static/data/seaWind_vo/2023/7/12/0.asc
ncols 137
nrows 93
xllcorner 108.0
yllcorner 17.0
cellsize 0.25
NODATA_value -32767
[rows 38 to 56 of 93, columns 44 to 87 of 137]
1.9681903861871566 1.68438637206234 1.6407926520243588 1.8783339428435626 2.469073332746002 2.9041208653699373 3.3089196942940484 3.5144329459016745 3.495749923028254 3.5633646724749184 4.927225342234617 6.2546096340033515 7.393384361526126 8.413833277517238 9.097098114030903 9.523248969096066 9.809721986488514 9.994772879710965 10.02146291238728 9.981427863372808 9.83285334814132 9.61577441570729 9.351543092211772 9.01613834824608 8.61133951932197 8.208320025909611 7.868466943164533 7.674519372383312 7.481461469357965 7.328438615347093 7.127373702518852 6.825776333276494 6.5944627167484295 6.528627302813518 6.494819928090186 6.513502950963607 6.629159759227639 6.715457531547724 6.624711420448254 6.428984514155276 6.181656878021423 5.90941854472301 5.692339612288981 5.533978751742845
1.9584040408725076 1.5829642478923427 1.535811856830853 1.8409678970967216 2.473521671525388 3.0642610614278274 3.5055362683429028 3.4930809197606223 3.146110494968527 2.9005621943464286 4.215491137532883 5.747499013153366 7.422743397470073 8.966316953916959 9.80438397995325 9.842639693455968 10.045483941795963 10.165589088839381 10.149575069233592 10.008117896049121 9.7323208917272 9.439620200043612 9.062401071551692 8.633581213218898 8.268817433309259 7.821314552103043 7.5775455869927 7.452992101169896 7.3524596447557755 7.19409878420964 7.01527556527833 6.82666600103237 6.740368228712285 6.779513609970881 6.8631423790233335 6.925419121934736 7.030399917128241 7.061538288583943 6.937874470517016 6.696774508674304 6.307989699355981 6.054434388930988 5.889845854093712 5.768851039294418
1.6025369385216406 1.753780457020759 1.747552782729619 1.7404354406826017 2.2279733709032894 2.929031562534498 3.2502016224061556 3.1710211921330873 2.6790349231330137 2.3569751955054787 3.4103418184640457 5.068682515419086 7.0134962297665755 9.203858244736162 10.107760684707365 10.09975367490447 10.08729832632219 10.127333375336663 9.984986534396317 9.811501322000268 9.463641229452296 9.088201436472131 8.67361626223337 8.195864677327332 7.830211229661815 7.546407215536998 7.399612035817267 7.2928519051120055 7.219009481374201 7.126484034762976 6.9885855326020145 6.985916529334384 6.977909519531488 7.065096959607452 7.117587357204204 7.177195096847974 7.251927188341657 7.240361507515253 7.091786992283765 6.96812317421684 6.782182613238511 6.598021387771938 6.406742820258346 6.091800434677829
1.4664177718724338 1.6505789973390077 1.8507542424113703 1.9005756367404918 2.324947156293901 2.7591050211619588 2.992197973201777 2.769781034232485 2.3427405114114443 2.3329541660967954 3.4699495581078157 5.344479519741009 7.74391345734173 9.808832318732637 9.944951485381843 9.893350755540968 9.874667732667547 9.726982885191937 9.54371132748124 9.326632395047211 8.933399246949504 8.549952444166443 8.217216703468383 7.81330754230015 7.529503528175333 7.431640075028843 7.30441758593841 7.19409878420964 7.096235331063152 7.088228321260257 7.104242340866046 7.1033526731101695 7.095345663307274 7.135380712321748 7.213671474838938 7.219899149130079 7.259934198144551 7.199436790744903 7.077552308189732 7.02773091386061 6.985916529334384 6.837342014102896 6.641615107809919 6.326672722229402
1.334746944002613 1.260014852508931 1.4601900975812936 1.7600081313118991 2.179041644330045 2.5304604079015265 2.5082187140045975 2.2858017750353055 2.2066213447622376 2.405906922078723 3.534005636530972 5.434335963084603 7.838218239464711 9.503676278466768 9.623781425510186 9.505455613978523 9.307059704417915 9.159374856942303 8.936068250217135 8.676285265501003 8.318638827638381 7.991241093475583 7.657615685021645 7.530393195931209 7.368473664361565 7.334666289638234 7.306196921450164 7.196767787477272 7.143387722124642 7.162070744998063 7.20655413279192 7.271499878970953 7.264382536923936 7.183422771139114 7.217230145862446 7.165629416021572 7.058869285316311 6.999261545672541 6.846238691661668 6.7439268997357935 6.662967133950971 6.585566039189658 6.388949465140804 6.267954650341508
1.2351041553443702 1.1247853536156014 1.1292336923949873 1.4468450812431362 1.7600081313118991 2.2155180223210094 2.1861589863770625 1.8872306204023341 1.8160571999321609 2.4192519384168807 3.6683454676684244 5.534868419498722 7.40495004235253 9.048166387457659 9.17005087001283 8.928950908170117 8.71454097900372 8.545504105387058 8.329314840708907 8.002806774301986 7.7625964802151515 7.443205755855248 7.322210941055953 7.20655413279192 7.26349286916806 7.315983266764812 7.291962237356129 7.305307253694286 7.259934198144551 7.290182901844375 7.280396556529725 7.3480113059763905 7.340004296173497 7.256375527121042 7.142498054368765 6.9832475260667515 6.870259721070351 6.789299955285529 6.632718430251147 6.473467901949135 6.306210363844227 6.227919601327036 6.038420369325199 5.934329241887571
1.344533289317262 1.2475595039266505 1.2528975104619136 1.3756716607729627 1.5660605605306768 2.0544881585072416 1.8178365354439152 1.5180185017133097 1.7039590626916377 2.518894727075123 3.985067188760696 6.1549668453451085 8.029496806978301 8.631801877707144 8.46632367511399 8.2243340455154 8.085545875598562 7.915619334226024 7.724340766712432 7.406729377864284 7.226126823421218 7.072214301654469 6.949440151343419 7.034848255907628 7.179864100115605 7.2572651948769185 7.323990276567708 7.337335292905864 7.324879944323584 7.334666289638234 7.284844895309112 7.328438615347093 7.321321273300075 7.1976574552331485 7.019723904057715 6.825776333276494 6.6887674988714085 6.607807733086586 6.5597656742692205 6.453005543563959 6.267064982585632 5.839134792008714 5.649635560006876 5.6549735665421395
1.467307439628311 1.4388380714402418 1.6452409908037446 1.8098295256410206 1.742214776194356 1.7342077663914615 1.5028941498633976 1.5758469058453255 1.9094723142992636 2.855189138796693 4.453922096107963 6.681650156824391 7.805300532497254 8.06152484618988 7.65316734624226 7.622918642542436 7.485909808137352 7.295520908379638 7.066876295119206 6.899618757014299 6.775065271191494 6.63805643678641 6.655849791903954 6.797306965088424 7.118477024960081 7.186091774406746 7.277727553262094 7.36669432884981 7.367583996605688 7.278617221017971 7.226126823421218 7.285734563064988 7.261713533656305 7.112249350668941 6.912963773352455 6.729692215641759 6.5642140130486055 6.472578234193257 6.422756839864135 6.490371589310801 6.215464252744756 5.618497188551176 5.278644105806098 5.316010151552939
1.3738923252612083 1.334746944002613 1.5927505932069916 1.8107191933968978 1.627447635686201 1.4192653808109439 1.3747819930170855 1.6132129515921667 2.38811356696118 3.507315603854657 5.077579192977858 6.428984514155276 7.199436790744903 7.228795826688851 7.155843070706922 7.032179252639995 6.899618757014299 6.736809557688776 6.588235042457288 6.403184149234837 6.291975679750193 6.267954650341508 6.32400371896177 6.5588760065133425 7.028620581616487 7.173636425824466 7.291962237356129 7.404060374596652 7.414736387667178 7.275058549994462 7.143387722124642 7.191429780942009 7.166519083777448 7.018834236301839 6.791968958553161 6.5989110555278145 6.525958299545888 6.46546089214624 6.4147498300612416 6.495709595846064 6.013509672160639 4.968150059004966 4.665663022006729 5.268857760491449
1.6541376683625164 1.286704885185246 1.0998746564510407 1.0527222653895507 0.9388447926372734 0.7235451957149988 0.8383123362231533 1.4504037522666449 2.64878621943319 4.301788909852968 5.905859873699502 6.634497765762902 6.694105505406672 6.399625478211329 6.42453617537589 6.393397803920189 6.4387708594699244 6.3773837843144 6.211905581721247 6.087352095898444 6.082903757119057 6.159415184124494 6.3462454128587 6.671863811509743 7.122035695983589 7.239471839759377 7.297300243891392 7.273279214482708 7.145167057636396 6.943212477052279 6.862252711267457 6.9280881252023665 6.941433141540525 6.848907694929299 6.7430372319799154 6.46546089214624 6.395177139431944 6.393397803920189 6.392508136164313 6.3845011263614175 5.626504198354071 4.506412493704716 4.3329272813086686 5.173663310612593
1.4139273742756808 1.026921900469113 0.6585994495359655 0.45130686241658524 0.4272858330079019 0.11412278293913891 0.5909847000893007 2.24665639377671 4.244850173476829 5.6104901787482815 5.671877253903807 5.906749541455378 5.80265841401775 5.759064693979768 6.152297842077477 6.376494116558524 6.40585315250247 6.232367940106422 5.9752539586579205 5.986819639484324 6.002833659090113 6.142511496762828 6.450336540296329 6.840011017370527 7.176305429092096 7.237692504247622 7.225237155665342 7.057089949804556 6.8382316818587725 6.656739459659832 6.606028397574832 6.703891850721321 6.731471551153513 6.628270091471762 6.557986338757466 6.4743575697050115 6.454784879075714 6.425425843131768 6.332900396520541 6.040199704836954 5.6905602767772265 5.027757798648737 5.043771818254526 5.6354008759128424
0.937065457125519 0.4868935726516721 0.16661318053589147 0.053625375539491316 0.14615082215071684 0.12479879600966459 1.2849255496734917 3.0553643838690556 4.855162254008566 5.659421905321526 5.4459016439110055 5.294658125411887 5.329355167891096 5.623835195086439 6.099807444480724 6.47791624072852 6.694105505406672 6.528627302813518 6.18877422006844 6.017958010940024 5.986819639484324 6.2199125915241416 6.689657166627287 6.960116164413945 7.17541576133622 7.183422771139114 7.0384069269311365 6.772396267923863 6.5935730489925515 6.54731032568694 6.487702586043168 6.557986338757466 6.601580058795447 6.523289296278255 6.367597438999752 6.363149100220365 6.40585315250247 6.38717012962905 6.183436213533177 5.836465788741082 5.539316758278108 5.374728223440832 5.368500549149692 5.648745892251
0.6443647654419307 0.19508254872396114 0.08654308250694642 0.18707553892106654 0.03939069144545648 0.5580669931218456 2.1808209798417995 4.127414029701043 5.694118947800735 5.542875429301617 5.156759623250926 4.853382918496812 4.96726039124909 5.399638920605392 6.197670897627212 6.70745052174483 6.944991812564034 6.791968958553161 6.535744644860536 6.360480096952735 6.340017738567559 6.517951289742992 6.853356033708685 7.007268555475434 7.034848255907628 6.995702874649032 6.836452346347018 6.662077466195093 6.5037166056489575 6.494819928090186 6.456564214587468 6.427205178643522 6.450336540296329 6.396956474943698 6.315107041402999 6.3195553801823845 6.196781229871336 6.138952825739319 5.8604868181497665 5.556220445639775 5.34714852300864 5.308892809505922 5.471702008831444 5.6905602767772265
0.5865363613099148 0.1399231478595766 0.03761135593370213 0.20308955852685573 0.12301946049791024 1.07496395928648 3.3240440461439604 5.24661606659452 5.633621540401088 5.392521578558375 4.732388103697517 4.328478942529283 4.584703256221907 5.653194231030385 6.468129895413872 6.966343838705086 7.129153038030607 7.018834236301839 6.912074105596579 6.737699225444654 6.659408462927463 6.790189623041407 6.874708059849738 6.880046066385001 6.87381839209386 6.703891850721321 6.544641322419308 6.541972319151677 6.4191981688406266 6.410301491281855 6.429874181911153 6.396066807187822 6.253719966247473 6.184325881289055 6.1345044869599334 6.029523691766428 5.90319087043187 5.669208250636174 5.393411246314253 5.283982112341361 5.1763323138802235 5.248395402106274 5.493054034972495 5.703905293115384
0.7404488830766649 0.29383566962632646 -0.09405947193611874 -0.0237757192218222 0.5607359963894769 2.262670413382499 4.400542030755334 5.195905004509521 5.584689813827843 5.0517788280574205 4.227056818359285 3.8649620417172783 4.5224265133105055 5.593586491386615 6.765278925876846 7.2626032014121815 7.319541937788321 7.2528168560975335 7.14694639314815 6.982357858310875 6.903177428037807 6.844459356149914 6.8337833430793875 6.759940919341583 6.612256071865973 6.442329530493433 6.323114051205893 6.325783054473525 6.297313686285455 6.307100031600104 6.315996709158876 6.131835483692302 5.987709307240201 5.845362466299854 5.7955410719707325 5.612269514260036 5.449460314934514 5.2163673628946965 5.179890984903732 5.10515889341005 5.119393577504085 5.283982112341361 5.509068054578284 5.525082074184073
0.8454296782701707 0.4966799179663208 0.09810876333334972 0.4157201521814986 1.5883022544276058 3.5998410504658827 4.828472221332252 5.5606687844191605 5.373838555684955 4.8169065405058475 3.840051344552718 3.5535783271602694 4.244850173476829 5.673656589415561 6.87381839209386 7.473454459555072 7.496585821207878 7.416515723178932 7.219009481374201 7.051751943269293 6.883604737408509 6.807093310403072 6.731471551153513 6.595352384504306 6.433432852934661 6.3044310283324725 6.189663887824318 6.152297842077477 6.162973855148003 6.1692015294391425 6.034861698301691 5.843583130788099 5.5668964587103 5.402307923873025 5.372059220173201 5.203022346556539 5.042882150498649 4.978826072075492 4.964591387981457 5.066013512151455 5.112276235457068 5.258181747420924 5.342700184229255 5.354265865055657
0.7004138340621924 0.38102310970228914 0.8561056913406968 1.5082321563986607 3.2181735831945772 4.6371936538186596 5.466364002296181 5.431666959816971 5.177221981636102 4.624738305236379 3.557136998183778 3.247532619138524 4.030440244310432 5.526861409695828 6.938764138272893 7.585552596795594 7.553524557584016 7.396053364793758 7.1985471229890265 6.973461180752103 6.801755303867809 6.637166769030534 6.505495941160712 6.3800527875820325 6.246602624200457 6.132725151448179 6.0846830926308115 6.0748967473161635 5.977033294169675 5.896073528384853 5.73949200335047 5.5063990513106535 5.224374372697591 4.952136039399178 4.898755974046548 4.814237537238217 4.732388103697517 4.680787373856641 4.75018145881506 4.898755974046548 4.989502085146018 5.082917199513121 5.106938228921805 5.055337499080929
0.460203539975357 0.5055765955250926 1.3907960126228747 3.1728005276448417 4.870286605858478 5.405866594896533 5.38807323977899 5.183449655927241 4.894307635267161 4.402321366267088 3.332940723702732 2.958390598478444 3.8382720090409634 5.375617891196709 6.791968958553161 7.4280814040053365 7.424522732981828 7.235913168735868 6.992144203625523 6.703002182965443 6.482364579507907 6.3773837843144 6.267064982585632 6.1247181416452845 6.0597723954662515 6.008171665625376 5.964577945587394 5.875611169999678 5.656752902053894 5.552661774616266 5.349817526276271 5.100710554630664 4.847155244205672 4.622069301968748 4.518867842286997 4.480612128784278 4.465487776934367 4.496626148390067 4.58381358846603 4.680787373856641 4.723491426138745 4.773312820467867 4.777761159247253 4.759967804129709
0.4610932077312342 0.639916426662545 1.8667682620171595 3.9121144327787682 5.203912014312416 5.074910189710227 4.924556338966985 4.763526475153218 4.593599933780679 4.242181170209197 3.2172839154387 2.8062574122234487 3.5802683598365848 4.9619223847138265 6.232367940106422 6.877377063117368 6.979688855043243 6.797306965088424 6.665636137218602 6.445888201516942 6.21724358825651 6.082903757119057 6.007281997869498 5.922763561061167 5.887176850826081 5.807996420553013 5.7003466220918755 5.5660067909544235 5.286651115608993 5.108717564433559 4.937901355305143 4.7475124555474295 4.52420584882226 4.308016584144108 4.265312531862004 4.346272297646826 4.383638343393667 4.403211034022965 4.437018408746297 4.480612128784278 4.462818773666735 4.499295151657699 4.538440532916294 4.598937940315942
