static/data/seaWind_vo/2023/7/12/12.asc
ncols 137
nrows 93
xllcorner 108.0
yllcorner 17.0
cellsize 0.25
NODATA_value -32767
[rows 0 to 18 of 93, columns 0 to 43 of 137]
-2.5379767973306984 -2.7933114432674455 -3.3110980771879572 -4.0290599561808325 -4.12692340932732 -3.844898730714258 -3.5175009965514605 -3.659847837491807 -3.7959670041410143 -3.669634182806456 -3.315546415967343 -2.715020680750255 -2.2257034150178128 -1.8200149183378245 -1.4605891449634485 -1.4089884151225727 -1.4267817702401158 -1.892967674319752 -1.4774928323251144 -1.0353279576541623 -0.3218144174406734 -0.3707461440139177 -0.25064099697050013 -0.06914877477155779 0.32052570230264177 0.460203539975357 0.5811983547746518 0.6692754626064914 0.624792074812633 0.4717692208017603 0.23867626876194237 -0.31558674314953317 -1.029100283363022 -1.7648555174734395 -2.0860255773450977 -1.9116506971931728 -1.437457783310642 -1.3876363889815204 -1.5397695752365164 -1.7283791394824761 -1.4178850926813444 -1.0362176254100395 -0.7399582627029422 -0.651881154871103
-3.1233781806978747 -3.1874342591210314 -3.6429441501301407 -4.140268425665479 -4.67673808245941 -4.45699014675775 -4.3680233711700325 -4.471224830851785 -4.900044689184579 -4.696310773088708 -4.141158093421355 -3.2666146893940993 -2.739931377914816 -2.3591535783993876 -2.092253251636237 -2.1198329520684296 -1.862718970619928 -1.2319445317030162 -0.25686867126164037 0.0046936489662470215 -0.05580375843340013 -0.09761814295962701 0.3347603863966764 0.8303053264202589 1.0972056531834091 0.9103754244492039 0.9388447926372734 0.8543263558289425 0.5909847000893007 0.13369547356843636 -0.4899616233014581 -1.2871039325674007 -2.322677200408424 -2.844912173108322 -2.8119944661408662 -2.4054163017050008 -1.9614720915222938 -1.7951042211732635 -1.7354964815294935 -1.6794474129092314 -1.4125470861460814 -1.1874611439091578 -1.0059689217102155 -0.9552578596252168
-3.9578865357106587 -4.2488078918824925 -4.750580506197215 -5.0023564811104535 -4.95609375780484 -4.70520745064748 -4.538839580298449 -4.507701208842748 -4.609123333012745 -4.415175762231522 -3.868919760122942 -2.960568981372353 -2.5397561328424527 -2.1287296296272014 -1.7168134586560728 -1.2773175872527518 -0.6207427834154018 0.27693198226466054 1.3196225921527012 1.0936469821599006 0.6390267589066678 0.27693198226466054 0.7004138340621924 1.0358185780278846 1.1594823960948109 0.9166030987403442 0.6630477883153514 0.3374293896643079 -0.1287565144153282 -0.6207427834154018 -1.2132615088295955 -1.9792654466398374 -3.014838714480861 -3.1269368517213834 -2.8591468572023566 -2.360932913911142 -1.907202358413787 -1.7550691721587905 -1.698130435782652 -1.5815839597627432 -1.3075662909525754 -1.0655766613539859 -0.8556150709669743 -0.5219896625130365
-4.35645769034363 -4.744352831906076 -5.4516386978284235 -5.812843806714554 -5.916045266396305 -5.827078490808589 -5.6064408873510505 -5.215876742520974 -4.59488864891871 -4.162510119562407 -3.4587829246635677 -2.6491852668153446 -2.2986561709997404 -1.83691860569949 -1.3493806754788022 -0.642094809556454 -0.3458354468493572 0.23155892671492495 0.6746134691417545 1.207524454912178 1.0785226303099886 0.9673141608253426 0.7013035018180696 0.6514821074889481 0.3294223798614133 0.11145377967150738 -0.10918382378603031 -0.5824870699126836 -1.1812334696180176 -1.9232163780195752 -2.4232096568225443 -3.0077213724338434 -3.229248643647258 -2.960568981372353 -2.631391911697801 -2.158088665571148 -1.665212728815197 -1.4134367539019586 -1.0175346025366188 -0.34761478236111154 0.03227334939843951 0.36945742887588584 0.6016607131598266 1.1319026956626188
-4.515708218645642 -4.916058708790368 -5.4614250431430715 -5.922272940687446 -6.2407739972914715 -6.374224160673046 -6.173159247844806 -5.731884040929732 -4.826202265446774 -3.948989858151887 -3.2070069497503284 -2.4926037417809632 -2.206130724388515 -1.7604071786940536 -1.2755382517409974 -0.689247200617944 -0.3787531538168123 0.0046936489662470215 0.5491703155630738 1.0980953209392863 1.0242528972014815 0.7297728700061388 0.7164278536679813 0.5313769604455305 0.2413452720295739 0.1203504572302787 -0.41700886731953046 -1.0077482572219698 -2.167875010885797 -2.9320996131842842 -3.2621663506147134 -3.1313851905007692 -3.0175077177484924 -2.7924217755115683 -2.4748103866634197 -2.0335351797483443 -1.553114591574674 -0.6554398258946112 -0.005982364104279103 1.6906140463534802 1.9592937086283848 2.2422080549973242 2.35341652448197 2.7430910015561696
-4.868906317728879 -5.150041328586063 -5.127799634689135 -5.590426867745261 -6.047716094266127 -6.6251104678304085 -6.41425920968752 -5.731884040929732 -4.649158382027219 -3.72479358367084 -2.846691508620076 -2.142074645965359 -1.9881621241986092 -1.7595175109381764 -1.2986696133938036 -0.769317298646889 -0.2524203324822545 0.1479301576624712 0.8267466553967502 0.863223033387714 0.7982772872086807 0.4966799179663208 0.4860039048957949 0.3027323471850982 0.04028035920133366 -0.16790189567392355 -0.8413803868729395 -1.7559588399146677 -2.8324568245260413 -3.270173360417608 -3.2025586109709434 -3.059322102274719 -2.9427756262548104 -3.039749411645421 -2.721248355041395 -1.982824117663346 -1.2337238672147706 -0.3040210623231303 1.1221163503479699 2.9503835886755496 3.06337139367195 2.8898861812759025 2.957500930722567 3.3035816877587854
-5.240787439685535 -5.267477472361849 -5.300395179329305 -5.592206203257016 -6.016577722810425 -6.5405920310220775 -6.059281775092529 -5.356444247949566 -4.110909389721531 -3.3235534257702377 -2.4427823474518413 -1.9632514270340482 -1.9605824237664167 -1.7310481427501077 -1.041555631945302 -0.49529962983672116 0.027825010619053625 0.3605607513171143 0.8463193460260479 0.71998652469149 0.77336659004412 0.5491703155630738 0.5580669931218456 0.10878477640387585 -0.15544654709164307 -1.003299918442584 -1.7790902015674743 -2.696337657876834 -2.9676863234193704 -3.0272940630631413 -2.9721346621987563 -3.0326320695984035 -3.0086110401897206 -3.1180401741626116 -2.5593288234717506 -1.7461724946000188 -0.6830195263268037 0.3739057676552717 1.806270854617512 3.26443630650019 3.1710211921330873 2.9966463119811624 2.7733397052559936 3.051805712845547
-5.954300979899024 -5.587757864477631 -5.676724640065347 -5.956969983166655 -6.079744133477703 -6.276360707526559 -5.658931284947803 -4.655386056318358 -3.3484641229347987 -2.8226704792113924 -2.6491852668153446 -2.2853111546615827 -2.271966138323425 -1.5166382135837098 -0.7666482953792575 -0.17146056669743226 0.30184267942922105 0.7778149288235059 0.6648271238271057 0.3125186924997472 0.3970371293080781 0.3925887905286922 0.3792437741905348 -0.18035724425620403 -1.0024102506867067 -1.9249957135313296 -2.6331712472095554 -2.9276512744048984 -3.0433080826689296 -2.9196442646020038 -2.886726557634548 -2.926761606649021 -2.9899280173163 -2.891174896413934 -2.2390484313559704 -1.041555631945302 0.34632606722307946 1.195958774085775 1.7911465027676001 2.8418441224585353 2.80269874119994 2.6416688773861727 2.3987895800317056 2.5891784797894197
-6.508563991810499 -5.9053692533257784 -5.83597516836736 -5.9863290191106024 -6.044157423242618 -5.882237891672974 -5.268367140117727 -4.295960282943982 -2.995266023851563 -2.690999651341571 -2.750607390985342 -2.89562323519332 -2.731034700356044 -1.7132547876325641 -0.8600634097463602 -0.17501923772094097 0.2262209201796619 0.71998652469149 0.4860039048957949 0.18262720014168066 0.2511316173442224 -0.07537644906269803 -0.4792856102309324 -1.1127290524154758 -1.9098713616814185 -2.521073109969032 -2.894733567437443 -3.1589648909329617 -3.179427249318137 -2.894733567437443 -2.825339482479024 -2.779966426929288 -2.826229150234901 -2.5424251361100842 -1.5086312037808156 -0.23017863858532506 0.9931145257457805 1.5865229189158514 1.9165896563462808 2.0464811487043475 2.203062673738729 2.1309995855126784 2.114095898151012 2.1728139700389053
-6.388458844767081 -5.916045266396305 -5.812843806714554 -5.992556693401742 -6.226539313197437 -6.126896524539195 -5.416051987593336 -4.413396426719768 -3.3564711327376933 -3.1580752231770846 -3.1927722656562945 -3.010390375701475 -2.646516263547713 -1.7354964815294935 -0.8707394228168859 -0.15900521811515178 0.1514888286859799 -0.030893061268839617 -0.16790189567392355 -0.12697717890357385 0.021597336327913386 -0.33960777255821695 -0.7568619500646085 -1.4063194118549411 -2.450789357254736 -3.1073641610920864 -3.4107408658462 -3.399175185019797 -3.330670767817255 -3.011280043457352 -2.8831678866110395 -2.8084357951173575 -2.605591546777363 -1.7995525599526494 -0.7728759696703977 0.12657813152141895 0.9513001412195536 1.4779834526988371 1.8374092260732129 1.9726387249665422 2.001108093154612 2.1176545691745208 2.093633539765837 2.19950400271522
-5.980991012575339 -5.86444453655543 -5.91159692761692 -6.091309814304108 -6.3653274831142745 -6.060171442848407 -5.287050162991147 -4.439196791640207 -3.748814613079524 -3.559315381077687 -3.2025586109709434 -2.781745762441042 -2.251503779938251 -1.1821231373738947 -0.3333800982670767 0.02960434613080798 -0.2639860133086578 -0.5210999947571593 -0.46238192286926605 -0.2960140525202357 -0.1385428597299767 -0.46238192286926605 -0.8173593574642561 -1.5255348911424815 -2.924982271137267 -3.4908109638751452 -3.6233714595008437 -3.519280332063215 -3.3475744551789215 -3.28529771226752 -3.1313851905007692 -2.7523867264970963 -2.0984809259273773 -1.2150408443413498 -0.34405611133760283 0.39080945501693787 0.9068167534256952 1.4477347489990133 1.8979066334728603 2.1763726410624136 2.2422080549973242 2.538467417704421 2.817823093049852 3.1203101300480887
-6.337747782682083 -6.494329307716464 -6.486322297913571 -6.459632265237255 -6.487211965669447 -5.9667563284813045 -5.338650892832023 -4.780829209897039 -4.4276311108138025 -3.630488801547861 -3.065549776565859 -2.7221380227972722 -2.6233849018949065 -1.347601339967048 -0.4864029522779494 -0.2630963455527806 -0.9036571297843414 -0.8849741069109207 -0.642094809556454 -0.46683026164865193 -0.6616675001857515 -1.0193139380483731 -1.3031179521731895 -1.9427890686488731 -3.3867198364375164 -3.8626920858318017 -3.9819075651193416 -3.86002308256417 -3.594902091312774 -3.5433013614718987 -3.2586076795912047 -2.715910348506132 -1.941899400892996 -0.891201781202061 0.00825231998975573 0.7119795148885955 1.165710070385951 1.4957768078163804 1.7262007565885669 1.8925686269375972 2.119433904686275 2.5509227662867016 2.8889965135200253 3.280450326105979
-6.566392395942515 -6.616213790271637 -6.586854754327691 -6.454294258701992 -6.322623430832172 -5.68206264660061 -5.034384520322032 -4.525494563960292 -4.4632178210488895 -4.046853311298376 -3.5815570749746164 -3.2719526959293623 -3.025514727551387 -1.9801551143957146 -1.3173526362672243 -1.0807010132038979 -1.0282106156071449 -1.0317692866306536 -1.0157552670248644 -0.891201781202061 -0.42056753834303917 -0.4036638509813728 -0.5771490633774206 -1.26842090969398 -2.820891143699638 -4.002369923504517 -4.238131878811966 -4.135820086886092 -3.8279950433525918 -3.6020194333597915 -3.0566530990070873 -2.332463545723073 -1.0522316450158282 0.2520212851000996 1.0491635943660422 1.372112989749454 1.4014720256934006 1.5447085343896245 1.5367015245867301 1.5989782674981319 1.7030693949357605 1.9521763665813676 2.1870486541329397 2.289360446058814
-6.785250663888299 -6.650021164994969 -6.312837085517522 -6.095758153083493 -5.488115075819387 -4.8822513340670355 -4.352899019320121 -4.198986497553371 -4.19631749428574 -4.115357728500918 -3.7719459747323305 -3.3867198364375164 -3.300422064117431 -2.556659820204119 -2.102039596950886 -1.93745106211361 -1.3751810403992404 -1.0993840360773182 -0.8894224456903066 -0.6910265361296983 0.23244859447080213 0.2413452720295739 -0.13587385646234562 -1.3351459913847679 -2.949892968301827 -4.195427826529862 -4.445424465931346 -4.258594237197141 -3.8128706915026798 -3.4320928919872524 -2.731924368111921 -1.505962200513184 -0.19281259283848406 0.9859971836987633 1.5509362086807648 1.8027121835940032 1.9575143731166305 2.1772623088182907 2.171924302283028 2.034025800122067 1.8658785942612823 1.9023549722522461 1.9584040408725076 2.066053839333645
-6.884003784790664 -6.805713022273473 -6.46141160074901 -5.904479585569902 -5.18562803882115 -4.7630358547794955 -4.64559971100371 -4.520156557425029 -4.5833229680923075 -3.880485440949345 -3.4116305336020774 -2.550432145912979 -2.5531011491806104 -1.87784332246984 -1.7363861492853707 -1.5575629303540595 -1.0130862637572329 -0.9997412474190752 -0.7666482953792575 -0.30935906885839337 0.597212374380441 0.4646518787547429 -0.39743617669023257 -1.6296260185801104 -3.3582504682494476 -4.280835931094071 -4.5486259256130985 -4.295960282943982 -3.854685076028907 -3.259497347347082 -2.0931429193921143 -0.8351527125817992 0.6105573907185984 1.3623266444348052 1.9237069983932982 2.1176545691745208 2.2244146998797807 2.468183664990125 2.9174658817080945 2.8756514971818676 2.7964710669087998 2.442383300069687 2.420141606172758 2.187938321888817
-6.738987940582685 -6.698952891568213 -6.358210141067257 -5.797719454864643 -5.080647243627645 -5.012142826425102 -4.897375685916948 -4.868906317728879 -4.751470173953091 -3.81909836579382 -2.9125269225549864 -2.056666541401151 -1.6385226961388821 -0.9125538073431128 -0.7702069664027662 -0.7008128814443468 -0.2630963455527806 -0.2728826908674291 -0.1616742213827833 0.2929460018704493 0.4824452338722862 -0.00687203186015628 -0.8698497550610087 -2.0904739161244827 -3.7959670041410143 -4.568198616242396 -4.478342172898802 -4.220338523694423 -3.615364449697949 -2.566446165518768 -1.4036504085873096 -0.4970789653484755 0.8365330007113991 1.599867935254009 1.9877630768164543 2.179041644330045 1.8427472326084757 1.7991535125704945 2.255553071335482 3.0179983381222146 3.17013152437721 2.8525201355290615 2.509998049516352 2.2760154297206565
-6.56194405716313 -6.260346687920769 -5.918714269663937 -5.1571586706330805 -4.537949912542572 -4.589550642383447 -5.0575158819748385 -5.028156846030891 -4.593109313406956 -3.6260404627684752 -2.715910348506132 -2.0184108278984323 -1.2657519064263485 -0.4686095971604063 -0.011320370639541721 0.0580737143188772 0.4940109146986893 0.736000544297279 0.847209013781925 0.6666064593388599 0.35789174804948276 -0.25331000023813166 -0.8929811167138153 -2.1189432843125524 -3.689206873435754 -4.1589514485388985 -4.0682053374394265 -3.2879667155351515 -2.5931361981950833 -1.6064946569273038 -0.9881755665926724 -0.07804545233032956 0.8516573525613109 1.6390133165126044 2.027798125830927 2.2573324068472362 1.832960887293827 1.642571987536113 1.89167895918172 2.655903561480207 2.9263625592668663 2.7164009688798547 2.3720995473553907 2.341850843655567
-6.299492069179365 -5.737222047464995 -4.825312597690898 -3.989024907166359 -3.8164293625261885 -3.988135239410482 -4.5228255606926595 -4.4632178210488895 -4.039735969251359 -3.174978910538751 -2.9383272874754245 -2.2986561709997404 -1.156322772453457 -0.3262627562200593 0.18618587116518936 0.624792074812633 1.1247853536156014 1.4566314265577849 1.5224668404926955 1.3596576411671737 0.618564400521493 -0.09583880744787265 -0.6696745099886461 -1.1910198149326665 -2.661640615397625 -2.9730243299546335 -2.4694723801281566 -1.627846683068356 -0.8315940415582905 -0.6234117866830333 -0.011320370639541721 0.4192788232050073 1.2190901357385813 1.8872306204023341 2.40056891554346 2.670138245574242 2.7635533599413447 2.566047118136613 2.745760004823801 2.429927951487407 2.473521671525388 2.2226353643680263 2.336512837120304 2.35341652448197
-5.492563414598774 -4.7025384473798475 -3.868919760122942 -3.7319109257178575 -3.9463208548842554 -4.043294640274867 -3.829774378864346 -3.5717707296599674 -2.804877124093849 -2.7123516774826233 -2.535307794063067 -2.0495491993541335 -0.9000984587608327 -0.12608751114769667 0.44774819139307676 0.9575278155106939 1.2582355169971766 1.2609045202648081 1.2831462141617374 1.2324351520767387 0.9041477501580637 0.15326816419773426 -0.29868305578786725 -0.828925038290659 -1.1492054304064396 -0.9428025110429368 -0.5255483335365447 -0.10028714622725854 0.8080636325233297 0.8872440627963976 0.9566381477548167 1.1674894058977054 1.7608977990677763 2.3445198469231987 2.882768839228885 3.1283171398509833 3.4316938446050975 3.2457532836267697 2.835616448167395 2.2377597162179383 1.7181937467856723 1.790256835011723 2.0100047707133832 2.132778921024433
