static/data/seaWind_vo/2023/7/12/18.asc
ncols 137
nrows 93
xllcorner 108.0
yllcorner 17.0
cellsize 0.25
NODATA_value -32767
[rows 0 to 18 of 93, columns 88 to 131 of 137]
1.2315454843208615 1.0874193078687604 0.9477414701960449 0.8427606750025392 0.7609112414618397 0.5322666282014077 0.2867183275793095 0.02337667183966774 -0.23106830634120223 -0.43302288692531965 -0.61184610585663 -0.7381789271911883 -0.9000984587608327 -1.0976047005655638 -1.2621932354028398 -1.2399515415059108 -1.1500950981623168 -1.0353279576541623 -1.0477833062364423 -1.156322772453457 -1.3235803105583646 -1.6136119989743212 -1.659874722279934 -1.4650374837428344 -1.146536427138808 -0.754192946796977 -0.33515943377883106 0.34988473824658817 0.6345784201272819 0.7964979516969264 0.8587746946083281 0.4797762306046547 0.10611577313624432 -0.2586480067733947 -0.9534785241134625 -1.2274961929236303 -1.3280286493377504 -1.400091737563801 -1.2008061602473155 -0.7604206210881173 0.29828400840571234 1.1932897708181434 1.6648136814330423 1.5749572380894483
1.6612550104095336 1.4415070747078733 1.212862461447441 1.0714052882629714 0.8676713721670999 0.6256817425685102 0.3828024452140435 0.1363644768360679 -0.003313360836647572 -0.1136321625654162 -0.19992993488550148 -0.2586480067733947 -0.3787531538168123 -0.5673627180627716 -0.7141578977825045 -0.7381789271911883 -0.7097095590031186 -0.7043715524678555 -0.7426272659705737 -0.7737656374262749 -0.7942279958114495 -0.8547254032110971 -0.7613102888439944 -0.5602453760157546 -0.3582907954316372 -0.0531347551657686 0.3045116826968526 0.603440048671581 0.5091352665486013 0.38102310970228914 0.18796520667694372 -0.17235023445330944 -0.4935202943249668 -0.7648689598675031 -1.1073910458802128 -1.0895976907626692 -1.1518744336740712 -1.2764279194968746 -0.5282173368041763 0.528707957177899 1.3890166771111203 1.589191922183483 1.2155314647150726 1.2368834908561246
2.2430977227532014 2.057157161774873 1.8418575648525985 1.5660605605306768 1.1781654189682316 0.8409813394907848 0.6114470584744756 0.460203539975357 0.45931387221947984 0.5002385889898295 0.5224802828867587 0.4717692208017603 0.3650090900965002 0.20842756506211835 0.08298441148343771 -0.013989373907173253 -0.09494913969199592 -0.1171908335889249 -0.15900521811515178 -0.16790189567392355 -0.1251978433918195 -0.01754804493068196 0.042059694713088014 0.09632942782159537 0.17995819687404913 0.2662559691941344 0.27960098553229207 -0.010430702883664544 -0.17946757650032685 -0.41433986405189893 -0.7177165688060132 -0.9232298204136389 -1.0504523095040739 -1.0904873585185464 -1.0922666940303007 -1.0815906809597746 -0.8680704195492543 -0.43658155794882836 1.4913284690369946 2.136337592047941 2.1523516116537302 1.424603387346207 0.7164278536679813 0.6025503809157038
2.5349087466809124 2.395230909008197 2.2164076900768865 2.002887428666366 1.6167716226156752 1.2778082076264743 1.0295909037367446 0.9557484799989395 0.9521898089754308 0.9931145257457805 1.0046802065721838 1.0153562196427097 0.9762108383841144 0.8329743296878904 0.714648518156227 0.5518393188307054 0.42105815871676167 0.40326480359921835 0.41749948769325296 0.43262383954316475 0.47710722733702315 0.3223050378143961 0.2475729463207137 0.01447999428089597 -0.2630963455527806 -0.41700886731953046 -0.7506342757734683 -1.056679983795214 -1.2524068900881913 -1.5397695752365164 -1.8636086383758053 -1.6616540577916883 -1.505072532757307 -1.4178850926813444 -1.0193139380483731 -0.6100667703448757 0.03672168817782495 1.5722882348218168 3.3044713555146625 3.166572853353702 2.048260484216102 1.5909712576952373 0.9966731967692892 0.5829776902864061
2.6247651900245064 2.4824183490841594 2.3276161595615323 2.1016405495687316 1.7991535125704945 1.5411498633661158 1.2822565464058602 1.1674894058977054 1.0722949560188486 1.069625952751217 1.0509429298777966 1.069625952751217 1.0304805714926215 0.9406241281490277 0.8623333656318368 0.7075311761092098 0.5847570257981605 0.5954330388686866 0.5304872926896533 0.3676780933641315 0.2822699887999236 -0.09405947193611874 -0.5380036821188252 -0.8431597223846938 -1.2808762582762605 -1.5540042593305508 -1.857380964084665 -2.0344248475042215 -2.23282075706483 -2.4205406535549128 -2.1545299945476395 -1.6536470479887937 -1.3867467212256432 -0.6839091940826809 0.26803530470588877 0.9432931314166593 2.5242327336103862 4.395204024220071 5.7208089804770506 3.7172771942416682 2.048260484216102 1.0287012359808674 1.1212266825920927 0.8125119713027156
2.537577749948544 2.480639013572405 2.3445198469231987 2.104309552836363 1.9503970310696133 1.6915037141093574 1.4877697980134859 1.3285192697114727 1.2199798034944584 1.037597913539639 0.9406241281490277 0.8979200758669237 0.7253245312267531 0.6025503809157038 0.4868935726516721 0.28849766309106384 0.15059916093010273 0.1479301576624712 -0.09939747847138136 -0.2702136875997976 -0.5851560731803152 -1.1723367920592458 -1.6145016667301983 -1.9650307625458026 -2.356484575131756 -2.5691151687863996 -2.5397561328424527 -2.620715898627275 -2.520183442213155 -1.977486111128083 -1.6011566503920407 -0.8200283607318877 0.5046869277692154 1.3276296019555955 2.2858017750353055 2.8952241878111655 4.479722461028402 6.082014089363181 6.267064982585632 4.28221621922367 1.7466631149737417 0.56607400292474 0.7271038667385075 1.144358044244899
2.4174726029051263 2.3605338665289874 2.24042871948557 2.0322464646103127 1.8792236105994398 1.7831394929647058 1.6229992969068154 1.4744247816753284 1.2724702010912112 1.0874193078687604 0.8676713721670999 0.5963227066245638 0.42194782647263884 0.0989984310892269 -0.15188787606813436 -0.35117345338462025 -0.5415623531423339 -0.6429844773123312 -0.9009881265167099 -1.2746485839851203 -1.6233983442889701 -2.122501955336061 -2.22659308277369 -2.536197461818944 -2.7390417101589386 -2.5077280936308752 -2.477479389931051 -2.110936274509658 -1.2266065251677531 -0.6812401908150494 0.19330321321220678 1.4859904625017315 2.7742293730118703 3.0384606965073893 3.3943277988582565 4.138979710527446 4.859610592787952 6.181656878021423 5.267078424979695 3.751084568965001 1.2066347871563008 0.8810163885052573 0.6843998144564034 1.101653991962795
2.3124918077116203 2.0918542042540826 1.9904320800840858 1.8365195583173357 1.6923933818652346 1.6817173687947085 1.647020326315499 1.5509362086807648 1.3890166771111203 1.2093037904239323 0.9166030987403442 0.608778055206844 0.28849766309106384 -0.1465498695328713 -0.4650509261368976 -0.7194959043177676 -0.9525888563575857 -1.1634401145004745 -1.5121898748043239 -1.7790902015674743 -1.9890517919544863 -2.0139624891190464 -1.9588030882546623 -1.8716156481786999 -1.8164562473143158 -1.3742913726433632 -0.8244766995112731 -0.23017863858532506 0.7973876194528036 1.6710413557241823 2.511777385028106 3.991294863051836 4.196808114659462 3.6176344055834257 3.4041141441729055 4.574916910907259 5.60782117548065 4.8720659413702325 2.940597243360901 1.2680218623118253 1.250228507194282 1.3231812631762099 0.9201617697638529 1.1719377446770913
2.1479032728743443 1.8552025811907562 1.7413251084384789 1.6283373034420783 1.4548520910460305 1.5002251465957661 1.5180185017133097 1.5011148143516433 1.3988030224257693 1.2858152174293689 1.1105506695215668 0.7795942643352602 0.5402736380043021 0.10878477640387585 -0.277331029646815 -0.4401402289723366 -0.7079302234913643 -0.9401335077753052 -0.8867534424226751 -1.023762276827759 -0.9250091559253932 -0.6251911221947877 -0.3627391342110231 -0.02733439024533091 0.3045116826968526 0.9281687795667473 1.5402601956102386 2.3907825702288115 3.2573189644531726 3.8880934033700845 4.801782188655936 5.106938228921805 4.831141224599882 3.3240440461439604 3.492191252004745 4.67811837058901 5.264409421712063 3.630979421921583 1.5963092642305003 0.6728341336300001 1.2493388394384048 0.9486311379519221 1.0500532621219194 1.514459830689801
1.8658785942612823 1.6719310234800595 1.5811849123805886 1.5651708927747996 1.3489816280966478 1.3427539538055075 1.287594552941123 1.2698011978235797 1.2466698361707733 1.2110831259356867 1.0794122980658658 1.0082388775956925 0.8712300431906086 0.5625153319012313 0.6150057294979843 0.5215906151308816 0.47087955304588314 0.6870688177240347 0.8347536651996448 1.1185576793244612 1.488659465769363 1.9592937086283848 2.194165996179957 2.5393570854602983 2.8320577771438864 3.2244012574857175 3.805354302073508 4.195028779147708 4.83203089235576 5.136297264865751 5.479709018634338 5.55444111012802 5.436115298596357 4.775981823735498 4.674559699565501 4.243960505720952 3.4254661703139577 2.208400680273992 1.4628591008489251 0.8872440627963976 0.8863543950405204 0.7804839320911374 1.1514753862919165 1.609654280568658
1.408589367740418 1.3685543187259452 1.4966664755722574 1.5696192315541855 1.4788731204547143 1.3329676084908586 1.244890500659019 1.1879517642828803 1.148806383024285 1.0109078808633238 1.0020112033045523 1.0553912686571822 1.1514753862919165 1.3125052501056838 1.6069852773010265 1.9370520147314556 2.129220250000924 2.596295821836437 2.939707575605024 3.3000230167352766 3.7679882563266673 3.841830680064472 3.9325767911639433 3.9672738336431523 3.9646048303755212 4.258195189814987 4.6274073085040115 4.816016872749971 4.485060467563665 5.362272874858552 5.806217085041259 5.762623365003277 5.538427090522231 4.459260102643226 3.2252909252415947 2.212849019053378 1.8979066334728603 1.3907960126228747 0.9103754244492039 0.49934892123395236 0.2671456369500116 0.4281755007637791 0.7991669549645579 1.1479167152684078
0.6879584854799119 0.7706975867764887 1.0571706041689366 1.3418642860496304 1.531363518051467 1.4530727555342764 1.3516506313642793 1.2573458492412994 1.195958774085775 1.1132196727891983 1.1585927283389337 1.2964912304998948 1.5384808600984845 2.0269084580750496 2.4459419710931956 2.8365061159232723 3.15767617579493 3.6292000864098286 3.9076660939993824 4.135421039503937 4.38897634992893 4.114958681118763 4.11584834887464 4.097165326001219 3.846279018843858 4.540219868428048 4.7617471396414635 4.420114721384631 3.1861455439829993 5.041992482742772 5.592696823630739 5.009964443531193 3.411231486219923 1.717304079029795 0.7217658602032444 0.4059338068668499 1.0349289102720074 1.0500532621219194 0.6577097817800883 0.09721909557747255 -0.45793358408988016 -0.4899616233014581 -0.44992657428698557 -0.2150542867354135
-0.04156907433936574 0.03761135593370213 0.39970613257570964 0.9112650922050811 1.2884842206970002 1.4664177718724338 1.7012900594240061 1.7866981639882142 1.9219276628815438 2.066053839333645 2.109647559371626 2.2003936704710974 2.3978999122758284 2.7991400701764313 3.0455780385544067 3.316037036341066 3.556247330427901 3.7679882563266673 3.9548184850608723 3.9993018728547307 4.08115130639543 3.7590915787678956 3.6968148358564936 3.6781318129830733 3.5313366332633405 4.5126401679958565 4.474384454493139 3.6727938064478103 2.5722747924277534 4.0882686484424475 3.3382787302379953 2.018011780516278 1.048273926610165 1.1612617316065652 0.476217559581146 0.02337667183966774 -0.21950262551479938 -0.6901368683738212 -0.5130929849542647 -0.562024711527509 -1.118956726706616 -1.253296557844068 -1.0993840360773182 -0.7675379631351347
-0.4686095971604063 -0.3903188346432156 -0.004203028592524749 0.5046869277692154 1.0029008710604295 1.5011148143516433 1.8747752718200539 2.4761906747930196 2.818712760805729 3.084723419813002 3.227959928509226 3.3204853751204517 3.4316938446050975 3.604289389245268 3.778664269397193 3.6576694545978983 3.576709688813076 3.6389864317244776 3.6914768293212306 3.7493052334532466 3.7679882563266673 3.7724365951060532 3.661228125621407 3.687918158297722 3.7902299502235963 4.389866017684808 3.421017831534572 2.316940146491006 1.4859904625017315 2.2244146998797807 1.5269151792720814 0.4121614811579899 0.05629437880712285 0.5313769604455305 -0.030893061268839617 -0.7132682300266273 -0.9178918138783758 -0.8031246733702213 -0.754192946796977 -0.7835519827409234 -1.2346135349706477 -1.3404839979200305 -1.2079235022943329 -0.9098848040754817
-0.12341850788006514 0.14081281561545378 0.4966799179663208 0.9192721020079757 1.457521094313662 2.1069785561039946 2.7911330603735367 3.3881001245671163 3.699483839124125 3.8382720090409634 3.9663841658872756 3.947701143013855 4.024212570019292 4.123855358677535 4.037557586357449 3.901438419708242 3.5802683598365848 3.6398760994803547 3.655890119086144 3.555357662672024 3.5500196561367607 3.6701248031801788 3.4299145090933436 3.390769127834748 3.481515238934219 3.2030492313446652 2.292919117082323 1.4219343840785754 0.9699831640929741 1.387237341599366 1.2324351520767387 0.34009839293193944 0.5384943024925477 0.8872440627963976 0.3223050378143961 -0.7613102888439944 -1.2977799456379264 -1.0317692866306536 -0.6527708226269802 -0.6474328160917171 -0.3102487366142701 -0.5424520208982111 -0.4410298967282138 -0.255089335749886
1.1354613666861275 1.4059203644727865 1.6950623851328661 2.118544236930398 2.7208493076592406 3.3569617531114155 4.036667918601571 4.0829306419071845 4.195918446903585 4.139869378283323 3.9601564915961354 3.941473468722715 3.985956856516573 4.001081208366485 3.916562771558154 3.85517569640263 3.6167447378275486 3.6167447378275486 3.3080300265381712 3.202159563588788 3.037571028751512 2.84985113226143 2.6140891769539802 2.6630209035272245 2.8142644220263433 2.162137956968379 1.656806671630148 0.7991669549645579 1.3418642860496304 0.9068167534256952 0.7582422381942082 1.0625086107041997 1.4495140845107677 1.5117908274221694 1.2190901357385813 0.14526115439483966 -0.3787531538168123 -0.40277418322549563 -0.0237757192218222 0.2377866010060652 0.6817308111887719 0.2787113177764149 0.31162902474387 0.5029075922574611
2.698607613762311 2.9414869111167783 3.232408267288612 3.5598060014514097 4.100723997024728 4.57135823988375 4.69680139346243 4.743953784523921 4.606055282362959 4.328478942529283 4.148766055842095 3.9023280874641193 3.8711897160084185 3.8382720090409634 3.656779786842021 3.5953927116864968 3.562475004719041 3.2057182346122968 2.8952241878111655 2.3053744656646034 2.0126737739810148 1.6683723524565508 2.3809962249141625 2.429927951487407 2.8053677444675715 1.626557967930324 1.1194473470803383 0.9103754244492039 1.7048487304475148 1.1007643242069178 0.9610864865342026 1.2671321945559482 1.811608861152775 1.201296780621038 0.9068167534256952 0.9379551248813962 0.7021931695739467 0.44774819139307676 0.7689182512647343 1.0322599070043759 1.4157067097874352 0.7431178863442964 0.7769252610676287 1.1594823960948109
3.8622930384496468 4.137200375015691 4.286664558003056 4.619400298701117 4.840037902158654 4.97971573983137 5.098041551363033 5.157649291006804 5.090034541560138 4.888969628731898 4.729719100429886 4.465487776934367 4.152324726865603 4.005529547145871 3.805354302073508 3.40589347968466 3.372086104961327 2.801809073444063 1.9592937086283848 1.330298605223227 0.9201617697638529 1.0829709690893745 2.00466676417812 2.7048352880534514 3.082054416545371 1.8454162358761073 1.1630410671183196 0.884575059528766 1.27602887211472 1.1754964157006 1.000231867792798 1.1924001030622662 1.631895974465587 0.7769252610676287 0.401485468087464 0.4646518787547429 0.46998988529000596 0.422837494228516 0.8214086488614871 2.0073357674457517 2.3872238992053028 1.6870553753299715 1.6354546454890957 1.9931010833517173
4.474384454493139 4.639862657086292 4.660325015471466 4.760857471885586 4.937011687549266 5.125621251795225 5.269747428247326 5.285761447853115 5.389852575290744 5.221705369429959 5.032206137428123 4.535771529648663 4.259084857570864 4.189690772612445 3.7626502497914043 3.2813399938618564 2.935259236825638 2.145234269606713 1.255566513729545 0.9948938612575349 0.7973876194528036 1.5117908274221694 2.0366948033896985 2.6363308708509097 2.1594689537007477 1.457521094313662 0.8525470203171881 0.4166098199373758 0.40326480359921835 0.5571773253659684 0.6817308111887719 1.0091285453515695 1.1932897708181434 0.4299548362755332 0.0580737143188772 0.17817886136229477 -0.20437827366488737 0.2787113177764149 2.2769050974765337 3.9441424719903466 3.591834040662988 2.6576828969919615 2.744870337067924 3.667455799912547
