static/data/seaWind_vo/2023/7/12/6.asc
ncols 137
nrows 93
xllcorner 108.0
yllcorner 17.0
cellsize 0.25
NODATA_value -32767
[rows 19 to 37 of 93, columns 0 to 43 of 137]
-4.291511944164597 -3.940093180593115 -3.1269368517213834 -2.1251709586036927 -0.6011700927861043 0.4984592534780752 1.3116155823498066 1.6132129515921667 1.7395457729267245 1.1924001030622662 1.3044982403027894 1.7226420855650582 2.2938087848382 2.6194271834892433 2.444162635581441 1.996659754375226 1.5776262413570799 2.303595130152849 2.543805424239684 2.479749345816528 1.8240642097350555 1.4281620583697157 1.318732924396824 1.752890789264882 2.6665795745507332 3.2884573359088733 3.5313366332633405 3.622972412118689 3.7688779240825445 3.8142509796322797 3.6167447378275486 3.259098299964927 2.7110629623445917 2.4708526682577565 2.489535691131177 2.581171469986525 2.538467417704421 2.5304604079015265 2.379216889402408 2.24665639377671 2.2279733709032894 2.637220538606787 2.839175119190904 2.808036747735203
-3.775504645755839 -2.462355038081139 -0.6358671352653138 1.053611933145428 2.1523516116537302 2.0100047707133832 1.7778014864294427 1.3383056150261217 1.0073492098398154 1.0287012359808674 1.3489816280966478 1.843636900364353 2.448610974360827 2.732414988485644 2.4922046943988083 1.9503970310696133 1.3596576411671737 1.3044982403027894 0.8392020039790304 0.2502419495883452 -0.35384245665225134 0.09188108904220949 0.6630477883153514 1.5322531858073443 2.599854492859946 3.4139004894875544 3.5882753696394794 3.491301584248868 3.434362847872729 3.4984189262958854 3.354292749843784 3.122089465559843 2.887217178008271 2.722628643170995 2.679924590888891 2.66124156801547 2.5393570854602983 2.218187025588641 2.0624951683101362 2.070502178113031 2.2591117423589906 2.579392134474771 2.6888212684476622 2.575833463451262
-0.9374645045076737 0.28404932431167795 1.5269151792720814 1.9824250702811912 1.9664110506754022 1.2884842206970002 0.12212979274203306 -0.7933383280555724 -1.7203721296795815 -1.2755382517409974 -0.6412051418005769 0.3667884256082543 1.2804772108941058 1.499335478839889 1.4699764428959425 1.1167783438127068 0.6523717752448253 0.27337331124115183 0.07319806616878921 0.2039792262827329 0.3890301195051835 1.1158886760568296 1.7938155060352317 2.518894727075123 2.9984256474929167 3.466390887084307 3.6283104186539514 3.510874274878166 3.3445064045291355 3.206607902368174 3.1042961104423 2.9913083054458998 3.0393503642632664 2.9183555494639717 2.764443027697222 2.5082187140045975 2.2422080549973242 1.9210379951256666 1.6399029842684816 1.5411498633661158 1.5393705278543615 1.822284874223301 2.0687228426012765 2.272456758697148
1.880113278355317 2.2697877554295163 2.070502178113031 2.1772623088182907 1.727090424344444 0.9166030987403442 -0.18213657976795794 -0.9170021461224986 -1.2114821733178411 -0.3289317594876908 0.15059916093010273 0.8881337305522747 0.7377798798090334 0.544721976783688 0.5625153319012313 0.5518393188307054 0.3632297545847458 0.56607400292474 1.3391952827819988 1.7564494602883904 2.2172973578327637 2.3978999122758284 2.9361489045815152 3.0980684361511597 3.3578514208672927 3.730622210579826 3.868520712740787 3.7911196179794735 3.5429023140897433 3.2715536485472074 3.1639038500860703 3.093620097371774 3.0704887357189676 3.082054416545371 2.9975359797370396 2.759994688917836 2.3009261268852175 1.807160522373389 1.467307439628311 1.0980953209392863 0.9539691444871852 1.1594823960948109 1.547377537657256 1.811608861152775
0.18707553892106654 0.17106151931527735 -0.04512774536287445 -0.052245087409891866 -0.2586480067733947 -0.5629143792833862 -0.7550826145528542 -0.06825910701568061 0.6292404135920189 1.710186736982778 2.2866914427911826 2.1630276247242564 1.7244214210768125 1.2395524941237561 0.8445400105142935 0.38458178072579785 0.2991736761615895 0.9735418351164828 2.0971922107893457 2.90323119761406 3.336499394726241 3.291126339176505 3.2768916550824705 3.422797167046326 3.608737728024654 3.969942836910784 4.2528571832797235 4.242181170209197 3.9975225373429764 3.676352477471319 3.477066900154833 3.421907499290449 3.3978864698817652 3.4477078642108867 3.3685274339378184 3.058033387136687 2.532239743413281 1.9628523796518935 1.3560989701436652 0.8383123362231533 0.6568201140242111 0.8062842970115753 1.2208694712503356 1.6078749450569036
-1.1198463944624932 -1.145646759382931 -1.3146836329995928 -0.9356851689959194 -0.8075730121496072 -0.187474586303221 0.41838915544913013 1.1986277773534064 1.652358332850762 2.665689906794856 3.0117706638310744 2.867644487378973 2.477970010304774 1.8898996236699657 1.1674894058977054 0.9575278155106939 1.0625086107041997 1.5286945147838356 2.109647559371626 3.122089465559843 3.4583838772814124 3.327602717167469 3.2884573359088733 3.5082052716105343 3.7279532073121944 4.2074841277299875 4.54911654598682 4.604275946851205 4.459260102643226 4.1131793456070085 3.996632869587099 4.020653898995783 4.022433234507537 3.937025129943329 3.82047865392342 3.5099846071222887 3.0437987030426523 2.38811356696118 1.6879450430858487 1.0722949560188486 0.8329743296878904 0.9166030987403442 1.2698011978235797 1.6639240136771651
0.5465013122954423 0.16661318053589147 -0.0237757192218222 0.47265888855763727 0.6781721401652632 1.3000499015234035 1.4014720256934006 1.9059136432757549 2.076729852404171 2.2395390517296927 2.5873991442776654 2.122992575709784 2.0998612140569772 1.6167716226156752 1.7786911541853199 1.578515909112957 2.19950400271522 2.1007508818128544 2.6461172161655586 3.019777673633969 3.331161388190978 3.2484222868944013 3.2671053097678215 3.486853245469482 3.936135462187452 4.468156780201998 4.802671856411813 4.936122019793388 4.789326840073656 4.591820598268924 4.529543855357523 4.519757510042874 4.360506981740861 4.274209209420776 4.1781250917860415 3.953039149549118 3.4984189262958854 2.9388179078491468 2.2377597162179383 1.6390133165126044 1.3098362468380522 1.3916856803787518 1.700400391668129 2.0882955332305744
1.8934582946934744 1.493997472304626 1.5064528208869064 1.721752417809181 1.7920361705234773 1.6674826847006738 1.5500465409248876 1.6915037141093574 1.9397210179990871 2.008225435201629 1.7778014864294427 0.990445522478149 1.1843930932593716 1.4441760779755046 1.6301166389538326 2.0073357674457517 2.7671120309648534 2.5215637303427547 2.745760004823801 3.1060754459540543 3.4637218838166755 3.466390887084307 3.4628322160607983 3.8889830711259616 4.3524999719379664 4.762636807397341 4.9414600263286514 5.08024819624549 5.098041551363033 4.971708730028475 4.833810227867515 4.430790734455157 4.26353319635025 4.270650538397267 4.259084857570864 4.085599645174816 3.6959251681006164 3.1336551463862463 2.6870419329359083 2.2235250321239035 1.9245966661491754 2.136337592047941 2.448610974360827 2.613199509198103
0.12390912825378742 0.7964979516969264 1.1808344222358629 1.3311882729791042 1.3881270093552431 1.2528975104619136 0.953079476731308 1.1523650540477937 1.4744247816753284 1.7288697598561984 1.5411498633661158 1.016245887398587 0.8231879843732415 1.191510435306389 1.5438188666337473 2.0411431421690844 2.5126670527839834 2.396120576764074 2.6674692423066104 3.220842586462209 3.607848060268777 3.6576694545978983 3.9094454295111367 4.3827486756377905 4.803561524167691 4.9912814206577725 5.008185108019439 5.151421616715663 5.179890984903732 5.019750788845842 4.836479231135145 4.304457913120599 4.127414029701043 4.151435059109726 4.162111072180252 3.9423631364785923 3.607848060268777 3.3142577008293115 2.9388179078491468 2.7804570473030106 2.6532345582125756 2.897893191078797 3.036681360995635 3.1158617912687028
-1.293331606858541 -0.18925392181497536 1.0020112033045523 1.7395457729267245 1.7404354406826017 1.4326103971491015 0.9984525322810436 0.5865363613099148 0.34009839293193944 0.8400916717349076 1.3632163121906824 1.4601900975812936 0.7164278536679813 0.6479234364654394 0.8916924015757834 1.3747819930170855 1.8311815517820726 2.155910282677239 2.90323119761406 3.5829373631042163 3.979729182225433 3.82670632821456 4.126524361945165 4.661214683227344 5.136297264865751 4.953915374910932 4.933453016525757 5.089144873804262 5.138966268133382 4.980605407587246 4.766195478420849 4.402321366267088 4.218160140800514 4.101613664780605 4.001970876122362 3.7172771942416682 3.501087929563517 3.3284923849233463 3.2991333489793995 3.321375042876329 3.21105624114756 3.0695990679630905 2.9761839535959878 2.913907210684586
0.5393839702484249 0.587426029065792 0.5438323090278108 0.38814045174930634 0.03672168817782495 -0.23729598063234247 -0.31647641090541034 -0.17235023445330944 -0.4276848803900566 -0.5424520208982111 -0.4490369065311084 -0.1171908335889249 0.23155892671492495 0.534045963713162 0.8036152937439438 1.132792363418496 1.6310063067097098 2.330285162829164 3.1639038500860703 3.9690531691549067 4.5873722594895385 4.559792559057346 4.5873722594895385 4.753740129838569 4.908542319361196 4.77242315271199 4.858720925032075 5.097151883607156 5.182559988171364 5.008185108019439 4.693242722438922 4.383638343393667 4.051792270451484 3.761760582035527 3.591834040662988 3.3569617531114155 3.269774313035453 3.396107134370011 3.697704503612371 3.869410380496664 3.757312243256141 3.6434347705038634 3.461942548304921 3.132765478630369
1.9584040408725076 1.3000499015234035 0.4041544713550955 -0.5122033171983875 -1.0718043356451261 -1.288883268079155 -1.0175346025366188 -0.18035724425620403 0.024266339595544917 -0.3485044501169887 -0.5727007245980347 -0.457043916334003 0.09277075679808666 0.4744382240693916 0.8934717370875378 1.3329676084908586 2.1060888883481175 3.1487794982361583 3.948590810769732 4.560682226813224 4.973488065540229 4.997509094948914 5.08024819624549 5.181670320415487 5.167435636321452 4.993060756169527 5.052668495813297 5.177221981636102 5.190566997974258 4.926335674478739 4.48950880634305 4.098944661512974 3.570482014521936 3.1879248794947537 3.100737439418791 3.1256481365833517 3.226180592997472 3.6327587574333373 4.054461273719115 4.188801104856568 3.98061884998131 3.8720793837642957 3.7599812465237727 3.533115968775095
1.9281553371726838 1.365885315458314 0.49934892123395236 -0.15633621484752025 -0.6607778324298743 -0.80668334439373 -0.546900359677597 -0.01754804493068196 -0.4081121897607587 -0.61184610585663 -0.3787531538168123 0.21287590384150423 0.6443647654419307 0.5642946674129856 0.8934717370875378 1.4593004298254164 2.522453398098632 3.7644295853031586 4.564240897836733 5.106048561165927 5.295547793167764 5.6558632342980175 5.7706303748061725 5.657642569809772 5.515295728869425 5.372059220173201 5.286651115608993 5.3311345034028506 5.211919024115311 4.953025707155055 4.396983359731825 3.7804436049089474 3.2439739481150154 2.850740800017307 2.7964710669087998 3.000204983004671 3.671014470936056 4.1380900427715686 4.453032428352087 4.441466747525683 4.221718811824022 3.985956856516573 3.8284856637263145 3.6541107835743896
2.1060888883481175 1.9005756367404918 1.1906207675505118 0.8009462904763123 0.757352570438331 0.6327990846155276 0.9246101085432386 1.1870620965270031 0.25380062061185393 -0.7773243084497836 -0.6189634479036474 -0.18836425405909818 0.14259215112720813 0.024266339595544917 0.3240843733261505 1.0011215355486751 3.009101660563443 4.582923920710153 5.343589851985131 5.491274699460741 5.549992771348634 5.904080538187747 6.152297842077477 6.081124421607303 6.12293880613353 6.073117411804409 5.814224094844153 5.549103103592757 5.417432275722936 4.862279596055584 4.139869378283323 3.5215502879486915 3.024226012413355 2.6585725647478387 2.674586584353628 2.9904186376900226 3.793788621247105 4.6923530546830445 5.07046185093084 4.71904308735936 4.314244258435248 4.1033930002923595 3.941473468722715 3.740408555894475
2.321388485270392 2.124771911221538 1.7786911541853199 1.5536052119483963 1.5331428535632214 1.6087646128127808 1.8507542424113703 1.9459486922902274 1.2333248198326159 0.2262209201796619 0.006472984478001376 0.31785669903501024 0.7626905769735941 0.714648518156227 1.017135555154464 1.9922114155958401 3.969942836910784 5.392521578558375 6.251050962979843 6.398735810455452 6.150518506565723 6.111373125307127 6.291086011994315 6.227919601327036 6.260837308294491 6.227919601327036 6.138952825739319 5.932549906375817 5.747499013153366 5.175442646124347 4.353389639693844 3.6959251681006164 3.189704215006508 2.7413116660444152 2.760884356673713 3.2982436812235223 4.380969340126036 5.282202776829607 5.622945527330562 4.96726039124909 4.485950135319541 4.224387815091654 4.061578615766132 3.8133613118764025
2.056267494018996 2.075840184648294 1.8267332130026868 1.6238889646626926 1.584743583404097 1.6603653426536564 1.6078749450569036 1.7048487304475148 1.439727739196119 1.5331428535632214 1.3125052501056838 1.727090424344444 2.411244928613986 2.4228106094403894 3.051805712845547 4.029550576554555 5.449460314934514 6.020627014207657 6.899618757014299 7.2279061589329725 7.028620581616487 6.80798297815895 6.4699092309256265 6.406742820258346 6.052655053419234 5.926322232084676 5.984150636216692 5.998385320310726 5.812444759332399 5.364052210370306 4.707477406532956 4.063357951277887 3.4290248413374664 2.9797426246194965 3.067819732451336 3.890762406637716 4.965481055737335 5.449460314934514 5.7955410719707325 5.04555115376628 4.437908076502175 4.177235424030164 3.941473468722715 3.6959251681006164
1.493107804548749 1.4842111269899774 1.3596576411671737 1.1772757512123544 1.0820813013334973 0.8694507076788542 0.7760355933117515 0.9779901738958687 1.1043229952304265 1.2938222272322633 1.3472022925848934 1.913030985322772 2.85607880655257 3.7199461975093 4.3578379784732295 5.473481344343198 6.7136781960359695 6.832004007567633 6.916522444375964 7.230575162200605 7.546407215536998 7.530393195931209 6.985916529334384 6.630939094739393 6.226140265815282 5.839134792008714 5.683442934730209 5.646076888983369 5.196794672265399 4.786657836806024 4.535771529648663 4.132752036236306 3.4984189262958854 3.534005636530972 3.655890119086144 4.519757510042874 5.200353343288907 5.6861119379978415 5.383624900999604 4.832920560111637 4.2083737954858655 3.832044334749823 3.585606366371848 3.4032244764170283
1.218200467982704 0.9032580824021865 0.7226555279591216 0.5909847000893007 0.3525537415142197 0.1203504572302787 0.4237271619843932 0.82051898110561 0.856995359096574 0.6817308111887719 0.6621581205594742 0.603440048671581 1.84452656812023 3.2092769056358055 4.675449367321378 5.866714492440906 7.008158223231312 7.241251175271131 7.159401741730431 7.102463005354291 7.469006120775685 7.367583996605688 7.047303604489908 6.7394785609564085 6.492150924822555 6.066000069757392 5.6158281852835445 5.091813877071893 4.57135823988375 4.125634694189289 4.001970876122362 3.7226152007769313 3.6487727770391265 3.869410380496664 4.49573648063419 5.203022346556539 5.641628550203983 5.496612705996004 5.005516104751807 4.3871970144171755 3.9770601789578013 3.5687026790101815 3.3881001245671163 3.241304944847384
1.743104443950233 1.3409746182937532 1.1496960507801621 1.4601900975812936 1.3765613285288398 1.5206875049809412 2.1309995855126784 2.808036747735203 2.797360734664677 2.4495006421167043 1.8231745419791783 1.0785226303099886 1.7573391280442676 3.5482403206250064 5.217257030650574 6.417418833328872 7.057089949804556 7.241251175271131 7.099794002086661 6.937874470517016 6.796417297332546 6.653180788636323 6.557986338757466 6.423646507620013 6.212795249477124 5.897852863896607 5.401418256117147 4.91032165487295 4.474384454493139 4.066916622301395 3.6825801517624592 3.31781637185282 3.2955746779558908 3.6959251681006164 4.487729470831296 5.095372548095401 5.248395402106274 5.020640456601719 4.463708441422613 3.774215930617807 3.5135432781457974 3.4539355385020265 3.4094521507081685 3.3000230167352766
