static/data/ASCData/20210116/ASCU/00.asc
ncols 97
nrows 97
xllcorner 99.0
yllcorner 2.0
cellsize 0.25
NODATA_value -32767
[rows 57 to 75 of 97, columns 43 to 85 of 97]
-2.323061842364888 -3.1130887151570312 -2.6979037040032994 -2.779860653412376 -2.7858962427099434 -2.744917768005405 -2.562261776105332 -2.278906741714262 -2.0660728033263505 -2.0320829057032066 -2.3014607859314884 -2.4685513106957293 -2.5543202112401113 -2.558449824970026 -2.6677257575154614 -2.858958639469973 -3.0241431886665606 -3.097523248021199 -3.1743975959165343 -3.257625195704046 -3.2439657041358663 -3.2496836308388253 -3.1969516401337605 -3.1540671898615695 -3.038755668018567 -2.862135265416061 -2.6871031757865995 -2.77604870227707 -3.005718758179249 -3.326875641328769 -3.6149956146389717 -3.7712856111865127 -3.6385026466400245 -3.5965711841516597 -3.6277021184233247 -3.703941141129442 -3.453940679172298 -3.271284687272225 -3.238883102622125 -3.1607381043483547 -2.926620772121652 -3.6353260206939364 -4.236978974883048
-2.892313211903899 -3.3062275726791954 -2.8707121554704993 -2.8414871967664874 -2.7925671571967285 -2.729352300869573 -2.4752222251825144 -2.1931378411698796 -2.037800832406165 -2.0212823774865067 -2.306225724850621 -2.456797794695203 -2.446950254262329 -2.4069247673416174 -2.4898347045345206 -2.5740152921058583 -2.7388821787078377 -2.928526747689305 -3.0174722741797755 -3.1022881869403314 -3.111182739589378 -3.1394547105095634 -3.0368496924509136 -3.0174722741797755 -2.9850706895296755 -2.812262238062476 -2.688373826165035 -2.725222687139658 -3.127701194509037 -3.4714121218757836 -3.761438070753639 -3.770332623402686 -3.684246060263695 -3.676622157993083 -3.6940936006965686 -3.345300071816081 -3.1070531258594634 -2.977129124664455 -3.2134700950534194 -3.421539094522198 -4.378656492078583 -5.081643813947908 -5.867858735604745
-3.197904627917587 -3.4393281998202925 -2.9920592666110695 -2.8630882531998876 -2.795743783142817 -2.675667322380682 -2.4234432222612763 -2.2007617434404914 -2.0457423972713857 -2.092438798678883 -2.3414862728522 -2.4215372466936236 -2.3923122879896117 -2.361181353717947 -2.4129603566391853 -2.495870293832088 -2.5848158203225586 -2.7712837633579377 -2.872935793632761 -2.9685522346100166 -2.944092214825137 -2.969505222393843 -2.910737642391211 -2.979352762826717 -2.9450452026089637 -2.8932661996877256 -2.7731897389255904 -2.8179801647654346 -3.3580065756004336 -3.739837014320239 -3.911692478003612 -3.8738906292451625 -3.842442032378889 -3.8306885163783626 -3.65597408934351 -3.314169137544416 -3.031131765747955 -2.986023677313502 -3.4129622044677603 -3.555275046852513 -5.209661839575264 -6.566081118554938 -7.331647971562202
-3.5848176681511332 -3.495872141660663 -3.080687130506931 -2.9097846546073844 -2.7750957144932435 -2.655972241514935 -2.4450442786946764 -2.221409812090065 -2.115945830679936 -2.188372902250747 -2.2849423310118295 -2.322108854581062 -2.3465688743659414 -2.354192776636553 -2.409783730693097 -2.4675983229119027 -2.5562261868077645 -2.652160290379629 -2.7468237435730583 -2.8113092502786494 -2.7271286627073112 -2.7887552060614227 -2.937103637743743 -3.0085777215307283 -2.864041240983714 -2.813215225846302 -2.944092214825137 -2.9812587383943696 -3.6159486024227983 -3.911692478003612 -3.941235099302233 -3.8716669910829005 -3.8551485361632416 -3.750637542536939 -3.5759231155020865 -3.3532416366813016 -3.009530709314555 -3.5057196820935363 -4.050511031847668 -3.8338651423244507 -6.3306931359498 -7.665829021090683 -7.532093068760369
-3.7731915867541654 -3.522238137013195 -3.1502552387262637 -2.9158202439049523 -2.7693777877902845 -2.655972241514935 -2.442185315343197 -2.228398389171459 -2.133417273383421 -2.088626847543577 -2.118804794031415 -2.1578772931683003 -2.26048231122695 -2.2693768638759972 -2.345298223987506 -2.394218263557265 -2.4577507824790294 -2.551461247888632 -2.5787802310249908 -2.600381287458391 -2.5613087883215058 -2.784943254926117 -2.9869766650973286 -3.045744245099961 -2.868806179902846 -2.817027176981608 -2.9714111979614963 -3.2779556017590106 -3.866902052163768 -3.901209612381521 -3.820205650756271 -3.7693796356188596 -3.7388840265364127 -3.604195086422272 -3.558451672798601 -3.3602302137626956 -3.2830382032727514 -4.242061576396789 -4.790664877286226 -4.332595415860303 -6.936158041274217 -8.10134443829938 -7.796706010069518
-3.8611841254608095 -3.470459134091957 -3.090534670939805 -2.8570526639023197 -2.7369762031401845 -2.6080051897290026 -2.3796057842052587 -2.16073625651978 -1.979350914998142 -1.8776988847233187 -1.9158183960763775 -1.9351958143475156 -2.108957253598542 -2.187102251872312 -2.247775807442597 -2.322108854581062 -2.386594361286653 -2.407877755125444 -2.3894533246381324 -2.418678283342144 -2.4771282007501676 -2.7789076656285494 -2.9148672561211257 -3.002542132233161 -2.962516645312449 -2.926620772121652 -3.159785116564528 -3.6003831352869655 -3.957753554221892 -3.941235099302233 -3.88532648265108 -3.5562280346363395 -3.47236510965961 -3.3865962091152277 -3.4548936669561248 -3.523191124797022 -3.6658216297763833 -3.8325944919460153 -3.8268765652430567 -4.0406634914147945 -6.9148746474354255 -8.097532487164074 -7.669640972225989
-3.793839655403739 -3.4002557006834073 -3.019378249747428 -2.905019715688252 -2.70584526886852 -2.506670822048788 -2.283036355444177 -2.0447894094875596 -1.8084484390985953 -1.614991918981822 -1.606097366332775 -1.6540644181187072 -1.934242826563689 -1.9939633943501478 -2.0749673559753976 -2.2007617434404914 -2.298601822580009 -2.278906741714262 -2.199808755656665 -2.2887542821471354 -2.512388748751747 -2.7134691711391317 -2.8084502869271697 -2.906925691255905 -2.9911062788272433 -3.1248422311575577 -3.375795680898528 -3.7303071364819744 -4.024145036495136 -4.161692939960756 -3.91772806730118 -3.486977589011616 -3.1756682462949692 -3.0476502206676135 -2.9520337796903577 -2.7887552060614227 -2.5457433211856735 -2.227127738793024 -2.574968279889685 -4.8424438802074645 -7.142321065175343 -7.571165567897254 -7.078788546253579
-3.647079536694463 -3.316075113112069 -3.04860320845144 -2.8834186592548523 -2.590533747025517 -2.3729348697184736 -2.1149928428961093 -1.8221079306667747 -1.561306940492931 -1.3678504203761577 -1.3611795058893723 -1.4939624704358605 -1.6667709219030602 -1.733162404176304 -1.9158183960763775 -2.0679787788940036 -2.2007617434404914 -2.241104892955812 -2.151206378681515 -2.1365938993295095 -2.3503808255012473 -2.4606097458305087 -2.637547811027623 -2.8278277051983083 -3.0085777215307283 -3.244918691919693 -3.5397095797166807 -3.8678550399475946 -4.071159100497241 -4.20394206504373 -3.750637542536939 -3.1521612142939164 -2.6442187255144085 -2.5486022845371528 -2.244916844091118 -1.7547634606097042 -1.895170327426804 -2.95679871860949 -3.931387558869359 -5.439331895477443 -6.340540676382673 -6.446004657792803 -6.127706737994762
-3.50476669430971 -3.2779556017590106 -3.0015891444493343 -2.79764975871047 -2.4783988511286026 -2.2096562960895385 -1.8923113640753244 -1.582590334331722 -1.2887524343185608 -1.0778244714983023 -1.0740125203629964 -1.2067954849094844 -1.410734870648349 -1.638498950982875 -1.7916123215843276 -1.8843697992101038 -1.981256890565795 -2.004763922566848 -1.9294778876445569 -2.057495913271912 -2.302413773715315 -2.4285258237750176 -2.7303052886533994 -2.8993017889852934 -3.0006361566655078 -3.2058461927828077 -3.608960025341404 -4.050511031847668 -3.9431410748698856 -3.800510569890524 -3.397079074737319 -2.8395812211988347 -2.3834177353405646 -2.151206378681515 -1.7534928102312688 -1.239832394748802 -1.5015863727064722 -3.225223611053946 -4.051464019631495 -4.782087987231788 -5.18615480757421 -5.513347280021298 -5.434249293963702
-3.4129622044677603 -3.0933936342912842 -2.8052736609810816 -2.637547811027623 -2.320202879013409 -1.9841158539172743 -1.6667709219030602 -1.3151184296710932 -1.002538436576011 -0.8414835011093379 -0.8640375453265644 -0.9977734976568788 -1.263339426749855 -1.4968214337873398 -1.6070503541166015 -1.733162404176304 -1.821154942882948 -1.8151193535853805 -1.7750938666646687 -2.0641668277586978 -2.502541208318873 -2.61404077902657 -2.888501260768593 -3.0104836970983815 -3.110229751805552 -3.3043215971115427 -3.7048941289132684 -3.862137113244636 -3.626749130639498 -3.348476697762169 -3.0476502206676135 -2.508576797616441 -1.846567950451654 -1.317024405238746 -0.9158165482478026 -0.7576205761326087 -1.5689308427635427 -2.6121348034589174 -3.185198124133234 -3.954894590870412 -4.273192510668453 -4.650258010469126 -4.754769004095429
-3.185198124133234 -2.8443461601179667 -2.60324025080987 -2.4196312711259704 -2.135640911545683 -1.7938359597465894 -1.4196294232973958 -1.0689299188492551 -0.8602255941912584 -0.7303015929962499 -0.717595089211897 -0.8580019560289968 -1.1022844912831815 -1.2750929427503814 -1.403110968377737 -1.5584479771414514 -1.6531114303348808 -1.8297318329373864 -1.880557848074798 -2.253493734145556 -2.7283993130857467 -2.7496827069245375 -2.8777007325518933 -3.0622627000196196 -3.212517107269593 -3.4031146640348866 -3.526050088148501 -3.5848176681511332 -3.3297346046802483 -3.126748206725211 -2.8570526639023197 -2.0231883530541594 -1.1902770299898255 -0.08576418853494791 0.271606230399978 -1.1743939002593844 -2.1267463588966358 -2.0142938004051123 -2.2360222914420707 -2.835769270063529 -3.176621234078796 -3.6959995762642213 -4.601337970899367
-2.9002547767691196 -2.5651207394568116 -2.3376743217168943 -2.115945830679936 -1.8729339458041863 -1.5838609847101575 -1.214737049774705 -1.0397049601452435 -0.8367185621902056 -0.6969470205623235 -0.6423090542896058 -0.7322075685639028 -0.8992980933281437 -1.02985741971237 -1.2223609520453167 -1.3824628997281636 -1.749680859095963 -1.934242826563689 -2.2039383693865795 -2.485069765615388 -2.78684923049377 -2.7468237435730583 -2.78684923049377 -3.03780268023474 -3.189327737863149 -3.2261765988377724 -3.3424411084646013 -3.3240166779772897 -3.169632656997402 -2.8970781508230314 -2.16073625651978 -1.08386006079587 -0.12864863880713903 0.9221792241588476 -0.15501463415967134 -1.6051443785489485 -2.0914858108950565 -1.702984457688466 -1.5349409451403986 -1.604191390765122 -1.9968223577016273 -2.9021607523367727 -3.824017601891577
-2.573062304322032 -2.2722358272274765 -2.0298592675409446 -1.7868473826651952 -1.6032384029812956 -1.3306838968069254 -1.2195019886938374 -1.0447875616589846 -0.9431355313841613 -0.7916104737557527 -0.5485985888800031 -0.49205464703963253 -0.6102251322341148 -0.7652444784032204 -0.9949145343053994 -1.38341588751199 -1.7506338468797895 -2.1178518062475886 -2.4479032420461557 -2.6257942950270965 -2.767471812222632 -2.7134691711391317 -2.5416137074557588 -2.8014617098457757 -2.8202038029276966 -2.8580056516861463 -2.6813852490836405 -2.6493013270281494 -2.4812578144800823 -2.146123777167774 -1.0778244714983023 0.3243382211050426 1.1175417198432738 0.8557877418856035 -0.22140611643291536 -1.8386263855864333 -2.178525361817874 -1.40501694394539 -1.0047620747382728 -0.7048885854275441 -0.7830335837013145 -1.7214088881757776 -3.0298611153695196
-2.230304364739112 -1.9761742890520537 -1.7195029126081247 -1.4647375117318486 -1.2877994465347342 -1.2566685122630696 -1.193135993341305 -1.2204549764776638 -1.1442159537715462 -0.8043169775401057 -0.45679409903805324 -0.08068158702120674 -0.20298168594560362 -0.4577470868218797 -0.9949145343053994 -1.401204992810084 -1.7293504530409982 -2.075920343759224 -2.3630873292856 -2.659784192650241 -2.8240157540630024 -2.6531132781634557 -2.364993304853253 -2.041612783541471 -2.036847844622339 -1.694089905039419 -1.4920564948682076 -1.1705819491240785 -0.7858925470527939 -0.6092721444502883 0.021605768442834267 1.3421291742317116 1.8507069882004374 1.5305030928347436 0.24047529612831334 -1.5015863727064722 -2.0622608521910446 -1.1315094499871934 -0.4803011310391061 0.03431227222718719 0.24333425947979273 -0.12769565102331254 -1.5047629986525604
-1.9431373792127362 -1.672488848606019 -1.3094005029681342 -1.094342926417961 -1.0689299188492551 -1.1550164819882462 -1.173440912475558 -1.2223609520453167 -1.2048895093418315 -0.8738850857594379 -0.17566270280924484 0.38119982554002196 0.2093443618566487 -0.40025015719768275 -1.0562234150649021 -1.5670248671958897 -1.8729339458041863 -1.968550386781442 -2.070202417056265 -2.5057178342649618 -2.849428761631708 -2.542566695239585 -1.959655834132395 -1.2820815198317754 -0.27413810713798 0.26779427926467214 0.34879824088992195 0.48062821765258357 1.0921287122745678 1.2960680980134323 1.3507060642861497 1.510172686779779 2.0606819632368696 1.9240870475550753 0.7922552229638389 -0.3640366214122769 -0.8541900048936909 -0.37070753589906213 0.1683658871521105 0.6312002874971656 1.1321541991952795 1.0365377582180237 0.27065324261615153
-1.5212814535722192 -1.1705819491240785 -0.9869729694401789 -0.8856386017599643 -0.9266170764645025 -1.165817010204946 -1.1559694697720726 -1.002538436576011 -0.8856386017599643 -0.5952949902875001 0.13405832693435762 0.9552161339981651 0.5559142525748746 -0.3338586749244387 -1.1315094499871934 -1.6159449067656484 -1.8316378085050393 -1.8697573198580981 -1.968550386781442 -2.4050187917739647 -2.658831204866414 -2.3630873292856 -1.5438354977894457 -0.23411262021726825 1.100705602329006 1.921228084203596 2.0479754594525166 1.89581507663489 2.1594750301602135 2.583236931368383 2.903440826734077 2.5285989650956657 2.3783445578456925 2.07942405631879 1.5413036210514437 1.1175417198432738 1.0149367017846238 0.8411752625335978 1.032408144488109 1.2757376919584675 1.6966406298151582 1.7620791243045757 1.2179230997396617
-1.0524114639295963 -0.8043169775401057 -0.7789039699713998 -0.6696280374259647 -0.8513310415422114 -1.0320810578746318 -1.0260454685770641 -0.7957400874856674 -0.5212796057436443 -0.1766156905930713 0.5343131961414747 1.5870470346751142 0.9730052392962592 -0.26143160335362703 -1.2322084924781902 -1.9158183960763775 -2.2760477783627824 -2.3306857446355003 -2.3834177353405646 -2.499682244967394 -2.2633412745784294 -2.2096562960895385 -1.1940889811251314 0.5902218127926274 1.9952434687474516 2.6594759540745008 2.763033959916977 2.7522334317002772 2.9768208860887153 3.348803784375647 3.8624641998581137 3.685843797255608 3.370404840809047 3.0266939134423003 2.66519388077746 2.386921447900131 2.199500517080925 1.8605545286333107 2.1575690545925603 1.9993730824773663 2.126120457726287 2.140732937078293 1.687746077166111
-0.715689113644244 -0.48411308217441196 -0.46664163947092674 -0.5651170437996619 -0.9129575848963231 -0.9148635604639761 -0.782080595917488 -0.5095260897431179 -0.04859766496571562 0.3850117766753278 1.1613791578992914 2.1623339935116928 1.7620791243045757 -0.4761715173091914 -2.2293513769552855 -3.273190662839878 -3.424398057873678 -3.0730632282363195 -2.8824656714710257 -2.167724833601174 -1.5543183634115367 -1.3659444448085047 -0.5740115964487089 0.9749112148639121 2.295116958058181 3.1076978750675504 3.5949922951974846 3.723963308608667 3.9504567385647573 4.341181729933609 4.5460741034563 4.804969118062491 4.528602660752815 4.117547263328998 3.65566585076777 3.1439114108529562 2.8059184101891685 2.3478489487632457 2.560682887151157 2.5384465055285395 2.4796789255259073 2.3783445578456925 1.9151924949060282
-0.44027564411839437 -0.15787359751115074 -0.1851925806475095 -0.4021561327653357 -0.6775696022911852 -0.6667690740744853 -0.5034905004455502 -0.019372706261703898 0.5130298023026835 1.002230198000271 1.7785975792242343 2.5489293711506305 2.716972883698698 -0.2096526004323889 -4.181388020826503 -4.868809875559997 -3.3602302137626956 -2.5543202112401113 -2.0231883530541594 -1.4977744215711664 -0.8357655744063791 0.011122902820743102 0.6956857942027567 1.546068559970576 2.710301969211913 3.5559197960605995 4.137877669383963 4.364371099340054 4.420279715991207 5.800206026971933 5.865644521461351 5.774793019403228 5.3732674998176755 4.943470009311938 4.344040693285089 3.812908835099137 3.524788861788935 3.09975631020233 2.749374468348798 2.565765488664898 2.4533129301733747 2.4085225043335305 2.04702247166869
