static/data/ASCData/20210116/ASCU/06.asc
ncols 97
nrows 97
xllcorner 99.0
yllcorner 2.0
cellsize 0.25
NODATA_value -32767
[rows 19 to 37 of 97, columns 0 to 41 of 97]
0.9293599551548396 1.1345325876453405 0.9087773503030857 0.6941301854205074 0.6199674663514888 0.5729215124046222 0.6480643555142006 1.5798356100729722 2.0310193767439624 1.3678021092985535 1.428569799813256 1.717379683764853 1.5768952379512933 1.150214572294296 0.9675847927366686 0.8385351273963059 0.8493164918424628 0.8120717783011934 0.3657886318330018 -0.48365220331875375 -0.2843603150716111 -0.13113425673077517 -0.7133279368232477 -1.4066023415124882 -1.7757823967899822 -1.842104123534523 -1.7493190476948697 -1.3673973798900994 -0.7502459423509971 -0.6280571452945523 -0.9671800633282146 -1.4046420934313688 -1.521603562271495 -1.8509252398995604 -2.5912455985356675 -3.0365486209632992 -3.1946752995069336 -3.019886512273784 -2.4180903513701173 -1.5960929893540339 -1.0723800436816244 -0.09094917106782674
0.723207198623779 0.8581376082075002 0.3726495001169199 0.19492034076209097 0.4987587933356036 0.692169937339388 0.9401413196009966 1.6206741117629608 2.012397019973328 1.425629427691577 1.4586269370570872 1.79644302303667 1.7477635290222042 1.175371089335329 0.7869152612601608 0.9568034282905119 1.5337697801666659 1.5213548756529094 0.7996568737874371 -0.16347835006924588 -0.618582612902475 -0.7463254461887582 -1.1145253774256922 -1.3791588683768161 -1.6751563286258508 -1.8829426252245112 -1.8617066043457173 -1.5490470354071673 -1.0531042708839498 -0.9152334891785496 -1.3020557771861183 -1.8303426350478063 -2.7091871914163534 -3.5540541143788302 -3.9768142838735887 -3.753346002625973 -3.704339800597987 -3.3420206136044115 -2.8029523912965666 -2.40861581897804 -1.813680526358291 -0.6166223648213555
0.22628431006000194 0.3971526011309128 -0.008945459674330358 -0.2523429297466603 0.24588679087119636 0.8065177420713551 1.074091605144158 1.529849284004427 1.9947547872432532 1.5086132631256328 1.580815734113532 2.012397019973328 1.6353759723713566 1.0701711089819193 0.7810345170168024 1.0623301166574413 1.7556045213466818 2.0669572582311524 1.3357847239736027 0.3912718568875545 -0.10663115571678222 -0.6300173933756716 -1.101783764898416 -1.2657911876854087 -1.3595563875656218 -1.577470632583399 -1.736577435167593 -1.6575140958957761 -1.4115029617152868 -1.5343451747987715 -2.112618358729005 -3.1397883532355895 -4.010138501252619 -4.570442744439258 -4.504121017694716 -4.009158377212059 -3.932055286021362 -3.5775770913522638 -3.316537388549859 -2.759173517484899 -2.015912786727113 -0.7094074406610088
-0.2474423095438617 -0.09879016339230445 -0.24058144125994368 -0.4885528235215523 -0.07265352231071198 0.5895836210941375 1.1041487423879892 1.494891526557797 1.7918691108473914 1.4109275670831813 1.6043387110869656 1.8941287190791218 1.3952455824342258 1.1061089904691088 0.9097574743436453 1.1443338280509376 1.7085585673998156 2.126744824705295 1.664779693588148 1.1570754405782142 0.5562594037151071 -0.3294460209373581 -1.0658458834112263 -1.1488297188452825 -1.2024098330625468 -1.4115029617152868 -1.5578681517722046 -1.5304246786365328 -1.4827253086626264 -2.0930158779178107 -2.898677839257899 -3.8216279774516333 -4.796197981781512 -4.560968212047181 -4.170225427877373 -3.8585459829793827 -3.9905360204414246 -3.8059459928026778 -3.736683893936458 -3.065625634166571 -2.0743935211471762 -0.7149614768908472
-0.527757785143941 -0.3500286257891122 -0.42419134485813087 -0.5793776512800862 -0.16249822602868613 0.6111463499864512 1.126691595320863 1.2583549247693848 1.4517660687731695 1.1773313374164482 1.3093213748784902 1.5376902763289046 1.3014803825540127 1.0133239146294555 1.0544891243329637 1.289718894067296 1.473328797665483 1.8960889671602414 1.7030045311699769 1.6033585870464058 1.0486083800896053 -0.0452100491750399 -0.7825900356894677 -1.1896682205352707 -1.2425949187254952 -1.4670433240136709 -1.563748896015563 -1.4242445742425631 -1.7199153264780782 -2.541259272467122 -3.4981870440669263 -4.42211730630122 -4.310709873690932 -4.0754801039566 -3.7376640179770177 -3.5373920056893153 -3.9532913069001556 -3.9924962685225442 -3.895790696520652 -3.169192074452381 -2.1769798373924267 -1.6000134855162726
-0.6358981376190299 -0.3216050286128804 -0.5326584053467396 -0.6731428511602993 0.1315389861392292 0.9058369781814065 0.8238332667879101 0.8414754995179851 1.178311461457008 1.0731114811035982 0.9126978464653245 1.0701711089819193 1.0133239146294555 1.3093213748784902 1.3511400006090382 1.1335524636047811 1.2439797721745092 1.6883026705615811 1.5203747516123496 1.4266095517321364 1.1521748203754156 0.043654530502374556 -0.6515801222679855 -1.059965139167868 -1.2795129242532446 -1.5441464152043687 -1.7032532177885629 -1.5833513768267573 -2.2259860394204125 -3.1721324465740603 -3.9787745319547083 -4.032354646171973 -3.9222540456157646 -3.683757195746233 -3.370444210780643 -3.424024324997908 -3.9464304386162374 -3.948390686697357 -3.530531137405397 -2.836276608675597 -2.040415887741106 -1.4621427038108723
-0.6029006282535194 -0.15073673754196953 -0.5342919454143392 -0.6937254560120533 0.19982096096488955 0.8035773699496759 0.643163735311402 0.5582196517962265 1.1335524636047811 1.094347501982392 0.2935861608451026 0.5591997758367863 1.223397167322755 1.5027325188822749 1.4909710303955581 1.2583549247693848 1.1511946963348558 1.5252753718151482 1.3707424814202325 0.9754257850611464 0.740849431353854 -0.11937276824405857 -0.7806297876083483 -0.8753751115291211 -1.084141532168341 -1.490566300987104 -1.7502991717354295 -1.8626867283862771 -2.836276608675597 -3.5707162230683456 -3.7696814033019685 -3.823588225532753 -3.7618404109774906 -3.5089684085130832 -3.461269038539177 -3.6566404306240807 -3.8605062310605023 -3.544252873973233 -2.9486641653264445 -1.8146606503988507 -1.0089986890587626 -1.1321676101557672
-0.3451280055863136 -0.0011044673498525892 -0.3781255149518241 -0.45816897826420105 0.02601229777229963 0.438317810834421 0.3648085077924421 0.4948382971733647 1.318142491243528 0.9038767301002871 -0.3314062690184776 0.4526929634292969 1.192033198024844 1.2567213847017853 1.255741260661226 1.4305300478943757 1.4236691796104575 1.526255495855708 1.4400045802864527 0.9077972262625259 -0.2101975960025924 -1.0207601775454793 -1.0998235168172963 -0.9740409316121327 -1.0344819141133152 -1.3373402426462682 -1.7414780553703917 -1.972787328942485 -2.878095234406145 -3.3890665675512777 -3.6007733603121768 -3.815747233208275 -3.830449093816671 -3.7308031496930996 -3.8147671091677156 -3.6896379399895913 -3.423044200957348 -2.926121312393571 -1.5823712527861975 -0.31964478053176093 -0.0226671962421664 -0.4473876138180442
-0.005024963512091474 0.2341253023844797 -0.06677277806735371 0.012290561204463535 0.12957873805810982 0.09266073253036045 0.03875391029957592 0.3563140994409246 1.255741260661226 0.7633922842867275 -0.5130559245355453 0.3563140994409246 0.8561773601263808 0.7594717881244887 0.8385351273963059 1.2857983979050571 1.5563126330995392 1.397205830515345 0.9832667773856242 1.029005899278411 -0.44477394970988493 -1.4964470452304623 -1.3948408530257717 -1.1076645091417743 -1.149809842885842 -1.2540296991986921 -1.755199791938228 -2.23480715578545 -2.516756171453129 -3.0911088592211238 -3.5324913854865168 -3.7951646283565212 -3.8294689697761113 -3.715121165044144 -3.530531137405397 -3.0950293553833625 -2.6673685656858055 -1.6379116150845818 0.3951923530497934 1.4246493036510173 1.0593897445357623 -0.0452100491750399
0.13937997846370698 0.5611600239179056 0.27888430023670685 0.40891408961762943 0.5095401577817605 0.38441098860363654 0.132519110179789 0.028952669893978766 0.9254394589926008 0.9313202032359592 -0.27161870254433473 0.2135426975327257 0.36284825971132273 0.413814709820428 0.8404953754774253 1.4507859447326097 1.6824219263182227 1.0904270058201533 -0.09388954318950588 0.8150121504228726 0.3073078974129386 -0.6417788818623882 -0.9740409316121327 -1.289314164658842 -1.5431662911638089 -1.4925265490682236 -1.883922749265071 -2.5977797588060656 -2.2073636826497776 -2.5363586522643233 -3.27667901090043 -3.6566404306240807 -3.5811708795009825 -3.3041224840361023 -2.8722144901627864 -2.265844417069841 -1.7620606602221458 0.0018359047718265464 2.2116889082204705 2.436137313508646 1.6843821743993423 0.6510047276358798
0.3563140994409246 0.6774680767309921 0.5026792894978425 0.5905637451346971 0.7908357574223995 0.7624121602461676 0.4373376867938613 0.20472158116768824 0.730068066907697 0.6372829910680436 -0.29906217568000687 0.06521725939468836 0.1580023352343416 0.26548927168239067 0.7506506717594511 1.4654878053410054 1.6902629186427007 0.8453959956802238 -0.295141679517768 0.6072258538242125 1.4021064507181435 0.8248133908284697 0.13055886209866951 -0.6107416205779972 -1.5902122451106755 -1.7463786755731903 -1.6947588094370452 -1.8577861081834786 -1.1135452533851327 -0.7708285472027512 -1.723835822640317 -2.749372277079302 -2.9339623047180488 -2.8480380971623136 -2.4592555610736255 -1.5696296402589214 -0.927975101705826 0.5768420085668612 2.2322715130722246 2.1989472956931944 1.2779574055805796 0.5164010260656785
0.5709612643235028 0.5222817703090368 0.4967985452544842 0.692169937339388 0.8999562339380481 1.091407129860713 0.8238332667879101 0.3367116186297302 0.5680208922018236 0.1909998445998521 -0.2794596948688125 0.0318930420156579 -0.006985211593210916 0.017191181407262168 0.2965265329667818 0.9617040484933105 1.1070891145096686 0.38245074052251704 -0.1605379779475667 0.35043335519756624 1.1482543242131769 1.5533722609778602 0.8963624457893292 0.043654530502374556 -0.8214682892983365 -1.3977812251474506 -1.4699836961353498 -1.1174657495473714 -0.13113425673077517 0.4703351961593718 0.42753644638826405 -0.6456993780246272 -1.6496731035712981 -1.802899161912134 -1.8626867283862771 -1.1233464937907298 -0.5666360387528099 0.08383961616532298 1.362901489095755 1.7000641590482979 0.8179525225445518 -0.1379951250146932
0.6696270844065145 0.2857451685206249 0.32789050226469274 0.5552792796745473 0.7712332766112052 0.9626841725338701 1.1198307270369448 0.7986767497468773 0.5582196517962265 -0.06677277806735371 -0.3441478815457539 -0.10663115571678222 -0.1448559932986112 -0.5911391397668029 -0.31866465649120124 -0.208237347921473 -0.11349202400070024 -0.2853404391121708 -0.36832427454622696 -0.03638893281000244 0.5827227528102193 1.0495885041301651 1.3142219950812888 0.4722954442404912 0.2945662848856624 -0.28828081123384997 -1.3517153952411438 -1.1828073522513525 -0.24450193742218254 0.393232104968674 0.6248680865542874 0.9832667773856242 -0.01482620391768863 -0.8926906362456761 -1.0648657593706665 -0.9661999392876549 -0.6662819828763812 -0.5336385293872994 -0.2912211833555291 0.08383961616532298 -0.33630688922127616 -1.2991154050644391
0.705891673907224 0.1570222111937819 0.14526072270706525 0.32691037822413305 0.542537667147271 0.9107375983842051 1.0721313570630384 1.1541350684565348 0.7388891832727346 -0.19647585943475637 -0.40752923616861564 -0.2980820516394471 -0.5257975370628216 -0.9730608075715729 -1.1622247473995984 -1.0511440228028306 -0.9230744815030273 -0.9583589469631771 -0.8832161038535988 -0.6790235954036575 -0.14583611733917096 0.42459607426658497 0.695110309461067 1.3923052103125464 1.2165362990388369 0.34847310711644686 -1.1145253774256922 -1.639871863165701 -0.98351546400421 -0.507175180292187 0.14526072270706525 0.5134606539439993 1.2008543143898818 0.32691037822413305 -0.7123478127826879 -1.024680673707718 -1.167125367602397 -1.278532800212685 -1.33047937436235 -1.4827253086626264 -1.9035252300762653 -2.8401971048378356
0.7379090592321748 0.24686691491175605 -0.11643239612237938 0.03875391029957592 0.32495013014301355 0.6931500613799476 1.3648617371768745 1.5729747417890545 0.9509226840471535 -0.026587692404405283 -0.29318143143664854 -0.5989801320912805 -0.8577328787990461 -1.1661452435618374 -1.3566160154439426 -1.2386744225632564 -1.1145253774256922 -1.1739862358863151 -1.2569700713203713 -1.1739862358863151 -0.8985713804890343 -0.295141679517768 0.37853024436027816 1.077031977265837 1.262275420931624 0.45759358363209546 -0.9632595671659757 -1.9446904397797735 -1.5882519970295559 -1.4242445742425631 -0.7482856942698777 0.48797742888944673 1.1763512133758884 1.1694903450919707 0.015230933326142726 -1.2795129242532446 -1.7901575493848578 -1.9231277108874596 -2.1877612018385832 -2.4866990342092974 -3.0110653959087466 -3.949370810737917
0.7898556333818397 0.1919799686404119 -0.39282737556021985 -0.4163503525336531 -0.04324980109392046 0.525222142430716 1.2224170432821952 1.740902660738286 1.1714505931730899 0.5886034970535777 0.15506196311266252 -0.3996882438441379 -0.77474904336499 -1.0089986890587626 -1.0050781928965238 -0.8802757317319196 -0.8283291575822546 -0.9132732410974301 -1.1690856156835165 -1.3108768935511557 -1.171045863764636 -1.0266409217888375 -0.36244353030286863 0.08481974020588268 0.22922468218168113 -0.01580632795824838 -1.0403626583566736 -1.9982705539970378 -2.0129724146054335 -1.8038792859526938 -1.4729240682570293 -0.18275412286692033 1.1119897347124672 1.3697623573796731 0.6902096892582684 -0.9750210556526924 -2.0900755057961313 -2.3997947026130024 -2.689584710605159 -3.007144899746508 -3.488712511674849 -3.9183335494535254
0.8649984764914181 -0.0677529021079134 -0.6633416107547021 -0.7064670685393296 -0.3392472613429553 0.20276133308656874 0.9264195830331606 1.512533759287872 1.34460584033864 1.0270456511972914 0.563120271999025 -0.2971019275988874 -0.5911391397668029 -0.6087813724968778 -0.5783975272395265 -0.5052149322110675 -0.41929072465533224 -0.39282737556021985 -0.6849043396470158 -1.0782607879249828 -1.3536756433222634 -1.3977812251474506 -1.3245986301189918 -1.0138993092615611 -0.7982720203384233 -0.9642396912065354 -1.3245986301189918 -1.737557559208153 -1.8996047339140265 -2.0900755057961313 -1.9593923003881693 -1.4183638299992047 -0.16543859815036532 1.007443170386097 1.094347501982392 -0.16445847410980557 -1.8411239994939632 -2.3468680044227774 -2.6467859608340514 -2.9630393179213206 -3.3567224742128072 -3.7170814131252636
0.5350233828363131 -0.9269949776652662 -0.9962570765314862 -0.8975912564484747 -0.6447192539840674 -0.10859140379790166 0.8218730187067905 1.7350219164949277 1.4929312784766777 1.13649283572646 1.1404133318886989 -0.019726824120487207 -0.5646757906716904 -0.5042348081705078 -0.3595031581811895 -0.29220130739608885 -0.17425971451540279 -0.13211438077133492 -0.07363364635127173 -0.347088253667433 -0.9632595671659757 -1.3869998607012937 -1.5431662911638089 -1.3919004809040925 -1.1730061118457553 -1.2063303292247858 -1.2863737925371628 -1.0227204256265985 -1.4837054327031858 -1.9904295616725602 -2.1936419460819416 -2.1008568702422883 -1.661434592058015 -0.7169217249719666 0.32397000610245386 0.2155029456138451 -1.2883340406182822 -2.1086978625667663 -2.320731363341185 -2.453374816830267 -2.7062468192946745 -3.0287076286388217
-0.0889889229867073 -1.671235832463612 -1.2386744225632564 -0.9201341093813482 -0.6927453319714936 -0.21901871236762988 0.7653525323678468 1.872892698200328 1.602378463005846 1.288738770026736 1.5308294080449865 0.08677998828700217 -0.6515801222679855 -0.5267776611033813 -0.2725988265848945 -0.1915752392319578 -0.10467090763566278 -0.16739884623148477 -0.07069327422959254 -0.055991413621196806 -0.6309975174162313 -1.145889346723603 -1.3683775039306592 -1.3507352712005842 -1.2386744225632564 -1.19162846861639 -1.0374222862349944 -0.6456993780246272 -1.0570247670461888 -1.6486929795307383 -2.1047773664045275 -2.2697649132320796 -2.3011288825299907 -1.9241078349280194 -1.4827253086626264 -1.164184995480718 -1.4134632097964062 -1.6731960805447317 -1.858766232224038 -1.9865090655103215 -2.126340095296841 -2.453374816830267
