static/data/ASCData/20210116/ASCU/09.asc
ncols 97
nrows 97
xllcorner 99.0
yllcorner 2.0
cellsize 0.25
NODATA_value -32767
[rows 57 to 75 of 97, columns 42 to 83 of 97]
-2.7549425390881312 -1.9453440173986771 -2.2754619452222546 -2.810457866289694 -2.869277677253254 -2.9492461842936004 -2.9102532759020265 -2.865312296738857 -2.749985813445135 -2.650520852209002 -2.6396160557944093 -2.6316852947656146 -2.5956664217598386 -2.587735660731044 -2.656138474604398 -2.7860046864509105 -2.8008748633799003 -2.6971140732531707 -2.5887270058596434 -2.533211678658081 -2.524289572500687 -2.4628261745275286 -2.3144548536138285 -2.202102405705904 -1.9688058521088612 -1.9717798874946593 -2.353447762005402 -2.7100015599249616 -2.872912609391452 -2.8438331522858715 -2.8378850815142753 -3.2440061358638017 -3.7928808887316317 -4.334816225699266 -4.933588683373262 -5.05651547931958 -4.785217362459563 -4.084005908163635 -3.37982041848191 -2.8603555710958606 -2.584100728592847 -2.464808864784727
-3.3897338697679036 -2.4344076141743476 -2.660103855118795 -3.02425796569095 -3.0381367974913407 -2.9882390926851743 -2.924793004454817 -2.7384201202781426 -2.622102291855821 -2.5262722627578857 -2.484305318980514 -2.454234516746334 -2.387814393130179 -2.3484910363624056 -2.432755372293349 -2.5371770591724783 -2.573195932178254 -2.4727396258135217 -2.3633612132913955 -2.301897815318237 -2.2391126238402794 -2.1631094973143306 -2.043817633506211 -1.9043684187499046 -1.770536826388995 -2.1151944827653626 -2.5028104280477015 -2.7724563030267197 -2.8682863321246552 -2.8973657892302356 -3.0976175052073005 -3.51365201084282 -3.5880028954877696 -4.037082238743267 -4.129938232455404 -4.237333954720332 -3.9472002804169275 -3.3738723477103143 -3.036154107234142 -2.891748166834839 -2.969733983617987 -4.092928014321029
-4.009655023518685 -3.0126922725239575 -3.191464844048037 -3.2489628615067985 -3.2179007141440192 -3.0926607795643037 -2.921818969069019 -2.7344547397637453 -2.5292462981436836 -2.4317640271647494 -2.3174288889996264 -2.2665398390648606 -2.138656317475547 -2.0633140877019978 -2.1366736272183484 -2.1826059515101175 -2.2206075147730915 -2.2325036563162834 -2.1231252437941572 -2.0487743591492076 -1.9727712326232585 -1.8779325486539225 -1.7930073159705797 -1.6631411041240673 -1.908333799264302 -2.2549741458978687 -2.704053489153366 -2.9727080190037847 -2.9393327330076073 -3.040119487748539 -3.450205922612463 -3.642526877560733 -3.510677975457022 -3.3203397107659502 -3.4072476337064916 -3.3203397107659502 -3.0391281426199397 -2.881834715548846 -2.8048402438942976 -3.0711816351113184 -3.3084435692227583 -5.039001715380992
-4.585956991611097 -3.7148950719484843 -3.626004458750744 -3.479615828094243 -3.384777144124907 -3.1200879947888853 -2.9492461842936004 -2.684557034957579 -2.4793485933375172 -2.274470600093655 -2.1571614265427344 -2.021347143924626 -1.872975823010926 -1.7811111744273878 -1.7305525728688218 -1.7735108617747928 -1.885863309682717 -1.89643765772111 -1.839930985390948 -1.7695454812603955 -1.7001513222584423 -1.6162174347036988 -1.5607021075021363 -1.5607021075021363 -1.9004030382355073 -2.501819082919102 -2.9512288745507993 -3.099600195464499 -3.0391281426199397 -3.3514018581287295 -3.7234867297296783 -3.6729281281711126 -3.2469801712495996 -2.936358697621809 -2.577161312692651 -2.4892620446235108 -2.687531070343377 -2.5216459854910886 -3.2684593157025854 -3.7188604524628817 -3.708947001176888 -6.116263421792265
-4.698309439519021 -4.235351264463134 -3.9931326047086966 -3.7119210365626865 -3.4386402294454705 -3.173951080109449 -2.936358697621809 -2.6485381619518034 -2.34188206883841 -2.126099279179955 -1.8974290028497094 -1.7130388089302337 -1.5927555999935148 -1.4648720784042009 -1.3250924152716952 -1.3690420493062656 -1.4893252582429846 -1.5858161840933194 -1.547814620830345 -1.452975936861009 -1.396469264530847 -1.3829208811066562 -1.4063827158168403 -1.5098130575673707 -2.1436130431185436 -2.741063707287741 -3.0781210510115136 -3.184525428147842 -3.3319054039329425 -3.733400181015672 -3.8417872484091986 -3.6094820399407554 -3.1220706850460838 -2.59368373150264 -2.2070591313489007 -2.2615831134218642 -2.501819082919102 -3.0801037412687124 -4.366208821438245 -4.883690978567096 -4.390662001277029 -6.840936710798377
-5.036027679995193 -4.562495156900913 -4.189418940171365 -3.871197153890979 -3.445249196969466 -3.208978607986625 -2.9122359661592254 -2.5431251299440745 -2.2176334793872936 -1.899411693106908 -1.6182001249608975 -1.412991683340836 -1.227610144292761 -1.0498289178972808 -0.9259107768223644 -0.9698604108569346 -1.0604032659356737 -1.1787037846151938 -1.2246361089069628 -1.1241798025422307 -1.1278147346804281 -1.1307887700662262 -1.2725511234559306 -1.8134951152949659 -2.379883632101384 -2.789970066965308 -3.1210793399174848 -3.4492145774838634 -3.7264607651154766 -3.9412522096453317 -3.945217590159729 -3.6445095678179316 -3.033180071848344 -2.6026058376600343 -2.344856104224208 -2.4833139738519145 -2.9462721489078025 -3.8067597205320225 -4.475587233960371 -5.015539880670808 -4.949119757054652 -6.930818669124716
-5.163911201584507 -4.760764182620779 -4.320276497146476 -3.8731798441481775 -3.5215827718716146 -3.2354144780826077 -2.8213626627042867 -2.4178851953643585 -2.028286559824821 -1.6542189979666733 -1.341945282457884 -1.0848564457744572 -0.8036448776284468 -0.6856748073251262 -0.5468864893212199 -0.5194592740966384 -0.6083498872943784 -0.7352420637550929 -0.793070529590054 -0.7745654205228665 -0.8280980574672303 -0.8925354908261869 -1.3194747928762989 -2.0253125244390233 -2.491244734880709 -2.878860680163048 -3.3153829851229535 -3.728443455372675 -3.9921412595800976 -4.118042090912212 -4.015603094290281 -3.5830461698447733 -3.355367238643127 -3.0027788212379645 -2.616154221084225 -2.487279354366312 -2.6885224154719762 -3.006744201752362 -3.295886530927167 -4.585956991611097 -6.684634628855882 -7.9122503464380545
-5.240244776486656 -4.708883787557414 -4.22642915830574 -3.8242734844706106 -3.5186087364858167 -3.1200879947888853 -2.6885224154719762 -2.2596004231646654 -1.8448877110339448 -1.4764377715711932 -1.1426849116094182 -0.7791916977896634 -0.4940147491292555 -0.24419577672222392 -0.06938858571254178 -0.09483311067992461 -0.22965604816943372 -0.3466347733441548 -0.3985151684075199 -0.4315600060274976 -0.4345340414132956 -0.7306157864882961 -1.4324881375366227 -2.1026374444697713 -2.573195932178254 -2.962794567717791 -3.33587078444734 -3.7274521102440756 -4.095571601330628 -4.190410285299964 -4.200323736585957 -4.014611749161682 -3.918781720063747 -3.388742524639304 -3.0097182371381597 -2.448286445974738 -2.1485697687615404 -3.3319054039329425 -5.9844145196885545 -7.291007399182473 -7.66705765129782 -7.861361296503289
-5.091873455572956 -4.574060850067905 -4.182479524271169 -3.7723930894072457 -3.4151783947352863 -2.993195818328171 -2.565265171149459 -2.1151944827653626 -1.6942032514868464 -1.3055959610759083 -0.9315283992177605 -0.5538259052214152 -0.23229963517903196 0.18076083507068957 0.35259399069457376 0.34961995530877576 0.19629190875207914 0.061468971262570005 0.03899848168098516 0.06939973229136467 -0.0878936947797293 -0.8330547831102268 -1.6542189979666733 -2.079175609759587 -2.516689259848092 -3.0117009273953586 -3.4161697398638857 -3.7558706705972567 -4.122998816555209 -4.231385883948736 -4.455099434635986 -4.501031758927755 -4.254847718658921 -3.7694190540214474 -3.264493935188188 -2.4971928056523054 -2.0517483945350055 -3.5916378276259673 -7.115208863044192 -7.845830222821899 -7.418890920771787 -7.477380283359148
-4.978529662536433 -4.461047505407581 -4.024525200447675 -3.614108317207552 -3.2909298052841702 -2.8719212642628524 -2.412928469721362 -1.9697971972374606 -1.5468232757017457 -1.1512765693906124 -0.7996794971140495 -0.45997856638067847 -0.0789715886223353 0.43751922337791654 0.7246788622955229 0.8875899117620132 0.6972516470709413 0.5254184914470572 0.5333492524758519 0.5234358011898586 0.1328458205217219 -1.0478462276400822 -1.7900332805847818 -2.167074877828728 -2.5252809176292863 -3.0487111455297335 -3.4178219817448845 -3.6924245823668995 -3.9861931888085014 -4.266743860202112 -4.523502248509339 -4.613384206835678 -4.333163983818268 -3.421787362259282 -2.5751786224354527 -2.201111060577305 -2.44531241058894 -4.935571373630461 -7.275476325501084 -7.376923976994416 -7.2391270041191085 -7.112234827658394
-4.752833421591984 -4.257821754044718 -3.8672317733765817 -3.496138246904232 -3.155115522666062 -2.710992905053561 -2.2520001105120704 -1.7930073159705797 -1.3680507041776662 -0.9959658325767171 -0.6661783531293395 -0.3661312275399417 0.010579921327804331 0.5558197420574367 1.1357566422880458 1.313537868683526 1.1912719694896083 1.0253868846373202 1.0409179583187098 0.9364962714395801 -0.025438951677971403 -1.3644157720394687 -1.9598837459514673 -2.325359650028421 -2.691496450857774 -3.0371454523627412 -3.3983255275490976 -3.5615670253917875 -3.823282139342011 -4.113415813645416 -4.416106526244412 -4.46303019566478 -3.368254725314918 -2.433746717421948 -2.3349426529382145 -2.082149645145385 -4.21089808462435 -6.45034673013024 -6.625814817892322 -6.712061844080464 -6.734532333662049 -6.547829001109174
-4.466665127802978 -4.09193666919243 -3.702007585276693 -3.3867598343821057 -2.9971611988425684 -2.5262722627578857 -1.9757452680090566 -1.5174133702199655 -1.1717643687149986 -0.8036448776284468 -0.558452182488212 -0.28318868511379763 0.060477626133970674 0.6453712520075763 1.359470192975295 1.7616258668104239 1.6436557965071035 1.5184158619273878 1.5283293132133813 0.9735064895739551 -0.18570641413486336 -1.7325352631260205 -2.316437543871027 -2.6531644392186 -2.8663036418674563 -3.207987262858026 -3.55760164487739 -3.7343915261442713 -3.782306540693239 -3.94323489990253 -4.1368776483556 -3.6375701519177364 -2.2724879098364568 -1.6641324492526666 -1.6211741603466956 -3.4756504475798455 -5.579945707220027 -5.667844975289167 -5.349623189008782 -5.5987812646634145 -5.663218698022371 -5.5987812646634145
-4.273352827726108 -3.9267124810925416 -3.5761067539445777 -3.2948951857985675 -2.8408591169000736 -2.2685225293220594 -1.6915596644772481 -1.2186880381353669 -0.8720476915018007 -0.6522995213289489 -0.42098565798910476 -0.1982634524304549 0.1563076552319061 0.7597063901726993 1.590784056315139 2.025323671017846 2.173694991931546 2.04878550572803 1.8574558959083594 1.264631509005959 -0.21181183585464575 -1.954266123556071 -2.7559338842167307 -3.1974129148196333 -3.3514018581287295 -3.55760164487739 -3.9072160268967546 -3.9356345872499356 -3.9491829706741264 -3.588994240616369 -3.4862247956182384 -2.510741189076496 -1.7285698826116231 -1.4169570638552333 -2.5176806049766913 -4.373148237338441 -4.809670542298346 -4.4266808742828045 -3.979584221284506 -4.098545636716425 -4.188427595042765 -4.438577015825996
-4.048978380286459 -3.777349815050242 -3.5040690079330266 -3.213935333629622 -2.6531644392186 -2.036217320853616 -1.4354621729224208 -0.9668863754711368 -0.6192546837089711 -0.40347189405051653 -0.26765761143240807 -0.07037993084114111 0.3340888816273862 0.9169998172437932 1.7246156486760489 2.2500285668336946 2.4648200113635497 2.620130748177445 2.417896341943181 1.6895881207988726 0.10740129555433905 -1.9473267076558758 -3.2354144780826077 -3.845752628923596 -4.532093906290533 -4.761755527749378 -4.646429044455656 -4.606444790935483 -3.5850288601019717 -2.938341387879008 -2.362369868162796 -1.6277831278706911 -1.7120474638016343 -2.293967054289442 -3.105548266236095 -3.694407272624098 -3.8906936080867656 -3.5780894442017765 -3.1689943544664523 -2.865312296738857 -2.948254839165001 -3.237397168339806
-3.905233336639556 -3.7274521102440756 -3.4356661940596727 -3.0262406559481487 -2.4882706994949113 -1.8894982418209147 -1.2821341263657242 -0.7286330962310974 -0.3631571921541437 -0.15133978301008652 -0.04592675100235759 0.13482851077892055 0.49699993109387636 1.0818935569674821 1.8670388988181528 2.4149223065573833 2.9697451301968094 3.2364169697900294 3.1356302150490976 2.397408542618795 0.48146885741248685 -1.9453440173986771 -3.5780894442017765 -5.043958441023988 -6.105358625377673 -6.368065084456496 -5.9844145196885545 -4.718797238843408 -3.2549109322783942 -1.665123794381266 -0.8905528005689882 -0.96192964982814 -1.770536826388995 -1.9833455806616513 -2.2149898923776954 -2.779395718926915 -3.3702374155721166 -3.0126922725239575 -2.491244734880709 -2.287027638389247 -2.3408907237098107 -2.530237643272283
-3.82526482959921 -3.6220390782363467 -3.3018346016987628 -2.927767039840615 -2.4463037557175396 -1.8514966785579403 -1.1912608229107855 -0.5743137045458013 -0.12292122265690568 0.1328458205217219 0.3096357017886027 0.48146885741248685 0.7587150450441 1.3436086709177057 2.0897611043768025 2.6905162523079973 3.38379694557513 3.9637338458057387 4.0175969311263025 3.1739622266882717 1.018447468737125 -1.994250377076244 -3.94323489990253 -5.586885123120222 -6.323124105293326 -6.104367280249074 -4.999017461860818 -3.3758550379675127 -1.6221655054752948 0.23825885252945084 1.4189509006912548 0.9054341240768011 -0.0789715886223353 -0.17678430797746936 -0.5313554156398304 -1.73352660825462 -2.7909614120939072 -2.785013341322311 -2.270505219579258 -1.9403872917556804 -1.98532827091885 -2.114203137636763
-3.704981620662491 -3.4786244829656434 -3.2803554572457774 -2.8378850815142753 -2.330977272423817 -1.847531298043543 -1.18465185538679 -0.490379816991058 0.0879048413585522 0.4510676068021074 0.6797378831323533 0.8426489325988433 1.156244441612432 1.7735220083536158 2.4727507723923443 3.1121683803389133 3.738368053237491 4.499060215249378 4.916086066013497 4.144489107587018 1.630768309835312 -1.8125037701663667 -3.5546276094915923 -3.8437699386663975 -2.5801353480784495 -1.3350058665576885 -0.6152893031945738 -0.13382601907149833 0.7108000304951323 2.2021135522847266 3.698383799717318 3.9432460464813532 2.905307696837853 2.3134746550640517 1.6846313951558758 0.04296386219538248 -1.7120474638016343 -2.315446198742428 -1.5907729097363161 -0.8680823109874034 -1.322118379885897 -1.682637558319854
-3.5615670253917875 -3.344792890604734 -3.1065396113646946 -2.7179323209537563 -2.41590250510716 -1.9073424541357027 -1.182669165129591 -0.4219770031177041 0.20422266978087378 0.7177394463953275 1.0138211914703281 1.350548086817901 1.6581955250598936 2.2794384723154746 2.9248041510336393 3.512671812293043 3.8427897401166207 4.554575542450941 5.614323484923626 5.49106624060111 3.7000360415983167 0.3710990997617613 -0.9014575969835807 0.08592215110135354 1.2910673791019411 1.998887800921864 2.2285494223807087 2.2245840418663114 3.1680141559166755 4.221814027617765 5.264709102904262 5.777234534390116 5.713788446159759 5.119972714128759 4.22842299514176 2.4872905009451345 0.4170314240535303 -0.3826536463499306 -0.3985151684075199 -0.015525500391978087 -0.10937283923271482 -0.7606865887224756
-3.3008432565701633 -3.133636378213076 -2.8682863321246552 -2.6201196015986223 -2.329985927295218 -1.816469150680764 -1.1747384041007964 -0.4071068261887141 0.3406978491513818 0.8975033630480065 1.3545134673322983 1.7801309758776114 2.139658809182969 2.7394226119855647 3.334890585897563 3.791900690181855 4.032136659679093 4.3183049534681 5.270657173675858 6.6367307608857375 5.914040162136824 3.8963223770609847 2.880854516999069 3.2245208282468374 3.0926719261431264 3.469713523387072 3.3702485621509393 3.6650085137211406 4.79282882169098 5.563434434988861 7.071270375588444 7.485322190966765 7.2900272006326965 7.065322304816848 6.256715128255993 4.713851659779233 2.7186043642849786 1.2851193083303452 0.8310832394318513 0.66982443184636 0.9863939762457465 0.44445863927811186
