static/data/ASCData/20210116/ASCU/12.asc
ncols 97
nrows 97
xllcorner 99.0
yllcorner 2.0
cellsize 0.25
NODATA_value -32767
[rows 57 to 75 of 97, columns 0 to 41 of 97]
-2.5809088543355543 -2.5328780673656306 -1.8825152492053143 -1.3833845035313792 -1.093577119989881 -1.5758321837554647 -1.7293359826525854 -1.5368883024284998 -0.9001558427326214 -0.11121771351718801 0.8889909718970307 1.5189082523606903 1.8645351991375048 1.59679601501462 1.4952173912201197 1.3323021543356495 1.183017275915617 0.9542219731196971 0.6614937984786767 0.19351815786631343 -0.3805795593620295 -0.9997872724607736 -0.7154969387739288 -0.7378896705369338 -1.2272844458791277 -0.8913934694340543 -0.6531867286507848 0.41809454018514514 1.093121816519206 1.3040678403736 1.4796398386893337 1.0684573583454613 -0.013533477855383946 -1.3697541450669415 -1.6511236876542639 -1.0455463330199575 0.3995961965548368 -0.33189970770332317 -0.6385827731531729 -0.8641327525051787 -1.1568609271461994 -2.112933213723191
-3.358163819152898 -2.520221305934367 -1.5836209600208577 -1.169517688577463 -1.7867782076098586 -2.277146579985227 -2.4196162791730407 -2.210617449384995 -1.6063382241282542 -0.9176805893297557 -0.05539815028187145 0.573545533148614 1.0373022532838894 1.5043042968630784 1.4319335840638017 1.8363008851754552 1.8019004566699697 1.4689302713244183 1.3741668267621368 1.0411966414165859 -0.27997453260070315 -1.2477299835757845 -1.810144536406038 -1.83188820348026 -1.3876034240084671 -0.7771580842082901 0.5118843877142526 1.297252661141381 1.6808498922119863 1.6740347129797675 1.7707453516083973 1.744458231712696 0.655652216279632 -1.0601502885175695 -1.3775429213323345 -0.994919287294903 0.3038591549593811 -0.06318692654726443 -1.1364153894495426 -1.4528344252311336 -2.8259307743510425 -3.8053693897242136
-3.396134103446689 -2.283961759217446 -1.7634118788136797 -1.8854360403048367 -2.488092603839621 -2.7126689861584525 -2.8473499090808736 -2.6208263326956933 -2.120721989988584 -1.6647540461187016 -1.026074392356475 -0.4295839433651272 0.26783606473193833 0.7393815611326068 1.2933582730086841 1.6983746388091205 1.8009268596367956 1.4241448077984087 1.5150138642279938 1.3254869751034306 0.279519229130028 -1.2389676102772174 -1.825073024248041 -2.187251120588816 -1.7410191470506748 -0.3202165433052337 1.1966476343800547 1.7804813219401385 1.9992161220599258 1.9417738971026521 1.3469061098332613 1.2884902878428135 0.07538838450785279 -1.6112062092941248 -1.514495570665495 -0.9546772765903724 -0.2770537415011808 -1.2506507746753068 -2.9167998307806275 -4.1815023768738175 -5.506567939023803 -4.986991655653211
-3.192976855857688 -2.3485436957513293 -2.93140378627824 -3.0495335596367004 -2.972294861671553 -3.1968712439903846 -3.0057216931438644 -2.741876897153676 -2.552350008029113 -2.3024601028477543 -1.8153370539162998 -1.374622130232812 -0.6541603256839589 0.015025368451057064 0.5696511450159175 0.9318292413566923 1.0382758503170635 1.1184353393817332 1.312830213672167 1.1447224592774345 0.7423023522321291 -0.8034452041039916 -1.2117068933483417 -1.5738849896891165 -1.8348089945797823 -0.4010250970586861 1.2414330979060644 1.835327288142281 1.933011523804085 1.156405623675524 0.3411803745643892 -0.6366355790868247 -1.8503865471105683 -2.196013493887383 -1.9597539471704617 -1.816310650949474 -1.9354140213411086 -4.068240588681228 -6.465561016700317 -7.786732190717606 -7.199977712057999 -6.679427831654233
-3.1394290190331113 -3.4344289200848714 -4.246733378096484 -4.041628936441135 -3.793686225326124 -3.381530147949077 -3.11314189913741 -2.965479682439334 -2.8697426408438784 -2.850270700180396 -2.5916184217004696 -2.151228030361373 -1.5826473629876836 -0.8690007376710494 -0.21279633731168845 0.12147197741142812 0.22305060120592857 0.46223093902237233 0.6231989818404945 0.4875444618848995 0.12828715664364698 0.3703882855596131 -0.022295851153951163 -0.8024716070708174 -1.3210742934082351 -0.7596333376111558 1.0373022532838894 1.7512734109449148 1.4465375395614135 -0.06513412061361268 -1.382410906498205 -2.2359309722475222 -2.6217999297288674 -2.744797688253199 -3.5418491260784166 -4.113026052207237 -5.481254416161276 -7.588767460638867 -9.33572507049764 -8.878783529594584 -8.01455389648035 -6.880637885176886
-3.0407711863381333 -4.8172612395365215 -5.294648318136235 -4.801359154661344 -4.2009743175373 -3.7242363036263697 -3.387371730148122 -3.24295483689396 -3.1705841240946833 -3.2049845526001692 -3.1394290190331113 -2.866821849744356 -2.406959517741777 -1.7721742521122468 -1.063071079617092 -0.5662120603538962 -0.3435828721014127 -0.42276876413290826 -0.5886047921169011 -0.33189970770332317 -0.06123973248091619 0.3655203003937423 0.596911861944793 -0.08363246424392101 -1.0280215864228233 -0.8699743347042235 0.6144366085419272 1.4329071810969758 0.5031220144156855 -1.4547816192974818 -2.496854977138188 -3.5152374738383236 -3.8660569381254004 -4.1970799294046035 -5.354362269504247 -7.463497975703796 -8.903123455423936 -9.478194769685453 -9.293860398071152 -8.806412816795307 -8.024289866812092 -6.974427732705993
-2.7477184793527214 -5.3287242142973295 -5.717513962878197 -5.2771235715391 -4.659863052506704 -4.11594684330676 -3.7320250798917627 -3.584687395538078 -3.636612570640698 -3.740138388501547 -3.633691779541176 -3.3747149687168583 -3.039797589304959 -2.534825261431979 -2.037966242168783 -1.6170477914931696 -1.2811568150480959 -1.1815253853199437 -1.1549137330798511 -0.7174441328402771 -0.4529502721613062 -0.0008767164241203496 0.31554231935747057 0.12341917147777637 -0.557449687055329 -0.9059974249316661 0.049101264612151474 1.0236718948194516 -0.6256014793775179 -2.0944348700928828 -2.86779544677753 -4.9704405060892505 -7.01142441996661 -7.68612716395628 -7.998651811605174 -9.13548861400816 -9.208832923840612 -9.136462211041335 -9.099465523780719 -8.692177431569542 -7.814317439990873 -6.736220991922724
-2.4507713842346126 -5.077860712082796 -5.727249933209938 -5.618856130183219 -5.183333724009993 -4.7351545564055035 -4.336628837492895 -4.0484441156733535 -3.9637411737872044 -3.914736789784107 -3.7527951499328105 -3.6255784709313916 -3.5045279064734083 -3.241981239860786 -2.895380696050797 -2.5075645445031034 -2.2135382404845174 -1.9354140213411086 -1.594330527385773 -1.4664647836955713 -1.153940136046677 -0.6765530574469638 -0.14724080374463067 0.2090957103970995 -0.16768634144128725 -0.9997872724607736 -0.7849468604736831 -0.38350035046155184 -1.627757358858085 -2.300512908781406 -3.3678997894846394 -5.690253245949322 -7.691319681466542 -8.290730921557412 -8.358233649190817 -8.730147715863334 -9.093623941581674 -9.145224584339902 -8.698019013768587 -8.024289866812092 -7.265533245625057 -6.486006554396973
-2.421563473239389 -5.421540464793263 -6.6012155366559115 -6.294532471206062 -5.757431441238336 -5.263493213074662 -4.741969735637722 -4.429445087988828 -4.2204462582007825 -4.118867634406282 -3.8933176550542763 -3.725209900659544 -3.6100009184006057 -3.607080127301083 -3.448059278549309 -3.290661091519492 -3.002800902044342 -2.633483094126957 -2.2459914749236547 -1.9636483353031582 -1.5602546312246788 -1.0319159745555198 -0.1404256245124117 0.27367764693098307 -0.2965256821646633 -1.2253372518127794 -1.3532029955029814 -1.4061017676387755 -1.8708320848072248 -2.9920913346794267 -4.764362467400727 -6.598294745556389 -7.902914770009718 -8.128789281706116 -8.414702277114916 -8.75546123872586 -8.891440291025846 -8.54062082673877 -8.016501090546699 -7.4420788409739655 -6.800478396112216 -6.06995608888723
-2.375804412680205 -5.280044362638622 -6.560324461262598 -6.289664486040191 -5.900225672770541 -5.644169653045746 -5.128812290152242 -4.775072034765643 -4.482992924813405 -4.270424239237054 -4.051364906772876 -3.9332351334144153 -3.9501108153227666 -3.9225255660495 -3.913763192750933 -3.7907654342266013 -3.5142638768051495 -3.120930675402803 -2.7204577624238455 -2.2223006137830845 -1.5553866460588082 -0.3971307089259896 0.3275500160999515 -0.4344519285309978 -1.4752271569941384 -1.7205736093540183 -1.7634118788136797 -2.165831985858985 -2.7662168229830297 -4.351232792990507 -6.043668968991529 -7.551446241033859 -7.913948869719025 -8.198888268094652 -8.33292012632829 -8.53380564750655 -8.358233649190817 -7.8970731878106735 -7.4021613626138265 -6.859218750447055 -6.273113336476231 -5.808383019307782
-1.8893304284375332 -3.4646104281132692 -4.300605747265452 -4.242838989963787 -5.4851488042939724 -5.329697811330504 -5.505594341990629 -5.1667825744460325 -4.88541303185871 -4.6287079474451325 -4.450864222718659 -4.273345030336577 -4.287948985834189 -4.321051284962109 -4.312288911663542 -4.191238347205559 -3.913763192750933 -3.500633518340712 -2.9586645032071153 -2.247938668990003 -1.1062338814211448 -0.0661077176467868 -0.26050259193722064 -1.0270479893896491 -1.8601225174423095 -2.2359309722475222 -2.9518493239748964 -4.12081482847263 -4.754626497068986 -5.755484247171988 -7.098399088263498 -7.44792042317301 -7.811396648891351 -8.035973031210181 -8.128789281706116 -8.142419640170553 -7.828921395488485 -7.354130575643903 -6.825791918974743 -6.33185369081107 -5.972271853225426 -5.511435924189674
-1.0221800042237785 -1.2467563865426103 -1.954885962004591 -2.4666734691097902 -3.7391647914683728 -5.629565697548134 -5.822986974805394 -5.563361099292294 -5.353388672471073 -5.003542805217171 -4.876650658560143 -4.7030258543107575 -4.644285499975918 -4.6764142020706645 -4.64233830590957 -4.521287741451587 -4.233103019632046 -3.82581492742087 -3.1978448410235587 -2.5319044703324565 -1.5417562875943704 -1.4129169468709943 -1.612179806327299 -1.7926197898089034 -2.577014466202858 -3.4169041734877372 -4.6374703207437 -5.970324659159078 -6.144273995752855 -6.690137399019148 -7.069191177268275 -7.419686109210961 -7.6218697597667875 -7.8337893806543555 -7.7594714737887305 -7.6773647906577125 -7.2713748278241015 -6.81800314270935 -6.328932899711548 -5.9489055244292475 -5.588674622154821 -5.268361198240533
-0.49578854162096775 -0.7369160735037595 -1.0027080635602958 -1.6326253440239555 -3.2302980754626964 -5.122646175608806 -6.162772339383164 -5.909961643102283 -5.759378635304684 -5.3874645686321685 -5.221304008303784 -5.066177547684706 -4.983097267520514 -4.912024684098803 -4.878597852626491 -4.7740984377324684 -4.481045730747057 -4.239918198864265 -3.818026151155477 -3.478240786577707 -3.4207985616204337 -3.5428227231115907 -4.282107403635144 -4.462547387116748 -4.306447329464497 -5.037943233722657 -5.995962714365997 -6.5612980582957725 -6.4548514493354014 -6.723239698147069 -7.130527790358245 -7.3512097845443805 -7.553393435100207 -7.4842680457448445 -7.401187765580652 -7.089636714964931 -6.69987336935089 -6.278954918675276 -5.9411167481638545 -5.565308293358642 -5.295621915169409 -4.975308491255121
-0.807339592236688 -1.4752271569941384 -1.3522293984698073 -1.3914978121411636 -2.897327890117145 -4.93247022179546 -6.191006653345213 -6.26337736614449 -6.068008894820882 -5.864851647231881 -5.5915954132543435 -5.38551737456582 -5.244994869444354 -5.155099410047943 -5.016199566648435 -4.899043390323148 -4.812393254370651 -4.671546216904794 -4.779940019931513 -4.892228211090929 -5.218383217204262 -5.684411663750277 -6.39319030390104 -6.645351935493139 -6.5846643870919515 -6.490874539562844 -6.65508790582488 -6.382480736536125 -6.4548514493354014 -6.833580695240136 -7.089636714964931 -7.24963116074988 -7.203872100190695 -7.122739014092852 -6.84850918308214 -6.451930658235879 -6.148168383885552 -5.75840503827151 -5.461782475497793 -5.2488892575770505 -5.027233666357741 -4.830891598000959
-1.6092590152277766 -1.930546036175238 -1.7303095796857595 -1.8980928017361003 -2.1236427810881064 -4.05233850380605 -6.37663915433708 -6.663850279123447 -6.308487362014891 -6.250720604713226 -6.0485369541574 -5.848300497667921 -5.610093756884652 -5.415698882594218 -5.254730839776095 -5.10706862307802 -5.0768871150496215 -5.098306249779453 -5.441012405456745 -5.664939723086794 -6.05340493932327 -6.4159075680084365 -6.6589822939575765 -6.849482780115314 -6.859218750447055 -6.667744667256144 -6.4236963442738295 -6.395137497967388 -6.468481807799839 -6.717398115948024 -6.981242911938212 -7.10813505859524 -7.003635643701217 -6.69987336935089 -6.339642467076463 -5.879780135073885 -5.502673550891107 -5.181386529943644 -5.08370229428184 -4.942206192127201 -4.8250500158019145 -4.6364967237105255
-3.0573223359020933 -2.910958248581583 -3.0524543507362227 -3.0758206795324017 -2.873637028976575 -4.310341717597193 -6.575902013793384 -7.077953550566842 -6.798531202045868 -6.680401428687407 -6.277007724608928 -6.2195654996516545 -5.915803225301327 -5.684411663750277 -5.4608088784646185 -5.267387601207359 -5.309252273633847 -5.424461255892785 -5.630539294581308 -5.852194885800618 -6.154983563117771 -6.44024749383779 -6.6090043129213045 -6.611925104020827 -6.532090147300549 -6.433432314605571 -6.254614992845923 -6.232222261082918 -6.206908738220391 -6.481138569231103 -6.678454234621059 -6.744009768188117 -6.607057118854956 -6.31530254124711 -5.994015520299649 -5.5406438351848974 -5.1512050219152465 -4.849389941631268 -4.698157869144887 -4.601447230516257 -4.52420853255111 -4.395369191827734
-4.598526439416735 -3.1958976469572105 -3.1413762130994596 -3.045639171504004 -2.888565516818578 -4.582624354541557 -6.971506941606471 -7.194136129858954 -6.8053463812780866 -7.009477225900262 -6.5612980582957725 -6.351325631474553 -6.03198580459344 -5.820066183705872 -5.67564929045171 -5.5172775063887185 -5.431276435125004 -5.512409521222848 -5.686358857816625 -5.854142079866966 -6.13356442838794 -6.284796500874321 -6.426617135373352 -6.4236963442738295 -6.311408153114414 -6.2039879471208685 -6.000830699531868 -5.936248762997984 -5.969351062125904 -6.115066084757632 -6.187112265212517 -6.253641395812749 -6.222486290751177 -6.05340493932327 -5.854142079866966 -5.518251103421893 -5.09538545867993 -4.650127082174963 -4.4323658790883504 -4.355127181123203 -4.2869753888010145 -4.145154754301983
-5.171650559611903 -3.981265920384339 -2.6373774822596534 -1.9811730819002924 -2.0632797650313104 -3.9361559245139377 -6.660929488023925 -7.664708029226449 -7.526132718171332 -7.224317637887353 -6.785874440614604 -6.412986776908914 -6.206908738220391 -5.92359200156672 -5.722381948044068 -5.648064041178443 -5.624697712382264 -5.572123472590861 -5.733091515408983 -5.781122302378907 -5.966430271026382 -6.079692059218972 -6.16179874234999 -6.155957160150945 -6.028091416460743 -5.883674523206581 -5.752563456072465 -5.730170724309461 -5.699015619247889 -5.666886917153143 -5.730170724309461 -5.726276336176764 -5.676622887484884 -5.658773608543358 -5.617882533150045 -5.566281890391816 -5.196964082474431 -4.698157869144887 -4.298658553199104 -4.150022739467854 -4.061425409449008 -3.947839088912027
-5.019444890092348 -5.164835380379684 -4.039681742374786 -2.6208263326956933 -2.167779179925333 -2.4176690851066924 -4.698157869144887 -7.36289294894247 -7.732210756859855 -7.380742227883995 -7.383663018983517 -6.726160489246591 -6.240984634381485 -6.046589760091051 -5.897304881671019 -5.776254317213036 -5.69706842518154 -5.627618503481786 -5.635407279747179 -5.661045334954098 -5.792805466776996 -5.8667988412982295 -5.9177504193676755 -5.891463299471974 -5.785016690511603 -5.701936410347411 -5.604252174685607 -5.5328550589195045 -5.481254416161276 -5.422514061826437 -5.336512990562722 -5.324829826164633 -5.361177448736466 -5.404015718196129 -5.474439236929057 -5.39720053896391 -5.124917902019545 -4.6287079474451325 -4.159758709799595 -3.9186311779168035 -3.8446378033955697 -3.7430591796010693
