static/data/ASCData/20210116/ASCU/15.asc
ncols 97
nrows 97
xllcorner 99.0
yllcorner 2.0
cellsize 0.25
NODATA_value -32767
[rows 0 to 18 of 97, columns 0 to 41 of 97]
0.9319401003604875 -0.8416099383604623 -0.7557270387144823 0.22579181438243068 0.9834016791166105 0.7267753956506466 -0.5389749586555806 -1.2948807976031338 0.16410608090654832 0.7755105331481671 0.29702009226342196 -0.44218629397519066 -1.3834901385077163 -1.3650866600121492 -1.7382683072833713 -2.1162212267571476 -2.200059295459176 -2.1492793270177035 -3.2937030453161182 -2.6414019741954613 -2.384775690729498 -2.037836040572325 -1.6629503675144761 -1.4127993820376936 -1.1159580900073425 -0.7949196318068938 -0.9619141588962992 -1.5290139406856267 -1.9567244131288994 -1.9032180034288246 -1.816312688310869 -1.8037028974898321 -1.685443507897947 -1.8190391295694714 -1.5555967429570015 -0.6541671018315378 -0.6746154112710568 -1.2158140011036602 -1.2018409896533222 -0.9472595371313105 -0.630651545976091 -0.23906642020930174
0.5703458284383263 -0.7441396633654216 -1.1289086859857045 -0.3474424602387525 0.6064711751148097 0.860371017322171 0.1457026024109812 -0.6453061677410796 0.4241404159457651 1.0001011318255508 0.4834405133203703 -0.5038720274510731 -1.2771589294222174 -1.1912760297762375 -1.6697664706609825 -1.9059444446874272 -1.9880784876028286 -2.708881395345874 -4.66101333650529 -3.8124084947652506 -3.3219898733741196 -2.8533827820518085 -2.529958687750083 -2.5026942751640573 -2.0681676995742784 -1.2986296543337124 -0.8610358323280053 -1.0389361244518207 -1.5634352615754836 -1.7372458918113953 -1.0583620184193638 -1.74781085168848 -2.044652143718831 -2.1503017424896793 -1.911056522047307 -1.2734100726916389 -1.314306691570677 -1.8660702412803651 -1.3473647918312328 -0.3689131851502475 0.2891815736449397 0.7383627709997074
-0.06150693324281159 -0.5573784371511479 -0.992927428212903 -0.6190641706270302 -0.02606319688097858 0.5498975189988071 1.2393463522679236 -0.20771234573537256 -0.1160357584148623 0.043120250056060794 -0.1951025549143358 -0.6190641706270302 -1.1064155456022335 -0.6698441390685024 -1.4755075309855519 -1.8026804820178561 -2.1503017424896793 -3.0759285497852407 -3.790937769853756 -3.185327005286667 -3.2439454923466218 -3.1659011113191244 -2.857131638782387 -2.9051851659652566 -2.5320035186940344 -2.2225524358426467 -1.3054457574802187 -1.0222366717428804 -1.0290527748893865 -1.4431310410396467 -0.5935037838276315 -1.2948807976031338 -1.7665551353413727 -2.1785885705476806 -2.0351095993137225 -1.4393821843090682 -1.11323164874874 -1.812223026422965 -1.6718113016049345 -0.6971085516545278 0.41527948185530694 1.1350599741263765
0.056752456349073443 -0.6667768926525746 -0.5965710302435593 -0.5008047810351453 -0.02435917109435204 0.26975567967739655 1.2911487361813716 -0.1160357584148623 -1.2682979953317592 -1.0965321960397993 -0.8034397607400268 -1.10811957138886 -1.6513629921654154 -1.092783339309221 -1.6346635394564748 -1.817335103782845 -2.154050599220258 -2.439304515901548 -3.1659011113191244 -2.8424770170173983 -3.903062666613785 -3.8454665950258065 -3.2674610482020685 -2.975391028374272 -2.616182392553388 -2.9941353120271645 -2.206875398605682 -1.0116717118657954 -0.853197313709523 -1.4431310410396467 -0.8825065572395003 -1.112209233276764 -1.1149356745353665 -1.5634352615754836 -1.7849586138369398 -1.3320285597515933 -0.6551895173035138 -1.249894516836192 -1.3630418290681972 -0.9557796660644434 0.09696746491346087 0.2472625392939256
0.455153685262369 -0.7039246548010342 -0.226456629388265 -0.08877134582883695 -0.11228690168428379 -0.02606319688097858 0.10276115258799123 -0.37402526251012724 -1.2372847260151554 -1.515381734392614 -1.2771589294222174 -1.195024886506816 -1.772348823015903 -1.5037943590435532 -1.3708803476866795 -1.5849059864869786 -1.8698190980109437 -2.0712349459902057 -3.660068589440834 -3.4637648188214514 -4.129698096235121 -3.8072964174053707 -3.234062142784188 -3.049686552671191 -2.6921819426369336 -2.8670149883448213 -2.492129315286973 -1.3221452101891593 -0.9315824998943458 -1.4196154851841998 -1.153105852155802 -0.8388834971018597 -0.7881035286603875 -0.8269553165954735 -1.0300751903613625 -1.0321200213053143 -0.343693603508174 -0.630651545976091 -1.4226827316001276 -1.066200537037846 -1.1599219553023083 -1.1033482991863057
0.571368243910302 -0.7400500014775178 -0.36993560062222347 0.3818805764374259 0.3587058257393043 -0.11501334294288634 -0.9022732563643686 -1.0379137089798447 -0.4824013025395781 -0.7615207263890127 -1.311239445154749 -1.2127467546877324 -1.4226827316001276 -1.5252650839550481 -1.2860198635126756 -1.5525294965410734 -1.8388058286943398 -2.046696974662783 -4.018254809789742 -3.8055923916187444 -3.1403407245197257 -2.817257435375325 -2.702065292199368 -2.7156974984923803 -2.6093662894068816 -2.389546962932052 -2.122014914431678 -1.687488338841899 -1.2965848233897606 -1.4598304937485873 -1.3347550010101958 -0.9237439812758637 -0.7656103882769165 -0.8044621762120027 -0.8504708724509205 -0.9111341904548269 -0.28507511644821953 -0.2860975319201955 -1.2734100726916389 -2.2879870260491075 -2.3827308597855454 -2.157117845636186
0.4963911092987323 -0.6132704829524998 -0.9237439812758637 -0.08400007362628248 0.7618783268551543 0.5069560691758173 -0.8017357349534001 -1.5037943590435532 -0.6374676491225973 -0.2966624917972803 -0.8787577005089218 -1.2849974480406996 -1.20490823606925 -1.312261860626725 -1.3221452101891593 -1.5896772586895331 -1.835738582278412 -2.0194325620767577 -3.287909357641588 -3.1941879393771258 -2.2968479601395657 -1.708959063753394 -1.5634352615754836 -2.0075043815703717 -2.1823374272782594 -2.0729389717768325 -2.0729389717768325 -1.6571566798399457 -0.9861113250663966 -1.046774643070303 -1.470395453625672 -1.3279388978636897 -1.1980921329227439 -1.2185404423622628 -1.24784968589224 -1.2614818921852526 -0.6708665545404784 -0.73698275506159 -1.9226438973963678 -2.979480690262176 -3.0026554409602975 -2.6414019741954613
0.4241404159457651 -0.40606094729870706 -0.7148304198354443 -0.6589383740340923 -0.08672651488488503 0.8037973612061684 -0.08672651488488503 -1.3016969007496402 -1.378718866305162 -0.6902924485080215 -0.38254539144326016 -1.1217517776818728 -1.3357774164821719 -1.3483872073032086 -1.5634352615754836 -1.8708415134829195 -2.0576027396971934 -2.2654938856656366 -2.580738656191555 -2.6093662894068816 -1.9284375850708981 -1.4022344221606087 -1.3582705568656428 -1.5525294965410734 -1.9792175535123704 -1.9383209346333323 -1.8660702412803651 -0.9421474597714308 -0.1443225864728636 -0.2976849072692562 -1.2577330354546743 -1.4969782558970468 -1.5583231842156038 -1.6189865022195102 -1.972401450365864 -2.002733109367817 -1.5593455996875798 -1.7692815765999752 -2.720468770694935 -3.185327005286667 -3.1737396299376064 -2.4256723096085357
-0.19612497038631177 -0.5243203368905921 -0.5536295804205693 -0.4861501592701566 0.02744321281909623 0.8078870230940722 0.5577360376172895 -1.0955097805678233 -1.6384123961870534 -0.9959946746288308 -0.4118546349732375 -0.9833848838077941 -1.5896772586895331 -1.5634352615754836 -1.8483483730994488 -2.1424632238711974 -2.1911983613687176 -2.1738172983451265 -3.6951715206453417 -3.3250571197900474 -2.3748923411670635 -1.9383209346333323 -2.046696974662783 -2.519393727872998 -2.986296793408682 -2.0282934961672163 -1.0719942247123764 -0.18453759503725103 0.2431728774060219 0.003246046648998635 -0.8112782793585089 -1.143563307750693 -1.2839750325687236 -1.6513629921654154 -2.202104126403128 -2.722513601638887 -2.3104801664325785 -2.551770217818903 -2.7010428767273917 -2.955965134406729 -2.868037403816797 -2.198014464515224
-0.6132704829524998 -0.7509557665119279 -0.6862027866201177 -0.5546519958925453 0.04891393773059116 0.9534108252719824 0.30383619540992823 -1.1023258837143297 -1.3258940669197377 -1.346683181516582 -1.3671314909561012 -1.3211227947171833 -1.3378222474261237 -1.4891397372785646 -1.3006744852776642 -1.3964407344860783 -1.6922596110444534 -2.1424632238711974 -3.4402492629660046 -3.4031015008175447 -3.2057753147261865 -3.223497182907103 -3.2780260080791535 -3.160107423644594 -3.135569452317171 -2.2450455762261177 -1.249894516836192 -0.5505623340046415 -0.28882397317879804 -0.4813788870676021 -1.182415095685779 -0.4745627839210958 -0.19987382711689028 -0.6316739614480669 -1.6472733302775115 -2.7565941173714186 -3.0633187589642037 -3.3328956384085298 -2.7617061947312984 -2.325134788197567 -2.1687052209852467 -1.9131013529912588
-1.0730166401843526 -1.0195102304842778 -0.630651545976091 -0.22338938297233712 0.24930737023787752 0.41527948185530694 -0.7860586977164356 -1.4802788031881065 -1.1384512303908134 -1.1882087833603097 -1.5515070810690976 -1.6619279520425003 -0.7029022393290582 -1.2839750325687236 -1.535830043832133 -1.4121177717230429 -1.3211227947171833 -1.5252650839550481 -2.1687052209852467 -2.1864270891661635 -3.041848034052709 -3.4617199878774993 -3.176466071196209 -2.3104801664325785 -1.5808163245990747 -1.697030883247008 -0.9619141588962992 -0.6432613367971277 -0.6913148639799974 -1.1190253364232703 -1.2723876572196628 -0.42753167221020205 -0.1521611050913459 -0.32120046312470313 -0.6453061677410796 -1.2011593793386717 -1.5310587716295785 -1.678627404751441 -1.2965848233897606 -1.1619667862462602 -1.2216076887781906 -1.184459926629731
-1.2819302016247718 -1.1960473019787918 -0.268375663739279 0.26089474558693837 0.33110060799595364 -0.047533921792473566 -1.1865047575736831 -1.2959032130751098 -1.4059832788911872 -1.2372847260151554 -1.33373258553822 -1.6581790953119218 -1.184459926629731 -1.3044233420082427 -1.450969559658129 -1.471417869097648 -1.494933424953095 -1.615237645488932 -1.25875545092665 -1.1588995398303323 -1.7389499175980219 -2.1451896651297995 -1.9267335592842716 -1.3845125539796923 -1.035868878035893 -1.131635127244307 -1.0055372190339398 -0.8044621762120027 -1.0515459152728575 -1.448924728714177 -1.312261860626725 -0.6463285832130555 -0.504894442923049 -0.3982224286802248 -0.43843743724461215 0.08401686893509885 0.2902039891169156 -0.3143843599781968 -1.3044233420082427 -1.2792037603661692 -0.8221840443929191 -0.1903312827117814
-1.2849974480406996 -1.0985770269837514 -0.33789991583364365 0.5352428972338186 0.7053046707391517 -0.01754306794784566 -1.2996520698056884 -1.5729778059805926 -1.4247275625440796 -1.2887463047712782 -1.1892311988322857 -1.4110953562510669 -1.470395453625672 -0.9949722591568548 -1.2655715540731567 -1.5719553905086165 -1.615237645488932 -1.5975157773080153 -1.291813551187206 -1.2761365139502414 -0.8767128695649699 -1.2887463047712782 -1.2860198635126756 -0.7819690358285317 -0.5672617867135821 -0.7059694857449861 -0.8446771847763901 -1.1159580900073425 -1.3671314909561012 -1.0154205685963738 -0.9138606317134295 -0.4793340561236502 -0.5338628812957009 -0.4977375346192173 -0.18726403629585353 0.4854853442643223 1.0996162377645435 0.04789152225861515 -1.0086044654498676 -1.4158666284536214 -0.9619141588962992 -0.3787965347126817
-1.2887463047712782 -1.0290527748893865 -0.8044621762120027 -0.11705817388683826 0.6064711751148097 0.003246046648998635 -1.250916932308168 -1.8984467312262703 -1.6990757141909598 -1.5331036025735305 -1.472440284569624 -1.5007271126276254 -1.3923510725981745 -0.7714040759514469 -1.3258940669197377 -1.4850500753906606 -1.4032568376325847 -1.3211227947171833 -1.1357247891322109 -1.1415184768067412 -1.1404960613347652 -0.886596219127404 -1.02734874910276 -0.4462759558630945 -0.20873476120734852 -0.3668683542062956 -0.9264704225344662 -0.9598693279523471 -0.9216991503319116 -0.5505623340046415 -0.4343477753567084 -0.2380440047373258 -0.2724653256271828 -0.3787965347126817 -0.31608838576482334 0.455153685262369 0.9189895043821255 0.2363567742595155 -0.7059694857449861 -1.1933208607201893 -1.2038858205972742 -0.9547572505924675
-1.343615935100654 -1.1452673335373196 -1.1023258837143297 -0.7714040759514469 -0.226456629388265 0.06152372855162791 -0.8845513881834521 -1.8445995163688702 -1.7907523015114701 -1.6268250208379926 -1.6891923646285256 -1.6247801898940406 -1.546735808866543 -1.1169805054793183 -1.5184489808085417 -1.3258940669197377 -1.152083436683826 -1.0730166401843526 -0.9169278781293573 -1.0771063020722562 -1.2430784136896857 -1.0965321960397993 -0.8153679412464128 -0.39345115647767037 -0.12182944608939267 -0.37572928829675384 -0.7949196318068938 -0.7226689384539265 -0.6064543798059935 -0.46365701888668565 -0.2663308327953271 -0.20873476120734852 -0.20703073542072192 -0.28507511644821953 -0.2976849072692562 0.16615091185050024 0.7796001950360709 0.532516455975216 0.04993635320256706 -0.6347412078639948 -0.9012508408923927 -1.2059306515412263
-1.3320285597515933 -1.2226301042501666 -1.0300751903613625 -0.7881035286603875 -0.9247663967478396 -0.6483734141570074 -0.02606319688097858 -0.886596219127404 -1.4001895912166566 -1.48436846507601 -1.5719553905086165 -1.6493181612214636 -1.6452284993335597 -1.4918661785371672 -1.6728337170769103 -1.343615935100654 -1.3153291070426527 -1.2441008291616615 -1.067222952509822 -1.3405486886847262 -1.2996520698056884 -1.3933734880701505 -0.9237439812758637 -0.128645549235899 0.1457026024109812 -0.3385815261482943 -0.6814315144175632 -0.7322114828590355 -0.8095742535718824 -0.7080143166889379 -0.46161218794273373 -0.3982224286802248 -0.5604456835670757 -0.728462626128457 -0.7761753481540014 -0.38936149458976654 0.28815915817296367 1.0628092807734093 0.6875828025582353 0.04005300364013287 -0.30347859494378665 -0.6923372794519733
-1.184459926629731 -0.8808025314528737 -0.41015060918661084 -0.7782201790979533 -1.0525683307448335 -0.49023982115806036 0.5284267940873122 0.6681569085906922 -1.0525683307448335 -1.3027193162216162 -1.51640414986459 -1.5593455996875798 -1.4472207029275506 -1.368153906428077 -1.6707888861329585 -1.7420171640139497 -1.8006356510739043 -1.8016580665458803 -1.612170399073004 -1.3797412817771377 -1.4206379006561758 -1.291813551187206 -0.8845513881834521 0.03153287470699995 0.6064711751148097 0.02744321281909623 -0.628606715032139 -0.8944347377458863 -1.2011593793386717 -1.184459926629731 -0.9012508408923927 -0.6902924485080215 -0.8610358323280053 -1.2996520698056884 -1.2362623105431794 -0.7243729642405532 0.12014221561158245 0.9973746905669485 1.0686029684479397 0.5127497568503476 0.31371954497236243 -0.2526986265023144
-1.0399585399237967 -0.3845902223872121 0.1075324247905457 -0.9383986030408522 -1.4059832788911872 -0.6258802737735365 0.8242456706456873 1.073374240650494 -0.5924813683556555 -1.1970697174507678 -1.2682979953317592 -1.2959032130751098 -1.249894516836192 -1.25875545092665 -1.3845125539796923 -1.7362234763394193 -1.6953268574603813 -1.7242952958330333 -1.7242952958330333 -1.6697664706609825 -1.8037028974898321 -1.6005830237239431 -1.0280303594174107 0.1555859519734154 0.8613934327941468 0.45038241305981463 -0.5526071649485934 -0.6793866834736113 -0.8153679412464128 -1.0556355771607613 -1.142540892278717 -0.9404434339848041 -0.7175568610940468 -0.7976460730654964 -0.6971085516545278 0.15149629008551158 0.6016999029122554 0.6623632209161618 0.7639231577991061 0.5676193871797237 0.5901125275631947 -0.027085612352954536
-1.229446207396673 -0.812300694830485 -0.4830829128542287 -0.8395651074165102 -1.1347023736602349 -0.7008574083851062 0.41425706638333093 1.0628092807734093 0.2462401238219497 -0.31608838576482334 -0.9441922907153826 -1.4335884966345378 -1.633641123984499 -1.6346635394564748 -1.477552361929504 -1.3708803476866795 -1.6943044419884055 -1.6142152300169559 -1.1991145483947196 -1.1033482991863057 -1.633641123984499 -1.7011205451349116 -1.0556355771607613 0.14774743335493312 0.795958842587686 0.40437371682089684 -0.10819723979638002 -0.2595147296488208 -0.3668683542062956 -0.7243729642405532 -0.9237439812758637 -0.8405875228884863 -0.706991901216962 -0.6180417551550542 -0.19305772397038395 0.2363567742595155 0.38017655065079925 0.39858002914636637 0.5257003528287096 0.6555471177696555 0.5734130748542541 -0.4227604000076476
