static/data/ASCData/20210116/ASCU/18.asc
ncols 97
nrows 97
xllcorner 99.0
yllcorner 2.0
cellsize 0.25
NODATA_value -32767
[rows 76 to 94 of 97, columns 0 to 41 of 97]
-5.85447392552382 -6.10416213425549 -5.690432571239528 -4.084899400570744 -2.3211958293499464 -2.2272605696334677 -2.369890210305915 -4.006504900733829 -4.191267268190874 -4.461676490095296 -5.983289557414433 -6.860133764841416 -6.488191578390506 -6.2343591670242855 -6.254734829977492 -6.312408316641654 -6.346597988376696 -6.439151847214991 -6.480248523340951 -6.502696287611433 -6.427409939750431 -6.387694664502655 -6.331747928936223 -6.280981446662979 -6.202932297045611 -6.158036768504647 -6.140423907307807 -6.082750420643645 -6.111069138646407 -6.065137559446805 -6.115904041720049 -6.109342387548678 -6.089657425034563 -6.021278081564479 -5.894534550991142 -5.746033956586414 -5.525355166296599 -5.296733320957228 -5.089523189229701 -4.946202848118162 -4.727250808926075 -4.499665014245342
-6.2968675567620895 -6.669845793871637 -6.460908911046381 -4.796666203054797 -3.0516115436894777 -2.138505563210177 -2.2555792876362295 -2.310489972544024 -2.3367365892295107 -2.212755860412541 -3.919821995627814 -5.462846776558795 -6.551736018786947 -6.295831506103452 -6.230214964389735 -6.285125649297529 -6.323114173447576 -6.441223948532266 -6.483356675316863 -6.547591816152397 -6.4615996114854735 -6.4284459904090685 -6.3700818033058155 -6.294795455444814 -6.2195091075838125 -6.10416213425549 -6.081023669545916 -5.961877843802588 -5.945991733703478 -5.8603448792561 -5.82097495422787 -5.814413300056499 -5.750868859660057 -5.681453465531336 -5.550565732323448 -5.4100081929682755 -5.227317926828507 -5.011474039612333 -4.828093073033472 -4.603270080109105 -4.384663391136566 -4.1570775964558315
-6.1200482443546 -6.6522329326747975 -6.420848285579059 -4.779053341857957 -4.079028446838463 -3.1659224663591634 -2.3512412984504376 -2.2048128053629856 -2.0839402285219286 -1.3611222190124064 -2.0915379333519377 -3.2546774727824537 -4.777326590760228 -6.134552953575527 -6.069281762081356 -6.149403013015999 -6.184283385190134 -6.336582832009865 -6.404271475040858 -6.49786138453779 -6.469542666535029 -6.438461146775899 -6.351432891450338 -6.276146543589337 -6.184283385190134 -6.065137559446805 -6.006773372343552 -5.85447392552382 -5.791965535786017 -5.6296509325994535 -5.565415791763921 -5.4666456289738 -5.4031011885773585 -5.289826316566311 -5.150304827869776 -5.042900909591007 -4.926517885604047 -4.758677678904751 -4.596363075718188 -4.350473719401523 -4.088698252985748 -3.8600764076463774
-5.505670203782484 -6.268548838759328 -5.7215140909986575 -4.79563015239616 -4.385699441795203 -3.396271062796264 -2.4959430404401606 -2.1181299002569705 -1.9685932551936052 -1.3417826067178373 -1.1863750079221924 -1.4871750491466518 -2.90311094928475 -4.454769485704379 -5.759502615148704 -5.8679425840861095 -5.910075310870707 -6.075152715813636 -6.222617259559726 -6.383550461868105 -6.390457466259022 -6.400127272406307 -6.314135067739383 -6.206040449021524 -6.0917295263518385 -5.991923312903079 -5.929414923165275 -5.803707443250576 -5.60236826525533 -5.390323230454161 -5.222483023754864 -5.111280253061092 -4.947238898776799 -4.822222119301192 -4.741064817707911 -4.653000511723712 -4.613285236475936 -4.509680170612173 -4.330788756887408 -4.104239012865312 -3.835901892278166 -3.647340672406117
-4.76040443000248 -5.582683302741215 -5.667639456749501 -5.34853585388911 -5.146160625235225 -3.753708540026247 -1.9167907222617235 -1.4743970910234543 -1.2820370187364005 -1.066193131520227 -0.9656962176323767 -0.20212688221644115 -0.8465503918890489 -1.9316407817021966 -3.8231239341549683 -5.379617373648238 -5.486330591487914 -5.603404315913967 -5.874849588477027 -6.129718050501885 -6.253698779318855 -6.235049867463378 -6.203968347704248 -6.11003308798777 -6.002629169709002 -5.945301033264386 -5.825119156862421 -5.705973331119093 -5.420714049774198 -5.128893114257932 -4.947238898776799 -4.7507346238551955 -4.557338500909504 -4.414018159797965 -4.362215626866083 -4.269316417808242 -4.19990102367952 -4.126686777135794 -4.038967821371141 -3.8600764076463774 -3.662881432285681 -3.4988400780013893
-3.971624528559696 -4.4392287258248135 -4.839834980498032 -4.8933642645276425 -4.396405298601125 -2.880663185014268 -1.2927428755423227 -1.120067765769384 -1.1601283912367057 -0.9860718805855835 -1.1580562899194304 -0.3053865978606586 0.2706575683418654 -0.5378072956150343 -2.4724592255110407 -4.129794929111707 -4.4392287258248135 -4.962779658656364 -5.404137239235996 -5.616182274037165 -5.964640645558955 -6.027149035296759 -6.000902418611273 -5.909039260212069 -5.807506295665581 -5.817176101812866 -5.741889753951864 -5.539859875517526 -5.2086690149730295 -4.9120131763831205 -4.626753895038226 -4.419889113530245 -4.261718712978233 -4.112182067914868 -3.9647175241687784 -3.852478702816368 -3.8220878834963306 -3.838664694034533 -3.782027258029009 -3.6815303441411587 -3.501948229977302 -3.313387010105253
-3.057482497421758 -3.276089186394298 -3.188370230629645 -2.816082693959189 -2.2362396753416607 -1.4450423223620548 -0.8465503918890489 -1.032003459785185 -0.9373774996296147 -0.8876470680150083 -1.2029518184603947 -0.48324196092678556 0.38496849101155084 0.11732207086349566 -0.6023877866701134 -1.1580562899194304 -1.684370024507348 -3.559276366421918 -4.835690777863481 -5.115079105476096 -5.446960666459685 -5.615146223378527 -5.677654613116331 -5.669711558066775 -5.583719353399852 -5.502907402026117 -5.461810725900158 -5.286027464151306 -4.986263473585484 -4.705839095314231 -4.456841587021653 -4.268280367149605 -4.057616733226619 -3.8279588372286106 -3.649412773723392 -3.5223238929305087 -3.4090490209194613 -3.4480735957281454 -3.4567073512167923 -3.486062119878192 -3.3941989614789883 -3.210817994900127
-1.8221647621061532 -1.944073389605848 -1.912991869846719 -1.4647272848761699 -0.23113630065829488 0.601848428886362 0.40050925089111533 -0.047755334079433887 -0.6776741345311147 -1.170834248042628 -1.1249026688430264 -0.3699670889157377 0.2551168084623009 -0.005622607294836768 -0.6835450882633946 -0.8182316738862869 -0.9042238785532104 -1.4236306087502104 -3.7243537713648474 -4.634696950087781 -4.933424889994964 -5.210741116290304 -5.304676376006783 -5.300532173372233 -5.294661219639953 -5.221446973096226 -5.168608389505708 -5.026324099052806 -4.816351165568912 -4.5417977410299395 -4.31144914459284 -4.1277228277944324 -3.895302130040057 -3.5768892276187576 -3.3375615254734643 -3.1824992768973654 -3.1179187858422863 -3.1503817064795987 -3.171793420091443 -3.2166889486324073 -3.1814632262387277 -3.0125869688807936
-1.0116277968319785 -1.3113917873978003 -1.314154589154167 -0.6617880244320044 0.7071802458478548 1.9210862675516145 1.798141589393282 0.8145841641266226 -0.1814058690436885 -0.9508461581919039 -0.9950509862937762 -0.422805672506257 -0.25185731383104754 -0.3913788025275821 -0.736038321634368 -0.8310096320094844 -0.18555007167823906 -0.2508212631724099 -2.8913690418201905 -4.195066120605879 -4.474454448218493 -4.801501106128439 -4.932388839336327 -5.021489195979163 -5.032195052785085 -4.9189201807740375 -4.858138542133963 -4.718617053437429 -4.6005072783527385 -4.4060751047484095 -4.2558477592459525 -4.065214438056628 -3.810345976031771 -3.494005174927747 -3.146237503845048 -2.9559495328752696 -2.8368037071319416 -2.8102117402269093 -2.875828281940626 -2.937300621019792 -2.9138168060906726 -2.80848498912918
-0.35339027837753556 -1.2633881068809232 -1.7282295023896745 -0.9960870369524139 1.0266291989277914 2.28922960158752 2.1749186789178347 0.9250962343813035 0.0185519080733747 -0.6728392314574724 -0.7546872334898453 -0.15723135367547708 -0.10128461810904488 -0.3299064634484159 -0.6503914671869904 -0.6669682777251925 -0.22526534692601496 -0.12096958062315993 -2.3522773491090754 -3.736095678829407 -4.23339999497547 -4.491031258756696 -4.616048038232303 -4.704803044655594 -4.724488007169708 -4.633660899429143 -4.574951362106344 -4.450970633289374 -4.374993584989281 -4.284166477248715 -4.141536836576267 -3.968516376583783 -3.7126118639002876 -3.404214117845819 -3.084765164765882 -2.8102117402269093 -2.632701727380328 -2.6119807142075753 -2.6337377780389657 -2.6627471964808196 -2.6005841569625616 -2.493870939122885
-0.008730759270749733 -1.5583171943731027 -2.184437142409779 -1.6149546303786266 0.4063802046233953 2.501274636388689 2.4259882885276878 0.8760565032057889 -0.09368691327903556 -0.5360805445173048 -0.5398793969323095 0.16601645181946445 0.33696481049467386 0.06448348727297637 -0.5799400223996313 -0.6072226897437556 -0.5174316326618275 -0.4628662979735788 -2.1492114200160994 -3.502638930416394 -4.009613052709742 -4.220622036852273 -4.345638816327881 -4.402276252333405 -4.418853062871607 -4.407111155407048 -4.319046849422849 -4.210606880485443 -4.150170592064915 -4.084899400570744 -4.008577002051104 -3.838664694034533 -3.621784756159722 -3.315113761202982 -3.025364927003991 -2.7369974936831833 -2.5750282407161666 -2.39544612655231 -2.3747251133795575 -2.3436435936204285 -2.2821712545412622 -2.1823650410925035
-0.10335671942632013 -1.653288504748219 -2.420656692579159 -1.9012499623821593 -0.38757995011257745 1.7090412327504456 2.921911203795568 1.4973415481688228 -0.19798267958189064 -0.5661260136177962 -0.5077618265145429 0.19537122048086397 0.4485129314079924 -0.13651034050272443 -0.7819699008339698 -0.8534573962799664 -0.7526151321725701 -0.6718031807988347 -2.24383738017167 -3.5095459348073113 -3.840736795351808 -4.060379534982986 -4.169855554579029 -4.226492990584553 -4.253775657928678 -4.265517565393237 -4.129794929111707 -4.029298015223857 -3.934326704848741 -3.8787253195018545 -3.8065471236167663 -3.617985903744717 -3.401105965869906 -3.202874939850572 -2.9169249580665855 -2.675525154604017 -2.499741892855165 -1.9489082926794903 -1.9706653565108807 -1.9627223014613255 -1.9316407817021966 -1.8318345682534378
-0.25669221690468985 -1.306556884324158 -2.0925739840105755 -1.8863999029416862 -0.532972392541392 0.9630847585313501 2.2315561149233587 2.156269767062357 0.023732161366562865 -0.6776741345311147 -0.6445205134547104 -0.10715557184132479 0.17292345621038197 -0.42867662623853686 -0.882812164941366 -0.9277076934823301 -0.8748691098918109 -0.8171956232276493 -2.4900720867078805 -3.5603124170805556 -3.8365925927172575 -3.9840571364633472 -4.074884244203913 -4.147407790308547 -4.1864323651172315 -4.142572887234905 -4.012375854466109 -3.891503277625052 -3.7457654849766917 -3.683257095238888 -3.4791551154872744 -3.274362435296569 -3.0826930634486067 -2.9138168060906726 -2.777058119150505 -2.599548106303924 -2.285970106956267 -1.1901738603371972 -1.4422795206056878 -1.704054987021463 -1.636711694210017 -1.4723249897061792
0.10868831537484869 -0.5702702162523468 -1.2879079724686804 -1.3493803115478467 -0.9822730281705787 0.2903425308559804 1.7062784309940784 2.0647519588826997 0.6025391293254537 -0.6162017954519484 -0.6894160419956745 -0.6227634496233201 -0.3426844215716134 -0.32610761103341124 -0.6676589781642842 -1.0427093165911074 -0.9881439819028587 -1.097620001498902 -2.7704964649791335 -3.652175575479759 -3.858349656548648 -3.9471046629719386 -4.0144479557833845 -4.109073915938954 -4.163984600846749 -4.0838633499121055 -3.8991009824550615 -3.6912001502884433 -3.590703236400593 -3.4891702718541047 -3.1959679354596546 -2.813319892202822 -2.616124916842126 -2.621995870574406 -2.576064291374804 -2.4393056044346366 -2.1032798408164974 -0.9940149356351387 -1.218492578339959 -1.4433155712643253 -1.3435093578155668 -1.1666900454080773
0.6388009023777709 0.10281736164256883 -0.4607941966563035 -0.9225274401891419 -1.145278331796233 -0.6669682777251925 0.675062675430088 1.8340580122260532 1.5391289247338737 -0.018400565418034254 -0.7968199602744425 -0.8054537157630894 -0.9677683189496519 -0.9059506296509399 -0.9684590193887437 -1.3182987917887177 -1.4626551835588946 -1.3006859305918779 -3.1334595457218506 -3.8397007446931704 -3.888395125649139 -3.919821995627814 -3.9951083434888153 -4.062451636300262 -4.09353315605939 -4.040694572468871 -3.8300309385458857 -3.5692915227887485 -3.3710604967694144 -3.205983091826485 -2.9138168060906726 -2.520462906027918 -2.284934056297629 -2.296675963762189 -2.3571122521827177 -2.218626814144821 -2.014524834393207 -1.3220976442037222 -1.2126216246076793 -1.1318096732339438 -1.0858780940343422 -0.9342693476537018
0.9941662782904791 0.5949414244954444 0.30691934139418253 -0.0370494772735116 -0.6296704540142377 -0.9176925371154996 -0.23907935570785005 0.8311609746648249 1.2383288835094146 0.1515117425985375 -0.8033816144458141 -1.2108948735099498 -1.1276654705993931 -1.1601283912367057 -1.3659571220860487 -1.5945789674254196 -1.5983778198404246 -1.3759722784528794 -3.211854045558765 -3.838664694034533 -3.7910063637372016 -3.804475022299491 -3.8535147534750056 -3.940197658581021 -4.042766673786146 -4.0106491033683795 -3.7077769608266453 -3.437367738922223 -3.016385821295798 -2.862014273158791 -2.689339163385852 -2.4617533687051187 -2.2838980056389917 -2.1999779022893433 -2.158881226163384 -2.039735400420056 -1.7057817381191924 -1.2001890167040274 -0.9411763520446192 -0.8993889754795681 -0.9470473057768992 -0.8524213456213288
-0.37480199198937997 0.4768316494107544 0.5666227064926824 0.6446718561100507 0.26582266526822307 -0.31229360225157615 -0.761594237880763 -0.36029728276845313 0.1515117425985375 -0.3668589369398248 -1.0095556955147031 -1.5973417691817868 -1.4315736637997656 -1.1784319528726372 -1.3808071815265217 -1.7955727952011205 -1.797644896518396 -1.5192926195644185 -2.855452618987419 -3.6901640996298055 -3.725389822023485 -3.6110788993537994 -3.60935214825607 -3.710885112802558 -3.825196035472244 -3.8172529804226882 -3.6034811945237903 -3.267455430905651 -2.8095210397878176 -2.647206436601255 -2.493870939122885 -2.3767972146968326 -2.237275726000298 -2.09637283642558 -1.9782630613408898 -1.8425404250593598 -1.500643707708941 -1.0358023122001898 -0.7166987093397988 -0.7146266080225236 -0.792675757639892 -0.7225696630720788
-0.6151657447933108 0.4170860614293175 0.5217271779517184 0.8467017345443894 0.6788615278450928 0.3487067179592337 -0.09748576569404022 -0.9753660237796612 -0.9822730281705787 -1.7938460441033914 -2.427563696970077 -2.350550598011346 -1.6356756435513793 -1.4861389984880142 -1.6228976854281818 -1.8788021981116771 -1.8580811849389245 -1.4626551835588946 -1.684370024507348 -2.895167894235195 -3.381766353575337 -3.386601256648979 -3.3796942522580613 -3.474320212413632 -3.5741264258623904 -3.556513564665551 -3.377622150940786 -2.993938057025316 -2.708678775680421 -2.4980151417574357 -2.4413777057519117 -2.3191237280326713 -2.1678603318715766 -2.014524834393207 -1.8124949559588686 -1.6063208748899798 -1.3024126816896073 -0.9128576340418573 -0.5954807822791958 -0.5992796346942004 -0.6745659825552017 -0.6776741345311147
-0.09472296393767321 0.32522290303011403 0.34974276861787135 0.6874952833337397 0.959976606555437 0.6819696798210056 0.40948835659930816 -0.43454757997081683 -1.6315314409168287 -3.3209847149352623 -4.3073049419582885 -3.8338297909608907 -2.974598444730747 -2.1571544750656546 -2.187199944166146 -1.500643707708941 -1.4208678069938434 -1.3435093578155668 -1.1014188539139065 -1.8573904844998328 -3.028127728760358 -3.161087563285521 -3.1258618408918415 -3.211854045558765 -3.308552107031611 -3.265383329588376 -3.1061768783777266 -2.7107508769976967 -2.5322048134924775 -2.3132527743003912 -2.2704293470767025 -2.172695234945219 -2.0221225392232163 -1.8425404250593598 -1.6132278792808972 -1.4049816968947328 -1.128701521258031 -0.8182316738862869 -0.6393402601615222 -0.5937540311814664 -0.6151657447933108 -0.6317425553315129
