static/data/ASCData/20210116/ASCU/21.asc
ncols 97
nrows 97
xllcorner 99.0
yllcorner 2.0
cellsize 0.25
NODATA_value -32767
[rows 57 to 75 of 97, columns 0 to 41 of 97]
-1.1891985922019965 -1.0527657191647481 -0.19134648429453005 0.7932274851178271 0.7998665543653818 -0.21856666820950416 -0.9950058167110225 -1.0693633922836348 -1.2575810054518095 -1.3435569522076425 -1.437499782060541 -1.3943458319514357 -1.224385659214036 -1.2897804913024495 -1.2087838464822827 -0.8708552217817502 -0.5076981339405099 -0.5624704552328359 -0.5876989183735436 0.2657534333996087 1.1885840588097074 1.334975535718288 0.8586223172062406 -0.34470898391304283 -1.6532695326060676 -1.7528555713193876 -1.3319385810244218 -1.5583308423660358 -1.5818995381948548 -1.408951784296056 -1.02023427985173 -0.8828055464273485 -0.8114355520161359 -1.1735967794702429 -1.7880426383314274 -1.3053823040342032 -0.23018503939272483 -0.7380738368306569 -0.016407009621464574 -0.12196821065758379 -0.17375295078851016 -0.6464546812144024
-1.3389096037343542 -1.4109435050703223 -0.5564952929100367 0.2501516206678553 -0.18835890313313042 -1.1815636625673085 -1.3163367682926683 -1.4159228070059884 -1.673850647273487 -1.6894524600052405 -1.7558431524807872 -1.6413192079604693 -1.4706951282983143 -1.2575810054518095 -1.1726009190831097 -1.1171646908660282 -0.8904404760620365 -0.39748958443110244 -0.23715606210265722 0.12799274651284948 1.3097470725775802 1.3635235334827729 -0.08678114364554407 -1.2851331428291615 -1.1443848747810024 -1.0222260006259967 -0.9050464284066567 -1.0750066011440562 -1.3737647172840162 -1.1579949667384895 -0.9003990799333684 -0.60728417265383 -0.5156650170375755 -0.5146691566504423 -1.0457946964548157 -0.9598187496989827 0.5655074099267021 0.1641756739120223 -0.6318487288697822 -0.7762484850040962 -1.246958494655722 -1.7372537585876342
-1.4627282452012487 -1.8036444510631808 -1.097579436585742 -1.0886166931015433 -1.5038904745360875 -1.5194922872678411 -1.6492860910575349 -1.8112793806978686 -2.0233976431572405 -2.04099117666326 -1.9666336010906478 -1.8484581684841748 -1.6755104145853756 -1.4617323848141155 -1.2097797068694158 -1.1513558974909348 -0.9452127973543625 -0.4589009749709831 -0.14055760455073685 -0.1591469984438899 1.0929814616449203 1.2755558659526736 -0.18138788042319803 -1.066375811122235 -0.9100257303423227 -0.6434671000530028 -0.675666585903643 -0.8220580628122234 -1.1042185058332967 -1.0517698587776148 -1.159986687512756 -0.8688635010074838 -0.46653590460567096 -0.4655400442185378 -0.5252916674465298 -0.38454339939837084 0.7490776746215886 -0.07881426054847845 -1.7880426383314274 -3.082993095066965 -3.525155106954106 -3.2021643880605715
-1.5437248900214156 -1.799661009514648 -1.9460524864232285 -2.0828173129228547 -2.002816528489821 -2.017422480834441 -2.0828173129228547 -2.2673834380048743 -2.2995829238555143 -2.314188876200135 -2.1601624696568664 -1.9656377407035146 -1.7880426383314274 -1.5194922872678411 -1.2675396093231415 -0.9969975374852889 -0.7128453736899492 -0.5740888264160566 -0.2235459701451702 -0.3493563323863311 0.7948872524297157 1.0704086262032344 -0.12196821065758379 -1.0076200482813764 -0.7068702113671499 -0.4831335777245577 -0.7420572783791897 -0.969445400107937 -1.0849652050153882 -1.1689494309969548 -1.2897804913024495 -1.3993251338871016 -0.9960016770981557 -0.5837154768250108 -0.5017229716177107 -0.5292751089950626 -0.5379058990168837 -2.0692072209653674 -4.65512469288791 -5.995884727431576 -5.359197986591083 -5.035875314235171
-1.5251354961282626 -2.011447318511642 -2.7596704227110527 -2.724483355699013 -2.5661415541448345 -2.4675513758186476 -2.5399172306169935 -2.6318683396956253 -2.630872479308492 -2.5399172306169935 -2.3181723177486675 -2.09078419601992 -1.7754284067610735 -1.5261313565153958 -1.290776351689583 -1.0185745125398415 -0.7812277869397621 -0.6384877981173369 -0.49010460043449006 -0.5223040862851301 0.5890761057555212 0.4738882543104475 -0.6484464019886689 -1.0633882299608355 -0.7858751354130504 -0.6776583066779094 -0.9422252161929628 -1.1815636625673085 -1.1755885002445094 -1.1181605512531616 -1.5340982396124614 -1.7342661774262345 -1.7116933419845486 -1.2625603073874756 -1.818250403407801 -2.1628180973558884 -3.5603421739661454 -5.615134106084315 -7.566356557940632 -7.264610860639272 -6.529333941472593 -5.8992862698796555
-1.4501140136308948 -3.058428538851013 -3.4919597607163326 -3.2177662007923247 -2.951207570503005 -2.88747250572648 -2.883821017640325 -2.9020784580711005 -2.9004186907592118 -2.7683012127328737 -2.501742582443554 -2.1960134435936616 -1.8886245374318806 -1.6044723736365407 -1.350527974917575 -1.1911903129762629 -1.0750066011440562 -0.9226399619126766 -0.9236358222998098 -0.34371312352590966 -0.3301030315684226 -0.9189884738265215 -1.2353401234725014 -1.3631422064879286 -1.156003245964223 -0.8290290855221558 -1.2887846309153164 -1.4872928014172009 -1.2751745389578293 -1.3571670441651296 -1.705054272736994 -2.4403311919036734 -2.624897316985693 -3.0468101676677923 -4.026404835144484 -5.779119116498916 -7.31905122846922 -8.38960114463741 -8.361053146872925 -7.889679230296545 -7.324030530404887 -6.755726202814207
-1.4139310862317218 -3.5868984509563644 -3.9822550246482447 -3.6765258857983523 -3.3601742361523725 -3.191209923802106 -3.1347778351978914 -3.147392066768245 -3.1062298374334065 -3.0026603571715538 -2.7165164726019473 -2.333774130480421 -1.9782519722738685 -1.6980832500270615 -1.5085378230093758 -1.4179145277802547 -1.3661297876493284 -1.1865429645029746 -1.2489502154299885 -0.8210622024250902 -1.5018987537618211 -2.431368448419475 -2.431368448419475 -1.9248074648310534 -1.5194922872678411 -1.3757564380582825 -1.6599086018536222 -1.5898664212919205 -1.7734366859868071 -1.8776700731734153 -2.2859728318980275 -4.265411328056452 -6.318211539400354 -7.191249145453793 -7.696150361730326 -8.733172978198365 -8.941307799109204 -8.932345055625005 -8.752758232478651 -8.348438915302571 -7.730341568355232 -6.994068788801419
-1.1629742686741555 -3.6366914703130244 -4.229228400657279 -4.02540897475735 -3.7578544840808967 -3.544740361234392 -3.3787636300455253 -3.3173522395056447 -3.314364658344245 -3.2068117365338598 -2.847638090241152 -2.5292947198209057 -2.1717808408400874 -1.880657654334815 -1.7302827358777018 -1.722647806243014 -1.7890384987185606 -1.6970873896399283 -1.5662977254631014 -1.7664656632768747 -2.607303783479673 -3.4209217197674975 -3.9238312152697636 -4.019433812434551 -3.3641576777009052 -2.0917800564070532 -1.7428969674480557 -2.071198941739634 -2.1717808408400874 -2.0828173129228547 -3.208803457308126 -5.812314462736689 -8.10843656200347 -8.901141430161498 -9.096662019501982 -9.32405014123073 -9.402059204889497 -9.355253766694236 -8.91408761519423 -8.283044083214158 -7.628763808867646 -6.995064649188553
-1.6619003226278886 -3.624741145667426 -4.613298556628316 -4.370972529092571 -4.096447015706185 -3.8826689859349246 -3.6629157938408654 -3.5905499390425195 -3.612126914097072 -3.5390971523739707 -3.182579133780285 -2.7702929335071405 -2.3633179886320392 -2.0721948021267673 -1.9636460199292483 -1.961654299154982 -1.9334382548528746 -1.9138530005725882 -1.8796617939476816 -2.3769280805895265 -3.1530352756286666 -3.9716325138521573 -4.323171230510177 -4.008811301638463 -2.8844849245650805 -2.062236198255435 -2.1601624696568664 -2.1853909327975742 -2.128626890730982 -3.462747856027092 -5.370152450849548 -7.523202607831527 -9.052512209005744 -9.333012884714929 -9.647372813586642 -9.70480076257799 -9.606210584251803 -9.296829957315756 -8.751762372091518 -8.160885209059153 -7.525194328605793 -6.8739016354206806
-0.7234678844860366 -2.550539741413081 -3.8564446624070836 -4.240182864915743 -4.100430457254718 -4.130638222331092 -3.9324620052915846 -3.9062376817637436 -3.8922956363438788 -3.824909083481199 -3.548723802782925 -3.1161884413047383 -2.7692970731200073 -2.4675513758186476 -2.333774130480421 -2.315184736587268 -2.266387577617741 -2.2859728318980275 -2.415766635687721 -3.0076396591072196 -3.720675696294591 -4.510724936753596 -4.724502966524857 -3.7097212320361255 -2.519336115949574 -2.2537733460473874 -2.2633999964563416 -2.55651490373588 -3.257600616277653 -5.180607023831863 -7.293822765328513 -8.979482447282642 -9.25965116952945 -9.594592213068582 -9.69915755371757 -9.68156402021155 -9.474425059687842 -9.109276251072336 -8.60636675557007 -7.981298385912798 -7.341624063910906 -6.7129042061674795
0.10176842298500849 -1.6277091160029822 -2.198005164367928 -2.6229055962114267 -3.7409248574996323 -3.8434984773743524 -4.153211057772777 -4.12499501347067 -4.166821149730264 -4.104413898803251 -3.885656567096324 -3.4587644144785594 -3.123823370939426 -2.911041201555299 -2.778259816604206 -2.7526994000011205 -2.7380934476565 -2.8914559472750128 -3.0624119803995455 -3.6101351933228054 -4.151219336998511 -4.89247141848799 -5.050813220042169 -4.027068742069239 -2.5359337890684603 -2.2451425560255664 -3.418929998993231 -4.8220972844639105 -5.7233509348194564 -6.961869302950779 -8.60935433673147 -8.833754877298817 -9.120894622255557 -9.442225573837202 -9.48239194278491 -9.489031012032463 -9.263634611077983 -8.90811245287143 -8.40420709698203 -7.795736400443646 -7.196228447389459 -6.565184915409388
0.35372110092970804 -1.202144777234728 -1.5526876335056143 -1.5603225631403022 -2.6776779175037526 -3.9560307011204037 -4.280017280401072 -4.315204347413111 -4.393545364534257 -4.308565278165557 -4.148231755837111 -3.786070528383004 -3.5065657130609527 -3.296771124838225 -3.249965686642965 -3.2283887115884125 -3.2917918229025593 -3.4597602748656926 -3.6181020764198712 -4.053625019059457 -4.59072572118663 -5.118199772904848 -5.276209620996649 -4.154206918159911 -2.6630719651591326 -3.418929998993231 -5.259611947877763 -7.04386180815808 -7.388429502106167 -8.065282611894364 -8.426779932423717 -8.661139076862396 -8.926701846764583 -9.231435125227343 -9.199235639376703 -9.192264616666769 -8.93433677639927 -8.65914735608813 -8.181466323726571 -7.625776227706246 -7.021288972716394 -6.37597144185408
-0.027361473879929765 -1.2585768658389427 -1.4335163405120082 -1.3817316003810818 -2.220577999809614 -3.498930783426265 -4.460931917396937 -4.520351587162551 -4.6003523715955845 -4.530974097958638 -4.35636657674795 -4.130638222331092 -3.8494736396971514 -3.748891740596698 -3.703082162788571 -3.7263189051550123 -3.7917137372434255 -3.896279077892412 -4.068230971404078 -4.382590900275791 -4.929650206274296 -5.408991005947743 -5.765509024541428 -4.642510461317556 -4.304581836617024 -5.229404182801389 -6.701949741909014 -7.6493449235350655 -7.622788646544847 -7.968684154342445 -8.356405798399637 -8.650184612603931 -8.915747382506117 -8.984129795755932 -8.968527983024178 -8.794916322200622 -8.548606853116345 -8.303625197881578 -7.92553020423334 -7.376811130922946 -6.820125174515487 -6.17381178326604
-0.8054603896933368 -1.2947597932381156 -1.2323525423111017 -1.4667116867497816 -2.124975402644827 -3.335941633398798 -4.417777967287831 -4.756702452375497 -4.793881240161803 -4.835707376421397 -4.595705023122297 -4.385578481437191 -4.2468219341632985 -4.153211057772777 -4.120015711535004 -4.131634082718225 -4.184414683236285 -4.235203562980078 -4.470558567805891 -4.647489763253223 -5.166996931874375 -5.561357645179123 -6.069246442617055 -6.403191625769054 -6.505765245643774 -6.740124390082453 -7.256643977542207 -7.299797927651312 -7.517559398971105 -7.979306665138532 -8.26345882893387 -8.515411506878571 -8.648192891829664 -8.715579444692345 -8.661139076862396 -8.386613563476011 -8.20802260071679 -7.818309235885332 -7.467766379614445 -7.127846034139647 -6.600371982421428 -6.075221604939854
-1.4843052202558014 -1.6472943702832683 -1.6044723736365407 -1.673850647273487 -1.5732687481730339 -2.838675346756953 -4.64649390286609 -5.100606239398829 -4.978447365243823 -5.044838057719369 -4.885500395778058 -4.773300125494384 -4.594709162735163 -4.5389409810557035 -4.524335028711084 -4.5067414952050635 -4.575123908454877 -4.54392028299137 -4.762677614698296 -4.97745150485669 -5.34060859269793 -5.695134890517349 -6.0244327251960605 -6.415805857339408 -6.718547415027901 -6.874897495807813 -6.98809362647862 -7.266602581413538 -7.474405448862 -7.788101470808958 -8.106444841229203 -8.35142649646397 -8.45997527866149 -8.396240213884965 -8.267442270482404 -8.071257774217164 -7.813329933949666 -7.276229231822493 -7.0448576685452124 -6.772323875933094 -6.431407670071161 -5.940448499214494
-3.4647395768013585 -2.847638090241152 -2.8250652547994664 -2.361326267857773 -1.840823238849487 -3.0252331926132396 -5.005667549158797 -5.4431822125726494 -5.359197986591083 -5.3884098912803235 -5.1112287501949165 -5.110232889807783 -4.932637787435696 -4.881848907691903 -4.845665980292729 -4.780271148204316 -4.848653561454129 -4.9674929009853575 -5.065419172386789 -5.2304000431885225 -5.468742629175735 -5.769492466089962 -6.055636350659568 -6.24119833612872 -6.415805857339408 -6.66012360564942 -6.851328799978995 -7.114235942182159 -7.302453555350334 -7.675569247062906 -7.945115458513626 -8.088851307723184 -8.074245355378563 -8.007854662903016 -8.008518569827773 -7.912915972662986 -7.475401309249133 -6.885520006603901 -6.583774309302541 -6.311240516690423 -6.060283699132856 -5.728330236755123
-4.64649390286609 -3.000004729472532 -2.739089308043633 -2.3759322202023934 -2.079829731761455 -3.5195118980936844 -5.573971876749477 -5.787085999595981 -5.418949609819075 -5.719699446733301 -5.517539788145262 -5.415962028657676 -5.276209620996649 -5.174631861509063 -5.135461352948491 -5.099610379011695 -5.053468847741191 -5.15604246761591 -5.3329736630632425 -5.464759187627203 -5.6709022877637745 -5.802687812327735 -6.005843331302907 -6.1638531793947084 -6.309580749378534 -6.51074454757944 -6.66311118681082 -6.8904993085395665 -7.180626634657706 -7.508596655486906 -7.731337428742365 -7.873745464102413 -7.881712347199478 -7.82594416552002 -7.789097331196091 -7.568348278714899 -7.059463620889833 -6.532985429558748 -6.152234808211488 -5.928498174568896 -5.690155588581683 -5.375795659709969
-4.7928853797746696 -3.280173451719339 -2.433360169193741 -1.8896203978190138 -1.8016527302889145 -3.262579918213319 -5.490983511155043 -6.287007913936848 -6.126010484683647 -6.028084213282216 -5.881692736373635 -5.679533077785596 -5.623764896106136 -5.428576260228029 -5.292807294115536 -5.237039112436078 -5.246001855920276 -5.279197202158049 -5.490983511155043 -5.572976016362343 -5.77413981456325 -5.905261432202455 -6.0124824005504625 -6.119039461973714 -6.165844900168975 -6.291987215872513 -6.476553340954533 -6.717551554640767 -6.937304746734827 -7.193240866228059 -7.452164566882692 -7.595568462629872 -7.590589160694207 -7.513575957422573 -7.445193544172759 -7.165024821925952 -6.659127745262286 -6.230243871870255 -5.875717574050836 -5.612146524922916 -5.310400827621557 -5.010646851094463
-5.154050746841643 -5.112224610582049 -4.1913857059462165 -2.5993369003826077 -2.0134390392859083 -1.9822354138224014 -3.8278966646425987 -5.842522227813062 -6.155222389372888 -6.0446818864011025 -6.370992139918414 -6.006839191690041 -5.6971266112916155 -5.590569549868363 -5.448161514508316 -5.327994361127576 -5.283180643706582 -5.322019198804777 -5.480361000358956 -5.6619395442795755 -5.835883158565508 -5.9510710100105815 -6.027088352895082 -6.043686026013969 -6.092815138445873 -6.165844900168975 -6.303605587055734 -6.457963947061381 -6.694314812274326 -6.932657398261539 -7.139464405322867 -7.283200254532425 -7.3144038799959326 -7.252660535993674 -7.02328069349066 -6.737136808921054 -6.279041030839782 -5.925510593407496 -5.5719801559752105 -5.3240109195790435 -5.047825638880769 -4.758694173149763
