static/data/seaWater_vo/2023/7/22/0.asc
ncols 137
nrows 93
xllcorner 108.0
yllcorner 17.0
cellsize 0.25
NODATA_value -32767
[rows 26 to 51 of 93, columns 58 to 115 of 137]
0.25133297 0.34133023 0.42271233 0.3264465 0.23499683 0.20646407 0.20483296 0.14321657 0.06515056 0.022733256 0.0646618 0.070333235 0.06894495 0.0636503 0.14251803 0.25634602 -32767.0 -32767.0 0.27978334 0.37224612 0.28612593 0.16730808 0.119072855 0.15439326 0.15797643 0.1521134 0.21871445 0.099381365 -0.03363301 -0.08739956 -0.026231784 -32767.0 -32767.0 -32767.0 -32767.0 -32767.0 -32767.0 -0.07544081 -0.13029902 -0.050632622 -32767.0 -32767.0 -32767.0 -32767.0 -32767.0 0.20429215 -32767.0 -0.16163242 0.2682093 0.059513714 -0.14781593 -0.20428446 0.16904992 -32767.0 0.033875268 0.048668776 0.15682228 0.18189959
0.052772447 0.17443736 0.29845795 0.2933697 0.17248745 0.16098587 0.19401786 0.19857976 0.13956326 0.11639966 0.07684951 0.12665823 0.1962917 0.1770821 0.14124332 -32767.0 -32767.0 0.140281 0.22356045 0.323405 0.27320278 0.21418525 0.15591256 0.13508405 0.10324391 0.0821713 0.036614574 -0.14116618 -32767.0 -32767.0 -32767.0 -32767.0 -32767.0 -32767.0 -32767.0 -32767.0 -32767.0 -0.16987292 -0.08057355 0.14117974 -32767.0 -32767.0 -32767.0 -0.08267253 0.14094435 0.19808526 0.13063928 -0.025770236 0.285026 -0.056048837 -0.32297793 -0.032349706 0.09132908 -0.07247628 -0.15148386 -0.07006564 0.103472 0.29856965
0.082640015 0.057579182 0.073810846 0.19279987 0.20174885 0.10058793 0.08342925 0.07249829 0.07407367 0.036132026 0.0012141417 0.13661084 0.2438568 0.189259 0.092363544 0.10550956 0.0714838 0.04569041 0.06292793 0.13394095 0.26762506 0.26786724 0.20040518 0.12766878 0.042377878 0.014642601 -32767.0 -0.06412129 -0.051408384 -32767.0 -32767.0 -0.009119137 -32767.0 -32767.0 -32767.0 -32767.0 -32767.0 -32767.0 -0.08282189 0.037061606 -32767.0 -32767.0 -0.022983236 0.093896694 0.25091812 0.14618361 0.21844529 0.052445702 -0.1410214 -0.20947528 0.03410934 -0.03765048 -0.20628075 -0.17938891 -0.13924424 -0.038804546 0.1853954 0.36796218
-0.09053729 -0.08430346 -0.017293688 0.067685634 0.10293947 0.23198181 0.21666846 0.09640242 -0.017550051 0.002965485 0.030110262 0.16702369 0.34733 0.23025037 0.122801065 0.11768949 0.05959906 -0.056034222 0.04477639 0.19020517 0.19230923 0.19856289 0.12768239 -0.05539248 -0.015816204 -32767.0 0.0028144696 -0.020171637 0.19228645 0.06284414 0.13486677 -32767.0 -0.04150068 -32767.0 -32767.0 -32767.0 -32767.0 -32767.0 0.16823107 0.07321805 -0.17790687 -0.26621467 0.04299845 0.25757644 0.16133419 0.23515037 0.14332667 -0.12669393 -0.31565553 -0.13560286 0.023536045 -0.009410612 -0.077779986 -0.07837263 -0.009872799 0.15541297 0.28269607 0.3847354
-0.18948528 -0.14623196 -0.0021841642 0.052555576 0.06257037 -0.016500631 0.06902652 0.25124156 0.19714831 0.11959528 0.08982276 0.25620973 0.44757053 0.28386363 0.05707822 0.09117797 0.098749645 0.03628883 0.18589982 0.23702876 0.13171789 0.13792886 0.0730687 -0.024118949 -0.101739295 -0.08010128 -0.01649479 -0.03466282 0.18727386 0.17652217 -0.0048859646 0.09302016 0.008115437 -32767.0 -32767.0 -32767.0 -32767.0 0.010519661 0.13468423 0.10246791 -0.04669659 -0.06976919 0.123971306 0.1522775 0.00067963195 -0.091897145 0.10477285 0.045051873 -0.2766889 -0.039891757 0.20474866 0.027842421 -0.050109617 -0.04246582 -0.01922467 0.13863362 0.22419581 0.29015604
-0.21242104 -0.17439596 0.02889741 0.067119524 0.032584194 -0.09433012 0.034562413 0.1271228 0.014133863 0.19896756 0.07477088 0.12400371 0.12611496 0.07493054 -0.02430989 0.062267046 0.08965145 0.05020313 0.20521356 0.21060097 0.118247606 0.17945354 0.15042727 0.045745652 -0.019544922 -0.052947484 -0.101834424 -0.28600922 -0.22378771 0.098724246 0.11588717 0.07389755 -0.022156578 -32767.0 -32767.0 -32767.0 -32767.0 -0.03225083 0.06848044 -0.059397038 -0.043541756 0.3120273 0.4840776 0.3480239 0.17746101 0.12239724 0.025856614 -0.11917157 -0.24756764 -0.18953288 0.019732794 0.11762557 -0.0982879 -0.054533117 -0.06858918 0.018312018 0.17441687 0.23981048
-0.03967359 -0.060738076 0.074659675 -0.0055877334 -0.09729446 -0.08164139 -0.03745192 -0.009479151 -0.07435038 -0.03475458 0.05206118 0.12236176 0.22097693 0.2474684 0.10580839 -0.010026053 0.03353678 0.113737985 0.21375844 0.24520062 0.30236852 0.38519323 0.30993634 0.2035103 0.106313616 -0.016613418 -0.130395 -0.16533759 -0.36653373 -0.1276451 -0.00670988 -32767.0 -32767.0 -32767.0 -32767.0 -32767.0 -0.16413575 -0.012179828 -0.071440585 -0.2751799 0.08743874 0.9056858 0.76869786 0.4694409 0.20394377 0.015524036 -0.11313378 -0.13558136 -0.21098687 -0.36459443 -0.4907203 -0.40874875 -0.17388098 -0.18466492 -0.2080152 -0.10289768 0.1546462 0.14972037
0.040616132 0.03489346 0.09388865 -0.015530145 -0.11870348 -0.07019885 -0.06606588 -0.07480215 -0.2269315 -0.2799864 -0.16412261 -0.108697355 -0.03433956 0.09738339 0.1445861 0.027447617 0.044215195 0.15257566 0.20247678 0.2397531 0.29575172 0.3337558 0.30826652 0.2781851 0.21088223 0.06451303 -0.11835228 -0.21280694 -0.3677773 -0.40959594 -0.16849369 -32767.0 -32767.0 -32767.0 -32767.0 -32767.0 -0.16596393 -0.07987501 -0.09623202 0.17311966 0.8954386 0.9291082 0.68776745 0.45443037 0.2575501 0.090244316 -0.057856165 -0.20670523 -0.3794884 -0.5141381 -0.5985131 -0.69510883 -0.77914023 -0.5039659 -0.33446604 -0.23630679 0.037524156 0.043441247
0.15767792 0.18090911 0.07067667 -0.09736481 -0.0954205 -0.08291612 -0.071988694 0.0012905844 -0.04684606 -0.1862855 -0.30521324 -0.26124355 -0.111352906 0.06403847 -0.0010916808 -0.013760389 -0.057292487 0.087262355 0.18961197 0.23402156 0.2997336 0.2945992 0.27126744 0.22802864 0.1443594 0.048246562 -0.09925083 -0.24374808 -0.38933206 -0.30765808 -0.13787456 0.0012365414 -32767.0 -0.056040324 -32767.0 -32767.0 0.23888823 0.42667323 0.44006422 0.59541297 0.72531515 0.6662422 0.49789068 0.369583 0.24085042 0.1338144 0.06296538 -0.09106423 -0.31272414 -0.5405951 -0.6337093 -0.78414035 -0.88879037 -1.0868564 -0.6921598 -0.42444828 -0.16416082 0.0027030737
0.36399087 0.12588955 0.017185442 -0.0152096795 -0.029772593 -0.02683735 -0.008408241 0.03824755 -0.12499706 -0.20935209 -0.26988956 -0.23456824 -0.11640969 -0.03455285 0.020426018 -0.055566598 0.005210678 0.13788733 0.20586734 0.15769477 0.28296623 0.33752617 0.23993962 0.17086567 0.15582104 0.07313385 -0.11204814 -0.30007154 -0.3487349 -0.37546805 -0.21651976 -0.14603132 0.023118995 -0.025549276 -32767.0 0.2409965 0.54185313 0.49448967 0.5177483 0.60713637 0.65085506 0.4878248 0.4234326 0.2379173 0.085976 0.12044107 0.18645003 -0.037845656 -0.3066216 -0.450628 -0.58999836 -0.8072044 -0.8963879 -1.0462347 -1.325093 -0.81670475 -0.49436343 -0.08040973
0.39030606 0.07400641 0.13228855 0.17219724 0.16563997 0.006331546 -0.029212845 -0.022704 -0.09447339 -0.15316641 -0.29093093 -0.21589848 -0.16504937 -0.097049326 -0.013649675 -0.02653869 0.06724459 0.19022366 0.16887674 0.24096957 0.28758538 0.2606748 0.23380877 0.3060148 0.33478925 0.19672248 -0.011925939 -0.26970464 -0.3529232 -0.24583912 -0.23463272 -0.09870746 -0.212554 -32767.0 0.48546553 0.3463303 0.46992826 0.5336977 0.59300995 0.7107457 0.53245 0.43630466 0.3227193 0.08144694 0.04075341 -0.02954932 0.18106872 0.069889784 -0.16785447 -0.31706792 -0.47857252 -0.6917759 -0.80060667 -0.9046626 -1.2163846 -1.3684837 -0.7846322 -0.18186165
0.24467629 0.37931725 0.13895603 0.19273157 0.07065329 -0.029667607 -0.118291825 -0.06658765 0.058479995 -0.102287136 -0.17591837 -0.19279864 -0.18717957 -0.16449206 -0.06251066 0.017420527 0.04740288 0.103163734 0.21996242 0.21383323 0.2736009 0.28293175 0.25585172 0.364084 0.46818554 0.37706274 0.11293887 -0.15864033 -0.40874472 -0.4068506 -0.012813643 -0.4608584 -0.018918976 0.060207117 0.035082806 0.2386572 0.35423887 0.64143914 0.5851061 0.7206778 0.4873959 0.45995024 0.2012046 0.12920125 0.07144673 -0.07751137 0.086890236 -0.0021359196 -0.11078021 -0.20861018 -0.3246547 -0.40821582 -0.57579464 -0.77034944 -0.9633244 -1.2848537 -1.0992235 -0.3620305
0.16608045 0.17945844 0.1769335 0.23503965 0.15978044 0.05458491 -0.023415199 -0.06268113 -0.018465241 -0.059025172 -0.07548557 -0.08763049 -0.09378312 -0.09943261 0.0007269832 0.12577991 0.11071243 0.098446265 0.14043313 0.27036303 0.24093516 0.3283701 0.23430315 0.35580635 0.55622864 0.46803015 0.26144344 -0.006560309 -0.26809025 -0.54253733 -0.5006941 -32767.0 -0.23549947 -0.21155728 -32767.0 0.06102009 0.40712956 0.662261 0.70398337 0.6666452 0.5411534 0.42149457 0.20868672 0.15650605 0.1655846 0.013807462 -0.061752465 -0.064314656 -0.14656591 -0.21743089 -0.30147243 -0.30189317 -0.3415359 -0.4830859 -0.70126617 -0.8522113 -0.9758787 -0.6311419
-32767.0 0.29954994 0.2595777 0.3090339 0.17179061 0.11758352 0.064869694 0.037223686 -0.0057609687 -0.067201294 -0.10769288 -0.073902085 -0.01171549 -0.019596195 0.038808577 0.110228725 0.108801655 0.11627463 0.16047348 0.23616852 0.2192315 0.3052835 0.13717313 0.3043358 0.6115353 0.5538369 0.3519208 0.18061198 -0.11701581 -0.3930539 -0.72088355 -0.73955554 -32767.0 -0.514749 -0.0132231675 -0.030939745 0.33290154 0.6336818 0.87216085 0.82987833 0.61745214 0.37540913 0.21351372 0.12866063 0.14699744 -0.009604234 -0.04159966 0.047115352 -0.016881581 -0.2239221 -0.33076823 -0.3728669 -0.17240764 -0.2011807 -0.43991002 -0.6347655 -0.62429255 -0.42020217
0.23360567 0.16962473 0.39680833 0.29891226 0.14025392 0.109870635 0.06277315 0.06532509 0.14773269 0.030644896 -0.10506437 -0.1296568 -0.090767674 -0.043577656 0.02578595 0.26308647 0.22442262 0.25779802 0.3440875 0.25826925 0.26142928 0.25196296 0.17117992 0.32755098 0.6456685 0.55695194 0.43094918 0.28954348 -0.05754179 -0.40516558 -0.43967482 -0.9213362 -0.5241212 -0.38383928 -0.11715464 -0.013472118 0.16851097 0.5828906 1.0171216 0.83974093 0.63416046 0.29213738 0.22082871 0.15685327 0.14508463 0.012422269 -0.023550166 0.146152 0.15376636 0.0290502 -0.25909442 -0.43024325 -0.3708496 -0.099835426 -0.2513238 -0.35525033 -0.38751215 -0.17426026
0.16411161 0.24978201 0.38563716 0.35510367 0.223924 0.18154475 0.14849487 -0.00557312 0.044150915 0.020787546 0.031739827 0.09488436 0.07351753 0.101449125 0.20523083 0.2255881 0.20114541 0.09995989 0.18305609 0.28502938 0.36975324 0.39035854 0.44228113 0.5438946 0.5801736 0.48970562 0.48700175 0.34001765 -0.072372794 -0.60255784 0.33527967 -0.7343162 -0.9360135 -0.4814436 -0.10329716 0.16457896 0.14414436 0.76322234 0.9301215 0.721082 0.5039965 0.2367735 0.21565104 0.11159698 0.13092719 -0.002015367 -0.11980617 0.05230915 0.19830012 0.107896805 -0.093722396 -0.26776767 -0.37562978 -0.21861733 -0.1359743 -0.19948365 -0.16637462 -0.036370922
0.25796258 0.26623204 0.30193242 0.30184138 0.2261277 0.15612048 0.09430965 0.075840265 0.058412258 -0.079904005 -0.0068840506 0.098223634 0.10308636 0.056872807 0.06126842 0.11750456 0.15964946 0.07480524 0.18021297 0.43594998 0.5549426 0.5904984 0.5607952 0.49473664 0.42950085 0.3931805 0.38696265 0.33931524 -0.1373797 -0.67066854 -0.801282 0.3605558 -0.86819774 -0.7203608 -0.21639329 0.17838699 0.61265755 0.73927116 0.65358526 0.5675824 0.30307266 0.18431948 0.18748154 0.09037967 0.0755427 0.060795024 0.052027803 0.04921367 0.119179755 0.14432575 -0.008453905 -0.202154 -0.38572454 -0.43170312 -0.32065916 -0.18126707 -0.07181721 0.023112802
0.16843349 0.31834716 0.36845908 0.3380213 0.23701495 0.037355583 0.020933947 0.036373083 0.110027984 0.06537692 -0.035625044 0.060999103 0.08138839 0.15351479 0.17833169 0.1189633 0.08729291 0.19813077 0.38161665 0.57284284 0.67617965 0.7031624 0.560756 0.36938843 0.2558486 0.29444742 0.24126835 0.22827627 -0.3602048 -0.58037007 -0.620663 -0.26000276 -0.050840553 -0.29712385 -0.057009537 0.315551 0.43187723 0.50578815 0.477689 0.3395967 0.13901828 0.14477237 0.108807184 0.052620627 0.030842759 -0.011535587 0.004836391 0.061348323 0.066551924 0.12792495 0.16182831 -0.104098044 -0.33202678 -0.37850854 -0.20954464 -0.016462417 0.06703582 0.05228367
0.25157094 0.32638413 0.30809692 0.21389902 0.272001 0.10656755 -0.016416557 0.018155208 0.078118905 0.18343422 0.07727898 0.029367339 0.072020695 0.18953677 0.22152346 0.13902876 0.10655684 0.23907885 0.5097916 0.6572418 0.72960794 0.6985666 0.4784704 0.31900302 0.28453302 0.10335413 0.13801855 0.2936187 -0.32142258 -0.29096693 -0.31551585 -0.19950102 -0.13466598 0.02894579 0.16401434 0.2901797 0.33735693 0.27463016 0.22503446 0.1807689 0.12909631 0.08641079 -0.024726702 0.0051516835 0.012724013 -0.08847457 -0.1112325 0.021982845 0.08097697 0.101738855 0.1276577 0.16751549 0.09808683 -0.2646464 -0.34016764 -0.1866376 -0.039075818 -0.013114164
0.3669206 0.3509951 0.34687153 0.29626614 0.11357485 0.10159424 0.07579777 0.06733158 0.046367574 0.027623348 0.117884114 0.092712685 0.10953878 0.24922957 0.17163156 0.14100543 0.17507914 0.47363427 0.6421887 0.81194603 0.76378095 0.56709135 0.3940013 0.32086065 0.19823915 0.11409903 0.004282122 0.21002176 -0.32226986 -0.07481663 -0.11774065 -0.08250254 0.0021696757 0.12020541 0.2137939 0.2078646 0.19107343 0.17693989 0.15855917 0.12209619 0.08278861 0.026601043 -0.08753881 0.0041401917 0.0077122664 -0.08593293 -0.19579652 -0.090185955 0.13771223 0.118133165 0.106671095 0.21421912 0.14583358 -0.06430264 -0.29097667 -0.22761714 -0.03850143 -0.14268073
0.4720727 0.5057241 0.4530751 0.39430624 0.19541469 0.11777684 0.05719299 -0.014158205 -0.021837834 -0.048901506 0.069516376 0.028036555 0.16854978 0.16886674 0.059020698 0.15227793 0.46561024 0.5017114 0.77302486 0.8175808 0.68250495 0.44119012 0.32668433 0.23246284 0.24065894 -0.017794406 -0.05398896 -0.01582779 -0.11207905 0.1271137 0.04139093 0.0073597366 0.05409717 0.15793543 0.24923623 0.3011214 0.31126502 0.22135895 0.08744177 -0.045081276 -0.059919238 -0.08475511 -0.19000466 -0.08244827 -0.0010020633 -0.022250686 -0.09931994 -0.054082215 0.056645203 0.0800717 0.016216017 0.16796066 0.12761784 0.03960801 -0.044518963 -0.12992679 -0.19893171 -0.38758108
0.68125296 0.55942845 0.34756762 0.2648319 0.18712613 0.095630154 -0.030420678 -0.15884896 0.03046267 0.06536841 -0.02076791 0.003032747 0.16880326 0.10294596 0.1115653 0.36523595 0.37477058 0.74184924 0.8342864 0.7725177 0.5312914 0.34414715 0.20678607 0.12397134 -0.027389841 0.015060644 0.05724187 -32767.0 -0.1852451 -0.021139285 0.061767325 0.17305955 0.2663338 0.35689843 0.4564768 0.44963878 0.38961568 0.25081182 0.06407539 -0.08169417 -0.14092734 -0.14061388 -0.26528192 -0.14552645 -0.08207196 -0.04691155 -0.15169168 -0.107973635 0.068487205 0.057523336 -0.024504982 -0.009530733 0.10283312 0.19332582 0.06442188 -0.15909107 -0.400525 -0.3203148
0.6591038 0.2621244 0.2399738 0.16596079 0.08146255 -0.009150427 -0.06977537 -0.18217891 0.10323918 0.063415006 -0.09282994 0.06001222 0.109360635 0.08941567 0.19288288 0.2088676 0.5472157 0.8395201 0.78100806 0.7000937 0.44933832 0.3177365 0.110446304 0.06325061 -0.16570364 -0.014163503 0.24915239 0.11992842 -0.09720189 0.10771027 0.29450122 0.3024294 0.41716635 0.59096175 0.4913429 0.3720244 0.31552592 0.20196557 0.054954473 -0.14583819 -0.2336844 -0.19875453 -0.30134928 -0.20605242 -0.13256204 -0.16525549 -0.321799 -0.2611625 -0.0421047 0.04254016 -0.086551085 -0.15341063 -0.05747555 0.06826816 0.022746973 -0.2521033 -0.34106085 -0.13922495
0.29197386 0.29025626 0.35710266 0.29132968 0.20723076 0.066798374 -0.0113617135 -0.20595573 0.03363338 0.10007837 -0.016123349 0.0015689969 0.015640806 0.10922855 0.12151495 0.22794172 0.5491044 0.84179735 0.6855294 0.6021025 0.37859672 0.2577573 0.033269577 -0.09559671 -0.10298797 0.09660099 -32767.0 0.06012818 0.1630381 0.3763909 0.34631738 0.37437683 0.6669062 0.5650259 0.44607073 0.47848475 0.4220523 0.187696 0.024107575 -0.14061983 -0.28445724 -0.2685101 -0.34299722 -0.25685617 -0.16072606 -0.3367667 -0.43017605 -0.029488143 0.109002866 0.109192476 -0.056431066 -0.20147456 -0.1642901 0.07699164 0.013171915 -0.16176434 -0.20626931 -0.07592609
0.048917066 0.5929365 0.34824133 0.33196247 0.24211091 0.13788547 0.024220327 -0.1122963 0.10770043 0.059321836 0.014346547 -0.008081725 0.030558616 0.1472816 0.21189803 0.32334694 0.6704401 0.72604114 0.6242593 0.47274837 0.21813893 0.17857574 0.031767335 -0.025403777 -0.09016757 0.07863853 -0.09104369 0.17299998 0.36289844 0.4934485 0.34306479 0.53161174 0.66145897 0.45920336 0.52135366 0.45374778 0.34814772 0.08089428 -0.026765404 -0.22690573 -0.33615085 -0.30696023 -0.37428346 -0.20727931 -0.27602035 -0.43578395 -0.20609136 0.10565454 0.11481869 0.14134277 0.11782889 -0.11970082 -0.2519017 -0.017121486 -0.019086177 -0.03143261 -0.06743661 -0.058315024
-0.046215348 0.40465212 0.3590384 0.35876822 0.22502723 0.1337777 0.08451213 0.09706328 0.0756216 -0.03565978 -0.021217851 0.055271085 0.15931967 0.18969129 0.30066815 0.5880788 0.72725695 0.5453929 0.5973284 0.2824093 0.06296485 0.077783376 -0.050859984 -0.028859 0.018156087 -0.107952364 0.11075755 0.22274673 0.57925993 0.46477848 0.35075513 0.6535781 0.5172307 0.44260824 0.47338474 0.44314763 0.24118994 0.061493825 -0.117914975 -0.3070539 -0.33103397 -0.3706798 -0.31404507 -0.2967232 -0.41481227 -0.25460133 0.15190633 0.20990568 0.17327233 0.16933125 0.25780055 -0.04143427 -0.32411966 -0.17085028 -0.117573075 0.08628816 -0.042765304 -0.106396444
