static/data/seaWater_vo/2023/7/22/18.asc
ncols 137
nrows 93
xllcorner 108.0
yllcorner 17.0
cellsize 0.25
NODATA_value -32767
[rows 26 to 51 of 93, columns 58 to 115 of 137]
-0.02433625 0.028726382 0.12703799 0.13229701 0.08713303 0.10595 0.18146133 0.21064462 0.10975227 0.056940652 0.101167135 0.13634835 0.20553765 0.2357603 0.2366555 0.2011426 -32767.0 -32767.0 -0.06512268 0.31471497 0.2633375 0.14817189 0.111418344 0.14471254 0.11787276 0.0916263 0.12458826 0.04167323 -0.094068654 -0.028284881 0.07181747 -32767.0 -32767.0 -32767.0 -32767.0 -32767.0 -32767.0 -0.038211066 -0.14863788 -0.020060742 -32767.0 -32767.0 -32767.0 -32767.0 -32767.0 -4.8734713e-05 -32767.0 -0.24645391 -0.0115972245 -0.052853532 -0.40330842 -0.2659217 -0.02269046 -32767.0 -0.09827404 -0.18752825 -0.16856992 -0.13647738
-0.15986724 -0.055531587 -0.028887853 0.046827737 0.048183132 0.05429557 0.05882555 0.08364893 0.060056254 0.045018945 0.04709093 0.14483263 0.25709042 0.28413472 0.13523509 -32767.0 -32767.0 0.18189774 0.24843605 0.29209098 0.24802263 0.196835 0.15017392 0.1210074 0.057854906 -0.023574745 0.008509629 -0.24010545 -32767.0 -32767.0 -32767.0 -32767.0 -32767.0 -32767.0 -32767.0 -32767.0 -32767.0 -0.082088165 -0.081596486 0.06802978 -32767.0 -32767.0 -32767.0 -0.19584014 0.0036447768 -0.07597476 -0.0025666514 -0.1588187 -0.050220683 -0.21560712 -0.54926455 -0.24031326 -0.12914227 -0.25241527 -0.28934106 -0.17576803 -0.04823419 0.039005935
-0.017890861 -0.027183356 -0.10184027 -0.02154661 0.030403225 0.01623094 0.015927223 0.0053710463 -0.056603976 -0.05914856 -0.088541314 0.1283559 0.25149056 0.176763 0.06452545 0.08091669 0.0867973 0.10363395 0.13151202 0.1376451 0.24568652 0.23863643 0.14851326 0.03934471 -0.028439887 -0.07502425 -32767.0 -0.17908607 -0.10639663 -32767.0 -32767.0 -0.023679774 -32767.0 -32767.0 -32767.0 -32767.0 -32767.0 -32767.0 0.0044576284 -0.012499963 -32767.0 -32767.0 -0.13277067 -0.13114871 -0.016212394 -0.008651845 -0.09501006 -0.28007838 -0.3982499 -0.53034127 -0.28322393 -0.23384757 -0.38113803 -0.28344652 -0.2533125 -0.1297359 0.051154636 0.19612806
-0.18293357 -0.08898006 -0.005683969 0.036649603 0.03033965 0.09921409 0.15751173 0.0727809 -0.04467847 -0.05122473 0.0052916696 0.15796927 0.2921511 0.18336853 0.040951904 0.088911794 0.095256366 0.007098425 0.17191885 0.30561012 0.2746702 0.20320977 0.1394084 -0.097567424 -0.118516386 -32767.0 -0.081339225 -0.11594753 0.044698544 -0.10690397 -0.046310555 -32767.0 -0.05729161 -32767.0 -32767.0 -32767.0 -32767.0 -32767.0 0.057600368 0.018814439 -0.24244668 -0.33863527 -0.04096548 0.09761081 -0.06458357 -0.08140281 0.026203258 -0.2639933 -0.6395464 -0.42342713 -0.24716389 -0.31550318 -0.26219344 -0.23084173 -0.14530952 -0.059338592 0.09518646 0.18518835
-0.12573506 -0.0945004 0.016802728 0.07792936 0.12311417 0.14175594 -0.053890135 0.0704995 0.113755316 0.07262728 0.030164132 0.12297963 0.20727096 0.057218358 -0.053427465 0.06663081 0.15100977 0.14175345 0.3227742 0.354366 0.22953013 0.2039526 0.14204888 0.0052236947 -0.15114287 -0.15557255 -0.10080978 -0.2356359 0.0063780854 0.042471282 -0.074668415 -0.032058544 0.028696274 -32767.0 -32767.0 -32767.0 -32767.0 -0.022173867 -0.001856978 -0.05434973 -0.120306075 -0.018149897 0.20454863 0.16651025 0.0040719714 -0.20618843 -0.31324652 -0.22410724 -0.60658145 -0.31113616 -0.029991854 -0.022685688 -0.23477577 -0.20503132 -0.22150277 -0.14009218 -0.0042424235 0.09422162
-0.09101841 -0.06733717 0.04145671 0.102505565 0.049987555 0.06569159 0.0013719094 0.10261614 0.037657864 -0.031652544 -0.06311279 -0.063611194 0.0035398663 0.08351371 0.00497137 0.06623411 0.13405472 0.15695803 0.3211658 0.3376889 0.31968302 0.320911 0.20142616 0.06444296 -0.022287872 -0.08796983 -0.1334393 -0.30953208 -0.4414802 0.053237125 0.054523543 -0.03872721 -0.12653665 -32767.0 -32767.0 -32767.0 -32767.0 -0.053076126 0.07863727 -0.23961554 -0.21097986 0.2853501 0.5552415 0.442949 0.17461073 -0.041731946 -0.2266202 -0.34441853 -0.4851727 -0.5039648 -0.19850685 0.0013763835 -0.07864239 -0.38061056 -0.39869496 -0.25101995 -0.045029126 0.022150464
0.050505012 0.056217883 0.1653784 0.17476958 0.018698955 0.0026889024 -0.01931573 0.0052866363 -0.059703704 -0.09223912 -0.11712805 -0.08698947 0.12392147 0.18919848 0.19853678 0.046645537 0.08917602 0.19959044 0.3240285 0.36349714 0.40981144 0.39396897 0.27232268 0.15739328 0.09489252 0.006605354 -0.1775511 -0.21033984 -0.43980575 -0.27744758 0.0046917084 -32767.0 -32767.0 -32767.0 -32767.0 -32767.0 -0.0654978 -0.047711033 -0.12899356 -0.37467137 -0.06321383 0.8805184 0.8929527 0.56592405 0.2543181 0.06461777 -0.094026975 -0.23558754 -0.37691307 -0.50641394 -0.5980463 -0.71110314 -0.53398335 -0.35080636 -0.51033336 -0.34588483 -0.005860947 0.033948492
0.19755791 0.20856105 0.26860517 0.2165735 0.061384957 0.056558654 0.09544403 0.10452201 0.1264752 -0.029821537 -0.051246654 -0.021755446 0.0033248197 0.0072585763 0.23635247 0.124080084 0.10313416 0.1965346 0.25286543 0.27292222 0.29509866 0.278867 0.2346718 0.21288146 0.14458965 0.016156932 -0.09212275 -0.201921 -0.30537516 -0.4683049 -0.1484472 -32767.0 -32767.0 -32767.0 -32767.0 -32767.0 -0.15061904 -0.0009588695 -0.065335594 0.05440054 0.6766106 0.8654756 0.81051016 0.53846127 0.2645535 0.09875099 -0.016333748 -0.13944493 -0.3182738 -0.49356878 -0.6654661 -0.8581804 -0.96323043 -0.8260783 -0.57802504 -0.5000737 -0.09897332 -0.0852341
0.3398089 0.4454267 0.39294484 0.14660472 0.1695617 0.15322384 0.13838205 0.14381559 0.1650739 0.24150749 0.15955743 -0.0106258895 0.026224393 0.1412364 0.14414188 0.12957323 0.03178958 0.12048704 0.1801567 0.17913747 0.23987204 0.31789425 0.32640716 0.2753976 0.19784169 0.08621194 -0.080067955 -0.2066087 -0.2903965 -0.3341321 -0.13570501 0.015239231 -32767.0 -0.02850386 -32767.0 -32767.0 0.28225702 0.44737092 0.3939933 0.51637554 0.71844566 0.7351889 0.57175505 0.37997913 0.20189612 0.07599865 0.06930967 0.024882961 -0.16948345 -0.38859943 -0.64986116 -0.8792026 -1.0649356 -1.1572145 -0.95260286 -0.6747683 -0.2917729 -0.16238272
0.40215635 0.33741865 0.14609265 0.21302772 0.16068263 0.042027153 0.0676203 0.23467664 0.20936812 0.14297555 0.10935743 0.046215788 0.02974282 0.06459484 0.11542451 0.0708177 0.10672553 0.19312873 0.2140781 0.21475127 0.37028232 0.4382179 0.34820136 0.2897151 0.24531125 0.14860213 0.0020910224 -0.24490893 -0.26714084 -0.3698349 -0.19790645 -0.15169829 0.010640306 0.014239701 -32767.0 0.1146051 0.69503945 0.631922 0.63911426 0.60451585 0.73451287 0.5349098 0.46344665 0.30627215 0.079786375 0.07276533 0.12577182 0.2320655 -0.06995558 -0.31513077 -0.5590372 -0.79557973 -0.973964 -1.1640271 -1.3382474 -1.0201948 -0.5573635 -0.21381725
0.31339902 0.3233084 0.22763707 0.22511683 0.15236238 0.10371392 0.099424206 0.15237145 0.17478114 0.15988526 0.04653443 -0.0220429 -0.03392137 -0.044668563 0.044076283 0.05849182 0.09954122 0.19235696 0.20513663 0.26503208 0.44203228 0.46787202 0.32845855 0.34507707 0.38397095 0.2811447 0.036317684 -0.179587 -0.30629018 -0.23126657 -0.19607377 -0.09876524 -0.16389294 -32767.0 0.4299889 0.3858306 0.50505775 0.6855342 0.6689285 0.6943335 0.69076335 0.4905841 0.4308483 0.120162 0.10304241 -0.06359557 0.13123785 0.2236884 0.07542881 -0.19234797 -0.4044124 -0.6437617 -0.83760995 -1.034137 -1.201518 -1.4288511 -0.79805917 -0.27278525
0.26865074 0.5615395 0.2873684 0.25532013 0.2703669 0.21206848 0.16970424 0.120189756 0.14796405 0.17920412 0.07069444 0.013055832 0.0025320395 -0.06317314 -0.0033236358 0.08176503 0.120698616 0.14995304 0.26516262 0.42166063 0.46408838 0.48727554 0.3446911 0.4213151 0.491654 0.37468427 0.13323362 -0.08530533 -0.27680573 -0.37710893 0.014676253 -0.35420287 0.056408424 0.026388725 0.003132988 0.18139468 0.34239075 0.58303964 0.7236744 0.7488642 0.6890207 0.46426028 0.31768107 0.19347373 0.12520921 0.01199402 0.0008988701 0.17911756 0.013523631 -0.024831668 -0.23613538 -0.45868975 -0.6886142 -0.8994327 -1.0098546 -1.1606232 -1.1850433 -0.36043504
0.23805997 0.3369291 0.2578291 0.34388572 0.3220767 0.260621 0.2168539 0.15827788 0.15384457 0.14205089 0.05938629 0.06587558 0.070239834 0.037540082 0.07513937 0.16169567 0.22534089 0.16304839 0.33345678 0.47658488 0.42238283 0.4885315 0.23834729 0.32069173 0.5378076 0.55597687 0.33940238 0.09466298 -0.11280287 -0.3806486 -0.45173863 -32767.0 -0.12467408 -0.27691048 -32767.0 -0.013575925 0.2201238 0.4493766 0.9029422 0.9154635 0.7597516 0.4514175 0.3625979 0.2823259 0.2611828 0.05753048 -0.0399811 0.057330705 0.031597428 -0.113913424 -0.15249978 -0.22170036 -0.39866617 -0.60930014 -0.7549666 -0.7496954 -0.79995805 -0.5156921
-32767.0 0.46196038 0.33237174 0.44026008 0.37824312 0.3048644 0.19975069 0.20269394 0.16350017 0.11938371 0.03555001 0.04066003 0.08667186 0.10876594 0.13554035 0.18969353 0.33827862 0.3675326 0.4018577 0.37708512 0.4269267 0.43794817 0.20930354 0.23184702 0.57336444 0.67324495 0.46563768 0.18807572 0.037224032 -0.19521448 -0.6028974 -0.8631997 -32767.0 -0.6722947 -0.08708921 -0.11152377 0.044883378 0.29460242 1.1012497 1.0454012 0.78731644 0.39552996 0.33130732 0.2970964 0.27590376 0.06469889 0.06300472 0.17241777 0.09270758 -0.06867681 -0.15921819 -0.23097362 -0.20876944 -0.28999278 -0.4312702 -0.5179512 -0.41875878 -0.18846652
0.3297414 0.31002435 0.4957431 0.43094808 0.35811064 0.30154097 0.26036394 0.1407689 0.13370378 0.039153777 0.05816742 0.06284991 0.0827924 0.09491338 0.15851085 0.33941245 0.3786221 0.35837796 0.36565682 0.34016582 0.45521554 0.37363067 0.30457237 0.41134912 0.639479 0.66851115 0.48353577 0.31937215 0.07740654 -0.2182103 -0.28326634 -0.8117827 -0.61558247 -0.38758183 -0.1820693 -0.06948855 0.2932603 0.4182325 1.1350814 1.0389777 0.77762294 0.37866512 0.33587873 0.25120318 0.24265322 0.15432201 0.07705691 0.15285087 0.1416343 -0.048614003 -0.28824952 -0.3280232 -0.31354925 -0.10311285 -0.19700217 -0.32414004 -0.308182 -0.099669784
0.3815152 0.31930017 0.46078455 0.48078233 0.3606272 0.30497938 0.27738467 0.15718035 0.16451436 0.07910733 -0.015941981 0.1438845 0.21433356 0.18313253 0.2293341 0.2305048 0.2795913 0.17206424 0.19953036 0.3471932 0.48859933 0.5344079 0.53851455 0.5665386 0.60733044 0.5680234 0.44059184 0.39687014 0.14269096 -0.40422565 0.2811952 -0.40703478 -0.8546199 -0.54168284 -0.35343403 0.13044617 0.20901611 0.77075225 1.0928905 0.9101032 0.65228665 0.34206614 0.34101865 0.250702 0.248625 0.21524145 0.08688648 0.14417258 0.20175482 0.073250756 -0.14276858 -0.30797336 -0.31071582 -0.12844066 0.036297306 -0.09600086 -0.1393488 -0.008134083
0.5683906 0.33174005 0.46364447 0.48893163 0.4039685 0.2713416 0.19348188 0.1659556 0.18296094 0.074077174 0.048654914 0.07528069 0.16106331 0.1518121 0.15917361 0.22317314 0.21299691 0.18250667 0.2092167 0.4019757 0.5976696 0.6545603 0.65163004 0.6575233 0.52899337 0.45647687 0.43578634 0.34402114 0.28813538 -0.5792945 -0.7249601 0.50960076 -0.4923832 -0.744253 -0.339085 0.13801232 0.6181102 0.8998721 0.87494075 0.67262065 0.47447994 0.33883518 0.30617362 0.20261773 0.18607356 0.17669295 0.110159144 0.16196315 0.30074817 0.26548296 0.07019394 -0.16080983 -0.2873483 -0.1986701 -0.084233515 -0.06358863 0.019274665 0.15143988
0.3803991 0.4155151 0.4891348 0.43341413 0.49123853 0.25033867 0.14853227 0.11267672 0.18998526 0.25728673 0.1868154 0.14651084 0.14940956 0.19762307 0.2287091 0.22765326 0.17680474 0.20539013 0.38309774 0.60914946 0.75966114 0.82080215 0.7324494 0.5900629 0.47429785 0.4075043 0.35431343 0.28258243 -0.11869344 -0.45774361 -0.541952 -0.27484748 0.31685483 -0.12791477 -0.21864423 0.14905392 0.49794632 0.66707975 0.62306637 0.5307853 0.40000975 0.41771477 0.25051382 0.13409482 0.09737338 0.1610335 0.15419547 0.16886346 0.24157877 0.303092 0.22348496 -0.042653173 -0.13470669 -0.18147884 -0.096114464 0.025292061 0.12386218 0.122251
0.31074035 0.42953867 0.43316564 0.42190832 0.3362519 0.37362176 0.20870656 0.16503887 0.10239044 0.21576616 0.23820649 0.14583209 0.14546254 0.1971626 0.24712595 0.2585427 0.24017754 0.28034577 0.5693951 0.7777373 0.877482 0.7780343 0.59420764 0.48904026 0.41250333 0.28886113 0.33339512 0.4226886 -0.17161733 -0.16221713 -0.18472475 -0.1377131 0.035940073 0.07127597 0.12910573 0.3256551 0.420434 0.40415874 0.40687704 0.39137495 0.3880272 0.3218752 0.1670772 0.11965066 0.075811945 0.07979479 0.04371059 0.11483001 0.22609918 0.3151845 0.31664157 0.156402 0.014439193 -0.25870165 -0.22720434 -0.07473195 0.13164875 0.06092525
0.4056297 0.54309636 0.531886 0.4238732 0.3922212 0.22907391 0.28694865 0.2474618 0.23836286 0.13247257 0.14052281 0.14887962 0.15813515 0.23532978 0.28946772 0.15656912 0.25349572 0.49357617 0.788985 0.962408 0.85208166 0.6250329 0.5047461 0.4382163 0.31930184 0.18338548 0.22059369 0.34934852 -0.1526598 0.09919827 -0.08112629 0.044800166 0.12620986 0.1941649 0.2538043 0.3167603 0.34822765 0.33070698 0.27898726 0.23185408 0.270711 0.14633958 0.08854901 0.12223821 0.058910597 -0.0065204417 -0.023021623 0.12087321 0.27721703 0.31549713 0.31246755 0.25808862 0.14800814 -0.08246501 -0.30910403 -0.13687669 0.09890341 -0.13726346
0.6079372 0.6641036 0.49431404 0.3671993 0.22029263 0.108518265 0.18324408 0.19413142 0.20426905 0.13209508 0.17308569 0.14861323 0.15483962 0.23528562 0.20988227 0.2529314 0.44332966 0.6161969 0.902254 0.8654695 0.71666193 0.50227374 0.4218836 0.37696472 0.17722264 -0.0024469774 0.16608883 0.07232748 -0.04077581 0.16014478 0.1520372 0.11252627 0.20477134 0.31497934 0.39445823 0.411576 0.34673902 0.22876532 0.1289967 0.08029183 0.11477849 0.091199145 0.0027500712 0.08068356 0.06405385 0.018918049 -0.017759096 0.14301811 0.21918473 0.22736259 0.31373045 0.26471254 0.18157698 0.04793226 -0.13181502 -0.058781352 -0.21766078 -0.29825008
0.72886777 0.55033576 0.33775857 0.2611826 0.22482108 0.15925743 0.21454999 0.09976657 0.14994271 0.21613044 0.20004517 0.11183596 0.16046375 0.18877494 0.13398583 0.34081584 0.5382907 0.92107797 0.8614396 0.79922915 0.5944816 0.42775717 0.25545153 0.13449207 0.0873921 0.18783672 0.12071559 -32767.0 -0.080289304 0.14719455 0.22939949 0.3406673 0.40782595 0.52467185 0.5350357 0.34813803 0.17888373 0.052203603 -0.07723172 -0.14622065 -0.0037956045 -0.012512062 -0.03818721 0.055819288 0.002128884 0.022484204 -0.0333492 0.07314347 0.21869291 0.18721747 0.17833015 0.20761898 0.25383413 0.14113547 -0.073997006 -0.24733578 -0.39858067 0.03437774
0.60811985 0.32549122 0.35682604 0.3223637 0.20497257 0.1366178 0.15464851 0.04459329 0.13599089 0.34151804 0.19865477 0.124088116 0.15217675 0.0801922 0.21059357 0.22407493 0.61686856 0.9943047 0.75042725 0.71520907 0.54016274 0.33050883 0.17543766 0.10581117 -0.08541673 0.13005741 0.3150615 0.20172279 0.061485544 0.39947182 0.44184864 0.41503897 0.5902732 0.5998141 0.37135267 0.23725443 0.13411056 0.012746425 -0.12792465 -0.2665904 -0.1345068 -0.08649678 -0.11201975 -0.030998886 -0.00026610645 -0.10049663 -0.18494153 0.083987005 0.29342026 0.15805681 0.11646558 0.14673339 0.27675676 0.2989129 0.077166714 -0.19482934 -0.1590593 0.15412582
0.32829624 0.565761 0.38477588 0.27811196 0.1927831 0.05958382 0.08221257 0.010032799 0.16565408 0.3498087 0.21833791 0.13815206 0.10321392 0.1401204 0.29500487 0.35741115 0.6772362 0.9288744 0.6853212 0.5998359 0.47150987 0.2581096 0.10276094 0.039168064 -0.0008457238 0.17623767 -32767.0 0.24202536 0.44929683 0.56987727 0.4279558 0.47773695 0.65105635 0.3919164 0.33381784 0.23184448 0.069584526 -0.13071997 -0.2303441 -0.360633 -0.21033493 -0.16527298 -0.20752136 -0.055158705 -0.05583145 -0.30534694 -0.18020676 0.26458448 0.2630484 0.10880513 0.054265868 0.090735875 0.20751111 0.2715158 0.088372424 0.026901145 0.023438793 0.12277329
0.15233254 0.5980887 0.4159138 0.31857258 0.20573743 0.11717545 0.18966162 0.10742664 0.28898856 0.24659303 0.17030722 0.1233552 0.18179427 0.25620127 0.35895017 0.5048598 0.8185407 0.74292964 0.6683061 0.43658322 0.3260896 0.25966173 0.12012811 0.058412183 0.012571461 0.03835611 0.14713293 0.3715171 0.6492501 0.48503947 0.37033668 0.6458091 0.45100477 0.30338 0.27766514 0.11464453 -0.067515895 -0.15829012 -0.31316367 -0.417048 -0.2519021 -0.2506558 -0.22178516 -0.10101592 -0.301243 -0.33208013 0.15573499 0.26873595 0.26490253 0.27862987 0.1362911 -0.12292827 0.101989724 0.2708855 0.12832953 0.01568392 0.07686444 0.019104352
0.08064047 0.5566262 0.5170597 0.30633163 0.21138817 0.10684078 0.1530709 0.19524267 0.1641255 0.14289518 0.14687648 0.21350805 0.30950758 0.5001804 0.71769875 0.7175864 0.63801 0.5360874 0.59836954 0.19381379 0.13391009 0.173615 0.09130267 0.09058527 0.045534216 0.027186284 0.30589002 0.4626976 0.6559965 0.41374084 0.41879627 0.62716377 0.300114 0.30931517 0.23640335 0.11655841 -0.09721619 -0.33508465 -0.38059533 -0.3805738 -0.25481606 -0.32320395 -0.18487914 -0.27123144 -0.3610312 0.031194532 0.24752437 0.15207708 0.1590397 0.28262717 0.17355804 -0.1842663 -0.108624004 0.069603555 0.17181334 0.08923802 0.01016574 -0.0005423385
