static/data/seaWater_vo/2023/7/22/6.asc
ncols 137
nrows 93
xllcorner 108.0
yllcorner 17.0
cellsize 0.25
NODATA_value -32767
[rows 50 to 74 of 93, columns 58 to 115 of 137]
-0.15263286 0.3602894 0.24353011 0.1775369 0.09855359 -0.11371827 -0.22843467 -0.28755412 0.050713576 -0.012344018 -0.018977365 0.006112192 0.10398475 0.23973513 0.24457741 0.3282982 0.5746795 0.62124366 0.45006096 0.34000093 0.11004448 0.030082785 -0.09281839 -0.12533426 -0.14129375 -0.0012249898 -0.006635946 0.15136862 0.27577928 0.393091 0.28284165 0.49541673 0.5664408 0.32306075 0.33771506 0.35620216 0.15900305 -0.034741353 -0.24887255 -0.4666991 -0.5410628 -0.4227192 -0.40829584 -0.26167482 -0.34112033 -0.42757457 -0.06655457 0.031333536 -0.028077798 0.050421238 0.0008208186 -0.24948004 -0.43774185 -0.28315848 -0.28418234 -0.24777019 -0.31585005 -0.21011221
-0.26856026 0.14604361 0.17194785 0.26015702 0.19494382 0.037706256 -0.07297047 -0.100147046 -0.14225736 -0.14934936 -0.036530253 0.10740634 0.24625134 0.2300041 0.34527445 0.47472942 0.49168223 0.42140877 0.4749136 0.1972651 -0.04542132 -0.0016979697 -0.10929571 -0.12581223 -0.04522241 -0.08206883 0.11203807 0.14773446 0.42950538 0.3662548 0.31603742 0.6147771 0.42446604 0.29487553 0.32647744 0.39500734 0.23100366 -0.043757696 -0.25231478 -0.49188268 -0.45545852 -0.4534427 -0.41491768 -0.36573288 -0.4486047 -0.18424621 0.016218657 0.044068355 0.048368163 0.06554582 0.14878207 -0.18107243 -0.5233045 -0.3054698 -0.12162424 -0.13786277 -0.23306675 -0.23126008
-0.35377625 0.023709495 0.08143926 0.14335494 0.23276365 0.05248246 -0.07083145 -0.11895241 -0.12468836 -0.14974554 -0.03590294 0.11918292 0.25753736 0.51904184 0.43197477 0.45161265 0.41977814 0.37743667 0.4508763 -0.0025910833 -0.07584715 0.047065914 -0.07339975 -0.23198774 -0.13409594 -0.043631636 0.07938875 0.24974957 0.42477635 0.401381 0.34765753 0.60097945 0.31462386 0.2414503 0.25032583 0.24587195 0.094396256 -0.15009122 -0.35689977 -0.47399178 -0.45998344 -0.5115099 -0.3960574 -0.5059331 -0.24038331 -0.11451549 0.036345493 0.1680808 0.113894165 0.094864644 0.2262989 -0.15341896 -0.5185777 -0.29333192 -0.13851683 -0.08572979 -0.23386034 -0.2684616
-0.40045336 -0.08008749 -0.01978565 -0.009745957 0.07844878 -0.018447194 -0.13952698 0.07323036 0.10758309 -0.059436347 -0.08944221 0.2801083 0.6374188 0.62877524 0.4133461 0.42314026 0.32117414 0.40176418 0.13748462 -0.043581445 0.006386415 -0.01052505 0.04728558 -32767.0 -0.31719205 -0.07160575 0.06287783 0.22371764 0.4046753 0.470484 0.3356857 0.5492348 0.21342151 0.1928781 0.14166461 0.080015205 -0.049254376 -0.22241937 -0.39860326 -0.4520341 -0.56977254 -0.5233419 -0.6071033 -0.2787434 -0.1810148 -0.10515538 -0.014736663 0.16307998 0.17897832 0.14493859 0.21928747 -0.09818816 -0.5394735 -0.28586066 -0.15573137 -0.20307112 -0.26476115 -0.26355156
-0.28360292 -0.12440943 -0.11265748 -0.10129154 -0.14911677 -0.04442506 0.032989424 0.08606116 0.11643547 -0.026584 0.011075529 0.6188058 0.8254562 0.47193062 0.24996598 0.31070814 0.29351014 0.15986857 -0.04195263 -0.023820058 0.16623245 0.05820081 -0.011892694 0.022135548 -0.36467606 -0.117317684 -0.004872138 0.08457402 0.34022602 0.40718484 0.41052753 0.49869996 0.2505918 0.11787523 0.10378354 -0.0008623279 -0.12956357 -0.2713622 -0.42252994 -0.5304532 -0.59755945 -0.7151618 -0.46278697 -0.35212108 -0.23921314 -0.15749307 -0.08204763 0.036176734 0.16673666 0.21266875 0.26199454 0.08650916 -0.404356 -0.4682291 -0.1889888 -0.32182753 -0.382854 -0.3195798
0.020617867 -0.07801454 -0.15541996 -0.17308733 -0.17149225 -0.05516355 -0.04448016 -0.04956684 -0.049155142 -0.05334639 0.2711919 0.61521757 0.5147979 0.3523263 0.26765916 0.26545295 0.22449441 0.1762735 0.09497496 0.07533617 0.004219563 -32767.0 0.03788259 0.030130105 -0.44981676 -0.15244654 0.064973995 0.046755247 0.1474262 0.29478976 0.4573366 0.37647578 0.3572665 0.107923575 -0.004187018 -0.11358927 -0.18446307 -0.32805824 -0.5211877 -0.66707945 -0.75492597 -0.54781836 -0.4408755 -0.30082694 -0.1517043 -0.10288157 -0.053827483 0.02276913 0.112198964 0.23630625 0.23699296 0.21497552 -0.13492914 -0.46288013 -0.3084948 -0.22261158 -0.37303826 -0.32432353
0.14583461 0.094803646 0.08429008 0.10370237 0.013055675 -0.008769311 0.18845497 0.21712857 0.19502205 0.121435635 0.3257855 0.29292265 0.3357694 0.32956454 0.2504939 0.18103841 0.10346974 0.085990146 0.09564204 0.017238533 -0.008790177 -0.097822614 -0.12515117 0.08914787 -0.06617103 -0.31461406 0.085247084 0.037839595 -0.08010129 0.09881167 0.31048232 0.30687788 0.31463736 0.1638413 -0.008638503 -0.14583121 -0.22765188 -0.38451692 -0.6547422 -0.7739712 -0.55791223 -0.46083176 -0.4213481 -0.3001883 -0.15806136 -0.03209821 -0.053563286 -0.016225182 0.14264672 0.19009212 0.27538037 0.20509608 0.12958556 -0.19113174 -0.371596 -0.24318172 -0.22023495 -0.3197485
0.12986769 0.39689833 0.4294469 0.29059634 0.060606003 0.107617386 0.14124233 0.30381227 0.30119327 0.22353129 0.114379734 0.210805 0.3345882 0.32212567 0.1513738 0.052878536 -0.054004822 0.17377295 0.33544514 0.15594517 -0.027811972 -0.07237034 -0.09939744 -0.111702465 -0.108799346 -0.20110708 -0.13877864 -0.115387455 -0.16437863 -0.0840359 0.11580548 0.34382024 0.117377356 0.12029112 0.054974224 -0.08952674 -0.29391822 -0.5310378 -0.72197753 -0.5793705 -0.4372361 -0.45275208 -0.39084905 -0.1970754 -0.12365471 0.0068785883 0.11928938 -0.07145396 0.08627917 0.24780807 0.2463429 0.22862239 0.16108012 0.09303285 -0.13853882 -0.22054589 -0.15717128 -0.04257202
0.4419327 0.8078636 0.5777709 0.39648813 0.19763847 0.121796176 0.11380882 0.09315572 0.1260981 0.20212045 0.29760492 0.38921785 0.42676452 0.33075297 0.031206539 -0.05913104 -0.014827826 0.4037241 0.53332514 0.2803092 -0.069003664 -0.14663328 -0.114485405 -0.10337267 -0.15400124 -0.19768742 -0.27642775 -0.2307247 -0.19939698 -0.11472805 0.056442555 0.30095103 -0.038373362 -0.09141837 -0.046987936 -0.16226545 -0.38242555 -0.61448234 -0.60127527 -0.43897688 -0.4283115 -0.46506757 -0.31362766 -0.1097785 0.009036695 0.053422626 0.19048141 -0.02418741 0.07554726 0.26133418 0.25254595 0.24828355 0.22295427 0.116065025 0.06005501 0.0022705272 -0.054195378 -0.08599559
0.8807532 1.007609 0.59939086 0.3720981 0.10397752 -0.03606496 -0.07525075 0.09254331 0.2665603 0.3746103 0.41165963 0.37931237 0.26782346 0.2246342 0.07681549 0.04288525 0.18954402 0.4168942 0.3927566 0.27558815 0.019298732 -0.14838919 -0.09476234 -0.17766835 -0.16648555 -0.16833356 -0.2664704 -0.342366 -0.26409042 -0.084100634 0.03367004 0.27356732 0.0051647937 -0.29816929 -0.26336822 -0.24938256 -0.41329506 -0.47090086 -0.45179108 -0.38115984 -0.42355084 -0.40796864 -0.27485973 -0.13406734 0.03068956 0.051810045 0.11852066 0.0035265721 0.08016258 0.2701519 0.24104196 0.20634939 0.21141993 0.2654659 0.17453587 0.016806442 0.016629724 0.09582297
1.1869475 0.8879415 0.40038773 0.22793609 -0.052215572 -0.14747001 0.15895487 0.21664982 0.3136238 0.3208835 0.37677607 0.11804068 0.046154667 0.23099099 0.22186081 0.16287456 0.18677448 0.2300098 0.2743739 0.21527925 0.054787755 -0.08167643 -0.21893615 -0.2994687 -0.177209 -0.20272931 -0.2496967 -0.39161688 -0.23048703 -0.06541436 0.102143854 0.20340349 0.013889973 -0.2705086 -0.35892785 -0.37924302 -0.39982504 -0.43337834 -0.38750154 -0.3646299 -0.40759647 -0.39607376 -0.2706713 -0.18611439 -0.062121585 -0.014844944 -0.07631934 -0.048394505 -0.0154124405 0.23779275 0.27090338 0.19230822 0.14642747 0.33898222 0.34794405 0.16114418 0.06803641 -0.007118324
0.99351925 0.6852728 0.30846512 0.0137607055 -0.10566717 0.08215386 0.15421967 0.025450706 0.37443796 0.28914422 0.3767395 0.079105034 0.15006284 0.2521939 0.121521905 0.025115201 0.09159775 0.21198219 0.27177516 0.17618741 0.035185855 -0.15246385 -0.4065044 -0.27609473 -0.11832303 -0.0977907 -0.21024224 -0.39527315 -0.17157212 0.005627167 0.19050893 0.13422137 -0.0028435865 -0.15113333 -0.28872877 -0.3338303 -0.38967374 -0.43467224 -0.43904057 -0.3863352 -0.32946214 -0.32128766 -0.27082518 -0.19925047 -0.16161336 -0.13645457 -0.080059625 -0.030319314 0.078649096 0.19906868 0.2499227 0.11463137 0.13578945 0.44487995 0.3482987 0.24471109 0.14554957 0.01727098
0.8090228 0.4652231 0.12730734 -0.14757964 0.22575852 0.09198397 0.027663713 0.1993813 0.3298897 0.30863088 0.34193668 0.20612833 0.19542675 0.06748673 -0.04366729 0.07719201 0.3015954 0.23374909 0.20905042 0.1626013 -0.029755453 -0.24522106 -0.37791505 -0.123626135 -0.062831335 -0.07825659 -0.2631163 -0.26474923 -0.0044730753 0.188376 0.14104621 0.10267647 -7.9697325e-05 -0.08255562 -0.2037217 -0.23947716 -0.2541361 -0.294093 -0.30996388 -0.28975388 -0.2875224 -0.2376964 -0.16187955 -0.105932295 -0.03565931 0.04082228 0.1621835 0.24395233 0.25113776 0.21485873 0.16471143 0.10153145 0.08095117 0.4993772 0.3577485 0.19126968 0.053412817 -0.00629646
0.69612306 0.17233866 -0.06906739 0.0131473495 0.20215322 0.16843219 0.010198597 0.13021615 0.33005726 0.3070708 0.29669496 0.2731202 0.19962144 0.07045968 -0.0726924 0.1344381 0.33787158 0.26352835 0.14792968 0.047191173 -0.16830115 -0.3139543 -0.17624985 -0.073145546 -0.08963229 -0.2003708 -0.22628509 -0.026559656 0.07217359 0.07851742 0.15507816 0.04576986 -0.0178938 -0.0324475 -0.05078744 -0.06420916 -0.062463272 -0.04142595 -0.035012666 -0.01110964 0.02748466 0.067157544 0.117579944 0.14106457 0.1555167 0.19489457 0.22526078 0.24746878 0.25576192 0.17783758 0.08876073 0.017379668 0.012369159 0.553714 0.37300396 0.1582584 -0.056720953 -0.069501795
0.4119943 -0.08936005 -0.30289254 0.06192241 0.043480378 -0.021484498 0.0003382164 0.080229506 0.29272845 0.3466015 0.2685746 0.35985392 0.3417016 0.1752155 -0.027451416 0.15344264 0.25599387 0.23335803 0.1411837 -0.053628664 -0.2239302 -0.16345015 -0.16719384 -0.25011608 -0.10776654 0.049754687 0.09835868 0.011685733 -0.013153729 0.034123592 0.12975575 0.21608451 0.2415092 0.22865082 0.17567754 0.12315082 0.13796802 0.11488388 0.10000802 0.110452 0.116911076 0.12443416 0.11781343 0.070402294 0.07625239 0.12249573 0.15413311 0.22509535 0.24404481 0.16809443 0.083562 -0.06909681 -0.087980434 0.5457863 0.3361337 0.09508981 -0.09650047 -0.19145878
0.10127717 -0.284015 -0.12641811 0.00509999 0.030907098 0.08287148 0.14548874 0.18205254 0.25408056 0.3207791 0.24876484 0.3517624 0.44218642 0.23829286 -0.008823908 0.18742484 0.22058226 0.24275431 0.07204638 -0.10314619 -0.14391309 -0.2650174 -0.3947603 -0.23363723 -0.13310218 0.010503032 0.09998871 0.047284346 -0.021462647 -0.029063005 0.07205038 0.2127409 0.29709688 0.26926845 0.24915932 0.23504072 0.19829278 0.20644128 0.10887301 0.06063382 0.05671725 0.055928998 0.09626187 0.17426135 0.10414393 0.06053513 -0.0024793823 0.085428044 0.23312424 0.1835045 0.02700279 -0.08383179 -0.11262599 0.43375364 0.23008113 0.048032764 -0.13131441 -0.26809776
-0.10263032 -0.45085156 0.02026988 0.15814756 0.20141084 0.23276867 0.25139704 0.2212741 0.22362433 0.22503941 0.20090038 0.28795677 0.42036355 0.19753537 -0.06115964 0.20264998 0.17634371 0.21349211 -0.04296408 -0.1523037 -0.32435298 -0.5037595 -0.4084746 -0.2023941 -0.026628612 0.012729823 0.01661124 0.04251874 0.02316747 -0.028771423 0.017434666 0.09260638 0.19082098 0.2833861 0.3362975 0.2865219 0.19889535 0.044104088 0.0006859615 0.13036332 0.13846305 0.118249126 0.21637188 0.22537082 0.22977534 0.24380001 0.23720872 0.21410766 0.140583 0.034830112 -0.0052018533 -0.0698307 -0.0779289 0.36835623 0.10020901 -0.03259812 -0.22925317 -0.321781
-0.2687555 -0.46022826 0.1290785 0.27692676 0.23716134 0.3133 0.34120926 0.29281265 0.22244929 0.13862276 0.14303888 0.21318294 0.34001493 0.0884454 -0.16816588 0.15764812 0.15007393 0.12298235 -0.09430743 -0.31360793 -0.57908756 -0.59032536 -0.31153274 0.039742682 0.18191226 0.11798012 0.065443374 0.076311134 0.04627387 0.042725492 0.05463536 0.09174119 0.15791793 0.156782 0.24849737 0.34240606 0.31183136 0.19231461 0.16269583 0.14186381 0.18321332 0.16147788 0.2674812 0.38610697 0.39408273 0.4082744 0.32512766 0.20196795 0.07227496 -0.012010154 -0.107959814 -0.13461642 0.07463997 0.25883332 -0.13745943 -0.2024689 -0.34331074 -0.22624919
-0.27764824 -0.34617278 0.2310138 0.22940394 0.27778718 0.41161755 0.46478757 0.406199 0.29121524 0.19894932 0.14716926 0.2063798 0.23589177 -0.030329494 -0.25537002 0.11358445 0.11738145 0.06056209 -0.2179913 -0.5265555 -0.71499604 -0.59774137 -0.23104583 0.28867075 0.37396514 0.21662764 0.21753474 0.18203883 0.11420314 0.061008357 0.024564473 0.075529024 0.1823778 0.21314478 0.21460229 0.20238513 0.27611133 0.29928312 0.14510629 0.10715436 0.16505498 0.09399735 0.26561964 0.39022604 0.44954762 0.47183105 0.34513867 0.24549098 0.15919955 0.034136586 -0.040890004 -0.038269497 0.020273698 -0.09052537 -0.36391377 -0.37838387 -0.2947293 0.09442255
-0.15834248 -0.21768704 0.19977576 0.14068496 0.33154425 0.52955586 0.5977773 0.54704386 0.3641612 0.28368646 0.27489194 0.24590574 0.12977287 -0.17467561 -0.2965758 0.09071171 0.07470183 -0.011844559 -0.3312869 -0.6317955 -0.68607897 -0.5089338 -0.0028470561 0.47088313 0.47274137 0.32395068 0.38061795 0.25262228 0.15539263 0.08615912 -0.0138563495 0.042325508 0.2535991 0.22499338 0.19673082 0.16904886 0.2025386 0.2708573 0.2873714 0.11154428 0.1762019 0.0083961515 0.1196026 0.37385312 0.52616704 0.54942805 0.4085625 0.3237697 0.2001334 0.048100248 -0.054012004 -0.10607749 -0.1563497 -0.32495186 -0.42808786 -0.39502922 -0.1587285 0.07861308
-0.04550445 -0.21435916 0.09421402 0.096092105 0.33502328 0.50883645 0.6273869 0.59943473 0.41373223 0.35979995 0.292182 0.17126223 -0.021430537 -0.3198266 -0.29052785 0.02023518 0.0021341557 -0.082357176 -0.37375602 -0.59357494 -0.5579152 -0.3656256 0.08974727 0.49287948 0.29099002 0.30194744 0.4197182 0.27102292 0.1727066 0.049716003 -0.0052535003 0.13187203 0.21770345 0.18014504 0.12586509 0.12379767 0.18386291 0.17098784 0.27883214 0.2252896 0.0841858 0.07744737 0.043822814 0.34443453 0.58427936 0.58115065 0.42240047 0.37882912 0.31293103 0.15186328 -0.054559313 -0.18683954 -0.2949261 -0.50370574 -0.41547263 -0.28222623 -0.010252483 -0.074755214
-0.08384766 -0.33041823 -0.0649494 0.08751861 0.2187615 0.47948688 0.6286213 0.6567932 0.4851948 0.4339469 0.22609651 0.014123651 -0.1481994 -0.4669457 -0.18750592 0.01133694 -0.0016710322 -0.09769078 -0.2796091 -0.41615108 -0.35789132 -0.13957891 0.1854682 0.31490698 0.08373107 0.28937772 0.3719303 0.32481548 0.16713029 0.09685948 0.08632019 0.13529937 0.17632025 0.07560701 0.027841434 0.032402825 0.07998717 0.15179259 0.16392408 0.18095824 0.13124269 -0.018197514 0.027191449 0.41775703 0.5696238 0.49418795 0.34054413 0.33200717 0.3079902 0.12881446 -0.07105762 -0.21172285 -0.41989747 -0.47711033 -0.36306137 -0.13999827 -0.13208272 -0.1698427
-0.06389273 -0.1913165 -0.25627312 -0.0169445 0.15437438 0.36325306 0.6540914 0.6679957 0.5765215 0.41675067 0.112772055 -0.074867226 -0.27520138 -0.5504547 -0.038337 0.056298636 0.035893317 -0.025019925 -0.12742707 -0.16935195 -0.11992196 0.03277672 0.16059667 0.009740248 0.18368882 0.30313444 0.34916845 0.2929625 0.1995504 0.19040777 0.14787346 0.1624279 0.18340123 0.12474838 0.09839858 0.11725881 0.1579708 0.18376881 0.10280307 0.056581773 0.14987025 0.092652 0.16202366 0.4904031 0.48180255 0.38314486 0.23743212 0.21250856 0.2721503 0.14190343 -0.056977764 -0.2996056 -0.4220133 -0.38301715 -0.18004306 -0.155188 -0.20957357 -0.1368957
0.1550305 0.15635051 0.0363094 -0.036559545 0.0060400367 0.28064707 0.5735979 0.60706776 0.58451563 0.33023655 0.003403029 -0.11309257 -0.4114791 -0.5190817 0.013559738 0.083029896 0.020646105 0.023777029 -0.00024411871 -0.010801002 -0.025993645 -0.035308953 -0.0489332 0.13929422 0.31705067 0.40161237 0.33999538 0.25775263 0.24096304 0.17266724 0.20132765 0.23797713 0.20270984 0.15640932 0.14135538 0.16949122 0.14569734 0.1198848 0.04401535 -0.054868177 0.022225877 0.17729282 0.34205028 0.5212092 0.39113864 0.29463264 0.13889885 0.08843831 0.119782135 0.08988549 -0.044820193 -0.21184526 -0.30992678 -0.21048361 -0.13941751 -0.19089314 -0.1484896 -0.076612845
0.42059705 0.44898438 0.31191456 0.06012894 0.031240499 0.21716063 0.35466504 0.5325688 0.5538416 0.20104195 -0.079475455 -0.16257378 -0.43750128 -0.4992859 -0.051693607 0.045242663 0.036386233 0.023209443 -0.0034758204 -0.061020307 -0.09712589 -0.058166046 0.18521357 0.38573152 0.5168921 0.4445261 0.2664838 0.067636356 0.096685305 0.17125575 0.27173486 0.3677778 0.3376338 0.25301704 0.17997779 0.07790121 0.08210316 0.059563782 0.016870735 -0.12485909 -0.089497134 0.20976576 0.43607822 0.49091423 0.35087904 0.17919832 0.05088811 0.023906691 0.021592451 -0.053071663 -0.08370944 -0.12998801 -0.12475969 -0.06518799 -0.119802095 -0.093744256 -0.009964021 0.06683567
