static/data/seaWater_vo/2023/7/31/0.asc
ncols 137
nrows 93
xllcorner 108.0
yllcorner 17.0
cellsize 0.25
NODATA_value -32767
[rows 26 to 51 of 93, columns 58 to 115 of 137]
0.1270915 0.13522896 0.10878929 0.14911468 0.16117364 0.12361751 0.14041038 0.12729245 0.1335924 0.113183565 0.16715556 0.20748964 0.30693752 0.3744952 0.27646157 0.0056817215 -32767.0 -32767.0 0.014756588 0.14729042 0.33921126 0.34312198 0.29403064 0.23151596 0.2122389 0.2470604 0.091203935 -0.0109984055 -0.12904525 -0.1159713 -0.043055028 -32767.0 -32767.0 -32767.0 -32767.0 -32767.0 -32767.0 -0.014542492 0.05436522 0.20410804 -32767.0 -32767.0 -32767.0 -32767.0 -32767.0 0.015717091 -32767.0 -0.08374399 -0.094796665 -0.09458141 -0.03225159 -0.03765774 0.005269156 -32767.0 -0.074436404 -0.14561816 -0.10676315 -0.23990524
0.12299955 0.07131897 0.13137019 0.1620356 0.15441062 0.19414043 0.20745575 0.19347483 0.18121906 0.19922203 0.22273201 0.45722625 0.4370097 0.45695847 0.35669583 -32767.0 -32767.0 0.025789388 0.13335453 0.3579537 0.41388452 0.43130472 0.38295788 0.20535679 0.16721572 0.06553441 -0.06732651 -0.14989528 -32767.0 -32767.0 -32767.0 -32767.0 -32767.0 -32767.0 -32767.0 -32767.0 -32767.0 -0.1471868 -0.082954116 0.2305638 -32767.0 -32767.0 -32767.0 -0.028510982 0.051252972 0.076127544 0.11843916 -0.035849057 -0.04017578 -0.115175925 0.06769029 -0.11610077 -0.08052847 -0.11344632 -0.11283959 -0.09532914 -0.08674281 -0.07727292
0.33126992 0.16899455 0.11222205 0.21500942 0.122766994 0.108045004 0.14749712 0.20989291 0.15306118 0.13976331 0.23109315 0.4136486 0.4503996 0.4245969 0.28125477 0.25271934 0.22204363 0.20843263 0.32087758 0.41939554 0.41153595 0.4869329 0.493512 0.1822415 0.07190582 0.013845503 -32767.0 -0.19493409 0.20666099 -32767.0 -32767.0 -0.021826617 -32767.0 -32767.0 -32767.0 -32767.0 -32767.0 -32767.0 0.046676308 0.26474038 -32767.0 -32767.0 -0.115746334 0.117993675 0.18468434 0.124203995 0.09233682 0.08635273 0.015286256 -0.07757479 -0.21025856 -0.27175322 -0.2660755 -0.143668 -0.06457017 0.020865386 0.09909187 0.07302882
0.500661 0.077366866 0.19864935 0.27956733 0.2768753 0.2778631 0.106716275 0.089471444 0.11050312 0.03280418 0.15208174 0.2966245 0.35467175 0.4788359 0.38847214 0.33316392 0.3753029 0.328955 0.3764792 0.38268793 0.505775 0.5305114 0.4324327 0.1483449 -0.050515704 -32767.0 -0.074034 0.077128656 0.085455775 0.21752141 0.14277521 -32767.0 -0.018224062 -32767.0 -32767.0 -32767.0 -32767.0 -32767.0 0.17641596 0.13785793 0.05950214 0.18026488 0.09382822 0.21610028 0.19933105 0.16749144 0.12270577 0.076951995 -0.03925638 -0.21488449 -0.4229029 -0.51376593 -0.3010969 -0.042749394 0.0032997243 0.15314294 0.20794274 0.27114338
0.4223375 0.2126348 0.1785909 0.12752886 0.27712202 0.39748308 0.1825615 0.037746288 0.09477547 0.08997634 0.074578404 0.081849314 0.18297888 0.4947809 0.40915123 0.35365742 0.34397972 0.34098515 0.31254116 0.38013408 0.51409405 0.5213967 0.41486186 0.21280341 0.017804476 -0.021462085 0.025796581 -0.05382657 0.02517613 0.10926866 0.03377276 0.0036794934 -0.07148111 -32767.0 -32767.0 -32767.0 -32767.0 0.017457869 0.011835996 -0.24262124 0.35367206 0.50090575 0.35966876 0.32997477 0.3190174 0.2544417 0.10347444 -0.05527299 -0.12777404 -0.28162637 -0.5951028 -0.7103947 -0.2890326 -0.072386526 0.08785026 0.13974698 0.1299152 0.23668666
0.2729379 0.21516395 0.3250005 0.28830624 0.26228735 0.23668212 0.17693008 0.1583686 0.09282756 0.07219584 0.11723241 0.11625309 0.089301206 0.39642116 0.3877292 0.36422488 0.35054123 0.3340248 0.32772633 0.43011734 0.5187485 0.4439636 0.36303255 0.25353378 0.14075555 0.13215974 0.07916111 0.06679146 -0.0069304937 -0.16879338 0.08860218 -0.020712992 -0.13151619 -32767.0 -32767.0 -32767.0 -32767.0 0.0016703216 -0.22973298 -0.35782018 0.63912785 0.5363658 0.4712834 0.5498234 0.51124114 0.34547865 0.13826765 -0.082666665 -0.28137308 -0.47651082 -0.5833787 -0.8920539 -0.33786532 -0.16051848 0.021986028 0.07520179 0.18223447 0.17682531
0.21981534 0.26889366 0.28556404 0.25552824 0.24387491 0.21705556 0.13434629 0.13101508 0.13362779 0.10826667 0.06655683 0.05187417 0.14596976 0.30558836 0.33360022 0.37783384 0.32742628 0.3790367 0.40155652 0.35954398 0.47800714 0.36881188 0.28865734 0.22015756 0.19057718 0.15462738 0.11926857 0.08258519 0.031230528 -0.29564404 -0.28445652 -32767.0 -32767.0 -32767.0 -32767.0 -32767.0 -0.15271743 -0.022488184 -0.03991819 0.07183177 0.39858547 0.46514925 0.70345664 0.9223089 0.78554684 0.43998933 0.07650614 -0.18747778 -0.20476757 -0.4851294 -0.81158805 -0.8060539 -0.8511751 -0.24596973 -0.16069521 -0.083441205 0.25475687 0.1112695
0.1509957 0.3382227 0.19154008 0.19311951 0.1447385 0.24991268 0.12253548 0.076759614 0.17513184 0.13097781 -0.041479163 -0.023203662 0.09607216 0.2337387 0.2762094 0.32905316 0.27909088 0.3058613 0.31229946 0.2563962 0.37802872 0.3198678 0.2615821 0.18040492 0.10674465 0.17284884 0.1757862 -0.009715835 -0.14040157 -0.28855646 -0.020421274 -32767.0 -32767.0 -32767.0 -32767.0 -32767.0 -0.20277764 0.116522454 0.057411946 0.0027928345 0.32088217 0.4668172 0.8509368 1.173967 0.96730953 0.45443144 0.037862737 -0.04761594 0.0040027164 -0.2961681 -0.95967805 -0.92364126 -0.8730392 -0.7322355 -0.3257301 -0.21085785 0.010455448 0.31007293
0.24544963 0.45032308 0.19082285 0.2035966 0.15618975 0.09181976 0.10810266 0.4408002 0.24387075 -0.090848394 -0.13093199 -0.07610382 0.10503676 0.20364147 0.19481707 0.19632396 0.23121598 0.24440052 0.29712933 0.27802977 0.3951631 0.2384736 0.20335078 0.16388087 0.13476492 0.10826176 0.15940414 0.005991376 -0.22509056 -0.19939515 -0.068539485 0.0040146913 -32767.0 0.06494934 -32767.0 -32767.0 0.25695378 0.09123122 -0.16975911 0.12344979 0.3860301 0.6192376 0.8821883 1.1968294 0.90600747 0.35542023 0.1644349 0.09855523 0.14938271 -0.13421774 -0.8071579 -1.0229425 -0.70366615 -0.88013655 -0.7664959 -0.37263882 -0.21008 0.17313959
0.14192899 0.34757617 0.3120807 0.2148875 0.14408875 0.08435616 0.0842818 0.23260798 0.14107932 0.17358233 0.055635396 0.010190808 0.09279482 0.18866163 0.22144492 0.25168687 0.32825527 0.33603555 0.34827322 0.36816558 0.27260613 0.14710201 0.08790339 0.15466478 0.07311582 0.0138242915 0.014239867 0.0031250513 -0.09460461 -0.038854882 -0.101514846 -0.1066286 -0.05868233 0.123959325 -32767.0 -0.049493264 0.5966677 -0.051810075 -0.1689704 0.0029471936 0.64543617 1.0262119 0.90842193 0.9969328 0.72202635 0.3671482 0.2207761 0.10642141 0.014923357 -0.13372184 -0.6004649 -0.7874308 -0.653837 -0.66493803 -0.8586095 -0.76565444 -0.42223084 -0.08238734
0.049405083 0.23116398 0.22514889 0.29047018 0.28467354 0.17645693 0.09552002 -0.023756929 0.06164637 0.15024044 0.14512025 0.029851178 0.0065694647 0.11898168 0.21295336 0.29779968 0.3782867 0.3705204 0.31727567 0.3182554 0.19669667 0.084035754 0.07401157 0.10723279 0.13124199 0.016882759 -0.059601083 -0.04511897 -0.007388037 -0.009726878 -0.12036763 -0.12136348 -0.21018352 -32767.0 0.33378533 -0.25278014 0.056953073 0.07199633 -0.4474249 0.18666725 1.1096061 1.0906478 0.9727236 0.8964912 0.53309125 0.3437739 0.2084787 0.054690078 -0.07844021 -0.21087839 -0.3873366 -0.5013894 -0.4953262 -0.53166485 -0.6460275 -0.7248519 -0.60857475 -0.23452508
0.082017235 0.31243962 0.2485175 0.27574456 0.32527584 0.25328672 0.10529759 0.048648447 0.05843001 0.043267854 -0.011411143 -0.060702804 0.037847962 0.09652526 0.17288268 0.27124128 0.3071174 0.26096523 0.2911237 0.30940735 0.2348879 0.12059509 0.12152736 0.08580971 0.12481435 0.15280008 0.06346615 -0.0015052755 -0.005530798 -0.05990868 -0.07082364 -0.22014356 -0.042801723 -0.008949535 -0.06380136 0.15172559 0.22044027 -0.34124792 0.054211162 0.67587346 1.1042873 1.0447929 0.8429667 0.61130446 0.34160224 0.32979482 0.1526616 0.02441234 -0.07251339 -0.11719498 -0.21898867 -0.29483232 -0.36609328 -0.44479173 -0.52646327 -0.5577901 -0.491332 -0.2645963
0.092902966 0.22421585 0.22733106 0.3341161 0.35273537 0.24938662 0.13643059 0.09173119 -0.0074174483 0.021368995 -0.031771634 -0.051633053 -0.014241887 0.058475204 0.13176927 0.16797951 0.13355999 0.19345924 0.24933474 0.24513763 0.23332456 0.18007806 0.15157981 0.1583165 0.12952004 0.07016206 0.025096163 0.08077015 0.024833953 -0.011257896 -0.0022530623 -32767.0 -0.074124336 -0.25133944 -32767.0 -0.017014256 0.3006159 0.3335452 0.51024663 0.7299628 0.7983306 0.7920122 0.6064662 0.47882372 0.23387846 0.2485567 0.102676935 -0.030262565 -0.07524748 -0.11228288 -0.14881277 -0.18255307 -0.21545763 -0.26461834 -0.3249777 -0.359258 -0.33190742 -0.21520896
-32767.0 0.1372879 0.30596864 0.35603067 0.31835446 0.2662797 0.17248979 0.047043454 0.054347225 0.010910161 -0.03725191 -0.06107837 -0.046657838 -0.006672749 0.06951801 0.16178842 0.1676797 0.21740648 0.25291073 0.24576315 0.24050067 0.27828607 0.33677894 0.33381462 0.20430236 0.020176284 -0.11739062 -0.16092408 -0.03844008 0.02564674 -0.03148918 -0.22135554 -32767.0 -0.2922507 0.12179057 0.40126693 0.6910548 0.5717904 0.57240844 0.5871434 0.70351374 0.60574 0.3776278 0.32629973 0.16098475 0.12607843 0.040440585 0.055662267 -0.012054805 -0.05160023 -0.07075693 -0.072592355 -0.0908402 -0.15337099 -0.17250472 -0.16361225 -0.175227 -0.14650343
-0.04048399 0.33485684 0.33733493 0.280412 0.18928961 0.24792238 0.23606847 0.16053846 0.09925057 0.13906804 0.0821848 0.055962782 0.012554659 0.004556727 0.07990308 0.114904925 0.18289658 0.22462454 0.2221509 0.240329 0.3112042 0.5358887 0.61922437 0.4367988 0.25508103 0.019474786 -0.053634007 -0.31426427 -0.2941186 0.02375144 -0.13983993 -0.11840108 -0.12957883 0.026537128 0.11317583 0.28100073 0.38183206 0.54421306 0.5707633 0.69537187 0.68956035 0.44911435 0.23745598 0.09314888 0.13565338 0.05156356 0.016533922 0.06334244 0.045606423 0.043255366 0.04904325 0.045873944 0.016836764 -0.13274626 -0.26150608 -0.16296609 -0.10476659 -0.08209396
0.11158969 0.37758112 0.36202854 0.35148612 0.22547162 0.028555788 0.10422294 0.20411025 0.13261528 0.06705905 0.09924167 0.10562485 0.12816833 0.15671964 0.16417448 0.18469957 0.20086874 0.1817593 0.2624498 0.34147123 0.67185134 0.85771704 0.6570894 0.40338218 0.21211332 0.07832939 -0.07665183 -0.040272694 -0.28582346 -0.3485827 -0.19980875 -0.07378925 0.09925058 0.15012352 0.20156609 0.35669017 0.37582108 0.5212283 0.60415274 0.5853746 0.62665 0.36641744 0.07773329 0.09607085 0.10659812 0.013063523 0.062216733 0.13400821 0.12607296 0.1513954 0.116566 0.08535814 0.07506246 -0.13355313 -0.31391764 -0.24934678 -0.05979126 -0.0009265937
0.27646217 0.23488043 0.2927735 0.47582686 0.29027116 0.103314735 0.02009553 0.031334855 0.11586796 0.047831938 0.0863772 0.07974176 0.12395933 0.13551787 0.13497388 0.17017528 0.18819018 0.19217962 0.2568883 0.53980404 0.77221906 0.8469858 0.6109641 0.39723542 0.23971677 0.08680718 -0.028208794 -0.12819706 -0.2231632 -0.4295743 -0.14220405 -0.10833302 0.033182375 0.1317518 0.22483292 0.33151725 0.41794336 0.50367004 0.45004612 0.35439643 0.44415683 0.2439338 0.16948986 0.14343365 0.013184405 0.09311306 0.1892734 0.17606165 0.123169616 0.09829976 0.12485849 0.121748105 0.0799863 -0.0942298 -0.28666997 -0.223768 -0.05875103 -0.06135075
0.12660861 0.36141965 0.5539011 0.5180132 0.3051623 0.15727715 0.11048227 -0.008511222 -0.1001467 -0.036914162 0.06620111 0.17970496 0.24783777 0.18854322 0.12109561 0.15217693 0.17439514 0.13971454 0.23465332 0.7153852 0.70683455 0.7667278 0.5903823 0.4044543 0.29262814 0.10740217 -0.008766151 -0.07868632 -0.40326723 -0.15684797 -0.09855093 -0.07194305 0.078620225 0.17320918 0.28787994 0.3618556 0.39413628 0.34602666 0.26061338 0.2572641 0.26763543 0.1909479 0.24698867 0.08349039 -0.025662746 0.23630644 0.20609854 0.21565111 0.18700017 0.12869298 -0.0054791877 -0.04196877 -0.0057295086 -0.062439967 -0.21801873 -0.20390458 -0.111582816 -0.064478464
0.36932492 0.48003647 0.5153153 0.28816852 0.13352217 0.14150086 0.25719938 0.04204804 -0.07992956 -0.088054635 0.14775328 0.22437176 0.20225011 0.18473543 0.17200749 0.17391966 0.06278503 0.101333626 0.2859838 0.7631288 0.6633943 0.6917387 0.4848681 0.29685232 0.3347431 0.23681612 0.058426067 -0.18229873 -0.018223032 -0.1482526 -0.09086189 0.0031789239 0.123927936 0.21919714 0.23984253 0.26872486 0.27893364 0.25979945 0.21423218 0.15187316 0.12757438 0.14323826 0.22199434 0.026809327 0.04082976 0.24963504 0.15930055 0.22495325 0.3713488 0.47904232 0.1446137 -0.13534887 -0.19988826 -0.095184036 -0.14594454 -0.14369775 -0.13366377 0.05487888
0.42768577 0.64085484 0.42974982 0.13550608 -0.01452984 0.06803046 0.20153576 0.14410535 -0.0026574773 -0.07623098 0.06783169 0.20170748 0.18430765 0.1885461 0.10793737 0.012517453 0.062066708 0.11878801 0.47212732 0.8148719 0.6192992 0.6143069 0.3666761 0.047522597 0.30741563 0.2885456 0.19489755 -0.05510679 -0.08094135 -0.05230707 0.028159663 0.06211593 0.07774317 0.20195971 0.25241044 0.24721214 0.21935591 0.18724632 0.100878865 0.019388892 -0.011359044 0.06765201 0.1886242 0.0316415 0.10890655 0.18751393 0.11421632 0.24195294 0.39309844 0.5716256 0.27175942 -0.120240845 -0.2318462 -0.15349633 -0.1562907 -0.21027666 -0.06748038 -0.024585642
0.46141627 0.5679598 0.31393662 0.033596877 -0.078354985 -0.030165272 0.09235997 0.117901646 0.12981792 -0.034725625 0.07286038 0.22461852 0.14060096 0.16940324 0.059330538 0.0319452 0.08373256 0.21618903 0.707896 0.7933739 0.5250955 0.53640133 0.29745597 -0.004939383 0.14158574 0.21461353 0.115663774 0.028860228 -0.030232627 0.048313867 0.10828102 0.032927513 0.22662017 0.29713857 0.27940515 0.23500624 0.17529929 0.11637656 0.059411626 -0.04335071 -0.12933713 -0.017490722 0.12181064 0.055469554 0.06389745 0.04971197 0.25772908 0.29439318 0.36133707 0.5214974 0.2918058 -0.15674621 -0.24133946 -0.27752998 -0.23306984 -0.16859268 -0.15672128 0.043362238
0.5009983 0.3928177 0.15446508 -0.062519945 -0.020335063 -0.026584577 0.17074667 0.1934043 0.023501696 -0.0028613952 0.034029804 0.18555184 0.14069706 0.12157385 0.06653323 0.10736737 0.21666196 0.6004706 0.8083433 0.6473673 0.43148506 0.4229942 0.21246667 0.04987528 0.021316634 -0.0677822 0.26697785 -32767.0 0.042488586 0.0916498 0.08696303 0.19582474 0.3097331 0.29334265 0.23162489 0.21190602 0.17577338 0.09276087 0.028291626 0.011964892 -0.14862116 -0.10998978 0.051543627 0.019323556 -0.074059255 0.17334302 0.19705693 0.18198928 0.55016875 0.4776659 0.22197239 -0.037398532 -0.18382639 -0.28161258 -0.25658107 -0.2772171 -0.15449172 0.15005991
0.4140111 0.21559858 0.03718976 0.018496491 0.04300349 0.1577693 0.24482378 0.03929877 0.029117603 -0.044018142 -0.014613036 0.12315317 0.12211983 0.09951646 0.1621981 0.29449114 0.6966357 0.83452576 0.7009213 0.38485646 0.3949556 0.20855667 0.08587419 0.013307156 -0.059805837 -0.16335738 0.16794252 0.1930485 0.08575498 0.16097969 0.2197709 0.36720696 0.36601174 0.34587938 0.37179732 0.32593763 0.19635794 0.07296437 -0.01602736 0.011313674 -0.18266876 -0.15158285 -0.022981763 -0.054590914 -0.06232492 0.1115701 0.105545536 0.2722479 0.59938747 0.37428597 0.17008352 0.018107323 -0.11418886 -0.23424257 -0.3133668 -0.22207808 0.0035376227 0.06272473
0.2546336 0.121596836 -0.04203573 0.20439744 0.24562125 0.3709992 0.14542012 -0.1234301 0.006437691 -0.029159576 -0.040258218 0.04118564 0.073354624 0.13477181 0.38755867 0.75140804 0.85557306 0.68417764 0.4351122 0.33721647 0.2555538 0.00047760375 0.013736193 -0.13193192 -0.033113316 0.099079184 -32767.0 0.15564603 0.25714535 0.30495703 0.4196076 0.40194342 0.484104 0.51003504 0.44381794 0.3205483 0.16570744 0.029124493 -0.07119859 -0.04379582 -0.2282032 -0.15548642 -0.0582998 -0.16459757 -0.00035934735 0.021226315 0.094473265 0.17707081 0.5542697 0.34206477 0.17472774 0.004245827 -0.14297523 -0.23672208 -0.23074917 0.01746264 0.038824275 -0.022661839
0.1926477 0.07248179 0.030643167 0.24604411 0.23943731 0.27444413 0.14696796 -0.027457174 -0.057891738 -0.01981181 0.031839233 0.0354992 0.15748999 0.35582402 0.65706587 0.8528256 0.6513665 0.5469059 0.31663212 0.3105602 0.052787155 -0.040881466 -0.13305168 -0.16181903 0.061046917 0.16893595 0.06326282 0.2771072 0.40048206 0.43069813 0.43688416 0.53202116 0.59538764 0.49853262 0.3232487 0.16215315 0.039406728 -0.056637045 -0.063178584 -0.17370752 -0.28615305 -0.15190127 -0.19573514 -0.13733295 -0.08716562 0.036651384 0.23369579 0.16042854 0.32522058 0.37404025 0.17196257 0.01270596 -0.089484684 -0.14893559 -0.20365575 0.13512476 0.1602959 0.049220875
0.22203115 0.12652843 -0.079801016 0.122571655 0.14971915 0.17893657 0.09241712 -0.00058488036 0.14058575 0.16028243 0.057583388 0.104047105 0.1934944 0.48561606 0.8141093 0.7146255 0.5811752 0.42135683 0.2042829 0.08972681 -0.0064967326 0.00815528 -0.14061533 -0.09650691 0.050501738 0.007683963 0.16060938 0.40851733 0.43193895 0.43580312 0.47275904 0.5831443 0.53310806 0.45987132 0.26105464 0.09045677 -0.019205129 -0.06663357 -0.18188791 -0.31481963 -0.23097003 -0.247704 -0.18987359 -0.15538022 -0.06634747 0.13242002 0.3423532 0.32020795 0.024290433 0.24439244 0.20025006 0.081641376 0.02590604 -0.05386566 -0.23472045 -0.078415 0.14681992 0.048131555
