static/data/seaWater_vo/2023/7/31/12.asc
ncols 137
nrows 93
xllcorner 108.0
yllcorner 17.0
cellsize 0.25
NODATA_value -32767
[rows 26 to 51 of 93, columns 58 to 115 of 137]
0.06850758 0.06366823 -0.0027492305 0.025300257 0.04561363 0.13069738 0.11664768 0.112896554 0.05357064 -0.022359107 -0.06642675 -0.13420866 -0.07379912 0.1661652 0.20852341 0.17827271 -32767.0 -32767.0 0.13275436 0.15521763 0.21874535 0.22855328 0.19859362 0.11708364 0.028316889 0.03919106 0.079985276 0.04044984 0.16994938 0.07851935 0.03919708 -32767.0 -32767.0 -32767.0 -32767.0 -32767.0 -32767.0 -0.16095321 -0.07613355 0.06211376 -32767.0 -32767.0 -32767.0 -32767.0 -32767.0 0.02900961 -32767.0 -0.09187205 -0.08363062 0.14273281 0.22000685 -0.040721126 0.09237076 -32767.0 0.04273672 -0.12695773 -0.041812517 -0.06692309
0.20497757 0.14824457 -0.030995736 0.05993676 0.03840583 0.02754819 0.051403113 0.06093204 0.014395859 -0.10711859 -0.1732038 -0.075947955 -0.0888609 0.02851123 0.015797637 -32767.0 -32767.0 -0.0017059919 0.11494467 0.27667463 0.27912027 0.19554098 0.20923492 0.031459987 -0.097131655 -0.03042272 -0.06518222 -0.03440743 -32767.0 -32767.0 -32767.0 -32767.0 -32767.0 -32767.0 -32767.0 -32767.0 -32767.0 -0.056712978 -0.092374735 0.09891292 -32767.0 -32767.0 -32767.0 -0.019709589 0.054027513 0.071297914 0.10027243 -0.06681276 -0.032190025 0.0143232355 0.11393418 0.037653502 0.11444072 -0.010124462 -0.061262358 -0.05330211 -0.020220624 -0.037486475
0.48154807 0.113166824 0.14262725 0.2078112 0.09514125 0.06990467 0.03888577 -0.024045194 -0.031220336 -0.008002616 -0.04993376 -0.061926108 -0.071843386 0.053262714 0.080929816 0.047678415 0.050168574 -0.010796375 0.030528732 0.23459423 0.22302653 0.25073135 0.22800305 0.017402213 -0.15962799 -0.0829094 -32767.0 -0.122867264 0.104562484 -32767.0 -32767.0 0.008105708 -32767.0 -32767.0 -32767.0 -32767.0 -32767.0 -32767.0 0.019629272 0.11555058 -32767.0 -32767.0 -0.057655327 0.13033165 0.17779402 0.13615455 0.11449803 0.07991693 0.02292135 -0.038509447 -0.1346553 -0.043828603 -0.08525875 -0.11718997 -0.07239503 -0.0006401341 0.07493854 0.15736622
0.5649466 0.110458955 0.16660589 0.1309516 0.13541947 0.14877096 0.0816762 -0.0031972863 0.023338253 -0.0016743708 0.038583398 0.00944744 0.04878297 0.17263667 0.099096954 -0.015028944 0.041001216 0.027085429 0.023744576 0.08640868 0.18254285 0.18548775 0.15683639 -0.036597483 -0.2331374 -32767.0 -0.09912846 -0.11973782 -0.08375335 0.15078966 0.03920082 -32767.0 -0.06830444 -32767.0 -32767.0 -32767.0 -32767.0 -32767.0 0.0050392053 0.093777105 0.10093655 0.22921976 0.109795466 0.27238768 0.29981878 0.2517787 0.17016974 0.083436124 -0.023636023 -0.19331329 -0.3314557 -0.3519019 -0.1573945 -0.034204293 -0.035506733 -0.022917317 0.052024033 0.2905596
0.42834258 0.16097464 0.21334106 0.20758836 0.17774805 0.20417316 0.007947653 -0.03287892 0.028476896 0.019297162 0.044412583 0.08739449 0.09321044 0.19284041 0.100779556 0.043498736 -0.0007281663 0.034807418 0.010785163 0.05752635 0.1440623 0.17478494 0.09149752 -0.019447435 -0.14852937 -0.12052299 -0.11699765 -0.058941733 -0.010180136 0.17957847 0.05477628 0.07368341 -0.07974231 -32767.0 -32767.0 -32767.0 -32767.0 -0.07043723 0.03779294 -0.09689401 0.5514726 0.4498358 0.35777196 0.37052658 0.40393573 0.35087812 0.23022592 0.07713784 -0.15796079 -0.31304905 -0.53227895 -0.67631406 -0.3760026 -0.03995325 -0.009411901 0.007986852 0.031583104 0.16299264
0.31602412 0.17659102 0.28650916 0.2459915 0.21257652 0.21521822 0.033950135 0.07713202 0.08981346 0.037667863 0.010386625 0.04614179 0.030390177 0.08645352 0.09583337 0.09709668 0.07939668 0.061906092 0.008327153 0.0678041 0.21986286 0.3153391 0.14057197 0.04516879 -0.06432718 -0.116243824 -0.13464367 -0.119734064 -0.1181942 -0.27434522 0.08977401 -0.037162222 -0.11481457 -32767.0 -32767.0 -32767.0 -32767.0 0.004541736 -0.100501925 -0.123117946 0.65594614 0.54530406 0.45646295 0.59676784 0.72534466 0.6416374 0.27733827 -0.004033651 -0.17482454 -0.46703455 -0.6139347 -0.7824374 -0.62122834 -0.14205356 -0.098431624 -0.061646897 -0.005107577 -0.0051682116
0.37544045 0.38177833 0.25907782 0.2628112 0.31670877 0.2972196 0.16100898 0.12318059 0.16162048 0.08934498 0.05731123 -0.058138605 -0.0019337245 0.10656693 0.12970151 0.13001056 0.021764528 0.048860148 0.055797417 0.039612968 0.3579553 0.41717842 0.3292701 0.17111611 0.0144989425 -0.05097401 -0.09269045 -0.163491 -0.17884426 -0.3589331 -0.20257172 -32767.0 -32767.0 -32767.0 -32767.0 -32767.0 -0.074524194 -0.0039470936 0.039004676 0.25597304 0.53498083 0.527732 0.6204418 0.8776199 1.0365778 0.8644659 0.37483728 -0.036573954 -0.2792793 -0.4070819 -0.6277143 -0.813861 -0.8762198 -0.47191435 -0.19683383 -0.1522896 -0.0132196415 0.099789634
0.2579474 0.3961797 0.28495327 0.30021605 0.23319148 0.333891 0.22005281 0.20164225 0.23887385 0.23209156 0.114444084 0.0029288398 0.051221702 0.15291032 0.14064015 0.120859794 0.08215465 0.08164863 0.11519523 0.2031318 0.4648024 0.4626951 0.37664735 0.2435698 0.1708945 0.07409835 0.08236416 -0.10486118 -0.25231773 -0.41481847 -0.17640176 -32767.0 -32767.0 -32767.0 -32767.0 -32767.0 -0.10598184 0.107709415 0.3106001 0.2367554 0.53874457 0.69558895 0.92517453 0.98056155 1.0408566 0.7942454 0.34254918 0.0076664346 -0.22201231 -0.27440974 -0.44008246 -0.81935424 -0.9016252 -0.86836785 -0.46342823 -0.2387491 -0.22268453 0.09223761
0.48850876 0.4594281 0.23950425 0.20474486 0.23442422 0.1753518 0.13098268 0.35332942 0.31885383 0.3550887 0.12978224 0.067263976 0.09487364 0.120196715 0.09571919 0.10711325 0.14616162 0.16988604 0.23314953 0.30851555 0.47363466 0.4074749 0.36694777 0.31331733 0.23552254 0.12523358 0.10749607 -0.09533177 -0.27490988 -0.25141582 -0.10549999 0.0089588165 -32767.0 0.10196292 -32767.0 -32767.0 0.3721135 0.2862781 0.005402096 0.21601714 0.46906492 0.82807493 1.1742394 1.0004755 0.9823276 0.59305173 0.30894732 0.12821773 0.015193254 0.08195082 -0.23134224 -0.8260532 -1.0261366 -0.8209124 -0.8422561 -0.5083808 -0.25468525 -0.078969926
0.2837974 0.32944596 0.37837377 0.28271103 0.24170838 0.22952676 0.2402969 0.2764597 0.13110758 0.20479013 0.16872801 0.07150213 0.08440972 0.084002055 0.10487745 0.13438715 0.19966301 0.24043757 0.3049973 0.4265189 0.3770044 0.33254763 0.34284994 0.31126642 0.34021902 0.19483028 0.04184172 -0.0033507368 -0.16526088 -0.15530585 -0.13523376 -0.09854818 -0.06710214 0.1636924 -32767.0 -0.08807417 0.74053574 0.1113185 -0.09051852 -0.13689917 0.8127815 1.2187722 1.1860946 0.9955265 0.8842649 0.44347918 0.34353423 0.25045028 0.1773815 0.2324125 -0.097170904 -0.72488403 -0.99468607 -0.7249004 -0.70277894 -0.79886013 -0.5450781 -0.20611952
0.13328041 0.39628488 0.28475374 0.34356436 0.31352898 0.24096498 0.1610101 0.09689583 0.09406715 0.19220175 0.2090216 0.19941498 0.107563846 0.08785628 0.16335759 0.19169833 0.20781113 0.33883986 0.4500316 0.45853424 0.2963089 0.2982654 0.33378136 0.28572926 0.33482295 0.31088892 0.15246743 0.04098697 0.029688258 0.015102989 -0.07862296 -0.07581056 -0.13115825 -32767.0 0.33424434 -0.17454028 -0.030175874 0.4303956 -0.15304238 -0.017866164 1.18433 1.4175855 1.2299802 0.8894782 0.6542349 0.37475586 0.34056503 0.27768785 0.19997782 0.09838097 -0.055922087 -0.4515823 -0.6473995 -0.55693597 -0.5182231 -0.5736975 -0.5697385 -0.31515276
0.11171663 0.31202528 0.33209208 0.3482072 0.36575893 0.2281481 0.10077548 0.09602154 0.12115228 0.2140657 0.2918037 0.17960839 0.11046762 0.12090045 0.17746003 0.17942056 0.17414781 0.30904546 0.41832286 0.4162966 0.38686985 0.2996952 0.2972648 0.27334684 0.23991087 0.20965178 0.20200005 0.18874343 0.18162255 0.10370923 0.03896944 -0.09621002 0.057102576 0.107389845 0.04329568 0.21414424 0.3467902 -0.16100025 0.17576426 0.6289996 1.2225765 1.1037033 0.99078745 0.7838259 0.4507994 0.36947286 0.29878742 0.23378433 0.22000752 0.12863812 -0.064676866 -0.21042743 -0.29539117 -0.33217585 -0.35404247 -0.35868284 -0.319556 -0.16195968
0.1094085 0.25967738 0.32362917 0.43941578 0.41782394 0.24012195 0.05474398 0.10399937 0.13955079 0.1794663 0.2106422 0.20304695 0.16613947 0.13135019 0.18925038 0.24179791 0.23300844 0.28142998 0.32202473 0.2960168 0.3005043 0.35645023 0.3417069 0.30841914 0.25449926 0.14954028 0.04974188 0.044654127 0.08791133 0.077026516 0.09797101 -32767.0 0.02935742 -0.22413218 -32767.0 -0.10789525 0.33594993 0.5540138 0.6868154 0.8375815 0.8917145 0.9298467 0.75269586 0.62403363 0.28540945 0.26654568 0.22754551 0.18351914 0.1405497 0.112470545 0.054612394 -0.005219714 -0.049037248 -0.109439634 -0.16782336 -0.19856463 -0.14923984 -0.038581755
-32767.0 0.23152009 0.41992217 0.47051793 0.39490888 0.27914745 0.06295476 -0.00470789 0.12545596 0.19482993 0.2234081 0.22716336 0.20023146 0.20361918 0.21407852 0.303428 0.33313474 0.3364736 0.26521495 0.22683904 0.30440065 0.38624159 0.44360995 0.41928512 0.30023795 0.09846156 -0.107886255 -0.124933556 -0.08492811 -0.017774172 -0.060414802 -0.1004366 -32767.0 -0.23474103 0.20903173 0.43440467 0.7222597 0.7042203 0.73551553 0.7659965 0.86087084 0.8594535 0.54015845 0.36879498 0.13745014 0.112200126 0.13876928 0.10758161 0.023439072 0.0055244 0.007568067 0.008739291 0.0027727322 -0.030587368 -0.06599702 -0.108309746 -0.091777235 -0.052606873
0.055798847 0.39427605 0.44583672 0.4237845 0.34523943 0.25323328 0.17390345 0.038770344 -0.03470664 0.089713775 0.14538905 0.13448715 0.15133423 0.20218326 0.23046865 0.26991558 0.27100354 0.2600017 0.2748278 0.27266973 0.42071134 0.6382554 0.7576405 0.5148994 0.250597 0.02912496 -0.062472302 -0.24977623 -0.15009552 0.04941847 -0.11748793 -0.05185129 0.011351613 0.14436069 0.28343987 0.41783664 0.51827383 0.60578215 0.67969394 0.7459034 0.80641586 0.7116332 0.34725353 0.11423864 0.105909765 0.041238423 0.054615863 0.057129238 0.002405869 -0.012326288 0.017293667 0.08754759 0.08594785 0.0673709 -0.0714907 -0.079107784 -0.0027369948 -0.019569132
0.3113684 0.39547637 0.4540302 0.51228714 0.373497 0.1511237 0.14064035 0.16190249 0.060725942 0.05964709 0.1267362 0.111745864 0.09617492 0.14659537 0.16308236 0.17736192 0.18001829 0.14640942 0.26239654 0.40294576 0.7460206 0.84016734 0.7258656 0.5284419 0.25604415 0.10253423 -0.024461955 -0.030409738 -0.14773993 -0.25823754 -0.109248795 -0.03668151 0.17240757 0.36126652 0.36399552 0.41172004 0.5324259 0.55685216 0.65288633 0.5979921 0.65722543 0.5001248 0.18537128 0.1514196 0.12542859 0.055038832 0.1079058 0.12569584 0.080345966 0.03840645 0.0700407 0.12855724 0.21477033 0.2249779 -0.027361993 -0.13446014 -0.019748734 0.04279226
0.34810242 0.26678166 0.36815643 0.5477246 0.4825154 0.19202662 0.06286938 0.04290152 0.06655251 0.07617452 0.15648912 0.15403558 0.2017541 0.22608767 0.1940165 0.16349354 0.13701747 0.19499746 0.31891865 0.6133065 0.84050846 0.817062 0.6862642 0.501346 0.3324306 0.17586242 0.06572357 -0.030554391 -0.061229087 -0.30269763 -0.044300225 0.027210124 0.12653597 0.35647684 0.40775704 0.42910033 0.5040391 0.57535636 0.5103316 0.38793513 0.4214133 0.296869 0.27845943 0.24409659 0.04395621 0.13289182 0.17181458 0.18446347 0.19285096 0.11992444 0.08282997 0.18157707 0.27225283 0.1989817 -0.02192334 -0.11104875 0.033577822 -1.3552315e-05
0.20129043 0.53758293 0.54814106 0.46985295 0.36559492 0.15489374 0.14759135 0.04059906 -0.07526151 -0.06221273 0.068701066 0.18655029 0.189739 0.104684524 0.0287104 0.12842686 0.17417574 0.21280134 0.3297328 0.7942249 0.80682194 0.7727604 0.62325966 0.46937463 0.423211 0.25373012 0.14665355 0.045025818 -0.2487185 -0.032215517 0.0155457975 0.08543834 0.19887124 0.34937307 0.4252374 0.46790686 0.4891534 0.4392649 0.36954027 0.32473516 0.30389377 0.25564545 0.30363193 0.19207686 0.0019125835 0.17464632 0.1996767 0.27682504 0.3434341 0.39595458 0.24926914 0.1554332 0.18921308 0.13502993 -0.0351355 -0.030465981 0.0062334333 -0.031787805
0.45954165 0.5286581 0.5635138 0.3371776 0.16809157 0.17139153 0.30044386 0.10577602 -0.079834424 -0.13848834 0.052631572 0.17678764 0.114680864 0.05199909 0.049883615 0.10051475 0.1300702 0.2206664 0.32721484 0.8729635 0.7613106 0.70149267 0.51698613 0.33657232 0.50274324 0.43522373 0.22187415 -0.00430554 0.14210054 0.016806642 0.032503176 0.14820592 0.27062207 0.36209038 0.4041167 0.410308 0.40113968 0.37309143 0.3363496 0.2775111 0.21049322 0.20541818 0.27587724 0.081842825 0.05670984 0.1761175 0.1340315 0.18859516 0.3096379 0.5749908 0.39079764 0.13555546 0.014094 0.041433327 -0.0024636642 -0.009861481 -0.03644905 0.049764
0.49090996 0.57724786 0.4504913 0.105565794 -0.013409012 0.089748845 0.25936726 0.19867504 0.06976621 -0.05684662 0.01834576 0.14135373 0.08767545 0.04203126 0.090231426 0.11437272 0.20692898 0.21173887 0.4714318 0.90372217 0.7341593 0.6080153 0.3861061 0.103192076 0.42397153 0.49180195 0.35407132 0.11075097 0.102865495 0.14160758 0.15883765 0.19535989 0.21074693 0.38699973 0.4575448 0.42854765 0.39019987 0.34687787 0.30352592 0.21712722 0.14274509 0.14363262 0.2098603 0.10811464 0.12689172 0.15708172 0.21339482 0.33281478 0.4549401 0.65338194 0.410535 0.036085866 -0.06061329 -0.015954794 0.020038903 -0.0042103464 0.000719709 0.12504394
0.50481147 0.5335319 0.29286784 0.03438527 -0.062321 0.036872834 0.21709113 0.23540309 0.18930677 -0.007236757 0.038682368 0.15902023 0.10851792 0.08994146 0.036537383 0.1345522 0.23214822 0.27281165 0.7224202 0.91925615 0.612329 0.52324545 0.30572116 0.08557433 0.15612555 0.30946386 0.27516598 0.16684937 0.11442535 0.25503486 0.18067531 0.17316072 0.41304836 0.5195748 0.4709857 0.40664947 0.35375127 0.29329172 0.26353794 0.18980171 0.044582922 0.037679035 0.17956053 0.18332776 0.13554214 0.19128397 0.48308253 0.5312864 0.69943595 0.5814565 0.3697096 0.004014351 -0.03693005 -0.053276386 -0.010892483 -0.011416692 0.04062243 0.30028427
0.46483767 0.3676007 0.14762384 -0.063971765 0.024854766 0.062340297 0.22927378 0.30273575 0.075218305 0.025054328 0.060588628 0.1441679 0.17650877 0.08440645 0.12414932 0.16335641 0.2652229 0.6795542 0.9064079 0.70776415 0.40370885 0.43263623 0.2379332 0.13548087 0.115211055 0.06481443 0.42890784 -32767.0 0.14556718 0.31246227 0.2524293 0.42824754 0.54951924 0.499008 0.43259946 0.35369623 0.28495616 0.19989769 0.20428637 0.1531179 -0.035372045 -0.05921402 0.13972872 0.18656303 0.0549366 0.40972576 0.4912944 0.6096593 0.6089034 0.49411157 0.24822234 0.04895736 0.0076906555 -0.0869954 -0.074047394 -0.06941856 0.09856147 0.38084146
0.37239268 0.22463475 -0.0009902592 -0.0340664 0.058091834 0.1448357 0.25952843 0.1393014 0.15690634 0.06251041 0.018405875 0.12388421 0.19531271 0.12618051 0.12096897 0.31711096 0.7517773 0.83865774 0.7292069 0.42202932 0.3873537 0.29818356 0.16957271 0.117195316 0.084426396 0.004036566 0.37814596 0.36837548 0.2896676 0.3791964 0.46176994 0.55687284 0.5301246 0.4830061 0.39865017 0.27923357 0.123819694 0.039066125 0.07968065 0.084204905 -0.10976085 -0.11851086 0.15007469 0.09601654 0.20415804 0.3985397 0.45693272 0.55918497 0.53817075 0.369656 0.2170015 0.09336988 -0.036040667 -0.14383936 -0.1476883 0.01807465 0.22747208 0.30633554
0.28997287 0.13210411 -0.09467431 0.094473355 0.15000924 0.24698845 0.14696038 -0.027410753 0.18981387 0.122596376 0.061968844 0.07896552 0.10221613 0.120433584 0.41840452 0.8045744 0.80971694 0.6358975 0.50516915 0.36810058 0.34150264 0.13453442 0.082806826 -0.01908641 0.13246898 0.26444885 -32767.0 0.41889682 0.5170744 0.53740174 0.56883276 0.5840415 0.5875006 0.52759504 0.38195798 0.20698772 0.06900307 -0.054351076 -0.009978729 0.0025197314 -0.19469723 -0.06363525 0.17123699 0.043798864 0.25599867 0.40253636 0.38353106 0.36771446 0.49585623 0.31432128 0.15875417 0.04981269 -0.034475237 -0.12939425 -0.06219819 0.22371548 0.22958726 0.22526526
0.26057503 0.10401253 -0.049681704 0.10263153 0.06205226 0.12683181 0.10439645 0.010216329 0.021148762 0.042488083 0.06691132 0.012837081 0.14541425 0.33017012 0.72123516 0.84767777 0.627929 0.55525094 0.3654533 0.32274777 0.1611163 0.06985331 0.004755831 0.055686492 0.16203769 0.3564671 0.40834022 0.58487564 0.5602278 0.5421962 0.56745046 0.66061544 0.6220889 0.49321163 0.36436695 0.20837632 0.03451371 -0.06814593 -0.039344065 -0.13020167 -0.1781459 0.10191487 0.03282709 0.17357063 0.33200017 0.39000636 0.3418645 0.1395527 0.3290062 0.31558818 0.15588598 0.04572573 0.024074096 -0.037690256 0.033466194 0.3420484 0.25276253 0.22149019
0.19862774 0.0533677 -0.16676082 0.034435507 0.099011056 0.0350908 -0.0048224544 -0.030030543 0.13115151 0.12104565 0.04547861 0.097999185 0.15110934 0.55658376 0.8224482 0.73556566 0.6035587 0.5077394 0.2085539 0.1324604 0.08998747 0.116954826 0.02069476 0.10534848 0.29223147 0.26792285 0.5667722 0.61711895 0.51110756 0.53364575 0.6586568 0.7329172 0.61084026 0.47361428 0.29393634 0.1604464 0.039870188 -0.06733289 -0.12569611 -0.17743972 -0.001850865 -0.008705196 0.10237282 0.23643419 0.31063145 0.3953557 0.43851966 0.27022076 -0.0064646895 0.14174278 0.14391318 0.13240102 0.15561773 0.079074524 -0.024671163 0.14643344 0.24226463 0.17406242
