static/data/seaWater_vo/2023/7/31/18.asc
ncols 137
nrows 93
xllcorner 108.0
yllcorner 17.0
cellsize 0.25
NODATA_value -32767
[rows 52 to 77 of 93, columns 58 to 115 of 137]
0.06957123 0.1281252 -0.120413125 0.08007367 0.18338312 0.17957787 0.11926657 0.20948991 0.293583 0.17462568 0.1051256 0.06819166 0.23538639 0.5674138 0.86364555 0.65435773 0.5831787 0.38734466 0.05108485 -0.050189987 0.10624683 0.17593378 0.013351665 0.0940015 0.09840814 0.30001214 0.6796796 0.6141086 0.60119027 0.61384517 0.7361214 0.74903965 0.63501215 0.48594776 0.3641418 0.19735058 0.07174552 -0.068259895 -0.12152573 -0.11997929 -0.070605405 -0.05594064 0.0012290184 0.106952146 0.20684592 0.29695767 0.4397487 0.38197362 0.18917048 -0.046168756 0.007102656 0.056483816 0.06817737 0.031803656 -0.012067455 -0.02067636 0.080447346 0.069603525
-0.13252626 0.081777476 -0.057526022 0.005177084 0.09761118 0.06858894 0.10120545 0.15063244 0.16724949 0.08385318 0.08570293 0.12354517 0.31248057 0.7064005 0.8965162 0.5970684 0.5542093 0.30280492 -0.03431153 -0.124500275 0.13664035 -0.02198377 0.0028123062 -32767.0 -0.03359688 0.24698354 0.59007585 0.5543175 0.5443632 0.5613654 0.64680576 0.65151185 0.54369235 0.41923642 0.29594383 0.14444698 0.04463794 -0.046817474 -0.11708663 -0.084269725 -0.10408779 -0.014708558 0.10547783 0.16371526 0.22436899 0.32879606 0.42732328 0.4034245 0.2995178 0.22777382 0.041974284 -0.064222656 -0.031571597 0.07373975 0.06675845 0.032119732 0.111724705 0.09052166
0.037080187 -0.04113245 0.021132618 -0.025961408 -0.019051598 -0.042188913 0.021112334 0.07202858 0.09043149 0.10107611 0.19807471 0.39776686 0.7076268 0.87146664 0.6734304 0.546787 0.4591476 0.14455919 -0.097886264 -0.10111427 0.05428069 -0.016998377 -0.079716705 0.028996505 0.14783964 0.19455716 0.40040794 0.48516324 0.4853096 0.47243088 0.5204692 0.53318447 0.45130852 0.37349644 0.26409566 0.17206272 0.02966098 -0.027201638 -0.0588889 -0.08690682 0.0225985 0.12204478 0.2158589 0.24795888 0.24142738 0.3459488 0.47698706 0.4110804 0.27815932 0.26483455 0.28954536 0.17277159 -0.04747868 -0.20465706 -0.014688902 0.066932686 0.081252605 0.109747365
0.045855753 0.091743685 0.033002153 0.034821436 0.009518116 0.056330167 0.0073074126 -0.014342261 0.059701134 0.33136228 0.57589877 0.71033925 0.710494 0.5643788 0.4877448 0.4597203 0.27243635 0.052023705 -0.17127648 -0.017102676 0.117276356 -32767.0 -0.26079753 0.1970774 0.20743436 0.20181634 0.22794853 0.3347441 0.38993213 0.39216262 0.4165866 0.40524438 0.36898416 0.32370147 0.23874718 0.124452285 0.038732074 -0.011343126 -0.021166418 0.034154397 0.16871391 0.28042045 0.32845333 0.36598414 0.37954262 0.40610287 0.44054553 0.43424976 0.3474916 0.28627408 0.31934065 0.3325164 0.10738492 -0.26032946 -0.27569234 -0.016454874 0.024331415 0.1395507
0.63992375 0.44787437 0.20707044 0.080324106 -0.12590231 -0.0742046 -0.022974066 0.045811128 0.19176674 0.43309796 0.53999275 0.5088518 0.41901514 0.440405 0.43347535 0.37350026 0.1783179 -0.16271342 -0.17359693 0.056435343 0.12017224 -0.045902967 0.019566353 0.11234867 0.17905194 0.18480119 0.12361086 0.11416891 0.29285923 0.30363244 0.2883845 0.31819496 0.30851185 0.2866911 0.19548075 0.060314927 -0.034191098 -0.04911783 0.025148353 0.12212078 0.2158177 0.32166454 0.43286896 0.43413907 0.3913845 0.38365412 0.41905206 0.4713714 0.43477818 0.33847877 0.33456 0.4340649 0.17555661 -0.19799717 -0.3327633 -0.08023544 -0.050954156 0.10701845
0.5768276 0.46757913 0.20268744 0.04744327 -0.027871238 0.037459835 0.06375325 0.12772486 0.28044266 0.32307374 0.3490132 0.42391044 0.44005355 0.3161568 0.34507114 0.25167727 0.12932512 -0.16188842 -0.26597583 -0.08947023 0.16063796 0.11103534 0.043466773 0.15143289 0.21351217 0.18633376 0.089266814 -0.031723633 0.17229651 0.24657549 0.19259508 0.21710785 0.26936597 0.2183733 0.1388471 0.06107958 0.028795049 0.045687255 0.09166731 0.1486843 0.2999348 0.41328084 0.45620513 0.466366 0.4386247 0.3918429 0.4353366 0.50570405 0.45796838 0.29341617 0.26503757 0.42524835 0.2341683 -0.17296064 -0.28480655 -0.06427099 -0.060810693 0.07283347
0.8513782 0.7463895 0.12739503 0.035370197 0.11709074 0.18489121 0.16844824 0.13548477 0.07934685 0.13259993 0.4324259 0.3630435 0.1332474 0.27151394 0.24082665 0.21041235 0.09176994 -0.031567935 -0.13501161 -0.18177426 0.10383189 0.10420233 0.118705004 0.24729623 0.25905064 0.2268901 -0.038907915 -0.21124476 0.10339306 0.18901327 0.17729685 0.17341615 0.20947833 0.18592866 0.13819301 0.062116098 0.091628306 0.13984896 0.12800728 0.22792493 0.35531992 0.4792244 0.49158302 0.4908215 0.47036645 0.445176 0.4183619 0.490253 0.51477015 0.34500003 0.24344832 0.27252385 0.31922117 -0.010073268 -0.19767854 -0.16275229 -0.07087803 0.031776994
0.8815509 0.80048126 0.2547498 0.04815042 0.29109952 0.25323316 0.12795568 -0.08528124 0.0884841 0.21164961 0.36405244 0.16800673 -0.1350486 0.33334285 0.30289894 0.23066522 0.10554778 0.018866392 -0.06797219 -0.061083645 0.022472113 0.10495674 0.231505 0.18611333 0.2309318 0.041291613 -0.24671845 -0.26126048 0.11882122 0.14842516 0.19892204 0.14080773 0.21671154 0.20801091 0.16024384 0.15378441 0.20534122 0.22100753 0.18986315 0.2877804 0.39716968 0.46855375 0.51898193 0.4372019 0.44461924 0.4762835 0.43885344 0.4383844 0.5293238 0.36736438 0.23279108 0.13294558 0.17529789 0.21936123 0.09860565 -0.08348706 -0.14945228 -0.010147603
0.84770596 0.69260657 0.3577653 0.07899507 0.36685988 0.38701236 0.07011677 -0.07345642 0.028423058 0.24476855 0.31117192 -0.08145124 -0.17997608 0.31408355 0.20432952 0.19866054 0.17010467 0.13336344 0.05904731 0.0060980166 0.14003788 0.18232957 0.1114339 0.10657692 -0.023578286 -0.24240501 -0.3162435 -0.057883736 0.12096816 0.072959684 0.24409164 0.19187622 0.26878777 0.28084037 0.23127565 0.26712608 0.31835306 0.3235084 0.33827916 0.35545617 0.43129197 0.5263902 0.51021856 0.43782637 0.43022245 0.4409071 0.4267809 0.35907358 0.3759951 0.364742 0.22413792 0.13046993 0.052720275 0.11307282 0.27376533 0.10138356 -0.07801923 -0.06720116
0.64889807 0.41609517 0.23964828 0.028482223 0.3482225 0.49786034 0.054743167 -0.19169788 -0.10680928 0.20897666 0.29679754 -0.15011288 -0.06644012 0.18344353 0.16878246 0.08410535 0.20059964 0.20492943 0.1520059 0.14252095 0.11333952 0.06624748 -0.04336161 -0.13855855 -0.26263353 -0.2285987 -0.029111372 0.056343757 0.03737517 -0.03272622 0.25408858 0.29883298 0.39596778 0.4367409 0.42418367 0.4172006 0.45241714 0.46608576 0.5107599 0.52464324 0.54734224 0.5673236 0.49766693 0.46858674 0.46346253 0.47590184 0.41266116 0.26393875 0.21531014 0.20826443 0.1523364 0.23088197 0.06470181 0.08128313 0.29030055 0.07729656 -0.10872122 -0.1227694
0.23588377 0.3494753 0.0723301 0.12132436 0.47883555 0.13741522 -0.064193055 -0.123042814 0.10484568 0.21616855 0.16781244 -0.0070860893 0.04390601 0.11733391 0.15816751 0.040225312 0.1630639 0.2560942 0.10515646 0.046426583 0.0011600351 -0.11206674 -0.24230562 -0.34097123 -0.23780149 -0.01081316 -0.019944787 -0.0021621333 -0.04200366 -0.11956427 0.15195356 0.42318222 0.5758099 0.63939154 0.63329816 0.610255 0.60820144 0.6165277 0.57248425 0.56754476 0.54743457 0.5212137 0.51826626 0.535294 0.56734747 0.448308 0.28462374 0.20106435 0.1424756 0.10371759 0.036462642 0.23863998 0.11236937 0.11921061 0.24237214 -0.027377652 -0.15802976 -0.112669535
0.49862576 0.24728504 0.114680804 0.24354082 0.40602222 0.29015762 -0.0026637919 0.24542189 0.2797305 0.15216078 0.056712463 -0.0034256142 0.016760599 0.08480152 0.095147334 0.0075283465 0.16473468 0.11669617 -0.020730583 -0.011227913 -0.13008319 -0.25909403 -0.38073364 -0.2913022 -0.0713564 -0.012504218 -0.024740672 -0.031054918 -0.097883016 -0.09681776 0.08373298 0.3186928 0.50619066 0.6864789 0.8130153 0.8277208 0.7345716 0.6888996 0.6310193 0.54413825 0.50498855 0.5048251 0.5550832 0.60851157 0.52965546 0.42829278 0.23227806 0.060240917 0.06616564 0.08838938 -0.067065276 0.14578956 0.04064086 0.2189601 0.08412441 -0.10621028 -0.16641395 -0.10916167
0.36538675 0.1702105 0.11283846 0.2811842 0.24222292 0.20388588 0.18628247 0.21186593 0.24419536 0.17045808 0.07143925 -0.015453239 -0.046683215 0.01724914 0.011582097 -0.031043086 0.10625225 -0.048824362 -0.09672835 -0.17595032 -0.28514415 -0.37011018 -0.30227882 -0.18633689 -0.13190661 -0.07517866 -0.07486813 -0.06051074 -0.078783356 -0.0815509 0.07005434 0.26386008 0.3976407 0.5397624 0.6981136 0.7854785 0.784855 0.7046169 0.64133 0.60600716 0.51322156 0.45693994 0.4175012 0.4072286 0.4182992 0.3165012 0.14413144 -0.027759735 -0.028870145 0.039908864 -0.14213303 0.121751666 0.025664864 0.19969065 0.008857795 -0.119834796 -0.17175579 -0.07844486
-0.09326711 -0.019164797 0.12261537 0.14421271 0.13428196 0.14137244 0.1924192 0.25943673 0.30429083 0.25810713 0.14309037 -0.006456312 -0.08387488 -0.057664722 -0.09884601 -0.02888099 -0.0374908 -0.17831962 -0.2598267 -0.34841374 -0.3373802 -0.28681937 -0.2626569 -0.20061582 -0.1259742 -0.10381916 -0.088762276 -0.060286343 -0.06034063 -0.07391374 0.043726783 0.20047373 0.3638413 0.47706082 0.5759722 0.61960655 0.67787766 0.6749605 0.60561603 0.5376607 0.4123568 0.25920895 0.24911241 0.31609407 0.26299545 0.19359179 0.09798306 -0.06422557 -0.13885383 -0.10419789 -0.22485207 0.102392286 0.101982765 0.07653667 -0.0731013 -0.1708002 -0.15271983 -0.10668857
-0.34334132 -0.22530779 -0.041838188 0.012288923 0.027507886 0.10358543 0.21924886 0.33760646 0.41547316 0.47877884 0.16322014 -0.028609661 -0.1262287 -0.18704532 -0.17365585 -0.07396584 -0.18912606 -0.2796085 -0.3876069 -0.37963477 -0.2898671 -0.31020653 -0.23082784 -0.12021033 -0.082767576 -0.08183604 -0.08283518 -0.08790907 -0.07815746 -0.05950003 -0.07037042 0.029033516 0.2254284 0.36290544 0.4487805 0.51670915 0.5349281 0.5176539 0.43883398 0.36289695 0.21083519 0.077246785 0.073038705 0.23962076 0.3077499 0.16638142 0.03758474 -0.08299477 -0.19887063 -0.27860153 -0.30741122 -0.024289748 0.17304587 0.030814689 -0.15675041 -0.23351689 -0.16102095 -0.14491254
-0.25856385 -0.18379892 0.04583587 0.089000195 0.1219363 0.14195135 0.24220708 0.3260985 0.34765378 0.5113326 0.17296773 -0.113285676 -0.20724213 -0.23896234 -0.064419895 -0.2193071 -0.33246288 -0.4092119 -0.46131143 -0.37945223 -0.3438461 -0.23770864 -0.103502914 -0.07008772 -0.06042808 -0.07759964 -0.078121446 -0.11633695 -0.1547541 -0.14396606 -0.14236389 -0.1741906 -0.038369674 0.2439458 0.3070115 0.33528915 0.41306525 0.35440084 0.25799683 0.12297801 -0.03410404 -0.17552243 -0.120850086 0.12247479 0.31192106 0.26085687 0.09299005 -0.019525599 -0.17916237 -0.33437684 -0.38611394 -0.20825876 0.07077071 -0.01338494 -0.24216686 -0.20427753 -0.20468518 -0.18381818
-0.020233281 -0.07021927 0.1230872 0.15980203 0.20330809 0.16978891 0.1308321 0.19988245 0.4160736 0.4224527 -0.015437506 -0.2456709 -0.26166603 -0.0776094 -0.14572734 -0.30994654 -0.3538148 -0.4614246 -0.44358745 -0.3315862 -0.18042567 -0.12039231 -0.10805946 -0.11867355 -0.028225763 -0.023290262 -0.0044539464 -0.055033907 -0.16730994 -0.268826 -0.27026144 -0.21999343 -0.19484448 -0.042268872 0.09385807 0.15754326 0.20090316 0.1550095 0.037899826 -0.107076325 -0.17724216 -0.27740982 -0.25329483 -0.09479204 0.24758406 0.2798713 0.11009303 0.06808997 -0.09985738 -0.33253866 -0.4931396 -0.3388097 -0.13714111 -0.13612354 -0.35910246 -0.19785815 -0.24882635 -0.2145896
0.25126097 0.12994239 0.16392957 0.110447034 0.12986116 0.11210245 0.091925934 0.20430577 0.5657683 0.14752221 -0.28263506 -0.38603774 -0.21596172 -0.09192218 -0.2407487 -0.34073797 -0.4066654 -0.48721492 -0.4175933 -0.3027978 -0.21680418 -0.104296386 -0.037348945 -0.020828491 -0.036099885 -0.014998168 0.053439494 -0.007852063 -0.18265073 -0.35532054 -0.43865603 -0.34071857 -0.22686979 -0.15452772 -0.0392199 -0.020429924 -0.0074711405 0.027115745 -0.120498165 -0.2479653 -0.2830758 -0.3164666 -0.3341453 -0.2392287 0.13883273 0.18274283 0.10769028 0.1305736 -0.089308575 -0.30320925 -0.4513323 -0.47470558 -0.28804854 -0.2598862 -0.42648998 -0.19141364 -0.2345567 -0.19440404
0.30125937 0.20976505 0.16803528 0.059745006 -0.035063054 0.0045628287 0.103431836 0.15635744 0.3460158 -0.060501866 -0.38257158 -0.4633542 -0.19258393 -0.17343573 -0.24125622 -0.3648109 -0.44892144 -0.39054707 -0.38779786 -0.38405374 -0.24674307 -0.08339105 0.02770184 0.11954623 0.09872247 -0.07912197 -0.018495727 0.050961085 -0.065161735 -0.34957665 -0.4978928 -0.45782465 -0.34183216 -0.2476615 -0.15653233 -0.21437065 -0.14188659 -0.14181346 -0.28616598 -0.35565972 -0.4195763 -0.38253188 -0.36714825 -0.16098161 0.030991055 0.036221452 0.065618575 0.16429484 -0.054281283 -0.27824718 -0.42578763 -0.50993043 -0.41884553 -0.3697757 -0.46937585 -0.22050686 -0.20026444 -0.15536709
0.30186868 0.2750389 0.21962698 -0.018399794 -0.11815645 0.112362005 0.108022034 0.20024693 0.06002298 -0.11863192 -0.44278023 -0.42101568 -0.2184835 -0.21364005 -0.25887012 -0.41495085 -0.43905562 -0.3743672 -0.38125035 -0.35787532 -0.22624244 0.05360766 0.18114299 0.13356923 0.09837999 -0.018616043 -0.20461205 -0.010866009 0.041423906 -0.22129036 -0.4845826 -0.4453931 -0.41249338 -0.31434688 -0.24015114 -0.3375095 -0.32498005 -0.322003 -0.3536572 -0.47088128 -0.5395455 -0.36346105 -0.16385582 -0.035908073 -0.042542413 -0.08135704 0.06326184 0.15919873 -0.06413419 -0.29503587 -0.41410998 -0.51078653 -0.45350888 -0.36687532 -0.47180194 -0.15046717 -0.16129889 -0.11419328
-0.020459631 0.25441867 0.37740046 0.19827802 0.1293844 0.051666256 0.033683255 0.061419506 -0.08898643 -0.22715208 -0.5426461 -0.39250898 -0.24955836 -0.25474936 -0.26956317 -0.37975 -0.37051928 -0.32086322 -0.33672833 -0.24423064 -0.05478361 0.12207142 0.22763643 0.18225625 0.08961497 -0.029604249 -0.17117603 -0.18299931 0.0011015853 -0.07139933 -0.480076 -0.50342816 -0.4027168 -0.32338175 -0.30171373 -0.38938534 -0.44058156 -0.40180773 -0.43158305 -0.46682405 -0.5160071 -0.26016083 -0.027590146 0.0435453 -0.09352903 -0.13686988 0.06962739 0.10990384 -0.1246568 -0.3336234 -0.4604152 -0.45874324 -0.27500966 -0.37550873 -0.4159806 -0.06195088 -0.0055631795 -0.09100267
-0.066457585 0.45252925 0.4373132 0.26708058 0.15873659 0.07407307 -0.031984285 -0.12807019 -0.17688018 -0.3242986 -0.5959784 -0.38234612 -0.28440493 -0.3102767 -0.28052717 -0.3470508 -0.2960333 -0.20919822 -0.1783574 -0.08109073 0.038129073 0.1742358 0.24733584 0.19684376 0.08088679 -0.073666826 -0.21352278 -0.19567561 -0.04110235 -0.030700918 -0.43404332 -0.6633898 -0.40744266 -0.34886575 -0.32514778 -0.3528456 -0.40545017 -0.45736286 -0.4282705 -0.45526955 -0.43459696 -0.1237788 0.11865839 0.08380091 -0.08609375 -0.11301506 0.082361996 0.051888626 -0.19466183 -0.38008484 -0.4555865 -0.2869077 -0.117912225 -0.30079842 -0.30330145 0.034543693 0.10362385 0.025570706
0.11847267 0.3902981 0.34554338 0.24058841 0.17002396 0.11995044 -0.035195418 -0.2293902 -0.296208 -0.42676413 -0.681802 -0.43264258 -0.2996314 -0.2779789 -0.24499713 -0.21391265 -0.1955755 -0.1162437 -0.04156275 0.038391948 0.14326172 0.21050936 0.17724 0.0942751 -0.027171373 -0.1663104 -0.23157132 -0.211871 -0.1421176 -0.2102714 -0.5149981 -0.82006603 -0.4666237 -0.40250245 -0.35553464 -0.32157946 -0.34248626 -0.45493814 -0.50168717 -0.4686607 -0.3499748 0.025889449 0.22564034 0.14071746 -0.05925351 -0.11070965 0.085811205 0.008787646 -0.1923875 -0.33200625 -0.3494169 -0.18037944 -0.1258614 -0.24993245 -0.20362125 0.13610959 0.19527495 0.19348523
0.28415698 0.2554058 0.18393084 0.20598194 0.21146259 0.15517351 -0.012150484 -0.19646053 -0.3520867 -0.5174922 -0.7666202 -0.4897467 -0.31488958 -0.2176187 -0.10116091 -0.06472805 -0.029581616 0.015718153 0.070756085 0.08834849 0.06515462 0.04065388 0.03738514 0.0033956037 -0.086274974 -0.16094469 -0.20323694 -0.2477277 -0.2874552 -0.3638199 -0.59438205 -0.95859 -0.59465945 -0.4574361 -0.30621552 -0.25177976 -0.2607774 -0.43033946 -0.5346797 -0.53062344 -0.3237365 0.13551502 0.35781544 0.23677683 -0.0066165747 -0.07567023 0.11063924 0.055807218 -0.13787217 -0.23906367 -0.273888 -0.18292755 -0.1929439 -0.18975483 0.11872289 0.34770533 0.39538687 0.3840398
0.1368883 0.13871771 0.12472204 0.1599872 0.20905016 0.1950346 0.022868747 -0.18846424 -0.36776826 -0.61659867 -0.8260386 -0.50948834 -0.22319335 0.08451881 0.09659142 0.01028622 -0.030180616 -0.036593504 -0.017527875 -0.05102561 -0.08493252 0.030254027 0.07491039 0.020599911 -0.062080543 -0.11881512 -0.17464082 -0.21669246 -0.2690922 -0.45594692 -0.61817366 -0.9772094 -0.64266324 -0.44306168 -0.20388281 -0.1523579 -0.21972427 -0.42196682 -0.5158005 -0.559779 -0.32377785 0.14394945 0.45239183 0.35034356 0.05772878 0.07388569 0.12780376 0.07886291 -0.037054673 -0.14915343 -0.21145537 -0.2209627 -0.065707415 0.18965645 0.41644964 0.4538047 0.48020706 0.5430217
0.08881258 0.07355243 0.13622002 0.15363413 0.2013134 0.17140155 0.04304893 -0.17629477 -0.4093825 -0.7574215 -0.83210844 -0.4793835 0.016525505 0.1918829 0.06686365 0.17869632 0.06502061 -0.038535584 -0.09400559 -0.09183493 0.018173376 0.0714498 0.026662415 -0.0005596306 -0.01153526 -0.06963364 -0.15913 -0.21898445 -0.24200611 -0.36352205 -0.5793338 -0.89335495 -0.61218655 -0.31020778 -0.18601358 -0.18531291 -0.23351096 -0.43867743 -0.53072345 -0.5126163 -0.29293445 0.13358806 0.54155034 0.44162717 0.09135003 0.19394368 0.23469025 0.08741338 0.03517638 -0.06659993 -0.062527895 0.0024985925 0.23105696 0.4366901 0.42904872 0.48251796 0.5187244 0.5283938
