static/data/seaWater_vo/2023/7/31/6.asc
ncols 137
nrows 93
xllcorner 108.0
yllcorner 17.0
cellsize 0.25
NODATA_value -32767
[rows 0 to 25 of 93, columns 58 to 115 of 137]
-32767.0 -32767.0 -32767.0 -32767.0 -32767.0 -32767.0 -32767.0 -32767.0 -32767.0 -32767.0 -32767.0 -32767.0 -32767.0 -32767.0 -32767.0 -32767.0 -32767.0 -32767.0 -32767.0 -32767.0 -32767.0 -32767.0 -0.04947055 0.01908166 0.06721531 0.102653325 0.41275948 0.25282207 0.027210724 0.025771085 0.06512484 0.22848809 0.34149656 0.2782335 0.20018776 0.17815873 0.22825107 0.33715692 0.44042382 0.32253253 0.2862718 0.19757175 0.16518112 0.31101543 0.5096808 0.31492358 0.11856943 0.14345695 0.090825684 0.0038915146 -0.005394743 -0.0013894346 0.02590203 0.20577869 0.1340913 0.039664857 -0.1550442 -0.19741638
-32767.0 -32767.0 -32767.0 0.086167715 0.07910846 0.07004366 0.045046836 0.02359873 0.00718112 0.0007208078 -32767.0 -32767.0 -32767.0 -32767.0 -32767.0 -32767.0 -32767.0 -32767.0 -32767.0 -32767.0 -32767.0 0.30582985 -0.05398894 -0.062499043 0.28029683 0.5478943 0.38622123 0.17922711 0.1647533 0.19830862 0.20020007 0.17339082 0.19637851 0.30335534 0.27066264 0.19490264 0.23372442 0.26706785 0.446626 0.3773827 0.33713868 0.33704078 0.32993713 0.38592342 0.3852573 0.078922875 -0.043212023 0.0437429 0.14582907 0.045847993 0.08048164 0.11683694 0.14335771 0.093370475 0.017384434 -0.010790183 -0.08176957 -0.09055825
-32767.0 0.03768665 -32767.0 0.09986338 0.10174633 0.080417514 0.077425085 0.03783595 0.017271377 -0.016065085 0.012626754 0.017858634 -32767.0 -32767.0 -32767.0 -32767.0 -32767.0 -32767.0 -32767.0 -32767.0 -32767.0 0.21189 0.006210345 -0.14506671 0.22092274 0.47805113 0.23023848 0.07902556 0.1836534 0.28455198 0.27989447 0.2540357 0.25334144 0.051509622 0.02695379 0.12593642 0.21718186 0.42739946 0.4114215 0.31279805 0.5632707 0.5503648 0.37575966 0.33594033 0.22322282 -0.04921867 0.04341891 0.23322335 0.053294566 -0.1245426 -0.041930344 0.1390132 0.15656447 0.15383443 0.1458344 -0.08872258 -0.21623726 -0.103560776
-0.015133819 -32767.0 0.043233316 0.06500666 0.019600205 0.21120042 0.08504 0.16235745 -0.021847479 -0.002095262 0.05597998 0.026454432 -32767.0 -32767.0 -32767.0 -32767.0 -32767.0 -32767.0 -32767.0 -32767.0 -0.054589793 0.30418748 0.033009402 -0.20678085 0.44958326 0.28047687 0.18855976 0.2040597 0.37805256 0.5840219 0.44549015 0.17170732 0.14576924 -0.014454671 -0.3473141 0.021559145 0.1942651 0.3494779 0.38164616 0.42050523 0.7127234 0.49394122 0.20928732 0.047551528 -0.048236564 -0.14503881 0.0141844 0.05234167 -0.15089293 -0.17506446 -0.024797205 0.038157266 0.20504333 0.20151131 0.018115144 -0.16680685 -0.26358587 -0.1087731
0.08328505 -32767.0 0.007171248 0.096404575 0.18743159 0.20465621 0.16864008 0.23872545 0.16891427 0.09268315 -0.017222231 -32767.0 -32767.0 -32767.0 -32767.0 -32767.0 -32767.0 -32767.0 -32767.0 -32767.0 -32767.0 -32767.0 0.05023466 -0.1503532 0.36126956 0.22513187 0.3363202 0.43987605 0.40938252 0.80122924 0.44661444 0.07425396 -0.13092141 -0.24063078 -0.30130264 -0.036431458 0.050703954 0.25813434 0.34670448 0.5054521 0.5299942 0.28005645 0.014260414 -0.2042576 -0.30643123 -0.20874077 -0.13597123 -0.04364007 -0.18019862 -0.116083734 -0.043135162 -0.051844787 0.06997438 0.117965095 -0.039976176 -0.29123372 -0.258669 -0.19556406
0.07727816 0.049883243 0.0567489 0.033825774 0.29170245 0.26962015 0.23876458 0.19207592 0.35999757 -0.045933418 0.0067125536 -32767.0 -32767.0 -32767.0 -32767.0 -32767.0 -32767.0 -32767.0 -32767.0 -32767.0 -32767.0 -32767.0 -32767.0 0.03731124 0.12991825 0.19209214 0.37438533 0.51651716 0.45849812 0.91432154 0.43940732 -0.008076796 -0.11730955 -0.058789056 -0.04566025 -0.058135476 -0.04187622 0.0579739 0.16576008 0.20460276 0.17640634 0.04771119 -0.21559303 -0.36319432 -0.3265749 -0.20579678 -0.06402998 0.026346704 0.10032696 0.07635027 -0.031783365 -0.10955307 -0.10852745 -0.12059547 -0.19928221 -0.24997245 -0.34591612 -0.3378308
0.01773866 -0.03443838 0.014648073 0.13623515 0.27775562 0.25104597 0.23270276 0.32297012 0.23577438 -0.11326536 -0.06276035 -32767.0 -32767.0 -32767.0 -32767.0 -32767.0 -32767.0 -32767.0 -32767.0 -32767.0 -32767.0 -32767.0 -32767.0 -32767.0 0.037768364 0.13032028 0.306331 0.49501336 0.40394348 0.8498902 0.36172402 0.12594457 -0.10723206 -0.05208375 -0.07632541 -0.16183163 -0.20623764 -0.18895377 -0.040893532 -0.07704453 -0.064093985 -0.16451065 -0.24224743 -0.2571581 -0.15170026 -0.017170947 0.019111224 0.24198529 0.32703555 0.14099795 -0.018401835 -0.14142443 -0.2346625 -0.3289644 -0.4147623 -0.42265686 -0.3792825 -0.20854035
-0.0026107263 -0.061592143 0.06554223 0.24580288 0.28659993 0.32417598 0.38277838 0.33435613 0.15891574 -0.24432597 -32767.0 -32767.0 -32767.0 -32767.0 -32767.0 -32767.0 -32767.0 -32767.0 -32767.0 -32767.0 -32767.0 -32767.0 -32767.0 -32767.0 -32767.0 -0.1556153 -0.02007365 0.24907038 0.28668612 0.8010401 0.27017596 0.106139265 -0.13863733 -0.20601791 -0.06965992 -0.072472185 -0.21795927 -0.23030506 -0.1335364 -0.08459674 -0.11774979 -0.074200675 -0.058129184 -0.043358084 0.03264654 0.1620106 0.28236952 0.28729916 0.103315756 -0.016994711 -0.03798979 -0.07352175 -0.07892397 -0.34939355 -0.5099435 -0.44140685 -0.24343503 0.005957634
0.07515031 -0.010025222 0.11099235 0.25791442 0.27666277 0.26756075 0.30977973 0.28362882 0.15977973 -32767.0 -0.025031181 -32767.0 -32767.0 -32767.0 -32767.0 -32767.0 -32767.0 -32767.0 -32767.0 -32767.0 -32767.0 -32767.0 -32767.0 -32767.0 -32767.0 -0.12704504 -0.113949075 0.091096886 0.6339407 0.71337104 0.17396915 -0.07228469 -0.24977668 -0.1463868 0.03678882 0.043096885 -0.10061356 -0.20578651 -0.17180881 -0.1383244 -0.0013013775 0.28836268 0.24695894 0.25010955 0.22408971 0.17380351 -0.0038287146 -0.17916436 -0.10570745 0.10572443 0.0055885627 -0.19996865 -0.098918244 -0.25414896 -0.5489053 -0.2714037 -0.021696549 -0.0026882114
-0.0022758227 0.040094152 0.026312942 0.12902817 0.1467612 0.13363414 0.14306405 0.16237777 0.092460535 0.11544394 0.15605296 0.01315236 0.053130537 0.11535314 0.053230345 -0.10173482 -32767.0 -32767.0 -32767.0 -32767.0 -32767.0 -32767.0 -32767.0 -32767.0 -32767.0 -32767.0 0.004153886 -0.04020983 0.8795975 0.6175268 0.22584608 -0.152343 -0.2911856 -0.19615272 -0.10651174 -0.0010495819 0.040230103 -0.04786868 -0.022156674 0.08123186 0.21710218 0.39679438 0.23333043 0.20701402 0.25691944 -0.00591028 -0.23480403 -0.21903005 -0.012432172 -0.007264489 -0.061124332 -0.2669357 -0.13277549 -0.24912156 -0.32879758 -0.22100267 -0.20567341 -0.16440669
0.057400096 0.3782946 -0.02928995 0.0050721914 0.13945559 0.081860416 0.09971906 0.102080256 0.067155905 0.08794532 0.095721066 0.07915748 0.10339683 0.06428932 -0.010512605 -0.055699483 -32767.0 -32767.0 -32767.0 -32767.0 -32767.0 -32767.0 -32767.0 -32767.0 -32767.0 -32767.0 -32767.0 -0.05260425 0.6938748 0.6451342 0.35096028 -0.2500965 -0.3459551 -0.30970776 -0.34523347 -0.27045354 -0.17416474 -0.13033848 -0.14510177 0.15233529 0.26599264 0.40405875 0.17680322 0.27104273 0.10634586 0.10147021 0.005356453 -0.055078924 -0.21102652 -0.13166092 0.21353026 0.11795926 -0.13089463 -0.32140708 -0.13008468 0.04526059 0.1371644 0.27788898
-32767.0 0.23963669 0.07318979 -0.04285497 0.08492722 0.11095349 0.0802113 0.1092362 0.07297786 0.022476794 -0.09368114 -0.05187831 0.033005457 0.05061969 0.21009435 0.06362457 -0.1710802 -0.19602975 -32767.0 -32767.0 -32767.0 -32767.0 -32767.0 -32767.0 -32767.0 -32767.0 -32767.0 -32767.0 0.3847152 0.62880224 0.45490962 0.08992128 -0.53091604 -0.49244744 -0.41908753 -0.27914387 -0.14042065 -0.1632617 -0.097449586 -0.027365923 0.36616787 0.25454196 0.37508816 0.1474653 0.02149311 -0.041810006 -0.15719856 -0.06372336 -0.020665215 -0.12442821 0.064079806 0.33687496 0.29999417 0.0066392054 -0.06689085 0.29030254 -0.10651758 -32767.0
-32767.0 0.14622557 0.07112737 0.020379571 0.11286828 0.15865946 0.089604564 0.05823415 -0.0026134881 -0.06733046 -0.10026851 -0.109668486 -0.1415333 -0.02130756 0.14129856 -0.27100617 -32767.0 -0.11246855 -32767.0 -32767.0 -32767.0 -32767.0 -32767.0 -32767.0 -32767.0 -32767.0 -32767.0 -32767.0 0.24931714 0.9106305 0.548318 0.0702889 -0.40595382 -0.57942057 -0.44203043 -0.24232394 -0.014169217 -0.041673373 -0.061378658 0.06745773 0.31200427 0.09852485 0.3282682 0.018938597 -0.15528911 -0.2113022 -0.16048947 0.004659856 0.120341435 -0.03908675 -0.032523062 0.17887205 0.119130634 -0.037502944 0.17836142 0.35253876 -0.2517418 -32767.0
0.11181269 0.03549614 0.030188125 0.04792159 0.068990156 0.03554348 0.032085713 -0.060548507 -0.15046786 -0.14754727 -0.17221968 -0.19904861 -0.20638211 -0.08997113 -0.29684228 -32767.0 -32767.0 -32767.0 -32767.0 -32767.0 -32767.0 -32767.0 -32767.0 -32767.0 -32767.0 -32767.0 -32767.0 -32767.0 0.11562616 1.0263989 0.7155085 0.20174938 -0.17065202 -0.37869996 -0.28726003 -0.0059162425 0.16281894 0.09278635 -0.052548338 0.019278679 0.068550326 0.08512108 0.33643398 -0.08943654 -0.1412387 -0.13634847 -0.0065104878 0.13074732 0.09315182 -0.023931284 -0.070938446 0.009970947 0.16343258 0.06698703 -0.029777342 0.31283924 -0.17056048 -0.0642314
0.12342593 0.07080767 0.04809561 0.0168326 -0.043374356 -0.08739632 -0.051007543 -0.18758395 -0.24350704 -0.23792247 -0.24982654 -0.20333953 -0.25463313 -0.11505871 -0.3866721 -0.06746498 -32767.0 -32767.0 -32767.0 -32767.0 -32767.0 -32767.0 -32767.0 -32767.0 -32767.0 -32767.0 -32767.0 -32767.0 -0.18071097 1.0644785 0.87597513 0.32176885 -0.10275211 -0.08283148 -0.046400227 0.1558775 0.130839 -0.06213922 -0.29705283 -0.16359171 -0.14993498 0.06899439 0.2511581 -0.16658746 -0.2620157 -0.06545401 -0.02455205 -0.002842946 -0.1131531 -0.055123087 -0.19722736 -0.29703662 -0.15030001 0.09514424 0.3762643 0.19996002 -0.11344256 -32767.0
0.046860613 0.052148152 0.079782575 0.03400277 -0.059554454 -0.09191502 -0.016741693 -0.10274452 -0.19545576 -0.19079359 -0.15185763 -0.13538006 -0.20826212 -0.17327124 -0.27500483 -0.18655343 -0.14292544 -32767.0 -32767.0 -32767.0 -32767.0 -32767.0 -32767.0 -32767.0 -32767.0 -32767.0 -32767.0 -32767.0 -0.010517479 1.3133476 0.84630054 0.33466345 0.1214378 -0.04831083 0.045780577 0.044218916 0.047154423 -0.19228119 -0.51146835 -0.2784072 -0.33371663 0.2794281 0.03259073 -32767.0 -0.22205542 -0.25588712 -0.13287652 0.1359141 -0.090101495 -0.04221825 -0.07238128 -0.023836752 0.018617671 0.00882326 0.16492884 -32767.0 -32767.0 -32767.0
0.043503623 0.08980079 0.024210144 0.08390671 -0.00278523 0.05537357 0.1629168 0.08573849 0.09346958 0.0594101 0.0728362 0.044532064 0.035613965 -0.03454542 -0.13914643 -0.3046188 -0.14087941 -32767.0 -32767.0 -32767.0 -32767.0 -32767.0 -32767.0 -32767.0 -32767.0 -32767.0 -32767.0 -32767.0 -32767.0 1.3256934 0.65304244 0.16001092 -0.02772923 -0.1087509 -0.015190106 0.073149025 0.01584459 -0.12546109 -0.53627384 -0.3482396 -0.051538773 0.21600695 0.12561537 -0.09024323 -0.1402199 -0.3050482 -0.04599793 0.04327169 -0.14753474 -0.016604416 -0.0043585654 0.27622572 0.12901986 -0.18691924 -0.36904716 -32767.0 -32767.0 -32767.0
0.021747323 0.066946656 0.034921966 0.08886177 0.11082861 0.1575491 0.23444015 0.23136725 0.23675835 0.2330209 0.25060517 0.22021945 0.10832919 0.070028104 -0.11172139 -0.24193254 -0.19757964 -0.12158773 -32767.0 -32767.0 -32767.0 -32767.0 -32767.0 -32767.0 -32767.0 -32767.0 -32767.0 -32767.0 1.0700775 1.1043575 0.37988567 -0.04630674 -0.1138238 0.048308592 0.04368764 -0.05019925 -0.022099897 0.11345349 -0.24802117 -0.518246 -0.33351153 0.0767491 0.155101 -0.18486775 -0.3349795 -0.10635471 -0.10781233 -0.26189938 -0.30309373 -0.26850158 -0.19634345 -32767.0 0.040813774 -0.14293933 -0.12169458 -32767.0 -32767.0 -32767.0
0.043313596 0.069401294 0.12697797 0.20627664 0.22604986 0.2289071 0.23697744 0.17519037 0.17493348 0.19325212 0.21437557 0.2325052 0.15355203 -0.035097037 -0.36296815 -0.1356854 -0.17747597 -32767.0 -32767.0 -32767.0 -32767.0 -32767.0 -32767.0 -32767.0 -32767.0 -32767.0 -32767.0 -32767.0 0.96172845 0.85370594 0.1464335 0.07433056 -0.0011761049 -0.010218325 -0.035110403 0.052346766 0.06398469 -0.09878439 -0.30251896 -0.42840835 0.37483656 0.16336603 -32767.0 -32767.0 -0.1263078 -0.115187705 -32767.0 -32767.0 -32767.0 -32767.0 -32767.0 -32767.0 -32767.0 -32767.0 -32767.0 -32767.0 -32767.0 -32767.0
0.09623944 0.12265499 0.1509082 0.22862872 0.22432819 0.16333568 0.21309815 0.12328009 0.07223358 0.17391075 0.13584116 0.10555536 0.076917134 -0.27128774 0.046208452 -0.15352947 -32767.0 -32767.0 -32767.0 -32767.0 -32767.0 -32767.0 -32767.0 -32767.0 -32767.0 -32767.0 -32767.0 0.7274484 0.85596544 0.48770708 -0.054907687 -0.030597806 0.035475317 -0.0015031327 0.17867064 0.12875073 -0.18308966 -0.32161304 -0.38764805 -0.29661494 0.062444635 -32767.0 -32767.0 -32767.0 -32767.0 -32767.0 -32767.0 -32767.0 -32767.0 -32767.0 -32767.0 -32767.0 -32767.0 -32767.0 -32767.0 -32767.0 -32767.0 -32767.0
0.18069313 0.1321779 0.14091438 0.19752939 0.18720841 0.15422836 0.19366668 0.21136644 0.17213918 0.06608806 -0.078611895 0.12084119 -0.099666014 -0.057266906 -0.10181374 0.07584166 -32767.0 -32767.0 -32767.0 -32767.0 -32767.0 -32767.0 -32767.0 -32767.0 0.057404224 0.13640223 0.4378385 0.74490076 0.6558209 0.11626739 -0.049607016 -0.043891396 0.02936509 0.24890149 0.1826982 -0.06890594 -0.45567584 -0.07146368 0.09225066 -32767.0 -32767.0 -32767.0 -32767.0 -32767.0 -32767.0 -32767.0 -32767.0 -32767.0 -32767.0 -32767.0 -32767.0 -32767.0 -32767.0 -32767.0 -32767.0 -32767.0 -32767.0 0.039619714
0.1744535 0.1246393 0.12333473 0.15459001 0.17552982 0.28993848 0.30177942 0.3030797 0.21127172 0.1153907 0.102452844 0.19728626 -0.0781511 -0.07686244 -0.11258582 0.095917046 -32767.0 -32767.0 -32767.0 -32767.0 -0.049683962 0.12716109 0.13976637 0.12357103 0.23840728 0.42601863 0.5122944 0.7840848 0.1602385 0.044058863 0.079315595 -0.039597187 0.2970715 0.2900177 0.075383425 -0.064948566 -0.100906 -0.013054567 -32767.0 -32767.0 -32767.0 -32767.0 -32767.0 -32767.0 -32767.0 -32767.0 -32767.0 -32767.0 0.0670874 -0.027802953 -32767.0 -32767.0 -32767.0 -32767.0 -32767.0 -32767.0 -32767.0 0.19880167
0.12553547 0.1174825 0.07706444 0.019246535 0.12527476 0.19489531 0.27243775 0.28751564 0.24289174 0.18898594 0.1028365 0.14619502 0.037015334 -0.25277287 0.07199836 -32767.0 0.09500002 -32767.0 0.08159235 -32767.0 0.07386781 -32767.0 0.1276856 0.108859636 0.10476114 0.23273093 0.69071096 0.20799993 0.099817395 0.13905875 0.3024194 0.3298915 0.21490787 0.14970732 -0.17990337 -0.109584525 -32767.0 -32767.0 -32767.0 -32767.0 -32767.0 -32767.0 -32767.0 -32767.0 0.091963716 0.04305884 -0.079007894 -0.047471687 0.11688353 -0.13417608 0.10884157 -0.017094785 -32767.0 -32767.0 -32767.0 -32767.0 -32767.0 0.045574345
0.046972815 -0.012192604 -0.0070526516 0.008218506 0.092944704 0.1065671 0.14603785 0.10703195 0.10422007 0.10788337 0.050391916 -0.037168678 0.04311244 -0.032815482 -0.0055569746 0.04957756 0.05197841 0.07626685 0.119492896 0.07971478 0.15354478 0.20392975 0.21939114 0.1816696 0.18150859 0.2924035 0.36826506 -32767.0 0.20713703 0.413791 0.32855272 0.21482016 0.18359311 0.14722118 -32767.0 -32767.0 -32767.0 -32767.0 -32767.0 0.27290305 0.19309556 0.15275934 0.25057495 0.09993408 0.13819656 -0.010345494 -32767.0 -32767.0 0.031582516 0.057522513 0.056656543 -32767.0 -32767.0 -32767.0 -32767.0 -32767.0 0.30927488 0.35492253
0.09495915 0.046077404 -0.088234596 -0.09263148 -0.08794719 -0.010623451 -0.0026053514 -0.017682241 0.012875834 0.0044098045 -0.03216933 -0.083482675 -0.01756368 -0.0092344 0.06685567 -0.006501499 -0.07043469 0.110282324 0.12115065 0.09003153 0.09621433 0.1507859 0.14130764 0.04407562 0.06480554 0.08219198 0.1089559 0.12398259 0.17287566 0.14560795 0.09285974 0.081672356 0.11942749 0.16070706 0.0016825392 -32767.0 0.09972526 0.038920805 -32767.0 -0.0016380103 0.08925896 -0.011707319 -32767.0 -0.0062784655 -0.12762305 -32767.0 -32767.0 -32767.0 -32767.0 0.122857474 -0.02085768 -32767.0 -32767.0 -32767.0 -32767.0 0.17473382 0.265666 0.24518232
0.09450716 0.08426993 -0.026700659 -0.12932129 -0.18548654 -0.15128374 -0.033590402 -0.009133191 0.0041025453 0.00031632726 -0.057971 -0.06878993 -0.06121872 -0.08040071 -0.061795987 0.075690575 0.119376376 0.06731378 0.12351889 0.066305 0.084280014 0.13601378 0.12269386 0.104957335 0.024483608 0.04899743 0.06340763 0.006061477 -0.08817083 -32767.0 0.15175864 -0.07809578 -32767.0 -32767.0 -0.02846647 0.033273026 0.12815416 0.098701425 0.06876418 0.14316924 -0.14927039 -32767.0 -32767.0 -32767.0 -32767.0 -32767.0 -32767.0 -32767.0 -32767.0 0.08187826 0.17192774 0.16587354 -32767.0 -32767.0 0.2827373 0.20673865 0.21615234 0.121006235
