static/data/ASCData/20210128/ASCU/00.asc
ncols 97
nrows 97
xllcorner 99.0
yllcorner 2.0
cellsize 0.25
NODATA_value -32767
[rows 76 to 94 of 97, columns 0 to 42 of 97]
-5.043697774254717 -4.510435116390549 -3.502610799228776 -2.388530244155378 -1.2781649421558128 -1.3200234601209984 -1.4186015083467014 -3.0379564814613915 -3.3767875617949636 -3.4647152178756793 -4.8113706153710245 -5.705755872011763 -5.741917668597071 -5.872694576795993 -6.040871699271502 -6.166694936705314 -6.153072342101259 -6.033936560200347 -5.866007121263094 -5.817213464226754 -5.910837841687346 -6.021304699749315 -6.089665356307843 -6.2967287942894705 -6.358154311776843 -6.601379546343779 -6.839651110145604 -6.9137084880840085 -6.961759094505583 -6.9137084880840085 -6.818102642317372 -6.805470781866339 -6.767327516974987 -6.730174986236657 -6.550604421001394 -6.385399500984952 -6.184280467921457 -5.915791512452457 -5.565071622282619 -5.2965826668136184 -5.009517445975453 -4.8718053987053755 -4.729139680670187
-5.531882028156377 -5.247789009777278 -4.431424067687034 -2.9148577629483903 -1.8161335872468356 -1.1862743494630092 -1.2781649421558128 -1.4285088498769227 -1.5768712892919885 -1.6432504775444718 -2.8093445756515325 -4.07104451952523 -5.332744463398927 -5.48011616866097 -5.86402565295705 -5.991830358696906 -6.056475762181601 -5.97052957440693 -5.835789729595919 -5.815231995920709 -5.9460089041196325 -6.133505342579072 -6.2068196699027105 -6.290784389371337 -6.3512191727056875 -6.300444047363303 -6.531037421479207 -6.546641484389306 -6.589490736507513 -6.548622952695349 -6.544660016083261 -6.534009623938273 -6.581812546821592 -6.546641484389306 -6.445091233704535 -6.269235921543106 -6.073070559244722 -5.876657513408082 -5.588601558416895 -5.278997135597476 -4.987968978147221 -4.661769758264682 -4.510435116390549
-5.755540263201126 -5.57497896381284 -4.921589789894738 -3.3250217022995567 -2.693180996209686 -2.062331024272838 -1.4537725707789875 -1.35321305424724 -1.1441681479595682 -0.9304172544450412 -1.1756239573180212 -1.7995387901837148 -3.3797597642540307 -4.780905540165594 -5.1648150244616735 -5.674547746191565 -5.761484668119258 -5.8982059812363135 -5.82018566668582 -5.810278325155599 -5.950962574884743 -6.143412684109293 -6.307379186434458 -6.390353171750062 -6.457723094155568 -6.3541913751647545 -6.369795438074853 -6.240999998181975 -6.23406485911082 -6.217470062047699 -6.22242373281281 -6.204838201596666 -6.253631858633007 -6.310351388893524 -6.228368137730943 -6.022295433902337 -5.82687312221872 -5.680492151109698 -5.53782643307451 -5.236147883479268 -4.863136474866431 -4.536937254983892 -4.185226630661031
-5.572006761353774 -5.496710965724091 -4.718489288525199 -3.813205956201217 -3.3287369553733903 -2.532929746958355 -1.8609643076710876 -1.6813937424358243 -1.4500573177051543 -1.016363442219712 -0.6257665023907326 -0.516290378481786 -1.105281832453449 -2.7077943249667626 -4.1676410994448885 -4.799481805534759 -5.300545603425707 -5.580923368730973 -5.733248744758127 -5.905884170922235 -6.02601068697617 -6.1676856708583365 -6.337596578101634 -6.4733271570656665 -6.559273344840338 -6.5028014981180755 -6.379702779605075 -6.079758014777621 -6.010406624066071 -6.0076821051452605 -5.936349246127667 -5.908856373381302 -5.893252310471203 -5.962603701182753 -5.957650030417642 -5.778079465182379 -5.61213149455117 -5.515287231093256 -5.409030993181632 -5.203949023506048 -4.799481805534759 -4.369007816046639 -3.9947579897425243
-4.950816447408891 -5.037753369336584 -4.832671399661001 -4.390308600336614 -4.02992905217481 -2.9723203438236747 -1.7693213985165395 -1.5231239614905372 -1.4636799123092088 -1.2048506148321743 -0.8865772681738114 0.17202217433034672 0.26589423532919465 -0.6354261603826985 -2.3082807777605843 -3.5994550626866904 -4.262503894596758 -4.94809192848808 -5.421662853632664 -5.83851424851673 -6.067126154326589 -6.170657873317403 -6.2967287942894705 -6.428496436641415 -6.506516751191908 -6.4537601575434795 -6.244962934794064 -6.1198827479750175 -6.071089090938678 -5.9782077640928515 -5.890280108012137 -5.786005338406556 -5.716653947695006 -5.707737340317807 -5.7273043398399945 -5.707737340317807 -5.475410181434115 -5.38252885458829 -5.246798275624256 -5.082831773299092 -4.74672521188633 -4.3318552853083085 -3.91178400442692
-4.138414441930736 -4.158972175605944 -4.211728769254374 -4.041817862011077 -3.4704119392555564 -2.330819979741838 -1.3445441304082963 -1.3992821923627696 -1.4879528990582513 -1.1912280202281198 -1.0837333646252176 0.015981545229359462 0.5061472674370642 -0.07491831331042209 -1.307391599669966 -2.4137939650574425 -2.946065888768588 -3.8679440181556908 -4.763320008949451 -5.395160715039322 -5.778079465182379 -5.959631498723686 -6.097343545993764 -6.202856733290623 -6.23901852987593 -6.253631858633007 -6.253631858633007 -6.3512191727056875 -6.147127937183127 -5.959631498723686 -5.845449387587885 -5.769410541343436 -5.730276542299061 -5.702783669552696 -5.68148288526272 -5.742908402750093 -5.683464353568764 -5.562347103361808 -5.240110820091356 -4.996885585524421 -4.648147163660627 -4.217425490634251 -3.7906667542199637
-3.095419062336676 -2.981236951200874 -2.9235266867873344 -2.849469308848929 -2.57206374600273 -1.8406542575341336 -1.0309767709767885 -0.9616253802652386 -1.2214454118952953 -1.0886870353903282 -1.2078228172912406 0.0843422017878872 0.6153757078077551 -0.15021410894010478 -0.7535712081305889 -0.7966681437870521 -1.0602034284909418 -2.1834482744797947 -3.858036676625469 -5.033047382109729 -5.446926574534729 -5.58166641934574 -5.767429073037391 -5.963594435335775 -6.054494293875557 -6.136477545038138 -6.252641124479985 -6.268245187390083 -6.168676405011358 -6.0455776864983575 -6.021304699749315 -5.984152169010985 -5.929414107056512 -5.87566677925506 -5.848421590046951 -5.866007121263094 -5.7273043398399945 -5.529157509235566 -5.234166415173224 -5.005554509363365 -4.651119366119693 -4.236001756003416 -3.85134922109257
-1.8240594604710128 -1.7331596019312312 -1.8035017267958033 -2.0613402901198157 -2.314225182678717 -1.6717340844438584 -0.8541307246623363 -0.8375359275992154 -0.9566717095001279 -0.982183113940448 -1.0651570992560524 0.3429238157266661 0.522742064500185 -0.10315423667155299 -0.5779635795074143 -0.29857654835517033 -0.07689978161646627 -0.2331880942557092 -2.451937229948795 -4.33284601946133 -5.0357719010305395 -5.196023150281871 -5.353302197074136 -5.576960432118884 -5.830836058830808 -5.9881151056230735 -6.131523874273028 -6.203847467443644 -6.214497859588632 -6.009415889913049 -5.990096573929117 -5.995793295308995 -5.956906979802875 -5.8982059812363135 -5.851393792506018 -5.795664996398522 -5.706746606164785 -5.499683168183157 -5.254724148848433 -4.972364915237123 -4.641459708127727 -4.268200615976636 -3.882557346912767
-0.6453335019129199 -0.47641332882264487 -0.5836603008872916 -1.1882558177690534 -1.6551392873807376 -1.916693103778583 -1.3668356488512945 -0.8348114086784045 -0.87666992664359 -1.1756239573180212 -0.684219817419039 0.4172288772033268 -0.2517643596248742 -0.5348666438509513 -0.4273719882480489 -0.24681068885976365 0.46032581285979 0.7951939565812738 -1.4713581019951305 -3.59450139192158 -4.489134332100574 -4.95973305478609 -5.069209178695037 -5.22326833948998 -5.490023510191191 -5.728295073993016 -5.870960792028205 -5.952944043190787 -6.034927294353369 -5.967557371947864 -5.980189232398896 -5.963594435335775 -5.881611184173193 -5.810278325155599 -5.701792935399674 -5.630707759920336 -5.579932634577951 -5.169768695226784 -4.900041322066507 -4.750688148498418 -4.461641459354209 -4.183245162354987 -3.806518500668318
0.21809131244587632 0.4484370030235241 0.28942417146347044 -0.2547365620839406 -1.0787796938601069 -1.3816966611466266 -1.237049474805394 -0.6091717053276118 -0.47641332882264487 -1.0047223159217018 -0.25647034685172954 0.5745079239955919 -0.16482743769718144 -0.3102176746531806 -0.1999985001294673 -0.232197360102687 0.4563628762477012 0.9425656618433174 -0.9197668623000531 -2.946065888768588 -4.075007456137318 -4.577805038796055 -4.743009958812497 -4.8983075372987175 -5.19998608689396 -5.439248384848807 -5.562347103361808 -5.646311822830434 -5.730276542299061 -5.817213464226754 -5.822910185606631 -5.8043339202374655 -5.722350669074884 -5.646311822830434 -5.579932634577951 -5.411012461487676 -5.337698134164038 -4.935212384498793 -4.5730990515692 -4.399225207713814 -4.217425490634251 -3.938286143020263 -3.580878797317525
0.4972306600598648 0.7414466287798225 0.6651600989971176 0.41029373813217185 -0.41374939364399443 -1.2459660821825933 -1.115932224598437 -0.49672337895959884 -0.3434072687794223 -0.6941271589492605 0.09202039147380892 0.8380432086994813 0.2921486903842814 0.11059665684297393 -0.2527550937778964 -0.29758581420214836 0.23666757781504155 0.5754986581486137 -0.7565434105896554 -2.4821546216159702 -3.6336353909659542 -4.361081942822461 -4.529011381759714 -4.645174961201561 -4.940166055263903 -5.161842822002607 -5.26933747760551 -5.368906259984235 -5.454852447758905 -5.563337837514831 -5.613122228704193 -5.596527431641072 -5.530148243388588 -5.451880245299839 -5.367915525831212 -5.170759429379807 -5.123699557111255 -4.709820364686255 -4.404921929093692 -4.106215581957516 -3.927388067337019 -3.7010053133714598 -3.346322486589533
0.5529594561673601 0.604725315662767 0.49524919175382043 0.31766009482460156 -0.041728719184180196 -0.8746884583375457 -1.556313555616779 -1.0545067071110643 -0.5982736296443683 -0.5544336433731385 0.0315856081394581 0.5685635190774587 0.23864904612108573 0.4474462688705019 0.083351467634865 -0.3748630781378752 0.15740884557327006 0.3322734235816782 -0.7691752710406876 -2.2213438558328917 -3.278952564184028 -4.069063051219185 -4.461641459354209 -4.577805038796055 -4.6852996943989575 -4.8983075372987175 -5.027102977191596 -5.149210961551575 -5.242835339012167 -5.362961855066102 -5.424635056091731 -5.410021727334653 -5.342651804929148 -5.284941540515608 -5.181409821524794 -4.911930131902772 -4.659045239343871 -3.938286143020263 -4.285786147192779 -3.96949426884046 -3.824847082499227 -3.5994550626866904 -3.2772187794162386
0.900707143878132 0.6027438473567226 0.2990838294554363 0.10663372023088535 -0.17250562738310293 -0.8640380661925576 -1.6236834780222846 -1.686347413200935 -0.97153272179546 -0.5378388463100177 -0.5182718467878302 -0.07095537669833352 0.6800211112924497 0.8967442072660432 0.3889929538421957 -0.15120484309312698 0.0637844681126778 0.1467584534282822 -0.7389578793735123 -1.8835035096523411 -2.9782647487418075 -3.9754386737585925 -4.377676739885582 -4.484180661335462 -4.569136114957111 -4.625855645217629 -4.78387774262466 -4.935212384498793 -5.071933697615848 -5.200976821046982 -5.288904477127697 -5.2487797439303 -5.227231276102069 -5.203949023506048 -5.018434053352652 -4.765301477255496 -3.8719069547677796 -2.578751201535629 -3.6120869231377224 -4.241946160921549 -4.027204533253999 -3.703977515830526 -3.394373093011107
1.4456109280403096 1.2962577544722216 0.505156533284042 0.13016365636516136 -0.34068274985861136 -0.9410676465900292 -1.493897303976384 -1.5738990868329221 -1.1511032870307232 -0.5299129730858405 -0.9802016456344037 -0.6374076286887429 0.3302919552756338 0.8058443487262619 0.32162303143669013 -0.29956728250819253 -0.2009892342824895 -0.027115390427103758 -0.6832290832660168 -1.659845274607593 -2.789777576129345 -3.799583361597163 -4.3023809442559 -4.427461131074945 -4.4343962701461 -4.411857068164847 -4.521333192073793 -4.668704897335837 -4.906976461137662 -5.034038116262751 -5.140294354174376 -5.139303620021353 -5.131625430335432 -5.101408038668256 -4.870814664552353 -4.514398053002638 -3.526140735363052 -2.349396245111003 -3.6442857831109423 -4.315260488245188 -4.136432973624691 -3.8424326137153706 -3.5466984690382612
1.7874142108329483 1.9347859160949918 1.3792317397878262 0.522742064500185 -0.31814354787735777 -0.830848472066316 -1.0730829724802295 -1.3160605235089098 -1.3668356488512945 -0.8523969398945476 -1.1951909568402086 -0.8249040671481831 0.1759851109424353 0.5774801264546581 0.15641811142024808 -0.3543053444626658 -0.3141806112652692 -0.17944076645425788 -0.684219817419039 -1.5436816951657466 -2.60921627674106 -3.626700251894799 -4.162935112218033 -4.290739817957889 -4.281080159965923 -4.333836753614353 -4.450000333056199 -4.551550583740968 -4.765301477255496 -4.861155006560387 -4.797500337228715 -4.815085868444858 -4.902022790372551 -4.913911600208817 -4.725424427596354 -4.2966842228760225 -4.137423707777713 -3.8855295493718334 -4.315260488245188 -4.227332832164472 -4.077979658596385 -3.8298007532643386 -3.450844939733369
1.5060457113746601 2.0452527741569604 1.7804790717617933 1.1778650231860757 0.21809131244587632 -0.442233000543381 -0.5905954399584465 -0.7213723481573693 -1.0777889597070847 -1.024289315443889 -0.9596439119591943 -1.2164917411301845 -0.3951731282748292 0.18490171831963464 0.021678266609236774 -0.4412422663903588 -0.540811048769084 -0.1754778298421693 -0.5427925170751282 -1.4460943810930658 -2.3444425743458925 -3.2487351725168523 -3.883548081065789 -4.196124706344275 -4.2840523624249895 -4.318232690704254 -4.380648942344648 -4.513407318849616 -4.524057710994604 -4.753660350957485 -4.666723429029792 -4.658054505190848 -4.696940820696968 -4.657063771037826 -4.529011381759714 -4.288758349651845 -4.265476097055825 -4.416810738929957 -4.379658208191627 -4.1872080989670755 -3.9841075975975366 -3.670540238166029 -3.308426905236436
1.214026819771384 1.813668665888035 1.8401708044813774 1.3673429299515603 0.8098072853383502 0.27357242501511636 -0.022161719661992985 -0.2839632195980939 -0.516290378481786 -0.6061995028685454 -0.5328851755449069 -1.3834304459144153 -0.9831738480934702 -0.3035302191202811 -0.2790095488329831 -0.7907237388689192 -1.009428303148557 -0.22526222103153204 -0.3669372049136983 -1.2467091327973598 -2.0261692276875296 -2.799437234121311 -3.523168532903985 -3.9754386737585925 -4.225351363858428 -4.294702754569978 -4.317241956551232 -4.458669256895142 -4.370741600814427 -4.523314660379837 -4.4762547881112855 -4.4636229276602535 -4.497803255939517 -4.485171395488485 -4.394271536948703 -4.353156069598285 -4.2223791613993615 -4.284795413039757 -4.184235896508009 -4.015315723417734 -3.8327729557234047 -3.580878797317525 -3.2772187794162386
0.12124704898796201 1.1104951007805701 1.529575647508936 1.4485831304993761 1.0168707233199779 0.8127794877974168 0.5267050011122734 -0.06724012362450038 -0.22922515764362061 -0.12173050204071822 -0.2009892342824895 -0.9197668623000531 -1.28386166353569 -0.8278762696072495 -0.7449022842916452 -1.0916592378493948 -1.0535159729580421 -0.45981853175952403 -0.18340370306634646 -0.9041627993899544 -1.7457914623822637 -2.2565149182651774 -2.9656328882907754 -3.603170315760523 -3.922682080110164 -4.201821427724152 -4.269191350129658 -4.364054145281528 -4.382630410650693 -4.448018864750154 -4.480217724723374 -4.403188144325902 -4.272163552588724 -4.235011021850394 -4.196124706344275 -4.139405176083757 -4.0680723170661635 -4.040827127858054 -3.9333324722551515 -3.8424326137153706 -3.68044757969625 -3.490969672930766 -3.194987844715401
-0.5603780482912712 0.3909744221482401 0.9192834092472968 1.0550139882113305 1.209320832544529 1.0158799891669557 0.6906715034374378 0.1779665792484797 -0.03405052949825871 0.06849045533953291 -0.0954760469856315 -0.8298577379132938 -1.28386166353569 -1.510492101039505 -1.3943285215976589 -0.806327801779018 -0.6715879569680067 -0.529169922471074 -0.13733456495081686 -0.5905954399584465 -1.5758805551389663 -2.0544051510486607 -2.3318107138948605 -2.9537440784545095 -3.5964828602276238 -3.9363046747142185 -4.135442239471669 -4.161944378065011 -4.236992490156438 -4.261513160443736 -4.313279019939143 -4.198106174650319 -4.059403393227219 -3.9588438766954717 -3.921691345957142 -3.9293695356430636 -3.9098025361208757 -3.870916220614757 -3.7584678942467438 -3.649239453876053 -3.584594050391358 -3.4119586242272497 -3.2623577671209065
