static/data/ASCData/20210128/ASCU/06.asc
ncols 97
nrows 97
xllcorner 99.0
yllcorner 2.0
cellsize 0.25
NODATA_value -32767
[rows 76 to 94 of 97, columns 43 to 85 of 97]
-3.3641355391498844 -3.201894297738115 -3.177601491537422 -3.40491274955819 -3.5827707949561196 -3.709729627362121 -3.9801316963817372 -4.267307369682785 -4.444008614785442 -4.365056994633191 -4.254582566434802 -4.184306948497084 -4.173606545765827 -4.185174548718537 -4.252558165918078 -4.2496661651799 -4.3326665863656 -4.365056994633191 -4.362164993895013 -4.319074182896165 -4.184306948497084 -4.14324053801496 -3.99401329992499 -3.671555217618175 -3.095468670573175 -2.554375332460125 -2.1090072187807576 -1.5378370729906594 -1.4071186396250268 -1.154068575034477 -0.8365268939825641 -1.2526858002063368 -1.8044795410506445 -2.107272018337851 -2.1833316377519245 -2.1364812257934456 -2.147181628524703 -2.171763634799214 -2.342391678351699 -2.5066573202801927 -2.759418184796925 -2.9520254339595606 -2.980367041193702
-3.2663859141994775 -3.1151342755927836 -3.1481030840080093 -3.273326715971104 -3.429494755832701 -3.6365620086862247 -3.9110128787392897 -4.2253733589792075 -4.394266202088786 -4.330931385922693 -4.275115771675864 -4.304324979131459 -4.543782640252573 -4.538866238997671 -4.463674219805051 -4.460782219066873 -4.424632209839651 -4.450949416557068 -4.365924594854644 -4.311265780903085 -4.147289339048409 -3.977239695643559 -3.7791376450783862 -3.358062337599711 -2.7938329935812396 -2.4820753140056824 -2.0427804018764877 -1.6451303003770525 -1.634429897645795 -1.4947462619918115 -1.1138697647738067 -1.3845610338672407 -1.50660346501834 -1.7995631397957421 -1.8270371468084305 -1.7819219352928584 -1.8082391420102755 -1.8571139544854787 -2.034971999883408 -2.223530448012595 -2.466458510019523 -2.661957759920336 -2.6882749666377532
-3.228211504455532 -3.027217453152181 -3.057294260829229 -3.0896846690968194 -3.181361092497053 -3.4361463575305096 -3.8317720585132204 -4.146132538753138 -4.268174969904237 -4.215540556469403 -4.209756554993048 -4.286972974702392 -4.679417474873108 -4.722508285871956 -4.621866660183372 -4.541758239735849 -4.506475830730081 -4.398315003122234 -4.302589778688552 -4.169557744732377 -3.9870724981533634 -3.7212976303148317 -3.3563271371568044 -2.9430602316712093 -2.7498745823609383 -2.4392737030806524 -1.831664347989515 -1.416662242061013 -1.4996626632467134 -1.4733454565292963 -1.2408285971798083 -1.304452613419718 -1.3834042335719694 -1.3024282129029934 -1.3299022199156818 -1.3142854159295223 -1.3299022199156818 -1.4499202505500568 -1.652938702370132 -1.8718631582501852 -2.175523235758845 -2.3600328828545827 -2.353381281156774
-3.2655183139780246 -3.038785456104892 -3.035025855145261 -2.96764223794572 -3.0555590603863227 -3.27911071744746 -3.65796281414874 -3.9801316963817372 -4.1091149293044635 -4.075856920815419 -4.025246907897309 -4.192115350490163 -4.635459063652807 -4.6823094756112855 -4.5779082489630705 -4.4891238263010145 -4.3728653966262705 -4.246774164441723 -4.1021741275328365 -3.936173285161436 -3.757447639542053 -3.3884283453505772 -2.9832590419318796 -2.6697661619134156 -2.5485913309837698 -2.104380017599673 -1.4305438456042663 -1.1315109692766907 -1.2723514052259453 -1.3845610338672407 -1.2469017987299815 -1.1873265835235207 -1.3776202320956141 -1.198026986254778 -0.849251697230546 -0.8434676957541907 -0.8327672930229331 -0.9695589279387389 -1.274086605668852 -1.5222202690044997 -1.831664347989515 -1.9002047654843266 -1.9146647691752152
-3.332901931177565 -3.233127905710434 -3.2068106989930167 -3.0974930710898994 -3.0593186613459538 -3.169793089544342 -3.438170758047234 -3.7849216465547415 -3.9841804974151858 -3.9645148923955773 -3.8453644619826557 -4.036814910850021 -4.4547090175166995 -4.525273835528236 -4.399182603343688 -4.27309137115914 -4.144397338310231 -3.9723232943886573 -3.777980844783115 -3.639454009424403 -3.4977459732536946 -3.053534659869598 -2.6295673516527454 -2.3718900858811116 -1.947922777664259 -1.4010454380748536 -1.1051937625592736 -1.1031693620425491 -1.4322790460471728 -1.3151530161509755 -1.0641273520771501 -1.2107517895027602 -1.4178190423562844 -0.9342765189329708 -0.47155640082453687 -0.5406752184669842 -0.5603408234865926 -0.4851488042939721 -0.8446244960494618 -1.115894165290531 -1.3834042335719694 -1.4429794487784302 -1.4001778378534002
-3.5310039817427383 -3.502662374508597 -3.3892959455720306 -3.1463678835651026 -3.016227850347106 -3.06625946311758 -3.331745130882294 -3.5729379924463154 -3.6900640223425127 -3.7117540278788455 -3.6267292061764205 -3.761496440575502 -4.197031751745066 -4.207732154476323 -3.997772900884621 -3.8748628695120684 -3.787813647292919 -3.6510220123771133 -3.4850211700057128 -3.2741943161925575 -3.069151463855758 -2.7955681940241464 -2.3542488813782274 -1.8747551589883629 -0.9235761162017133 0.038303329316193846 -0.0964639050828876 -1.4400874480402526 -1.8435215510160434 -1.1326677695719618 -0.793725283057534 -0.8602413000356214 -0.8006660848291605 -0.5007656082801317 -0.4880408050321498 -0.6725504521278878 -0.49671680724668293 -0.10629670759269183 -0.2760571509237235 -0.6971324584023983 -0.9695589279387389 -1.0057089371659602 -0.8680497020287012
-3.840448060727754 -3.7557124390991468 -3.631645607431323 -3.2906787204001704 -3.053534659869598 -3.0428342571383404 -3.216643501502821 -3.327985529922663 -3.3424455336135517 -3.3346371316204717 -3.4002855483771057 -3.635405208390954 -3.8560648647139133 -3.696137223892686 -3.611112402190261 -3.6102448019688076 -3.5104707765016765 -3.2779539171521885 -3.0280850533736343 -2.7466933815489427 -2.4314653010875724 -2.0291879984070524 -1.5251122697426773 -1.197159386033325 -0.1404223163031888 0.709247500573423 0.01892692437040311 -1.889504362753069 -2.198080841516631 -1.2408285971798083 -0.7098572616503803 -0.4148731863562537 -0.051637893641133026 0.01892692437040311 -0.3101827596342205 -0.6413168441555686 -0.5730656267345745 -0.060313895855666155 0.12419575124007187 -0.2850223532120744 -0.5212988135211934 -0.5221664137426468 -0.3503815698948907
-3.8757304697335218 -3.743855236072618 -3.5798787942179415 -3.2449851087369628 -3.0301094538903586 -3.004659847394395 -3.016227850347106 -3.0416774568430696 -2.9722694391268045 -2.957809435435916 -3.2762187167092818 -3.391320346088755 -3.32972073036557 -3.3230691286677607 -3.3210447281510365 -3.254528711172949 -3.0946010703517217 -2.743801380810765 -2.318098872151006 -1.9166891696919395 -1.5731194819964274 -1.2518181999848834 -0.7830248803262765 -0.3885559796388365 0.13026895279024509 0.34601220785830233 -0.8854017064577675 -2.3111580703793795 -2.1090072187807576 -1.287968209212105 -0.48890840525360313 0.0012857198675191306 0.39488702033350576 0.4914798449886414 0.23842978039809148 -0.2468479434681286 -0.5837660294658321 -0.5426996189837086 -0.0632058965938439 -0.03399668913824899 -0.1285651132766602 -0.1404223163031888 0.039170929537647114
-3.7849216465547415 -3.627596806397874 -3.4537875620333933 -3.241803907924967 -3.0026354468776706 -2.9586770356573693 -2.9607014361740935 -2.9098022231821656 -2.8386590050229943 -2.7848677912928888 -2.9722694391268045 -2.8612166107807804 -2.8406834055397185 -2.918767425470517 -3.0116006491660214 -2.9393006307115783 -2.6434489551959985 -2.222373647717324 -1.4909866610321805 -1.2145113904623912 -0.763359275306668 -0.6178916381763291 -0.38450717860538774 -0.0739062993251014 0.14877775751458244 -0.5085740102732116 -1.6561199031821277 -1.9129295687323085 -1.4840458592605539 -1.0016601361325115 -0.35905757210942385 0.07647773906013955 0.23351337914318937 0.4026954223265855 0.7688227157798838 0.5391978571685735 -0.22429033771034246 -0.8171504890367735 -0.5447240195004329 0.1447289564811336 0.1661297619436487 0.227729377666834 0.36162901184446206
-3.7947544490645457 -3.59433879790883 -3.378595542840773 -3.1833854930137773 -2.9734262394220754 -2.976318240160253 -3.004659847394395 -2.9442170319664807 -2.696950968852286 -2.5963093431637017 -2.523141724487806 -2.408040095108333 -2.472531711569696 -2.4832321143009533 -2.650100556893807 -2.6336161526861943 -2.2995900674266685 -1.1656365779871878 -0.3943399811151919 -0.7399340693274286 -0.3775663768337612 -0.06118149607711948 0.27862859065876167 0.34398780734157797 -0.750634472058686 -1.4117458408061112 -1.2897034096550115 -1.347543424418566 -1.1803857817518941 -1.0230609415950265 -0.46663999956963476 0.08139414031504166 0.12332815101861849 0.05392013330235346 0.41715542601747413 0.7717147165180617 0.17711936474872403 -0.46172359831473264 -0.4197895876111558 0.29626979516164575 0.412239024762572 0.4952394459482724 0.6126546759182875
-3.7672804420518573 -3.598387598942279 -3.39710434756511 -3.1414514823102007 -2.924551426946872 -2.9265758274635965 -2.9549174346977383 -2.839526605244447 -2.5954417429422487 -2.3250396739226327 -2.2047324432144397 -2.1199968215858327 -2.1746556355373916 -2.1668472335443116 -2.3629248835927608 -2.3073984694197485 -1.198026986254778 -0.06407349681529723 0.1496453577360357 -0.34748956915671303 -0.14620631777954424 0.2100881731639499 0.7853071199874969 0.614389876361194 -0.5192744130044691 -1.6060882904116531 -1.4831782590391005 -0.9831513314081741 -0.9070917119941002 -1.21856019149584 -0.8209100899964045 -0.23325553999869336 -0.05452989437931077 -0.11005630855232285 -0.10629670759269183 0.20430417168759452 0.48858784425046353 0.31072979885253427 0.13316095352842272 0.49234744521009455 0.6193062776160961 0.6837978940774591 0.7960075227187543
-3.523195579749659 -3.4205295535443496 -3.27130231545438 -3.0116006491660214 -2.8181257997819325 -2.7860245915881596 -2.6940589681141085 -2.5778005384393645 -2.4225000987992216 -2.143422027565072 -2.0769060105869848 -1.9889891881463826 -1.9840727868914803 -1.9068563671821352 -2.0534808046077453 -1.0661517525938744 0.04408733079254923 0.5149050509678809 0.5637798634430841 0.13807735478332483 0.26792818792750417 0.3156462001074364 1.0256323813300647 0.8098891262620075 -0.7301012668176243 -1.8180719445200797 -1.4840458592605539 -0.8541680984854482 -0.9979005351728805 -1.5632866794866231 -1.2526858002063368 -0.7341500678510731 -0.4354063915973154 0.23553777965991374 0.24045418091481585 0.08804574201285043 0.42322862756764734 0.8538475374823086 0.6427314835953356 0.7413487087671956 0.7737391170347859 0.8176975282550872 0.7931155219805767
-3.20767829921447 -3.083611467546646 -2.915875424732339 -2.7166165738718946 -2.567100135708107 -2.4109320958465106 -2.310290470157926 -2.2420392527369324 -2.102355617082949 -2.04769680313139 -2.038731600843039 -1.9959299899180087 -1.9852295871867516 -1.777005534037956 -1.1639013775442812 -0.09067990360653216 0.6652890893531217 0.9943987733577454 1.086075196757979 0.778655518289688 0.8555827379252153 0.408479423802941 1.000182774834101 0.23351337914318937 -1.2049677880264047 -1.8192287448153506 -1.4909866610321805 -1.1208105665454333 -1.4117458408061112 -1.8912395631959757 -1.5436210744670147 -1.0467753476480839 -0.42441678879224015 0.34398780734157797 0.833314332241247 0.7219723038214049 0.6623970886149441 1.0296811823635137 0.8899975467095301 0.8821891447164502 0.8477743359321354 0.8362063329794246 0.786463920282768
-3.119761476773868 -2.9459522324093874 -2.674682563168318 -2.4068832948130616 -2.1668472335443116 -1.9852295871867516 -1.8874799622363447 -1.8386051497611415 -1.85046235278767 -1.905121166739229 -2.0633136071175495 -2.107272018337851 -2.1278052235789127 -1.5271366702594018 -0.6745748526446123 0.313621799590712 0.927882756379658 0.8928895474477078 0.8694643414684683 1.224891232190509 1.2766580454038903 0.7725823167395148 0.7503139110555465 -0.22342273748888913 -1.4695858555696653 -1.9265219722017437 -1.6052206901902002 -1.4117458408061112 -1.5094954657565176 -1.5924958869422179 -1.3113934151913444 -0.9860433321463518 -0.34748956915671303 0.3370470055699515 0.9200743543865783 1.2159260299021581 1.17804082023203 1.104873201556134 0.906481950917143 0.9044575504004185 0.7679551155584307 0.7844395197660435 0.6780138926011038
-3.095468670573175 -2.8970774199341838 -2.574908537701187 -2.2400148522202077 -1.9733723841602226 -1.7370959238511037 -1.6170778932167287 -1.576011482734605 -1.642238299638875 -1.8952883642294247 -2.199816041959538 -2.3883744900887245 -1.9939055894012845 -1.1560929755512013 -0.3492247695996196 0.31853820084561413 0.6311634806426248 0.6369474821189801 0.6644214891316685 0.9709735673785059 1.1829572214869324 0.954489163170893 0.8604991391801174 -0.1618231217657039 -1.4429794487784302 -1.955731179657339 -1.6031962896734755 -1.1442357725246728 -1.0291341431451997 -0.9684021276434678 -1.2078597887645823 -0.8356592937611108 -0.07969030080145684 0.49350424550536565 0.9377155588894622 1.2853340476184232 1.2483164381697485 1.0403815850947709 0.8616559394753885 0.975889968633408 0.9339559579298312 0.8087323259667364 0.6155466766564651
-3.1822286927185064 -2.928600227980321 -2.6295673516527454 -2.1685824339872184 -1.9265219722017437 -1.7877059367692136 -1.7165627186100418 -1.739120324367828 -1.8883475624577981 -2.104380017599673 -2.102355617082949 -2.0633136071175495 -1.3620034281094544 -0.6531740471820972 -0.26448914797101264 0.03338692806129173 0.4142634252792964 0.7170559025665028 0.6661566895745751 0.6213306781328206 1.1398664104880845 1.3185920561074669 0.8801647441997259 -0.06233829637239058 -1.1453925728199437 -1.687353511154447 -1.416662242061013 -0.7477424713205083 -0.5377832177288064 -0.7859168810644541 -0.9371685196711486 -0.4186327873158847 0.27457978962531293 0.6331878811593491 0.8197219287718117 0.9915067726195678 0.8839243451593569 0.7112719010901475 0.9368479586680091 1.1213576057637469 1.1690756179436792 0.9816739701097635 0.7219723038214049
-3.220403102462452 -2.8991018204509085 -2.5456993302455917 -2.150073629262881 -1.9372223749330013 -1.8365807492444168 -1.8952883642294247 -1.9586231803955165 -1.9323059736780994 -1.8600059552236563 -1.2723514052259453 -0.9470013221809528 -0.47329160126744346 -0.33187276517055336 -0.0964639050828876 0.19071176821815927 0.614389876361194 0.9212311546818494 0.9085063514338675 1.0079911768271805 0.9767575688548614 1.224891232190509 0.829265531207798 -0.16095552154425058 -0.9206841154635356 -1.378777032390885 -1.2526858002063368 -0.5759576274727523 -0.43829839233549317 -0.8553248987807193 -0.7645160756019391 -0.2135899349790849 0.4310370295607271 0.8000563237522033 0.8526907371870375 0.6048462739252075 0.44260503251343797 0.43884543155380695 0.8645479402135662 1.2893828486518721 1.468976094492708 1.3009508516045831 1.027656781846789
-3.281135117964184 -3.040809856621616 -2.567100135708107 -2.2605480574612695 -1.982048386374756 -1.6121614919618263 -1.545645474983739 -1.4655370545362165 -1.4461606495904258 -1.3484110246400192 -1.0386777455811862 -0.6803588541209676 -0.3211723624392958 -0.12682991283375356 0.11927934998516976 0.34398780734157797 0.6036894736299366 0.876115943166277 1.1282984075353735 1.417209281279327 1.0979323997845074 1.202333626432723 0.42322862756764734 -0.5739332269560279 -1.0574757503793413 -0.9918273336227073 -0.8726769032097855 -0.6364004429006664 -0.6199160386930535 -0.6783344536042433 -0.23614754073687105 -0.026188287145169187 0.34977180881793335 0.8518231369655843 0.7639063145249817 0.3156462001074364 -0.1071643078141451 0.1672865622389198 0.8871055459713523 1.4854604987003213 1.610684130663416 1.5198753074846358 1.2853340476184232
-3.3641355391498844 -2.980367041193702 -2.584741340210991 -2.364949284109485 -2.004605992132542 -1.6159210929214574 -1.115894165290531 -1.0279773428499286 -1.2116193897242133 -1.1647689777657344 -0.974475329193641 -0.553400021714966 -0.23817194125359548 0.046979331530726975 0.30697019789290325 0.4454970332516157 0.691606296070539 0.8185651284765406 1.0079911768271805 1.4386100867418419 1.3616828671063148 1.2228668316737847 -0.06233829637239058 -0.8787501047599587 -0.4909328057703275 -0.41574078657770697 -0.8874261069744919 -0.8668929017334301 -0.6375572431959375 -0.4851488042939721 -0.1285651132766602 -0.08460670205635895 0.18087896570835504 0.8477743359321354 0.7991887235307499 0.10481934629428113 -0.43829839233549317 0.023554125551487504 0.8304223315030691 1.6213845333946737 1.9143442081720758 1.8067617807118648 1.452491690285095
