static/data/ASCData/20210128/ASCU/09.asc
ncols 97
nrows 97
xllcorner 99.0
yllcorner 2.0
cellsize 0.25
NODATA_value -32767
[rows 38 to 56 of 97, columns 43 to 85 of 97]
-5.105505361733529 -5.663960405375665 -5.9237971270702685 -6.084889928120884 -6.178860728733744 -6.287150889439991 -6.287150889439991 -6.238226409120915 -6.257020569243487 -6.299978649523651 -6.180650648745417 -6.043125127848502 -5.847725526574145 -5.768670726058565 -5.7812001661402785 -5.797906086249232 -5.795817846235613 -5.831019606465192 -5.847725526574145 -5.837880966509941 -5.785078326165571 -5.673804965439869 -5.652325925299786 -5.612351045039079 -5.721834485753108 -5.908284486969098 -6.062515927974966 -6.17975568873958 -6.310718169593692 -6.392756170128727 -6.228680169058656 -6.050881447899087 -5.8047674462939804 -5.27166960281722 -4.758857519472761 -4.287213596396791 -3.787229273135991 -3.2511482296397753 -2.699256226040444 -2.109477582194023 -1.9394351810850397 -1.297748856900087 0.13567875244844751
-4.794954239708176 -5.517485284420382 -5.937519847159765 -6.241209609140371 -6.3417434497960326 -6.320264409655951 -6.316386249630658 -6.311613129599529 -6.3468148898291075 -6.4014074501851495 -6.270444969331038 -6.238226409120915 -6.123074888369919 -6.04193184784072 -6.005835127605304 -6.0526713679107615 -6.193478408829077 -6.2686550493193645 -6.4112520102493535 -6.41423521026881 -6.364415769943897 -6.286255929434154 -6.270444969331038 -6.267760089313528 -6.356361129891367 -6.406180570216279 -6.504029530854431 -6.4658445706053955 -6.486428650739641 -6.348604809840781 -6.139780808478871 -5.848620486579981 -5.361463923402841 -4.847756880052545 -4.377902876988249 -3.9444439141613143 -3.5712455917273878 -3.101689908665038 -2.756831986415942 -2.1837592626784734 -1.8526240605188744 -1.5450561385129769 -0.23930948999715262
-4.279457276346205 -5.386821123568216 -5.994200647529427 -6.441382330445858 -6.515664010930308 -6.447348730484769 -6.303856809548943 -6.298785369515868 -6.409163770235735 -6.467932810619015 -6.389772970109272 -6.385894810083979 -6.362327529930278 -6.409163770235735 -6.41423521026881 -6.583084331370011 -6.723593052286381 -6.836059693019867 -6.976568413936237 -6.959862493827284 -6.879912733305868 -6.802647852801961 -6.769534332586001 -6.762672972541253 -6.698235852121006 -6.74328217241479 -6.61619785158597 -6.569361611280514 -6.359344329910822 -6.107562248268749 -5.8232632864146066 -5.3966656836324205 -4.922933520542832 -4.479629997651694 -4.010670954593234 -3.706981192612629 -3.37316111043552 -3.057538548377091 -2.7413193463147714 -2.167053342569521 -1.5704133386783514 -1.3633792573281156 -0.9669119747424335
-3.9131203139570276 -5.110278481764659 -5.859360006650022 -6.457193290548974 -6.583979291375847 -6.478672330689056 -6.333987129745448 -6.3008736095294875 -6.4112520102493535 -6.48046225070073 -6.455105050535355 -6.504029530854431 -6.569361611280514 -6.643643291764964 -6.750143532459538 -6.918992653560739 -7.0165432941969454 -7.129009934930431 -7.2373000956366775 -7.194342015356514 -7.07024089454715 -6.9717952939051075 -6.9160094535412835 -6.864400093204697 -6.798769692776668 -6.592928891434215 -6.464949610599559 -6.282377769408861 -6.018662887688965 -5.7364521658484415 -5.387716083574053 -4.989160560974751 -4.666974958873521 -4.226654636001838 -3.8251159133830805 -3.5166530313713458 -3.2266859894802375 -2.957004707721429 -2.5694870251941144 -1.870224940633664 -1.0167314150673463 -0.9209706944428135 -0.5498606120225062
-3.4853294311670595 -4.791076079682884 -5.552687044649961 -6.189600248803784 -6.579206171344718 -6.478672330689056 -6.254037369224031 -6.220625529006125 -6.373962010006156 -6.421991530319395 -6.5216304109692205 -6.589945691414759 -6.6543828118350055 -6.642748331759128 -6.751038492465375 -6.876929533286412 -6.974778493924563 -7.058606414471273 -7.165106655165847 -7.0958964147144705 -6.93450529366191 -6.796084812759158 -6.683618172025673 -6.625147451644338 -6.518647210949764 -6.311613129599529 -6.119196728344626 -5.90619624695548 -5.641586405229745 -5.393682483612965 -5.032416961256862 -4.7206725592237255 -4.444428237422114 -4.313465756568002 -3.9122253539511913 -3.3740560704413562 -3.047992308314832 -2.7228235061941453 -2.310545263505347 -1.3672574173534082 0.166107392646897 0.17267043268969973 -1.2968538968942502
-3.033374628219499 -4.440550077396821 -5.288077202924228 -5.922007207058595 -6.4014074501851495 -6.420798250311613 -6.171999368688995 -6.100700888224001 -6.25881048925516 -6.456000010541191 -6.60545833151593 -6.556832171198799 -6.528491771013969 -6.448243690490607 -6.569361611280514 -6.691374492076258 -6.786240252694954 -6.864400093204697 -6.858433693165785 -6.830093292980955 -6.623954171636556 -6.4434705704594775 -6.321457689663733 -6.211974248949703 -6.1260580883893745 -6.004940167599468 -5.833107846478811 -5.63591832519278 -5.389804323587672 -5.144585281988402 -4.718882639212052 -4.405348317167243 -4.15147799551155 -4.063473594937602 -3.8036368732429984 -3.2812785498362795 -2.7997900666961058 -2.3612596638360963 -1.9394351810850397 -0.7070752530478293 0.9745545979194317 0.6249235556392061 -1.0584962153397282
-2.4776044645948745 -3.9736792743519818 -4.912194000472791 -5.629056965148031 -6.173789288700668 -6.257915529249323 -6.074150408050843 -6.002851927585848 -6.196461608848533 -6.446453770478933 -6.511785850905016 -6.377840170031448 -6.316386249630658 -6.215852408974996 -6.360537609918604 -6.494184970790227 -6.603668411504256 -6.636781931720216 -6.529386731019805 -6.456000010541191 -6.257020569243487 -6.156188408585879 -6.0663940880002585 -5.94527616721035 -5.857570086638349 -5.738242085860115 -5.558653444688873 -5.370115203459264 -5.081043121573992 -4.800920639747088 -4.331961596688629 -4.062578634931766 -3.8301873534161555 -3.6884853524920027 -3.443266310892732 -3.0948285486202893 -2.690604945984022 -1.9122880609079913 -1.3320556571238291 -0.17487236957690633 0.9032561174544367 0.8719325172501504 -0.9170925344175209
-1.9621075012329041 -3.4062746306514793 -4.412209677211991 -5.386821123568216 -6.03715872780959 -6.108457208274586 -5.861448246663642 -5.822368326408769 -6.106368968260966 -6.336075369759066 -6.215852408974996 -6.03715872780959 -6.010906567638379 -5.9560156872803915 -6.107562248268749 -6.217940648988615 -6.319369449650114 -6.353676249873856 -6.205112888904955 -6.129936248414667 -5.9959905675411 -5.949154327235643 -5.833107846478811 -5.7451034459048635 -5.625178805122738 -5.436640563893128 -5.242135922624607 -5.063442241459202 -4.751996159428012 -4.388642397058289 -3.927737994052362 -3.6798340724355807 -3.502035351276012 -3.3818123904919415 -3.15150934898995 -2.798895106690269 -2.3681210238808448 -1.6730354193476327 -0.9179874944233577 0.3143724336138525 0.8418021970536462 0.8925165973843958 -1.1718578160790503
-1.299837096913706 -2.7138739061357775 -4.093902235136052 -5.1523416020389865 -5.77642704610915 -5.953032487260936 -5.819385126389314 -5.819385126389314 -6.040141927829047 -6.150520328548913 -5.951242567249262 -5.757931205988523 -5.8047674462939804 -5.732574005823149 -5.788061526185027 -5.8927718468679275 -5.966755207350433 -5.958103927294011 -5.852498646605274 -5.812523766344565 -5.701250405618863 -5.738242085860115 -5.678876405472943 -5.619212405083827 -5.442308643930095 -5.205144242383355 -4.9873706409630785 -4.7206725592237255 -4.411314717206155 -4.0273768747021865 -3.6807290324414175 -3.5763170317604627 -3.4531108709569365 -3.2726272697798575 -2.90151718735955 -2.4063059841298795 -1.8887207807542903 -1.400370937569368 -0.9376766145517663 0.25769163324419164 0.045884431862826425 -1.1151770157093892 -3.687590392486166
-1.118160215728845 -2.4307682242894177 -3.9259480740406882 -5.094765841663489 -5.617124165070208 -5.76359928602549 -5.654414165313406 -5.604594724988493 -5.6621704853639905 -5.75405304596323 -5.71288488569474 -5.504955844338667 -5.550897124638288 -5.519573524434001 -5.54194752457992 -5.62309056510912 -5.690510885548822 -5.6806663254846175 -5.616229205064371 -5.545825684605212 -5.475720484148001 -5.531208004509879 -5.466770884089633 -5.394577443618801 -5.169942482153776 -4.91696712050392 -4.667869918879357 -4.382974317021324 -4.18936463575864 -3.864195833637952 -3.6094305519764225 -3.5879515118363408 -3.454005830962773 -3.161055589052209 -2.693289826001532 -2.048918621799069 -1.5644469386394397 -1.4337827777872736 -1.2723916567347122 -0.5537387720477989 -1.4325894977794913 -2.7383361462953153 -4.124927515338393
-1.2118326963397585 -2.4444909443789147 -3.8409268734861963 -4.915177200492247 -5.430674163854217 -5.560741684702492 -5.449170003974843 -5.36027064339506 -5.419934643784176 -5.461997764058504 -5.420829603790013 -5.3173125631148945 -5.351619363338637 -5.346846243307508 -5.400543843657713 -5.457224644027374 -5.515695364408709 -5.527329844484587 -5.380854723529304 -5.222745122498145 -5.202161042363899 -5.26361496276469 -5.229606482542893 -5.126984401873612 -4.879080480256831 -4.52646623795715 -4.255889996192504 -4.194436075791714 -4.097780395161345 -3.833170553435611 -3.68460719246671 -3.652388632256587 -3.3809174304861047 -3.0459040683012133 -2.438524544340003 -1.8036995801997986 -1.6825816594098912 -1.7237498196783818 -1.729417899715348 -1.8964771008048755 -2.8087396667544735 -4.079284555040719 -5.311644483077929
-1.4776358180732747 -2.5870879053089038 -3.9492170341924435 -4.848651840058381 -5.1896316022821845 -5.3173125631148945 -5.242135922624607 -5.156219762064279 -5.295833522974813 -5.3593756833892225 -5.248102322663519 -5.1845601622491095 -5.242135922624607 -5.227518242529274 -5.265703202778308 -5.299711683000105 -5.361463923402841 -5.4276909638347615 -5.26093008274718 -5.069408641498114 -5.00884968110316 -4.985282400949459 -4.979614320912493 -4.823294639893007 -4.515726717887109 -4.169078875626339 -4.150583035505713 -4.126120795346175 -4.09002407511076 -3.8534563135679107 -3.630014632110668 -3.5312707114666795 -3.265765909735109 -2.8409582269645965 -2.240141743046189 -2.0235614216336946 -1.9462965411297881 -2.2792216633010605 -2.4415077443594586 -3.17179510912225 -4.067351754962895 -5.32238400314797 -6.431537770381654
-1.6945144594877146 -2.7607101464412342 -4.021410474663275 -4.775563439581713 -5.036295121282154 -5.029433761237406 -4.956047040758792 -5.0780599215545354 -5.219761922478689 -5.341774803274433 -5.193509762307477 -5.119228081823026 -5.22841320253511 -5.187543362268565 -5.1201230418288635 -5.153236562044823 -5.197387922332769 -5.26093008274718 -5.3507244033328005 -5.3310352832043915 -5.2069341623950285 -4.79197103968872 -4.716794399198433 -4.4453231974279515 -4.143721675460965 -4.272595916301457 -4.259768156217797 -4.1007635951808 -3.9501119941982803 -3.7842460731165355 -3.5068084713071412 -3.3788291904724854 -3.2237027894607815 -2.801878306709725 -2.5635206251552027 -2.3496251837602187 -2.435541344320547 -2.870193587155264 -3.3439257502448525 -4.28124719635788 -4.915177200492247 -5.490338164243334 -6.55474393118518
-1.618144538989645 -2.770554706505439 -3.9492170341924435 -4.666974958873521 -4.825382879906625 -4.792865999694557 -4.791076079682884 -4.913088960478628 -5.160097922089571 -5.307766323052636 -5.1747156021849054 -5.13384576191836 -5.232589682562349 -5.131757521904741 -5.041068241313283 -4.951273920727663 -4.995126961013663 -5.08999272163236 -5.2403460026129345 -5.599523284955418 -5.464980964077959 -4.732605359301549 -4.356423836848167 -4.109414875237222 -4.134772075402597 -4.26364631624309 -4.282142156363716 -4.076301355021263 -3.7490443128869564 -3.674762632402506 -3.4904008712001344 -3.3358711101923215 -3.2374255095502784 -3.051870468340125 -2.812617826779766 -2.820374146830351 -2.905395347384843 -3.560506071657347 -4.216810075937634 -4.912194000472791 -4.813450079828803 -5.1896316022821845 -4.02648191469635
-1.2843244568125356 -2.639592225651327 -3.8710571936827005 -4.487386317702278 -4.636844638677016 -4.52646623795715 -4.542873838064157 -4.876097280237375 -5.149358402019531 -5.200371122352226 -5.079253201562318 -5.160097922089571 -5.14667352200202 -5.031223681249079 -4.8907149603327085 -4.781231519618679 -4.706949839134229 -4.778248319599223 -5.006761441089541 -5.386821123568216 -5.239451042607097 -4.522588077931857 -4.109414875237222 -4.102553515192474 -4.135667035408434 -4.130893915377305 -4.130893915377305 -3.8907463138111087 -3.6094305519764225 -3.6798340724355807 -3.698329912556207 -3.502930311281849 -3.364211510377152 -3.2159464694101967 -3.0596267883907102 -3.0948285486202893 -3.505913511301305 -4.229637836021293 -4.891609920338546 -5.007954721097324 -4.607609278486349 -3.670884472377213 -2.438524544340003
-1.1834922961549281 -2.5909660653341966 -3.8662840736515713 -4.330171676676955 -4.335839756713922 -4.190557915766421 -4.285125356383173 -4.716794399198433 -5.194404722313314 -5.248102322663519 -5.0097446411089965 -5.081938081579828 -5.020484161179038 -5.017500961159582 -4.8271727999183 -4.674731278924106 -4.581058798313192 -4.647584158747057 -4.894593120358001 -5.001093361052575 -4.787197919657591 -4.331066636682792 -4.188469675752803 -4.213826875918177 -4.163112475587428 -4.066456794957059 -3.823325993371407 -3.5068084713071412 -3.620170072046464 -3.7928973531729575 -3.9414607141418587 -3.88865807379749 -3.6914685525114583 -3.3761443104549755 -3.17179510912225 -3.2735222297856943 -3.7979687932060324 -4.71500447918676 -5.33789664324914 -4.9190553605175396 -4.122242635320883 -2.8633322271105155 -1.5459510985188136
-1.1739460560926693 -2.5321970249509165 -3.7902124731554467 -4.05482231488118 -3.994263354486227 -3.9354943141029466 -4.181608315708054 -4.702176719103099 -5.13861888194949 -5.185455122254947 -5.005866481083705 -5.035101841274372 -4.920845280529212 -4.8769922402432115 -4.670853118898813 -4.651462318772349 -4.7579625594669235 -4.834034159963048 -4.879975440262667 -4.833139199957211 -4.590903358377396 -4.337033036721704 -4.273490876307294 -4.307797676531036 -4.162217515581591 -3.8585277536009857 -3.5440984715503396 -3.3985183106008945 -3.6309095921165047 -3.9891919144531522 -4.32510023664388 -4.209053755887048 -3.8242209533772433 -3.4208923107468134 -3.1953623892759513 -3.356455190326567 -4.021410474663275 -4.959925200784085 -5.361463923402841 -4.4354786373637465 -3.436703270849929 -2.076364061978063 -0.7891132535828651
-1.0137482150478905 -2.3036839034605987 -3.5557329516262177 -3.88865807379749 -3.820342793351951 -3.874040393702156 -4.235305916058259 -4.693525439046677 -4.999900081044792 -5.123106241848319 -5.103417121719911 -5.021677441186821 -4.856408160108966 -4.7889878396692644 -4.709038079147848 -4.818521519861877 -5.05956408143391 -5.132950801912523 -4.930689840593417 -4.689647279021385 -4.49335271774119 -4.317343916593295 -4.27647407632675 -4.26364631624309 -4.085847595083521 -3.755010712925868 -3.5050185512954677 -3.5712455917273878 -3.800951993225488 -4.23053279602713 -4.466802237568033 -4.3224153566263706 -3.9865070344356415 -3.6661113523460838 -3.478468071122311 -3.5879515118363408 -4.070334954982351 -4.669063198887139 -4.555701598147817 -3.8263091933908626 -2.6554031857544427 -1.4540685379195732 -0.8126805337365663
-1.2413663765323715 -2.0235614216336946 -3.15628246902108 -3.7257753527352007 -3.8134814333072025 -3.9190867139959398 -4.34270111675867 -4.756769279459141 -4.903244400414423 -4.9757361608872 -5.108488561752986 -5.11833312181719 -4.942324320669295 -4.751101199422175 -4.7442398393774265 -4.9327780806070365 -5.187543362268565 -5.267493122789983 -5.038085041293828 -4.729622159282093 -4.449201357453243 -4.177730155682761 -4.159234315562135 -4.067351754962895 -3.9757675143656006 -3.779472953085406 -3.7726115930406574 -3.933704394091273 -4.274385836313131 -4.606415998478567 -4.5595797581731095 -4.465907277562197 -4.136860315416216 -3.9542884742255184 -3.8400319134803595 -3.80960327328191 -4.038116394772228 -4.007986074575724 -3.57512375175268 -2.920907987486013 -1.9913428614235713 -1.636640379110271 -2.503856624766086
