static/data/ASCData/20210128/ASCU/12.asc
ncols 97
nrows 97
xllcorner 99.0
yllcorner 2.0
cellsize 0.25
NODATA_value -32767
[rows 0 to 18 of 97, columns 0 to 42 of 97]
1.4758943299838414 0.4084149088334281 0.05805978598501582 0.6633987260276282 1.282604710512544 0.9582856711068248 -0.1304188180675223 0.9896987717822481 1.176196369485886 0.9475316366413646 0.39596286892605326 -0.3316324629344214 -0.5639762075697581 -1.2839305149416165 -1.6071175507193924 -1.421468955736712 -1.1608251204027964 -1.254498420615094 -1.5182552659258535 -1.9829427551965262 -2.551491577330985 -2.658748921078601 -2.3717860013950065 -1.8581393552157914 -0.8209410311128584 -0.37379959807530483 0.1576761052440152 0.06966282317143335 -0.6998166429229389 -1.6812637883496704 -2.062183009152548 -2.329618866254123 -2.1725533628770077 -1.9987908059877306 -1.8589883579367488 -1.829839264517212 -2.4040481047913866 -2.702897062568385 -2.1207641968986075 -1.4333549938301153 -0.8571651472070398 -0.3754976035172195 0.05890878870597316
1.0219608751786282 0.5139742471391293 -0.20088604390698483 0.15371409254621415 0.9543236584090238 1.323639842025484 0.6067985446304696 0.9730017182700861 2.005106026047275 2.174057567517793 1.661542924966522 0.8215962330326865 0.632268626259191 -1.428260977504371 -2.080578068106625 -1.6733397629540683 -1.0122496442352547 -0.8755602061611165 -1.768145066794309 -2.329618866254123 -2.3403729007195833 -2.1060481497353463 -1.8745534078209674 -1.8063501892373912 -0.9870625635135191 -0.4284187731235627 0.10277392928877127 0.3588897501109143 -0.20767806567464397 -1.3521337335251926 -1.5807984663697137 -1.8023881765395902 -1.8346502799359703 -1.9880367715222707 -2.4331971982109235 -2.7563842339886997 -2.900148694737483 -2.1841564000634253 -2.0593530000826905 -1.180352182984816 -0.092496696531426 0.7590530325888265 0.8000881641017665
0.6175525790959298 0.7669770579844286 0.39398186257715295 0.6302876199102903 1.3499589263751628 1.81775942562268 1.5814536682895417 1.51296744879898 2.2346197616127537 2.3908362622689117 1.874359607019838 1.1272372125773438 1.4894783735191588 -0.8073569875775404 -1.5309903067402142 -1.3102495992912953 -1.0317767068172745 -1.0552657820970954 -1.8151232173539507 -2.2379265723907262 -2.121613199619565 -1.652963697651091 -1.4537310591330925 -1.754561023258991 -1.3580767525718944 -0.8815032252078181 -0.16183191874294556 0.12937601454543612 -0.12560780264876392 -0.9536684564891955 -0.6842515930387201 -0.7204757091329017 -1.0006466070488371 -1.7641830540965078 -2.3072617946022453 -2.1578373157137465 -1.9274745774273105 -1.8052181856094478 -1.8111612046561496 -1.0006466070488371 0.07447383859019219 0.808861192218326 0.13418702996419452
0.8725363962901294 1.1156341753909262 0.8940444652210497 0.9602666774557256 1.602961737220462 2.307067993801116 2.258108836892574 2.017841066861635 1.4906103771471022 1.6790889811996408 1.546361555823304 1.0745990438779862 1.8627565698334205 -0.45558686019419925 -1.561271403787694 -1.815972220074908 -1.5278772967633705 -1.3444927090365761 -2.136329246782826 -2.2084944780642037 -2.1598183220626472 -1.7231479225835677 -1.3991118840848344 -1.4245819657135559 -1.1735601612171571 -1.0388517294919193 -0.45388885475228413 -0.028821492459622622 -0.22324311555886256 -0.9548004601171387 -0.4547378574732419 -0.11881578088110478 -0.3483295164465834 -1.1237520015876574 -1.574855447323012 -1.3082685929423947 -0.7066086646905978 -0.9723465163502578 -1.1520520922862367 -0.8424491000437786 0.15654410161607224 -0.27701328788616353 -1.3688307870373544
1.2670396606283254 1.1077101499953237 1.285434719582402 1.3451479109564044 1.4272181739822845 1.9349218011147977 2.038500133071598 1.7894593349241 1.3352428792119015 1.2260045291153854 1.0893150910412475 1.0080938307363247 1.7356891625967998 -0.6568005050610981 -2.111991168782048 -2.3248078508353647 -1.70956387904825 -1.7302229452582125 -2.696954043521683 -2.302450779183487 -2.1881184127612263 -1.7808801076086698 -1.4497690464352915 -1.0914898981912768 -1.1500710859373362 -1.0934709045401774 -0.9038602968596958 -0.45275685112434116 -0.20088604390698483 -0.8551841408581393 -0.6568005050610981 0.09201989482331108 -0.08372366841486656 -0.6372734424790782 -1.0767738510280156 -0.9058413032085963 -0.1567379024172011 -0.32880245386456375 -1.203841258264637 -0.9245193630696589 -0.721324711853859 -1.061208801143797 -1.7888041330042719
1.319677829327683 0.4251119623455901 0.7816931051476899 1.5755106492428403 1.6575809122687204 1.3244888447464418 1.1965724347888629 1.1145021717629828 1.1713853540671275 1.061015000342668 0.7024528511916674 0.7044338575405682 1.5854156809873432 -0.6539704959912402 -2.07888006266471 -2.040674940221628 -1.4245819657135559 -1.9685097089402508 -2.9878789759030786 -2.4634782952584033 -1.8482343234712886 -1.4401470155977745 -1.2301603426143157 -0.9038602968596958 -1.029795700468374 -1.0914898981912768 -0.877541212510017 -0.2829563069328649 -0.02995349608756559 -0.6245384016647177 -0.721324711853859 -0.2535242126063424 -0.3364434783531802 -0.8911252560453351 -1.139317051471876 -1.057246788445996 -0.5854842765006785 -0.46634089465965944 -1.459674078179794 -1.9362476055438704 -1.73107194797917 -1.148939082309393 -1.4118469248991952
1.1320482279961022 0.022684672611791967 0.689717810377307 1.5296645023111415 1.9340727983938404 1.459197276471679 0.39596286892605326 0.3382306839009517 0.5023712099527118 0.5510473659542683 0.11862198007997593 0.2043712548966714 1.446745236564304 -0.46634089465965944 -1.6266446133014123 -1.6373986477668725 -1.1647871331005974 -1.73107194797917 -2.6021487396814424 -2.261415647670547 -1.4975961997158904 -1.2632714487316534 -1.061208801143797 -0.8472601154625372 -0.6989676402019813 -0.8715981934633155 -0.170604946859505 0.38803884353045115 0.53746332241895 -0.03193450243646634 -0.5962383109661382 -0.9771575317690164 -0.9743275226991583 -0.9576304691869966 -1.1568631077049951 -1.4528820564121352 -1.4039228995035928 -1.224217323567614 -1.8952124740309304 -2.390181060349083 -1.8649313769834504 -1.061208801143797 -1.0739438419581577
0.9495126429902654 0.3498337210873692 0.9104585178262257 1.5571155902887641 2.002276016977417 1.6205077934535819 -0.05542357771628703 -0.4802079391019629 0.5844414729785918 0.6789637759118468 0.04136273247285427 -0.39332666065732447 0.6271746099334465 -0.6177463798970586 -1.7820121112366127 -1.693998829164031 -1.1950682301480773 -1.2946845494070767 -2.0075638341042903 -2.0112428458951057 -1.815972220074908 -1.6549447039999916 -1.4118469248991952 -0.9157463349530992 -0.754435817971197 -0.6918926175273366 0.183995189593694 0.8343312738470474 1.0052638216664667 0.7024528511916674 -0.367856579028603 -0.8384870873459775 -1.0102686378863541 -0.9429144220237353 -1.172428157589214 -1.529858303112271 -1.69003681646623 -1.7769180949108687 -2.1148211778519057 -1.7047528636294913 -1.0173436605609991 -0.6978356365740384 -0.7632088460877566
0.38803884353045115 0.4358659968110503 0.7426389799836501 1.2698696696981835 1.6595619186176211 1.2806237041636437 -0.4145517286812592 -0.7535868152502396 0.3138926059001732 0.9514936493391657 0.6410416543757504 -0.3862516379826797 -1.0759248483070583 -1.4166579403179536 -2.576678658052721 -2.343485910696427 -1.5397633348567736 -1.6872068073963722 -2.5152674612368036 -2.8893946602720226 -2.5729996462619056 -2.212456490762005 -1.9673777053123076 -1.64900168495329 -1.162806126751697 -0.5161490542891589 0.14296005808075396 0.7035848548196109 1.0024338125966086 0.8841394334765469 0.5080312280924275 0.23776536192099496 -0.2945593441192824 -0.8042439776006967 -1.1970492364969778 -1.4879741688783734 -1.3979798804568913 -1.520236272274754 -1.4226009593646551 -0.9683845036524568 -0.5269030887546191 -0.4722839137063608 -0.5348271141502212
-0.6587815114099989 0.3246466403656334 0.8343312738470474 1.5041944206824205 1.8452105136003016 1.0726180375290855 -1.061208801143797 -0.6686865431545015 0.3509657247153122 0.808861192218326 0.734714954588048 0.2601224335728727 -1.6090985570682932 -1.8023881765395902 -2.707708077987143 -2.368672991418163 -1.5915525008351739 -1.8717233987511093 -3.326914062472059 -3.3815332375203173 -2.9575978788555988 -2.5260214957022638 -2.199721449947644 -1.8550263452389477 -1.3014765711747356 -0.7878299249955205 -0.3375754819811232 0.15060108256937044 0.5736874385131316 0.7709390706822297 0.7035848548196109 0.6673607387254292 0.41435792788012993 -0.26342924435084525 -1.094319907261135 -1.6040045407425487 -1.3238336428266133 -1.3959988741079907 -1.4712771153662116 -0.9126333249762555 -0.34436750374878233 -0.34436750374878233 -0.13239982441642306
-0.7555678215991402 0.7024528511916674 1.1507262878571645 1.5432485458464598 1.7826673131564412 1.1399722533917043 -1.3589257552928518 -0.9811195444668175 0.38011481813484904 0.3294576557843918 -0.3599325536330009 -0.45388885475228413 -1.0210226723518143 -1.3903388559682748 -2.0064318304763473 -1.8454043144014305 -1.5222172786236545 -2.1510452939460873 -2.6714839618929616 -2.3248078508353647 -2.514418458515846 -2.4606482861885457 -2.2673586667172487 -1.8238962454705103 -1.364019771618596 -1.1500710859373362 -0.6276514116415615 -0.23116714095446467 0.09909491749795585 0.34304169931971007 0.20352225217571362 0.16927914243043274 0.45652506302101337 0.17720316782603485 -0.4722839137063608 -1.166768139449498 -0.9879115662344766 -0.9284813757674599 -1.1305440233553163 -0.8345250746481765 -0.41653273503015953 -0.3220104320969046 0.45058204397431156
-0.6930246211552797 0.829520258428289 1.5217404769155394 1.8137974129248784 1.7082380746191772 0.944701627571507 -1.2983635611978919 -1.4605230809007514 0.02777868893753599 -0.11768377725316181 -0.9480084383494796 -1.2329903516841736 -0.8492411218114377 -1.1002629263078365 -1.483163153459615 -1.5875904881373728 -1.8824774332165695 -2.366974985976248 -1.9303045864971686 -1.4760881307849703 -1.5142932532280522 -1.639379654115773 -1.5485363629733333 -1.3473227181064342 -0.8571651472070398 -1.065170813841598 -0.6618945213868426 -0.29059733142148136 -0.08853468383362495 0.08918988575345344 -0.10211872736894323 -0.21248908109340237 -0.04155653327398312 0.07447383859019219 -0.30729438493364336 -0.5093570325214998 -0.6548194987121976 -0.9782895353969596 -1.026965691398516 -0.910652318627355 -0.7105706773883989 -0.3005023631659842 0.4437900222066524
-0.7906599340653786 0.02777868893753599 1.0794100592967446 1.9564298700457181 1.9349218011147977 1.0590339939937672 -0.7671708587855577 -1.3843958369215732 -0.7651898524366572 -0.7476437962035378 -1.189974213822333 -1.3306256645942725 -0.9664034973035562 -1.0544167793761379 -1.3345876772920735 -1.7760690921899114 -2.1499132903181444 -1.7262609325604115 -1.2145952927300971 -1.0348897167941182 -1.1042249390056376 -1.1978982392179351 -1.176390170287015 -0.9995146034208942 -0.6101053554084421 -0.6686865431545015 -0.4703029073574605 -0.25267520988538505 -0.027123487017707948 -0.06221559948394617 -0.35597054093519986 -0.343518501027825 -0.2272051282566636 -0.14315385888188326 -0.20767806567464397 -0.3590835509120436 -0.7456627898546373 -1.0329087104452177 -1.2007282482877932 -1.1560141049840378 -0.9089543131854401 -0.3551215382142425 0.16729813608153243
-0.4547378574732419 -0.206546062046701 0.47209011290523195 2.0014270142564596 1.9711459172089798 0.9347965958270041 -0.5690702238955021 -1.2329903516841736 -0.7985839594609807 -1.0102686378863541 -1.918701549310751 -1.9254935710784102 -1.5533473783920917 -1.4087339149223514 -1.1676171421704553 -1.6040045407425487 -1.6501336885812332 -1.5123122468791517 -1.2536494178941366 -1.1548821013560946 -1.074792844679115 -1.0779058546559588 -0.9038602968596958 -0.7779248932510179 -0.5104890361494432 -0.4519078484033838 -0.4810569418229207 -0.37747860986612025 -0.11089175548550267 -0.2048480566047859 -0.4567188638221422 -0.384553632540765 -0.13834284346312442 -0.19098101216248242 -0.8130170057172561 -0.8345250746481765 -0.9870625635135191 -1.0728118383302145 -1.302325573895693 -1.176390170287015 -0.7524548116222964 -0.3599325536330009 -0.05825358678614512
-0.032783505157423676 0.2816305025037926 0.4534120530441692 1.261096641581624 1.59503771182486 1.104880140925466 -0.37747860986612025 -1.0914898981912768 -0.8648061716956563 -1.4039228995035928 -2.0825590744555256 -2.396973082116742 -2.144253272178428 -1.7183369071648094 -1.3142116119890963 -1.3532657371531358 -1.2182743045209123 -1.3552467435020363 -1.4401470155977745 -1.369679789758312 -1.1715791548682564 -1.1197899888898561 -0.9233873594417157 -0.6950056275041803 -0.4479458357055828 -0.37379959807530483 -0.44200281665888097 -0.5288840951035194 -0.39615666972718255 -0.3862516379826797 -0.5280350923825621 -0.666705536805601 -0.4751139227762189 -0.6364244397581209 -1.1568631077049951 -1.2935525457791335 -0.8082059902984977 -0.7632088460877566 -0.9536684564891955 -0.8619761626257985 -0.42247575407686133 -0.23682715909418084 -0.019199461622105396
0.0014596045878572106 1.007244828015367 0.5442553441866091 1.1498772851362071 1.5766426528707838 1.1575183096248236 -0.14909687792858461 -1.2556304242430372 -1.213463289102154 -1.6071175507193924 -2.180194387365624 -2.4450832363043267 -2.3140538163699045 -2.021147877639608 -1.693998829164031 -1.4370340056209308 -1.1851631984035746 -1.329776661873315 -1.339398692710832 -1.350152727176292 -1.2788364986158722 -1.1197899888898561 -0.9576304691869966 -0.5591651921509997 -0.30927539128254367 -0.34521650646973967 -0.42247575407686133 -0.6918926175273366 -0.9947035880021355 -0.901030287789838 -0.8082059902984977 -0.9644224909546557 -1.0034766161186952 -1.336568683640974 -1.4166579403179536 -0.6157653735481583 -0.11089175548550267 -0.18532099402276625 -0.39021365068048075 -0.4439838230077817 -0.05542357771628703 0.09400090117221183 -0.09136469290348304
0.30398757415567035 1.5197594705666386 0.8196152266837862 -0.0738186366703637 0.533501309721149 1.3176968229787827 0.37247379364623256 -1.2496874051963354 -1.570893434625211 -1.5290093003913137 -1.6059855470914495 -1.8589883579367488 -2.2495296095771438 -2.332731876230967 -2.074918049966909 -1.9254935710784102 -1.672490760233111 -1.5046712223905354 -1.483163153459615 -1.2417633798007333 -1.4441090282955755 -1.2106332800322959 -1.0484737603294363 -0.5017160080328833 0.063719804124732 -0.0797616557170655 -0.5571841858020989 -0.8042439776006967 -1.2573284296849518 -1.5134442505070949 -1.3892068523403316 -1.125733007936558 -0.9536684564891955 -1.3923198623171753 -0.8277330528805174 0.23465235194415124 0.4154899315080729 0.225030321106634 0.013911644495232078 -0.13239982441642306 0.2493683991074125 0.5442553441866091 0.2493683991074125
0.42228195327573204 1.9309597884169971 0.9084775114773254 -0.42445676042576164 -0.618878383525002 0.18003317689589293 0.7658450543564852 -0.20371605297684292 -1.1237520015876574 -1.7056018663504486 -1.70079085093169 -1.717487904443852 -2.0290719030352107 -2.3522589388129864 -2.2662266630893053 -2.1538753030159454 -2.15896931934169 -1.6860748037684288 -1.2397823734518327 -1.584477478160529 -1.8083311955862915 -1.533820315810072 -1.0875278854934758 -0.33559447563222244 0.3090815904814148 0.42114994964778907 -0.5220920733358607 -0.4439838230077817 -1.0085706324444395 -1.5026902160416347 -1.6538127003720484 -1.3883578496193743 -0.9126333249762555 -0.8863142406265767 -0.1471158715796843 0.2855925152015941 0.24540638640961143 -0.206546062046701 -0.44115381393792363 -0.03674551785522473 0.4466200312765105 0.8382932865448485 0.554160375931112
0.7669770579844286 1.9377518101846558 0.8957424706629644 -0.4371918012401226 -0.9205573503718576 -0.6316134243393625 -0.13239982441642306 0.3470037120175111 -0.2829563069328649 -1.4087339149223514 -2.054258983756946 -2.138310253131727 -1.8765344141698679 -1.5728744409741116 -1.7907851393531726 -2.1303862277361247 -2.2192485125296635 -2.074918049966909 -1.6294746223712702 -1.1412980578207765 -1.8904014586121718 -1.7155068980949513 -1.176390170287015 -0.4029486914948417 0.3481357156454541 0.7250929237505312 0.3871898408094938 -0.5300160987314628 -0.9165953376740565 -1.3110986020122526 -1.4947661906460326 -1.3003445675467924 -0.799432962181938 -0.28493731328176564 0.0883408830324961 -0.22126210920996225 -1.0368707231430188 -1.6422096631856309 -1.3747738060840562 -0.2546562162342858 0.5725554348851887 0.9778127336888445 0.8020691704506668
