static/data/ASCData/20210128/ASCU/15.asc
ncols 97
nrows 97
xllcorner 99.0
yllcorner 2.0
cellsize 0.25
NODATA_value -32767
[rows 57 to 75 of 97, columns 0 to 42 of 97]
-0.6141330654438888 -0.9655123770836351 -0.6883340524466202 0.6107209084127945 1.659481960215894 1.9054743627792963 2.0627481939263905 2.2883084406484615 2.416278258812593 2.6165671548888065 2.690768141891538 2.5665621419087046 2.32164511596853 1.968921583549748 1.746318622541554 0.9983941810864856 -0.007620649943301139 -0.6023039225883808 -0.43615823429965594 -0.13559046810743203 0.5870626227017786 0.5217334928406778 0.28837676560020364 -0.5232637407811236 -2.103260844458851 -3.9246800000512625 -4.989034012891167 -4.7322878440954845 -4.078727701328672 -3.698850909173384 -3.261441467675398 -3.277034428712204 -3.5926574676296195 -3.973340792252329 -3.6227680130800035 -2.322099987285747 -0.2821105330222462 -1.0426706498002436 -1.2136555328934944 -1.0300349744773147 -1.0682108446019083 -1.9040473250058652 -2.8511852859139193
-0.9469621303329523 -0.9733088576020381 -0.2751205849712641 0.7999871941009209 1.1260951550948093 1.3645599212956165 1.551944297893094 1.7882583108474455 2.133991895215245 2.38697424582963 2.497200349710499 2.498275726333727 2.3224516484359503 2.212225544555081 1.991504492637536 1.7033035576124345 0.8889746096730371 0.27574109027727456 0.055826570827150146 0.360695843512286 0.9572610252480147 1.043291155106254 0.16524614224059864 -0.6705903381633584 -1.5768639873887487 -3.0856173897776213 -3.9859764675752576 -3.776009181889992 -3.098521909256357 -2.5046451690786986 -2.077989493812993 -1.792745844501768 -2.078796026280414 -1.9059292340965142 -1.5876177536210285 -1.656979545819234 0.055826570827150146 0.0060904020028558215 -1.5467534419383648 -1.668808688674742 -2.3621577665009896 -3.196918870281719 -3.56039616893278
-1.113107818621677 -0.7017762602369699 -0.08961811746443571 0.19347477860033324 0.5198515837500288 0.7220223889168915 0.9172032460327721 1.3167056615619712 1.7229291809863447 2.0364014666573045 2.1729742978072597 2.218946648450256 2.2590044276654995 2.153617518589156 2.1466275705381737 1.8646100510966326 1.436878999207699 0.6935249084013497 0.5021078694667671 0.668253557755492 1.1438388693780714 1.3304167135081277 0.4953867655715922 0.15852503834542375 -0.7429094160754408 -1.7292986237313164 -2.6627255326932135 -2.867853623573953 -2.299517078197959 -1.6110071951762372 -1.3580248445618521 -1.0700927536925573 -0.83969331216596 -0.6697838056959373 -0.6939797797185672 -0.9372837407239003 -0.7214018836108811 -1.1316580653723598 -3.1998761559955957 -4.187340740274699 -4.845471233690231 -4.381715064923159 -4.710780311630924
-1.0582636108370493 -0.5396632342853502 -0.585635584928347 -0.45766576676421566 -0.3767436758663094 -0.17457287069944716 0.2932159604047295 0.7268615837214174 1.1486780641825973 1.4610749732303292 1.6390498043745616 1.7336829472186253 1.799012077079725 1.9525220900455214 1.9466075186177676 1.9210673238161027 1.5645799732160235 0.8459595447439177 0.8077836746193237 0.8567133109761973 0.931989674602157 1.0989418953583026 1.2855197394883593 0.9483891681063836 0.18863558379580736 -0.8055501043784714 -1.8416754808586417 -2.4100120262346354 -2.0435774418696973 -1.4617986887033534 -1.2996856627517337 -1.106117870570695 -0.8746430524208697 -0.9851380004575461 -1.0281530653866657 -1.8992081302013393 -3.120835974188338 -4.559421051911585 -6.348310064651349 -7.207804830766322 -6.273302545181197 -5.809277532258319 -5.276966103760462
-1.0319168835679635 -1.114989727712326 -1.4626052211707745 -1.5583137406380658 -1.4021152861141999 -0.9606731822791093 -0.46653762390584674 -0.05923872785824491 0.3399948435151474 0.6096455317895662 0.8811781291546343 1.0069971940723095 1.266969492737676 1.460268440762908 1.6428136225558596 1.6202307134680716 1.5567834926976198 1.1994896096301195 0.8459595447439177 1.0040399083584322 1.091951947307321 1.4610749732303292 1.6809894926804532 1.2855197394883593 0.614484726594092 -0.5232637407811236 -1.4166328705277778 -2.0847105977081677 -2.0064769483683316 -1.6002534289439574 -1.39136151988192 -1.2945776237914006 -1.9059292340965142 -2.1414367145834445 -3.2047153508001216 -4.7341697531861335 -6.726304947715988 -8.296623661784665 -8.997769220129314 -7.801412726788174 -6.80050593471872 -6.149096545198364 -5.5447348829442324
-1.1980625718566884 -2.155954298997022 -2.5670170132259225 -2.5398637534894153 -2.219401519767474 -1.7723136886604363 -1.38060775364964 -1.005570156298878 -0.6668265199820604 -0.3904547278124664 -0.046603052535315825 0.19643206431421012 0.4768365188209094 0.7521329343672751 1.0110298564094142 1.2521830641682916 1.2258363368992056 1.2804117005280267 0.9212359083698769 1.436878999207699 2.8948208561490496 2.829222882132142 1.9474140510851887 1.2855197394883593 0.654542505809335 -0.23425627328860044 -1.3160851562559606 -1.923672948379776 -1.8365674418983087 -1.9559342470766157 -1.91076842890104 -3.267356039103152 -4.149164870150106 -4.926393324588137 -6.619842662016417 -8.974379778574107 -10.389306570586337 -10.095459908289289 -8.7205908954923 -7.591445441102908 -7.008591311313337 -6.451008532169622 -5.804438337453792
-1.1765550393921285 -2.778059675534416 -3.3055319092277458 -3.1998761559955957 -2.886403870324636 -2.5643285716678523 -2.2653738704104707 -2.0056704159009104 -1.7408589224310174 -1.51045948090442 -1.248874117304211 -0.9410475589051983 -0.570042623891541 -0.2554949615973534 0.11550997341630387 0.48839681752061015 0.756972129171801 1.1145348563951085 1.4562357784258033 2.471928999064642 3.6037628950121032 3.497300609312532 2.521665167888936 1.2747659732560797 0.2071858305464902 -0.5896682472654518 -1.5056202860998942 -1.8024242341108199 -2.2987105457305383 -2.4979240651835237 -3.381614805321126 -6.236202051679831 -8.935397375982092 -9.98523380440842 -10.499801518623013 -11.636474609375 -10.90118584324286 -9.67256805120488 -8.557402492917452 -7.733126311213196 -7.119892791817434 -6.4929482204755145 -5.894232285493329
-0.6813441043956381 -2.899039545647565 -3.7781599351364483 -3.7467051689070296 -3.4802806105022945 -3.2340193637830845 -2.992866156024207 -2.8269893118912894 -2.6452506625657586 -2.4129693119485123 -2.181494493798687 -1.9871201691502276 -1.7556453510004022 -1.4195901562416549 -0.9216907796870943 -0.3748617667756604 0.13298484354375883 0.4983440512854691 1.029580103160097 1.7248110900769937 2.248250661433219 2.2571225185748505 1.4261252329754193 0.2972486227418347 -0.6023039225883808 -1.1276254030352548 -1.7048338055528796 -2.3903864028607247 -3.013298311865539 -3.1998761559955957 -4.892250116800648 -8.220540765691283 -10.774291401701959 -11.349349050973128 -11.156856635415316 -11.176482258789228 -10.582874362767376 -9.630628362898989 -8.428357298130093 -7.612146441100047 -7.030905376245317 -6.511498467226197 -6.007684519243883
-0.5047134940304403 -3.0759390001685696 -4.405104506478368 -4.264499012991308 -4.001838272767871 -3.808270480586832 -3.6423936364539142 -3.5095846234852575 -3.3590318962333385 -3.1961123378142977 -3.006577207970364 -2.754670233979207 -2.5369064677755384 -2.17853720808481 -1.7018765198390027 -1.1725223770550235 -0.6345652212852206 -0.33184670184654097 0.1407813240621616 0.7405726356675744 0.6467460252909318 0.23165064872492724 -0.6023039225883808 -1.2400022601625802 -1.245916831590334 -1.7682810263233313 -2.3659215846822876 -2.990984246933558 -3.407961532590212 -4.992797831072465 -7.386586194377975 -9.652942427830968 -11.159813921129192 -11.103356648409722 -11.111959661395549 -10.83666324584918 -10.218590531648893 -9.160957622704164 -8.239897544909388 -7.516437921632756 -6.900247116523117 -6.382453272438838 -6.059302597158826
-0.8211430654152774 -2.8455395586419723 -4.227398519489942 -4.206697519492803 -4.050499064968937 -4.1502402467733335 -4.028991532504378 -4.082760363665777 -3.951833259787769 -3.675461467618175 -3.544803207895974 -3.3415570261058836 -3.1853585715820176 -2.8092455976080277 -2.358125104163885 -1.8572684418954475 -1.4803489354540362 -1.227366584839651 -1.0631028056415754 -0.8972259615086575 -1.1539721303043406 -2.1021854678356227 -2.7721451041066616 -2.387429117146848 -2.188215597693862 -2.3885044937700757 -2.927537026163107 -3.891343324731195 -4.926393324588137 -7.132528467140363 -9.320113362941905 -11.00173355751468 -10.932371765316471 -10.966514973103962 -10.678582882234666 -10.26348750566866 -9.595409778488271 -8.760379830551734 -8.006540817668913 -7.3873927268453965 -6.835724519129437 -6.525209519172354 -6.249644259470181
-0.3141029875632788 -1.9196402860426711 -2.8062883118941504 -2.841506896304867 -3.4977554806297495 -3.65798659749072 -4.2908457402603934 -4.412900986996771 -4.418815558424525 -4.130614623399422 -3.999687519521415 -3.8424136883743207 -3.705840857224366 -3.5133484416665555 -3.0729817144546927 -2.8299465976051663 -2.5339491820616615 -2.6726727664580725 -2.7398838054098222 -2.8377430781235695 -3.381614805321126 -4.2408407272802915 -4.218526662348311 -3.7770845585132204 -2.694180298922632 -2.9520018443415434 -4.788745116814954 -6.738940623038918 -7.874807181323484 -9.130578233097971 -10.732082869240259 -10.590670843285778 -10.526148245892099 -10.444957310838385 -10.077985038161833 -9.714507739510772 -9.064173726613642 -8.45282211630853 -7.89040014236029 -7.305395259324262 -6.987083778848777 -6.677375311359115 -6.388367843866592
0.05286928511327327 -1.259627883536491 -1.7400523899635965 -1.5437961562244877 -2.204883935353896 -3.6023358572386717 -4.258584441563554 -4.597328077880372 -4.630664753200439 -4.487908506466923 -4.424461285696472 -4.3153105584388305 -4.2653055454587285 -4.080878454575128 -4.11206437664874 -3.8824714675895633 -3.9625870260200493 -4.2115367142973295 -4.488983883090151 -4.866978766154791 -5.439079129712082 -5.761423272524673 -5.725398155646535 -4.380639688299931 -3.300423870267413 -4.7341697531861335 -7.270176674913546 -9.428457557732125 -9.77015847976282 -10.31994477838813 -10.380703557600512 -10.251658362813153 -10.15514331087844 -10.052444843360167 -9.524166077199418 -9.124663661670219 -8.621925090311132 -8.345553298141539 -7.7799051943236135 -7.232269648944759 -6.9136893243134665 -6.7117873633024105 -6.429500999705063
-0.5670853381776642 -1.403997195204849 -1.3142032471653116 -1.1316580653723598 -1.6239117146549733 -3.02217016900717 -4.421503999982595 -4.799498883047233 -4.859182285636388 -4.879614441477719 -4.859182285636388 -4.82396370122567 -4.784981298633656 -4.862139571350264 -4.894400870047104 -5.045760129766444 -5.177493766111873 -5.503601727105762 -5.930526246527275 -6.433264817886361 -6.879546116525978 -7.0193450775456165 -6.740015999662146 -5.393375623224893 -5.531023830998075 -7.115053597012908 -9.080842064273678 -10.21079405113049 -10.01830163557268 -10.09250262257541 -10.21079405113049 -10.129603116076776 -10.033088064142063 -9.658050466791302 -9.127620947384095 -8.521108531883508 -8.172686505957639 -8.014337298187316 -7.5261163112418075 -6.978211921707146 -6.76824463602188 -6.567149207478246 -6.54080248020916
-1.5612710263519427 -1.5631529354425917 -1.6940800393205997 -1.1276254030352548 -1.530085104278331 -3.135622402757723 -4.645182337614017 -5.200076675199661 -5.273202285579164 -5.430476116726258 -5.384503766083261 -5.3191746362221615 -5.34256407777737 -5.447144454386292 -5.619742402414385 -5.791802662130864 -6.018438285476163 -6.327877908810017 -6.938154142491903 -7.378789713859573 -7.6336539735646065 -7.355131428148557 -7.29759877880586 -7.7742594670516665 -8.379696505929026 -9.076809401936572 -9.969371999215806 -9.868824284943988 -9.905118245977933 -10.118849349844496 -9.945982557660596 -9.783062999241556 -9.474429908375122 -9.119017934398272 -8.648271817580216 -7.953847363130741 -7.634460506032028 -7.277166622964527 -6.8816968697724334 -6.740015999662146 -6.556395441245966 -6.472516064634183 -6.477355259438708
-2.1188538054956565 -2.5387883768661874 -1.9763664029179475 -1.3268389224882404 -1.4139444289697078 -3.14126813002967 -5.20195858429031 -5.755508701096918 -5.728355441360412 -5.875682038742647 -5.9098252465301355 -5.7947599478447405 -5.763305181615322 -5.911975999776592 -6.1060814802692445 -6.299649272450283 -6.597528597084437 -6.9136893243134665 -7.4656263761852335 -7.775065999519088 -7.77130218133779 -7.513480635918879 -7.57880976577998 -8.219465389068056 -9.066055635704291 -9.619874596666708 -9.838713739493604 -10.016419726482031 -10.024216207000434 -9.870975038190444 -9.671761518737458 -9.428457557732125 -9.073852116222696 -8.551487921489699 -8.008422726759562 -7.520201739814054 -6.965576246384217 -6.4410612984047635 -6.505583895798443 -6.456654259441569 -6.3542246360791035 -6.257440739988584 -6.375732168543664
-3.716594623456646 -3.0291601170581517 -2.836667701500341 -2.6734792989254936 -2.4049039872743023 -3.7604162208531866 -5.90498605172561 -6.462568830869324 -6.45477235035092 -6.4098753763311525 -6.134578960784786 -6.123825194552506 -6.082692038714035 -6.231094012719499 -6.42170451918666 -6.596453220461209 -6.895139077562783 -7.249744519072213 -7.5750459475986816 -7.82507101249919 -7.7780232852329645 -7.612146441100047 -7.740922791731599 -8.270276934515579 -8.979218973378632 -9.562341947324011 -9.846510220012007 -9.966683557657735 -9.735208739507911 -9.633585648612865 -9.370924908389428 -9.007447609738367 -8.578910025382012 -8.088538285190047 -7.643332363173659 -7.280930441145825 -6.498862791903268 -5.857131791991964 -5.857131791991964 -5.916815194581117 -5.958754882887009 -6.039676973784916 -6.199101558178466
-5.858207168615192 -3.388335909216301 -2.843388805395516 -2.7224089352823673 -2.8474214677326213 -4.74788080513229 -7.039777233386948 -7.128764648959065 -6.676568778891694 -6.894332545095362 -6.481119077620006 -6.335674389328421 -6.255558830897935 -6.347503532183929 -6.568224584101474 -6.776041116540283 -6.901053648990537 -7.158875194409449 -7.4430434670974455 -7.50353340215402 -7.5524630385108935 -7.532837415136982 -7.826952921589839 -8.39717137605648 -9.0241159473984 -9.55347009018238 -9.738166025221787 -9.610196207057657 -9.405068116176917 -9.226286752565263 -8.984058168183157 -8.820063233140889 -8.6705858825122 -8.246887492960369 -7.519395207346633 -6.775234584072862 -5.933483532241151 -5.1823329609163995 -4.994948584318921 -5.317023882975705 -5.507634389442867 -5.614096675142438 -5.786963467326338
-6.7986240256280706 -4.340581909084689 -2.335811039231904 -1.8102207146292228 -2.1021854678356227 -4.201051792220857 -7.128764648959065 -7.997668960527283 -7.4930484800775465 -7.229312363230882 -6.860995869775294 -6.505583895798443 -6.456654259441569 -6.413908038668257 -6.521176856835249 -6.65990044123166 -6.82201346718328 -6.948101376256762 -7.226355077517005 -7.216676687907953 -7.377714337236345 -7.450839947615848 -7.834749402108241 -8.39636484358906 -8.917653661698829 -9.342427427873886 -9.469590713570597 -9.36017114215715 -9.052613427913943 -8.691286882509338 -8.609020570832396 -8.6130532331695 -8.411957804625867 -7.828834830680488 -7.054563661956333 -6.2711517919347415 -5.486933389445728 -4.776109441492025 -4.625825558395913 -4.992797831072465 -5.168621908970242 -5.2390590777916755 -5.428594207635609
-6.920679272364448 -5.811159441348968 -3.808270480586832 -2.348446714554833 -2.051642766543907 -2.529916519724557 -5.051405857038391 -7.523159025527931 -7.588756999544838 -7.258616376213845 -7.397339960610256 -6.848360194452366 -6.438104012690887 -6.452890441260271 -6.471440688010954 -6.536769817872055 -6.651028584090029 -6.751576298361846 -6.853199389256892 -6.901053648990537 -7.066123960656034 -7.351367609967259 -7.740116259264179 -8.261405077373947 -8.761455207174963 -8.989972739610913 -9.064173726613642 -8.853399908460958 -8.568962791617153 -8.264362363087823 -8.110045817654608 -8.081817181294873 -7.9186287787200245 -7.407824882686729 -6.612046181498014 -5.772177038756952 -4.919672220692962 -4.401071844141263 -4.391393454532211 -4.740890857081308 -4.95300889601303 -5.0465666622338645 -5.215669636236466
