static/data/ASCData/20210128/ASCU/18.asc
ncols 97
nrows 97
xllcorner 99.0
yllcorner 2.0
cellsize 0.25
NODATA_value -32767
[rows 57 to 75 of 97, columns 0 to 42 of 97]
-0.16396430663168404 -0.5758824015704933 0.4367849699732327 2.006037203819158 2.7132340431024193 2.6886038889720574 2.633115265873771 2.422201877056305 2.3752064105546955 2.4046493534231743 2.7882569263730614 2.965197688803822 3.3918372551768705 2.6789783114958245 1.6934890410614631 0.7784929703795167 -0.4861380468656118 -1.060275432800942 -0.8405857821669103 -0.17642093630680922 0.6644015667641625 -0.46462205015403146 -2.5604499929938984 -3.8689623193218554 -4.129702226839823 -3.520176688418341 -2.883473048887494 -2.3551987085742168 -2.162970264269439 -1.9118559342277042 -1.644321501432395 -2.185335576640687 -3.106276856940307 -3.9323778885770397 -3.7118389222833406 -2.3719019165476807 0.139807594309445 -1.095380480067205 -1.226458196875912 -1.099343953145654 -0.8932433530663046 -1.4198190620602467 -2.3503859198361
-0.43149873942699335 -0.4850056259860551 0.7286664516790147 2.1495715503029906 2.516759020499304 2.4776905001545915 2.0988957159428203 1.9055348507584862 2.111635450837835 2.2472428511647697 2.548183699907007 2.8576177052459197 3.1936636012544195 3.03823883553524 2.0762472983516833 1.104630183691894 -0.12178162886819077 -0.5594622988169187 -0.4558457883374656 -0.1277268384858643 0.908438266308667 0.06648334235813813 -1.437371585693378 -2.7614546991152418 -3.2418842572672415 -2.6012171446579453 -1.783043059178111 -1.4764401060380898 -1.3807505417155348 -1.2692070850791837 -1.1590791545422785 -1.356120387585173 -2.228367570063848 -2.115974797767829 -1.8923216740553483 -1.7906869001151198 0.6799723538580693 0.2015245322452941 -1.4274629029972554 -1.6451708170920627 -2.2447876728174223 -2.772212697471032 -3.2682130427169387
-0.7596176892785946 0.04213629344766545 1.1966393801558892 1.6348862605443957 1.9924481532644753 1.7922927628027994 1.427087029145711 1.4075527689733551 1.6329045240051707 1.9533796329197637 2.148722234643323 2.4983571812065044 2.720877884039428 2.5725307488174796 2.434658506731431 1.4757811269666563 0.3224104611379892 -0.13735241596209757 -0.07506926758646992 -0.33071328114643217 0.9005113201517689 1.103780868032226 -0.4099827427154126 -1.85919836332831 -2.3249064500460705 -1.7391617500952825 -0.9744945511745096 -0.4598092614159146 -0.16085014921290242 -0.03288658982297665 -0.3219370193298663 -0.5184120419329825 -0.7819830016498428 -0.6843117007880632 -0.864932831077383 -1.0036543888230989 0.4846297521345102 -0.40516995397729616 -2.8132629543549683 -4.280031098600997 -4.844542907060094 -4.2126520562673635 -4.681474300403906
-0.9793073399126264 0.32722324987610607 1.0559360858709486 1.1966393801558892 0.9259907899417983 0.7247029786005657 0.8254884368811264 0.8586117476081649 1.008091303709671 1.3633883546706373 1.606575738555474 1.8557083320579837 2.0782290348909074 2.2492245877039947 2.111635450837835 1.9952792054633672 0.8829587965186372 0.5101092219245396 0.3948853974296287 -0.2732429215089214 0.7844381799971902 1.1456804405758296 -0.11979989232896626 -1.570997249481088 -1.6307324508777126 -1.0837731660517471 -0.4901015199440608 0.33231914383411176 0.7034700871088742 0.9191962646644569 0.5774882642581733 0.3498716674672435 0.08601760253049395 -0.38648500946460773 -0.6316541298886689 -1.6355452396158292 -1.6559288154478529 -3.550468946946487 -6.0358496723539155 -7.403247884418829 -6.405018879089454 -5.773128028296723 -5.540698642767676
-1.1200106341975666 -0.1257451019466398 0.19359758608839606 -0.0846948450627032 -0.25172692479734105 -0.07506926758646992 0.05091255526423133 0.16415464321991768 0.30797209492363953 0.496237066149968 0.8917350583352031 1.0587671380698405 1.2923289444784443 1.5343839074837238 1.8381558084248528 1.8174891273729399 1.715005037773044 1.4327491335434948 0.7697167085629508 0.13018201683321173 0.9494885231926031 1.1349224422200397 -0.0994163164969426 -1.0526315918639333 -0.960622395399938 -0.7548049005404778 -0.22822919154653576 0.4650954919621544 0.5803193164570652 0.9016437410313256 0.7346116612966882 0.4670772285013789 -0.20784561571451254 -0.6695902293538238 -2.418614277829401 -4.048734133951507 -5.847301595907698 -7.695978681784279 -8.947020648474725 -8.028061104714329 -6.99104668426013 -6.469566869224195 -6.226379485339358
-1.0466863822462598 -1.0280014377335716 -1.4226501142591388 -1.4305770604160368 -1.1120836880406686 -0.8640835154177156 -0.7262112733316672 -0.6061746600986395 -0.5017088339595186 -0.41960832019164584 0.012976455799076358 0.1553783814033518 0.362611402362258 0.5831503686559576 0.9387305248368127 1.4163290307899201 1.7305758248669507 1.8995896411408122 1.222968165605586 0.912401739387116 1.7305758248669507 1.3820732991833253 0.3331684594937796 -0.5554988257384696 -0.6619463884168151 -0.41479553145352943 -0.13650310030242974 0.36940592763959934 0.6329768873564596 0.37025524329926673 0.24625515698779044 -0.918722822856334 -1.8679746251448757 -3.259436780900373 -5.669794623037159 -8.300691431467644 -9.639496016323747 -9.698098796840815 -8.77913925308042 -7.897266493125511 -7.384562939906141 -7.040873202960633 -6.75267208911341
-0.8453985709050271 -2.012358287288376 -2.5329887866646446 -2.2487511458958713 -1.8543855745901934 -1.5797735112976536 -1.3971706444691094 -1.349325862307832 -1.3719742798989691 -1.349325862307832 -1.0710334311567324 -0.922686295934783 -0.6375993395063424 -0.34656717346022825 0.017789244537192772 0.46396307108259727 0.9180638437849002 1.4661555494904226 1.4737993904274314 0.9885570435373148 0.7932144418137557 0.28136020425405306 -0.37091422237070093 -0.9099465610397686 -0.9705310780960605 -0.4382932647043343 -0.12093231320852293 0.14773454046634305 -0.2154894566515213 -0.6599646518775906 -1.383581593914427 -3.8865148429549867 -6.786927820720006 -8.609276121146891 -9.737167317185527 -10.942063133034031 -10.229204189352984 -9.326098537906386 -8.520381082101675 -7.871787023335482 -7.395320938261931 -7.093530773860027 -6.853174442174082
-0.466603786693256 -2.134659742280517 -2.957929721718358 -2.8064684290776274 -2.435317485802865 -2.135509057940185 -1.9840477652994544 -2.1151254821081613 -2.22044062390695 -2.0904953279777994 -1.7986138462720178 -1.6471525536312872 -1.425481166458031 -1.2301385647344718 -0.9410881352275822 -0.4598092614159146 0.07044681543658715 0.4659448076218218 0.5970225244305292 -0.016466487069402458 -0.6149509219152054 -1.3436637579100474 -2.144285319756751 -2.338778605820642 -1.7009425454102383 -0.6492066535218002 -0.3259004924083153 -1.155964997123497 -1.1443576831080393 -1.441051953551938 -3.1999846847236375 -6.50750296868935 -9.49794340637914 -10.745021899991137 -10.727186271138116 -10.52703088067644 -9.873907138392019 -9.130755936182826 -8.102234672325304 -7.481101819888364 -7.20082765219804 -7.102307035676593 -6.878653911964111
0.23747889517122456 -2.128714532662844 -3.4420396477289175 -3.239902520728017 -2.824870268370426 -2.5358198388635365 -2.454851745975221 -2.6238655622490827 -2.7555094894975682 -2.772212697471032 -2.561299308653566 -2.2750799313455685 -1.9871619227182358 -1.909024882028812 -1.8297554204598316 -1.6921662835936726 -1.2057915158239991 -0.9705310780960605 -0.7771702129117259 -1.244860036168711 -2.1666506321279986 -2.978313297550381 -3.286897987229627 -2.874696787070928 -1.6814082852378822 -1.1627595224008385 -1.2819468199741983 -1.4430336900911624 -1.7770978495604373 -3.5281036345752392 -6.085676191054418 -8.803486301990892 -10.737944269493905 -10.828821045078344 -10.824008256340228 -10.398218005626847 -9.612034809994494 -8.54472813101215 -7.705887364480401 -7.257731801395773 -7.087585564242353 -6.954809216114311 -6.715585305307924
0.4220634985389933 -1.8456093127736277 -3.2350897319899006 -3.252642255623032 -2.929336094509547 -2.8551625268985723 -2.8092994812765193 -3.1159024344165402 -3.301619458663866 -3.333893453731237 -3.210742683079428 -3.0134183448166443 -2.991902348105064 -2.9256557266509873 -2.9967151368431804 -2.8591259999770213 -2.633491139725316 -2.4245594874470746 -2.335664448401861 -2.887436521965943 -3.6492726686878236 -4.063172500165858 -4.161976221907194 -2.927637463190212 -1.7252895943207107 -1.5817552478368782 -1.8240933160620472 -2.580833568825922 -3.7098571857441156 -6.078881665777077 -8.691093529694873 -10.799661207429756 -10.977451285520182 -11.095506162213987 -10.69321364475141 -10.016309063996294 -8.994016114976334 -8.007677528882306 -7.340681630823313 -7.010580944432487 -6.867046597948654 -6.812407290510036 -6.604324953891462
0.3909219243511797 -1.5398556752932742 -2.089646012318132 -2.1541940024528734 -2.550541310297776 -2.530157734465752 -3.2008340003833053 -3.5994461499873216 -3.858204320966065 -3.8191358006213534 -3.7840307533550903 -3.7242955519584657 -3.816304748422461 -4.230204579900495 -4.3043781475114695 -4.1169624919448085 -3.89614042043122 -3.816304748422461 -3.84546458607105 -4.380533451661669 -4.669583881168559 -5.027995089548306 -4.7918853361607 -3.552450683485712 -2.2371438318804135 -2.189299049719136 -3.839519376453377 -5.712543511240431 -6.995859472998248 -8.575869705199963 -10.611962446643204 -10.807305048366764 -10.984245810797525 -10.863926092344606 -10.336784172910887 -9.491998196761465 -8.418746308161449 -7.591512855645158 -7.103439456556149 -6.791740609458122 -6.737101302019504 -6.677649205842768 -6.417758613984468
0.139807594309445 -1.2751522946968572 -1.5582575145860733 -1.17663167817541 -1.5809059321772105 -2.7204044422313056 -3.4120304944206605 -4.035994399056493 -4.316268566746817 -4.333821090379948 -4.476223015984224 -4.475373700324556 -4.667885249849223 -5.072159503851024 -5.1149083920542955 -4.932305525225751 -4.9206982112102935 -4.938250734843424 -5.145200650582442 -5.537867590568784 -5.682534357932173 -5.666680465618377 -5.4334017644296635 -4.3043781475114695 -2.9967151368431804 -4.2313370007800515 -6.568087485745641 -8.709778474207562 -9.274290282666659 -10.177395934113258 -10.55647382354492 -10.758610950545819 -10.643387126050907 -10.500702095226742 -9.78303036280758 -8.931449861380818 -7.87971396949238 -7.2398961725427515 -6.786927820720006 -6.5612929604683 -6.501840864291565 -6.328014259279587 -6.068123667421286
-0.5467225639219042 -1.3680108068205201 -1.387545066992876 -0.9410881352275822 -1.2751522946968572 -2.4149339099708413 -3.8610353731649574 -4.5144422206692685 -4.883611427404806 -5.050643507139443 -5.194177853623276 -5.159072806357013 -5.287885681406607 -5.277127683050816 -5.320159676473978 -5.572972637835047 -5.617986367797433 -5.924589320937454 -6.267429742223294 -6.414927561785576 -6.392279144194438 -6.3376398367558195 -6.6501879995135145 -5.5211643825953205 -5.403958821561185 -6.805329660012805 -8.5985181227911 -9.775103416650683 -9.847578352942321 -10.232318346771766 -10.601487553507305 -10.601487553507305 -10.485980623792504 -9.932509918909087 -9.223331343086599 -8.327020216917342 -7.420800408051961 -6.863932440529872 -6.452863661250731 -6.2371374836951485 -6.1355027097549195 -5.960826789083273 -5.771146291757498
-1.3201660246592426 -1.3827322782547593 -1.360083860663622 -1.2137184619808974 -1.3923578557309926 -2.844404528542782 -4.4354558643201765 -5.188232644005602 -5.58288132053117 -5.855228542064596 -5.769447660438163 -5.614022894718984 -5.464543338617478 -5.417830977335757 -5.647146205446022 -5.974415839637956 -6.39907366947178 -6.811274869630479 -7.174498866748343 -6.867895913608322 -6.804480344353138 -7.011430260092154 -7.559238860577787 -8.140453877010348 -8.464609353783501 -8.837742033597488 -9.528235664907285 -9.543806452001192 -9.889477925485926 -10.400199742166071 -10.391423480349506 -10.308473650921965 -9.903066976040607 -9.33176064230417 -8.608143700267334 -7.63058137598987 -7.096361826058919 -6.5525166986517345 -6.102379399027882 -5.915813059120888 -5.824086967876782 -5.691310619748739 -5.507575332040638
-1.640358028353946 -1.882696096579115 -1.5438191483717232 -1.2731705581576327 -1.2389148265510375 -2.945189986823343 -5.324123149552426 -6.064160194342837 -6.1275757635980215 -6.3356581002165955 -6.290927475474099 -6.030187567956132 -5.789831236270187 -5.878726275315401 -6.183347491916197 -6.6354665280792755 -7.174498866748343 -7.4626999805955645 -7.591512855645158 -7.141375556021305 -7.093530773860027 -7.353421365718328 -7.834700239529995 -8.516417609023227 -9.108107518591689 -9.368847426109657 -9.416692208270934 -9.73999836938442 -10.115962101397297 -10.189286353348606 -10.09048263160727 -9.844464195523539 -9.39630863243891 -8.69222595057443 -7.894435440926619 -7.1501518178378705 -6.723512251464822 -6.191274438073095 -5.985173837993746 -5.792662288469079 -5.661867676880261 -5.5350365383698925 -5.452936024602019
-3.5164963205597815 -2.7702309609318077 -2.5358198388635365 -2.3132991360306128 -2.2000570480749264 -3.849428059149499 -6.190142017193539 -6.75663556219186 -6.789758872918898 -6.876672175424887 -6.5329824384793795 -6.374726620561307 -6.209676277365894 -6.388598776335879 -6.735119565480279 -7.156946343115211 -7.671631632873806 -7.89047196784817 -7.588681803446266 -7.2458413821604255 -7.251786591778099 -7.542818757824213 -7.999750582725408 -8.508490662866329 -8.982125695740987 -9.326947853566054 -9.518326982211164 -9.761514366096 -9.79378836116337 -9.911843237857173 -9.771139943572233 -9.380737845345003 -8.78989725143621 -8.108179881942977 -7.4706269267524625 -6.8973388564768 -6.483155919778877 -6.173721914439964 -5.986023153653413 -5.753593768124367 -5.620817419996325 -5.570990901295822 -5.537867590568784
-5.311383414657412 -3.074852177532604 -2.468440796529903 -2.2946141915179243 -2.4947695819796003 -4.575876053385228 -7.069183724949554 -7.286042323384694 -6.884599121581785 -7.2398961725427515 -6.926498694125389 -6.736251986359836 -6.526187913202038 -6.5584619082694084 -6.898188172136468 -7.378617730288467 -7.663987791936798 -7.631713796869427 -7.391357465183482 -7.21158565055383 -7.292836848662035 -7.478270767689471 -7.918782489837092 -8.401193784528317 -8.813394984687015 -9.153970564213742 -9.277121334865551 -9.273157861787102 -9.537011926723851 -9.861167403497003 -9.763496102635223 -9.314208118671038 -8.696189423652879 -8.055522311043584 -7.4646817171347895 -6.892242962518795 -6.388598776335879 -5.986023153653413 -5.731228455753119 -5.772278712637055 -5.807383759903319 -5.777091501375172 -5.708863143381871
-5.879575590975068 -3.635400512913252 -1.974422187823221 -1.5115451533043527 -1.8357006300775052 -3.958706674026737 -6.808443817431586 -7.751750410102455 -7.501768500940277 -7.4440150360828765 -7.20790528269527 -6.859119651791756 -6.7379506176791715 -6.662927734408529 -6.857137915252531 -7.132599294204739 -7.3602158909956685 -7.318033213232176 -7.21866328105106 -7.024169994987169 -7.205923546156046 -7.398151990460823 -7.767321197196361 -8.20500186714509 -8.53000665957791 -8.800655249792001 -8.866901871246077 -9.047523001535396 -9.481240198405676 -9.6932860081027 -9.600427495979035 -9.094518468037005 -8.449887882349262 -7.910855543680194 -7.4646817171347895 -7.0524805169760905 -6.4460691359733895 -5.948936369847926 -5.8229545469972255 -5.9480870541882584 -6.010653307783775 -5.950068790727483 -5.826068704416006
-6.312160366965791 -5.352433671541348 -3.597464413448097 -2.025098022183391 -2.0573720172507612 -2.396248965458153 -4.486131698680346 -6.794571661657015 -7.182425812905241 -7.1628915527328845 -7.544800494363438 -7.049649464777199 -6.6541514725919635 -6.647356947314622 -6.75663556219186 -6.963585477930877 -7.1560970274555435 -7.193183811261031 -7.084754512043461 -6.890544331199459 -7.00944852355293 -7.199129020878704 -7.5221520767723 -7.897266493125511 -8.259641174583708 -8.720536472563353 -8.907102812470345 -8.984107432280211 -9.069038998246977 -9.126792463104376 -8.967687329526637 -8.54755918321104 -8.231330652594787 -7.810353190619522 -7.431558406407751 -6.972361739747442 -6.298571316411108 -5.870799329158503 -5.858059594263487 -6.052552880327379 -6.102379399027882 -5.96167610474294 -5.811347232981767
