static/data/seaWind_vo/2023/7/17/0.asc
ncols 137
nrows 93
xllcorner 108.0
yllcorner 17.0
cellsize 0.25
NODATA_value -32767
[rows 57 to 75 of 93, columns 43 to 85 of 137]
-0.5584660405040003 -0.8769670971080261 -1.2977799456379264 -2.5477631426453473 -4.200765833065125 -3.3760438233669903 -0.5833767376685608 0.7502352283913138 1.292932559476386 1.2902635562087545 0.8774577174817488 0.8107326357909612 1.7199730822974266 2.7146216333681004 2.769781034232485 2.5180050593192465 2.565157450380736 2.9005621943464286 2.9601699339901986 2.973514950328356 2.9423765788726555 3.152338169259667 3.491301584248868 4.233284492650426 5.369390216905569 6.5989110555278145 7.726120102224186 8.726996327586 9.612215744683782 10.263452541985869 10.336405297967797 10.532132204260774 10.888888974367518 11.213617705262685 11.380875243367592 10.896006316414535 10.260783538718238 9.815059993023777 9.385350466935105 8.907598882029065 8.41027460649373 7.987682422452075 7.740354786318221
-0.7746553051821521 -1.5273142266542359 -2.931209945428407 -4.381368387508191 -5.124240963665626 -3.8724784311464506 -0.8947604522255697 1.2698011978235797 2.0918542042540826 2.278684432988288 1.8311815517820726 0.8916924015757834 1.5180185017133097 2.8098160832469574 3.571371682277813 3.516212281413429 3.519770952436937 3.566923343498427 3.501977597319394 3.259098299964927 3.0811647487894938 2.8534098032849387 3.0687094002072133 3.82670632821456 5.138076600377506 6.3498040838822085 7.369363332117443 8.318638827638381 9.150478179383532 9.827515341606057 10.009897231560876 10.218969154192012 10.587291605125158 11.065932857787075 11.29991547758277 10.903123658461553 10.186051447224555 9.70385152353913 9.269693658671073 8.815963103173717 8.419171284052501 8.037503816781195 7.783948506356202
-1.1598814434769658 -2.7977597820468314 -4.171406797121179 -5.200752390671061 -5.6064408873510505 -4.526384231716168 -1.8306909314083506 0.6621581205594742 2.5989648251040687 2.9121278751728314 1.9726387249665422 0.7902702774057864 1.3730026575053311 2.929921230290375 3.7590915787678956 4.120296687654026 4.133641703992183 3.916562771558154 3.7724365951060532 3.5437919818456205 3.163014182330193 2.9165762139522173 3.0704887357189676 3.8605137029378924 5.137186932621628 6.156746180856863 7.149615396415783 7.893377640329094 8.68340260754802 9.39958515102914 9.80794265097676 10.016124905852017 10.299039252220956 10.75010080445068 10.783018511418135 10.416475395996741 9.883564410226318 9.681609829642202 9.267914323159319 8.902260875493802 8.486786033499165 8.178071322209789 7.919178005249533
-1.8404772767229987 -3.4116305336020774 -4.487238850457574 -5.480997733772369 -5.150041328586063 -4.1037920476745136 -1.7043581100737923 0.6443647654419307 2.538467417704421 2.315160810979252 1.271580533335334 0.27248364348527465 1.139020037709636 2.7377529950209065 3.937025129943329 4.303568245364723 4.202146121194725 3.996632869587099 3.86763104498491 3.7137185232181595 3.340947733505627 3.231518599532735 3.4281351735815893 4.274209209420776 5.303554802970659 6.252830298491597 6.939653806028771 7.6825263821862055 8.367570554211625 9.093539443007394 9.663816474524658 9.92093045597316 10.195837792539205 10.270569884032886 10.262562874229992 9.93961347884658 9.68872717168922 9.536593985434223 9.423606180437822 9.06329073930757 8.715430646759597 8.416502280784869 8.109566905007247
-2.54687347488947 -3.4160788723814632 -4.495245860260468 -4.341333338493717 -3.8626920858318017 -2.776407755905779 -1.1901301471767893 0.9513001412195536 1.387237341599366 1.1630410671183196 0.2929460018704493 -0.2782206974026922 0.783152935358769 2.442383300069687 3.6434347705038634 4.130972700724552 4.019764231239906 3.940583800966838 3.880976061323067 3.756422575500264 3.7235048685328085 3.61318606680404 4.107841339071745 4.995729759437159 5.7706303748061725 6.227919601327036 6.916522444375964 7.572207580457437 8.25280341370347 8.922723233878978 9.655809464721765 9.915592449437897 10.028580254434297 10.105091681439733 10.048152945063595 9.787480292591585 9.638016109604221 9.566842689134047 9.453854884137646 9.302611365638528 9.002793331907922 8.690519949595037 8.283052117403294
-2.825339482479024 -3.4160788723814632 -3.44543790832541 -3.24437299549717 -2.646516263547713 -1.6919027614915119 -0.7452962692382052 0.1105641119156302 0.5002385889898295 0.41038214564623554 -0.39209817015496995 -0.3004623912996216 0.8792370529935032 2.4699630005018793 3.2822296616177336 3.778664269397193 3.8436100155762265 3.8284856637263145 3.8480583543556124 3.963715162619644 3.953928817304995 4.349830968670335 4.944129029596283 5.709243299650647 6.0597723954662515 6.416529165572996 6.843569688394036 7.493916817940246 8.248355074924085 8.851549813408804 9.579298037716327 9.969862182546404 10.072173974472278 10.096195003880961 10.03391826096956 9.896019758808599 9.77947328278869 9.667375145548167 9.458303222917033 9.307949372173791 9.216313593318443 8.916495559587837 8.478779023696271
-2.371608926981668 -2.731924368111921 -2.7025653321679743 -2.4730310511516653 -1.9187680392401893 -1.438347451066519 -0.9009881265167099 -0.20615760917664172 0.08476374699519207 0.06697039187764897 -0.0878317976449785 0.16127517400062885 1.4228240518344526 2.5873991442776654 3.326713049411592 3.5793786920807076 3.686138822785968 3.709270184438774 3.936135462187452 4.151435059109726 4.490398474098928 4.973488065540229 5.4708123410755665 5.955681268028623 6.120269802865899 6.43699152395817 6.846238691661668 7.4280814040053365 8.243017068388822 8.776817721915123 9.436951196775981 9.904026768611494 10.166478756595259 10.205624137853853 10.199396463562714 10.107760684707365 9.956517166208247 9.7323208917272 9.521469633584312 9.373784786108702 9.29282502032388 9.05706306501643 8.662050581406968
-1.1812334696180176 -1.8360289379436128 -2.266628131788162 -2.117163948800798 -1.712365119876687 -1.3075662909525754 -0.5486796951893513 -0.08605246213322415 0.10878477640387585 0.011810991013264438 -0.1056251527625216 0.32764304434965896 1.8133881966645293 2.9788529568636193 3.591834040662988 3.751084568965001 3.671014470936056 3.6968148358564936 4.009977885925257 4.221718811824022 4.576696246419013 4.953025707155055 5.351596861788026 5.666539247368544 6.033082362789937 6.426315510887644 6.823107330008861 7.343562967197004 8.002806774301986 8.516145069443112 9.33019106607072 10.057939290378243 10.339074301235428 10.355088320841217 10.338184633479552 10.400461376390952 10.203844802342099 9.96185517274351 9.842639693455968 9.723424214168428 9.429833854728964 9.114001801392568 8.750127689238807
0.5669636706806171 -0.59939075727435 -1.46325814823108 -1.7346068137736164 -1.5148588780719554 -1.109170381391967 -0.2702136875997976 -0.22128196102655373 -0.44280923223996815 -0.6207427834154018 -0.4445885677517225 0.5322666282014077 2.2066213447622376 3.4743978968872016 4.009977885925257 3.948590810769732 3.704821845659388 3.8240373249469286 4.094496322733588 4.2128221342652505 4.32314093599402 4.491288141854804 4.774202488223744 5.227043375965222 5.819562101379416 6.251940630735719 6.627380423715884 7.09356632779552 7.708326747106643 8.288390123938557 9.363108773038176 10.171816763130522 10.446724099696565 10.468076125837618 10.58996060839279 10.79725319551217 10.575725924298755 10.279466561591658 10.215410483168503 10.141568059430698 9.74833491133299 9.142471169580638 8.773259050891614
2.764443027697222 1.3107259145939294 0.03761135593370213 -0.9419128432870596 -1.250627554576437 -1.1812334696180176 -0.5299966723159306 -0.36896680850216335 -0.22928897082944788 -0.04245874209524292 0.6390267589066678 1.8747752718200539 3.0865027553247564 3.86763104498491 4.173676753006656 3.985956856516573 3.7724365951060532 3.891652074393593 3.9121144327787682 4.014426224704643 4.086489312930693 4.2475191767444604 4.5669099011043635 4.961032716957949 5.617607520795299 6.138952825739319 6.562434677536851 7.0739936371662235 7.705657743839012 8.200313016106717 9.178057879815725 9.989434873175702 10.332846626944288 10.47074512910525 10.81593621838559 11.053477509204795 10.896895984170413 10.601526289219192 10.422703070287882 10.166478756595259 9.705630859050885 9.017028016001957 8.690519949595037
4.308906251899986 3.163014182330193 2.3285058273174095 1.4610797653371708 0.2182139103767673 -0.6127357736125072 -0.6225221189271561 -0.367187472990409 -0.1020664817390129 0.3792437741905348 1.0527222653895507 2.721738975415118 3.5882753696394794 4.0277712410428 3.9423631364785923 3.7759952661295615 3.784002275932456 3.8391616767968406 3.7493052334532466 3.7493052334532466 3.794678289002982 3.9468114752579777 4.304457913120599 4.85071391522918 5.6007038334336325 6.043758375860462 6.4343225206905394 6.966343838705086 7.710995750374275 8.313300821103118 9.051725058481168 9.655809464721765 10.092636332857452 10.627326654139631 11.146892623571897 11.395109927461627 11.216286708530316 10.833729573503133 10.330177623676656 9.958296501720001 9.51880063031668 8.910267885296697 8.630912209951266
5.592696823630739 5.117614241992331 4.37029332705551 3.880976061323067 2.744870337067924 1.1043229952304265 -0.34761478236111154 -0.33960777255821695 -0.029113725757085263 0.497569585722198 1.4432864102196274 3.1603451790625616 3.8845347323465758 3.770657259594299 3.6914768293212306 3.680800816250705 3.757312243256141 3.656779786842021 3.507315603854657 3.566923343498427 3.792898953491228 3.9930741985635905 4.218160140800514 4.672780364053747 5.405866594896533 6.017068343184148 6.462791888878609 7.098904334330783 7.746582460609362 8.533048756804778 9.033042035607746 9.5881947152751 10.21630015092438 10.810598211850328 11.571264143125306 11.857737160517754 11.557919126787148 10.958283059325938 10.409358053949724 9.746555575821235 9.250120968041776 8.751017356994684 8.528600418025393
6.9583368289021905 6.477026572972644 6.08557276038669 5.248395402106274 4.43612874099042 3.2573189644531726 1.3151742533733153 0.0580737143188772 0.09366042455396384 0.7973876194528036 1.679938033282954 3.1808075374477363 3.7697675918384217 3.6336484251892145 3.5001982618076397 3.614965402315794 3.7866712792000876 3.699483839124125 3.5224399557045687 3.6167447378275486 3.8587343674261385 4.010867553681134 4.138979710527446 4.4325700699669115 5.042882150498649 5.729705658035822 6.6442841110775515 7.221678484641833 7.853342591314622 8.659381578139335 9.211865254539058 9.741217569285972 10.381778353517532 11.00098711160804 11.803467427409247 12.12908582606029 11.839054137644334 11.141554617036634 10.41736506375262 9.568622024645801 8.997455325372659 8.589987493180917 8.419171284052501
8.002806774301986 7.448543762390511 6.609587068598341 5.958350271296254 5.344479519741009 4.666552689762606 2.961949269501953 1.5322531858073443 1.1674894058977054 0.5295976249337762 1.3783406640405942 2.751098011359064 3.481515238934219 3.348954743308521 3.4414801899197465 3.630089754165706 4.059799280254378 4.077592635371921 4.051792270451484 4.230615489382794 4.427232063431648 4.348051633158581 4.4076593728023505 4.658545679959712 5.169214971833206 5.8106654238206445 6.546420657931062 7.211892139327183 7.789286512891465 8.581090815622145 9.274141997450458 9.950289491917106 10.56149124020472 10.990311098537514 11.642437563595479 12.231397617986165 11.994745994922837 11.236749066915491 10.481421142175774 9.622891757754308 8.960978947381696 8.59532549971618 8.269707101065137
8.450309655508201 8.162946970359876 7.307976256961918 6.08557276038669 5.372059220173201 4.884521289952513 3.9610461593520125 2.4601766551872304 1.2279868132973528 0.5331562959572849 0.9050374179139409 2.3436301791673215 3.2244012574857175 3.2991333489793995 3.444149193187378 3.981508517737187 4.43612874099042 4.732388103697517 4.918328664675846 5.190566997974258 5.299106464191273 5.207470685335925 5.2608507506885545 5.5606687844191605 5.963688277831517 6.407632488014224 6.9538884901228055 7.179864100115605 7.758148141435765 8.370239557479257 9.095318778519148 10.010786899316754 10.440496425405426 10.835508909014887 11.484966370805221 12.093499115825203 12.0312223729138 11.288349796756366 10.483200477687529 9.759900592159392 9.092649775251516 8.521483075978376 8.13625693768356
8.778597057426877 8.596215167472057 7.936081692611198 6.69766417643018 5.372059220173201 4.5677995688602415 3.8293753314821917 2.8809895037171307 1.652358332850762 1.154144389559548 1.4948871400605033 2.5829508054982795 3.216394247682823 3.3792034470083445 3.896100413172979 4.462818773666735 4.97971573983137 5.35337619729978 5.644297553471614 6.090021099166075 6.247492291956334 6.274182324632649 6.3444660773469455 6.600690391039569 6.920970783155349 7.259934198144551 7.380929012943845 7.550855554316385 7.662064023801031 8.122022253589526 8.908488549784943 9.976089856837545 10.320391278362008 10.960062394837692 11.565926136590043 11.819481447015036 11.747418358788986 11.259880428568296 10.302597923244464 9.653140461454132 9.121119143439586 8.552621447434076 7.901384650131989
9.05706306501643 8.973434295963976 8.40671593547022 7.30708658920604 5.905859873699502 4.672780364053747 3.947701143013855 3.247532619138524 2.744870337067924 2.496653033178194 2.608751170418717 3.1336551463862463 3.439700854407992 3.796457624514736 4.324920271505774 4.860500260543829 5.358714203835043 5.894294192873098 6.242154285421071 6.746595903003424 6.951219486855173 6.9832475260667515 7.032179252639995 7.245699514050516 7.66562269482454 7.989461757963829 8.024158800443038 8.200313016106717 8.201202683862594 8.160277967092245 8.751017356994684 9.69139617495685 10.086408658566313 10.861309273935326 11.348847204156014 11.443151986278993 11.371088898052943 11.061484519007688 10.06861530344877 9.387129802446859 8.847101474629419 8.257251752482857 7.578435254748577
9.462751561696418 9.2803696717416 8.812404432150208 7.898715646864357 6.569552019583869 5.1265109195511025 4.378300336858404 3.880976061323067 3.5927237084188652 3.445038860943255 3.406783147440537 3.5001982618076397 3.7332912138474574 4.123855358677535 4.615841627677608 5.167435636321452 5.732374661303454 6.253719966247473 6.656739459659832 6.9236397864229815 6.971681845240349 7.021503239569469 7.17541576133622 7.446764426878756 7.814197210056026 8.115794579298386 8.335542515000046 8.59532549971618 8.606001512786706 8.489455036766797 8.79639041254442 9.273252329694582 9.72965188845957 10.513449181387353 10.931593026649622 10.98853176302576 11.028566812040234 10.798142863268048 9.761679927671146 9.017028016001957 8.42539895834364 7.858680597849885 7.312424595741303
9.998331550734473 9.668264813304043 9.162933527965812 8.352446202361714 7.192319448697885 5.822231104647047 4.874734944637864 4.220829144068146 3.890762406637716 3.740408555894475 3.708380516682897 3.774215930617807 3.9388044654550836 4.322251268238142 4.749291791059183 5.245726398838643 5.7403816711063484 6.203898571918353 6.708340189500706 6.797306965088424 6.753713245050442 6.818658991229476 7.0384069269311365 7.326659279835338 7.560641899631033 7.731458108759449 8.056186839654616 8.292838462717942 8.354225537873468 8.36934988972338 8.717209982271351 8.866674165258717 9.409371496343788 10.251886861159466 10.62109897984849 10.565049911228229 10.562380907960597 10.366654001667621 9.378233124888087 8.569525134795741 7.925405679540672 7.396943032549634 7.012606562010697
