static/data/seaWind_vo/2023/7/17/18.asc
ncols 137
nrows 93
xllcorner 108.0
yllcorner 17.0
cellsize 0.25
NODATA_value -32767
[rows 19 to 37 of 93, columns 43 to 85 of 137]
-1.083370016471529 -0.8654014162816233 -0.8413803868729395 -0.9837272278132865 -1.0895976907626692 -0.896539787737324 -0.5184309914895278 -0.2817793684262009 -0.09672847520374983 0.06252205309826309 0.25291095285597676 0.5064662632809698 0.8009462904763123 1.0838606368452517 1.3863476738434888 1.6932830496211118 2.013563441736892 2.1674759635036422 2.263560081138376 2.129220250000924 1.9681903861871566 1.9121413175668949 2.1523516116537302 2.119433904686275 1.8480852391437388 1.457521094313662 1.2858152174293689 1.2262074777855985 1.318732924396824 1.5883022544276058 1.377450996284717 1.069625952751217 0.8463193460260479 0.8596643623642053 1.033149574760253 0.9637554898018341 0.8685610399229771 0.8080636325233297 0.7929392806734179 0.6826204789446491 0.46998988529000596 0.08832241801870078 1.0785226303099886
-1.0113069282454785 -0.7871106537644321 -0.6340877997535594 -0.6331981319976823 -0.7426272659705737 -0.9499198530899542 -0.8662910840375004 -0.6732331810121548 -0.4383608934605827 -0.22306129653830808 0.08209474372756054 0.42906516851965626 0.7795942643352602 1.0580602719248138 1.165710070385951 1.2199798034944584 1.2190901357385813 1.0242528972014815 0.7920496129175407 0.6354680878831591 0.608778055206844 0.7938289484292951 0.9424034636607821 0.9931145257457805 1.0287012359808674 1.2698011978235797 1.5794055768688342 1.743104443950233 1.8471955713878616 1.8774442750876854 1.461969433093048 1.1870620965270031 1.0109078808633238 0.8854647272846432 0.17462019033878606 -0.2034886059090102 -0.11007349154190749 0.7182071891797357 0.8436503427584163 0.45931387221947984 0.07141873065703486 0.2004205552592242 1.286704885185246
-1.2381722059941564 -1.093156361786178 -0.6171841123918931 -0.25064099697050013 -0.22128196102655373 -0.5264380012924219 -0.716826901050136 -0.562024711527509 -0.28266903618207806 0.03761135593370213 0.30629101820860694 0.43707217832255063 0.5927640356010551 0.5233699506426359 0.40771314237860423 0.3525537415142197 0.19419288096808396 0.00024531018686113626 -0.17146056669743226 -0.09139046866848721 0.05006670451598261 0.34009839293193944 0.38725078399342916 0.5456116445395651 0.8703403754347314 1.2769185398705971 1.652358332850762 1.7938155060352317 1.8285125485144411 1.769794476626548 1.5055631531310292 1.0678466172394627 0.6043297164274581 0.4201684909608845 -0.21950262551479938 -0.9686028759633745 -1.1518744336740712 -0.5593557082598775 0.18351686789755783 0.35433307702597405 0.8169603100821012 1.3427539538055075 2.0002184253987347
-1.3271389815818733 -1.3084559587084525 -1.0842596842274062 -0.6385361385329453 -0.16434322465041484 -0.02110671595419067 -0.10028714622725854 -0.1020664817390129 0.10166743435685843 0.31340836025562435 0.4041544713550955 0.4415205171019365 0.15682683522124297 -0.1287565144153282 -0.3218144174406734 -0.44280923223996815 -0.5780387311332977 -0.5682523858186488 -0.45437491306637146 -0.40633285424900434 -0.3191454141730419 -0.17857790874444968 -0.04868641638638316 0.24045560427369672 0.5927640356010551 1.0705156205070943 1.3320779407349814 1.4406174069519961 1.4966664755722574 1.7075177337151464 1.7493321182413732 1.5980885997422547 1.2190901357385813 1.127454356883233 0.97443150287236 0.19063420994457525 -0.3485044501169887 -0.0006443575690160408 0.7644699124853485 1.6238889646626926 2.2537737358237275 2.6959386104946796 2.510887717272229
-1.5984876471244092 -1.4970655229544123 -1.378739711422749 -1.098494368321441 -0.8040143411260985 -0.3636288019669003 0.035832020421947774 0.32853271210553614 0.3863611162375522 0.4682105497782516 0.2707043079735203 -0.06292110048041755 -0.3867601636197069 -0.7613102888439944 -1.0024102506867067 -0.9401335077753052 -0.8031246733702213 -0.6501018193593486 -0.4383608934605827 -0.2995727235437444 -0.4161191995636533 -0.41700886731953046 -0.30313139456725313 0.053625375539491316 0.730662537762016 1.2742495366029656 1.5963092642305003 1.5865229189158514 1.647020326315499 2.0162324450045235 2.3240574885380236 2.378327221646531 2.7057249558093286 3.0500263773337926 2.9379282400932696 2.330285162829164 2.001997760910489 2.188827989644694 2.765332695453099 3.166572853353702 3.5429023140897433 3.6069583925128996 3.1505588337479127
-1.7915455501497548 -1.7435034913323881 -1.7185927941678272 -1.5913703050773922 -1.2871039325674007 -0.9970722441514437 -0.3458354468493572 0.11323311518326173 0.28404932431167795 0.18796520667694372 -0.2328476418529566 -0.7942279958114495 -1.220378850876613 -1.395643398784415 -1.505962200513184 -1.2052544990267013 -0.5789283988891749 -0.29067604598497265 -0.046907080874628804 -0.01754804493068196 -0.21238528346778196 -0.1171908335889249 0.0038039812103698445 0.9388447926372734 2.066053839333645 2.718180304391609 3.047357374066161 3.0865027553247564 2.5197843948310004 1.969969721698911 2.401458583299337 3.51265361038992 4.296450903317705 4.9966194271930355 4.827582553576374 4.409438708314105 4.410328376069982 4.619400298701117 5.001957433728299 4.817796208261726 4.846265576449794 4.3124649229234935 3.614075734559917
-1.936561394357733 -1.9312233878224698 -1.8662776416434368 -1.7390551525530022 -1.4828308388603775 -1.2097028378060872 -0.5228793302689136 -0.2515306647263773 -0.07982478784208391 -0.6091771025889989 -1.1376397495800363 -1.727489471726599 -1.9338923910901014 -2.107377603486149 -1.7034684423179152 -1.0540109805275826 -0.38409116035207536 -0.07359711355094367 0.16305450951238276 0.08298441148343771 0.1479301576624712 0.24401427529720543 1.4495140845107677 2.686152265180031 4.240401834697443 5.312451480529431 5.64251821795986 5.28754078336487 4.186132101588936 2.9797426246194965 1.641682319780236 2.7564360178943272 4.817796208261726 6.654960124148078 6.4699092309256265 6.040199704836954 6.071338076292655 6.315107041402999 6.445888201516942 6.226140265815282 5.741271338862225 5.161207962030312 4.251967515523846
-2.087804912856852 -1.9854931209309776 -1.9089816939255413 -1.7497311656235275 -1.4988448584661667 -1.0326589543865308 -0.6243014544389105 -0.45081624204286275 -0.6296394609741736 -1.2897729358350323 -1.8413669444788758 -2.4036369661932464 -2.5833498528804344 -2.216806737459041 -1.5735769499598486 -0.8618427452581146 -0.47394760369566935 -0.1625638891386605 0.011810991013264438 0.057184046563000024 0.370347096631763 1.5536052119483963 2.8489614645055528 4.5722479076396265 6.443219198249311 7.597118277621998 8.259920755750487 7.907612324423129 6.637166769030534 4.670111360786115 2.9913083054458998 1.7279800921003212 3.8969900809288562 7.285734563064988 7.928074682808305 7.475233795066826 7.045524268978154 7.24480984629464 7.326659279835338 6.9583368289021905 6.466350559902118 6.01617867542827 5.012633446798825
-2.078018567542203 -1.8867400000286119 -1.8556016285729107 -1.6892337582238803 -1.4819411711045003 -1.0442246352129336 -0.8725187583286402 -0.754192946796977 -0.9072158008078501 -1.3271389815818733 -1.8271322603848419 -2.4427823474518413 -2.51573510343377 -2.092253251636237 -1.2604138998910854 -0.8253663672671503 -0.5673627180627716 -0.3894291668873384 -0.17946757650032685 0.30184267942922105 1.3267399341997184 2.637220538606787 4.149655723597972 5.801768746261873 7.5926699388426115 8.971654960452222 9.692285842712728 9.77947328278869 9.002793331907922 7.361356322314547 5.509068054578284 3.850727357623244 4.099834329268851 7.485909808137352 8.405826267714342 8.401377928934957 8.030386474734177 7.870246278676287 7.641601665415855 7.331107618614725 7.052641611025171 6.687877831115532 5.839134792008714
-1.5468869172835338 -1.6580953867681796 -1.8653879738875596 -1.7390551525530022 -1.4312301090195017 -1.3911950600050291 -1.288883268079155 -1.1572124402093342 -1.2301651961912619 -1.5620112691334453 -1.872505315934577 -2.451679025010613 -2.457017031545876 -1.8217942538495788 -0.906326133051973 -0.6011700927861043 -0.38853949913146124 -0.2070472769325189 0.13814381234782225 0.8080636325233297 2.066943507089522 3.6425451027479863 5.202132678800662 6.460122885610977 7.886260298282076 9.372005450596948 10.27590789056815 10.488538484222792 10.054380619354735 9.788369960347461 8.809735428882577 7.989461757963829 7.698540401791995 8.372908560746888 8.204761354886102 8.392481251376186 8.649595232824687 8.36579121869987 8.046400494339967 7.890708637061463 7.676298707895066 7.26349286916806 6.812431316938335
-1.6216190087772158 -1.7007994390502836 -1.7799798693233515 -1.67055073535046 -1.5290935621659902 -1.7337171460177392 -1.7639658497175623 -1.802221563220281 -1.9098713616814185 -2.087804912856852 -2.2381587636000932 -2.570894504298154 -2.2692971350557936 -1.4178850926813444 -0.46949926491628347 -0.04779674863050598 0.2707043079735203 0.5811983547746518 1.058949939680691 1.9895424123282086 3.355182417599661 4.882741954440759 6.334679732032296 7.529503528175333 8.939626921240643 10.155802743524733 10.931593026649622 11.140664949280756 10.62109897984849 10.227865831750783 10.02146291238728 9.905806104123249 9.69139617495685 9.15136784713941 8.898702204470293 8.971654960452222 9.107774127101429 8.897812536714417 8.672726594477494 8.357784208896977 8.008144780837249 7.621139307030681 7.147836060904028
-1.5798046242509889 -1.532652233189499 -1.5815839597627432 -1.608273992439058 -1.737275817041248 -1.9152093682166815 -2.1305089651389557 -2.2639591285205305 -2.2888698256850915 -2.1340676361624644 -2.207020392144392 -2.261290125252899 -1.7435034913323881 -0.8831947713991664 -0.004203028592524749 0.8400916717349076 1.3436436215613847 1.969969721698911 2.647006883921436 3.5206606201928143 4.646979999133309 6.091800434677829 7.513489508569544 8.776817721915123 10.089967329589822 10.731417781577258 11.268777106127068 11.458276338128906 11.226073053844965 10.955614056058305 10.722521104018488 10.440496425405426 9.81772899629141 9.269693658671073 9.026814361316607 9.001903664152046 9.10421545607792 9.48766225886098 9.375564121620457 8.81507343541784 8.266148430041628 7.997468767766723 7.165629416021572
-1.4685961547663426 -1.4303404412636245 -1.517527881339587 -1.7435034913323881 -1.9427890686488731 -2.1331779684065872 -2.4187613180431584 -2.586018856148066 -2.6189365631155206 -2.490824406269209 -1.7604071786940536 -0.9917342376161811 -0.42590554487830223 0.34721573497895664 1.0998746564510407 1.9673007184312794 2.437045293534424 3.000204983004671 3.587385701883602 4.343603294379195 5.479709018634338 6.883604737408509 8.310631817835485 9.325742727291335 10.355088320841217 10.86664728047059 11.100629900266284 11.274115112662331 11.191376011365755 11.474290357734695 11.33105384903847 10.984973092002253 10.211851812144994 9.400474818785018 8.968985957184591 9.005462335175555 9.436951196775981 9.839970690188338 9.871109061644038 9.425385515949577 8.878239846085119 8.32219749866189 7.559752231875157
-1.3404839979200305 -1.336035659140645 -1.4641478159869572 -1.6785577451533542 -1.902754019634401 -2.202572053365006 -2.491714074025086 -2.7079033387032374 -2.74171071342657 -2.831567156770164 -1.8511532897935248 -0.85383573545522 0.6372474233949135 1.5811849123805886 2.655903561480207 3.511763942634043 3.8996590841964878 3.9895155275400818 4.437018408746297 4.929004677746371 5.816893098111785 7.179864100115605 8.297286801497329 9.222541267609584 10.331067291432534 10.799032531023924 11.008994121410936 10.80970854409445 10.736755788112522 11.323936506991453 11.901330880555735 11.605961185604516 10.639782002721912 9.655809464721765 9.178057879815725 9.315066714220809 9.790149295859216 10.199396463562714 10.308825597535606 9.88979208451746 9.278590336229845 8.659381578139335 7.869356610920411
-1.373401704887486 -1.4241127669724847 -1.5442179140159022 -1.83691860569949 -2.09136358388036 -2.19189604029448 -2.4152026470196497 -2.5984742047303464 -2.5077280936308752 -2.520183442213155 -1.9863827886868548 -1.01397593151311 0.48066589836053186 2.316050478735129 3.645214106015618 4.538440532916294 4.835589563379268 4.925446006722862 5.075799857466103 5.383624900999604 6.101586779992479 7.155843070706922 8.278603778623909 9.012579677222572 9.909364775146758 10.397792373123321 10.45473110949946 10.251886861159466 10.225196828483151 11.09885056475453 11.700265967727494 11.848840482958982 10.936931033184885 9.875557400423425 9.299942362370897 9.436061529020103 10.064166964669385 10.565939578984105 10.611312634533842 10.094415668369207 9.48143458456984 8.857777487699945 7.9814547481609335
-1.6100533279508125 -1.6723300708622144 -1.6954614325150206 -1.9881621241986092 -2.265738464032285 -2.431216666625439 -2.656302608862362 -2.211468730923778 -2.1198329520684296 -1.7604071786940536 -1.542438578504148 -0.6785711875474179 0.4868935726516721 2.3293954950732867 3.8436100155762265 4.606055282362959 4.90765265160532 5.2359400535239935 5.410314933675918 5.8053274172853815 6.120269802865899 7.177195096847974 8.233230723074172 8.97521363147573 9.535704317678347 9.97431052132579 10.030359589946052 10.419144399264374 10.541028881819546 11.288349796756366 11.660230918713022 11.80880543394451 10.965400401372955 9.957406833964123 9.420937177170192 9.7011825202715 10.330177623676656 10.767894159568224 10.666472035398225 10.139788723918944 9.456523887405279 8.835535793803015 7.938750695878831
-1.8511532897935248 -1.8911883388079977 -1.8698363126669455 -1.5415489107482707 -1.7257101362148446 -2.3004355065114948 -2.695447990120957 -2.082466906321589 -1.7808695370792287 -1.2790969227645062 -0.8671807517933776 -0.20615760917664172 0.9299481150785016 2.273346426453025 3.677242145227196 4.203925456706479 4.409438708314105 4.738615777988658 5.432556627572849 6.142511496762828 6.362259432464489 7.04641393673403 8.070421523748651 8.972544628208098 9.170940537768708 9.646023119407115 10.016124905852017 10.615760973313227 11.134437274989617 11.659341250957146 11.966276626734768 11.725176664892055 10.826612231456116 9.996552215222719 10.009897231560876 10.287473571394553 10.56149124020472 10.782128843662258 10.626436986383753 10.189610118248064 9.508124617246153 8.66116091365109 7.880032623990937
-1.7390551525530022 -1.7933248856615092 -1.537990239724762 -1.1162877234389845 -0.9232298204136389 -1.1331914108006504 -1.6305156863359875 -1.4917275164191492 -1.3200216395348559 -1.31557330075547 -0.8004556701025898 -0.09228013642436439 1.0029008710604295 2.316050478735129 3.367637766181941 3.6630074611331613 3.9396941332109607 4.475274122249015 5.188787662462504 6.192332891091949 6.822217662252985 7.3782600096762145 8.055297171898738 9.054394061748798 9.05706306501643 8.907598882029065 9.227879274144847 9.998331550734473 10.697610406853928 11.528560090843202 12.182465891412921 11.976062972049418 10.80970854409445 10.230534835018414 10.375550679226393 10.639782002721912 10.854191931888309 10.783018511418135 10.497435161781564 10.118436697777891 9.485882923349225 8.527710750269515 7.9467577056817245
-1.1100600491478443 -0.9401335077753052 -0.7399582627029422 -0.8707394228168859 -1.0424452997011793 -0.9828375600574093 -1.0842596842274062 -1.1901301471767893 -1.1554331046975799 -0.9917342376161811 -0.5922734152273326 0.24312460754132825 1.3036085725469122 2.241318387241447 2.887217178008271 3.19860089256528 3.7679882563266673 4.400542030755334 5.18700832695075 6.212795249477124 7.044634601222276 7.568648909433929 8.156719296068736 8.976992966987485 8.861336158723454 8.624684535660126 8.918274895099591 9.755452253380007 10.576615592054631 11.524111752063815 12.218942269403884 12.067698750904766 10.827501899211994 10.544587552843055 10.867536948226466 11.064153522275321 10.990311098537514 10.816825886141467 10.449393102964198 10.084629323054559 9.504565946222645 8.766141708844597 8.259920755750487
