static/data/seaWind_vo/2023/7/17/6.asc
ncols 137
nrows 93
xllcorner 108.0
yllcorner 17.0
cellsize 0.25
NODATA_value -32767
[rows 19 to 37 of 93, columns 0 to 42 of 137]
3.5277779622398318 3.5251089589722002 3.461052880549044 3.265325974256067 2.7252976464386265 2.354306192237847 2.2244146998797807 2.1701449667712738 2.014453109492769 1.8979066334728603 2.241318387241447 2.574943795695385 2.532239743413281 2.3987895800317056 2.623875522268629 2.7377529950209065 2.4601766551872304 2.1692552990153966 2.171034634527151 2.3000364591293403 2.3285058273174095 1.8721062685524223 1.3053879080586666 0.9148237632285898 0.8658920366553455 0.6310197491037732 0.3009530116733439 0.00024531018686113626 -0.10117681398313572 -0.10829415603015313 -0.04512774536287445 0.042059694713088014 0.13458514132431354 0.3000633439174667 0.5064662632809698 0.698634498550438 0.8187396455938556 0.6763928046535088 0.5705223417041259 0.42906516851965626 0.3160773635232559 0.2102069005738727 0.13814381234782225
3.6051790570011453 3.457494209525535 3.173690195400719 2.754656682382573 2.1274409144891697 1.8205055387115467 1.63723398100085 1.551825876436642 1.5402601956102386 1.764456470091285 2.1594689537007477 2.532239743413281 2.7422013338002924 2.5091083817604747 2.268898087673639 1.991321747839963 1.7769118186735655 1.7706841443824253 1.584743583404097 1.372112989749454 1.195958774085775 1.038487581295516 0.7893806096499092 0.6025503809157038 0.51892161186325 0.20219989077097855 -0.009541035127787811 -0.14477053402111695 -0.1839159152797123 -0.16345355689453767 -0.15722588260339743 -0.12252884012418797 -0.013989373907173253 0.21910357813264447 0.3899197872610607 0.5242596183985131 0.6310197491037732 0.4308445040314104 0.16305450951238276 -0.1696812311856779 -0.5033066396396157 -0.5593557082598775 -0.5718110568421575
3.3302717204351007 2.7252976464386265 2.1221029079539067 1.2822565464058602 0.5883156968216692 0.3196360345467646 0.05629437880712285 -0.04868641638638316 0.296504672893958 0.841871007246662 1.144358044244899 1.3810096673082257 1.7021797271798833 1.7048487304475148 1.5411498633661158 1.2698011978235797 0.9815488449193774 0.6763928046535088 0.5304872926896533 0.5429426412719336 0.7075311761092098 0.7902702774057864 0.7066415083533326 0.51269393757211 0.24668327856483696 -0.07537644906269803 -0.27110335535567476 -0.38853949913146124 -0.4819546134985635 -0.47750627471917806 -0.4650509261368976 -0.4276848803900566 -0.367187472990409 -0.22128196102655373 -0.07982478784208391 0.015369662036773146 0.10611577313624432 -0.007761699616033457 -0.2034886059090102 -0.48106494574268677 -0.6785711875474179 -0.7684276308910118 -0.7497446080175911
2.2849121072794283 1.9326036759520697 1.5073424886427835 0.7840426031146461 0.2600282949029942 -0.0531347551657686 -0.20437827366488737 0.16839251604764582 0.9014787468904322 1.439727739196119 1.3214019276644555 1.3605473089230509 1.0393772490513933 0.6906274887475434 0.6274610780802645 0.698634498550438 0.6826204789446491 0.5989917098921953 0.7964979516969264 0.9299481150785016 0.8062842970115753 0.5411633057601792 0.43173417178728757 0.16127517400062885 -0.09939747847138136 -0.3636288019669003 -0.5611350437716318 -0.6972542104208381 -0.7444066014823281 -0.7880003215203093 -0.7808829794732923 -0.7470756047499596 -0.6616675001857515 -0.4970789653484755 -0.33515943377883106 -0.22306129653830808 -0.1954815961061156 -0.09139046866848721 -0.2435236549234827 -0.2844483716938324 -0.29156571374084983 -0.22928897082944788 -0.1287565144153282
-0.11541149807717055 -0.3547321244081285 -0.6936955393973299 -0.5985010895184728 -0.5415623531423339 -0.24975132921462295 0.5545083220983369 1.4762041171870828 1.886340952646457 2.048260484216102 1.6363443132449729 1.0820813013334973 0.7066415083533326 0.33120171537316767 0.17550985809466324 0.08476374699519207 0.25646962387948546 0.6345784201272819 1.0064595420839382 1.1149990083009527 0.9166030987403442 0.4788865628487775 0.17906852911817195 -0.10384581725076725 -0.38053248932856665 -0.6607778324298743 -0.9036571297843414 -0.9881755665926724 -1.0202036058042503 -1.0504523095040739 -1.123405065486002 -1.0308796188747764 -0.8831947713991664 -0.6928058716414527 -0.5291070045600534 -0.35117345338462025 -0.12252884012418797 0.16127517400062885 0.4157201521814986 0.36945742887588584 0.38013344194641197 0.4192788232050073 0.4192788232050073
-0.9926239053720582 -1.258634564379331 -1.1323017430447733 -0.49085129105733527 0.03227334939843951 0.43173417178728757 1.5189081694691868 1.948617695557859 1.8258435452468098 1.627447635686201 1.7884774994999686 1.3587679734112965 0.9966731967692892 0.5091352665486013 0.23155892671492495 -0.292455381496727 -0.19815059937374713 0.1888548744328209 0.3899197872610607 0.5892053645775464 0.51892161186325 0.11234344742738456 -0.224840632050062 -0.5068653106631245 -0.7986763345908354 -1.0308796188747764 -1.178564466350386 -1.2613035676469626 -1.3342563236288907 -1.3769603759109947 -1.3983124020520465 -1.2693105774498572 -1.0842596842274062 -0.8938707844696925 -0.7381789271911883 -0.5682523858186488 -0.29156571374084983 0.17462019033878606 0.5598463286335997 0.6230127393008786 0.5811983547746518 0.5046869277692154 0.3890301195051835
0.31162902474387 0.13725414459194507 0.3525537415142197 1.080301965821743 1.2253178100297213 1.626557967930324 1.5411498633661158 1.5429291988778702 1.404141028961032 1.63723398100085 1.7973741770587401 1.9263760016609297 1.8107191933968978 1.3018292370351578 0.4575345367077255 -0.10117681398313572 -0.33515943377883106 -0.23373730960883377 -0.0531347551657686 -0.2933450492526042 -0.33515943377883106 -0.5406726853864567 -0.7408479304588194 -1.0219829413160046 -1.1972474892238067 -1.3805190469345034 -1.4570304739399398 -1.4943965196867808 -1.5682389434245856 -1.5299832299218674 -1.4294507735077473 -1.2799865905203833 -1.033548622142408 -0.8431597223846938 -0.6936955393973299 -0.5495693629452285 -0.3013520590554988 -0.2604273422851491 0.11946078947440153 0.26892497246176594 0.289387330846941 0.2102069005738727 -0.07092811028331214
1.7439941117061102 1.5811849123805886 1.4076996999845408 1.4877697980134859 1.4797627882105915 1.627447635686201 1.4014720256934006 1.4023616934492777 1.5713985670659396 1.8080501901292663 1.6986210561563748 1.9094723142992636 2.134558256536187 2.018011780516278 1.154144389559548 0.3516640737583425 -0.09405947193611874 -0.21149561571190478 -0.7105992267589958 -0.971271879231006 -1.0646869935981087 -1.0967150328096866 -1.231054863947139 -1.2648622386704713 -1.4303404412636245 -1.5032931972455525 -1.5735769499598486 -1.5993773148802863 -1.4783825000809916 -1.4125470861460814 -1.1536537691858255 -0.8778567648639033 -0.6278601254624192 -0.40989152527251305 -0.24174431941172836 -0.11452183032129337 -0.05491409067752295 -0.013989373907173253 -0.2034886059090102 -0.1839159152797123 -0.12964618217120538 -0.3778634860609351 -0.6652261712092602
1.445955413487259 1.5883022544276058 1.1719377446770913 0.7253245312267531 0.6763928046535088 0.9326171183461331 1.1354613666861275 1.47709378494296 1.721752417809181 1.7608977990677763 1.5180185017133097 1.2528975104619136 1.435279400416733 1.5980885997422547 1.4601900975812936 0.8988097436228009 0.11145377967150738 -0.6714538455004004 -1.2016958280031926 -1.3822983824462574 -1.4614788127193257 -1.4178850926813444 -1.3769603759109947 -1.3653946950845914 -1.3387046624082766 -1.347601339967048 -1.4436854576017821 -1.311124961976084 -1.1518744336740712 -0.9027674620284643 -0.6198531156595246 -0.30935906885839337 -0.07181777803918932 0.13814381234782225 0.25735929163536264 0.3196360345467646 0.34009839293193944 0.08832241801870078 -0.2221716287824309 -0.48373394901031785 -0.569142053574526 -0.9054364652960958 -1.3084559587084525
0.8480986815378022 1.3943546836463834 1.7021797271798833 1.6105439483245352 1.3703336542376996 1.191510435306389 1.0945366499157776 1.0918676466481463 1.3196225921527012 1.6078749450569036 1.694172717376989 1.3605473089230509 0.7964979516969264 0.7102001793768411 0.6808411434328947 0.41305114891386707 -0.32448342070830494 -1.2452895480411739 -1.6216190087772158 -1.68300608393274 -1.4970655229544123 -1.4508027996487995 -1.3796293791786263 -1.378739711422749 -1.3467116722111707 -1.2043648312708242 -1.0842596842274062 -0.9374645045076737 -0.679460855303295 -0.3627391342110231 -0.004203028592524749 0.32141537005851895 0.5331562959572849 0.5465013122954423 0.5224802828867587 0.36145041907299147 0.09099142128633231 -0.24975132921462295 -0.5869354086920695 -0.8280353705347818 -0.9499198530899542 -1.1972474892238067 -1.4988448584661667
0.2146552393532586 0.3925887905286922 0.7048621728415783 1.0740742915306027 1.1790550867241087 1.0847503046011289 0.8178499778379784 0.4246168297402704 0.14704048990659402 0.20842756506211835 0.39970613257570964 0.5518393188307054 0.6150057294979843 0.507355931036847 0.11234344742738456 -0.5424520208982111 -1.2025854957590698 -1.5468869172835338 -1.7168134586560728 -1.692792429247389 -1.4890585131515177 -1.330697652605382 -1.3191319717789787 -1.410767750634327 -1.4596994772075713 -1.3013386166614351 -0.8618427452581146 -0.5611350437716318 -0.1919229250826069 0.2475729463207137 0.6497027719771937 0.9068167534256952 0.8890233983081519 0.6025503809157038 0.19063420994457525 -0.06914877477155779 -0.2995727235437444 -0.5113136494425103 -0.7194959043177676 -1.0299899511188992 -1.3244699783142417 -1.6091636601949353 -1.9080920261696641
-0.6136254413683844 -0.9401335077753052 -0.9428025110429368 -0.5931630829832097 0.11946078947440153 0.5091352665486013 0.9424034636607821 0.9343964538578875 0.4655415465106201 -0.049576084142260335 -0.19014358957085253 -0.1732399022091866 0.05451504329536849 -0.0237757192218222 -0.4116708607842674 -1.0442246352129336 -1.6732197386180916 -1.802221563220281 -1.8894090032962434 -1.8742846514463314 -1.7968835566850179 -1.7239308007030902 -1.6794474129092314 -1.6367433606271278 -1.4303404412636245 -1.1340810785565276 -0.6696745099886461 -0.17946757650032685 0.2751526467529062 0.736000544297279 1.0242528972014815 1.106102330742181 0.8285259909085045 0.4344031750549191 0.00024531018686113626 -0.4730579359397922 -0.9401335077753052 -1.2995592811496808 -1.4792721678368688 -1.6803370806651086 -1.8155665795584386 -2.067342554471677 -2.2844214869057056
-1.3983124020520465 -1.6634333933034426 -1.6785577451533542 -1.4748238290574829 -0.8831947713991664 -0.28000003291444653 0.19864121974746984 0.48956257591930363 0.2707043079735203 -0.06736943925980343 -0.07181777803918932 -0.04423807760699727 -0.4267952126341794 -0.9730512147427604 -1.3093456264643297 -1.489948180907395 -1.83691860569949 -1.9748171078604515 -1.8885193355403662 -1.8333599346759812 -1.8644983061316824 -2.112715610021412 -2.200792717853252 -2.0886945806127293 -1.8217942538495788 -1.272869248473366 -0.5985010895184728 -0.030893061268839617 0.5011282567457067 0.9014787468904322 1.042935920074902 0.7529042316589452 0.4344031750549191 -0.013099706151296076 -0.3698564762580405 -0.9152228106107443 -1.5024035294896754 -1.902754019634401 -2.216806737459041 -2.4178716502872812 -2.4676930446164023 -2.5637771622511365 -2.7381520424030614
-1.3298079848495048 -1.6136119989743212 -1.6714404031063372 -1.6749990741298455 -1.6216190087772158 -1.051341977259951 -1.0388866286776706 -1.0522316450158282 -1.199026824735561 -0.7621999565998716 -0.6750125165239091 -0.5451210241658426 -1.1225153977301248 -1.682116416176863 -2.13228830065071 -2.3591535783993876 -2.247945108914742 -2.2399380991118476 -2.17321301742106 -1.9641410947899254 -1.872505315934577 -2.0308661764807128 -2.282642151393951 -2.2185860729707954 -2.1607576688387797 -1.7488414978676503 -1.1927991504444209 -0.7577516178204857 -0.23551664512058812 0.2297795912031706 0.5473909800513195 0.37657477092290326 0.16038550624475167 -0.24975132921462295 -0.6999232136884697 -1.1927991504444209 -1.742613823576511 -2.3191185293849155 -2.7274760293325353 -2.7684007461028854 -2.5780118463451713 -2.74171071342657 -3.0023833658985803
-0.09139046866848721 -0.3636288019669003 -0.382311824840321 -0.8787464326197805 -0.9534785241134625 -1.2221581863883673 -1.2221581863883673 -1.6385226961388821 -1.847594618770016 -1.4321197767753788 -1.3547186820140653 -1.3716223693757317 -1.9783757788839602 -2.277304144858688 -2.7283656970884125 -3.1367231970360323 -2.9872590140486683 -2.7772974236616563 -2.6625302831535023 -2.4525686927664903 -2.267517799544039 -2.182109694979831 -2.3039941775350035 -2.1749923529328137 -2.110936274509658 -2.0637838834481683 -1.9392303976253644 -1.5637906046451997 -1.3725120371316089 -0.9250091559253932 -0.44280923223996815 -0.1581155503592746 -0.3636288019669003 -0.49529962983672116 -0.9570371951369712 -1.4045400763431868 -2.0148521568749236 -2.5931361981950833 -3.1233781806978747 -2.900961241728583 -2.7728490848822713 -3.2532696730559416 -3.514831993283829
0.9397344603931506 1.3098362468380522 1.4068100322286636 0.7271038667385075 0.04561836573659672 -0.224840632050062 -0.2702136875997976 -0.6687848422327689 -0.8734084260845174 -0.9000984587608327 -0.8226973639995192 -1.6696610675945829 -2.4801483931986827 -2.7141310129943776 -3.1687512362476107 -3.5913434202892653 -3.7416972710325065 -3.2087862852620828 -3.101136486800946 -2.941885958498933 -2.8084357951173575 -2.6198262308713978 -2.2337104248207074 -2.1038189324626404 -1.803111230976158 -1.7995525599526494 -1.8938573420756293 -2.0735702287628173 -1.882291661249226 -1.8298012636524734 -1.4819411711045003 -1.1153980556831073 -0.9410231755311824 -1.0726940034010033 -1.3502703432346794 -1.787097211370369 -2.4178716502872812 -2.7675110783470083 -3.3110980771879572 -3.074446454124631 -3.3884991719492707 -3.8724784311464506 -3.8226570368173287
1.106991998498058 1.519797837225064 1.754670124776636 1.387237341599366 0.6443647654419307 0.32497404108202765 0.26892497246176594 0.22444158466790753 0.41749948769325296 0.31429802801150153 0.042059694713088014 -1.0735836711568805 -2.0486595315982563 -2.70078599665622 -3.15629588766533 -3.798636007408646 -4.1580617807830205 -3.590453752533388 -3.1331645260125236 -2.9623483168841074 -2.9427756262548104 -2.8493605118877077 -2.3431395587935993 -1.8849606645168575 -1.5273142266542359 -1.330697652605382 -1.4979551907102895 -1.7479518301117731 -1.8111182407790527 -1.8849606645168575 -1.9214370425078209 -1.9312233878224698 -1.7399448203088794 -1.8449256155023845 -2.0086244825837833 -2.5077280936308752 -2.9979350271191945 -3.349353790690676 -3.4623415956870756 -3.5281770096219867 -4.03617729822785 -4.091336699092233 -4.012156268819165
0.3009530116733439 0.11679178620677044 0.1185711217185248 0.09632942782159537 -0.1429911985093626 -0.4525955775546171 -0.4828442812544407 -0.36451846972277746 0.13458514132431354 -0.11452183032129337 -0.3947671734226015 -0.38853949913146124 -0.8618427452581146 -1.9294440523107155 -3.1776479138063825 -3.9178514866961858 -4.142937428933109 -3.7514836163471554 -3.200779275459189 -2.8280084857466554 -2.7648420750793767 -2.7176896840178864 -2.4498996894988587 -1.9641410947899254 -1.5682389434245856 -1.3218009750466102 -1.4917275164191492 -1.5566732625981823 -1.5833632952744976 -1.4766031645692372 -1.6216190087772158 -1.8831813290051032 -1.9881621241986092 -2.150971323524131 -2.74171071342657 -3.530846012889618 -3.9525485291753957 -4.110909389721531 -4.150944438736003 -4.207883175112142 -4.239911214323721 -4.159841116294775 -3.594902091312774
-0.2639860133086578 -0.61184610585663 -0.9419128432870596 -1.0246519445836362 -1.0815906809597746 -0.8342630448259221 -0.5878250764479467 -0.5077549784190016 -0.8369320480935536 -1.2443998802852967 -1.2595242321352083 -0.5202103270012821 -0.2106059479560276 -1.6838957516886173 -3.15006821337419 -3.9178514866961858 -3.8964994605551335 -3.55842571332181 -3.1091434966038407 -2.74171071342657 -2.5735635075657854 -2.4943830772927176 -2.346698229817107 -2.0486595315982563 -1.7319378105059848 -1.665212728815197 -1.742613823576511 -1.640302031650636 -1.4036504085873096 -1.2390618737500336 -1.2951109423702953 -1.2799865905203833 -1.438347451066519 -2.0584458769129053 -3.080674128415771 -4.1589514485388985 -4.73367681883555 -4.878692663043527 -4.5477362578572205 -4.204324504088634 -3.9418725161048696 -3.56465338761295 -2.8920645641698113
