static/data/seaWater_vo/2023/7/8/0.asc
ncols 137
nrows 93
xllcorner 108.0
yllcorner 17.0
cellsize 0.25
NODATA_value -32767
[rows 52 to 77 of 93, columns 58 to 115 of 137]
0.16851136 0.10206484 0.05386757 0.081531994 0.012341391 0.016936384 0.07383921 0.049016997 -0.06314282 -0.016182918 -0.029511157 0.07249192 0.3631939 0.63963836 0.7199499 0.64571357 0.39196858 0.40018147 0.38396814 0.2312044 0.06279183 -0.01144148 0.046517264 -0.085069865 -0.24874268 -0.18355769 0.024828583 0.24776588 0.1875046 0.06975868 0.31742898 0.3335251 0.42864686 0.43267536 0.48433867 0.47894078 0.3979573 0.27406582 0.119209446 -0.008249727 -0.09217037 -0.116189405 -0.19363427 -0.2929049 -0.4142906 -0.42278618 -0.20032084 -0.06856779 -0.03316607 0.052241996 0.21924895 0.3850839 0.39935967 0.41903925 0.39673108 0.22133404 -0.032468535 -0.3796455
0.050497487 -0.0058685215 -0.17612125 0.08827628 0.2202494 0.09094172 0.027875338 -0.045336843 -0.078660786 -0.045575347 0.11810183 0.32445696 0.44730806 0.5927523 0.67715824 0.51701224 0.34293357 0.44087398 0.16009764 0.22173089 0.0023628103 0.12081896 0.0474804 -32767.0 -0.30371708 -0.1141923 0.051052906 0.2292794 0.13909014 0.14228174 0.32132852 0.3682624 0.36842614 0.3170729 0.38321894 0.41195163 0.3488973 0.21609555 0.02038102 -0.0039570164 -0.10123548 -0.19882368 -0.25018993 -0.36241186 -0.37684122 -0.23775762 -0.14122607 -0.116027854 -0.038518045 0.079883486 0.31568885 0.50490487 0.4071557 0.5133598 0.4058312 0.18311615 -0.07749893 -0.4465047
-0.047565263 0.015837824 -0.121524215 0.04620533 0.08509769 0.12940663 0.07720505 -0.046731755 -0.04136956 0.068799004 0.28730574 0.28437564 0.36754084 0.59953994 0.5889376 0.3307131 0.35608923 0.21831514 0.05436534 0.15160018 0.03230295 0.07165067 0.02041253 0.045249376 -0.2484392 0.026240753 0.017077964 0.17690742 0.14257328 0.13673201 0.3008321 0.33749485 0.30378872 0.27815008 0.26663646 0.3576036 0.23745263 0.15023771 -0.0012113906 -0.069124915 -0.15096228 -0.23852476 -0.27715102 -0.27522486 -0.1860523 -0.10668574 -0.14945675 -0.13837244 0.048261415 0.35546845 0.56940943 0.53196275 0.68841064 0.64813143 0.2904473 0.007237552 -0.23884794 -0.24131986
-0.014366604 0.027761875 0.032901328 0.09946863 0.045346905 0.03318964 -0.01330178 -0.084845856 -0.049023695 0.03576143 0.22067164 0.35785502 0.5349973 0.6195888 0.44357604 0.16067699 0.3202772 0.22779343 0.15710498 0.09346811 -0.051568247 -32767.0 -0.029023001 0.1222438 -0.245708 -0.04824505 0.04058558 0.13977192 0.20324261 0.08924313 0.25734264 0.41526005 0.30924767 0.1668308 0.23665449 0.33992767 0.2397281 0.08687797 -0.021091921 -0.13865417 -0.20999968 -0.26819405 -0.21664245 -0.09953438 -0.048586726 -0.08199722 -0.048585847 0.046885647 0.25812933 0.46644744 0.47129145 0.71370554 0.7529241 0.40351158 0.20077401 0.029315758 -0.20341441 -0.29006135
0.27784044 0.22154889 0.15591456 0.11408018 -0.013491964 -0.21475768 -0.10124189 -0.0597676 0.039479706 0.18072258 0.33421326 0.44515705 0.4976431 0.38773096 0.19987789 0.121266074 0.2617194 0.2087474 0.18329833 0.10232506 0.10257873 0.018188516 0.049492866 0.043911316 0.028265715 -0.11463064 -0.07499493 0.11844363 0.20608127 0.15785731 0.21219422 0.44903642 0.25724864 0.19187997 0.2595288 0.22070576 0.26606306 0.07681553 -0.0017853018 -0.11253906 -0.23394401 -0.24726358 -0.133165 0.019863395 0.0059333798 -0.026710855 0.03352546 0.20927793 0.33859935 0.36466432 0.50301516 0.8507277 0.5666613 0.3336822 0.33384806 -0.01905876 -0.07497107 -0.23693132
0.31352893 0.24273534 0.26169464 0.30704445 0.21388476 0.14876807 -0.08474266 0.01596864 0.17646597 0.22092485 0.2664455 0.2925096 0.2413993 0.14437261 0.13111784 0.17789668 0.23665151 0.27361754 0.19491568 0.18178333 0.15569696 0.117980435 0.062399734 0.004533116 -0.14067082 -0.18921955 -0.17446028 -0.040024467 0.07040547 0.15235639 0.18261412 0.4496137 0.26079074 0.2200842 0.1907028 0.2389624 0.17229503 0.08167887 0.030904612 -0.060013555 -0.18758559 -0.21780185 -0.14762153 0.019214671 0.014632818 -0.044566303 0.09951137 0.21505044 0.27563995 0.3982406 0.4615403 0.68584025 0.57144535 0.34892887 0.35357288 0.022729 0.00076379086 -0.092197634
0.42254132 0.31272385 0.35494494 0.4615882 0.26425835 0.26516998 0.28095546 0.24611804 0.19008937 0.18205504 0.108616106 0.07709669 0.09596342 0.19267638 0.18825313 0.22786365 0.28261158 0.2218376 0.13614663 0.047781784 0.037890844 -0.0023788472 -0.064607106 -0.12699813 -0.189239 -0.2397056 -0.3362644 -0.26922926 -0.022639621 -0.01559217 0.13595039 0.40847433 0.31810585 0.22384493 0.22755492 0.19751103 0.14743245 0.012955101 0.016915673 0.024792027 -0.0073321993 -0.073201485 -0.12029804 -0.034847982 0.08978975 0.01624751 0.049622048 0.19430497 0.34722775 0.39377722 0.53148466 0.59910864 0.64602476 0.3732073 0.26222244 0.2016973 0.0886763 0.021526607
0.6614208 0.5376901 0.29470763 0.42643827 0.073425256 0.35602787 0.30015135 0.17821054 0.21363205 0.14502569 0.11414645 0.14984067 0.1824037 0.24536797 0.26428658 0.2531227 0.27013305 0.14177956 0.04608371 -0.022964919 0.0020784002 0.04908283 0.037067033 -0.05641991 -0.15778773 -0.27314872 -0.3777067 -0.45660007 -0.28455368 -0.18613783 0.026073936 0.44307655 0.37941855 0.24202764 0.19931719 0.062271506 -0.009446427 -0.021536738 0.029022804 0.031190753 0.08805471 0.013365536 -0.074179165 -0.11816055 -0.018495748 0.0027996786 0.09730634 0.3193672 0.40380424 0.42955992 0.510647 0.51675105 0.5310966 0.47043708 0.16601123 0.076228686 0.2439842 -0.048116345
0.6732134 0.6233167 0.40531686 0.32209158 -0.15189013 0.31518725 0.10694926 0.1064274 0.2972168 0.24266034 0.28612882 0.12666275 0.07397339 0.34596407 0.31682077 0.30797085 0.18802604 0.018466447 -0.0117519125 0.08005494 0.12764461 0.054939944 -0.022306826 -0.14325885 -0.23463951 -0.291371 -0.42144057 -0.5499455 -0.4887289 -0.32237193 0.0022367039 0.39320624 0.41608843 0.16081823 0.14040446 0.042686217 -0.008282152 -0.009155099 0.020913543 0.05296781 0.030559564 -0.011587977 -0.002048796 -0.12380541 -0.07985938 0.03387072 0.08202685 0.20731494 0.40569225 0.5096304 0.3981916 0.43352646 0.42830926 0.5770119 0.27530527 -0.03105308 0.0130448295 0.22098666
0.65151095 0.66066736 0.36610714 0.21353924 0.09169494 0.17128292 0.009685093 0.16450308 0.3248983 0.15567048 0.2928936 0.17455857 0.1956565 0.38814762 0.3410695 0.28492722 0.11322534 -0.051753156 0.06342196 0.2140619 0.02862233 0.017464254 -0.08858564 -0.25789902 -0.41912997 -0.44516882 -0.49817726 -0.63813245 -0.52006966 -0.35454717 0.14702688 0.3778988 0.35380512 0.095180385 0.14426759 0.10744661 0.16060424 0.1101771 0.05702148 0.04085511 -0.056579504 -0.25478375 -0.2809245 -0.1283429 -0.042395372 -0.019244531 0.07385761 0.2443518 0.30700305 0.21201304 0.16106385 0.30388686 0.44189337 0.68463457 0.35758835 0.08913696 -0.05680441 -0.04374416
0.6443201 0.5449901 0.1797133 0.17961632 0.13067749 0.18040107 0.078820094 0.09392522 0.24029242 0.21581718 0.28483072 0.32359028 0.36489186 0.3429602 0.32194704 0.2148292 0.018602919 -0.09676825 0.10631643 0.14958538 0.002522418 -0.010517852 -0.14642158 -0.30151403 -0.43621868 -0.46425426 -0.5901492 -0.6490494 -0.5100344 -0.24036942 0.35683662 0.45584738 0.31645712 0.011464393 0.10584242 0.23847827 0.234111 0.14570203 0.28237778 0.15344901 -0.10594297 -0.10472061 -0.22842003 -0.53009015 -0.23038296 -0.056219947 -0.01571868 0.020518752 0.09798042 0.14873563 0.02464476 0.15103647 0.5279106 0.6819468 0.27250776 0.16100164 -0.062396552 -0.18390656
0.5901817 0.36604425 0.05293349 0.011238459 0.18002373 0.14844656 0.16517644 0.12635083 0.10375575 0.22570853 0.34377033 0.41720995 0.41240022 0.34372598 0.21420483 0.13207069 -0.026606252 -0.13125038 0.12136692 0.09242569 -0.046579134 -0.080651745 -0.1689198 -0.29079312 -0.3669662 -0.4966716 -0.6395555 -0.57021654 -0.47073078 -0.040062763 0.4086231 0.50672466 0.19499813 -0.031235317 -0.006182149 0.341204 0.16261324 0.009089539 0.19252829 0.19935997 0.062474113 -0.091305114 -0.30450425 -0.5466193 -0.467451 -0.21573208 -0.19118716 -0.1381183 0.29853007 0.0033779605 -0.042135593 0.23561864 0.5196522 0.6645826 0.2830123 0.23352447 -0.035601705 -0.3799306
0.4116155 0.21443117 -0.097167775 0.060967606 0.07692597 -0.019116297 0.06861603 0.16161145 0.14701945 0.17123722 0.24868178 0.31573376 0.35817116 0.3291173 0.17146046 0.051531073 -0.050980907 -0.14808837 0.052902214 -0.0037447135 -0.15985726 -0.18317886 -0.23241468 -0.3496373 -0.45995116 -0.5431273 -0.553663 -0.4310443 -0.2963589 0.15135144 0.5045258 0.34955916 0.12774566 -0.12569976 0.0090115825 0.19186243 -0.053748738 0.09117573 0.28425974 0.18830322 0.004812434 -0.18256356 -0.34628338 -0.5188825 -0.37034914 -0.16274461 -0.106767036 0.16942437 0.0012175181 -0.120567724 -0.12481109 0.43944913 0.5456029 0.5890297 0.4514261 0.19677791 -0.043304216 -0.4604739
0.39700297 0.1320945 -0.23093681 -0.03701538 -0.095869385 -0.044487126 0.1792189 0.24864449 0.26837507 0.25601852 0.2587514 0.30027306 0.3351666 0.2932985 0.15093099 0.04712663 -0.10508129 -0.16333874 -0.026039114 -0.109047174 -0.26480526 -0.23377451 -0.27594703 -0.34372473 -0.4158617 -0.48876292 -0.42773554 -0.30415815 -0.1977077 0.29330817 0.4831821 0.28935552 0.02338735 -0.03935901 0.011820316 -0.06152157 -0.1063027 0.008009122 0.42092073 0.18626668 -0.008241972 -0.17515153 -0.3980243 -0.32233262 0.24006563 0.1855876 0.04204528 0.07502745 -0.070498295 -0.16879196 -0.09418162 0.57987905 0.45693007 0.5406123 0.38168216 0.11893806 -0.22511692 -0.4685685
0.3813345 0.03182131 -0.34824482 -0.11875765 -0.098709114 0.03635646 0.22892177 0.26807782 0.36103263 0.25647587 0.22149232 0.33948073 0.35101825 0.2818305 0.16518453 0.025498245 -0.16632134 -0.23197049 -0.1267207 -0.21539877 -0.30977842 -0.28945467 -0.29782668 -0.3123414 -0.3537669 -0.42311198 -0.39717078 -0.33478764 -0.19894251 0.20548101 0.3543124 0.1798461 -0.03968442 -0.134409 -0.07336696 -0.021275325 -0.14002308 -0.13678358 -0.0031514377 0.008774602 0.019032842 -0.20486197 -0.2616111 -0.10280303 0.15135522 0.048713446 -0.030606112 -0.11620429 -0.0720376 -0.09395105 0.17437403 0.40085828 0.29508904 0.49645388 0.22774452 -0.020774437 -0.30640382 -0.42372772
0.34283653 -0.04327059 -0.3909526 -0.1804648 -0.06956056 0.07381278 0.15137866 0.27891606 0.30697682 0.21145622 0.34894583 0.43445748 0.4076485 0.24126837 0.10626643 -0.015904255 -0.22744848 -0.3530754 -0.26923692 -0.2691322 -0.24435772 -0.29931748 -0.34333688 -0.33246672 -0.26574543 -0.30150035 -0.39924923 -0.44384813 -0.24991967 0.1701582 0.2921931 0.0559539 -0.103686534 -0.18877657 -0.038535293 -0.045809902 0.045681156 0.09899276 0.11015444 0.045377128 -0.002080806 0.031017581 -0.25564918 -0.11971837 0.12375542 0.045843896 -0.08756511 -0.12081387 -0.012290089 0.20773005 0.19251575 0.26120305 0.109420784 0.4216047 0.015678735 -0.09806714 -0.3817911 -0.44180843
0.28071046 -0.09157224 -0.3531926 -0.19843556 -0.042528633 0.083993234 0.100386046 0.29407507 0.2036749 0.23595697 0.41259634 0.6755868 0.52857214 0.3129639 0.08297384 -0.07596032 -0.32316333 -0.49120477 -0.3839163 -0.26874128 -0.14362477 -0.18753013 -0.266879 -0.37143412 -0.42872196 -0.3723176 -0.33425826 -0.36491594 -0.24680994 0.085618235 0.16695131 -0.0070392075 -0.15800379 -0.21354495 -0.08999805 0.048292026 0.14854352 0.1585854 0.1947516 0.17929646 0.10827783 -0.12341402 0.057451706 -0.20948876 0.06435331 -0.051143043 -0.10417328 0.15570056 0.35797322 0.2871589 0.20549567 0.07446411 0.024552336 0.33044028 -0.03781975 -0.2544281 -0.43182075 -0.4294494
0.26914716 -0.125861 -0.31614634 -0.20582607 -0.05439963 0.03814735 0.11416882 0.2693747 0.16569522 0.2970854 0.500504 0.76576805 0.5178444 0.3011579 0.06541094 -0.12948085 -0.38005805 -0.5671539 -0.45098925 -0.28810206 -0.04693552 -0.10424174 -0.1553365 -0.22182283 -0.29564387 -0.29170728 -0.27921906 -0.23967126 -0.12393626 -0.03245799 -0.005452317 -0.0805219 -0.08660347 -0.23920557 -0.15092972 -0.0877376 0.17100756 0.18346445 0.13117374 0.16179629 0.22606136 0.01413275 -0.049129702 -0.03681511 -0.16539232 0.09663036 0.22672626 0.2907051 0.29204088 0.29945508 0.22023109 0.04303363 -0.16049695 0.13231681 0.0118392 -0.27542272 -0.5505525 -0.49162453
0.2618741 -0.17563237 -0.3878827 -0.2628511 -0.07097931 0.03113618 0.20266692 0.18233524 0.11134097 0.31757307 0.68062085 0.8240614 0.46645635 0.2531706 0.031734608 -0.14409551 -0.43369022 -0.5756056 -0.43067628 -0.30508676 -0.07691108 -0.06863202 -0.19239904 -0.24450454 -0.21524806 -0.16421816 -0.13316774 -0.12687695 -0.07683852 -0.09409401 -0.13717557 -0.11135633 -0.04508193 -0.22042587 -0.17380062 -0.022365686 0.04288538 0.39852077 0.37957978 0.14095862 0.015827455 0.2007138 -0.1253228 -0.101957805 -0.029655559 0.03415656 0.1783309 0.30989492 0.25384346 0.22143188 0.15318477 0.026774853 -0.10083258 -0.07692082 -0.10141763 -0.5126868 -0.541685 -0.5196291
0.14411604 -0.29918358 -0.46315476 -0.2101027 -0.10995596 0.25168806 0.22831856 0.12797591 0.087898485 0.33901364 0.84848845 0.7425411 0.35569894 0.19818877 0.024399506 -0.18035777 -0.5042441 -0.561647 -0.38399556 -0.31099743 -0.2572188 -0.22009154 -0.22684102 -0.15357973 -0.14942342 -0.07506924 -0.05521588 0.07048131 0.07139082 -0.03723468 -0.13071309 -0.06635535 -0.072291665 -0.13187945 -0.16508274 -0.048062723 -0.07829059 0.06758541 0.24608417 0.12226405 -0.009719668 0.034897845 0.070341796 -0.12954062 -0.036679316 0.13309042 0.16546084 0.3207643 0.39464954 0.30647996 0.22142357 0.051532485 -0.13323846 -0.17850931 -0.2201862 -0.64056283 -0.4926682 -0.51123506
0.07433726 -0.16608126 -0.45834935 -0.28029904 0.034430396 0.33851454 0.19206138 0.14575388 0.14034896 0.3916377 0.86964446 0.6058678 0.29844725 0.17993395 0.031259846 -0.2304064 -0.5328841 -0.48801 -0.30907035 -0.28396967 -0.33154756 -0.33767366 -0.1965101 -0.2331601 -0.14630961 -0.14345235 -0.06921081 -0.086168185 -0.08443446 -0.13778543 -0.11733194 -0.064325124 -0.09156817 -0.0713139 -0.06807281 -0.07714058 -0.017985962 0.021018194 0.11212671 0.050486855 -0.09164501 -0.14771001 0.0066746944 -0.07461153 -0.051569622 0.13079631 0.385844 0.50635743 0.5939231 0.40331742 0.2151736 0.07764346 -0.12999603 -0.21685739 -0.32938948 -0.65917397 -0.522919 -0.5271874
-0.08954877 -0.16417827 -0.29585266 -0.40817925 0.10861327 0.35483897 0.21799982 0.22854182 0.29860744 0.48654324 0.8063521 0.532441 0.24822201 0.105306484 0.03385827 -0.27304935 -0.55238456 -0.4432316 -0.24833785 -0.2869993 -0.33633015 -0.28602618 -0.2631664 -0.12021922 -0.06897849 -0.07969657 -0.12064689 -0.16078132 -0.19518527 -0.17266653 -0.013917357 0.1233096 0.14308925 0.11522508 0.046454184 0.010555909 0.017857993 0.10250556 0.18565224 0.15241453 -0.04864352 -0.23789312 -0.23497541 -0.2006077 -0.14920941 0.33924395 0.5309618 0.60084224 0.53032213 0.27588436 0.15125245 0.007443159 -0.13719355 -0.26237103 -0.4030265 -0.5394616 -0.38502622 -0.3837134
-0.06303094 -0.18887673 -0.22785933 -0.34646696 0.08578207 0.15828982 0.2893635 0.3365366 0.4889066 0.599865 0.6615615 0.45868796 0.20991825 0.13275123 -0.018715639 -0.3347721 -0.5461947 -0.42291597 -0.32776284 -0.33994693 -0.33321232 -0.30521825 -0.19198036 -0.10651825 -0.076062664 -0.089015104 -0.0898373 -0.090953074 -0.09818275 0.060958944 0.17500462 0.17807938 0.25761947 0.2254246 0.11312349 0.09279268 0.15544336 0.24162628 0.28501254 0.18200634 -0.028525848 -0.23124042 -0.36628786 -0.23127097 -0.20281704 0.23570734 0.58789855 0.62962604 0.40806565 0.15197946 0.06792226 -0.0118767815 -0.14779425 -0.21599042 -0.378881 -0.36390695 -0.089728974 -0.12544423
-0.011079509 -0.0949534 -0.16723609 -0.118419655 -0.003911682 0.27138764 0.40330562 0.54899377 0.5877204 0.72233415 0.46914816 0.35186088 0.14128527 0.105299726 -0.09738998 -0.34097287 -0.5097624 -0.4620633 -0.33049795 -0.3204012 -0.31282 -0.23381905 -0.014280726 0.035875257 0.11325074 0.20071146 0.21792498 0.2236562 0.22701035 0.22425199 0.28481957 0.47000152 0.41956377 0.29788354 0.21391353 0.1484625 0.11721415 0.23746967 0.24979459 0.16754039 -0.023921356 -0.2961599 -0.39542833 -0.35754365 -0.25963226 0.1943408 0.4773524 0.619499 0.37916687 0.098249204 0.076182105 -0.014470104 -0.14378992 -0.18690248 -0.18543626 -0.15839504 -0.065540716 -0.011274737
-0.03938781 -0.08372275 -0.15807667 -0.11340321 0.20267044 0.42680532 0.48362124 0.5544721 0.76546586 0.61713946 0.29787317 0.24705213 0.06818026 -0.06716234 -0.16882677 -0.2828661 -0.44715708 -0.5071014 -0.33865026 -0.27782232 -0.25390974 -0.17564303 0.03046944 0.13498041 0.20722938 0.27161035 0.29614082 0.24547899 0.24994965 0.4311752 0.48380077 0.42644733 0.45853898 0.3545166 0.26040807 0.20089285 0.11614399 0.086582 0.054484703 0.0002916782 -0.016628094 -0.2727524 -0.4712062 -0.49034312 -0.3236114 0.08870173 0.38571557 0.58079547 0.36470386 -0.003047822 -0.030166244 -0.017329 -0.071883276 -0.112708434 -0.11649465 -0.05568956 -0.0027413166 0.05086148
-0.14923419 -0.17838839 -0.21684209 -0.042390764 0.34439185 0.40101326 0.44144884 0.75073797 0.75249195 0.53078103 0.12845643 0.1644999 -0.020155247 -0.1917798 -0.21872102 -0.18630077 -0.29352096 -0.42094338 -0.3379452 -0.2283282 -0.117619485 0.08828972 0.2044362 0.1751011 0.25574255 0.29585886 0.3054328 0.37082076 0.5016375 0.3351936 0.3138712 0.5810399 0.5170711 0.28574413 0.108721204 0.10554784 0.09409885 0.10525222 0.018993804 -0.121635705 -0.13568084 -0.2058712 -0.4803892 -0.5274995 -0.33996814 -0.043290135 0.29258454 0.50710785 0.34186882 -0.032349825 -0.09339177 -0.039973155 0.020882105 0.021433845 -0.03109862 -0.028995126 -0.002610764 0.06346907
