static/data/seaWater_vo/2023/7/8/12.asc
ncols 137
nrows 93
xllcorner 108.0
yllcorner 17.0
cellsize 0.25
NODATA_value -32767
[rows 0 to 24 of 93, columns 58 to 115 of 137]
-32767.0 -32767.0 -32767.0 -32767.0 -32767.0 -32767.0 -32767.0 -32767.0 -32767.0 -32767.0 -32767.0 -32767.0 -32767.0 -32767.0 -32767.0 -32767.0 -32767.0 -32767.0 -32767.0 -32767.0 -32767.0 -32767.0 -0.09551769 -0.116956204 -0.17020425 0.097022444 0.30878612 0.3432762 0.2770633 0.22579777 0.059737265 -0.06826341 0.029231047 0.15113342 -0.14591274 -0.42827627 -0.32474887 -0.06497066 0.15184216 0.16415349 0.15627976 0.2037169 0.14636356 -0.104920715 -0.10119417 0.3452935 0.0044170525 -0.26979268 -0.27045718 -0.053072713 0.059364654 0.106375046 -0.119075574 0.050143063 0.2098471 0.31600586 0.41623598 0.42531008
-32767.0 -32767.0 -32767.0 0.05868165 0.03974476 0.021506835 0.0046828818 0.015258407 0.024832899 -0.0054490897 -32767.0 -32767.0 -32767.0 -32767.0 -32767.0 -32767.0 -32767.0 -32767.0 -32767.0 -32767.0 -32767.0 -0.008453675 -0.13623412 -0.048312064 0.41345236 0.46075368 0.35416558 0.18756895 0.035021167 0.10639533 0.17133695 0.07478238 0.27112502 0.25944966 -0.20766114 -0.444914 -0.38368037 0.010437395 0.041279737 0.15725407 0.30203727 0.3438245 0.39799282 0.3421656 -0.1028507 -0.13304672 -0.107082464 -0.16368285 -0.041394252 0.04514183 0.200437 0.31471106 0.332131 0.25581455 0.49518675 0.412155 0.39181134 0.48391885
-32767.0 0.03590492 -32767.0 0.045974087 0.0065865014 -0.010988608 0.020388937 -0.019782353 0.004749797 -0.01306961 -0.018289482 0.009416239 -32767.0 -32767.0 -32767.0 -32767.0 -32767.0 -32767.0 -32767.0 -32767.0 -32767.0 0.094754 -0.10471806 0.09637357 0.174128 0.26966727 0.38963732 0.2716568 0.16966599 0.080486715 0.15500596 0.13502534 0.1401439 0.0072366213 -0.44433936 -0.54773873 -0.5281599 -0.11309557 -0.056307983 0.09071895 0.21316598 0.46215397 0.36792487 0.32839018 -0.068631 -0.39438793 -0.14954385 -0.0072139967 0.04778461 0.46934268 0.48661852 0.25432593 0.1502858 0.28578907 0.4029575 0.4397732 0.42573345 0.37427613
-0.024773262 -32767.0 -0.13003798 0.06072848 -0.11677045 -0.08455427 -0.04264252 0.035913985 -0.014854293 -0.021154916 -0.030361548 -0.040281795 -32767.0 -32767.0 -32767.0 -32767.0 -32767.0 -32767.0 -32767.0 -32767.0 0.11825493 -0.014123721 -0.009007432 0.06300524 0.10163123 0.059792634 0.24896668 0.3887805 0.3991985 0.24121456 0.1699455 0.06312812 -0.07512774 -0.24991575 -0.44197962 -0.51209104 -0.31936345 -0.19833939 0.03288871 0.47341093 0.48032334 0.42298827 0.2882413 0.14143983 -0.07490607 -0.3763296 -0.06598804 0.1771107 0.37342656 0.60243857 0.51272166 0.17529398 -0.17667693 -0.1265919 -0.022146706 0.20730355 0.3545498 0.24244429
-0.061160512 -32767.0 -0.036375187 -0.07676572 -0.14624321 -0.1589332 -0.03410228 -0.0030944091 0.15303315 -0.015763026 -0.04998803 -32767.0 -32767.0 -32767.0 -32767.0 -32767.0 -32767.0 -32767.0 -32767.0 -32767.0 -32767.0 -32767.0 -0.07605298 0.043187827 0.02714883 0.18011028 0.1313838 0.22670643 0.09588798 0.04829443 -0.0338327 -0.24655138 -0.38130012 -0.47645476 -0.61527073 -0.5253415 -0.39019734 -0.30487052 0.049353294 0.40536982 0.463526 0.4232213 0.16687952 -0.05302568 -0.19366783 -0.47717747 -0.11032051 0.14817752 0.11087591 0.48504317 0.39373788 0.12276038 -0.21178377 -0.35962507 -0.09811394 0.363656 0.40745565 0.17747422
-0.19232805 -0.19112903 -0.073693275 -0.12139554 -0.071979016 -0.057639547 0.0069060903 0.07636889 0.07133069 0.09756912 -0.0022707428 -32767.0 -32767.0 -32767.0 -32767.0 -32767.0 -32767.0 -32767.0 -32767.0 -32767.0 -32767.0 -32767.0 -32767.0 -0.12785488 -0.105786204 0.12087655 0.13547572 0.3518592 0.28944653 0.17992188 0.025262494 -0.038907815 -0.30440083 -0.40777728 -0.38705865 -0.3908528 -0.4072389 -0.23590828 0.107365124 0.33476713 0.5063343 0.24122505 0.01396486 -0.078110315 -0.3520066 -0.35944802 0.032157913 -0.21588504 -0.11800065 0.3969129 0.623957 0.08319736 -0.117035866 -0.48732695 -0.3242203 0.001228669 0.062391717 0.082859844
-0.053841997 -0.01990337 0.04393227 0.12602058 0.15275702 0.16814825 0.15510568 0.18016812 0.1280581 0.19791932 0.003383439 -32767.0 -32767.0 -32767.0 -32767.0 -32767.0 -32767.0 -32767.0 -32767.0 -32767.0 -32767.0 -32767.0 -32767.0 -32767.0 -0.34819448 0.016005123 0.16331328 0.40732142 0.5662664 0.33852115 0.15387778 -0.20538855 -0.4034435 -0.44238216 -0.4228836 -0.42758524 -0.20909792 0.0015567117 0.15621775 0.36771873 0.4691567 0.09953219 -0.1261107 -0.32552585 -0.44797233 -0.08913719 0.06699471 -0.1464731 -0.04735546 0.33045277 0.42225033 0.081932515 -0.1916656 -0.4933423 -0.71988773 -0.3234828 -0.12346719 -0.07938003
-0.060791474 0.0015171971 0.115785204 0.17360893 0.14464481 0.197862 0.22199616 0.19878784 0.26082692 0.04497916 -32767.0 -32767.0 -32767.0 -32767.0 -32767.0 -32767.0 -32767.0 -32767.0 -32767.0 -32767.0 -32767.0 -32767.0 -32767.0 -32767.0 -32767.0 -0.19135338 0.19614269 0.3225071 0.5470475 0.566474 0.19586286 -0.07715793 -0.39529866 -0.3795764 -0.5790335 -0.3445192 0.110132106 0.3403638 0.2653189 0.3227558 0.4228237 -0.153095 -0.5778016 -0.45970613 -0.05348417 0.18278001 0.33662727 0.14548598 -0.011156848 0.03153685 0.0065677664 -0.26035693 -0.40031075 -0.66037977 -0.6877094 -0.24025393 -0.09635228 -0.006247027
-0.05480689 -0.03384316 0.117060624 0.12980601 0.12505338 0.07855697 0.1827998 0.13741557 0.12698998 -32767.0 0.10355409 -32767.0 -32767.0 -32767.0 -32767.0 -32767.0 -32767.0 -32767.0 -32767.0 -32767.0 -32767.0 -32767.0 -32767.0 -32767.0 -32767.0 -0.102217466 -0.0037605502 0.3142563 0.6077024 0.54846054 0.082863264 0.010109415 -0.27586 -0.4901751 -0.53615165 -0.25492233 0.111645356 0.3928331 0.36124063 0.31252724 0.35327238 0.052299667 -0.32896578 -0.11115566 0.15471776 0.4573199 0.13935755 0.0070653036 -0.025651427 -0.17489307 -0.3596234 -0.5731397 -0.48412913 -0.43168214 -0.32058495 -0.11095583 -0.09632102 -0.06538068
0.061119616 0.065077536 0.11043574 0.03462574 0.100017235 0.09125988 0.14581516 0.043730304 -0.042562336 -0.0026712348 0.23409547 0.09848167 -0.08661877 0.04558234 0.060483016 0.016888691 -32767.0 -32767.0 -32767.0 -32767.0 -32767.0 -32767.0 -32767.0 -32767.0 -32767.0 -32767.0 -0.038250506 0.10308016 0.8850716 0.6907853 -0.0018300354 -0.028832525 -0.18311134 -0.34437984 -0.4906025 -0.1363095 -0.05241219 0.25527534 0.21374169 0.024776623 0.08537611 0.13579309 0.06596868 0.04399913 0.2615951 0.09949854 0.09152774 -0.0818679 -0.26676428 -0.54630345 -0.7039278 -0.5158118 -0.29312336 -0.23791502 -0.138679 -0.1683915 -0.022047777 0.08856694
0.11194384 0.13260032 -0.031291466 0.10966308 0.051024325 0.104624204 0.18867655 0.155562 0.03379273 -0.05034279 -0.0159215 0.08329065 0.07698365 0.06879243 0.05099088 0.019757718 -32767.0 -32767.0 -32767.0 -32767.0 -32767.0 -32767.0 -32767.0 -32767.0 -32767.0 -32767.0 -32767.0 0.069981545 0.82103014 0.7139969 0.08307872 -0.2714426 -0.18342336 -0.12229878 -0.44897622 -0.3845379 -0.16243608 -0.008376759 -0.025869211 -0.23188888 -0.12859713 0.25821602 0.2165572 0.07350138 -0.046645753 -0.052915376 -0.07231217 -0.14411822 -0.48167422 -0.62456316 -0.4201578 -0.08114733 0.0194625 -0.047474407 -0.09308295 -0.06597811 0.072069176 0.27907383
-32767.0 0.16329978 0.0003859033 0.10882007 0.13777208 0.07752725 0.10741372 0.042860344 0.038181376 -0.0333249 -0.092040606 -0.007844863 0.020091638 0.04246882 0.20736165 -0.007018105 0.012512403 -0.17080498 -32767.0 -32767.0 -32767.0 -32767.0 -32767.0 -32767.0 -32767.0 -32767.0 -32767.0 -32767.0 0.8262257 0.9210451 0.18839912 -0.18530367 -0.32039902 -0.23120663 -0.35566035 -0.5269963 -0.28687325 -0.22882307 -0.2974591 -0.23666133 -0.02854431 0.42824584 0.36335698 0.12498428 -0.16775477 -0.14557824 -0.08298739 0.05268074 -0.2089593 -0.44857082 -0.14604548 0.052520324 0.14692806 0.08538698 0.15275994 0.010343708 0.07459376 -32767.0
-32767.0 0.11654627 0.15799637 0.08186518 0.15112908 0.15649061 0.08975017 0.031220367 -0.024717199 -0.07011992 -0.17369153 -0.097536795 0.0020170081 0.07338993 0.06409627 -0.06634519 -32767.0 -0.07701623 -32767.0 -32767.0 -32767.0 -32767.0 -32767.0 -32767.0 -32767.0 -32767.0 -32767.0 -32767.0 0.7584637 1.0257357 0.27391744 0.009181734 -0.22174405 -0.3587057 -0.3884206 -0.32003298 -0.31751198 -0.22483876 -0.20920646 -0.15215611 0.30007643 0.4646476 0.35847294 0.08812149 -0.25288817 -0.26978183 0.0032143057 0.06967491 0.08388322 -0.15281998 0.0006378377 0.14718953 0.20081864 0.355569 0.40925932 0.054284852 -0.19261453 -32767.0
0.10304134 0.17007408 0.06883411 0.027676309 0.096895084 0.1622848 0.2645692 0.2138466 0.024152312 -0.12060693 -0.09806119 -0.09291791 -0.03623617 0.09534821 0.16163972 -32767.0 -32767.0 -32767.0 -32767.0 -32767.0 -32767.0 -32767.0 -32767.0 -32767.0 -32767.0 -32767.0 -32767.0 -32767.0 0.5745902 1.0388901 0.2841487 0.19621053 -0.10799431 -0.29387647 -0.17588821 -0.17939788 -0.2623003 -0.27444288 -0.1909061 -0.03802063 0.27389225 0.2992024 0.1888047 0.12505057 -0.24490348 -0.26124313 0.01130919 0.3032756 0.12045637 0.07160595 -0.012433166 0.11306853 0.26442784 0.33238953 0.41085723 0.26840672 -0.017022282 0.050526112
0.07230205 0.06082444 0.033977035 0.06407244 0.082444966 0.15074304 0.209527 0.120469235 0.09898585 0.037071295 -0.052372932 -0.07399896 -0.04257366 0.070829615 0.17078312 0.10409176 -32767.0 -32767.0 -32767.0 -32767.0 -32767.0 -32767.0 -32767.0 -32767.0 -32767.0 -32767.0 -32767.0 -32767.0 0.07952165 1.0222942 0.5225058 0.14759721 0.17895555 -0.02549651 0.0392932 -0.05516557 -0.12554902 0.022753939 0.056513168 0.06976744 0.18843453 0.24134119 0.25808015 -0.028313559 -0.1533569 -0.20639235 0.100172654 0.21221597 0.034313723 -0.025119586 0.038846597 0.09703796 0.24902602 0.3443546 0.3582553 0.37116218 0.08197629 -32767.0
0.048736427 0.045493104 0.049085286 0.028036553 -0.00991173 0.072272874 0.1097846 0.15443859 0.13761376 0.08903847 0.04896784 -0.020938791 -0.0019085992 0.06797303 0.19090806 0.13474922 0.04610037 -32767.0 -32767.0 -32767.0 -32767.0 -32767.0 -32767.0 -32767.0 -32767.0 -32767.0 -32767.0 -32767.0 -0.014029039 1.0298073 0.488571 0.13861558 -0.04343198 -0.07788229 0.038582917 0.057630554 -0.015355432 0.030446384 0.11764834 0.044875808 0.047612008 0.14941406 0.26589105 -32767.0 -0.15190627 0.013923194 0.26120624 0.16611248 0.05388208 -0.124287814 -0.04826158 0.17933373 0.5631844 0.23893517 0.28942838 -32767.0 -32767.0 -32767.0
0.022378234 0.004481145 0.012992415 0.002884083 -0.0008736256 0.063792914 0.07606284 0.03911398 0.017936893 0.07432009 0.08482904 -0.0054012276 -0.0003768173 0.052728064 0.041208576 0.065870084 0.05060701 -32767.0 -32767.0 -32767.0 -32767.0 -32767.0 -32767.0 -32767.0 -32767.0 -32767.0 -32767.0 -32767.0 -32767.0 0.87248164 0.24226677 -0.039665516 0.016335718 -0.094336525 -0.19267191 -0.0043681683 0.12714921 0.2617547 0.2985479 0.14025389 -0.014977172 0.1597991 0.19946045 -0.032438815 0.00825657 0.2756226 0.05157725 0.2100187 0.28849745 0.18617801 0.04433167 0.20503378 0.64841163 0.32073018 -0.012657285 -32767.0 -32767.0 -32767.0
0.0019245902 -0.04337799 -0.08966028 -0.072495714 -0.052497987 -0.004776619 0.0055430667 -0.032105118 -0.079663776 -0.036084384 0.04510944 0.061486207 0.06484044 0.03308344 -0.035979994 0.0769799 0.036835216 -0.09027081 -32767.0 -32767.0 -32767.0 -32767.0 -32767.0 -32767.0 -32767.0 -32767.0 -32767.0 -32767.0 0.6429993 0.64747393 0.19238684 -0.25883958 0.06536432 -0.19883254 -0.14669198 0.2298362 0.1246677 0.19877876 0.31411627 0.26815692 0.15408628 0.20605427 0.26215443 0.1043002 0.03253697 0.11582269 -0.06887959 0.025708452 0.32925552 0.1440876 0.068291925 -32767.0 0.0057645952 0.06907796 -0.03399714 -32767.0 -32767.0 -32767.0
-0.04159587 -0.096231215 -0.109119244 -0.097775176 -0.06716213 -0.08120444 -0.051485874 -0.066265725 -0.05116923 -0.077905394 -0.0421395 -0.040523473 0.13672449 0.01720669 -0.005211874 0.07132268 -0.033436995 -32767.0 -32767.0 -32767.0 -32767.0 -32767.0 -32767.0 -32767.0 -32767.0 -32767.0 -32767.0 -32767.0 0.5288615 0.5514109 0.11604286 -0.11305074 -0.0032951278 0.07490524 0.07189189 0.17289168 0.19576359 0.3807935 0.35453573 0.4246738 0.55572444 0.17663196 -32767.0 -32767.0 -0.12131467 -0.099630445 -32767.0 -32767.0 -32767.0 -32767.0 -32767.0 -32767.0 -32767.0 -32767.0 -32767.0 -32767.0 -32767.0 -32767.0
0.024507295 -0.069140084 -0.055875476 0.0032270462 -0.007975919 -0.036305003 -0.00028424477 0.005968398 0.025078315 -0.02302185 -0.024831519 -0.05628265 0.048443947 -0.18027693 0.057315394 0.028468454 -32767.0 -32767.0 -32767.0 -32767.0 -32767.0 -32767.0 -32767.0 -32767.0 -32767.0 -32767.0 -32767.0 0.3744276 0.4321529 0.31126082 -0.13381441 -0.08005098 -0.06027717 -0.07238116 0.08338411 0.14302194 0.20824152 0.25618085 0.2604185 0.56622976 0.094838046 -32767.0 -32767.0 -32767.0 -32767.0 -32767.0 -32767.0 -32767.0 -32767.0 -32767.0 -32767.0 -32767.0 -32767.0 -32767.0 -32767.0 -32767.0 -32767.0 -32767.0
0.084501244 0.008518825 -0.0053920057 0.05795531 0.023884363 0.028180754 0.07942655 0.09932486 0.007437481 0.004907963 -0.096661724 -0.16397029 -0.17375967 -0.18453655 0.018406129 0.03714437 -32767.0 -32767.0 -32767.0 -32767.0 -32767.0 -32767.0 -32767.0 -32767.0 0.037520103 0.019354016 0.1775846 0.1677215 0.19330966 0.0811669 -0.2843741 -0.19042835 -0.14151731 0.016358986 0.2997618 0.27150437 0.28187832 0.2965078 0.35760927 -32767.0 -32767.0 -32767.0 -32767.0 -32767.0 -32767.0 -32767.0 -32767.0 -32767.0 -32767.0 -32767.0 -32767.0 -32767.0 -32767.0 -32767.0 -32767.0 -32767.0 -32767.0 -0.046157833
0.058451243 0.009618584 0.04102605 0.02117282 -0.010918255 0.05458128 0.10363474 0.052366994 -0.10112939 -0.22534768 -0.33016753 -0.26885465 -0.27768955 -0.2216965 -0.049386166 0.038324103 -32767.0 -32767.0 -32767.0 -32767.0 0.035500895 -0.0039008518 -0.11812082 -0.10730605 0.014813687 0.20276171 -0.0065232925 0.30673522 -0.14931718 -0.20254706 -0.2597295 -0.23755096 -0.0017698919 0.380608 0.5493924 -0.045611817 0.1337364 0.1525648 -32767.0 -32767.0 -32767.0 -32767.0 -32767.0 -32767.0 -32767.0 -32767.0 -32767.0 -32767.0 0.08378423 0.1924591 -32767.0 -32767.0 -32767.0 -32767.0 -32767.0 -32767.0 -32767.0 0.003467002
0.13105421 0.07990514 0.048698615 -0.010267797 -0.049238596 -0.054192923 -0.039909113 -0.12439996 -0.1460972 -0.16094258 -0.21193086 -0.23793194 -0.239009 -0.36834028 0.057588886 -32767.0 0.036577053 -32767.0 0.005037006 -32767.0 -0.057530917 -32767.0 -0.18494944 -0.2714849 -0.23801295 -0.16837493 -0.006305644 0.14101394 -0.37385055 -0.22260554 -0.004158358 0.1696642 0.3046592 0.4343869 0.22628452 0.053043347 -32767.0 -32767.0 -32767.0 -32767.0 -32767.0 -32767.0 -32767.0 -32767.0 0.09129352 0.021979257 0.044036686 -0.028989993 0.07944046 0.06527007 0.07082835 0.05790132 -32767.0 -32767.0 -32767.0 -32767.0 -32767.0 -0.08386278
0.19394329 0.17549819 0.092320554 0.034470953 0.088705346 0.040396936 -0.025653385 -0.13317831 -0.20070185 -0.18339735 -0.092484035 -0.19091101 -0.17561886 -0.27891815 -0.18071538 -0.19377087 -0.061502222 -0.095401 -0.22579113 -0.2858356 -0.30129558 -0.28515935 -0.23585585 -0.20554565 -0.19995636 -0.15758236 0.027871802 -32767.0 0.03559447 0.12270703 0.19153562 0.19096087 0.2497694 0.36384973 -32767.0 -32767.0 -32767.0 -32767.0 -32767.0 -0.10976211 -0.026161518 0.013803214 -0.062181816 -0.07250584 0.064044915 0.07090242 -32767.0 -32767.0 -0.022721257 -0.0724776 0.13379328 -32767.0 -32767.0 -32767.0 -32767.0 -32767.0 0.21737812 0.20908456
0.20259762 0.071304 0.05277791 0.1063913 0.1011892 0.051827163 -0.09242311 -0.199467 -0.25877166 -0.26028165 -0.014357518 -0.022695087 -0.30245999 -0.34683824 -0.38135213 -0.27852052 -0.3133403 -0.10287497 -0.26758206 -0.42374504 -0.48216859 -0.32802746 -0.100141495 0.057468332 -0.081932776 -0.06503498 0.06564534 0.027277993 0.1548745 0.121624574 0.07703133 0.20011532 0.21690126 0.075162776 0.057777543 -32767.0 -0.06757561 -0.021203022 -32767.0 -0.09955303 0.016887669 -0.059586953 -32767.0 0.038446773 -0.009154962 -32767.0 -32767.0 -32767.0 -32767.0 -0.15959075 0.025544113 -32767.0 -32767.0 -32767.0 -32767.0 0.2485251 0.333799 0.17552964
