static/data/seaWater_vo/2023/7/8/18.asc
ncols 137
nrows 93
xllcorner 108.0
yllcorner 17.0
cellsize 0.25
NODATA_value -32767
[rows 26 to 51 of 93, columns 58 to 115 of 137]
0.04939297 0.15764166 0.2916211 0.29120722 0.3000928 0.33819464 0.40232247 0.3676263 0.4114184 0.38091734 0.33747867 0.27623913 0.16228358 0.08581644 0.12469328 0.10374241 -32767.0 -32767.0 -0.10625705 0.28641298 0.18795562 0.020283509 -0.04424577 -0.0729899 -0.05144015 0.023161488 -0.05463345 -0.04789642 0.11097094 0.06398449 0.06002603 -32767.0 -32767.0 -32767.0 -32767.0 -32767.0 -32767.0 -0.27161565 0.070195585 0.25438997 -32767.0 -32767.0 -32767.0 -32767.0 -32767.0 -0.08985121 -32767.0 -0.03177087 0.10846165 0.076830305 -0.0076187793 -0.30376112 -0.25996938 -32767.0 0.14080352 -0.02555812 0.14027013 0.39666882
-0.027361814 0.0682404 0.044347327 0.15985642 0.22871073 0.2323623 0.32571822 0.37703118 0.3541565 0.29160675 0.19614704 0.083039 0.013630031 0.02674517 0.092767544 -32767.0 -32767.0 0.118929006 0.19219445 0.36160135 0.39919347 0.23447476 0.014770752 -0.14517364 -0.09331593 -0.099838756 0.023408135 -0.04209551 -32767.0 -32767.0 -32767.0 -32767.0 -32767.0 -32767.0 -32767.0 -32767.0 -32767.0 -0.3029804 -0.10743725 0.18580261 -32767.0 -32767.0 -32767.0 -0.056661513 0.043260135 -0.14119227 -0.29836196 0.03648039 0.10881427 0.12885438 -0.12162297 -0.3854214 -0.17070174 -0.10034826 -0.07834029 -0.0645356 0.040994782 0.25948533
-0.09147979 0.10617349 0.1182499 -0.004456246 -0.038393956 0.05529495 0.121744074 0.1504778 0.071789056 0.111287415 0.038648754 0.0028547605 -0.0010787987 0.041738506 0.07159089 0.07919016 0.118887216 0.10896275 0.12119209 0.24088842 0.33927736 0.13712572 -0.063883096 -0.19932947 -0.24046765 -0.13593931 -32767.0 -0.16027309 0.1141124 -32767.0 -32767.0 -0.02742065 -32767.0 -32767.0 -32767.0 -32767.0 -32767.0 -32767.0 -0.24360341 0.11124181 -32767.0 -32767.0 0.04673553 0.10029426 -0.028548518 -0.069014706 -0.21136418 -0.13145927 0.053532925 0.040326234 -0.10725645 -0.49811438 -0.22033727 -0.18375278 -0.043282457 0.009408548 -0.022052692 0.09027984
-0.06715089 -0.03283992 0.16795355 0.094578415 -0.05628525 0.059561186 0.09026267 0.07659306 0.047790464 -0.022674736 0.003928023 0.048893422 0.1199166 0.22396858 0.15627553 0.10905387 0.083945625 -0.0734617 -0.12457495 0.051061638 0.15251423 0.09944223 -0.06456658 -0.21481158 -0.25367823 -32767.0 -0.0145234 0.035001874 0.023947153 0.091295205 0.07390448 -32767.0 0.08905083 -32767.0 -32767.0 -32767.0 -32767.0 -32767.0 0.009298417 0.003901514 -0.14054723 -0.36823955 0.015569771 -0.05206214 -0.08109062 -0.06092158 -0.013828795 0.03696367 0.07696541 0.0573611 -0.108927615 -0.42433226 -0.4907664 -0.27688533 -0.1136243 0.043244176 0.10861782 -0.015963
0.04403048 0.010869386 0.12070066 0.17125289 0.057979524 -0.050331865 -0.016799312 0.005385955 0.049493913 0.05425988 0.022339974 0.068284735 0.09243842 0.11133707 0.03719351 0.066852376 -0.012478463 -0.0331141 -0.018314753 0.009293426 0.084471546 0.11306746 0.071586356 -0.12598544 -0.23417065 -0.15970244 0.065966256 -0.062017333 -0.06299923 -0.009696822 0.0510201 -0.02823367 0.039529078 -32767.0 -32767.0 -32767.0 -32767.0 0.20648365 0.16892199 -0.18534574 -0.36921996 -0.4278789 -0.21861146 -0.20585671 -0.16946207 -0.027191151 0.077638 0.078947686 0.02741303 -0.08546594 -0.14136007 -0.35553667 -0.7267958 -0.43617988 -0.21871485 -0.07341067 0.0836347 0.07712435
0.078665346 0.11061748 0.13595283 0.049601495 0.10936345 0.08890331 -0.040809598 0.005770709 0.14607564 0.19799028 -0.041774776 0.0011817724 -0.07744503 -0.115584396 -0.18319467 -0.04164022 -0.04732972 0.023058059 0.048109103 0.0986132 0.0878026 0.0703819 0.06041949 -0.008526132 -0.09716366 -0.09456661 -0.06427082 -0.11802074 -0.1965664 -0.08706868 -0.012083609 0.04997081 0.05274339 -32767.0 -32767.0 -32767.0 -32767.0 0.27623203 -0.009275978 -0.3179454 -0.51121455 -0.31243172 -0.19414373 -0.08932358 0.19770521 0.35516897 0.32355204 0.14665091 -0.09076476 -0.28299457 -0.5095973 -0.451813 -0.6906431 -0.87155336 -0.29991835 -0.12042371 0.019332862 0.08289703
0.24693348 0.12897077 0.07935489 0.06700938 0.08464238 0.04335628 -0.004069616 0.008120071 -0.033901267 -0.061568096 0.06859155 0.15685527 0.100117244 0.020858893 -0.100708924 -0.047560915 0.01349502 0.14096628 0.32152012 0.2679592 0.20817307 0.20112267 0.0871674 0.012349488 -0.025612732 0.019049207 -0.034005366 -0.119918905 -0.22782224 -0.113364436 -0.041141942 -32767.0 -32767.0 -32767.0 -32767.0 -32767.0 0.09561812 -0.0140127605 -0.13714835 -0.2301146 -0.24759977 -0.095491506 0.13549837 0.33636525 0.4089696 0.3369279 0.22286631 0.069868036 -0.10788318 -0.39054286 -0.69791824 -0.9237824 -0.77404445 -1.0716153 -0.5261873 -0.20041844 -0.0917531 0.063602336
0.04152997 0.04728112 0.07196312 0.15766983 0.078376256 -0.04478881 -0.052379847 0.0022531908 0.031579193 -0.042806517 0.032129925 0.121719606 0.12352558 0.20909934 0.10625065 0.01727631 0.008322579 0.20201027 0.3730269 0.27847266 0.18642738 0.19719034 0.26960886 0.26729167 0.22869866 0.12098733 -0.053886108 -0.21585199 -0.2833576 -0.21296631 0.006724411 -32767.0 -32767.0 -32767.0 -32767.0 -32767.0 -0.055738445 -0.077920474 0.119951226 0.23461518 0.19893318 0.21527937 0.2899787 0.33101368 0.39600423 0.35994956 0.23800384 0.052768685 -0.03796638 -0.24338232 -0.7343225 -1.1350185 -1.0425528 -1.1369541 -0.78462976 -0.3058541 -0.14704722 -0.009388421
-0.30103928 0.018202372 0.11454057 -0.058735497 -0.0999683 0.08085107 0.06804104 0.13023537 0.14594398 0.043807816 0.049576987 0.24913813 0.13450782 0.16544054 0.18591492 0.11451927 0.0001257247 0.0947294 0.2874694 0.26164067 0.17782444 0.28914368 0.36140376 0.3390184 0.2503914 0.12728718 -0.10376458 -0.28245786 -0.34838822 -0.17036155 -0.03924338 0.037300717 -32767.0 0.18669465 -32767.0 -32767.0 -0.25610417 0.48897374 0.39053988 0.3900223 0.41041225 0.39826062 0.33540738 0.3069725 0.39301223 0.33450642 0.07681737 -0.07104888 0.066791005 -0.086488634 -0.5998467 -1.1779431 -1.3041643 -1.2390337 -0.92433745 -0.42521995 -0.22084682 0.020282354
-0.2887402 -0.17389683 0.012366902 -0.028303783 0.039176904 -0.058651127 0.04682762 0.05257542 0.05799576 0.013136001 0.12667346 0.11955734 0.116056286 0.15464583 0.19612491 0.14377922 0.11866276 0.1113867 0.28063253 0.3648517 0.3078372 0.4314485 0.41279173 0.31558987 0.27270424 0.070802495 -0.17096555 -0.2835911 -0.2278528 -0.24874918 -0.055262446 -0.10894039 -0.013894737 0.12690994 -32767.0 -0.23667486 0.0670721 0.83045286 0.64683557 0.70431864 0.59582144 0.61943424 0.5217648 0.23922086 0.14746621 0.15022314 -0.19102599 0.23742999 0.0783261 -0.23909545 -0.5652222 -1.1930621 -1.3909556 -1.3509628 -0.8601741 -0.39217693 -0.18417896 0.19353382
-0.08961682 -0.21768732 -0.03196276 -0.14274172 -0.015635267 0.05638347 0.16131188 0.13004623 0.1331079 0.12092641 0.10932962 0.105470814 0.17237628 0.2074989 0.19280568 0.14475842 0.16567606 0.25357902 0.36189452 0.3920352 0.38920614 0.4099344 0.33639815 0.3298111 0.21941757 -0.04704887 -0.21381694 -0.22504511 -0.08005169 -0.102843195 -0.12930438 -0.018683687 -0.11640651 -32767.0 0.4848577 -0.14697915 0.2141445 0.61654764 0.78392226 0.698115 0.56726587 0.67279357 0.5138317 0.19434033 0.116399 0.013033308 0.040032614 0.31479153 -0.023121985 -0.3981716 -0.66481584 -1.1648992 -1.3679166 -1.4200828 -0.6663942 -0.27483606 -0.052457068 0.32781646
-0.05438916 -0.045680486 -0.055875354 0.14252394 0.22285771 0.16032638 0.0841171 0.16925217 0.22664073 0.21554273 0.12986976 0.1507464 0.21917425 0.22859555 0.20957482 0.24508289 0.24622227 0.32765016 0.39501423 0.48551223 0.527197 0.4520845 0.32863608 0.27258974 0.14998 -0.12972246 -0.24143884 -0.14941376 -0.040756628 0.021085994 0.014396054 -0.029346667 0.026193239 0.104243524 0.14089923 0.063752495 0.31426522 0.7852076 0.7331574 0.55753803 0.5453614 0.48254448 0.3906435 0.32150686 0.12365863 -0.1550529 0.41112 0.24216153 -0.15699367 -0.48318517 -0.6859929 -1.0606308 -1.3296039 -1.4257909 -0.4409925 -0.13844773 0.11254109 0.48621076
-0.10361202 0.15838283 0.34077108 0.2533197 0.38587365 0.47083312 0.41257715 0.40453473 0.32977247 0.27946842 0.25462848 0.07062896 0.18682903 0.23154646 0.24560367 0.2716833 0.22032022 0.22674738 0.3087654 0.3877089 0.36458132 0.29854938 0.24650808 0.19952549 0.1761638 -0.111074805 -0.22336821 -0.10513665 -0.009601268 0.119325496 0.17618904 -32767.0 0.086738996 -0.43931785 -32767.0 0.1290795 0.8119187 0.79247546 0.5938129 0.5228722 0.4733575 0.3809355 0.37582755 0.21819763 -0.12867929 0.24488106 0.33185583 0.22740602 -0.11747836 -0.48519582 -0.57145846 -0.88234764 -1.3271439 -1.3816142 -0.3687984 -0.042759895 0.15658611 0.65063554
-32767.0 0.23907796 0.24591877 0.45652866 0.50477237 0.35622856 0.2938276 0.38640243 0.3655644 0.26001358 0.24372163 0.1384471 0.101936035 0.17353222 0.2300071 0.288371 0.25855702 0.2512097 0.2760156 0.3656318 0.3400211 0.3024006 0.24498786 0.10798892 0.014473451 -0.10953305 -0.26214457 -0.13355646 0.09420292 0.37597203 0.4377875 -0.25768378 -32767.0 -0.25427473 0.28065634 0.6816695 0.6805629 0.53977025 0.540334 0.49515313 0.39825282 0.2738622 0.36715353 -0.00782279 -0.10629305 0.29408264 0.13801701 0.27768564 -0.045764703 -0.43315384 -0.4850592 -0.7758199 -1.1767162 -1.2990396 -0.4500779 0.010579288 0.3169227 0.97696054
0.035006445 0.2590417 0.444168 0.45166203 0.41171506 0.3673426 0.3036015 0.1941787 0.34264663 0.18228391 0.1788013 0.18922745 0.15054777 0.16909438 0.21647461 0.26540902 0.25406593 0.2713649 0.38372988 0.36532664 0.40744576 0.5051786 0.42894435 0.2793128 0.015931563 -0.28453916 -0.38252264 -0.1962137 0.12229904 0.5274944 -0.100836545 0.16324955 -0.071369976 0.21405767 0.39484048 0.3798389 0.49008307 0.6254462 0.47077447 0.4268039 0.4063673 0.20306557 0.19189599 -0.09386814 0.005819725 0.25926673 0.13112068 0.0076332623 0.025567748 -0.31900337 -0.43449152 -0.56124884 -0.8856352 -1.0933447 -0.6167848 0.096493386 0.60069686 0.9649464
0.058306426 0.50493294 0.4050205 0.48046806 0.41129038 0.32215902 0.2781869 0.22234447 0.2322898 0.24811833 0.117952906 0.24093115 0.33748585 0.3597448 0.34244063 0.33338362 0.28343442 0.28377607 0.36603415 0.496974 0.6686389 0.6489073 0.6855556 0.5293821 0.17935526 -0.10166377 -0.36486623 -0.3189607 -0.024290659 0.2049443 -0.049829252 0.01369983 0.120716095 0.083301894 0.26776394 0.3201757 0.6695178 0.53630584 0.33727157 0.34038994 0.33993205 0.31802416 0.11041921 -0.017103199 -0.14270829 0.066429436 0.21723524 0.13514252 -0.08022338 -0.19102913 -0.39410052 -0.4211011 -0.57018924 -0.7537838 -0.5833913 -0.044119027 0.45205444 0.6918818
0.14079542 0.382107 0.39137343 0.37236738 0.41944283 0.42799866 0.32641122 0.21525852 0.18846555 0.27003628 0.2985662 0.282321 0.28799847 0.34163398 0.33719325 0.3370243 0.2828008 0.32555795 0.45778492 0.6579001 0.66246456 0.9054059 0.7992255 0.5049505 0.21873309 -0.02778452 -0.19186829 -0.1827119 0.0809885 -0.12473911 -0.098901235 -0.02695001 0.047980323 0.1315532 0.17916492 0.35022298 0.4718745 0.4026008 0.22394845 0.313723 0.35803112 0.27615815 0.162729 -0.0059768106 -0.15061712 -0.24343657 0.09186294 0.23076357 0.16001286 -0.017903866 -0.23545994 -0.37443048 -0.3808779 -0.31534111 -0.17038995 0.082894936 0.30222777 0.4397836
0.28940007 0.2697125 0.37698844 0.37408298 0.42314523 0.43732858 0.3253091 0.21575114 0.14580432 0.25072524 0.28323478 0.22135593 0.20713605 0.23485573 0.25784382 0.2844522 0.35130644 0.44281915 0.57969356 0.54616797 0.89112663 0.98801196 0.7097013 0.45725098 0.21708927 0.0450788 -0.09091727 -0.07129429 -0.25277445 -0.21916516 -0.015355777 0.016858824 0.08942623 0.08380078 0.15508413 0.21758254 0.2678307 0.3404452 0.33476198 0.4127686 0.39752316 0.30873445 0.19146517 0.016659183 -0.0953791 -0.15602009 -0.09199377 0.09833728 0.13575932 0.045451358 -0.03930529 -0.19666092 -0.32146043 -0.2998701 -0.15448026 -0.0070617204 0.16939668 0.24928097
0.24441676 0.2744337 0.35945684 0.35114285 0.38005283 0.39600563 0.2940635 0.27703202 0.17036635 0.1338512 0.23885459 0.20701821 0.17468539 0.18322605 0.20934649 0.23210411 0.2690577 0.39336124 0.39506033 0.63365734 1.0385494 0.85691357 0.6110382 0.37803313 0.10952386 0.008690652 -0.090547085 -0.16932027 -0.017881088 -0.15468995 0.03573821 0.14033286 -0.2179567 -0.015599025 0.19652617 0.20454808 0.3074794 0.44952863 0.47043914 0.42844468 0.31689912 0.17439243 0.11481683 0.031390693 -0.0705935 -0.11155869 -0.0932056 0.0103833955 0.049264506 0.015950503 0.028501736 -0.00068757054 -0.18606961 -0.30414647 -0.2080643 -0.07605964 0.010628888 0.009231312
0.29684362 0.32465473 0.34750143 0.27542377 0.26576352 0.34852213 0.269613 0.3286208 0.18315963 0.05787312 0.16186133 0.11785908 0.1438317 0.17813227 0.14133702 0.1582278 0.25178003 0.24613935 0.3608157 0.92364424 0.99534655 0.68395454 0.5355765 0.25909078 0.021339051 -0.0145842815 -0.03803987 -0.10402794 -0.1712555 0.029791519 0.023757841 0.11117389 -0.13256359 0.023087427 0.16363648 0.27979514 0.42333198 0.4200041 0.3656141 0.3240594 0.25138557 0.16036053 0.12565206 0.085720114 -0.05861972 -0.19322512 -0.17285417 -0.077049114 0.038360454 0.0662654 0.05876171 -0.13329881 -0.20257942 -0.2346489 -0.24429403 -0.147926 -0.13150989 -0.04660539
0.37163714 0.32244962 0.36561817 0.36548623 0.22565563 0.22933932 0.19244152 0.27390844 0.15709037 0.043495767 0.06492724 0.10036327 0.15801732 0.112669356 0.09524005 0.17773503 0.30277228 0.3786988 0.74025244 1.0814966 0.8014368 0.5221286 0.42360482 0.13582939 -0.035150222 0.01596305 0.030555528 0.002858211 -0.12597361 -0.07298209 -0.022669794 -0.0049702013 0.0005105273 0.1643139 0.3563789 0.39815181 0.4219736 0.42396417 0.37053108 0.3061042 0.19453472 0.13077189 0.08709841 0.029767074 0.019418038 -0.17672591 -0.25722104 -0.15065606 -0.06394923 -0.032395333 -0.1285191 -0.11383184 -0.16772851 -0.23912273 -0.2451234 -0.23905383 -0.10955069 0.11996309
0.35501447 0.48826247 0.33962807 0.20227279 0.053058416 0.16134414 0.16843353 0.21169025 0.21478593 0.031299554 0.093551904 0.14857356 0.17615864 0.12902638 0.010523163 0.2197622 0.43591294 0.7488747 1.0722867 0.87986946 0.54990935 0.36889127 0.2859352 0.00087476376 -0.17360044 0.24686372 0.18946105 -32767.0 -0.18450922 -0.1093756 -0.05886767 0.1079925 0.32088715 0.33185396 0.38461378 0.44044635 0.47295544 0.41148445 0.30221942 0.21959013 0.082109585 -0.045002148 -0.10071107 -0.046029497 -0.029981475 -0.08874275 -0.28223062 -0.30099836 -0.23318045 -0.2890067 -0.13401614 -0.15540262 -0.1590781 -0.18905286 -0.3054085 -0.22738807 0.038630996 0.06867707
0.57945305 0.15743963 0.32611537 0.040737636 0.0050874352 0.096669324 0.11983536 0.19368717 0.29034612 0.05414529 -0.006408628 0.1336791 0.21505307 0.18988138 0.25269875 0.43942365 0.76262426 1.0056998 0.819813 0.5570008 0.35368702 0.25262168 0.15195578 -0.09206345 -0.22138648 0.14367592 0.18447037 -0.01508306 -0.26684663 0.05616268 0.24625209 0.30217934 0.2640677 0.32403803 0.42155486 0.49840677 0.4820216 0.3298039 0.17911752 0.022962581 -0.13274619 -0.21494487 -0.33650896 -0.3239189 -0.11945003 -0.15452014 -0.43315607 -0.49406716 -0.46683866 -0.2660433 -0.21857354 -0.11001473 -0.1826714 -0.19176221 -0.09405729 0.07558653 0.083436124 -0.033367712
0.44720218 0.19035073 0.15856464 0.03611339 0.06623955 0.022877553 0.060196616 0.18801706 0.21945822 -0.024826942 -0.029101009 -0.014113966 0.15983835 0.31022483 0.47144717 0.78124106 0.9399276 0.763804 0.5366921 0.33560705 0.26867908 0.14747746 -0.03151742 -0.1435099 -0.1267507 0.02594303 -32767.0 -0.14326206 0.115247466 0.26788327 0.24302116 0.1517191 0.2965007 0.39027226 0.47271815 0.49228686 0.36138558 0.2524647 0.13981545 -0.009135375 -0.16344963 -0.3001175 -0.4344833 -0.47875744 -0.2062075 -0.38743904 -0.6417801 -0.6592736 -0.45725924 -0.252603 -0.091683686 0.0645081 0.082008705 0.07708758 0.036076516 0.0141108325 -0.08846283 -0.35560393
0.4154769 0.28245708 0.084536396 0.107364535 0.0731858 -0.037592363 -0.026638461 0.077125244 0.12760267 -0.020102805 0.013595094 -0.0067920396 0.090120986 0.34107125 0.74170303 0.8523489 0.79064924 0.56228757 0.3340937 0.34069127 0.18991433 -0.044993956 -0.14024988 -0.1852122 -0.13458024 -0.1849107 -0.07834409 0.21668279 0.31643236 0.19719532 0.09065165 0.25595602 0.24924263 0.38784766 0.42880252 0.43238828 0.33344716 0.22577517 0.12094619 -0.029566716 -0.2636688 -0.39646605 -0.6004329 -0.45720342 -0.40670735 -0.691786 -0.7623902 -0.5538365 -0.22201437 -0.1056939 -0.10529723 -0.06810654 -0.012510003 0.062364683 0.11916286 0.080213495 -0.13927095 -0.3565649
0.5157974 0.21454754 0.11381845 0.13484699 0.053595275 -0.10379496 -0.068569526 0.06753124 -0.024689907 0.018201755 0.050199993 0.014642553 0.26203537 0.708993 0.7625376 0.7917395 0.6153886 0.3566755 0.36419877 0.26415575 0.020950885 -0.13405393 -0.0786181 -0.25232032 -0.2501322 -0.3169074 0.11093765 0.29061687 0.19060053 0.001363318 0.20663737 0.19998412 0.24754332 0.2658092 0.32688642 0.3880839 0.24993306 0.10478382 0.03386361 -0.1394368 -0.2702473 -0.5185722 -0.51898843 -0.4960617 -0.7407712 -0.7813977 -0.62389207 -0.14276014 -0.20577513 -0.20381857 -0.02791865 0.12593015 0.17135316 0.14870492 0.17082493 0.0397386 -0.09358944 -0.28693718
