static/data/seaWater_vo/2023/7/8/6.asc
ncols 137
nrows 93
xllcorner 108.0
yllcorner 17.0
cellsize 0.25
NODATA_value -32767
[rows 0 to 25 of 93, columns 58 to 115 of 137]
-32767.0 -32767.0 -32767.0 -32767.0 -32767.0 -32767.0 -32767.0 -32767.0 -32767.0 -32767.0 -32767.0 -32767.0 -32767.0 -32767.0 -32767.0 -32767.0 -32767.0 -32767.0 -32767.0 -32767.0 -32767.0 -32767.0 -0.03301406 -0.018267576 -0.16775088 -0.07966499 -0.0032157595 0.12755907 0.21514378 0.34529147 0.3516157 0.19802257 0.17630783 0.36067247 0.45960426 0.59052944 0.67212594 0.61558956 0.48796153 0.3393212 0.41018888 0.51521814 0.43743658 0.29694664 0.29857215 0.32704738 -0.13488238 -0.23011093 -0.07739018 0.0014981986 0.3434879 0.33678624 -0.008471832 -0.19591802 0.13842893 0.069311514 -0.066924214 -0.08914441
-32767.0 -32767.0 -32767.0 0.09009853 0.05954169 0.054150555 0.043848656 0.05586568 0.05144282 0.03478396 -32767.0 -32767.0 -32767.0 -32767.0 -32767.0 -32767.0 -32767.0 -32767.0 -32767.0 -32767.0 -32767.0 -0.1464664 -0.075847656 -0.1948165 -0.19480361 -0.19109672 -0.061044402 0.110093616 0.161531 0.2046593 0.21553387 0.17087248 0.29774126 0.40709424 0.39839092 0.33941156 0.3018461 0.50460696 0.2870923 0.22371045 0.20350017 0.46152392 0.5001846 0.20772737 0.013075884 0.0277121 0.02420432 0.09484265 0.22989184 0.26970568 0.4726315 0.29094657 -0.12143561 -0.2018608 -0.14677244 -0.19207756 -0.34541702 -0.24520041
-32767.0 0.041921113 -32767.0 0.073222004 0.08158943 0.08453807 0.09211208 0.0764817 0.0827038 0.02485389 0.054489248 0.031162642 -32767.0 -32767.0 -32767.0 -32767.0 -32767.0 -32767.0 -32767.0 -32767.0 -32767.0 -0.13667628 -0.089648545 0.061988857 0.03693312 -0.03248912 -0.1672991 -0.06092571 0.05841472 0.04913639 0.028700203 0.20490009 0.29428077 0.17530255 0.28281754 0.11101601 0.06657602 0.1477633 0.12285704 0.082186386 0.08117119 0.5720105 0.6734633 0.26768076 -0.21253824 -0.10906737 0.24204294 0.48439714 0.59632283 0.6179906 0.40112165 -0.01476109 -0.23664264 -0.118208155 -0.21886738 -0.21335769 -0.20667724 -0.26397267
-0.0152722215 -32767.0 0.020734074 0.16508558 0.10046394 0.2648608 0.07090318 0.14620984 0.12251696 0.059253324 0.0096559385 0.14287223 -32767.0 -32767.0 -32767.0 -32767.0 -32767.0 -32767.0 -32767.0 -32767.0 -0.014979703 -0.02779381 0.0073226904 0.13432088 0.19943419 0.23907599 0.346336 0.47805652 0.37403148 0.16040403 0.090502925 0.38365886 0.37411717 0.07386293 -0.05787669 0.059155017 0.010550849 -0.027552241 0.06804167 0.32459623 0.5862795 0.6461195 0.47921523 0.08805104 -0.25153235 -0.18707113 0.34542254 0.4688762 0.6250265 0.61465675 0.22335574 -0.16181013 -0.39700964 -0.23066841 -0.02068863 0.24157351 0.027808093 -0.025073051
0.17068365 -32767.0 0.1281266 0.097316 0.24686301 0.35268208 0.25782776 0.19821015 0.23472694 0.06929428 0.13383734 -32767.0 -32767.0 -32767.0 -32767.0 -32767.0 -32767.0 -32767.0 -32767.0 -32767.0 -32767.0 -32767.0 -0.24986997 -0.09298567 0.18393525 0.30423644 0.41651538 0.6584558 0.54434866 0.48372105 0.42098045 0.30074555 0.2734223 0.22362708 0.17273957 0.15661237 0.11880783 0.090956636 0.27507836 0.6420382 0.6630847 0.44323945 0.06672579 -0.15911518 -0.34569657 -0.124014206 0.32433155 0.2592014 0.4205927 0.7770245 0.5052343 -0.044831846 -0.3409941 -0.4095486 -0.06388001 0.1763946 0.06579896 -0.05938423
0.3204212 0.19296111 0.2445591 0.23125568 0.3032551 0.3067426 0.21466047 0.16985369 0.078079626 0.12559028 0.06017797 -32767.0 -32767.0 -32767.0 -32767.0 -32767.0 -32767.0 -32767.0 -32767.0 -32767.0 -32767.0 -32767.0 -32767.0 -0.314407 -0.21132798 0.14193778 0.15784273 0.79549205 0.784434 0.8523749 0.72908723 0.4313575 0.2755162 0.18301526 0.21782275 0.2554639 0.23368631 0.20850986 0.38854256 0.5901376 0.45888224 0.10561994 -0.16611916 -0.348421 -0.40332878 -0.061221894 0.1794144 0.112508446 0.053763915 0.52452564 0.8187671 0.20094171 -0.18415856 -0.49554345 -0.043747682 0.2682256 0.28212655 0.18556178
0.33894032 0.30081776 0.2815652 0.20348525 0.10606586 0.063687645 0.015636917 0.07105736 0.121625565 0.20466574 0.044022836 -32767.0 -32767.0 -32767.0 -32767.0 -32767.0 -32767.0 -32767.0 -32767.0 -32767.0 -32767.0 -32767.0 -32767.0 -32767.0 -0.47832003 -0.07206644 0.15043913 0.34402826 0.7478804 0.86190575 0.7195853 0.5431382 0.40294462 0.3055163 0.19723862 0.1099956 0.124842666 0.28002632 0.37155953 0.40534973 0.21849735 -0.09406313 -0.22274502 -0.2593261 -0.12025261 0.12162454 0.26835072 0.18084034 0.21931118 0.48530287 0.5941278 0.2071129 -0.13803904 -0.3600664 -0.057182096 0.2653123 0.45717043 0.34885284
0.249896 0.19106509 0.0987645 0.059153788 -0.0028954837 -0.06388301 -0.086719655 0.06721057 0.34049612 0.04863917 -32767.0 -32767.0 -32767.0 -32767.0 -32767.0 -32767.0 -32767.0 -32767.0 -32767.0 -32767.0 -32767.0 -32767.0 -32767.0 -32767.0 -32767.0 -0.25405818 0.01074784 -0.031848077 0.3746945 0.7945986 0.5709044 0.4432017 0.39077604 0.20364574 0.0052521313 -0.1052287 0.18371582 0.24126942 0.21924303 0.25992978 0.10145426 -0.15929347 -0.28912532 0.0032753376 0.25954813 0.5488349 0.4846589 0.28468007 0.20739238 0.24256264 0.29025444 0.090078995 -0.06927789 -0.15515327 -0.068568796 0.28853995 0.32276356 0.24809714
0.22612336 0.1783245 0.12768264 0.05876944 0.04006279 -0.020507816 -0.061987285 0.089357 0.21850719 -32767.0 0.16116716 -32767.0 -32767.0 -32767.0 -32767.0 -32767.0 -32767.0 -32767.0 -32767.0 -32767.0 -32767.0 -32767.0 -32767.0 -32767.0 -32767.0 -0.19014099 -0.09482251 0.08893677 0.6035828 0.61242586 0.49182525 0.44643828 0.2987767 0.2082032 -0.17572185 -0.111578494 0.021032017 0.28051102 0.06787677 0.061186466 0.09446359 -0.19798754 -0.31603926 0.07841949 0.30619547 0.5105084 0.27138627 0.1382197 0.17903885 0.16040346 0.22547676 -0.22328508 -0.15277615 -0.111772865 -0.025179047 0.1298762 0.11155668 0.35602477
0.20705147 0.15896903 0.14098436 0.07420911 0.13455656 0.035920538 -0.095684424 -0.025139965 -0.0054574674 0.13291582 0.32823607 0.15238391 0.027252479 -0.02272454 0.10238423 0.0039137816 -32767.0 -32767.0 -32767.0 -32767.0 -32767.0 -32767.0 -32767.0 -32767.0 -32767.0 -32767.0 -0.21830048 0.01424952 0.69826525 0.583068 0.24209651 0.3112496 0.26518685 0.20002954 -0.24097027 -0.18061852 -0.0021317631 0.2719229 0.06703842 0.036098257 0.16753432 0.19392353 0.019911645 0.021080649 0.29099607 0.059990417 0.29684642 0.27217495 0.27320653 0.19400147 -0.17581509 -0.22966562 -0.23628509 -0.2197602 -0.20998798 -0.21088803 -0.041788276 0.23450053
0.075722806 0.06988242 0.059996113 0.2185797 0.20859335 0.08825061 -0.12746169 -0.14652844 -0.14058413 -0.102670915 0.15671155 0.11149126 0.076498054 0.07261309 0.056370962 0.035353802 -32767.0 -32767.0 -32767.0 -32767.0 -32767.0 -32767.0 -32767.0 -32767.0 -32767.0 -32767.0 -32767.0 -0.1381233 0.55332744 0.5353206 0.07464419 -0.041487295 -0.039755236 0.116195 -0.029589616 -0.09301701 0.21761252 0.29125902 0.05209294 0.0030581309 0.13099128 0.35427743 0.40218234 0.069040604 -0.087771654 0.033218607 0.35045576 0.32041764 0.24547882 0.0514166 -0.10447454 -0.28807878 -0.4165379 -0.37006214 -0.32762173 -0.29955062 -0.17438976 0.21636751
-32767.0 0.19359717 -0.007027774 0.11288592 0.21519402 0.14591001 -0.0108323535 -0.14078219 -0.11634994 -0.076891124 -0.039401438 0.086486 0.113780595 0.093179345 0.15279302 0.002340147 0.13958779 -0.13179356 -32767.0 -32767.0 -32767.0 -32767.0 -32767.0 -32767.0 -32767.0 -32767.0 -32767.0 -32767.0 0.4027691 0.49390742 0.19485784 -0.02600753 -0.10496337 -0.068626344 0.031689513 -0.08128793 0.09786314 0.21232443 0.2500614 0.10168043 0.20533964 0.42125076 0.32352516 -0.048915982 -0.26869926 -0.055639837 0.20377737 0.12714003 -0.01267028 -0.16278386 -0.29571667 -0.37816292 -0.3661776 -0.35104 -0.27898827 -0.056777194 -0.05843024 -32767.0
-32767.0 0.21151067 0.17127287 0.049480118 0.1533772 0.11156353 -0.0032903308 -0.014270862 -0.022147235 -0.027351975 -0.10630692 -0.08326023 0.07527317 0.13081577 0.027371 -0.14864984 -32767.0 0.07958672 -32767.0 -32767.0 -32767.0 -32767.0 -32767.0 -32767.0 -32767.0 -32767.0 -32767.0 -32767.0 0.425209 0.53897107 0.13201043 0.14176571 0.07903803 -0.03777773 -0.04242978 -0.007608196 0.04994475 0.17731334 0.20705095 0.25812882 0.4779075 0.35082978 0.12905067 -0.05110501 -0.4200001 -0.14338093 0.13287151 0.041706335 -0.08315371 -0.38908544 -0.5712549 -0.37934813 -0.32718447 -0.29062352 0.00013290718 0.14822803 -0.14592357 -32767.0
0.18146297 0.20750858 0.1549846 0.02936606 0.13188572 0.06775056 -0.086192586 -0.08942668 0.031751305 0.03308793 -0.081688136 -0.059850264 -0.04774037 0.04274265 0.1986698 -32767.0 -32767.0 -32767.0 -32767.0 -32767.0 -32767.0 -32767.0 -32767.0 -32767.0 -32767.0 -32767.0 -32767.0 -32767.0 0.32223573 0.49394748 0.16674224 0.1693583 0.07919102 0.012722093 0.047045868 0.05215681 0.01963254 0.104528084 0.18629235 0.3613518 0.41653195 0.13723075 0.02812209 0.108798765 -0.21702491 -0.28041622 0.036254484 -0.033942826 -0.26933724 -0.49512058 -0.575119 -0.40028417 -0.2514182 -0.174861 0.03777802 0.23926924 0.09917953 0.04230602
0.11758179 0.17533386 0.09067055 0.059964743 0.057240836 0.037803307 -0.09945057 -0.10168244 -8.401135e-05 0.100991584 -0.013575497 -0.08867053 -0.10917564 -0.0868676 0.08532659 0.13234529 -32767.0 -32767.0 -32767.0 -32767.0 -32767.0 -32767.0 -32767.0 -32767.0 -32767.0 -32767.0 -32767.0 -32767.0 0.18716694 0.75981784 0.21685402 0.042902194 0.16099803 0.12572993 0.10423169 0.11511631 0.11329948 0.08004827 0.12007053 0.18962471 0.11644162 0.12971266 0.13568561 -0.024118247 -0.2217593 -0.43789658 -0.3232893 -0.23795809 -0.31564036 -0.51893634 -0.48454288 -0.41336188 -0.28115043 -0.18723695 -0.0011819983 0.23773766 0.1091553 -32767.0
0.14624919 0.12518063 0.10238582 0.03309247 0.013762348 0.06915195 -0.0055415495 -0.07187795 -0.04466 0.016131029 0.0063039726 0.0030312706 -0.06530838 -0.038804986 0.06892809 0.0905806 0.0991506 -32767.0 -32767.0 -32767.0 -32767.0 -32767.0 -32767.0 -32767.0 -32767.0 -32767.0 -32767.0 -32767.0 -0.12661415 0.96243167 0.38398153 -0.026661556 0.11001953 0.14999616 0.071541764 -0.010644011 -0.049015526 0.040700264 0.07637033 -0.014426104 -0.10210197 0.21405365 0.2879162 -32767.0 -0.21703082 -0.29049093 -0.16940124 -0.15004726 -0.30724752 -0.39841977 -0.3212731 -0.27361968 0.17731605 0.061056335 0.09746158 -32767.0 -32767.0 -32767.0
0.11386032 0.058236197 0.011277825 -0.03416448 -0.0748355 0.008024826 0.011611952 0.0058892937 -0.020838184 -0.0071232906 0.08909683 0.14722016 0.035472002 -0.08348017 -0.073305264 0.0042489385 0.06982381 -32767.0 -32767.0 -32767.0 -32767.0 -32767.0 -32767.0 -32767.0 -32767.0 -32767.0 -32767.0 -32767.0 -32767.0 0.89507324 0.18950927 0.19799642 0.081256755 -0.048556764 -0.058253456 -0.018873366 0.019070746 0.027503217 0.028327545 -0.23555017 -0.42115387 0.035911866 0.23503639 0.02973936 -0.18485378 0.03058701 -0.3888942 -0.12471433 0.104719095 -0.12679978 -0.42163402 -0.12641114 0.4395935 0.13149333 -0.062157325 -32767.0 -32767.0 -32767.0
0.12095045 0.078591384 0.046118654 0.011219716 0.012141336 -0.00028525363 0.022763014 0.01310307 -0.019498942 0.016418679 -0.031722005 0.041697223 0.0111615155 -0.07268181 -0.058802303 0.07737562 0.020472143 -0.105257384 -32767.0 -32767.0 -32767.0 -32767.0 -32767.0 -32767.0 -32767.0 -32767.0 -32767.0 -32767.0 0.75081646 0.70807815 0.15039037 -0.22660549 0.08378717 -0.1386452 -0.1806921 0.08582237 -0.032933656 0.15184556 0.2507931 0.08144068 -0.11804814 -0.0034477245 0.06008402 -0.106114075 -0.32083967 -0.23890068 -0.21865816 -0.1374263 0.19877952 -0.05363954 -0.09216306 -32767.0 0.0011229718 -0.02351326 -0.021498546 -32767.0 -32767.0 -32767.0
0.08799515 0.12218628 0.14716177 0.13603806 0.13686281 0.095327735 0.027669055 -0.037647255 -0.053543083 -0.040757738 -0.053552326 -0.027792918 -0.03221762 -0.22229064 -0.00078341336 0.09373259 -0.035655797 -32767.0 -32767.0 -32767.0 -32767.0 -32767.0 -32767.0 -32767.0 -32767.0 -32767.0 -32767.0 -32767.0 0.55172735 0.5242485 0.08036426 -0.26205856 -0.19409832 -0.07615682 -0.012507394 0.28359252 0.18849173 -0.12092025 -0.017429985 0.31110698 0.37169 0.101463534 -32767.0 -32767.0 -0.0040146033 -0.1260647 -32767.0 -32767.0 -32767.0 -32767.0 -32767.0 -32767.0 -32767.0 -32767.0 -32767.0 -32767.0 -32767.0 -32767.0
0.15826975 0.17706692 0.1891784 0.13476826 0.11807475 0.094893955 0.123806335 0.022726197 0.031998243 0.048582446 -0.063183546 -0.08849018 -0.02953366 -0.0052430313 0.10974628 -0.027295686 -32767.0 -32767.0 -32767.0 -32767.0 -32767.0 -32767.0 -32767.0 -32767.0 -32767.0 -32767.0 -32767.0 0.5466965 0.65959823 0.35269985 -0.15370631 -0.22134827 0.23128673 0.37647146 0.42373896 0.39950743 0.23111756 -0.034584623 -0.044647284 0.36734954 0.11065448 -32767.0 -32767.0 -32767.0 -32767.0 -32767.0 -32767.0 -32767.0 -32767.0 -32767.0 -32767.0 -32767.0 -32767.0 -32767.0 -32767.0 -32767.0 -32767.0 -32767.0
0.055350024 0.12548839 0.11364013 0.07424904 0.06855987 0.1012411 0.1324738 0.090875715 0.016822902 0.068482324 0.06920294 -0.07900429 -0.05132996 0.036877863 -0.0041768104 0.038036298 -32767.0 -32767.0 -32767.0 -32767.0 -32767.0 -32767.0 -32767.0 -32767.0 0.086674 0.027712813 0.42525125 0.4668929 0.455031 0.18894294 -0.13933551 0.24741283 0.4336288 0.50653726 0.5138149 0.28572652 0.033192534 -0.052210808 -0.03740645 -32767.0 -32767.0 -32767.0 -32767.0 -32767.0 -32767.0 -32767.0 -32767.0 -32767.0 -32767.0 -32767.0 -32767.0 -32767.0 -32767.0 -32767.0 -32767.0 -32767.0 -32767.0 0.029072145
0.044275343 0.057564102 0.07523543 0.063033625 -0.015885217 -0.030817607 -0.017020635 0.030718464 -0.030149423 0.07705127 0.20864838 0.17797378 -0.025240596 -0.014367442 -0.03505248 0.05126895 -32767.0 -32767.0 -32767.0 -32767.0 -0.017480934 0.15686858 0.12782583 0.107877076 0.19129854 0.442656 0.28764278 0.6241466 -0.010464039 0.08108135 0.14532132 0.21707273 0.3914965 0.4666124 0.42737383 -0.055598192 -0.007384298 0.035260633 -32767.0 -32767.0 -32767.0 -32767.0 -32767.0 -32767.0 -32767.0 -32767.0 -32767.0 -32767.0 -0.040872842 -0.04212139 -32767.0 -32767.0 -32767.0 -32767.0 -32767.0 -32767.0 -32767.0 -0.028439624
0.059699785 0.017130882 -0.00822739 -0.024372557 -0.024895448 -0.08236653 -0.10309499 -0.022465795 0.008628176 -0.011502832 -0.049223613 0.15835026 0.15415399 -0.19953166 0.117192894 -32767.0 0.008990502 -32767.0 0.012584326 -32767.0 -0.06566214 -32767.0 0.19635832 0.13866726 0.100978486 0.17389016 0.23125762 0.21195671 -0.1364291 0.12468923 0.2713857 0.28877476 0.32269347 0.34346178 0.08325795 -0.09818864 -32767.0 -32767.0 -32767.0 -32767.0 -32767.0 -32767.0 -32767.0 -32767.0 0.13675429 -0.08217307 -0.040214643 -0.042125102 -0.06604405 -0.03884208 -0.02487592 0.061999742 -32767.0 -32767.0 -32767.0 -32767.0 -32767.0 -0.083892904
0.015436145 -0.07602002 -0.114146575 -0.11403339 -0.117195904 -0.19878684 -0.21617022 -0.2127784 -0.19175631 -0.20357613 -0.087920256 -0.0025208713 0.14786924 0.2143232 -0.0047873696 -0.20201604 0.03057355 -0.034719612 -0.0011641802 0.19816405 0.26297513 0.24670555 0.2610437 0.24573275 0.29199994 0.3959481 0.4967571 -32767.0 0.18462713 0.2565931 0.30992073 0.23623331 0.1595643 0.088707544 -32767.0 -32767.0 -32767.0 -32767.0 -32767.0 -0.095112324 0.017092314 -0.09475797 -0.021994023 0.0440969 0.06902045 -0.016527086 -32767.0 -32767.0 -0.08902568 -0.064986415 0.061457492 -32767.0 -32767.0 -32767.0 -32767.0 -32767.0 0.35032472 0.340818
0.021884697 -0.12770826 -0.19794556 -0.17575002 -0.21822321 -0.29253042 -0.29961166 -0.287583 -0.27870446 -0.27930275 -0.10956656 -0.06314138 -0.088660054 0.1210387 0.18732479 0.12289565 0.117913544 0.21510695 0.2196854 0.25496742 0.22474045 0.340917 0.41827714 0.36205545 0.19316515 0.28095564 0.300883 0.23884028 0.31333038 0.1850038 0.11735275 0.11068614 -0.025694085 0.097945444 0.065979294 -32767.0 0.0434219 0.11832739 -32767.0 -0.14074977 0.045956705 -0.05356807 -32767.0 0.020518944 -0.0729171 -32767.0 -32767.0 -32767.0 -32767.0 -0.084574215 0.02106007 -32767.0 -32767.0 -32767.0 -32767.0 0.362446 0.4801363 0.3169269
0.10689875 -0.145379 -0.2765195 -0.24257651 -0.25684017 -0.3357519 -0.30898407 -0.30555037 -0.33621886 -0.30447182 -0.2521673 -0.14678791 0.04891145 0.25112462 0.26937747 0.25452963 0.28093255 0.20254122 0.14542606 0.21570873 0.24619026 0.2721449 0.30573684 0.2989557 0.23513758 0.23942956 0.2282607 0.13103627 0.18398188 -32767.0 0.14475213 0.13984895 -32767.0 -32767.0 0.03720078 -0.040064942 0.038544122 0.0895634 0.115113676 0.11126518 -0.06492625 -32767.0 -32767.0 -32767.0 -32767.0 -32767.0 -32767.0 -32767.0 -32767.0 0.028439833 -0.06811187 -0.32273784 -32767.0 -32767.0 0.2917072 0.3070618 0.16211765 0.34638974
