static/data/salinity/2023/7/5/0.asc
ncols 137
nrows 93
xllcorner 108.0
yllcorner 17.0
cellsize 0.25
NODATA_value -32767
[rows 54 to 80 of 93, columns 61 to 121 of 137]
34.03997 34.04348 34.001266 34.079113 34.146706 34.23952 34.262753 34.2868 34.30742 34.280277 34.306904 34.328857 34.364914 34.499992 34.57905 34.53112 34.389587 34.43574 34.41178 34.46515 34.43171 34.26981 34.26088 34.239574 34.237175 34.336754 34.440784 34.470345 34.567127 34.560467 34.596066 34.644257 34.543533 34.422443 34.300262 34.152107 34.24839 34.376015 34.39536 34.38337 34.35028 34.326088 34.35684 34.47927 34.554966 34.626987 34.633995 34.659096 34.689434 34.70605 34.629345 34.62018 34.643913 34.64461 34.64404 34.63233 34.59079 34.59693 34.610954 34.597885 34.556156
34.073906 34.09492 34.07675 34.13174 34.24566 34.348457 34.402855 34.245716 34.137188 34.157543 34.229916 34.32697 34.374966 34.550396 34.607075 34.608635 34.556385 34.47307 -32767.0 34.510773 34.46038 34.34509 34.31027 34.296917 34.288746 34.321697 34.461002 34.495895 34.573383 34.548573 34.570507 34.65767 34.530563 34.457634 34.34764 34.16121 34.238605 34.262764 34.346844 34.3563 34.336494 34.3147 34.37292 34.523193 34.57049 34.60321 34.632584 34.65191 34.684647 34.667065 34.62064 34.696037 34.72189 34.71514 34.684566 34.65898 34.633194 34.61304 34.609318 34.619225 34.563976
34.148266 34.158203 34.185326 34.237354 34.275307 34.260674 34.250034 34.194473 34.138718 34.215534 34.294632 34.337696 34.4223 34.58299 34.613293 34.631516 34.61336 34.616856 34.523117 34.53336 34.523117 34.49742 34.44286 34.3832 34.32678 34.32398 34.428017 34.49004 34.573013 34.545147 34.5502 34.645397 34.657684 34.6296 34.51693 34.28697 34.160675 34.23066 34.262295 34.274815 34.29176 34.288124 34.356735 34.525066 34.559017 34.590923 34.638916 34.687237 34.700356 34.593586 34.693626 34.719967 34.73137 34.74608 34.73534 34.706142 34.686863 34.699368 34.661472 34.644844 34.570408
34.106228 34.048485 34.148727 34.19539 34.167313 34.128952 34.099884 34.044594 34.252556 34.29951 34.414974 34.376804 34.50761 34.595078 34.63164 34.649097 34.658478 34.67413 34.679516 34.672577 34.660206 34.646652 34.609573 34.546772 34.451736 34.393517 34.387985 34.492176 34.5671 34.521503 34.551617 34.59351 34.690998 34.71647 34.679077 34.632557 34.30716 34.15228 34.199417 34.211475 34.21424 34.237503 34.31885 34.508022 34.561405 34.620632 34.682407 34.657013 34.545586 34.70138 34.717648 34.68293 34.723335 34.72894 34.745235 34.74496 34.73115 34.628723 34.62498 34.646854 34.584984
34.207493 34.14052 34.179417 34.131626 34.19913 34.15221 34.042522 34.163235 34.32532 34.353336 34.48905 34.524006 34.61698 34.640385 34.65631 34.668274 34.685802 34.74033 34.72776 34.683216 34.663643 34.656647 34.645435 34.638428 34.53633 34.439316 34.393475 34.492188 34.544567 34.503357 34.551426 34.559467 34.61696 34.657738 34.686237 34.69319 34.627514 34.385414 34.15115 34.134594 34.169254 34.19906 34.282623 34.440315 34.52152 34.577007 34.594646 34.594353 34.62217 34.697952 34.713573 34.67383 34.711845 34.69881 34.736954 34.714622 34.58157 34.539246 34.600674 34.627354 34.636333
34.193348 34.201233 34.16943 34.186035 34.079147 34.02002 34.27906 34.363224 34.46763 34.582176 34.565994 34.651093 34.69614 34.71922 34.732327 34.751457 34.764122 34.72175 34.6736 34.663795 34.66158 34.659203 34.6519 34.632286 34.595715 34.465103 34.41146 34.50077 34.494793 34.509712 34.548103 34.57571 34.589134 34.66129 34.698265 34.71531 34.670734 34.62002 34.536594 34.291317 34.142357 34.16186 34.236614 34.390335 34.500076 34.556282 34.577488 34.533295 34.689102 34.64745 34.70599 34.725037 34.648613 34.6835 34.709698 34.672394 34.499657 34.50918 34.605892 34.59156 34.742836
34.21314 34.150307 34.03296 34.085052 34.257267 34.33543 34.465237 34.628014 34.641502 34.594986 34.70013 34.70318 34.728703 34.754066 34.76922 34.79839 34.727932 34.660713 34.662987 34.653046 34.659466 34.65644 34.66081 34.63117 34.605236 34.475143 34.442173 34.517616 34.523582 34.51731 34.554607 34.599064 34.659546 34.651505 34.543118 34.492794 34.446262 34.437656 34.491543 34.607197 34.49218 34.348797 34.309418 34.360153 34.418236 34.47867 34.45343 34.51754 34.68064 34.60812 34.613564 34.70355 34.723766 34.62452 34.65746 34.73835 34.5465 34.47232 34.57475 34.573578 34.764668
34.159187 34.13162 34.324226 34.399494 34.32585 34.47114 34.595577 34.649612 34.66096 34.67412 34.671696 34.673466 34.733574 34.76846 34.77218 34.773266 34.668766 34.65534 34.65058 34.645203 34.648853 34.65753 34.650078 34.635136 34.59562 34.4846 34.473743 34.54016 34.579357 34.529247 34.561184 34.608635 34.655674 34.588192 34.509384 34.451744 34.43116 34.434433 34.421207 34.46847 34.563095 34.542633 34.50342 34.50953 34.53139 34.537666 34.509228 34.53237 34.662426 34.62325 34.635162 34.59429 34.70974 34.63002 34.66215 34.66034 34.63207 34.473106 34.540005 34.55944 34.748993
34.11464 34.1141 34.278633 34.354935 34.449993 34.594444 34.64944 34.732815 34.706554 34.695213 34.65742 34.64933 34.72656 34.760925 34.78785 34.690304 34.6569 34.653477 34.656 34.641663 34.65106 34.650833 34.64197 34.62568 34.570747 34.494987 34.498882 34.582714 34.61316 34.517635 34.56599 34.6135 34.66374 34.60928 34.542217 34.5011 34.55781 34.54502 34.52783 34.535973 34.556614 34.573715 34.557003 34.556095 34.512844 34.517216 34.570667 34.59821 34.641907 34.612595 34.63166 34.64113 34.647285 34.782974 34.79371 34.65453 34.69021 34.508907 34.51718 34.558773 34.807915
34.095303 34.23738 34.417183 34.56998 34.596905 34.585186 34.67916 34.75076 34.679817 34.612602 34.62347 34.62687 34.717216 34.769245 34.786 34.696075 34.654358 34.644978 34.63948 34.65551 34.64765 34.636276 34.616695 34.58644 34.545162 34.50893 34.511524 34.60643 34.595432 34.501385 34.585835 34.613586 34.65291 34.646656 34.573425 34.615765 34.71031 34.639107 34.56873 34.58668 34.586994 34.532616 34.562096 34.565292 34.55243 34.47179 34.500652 34.691998 34.653095 34.617283 34.62939 34.659798 34.78311 34.864918 34.853813 34.73359 34.697964 34.54034 34.522675 34.603275 34.831436
34.215225 34.38589 34.57013 34.57631 34.562866 34.570015 34.60013 34.63061 34.545223 34.598297 34.610596 34.619385 34.710087 34.778038 34.788536 34.716995 34.643383 34.63195 34.63912 34.624535 34.607586 34.587666 34.56383 34.546707 34.52503 34.501125 34.516815 34.575176 34.463108 34.556374 34.59991 34.604214 34.617626 34.630054 34.59006 34.665237 34.680466 34.648327 34.613598 34.611317 34.54579 34.476322 34.515644 34.556755 34.570282 34.53356 34.62101 34.70103 34.663166 34.625065 34.628777 34.655605 34.832317 34.863377 34.85179 34.78209 34.6471 34.52119 34.55876 34.8287 34.84123
34.465683 34.56944 34.57932 34.56754 34.55445 34.534622 34.52202 34.533146 34.53675 34.613102 34.598557 34.611824 34.707787 34.749355 34.801228 34.730396 34.624004 34.60617 34.621426 34.622128 34.604546 34.58747 34.568615 34.540344 34.490154 34.47683 34.499382 34.469486 34.51794 34.583603 34.584076 34.584274 34.66358 34.65543 34.614994 34.635826 34.696476 34.683495 34.65561 34.612705 34.527737 34.47878 34.532013 34.56386 34.567017 34.618263 34.711956 34.684906 34.7071 34.61997 34.625687 34.654137 34.82328 34.79645 34.793926 34.71696 34.606663 34.549313 34.792244 34.801994 35.007523
34.487343 34.592995 34.595974 34.579185 34.57426 34.529243 34.502014 34.525486 34.602203 34.59642 34.583237 34.624813 34.706013 34.70735 34.803543 34.741516 34.606976 34.578213 34.567734 34.505093 34.5033 34.54387 34.56634 34.556366 34.47556 34.442245 34.452606 34.46228 34.588173 34.55071 34.613655 34.669792 34.647354 34.69998 34.64973 34.572582 34.572777 34.63243 34.706017 34.6505 34.541634 34.46884 34.585712 34.588596 34.69547 34.73925 34.730152 34.699535 34.602776 34.61996 34.622936 34.633904 34.762077 34.78032 34.747276 34.65588 34.57387 34.78423 34.746445 34.896282 35.032238
34.43909 34.591114 34.592968 34.577923 34.541172 34.476147 34.5218 34.594326 34.6055 34.55773 34.60388 34.64921 34.701538 34.698353 34.7635 34.74994 34.61259 34.55099 34.500786 34.485367 34.480705 34.481247 34.570995 34.571804 34.513065 34.452263 34.42725 34.553894 34.602135 34.57281 34.673912 34.647903 34.679855 34.680023 34.646126 34.62866 34.5981 34.565777 34.617622 34.66006 34.67188 34.567345 34.580627 34.643803 34.656178 34.702503 34.686855 34.65343 34.62603 34.629555 34.61282 34.604378 34.656036 34.68849 34.65765 34.600315 34.766876 34.69547 34.757607 34.871708 34.980778
34.388058 34.5683 34.56349 34.52746 34.502625 34.4749 34.573822 34.614628 34.55081 34.55773 34.598816 34.629005 34.696236 34.70382 34.72032 34.74934 34.63201 34.539055 34.519405 34.51751 34.526577 34.513626 34.487804 34.480778 34.47039 34.46952 34.539562 34.620514 34.59282 34.67601 34.67085 34.636524 34.684086 34.716038 34.72931 34.723545 34.698257 34.659576 34.60136 34.61964 34.641117 34.659534 34.661343 34.654015 34.682804 34.759 34.65851 34.65782 34.628494 34.645687 34.616665 34.638107 34.619892 34.631348 34.62693 34.708996 34.729656 34.6904 34.7208 34.801437 34.915543
34.379223 34.50811 34.53094 34.52978 34.43207 34.506687 34.609573 34.566784 34.55646 34.567978 34.60035 34.624557 34.684708 34.703865 34.70639 34.726673 34.640057 34.608063 34.55495 34.561554 34.60069 34.632988 34.637928 34.645412 34.648853 34.651985 34.647648 34.63334 34.642944 34.6889 34.664536 34.64409 34.680134 34.70419 34.675694 34.672966 34.656666 34.657684 34.6052 34.613827 34.647057 34.646793 34.649414 34.691338 34.695778 34.66277 34.655937 34.654316 34.649277 34.640553 34.624752 34.635757 34.650402 34.61212 34.642532 34.795815 34.72065 34.725124 34.74915 34.723907 34.81079
34.44743 34.52722 34.528595 34.450027 34.424343 34.61046 34.60404 34.55166 34.556812 34.576447 34.60503 34.644814 34.686695 34.695858 34.700974 34.6945 34.63901 34.637894 34.61265 34.6107 34.675236 34.71466 34.70312 34.730755 34.719986 34.65861 34.62411 34.61868 34.716812 34.715374 34.66992 34.67162 34.668293 34.624454 34.640038 34.62646 34.627586 34.616943 34.642673 34.61477 34.60949 34.643326 34.652412 34.646385 34.632675 34.630234 34.639587 34.64714 34.64027 34.64576 34.61748 34.6148 34.639286 34.62075 34.658585 34.833004 34.809853 34.860325 34.888268 34.831127 34.75505
34.49769 34.496468 34.390957 34.367348 34.432346 34.63812 34.61517 34.53544 34.565838 34.592537 34.614613 34.660126 34.686783 34.68945 34.69915 34.669773 34.643288 34.642868 34.650036 34.672707 34.738884 34.71317 34.752888 34.765766 34.756798 34.72096 34.694046 34.723656 34.739697 34.729893 34.710434 34.66988 34.628185 34.700077 34.68876 34.639088 34.63345 34.61247 34.612988 34.633717 34.6079 34.61432 34.630394 34.644466 34.632076 34.593845 34.587765 34.576603 34.566708 34.55816 34.568874 34.60455 34.639343 34.64744 34.674538 34.854156 34.90773 34.921288 34.94409 35.016724 34.898106
34.458485 34.38423 34.25301 34.35189 34.47362 34.66393 34.60383 34.524876 34.56842 34.618767 34.62062 34.67976 34.6831 34.67997 34.70051 34.652157 34.640545 34.65676 34.68764 34.746925 34.746857 34.737003 34.750515 34.77442 34.779316 34.772896 34.76483 34.75542 34.751026 34.714024 34.67333 34.64516 34.631207 34.660793 34.653294 34.601917 34.586964 34.59379 34.599518 34.64186 34.618637 34.632393 34.653458 34.638874 34.590366 34.554615 34.536983 34.517647 34.527927 34.535606 34.589375 34.61338 34.623547 34.678463 34.70502 34.795883 34.88427 34.90422 34.909134 34.90673 34.88188
34.24879 34.248936 34.241695 34.419853 34.537865 34.631527 34.587116 34.534225 34.59238 34.639023 34.633614 34.69028 34.6662 34.671036 34.700367 34.64332 34.6197 34.664215 34.723892 34.710793 34.723644 34.717854 34.709835 34.75218 34.74503 34.72839 34.712975 34.698895 34.68733 34.679024 34.681118 34.674274 34.655243 34.618145 34.561638 34.54845 34.56263 34.559803 34.58649 34.600437 34.642204 34.6549 34.688435 34.657074 34.578354 34.54588 34.510853 34.486343 34.51884 34.575817 34.606293 34.616497 34.641804 34.732872 34.74544 34.752327 34.76005 34.765697 34.769028 34.768925 34.779156
34.133327 34.153076 34.355305 34.510136 34.570168 34.557186 34.565857 34.577183 34.64022 34.660625 34.649563 34.68817 34.658 34.673573 34.693012 34.63721 34.589256 34.664684 34.72332 34.71604 34.76059 34.74102 34.722176 34.71061 34.716595 34.714333 34.704834 34.686172 34.653755 34.623684 34.60173 34.58386 34.53663 34.477932 34.462616 34.461292 34.482834 34.5232 34.543644 34.560837 34.65603 34.689465 34.69771 34.678528 34.570652 34.54467 34.49484 34.505066 34.56708 34.597115 34.597694 34.637905 34.711166 34.71731 34.72314 34.730797 34.762745 34.769382 34.772495 34.784466 34.78324
34.29693 34.340336 34.452366 34.526215 34.55455 34.618732 34.545635 34.639843 34.67436 34.680332 34.66963 34.678474 34.69736 34.713997 34.68193 34.624863 34.578907 34.671627 34.724037 34.746216 34.72646 34.721085 34.709923 34.69457 34.675175 34.65811 34.62462 34.57848 34.506294 34.46053 34.42397 34.376297 34.38173 34.464893 34.547348 34.557964 34.516224 34.473778 34.497692 34.555363 34.6422 34.69178 34.68657 34.69949 34.565895 34.545513 34.48876 34.52583 34.591637 34.607727 34.622135 34.627827 34.617516 34.62096 34.629276 34.677795 34.719635 34.743095 34.763477 34.76612 34.781914
34.33791 34.437202 34.498585 34.524773 34.525803 34.584106 34.580654 34.695847 34.693317 34.6919 34.685883 34.678062 34.720997 34.68623 34.62876 34.59696 34.58448 34.675022 34.700573 34.704914 34.70443 34.67249 34.585407 34.582554 34.617405 34.58178 34.568314 34.540417 34.43723 34.357357 34.39799 34.50663 34.585648 34.62251 34.62706 34.60527 34.57016 34.520416 34.49503 34.512074 34.545628 34.683468 34.714893 34.69077 34.552776 34.544846 34.49362 34.52956 34.59177 34.58776 34.591854 34.60493 34.60678 34.660423 34.713844 34.745422 34.75312 34.756924 34.759846 34.758274 34.78066
34.407898 34.363686 34.382645 34.44461 34.552082 34.531006 34.6215 34.68921 34.71602 34.705956 34.69678 34.675213 34.699158 34.602524 34.561146 34.576458 34.576622 34.685257 34.682003 34.693104 34.670486 34.574326 34.546658 34.603226 34.585968 34.594307 34.52576 34.463615 34.34782 34.50684 34.646362 34.680603 34.707565 34.703156 34.67958 34.65066 34.605503 34.55466 34.49919 34.495644 34.53 34.585827 34.65822 34.63614 34.538536 34.54709 34.506226 34.540035 34.57376 34.583344 34.654892 34.683456 34.699623 34.716385 34.74919 34.74663 34.742043 34.744587 34.751583 34.765522 34.775608
34.357513 34.3291 34.386063 34.50923 34.602142 34.526016 34.65629 34.665813 34.70704 34.720695 34.690857 34.69686 34.70101 34.61746 34.522526 34.55927 34.53148 34.621983 34.643925 34.687973 34.686077 34.594154 34.541706 34.608753 34.598858 34.465755 34.373127 34.345943 34.648544 34.683258 34.68632 34.705048 34.69248 34.647514 34.581825 34.553448 34.589363 34.587006 34.53791 34.51025 34.514214 34.537846 34.558533 34.567577 34.532578 34.555935 34.527443 34.545403 34.61842 34.705368 34.688892 34.703148 34.75629 34.753754 34.70988 34.68758 34.690002 34.661915 34.538204 34.40708 34.34982
34.408478 34.345455 34.38155 34.552525 34.57801 34.58565 34.701252 34.667202 34.651485 34.708336 34.6961 34.73352 34.662952 34.537647 34.53239 34.563972 34.585083 34.602272 34.62238 34.67771 34.698746 34.562954 34.57143 34.60557 34.42897 34.308712 34.32513 34.702248 34.681442 34.60419 34.58671 34.576084 34.513275 34.49974 34.502434 34.508812 34.508423 34.55892 34.55744 34.53293 34.521088 34.529385 34.5474 34.515724 34.529907 34.57409 34.61121 34.67653 34.68063 34.71489 34.753284 34.747078 34.666306 34.667965 34.685013 34.55534 34.44439 34.352795 34.320835 34.272377 34.32545
34.36518 34.361145 34.37024 34.556484 34.49564 34.61329 34.685303 34.555283 34.60827 34.69069 34.70132 34.67704 34.547554 34.631706 34.609314 34.58547 34.586872 34.6158 34.68628 34.68749 34.581215 34.55955 34.614513 34.45152 34.359165 34.302692 34.581665 34.717735 34.67354 34.55957 34.52035 34.545555 34.560287 34.53961 34.52463 34.541855 34.541283 34.545357 34.55754 34.53102 34.51966 34.51344 34.52377 34.533485 34.550236 34.63536 34.709476 34.711803 34.751415 34.749584 34.64163 34.58871 34.63857 34.573105 34.525543 34.470394 34.4552 34.427784 34.42401 34.284473 34.25091
