static/data/salinity/2023/7/5/12.asc
ncols 137
nrows 93
xllcorner 108.0
yllcorner 17.0
cellsize 0.25
NODATA_value -32767
[rows 54 to 80 of 93, columns 61 to 121 of 137]
34.067577 34.056168 33.961617 34.023777 34.1011 34.2151 34.223385 34.31276 34.297913 34.196823 34.139107 34.25723 34.35823 34.4295 34.587955 34.535496 34.386593 34.450714 34.4114 34.45332 34.411156 34.288513 34.259827 34.23858 34.231075 34.32258 34.44207 34.4649 34.568733 34.561836 34.59525 34.64294 34.5452 34.40508 34.248684 34.17205 34.283596 34.409233 34.40474 34.36586 34.34207 34.3271 34.348083 34.448357 34.561363 34.634674 34.6344 34.659084 34.684597 34.70699 34.636562 34.624264 34.64588 34.63904 34.6387 34.608437 34.538174 34.594425 34.61463 34.60742 34.558723
33.934227 34.012043 34.036854 34.09479 34.190563 34.2654 34.370846 34.331116 34.19886 34.177475 34.171356 34.284115 34.34201 34.49855 34.602703 34.60507 34.59078 34.471428 -32767.0 34.52342 34.467 34.381107 34.321693 34.29798 34.28179 34.31287 34.45629 34.496777 34.575794 34.552074 34.571274 34.653748 34.531746 34.4427 34.288017 34.15823 34.254272 34.382557 34.381374 34.367157 34.33457 34.31823 34.38024 34.500824 34.560047 34.608192 34.628956 34.645634 34.675976 34.670883 34.620033 34.691814 34.716145 34.707 34.66542 34.654377 34.63259 34.609287 34.608776 34.615784 34.55722
34.167717 34.151443 34.165462 34.19281 34.20599 34.282257 34.246002 34.21041 34.059822 34.17103 34.25446 34.33389 34.36922 34.536743 34.60852 34.62853 34.609604 34.614998 34.535988 34.52001 34.5048 34.48604 34.365517 34.313015 34.297375 34.307663 34.4189 34.489155 34.570885 34.542366 34.552025 34.650597 34.614235 34.58447 34.415276 34.19619 34.221558 34.24535 34.32511 34.340115 34.322277 34.310425 34.37723 34.52684 34.564434 34.58295 34.623955 34.675354 34.69675 34.584595 34.690517 34.724247 34.72509 34.74542 34.726498 34.69493 34.66797 34.658432 34.657074 34.621555 34.55724
34.14828 34.157795 34.083744 34.137756 34.190914 34.184772 34.161133 34.10531 34.058407 34.25475 34.40245 34.38984 34.442795 34.566555 34.620277 34.644176 34.653538 34.66376 34.67257 34.668842 34.659355 34.637405 34.602596 34.527668 34.43827 34.368473 34.37203 34.487938 34.564568 34.51632 34.548218 34.600006 34.703167 34.716774 34.673176 34.539165 34.162853 34.184986 34.231358 34.244747 34.280495 34.275227 34.346294 34.512524 34.55715 34.603462 34.665993 34.662388 34.549767 34.69119 34.71003 34.68317 34.716755 34.731026 34.746834 34.732384 34.71313 34.731583 34.69027 34.664974 34.55568
34.14047 34.20051 34.166016 34.172184 34.13631 34.17156 34.16104 34.04319 34.258392 34.329388 34.4067 34.490685 34.586754 34.63594 34.65457 34.66543 34.67178 34.697002 34.737473 34.715786 34.6815 34.66408 34.655445 34.631443 34.550606 34.438786 34.396294 34.488846 34.54137 34.500874 34.542976 34.561073 34.63728 34.67313 34.692875 34.68324 34.565758 34.200577 34.135216 34.180027 34.202415 34.21278 34.280895 34.45028 34.52189 34.57129 34.593483 34.596123 34.622295 34.68372 34.70985 34.676407 34.709244 34.701843 34.73321 34.727524 34.694836 34.545017 34.57401 34.633274 34.602123
34.18479 34.20576 34.193798 34.17304 34.16853 34.05998 34.074207 34.326447 34.398815 34.546555 34.567654 34.629093 34.689857 34.717316 34.726986 34.740417 34.73748 34.761696 34.701336 34.674664 34.666924 34.661022 34.65603 34.642513 34.617786 34.47964 34.403767 34.500927 34.49731 34.509125 34.542824 34.57396 34.58199 34.63338 34.67447 34.702747 34.65074 34.573383 34.396164 34.134716 34.12883 34.154926 34.198605 34.31609 34.457485 34.53704 34.579075 34.54887 34.673603 34.635807 34.697453 34.722248 34.643673 34.689533 34.70677 34.669075 34.53813 34.49059 34.586967 34.56986 34.679394
34.195976 34.064106 34.029343 34.040653 34.131935 34.312553 34.420563 34.61016 34.633575 34.60295 34.68477 34.684177 34.710407 34.73928 34.763294 34.795204 34.775593 34.686375 34.662144 34.660755 34.657272 34.658638 34.662254 34.63809 34.63017 34.49141 34.418434 34.515736 34.52999 34.521782 34.548584 34.597713 34.646725 34.668163 34.597378 34.550667 34.512283 34.503124 34.559998 34.605705 34.348953 34.145077 34.180058 34.262253 34.35574 34.427364 34.473713 34.508663 34.671486 34.614967 34.61365 34.668617 34.726555 34.641884 34.659946 34.725708 34.543716 34.46167 34.566967 34.544125 34.724903
34.150627 34.161285 34.295082 34.386948 34.32255 34.454002 34.573235 34.64781 34.665268 34.67492 34.68222 34.654854 34.704273 34.751465 34.763332 34.793518 34.685497 34.654655 34.660114 34.639893 34.650066 34.65515 34.66386 34.6367 34.624733 34.484013 34.447453 34.532867 34.571133 34.544052 34.546055 34.606937 34.653057 34.593433 34.518402 34.455284 34.424946 34.42804 34.40512 34.415516 34.54929 34.488243 34.438896 34.44019 34.454937 34.482952 34.477325 34.517044 34.664345 34.624752 34.62005 34.602345 34.684864 34.548374 34.62008 34.640553 34.64425 34.449673 34.524136 34.55326 34.71576
34.121254 34.088787 34.213337 34.32388 34.443085 34.58028 34.634537 34.727318 34.709885 34.696156 34.663116 34.633354 34.695576 34.758183 34.77733 34.718716 34.66222 34.651665 34.65712 34.640476 34.650475 34.65556 34.65036 34.6376 34.602238 34.48134 34.47974 34.55797 34.611122 34.528957 34.54543 34.609917 34.655556 34.608 34.54486 34.502 34.524277 34.554462 34.47321 34.468307 34.51846 34.546894 34.553654 34.545803 34.537285 34.506344 34.542393 34.53439 34.65167 34.618908 34.624084 34.606205 34.627777 34.689182 34.719166 34.55062 34.70104 34.480118 34.487835 34.51063 34.736534
34.093796 34.15009 34.389458 34.561638 34.592415 34.579983 34.66833 34.74795 34.67063 34.593197 34.619823 34.61119 34.68755 34.76299 34.783604 34.708958 34.659756 34.64761 34.646393 34.657475 34.654884 34.6479 34.634197 34.61581 34.56391 34.494762 34.50302 34.592285 34.60106 34.49142 34.55974 34.610107 34.65444 34.643322 34.572468 34.59803 34.698994 34.660397 34.535915 34.54441 34.552753 34.57057 34.56503 34.565872 34.57276 34.473976 34.51105 34.620647 34.652054 34.626213 34.62282 34.60774 34.696323 34.789894 34.811554 34.658443 34.702263 34.500214 34.49088 34.544846 34.809822
34.197937 34.318512 34.516266 34.578655 34.563675 34.567986 34.593357 34.62502 34.541763 34.574966 34.613895 34.60284 34.684593 34.759686 34.783947 34.73142 34.65347 34.638557 34.640797 34.6353 34.622963 34.607544 34.594494 34.575684 34.54531 34.509274 34.51379 34.560734 34.479248 34.529057 34.58561 34.607773 34.612263 34.63161 34.58485 34.666706 34.691517 34.65022 34.587616 34.587563 34.5869 34.49914 34.524807 34.480152 34.543327 34.507057 34.52173 34.690723 34.6656 34.629555 34.62417 34.638657 34.79062 34.822823 34.842545 34.736797 34.647552 34.506218 34.50915 34.791157 34.822243
34.415066 34.535427 34.577065 34.566433 34.553467 34.537106 34.51862 34.52526 34.528355 34.601543 34.601357 34.59525 34.679104 34.725372 34.79225 34.75251 34.64258 34.62043 34.629623 34.625713 34.606205 34.583492 34.560917 34.539764 34.522278 34.50098 34.511063 34.492245 34.486 34.57571 34.58743 34.580986 34.647327 34.646774 34.609566 34.659645 34.699745 34.67876 34.639957 34.612484 34.57057 34.489033 34.485588 34.547943 34.549583 34.559998 34.645145 34.70119 34.69775 34.617104 34.620872 34.64681 34.822403 34.816925 34.812508 34.742382 34.604496 34.500164 34.73654 34.78012 34.998043
34.415916 34.586674 34.590443 34.575745 34.57273 34.53676 34.499542 34.52553 34.59227 34.60078 34.575005 34.608727 34.677658 34.702003 34.78681 34.767384 34.6212 34.59351 34.60526 34.56671 34.55389 34.57128 34.570995 34.551796 34.483818 34.467964 34.46456 34.433414 34.563393 34.55959 34.566303 34.642883 34.643486 34.683376 34.64143 34.58134 34.578815 34.65081 34.689693 34.615444 34.531105 34.50418 34.528145 34.569084 34.62858 34.65795 34.700325 34.707836 34.632336 34.614143 34.606472 34.63409 34.788967 34.756355 34.719288 34.640163 34.506966 34.73012 34.73697 34.899204 35.01452
34.365814 34.58879 34.591843 34.580383 34.545147 34.479626 34.513287 34.58622 34.610416 34.548782 34.587444 34.6298 34.68283 34.707195 34.746834 34.77577 34.608444 34.55914 34.496212 34.484997 34.478584 34.504818 34.580986 34.55424 34.495888 34.442665 34.430264 34.49544 34.60249 34.558884 34.659573 34.65088 34.683105 34.66229 34.626347 34.61285 34.59455 34.572117 34.627415 34.654236 34.658405 34.479683 34.56292 34.60344 34.63716 34.67179 34.679047 34.650352 34.64276 34.622574 34.609013 34.60883 34.66528 34.692844 34.682076 34.570507 34.68852 34.698338 34.765984 34.882553 34.970474
34.32967 34.561893 34.57973 34.530907 34.51179 34.460503 34.56659 34.612236 34.56246 34.553467 34.58508 34.608097 34.66294 34.713367 34.71286 34.772728 34.627728 34.539833 34.50742 34.503494 34.50601 34.485428 34.488003 34.526665 34.50532 34.4543 34.459618 34.58233 34.60529 34.612602 34.668896 34.63541 34.686203 34.707916 34.717117 34.714664 34.68656 34.656776 34.615124 34.632236 34.597355 34.586834 34.532074 34.581924 34.65914 34.766747 34.6641 34.65508 34.62332 34.635254 34.60714 34.602505 34.511673 34.621147 34.608852 34.60336 34.737682 34.69361 34.738197 34.832695 34.941765
34.349857 34.497578 34.53514 34.529278 34.44075 34.486458 34.610184 34.577427 34.555283 34.567757 34.5874 34.608696 34.652084 34.707584 34.704105 34.749218 34.642704 34.57319 34.52777 34.544937 34.580025 34.60092 34.59317 34.59226 34.601906 34.61785 34.637993 34.6425 34.60374 34.6816 34.66049 34.636528 34.667877 34.70018 34.67063 34.664772 34.654625 34.650642 34.604076 34.60876 34.64435 34.579605 34.603943 34.66402 34.699326 34.68252 34.65966 34.658897 34.652973 34.646458 34.58608 34.575203 34.6015 34.61599 34.623672 34.76045 34.687866 34.683624 34.710728 34.758987 34.850315
34.401974 34.529644 34.529354 34.471592 34.422466 34.57482 34.61675 34.56751 34.54694 34.580585 34.593456 34.62002 34.67488 34.702168 34.700245 34.71946 34.640232 34.63269 34.595932 34.589817 34.65055 34.699722 34.697758 34.718323 34.721897 34.6825 34.636063 34.60939 34.688717 34.706936 34.66031 34.658123 34.67568 34.628838 34.63333 34.631767 34.619865 34.61313 34.635036 34.613895 34.6014 34.64563 34.643528 34.635113 34.62324 34.628162 34.63094 34.640354 34.637947 34.632217 34.625854 34.60092 34.644917 34.61319 34.6419 34.816677 34.76076 34.791763 34.84362 34.764797 34.761524
34.490784 34.516857 34.409184 34.35197 34.414227 34.60368 34.635853 34.55358 34.54076 34.60039 34.61336 34.638428 34.68662 34.69593 34.699047 34.692154 34.640324 34.640285 34.633453 34.64507 34.717648 34.71585 34.745667 34.765385 34.75591 34.706203 34.65994 34.67796 34.724518 34.727478 34.712563 34.665844 34.630585 34.671513 34.648 34.647537 34.625553 34.617023 34.610287 34.598557 34.576836 34.5987 34.61191 34.595325 34.615536 34.580826 34.57759 34.572517 34.572884 34.565975 34.564743 34.578117 34.64094 34.627583 34.666016 34.856052 34.880215 34.89978 34.880234 34.984253 34.914207
34.477795 34.428318 34.285336 34.29736 34.442654 34.62837 34.616844 34.55184 34.56196 34.616726 34.632523 34.66545 34.68921 34.689842 34.69786 34.669617 34.64049 34.648937 34.66753 34.717503 34.75168 34.740913 34.75253 34.77446 34.779537 34.774143 34.76392 34.75576 34.75299 34.732418 34.68949 34.673996 34.626717 34.62626 34.64731 34.627316 34.591957 34.57495 34.598915 34.628834 34.60494 34.619236 34.64303 34.628967 34.591694 34.555332 34.549107 34.523117 34.525414 34.543564 34.55397 34.612133 34.637627 34.65471 34.71807 34.847103 34.96126 34.98767 34.98859 34.994976 34.97258
34.27549 34.32523 34.21058 34.389534 34.529713 34.614594 34.594624 34.557434 34.61199 34.64067 34.64299 34.686195 34.677532 34.67998 34.699406 34.65416 34.633633 34.65946 34.70799 34.72977 34.712715 34.717186 34.711605 34.74636 34.760952 34.74229 34.719093 34.699783 34.684536 34.67557 34.678936 34.677338 34.666862 34.65266 34.604958 34.546093 34.537064 34.559788 34.56778 34.594482 34.602753 34.64507 34.686867 34.64836 34.58078 34.55182 34.52143 34.491085 34.515423 34.551308 34.6092 34.62917 34.636856 34.71002 34.7192 34.738724 34.76222 34.775932 34.784332 34.794296 34.79918
34.182983 34.154846 34.305218 34.48488 34.552734 34.555157 34.579056 34.594486 34.67239 34.666424 34.656292 34.692272 34.659306 34.675312 34.70315 34.65071 34.60446 34.649258 34.72074 34.715694 34.76138 34.748974 34.726517 34.716084 34.71842 34.721466 34.709576 34.689693 34.645313 34.590237 34.567036 34.53557 34.506134 34.44589 34.414703 34.445316 34.462307 34.486443 34.5425 34.56912 34.630577 34.672974 34.707996 34.68388 34.581837 34.550407 34.502796 34.513016 34.575962 34.610065 34.615036 34.620525 34.694386 34.754726 34.76416 34.760765 34.766544 34.78489 34.790062 34.804436 34.80995
34.203316 34.309067 34.41452 34.508514 34.551914 34.601547 34.552002 34.668762 34.693176 34.687954 34.670795 34.68686 34.676826 34.69345 34.69065 34.64991 34.58826 34.645817 34.711136 34.744617 34.74145 34.72966 34.721798 34.69183 34.660553 34.643078 34.60907 34.56918 34.546806 34.430374 34.38931 34.35468 34.386806 34.46543 34.55782 34.596657 34.56348 34.486588 34.50013 34.558537 34.637676 34.69255 34.69519 34.704166 34.573746 34.553246 34.50567 34.54109 34.608498 34.629562 34.64815 34.672867 34.666126 34.653233 34.65042 34.678307 34.72153 34.74972 34.77988 34.786835 34.81254
34.34857 34.420624 34.460533 34.471973 34.489677 34.61562 34.576237 34.691547 34.710545 34.701057 34.686592 34.68712 34.723354 34.717552 34.66338 34.626953 34.582127 34.664005 34.700287 34.71524 34.708946 34.67173 34.557903 34.566883 34.60738 34.598503 34.596054 34.561962 34.469585 34.361862 34.441418 34.578312 34.62597 34.6619 34.6785 34.64292 34.60467 34.568245 34.502983 34.50632 34.565945 34.68489 34.71285 34.709766 34.571365 34.55148 34.519043 34.551758 34.6184 34.615177 34.61312 34.621025 34.62023 34.63788 34.70739 34.751637 34.77209 34.792717 34.7967 34.793045 34.81074
34.398262 34.338478 34.349457 34.42699 34.50971 34.547653 34.616447 34.677326 34.718327 34.71513 34.701214 34.68681 34.71047 34.648132 34.607353 34.619957 34.579777 34.680367 34.690098 34.694103 34.673557 34.60811 34.541695 34.584087 34.601154 34.61033 34.505047 34.424892 34.41625 34.662003 34.71266 34.715927 34.718994 34.703167 34.697666 34.66336 34.65566 34.59165 34.5168 34.496292 34.52387 34.60524 34.679943 34.67137 34.562866 34.555244 34.531307 34.559807 34.602654 34.59994 34.65653 34.677258 34.713608 34.728508 34.770573 34.78128 34.7697 34.77061 34.777 34.794445 34.807766
34.37657 34.35617 34.339954 34.500088 34.617973 34.531216 34.682755 34.68118 34.692093 34.727695 34.69865 34.69203 34.70906 34.649387 34.52922 34.561447 34.541183 34.642323 34.652985 34.67473 34.69004 34.66711 34.556686 34.58628 34.595284 34.414524 34.336113 34.41309 34.70515 34.664375 34.645824 34.68053 34.660934 34.616615 34.561 34.543514 34.57915 34.614998 34.552803 34.51924 34.521202 34.54063 34.587826 34.61187 34.55462 34.56712 34.55125 34.565636 34.613678 34.72803 34.724487 34.725655 34.756767 34.78205 34.740368 34.71537 34.721863 34.705982 34.564205 34.40929 34.33721
34.420387 34.376575 34.35349 34.528168 34.54758 34.598427 34.699013 34.623787 34.64459 34.709198 34.707706 34.72928 34.700214 34.597515 34.523663 34.54694 34.576065 34.56983 34.618114 34.652946 34.700836 34.63743 34.573566 34.5985 34.40458 34.31089 34.392185 34.72506 34.69538 34.59591 34.542988 34.514645 34.498775 34.530712 34.5245 34.52844 34.521877 34.57084 34.571465 34.537514 34.52617 34.535904 34.556313 34.567173 34.55325 34.59834 34.61512 34.68469 34.711235 34.729446 34.772823 34.789318 34.73539 34.699898 34.698227 34.570602 34.44561 34.374825 34.362366 34.28671 34.276222
34.36998 34.37122 34.35553 34.50202 34.501987 34.602917 34.66908 34.538063 34.61952 34.691395 34.729004 34.68364 34.561756 34.64754 34.61563 34.58932 34.591743 34.596493 34.659336 34.693268 34.643265 34.56511 34.632336 34.466614 34.333084 34.324677 34.60204 34.72056 34.64849 34.549316 34.578876 34.56435 34.562943 34.55575 34.53908 34.55188 34.549652 34.565872 34.570606 34.547005 34.543 34.536407 34.55607 34.559334 34.566948 34.639626 34.72834 34.72396 34.765583 34.77313 34.676743 34.629704 34.681534 34.596657 34.526543 34.476967 34.45835 34.487072 34.48154 34.32654 34.30598
