static/data/salinity/2023/7/5/18.asc
ncols 137
nrows 93
xllcorner 108.0
yllcorner 17.0
cellsize 0.25
NODATA_value -32767
[rows 54 to 80 of 93, columns 0 to 60 of 137]
-32767.0 -32767.0 -32767.0 -32767.0 -32767.0 -32767.0 -32767.0 -32767.0 -32767.0 -32767.0 -32767.0 -32767.0 -32767.0 -32767.0 -32767.0 -32767.0 -32767.0 -32767.0 -32767.0 -32767.0 -32767.0 -32767.0 -32767.0 -32767.0 -32767.0 -32767.0 -32767.0 -32767.0 -32767.0 -32767.0 -32767.0 -32767.0 -32767.0 -32767.0 -32767.0 -32767.0 -32767.0 -32767.0 -32767.0 -32767.0 -32767.0 -32767.0 -32767.0 -32767.0 -32767.0 -32767.0 -32767.0 -32767.0 34.354195 34.397545 34.22417 34.040997 33.810932 33.531895 33.151398 32.912754 33.068 33.324665 33.377617 33.73572 34.074036
-32767.0 -32767.0 -32767.0 -32767.0 -32767.0 -32767.0 -32767.0 -32767.0 -32767.0 -32767.0 -32767.0 -32767.0 -32767.0 -32767.0 -32767.0 -32767.0 -32767.0 -32767.0 -32767.0 -32767.0 -32767.0 -32767.0 -32767.0 -32767.0 -32767.0 -32767.0 -32767.0 -32767.0 -32767.0 -32767.0 -32767.0 -32767.0 -32767.0 -32767.0 -32767.0 -32767.0 -32767.0 -32767.0 -32767.0 -32767.0 -32767.0 -32767.0 -32767.0 -32767.0 -32767.0 -32767.0 -32767.0 32.9362 -32767.0 34.21538 34.03328 33.693203 32.60131 32.138165 32.163006 32.783413 33.09419 33.46231 33.5462 33.58765 33.75846
-32767.0 -32767.0 -32767.0 -32767.0 -32767.0 -32767.0 -32767.0 -32767.0 -32767.0 -32767.0 -32767.0 -32767.0 -32767.0 -32767.0 -32767.0 -32767.0 -32767.0 -32767.0 -32767.0 -32767.0 -32767.0 -32767.0 -32767.0 -32767.0 -32767.0 -32767.0 -32767.0 -32767.0 -32767.0 -32767.0 -32767.0 -32767.0 -32767.0 -32767.0 -32767.0 -32767.0 -32767.0 -32767.0 -32767.0 -32767.0 -32767.0 -32767.0 -32767.0 -32767.0 -32767.0 -32767.0 -32767.0 33.231094 34.310078 34.13661 33.916767 33.674316 33.043728 32.681805 32.27433 32.840866 33.198986 33.61777 34.085438 34.248623 34.227367
-32767.0 -32767.0 -32767.0 -32767.0 -32767.0 -32767.0 -32767.0 -32767.0 -32767.0 -32767.0 -32767.0 -32767.0 -32767.0 -32767.0 -32767.0 -32767.0 -32767.0 -32767.0 -32767.0 -32767.0 -32767.0 -32767.0 -32767.0 -32767.0 -32767.0 -32767.0 -32767.0 -32767.0 -32767.0 -32767.0 -32767.0 -32767.0 -32767.0 -32767.0 -32767.0 -32767.0 -32767.0 -32767.0 -32767.0 -32767.0 -32767.0 -32767.0 -32767.0 -32767.0 -32767.0 -32767.0 -32767.0 33.469128 34.29719 34.00049 33.734497 33.604088 32.91791 32.931915 32.75056 33.12765 33.864693 34.180977 34.064728 34.05465 34.058586
-32767.0 -32767.0 -32767.0 -32767.0 -32767.0 -32767.0 -32767.0 -32767.0 -32767.0 -32767.0 -32767.0 -32767.0 -32767.0 -32767.0 -32767.0 -32767.0 -32767.0 -32767.0 -32767.0 -32767.0 -32767.0 -32767.0 -32767.0 -32767.0 -32767.0 -32767.0 -32767.0 -32767.0 -32767.0 -32767.0 -32767.0 -32767.0 -32767.0 -32767.0 -32767.0 -32767.0 -32767.0 -32767.0 -32767.0 -32767.0 -32767.0 -32767.0 -32767.0 -32767.0 -32767.0 31.016336 -32767.0 33.76482 34.226425 33.77233 33.588272 33.224308 32.704426 33.059925 33.47476 34.09347 34.154224 33.975357 33.8832 34.013878 34.110554
-32767.0 -32767.0 -32767.0 -32767.0 -32767.0 -32767.0 -32767.0 -32767.0 -32767.0 -32767.0 -32767.0 -32767.0 -32767.0 -32767.0 -32767.0 -32767.0 -32767.0 -32767.0 -32767.0 -32767.0 -32767.0 -32767.0 -32767.0 -32767.0 -32767.0 -32767.0 -32767.0 -32767.0 -32767.0 -32767.0 -32767.0 -32767.0 -32767.0 -32767.0 -32767.0 -32767.0 -32767.0 -32767.0 -32767.0 -32767.0 -32767.0 -32767.0 -32767.0 -32767.0 -32767.0 -32767.0 33.696167 34.1608 33.80396 33.26367 33.031048 32.828163 32.752003 32.75372 32.95452 33.37676 34.068707 33.92448 33.70862 34.111595 34.10928
-32767.0 -32767.0 -32767.0 -32767.0 -32767.0 -32767.0 -32767.0 -32767.0 -32767.0 -32767.0 -32767.0 -32767.0 -32767.0 -32767.0 -32767.0 -32767.0 -32767.0 -32767.0 -32767.0 -32767.0 -32767.0 -32767.0 -32767.0 -32767.0 -32767.0 -32767.0 -32767.0 -32767.0 -32767.0 -32767.0 -32767.0 -32767.0 -32767.0 -32767.0 -32767.0 -32767.0 -32767.0 -32767.0 -32767.0 -32767.0 -32767.0 -32767.0 -32767.0 -32767.0 33.203907 33.80137 33.971127 33.722996 33.167824 32.55638 32.074196 32.43038 -32767.0 -32767.0 -32767.0 -32767.0 33.29677 33.370937 34.07333 34.116783 34.188934
-32767.0 -32767.0 -32767.0 -32767.0 -32767.0 -32767.0 -32767.0 -32767.0 -32767.0 -32767.0 -32767.0 -32767.0 -32767.0 -32767.0 -32767.0 -32767.0 -32767.0 -32767.0 -32767.0 -32767.0 -32767.0 -32767.0 -32767.0 -32767.0 -32767.0 -32767.0 -32767.0 -32767.0 -32767.0 -32767.0 -32767.0 -32767.0 -32767.0 -32767.0 -32767.0 -32767.0 -32767.0 -32767.0 -32767.0 -32767.0 -32767.0 -32767.0 -32767.0 33.548145 33.870037 33.6446 33.296085 32.948845 32.610798 32.062893 32.056744 33.162888 -32767.0 -32767.0 -32767.0 -32767.0 33.52745 33.971222 34.16362 34.16449 34.1926
-32767.0 -32767.0 -32767.0 -32767.0 -32767.0 -32767.0 -32767.0 -32767.0 -32767.0 -32767.0 -32767.0 -32767.0 -32767.0 -32767.0 -32767.0 -32767.0 -32767.0 -32767.0 -32767.0 -32767.0 -32767.0 -32767.0 -32767.0 -32767.0 -32767.0 -32767.0 -32767.0 -32767.0 -32767.0 -32767.0 -32767.0 -32767.0 -32767.0 -32767.0 -32767.0 -32767.0 -32767.0 -32767.0 -32767.0 -32767.0 -32767.0 33.32701 33.122272 33.758186 33.17901 32.097218 32.277203 32.283493 32.064255 32.32883 33.262295 -32767.0 -32767.0 -32767.0 -32767.0 -32767.0 33.96478 34.071976 34.206093 34.18125 34.165752
-32767.0 -32767.0 -32767.0 -32767.0 -32767.0 -32767.0 -32767.0 -32767.0 -32767.0 -32767.0 -32767.0 -32767.0 -32767.0 -32767.0 -32767.0 -32767.0 -32767.0 -32767.0 -32767.0 -32767.0 -32767.0 -32767.0 -32767.0 -32767.0 -32767.0 -32767.0 -32767.0 -32767.0 -32767.0 -32767.0 -32767.0 -32767.0 -32767.0 -32767.0 -32767.0 -32767.0 -32767.0 -32767.0 -32767.0 -32767.0 -32767.0 33.55762 33.654453 33.605663 32.039345 30.911016 32.133804 32.56631 33.31418 33.672997 32.712597 -32767.0 -32767.0 -32767.0 -32767.0 33.811363 33.864765 34.167828 34.26302 34.18504 34.20376
-32767.0 -32767.0 -32767.0 -32767.0 -32767.0 -32767.0 -32767.0 -32767.0 -32767.0 -32767.0 -32767.0 -32767.0 -32767.0 -32767.0 -32767.0 -32767.0 -32767.0 -32767.0 -32767.0 -32767.0 -32767.0 -32767.0 -32767.0 -32767.0 -32767.0 -32767.0 -32767.0 -32767.0 -32767.0 -32767.0 -32767.0 -32767.0 -32767.0 -32767.0 -32767.0 -32767.0 -32767.0 -32767.0 -32767.0 33.228718 33.474842 33.59638 33.469902 33.43112 31.81441 30.791155 31.889774 33.17396 33.24775 32.344826 -32767.0 -32767.0 -32767.0 -32767.0 -32767.0 33.809982 34.046658 34.21194 34.42975 34.339733 34.24329
-32767.0 -32767.0 -32767.0 -32767.0 -32767.0 -32767.0 -32767.0 -32767.0 -32767.0 -32767.0 -32767.0 -32767.0 -32767.0 -32767.0 -32767.0 -32767.0 -32767.0 -32767.0 -32767.0 -32767.0 -32767.0 -32767.0 -32767.0 -32767.0 -32767.0 -32767.0 -32767.0 -32767.0 -32767.0 -32767.0 -32767.0 -32767.0 -32767.0 -32767.0 -32767.0 -32767.0 -32767.0 -32767.0 33.348846 33.731056 33.873978 33.744278 32.99596 30.949022 30.737652 30.912905 32.272858 33.272034 32.670586 32.287556 -32767.0 -32767.0 -32767.0 -32767.0 -32767.0 34.01072 34.183167 34.203873 34.3622 34.318752 34.208244
-32767.0 -32767.0 -32767.0 -32767.0 -32767.0 -32767.0 -32767.0 -32767.0 -32767.0 -32767.0 -32767.0 -32767.0 -32767.0 -32767.0 -32767.0 -32767.0 -32767.0 -32767.0 -32767.0 -32767.0 -32767.0 -32767.0 -32767.0 -32767.0 -32767.0 -32767.0 -32767.0 -32767.0 -32767.0 -32767.0 -32767.0 -32767.0 -32767.0 -32767.0 -32767.0 -32767.0 33.303352 33.755543 33.986656 33.693027 33.23268 32.2631 31.37189 31.378454 31.00176 32.748524 -32767.0 33.14082 32.240776 -32767.0 -32767.0 -32767.0 -32767.0 -32767.0 33.8245 34.097664 34.220993 34.440105 34.451977 34.26662 34.25145
-32767.0 -32767.0 -32767.0 -32767.0 -32767.0 -32767.0 -32767.0 -32767.0 -32767.0 -32767.0 -32767.0 -32767.0 -32767.0 -32767.0 -32767.0 -32767.0 -32767.0 -32767.0 -32767.0 -32767.0 -32767.0 -32767.0 -32767.0 -32767.0 -32767.0 -32767.0 -32767.0 -32767.0 -32767.0 -32767.0 -32767.0 -32767.0 -32767.0 -32767.0 -32767.0 33.388924 33.918556 33.840168 33.425114 32.865013 31.747076 31.56622 31.705843 31.872942 31.15089 32.84877 -32767.0 32.88345 31.932592 -32767.0 -32767.0 -32767.0 -32767.0 -32767.0 33.96537 34.153236 34.39007 34.45672 34.403862 34.411198 34.29105
-32767.0 -32767.0 -32767.0 -32767.0 -32767.0 -32767.0 -32767.0 -32767.0 -32767.0 -32767.0 -32767.0 -32767.0 -32767.0 -32767.0 -32767.0 -32767.0 -32767.0 -32767.0 -32767.0 -32767.0 -32767.0 -32767.0 -32767.0 -32767.0 -32767.0 -32767.0 -32767.0 -32767.0 -32767.0 -32767.0 -32767.0 -32767.0 -32767.0 -32767.0 -32767.0 33.502037 33.389416 32.216434 31.217287 31.038609 31.239271 31.823015 32.358288 34.02943 34.543514 34.178825 32.772022 32.84141 31.500162 -32767.0 -32767.0 -32767.0 -32767.0 -32767.0 34.117195 34.173573 34.428757 34.41866 34.415997 34.311707 34.38005
-32767.0 -32767.0 -32767.0 -32767.0 -32767.0 -32767.0 -32767.0 -32767.0 -32767.0 -32767.0 -32767.0 -32767.0 -32767.0 -32767.0 -32767.0 -32767.0 -32767.0 -32767.0 -32767.0 -32767.0 -32767.0 -32767.0 -32767.0 -32767.0 -32767.0 -32767.0 -32767.0 24.419254 -32767.0 28.296957 -32767.0 31.11908 31.410135 32.2441 32.36545 31.789013 31.298264 30.7006 30.243294 30.70409 31.357586 32.677876 32.46735 33.662445 33.12683 32.86424 32.698463 33.054157 33.10018 -32767.0 -32767.0 -32767.0 -32767.0 33.991768 34.05511 34.100803 34.427418 34.406494 34.413113 34.23904 34.38043
-32767.0 -32767.0 -32767.0 -32767.0 -32767.0 -32767.0 -32767.0 -32767.0 -32767.0 -32767.0 -32767.0 -32767.0 -32767.0 -32767.0 -32767.0 -32767.0 -32767.0 -32767.0 -32767.0 -32767.0 -32767.0 -32767.0 -32767.0 10.180973 -32767.0 -32767.0 30.031569 29.670525 29.39244 29.378735 29.549896 29.694193 29.878605 30.053997 30.191488 30.007597 30.27393 30.465858 31.29448 32.36293 32.377098 32.49767 32.537384 32.574444 32.90971 33.33188 33.509315 33.621464 33.648018 30.465555 -32767.0 -32767.0 32.52626 33.97915 34.0644 34.223354 34.35287 34.372627 34.421486 34.177834 34.302837
-32767.0 -32767.0 -32767.0 -32767.0 -32767.0 -32767.0 -32767.0 -32767.0 -32767.0 -32767.0 -32767.0 -32767.0 -32767.0 -32767.0 -32767.0 -32767.0 -32767.0 -32767.0 -32767.0 -32767.0 -32767.0 -32767.0 -32767.0 13.07024 11.945745 23.568419 25.776272 26.074642 27.405376 28.476627 29.642092 30.445803 30.660875 31.399006 32.06317 32.39909 32.686073 32.85037 32.917 32.99145 32.877377 32.770058 33.193058 33.487072 33.56909 33.6908 33.781906 33.808243 33.89176 33.84187 31.07479 -32767.0 33.178318 33.914574 34.179337 34.301907 34.286297 34.31938 34.407837 34.154354 34.27985
-32767.0 -32767.0 -32767.0 -32767.0 -32767.0 -32767.0 -32767.0 -32767.0 -32767.0 -32767.0 -32767.0 -32767.0 -32767.0 -32767.0 -32767.0 -32767.0 -32767.0 -32767.0 -32767.0 -32767.0 13.622682 19.448153 23.158722 26.940508 28.19756 -32767.0 30.63605 31.597237 32.115685 32.47621 32.701443 32.92165 33.0156 32.971577 32.93718 32.91637 32.90591 32.91922 32.93935 33.09536 33.308895 33.452812 33.50366 33.707317 33.922478 34.028744 34.088062 34.131638 34.125607 34.077984 33.27927 -32767.0 33.60135 33.826653 34.190357 34.239132 34.213882 34.251064 34.372223 34.444435 34.240135
-32767.0 -32767.0 32.574554 -32767.0 -32767.0 -32767.0 -32767.0 -32767.0 -32767.0 -32767.0 -32767.0 -32767.0 -32767.0 -32767.0 -32767.0 -32767.0 30.517544 -32767.0 29.159512 27.48374 29.489199 31.18072 31.174591 30.591364 30.134314 31.725803 32.27157 32.5807 32.80552 33.0326 33.16168 33.179443 33.0644 32.98148 32.99059 33.023872 33.08087 33.13161 33.218933 33.335384 33.407375 33.55894 33.9051 34.059597 34.086514 34.07646 34.079376 34.13565 34.17768 34.23929 34.024548 33.644848 33.81929 34.031296 34.131466 34.214577 34.26196 34.28598 34.287098 34.42244 34.259647
-32767.0 31.753218 31.907204 31.799864 31.68522 -32767.0 31.826355 31.886332 -32767.0 -32767.0 -32767.0 -32767.0 -32767.0 31.54703 31.974043 32.648384 32.946087 33.03642 33.014347 32.803703 32.996296 33.31141 33.335873 33.444187 33.006496 33.204067 32.982155 33.17769 33.33587 33.419956 33.35481 33.271107 33.20779 33.191776 33.259315 33.327377 33.35636 33.379147 33.416573 33.4896 33.653828 33.960808 34.109043 34.11745 34.164 34.218147 34.189552 34.18614 34.269745 34.247017 34.24616 34.24075 34.2769 34.33549 34.383297 34.326424 34.318275 34.36659 34.301556 34.400936 34.42985
32.152184 32.582485 32.57699 32.35507 32.168736 32.224586 31.976763 31.855333 -32767.0 -32767.0 -32767.0 32.38399 32.897373 33.11986 33.31009 33.355957 33.326855 33.40469 33.438366 33.4867 33.58631 33.571754 33.589146 33.36723 33.18618 33.21796 33.561222 33.61853 33.545414 33.478024 33.36865 33.31784 33.410892 33.556732 33.779713 33.83131 33.80212 33.804325 33.782623 33.870037 33.975166 34.125175 34.16137 34.20859 34.220497 33.9711 34.244446 34.23796 34.259224 34.263985 34.25647 34.286537 34.23177 34.33538 34.39034 34.42794 34.417057 34.376556 34.376118 34.45428 34.310402
32.94139 32.800865 32.70118 32.617226 32.505352 32.422523 32.273613 -32767.0 -32767.0 31.047209 -32767.0 33.32843 33.176285 33.10873 33.137493 33.19853 33.370777 33.557644 33.71341 33.71861 33.66594 33.615917 33.662838 33.70135 33.682774 33.78678 33.678947 33.44172 33.40714 33.32939 33.340065 33.493137 33.851948 34.068687 34.044598 33.917233 34.00354 34.0344 34.00013 34.025917 34.139687 34.13466 34.163414 34.08178 33.904324 34.057125 34.062607 34.186897 34.18265 34.22038 34.26008 34.242287 34.348103 34.40966 34.427563 34.35474 34.347446 34.384247 34.45485 34.433414 34.355343
32.77528 32.720566 32.706474 32.66898 32.59597 32.51698 32.43 32.474327 -32767.0 -32767.0 32.782864 33.159546 32.97703 33.03547 33.096222 33.283962 33.61334 33.677883 33.594284 33.486343 33.53484 33.55397 33.707596 33.773186 33.773365 33.7128 33.61419 33.376537 33.312317 33.339085 33.535416 33.945503 34.04305 34.089306 34.070854 34.04258 34.038425 34.04945 34.082317 34.13496 34.09015 33.818768 33.911823 33.94368 33.983627 33.92645 33.924637 34.07502 34.205784 34.116932 34.33439 34.299583 34.363228 34.34306 34.297897 34.4218 34.429684 34.482117 34.488163 34.429348 34.35918
32.865875 32.76983 32.799038 32.807777 32.793114 32.70564 32.60953 32.53825 -32767.0 -32767.0 32.819447 32.82497 32.855103 33.001602 33.12655 33.174564 33.244923 33.282192 33.342564 33.434227 33.625217 33.61802 33.768627 33.785248 33.73531 33.71973 33.553207 33.336998 33.326614 33.55442 33.724155 33.94622 33.995262 34.027897 34.048256 34.090073 34.105003 34.12878 34.102947 34.19879 34.06649 33.758392 33.951443 33.9766 33.87606 33.86964 33.9079 34.152718 34.109253 34.118458 34.228848 34.18471 34.214203 34.238052 34.232098 34.263775 -32767.0 34.36981 34.513947 34.380486 34.393562
33.015427 32.8853 32.936092 32.89327 32.87925 32.878044 32.783123 32.62537 32.630173 32.74871 32.772114 32.78857 32.81117 33.04171 33.36242 33.59615 33.660606 33.67054 33.675423 33.67546 33.691376 33.705254 33.762363 33.771397 33.762245 33.72661 33.654015 33.433224 33.583786 33.718117 33.90005 33.84724 33.880016 33.984913 34.0592 34.0871 34.117527 34.102924 34.11978 34.200687 34.059883 34.06729 33.8938 33.913967 33.91675 34.008167 34.26473 33.97908 33.938377 34.087456 34.171715 34.164288 34.176994 34.203472 34.18274 34.205006 34.233143 34.339962 34.52641 34.35286 34.384377
33.18332 33.144394 33.147392 33.06363 32.93009 32.907864 32.96643 32.986774 32.86669 -32767.0 -32767.0 -32767.0 33.007935 33.218678 33.692974 33.67919 33.642 33.604984 33.58329 33.603188 33.644646 33.749714 33.78956 33.783485 33.799484 33.78719 33.67233 33.578865 33.66458 33.818714 33.8381 33.83308 33.807842 33.799664 33.89948 34.006218 34.075066 34.095047 34.099262 34.201942 34.19082 34.035343 33.983665 34.039684 34.28418 34.305508 33.866108 33.81905 33.73427 33.7344 33.9331 34.13783 34.031548 34.173424 34.184273 34.180542 34.178368 34.190876 34.317863 34.458748 34.34461
