static/data/ASCData/20210124/ASCV/03.asc
ncols 97
nrows 97
xllcorner 99.0
yllcorner 2.0
cellsize 0.25
NODATA_value -32767
[rows 57 to 75 of 97, columns 0 to 42 of 97]
0.28285121051845996 0.597041303081558 0.9156154434478618 1.0532745444685307 1.3315154450453393 1.6685025861851086 2.0054897273248784 2.3217257088628056 2.5327445431237887 2.6370848808400913 2.5268991460528474 2.3079890257460933 2.1469483364416586 2.052252903892409 1.9154706124323813 1.510384595416145 1.1342332939010684 0.7767872630130048 0.7192101018642321 0.3687785474612979 0.08060047186388886 0.13613174403783201 0.6858913385598666 1.230974615425148 1.7602753201988879 1.7193575407022985 1.3481748266975222 0.8334876146011356 0.43892331231259396 -0.042445136479426715 -0.6772552583836582 -1.1410875159628548 -1.3921473201597863 -1.4164057180041927 -1.7691754312355037 -2.025788362649829 -1.779697145963198 -0.6880692429648996 -0.568823142717696 -1.1352421188919135 -2.443734253222136 -5.865629698551207 -9.041433927193648
0.37462394453223924 0.8168282329489531 0.7037197996262377 0.734992673955774 0.9340284442213269 1.282706379502979 1.8099611953018897 2.1411029393707173 2.502348478354893 2.6440993573252216 2.7113214236410466 2.6128264829956853 2.4710756040253568 2.4380491105745383 2.3041895176499816 2.0151346324919315 1.6009882500157362 1.006219098047453 1.0787020217271257 0.8042606292464289 0.5122830455529082 0.6478962575987475 1.2660469978507964 1.8023621791096658 1.7836569084826537 1.683116078862462 1.4379016717364723 0.9711467156218045 0.5786283023080925 0.10398206014765421 -0.517968188200506 -0.9359140787728131 -1.189019771944574 -1.5201615160134019 -1.8892983410433486 -1.7525160495833207 -1.2992055067318184 -0.1654907448227423 -0.1029449961636697 -1.0718195606721996 -4.10002751327337 -7.512278053435388 -9.259174968086212
0.7113188158184616 1.1304337858049567 0.718333292303591 0.3793002621889925 0.5844736993790338 1.1333564843404274 1.6556427126290378 2.0610209994988207 2.4897808746523697 2.721258598661647 2.943968227064513 2.96618073593409 3.0795814391103526 3.039540469174404 2.8226762378424795 2.531867733563147 1.8558475623087793 1.1058831181070032 1.2534793941482723 0.9243835390542738 0.6587102421799891 0.9331516346606858 1.5434110888669639 1.7044517781713981 1.6810701898876328 1.570884455100388 1.406628797406936 1.0278470672099358 0.6324059553607531 0.15074523671518536 -0.4732509006078047 -0.8999648867865238 -1.4701833710568533 -1.809216401171452 -1.6440839339173587 -1.1381648174273842 -0.4361326292073271 0.10485886970829572 -0.14503185507444738 -2.5317074791398038 -5.555239114084221 -7.747555285540777 -9.448858103038258
1.0532745444685307 1.238865901470919 0.48597875873367213 0.21153736625297537 0.9340284442213269 1.483788038743362 1.7456618275215345 2.1361343518604174 2.5093629548400234 2.7943260620484143 3.0433399772705156 3.228931334272904 3.3844188963599446 3.249390224021199 3.032818262542822 2.8910673835724934 2.221184879242614 1.6088795360615067 1.5922201544093242 1.0386610517911774 0.9711467156218045 1.2280519168896773 1.4095514959424067 1.570884455100388 1.5004474203955445 1.3969838922398825 1.363665128935517 1.058243131978831 0.7124878952326497 0.2553778442850354 -0.3756327695230841 -1.0767881481825 -1.6470066324528294 -1.9585662963340036 -1.7075064921370724 -0.8061462637979151 -0.1128821711842698 -0.2730460509280632 -1.6186564566587638 -4.175433135488514 -6.514176503572151 -8.708538564003536 -9.289571032855108
0.9232144596400857 0.6470194480381064 0.030622326907340458 0.8843425691183255 1.6676257766244675 2.0542987928672387 2.287530135997798 2.319679819887976 2.5140392724967757 2.7554541715266545 2.988685514657214 3.144173076744255 3.1801222687305435 3.0336950721034626 2.847226905540434 2.7016765184739935 2.721258598661647 2.398884950199231 1.927161406574264 1.1587839615990223 1.3949380032650534 1.4779426416724206 1.5746839631964997 1.3969838922398825 1.33443814358081 1.3022884596906326 1.2759841728713965 0.9956973833197584 0.718333292303591 0.266191828866277 -0.3148406399852939 -1.0589596871161286 -1.6636660141050121 -1.9673343919404158 -1.955643597798533 -1.1606695961505085 -1.0648050841870702 -2.036602347231071 -3.7054632109848287 -5.6157389737684635 -7.641169058849645 -8.600106448337574 -9.069784102987711
0.37462394453223924 -0.2835677656557576 0.31207819587316665 1.7073744767068688 2.689985724332111 2.8951591615221526 2.672449533119287 2.6157491815311555 2.556126131407554 2.687939835357281 2.850149604075904 2.8793765894306107 2.8685626048493695 2.9381228299935715 2.804263237069015 2.578630910130678 2.559925639503666 2.8080627451651266 2.4935803827484815 2.0054897273248784 2.3188030103273345 2.069789095105233 1.6001114404550947 1.2935203640842206 1.0883469268941788 1.0804556408484083 1.0640885290497724 0.7779563424271929 0.5169593632096614 0.1685736977815564 -0.38030908717983714 -1.0677277827225409 -1.6341467588967582 -2.015266647922135 -2.0474163318123124 -2.2242395932082886 -2.8707405092544027 -4.040404463149768 -5.333406295241996 -6.792417404148959 -7.861832798277681 -8.602152337312404 -8.841229077513905
-0.15467676024150068 -0.8499867418299751 0.7779563424271929 2.7083987251055763 3.4341047714629456 3.2485134144605574 2.9419223380896833 2.7300266942680596 2.5190078600070764 2.4368800311603502 2.4517857936912506 2.6557901514671043 2.9261397659981414 3.128390504652713 3.1099775038792474 2.885221986501552 2.7650990766937076 3.014112991915809 3.2301004136870928 2.9556590212063956 2.7767898708355903 2.2708707543456157 1.7357246525009344 1.3060879677867447 0.9691008266469754 0.7367462930770565 0.6587102421799891 0.5806741912829221 0.2954188142209837 -0.015264040099549181 -0.5267362838069181 -1.2875147125899358 -2.019066156018247 -2.572625258636393 -3.084389772197309 -3.62655035052712 -4.325659840211706 -5.0767933638276705 -6.121658090258439 -7.144894847526723 -7.957405040387572 -8.399024789097192 -8.530838493046918
-0.1830269360355663 -0.46915912265814574 1.5317202947250808 3.2213323180806803 3.6948094808269305 3.4566095501860703 3.1771995701950733 2.8510264136365455 2.5160851614716053 2.289576024972628 2.127366256254005 2.272039833759804 2.6362080712794507 2.9340310520439123 3.0716901530645817 3.057076660387228 3.0971176303231767 3.113777011975359 3.082504137645823 2.8539491121720157 2.5806767991055075 2.323771597837635 1.9759704721166242 1.4946020233246031 0.9828375097636877 0.6362054634568648 0.48597875873367213 0.3930369453057043 0.1244409498959489 -0.2847368450699459 -0.8841823146949821 -1.7045837936016017 -2.4828984135974435 -3.0709453589341438 -3.625381271112932 -4.1646191509072725 -4.739806222687902 -5.465219999191724 -6.422403769558372 -7.157754721082794 -7.758369270122019 -8.064960346492892 -8.147088175339618
-0.08540880495084568 -0.4253186446260855 1.1050063085463617 2.9956999911423443 3.9604827777012153 3.836560359797258 3.4124768023004624 3.0971176303231767 2.7943260620484143 2.409698934780473 2.187866115938248 2.242812848405097 2.518131050446435 2.8188767297463677 2.9974536102636264 3.0640911368723582 3.0699365339432996 2.9594585293025073 2.8238453172566684 2.670403644144457 2.4722446834395457 2.2249843873387256 1.8725069439609623 1.377401812052229 0.9273062375897445 0.6812150209031134 0.49270096536525454 0.24953244721409407 -0.02110943717049052 -0.42911815272219744 -1.0484379723884343 -1.7767744474277274 -2.476176206965861 -3.0288585000233663 -3.607845079900108 -4.249377408435922 -4.914583595109049 -5.604924989187222 -6.2943895737047555 -6.957549871403053 -7.392155143627543 -7.661627948597939 -7.758369270122019
-0.10206818660302863 -0.4761735991432754 0.5941186045460873 2.3997617597598726 3.6705510829825236 4.251583551834095 3.870463662808718 3.3294721638930955 3.0003763087990967 2.743763377384772 2.5444353372656714 2.561094718917854 2.556126131407554 2.750485584016354 2.7525314729911834 2.7934492524877728 2.67712585077604 2.5903217042725606 2.475167381975016 2.413498442876585 2.287530135997798 2.1644845276544826 1.824574687979243 1.3695105260064584 0.9389970317316272 0.7659732784317632 0.614869764147929 0.24953244721409407 -0.17133614189368362 -0.6421828759580099 -1.1685608821962792 -1.8109700202927344 -2.3060751522014673 -2.8628492232086318 -3.5277631400282115 -4.177186754609796 -4.839470242747452 -5.4584977925601414 -6.082493929883132 -6.5562633624829285 -6.967194776570106 -7.248650645535933 -7.389232445092072
-0.16169123672663033 -0.4750045197290871 -0.042445136479426715 1.6801933803269913 3.7690460236278858 4.395088049925705 4.211542581898146 3.6167734299298635 3.1576174900074196 2.9498136241354542 2.802217348094185 2.7083987251055763 2.700799708913353 2.564017417453325 2.5540802424327245 2.370534774405166 2.2279070858741967 2.1527937335126 2.074757682615533 2.0785571907116447 2.0122119339564604 1.9154706124323813 1.7064976671462277 1.2534793941482723 0.8890188867750788 0.7417148805873564 0.6078552876627992 0.20364608020720443 -0.32857732310200616 -0.8549553293402754 -1.3304783810613547 -1.723289064228614 -2.2183941961373472 -2.768153790659382 -3.402963912563613 -3.986919079950655 -4.593379026060821 -5.16067481179568 -5.7124802952925435 -6.175435743311099 -6.519145091082451 -6.799431880634089 -6.977131951590707
-0.30811843335371125 -0.36657240406312486 -0.06202721666708033 1.0874701173335377 3.1771995701950733 4.410578352163699 4.22907877311097 3.7173142595500543 3.288554384396506 2.9594585293025073 2.936076941018742 2.810108634139956 2.702553328034635 2.564017417453325 2.3150035022312228 2.127366256254005 1.9075793263866103 1.8111302747160778 1.7114662546565276 1.7573526216634172 1.691007364908233 1.6635339986748088 1.4612832600202377 1.1479699770177807 0.7838017394981343 0.42226393066041146 0.21036828683878728 -0.16841344335821296 -0.6372142884477099 -1.1185827372397306 -1.4584925769149706 -1.8510109902286827 -2.2271622917437592 -2.769907409780664 -3.243676842380461 -3.789636928806384 -4.33530474537876 -4.836547544211982 -5.34801978791935 -5.716279803388655 -6.059112341599366 -6.2876673670731735 -6.464490628469149
-0.5112459815689236 -0.34026811724388883 0.06014158211559417 1.0687648467065256 2.5190078600070764 3.7535557213898914 3.9634054762366855 3.517986219430954 3.2973224800029177 2.87849977986997 2.874408001920311 2.7688985847898193 2.642053468350392 2.4906576842130104 2.2407669594302675 1.998475250839748 1.7710893047801295 1.613848123571807 1.4612832600202377 1.4612832600202377 1.3706796054206465 1.3481748266975222 1.1976558521207825 0.8852193786789666 0.43980012187323547 -0.00035827756864881266 -0.39784527839266115 -0.7181730378802476 -1.060128766530317 -1.4164057180041927 -1.753392859143962 -2.07956601570249 -2.455425047364019 -2.7623083935884405 -3.202759062883872 -3.644086541739944 -4.15292835676539 -4.620560122440698 -4.991742836445474 -5.340420771727127 -5.631229276006459 -5.859784301480266 -6.165498568290499
-0.6226007957703563 -0.30022714730794053 0.15074523671518536 0.5140366646741907 1.8862436270776746 3.0912722332522353 3.40780048464371 3.222209127641322 3.0766587405748815 2.760130489183407 2.59236759324739 2.5122856533754936 2.4889040650917282 2.348029995682041 2.191957893887907 1.9555115823683291 1.6977295715398153 1.5258748976541394 1.325670047974398 1.169305676326717 1.0561972430040014 0.7826326600839462 0.6245146693149821 0.3050637193880372 -0.10411407557785779 -0.5062773940586234 -0.935037269212172 -1.1907733910658562 -1.4830432446129242 -1.8255835129700877 -2.109962080471385 -2.416553156842259 -2.6585525955792315 -2.937962575570228 -3.272027018174527 -3.651977827785715 -4.090382608106317 -4.516219784724395 -4.82661036919138 -5.089360967530195 -5.393029345365598 -5.727093787969897 -6.064080929109666
-0.6000960170472323 -0.2622320663468216 0.17032731690283898 0.24748655823926446 0.762173770335651 1.8988112307801979 2.789649744391661 2.848980524661716 2.710444614080406 2.5415126387302003 2.320848899302164 2.2407669594302675 2.2220616888032554 2.1577623210229007 2.039685300189885 1.8900431351737863 1.6685025861851086 1.433225354079719 1.2105157256768533 0.9536105244089805 0.6069784781021581 0.2153368743490871 -0.23095919201728554 -0.6059414141181736 -0.9429285552579427 -1.2729012199125824 -1.4722292600316829 -1.7075064921370724 -1.9936386787596518 -2.248497991052695 -2.495466017299967 -2.6977167559545383 -2.9224722733322337 -3.1890223797671595 -3.5023356627696165 -3.8314315178636145 -4.210505517914162 -4.555091675246155 -4.861682751617029 -5.147814938239609 -5.470188586702024 -5.810975235937905 -6.200570950716147
-0.7994240571663325 -0.27772236858481625 0.08439997996000059 0.47107299620277177 0.8489779168391305 1.4867107372788326 2.2074481961259016 2.4918267636271993 2.4459403966203093 2.2708707543456157 2.056052411988521 1.9788931706520945 1.9242387080387928 1.9154706124323813 1.8383113710959553 1.6810701898876328 1.5121382145374276 1.2701387758004552 0.9810838906424051 0.6742005444179839 0.2153368743490871 -0.3119179414498232 -0.8432645351983927 -1.2769929978622414 -1.5835840742331158 -1.8121390997069227 -1.9781483765216572 -2.2154714976018766 -2.4048623627003765 -2.641016404366407 -2.830699539318454 -2.9692354498997644 -3.1577495054376232 -3.449727089131144 -3.7934364369024958 -4.118732783900382 -4.4399373529486095 -4.741559841809185 -5.078546982948954 -5.373447265177945 -5.707511707782244 -6.093307914464373 -6.51125380503668
-1.189019771944574 -0.6851465444294289 -0.3560506893354305 0.35211916580911495 1.015279463507412 1.5551018830088466 1.9166396918465693 2.018934140588043 2.1615618291190124 2.231998863823856 2.033547633265396 1.8929658337092565 1.7485845260570052 1.6939300634437036 1.6097563456221482 1.441993449686131 1.2105157256768533 0.9126927449123912 0.5911959060106167 0.16155922129642653 -0.31893241793495286 -0.8128684704294975 -1.3296015715007137 -1.779697145963198 -2.1087930010571965 -2.338517105945192 -2.498680985688985 -2.6509535793870076 -2.7377577258904866 -2.873663207789873 -2.975957656531347 -3.1147858369662043 -3.336326385954882 -3.650808748371527 -4.0152692557447205 -4.34728780937419 -4.665569679886946 -4.961346771676579 -5.270860546582924 -5.566929908226104 -5.875566873571808 -6.195894633059394 -6.550417965411987
-1.2144472492031688 -0.9116556809284064 -0.6117868111891149 -0.21634569933993197 0.2983415127564544 1.006219098047453 1.7719661143407706 2.0434848082859967 2.1831897982814956 2.2983441205790403 2.143148828345547 1.8929658337092565 1.691884174468874 1.4703436254801967 1.33443814358081 1.1587839615990223 0.9056782684272617 0.5023458705323081 0.10982745721859555 -0.3735868805482545 -0.8032235652624444 -1.2612104257706998 -1.7007842855054898 -2.1400658753867328 -2.5004346048102675 -2.734835027355016 -2.8277768407829837 -2.911658288750992 -2.989694339648059 -3.0618849934741847 -3.1557036164627936 -3.3021308130898746 -3.511103758376028 -3.772977547154201 -4.115810085364911 -4.446659559580192 -4.754419715365255 -5.028861107845952 -5.289565817209937 -5.572775305297045 -5.831434125686201 -6.113766804212668 -6.390254085668194
-0.9213005860954597 -1.0677277827225409 -0.7973781681915031 -0.7915327711205615 -0.45951421749109245 0.013086135694516443 0.7592510718001804 1.5150609130728983 1.9046566278511392 2.345107297146571 2.548234845361783 2.174421702675083 1.648043696436814 1.3852930980979998 1.0883469268941788 0.8706058860016133 0.6253914788756236 0.2591773523811476 -0.24177317659852693 -0.7506149916239722 -1.1635922946859791 -1.5482194219539203 -1.9632426139907568 -2.3373480265310036 -2.6880718507874852 -2.9253949718677044 -3.0513632787464906 -3.1197544244765045 -3.177331585625277 -3.247476350476573 -3.3404181639045407 -3.466386470783327 -3.607845079900108 -3.8530594870260977 -4.099150703712729 -4.38908239843142 -4.659724282816005 -4.9116608965735775 -5.151906716189267 -5.344220279823238 -5.58826560753504 -5.810975235937905 -6.0766485328121895
