static/data/ASCData/20210124/ASCV/06.asc
ncols 97
nrows 97
xllcorner 99.0
yllcorner 2.0
cellsize 0.25
NODATA_value -32767
[rows 76 to 94 of 97, columns 43 to 85 of 97]
-7.224037986868183 -7.286716481147782 -7.291491985473847 -7.351185789549656 -7.41565509795153 -7.38730054101552 -7.315071038083792 -7.241647659070546 -7.001380097665415 -6.786482402992502 -6.503533771673166 -6.189842831254789 -5.721246469259688 -5.0481988283049395 -4.374554249309433 -3.7874656862238507 -3.226940865952003 -2.791474565218975 -2.240799222619636 -1.6429657748004076 -1.0746807599987047 -0.6460792467343952 -0.46132692311976586 -0.3100031297875896 -0.18703389339142285 -0.1500237348644211 0.030848491485280682 0.03174389854641779 -0.6410052733879514 -2.076641261411161 -2.691785912412374 -2.815949024890057 -2.6753701162915267 -2.4183882897451685 -2.509122871940398 -2.6371660816830085 -2.8383342014184856 -3.076512479680964 -3.1899307074250016 -3.241565847950576 -3.4516880382974247 -3.751350934757986 -4.022062336241781
-7.005260194930342 -7.01212498239906 -6.947655673997186 -6.970339319545993 -7.02794384047915 -7.024959150275359 -6.949744957139839 -6.7055972984697805 -6.460554232738584 -6.068962878001276 -5.718261779055897 -5.321894919992524 -4.817780744572316 -4.199651403367312 -3.614652123424383 -3.0287574364203165 -2.501362677410543 -2.0581361821476603 -1.6226698814146325 -1.1478056699915709 -0.8764973304670183 -0.7368138289296249 -0.5777298410675937 -0.4126764727979815 -0.27985775872930607 0.050248977809918216 0.23679211554682178 0.05621835821749954 -0.599219610534885 -1.9945622808069234 -2.853854590478196 -3.1976909019548563 -3.181275105834009 -2.914443801615142 -2.8257985025625656 -2.959512623692378 -3.2544000158268753 -3.4925782940893537 -3.614652123424383 -3.598236327303536 -3.7525448108395025 -3.899988506906751 -4.177266226838885
-6.690972316471207 -6.638143299864116 -6.612773433131897 -6.626503008069333 -6.6372478928029786 -6.632173919456535 -6.385340039603064 -6.1411923809330045 -5.786611184722698 -5.375619343660753 -4.998652970922018 -4.553337192516482 -4.00057256677449 -3.437063056298851 -2.8834030234957213 -2.345263379752302 -1.8178686207425283 -1.528652139995233 -1.1185557059944244 -1.0015558500058386 -0.9096273917290925 -0.8442626762660814 -0.6177246897983857 -0.416556570062909 0.06397855274735464 0.39408528928657915 0.1185983834767197 -0.2046435655937866 -0.6702552373850978 -1.5570066969312424 -2.266169089351855 -2.7592399110180383 -2.8120689276251296 -3.166351654815057 -3.0786017628236175 -3.216195981218357 -3.555256788368953 -3.8510395875645873 -4.014003672691547 -3.9253583736389697 -3.9760981071034074 -4.090411741908582 -4.323814515844996
-6.342360500668482 -6.3050518731211005 -6.351911509320611 -6.301171775856173 -6.277891192266607 -6.097018965916906 -5.822725936188563 -5.533807924461646 -5.169377250578832 -4.85091080583439 -4.523788759498956 -3.991618496163118 -3.3275249258197412 -2.7279006638782386 -2.0864907390836693 -1.547455688279113 -1.3274840202597562 -1.0952751224048587 -1.023941026534267 -0.9994665668631852 -1.0093160445356937 -0.8012831373314988 -0.5162452228695102 -0.14494976151797734 0.36573073235056963 0.5033249507453097 0.17829218755252896 -0.5326610189903578 -1.0346859112679125 -1.3247977990763449 -1.4456777523298583 -1.7426544276070088 -2.659551258211437 -3.175305725426428 -3.5200374439642257 -3.593162353957092 -3.6615117596238935 -3.9847537086943996 -4.253375827035541 -4.11279691843701 -4.184131014307603 -4.315755852294762 -4.501403582970529
-6.056128710124977 -6.068962878001276 -6.083587859999849 -5.888090651651574 -5.794371379252554 -5.625437913718014 -5.433223864593908 -5.178331321190203 -4.901949008319207 -4.653921252384221 -4.197860589245039 -3.503323178822999 -2.706410894410947 -1.9429271402813486 -1.3403181881360553 -1.0940812463233427 -0.9994665668631852 -1.0102114515968308 -0.9818568946608215 -0.91350748899402 -0.9320125682575209 -0.606084398003603 -0.4311815520614821 -0.08824064764595874 0.07561884454213752 0.11083818894686459 -0.19479408792127795 -0.9078365776068182 -1.0024512570669757 -1.0716960697949143 -1.0140915488617583 -1.2513744200630996 -2.541357526141335 -3.449598755154771 -3.9349093822910994 -4.108916821172083 -4.025942433506708 -4.00057256677449 -4.252480419974404 -4.2193503587123296 -4.2035315006322405 -4.339334904904707 -4.454543946771018
-5.6585679749800875 -5.676177647182452 -5.681251620528895 -5.520973756585348 -5.48276972197683 -5.3941244229242535 -5.237726656245634 -5.0093978556556635 -4.7133165874396505 -4.265016118830324 -3.6030118316296003 -2.777744990281539 -1.9760572015434226 -1.3149483214038364 -0.9917063723333299 -0.9087319846679554 -0.9105227987902296 -0.920372276462738 -0.9212676835238751 -0.8588876582646547 -0.7192041567272613 -0.5326610189903578 -0.4368524634486841 -0.38909742018803684 -0.5541507884576491 -0.5923548230661668 -0.5923548230661668 -0.8072525177390797 -0.8394871719400168 -0.8460534903883556 -1.0406552916754934 -1.0257318406565412 -1.259134614592955 -1.6343101732094154 -2.0727611641462333 -2.6156763122157174 -3.2496245115008104 -3.7603050053693576 -3.9644578153086245 -4.172490722512819 -4.293370675766333 -4.42230929257008 -4.4790184064420995
-5.457399855244612 -5.452624350918546 -5.371440777375446 -5.331445928644654 -5.3189102297887345 -5.189971612984986 -5.017158050185519 -4.746446648701724 -4.2945645518478495 -3.5394379302888637 -2.665520638619018 -1.9253174680789849 -1.4683613978786658 -1.1830250143962981 -0.9946910625371204 -0.91350748899402 -0.8705279500594374 -0.8042678275352892 -0.68517868840405 -0.5296763287865673 -0.5696711775173595 -1.0609511850612687 -0.9546962138063284 -0.6302603886543057 -0.834413198593573 -0.9320125682575209 -0.5287809217254302 0.05114438487105577 0.07860353474592774 -0.3646229605169551 -0.6968189801988329 -0.32164342158237247 0.29051653921505016 0.21231765587574003 -0.3120924129302429 -0.9702166028660386 -1.853983372208393 -3.075617072619827 -3.2630556174178675 -3.4203487911576245 -4.033702628036563 -4.305309436581495 -4.276954879645485
-5.243696036653215 -5.161617056048977 -5.158632365845186 -5.138038003439032 -5.040438633775084 -4.88523474317798 -4.585571846717419 -4.173386129573957 -3.4788487191519177 -2.7201404693483835 -2.1333503752831797 -1.698779481611289 -1.4173231953938492 -1.2221244560659532 -1.037670601471703 -0.894107002669382 -0.7729285803954895 -0.5463905939277938 -0.3813372256581815 -0.7583035983969162 -1.357927860338419 -1.7271340385472986 -1.6352055802705525 -1.1782495100702335 -1.1128847946072224 -1.292563144875408 -1.070800662733777 -0.3792479425155282 -0.08943452372747496 -0.5765359649860775 -0.723979661053326 -0.723979661053326 -0.6762246177926787 -0.8168035263912092 -0.9761859832736197 -0.6878649095874616 -0.9224615596053913 -1.6304300759444876 -2.3470541938745764 -2.8266939096237027 -3.5755526817547283 -4.0874270517047915 -4.243526349363032
-5.123413021440459 -5.076553385240949 -5.114757419849466 -5.033573846306366 -4.888219433381771 -4.482898503707027 -4.0736974767673555 -3.4185579770353502 -2.74939043334553 -2.3169088228162926 -1.8706976373496196 -1.6343101732094154 -1.4967159548146753 -1.2621193047967454 -1.0463262030626952 -0.8138188361874188 -0.5863854426585859 -0.43983715365247456 -0.8305331013286452 -1.3931472047431464 -1.991577590603133 -1.2964432421403356 -1.1167648918721502 -1.1537750503991517 -1.1988438724763877 -1.6596800399416343 -1.5161164411393133 -1.0394614155939772 -0.7368138289296249 -0.7153240594623338 -0.5416150896017291 -0.5502706911927215 -0.7845688721902724 -0.867543259855647 -0.9887216821295395 -0.9320125682575209 -1.3695681521332017 -1.6996748886724262 -2.4449520325589034 -2.788489875015185 -3.1654562477539194 -3.571672584489801 -3.7406060500243408
-5.070882473853747 -4.999548377983155 -4.969104537904492 -4.84135979718226 -4.5082683704392466 -4.048327610035137 -3.4087084993628416 -2.769984795751684 -2.4467428466811776 -2.0658963766775154 -1.8501032749434654 -1.6107311205994708 -1.4779124065307954 -1.1197495820759404 -0.834413198593573 -0.599219610534885 -0.416556570062909 -0.894107002669382 -1.2719687824692538 -1.1361653781967882 -1.3910579216004932 -0.7251735371348422 -0.5257962315216398 -0.6645843259978959 -1.4770169994696583 -1.9378531669349048 -1.6226698814146325 -1.0776654502024952 -0.6663751401201703 -0.44759734818232966 -0.24374300726344145 0.17620290440987585 0.006374031814198933 -0.36850305778188264 -0.5278855146642931 -1.1830250143962981 -1.7348942330771537 -2.3324292118760033 -3.0532318960913987 -3.3490146952870328 -3.285739262966675 -3.4427339676860527 -3.213509760034946
-4.8685204780367535 -4.765250196985605 -4.564082077250127 -4.357839984168207 -3.9456542670247448 -3.483027285437224 -2.8568392806819864 -2.6117962149507896 -2.2984037435527918 -2.0082918557443596 -1.7933941610714466 -1.448662442533649 -1.2573438004706805 -0.8472473664698719 -0.47326568393492763 -0.26612818379186987 -0.6771200248538158 -1.1430301656655062 -0.7681530760694248 -0.3100031297875896 -0.29836283799280694 -0.32074801452123536 -0.22404405191842458 -0.4858013827908476 -1.2934585519365451 -1.7572794096055822 -1.4468716284113747 -0.9388773557262389 -0.47416109099606474 0.007269438875336043 -0.01989124197915748 0.42423066034486245 0.5483937728225459 0.18306769187859384 -0.08824064764595874 -0.7329337316646973 -1.5152210340781762 -2.4389826521513225 -3.3081244394951037 -3.6889709094987655 -3.5836113453049627 -3.1770965395487023 -2.950558553081007
-4.537518334436392 -4.36948027596299 -4.062057184972573 -3.808060048630005 -3.3931881103031314 -2.9974181892805167 -2.6956660096773017 -2.4515183510072425 -2.1643911534026006 -1.8668175400846918 -1.5161164411393133 -1.1128847946072224 -0.8245637209210643 -0.45565601173256387 -0.13718956698812224 -0.47416109099606474 -0.8851529320580107 -0.4828166925870572 0.04636888054499089 0.3687154225543603 0.3824449974917963 0.07770812768479063 -0.1264446822544767 -0.3362684035809458 -0.5687757704562222 -1.0325966281252592 -1.0737853529375676 -0.6675690162016863 -0.11092429319476627 0.4946693491543175 0.23201661122075734 0.1938125766122396 0.3881159088789983 0.7379216007632396 0.46631479221830796 -0.1694242211890591 -0.8735126402632278 -2.1458860741390997 -3.0884512404961257 -3.489593603885563 -3.4925782940893537 -3.063081373763907 -2.9290687836137153
-4.119661705905728 -3.9632639392271085 -3.6674811400314744 -3.402739118955261 -3.079497169884754 -2.8666887583544947 -2.553296286956497 -2.237814532415846 -1.9300929724050495 -1.4829863798772391 -1.0824409545285598 -0.6732399275888883 -0.3362684035809458 -0.11868448772462137 -0.3598474561908902 -0.6645843259978959 -0.3374622796624618 0.22127172648711158 0.4684040753609615 0.42423066034486245 0.42243984622258823 0.31678181300840613 -0.004370852919446833 -0.2124037601236417 -0.253294015915571 0.12456776388430102 0.12844786114922835 -0.04048560438531146 0.4322893238950969 0.5815238340846198 0.24664159321933044 -0.0034754458583097225 0.35976135194298875 0.8549214567518257 0.8256714927546791 0.12456776388430102 -0.8579922512035176 -2.129470278018252 -2.9419029514900146 -3.189035300363864 -3.272905095090376 -3.166351654815057 -3.0132370473606063
-3.6089812120371816 -3.484818099559498 -3.300364244965248 -3.037711507031688 -2.8374387943573485 -2.5941865427484263 -2.3198935130200833 -2.0103811388870128 -1.6253561025980439 -1.1155710157906338 -0.730844448522044 -0.29239345758522606 -0.20643437971606082 -0.5454951868666567 -0.6821939982002596 -0.1342048767843318 0.37349092688042473 0.36095522802450475 0.17232280714494808 0.04547347348385378 0.06606783589000775 -0.02377133924408481 -0.25717411318049854 -0.4126764727979815 -0.23687821979472345 0.30902161847855103 0.7710516620253136 0.851041359486898 0.3919960061439256 -0.25150320179329677 -0.32761280198995335 -0.07958504605496652 0.0054786247530613785 -0.1136105143781776 -0.1136105143781776 -0.3383576867235991 -1.2552545173280274 -2.3667531492195932 -3.1341170006141197 -3.2776805994164406 -3.2827545727628844 -3.1263568060842646 -2.7923699722801123
-3.219180671422148 -2.9926426849544523 -2.7855051848113943 -2.5864263482185708 -2.4906177926768973 -2.264975213270339 -1.9515827418723408 -1.5531265996663148 -1.174369412805306 -1.0278211237991945 -0.8460534903883556 -0.5502706911927215 -0.8421733931234281 -1.0346859112679125 -0.40670709239040037 0.45079440315859776 0.7340415034983119 0.31021549456006703 -0.25627870611936143 -0.3861127299842464 -0.2544878919970872 -0.013026454510439045 -0.030636126712802803 -0.31895720039896114 -0.41954126026669947 -0.14584516857911467 0.33648076835342344 0.5122790213566812 -0.14584516857911467 -0.5416150896017291 -0.2192685475923597 -0.05331977226161033 -0.3353729965198087 -0.730844448522044 -0.8794820206708087 -0.9818568946608215 -1.3510630728697008 -2.137230472548107 -2.828484723745977 -3.123372115880474 -3.289619360231603 -3.1129257001672075 -2.729094539959755
-2.8589285638246396 -2.560161074425215 -2.449727536884968 -2.245574726945701 -2.0288862181505136 -1.8139885234776008 -1.5385016176677415 -1.2642085879393987 -1.162729121010523 -1.4456777523298583 -1.652815252472916 -1.7151952777321366 -1.3931472047431464 -0.6615996357941054 0.25231250460653243 0.700612973215859 0.6653936288111315 0.4215444391614511 0.13441724155680923 -0.12047530184689559 -0.06794475426018365 0.12367235682316347 -0.10704419592983871 -0.3362684035809458 -0.12047530184689559 0.2015727711420947 0.2788762474202673 0.0893484194795735 -0.21538845032743215 -0.3529826687221722 -0.7729285803954895 -1.1078108212607787 -1.3295733034024098 -1.351958479930838 -1.180040324192508 -0.9749921071921035 -0.7544235011319886 -1.1039307239958511 -1.763248790013163 -2.016947457335352 -2.2055798782149085 -2.266169089351855 -2.1918503032774725
-2.558967198343699 -2.2972098674712758 -2.154840144750471 -1.9106924860804115 -1.6235652884757696 -1.422397168740293 -1.3892671074782188 -1.3304687104635469 -1.3033080296090538 -1.240629535329454 -0.6675690162016863 -0.6371251761230237 -0.4222274814501108 0.0962132069482915 0.46721019927944507 0.23201661122075734 0.19291716955110205 0.48481987148180883 0.5454090826187552 0.426319943487516 0.13441724155680923 -0.2115083530625046 -0.6099644952685306 -0.6186200968595228 -0.024965215325601253 0.3764756170842154 0.2767869642776142 -0.007355543123237496 0.3725955198192876 0.3764756170842154 -0.25836798926201476 -0.8541121539385899 -1.3295733034024098 -1.5638714843999606 -1.455527230002367 -1.2122749783934448 -0.9478314263376102 -0.47326568393492763 -0.34044696986625245 -0.47505649805720185 -0.821877499737653 -1.1304944668095862 -1.5337261133416769
-2.2769139740855007 -2.1643911534026006 -1.9897867764808588 -1.6763943050828607 -1.2719687824692538 -0.7777040847215542 -0.6430945565306045 -0.44580653406005544 -0.32850820905109046 0.03174389854641779 0.45556990748466264 0.41348577561121713 0.33260067108849567 0.6077891078779758 0.577643736819692 0.35289656447427076 -0.034516223977730576 0.023088296955425136 0.2027666472236107 0.34334555582214143 0.17441209028760163 -0.1840492031876324 -0.3735770311283264 -0.2738883783217252 0.12755245408809124 0.2084375586108127 0.08337903907199262 0.05920304842128976 0.46721019927944507 0.734936910559449 0.322751193415987 -0.4087963755330537 -1.3295733034024098 -1.6313254830056247 -1.645950465004198 -1.415532381271575 -1.083336361589697 -0.5171406299306474 -0.04257488752796479 -0.2631434935880794 -0.644885370652879 -1.0552802736740667 -1.3910579216004932
-2.1724498169528346 -1.906812388815484 -1.8080191430700199 -1.5268613258729589 -0.880377427731946 -0.3646229605169551 0.020103606751634917 0.23291201828189445 0.5239193131514641 0.8101511036949689 0.7418016980281674 0.6334574436305735 0.5952534090220558 0.7065823536234399 0.7203119285608759 0.6459931424864935 0.2738022740738235 -0.011235640388164825 0.07681272062365352 0.007269438875336043 0.038608686015135785 -0.11092429319476627 -0.15778392939427643 -0.09809012531846717 -0.0228759321829477 0.05233826095257177 0.0054786247530613785 0.030848491485280682 0.28753184901125994 0.5122790213566812 0.4310954478135809 0.0815882249497184 -0.7260689441959793 -1.363897240746 -1.4447823452687212 -1.8706976373496196 -1.6683356415326265 -1.416427788332712 -1.0746807599987047 -1.0140915488617583 -1.063935875265059 -1.4203078855976394 -1.5462618121975968
