static/data/ASCData/20210124/ASCV/12.asc
ncols 97
nrows 97
xllcorner 99.0
yllcorner 2.0
cellsize 0.25
NODATA_value -32767
[rows 57 to 75 of 97, columns 43 to 85 of 97]
-9.184478121081934 -8.48620590636759 -8.526281582696694 -8.14914558227515 -8.014586854468167 -7.919838401160291 -7.97159175800913 -8.060501371057136 -8.183382418344381 -8.301751634521727 -8.365182671890306 -8.411097188479275 -8.393315265869674 -8.441352997098598 -8.320064360791317 -8.326964808371162 -8.345542936470746 -8.330945835821073 -8.559456811445948 -8.837863331109705 -8.803626495040472 -7.842606468632023 -6.516393524151761 -5.244057151160291 -4.038071235667333 -3.1787001101466026 -2.143367571339818 -1.3251337294681655 -0.7351454613913951 -0.5623688700652694 -0.3473933877700899 -0.42568692761833415 -0.5222931937361679 -0.6043023592043291 -0.767524484650669 -0.8426332025389849 -0.8349365494691575 -0.7850410054302763 -0.69613139238227 -0.7099322875419605 -0.6396008025935376 -0.8553724903786992 -1.0419499768645155
-9.277103359749855 -8.867057532409051 -8.730375589962115 -8.45595009774827 -8.258756538062691 -8.199041126314029 -8.183382418344381 -8.267514798452495 -8.265391583812542 -8.337846283400918 -8.371817717640155 -8.43047152206884 -8.406054553709389 -8.346604543790722 -8.257694930742716 -8.292727972301929 -8.315287127851423 -8.37871816522 -8.562376231575882 -8.677560625793301 -8.535039843086496 -7.129737153268008 -5.697098074960132 -4.568344091995442 -4.011531052667928 -3.1561409545971086 -2.1667229323792947 -1.322214309338231 -0.636681382463603 -0.3611942829297803 -0.19133711173358914 -0.3250996340505896 -0.4832791247270427 -0.7186905479317641 -0.8837704861880624 -1.04486939699445 -1.066366945223968 -0.9432204961067294 -0.8357327549591396 -0.7099322875419605 -0.9968316657655273 -1.267541532359457 -1.8309896174368228
-9.410865882066858 -9.195094194281696 -8.87687740011883 -8.677560625793301 -8.4724050112079 -8.481428673427697 -8.45993112519818 -8.29670899975184 -8.292727972301929 -8.203022153763941 -8.232216355063287 -8.325903201051187 -8.406054553709389 -8.313429315041464 -8.286092926552078 -8.319268155301334 -8.39251906037969 -8.457011705068245 -8.252917697802822 -8.259552743552673 -8.118093568165845 -6.295844603426706 -5.017403988345373 -4.418922861708793 -3.8544131693114507 -2.8525212610839166 -1.8554065857962752 -0.9559597839464438 -0.31342195353085156 -0.004759625247772847 -0.019356725897445415 -0.22928957342273804 -0.6374775879535851 -0.875808431288241 -1.0154097938651105 -1.1727930790515817 -1.1629732113418019 -1.0037321133453725 -0.854310883058723 -0.6112028067841743 -1.1053810142330933 -1.8426672979565608 -2.4100964104838374
-9.406088649126964 -9.348496452018257 -9.024175415765528 -8.792745020010717 -8.657124684883758 -8.669863972723473 -8.562376231575882 -8.39835790063956 -8.283173506422145 -8.160027057304905 -8.052539316157315 -7.9872504659787795 -8.228500729443368 -8.28105029178219 -8.275211451522322 -8.367040484700263 -8.44029138977862 -8.411097188479275 -8.125790221235672 -7.994947119048606 -7.813412267332677 -5.720453435999608 -4.528268415666341 -3.9812752440486063 -3.1561409545971086 -2.153187439049598 -1.0565470775141883 -0.1462188006346008 0.162178125818484 0.337077931784562 0.16323973313846007 -0.2967016382412264 -0.7351454613913951 -0.9822345651158546 -1.1218359276927243 -0.9235807606871698 -0.8885477191279554 -0.7176289406117878 -0.5944824914945492 -0.4832791247270427 -1.3437118575677491 -2.148410206109705 -2.8503980464439644
-9.415908516836744 -9.27922657438981 -9.105388375743708 -8.806545915170407 -8.74311487780183 -8.74311487780183 -8.657124684883758 -8.611210168294788 -8.50186461433724 -8.347400749280704 -8.15896544998493 -7.495991678659795 -7.86012298941163 -8.052539316157315 -8.320064360791317 -8.41401660860921 -8.536101450406473 -8.50584564178715 -8.411097188479275 -8.29087015949197 -7.658948402276141 -5.2294600505106175 -4.06540762415672 -3.3798746972820917 -2.4538877124328553 -1.2821386330091298 -0.16293911592422594 0.36839534772385996 0.5244516237603607 0.4912763950111043 0.22268974305712708 -0.3357157072503516 -0.7186905479317641 -0.9227845551971876 -0.7712401102705857 -0.5029188601466024 -0.3123603462108753 -0.1610813031142675 -0.12498665423507682 -0.506634485766519 -1.4822516128246426 -2.3026086693362475 -3.0027386968605483
-9.153160705142636 -9.109369403193618 -9.029218050535416 -8.77920952668102 -8.902090573968266 -8.832024490849836 -8.796726047460627 -8.791948814520735 -8.80150328040052 -8.7489537180617 -8.329884228501097 -7.197149218086496 -7.454058189520735 -7.754758462903992 -8.10137325287622 -8.416936028739144 -8.57591172490558 -8.73913385035192 -8.787967787070825 -8.674641205663367 -7.626834780846861 -5.081896633033926 -3.7341861403241468 -2.8952509557129584 -1.8474445308964538 -0.7595624297508476 -0.032096013737159756 0.3527366397542111 0.45226232600197935 0.35751387269410384 0.1406805775889659 -0.2683036424318632 -0.5525490023554895 -0.5398097145157752 -0.35933647011982206 -0.24017104845249415 -0.13746054024479726 0.11042476896964448 0.24524889860662125 -0.48513693753700116 -1.6775873597002624 -2.4440678447230755 -3.02317463777009
-8.96074437839695 -9.000820054726052 -8.900232761158307 -8.950128305197188 -9.041957338375129 -8.972422058916688 -8.953843930817104 -8.946147277747277 -8.97454527355664 -8.998962241916093 -8.471608805717917 -7.089661476938906 -6.869112556213851 -7.25182199506527 -7.9238194286102015 -8.411893393969258 -8.728252375322164 -8.983303533946444 -9.16775780579231 -9.04859238412498 -7.743876987874236 -5.28599064029935 -3.719589039674474 -2.5106837040515817 -1.4753511652447973 -0.5751081579049837 0.02363837056159057 0.1905761216278472 0.18287946855801973 0.15235825810870418 0.0430127041511561 -0.20009537212339268 -0.4235637129783818 -0.5175159607962752 -0.5135349333463644 -0.4023315665788578 -0.20195318493335113 -0.03023820092720153 -0.2409672539424763 -1.07698301842373 -1.9676715598837577 -2.5358968779010165 -3.1014681776183344
-8.715778489312443 -8.762489211391395 -8.955967145457057 -9.105388375743708 -9.05841225183476 -9.07221314699445 -9.07407095980441 -9.05443122438485 -9.051511804254915 -8.95092451068717 -8.391457453059715 -7.149376888687567 -6.529132811991475 -6.915823278292804 -7.765374536103755 -8.39437687318965 -8.809465335300342 -9.158999545402505 -9.45890361329578 -9.282145994519745 -7.878701117511214 -5.499904515274554 -3.773200209333272 -2.3251678248857415 -1.2009256730309508 -0.39436951167903644 0.04885154441102513 0.15341986542868025 0.2540071589964248 0.37901142092362194 0.32141922381491317 0.14758102516881122 -0.17169737631402948 -0.6170416470440434 -0.8816472715481101 -0.6101411994641981 -0.07801053032613026 -0.18735608428367834 -1.1385562429823493 -1.7147436158994294 -2.2312155770678483 -2.6667399800880824 -3.1572025619170847
-8.526281582696694 -8.738072243031944 -8.953843930817104 -9.004801082175963 -9.079909800064279 -9.092649087903993 -9.06823211954454 -9.071151539674474 -9.080971407384254 -8.898374948348348 -8.385618612799846 -7.29375548420433 -6.855311661054161 -7.201926451026389 -7.859326783921648 -8.386680220119823 -8.795664440140651 -9.186335933891892 -9.535870143994053 -9.452003165715935 -7.996804931858565 -5.490084647564774 -3.6649162626957 -2.1951209281886577 -0.9392394686568186 -0.11118575907538641 0.298860068265419 0.46606322116167 0.7012092425363972 0.8585925277228679 1.0459662196986663 0.9220235650914459 0.4650016138416935 -0.3054598986310302 -0.6971929997022461 -0.5974019116244838 -0.22451234048284507 -0.7001124198321806 -1.5135690287639403 -1.9129987829049837 -2.3405611310253964 -2.8074029499849282 -3.211875338895859
-8.373940932280108 -8.602451907904985 -8.824062435950015 -8.9050099940982 -8.983303533946444 -8.998962241916093 -9.01249773524579 -9.045672963995045 -9.021255995635594 -8.768328051651265 -8.26459537832256 -7.457773815140651 -7.458835422460628 -7.707782338995045 -7.825089947852415 -8.255837117932757 -8.470547198397941 -8.829901276209885 -9.206771874801433 -9.228269423030952 -7.721583234154736 -5.093574313553665 -3.3620927746724902 -1.9764298202735615 -0.7147095204818533 0.15633928555861498 0.5743471677992416 0.814535823943856 1.0743642155080297 1.3243727393624236 1.4493770012896205 1.1534539608462562 0.6826311144368136 0.06849127983058478 -0.206995819703238 -0.17275898363400577 -0.6706528167028413 -1.0974189593332717 -1.4764127725647735 -1.9490934317841744 -2.4716696350424563 -2.9754023083711614 -3.3514767014727287
-8.218680861733588 -8.485144299047615 -8.675702812983342 -8.773370686421153 -8.857237664699271 -8.898374948348348 -8.958886565586992 -8.987284561396354 -8.873957979988896 -8.643323789724068 -8.233277962383262 -7.719460019514784 -7.891440405350927 -7.936293314619922 -7.9851272513388265 -7.871800669931368 -8.072179051576875 -8.11517414803591 -8.385618612799846 -8.711797461862531 -7.361167549022818 -4.624874681784174 -2.8952509557129584 -1.5594835453529108 -0.4968146180567392 0.3731725806637527 0.9103458845717074 1.1709704816258637 1.3341926070722034 1.4045240920206266 1.1388568601965834 0.6016835562886289 0.2619692138962464 0.42386433019261616 0.16138192032850185 -0.45010389597778677 -1.055485470194212 -1.17465089186154 -1.3983846345465232 -1.9774914275935376 -2.6218870708190884 -3.120046305717918 -3.448082967590562
-8.14728776946519 -8.415874421419169 -8.529201002826627 -8.629788296394372 -8.735152822902009 -8.816365782880187 -8.871834765348943 -8.818223595690146 -8.70702022892264 -8.572196099285662 -8.201164340953984 -7.911080140770487 -8.040861635637576 -8.041923242957553 -7.910018533450511 -7.788995298973225 -7.626834780846861 -7.6669104571759625 -7.774398198323552 -8.151268796915101 -6.869908761703834 -4.081862537616351 -2.4013381500940336 -1.322214309338231 -0.25768756923210123 0.6231811045181468 1.1611506139160839 1.3440124747819833 1.4453959738397102 1.1768093218857327 0.5119777377506405 0.014880110171786809 -0.05943240222654689 0.10750534883970997 0.17889844110810893 -0.4275447404282926 -1.0576086848341644 -1.1385562429823493 -1.4384603108756244 -2.0135860764727282 -2.6619627471481895 -3.138624433817501 -3.4714383286300388
-8.119951380975802 -8.335723068760966 -8.41401660860921 -8.493106353947436 -8.583873779805401 -8.655266872073799 -8.674641205663367 -8.621030036004568 -8.525219975376716 -8.397296293319584 -8.232216355063287 -7.950094209779612 -7.965752917749261 -8.031041767927796 -7.894359825480862 -7.602417812487408 -7.440257294361045 -7.440257294361045 -7.531024720219009 -7.612237680197188 -6.189418469599093 -3.603343038137081 -2.1845048549888957 -1.1560727637619566 -0.16585853605416045 0.7160717450160639 1.2041457103751196 1.3663062285014833 1.346931894911918 0.9249429852213802 0.1446616050388767 -0.24388667407241083 -0.3112987388908992 -0.12100562678516624 -0.04961253451676706 -0.34155454751022063 -0.9227845551971876 -1.2009256730309508 -1.593720381422143 -2.0751593010313476 -2.6776214551178383 -3.146321086887329 -3.5515896812882413
-8.036880608187666 -8.224519701993458 -8.322187575431268 -8.343685123660787 -8.369959904830196 -8.410035581159299 -8.453030677618335 -8.411893393969258 -8.304671054651662 -8.208860994023809 -8.180462998214447 -7.897279245610797 -7.865961829671499 -7.9803500183989335 -7.809431239882766 -7.503688331729622 -7.277300570744699 -7.275177356104746 -7.187329350376716 -7.009510124280704 -5.489023040244797 -3.5476086538383305 -2.192201508058723 -1.1961484400910578 -0.21867350022297605 0.5870864556389561 1.053928274598488 1.2248470531146554 1.1945912444953337 0.7638440744149926 -0.04377369425689803 -0.39145009154910193 -0.5398097145157752 -0.3826918311592984 -0.3699525433195838 -0.6316387476937161 -1.0857412788135337 -1.496052507984333 -1.8339090375667573 -2.2224573166780446 -2.8074029499849282 -3.2097521242559064 -3.6277600064965334
-7.913999560900422 -8.064216996677054 -8.15710763717497 -8.177543578084512 -8.196121706184096 -8.224519701993458 -8.180462998214447 -8.128709641365607 -8.106415887646108 -8.05545873628725 -7.989108278788738 -7.8035923996228975 -7.84764910340191 -7.8436680759519986 -7.6647872425360095 -7.361167549022818 -7.116201659938311 -6.943159666782191 -6.770383075456065 -6.299560229046623 -5.013422960895462 -3.5468124483483483 -2.4013381500940336 -1.4384603108756244 -0.5204353809262097 0.29010180787561546 0.8684123954326477 1.1086010515772622 0.9504215609008089 0.5900058757688909 -0.0583707949065706 -0.5222931937361679 -0.756643009620913 -0.8466142299888956 -0.8710311983483481 -1.1013999867831825 -1.4880904530845116 -1.9129987829049837 -2.1717655671491816 -2.5351006724110343 -2.9002935904828453 -3.327855938603258 -3.7166696195445397
-7.747858015324147 -7.879762724831189 -7.984331045848845 -8.006624799568344 -7.999989753818493 -7.951952022589571 -7.884539957771082 -7.849506916211868 -7.867023436991475 -7.884539957771082 -7.816331687462612 -7.794834139233093 -7.743080782384254 -7.641431881496533 -7.465735870040473 -7.184409930246781 -6.919804305742715 -6.663956941628451 -6.268508214937319 -5.709837362799846 -4.753859971161282 -3.6394376870162715 -2.632768545848844 -1.6491893638908992 -0.6472974556633649 0.15740089287859105 0.6738728540470103 0.9180425376415351 0.8174552440737903 0.510916130430664 0.01965734311167977 -0.451961708787745 -0.8484720427988539 -1.0682247580339264 -1.2683377378494392 -1.5759384588125418 -1.9695293726937162 -2.36895912683476 -2.617906043369177 -2.938246052171994 -3.1630414021769537 -3.5574285215481103 -3.8679486626411475
-7.583839684387825 -7.686284790765527 -7.7566162757139505 -7.797753559363028 -7.8083696325627905 -7.697166265795284 -7.617014913137081 -7.609318260067254 -7.6552327766562245 -7.721583234154736 -7.708843946315022 -7.738038147614367 -7.693185238345373 -7.505811546369575 -7.23802109990558 -6.997832443760965 -6.748885527226547 -6.425626098293796 -5.983201247693716 -5.426653610196196 -4.6121353939444605 -3.741086587903992 -2.6853181081876656 -1.6454737382709825 -0.7497425620410678 -0.09658865842571362 0.36547592759392544 0.6154844514483195 0.527371043890295 0.14943883797876967 -0.32111860660067904 -0.7078090729020081 -1.098480566653248 -1.4228016029059756 -1.7526960775885783 -2.077017113841306 -2.3885988622543195 -2.7917442420152794 -3.073070181808971 -3.2761025817544187 -3.380670902772074 -3.713750199414605 -4.019493107567749
-7.414778718681616 -7.506607751859557 -7.606398839937319 -7.649393936396355 -7.656028982146206 -7.537925167798854 -7.411063093061699 -7.396465992412026 -7.494133865849836 -7.587820711837736 -7.527309094599093 -7.494133865849836 -7.454058189520735 -7.2595186481350975 -6.966780429651662 -6.701113197827619 -6.435445966003575 -6.1267836377204965 -5.763448532458644 -5.233175676130534 -4.4284773275885785 -3.5290305257387473 -2.4538877124328553 -1.5037491610541605 -0.7977802932699907 -0.21867350022297605 0.09768548112993014 0.2160546973072759 0.005060242462006981 -0.34447396764015514 -0.8787278514181756 -1.42572102303591 -1.799672201497525 -2.0419840722820917 -2.3073859022761405 -2.5741147414201593 -2.881715462383262 -3.2224914120956205 -3.4236659992311096 -3.561409548998021 -3.6237789790466226 -3.9003276859004212 -4.226506534963107
-7.25580302251518 -7.353470895952991 -7.45697760965067 -7.518285432379295 -7.504749939049598 -7.497053285979771 -7.412920905871657 -7.406020458291812 -7.466532075530456 -7.458835422460628 -7.421679166261461 -7.38558451738227 -7.175651669856978 -6.959879982071816 -6.634497338499112 -6.326100412046028 -5.9948789282134545 -5.694178654830197 -5.303507161078958 -4.753859971161282 -4.080004724806392 -3.153221534467174 -2.235196604517759 -1.5241851019637023 -0.8466142299888956 -0.506634485766519 -0.272284669881774 -0.16877795618409497 -0.33491950176036944 -1.033191716474712 -1.8094920692073049 -2.321186797435831 -2.5788919743600522 -2.789886429205321 -2.8875543026431307 -3.1062454105582273 -3.327059733113276 -3.578926069777628 -3.70684975183476 -3.7713423965233135 -3.8591904022513437 -4.100440665715935 -4.4120224141289475
