static/data/ASCData/20210124/ASCV/15.asc
ncols 97
nrows 97
xllcorner 99.0
yllcorner 2.0
cellsize 0.25
NODATA_value -32767
[rows 0 to 18 of 97, columns 0 to 42 of 97]
-0.26605119365106344 0.6187034337885471 1.2681740487840456 1.448974090604579 1.3619623763251318 1.4362340576726973 2.1266354167684964 2.124737965055237 1.3023281796227069 1.4020799268340356 2.41559020624479 3.4781631656698133 3.594449849239541 3.0935225969391738 2.9314260077207646 2.1550971924673803 1.326723987364608 1.363046634446994 2.4548945631622976 3.8796097352893177 4.440984377883507 3.517196458056855 2.1082030286968374 1.0396666496015727 -0.8656459350408978 -1.4885522260507706 -0.39778855545732905 0.8580534141896428 1.6452248106616494 2.005469571650388 2.4421545302304164 2.7330067714199693 2.587716183090426 2.7622817407102502 2.962598428724305 2.4898618875923555 0.8913943514369074 -0.2777069684610829 -0.5842809524176391 -0.5734383711990165 -0.6322593743100446 -0.804114286625214 -0.3996860071705881
-0.211296158497019 0.412694390634716 0.8531742526412625 0.8474818975014855 0.931240837415346 1.6969981359805726 2.313127813728806 1.6793789415003106 1.6463090687835116 2.0857046726681956 2.6676802195777674 2.904861683735139 3.2586008959927035 1.8707505000090008 2.023088766130649 1.4381315093859561 0.7244186006701183 1.3942190554505343 3.2184833454837998 4.5933226440051556 4.388397858973187 3.1149366948459534 2.093565544051697 1.9802605703170901 1.776148978876518 0.8981709646985465 0.9293433857020867 0.8745883505480425 1.222364143135365 1.6511882303318919 1.5728505810273428 1.4714724466332207 2.0504662837076717 2.956635009054062 3.946833738844778 3.767389019676573 3.2290548621719566 1.5143006424467804 0.9488600318956075 0.7360743754801378 0.4978086532009043 -0.04513360132162636 0.1969270243841248
0.5026878147492846 0.9068450296734449 0.5837361093584887 0.3140269015452499 0.37664280808279593 1.3904241520240161 1.1773674310780808 1.6414299072351313 1.7438922997511155 2.1832879036358 2.6091302809972055 2.5318768898145185 2.283852844438525 1.5495390314073043 1.890267146202522 1.3462406335581287 0.934222547250467 1.8122005614284384 3.2878758652829854 3.2537217344443237 2.862033487921579 2.200907098116061 1.8035264964535405 3.0740059507456525 2.933323459434023 1.6988955876938314 1.7097381689124542 1.591554033629467 1.1754699793648216 1.0749050385620962 0.6490626612006907 0.4967243950790421 1.1657116562680614 2.862846681512976 4.0807396168947685 4.337708791776126 4.2417519479913155 3.2927550268313652 2.2272003575712214 1.7810281404248982 1.5601105480954611 1.5172823522819014 0.8396210261179842
0.9195850626053266 1.4869231248697583 1.2790166300026684 0.9060318360820483 1.0152708418596716 1.4470766388913197 1.368738989586771 1.8279223041954415 1.1667959143899236 1.5105057390202623 1.734947170245752 1.8992122757078855 1.9206263736146651 1.5563156446689435 1.6452248106616494 1.3169656642678478 1.0366849397664513 1.7663906557797577 2.910825103405381 2.5026019205242376 1.860178983320844 1.2692583069059078 1.7915996571130555 2.9840125266310844 1.1949866255583423 0.359023613602534 1.0036150670496522 2.1334120300301356 1.8883696944892627 0.8043826371574603 0.46555197407550186 0.9949410020747542 1.145110751952678 2.6440976054272634 3.429371550186011 3.6882381767806276 3.9254196409379984 3.577914912881142 2.4654660798504544 1.4039773785472944 1.1128540728272756 1.2790166300026684 0.8306758966126206
0.7713127644406612 1.527040675378662 1.886472242776004 1.5153849005686426 1.187125754174841 1.4392157675078183 1.4665932850848404 1.8103031097151796 1.1619167528415433 0.9634975165407484 1.2028474969418441 1.9517987946182054 1.919542115492803 1.4674064786762375 1.1773674310780808 0.8824492219315438 1.2310382081102629 1.9412272779300486 2.605064313040222 2.2410246486249656 1.528938127091921 1.091439974920496 1.6140523896581092 2.6432844118358663 1.3053098894578283 0.412694390634716 0.7770051195804382 1.9206263736146651 2.432396207133656 1.6999798458156936 1.4733698983464796 2.349179396280727 2.3787254301014737 1.818163981098681 2.5183236632912402 2.9322392013121608 3.2781175421862248 2.90296423202188 2.194943678445819 1.181433399035064 1.4966814479665185 1.7701855592062758 1.3199473741029688
0.30155793314383383 1.085747619780719 1.5601105480954611 1.649019714088167 1.3199473741029688 1.1676091079813202 1.1150225890710004 1.440028961099215 1.1949866255583423 0.9968384537880131 1.1472792681964028 1.931468954833288 2.0084512814855087 1.657964843593531 1.3435299882534733 1.196070883680205 1.5454730634503206 1.8913514043243842 2.124737965055237 1.9255055351630455 1.5582130963822023 1.1199017506193802 1.7566323326829971 2.6335260887391065 2.069982929901193 1.726273105270854 1.7341339766543553 1.9333664065465468 2.445949433656934 2.8728760691402018 2.8530883584162154 3.487108295175177 3.135537599161336 2.5738918920366816 2.277889424768283 2.7213509966099503 2.951755847505682 2.445949433656934 2.0016746682238695 2.2936111675352855 2.6091302809972055 2.671475123004286 2.0144147011557516
-0.0052871153431881535 0.6978542766844928 1.0396666496015727 1.1432133002394191 1.115835782662397 0.9683766780891283 0.7417667306199147 1.152158429744783 1.089542523207237 0.9840984208561314 1.0865608133721156 1.276034920167547 1.7056722009554706 1.7888890118084 1.9420404715214452 1.7720830109195347 1.5758322908624642 1.889453952611125 2.0358287990625312 1.4283731862891955 1.2819983398377894 2.165668709155538 2.9059459418570013 2.8894110054986015 2.142357159535499 2.0797412529979526 1.688053006475209 1.884574791062745 1.9536962463314647 2.5036861786460998 2.927360039763781 3.697996499877388 3.343444094028426 3.178365794974896 2.8590517780864584 3.320945737999784 3.380579934702209 2.8609492297997168 3.25453492803572 3.5388816204940996 3.618845656981442 3.505540683246835 2.3708645587179715
0.14027453751682128 0.9616000648274892 0.9274459339888279 0.674542727064454 0.6734584689425918 0.6002710457168885 0.29451025535172914 0.9079292877953071 1.300430727909448 1.1792648827913397 1.1226123959240362 0.6753559206558506 1.0632492637520767 1.9577622142884479 2.3052669423453045 1.9040914372562658 1.5972463887692439 1.8073213998800581 2.7750217736421323 1.393134797328672 1.9499013429049465 2.820018485699416 3.5134015546303363 3.39331996763409 3.2634800575410843 1.2925698565259467 1.4459923807694575 1.5143006424467804 1.4899048347048793 0.7292977622184986 1.1743857212429594 2.7153875769397073 3.368924159892189 3.3835616445373304 3.60122646250118 4.101340521210152 4.290814628005583 3.8064223120636145 4.089413681869667 4.639403614184302 4.912907725424059 4.283766950213478 2.7340910295418315
0.37664280808279593 1.171675075938304 1.2332067243539873 0.9030501262469268 0.3308329024341148 -0.34493097201654344 -0.2064169969486389 1.2887749530994286 1.091439974920496 0.7818842811288185 1.1548690750494386 1.7566323326829971 1.6314005196079056 2.2388561323812404 2.260541294818486 1.7544638164392727 1.4294574444110582 1.5592973545040645 2.2223211960228415 1.5649897096438414 2.468447789685576 3.690135628493886 4.504684542542916 4.576787707646756 4.452911217223992 2.897271876882103 2.0485688319944124 1.8414755307187198 1.5836931622459656 0.35116274221903265 0.05353388776783974 1.0426483594366938 2.3123146201374096 3.0260275288532474 3.358081578673567 3.701791403303906 4.188081170959133 4.000775580407426 3.697996499877388 4.114080554142033 4.379452729467824 3.833799829640637 3.3716348051968454
-0.42218436319923014 0.7330926656450163 0.8865151898885271 0.5338602357528248 -0.012063728604827295 -0.26198522569408 0.9138927074655496 2.0778438012846943 0.9274459339888279 0.308334546405473 0.8599508659029016 1.753650622847876 1.4801465116081192 1.6441405525397872 1.952883052740068 1.913849760353026 2.015227894747148 2.516426211577981 2.338607879592569 1.3668415378735121 1.6530856820451507 2.8826343922369624 3.868767154070695 3.791784827418474 3.4781631656698133 3.387356547963848 2.7986043877926363 2.065103768352812 1.9927295387185062 2.6197017976853623 2.0377262507757896 1.4527689940310966 2.0670012200660715 2.719453544896691 3.2710698643941196 3.898042123360976 4.45670612065051 3.899126381482839 3.1404167607097166 3.1461091158494936 3.331788319218407 3.155867438946254 3.6814615635189885
-0.13594021902759135 0.8707934471215244 0.6013553038387507 -0.3899276840738277 -0.9152507441160964 0.04946791981085652 2.142357159535499 2.4351068524383113 1.6520014239232885 1.249741660712387 1.5630922579305826 2.0125172494424923 1.9488170847830844 1.6617597470200487 1.6782946833784484 2.0445028640374296 2.5261845346747416 2.8785684242799787 2.641386960122608 2.2223211960228415 1.8981280175860233 2.200907098116061 2.1344962881519978 1.8639738867473616 2.236958680667982 2.5484118261729183 2.320988685112307 2.38441778524125 3.0103057860862448 4.64319851761082 5.014285859818181 4.165582814930491 3.607189882171423 3.381664192824071 3.1284899213692317 3.576830654759279 4.1227546191169315 3.5190939097701133 2.6793359943877872 3.0563867562653906 3.649204884393586 3.655981497655225 3.827836409970394
0.038625338592233716 0.523017654534202 0.8032983790355981 0.13349792425518214 -0.15464367162971548 0.5338602357528248 2.0962761893563524 2.0740488978581757 1.550352224998701 1.1424001066480225 1.2407965312070235 1.5630922579305826 2.3345419116355863 1.9732128925249854 1.1619167528415433 1.3619623763251318 1.6587780371849277 1.7739804626327935 0.5699118183047449 1.8650581448692243 1.8122005614284384 2.100342157313336 2.0201070562955286 1.267360855192649 1.621642196511145 1.6959138778587104 1.5660739677657036 1.7859073019732785 2.6384052502874864 3.8375947330671547 4.613923548320539 4.552391899904855 4.57597451405536 4.326866210557503 3.8600930890957965 3.165625762043014 3.446990744666273 3.3794956765803468 3.0729216926237903 3.316066576451404 3.553519105139241 3.380579934702209 3.1509882773978735
0.08958547031976027 -0.12347125062617526 -0.05218127911373127 0.3248694827638723 0.29451025535172914 0.5699118183047449 1.6685363602816878 1.8444572405538409 1.5397807083105437 1.0835791035369946 0.8474818975014855 1.2310382081102629 0.6227694017455307 0.2546637693732905 0.5631352050431058 1.2107083683253455 1.3765998609702723 0.4712443292152788 -0.23460770811705767 0.0036580141621755935 0.34628358067065235 0.82091757351586 1.4888205765830171 1.0103916803112913 1.0095784867198947 0.9529259998525912 0.9323250955372082 1.2603131774005443 2.069982929901193 2.452726046918573 3.4616282293114136 3.6052924304581637 3.9167455759631 3.7771473427733335 3.3366674807667867 2.7224352547318125 3.1160209529678156 3.5437607820424804 3.309289963189765 3.1764683432616367 3.280014993899483 3.09433579053057 3.004613430946468
-0.10666524973731017 -0.41730520165084983 -0.5921418238011407 -0.3958911037440702 0.5181384929858217 0.716557729286617 1.0591832957950935 0.9030501262469268 0.6081319171003898 0.6325277248422909 0.95482345156585 0.9166033527702051 -0.055976182540249164 -0.6740033120017419 0.09527782545953722 0.614908530362029 0.8453133812577611 0.8043826371574603 0.841518477831243 0.2302679616313894 -0.6672266987401028 -0.5100092710700739 0.31700861138037095 0.44495106976011845 0.707612599781253 0.9382885152074507 0.8024851854442014 1.0464432628632119 1.1090591694007579 1.4790622534862565 2.427517045585275 2.827879357082918 2.885345037541618 2.73110931970671 2.7866775484521513 2.339421073183966 2.922480878215401 3.594449849239541 3.606105624049561 3.343444094028426 3.2417948951038387 3.242879153225701 3.2751358323511033
-0.12238699250431306 -0.12238699250431306 -0.3861327806473098 -0.7385166702525467 0.0172112406854541 0.677524436899575 0.4479327795952399 -0.17009434986625283 -0.32161942239650476 0.07576117926601644 0.9353068053723292 1.0797842001104765 0.5837361093584887 -0.007184567056446989 -0.3392386168767667 -0.5043169159302969 -0.03266463292021027 0.525999364369323 1.1052642659742398 1.1773674310780808 -0.06763195735026861 -0.6165376315430418 -0.7932717054065914 -0.17416031782323627 0.08362205064951778 0.4986218467923009 0.9244642241537064 0.9586183549923681 1.0212342615299141 1.3855449904756363 2.06889867177933 2.170547870703918 2.069982929901193 1.9236080834497866 2.3337287180441892 2.1618738057290194 2.5562726975564196 3.3239274478349055 3.5730357513327613 3.2155016356486783 3.1501750838064773 3.3130848666162827 3.3765139667452253
0.1218421494451627 0.5807543995233677 -0.23271025640379883 -0.8363709657506164 -0.3587552630702875 0.33164609602551187 0.24680289798978916 -0.3790851028552049 -0.26388267740733906 0.8171226700893419 1.5972463887692439 1.1274915574724165 0.6813193403260931 0.9244642241537064 0.023174660355696597 -0.26388267740733906 -0.017756083744604245 0.5075669762976645 0.35333125846275704 0.7751076678671793 1.1199017506193802 -0.030496116676485885 -0.4503750743676491 -0.7103259590841278 -0.47395768851815334 -0.09311202321403189 0.859137672311505 0.9176876108920673 1.6080889699878667 1.8921645979157808 2.0729646397363135 2.040707960610911 1.8962305658727645 1.7672038493711544 2.2095811630909594 1.6921189744321923 2.0973604474782146 2.7164718350615695 3.040665013498388 2.7584868372837326 2.767160902258631 2.933323459434023 2.8777552306885825
0.4712443292152788 0.9157901591788085 -0.26198522569408 -0.7200842821808882 -0.37420594130682483 0.10015698700791753 0.33273035414737406 0.14813540890032262 0.7067994061898564 1.6921189744321923 1.6568805854716688 1.0426483594366938 0.6891802117095944 1.448974090604579 1.0065967768847737 1.3053098894578283 1.196070883680205 0.525999364369323 0.026969563782214268 0.48018945872064234 1.7663906557797577 0.585633561071748 -0.2571060641456999 -0.48263175349305154 -0.622501051213284 -0.35197864980864835 0.5203070092295461 1.2332067243539873 2.0084512814855087 2.4586894665888153 2.6793359943877872 2.4361911105601735 1.988934635291988 2.017396410990872 1.9030071791344036 1.5367989984754227 1.448974090604579 1.8707505000090008 2.196027936567681 2.06889867177933 2.100342157313336 2.273010263219902 2.2028045498293203
0.16385715166732573 0.8024851854442014 0.11099956822654033 -0.4953717864249332 -1.0090390716571827 -0.8263415781233905 0.1316004725419233 0.5680143665914861 1.380665828927256 1.3072073411710872 1.448974090604579 1.3912373456154128 1.2662765970707868 1.4655090269629782 1.4077722819738125 1.8328014657438214 1.9040914372562658 1.2749506620456847 0.6520443710358117 0.7732102161539205 1.550352224998701 0.8873283834799242 0.311316256240594 -0.11642357283407057 -0.5951235336362619 -0.47504194664001576 0.6677661138028148 1.6276056161813874 1.660946553428652 2.0005904101020073 2.1911487750193013 2.0260704759657706 1.6804631996221728 2.5191368568826373 2.118774545384994 1.2925698565259467 1.1939023674364801 1.6051072601527452 1.5847774203678278 1.6628440051419113 1.5143006424467804 1.6978113295719692 1.7878047536865374
-0.11561037924267392 0.2077696056027476 0.6959568249712336 0.5788569478101089 -0.23758941795217892 -0.8664591286322945 -0.3343594553283864 1.458732413701339 2.0670012200660715 1.8542155636506015 2.0846204145463334 1.868853048295742 1.276034920167547 1.527040675378662 0.6021684974301473 1.2771191782894091 1.4665932850848404 1.13643668697778 0.725231794261515 0.4400719082117386 -0.5314233689768537 -0.5970209853495207 0.1158787297749202 0.21942538041276705 -0.003118599099463548 0.12373960115842197 0.7466458921682946 1.4966814479665185 1.2576025320958883 1.145110751952678 1.2107083683253455 1.1578507848845596 0.8550717043545213 1.3093758574148116 0.237044574893029 -0.25900351585895875 -0.0687162154721308 0.7019202446414761 1.5769165489843264 1.6617597470200487 1.276034920167547 1.2576025320958883 1.5251432236654032
