static/data/ASCData/20210124/ASCV/18.asc
ncols 97
nrows 97
xllcorner 99.0
yllcorner 2.0
cellsize 0.25
NODATA_value -32767
[rows 76 to 94 of 97, columns 43 to 85 of 97]
-6.569577203466283 -6.706368793676557 -6.86143618338861 -7.072438595818227 -7.248273939509573 -7.3673435423241855 -7.452353700612758 -7.515765186762865 -7.451522982453586 -7.3205464193575125 -7.028410533382125 -6.642680401473394 -6.165294366002714 -5.69344645159318 -5.354790348704178 -5.053793469030959 -4.774672167549263 -4.589145112000914 -4.218091000904214 -3.6925233122015753 -2.8352221719363655 -1.7921170700697489 -0.9475536082451719 -0.3137156527971534 0.027986416675478853 0.27803258258616514 0.7889242504767697 0.9265465588462174 0.3943331248702049 -0.20239941946814355 -0.9993350401668755 -1.925862693696395 -2.4553070671418347 -2.8978029399273018 -3.279379481040176 -3.4973045447962225 -3.762857449678114 -3.9553071565528946 -4.168247911353911 -4.300885910768328 -4.508011638455143 -4.7004613453299235 -4.882111716135471
-6.582314881906916 -6.7160605055335605 -6.866420492343641 -7.0178881033659515 -7.16824809017603 -7.207291843657101 -7.290363659574274 -7.301993713802677 -7.23747460344034 -7.058870199218422 -6.753996634802403 -6.351652139710236 -5.922170851418459 -5.4123868077400825 -5.064592805100192 -4.7688571404350615 -4.582222460674482 -4.392818720383332 -4.112589794689406 -3.6437878468635017 -2.907494651784305 -2.0413325178212633 -1.2189215402412654 -0.6916924152202837 -0.3419600702089918 0.3932255006579761 0.9254389346339882 1.1502866497164659 0.6432716665686624 0.06121514304234754 -0.670093743081819 -1.8411294414608799 -2.9650911108202105 -3.4114636683484787 -3.7063686148544375 -3.9201400878146258 -4.110651452318006 -4.265718842030059 -4.465921918390443 -4.601882790441547 -4.821469290515936 -4.890972709833303 -5.076499765381653
-6.588960627180288 -6.686708463909493 -6.829315081233972 -6.929831978493748 -6.991305122272456 -7.021764788108753 -6.999335397811116 -7.011796170198691 -6.932877945077379 -6.748181607688201 -6.450507600651669 -6.057854817416505 -5.69843076054821 -5.28639455359904 -4.9690602167954445 -4.763872831480031 -4.576407433560281 -4.27264149335649 -3.9757982044791307 -3.495366202424822 -2.8313454871935644 -2.1028056615999704 -1.467029363780551 -0.9719213409142089 -0.4103558653141297 0.3239989873936664 0.8894411477365471 1.0641688672156646 0.8268603797456113 0.3181839602794647 -0.12431191250600238 -1.051116472088579 -2.349805860927027 -3.9846591981769617 -4.2795641446829205 -4.290363480752153 -4.467029542602671 -4.566715721703277 -4.745320125925195 -4.851652050299175 -5.064592805100192 -5.093944846724259 -5.262026820930002
-6.538286819470814 -6.6221893535471565 -6.682831779166692 -6.7755953069408665 -6.808824033307737 -6.7110761965785315 -6.67507840968109 -6.685877745750322 -6.607513332735124 -6.439708264582437 -6.176093702071946 -5.795070973065187 -5.50791939604483 -5.211076107167471 -5.001181318950084 -4.775502885708434 -4.484474623945277 -4.186800616908746 -3.734613032266276 -3.220952303845099 -2.722798314395127 -2.0823146136737347 -1.5501011796977227 -1.2003688346864305 -0.5479781736835769 0.28883191865539715 0.8670117574389109 0.670685365821329 0.48598902843215086 0.14234861658811804 0.30849224842246104 -0.1428646180608375 -1.7649802768701395 -3.6282811078922963 -4.64867991340822 -4.634003892596185 -4.79405559126327 -4.872420004278468 -5.035240763476125 -5.045209381386185 -5.221044725077531 -5.281410244644009 -5.434816198037719
-6.445523291696639 -6.498135441777515 -6.4729369909493055 -6.510873120218148 -6.461030030667844 -6.3624514757794675 -6.374358436060929 -6.403433571631939 -6.323407722298397 -6.1320656396358455 -5.910263891136998 -5.5782535335213685 -5.318515655753679 -5.122189264136097 -4.94441557807335 -4.7131990237705566 -4.371220048244867 -3.9212477120268545 -3.421155380205482 -2.980597849791416 -2.5832376636542786 -2.0931139497429667 -1.7815946400535738 -1.3421447338517365 -0.5518548584263783 0.17751568532638728 0.41288583042504 0.3815954464295723 0.21157512985242777 -0.24448913953284368 0.2741558978433636 0.5477390782639153 -0.9611220048449767 -2.4854898269250736 -3.6739706066467406 -4.472844569716873 -4.933893148057175 -5.180893347384232 -5.193631025824865 -5.278641184113437 -5.280579526484837 -5.376112114789585 -5.5021043689306275
-6.242274248752626 -6.26498054510332 -6.30208595621299 -6.273564632748094 -6.176924420231118 -6.142864975705077 -6.1448033180764785 -6.123204645938014 -6.030441118163839 -5.854605774472493 -5.648587670997907 -5.491305032861396 -5.229628812722305 -4.974875243909646 -4.770795482806461 -4.5177033503121455 -4.1172971975913795 -3.6612329282061076 -3.3048548379214417 -2.892818630972271 -2.5306255135734035 -2.1936308470027446 -1.7120912207362071 -0.8517441138873674 -0.17803168679910675 0.1002588965234179 0.14345624080034725 -0.014934021548393073 -0.11434329459594172 0.3561200895483063 0.6316416123402582 0.883626120622345 0.5272480303376796 -0.20129179525591478 -0.7883326277372598 -1.8782348525705501 -3.893834012774188 -5.313808252851706 -5.421247801437914 -5.296086265456043 -5.299962950198845 -5.340945046051315 -5.451430561221153
-6.0852685166691725 -6.07945348955497 -6.043178796604472 -6.052039790302303 -6.0381944876494416 -6.056747193204277 -6.075299898759111 -6.042071172392243 -5.92604753616126 -5.7189218084744455 -5.455307245963954 -5.218829476653074 -4.945523202285579 -4.806793269703903 -4.588037487788684 -4.327468891861823 -4.017887924543831 -3.6388035379084713 -3.230644015702102 -2.826361178238534 -2.689569588028258 -2.1673247719623068 -1.2014764588986595 0.0027879658472702573 0.44306859020827893 0.0631534854137481 -0.4053715563590994 -0.6349266743435498 -0.5510241402672067 -0.1680630688890461 0.3707961103603399 0.7379735367142377 0.5624150990759489 0.1824999942814176 0.10330486310704767 -0.4172785166405606 -2.0227798122664282 -4.183754650325117 -5.6593870070671395 -5.414325150111484 -5.301070574411073 -5.342052670263545 -5.445615534106952
-5.8762044466109575 -5.912202233508398 -5.917186542463428 -5.987520679939967 -6.130958015423616 -6.11157459170961 -6.053978132673704 -5.9700755985973615 -5.797009315436587 -5.602621266190406 -5.344821730794116 -5.114435894650494 -4.867435695323438 -4.670001679493627 -4.4493075552070085 -4.199538295349379 -3.888018985659986 -3.5305332711630912 -3.178031865621227 -2.911371336527106 -2.4699830879538682 -1.4659217395683222 -0.38211144790229135 0.30932296658163283 0.5164486942684472 0.2165594388074581 -0.2951629472423183 -0.5119803867861359 -0.4837359693742975 -0.21015278895374623 0.16394728872658293 0.38464141301320165 0.3201223026508653 0.09056718466641467 -0.2804869264302847 -0.8342990325447615 -1.680800836740739 -2.9553993989632072 -5.123296888348326 -5.546963149525901 -5.459183930706756 -5.5059810536734295 -5.501273650771457
-5.813623678620021 -5.802824342550789 -5.899741461120822 -6.0041350431234015 -6.156433372304882 -6.096898570897576 -6.012996036821233 -5.856544116843893 -5.683754739736177 -5.488535972330824 -5.20913776479607 -4.967952592583215 -4.7561194619944285 -4.506073296083741 -4.275687459940119 -4.029517978772235 -3.7814101552329493 -3.464075818429354 -3.0919140831204257 -2.5929293755112823 -1.4523533429685174 -0.26498018745907936 0.3444900353199021 0.23511214436229322 0.28495523391259603 -0.13594196673440617 -0.6213582777437452 -0.7980243395942632 -0.6116665658867417 -0.48152072094983955 -0.45327630353800163 -0.22870549450858135 -0.10077489799613693 -0.3145463709563252 -1.2014764588986595 -2.0031194824993643 -3.0343176240845198 -3.9085100335862215 -5.376112114789585 -5.5909912119620016 -5.476905918102419 -5.395772444556648 -5.310762286268076
-5.910263891136998 -5.874266104239556 -6.042071172392243 -6.142864975705077 -6.112405309868782 -6.011057694449832 -5.8000552820202165 -5.640834301512305 -5.409340841156453 -5.17701666264143 -4.957153256513983 -4.717075708513358 -4.5215800350549475 -4.298116850237756 -4.051947369069871 -3.8459292655952857 -3.6028057510110303 -3.103821043401887 -2.525641204618373 -1.3449137943823088 -0.34389841258039233 0.3367366658342994 0.28495523391259603 0.11299657496405091 -0.028502418148197872 -0.4347235979831665 -0.8138079846185258 -0.9251242179475356 -0.7620265526968222 -0.8675277589116299 -0.8869111826256366 -0.7706106403415967 -0.6642787159676171 -0.7454121895133878 -1.5636695762975272 -2.538378883059006 -3.8791579919621544 -4.763042113320859 -5.483551663375794 -5.541148122411698 -5.429001170923517 -5.193631025824865 -4.721783111415331
-6.076407522971341 -6.078345865342741 -6.1788627626025185 -6.181908729186148 -6.0597931597879064 -5.815562020991422 -5.599852205659833 -5.331253334194312 -5.0969908133078885 -4.776610509920664 -4.570592406446078 -4.380081041942699 -4.2795641446829205 -4.072438416996107 -3.8888497038191576 -3.678954915601771 -3.0891450225898534 -2.5549932462424403 -1.5988366450357965 -0.5294254681287418 -0.09108318613913369 0.06038442488317575 -0.08914484376773313 -0.17110903547267542 -0.3079006256829513 -0.34971343969459445 -0.7121834631465194 -0.572345906352614 -0.5158570715289374 -0.8096543938226672 -0.8401140596589634 -0.7287978263299537 -0.7952552790636909 -0.8799885312992057 -1.1582791146217302 -2.140741790868812 -3.9932432858217366 -4.983736237607478 -5.207199422424669 -5.281410244644009 -5.216060416122501 -4.8713123800662395 -4.406387116983136
-6.202399777112384 -6.243381872964855 -6.184677789716721 -6.0980061951098055 -5.866512734753954 -5.629204247283901 -5.280579526484837 -5.011980655019316 -4.7522427772516265 -4.421063137795169 -4.2834408294257225 -4.15938691765608 -4.118404821803608 -3.940631135740861 -3.7794718128615483 -3.310669865035644 -2.7200292538645545 -1.859682147015715 -0.9026948276498994 -0.6963998181222568 -0.45244558537882984 -0.46518326381946284 -0.4934276812313012 -0.4679523243500352 -0.49619674176187356 -0.5382864618265737 -0.38598813264509246 -0.15643301466064186 -0.22981311872081012 -0.4300161950811936 -0.328391673609187 -0.18578505628470943 -0.3380833854661902 -1.319438437501043 -1.598005926876625 -2.419032374191336 -4.179877965582315 -4.813715921030333 -4.9563225383548115 -4.98955126472168 -4.985674579978879 -4.688554385048462 -4.467860260761843
-6.26691888747472 -6.310670043857764 -6.096898570897576 -5.945430959875267 -5.69344645159318 -5.386080732699645 -5.005058003692885 -4.747258468296597 -4.482536281573877 -4.289255856539924 -4.221967685647015 -4.153571890541878 -4.09209874676317 -3.927893457300228 -3.5382866406486935 -2.947369123424547 -1.9192169484230213 -1.0040424430688486 -0.85949748337297 -0.9661063138000068 -0.7179984902607213 -0.7110758389342904 -0.5166877896881092 -0.45133796116660063 -0.5460398313121764 -0.5931138603319068 -0.3635587423474562 -0.19658439235394143 -0.26082659666322083 -0.3001472561973486 0.012479677704273495 0.09361315125004444 -0.609451317462284 -1.8187000511632436 -2.924109014967739 -3.8536826350808884 -4.522687659267176 -4.887926743249674 -4.923093811987943 -4.771626200965633 -4.816484981560906 -4.80402420917333 -4.561731412748246
-6.207107180014357 -6.165294366002714 -5.955399577785327 -5.733597829286479 -5.40269509588308 -5.0969908133078885 -4.863559010580636 -4.6749859884486575 -4.545117049564812 -4.339098946090227 -4.284271547584893 -4.195661610606578 -4.153571890541878 -3.842883299011656 -3.1184970642139205 -1.951338050577661 -0.9201399089925053 -0.6446183862005532 -0.7852866611536302 -0.8138079846185258 -0.9201399089925053 -0.43970790693819684 -0.2422738911083857 -0.2696875903610523 -0.1927077076111403 -0.2630418450876788 -0.2804869264302847 -0.23562814583501224 -0.30291631672792096 -0.5560084492222368 -0.6631710917553881 -0.8243304146347008 -1.503027150677992 -2.4259550255177675 -3.5274873045794615 -4.284271547584893 -4.760826864896401 -4.806793269703903 -4.734520789855964 -4.654494940522421 -4.625142898898354 -4.550932076679015 -4.306977843935588
-5.998320016009199 -5.853775056313321 -5.555824143223733 -5.279471902272609 -5.044101757173956 -4.841960338442172 -4.635942234967587 -4.519641692683546 -4.476721254459674 -4.433800816235802 -4.426878164909372 -4.336052979506597 -4.143880178684874 -3.290178817109408 -2.0598852233760985 -1.149695026976956 -0.7002765028650582 -0.5715151881934422 -0.7492888742561892 -0.9541993535185456 -1.136957348536323 -1.1017902797980537 -1.0325637665337442 -0.8118696422471252 -0.4424769674687692 -0.15144870570561153 -0.07945313191072989 -0.20129179525591478 -0.479582378578439 -0.763964895068223 -1.5207491380736553 -2.1163740581997748 -2.4298317102605687 -2.844913883793369 -3.5413326072323237 -4.327468891861823 -4.763872831480031 -4.702399687701323 -4.324422925278194 -4.016780300331602 -3.787225182347151 -3.6496028739777033 -3.5958830996845994
-5.477736636261591 -5.221044725077531 -5.045209381386185 -4.9308471814735455 -4.699353721117694 -4.588037487788684 -4.57834577593168 -4.6243121807391825 -4.57142312460525 -4.327468891861823 -3.9757982044791307 -3.7130143601278114 -3.2403357275591054 -2.0607159415352703 -1.405556220001844 -1.118404642981488 -0.9046331700213 -0.7747642311374552 -1.0403171360193468 -1.08711425898602 -0.9503226687757442 -0.9602912866858049 -0.8273763812183306 -0.7013841270772869 -0.6213582777437452 -0.3967874687143249 -0.10188252220836613 -0.0462244055438612 -0.198522734725342 -0.3967874687143249 -1.3332837401539048 -2.280579347662717 -2.771810685786258 -3.078345686520621 -3.4776442150291587 -3.9727522378955005 -4.31279287104979 -4.557854728005445 -4.256027130173056 -3.5382866406486935 -3.065608008079988 -2.808916096895928 -2.7676570949903994
-4.809839236287532 -4.685785324517889 -4.583330084886711 -4.528502686381378 -4.545117049564812 -4.414140486468739 -4.1134205128485775 -3.966106492622127 -3.5518550372484983 -2.8731583012052075 -1.5489935554854934 -1.5235181986042277 -1.5949599602929951 -1.7209522144340386 -1.2540886089795347 -1.245227615281703 -1.0821299500309898 -0.7559346195295629 -0.7121834631465194 -0.8849728402542361 -0.8293147235897311 -0.5587775097528094 -0.3909724416001228 -0.37020448762083014 -0.5870219271646475 -0.5382864618265737 -0.42004757717113295 -0.41340183189775903 -0.5684692216098126 -0.6994457847058864 -0.8575591410015695 -1.5207491380736553 -2.6153587658089186 -3.2217830220042702 -3.414232728879051 -3.48955117531062 -3.74818142886608 -4.069669356465534 -3.9973968766175947 -3.345836933773913 -2.8213768692835037 -2.6017903692091138 -2.4356467373747708
-4.320546240535392 -4.397803029338362 -4.401679714081163 -4.443492528092806 -4.4326931920235735 -3.744304744123279 -3.0138265761582845 -1.895679933913156 -1.392818541561211 -1.1671401083195618 -0.4671216061908634 -0.5939445784910786 -1.1211737035120604 -1.2061838618006324 -1.3606974394065714 -1.1006826555858247 -0.5715151881934422 -0.2932246048709177 -0.4211552013833617 -0.6437876680413814 -0.787225003525031 -0.42586260428533507 -0.4992427083455029 -0.3391910096784194 -0.4300161950811936 -0.4485689006360283 -0.4114634895263585 -0.4845666875334693 -0.5908986119074489 -0.8448214625609365 -0.6731397096654488 -1.1779394443887943 -2.3780502783388653 -3.1290194942300955 -3.3624512969573477 -3.3546979274717446 -2.7981167608266957 -2.7335976504643593 -3.0276718788111463 -2.8654049317196044 -2.3869112720366967 -2.1487720664074716 -1.9590914200632636
-4.344913973204429 -4.405556398823965 -4.401679714081163 -4.446538494676435 -4.046132341955669 -3.3566362698431456 -1.91534026368022 -0.8223920722633002 -0.8644817923280004 -0.725751859746324 -0.5939445784910786 -0.658463688853415 -0.8509133957281958 -0.7218751750035226 -1.0090267520238787 -1.0998519374266529 -0.5645925368670113 0.11798088391908124 0.10219723889481847 -0.18772339865610999 -0.4358312221953953 -0.31565399516855397 -0.4709982909336645 -0.33614504309478965 -0.3848805084328637 -0.39872581108572547 -0.32451498886638586 -0.4416462493095974 -0.4358312221953953 -0.8096543938226672 -0.763964895068223 -1.1164663006100872 -2.0208414698950277 -2.7873174247574632 -3.0567470143821565 -2.88894194622947 -2.28833271714832 -1.731751550503271 -1.882942255472523 -2.0236105304256 -2.045209202564065 -1.7580576255437084 -1.4991504659351906
