static/data/ASCData/20210124/ASCV/21.asc
ncols 97
nrows 97
xllcorner 99.0
yllcorner 2.0
cellsize 0.25
NODATA_value -32767
[rows 19 to 37 of 97, columns 0 to 42 of 97]
-0.09617445796444812 -0.11198695295742889 -0.17932637128960494 -0.22512808092444536 -0.5514652620726836 -0.7292195161317074 -0.6294372201415193 0.01314986086633163 1.5608659656103154 1.0256947988651262 0.5090624193530866 0.3967391790581205 0.23370690309600972 -0.26520457685493093 -0.40588125644765505 1.0063381239599258 1.188727074827237 1.1126635213265197 1.052139833594766 0.5843080851817528 -0.011386769295189891 -0.9255125574238807 -0.70959021200249 -0.6558822548711594 -0.6411602767742464 -0.3990655258472324 -0.3658047605171697 0.2767823204906814 0.5744934331171443 0.8479405448061024 0.923186210634769 0.8089545657716846 0.7522476871761681 -0.3189125339862615 -1.473224668473848 -1.8718085939865667 -1.025022224190052 0.43599778731655503 1.9583593742269665 2.630390411428644 2.631208299100694 2.3168668038092 2.0627763670254424
-0.31400520795395725 -0.3003737467531118 -0.8442690486668423 -1.0991773731226508 -1.2008680736809574 -1.119624564923919 -0.37643730025382904 0.048319030764512716 -0.2769276334876578 0.013967748538382452 -0.23794165445324 0.07367354859808528 0.14782869753068395 -0.035650770232694695 -0.44486723548207285 0.3509374694232803 1.2836020447851206 1.3637550366460913 0.9788025723342182 0.40955275258691515 0.9106452663299911 0.7767843173376896 0.7260752816705449 0.44772084394928235 0.3176767040932176 0.2386142291283142 0.2972295122919495 0.5316906449464898 0.8686603658313876 1.066861811691679 0.8528478708384069 0.5540462413158762 -0.19104942792233204 -1.110900429755378 -1.7788420285968012 -1.5250242210370604 -0.6343445461738235 0.7718769913053851 2.1194832456209594 2.865669431755235 3.156564813781275 2.9084722199258892 2.4984378670044607
-0.27883603805577617 -0.5397422054399568 -0.8756214094287866 -0.9644985364582985 -1.2046848828171939 -1.1059931037230735 -0.568095644737715 -0.24475738505366285 -0.5719124538739517 -0.5590988803451571 0.4027370219864923 1.0979415432296067 0.43981459645279175 -0.18232529275379106 -0.3952487167109957 0.19581144095765968 0.8596636014388297 1.7737893895675203 0.860754118334897 0.9670795157014909 1.3910179590477822 1.2405266273904494 0.9984318764634352 0.5532283536438256 0.13310671943377095 0.3921044822498332 0.5423231846831493 0.7737853958735035 0.7416151474395085 0.999522393359503 1.0540482381628844 0.6887250779802283 -0.022019309031849454 -0.8521752961633327 -1.3540856975784594 -1.20768380428138 -0.5132971707103167 0.7767843173376896 2.1292978976855674 2.9583633679209833 3.374395563770784 3.3615819902419894 3.085408586312862
0.0834882006626938 -0.8110082833367795 -0.9028843318304774 -0.8366354303943688 -1.0610092817602839 -1.0503767420236243 -0.6959587508016447 -0.25947936315057585 -0.21340502429171848 -0.31100628648977136 0.7424330351115591 1.449633242211417 0.5335990495146081 0.1410129669302611 0.08839552669499828 0.31086097349279473 0.7631528561368444 1.6194812487739507 1.2279856830856715 1.5491429089775886 1.414464072313236 1.1527400172570048 1.002248685599672 0.4946130704801903 0.0687662225657808 0.1840883843249328 0.1391045623621432 0.38610663932146094 0.6205677719760017 1.1107551167584013 1.335401597348333 1.4182808814494727 0.7893252616424675 -0.22131127178820864 -0.7897432038634609 -0.9664069410264169 -0.5288370364792803 0.6009384678467842 1.8138658854980059 2.7219938306983242 3.364580911706175 3.4711789382967866 3.448550712703383
0.0687662225657808 -0.8189145308332699 -0.8325459920341154 -0.6616074685755142 -0.8873444660615137 -0.36689527741323724 -0.012204656967240712 -0.07872618762736616 -0.18805050645814592 -0.0798167045234337 0.384198234753343 0.6331087162807791 0.38310771785727527 -0.008387847831003992 0.39483077449000215 0.6186593674078833 0.37138466122454794 0.892924366768892 1.1996322437879132 0.6898155948762961 0.717078517277987 1.016970663696585 0.8675698489353199 0.730982607702849 0.3040452428923719 -0.03864969169688082 -0.23303432842093574 -0.06400420953045316 0.6977218423727862 1.4340933764424535 2.17319120275229 2.257161003749497 1.5725890222430428 0.560044084244248 -0.5337443625115847 -0.8619899482279414 -0.6264382986773334 0.21625863275892776 1.3225880238195384 2.1372041451820576 2.7806091138619595 3.2983320102700673 3.2757037846766637
-0.309097881921653 -0.43805150488165023 -0.42142112221661887 -0.3922497952468098 -0.1804168881856727 0.34112281735867134 0.7552466086403538 0.43872407955672443 -0.011386769295189891 0.3997381005223066 0.1849062719969834 -0.6264382986773334 -0.25457203711827137 0.34902906485516194 0.7533382040722354 0.878202388671979 0.6205677719760017 0.43981459645279175 0.6633705601466562 -0.5182044967426209 -0.2965569376168753 0.23670582456019584 0.431090461284251 0.29423059082776337 0.25524461179334557 -0.09617445796444812 -0.19786515852275466 0.01124145629821327 1.0248769111930756 2.29042176907956 3.0404247643500724 3.1323008128437704 2.446638314441248 1.2495233917830073 0.06276837963740878 -0.7349447298360625 -0.7409425727644343 -0.14715612285560997 0.5139697453853906 1.3520319800133644 2.019973578854788 2.538514362934946 2.9144700628542615
-0.4634060227152226 0.2631508592898357 -0.022019309031849454 -0.15206344888791423 0.07558195316620364 0.35884371691977046 0.84112481420568 0.9330008626993775 0.3959212913860699 1.2121731880926907 0.28468856798717157 -0.3578985130206793 0.6800009428116875 0.9877993367267761 1.1077561952942152 1.356939306045669 1.141016960624278 0.7279836862386633 0.6829998642758732 0.0834882006626938 -0.3805267386140827 -0.8472679701310284 -0.5904512411071015 -0.48303532684443984 -0.39115927835074205 -0.2349427329890541 -0.11280484062947949 0.42999994438818323 1.906559821663754 3.1936423882475746 3.6372101357230826 3.819599086590394 3.6380280233951336 2.4995283839005284 1.041507293858107 -0.033742365664576335 -0.6656969069357679 -0.529927553375348 -0.08063459219548452 0.6282013902484751 1.2776042018567488 1.7337128936370347 2.065775288489628
-0.7662970905980069 0.17236532769220547 -0.004571038694767271 0.015058265434449991 0.4515376530855191 0.33430708675824894 -0.21340502429171848 0.04722851386844518 0.6633705601466562 1.0883995203890149 0.015058265434449991 0.2885053771234083 0.9788025723342182 0.9643532234613219 1.1489232081207685 1.8059596380015153 1.833495189627223 1.0578650472991211 1.0570471596270705 1.2846925616811884 0.9692605494936264 -0.24094057591742613 -0.7878347992953425 -0.8219134522974558 -0.691869312441391 -0.2671129814230493 -0.0798167045234337 0.736707821407204 2.5745014205051775 4.028705701411361 4.31196746516493 4.4409210881249255 4.457278841565941 4.108858693272333 2.920195276558616 1.3334931927802147 -0.037831804024829996 -0.515205575278435 -0.5610072849132755 0.2541540948972778 0.9038295357295687 1.427005016618014 1.789329255336484
-1.2788400317497928 -0.6782378512405456 -0.11962057122990233 0.9788025723342182 1.7416191411335253 1.403831532576577 0.31086097349279473 -0.399883413519283 -0.20086407998694056 -0.5337443625115847 -0.3003737467531118 -0.1392498753591196 -0.3442670518198341 -0.49175946201298104 -0.28974120701645245 0.5150602622814584 1.3010503151222026 0.2631508592898357 -0.7466677864687894 -0.1362509538949337 0.6958134378046679 0.44772084394928235 -0.1812347758577233 -0.7341268421640117 -0.8971591181261224 -0.6430686813423647 -0.5719124538739517 0.47798268781515896 3.3675798331703617 4.791522270210669 5.075601921636286 5.1274014741995 5.241633119062584 5.320695594027487 5.099865922573791 4.135031098777956 2.5960391292025133 0.6459222898095738 -0.026926635064153714 0.46925855264661775 1.232893009117976 1.5794047528434652 1.5676816962107383
-1.0659166077925881 -0.2886506901203849 0.3119514903888625 1.4114651508490503 1.963266700259271 1.31277337175493 0.20753449759038656 -0.32191145545044764 -0.4391420217777178 -0.5231118227749254 -0.17741796672148658 -0.29246749925662163 -1.0582829895201147 -1.3355469103453097 -1.0798206982174503 -0.5454674191443116 -0.47703748391606804 -1.0620997986563514 -1.149068521117745 -1.302286145015247 -0.6100805452363187 0.13719615779402483 0.5619524888123664 0.6341992331768469 0.22007544189516448 -0.2534815202222038 -0.7632981691338208 0.2473383642968554 3.6701982718291286 5.248448849663006 5.691743967914498 5.732910980741051 5.782529499512128 5.958375349003033 6.35886767908387 6.265083226022053 5.595233222612512 3.590317909192175 1.948544722162358 0.8520299831663563 0.828583869900902 1.1565568263932415 1.5404187738090473
-0.715315425706845 -0.44486723548207285 -0.47703748391606804 0.09711966186353926 0.09793754953558986 -0.2671129814230493 -0.1275268187263925 -0.10026389632470178 -0.18232529275379106 -0.3453575687159016 -0.31700412941814315 -0.7984673390320018 -1.4448712291760897 -1.8609034250258905 -1.5514692557667003 -0.9516849629295039 -1.004575032388784 -0.9595912104259942 -0.8881623537335644 -1.561011278607292 -1.030747437894407 -0.361987951380933 0.5033372056487315 0.7034470560771413 0.368658368984379 -0.07000205245882496 -0.8227313399695066 -0.44186831401788695 3.0374258428858867 5.440925081818943 6.025714767335209 6.136129603062056 6.194744886225692 6.444745884649196 6.794256549838872 7.047256469726561 6.660668230070586 5.565789266418687 3.724996745856527 1.6262969793743731 -0.24584790194973039 -0.4195127176485005 -0.5288370364792803
0.20453557612620088 -0.3688036819813556 -0.3862519523184378 -0.25729832935844055 -0.26029725082262645 -0.19977356309087302 0.021873996034872834 0.39782969595418827 0.048319030764512716 -0.5953585671394057 -0.4732206747798313 -1.0299295502223562 -1.2690253796851843 -1.661611462269531 -1.6490705179647533 -1.2436708618516117 -0.9107905793269677 -1.004575032388784 -0.8461774532349606 -1.6021782914338452 -1.0269306287581703 -0.5719124538739517 0.009060422506078192 -0.046555939193370977 -0.28374336408808043 0.5423231846831493 0.037413861803836435 -0.1362509538949337 1.9428195084580029 4.423200188563827 6.202651133722181 6.364592892788226 6.444745884649196 6.653579870246148 6.765085222869063 6.914486037630327 6.626316947844456 6.063882858697577 4.46518508906243 1.9973453532613843 0.07258303170201752 -0.8559921052995694 -1.0522851465917427
0.6958134378046679 -0.08063459219548452 -0.17632744982541904 -0.13543306622288287 -0.10789751459717523 -0.0495548606575571 -0.20958821515548176 0.015876153106500812 0.005243613369841471 -0.5182044967426209 -0.6040827023079469 -0.724312190099403 -0.9557744012897575 -1.2712064134773193 -1.2622096490847614 -1.146069599653559 -0.7690233828381758 -0.9634080195622309 -0.9497765583613855 -1.7251340714654704 -1.0825469904576195 -0.694868233905577 -0.7251300777714538 -0.7780201472307338 -0.1452477182874916 0.5744934331171443 0.639924446881202 0.18108946286074667 1.5256967957121343 2.826683452720817 4.905753915073754 6.471190919378836 6.554070203479975 6.370590735716597 6.4496532106815 6.46028575041816 6.2620843045578685 5.80706612967365 4.856953283974727 2.721175943026274 1.2601559315196664 0.3266734684857755 -0.3442670518198341
0.17318321536425652 0.018875074570686712 -0.08745032279590714 -0.14415720139142385 -0.12071108812596987 -0.4186948299764497 -0.5787281844743744 0.05595264903698616 0.2590614209295823 -0.14797401052766057 -0.6646063900397003 -0.7341268421640117 -0.8366354303943688 -1.1471601165496266 -0.9849457282595666 -0.8668972742602457 -0.6362529507419419 -0.8718046002925499 -1.051467258919692 -1.3794402154120318 -0.9116084669990185 -0.9126989838950861 -0.9418703108648953 -0.8355449134983013 -0.20577140601924504 -0.13734147079100123 -0.10598911002905687 0.19662932862971028 1.111845633654469 1.9818054874924207 4.057877028381171 5.630129763286677 6.178114503560661 5.994635035797282 6.0159001152706 6.000360249501638 5.862682491373098 5.461372273620212 4.763986718584961 3.8978436738832465 2.4387320669447576 1.5785868651714146 0.9065558279697377
-0.6335266585017729 -0.24175846358947672 -0.24584790194973039 -0.26329617228681257 -0.5397422054399568 -0.8385438349624872 -0.43805150488165023 0.42427473068382815 0.8108629703398029 0.3509374694232803 -0.16760331465687806 -0.7690233828381758 -0.8532658130594002 -0.8794382185650234 -0.7174964594989803 -0.671422120640123 -0.5378338008718384 -0.691869312441391 -0.6343445461738235 -0.3355429166512929 -0.10026389632470178 -0.14797401052766057 -0.7485761910369078 -0.6422507936703139 -0.7643886860298885 -0.8971591181261224 -1.0855459119218054 0.036595974131785836 0.9300019412351914 1.3732970594866831 3.376303968338903 4.90084658904145 5.450467104659534 5.570696592450991 5.605865762349172 5.652757988880079 5.544251557721351 5.173203183834341 4.704553547749276 4.015074240210517 3.2776121892447816 2.4163764705753716 1.7590674114706073
-0.7046828859701857 -0.6218036018690458 -0.5983574886035918 -0.8881623537335644 -1.0825469904576195 -0.6812367727047317 -0.07381886159506168 0.19281251949347356 0.7972315091389577 0.6058457938790887 0.7680601821691484 -0.0893587273640255 -0.9323282880243035 -0.9107905793269677 -0.3658047605171697 -0.23603324988512164 -0.14034039225518713 -0.17932637128960494 0.5374158586508448 1.218171031021063 1.4848024121095982 1.1742777259543407 0.22798168939165464 -0.715315425706845 -0.9301472542321682 -0.8317281043620646 -0.8510847792672651 -0.3180946463142109 0.6966313254767189 0.7756938004416218 1.995436948693266 3.5589655484302303 4.669384377851095 4.983725873142589 5.203465027700217 5.287434828697425 5.38121928175924 5.066877786467746 4.604771251759088 3.9878113178088257 3.2972414933739995 2.618667354795917 2.006342117653942
-0.3306355906189886 -0.7690233828381758 -0.6452497151344998 -1.2613917614127108 -1.172514634383199 -0.6763294466724272 -0.31018839881772053 -0.21258713661966766 -0.17550956215336821 -0.3423586472517157 0.4643512266143137 0.24542995972873705 -0.7504845956050261 -0.6177141635087922 0.028689726635295454 0.4760742832470406 0.860754118334897 0.9946150673271985 1.3040492365863887 1.8675738426293367 1.9916201395570292 1.906559821663754 1.1372001514880412 0.05595264903698616 -0.4644965396112901 -0.3726204911175923 -0.2818349595199623 -0.715315425706845 -0.4966667880452853 0.11947525823292571 0.9662616280294403 1.812775368601938 3.003347189883773 4.087320984574998 4.599863925726783 5.04534007777041 5.2885253455934915 5.080509247668591 4.6273994773524905 4.035521432011786 3.3373179893044846 2.648929198661793 2.01888306195872
0.06685781799766244 -0.6218036018690458 -1.3200070445763459 -1.685057575534985 -1.6010877745377776 -1.0152075721254432 -0.29055909468850327 -0.09344816572427916 -0.6305277370375868 -0.9849457282595666 -0.18995891102626428 0.10202698789584352 -0.37861833404596434 -0.4126969870480779 0.00633413026590901 0.6213856596480523 1.1565568263932415 0.7454319565757452 0.21707652043097836 0.8032293520673295 1.4155545892093038 1.5423271783771657 1.2904177753855435 0.6985397300448373 0.012059343970264091 -0.2504825987580179 0.0532263567968172 0.037413861803836435 -0.562097801809343 -0.24857419418989957 0.19662932862971028 0.44772084394928235 1.0532303504908338 2.2729734987424783 3.6293038882265924 4.646756152257691 5.190924083395439 5.241633119062584 4.755262583416421 4.033613027443666 3.283610032173154 2.6342072205648805 2.052143827288783
0.8509394662702885 0.22498276792746896 -1.2106827257455661 -1.7338582066340114 -1.6305317307316036 -1.0874543164899237 -0.40888017791184117 -0.11089643606136113 -0.24475738505366285 -0.1460656059595422 0.0033352088017231107 0.10584379703208024 -0.21749446265197192 -0.3298177029469378 -0.20277248455505892 -0.026926635064153714 -0.14034039225518713 0.007152017937959831 -0.2583888462545081 -0.45359137065061383 -0.31700412941814315 -0.3813446262861335 -0.5650967232735291 -0.6335266585017729 -0.724312190099403 -0.6441591982384323 -0.47131227021171296 -0.45958921357898586 -0.6078995114441836 -0.8941601966619364 -0.6782378512405456 -0.06591261409857152 0.5853986020778206 1.3225880238195384 2.278698712446833 3.4436433866710785 5.00035625580762 5.5268032873842685 4.896757150681196 4.107768176376265 3.3411347984407214 2.6164863210037814 1.9553604527627808
