static/data/pressure/2023/7/31/0.asc
ncols 137
nrows 93
xllcorner 108.0
yllcorner 17.0
cellsize 0.25
NODATA_value -32767
[rows 38 to 56 of 93, columns 43 to 85 of 137]
100.88865084194224 100.89966021889737 100.92465691903317 100.93485412883587 100.92312282552302 100.88386807982239 100.87565616750341 100.88684602604795 100.90534538896435 100.92438619664902 100.938914964598 100.95010482314255 100.95912890261395 100.96734081493295 100.97510152327835 100.98259150923963 100.98710354897533 100.98963029122733 100.99062293996919 100.99062293996919 100.99233751506875 100.99387160857889 100.99639835083089 101.00036894579831 101.0028956880503 101.00533218950758 101.00659556063357 101.00614435666 101.00415905917629 101.00190303930846 101.00009822341417 100.99784220354631 100.99486425732074 100.99333016381061 100.99414233096303 101.00009822341417 101.00966374765386 101.0188683087147 101.03240442792182 101.04260163772452 101.05135499481179 101.06064979666733 101.06958363534405
100.97383815215235 100.99937629705646 100.98358415798148 100.94640495055927 100.90814285360048 100.89063613942595 100.88034868882855 100.88386807982239 100.89740419902951 100.91436946843577 100.93241762737858 100.93963689095571 100.95109747188441 100.96183612645538 100.96959683480078 100.97013827956907 100.97185285466864 100.97266502182107 100.97140165069507 100.96887490844307 100.96734081493295 100.9676115373171 100.96959683480078 100.97185285466864 100.97365767056293 100.97591369043079 100.97437959692064 100.97437959692064 100.9728455034105 100.97058948354264 100.96887490844307 100.96391166473381 100.96309949758138 100.96364094234967 100.96589696221753 100.97140165069507 100.9811476565242 100.99161558871104 101.00388833679216 101.01616108487327 101.02689973944426 101.03664574527338 101.04314308249279
100.96391166473381 100.9971202771886 100.96815298208537 100.9286275140006 100.91960343452917 100.91960343452917 100.9095867063159 100.9095867063159 100.9204156016816 100.93539557360414 100.95290228777868 100.94541230181741 100.94640495055927 100.95741432751439 100.96490431347567 100.9581362538721 100.95885818022981 100.9556095116201 100.95290228777868 100.9478488032747 100.94441965307556 100.94261483718127 100.94360748592312 100.94514157943327 100.94559278340684 100.94766832168527 100.94514157943327 100.94387820830727 100.94234411479714 100.938914964598 100.93738087108785 100.93341027612044 100.93286883135215 100.93458340645172 100.93990761333986 100.94712687691698 100.9568728827461 100.96815298208537 100.98060621175593 100.99233751506875 101.00190303930846 101.00912230288557 101.01408554659486
100.93683942631957 100.95633143797782 100.94739759930113 100.97212357705278 100.97762826553036 100.95335349175225 100.93711014870371 100.94387820830727 100.96391166473381 100.97889163665636 100.99062293996919 100.9568728827461 100.9523608430104 100.94983410075841 100.95588023400424 100.94541230181741 100.94487085704912 100.94108074367114 100.93413220247815 100.9286275140006 100.92339354790717 100.91815958181374 100.91861078578731 100.91815958181374 100.91834006340318 100.91834006340318 100.91491091320405 100.91364754207805 100.9126548933362 100.90985742870005 100.90814285360048 100.90660876009034 100.90715020485862 100.9113915222102 100.91662548830362 100.92537884539088 100.93539557360414 100.94685615453284 100.95786553148795 100.96914563082721 100.9741088745365 100.97609417202021 100.9824110276502
100.94739759930113 100.94162218843942 100.92637149413274 100.95109747188441 100.9798842853982 100.95660216036195 100.95533878923597 100.99414233096303 101.014356268979 101.01264169387943 101.01760493758871 100.97465031930479 100.9421636332077 100.93990761333986 100.94108074367114 100.93160546022615 100.93016160751073 100.92411547426488 100.91734741466134 100.9088647799582 100.90290888750705 100.89686275426122 100.89316288167794 100.8928921592938 100.89063613942595 100.88991421306822 100.88585337730609 100.88359735743825 100.88260470869639 100.88161205995453 100.88116085598097 100.88034868882855 100.88459000618009 100.88883132353166 100.89460673439336 100.90290888750705 100.91238417095205 100.92384475188074 100.93512485122 100.94288555956541 100.9465854321487 100.94811952565884 100.95615095638838
100.9523608430104 100.92312282552302 100.90516490737491 100.90534538896435 100.93458340645172 100.93711014870371 100.97636489440436 101.01661228884686 101.02509492354997 101.02139505096669 101.00641507904415 100.96039227373996 100.92691293890103 100.92140825042345 100.92213017678117 100.91689621068775 100.91337681969391 100.90733068644805 100.90011142287094 100.8916287881678 100.88386807982239 100.87637809386112 100.8724074988937 100.86690281041612 100.86464679054829 100.86184932591215 100.85814945332886 100.85562271107686 100.854630062335 100.85363741359315 100.85535198869272 100.85616415584515 100.86040547319672 100.86591016167428 100.87159533174126 100.88089013359682 100.88937276829995 100.90083334922863 100.9088647799582 100.91662548830362 100.91834006340318 100.92465691903317 100.93259810896801
100.92763486525874 100.91464019081991 100.9286275140006 100.92889823638473 100.92366427029131 100.93359075770987 100.98737427135947 101.01940975348299 101.02762166580197 100.9945935349366 100.96490431347567 100.92366427029131 100.90733068644805 100.90191623876521 100.90336009148064 100.89984070048679 100.89587010551936 100.88937276829995 100.88215350472282 100.87538544511926 100.86636136564786 100.85814945332886 100.84984730021517 100.84461333412175 100.83910864564419 100.83513805067676 100.83134793729877 100.82936263981506 100.82836999107322 100.82836999107322 100.83116745570935 100.83188938206706 100.83658190339219 100.84208659186976 100.85111067134116 100.86212004829629 100.87087340538355 100.87935604008669 100.88738747081624 100.88883132353166 100.8891020459158 100.89866757015551 100.90588683373262
100.93864424221385 100.98538897387577 101.01733421520457 101.00262496566616 100.97816971029863 100.96860418605894 101.01859758633057 101.04133826659852 101.0246437195764 100.98791571612776 100.93160546022615 100.89884805174493 100.88684602604795 100.88486072856423 100.88459000618009 100.88134133757039 100.87791218737125 100.87141485015184 100.86591016167428 100.85986402842843 100.85011802259932 100.84136466551205 100.8321601044512 100.8225945802115 100.81636796537622 100.81140472166696 100.80689268193125 100.80508786603697 100.80463666206339 100.8053585884211 100.80716340431539 100.80860725703081 100.81438266789253 100.8225945802115 100.83261130842477 100.84714007637375 100.85832993491829 100.86491751293242 100.86690281041612 100.86663208803199 100.86040547319672 100.8693393118734 100.87412207399326
101.0418797113668 101.07211037759602 101.05559631216335 101.02735094341783 101.00190303930846 101.01164904513757 101.06714713388675 101.0661544851449 101.0418797113668 100.99639835083089 100.9159035619459 100.88287543108054 100.87791218737125 100.87637809386112 100.87015147902584 100.86591016167428 100.86085667717029 100.854630062335 100.84966681862575 100.84488405650589 100.8354087730609 100.8263846935895 100.81438266789253 100.8033732909374 100.79461993385013 100.788664041399 100.78559585437871 100.78388127927914 100.78315935292143 100.78315935292143 100.78460320563686 100.78712994788886 100.79308584033998 100.80183919742726 100.81384122312424 100.82990408458335 100.84262803663803 100.84786200273146 100.8493960962416 100.84461333412175 100.83062601094106 100.83513805067676 100.84416213014818
101.15711720621671 101.12535244647735 101.07391519349031 101.03466044778968 101.01986095745654 101.02987768566983 101.03637502288923 101.00461026314987 100.97113092831093 100.94162218843942 100.89487745677751 100.87935604008669 100.87664881624526 100.87114412776769 100.85941282445486 100.8513813937253 100.84316948140632 100.83766479292876 100.83360395716662 100.82891143584149 100.82015807875422 100.81014135054096 100.79813932484399 100.787400670273 100.77765466444387 100.76736721384646 100.76565263874689 100.76438926762091 100.76384782285263 100.76312589649491 100.76059915424291 100.76538191636277 100.77115732722446 100.77991068431173 100.79137126524041 100.80490738444753 100.81564603901852 100.82160193146964 100.82358722895336 100.81808254047579 100.79786860245984 100.79714667610213 100.81339001915067
101.08266855057758 101.11912583164208 101.12183305548349 101.12390859376193 101.10640187958738 101.06687641150262 101.0188683087147 100.95912890261395 100.90290888750705 100.87538544511926 100.88116085598097 100.87890483611311 100.86915883028398 100.85634463743457 100.8443426117376 100.83766479292876 100.82864071345735 100.82286530259564 100.81763133650222 100.81185592564053 100.80490738444753 100.79516137861842 100.782347185769 100.76935251133017 100.7586138567592 100.74913857331421 100.74715327583051 100.7451679783468 100.74489725596266 100.7451679783468 100.74164858735294 100.74534845993622 100.75013122205607 100.75662855927548 100.7663745651046 100.7758498485496 100.783610556895 100.78433248325271 100.77810586841746 100.76908178894602 100.75933578311691 100.75717000404377 100.7611405990112
101.04711367746022 101.11262849442267 101.16938995429784 101.17886523774283 101.11966727641037 101.05812305441533 100.99233751506875 100.9273641428746 100.87737074260298 100.86166884432272 100.86663208803199 100.865368716906 100.84840344749975 100.8354087730609 100.82539204484765 100.81889470762822 100.81158520325639 100.80608051477881 100.80265136457967 100.79660523133384 100.78911524537257 100.77909851715931 100.7663745651046 100.7541018170235 100.74110714258467 100.73208306311324 100.7278417457617 100.72585644827798 100.7266686154304 100.72711981940398 100.72540524430441 100.72684909701984 100.72937583927182 100.73388787900753 100.74011449384281 100.74489725596266 100.74859712854592 100.74408508881022 100.73713654761724 100.73090993278197 100.72612717066212 100.72612717066212 100.715117793707
101.04413573123465 101.14087386316818 101.19510858079136 101.16541935933043 101.10441658210367 101.07635169494759 100.9766356167885 100.90715020485862 100.87114412776769 100.85941282445486 100.85083994895702 100.84741079875789 100.82909191743093 100.81510459425024 100.80590003318939 100.8008465486854 100.79615402736027 100.79110054285628 100.78586657676286 100.78090333305359 100.77440599583417 100.76465999000504 100.75139459318207 100.7368658252331 100.72459307715198 100.715117793707 100.70988382761358 100.70889117887172 100.70988382761358 100.70934238284529 100.70988382761358 100.70988382761358 100.70862045648758 100.71141792112373 100.7118691250973 100.71286177383915 100.71340321860744 100.70609371423558 100.6986037282743 100.6933697621809 100.68985037118705 100.68660170257733 100.67884099423193
101.06561304037662 101.163343821052 101.16135852356828 101.12860111508706 101.07734434368945 101.07238109998016 100.96436286870738 100.89009469465766 100.854630062335 100.84858392908917 100.83937936802833 100.83387467955076 100.81239737040882 100.79813932484399 100.788664041399 100.783610556895 100.77864731318573 100.77539864457603 100.76989395609846 100.76511119397863 100.7586138567592 100.74958977728778 100.73659510284895 100.72062248218455 100.70834973410344 100.69887445065845 100.69183566867076 100.69066253833947 100.69138446469718 100.69183566867076 100.69291855820732 100.69210639105489 100.6908430199289 100.68615049860377 100.68515784986191 100.68236038522576 100.67658497436408 100.66891450681337 100.65934898257368 100.65411501648025 100.6460835857507 100.6403984156837 100.63534493117972
101.09764852250012 101.16541935933043 101.163343821052 101.0636277428929 101.00713700540186 101.0009103905666 100.92366427029131 100.85535198869272 100.84858392908917 100.84262803663803 100.83035528855692 100.82485060007936 100.8008465486854 100.78333983451085 100.77386455106588 100.76709649146231 100.76141132139534 100.75915530152749 100.75509446576534 100.75040194444021 100.74237051371065 100.73316595264981 100.72062248218455 100.70537178787787 100.69237711343904 100.68163845886805 100.6748703992645 100.67035835952879 100.67062908191294 100.6736070281385 100.67459967688036 100.67387775052265 100.67089980429708 100.66611704217722 100.65835633383182 100.65339309012253 100.64491045541942 100.63633757992157 100.6268622964766 100.61116039819635 100.60159487395664 100.59284151686937 100.5911269417698
101.11235777203852 101.15810985495857 101.1250817240932 101.02265842209269 100.93566629598828 100.90859405757405 100.86509799452186 100.85065946736759 100.84416213014818 100.83459660590847 100.8213312090855 100.81465339027667 100.79137126524041 100.77359382868174 100.76411854523677 100.7573504856332 100.74787520218823 100.74435581119437 100.74110714258467 100.73587317649124 100.72766126417226 100.71611044244884 100.70311576801001 100.68939916721347 100.6761337703905 100.66512439343536 100.6569124811164 100.65240044138068 100.64987369912869 100.65339309012253 100.65537838760625 100.65537838760625 100.65212971899653 100.64364708429342 100.63408156005372 100.6255989253506 100.61585291952146 100.60890437832849 100.59338296163766 100.57659817382084 100.55864025567273 100.5488942498436 100.5476308787176
101.0694031537546 101.084112403293 101.0636277428929 101.00433954076573 100.9159035619459 100.87538544511926 100.857156804587 100.84714007637375 100.83558925465033 100.8238579513375 100.8104120729251 100.80165871583782 100.783610556895 100.77314262470817 100.76258445172662 100.75058242602964 100.7393925674851 100.73190258152381 100.72811246814584 100.72188585331055 100.71114719873958 100.69959637701616 100.68660170257733 100.67261437939665 100.66016114972611 100.64888105038683 100.6403984156837 100.63489372720615 100.63164505859643 100.63308891131186 100.637149747074 100.63633757992157 100.63137433621229 100.62235025674089 100.60863365594435 100.59834620534693 100.58959284825967 100.57741034097326 100.5603548307723 100.5386067992462 100.51812213884608 100.50783468824868 100.50386409328125
101.01787565997284 101.0259070907024 100.99766172195689 100.94586350579098 100.89316288167794 100.87033196061526 100.85490078471915 100.83712334816047 100.82286530259564 100.81212664802467 100.8021099198114 100.79092006126685 100.77765466444387 100.76863058497246 100.7586138567592 100.74634110867808 100.73289523026567 100.72134440854227 100.71791525834313 100.70862045648758 100.69616722681704 100.68290182999405 100.67089980429708 100.65709296270582 100.64463973303528 100.63363035608015 100.6243355542246 100.61837966177346 100.61666508667389 100.61585291952146 100.61937231051532 100.61765773541575 100.61161160216992 100.60033150283064 100.58616369806053 100.56964963262784 100.55791832931502 100.53959944798805 100.51839286123023 100.49736675606184 100.47787474440358 100.46740681221675 100.46036803022906
101.03763839401523 101.00316641043443 100.9503755455267 100.89884805174493 100.8718660541254 100.865368716906 100.8456059828636 100.82764806471549 100.81537531663439 100.8053585884211 100.79389800749242 100.78261790815314 100.77160853119803 100.76086987662705 100.75040194444021 100.73984377145867 100.7278417457617 100.71286177383915 100.7023938416523 100.6933697621809 100.6819091812522 100.66864378442922 100.65564910999039 100.64436901065113 100.62965976111273 100.61883086574703 100.6096263046862 100.60240704110906 100.59960957647293 100.59988029885707 100.60114366998306 100.59915837249936 100.58986357064381 100.57614696984726 100.56062555315644 100.54059209672991 100.52516092083378 100.50260072215525 100.47940883791372 100.45711936161935 100.43609325645096 100.42364002678042 100.41416474333542
