static/data/pressure/2023/7/31/12.asc
ncols 137
nrows 93
xllcorner 108.0
yllcorner 17.0
cellsize 0.25
NODATA_value -32767
[rows 19 to 37 of 93, columns 0 to 42 of 137]
100.31264384928204 100.4031553663803 100.49041821486885 100.55096978812202 100.52868031182763 100.45143419155235 100.40793812850016 100.39043141432562 100.40243344002259 100.35090594624083 100.30867325431463 100.28566185166252 100.32870671074116 100.42670821380068 100.51541491500465 100.58697586521295 100.68217990363634 100.72044200059513 100.69743059794303 100.65167851502297 100.61269449170648 100.59572922230024 100.56820577991242 100.55196243686387 100.54943569461187 100.5386970400409 100.53716294653076 100.54366028375019 100.56396446256085 100.57416167236356 100.59248055369052 100.61621388270032 100.64418852906171 100.67441919529094 100.70122071132101 100.72693933781454 100.75392133543406 100.8034635317321 100.85246428326187 100.88621434048495 100.89370432644623 100.88892156432638 100.90516490737491
100.30073206437979 100.35144739100912 100.38871683922605 100.40369681114859 100.37066868028323 100.32690189484687 100.28394727656296 100.24866312582974 100.22646389033007 100.22691509430364 100.23693182251691 100.26490646887828 100.34016729166986 100.49664482970412 100.5571964029573 100.55566230944716 100.53445572268934 100.5271462183175 100.49447905063099 100.46271429089161 100.46289477248104 100.47995028268201 100.49095965963714 100.50467626043368 100.51595635977294 100.51794165725666 100.52768766308579 100.54041161514047 100.5534062895793 100.56865698388599 100.5879685139548 100.61016774945449 100.63444252323258 100.6653951158195 100.69318928059147 100.71719333198541 100.73470004615996 100.78090333305359 100.82791878709963 100.8589616204813 100.8576982493553 100.8602249916073 100.87872435452368
100.36471278783209 100.34747679604169 100.34016729166986 100.28873003868281 100.23196857880762 100.19370648184885 100.18747986701358 100.18540432873515 100.23819519364291 100.2797059592114 100.28891052027224 100.30343928822121 100.35189859498269 100.47273101910488 100.51117359765311 100.50521770520197 100.47742354043001 100.44647094784307 100.42418147154869 100.43492012611968 100.4849135263913 100.50196903659226 100.4984496455984 100.49691555208827 100.49168158599485 100.50296168533411 100.5182123796408 100.53815559527261 100.55196243686387 100.57019107739613 100.5879685139548 100.60791172958663 100.63164505859643 100.6588977786001 100.68597001701433 100.70816925251401 100.72495404033083 100.75572615132835 100.78496416881572 100.80996086895153 100.82494084087408 100.84371092617461 100.8602249916073
100.2139204198648 100.18793107098715 100.1577004047579 100.11122639548014 100.10247303839289 100.16943170807076 100.2113936776128 100.37220277379336 100.49447905063099 100.51216624639494 100.4759796877146 100.47218957433661 100.45441213777792 100.48464280400715 100.51117359765311 100.47895763394015 100.45341948903607 100.4517049139365 100.48319895129173 100.51144432003723 100.56721313117056 100.51514419262051 100.50169831420811 100.4759796877146 100.48265750652344 100.50214951818168 100.5238975497078 100.54293835739247 100.5571964029573 100.57217637487985 100.58869044031252 100.60493378336106 100.62695253727131 100.65221995979125 100.67640449277464 100.69842324668488 100.71872742549556 100.74020473463752 100.76619408351517 100.78694946629943 100.80571955159996 100.82746758312607 100.84443285253232
100.2094083801291 100.15670775601606 100.13116961111197 100.12891359124411 100.14939825164421 100.22817846542964 100.3814073348542 100.5386970400409 100.60421185700335 100.59969981726763 100.55945242282516 100.55367701196344 100.53544837143119 100.56215964666657 100.55566230944716 100.52895103421177 100.48292822890758 100.489425566127 100.48897436215343 100.51072239367953 100.53914824401447 100.51342961752094 100.48040148665558 100.46271429089161 100.4779649851983 100.50521770520197 100.53192898043734 100.55142099209559 100.56468638891856 100.57614696984726 100.58571249408695 100.59870716852578 100.61846990256818 100.64066913806785 100.66819258045565 100.69192590946547 100.71223008827614 100.7324440262921 100.75121411159263 100.7714280496086 100.79245415477699 100.81420218630309 100.83071625173578
100.47119692559475 100.4062235534006 100.41696220797157 100.43167145750996 100.46271429089161 100.45341948903607 100.58020780560939 100.59789500137336 100.57046179978028 100.55945242282516 100.60818245197078 100.61747725382632 100.60845317435492 100.64590310416128 100.64590310416128 100.62090640402546 100.57867371209926 100.5834564742191 100.52191225222408 100.52091960348223 100.47092620321061 100.45766080638764 100.43916144347124 100.4504415428105 100.46695560824318 100.50368361169183 100.53770439129904 100.55873049646745 100.56946915103842 100.57614696984726 100.58120045435125 100.59067573779623 100.60773124799721 100.63272794813301 100.66295861436224 100.69246735423376 100.71439586734928 100.73316595264981 100.7349707685441 100.7529286866922 100.77467671821832 100.79389800749242 100.8104120729251
100.6416617868097 100.64797864243968 100.67496064005921 100.66142452085211 100.62839638998673 100.61919182892589 100.62072592243604 100.56315229540841 100.53147777646377 100.54293835739247 100.59193910892223 100.60493378336106 100.61197256534876 100.65221995979125 100.69291855820732 100.66819258045565 100.66142452085211 100.64617382654542 100.57939563845696 100.49890084957198 100.43546157088795 100.41741341194513 100.41921822783942 100.43040808638396 100.46190212373918 100.50196903659226 100.53770439129904 100.55990362679873 100.57073252216442 100.57569576587369 100.57795178574155 100.58471984534509 100.59843644614165 100.6237038686616 100.66440246707765 100.70645467741444 100.72820270894054 100.72314922443655 100.72242729807884 100.73145137755026 100.75220676033449 100.7714280496086 100.78992741252499
100.56793505752827 100.5867051428288 100.65646127714282 100.58120045435125 100.54023113355105 100.54997713938016 100.561708442693 100.52795838546993 100.52317562335008 100.52795838546993 100.54420172851847 100.53472644507347 100.53617029778891 100.54393100613433 100.58697586521295 100.62839638998673 100.64518117780356 100.61097991660691 100.54519437726032 100.46442886599118 100.42743014015839 100.40640403499002 100.41019414836799 100.42743014015839 100.46090947499734 100.49917157195611 100.5303948869272 100.55295508560573 100.56721313117056 100.57470311713183 100.57596648825783 100.57596648825783 100.58995381143852 100.61567243793203 100.65998066813667 100.70771804854044 100.72964656165597 100.7246833179467 100.7087106972823 100.71096671715014 100.72964656165597 100.74372412563137 100.76222348854776
100.35496678200298 100.42517412029055 100.53698246494133 100.49420832824684 100.48996701089528 100.50341288930768 100.52498043924436 100.490688937253 100.4779649851983 100.48464280400715 100.50648107632797 100.52498043924436 100.47570896533045 100.44493685433294 100.44620022545894 100.49168158599485 100.5329216291792 100.50566890917554 100.44944889406864 100.41966943181299 100.40541138624816 100.40640403499002 100.42147424770727 100.43618349724566 100.45314876665192 100.48870363976928 100.52218297460823 100.54221643103476 100.55620375421545 100.56567903766042 100.56847650229656 100.56793505752827 100.57894443448339 100.6039411346192 100.63742046945814 100.67441919529094 100.69616722681704 100.7004085441686 100.68822603688218 100.69093326072361 100.7004085441686 100.713222737018 100.72946608006654
100.27041115735585 100.3072294015992 100.3596593033281 100.39368008293532 100.41443546571956 100.44340276082279 100.45540478651978 100.40496018227459 100.35920809935452 100.36119339683823 100.38790467207362 100.43970288823952 100.42418147154869 100.40721620214245 100.39340936055117 100.39169478545162 100.39972621618116 100.3986433266446 100.38239998359606 100.36940530915723 100.37870011101278 100.40866005485788 100.43519084850381 100.4504415428105 100.4599168262555 100.47769426281415 100.50440553804954 100.52371706811836 100.53842631765676 100.55015762096959 100.55494038308944 100.55620375421545 100.56567903766042 100.58490032693453 100.61197256534876 100.63570589435857 100.65492718363268 100.6653951158195 100.67017787793937 100.67270462019137 100.67721665992707 100.68966988959761 100.70690588138801
100.42318882280684 100.34522077617383 100.28493992530481 100.26066515152671 100.27916451444311 100.32347274464775 100.3712101250515 100.39747019631331 100.37743673988678 100.34594270253156 100.31544131391819 100.30190519471107 100.31165120054018 100.33944536531214 100.35568870836069 100.35722280187083 100.33890392054386 100.33890392054386 100.34197210756413 100.3481987223994 100.36516399180566 100.40117006889659 100.43943216585538 100.46145091976561 100.4702042768529 100.47570896533045 100.48798171341157 100.50070566546626 100.51397106228923 100.52597308798622 100.52669501434393 100.53346307394749 100.5488942498436 100.57073252216442 100.59419512879009 100.61314569568005 100.63669854310042 100.65718320350054 100.67089980429708 100.67017787793937 100.66918522919751 100.67920195741078 100.69291855820732
100.42318882280684 100.40396753353274 100.36742001167352 100.34170138518 100.34016729166986 100.36841266041537 100.39692875154503 100.41822557909757 100.4109160747257 100.40243344002259 100.38646081935819 100.37969275975463 100.35947882173866 100.32969935948302 100.29522737590221 100.28566185166252 100.3014539907375 100.31291457166618 100.32293129987946 100.35045474226726 100.38673154174234 100.42770086254254 100.44195890810738 100.4529682850625 100.45341948903607 100.45766080638764 100.47065548082647 100.48220630254987 100.4952009769887 100.50846637381169 100.5144222662628 100.52895103421177 100.54618702600217 100.5649571113027 100.58047852799353 100.60367041223506 100.62866711237088 100.64969321753925 100.66241716959397 100.66819258045565 100.67044860032351 100.67270462019137 100.67315582416494
100.44340276082279 100.44845624532678 100.53093633169549 100.58941236667023 100.59139766415394 100.56667168640227 100.55647447659959 100.43997361062367 100.34440860902141 100.35018401988312 100.39846284505516 100.43519084850381 100.43365675499368 100.36047147048052 100.31219264530847 100.27041115735585 100.27943523682725 100.29865652610135 100.31968263126976 100.34919137114126 100.40171151366488 100.45540478651978 100.46839946095861 100.4651507923489 100.46190212373918 100.44791480055851 100.45143419155235 100.46316549486518 100.4792283563243 100.49547169937284 100.50648107632797 100.51965623235623 100.53589957540477 100.55069906573787 100.56667168640227 100.59293175766409 100.62397459104574 100.64617382654542 100.66115379846796 100.67044860032351 100.67243389780722 100.6646731894618 100.66169524323624
100.38943876558376 100.46090947499734 100.57073252216442 100.70816925251401 100.78090333305359 100.75617735530192 100.67017787793937 100.5271462183175 100.43293482863596 100.44692215181665 100.49944229434026 100.48897436215343 100.45396093380435 100.41795485671342 100.39340936055117 100.35343268849283 100.28593257404667 100.2956785798758 100.32392394862131 100.3596593033281 100.39990669777059 100.43546157088795 100.47119692559475 100.47218957433661 100.48220630254987 100.46569223711718 100.46018754863964 100.46018754863964 100.4759796877146 100.50214951818168 100.52146104825052 100.53147777646377 100.53617029778891 100.54916497222774 100.56667168640227 100.59419512879009 100.62298194230388 100.63967648932599 100.65294188614897 100.66647800535608 100.66945595158165 100.66169524323624 100.65294188614897
100.32419467100546 100.39593610280318 100.52570236560207 100.70022806257916 100.76745745464117 100.72721006019869 100.63696926548457 100.5764176922314 100.61919182892589 100.63814239581586 100.66241716959397 100.61043847183863 100.53914824401447 100.54221643103476 100.51767093487251 100.42246689644912 100.31796805617019 100.30840253193048 100.34540125776327 100.3814073348542 100.41064535234158 100.41966943181299 100.44872696771093 100.46740681221675 100.47769426281415 100.48094293142387 100.4836501552653 100.48545497115957 100.51622708215709 100.54645774838632 100.59022453382266 100.59248055369052 100.59518777753195 100.55115026971144 100.55972314520929 100.58995381143852 100.61368714044832 100.63065240985458 100.64021793409428 100.65591983237454 100.65970994575254 100.65591983237454 100.64716647528726
100.24721927311431 100.268155137488 100.37472951604536 100.52570236560207 100.59572922230024 100.55521110547359 100.48897436215343 100.48915484374285 100.60547522812935 100.71340321860744 100.73767799238553 100.65970994575254 100.63814239581586 100.63597661674271 100.53941896639861 100.44241011208095 100.35090594624083 100.31544131391819 100.35370341087697 100.41118679710985 100.44791480055851 100.44295155684924 100.42896423366854 100.44764407817436 100.46289477248104 100.47670161407231 100.48518424877544 100.49718627447241 100.52795838546993 100.59915837249936 100.67044860032351 100.67965316138435 100.6569124811164 100.61296521409061 100.57867371209926 100.59293175766409 100.61567243793203 100.6224404975356 100.63164505859643 100.64445925144585 100.64770792005555 100.64391780667756 100.63922528535242
100.1671756882029 100.18693842224529 100.17890699151573 100.26914778622985 100.35695207948669 100.38772419048419 100.32139720636933 100.34666462888927 100.50269096294997 100.59843644614165 100.60493378336106 100.55268436322159 100.63597661674271 100.59843644614165 100.50016422069797 100.40414801512216 100.35541798597654 100.3219386511376 100.3424233115377 100.39945549379702 100.4607289934079 100.46145091976561 100.43392747737782 100.43140073512582 100.44421492797522 100.45919489989778 100.45946562228191 100.47146764797888 100.52290490096594 100.60114366998306 100.69445265171747 100.76691600987289 100.74345340324723 100.73118065516611 100.68118725489448 100.65420525727497 100.61639436428975 100.62343314627746 100.62821590839731 100.63570589435857 100.63868384058414 100.63669854310042 100.63191578098058
100.1589637758839 100.15670775601606 100.11167759945371 100.15715895998963 100.25768720530115 100.30118326835336 100.32816526597287 100.37220277379336 100.49222303076314 100.49917157195611 100.49222303076314 100.48572569354371 100.56414494415027 100.51721973089894 100.43221290227825 100.34070873643815 100.3199533536539 100.31544131391819 100.33222610173502 100.37066868028323 100.42391074916455 100.43320555102011 100.42418147154869 100.42120352532314 100.42743014015839 100.43898096188181 100.43618349724566 100.45748032479821 100.51171504242137 100.58715634680239 100.6646731894618 100.76168204377949 100.8321601044512 100.8526447648513 100.79597354577085 100.69318928059147 100.63417180084843 100.61946255131004 100.62018447766775 100.63092313223872 100.64066913806785 100.63796191422642 100.63597661674271
100.16672448422933 100.15995642462576 100.16771713297119 100.22240305456795 100.34864992637299 100.44222963049152 100.51270769116323 100.5546696607053 100.5879685139548 100.58616369806053 100.59139766415394 100.59094646018038 100.48716954625914 100.37166132902509 100.3092146990829 100.28521064768896 100.26869658225628 100.28042788556911 100.31345601643447 100.35018401988312 100.38194877962249 100.40117006889659 100.40640403499002 100.41064535234158 100.41470618810371 100.41939870942885 100.43320555102011 100.45666815764578 100.50242024056583 100.56892770627013 100.61422858521661 100.68615049860377 100.75491398417591 100.77115732722446 100.72044200059513 100.62821590839731 100.59590970388966 100.59022453382266 100.61368714044832 100.63940576694185 100.6487005687974 100.65240044138068 100.65546862840097
