static/data/pressure/2023/7/31/18.asc
ncols 137
nrows 93
xllcorner 108.0
yllcorner 17.0
cellsize 0.25
NODATA_value -32767
[rows 57 to 75 of 93, columns 86 to 128 of 137]
98.97491430844003 98.91445297598158 98.8819662898845 98.86942281941923 98.89721698419118 98.96417565386905 99.06316980567043 99.16496142210795 99.2816427696733 99.38993172333025 99.50119862321274 99.6051560187234 99.70090150191507 99.79845180100104 99.89167054194071 99.98389663413853 100.06917418514338 100.13920104184152 100.19948189271055 100.25146059046588 100.30046134199564 100.34864992637299 100.3986433266446 100.44647094784307 100.4984496455984 100.55042834335373 100.59590970388966 100.63597661674271 100.66620728297194 100.69291855820732 100.72071272297927 100.7554554289442 100.7931760811347 100.82846023186792 100.86193956670687 100.88865084194224 100.9044429810172 100.91572308035647 100.92646173492744 100.93864424221385 100.96165564486596 100.98647186341233 101.00695652381243
98.70319927555583 98.62017774441885 98.54293162414358 98.52046166625975 98.55746039209254 98.65997393488777 98.78622080669281 98.95668566790778 99.09944660514552 99.26720424251904 99.40743843750478 99.52664652732213 99.6364695744892 99.73645637503243 99.83689437954924 99.93191793638321 100.02567812209116 100.10869965322814 100.17421447019059 100.23440508026492 100.2854813700731 100.33321875047686 100.38239998359606 100.42896423366854 100.47814546678772 100.52994368295363 100.58165165832482 100.62641109250302 100.66169524323624 100.6876845921139 100.71394466337571 100.74417532960494 100.78072285146416 100.81745085491279 100.85291548723544 100.88341687584882 100.90669900088506 100.92014487929745 100.93142497863673 100.94297580036013 100.95921914340867 100.97943308142463 100.99946653785118
98.41343608372881 98.22546450833931 98.13468226885692 98.07945490249188 98.1243948182595 98.27121659125937 98.50367687844293 98.68740713648086 98.9274476504204 99.11623139296233 99.30293959722583 99.45643918903454 99.57294005501046 99.68465815886653 99.78590833053576 99.88896331809929 99.98543072764868 100.07341550249492 100.15345908740636 100.21545451337495 100.2746524747074 100.32419467100546 100.37319542253522 100.41894750545528 100.46668488585904 100.51342961752094 100.56414494415027 100.61395786283246 100.65339309012253 100.68172869966277 100.70519130628844 100.73470004615996 100.76619408351517 100.80265136457967 100.8404622575649 100.8749342411457 100.90092359002337 100.9242057150596 100.93665894473014 100.94793904406941 100.96093371850824 100.97690633917264 100.99215703347932
98.04741942036837 97.85421387888545 97.63195080150459 97.5584045538126 97.61417336494591 97.8506944878916 98.1178974810401 98.47868017830712 98.72422538072422 98.98493103665331 99.1971773858209 99.3724250091557 99.52818062083227 99.64044016945662 99.74890960470297 99.8519645922665 99.94897344658418 100.04165074275556 100.12340890276654 100.20119646781012 100.26093587391085 100.31769733378604 100.36742001167352 100.4134428169777 100.45820225115592 100.50467626043368 100.54871376825416 100.59717307501565 100.6403984156837 100.6741484729068 100.6979720427113 100.72071272297927 100.75193603795034 100.78595681755758 100.82548228564235 100.86193956670687 100.89442625280394 100.91797910022433 100.94044905810813 100.95290228777868 100.96346046076023 100.97492104168893 100.98890836486962
97.77669703622604 97.40571712915632 97.18318332939131 97.03518842606016 97.08716712381549 97.3691696072971 97.8001596428517 98.16166426647644 98.58669840957991 98.8647302980941 99.11045598210063 99.30970765682939 99.47196060572537 99.61445082057895 99.72319097820946 99.82543379862055 99.92090855942807 100.01421754116248 100.09868292501488 100.17665097164787 100.25046794172403 100.30939518067234 100.36245676796423 100.41019414836799 100.45468286016207 100.49619362573056 100.54023113355105 100.58147117673539 100.62469651740345 100.66097331687853 100.6889479632399 100.711959365892 100.73470004615996 100.76718673225703 100.80815605305725 100.84795224352618 100.88143157836511 100.91319633810448 100.93566629598828 100.95389493652053 100.96445310950209 100.97492104168893 100.98421584354449
97.51969125288024 97.13995798872324 96.80742066020174 96.6409263939542 96.66123057276488 96.95343026604917 97.42069710107886 97.98343869691607 98.42092606969008 98.79614729411138 99.05992113706073 99.26648231616133 99.44317379221157 99.58719810057529 99.7106475077442 99.81343177292358 99.90466521637954 99.9939133623518 100.07864946858835 100.1589637758839 100.23323194993363 100.29964917484321 100.35623015312898 100.4056821086323 100.4517049139365 100.49294495712086 100.53021440533777 100.56964963262784 100.60845317435492 100.64644454892957 100.67595328880107 100.7004085441686 100.72296874284713 100.75040194444021 100.78965669014084 100.83071625173578 100.86915883028398 100.90146503479163 100.93043232989487 100.94965361916898 100.96391166473381 100.97446983771536 100.98268175003435
97.41789963644271 97.01145509705034 96.66989368905743 96.47416140532252 96.46522756664582 96.72566250019075 97.18995138899487 97.78193100231945 98.35216258411793 98.76465325675615 99.0514385023576 99.25772895907406 99.43414971274015 99.58070076335586 99.70640619039263 99.81171719782401 99.89970197267027 99.98470880129096 100.06448166381824 100.14497645270322 100.21843245960052 100.28620329643081 100.34792800001526 100.39990669777059 100.44692215181665 100.48870363976928 100.52543164321793 100.55891097805687 100.59446585117423 100.63272794813301 100.6653951158195 100.6902113343659 100.713222737018 100.74065593861108 100.77314262470817 100.81221688881938 100.85246428326187 100.88865084194224 100.91870102658203 100.94441965307556 100.9619263672501 100.9734771889735 100.9811476565242
97.4664491839989 97.07317980063479 96.76347339317597 96.5756822993759 96.53994694466911 96.73089646628418 97.16865456144234 97.74718829635452 98.33591924106939 98.78243069331484 99.07995459348726 99.27947699060016 99.44046656837014 99.58593472944929 99.71173039728077 99.81839501663285 99.90791388498924 99.98696482115881 100.06394021904995 100.13721574435782 100.20895717615552 100.27420127073383 100.337911271802 100.39142406306748 100.44141746333909 100.4836501552653 100.52046839950866 100.5534062895793 100.58372719660325 100.61919182892589 100.65465646124854 100.6831725523782 100.70690588138801 100.73217330390796 100.76168204377949 100.79741739848627 100.83396492034548 100.87168557253598 100.9069697232692 100.93467364724644 100.95714360513024 100.97365767056293 100.98069645255063
97.63014598561031 97.28723096569668 97.00739426128821 96.83341000907942 96.78621407344392 96.95839350975845 97.36492828994552 97.90041716577909 98.42922822280379 98.84217009941557 99.13590388621002 99.32595099987792 99.4746678295668 99.60741203859125 99.72743229556103 99.83193113583997 99.92289385691178 99.9977034757298 100.06718888765967 100.1352304468741 100.20065502304183 100.26292117139457 100.32617996848916 100.38221950200663 100.43347627340424 100.47769426281415 100.5156856373888 100.54943569461187 100.57894443448339 100.61197256534876 100.64797864243968 100.67766786390064 100.70167191529458 100.72540524430441 100.75347013146049 100.78343007530557 100.81645820617094 100.85390813597729 100.89171902896251 100.9242057150596 100.94965361916898 100.96815298208537 100.9767258575832
97.90871931889278 97.63592139647201 97.39172980597563 97.2349815455572 97.18516862687503 97.36619166107153 97.74791022271224 98.21490633535777 98.616658353425 98.95343699929806 99.21017206025972 99.38442703485268 99.52240520997056 99.63944752071477 99.75170706933912 99.85440109372378 99.94491261082204 100.01593211626205 100.07846898699893 100.14046441296752 100.19948189271055 100.25922129881128 100.31896070491204 100.37418807127708 100.42571556505884 100.47164812956832 100.51144432003723 100.54618702600217 100.57795178574155 100.61242376932233 100.64590310416128 100.67342654654908 100.69571602284347 100.71917862946913 100.74715327583051 100.7739547918606 100.80445618047396 100.83820623769704 100.87520496352982 100.91220368936263 100.94144170684999 100.96048251453468 100.97040900195321
98.23891038675173 97.99742602009675 97.82768308523951 97.69692417369876 97.68817081661149 97.8749692616697 98.20191166091894 98.50873036294692 98.84821623266141 99.07444990500969 99.29617153762227 99.45373196519311 99.57420342613646 99.68465815886653 99.78247918033664 99.88219525849573 99.96918738460012 100.03722894381457 100.09696834991531 100.14894704767065 100.20444513641984 100.25922129881128 100.31471938756047 100.36895410518366 100.41921822783942 100.46497031075947 100.50593963155968 100.54194570865062 100.5776810633574 100.61522123395847 100.64689575290312 100.67071932270765 100.69192590946547 100.71367394099157 100.74065593861108 100.76718673225703 100.79471017464485 100.82593348961592 100.86067619558087 100.89893829253965 100.93196642340502 100.95290228777868 100.96373118314438
98.51170830917248 98.37715928425374 98.2202305422459 98.17890025826684 98.19866299230922 98.3589306437215 98.53968295553386 98.82592675636702 99.00767171692125 99.2144133776113 99.38993172333025 99.51870533738727 99.63322090587948 99.72490555330903 99.82119248126898 99.91215520234081 99.99698154937208 100.06339877428167 100.11591891680528 100.16672448422933 100.21220584476524 100.26472598728886 100.3161632402759 100.36769073405766 100.41696220797157 100.46045827102375 100.50115686943982 100.53896776242505 100.57515432110542 100.61395786283246 100.64617382654542 100.66990715555522 100.68840651847162 100.70916190125587 100.73289523026567 100.75969674629577 100.787400670273 100.81564603901852 100.8499375410099 100.8896434906841 100.9229423439336 100.9446903754597 100.95714360513024
98.78071611821527 98.67946594654603 98.60790499633774 98.58047179474464 98.620448466803 98.72973006920179 98.86815944829323 99.01317640539881 99.17272213045337 99.33443363458106 99.48296998268049 99.60019277501412 99.69296031198023 99.77444774960708 99.85864241107534 99.94491261082204 100.02468547334931 100.09065149428532 100.14217898806709 100.18242638250959 100.22294449933622 100.27041115735585 100.32121672477989 100.37148084743565 100.41840606068699 100.46090947499734 100.4997130167244 100.53671174255719 100.5719056524957 100.60971654548092 100.64292515793571 100.66891450681337 100.68840651847162 100.70519130628844 100.7266686154304 100.75193603795034 100.77945948033816 100.80743412669953 100.84091346153846 100.8807096520074 100.91346706048861 100.93620774075657 100.94947313757956
99.0054156970534 98.93692293386538 98.90272167266873 98.89496096432333 98.91643827346529 98.99215030023042 99.0731865338837 99.18743137999178 99.3264022038515 99.45021257419927 99.57997883699815 99.66697096310256 99.75089490218669 99.82191440762669 99.90096534379627 99.98118941029712 100.05365276845254 100.11817493667314 100.16446846436148 100.20164767178369 100.23666110013276 100.27871331046954 100.32870671074116 100.37716601750263 100.4229181004227 100.46415814360704 100.5009763878504 100.53671174255719 100.56919842865427 100.6052045057452 100.63796191422642 100.66620728297194 100.68840651847162 100.7036572127783 100.7221565756947 100.7439046072208 100.77070612325089 100.80021486312239 100.8327015492195 100.87141485015184 100.90390153624891 100.92673245731159 100.94144170684999
99.19068004860146 99.15043265415899 99.12489450925489 99.12345065653946 99.14492796568142 99.18165596913006 99.25069017708637 99.34490156676789 99.45571726267683 99.57221812865275 99.65767616124701 99.74322443463599 99.80521986060458 99.86947130644103 99.94446140684846 100.0162028386462 100.08821499282804 100.14470573031907 100.19018709085499 100.22222257297851 100.25245323920774 100.29089581775595 100.33448212160286 100.38321215074849 100.4299568824104 100.47119692559475 100.5053981867914 100.53815559527261 100.57019107739613 100.60015102124122 100.63290842972243 100.66295861436224 100.68714314734562 100.70167191529458 100.71692260960127 100.73794871476966 100.7624039701372 100.7919127100087 100.82394819213222 100.86139812193858 100.89397504883037 100.9159035619459 100.93070305227901
99.3404797678269 99.31719764279066 99.30772235934569 99.30564682106726 99.32089751537394 99.35419636862345 99.40491169525278 99.48847467115806 99.58367870958143 99.6659783143607 99.74692430721927 99.80666371332 99.8634251731952 99.91892326194437 99.98768674751652 100.05572830673096 100.11673108395772 100.17195845032275 100.2131984935071 100.24342915973632 100.27023067576641 100.30190519471107 100.34395740504785 100.38871683922605 100.43591277486154 100.47814546678772 100.51270769116323 100.54293835739247 100.57172517090626 100.60114366998306 100.62893783475502 100.65790512985825 100.68416520112005 100.69869396906903 100.71295201463386 100.73316595264981 100.75744072642792 100.78595681755758 100.81772157729694 100.85192283849358 100.88242422710697 100.9044429810172 100.91870102658203
99.46690712122137 99.45445389155083 99.44768583194727 99.45219787168297 99.46817049234737 99.49867188096074 99.54667998374865 99.61517274693666 99.68547032601896 99.75820440655853 99.81893646140112 99.87145660392474 99.91666724207653 99.96693136473229 100.03118281056874 100.09119293905361 100.14840560290236 100.19596250171669 100.23539772900678 100.26616984000428 100.29197870729251 100.32022407603803 100.35343268849283 100.3962068251873 100.44195890810738 100.48419160003358 100.51992695474037 100.54817232348589 100.5764176922314 100.60294848587735 100.62893783475502 100.65366381250668 100.67820930866893 100.69418192933333 100.71069599476601 100.73118065516611 100.75771144881206 100.78722018868356 100.81718013252865 100.84741079875789 100.8743927963774 100.89469697518808 100.90769164962691
99.57041331275846 99.56590127302276 99.5661719954069 99.57618872362018 99.59468808653656 99.62266273289794 99.66291012734044 99.71615219622176 99.77471847199122 99.83391643332367 99.88544392710543 99.92921071254179 99.97045075572612 100.0174662097722 100.07494959600507 100.12765022011811 100.17665097164787 100.21942510834238 100.25615311179102 100.28791787153038 100.31372673881862 100.33890392054386 100.36642736293166 100.40297488479088 100.44620022545894 100.48870363976928 100.52642429195978 100.55367701196344 100.58065900958296 100.60547522812935 100.62920855713917 100.65194923740711 100.67216317542308 100.6914747054919 100.71223008827614 100.7349707685441 100.7624039701372 100.7931760811347 100.82214337623793 100.84695959478432 100.86897834869455 100.88919228671051 100.90191623876521
99.65722495727344 99.6594809771413 99.66417349846643 99.67590480177927 99.69422368310623 99.72039351357331 99.75639959066426 99.79917372735875 99.8499792947828 99.89690450803413 99.94247610936475 99.98191133665483 100.0214368047396 100.0654743125601 100.11321169296386 100.15968570224162 100.20191839416783 100.24243651099447 100.27817186570125 100.31165120054018 100.337911271802 100.36191532319594 100.38564865220577 100.41443546571956 100.45242684029421 100.491952308379 100.53066560931134 100.55873049646745 100.58471984534509 100.60872389673906 100.63092313223872 100.65221995979125 100.66864378442922 100.68822603688218 100.711959365892 100.74092666099523 100.77214997596631 100.8047269028581 100.83369419796134 100.85670560061344 100.87421231478798 100.89090686181008 100.90146503479163
