static/data/precipitation/2023/7/28/0.asc
ncols 137
nrows 93
xllcorner 108.0
yllcorner 17.0
cellsize 0.25
NODATA_value -32767
[rows 38 to 56 of 93, columns 44 to 87 of 137]
0.30980740222468284 0.22365775026915793 0.2601056799426509 0.27888188613808473 0.07952275565125538 0.03644792967349292 0.06626896304271282 0.5340173938525317 1.4269916708530908 2.1841145736160894 2.9213567874662743 3.354866254037357 3.189746087789262 2.3823692213855407 1.15307995694321 1.2596625391702414 1.6070223537857955 1.7318289008495733 1.5457235629712864 1.496021840689251 1.646783731611423 1.7268587286213695 1.4673052900374093 1.3424987429736315 1.080736338954915 0.8769592775985726 0.731167558904601 0.5240770493961239 0.4042406745605499 0.2711505071164369 0.17229930391105333 0.14192602918314604 0.12701551249853435 0.1380603396723204 0.12646327113984349 0.08780637603159405 0.02816430929315425 0.014358275325920822 0.025955343858397734 0.037552412390871176 0.0298210333692199 0.0298210333692199 0.011044827173786048 0.0033134481521347736
0.35122550412637965 0.38491222700642524 0.37165843439788265 0.16014999401988902 0.04362706733645333 0.0298210333692199 0.024298619782328612 0.04914948092334462 0.2601056799426509 0.4440020523861776 1.5921118371011838 2.1984728489420102 2.1890847458442932 1.7252020045453003 1.308812020093586 1.70421683291511 1.890874412152084 2.060964750628381 2.0902335426389134 1.6992466606869059 1.5816192512860885 1.8041725188378681 1.7677245891643754 1.5733356309057498 1.3502301219952828 1.096751338356905 0.8719891053703688 0.6820180779812564 0.5610772204283042 0.48376343021180535 0.2915834373879399 0.2220010261930888 0.1927322341825563 0.18334413108483938 0.17616499342187897 0.12480654706377783 0.07123913527091671 0.03368672288004554 0.016014999401989943 0.013806033967233428 0.08062723836863364 0.05908982537975241 0.02374637842363775 0.00994034445640779
0.34404636646341924 0.2700460243990552 0.18665757923697415 0.0867018933142158 0.04914948092334462 0.028716550651841644 0.0298210333692199 0.054119653151548514 0.1032691340748966 0.13088120200936 0.5091665327115122 0.5323606697764626 0.654406010046793 1.0365570302597744 0.9575865159672063 1.5103801160151717 1.5965297679707002 1.766620106446997 2.1879802631269154 2.2111744001918656 2.3177569824188935 2.508832492525384 2.5369968018185385 2.2459656057892894 1.667768903241617 1.0476018574335568 0.9023623800982795 0.7858394534148404 0.7560184200456205 0.7781080743931925 0.5008829123311735 0.7698244540128505 0.7245406626003315 0.2634191280947856 0.21703085396488492 0.1408215464657643 0.07510482478174235 0.04086586054300595 0.04086586054300595 0.011597068532473442 0.03534344695611466 0.103821375433584 0.0817317210860119 0.013806033967233428
0.25789671450789087 0.1750605107045007 0.15131413228086296 0.10989603037916615 0.17616499342187897 0.035895688314802054 0.05246292907548286 0.07676154885781147 0.1032691340748966 1.0299301339555014 0.1629112008133364 0.47327084439671013 0.6693165267314047 0.7250929039590224 0.9266609998806081 1.2977671929198 1.3430509843323224 1.1768263353668478 1.4198125331901303 1.7268587286213695 1.9648747542164482 2.2509357780174932 2.617071798828483 2.4375933572544675 2.306712155245111 1.6125447673726867 1.2331549539531563 0.9388103097717725 0.9642134122714758 1.0906766834113228 0.7405556620023214 0.8769592775985726 1.0045270314557944 0.7913618670017352 0.20046361320420758 0.16401568353071466 0.09995568592275836 0.054119653151548514 0.038656895108249434 0.017671723478055595 0.025955343858397734 0.06350775624926544 0.07123913527091671 0.03700017103218031
0.24519516325803917 0.12370206434639958 0.09995568592275836 0.11707516804212656 0.18058292429139547 0.07344810070567323 0.10216465135751487 0.12701551249853435 0.4456587764622467 1.6583808001439 0.9620044468367194 0.27888188613808473 0.4760320511901575 1.0354525475423926 1.0840497871070498 1.1878711625406337 1.0216465135751627 0.8543173818923098 0.8692278985769214 1.055885477813899 1.3165433991152373 1.6605897655786566 2.027278027748335 2.400593186222287 2.513250423394899 2.1879802631269154 1.7500528656863197 1.4546037387875541 1.0796318562375369 1.1083484068893785 0.8653622090660957 0.8797204843920166 1.0078404796079292 1.0978558210742833 0.3153298158115776 0.21813533668226318 0.1209408575529522 0.07510482478174235 0.04141810190169681 0.01546275804329908 0.03258224016266728 0.02705982657577599 0.0347912055974238 0.040313619184318555
0.3749718825500209 0.24795637005148655 0.12535878842246523 0.13750809831362953 0.155732063150376 0.10271689271620574 0.12867223657460347 0.16843361440023116 0.49039032651607833 1.5263951154171618 1.9455463066623233 1.1464530606389405 1.079079614878846 1.7097392465020012 1.2397818502574258 1.1365127161825326 0.9697358258583706 0.8681234158595431 0.900153414663523 0.7930185910778008 0.9399147924891507 1.2668416768332018 1.514798046884685 1.9035759634019358 2.2680552601368613 2.597191109915669 2.1780399186705073 1.7478439002515598 1.3082597787348986 0.9040191041743452 0.8117947972732381 0.8228396244470242 0.7002420428180028 0.7946753151538699 0.8051679009689651 0.19880688912813846 0.10216465135751487 0.09167206554241969 0.058537584021065014 0.012149309891164306 0.021537412988881233 0.0171194821193682 0.040313619184318555 0.04362706733645333
0.5152411876570944 0.49756946417903875 0.37386739983263917 0.3578524004306527 0.3600613658654092 0.22807568113867097 0.15352309771561948 0.19328447554124717 0.6560627341228621 1.4877382203089122 2.472936804210582 3.4205829757213806 3.3532095299612896 2.1747264705183724 1.5644997691667204 1.496021840689251 1.168542714986509 1.0669303049876815 0.9846463425429823 0.8040634182515869 0.8460337615119711 0.9305266893914304 1.179587542160295 1.4750366690590573 1.922352169597373 2.368563187418307 2.544175939481499 2.1134276797038636 1.3778421899297462 0.6748389403182959 0.5439577383089395 0.4042406745605499 0.2810908515728412 0.27225498983381513 0.9719447912931272 0.1209408575529522 0.11431396124867918 0.103821375433584 0.07179137662960758 0.01988068891281558 0.012149309891164306 0.024850861141019476 0.04804499820596636 0.05743310130368676
1.058646684607343 1.0006613419449688 0.7273018693937788 0.7041077323288285 0.6643463545032008 0.338523952876528 0.2993148164095877 1.2939015034089743 1.8947401016629097 2.2492790539414242 3.225641776104066 3.5547776258828754 3.2571195335493552 2.282413535462782 2.2680552601368613 1.823500966391993 1.552350459275556 1.2276325403662616 0.9631089295540975 0.7957797978712482 0.900153414663523 0.9062280696091017 1.0823930630309841 1.365140638679891 1.5490370111234213 1.7704857959578226 2.1117709556277946 2.1183978519320674 1.4789023585698828 0.4694051548858845 0.20046361320420758 0.10658258222703137 0.11707516804212656 0.15959775266120163 0.15738878722644511 0.12314982298770871 0.1159706853247483 0.11707516804212656 0.08835861739028492 0.0392091364669403 0.01546275804329908 0.008283620380338669 0.011597068532473442 0.024298619782328612
1.3629316732451344 1.1613635773235487 0.800749970099452 0.627346183471017 0.5202113598852982 0.49480825738559137 1.9041282047606265 3.6282257265885485 4.248392772396607 2.6203852469806175 2.343712326277291 2.553564042579216 2.5994000753504256 2.5673700765464473 2.9611181652919023 2.3519959466576297 1.9781285468249907 1.6020521815575914 1.1917368520514595 0.8294665207512937 0.7670632472194066 0.9084370350438618 1.1425873711281147 1.3099165028109643 1.2447520224856297 1.3325583985172238 1.629664249492055 1.714709418730205 1.3209613299847502 0.37938981341953393 0.13088120200936 0.08338844516208102 0.0938810309771762 0.08891085874897231 0.06185103217319979 0.07731379021649887 0.08946310010766317 0.0988512032053801 0.09553775505324533 0.054119653151548514 0.012149309891164306 0.006626896304273017 0.011597068532473442 0.01270155124985517
1.1475575433563188 1.1917368520514595 1.1580501291714138 1.0144673759122023 1.132647026671707 1.8936356189455315 3.0660440234428643 3.0721186783884464 1.9262178591081986 1.7820828644902962 2.072009577802167 2.150427850736044 2.2868314663322953 2.582280593231059 2.924670235618409 2.6833407618711957 2.373533359646511 1.936710444923294 1.425334946777025 1.022750996292541 0.8852428979789113 0.9012578973809013 1.033795823466327 1.204990644660002 1.3320061571585364 1.206647368736071 1.4501858079180412 1.5241861499824052 1.159154611888792 0.3578524004306527 0.1032691340748966 0.0695824111948476 0.08504516923815014 0.07179137662960758 0.04970172228203548 0.04914948092334462 0.051910687716792 0.06185103217319979 0.07123913527091671 0.05743310130368676 0.018776206195437323 0.03810465374956204 0.058537584021065014 0.05080620499941374
1.096199096998214 1.204990644660002 1.8925311362281532 2.6463405908390136 3.6652258976207306 3.717688826696212 3.8402864083252313 3.411194872623662 2.7667292070332765 1.4965740820479418 0.9448849647173512 1.0879154766178754 1.4369320153094987 1.8511130343264564 2.327697326875301 2.564608869753002 2.316652499701515 2.010710786987658 1.6506494211222487 1.4352752912334295 0.9366013443370125 0.8565263473270697 0.8852428979789113 1.017780824064337 1.2309459885183998 1.0310346166728794 1.2237668508554358 1.3540958115061084 1.105587200095931 0.39098688195200737 0.08946310010766317 0.03092551608659816 0.038656895108249434 0.040313619184318555 0.03258224016266728 0.029268792010532507 0.04141810190169681 0.051910687716792 0.054119653151548514 0.07731379021649887 0.0469405154885881 0.03976137782562769 0.037552412390871176 0.03534344695611466
1.049258581509626 1.4860814962328432 2.2774433632345783 2.3238316373644756 2.9307448905639912 2.9473121313246704 1.9378149276406722 1.4949173579718726 1.1746173699320912 0.6461223896664543 0.4136287776582669 0.6472268723838326 0.8018544528168303 1.2403340916161167 1.7379035557951554 2.1150844037799295 2.23712974405026 1.8489040688916998 1.6147537328074466 1.4800068412872611 1.2580058150941722 1.105587200095931 0.8907653115658026 0.9509596196629333 1.2143787477577188 1.1729606458560256 1.18290099031243 1.2657371941158235 0.8719891053703688 0.28274757564891034 0.05246292907548286 0.016014999401989943 0.02098517163019384 0.03202999880397989 0.0342389642387364 0.013253792608542564 0.03644792967349292 0.050253963640722876 0.04804499820596636 0.05246292907548286 0.06185103217319979 0.0347912055974238 0.01546275804329908 0.01546275804329908
1.0658258222703034 1.6401568353071536 1.7903664848706349 1.593216319818562 2.3547571534510774 1.7500528656863197 1.0669303049876815 0.726749628035088 0.4550468795599637 0.40810636407137557 0.3219567121158472 0.41086757086482295 0.6533015273294147 1.0117061691187548 1.5175592536781322 1.9731583745967867 2.072561819160854 1.6523061451983179 1.3988273615599365 1.3734242590602332 1.2939015034089743 1.3673496041146511 1.2077518514534493 1.1552889223779665 1.2541401255833466 1.392200465255667 1.6909630403065674 1.646783731611423 1.0371092716184618 0.4042406745605499 0.13585137423756388 0.01546275804329908 0.02264189570625949 0.016567240760677338 0.019328447554124717 0.01822396483674646 0.02264189570625949 0.038656895108249434 0.03368672288004554 0.025955343858397734 0.04528379141252245 0.0298210333692199 0.009388103097716927 0.006074654945582153
1.112214096400204 1.2701551249853367 1.3999318442773183 0.9537208264563807 1.475588910417748 0.986303066619048 0.706316697763585 0.3799420547782213 0.42909153570156944 0.41638998445171427 0.40258395048448425 0.38380774428904696 0.5621817031456824 1.0216465135751627 1.5396489080257043 1.769933554599132 1.6953809711760803 1.4579171869396925 1.2447520224856297 1.2132742650403407 1.2977671929198 1.4010363269946966 1.4678575313960969 1.4264394294944034 1.52749959813454 1.7191273495997181 2.0035316493246977 2.1355173340514324 1.4998875302000767 0.685883767492082 0.1380603396723204 0.016567240760677338 0.014910516684611685 0.011044827173786048 0.0171194821193682 0.013806033967233428 0.01822396483674646 0.025955343858397734 0.021537412988881233 0.01546275804329908 0.021537412988881233 0.01270155124985517 0.008283620380338669 0.0044179308695130315
1.1994682310731106 1.3585137423756215 1.132647026671707 0.6914061810789733 0.7250929039590224 0.48762911972263095 0.24077723238852614 0.23580706016032224 0.2844042997249795 0.38380774428904696 0.41859894988647073 0.42909153570156944 0.5047486018419991 0.9642134122714758 1.3955139134078018 1.5556639074276943 1.4131856368858609 1.2447520224856297 1.0509153055856952 1.023855479009919 1.1089006482480692 1.2585580564528631 1.3905437411795978 1.4595739110157582 1.6727390754698208 1.8649190682936863 2.20730871068104 2.414951461548208 1.574440113623128 0.6306596316231552 0.08835861739028492 0.011044827173786048 0.008835861739029532 0.010492585815095185 0.013806033967233428 0.00994034445640779 0.0077313790216512746 0.01546275804329908 0.01988068891281558 0.01822396483674646 0.011597068532473442 0.008283620380338669 0.004970172228203895 0.005522413586894759
1.333662881234602 1.3253792608542634 1.080736338954915 0.6731822162422303 0.5058530845593774 0.17837395885663548 0.0938810309771762 0.09001534146635404 0.13695585695494214 0.2440906805406609 0.3479120559742449 0.44289756966879934 0.5389875660807355 1.028825651238123 1.4562604628636233 1.464544083243962 1.4065587405815878 1.0879154766178754 0.9553775505324498 0.9272132412392955 0.9581387573258972 1.085706511183119 1.1000647865090398 1.362379431886447 1.593768561177253 1.9173819973691693 2.268607501495549 2.3100256033972455 1.2110652996055842 0.3578524004306527 0.09277654825979795 0.014358275325920822 0.004970172228203895 0.007179137662960411 0.0016567240760691215 0.012149309891164306 0.0044179308695130315 0.008835861739029532 0.012149309891164306 0.012149309891164306 0.011044827173786048 0.009388103097716927 0.006074654945582153 0.007179137662960411
1.1762740940081604 1.209408575529515 1.1574978878127231 0.8984966905874539 0.28495654108366686 0.08283620380339016 0.014910516684611685 0.006074654945582153 0.04473155005383159 0.11431396124867918 0.23635930151900963 0.44013636287535546 0.471614120320641 1.0072882382492419 1.6081268365031738 1.6186194223182688 1.4838725307980867 1.2563490910181065 1.0829453043896715 0.9194818622176477 0.9487506542281767 1.0481540987922477 0.9487506542281767 1.2911402966155303 1.6396045939484627 1.9676359610098921 2.2398909508437073 2.1946071594311847 1.0282734098794322 0.31091188494206456 0.0740003420643641 0.021537412988881233 0.012149309891164306 0.004970172228203895 0.0 0.0005522413586908637 0.0011044827173782579 0.006074654945582153 0.008835861739029532 0.005522413586894759 0.004970172228203895 0.008283620380338669 0.0044179308695130315 0.004970172228203895
1.5600818382972073 1.4043497751468312 1.2204534027033012 0.9272132412392955 0.2567922317905126 0.07068689391222932 0.011597068532473442 0.0005522413586908637 0.0038656895108256373 0.033134481521358145 0.1330901674441165 0.358956883148031 0.3749718825500209 0.7930185910778008 1.408215464657657 1.6815749372088469 1.574440113623128 1.4612306350918272 1.3148866750391681 1.02440772036861 0.8405113479250798 0.9586909986845846 1.0542287537378299 1.1574978878127231 1.5644997691667204 2.03059147590047 2.3398466367664654 2.1680995742140996 0.9620044468367194 0.30704619543123896 0.10934378902047875 0.04970172228203548 0.01822396483674646 0.011597068532473442 0.0005522413586908637 0.0 0.0 0.0 0.0011044827173782579 0.0022089654347565157 0.0022089654347565157 0.0027612067934473794 0.004970172228203895 0.007179137662960411
2.479011459156164 2.2962195694300123 1.64236580074191 0.7239884212416405 0.24740412869279568 0.07841827293387713 0.014910516684611685 0.0 0.0005522413586908637 0.008835861739029532 0.03534344695611466 0.27059826575774604 0.2844042997249795 0.4213601566799181 0.7300630761872228 1.0917811661287011 1.4446633943311498 1.5678132173188586 1.5418578734604609 1.3469166738431446 1.1111096136828258 1.0006613419449688 1.1271246130848158 1.1193932340631645 1.3187523645499937 1.7881575194358783 2.2647418119847234 2.244861123071911 1.0183330654230278 0.32692688434405104 0.13253792608542564 0.06571672168402543 0.02540310249970687 0.017671723478055595 0.0011044827173782579 0.0 0.0 0.0 0.0 0.0 0.0 0.0016567240760691215 0.0038656895108256373 0.0077313790216512746
