static/data/precipitation/2023/7/28/12.asc
ncols 137
nrows 93
xllcorner 108.0
yllcorner 17.0
cellsize 0.25
NODATA_value -32767
[rows 57 to 75 of 93, columns 86 to 128 of 137]
0.0016567240760691215 0.0011044827173782579 0.0016567240760691215 0.0022089654347565157 0.0033134481521347736 0.008283620380338669 0.008835861739029532 0.019328447554124717 0.04638827412990071 0.07841827293387713 0.07068689391222932 0.024298619782328612 0.018776206195437323 0.01546275804329908 0.023194137064950354 0.028716550651841644 0.03534344695611466 0.040313619184318555 0.020432930271502975 0.01270155124985517 0.00994034445640779 0.007179137662960411 0.0027612067934473794 0.004970172228203895 0.008835861739029532 0.013253792608542564 0.013253792608542564 0.0077313790216512746 0.00994034445640779 0.004970172228203895 0.0016567240760691215 0.0022089654347565157 0.0033134481521347736 0.0027612067934473794 0.0022089654347565157 0.004970172228203895 0.01546275804329908 0.04528379141252245 0.07289585934698584 0.14855292548741558 0.3760763652673992 0.26231464537740734 0.21647861260619752
0.007179137662960411 0.0077313790216512746 0.0077313790216512746 0.004970172228203895 0.0027612067934473794 0.0038656895108256373 0.0027612067934473794 0.0044179308695130315 0.02816430929315425 0.06626896304271282 0.08725413467290666 0.053015170434170256 0.019328447554124717 0.011597068532473442 0.005522413586894759 0.008283620380338669 0.009388103097716927 0.011597068532473442 0.008835861739029532 0.01546275804329908 0.014910516684611685 0.005522413586894759 0.004970172228203895 0.0044179308695130315 0.008835861739029532 0.01546275804329908 0.025955343858397734 0.028716550651841644 0.0392091364669403 0.040313619184318555 0.0298210333692199 0.03147775744528902 0.03534344695611466 0.0298210333692199 0.03202999880397989 0.0298210333692199 0.03700017103218031 0.055776377227617635 0.07234361798829497 0.1507618909221721 0.3053894713551698 0.48376343021180535 0.29379240282269636
0.0171194821193682 0.022089654347572096 0.02264189570625949 0.014358275325920822 0.009388103097716927 0.006626896304273017 0.0033134481521347736 0.0038656895108256373 0.006074654945582153 0.03147775744528902 0.061298790814508924 0.08835861739028492 0.07234361798829497 0.04914948092334462 0.035895688314802054 0.0038656895108256373 0.0011044827173782579 0.0022089654347565157 0.006074654945582153 0.012149309891164306 0.013806033967233428 0.00994034445640779 0.010492585815095185 0.01546275804329908 0.01988068891281558 0.027612067934463386 0.03700017103218031 0.019328447554124717 0.028716550651841644 0.04197034326038421 0.05743310130368676 0.051358446358104604 0.04141810190169681 0.04362706733645333 0.05356741179286112 0.04197034326038421 0.04638827412990071 0.04528379141252245 0.06074654945582153 0.058537584021065014 0.11762740940081742 0.22586671570391445 0.23635930151900963
0.03147775744528902 0.035895688314802054 0.04252258461907507 0.040313619184318555 0.021537412988881233 0.010492585815095185 0.006074654945582153 0.0027612067934473794 0.004970172228203895 0.007179137662960411 0.02374637842363775 0.051358446358104604 0.06626896304271282 0.04528379141252245 0.0392091364669403 0.01270155124985517 0.0033134481521347736 0.0033134481521347736 0.006074654945582153 0.006074654945582153 0.008283620380338669 0.010492585815095185 0.012149309891164306 0.019328447554124717 0.0298210333692199 0.03810465374956204 0.04362706733645333 0.024850861141019476 0.017671723478055595 0.019328447554124717 0.03092551608659816 0.03147775744528902 0.02264189570625949 0.03147775744528902 0.038656895108249434 0.030373274727910765 0.0298210333692199 0.0298210333692199 0.026507585217085128 0.023194137064950354 0.023194137064950354 0.04362706733645333 0.06461223896664717
0.06847792847746934 0.02816430929315425 0.0347912055974238 0.04362706733645333 0.02705982657577599 0.01270155124985517 0.007179137662960411 0.0038656895108256373 0.0038656895108256373 0.004970172228203895 0.005522413586894759 0.01546275804329908 0.029268792010532507 0.03092551608659816 0.02540310249970687 0.016567240760677338 0.008835861739029532 0.008835861739029532 0.006074654945582153 0.006074654945582153 0.006074654945582153 0.0077313790216512746 0.008283620380338669 0.01546275804329908 0.02816430929315425 0.05080620499941374 0.05522413586892677 0.04362706733645333 0.0298210333692199 0.019328447554124717 0.006626896304273017 0.007179137662960411 0.0038656895108256373 0.010492585815095185 0.01988068891281558 0.019328447554124717 0.018776206195437323 0.01546275804329908 0.01270155124985517 0.011597068532473442 0.012149309891164306 0.020432930271502975 0.03147775744528902
0.10823930630309703 0.06295551489057805 0.014910516684611685 0.02098517163019384 0.024850861141019476 0.01546275804329908 0.010492585815095185 0.005522413586894759 0.006074654945582153 0.005522413586894759 0.007179137662960411 0.016014999401989943 0.020432930271502975 0.02264189570625949 0.016014999401989943 0.009388103097716927 0.010492585815095185 0.011597068532473442 0.0077313790216512746 0.011044827173786048 0.011044827173786048 0.013806033967233428 0.01546275804329908 0.0171194821193682 0.02374637842363775 0.045836032771209845 0.05743310130368676 0.051910687716792 0.040313619184318555 0.033134481521358145 0.017671723478055595 0.012149309891164306 0.008283620380338669 0.006074654945582153 0.019328447554124717 0.02098517163019384 0.02264189570625949 0.019328447554124717 0.01822396483674646 0.01822396483674646 0.018776206195437323 0.024298619782328612 0.028716550651841644
0.10106016864013662 0.10823930630309703 0.06074654945582153 0.025955343858397734 0.03092551608659816 0.028716550651841644 0.019328447554124717 0.013253792608542564 0.006626896304273017 0.006074654945582153 0.009388103097716927 0.019328447554124717 0.02374637842363775 0.020432930271502975 0.012149309891164306 0.0038656895108256373 0.004970172228203895 0.005522413586894759 0.0077313790216512746 0.011597068532473442 0.019328447554124717 0.024850861141019476 0.037552412390871176 0.0171194821193682 0.01822396483674646 0.021537412988881233 0.03092551608659816 0.0347912055974238 0.024850861141019476 0.03258224016266728 0.0298210333692199 0.02540310249970687 0.025955343858397734 0.02374637842363775 0.025955343858397734 0.0347912055974238 0.03810465374956204 0.0342389642387364 0.0342389642387364 0.043074825977762465 0.04362706733645333 0.058537584021065014 0.1159706853247483
0.03092551608659816 0.061298790814508924 0.07731379021649887 0.05246292907548286 0.061298790814508924 0.02816430929315425 0.028716550651841644 0.026507585217085128 0.016014999401989943 0.008835861739029532 0.011597068532473442 0.022089654347572096 0.02816430929315425 0.022089654347572096 0.011044827173786048 0.005522413586894759 0.0016567240760691215 0.0044179308695130315 0.004970172228203895 0.012149309891164306 0.024298619782328612 0.03147775744528902 0.03092551608659816 0.022089654347572096 0.027612067934463386 0.022089654347572096 0.013253792608542564 0.011597068532473442 0.01546275804329908 0.020432930271502975 0.021537412988881233 0.0298210333692199 0.0342389642387364 0.035895688314802054 0.053015170434170256 0.06461223896664717 0.04914948092334462 0.04141810190169681 0.04914948092334462 0.07234361798829497 0.09056758282504143 0.13695585695494214 0.1921799928238689
0.05467189451023938 0.04197034326038421 0.03368672288004554 0.051910687716792 0.05798534266237415 0.024850861141019476 0.02540310249970687 0.024298619782328612 0.018776206195437323 0.016014999401989943 0.022089654347572096 0.04141810190169681 0.03644792967349292 0.02705982657577599 0.016014999401989943 0.0044179308695130315 0.0016567240760691215 0.0044179308695130315 0.008283620380338669 0.00994034445640779 0.00994034445640779 0.008835861739029532 0.008283620380338669 0.007179137662960411 0.012149309891164306 0.013806033967233428 0.011044827173786048 0.008283620380338669 0.004970172228203895 0.009388103097716927 0.02264189570625949 0.04086586054300595 0.0469405154885881 0.035895688314802054 0.04197034326038421 0.033134481521358145 0.017671723478055595 0.011597068532473442 0.014910516684611685 0.022089654347572096 0.02264189570625949 0.08283620380339016 0.1402693051070769
0.04804499820596636 0.037552412390871176 0.027612067934463386 0.07786603157518973 0.11873189211819568 0.05080620499941374 0.03368672288004554 0.030373274727910765 0.02540310249970687 0.02264189570625949 0.02540310249970687 0.0347912055974238 0.05246292907548286 0.04804499820596636 0.03202999880397989 0.02264189570625949 0.007179137662960411 0.004970172228203895 0.006074654945582153 0.007179137662960411 0.005522413586894759 0.0027612067934473794 0.0044179308695130315 0.008835861739029532 0.00994034445640779 0.013253792608542564 0.014910516684611685 0.013253792608542564 0.01546275804329908 0.02540310249970687 0.0342389642387364 0.045836032771209845 0.05080620499941374 0.04970172228203548 0.03202999880397989 0.033134481521358145 0.024850861141019476 0.02264189570625949 0.023194137064950354 0.024850861141019476 0.030373274727910765 0.0938810309771762 0.14468723597658995
0.01546275804329908 0.012149309891164306 0.03092551608659816 0.08891085874897231 0.16512016624809292 0.1032691340748966 0.0690301698361602 0.04970172228203548 0.043074825977762465 0.04141810190169681 0.05356741179286112 0.08394068652077188 0.05356741179286112 0.04362706733645333 0.0298210333692199 0.01546275804329908 0.013253792608542564 0.008835861739029532 0.007179137662960411 0.004970172228203895 0.0033134481521347736 0.0044179308695130315 0.004970172228203895 0.007179137662960411 0.00994034445640779 0.02264189570625949 0.0469405154885881 0.05080620499941374 0.16843361440023116 0.016567240760677338 0.054119653151548514 0.07179137662960758 0.07068689391222932 0.07179137662960758 0.07455258342305149 0.07565706614042975 0.09995568592275836 0.08283620380339016 0.047492756847278966 0.04914948092334462 0.06682120440140368 0.10106016864013662 0.13198568472673824
0.009388103097716927 0.010492585815095185 0.03202999880397989 0.0911198241837323 0.16843361440023116 0.09940344456407096 0.08228396244470276 0.061298790814508924 0.054119653151548514 0.05908982537975241 0.0938810309771762 0.0811794797273245 0.05688085994499589 0.033134481521358145 0.017671723478055595 0.016014999401989943 0.012149309891164306 0.008835861739029532 0.011044827173786048 0.008283620380338669 0.007179137662960411 0.008835861739029532 0.008835861739029532 0.01270155124985517 0.01270155124985517 0.014910516684611685 0.033134481521358145 0.13971706374838605 0.2915834373879399 0.34128515966997186 0.03368672288004554 0.055776377227617635 0.05743310130368676 0.05522413586892677 0.06516448032533456 0.06516448032533456 0.08007499700994625 0.10492585815096225 0.08780637603159405 0.12646327113984349 0.11431396124867918 0.11376171988999179 0.09608999641193272
0.0038656895108256373 0.004970172228203895 0.016567240760677338 0.055776377227617635 0.10879154766178789 0.07786603157518973 0.0740003420643641 0.05080620499941374 0.03644792967349292 0.0469405154885881 0.07510482478174235 0.06240327353188718 0.030373274727910765 0.016014999401989943 0.01270155124985517 0.011044827173786048 0.0077313790216512746 0.006626896304273017 0.0077313790216512746 0.007179137662960411 0.0077313790216512746 0.00994034445640779 0.009388103097716927 0.012149309891164306 0.011044827173786048 0.013253792608542564 0.04197034326038421 0.06792568711878194 0.23580706016032224 0.3561956763545836 0.07786603157518973 0.03368672288004554 0.12480654706377783 0.04638827412990071 0.0469405154885881 0.04804499820596636 0.05908982537975241 0.09995568592275836 0.20101585456289844 0.20819499222585885 0.16567240760678378 0.12204534027033045 0.08449292787945928
0.0016567240760691215 0.0022089654347565157 0.00994034445640779 0.03092551608659816 0.0469405154885881 0.06240327353188718 0.06240327353188718 0.03202999880397989 0.01822396483674646 0.021537412988881233 0.035895688314802054 0.0347912055974238 0.012149309891164306 0.007179137662960411 0.009388103097716927 0.006626896304273017 0.0044179308695130315 0.0044179308695130315 0.0033134481521347736 0.0044179308695130315 0.0044179308695130315 0.004970172228203895 0.004970172228203895 0.006074654945582153 0.006626896304273017 0.012149309891164306 0.023194137064950354 0.014910516684611685 0.06461223896664717 0.07234361798829497 0.07068689391222932 0.054119653151548514 0.10989603037916615 0.045836032771209845 0.027612067934463386 0.05798534266237415 0.08559741059683754 0.09774672048800184 0.17064257983498768 0.16014999401988902 0.11983637483557394 0.058537584021065014 0.06185103217319979
0.0011044827173782579 0.0011044827173782579 0.0038656895108256373 0.017671723478055595 0.03368672288004554 0.03976137782562769 0.04417930869514072 0.01546275804329908 0.006626896304273017 0.009388103097716927 0.008283620380338669 0.004970172228203895 0.008283620380338669 0.008283620380338669 0.009388103097716927 0.004970172228203895 0.0027612067934473794 0.0022089654347565157 0.0016567240760691215 0.0016567240760691215 0.0005522413586908637 0.0011044827173782579 0.0038656895108256373 0.004970172228203895 0.006626896304273017 0.014358275325920822 0.014358275325920822 0.00994034445640779 0.00994034445640779 0.014358275325920822 0.01546275804329908 0.01270155124985517 0.00994034445640779 0.011044827173786048 0.01270155124985517 0.05080620499941374 0.06350775624926544 0.07565706614042975 0.0469405154885881 0.03810465374956204 0.011597068532473442 0.029268792010532507 0.035895688314802054
0.0011044827173782579 0.0011044827173782579 0.0022089654347565157 0.013253792608542564 0.023194137064950354 0.030373274727910765 0.02540310249970687 0.009388103097716927 0.004970172228203895 0.0033134481521347736 0.0022089654347565157 0.0033134481521347736 0.005522413586894759 0.008835861739029532 0.006626896304273017 0.0038656895108256373 0.0016567240760691215 0.0011044827173782579 0.0005522413586908637 0.0005522413586908637 0.0005522413586908637 0.0038656895108256373 0.008283620380338669 0.010492585815095185 0.01270155124985517 0.016014999401989943 0.01546275804329908 0.011044827173786048 0.016014999401989943 0.02098517163019384 0.02374637842363775 0.018776206195437323 0.0077313790216512746 0.0077313790216512746 0.004970172228203895 0.0027612067934473794 0.005522413586894759 0.008835861739029532 0.0011044827173782579 0.008835861739029532 0.0022089654347565157 0.03976137782562769 0.051358446358104604
0.0011044827173782579 0.0016567240760691215 0.0016567240760691215 0.008835861739029532 0.013806033967233428 0.013253792608542564 0.012149309891164306 0.007179137662960411 0.0038656895108256373 0.0016567240760691215 0.0022089654347565157 0.0038656895108256373 0.0044179308695130315 0.0077313790216512746 0.013253792608542564 0.010492585815095185 0.006626896304273017 0.0044179308695130315 0.0033134481521347736 0.0022089654347565157 0.0027612067934473794 0.006074654945582153 0.008835861739029532 0.011597068532473442 0.012149309891164306 0.01546275804329908 0.019328447554124717 0.020432930271502975 0.021537412988881233 0.02098517163019384 0.024850861141019476 0.026507585217085128 0.0044179308695130315 0.0016567240760691215 0.0016567240760691215 0.0005522413586908637 0.0016567240760691215 0.0033134481521347736 0.0016567240760691215 0.03258224016266728 0.0044179308695130315 0.0016567240760691215 0.0016567240760691215
0.0011044827173782579 0.0 0.0016567240760691215 0.00994034445640779 0.01270155124985517 0.008835861739029532 0.008283620380338669 0.0027612067934473794 0.0016567240760691215 0.0016567240760691215 0.0044179308695130315 0.006074654945582153 0.006074654945582153 0.0077313790216512746 0.00994034445640779 0.012149309891164306 0.00994034445640779 0.008283620380338669 0.008835861739029532 0.011044827173786048 0.004970172228203895 0.006074654945582153 0.013253792608542564 0.0171194821193682 0.01546275804329908 0.012149309891164306 0.013253792608542564 0.00994034445640779 0.011044827173786048 0.009388103097716927 0.006074654945582153 0.0033134481521347736 0.0011044827173782579 0.0011044827173782579 0.0011044827173782579 0.0016567240760691215 0.0033134481521347736 0.004970172228203895 0.006074654945582153 0.0027612067934473794 0.0027612067934473794 0.0022089654347565157 0.0022089654347565157
0.0 0.0011044827173782579 0.0022089654347565157 0.004970172228203895 0.006626896304273017 0.007179137662960411 0.0038656895108256373 0.0016567240760691215 0.0005522413586908637 0.0038656895108256373 0.006626896304273017 0.011597068532473442 0.019328447554124717 0.033134481521358145 0.0298210333692199 0.033134481521358145 0.03258224016266728 0.02264189570625949 0.005522413586894759 0.0022089654347565157 0.0016567240760691215 0.0038656895108256373 0.004970172228203895 0.0044179308695130315 0.004970172228203895 0.008283620380338669 0.008835861739029532 0.008283620380338669 0.008835861739029532 0.008835861739029532 0.006074654945582153 0.0033134481521347736 0.0011044827173782579 0.0 0.0 0.0005522413586908637 0.0016567240760691215 0.0016567240760691215 0.0011044827173782579 0.0011044827173782579 0.0033134481521347736 0.0022089654347565157 0.0011044827173782579
