static/data/precipitation/2023/7/28/18.asc
ncols 137
nrows 93
xllcorner 108.0
yllcorner 17.0
cellsize 0.25
NODATA_value -32767
[rows 38 to 56 of 93, columns 0 to 43 of 137]
1.3010806410719347 1.933396996771159 0.38380774428904696 0.2888222305944925 0.3247179189092946 0.2573444731492035 0.10106016864013662 0.018776206195437323 0.005522413586894759 0.0 0.0 0.0 0.0022089654347565157 0.0342389642387364 0.10106016864013662 0.13916482238969866 0.033134481521358145 0.08338844516208102 0.04528379141252245 0.0005522413586908637 0.0016567240760691215 0.006074654945582153 0.035895688314802054 0.08946310010766317 0.13474689152018215 0.13419465016149476 0.10547809950965312 0.06792568711878194 0.040313619184318555 0.029268792010532507 0.02374637842363775 0.019328447554124717 0.029268792010532507 0.06847792847746934 0.15849326994382337 0.3672405035283696 0.3136730917355085 0.23249361200818747 0.2021203372802767 0.27501619662725907 0.35453895227851445 0.4417930869514211 0.48376343021180535 0.4594648104294802
4.130765362995791 3.548150729578604 0.4887336024400092 0.21150844037799363 0.15904551130251077 0.11155275445523527 0.03644792967349292 0.0938810309771762 0.471614120320641 0.05356741179286112 0.0 0.0 0.0016567240760691215 0.010492585815095185 0.03147775744528902 0.05522413586892677 0.10823930630309703 0.19825464776945106 0.06737344576009108 0.011597068532473442 0.0347912055974238 0.06019430809713067 0.10768706494440963 0.30041929912696597 0.2650758521708547 0.162358959454649 0.07841827293387713 0.04141810190169681 0.025955343858397734 0.02264189570625949 0.019328447554124717 0.016567240760677338 0.05080620499941374 0.2882699892358016 0.19825464776945106 0.2126129230953719 0.1778217174979481 0.1408215464657643 0.1579410285851325 0.7383466965675649 0.9288699653153647 0.8189739349361985 0.5069575672767557 0.5527936000479655
0.6019430809713135 0.29986705776827854 0.32029998803978155 0.419703432603849 0.25292654227969047 0.08228396244470276 0.016014999401989943 0.0 0.13695585695494214 0.0 0.0 0.0 0.0 0.0016567240760691215 0.05522413586892677 0.04141810190169681 0.09940344456407096 0.2220010261930888 0.37938981341953393 0.3804942961369122 0.38380774428904696 0.41086757086482295 0.4031361918431717 0.34128515966997186 0.4070018813539973 0.23580706016032224 0.12701551249853435 0.10271689271620574 0.02705982657577599 0.02816430929315425 0.024850861141019476 0.02705982657577599 0.2319413706494966 0.8189739349361985 0.42798705298419115 0.13198568472673824 0.10658258222703137 0.2855087824423577 0.47050963760326275 0.9211385862937134 1.3297971917237799 1.3540958115061084 1.419260291831443 0.9272132412392955
0.17837395885663548 0.2838520583662886 0.35453895227851445 0.7924663497191133 0.4522856727665163 0.24850861141017394 0.06626896304271282 0.026507585217085128 0.0 0.0 0.0 0.0 0.0 0.0 0.02264189570625949 0.0298210333692199 0.08449292787945928 0.21150844037799363 0.5831668747758763 0.508062049994134 0.5047486018419991 0.49259929195083485 0.46995739624457533 0.8957354837940066 0.9443327233586638 0.9653178949888576 0.7201227317308184 0.43516619064715156 0.3087029195073046 0.17395602798712245 0.11652292668343917 0.09277654825979795 0.33134481521356757 0.44289756966879934 0.4887336024400092 0.2440906805406609 0.2220010261930888 0.35730015907196183 1.1127663377588914 2.036666130846052 2.165338367420656 2.0637259574218283 2.1200545760081333 2.0112630283463453
0.061298790814508924 0.16732913168284944 0.7035554909701376 1.5490370111234213 0.8592875541205136 0.36834498624574785 0.18665757923697415 0.021537412988881233 0.0 0.0 0.0 0.0 0.0022089654347565157 0.006626896304273017 0.01270155124985517 0.1905232687477998 0.24519516325803917 0.18941878603042153 0.43019601841894767 0.3125686090181302 0.2739117139098808 0.26176240401871653 0.3650315380936131 0.7825260052627057 0.9261087585219173 0.726749628035088 0.48044998205967054 0.3871211924411817 0.3534344695611362 0.3622703313001657 0.1452394773352808 0.12149309891163959 0.16732913168284944 0.1579410285851325 0.35122550412637965 0.5091665327115122 0.4865246370052527 1.2022294378665546 2.290697155843121 3.3178660830051747 2.9268792010531675 2.824714549695651 3.150536951322324 3.6215988302842774
0.012149309891164306 0.4881813610813218 1.0575422018899647 1.5556639074276943 0.690301698361595 0.20322481999765496 0.1728515452697442 0.0022089654347565157 0.0 0.0 0.0 0.0 0.0022089654347565157 0.01822396483674646 0.014358275325920822 0.2098517163019245 0.3042849886377916 0.23580706016032224 0.1855530965195959 0.11762740940081742 0.08007499700994625 0.2092994749432371 0.32637464298536367 0.6146446322211653 0.5958684260257314 0.32692688434405104 0.1551798217916886 0.13088120200936 0.19825464776945106 0.43350946657108247 0.21923981939964143 0.14689620141134646 0.16677689032416204 0.4340617079297733 0.40368843320186254 0.5809579093411198 0.9261087585219173 1.6915152816652548 2.4425635294826713 3.0610738512146605 2.653519728501976 3.6232555543603446 3.9766900239214826 4.93979895347558
0.02098517163019384 0.4981217055377296 0.8427203133598362 0.582062392058498 0.05356741179286112 0.030373274727910765 0.0005522413586908637 0.0 0.0 0.0 0.0 0.0 0.009388103097716927 0.027612067934463386 0.027612067934463386 0.19107551010649065 0.28606102380104514 0.4003749850497243 0.37110619303919523 0.3528822282024488 0.048597239564657224 0.17837395885663548 0.3230611948332289 0.63397307977529 0.36834498624574785 0.39595705418021127 0.22365775026915793 0.16512016624809292 0.21150844037799363 0.3506732627676923 0.4594648104294802 0.3860167097238035 0.18279188972615198 0.5953161846670406 0.3981660196149678 0.6290029075470861 0.9752582394452619 1.3441554670497007 1.5015442542761424 1.8875609639999493 3.041745403660536 4.014242436312354 4.75700706374943 5.598070653033199
0.04362706733645333 0.02705982657577599 0.026507585217085128 0.004970172228203895 0.0016567240760691215 0.0005522413586908637 0.0 0.0 0.0 0.0 0.0 0.009388103097716927 0.026507585217085128 0.03644792967349292 0.10161240999882748 0.31035964358337376 0.35453895227851445 0.4141810190169577 0.8051679009689651 0.7284063521111571 0.21813533668226318 0.04197034326038421 0.12425430570508697 0.02098517163019384 0.04970172228203548 0.3053894713551698 0.5649429099391299 0.4522856727665163 0.3860167097238035 0.0911198241837323 0.02374637842363775 0.0469405154885881 0.10216465135751487 0.13253792608542564 0.2297324052147401 0.5483756691784525 0.8405113479250798 1.1646770254756835 1.2441997811269423 2.1885325044856025 4.312452770004564 5.265621355102255 5.0684711900501815 5.26893480325439
0.061298790814508924 0.02816430929315425 0.004970172228203895 0.0005522413586908637 0.0005522413586908637 0.004970172228203895 0.004970172228203895 0.0 0.0 0.0 0.0 0.0077313790216512746 0.021537412988881233 0.047492756847278966 0.16843361440023116 0.14468723597658995 0.15186637363955036 0.1949411996173163 0.1330901674441165 0.24574740461673003 0.11376171988999179 0.0011044827173782579 0.0016567240760691215 0.0027612067934473794 0.043074825977762465 0.6864360088507728 1.1447963365628713 1.023855479009919 0.28661326515973595 0.07179137662960758 0.07510482478174235 0.0817317210860119 0.0347912055974238 0.06461223896664717 0.1629112008133364 0.37662860662608655 0.557211530917482 0.6969285946658681 0.857078588685757 1.8494563102503871 3.9236748534873125 4.822723785433453 3.968958644899833 2.586146282741883
0.06737344576009108 0.0342389642387364 0.014910516684611685 0.0038656895108256373 0.04417930869514072 0.053015170434170256 0.03202999880397989 0.0 0.0 0.0 0.0 0.0005522413586908637 0.0005522413586908637 0.0016567240760691215 0.018776206195437323 0.03534344695611466 0.11652292668343917 0.18941878603042153 0.024298619782328612 0.017671723478055595 0.00994034445640779 0.0 0.0 0.0011044827173782579 0.1855530965195959 0.3832555029303596 0.6494358378185892 0.7803170398279491 0.3733151584739518 0.1032691340748966 0.4616737758642367 0.4616737758642367 0.045836032771209845 0.08725413467290666 0.4981217055377296 0.498673946896417 0.733376524339361 1.1668859909104434 1.0636168568355469 1.4407977048203242 1.8770683781848505 2.6209374883393086 3.203552121756494 2.4889518036125704
0.15849326994382337 0.11265723717261353 0.17616499342187897 0.19825464776945106 0.05080620499941374 0.026507585217085128 0.009388103097716927 0.0 0.0 0.0 0.0 0.0 0.0 0.0 0.0016567240760691215 0.00994034445640779 0.014358275325920822 0.013253792608542564 0.011597068532473442 0.0033134481521347736 0.0 0.004970172228203895 0.01546275804329908 0.07068689391222932 0.10106016864013662 0.1971501650520728 0.6704210094487829 1.106139441454622 0.22807568113867097 0.8156604867840638 0.9305266893914304 1.117184268628408 1.1933935761275285 0.7339287656980484 0.582062392058498 0.5715698062434028 0.42688257026681287 0.4031361918431717 0.6118834254277179 1.0326913407489486 2.144353195790462 3.0781933333340286 3.2852838428425075 3.3399557373527453
0.2987625750509003 0.11928413347688308 0.30207602320303506 0.21703085396488492 0.02098517163019384 0.0027612067934473794 0.0011044827173782579 0.0 0.0 0.0 0.0 0.0 0.0 0.0 0.0005522413586908637 0.0044179308695130315 0.008283620380338669 0.007179137662960411 0.14192602918314604 0.0022089654347565157 0.0 0.0022089654347565157 0.005522413586894759 0.021537412988881233 0.0342389642387364 0.3943003301041456 0.50530084320069 0.6753911816769869 0.3506732627676923 0.6472268723838326 0.9636611709127885 0.6925106637963551 0.6433611828730069 1.1967070242796634 1.5965297679707002 0.742212386078387 0.6753911816769869 2.0819499222585747 1.6859928680783633 1.777664933620783 3.027387128334615 4.712827755054287 3.8866746824551304 2.445876977634806
0.20046361320420758 0.08891085874897231 0.14910516684610645 0.2026725786389641 0.07510482478174235 0.016567240760677338 0.0 0.0 0.0 0.0 0.0 0.0 0.0 0.0 0.0 0.0011044827173782579 0.0033134481521347736 0.005522413586894759 0.07179137662960758 0.0022089654347565157 0.0005522413586908637 0.0016567240760691215 0.0016567240760691215 0.0016567240760691215 0.14137378782445517 0.33686722880045883 0.471614120320641 0.5130322222223378 0.47437532711408836 0.970288067217058 0.8626010022726518 0.6549582514054839 0.2821953342902195 0.9178251381415786 1.0846020284657407 0.6251372180362604 0.7670632472194066 1.425334946777025 1.3038418478653822 1.1017215105851088 2.2404431922023944 3.0538947135517 2.911968684368556 1.5556639074276943
0.06185103217319979 0.037552412390871176 0.0038656895108256373 0.05688085994499589 0.07234361798829497 0.00994034445640779 0.0 0.0 0.0 0.0 0.0 0.0 0.0 0.0 0.0 0.0011044827173782579 0.0011044827173782579 0.0027612067934473794 0.004970172228203895 0.0016567240760691215 0.0 0.0 0.0 0.054119653151548514 0.27280723119250255 0.39650929553890213 0.6582716995576187 0.6941673878724207 1.0658258222703034 1.6396045939484627 0.9890642734124954 0.965870136347545 0.47768877526622316 0.3407329183112845 0.5180023944505417 0.5218680839613674 0.6234804939601948 0.8537651405336223 0.9233475517284699 0.7306153175459136 0.7068689391222759 1.2751252972135405 1.335871846669362 1.0890199593352536
0.006074654945582153 0.035895688314802054 0.0 0.006626896304273017 0.02264189570625949 0.0 0.0 0.0005522413586908637 0.0077313790216512746 0.0077313790216512746 0.0 0.0 0.0011044827173782579 0.0 0.0 0.0 0.0 0.0 0.0005522413586908637 0.0 0.0 0.0 0.0 0.054119653151548514 0.18665757923697415 0.2418817151059044 0.525733773472193 0.8079291077624124 1.179587542160295 1.667768903241617 1.4258871881357125 1.1563934050953448 0.902914621456967 0.7654065231433373 0.5168979117331635 0.5041963604833083 0.8813772084680858 0.6930629051550424 0.7758991089584326 0.66379411314451 0.6400477347208722 0.5489279105371399 0.39153912331069823 0.6505403205359673
0.0005522413586908637 0.0027612067934473794 0.0005522413586908637 0.0005522413586908637 0.0 0.0 0.0 0.0005522413586908637 0.012149309891164306 0.008835861739029532 0.0 0.0005522413586908637 0.0016567240760691215 0.0 0.0 0.0 0.0 0.0005522413586908637 0.0 0.0 0.0 0.0011044827173782579 0.0011044827173782579 0.0005522413586908637 0.0022089654347565157 0.0077313790216512746 0.1032691340748966 0.4379273974405955 0.7908096256430442 0.9962434110754558 1.7820828644902962 1.132094785313016 1.2453042638443206 0.814556004066682 0.47327084439671013 0.6002863568952445 1.245856505203008 0.8543173818923098 0.7350332484154266 0.6124356667864088 0.4616737758642367 0.3434941251047319 0.1855530965195959 0.5610772204283042
0.02816430929315425 0.01270155124985517 0.0038656895108256373 0.0005522413586908637 0.0 0.0 0.0 0.0 0.0005522413586908637 0.0005522413586908637 0.0 0.0 0.0033134481521347736 0.0027612067934473794 0.0027612067934473794 0.0 0.0 0.0 0.0 0.0 0.0 0.0016567240760691215 0.0016567240760691215 0.0011044827173782579 0.008835861739029532 0.0011044827173782579 0.17174706255236594 0.37552412390870826 0.7190182490134401 0.8951832424353191 1.4938128752544946 1.3590659837343089 2.04660647530246 1.449081325200663 0.7350332484154266 0.8360934170555667 0.8609442781965827 0.7400034206436306 0.5732265303194685 0.4213601566799181 0.2634191280947856 0.17229930391105333 0.055776377227617635 0.18168740700877373
0.12480654706377783 0.014358275325920822 0.0016567240760691215 0.0 0.0 0.0 0.0 0.0 0.0 0.0 0.0 0.0011044827173782579 0.014910516684611685 0.012149309891164306 0.0044179308695130315 0.0 0.0 0.0 0.0 0.0 0.0 0.03644792967349292 0.04914948092334462 0.007179137662960411 0.03092551608659816 0.004970172228203895 0.0005522413586908637 0.005522413586894759 0.06074654945582153 0.24850861141017394 0.5091665327115122 0.8813772084680858 1.703112350197728 1.538544425308326 0.9990046178689032 1.022750996292541 0.733376524339361 0.4567036036360328 0.25071757684493046 0.14965740820479384 0.09664223777062358 0.018776206195437323 0.006074654945582153 0.11486620260737004
0.008283620380338669 0.006074654945582153 0.0016567240760691215 0.0 0.0 0.0 0.0 0.0 0.0 0.0 0.0 0.0 0.0005522413586908637 0.0 0.0 0.013253792608542564 0.01822396483674646 0.0011044827173782579 0.0 0.0 0.06461223896664717 0.0982989618466927 0.08062723836863364 0.040313619184318555 0.0298210333692199 0.004970172228203895 0.0 0.0 0.012149309891164306 0.06516448032533456 0.18334413108483938 0.3015237818443442 0.37883757206084306 0.5384353247220447 0.8267053139578463 1.0834975457483624 0.6290029075470861 0.17947844157401374 0.06295551489057805 0.0298210333692199 0.008835861739029532 0.0022089654347565157 0.013806033967233428 0.13088120200936
