static/data/precipitation/2023/7/28/6.asc
ncols 137
nrows 93
xllcorner 108.0
yllcorner 17.0
cellsize 0.25
NODATA_value -32767
[rows 38 to 56 of 93, columns 84 to 125 of 137]
0.0 0.0 0.0 0.0 0.0 0.0 0.0 0.0 0.0 0.0 0.0 0.0005522413586908637 0.0 0.0 0.0 0.0 0.0 0.0 0.0 0.0 0.014358275325920822 0.06626896304271282 0.08725413467290666 0.03700017103218031 0.026507585217085128 0.008835861739029532 0.0011044827173782579 0.0 0.0 0.0005522413586908637 0.009388103097716927 0.02264189570625949 0.0347912055974238 0.04197034326038421 0.02816430929315425 0.014358275325920822 0.0044179308695130315 0.0 0.0 0.0 0.0 0.0
0.0005522413586908637 0.0 0.0 0.0 0.0 0.0 0.0 0.0 0.0 0.0 0.0 0.0 0.0 0.0 0.0 0.0 0.0 0.0 0.0 0.0 0.0 0.011044827173786048 0.025955343858397734 0.01270155124985517 0.005522413586894759 0.0033134481521347736 0.0 0.0 0.0016567240760691215 0.006626896304273017 0.01822396483674646 0.02705982657577599 0.0342389642387364 0.03258224016266728 0.0077313790216512746 0.006074654945582153 0.0022089654347565157 0.0011044827173782579 0.0 0.0 0.0 0.0005522413586908637
0.0033134481521347736 0.0005522413586908637 0.0 0.0 0.0 0.0 0.0 0.0 0.0 0.0 0.0 0.0 0.0 0.0 0.0 0.0016567240760691215 0.0005522413586908637 0.0 0.0 0.0 0.0 0.0 0.0033134481521347736 0.0044179308695130315 0.0011044827173782579 0.0 0.0 0.0 0.0033134481521347736 0.013806033967233428 0.02264189570625949 0.019328447554124717 0.020432930271502975 0.01546275804329908 0.0022089654347565157 0.0033134481521347736 0.0033134481521347736 0.0022089654347565157 0.0016567240760691215 0.0 0.0 0.008283620380338669
0.0027612067934473794 0.0016567240760691215 0.0011044827173782579 0.0 0.0 0.0 0.0 0.0 0.0 0.0 0.0 0.0 0.0 0.0 0.0 0.0005522413586908637 0.0 0.0 0.0005522413586908637 0.0 0.0 0.0 0.0 0.0005522413586908637 0.0 0.0 0.0 0.005522413586894759 0.012149309891164306 0.011044827173786048 0.013253792608542564 0.011044827173786048 0.006626896304273017 0.0016567240760691215 0.0027612067934473794 0.004970172228203895 0.0038656895108256373 0.0016567240760691215 0.0011044827173782579 0.0005522413586908637 0.0011044827173782579 0.008283620380338669
0.0022089654347565157 0.0033134481521347736 0.0022089654347565157 0.0033134481521347736 0.0 0.0 0.0 0.0 0.0 0.0 0.0 0.0 0.0 0.0 0.0 0.0 0.0 0.0 0.0 0.0 0.0 0.0 0.0 0.0 0.0 0.0011044827173782579 0.0005522413586908637 0.005522413586894759 0.007179137662960411 0.0038656895108256373 0.004970172228203895 0.0044179308695130315 0.0005522413586908637 0.0005522413586908637 0.0022089654347565157 0.0044179308695130315 0.0033134481521347736 0.0016567240760691215 0.0033134481521347736 0.005522413586894759 0.007179137662960411 0.006626896304273017
0.0022089654347565157 0.0033134481521347736 0.010492585815095185 0.012149309891164306 0.0022089654347565157 0.0 0.0 0.0 0.0 0.0 0.0 0.0 0.0 0.0 0.0 0.0005522413586908637 0.0005522413586908637 0.0 0.0 0.0 0.0 0.0 0.0 0.0005522413586908637 0.0 0.0016567240760691215 0.0011044827173782579 0.0033134481521347736 0.0038656895108256373 0.0011044827173782579 0.0016567240760691215 0.0011044827173782579 0.0 0.0005522413586908637 0.0016567240760691215 0.0033134481521347736 0.0027612067934473794 0.0027612067934473794 0.0044179308695130315 0.011044827173786048 0.014910516684611685 0.013806033967233428
0.0016567240760691215 0.0033134481521347736 0.010492585815095185 0.01988068891281558 0.011044827173786048 0.004970172228203895 0.0 0.0 0.0 0.0 0.0 0.0 0.0 0.0 0.0 0.0005522413586908637 0.0005522413586908637 0.0 0.0005522413586908637 0.0 0.0011044827173782579 0.007179137662960411 0.007179137662960411 0.0011044827173782579 0.0011044827173782579 0.0016567240760691215 0.0027612067934473794 0.004970172228203895 0.004970172228203895 0.0016567240760691215 0.0016567240760691215 0.0011044827173782579 0.0 0.0011044827173782579 0.0016567240760691215 0.0033134481521347736 0.0044179308695130315 0.0044179308695130315 0.006074654945582153 0.010492585815095185 0.01546275804329908 0.01546275804329908
0.0005522413586908637 0.0016567240760691215 0.005522413586894759 0.014358275325920822 0.01988068891281558 0.006074654945582153 0.0016567240760691215 0.0 0.0 0.0 0.0 0.0 0.0 0.0 0.0 0.0 0.0005522413586908637 0.0016567240760691215 0.0022089654347565157 0.0016567240760691215 0.008835861739029532 0.019328447554124717 0.016014999401989943 0.0038656895108256373 0.0033134481521347736 0.0027612067934473794 0.0016567240760691215 0.0 0.0 0.0 0.0 0.0 0.0011044827173782579 0.0016567240760691215 0.0016567240760691215 0.0027612067934473794 0.0044179308695130315 0.008283620380338669 0.013806033967233428 0.007179137662960411 0.010492585815095185 0.008283620380338669
0.0 0.005522413586894759 0.008835861739029532 0.007179137662960411 0.006074654945582153 0.006074654945582153 0.0022089654347565157 0.0 0.0 0.0 0.0 0.0 0.0 0.0 0.0 0.0 0.0016567240760691215 0.0038656895108256373 0.007179137662960411 0.009388103097716927 0.01822396483674646 0.04362706733645333 0.04086586054300595 0.014910516684611685 0.009388103097716927 0.011044827173786048 0.0038656895108256373 0.0011044827173782579 0.0011044827173782579 0.0 0.0 0.0005522413586908637 0.0016567240760691215 0.0027612067934473794 0.0016567240760691215 0.0033134481521347736 0.018776206195437323 0.020432930271502975 0.0077313790216512746 0.0022089654347565157 0.004970172228203895 0.016567240760677338
0.0016567240760691215 0.030373274727910765 0.03810465374956204 0.017671723478055595 0.006626896304273017 0.006074654945582153 0.0022089654347565157 0.0 0.0 0.0 0.0 0.0 0.0 0.0 0.0 0.0 0.0016567240760691215 0.0044179308695130315 0.00994034445640779 0.021537412988881233 0.024298619782328612 0.024850861141019476 0.02264189570625949 0.024298619782328612 0.0392091364669403 0.021537412988881233 0.0077313790216512746 0.0016567240760691215 0.0016567240760691215 0.0 0.0005522413586908637 0.0011044827173782579 0.0011044827173782579 0.0022089654347565157 0.006074654945582153 0.012149309891164306 0.014910516684611685 0.013806033967233428 0.010492585815095185 0.0077313790216512746 0.007179137662960411 0.016567240760677338
0.0016567240760691215 0.013253792608542564 0.017671723478055595 0.011597068532473442 0.006074654945582153 0.0027612067934473794 0.0011044827173782579 0.0 0.0 0.0 0.0 0.0 0.0 0.0 0.0005522413586908637 0.0005522413586908637 0.0011044827173782579 0.0011044827173782579 0.0038656895108256373 0.0044179308695130315 0.004970172228203895 0.004970172228203895 0.007179137662960411 0.013806033967233428 0.03810465374956204 0.025955343858397734 0.00994034445640779 0.0011044827173782579 0.0005522413586908637 0.0011044827173782579 0.0005522413586908637 0.0016567240760691215 0.0022089654347565157 0.004970172228203895 0.011597068532473442 0.019328447554124717 0.018776206195437323 0.011597068532473442 0.004970172228203895 0.013253792608542564 0.025955343858397734 0.0347912055974238
0.0027612067934473794 0.006626896304273017 0.011044827173786048 0.014358275325920822 0.013806033967233428 0.009388103097716927 0.0016567240760691215 0.0005522413586908637 0.0 0.0 0.0 0.0 0.0 0.0005522413586908637 0.0011044827173782579 0.0016567240760691215 0.0027612067934473794 0.007179137662960411 0.0016567240760691215 0.0016567240760691215 0.0016567240760691215 0.0027612067934473794 0.006626896304273017 0.01546275804329908 0.058537584021065014 0.02540310249970687 0.009388103097716927 0.0016567240760691215 0.0005522413586908637 0.0 0.0 0.0022089654347565157 0.005522413586894759 0.007179137662960411 0.01270155124985517 0.022089654347572096 0.022089654347572096 0.01546275804329908 0.013253792608542564 0.03700017103218031 0.07123913527091671 0.0988512032053801
0.0077313790216512746 0.007179137662960411 0.008835861739029532 0.010492585815095185 0.012149309891164306 0.014358275325920822 0.008283620380338669 0.0033134481521347736 0.0011044827173782579 0.0011044827173782579 0.0016567240760691215 0.0016567240760691215 0.0011044827173782579 0.0011044827173782579 0.0022089654347565157 0.008835861739029532 0.013253792608542564 0.01546275804329908 0.01546275804329908 0.014358275325920822 0.01546275804329908 0.01546275804329908 0.008283620380338669 0.01822396483674646 0.03202999880397989 0.0171194821193682 0.0022089654347565157 0.0016567240760691215 0.0005522413586908637 0.0005522413586908637 0.0005522413586908637 0.0022089654347565157 0.0044179308695130315 0.008283620380338669 0.017671723478055595 0.025955343858397734 0.025955343858397734 0.02264189570625949 0.03368672288004554 0.07510482478174235 0.11873189211819568 0.1402693051070769
0.012149309891164306 0.008283620380338669 0.0077313790216512746 0.009388103097716927 0.014358275325920822 0.0171194821193682 0.0171194821193682 0.00994034445640779 0.006074654945582153 0.0022089654347565157 0.0027612067934473794 0.0038656895108256373 0.0027612067934473794 0.0022089654347565157 0.0038656895108256373 0.010492585815095185 0.024850861141019476 0.0342389642387364 0.06737344576009108 0.06185103217319979 0.07013465255353846 0.04473155005383159 0.035895688314802054 0.013806033967233428 0.010492585815095185 0.004970172228203895 0.0016567240760691215 0.0011044827173782579 0.0011044827173782579 0.0005522413586908637 0.0011044827173782579 0.0044179308695130315 0.005522413586894759 0.008835861739029532 0.01822396483674646 0.027612067934463386 0.037552412390871176 0.06847792847746934 0.14744844277003732 0.1800306829327046 0.2844042997249795 0.41804670852778336
0.01546275804329908 0.010492585815095185 0.009388103097716927 0.012149309891164306 0.016567240760677338 0.017671723478055595 0.019328447554124717 0.0171194821193682 0.008835861739029532 0.004970172228203895 0.004970172228203895 0.005522413586894759 0.0044179308695130315 0.0027612067934473794 0.004970172228203895 0.007179137662960411 0.022089654347572096 0.035895688314802054 0.07068689391222932 0.06516448032533456 0.07952275565125538 0.054119653151548514 0.04141810190169681 0.017671723478055595 0.006626896304273017 0.005522413586894759 0.0022089654347565157 0.0016567240760691215 0.0016567240760691215 0.0033134481521347736 0.004970172228203895 0.0077313790216512746 0.008835861739029532 0.012149309891164306 0.024298619782328612 0.0347912055974238 0.050253963640722876 0.11210499581392266 0.18776206195435588 0.28495654108366686 0.3893301578759417 0.66379411314451
0.02264189570625949 0.019328447554124717 0.014910516684611685 0.0171194821193682 0.01546275804329908 0.014910516684611685 0.016014999401989943 0.01988068891281558 0.00994034445640779 0.006626896304273017 0.006074654945582153 0.004970172228203895 0.0044179308695130315 0.0027612067934473794 0.004970172228203895 0.007179137662960411 0.009388103097716927 0.0171194821193682 0.019328447554124717 0.019328447554124717 0.026507585217085128 0.02374637842363775 0.01546275804329908 0.013806033967233428 0.004970172228203895 0.005522413586894759 0.005522413586894759 0.0044179308695130315 0.0016567240760691215 0.005522413586894759 0.007179137662960411 0.007179137662960411 0.010492585815095185 0.01546275804329908 0.027612067934463386 0.043074825977762465 0.05743310130368676 0.10492585815096225 0.09277654825979795 0.2247622329865362 0.4484199832556941 0.5936594605909715
0.038656895108249434 0.03810465374956204 0.028716550651841644 0.02098517163019384 0.0171194821193682 0.01546275804329908 0.0171194821193682 0.01546275804329908 0.007179137662960411 0.0027612067934473794 0.0033134481521347736 0.0044179308695130315 0.004970172228203895 0.0038656895108256373 0.0038656895108256373 0.004970172228203895 0.0077313790216512746 0.01270155124985517 0.013253792608542564 0.012149309891164306 0.007179137662960411 0.005522413586894759 0.006626896304273017 0.009388103097716927 0.008835861739029532 0.012149309891164306 0.013253792608542564 0.00994034445640779 0.007179137662960411 0.004970172228203895 0.0044179308695130315 0.006626896304273017 0.012149309891164306 0.014358275325920822 0.01546275804329908 0.020432930271502975 0.06516448032533456 0.0982989618466927 0.0861496519555284 0.12535878842246523 0.3258224016266728 0.5102710154288904
0.05467189451023938 0.04473155005383159 0.03810465374956204 0.0298210333692199 0.019328447554124717 0.017671723478055595 0.02264189570625949 0.011597068532473442 0.004970172228203895 0.0044179308695130315 0.005522413586894759 0.0077313790216512746 0.0077313790216512746 0.007179137662960411 0.004970172228203895 0.008283620380338669 0.013806033967233428 0.019328447554124717 0.026507585217085128 0.025955343858397734 0.01546275804329908 0.008835861739029532 0.008835861739029532 0.010492585815095185 0.022089654347572096 0.024850861141019476 0.017671723478055595 0.01270155124985517 0.012149309891164306 0.01270155124985517 0.013253792608542564 0.008835861739029532 0.0044179308695130315 0.0033134481521347736 0.008835861739029532 0.027612067934463386 0.08394068652077188 0.12425430570508697 0.2545832663557561 0.2490608527688648 0.23304585336687486 0.28992671331187075
0.043074825977762465 0.07841827293387713 0.08062723836863364 0.061298790814508924 0.03368672288004554 0.01546275804329908 0.01546275804329908 0.0077313790216512746 0.007179137662960411 0.005522413586894759 0.006626896304273017 0.010492585815095185 0.004970172228203895 0.006626896304273017 0.004970172228203895 0.006626896304273017 0.011597068532473442 0.02098517163019384 0.04197034326038421 0.0298210333692199 0.02540310249970687 0.01822396483674646 0.012149309891164306 0.013806033967233428 0.014358275325920822 0.008835861739029532 0.010492585815095185 0.011044827173786048 0.009388103097716927 0.008835861739029532 0.0077313790216512746 0.006074654945582153 0.0022089654347565157 0.0016567240760691215 0.013806033967233428 0.04197034326038421 0.06074654945582153 0.4760320511901575 0.4798977407009831 0.4555991209186545 0.4451065351035559 0.4296437770602568
