static/data/seaWater_vo/2023/7/1/0.asc
ncols 137
nrows 93
xllcorner 108.0
yllcorner 17.0
cellsize 0.25
NODATA_value -32767
[rows 0 to 25 of 93, columns 58 to 115 of 137]
-32767.0 -32767.0 -32767.0 -32767.0 -32767.0 -32767.0 -32767.0 -32767.0 -32767.0 -32767.0 -32767.0 -32767.0 -32767.0 -32767.0 -32767.0 -32767.0 -32767.0 -32767.0 -32767.0 -32767.0 -32767.0 -32767.0 0.019507676 0.19863051 0.08219009 0.02495943 0.15335664 0.20559773 0.20316744 0.120124154 0.13682823 0.05139745 -0.0213273 -0.07863476 -0.179147 -0.15552211 0.21595716 0.18443306 0.11541052 0.0909842 0.09330437 0.11913673 0.24295296 0.19692531 -0.06926016 -0.20298398 -0.2048738 -0.27680996 -0.26580745 -0.13530564 -0.116637364 -0.24603646 -0.28760552 -0.30512935 -0.21811059 0.036269285 0.14101964 0.19375944
-32767.0 -32767.0 -32767.0 0.010231587 0.012529736 -0.0063619106 -0.0093904305 -0.00032869415 0.011151092 -0.0015296924 -32767.0 -32767.0 -32767.0 -32767.0 -32767.0 -32767.0 -32767.0 -32767.0 -32767.0 -32767.0 -32767.0 0.034383684 0.124863535 0.07313999 0.2564794 0.22313961 0.2907225 0.15562557 0.008121878 -0.009293067 -0.033054486 0.068254896 0.14178711 0.06299329 -0.18732014 -0.007595479 0.05401868 -0.021884106 0.055904325 0.19046323 0.16029182 -0.059917614 -0.14256287 0.17951038 -0.10318534 -0.44534895 -0.4271212 -0.27747643 -0.21108013 -0.19481197 -0.24248447 -0.3469202 -0.32728848 -0.25380418 -0.09441965 -0.05696529 -0.007679876 -0.010414628
-32767.0 0.033522226 -32767.0 0.013897086 -0.058684405 0.0381884 0.032525856 0.05733709 0.03176466 -0.015042786 0.0074121077 0.04300663 -32767.0 -32767.0 -32767.0 -32767.0 -32767.0 -32767.0 -32767.0 -32767.0 -32767.0 -0.023899548 -0.17509708 -0.016627613 0.18371068 0.077356875 0.043374233 -0.017162004 -0.13196582 -0.30677882 -0.22441036 -0.017585797 0.06492439 -0.1343455 -0.2831822 -0.08564109 -0.18742289 -0.0925322 0.183097 0.5736757 0.41036022 -0.051128637 -0.21458834 -0.15357792 -0.35941365 -0.40172106 -0.49319202 -0.40034252 -0.30897453 -0.29159793 -0.24762392 -0.354598 -0.38455346 -0.33854774 -0.26472038 -0.076611795 -0.010635141 0.03401883
0.04703323 -32767.0 0.004349737 0.10289559 0.17602457 -0.049888466 0.114803925 0.018558428 0.09435035 0.08633318 -0.010312022 0.019787345 -32767.0 -32767.0 -32767.0 -32767.0 -32767.0 -32767.0 -32767.0 -32767.0 -0.16927582 -0.16596174 -0.27110046 -0.15348938 0.19017246 0.0092066685 0.11541596 0.31859675 0.33631814 0.11737 -0.0013122875 -0.002465561 0.09171372 -0.1241731 -0.37610832 -0.35684472 -0.24268596 -0.1426851 0.20799942 0.5725229 0.56053895 -0.027139693 -0.31932664 -0.4334661 -0.5563689 -0.47728875 -0.6096908 -0.6475753 -0.33798924 -0.21072014 -0.23507836 -0.40720344 -0.40491864 -0.46115643 -0.42668563 -0.13437027 0.0948275 0.24344265
0.09709335 -32767.0 0.024704212 -0.014094403 0.17797732 0.12539367 -0.04816819 0.08759084 0.049545906 0.10816557 0.004694998 -32767.0 -32767.0 -32767.0 -32767.0 -32767.0 -32767.0 -32767.0 -32767.0 -32767.0 -32767.0 -32767.0 -0.19945681 -0.34419066 -0.23740283 0.11701513 0.49482575 0.6934399 0.39514047 0.33592042 0.15885133 0.02427613 -0.012809937 -0.0023917742 -0.23674338 -0.3892223 -0.38458887 -0.09077576 0.4252719 0.5986049 0.33858135 -0.04976093 -0.37892014 -0.6700678 -0.7348619 -0.6674495 -0.6806225 -0.5224208 -0.3176344 0.040379405 -0.04353716 -0.28657448 -0.59684205 -0.70140976 -0.6467041 -0.32857496 0.10457138 0.17950122
0.06347857 0.052450355 0.105145425 0.07157484 0.053004973 -0.0066626603 0.012108264 0.0205124 -0.08929212 0.053686768 -0.019269878 -32767.0 -32767.0 -32767.0 -32767.0 -32767.0 -32767.0 -32767.0 -32767.0 -32767.0 -32767.0 -32767.0 -32767.0 -0.271334 -0.2804529 0.071633 0.6802016 0.688683 0.25386134 0.21052754 0.12828359 0.03176236 0.004788357 -0.0068844827 -0.19687045 -0.48996705 -0.057535995 0.5088625 0.40240973 0.19318445 -0.048222773 -0.17036551 -0.5547132 -0.85116076 -0.9222723 -0.80236614 -0.4795605 -0.45820493 -0.11545412 0.3342725 0.055235744 -0.33624336 -0.56119764 -0.86276424 -0.86917514 -0.38857892 -0.08723095 0.10398216
-0.035978887 -0.058496013 -0.094479434 -0.13698412 -0.15891236 -0.15113631 -0.12563339 -0.13190988 -0.056137715 0.063514434 -0.012054488 -32767.0 -32767.0 -32767.0 -32767.0 -32767.0 -32767.0 -32767.0 -32767.0 -32767.0 -32767.0 -32767.0 -32767.0 -32767.0 -0.17838448 -0.07300468 0.40735725 0.76934606 0.3515181 0.209125 0.103093974 0.06824102 0.020592954 -0.016554853 -0.23920698 -0.41104823 0.36462647 0.38755283 0.10421465 -0.12686563 -0.07105832 -0.29322115 -0.6250831 -0.8900419 -0.8757477 -0.43904364 -0.190701 -0.2081613 0.09806936 0.42751455 -0.015757695 -0.48283538 -0.52446187 -0.681816 -0.7747194 -0.38738656 -0.21821602 -0.06220819
-0.17130975 -0.2614315 -0.25101882 -0.2689416 -0.25805035 -0.20304966 -0.19389457 -0.18738487 0.008933928 -0.06761904 -32767.0 -32767.0 -32767.0 -32767.0 -32767.0 -32767.0 -32767.0 -32767.0 -32767.0 -32767.0 -32767.0 -32767.0 -32767.0 -32767.0 -32767.0 -0.27170962 0.04862963 0.45388067 0.70379746 0.27724108 0.2757785 0.08181639 -0.07980236 -0.10120508 -0.15961307 0.0090477485 0.33692414 0.3258668 0.071684994 -0.043366887 -0.115754135 -0.22755344 -0.39603692 -0.62688196 -0.34298685 0.0446313 0.048139866 -0.09693154 0.008328016 0.019490793 -0.33585644 -0.5724859 -0.46466744 -0.57453644 -0.6659289 -0.48171914 -0.31326967 -0.08493893
-0.1561473 -0.1613607 -0.20977059 -0.21227899 -0.14371724 -0.102408506 -0.17624544 -0.21384741 0.1859355 -32767.0 0.059060335 -32767.0 -32767.0 -32767.0 -32767.0 -32767.0 -32767.0 -32767.0 -32767.0 -32767.0 -32767.0 -32767.0 -32767.0 -32767.0 -32767.0 -0.17622572 -0.22237256 0.04234365 0.67162377 0.47713986 0.20853923 0.21787 0.011440806 -0.07479192 -0.04709986 0.098678 0.29540113 0.2356961 0.11474357 0.019672722 -0.00083714724 -0.16089232 -0.23211433 -0.20928726 -0.021979673 -0.07606119 -0.3029875 -0.2975092 -0.30589083 -0.4757213 -0.566375 -0.4156624 -0.5522645 -0.5645598 -0.53317034 -0.42003995 -0.031823482 -0.089239314
0.09326992 0.064061716 -0.22752875 -0.16383263 -0.07199559 -0.12958209 -0.16167764 -0.27675018 -0.13379024 0.027052432 0.26447687 0.073767856 -0.05157217 -0.0418062 0.033044256 0.011109749 -32767.0 -32767.0 -32767.0 -32767.0 -32767.0 -32767.0 -32767.0 -32767.0 -32767.0 -32767.0 -0.11965355 -0.12484931 0.645135 0.4871457 0.12101105 0.16621847 0.12448187 0.049225807 0.007040689 0.0026683817 0.22661424 0.30913478 0.20201784 0.010009838 -0.035381936 -0.07814476 -0.16314782 -0.1364047 -0.3601395 -0.34933758 -0.15872613 -0.26805097 -0.43838292 -0.61388487 -0.54721504 -0.4153651 -0.49773493 -0.4445241 -0.3003289 -0.23120058 -0.1089192 0.25357446
-0.18009812 -0.041362043 -0.09888438 -0.17040493 -0.10549811 -0.13313752 -0.10022321 -0.044370107 -0.045361605 -0.05847258 0.10491527 -0.06829987 -0.043062024 0.029470045 0.00097494246 0.08738649 -32767.0 -32767.0 -32767.0 -32767.0 -32767.0 -32767.0 -32767.0 -32767.0 -32767.0 -32767.0 -32767.0 -0.08477925 0.5701239 0.40180615 0.20188984 0.025391957 0.02797089 0.18198857 0.07271252 -0.031062676 0.093895815 0.16194813 0.051012255 -0.06301751 -0.10525315 -0.042437673 -0.049201556 -0.20396948 -0.29007754 -0.21701196 -0.20748295 -0.2750842 -0.4126448 -0.54194295 -0.4909817 -0.45823908 -0.39796603 -0.2935888 -0.14380898 -0.08158905 0.22344075 0.3703356
-32767.0 -0.09601345 -0.09559855 -0.100900814 -0.13316911 -0.05739825 0.011466317 0.014924802 0.08132983 0.038810633 -0.07577164 -0.016302753 0.0806419 0.070831805 0.13376048 0.041256186 0.08722411 -0.047937308 -32767.0 -32767.0 -32767.0 -32767.0 -32767.0 -32767.0 -32767.0 -32767.0 -32767.0 -32767.0 0.11875349 0.41214833 0.37980092 0.106265225 -0.022432733 -0.06918545 -0.03098017 -0.009929386 0.11799831 0.073777944 -0.039661095 -0.071474366 -0.06913601 -0.08591952 -0.08093518 -0.07189032 -0.28088328 -0.39209262 -0.37145698 -0.31257725 -0.3932193 -0.46243328 -0.5447436 -0.5050595 -0.3868439 -0.23247874 -0.09249063 0.060644448 0.42577583 -32767.0
-32767.0 0.04523437 -0.18887559 -0.10325139 -0.07612366 -0.0555942 0.014605173 0.077547796 0.10944314 0.08885473 -0.04893486 -0.17508459 0.033915646 -0.0101149455 0.23685828 0.13541062 -32767.0 0.05256015 -32767.0 -32767.0 -32767.0 -32767.0 -32767.0 -32767.0 -32767.0 -32767.0 -32767.0 -32767.0 0.162521 0.47625446 0.34413463 0.23773324 0.061259884 -0.065590434 -0.16736686 -0.1646355 -0.06987178 0.075689584 0.019419162 -0.024625795 -0.02553441 0.13585621 0.1550603 -0.06800934 -0.29049954 -0.3561741 -0.34498686 -0.3420992 -0.4124228 -0.47467184 -0.49770436 -0.48596248 -0.30479726 -0.108633436 0.003863215 0.10040602 0.16215537 -32767.0
-0.06366786 -0.053210057 -0.15937905 -0.093492344 0.01244311 0.044192754 0.075790815 0.093558155 0.06812398 0.0739799 0.0018524807 -0.117792174 0.19286714 0.023587247 0.16941667 -32767.0 -32767.0 -32767.0 -32767.0 -32767.0 -32767.0 -32767.0 -32767.0 -32767.0 -32767.0 -32767.0 -32767.0 -32767.0 0.27024817 0.5019884 0.4371843 0.21634445 0.09313345 0.12803188 0.079547524 -0.009520683 -0.06236194 -0.11110618 -0.18703534 -0.076880746 0.04455702 0.12052192 0.12827568 -0.10211052 -0.23141043 -0.21272185 -0.3400256 -0.4323118 -0.48110795 -0.558594 -0.5082089 -0.37918812 -0.17041488 -0.10099985 -0.003284106 0.18589737 0.27698478 -0.022615135
-0.00056108215 -0.16534689 -0.1550921 -0.1377846 -0.10096235 0.07549486 0.0941137 0.052080594 0.1008727 0.204581 0.20017332 0.1430964 0.086411044 0.032915384 0.14151174 -0.022388007 -32767.0 -32767.0 -32767.0 -32767.0 -32767.0 -32767.0 -32767.0 -32767.0 -32767.0 -32767.0 -32767.0 -32767.0 -0.04433024 0.67937475 0.32590485 0.19842552 0.1126275 0.10353185 0.0074429614 -0.09226691 -0.13553125 -0.119690806 -0.11671257 -0.1275672 -0.11787255 -0.054181296 -0.0011517379 0.049404714 -0.20532227 -0.15651351 -0.30669022 -0.12345401 -0.3412344 -0.4340227 -0.38499144 -0.27401432 -0.21058331 -0.1741186 0.22049981 0.34353453 0.056759223 -32767.0
-0.16923825 -0.20703663 -0.17060256 -0.2505846 -0.2036089 -0.0836816 -0.01641782 0.06969781 0.14442633 0.1555628 0.24661063 0.26956192 0.13751894 0.0075065927 0.086332075 0.039734557 0.009649619 -32767.0 -32767.0 -32767.0 -32767.0 -32767.0 -32767.0 -32767.0 -32767.0 -32767.0 -32767.0 -32767.0 -0.14554492 0.9069093 0.26363987 0.0023513874 0.18985611 0.2036286 0.13527526 -0.03870468 -0.21739703 -0.078888565 -0.007764228 -0.09833442 -0.12714748 0.032829296 0.20774025 -32767.0 -0.0064642164 -0.41676396 -0.41440678 -0.22041541 -0.11272657 -0.19490495 -0.19603938 -0.26912582 -0.20308405 -0.05157456 0.7422234 -32767.0 -32767.0 -32767.0
-0.24685116 -0.28379366 -0.28806224 -0.27992964 -0.28249258 -0.15042326 -0.036315065 0.019411061 0.010028014 0.0590338 0.12828681 0.2165353 0.18745844 0.28925845 -0.026409771 0.064880386 0.013988882 -32767.0 -32767.0 -32767.0 -32767.0 -32767.0 -32767.0 -32767.0 -32767.0 -32767.0 -32767.0 -32767.0 -32767.0 0.99972486 0.20817809 -0.22264671 0.027640574 0.15750264 0.14123237 -0.005685591 -0.0373369 0.09083964 0.048505735 -0.26522523 -0.36888126 -0.036306072 0.014198369 -0.15065643 -0.11318817 -0.43195575 -0.3926524 -0.30830944 -0.08643874 -0.012487799 -0.17341006 -0.28733256 -0.257502 0.17283487 0.32493943 -32767.0 -32767.0 -32767.0
-0.21783638 -0.2648627 -0.30508944 -0.2981738 -0.23710178 -0.19802165 -0.1849982 -0.16136606 -0.082335085 0.0078690015 0.101534724 0.18157978 0.38057724 0.28931773 -0.026367737 0.048921704 -0.0062062517 -0.060311724 -32767.0 -32767.0 -32767.0 -32767.0 -32767.0 -32767.0 -32767.0 -32767.0 -32767.0 -32767.0 0.9297068 0.757263 0.17108676 -0.12143584 0.012551719 0.103165545 0.10225732 0.08693465 0.045076277 0.112815894 0.028689418 -0.17691904 -0.21136987 -0.13894449 -0.041153815 -0.13807239 -0.22404219 -0.3199442 -0.2500234 -0.06947003 0.054455463 0.002385281 0.045070924 -32767.0 -0.078909874 0.22958511 0.012555128 -32767.0 -32767.0 -32767.0
-0.19294606 -0.22512484 -0.2353977 -0.2362139 -0.16714466 -0.09799688 -0.06689699 -0.10564433 -0.059152003 0.0841718 0.15828338 0.17325878 0.21236154 0.056944236 0.030092312 0.080540314 -0.038567163 -32767.0 -32767.0 -32767.0 -32767.0 -32767.0 -32767.0 -32767.0 -32767.0 -32767.0 -32767.0 -32767.0 0.7206016 0.5604092 0.07158437 0.032963485 -0.015860591 0.08943249 0.15241697 0.18279523 0.12783787 0.0787159 0.013505101 0.0030243082 0.059350695 -0.0022088974 -32767.0 -32767.0 -0.071788274 0.05513787 -32767.0 -32767.0 -32767.0 -32767.0 -32767.0 -32767.0 -32767.0 -32767.0 -32767.0 -32767.0 -32767.0 -32767.0
-0.18473254 -0.21266487 -0.19818114 -0.13089375 -0.10269327 -0.05251477 0.023857731 0.03725786 0.05965382 0.12872413 0.19000043 0.14982462 0.14420773 -0.032261267 0.0023547867 0.11714281 -32767.0 -32767.0 -32767.0 -32767.0 -32767.0 -32767.0 -32767.0 -32767.0 -32767.0 -32767.0 -32767.0 0.47656664 0.5835769 0.37216932 0.051573005 0.01590024 0.13291688 0.14597087 0.16214806 0.09624433 0.079777166 -0.006090088 -0.0015598304 0.11688154 -0.04093491 -32767.0 -32767.0 -32767.0 -32767.0 -32767.0 -32767.0 -32767.0 -32767.0 -32767.0 -32767.0 -32767.0 -32767.0 -32767.0 -32767.0 -32767.0 -32767.0 -32767.0
-0.17625707 -0.19451347 -0.2248512 -0.12477508 -0.127449 -0.00336899 0.1372339 0.110091776 -0.03946573 0.015269023 0.029384127 0.11917436 0.09772687 -0.030133849 0.025817286 0.02701412 -32767.0 -32767.0 -32767.0 -32767.0 -32767.0 -32767.0 -32767.0 -32767.0 0.08353616 0.042742264 0.46997666 0.58194876 0.48352784 0.07589189 -0.021044025 -0.057124034 0.21439786 0.22667938 0.23462813 0.01762942 -0.067249686 -0.08285959 -0.041549277 -32767.0 -32767.0 -32767.0 -32767.0 -32767.0 -32767.0 -32767.0 -32767.0 -32767.0 -32767.0 -32767.0 -32767.0 -32767.0 -32767.0 -32767.0 -32767.0 -32767.0 -32767.0 0.021550301
-0.22445247 -0.27549258 -0.25658184 -0.22320479 -0.21625851 -0.094659604 -0.069925554 -0.11230501 -0.108174555 -0.14339116 -0.13406609 -0.03903684 -0.025031118 0.034957986 -0.0954392 0.035746396 -32767.0 -32767.0 -32767.0 -32767.0 -0.021267526 -0.04536885 0.039521124 0.012189465 -0.004598094 0.4126109 0.2614565 0.5848034 0.31520596 -0.15313104 -0.005265122 0.051796827 0.11327232 0.12911719 0.057128526 -0.14518134 -0.11242146 -0.091554314 -32767.0 -32767.0 -32767.0 -32767.0 -32767.0 -32767.0 -32767.0 -32767.0 -32767.0 -32767.0 -0.105036676 0.1295837 -32767.0 -32767.0 -32767.0 -32767.0 -32767.0 -32767.0 -32767.0 -0.026187805
-0.39424214 -0.3331988 -0.33207735 -0.36641297 -0.37158206 -0.3399587 -0.25874433 -0.2675348 -0.24918975 -0.16222374 -0.013207767 0.053274754 0.05151163 -0.30779865 0.079201445 -32767.0 0.004566989 -32767.0 -0.11721429 -32767.0 -0.108724385 -32767.0 0.034282725 0.048626304 0.05034249 0.12340557 0.34522116 0.09460309 -0.16831149 -0.18934856 0.027788185 0.1724294 0.21506739 0.011419858 -0.11409457 -0.07975139 -32767.0 -32767.0 -32767.0 -32767.0 -32767.0 -32767.0 -32767.0 -32767.0 0.104361854 0.036910605 -0.0010365332 -0.012120459 -0.078731745 0.027734391 -0.2102132 0.083678104 -32767.0 -32767.0 -32767.0 -32767.0 -32767.0 -0.058579516
-0.46921042 -0.4748354 -0.4945262 -0.48152697 -0.39355254 -0.2705898 -0.16755877 -0.09475108 -0.06490608 -0.004686408 0.1080242 0.14746478 0.21502963 0.07212961 -0.11213469 -0.13245739 0.051345535 -0.019891415 0.0072323037 -0.13713193 -0.04776266 0.008279393 0.02299831 0.11846127 0.14321247 0.18100014 0.38705516 -32767.0 -0.17688037 0.10982574 0.11616428 0.15684062 0.06396281 -0.020538257 -32767.0 -32767.0 -32767.0 -32767.0 -32767.0 -0.15141825 0.03007032 0.015481759 0.022151066 -0.021121938 0.088656396 0.036497384 -32767.0 -32767.0 -0.21375963 -0.34104344 0.09896476 -32767.0 -32767.0 -32767.0 -32767.0 -32767.0 0.28687721 0.34920532
-0.18482234 -0.40298176 -0.4106723 -0.33227947 -0.29874095 -0.23100568 -0.18080604 -0.017581748 0.14807898 0.12229153 0.056261256 0.015666481 0.11729213 0.12855664 0.06960949 -0.02174639 -0.057807837 0.031100864 -0.018154059 -0.055843096 -0.050093945 0.056659173 0.107668735 0.20273739 0.20191589 0.21077245 0.27090967 0.16329575 0.17701831 0.11188226 0.056226365 -0.09267648 -0.01793189 0.14782542 0.055475872 -32767.0 -0.20774212 -0.19523531 -32767.0 -0.124824025 0.09482904 -0.0029537492 -32767.0 -0.038894583 -0.069310315 -32767.0 -32767.0 -32767.0 -32767.0 -0.31015977 0.044671927 -32767.0 -32767.0 -32767.0 -32767.0 0.17689687 0.36796057 0.4022261
-0.098532975 -0.24475516 -0.36022764 -0.3255518 -0.29347137 -0.1966953 -0.09166321 0.029374111 0.15826012 0.19569188 0.17090356 0.11979892 0.10593061 0.1180309 0.1267497 0.15247136 0.19302906 -0.03309414 -0.15334108 0.0056273807 0.058163278 0.030317638 0.05427262 0.20618658 0.19234863 0.24956013 0.09833159 0.0020800172 0.04013689 -32767.0 0.066353455 0.10217704 -32767.0 -32767.0 0.010389692 -0.10814947 -0.12246282 -0.12389447 -0.12691973 -0.044752136 0.12035444 -32767.0 -32767.0 -32767.0 -32767.0 -32767.0 -32767.0 -32767.0 -32767.0 -0.08908677 -0.030526008 -0.24180841 -32767.0 -32767.0 0.10950739 0.08310762 0.13468632 0.7067451
