static/data/seaWater_vo/2023/7/1/18.asc
ncols 137
nrows 93
xllcorner 108.0
yllcorner 17.0
cellsize 0.25
NODATA_value -32767
[rows 52 to 77 of 93, columns 58 to 115 of 137]
0.16467685 0.049479827 0.08204999 0.30234975 0.30632678 0.20015262 0.041563388 0.035099704 0.016192801 0.021806162 0.044480868 0.08792696 0.27506176 0.6260019 0.8013003 0.60287726 0.46287626 0.39540285 0.20127967 0.08648381 -0.04496251 -0.20569935 0.004554491 -0.15772426 -0.047549672 -0.07724045 -0.10117875 0.22360879 0.32739228 0.2880292 0.20217335 0.025697732 0.042760193 0.20988202 0.1292659 0.06578146 0.068021946 0.119099505 0.013103408 0.107503176 0.059027612 -0.17324992 -0.29433486 -0.3976969 -0.53649145 -0.61250734 -0.6837616 -0.6862127 -0.37366593 -0.38249978 -0.30093807 -0.10585746 0.010599871 0.028707048 0.010380257 0.011172617 0.099891 0.14870681
0.17683011 0.13104448 0.191305 0.21181321 0.3113779 0.2588762 0.218753 0.19281049 0.14288339 0.10267036 0.1276354 0.25279096 0.57764655 0.75289136 0.54111683 0.33478153 0.25804114 0.22259118 0.094465226 0.010926669 -0.056098234 -0.08667779 0.042775996 -32767.0 -0.37702793 -0.08426117 -0.006837941 0.22147337 0.3119654 0.25500992 0.064610645 -0.11665027 0.19045837 0.2251327 0.11097946 0.014047843 -0.005112754 0.04732467 0.023011373 0.02665382 0.0037045064 -0.11833403 -0.34898564 -0.3860061 -0.562431 -0.6280761 -0.67059135 -0.62174743 -0.36688924 -0.3251611 -0.20059891 -0.006422881 0.18420672 0.11453393 0.08288712 0.10885801 0.015109181 0.08582357
0.17071399 0.2479237 0.29742426 0.23280771 0.25473782 0.32181117 0.33578205 0.3428021 0.24802874 0.13065836 0.21986914 0.45659247 0.5332151 0.48265237 0.29984546 0.209511 0.27774355 0.13905206 -0.028844045 -0.045828946 0.06381585 0.057003904 0.028973682 0.008386592 -0.29671845 -0.12010241 0.011421242 0.124047235 0.22730146 0.16076174 -0.063771136 -0.03190607 0.1970791 0.1969947 0.08955392 0.033871237 -0.014674 -0.086995065 0.03203109 -0.0214184 -0.06305302 -0.08518305 -0.24372141 -0.39065692 -0.5825678 -0.6145579 -0.67459255 -0.52833796 -0.29817548 -0.29307607 -0.15019839 0.22263543 0.3363912 0.19997792 0.17423289 0.13289359 0.010487351 -0.09504396
0.39434227 0.34904617 0.25572953 0.2568282 0.24255584 0.2870883 0.3200556 0.44114268 0.30063388 0.13728638 0.2585176 0.36428353 0.3837123 0.2912222 0.17096344 0.22158518 0.15811233 0.12271551 0.0029589236 0.0072525977 -0.035845697 -32767.0 0.022539778 -0.011256236 -0.057958275 -0.23148836 -0.08576908 0.032300405 0.1770036 0.0382232 -0.09162042 0.04213168 0.16202086 0.16036575 0.066492654 -0.03745495 -0.07325299 -0.14756718 -0.019779367 0.004791964 -0.049635343 -0.18879989 -0.20667543 -0.39469302 -0.5244247 -0.5554812 -0.53752923 -0.2829645 -0.243393 -0.23420066 -0.082848616 0.11430747 0.26876226 0.33152768 0.35068336 0.22936586 0.060145542 -0.109079175
0.6331132 0.47811714 0.34483382 0.30399966 0.23617212 0.28585613 0.3224849 0.24213451 0.17121522 0.23459743 0.3914561 0.39561448 0.3024965 0.19871849 0.12338491 0.16421841 0.052239027 0.09389904 0.034706388 -0.029923663 0.008882866 0.044623084 0.057426337 0.038419925 0.021646395 -0.01830111 -0.10901753 -0.08719169 -0.054938387 -0.06930837 -0.15941748 0.002783856 0.12446057 0.14480485 0.006206045 -0.032663655 -0.114564046 -0.07682671 -0.06402288 -0.15526448 -0.07810267 -0.15454914 -0.22436097 -0.30881763 -0.42584166 -0.4576453 -0.36736193 -0.21741685 -0.18960872 -0.103412315 -0.01326956 0.19267745 0.3143441 0.48252505 0.3910739 0.15161136 -0.0027273672 -0.13878329
0.6996812 0.53092325 0.39806852 0.22550058 0.06267982 0.3556356 0.409425 0.20595951 0.10966328 0.19409537 0.42989066 0.38908577 0.24166901 0.07103843 0.18770923 0.077121735 0.069184035 0.12615745 0.11630515 0.104955636 0.07811753 0.046001274 0.035406455 -0.023546148 -0.081439145 -0.19792336 -0.2296554 -0.13242505 -0.13320711 -0.1421539 -0.2756385 -0.025315197 0.16991287 0.2560305 0.103167266 0.04102446 -0.04030614 -0.082361676 -0.025331384 -0.07625023 -0.21104881 -0.29081744 -0.2889139 -0.36665818 -0.359999 -0.36384326 -0.2813134 -0.24577995 -0.11329357 -0.011930713 0.09200808 0.16214493 0.6021922 0.49856475 0.1884671 0.035728853 -0.06585058 -0.24246743
0.7012936 0.6271635 0.5211827 0.43451232 0.19548878 0.25916722 0.27489075 0.086699456 -0.019987797 0.14546509 0.2898966 0.26642197 0.11201874 0.21129829 0.11002766 0.085543245 0.16795975 0.18493916 0.2016044 0.20234339 0.07872395 0.009142658 -0.014554495 -0.078216664 -0.17097089 -0.26870188 -0.3437579 -0.41047472 -0.2701125 -0.3148032 -0.44447032 -0.10911218 0.10571914 0.24766548 0.11829973 -0.03558073 -0.061544355 -0.033165768 0.023881773 -0.0051529272 -0.11625927 -0.2454662 -0.4005006 -0.4184681 -0.36078262 -0.30272976 -0.22340918 -0.19505098 -0.15427414 -0.08193398 0.021986539 0.40135938 0.53186315 0.2326203 0.17910461 0.048861213 -0.016517526 -0.30469054
0.91408503 0.77527785 0.5798769 0.1808235 0.13745552 0.06991378 -0.00999091 0.07116151 0.08418311 0.024283458 0.26042265 0.08456788 0.1407066 0.14543061 0.11781019 0.14630836 0.21732566 0.24324843 0.24950202 0.11866765 0.08226067 0.1537497 0.03666232 -0.1535787 -0.24707252 -0.32974118 -0.39201468 -0.4373908 -0.4585695 -0.46928006 -0.5326283 -0.17311645 0.24604657 0.26539436 0.1593372 0.07648725 0.11159894 0.07034545 0.02902352 0.06624727 0.020667523 -0.18818703 -0.3109066 -0.37795034 -0.42797762 -0.39933512 -0.3569444 -0.27571777 -0.13259563 -0.07228784 0.17161128 0.50913185 0.36333477 0.12813334 0.102188975 0.13321115 0.1207091 -0.07496169
0.9958301 0.82916313 0.59582716 0.04450336 -0.1224314 -0.04347504 0.12750646 0.12512901 -0.03281965 0.1732444 0.17402838 0.058110483 0.023704423 0.29603234 0.23369882 0.23483418 0.26161808 0.23274651 0.16590811 0.06665027 0.22911984 0.18961194 0.08284043 -0.091455914 -0.21902265 -0.3304611 -0.33525297 -0.48201808 -0.4790704 -0.56455815 -0.5329341 -0.038667545 0.26134256 0.15634759 0.2399853 0.1216849 0.20131001 0.09245863 0.14222462 0.14245299 -0.1204973 -0.2781096 -0.3131441 -0.41493836 -0.3870772 -0.2869918 -0.27710316 -0.3592938 -0.26926494 -0.11977337 0.34367007 0.21281374 0.23069245 0.21300833 0.12390939 -0.012713497 0.10526886 0.09468886
1.2573403 0.87747943 0.4277214 -0.1087284 -0.3441891 0.19608447 0.08585734 -0.020883093 0.16681397 0.1438022 0.19535892 0.10488754 0.13421665 0.32894933 0.3721687 0.33797225 0.22792192 0.094616085 0.004451701 0.22664425 0.27828422 0.22471412 0.015863145 -0.08121062 -0.17339848 -0.25202543 -0.34209424 -0.36416695 -0.44358286 -0.6491529 -0.4400503 0.020398537 0.17082284 0.20450601 0.19772911 0.09339529 0.15657511 0.10178079 0.28447214 -0.0006744735 -0.23614809 -0.3320416 -0.48349807 -0.26071873 -0.069624156 -0.13043724 -0.15459432 -0.22369601 -0.239974 -0.041121688 0.18479434 -0.018299423 0.2384019 0.27458453 0.15483469 0.19248714 0.13419753 -0.046727512
1.2654766 0.80708885 0.21208936 -0.13019529 -0.35591242 0.113211855 -0.10080358 -0.026820345 0.088017896 0.14151601 0.16156866 0.123699404 0.2666643 0.39573082 0.40005693 0.32522693 0.1289849 -0.06781106 -0.05048887 0.22538573 0.13948369 0.0547526 0.019014155 -0.07913786 -0.20148517 -0.2981625 -0.32760653 -0.3279598 -0.45945683 -0.62944937 -0.28629312 0.02313485 0.2820362 0.26084775 0.14091867 0.02472632 0.14768016 0.16032854 0.25637224 0.03265931 -0.063874185 -0.2968589 -0.5740509 -0.21247911 -0.26866674 -0.0135673685 0.010884669 -0.1247243 -0.23667628 0.039411243 -0.0778606 -0.044750534 0.23200601 0.26745108 0.19049613 0.31187406 0.19971977 -0.16765074
0.9807613 0.6262937 -0.009741704 -0.14622137 -0.27874792 -0.029882306 0.01542762 -0.00523814 -0.021556856 0.05677996 0.13018925 0.15472415 0.2996409 0.42750025 0.4541202 0.32123023 0.045227997 -0.16428103 -0.0061537838 0.18349656 0.12856914 -0.023002716 -0.108864434 -0.15869653 -0.20439963 -0.2086562 -0.2504559 -0.3272089 -0.4699159 -0.5275356 -0.15932135 0.056016393 0.25865364 0.21536191 0.11256183 0.013630426 0.148709 0.17146976 0.24551244 0.08109729 0.1607545 -0.22256614 -0.58900946 -0.41047645 -0.41528994 -0.3198534 0.01432129 -0.09115854 -0.10978253 -0.07670772 -0.17535429 -0.012385067 0.25110725 0.38907808 0.28719518 0.3033339 0.10642232 -0.2785854
0.8270129 0.35230365 -0.104003556 -0.23415141 -0.065728724 -0.029982764 -0.06922376 -0.042973176 0.034876537 0.08979751 0.12956682 0.20581056 0.40122542 0.43821236 0.47818896 0.2851342 0.012806446 -0.17984447 -0.054397766 0.16969422 0.20130464 0.083285555 -0.027487313 -0.068217345 -0.0841999 -0.04454481 -0.11265646 -0.3275234 -0.45075348 -0.4166711 -0.06730013 0.24990872 0.2656087 0.14000052 0.0060357717 -0.14605993 0.15200324 0.19552292 0.26666307 0.050279655 0.08204365 -0.1466745 -0.4646996 -0.4033457 -0.46487677 -0.38474143 -0.31078804 -0.1456977 -0.06887279 -0.24001344 -0.12162899 0.074793294 0.3891808 0.39728332 0.19035228 0.2503471 -0.038333155 -0.2970083
0.67314464 0.17469825 -0.06995443 -0.056567762 -0.0685416 -0.1530519 -0.13334173 0.030256636 0.1288939 0.14708178 0.16725068 0.30240065 0.4351826 0.4848344 0.41135257 0.16056535 0.041312672 -0.13012913 -0.059859876 0.106731206 0.15890357 0.049220137 -0.088963054 -0.1561012 -0.13976628 -0.13761474 -0.1286041 -0.31633717 -0.39419708 -0.26050556 0.05261237 0.15404147 0.1762745 0.07004457 -0.19295618 -0.14095035 0.09436451 0.15139914 0.20285763 -0.017208092 0.14146684 0.028855518 -0.1939347 -0.32973903 -0.3704332 -0.4632723 -0.52477217 -0.27367586 -0.12773842 -0.22580068 -0.17178276 0.17756447 0.43764266 0.34339336 0.079903305 0.22336696 -0.11432442 -0.31926677
0.69848925 0.09575674 -0.043346554 0.062152624 -0.14926434 -0.19170375 -0.0749316 0.05283043 0.15944007 0.20290503 0.18230428 0.34491035 0.4466138 0.50677574 0.36887166 0.13167302 0.028990049 -0.057172738 -0.06925689 0.0010683722 0.059548784 -0.07291747 -0.1701032 -0.22381316 -0.18660927 -0.16729473 -0.19286428 -0.20377667 -0.19945493 -0.11315513 0.016282823 0.16659766 0.12761846 -0.09009212 -0.055835396 0.07258849 -0.008272002 0.102047145 0.12359781 0.012404509 -0.12685883 0.042753175 0.0220047 -0.027575867 -0.15710643 -0.38102636 -0.5941655 -0.38013136 -0.15829572 -0.17725699 -0.11055029 0.10428483 0.3548003 0.3694157 -0.023708718 0.118650295 -0.13097323 -0.14484182
0.23780806 0.051713396 -0.15336403 -0.003639133 -0.18525964 -0.17871489 -0.08291689 0.0126638105 0.24894446 0.29737663 0.25281674 0.39032358 0.48705587 0.4903257 0.3045368 0.11585022 -0.08738829 -0.027297102 -0.1088104 -0.119009964 -0.0024916872 -0.1184939 -0.16296402 -0.18390869 -0.10013463 -0.13799548 -0.21183448 -0.23709068 -0.20021997 -0.10903423 0.002489343 0.08160813 -0.087509744 0.04739643 0.025989125 -0.12655735 -0.08353142 0.036325477 0.14482555 0.04248054 -0.14250009 -0.17032199 -0.063692205 0.05095377 0.008441471 -0.29872936 -0.48971558 -0.4479437 -0.19050306 -0.17703171 -0.23101918 -0.08018083 0.26150668 0.31333897 0.0097416965 -0.20565388 -0.098484315 -0.13257709
0.54138905 0.074592635 -0.36435202 -0.07774632 -0.10271293 -0.07598428 0.01738076 0.08832354 0.35505646 0.29301488 0.3276945 0.37818867 0.51349455 0.43426538 0.3042258 0.11743795 -0.10054031 -0.13367803 -0.13930336 -0.17695984 0.005540124 -0.07038304 -0.14038888 -0.10319561 -0.0057824575 0.010239383 -0.024618737 -0.056040987 -0.08855718 -0.084315866 -0.060997322 -0.14084691 -0.013598359 -0.012104465 -0.0955237 -0.17609634 -0.078760825 0.059540544 0.1502959 0.043536358 -0.08530936 -0.16831553 -0.233302 -0.15181349 -0.019604618 -0.13802372 -0.27644888 -0.2551719 -0.10488062 -0.100026764 -0.22387278 -0.20941159 0.2572194 0.27033514 -0.018601332 -0.34462956 -0.17658533 -0.2211225
0.5898366 -0.026026994 -0.5641385 -0.17470583 -0.06531143 0.0315201 0.12797256 0.3134699 0.3244824 0.26108474 0.38605505 0.49176064 0.54176086 0.42967483 0.35036308 0.14170295 -0.107468195 -0.27290672 -0.20045692 -0.25041482 -0.02965423 -0.08898778 -0.062840775 -0.04180974 -0.007534686 -0.066796094 -0.108582266 -0.12144943 -0.093050934 -0.1021559 -0.2034889 -0.19003874 -0.0626801 -0.0055199205 -0.13196462 -0.1384225 -0.03833802 0.019460242 0.07790712 0.18528025 0.17209706 0.020519782 -0.2168199 -0.31904808 -0.2090183 -0.06771177 -0.15948965 -0.13467392 -0.0065354723 -0.037701417 -0.08177233 0.096293055 0.21110691 0.15287325 -0.08080771 -0.31215453 -0.42127025 -0.34747276
0.5249955 -0.08171318 -0.65826154 -0.2947984 0.03378415 0.10295066 0.2126928 0.30382508 0.23782799 0.3456379 0.42537394 0.5594707 0.5736311 0.43596616 0.36695552 0.10192618 -0.166943 -0.32679865 -0.25607818 -0.30120516 -0.04975242 -0.042976808 -0.021705152 -0.094947524 -0.16439477 -0.17332159 -0.13630071 -0.0105421 -0.054653782 -0.133085 -0.18567519 -0.11984394 -0.09076429 -0.13489346 -0.11772776 -0.037693534 0.046617083 0.07386786 0.0052064466 0.0231537 0.12981367 0.17738831 -0.008406679 -0.22031772 -0.25161391 -0.20433336 -0.092197835 -0.08671897 -0.0031761283 0.1010202 0.1716766 0.24096419 0.16170079 -0.0026545355 -0.21555033 -0.32922846 -0.4573811 -0.356676
0.44110432 -0.03055288 -0.54198515 -0.4150775 -0.00193133 0.08150471 0.20228107 0.17294134 0.19360459 0.33717468 0.4902765 0.57996196 0.54880553 0.44599488 0.27694175 0.041966457 -0.2123648 -0.3387467 -0.26654407 -0.36680874 -0.12907161 -0.10754289 -0.18853693 -0.2317918 -0.20644896 -0.156358 -0.037397377 -0.02062669 -0.03237247 -0.038211778 -0.07665827 -0.092353314 -0.19240306 -0.21225792 -0.13267459 -0.050762977 0.021618221 0.058797378 0.06381388 -0.02961521 0.07457056 0.13917163 0.002572912 -0.09599387 -0.1750549 -0.078829415 -0.023361655 -0.005567706 0.06341499 0.19352478 0.26521495 0.20961434 0.034630295 -0.17526323 -0.32206216 -0.37173992 -0.24892893 -0.3791299
0.32109308 -0.040462494 -0.2717318 -0.3813935 -0.1374435 0.07087255 0.15253657 0.11825198 0.14949945 0.36025578 0.5335003 0.55563486 0.5978689 0.3765695 0.1724163 -0.0005880822 -0.26042578 -0.26320684 -0.29160723 -0.38551193 -0.1903966 -0.15056 -0.25827065 -0.2394921 -0.10361664 -0.1109038 -0.109128185 -0.15677215 -0.10421979 -0.14355591 -0.11920311 -0.08947658 -0.16107844 -0.2442218 -0.21294215 0.090402745 0.19828197 0.053922113 -0.07696273 -0.1347375 -0.171487 -0.039235078 -0.02708875 -0.11164538 -0.08100445 0.022868712 0.10135121 0.15502675 0.24722797 0.3474372 0.35258862 0.16148531 -0.07125211 -0.2709645 -0.3502072 -0.36350846 -0.22977112 -0.18918234
0.19612685 -0.082483396 -0.18257505 -0.2904589 -0.2659974 0.05700438 0.15980965 0.05135214 0.11724231 0.39301908 0.58047915 0.57039684 0.59497225 0.2977359 0.100012034 -0.041621868 -0.3154165 -0.21696351 -0.34260073 -0.38016748 -0.21362521 -0.18586276 -0.28916433 -0.19207218 0.007862394 -0.057490777 -0.11955591 -0.11402946 -0.038710535 -0.078422405 -0.06492287 -0.12855408 -0.11192786 -0.061052423 0.15548734 0.31151918 0.22376843 0.105937354 -0.0916642 -0.24410237 -0.36378664 -0.35314968 -0.19363649 -0.22655088 -0.1795261 -0.03091866 0.10679796 0.29833516 0.41172388 0.5034405 0.34987178 0.10397594 -0.12242 -0.29238448 -0.31626543 -0.2805794 -0.24163117 -0.25198823
0.13949928 -0.1881949 -0.22654846 -0.25504616 -0.21062401 0.0973803 0.08323064 0.018385855 0.12880227 0.45116922 0.6430581 0.6787852 0.5437353 0.24233282 0.036068633 -0.12003601 -0.33325922 -0.25900236 -0.39435208 -0.37315026 -0.26263708 -0.21261065 -0.25062662 -0.12572788 0.014668274 -0.004416312 -0.06720489 -0.027369728 0.05100552 0.13808452 0.11691629 0.04728845 0.05777847 0.13121513 0.18818262 0.20386021 0.13388817 0.0012382921 -0.13138129 -0.23795675 -0.35024136 -0.5076681 -0.48692024 -0.33997038 -0.20100957 -0.0003860327 0.12699062 0.40263906 0.5133807 0.57203037 0.31305718 0.0009405047 -0.22747402 -0.256711 -0.19240522 -0.16963248 -0.21794431 -0.22884628
-0.001078589 -0.3256256 -0.19694854 -0.26290324 -0.06582783 0.005931348 0.006309778 0.07922192 0.22584328 0.52323186 0.75680655 0.7000141 0.40792835 0.121141 0.0030784924 -0.16192633 -0.35096064 -0.31881955 -0.2855361 -0.38429293 -0.35235843 -0.17188813 -0.105667554 -0.10747077 -0.05778826 0.04933263 0.05846075 0.10352684 0.16594315 0.115341745 0.14152221 0.20282269 0.2403397 0.28317636 0.2834606 0.22889619 0.12952685 0.02345531 -0.13726188 -0.32489046 -0.39555648 -0.46917814 -0.63857746 -0.53384656 -0.3446455 -0.040033646 0.11840027 0.38140538 0.46660966 0.49186724 0.2183843 -0.09090717 -0.21909502 -0.18675126 -0.12123387 -0.073229715 -0.1272695 -0.15016656
-0.13997014 -0.3211985 -0.2937302 -0.096835315 0.032801185 -0.0033567918 0.10694463 0.1755607 0.32204646 0.6854172 0.7897816 0.5692642 0.2951909 0.08267558 -0.0147269415 -0.20395137 -0.3466119 -0.33521184 -0.18800037 -0.3655243 -0.4313701 -0.23574169 -0.047113385 -0.008500244 0.07154772 0.15895529 0.14631073 0.11418679 0.1661705 0.24251507 0.288672 0.34198487 0.3031774 0.23049971 0.19527149 0.17400631 0.12381628 0.04556359 -0.06358283 -0.22353719 -0.426827 -0.52830285 -0.6063944 -0.6599479 -0.5193764 -0.2077645 0.09704801 0.28768167 0.34776628 0.389088 0.0895529 -0.15475476 -0.18846467 -0.037307285 -0.075704485 -0.15401524 -0.20593159 -0.18744043
-0.22142096 -0.34554723 -0.32905152 -0.00019529207 0.18106939 0.15987888 0.17934048 0.2868216 0.5088406 0.6973074 0.7422591 0.4507053 0.25075683 0.094728395 -0.096293315 -0.26316315 -0.3059663 -0.26448268 -0.22037369 -0.38343412 -0.46806797 -0.31805298 -0.17309467 -0.0061426866 0.14964871 0.17308632 0.12301783 0.17677665 0.36200693 0.38229045 0.30769736 0.2675311 0.23553447 0.21817228 0.16254024 0.07913365 0.065674074 0.06389564 -0.008275118 -0.16980696 -0.312657 -0.50686216 -0.61248475 -0.6244247 -0.520718 -0.27730346 0.033099186 0.16903457 0.25388575 0.24891113 -0.03711914 -0.1445977 -0.066358976 -0.15532577 -0.16706996 -0.2518487 -0.2709723 -0.2245112
