static/data/seaWater_vo/2023/7/1/6.asc
ncols 137
nrows 93
xllcorner 108.0
yllcorner 17.0
cellsize 0.25
NODATA_value -32767
[rows 0 to 25 of 93, columns 58 to 115 of 137]
-32767.0 -32767.0 -32767.0 -32767.0 -32767.0 -32767.0 -32767.0 -32767.0 -32767.0 -32767.0 -32767.0 -32767.0 -32767.0 -32767.0 -32767.0 -32767.0 -32767.0 -32767.0 -32767.0 -32767.0 -32767.0 -32767.0 -0.1632735 -0.07203607 -0.24277397 -0.18948683 -0.11987725 -0.19451112 -0.12995917 -0.017153226 -0.021376826 0.09918954 0.1179899 0.12060305 0.15310481 0.24910356 0.1298422 -0.08845478 -0.0009752151 -0.04416972 -0.035936072 -0.021431796 0.29019526 0.5025381 0.27989283 0.051994335 -0.06525932 -0.039644122 0.14774415 0.30250922 0.27261832 0.08675185 0.05943156 0.00312632 -0.013118671 -0.0686758 -0.277021 -0.46030793
-32767.0 -32767.0 -32767.0 0.04543408 0.025007999 0.0021835312 -0.003436754 -3.9585284e-06 -0.0064458507 0.023622097 -32767.0 -32767.0 -32767.0 -32767.0 -32767.0 -32767.0 -32767.0 -32767.0 -32767.0 -32767.0 -32767.0 0.070763454 0.021825017 -0.1685599 -0.10077926 -0.12420885 -0.18457259 -0.10524225 -0.0372441 0.084091134 0.010997388 0.047899257 0.25941715 0.032083392 0.056463104 0.17301945 -0.118621975 -0.24216965 0.10591267 0.4022772 0.3639054 0.08214475 -0.0075405985 0.37626433 0.44353494 0.19019093 0.0983363 0.25308478 0.30704752 0.31608078 0.13615634 -0.091700606 -0.2615697 -0.22219628 -0.24807276 -0.31476426 -0.42442018 -0.4585182
-32767.0 0.031069586 -32767.0 0.032185312 0.049920294 0.11711307 0.09171408 0.07885302 0.07082027 0.029371534 0.015229933 -0.012507084 -32767.0 -32767.0 -32767.0 -32767.0 -32767.0 -32767.0 -32767.0 -32767.0 -32767.0 0.14753933 -0.11229147 -0.07456916 0.08534467 -0.026961328 -0.065165326 0.20457765 0.34520578 0.14492631 0.17748645 0.31128323 0.31864706 -0.028733479 -0.11011794 0.11176185 -0.16962594 -0.059948433 0.38989964 0.64044034 0.83243454 0.4649797 0.03548761 -0.050964143 0.19193728 0.33914384 0.3819616 0.33198607 0.39090487 0.30604413 0.027646776 -0.20190497 -0.1393973 -0.19346212 -0.31193015 -0.34376237 -0.44091257 -0.40400797
0.05320106 -32767.0 -0.0062052133 0.12049092 0.20698054 0.30729428 0.298136 0.20454 0.09051901 0.0799602 0.026721872 -0.053800285 -32767.0 -32767.0 -32767.0 -32767.0 -32767.0 -32767.0 -32767.0 -32767.0 0.12880607 0.19232194 -0.08064105 -0.03967551 0.20709282 0.09844238 0.20454563 0.41992307 0.3141466 0.048538405 -0.11582636 -0.09689315 -0.0843949 -0.26093394 -0.35483888 0.020394156 -0.09345551 0.009549694 0.2259902 0.51723355 0.9517212 0.58877236 0.14156573 -0.06888646 0.039533235 0.2826113 0.30444402 0.39636543 0.4890845 0.4911186 0.29349646 0.17518342 0.07459651 -0.17701016 -0.2778226 -0.23216623 -0.23872094 -0.33984488
0.04876265 -32767.0 0.006017925 -0.06836405 0.037016913 0.21953845 0.35129505 0.1979821 0.14438674 0.12175663 0.037892714 -32767.0 -32767.0 -32767.0 -32767.0 -32767.0 -32767.0 -32767.0 -32767.0 -32767.0 -32767.0 -32767.0 0.07706219 0.0969795 0.58827984 0.5039701 0.46237203 0.619306 0.25425127 0.01350495 -0.14353748 -0.20625277 -0.19678152 -0.18856502 -0.3558301 -0.2545614 -0.057515565 0.39530233 0.48686475 0.7862827 0.93160886 0.6204931 0.20502585 -0.066912636 -0.05385135 0.23216516 0.3123124 0.60385215 0.6335275 0.5775956 0.18420023 -0.24705425 -0.3319543 -0.3088886 -0.26375 -0.057361133 -0.026971629 -0.20492601
0.046583902 0.036736492 0.027804982 0.032370254 0.084399514 0.17046876 0.22101438 0.25882202 0.27850366 0.17746517 0.055424932 -32767.0 -32767.0 -32767.0 -32767.0 -32767.0 -32767.0 -32767.0 -32767.0 -32767.0 -32767.0 -32767.0 -32767.0 -0.12324513 0.40584797 0.35913584 0.49231055 0.7634304 0.34514698 0.1563376 -0.0019706888 -0.13876839 -0.18406573 -0.12399546 -0.26598802 -0.43192208 0.21228817 0.5755012 0.79919916 0.84159607 0.6190778 0.51653165 0.18810976 -0.063229665 -0.0011865497 0.14548765 0.6570575 0.4691692 0.5754371 0.76800615 0.18203041 -0.29658574 -0.7122979 -0.55302346 -0.19979008 0.26425353 0.31094164 0.045026656
0.103369445 0.122259945 0.1675414 0.18292783 0.18832444 0.19627096 0.22577171 0.23461348 0.34170184 0.114919126 0.04023099 -32767.0 -32767.0 -32767.0 -32767.0 -32767.0 -32767.0 -32767.0 -32767.0 -32767.0 -32767.0 -32767.0 -32767.0 -32767.0 -0.009098608 0.16987203 0.1807527 0.79141235 0.5820838 0.35765454 0.23426986 -0.0006446141 -0.16594914 -0.10065473 -0.35105357 -0.21738976 0.5301429 0.8087515 0.739359 0.44696134 0.55920213 0.50287503 0.27418432 0.1191233 -0.014529362 0.0978323 0.5253225 0.40221292 0.6409525 0.8370332 0.23249972 -0.051594786 -0.5480242 -0.8191181 -0.23877454 0.14644353 0.045894105 0.081824616
0.067453355 0.120208904 0.21855336 0.18570937 0.19649033 0.17844874 0.18224312 0.22299086 0.38234642 -0.027162224 -32767.0 -32767.0 -32767.0 -32767.0 -32767.0 -32767.0 -32767.0 -32767.0 -32767.0 -32767.0 -32767.0 -32767.0 -32767.0 -32767.0 -32767.0 0.033100262 0.008112197 0.34675792 0.92336446 0.39538398 0.31778267 0.24059992 0.08546379 0.048003092 -0.20388012 0.022375017 0.40263855 0.6763156 0.5626953 0.40695715 0.46584627 0.45935905 0.4127957 0.16775654 0.101231225 0.30732659 0.3689092 0.51170266 0.6375995 0.5493013 0.11584885 -0.025000244 -0.25563607 -0.69416434 -0.34798416 -0.057510685 -0.005912085 0.13901518
0.07585279 0.12424619 0.13677691 0.15050797 0.1406896 0.120930806 0.12626387 0.1884007 0.24620971 -32767.0 0.09954094 -32767.0 -32767.0 -32767.0 -32767.0 -32767.0 -32767.0 -32767.0 -32767.0 -32767.0 -32767.0 -32767.0 -32767.0 -32767.0 -32767.0 -0.084160164 0.0024018725 0.09041307 0.6891923 0.7613817 0.28374264 0.35267857 0.30654597 0.12591244 0.026575139 -0.0016415189 0.30103442 0.55620104 0.55499536 0.463578 0.4616188 0.3714773 0.22263534 0.23716961 0.4706079 0.42994842 0.43441182 0.38970926 0.28604838 0.046166472 0.004830504 -0.06953403 -0.28921625 -0.3474352 -0.13087438 0.06393843 0.25114933 0.014114549
0.03475939 0.15640758 0.07284788 0.18041776 0.23027724 0.15330447 0.10557428 0.04926205 0.19359432 0.107311964 0.3103894 0.09228778 0.1312185 0.0133105535 0.012757509 -0.008745623 -32767.0 -32767.0 -32767.0 -32767.0 -32767.0 -32767.0 -32767.0 -32767.0 -32767.0 -32767.0 -0.10339499 0.10364383 0.7143912 0.89562535 0.27629313 0.20923467 0.270364 0.24789028 0.07721355 -0.020425178 0.25961703 0.46311128 0.70535344 0.6383487 0.524558 0.57770324 0.47356865 0.51386696 0.5152787 0.36543718 0.44872397 0.2391269 -0.011219861 -0.08536948 -0.027206236 -0.1800239 -0.11697318 -0.010960346 -0.0318805 0.07113615 0.19677714 0.19346897
0.09860272 0.12810408 0.112154186 0.15225695 0.18205686 0.059238136 -0.0001386553 -0.07565554 -0.11373702 -0.1101642 0.21258129 0.019801699 -0.022729663 -0.01727857 -0.00039588579 -0.02023763 -32767.0 -32767.0 -32767.0 -32767.0 -32767.0 -32767.0 -32767.0 -32767.0 -32767.0 -32767.0 -32767.0 0.09839561 0.636023 0.8336333 0.42082882 0.090328485 -0.022654137 0.121449485 0.087624885 0.03204222 0.3204519 0.4808877 0.73470455 0.833357 0.64271355 0.5655989 0.58958375 0.59376776 0.41004986 0.39964458 0.31692788 0.10810104 -0.092343554 -0.15060526 -0.08313972 -0.09250787 -0.053424884 -0.0021799933 0.04640611 0.13168254 0.40199542 0.26075038
-32767.0 0.17847095 0.10995143 0.10609108 0.06591394 -0.044708524 -0.098983124 -0.100471824 -0.10783988 -0.16353008 -0.03769139 0.08495855 0.0037778812 -0.021938555 0.015454474 -0.030772818 -0.063870795 -0.07985746 -32767.0 -32767.0 -32767.0 -32767.0 -32767.0 -32767.0 -32767.0 -32767.0 -32767.0 -32767.0 0.47310996 0.9869947 0.44124496 0.29692736 0.06881732 -0.095629066 -0.09092636 -0.023268877 0.06172508 0.32684344 0.30771932 0.4817093 0.5838158 0.6414937 0.598402 0.46707875 0.37643358 0.2782958 0.29706818 0.18547836 -0.027522001 -0.12509918 -0.08836432 -0.09865859 -0.011304011 0.052344255 0.18958856 0.20887917 0.642145 -32767.0
-32767.0 0.27109855 0.044879 0.0468379 0.039849676 -0.05191161 -0.0037908752 -0.05772285 -0.11171241 -0.20456842 -0.33468002 -0.10625405 -0.016639985 -0.14377852 0.12712725 -0.12401371 -32767.0 -0.035723846 -32767.0 -32767.0 -32767.0 -32767.0 -32767.0 -32767.0 -32767.0 -32767.0 -32767.0 -32767.0 0.37446058 0.8632551 0.6191111 0.5132061 0.32025504 0.20132247 0.09687448 -0.045910746 -0.023389887 0.107482396 0.19751649 0.3617255 0.43800837 0.47402164 0.6147753 0.39162052 0.2406743 0.21571971 0.2601344 0.22290368 0.043606225 -0.09635375 -0.14707805 -0.07270075 -0.0052451957 0.0964966 0.11048004 0.040712535 0.22471131 -32767.0
0.21027999 0.12609969 0.054518636 0.10043271 0.035858493 -0.05473829 -0.10562765 -0.16998695 -0.1158347 -0.20781441 -0.32205588 -0.16372691 -0.1380032 -0.22675487 0.047173362 -32767.0 -32767.0 -32767.0 -32767.0 -32767.0 -32767.0 -32767.0 -32767.0 -32767.0 -32767.0 -32767.0 -32767.0 -32767.0 0.1295386 0.6150769 0.6674804 0.50305915 0.27496344 0.11774298 0.19963512 0.24743454 0.23754224 0.2772226 0.25392964 0.30289185 0.34639868 0.4837416 0.5148655 0.3370229 0.12979518 0.18965365 0.20655079 0.13779098 -0.06666142 -0.16021976 -0.12295798 -0.086234346 0.036561515 0.020659257 0.2498492 0.33492854 0.22265363 0.012003433
0.12863933 0.07725902 0.15755941 0.038560122 -0.089979045 0.03411598 -0.039875854 -0.04627713 -0.09297479 -0.1970679 -0.36815795 -0.3960607 -0.27698338 -0.17087749 0.0020004683 -0.12612487 -32767.0 -32767.0 -32767.0 -32767.0 -32767.0 -32767.0 -32767.0 -32767.0 -32767.0 -32767.0 -32767.0 -32767.0 -0.026829837 0.80284876 0.4712668 0.35086417 0.36736083 0.3584995 0.3203693 0.25391242 0.17642504 0.2003824 0.2975395 0.3133993 0.33432883 0.3802949 0.38508 0.27740538 0.1308783 0.093157865 0.025080344 -0.14758487 -0.3574558 -0.34690598 -0.34174383 -0.2160892 -0.16734996 0.030835733 0.48359355 0.35823658 0.048983008 -32767.0
0.20573683 0.13853627 0.09533343 0.015262974 0.015128553 0.11320869 0.071202405 -0.00030684238 -0.06440536 -0.17394152 -0.2696492 -0.33726552 -0.4062523 -0.24792074 -0.06314363 -0.057645846 -0.109594345 -32767.0 -32767.0 -32767.0 -32767.0 -32767.0 -32767.0 -32767.0 -32767.0 -32767.0 -32767.0 -32767.0 -0.12787107 0.91796726 0.29022074 0.056302425 0.34618762 0.4580343 0.29224798 0.26229534 0.14664894 0.24433579 0.3301606 0.20696007 0.12708056 0.25865936 0.34251133 -32767.0 -0.029195078 -0.26152727 -0.09816492 -0.22481862 -0.3470368 -0.4604197 -0.48607805 -0.39579955 -0.23519321 0.055274326 0.79328597 -32767.0 -32767.0 -32767.0
0.17231706 0.15014906 0.14563324 0.09082816 0.13837324 0.16934092 0.07634016 0.050110612 -0.0018882724 -0.12427716 -0.19454387 -0.26961023 -0.29771549 -0.25002405 -0.22454318 0.024640134 -0.10633763 -32767.0 -32767.0 -32767.0 -32767.0 -32767.0 -32767.0 -32767.0 -32767.0 -32767.0 -32767.0 -32767.0 -32767.0 1.0098864 0.36151525 -0.08059466 0.08592458 0.378733 0.4088979 0.256547 0.26268664 0.37283766 0.32858288 0.15071934 0.095407456 0.2663878 0.23043291 0.0052878787 0.029752593 -0.15412335 -0.017008431 -0.03711379 -0.020624686 0.04787024 -0.2708203 -0.065290585 0.07347706 0.47935057 0.22494107 -32767.0 -32767.0 -32767.0
0.13689247 0.059490114 0.07235232 0.10985543 0.1308104 0.11563446 0.08202179 0.023921855 -0.028447585 -0.18894729 -0.2809546 -0.28336766 -0.30442497 -0.25968608 -0.24708639 0.07699299 -0.11377533 -0.09786114 -32767.0 -32767.0 -32767.0 -32767.0 -32767.0 -32767.0 -32767.0 -32767.0 -32767.0 -32767.0 0.80082476 0.8034144 0.2748877 -0.003020769 -0.01703512 0.059507914 0.13923527 0.22960496 0.31607813 0.41984183 0.35060418 0.15959841 0.16008052 0.20959404 0.20920277 0.010383821 -0.15233643 -0.10661473 -0.008781506 0.0065859323 0.090698764 0.053081326 -0.08486414 -32767.0 -0.27762005 -0.15223196 -0.28692886 -32767.0 -32767.0 -32767.0
0.00981082 0.055597577 0.08616447 0.059757814 0.0026377384 -0.064941265 -0.16414143 -0.14496294 -0.14196104 -0.24625126 -0.25969183 -0.23408094 -0.24446966 -0.27310124 -0.08635062 -0.061851073 -0.13397032 -32767.0 -32767.0 -32767.0 -32767.0 -32767.0 -32767.0 -32767.0 -32767.0 -32767.0 -32767.0 -32767.0 0.61181134 0.55501556 0.046068765 0.08570183 0.18235359 0.14629805 0.18076092 0.19230048 0.17117263 0.3915319 0.35020262 0.30944434 0.3464114 0.07411422 -32767.0 -32767.0 -0.09978542 -0.08935198 -32767.0 -32767.0 -32767.0 -32767.0 -32767.0 -32767.0 -32767.0 -32767.0 -32767.0 -32767.0 -32767.0 -32767.0
-0.026790688 0.005869267 0.028970718 -0.010931505 -0.09976857 -0.18286014 -0.19407092 -0.22674637 -0.117410526 -0.004959555 -0.058092434 -0.13471586 -0.23436435 -0.14840345 -0.045484252 -0.04885622 -32767.0 -32767.0 -32767.0 -32767.0 -32767.0 -32767.0 -32767.0 -32767.0 -32767.0 -32767.0 -32767.0 0.435311 0.50199085 0.33448905 0.07307342 0.018208709 0.18417206 0.20127231 0.22121054 0.23259524 0.11209944 0.24409534 0.31196108 0.39773533 -0.0469175 -32767.0 -32767.0 -32767.0 -32767.0 -32767.0 -32767.0 -32767.0 -32767.0 -32767.0 -32767.0 -32767.0 -32767.0 -32767.0 -32767.0 -32767.0 -32767.0 -32767.0
-0.015813923 -0.015755398 0.034860086 0.059861813 -0.07250963 -0.08459703 -0.113652825 -0.100073546 -0.0219428 0.12468597 0.07496017 -0.11614462 -0.30220485 -0.13783506 -0.03993331 0.01165159 -32767.0 -32767.0 -32767.0 -32767.0 -32767.0 -32767.0 -32767.0 -32767.0 0.065449014 0.05259104 0.3665814 0.545349 0.50490195 0.09976591 -0.07210743 -0.0902692 0.13848087 0.21533929 0.34454486 0.1759165 0.12988836 0.22602636 0.2536692 -32767.0 -32767.0 -32767.0 -32767.0 -32767.0 -32767.0 -32767.0 -32767.0 -32767.0 -32767.0 -32767.0 -32767.0 -32767.0 -32767.0 -32767.0 -32767.0 -32767.0 -32767.0 0.0031925053
0.08503853 0.117620684 0.21157642 0.18301496 0.09638068 0.12670691 0.15582283 0.099330634 -0.036128297 0.05987885 -0.02579131 -0.010875405 -0.11667294 -0.14127864 -0.12860192 0.024037039 -32767.0 -32767.0 -32767.0 -32767.0 0.011832199 0.031198137 0.10768252 0.10114156 0.08936573 0.25218776 0.19606201 0.55023134 0.46673167 -0.14674015 -0.05520591 0.15672211 0.3255768 0.36349732 0.28320107 -0.11042605 0.0015551682 0.0019170819 -32767.0 -32767.0 -32767.0 -32767.0 -32767.0 -32767.0 -32767.0 -32767.0 -32767.0 -32767.0 -0.22724505 -0.116338 -32767.0 -32767.0 -32767.0 -32767.0 -32767.0 -32767.0 -32767.0 -0.12862344
0.23419008 0.20566884 0.24060002 0.2122797 0.23819189 0.15114701 0.028040536 -0.016669827 -0.100252174 -0.12701052 -0.1934841 -0.28513908 -0.18434177 -0.3438324 0.08044677 -32767.0 0.02941321 -32767.0 0.005921378 -32767.0 -0.028915957 -32767.0 -0.039601132 0.030052662 0.017291643 0.07793344 0.31452796 0.05427128 -0.096303925 -0.11459441 0.15654126 0.28919375 0.26082426 0.08611391 -0.039209414 -0.08878924 -32767.0 -32767.0 -32767.0 -32767.0 -32767.0 -32767.0 -32767.0 -32767.0 0.09145798 0.066231556 0.014656756 -0.051730517 -0.2725895 -0.15986939 -0.27986637 0.12487927 -32767.0 -32767.0 -32767.0 -32767.0 -32767.0 -0.11735143
0.21492763 0.23550524 0.18501651 0.15970764 0.100597955 -0.002027602 -0.08246344 -0.18309295 -0.23686586 -0.1666129 -0.10572337 -0.1609387 -0.16756049 -0.15750235 -0.14869002 -0.09735809 0.08593034 0.011601996 -0.0026956042 0.011162816 0.10297979 0.060517143 0.11933011 0.16172186 0.08108961 0.17561069 0.32550684 -32767.0 -0.1643335 0.17959033 0.21037555 0.206341 0.086741336 0.059021495 -32767.0 -32767.0 -32767.0 -32767.0 -32767.0 -0.18045525 -0.1145164 -0.16303584 -0.109899744 -0.09527535 -0.08683981 0.047496997 -32767.0 -32767.0 -0.18271571 -0.27488473 -0.024407418 -32767.0 -32767.0 -32767.0 -32767.0 -32767.0 0.15088072 0.18422796
0.19033031 0.025484052 0.15308806 0.02166554 -0.04755875 -0.0790727 -0.09124116 -0.12374672 -0.23451178 -0.19415398 -0.06940502 -0.06600515 0.005103929 0.005358746 0.018431146 -0.026752181 -0.022478186 0.13243647 0.15415585 0.07849013 0.039511718 0.20902005 0.14496657 0.15507421 0.17250559 0.21400829 0.28974497 0.1626475 0.19489935 0.17074345 0.15194908 -0.048094854 -0.030018343 0.09695774 0.03684511 -32767.0 -0.026520647 -0.12759036 -32767.0 -0.10464456 -0.0916602 -0.11849138 -32767.0 -0.12852383 -0.25105065 -32767.0 -32767.0 -32767.0 -32767.0 -0.37794235 0.07880384 -32767.0 -32767.0 -32767.0 -32767.0 0.18763518 0.30650768 0.31142604
0.10233885 -0.13738957 -0.10375002 -0.09764886 -0.14816582 -0.16436888 -0.11081981 -0.14340371 -0.17329392 -0.1306058 -0.07121657 -0.026879523 0.006509821 0.06578773 0.06378941 0.08562113 0.23115394 0.033815734 -0.028135583 0.12271528 0.14729229 0.0055681043 0.09220977 0.094780125 0.07182392 0.11357258 0.110693336 0.09574326 0.15452142 -32767.0 0.03343232 0.026725568 -32767.0 -32767.0 0.006620413 -0.08348978 0.03739067 -0.04494292 -0.10825809 0.100029714 0.032440543 -32767.0 -32767.0 -32767.0 -32767.0 -32767.0 -32767.0 -32767.0 -32767.0 -0.21211626 -0.090395495 -0.31178463 -32767.0 -32767.0 0.04097349 0.027680485 0.14066458 0.5397862
