static/data/seaWater_vo/2023/7/14/0.asc
ncols 137
nrows 93
xllcorner 108.0
yllcorner 17.0
cellsize 0.25
NODATA_value -32767
[rows 26 to 51 of 93, columns 58 to 115 of 137]
-0.11827492 -0.055004712 0.06600338 0.05613982 -0.04470902 -0.12591793 -0.10761948 -0.062296078 0.015307808 0.11825337 0.1672737 0.10215701 0.025286686 0.03401029 0.16828345 0.24022053 -32767.0 -32767.0 -0.0848332 0.17981581 0.16116868 0.09043298 0.0209327 -0.0068155937 -0.09549087 -0.20532155 -0.21231735 -0.08950907 0.05659715 -0.0030170023 0.021566296 -32767.0 -32767.0 -32767.0 -32767.0 -32767.0 -32767.0 -0.13191783 0.051756322 0.30729964 -32767.0 -32767.0 -32767.0 -32767.0 -32767.0 0.11872897 -32767.0 -0.1721638 0.014672746 0.13798748 -0.16526973 -0.44678986 -0.1275878 -32767.0 0.22096589 -0.0840941 -0.18516842 -0.04182408
-0.037698727 -0.07029816 -0.031833068 0.027655927 -0.036956593 -0.0866646 -0.08255855 -0.06905858 -0.093958795 -0.0505397 -0.016665725 -0.044335738 -0.09195607 -0.11526139 -0.02174012 -32767.0 -32767.0 0.048904285 0.02295554 0.12751055 0.07035794 -0.019139552 0.06261013 0.025692305 -0.12103115 -0.2181392 -0.01726449 0.029911833 -32767.0 -32767.0 -32767.0 -32767.0 -32767.0 -32767.0 -32767.0 -32767.0 -32767.0 -0.14200518 0.0212543 0.42481816 -32767.0 -32767.0 -32767.0 -0.06307576 0.27763677 0.12088642 0.10529506 0.11227367 0.21202613 0.13949074 -0.20397484 -0.49622115 0.11301157 -0.031647753 -0.103959806 -0.2773558 -0.19333749 -0.076944694
-0.15852062 -0.06344736 0.0012771848 -0.08095298 -0.08249288 -0.053341907 -0.07705225 -0.06670705 -0.11348979 -0.19498722 -0.18128982 -0.15787707 -0.19364071 -0.21485792 -0.20290571 -0.13009971 -0.066194445 -0.007724166 0.010070462 -0.03295552 0.06381595 0.050621115 -0.005234247 -0.061495688 -0.18120365 -0.16630788 -32767.0 -0.12821415 0.055815298 -32767.0 -32767.0 -0.019523129 -32767.0 -32767.0 -32767.0 -32767.0 -32767.0 -32767.0 -0.058955085 0.23423631 -32767.0 -32767.0 0.019506263 0.24523856 0.03352004 -0.12871179 0.24714547 0.15677106 0.16681433 0.11205808 -0.05903708 -0.36343986 0.07780647 -0.13750628 -0.22647269 -0.2471517 -0.15181042 -0.0747503
-0.07355342 -0.065575115 -0.038725898 -0.00060645957 -0.075741164 -0.11259381 -0.05233415 -0.041149374 -0.064412594 -0.11159877 -0.12061357 -0.13820535 -0.1291008 -0.02087274 0.06563801 -0.011294524 -0.09156421 0.048052803 0.06142772 0.103516735 0.23889671 0.23733668 0.082571015 -0.050731007 -0.16275 -32767.0 -0.017954089 -0.051596664 0.10562404 -0.07986817 0.102101445 -32767.0 0.06517602 -32767.0 -32767.0 -32767.0 -32767.0 -32767.0 0.03677275 0.19020246 -0.029761728 -0.2229895 0.0053139706 0.24454777 -0.17471261 -0.2621685 0.13712949 0.06233238 0.10103958 0.08432225 -0.08619102 -0.19467553 -0.030998452 -0.12943773 -0.112223975 -0.11710988 -0.079558074 0.04964585
-0.08598986 -0.10630279 -0.08833994 0.012225838 -0.004364398 0.03318449 0.083961114 -0.005568955 -0.036596864 -0.04191258 -0.025571018 -0.025349533 0.03352872 0.18214731 0.10014548 -0.034863297 0.006850291 0.10278459 0.2526799 0.27234098 0.24594277 0.2444011 0.13202482 0.022905946 -0.101431824 -0.18730114 -0.024476042 -0.0077519855 -0.1526808 0.05034391 -0.0053237504 0.045978237 -0.00964831 -32767.0 -32767.0 -32767.0 -32767.0 0.15256333 0.33098575 0.05243817 -0.23463656 -0.31480065 -0.18822412 0.0931592 -0.017374082 -0.09938481 0.03957069 0.055328432 0.07143892 0.015085446 -0.08872298 -0.18748443 -0.17546378 -0.13248274 -0.13529058 0.06299061 0.082969576 0.115255184
-0.095327914 -0.082079 -0.06251729 0.004252826 -0.024927076 0.047401793 0.008285029 -0.015015963 0.018843347 0.20292749 0.10570499 0.08253654 0.13478921 0.21618672 0.12195205 0.056909725 0.14430961 0.31294268 0.3437676 0.27870584 0.24026152 0.22680196 0.17472766 0.12050432 0.03572693 -0.000327216 -0.024026774 -0.04232474 -0.17424639 -0.1668319 -0.013455969 0.08111465 -0.016941804 -32767.0 -32767.0 -32767.0 -32767.0 0.22254676 -0.029530013 -0.03079578 0.025974587 0.023576234 0.0065908893 0.10760296 0.116269045 0.10682199 0.13515139 0.09360854 0.027881699 -0.026856298 -0.10347355 -0.17285594 -0.2992092 -0.36612916 -0.2936562 0.0013617176 0.07053102 0.15544443
-0.105309896 -0.09735793 -0.024753468 0.03397196 0.019698627 -0.00018586824 -0.006247703 -0.042522654 -0.0683657 -0.08612109 -0.05255862 -0.062462855 0.050613604 0.13752387 0.21874687 0.23120542 0.17723607 0.21402533 0.21848547 0.15555127 0.1532368 0.14942016 0.18698119 0.13158514 0.037930485 -0.016403204 -0.09102105 -0.15608406 -0.16134252 -0.19321486 -0.04222207 -32767.0 -32767.0 -32767.0 -32767.0 -32767.0 0.08770071 0.12891422 -0.017588172 -0.03292112 0.46417138 0.5399546 0.2798883 0.13525301 0.1413373 0.1806349 0.15524903 0.044936486 -0.1515087 -0.3969289 -0.45915297 -0.33637846 -0.33451664 -0.5349854 -0.56873363 -0.23111124 0.043953955 0.24877997
-0.084931225 -0.037347984 0.026408164 0.07490531 0.10727131 0.0753891 0.012243284 -0.0031625014 -0.038743336 -0.07193367 -0.097063206 -0.02116231 -0.0016686572 -0.03227318 0.017740354 0.13418956 0.10965545 0.088890456 0.122652404 0.19183555 0.10155256 0.13494849 0.24664053 0.10458166 0.05093096 0.09211869 0.0010750592 -0.2489798 -0.30404314 -0.19471006 -0.07867109 -32767.0 -32767.0 -32767.0 -32767.0 -32767.0 0.004272152 0.23106939 0.21591447 0.3078449 0.82898325 0.6082357 0.3677804 0.23577777 0.28016573 0.27425966 0.15416838 0.0354211 -0.13590357 -0.39233175 -0.66100186 -0.7207983 -0.6069434 -0.6449066 -0.80451226 -0.4889259 -0.005119073 0.28589937
0.1928519 0.17241718 0.12255719 0.08679318 0.11688052 0.09788076 0.06611695 0.08181596 0.035872906 -0.06644227 -0.103035994 -0.050878853 -0.00024732016 -0.052023355 -0.13973069 -0.0788112 -0.012412379 0.013875347 0.041510597 0.09393813 0.08700542 0.10645162 0.13569978 0.07358735 0.122636266 0.12289602 0.028112786 -0.16482717 -0.39678234 -0.16339378 -0.10932025 0.018866582 -32767.0 0.17266451 -32767.0 -32767.0 0.3775185 0.75017804 0.5285895 0.55267525 0.6231417 0.5358097 0.3516167 0.312264 0.32547346 0.26226458 0.17030211 0.030801613 -0.09494221 -0.3370303 -0.5650124 -0.7692076 -0.9074644 -0.8429215 -0.98057544 -0.6433413 -0.026810674 0.35677576
0.358608 0.1817547 0.2000341 0.22521596 0.10258029 0.07696769 0.03623411 0.0994179 0.02322034 -0.059805453 -0.07625525 -0.13180391 -0.039639518 -0.039242104 -0.1925251 -0.19053726 -0.13427368 -0.05902807 -0.013077623 0.026710304 0.066605926 0.0966893 0.12535512 0.13662486 0.14403193 0.09804697 0.05413984 -0.1742308 -0.3679322 -0.19398928 -0.13985737 -0.08717382 -0.03312847 0.025846152 -32767.0 0.24635354 0.7466135 0.52382517 0.66367394 0.69568306 0.5932962 0.4495938 0.32482135 0.28139377 0.3001138 0.23151132 0.16528183 0.066978335 -0.07012968 -0.26180005 -0.49219665 -0.75994426 -1.0199989 -1.0840166 -1.1632913 -0.7835294 -0.0019140448 0.47315246
0.24086241 0.25680062 0.24400733 0.2934445 0.232787 0.06487932 -0.0005939149 -0.028877715 -0.04900506 -0.10312946 -0.12443589 -0.115496755 -0.107526205 -0.16219458 -0.25764284 -0.18048818 -0.16445199 -0.075821824 -0.055821177 -0.053331267 0.024793845 0.10987585 0.14920543 0.14476438 0.16913047 0.13438007 0.07716686 -0.22949709 -0.26296154 -0.13738672 -0.15446618 0.0047991117 -0.13177107 -32767.0 0.74600196 0.37489104 0.40672332 0.68653816 0.6747564 0.83038956 0.55861384 0.36219704 0.22573964 0.32969478 0.25028637 0.05352351 0.062726915 -0.00082272175 -0.075681426 -0.06211183 -0.39539266 -0.782453 -1.0462061 -1.2318641 -1.2609677 -0.79384035 -0.0021527768 0.4689384
0.3469544 0.5685058 0.30059192 0.2932134 0.26828092 0.10247482 -0.037517484 -0.11026967 -0.073159076 -0.10982605 -0.14933485 -0.19233951 -0.20234407 -0.21021116 -0.20690577 -0.19714144 -0.13870081 -0.052568182 -0.014757325 0.01483805 0.06342573 0.11296101 0.14344223 0.16159473 0.14682499 0.05834973 -0.08316983 -0.22734915 -0.19970931 0.04893607 0.09732801 0.11636454 0.06540083 0.10490117 0.26640907 0.07079696 0.64185864 0.6948198 0.85708374 0.73719674 0.5550081 0.28732407 0.2197656 0.3475462 0.028753893 0.22015366 0.26072004 0.087139495 -0.11445147 -0.19934796 -0.2538033 -0.80312234 -1.0680321 -1.3079298 -1.2986312 -0.75240386 0.021580292 0.40435785
0.24870415 0.3226743 0.351257 0.44176883 0.29894766 0.16986506 -0.009911172 -0.06626838 -0.10555455 -0.105834775 -0.18237577 -0.2750778 -0.28982088 -0.26160496 -0.2310198 -0.14042626 -0.10948155 -0.062072422 0.028211895 0.07498438 0.1255304 0.2049533 0.27695855 0.25400683 0.18063775 0.022654817 -0.1719721 -0.3052701 -0.27425337 -0.034604 0.102953754 -32767.0 0.13319117 -0.31723452 -32767.0 0.5231355 0.5541689 0.6719544 0.80144507 0.6734722 0.51419556 0.21581016 0.24069607 0.33246025 -0.014327328 0.3677265 0.32922745 0.20617196 -0.018913403 -0.21854329 -0.27276388 -0.7581046 -1.099744 -1.3162425 -1.2756561 -0.7366065 0.043181777 0.58433276
-32767.0 0.5960018 0.34615797 0.4980743 0.44977987 0.30601582 0.19868955 0.012795655 -0.18144956 -0.26250648 -0.18184333 -0.24182963 -0.25244632 -0.20891929 -0.18381992 -0.14009577 -0.061901312 -0.009130601 0.013158842 0.053719927 0.1790698 0.34962028 0.4837991 0.5223091 0.395177 0.14403477 -0.15945393 -0.36614376 -0.4295861 -0.21321791 0.09947381 0.18222952 -32767.0 -0.36875942 0.33664078 0.5397305 0.626536 0.81167257 0.67860234 0.59269893 0.44034314 0.20271298 0.13284148 0.27726284 0.0762688 0.3603032 0.46144366 0.42062032 0.10180586 -0.040600166 -0.20746727 -0.6505427 -1.0907649 -1.287697 -1.2500552 -0.8065284 0.009155805 0.7541424
0.37638015 0.399779 0.50240207 0.33964488 0.33379492 0.35060117 0.33573475 0.26909542 0.28044757 0.03173779 0.17665409 0.0066143507 -0.0554772 -0.061283074 -0.06644368 -0.05132243 -0.008577546 0.12594815 0.14698394 0.117493145 0.3721784 0.68928295 0.87527204 0.73139966 0.47936448 0.22365268 -0.09158245 -0.36619866 -0.47411764 -0.4026841 -0.039024595 -0.1577198 -0.11555545 0.07388639 0.35674658 0.5897155 0.83632356 0.8333093 0.57039547 0.4819156 0.31998488 0.19124559 0.060360312 0.09789986 0.07854614 0.289867 0.33945274 0.3692241 0.07844649 -0.067671776 -0.14541274 -0.48074374 -0.90965706 -1.1556451 -1.035739 -0.65243155 0.18554215 0.9438726
0.29191732 0.49333045 0.43773878 0.45704994 0.34324166 0.26365846 0.22119127 0.23149914 0.13131517 0.09504639 0.05139097 0.07712732 0.16274227 0.21462825 0.21946356 0.1918093 0.20587398 0.21303144 0.18457259 0.42504084 0.6587329 0.93617773 0.9761884 0.71129245 0.43191355 0.24364135 0.023282072 -0.25763837 -0.41916454 -0.2751219 -0.45539436 -0.15071239 0.084736004 0.47484758 0.50438684 0.75157636 0.97093207 0.636116 0.460762 0.34335434 0.23486494 0.17071758 0.13519628 0.021401545 0.029210994 0.18548682 0.16581085 0.24348393 0.119565524 -0.16459756 -0.13245472 -0.32816395 -0.6776312 -0.8858506 -0.68330586 -0.3868081 0.23274174 0.84135646
0.42417163 0.3591729 0.29603395 0.40764976 0.38557878 0.32758674 0.2801789 0.13478057 0.094616674 0.11241888 0.059087884 0.0608763 0.09203494 0.2228929 0.28780973 0.34112006 0.2702051 0.24730536 0.37249458 0.392303 0.6814589 1.027627 1.0399523 0.6758454 0.48458326 0.31871244 0.09598705 -0.11774841 -0.35239258 -0.6221985 -0.074003495 -0.0108819585 0.0971237 0.4983274 0.59321076 0.7368244 0.72047144 0.48140043 0.41599184 0.33370614 0.23721516 0.1714403 0.20486882 0.16393776 -0.037417665 -0.07032555 0.11543839 0.157526 0.145796 0.02915213 -0.2296692 -0.20075914 -0.40922114 -0.58875597 -0.43898663 -0.2187408 0.16748665 0.444774
0.36040866 0.4684333 0.33087805 0.3131549 0.24366756 0.35486853 0.16407964 0.06984891 0.19964363 0.06317605 0.10143404 0.16558857 0.11430224 0.16786169 0.26350114 0.2844634 0.2943937 0.3813233 0.33450422 0.30465695 0.65792304 1.1253592 1.0579448 0.64802897 0.5990981 0.38816035 0.11097991 -0.014821438 -0.454579 0.09137134 -0.023231797 0.050182473 0.18207516 0.41098112 0.59969985 0.50625974 0.44919986 0.34101373 0.33807704 0.3253844 0.28767902 0.30075043 0.32661292 0.2607729 0.09633963 -0.15224348 -0.13601376 0.13578188 0.14182957 0.05201028 0.056680597 -0.19747707 -0.2653222 -0.24751803 -0.20494415 -0.033660416 0.18616576 0.35604292
0.5098447 0.3768412 0.2632496 0.3103851 0.28018817 0.12709829 0.25101894 0.29165047 0.18298322 0.08429016 0.17493202 0.1682413 0.17311066 0.16716458 0.15358597 0.27749887 0.3809716 0.4410116 0.23151316 0.26248425 0.699259 1.1619536 1.0009956 0.5871589 0.57323194 0.41155252 0.09597109 -0.047507063 0.040813107 -0.036703892 0.055660274 0.20363331 0.35392952 0.4476383 0.484354 0.3891075 0.24874622 0.2698867 0.31924933 0.3655501 0.34982118 0.29034892 0.2914822 0.2815286 0.19811542 0.03446677 -0.082900025 -0.04347709 0.036964003 0.050878473 -0.008903482 0.0021076677 0.032656442 0.058188103 0.050680924 0.08607966 0.070397496 0.03983848
0.47059122 0.46391273 0.24503793 0.13662264 0.23399995 0.22957818 -0.05888983 0.23624688 0.22434725 0.18459046 0.1898506 0.16134027 0.13620256 0.108425654 0.15179761 0.22843513 0.32713884 0.34104708 0.3812003 0.57334006 0.9287491 1.0727308 0.78294355 0.4542348 0.47797287 0.44353876 0.13667673 0.022037363 0.06609342 0.08359971 0.11898559 0.20003124 0.29191598 0.3908965 0.41957676 0.42898333 0.42818606 0.38187334 0.38229078 0.36804056 0.2861672 0.19049667 0.16259806 0.2151838 0.2372256 0.104691364 -0.023449799 -0.06257355 -0.04652518 -0.012345345 0.082714655 0.12323061 0.039595906 0.024710722 0.05767118 0.0877344 0.04538872 0.07610293
0.4756888 0.45405385 0.35914078 0.07422941 0.071717456 0.22934863 0.08309255 0.18110788 0.16081722 0.14592333 0.24831156 0.20829134 0.16058278 0.056074247 0.2214238 0.2606123 0.2862338 0.4747558 0.6978497 0.8993573 1.0025983 0.8126919 0.49625206 0.32230464 0.296692 0.35147777 0.26395822 0.04079398 0.01389444 0.110827625 0.034077086 -0.04874795 0.45721304 0.5242513 0.56059414 0.5495061 0.518118 0.45120925 0.3598799 0.2742321 0.1746592 0.11480513 0.04604918 0.02550052 0.16110802 0.18658 -0.008192026 -0.0828538 -0.0563896 0.06260608 0.24711585 0.19878347 0.17003964 0.13732907 0.104587406 0.060131878 -0.016943108 0.2406415
0.6049527 0.5231245 0.42716235 0.2195999 0.13651618 0.19101936 0.09664784 0.014828459 0.14201777 0.2181748 0.29357734 0.27259183 0.07615578 0.08205372 0.22994198 0.38495603 0.55144805 0.76174676 0.8967065 0.8525718 0.6977792 0.44204223 0.26490968 0.29363462 0.15767099 0.1416581 0.30982077 -32767.0 -0.10948404 0.09572017 0.03239014 0.3342575 0.60494137 0.6536245 0.642221 0.59187955 0.52162886 0.44880772 0.3943937 0.32100132 0.21055152 0.10698569 0.009768771 -0.08479474 0.072334185 0.17265944 -0.021915825 -0.13264637 -0.06453333 0.12163376 0.18747063 0.19090351 0.14893003 0.061485726 -0.02435699 -0.0448501 0.17349836 0.24395455
0.6968488 0.4806443 0.38683024 0.19514476 0.21984085 0.11315706 0.03476973 0.01786351 0.17231146 0.21836276 0.31997332 0.25114465 0.10612169 0.16472252 0.32868567 0.54600304 0.784576 0.96095616 0.8499412 0.6018107 0.3699054 0.19762388 0.30355158 0.26260322 0.06328015 0.01603049 0.3476585 0.109948166 -0.087162256 0.31605697 0.48574325 0.54635096 0.63988453 0.6471941 0.61474544 0.5893356 0.540422 0.4549962 0.3398444 0.18754353 0.09552796 0.10294206 -0.041770592 -0.13233235 -0.038482755 0.08384314 -0.15411542 -0.17131907 -0.014662601 0.102460876 0.172321 0.17596275 0.14609674 0.09374328 -0.013718241 0.04690922 0.2723399 0.28480843
0.6334301 0.32914832 0.18167716 0.20057422 0.20432305 0.085647024 -0.015825879 0.052794654 0.20627789 0.2058496 0.28073218 0.16531405 0.20563544 0.37477228 0.4531784 0.61426085 1.1692026 0.9934553 0.5998699 0.2917321 0.1745896 0.3083143 0.16053054 0.066636235 -0.083909765 0.07041383 -32767.0 0.019334624 0.41638038 0.38691998 0.56083703 0.5845523 0.6097765 0.6249841 0.59293616 0.5880374 0.6205953 0.5198157 0.39487123 0.19773294 -0.0074037015 0.04415783 -0.09345352 -0.22897382 -0.0142780375 -0.16270304 -0.28056958 -0.1327256 -0.08772809 -0.019054238 0.21864522 0.36368495 0.37899804 0.29762226 0.14515366 0.11412182 0.13603286 0.24969642
0.56152874 0.26329765 0.292055 0.26420525 0.077619426 0.07497443 0.11028769 0.18613419 0.1476487 0.21001193 0.2461292 0.1671724 0.13668875 0.45898813 0.3671204 1.019935 1.0833391 0.7948557 0.40481296 0.20574799 0.29254016 0.16924794 0.13280931 0.012935399 -0.10246939 0.13912216 -0.11377596 0.397193 0.3206207 0.5066483 0.6108314 0.55399424 0.6160193 0.5702437 0.6453389 0.62414396 0.6560225 0.44498414 0.19894513 0.08136161 -0.010748951 -0.07061426 -0.2582348 -0.16324256 -0.222705 -0.39802805 -0.2933506 -0.12761256 0.07076042 0.20225644 0.3389408 0.35623664 0.24764065 0.21591605 0.12543233 -0.009457785 -0.07391728 0.19430146
0.44321287 0.43044907 0.314431 0.09443876 0.06900972 0.12786283 0.17440665 0.14080755 0.19011834 0.22566785 0.29460913 0.12704085 0.13448015 0.51674944 0.8039933 0.98796666 0.88867253 0.5783699 0.33514032 0.3411008 0.168197 0.09869781 0.09355957 -0.08285046 0.08340711 0.009343418 0.31123635 0.23889256 0.36647967 0.5963534 0.52355635 0.50139815 0.5345273 0.5586069 0.5389262 0.56735384 0.578094 0.3748879 0.14552097 0.02821791 -0.103272505 -0.2556647 -0.20594592 -0.25983283 -0.53193134 -0.48544377 -0.13286625 0.07010352 0.07661169 0.2513824 0.45897794 0.305285 0.13441975 -0.03966738 -0.017698701 -0.100776926 -0.03109075 0.22662428
