static/data/seaWater_vo/2023/7/14/12.asc
ncols 137
nrows 93
xllcorner 108.0
yllcorner 17.0
cellsize 0.25
NODATA_value -32767
[rows 0 to 25 of 93, columns 58 to 115 of 137]
-32767.0 -32767.0 -32767.0 -32767.0 -32767.0 -32767.0 -32767.0 -32767.0 -32767.0 -32767.0 -32767.0 -32767.0 -32767.0 -32767.0 -32767.0 -32767.0 -32767.0 -32767.0 -32767.0 -32767.0 -32767.0 -32767.0 -0.065592706 -0.06966943 -0.17624494 -0.10814589 0.01423465 0.007546458 -0.09284749 -0.044909004 0.046024002 0.04550434 -0.056261584 0.018395858 -0.0062432326 -0.17608754 0.05228033 0.07548827 -0.15099415 -0.19331571 -0.1366879 0.00412306 0.021181613 0.1812125 0.0770711 -0.18273674 -0.25912955 -0.17669198 -0.333517 -0.19335866 0.06265707 0.14100038 0.12215414 0.065175146 -0.08474342 -0.081443265 0.14844061 0.18917692
-32767.0 -32767.0 -32767.0 -0.026166571 -0.020808458 -0.012243796 0.030567365 0.00020397367 -0.008581613 0.0029967744 -32767.0 -32767.0 -32767.0 -32767.0 -32767.0 -32767.0 -32767.0 -32767.0 -32767.0 -32767.0 -32767.0 -0.054611612 -0.09793149 -0.11375562 0.0389058 0.10242674 0.14305684 0.11268237 0.011334774 -0.11543814 -0.098431006 -0.06571678 0.12521829 0.079921275 -0.15077162 -0.23497216 -0.07868534 -0.077139765 -0.31074786 -0.35825142 -0.19448082 0.011336747 0.061122447 -0.0070054512 -0.20049545 -0.21286893 -0.2681216 -0.3062915 -0.15666045 0.1704497 0.38734165 0.3638786 0.19887814 0.065728426 -0.09087318 -0.1405365 -0.013773107 0.03599006
-32767.0 0.044385877 -32767.0 0.011188291 -0.070123374 -0.06429035 0.039544728 -0.02523826 0.055347577 0.010208084 -0.0072871847 0.015058241 -32767.0 -32767.0 -32767.0 -32767.0 -32767.0 -32767.0 -32767.0 -32767.0 -32767.0 0.046498023 -0.1915739 -0.007497704 0.100667 -0.057646237 -0.1688104 -0.17267752 -0.115208566 -0.07943122 -0.08457608 0.009079 0.007025714 -0.22365353 -0.5077235 -0.3701011 -0.18933006 -0.20271486 -0.2328676 -0.1611299 0.10922468 0.25367552 0.07350318 -0.11191204 -0.3493386 -0.48783806 -0.07661903 -0.014750468 0.15603474 0.4523979 0.51879704 0.25378782 0.013969697 -0.18860283 -0.20933522 -0.10163067 -0.2073676 0.13233577
0.021096092 -32767.0 -0.10492055 -0.04736573 -0.043181002 0.04260284 0.061236106 0.09340452 0.03392873 0.10835922 0.06841001 -0.006763325 -32767.0 -32767.0 -32767.0 -32767.0 -32767.0 -32767.0 -32767.0 -32767.0 0.07062678 -0.14028262 -0.2474194 -0.017188566 -0.0453235 -0.20195533 -0.31682798 -0.020584553 0.046889506 0.04039195 -0.14193614 -0.34710842 -0.34924468 -0.35149854 -0.76884276 -0.48203966 -0.3037223 -0.18853754 -0.24547692 -0.09286565 0.2496316 0.25267527 0.06640753 -0.1864177 -0.42658737 -0.48685193 -0.11306833 0.15271978 0.18919125 0.47320557 0.62312937 0.27276668 -0.18844852 -0.31111804 -0.12621436 -0.15874736 -0.15704297 0.30092376
-0.062021725 -32767.0 -0.111883305 -0.16046873 -0.06711083 0.027256124 0.0806285 0.1836782 0.20096283 0.04324891 0.0760295 -32767.0 -32767.0 -32767.0 -32767.0 -32767.0 -32767.0 -32767.0 -32767.0 -32767.0 -32767.0 -32767.0 -0.14702053 -0.07047112 -0.26023316 -0.44951737 -0.30361825 0.05423449 0.3324608 0.23832412 -0.09686628 -0.32377204 -0.40311483 -0.263576 -0.40023002 -0.6934388 -0.29608393 -0.13608341 -0.25343484 -0.11995961 0.13881838 0.22949123 -0.103498586 -0.33558655 -0.46897054 -0.447657 -0.20065522 -0.07402848 -0.053701792 0.3219509 0.6429584 0.58093077 -0.052303888 -0.4469812 -0.06930955 -0.022004753 -0.07861632 0.030483343
0.020852076 -0.011114385 -0.054953072 -0.043113023 -0.07970427 -0.04645865 0.055585727 0.12374466 0.12165672 0.23780109 0.12793371 -32767.0 -32767.0 -32767.0 -32767.0 -32767.0 -32767.0 -32767.0 -32767.0 -32767.0 -32767.0 -32767.0 -32767.0 -0.25631484 -0.15719812 -0.34385785 -0.19170439 -0.02561545 0.41940087 0.3277672 -0.030935004 -0.21700239 -0.3126702 -0.3981184 -0.5209869 -0.6066142 -0.50134474 -0.2850992 -0.2529958 -0.23559403 0.033211105 -0.043600872 -0.36147994 -0.43997693 -0.4201126 -0.28861758 -0.119279675 -0.10221415 -0.0149416495 0.25299376 0.577848 0.46193606 0.017111046 -0.46715173 -0.41713482 -0.086493716 -0.007940546 -0.0513169
0.06785832 0.06262924 -0.007410599 -0.08407122 -0.16675426 -0.17234346 -0.08626626 0.053808026 0.20437619 0.23180719 0.05974085 -32767.0 -32767.0 -32767.0 -32767.0 -32767.0 -32767.0 -32767.0 -32767.0 -32767.0 -32767.0 -32767.0 -32767.0 -32767.0 -0.19543636 -0.2925895 -0.22251716 0.13858221 0.5524745 0.48766962 0.08377301 -0.20653914 -0.26126492 -0.34452054 -0.49124697 -0.6140186 -0.43966037 -0.3153141 -0.21264248 -0.16276683 -0.0859945 -0.31216615 -0.55881923 -0.5403506 -0.30394027 -0.0043170853 0.10012425 0.112467326 0.125981 0.22987835 0.23954313 0.13680746 -0.066184096 -0.39814666 -0.5414269 -0.13385962 -0.077058345 -0.0746137
0.101873204 0.08188402 -0.026430959 -0.12348337 -0.22265431 -0.23227343 -0.22088043 -0.05859061 0.15876523 0.027609074 -32767.0 -32767.0 -32767.0 -32767.0 -32767.0 -32767.0 -32767.0 -32767.0 -32767.0 -32767.0 -32767.0 -32767.0 -32767.0 -32767.0 -32767.0 -0.29936096 -0.21539824 -0.03911171 0.4308257 0.49082267 0.040320363 -0.23000517 -0.3567992 -0.46339026 -0.5070133 -0.38410175 -0.36894915 -0.26020232 -0.061336298 -0.101590045 -0.32670334 -0.5656843 -0.77635825 -0.44200644 -0.049679786 0.2573446 0.31441414 0.24968699 0.15188415 -0.036494806 -0.07396404 -0.17741138 -0.23764138 -0.28600368 -0.14659995 0.11152115 -0.027154813 -0.025726147
0.016847756 0.02523874 -0.05870882 -0.17008789 -0.23544838 -0.24268943 -0.24860552 -0.16783936 0.1711827 -32767.0 0.062354 -32767.0 -32767.0 -32767.0 -32767.0 -32767.0 -32767.0 -32767.0 -32767.0 -32767.0 -32767.0 -32767.0 -32767.0 -32767.0 -32767.0 -0.11992276 -0.2575897 0.011796292 0.30974814 0.40061137 -0.08673575 -0.2610075 -0.4411999 -0.55764425 -0.443061 -0.34872493 -0.10760177 -0.066976264 0.096563146 -0.01063302 -0.38135812 -0.63007426 -0.5446054 -0.2924403 0.08270796 0.25969827 0.241427 0.1398702 -0.07603279 -0.20546228 -0.29552925 -0.25504944 -0.24909917 -0.30073342 -0.0048852884 0.062360957 -0.008577115 0.0730298
-0.05897975 -0.043586046 -0.060755998 -0.107120626 -0.10116752 -0.15112537 -0.24815013 -0.28306213 -0.0803142 0.15521199 0.3960672 0.060674906 -0.10914309 -0.03935026 0.054240994 -0.013377438 -32767.0 -32767.0 -32767.0 -32767.0 -32767.0 -32767.0 -32767.0 -32767.0 -32767.0 -32767.0 -0.12813489 0.043248616 0.52326006 0.38540936 -0.15644848 -0.27988696 -0.42505595 -0.4824437 -0.4726208 -0.29640427 -0.11193958 -0.097914234 0.010602212 -0.007820211 0.011821594 -0.03095774 -0.1340001 -0.07775172 0.025823688 0.108958334 0.15077639 -0.0047764806 -0.26502225 -0.4154888 -0.44080186 -0.3251528 -0.03357809 -0.048842758 0.0024449825 -0.015313929 -0.10041636 0.037237413
0.103673 -0.047960233 0.033688154 -0.041322496 -0.0370918 -0.09737409 -0.16308914 -0.17260572 -0.19172546 -0.23752028 0.24657881 0.043290842 0.06311907 0.06413914 0.005072263 0.019801011 -32767.0 -32767.0 -32767.0 -32767.0 -32767.0 -32767.0 -32767.0 -32767.0 -32767.0 -32767.0 -32767.0 -0.027233616 0.39523327 0.40918234 -0.06282897 -0.32171032 -0.44038796 -0.37952963 -0.57546866 -0.32102925 -0.17561534 -0.22953548 -0.22586872 -0.037356243 0.15068062 0.27649277 0.13658471 0.024272896 -0.23892918 -0.15840001 -0.004260707 -0.11389371 -0.2027999 -0.2599976 -0.42146254 -0.2912753 -0.074851304 0.017035458 0.2905128 0.35785508 0.35821337 0.16096194
-32767.0 -0.09634187 -0.27953997 -0.2630845 -0.080956705 -0.16221805 -0.17526257 -0.21216962 -0.16990219 -0.027814325 -0.026202086 0.05682497 0.015661124 0.06785349 0.065146916 0.013746742 0.061903656 -0.06795351 -32767.0 -32767.0 -32767.0 -32767.0 -32767.0 -32767.0 -32767.0 -32767.0 -32767.0 -32767.0 0.4073187 0.46446684 0.11991632 -0.27810177 -0.42144924 -0.30000618 -0.4170293 -0.3620155 -0.20710468 -0.21178633 -0.1565981 -0.077117875 0.28386325 0.37700713 0.07038068 -0.009401383 -0.31757268 -0.17649688 -0.077417254 -0.14854206 -0.15615557 -0.1459912 -0.1956042 -0.13340628 -0.12844749 -0.11663454 0.14578886 0.31053168 0.42742997 -32767.0
-32767.0 -0.12705746 -0.26386544 -0.29098094 -0.19737583 -0.14409766 -0.15539601 -0.12134401 0.0041049295 0.1152086 0.17668882 0.110256486 0.11081652 0.03839373 0.058167674 0.09624695 -32767.0 -0.016966803 -32767.0 -32767.0 -32767.0 -32767.0 -32767.0 -32767.0 -32767.0 -32767.0 -32767.0 -32767.0 0.34849584 0.5824843 0.24960431 -0.17527369 -0.40268078 -0.37789142 -0.36388302 -0.40282112 -0.3490054 -0.30548924 -0.18118024 0.041736327 0.4346671 0.24579331 0.04984697 -0.041626193 -0.38318267 -0.2743133 -0.08360688 -0.036085792 -0.080072425 -0.17617038 -0.29789427 -0.25716922 -0.30599493 -0.16296384 -0.08849769 0.04899721 0.26847285 -32767.0
-0.07126915 -0.051085886 -0.20418383 -0.27792764 -0.13633576 -0.08611239 -0.06071793 -0.019700792 0.101114124 0.24778022 0.26016086 0.15821925 0.09642265 0.20203541 0.43974623 -32767.0 -32767.0 -32767.0 -32767.0 -32767.0 -32767.0 -32767.0 -32767.0 -32767.0 -32767.0 -32767.0 -32767.0 -32767.0 0.12845576 0.54680353 0.36345196 -0.05694612 -0.30718142 -0.38430378 -0.42429966 -0.41095144 -0.31315464 -0.26957965 -0.22005898 0.01435055 0.21015239 0.116730556 0.1697678 0.15195785 -0.21318972 -0.26026866 -0.07707939 0.12348974 0.06568222 -0.08014985 -0.27554846 -0.3816823 -0.27902716 -0.041953288 0.28291047 0.21258327 0.092506 0.003984346
-0.10290824 -0.06346093 -0.15414165 -0.17778808 -0.11438131 -0.029878901 0.0062801805 0.051728547 0.10792501 0.27523503 0.30725768 0.21975069 0.19447923 0.13245969 0.31188428 0.09207479 -32767.0 -32767.0 -32767.0 -32767.0 -32767.0 -32767.0 -32767.0 -32767.0 -32767.0 -32767.0 -32767.0 -32767.0 -0.24825227 0.6621969 0.4508501 -0.028575044 -0.25696668 -0.28939456 -0.31607434 -0.3381532 -0.34627536 -0.1932616 -0.05512838 -0.0096599525 0.09417767 0.16401751 0.31980544 0.23272769 -0.11135473 -0.12066074 -0.037241194 0.07609898 0.1375267 -0.03758749 -0.35722107 -0.38381165 -0.3278561 0.21143654 0.57817394 0.09063534 0.046948954 -32767.0
-0.12898947 -0.09176586 -0.09233911 -0.16275637 -0.18621396 -0.12738371 -0.045253918 0.027131341 0.08202261 0.13565439 0.10565421 0.085882775 0.10083967 0.14948806 0.20505318 0.19929235 0.10863319 -32767.0 -32767.0 -32767.0 -32767.0 -32767.0 -32767.0 -32767.0 -32767.0 -32767.0 -32767.0 -32767.0 -0.16944115 0.7873476 0.43296266 -0.12667213 -0.31938335 -0.13112581 -0.22184691 -0.32808137 -0.27538213 -0.0077591585 0.035189502 -0.20792288 -0.16648386 0.093140915 0.38846698 -32767.0 -0.08435254 0.112942874 0.010362826 -0.03505424 -0.028865213 -0.23056313 -0.30145583 -0.31196353 -0.3689579 0.20573932 0.57119596 -32767.0 -32767.0 -32767.0
-0.08880127 -0.08101563 -0.12036641 -0.14975104 -0.1355201 -0.05020411 0.04238476 0.067939565 0.033460334 0.03460325 0.03767505 0.045278493 0.057790615 0.116404966 0.114083715 0.230952 0.1693952 -32767.0 -32767.0 -32767.0 -32767.0 -32767.0 -32767.0 -32767.0 -32767.0 -32767.0 -32767.0 -32767.0 -32767.0 0.81840247 0.4236623 -0.13953565 -0.3938517 -0.1114333 -0.1032094 -0.13825153 -0.12862435 0.10210663 0.092019156 -0.07324187 -0.07119863 0.16123372 0.22932392 0.087541275 0.035932675 0.12980735 0.08105916 -0.07557923 -0.07364482 -0.123579346 -0.18176538 -0.11776459 -0.035857953 0.25072426 0.06605246 -32767.0 -32767.0 -32767.0
-0.036804285 -0.11652506 -0.13205665 -0.10670499 -0.08914364 -0.038041215 0.09639829 0.11610797 0.10092317 0.061999165 0.045128047 0.042643037 0.06572752 0.08502578 0.12728468 0.25291672 0.15688255 0.052011963 -32767.0 -32767.0 -32767.0 -32767.0 -32767.0 -32767.0 -32767.0 -32767.0 -32767.0 -32767.0 0.6074444 0.6627519 0.30134994 -0.06219 -0.48085994 -0.24456559 0.015417179 0.01346704 -0.046522196 0.10085321 0.08813909 -0.088203736 0.14254369 0.29735896 0.31068343 0.09972288 -0.047414392 0.018691376 0.01549194 0.044458345 0.074766785 0.14826912 0.03936826 -32767.0 0.1377094 -0.06971326 0.07129525 -32767.0 -32767.0 -32767.0
-0.082111254 -0.1037736 -0.10766764 -0.07497152 -0.045438662 -0.06502909 -0.05692157 0.020874185 0.07862619 0.09723723 0.06708121 0.06783828 0.101987466 0.092959344 0.17747612 0.15540652 0.091584176 -32767.0 -32767.0 -32767.0 -32767.0 -32767.0 -32767.0 -32767.0 -32767.0 -32767.0 -32767.0 -32767.0 0.48893484 0.41319525 0.11684052 -0.07327313 -0.2785593 -0.19198662 0.042953342 0.0813105 0.20438825 -0.025970344 -0.022216195 0.057955444 0.38519046 0.26080415 -32767.0 -32767.0 0.01357091 -0.00044969603 -32767.0 -32767.0 -32767.0 -32767.0 -32767.0 -32767.0 -32767.0 -32767.0 -32767.0 -32767.0 -32767.0 -32767.0
-0.13195504 -0.0867492 -0.066947155 -0.0001712518 0.035647653 -0.00563894 -0.05114552 -0.03692653 0.034055322 0.07162883 0.08804443 0.012354082 0.039378297 -0.018922918 0.115418814 0.103107385 -32767.0 -32767.0 -32767.0 -32767.0 -32767.0 -32767.0 -32767.0 -32767.0 -32767.0 -32767.0 -32767.0 0.2688867 0.46463394 0.24839626 -0.20061968 -0.19465666 -0.016364772 0.026245834 0.114857495 0.19568503 0.22878025 0.24000143 -0.01019406 0.19573106 0.21777287 -32767.0 -32767.0 -32767.0 -32767.0 -32767.0 -32767.0 -32767.0 -32767.0 -32767.0 -32767.0 -32767.0 -32767.0 -32767.0 -32767.0 -32767.0 -32767.0 -32767.0
-0.06532555 -0.11880066 -0.08494811 -0.03199411 -0.021530138 -0.016177526 -0.012838795 -0.065526105 -0.0940664 -0.05308588 0.04785356 -0.0046931636 -0.03071286 -0.06171751 0.07778566 0.0046995785 -32767.0 -32767.0 -32767.0 -32767.0 -32767.0 -32767.0 -32767.0 -32767.0 0.1064774 -0.1283945 0.14821848 0.35802227 0.45206076 0.10308093 -0.4257094 -0.30006737 -0.014417261 0.08942151 0.17665248 0.19781365 -0.13672741 0.17994873 0.08445224 -32767.0 -32767.0 -32767.0 -32767.0 -32767.0 -32767.0 -32767.0 -32767.0 -32767.0 -32767.0 -32767.0 -32767.0 -32767.0 -32767.0 -32767.0 -32767.0 -32767.0 -32767.0 -0.0017498484
0.006048387 -0.054358102 -0.040977255 -0.022151064 -0.016024569 0.0172979 0.010442488 -0.08523527 -0.11869999 -0.10029474 -0.017685896 -0.028490175 -0.15948671 -0.083080545 0.059120238 -0.028604249 -32767.0 -32767.0 -32767.0 -32767.0 0.00011410176 -0.01760572 0.012459723 0.077690795 -0.030964289 0.18013819 0.30118838 0.721892 -0.09217857 -0.034961216 -0.20421316 -0.1761504 0.063029796 0.21238744 0.39609572 -0.02001357 -0.021522699 0.05997593 -32767.0 -32767.0 -32767.0 -32767.0 -32767.0 -32767.0 -32767.0 -32767.0 -32767.0 -32767.0 0.11987462 0.12741132 -32767.0 -32767.0 -32767.0 -32767.0 -32767.0 -32767.0 -32767.0 -0.1459335
0.073170014 0.031407937 0.02882784 0.02031615 0.046417084 0.035729133 0.054677926 -0.01901654 -0.08770992 -0.08754139 0.03232197 0.121627554 -0.04969791 -0.37333417 0.03681024 -32767.0 0.0053098807 -32767.0 0.05995872 -32767.0 0.058303513 -32767.0 0.059893403 -0.010781555 -0.026204066 0.05595611 0.19284013 0.23146631 -0.10410682 0.0026633039 0.08862428 0.119004026 0.23373406 0.29370254 0.029789424 -0.01509208 -32767.0 -32767.0 -32767.0 -32767.0 -32767.0 -32767.0 -32767.0 -32767.0 0.011928328 -0.008087918 0.0054436782 -0.0020538187 0.08267136 0.11329348 0.18055856 0.012688723 -32767.0 -32767.0 -32767.0 -32767.0 -32767.0 -0.04477572
0.0916325 0.07080819 0.047730528 0.07078856 0.12933579 0.13947508 0.044462793 -0.053648368 -0.029036587 0.015466735 0.09051257 -0.0647449 -0.04439646 -0.116258524 -0.08696279 -0.19968146 -0.0457678 0.107711636 0.05926043 -0.13369067 0.09220401 0.028423075 0.07224502 0.043651853 -0.049432818 0.009609485 0.31960374 -32767.0 0.19890071 0.18169588 0.2639274 0.1774908 0.112846635 -0.0071823318 -32767.0 -32767.0 -32767.0 -32767.0 -32767.0 -0.13072187 0.0046197143 -0.08765826 -0.018126804 -0.08872346 0.059413128 0.075015344 -32767.0 -32767.0 0.028737258 0.03701207 0.06888513 -32767.0 -32767.0 -32767.0 -32767.0 -32767.0 0.23437516 0.16657886
-0.019012136 -0.022496698 -0.082483605 -0.09576973 -0.08170021 -0.08930493 -0.13575709 -0.16264634 -0.16864121 -0.043957375 -0.01676948 -0.09453251 0.06980783 0.003101304 -0.023379866 -0.13428582 -0.13989688 0.114599645 0.0173792 -0.08289296 0.038302932 0.03782871 0.08419432 0.22088324 0.13825107 0.20380324 0.3037557 0.18811518 0.25453347 0.1783828 0.10908588 0.046629883 -0.0238332 0.06042304 0.02255376 -32767.0 0.117528446 0.058179043 -32767.0 -0.019640861 0.057224523 -0.10023213 -32767.0 0.076229505 -0.0038314054 -32767.0 -32767.0 -32767.0 -32767.0 -0.13483597 -0.010313038 -32767.0 -32767.0 -32767.0 -32767.0 0.049775396 0.25035203 -0.009551162
-0.12607335 -0.14306316 -0.08378537 -0.06236041 -0.019323826 -0.017812511 -0.12811013 -0.19576202 -0.20837726 -0.18089241 -0.029424243 0.07107929 0.10781242 0.07913645 0.06412226 0.09420455 0.22158134 0.10080317 -0.13444442 -0.065611705 0.009851492 0.024064887 0.12778005 0.32819214 0.25447428 0.30739662 0.3147485 0.295293 0.3145662 -32767.0 0.14465134 0.04454777 -32767.0 -32767.0 -0.0026266698 0.041098434 0.13578317 -0.022531733 0.15444331 0.21896191 -0.07046927 -32767.0 -32767.0 -32767.0 -32767.0 -32767.0 -32767.0 -32767.0 -32767.0 -0.102444574 -0.12414962 -0.15198494 -32767.0 -32767.0 0.035191722 0.042088084 -0.06595617 -0.07258295
