static/data/seaWater_vo/2023/7/14/18.asc
ncols 137
nrows 93
xllcorner 108.0
yllcorner 17.0
cellsize 0.25
NODATA_value -32767
[rows 26 to 51 of 93, columns 58 to 115 of 137]
0.059396766 0.1126341 0.14417742 0.13933782 0.06847195 0.0125071 0.008134937 0.018145517 0.018424805 0.09141532 0.17524686 0.23425788 0.17402595 0.108609825 0.1701862 0.22302897 -32767.0 -32767.0 -0.1296757 0.16697325 0.32148597 0.2856265 0.33102915 0.35911298 0.31078315 0.18605937 0.028544983 -0.021842297 0.11751228 -0.023463467 -0.004062109 -32767.0 -32767.0 -32767.0 -32767.0 -32767.0 -32767.0 -0.112147905 0.026026895 0.3121928 -32767.0 -32767.0 -32767.0 -32767.0 -32767.0 0.019600851 -32767.0 -0.044999026 0.13073693 0.14562099 -0.12994015 -0.1487165 0.01247094 -32767.0 0.23713537 -0.06898486 -0.09516708 -0.02966333
0.048138108 -0.014495412 0.020934679 0.072583206 0.07980805 0.04811908 0.052135617 0.05986796 0.017451571 -0.0039613456 0.064074494 0.08919648 0.098785736 0.042220127 0.072609395 -32767.0 -32767.0 0.1582245 0.20075092 0.40090722 0.31222108 0.19129133 0.21960473 0.32621387 0.26083273 0.08424111 0.031094119 0.013456408 -32767.0 -32767.0 -32767.0 -32767.0 -32767.0 -32767.0 -32767.0 -32767.0 -32767.0 -0.12245555 -0.008058101 0.28206515 -32767.0 -32767.0 -32767.0 -0.15987018 0.098991916 0.01162565 0.16275306 0.1574105 0.17712364 0.06916137 -0.24307872 -0.28033563 0.28536567 -0.04957888 -0.07105735 -0.23685028 -0.13228764 -0.0080236625
-0.08927181 0.029020803 0.06654489 -0.045531746 -0.018170431 0.061050266 0.09659913 0.10731199 0.11786849 0.068632595 0.057664856 0.12799236 0.16716443 0.12785748 0.1023684 0.13702959 0.16694911 0.24871707 0.2658466 0.21973573 0.32934865 0.37624136 0.26071465 0.22994362 0.07860704 0.0010946086 -32767.0 -0.12474412 0.06503173 -32767.0 -32767.0 -0.0022516232 -32767.0 -32767.0 -32767.0 -32767.0 -32767.0 -32767.0 -0.09899468 0.07985943 -32767.0 -32767.0 -0.022190405 0.17775843 -0.031071002 -0.20943196 0.28846374 0.13754916 0.14062607 0.03509338 -0.2703921 -0.14078373 0.12741278 -0.04520446 -0.12235094 -0.19735743 -0.094535284 0.012446333
0.0047082375 0.07911668 0.06972262 0.047082856 0.019624734 0.00020593754 0.07849472 0.13763848 0.2196995 0.19935179 0.1994408 0.23173095 0.24051736 0.36833292 0.47525904 0.27540547 0.18784276 0.29536375 0.29655373 0.32466665 0.38885498 0.4257133 0.30865675 0.20620061 0.033371054 -32767.0 0.023241105 -0.026665237 0.13843286 -0.043494646 0.10019048 -32767.0 0.093395635 -32767.0 -32767.0 -32767.0 -32767.0 -32767.0 -0.013515579 0.09773341 -0.112858765 -0.26125297 -0.022412766 0.21340798 -0.18240745 -0.18328485 0.13276014 0.14104371 0.14695527 0.06261274 -0.16351354 -0.08646445 0.034451175 -0.018117417 -0.05329431 -0.039025526 -0.020942893 0.16246754
0.07828394 0.082329325 0.077736646 0.08200592 0.07226577 0.120581225 0.30294275 0.28368875 0.25986263 0.22146216 0.23358867 0.27488443 0.32324973 0.504365 0.41558078 0.24415433 0.25890014 0.3038721 0.39211282 0.3242664 0.31054482 0.34631497 0.27459624 0.20295036 0.07067329 -0.06533669 0.040354054 0.077028945 -0.015869793 0.07751288 0.034562957 -0.011144163 0.016826607 -32767.0 -32767.0 -32767.0 -32767.0 0.071786106 0.25235084 0.038608674 -0.20732792 -0.3079255 -0.20661823 -0.033823293 -0.12662247 -0.20011966 0.0398446 0.1435109 0.09924735 0.04766979 -0.038573705 -0.11926572 -0.024789544 -0.012505925 -0.027200362 0.08861288 0.104532436 0.23004715
0.076701544 0.079423234 0.07668202 0.111038454 0.11344275 0.18153644 0.20977797 0.21978563 0.18945068 0.20845698 0.24079236 0.21709576 0.27855316 0.4288171 0.37054414 0.29479352 0.34338576 0.39529648 0.34448493 0.23083076 0.21382058 0.24664813 0.2411654 0.22013047 0.16328494 0.12258514 0.10655876 0.058703355 -0.035807874 -0.106675655 0.013206156 0.05068483 -0.003532231 -32767.0 -32767.0 -32767.0 -32767.0 0.13523237 -0.15794447 -0.12133918 -0.017124992 0.026793825 0.015823826 -0.09150974 0.06024549 0.12276755 0.16146374 0.16790181 0.095351905 -0.03376727 -0.13973337 -0.122260205 -0.19952962 -0.21810998 -0.15118375 0.08831759 0.11240538 0.3426143
-0.074299105 0.0684273 0.14335272 0.2313022 0.22163758 0.2316489 0.18824911 0.16030556 0.0948559 0.046680383 0.07531114 0.060971435 0.09167674 0.23222348 0.28894565 0.3221361 0.22921568 0.19577593 0.13691139 0.14368325 0.14755325 0.17934187 0.2783394 0.28531018 0.22579594 0.16857958 0.054820575 -0.027837224 -0.051145963 -0.14177199 0.0179798 -32767.0 -32767.0 -32767.0 -32767.0 -32767.0 0.04349757 0.056663923 -0.18625756 -0.01612947 0.23167403 0.5396413 0.50090516 0.30601177 0.21862985 0.19504182 0.19600451 0.1423769 -0.019467654 -0.27475733 -0.51929104 -0.52901185 -0.3149584 -0.40326238 -0.4118922 -0.13379689 0.09458419 0.3696834
0.020483818 0.1683438 0.2294943 0.28371197 0.2544606 0.3466651 0.22107032 0.18375432 0.100562066 0.12826437 0.07396513 0.12643889 0.20429213 0.13680169 0.024223547 0.0806517 0.11353534 0.109541915 0.15046723 0.2676247 0.23527391 0.2383623 0.29914755 0.2519777 0.2123793 0.27096945 0.17365067 -0.08081587 -0.1737284 -0.19411999 -0.029094508 -32767.0 -32767.0 -32767.0 -32767.0 -32767.0 -0.0019415678 0.16957065 0.26584646 0.44888708 0.6324639 0.6587058 0.5177831 0.36671942 0.2988423 0.23330319 0.25815564 0.17374372 -0.03320532 -0.2545329 -0.54021835 -0.90290713 -0.7019357 -0.50140023 -0.62509835 -0.37411964 0.06630632 0.33587092
0.20640853 0.4433825 0.36061725 0.3019477 0.2765034 0.27754524 0.2089455 0.18075153 0.14390856 0.09624104 0.10626515 0.122289516 0.15446393 0.14153114 0.0336413 -0.008251767 0.05987683 0.11916018 0.13914421 0.22105318 0.26864606 0.26405403 0.26204824 0.27523085 0.26106757 0.28585008 0.14775763 -0.005610194 -0.23511717 -0.12988485 -0.05255183 0.0099872 -32767.0 0.07579023 -32767.0 -32767.0 0.31690896 0.7848733 0.5681902 0.6376678 0.7307676 0.63651097 0.4819319 0.32919678 0.27021584 0.2795367 0.26969665 0.16858973 -0.0013394863 -0.21003981 -0.45550773 -0.8022614 -1.0364478 -0.7271944 -0.80517745 -0.577219 0.043087456 0.36708802
0.3525826 0.2439261 0.28244683 0.30336165 0.30425528 0.2308121 0.1467872 0.13337654 0.08801794 0.060818527 0.08087539 0.029036101 0.04581959 0.13044477 0.081672736 0.060174458 0.037495323 0.112488225 0.19356695 0.1889362 0.2316731 0.2733563 0.345707 0.28138837 0.30179948 0.29896623 0.16419563 -0.02113828 -0.2345025 -0.12294783 -0.016975597 0.025652705 -0.008979149 -0.010539288 -32767.0 0.2964193 0.75452614 0.6546754 0.784382 0.7840271 0.7602934 0.5268255 0.3285363 0.27906913 0.3074499 0.3049303 0.20223705 0.1686545 0.04676053 -0.15745927 -0.36347383 -0.6828435 -1.002054 -1.030401 -0.9808513 -0.7864042 0.05428531 0.48564816
0.26536497 0.1406741 0.19758311 0.3153419 0.3919038 0.2787286 0.20050284 0.057852242 0.031996325 -0.030773649 -0.025561525 0.00835359 0.010608153 0.11446713 0.003433368 0.06254146 0.08297828 0.13686877 0.14937957 0.19317746 0.2784089 0.39075372 0.3879185 0.33465362 0.33233887 0.27672014 0.15831843 -0.102565505 -0.15802898 -0.011206045 0.032050777 0.12021406 -0.04905369 -32767.0 0.80424774 0.34269026 0.4422953 0.7222579 0.8709953 0.82342297 0.58575195 0.4159415 0.2834327 0.32085553 0.35364544 0.09921416 0.21659403 0.1992081 0.068305835 -0.06860813 -0.32339787 -0.6118497 -0.9217856 -1.1567171 -1.1265745 -0.88610464 0.015243052 0.45476067
0.30913374 0.41342744 0.21805802 0.30945194 0.37752753 0.36005178 0.21665774 0.026835974 0.039046906 0.027132971 0.016464164 0.0016523784 -0.00027346495 0.04066166 0.04038767 0.021219313 0.075445294 0.13535887 0.25410995 0.3182584 0.40418726 0.45136157 0.40406027 0.38650534 0.34559402 0.23355033 0.02273712 -0.12307322 -0.08649482 0.1473352 0.16646309 0.1845805 0.10597409 0.16564879 0.26805174 0.12928818 0.69422024 0.78059745 0.9088082 0.7742501 0.6062428 0.3956062 0.22851092 0.4646545 0.1758442 0.124921314 0.43387425 0.23634513 0.021418672 -0.13943271 -0.20112883 -0.58277506 -0.89378893 -1.1906596 -1.2167498 -0.9310449 -0.043895014 0.4149928
0.26490524 0.21755601 0.32210207 0.32534292 0.41250807 0.27520347 0.23628019 0.16102651 0.11365936 0.09036733 0.07323025 0.022271996 -0.032220446 0.022562038 0.03008527 0.07009509 0.13162887 0.17743987 0.24768351 0.35767895 0.4671975 0.4661841 0.4881935 0.5083599 0.4278611 0.21999419 -0.0049208426 -0.18389817 -0.1246956 0.11154546 0.24285421 -32767.0 0.08925992 -0.24745837 -32767.0 0.55565834 0.7354146 0.8261932 0.9017039 0.64324015 0.5648952 0.33346525 0.21064028 0.4634737 0.085505925 0.38596052 0.47610113 0.3317396 0.075804725 -0.14281781 -0.21153677 -0.5752627 -0.8724357 -1.1688758 -1.2637224 -0.9248405 -0.03208789 0.42490864
-32767.0 0.37569976 0.26534772 0.38620612 0.38356635 0.3070841 0.3287869 0.3255183 0.24944223 0.10242765 0.12493231 0.12533548 0.09801947 0.1255535 0.17049234 0.18602413 0.20822547 0.3027953 0.4570409 0.48712358 0.54899734 0.69409513 0.78883946 0.7083969 0.44141924 0.16154252 -0.10317455 -0.21568818 -0.2570378 -0.104759686 0.09647444 0.27637148 -32767.0 -0.31626105 0.40399256 0.617019 0.7542659 0.97404766 0.8695872 0.4132232 0.2700282 0.23557727 0.09642489 0.3625775 0.15689193 0.4449769 0.5151257 0.28410017 -0.010966192 -0.15937275 -0.19660029 -0.5505528 -0.8329481 -1.0765872 -1.2323902 -0.91265273 -0.07617522 0.73009723
0.28033662 0.32744458 0.3911264 0.32154903 0.32234293 0.22068821 0.14653276 0.24623947 0.40850317 0.456579 0.37801763 0.35226026 0.27536675 0.316922 0.32646716 0.34977877 0.320708 0.377817 0.5022139 0.5974009 0.73756975 0.8663809 0.8579925 0.6481001 0.34602216 0.047263283 -0.18199565 -0.3735245 -0.35496795 -0.16507204 -0.14697546 -0.116338134 -0.09379756 0.11011661 0.4388463 0.72100055 0.7918123 0.9307688 0.64318883 0.27425313 0.106584765 0.15154114 0.09833565 0.17016882 0.231752 0.35678792 0.45071998 0.23377112 -0.0025523296 0.021472242 -0.14475317 -0.5356398 -0.85944533 -0.9437751 -1.068094 -0.78196084 0.049055897 0.91212535
0.21764189 0.42532802 0.3702487 0.37754002 0.21370615 0.181547 0.32156265 0.09658001 0.0421014 0.1146665 0.06924031 0.13696921 0.24131931 0.39402613 0.4378016 0.40342826 0.33401448 0.3182569 0.46171564 0.64147145 0.696447 0.9898183 0.90787464 0.6934016 0.32860827 0.04157973 -0.12807913 -0.29908153 -0.5155689 -0.34280983 -0.112892956 -0.32590073 0.033943016 0.46139768 0.5289357 0.73197186 0.7673839 0.6817372 0.4620221 0.31435037 0.14051706 0.20601851 0.23896106 0.19913752 0.22712821 0.25320873 0.2604881 0.24572119 0.022511221 0.06323794 0.053661007 -0.37870914 -0.7669458 -0.7536663 -0.80328727 -0.5001171 0.14828818 0.6816686
0.3704429 0.43149415 0.37825722 0.3122068 0.36690873 0.3310056 0.34300053 0.15084074 0.19429931 0.13010761 0.15195106 0.22761475 0.24251868 0.29359487 0.31041953 0.20182852 0.13361256 0.24946871 0.49542096 0.3503629 0.616561 1.0911814 0.9765319 0.6742133 0.30345652 0.103257515 -0.09206835 -0.23106837 -0.45125234 -0.72368586 -0.34448618 -0.19703548 0.13318226 0.37236422 0.50996065 0.63293606 0.5465346 0.34747237 0.33347616 0.3698426 0.31026486 0.27320978 0.29445317 0.26614708 0.17232572 0.10623801 0.112269275 0.15495965 0.15066282 -0.06297018 0.09550907 -0.05967337 -0.42437592 -0.55970365 -0.49059707 -0.23385476 0.15795103 0.4443482
0.32675818 0.52894425 0.4265723 0.42514482 0.32857364 0.4437285 0.16155979 0.11053905 0.22179171 0.16839206 0.17782387 0.27566797 0.24644157 0.2085532 0.11882094 0.11827462 0.18319458 0.3673346 0.3255053 0.22139014 0.49413323 1.164688 1.0388263 0.6407262 0.27553222 0.17048822 -0.10439479 -0.22778803 -0.62035197 -0.1398656 -0.32029352 -0.18345574 0.22412336 0.40559912 0.5374619 0.4345706 0.2963576 0.15419053 0.22855778 0.3529166 0.35849687 0.30344218 0.26729178 0.13925669 0.022542022 -0.025341762 -0.057296492 0.226968 0.15720934 0.15571631 -0.09613093 -0.10602679 -0.10575573 -0.30999434 -0.2944456 -0.07015724 0.2088175 0.34126675
0.52592295 0.507201 0.43265226 0.28324693 0.45515272 0.10040165 0.24015746 0.30661997 0.2891708 0.09806022 0.18081784 0.21083224 0.18184909 0.097180195 0.013542325 -0.023013286 0.17281845 0.30686128 0.28288472 0.2971659 0.6956061 1.1556484 0.96921545 0.5386974 0.26668456 0.26581672 -0.043389134 -0.24285509 -0.13484411 -0.26816335 -0.22370487 -0.0025481503 0.2338629 0.30236304 0.3474245 0.34255505 0.2704879 0.22144587 0.26250213 0.29040137 0.2730347 0.20799263 0.15680763 0.1449984 0.00030634183 -0.13219851 -0.033130195 0.12594947 0.21037121 0.1335958 0.043601688 -0.007415833 -0.18562762 -0.17123735 -0.04187972 0.01914455 0.030436551 -0.050985683
0.5801802 0.51502454 0.45799014 0.213498 0.17801097 0.33517167 0.27059406 0.26979044 0.34784237 0.2504799 0.2496746 0.20202047 0.119726695 0.052183207 0.016217228 -0.012066788 0.116268 0.31753752 0.47577983 0.6891994 0.9071423 0.9808301 0.68767923 0.3042211 0.16238528 0.3121709 -0.013526314 -0.1804231 -0.057557926 -0.03154939 -0.027327728 -0.030972285 0.07236522 0.29266542 0.36980486 0.38236472 0.3486017 0.28699806 0.2207311 0.17041029 0.10131722 0.05437373 -0.008512603 0.012573175 0.07762769 -0.075277016 -0.16724238 -0.021424063 0.09559683 0.12914579 0.1606226 0.069987245 0.013750915 0.0048823887 0.030700784 0.08688016 -0.015528408 -0.007968805
0.6291389 0.6204891 0.44216594 0.2645122 0.077462256 0.22896737 0.44068325 0.2600832 0.23337828 0.23308219 0.31283972 0.3001416 0.15783952 0.0316036 0.07291853 0.14703338 0.20360346 0.50211495 0.7492449 0.88388 0.86579955 0.6342516 0.28736344 0.026312843 0.08429391 0.2499518 0.20258087 -0.10817797 -0.107012466 0.020138992 -0.046980254 -0.16152267 0.42514953 0.42515698 0.42292202 0.40986118 0.33183137 0.23588493 0.14680235 0.07162005 -0.02047786 -0.07793616 -0.14241053 -0.18182094 -0.045619767 -0.012205195 -0.19840099 -0.20810193 -0.04040775 0.11354108 0.11154596 -0.00014881796 -0.050345916 -0.041618902 -0.07225075 -0.15198997 -0.07462918 0.1218681
0.7167104 0.5813764 0.37544927 0.18678552 0.08606944 0.12267758 0.28504586 0.043998517 0.2724201 0.2695654 0.3293103 0.31693125 0.10526227 -0.048811704 0.15300032 0.3677772 0.44908333 0.78471404 0.9588815 0.7454322 0.4327915 0.17910601 -0.014225088 -0.09335191 -0.055928208 0.18243386 0.1649645 -32767.0 -0.0928015 0.10642705 0.11650776 0.24414605 0.45042184 0.488585 0.46066606 0.38127533 0.29852948 0.20524286 0.0805782 0.015266174 -0.064989686 -0.09863339 -0.19182475 -0.25817528 -0.18127 -0.048063528 -0.22922572 -0.29506785 -0.09542115 -0.032860577 -0.045495275 -0.09510923 -0.13695823 -0.21047696 -0.29239014 -0.07759019 0.057287484 -0.09423351
0.7624537 0.46791738 0.2155389 0.12513955 0.18987244 0.22375965 0.1317916 0.009259941 0.23212846 0.28537795 0.3423024 0.27124092 0.12438809 0.0717465 0.24118419 0.4175916 0.8963833 0.9344354 0.7637094 0.49944255 0.17141458 -0.021485146 -0.05361263 -0.06672768 -0.12596981 -0.04698247 0.25437602 0.04767355 -0.041571252 0.3331933 0.30880314 0.39480013 0.45644346 0.44944414 0.39698136 0.35192445 0.30616003 0.1806521 0.11401199 0.031619385 -0.027982399 -0.19759025 -0.26416048 -0.37250486 -0.2485629 -0.15628937 -0.37004417 -0.3595181 -0.22288337 -0.19020443 -0.108819254 -0.0030581676 0.005806519 -0.015740799 0.01446767 0.11917729 0.16482793 -0.09702311
0.67453766 0.25907466 0.058526568 0.2929595 0.19550413 0.14867496 0.06828718 0.17486481 0.22361581 0.24044402 0.26035875 0.17301917 0.16787465 0.36785927 0.39256167 0.8777787 0.9786637 0.82461303 0.54145205 0.2527841 0.059074506 0.06354215 0.00096278486 -0.096000336 -0.18969245 -0.071065865 -32767.0 0.17875615 0.26769578 0.18213108 0.36963615 0.38399422 0.40948036 0.41401848 0.4294065 0.38958502 0.32964745 0.2693728 0.003941193 -0.1420703 -0.14305142 -0.31437552 -0.35130614 -0.44296655 -0.2789609 -0.3345863 -0.519385 -0.4279266 -0.3281429 -0.030093089 0.19382368 0.073972955 -0.024229536 -0.08969204 -0.114966035 -0.09702323 -0.16592954 -0.16062495
0.5028776 0.21353745 0.045073222 0.29339015 0.025308326 0.055187464 0.05657184 0.124325104 0.14467074 0.090791695 0.15728964 0.10208628 0.17022382 0.5393048 0.694787 0.9265413 0.7899372 0.6293626 0.3360624 0.20322432 0.123362176 0.049226426 0.0125322975 -0.15796784 -0.21454269 0.034217894 -0.10633358 0.29515105 0.1297909 0.29826128 0.35787407 0.33938393 0.3831012 0.43900463 0.415999 0.4086817 0.41716018 0.21084449 0.029759431 -0.14609057 -0.33868924 -0.38334447 -0.47492543 -0.45606202 -0.38979378 -0.6017655 -0.5965492 -0.3424409 -0.11815985 -0.04198153 0.07446997 0.08634233 0.0013261788 -0.085561484 -0.14194171 -0.2640017 -0.40038434 -0.12581019
0.31828088 0.2533883 0.1678404 0.013252209 -0.066836745 0.023085643 0.037855804 0.043776274 0.04372698 0.100890875 0.11884408 0.13005595 0.2203035 0.62884045 0.809832 0.70828617 0.6738536 0.45784968 0.24815202 0.17070843 0.04253605 0.05668241 0.02057327 -0.18893011 0.025529778 0.14456035 0.17309283 0.05099749 0.18082908 0.35620484 0.34893584 0.30088693 0.38322222 0.44475165 0.40617308 0.37009418 0.35635883 0.09493664 -0.063476905 -0.19387448 -0.32469276 -0.45264575 -0.52498996 -0.45697948 -0.6791659 -0.64677924 -0.22309442 -0.17309737 -0.14706323 0.09648014 0.2616574 0.24719395 0.041520998 -0.13813056 -0.23234814 -0.30972192 -0.26808703 -0.13770019
