static/data/seaWater_vo/2023/7/14/6.asc
ncols 137
nrows 93
xllcorner 108.0
yllcorner 17.0
cellsize 0.25
NODATA_value -32767
[rows 26 to 51 of 93, columns 58 to 115 of 137]
-0.24032842 -0.31742096 -0.34678817 -0.34564376 -0.30263618 -0.2365222 -0.13819082 -0.04987155 -0.012403968 0.0071177133 -0.002563668 -0.01424158 -0.02349081 0.057996918 0.057241324 0.23537864 -32767.0 -32767.0 -0.14526132 0.05385769 0.039920453 -0.07427036 -0.04614915 -0.012248833 -0.08624596 -0.12560897 0.0056892717 0.04953634 0.04996068 -0.01615493 0.017190263 -32767.0 -32767.0 -32767.0 -32767.0 -32767.0 -32767.0 -0.1125142 0.086010806 0.24811912 -32767.0 -32767.0 -32767.0 -32767.0 -32767.0 0.008318737 -32767.0 -0.14494516 0.096464336 0.0875545 -0.30978513 -0.55371684 -0.16063882 -32767.0 0.15571257 -0.18750547 -0.17634866 -0.036257237
-0.19996783 -0.37359148 -0.15476115 -0.21659954 -0.28121516 -0.23148802 -0.15708964 -0.10771703 -0.025269466 0.046741165 0.09202276 0.113197096 0.12541348 0.17177881 0.11757596 -32767.0 -32767.0 0.008704422 0.01554676 0.15915188 0.115083724 0.06819958 0.031039735 -0.09495435 -0.16783006 -0.13768858 0.06321809 -0.09183234 -32767.0 -32767.0 -32767.0 -32767.0 -32767.0 -32767.0 -32767.0 -32767.0 -32767.0 -0.06257319 0.044087734 0.22692029 -32767.0 -32767.0 -32767.0 -0.13764705 0.12065289 0.011849536 -0.033498004 0.08524121 0.14332569 0.043173213 -0.27375326 -0.6982122 0.106746994 -0.15982236 -0.21611758 -0.31412688 -0.13669996 0.015933475
-0.26755098 -0.024041278 -0.171033 -0.112243116 -0.11626315 -0.15945268 -0.15390071 -0.1439359 -0.121578306 -0.055171043 -0.034311302 -0.009200613 0.0022062466 -0.0013616125 0.005021817 -0.08809976 -0.12408221 -0.08914352 -0.11677404 -0.02985045 0.007265903 0.0063521294 -0.02439357 -0.14012724 -0.15246686 -0.08931303 -32767.0 -0.15439452 0.05028745 -32767.0 -32767.0 0.030642902 -32767.0 -32767.0 -32767.0 -32767.0 -32767.0 -32767.0 -0.120203026 -0.0030651242 -32767.0 -32767.0 0.027718615 0.2595999 0.070700854 -0.16349976 0.1260689 0.020659754 0.033403102 -0.00033469865 -0.21405 -0.52833974 0.023863126 -0.19255808 -0.20972316 -0.18993825 -0.13735986 -0.026417105
-0.2778089 -0.24632472 -0.23627885 -0.17888626 -0.15841596 -0.09049452 -0.096221216 -0.17906879 -0.22643192 -0.21722397 -0.20886411 -0.17753597 -0.14357768 -0.16332385 -0.19106987 -0.22131759 -0.11950735 -0.018866753 -0.05317148 -0.034071647 0.043853335 -0.02482715 -0.12497945 -0.24188142 -0.17452264 -32767.0 -0.039286915 -0.08423599 0.0941669 -0.05757512 0.05819521 -32767.0 0.082099654 -32767.0 -32767.0 -32767.0 -32767.0 -32767.0 -0.02150707 0.11948422 -0.077146076 -0.21182351 0.015753144 0.32310557 -0.04977478 -0.29577407 0.0060868775 -0.036430527 0.03800475 -0.024093397 -0.25112435 -0.37383437 -0.13482426 -0.16294867 -0.1936046 -0.1572698 -0.13889144 -0.10789614
-0.15675169 -0.23111024 -0.16869207 -0.12744677 -0.16303015 -0.1536833 -0.2305105 -0.28867295 -0.2840948 -0.237603 -0.2415313 -0.25026366 -0.21393499 -0.1637438 -0.19543877 -0.18910772 -0.10027115 -0.010660747 0.090399474 0.082070045 0.09136048 0.062746674 -0.043098208 -0.15457559 -0.22410697 -0.21899478 -0.013521236 0.00031957775 -0.11267307 0.023615938 -0.008183214 0.003936971 0.06517837 -32767.0 -32767.0 -32767.0 -32767.0 0.25758532 0.45171207 0.19722408 -0.08397768 -0.11115684 -0.011184808 0.17946525 0.050330136 -0.12360884 -0.10106208 -0.0005025631 0.019462816 -0.010178771 -0.15020008 -0.30859977 -0.27881598 -0.25661004 -0.27982008 -0.09712395 -0.11604878 -0.10843503
-0.14811121 -0.25050268 -0.20176867 -0.11417696 -0.14855747 -0.12394935 -0.18156339 -0.24404171 -0.2396391 -0.16886269 -0.21749182 -0.17407845 -0.18181996 -0.10983797 -0.23480602 -0.19936746 -0.06519 0.03593208 0.15364863 0.16807152 0.23220252 0.2319693 0.11504985 0.06104972 -0.07308504 -0.12337235 -0.120559774 -0.14979725 -0.24909604 -0.18881877 0.029474048 0.028728498 -0.04094792 -32767.0 -32767.0 -32767.0 -32767.0 0.37658325 0.11703709 0.13722233 0.21375193 0.23068486 0.1431964 0.04023333 0.042662244 -0.01167348 0.0071103503 0.00337902 -0.025090937 -0.067315996 -0.13625152 -0.2132022 -0.35731715 -0.43882948 -0.4336818 -0.221502 -0.1186693 -0.07209705
-0.20938812 -0.1713814 -0.16526562 -0.13091528 -0.1274788 -0.108537175 -0.13887867 -0.1521608 -0.21688369 -0.20318376 -0.13130808 -0.14176297 -0.059701357 -0.09731552 -0.13355687 -0.11031645 -0.012973351 0.15571901 0.3173362 0.35723704 0.4026259 0.34928218 0.3079661 0.16201344 0.03557181 -0.063268885 -0.16656777 -0.22897379 -0.241349 -0.25504455 -0.07327785 -32767.0 -32767.0 -32767.0 -32767.0 -32767.0 0.22536403 0.23841739 -0.026243232 0.0021989 0.3630172 0.55968446 0.36928025 0.22275487 0.19896215 0.23701526 0.21774018 0.102362335 -0.10074464 -0.36630604 -0.51361346 -0.3478282 -0.3945826 -0.55022275 -0.68158954 -0.4854798 -0.19326623 0.052255057
-0.20212555 -0.12714098 -0.08686431 -0.026083484 -0.0722504 -0.07237503 -0.16947919 -0.16690257 -0.20733725 -0.28697264 -0.2914877 -0.2130772 -0.18673736 -0.00952733 0.07525311 0.10803176 0.13142303 0.15661404 0.22758427 0.31732106 0.3657454 0.39047584 0.32683012 0.113933705 0.011958025 -0.016705614 -0.12265523 -0.34913146 -0.40466884 -0.2647393 -0.13226257 -32767.0 -32767.0 -32767.0 -32767.0 -32767.0 0.0056005637 0.18567616 0.16049114 0.3530746 0.70112574 0.6061559 0.33346185 0.20679912 0.16568704 0.22284676 0.17811318 0.033026226 -0.12935366 -0.37586564 -0.701654 -0.78466606 -0.6014712 -0.66368026 -0.8533651 -0.6949549 -0.22274235 0.14283527
0.054258384 -0.05023811 -0.13413964 -0.10182354 -0.054080073 -0.07494364 -0.20760356 -0.1226182 -0.19344868 -0.2709687 -0.28472677 -0.24776867 -0.19783452 -0.07285622 0.08479053 0.14349739 0.14308585 0.18525752 0.2570665 0.35933736 0.33529454 0.3218275 0.24600035 0.11824997 0.13799886 0.051242176 -0.06391148 -0.28121564 -0.538724 -0.26067278 -0.18540563 0.017307438 -32767.0 0.15262689 -32767.0 -32767.0 0.23500693 0.6993121 0.4533673 0.4471458 0.4758931 0.42400017 0.23140961 0.11046714 0.20087105 0.19426514 0.11581834 -0.0014372063 -0.1440363 -0.32801124 -0.5991021 -0.8419322 -0.9311234 -0.840966 -0.9943008 -0.86749625 -0.21661483 0.19571653
0.2692892 0.061163515 0.027382022 -0.026964914 -0.07137535 -0.08618707 -0.049727872 0.008285379 -0.082863614 -0.17346117 -0.23136774 -0.18888213 -0.06964085 -0.08577677 0.04293419 0.059677687 0.13582303 0.19380653 0.26765952 0.27093375 0.28596425 0.2804524 0.2563241 0.23064697 0.14572364 -0.047272775 -0.059519082 -0.27323326 -0.5023449 -0.33985066 -0.20244229 -0.14241567 -0.026949251 0.020077638 -32767.0 0.13575952 0.6513757 0.4414942 0.48261487 0.54291093 0.52181345 0.29953668 0.09572832 0.09661997 0.1416541 0.07886396 0.03451806 -0.021343201 -0.14557242 -0.321561 -0.5304122 -0.7768891 -1.0071377 -1.0442922 -1.1404423 -0.94239086 -0.14462794 0.3460307
0.13743712 0.16161397 0.09076919 0.12740576 0.04064029 -0.077105924 -0.045550697 -0.061707053 -0.024521803 -0.06993285 -0.111523084 -0.08312189 0.0016228983 -0.06927171 -0.029421907 0.09083803 0.09792297 0.21115308 0.2237517 0.23455563 0.25361598 0.3110482 0.2791258 0.20057431 0.1632536 -0.036393642 -0.11101121 -0.3312885 -0.41910505 -0.25163767 -0.22045445 -0.022111675 -0.1135772 -32767.0 0.6442025 0.2983257 0.308642 0.48770782 0.49620083 0.6211269 0.48537245 0.17793532 0.04610367 0.100939624 0.07125042 -0.02912874 0.066043966 -0.015627414 -0.068304375 -0.13909154 -0.48342243 -0.78234154 -1.0368192 -1.175701 -1.2418418 -0.94269884 -0.109605104 0.42462918
0.31286615 0.48402005 0.20675167 0.16099167 0.049864974 -0.08314977 -0.107989945 -0.096483715 -0.04636129 -0.029253202 -0.09957814 -0.078728236 -0.08396194 -0.062190715 -0.0034919605 0.13750568 0.1956966 0.20288664 0.19425474 0.16620277 0.20083839 0.23231533 0.22018644 0.21965837 0.18164417 0.036466405 -0.22008057 -0.34036255 -0.37958738 -0.13913947 -0.011104755 0.020740123 0.051748965 0.027627826 0.216333 0.07734147 0.4835608 0.4732862 0.6944388 0.56141305 0.363015 0.14346893 0.042259496 0.19545543 -0.028813204 0.10606589 0.18815745 -0.065717995 -0.21827944 -0.26548076 -0.26692957 -0.8244799 -1.043892 -1.2782993 -1.3073423 -0.927611 -0.04346766 0.40831795
0.26308936 0.28785023 0.3064111 0.25417632 0.09694158 -0.102887675 -0.18763521 -0.13792111 -0.1050797 -0.05470904 -0.0644709 -0.093688436 -0.06481143 0.005924001 0.09013095 0.1381742 0.18756823 0.19108786 0.19032183 0.15298453 0.15238428 0.22008374 0.31054223 0.27079517 0.16659951 -0.0035792612 -0.21471526 -0.40730342 -0.42310962 -0.15738134 0.0314802 -32767.0 0.08510545 -0.2826147 -32767.0 0.42761987 0.45256945 0.5084405 0.59577996 0.50836176 0.33963746 0.102789275 0.0719347 0.19681977 -0.09702626 0.19812179 0.14833823 0.022155397 -0.19719404 -0.3454303 -0.3208274 -0.7985789 -1.0783898 -1.2562104 -1.3256305 -0.897492 0.008237285 0.60183614
-32767.0 0.49564314 0.27521193 0.34760994 0.16447003 -0.07712028 -0.23708145 -0.3048486 -0.2756809 -0.19612986 -0.18461956 -0.1397246 -0.06705542 -0.032635372 0.013675435 0.10531862 0.16671392 0.080502674 0.01418185 0.05264867 0.15639563 0.37968168 0.39725968 0.3671032 0.21513996 -0.056351267 -0.29578483 -0.44905627 -0.53139454 -0.3671315 0.0065246895 0.103126824 -32767.0 -0.32726857 0.28716528 0.41320848 0.43199703 0.6864378 0.6217163 0.3745555 0.26927024 0.060252346 -0.020659171 0.15247549 -0.012301042 0.20875384 0.20129664 0.15318044 -0.073892705 -0.25222775 -0.31582898 -0.70760435 -1.1430385 -1.2218248 -1.2740569 -0.8884446 0.033857625 0.78238523
0.3602935 0.46327654 0.4587698 0.19625773 0.13655686 0.118751615 0.036557674 -0.03688966 -0.2761992 -0.39730084 -0.410463 -0.3183468 -0.1898668 -0.120462425 -0.0946685 -0.006076474 0.065946974 0.012695087 -0.0863473 0.008394203 0.29271898 0.49819347 0.5909185 0.58573574 0.38879937 0.147884 -0.15723506 -0.47361037 -0.58172774 -0.4738381 -0.14620066 -0.26479784 -0.08089046 0.09553349 0.34011647 0.47168836 0.6803503 0.888301 0.49445492 0.3074783 0.1423155 -0.0025786525 -0.048370697 0.032345913 0.0081619555 0.11917791 0.14520098 0.14522348 -0.095833294 -0.205893 -0.18400395 -0.51692605 -1.0191292 -1.1218199 -1.084058 -0.7439599 0.07135355 0.87548363
0.308012 0.44713745 0.37081447 0.33054018 0.17161317 0.13092346 0.11814177 0.10442592 -0.008299283 -0.103792414 -0.090102494 -0.0651827 -0.09184615 -0.1052888 -0.097883135 -0.07333521 -0.03968823 -0.15337244 -0.06125457 0.118658245 0.4783251 0.7161835 0.8055021 0.7139839 0.38786817 0.19672765 0.074922405 -0.21547332 -0.5235121 -0.49964267 -0.36599112 -0.3637431 0.015242712 0.38215175 0.44547054 0.5627984 0.73570704 0.7136703 0.41740075 0.27945134 0.049257692 -0.039857995 -0.0701111 -0.088842176 -0.08426106 0.025286501 0.015418582 0.13533248 -0.058377452 -0.29479483 -0.22701709 -0.36544925 -0.7738649 -0.9447165 -0.76003206 -0.4167894 0.17772147 0.81748706
0.45036805 0.34591854 0.29256895 0.30260414 0.25357118 0.10181707 0.1227974 0.042402953 0.02769686 -0.011449037 -0.08101564 -0.07004075 -0.058474243 -0.02511555 0.036756895 0.023468638 -0.06657931 -0.13257955 -0.03476397 0.14830141 0.5902745 0.8340598 0.900282 0.7240753 0.41283566 0.26644868 0.061454516 -0.0752719 -0.36780745 -0.68830925 -0.02218805 -0.16410895 0.14569902 0.3029728 0.4893285 0.58252305 0.5103238 0.3581098 0.2227651 0.17193715 0.05920462 -0.022082267 -0.04309639 -0.13604166 -0.23963642 -0.18562253 -0.014916941 0.030527027 0.021116327 -0.120511904 -0.36809775 -0.31321755 -0.5037638 -0.5990941 -0.4042689 -0.07707797 0.26158646 0.53213465
0.33198223 0.4454554 0.28196293 0.30050635 0.14905359 0.30189267 0.087257884 0.035401728 0.14765641 -0.022584531 0.0069692857 0.049008783 -0.019396296 0.023329424 0.09375263 -0.02084126 -0.08023682 -0.055375975 0.0615897 0.091241755 0.63490266 0.9123382 0.93422896 0.6770709 0.48773882 0.34718892 0.10788812 -0.07722469 -0.40255126 -0.08797548 -0.15904206 0.0034063256 0.12718548 0.29701045 0.5717832 0.38219652 0.32323563 0.14044814 0.09095585 0.09203447 0.060397632 0.017877877 0.028307883 0.034769226 -0.14455232 -0.36550063 -0.19727018 0.113593616 0.029196948 -0.08141888 -0.07700377 -0.31705222 -0.37426075 -0.3770993 -0.23569927 -0.030332325 0.20606147 0.31924286
0.4985943 0.36231083 0.21438482 0.27794865 0.24356288 -0.018554777 0.1987611 0.19268306 0.10397612 0.04328668 0.12054584 0.082940996 0.06531615 0.062902406 0.14275287 0.063319266 0.031119715 0.006786046 0.05222882 0.1001868 0.64522916 0.8895936 0.9038298 0.56729 0.40314433 0.34411255 0.06690765 -0.15560935 0.02780273 -0.045339696 -0.03052277 0.093021624 0.29564264 0.3689047 0.37486696 0.27625123 0.11881246 0.06434064 0.049504504 0.07543577 0.11111101 0.06965803 0.031725124 -0.022386072 -0.0011346542 -0.14901608 -0.36095604 -0.24412839 -0.039859463 -0.060631275 -0.07693446 -0.09250562 -0.07910105 -0.050492894 -0.021004334 0.05171945 0.08175588 0.007936106
0.46661422 0.41852066 0.18655387 0.11307766 0.15932047 0.20751718 -0.04415015 0.17192014 0.15121336 0.06284335 0.12101565 0.10023432 0.07414296 0.1081826 0.054822985 0.10945699 0.08689997 0.074748255 0.2024061 0.4469009 0.6633175 0.825746 0.7391576 0.39492482 0.26983222 0.31945464 0.11365929 0.027698772 0.0038602075 0.0512325 0.029865086 0.052627563 0.1678938 0.20598772 0.22218426 0.18901072 0.18068093 0.18527827 0.20499793 0.20956042 0.15015222 0.093163274 0.0080886 -0.0486814 -0.047040395 -0.032658592 -0.17142983 -0.2834057 -0.1696042 -0.15041773 -0.1676631 -0.10031026 -0.15423131 -0.16628657 -0.068614356 -0.089761294 -0.078328855 -0.12607881
0.5282112 0.37750912 0.34061047 0.014785444 0.034306876 0.13985619 0.118521385 -0.011349017 0.047579437 0.025620807 0.10914463 0.11175605 0.06807013 0.010304018 0.038121596 0.16861409 0.20732279 0.34983027 0.52039546 0.67239904 0.8038581 0.72105086 0.47727257 0.19950202 0.1599179 0.09555684 0.21991454 0.03320107 0.0053200196 0.16366655 -0.002990697 -0.17883635 0.2797514 0.34045875 0.36901164 0.40768495 0.42328048 0.3690926 0.27701634 0.16849956 0.082550466 0.026674442 -0.03909018 -0.14007685 -0.10596185 -0.028084612 -0.058437746 -0.22994804 -0.2759655 -0.2536915 0.040667236 0.06848374 0.026964873 0.014486556 -0.016585926 0.004142907 -0.24668312 0.027944285
0.5809869 0.48745486 0.32609642 0.08746591 0.01785449 0.05895175 0.07496097 -0.08567114 0.03642116 0.13325392 0.15334637 0.18893677 0.04442047 0.048272472 0.09978499 0.2724532 0.41361934 0.62813866 0.8622371 0.78747654 0.59718645 0.39623868 0.2068615 0.11806479 0.041016795 -0.030112058 0.26056546 -32767.0 -0.1642799 0.020833103 0.038366213 0.16948985 0.40626794 0.4847035 0.565788 0.56130445 0.43410435 0.3219786 0.2419684 0.15778746 0.04855256 -0.04581332 -0.10358427 -0.18412018 -0.19010101 -0.06125522 -0.04027478 -0.25577322 -0.2997662 -0.038490526 0.115570314 0.1437219 0.09742727 0.040306617 -0.122234054 -0.28424016 0.046500064 0.18595968
0.70137495 0.3687237 0.24209145 0.12089364 0.11676668 0.053718258 -0.0050329035 -0.16133009 0.03048906 0.14487013 0.17575963 0.22855912 0.15313858 0.17115194 0.31340712 0.38231468 0.804228 1.0257312 0.9037791 0.59742296 0.32750174 0.13130273 0.13574202 0.15430036 0.0020556897 -0.19437683 0.31722808 0.087163895 -0.18399963 0.12010354 0.28068116 0.3475536 0.5237807 0.5884914 0.59613657 0.47961673 0.4443823 0.41844547 0.22502428 0.019696524 -0.061886746 -0.05847494 -0.121280864 -0.25340575 -0.2526063 0.016175363 -0.1703401 -0.31618875 -0.26896203 -0.087345816 -0.05575411 -0.039286748 -0.0056134863 -0.09415475 -0.19639608 -0.11343844 0.06398555 0.18890576
0.6100702 0.22554356 0.011185676 0.09675316 0.09529143 0.06929429 -0.1020574 -0.14901152 0.142175 0.1489227 0.20342925 0.17444578 0.22146107 0.18646982 0.2899764 0.6534315 1.0942852 0.9882753 0.6609757 0.31044504 0.097726375 0.20762931 0.16857326 0.037489157 -0.10256688 -0.049854245 -32767.0 -0.06948231 0.26384884 0.25292212 0.40555435 0.54026634 0.5513508 0.6055389 0.5130738 0.52554846 0.6332049 0.37581396 0.3190544 0.022645732 -0.058557443 -0.06473454 -0.22429778 -0.313051 -0.17436557 -0.15450525 -0.31759813 -0.3014227 -0.20283139 -0.18829736 -0.034947954 0.19208483 0.27570584 0.34022415 0.21596435 0.09410953 0.06816815 0.11124322
0.55960333 0.2394498 0.13563725 0.17563847 -0.007996917 0.03314997 0.09628742 0.1662586 0.12145845 0.11495293 0.20816068 0.14645582 -0.07358583 0.17955886 0.22253622 0.911705 0.9822027 0.79563135 0.45548388 0.19943978 0.2546673 0.15714358 0.09136723 -0.039344035 -0.17823648 0.10233124 -0.16940376 0.25146 0.19225416 0.3770327 0.55906206 0.48067784 0.5843196 0.5444747 0.5896637 0.58299816 0.5988334 0.3915393 0.26359013 0.110694945 -0.05967113 -0.17038628 -0.27945217 -0.25805467 -0.1838888 -0.39018926 -0.44222093 -0.32162622 -0.07401095 0.12516142 0.2905488 0.39232337 0.3253523 0.229439 0.20244731 0.13644522 -0.012247961 0.016912503
0.42384028 0.38684452 0.27585423 0.09837691 0.005396975 0.10234204 0.14146473 0.06540295 0.07521069 0.15255842 0.17716053 0.11253108 0.0016464731 0.24245322 0.6770965 0.8520192 0.84296006 0.57585466 0.34050044 0.33503404 0.17040214 0.08875175 0.013741192 -0.15221786 0.03925355 -0.15138407 0.14668773 0.1642612 0.2320241 0.5451274 0.51480216 0.4546997 0.54798865 0.5532404 0.5409363 0.5161356 0.60524225 0.4133064 0.17699215 0.050966308 -0.054763258 -0.19768488 -0.22295262 -0.2180155 -0.49319676 -0.61521643 -0.31325176 0.024168994 0.12216096 0.23315454 0.57362235 0.39305574 0.18419261 0.017268417 0.0678741 0.0115583055 -0.19826423 0.03450448
