static/data/thetao/2023/7/24/0.asc
ncols 137
nrows 93
xllcorner 108.0
yllcorner 17.0
cellsize 0.25
NODATA_value -32767
[rows 27 to 53 of 93, columns 61 to 121 of 137]
26.010176 25.819786 25.625998 25.467293 25.246674 25.05574 25.073511 25.283276 25.775839 25.884434 26.125277 26.569477 -32767.0 -32767.0 26.335173 26.90068 27.659006 27.781311 27.856306 27.899204 27.93058 27.742771 27.81452 27.354258 27.06048 -32767.0 -32767.0 -32767.0 -32767.0 -32767.0 -32767.0 -32767.0 -32767.0 -32767.0 27.1474 26.296423 26.244139 -32767.0 -32767.0 -32767.0 27.800701 27.5297 27.603357 27.495491 27.175753 27.116861 27.41713 26.591461 26.480768 27.370783 27.961636 28.061882 28.06915 28.074072 28.142624 28.167728 27.987032 28.25178 28.413826 28.885242 29.132326
25.695684 25.312008 25.0542 24.974304 24.842808 24.839508 24.943132 25.194681 25.405739 25.409964 26.841202 27.396164 27.294674 27.449034 27.411745 27.761038 27.859892 28.048958 28.14944 28.246698 28.174362 27.87509 27.482752 -32767.0 26.9405 26.977102 -32767.0 -32767.0 29.52942 -32767.0 -32767.0 -32767.0 -32767.0 -32767.0 -32767.0 25.9744 26.624027 -32767.0 -32767.0 27.379055 27.305214 27.368378 27.600992 27.81664 27.60223 27.622929 27.256994 26.729414 27.282747 27.784185 27.769741 27.620735 27.34543 27.473305 27.751118 28.00182 28.075876 28.238255 28.544367 28.594446 29.15063
25.70133 25.474674 24.867828 24.532448 24.427387 24.513863 24.79765 25.090286 25.26943 25.150253 26.292025 27.364508 27.486685 27.582304 27.786085 27.834118 27.994743 28.293558 28.527779 28.607853 28.496159 27.837896 -32767.0 26.858675 27.003283 27.129862 27.482431 28.09559 -32767.0 28.998848 -32767.0 -32767.0 -32767.0 -32767.0 -32767.0 27.79606 27.802162 27.861185 27.582949 27.632822 28.221142 28.471685 28.410645 27.968246 27.367619 27.28648 26.790436 26.916367 27.58684 27.441387 27.370165 27.26735 27.202967 27.423729 27.717703 27.950403 28.061876 28.10856 28.564508 28.522696 29.065132
25.888577 25.776838 25.652546 25.495533 24.565783 24.5919 24.509398 24.643251 25.03585 25.097715 25.573647 27.127382 27.386147 27.469969 27.677786 27.766794 28.18428 28.501728 28.787104 28.78594 28.739828 28.40909 27.950808 27.618317 27.314255 27.132612 27.566187 28.227777 28.39385 29.498322 -32767.0 -32767.0 -32767.0 -32767.0 27.721125 28.052694 28.101097 28.061693 28.371925 28.577494 28.869167 29.005913 28.956837 28.658777 28.235218 26.8471 26.74944 26.703861 26.691187 26.788836 26.969933 27.062595 27.11801 27.558128 27.84113 27.937515 27.86992 28.134079 28.509218 28.719563 28.807116
26.25081 25.899317 25.58309 25.631023 25.161192 25.322515 25.225597 24.796614 24.718441 25.002201 25.692791 26.627253 27.089334 27.378693 27.648052 27.950745 28.302475 28.557055 28.908127 29.038918 28.835337 28.686611 28.615856 28.53628 28.332869 27.845736 27.3794 27.905708 28.514822 29.056915 -32767.0 -32767.0 -32767.0 -32767.0 28.084526 28.39008 28.357248 28.125458 27.567926 28.441975 29.107618 29.242273 29.19978 28.998512 28.958872 28.492002 27.517496 26.56028 26.511309 26.87175 26.63573 26.946802 27.307644 27.566692 27.86576 27.771563 27.877954 27.935274 28.39507 28.849016 28.64938
26.2489 25.855555 25.848055 25.941177 26.123884 26.282084 25.850954 25.270134 25.077372 25.026613 25.76916 26.878456 27.493753 27.709354 28.05805 28.25444 28.31411 28.485115 28.775312 29.032194 29.107773 29.090475 28.962982 28.587683 28.572067 28.378479 27.856459 27.705399 -32767.0 -32767.0 -32767.0 -32767.0 -32767.0 27.404793 28.182337 28.294119 28.356192 28.2141 28.25964 29.153725 29.15349 29.322834 29.49109 29.211592 28.947222 28.977308 28.944489 28.543581 28.036198 27.777214 27.42458 26.890041 27.582726 27.59976 27.83975 27.746315 27.879822 27.779688 28.356676 28.941301 28.697449
26.408655 26.12764 26.254623 26.51072 26.68728 26.607588 26.273832 26.256079 26.067715 26.14455 26.184843 26.588919 27.44384 27.96498 28.255169 28.28608 28.39046 28.613749 28.711763 28.767706 28.828981 28.98727 29.024147 28.919107 28.618032 28.541706 28.259432 27.854385 -32767.0 -32767.0 -32767.0 -32767.0 -32767.0 26.821812 27.913992 28.409252 28.640083 29.072418 29.051916 29.093876 29.470491 29.462511 29.466053 29.386095 29.254162 29.156584 29.21277 29.101881 28.946411 28.539003 28.206112 27.13452 27.724743 27.691715 27.902828 27.806831 27.973623 28.00222 28.554596 29.030107 28.724216
26.711735 26.040329 26.10193 26.49968 26.821861 27.121716 27.066242 26.759354 26.541948 26.559683 26.600298 27.377508 28.143156 28.266708 28.192865 28.307476 28.47101 28.403933 28.617195 29.057495 29.185972 29.121395 29.085238 28.999443 28.696095 28.69257 28.2214 28.023924 28.532274 -32767.0 28.790258 -32767.0 -32767.0 28.456293 28.864092 29.02729 29.232653 29.403784 29.404448 29.545311 29.536001 29.541353 29.526545 29.468029 29.40381 29.413921 29.415295 29.342514 29.243969 28.883602 28.408922 27.860315 27.652496 27.877386 27.940145 27.962742 28.028711 28.100311 28.893148 29.16624 28.749315
25.32414 25.285788 26.028183 26.568209 26.86428 27.548597 27.649212 27.450886 26.813423 26.712252 26.98221 27.70535 28.288296 28.252306 28.230122 28.206795 28.189474 28.466005 28.575146 28.968212 29.065836 29.029598 28.96294 28.974451 28.815279 28.684175 28.461437 28.27515 28.31606 28.422977 29.064302 -32767.0 27.941221 28.675419 29.02295 29.463923 29.421267 29.403708 29.483131 29.489605 29.57229 29.592358 29.390266 29.523 29.4317 29.451372 29.476597 29.577087 29.49231 29.166565 28.670137 28.498446 27.640305 28.056107 27.98115 28.051918 28.13568 28.307209 29.099678 29.238941 28.84214
26.251139 25.684816 26.036922 26.281073 27.126148 27.635845 28.110935 27.822117 27.45409 27.220974 27.405165 27.788275 28.193628 28.274357 28.256626 28.241907 28.34898 28.576778 28.681639 29.050896 29.106705 29.001032 29.030533 28.997393 28.970987 28.803553 28.590458 28.40987 28.49732 28.397331 -32767.0 28.5694 28.593437 28.886173 29.144854 29.086363 29.269968 29.294334 29.642403 29.618208 29.626257 29.546864 29.438461 29.50881 29.512682 29.311657 29.449453 29.50046 29.548037 29.36675 28.930656 28.683722 28.215586 27.971098 28.090488 28.05323 28.206593 28.654215 29.256983 29.216377 28.86298
25.25737 26.232677 26.88417 27.133913 27.058084 27.376434 27.566921 28.201693 27.877787 28.18666 28.18118 28.121323 28.228708 28.35035 28.45255 28.559498 28.505836 28.59868 29.013157 29.144108 29.07853 29.08097 29.206476 29.22361 29.138973 29.117165 29.051126 28.781712 28.880127 28.706388 28.720924 28.97702 28.921257 29.201029 29.00884 29.260052 29.544752 29.602201 29.613895 29.56021 29.656582 29.57968 29.475569 29.483343 29.451498 29.110344 29.41609 29.418839 29.407528 29.24697 28.952335 28.665068 28.816319 28.26324 28.123108 28.26957 28.359943 29.10944 29.31771 29.135977 28.796658
25.51959 26.181927 26.674421 27.201965 27.587395 27.940786 28.160946 28.157812 28.31793 28.450748 28.628353 28.542145 28.555225 28.581837 28.58089 28.526608 28.657898 28.863314 29.009964 29.184452 29.033337 28.988503 29.196222 29.387882 29.390076 29.182589 29.166931 29.20244 -32767.0 29.004707 28.805487 -32767.0 29.077013 28.82251 29.001474 29.115294 29.557262 29.579138 29.63942 29.514923 29.6479 29.506111 29.443405 29.554142 29.488865 29.181078 29.164131 29.32949 29.412428 29.22249 29.126806 28.992682 28.667276 28.90197 28.822794 28.73479 28.997076 29.327648 29.390045 29.095745 28.68242
25.910511 27.188911 27.532017 27.85 27.820314 27.981876 28.14573 28.181393 28.291126 28.336561 28.43423 28.615007 28.514782 28.368423 28.61736 28.850674 28.762894 28.978249 28.993874 29.059912 29.129385 29.021292 29.136787 29.32778 29.393064 29.232529 29.174505 29.184278 29.118227 -32767.0 28.914366 28.739147 29.044115 28.815615 29.120804 29.10167 29.453436 29.572664 29.620874 29.462616 29.626833 29.449068 29.450703 29.483929 29.392042 29.293594 29.263674 29.03449 29.14966 29.320827 29.227041 29.04107 28.98092 28.81528 28.920923 29.151588 29.380432 29.423813 29.379951 29.060602 28.642645
27.013657 27.774595 28.070137 28.186316 28.146967 28.175014 28.32499 28.375542 28.25838 28.19747 28.26843 28.475433 28.386251 28.64051 28.885548 28.907686 28.934338 28.963469 28.949997 29.089443 29.137829 29.190504 29.336346 29.342047 29.318966 29.072315 29.096539 29.437346 29.374023 29.042154 29.194263 28.95905 29.134903 29.223707 29.270346 29.142801 29.426014 29.5676 29.627153 29.472036 29.643444 29.462557 29.508167 29.44839 29.316444 29.121048 29.18819 29.258667 29.102915 29.165401 29.230349 29.324986 29.389828 29.42303 29.432829 29.482582 29.468235 29.369946 29.253826 28.944672 28.634937
26.34899 27.65917 28.227245 28.458021 28.652237 28.502468 28.571642 28.580599 28.5942 28.601856 28.784447 28.757257 28.658981 28.828346 29.035809 29.046635 28.992527 29.062117 29.261663 29.412607 29.502522 29.45155 29.298367 29.213531 29.227112 29.055475 29.328062 29.377024 29.301615 29.460697 29.119637 29.09592 29.206726 29.120176 29.051575 29.207617 29.504194 29.494217 29.585901 29.425282 29.63831 29.496387 29.502605 29.397987 29.26594 29.077906 29.053875 29.080431 29.236477 29.141575 29.132437 29.262474 29.321669 29.31743 29.435043 29.422554 29.25625 29.288172 29.123089 28.756325 28.705828
26.610424 28.03732 28.507801 28.649815 28.915552 28.833036 28.849169 28.838488 28.773487 28.833015 28.924717 28.99393 29.02478 29.103912 29.193365 29.122446 29.220837 29.414839 29.644762 29.536636 29.312887 29.202652 29.247599 29.25355 29.204504 29.35155 29.412687 29.473715 29.281687 29.525663 29.492315 29.605206 29.35792 29.30464 29.346256 29.452026 29.48765 29.53609 29.55166 29.420746 29.59227 29.496803 29.428062 29.31529 29.225258 29.334599 29.254652 29.082739 29.040869 29.224396 29.192957 29.17221 29.291445 29.318853 29.30173 29.249336 29.208366 29.231613 29.016914 28.837635 28.720673
27.205843 28.149284 28.767572 29.011501 28.787518 28.511253 28.60367 28.71311 28.71948 28.789154 28.874842 29.008059 29.158981 29.274729 29.273148 29.320992 29.527927 29.650118 29.60791 29.39593 29.300053 29.269068 29.235003 29.32061 29.27683 29.523382 29.468307 29.564281 29.530848 29.376505 29.588972 29.580687 29.61473 29.708412 29.664803 29.578424 29.4549 29.566196 29.509739 29.432837 29.548061 29.523352 29.450026 29.297897 29.353033 29.396578 29.373718 29.21112 29.219404 28.978275 29.117048 29.066788 29.030523 29.169779 29.07013 29.120115 29.11477 29.13827 29.165575 28.77949 28.668922
27.381712 27.898369 28.66938 28.999199 29.238474 29.047344 28.834969 28.73678 28.894466 28.941856 29.007719 29.188028 29.336359 29.32721 29.326937 29.635431 29.649382 29.645218 29.340704 29.359236 29.313446 29.311356 29.47599 29.369143 29.242502 29.636635 29.546415 29.61643 29.587244 29.624271 29.580027 29.68452 29.741194 29.70578 29.634308 29.427137 29.542166 29.525558 29.513401 29.476027 29.518738 29.533384 29.52831 29.424908 29.529713 29.551653 29.376696 29.234488 29.210854 29.265352 29.081022 29.031357 28.972902 29.001638 29.006886 29.104347 29.127163 29.178593 29.072346 28.660563 28.648195
28.698511 29.07498 29.202463 29.07672 29.18621 29.28636 29.064713 28.975155 28.942598 29.183212 29.202652 29.379795 29.331501 29.209295 29.565771 29.698385 29.778507 29.478376 29.33817 29.338785 29.450317 29.431055 29.428085 29.316196 29.688633 29.564697 29.539906 29.55782 29.648088 29.653242 29.61957 29.488699 29.447672 29.50212 29.547375 29.460333 29.379503 29.480577 29.489426 29.588005 29.48495 29.515198 29.582878 29.520235 29.451956 29.449242 29.302553 29.272594 29.209301 29.240358 29.345398 29.215069 29.005281 28.922287 29.065277 29.259459 29.330067 29.162518 29.034502 28.885712 28.778181
29.697897 29.642181 29.52591 29.405472 29.471737 29.290068 29.090553 29.07402 29.282965 29.27927 29.463118 29.437002 29.325518 29.604088 29.764523 29.672249 29.735094 29.371202 29.391773 29.429522 29.311703 29.42548 29.3004 29.466566 29.522644 29.0898 29.351057 29.361559 29.37416 29.400213 29.57908 29.658611 29.545073 29.475159 29.435581 29.33637 29.237963 29.482664 29.480778 29.596651 29.49525 29.528429 29.555183 29.587477 29.516842 29.38548 29.309917 29.359987 29.259407 29.144978 29.165369 29.140663 28.976742 28.961527 29.192478 29.235596 29.191221 29.02871 28.957563 28.881716 28.841063
29.799011 29.741201 29.746529 29.661224 29.540327 29.134064 29.432152 29.460468 29.380348 29.34886 29.498709 29.527819 29.558056 29.673561 29.813168 29.77818 29.6375 29.459995 29.439955 29.469053 29.435577 29.298162 29.267414 29.26973 -32767.0 29.14451 29.395811 29.340242 29.352886 29.672222 29.583893 29.596766 29.684061 29.632776 29.521355 29.390047 29.180653 29.42263 29.462927 29.61018 29.524166 29.549809 29.597834 29.548965 29.384838 29.30256 29.399496 29.36754 29.282875 29.065826 29.032417 29.048332 28.985952 29.148933 29.468615 29.159319 29.099297 29.034294 29.0668 28.968151 28.979338
29.664406 29.362816 29.540798 29.768883 29.566538 29.243715 29.317135 29.531956 29.241987 29.479534 29.452099 29.56195 29.635979 29.673912 29.911036 29.84779 29.622036 29.530819 29.44193 29.464437 29.309196 29.418318 29.184978 29.433159 29.368723 29.484688 29.498432 29.659609 29.704807 29.639465 29.737083 29.75842 29.706562 29.655306 29.53378 29.391203 29.20707 29.386028 29.46062 29.641842 29.564085 29.571066 29.59836 29.463646 29.630634 29.43438 29.335182 29.475857 29.441795 29.341915 29.018024 28.983902 29.116306 29.46562 29.483356 29.155384 29.17772 29.060566 28.930107 28.707186 28.683098
29.734407 29.687387 29.694052 29.803709 29.764803 29.40756 29.22341 29.49431 29.6184 29.578331 29.417826 29.580942 29.674963 29.873583 30.032318 29.942377 29.638084 29.576294 29.454294 29.493654 29.3405 29.346695 29.173897 -32767.0 29.49142 29.61328 29.65171 29.75806 29.761223 29.774961 29.779264 29.71573 29.677423 29.623684 29.545778 29.413338 29.247894 29.365236 29.50221 29.689962 29.602575 29.636219 29.530897 29.664179 29.738274 29.88045 29.816866 29.576164 29.319649 29.316015 29.296295 29.277754 29.344967 29.453373 29.50887 29.514818 29.291094 29.236578 29.030016 28.942593 28.992245
29.24989 29.678894 29.701952 29.686172 29.569405 29.522165 29.51932 29.64037 29.696795 29.63934 29.704405 29.849037 29.923435 30.244822 30.01708 29.949522 29.651636 29.604845 29.52832 29.489399 29.388699 29.233099 29.34994 29.405176 29.636728 29.600746 29.728273 29.856522 29.665993 29.845837 29.721485 29.613537 29.480438 29.554901 29.532944 29.38698 29.288073 29.383913 29.581917 29.665699 29.646515 29.662577 29.521166 29.617481 29.723894 29.797245 29.790985 29.813734 29.58928 29.342915 29.25701 29.352886 29.493649 29.470875 29.500221 29.550323 29.592258 29.473001 29.378345 29.297394 29.285257
29.484314 29.69 29.807457 29.702276 29.619448 29.669981 29.74787 29.69383 29.711138 29.785126 29.769972 30.01635 30.255907 30.313328 29.896154 29.860533 29.654947 29.609795 29.529432 29.469406 29.260645 29.191929 29.333622 29.47283 29.618937 29.56996 29.805672 29.76577 29.76987 29.697424 29.632414 29.435553 29.47857 29.48793 29.4195 29.322798 29.344269 29.42714 29.659134 29.582415 29.664268 29.519663 29.534302 29.70387 29.761606 29.764437 29.800758 29.747904 29.815815 29.417292 29.478033 29.438358 29.39986 29.585741 29.620905 29.4353 29.680338 29.714483 29.58598 29.435915 29.408772
29.341648 29.682264 29.85832 29.773392 29.66684 29.452696 29.565506 29.549685 29.38626 29.862759 30.269037 30.054016 30.246449 29.94715 29.926516 29.695219 29.682892 29.674913 29.545486 29.570814 29.227018 29.308777 29.350143 29.422302 29.609653 29.431164 29.703081 29.709335 29.81449 29.60992 29.572857 29.382185 29.405197 29.398178 29.383377 29.357044 29.446123 29.561815 29.601297 29.655289 29.474222 29.47506 29.601791 29.747301 29.814995 29.868534 29.924301 29.773859 29.83131 29.416767 29.500847 29.297773 29.477205 29.4904 29.574188 29.641489 29.592573 29.670835 29.748798 29.677097 29.440388
29.4821 29.450521 29.588034 29.419088 29.33251 29.58853 29.465342 29.421082 29.799385 30.338017 30.235209 29.780003 29.807266 29.914442 29.820505 29.622404 29.616472 29.639822 29.562988 30.13314 -32767.0 29.317566 29.398596 29.35109 29.418919 29.389526 29.520496 29.71021 29.811562 29.597727 29.563732 29.396374 29.40578 29.404701 29.409916 29.452187 29.538496 29.607992 29.608946 29.429815 29.40931 29.409946 29.475876 29.63918 29.781778 29.89065 29.903948 29.853853 29.806715 29.55528 29.450748 29.32279 29.409723 29.427473 29.532658 29.50899 29.644917 29.737333 29.644894 29.694721 29.774553
