static/data/thetao/2023/7/24/12.asc
ncols 137
nrows 93
xllcorner 108.0
yllcorner 17.0
cellsize 0.25
NODATA_value -32767
[rows 54 to 80 of 93, columns 61 to 121 of 137]
29.962034 29.868204 29.939716 29.82433 29.77681 29.830507 29.892172 30.006935 30.172699 30.521559 30.8917 30.290625 29.961927 30.018892 29.900518 29.898348 29.864859 29.824795 29.906977 29.757626 29.49633 29.469034 29.558397 29.536135 29.508867 29.488884 29.428947 29.770195 29.778616 29.712301 29.63742 29.584904 29.527267 29.495937 29.5035 29.549484 29.589231 29.578403 29.446959 29.37507 29.362375 29.398867 29.439962 29.494762 29.51177 29.548222 29.748697 29.893978 29.892727 29.908175 29.699926 29.611485 29.4813 29.672224 29.79134 29.871592 29.89653 29.975708 29.84105 29.857323 30.066969
30.25763 30.215914 30.209288 30.07212 29.939093 29.941126 30.193438 30.31077 30.460382 30.491924 30.486568 30.083633 29.969707 29.973627 30.0352 29.996428 29.88912 29.792166 -32767.0 29.629717 29.656477 29.5958 29.572586 29.656332 29.51692 29.539032 29.440073 29.648266 29.686304 29.749298 29.615213 29.623264 29.568386 29.51766 29.540949 29.601511 29.61825 29.409971 29.335983 29.253992 29.195536 29.238174 29.299644 29.367924 29.422117 29.44589 29.466656 29.861279 29.893003 29.992617 29.828417 29.594215 29.59844 29.671192 29.632397 29.775341 29.946896 29.949993 29.782192 30.017231 30.099503
30.371088 30.38026 30.281338 30.15824 30.111914 30.228449 30.2988 30.39043 30.429188 30.101488 29.990934 29.985973 29.992598 29.982145 30.108719 29.956337 29.962595 30.007515 29.921686 29.871077 29.821045 29.696915 29.625813 29.621471 29.570337 29.56566 29.463099 29.501928 29.671543 29.739979 29.68281 29.57442 29.551104 29.533049 29.59778 29.620173 29.430904 29.253525 29.244045 29.066965 29.045662 28.954561 29.106993 29.27525 29.279743 29.313099 29.446466 29.677309 29.99503 29.87576 30.027872 29.735685 29.488173 29.685307 29.708963 29.662617 29.739204 29.869322 29.93881 29.97065 30.090202
30.593721 30.476734 30.616943 30.553602 30.598309 30.463057 30.404512 30.322548 29.969116 29.96927 30.134092 30.106522 30.031199 30.025648 30.108435 30.020153 30.007761 30.032948 30.075914 30.05386 30.041195 29.907614 29.971159 29.90065 29.748793 29.589546 29.477772 29.427366 29.72628 29.601618 29.748802 29.624249 29.568048 29.568172 29.561863 29.397194 29.255775 29.18451 29.203535 29.249023 29.134293 28.960861 28.97959 29.20369 29.24857 29.240257 29.388973 29.604626 29.944632 30.070486 29.867857 30.023275 29.803555 29.677946 29.780159 29.850323 29.79225 29.675062 29.907331 29.91385 30.076561
30.554073 30.48888 30.478142 30.436115 30.383892 30.40286 30.12729 29.931572 30.12297 30.181492 29.955341 29.979572 29.99066 30.064758 30.05874 30.050764 29.992598 30.135103 30.153963 30.079805 30.121181 29.967594 29.97969 29.897057 29.627592 29.572775 29.31171 29.38186 29.7522 29.500912 29.635225 29.653364 29.577343 29.50673 29.414412 29.29879 29.245422 29.171843 29.224474 29.139841 29.024527 28.921442 28.981194 29.086153 29.204845 29.187702 29.381533 29.58882 29.783972 29.978504 30.100773 29.971712 29.97106 30.005356 29.999561 30.065548 30.0993 30.063063 29.75987 29.960482 30.18044
30.536821 30.453812 30.4198 30.437311 30.148186 29.942616 30.126183 30.155182 30.19476 30.009756 30.073452 30.10654 30.102297 30.121382 30.064047 29.905823 29.93446 30.08992 30.220356 30.20015 30.083754 30.043285 29.994944 29.9576 29.65354 29.477856 29.249165 29.369358 29.712156 29.610615 29.440138 29.630043 29.583706 29.463896 29.339918 29.343716 29.321848 29.172665 29.21484 29.101952 28.980978 28.963686 29.01438 29.039497 29.011232 29.171629 29.41826 29.527294 29.646404 29.861845 29.957838 30.102108 30.179613 30.138418 30.091698 30.090927 30.03979 29.881563 29.619402 30.184141 30.24938
30.498535 30.43125 30.456411 30.145315 30.003258 30.128353 30.127659 30.208221 30.226648 29.983524 30.138853 29.982483 30.095428 29.938498 29.802044 29.782812 29.949255 30.09146 30.112598 30.093798 29.960173 29.918491 29.837576 29.929422 29.637468 29.26486 29.23918 29.540535 29.722773 29.758524 29.42268 29.380302 29.49726 29.464571 29.361254 29.344427 29.423164 29.38033 29.308311 29.18572 29.074741 29.03052 28.995129 28.954613 29.027227 29.248646 29.532223 29.551796 29.633635 29.745466 29.826612 30.075031 30.15727 30.216297 30.28228 30.175251 29.97634 29.73756 30.091816 30.221386 30.314693
30.493237 30.484438 30.453066 30.105574 30.031769 30.152784 30.145147 30.16064 30.49973 30.07097 30.055279 30.048283 29.841085 29.757563 29.72123 29.725641 29.986933 30.103245 30.106413 29.952517 29.966167 29.958906 29.788855 29.744638 29.462671 29.196232 29.50301 29.703012 29.722471 29.763218 29.5806 29.377396 29.351608 29.385565 29.350979 29.284716 29.313103 29.331665 29.277105 29.209145 29.080856 29.000195 28.997866 29.053125 29.28141 29.53609 29.575878 29.554354 29.529325 29.657423 29.748934 30.040781 30.013668 30.027344 30.236435 30.161451 29.892519 29.688583 30.260801 30.280052 30.320105
30.532326 30.164232 30.203875 30.038555 29.968227 30.107027 30.177896 30.143545 30.07144 30.111275 30.090094 30.031637 29.839754 29.609972 29.578768 29.78562 30.00445 30.061453 29.941622 29.842045 29.954372 29.871552 29.69665 29.554264 29.229736 29.549713 29.726967 29.624126 29.666243 29.759653 29.757723 29.595798 29.426987 29.345428 29.25034 29.200418 29.174084 29.146992 29.102306 29.105177 29.16916 29.259405 29.383116 29.45563 29.562729 29.468725 29.453354 29.476942 29.50324 29.586838 29.75217 30.034117 29.929457 29.93797 30.105003 30.096891 29.80479 30.154184 30.264965 30.330631 30.390785
30.235798 30.209627 30.15491 30.203157 30.120739 30.180767 30.120714 30.137999 30.007744 29.937462 30.086113 30.028114 29.839775 29.56702 29.451101 29.745499 30.01832 29.975958 29.853365 29.921688 29.848948 29.697435 29.574793 29.461065 29.722633 29.76294 29.63294 29.639904 29.623222 29.620039 29.653759 29.681353 29.638775 29.578365 29.530363 29.50298 29.484715 29.483866 29.502348 29.554407 29.543997 29.51348 29.472801 29.45188 29.411795 29.419645 29.571743 29.435526 29.467173 29.5407 29.747995 29.994802 29.937647 29.995686 30.074652 29.982193 29.850214 30.2872 30.215527 30.24258 30.24417
30.269394 30.297997 30.279856 30.27781 30.280909 30.258274 30.134777 30.078844 29.953985 29.9294 30.038599 29.94876 29.562355 29.477186 29.401236 29.638456 29.872164 29.81955 29.882011 29.719843 29.706095 29.744543 29.761848 29.767591 29.644522 29.468739 29.465399 29.475056 29.51614 29.549591 29.565619 29.587704 29.605675 29.619892 29.664423 29.682539 29.665047 29.619 29.552141 29.46908 29.421928 29.407412 29.390326 29.342514 29.41612 29.660755 29.68347 29.472273 29.420938 29.52987 29.743927 29.969067 29.953245 30.03513 30.040415 29.807312 30.223768 30.309902 30.1335 30.115978 30.171608
30.297653 30.308521 30.25324 30.203411 30.15999 30.100693 30.06621 30.006523 29.886675 29.901213 29.996063 29.683773 29.445253 29.384539 29.381514 29.557442 29.6678 29.803019 29.702173 29.669758 29.615118 29.632275 29.700336 29.696674 29.618492 29.635416 29.642307 29.644518 29.56069 29.565908 29.566973 29.523985 29.335842 29.14107 29.204967 29.303751 29.36893 29.284632 29.304314 29.524866 29.613493 29.602526 29.560822 29.49647 29.510523 29.776917 29.938372 29.543247 29.369656 29.53452 29.752329 29.969543 29.939753 29.955374 29.872187 29.819195 30.17514 30.303217 30.033937 30.179134 30.172949
30.199932 30.20047 30.258236 30.234575 30.196304 30.09928 30.014761 29.971071 29.892385 29.875725 29.915712 29.424974 29.427034 29.3664 29.307907 29.536423 29.707233 29.642841 29.49138 29.361298 29.34491 29.327017 29.194618 29.114393 29.31935 29.637644 29.789537 29.818176 29.729425 29.666548 29.598738 29.556623 29.560795 29.560965 29.44824 29.523375 29.495815 29.525295 29.672642 29.596258 29.65431 29.676249 29.68686 29.69998 29.715189 29.746136 29.786968 29.911457 29.42416 29.516222 29.838068 29.993683 29.905481 29.809572 29.685808 30.254604 30.201488 30.320673 30.13483 30.092655 30.039988
30.169912 30.397886 30.240486 30.180073 30.110247 30.054531 29.985172 29.959152 29.905775 29.839144 29.838037 29.286049 29.340908 29.367502 29.310472 29.59347 29.662216 29.437881 29.200293 29.181644 29.213709 29.126186 29.075127 29.146925 29.085615 29.142107 29.341301 29.684841 29.70327 29.62586 29.618885 29.602934 29.559515 29.53823 29.49594 29.4885 29.47369 29.547127 29.637268 29.644627 29.7064 29.719154 29.739967 29.859539 29.9101 29.895424 29.812954 29.793156 29.715929 29.563116 29.932043 30.00918 29.833172 29.638206 29.97672 30.267788 30.309807 30.287462 30.25387 30.008223 30.061283
30.372206 30.310354 30.248798 30.089495 29.97894 29.96105 29.943476 29.895582 29.823994 29.783506 29.777872 29.22066 29.286373 29.392155 29.41921 29.66334 29.49968 29.150246 29.107834 29.140234 29.17478 28.986492 29.111792 29.152187 29.150314 29.019384 29.192245 29.541666 29.564249 29.450064 29.571693 29.546307 29.555775 29.568136 29.476507 29.493134 29.47786 29.541529 29.598948 29.567333 29.678698 29.705486 29.851418 30.106716 30.158127 30.15165 30.06203 29.912107 29.869162 29.84561 29.971912 30.01172 29.71204 29.619057 30.277908 30.200392 30.125704 30.34781 30.291393 30.124773 30.065266
30.333107 30.172653 30.221817 30.241383 29.984447 29.909264 29.872377 29.833027 29.80093 29.783583 29.71637 29.208755 29.245508 29.419344 29.518938 29.575615 29.287706 29.100325 29.024256 29.010841 29.188562 28.994501 29.127033 29.235023 29.208738 29.104082 29.14748 29.45821 29.552279 29.330658 29.467854 29.52169 29.477728 29.452604 29.477188 29.44922 29.491535 29.584454 29.593426 29.398035 29.553835 29.698034 29.83649 30.140245 30.198807 30.22875 30.230103 30.166058 30.016617 29.986494 30.070715 29.93468 29.576714 30.007816 30.206985 29.989506 29.89809 29.999718 29.923134 29.856853 29.797527
30.116581 29.948145 30.075586 30.171124 30.150686 29.897743 29.860447 29.86119 29.808239 29.797709 29.588486 29.236637 29.216558 29.43807 29.509123 29.436007 29.163788 29.076601 29.031399 28.99991 29.190231 28.998299 29.16707 29.24806 29.261333 29.23419 29.104542 29.167719 29.19397 29.26617 29.468664 29.4046 29.376184 29.30181 29.298866 29.435003 29.392027 29.403748 29.550682 29.340973 29.459204 29.677267 29.754324 30.102121 30.237982 30.266243 30.257734 30.261948 30.180984 30.107958 30.159729 29.760283 29.488735 30.143713 30.181093 30.014565 30.019466 30.03684 30.046415 30.044327 29.881166
29.90523 29.910372 29.883556 30.198257 30.187016 29.881607 29.859205 29.887314 29.886879 29.748165 29.377365 29.27641 29.203312 29.377783 29.44558 29.355497 29.152143 29.049118 28.983768 29.160763 29.055191 29.017822 29.20577 29.32836 29.350208 29.210274 29.20173 29.194958 29.238083 29.249075 29.281628 29.342407 29.276302 29.209438 29.211847 29.208876 29.40283 29.349968 29.311733 29.270596 29.466063 29.676258 29.703894 30.057308 30.141407 30.318518 30.342396 30.254406 30.207354 30.21659 30.092823 29.499949 29.489986 30.110432 30.081436 30.047003 30.065674 29.959547 29.76741 29.727732 29.729458
30.390015 30.26063 30.227398 30.200544 30.141699 29.850784 29.847189 29.894592 29.817127 29.638897 29.112925 29.23329 29.174694 29.189596 29.374903 29.35573 29.256992 29.185793 29.219446 29.095509 28.922476 29.164972 29.37262 29.468122 29.456202 29.369818 29.172787 29.221567 29.277824 29.309988 29.324701 29.315264 29.29166 29.282766 29.28857 29.268526 29.23201 29.37419 29.358685 29.408783 29.524061 29.733873 29.67991 30.060041 29.898336 30.272173 30.339745 30.321047 30.26454 30.134544 29.743433 29.405016 29.898808 30.131107 30.079947 29.872812 29.741379 29.776218 29.737394 29.718773 29.726046
30.017092 30.109583 30.125807 30.068253 30.133924 29.831516 29.809444 29.770164 29.750202 29.48151 29.071825 29.155993 29.10225 29.122402 29.13574 29.136526 29.135576 29.09261 28.935051 28.916218 29.183844 29.385433 29.486336 29.487919 29.482166 29.495869 29.18225 29.206142 29.247293 29.317034 29.347075 29.373075 29.35713 29.311647 29.271614 29.219164 29.174149 29.363102 29.358349 29.45718 29.602732 29.751537 29.661667 30.019245 30.105211 29.760477 30.032024 30.081142 29.948746 29.633574 29.553268 29.896057 30.063395 30.008543 29.767601 29.662273 29.686092 29.77605 29.759335 29.730652 29.754866
30.100239 30.201473 30.221867 30.244188 30.1038 29.823118 29.78838 29.698635 29.702965 29.421436 29.070633 29.047384 28.934732 28.908697 28.903095 28.885784 28.847918 28.813194 28.946867 29.20873 29.393448 29.498634 29.500929 29.47877 29.43413 29.448988 29.374578 29.13443 29.282585 29.408583 29.417858 29.463696 29.461277 29.434769 29.289644 29.145555 29.141748 29.324783 29.402918 29.479513 29.697163 29.730713 29.689964 29.944538 29.930933 30.000776 29.48239 29.57503 29.580614 29.710022 29.96443 30.000084 30.048586 29.912971 29.861713 29.893118 29.928778 29.927603 29.932898 29.9332 29.933863
30.031588 30.20313 30.295216 30.217968 29.951134 29.810184 29.774633 29.684387 29.676132 29.520002 29.216501 29.074528 29.118671 29.194471 29.252398 29.255894 29.215048 29.222795 29.340578 29.469341 29.51966 29.524923 29.524408 29.511831 29.470146 29.512434 29.553102 29.533579 29.527536 29.571571 29.524845 29.570002 29.525795 29.500334 29.40742 29.26578 29.170862 29.234133 29.41639 29.468493 29.776924 29.740751 29.725164 29.906797 29.83523 29.91243 29.914663 29.420189 29.534332 29.816582 30.041178 29.994907 30.003824 29.925587 29.820225 29.89671 30.043646 30.107382 30.127302 30.118084 30.112305
29.873383 30.055344 30.13421 30.050968 29.799042 29.765173 29.699884 29.666483 29.637127 29.592815 29.418232 29.039322 29.137339 29.389791 29.379757 29.393173 29.437338 29.477932 29.516342 29.545774 29.54494 29.5427 29.553352 29.513012 29.517595 29.568851 29.643078 29.628965 29.61911 29.535337 29.610048 29.619724 29.547817 29.534365 29.508806 29.40688 29.318878 29.227592 29.360611 29.47654 29.810379 29.750925 29.76995 29.820011 29.53408 29.622025 29.799593 29.870388 29.783476 29.684763 29.698408 29.778511 29.877216 29.975891 30.026651 30.076223 30.10934 30.116194 30.08547 30.05264 30.049314
29.745361 29.77094 29.774933 29.78497 29.767357 29.641386 29.613724 29.589705 29.614195 29.576069 29.519627 29.183489 29.394 29.309004 29.551758 29.632946 29.588535 29.524935 29.43911 29.373737 29.390568 29.444584 29.425184 29.435928 29.490765 29.53032 29.544418 29.53206 29.571096 29.665682 29.653625 29.569103 29.529018 29.57274 29.506283 29.43517 29.424482 29.455198 29.412552 29.566002 29.860323 29.777681 29.798239 29.817024 29.545702 29.703114 29.815203 29.89325 29.908333 29.894127 29.921127 29.974703 30.017595 30.133612 30.15152 29.99274 30.0403 30.104038 30.093906 30.075584 30.041372
29.774513 29.798914 29.829376 29.749763 29.55765 29.526377 29.555538 29.575161 29.574844 29.522264 29.481382 29.371136 29.315811 29.590103 29.5378 29.50718 29.4841 29.316942 29.165386 29.119455 29.215128 29.300817 29.381878 29.437487 29.517708 29.598257 29.657793 29.669708 29.661797 29.633577 29.646437 29.573696 29.535328 29.586761 29.51378 29.469505 29.484056 29.491798 29.536827 29.659435 29.864502 29.80714 29.846306 29.88132 29.850515 29.884499 29.967894 30.025885 30.012186 30.025942 30.059225 30.102438 30.164137 30.087076 29.95828 29.93205 30.049587 30.104021 30.064651 30.03666 30.04471
29.83077 29.857603 29.765354 29.572124 29.584124 29.502842 29.476368 29.497244 29.492126 29.491179 29.262428 29.19125 29.370886 29.582466 29.503649 29.434153 29.214739 29.18038 29.171515 29.014149 29.16902 29.268263 29.427929 29.532705 29.546791 29.612495 29.649574 29.651281 29.644005 29.543682 29.565895 29.632908 29.591833 29.561636 29.566183 29.543575 29.509918 29.544409 29.588938 29.72238 29.789509 29.85356 29.873768 29.883463 29.920502 29.982656 30.0193 29.981892 30.02406 30.082745 30.133764 30.189308 30.082924 29.89698 29.873161 29.960075 30.060555 30.048609 29.999054 29.96748 29.98268
29.882475 29.853464 29.633636 29.562119 29.421638 29.353735 29.418388 29.411116 29.368938 29.130978 29.014988 29.106762 29.239536 29.576866 29.466547 29.372519 29.201675 29.02256 29.13965 29.2302 29.260334 29.379675 29.399942 29.408316 29.627825 29.52771 29.516788 29.524385 29.48691 29.450708 29.562025 29.665205 29.596264 29.570066 29.58745 29.619095 29.563602 29.568277 29.637684 29.837257 29.74797 29.850342 29.856365 29.846807 29.963856 30.027758 29.967402 30.021225 30.08718 30.158583 30.179482 30.087797 29.951843 29.921253 29.899666 29.958954 29.990328 30.014265 29.957472 29.97659 30.013847
