static/data/thetao/2023/7/24/18.asc
ncols 137
nrows 93
xllcorner 108.0
yllcorner 17.0
cellsize 0.25
NODATA_value -32767
[rows 27 to 53 of 93, columns 61 to 121 of 137]
26.357088 26.167215 25.949835 25.737606 25.532839 25.34906 25.420527 25.612434 25.906397 25.78948 26.547813 26.695639 -32767.0 -32767.0 26.20533 26.740196 27.681398 27.876797 28.070276 28.067225 28.098505 27.931301 27.8916 27.470034 27.129433 -32767.0 -32767.0 -32767.0 -32767.0 -32767.0 -32767.0 -32767.0 -32767.0 -32767.0 27.117535 26.20808 26.368914 -32767.0 -32767.0 -32767.0 28.004541 27.955244 28.071342 28.183765 27.337044 27.456503 27.944021 27.291018 26.603127 27.777937 28.19546 28.380651 28.434929 28.283113 28.199492 28.153458 28.202843 28.334122 28.624197 28.871914 28.94695
26.060663 25.674328 25.423443 25.209429 25.057114 25.104593 25.240248 25.467218 25.494396 25.620361 27.171255 27.463383 27.284111 27.475359 27.40643 27.77396 27.927715 28.183954 28.384436 28.481516 28.424759 27.996101 27.65031 -32767.0 27.096714 27.039076 -32767.0 -32767.0 29.55874 -32767.0 -32767.0 -32767.0 -32767.0 -32767.0 -32767.0 25.673664 26.878881 -32767.0 -32767.0 27.59674 27.735613 27.743631 27.9864 28.184673 28.193417 28.021912 27.960817 27.003693 27.738438 28.031826 28.023376 27.820034 27.588366 27.647388 27.831444 28.089499 28.174816 28.370403 28.700523 29.035551 28.875273
26.128447 25.753551 25.137712 24.843836 24.518885 24.702154 25.07642 25.268425 25.398613 25.275732 26.464344 27.455061 27.535793 27.683144 27.858788 27.856415 28.151196 28.511755 28.692049 28.70869 28.65456 28.013191 -32767.0 26.845745 26.996454 27.184378 27.491571 28.245714 -32767.0 28.981916 -32767.0 -32767.0 -32767.0 -32767.0 -32767.0 27.78662 28.018536 27.953796 27.804125 28.159489 28.809492 29.046072 29.053923 28.896612 28.310781 27.677929 27.240711 27.379692 27.866444 27.69151 27.597963 27.49056 27.407005 27.493298 27.858147 28.105656 28.14955 28.193886 28.561495 29.08767 28.860735
26.194096 25.983349 25.91063 25.71083 24.678238 24.705595 24.70421 24.799168 25.130705 25.201778 25.714895 27.073925 27.408201 27.50645 27.701437 27.88571 28.40836 28.695915 28.957047 28.93494 28.779966 28.500853 28.003843 27.66749 27.314028 27.253187 27.612188 28.20648 28.448454 29.554585 -32767.0 -32767.0 -32767.0 -32767.0 27.576185 28.117313 28.261248 28.244503 28.376001 28.443363 28.828766 29.13439 29.334099 29.336807 28.969946 27.46617 27.11268 27.106665 27.325623 27.234892 27.219265 27.323463 27.323933 27.582277 27.939497 28.06684 28.176994 28.103804 28.630163 29.109896 28.973518
26.496944 26.096006 25.806854 25.686216 25.287834 25.445347 25.256855 24.949562 24.790644 25.09795 25.804672 26.88686 27.123934 27.549206 27.893219 28.264109 28.483126 28.643288 28.986734 29.121483 28.958221 28.760662 28.701618 28.651882 28.53563 28.14273 27.539358 27.981833 28.435772 29.115047 -32767.0 -32767.0 -32767.0 -32767.0 27.906197 28.467173 28.318195 27.915695 27.881943 28.431282 29.052662 29.20023 29.287285 29.443289 29.279852 29.049849 27.86379 26.571548 26.497017 26.918379 27.134264 26.911898 27.345396 27.767822 28.036428 28.029774 28.193453 28.279997 28.827145 29.324413 29.11677
26.59292 26.191923 25.987785 26.161728 26.303684 26.34295 25.848482 25.338816 25.101614 25.080513 25.82031 26.876795 27.605753 27.891165 28.260466 28.41862 28.459667 28.689062 28.836872 28.918678 29.012749 29.093607 29.107264 28.81245 28.67401 28.536041 28.055878 27.811296 -32767.0 -32767.0 -32767.0 -32767.0 -32767.0 27.47222 28.112093 28.320055 28.45631 28.422207 28.477346 29.237082 29.210867 29.238474 29.387003 29.467169 29.568077 29.178694 29.031439 28.923014 28.529028 27.971256 27.684973 27.215336 27.446941 27.877056 28.050016 28.084248 28.29861 28.25109 28.981308 29.4232 29.187647
27.008131 26.459822 26.373583 26.470625 26.814592 26.686844 26.360426 26.246088 26.072887 26.079632 26.261728 26.760702 27.590197 28.152782 28.386723 28.39773 28.577808 28.676828 28.58494 28.790686 28.933054 29.04649 29.093565 29.06989 28.713474 28.663778 28.46239 27.921337 -32767.0 -32767.0 -32767.0 -32767.0 -32767.0 26.882383 27.94267 28.65512 28.917759 29.12692 29.233217 29.454285 29.66512 29.636913 29.503119 29.475758 29.530172 29.405151 29.259722 29.140022 29.119951 29.033298 28.68682 28.054352 27.525686 27.936218 28.07995 28.121298 28.381063 28.342848 29.076946 29.452152 29.168867
27.02725 26.389584 26.36646 26.861574 27.101954 27.430931 27.15088 26.779736 26.563564 26.61231 26.767578 27.633036 28.356247 28.4451 28.359438 28.475132 28.525259 28.460358 28.62765 29.017448 29.163635 29.113398 29.095959 29.064905 28.834473 28.788534 28.348927 28.073011 28.600317 -32767.0 28.945208 -32767.0 -32767.0 28.474016 28.799562 29.072384 29.160385 29.170532 29.165558 29.399414 29.581013 29.573305 29.618567 29.62096 29.539188 29.508091 29.475286 29.418564 29.362757 29.321533 29.192059 28.700312 27.589565 28.045647 28.117605 28.187607 28.456749 28.389116 29.123184 29.440273 29.187717
25.976124 25.582975 26.061562 26.596853 26.809149 27.69854 27.744297 27.462769 26.875217 26.809898 27.11103 27.865084 28.429724 28.43131 28.449526 28.377853 28.360767 28.583662 28.55173 29.002594 29.138115 29.108196 29.027637 28.979568 28.891575 28.79426 28.625881 28.303408 28.362839 28.559855 29.029922 -32767.0 28.09726 28.412954 29.102077 28.962708 29.47839 29.516565 29.364597 29.612364 29.629877 29.687347 29.592957 29.487873 29.579529 29.467453 29.513277 29.526705 29.630589 29.51844 29.325232 28.793491 27.945934 28.091358 28.108372 28.198484 28.320057 28.482899 29.22964 29.449577 29.197586
26.27832 26.11501 26.119883 26.507408 27.49064 27.868383 28.224644 27.931553 27.497812 27.339935 27.51677 27.91402 28.331284 28.473892 28.484035 28.532352 28.613682 28.67261 28.83019 29.104641 29.124746 29.092932 29.118181 29.072882 28.9716 28.894716 28.743593 28.582035 28.552456 28.495842 -32767.0 28.728586 28.881155 28.795626 28.921307 29.3235 29.546722 29.57369 29.606005 29.595886 29.632948 29.649008 29.62004 29.537354 29.557915 29.49384 29.437885 29.524721 29.612148 29.624836 29.445713 28.7722 28.617529 27.929739 28.200487 28.227022 28.309683 28.768934 29.337137 29.456694 29.209743
25.607508 26.220232 26.803541 27.258965 27.228804 27.591692 27.66927 28.264738 27.926714 28.28149 28.434643 28.369139 28.50568 28.642004 28.755957 28.82735 28.698545 28.809963 29.097628 29.198385 29.08086 29.144424 29.270155 29.342695 29.261232 29.151693 29.127851 28.84674 28.843052 28.699535 28.709894 28.98009 28.93173 29.038353 29.133007 29.146282 29.431616 29.555944 29.583723 29.546228 29.621294 29.668455 29.565792 29.536848 29.57862 29.32522 29.386644 29.544022 29.572847 29.59648 29.364012 28.95425 28.807371 28.29045 28.091825 28.240059 28.63011 29.072344 29.494404 29.436853 29.007437
25.408274 26.233137 26.776075 27.267359 27.694695 27.971664 28.29655 28.231216 28.366621 28.527695 28.777744 28.851282 28.874796 28.769718 28.666763 28.64669 28.803095 28.953966 29.074778 29.243273 29.079842 29.07153 29.185997 29.329039 29.411922 29.399418 29.207468 29.23221 -32767.0 29.176428 28.865393 -32767.0 29.08042 28.839148 29.025812 29.203585 29.26285 29.492464 29.60491 29.52346 29.671473 29.569427 29.503723 29.5848 29.657536 29.415918 29.214777 29.430132 29.480278 29.378956 29.209911 29.081833 28.722754 28.871311 28.910645 28.99966 29.056696 29.335127 29.534653 29.381762 28.849846
26.63548 27.577492 27.68143 27.889158 28.035679 28.08127 28.272346 28.229622 28.406958 28.451067 28.603735 28.786867 28.84426 28.600914 28.750263 28.97103 28.914581 29.085499 29.029488 29.07364 29.171314 29.105148 29.163942 29.387215 29.356695 29.350828 29.327332 29.209993 29.237556 -32767.0 29.05538 28.828487 29.085552 28.843882 29.228325 29.276518 29.279016 29.492325 29.56528 29.480917 29.656614 29.527912 29.545973 29.587563 29.533224 29.427128 29.421774 29.179415 29.360657 29.416708 29.239544 29.083921 29.013985 29.00869 28.874628 28.9335 29.45874 29.583267 29.471813 29.305439 28.753948
26.547 27.547682 28.144323 28.324778 28.32242 28.292065 28.485544 28.581257 28.435759 28.340603 28.497715 28.567083 28.64737 28.730791 28.962431 29.07989 28.973436 29.030447 29.13452 29.280859 29.336962 29.426926 29.508892 29.473911 29.344015 29.355923 29.153328 29.27869 29.18231 29.181025 29.147747 28.80063 29.055079 29.21936 29.271774 29.138334 29.324915 29.513723 29.508352 29.456284 29.669077 29.571924 29.614542 29.567507 29.471777 29.238806 29.291716 29.409945 29.245724 29.379469 29.399784 29.293344 29.29751 29.36596 29.479036 29.517725 29.528854 29.408945 29.398088 29.161037 28.77342
26.415415 27.874825 28.164528 28.519812 28.733517 28.804953 28.680832 28.756533 28.707191 28.758165 29.007154 29.132303 29.035791 29.022182 29.132343 29.209362 29.19287 29.269224 29.461344 29.601631 29.63573 29.584936 29.494026 29.317919 29.311644 29.295858 29.04152 29.282389 29.313406 29.401102 29.3451 29.299797 29.187317 29.216652 29.289896 29.323082 29.460142 29.542322 29.518677 29.42344 29.63899 29.594774 29.623339 29.539299 29.357555 29.288454 29.248077 29.182446 29.379349 29.281067 29.302458 29.359783 29.467508 29.472824 29.465895 29.481379 29.333769 29.308994 29.274878 28.903887 28.827599
26.97947 27.99039 28.610062 28.734741 29.027409 29.033321 28.93457 28.988834 28.89373 29.032228 29.025993 29.167767 29.172764 29.228662 29.316452 29.336287 29.423763 29.62366 29.684565 29.609215 29.539858 29.445951 29.38942 29.320028 29.266483 29.230724 29.238686 29.31878 29.464943 29.36603 29.380836 29.515167 29.561905 29.592594 29.69347 29.741648 29.747078 29.487062 29.547943 29.404083 29.615181 29.564703 29.524973 29.440916 29.41523 29.486752 29.395699 29.28801 29.179903 29.32845 29.292349 29.309034 29.357637 29.38388 29.331472 29.330189 29.224804 29.319944 29.124355 28.931227 28.770622
27.19596 28.214643 28.782734 29.173988 28.986948 28.75051 28.768116 28.893635 28.919737 28.946976 28.999367 29.128536 29.234097 29.37597 29.34891 29.416403 29.700014 29.635796 29.685013 29.491037 29.428265 29.40933 29.363377 29.30722 29.343338 29.310375 29.408634 29.41426 29.526045 29.41087 29.504133 29.644802 29.749615 29.657593 29.563316 29.527023 29.543823 29.494713 29.497158 29.359818 29.584019 29.563036 29.448488 29.385796 29.532578 29.580605 29.466667 29.309801 29.336761 29.14277 29.263994 29.294464 29.194475 29.21522 29.083975 29.129381 29.183607 29.192177 29.174362 28.81852 28.766302
28.42902 28.748549 28.547714 28.89403 29.268845 29.309895 29.1532 28.935297 29.077223 29.104597 29.158125 29.31342 29.420658 29.474749 29.393261 29.754942 29.687788 29.788881 29.50229 29.408035 29.440706 29.421762 29.468985 29.507036 29.175024 29.409218 29.525963 29.462408 29.593868 29.651405 29.637257 29.616295 29.746065 29.65897 29.695866 29.487478 29.488737 29.503052 29.472443 29.390644 29.554653 29.567934 29.5433 29.507666 29.487852 29.55822 29.444672 29.370714 29.302761 29.376436 29.174887 29.184645 29.094385 29.060684 29.104742 29.162992 29.230722 29.36249 29.16292 28.696144 28.80619
28.510777 29.30234 29.29057 29.334055 29.16182 29.411222 29.274965 29.193224 29.075207 29.305466 29.330484 29.474833 29.458197 29.291216 29.777576 29.72866 29.800592 29.600594 29.437298 29.44127 29.443117 29.501673 29.48443 29.30293 29.580597 29.484545 29.555643 29.51523 29.585497 29.662943 29.666431 29.585424 29.537708 29.610073 29.638435 29.584965 29.480278 29.381582 29.487741 29.468023 29.490263 29.533112 29.61787 29.581549 29.511707 29.475605 29.398674 29.427235 29.3593 29.3374 29.44343 29.27277 29.104591 29.065561 29.170626 29.458265 29.349783 29.164255 29.073769 29.028086 28.80476
29.862476 29.844452 29.70034 29.48742 29.467728 29.492428 29.266308 29.279316 29.423845 29.436577 29.539896 29.573837 29.472591 29.723658 29.8808 29.782082 29.79406 29.502707 29.496504 29.477034 29.344097 29.397396 29.455423 29.51553 29.195208 29.089203 29.423172 29.351692 29.379475 29.39289 29.605799 29.72855 29.642445 29.605223 29.590755 29.520823 29.398935 29.32593 29.44816 29.533352 29.427933 29.495699 29.58718 29.645954 29.547112 29.46271 29.471092 29.313982 29.260365 29.255314 29.330772 29.40248 29.09319 29.10672 29.387346 29.267977 29.162786 29.100779 29.059168 28.972588 28.985355
29.945274 29.604044 29.693636 29.705254 29.666412 29.308855 29.586245 29.615274 29.495787 29.471107 29.571844 29.615513 29.649536 29.705605 29.878489 29.95112 29.84833 29.555174 29.498857 29.52605 29.435995 29.312004 29.289135 29.311535 -32767.0 29.14393 29.376385 29.414604 29.447567 29.671633 29.685572 29.715174 29.78635 29.739557 29.641367 29.53902 29.379692 29.267412 29.407578 29.546692 29.454645 29.487965 29.617374 29.577589 29.380749 29.420675 29.498455 29.458185 29.236172 29.108557 29.257076 29.184914 29.085157 29.303747 29.33707 29.269842 29.1442 29.208635 29.107029 29.036678 29.047087
29.728336 29.810003 29.476688 29.715347 29.746058 29.398815 29.359018 29.642323 29.417196 29.513025 29.543083 29.637922 29.69048 29.731289 30.020067 30.042458 29.929697 29.588644 29.473167 29.51466 29.378498 29.358974 29.055874 29.460646 29.316143 29.513895 29.589558 29.724915 29.800304 29.73506 29.867157 29.809248 29.751493 29.753038 29.659513 29.507988 29.299532 29.289007 29.387667 29.548222 29.463375 29.523138 29.584877 29.502562 29.614655 29.376793 29.503801 29.588032 29.414839 29.233673 29.105513 29.124899 29.265186 29.583214 29.435865 29.167128 29.207 28.97756 28.82291 28.794008 28.963753
29.534962 29.667725 29.71637 29.760902 29.842802 29.632965 29.423357 29.516073 29.710827 29.677689 29.513348 29.637747 29.805275 29.953936 30.148972 30.084812 29.89937 29.606836 29.469194 29.517313 29.389572 29.292799 29.289597 -32767.0 29.461731 29.56825 29.682487 29.806232 29.736948 29.863344 29.83641 29.7549 29.639975 29.628872 29.560324 29.46036 29.263939 29.343296 29.426743 29.590775 29.505812 29.548119 29.503927 29.67631 29.808243 29.901642 29.869686 29.67903 29.397738 29.434587 29.359928 29.396883 29.479528 29.55567 29.582323 29.212336 29.202253 29.056196 29.024351 29.074047 29.125145
29.330723 29.564028 29.745533 29.798923 29.635311 29.745564 29.591839 29.70888 29.806562 29.770294 29.82659 29.870863 29.967934 30.240469 30.335402 29.982609 29.834927 29.609251 29.511755 29.525461 29.377743 29.244469 29.388027 29.460152 29.576654 29.535925 29.794111 29.856977 29.754122 29.815624 29.710993 29.518421 29.50853 29.469074 29.488258 29.372635 29.228645 29.345486 29.517826 29.591135 29.539337 29.526695 29.525972 29.616821 29.761858 29.808916 29.799189 29.818855 29.522087 29.324623 29.398865 29.4512 29.49968 29.564426 29.512089 29.599468 29.53244 29.490747 29.459208 29.39605 29.427197
29.52242 29.827984 29.871426 29.764893 29.738703 29.753374 29.838217 29.8035 29.761467 29.766523 29.944849 30.265211 29.976997 30.038715 29.973797 29.935244 29.713032 29.573917 29.513887 29.476812 29.278263 29.285593 29.351898 29.51368 29.481647 29.493065 29.777721 29.74679 29.852266 29.684612 29.59702 29.425034 29.445766 29.444992 29.363665 29.2596 29.2818 29.379938 29.623453 29.507872 29.557455 29.423506 29.505713 29.710884 29.761164 29.777332 29.835838 29.748852 29.711985 29.413277 29.404987 29.455091 29.517607 29.66412 29.595545 29.585407 29.7993 29.699867 29.706371 29.503267 29.418348
29.543797 29.749609 29.878706 29.829998 29.651024 29.554163 29.60776 29.647291 29.443579 30.099646 30.42681 30.24951 29.768745 29.814152 29.91211 29.77224 29.618834 29.61426 29.461683 29.594852 29.28762 29.262526 29.380018 29.487225 29.442427 29.347155 29.612247 29.729204 29.831007 29.645857 29.47733 29.400124 29.354866 29.32168 29.271765 29.232454 29.360212 29.512241 29.538576 29.565685 29.35902 29.447151 29.676113 29.765083 29.812366 29.849262 29.891273 29.74701 29.784876 29.45385 29.431335 29.26816 29.49387 29.551117 29.642096 29.7139 29.639359 29.795105 29.734198 29.695452 29.487562
29.526817 29.608925 29.623938 29.477196 29.439644 29.503881 29.539637 29.55663 29.875435 30.01857 30.465899 30.361738 29.745903 29.885311 29.88935 29.617617 29.552275 29.671637 29.63592 29.965322 -32767.0 29.35127 29.40778 29.383644 29.391619 29.42341 29.435575 29.72193 29.781599 29.602827 29.455545 29.37706 29.33335 29.309544 29.290527 29.355131 29.476353 29.555164 29.514935 29.329334 29.350647 29.459528 29.504175 29.607367 29.690805 29.771221 29.799706 29.779402 29.796915 29.493845 29.427107 29.26984 29.347862 29.488716 29.568554 29.58442 29.738523 29.694061 29.681856 29.648195 29.730627
