static/data/thetao/2023/7/24/6.asc
ncols 137
nrows 93
xllcorner 108.0
yllcorner 17.0
cellsize 0.25
NODATA_value -32767
[rows 0 to 26 of 93, columns 61 to 121 of 137]
-32767.0 -32767.0 -32767.0 -32767.0 -32767.0 -32767.0 -32767.0 -32767.0 -32767.0 -32767.0 -32767.0 -32767.0 -32767.0 -32767.0 -32767.0 -32767.0 -32767.0 -32767.0 -32767.0 24.375233 23.643059 22.21429 22.261684 23.6766 23.728592 23.503695 23.355272 24.039577 24.391272 24.573412 24.637938 24.724052 24.784836 24.708885 24.512526 23.999928 23.992907 24.119658 23.45859 23.557579 22.971003 22.809965 23.070652 22.978786 23.359142 23.793068 24.0189 24.156542 24.17578 24.198336 24.199654 24.20839 24.136494 24.183456 24.24875 24.393097 24.288694 24.201979 24.433016 24.058302 24.005419
25.932741 26.61121 26.92998 27.746048 28.004549 28.106445 28.404047 -32767.0 -32767.0 -32767.0 -32767.0 -32767.0 -32767.0 -32767.0 -32767.0 -32767.0 -32767.0 -32767.0 23.583445 23.331924 22.266756 23.54548 24.064045 23.387228 23.15973 22.876318 22.849558 23.290257 23.65121 23.412157 23.502924 23.463558 23.942244 24.692646 24.17422 24.27396 23.986406 24.027206 23.672466 24.145407 23.327154 23.369286 23.295597 23.337992 23.964893 24.032202 23.811085 24.034594 24.426346 24.641397 24.575907 24.348797 24.192886 24.151484 24.356544 24.465536 24.483526 24.423004 24.08496 24.575922 24.51936
27.017134 26.709118 26.012339 26.068739 26.589584 26.792587 27.742294 27.386759 27.027931 -32767.0 -32767.0 -32767.0 -32767.0 -32767.0 -32767.0 -32767.0 -32767.0 -32767.0 23.557901 22.628494 23.223976 23.377426 23.466635 23.676037 23.044125 23.294268 22.564219 21.884209 20.854658 20.981733 21.49804 21.24633 22.46358 24.156929 23.89428 24.119066 24.39023 24.548183 24.142626 23.513977 23.378557 23.785519 23.68515 23.785269 24.158197 23.924555 24.563084 24.75587 24.943266 24.93065 24.694544 24.207478 24.391382 24.54089 24.70132 24.506884 24.143423 24.028435 24.085278 24.796103 24.917856
25.16426 25.298027 25.289133 25.687645 25.782436 25.821512 25.677969 26.600481 26.990904 -32767.0 -32767.0 -32767.0 -32767.0 -32767.0 -32767.0 -32767.0 -32767.0 26.37383 24.232399 23.064823 23.46263 23.894802 24.007559 23.824745 23.927357 23.408491 21.077818 20.190031 20.847036 23.057816 23.330229 21.98367 22.645784 24.03708 23.920073 23.987043 24.228815 23.143372 22.49291 23.538269 24.326141 24.111864 24.153437 24.314407 24.220266 24.16385 24.533424 24.577042 24.780739 24.874863 24.93381 24.404602 24.486988 24.743006 24.747465 24.800392 24.63255 24.529037 24.731285 25.165205 25.414797
25.307243 25.50992 25.64251 25.547054 25.41793 25.325882 25.613317 26.163527 -32767.0 -32767.0 -32767.0 -32767.0 -32767.0 -32767.0 -32767.0 -32767.0 -32767.0 -32767.0 -32767.0 23.804913 23.3377 23.998121 24.071796 23.693642 23.321606 22.42425 20.5146 21.03537 23.83786 24.28457 24.34066 23.247913 22.473665 23.227285 23.647783 23.588608 22.687641 21.994967 23.934507 23.9317 24.02637 24.357254 24.370628 24.359278 24.261883 24.09087 24.423542 24.70953 24.935246 24.957924 24.87469 24.660364 24.628748 24.723711 24.536154 24.803608 25.03678 25.164797 25.447998 25.559744 25.754234
25.61427 25.795078 25.926945 25.80434 25.178972 25.144258 25.51495 26.526127 -32767.0 -32767.0 -32767.0 -32767.0 -32767.0 -32767.0 -32767.0 -32767.0 -32767.0 -32767.0 -32767.0 -32767.0 24.362488 23.929722 23.607908 23.456701 23.162788 22.805126 20.756582 21.43503 24.487602 24.758692 24.445496 23.228224 23.18209 22.924686 22.298002 21.95803 22.138958 23.949001 23.98319 24.322987 24.295118 24.47113 24.60901 24.521305 24.517036 24.744936 24.937593 25.151115 25.25894 25.091734 24.91745 24.96525 24.452656 24.570982 24.341564 24.690153 24.840424 25.317657 25.464579 25.66385 26.058321
26.30366 26.262344 26.168804 25.819853 25.355844 25.616629 25.559654 26.837837 -32767.0 -32767.0 -32767.0 -32767.0 -32767.0 -32767.0 -32767.0 -32767.0 -32767.0 -32767.0 -32767.0 -32767.0 -32767.0 23.597198 23.236937 23.332647 23.252459 23.004702 21.337578 20.91831 23.847431 24.838856 24.795115 24.427563 24.281755 24.103771 23.55876 22.994661 23.757227 24.402077 24.1838 24.313242 24.400227 24.580862 24.759716 25.02466 25.28998 25.480232 25.507738 25.447445 25.13027 24.962006 24.865425 24.940483 24.666185 24.487011 24.832485 24.855236 25.420996 25.649534 25.860304 25.830124 26.17181
26.449978 26.347378 26.157145 25.998384 25.716274 26.01794 25.92621 -32767.0 -32767.0 -32767.0 -32767.0 -32767.0 -32767.0 -32767.0 -32767.0 -32767.0 -32767.0 -32767.0 -32767.0 -32767.0 -32767.0 -32767.0 23.600658 23.61119 23.213745 23.194056 22.072989 20.974064 23.383352 24.402735 24.88894 24.065449 24.462933 24.245472 24.36239 24.55456 24.762926 24.917109 24.511583 24.651463 24.726986 24.92825 25.195663 25.43562 25.580313 25.53937 25.537952 25.070414 25.05598 24.976439 24.918041 24.93874 24.953003 24.928633 25.06232 25.463877 25.924498 25.689995 26.240423 26.71296 26.660036
26.269964 26.205387 26.072111 25.811022 25.840225 26.380419 -32767.0 27.49216 -32767.0 -32767.0 -32767.0 -32767.0 -32767.0 -32767.0 -32767.0 -32767.0 -32767.0 -32767.0 -32767.0 -32767.0 -32767.0 -32767.0 23.663645 23.688244 23.641035 23.32045 21.22794 21.716028 23.410028 23.986776 24.156307 24.886032 24.0026 24.670603 25.028795 25.087341 25.222267 25.078756 25.080622 25.080595 25.224604 25.483356 25.623606 25.449896 25.42276 25.728155 25.166197 25.221485 25.413595 25.584578 24.969189 25.013699 25.058432 24.930557 24.992678 26.000109 26.32144 26.673252 27.615927 27.751417 -32767.0
25.92696 26.085049 26.145239 26.143763 25.919712 25.758768 25.937399 26.320631 26.714811 27.523314 26.99964 27.073198 27.685503 -32767.0 -32767.0 -32767.0 -32767.0 -32767.0 -32767.0 -32767.0 -32767.0 -32767.0 -32767.0 24.209112 23.957167 22.404093 20.746708 22.315027 23.073248 24.21372 24.438643 24.703802 23.953703 24.33445 24.99196 25.11158 25.133865 25.086943 25.094755 25.463734 25.72196 25.622395 25.562784 25.508717 25.582684 25.40356 25.169006 25.12352 25.157564 25.994104 26.051237 25.692375 25.338005 25.565683 25.857315 26.090572 26.273108 27.522417 27.975567 28.052685 27.122398
26.012827 26.21369 26.439283 26.377659 26.043684 26.07493 26.182846 25.927464 26.003178 26.339655 25.577023 25.85744 25.925795 -32767.0 -32767.0 -32767.0 -32767.0 -32767.0 -32767.0 -32767.0 -32767.0 -32767.0 -32767.0 -32767.0 22.729105 20.928438 20.403069 22.592657 22.523962 23.873943 24.348505 24.528936 24.455086 24.29519 24.500858 24.800816 24.60988 25.323256 25.361496 25.853292 25.962137 25.716928 25.852276 25.532223 25.618021 25.502949 25.257784 25.109398 25.923956 26.164225 26.136354 26.068495 25.79677 25.753284 26.120125 26.435526 -32767.0 27.696138 27.966352 27.929533 27.9322
26.04531 25.944138 26.524668 26.59139 26.234804 26.194277 26.207865 25.836054 25.286802 25.489359 24.791647 25.356476 25.525753 26.28692 27.22842 -32767.0 -32767.0 -32767.0 -32767.0 -32767.0 -32767.0 -32767.0 -32767.0 -32767.0 -32767.0 20.318829 21.078674 22.148552 22.971272 23.157358 23.42105 24.334288 24.345842 24.600214 24.805475 25.065203 25.271698 25.318922 25.819508 25.94199 25.712055 26.079014 26.251667 26.137352 26.086346 26.205893 26.256054 26.18235 26.127802 26.129267 26.136307 26.171595 26.19668 26.262894 -32767.0 -32767.0 27.986248 27.958206 28.02025 27.8216 27.470182
25.77927 25.844248 26.443457 26.693216 26.612345 26.56857 26.567356 26.260212 25.593576 25.43527 25.147547 24.87817 24.958103 -32767.0 27.071655 -32767.0 -32767.0 -32767.0 -32767.0 -32767.0 -32767.0 -32767.0 -32767.0 -32767.0 -32767.0 20.66153 21.000135 23.092716 23.496532 22.825687 21.738468 23.606253 24.370762 24.648945 24.796778 25.12597 25.606445 25.343386 25.975636 26.095549 26.05438 26.28255 26.423288 26.527283 26.33419 26.345211 26.37306 26.138643 26.228912 26.114119 26.056677 26.065308 26.474009 26.676756 -32767.0 28.56235 27.814594 27.96054 -32767.0 -32767.0 -32767.0
26.09382 26.056532 26.604126 26.581898 26.516645 26.450064 26.470839 26.367035 26.218647 26.022694 25.37256 25.114317 -32767.0 -32767.0 -32767.0 -32767.0 -32767.0 -32767.0 -32767.0 -32767.0 -32767.0 -32767.0 -32767.0 -32767.0 -32767.0 20.605457 21.543522 23.982946 24.122662 24.08606 23.705969 23.506666 23.79884 24.701796 25.214684 25.503267 25.600697 25.38589 25.702131 26.127756 26.30209 26.380045 26.522726 26.579077 26.572271 26.691135 26.68384 26.515444 26.136772 26.015833 25.872942 26.183514 25.961084 26.848532 27.911974 -32767.0 27.327507 -32767.0 -32767.0 -32767.0 -32767.0
26.23341 26.032402 26.375341 26.4328 26.290503 26.31346 26.313622 26.295395 26.230268 25.8871 25.695461 25.629776 26.580517 -32767.0 -32767.0 -32767.0 -32767.0 -32767.0 -32767.0 -32767.0 -32767.0 -32767.0 -32767.0 -32767.0 -32767.0 19.898445 21.001684 24.399258 25.154675 24.901327 24.545675 24.858345 25.00427 25.303759 25.62352 25.579212 25.497345 25.647236 25.826315 26.240936 26.589134 26.442732 26.490244 26.806746 26.748718 27.122295 27.078808 26.678198 26.410847 26.1472 26.06737 26.38465 25.928835 27.693983 -32767.0 -32767.0 -32767.0 -32767.0 -32767.0 -32767.0 -32767.0
26.61994 26.175077 26.358654 26.416996 26.353853 26.183668 26.145464 25.959785 25.861635 25.84677 25.794027 25.45261 25.256754 26.566366 -32767.0 -32767.0 -32767.0 -32767.0 -32767.0 -32767.0 -32767.0 -32767.0 -32767.0 -32767.0 -32767.0 21.196157 21.46942 24.30177 24.625837 24.848267 25.385815 24.92787 25.438173 25.65754 25.414843 25.286655 25.45851 25.779621 26.28415 26.685219 -32767.0 26.59908 26.970457 27.07266 26.739393 27.590883 27.280666 26.91652 26.80989 26.426155 26.182316 26.736609 -32767.0 -32767.0 -32767.0 -32767.0 -32767.0 -32767.0 -32767.0 -32767.0 -32767.0
26.617092 26.401371 26.35853 26.353916 26.39558 26.308956 26.078539 25.632624 25.355995 25.330214 25.294662 25.12399 24.621521 26.253405 -32767.0 -32767.0 -32767.0 -32767.0 -32767.0 -32767.0 -32767.0 -32767.0 -32767.0 -32767.0 -32767.0 -32767.0 22.316202 24.76438 25.233526 25.423157 24.796108 25.529335 25.43836 25.658104 26.086773 26.471565 26.043488 25.789875 26.678972 27.248962 27.30641 27.333504 27.383408 27.414818 27.131548 27.758883 27.841427 27.07829 27.386665 26.800974 27.368568 27.4472 -32767.0 -32767.0 -32767.0 -32767.0 -32767.0 -32767.0 -32767.0 -32767.0 -32767.0
26.941414 26.659437 26.730114 26.621195 26.394356 26.26271 26.085587 25.855005 24.98594 24.397007 24.60878 24.369888 24.241692 25.808157 26.013134 -32767.0 -32767.0 -32767.0 -32767.0 -32767.0 -32767.0 -32767.0 -32767.0 -32767.0 -32767.0 19.301296 24.053207 25.346231 25.527727 25.282679 25.612452 25.459608 26.106329 26.783028 26.63937 26.808577 25.887703 26.571445 27.085367 27.667181 27.928549 27.575422 27.976955 27.775959 27.491352 28.206589 27.86924 26.747965 -32767.0 28.345043 28.363214 28.351433 -32767.0 -32767.0 -32767.0 -32767.0 -32767.0 -32767.0 -32767.0 -32767.0 -32767.0
27.262234 26.955826 26.745678 26.598314 26.327744 26.139896 25.724728 25.410229 25.098543 24.286474 23.454987 23.445366 24.715656 26.00795 -32767.0 -32767.0 -32767.0 -32767.0 -32767.0 -32767.0 -32767.0 -32767.0 -32767.0 -32767.0 -32767.0 19.927544 24.53972 25.888203 25.7518 25.878727 26.116602 26.492466 26.903238 27.179638 27.45348 27.616476 27.59061 27.965881 27.245045 -32767.0 -32767.0 27.839056 28.302246 -32767.0 -32767.0 -32767.0 -32767.0 -32767.0 -32767.0 -32767.0 -32767.0 -32767.0 -32767.0 -32767.0 -32767.0 -32767.0 -32767.0 -32767.0 -32767.0 -32767.0 -32767.0
27.214106 26.88124 26.653824 26.151352 25.79585 25.15198 24.687515 24.618088 24.493593 23.833176 23.515898 22.777693 25.226002 -32767.0 -32767.0 -32767.0 -32767.0 -32767.0 -32767.0 -32767.0 -32767.0 -32767.0 -32767.0 -32767.0 20.532516 23.171957 25.064816 25.98484 26.061197 26.393154 26.512167 26.783976 27.356632 27.59808 27.341145 27.853653 28.32572 27.322042 -32767.0 -32767.0 -32767.0 -32767.0 -32767.0 -32767.0 -32767.0 -32767.0 -32767.0 -32767.0 -32767.0 -32767.0 -32767.0 -32767.0 -32767.0 -32767.0 -32767.0 -32767.0 -32767.0 -32767.0 -32767.0 -32767.0 -32767.0
27.141947 26.856985 26.593513 26.301268 26.01516 25.616442 24.8476 24.040758 23.764364 23.438517 23.076117 22.284887 25.221437 -32767.0 -32767.0 -32767.0 -32767.0 -32767.0 -32767.0 -32767.0 -32767.0 22.94154 23.941732 22.829243 23.14245 26.08688 25.884682 25.956522 26.30509 26.653725 27.13464 27.934042 27.872503 27.20945 27.599037 28.166203 -32767.0 -32767.0 -32767.0 -32767.0 -32767.0 -32767.0 -32767.0 -32767.0 -32767.0 -32767.0 -32767.0 -32767.0 -32767.0 -32767.0 -32767.0 -32767.0 -32767.0 -32767.0 28.751707 -32767.0 -32767.0 -32767.0 -32767.0 -32767.0 -32767.0
27.158215 27.087223 26.808533 26.377903 25.977463 25.770517 25.143057 24.45928 24.368845 24.05496 23.102865 22.724745 23.650282 -32767.0 -32767.0 -32767.0 -32767.0 28.050236 24.064959 25.562487 24.532778 23.366064 23.151955 23.346487 26.984764 26.627764 25.956501 26.225342 26.348028 26.905937 27.69507 28.106966 27.640152 27.140448 27.529644 -32767.0 -32767.0 -32767.0 -32767.0 -32767.0 -32767.0 -32767.0 -32767.0 -32767.0 -32767.0 27.145218 28.027243 -32767.0 -32767.0 -32767.0 -32767.0 -32767.0 -32767.0 -32767.0 26.842068 -32767.0 -32767.0 -32767.0 -32767.0 -32767.0 26.150122
26.997257 26.834562 26.425884 26.015867 25.877167 25.732002 25.556719 25.073393 24.565956 23.724136 22.49572 21.312117 -32767.0 25.436188 -32767.0 24.854 -32767.0 24.883179 -32767.0 22.470978 22.780067 22.895926 23.334705 26.351784 27.272314 26.171394 26.344555 26.513435 26.833574 27.546036 27.962156 28.21485 27.63722 -32767.0 -32767.0 -32767.0 -32767.0 -32767.0 -32767.0 -32767.0 -32767.0 28.138178 28.538696 27.937525 27.62222 26.412014 27.144701 26.747435 27.383621 -32767.0 -32767.0 -32767.0 -32767.0 -32767.0 26.791 27.046099 27.490057 28.633322 28.811014 28.455822 28.01964
26.85322 26.777786 26.45448 26.116777 25.987162 25.640568 25.418287 25.225313 25.001448 24.526674 23.40362 22.655401 22.02162 22.074024 21.954802 22.368225 21.589638 22.11419 22.73927 23.261183 23.97054 25.266474 26.798033 27.273117 -32767.0 26.520216 27.245228 27.884323 28.212236 28.486393 27.98257 -32767.0 -32767.0 -32767.0 -32767.0 -32767.0 27.449177 28.216671 27.458569 28.31737 28.338978 28.517622 29.190493 -32767.0 -32767.0 27.05878 27.408516 26.590578 -32767.0 -32767.0 -32767.0 -32767.0 -32767.0 27.831783 27.282143 28.06372 28.676287 28.700722 28.83287 28.938238 28.969412
26.733942 26.54498 26.418686 26.106731 25.94653 25.79398 25.562344 25.544987 24.331474 24.32393 24.143892 24.374008 23.3345 22.976622 23.13461 23.333374 23.362198 24.258633 25.98522 25.997946 26.306791 26.88672 27.011185 27.284882 27.567944 27.877247 27.777016 28.026648 28.434477 28.589931 28.984112 30.419424 -32767.0 27.246332 27.409428 -32767.0 27.337168 27.569689 27.277597 -32767.0 29.22053 29.048687 -32767.0 -32767.0 -32767.0 -32767.0 26.32661 26.103493 -32767.0 -32767.0 -32767.0 -32767.0 28.307953 28.495342 28.38713 28.815886 28.687216 28.670036 28.83305 29.017792 29.305061
27.102226 26.88407 26.540989 26.275883 26.07652 25.942719 25.854984 25.859077 25.832193 25.725822 25.771137 25.824186 25.925615 26.174763 26.489885 25.080006 25.845922 26.538822 27.049746 27.164984 27.427315 27.560764 27.799557 27.949602 27.799004 27.451122 -32767.0 27.950241 28.634407 -32767.0 -32767.0 30.815268 29.116564 28.54363 27.22917 26.45352 27.0196 27.522106 -32767.0 -32767.0 -32767.0 -32767.0 -32767.0 -32767.0 -32767.0 -32767.0 27.21722 26.946838 26.369968 -32767.0 -32767.0 28.328907 29.134003 28.94205 28.95458 28.957113 28.91928 28.847004 29.065002 29.518734 29.702318
26.811478 26.553675 26.292671 26.106836 25.946157 25.988249 26.089594 26.090847 25.978708 26.068136 26.314634 26.396103 26.757961 -32767.0 -32767.0 26.373255 27.04671 27.593153 27.8187 27.92349 27.95374 27.962402 27.940147 27.815466 27.404385 27.4313 27.823488 28.36112 -32767.0 -32767.0 -32767.0 -32767.0 -32767.0 -32767.0 26.09701 26.329046 26.106821 -32767.0 -32767.0 -32767.0 -32767.0 -32767.0 28.742231 -32767.0 27.796448 27.967789 27.781103 26.874489 26.97855 27.24133 -32767.0 28.95897 29.087278 29.183308 29.279919 29.37766 29.175611 29.17075 29.289232 29.488884 29.771616
