static/data/ASCData/20210104/ASCV/00.asc
ncols 97
nrows 97
xllcorner 99.0
yllcorner 2.0
cellsize 0.25
NODATA_value -32767
[rows 76 to 94 of 97, columns 43 to 85 of 97]
-6.876965139378356 -6.664000109474529 -6.457822809607477 -6.484408085584848 -6.277382319463198 -6.433500110309032 -6.170758393468852 -4.811515453604586 -2.8953958286398738 -0.39553142051248 1.060719494460701 1.2892397390321384 1.2100495552697592 0.913086366160837 0.672970416109909 0.37006796321880797 0.1387194977987143 -0.21565657453793285 -0.4062786597373744 -0.4385203774120572 -0.4178743652168655 -0.27618050069918 -0.24704982595801894 -0.14353694289719465 -0.09574001055490111 0.14069925239277392 0.18962747307452954 0.36328023318203284 0.619234219985437 1.1153041568397701 0.982377776952919 0.366391276115555 -0.39553142051248 -1.2352301904785659 -1.6054442995676887 -1.95501239646162 -2.299772517912835 -2.57128171938385 -2.948283558509748 -3.223469447084016 -3.5204326361929383 -3.667782942407937 -3.8818792606512265
-5.818362075726265 -5.532146125842237 -5.192193979833737 -4.927755330484364 -4.452048583740357 -3.9619179106682028 -3.7127516539015737 -3.321325888447528 -1.4414074903456173 -0.1531528937826261 0.9591863659939368 1.1396268561382148 1.156313359145288 0.9512673476176983 0.7530090661268845 0.4464299261325313 0.17576919091611343 -0.16785964219563976 -0.2674130160683448 -0.28325105282082097 -0.11016393688304893 0.20801090859079618 0.2959685769840106 0.39665323919617856 0.43766244150169564 0.4452986377930688 0.49705507932348025 0.4520863678298439 0.7052121337845914 1.1758280830010173 1.2920679598807951 0.9082783907181216 0.30388759536024823 -0.548820990509657 -1.2646436873045923 -1.6161915387925831 -1.9960215987671377 -2.283086014905763 -2.6668755840684364 -2.966666994026015 -3.2890841707728447 -3.570209323129291 -3.787982328475834
-5.376028334996404 -5.0818933667361375 -4.676609319123676 -4.202033860719132 -3.4519896916554536 -2.9061430678647677 -2.5780694494206253 -2.185512395627117 -1.3924792696638617 -0.3581989053102155 0.21677839322163095 0.49139863762616764 0.6670311523277301 0.6806066124012813 0.4843280855045271 0.2558078409330897 -0.014570072198462736 0.16219373084256272 0.1494667370236087 0.22752563244652535 0.2920090677958913 0.5078023185483747 0.6435569192838817 0.7334943422711553 0.6308299254649286 0.6387489438411662 0.9484391267690424 0.8828244030802135 0.9405201083928048 0.9258133599797911 0.890743421456452 0.8896121331169895 0.3497047731084817 -0.21084859909521692 -0.9266712958901522 -1.301693380421991 -1.6767154649538298 -2.0545657703343254 -2.410073131010435 -2.691198283366881 -3.026342453932665 -3.316235090919946 -3.6191375438110467
-5.490288457282122 -5.234334470478718 -4.82226269282948 -4.429705639035972 -3.8369105491575897 -3.3515878515281514 -2.9197185279383184 -2.3865988979665866 -1.5780105573357215 -0.9490142405945377 -0.46878234049268075 -0.05077129906126432 0.19726366936590178 0.22384894534327193 0.27730231938287764 0.08696305626830236 0.19443544851724548 0.4093802330151317 0.8593501700363659 1.0802342183164302 0.9688023168793687 0.7804428083588522 0.8585017037817688 0.6797581461466842 0.5742655084918007 0.5968912752810511 0.9679538506247716 1.1416066107322744 1.1455661199203937 0.6593949560363579 0.32029127628245524 0.306715816208905 0.002964897063207239 -0.44417681910937024 -0.5457099475761349 -0.9139443020711986 -1.4382964474120952 -1.8769535010387033 -2.276298284868987 -2.5127375478166627 -2.8252559515931948 -3.023231410999143 -3.3368811031151377
-5.574003794402351 -5.320312384277873 -4.968764532789882 -4.630792141375442 -4.103328953101022 -3.4901706731123148 -2.948283558509748 -2.5135860140712594 -2.1628866288378656 -1.631746753460193 -1.0760013566992104 -0.6268798859325737 -0.3143614821560412 -0.010610563010343466 0.1613452645879656 0.4532176561693064 0.701252624596473 1.1252029298100674 1.5615974067577505 1.891650779795952 1.812460596033573 1.4162268551368107 1.2323924999741451 0.8585017037817688 0.22752563244652535 0.1613452645879656 0.5488115208538926 0.8223004769189663 0.5714372876431439 0.211970417778915 0.09488207464454002 -0.15032467293396978 -0.42947007069635657 -0.47161056134133705 -0.3457547335761273 -0.41391485602874667 -0.9696602527897293 -1.701038164252275 -2.2177541133017997 -2.451082333315953 -2.6824307987360463 -2.8798406139722634 -3.0877148463485087
-5.356230789055809 -5.138457783709266 -4.736284779030326 -4.269345516917154 -3.8731117760203917 -3.3962737409369224 -2.8993553378279926 -2.55374675012218 -2.2791265057176435 -1.951052887273501 -1.5995050357855103 -1.2881179203484403 -0.8992375536581849 -0.38761240213624193 0.11835630768838845 0.6622231768850146 1.332228695931716 1.9354882029501268 2.3037225574451896 2.551757525872356 2.400447710469239 2.026556914276863 1.702159982935973 1.007831764590827 0.29992808617212896 0.1367397432046551 0.35762379148472023 0.27730231938287764 -0.0038228329735683353 0.19726366936590178 0.37402747240692724 0.13391152235599835 -0.17181915138375858 -0.25977681977697253 -0.09941669765815453 -0.0683062683229343 -0.5954866345124876 -1.4569627050132277 -2.0457982857034906 -2.3846191433725274 -2.671683559511152 -2.840811166260805 -2.9921209816639225
-5.163911771347173 -4.77814244759044 -4.301587234591836 -3.8007093222947876 -3.423707483168889 -3.115997054835073 -2.8006504302098842 -2.567322210195731 -2.3699123949595142 -2.212946137859084 -2.0322228256299395 -1.8563074888435116 -1.4843964472451945 -0.818350437386612 0.08809434460776489 0.978701089849666 1.7773906575102338 2.279399858146745 2.457012127442367 2.522626851131195 2.4335378943985186 2.3642464836064367 1.9063575282089658 1.0595882061212385 0.5587102938241899 0.3497047731084817 0.030398639295174057 -0.49027681894246955 -0.35452221820696206 0.05868084778173843 0.27730231938287764 0.30473606161484534 0.1630421970971594 -0.019378047641178675 -0.07424553210511275 -0.11129522522251145 -0.4950847943851855 -1.3132890859014825 -2.154119144207031 -2.462678038795444 -2.77236822172332 -2.9471522701702857 -3.0642406133046607
-4.966784778195822 -4.46873508674743 -4.012543063859153 -3.578976807760126 -3.2059344778223466 -2.9598792639892393 -2.8484473625521773 -2.6541485902494824 -2.3846191433725274 -2.1620381625832685 -1.959820371904336 -1.817278041132053 -1.270300129001905 -0.452944303740205 0.4942268584748244 1.462044032885045 2.1747556867464577 2.3730139682372715 2.374145256576734 2.412326238033596 2.5879587527351586 2.400447710469239 1.8936305343900117 1.1679090646247787 0.7091716429727106 0.4503894353206497 0.1367397432046551 -0.1619203784134613 0.0674483324125732 0.23940416001088272 0.4308747114649205 0.48347961924993 0.34857348476901917 -0.026165777677953805 -0.36413816909239394 -0.7156860205803848 -0.9238430750414959 -1.194220988173048 -2.280257794057106 -2.6767743570387337 -2.8877596323485015 -3.049816686976513 -3.0840381592452557
-4.883635085245324 -4.462795822965251 -3.989068830815304 -3.6123498137742716 -3.309447360883171 -3.098462085573403 -2.9364050309453913 -2.582028958608744 -2.2548038064191984 -2.011576813434748 -1.765521599601641 -1.3435510489821056 -0.5683357143653862 0.2860698040137133 1.253886978423934 2.1142317605852115 2.441456912774757 2.538182065798806 2.2081286927606034 2.157220717484788 2.3976194896205825 1.8633685713093882 1.4286710268708993 1.0663759361580145 0.6104667353546023 0.4034409692329537 0.17576919091611343 0.22384894534327193 0.31661458917920227 0.28324158316505654 -0.026165777677953805 -0.036913016902848206 0.028418884701114866 -0.27618050069918 -0.9990737496157562 -1.5565160788859327 -2.1150896964955725 -2.267530800238152 -2.631805645545097 -2.5896651549001164 -2.7429547248972934 -3.0107872392650545 -3.074987852529555
-5.019389685980832 -4.6121258837743095 -4.236255332987874 -3.916949199174566 -3.6239455192537626 -3.3945768084277286 -2.974586012402253 -2.595604418682295 -1.9832946049481839 -1.6738872441051735 -1.1034350989311772 -0.37601669665675086 0.5324078399316856 1.3409961805625508 2.164008447521564 2.516687587349017 2.8184587519006548 2.4199624343249684 1.9660329881156158 1.57913237601942 1.6945237866446008 1.2988556899175703 0.9365605992046855 0.6427084530292855 0.4034409692329537 0.18764771848047035 0.028418884701114866 0.06829679866716987 0.05783238152714132 -0.020509335980641197 -0.4099553468406274 -0.540901972133419 -0.4385203774120572 -0.05557927450398026 -0.7264332598052787 -1.8845896973300755 -2.728530798569146 -2.9969289571066384 -2.873901350190085 -2.531120983332929 -2.3953663825974214 -2.6405731301759316 -2.8945473623852767
-5.1356295628606095 -4.745900729915757 -4.444129565364119 -4.137550425369765 -3.820224046150517 -3.4754639246993015 -3.043877423194335 -2.3232467509566836 -1.7117854034771693 -1.1181418473441904 -0.4520958374856079 0.4520863678298439 1.402368572978395 2.144493723665835 2.5234753173857922 2.8673869725824113 2.512728078160898 2.0831213312499908 1.3916213337535006 1.0089630529302895 1.0567599852725826 0.9727618260674871 0.6446882076233451 0.3613004785879732 0.1387194977987143 0.0830035470801831 -0.06915473457753096 -0.20208111446438215 -0.30757375211926563 -0.5027209906765577 -0.47952957971757515 -0.5575884751404918 -0.46171178837103977 -0.08782099217866346 -0.2860792736694773 -1.4382964474120952 -2.760772516243829 -3.1307038032480863 -2.901335092422052 -2.567322210195731 -2.289873744942538 -2.2038958311433836 -2.457021597098131
-4.911068827477291 -4.648327110637111 -4.313465762156193 -3.9998160700401986 -3.639500733921373 -3.267589692323056 -2.6414215964305288 -1.9207909241928776 -1.2929258957911562 -0.6678890882380912 0.06829679866716987 0.954095568466355 1.7785219458496964 2.3291765450830977 2.6484826788964058 2.5246066057252547 2.169099245049145 1.496265505153787 0.8223004769189663 0.6574152014422983 0.6152747107973178 0.5674777784550247 0.47556060087369145 0.15427471246632463 0.055852626933081684 0.00013667621455049073 -0.05557927450398026 -0.21565657453793285 -0.49593326063978216 -0.6512025852310188 -0.24987804680667525 -0.13278970367230025 -0.09856823140355786 -0.3494314206793807 -0.548820990509657 -1.4617706804559436 -2.7305105531632052 -3.0008884662947573 -2.9197185279383184 -2.762752270837888 -2.3320142355875184 -2.1787246655903414 -2.15609889880109
-4.387565148390991 -4.198074351531012 -3.787133862221237 -3.492998893960971 -3.1044013493555815 -2.614270676283427 -2.002809328803913 -1.2988651595733347 -0.6874038120938204 -0.15428418212208905 0.5683262447096218 1.3310974075922535 1.926720718319292 2.393659980432463 2.490385133456513 2.2618648888850754 1.4688317629218202 0.7597967961636605 0.6172544653913774 0.5587102938241899 0.2696661230915054 0.10845753471809072 0.21395017237297465 0.1641734854366219 0.040014590180605936 -0.03323632979959479 -0.06151853828615872 -0.02814553227201344 -0.3036142429311468 -0.05755902909803989 0.3926937300080593 0.4464299261325313 -0.18454614520271218 -0.5663559597713266 -1.1826252826935564 -2.1269682240599295 -2.828932638696448 -2.9686467486200745 -2.9960804908520413 -2.9412130063881072 -2.4920915356214706 -2.188340616475773 -2.1150896964955725
-3.796749813106669 -3.4638682192198105 -3.021534478489949 -2.684410553330106 -2.1668461380259845 -1.6863314158392617 -1.0536584119948245 -0.30842221837386274 0.40626919008161044 0.9161974090943592 1.2626544630547687 1.767774706624802 2.3506710235328865 2.6906231695413854 2.579191268104324 1.7821986329529493 0.9289244029133132 0.5663464901155622 0.584164281462098 0.502145876851062 0.2860698040137133 0.22186919074921274 0.21395017237297465 0.23431336248330092 0.2852213377591162 0.19641520311130511 0.21592992696703428 0.29314035613535383 0.47075262543097596 0.9198740961976122 1.0751434207888493 0.4874391284380484 -0.4062786597373744 -1.1599995159043055 -1.7861676117968328 -2.2878939903484783 -2.6923295717063436 -2.8269528841023885 -2.873052883935488 -2.8054584056526 -2.4160123947926135 -2.0262835618477615 -1.8399038079213044
-2.9912725154093254 -2.562514234753015 -2.1054737456101407 -1.6161915387925831 -1.0615774303710626 -0.4970645489792447 0.14748698242954905 0.7764832991707329 1.4473372844720314 2.2208556865795575 2.776318261255675 3.0039900395725154 3.078089425807313 2.9570415734848186 2.4239219435130868 1.65436305059368 1.042053236859569 0.7629078390971826 0.7343428085257524 0.6299814592103314 0.5606900484182495 0.03718636933194963 -0.34066393604854595 -0.28127129822676133 0.033226860143830805 0.2589188838666119 0.36328023318203284 0.5646495576063688 0.801937286808641 0.9142176545002996 0.5332563061862827 -0.21169706534981403 -1.2225031966596118 -1.9159829487501616 -2.3885786525606463 -2.799801963955287 -2.9315970555026754 -2.794711166427706 -2.6501890810613635 -2.649340614806767 -2.3475694502551283 -1.938325893454547 -1.6572007410981007
-2.1863608618817136 -1.76948110878976 -1.3885197604757424 -0.7439682290669487 0.05868084778173843 0.8975311514932272 1.5802636643588825 2.150432987448013 2.7726415741524213 3.3956986271114267 3.627047092531521 3.624218871682864 2.996071021196277 2.165988202115623 1.7160182650943896 1.3282691867435967 1.0177305375611243 0.8262599861070856 0.8271084523616827 0.9142176545002996 0.5714372876431439 -0.07622528669917195 -0.15513264837668572 -0.20604062365250098 -0.09178050136678229 0.19641520311130511 0.5264685761495067 0.7442415814960497 0.7521605998722882 0.5626698030123092 0.08215508082558642 -0.7295443027388009 -1.708957182628513 -2.325226505550743 -2.662916074880317 -2.953091533952464 -3.014463926368308 -2.71269276181667 -2.397346137191481 -2.4013056463796003 -2.3574682232254256 -2.113109941901513 -1.7997430718703835
-1.796914851021727 -1.4275492081872008 -0.9043283511857667 -0.029276820611475962 0.919025629943016 1.673877774449409 2.0576673436120827 2.5274348265739115 2.952233598042103 3.1816023088681376 2.56646427428537 2.4140231705427895 1.87298452219482 1.3721066098977714 1.1416066107322744 1.0635477153093578 0.764604771606376 0.4472783923871275 0.38477471163182164 0.6260219500222122 0.7091716429727106 0.5360845270349386 0.37006796321880797 0.1845366755469482 0.24138391460494146 0.5547507846360715 0.7462213360901093 0.7021010908510692 0.31067532539702336 0.22073790240975022 0.31661458917920227 -0.24902958055207813 -1.1913927673243916 -2.1111301873074533 -2.607482946246652 -2.869093374747369 -2.9423442947275698 -2.8436393871094614 -2.4403350940910586 -2.23330932796941 -2.2021988986341894 -1.9530326418675605 -1.5457688396610387
-1.6687964465775922 -1.3339350980966742 -0.7236050389566224 0.1737894363220538 1.054780230678523 1.4891949530321464 1.6427673451141893 1.4425293090293159 1.7100790013122116 1.8048243997422007 1.538123173713902 1.4628924991396421 1.1738483284069576 0.8732084521947816 0.8887636668623924 0.8613299246304247 0.8321992498892645 0.6172544653913774 0.4308747114649205 0.4882875946926455 0.6455366738779413 0.4882875946926455 0.22667716619192868 0.42691520227680213 0.5400440362230579 0.7589483299090634 0.8525624399995899 0.5177010915186719 0.21592992696703428 0.010883915439444891 0.3282102946586929 0.09771029549319676 -0.5058320336100794 -1.519466385768534 -2.377831413335752 -2.6855418416695684 -2.7412577923880996 -2.7146725164107295 -2.5096265048831405 -2.165997671771388 -1.9521841756129634 -1.5545363242918735 -1.0545068782494216
-1.8359442987331853 -1.4199130118958285 -0.6992823396581773 0.1505980253630712 0.9484391267690424 1.3856820699713217 1.0038722554027077 0.7677158145398981 0.6582636676968954 0.7589483299090634 0.8955513968991675 0.9218538507916718 0.6328096800589882 0.5674777784550247 0.5929317660929327 0.7764832991707329 0.7665845262004356 0.8107047714394757 0.6933336062202344 0.5929317660929327 0.4933783922202273 0.1630421970971594 -0.03521608439365442 0.15427471246632463 0.3779869815950456 0.5790734839345162 0.5216606007067912 0.2589188838666119 0.12005324019758223 -0.1033762068462738 -0.05359951990992107 -0.009762096755746796 -0.37884491750540716 -0.966832031941073 -1.821237550320172 -2.4482541124672963 -2.631805645545097 -2.7655804916865447 -2.614270676283427 -2.160058407989209 -1.738087857369674 -1.3865400058816832 -0.7383117873696357
