static/data/ASCData/20210104/ASCV/06.asc
ncols 97
nrows 97
xllcorner 99.0
yllcorner 2.0
cellsize 0.25
NODATA_value -32767
[rows 57 to 75 of 97, columns 0 to 42 of 97]
-1.330471215370277 -1.3821891356356395 -2.3627186851564916 -5.6576251665523145 -8.406590948820408 -8.999499963291171 -7.960391953061594 -6.899910720681532 -6.062924786591074 -5.8745237913386825 -5.5198866238047675 -5.124350080550797 -4.427213624728921 -3.3617189204864015 -1.7827391507520693 -0.8412619083703685 0.08464718454369757 -0.6810946757118224 -1.1724149182327661 -1.6996210646113081 -2.096213075625797 -2.3930633832713726 -2.677248077790737 -2.6928162272583718 -2.4856806792567925 -2.2933216799024594 -2.311000764891129 -2.2368541547147673 -2.1273493745610663 -2.3500530720302804 -2.6946632958392773 -2.8168336891191896 -2.8901886984751632 -3.1176420008667063 -3.2923219152323693 -3.2366459908650658 -2.8226387618020365 -2.4125895368409482 -2.9194779288295267 -3.360663452725884 -3.8530391630073453 -7.557203268543869 -11.898869901433025
-1.2903634404706081 -1.1420702201178852 -3.2503670717517945 -6.617573094743074 -8.680220965734597 -9.230911269784656 -8.17333257374602 -7.199663564668532 -6.437879708514952 -6.181137175769045 -5.779795559832228 -5.36948246793101 -4.585533788806561 -3.4155477762727995 -1.8355125387779494 -0.027760131951426903 0.9292852598979082 0.235842941237844 -0.6146002067992136 -1.4555441449916127 -2.199648916156522 -2.5023042964849447 -2.792557930627285 -2.808917680915308 -2.5405650028037075 -2.3286798498797987 -2.035523679396035 -1.8579412286889485 -1.8587328295093366 -2.1117812250934316 -2.399923923714737 -2.118641765536796 -2.171415153562676 -1.9838057591306726 -1.9896108318135193 -1.383244603396157 -1.3763840629527926 -1.9476559883329447 -3.052202999714615 -3.8451231548034634 -6.440782244856376 -10.125420196823324 -12.069855678636877
-0.8383593720289451 -1.7874887556743986 -4.4886946217790715 -7.646918028187866 -9.681068269645413 -9.12747542925393 -8.079659810000082 -7.260089093958165 -6.556092097692924 -6.153695013995588 -5.587436560477895 -5.043342929931071 -3.8490811589054044 -2.6790951463716426 -1.5853666795352779 0.19890156961972805 0.736926260543576 0.09124385804693258 -0.5805613715225211 -1.2505195325110687 -1.9838057591306726 -2.567743297637036 -2.856941464018859 -2.8218471609816485 -2.5503280795884953 -2.2495197678409786 -1.990666299574037 -1.8890775276242178 -1.8684959062941244 -1.9859166946517077 -1.7386733717504594 -1.4515861408896717 -0.9760979147764921 -0.785585984003065 -0.17710882006466777 0.5933826451131821 -0.21141152228148963 -2.3550665438927387 -3.9145201600574957 -6.0257195480328285 -8.605018887797717 -10.287434498062776 -12.163528442382812
-0.6536525139383649 -2.9252830015123736 -6.546329020908136 -9.266005572821866 -9.199774970849386 -8.644862795757257 -7.893105883328596 -7.05506448147762 -6.460308398425951 -5.930199715705986 -5.204565630350134 -4.302140695107585 -3.0619660764994028 -2.1497780644720654 -1.0552579968153122 -0.3636627467361535 -0.0462308177604851 -0.4612935145840318 -0.8578855255985207 -1.1420702201178852 -1.5062065974964578 -2.231840682852309 -2.914464456967068 -2.87831468616934 -2.4252551499671595 -2.092255071523856 -1.9429063834106155 -1.8648017691323129 -1.8196805223701855 -1.717300149599978 -1.3423452276761 -0.9760979147764921 -0.499554220902795 -0.18608029602906706 0.49179387316336287 1.0005293337328465 -0.3148473628122148 -3.191788611043068 -5.7085514859972895 -7.929255654126324 -9.640960494745745 -11.325750907471967 -12.034497508659536
-1.4819308390045527 -4.728021936476438 -8.18204018277029 -8.939866034821927 -8.79341988305011 -8.17729057784796 -7.448753956150686 -6.771935254718773 -6.236813100136349 -5.523844627906709 -4.705593246565439 -3.7358822415898914 -2.9838614622211 -2.1595411412568533 -1.535495827850821 -0.929129599433459 -0.4771255309917959 -0.759199289990125 -1.1399592845968498 -0.9750424470159746 -1.1030179129787339 -2.365621221497915 -3.0062901521320993 -2.6849002190544895 -2.18302529892837 -1.9252272984219456 -1.7650600657633995 -1.5639934573847964 -1.557132916941432 -1.441823064104884 -1.1811225272570365 -0.9573633620273045 -0.8745091428266729 -0.6214607472425779 -0.3372760527232135 -0.0443837491795791 -1.828651998334585 -4.621419692664159 -7.0941167886167715 -8.663597348506444 -10.116712587799054 -10.9634615986743 -11.621545747357025
-2.4759176024720047 -6.2758654072755 -8.367538641681257 -8.66544441708735 -8.242729579000052 -7.678054327123135 -7.051106477375679 -6.466377338048927 -5.831513480097589 -5.09215831385501 -4.415603479363227 -3.795252303119007 -3.2857252417291343 -2.788599926525344 -2.2270910779299795 -1.587477615056313 -1.098004441116275 -0.8560384570176152 -0.8246382911422163 -0.5335930561794875 -1.3774395307133105 -2.6009905320933404 -2.730813066637005 -2.343192531586916 -1.9603216014591558 -1.7534499203977059 -1.5521194450789735 -1.3354846872327357 -1.2610742101162447 -1.1175305946858507 -1.0249132987004312 -0.8919243608752132 -0.7562967536487015 -0.8607880619399442 -0.8217357548007929 -1.7552969889786116 -3.9290328417646125 -6.417561954124988 -8.053273115987142 -9.435144281444812 -10.423325972229417 -11.16162567071148 -11.642127368687119
-3.1830810020187976 -7.336346639655561 -8.484695563098711 -8.130322262504928 -7.625544806037384 -7.109948805024535 -6.539468480464771 -6.071632395615344 -5.473182175401864 -4.890036237715889 -4.336443397324407 -3.9427539226513417 -3.60896224338765 -3.131363081753435 -2.4819865420949805 -1.7180917504203663 -0.9605297653088574 -0.42435214296591584 -0.37263422270055324 -1.1069759170806748 -2.452697311740617 -3.0247608379411575 -2.5482171440674604 -1.8655933699527012 -1.632334994878311 -1.6761369069397916 -1.6616242252326745 -1.433907055901002 -1.0845472271696757 -0.9858609915612799 -0.6927048210775162 -0.32672137511803756 -0.4214496066244924 -1.2299379111809756 -2.739784542601405 -4.523788924816281 -6.2183424143272905 -7.659583641314077 -8.91638187715041 -9.688984277849295 -10.460531210787662 -11.119670827230905 -11.589353980661238
-3.6527641554491304 -7.220245185998625 -7.714204097920863 -7.276712711186317 -6.84819280041617 -6.517039790553772 -6.120447779539283 -5.680053856463314 -5.148889705982831 -4.752297694968342 -4.3509560790315245 -4.114795167615711 -3.795252303119007 -3.29627991933431 -2.5384540672826725 -1.7104396091566136 -1.1937881403832478 -1.1048649815596394 -1.682997447383156 -2.509164836928309 -3.1382236221967994 -2.927130070093279 -2.3685237578393386 -1.8558302931679134 -1.6391955353216756 -1.6038373653443359 -1.5658405259657022 -1.3753285951922751 -1.2053982857489411 -1.1927326726227299 -0.7964045285483703 -0.7056343011438568 -1.6009348290029124 -3.1028654522194596 -4.865760479223985 -6.525747399578043 -7.796266716301107 -8.563855645137531 -9.147001582823506 -9.40479958332993 -9.986890053255388 -10.560009047216447 -10.913590746989843
-3.444837006627163 -6.622586566605532 -6.753464568909715 -6.308057173971287 -5.976112563288501 -5.751297930298252 -5.6312384725393745 -5.320667084007071 -4.977112327958592 -4.620628091843772 -4.294488553843832 -4.091311009944194 -3.772032012387619 -3.3139590043229803 -2.6255301575253744 -2.0893525351824325 -1.8500252204850665 -2.185136234449405 -2.792557930627285 -3.29627991933431 -3.3931190863618004 -3.2113147646126436 -2.6899136909169483 -2.082491994739068 -1.5521194450789735 -1.44367013268579 -1.3499973689398526 -1.3441922962570056 -1.383244603396157 -1.1713594504722487 -1.1117255220030042 -1.9534610610157914 -3.1498337675624932 -4.705593246565439 -6.314917714414651 -7.642168423265536 -8.676262961632656 -9.105046739342932 -8.892897719478894 -8.973113269278231 -9.183942954441623 -9.666555587938296 -10.059981195671233
-3.439031933944316 -5.808029322426073 -5.762116474843557 -5.21538417489544 -5.070785091704528 -5.253381014274074 -5.130419020173773 -4.9457121620831925 -4.647014785856712 -4.329582856881043 -4.109781695753252 -3.941962321830953 -3.719258624361739 -3.291530314411981 -2.8764676175884345 -2.4476838398781586 -2.650861383777797 -3.0833392986498844 -3.6390430745624016 -3.8490811589054044 -3.8393180821206165 -3.479931309664373 -2.8978408397389157 -1.924171830661428 -1.2845583677877612 -1.1732065190531542 -1.1323071433330973 -1.156582901825002 -1.3959102165223682 -1.4848333753459761 -2.205453988839369 -3.0894082382728607 -4.421408552046074 -5.9125206307173155 -7.502318944996954 -8.807932564757227 -9.393981038784625 -9.254395427456172 -8.939866034821927 -8.841179799213531 -9.083409650252321 -9.496625278494962 -9.838332965962536
-3.523997088665983 -4.844123390133373 -4.034579617816373 -3.5844226179556156 -4.439879237855132 -4.666540939426287 -4.69187216567871 -4.485792085437648 -4.243562234398858 -3.9926247743357983 -3.8187364607905234 -3.719258624361739 -3.5356072340316764 -3.347997839599673 -2.9524612963457018 -3.005234684371582 -3.2337434545236423 -3.6614717644734007 -4.059119243248407 -4.159652547437709 -4.070729388614101 -3.765171471944255 -3.2738512294233115 -2.2983351517649178 -1.2397009879657634 -0.9945686005855503 -0.9085479781033658 -1.0687152107619116 -1.6128088413087356 -2.4212971458652186 -3.1870390061207385 -4.214273004044495 -5.539412777374343 -6.96719679041453 -8.493667039063112 -9.32563950129111 -9.551245735101748 -9.135127570517684 -9.063883496682745 -9.12351742515199 -9.569716420910806 -9.963405895583872 -9.600061119025687
-3.560938460284099 -3.7065930112355283 -2.7875444587648266 -2.5424120713846134 -3.4097427035899526 -4.429060693309826 -4.455447387322767 -4.133265853424769 -3.898952010589861 -3.641945610903825 -3.4213528489556464 -3.3168615406644038 -3.2720041608424055 -3.096268778716225 -3.2836143062080994 -3.3472062387792847 -3.58257554937471 -3.9467119267532826 -4.138015458347098 -4.200551923157766 -4.106879159411829 -3.8696627802354975 -3.3685794609297663 -2.2954326154234943 -1.2386455202052455 -1.1439172886987907 -1.1761090553945777 -1.64605607576504 -2.569854233158071 -3.508165072258219 -4.348053542690101 -5.371593403452045 -6.422311559047317 -7.84323503164414 -8.648029199038811 -9.16731933721347 -9.024831189543594 -8.55620350387378 -8.772046660899628 -9.666555587938296 -10.111699115936595 -10.211440819305508 -9.847040574986806
-3.2036626233488907 -2.936893146878067 -2.1273493745610663 -1.95847453287825 -3.22609131325989 -4.245673169919893 -4.191844314133496 -3.8295550053358287 -3.615558916890885 -3.2337434545236423 -2.9028543116013745 -2.7532417565480043 -2.7495476193861927 -3.058008072397462 -3.2456174668294655 -3.5179281490430068 -3.7601580000817965 -3.86860731247498 -3.9525169994361296 -3.9994853147791627 -3.84222061846204 -3.5941856947404034 -2.905756847942798 -1.8315545346760085 -1.5679514614867374 -1.611753373548218 -2.20941199294131 -2.8685516093845522 -3.900799079170767 -4.728021936476438 -5.499568869414804 -6.1692631634632225 -7.221036786819013 -7.868566257896562 -8.531663878441744 -8.63905772307441 -8.605810488618106 -8.353025959974142 -8.659639344404503 -9.659695047494932 -10.290600901344328 -10.390078737773113 -10.205635746622661
-2.294377147662977 -2.013094989485036 -1.47005682669873 -1.6713873020174623 -2.944809155081949 -3.874412385157827 -3.8208473963115583 -3.376495469133648 -3.2231887769184664 -2.6849002190544895 -2.3022931558668587 -2.188038770790828 -2.511275772449344 -2.889133230714646 -3.244561999068948 -3.5374543026125824 -3.5999907674232503 -3.587325154297039 -3.5960327633213094 -3.5894360898180744 -3.412645239931376 -3.1975936837259145 -2.51312284103025 -2.15663860491543 -2.0210109976889177 -2.6909691586774658 -3.4994574632339486 -4.222980613068765 -5.1156424715265265 -5.814889862869437 -6.289586488162229 -6.918381406490591 -7.382259487238077 -7.901813492352867 -8.031636026896532 -8.060133656430507 -8.73193888599996 -9.019026116860747 -8.977071273380172 -9.548343198760325 -10.229911505114567 -10.61172696748181 -10.476099360255297
-1.3362762880531238 -1.2642406133977975 -1.1761090553945777 -1.374536994371887 -2.2289381465108855 -3.0854502341709193 -3.1255580090705886 -2.6577219242211614 -2.48673614701731 -2.039481683497976 -1.8764119144980065 -2.0463422239413402 -2.452697311740617 -2.8128756850172487 -3.1390152230171875 -3.289419378890946 -3.2611856162971002 -3.2923219152323693 -3.3363876942339794 -3.3353322264734615 -3.3472062387792847 -3.201551687827856 -3.0775342259670375 -3.0268717734621924 -3.3675239931692484 -3.987875169413469 -4.667332540246675 -5.381356480236833 -6.032580088476193 -6.472182410731774 -6.898855252921015 -7.265102565820623 -7.584381563377198 -7.709454492998534 -7.699691416213746 -7.564855409807622 -8.4810014259369 -9.186845490783046 -9.314820956745805 -9.799280658823385 -10.41752089954657 -10.84023573763387 -10.719120812114475
-0.8080146739140641 -0.8919243608752132 -1.0354679763056072 -1.0639656058395826 -1.5130671379398222 -2.128404842321584 -2.348997604269763 -2.061118772588587 -1.855038692347525 -1.9038540762714642 -2.118641765536796 -2.2270910779299795 -2.333429454802128 -2.4994017601435212 -2.730813066637005 -2.9458646228424668 -3.0717291532841906 -3.2134257001336786 -3.396813223523612 -3.4358655306627632 -3.472015301460491 -3.4828338460057964 -3.618725320172438 -3.9192697649798247 -4.345151006348678 -4.915367463968312 -5.596144169502165 -6.2183424143272905 -6.592241868490651 -6.933949555958225 -7.220245185998625 -7.483848259187896 -7.626336406857773 -7.6566811049726535 -7.606810253288197 -7.503374412757472 -7.890994947807561 -8.827722585266931 -9.528817045190749 -10.128322733164747 -10.69088704952063 -11.107005214104694 -10.947629582266536
-1.0805892230677347 -1.0151502219156434 -1.2183277658152818 -0.8626351305208502 -0.7866414517635825 -1.2064537535094586 -1.6858999837245794 -1.7465893799543415 -1.6858999837245794 -1.8716623095756773 -2.056105300726128 -2.1313073786630072 -2.1888303716112167 -2.23579868695425 -2.3569136124736447 -2.6215721534234335 -2.9780563895382537 -3.2886277780705577 -3.609753844208038 -3.84222061846204 -3.898952010589861 -3.9691406166642818 -4.252269843423129 -4.702690710224015 -5.1889974808825 -5.7631719426040755 -6.355817090134709 -6.826555711325559 -7.0658830260229255 -7.277768178946834 -7.474085182403108 -7.674360189961323 -7.666444181757441 -7.518150961404718 -7.426325266239687 -7.540579651315717 -7.527914038189506 -8.104991036252505 -8.987625950985349 -9.712468435520812 -10.412507427684112 -10.943671578164594 -10.784559813266567
-1.4027707569657326 -1.1966906767246708 -0.9916660642441268 -0.759199289990125 -0.6752896030289754 -0.8803142155095198 -0.8560384570176152 -0.7631572940920659 -0.5101088985079709 -0.6839972120532458 -1.1956352089641533 -1.6811503788022502 -1.8481781519041607 -1.982750291370155 -2.1421259232083125 -2.503359764245462 -2.9252830015123736 -3.453544615651433 -3.8754678529183444 -4.105032090830923 -4.253325311183646 -4.412437076081674 -4.854941934678679 -5.366579931589587 -5.879273396261011 -6.38616178824959 -6.817848102301289 -7.2112737100342255 -7.3735518782138065 -7.506276949098895 -7.694677944351287 -7.8002247204030475 -7.7698800222881665 -7.5735630188318925 -7.409701649011534 -7.380412418657171 -7.316820486085986 -7.491764267391778 -7.747451332377167 -8.435088578354385 -9.3129738881649 -9.908521572036957 -9.731994589090387
-1.6497502129268515 -1.3724260588508517 -1.0191082260175843 -1.1420702201178852 -1.1684569141308252 -1.1059204493201573 -0.9212135912295767 -0.414589066181128 0.13821217338996616 0.6949714170630013 0.6461560331390621 -0.03963414425725009 -1.0191082260175843 -1.3452477640175236 -2.0043873804607655 -2.482778142915369 -2.999429611688735 -3.480986777424891 -3.994471842916704 -4.296335622424738 -4.51112331169007 -4.874468088248254 -5.317764547665647 -5.844179093223801 -6.344206944769015 -6.740798955783504 -7.113642942186347 -7.331597034733232 -7.421311794377228 -7.5434821876571405 -7.722120106124745 -7.823708878074564 -7.845082100225046 -7.693886343530899 -7.48200119060699 -7.409701649011534 -7.35877532956656 -7.197816496087626 -7.171429802074686 -7.462475037037414 -8.389967331592256 -9.042510274532264 -8.807140963936838
