static/data/ASCData/20210104/ASCV/09.asc
ncols 97
nrows 97
xllcorner 99.0
yllcorner 2.0
cellsize 0.25
NODATA_value -32767
[rows 38 to 56 of 97, columns 0 to 42 of 97]
-0.4371234329798983 -0.6265362931991771 -1.277071495883321 -1.7389776157008174 -1.81004009567274 -1.4547276958131272 -0.751679410502673 -0.3062326150904382 -0.6147796329097046 -1.0719830886114123 -1.1558472653429828 -1.7340136924674847 -2.2087215090446293 -2.5475745844989803 -2.7173930109024718 -2.7281046347217686 -2.7106002738463317 -2.80726614733755 -2.8657881896673687 -2.7270595982515933 -2.6489431221059876 -2.6050515903586233 -2.635357647993708 -2.6050515903586233 -2.694924726793702 -3.0397867619515613 -3.0141833684322656 -3.007390631376126 -2.7202668611954537 -2.476250845409514 -2.965327913451569 -2.643195421520023 -2.3218467069411086 -2.310090046651636 -3.332658232718198 -3.9272839842479614 -4.488991086967202 -5.699927096782868 -6.996817356270454 -7.944926693837023 -8.115790156710691 -8.075817511726484 -8.073727438786133
-0.3532592562483279 -0.7153643931640805 -1.4400971852306728 -1.7807790745078307 -1.8424362262481753 -1.6430955195622308 -1.047424731562292 -0.6247074793763705 -0.7028239555219762 -0.8629757945763461 -1.03775814421317 -1.8238868289025632 -2.796554523518253 -3.1440291498515505 -3.1803441671901433 -3.1568308466111983 -3.0191472916655986 -3.1040565048673443 -3.0473632763603327 -2.931364228170871 -2.884337587012981 -3.002426708142793 -3.069831560469102 -3.1500381095550587 -3.256370570395399 -3.5698815114479983 -3.6255297034848346 -3.573800398211156 -3.3491175571234595 -3.254541756572592 -2.918562531411223 -2.632483797700726 -2.0407318964639445 -2.005461915595527 -2.0015430288323692 -2.197748626107788 -2.726275820898962 -5.798421784096893 -7.6899377951142425 -8.112916306417707 -8.166735684631737 -7.918539522965096 -7.945971730307199
-0.32190816214306794 -0.8041924931289834 -1.6088705751639887 -1.9733270441376356 -1.9829936314867573 -1.7846979612709883 -1.4889526402113695 -1.0777307891973766 -0.9264617601394973 -1.0309654071570304 -1.328800801157 -2.1752803419990183 -3.0954349539883976 -3.5241611658778274 -3.5602149240988763 -3.4196575188602942 -3.314108835372586 -3.353036443886617 -3.215352888941017 -3.1636235836673383 -3.2007223783585625 -3.35120763006381 -3.5534221870427367 -3.6383314002444824 -3.9868510630479554 -4.29252423057424 -4.312118664390027 -4.074895385660227 -3.9155273239584893 -4.083516936539174 -3.568836474977823 -2.5279801506831925 -1.9330931400358853 -1.87274228388326 -1.9498137235586908 -1.5239613619622432 -1.052388654795625 -4.005400460393568 -7.935260106487902 -8.478156552743986 -7.558263199872151 -7.302229264679195 -7.812207062124756
-0.555212554109711 -1.0495148045026426 -1.8285894930183522 -2.2311897931533986 -2.241901416972696 -2.0503984838130664 -1.7525630898130968 -1.2828191964692852 -1.0991540368359707 -1.2496392885412186 -1.7846979612709883 -2.587547229483187 -3.1881819407164587 -3.6158631161357127 -3.6294485902479923 -3.48889118500941 -3.4664229009006404 -3.4899362214795855 -3.359045403590125 -3.4039819718076645 -3.4713868241339734 -3.7368260875585073 -3.9400856810076093 -4.267182096172488 -4.6196206457391185 -4.9605637941338205 -4.946978320021541 -4.5639724537022826 -4.357055232607567 -4.282857643225118 -2.957751399042798 -1.9223815162165883 -1.8863277579955393 -1.8345984527218604 -1.7154642951218726 -1.273936386472795 -0.15574736338519024 -2.1128394129060424 -6.518190652930151 -8.188158932270332 -7.276103352924811 -7.217320051477449 -7.730171699215993
-0.9204528004359891 -1.3345485017429644 -2.1470643573042842 -2.558286208318277 -2.4937552062849506 -2.3014684957726894 -1.8873727944657146 -1.3951606170131337 -1.2321349276657818 -1.4087460911254128 -2.0279301997042967 -2.771212389116501 -3.292685587733992 -3.483143484423446 -3.49568392206555 -3.5210260564673015 -3.5163233923515125 -3.5845120220304527 -3.5270350161708097 -3.6041064558462406 -3.73290720079535 -4.008535569804094 -4.12557965446373 -4.453721106098785 -4.816087502132081 -5.193868186100463 -5.137436216710995 -4.672394987482972 -4.158759562391798 -3.1617947698445312 -1.7311398421745026 -1.4693582063955821 -1.4333044481745332 -1.935183212976236 -1.6684376539639827 -1.2603509123605159 -0.4399972832728807 -1.5299703216657514 -3.8922752624970878 -5.7555752888197045 -7.051420511837115 -6.992898469507296 -7.8014954383054596
-1.1636850388692976 -1.5592313428306603 -2.505511866574423 -2.871797149370877 -2.7602395061796603 -2.3707021619218054 -1.919507665923606 -1.5796095539990795 -1.4928715269745272 -1.6451855925025816 -1.9947502917762299 -2.649988158576163 -3.140371522205937 -3.31985653595855 -3.463549050607658 -3.5220710929374768 -3.5698815114479983 -3.695024628751494 -3.691105741988337 -3.712528989626931 -3.866933128095336 -3.9643827789391857 -4.064967539193561 -4.0006977962777786 -4.304280890863712 -4.197948430023373 -4.176263923267234 -3.545584413516422 -2.4644941851200413 -1.3327196879201573 -1.2329187050184132 -1.1187484706517585 -1.6841132010166127 -2.361035574572684 -2.626474837997218 -2.1206771864323573 -1.6666088401411758 -1.4615204328692672 -1.9223815162165883 -2.7955094870480774 -4.85214126035313 -6.91478199336169 -7.84042304681949
-1.4029983905394485 -1.8638594738867695 -2.8882564737761385 -3.19784852806558 -3.0191472916655986 -2.6118443274147634 -2.27900021166392 -2.004416879125352 -1.7721575236288842 -1.7115454083587152 -1.7807790745078307 -2.3579004651621576 -2.9556613261024474 -3.2534967201024165 -3.468251714723447 -3.6333674770111495 -3.6393764367146577 -3.645124137300622 -3.603061419376065 -3.5395754538129136 -3.598358755260276 -3.6158631161357127 -3.410774708863804 -3.1440291498515505 -2.627519874467393 -2.111794376435867 -1.6099156116341642 -1.1950361329745576 -0.24483672246763755 0.23378998087266423 -0.6625900514202261 -1.661644916907843 -2.155947167300775 -2.41668376660952 -3.0426606122445436 -3.237821173049787 -2.773041202939308 -2.1413166567183204 -1.5278802487254004 -2.156730944653406 -4.911708339153124 -7.208698500598502 -7.831540236823
-1.591366214288552 -2.2408563805025206 -3.1636235836673383 -3.487846148539235 -3.410774708863804 -3.2007223783585625 -3.0141833684322656 -2.8725809267235083 -2.637186461816515 -2.218388096393751 -2.0065069520657026 -2.4020532560270653 -2.738816258541066 -2.939985779049817 -3.1617947698445312 -3.3990180485743315 -3.506395545884847 -3.559169887628701 -3.601232605553258 -3.564133810862034 -3.5534221870427367 -3.551332114102386 -3.1928846048322472 -2.5172685268638957 -1.6041679110482 -0.6372479170184744 -0.1528735130922083 -0.46638445414480767 -0.08076599665011042 0.2024388867674043 -1.278900309706128 -2.5982588533024837 -2.8522027155550895 -2.4117198433761873 -2.043605746756927 -2.383503858681453 -2.3521527645761933 -2.996679007556829 -2.307216196358654 -2.4605752983568836 -5.385371119260093 -7.796531515072126 -8.118664007003673
-1.4586465825762849 -2.3424861772270713 -3.468251714723447 -3.8384558842830585 -3.7700059954865743 -3.6197820028988703 -3.3901352385778414 -2.8657881896673687 -2.2087215090446293 -1.849228963304315 -2.2497391904990107 -2.7780051261726406 -2.9224814181743803 -2.9331930419936776 -2.9909313069708645 -3.1821729810129504 -3.343369856537495 -3.3815136876988947 -3.348333779770828 -3.2495778333392593 -2.999552857849811 -2.7837528267586054 -2.560115022141084 -2.2857929487200597 -1.6940410474832783 -1.034884293920188 -0.8668946813395033 -1.195819910327189 -1.4029983905394485 -1.591366214288552 -2.419557616902502 -3.0319489884252464 -3.020192328135774 -2.658870968572653 -2.0621551441025385 -2.150983244067442 -2.3667832751586477 -2.767293502353344 -2.985967383737532 -3.270217303625222 -5.821935104675838 -8.220293803728223 -8.667569412963264
-1.100199073306146 -2.156730944653406 -3.486017334716428 -3.884437488970773 -3.7663483678409606 -3.532782716756774 -3.0504983857708585 -2.3707021619218054 -1.2125404938499944 -0.865849644869328 -1.7496892395201147 -2.5298089645059996 -2.5005479433410907 -2.3218467069411086 -2.4284404268989928 -2.734113594425277 -2.8971392837726286 -2.844364942028774 -2.64502423534283 -2.4381070142481143 -1.9401471362095688 -1.685158237486788 -1.6909059380727522 -1.6052129475183752 -1.5425107593078553 -1.2360538144289395 -1.508285814909613 -1.4518538455201453 -1.6558972163218786 -1.8374723030148425 -1.9448498003253578 -1.400908317599098 -1.3374223520359463 -1.7907069209744964 -1.8941655315218542 -2.559069985670909 -3.024894992251563 -2.8414910917357923 -3.1939296413024225 -3.2114340021778593 -4.504405374902288 -7.001520020386243 -8.843396799070264
-1.3306296149798067 -2.236937493739363 -3.2046412651217198 -3.4985577723585317 -3.4175674459199437 -3.1550020327883916 -2.6606997823954597 -2.031849086467454 -1.123712393885091 -0.7934808693096862 -1.2446753653078857 -1.7125904448288904 -1.5571412698903098 -1.5093308513797883 -2.0639839579253456 -2.4616203348270593 -2.649988158576163 -2.549403398321787 -2.257315704907782 -2.1342626605446364 -1.8003735083236183 -1.7907069209744964 -1.8267606791955453 -1.935183212976236 -1.8628144374165942 -1.6216722719236365 -1.744725316286782 -1.453682659342952 -1.4790247937447036 -1.4116199414183948 -0.9175789501430072 -0.576897060865849 -0.7788503587272317 -1.1968649467973642 -2.021137462648157 -2.8942654334796467 -3.782807692246222 -3.152911959848041 -3.3501625935936348 -2.983877310797181 -4.109904107411101 -6.961547375402036 -9.11092613543515
-1.8834539077025572 -2.414593693669169 -2.7602395061796603 -3.035867875188404 -3.038741725481386 -2.7866266770515873 -2.6157632141779206 -2.002588065302545 -1.417628901121903 -1.1919010235640317 -1.3120802176341946 -1.3591068587920847 -1.242846551485079 -1.3930705440727826 -1.9419759500323757 -2.283702875779709 -2.4331430910147818 -2.269072365197254 -2.0992539387937628 -2.093244979090255 -2.2311897931533986 -2.2458203037358535 -2.193045961991999 -2.2857929487200597 -1.9487686870885153 -1.7457703527569572 -1.7165093315920479 -1.5728168169429397 -1.500709300500842 -1.0542174686184316 -0.5573026270500616 -0.634374066725492 -0.8384174375272258 -0.9800198792359831 -1.7165093315920479 -2.419557616902502 -3.392225311518192 -3.111894278393659 -3.517107169704144 -3.274919967741011 -4.03074259479532 -6.88134082631608 -9.45578817059301
-2.1987936625779634 -2.298333386362164 -2.591466116246344 -2.857950416141054 -2.8550765658480715 -2.9877961975603387 -2.8297344314463198 -2.386377708974435 -1.773986337451691 -1.5474746825411883 -1.4205027514148854 -1.3852327705464678 -1.1900722097412246 -1.3345485017429644 -1.4390521487604975 -1.7768601877446732 -1.830679565958703 -1.6402216692692486 -1.536763058721891 -1.2945758567587577 -1.6159245713376722 -2.3735760122147873 -2.322891743411284 -2.086452242034115 -1.7496892395201147 -1.8481839268341396 -1.7886168480341458 -1.747599166579764 -1.4468899222868123 -0.9643443321833529 -0.4499251297395461 -0.522032646181644 -0.672517897886892 -0.8180392263588065 -1.4372233349376904 -1.9997142150095628 -2.8647431531971934 -2.884337587012981 -3.053372236063841 -3.0141833684322656 -3.7838527287163974 -6.973304035691509 -9.556372930847385
-2.108920526142885 -2.0914161652674483 -2.450908711007762 -2.771996166469133 -3.2642083439217138 -3.3979730121041563 -3.749627784318155 -3.3726308777024046 -2.14810939377446 -1.8813638347622064 -1.6412667057394241 -1.3092063673412127 -1.0884424130166739 -1.0759019753745696 -1.1811893997447345 -0.9371733839587946 -0.9800198792359831 -0.7417515640360075 -0.5288253832377836 0.06789044123233046 -0.3472502965448201 -1.3423862752692792 -2.0493534473428907 -1.8131752050832661 -1.7974996580306362 -2.0112096161814916 -1.8795350209393997 -1.7204282183552053 -1.2624409853008665 -0.982893729528965 -0.4917265885465594 -0.58447357527462 -0.7360038634500432 -0.8452101745833653 -1.5378080951920663 -1.9516425373814974 -2.702762500320017 -2.616808250648096 -2.046479597049909 -2.097163865853412 -3.353036443886617 -6.5464066376248855 -9.645201030812288
-1.7496892395201147 -1.8716972474130846 -2.2398113440323453 -3.160749733374356 -3.871635792211125 -4.939140546495226 -5.349317361039044 -3.9996527598076033 -2.193045961991999 -1.7886168480341458 -1.8541928865376478 -1.3698184826113815 -1.4087460911254128 -1.4116199414183948 -1.278900309706128 -0.9000745892675703 -0.40106967475884936 -0.17142291043782043 0.01015217625514353 0.47493214636562175 0.005188253021810585 -1.0563075415587821 -1.8170940918464236 -1.8581117733008052 -1.9283904759200963 -1.9098410785744842 -1.7408064295236243 -1.4957453772675091 -1.1715228123956125 -1.1265862441780734 -1.2047027203236795 -1.305287480578055 -1.3159991043973522 -1.3794850699605035 -1.3423862752692792 -1.6402216692692486 -2.305387382535847 -2.237982530209538 -1.7065814851253822 -2.0739118043920115 -3.231028435993647 -6.510352879403837 -9.60993104994387
-1.2467654382482363 -1.635257746035916 -2.3393510678165454 -3.340496006244513 -4.959518757663645 -6.305264472131928 -6.3862547985705165 -4.727259402167178 -1.164730075339473 -0.02903669137643128 -1.070938052141237 -1.7204282183552053 -1.8356434891920357 -1.9234265526867635 -1.81004009567274 -1.3687734461412062 -0.6764367846500492 -0.38252027741323724 -0.6968149958184684 -1.0620552421447464 -1.6608611395552115 -2.0229662764709637 -2.13243384672183 -2.152028280537617 -2.135307697014812 -1.8970393818148363 -1.5385918725446976 -1.4565565096359343 -1.3883678799569936 -1.683329423663981 -1.8688233971201025 -2.1167582996691996 -2.0786144685078005 -1.6948248248359097 -1.2760264594131456 -1.1919010235640317 -1.8549766638902794 -1.9223815162165883 -1.8902466447586967 -1.966534307081496 -2.4801697321726714 -6.020230774891607 -10.282934536736784
-1.2846480102920923 -1.59737517399206 -2.3471888413428603 -3.4165224094497684 -5.462442558935523 -7.107068703873951 -6.903025333072218 -4.399901727884755 0.26122218821476695 2.1234771780672075 0.05691755829548972 -1.6794105369008236 -2.189127075228842 -2.1969648487551563 -2.1499382075972666 -1.9215977388639567 -1.3530978990885765 -0.897200738974588 -1.021037560690365 -1.4654393196324245 -1.8531478500674725 -1.8628144374165942 -1.9362282494464114 -2.2330186069762057 -2.4644941851200413 -2.280829025486727 -1.8032473586166005 -1.7280047327639765 -1.7486442030499394 -2.2594057778481327 -2.505511866574423 -2.7155641970796647 -2.824770508212987 -2.6335288341709013 -2.224135796979715 -2.019047389707806 -2.4438547148340786 -1.8549766638902794 -1.602077838107849 -1.0649290924377288 -1.2164593806131516 -5.424298727774124 -10.558301646627983
-1.350224048795594 -1.7115454083587152 -2.1421004340709517 -3.2506228698094346 -5.733107004710934 -7.613911391908987 -7.274013279984461 -5.092499648493456 -1.6206272354534612 -0.5405820435272561 -1.6530233660288964 -2.7876717135217626 -2.943904665812975 -2.8872114373059627 -2.704591314142824 -2.36965712545163 -2.10108275261657 -2.2330186069762057 -2.005461915595527 -1.591366214288552 -1.9341381765060608 -2.358945501632333 -2.6196821009410782 -2.7155641970796647 -2.7691223161761505 -2.8297344314463198 -2.546529548028805 -2.5572411718481023 -2.4381070142481143 -2.8414910917357923 -2.931364228170871 -2.9068058711217506 -2.902886984358593 -3.003471744612969 -3.279883890974344 -3.298433288319956 -3.2221456259971566 -2.1285149599586726 -1.8285894930183522 -1.45080880904997 -1.5738618534131152 -5.56511739213025 -10.545499949868336
-1.3990795037762909 -1.7329686559973094 -1.9722820076674603 -3.409729672393629 -6.207553562170535 -7.987773189114212 -7.500524934894964 -5.4956224668635905 -3.79560938900587 -3.409729672393629 -3.535656567049756 -3.1860918677761076 -3.0162734413726167 -2.7377712220708905 -2.5279801506831925 -2.0112096161814916 -1.6363027825060912 -2.693095912970895 -2.6559971182796707 -1.9694081573744782 -2.3032973095954965 -2.746654032067381 -3.088380957814714 -3.1069303551603262 -2.9128148308252584 -2.9253552684673627 -3.1040565048673443 -3.31985653595855 -3.056246086356823 -3.2584606433357495 -3.4585851273743256 -3.397189234751525 -3.192100827479616 -3.0366516525410354 -3.3668831771164403 -3.490719998832217 -3.1489930730848834 -2.40989102955338 -2.626474837997218 -2.122767259372708 -2.3354321810533882 -6.360912664168765 -11.022036580268287
