static/data/ASCData/20210104/ASCV/12.asc
ncols 97
nrows 97
xllcorner 99.0
yllcorner 2.0
cellsize 0.25
NODATA_value -32767
[rows 76 to 94 of 97, columns 0 to 42 of 97]
-2.145497922565685 -2.2898882905386913 -2.122818807177255 -1.6054829861500628 -1.2685721275463822 -0.9062102616734631 -0.6610238253074336 -0.3505719346569216 0.008010078651259356 -0.24120820045049118 -0.7361168962602362 -1.5848197921294926 -2.06914490075797 -2.5683374294744183 -2.753802195317581 -3.049638656051105 -3.3671462714891285 -3.716656638641937 -4.175782730172158 -4.59459039434517 -4.753848182406148 -4.846580565327729 -4.873039533280897 -4.776275307623595 -4.921673636280532 -5.352324838489723 -6.055629405702044 -6.726427240857614 -6.797740459245679 -6.550790091682771 -6.32702281985026 -6.201027734358981 -6.177592648457603 -6.21186331171123 -6.196239921110312 -5.959873140728672 -5.915018890293776 -6.160961297172753 -6.132738398022707 -5.822034517201212 -5.506794813302032 -5.2830275414695205 -4.951156486285491
-2.2147952195858887 -2.3153392978079297 -2.2782967426734935 -1.683599939154656 -1.3582806284161726 -1.5497931583629172 -1.3083865745616263 -0.5330128184482938 0.03925685985309624 0.22774550774804947 0.15643228935998543 -0.6297770441055963 -1.7284541895895509 -2.262673352072575 -2.972529663730442 -3.2723979671996863 -3.5896535924667274 -3.9754505442410246 -4.355451722082723 -4.562335652459403 -4.622057322982269 -4.525293097324967 -4.555531917842874 -4.739232752489159 -4.893450737130484 -5.2636242983038635 -5.98431618731398 -6.636718739987824 -6.764477756675981 -6.619079428019045 -6.570193334848428 -6.45604178739333 -6.698204341707568 -6.739026749406742 -6.43638655405669 -6.031186359116736 -5.751729259497079 -6.115099086053927 -6.036982133049335 -5.5672724543378465 -5.242961104283293 -4.8435566832759385 -4.510677667407979
-1.9257624934688944 -2.1757367430835926 -2.326930845673127 -1.7400457374547487 -1.900311486199656 -2.0915720259754176 -1.6825919784707253 -0.908982153554271 -0.31428535003543345 0.16701587654125305 0.4492448680417187 0.3048545000687124 -0.8923508022694224 -2.0310943849396037 -2.741202686768453 -3.2958330531010644 -3.5878896612698497 -4.018540863479042 -4.392494277217159 -4.513449559288786 -4.453979878936903 -4.337812410113943 -4.4040858250823565 -4.587786659728641 -4.730413096504769 -5.077907542289718 -5.679660070596067 -6.2390782501773465 -6.477460951926847 -6.670737413070469 -6.66191775708608 -6.79295264599701 -7.035115200311249 -7.058550286212627 -6.727435201541545 -6.105271469385608 -5.730310094963562 -6.075032648867701 -5.794819578735096 -5.28201958078559 -4.658091917432775 -4.25868749642542 -3.9285803724382684
-1.180627557873469 -1.8123669165267429 -2.0106831810900165 -2.126850649912976 -2.388668437563854 -2.1180309939285866 -1.5576048536633764 -1.1297255433349922 -0.746952473612486 -0.14041213205746805 0.3262736646022306 0.43362147744080026 -0.13461635812486916 -1.293771144644638 -2.1288665712808363 -2.789836789768087 -3.3807537407221866 -3.765542731812553 -4.142520027602461 -4.411897520382816 -4.36704326994792 -4.491022434071339 -4.543940369977676 -4.635664792215327 -4.748052408473549 -4.82012159737456 -5.322086017971817 -5.886544000972748 -6.331054662585981 -6.5946363814337365 -6.735246896842004 -6.857210139597562 -6.922727584053028 -6.913907928068638 -6.637474710500772 -6.060417218950713 -5.663028719311218 -5.800615352667695 -5.439261447478707 -4.726381253769048 -4.072214769898327 -3.5634466146845414 -3.2146922180446804
-0.1318444662440612 -0.9228416129583117 -1.6425255412844986 -2.218575072150627 -2.7361628833488023 -2.2205909935184875 -1.2322855429248936 -0.8983985663730039 -0.6650556680431547 -0.26842313891660785 -0.04188397520328779 0.4220299295756025 0.014813813267788412 -0.33494854405600316 -1.0437968950299399 -1.8955236729509872 -2.75859000856625 -3.413008482607954 -3.750927301895565 -4.264483270358019 -4.562335652459403 -4.784087002924054 -5.003822432020845 -5.101342628191095 -5.1923110799157985 -5.171647885895229 -5.145440908113043 -5.596503314171823 -6.079064491603422 -6.4550338267094 -6.650326209220882 -6.6785491083709285 -6.690392646407108 -6.637474710500772 -6.369105178404347 -5.86512483643923 -5.462696533380084 -5.382815649178613 -4.923689557648392 -4.116061059649292 -3.33085968686764 -2.8261233743895753 -2.675685242312988
0.5908633441339166 0.07151160173886328 -0.6970584197579397 -1.5586128143473066 -2.022274728955214 -1.454036893389545 -0.6033180761524277 -0.5730792556345206 -0.21676515386518336 -0.5105856932308463 -0.6239812701729974 -0.42667296629365437 -0.3122694286675727 -0.40021399834048577 -0.5068058406661078 -0.9286373868909106 -1.9882560558725686 -3.209904404796012 -3.5800779659693904 -4.044747841261228 -4.472627151589612 -4.73242901787263 -5.04867668245574 -5.4256539782456485 -5.7030951564974455 -5.775164345398457 -5.597511274855753 -5.526198056467689 -5.7673526500979975 -6.273348913430975 -6.621095349386906 -6.635710779303894 -6.582036872884609 -6.4784689126107775 -6.1093033121213285 -5.641609554777701 -5.234393438469886 -4.702946167867671 -4.267507152409809 -3.6014971305029078 -2.8465345782391624 -2.3417982657610983 -2.2205909935184875
0.8048029992981087 0.5099744992485151 -0.03407227990282813 -0.6171775355564684 -0.973491637325806 -0.8553082471349862 -0.5750951770023813 -0.6454004347065152 -0.5136095752826368 -0.9296453475748407 -0.7900427928505036 -0.8621119817515153 -0.834897043285399 -0.8074301146483003 -0.6023101154684976 -0.5730792556345206 -1.2078424963395853 -2.626799149142372 -3.621908334352495 -4.02131275535985 -4.2624673489901586 -4.550744104594205 -4.936541056368502 -5.3797917671268225 -5.75676906291673 -6.022366703132347 -6.054621445018114 -5.925602477475044 -5.86512483643923 -6.060417218950713 -6.375908913020876 -6.525339084413533 -6.511731615180475 -6.334834515150719 -6.008759233899289 -5.762564836849329 -5.452112946198817 -4.564351573827263 -3.8875059745681115 -3.2744138885675467 -2.636626765810692 -2.2019437208657786 -2.1298745319647665
1.0381458976279578 0.826222163831626 0.3693639838402474 -0.09354196025471229 -0.3016858414863055 -0.34553213123727033 -0.5849227936707009 -0.7353609257472882 -0.6590079039395733 -0.8719395984198353 -0.5302409265674859 -0.6806790586440732 -0.8593400898707073 -0.8386768958501372 -0.669843481291823 -0.6375887394060555 -1.0624441676826493 -1.7060270643721034 -3.786961896346071 -4.291950198995118 -4.2556636143736295 -4.555531917842874 -4.833981056778601 -5.19432700128366 -5.540813486384677 -5.7928036573672355 -5.996915695863108 -6.132738398022707 -6.100483656136939 -6.025390585184137 -6.178600609141533 -6.271332992063114 -6.32803078053419 -6.288972304031893 -5.994899774495248 -5.62976601674152 -5.42086616499698 -4.771487494374926 -4.019548824162972 -3.3905813573905066 -2.903232366710238 -2.55372199955743 -2.468549321765325
1.194379803637144 1.2120191156059228 0.8234502719508177 0.4053985782907539 0.20506639235961988 0.0851190709719214 -0.13965616154452043 -0.388622450475288 -0.5839148329867707 -0.8525363552541783 -0.21575719318125275 -0.45489586544370075 -0.8505204338863175 -0.8437166992697884 -0.8202816133684108 -0.8525363552541783 -1.0390090817812712 -1.7322340421542894 -4.316393245580426 -4.7402407131730895 -4.638688674267118 -4.6238212541791475 -4.7918986982245135 -4.993994815352526 -5.388611423111212 -5.840681789853922 -6.062433140318573 -6.145337906571835 -6.047817710401585 -6.027154516381016 -6.069236874935102 -6.178600609141533 -6.279144687363573 -6.222446898892498 -5.9354300941433635 -5.558452798353456 -5.376767885075032 -4.911090049099264 -4.249867840441031 -3.7421076459111755 -3.2928091710492735 -3.1053284838382504 -3.0458588034863663
1.1240745459330101 1.330202505796743 1.2891281079265857 0.9043391168362191 0.7911955300650506 0.6740201005581605 0.2882231487838638 -0.11798500684002011 -0.39744210645967737 -0.527217044515695 -0.25380770899961913 -0.5818989116189104 -0.9744995980097362 -1.0730277548639169 -1.0359851997294807 -0.9422448561239687 -1.1599643638528994 -2.035126227675325 -4.751832261038287 -5.208942431200648 -5.196090932480537 -5.150228721361712 -4.993994815352526 -5.17870361068274 -5.5478692111721895 -6.0067433125314285 -6.265537218130515 -6.296783999332352 -6.2128712723951605 -6.179608569825463 -6.1748207565767945 -6.1874202651259225 -6.280152648047504 -6.226478741628219 -6.004727391163567 -5.6443814466585085 -5.461688572696154 -5.090759041009828 -4.643476487515787 -4.185358356669496 -3.990065974158013 -3.8093890215635184 -3.7353039112946465
0.845877397168266 1.2480537100564293 1.3886642254646961 1.3994998028169467 1.2793004912582662 0.8985433429036203 0.48931130522794586 -0.2225609277977818 -0.4881585680133984 -0.36896721713864844 -0.45489586544370075 -0.7411566996798871 -1.0125501138281026 -1.0946989095684168 -0.9266214655230502 -0.8495124732023873 -1.1650041672725506 -2.1424740405138945 -5.043888869207072 -5.4637044940640145 -5.481343806032793 -5.407006705592939 -5.248000907702944 -5.207934470516718 -5.5740761889543755 -6.063441101002503 -6.353481787803428 -6.475445030558987 -6.44722213140894 -6.355245719000306 -6.197247881794242 -6.202035695042911 -6.2068235082915795 -6.160961297172753 -6.118122968105719 -5.827074320620864 -5.704103117181376 -5.196090932480537 -4.976355503383746 -4.825161400794212 -4.633648870847467 -4.562335652459403 -4.489258502874461
0.3487007898196781 0.8995513035875504 1.4337704660705741 1.5128953797590974 1.452165748552301 1.071408600197655 0.5528128283155498 -0.17468279531109587 -0.5917265282872299 -0.48135483339686935 -0.5156254966504976 -0.7058780757423291 -0.9568602860409574 -1.031197386480812 -0.8631199424354454 -0.8074301146483003 -1.1141021527340738 -2.2382303054872668 -5.257828524371265 -5.534009751768148 -5.559460759037386 -5.484367688084584 -5.256820563687334 -5.216754126501107 -5.426661938929579 -5.9099790868741255 -6.283176530099294 -6.520299280993882 -6.571201295532358 -6.428574858756231 -6.265537218130515 -6.118122968105719 -6.121902820670456 -6.106279430069538 -6.062433140318573 -6.076040609551631 -5.816238743268613 -4.755864103774008 -5.478319923981003 -5.3601365337901825 -5.228345674366305 -5.156024495294311 -5.019445822621764
-0.16888702137849698 0.4631043274457598 1.1593531698705686 1.6494740524316445 1.5743809814788419 1.2228546929581734 0.7402935155265737 0.19448280517835226 -0.3740070205582997 -0.5047899192982475 -0.4901744893812592 -0.679671097960143 -1.0526165510143293 -1.2128822997592366 -0.995918762543254 -0.8447246599537186 -1.2567285895102018 -2.345578118325837 -5.335945477375857 -5.4891555013332525 -5.602551078275404 -5.763572797533259 -5.502762970566311 -5.1865153059832 -5.347537025241055 -5.7547531415488695 -6.151385670675417 -6.390524342937864 -6.648310287853022 -6.512487585693423 -6.468641295942458 -6.279144687363573 -6.20783146897551 -6.184396383074132 -6.176584687773673 -6.451001983973678 -5.694275500513055 -3.7254762946263265 -5.285043462837381 -6.054621445018114 -5.829090241988724 -5.471516189364474 -5.3533327991736535
-0.18148652992762493 0.16600791585732289 1.00689911642612 1.6708932169651618 1.8087318404926211 1.4385582793192428 1.0928277647311733 0.6720041791903002 -0.16384721795884571 -0.34553213123727033 -0.5390605825518753 -0.8240614659331489 -1.1745797937698876 -1.0165819565638237 -0.7860109501147825 -0.9364490821913698 -1.4041428395349986 -2.388668437563854 -5.207934470516718 -5.4891555013332525 -5.74593348556448 -6.009767194583219 -6.0389980544171955 -5.675628227860346 -5.276223806852991 -5.570296336389637 -5.98633210868184 -6.115099086053927 -6.542978396382312 -6.501903998512155 -6.485272647227307 -6.355245719000306 -6.315431271985062 -6.354489748487358 -6.350457905751638 -6.522315202361742 -5.671848375295608 -3.8083810608795883 -5.439261447478707 -6.263521296762654 -5.943241789443823 -5.52040228253509 -5.218518057697985
0.4053985782907539 0.034217056433445414 0.638741476620603 1.562537443442662 1.995204567019715 1.839978621694459 1.465017247272412 1.1182787720004113 0.4600804453939684 -0.3016858414863055 -0.6552280513748348 -0.7215014663432475 -0.6287690834216662 -0.5584638257175323 -0.7197375351463697 -0.9550963548440792 -1.293771144644638 -2.4403264226152785 -5.116966018792014 -5.597511274855753 -5.921822624910305 -6.251929748897457 -6.364065374984696 -6.037990093733265 -5.436489555597898 -5.109154323491555 -5.40020297097641 -5.801623313351625 -6.320219085233731 -6.351465866435568 -6.284940461296172 -6.168772992473213 -6.160961297172753 -6.20984739034337 -6.0261465556970855 -5.700071274445654 -5.524182135099828 -4.883623120462165 -5.75777702360066 -5.96466095397734 -5.7030951564974455 -5.277231767536922 -4.83876887002727
0.42303789025953265 0.39758688299029465 0.4610884060778986 1.0918198040472422 1.7472462387728767 1.936742847351761 1.633850661830726 1.161117101067446 0.5890994129370384 -0.3377204359368111 -0.734352965063358 -0.6249892308569276 -0.5282250051996256 -0.6590079039395733 -1.2040626437748472 -1.6503372365849578 -1.7851519780606266 -2.818311679089116 -5.296887000873561 -5.382815649178613 -5.615150586824532 -6.173812795892864 -6.473429109191126 -6.372885030969085 -5.815230782584683 -5.0310373704869615 -4.8954666584983455 -5.578108031690096 -6.004727391163567 -6.302579773264951 -6.2451260142809275 -6.029170437748876 -5.869912649687898 -5.842697711221782 -5.704103117181376 -5.202894667097066 -4.84078479139513 -4.906050245679612 -5.286051423521311 -5.393399236359881 -5.239181251718555 -4.857416142679979 -4.3914863165332285
-0.5448563564844742 0.2237136650123288 0.7793519920288698 0.8662886010178532 1.1220586245651498 1.4728289425728711 1.60764368404854 1.2316743489425628 0.6251340073875449 -0.06053124785599717 -0.2898423034501252 -0.5312488872514161 -0.5672834817019221 -1.1015026441849458 -1.7332420028382196 -2.0525135494731215 -2.120046915296447 -2.616971532474052 -5.029273439290083 -5.63959363340984 -5.582895844938765 -6.016570929199748 -6.378680804901684 -6.350457905751638 -5.98230026594612 -5.408014666276869 -5.137629212812584 -5.654209063326828 -5.750973288984131 -5.98431618731398 -6.09267196083648 -6.0193428210805555 -5.818254664636474 -5.585919726990555 -5.355348720541514 -4.920665675596601 -4.433568675087316 -4.390478355849298 -4.716805627271711 -4.890426855078694 -4.748052408473549 -4.396274129781897 -4.02030479467592
-0.7353609257472882 -0.24801193506702024 0.45025282872564887 0.515770273181114 0.6163143514031546 0.8312619672512769 1.001103342493522 1.032350123695359 0.5490329757508121 0.14458875132380555 -0.12982854487620044 -0.3611555218381892 -0.7283052009597766 -1.2078424963395853 -1.7342499635221498 -2.0507496182762432 -2.1560815097469526 -2.216811140953749 -3.5417754599800415 -5.220533979065846 -5.782220070185968 -6.007751273215359 -6.236306358296538 -5.989104000562649 -5.5995271962236135 -5.64841328939423 -5.625986164176782 -5.859329062506632 -5.794819578735096 -5.802631274035555 -5.877724344988358 -5.859329062506632 -5.853533288574033 -5.698055353077794 -5.279247688904782 -4.6560759960649145 -4.086830199815315 -3.8796942792676523 -4.119084941701082 -4.271287004974548 -4.115053098965362 -3.830052215584088 -3.5057408655295355
-0.5224292312670267 -0.3485560132890613 0.007002117967328303 -0.049695670503747014 -0.06330313973680513 0.16222806329258432 0.4961150398444749 0.587083491569178 0.27839553211554424 -0.018448889301909688 -0.16384721795884571 -0.28026667695278773 -0.6668195992400325 -1.419766230135917 -1.943149815266691 -2.1699409691509937 -2.3183631798597206 -1.8572211669616383 -2.2331905020676155 -3.69624543479235 -5.769368571465858 -6.045801789033725 -5.779196188134177 -5.527206017151619 -5.589699579555294 -5.713678743678712 -6.0125390864640265 -6.011531125780096 -5.927618398842904 -5.7802041488181075 -5.813466851387806 -5.8447136325896425 -5.840681789853922 -5.62775009537366 -5.144432947429113 -4.4040858250823565 -3.7920016997657218 -3.5662185065653498 -3.628712068969024 -3.7254762946263265 -3.5400115287831637 -3.2537506945469774 -3.030235412885448
