static/data/ASCData/20210104/ASCV/15.asc
ncols 97
nrows 97
xllcorner 99.0
yllcorner 2.0
cellsize 0.25
NODATA_value -32767
[rows 76 to 94 of 97, columns 43 to 85 of 97]
-3.08355433085232 -2.7806918298032306 -2.360820710481667 -2.0474755971418235 -1.8539722405314132 -1.866721363587736 -2.0191442125722174 -2.1030051108982515 -2.074673726328645 -1.976930449563504 -1.8120417913683962 -1.834423585178385 -1.6664184746806205 -1.2777118783856243 -0.8637903498236783 -0.6646207162993472 -0.3872564613629028 -0.4379696397424979 -0.4096382551728919 -0.4495855074160362 -0.7161838362160302 -0.9720162388795739 -1.2006505123562954 -1.2845114106823297 -1.3802714905275986 -1.129255423240888 -0.7759630576578993 -0.3824401259860699 0.34425988822432796 0.7729137367624692 0.0824778948011673 -0.9468013066126244 -1.7386635053331163 -2.363653848938628 -2.6381849654181115 -2.8773018511855875 -3.193763416828088 -3.442796287194926 -3.699761945241254 -3.6331831915026793 -3.4575286071711213 -3.3382534781330797 -3.1773312137777165
-2.9447305464612503 -2.6058871870087605 -2.2270965753131264 -1.949732320376682 -1.774927677582212 -1.6879503269535212 -1.8315904467214246 -1.8823036251010195 -1.856805378988374 -1.7114653761462943 -1.5406271271915692 -1.5287279456723346 -1.3706388197739323 -0.9898650111584257 -0.7445152207856365 -0.5521451195580105 -0.6303397409701237 -0.6841693716523753 -0.8011779899248488 -0.8246930391176219 -0.8765394728800011 -0.9663499619656526 -1.235781429222607 -1.5462934041054905 -1.6380870901110145 -1.4916138318861507 -1.1380381524574659 -0.7065511654623642 0.13517427010063443 1.0454616563220802 0.9261865272840382 0.08446109172103933 -0.8609572113667177 -1.5035130134053851 -1.9010023389169595 -2.1313364954678575 -2.2506116245058996 -2.423433070380497 -2.6265690977445733 -2.677282276124168 -2.5044608302495703 -2.3424053105114235 -2.174400200013659
-2.8696523773517937 -2.5316589594363923 -2.2183138460965486 -2.032743277165628 -1.9468991819197214 -1.8160081852081411 -1.6468698193275924 -1.6967330561700993 -1.685967130033649 -1.549409856408147 -1.391037416664049 -1.2884778045220746 -1.056160451051304 -0.8139271129811716 -0.6119243409998796 -0.6830361162695913 -0.761230737681704 -0.7113675008391973 -0.8334757683341998 -0.8159103099010439 -0.8326258267971116 -0.9487845035324969 -1.2876278629849864 -1.622504828597731 -1.3726220166938048 -1.2250155030861567 -0.7513147530823419 -0.342209559897229 0.08049469788129482 0.5414463248287866 0.6831032476768173 0.5533455063480215 -0.41558784593250886 -1.2329482907656464 -1.6304376162772207 -1.8539722405314132 -1.9330168034806143 -1.8950527481573423 -1.8551054959141977 -1.7913598806325837 -1.6009729763248304 -1.4205020566164392 -0.7572643438419593
-2.756326839073369 -2.4673467164633864 -2.2542947044999484 -2.2279465168502144 -2.165617470797081 -2.0072450310529826 -1.7964595298551127 -1.5981398378678697 -1.5542261917849802 -1.4644157026993287 -1.31397605063472 -1.1088568263507714 -0.8558575621441886 -0.7632139346015765 -0.7719966638181543 -0.8490580298474832 -0.6490384547860639 -0.5708438333739507 -0.45355190125578115 -0.3920727967397357 -0.6303397409701237 -1.0082804111286696 -1.3287083706109153 -0.9946813465352589 -0.6498883963231519 -0.3521255444965914 0.1450902546999968 0.43322043577289104 0.6236073400806448 0.06491243636801114 0.0872942301780002 0.15387298391657467 -0.47990008890551517 -1.2972605337386525 -1.7553790222291838 -2.049175480216 -2.4350489380540354 -2.3472216458882564 -2.101021913978379 -1.7856936037186624 -1.534677536431952 -0.554128316477883 0.22696795610615839
-2.414650341163919 -2.275826556772849 -2.2506116245058996 -2.3245565382325717 -2.2426788368264097 -2.1273701016281126 -1.9984623018364047 -1.7525458837722234 -1.5366607333518245 -1.4205020566164392 -1.2437142169020967 -1.110840023270644 -1.0337786572413152 -1.1097067678878598 -0.9887317557756414 -0.6578211840026418 -0.2994291691971238 0.0014501349320936718 0.11279247629064582 0.07851150096142234 -0.2787472584613111 -0.6821861747325029 -0.5561115133977554 0.1187420670502628 0.6743205184602394 0.879439742744188 0.4935662849061524 0.3598421497376112 0.45956862342262506 -0.16060538480605357 -0.2164182124081777 -0.3521255444965914 -0.9037376020668231 -1.1204726940243102 -1.5043629549424733 -2.332489325912061 -3.027741503250196 -3.1810142937717654 -3.008192847897168 -2.6194862516021713 -1.6069225670844476 -0.13624039407619248 1.1245062192712814
-2.2630774337165263 -2.1489019539010132 -2.081473258625351 -1.963331384970093 -2.0151778187324725 -2.082606514008135 -2.0160277602695604 -1.8256408559618071 -1.6148553547639375 -1.5083293487822182 -1.3794215489905102 -1.1910178416026294 -0.9847653619358967 -1.041428131075109 -0.9691831004226132 -0.6615042639966906 -0.2093353662657762 0.2397170791624812 0.47798402339286916 0.4488026972861747 0.20940249767300267 0.28164752832549844 0.7357996229762849 1.3160263789618187 1.5551432647292946 0.997581616399446 0.1439569993172123 -0.22803408008171644 -0.5161642611546107 -0.5181474580744831 -0.9105371343635285 -0.6889857070292085 -0.715333894678942 -0.5912424302640673 -0.673403445515925 -1.6664184746806205 -3.263175309023623 -3.979959338634659 -3.772856917430838 -2.9877942510070516 -1.539493871808785 0.07766155942433395 0.9409188472602334
-2.571889525525233 -2.465363519543514 -2.068724135569028 -1.714298514603255 -1.7905099390954955 -1.9027022219911358 -1.9672977788098378 -1.9672977788098378 -1.865588108204952 -1.7474462345496942 -1.6029561732447029 -1.3394742967473656 -0.9105371343635285 -0.7269497623524805 -0.6634874609165626 -0.6119243409998796 -0.44873556587894825 -0.09034355107343028 0.27484799602879306 0.4507858942060472 0.47118449109616334 0.8168273828453585 1.294494526688918 1.1069407608381256 1.1556707422978483 0.7533650814094406 -0.13029080331657505 -0.5980419625607727 -0.4966156058015825 -0.5728270302938232 -1.0570103925883922 -0.8187434483580045 -0.6167406763767125 -0.5677273810712942 -0.55724476878054 -1.0074304695915814 -2.1185873724115347 -3.4204144933849374 -3.792405572783866 -2.9008169003783606 -1.6927666623303543 -0.8462248913905226 -0.6263733471303787
-3.0844042723894085 -2.861719589672304 -2.5189098363800695 -2.2466452306661546 -2.109804643194957 -2.1585346246546795 -2.222280239936293 -2.2474951722032426 -2.2593943537224774 -2.225963319930342 -2.0845897109280074 -1.8315904467214246 -1.3842378843673433 -0.8578407590640611 -0.6391224701867015 -0.5903924887269789 -0.5912424302640673 -0.6830361162695913 -0.5433623903414326 -0.23964994775525472 0.18022117156630824 0.8032283182519477 1.2406648960066664 1.0650103116751084 1.0698266470519413 0.8550747520143269 0.38420714046747273 -0.03566397885409067 -0.13510713869340796 -0.27676406154143907 -0.5317465226678944 -0.13510713869340796 -0.020081717340806993 -0.29064643998054596 -0.6909689039490807 -1.253346887655763 -1.7474462345496942 -2.2837593444523385 -3.197729810667833 -2.856903254295471 -2.4761294456799643 -2.009228227972855 -1.8695545020446966
-3.446762681034671 -3.1634488353386097 -2.8129896082125816 -2.528825820979432 -2.377536227377735 -2.321723399775611 -2.386318956594313 -2.532792214819177 -2.6098535808485055 -2.736778183720341 -2.667366291524806 -2.441848470350741 -2.0562583263584013 -1.548276601025363 -1.1029072355911542 -0.9711662973424857 -0.9300857897165566 -1.0150799434253752 -1.1187728109501336 -0.8941049313131568 -0.43513650128553705 0.28873037446789995 0.5609949801818148 0.7924623921154974 0.7904791951956249 0.8287265643645929 0.4624017618795855 -0.19573630167236544 -0.5238137349884044 -0.673403445515925 -0.7768129991949875 -0.7212834854385595 -0.5852928395044499 -0.7728466053552425 -1.7876768006385348 -2.647817636171778 -2.903933352681017 -2.8217723374291594 -3.142200296911405 -2.839337795862315 -2.4985112394899534 -2.3392888582087665 -2.069857390951812
-3.556121825473351 -3.150983026127983 -2.8265886728059924 -2.599087654712055 -2.468196658000475 -2.405867611947341 -2.507293968706531 -2.6653830946049335 -2.9331146787877116 -3.059189340122459 -3.1909302783711277 -3.0297247001700685 -2.7260122575838905 -2.2698769660132316 -1.7689780868225948 -1.2054668477331285 -1.1303886786236723 -0.9349021250933898 -0.9671999035027408 -0.7739798607380268 -0.4204041813093422 0.17427158080669125 0.2904302575420763 0.4935662849061524 0.6156745524011549 0.6275737339203893 0.14027391932316347 -0.4204041813093422 -0.715333894678942 -0.7768129991949875 -0.9173366666602341 -1.102057294054066 -1.0757091064043323 -0.8003280483877606 -1.7290308345794503 -2.931131481867839 -3.6048518069330733 -3.3413699304357363 -3.1362507061517877 -2.7974073466992984 -2.4174834796208797 -2.2367292460667922 -1.9361332557832711
-3.3257876689224526 -2.911582826514811 -2.648950891554562 -2.5092771656264037 -2.3832025042916563 -2.423433070380497 -2.525992682522471 -2.787491362099936 -3.055222946282714 -3.267141702863368 -3.3929330503524193 -3.1917802199082157 -2.874468712728627 -2.37356983353799 -1.9361332557832711 -1.3862210812872158 -0.9907149526955139 -0.7827625899546047 -0.6898356485662966 -0.5688606364540783 -0.34334281528001354 0.16265571313315252 0.2728647991089206 0.13319107318076195 0.2476498668419711 0.23093434994590334 -0.2288840216188044 -0.27109778462751777 -0.5053983350181603 -0.49463240888171 -0.8901385374734121 -0.9790990850219754 -1.129255423240888 -0.8921217343932846 -1.2641128137922133 -2.4534643380242795 -3.6470655699417867 -3.529773637823617 -2.972211989493768 -2.648950891554562 -2.2993416059656218 -2.201598329200481 -1.9242340742640365
-3.0747716016357423 -2.782675026723103 -2.5308090178993043 -2.424283011917585 -2.3245565382325717 -2.404734356564557 -2.616653113145211 -2.8784351065683715 -3.1322843123120427 -3.3657349211655974 -3.1722315645551875 -2.783808282105887 -2.208397861497186 -1.497563422645768 -1.1635363985701115 -1.3890542197441764 -0.9935480911524746 -0.7564144023048711 -0.6430888640264465 -0.728932959272353 -0.4974655473386709 -0.02886444655738485 0.08049469788129482 -0.1529559109722598 -0.4136046490126364 -0.43117010744579254 -0.22123454778501062 -0.1489895171325153 -0.1458730648298583 -0.034530723471306146 -0.46148468893527106 -0.9476512481497126 -1.1966841185165507 -2.0522919325186564 -2.424283011917585 -2.543558140955627 -3.558105022393223 -3.2827239643766513 -2.7993905436191704 -2.5101271071634916 -2.2933920152060048 -2.229079772232999 -2.28942562136626
-3.1439001799855815 -2.947846998763907 -2.6653830946049335 -2.579538999359027 -2.4993611810270413 -2.617786368527995 -2.8365046574053547 -2.979011521790474 -3.2320107859970566 -2.927165088028094 -2.5452580240298035 -1.83838997901813 -0.8793726113369618 -0.18893676937565962 -0.5776433656706561 -0.9068540543694796 -0.9487845035324969 -0.7671803284413214 -0.7532979500022143 -0.8969380697701175 -0.41162145209276435 -0.20168589243198243 -0.08241076339394082 -0.10989220642645847 -0.46035143355248653 -0.4759336950657702 -0.21925135086513858 -0.033680781934218196 0.1439569993172123 0.44200316498946934 0.2603989898982939 -0.8785226697998736 -2.617786368527995 -3.5082417855507164 -3.7300765267307323 -3.7796564497275433 -3.5161745732302063 -2.9690955371911114 -2.800240485156259 -2.5699063286053607 -2.391135291971146 -2.285742541372211 -2.3384389166716786
-3.3697013150053423 -3.226911136774527 -2.985811054087179 -2.9144159649717714 -2.8812682450253324 -2.9965769802236295 -3.034541035546902 -3.0892206077662414 -2.6617000146108847 -2.0160277602695604 -1.3539233028778648 -0.5697105779911666 0.13914066394037938 0.10117660861710709 -0.34815915065684644 -0.6498883963231519 -0.7221334269756476 -0.4643178273922315 -0.3441927568171015 -0.6391224701867015 0.12554159934696862 0.03459785487853262 0.0501801163918163 0.060096100991178236 -0.014132126581190008 0.042530642558022524 0.26209887297247025 0.366641682034317 0.5561786448049819 0.7457156075756473 0.3677749374171011 -0.8929716759303727 -2.935947817244672 -3.8960984403086245 -4.076569360017016 -4.00149119090756 -3.6275169145887585 -3.134267509231915 -2.953513275677828 -2.791457755939681 -2.6461177530976014 -2.4477980611103582 -2.395951627347979
-3.569720890066762 -3.3968994441921643 -3.2036794014274506 -3.1322843123120427 -3.178181155314805 -3.13823390307166 -2.83253826356561 -2.2387124429866647 -1.5003965611027286 -0.793528516091055 -0.31104503687066254 -0.18412043399882672 -0.23964994775525472 -0.20650222780881577 -0.36657455062709055 -0.5405292518844722 -0.4583682366326145 -0.07277809264027457 0.27399805449170467 0.16152245775036844 0.10485968861115591 -0.03963037269383518 -0.12349127101986968 -0.3677078060098746 -0.44193603358224287 -0.29829591381433973 0.029781519501699716 0.41933805733378415 0.5972591524309108 0.7952955305724578 0.09041068248065676 -1.4916138318861507 -3.013292497119697 -3.8442520065462453 -4.169496301405324 -4.17629583370203 -3.9320792987120248 -3.541389505497156 -3.1410670415286206 -3.0608892231966354 -2.9798614633275617 -2.867669180431921 -2.787491362099936
-3.479060459444022 -3.1897970229883432 -3.035674290929686 -3.161465638418737 -3.1294511738550823 -2.588321728575605 -1.870687757427481 -1.1675027924098562 -0.5884092918071064 -0.1861036309186992 -0.14983945866960324 -0.5453455872613051 -0.6547047316999848 -0.2895131845977619 -0.39887232903644154 -0.5552615718606675 -0.526930187291061 -0.39603919057948067 -0.3617582152502572 -0.2923463230547223 -0.3892396582827753 0.009382922611583133 -0.08156082185685243 -0.46346788585514354 -0.8079775222215542 -0.7532979500022143 -0.25438226773145 0.2836307252453709 0.4301039834702345 0.46438495879945796 0.16350565467024092 -1.17515226624365 -2.455447534944152 -3.470277730227444 -4.145981252212551 -4.326735485766639 -4.120483006099906 -3.8550179326826957 -3.693812354481637 -3.6156177330695236 -3.497475859414266 -3.473110868684405 -3.4583785487082097
-3.2212448598606063 -3.00734290636008 -2.8860845804021653 -2.9937438417666686 -2.760293232913114 -2.074673726328645 -1.2142495769497064 -0.5385460549645997 -0.06484530496078467 0.2827807837082825 0.4476694419033902 0.19297029462263104 -0.09714308337013611 -0.4459024274219878 -0.6059747502402621 -0.576510110287872 -0.3677078060098746 -0.16457177864579853 -0.23483361237842182 -0.2846968492209285 -0.12349127101986968 -0.07759442801710748 -0.368557747546963 -0.715333894678942 -0.7955117130109275 -0.7280830177352648 -0.41558784593250886 0.13319107318076195 -0.29631271689446725 -0.3257773568468574 -0.4759336950657702 -0.6566879286198573 -1.9936459664595716 -2.9223487526512613 -3.465178081004915 -3.8119542281368943 -3.961543938664415 -3.9300961017921523 -3.922446627958358 -3.979959338634659 -4.090451738456123 -4.118499809180033 -4.149947646052295
-2.880418303488244 -2.732811789880596 -2.667366291524806 -2.659716817691012 -2.492561648730336 -1.8755040928043138 -0.834325709871288 0.33151076516800515 0.8822728812011489 0.5921595032083817 0.579693693997755 0.48280035876970206 0.19297029462263104 -0.4096382551728919 -0.6878524516464242 -0.6841693716523753 -0.42125412284643016 -0.19375310475249297 0.044513839477895 -0.04444670807066853 -0.19686955705514952 -0.4459024274219878 -0.7583975992247434 -0.6538547901628968 -0.7212834854385595 -0.6107910856170955 -0.2787472584613111 -0.06994495418331415 -0.30226230765408424 -0.5201306549943556 -0.7728466053552425 -0.8431084390878658 -1.9185677973501152 -2.8101564697556207 -2.9183823588115163 -3.0883706662291535 -3.4847267363579433 -3.6977787483213813 -3.975143003257826 -4.058153960046772 -4.215393144408086 -4.441760907119239 -4.502390070098196
-2.2837593444523385 -2.2075479199600982 -2.184032870767325 -2.119720627794319 -2.051158677135872 -1.461299250396672 -0.40170546749340197 0.7525151398723526 1.1352721454077317 0.8462920227977491 0.6029254293448321 0.45163583574313515 0.09041068248065676 -0.6224069532906338 -0.8813558082568342 -1.1694859893297287 -0.9419849712357913 -0.6402557255694856 -0.4371196982054095 -0.4252205166861751 -0.492649211961838 -0.6790697224298463 -0.6861525685722478 -0.6762365839728854 -0.6048414948574781 -0.4966156058015825 -0.3764905352264525 -0.1849703755359151 -0.11867493564303677 -0.25721540618841043 -0.48584967966513215 -0.45553509817565363 -1.3833879428302551 -2.5492244178695485 -2.7143963899103523 -2.700797325316941 -2.9886441925441396 -3.3881167149755864 -3.6311999945828073 -3.749625182083761 -4.035488852391087 -4.306053575030826 -4.646030189866099
