static/data/ASCData/20210104/ASCV/18.asc
ncols 97
nrows 97
xllcorner 99.0
yllcorner 2.0
cellsize 0.25
NODATA_value -32767
[rows 76 to 94 of 97, columns 43 to 85 of 97]
-2.5826157468642945 -2.3619164516380344 -2.145064529228714 -1.865955119418008 -1.528785356188032 -1.2339366939443914 -1.0307254569769475 -0.7925381034918713 -0.6452886529526394 -0.4497721616190744 -0.22802358289728542 -0.23781689552222263 -0.22627477707140375 -0.21263409162952707 -0.2175307479419959 -0.31126674020925016 -0.2416642683391621 -0.37772136159275194 -0.3130155460351318 -0.3074193673923107 -0.2993748605932556 -0.2525068644596282 -0.3266562314770085 -0.3815687344096914 -0.26614754990150447 -0.1892000935627136 -0.17730821394671858 -0.26509826640597556 -0.043699448849363165 0.08920979391763995 -0.4361314761771977 -1.0639527676686984 -1.3315200590285856 -1.6305658552543423 -1.7641746203516977 -2.228307686540679 -2.334635080754281 -2.418577760396599 -2.6616617701941436 -2.937973090683439 -3.2233782014673187 -3.4370822733900526 -3.1918996966014497
-2.7438556440105795 -2.494825694405037 -2.3073537098705277 -2.104142472903084 -1.7897071854095694 -1.4966073289918103 -1.2895487192074269 -1.0632532453383456 -0.9118066608169977 -0.64423936945711 -0.3500902295438224 -0.008373571166554239 0.08641170459622938 0.0668250793463554 -0.13358806829967795 -0.22732406056693266 -0.2857341751513789 -0.41759413442285265 -0.6851614257827401 -0.7886907306749318 -0.9146047501384083 -0.9177526006249952 -0.9030626316875896 -0.6421408024660522 -0.5134286936811652 -0.10210956343380895 -0.07482819255005557 -0.1500268430629652 0.16930510074301797 0.7065382504538507 0.317603834777779 -0.3025227110798423 -0.898165975375121 -1.2066553230606383 -1.7075133115931334 -2.163601870983059 -2.576669807056297 -2.7602944187738667 -3.0778775567539682 -3.280739032556236 -3.4587674656309844 -3.18140686164616 -2.9155883761121544
-2.845286381911713 -2.6315823099889797 -2.481185008963161 -2.3423298263881605 -2.2622345195627824 -1.9782284534396077 -1.7543813077267607 -1.5280858338576795 -1.249675946377326 -0.9576253734550959 -0.4518707286101322 0.0521351104089498 0.19378838230536077 0.06367722885976823 -0.1636675285048419 -0.22907286639281432 -0.2878327421424367 -0.36303139265534634 -0.6501853092651078 -0.9800100880263807 -1.2475773793862681 -1.3560033405909284 -1.291647286198485 -0.9695172530710909 -0.22802358289728542 0.18399506968042356 0.4281283629734971 0.32180096875989506 0.4407197649198449 0.6232950931418859 0.4428183319109027 0.24170566193451704 -0.5123794101856363 -1.4469412435367723 -1.9477992320692676 -2.3706604807674423 -2.826749040157368 -3.2380681704047243 -3.519975669536841 -3.4996895219566144 -3.1912001742710974 -2.7553977624613983 -1.8666546417483605
-2.8970510343578093 -2.7428063605150506 -2.588561686672292 -2.51930897596738 -2.5805171798732367 -2.449006981766939 -2.205573210804218 -1.9586418281897335 -1.6791826572138513 -1.4028713367245556 -0.837657293799617 -0.3696768547936964 -0.08741959449640335 -0.22907286639281432 -0.09056744498299052 -0.13358806829967795 -0.1724115576342502 -0.2476102081471594 -0.4917435014402334 -0.8523472627370225 -1.2409319172479178 -1.4343498415904248 -1.4203593949833717 -0.8257654141836221 0.02660254535107809 0.5627864115663819 0.821609673796861 0.6712123727710422 0.7687957378552364 0.17525104055101526 0.17140366773407578 0.25429706388086437 -0.7603600762956495 -1.700867849454783 -2.053427103952517 -2.457751010896347 -2.9460175974824945 -3.3786721588056063 -3.6032188268488063 -3.211486321851324 -2.655715830386146 -1.7036659387761937 -0.8579434413798439
-2.9362242848575573 -2.867671096482998 -2.7732355818853907 -2.728116391577645 -2.623537803189924 -2.493776410909508 -2.29860968074112 -2.0719644457068624 -1.8393732708646073 -1.612028513499997 -1.4137139328450217 -1.187068697810764 -0.737975361724365 -0.2699949227184444 0.08046576478823164 0.16161035510913901 0.09620501722116659 -0.12939093431756232 -0.43123481986472934 -0.6491360257695789 -1.021281905517187 -1.1842706084893535 -1.0251292783341264 -0.3130155460351318 0.5005289241649962 0.9125475767427051 0.6565224038336366 0.5190662659193412 0.19973432211335806 -0.17730821394671858 -0.19794412269212147 -0.4361314761771977 -1.257370692011205 -1.6501524805042163 -1.9205178611855143 -2.3503743331872156 -2.820103578019018 -3.080675646075379 -3.2282748577797875 -2.555334375980541 -1.6655419717719746 -0.7886907306749318 -0.26929540038809163
-2.781979611014799 -2.7232197352651766 -2.7351116148811716 -2.6147937740605163 -2.402838507963664 -2.1674492437999984 -1.9324097408015093 -1.6784831348834985 -1.461631212474178 -1.3969253969165583 -1.3969253969165583 -1.2409319172479178 -0.6012187461404226 0.06472651235529714 0.3452349668267085 0.2434544677603987 0.010163770587790832 -0.21333361395987982 -0.3679280489678147 -0.36198210915981743 -0.47215687619035895 -0.37457351110616477 0.050036543417891544 0.5862204096331953 1.0080323748358415 0.8901628621714206 0.42043361733961815 0.058081050216947094 -0.13638615762108852 0.10110167353363497 0.041292514288483684 -0.20458958483047152 -0.5172760664981046 -0.5903761500199565 -0.625702027702765 -1.1489447308065448 -2.0786099078452125 -2.6392770556228586 -2.5903104924981735 -1.830629241735199 -1.0181340550306 -0.39800750917297867 -0.06888225274205828
-2.6938397973903654 -2.596256432306171 -2.427321789526007 -2.1674492437999984 -2.021948599086648 -1.812091899980854 -1.6158758863169367 -1.4829666435499338 -1.3560033405909284 -1.1919653541232327 -0.9936507734682574 -0.7554634199831811 -0.40395344898097596 -0.07272962555899776 0.12838304441738835 0.16930510074301797 0.081515048283761 -0.10595693625074842 -0.25460543145068604 -0.22522549357587485 -0.027960196416428218 0.3693684872238747 0.7250755922081957 0.7261248757037246 0.6645669106326917 0.3557278017819985 -0.16751490132178137 -0.6687226510194528 -0.5281186626185708 -0.28398536932549723 -0.3854161072266309 -0.6040168354618332 -0.579883315064667 -0.5494540936943264 -0.2633494605800939 -0.19969292851800313 -0.8677367540047809 -1.9859231990734867 -2.1657004379741167 -1.4214086784789008 -0.8327606374871486 -0.5375622140783314 -0.4546688179315428
-2.4615983837132864 -2.1782918399204645 -1.943951859252328 -1.7057645057672517 -1.583697859120715 -1.4889125833579313 -1.5270365503621504 -1.4861144940365205 -1.4158124998360797 -1.250725229872855 -0.9167033171294661 -0.5826814043860775 -0.3609328256642881 -0.47215687619035895 -0.35428736352593804 -0.1577215886968446 -0.13044021781309123 -0.24481211882574883 -0.3854161072266309 -0.2682461168925627 0.11858973179245114 0.557889755253913 0.7523569630919491 0.6733109397621 0.5005289241649962 0.28367700175567556 0.06192842303388657 -0.2182302702723482 -0.3004241440887845 -0.4340329091861399 -0.4606147577395405 -0.5368626917479791 -0.6187068043992388 -0.8229673248622116 -0.9167033171294661 -1.045415425914353 -1.2038572337392277 -1.4644293017955885 -2.00271173500195 -1.4829666435499338 -1.158738043431482 -0.94678277733463 -0.8589927248753728
-2.2517416846074925 -1.8600091796100102 -1.5396279523084981 -1.4049699037156136 -1.3276726862116461 -1.3413133716535228 -1.3843339949702105 -1.4675771522821754 -1.439946020233246 -1.4381972144073643 -1.1559399541100714 -0.6687226510194528 -0.3063700838967818 -0.30427151690572396 -0.364780198481228 -0.2780394295174995 -0.3549868858562908 -0.47215687619035895 -0.5123794101856363 -0.32385814215559794 0.17315247355995744 0.44561642123231326 0.6215462873160043 0.9184935165507024 0.7915302135916971 0.3938517687862175 0.0014197414583825285 -0.3500902295438224 -0.4791520994938856 -0.6687226510194528 -0.8229673248622116 -0.949930627821217 -1.0660513346597562 -1.260518542497792 -2.1079898457200237 -2.5805171798732367 -2.790723640144207 -2.5924090594892313 -2.3706604807674423 -1.67358647857103 -1.3276726862116461 -1.1842706084893535 -1.0415680530974136
-2.063220416577454 -1.6218218261249342 -1.3521559677739887 -1.2926965696940138 -1.2468778570559154 -1.2612180648281446 -1.3444612221401095 -1.4343498415904248 -1.4927599561748708 -1.430152707608309 -1.149994014302074 -0.683062858791682 -0.23606808969634097 0.10879641916751392 0.049337021087539235 -0.33260217128500624 -0.4340329091861399 -0.41969270141391046 -0.35428736352593804 -0.05734013429123941 0.3225004910902478 0.46135567366524777 0.41938433384408924 0.6547735980077549 0.539352413499568 0.1360777900512673 -0.316163396521719 -0.5886273441940748 -0.686210709278269 -0.7624586432867075 -0.9604234627765065 -1.1216633599227916 -1.2290400376319228 -1.0933327055435094 -1.8872905504937636 -3.048497618879157 -3.623504974429033 -3.320961566551513 -2.7018843041894205 -2.0093571971403 -1.6305658552543423 -1.461631212474178 -1.1958127269401722
-1.8774972378688264 -1.4868140163668733 -1.3325693425241147 -1.3073865386314194 -1.2682132881316712 -1.3815359056488 -1.462680495969707 -1.4409953037287748 -1.4868140163668733 -1.159787326927011 -0.866687470509252 -0.5221727228105735 -0.09441481779993 0.3403383105142401 0.5082236697988751 0.13432898422538564 -0.22417621008034594 -0.22032883726340646 -0.11470096538015673 0.1360777900512673 0.3637723085810536 0.4417690484153738 0.3343923707062424 0.0024690249539118803 -0.11679953237121454 -0.20179149550906095 -0.6148594315822993 -0.8453520394334961 -0.8901214685760657 -0.7194380199700197 -0.75651270347871 -0.8579434413798439 -0.9527287171426275 -0.8491994122504358 -1.2954946590154244 -2.4399131914723546 -3.661628941433252 -3.4870981200102666 -2.825699756661839 -2.3542217060041555 -1.9880217660645447 -1.7585784417088766 -1.4938092396703997
-1.6452558241917477 -1.4067187095414952 -1.300391315327893 -1.2937458531895427 -1.3696440260328049 -1.5144451484158028 -1.4850652105409916 -1.4644293017955885 -0.808277355924806 -0.40185488198991814 -0.10036075760792729 0.13887587937267787 0.42917764646902645 0.6369357785837622 0.8324522699173271 0.6624683436416339 0.3039631493359023 0.07067245216329487 0.13223041723432782 -0.02691091292089931 0.14377253568514625 0.24065637843898813 0.25219849688980656 -0.21648146444646654 -0.7897400141704607 -0.8757812608038362 -0.8355587268085591 -1.1010274511773885 -1.1206140764272627 -0.7809959850410526 -0.532665557765863 -0.7729514782419973 -0.9352406588838114 -1.6442065406962187 -2.0915510709567364 -2.4724409798337526 -3.611962855978214 -3.320961566551513 -2.843537576085832 -2.5329496614092566 -2.2594364302413714 -2.026145733068764 -1.8355258980476676
-1.5161939542416845 -1.3276726862116461 -1.2311386046229809 -1.3122831949438878 -1.4682766746125282 -1.4850652105409916 -1.3969253969165583 -0.7495174801751836 0.03744514147154421 0.6869516252039767 1.023771627268776 1.2122928952988143 1.2416728331736255 1.2024995826738771 0.6743602232576289 0.5785256639993164 0.7093363397752612 0.48478967173206167 0.30990908914390003 -0.10805550324180668 -0.015368794470080882 0.022755172534138612 0.17909841336795518 -0.012220943983493715 -0.6792154859747426 -1.0671006181552851 -1.038769963776003 -1.021281905517187 -1.1471959249806634 -0.7680548219295287 -0.19199818288412418 -0.8240166083577405 -2.3318369914328705 -3.061089020825505 -3.3269075063595106 -3.6714222540581893 -3.5563508307151785 -3.022265531490933 -2.7760336712068012 -2.5952071488106423 -2.359118362316624 -2.378704987566498 -2.197878465170339
-1.550470548428964 -1.4203593949833717 -1.3493578784525782 -1.4878632998624022 -1.540677235804027 -1.3640478473899837 -0.6911073655907376 0.059130333712476 0.5708309183654374 1.1206554700226175 1.4259969672215482 1.729939419759773 1.6750269168270902 1.2094948059774038 0.3382397435231823 -0.013270227479023067 0.30501243283143165 0.7268243980340774 0.5431997863165074 0.3273971474027162 0.349082339643648 0.18679315900183413 0.05423367740000762 0.04234179778401259 -0.16856418481731028 -0.5837306878816064 -0.6638259947069844 -0.4732061596858883 -0.3266562314770085 -0.052443477978771025 0.4358231086073765 -1.0415680530974136 -3.053394275191626 -3.964522110475948 -4.136254842577523 -3.849100925967761 -3.343346281122798 -2.74665373333199 -2.5035697235344454 -2.517210408976322 -2.67914982845296 -2.7749843877112723 -2.9040462576613355
-1.8376244650387257 -1.712409967905602 -1.6442065406962187 -1.6959711931423147 -1.4294531852779562 -0.6372441461535838 0.24240518426486934 0.721927741721609 0.8069197048594554 0.8030723320425159 0.9184935165507024 1.2406235496780966 1.2406235496780966 0.7964268699041659 0.04444036477507041 -0.2780394295174995 0.0433910812795415 0.5638356950619108 0.6984937436547951 0.6351869727578805 0.5900677824501348 0.3480330561481191 -0.04544825467524438 -0.5319660354355102 -0.5886273441940748 -0.3287547984680663 -0.06118750710817933 0.1360777900512673 0.4809422989151222 0.8684776699304884 0.40364508141115474 -2.016352420443827 -3.9477335745474846 -4.460483442695975 -4.2467793707732415 -3.8816287143291595 -3.2887835393552916 -2.716574273126826 -2.22341103022821 -2.4790864419721026 -2.986939653808124 -3.398958306385833 -3.6284016307415015
-2.1363205000993055 -2.052377820456988 -1.9275130844890407 -1.620772542629405 -0.766306016103647 0.3441856833311796 1.0793836525318112 1.2972848584366607 1.3196695730079457 1.3088269768874796 1.0363630292151238 1.1175076195360307 1.3294628856328825 0.9926428835680832 0.49947964066946726 0.3333430872107135 0.3529297124605879 0.40959102121915203 0.4624049571607771 0.431975735790437 0.5911170659456642 0.9377303806354003 0.35083114546952965 -0.18115558676365806 -0.5113301266901074 -0.33470073827606406 0.18679315900183413 0.5005289241649962 0.5473969202986235 0.38126036683986975 0.05318439390447871 -2.172345900112467 -4.047415506622737 -4.678384648600824 -4.4723753223119695 -3.916604830846792 -3.1646183257176963 -2.67914982845296 -2.317147022495465 -2.3738083312540295 -2.8834103489159326 -3.502487611278025 -3.944935485226074
-2.08455584765321 -2.111837218536963 -1.9145719213775167 -1.399023963907616 -0.44697407229766384 0.557889755253913 1.1066650234155646 1.3130241108695953 1.4046615361457921 1.3665375691415727 0.699543027150324 0.4721982697857139 0.6079056018741276 0.5404016969950969 0.3078105221528422 0.5246624445621624 0.6292410329498832 0.4536609280313688 0.26793774932274106 0.20253241143476863 0.49947964066946726 0.49843035717393835 0.3392890270187112 -0.1804560644333053 -0.5046846645517573 -0.44802335579319275 -0.12554356150062285 0.25219849688980656 -0.14233209742908626 -0.5298674684444524 -0.30322223341019505 -1.2682132881316712 -3.258354317984951 -4.233838207661718 -4.106175382372359 -3.6479882559913754 -3.161820236396286 -2.8414390090947736 -2.6735536498101387 -2.6256363701809824 -2.8638237236660586 -3.4391808403811104 -3.9869068250472326
-1.903029802926698 -1.9205178611855143 -1.7837612456015717 -1.3483085949570492 -0.6403919966401705 0.08711122692658213 0.7201789358957273 1.0923248156433352 1.1818636739284742 0.9856476602645565 0.5376036076736863 0.1665070114216074 -0.0650348799251188 -0.19094889938859527 -0.0867200721660506 0.11369307547998275 0.37531442703187246 0.3088598056483711 0.19973432211335806 0.05598248322588928 -0.012220943983493715 -0.28398536932549723 -0.5113301266901074 -0.3374988275974746 -0.625702027702765 -0.6949547384076771 -0.41759413442285265 -0.28468489165585 -0.3717754217847542 -0.598420656819012 -0.6382934296491127 -1.1059241074898571 -2.3552709894996844 -3.460516271456866 -3.755364933700507 -3.381470248127017 -3.1870030402889813 -2.8970510343578093 -2.9145390926166255 -2.869769663474056 -2.985890370312595 -3.402805679202773 -3.9760642289267665
-1.5941906940760044 -1.6784831348834985 -1.5913926047545939 -1.2857013463904874 -0.9712660588969726 -0.2927293984549051 0.573629007686848 0.9964902563850226 1.3420542875792303 1.1381435282814336 0.5960137222581325 0.16161035510913901 -0.23676761202669327 -0.7729514782419973 -0.7652567326081181 -0.8317113539916197 -0.5875780606985459 -0.3707261382892253 -0.40500273247650487 -0.3686275712981675 -0.42633816355226095 -0.5805828373950193 -0.7019499617112035 -0.6236034607117071 -0.6410915189705233 -0.6949547384076771 -0.44592478880213493 -0.24586140232127773 -0.20074221201353204 -0.28958154796831836 -0.5826814043860775 -0.6928561714166193 -1.7106611620797203 -3.179308294655102 -3.560198203532118 -3.6060169161702165 -3.343346281122798 -3.098163704334195 -2.987988937303653 -2.9047457799916883 -2.956510432437784 -3.299276374310581 -3.6277021084111487
