static/data/pressure/2023/7/15/0.asc
ncols 137
nrows 93
xllcorner 108.0
yllcorner 17.0
cellsize 0.25
NODATA_value -32767
[rows 57 to 75 of 93, columns 0 to 42 of 137]
100.83576973623975 100.82602373041064 100.782347185769 100.73027824721898 100.69454289251217 100.66259765118339 100.62081616323074 100.63859359978943 100.64409828826699 100.6243355542246 100.55683543977844 100.480581968245 100.48707930546443 100.51478322944166 100.48581593433843 100.45531454572506 100.4420491489021 100.41308185379886 100.40378705194331 100.43203242068881 100.43780783155053 100.45603647208277 100.4753480021516 100.49402784665742 100.46406790281233 100.37310518174051 100.28457896212596 100.25985298437429 100.26959899020342 100.30181495391636 100.30253688027408 100.29531761669693 100.33827223498086 100.36453230624267 100.38303166915905 100.4153378736667 100.45405117459907 100.43284458784125 100.45278780347307 100.45802176956649 100.46235332771276 100.49231327155785 100.50702252109625
100.80183919742726 100.79904173279112 100.81203640722995 100.77233045755574 100.71304225542858 100.65032490310226 100.59852668693635 100.61206280614348 100.56631072322342 100.4990813311614 100.45459261936735 100.52534140242322 100.57208613408513 100.54158474547175 100.44231987128623 100.412089205057 100.4235497859857 100.42327906360156 100.4313104943311 100.42084256214427 100.43031784558924 100.4645191067859 100.48780123182215 100.46181188294447 100.43185193909939 100.34883040796241 100.29008365060352 100.26156755947386 100.27059163894528 100.30479290014192 100.30253688027408 100.30984638464591 100.35731304266554 100.37003699472022 100.38258046518548 100.43555181168267 100.47958931950315 100.42932519684739 100.4005383833336 100.413352576183 100.43428844055667 100.44710263340608 100.41858654227642
100.74958977728778 100.71232032907086 100.72360042841012 100.69003085277647 100.62632085170831 100.57154468931684 100.55710616216258 100.562340128256 100.48157461698686 100.42129376611784 100.45883393671892 100.54284811659775 100.54555534043917 100.45910465910306 100.413352576183 100.50232999977112 100.53635077937834 100.48509400798072 100.43880048029239 100.41633052240856 100.40730644293716 100.42427171234341 100.39277767498817 100.36958579074665 100.40252368081731 100.33159441617201 100.27808162490653 100.26481622808356 100.27754018013826 100.33529428875529 100.3525302805457 100.34883040796241 100.35803496902325 100.37481975684008 100.39079237750448 100.43780783155053 100.4773332996353 100.44953913486336 100.42553508346941 100.42309858201213 100.43834927631882 100.36480302862681 100.33105297140372
100.69959637701616 100.64328612111457 100.6218088119726 100.58832947713367 100.5355386122259 100.48978652930586 100.51234672798438 100.51559539659408 100.45179515473122 100.4030651255856 100.43807855393467 100.48707930546443 100.49682531129355 100.42084256214427 100.43185193909939 100.51658804533594 100.50981998573239 100.45008057963165 100.4063137941953 100.46208260532862 100.45829249195063 100.36453230624267 100.32654093166802 100.30957566226176 100.37554168319778 100.33231634252972 100.31652420345476 100.30253688027408 100.29784435894894 100.34152090359058 100.37202229220394 100.36579567736867 100.36678832611052 100.36453230624267 100.3807756492912 100.413352576183 100.46127043817619 100.44484661353822 100.42156448850199 100.41984991340242 100.40008717936003 100.32852622915173 100.28385703576825
100.65880753780539 100.5923000721011 100.56703264958114 100.5348166858682 100.48229654334457 100.44809528214793 100.45729984320877 100.46027778943433 100.4753480021516 100.42652773221126 100.38230974280134 100.4166012447927 100.45757056559292 100.412089205057 100.42210593327027 100.44331252002809 100.43654446042453 100.40153103207545 100.38176829803305 100.45784128797706 100.4645191067859 100.37084916187266 100.32527756054202 100.30885373590405 100.36958579074665 100.36832241962065 100.35884713617567 100.33583573352358 100.33105297140372 100.32031431683275 100.35009377908841 100.35532774518182 100.34729631445227 100.34504029458441 100.34910113034655 100.3787903518075 100.45080250598936 100.41254040903057 100.38131709405948 100.3570423202814 100.337279586239 100.30578554888378 100.26680152556727
100.64184226839913 100.5775908225627 100.55385749355287 100.52335610493951 100.480581968245 100.44683191102193 100.40153103207545 100.39954573459174 100.43753710916639 100.44827576373736 100.40279440320145 100.3820390204172 100.41308185379886 100.37355638571408 100.3883558760472 100.40802836929487 100.43555181168267 100.41506715128257 100.39431176849831 100.37833914783391 100.3787903518075 100.34828896319412 100.31183168212962 100.32482635656847 100.36056171127524 100.37256373697223 100.37779770306564 100.35153763180384 100.31832901934904 100.29558833908108 100.32157768795875 100.3378210310073 100.33033104504601 100.33357971365572 100.33610645590772 100.36931506836251 100.44881720850564 100.38952900637848 100.32879695153586 100.30380025140006 100.29008365060352 100.27429151152855 100.26355285695757
100.64202274998857 100.60231680031436 100.5750640803107 100.54059209672991 100.49826916400897 100.4472831149955 100.37707577670793 100.37707577670793 100.46108995658676 100.481845339371 100.42905447446324 100.39106309988861 100.37653433193964 100.34756703683641 100.36877362359422 100.36904434597837 100.40234319922787 100.42905447446324 100.40532114545344 100.33006032266186 100.28656425960968 100.26860634146156 100.27808162490653 100.30109302755865 100.33330899127158 100.34883040796241 100.34801824080998 100.32229961431646 100.28981292821939 100.2835863133841 100.30380025140006 100.31029758861948 100.31905094570675 100.3270823764363 100.35009377908841 100.3883558760472 100.4351006077091 100.38357311392734 100.33033104504601 100.30253688027408 100.28304486861582 100.27059163894528 100.26878682305099
100.58778803236538 100.59130742335924 100.57154468931684 100.5348166858682 100.49032797407415 100.4407857777761 100.37382710809823 100.41028438916271 100.48653786069615 100.46632392268017 100.39530441724017 100.35009377908841 100.36254700875895 100.36326893511666 100.32978960027772 100.29206894808722 100.27934499603253 100.30677819762563 100.35632039392368 100.33457236239758 100.28827883470925 100.26752345192499 100.27582560503869 100.30731964239392 100.35180835418798 100.33935512451743 100.31002686623533 100.29459569033922 100.3040709737842 100.30984638464591 100.30804156875162 100.30858301351991 100.33430164001344 100.36182508240124 100.39178502624634 100.39783115949217 100.38952900637848 100.3437769234584 100.3193216680909 100.29405424557093 100.27808162490653 100.27005019417699 100.26959899020342
100.5342752410999 100.56053531236172 100.53635077937834 100.48283798811286 100.43076904956283 100.39828236346574 100.3698565131308 100.42255713724384 100.43735662757696 100.38934852478904 100.32879695153586 100.31156095974548 100.33231634252972 100.33105297140372 100.30560506729435 100.28827883470925 100.27853282888012 100.27257693642899 100.29080557696122 100.2797962000061 100.25254348000246 100.24306819655746 100.26102611470557 100.29631026543879 100.32229961431646 100.28033764477439 100.25705551973815 100.27104284291885 100.31101951497719 100.34828896319412 100.3590276177651 100.36110315604353 100.36678832611052 100.37084916187266 100.36760049326294 100.34828896319412 100.31129023736133 100.29179822570308 100.27726945775412 100.26752345192499 100.26355285695757 100.26382357934172 100.26454550569943
100.50278120374469 100.51902454679322 100.50702252109625 100.45910465910306 100.40856981406316 100.38979972876263 100.37481975684008 100.37328566332994 100.341069699617 100.30984638464591 100.30127350914807 100.30903421749348 100.30804156875162 100.2823229422581 100.28133029351625 100.31760709299132 100.33231634252972 100.30028086040622 100.26228948583157 100.22655413112479 100.2100400656921 100.2100400656921 100.22456883364107 100.24478277165703 100.26481622808356 100.2547994998703 100.23657085933806 100.25353612874432 100.29504689431279 100.341069699617 100.36805169723651 100.36832241962065 100.32906767392001 100.30885373590405 100.29603954305465 100.28602281484139 100.27230621404485 100.2765475313964 100.26680152556727 100.26526743205714 100.26481622808356 100.26003346596372 100.25732624212229
100.4657824779119 100.47480655738332 100.47877715235073 100.43834927631882 100.39855308584988 100.38032444531763 100.35153763180384 100.32428491180018 100.31959239047504 100.33078224901958 100.32906767392001 100.3193216680909 100.32410443021075 100.30804156875162 100.28909100186166 100.3040709737842 100.29360304159736 100.26201876344743 100.24153410304731 100.20832549059253 100.19334551866999 100.20182815337311 100.21554475416966 100.2158154765538 100.2317880972182 100.23954880556363 100.24433156768346 100.26932826781928 100.30677819762563 100.33159441617201 100.33078224901958 100.3537936516717 100.32284105908475 100.2957688206705 100.2810595711321 100.27032091656113 100.25858961324829 100.26030418834786 100.25507022225445 100.25353612874432 100.25335564715488 100.2490240890086 100.24730951390903
100.45260732188363 100.45784128797706 100.45477310095679 100.41957919101827 100.3807756492912 100.35153763180384 100.32753358040988 100.31959239047504 100.35758376504968 100.37030771710437 100.3698565131308 100.35532774518182 100.35604967153954 100.33403091762929 100.31101951497719 100.29378352318679 100.28160101590039 100.25010697854518 100.23106617086049 100.20354272847268 100.18684818145059 100.19379672264355 100.20083550463127 100.20255007973084 100.21879342277937 100.23630013695391 100.24027073192133 100.26959899020342 100.30560506729435 100.2848496845101 100.26653080318314 100.28656425960968 100.28827883470925 100.2650869504677 100.26084563311615 100.25128010887646 100.24658758755132 100.2446022900676 100.24252675178917 100.24108289907375 100.23954880556363 100.23810495284819 100.23278074596006
100.44006385141839 100.4460197438695 100.42878375207911 100.39079237750448 100.34783775922055 100.33330899127158 100.33484308478172 100.34756703683641 100.36904434597837 100.37509047922423 100.38979972876263 100.38880708002077 100.39530441724017 100.37229301458808 100.32735309882044 100.30055158279036 100.29784435894894 100.25380685112845 100.22826870622436 100.20760356423482 100.19560153853784 100.18910420131843 100.19009685006027 100.19605274251141 100.2170788476798 100.23205881960234 100.23205881960234 100.24929481139274 100.25958226199015 100.24785095867732 100.23584893298035 100.24306819655746 100.24054145430547 100.23810495284819 100.23909760159005 100.2368415817222 100.23702206331163 100.23359291311249 100.23232954198649 100.2305247260922 100.22384690728336 100.22357618489922 100.21355945668596
100.42427171234341 100.42733989936367 100.3883558760472 100.3537936516717 100.31760709299132 100.32383370782661 100.34630366571041 100.36254700875895 100.3583056914074 100.35659111630783 100.3763538503502 100.39205574863047 100.43482988532496 100.40658451657944 100.34910113034655 100.31282433087148 100.31228288610319 100.26030418834786 100.22556148238293 100.21780077403751 100.2055280259564 100.18802131178187 100.18729938542415 100.19478937138541 100.21103271443395 100.22032751628952 100.22231281377323 100.22231281377323 100.23260026437063 100.22781750225077 100.22808822463492 100.22429811125693 100.22077872026308 100.22204209138908 100.22583220476707 100.22456883364107 100.22754677986664 100.22285425854152 100.21780077403751 100.21283753032824 100.20381345085683 100.20255007973084 100.19307479628584
100.43076904956283 100.38510720743749 100.33827223498086 100.30930493987762 100.29333231921322 100.30578554888378 100.33276754650329 100.34910113034655 100.34855968557827 100.34630366571041 100.35460581882411 100.35559846756597 100.41055511154686 100.41831581989227 100.36353965750081 100.30127350914807 100.2957688206705 100.24785095867732 100.22357618489922 100.21734957006394 100.20679139708238 100.18802131178187 100.18603601429815 100.19054805403384 100.20128670860484 100.20634019310882 100.20832549059253 100.21753005165337 100.22556148238293 100.22231281377323 100.21229608555996 100.20904741695024 100.21058151046039 100.21184488158639 100.21455210542781 100.21283753032824 100.21554475416966 100.20931813933439 100.20327200608855 100.1953308161537 100.18585553270873 100.17980939946287 100.17502663734302
100.40252368081731 100.34585246173684 100.28954220583525 100.26382357934172 100.26779417430913 100.2765475313964 100.29685171020708 100.31183168212962 100.31905094570675 100.3283457475623 100.3200435944486 100.30759036477806 100.33457236239758 100.3437769234584 100.31228288610319 100.25552142622801 100.25552142622801 100.23828543443763 100.2183422188058 100.20859621297667 100.19605274251141 100.18206541933073 100.18080204820473 100.18206541933073 100.18928468290785 100.1953308161537 100.20354272847268 100.21608619893794 100.22032751628952 100.21410090145423 100.19632346489556 100.20435489562512 100.20579874834054 100.20282080211497 100.20435489562512 100.20354272847268 100.19885020714756 100.19181142515984 100.18359951284087 100.17556808211131 100.16753665138175 100.15751992316848 100.15706871919491
100.35803496902325 100.29603954305465 100.25109962728702 100.24054145430547 100.25380685112845 100.25777744609586 100.26860634146156 100.28259366464225 100.29333231921322 100.3001003788168 100.29432496795508 100.28584233325196 100.3008223051745 100.30605627126792 100.28205221987396 100.23756350807992 100.22583220476707 100.22077872026308 100.20904741695024 100.19830876237927 100.18883347893428 100.17908747310516 100.18080204820473 100.18305806807258 100.189555405292 100.1928040739017 100.19984285588941 100.20534754436697 100.20282080211497 100.19731611363741 100.19578202012727 100.2125668079441 100.21906414516351 100.21509355019609 100.2055280259564 100.19885020714756 100.18107277058887 100.17060483840204 100.16257340767248 100.15607607045305 100.14984945561778 100.13983272740451 100.13477924290054
100.26454550569943 100.23855615682177 100.23657085933806 100.23332219072834 100.23810495284819 100.2433389189416 100.25380685112845 100.26752345192499 100.27880355126425 100.28277414623167 100.27754018013826 100.2663503215937 100.25985298437429 100.25958226199015 100.25281420238659 100.2305247260922 100.21635692132209 100.21184488158639 100.2011062270154 100.19307479628584 100.1875701078083 100.18459216158273 100.18802131178187 100.18883347893428 100.19253335151755 100.19253335151755 100.19307479628584 100.1940674450277 100.19181142515984 100.18784083019244 100.1915407027757 100.19632346489556 100.19506009376956 100.1875701078083 100.17827530595274 100.17385350701174 100.15779064555262 100.14660078700808 100.13802791151025 100.13080864793311 100.1237698659454 100.11727252872599 100.106533874155
100.24306819655746 100.24135362145789 100.24433156768346 100.23828543443763 100.2420755478156 100.24234627019975 100.24631686516717 100.25877009483771 100.27384030755499 100.27104284291885 100.2560628709963 100.25209227602888 100.24577542039889 100.24054145430547 100.23503676582791 100.22682485350892 100.22104944264723 100.21482282781194 100.20634019310882 100.20056478224713 100.19560153853784 100.1915407027757 100.19126998039157 100.19208214754399 100.19433816741184 100.19181142515984 100.18585553270873 100.18260686409901 100.18278734568844 100.17710217562144 100.18405071681444 100.17980939946287 100.17304133985931 100.16510014992447 100.15905401667862 100.14777391733936 100.13432803892697 100.12034071574628 100.10978254276472 100.10157063044574 100.09326847733203 100.08559800978135 100.07729585666763
