static/data/pressure/2023/7/15/12.asc
ncols 137
nrows 93
xllcorner 108.0
yllcorner 17.0
cellsize 0.25
NODATA_value -32767
[rows 0 to 18 of 93, columns 86 to 128 of 137]
99.84528677345766 99.87109564074589 99.89591185929227 99.92262313452764 99.9395884039339 99.95529030221415 99.97451159148827 99.9926499912258 100.01250296606291 100.03641677666215 100.06015010567195 100.08135669242978 100.10229255680346 100.12286745799827 100.14145706170937 100.1589637758839 100.17448519257474 100.19000660926557 100.20787428661896 100.22763702066135 100.24433156768346 100.26084563311615 100.27645729060168 100.2892714834511 100.30434169616835 100.32049479842217 100.33628693749715 100.34612318412098 100.3577642466391 100.37509047922423 100.39449225008774 100.413352576183 100.43266410625182 100.45035130201579 100.46966283208461 100.48951580692172 100.50133735102926 100.51388082149451 100.52678525513865 100.53671174255719 100.54591630361803 100.56450590732913 100.59139766415394
99.88363911121115 99.91062110883067 99.94049081188105 99.96061450910229 99.97523351784598 99.98741602513238 100.00438129453863 100.02125632315017 100.0381313517617 100.05996962408253 100.07873970938307 100.09760003547832 100.11826517746785 100.13586213243711 100.15273716104865 100.16988291204433 100.18423119840386 100.20137694939955 100.22050799787894 100.23837567523233 100.25795792768528 100.27754018013826 100.29612978384937 100.31074879259305 100.32789454358873 100.34603294332626 100.3610129152488 100.36904434597837 100.37951227816521 100.39945549379702 100.42210593327027 100.44286131605452 100.46172164214975 100.48148437619216 100.50296168533411 100.52173177063464 100.53409475951048 100.54447245090262 100.55259412242688 100.55999386759343 100.56297181381899 100.5892318850808 100.63209626257
99.9286692677735 99.94771007545818 99.97324822036227 99.99274023202051 100.00762996314835 100.01909054407705 100.03425099758901 100.04923096951156 100.06466214540767 100.08009332130378 100.09561473799461 100.11248976660615 100.13234274144325 100.14975921482308 100.16825857773946 100.18937492370256 100.20724260105595 100.22673461271421 100.24812168106146 100.269418508614 100.29161774411365 100.31201216371905 100.3289774331253 100.34666462888927 100.36362989829551 100.38050492690707 100.39909453061817 100.41362329856713 100.42878375207911 100.44872696771093 100.4658727187066 100.48283798811286 100.49926181275083 100.5194757507668 100.5399604111669 100.55800857010972 100.57154468931684 100.58002732401997 100.58390767819267 100.58562225329224 100.59672187104208 100.62153808958846 100.65321260853311
99.962599806586 99.97685785215083 100.00961526063206 100.03533388712559 100.05329180527369 100.06583527573895 100.08036404368792 100.09525377481575 100.10924109799643 100.11772373269957 100.12900383203883 100.13811815230495 100.15300788343279 100.17195845032275 100.19334551866999 100.21653740291151 100.23810495284819 100.26391382013642 100.28873003868281 100.31264384928204 100.33439188080816 100.35424485564526 100.37102964346208 100.39133382227276 100.40748692452658 100.4210230437337 100.43925168426595 100.45459261936735 100.47173837036303 100.49240351235257 100.51072239367953 100.52633405116508 100.54113354149818 100.55060882494317 100.56513759289213 100.58165165832482 100.59599994468435 100.6096263046862 100.61666508667389 100.62550868455588 100.65303212694369 100.67911171661606 100.70410841675186
99.99986925480293 100.01701500579861 100.06258660712923 100.09029053110646 100.116640843163 100.13685478117897 100.15201523469094 100.16248316687776 100.17096580158089 100.17340230303816 100.17376326621702 100.1806215666153 100.18702866304001 100.20173791257841 100.22258353615737 100.24676806914074 100.27375006676027 100.3001003788168 100.32915791471473 100.35424485564526 100.37815866624449 100.40098958730717 100.41858654227642 100.43663470121925 100.45188539552592 100.4664141634749 100.48383063685472 100.49926181275083 100.51649780454123 100.53779463209376 100.54961617620131 100.56414494415027 100.57289830123756 100.57921515686753 100.59401464720067 100.60854341514963 100.61973327369418 100.63597661674271 100.64012769329956 100.64202274998857 100.66440246707765 100.7017621560893 100.7304587288084
100.04074833480843 100.05708191865168 100.10752652289686 100.15724920078434 100.18747986701358 100.21635692132209 100.22465907443578 100.23512700662263 100.22375666648864 100.22014703470009 100.22122992423665 100.2273662982772 100.23241978278121 100.2464973467566 100.26409430172585 100.2873764267621 100.31408770199747 100.34188186676941 100.37066868028323 100.3980116410816 100.42237665565442 100.44520757671708 100.46424838440176 100.48328919208643 100.49853988639312 100.51234672798438 100.52624381037036 100.54158474547175 100.55647447659959 100.57461287633713 100.58372719660325 100.5910367009751 100.59960957647293 100.60475330177164 100.61233352852763 100.62595988852945 100.63164505859643 100.65240044138068 100.65664175873225 100.66214644720982 100.70889117887172 100.74552894152565 100.76565263874689
100.08812475203332 100.09976581455146 100.14687150939223 100.19677466886912 100.23648061854334 100.26210900424215 100.26977947179284 100.26833561907742 100.25750672371171 100.25687503814873 100.2663503215937 100.27275741801841 100.28304486861582 100.30163447232692 100.31923142729619 100.34125018120643 100.36660784452108 100.39449225008774 100.41984991340242 100.4472831149955 100.47137740718418 100.49222303076314 100.51225648718966 100.53048512772192 100.54266763500833 100.55602327262602 100.56820577991242 100.57939563845696 100.5942853695848 100.60195583713549 100.60872389673906 100.6161236419056 100.62271121991975 100.62722325965545 100.635254690385 100.64536165939299 100.64960297674455 100.66891450681337 100.6773971415165 100.68389447873591 100.75527494735478 100.8078853306731 100.82800902789435
100.13288418621154 100.14208874727237 100.1768314532373 100.21428138304367 100.2471290323196 100.26436502410999 100.26959899020342 100.27239645483957 100.27347934437613 100.28178149748982 100.29901748928022 100.31499010994462 100.33177489776143 100.35496678200298 100.37770746227092 100.40135055048603 100.42625700982713 100.45026106122107 100.47453583499917 100.49953253513497 100.52028791791922 100.53977992957748 100.55836953328858 100.57208613408513 100.58634417964996 100.59446585117423 100.60412161620863 100.61052871263334 100.61937231051532 100.62415507263518 100.63137433621229 100.637781432637 100.64391780667756 100.64852008720797 100.66873402522394 100.6819091812522 100.6813677364839 100.68687242496148 100.68723338814033 100.707537566951 100.79687595371799 100.85823969412358 100.86085667717029
100.16473918674562 100.17863626913159 100.19641370569028 100.22511027840935 100.23909760159005 100.2503777009293 100.25976274357957 100.2676136927197 100.28060836715854 100.30497338173136 100.32852622915173 100.34910113034655 100.37725625829735 100.40423825591688 100.42824230731082 100.45585599049335 100.48013076427144 100.5022397589764 100.52552188401265 100.54645774838632 100.56098651633529 100.57813226733097 100.59202934971695 100.60547522812935 100.61910158813117 100.62713301886073 100.62920855713917 100.63227674415943 100.64066913806785 100.64770792005555 100.65303212694369 100.66034163131553 100.66566583820365 100.67171197144951 100.69779156112187 100.71241056986558 100.71087647635544 100.69896469145316 100.70221336006287 100.76096011742177 100.83649166259747 100.89641155028765 100.90561611134848
100.1909090172127 100.20733284185067 100.21473258701724 100.22646389033007 100.24108289907375 100.25615311179102 100.26671128477257 100.27835234729068 100.3027173618635 100.32997008186716 100.3590276177651 100.38961924717319 100.417774375124 100.44385396479636 100.46821897936918 100.49853988639312 100.52064888109808 100.54221643103476 100.56288157302428 100.57488359872127 100.58814899554423 100.60024126203592 100.6108896758122 100.62650133329774 100.63733022866343 100.64427876985643 100.64824936482383 100.66115379846796 100.66873402522394 100.6742387137015 100.67703617833764 100.68714314734562 100.68678218416676 100.69183566867076 100.70311576801001 100.72323946523126 100.72287850205241 100.73966328986923 100.75726024483849 100.84822296591032 100.92095704644989 100.97871115506692 100.9785306734775
100.23061496688692 100.23458556185435 100.23476604344377 100.23900736079534 100.25100938649231 100.26779417430913 100.28259366464225 100.30154423153222 100.32825550676759 100.35911785855981 100.39052165512034 100.42779110333726 100.45829249195063 100.48374039606 100.50747372506983 100.5310265724902 100.55096978812202 100.5674838535547 100.58327599262967 100.59139766415394 100.60421185700335 100.61666508667389 100.62487699899289 100.64012769329956 100.64915177277098 100.65961970495782 100.67775810469536 100.68849675926633 100.69309903979675 100.6971598755589 100.711959365892 100.70735708536158 100.70203287847345 100.70212311926817 100.70816925251401 100.72540524430441 100.74616062708866 100.78063261066944 100.85183259769887 100.94297580036013 100.98990101361147 100.9970300363939 100.98584017784933
100.27663777219111 100.26851610066684 100.27041115735585 100.26571863603071 100.2726671772237 100.2873764267621 100.30560506729435 100.3244653933896 100.35000353829369 100.38023420452292 100.413984261746 100.4517049139365 100.48437208162301 100.51297841354737 100.53959944798805 100.55475990150002 100.57100324454855 100.5853515309081 100.59726331581035 100.6115213613752 100.62659157409246 100.63949600773657 100.64734695687669 100.66440246707765 100.67396799131735 100.68587977621962 100.70934238284529 100.71087647635544 100.73352691582866 100.7579821711962 100.77115732722446 100.71999079662156 100.71538851609112 100.73352691582866 100.75446278020235 100.7771132196756 100.81672892855508 100.88188278233868 100.9957666652679 101.10288248859355 101.13184978369678 101.10874814024996 101.06579352196604
100.31336577563975 100.2931518376238 100.29649074702822 100.2957688206705 100.3033490474265 100.31941190888561 100.33998681008043 100.36137387842767 100.38862659843133 100.41939870942885 100.45053178360521 100.48274774731814 100.51415154387865 100.54149450467705 100.56613024163399 100.58047852799353 100.59708283422093 100.61260425091177 100.62541844376116 100.64265443555156 100.65483694283796 100.66521463423008 100.6786605126425 100.69237711343904 100.70320600880473 100.71746405436956 100.74570942311509 100.7382194371538 100.7592455423222 100.77097684563503 100.75112387079793 100.76050891344819 100.85851041650773 100.93259810896801 100.9715821322845 100.9734771889735 101.01634156646271 101.08961709177056 101.1909575042345 101.31603124570827 101.28210070689578 101.20187664039493 101.07572000938458
100.34224282994828 100.30849277272519 100.31129023736133 100.31959239047504 100.33565525193416 100.35289124372454 100.37734649909206 100.40477970068517 100.43302506943067 100.46415814360704 100.493215679505 100.5238975497078 100.5489844906383 100.57452263554241 100.5962706670685 100.61639436428975 100.63263770733829 100.64833960561855 100.66196596562038 100.67721665992707 100.68651146178262 100.69661843079061 100.7152080345017 100.72152489013169 100.73677558443838 100.75698952245435 100.77612057093374 100.76339661887906 100.78785187424657 100.8034635317321 100.80698292272596 100.9159035619459 101.05884498077305 101.20539603138879 101.14312988303604 101.13175954290206 101.16902899111899 101.24374836914227 101.19014533708209 101.23066345390872 101.19754508224865 101.08997805494941 100.98322319480263
100.3494620935254 100.31778757458075 100.32762382120458 100.34837920398884 100.36552495498452 100.39178502624634 100.4197596726077 100.44764407817436 100.47823570758244 100.50936878175882 100.53788487288848 100.56486687050798 100.58950260746495 100.60953606389148 100.63110361382815 100.64915177277098 100.66124403926267 100.6761337703905 100.69165518708132 100.70771804854044 100.71827622152199 100.73208306311324 100.74850688775122 100.75689928165963 100.77991068431173 100.80120751186425 100.79651499053912 100.81546555742909 100.86040547319672 101.00190303930846 101.04648199189722 101.16199020913129 101.318648228755 101.4485949731433 101.19934989814293 101.19312328330766 101.21649564913861 101.15450022317002 101.05315981070608 101.06534231799247 101.05261836593779 100.96138492248181 100.92276186234416
100.34224282994828 100.34341596027956 100.36002026650695 100.38438528107977 100.41028438916271 100.43663470121925 100.46659464506432 100.49384736506799 100.52461947606551 100.55349653037402 100.58101997276182 100.6058361913082 100.6243355542246 100.64436901065113 100.66458294866709 100.67965316138435 100.69183566867076 100.70528154708316 100.72170537172113 100.73740727000138 100.75013122205607 100.76402830444205 100.78072285146416 100.80102703027482 100.82403843292693 100.84253779584333 100.83874768246532 100.89198975134666 101.10252152541469 101.2459141482154 101.30953390848886 101.36873186982132 101.52421675911374 101.5169072547419 101.27858131590192 101.27433999855035 101.22335394953687 101.16027563403172 101.0009103905666 100.9299811259213 100.91734741466134 100.92113752803931 100.91021839187891
100.38483648505334 100.38600961538462 100.41163800108343 100.43528108929853 100.46108995658676 100.485003767186 100.51415154387865 100.54086281911404 100.56721313117056 100.59609018547907 100.61973327369418 100.64066913806785 100.65925874177896 100.6754118440328 100.69436241092275 100.70798877092459 100.715117793707 100.72865391291411 100.74300219927366 100.76050891344819 100.77341334709232 100.7969661945127 100.81699965093922 100.84037201677019 100.85887137968658 100.87737074260298 100.91048911426306 101.0412480258038 101.25241148543483 101.36638560915875 101.40735492995897 101.44336100704989 101.50716124891277 101.49976150374621 101.39183351326814 101.38208750743901 101.33083073604139 101.25250172622954 101.09449009468513 100.98087693414006 100.88946300909465 100.89325312247266 100.91662548830362
100.44114674095495 100.4453880583065 100.47011403605818 100.48924508453757 100.5092785409641 100.53274114758977 100.55864025567273 100.58291502945082 100.60863365594435 100.633359633696 100.65537838760625 100.6754118440328 100.6908430199289 100.70690588138801 100.71990055582684 100.72874415370883 100.73488052774938 100.74886785093007 100.76050891344819 100.78288863053729 100.82584324882122 100.85111067134116 100.86979051584699 100.88161205995453 100.8992090149238 100.93972713175042 100.99811292593046 101.14935649787131 101.22200033761618 101.32162617498055 101.31260209550913 101.38452400889629 101.44760232440144 101.52809711328644 101.47702082347826 101.4599653132773 101.38298991538615 101.307909574184 101.1909575042345 101.02329010765568 100.9242057150596 100.90724044565334 100.93521509201472
100.5035031301024 100.5053981867914 100.51848310202494 100.53265090679506 100.55358677116872 100.57587624746313 100.59870716852578 100.61964303289946 100.64491045541942 100.66990715555522 100.68966988959761 100.70636443661972 100.72197609410527 100.75401157622878 100.76141132139534 100.76908178894602 100.8040049765004 100.82223361703265 100.84136466551205 100.88233398631225 100.93422244327287 100.94884145201655 100.95299252857339 100.95597047479896 100.98150861970306 101.02410227480811 101.085375774419 101.15937322608457 101.18797955800896 101.17697018105382 101.16704369363528 101.26351110318465 101.388404363069 101.48451080943953 101.53829432308913 101.45761905261473 101.36521247882747 101.26513543748952 101.16478767376742 101.01237097149529 100.95416565890467 100.94360748592312 100.98665234500176
