static/data/pressure/2023/7/15/18.asc
ncols 137
nrows 93
xllcorner 108.0
yllcorner 17.0
cellsize 0.25
NODATA_value -32767
[rows 57 to 75 of 93, columns 43 to 85 of 137]
100.33610645590772 100.27275741801841 100.20724260105595 100.13640357720539 100.07684465269406 100.05058458143226 100.04426772580227 100.04047761242428 100.04435796659699 100.05491613957854 100.0726033353425 100.106533874155 100.15553462568477 100.21148391840752 100.2559726302016 100.29152750331895 100.31977287206446 100.34603294332626 100.36227628637481 100.37824890703921 100.40026766094945 100.42589604664826 100.4499000980422 100.47363342705204 100.48834267659043 100.50548842758612 100.5238975497078 100.54023113355105 100.55223315924802 100.56766433514413 100.58047852799353 100.60303872667207 100.62460627660874 100.6460835857507 100.66936571078693 100.68903820403462 100.713222737018 100.73533173172295 100.75698952245435 100.77891803556987 100.80012462232769 100.82060928272779 100.84316948140632
100.24559493880946 100.18071180741002 100.12674781217098 100.06899370355394 100.04859928394856 100.03262666328416 100.01927102566647 100.02188800871316 100.02838534593259 100.03840207414585 100.05184795255826 100.08009332130378 100.12701853455512 100.18847251575544 100.24848264424031 100.28873003868281 100.31535107312347 100.336016215113 100.3551472635924 100.37139060664094 100.39286791578289 100.41813533830285 100.44250035287567 100.46027778943433 100.47679185486703 100.49159134520013 100.51027118970596 100.5271462183175 100.53824583606733 100.55412821593701 100.56766433514413 100.5892318850808 100.61125063899105 100.63290842972243 100.65537838760625 100.67748738231121 100.70076950734745 100.7235101876154 100.74408508881022 100.76538191636277 100.78785187424657 100.80779508987838 100.83062601094106
100.15977594303634 100.1192578262097 100.06953514832223 100.05329180527369 100.03966544527185 100.01737596897748 100.01250296606291 100.02089535997132 100.02297089824974 100.02847558672731 100.0521186749424 100.09841220263074 100.14001320899395 100.18396047601972 100.24297795576275 100.28602281484139 100.31462914676575 100.33123345299316 100.3494620935254 100.36841266041537 100.38727298651062 100.4109160747257 100.43410795896725 100.44674167022721 100.46271429089161 100.47625041009874 100.49438880983627 100.51162480162667 100.5239877905025 100.54041161514047 100.55638423580487 100.57596648825783 100.59735355660507 100.61946255131004 100.64229347237271 100.66638776456136 100.68822603688218 100.71159840271315 100.7325342670868 100.75365061304991 100.77612057093374 100.79525161941314 100.81799229968108
100.10445833587659 100.07350574328964 100.0585257713671 100.04237266911328 100.03190473692645 100.0105176685792 100.01836861771933 100.01250296606291 100.01602235705676 100.06285732951338 100.10599242938672 100.18802131178187 100.19226262913341 100.2234859441045 100.24758023629317 100.29035437298766 100.31165120054018 100.33141393458259 100.34576222094212 100.36850290121009 100.3870925049212 100.40324560717502 100.42553508346941 100.43473964453024 100.4453880583065 100.45964610387135 100.47679185486703 100.49384736506799 100.5105419120901 100.52588284719151 100.5437505245449 100.55999386759343 100.58147117673539 100.60511426495049 100.62758422283432 100.65402477568554 100.67496064005921 100.69833300589016 100.7196298334427 100.7407461794058 100.76258445172662 100.782347185769 100.80499762524225
100.06926442593809 100.06249636633453 100.04733591282256 100.03713870301985 100.02748293798545 100.01024694619505 100.02477571414403 100.01286392924176 100.07747633825707 100.12449179230312 100.2848496845101 100.36886386438894 100.30515386332078 100.23341243152306 100.25750672371171 100.2899031690141 100.30614651206264 100.33186513855615 100.34188186676941 100.36471278783209 100.38438528107977 100.4005383833336 100.41434522492486 100.42409123075399 100.43040808638396 100.4441246871805 100.46127043817619 100.48022100506616 100.49826916400897 100.51162480162667 100.53111681328491 100.54672847077045 100.56721313117056 100.59085621938566 100.6128749732959 100.63985697091543 100.66097331687853 100.68425544191476 100.70564251026201 100.72684909701984 100.74850688775122 100.76998419689318 100.79254439557171
100.06114275441381 100.0546454171944 100.04011664924542 100.0297389578533 100.02703173401189 100.00898357506905 100.02197824950788 100.0239635469916 100.09850244342546 100.40496018227459 100.60610691369234 100.60809221117606 100.37003699472022 100.27961571841668 100.2720354916607 100.30578554888378 100.30371001060536 100.32951887789359 100.33998681008043 100.35875689538096 100.3788805926022 100.39440200929303 100.40486994147987 100.41461594730899 100.41578907764028 100.42986664161567 100.44502709512764 100.46370693963347 100.48536473036486 100.49790820083012 100.51776117566723 100.5330118699739 100.55349653037402 100.57596648825783 100.5981657237575 100.62415507263518 100.645993344956 100.66927546999223 100.69201615026019 100.71340321860744 100.7349707685441 100.75726024483849 100.77991068431173
100.06159395838739 100.04426772580227 100.03262666328416 100.02703173401189 100.02134656394489 100.00835188950606 100.02991943944274 100.04363604023928 100.16726592899761 100.49610338493584 100.84596694604247 100.74588990470451 100.40586259022173 100.28836907550395 100.2809693303374 100.31165120054018 100.30686843842035 100.32464587497903 100.33890392054386 100.35559846756597 100.37509047922423 100.39241671180932 100.39710923313446 100.40496018227459 100.40486994147987 100.4178646159187 100.43266410625182 100.44999033883693 100.47173837036303 100.48473304480186 100.50404457487069 100.51965623235623 100.53923848480919 100.56134747951415 100.58273454786139 100.6070995624342 100.62984024270216 100.65420525727497 100.67712641913236 100.69896469145316 100.72035175980041 100.74273147688952 100.76565263874689
100.05220891573713 100.03623629507273 100.02865606831674 100.0233318614286 100.01521018990434 100.01891006248762 100.02576836288588 100.02928775387973 100.13766694833139 100.4395224066501 100.78577633596814 100.56315229540841 100.33854295736501 100.26472598728886 100.2841277581524 100.30903421749348 100.30885373590405 100.32202889193232 100.33439188080816 100.34576222094212 100.36110315604353 100.37409783048237 100.3814073348542 100.39178502624634 100.39647754757145 100.40766740611602 100.42210593327027 100.43979312903424 100.45838273274535 100.47246029672074 100.49123038202129 100.50909805937468 100.5284998302382 100.54871376825416 100.56901794706485 100.59184886812751 100.61513099316375 100.63886432217357 100.66178548403096 100.68398471953063 100.70591323264615 100.72883439450355 100.75013122205607
100.04589206010714 100.03524364633087 100.02576836288588 100.01728572818276 100.01160055811576 100.01674428341447 100.00311792341263 100.0572624002411 100.23124665244991 100.5412237822929 100.79308584033998 100.40911125883144 100.25696527894345 100.2841277581524 100.30686843842035 100.30389049219478 100.31183168212962 100.31724612981247 100.32383370782661 100.33421139921872 100.34287451551127 100.35271076213512 100.36687856690523 100.37725625829735 100.38808515366306 100.39783115949217 100.41272089062 100.42923495605268 100.44376372400164 100.46163140135505 100.4792283563243 100.49899109036669 100.51965623235623 100.5399604111669 100.55990362679873 100.58065900958296 100.60150463316192 100.62253073833031 100.64536165939299 100.66783161727679 100.68885772244519 100.71259105145501 100.73488052774938
100.0381313517617 100.02703173401189 100.01809789533519 100.00961526063206 100.00284720102849 100.01087863175805 99.99761323493509 100.12701853455512 100.48960604771642 100.81122424007752 100.7560871145072 100.3526205213404 100.24658758755132 100.29522737590221 100.30840253193048 100.29685171020708 100.31751685219662 100.30497338173136 100.3161632402759 100.32365322623717 100.32915791471473 100.33827223498086 100.3519888357774 100.36083243365938 100.3775269806815 100.38799491286834 100.40297488479088 100.41948895022357 100.43347627340424 100.45477310095679 100.46984331367403 100.49041821486885 100.51072239367953 100.53111681328491 100.55250388163216 100.57154468931684 100.59302199845881 100.61034823104391 100.63137433621229 100.65339309012253 100.67514112164865 100.69887445065845 100.7208932045687
100.02297089824974 100.01078839096334 100.00835188950606 100.00266671943908 99.99283047281523 100.01764669136162 99.99337191758352 100.116640843163 100.49538145857812 100.71439586734928 100.5053981867914 100.3117414413349 100.27699873536997 100.2957688206705 100.29612978384937 100.29071533616653 100.30813180954634 100.29522737590221 100.31327553484505 100.31273409007676 100.31914118650147 100.32825550676759 100.33691862306014 100.34639390650513 100.36299821273252 100.3756319239925 100.3916045446569 100.40820885088431 100.42499363870112 100.4466514294325 100.46154116056033 100.4811234130133 100.50070566546626 100.52146104825052 100.54474317328676 100.561708442693 100.58309551104024 100.60024126203592 100.61964303289946 100.64139106442556 100.66187572482568 100.68434568270948 100.70573275105673
100.00041069957122 99.9926499912258 99.99246950963638 99.99535721506723 99.98633313559581 100.01972222964002 99.99851564288223 100.10184135282988 100.43798831313995 100.64725671608197 100.4006286241283 100.2720354916607 100.28304486861582 100.26797465589857 100.2726671772237 100.2797059592114 100.29170798490837 100.29279087444493 100.30858301351991 100.30885373590405 100.31715588901776 100.32726285802573 100.32654093166802 100.337911271802 100.35090594624083 100.3679614564418 100.38312190995377 100.3986433266446 100.4166012447927 100.43663470121925 100.45441213777792 100.47336270466789 100.49150110440543 100.51225648718966 100.53463620427877 100.55196243686387 100.5719958932904 100.58751730998124 100.6070995624342 100.62821590839731 100.64815912402912 100.67171197144951 100.69183566867076
99.97911387201869 99.97739929691912 99.98696482115881 99.99183782407337 99.99463528870952 100.01990271122946 100.01421754116248 100.07233261295836 100.31526083232876 100.52687549593335 100.32636045007858 100.25434829589673 100.2945054495445 100.261838281858 100.26391382013642 100.26878682305099 100.27988644080082 100.28900076106696 100.3001003788168 100.30289784345293 100.30939518067234 100.31823877855433 100.32049479842217 100.33240658332444 100.34025753246458 100.3577642466391 100.3712101250515 100.38826563525248 100.40685523896359 100.4261667690324 100.4453880583065 100.4651507923489 100.48346967367587 100.50341288930768 100.5239877905025 100.54221643103476 100.562340128256 100.57497383951598 100.59509753673723 100.61558219713733 100.63597661674271 100.65799537065297 100.67721665992707
99.95646343254543 99.963231492149 99.98416735652268 99.99571817824608 100.00997622381091 100.03172425533701 100.0393947228877 100.08126645163506 100.31201216371905 100.3915143038622 100.2752841602704 100.24875336662446 100.27934499603253 100.2464973467566 100.25236299841302 100.26409430172585 100.26589911762014 100.28078884874796 100.28584233325196 100.29224942967666 100.30091254596921 100.31011710703005 100.31634372186532 100.32636045007858 100.33312850968215 100.35099618703555 100.36335917591137 100.38050492690707 100.39765067790275 100.41624028161385 100.43753710916639 100.45675839844048 100.47616016930402 100.49610338493584 100.51487347023637 100.53283138838448 100.5521429184533 100.56604000083928 100.58526129011338 100.60466306097692 100.62514772137703 100.64554214098241 100.66413174469352
99.93110576923078 99.95213187439916 99.97324822036227 100.00266671943908 100.0233318614286 100.05049434063756 100.07558128156806 100.10734604130744 100.18215566012545 100.25561166702273 100.24812168106146 100.23972928715305 100.25488974066502 100.24875336662446 100.25398733271788 100.25822865006943 100.25795792768528 100.26851610066684 100.269418508614 100.27898403285369 100.28566185166252 100.2957688206705 100.3078610871622 100.31688516663361 100.3296091186883 100.34702559206812 100.3596593033281 100.3756319239925 100.39286791578289 100.40965270359972 100.43158121671524 100.44899769009507 100.47128716638946 100.49059869645828 100.50900781857996 100.52723645911222 100.54465293249204 100.5616182018983 100.57813226733097 100.59446585117423 100.61504075236904 100.63489372720615 100.65312236773839
99.90358232684297 99.92686445187921 99.95447813506172 99.98525024605925 100.02134656394489 100.05365276845254 100.08812475203332 100.11988951177271 100.17249989509102 100.2055280259564 100.21238632635466 100.21762029244809 100.22511027840935 100.23025400370805 100.24451204927288 100.24974601536631 100.25200203523417 100.25714576053286 100.25696527894345 100.26833561907742 100.27365982596555 100.28087908954268 100.29297135603437 100.30885373590405 100.32825550676759 100.34513053537913 100.36209580478538 100.37608312796607 100.3902509327362 100.40820885088431 100.42670821380068 100.44304179764394 100.4664141634749 100.48346967367587 100.5022397589764 100.5226341785818 100.53887752163033 100.56071579395115 100.57262757885341 100.5879685139548 100.60376065302978 100.62334290548274 100.64310563952513
99.87109564074589 99.89789715677598 99.9261425255215 99.95908041559215 99.99734251255094 100.03587533189386 100.07540079997864 100.10888013481758 100.13811815230495 100.16158075893063 100.17610952687959 100.18296782727786 100.19208214754399 100.21103271443395 100.23061496688692 100.24514373483589 100.2490240890086 100.24785095867732 100.25353612874432 100.26066515152671 100.26102611470557 100.26725272954086 100.28151077510567 100.30037110120092 100.32166792875347 100.34413788663727 100.36471278783209 100.37788794386034 100.39061189591504 100.40748692452658 100.4229181004227 100.44024433300781 100.46027778943433 100.47823570758244 100.49799844162483 100.51920502838266 100.54149450467705 100.56585951924984 100.57596648825783 100.58950260746495 100.60186559634079 100.61639436428975 100.63570589435857
99.83960160339066 99.8692908248516 99.90087510300155 99.93552756817176 99.9741506283094 100.01548091228848 100.0541039724261 100.08451512024477 100.11077519150658 100.1339670757481 100.15147378992265 100.15923449826805 100.16952194886547 100.1896456460867 100.21058151046039 100.22890039178735 100.24225602940504 100.24983625616103 100.25200203523417 100.24974601536631 100.25263372079716 100.262469967421 100.27772066172768 100.29459569033922 100.30975614385119 100.33421139921872 100.35740328346026 100.37689529511849 100.39313863816703 100.40658451657944 100.41840606068699 100.43916144347124 100.45603647208277 100.47751378122473 100.49808868241955 100.52001719553508 100.54699919315459 100.57163493011156 100.58273454786139 100.59509753673723 100.60637763607649 100.62027471846245 100.63678878389514
99.81514634802315 99.84636966299423 99.88129285054859 99.91865253956023 99.95799752605558 99.99860588367693 100.0347924423573 100.06439142302352 100.08911740077518 100.10788748607573 100.12196505005112 100.1326134638274 100.14434476714023 100.16140027734119 100.18396047601972 100.2075133234401 100.2286296694032 100.23837567523233 100.23566845139091 100.23765374887462 100.24261699258389 100.25497998145974 100.27239645483957 100.2912567809348 100.30226615788993 100.32121672477989 100.34070873643815 100.36651760372638 100.38916804319962 100.40216271763845 100.41272089062 100.43374699578838 100.45260732188363 100.47516752056217 100.49547169937284 100.51785141646194 100.54672847077045 100.56820577991242 100.58490032693453 100.59699259342621 100.61061895342806 100.62577940694003 100.6416617868097
