static/data/pressure/2023/7/15/6.asc
ncols 137
nrows 93
xllcorner 108.0
yllcorner 17.0
cellsize 0.25
NODATA_value -32767
[rows 19 to 37 of 93, columns 43 to 85 of 137]
99.96431438168557 99.96503630804328 99.9510489848626 99.94509309241147 99.94752959386875 99.95709511810844 99.96133643546001 99.96602895678514 99.97108244128913 99.9773090561244 99.98660385797994 99.99535721506723 100.0048324985122 100.01557115308319 100.0265805300383 100.03885327811942 100.05184795255826 100.06610599812309 100.07982259891963 100.09453184845803 100.10978254276472 100.12530395945555 100.13784742992081 100.15057138197551 100.16482942754033 100.18531408794044 100.21202536317581 100.23882687920592 100.26156755947386 100.2823229422581 100.29901748928022 100.32284105908475 100.34828896319412 100.36705904849465 100.40902101803673 100.4300471232051 100.41154776028871 100.32554828292616 100.3200435944486 100.35054498306198 100.3870925049212 100.39304839737231 100.37581240558193
99.96404365930142 99.95908041559215 99.95628295095601 99.95853897082387 99.96458510406971 99.96954834777898 99.97306773877284 99.98055772473411 99.98931108182137 99.99806443890866 100.00781044473777 100.01827837692461 100.02928775387973 100.04083857560313 100.0541039724261 100.06782057322266 100.08180789640335 100.09633666435232 100.11077519150658 100.1262966081974 100.14127658011994 100.15481269932707 100.16708544740818 100.1850433655563 100.20805476820838 100.23855615682177 100.26256020821572 100.28160101590039 100.29603954305465 100.30957566226176 100.31480962835519 100.33159441617201 100.35659111630783 100.3858291337952 100.41154776028871 100.42030111737598 100.40730644293716 100.37003699472022 100.37608312796607 100.38781443127891 100.40080910571774 100.40559186783759 100.41759389353456
99.97306773877284 99.96954834777898 99.9740603875147 99.97785050089269 99.98127965109182 99.98380639334383 99.99283047281523 100.00104238513423 100.01105911334749 100.02152704553431 100.03181449613173 100.04309459547099 100.05482589878382 100.0680912956068 100.0815371740192 100.09552449719989 100.10978254276472 100.1237698659454 100.1382986338944 100.15210547548564 100.16582207628218 100.17827530595274 100.20083550463127 100.22502003761464 100.25353612874432 100.27835234729068 100.29306159682908 100.30434169616835 100.31652420345476 100.32654093166802 100.3365576598813 100.35334244769811 100.37256373697223 100.39106309988861 100.39106309988861 100.39007045114677 100.38555841141105 100.40080910571774 100.41605980002443 100.42382050836984 100.42977640082097 100.44060529618666 100.45982658546077
99.98831843307951 99.98705506195353 99.99129637930508 99.99382312155709 99.9945450479148 99.99806443890866 100.00627635122763 100.0150297083149 100.02477571414403 100.03858255573527 100.05103578540584 100.06303781110282 100.07756657905178 100.09209534700075 100.1070753189233 100.12160408687227 100.13577189164239 100.1473227133658 100.15905401667862 100.1735827846276 100.19009685006027 100.20606947072467 100.2317880972182 100.25858961324829 100.28557161086782 100.30028086040622 100.30984638464591 100.32031431683275 100.32780430279402 100.33556501113944 100.3513571502144 100.36705904849465 100.3845657626692 100.39277767498817 100.40026766094945 100.40234319922787 100.41308185379886 100.42409123075399 100.43455916294081 100.44556853989593 100.45477310095679 100.47552848374103 100.50205927738698
100.0048324985122 100.00429105374391 100.00681779599591 100.00681779599591 100.00934453824792 100.00979574222148 100.01132983573163 100.02360258381273 100.0360558134833 100.0508553038164 100.06529383097066 100.0828005451452 100.09832196183604 100.11429458250043 100.12981599919125 100.14226922886179 100.15535414409536 100.16681472502404 100.17854602833687 100.19352600025941 100.21085223284453 100.23079544847634 100.2560628709963 100.28160101590039 100.30055158279036 100.31156095974548 100.31959239047504 100.32554828292616 100.33529428875529 100.3455817393527 100.3628177311431 100.3787903518075 100.38727298651062 100.39584586200846 100.40604307181115 100.41885726466056 100.4313104943311 100.44132722254437 100.45477310095679 100.4702945176476 100.48807195420629 100.51180528321609 100.54582606282331
100.02053439679246 100.02053439679246 100.02035391520303 100.01954174805061 100.02053439679246 100.0188198216929 100.02152704553431 100.03235594090002 100.04932121030627 100.06457190461295 100.08009332130378 100.09832196183604 100.11609939839471 100.13153057429082 100.1473227133658 100.15878329429448 100.16934146727604 100.18107277058887 100.19451864900127 100.21031078807624 100.22808822463492 100.24658758755132 100.27005019417699 100.2913470217295 100.30759036477806 100.31733637060718 100.32482635656847 100.33159441617201 100.34603294332626 100.35433509643997 100.3698565131308 100.37933179657577 100.38934852478904 100.40234319922787 100.41759389353456 100.43158121671524 100.44827576373736 100.46208260532862 100.47958931950315 100.49980325751912 100.52082936268751 100.54726991553873 100.5828247886561
100.03777038858286 100.03578509109916 100.03109256977402 100.03009992103216 100.02955847626387 100.02730245639601 100.03181449613173 100.0476066352067 100.0643011822288 100.07955187653549 100.09579521958403 100.11429458250043 100.13053792554896 100.1460593422398 100.16058811018877 100.17132676475975 100.18152397456244 100.19433816741184 100.20832549059253 100.22456883364107 100.2408121766896 100.259311539606 100.27384030755499 100.29306159682908 100.30885373590405 100.3218484103429 100.32951887789359 100.3430549971007 100.35956906253338 100.36633712213694 100.37481975684008 100.3845657626692 100.3903411735309 100.4075771653213 100.42454243472756 100.4498098572475 100.46659464506432 100.48780123182215 100.51027118970596 100.53057536851662 100.55602327262602 100.5828247886561 100.6127847325012
100.05527710275739 100.05031385904813 100.04408724421285 100.0400264084507 100.03903375970886 100.03930448209299 100.04535061533885 100.0610525136191 100.07801778302536 100.09408064448446 100.11176784024843 100.12701853455512 100.14335211839837 100.16004666542048 100.17385350701174 100.18405071681444 100.19379672264355 100.20652067469824 100.22032751628952 100.23503676582791 100.25010697854518 100.26355285695757 100.27726945775412 100.29333231921322 100.30903421749348 100.32383370782661 100.34152090359058 100.35731304266554 100.37328566332994 100.39404104611417 100.4030651255856 100.41407450254071 100.41407450254071 100.42409123075399 100.44484661353822 100.47056524003175 100.49357664268385 100.51604660056766 100.53959944798805 100.56558879686571 100.59130742335924 100.61657484587919 100.64202274998857
100.07007659309052 100.06457190461295 100.05906721613539 100.05482589878382 100.05554782514153 100.0585257713671 100.06529383097066 100.07882995017778 100.09552449719989 100.11131663627486 100.1275599793234 100.1402839313781 100.15607607045305 100.1735827846276 100.18856275655016 100.19885020714756 100.20733284185067 100.21680812529566 100.23034424450277 100.2408121766896 100.25452877748616 100.26806489669328 100.28277414623167 100.2995589340485 100.31535107312347 100.33033104504601 100.34883040796241 100.36931506836251 100.38880708002077 100.42779110333726 100.47182861115775 100.491320622816 100.4740846310256 100.45829249195063 100.47652113248289 100.49853988639312 100.52227321540293 100.54681871156517 100.57082276295912 100.5975340381945 100.6230721830986 100.64779816085026 100.67857027184779
100.07855922779363 100.07476911441564 100.07377646567379 100.07558128156806 100.07801778302536 100.08352247150292 100.09453184845803 100.10752652289686 100.11979927097799 100.13180129667496 100.14407404475608 100.15679799681077 100.17277061747517 100.18829203416601 100.20083550463127 100.20904741695024 100.21428138304367 100.22285425854152 100.23602941456977 100.24730951390903 100.26328213457343 100.27835234729068 100.29279087444493 100.30831229113576 100.32284105908475 100.337279586239 100.35559846756597 100.3763538503502 100.39503369485602 100.42535460187999 100.46605320029605 100.49231327155785 100.49177182678957 100.49059869645828 100.50981998573239 100.52958271977477 100.55033810255902 100.57407143156884 100.59807548296278 100.62478675819817 100.64978345833397 100.67135100827065 100.7030255272153
100.09408064448446 100.0892978823646 100.0911026982589 100.09606594196818 100.10256327918759 100.1096020611753 100.12006999336214 100.1313500927014 100.14082537614637 100.1485860844918 100.16031738780462 100.17502663734302 100.19027733164971 100.20182815337311 100.20534754436697 100.20958886171853 100.21680812529566 100.22826870622436 100.24379012291517 100.25732624212229 100.27402078914442 100.28909100186166 100.3033490474265 100.31778757458075 100.33357971365572 100.35054498306198 100.37003699472022 100.39232647101461 100.41605980002443 100.43230314307296 100.45278780347307 100.47255053751546 100.49077917804772 100.5137905806998 100.5355386122259 100.55503062388416 100.57479335792655 100.59807548296278 100.62334290548274 100.65104682945997 100.67631425197993 100.69607698602232 100.71304225542858
100.10752652289686 100.11158735865901 100.11384337852685 100.11709204713657 100.1205211973357 100.12701853455512 100.13459876131111 100.14380332237194 100.1530981242275 100.16131003654648 100.17430471098531 100.1850433655563 100.19181142515984 100.19758683602156 100.19957213350527 100.20931813933439 100.22005679390537 100.23630013695391 100.25407757351259 100.27032091656113 100.28629353722553 100.30109302755865 100.31480962835519 100.32951887789359 100.34657438809455 100.36877362359422 100.39007045114677 100.41226968664643 100.43807855393467 100.46127043817619 100.48301846970229 100.50305192612883 100.52209273381351 100.53959944798805 100.55809881090444 100.57659817382084 100.59654138945264 100.61801869859461 100.64003745250486 100.66458294866709 100.6883162776769 100.7106057539713 100.7337976382128
100.12178456846169 100.12783070170754 100.12855262806525 100.12728925693926 100.12927455442296 100.13378659415868 100.14335211839837 100.15535414409536 100.16708544740818 100.17430471098531 100.1768314532373 100.17656073085317 100.18233614171487 100.18729938542415 100.19253335151755 100.20760356423482 100.22781750225077 100.24577542039889 100.26607959920956 100.28205221987396 100.29730291418065 100.31183168212962 100.32608972769445 100.3455817393527 100.36480302862681 100.38808515366306 100.41308185379886 100.43654446042453 100.45802176956649 100.47706257725117 100.4990813311614 100.5195659915615 100.5386067992462 100.55755736613615 100.5775908225627 100.59609018547907 100.61504075236904 100.63381083766957 100.65610031396396 100.67857027184779 100.70203287847345 100.72504428112555 100.75202627874506
100.13532068766882 100.13685478117897 100.13333539018511 100.13234274144325 100.13784742992081 100.14705199098165 100.15751992316848 100.1665440026399 100.17755337959501 100.18179469694658 100.17629000846902 100.16880002250775 100.16681472502404 100.17277061747517 100.19235286992813 100.21509355019609 100.23584893298035 100.25732624212229 100.27681825378055 100.29179822570308 100.30858301351991 100.32356298544246 100.34206234835884 100.36209580478538 100.38384383631148 100.40802836929487 100.43302506943067 100.45702912082463 100.47976980109259 100.49853988639312 100.51803189805138 100.53833607686205 100.55683543977844 100.57704937779441 100.59527801832665 100.61233352852763 100.630832891444 100.64978345833397 100.6710802858865 100.6940916885386 100.7178250175484 100.74128762417409 100.76908178894602
100.1460593422398 100.14226922886179 100.13856935627851 100.13983272740451 100.1455178974715 100.1620319629042 100.17656073085317 100.18432143919858 100.18008012184701 100.18152397456244 100.17304133985931 100.15878329429448 100.15706871919491 100.17583880449544 100.19903068873698 100.22402738887278 100.24631686516717 100.26779417430913 100.28602281484139 100.30181495391636 100.31905094570675 100.3390844021333 100.35785448743383 100.38059516770177 100.40405777432744 100.42860327048967 100.4510732283735 100.47453583499917 100.49628386652526 100.51532467420995 100.5348166858682 100.55358677116872 100.57181541170098 100.59157814574338 100.60908485991791 100.62605012932417 100.64635430813485 100.66683896853493 100.68777483290862 100.711327680329 100.7350610093388 100.75960650550105 100.78731042947828
100.14777391733936 100.14308139601422 100.14705199098165 100.14831536210765 100.15905401667862 100.17304133985931 100.1875701078083 100.18278734568844 100.17827530595274 100.15779064555262 100.14831536210765 100.13884007866265 100.16582207628218 100.18477264317215 100.21058151046039 100.23602941456977 100.25804816848 100.27681825378055 100.29504689431279 100.31282433087148 100.33276754650329 100.35307172531397 100.37554168319778 100.3992750122076 100.4222864148597 100.4460197438695 100.46857994254803 100.48960604771642 100.51027118970596 100.52931199739064 100.54781136030702 100.5668521679917 100.58381743739795 100.60276800428792 100.6205454408466 100.64057889727314 100.6607928352891 100.68281158919933 100.70582299185143 100.72928559847712 100.75229700112921 100.77684249729145 100.80481714365283
100.14578861985565 100.1460593422398 100.15481269932707 100.16753665138175 100.18053132582058 100.18035084423116 100.18702866304001 100.18035084423116 100.15327860581694 100.1243113107137 100.11754325111013 100.13685478117897 100.16510014992447 100.19578202012727 100.22159088741552 100.24604614278303 100.26680152556727 100.28584233325196 100.30677819762563 100.32654093166802 100.34801824080998 100.37003699472022 100.39259719339874 100.41633052240856 100.43780783155053 100.46108995658676 100.48157461698686 100.50278120374469 100.52353658652893 100.54230667182948 100.56080603474587 100.57957612004638 100.59681211183678 100.6147700299849 100.63453276402728 100.65456622045383 100.67631425197993 100.6986037282743 100.72251753887355 100.74579966390979 100.76881106656188 100.791822469214 100.81934591160179
100.16410750118261 100.17078531999147 100.18459216158273 100.19605274251141 100.18558481032458 100.18107277058887 100.18206541933073 100.15733944157905 100.12701853455512 100.11384337852685 100.12331866197184 100.14678126859751 100.17385350701174 100.20354272847268 100.22754677986664 100.25308492477073 100.27429151152855 100.29757363656479 100.32031431683275 100.3417916259747 100.36633712213694 100.38781443127891 100.40829909167901 100.4313104943311 100.45278780347307 100.47354318625732 100.49357664268385 100.5125272095738 100.53228994361619 100.5520526776586 100.57082276295912 100.58932212587553 100.60908485991791 100.62785494521846 100.64734695687669 100.66783161727679 100.69003085277647 100.71403490417043 100.73704630682252 100.75978698709048 100.78252766735844 100.8065317187524 100.83053577014635
100.22132016503137 100.21780077403751 100.23232954198649 100.22483955602522 100.19957213350527 100.15806136793677 100.15255667945921 100.1275599793234 100.11059470991715 100.10851917163872 100.13333539018511 100.15535414409536 100.17881675072101 100.20507682198283 100.23034424450277 100.26030418834786 100.28602281484139 100.31083903338777 100.33610645590772 100.3583056914074 100.38176829803305 100.40252368081731 100.42282785962799 100.44385396479636 100.46235332771276 100.48256726572872 100.50278120374469 100.52308538255537 100.54284811659775 100.56306205461371 100.58255406627195 100.60204607793021 100.62153808958846 100.64184226839913 100.66178548403096 100.68227014443106 100.70329624959945 100.72558572589384 100.74877761013535 100.77007443768788 100.79209319159814 100.81582652060796 100.8398305720019
