static/data/precipitation/2023/7/25/0.asc
ncols 137
nrows 93
xllcorner 108.0
yllcorner 17.0
cellsize 0.25
NODATA_value -32767
[rows 42 to 62 of 93, columns 47 to 93 of 137]
0.0 0.0 0.0 0.0 0.0 0.0 0.0011044827173782579 0.045836032771209845 0.1380603396723204 0.1336424088028039 0.005522413586894759 0.005522413586894759 0.05246292907548286 0.9288699653153647 1.242543057050873 0.39650929553890213 0.043074825977762465 0.013253792608542564 0.008835861739029532 0.004970172228203895 0.006626896304273017 0.0077313790216512746 0.010492585815095185 0.005522413586894759 0.0016567240760691215 0.045836032771209845 0.2573444731492035 0.18610533787828676 0.47327084439671013 0.8267053139578463 0.9106460004786182 0.6582716995576187 1.4639918418852746 1.2171399545511663 0.5323606697764626 0.10492585815096225 0.0027612067934473794 0.0011044827173782579 0.0 0.0 0.0 0.0 0.0016567240760691215 0.010492585815095185 0.019328447554124717 0.03534344695611466 0.030373274727910765
0.0 0.0 0.0 0.0 0.0 0.0011044827173782579 0.010492585815095185 0.14137378782445517 0.23635930151900963 0.1480006841287282 0.006626896304273017 0.13529913287887302 0.4368229147232172 1.356304776940865 0.9802284116734659 0.01546275804329908 0.010492585815095185 0.005522413586894759 0.0016567240760691215 0.0027612067934473794 0.0038656895108256373 0.004970172228203895 0.0077313790216512746 0.0027612067934473794 0.0027612067934473794 0.047492756847278966 0.3998227436910369 0.051358446358104604 0.3727629171152609 0.5538980827653438 0.5903460124388367 0.4103153295061321 1.1817965075950516 0.9669746190649232 0.4484199832556941 0.012149309891164306 0.004970172228203895 0.0016567240760691215 0.0016567240760691215 0.0 0.0 0.0011044827173782579 0.0027612067934473794 0.012149309891164306 0.025955343858397734 0.043074825977762465 0.03644792967349292
0.0 0.0 0.0 0.0 0.0 0.051358446358104604 0.09332878961848881 0.22807568113867097 0.17837395885663548 0.08946310010766317 0.05522413586892677 0.2993148164095877 0.7239884212416405 0.39595705418021127 0.01988068891281558 0.01988068891281558 0.0011044827173782579 0.0011044827173782579 0.0011044827173782579 0.0016567240760691215 0.0027612067934473794 0.0027612067934473794 0.004970172228203895 0.005522413586894759 0.005522413586894759 0.15186637363955036 0.591450495156215 0.09995568592275836 0.15186637363955036 0.331897056572255 0.6494358378185892 0.6875404915681511 1.2187966786272355 0.5445099796676268 0.024850861141019476 0.011597068532473442 0.004970172228203895 0.0038656895108256373 0.0027612067934473794 0.0011044827173782579 0.0038656895108256373 0.005522413586894759 0.009388103097716927 0.0298210333692199 0.04197034326038421 0.040313619184318555 0.04362706733645333
0.0 0.0 0.0 0.0 0.03258224016266728 0.08504516923815014 0.2545832663557561 0.1800306829327046 0.10658258222703137 0.06682120440140368 0.0640599976079563 0.2253144743452236 0.07068689391222932 0.01546275804329908 0.013253792608542564 0.011597068532473442 0.0027612067934473794 0.0011044827173782579 0.0011044827173782579 0.0027612067934473794 0.0038656895108256373 0.0077313790216512746 0.011597068532473442 0.012149309891164306 0.2440906805406609 0.5445099796676268 0.4578080863534111 0.18389637244353024 0.09940344456407096 0.3280313670614293 0.726749628035088 1.25193116014859 0.36834498624574785 0.033134481521358145 0.0077313790216512746 0.0027612067934473794 0.0027612067934473794 0.0027612067934473794 0.0016567240760691215 0.004970172228203895 0.0077313790216512746 0.0171194821193682 0.027612067934463386 0.0342389642387364 0.04473155005383159 0.05356741179286112 0.045836032771209845
0.0 0.0 0.0 0.03700017103218031 0.10216465135751487 0.1800306829327046 0.26231464537740734 0.07897051429256799 0.01822396483674646 0.0171194821193682 0.033134481521358145 0.043074825977762465 0.02264189570625949 0.025955343858397734 0.02374637842363775 0.014358275325920822 0.004970172228203895 0.0011044827173782579 0.0011044827173782579 0.0038656895108256373 0.02098517163019384 0.025955343858397734 0.03810465374956204 0.16014999401988902 0.4136287776582669 0.7030032496114502 0.557211530917482 0.48431567157049615 1.0812885803136059 1.4363797739508077 1.0547809950965172 0.25292654227969047 0.054119653151548514 0.019328447554124717 0.008835861739029532 0.0011044827173782579 0.0011044827173782579 0.0 0.0077313790216512746 0.013253792608542564 0.016014999401989943 0.025955343858397734 0.0392091364669403 0.05356741179286112 0.06461223896664717 0.06792568711878194 0.06295551489057805
0.0 0.0011044827173782579 0.0027612067934473794 0.10216465135751487 0.23856826695376615 0.32637464298536367 0.23635930151900963 0.0867018933142158 0.02098517163019384 0.006626896304273017 0.014358275325920822 0.016014999401989943 0.013253792608542564 0.10106016864013662 0.10106016864013662 0.010492585815095185 0.0 0.0011044827173782579 0.0016567240760691215 0.005522413586894759 0.040313619184318555 0.15352309771561948 0.048597239564657224 0.1629112008133364 0.3843599856477378 0.7295108348285353 1.3380808121041186 1.3342151225932928 0.5235248080374331 0.07510482478174235 0.12480654706377783 0.040313619184318555 0.02374637842363775 0.01546275804329908 0.0077313790216512746 0.0016567240760691215 0.0 0.0038656895108256373 0.0469405154885881 0.05798534266237415 0.03258224016266728 0.026507585217085128 0.05743310130368676 0.0695824111948476 0.06847792847746934 0.05798534266237415 0.04197034326038421
0.0011044827173782579 0.006626896304273017 0.08891085874897231 0.11817965075950482 0.2518220595623122 0.3871211924411817 0.04197034326038421 0.03644792967349292 0.005522413586894759 0.027612067934463386 0.05743310130368676 0.09443327233586707 0.10658258222703137 0.11541844396605744 0.0695824111948476 0.006626896304273017 0.0 0.0016567240760691215 0.005522413586894759 0.1259110297811561 0.2783296447793973 0.22144878483440142 0.3462553318981758 0.4174944671690925 0.7239884212416405 1.1425873711281147 0.7057644564048976 0.22807568113867097 0.016014999401989943 0.02374637842363775 0.026507585217085128 0.025955343858397734 0.01988068891281558 0.010492585815095185 0.004970172228203895 0.0038656895108256373 0.005522413586894759 0.004970172228203895 0.02098517163019384 0.027612067934463386 0.022089654347572096 0.01822396483674646 0.0298210333692199 0.03534344695611466 0.03534344695611466 0.030373274727910765 0.02374637842363775
0.004970172228203895 0.019328447554124717 0.14689620141134646 0.07510482478174235 0.10216465135751487 0.20322481999765496 0.08228396244470276 0.028716550651841644 0.030373274727910765 0.019328447554124717 0.05246292907548286 0.06461223896664717 0.03534344695611466 0.0342389642387364 0.025955343858397734 0.0027612067934473794 0.0016567240760691215 0.006626896304273017 0.0342389642387364 0.5445099796676268 0.6742866989596086 0.4384796387992863 0.2612101626600291 0.1457917186939682 0.2650758521708547 0.2545832663557561 0.1728515452697442 0.0392091364669403 0.045836032771209845 0.03810465374956204 0.026507585217085128 0.024850861141019476 0.01822396483674646 0.010492585815095185 0.006626896304273017 0.006626896304273017 0.0077313790216512746 0.008835861739029532 0.009388103097716927 0.012149309891164306 0.01822396483674646 0.022089654347572096 0.025955343858397734 0.02374637842363775 0.01822396483674646 0.01546275804329908 0.01546275804329908
0.027612067934463386 0.103821375433584 0.18776206195435588 0.13916482238969866 0.10989603037916615 0.13529913287887302 0.11376171988999179 0.04086586054300595 0.033134481521358145 0.01988068891281558 0.03258224016266728 0.028716550651841644 0.0038656895108256373 0.004970172228203895 0.0027612067934473794 0.0011044827173782579 0.0016567240760691215 0.008835861739029532 0.1380603396723204 0.35122550412637965 0.3567479177132744 0.38546446836511605 0.09995568592275836 0.024850861141019476 0.01822396483674646 0.0038656895108256373 0.0342389642387364 0.05798534266237415 0.061298790814508924 0.048597239564657224 0.03147775744528902 0.0298210333692199 0.01988068891281558 0.008835861739029532 0.005522413586894759 0.006626896304273017 0.008835861739029532 0.01546275804329908 0.012149309891164306 0.012149309891164306 0.02374637842363775 0.03147775744528902 0.02374637842363775 0.02264189570625949 0.014358275325920822 0.01546275804329908 0.01988068891281558
0.08504516923815014 0.12370206434639958 0.15241861499824122 0.11376171988999179 0.08394068652077188 0.07510482478174235 0.054119653151548514 0.025955343858397734 0.0171194821193682 0.0077313790216512746 0.006626896304273017 0.0027612067934473794 0.0016567240760691215 0.0 0.0011044827173782579 0.0027612067934473794 0.0077313790216512746 0.11044827173785701 0.23249361200818747 0.12480654706377783 0.08504516923815014 0.09719447912931445 0.08007499700994625 0.010492585815095185 0.027612067934463386 0.02264189570625949 0.051358446358104604 0.07455258342305149 0.07731379021649887 0.048597239564657224 0.027612067934463386 0.01988068891281558 0.011597068532473442 0.0027612067934473794 0.009388103097716927 0.011597068532473442 0.014358275325920822 0.02264189570625949 0.01546275804329908 0.026507585217085128 0.03644792967349292 0.025955343858397734 0.016014999401989943 0.013253792608542564 0.011597068532473442 0.013253792608542564 0.02098517163019384
0.18610533787828676 0.13529913287887302 0.08283620380339016 0.0469405154885881 0.019328447554124717 0.010492585815095185 0.013253792608542564 0.010492585815095185 0.010492585815095185 0.01546275804329908 0.014358275325920822 0.0016567240760691215 0.0011044827173782579 0.0011044827173782579 0.0011044827173782579 0.0171194821193682 0.05908982537975241 0.1629112008133364 0.1800306829327046 0.06185103217319979 0.0392091364669403 0.022089654347572096 0.004970172228203895 0.01546275804329908 0.03258224016266728 0.05246292907548286 0.0867018933142158 0.10106016864013662 0.05632861858630503 0.027612067934463386 0.014358275325920822 0.005522413586894759 0.0011044827173782579 0.0016567240760691215 0.008835861739029532 0.011597068532473442 0.013253792608542564 0.027612067934463386 0.024850861141019476 0.03644792967349292 0.026507585217085128 0.016014999401989943 0.013253792608542564 0.0171194821193682 0.016014999401989943 0.024850861141019476 0.03258224016266728
0.22144878483440142 0.15352309771561948 0.07344810070567323 0.033134481521358145 0.004970172228203895 0.0027612067934473794 0.008835861739029532 0.009388103097716927 0.019328447554124717 0.025955343858397734 0.0171194821193682 0.0016567240760691215 0.0016567240760691215 0.0038656895108256373 0.0038656895108256373 0.1032691340748966 0.13529913287887302 0.08559741059683754 0.061298790814508924 0.02374637842363775 0.013253792608542564 0.009388103097716927 0.024850861141019476 0.03534344695611466 0.048597239564657224 0.06792568711878194 0.09719447912931445 0.07234361798829497 0.026507585217085128 0.0077313790216512746 0.0016567240760691215 0.0011044827173782579 0.0016567240760691215 0.0038656895108256373 0.004970172228203895 0.006626896304273017 0.0077313790216512746 0.02374637842363775 0.027612067934463386 0.025955343858397734 0.01546275804329908 0.013253792608542564 0.01546275804329908 0.03534344695611466 0.03534344695611466 0.047492756847278966 0.040313619184318555
0.1551798217916886 0.08007499700994625 0.0171194821193682 0.0 0.0 0.0 0.0016567240760691215 0.005522413586894759 0.014358275325920822 0.0077313790216512746 0.0038656895108256373 0.0038656895108256373 0.0027612067934473794 0.01988068891281558 0.03810465374956204 0.13640361559625128 0.09553775505324533 0.033134481521358145 0.022089654347572096 0.01546275804329908 0.0171194821193682 0.05743310130368676 0.0695824111948476 0.06847792847746934 0.07897051429256799 0.051358446358104604 0.027612067934463386 0.025955343858397734 0.0171194821193682 0.0038656895108256373 0.0016567240760691215 0.0016567240760691215 0.005522413586894759 0.004970172228203895 0.006626896304273017 0.008835861739029532 0.008835861739029532 0.010492585815095185 0.005522413586894759 0.011597068532473442 0.02098517163019384 0.02264189570625949 0.0298210333692199 0.048597239564657224 0.06461223896664717 0.0640599976079563 0.04970172228203548
0.15241861499824122 0.0011044827173782579 0.0 0.0 0.0 0.0 0.0011044827173782579 0.006626896304273017 0.0038656895108256373 0.0016567240760691215 0.0027612067934473794 0.004970172228203895 0.0171194821193682 0.06461223896664717 0.13916482238969866 0.06847792847746934 0.02264189570625949 0.0171194821193682 0.013253792608542564 0.019328447554124717 0.07179137662960758 0.07344810070567323 0.04970172228203548 0.04473155005383159 0.07455258342305149 0.016014999401989943 0.011597068532473442 0.006626896304273017 0.0027612067934473794 0.0011044827173782579 0.0027612067934473794 0.004970172228203895 0.004970172228203895 0.004970172228203895 0.0077313790216512746 0.009388103097716927 0.011597068532473442 0.009388103097716927 0.0038656895108256373 0.0027612067934473794 0.014358275325920822 0.027612067934463386 0.045836032771209845 0.09167206554241969 0.05356741179286112 0.04473155005383159 0.03258224016266728
0.04197034326038421 0.0 0.0 0.0 0.0 0.0 0.0 0.0 0.0038656895108256373 0.004970172228203895 0.005522413586894759 0.05080620499941374 0.13088120200936 0.08283620380339016 0.03810465374956204 0.04362706733645333 0.05743310130368676 0.054119653151548514 0.0298210333692199 0.010492585815095185 0.0077313790216512746 0.010492585815095185 0.014358275325920822 0.014358275325920822 0.011597068532473442 0.008835861739029532 0.0038656895108256373 0.0016567240760691215 0.0016567240760691215 0.0027612067934473794 0.0027612067934473794 0.0027612067934473794 0.0016567240760691215 0.0027612067934473794 0.006626896304273017 0.010492585815095185 0.011597068532473442 0.008835861739029532 0.005522413586894759 0.004970172228203895 0.016014999401989943 0.02264189570625949 0.0171194821193682 0.05632861858630503 0.06019430809713067 0.05743310130368676 0.040313619184318555
0.016014999401989943 0.0 0.0 0.0 0.0 0.0 0.0 0.0 0.0016567240760691215 0.011597068532473442 0.051358446358104604 0.07510482478174235 0.0469405154885881 0.03700017103218031 0.11541844396605744 0.061298790814508924 0.025955343858397734 0.01822396483674646 0.006626896304273017 0.0016567240760691215 0.0016567240760691215 0.006626896304273017 0.014358275325920822 0.02098517163019384 0.0171194821193682 0.009388103097716927 0.004970172228203895 0.0038656895108256373 0.0038656895108256373 0.0038656895108256373 0.0016567240760691215 0.0038656895108256373 0.010492585815095185 0.014358275325920822 0.013253792608542564 0.008835861739029532 0.005522413586894759 0.005522413586894759 0.006626896304273017 0.0077313790216512746 0.006626896304273017 0.004970172228203895 0.010492585815095185 0.0469405154885881 0.03534344695611466 0.028716550651841644 0.0171194821193682
0.005522413586894759 0.0 0.0 0.0 0.0 0.0 0.0 0.0 0.0038656895108256373 0.0469405154885881 0.0469405154885881 0.05246292907548286 0.1402693051070769 0.07841827293387713 0.05632861858630503 0.033134481521358145 0.0077313790216512746 0.006626896304273017 0.0011044827173782579 0.0011044827173782579 0.0027612067934473794 0.006626896304273017 0.010492585815095185 0.013253792608542564 0.012149309891164306 0.010492585815095185 0.011597068532473442 0.005522413586894759 0.004970172228203895 0.005522413586894759 0.006626896304273017 0.02098517163019384 0.01988068891281558 0.0298210333692199 0.02098517163019384 0.009388103097716927 0.005522413586894759 0.0077313790216512746 0.010492585815095185 0.005522413586894759 0.0038656895108256373 0.0027612067934473794 0.010492585815095185 0.0171194821193682 0.014358275325920822 0.010492585815095185 0.013253792608542564
0.0 0.0 0.0 0.0 0.0 0.0 0.0 0.0 0.005522413586894759 0.16567240760678378 0.15849326994382337 0.07179137662960758 0.07841827293387713 0.051358446358104604 0.028716550651841644 0.0077313790216512746 0.0038656895108256373 0.0027612067934473794 0.004970172228203895 0.010492585815095185 0.01822396483674646 0.0469405154885881 0.043074825977762465 0.026507585217085128 0.030373274727910765 0.0171194821193682 0.01546275804329908 0.009388103097716927 0.008835861739029532 0.010492585815095185 0.016014999401989943 0.0298210333692199 0.03644792967349292 0.04362706733645333 0.04197034326038421 0.04197034326038421 0.03258224016266728 0.04086586054300595 0.01988068891281558 0.011597068532473442 0.004970172228203895 0.004970172228203895 0.005522413586894759 0.004970172228203895 0.0077313790216512746 0.005522413586894759 0.0077313790216512746
0.0 0.0 0.0 0.0 0.0 0.0 0.0 0.0 0.005522413586894759 0.1336424088028039 0.17064257983498768 0.08891085874897231 0.08007499700994625 0.022089654347572096 0.011597068532473442 0.006626896304273017 0.0038656895108256373 0.004970172228203895 0.0077313790216512746 0.0469405154885881 0.05798534266237415 0.07455258342305149 0.04086586054300595 0.024850861141019476 0.027612067934463386 0.016014999401989943 0.0171194821193682 0.01546275804329908 0.014358275325920822 0.022089654347572096 0.027612067934463386 0.03700017103218031 0.03810465374956204 0.04970172228203548 0.12038861619426133 0.12370206434639958 0.06792568711878194 0.09167206554241969 0.06682120440140368 0.02098517163019384 0.01546275804329908 0.01988068891281558 0.02264189570625949 0.005522413586894759 0.0077313790216512746 0.0077313790216512746 0.006626896304273017
0.0 0.0 0.0 0.0 0.11376171988999179 0.11376171988999179 0.0 0.0 0.005522413586894759 0.07068689391222932 0.10879154766178789 0.12756775385722174 0.14689620141134646 0.016014999401989943 0.011597068532473442 0.006626896304273017 0.0392091364669403 0.040313619184318555 0.025955343858397734 0.05632861858630503 0.06295551489057805 0.0640599976079563 0.030373274727910765 0.012149309891164306 0.014358275325920822 0.010492585815095185 0.01546275804329908 0.013253792608542564 0.019328447554124717 0.027612067934463386 0.024850861141019476 0.033134481521358145 0.0342389642387364 0.0392091364669403 0.10879154766178789 0.1551798217916886 0.10658258222703137 0.08394068652077188 0.06682120440140368 0.022089654347572096 0.06682120440140368 0.07179137662960758 0.033134481521358145 0.012149309891164306 0.010492585815095185 0.008835861739029532 0.0077313790216512746
0.0 0.0 0.0 0.010492585815095185 0.14192602918314604 0.17450826934581332 0.0 0.0 0.0027612067934473794 0.07731379021649887 0.07234361798829497 0.08394068652077188 0.15904551130251077 0.016014999401989943 0.01546275804329908 0.02098517163019384 0.05798534266237415 0.06461223896664717 0.04197034326038421 0.04362706733645333 0.03258224016266728 0.040313619184318555 0.027612067934463386 0.010492585815095185 0.009388103097716927 0.0077313790216512746 0.009388103097716927 0.009388103097716927 0.01546275804329908 0.016014999401989943 0.010492585815095185 0.016014999401989943 0.030373274727910765 0.026507585217085128 0.04197034326038421 0.08228396244470276 0.10216465135751487 0.03534344695611466 0.02374637842363775 0.033134481521358145 0.08504516923815014 0.103821375433584 0.04197034326038421 0.025955343858397734 0.01546275804329908 0.012149309891164306 0.010492585815095185
