static/data/precipitation/2023/7/25/18.asc
ncols 137
nrows 93
xllcorner 108.0
yllcorner 17.0
cellsize 0.25
NODATA_value -32767
[rows 21 to 41 of 93, columns 0 to 47 of 137]
0.0 0.0 0.0 0.0 0.0 0.0 0.0 0.0 0.0 0.0 0.0 0.0011044827173782579 0.0 0.0 0.0016567240760691215 0.02098517163019384 0.1507618909221721 0.5997341155365536 0.6914061810789733 0.530151704341706 0.162358959454649 0.39485257146283304 0.6074654945582049 0.6510925618946583 0.5329129111351534 0.4451065351035559 0.18389637244353024 0.0 0.0 0.0 0.0 0.0 0.0 0.0 0.0 0.0 0.0 0.0 0.0 0.0027612067934473794 0.01546275804329908 0.043074825977762465 0.028716550651841644 0.0027612067934473794 0.0027612067934473794 0.0011044827173782579 0.0 0.0
0.0 0.0 0.0 0.0 0.0 0.0 0.0 0.0 0.0 0.0 0.0 0.0 0.0 0.0 0.0027612067934473794 0.043074825977762465 0.15849326994382337 0.3252701602679854 0.2440906805406609 0.01988068891281558 0.011597068532473442 0.6085699772755832 0.9785716875974002 1.6605897655786566 2.0653826814978937 1.033795823466327 0.23359809472556572 0.0 0.0 0.0 0.0 0.0 0.0 0.0 0.0 0.0 0.0 0.0 0.04473155005383159 0.39871826097365864 0.9117504831959965 0.7908096256430442 0.609122218634274 0.5417487728741794 0.1629112008133364 0.0011044827173782579 0.0 0.0
0.0 0.0 0.0 0.0 0.0 0.0 0.0 0.0 0.0077313790216512746 0.0077313790216512746 0.004970172228203895 0.0 0.0 0.016014999401989943 0.030373274727910765 0.03644792967349292 0.05743310130368676 0.06185103217319979 0.06461223896664717 0.0027612067934473794 0.07510482478174235 0.7427646274370779 2.071457336443476 2.2735776737237527 2.300085258940838 0.9956911697167649 0.18223964836746112 0.0027612067934473794 0.0 0.0 0.0 0.0 0.0 0.0 0.0 0.0 0.0 0.0016567240760691215 0.06295551489057805 0.2882699892358016 0.9128549659133747 0.9233475517284699 0.8504516923814875 1.1365127161825326 0.37110619303919523 0.09719447912931445 0.0 0.0
0.0 0.0 0.0 0.0 0.0 0.0 0.0 0.010492585815095185 0.005522413586894759 0.005522413586894759 0.013253792608542564 0.01546275804329908 0.0038656895108256373 0.006626896304273017 0.0027612067934473794 0.0011044827173782579 0.0027612067934473794 0.0038656895108256373 0.0016567240760691215 0.0027612067934473794 0.103821375433584 0.7620930749912026 2.0902335426389134 1.854978723837282 1.2397818502574258 1.5650520105254113 0.1927322341825563 0.0 0.0 0.0 0.0 0.0 0.0 0.0 0.0 0.0 0.012149309891164306 0.0171194821193682 0.0469405154885881 0.1457917186939682 0.48542015428787444 0.46830067216850624 0.6626896304271317 0.7466303169479036 0.38546446836511605 0.07179137662960758 0.006626896304273017 0.0
0.0 0.0 0.0 0.0 0.0 0.0 0.0011044827173782579 0.014358275325920822 0.004970172228203895 0.0077313790216512746 0.01546275804329908 0.01822396483674646 0.004970172228203895 0.0 0.0 0.0011044827173782579 0.0016567240760691215 0.0016567240760691215 0.0 0.0298210333692199 0.13529913287887302 0.530151704341706 0.8990489319461413 0.6626896304271317 0.473823085755401 1.2513789187899027 0.0 0.0 0.0 0.0 0.0 0.0 0.0 0.0 0.0 0.0 0.02264189570625949 0.06019430809713067 0.09332878961848881 0.054119653151548514 0.07234361798829497 0.054119653151548514 0.09995568592275836 0.06461223896664717 0.11155275445523527 0.09277654825979795 0.027612067934463386 0.0
0.0 0.0 0.0 0.0011044827173782579 0.0 0.0 0.0011044827173782579 0.0038656895108256373 0.005522413586894759 0.009388103097716927 0.01988068891281558 0.011597068532473442 0.013253792608542564 0.0038656895108256373 0.0027612067934473794 0.0 0.0 0.0 0.0 0.0298210333692199 0.06019430809713067 0.10492585815096225 0.0027612067934473794 0.0011044827173782579 0.0 0.0 0.0 0.0 0.0 0.0 0.0 0.0 0.0 0.0 0.0 0.0 0.2573444731492035 0.295449126898762 0.10658258222703137 0.0038656895108256373 0.014358275325920822 0.07620930749912061 0.13916482238969866 0.15462758043299774 0.013253792608542564 0.02374637842363775 0.01988068891281558 0.0
0.0 0.0 0.0 0.0 0.0 0.0 0.0 0.0011044827173782579 0.0038656895108256373 0.05356741179286112 0.08228396244470276 0.06019430809713067 0.06295551489057805 0.03810465374956204 0.005522413586894759 0.0011044827173782579 0.0 0.0 0.0 0.0 0.0 0.0 0.0 0.0 0.0 0.0 0.0 0.0 0.0 0.0 0.0 0.0 0.0 0.0 0.01822396483674646 0.05246292907548286 0.40921084678875386 0.43019601841894767 0.19162775146517805 0.01822396483674646 0.008835861739029532 0.019328447554124717 0.2070905095084806 0.4346139492884607 0.09608999641193272 0.03534344695611466 0.03534344695611466 0.0392091364669403
0.0 0.0 0.0 0.0 0.0 0.0 0.0011044827173782579 0.0011044827173782579 0.0 0.02098517163019384 0.09608999641193272 0.20598602679109887 0.14192602918314604 0.8438247960772145 0.6781523884704308 0.0038656895108256373 0.0011044827173782579 0.0011044827173782579 0.0 0.0 0.0 0.0 0.0 0.0 0.0 0.0 0.0 0.0 0.0 0.0 0.0 0.0 0.0 0.02098517163019384 0.0392091364669403 0.26231464537740734 0.162358959454649 0.13640361559625128 0.17947844157401374 0.07455258342305149 0.048597239564657224 0.054119653151548514 0.2717027484751243 0.6925106637963551 0.1032691340748966 0.1259110297811561 0.19438895825862543 0.21371740581275014
0.0 0.0 0.0 0.0 0.0 0.0 0.0 0.0 0.0016567240760691215 0.07455258342305149 0.1734037866284316 0.25568774907313435 0.4003749850497243 0.47658429254884493 0.315882057170265 0.047492756847278966 0.004970172228203895 0.0016567240760691215 0.0 0.0 0.0 0.0 0.0 0.0 0.0 0.0 0.0 0.0 0.0 0.0 0.0 0.0 0.0 0.08007499700994625 0.27667292070332816 0.054119653151548514 0.06185103217319979 0.08780637603159405 0.07731379021649887 0.04086586054300595 0.010492585815095185 0.23359809472556572 0.557211530917482 0.7488392823826601 0.103821375433584 0.0077313790216512746 0.043074825977762465 0.09719447912931445
0.0 0.0 0.0 0.0 0.0 0.0 0.0011044827173782579 0.0027612067934473794 0.0016567240760691215 0.0077313790216512746 0.08780637603159405 0.2810908515728412 0.5014351536898644 0.37662860662608655 0.2821953342902195 0.20322481999765496 0.011597068532473442 0.0016567240760691215 0.0 0.0 0.0 0.0 0.0 0.0 0.0 0.0 0.0 0.0 0.0 0.0 0.0 0.0 0.0 0.04086586054300595 0.048597239564657224 0.13916482238969866 0.08559741059683754 0.05798534266237415 0.04086586054300595 0.006626896304273017 0.0077313790216512746 0.06571672168402543 0.08891085874897231 0.11265723717261353 0.10658258222703137 0.12204534027033045 0.09332878961848881 0.012149309891164306
0.0 0.0 0.0 0.0 0.0 0.01546275804329908 0.028716550651841644 0.08780637603159405 0.03534344695611466 0.03258224016266728 0.0640599976079563 0.2098517163019245 0.6991375601006246 0.6687642853727138 0.48265894749442706 0.25347878363837784 0.36834498624574785 0.10879154766178789 0.0011044827173782579 0.0011044827173782579 0.0 0.0 0.0 0.0 0.0 0.1209408575529522 0.03810465374956204 0.02098517163019384 0.0 0.0 0.0 0.0 0.0 0.0 0.0077313790216512746 0.7620930749912026 0.5008829123311735 0.3164342985289559 0.011597068532473442 0.0011044827173782579 0.0011044827173782579 0.09553775505324533 0.1551798217916886 0.2126129230953719 0.42633032890812206 0.2821953342902195 0.08394068652077188 0.0
0.15849326994382337 0.103821375433584 0.0011044827173782579 0.0 0.0 0.014358275325920822 0.033134481521358145 0.07620930749912061 0.19438895825862543 0.23912050831245701 0.263971369453473 1.1967070242796634 1.8997102738911136 2.067591646932654 1.099512545150349 0.46333049994030234 0.33741947015914975 0.10879154766178789 0.0011044827173782579 0.0 0.0 0.0 0.0 0.0 0.0 0.05798534266237415 0.03644792967349292 0.01988068891281558 0.0 0.0 0.0 0.0 0.0 0.0 0.011597068532473442 0.37662860662608655 0.2567922317905126 0.18886654467173414 0.0 0.0 0.06185103217319979 0.16898585575891856 0.2253144743452236 0.20598602679109887 0.21537412988881927 0.18776206195435588 0.0 0.0
0.23359809472556572 0.18334413108483938 0.009388103097716927 0.0 0.0 0.0 0.0171194821193682 0.026507585217085128 0.12038861619426133 0.17616499342187897 1.7737992441099575 3.5409715919156435 6.3772832101437675 6.6517471654123375 5.68090685683659 0.6372865279274248 0.1899710273891124 0.03147775744528902 0.0 0.0 0.0 0.0011044827173782579 0.0011044827173782579 0.0 0.0 0.0 0.011597068532473442 0.0 0.0 0.0 0.0 0.0 0.0 0.0 0.011597068532473442 0.0867018933142158 0.06847792847746934 0.0011044827173782579 0.0 0.0 0.06682120440140368 0.27556843798594993 0.331897056572255 0.09940344456407096 0.019328447554124717 0.0 0.0 0.0
0.12038861619426133 0.1402693051070769 0.010492585815095185 0.0 0.0 0.0 0.0016567240760691215 0.0038656895108256373 0.0171194821193682 0.2573444731492035 1.8588444133481041 5.3197410082538035 11.614740255952869 11.938905933503474 7.378496793447428 2.0742185432369236 0.11265723717261353 0.0342389642387364 0.0027612067934473794 0.0 0.0 0.0011044827173782579 0.0011044827173782579 0.0 0.0 0.0 0.0 0.0 0.0 0.0 0.0 0.0 0.0 0.0 0.0 0.0 0.0011044827173782579 0.0011044827173782579 0.0 0.0 0.024850861141019476 0.23470257744294398 0.2545832663557561 0.030373274727910765 0.0 0.0 0.0 0.0
0.0 0.0 0.0 0.0 0.0 0.0 0.0016567240760691215 0.0171194821193682 0.016014999401989943 0.3081506781486172 0.5152411876570944 3.345478150939638 10.642243223301053 13.687854316472414 9.027489490493608 3.1146412630075218 0.10106016864013662 0.040313619184318555 0.0027612067934473794 0.0 0.0 0.0 0.0 0.0 0.0 0.0 0.0 0.0 0.0 0.0 0.0 0.0 0.0 0.0 0.0 0.0 0.0 0.0 0.10603034086834051 0.17064257983498768 0.15904551130251077 0.0 0.0 0.0 0.0 0.0 0.0 0.0
0.0 0.0 0.0 0.0 0.0 0.0 0.0011044827173782579 0.030373274727910765 0.010492585815095185 0.028716550651841644 0.13253792608542564 0.26783705896429866 3.309030221266147 7.256451453177097 7.272466452579085 3.173731088387274 0.33686722880045883 0.0640599976079563 0.02264189570625949 0.0 0.0 0.0 0.0 0.0 0.0 0.0 0.0 0.0 0.0 0.0 0.0 0.0 0.0 0.0 0.0 0.0 0.0 0.0 0.10603034086834051 0.4567036036360328 0.3357627460830806 0.09608999641193272 0.0 0.0 0.0 0.0 0.0 0.0
0.0 0.0 0.0 0.0 0.0 0.0 0.0011044827173782579 0.0016567240760691215 0.03258224016266728 0.030373274727910765 0.006626896304273017 0.022089654347572096 0.13419465016149476 0.7228839385242624 2.071457336443476 3.0566559203451473 1.2276325403662616 0.4346139492884607 0.043074825977762465 0.0038656895108256373 0.0 0.0 0.0 0.0 0.0 0.0 0.0 0.0 0.0 0.0 0.0 0.0 0.0 0.0 0.0 0.0 0.0 0.0 0.0 0.0 0.0 0.0 0.0 0.0 0.0 0.0 0.0 0.0
0.0 0.0 0.0011044827173782579 0.0038656895108256373 0.0027612067934473794 0.0038656895108256373 0.006626896304273017 0.014358275325920822 0.2634191280947856 0.21371740581275014 0.0867018933142158 0.0640599976079563 0.0811794797273245 0.12370206434639958 1.4888427030262905 3.079297816051407 2.5690268006225163 0.8421680720011488 0.1629112008133364 0.01822396483674646 0.0011044827173782579 0.0011044827173782579 0.0016567240760691215 0.0011044827173782579 0.0 0.0 0.0 0.0 0.0 0.0 0.0 0.0 0.0 0.0 0.0 0.0 0.0 0.0 0.0 0.0 0.0 0.0 0.0 0.0 0.0 0.0 0.0 0.0
0.0016567240760691215 0.013253792608542564 0.07455258342305149 0.2468518873341083 0.15849326994382337 0.27556843798594993 0.2871655065184234 0.28606102380104514 0.5991818741778663 0.42909153570156944 0.23580706016032224 0.10879154766178789 0.25955343858395996 1.2447520224856297 1.8748594127500942 3.354314012678668 3.1444622963767417 1.563947527808033 0.266180334888233 0.051358446358104604 0.005522413586894759 0.0 0.0 0.0 0.0 0.0 0.0 0.0 0.0 0.0 0.0 0.0 0.0 0.0 0.0 0.0 0.0 0.0 0.0 0.0 0.0 0.0 0.0 0.0 0.0 0.0 0.0 0.0
0.3357627460830806 0.44621101782093764 0.6847792847747037 0.7803170398279491 1.2237668508554358 1.1690949563452 0.9956911697167649 0.4567036036360328 0.5677041167325771 0.2744639552685717 0.13916482238969866 0.030373274727910765 0.02264189570625949 0.3672405035283696 0.9106460004786182 1.8036202774791774 2.0206511314440623 1.953829927042662 0.49425601602690394 0.18776206195435588 0.02374637842363775 0.0 0.0 0.0 0.0 0.0 0.0 0.0 0.0 0.0027612067934473794 0.03644792967349292 0.03534344695611466 0.0 0.0 0.0 0.0 0.0 0.0 0.0 0.0 0.0 0.0 0.0 0.0 0.0 0.0 0.0 0.0
0.557211530917482 0.6267939421123296 0.7162570422199928 0.837197899772945 2.0018749252486283 1.9262178591081986 2.114532162421242 2.016233200574549 2.1371740581275014 0.30925516086599547 0.1402693051070769 0.06185103217319979 0.06461223896664717 0.022089654347572096 0.13253792608542564 0.7245406626003315 0.7466303169479036 0.5643906685804424 0.48431567157049615 0.24795637005148655 0.07234361798829497 0.0011044827173782579 0.0 0.0 0.0 0.0 0.0 0.0 0.0 0.0011044827173782579 0.024850861141019476 0.024850861141019476 0.0 0.0 0.0 0.0 0.0 0.0 0.0 0.0 0.0 0.0 0.0 0.0 0.0 0.0 0.0 0.0
