static/data/precipitation/2023/7/25/6.asc
ncols 137
nrows 93
xllcorner 108.0
yllcorner 17.0
cellsize 0.25
NODATA_value -32767
[rows 0 to 18 of 93, columns 42 to 83 of 137]
0.15738878722644511 0.07068689391222932 0.05632861858630503 0.1032691340748966 0.09443327233586707 0.016014999401989943 0.0 0.0 0.0 0.0 0.0 0.0 0.0 0.0027612067934473794 0.006626896304273017 0.012149309891164306 0.006626896304273017 0.014358275325920822 0.1032691340748966 0.19825464776945106 0.3053894713551698 0.14965740820479384 0.19659792369338194 0.3330015392896332 0.1336424088028039 0.15186637363955036 0.21758309532357578 0.05798534266237415 0.08559741059683754 0.37165843439788265 1.0072882382492419 1.1939458174862159 0.6168535976559218 0.3125686090181302 0.24519516325803917 0.9095415177612399 1.3314539157998455 0.09608999641193272 0.0 0.0 0.0 0.0
0.05356741179286112 0.13143344336804738 0.29489688554007465 0.35950912450671835 0.040313619184318555 0.0 0.0 0.0 0.0 0.0 0.0 0.0 0.0 0.004970172228203895 0.014358275325920822 0.03810465374956204 0.0298210333692199 0.011597068532473442 0.024850861141019476 0.05632861858630503 0.09719447912931445 0.14689620141134646 0.1905232687477998 0.19825464776945106 0.17064257983498768 0.030373274727910765 0.033134481521358145 0.05246292907548286 0.06185103217319979 0.4589125690707893 1.5219771845476453 2.5623999043182453 0.8200784176535768 0.32416567755060716 0.36447929673492224 0.6897494570029077 0.21095619901930276 0.0 0.0 0.0 0.0 0.0
0.12314982298770871 0.025955343858397734 0.02374637842363775 0.02374637842363775 0.02374637842363775 0.0 0.0 0.0 0.0 0.0 0.0 0.0 0.0 0.0011044827173782579 0.0011044827173782579 0.0016567240760691215 0.0011044827173782579 0.0011044827173782579 0.0016567240760691215 0.005522413586894759 0.03534344695611466 0.10879154766178789 0.043074825977762465 0.012149309891164306 0.0016567240760691215 0.0011044827173782579 0.010492585815095185 0.07455258342305149 0.2567922317905126 0.13143344336804738 0.26231464537740734 0.2993148164095877 0.21758309532357578 0.21758309532357578 0.28992671331187075 0.07841827293387713 0.01988068891281558 0.0 0.0 0.0 0.0 0.0
0.013253792608542564 0.0 0.0 0.0 0.0 0.0 0.0 0.0 0.0 0.0 0.0 0.0 0.0 0.0 0.0 0.0 0.0 0.0 0.0 0.0 0.0171194821193682 0.0171194821193682 0.0171194821193682 0.0 0.0 0.0011044827173782579 0.05908982537975241 0.12370206434639958 0.16677689032416204 0.1734037866284316 0.12480654706377783 0.051358446358104604 0.03644792967349292 0.2070905095084806 0.2783296447793973 0.027612067934463386 0.010492585815095185 0.0 0.0 0.0 0.0 0.0
0.0 0.0 0.0 0.0 0.0 0.0 0.0 0.0 0.0 0.0 0.0 0.0 0.0 0.0 0.0 0.0 0.0 0.0 0.0 0.0 0.0 0.0 0.0 0.0 0.0 0.0011044827173782579 0.03810465374956204 0.09167206554241969 0.22586671570391445 0.07068689391222932 0.03258224016266728 0.07344810070567323 0.27943412749677554 0.41307653629957947 0.39485257146283304 0.11541844396605744 0.045836032771209845 0.009388103097716927 0.01822396483674646 0.004970172228203895 0.0 0.0
0.0 0.0 0.0 0.0 0.0 0.0 0.0 0.0 0.0 0.0 0.0 0.0 0.0 0.0 0.0 0.0 0.0 0.0 0.0 0.0011044827173782579 0.0011044827173782579 0.0 0.0 0.0 0.0 0.0011044827173782579 0.03700017103218031 0.26231464537740734 0.5942117019496623 0.2805386102141538 0.2672848176056113 0.4252258461907438 0.2650758521708547 0.24519516325803917 0.2253144743452236 0.09608999641193272 0.17561275206319157 0.13916482238969866 0.05743310130368676 0.005522413586894759 0.0 0.0
0.0 0.0 0.0 0.0 0.0 0.0 0.0 0.0 0.0 0.0 0.0 0.0 0.0 0.0 0.0 0.0 0.0 0.0 0.0 0.0011044827173782579 0.0011044827173782579 0.0 0.0 0.0 0.0 0.0011044827173782579 0.061298790814508924 0.2871655065184234 0.48376343021180535 0.30980740222468284 0.2965536096161403 0.37165843439788265 0.13088120200936 0.10492585815096225 0.21647861260619752 0.27667292070332816 0.31201636765944285 0.2567922317905126 0.19162775146517805 0.19438895825862543 0.0 0.0
0.0 0.0 0.0 0.0 0.0 0.0 0.0 0.0 0.0 0.0 0.0 0.0 0.0 0.0 0.0 0.0 0.0 0.0 0.0 0.0 0.0011044827173782579 0.0 0.0 0.0 0.0 0.0011044827173782579 0.03810465374956204 0.09167206554241969 0.11652292668343917 0.07510482478174235 0.0867018933142158 0.16512016624809292 0.07068689391222932 0.03700017103218031 0.10603034086834051 0.363374814017544 0.27667292070332816 0.21923981939964143 0.29489688554007465 0.3556434349958962 0.1259110297811561 0.0
0.0011044827173782579 0.0011044827173782579 0.0 0.0 0.0 0.0 0.0 0.0 0.0 0.0 0.0 0.0 0.0 0.0 0.0 0.0 0.0 0.0 0.0 0.0 0.0 0.0 0.0 0.0 0.0 0.0 0.0011044827173782579 0.05743310130368676 0.061298790814508924 0.054119653151548514 0.054119653151548514 0.15241861499824122 0.12314982298770871 0.06461223896664717 0.2573444731492035 0.4064496399953065 0.37938981341953393 0.17561275206319157 0.2253144743452236 0.17837395885663548 0.10603034086834051 0.006626896304273017
0.0027612067934473794 0.0016567240760691215 0.0 0.0 0.0 0.0 0.0 0.005522413586894759 0.005522413586894759 0.0 0.0 0.0 0.0 0.0 0.0 0.0 0.0 0.0 0.0 0.0 0.0 0.0 0.0 0.0 0.0 0.0 0.0 0.08946310010766317 0.09995568592275836 0.09332878961848881 0.09167206554241969 0.11431396124867918 0.10492585815096225 0.1734037866284316 0.6809135952638781 0.8239441071644025 1.879829584978298 1.9245611350321297 0.22034430211702316 0.07179137662960758 0.03700017103218031 0.016014999401989943
0.008835861739029532 0.006626896304273017 0.0 0.0 0.0 0.0 0.0 0.02264189570625949 0.0171194821193682 0.0038656895108256373 0.0016567240760691215 0.0016567240760691215 0.0011044827173782579 0.0016567240760691215 0.0016567240760691215 0.0016567240760691215 0.0 0.0 0.0 0.0 0.0 0.0 0.0 0.0 0.0 0.0 0.0 0.06571672168402543 0.06019430809713067 0.027612067934463386 0.0027612067934473794 0.0867018933142158 0.22420999162784533 0.31753878124633417 0.35950912450671835 2.7352514495879876 4.015899160388421 3.4553741813188044 0.6301073902644644 0.22862792249736183 0.11265723717261353 0.11817965075950482
0.03147775744528902 0.014358275325920822 0.0 0.0 0.0 0.0 0.0 0.027612067934463386 0.02264189570625949 0.008835861739029532 0.009388103097716927 0.0016567240760691215 0.0 0.006626896304273017 0.02264189570625949 0.08228396244470276 0.04970172228203548 0.0 0.0 0.0 0.0 0.0 0.0 0.0 0.0 0.0 0.0 0.0011044827173782579 0.0027612067934473794 0.0027612067934473794 0.0016567240760691215 0.012149309891164306 0.11707516804212656 0.5677041167325771 1.8671280337284464 4.676932066739486 4.9083211960302915 3.3366422892006105 0.9840941011842914 0.3147775744528868 0.08891085874897231 0.07897051429256799
0.0392091364669403 0.010492585815095185 0.02374637842363775 0.006626896304273017 0.0 0.0016567240760691215 0.01988068891281558 0.02264189570625949 0.027612067934463386 0.03534344695611466 0.04362706733645333 0.07068689391222932 0.07731379021649887 0.09553775505324533 0.23470257744294398 0.13419465016149476 0.07179137662960758 0.0016567240760691215 0.0 0.0 0.0 0.0 0.0 0.0 0.0 0.0 0.0 0.0 0.0 0.0 0.0 0.0 0.05246292907548286 0.11928413347688308 0.49094256787476576 1.8759638954674722 3.761315894032665 4.0170036431058 3.4818817665358894 1.1293335785195722 0.4578080863534111 0.09940344456407096
0.0298210333692199 0.0077313790216512746 0.0077313790216512746 0.0077313790216512746 0.0 0.0 0.006626896304273017 0.0077313790216512746 0.025955343858397734 0.040313619184318555 0.05798534266237415 0.01546275804329908 0.02374637842363775 0.02374637842363775 0.07344810070567323 0.03810465374956204 0.03810465374956204 0.0 0.0 0.0 0.0 0.0 0.0 0.0 0.0 0.0 0.0 0.0 0.0 0.0 0.0 0.0 0.03810465374956204 0.11044827173785701 0.15352309771561948 0.742212386078387 1.7252020045453003 1.54130563210177 1.7660678650883062 0.9023623800982795 0.49756946417903875 0.11541844396605744
0.1032691340748966 0.016014999401989943 0.0027612067934473794 0.0011044827173782579 0.0077313790216512746 0.010492585815095185 0.05743310130368676 0.0 0.013253792608542564 0.014358275325920822 0.02374637842363775 0.0011044827173782579 0.0 0.0 0.0 0.0 0.0 0.0 0.0 0.0 0.0 0.0 0.0 0.0 0.0 0.0 0.0 0.0 0.0 0.0 0.0 0.0016567240760691215 0.040313619184318555 0.09332878961848881 0.13419465016149476 0.4213601566799181 0.4959127401029696 0.42798705298419115 0.4694051548858845 0.43571843200583893 0.1336424088028039 0.17450826934581332
0.12977671929198173 0.04362706733645333 0.03258224016266728 0.010492585815095185 0.01822396483674646 0.02374637842363775 0.04473155005383159 0.0 0.0 0.0 0.0 0.0 0.0 0.0 0.0 0.0 0.0 0.0 0.0 0.0 0.0 0.0 0.0 0.0 0.0 0.0 0.0 0.0 0.0 0.0 0.0 0.0016567240760691215 0.01546275804329908 0.06847792847746934 0.23580706016032224 0.15738878722644511 0.24298619782328265 0.5456144623850051 0.263971369453473 0.24629964597541742 0.13750809831362953 0.17450826934581332
0.07841827293387713 0.06185103217319979 0.047492756847278966 0.02264189570625949 0.016014999401989943 0.022089654347572096 0.0 0.0 0.0 0.0 0.0 0.0 0.0 0.0 0.0 0.0 0.0 0.0 0.0 0.0 0.0 0.0 0.0 0.0 0.0 0.0 0.0 0.0 0.0 0.0 0.0 0.0 0.014358275325920822 0.9642134122714758 1.6804704544914686 1.0719004772158855 1.7826351058489869 2.0858156117693967 2.908655236216421 0.31201636765944285 0.20322481999765496 0.12701551249853435
0.0811794797273245 0.06792568711878194 0.03258224016266728 0.030373274727910765 0.019328447554124717 0.0016567240760691215 0.0 0.0 0.0 0.0 0.0 0.0 0.0 0.0 0.0 0.0 0.0 0.0 0.0 0.0 0.0 0.0 0.0 0.0 0.0 0.0 0.0 0.0 0.0 0.0 0.0 0.0 0.16567240760678378 1.1309903025956378 3.350448323167842 2.7286245532837166 3.7011215859355326 4.674170859946038 6.836195779214557 1.9378149276406722 0.16401568353071466 0.09332878961848881
0.04362706733645333 0.15241861499824122 0.1402693051070769 0.15186637363955036 0.02264189570625949 0.0 0.0 0.0 0.0 0.0 0.0 0.0 0.0 0.0 0.0 0.0 0.0 0.0 0.0 0.0 0.0 0.0 0.0 0.0011044827173782579 0.0011044827173782579 0.0 0.0 0.0 0.0 0.0 0.0 0.0011044827173782579 0.23359809472556572 1.5562161487863817 3.0660440234428643 5.575980998685627 4.407990525057807 4.03854105609468 6.518104756609534 1.884247515847811 0.13143344336804738 0.11265723717261353
