static/data/seaWind_vo/2023/7/11/0.asc
ncols 137
nrows 93
xllcorner 108.0
yllcorner 17.0
cellsize 0.25
NODATA_value -32767
[rows 0 to 18 of 93, columns 0 to 43 of 137]
3.099847771662914 3.4281351735815893 3.614965402315794 3.7172771942416682 3.4139004894875544 3.019777673633969 2.485087352351791 2.1852693186211853 1.7386561051708473 1.5055631531310292 1.106991998498058 0.9601968187783254 0.9085960889374496 1.2155314647150726 1.7617874668236535 1.960183376384262 1.8623199232377736 1.493107804548749 0.9851075159428861 0.3561124125377284 -0.21327495122365914 -0.42590554487830223 -0.3191454141730419 -0.1919229250826069 -0.06203143272454037 -0.09316980418024157 -0.14921887280050283 0.0046936489662470215 0.16038550624475167 0.24846261407659087 0.2618076304147485 0.1434818188830853 0.19419288096808396 0.5616256641453541 1.0358185780278846 1.5171288339574325 1.784029160720583 1.4913284690369946 0.9877765192105175 0.37657477092290326 -0.2479719937028686 -0.6429844773123312 -0.9445818465546911 -1.141198420603545
3.651441780306758 3.815140647388157 3.735070549359212 3.46550121932843 3.179917869691859 2.9441559143844094 2.4325969547550383 1.732428430879707 0.9566381477548167 1.0135768841309554 1.2466698361707733 1.5135701629339238 1.318732924396824 1.3009395692792807 1.4548520910460305 1.8943479624493516 2.122992575709784 1.901465304496369 1.090088311136392 -0.1020664817390129 -0.5255483335365447 -0.44280923223996815 0.3828024452140435 0.9788798416517459 1.2884842206970002 1.196848441841652 1.1754964157006 1.0829709690893745 0.8676713721670999 0.4530861979283396 0.050956372271859784 -0.25331000023813166 -0.33604910153470824 0.2778216500205377 1.0607292751924453 1.9584040408725076 2.3747685506230223 2.1541309471654846 1.6879450430858487 1.1185576793244612 0.8979200758669237 0.6630477883153514 0.5207009473750044 0.43707217832255063
3.872969051520173 3.7395188881385977 3.2030492313446652 2.547364095263193 1.9566247053607533 1.52424617600445 1.1612617316065652 0.7422282185884193 0.22800025569141624 0.24223493978545108 0.3943681260404466 0.5589566608777226 0.5465013122954423 0.5981020421363181 0.7422282185884193 0.9806591771635003 1.0714052882629714 0.8267466553967502 0.17462019033878606 -0.25419966799400884 -0.10918382378603031 0.3925887905286922 1.1203370148362155 1.6381236487567272 1.913030985322772 1.8712166007965452 1.68438637206234 1.4023616934492777 1.0011215355486751 0.6390267589066678 0.2920563341145721 -0.034451732292348325 -0.35295278889637416 0.0580737143188772 0.6203437360332473 1.2635735235324397 1.1310130279067416 0.8552160235848196 0.5838673580422833 0.6052193841833353 0.8721197109464858 1.0633982784600768 1.2733598688470884 1.1772757512123544
3.163014182330193 3.5028672650752712 3.226180592997472 2.638110206362664 1.9103619820551407 1.3107259145939294 0.9388447926372734 0.6639374560712286 0.438851513834305 0.28849766309106384 0.08565341475106925 -0.06914877477155779 0.26091796265887135 0.6256817425685102 0.8908027338199063 0.8018359582321894 0.884575059528766 0.794718616185172 0.8320846619320132 0.7333315410296475 0.8053946292556982 0.9708728318488513 1.1399097054655132 1.5562742152160278 1.785808496232337 1.9023549722522461 1.5020044821075205 0.884575059528766 0.2911666663586949 -0.30580039783488466 -0.6785711875474179 -0.9508095208458314 -0.918781481634253 -0.828925038290659 -0.5557970372363688 -0.5664730503068949 -0.5629143792833862 -0.4534852453104943 0.011810991013264438 0.46287254324298854 0.7448972218560508 0.9077064211815724 0.9628658220459569 0.7271038667385075
3.0971787683952825 3.3436167367732583 3.31158869756168 3.246642951382647 2.764443027697222 2.0740608491365395 1.2840358819176145 0.8178499778379784 0.5118042698162328 0.26536630143825723 0.04828736900422825 -0.18925392181497536 0.5936537033569322 0.9913351902340262 1.3053879080586666 1.1034333274745494 1.0607292751924453 0.9513001412195536 0.9566381477548167 0.7386695475649105 0.76713891575298 0.9673141608253426 1.3285192697114727 1.5633915572630452 1.7724634798941796 1.705738398203392 0.7279935344943846 0.03316301715431624 -0.8751877615962718 -1.3048972876849438 -1.5157485458278326 -1.2862142648115236 -1.0246519445836362 -0.943692178798814 -0.8226973639995192 -0.7479652725058368 -0.3814221570844438 0.10255710211273561 0.5803086870187746 0.534045963713162 0.18262720014168066 0.23600726549431084 -0.00687203186015628 -0.21149561571190478
3.236856606067998 3.3738654404730815 3.401445140905274 3.336499394726241 3.278670990594225 2.6897109362035394 1.8979066334728603 1.2110831259356867 0.8650023688994684 0.5562876576100912 0.22266224915615318 0.013590326525018792 0.8641127011435912 1.212862461447441 1.4174860452991895 1.0660672817277084 0.6221230715450017 0.4966799179663208 0.3516640737583425 0.4086028101344812 0.4450791881254452 0.7867116063822777 0.9940041935016577 1.048273926610165 0.507355931036847 0.22444158466790753 -0.5335553433394393 -0.9668235404516201 -1.6910130937356347 -1.7817592048351059 -1.3173526362672243 -1.0371072931659167 -0.4232365416106707 0.07497740168054357 0.19775155199159267 0.6167850650097386 0.9886661869663946 1.3525402991201565 0.9815488449193774 0.5278182894220218 -0.01487904166305043 -0.5976114217625956 -0.8484977289199569 -0.7497446080175911
3.1728005276448417 3.1861455439829993 3.220842586462209 3.236856606067998 3.1932628860300167 2.740421998288538 2.4272589482197753 1.7617874668236535 1.4762041171870828 1.2582355169971766 0.9228307730314842 0.8827957240170117 1.344533289317262 1.694172717376989 1.0073492098398154 0.5847570257981605 0.1434818188830853 -0.13498418870646844 -0.27466202637918347 -0.003313360836647572 0.39881646481983246 0.7244348634708759 0.5927640356010551 -0.2995727235437444 -0.8431597223846938 -1.5646802724010769 -1.644750370430022 -2.0789082352980803 -1.682116416176863 -1.183902472885649 -0.6847988618385581 0.370347096631763 1.0945366499157776 1.5954195964746232 1.8338505550497042 2.1968349994475886 2.34096117589969 2.03313613236619 1.6612550104095336 0.9806591771635003 0.27337331124115183 -0.31202807212602446 -0.696364542664961 -0.5033066396396157
3.166572853353702 3.033122689972126 3.0437987030426523 2.968176943793093 2.961949269501953 2.733304656241521 2.64878621943319 2.3854445636935484 2.19327632842408 2.1674759635036422 1.918368991858035 1.8258435452468098 1.73153876312383 1.2457801684148961 0.7475662251236823 0.37746443867878043 0.15860617073299732 -0.46149225511338887 -0.509534313930756 -0.029113725757085263 0.17017185155940018 0.08120507597168336 -0.314697075393656 -1.1589917757210886 -1.9810447821515917 -2.6091502178008716 -2.566446165518768 -1.997058801757381 -1.1340810785565276 -0.21149561571190478 0.995783529013412 1.8365195583173357 2.603413163883454 2.8462924612379212 2.9361489045815152 2.9752942858401106 2.8462924612379212 2.5598194438454733 2.264449748894253 1.711966072494532 1.38278900281998 1.0064595420839382 0.48867290816342646 0.44774819139307676
3.2341876028003664 3.062481725916073 2.9708459470607247 2.89700352332292 3.00999132831932 2.9610596017460757 2.913907210684586 2.7519876791149414 2.66124156801547 2.769781034232485 2.3854445636935484 1.953955702093122 1.1799447544799857 0.7021931695739467 0.5002385889898295 0.5411633057601792 0.49579025021044365 -0.3778634860609351 -0.6154047768801387 -0.5673627180627716 -0.5353346788511937 -0.9516991886017085 -1.405429744099064 -1.8787329902257173 -2.571784172054031 -2.8671538670052503 -2.277304144858688 -1.4356784477988875 -0.09228013642436439 0.9833281804311318 2.018011780516278 2.558040108333719 3.1345448141421235 3.211945908903437 3.152338169259667 2.986859966666514 2.782236382814765 2.511777385028106 2.2973674558617088 2.2484357292884645 2.3222781530262693 2.14612393736259 1.7021797271798833 1.148806383024285
3.1131927880010717 3.052695380601424 2.982411627887128 2.9752942858401106 3.2181735831945772 3.1354344818980007 3.047357374066161 2.8587478098202013 2.5936268185688056 2.35341652448197 1.8685475975289136 1.313394917861561 0.3534434092700969 0.13903348010369943 0.05273570778361414 0.21198623608562706 -0.1625638891386605 -0.7230545753412763 -0.9623752016722342 -0.8342630448259221 -0.8671807517933776 -1.2951109423702953 -1.732827478261862 -2.176771688444568 -2.7942011110233227 -3.0192870532602467 -2.277304144858688 -0.8956501199814468 0.7404488830766649 1.525135843760327 1.9931010833517173 2.3427405114114443 2.80269874119994 2.8836585069847622 2.8160437575380977 2.631882532071524 2.3978999122758284 2.156799950433116 2.094523207521714 2.0963025430334685 2.1025302173246088 1.8943479624493516 1.4646384363606795 1.0340392425161302
2.6914902717152938 2.80269874119994 2.6941592749829253 2.6265445255362607 2.713731965612223 2.64878621943319 2.6265445255362607 2.54825376301907 2.28758111054706 1.6487996618272533 1.0607292751924453 0.6167850650097386 0.5278182894220218 0.2333382622266793 -0.4107811930283902 -1.0468936384805652 -1.3983124020520465 -1.2230478541442444 -0.7995660023467126 -0.472168268183915 -0.4757269392074237 -1.0317692866306536 -1.52286588787485 -2.0789082352980803 -2.785304433464551 -3.181206584829891 -2.4187613180431584 -0.9766098857662691 0.7066415083533326 1.5011148143516433 2.0304671290985583 2.3854445636935484 2.6398895418744184 2.4761906747930196 2.2528840680678504 2.060715832798382 1.9059136432757549 1.754670124776636 1.6950623851328661 1.656806671630148 1.6550273361183936 1.4566314265577849 1.0927573144040235 0.736000544297279
2.9050105331258145 2.9539422596990583 2.603413163883454 2.198614334959343 1.93883135024321 1.8365195583173357 1.9032446400081233 1.9085826465433864 1.6025369385216406 0.825856987640873 0.48867290816342646 0.4246168297402704 0.6061090519392125 -0.21594395449129067 -1.1483157626505625 -1.7319378105059848 -1.405429744099064 -0.44636790326347686 0.030494013886685156 0.07764640494817465 -0.32804209173181365 -0.9774995535221462 -1.5219762201189728 -2.1331779684065872 -2.9490033005459497 -3.4374308985225155 -2.596694869218592 -0.9935135731279354 0.8721197109464858 1.8516439101672475 2.5402467532161754 2.958390598478444 3.0651507291837046 2.776898376279502 2.4281486159756525 2.0998612140569772 1.8053811868616347 1.5971989319863775 1.445955413487259 1.286704885185246 1.1043229952304265 0.6790618079211403 0.3009530116733439 0.02070766857203621
2.405906922078723 2.160358621456625 1.8454162358761073 1.4966664755722574 1.22887648105323 1.0705156205070943 1.1577030605830567 1.1737170801888457 0.7351108765414018 0.1772891936064176 0.026935342863176448 0.18618587116518936 0.22888992344729342 -0.6331981319976823 -1.4125470861460814 -1.8013318954644038 -1.0655766613539859 -0.2808897006703237 -0.16790189567392355 -0.621632451171279 -0.9428025110429368 -1.0157552670248644 -1.1750057953268773 -1.6990201035385293 -2.6536336055947305 -2.9828106752692825 -2.057556209157028 -0.3520631211404974 1.4842111269899774 2.2697877554295163 2.797360734664677 3.1719108598889645 3.4681702225960613 3.332940723702732 2.966397608281339 2.580281802230648 2.3178298142468834 2.0633848360660134 1.7884774994999686 1.5589432184836594 1.3062775758145437 0.693296492015175 0.25735929163536264 0.025156007351422094
2.2021730059828517 1.8934582946934744 1.626557967930324 1.3258502664438414 0.8587746946083281 0.3000633439174667 0.3934784582845694 0.5109146020603557 0.2751526467529062 -0.07982478784208391 -0.19281259283848406 -0.12163917236831079 -0.08605246213322415 -0.8271457027789046 -1.5468869172835338 -1.6109429957066896 -0.779103643961538 -0.3832014925961982 -0.7621999565998716 -1.2550758933558224 -1.188350811665035 -0.7577516178204857 -0.9152228106107443 -1.3413736656759077 -2.156309330059394 -2.036204183015976 -0.943692178798814 0.7057518405974554 1.6541376683625164 1.9406106857549643 2.437045293534424 2.7715603697442392 3.1078547814658086 3.0918407618600194 3.00999132831932 2.7164009688798547 2.6203168512451205 2.3427405114114443 2.108757891615749 2.1114268948833805 2.2048420092504832 1.747552782729619 1.2262074777855985 0.9388447926372734
1.9076929787875092 1.7137454080062864 1.4557417588019077 1.1781654189682316 0.6941861597710521 0.16394417726825994 0.16839251604764582 0.28849766309106384 0.2618076304147485 -0.015768709418927607 -0.14121186299760824 -0.09494913969199592 0.11501245069501609 -0.5495693629452285 -1.1127290524154758 -1.1776747985945089 -0.5593557082598775 -0.679460855303295 -1.0317692866306536 -1.3822983824462574 -1.3885260567373976 -1.0264312800953905 -0.8894224456903066 -1.263082903158717 -1.3742913726433632 -0.4712786004280378 0.5358252992249164 1.144358044244899 1.6132129515921667 1.7146350757621636 1.8178365354439152 2.1318892532685556 2.4503903098725814 2.5873991442776654 2.5028807074693344 2.273346426453025 2.0527088229954873 1.9237069983932982 2.0749505168924167 2.134558256536187 2.5455847597514385 2.416582935149249 1.9406106857549643 1.732428430879707
1.4984458110840118 1.3836786705758573 1.3338572762467358 1.0562809364130594 0.5945433711128094 0.10878477640387585 0.11412278293913891 0.34632606722307946 0.4272858330079019 0.236896933250188 0.11412278293913891 0.16038550624475167 0.15326816419773426 -0.5584660405040003 -1.1145083879272302 -0.8725187583286402 -0.2639860133086578 -0.4525955775546171 -1.003299918442584 -1.358277353037574 -1.6527573802329165 -1.250627554576437 -1.109170381391967 -0.7470756047499596 -0.5789283988891749 0.4904522436751808 1.2431111651472648 1.8463059036319844 1.6434616552919903 1.4210447163226982 1.5215771727368184 1.5553845474601506 1.8009328480822488 1.8605405877260193 1.5687295637983083 1.3356366117584901 0.8667817044112227 0.9735418351164828 1.12834402463911 1.525135843760327 1.9059136432757549 1.8240642097350555 1.9299346726844382 1.7288697598561984
1.2208694712503356 1.1728274124329685 1.123006018103847 0.9637554898018341 0.5331562959572849 0.08476374699519207 0.1924135454563296 0.4246168297402704 0.7279935344943846 0.646144100953685 0.5233699506426359 -0.05135541965401469 -0.36095979869926875 -1.0824803487156518 -0.7986763345908354 -0.5557970372363688 0.15771650297712014 -0.1287565144153282 -0.6812401908150494 -1.1589917757210886 -1.4641478159869572 -0.9757202180103919 -0.7212752398295219 -0.35740112767576004 0.08476374699519207 1.1835034255034944 1.9379416824873328 2.056267494018996 1.7520011215090048 1.4806524559664687 1.3463126248290163 1.3810096673082257 1.3623266444348052 1.0980953209392863 0.8062842970115753 0.4335135072990419 -0.05580375843340013 0.05629437880712285 0.3080703537203613 0.7057518405974554 0.9432931314166593 0.8125119713027156 0.9183824342520985 1.2786978753823515
1.1950691063298977 1.1310130279067416 1.0313702392484987 0.8721197109464858 0.5625153319012313 0.3934784582845694 0.5162526085956185 0.4788865628487775 0.788490941894032 0.6203437360332473 0.20131022301510137 -0.4223468738547935 -0.9134434750989899 -1.0958253650538095 -0.7025922169561012 -0.255089335749886 0.42639616525202473 0.05540471105124567 -0.2150542867354135 -0.696364542664961 -0.5157619882218962 -0.1732399022091866 0.04383903022484237 0.22800025569141624 0.6790618079211403 1.6950623851328661 2.00466676417812 2.0900748687423283 1.7920361705234773 1.6772690300153226 1.5286945147838356 1.424603387346207 1.281366878649983 0.9041477501580637 0.5687430061923715 0.19330321321220678 -0.11185282705366184 -0.13587385646234562 0.10433643762448996 -0.002423693080770395 0.17462019033878606 0.007362652233878553 0.23422792998255648 0.6150057294979843
1.2306558165649844 1.2484491716825277 1.1052126629863037 0.8187396455938556 0.587426029065792 0.6470337687095622 0.5909847000893007 0.4691002175341288 -0.06292110048041755 -0.6189634479036474 -0.9285678269489019 -0.6082874348331218 -0.6394258062888225 -0.2764413618909378 0.26892497246176594 0.7057518405974554 0.2618076304147485 -0.2070472769325189 -0.20170927039725584 0.05184604002773696 0.46732088202237443 0.3925887905286922 0.4352928428107963 0.5785293515070205 1.2884842206970002 1.8765546073318082 2.113206230395135 2.0624951683101362 1.8036018513498804 1.821395206467424 1.7724634798941796 1.6861657075740943 1.5527155441925191 1.387237341599366 1.048273926610165 0.7778149288235059 0.5384943024925477 0.5064662632809698 0.17462019033878606 -0.10473548500664442 -0.4890719555455809 -0.6251911221947877 -0.3778634860609351 -0.04156907433936574
