static/data/seaWind_vo/2023/7/11/18.asc
ncols 137
nrows 93
xllcorner 108.0
yllcorner 17.0
cellsize 0.25
NODATA_value -32767
[rows 38 to 56 of 93, columns 88 to 131 of 137]
7.393384361526126 7.457440439949282 7.274168882238586 7.022392907325347 6.881825401896755 6.909405102328947 6.961005832169823 7.049082940001663 7.13449104456587 7.1567327384628 7.083779982480872 6.954778157878682 6.839121349614651 6.642504775565797 6.3791631198261545 6.171870532706775 5.945005254958097 5.73682300008284 5.6007038334336325 5.578462139536704 5.60782117548065 5.644297553471614 5.614938517527667 5.527751077451705 5.429887624305216 5.389852575290744 5.283092444585484 5.150531948959786 5.028647466404614 4.8516035829850575 4.674559699565501 4.533992194136909 4.42367339240814 4.333816949064546 4.322251268238142 4.289333561270688 4.2626435285943725 4.259974525326741 4.275098877176653 4.239512166941566 4.2128221342652505 4.183463098321305 4.14698672033034 4.07492363210429
7.4369780815641064 7.388046354990863 7.339114628417619 7.273279214482708 7.23502350097999 7.170077754800957 7.209223136059553 7.2483685173181485 7.2537065238534115 7.190540113186131 7.092676660039643 6.940543473784647 6.721685205838865 6.43699152395817 6.156746180856863 5.930770570864063 5.71458130618591 5.63629054366872 5.60782117548065 5.614938517527667 5.588248484851352 5.549103103592757 5.463694999028549 5.329355167891096 5.173663310612593 5.002847101484177 4.849824247473303 4.69680139346243 4.517088506775242 4.3124649229234935 4.154993730133235 3.9779498467136785 3.850727357623244 3.7751055983736843 3.7484155656973694 3.7137185232181595 3.7021528423917567 3.7021528423917567 3.704821845659388 3.694145832588862 3.6905871615653534 3.63186908967746 3.5749303533013217 3.534895304286849
7.493916817940246 7.286624230820866 7.241251175271131 7.274168882238586 7.451212765658141 7.460109443216913 7.4423160880993695 7.353349312511654 7.286624230820866 7.086448985748502 6.909405102328947 6.673643147021497 6.427205178643522 6.166532526171512 5.963688277831517 5.732374661303454 5.628283533865825 5.608710843236527 5.598034830166002 5.536647755010477 5.485047025169601 5.399638920605392 5.252843740885661 5.0820275317572445 4.808899530702954 4.573137575395505 4.396983359731825 4.180794095053673 3.9886258597842046 3.8293753314821917 3.6834698195183364 3.519770952436937 3.4245765025580805 3.3453960722850122 3.2626569709884357 3.2306289317768577 3.2039388991005424 3.167462521109579 3.156786508039053 3.1336551463862463 3.100737439418791 3.047357374066161 2.9948669764694085 2.9503835886755496
7.568648909433929 7.513489508569544 7.4672267852639305 7.501923827743141 7.62469797805419 7.628256649077699 7.509041169790159 7.388046354990863 7.153174067439291 6.932536463981753 6.642504775565797 6.416529165572996 6.177208539242038 5.978812629681429 5.779527052364943 5.6549735665421395 5.613159182015913 5.572234465245563 5.515295728869425 5.462805331272672 5.332024171158729 5.09270354482777 4.933453016525757 4.713705080824097 4.453032428352087 4.243070837965075 4.019764231239906 3.8284856637263145 3.7074908489270197 3.5678130112543043 3.387210456811239 3.26443630650019 3.163014182330193 3.061592058160196 2.977073621351865 2.9236935559992347 2.8231610995851146 2.7795673795471334 2.7190699721474862 2.6817039264006453 2.6203168512451205 2.5767231312071393 2.5215637303427547 2.4610663229431076
7.6727400368715575 7.68430571769796 7.763486147971028 7.798183190450237 7.730568441003573 7.658505352777523 7.490358146916737 7.1976574552331485 6.961895499925699 6.667415472730356 6.357811093685102 6.148739171053968 5.984150636216692 5.786644394411961 5.716360641697665 5.643407885715737 5.574013800757317 5.466364002296181 5.409425265920042 5.224374372697591 5.055337499080929 4.840037902158654 4.65943534771559 4.439687412013929 4.203925456706479 4.0135365569487655 3.8231476571910514 3.7324015460915803 3.6105170635364083 3.4877429132253592 3.3400580657497496 3.2404152770915067 3.105185778198177 3.00376365402818 2.888106845764148 2.7955813991529226 2.670138245574242 2.5678264536483675 2.5082187140045975 2.4032379188110915 2.3382921726320585 2.2822431040117968 2.2235250321239035 2.1630276247242564
7.864018604385148 7.8613496011175155 7.943199034658216 7.832880232929448 7.75636880592401 7.512599840813667 7.264382536923936 6.961005832169823 6.681650156824391 6.383611458605541 6.1398424934951965 5.963688277831517 5.80888608830889 5.751057684176875 5.6905602767772265 5.60782117548065 5.469922673319689 5.357824536079166 5.173663310612593 4.974377733296107 4.810678866214708 4.638972989330414 4.45837043488735 4.289333561270688 4.054461273719115 3.947701143013855 3.8614033706937696 3.777774601641316 3.777774601641316 3.6541107835743896 3.585606366371848 3.452156202990272 3.31158869756168 3.169241856621333 3.051805712845547 2.8987828588346742 2.745760004823801 2.638110206362664 2.4753010070371424 2.3667615408201277 2.278684432988288 2.188827989644694 2.1309995855126784 2.050039819727856
7.958323386508127 7.937861028122953 7.859570265605761 7.749251463876993 7.54284854451349 7.237692504247622 6.949440151343419 6.667415472730356 6.38717012962905 6.189663887824318 6.017958010940024 5.872942166732046 5.798210075238364 5.7403816711063484 5.653194231030385 5.534868419498722 5.373838555684955 5.219926033918205 5.0366544762075085 4.857831257276198 4.7226017583828686 4.5224265133105055 4.372962330323141 4.2030357889506025 4.130083032968674 4.0882686484424475 4.0526819382073604 4.080261638639553 4.080261638639553 4.071364961080781 4.014426224704643 3.8338236702615776 3.6790214807389505 3.5366746397986035 3.348954743308521 3.179917869691859 3.00376365402818 2.782236382814765 2.6194271834892433 2.4770803425488968 2.362313202040742 2.2582220746031134 2.1683656312595194 2.087405865474697
7.777720832065063 7.743023789585854 7.64338100092761 7.449433430146387 7.199436790744903 6.9583368289021905 6.6442841110775515 6.389839132896681 6.218133256012387 6.027744356254674 5.980591965193184 5.872052498976169 5.787534062167838 5.670987586147929 5.567786126466178 5.477040015366707 5.324906829111711 5.167435636321452 5.053558163569175 4.900535309558302 4.759078136373832 4.609613953386468 4.523316181066383 4.463708441422613 4.399652362999456 4.399652362999456 4.440577079769806 4.487729470831296 4.508191829216471 4.5073021614605935 4.4174457181169995 4.246629508988583 4.08737898068657 3.878307058055436 3.6576694545978983 3.4423698576756236 3.1914835505182624 2.9548319274549355 2.764443027697222 2.612309841442226 2.462845658454862 2.354306192237847 2.2493253970443416 2.1390065953155726
7.773272493285676 7.480571801602089 7.367583996605688 7.174526093580342 6.881825401896755 6.680760489068515 6.396956474943698 6.2643959793179995 6.153187509833354 6.064220734245637 6.078455418339672 5.938777580666956 5.812444759332399 5.676325592683192 5.538427090522231 5.430777292061094 5.308003141750044 5.241278060059257 5.16832530407733 5.0864758705366295 4.9868330818783875 4.892528299755407 4.829361889088128 4.7768714914913755 4.7617471396414635 4.83203089235576 4.87295560912611 4.89786630629067 4.898755974046548 4.848044911961549 4.7466227877915514 4.551785549254452 4.332037613552791 4.107841339071745 3.8578446996702613 3.570482014521936 3.26443630650019 3.051805712845547 2.8640858163554643 2.7048352880534514 2.580281802230648 2.4699630005018793 2.321388485270392 2.197724667203466
7.580214590260331 7.2234578201535875 7.130042705786485 6.9583368289021905 6.670974143753865 6.527737635057642 6.331121061008787 6.248381959712211 6.1692015294391425 6.087352095898444 6.082014089363181 5.884507847558449 5.756395690712138 5.632731872645211 5.518854399892934 5.472591676587321 5.4112046014317965 5.362272874858552 5.290209786632501 5.212808691871188 5.204801682068293 5.154980287739171 5.114945238724699 5.098041551363033 5.102489890142419 5.099820886874787 5.071351518686718 5.09270354482777 5.088255206048384 5.020640456601719 4.903204312825933 4.711925745312342 4.481501796540156 4.217270473044637 3.9138937682905226 3.5838270308600935 3.332051055946855 3.167462521109579 3.041129699775021 2.920134884975726 2.7671120309648534 2.5918474830570513 2.4414936323138097 2.3071538011763573
7.314203931253058 7.136270380077624 6.993923539137278 6.815100320205968 6.582897035922025 6.451226208052205 6.316886376914753 6.250161295223965 6.177208539242038 6.082903757119057 6.033082362789937 5.863155821417397 5.765292368270909 5.683442934730209 5.586469149339598 5.533089083986968 5.44145330513162 5.41921161123469 5.38807323977899 5.32846550013522 5.2964374609236415 5.2314917147446085 5.203912014312416 5.169214971833206 5.137186932621628 5.142524939156891 5.156759623250926 5.132738593842243 5.064234176639701 4.973488065540229 4.870286605858478 4.707477406532956 4.480612128784278 4.195028779147708 3.878307058055436 3.6211930766069345 3.4254661703139577 3.2671053097678215 3.1594555113066844 3.051805712845547 2.861416813087833 2.6736969165977507 2.490425358887054 2.2911397815705685
7.081110979213241 6.98680619709026 6.856914704732194 6.66652580497448 6.539303315884045 6.4191981688406266 6.308879367111858 6.27685132790028 6.082014089363181 5.992157646019587 5.89073552184959 5.759954361735646 5.681663599218455 5.608710843236527 5.532199416231091 5.4708123410755665 5.393411246314253 5.366721213637938 5.332913838914605 5.284871780097238 5.275085434782589 5.212808691871188 5.187897994706627 5.167435636321452 5.130959258330488 5.09893121911891 5.008185108019439 4.898755974046548 4.859610592787952 4.783099165782516 4.6772287028331325 4.51797817453112 4.2777678804442845 4.017095227972274 3.725284204044563 3.496639590784131 3.326713049411592 3.2155045799269457 3.1781385341801047 3.052695380601424 2.861416813087833 2.638999874118541 2.3934515734964426 2.140785930827327
6.99659254240491 6.85780437248807 6.646953114345182 6.524178964034133 6.411191159037733 6.310658702623613 6.2003399008948445 6.087352095898444 5.882728512046695 5.830238114449942 5.725257319256436 5.651414895518631 5.574013800757317 5.471702008831444 5.389852575290744 5.313341148285307 5.2564024119091695 5.220815701674082 5.207470685335925 5.179890984903732 5.174552978368469 5.138966268133382 5.114945238724699 5.08024819624549 5.049109824789788 4.971708730028475 4.84448624093804 4.723491426138745 4.564240897836733 4.484170799807787 4.314244258435248 4.145207384818586 3.885424400102453 3.6220827443628116 3.3729757727172043 3.2172839154387 3.0749370744983535 3.031343354460372 2.9984256474929167 2.887217178008271 2.7368633272650293 2.4922046943988083 2.2021730059828517 1.9317140081961925
6.780403277726757 6.629159759227639 6.458343550099222 6.372045777779137 6.232367940106422 6.093579770189583 5.982371300704938 5.8053274172853815 5.662980576345035 5.5909174881189845 5.509957722334162 5.435225630840479 5.334693174426359 5.223484704941713 5.152311284471541 5.068682515419086 5.017081785578211 5.009074775775316 4.9966194271930355 5.0508891603015424 5.07046185093084 5.079358528489612 5.0811378640013665 5.043771818254526 4.942349694084529 4.848934579717426 4.675449367321378 4.468156780201998 4.292002564538318 4.079371970883676 3.9085557617552595 3.6532211158185124 3.3854311212994848 3.1550071725272986 2.9913083054458998 2.8373957836791495 2.776898376279502 2.7377529950209065 2.727966649706258 2.6505655549449445 2.49487369766644 2.2653394166501304 1.9753077282341738 1.689724378597603
6.5588760065133425 6.428984514155276 6.2893066764825605 6.143401164518705 5.901411534920116 5.762623365003277 5.646966556739246 5.467253670052058 5.438784301863988 5.311561812773553 5.233271050256363 5.122952248527594 5.022419792113474 4.9201080001876 4.860500260543829 4.799113185388304 4.813347869482339 4.805340859679445 4.818685876017602 4.883631622196635 4.948577368375669 5.013523114554702 5.009964443531193 4.93256334876988 4.831141224599882 4.661214683227344 4.460149770399104 4.199477117927094 3.9423631364785923 3.7297325428239487 3.445038860943255 3.1710211921330873 2.9441559143844094 2.7742293730118703 2.627434193292138 2.580281802230648 2.5206740625868775 2.5197843948310004 2.522453398098632 2.4397142968020553 2.263560081138376 2.03313613236619 1.7884774994999686 1.5073424886427835
6.356921425929226 6.243933620932825 6.041979040348708 5.80265841401775 5.557110113395652 5.40675626265241 5.289320118876624 5.179890984903732 5.179890984903732 5.027757798648737 4.920997667943476 4.802671856411813 4.704808403265325 4.6122829566540995 4.57758591417489 4.591820598268924 4.629186644015766 4.65943534771559 4.670111360786115 4.733277771453395 4.805340859679445 4.87295560912611 4.8169065405058475 4.740395113500412 4.579365249686644 4.394314356464193 4.168338746471393 3.889872738881839 3.6203034088510573 3.3631894274025558 3.0695990679630905 2.8516304677731843 2.664800239038979 2.5197843948310004 2.453059313140213 2.4121345963698633 2.4094655931022317 2.421920941684512 2.3987895800317056 2.2715670909412706 2.0918542042540826 1.89167895918172 1.6487996618272533 1.4690867751400654
6.0695587407809 5.90319087043187 5.6807739314625785 5.457467324737409 5.239498724547502 5.0864758705366295 4.9912814206577725 4.911211322628828 4.8667279348349695 4.694132390194799 4.55890289130147 4.440577079769806 4.3427136266233175 4.353389639693844 4.3427136266233175 4.4076593728023505 4.4521427605962085 4.4975158161459445 4.559792559057346 4.638972989330414 4.671001028541992 4.6923530546830445 4.630076311771642 4.503743490437085 4.3329272813086686 4.080261638639553 3.8293753314821917 3.5375643075544807 3.3231543783880833 3.0793854132777394 2.8943345200552884 2.7252976464386265 2.5402467532161754 2.4245899449521437 2.3854445636935484 2.354306192237847 2.352526856726093 2.321388485270392 2.2573324068472362 2.1114268948833805 1.9254863339050525 1.736876769659093 1.5883022544276058 1.4486244167548905
5.717250309453542 5.55444111012802 5.297327128679519 5.063344508883823 4.880072951173126 4.773312820467867 4.687904715903659 4.586482591733661 4.499295151657699 4.336485952332177 4.229725821626917 4.153214394621481 4.132752036236306 4.150545391353849 4.174566420762533 4.290223229026564 4.311575255167616 4.363175985008493 4.42990106669928 4.484170799807787 4.505522825948839 4.491288141854804 4.378300336858404 4.2226084795799 4.003750211634117 3.7439672269179836 3.523329623460446 3.307140358782294 3.1656831855978247 3.0500263773337926 2.89700352332292 2.7528773468708185 2.5642677826248588 2.4619559906989847 2.3516371889702157 2.302705462396972 2.255553071335482 2.203062673738729 2.0749505168924167 1.8987963012287374 1.705738398203392 1.5607225539954137 1.4450657457313818 1.3489816280966478
5.348038190764518 5.09893121911891 4.842706905426286 4.687904715903659 4.584703256221907 4.4921778096106815 4.384528011149545 4.264422864106127 4.162111072180252 4.0331092475780626 3.947701143013855 3.9085557617552595 3.916562771558154 3.958377156084381 4.0286609087986776 4.102503332536482 4.156773065644989 4.251967515523846 4.348051633158581 4.395204024220071 4.428121731187526 4.2982302388294595 4.133641703992183 3.9325767911639433 3.7003735068800023 3.467280554840184 3.278670990594225 3.127427472095106 3.071378403474845 3.06337139367195 3.052695380601424 2.9904186376900226 2.7635533599413447 2.510887717272229 2.3231678207821465 2.225304367635658 2.134558256536187 1.9842044057929455 1.7893671672558458 1.5856332511599742 1.4121480387639265 1.292042891720509 1.2048554516445464 1.127454356883233
