static/data/seaWind_vo/2023/7/11/6.asc
ncols 137
nrows 93
xllcorner 108.0
yllcorner 17.0
cellsize 0.25
NODATA_value -32767
[rows 57 to 75 of 93, columns 88 to 131 of 137]
3.2181735831945772 3.2626569709884357 3.2386359415797523 3.1345448141421235 2.9379282400932696 2.7466496725796783 2.5393570854602983 2.3596441987731103 2.198614334959343 2.1060888883481175 2.049150151971979 1.9957700866193488 1.9432796890225958 1.929045004928561 1.9156999885904036 1.9530660343372448 1.9993287576428573 2.0642745038218906 2.1149855659068892 2.1274409144891697 2.123882243465661 2.0358051356338214 1.9646317151636479 1.8836719493788256 1.8053811868616347 1.7778014864294427 1.7804704896970742 1.8027121835940032 1.8356298905614585 1.906803311031632 1.9575143731166305 1.9735283927224194 1.9023549722522461 1.8623199232377736 1.7973741770587401 1.753780457020759 1.700400391668129 1.6176612903715524 1.5322531858073443 1.3391952827819988 1.101653991962795 0.8222983166173643 0.5100249343044785 0.20575856179448682
3.094509765127651 3.0793854132777394 2.9690666115489703 2.8836585069847622 2.7190699721474862 2.5722747924277534 2.382775560425917 2.147013605118467 1.9690800539430338 1.8854512848905798 1.8845616171347028 1.8552025811907562 1.8454162358761073 1.8365195583173357 1.8258435452468098 1.8525335779231247 1.8881202881582113 1.933493343707947 1.9770870637459281 1.9859837413047 1.953955702093122 1.8987963012287374 1.8560922489466334 1.784029160720583 1.743104443950233 1.7350974341473386 1.7279800921003212 1.7466631149737417 1.7769118186735655 1.7982638448146173 1.8258435452468098 1.784029160720583 1.716414411273918 1.647020326315499 1.589191922183483 1.5616122217512909 1.5616122217512909 1.5117908274221694 1.445955413487259 1.2689115300677025 1.037597913539639 0.7395592153207877 0.4201684909608845 0.11590211845089327
2.9219142204874804 2.8596374775760784 2.759994688917836 2.647006883921436 2.485087352351791 2.335623169364427 2.162137956968379 1.9423900212667187 1.8196158709556696 1.7760221509176883 1.7822498252088286 1.8053811868616347 1.8000431803263717 1.832960887293827 1.8249538774909326 1.8258435452468098 1.8347402228055814 1.8774442750876854 1.9165896563462808 1.9263760016609297 1.8534232456790019 1.784029160720583 1.7555597925325133 1.7439941117061102 1.7128557402504092 1.73153876312383 1.7502217859972504 1.7724634798941796 1.7582287958001448 1.764456470091285 1.6826070365505856 1.6141026193480437 1.5117908274221694 1.4237137195903298 1.3899063448669975 1.3988030224257693 1.397913354669892 1.3961340191581377 1.3756716607729627 1.2528975104619136 1.0553912686571822 0.7582422381942082 0.43707217832255063 0.1363644768360679
2.7066146235652058 2.617647847977489 2.49487369766644 2.369430544087759 2.24042871948557 2.1799313120859223 2.009115102957506 1.8934582946934744 1.8000431803263717 1.8000431803263717 1.8480852391437388 1.8685475975289136 1.8463059036319844 1.8721062685524223 1.8667682620171595 1.8471955713878616 1.8480852391437388 1.8338505550497042 1.8694372652847908 1.8552025811907562 1.8036018513498804 1.743104443950233 1.7359871019032158 1.727090424344444 1.7448837794619874 1.7635668023354079 1.7973741770587401 1.7947051737911088 1.7680151411147937 1.6817173687947085 1.5971989319863775 1.4593004298254164 1.3222915954203327 1.2217591390062128 1.186172428771126 1.1932897708181434 1.195958774085775 1.2066347871563008 1.2422214973913877 1.1932897708181434 1.0153562196427097 0.8222983166173643 0.5064662632809698 0.21287590384150423
2.5402467532161754 2.405017254322846 2.2760154297206565 2.1541309471654846 2.098081878545223 2.0375844711455757 2.024239454807418 1.9406106857549643 1.9041343077640005 1.9370520147314556 1.9735283927224194 1.922817330637421 1.9005756367404918 1.913030985322772 1.9094723142992636 1.89167895918172 1.8694372652847908 1.8552025811907562 1.8480852391437388 1.827622880758564 1.7938155060352317 1.754670124776636 1.7493321182413732 1.7769118186735655 1.795594841546986 1.8267332130026868 1.854312913434879 1.8302918840261955 1.759118463556022 1.6719310234800595 1.482431791478223 1.330298605223227 1.1737170801888457 1.064287946215954 1.016245887398587 0.9682038285812198 0.9726521673606057 0.9966731967692892 1.0340392425161302 1.0144665518868325 0.9246101085432386 0.7324418732737703 0.5162526085956185 0.22800025569141624
2.3925619057405654 2.262670413382499 2.1772623088182907 2.0838471944511885 2.0260187903191724 2.0126737739810148 2.0002184253987347 2.0358051356338214 2.034025800122067 2.057157161774873 2.013563441736892 1.9628523796518935 1.9041343077640005 1.917479324102158 1.9121413175668949 1.906803311031632 1.8792236105994398 1.8765546073318082 1.8721062685524223 1.848974906899616 1.801822515838126 1.7662358056030394 1.774242815405934 1.8036018513498804 1.8374092260732129 1.880113278355317 1.8952376302052287 1.8418575648525985 1.7653461378471622 1.6016472707657634 1.403251361205155 1.2199798034944584 1.0731846237747256 0.9664244930694654 0.8685610399229771 0.8196293133497328 0.77336659004412 0.7902702774057864 0.8303053264202589 0.8365330007113991 0.7626905769735941 0.6150057294979843 0.40237513584334117 0.19063420994457525
2.298257123617586 2.227083703147412 2.1576896181889933 2.1158752336627664 2.0998612140569772 2.0954128752775913 2.0989715463011 2.13366858878031 2.1221029079539067 2.118544236930398 2.0793988556718026 2.0215704515397865 1.9592937086283848 1.8845616171347028 1.8694372652847908 1.8685475975289136 1.8658785942612823 1.8578715844583877 1.8400782293408444 1.822284874223301 1.7831394929647058 1.7617874668236535 1.774242815405934 1.7991535125704945 1.8294022162703183 1.8516439101672475 1.858761252214265 1.7778014864294427 1.6363443132449729 1.4753144494312056 1.3258502664438414 1.1594823960948109 1.0135768841309554 0.894361404843415 0.783152935358769 0.6906274887475434 0.6292404135920189 0.6230127393008786 0.7048621728415783 0.7164278536679813 0.6505924397330709 0.5082455987927241 0.364119422340623 0.17550985809466324
2.368540876331882 2.3703202118436364 2.3382921726320585 2.3196091497586377 2.2697877554295163 2.24665639377671 2.2475460615325873 2.2528840680678504 2.2546634035796047 2.2021730059828517 2.136337592047941 2.0696125103571537 1.9939907511075945 1.9094723142992636 1.8774442750876854 1.8089398578851434 1.8187262031997924 1.7991535125704945 1.7769118186735655 1.764456470091285 1.7181937467856723 1.6879450430858487 1.6923933818652346 1.7226420855650582 1.742214776194356 1.7493321182413732 1.7244214210768125 1.6363443132449729 1.4877697980134859 1.3587679734112965 1.22887648105323 1.1043229952304265 0.9646451575577113 0.8276363231526274 0.6959654952828065 0.6158953972538614 0.5794190192628976 0.5723016772158802 0.603440048671581 0.618564400521493 0.5963227066245638 0.5402736380043021 0.4352928428107963 0.2991736761615895
2.4067965898346 2.414803599637495 2.4414936323138097 2.4646249939666163 2.4557283164078445 2.4503903098725814 2.4237002771962666 2.358754531017233 2.3374025048761813 2.268898087673639 2.218187025588641 2.1701449667712738 2.104309552836363 2.008225435201629 1.9041343077640005 1.7760221509176883 1.7137454080062864 1.6657033491889195 1.6487996618272533 1.656806671630148 1.5829642478923427 1.5802952446247114 1.5705088993100627 1.5633915572630452 1.5402601956102386 1.5020044821075205 1.4690867751400654 1.4023616934492777 1.3062775758145437 1.2217591390062128 1.1425787087331447 1.042935920074902 0.8899130660640291 0.7164278536679813 0.5785293515070205 0.5037972600133382 0.476217559581146 0.47265888855763727 0.49934892123395236 0.5696326739482487 0.5829776902864061 0.5358252992249164 0.4530861979283396 0.3632297545847458
2.3987895800317056 2.4699630005018793 2.537577749948544 2.54202608872793 2.5295707401456493 2.5180050593192465 2.4824183490841594 2.415693267393372 2.3293954950732867 2.2199663611003952 2.166586295747765 2.1221029079539067 2.0687228426012765 2.0064460996898745 1.8854512848905798 1.7822498252088286 1.7279800921003212 1.679048365527077 1.6363443132449729 1.6052059417892721 1.5064528208869064 1.4664177718724338 1.414817042031558 1.3641059799465596 1.3151742533733153 1.2359938231002474 1.2101934581798095 1.1799447544799857 1.1924001030622662 1.1763860834564772 1.148806383024285 1.0473842588542879 0.847209013781925 0.6763928046535088 0.5678533384364943 0.5207009473750044 0.5055765955250926 0.5082455987927241 0.4940109146986893 0.45842420446360266 0.39881646481983246 0.3338707186407992 0.2449039430530826 0.15059916093010273
2.3605338665289874 2.4397142968020553 2.4761906747930196 2.515336056051615 2.5171153915633693 2.4824183490841594 2.4281486159756525 2.358754531017233 2.2769050974765337 2.1817106475976766 2.093633539765837 2.034025800122067 1.9770870637459281 1.922817330637421 1.8427472326084757 1.7582287958001448 1.7030693949357605 1.6479099940713762 1.5954195964746232 1.5091218241545379 1.4254930551020841 1.3418642860496304 1.2262074777855985 1.1585927283389337 1.0776329625541115 0.9948938612575349 0.9771005061399916 1.0029008710604295 1.0625086107041997 1.12834402463911 1.1105506695215668 1.0349289102720074 0.8863543950405204 0.7440075541001736 0.6132263939862299 0.5465013122954423 0.4940109146986893 0.4717692208017603 0.46287254324298854 0.438851513834305 0.3863611162375522 0.32497404108202765 0.24223493978545108 0.16305450951238276
2.3071538011763573 2.335623169364427 2.3569751955054787 2.4076862575904774 2.444162635581441 2.4174726029051263 2.3658718730642505 2.284022439523551 2.2075110125181148 2.1372272598038182 2.038474138901453 1.9664110506754022 1.9156999885904036 1.880113278355317 1.8374092260732129 1.7626771345795307 1.6487996618272533 1.5829642478923427 1.4690867751400654 1.3801199995523485 1.2938222272322633 1.1746067479447229 1.064287946215954 0.9441827991725362 0.8507676848054337 0.8089533002792069 0.8178499778379784 0.884575059528766 0.990445522478149 1.054501600901305 1.048273926610165 0.9788798416517459 0.8552160235848196 0.752014563903068 0.6319094168596504 0.56607400292474 0.5162526085956185 0.4504171946607083 0.4379618460784278 0.4379618460784278 0.4521965301724624 0.4050441391109727 0.39080945501693787 0.3223050378143961
2.1550206149213618 2.178151976574168 2.2155180223210094 2.288470778302937 2.3382921726320585 2.363202869796619 2.341850843655567 2.264449748894253 2.2021730059828517 2.1390065953155726 2.029577461342681 1.969969721698911 1.9450590245343502 1.906803311031632 1.848974906899616 1.7466631149737417 1.599867935254009 1.4637487686048023 1.340084950537876 1.2484491716825277 1.1425787087331447 1.016245887398587 0.899699411378678 0.7706975867764887 0.6843998144564034 0.6594891172918427 0.6950758275269293 0.7840426031146461 0.894361404843415 0.9174927664962214 0.8952510725992922 0.8338639974437676 0.7271038667385075 0.6345784201272819 0.5376046347366705 0.4530861979283396 0.37212643214351737 0.3151876957673787 0.3107393569879928 0.32764304434965896 0.3534434092700969 0.3934784582845694 0.39614746155220093 0.3294223798614133
2.0847368622070657 2.0900748687423283 2.1176545691745208 2.2057316770063604 2.289360446058814 2.3382921726320585 2.325836824049778 2.289360446058814 2.24042871948557 2.1817106475976766 2.093633539765837 2.03313613236619 1.9886527445723314 1.9530660343372448 1.8605405877260193 1.716414411273918 1.5687295637983083 1.4237137195903298 1.2778082076264743 1.1496960507801621 1.0287012359808674 0.894361404843415 0.76713891575298 0.6319094168596504 0.5482806478071967 0.5349356314690392 0.5598463286335997 0.6541511107565796 0.6817308111887719 0.693296492015175 0.6532614430007024 0.5731913449717574 0.4860039048957949 0.3863611162375522 0.28404932431167795 0.19953088750334702 0.11946078947440153 0.06786005963352615 0.04828736900422825 0.06874972738940333 0.10878477640387585 0.16216484175650558 0.21643457486501294 0.1968618842357155
2.1523516116537302 2.1799313120859223 2.208400680273992 2.2226353643680263 2.3133814754674975 2.3605338665289874 2.358754531017233 2.3276161595615323 2.289360446058814 2.227083703147412 2.1630276247242564 2.0954128752775913 2.023349787051541 1.9503970310696133 1.859650919970142 1.7635668023354079 1.6221096291509383 1.467307439628311 1.3098362468380522 1.1496960507801621 0.969093496337097 0.8347536651996448 0.6639374560712286 0.5180319441073729 0.422837494228516 0.3650090900965002 0.38725078399342916 0.3783541064346576 0.40237513584334117 0.39080945501693787 0.33920872517606226 0.24846261407659087 0.16216484175650558 0.0580737143188772 -0.021996383710067846 -0.10117681398313572 -0.16790189567392355 -0.21683362224716785 -0.255089335749886 -0.23729598063234247 -0.19726093161786995 -0.09228013642436439 -0.02733439024533091 0.06786005963352615
2.335623169364427 2.3854445636935484 2.389003234717057 2.3898929024729343 2.3934515734964426 2.399679247787583 2.416582935149249 2.3854445636935484 2.35341652448197 2.2955881203499544 2.221745696612149 2.1158752336627664 2.034025800122067 1.93883135024321 1.8605405877260193 1.7715738121383025 1.694172717376989 1.5384808600984845 1.403251361205155 1.195958774085775 0.9886661869663946 0.7760355933117515 0.5936537033569322 0.3890301195051835 0.259138627147117 0.15771650297712014 0.10611577313624432 0.07853607270405183 0.06519105636589462 0.04828736900422825 0.0020246456986154904 -0.0727074457950665 -0.15544654709164307 -0.22395096429418526 -0.3004623912996216 -0.3404974403140941 -0.40544318649312716 -0.4356918901929512 -0.4454782355075997 -0.41700886731953046 -0.34316644358172566 -0.224840632050062 -0.1251978433918195 0.0020246456986154904
2.6158685124657346 2.5891784797894197 2.5642677826248588 2.5402467532161754 2.5304604079015265 2.4886460233752996 2.4841976845959137 2.4094655931022317 2.345409514679076 2.2866914427911826 2.179041644330045 2.056267494018996 1.9477280278019817 1.8560922489466334 1.796484509302863 1.7493321182413732 1.7030693949357605 1.6283373034420783 1.4690867751400654 1.2431111651472648 1.0180252229103413 0.7858219386264005 0.5402736380043021 0.296504672893958 0.07675673719229748 -0.08961113315673286 -0.1839159152797123 -0.23729598063234247 -0.24263398716760554 -0.2364063128764653 -0.26754468433216605 -0.3049107300790075 -0.35295278889637416 -0.3903188346432156 -0.4107811930283902 -0.4356918901929512 -0.4356918901929512 -0.4241262093665479 -0.3903188346432156 -0.33960777255821695 -0.27466202637918347 -0.21950262551479938 -0.16078455362690613 -0.1020664817390129
2.7582153534060816 2.728856317462135 2.6879316006917855 2.6345515353391553 2.5544814373102103 2.4753010070371424 2.4557283164078445 2.389003234717057 2.3071538011763573 2.1968349994475886 2.055377826263119 1.9459486922902274 1.8142778644204065 1.7359871019032158 1.657696339386025 1.5874125866717286 1.542039531121993 1.514459830689801 1.4183757130550667 1.266242526800071 1.0402669168072705 0.7822632676028918 0.5144732730838644 0.24668327856483696 -0.01487904166305043 -0.2034886059090102 -0.3591804631875144 -0.44636790326347686 -0.4748372714515465 -0.46949926491628347 -0.45081624204286275 -0.42145720609891635 -0.4072225220048815 -0.36807714074628617 -0.35651145991988287 -0.36807714074628617 -0.3556217921640057 -0.36540813747865464 -0.29156571374084983 -0.23106830634120223 -0.18658491854734383 -0.17057089894155508 -0.17946757650032685 -0.1910332573267297
2.7377529950209065 2.684372929668277 2.622096186756875 2.557150440577842 2.5144463882957377 2.4788596780606507 2.4192519384168807 2.3347335016085498 2.227083703147412 2.075840184648294 1.9156999885904036 1.8053811868616347 1.7226420855650582 1.6452409908037446 1.5633915572630452 1.4877697980134859 1.4076996999845408 1.3018292370351578 1.1781654189682316 1.0731846237747256 0.9254997762991157 0.7742562577999972 0.5705223417041259 0.35878141580535994 0.1105641119156302 -0.12341850788006514 -0.32092474968479623 -0.44280923223996815 -0.5077549784190016 -0.5122033171983875 -0.48729262003382656 -0.4303538836576881 -0.36095979869926875 -0.26487568106453496 -0.21238528346778196 -0.1839159152797123 -0.1732399022091866 -0.187474586303221 -0.15989488587102896 -0.14121186299760824 -0.15633621484752025 -0.18035724425620403 -0.22750963531769353 -0.2435236549234827
