static/data/salinity/2023/7/17/0.asc
ncols 137
nrows 93
xllcorner 108.0
yllcorner 17.0
cellsize 0.25
NODATA_value -32767
[rows 54 to 80 of 93, columns 61 to 121 of 137]
34.366264 34.38626 34.27138 34.285343 34.36149 34.350765 34.351917 34.35956 34.364746 34.38968 34.46059 34.39356 34.558937 34.59601 34.58354 34.478394 34.52227 34.525093 34.562378 34.43878 34.40701 34.374466 34.350456 34.32008 34.40953 34.456554 34.61551 34.600143 34.628407 34.46773 34.212658 34.246128 34.215527 34.24279 34.32342 34.358334 34.330868 34.249584 34.255035 34.51227 34.648144 34.56612 34.52095 34.49987 34.447613 34.269943 34.333908 34.579407 34.642212 34.638565 34.684044 34.627743 34.624847 34.6609 34.66572 34.67522 34.652496 34.667217 34.63137 34.578163 34.643753
34.223263 34.218323 34.27193 34.265167 34.36226 34.39216 34.42453 34.446644 34.403248 34.34545 34.33922 34.521828 34.633434 34.571693 34.653065 34.649994 34.62747 34.593227 -32767.0 34.484814 34.428886 34.39444 34.348804 34.31647 34.36605 34.404667 34.610382 34.596752 34.625698 34.621277 34.22943 34.269142 34.247566 34.21377 34.243637 34.26389 34.246914 34.28528 34.49318 34.650684 34.56897 34.52856 34.513474 34.472 34.472786 34.27535 34.217323 34.55307 34.638134 34.61767 34.700363 34.657684 34.636112 34.672844 34.710762 34.708763 34.6477 34.67376 34.64793 34.64062 34.676186
34.2418 34.26493 34.16312 34.24559 34.29245 34.276413 34.30338 34.401432 34.300606 34.33785 34.462418 34.577503 34.58933 34.555096 34.53506 34.573723 34.599644 34.644825 34.665535 34.665497 34.672577 34.42598 34.377453 34.30322 34.302303 34.360527 34.538227 34.578842 34.619846 34.646397 34.5414 34.226562 34.27891 34.25257 34.22876 34.248352 34.297348 34.437805 34.608437 34.64701 34.53325 34.571056 34.549713 34.419506 34.452026 34.273678 34.15957 34.49539 34.63566 34.645054 34.63492 34.726936 34.651405 34.640648 34.661495 34.613907 34.643787 34.713352 34.73914 34.724678 34.697098
34.01136 34.180405 34.187973 34.247753 34.352997 34.38226 34.418297 34.25213 34.274708 34.330032 34.516087 34.58632 34.55977 34.56986 34.56211 34.560562 34.565918 34.62084 34.71532 34.745224 34.74195 34.728714 34.589996 34.3511 34.29697 34.314976 34.357132 34.529293 34.557503 34.654118 34.68103 34.45004 34.242344 34.304928 34.31924 34.346527 34.3978 34.502495 34.639496 34.62825 34.609203 34.63555 34.616055 34.424892 34.37133 34.2636 34.15564 34.304825 34.64128 34.651062 34.652805 34.619015 34.690983 34.715065 34.67783 34.670628 34.7283 34.74372 34.761776 34.75003 34.711105
34.01384 34.2048 34.357773 34.35242 34.288513 34.389465 34.327435 34.28197 34.257286 34.48169 34.508755 34.59241 34.584877 34.599926 34.610798 34.578087 34.57489 34.622284 34.74794 34.7342 34.714733 34.716225 34.72772 34.59542 34.355915 34.322628 34.323914 34.37148 34.47591 34.665527 34.67545 34.665054 34.31906 34.25298 34.32037 34.348072 34.385853 34.45556 34.600334 34.67945 34.67871 34.664658 34.626896 34.463142 34.310905 34.261646 34.182796 34.197453 34.571594 34.659363 34.661163 34.63314 34.609272 34.62351 34.641487 34.65432 34.693394 34.758484 34.748085 34.72288 34.720097
34.23492 34.371696 34.241295 34.289974 34.456608 34.32257 34.334015 34.46541 34.560432 34.549004 34.58538 34.554623 34.568726 34.583496 34.630085 34.583714 34.56658 34.640438 34.740944 34.7426 34.672028 34.670742 34.68624 34.726536 34.52305 34.449684 34.419533 34.423347 34.473686 34.681335 34.685886 34.70468 34.54974 34.283634 34.245113 34.28936 34.353264 34.39554 34.453106 34.535603 34.5804 34.585606 34.616272 34.4392 34.304253 34.24894 34.217545 34.200542 34.48374 34.643818 34.644733 34.669968 34.6454 34.65218 34.659702 34.65598 34.742416 34.754448 34.721058 34.708595 34.697178
34.400364 34.34084 34.470528 34.563698 34.33586 34.398384 34.52671 34.550957 34.551254 34.60177 34.62958 34.53634 34.57918 34.610435 34.626293 34.579914 34.583164 34.687878 34.759922 34.681164 34.62994 34.62731 34.651352 34.71145 34.64852 34.552742 34.53798 34.477375 34.629986 34.700275 34.6909 34.694523 34.649185 34.4591 34.315395 34.243084 34.24562 34.28094 34.343033 34.40958 34.45846 34.50199 34.49624 34.36193 34.301575 34.292248 34.2879 34.276707 34.398026 34.608047 34.656178 34.683468 34.6706 34.7192 34.72345 34.671978 34.744396 34.71057 34.677143 34.69938 34.860058
34.45618 34.56469 34.527184 34.56198 34.256336 34.547623 34.568497 34.53416 34.5416 34.544376 34.586796 34.650894 34.684845 34.65485 34.608513 34.57649 34.649025 34.760124 34.68707 34.632294 34.62191 34.609657 34.65718 34.711784 34.67039 34.61244 34.536793 34.59419 34.714108 34.701275 34.679092 34.66573 34.65945 34.634777 34.591694 34.556065 34.522064 34.469814 34.396854 34.330715 34.309887 34.31962 34.326 34.313972 34.33931 34.36667 34.338413 34.3399 34.3641 34.612823 34.678425 34.66446 34.67611 34.74172 34.77242 34.68216 34.72674 34.636795 34.66175 34.782993 35.044533
34.57347 34.491993 34.471325 34.42375 34.368656 34.556274 34.51957 34.55108 34.62401 34.662964 34.6606 34.653423 34.683002 34.618954 34.568127 34.645607 34.73893 34.67415 34.631836 34.61963 34.600433 34.639057 34.691338 34.698784 34.65402 34.557995 34.618343 34.694893 34.7243 34.703583 34.69237 34.690838 34.687954 34.65887 34.626312 34.542873 34.552235 34.564426 34.553913 34.527004 34.50029 34.477676 34.465775 34.466785 34.467148 34.457966 34.420734 34.39986 34.39015 34.65583 34.692722 34.65993 34.751755 34.798412 34.802704 34.68548 34.696526 34.58478 34.696327 34.952187 35.11026
34.500652 34.464157 34.4992 34.49972 34.57611 34.458263 34.500027 34.563427 34.661736 34.635868 34.67923 34.647022 34.587654 34.579556 34.675804 34.72375 34.64748 34.634415 34.62327 34.599693 34.643356 34.669926 34.674973 34.621567 34.578636 34.637672 34.678074 34.736988 34.72967 34.72374 34.71179 34.709988 34.696106 34.638344 34.62773 34.582134 34.578434 34.477825 34.422287 34.396484 34.391327 34.407593 34.432213 34.45188 34.47088 34.480167 34.47774 34.46648 34.463657 34.68604 34.67925 34.696404 34.837704 34.851635 34.799587 34.68526 34.65885 34.63847 34.718216 35.062428 35.011684
34.500797 34.448685 34.58401 34.589092 34.428425 34.395435 34.447403 34.528137 34.65691 34.617157 34.61398 34.575954 34.612682 34.710358 34.7154 34.648388 34.629044 34.622353 34.623436 34.643566 34.669437 34.65161 34.56532 34.55837 34.601128 34.649975 34.69136 34.68875 34.6926 34.67141 34.642704 34.618317 34.599518 34.584652 34.576756 34.518196 34.401997 34.396446 34.421703 34.44241 34.437187 34.41784 34.405037 34.400517 34.406406 34.436703 34.46315 34.47959 34.60868 34.68717 34.659775 34.734272 34.824932 34.846485 34.73158 34.68807 34.62826 34.689423 34.937172 35.076504 34.920544
34.527245 34.452248 34.404236 34.434963 34.35361 34.358467 34.33003 34.47936 34.57535 34.64097 34.598133 34.679 34.63843 34.614456 34.63129 34.61482 34.62942 34.631916 34.658054 34.670406 34.611847 34.519184 34.513187 34.528908 34.57499 34.636253 34.68455 34.66479 34.67015 34.663574 34.643475 34.62978 34.600693 34.56307 34.51355 34.443512 34.50689 34.49609 34.49555 34.543125 34.521545 34.47062 34.46368 34.478195 34.49438 34.50102 34.475204 34.486847 34.686337 34.673046 34.64496 34.725292 34.699497 34.710052 34.67409 34.686874 34.60545 34.709766 35.017483 35.029373 34.914433
34.56549 34.435448 34.467316 34.4345 34.4317 34.42886 34.30314 34.44281 34.486313 34.63534 34.612705 34.673958 34.494617 34.61037 34.619785 34.62429 34.64559 34.647316 34.67247 34.63929 34.51316 34.51306 34.49749 34.53237 34.527554 34.597446 34.65361 34.723827 34.71416 34.69384 34.66418 34.65859 34.634605 34.60054 34.553715 34.472534 34.48748 34.487675 34.455887 34.493 34.6103 34.636898 34.629642 34.619457 34.63105 34.648327 34.66853 34.673042 34.660915 34.641537 34.626106 34.706104 34.659145 34.668247 34.675755 34.638767 34.617477 34.98808 35.035 34.89974 34.82272
34.52774 34.36963 34.4036 34.437267 34.35078 34.279106 34.32173 34.445488 34.437614 34.526344 34.660748 34.67166 34.4996 34.55245 34.61087 34.605236 34.634098 34.659542 34.678177 34.61642 34.49865 34.495373 34.493034 34.522655 34.528187 34.56894 34.622482 34.66615 34.74626 34.708935 34.689655 34.680023 34.685043 34.6631 34.62398 34.575127 34.5287 34.498047 34.487278 34.557835 34.63012 34.676456 34.67816 34.63141 34.64195 34.651497 34.63171 34.594425 34.576878 34.58071 34.60604 34.692192 34.67605 34.67449 34.55475 34.64274 34.915867 35.00327 34.991833 34.80303 34.81731
34.48748 34.36645 34.42403 34.362507 34.318466 34.339195 34.388927 34.40556 34.44238 34.51645 34.595585 34.638573 34.541378 34.52725 34.574783 34.561985 34.609463 34.650166 34.67477 34.649715 34.543953 34.52552 34.573864 34.50833 34.551197 34.592472 34.610214 34.627964 34.706463 34.74463 34.71563 34.683846 34.686615 34.7015 34.701817 34.669834 34.613525 34.551983 34.522785 34.593445 34.670467 34.654385 34.594803 34.64547 34.621624 34.562126 34.567093 34.58763 34.582005 34.567276 34.59949 34.682354 34.622753 34.649548 34.871548 34.976635 35.00882 35.013905 34.841858 34.84403 34.86293
34.421246 34.365112 34.40109 34.323437 34.370846 34.409985 34.390633 34.390823 34.50781 34.597412 34.59489 34.639736 34.621574 34.477673 34.526573 34.54336 34.585915 34.629528 34.66845 34.667572 34.640774 34.60446 34.518368 34.57957 34.664402 34.678005 34.63673 34.65554 34.717995 34.720646 34.71734 34.707344 34.700214 34.707127 34.72417 34.719395 34.681583 34.620068 34.55814 34.54968 34.57537 34.562096 34.614643 34.616848 34.557533 34.569862 34.59429 34.56924 34.551903 34.5636 34.622627 34.638187 34.642754 34.93094 34.97471 34.98657 34.98853 34.916786 34.824142 34.82588 34.865356
34.367504 34.36508 34.34101 34.38619 34.430927 34.5022 34.409397 34.48309 34.587166 34.635975 34.623657 34.676327 34.63929 34.472748 34.518948 34.544487 34.558727 34.59019 34.604504 34.606136 34.560143 34.51817 34.645767 34.685165 34.67313 34.720116 34.7174 34.725853 34.714535 34.714184 34.701965 34.70255 34.711414 34.713306 34.722992 34.733578 34.720924 34.66273 34.61089 34.554752 34.555046 34.56543 34.592934 34.57244 34.54731 34.575012 34.560574 34.529144 34.543476 34.581215 34.65933 34.58611 34.79129 34.94333 34.932438 34.929817 34.91134 34.88564 34.87189 34.880043 34.879032
34.31971 34.345577 34.365055 34.394936 34.38251 34.3741 34.478592 34.629562 34.663914 34.615936 34.603157 34.667233 34.638744 34.47317 34.504005 34.515137 34.518745 34.54073 34.537033 34.53316 34.60112 34.682472 34.68524 34.66853 34.664852 34.689774 34.7147 34.683144 34.687202 34.699554 34.69764 34.696564 34.695606 34.69681 34.69317 34.705795 34.723484 34.68528 34.623528 34.584003 34.560394 34.558228 34.580345 34.561184 34.56636 34.568466 34.52522 34.54305 34.575497 34.614697 34.659065 34.573555 34.811966 34.872692 34.862392 34.852818 34.836 34.830635 34.838238 34.84015 34.836178
34.31522 34.35377 34.347015 34.37999 34.365574 34.558865 34.631966 34.68022 34.641453 34.60112 34.6043 34.669823 34.63191 34.491077 34.4727 34.52737 34.537067 34.550896 34.593952 34.647552 34.70421 34.697315 34.68522 34.669674 34.694595 34.67394 34.700886 34.681705 34.675217 34.67686 34.676907 34.669594 34.66111 34.653988 34.65058 34.658585 34.69272 34.69229 34.640396 34.583748 34.55961 34.5398 34.549896 34.547733 34.574356 34.549305 34.54221 34.57253 34.618416 34.64227 34.65559 34.54599 34.770954 34.83116 34.69857 34.656986 34.657074 34.625664 34.615913 34.629925 34.655453
34.340866 34.34939 34.317062 34.30295 34.49828 34.604015 34.666077 34.691235 34.658707 34.6466 34.656796 34.667965 34.616932 34.500595 34.503853 34.533337 34.574375 34.606033 34.654633 34.669136 34.668453 34.67575 34.64532 34.61691 34.65767 34.659176 34.687183 34.70691 34.699455 34.66623 34.621235 34.607304 34.622524 34.652473 34.68282 34.669193 34.650467 34.67712 34.638588 34.59308 34.56074 34.531246 34.529083 34.551064 34.575836 34.54649 34.56657 34.5729 34.599777 34.61871 34.654694 34.633236 34.55905 34.761673 34.708973 34.686485 34.590347 34.529907 34.530125 34.58964 34.63917
34.346687 34.345776 34.355907 34.307045 34.527336 34.601902 34.638084 34.657745 34.677876 34.65755 34.651707 34.64534 34.592686 34.539867 34.52124 34.544094 34.53184 34.591965 34.624363 34.64409 34.66337 34.619514 34.574276 34.570812 34.60682 34.63395 34.640465 34.657898 34.620544 34.593643 34.622974 34.673065 34.68329 34.680435 34.674614 34.692196 34.707058 34.657166 34.634293 34.553345 34.51403 34.50121 34.50798 34.550194 34.57238 34.55643 34.578205 34.588264 34.58979 34.597523 34.59879 34.61206 34.633484 34.565212 34.552616 34.532234 34.532673 34.53376 34.55183 34.560898 34.56698
34.280685 34.37554 34.35067 34.28652 34.571445 34.58776 34.670837 34.66702 34.668144 34.650482 34.647034 34.620068 34.586403 34.563164 34.53215 34.578007 34.523933 34.57246 34.62061 34.646393 34.625984 34.599037 34.5336 34.535805 34.565075 34.587326 34.624317 34.569294 34.624657 34.62849 34.597984 34.56782 34.558628 34.562542 34.565 34.582584 34.613728 34.696693 34.65253 34.56079 34.530025 34.484856 34.48923 34.550175 34.56664 34.570015 34.564857 34.58199 34.58606 34.588768 34.58791 34.585674 34.58889 34.62096 34.61464 34.608173 34.60119 34.57132 34.56385 34.567364 34.576813
34.25099 34.32246 34.32072 34.379696 34.58148 34.576218 34.675606 34.67937 34.66746 34.655827 34.598183 34.577194 34.56439 34.57844 34.578037 34.489082 34.5052 34.574955 34.55829 34.5262 34.508274 34.51084 34.513203 34.506268 34.505085 34.54951 34.555576 34.583668 34.551136 34.52281 34.516556 34.52469 34.54733 34.535023 34.543343 34.54803 34.561066 34.59624 34.661903 34.610508 34.56079 34.481274 34.475243 34.549957 34.560993 34.579414 34.567856 34.568596 34.560932 34.56568 34.574116 34.576866 34.591118 34.606514 34.60941 34.583054 34.56662 34.563522 34.562683 34.554756 34.535362
34.300087 34.314186 34.264706 34.51537 34.581173 34.541924 34.6868 34.668213 34.648808 34.597828 34.57687 34.6073 34.598957 34.55847 34.484703 34.554653 34.57722 34.489117 34.41249 34.399082 34.40207 34.442074 34.45654 34.46157 34.46941 34.509243 34.57166 34.496937 34.462376 34.438797 34.455547 34.465893 34.508247 34.536835 34.527267 34.5206 34.540627 34.540016 34.62749 34.62686 34.573273 34.47544 34.46654 34.53991 34.558018 34.578327 34.57238 34.56696 34.560947 34.579224 34.59961 34.59965 34.59327 34.584145 34.57084 34.569714 34.565273 34.543022 34.51652 34.497265 34.49401
34.333828 34.338123 34.435093 34.566315 34.57071 34.53004 34.68616 34.65921 34.647102 34.582294 34.60661 34.528 34.528313 34.534203 34.57273 34.52427 34.464306 34.393913 34.3001 34.29912 34.408722 34.463947 34.47381 34.465755 34.44437 34.545124 34.519672 34.450603 34.28277 34.324623 34.41898 34.432686 34.441647 34.463665 34.474785 34.516182 34.56816 34.53302 34.54869 34.59322 34.565144 34.464592 34.47756 34.549366 34.562874 34.566097 34.593216 34.60398 34.613583 34.619007 34.61046 34.55553 34.608517 34.61237 34.534416 34.494877 34.501133 34.547688 34.567127 34.56401 34.542133
34.320248 34.34791 34.5805 34.585 34.56144 34.54654 34.68669 34.660385 34.64411 34.602848 34.589977 34.488625 34.560467 34.556423 34.457363 34.41156 34.33498 34.25994 34.234104 34.242813 34.41351 34.440086 34.42509 34.444946 34.49921 34.54211 34.549988 34.333836 34.151237 34.323296 34.397186 34.38939 34.402687 34.419037 34.451614 34.558342 34.599964 34.56203 34.539516 34.557034 34.544807 34.443794 34.51853 34.59244 34.576023 34.54338 34.62697 34.658043 34.63439 34.599174 34.55617 34.67235 34.587074 34.499817 34.492355 34.500393 34.512867 34.530994 34.54908 34.55249 34.534927
34.366653 34.603333 34.575626 34.571926 34.54876 34.578934 34.676834 34.657295 34.63536 34.6179 34.57013 34.55455 34.564312 34.480663 34.42391 34.270817 34.196354 34.15152 34.141624 34.201473 34.433086 34.427334 34.4213 34.483574 34.5802 34.555504 34.413563 34.11045 34.237793 34.387665 34.397957 34.41502 34.423744 34.425133 34.48349 34.626934 34.549934 34.486916 34.501034 34.573605 34.520287 34.447124 34.552036 34.66535 34.622124 34.65295 34.659332 34.646935 34.592216 34.54165 34.669224 34.655067 34.564262 34.5186 34.4935 34.486446 34.48053 34.46976 34.461334 34.458035 34.457985
