static/data/salinity/2023/7/17/12.asc
ncols 137
nrows 93
xllcorner 108.0
yllcorner 17.0
cellsize 0.25
NODATA_value -32767
[rows 54 to 80 of 93, columns 61 to 121 of 137]
34.354137 34.37506 34.353085 34.373123 34.356216 34.32658 34.339737 34.373707 34.413376 34.426476 34.415176 34.369335 34.515305 34.603287 34.610264 34.475258 34.553864 34.528683 34.58006 34.450024 34.43077 34.38387 34.354515 34.3221 34.39741 34.451134 34.61503 34.603184 34.6272 34.411335 34.23755 34.241657 34.21624 34.290123 34.372368 34.386345 34.321537 34.21854 34.259136 34.514137 34.64999 34.549145 34.513737 34.49102 34.427673 34.242844 34.327026 34.592674 34.648228 34.65106 34.658707 34.62857 34.630886 34.66768 34.673477 34.668514 34.667896 34.654568 34.623367 34.582195 34.653076
34.236603 34.243397 34.25947 34.265545 34.33311 34.385696 34.38191 34.33107 34.364315 34.31376 34.32098 34.45317 34.600407 34.553932 34.594936 34.640747 34.663074 34.611168 -32767.0 34.48743 34.46092 34.39533 34.369556 34.32729 34.347233 34.393417 34.6059 34.586826 34.628906 34.597755 34.231224 34.272873 34.213425 34.229424 34.278137 34.27386 34.244495 34.32301 34.545876 34.649437 34.524666 34.529305 34.491062 34.468517 34.444004 34.228195 34.234844 34.590878 34.646126 34.62721 34.707962 34.652843 34.64472 34.687164 34.685684 34.72016 34.6609 34.68958 34.681812 34.649292 34.67939
34.140797 34.216652 34.273197 34.172478 34.244267 34.293945 34.296402 34.415195 34.271584 34.30816 34.368244 34.49648 34.58761 34.548347 34.52059 34.538387 34.58248 34.622787 34.656136 34.667755 34.666355 34.46104 34.387596 34.337982 34.29755 34.346333 34.51816 34.54474 34.62246 34.645832 34.50568 34.24705 34.278343 34.21655 34.23955 34.25395 34.333126 34.496647 34.647728 34.57992 34.541164 34.57076 34.531845 34.397236 34.413746 34.221653 34.161724 34.51769 34.652782 34.653812 34.642426 34.723747 34.651897 34.67164 34.70604 34.636955 34.634285 34.71252 34.742565 34.736378 34.702023
34.122623 34.009968 34.213657 34.18753 34.290108 34.360348 34.394417 34.308186 34.290813 34.26103 34.460686 34.508167 34.554615 34.556538 34.570995 34.555157 34.567062 34.569534 34.664635 34.72878 34.742046 34.73481 34.62695 34.4016 34.297832 34.307922 34.347202 34.466095 34.532284 34.660007 34.675846 34.38297 34.277977 34.307823 34.3039 34.328056 34.417385 34.546898 34.663338 34.58475 34.61838 34.639233 34.62198 34.39912 34.32653 34.243866 34.16614 34.32674 34.64306 34.65737 34.6591 34.6223 34.69695 34.704414 34.660942 34.648888 34.71845 34.71994 34.756836 34.754456 34.7204
34.022907 34.03309 34.257225 34.375904 34.27485 34.35507 34.390347 34.278675 34.265438 34.434185 34.52374 34.54613 34.568764 34.579723 34.595646 34.59894 34.57913 34.5686 34.69424 34.738815 34.72448 34.718056 34.730618 34.6577 34.366615 34.309963 34.31879 34.351677 34.451107 34.667656 34.67706 34.631657 34.26081 34.28321 34.3299 34.357548 34.40477 34.493526 34.650234 34.655506 34.66185 34.66689 34.622482 34.45681 34.29838 34.244667 34.189804 34.23003 34.5801 34.665955 34.664936 34.638996 34.614845 34.622665 34.641125 34.64694 34.65949 34.75677 34.74385 34.722008 34.716618
34.2786 34.36111 34.247612 34.27906 34.43894 34.331284 34.346256 34.489304 34.541283 34.522133 34.542168 34.549717 34.52928 34.564083 34.58251 34.60222 34.572277 34.57967 34.704556 34.7362 34.706116 34.66793 34.67947 34.726673 34.54809 34.433903 34.41056 34.439102 34.46863 34.690735 34.691387 34.700935 34.49927 34.257874 34.251587 34.30762 34.359497 34.401512 34.469624 34.55951 34.588223 34.57564 34.597595 34.459843 34.30714 34.27143 34.252846 34.249863 34.48589 34.630722 34.642387 34.67489 34.662556 34.673767 34.673145 34.646397 34.73281 34.75282 34.716106 34.701366 34.705086
34.377563 34.39837 34.53397 34.56643 34.313248 34.43395 34.55955 34.55434 34.553738 34.584923 34.62907 34.57067 34.58232 34.623634 34.6187 34.589634 34.569824 34.618397 34.724743 34.73671 34.645832 34.624107 34.637085 34.69203 34.67118 34.540127 34.53477 34.494408 34.63407 34.70741 34.697357 34.70268 34.635616 34.408173 34.273792 34.236134 34.25119 34.301975 34.362812 34.415333 34.45128 34.48602 34.50088 34.379974 34.310314 34.3297 34.32271 34.314365 34.377357 34.603428 34.683743 34.697945 34.676926 34.710606 34.736935 34.668983 34.746716 34.716522 34.68042 34.72325 34.94423
34.446808 34.54768 34.49846 34.543125 34.271667 34.548893 34.5425 34.524506 34.552876 34.571327 34.559265 34.638474 34.645924 34.65568 34.617012 34.567688 34.604874 34.71292 34.738926 34.653133 34.62436 34.608128 34.63119 34.69012 34.697952 34.605267 34.55655 34.599804 34.717762 34.70876 34.685417 34.672295 34.670166 34.63512 34.58473 34.537262 34.501015 34.449387 34.391758 34.340336 34.313354 34.317745 34.33081 34.327225 34.364532 34.41055 34.374302 34.360096 34.36173 34.6164 34.697815 34.67117 34.688522 34.742603 34.777927 34.684315 34.73388 34.659164 34.67733 34.866993 35.098152
34.52966 34.459896 34.465057 34.43658 34.374874 34.489624 34.503708 34.537636 34.611523 34.654484 34.637676 34.630405 34.65442 34.609856 34.558155 34.615055 34.71608 34.69778 34.6392 34.62326 34.606102 34.61155 34.680893 34.711723 34.66108 34.580883 34.62034 34.697598 34.731956 34.7098 34.696037 34.69514 34.690975 34.668694 34.648243 34.57561 34.544266 34.55513 34.55134 34.533855 34.507835 34.489613 34.478355 34.479244 34.48874 34.481525 34.45384 34.4127 34.38349 34.658398 34.699505 34.667294 34.776264 34.810715 34.795918 34.693428 34.709934 34.59465 34.709263 35.03532 35.059875
34.469135 34.460762 34.492527 34.499065 34.51698 34.43319 34.46499 34.533997 34.646507 34.622498 34.6554 34.62287 34.557587 34.557076 34.669212 34.70677 34.644436 34.622932 34.625217 34.608906 34.620235 34.679115 34.68468 34.646072 34.584778 34.650272 34.68798 34.74091 34.736088 34.730568 34.715065 34.71245 34.698227 34.63769 34.620483 34.588844 34.589733 34.496185 34.427128 34.40202 34.398624 34.40742 34.42396 34.441326 34.454597 34.476658 34.484837 34.472992 34.42793 34.692066 34.678867 34.71329 34.848213 34.85336 34.780052 34.69716 34.66598 34.669945 34.88758 35.08741 34.91285
34.473785 34.4572 34.575787 34.523933 34.34707 34.327053 34.389683 34.490585 34.63115 34.590977 34.582367 34.557915 34.631413 34.686962 34.690216 34.633038 34.620846 34.610607 34.615215 34.624836 34.669975 34.676838 34.59021 34.57495 34.62093 34.663166 34.7039 34.686874 34.68878 34.662956 34.638462 34.62138 34.603027 34.58873 34.576645 34.51593 34.406567 34.409664 34.435295 34.451588 34.452896 34.433006 34.420677 34.412357 34.40596 34.424545 34.465412 34.494278 34.551044 34.689766 34.664734 34.739285 34.826687 34.838337 34.71855 34.698875 34.62708 34.724728 35.01913 35.0302 34.920265
34.50587 34.40946 34.35929 34.368053 34.33608 34.38152 34.299698 34.445324 34.521324 34.623585 34.5881 34.6695 34.54049 34.56698 34.5976 34.603165 34.61718 34.62295 34.642982 34.67254 34.629963 34.54265 34.531334 34.541416 34.58778 34.651253 34.706463 34.670937 34.670925 34.667282 34.644936 34.6364 34.599712 34.556225 34.50806 34.45849 34.50953 34.492893 34.491615 34.551502 34.52907 34.479362 34.47329 34.484093 34.495148 34.50128 34.49498 34.462845 34.678097 34.676662 34.650192 34.723732 34.69619 34.72525 34.678654 34.685787 34.626278 34.834362 35.044186 34.95963 34.916733
34.546013 34.3977 34.43553 34.442543 34.427223 34.381348 34.28412 34.406162 34.450733 34.56362 34.603443 34.642586 34.472195 34.559284 34.591106 34.61467 34.637005 34.642494 34.663883 34.62982 34.51252 34.505608 34.5256 34.533173 34.532055 34.603493 34.673546 34.728077 34.722652 34.698124 34.6717 34.669327 34.6405 34.599308 34.547676 34.459568 34.49425 34.481422 34.457558 34.509056 34.638184 34.67676 34.66856 34.659336 34.662415 34.666313 34.675797 34.67715 34.655586 34.641888 34.627743 34.70769 34.66663 34.676147 34.67789 34.634865 34.67474 35.003735 35.023632 34.8441 34.83543
34.512257 34.33869 34.39278 34.411175 34.329784 34.3 34.314373 34.403934 34.41025 34.482758 34.61035 34.630848 34.49382 34.51029 34.57957 34.60594 34.63929 34.655544 34.66213 34.565678 34.50486 34.494682 34.50887 34.5246 34.527378 34.575264 34.631897 34.6839 34.74988 34.716846 34.68902 34.681202 34.692116 34.673817 34.636265 34.57999 34.53288 34.507725 34.50619 34.595768 34.639484 34.68128 34.65317 34.622784 34.652027 34.64121 34.6139 34.587357 34.572826 34.578026 34.60892 34.69369 34.69291 34.681736 34.561977 34.641582 34.94779 35.011948 34.88024 34.82742 34.813248
34.487095 34.360893 34.402145 34.35448 34.296635 34.33482 34.359314 34.378426 34.40902 34.47824 34.503662 34.608967 34.536114 34.489212 34.544807 34.570427 34.621937 34.655518 34.669487 34.578335 34.498207 34.52198 34.588486 34.52705 34.540302 34.595257 34.6177 34.636925 34.70585 34.740868 34.72232 34.69011 34.690376 34.707035 34.7141 34.674774 34.612076 34.552296 34.537704 34.63612 34.670593 34.62296 34.61108 34.639748 34.58774 34.560246 34.58028 34.59967 34.59154 34.57482 34.60626 34.681534 34.623085 34.658943 34.859997 34.970913 35.01406 34.989067 34.80484 34.875465 34.830482
34.41488 34.351524 34.362217 34.318184 34.34426 34.417263 34.38677 34.35196 34.458443 34.5396 34.55097 34.609966 34.591785 34.44593 34.50661 34.536938 34.59234 34.640835 34.66646 34.65724 34.621456 34.627888 34.542652 34.560795 34.648197 34.67605 34.63881 34.6523 34.71868 34.71799 34.713535 34.708946 34.704117 34.71247 34.731575 34.726757 34.685432 34.61907 34.558666 34.55942 34.575798 34.568386 34.605434 34.588066 34.548878 34.581093 34.59327 34.56684 34.56122 34.57249 34.62974 34.639103 34.664898 34.946754 34.971336 35.008877 34.97755 34.87038 34.80931 34.84023 34.850475
34.354126 34.359573 34.357235 34.39069 34.380215 34.46652 34.422066 34.445507 34.573135 34.609375 34.59721 34.634113 34.62037 34.45119 34.49943 34.548065 34.569912 34.61002 34.640583 34.652752 34.611046 34.52969 34.611786 34.689312 34.676094 34.720726 34.718037 34.723927 34.71427 34.711933 34.699528 34.704933 34.71602 34.71785 34.724846 34.73848 34.725418 34.660625 34.609287 34.5548 34.55883 34.567036 34.584614 34.56699 34.55938 34.576748 34.546505 34.536842 34.55456 34.58989 34.666744 34.60282 34.863235 34.982258 34.95978 34.943817 34.90723 34.884155 34.877483 34.88838 34.871307
34.315044 34.346737 34.338173 34.38241 34.377525 34.350296 34.47215 34.615883 34.650295 34.632023 34.595562 34.64708 34.614082 34.457478 34.501965 34.500347 34.516964 34.543858 34.5486 34.533688 34.55652 34.667465 34.692276 34.674908 34.6717 34.697304 34.717915 34.687675 34.684563 34.69647 34.697224 34.695114 34.68933 34.69516 34.697163 34.70595 34.72658 34.68574 34.625725 34.586678 34.56397 34.554195 34.560425 34.550533 34.576633 34.553135 34.53713 34.559624 34.58312 34.628277 34.653027 34.630375 34.874973 34.906044 34.875957 34.85653 34.818268 34.814938 34.829884 34.835976 34.834114
34.31684 34.35119 34.313335 34.294872 34.361443 34.532185 34.56876 34.646942 34.64061 34.602646 34.59663 34.653862 34.626865 34.475224 34.466743 34.501442 34.512615 34.53248 34.564034 34.630314 34.700485 34.702084 34.687893 34.671494 34.69929 34.679214 34.697823 34.684914 34.674477 34.675655 34.676888 34.67451 34.665386 34.655266 34.65813 34.66253 34.6949 34.694916 34.64177 34.587234 34.562805 34.5393 34.540836 34.548325 34.578648 34.537228 34.564545 34.603653 34.62221 34.649143 34.626118 34.589382 34.865845 34.868793 34.720516 34.663876 34.656826 34.6219 34.606422 34.61564 34.63217
34.32129 34.331745 34.34157 34.281357 34.43491 34.57093 34.610878 34.667114 34.656105 34.62777 34.630272 34.660477 34.61848 34.48264 34.495308 34.517323 34.54775 34.594154 34.658173 34.673164 34.66791 34.67265 34.655323 34.627544 34.645752 34.66268 34.67188 34.683216 34.699 34.676872 34.634743 34.601208 34.621483 34.644844 34.67614 34.673534 34.649715 34.679726 34.641857 34.595055 34.557224 34.529243 34.522305 34.54842 34.58082 34.54483 34.577427 34.59553 34.620575 34.65227 34.661667 34.562523 34.7041 34.75098 34.684105 34.693504 34.599464 34.53935 34.529972 34.57725 34.62782
34.3274 34.351856 34.378475 34.255695 34.496037 34.581657 34.630505 34.659904 34.6695 34.664673 34.654976 34.656754 34.61614 34.51631 34.50426 34.518356 34.52231 34.588005 34.62029 34.646664 34.66232 34.65655 34.58403 34.567223 34.592033 34.631947 34.628338 34.64808 34.615147 34.604362 34.622807 34.65185 34.674 34.663406 34.67322 34.693253 34.706768 34.659046 34.640858 34.546783 34.51418 34.49426 34.50446 34.549225 34.580925 34.5549 34.59214 34.591835 34.595146 34.601963 34.607613 34.63735 34.61841 34.586132 34.582027 34.54108 34.538677 34.537346 34.556076 34.565395 34.56895
34.259323 34.304096 34.356228 34.261116 34.508545 34.59381 34.657852 34.671757 34.66897 34.65406 34.656094 34.64082 34.60261 34.552166 34.499092 34.55428 34.51324 34.5474 34.599857 34.62914 34.62721 34.62162 34.57473 34.54269 34.54999 34.579266 34.607826 34.56235 34.59088 34.607666 34.586193 34.553513 34.55434 34.556206 34.564404 34.58244 34.623474 34.701126 34.65697 34.572014 34.54224 34.48782 34.48766 34.548176 34.57698 34.566555 34.57718 34.588474 34.590137 34.590126 34.59083 34.594166 34.60653 34.634697 34.619656 34.610397 34.611156 34.58896 34.568726 34.566727 34.573788
34.199112 34.277668 34.344746 34.321842 34.538837 34.565147 34.65793 34.676964 34.660618 34.657494 34.635406 34.607086 34.580734 34.56669 34.551327 34.486977 34.473476 34.538715 34.568584 34.508953 34.462505 34.486286 34.522095 34.519466 34.505108 34.529095 34.543633 34.56632 34.518017 34.518394 34.504456 34.514633 34.547245 34.54027 34.545326 34.55173 34.559837 34.592514 34.666504 34.61959 34.569668 34.490368 34.477245 34.548138 34.568897 34.57576 34.576145 34.569504 34.562897 34.574867 34.578873 34.58312 34.597786 34.612404 34.620617 34.598064 34.573563 34.56607 34.56365 34.55706 34.540344
34.31731 34.29059 34.28971 34.477695 34.570824 34.532448 34.661057 34.670612 34.654217 34.613 34.566044 34.58522 34.595097 34.571392 34.476913 34.49822 34.560143 34.507465 34.421597 34.366745 34.36511 34.40953 34.459118 34.467728 34.469193 34.495796 34.555824 34.487423 34.424656 34.39797 34.44041 34.462246 34.486404 34.520664 34.5352 34.52901 34.53781 34.55254 34.613876 34.64221 34.585968 34.48453 34.471706 34.542377 34.562275 34.58369 34.571934 34.570133 34.571262 34.593178 34.60857 34.60162 34.59497 34.586796 34.577473 34.573067 34.565735 34.54089 34.517323 34.500164 34.493275
34.345802 34.33517 34.391056 34.56339 34.572174 34.52749 34.671745 34.65904 34.64573 34.576397 34.618073 34.552467 34.53267 34.51008 34.543846 34.505543 34.43048 34.36407 34.271244 34.261242 34.34684 34.46803 34.4774 34.485893 34.444466 34.54916 34.522385 34.41982 34.21591 34.257397 34.397312 34.43407 34.43804 34.445793 34.472614 34.511242 34.558094 34.551456 34.55765 34.618443 34.575348 34.472256 34.48859 34.558678 34.563297 34.57979 34.59945 34.609608 34.62295 34.62349 34.592987 34.56877 34.62291 34.59313 34.522392 34.495235 34.507435 34.549614 34.56693 34.562042 34.542435
34.29316 34.326176 34.567528 34.570778 34.548283 34.55314 34.677334 34.658108 34.641876 34.581223 34.589355 34.511593 34.55063 34.54807 34.433155 34.387775 34.26869 34.224678 34.199993 34.206676 34.400364 34.451084 34.435 34.438206 34.506554 34.54345 34.517162 34.211845 34.141544 34.325935 34.39278 34.391365 34.39896 34.41697 34.454258 34.55607 34.592007 34.55118 34.518097 34.57575 34.55843 34.451088 34.531734 34.60405 34.566807 34.55723 34.64632 34.65895 34.63063 34.57401 34.596672 34.657475 34.535835 34.501377 34.49741 34.505272 34.51471 34.526714 34.539318 34.550045 34.543434
34.429585 34.563683 34.5451 34.55683 34.53115 34.593384 34.676193 34.661472 34.64069 34.610867 34.57584 34.554962 34.567017 34.471172 34.43178 34.227524 34.155514 34.075794 34.09807 34.1782 34.445213 34.42716 34.44159 34.482292 34.574486 34.495598 34.16055 34.12434 34.30686 34.38338 34.40195 34.41169 34.419975 34.421715 34.513298 34.6119 34.554375 34.5159 34.51133 34.56598 34.519325 34.45783 34.57597 34.666 34.615547 34.66248 34.65846 34.63837 34.568882 34.57582 34.6951 34.613297 34.543945 34.507675 34.492416 34.489346 34.481773 34.475155 34.473614 34.46663 34.45755
