static/data/salinity/2023/7/17/6.asc
ncols 137
nrows 93
xllcorner 108.0
yllcorner 17.0
cellsize 0.25
NODATA_value -32767
[rows 0 to 26 of 93, columns 61 to 121 of 137]
-32767.0 -32767.0 -32767.0 -32767.0 -32767.0 -32767.0 -32767.0 -32767.0 -32767.0 -32767.0 -32767.0 -32767.0 -32767.0 -32767.0 -32767.0 -32767.0 -32767.0 -32767.0 -32767.0 32.347725 32.401093 32.56577 33.205906 33.43069 33.44139 33.249252 33.39326 33.473167 33.695805 33.844585 33.902023 33.85706 33.708954 33.737125 33.750267 33.746017 33.830456 33.87973 33.86166 33.63384 33.446735 33.486946 33.523018 33.397827 33.718056 33.804127 33.86504 33.758255 33.665203 33.636177 33.59771 33.611828 33.611706 33.58588 33.58921 33.740612 33.815945 33.811 33.588852 33.68675 33.728146
30.045946 29.926455 29.879162 29.699768 29.471163 29.14645 28.820305 -32767.0 -32767.0 -32767.0 -32767.0 -32767.0 -32767.0 -32767.0 -32767.0 -32767.0 -32767.0 -32767.0 32.602886 32.58383 32.374992 32.893158 33.138374 33.2444 33.28806 33.25549 33.3938 33.43602 33.48979 33.568256 33.64329 33.68123 33.733852 33.742588 33.63693 33.74807 33.846306 33.720146 33.77946 33.645035 33.58607 33.589 33.782013 33.772305 33.774086 33.827343 33.82274 33.95111 34.122044 34.168827 34.15869 34.119926 33.990025 33.79154 33.87621 33.80697 33.687626 33.704926 33.73139 33.88212 33.849846
30.04369 29.837336 29.67142 29.454693 29.280127 29.05057 28.693316 28.252462 27.816643 -32767.0 -32767.0 -32767.0 -32767.0 -32767.0 -32767.0 -32767.0 -32767.0 -32767.0 32.569584 32.68169 32.929096 32.966557 33.261505 33.26017 33.29955 33.348015 33.372723 33.398605 33.412888 33.39916 33.32234 33.574932 33.70409 33.853172 33.688046 33.687706 33.813076 34.0096 33.681824 33.645466 33.6408 33.63671 33.86384 33.818386 33.82245 33.905113 34.127335 34.13629 34.202232 34.14714 34.12716 34.09608 33.96139 33.81215 33.908012 33.61139 33.603664 33.63571 33.724 33.706463 33.62931
29.96432 29.920506 29.855015 29.922825 29.462448 29.241426 29.10086 28.91968 28.266987 -32767.0 -32767.0 -32767.0 -32767.0 -32767.0 -32767.0 -32767.0 -32767.0 31.814709 32.522636 32.766792 32.748722 33.14361 33.285133 33.41442 33.33179 33.147438 33.199764 33.337444 33.45047 33.11283 33.249176 33.502502 33.711037 34.018948 34.025795 33.934013 33.87583 33.689377 33.684895 33.87307 33.900784 33.68582 33.779537 33.826164 33.870346 34.142044 34.13263 34.117855 34.16271 34.209084 34.10835 34.042103 33.85425 33.73017 33.934605 33.66889 33.55099 33.554146 33.576538 33.680843 33.791294
30.128134 30.318106 30.220354 30.169666 29.394876 28.73349 28.236818 28.826027 -32767.0 -32767.0 -32767.0 -32767.0 -32767.0 -32767.0 -32767.0 -32767.0 -32767.0 -32767.0 -32767.0 32.438065 32.84284 33.235924 33.346977 33.446102 33.244026 33.036808 32.82727 33.041164 32.832508 32.676823 32.993877 32.93713 33.38193 33.577198 33.578358 33.536102 33.552113 33.625576 33.85087 34.180687 34.11449 33.800858 33.76971 33.830605 33.889843 34.16845 34.190258 34.14545 34.071762 34.16611 33.927784 33.862835 33.928146 33.968426 34.032715 33.981396 33.69367 33.678635 33.74025 33.775723 33.859955
30.295261 30.190987 30.031384 30.062181 29.95779 29.534191 27.755178 28.432028 -32767.0 -32767.0 -32767.0 -32767.0 -32767.0 -32767.0 -32767.0 -32767.0 -32767.0 -32767.0 -32767.0 -32767.0 32.459312 33.132927 33.44351 33.49021 33.18362 32.97681 32.552994 32.777412 33.033115 32.73784 32.54433 32.48582 32.477253 32.760128 32.92536 33.149677 33.515427 33.783466 34.14273 34.260075 34.109932 33.920475 33.919556 33.861366 33.85709 34.057793 34.045475 34.01169 34.04006 34.071705 34.187954 33.916473 33.93026 34.02099 34.054108 33.991486 34.02551 34.014637 33.83053 33.759544 33.86419
29.514189 29.616106 29.771723 29.821878 29.813211 29.877142 27.829788 28.467047 -32767.0 -32767.0 -32767.0 -32767.0 -32767.0 -32767.0 -32767.0 -32767.0 -32767.0 -32767.0 -32767.0 -32767.0 -32767.0 32.822453 33.08763 33.345753 33.1675 32.919735 32.36166 32.963745 33.434563 33.36011 33.440235 33.417366 32.980045 32.740597 33.21551 33.676495 33.82315 33.98264 34.189545 34.248306 34.0711 33.94204 33.92124 33.993317 34.018127 34.024086 34.007984 33.980656 34.06579 34.118095 34.130383 34.167107 33.944874 33.9932 33.97864 33.980446 34.04553 34.06923 33.93878 33.838234 34.010487
29.289873 29.502903 29.698479 29.766924 29.290415 27.310404 26.840137 -32767.0 -32767.0 -32767.0 -32767.0 -32767.0 -32767.0 -32767.0 -32767.0 -32767.0 -32767.0 -32767.0 -32767.0 -32767.0 -32767.0 -32767.0 32.63788 33.06492 32.86702 32.792767 32.705925 32.496796 33.436634 33.478127 33.576202 33.393497 33.22402 33.694923 33.941322 33.91972 33.98585 33.991722 34.13065 34.087467 34.058464 34.059914 34.01832 34.005234 34.02161 34.01132 33.98092 34.050873 34.194134 34.222954 34.25796 34.193188 33.998272 33.995712 34.009483 34.073433 34.163216 34.14709 34.112305 33.922733 34.023197
29.11819 29.317438 29.444376 29.57213 28.76767 28.155643 -32767.0 24.133924 -32767.0 -32767.0 -32767.0 -32767.0 -32767.0 -32767.0 -32767.0 -32767.0 -32767.0 -32767.0 -32767.0 -32767.0 -32767.0 -32767.0 32.440166 32.710835 32.687088 33.138252 33.383152 32.463745 33.461628 33.442047 33.619495 33.86367 33.900856 33.872044 33.86128 34.056553 34.161125 34.065575 34.00944 34.140152 34.096962 34.09589 34.09625 34.09726 34.07071 34.042458 34.020683 34.094112 34.27802 34.159515 34.087265 34.15576 34.177753 34.190815 34.17155 34.128468 34.13161 34.164288 34.156998 34.07915 -32767.0
28.99016 29.071926 29.175678 29.320236 29.009462 28.647305 28.781565 24.854265 21.956028 20.545567 22.05166 20.9628 16.928638 -32767.0 -32767.0 -32767.0 -32767.0 -32767.0 -32767.0 -32767.0 -32767.0 -32767.0 -32767.0 32.626102 32.688885 33.656235 33.397892 32.393196 33.157066 33.410744 33.619217 33.897953 33.85242 33.92061 33.80504 33.813858 33.86616 33.754856 33.6777 33.74852 33.75332 33.742325 33.835857 33.83228 34.001087 33.971516 34.049076 34.075974 34.219334 34.243576 34.2362 34.195553 34.110836 34.085987 33.977856 33.98581 34.03598 34.07097 34.098732 34.132977 33.980415
28.920092 28.996796 29.199305 29.214611 29.318275 29.35261 29.708702 29.682377 29.123413 28.111774 27.73929 26.46535 24.101946 -32767.0 -32767.0 -32767.0 -32767.0 -32767.0 -32767.0 -32767.0 -32767.0 -32767.0 -32767.0 -32767.0 32.508476 33.40165 33.79515 33.186295 32.466476 33.48292 33.4584 33.637314 33.785534 33.86283 33.82696 33.8074 33.863438 33.62469 33.644833 33.641468 33.660034 33.685097 33.799156 34.345413 34.311623 34.279778 34.23507 34.219162 34.26263 34.245903 34.07661 33.93591 33.938107 33.94119 33.601627 33.595573 -32767.0 33.651585 33.949562 34.017597 33.912468
28.35138 28.79217 29.302544 29.602367 30.035234 30.353724 30.281044 30.068773 29.623308 29.114225 28.770582 28.931713 24.853516 19.208416 16.848095 -32767.0 -32767.0 -32767.0 -32767.0 -32767.0 -32767.0 -32767.0 -32767.0 -32767.0 -32767.0 33.08651 33.971516 33.80513 32.871826 32.93855 33.5695 33.525814 33.70022 33.768326 33.660065 33.795452 33.844875 33.48696 33.74008 33.76534 33.646576 33.71604 34.312317 34.388554 34.35371 34.31546 34.2664 34.15927 33.962063 33.884533 33.89804 33.992596 33.979954 33.796776 -32767.0 -32767.0 33.690247 33.743263 33.736897 33.665485 32.592888
28.564518 28.89822 29.292395 29.502686 29.880568 30.070875 30.108402 30.224428 30.12298 29.710451 29.313652 29.235563 28.651882 -32767.0 17.021189 -32767.0 -32767.0 -32767.0 -32767.0 -32767.0 -32767.0 -32767.0 -32767.0 -32767.0 -32767.0 33.260082 33.732227 33.692764 33.00144 32.620678 33.56284 33.671204 33.64146 33.650967 33.659405 33.59367 33.532707 33.482906 33.67311 33.558895 33.647095 33.718697 34.19652 34.181995 34.104282 34.080936 34.137634 34.21365 33.961384 33.93732 34.01726 33.82655 33.736877 33.802784 -32767.0 33.68365 33.662296 33.48037 -32767.0 -32767.0 -32767.0
29.029264 29.12276 29.563715 29.65319 29.826254 29.999262 30.29521 30.280294 30.236557 30.18066 29.896235 28.462378 -32767.0 -32767.0 -32767.0 -32767.0 -32767.0 -32767.0 -32767.0 -32767.0 -32767.0 -32767.0 -32767.0 -32767.0 -32767.0 33.14595 33.554626 33.557404 32.989582 32.655067 32.94063 33.182747 33.21058 33.416218 33.614212 33.57337 33.439453 33.395542 33.30884 33.348667 33.347874 33.67721 33.884106 34.122684 34.00911 33.896 33.93561 34.01403 34.2029 34.077164 33.96671 33.64588 33.183647 33.51384 33.039486 -32767.0 33.605663 -32767.0 -32767.0 -32767.0 -32767.0
29.27271 29.383694 29.8658 30.367435 30.509392 30.530403 30.807814 30.772781 30.70972 30.341562 29.912647 29.66726 26.397219 -32767.0 -32767.0 -32767.0 -32767.0 -32767.0 -32767.0 -32767.0 -32767.0 -32767.0 -32767.0 -32767.0 -32767.0 33.05158 33.458797 33.175705 33.130836 32.805996 32.95917 33.19439 33.16047 33.175884 33.478252 33.528263 33.535156 33.511337 33.41218 33.254887 33.44831 33.676304 33.706066 33.743107 33.72702 33.83954 33.891354 33.930443 34.070267 34.092495 34.09576 33.76658 32.998398 33.000328 -32767.0 -32767.0 -32767.0 -32767.0 -32767.0 -32767.0 -32767.0
29.31537 29.391504 29.818241 30.196987 30.459267 30.565382 30.735102 30.82212 30.817234 30.539974 30.300865 30.108097 27.226173 24.518805 -32767.0 -32767.0 -32767.0 -32767.0 -32767.0 -32767.0 -32767.0 -32767.0 -32767.0 -32767.0 -32767.0 32.83596 33.529408 32.77007 32.39391 32.696865 32.68027 33.015488 32.97503 32.961773 33.08028 33.66485 33.80893 33.496155 33.272884 33.443684 -32767.0 33.70085 33.739983 33.75353 33.834538 33.947197 33.91684 33.922108 34.096745 34.145733 34.190624 33.323807 -32767.0 -32767.0 -32767.0 -32767.0 -32767.0 -32767.0 -32767.0 -32767.0 -32767.0
29.309782 29.319536 29.531532 29.726738 30.000319 30.45702 31.094032 31.23598 31.008038 30.738714 30.534147 30.438929 29.259678 24.873255 -32767.0 -32767.0 -32767.0 -32767.0 -32767.0 -32767.0 -32767.0 -32767.0 -32767.0 -32767.0 -32767.0 -32767.0 33.23689 32.452106 32.10778 32.348846 33.41686 33.377304 33.137543 33.216747 33.784607 33.756035 33.62697 33.994274 33.679752 33.514965 33.666386 33.728405 33.733692 33.556618 33.435673 33.814396 33.69452 33.74423 33.731564 33.581764 33.34169 32.806713 -32767.0 -32767.0 -32767.0 -32767.0 -32767.0 -32767.0 -32767.0 -32767.0 -32767.0
29.206715 29.102814 29.261368 29.555117 30.076674 30.456001 30.874304 31.24852 31.094511 30.612139 30.630638 30.165426 28.853073 23.931723 24.06933 -32767.0 -32767.0 -32767.0 -32767.0 -32767.0 -32767.0 -32767.0 -32767.0 -32767.0 -32767.0 33.95212 32.453243 32.147053 32.097122 32.45307 33.642345 33.429157 33.3192 33.191895 32.815147 32.857548 33.259094 33.892952 33.416702 32.70917 32.61505 32.611553 32.584496 32.73431 32.918194 32.943493 33.001163 32.944946 -32767.0 33.02239 32.30022 31.831942 -32767.0 -32767.0 -32767.0 -32767.0 -32767.0 -32767.0 -32767.0 -32767.0 -32767.0
29.647459 29.916126 30.124834 30.383402 30.762783 30.741669 30.81572 31.079865 31.438477 31.535631 31.230803 30.12827 26.601454 22.94047 -32767.0 -32767.0 -32767.0 -32767.0 -32767.0 -32767.0 -32767.0 -32767.0 -32767.0 -32767.0 -32767.0 33.280495 31.88512 31.930204 32.139698 32.099274 32.370842 32.25756 32.58389 32.743507 32.733723 32.838627 33.121376 32.921726 32.778194 -32767.0 -32767.0 32.880333 32.819386 -32767.0 -32767.0 -32767.0 -32767.0 -32767.0 -32767.0 -32767.0 -32767.0 -32767.0 -32767.0 -32767.0 -32767.0 -32767.0 -32767.0 -32767.0 -32767.0 -32767.0 -32767.0
29.805609 29.71666 30.086504 30.613493 30.878342 31.093355 31.394308 31.466057 31.531672 31.422453 30.497509 29.601446 24.989862 -32767.0 -32767.0 -32767.0 -32767.0 -32767.0 -32767.0 -32767.0 -32767.0 -32767.0 -32767.0 -32767.0 33.168385 31.294508 31.619568 31.58745 32.42572 32.285713 32.47183 32.565815 32.38927 32.46612 32.510273 32.723938 32.91029 32.76447 -32767.0 -32767.0 -32767.0 -32767.0 -32767.0 -32767.0 -32767.0 -32767.0 -32767.0 -32767.0 -32767.0 -32767.0 -32767.0 -32767.0 -32767.0 -32767.0 -32767.0 -32767.0 -32767.0 -32767.0 -32767.0 -32767.0 -32767.0
29.681925 30.064096 30.882517 31.178432 31.232159 31.2204 31.298372 31.384663 31.221691 31.455435 30.76313 29.214901 21.570837 -32767.0 -32767.0 -32767.0 -32767.0 -32767.0 -32767.0 -32767.0 -32767.0 31.503569 31.349277 31.542698 31.194733 31.510998 31.567986 31.679426 32.059235 32.385487 32.13401 32.397743 32.7801 32.720196 32.53828 32.732445 -32767.0 -32767.0 -32767.0 -32767.0 -32767.0 -32767.0 -32767.0 -32767.0 -32767.0 -32767.0 -32767.0 -32767.0 -32767.0 -32767.0 -32767.0 -32767.0 -32767.0 -32767.0 30.09969 -32767.0 -32767.0 -32767.0 -32767.0 -32767.0 -32767.0
29.883177 30.178738 30.448057 30.65013 30.730042 30.99133 30.8394 31.080158 31.217424 30.533587 29.983788 29.61509 28.274754 -32767.0 -32767.0 -32767.0 -32767.0 27.705435 30.810001 30.503841 30.617842 30.632025 31.300331 31.269302 31.855621 31.582357 31.823055 31.88101 31.748106 32.251762 32.68081 32.66685 32.809467 32.803444 32.65102 -32767.0 -32767.0 -32767.0 -32767.0 -32767.0 -32767.0 -32767.0 -32767.0 -32767.0 -32767.0 29.95335 29.68189 -32767.0 -32767.0 -32767.0 -32767.0 -32767.0 -32767.0 -32767.0 29.979933 -32767.0 -32767.0 -32767.0 -32767.0 -32767.0 33.87487
30.056154 30.168636 30.31966 30.562035 30.516996 30.856663 30.991673 30.906658 30.834036 30.918667 30.634268 28.193445 -32767.0 28.357603 -32767.0 30.262377 -32767.0 29.91741 -32767.0 31.641699 31.727882 31.63562 31.367783 31.673527 32.08065 31.67835 32.46233 32.568047 32.625538 32.609 32.98728 32.723392 32.707832 -32767.0 -32767.0 -32767.0 -32767.0 -32767.0 -32767.0 -32767.0 -32767.0 31.443298 31.331194 30.73181 29.975054 30.845118 30.645855 30.13585 29.648073 -32767.0 -32767.0 -32767.0 -32767.0 -32767.0 29.878012 31.696793 33.268066 33.775864 33.91471 33.884735 33.662884
30.196922 30.11554 30.203018 30.414675 30.407888 30.548296 30.734234 30.797766 30.867197 30.647324 30.551702 30.790897 30.166775 30.185238 30.041399 30.440195 30.806114 31.199759 31.072823 31.436995 31.474682 31.339163 31.208511 31.795141 -32767.0 31.901697 32.400017 32.80398 33.093063 32.990345 32.909073 -32767.0 -32767.0 -32767.0 -32767.0 -32767.0 31.104963 31.30822 31.878155 31.578922 31.372013 31.004017 30.84671 -32767.0 -32767.0 30.077833 30.614273 31.358694 -32767.0 -32767.0 -32767.0 -32767.0 -32767.0 34.128365 34.21352 33.709877 33.858173 33.826813 33.839085 33.853527 33.873997
30.572739 30.362986 30.298504 30.279371 30.246447 30.3979 30.677404 31.092842 31.456245 31.205318 31.10352 31.138775 31.022896 30.940273 31.321571 31.678246 31.587364 31.620739 31.558796 31.479069 32.032593 31.961304 32.337074 31.968493 32.47868 32.838577 33.059097 33.160446 33.178055 32.96953 32.274372 31.184374 -32767.0 31.399324 32.25574 -32767.0 32.28914 32.84082 32.216026 -32767.0 30.624134 30.763485 -32767.0 -32767.0 -32767.0 -32767.0 30.986889 31.321085 -32767.0 -32767.0 -32767.0 -32767.0 34.32706 34.070393 33.88586 33.835636 33.75008 33.74589 33.803104 33.94369 34.044834
29.260426 30.052769 30.493761 30.291328 30.305082 30.350912 30.686756 30.418531 30.498194 30.895844 30.866537 31.084343 31.612415 31.676865 32.074593 32.160824 32.010777 32.100506 32.10111 32.275696 32.583473 32.75093 32.6985 32.982517 33.008636 32.989655 -32767.0 33.140152 32.930805 -32767.0 -32767.0 31.544485 31.457985 31.477467 32.11471 33.3561 33.09127 32.637333 -32767.0 -32767.0 -32767.0 -32767.0 -32767.0 -32767.0 -32767.0 -32767.0 30.836824 31.957027 31.942898 -32767.0 -32767.0 34.237114 33.90156 33.794395 33.785797 33.72621 33.79473 33.828968 33.940186 34.06502 34.12192
29.35905 29.866175 30.022684 30.026852 29.974983 30.352438 29.731577 30.168621 30.092756 30.52075 31.082653 31.693054 32.051147 -32767.0 -32767.0 32.2589 32.700104 32.82487 32.857925 32.92771 32.96028 32.945496 32.86275 32.927586 32.9825 33.04979 33.110245 32.86978 -32767.0 -32767.0 -32767.0 -32767.0 -32767.0 -32767.0 32.03467 33.086098 33.474 -32767.0 -32767.0 -32767.0 -32767.0 -32767.0 33.08782 -32767.0 32.537838 33.04411 33.08926 32.65345 31.884382 33.569626 -32767.0 33.91232 33.70397 33.723457 33.78484 33.929955 33.970478 33.88442 34.034058 34.09923 34.12825
