static/data/salinity/2023/7/13/12.asc
ncols 137
nrows 93
xllcorner 108.0
yllcorner 17.0
cellsize 0.25
NODATA_value -32767
[rows 27 to 53 of 93, columns 61 to 121 of 137]
29.637865 30.397774 30.532946 30.467403 30.288279 30.205896 30.391449 30.826056 31.288172 31.766392 32.21932 32.467686 -32767.0 -32767.0 32.944893 32.757637 32.749348 32.830276 32.796295 32.593895 32.575066 32.723194 32.90611 32.887913 32.869934 -32767.0 -32767.0 -32767.0 -32767.0 -32767.0 -32767.0 -32767.0 -32767.0 -32767.0 31.748085 32.41627 33.250652 -32767.0 -32767.0 -32767.0 33.17948 33.829876 33.997467 33.642323 33.660282 33.892 34.034576 33.936398 33.94091 33.630207 33.6813 33.905468 33.74735 33.75918 33.875008 33.917946 33.84135 33.734543 33.71057 33.892014 34.05345
30.368238 30.166313 30.109776 30.078772 30.008299 29.901535 29.884388 30.315569 31.048618 31.898758 32.463703 32.628662 32.680138 32.657776 32.746407 32.830868 32.88022 32.839733 32.678616 32.631798 32.86359 32.875458 32.82158 -32767.0 33.26574 33.436928 -32767.0 -32767.0 26.871706 -32767.0 -32767.0 -32767.0 -32767.0 -32767.0 -32767.0 32.337437 32.9617 -32767.0 -32767.0 33.903316 33.95383 33.987183 34.135235 33.80282 33.941196 33.951557 33.942966 33.78739 33.88552 33.81094 33.96642 33.775574 33.729862 33.75355 33.829166 33.92004 33.882084 33.72959 33.78141 33.961266 34.14055
30.736635 30.501043 30.143486 30.106638 29.86217 29.898174 30.100067 30.39694 30.970404 31.897326 32.659054 32.88954 32.914852 32.88154 32.82438 32.83928 32.818832 32.871513 32.888466 32.79237 32.887268 32.838737 -32767.0 33.756554 33.437553 33.48294 33.027607 32.26955 -32767.0 28.459314 -32767.0 -32767.0 -32767.0 -32767.0 -32767.0 32.601746 33.71868 33.82142 33.324173 34.050106 33.970837 34.033646 34.14337 34.070034 33.899647 33.85773 33.885452 33.75611 33.87417 33.90267 34.002502 33.96296 33.934616 33.880703 33.909275 33.937866 33.867966 33.7067 33.88133 33.994473 34.190712
29.9526 30.658829 30.523565 30.598366 30.58649 30.311062 30.6477 31.13011 31.629726 32.29182 33.044315 33.04188 32.889576 32.772938 32.852356 32.966614 33.000767 32.990665 33.009033 32.970455 33.06158 32.987694 33.017696 33.273655 33.322617 33.529778 33.52675 31.553194 29.579128 28.947577 -32767.0 -32767.0 -32767.0 -32767.0 33.808357 34.14111 34.153114 34.20391 34.193634 34.07918 34.031204 34.008327 34.10096 33.988674 33.855972 33.89995 33.93987 33.88328 33.806965 33.37387 34.072018 34.034943 33.997223 34.032932 34.01013 33.961906 33.86098 33.765434 33.957695 34.050854 34.204525
29.96884 31.013916 31.1083 31.02613 31.226355 31.75257 32.26532 32.04946 32.361427 32.76766 33.25383 33.137558 33.031704 32.948612 33.00308 32.987377 32.953247 33.057297 33.080826 33.093 33.10075 33.258434 33.23885 33.393738 33.475437 33.284637 33.37477 32.804924 30.787086 29.827824 -32767.0 -32767.0 -32767.0 -32767.0 34.10706 34.212162 34.20179 34.175846 34.179295 34.16824 34.066475 34.03013 33.980568 33.927937 33.961388 33.995857 33.991055 34.000275 33.983734 33.915386 33.644157 33.91701 34.086014 33.971954 33.95365 34.016815 33.809437 33.83968 34.00322 34.075172 34.2116
28.980433 29.445124 29.688446 29.630882 29.863674 30.861662 31.898912 32.664814 33.01699 33.149136 33.2446 33.42429 33.14437 32.987156 32.980644 33.012684 32.89244 32.798904 32.653114 32.298866 32.08635 32.07472 32.197163 32.568024 33.44891 33.679115 33.429943 33.42359 -32767.0 -32767.0 -32767.0 -32767.0 -32767.0 33.741196 34.18474 34.253586 34.019836 33.905712 33.92505 33.934055 33.922825 33.921017 33.922646 33.925495 33.93689 33.958076 33.931274 33.894527 33.910923 33.924088 33.94565 33.651806 34.021416 33.983017 34.027668 33.869583 33.850964 33.887573 34.0535 34.085754 34.224293
28.073917 28.035912 29.187815 29.613613 29.341032 29.36535 31.097267 32.43794 32.84465 33.18618 33.226036 33.437763 33.32037 33.033615 32.924526 32.98591 32.95209 32.847485 32.301846 32.029766 32.06441 32.787292 32.979286 32.55316 32.36783 33.487316 33.62223 33.228115 -32767.0 -32767.0 -32767.0 -32767.0 -32767.0 33.942085 34.016605 34.05304 33.969303 33.836487 33.861713 33.861115 34.042908 34.138058 34.064056 33.962643 33.912357 33.952667 33.97733 33.939404 33.92433 33.94038 33.93193 33.80495 33.917362 33.99936 34.030537 33.865757 33.876556 33.941 34.06779 34.101524 34.239124
26.356937 26.738634 29.592232 30.605724 30.375263 30.056301 29.758043 30.301727 31.037758 32.22675 33.05852 33.134125 32.993793 32.823524 32.81767 32.886658 32.840717 32.488358 32.183964 32.052063 32.320522 33.39181 33.752975 33.525642 32.421394 33.020615 33.66185 33.015778 33.265854 -32767.0 33.11057 -32767.0 -32767.0 33.832947 33.786064 33.80678 33.828728 33.656837 33.696632 34.02689 34.09105 34.15602 34.166847 34.033295 33.917606 33.87074 33.871452 33.887238 33.90518 33.914814 33.926098 33.924488 33.8941 34.015053 33.94905 33.92295 33.895576 34.01089 34.05418 34.118305 34.261097
28.275734 29.175322 30.924664 31.544134 31.836094 31.66566 30.935202 30.66728 31.080046 31.987255 32.711807 33.091118 32.992462 32.779995 32.718765 32.760876 32.68875 32.169895 32.229736 32.221863 32.275238 32.581387 33.694397 33.371914 32.603573 32.817383 33.64386 33.56129 33.614685 33.53724 33.285965 -32767.0 33.741024 33.692184 33.68651 33.733486 33.708714 33.41715 33.885757 34.12719 34.01016 34.035767 34.01798 33.993423 33.933727 33.927547 33.941616 33.967087 33.98354 33.99416 33.924824 33.97485 33.904385 33.984524 33.93398 33.968685 33.93416 34.064808 34.03072 34.14294 34.278046
31.451126 31.516165 30.961939 31.023975 31.737095 31.8604 31.978762 31.56813 31.590857 31.954859 32.641495 32.982277 32.810577 32.751152 32.86318 32.7094 32.35965 32.210014 32.440063 32.587482 32.62323 32.4444 33.206684 32.922096 32.48459 32.9819 33.567635 33.722836 33.707928 33.748398 -32767.0 33.63177 33.422066 33.61497 33.481842 34.118774 34.30077 33.84748 34.00408 34.025253 33.97896 34.014095 33.921932 33.95723 33.969574 33.970165 33.96196 33.901585 33.90197 34.005775 33.957294 33.995064 33.91948 33.937935 33.941917 33.919388 34.024754 34.0366 34.01806 34.18896 34.293274
32.10469 31.351791 30.976463 31.850046 32.11114 32.18217 32.38961 32.404167 32.20653 32.370136 32.960754 32.974255 32.962902 33.00441 32.900734 32.619476 32.469574 32.48385 32.78031 32.930153 33.052307 33.100956 32.798542 32.992054 32.540382 33.44396 33.70879 33.69461 33.447598 33.315117 33.35258 33.23991 33.912727 33.2554 33.91931 34.219376 34.283237 34.239243 34.205296 33.941414 34.02899 33.949364 34.065784 34.12678 34.087048 34.084423 34.05888 33.8937 33.874733 33.912457 33.9606 34.003006 33.931396 33.9495 33.964066 33.930122 34.034393 34.021534 34.054195 34.256588 34.31364
31.852835 31.352972 31.379347 31.554903 32.4224 33.108086 33.1306 33.117928 32.881035 32.398067 32.53688 32.85759 32.862434 32.85549 32.769947 32.668762 32.574863 32.706978 33.037422 33.12122 33.308777 33.519157 33.57312 33.139435 32.9207 33.420364 33.69648 33.20874 -32767.0 32.886566 32.942043 -32767.0 33.137768 33.403946 33.873405 34.21786 34.307316 34.31576 34.084953 33.92358 34.02979 33.957787 34.15398 34.15921 34.137352 34.09848 34.063766 33.90051 33.96686 33.919815 33.958275 34.008293 33.935833 33.916466 33.864918 33.988716 34.048103 34.005955 34.12628 34.31384 34.358524
31.723469 31.059336 30.916798 30.741982 30.5785 31.361881 33.1799 33.557655 33.414433 32.984463 32.592094 32.42859 32.432343 32.371254 32.467842 32.582138 32.53637 33.009632 33.16979 33.386868 33.76215 33.963882 33.970257 33.927185 33.341003 33.266754 33.64717 33.25901 32.99753 -32767.0 32.74653 33.041454 32.993736 33.534817 34.218693 34.31951 34.33083 34.34269 34.10208 33.901596 34.04392 34.011845 34.168877 34.135265 34.08166 34.08214 34.044777 33.90384 33.953587 33.941273 33.96466 34.03124 33.907745 33.8818 33.871136 33.986855 34.04171 34.021996 34.233036 34.38187 34.41861
33.33472 33.258503 33.31026 33.094963 32.583294 31.931406 32.300236 33.57644 33.743412 33.79924 33.487167 32.987324 33.015427 33.260033 33.470627 33.2316 33.204422 33.23579 33.60284 33.952057 34.08706 34.18658 34.186275 34.121475 34.06404 33.3767 33.496212 33.174488 33.291218 33.31933 33.02985 33.10811 33.3949 34.034657 34.074234 34.3629 34.37625 34.3325 34.231857 33.986454 33.99593 34.046124 34.158844 34.10471 34.058266 34.11755 34.05379 34.017166 33.90687 33.900864 33.965725 34.062378 33.88746 33.876053 33.949486 34.009693 34.018757 34.079967 34.334217 34.446014 34.43886
33.758404 33.567 33.85207 33.983303 34.016533 34.004856 33.945858 33.9366 33.902687 33.87399 33.821636 33.7833 33.726875 33.676888 33.567806 33.323795 33.27743 33.71307 33.90223 34.16525 34.192 34.225483 34.2564 34.25485 34.176403 34.17591 33.457264 33.149868 33.122322 33.098526 33.20552 33.539772 34.159172 34.303528 34.36338 34.40297 34.389004 34.37229 34.226913 34.047863 33.973843 34.059933 34.130116 34.12767 34.03931 34.03598 34.122066 34.061203 34.07893 33.88799 33.89221 34.04631 34.01206 33.95725 34.068745 34.080647 34.00493 34.19463 34.459206 34.41829 34.36924
34.015285 34.059933 34.118256 34.04967 33.986794 33.996098 34.00203 34.02296 34.00321 33.978676 33.897995 33.815968 33.683716 33.670216 33.473854 33.30475 33.715515 33.837547 34.01814 34.24464 34.21276 34.32701 34.389164 34.372986 34.28074 34.109634 34.13096 33.78075 33.533173 33.807735 34.039375 34.27619 34.35199 34.33059 34.374977 34.34572 34.354755 34.32522 34.18922 34.138893 34.066772 34.019176 34.11235 34.036766 34.06232 34.01882 34.012352 34.1097 34.074554 34.10055 34.05783 34.140324 34.163055 34.179558 34.13699 34.074547 34.0494 34.405792 34.471497 34.39289 34.365906
34.25185 33.842953 33.915817 33.95842 33.939705 33.915646 33.958755 33.9518 33.9643 33.974922 33.91634 33.711338 33.580612 33.52192 33.33782 33.518955 33.890827 33.83261 34.052925 34.24723 34.2123 34.366913 34.36383 34.367504 34.43225 34.283222 34.140167 34.20711 34.184692 34.288235 34.348557 34.37002 34.332214 34.315628 34.339336 34.339603 34.327724 34.299507 34.296967 34.36757 34.36414 34.219734 34.053455 34.09793 34.07856 34.0108 34.043587 34.01135 34.048016 34.093983 34.094334 34.08374 34.10106 34.091995 34.128506 34.025505 34.21446 34.49047 34.505257 34.406506 34.361897
33.85857 33.940994 33.91917 33.898514 33.830727 33.857708 33.892277 33.900414 33.926735 33.9209 33.83842 33.649273 33.46371 33.346 33.426342 34.050697 33.957703 33.838253 34.10252 34.22939 34.23933 34.36048 34.34531 34.360413 34.3888 34.388615 34.362442 34.36453 34.377422 34.37271 34.334286 34.32788 34.30348 34.31624 34.32812 34.436577 34.517002 34.537525 34.565517 34.55832 34.46951 34.39179 34.27387 34.079403 34.07058 34.05642 34.025276 34.03395 34.062042 34.060852 34.069206 34.088066 34.09562 34.073425 34.049175 34.094013 34.498154 34.500355 34.54495 34.495064 34.462967
33.9592 33.599216 33.548508 33.823456 33.829273 33.8878 33.91367 33.897057 33.901253 33.835445 33.68455 33.51531 33.4759 33.363197 33.793076 33.950554 33.87768 33.874474 34.207314 34.222935 34.252357 34.34212 34.278214 34.34552 34.375114 34.3754 34.375298 34.362537 34.363083 34.321438 34.295574 34.288452 34.305855 34.427166 34.590324 34.653168 34.627792 34.59806 34.618973 34.635883 34.571827 34.395947 34.31039 34.24224 34.08847 34.061012 34.07061 34.110886 34.127655 34.123325 34.115963 34.10871 34.093193 34.103603 34.119595 34.49205 34.517223 34.52324 34.482628 34.40831 34.361595
33.745197 33.79157 33.619564 33.49155 33.70747 33.828957 33.98441 33.934986 33.87212 33.76253 33.54845 33.692707 33.8711 33.806675 33.811222 33.85871 33.960667 34.211235 34.19526 34.210255 34.282364 34.38044 34.3012 34.335194 34.35101 34.37109 34.301197 34.328243 34.28686 34.294384 34.340824 34.447254 34.57175 34.597107 34.584396 34.53293 34.44592 34.40203 34.42015 34.505634 34.609158 34.44338 34.328125 34.268845 34.122906 34.06478 34.09269 34.133823 34.15672 34.158745 34.159603 34.162277 34.16415 34.130672 34.51192 34.54022 34.529 34.442562 34.42688 34.512207 34.47922
33.880024 33.79537 33.600605 33.48615 33.664577 33.819923 33.79588 33.79527 33.893898 33.90516 33.68978 33.693886 33.764824 33.79795 33.922585 34.143337 34.180706 34.14915 34.21438 34.258904 34.355022 34.447437 34.277203 34.24582 -32767.0 34.249474 34.260277 34.257786 34.261276 34.356716 34.545162 34.585762 34.58342 34.434776 34.323303 34.333725 34.364452 34.369854 34.33209 34.39638 34.53383 34.465744 34.305485 34.28573 34.11093 34.07595 34.128006 34.135307 34.130493 34.129257 34.128674 34.138668 34.309307 34.55626 34.558987 34.566612 34.558952 34.51967 34.554035 34.661392 34.768745
33.54685 33.48397 33.49683 33.44836 33.56442 33.843307 33.69659 33.892105 34.0403 34.005783 33.95004 33.918625 33.9222 34.15155 34.092472 34.111618 34.173817 34.172905 34.24063 34.37674 34.45464 34.488472 34.286095 34.231106 34.232685 34.24307 34.250996 34.30247 34.38731 34.588604 34.576046 34.56125 34.329403 34.363655 34.440376 34.440464 34.449593 34.487343 34.3806 34.387733 34.521706 34.438747 34.235126 34.25667 34.088894 34.111008 34.303825 34.33479 34.376163 34.381565 34.38219 34.4358 34.523968 34.524315 34.56733 34.605473 34.602776 34.621746 34.60563 34.698772 34.805576
33.3741 33.507366 33.471157 33.495476 33.804146 33.77337 33.678867 33.925636 34.018143 33.978947 33.910706 34.094193 34.09935 34.108017 34.19094 34.172195 34.178844 34.230488 34.407017 34.53713 34.489532 34.43093 34.28978 -32767.0 34.229794 34.27066 34.332737 34.452927 34.587734 34.585964 34.56978 34.359375 34.436283 34.44175 34.401432 34.39387 34.46541 34.503082 34.396336 34.41242 34.522915 34.340385 34.235893 34.15543 34.13379 34.433292 34.452847 34.534298 34.631897 34.67142 34.66928 34.659187 34.66848 34.679527 34.564465 34.553818 34.605846 34.629253 34.646935 34.75291 34.781025
33.223835 33.470043 33.712543 33.727104 33.64347 33.665558 33.791637 33.8852 33.91879 33.90732 34.29609 34.16892 34.087357 34.20219 34.234516 34.19119 34.18622 34.412937 34.55893 34.43193 34.31528 34.331562 34.2201 34.219395 34.278313 34.340603 34.463932 34.605858 34.55459 34.609264 34.418888 34.423386 34.461052 34.40995 34.38503 34.418903 34.477028 34.442444 34.391285 34.473274 34.429317 34.22567 34.196552 34.18096 34.436867 34.577763 34.65265 34.687508 34.684063 34.66772 34.658737 34.653767 34.64768 34.657307 34.546795 34.490612 34.53237 34.577343 34.6511 34.64589 34.63117
33.02251 33.274147 33.562077 33.63599 33.62369 33.71985 33.898468 33.847126 33.908787 34.02078 34.19317 34.150738 34.114254 34.23749 34.204945 34.176754 34.37379 34.515 34.468872 34.40297 34.25966 34.262142 34.2533 34.264767 34.358437 34.435905 34.608074 34.577293 34.56943 34.585476 34.38485 34.481377 34.41971 34.38779 34.342403 34.345173 34.354416 34.372868 34.44515 34.406147 34.227367 34.212513 34.182377 34.435852 34.601746 34.707787 34.705612 34.591946 34.582027 34.642994 34.63801 34.635757 34.627865 34.62473 34.489487 34.536503 34.530502 34.54948 34.572906 34.601147 34.62288
33.165066 33.688572 33.687614 33.71744 33.73646 33.703667 33.853226 33.83121 33.887947 33.91793 34.002563 34.081963 34.284843 34.18206 34.179314 34.282265 34.520527 34.521374 34.42469 34.324005 34.38203 34.32073 34.243626 34.262184 34.430695 34.566902 34.5527 34.602516 34.581066 34.61015 34.376022 34.428993 34.37849 34.36477 34.36949 34.33276 34.35529 34.391735 34.33988 34.2383 34.226337 34.181793 34.416313 34.65178 34.694103 34.668926 34.645714 34.46522 34.66683 34.65673 34.659245 34.6329 34.620033 34.543186 34.600403 34.67931 34.63 34.510468 34.562878 34.601276 34.627686
33.09244 33.407883 33.832287 33.569523 33.642845 33.83786 33.874523 33.90049 33.924988 33.981014 34.214947 34.283524 34.235676 34.212635 34.189198 34.48528 34.521515 34.508217 34.485878 34.465153 -32767.0 34.349003 34.269966 34.261147 34.45095 34.546455 34.547813 34.60756 34.590973 34.64851 34.373558 34.335365 34.216557 34.25703 34.291813 34.30636 34.29806 34.264378 34.239044 34.21215 34.21891 34.356083 34.630466 34.68824 34.61034 34.606087 34.5771 34.45612 34.681107 34.670288 34.72487 34.66247 34.63495 34.558807 34.692978 34.70581 34.72579 34.673077 34.6724 34.621998 34.666935
