static/data/salinity/2023/7/13/18.asc
ncols 137
nrows 93
xllcorner 108.0
yllcorner 17.0
cellsize 0.25
NODATA_value -32767
[rows 54 to 80 of 93, columns 61 to 121 of 137]
33.56858 33.488213 33.433357 33.503082 33.68985 33.908924 34.038876 34.17621 34.290043 34.239372 34.258305 34.304558 34.310844 34.229103 34.327545 34.482944 34.539692 34.56066 34.595478 34.431286 34.38157 34.34753 34.28674 34.285934 34.43455 34.493225 34.56437 34.59252 34.607426 34.673626 34.4082 34.23844 34.186516 34.202602 34.22224 34.242554 34.23709 34.223843 34.221924 34.27128 34.394623 34.635128 34.67822 34.58421 34.53446 34.56191 34.481884 34.3995 34.67948 34.648865 34.74049 34.74332 34.65309 34.59037 34.659485 34.652813 34.647102 34.644016 34.62704 34.579594 34.625645
34.31458 34.328217 34.151073 34.155052 34.309162 34.263607 34.193504 34.234898 34.34337 34.3003 34.300488 34.385284 34.532127 34.278896 34.40729 34.431736 34.495102 34.633133 -32767.0 34.475815 34.39195 34.33173 34.25683 34.271725 34.375904 34.426914 34.568348 34.59713 34.614014 34.667103 34.57414 34.30594 34.182182 34.19985 34.196484 34.200413 34.219566 34.24327 34.28376 34.37516 34.558285 34.703785 34.630005 34.559914 34.524166 34.51897 34.347588 34.399673 34.636658 34.627377 34.720055 34.75782 34.704716 34.605698 34.616787 34.650665 34.66102 34.643387 34.621548 34.616943 34.647423
34.285927 34.33404 34.324768 34.246517 34.233757 34.228954 34.237854 34.311214 34.32777 34.357006 34.47488 34.58235 34.708454 34.60754 34.609207 34.65907 34.639923 34.587185 34.59722 34.619354 34.47173 34.33854 34.271347 34.274895 34.31385 34.360382 34.532955 34.615692 34.607956 34.645397 34.6843 34.426575 34.208935 34.230362 34.25019 34.283237 34.30124 34.320026 34.35996 34.45176 34.628437 34.697075 34.64069 34.58174 34.50621 34.47739 34.258804 34.448677 34.588478 34.648167 34.64147 34.770336 34.776077 34.730186 34.65311 34.643555 34.674297 34.693153 34.711365 34.698326 34.677113
34.29807 34.437725 34.43873 34.476166 34.45674 34.389893 34.301716 34.384052 34.285343 34.522625 34.62034 34.62677 34.646286 34.690044 34.641872 34.64403 34.69617 34.748753 34.768147 34.76416 34.71673 34.580597 34.383278 34.274395 34.288166 34.31635 34.42373 34.641846 34.600983 34.65381 34.695953 34.66977 34.36919 34.194195 34.235226 34.274223 34.32118 34.376698 34.433884 34.506683 34.611496 34.668053 34.619408 34.551846 34.496037 34.43941 34.206554 34.44725 34.56984 34.671776 34.629017 34.635082 34.729904 34.782654 34.774384 34.756165 34.751755 34.749134 34.746754 34.729836 34.688545
34.391815 34.48848 34.47618 34.428535 34.41546 34.417168 34.40574 34.23794 34.525913 34.634518 34.696396 34.595 34.566013 34.57018 34.60479 34.663425 34.785114 34.770245 34.752026 34.737488 34.733578 34.722565 34.65804 34.56741 34.401993 34.31926 34.33743 34.647285 34.606705 34.637066 34.722404 34.699734 34.591583 34.352848 34.23193 34.248775 34.32757 34.35829 34.415504 34.521313 34.58955 34.62321 34.61412 34.42018 34.501625 34.384045 34.152805 34.403996 34.574287 34.64054 34.64806 34.62162 34.634266 34.704082 34.76108 34.775055 34.77512 34.76027 34.74335 34.721786 34.683865
34.422867 34.347057 34.28948 34.251858 34.200912 34.283733 34.236847 34.49253 34.59041 34.626625 34.64968 34.562344 34.56617 34.58443 34.601387 34.668064 34.799877 34.81474 34.74776 34.710228 34.720284 34.74379 34.71075 34.67031 34.62429 34.487133 34.375767 34.561405 34.611717 34.649555 34.70055 34.70738 34.67815 34.4622 34.31144 34.2786 34.284683 34.29452 34.298584 34.373848 34.46776 34.46283 34.351746 34.353092 34.38022 34.26233 34.129147 34.324097 34.58225 34.659504 34.655922 34.644566 34.63996 34.64137 34.707127 34.742764 34.73071 34.704323 34.690884 34.692055 34.696335
34.314964 34.156605 34.262283 34.30285 34.17975 34.199142 34.439777 34.55661 34.59085 34.680344 34.59603 34.589874 34.597137 34.593792 34.604145 34.670067 34.821716 34.775578 34.708195 34.68292 34.673573 34.717186 34.742813 34.70908 34.677425 34.587868 34.414963 34.48936 34.61091 34.685818 34.690334 34.663235 34.66989 34.647728 34.57987 34.529457 34.446205 34.306976 34.212288 34.273537 34.30596 34.289097 34.26481 34.26225 34.25848 34.2164 34.128338 34.246292 34.560207 34.66261 34.661938 34.62189 34.63944 34.70029 34.64332 34.716137 34.696056 34.581646 34.62653 34.69496 34.70155
34.29634 34.376163 34.50458 34.216454 34.183994 34.520752 34.536606 34.516163 34.54316 34.58587 34.58781 34.621246 34.591938 34.569977 34.60054 34.68145 34.820744 34.72132 34.686287 34.675545 34.659336 34.70432 34.74605 34.71388 34.698895 34.560974 34.447662 34.584183 34.685616 34.684772 34.688416 34.664646 34.653175 34.595257 34.52338 34.484398 34.484962 34.47139 34.437355 34.363308 34.282043 34.228497 34.20506 34.199986 34.179676 34.152756 34.162334 34.2753 34.54835 34.662956 34.67032 34.614388 34.70492 34.76041 34.697006 34.67288 34.689125 34.573517 34.640118 34.70697 34.762016
34.45804 34.553112 34.517517 34.346848 34.296307 34.499638 34.52501 34.594044 34.6019 34.607567 34.615078 34.642323 34.60451 34.57988 34.596924 34.720207 34.782955 34.694225 34.689056 34.67048 34.655273 34.725693 34.744663 34.706192 34.643112 34.51413 34.60585 34.696636 34.685097 34.67194 34.67783 34.702034 34.68501 34.614117 34.535034 34.561096 34.508232 34.448483 34.445107 34.449875 34.452976 34.40972 34.348072 34.29271 34.264977 34.25599 34.28284 34.337738 34.556374 34.61927 34.664715 34.646038 34.778687 34.841064 34.759277 34.665188 34.70217 34.60306 34.691303 34.652832 34.995502
34.58637 34.546024 34.543987 34.526703 34.490887 34.557 34.611824 34.581787 34.606007 34.679222 34.693287 34.651512 34.59897 34.58398 34.627594 34.777393 34.725754 34.69252 34.687225 34.670906 34.69248 34.732513 34.720623 34.63386 34.541794 34.54923 34.61783 34.722538 34.684162 34.685757 34.686703 34.703545 34.668953 34.62841 34.571297 34.555756 34.39343 34.367752 34.367416 34.348972 34.380505 34.424347 34.448345 34.439938 34.408302 34.386295 34.3588 34.474022 34.617455 34.650272 34.669235 34.71056 34.80689 34.855747 34.747887 34.67077 34.69148 34.612347 34.65368 34.876842 35.062134
34.602673 34.55581 34.50734 34.484093 34.57048 34.63319 34.574368 34.561108 34.70651 34.705177 34.733543 34.672718 34.5956 34.591442 34.719658 34.7889 34.692608 34.689728 34.691467 34.693436 34.71287 34.73656 34.642506 34.534042 34.51283 34.528805 34.61993 34.739365 34.713253 34.70459 34.671894 34.63722 34.61581 34.5983 34.591877 34.48139 34.319664 34.310062 34.34475 34.38277 34.406033 34.443817 34.484116 34.486458 34.4237 34.393658 34.391815 34.583855 34.668133 34.650024 34.651978 34.744858 34.851833 34.830143 34.683945 34.682533 34.652946 34.600903 34.59571 34.990406 35.084763
34.64287 34.612343 34.522804 34.440163 34.589016 34.56176 34.51689 34.57769 34.713577 34.67831 34.703297 34.63393 34.614826 34.69104 34.777203 34.71641 34.678318 34.688328 34.69253 34.699 34.717506 34.686256 34.53882 34.564167 34.523113 34.55383 34.602814 34.735172 34.67612 34.63032 34.625717 34.617855 34.603275 34.57071 34.539906 34.478596 34.37783 34.43785 34.48172 34.477386 34.45133 34.416653 34.4056 34.40754 34.42868 34.50897 34.617928 34.67694 34.649918 34.642315 34.647636 34.735943 34.783253 34.71415 34.6734 34.670353 34.55136 34.570976 34.907352 35.02795 35.075397
34.62902 34.59218 34.554672 34.437366 34.359886 34.350166 34.511314 34.56099 34.70743 34.668793 34.650368 34.616226 34.692505 34.72735 34.65037 34.675133 34.66493 34.67677 34.6922 34.704254 34.710945 34.63865 34.532207 34.525196 34.530865 34.60208 34.601097 34.7224 34.68153 34.696796 34.655647 34.642185 34.642387 34.61189 34.57051 34.532394 34.43588 34.465504 34.48611 34.505047 34.578094 34.57289 34.58153 34.61331 34.65894 34.67281 34.652397 34.657196 34.651917 34.626236 34.643013 34.69905 34.672436 34.644638 34.663998 34.495785 34.674965 34.93134 34.99368 35.043602 35.00292
34.57555 34.46134 34.496258 34.535275 34.456997 34.38623 34.44423 34.534317 34.681416 34.710243 34.64485 34.63438 34.72222 34.55733 34.653084 34.66292 34.65596 34.659187 34.68212 34.69506 34.68352 34.628872 34.558685 34.535263 34.59822 34.61259 34.611813 34.663857 34.730392 34.68635 34.719517 34.685658 34.657234 34.641285 34.625526 34.581375 34.541954 34.498363 34.465096 34.508656 34.65586 34.697433 34.68486 34.682816 34.64575 34.66076 34.65849 34.627605 34.597607 34.596664 34.637547 34.687416 34.633675 34.53008 34.64381 34.88827 35.00643 34.976105 34.994534 35.035976 34.829033
34.441143 34.39255 34.472214 34.492714 34.416943 34.35582 34.42745 34.51385 34.649227 34.732895 34.675926 34.627243 34.699394 34.492435 34.575287 34.651463 34.624317 34.642673 34.62638 34.612892 34.58709 34.557682 34.56635 34.58255 34.59432 34.599155 34.606937 34.678497 34.756157 34.721264 34.696404 34.70167 34.69112 34.675056 34.647747 34.63038 34.591377 34.551205 34.52307 34.514854 34.678616 34.685425 34.67861 34.646828 34.649494 34.649513 34.5906 34.552517 34.546543 34.573483 34.636677 34.674927 34.534607 34.687534 34.88895 34.99665 34.984715 35.003365 35.018948 34.934563 34.81521
34.41052 34.40281 34.48621 34.344547 34.33593 34.392693 34.50406 34.500732 34.605835 34.70355 34.704823 34.63729 34.69139 34.505905 34.55383 34.59081 34.632046 34.61559 34.607117 34.599506 34.58353 34.571167 34.573242 34.59312 34.592236 34.607708 34.631413 34.74556 34.760593 34.742092 34.719036 34.70657 34.698624 34.69648 34.683346 34.675537 34.639908 34.591125 34.560516 34.546318 34.553177 34.5752 34.595657 34.662785 34.628834 34.554005 34.547047 34.526463 34.52277 34.56794 34.637524 34.688065 34.52804 34.830795 34.849007 34.92471 34.99278 34.99307 34.979515 34.943077 34.897694
34.395527 34.434296 34.42082 34.331577 34.376648 34.45131 34.461784 34.507256 34.594296 34.665947 34.722496 34.657585 34.65249 34.599644 34.54002 34.574028 34.5601 34.56192 34.566975 34.563953 34.588963 34.65072 34.71097 34.733368 34.72142 34.72669 34.74253 34.740913 34.746273 34.74954 34.728226 34.72086 34.72207 34.721497 34.70448 34.708015 34.67691 34.63564 34.58711 34.568207 34.562584 34.583366 34.652706 34.63511 34.556423 34.549553 34.57039 34.519566 34.513035 34.576656 34.640865 34.713413 34.519436 34.815483 34.768806 34.789783 34.839287 34.84716 34.85758 34.868507 34.869038
34.38306 34.48901 34.35129 34.380463 34.44521 34.46599 34.46858 34.57553 34.656517 34.666344 34.72638 34.673626 34.630424 34.660934 34.521603 34.581352 34.61855 34.60665 34.63373 34.694725 34.742344 34.75196 34.781246 34.784767 34.778812 34.750984 34.727608 34.725212 34.74989 34.74352 34.73319 34.7263 34.72098 34.72183 34.72178 34.717846 34.712048 34.657963 34.60997 34.57419 34.567307 34.599697 34.649796 34.58594 34.538418 34.58336 34.56375 34.508522 34.52706 34.5827 34.634773 34.65339 34.527267 34.679554 34.70696 34.65306 34.626728 34.745594 34.899788 34.90468 34.893402
34.391514 34.42599 34.347137 34.49134 34.492027 34.395336 34.594753 34.670143 34.643623 34.689644 34.723217 34.679146 34.629566 34.69069 34.540062 34.568504 34.599983 34.693523 34.702374 34.73795 34.748672 34.75666 34.76395 34.76549 34.776825 34.773552 34.761673 34.763466 34.73287 34.725285 34.69048 34.664803 34.65381 34.654583 34.669476 34.689487 34.69625 34.67577 34.609367 34.588215 34.564938 34.61931 34.638115 34.560993 34.5554 34.57854 34.565205 34.514057 34.543232 34.57186 34.594646 34.621037 34.678856 34.52529 34.631187 34.644703 34.63185 34.625835 34.61781 34.725964 34.795418
34.39318 34.353703 34.429928 34.54471 34.404724 34.53801 34.653923 34.686417 34.66579 34.721035 34.71467 34.665253 34.631176 34.691917 34.626507 34.61669 34.58342 34.648952 34.694202 34.76327 34.76766 34.767876 34.75844 34.72981 34.731636 34.716404 34.703293 34.693535 34.680466 34.65582 34.625828 34.64461 34.681744 34.68373 34.671375 34.632557 34.639397 34.641773 34.62652 34.576157 34.557915 34.61954 34.63373 34.559746 34.55765 34.575394 34.557705 34.5039 34.568607 34.59855 34.610188 34.623917 34.648537 34.59154 34.51754 34.51089 34.55372 34.638905 34.638958 34.6862 34.744007
34.372105 34.409264 34.40417 34.43501 34.4056 34.614643 34.705383 34.706398 34.730892 34.71487 34.703445 34.644424 34.648052 34.70078 34.70688 34.63673 34.58718 34.68903 34.735523 34.74743 34.742283 34.731194 34.761475 34.723003 34.78443 34.751553 34.732834 34.680428 34.608143 34.643192 34.734344 34.70836 34.604347 34.58462 34.59215 34.65145 34.65202 34.58597 34.571278 34.535847 34.540546 34.591717 34.624653 34.563877 34.560135 34.588165 34.569088 34.53977 34.572014 34.57557 34.57425 34.582287 34.62484 34.643936 34.552643 34.54623 34.546272 34.63755 34.655087 34.641396 34.62389
34.397213 34.39813 34.415195 34.39035 34.58875 34.678253 34.73108 34.726307 34.714027 34.70849 34.696705 34.64651 34.70469 34.70814 34.62401 34.59017 34.60938 34.737923 34.75597 34.73631 34.679684 34.676933 34.703457 34.73004 34.78571 34.750713 34.662056 34.602825 34.757282 34.73166 34.632366 34.595783 34.578667 34.565346 34.54246 34.548298 34.59661 34.62875 34.566006 34.560326 34.51366 34.543236 34.59124 34.580143 34.547413 34.591297 34.578167 34.55958 34.567688 34.56822 34.56833 34.584892 34.60885 34.600315 34.575558 34.56813 34.554714 34.57413 34.589542 34.6103 34.631004
34.39933 34.377785 34.4181 34.389683 34.61861 34.73266 34.741222 34.735527 34.696636 34.694138 34.68 34.67045 34.69383 34.608696 34.620747 34.61623 34.682182 34.74777 34.73397 34.652412 34.629772 34.64449 34.665436 34.692585 34.746113 34.712467 34.5966 34.754646 34.67324 34.610504 34.570164 34.55105 34.58549 34.56537 34.5941 34.571407 34.5206 34.6073 34.602455 34.55613 34.477325 34.507095 34.55568 34.591286 34.557465 34.566353 34.586555 34.5712 34.55197 34.548477 34.56175 34.57001 34.58161 34.570057 34.570614 34.578205 34.589878 34.598587 34.58593 34.56143 34.571243
34.428707 34.345367 34.40638 34.535046 34.633186 34.70085 34.72419 34.735058 34.692165 34.69568 34.673374 34.69287 34.64746 34.62642 34.659622 34.68405 34.73343 34.723503 34.650593 34.60609 34.581017 34.583138 34.610455 34.663326 34.681656 34.61044 34.727493 34.642998 34.569576 34.56306 34.560467 34.55776 34.577343 34.554108 34.604454 34.626423 34.54001 34.595333 34.609238 34.543083 34.482372 34.496716 34.53769 34.585487 34.561546 34.53973 34.564224 34.577187 34.584988 34.57577 34.590195 34.598015 34.610535 34.58812 34.54634 34.53937 34.55052 34.542767 34.515484 34.495796 34.47635
34.382465 34.32238 34.38765 34.62726 34.641407 34.631657 34.703445 34.73895 34.69683 34.684464 34.667175 34.701725 34.637627 34.649837 34.68196 34.711395 34.665154 34.583668 34.53792 34.51449 34.505657 34.530525 34.558285 34.62172 34.669273 34.66544 34.633728 34.57297 34.543724 34.50746 34.509926 34.539726 34.545074 34.534126 34.567127 34.687534 34.673435 34.643375 34.552464 34.53993 34.44466 34.484085 34.54367 34.571346 34.572796 34.539482 34.566708 34.618736 34.633186 34.61122 34.624184 34.60735 34.55037 34.534073 34.612442 34.56346 34.46018 34.43521 34.483597 34.51039 34.498817
34.315506 34.358337 34.42767 34.622906 34.638004 34.616917 34.665134 34.715042 34.69639 34.692345 34.684597 34.694363 34.638077 34.658043 34.67972 34.644928 34.560074 34.52818 34.52925 34.544735 34.53881 34.54529 34.567173 34.59365 34.57897 34.66862 34.58094 34.540516 34.50562 34.485638 34.44559 34.450035 34.479305 34.50915 34.53269 34.648884 34.71002 34.659405 34.569126 34.50209 34.414085 34.49706 34.55654 34.549545 34.61826 34.570366 34.63806 34.654015 34.63888 34.651093 34.575325 34.50248 34.574627 34.669613 34.594643 34.484478 34.478367 34.562656 34.561893 34.497013 34.424736
34.27918 34.389183 34.636505 34.601673 34.633617 34.573193 34.60828 34.70208 34.700542 34.694168 34.69125 34.66532 34.65687 34.663677 34.66367 34.563457 34.559288 34.51269 34.51226 34.559734 34.56487 34.555984 34.57112 34.584137 34.687286 34.602142 34.565353 34.531837 34.440033 34.47082 34.436005 34.461105 34.498608 34.489895 34.5044 34.591152 34.68051 34.68396 34.63908 34.544334 34.42157 34.51539 34.555466 34.58697 34.66805 34.683434 34.667988 34.66499 34.60961 34.458714 34.53764 34.6135 34.715096 34.675488 34.60496 34.486008 34.479546 34.52682 34.565674 34.58098 34.595493
