static/data/salinity/2023/7/13/6.asc
ncols 137
nrows 93
xllcorner 108.0
yllcorner 17.0
cellsize 0.25
NODATA_value -32767
[rows 0 to 26 of 93, columns 61 to 121 of 137]
-32767.0 -32767.0 -32767.0 -32767.0 -32767.0 -32767.0 -32767.0 -32767.0 -32767.0 -32767.0 -32767.0 -32767.0 -32767.0 -32767.0 -32767.0 -32767.0 -32767.0 -32767.0 -32767.0 32.18703 32.349403 32.02409 32.9584 33.216965 33.396793 33.35863 33.29335 33.616287 33.732204 33.857666 33.757618 33.60125 33.747524 33.85075 33.75993 33.79609 33.890556 33.90692 33.683266 33.157406 33.206352 33.764492 33.78459 33.766888 33.824913 33.906048 33.67146 33.636955 33.63261 33.71027 33.84392 33.7207 33.621033 33.737144 33.89637 33.860043 33.783077 33.755306 33.70817 33.804935 33.57168
30.07615 29.997532 29.880367 29.750658 29.568754 29.31392 28.881824 -32767.0 -32767.0 -32767.0 -32767.0 -32767.0 -32767.0 -32767.0 -32767.0 -32767.0 -32767.0 -32767.0 32.41475 32.853065 32.624844 33.249516 33.385376 33.417683 33.41323 33.462025 33.458797 33.558754 33.684578 33.679134 33.646763 33.600536 33.619785 33.648716 33.485657 33.448536 33.3739 33.312862 33.30804 33.27418 33.205368 33.738693 33.91177 33.992348 33.93204 33.789646 33.696632 33.846844 33.976295 33.99876 33.988323 34.00495 33.97377 33.870945 33.620335 33.560726 33.568634 33.6064 33.615295 33.649323 33.731335
30.030945 29.972292 29.938627 29.771303 29.551886 29.317993 28.873232 28.40793 27.755356 -32767.0 -32767.0 -32767.0 -32767.0 -32767.0 -32767.0 -32767.0 -32767.0 -32767.0 32.579704 32.929893 33.141987 33.231953 33.57659 33.54207 33.450424 33.38263 33.41811 33.516743 33.519592 33.465237 33.474354 33.571342 33.831406 33.90458 33.910248 33.862915 33.83991 33.46899 33.236042 33.542896 33.54057 33.589165 33.89418 33.724525 33.739346 33.89506 34.056416 33.97834 34.08668 34.078396 34.058857 34.010292 33.697685 33.57889 33.79737 33.6348 33.56626 33.547623 33.630028 33.700703 33.771637
30.23027 30.222433 30.180046 30.179838 29.667885 29.46727 29.22191 28.710178 27.680367 -32767.0 -32767.0 -32767.0 -32767.0 -32767.0 -32767.0 -32767.0 -32767.0 31.916359 32.45988 32.839176 32.98491 33.17977 33.009003 32.86692 32.62219 32.3788 32.299007 32.428078 33.028843 33.379086 33.348236 33.55544 33.647305 33.86805 33.87667 33.83035 33.58377 33.325382 33.62931 33.983994 33.9299 33.62323 33.775524 33.833267 33.89537 34.14243 34.124393 34.026722 34.283142 34.145355 34.049442 33.884644 33.82761 33.768803 33.933014 33.881573 33.631958 33.605473 33.706413 33.801323 33.875614
30.299871 30.352737 30.24065 30.17433 30.013662 29.313179 29.143242 28.685938 -32767.0 -32767.0 -32767.0 -32767.0 -32767.0 -32767.0 -32767.0 -32767.0 -32767.0 -32767.0 -32767.0 32.950558 33.077282 33.405823 33.193867 33.154896 33.075943 32.44834 32.2043 32.269844 32.410423 32.875954 33.178593 33.520096 33.44522 33.39787 33.405186 33.424194 33.43091 33.490463 34.100315 34.08729 33.956062 33.863365 33.747116 33.868122 34.024647 34.22298 34.216316 34.096764 34.049137 34.27131 34.08957 33.941013 34.017063 34.0086 34.037342 34.05222 33.7662 33.726227 33.819454 33.86298 33.84894
29.847862 29.831818 29.890812 29.980764 29.956635 29.825731 28.370876 28.877142 -32767.0 -32767.0 -32767.0 -32767.0 -32767.0 -32767.0 -32767.0 -32767.0 -32767.0 -32767.0 -32767.0 -32767.0 32.802635 33.098457 33.546535 33.538765 33.23919 32.551876 32.153225 33.345703 33.534782 33.397686 33.294296 33.24872 33.478104 33.51631 33.605186 33.577435 33.444633 34.063614 34.15965 34.03688 33.98819 33.997356 33.84589 33.897717 34.08709 34.186306 34.198753 34.119907 34.07576 34.220425 34.22225 34.017693 34.01377 34.015575 34.04847 33.987637 34.008625 33.823006 33.818546 33.756474 33.96812
29.29961 29.447508 29.612852 29.67487 29.735334 29.672901 27.741169 28.88315 -32767.0 -32767.0 -32767.0 -32767.0 -32767.0 -32767.0 -32767.0 -32767.0 -32767.0 -32767.0 -32767.0 -32767.0 -32767.0 32.78453 33.35548 33.47131 33.26349 32.73694 32.116642 33.18834 33.434715 33.369675 33.27001 33.210064 33.312008 33.397392 33.43182 33.544376 34.038536 34.07579 34.128483 34.056534 34.016197 33.970623 34.206905 34.144978 34.165886 34.172768 34.133873 34.044605 34.16162 34.25249 34.250023 34.038586 33.984783 33.93727 33.90724 33.962666 34.063812 33.9921 33.823917 33.67556 33.942455
29.135336 29.513597 29.73306 29.733295 29.743229 28.912367 27.281898 -32767.0 -32767.0 -32767.0 -32767.0 -32767.0 -32767.0 -32767.0 -32767.0 -32767.0 -32767.0 -32767.0 -32767.0 -32767.0 -32767.0 -32767.0 32.72469 33.36142 33.16334 32.855774 32.229893 32.458054 33.551 32.76251 32.896362 33.128006 33.456104 33.884354 34.024433 33.984165 33.918995 33.989277 34.129463 34.01491 34.0721 34.18274 34.054745 34.05836 34.020515 34.00416 34.039707 34.23261 34.291656 34.308407 34.199062 34.074627 34.07349 34.04519 33.995243 34.00775 34.095703 34.119564 33.904194 33.824024 34.03664
28.973473 29.124395 29.261997 29.410374 28.738386 28.181248 -32767.0 24.752136 -32767.0 -32767.0 -32767.0 -32767.0 -32767.0 -32767.0 -32767.0 -32767.0 -32767.0 -32767.0 -32767.0 -32767.0 -32767.0 -32767.0 32.400524 33.074867 32.91512 32.807682 32.423332 32.160194 33.48381 33.110462 33.195297 33.49904 33.68062 33.674187 33.917244 33.958042 34.18056 34.1394 34.14567 34.03832 33.940422 33.959255 33.992203 34.041798 34.013145 34.216984 34.33122 34.352303 34.29967 34.265236 34.178944 34.164886 34.138123 34.12892 34.126858 34.12308 34.13253 34.162735 33.995384 34.00229 -32767.0
28.852919 28.930288 29.066483 29.111542 29.047836 28.935135 29.421055 27.460861 23.546734 22.255178 22.641161 20.784462 17.63356 -32767.0 -32767.0 -32767.0 -32767.0 -32767.0 -32767.0 -32767.0 -32767.0 -32767.0 -32767.0 32.482887 32.62109 32.594498 32.313282 32.094357 33.52647 33.595142 33.448307 33.39743 33.57728 33.49865 33.83324 33.78489 33.736675 33.73296 33.713238 33.911007 34.007233 34.00127 33.97367 34.07076 34.358433 34.35883 34.380836 34.405575 34.237793 34.171726 34.172123 34.158165 34.149006 34.11254 34.072308 34.09518 34.10717 34.05496 34.109562 34.068787 34.01173
28.403864 28.858526 29.064327 29.26621 29.580908 29.455976 29.273682 29.60379 29.171627 28.318748 27.341785 25.995852 23.818626 -32767.0 -32767.0 -32767.0 -32767.0 -32767.0 -32767.0 -32767.0 -32767.0 -32767.0 -32767.0 -32767.0 32.550735 32.724426 32.12319 32.15395 33.298016 33.748337 33.679356 33.585155 33.41823 33.32994 33.80313 33.80853 33.694267 33.605225 33.59233 33.512466 33.568027 33.657234 33.946598 34.343235 34.311974 34.343918 34.391056 34.349785 34.177494 34.09694 34.014057 33.99255 33.969345 34.019928 33.94362 33.811733 -32767.0 33.913925 34.009975 33.97664 33.94969
28.628237 28.969816 29.238743 29.627907 29.997732 30.390976 30.291912 29.927412 29.530739 29.331703 28.77705 28.58232 24.322523 19.226448 17.463612 -32767.0 -32767.0 -32767.0 -32767.0 -32767.0 -32767.0 -32767.0 -32767.0 -32767.0 -32767.0 32.59606 32.049835 32.163677 32.16578 33.58596 33.512238 33.531418 33.337265 33.296867 33.789303 33.796383 33.79461 33.60326 33.55499 33.508495 33.60441 33.66649 34.265343 34.352455 34.249344 34.278934 34.262894 34.217888 34.090103 34.009834 33.80556 33.91712 33.866283 33.6517 -32767.0 -32767.0 33.728634 33.91795 33.967197 33.763657 33.10889
29.152552 29.220055 29.34754 29.542397 29.993553 30.096663 30.186432 30.24867 30.178558 29.614897 29.328802 29.143953 28.25727 -32767.0 17.250643 -32767.0 -32767.0 -32767.0 -32767.0 -32767.0 -32767.0 -32767.0 -32767.0 -32767.0 -32767.0 32.625156 32.31156 32.130875 32.631462 32.300014 32.757877 33.38789 33.396423 33.23792 33.447517 33.611393 33.599434 33.572334 33.61662 33.578644 33.63647 33.677715 34.117165 34.0916 34.141735 34.114967 34.293015 34.25407 34.04159 34.015373 34.00392 33.98383 33.99464 33.861855 -32767.0 33.777576 33.673206 33.55911 -32767.0 -32767.0 -32767.0
29.288872 29.397285 29.735495 29.844477 30.163788 30.371902 30.474268 30.533194 30.470726 29.956343 29.723722 29.368076 -32767.0 -32767.0 -32767.0 -32767.0 -32767.0 -32767.0 -32767.0 -32767.0 -32767.0 -32767.0 -32767.0 -32767.0 -32767.0 32.61327 32.562027 32.056713 32.212173 33.032463 32.386887 32.7686 33.307087 33.295124 33.200684 33.285763 33.406693 33.4829 33.760143 33.75355 33.681583 33.680664 33.84652 34.00005 34.050068 33.947235 33.981136 34.222878 34.01055 33.92725 33.908108 33.830826 33.65591 33.711704 33.201935 -32767.0 33.61358 -32767.0 -32767.0 -32767.0 -32767.0
29.302294 29.405046 30.024494 30.620747 30.858746 30.933943 30.908175 30.927475 30.687502 30.096615 30.096567 29.9385 27.715117 -32767.0 -32767.0 -32767.0 -32767.0 -32767.0 -32767.0 -32767.0 -32767.0 -32767.0 -32767.0 -32767.0 -32767.0 32.75424 32.69448 31.966898 32.205685 32.616398 32.784065 32.55468 32.593536 32.868618 33.107952 33.162727 33.228695 33.335476 33.574368 33.735386 33.695827 33.697117 33.64756 33.86328 33.88784 33.88572 33.872967 34.040703 34.17708 34.08272 33.64139 33.32803 33.312847 33.276573 -32767.0 -32767.0 -32767.0 -32767.0 -32767.0 -32767.0 -32767.0
29.374392 29.468727 29.953817 30.304947 30.459234 30.668695 30.996077 31.060163 30.933163 30.67299 30.524158 29.568298 28.442835 26.04718 -32767.0 -32767.0 -32767.0 -32767.0 -32767.0 -32767.0 -32767.0 -32767.0 -32767.0 -32767.0 -32767.0 32.312878 32.639233 31.660255 31.97354 32.425713 32.842403 33.546837 33.513283 33.205673 33.328465 33.403572 33.29267 33.250282 33.373543 33.675915 -32767.0 33.663857 33.534615 33.72674 33.838093 33.92553 33.90397 34.081528 34.141064 33.881237 33.523956 32.746693 -32767.0 -32767.0 -32767.0 -32767.0 -32767.0 -32767.0 -32767.0 -32767.0 -32767.0
29.402575 29.41662 29.67882 30.082964 30.373083 30.977549 31.529835 31.393896 30.989462 30.81334 30.74002 30.48463 29.280676 25.496273 -32767.0 -32767.0 -32767.0 -32767.0 -32767.0 -32767.0 -32767.0 -32767.0 -32767.0 -32767.0 -32767.0 -32767.0 32.227776 31.689064 31.871994 32.53083 33.837135 33.781578 33.786304 33.70143 33.84692 33.83665 33.73445 33.68522 33.68961 33.67104 33.70694 33.731285 33.654213 33.602562 33.723827 33.824028 33.75353 33.735405 33.67348 33.581863 32.721886 32.163147 -32767.0 -32767.0 -32767.0 -32767.0 -32767.0 -32767.0 -32767.0 -32767.0 -32767.0
29.692427 29.688515 29.926971 30.487844 30.700123 30.87237 31.385864 31.751333 31.498514 31.376646 30.916466 30.382612 29.108284 24.816957 24.79121 -32767.0 -32767.0 -32767.0 -32767.0 -32767.0 -32767.0 -32767.0 -32767.0 -32767.0 -32767.0 33.30962 31.783165 31.868038 32.061916 32.170208 33.806175 33.85742 33.492153 33.550385 33.302452 33.19196 33.824253 33.4179 32.957996 32.904743 32.865772 32.83858 32.91163 33.105564 33.320385 33.167236 33.034447 33.07796 -32767.0 32.39946 32.59825 31.24065 -32767.0 -32767.0 -32767.0 -32767.0 -32767.0 -32767.0 -32767.0 -32767.0 -32767.0
30.474094 30.582582 30.85439 31.233257 31.207886 31.155783 31.470568 31.841345 31.988382 32.01027 31.73362 30.295582 26.001728 23.84096 -32767.0 -32767.0 -32767.0 -32767.0 -32767.0 -32767.0 -32767.0 -32767.0 -32767.0 -32767.0 -32767.0 32.582863 31.246635 31.855064 32.082443 32.190193 32.49923 32.78706 32.70411 32.94765 32.976925 32.844498 32.929485 32.633144 32.801113 -32767.0 -32767.0 32.83498 32.545597 -32767.0 -32767.0 -32767.0 -32767.0 -32767.0 -32767.0 -32767.0 -32767.0 -32767.0 -32767.0 -32767.0 -32767.0 -32767.0 -32767.0 -32767.0 -32767.0 -32767.0 -32767.0
30.262222 30.493748 31.186975 31.558857 31.393116 31.53363 31.845568 31.896416 31.96827 31.59749 30.933401 29.59535 24.842981 -32767.0 -32767.0 -32767.0 -32767.0 -32767.0 -32767.0 -32767.0 -32767.0 -32767.0 -32767.0 -32767.0 32.64077 31.199762 30.993996 31.230879 32.699394 32.716087 32.824394 32.704067 32.540024 32.42013 32.43184 32.64816 32.55154 32.77856 -32767.0 -32767.0 -32767.0 -32767.0 -32767.0 -32767.0 -32767.0 -32767.0 -32767.0 -32767.0 -32767.0 -32767.0 -32767.0 -32767.0 -32767.0 -32767.0 -32767.0 -32767.0 -32767.0 -32767.0 -32767.0 -32767.0 -32767.0
30.276716 30.665918 31.357527 31.60364 31.56257 31.595316 31.765444 31.816475 31.876238 31.291164 30.47501 29.357904 21.812603 -32767.0 -32767.0 -32767.0 -32767.0 -32767.0 -32767.0 -32767.0 -32767.0 31.203493 30.59341 31.020157 30.770172 31.57054 31.52847 31.083595 32.457935 32.362778 32.326317 32.50251 32.722664 32.70677 32.887955 32.66953 -32767.0 -32767.0 -32767.0 -32767.0 -32767.0 -32767.0 -32767.0 -32767.0 -32767.0 -32767.0 -32767.0 -32767.0 -32767.0 -32767.0 -32767.0 -32767.0 -32767.0 -32767.0 30.001644 -32767.0 -32767.0 -32767.0 -32767.0 -32767.0 -32767.0
30.254955 30.411701 30.661407 30.86863 31.090256 31.211329 31.657188 31.72393 31.729582 31.736563 30.452414 29.79559 28.4118 -32767.0 -32767.0 -32767.0 -32767.0 28.302399 31.075335 30.500103 30.624075 30.868597 31.248001 30.457632 32.00366 31.324648 31.29138 31.401142 31.990547 32.170784 32.292706 32.768677 32.827778 32.791035 32.612217 -32767.0 -32767.0 -32767.0 -32767.0 -32767.0 -32767.0 -32767.0 -32767.0 -32767.0 -32767.0 29.79336 29.83359 -32767.0 -32767.0 -32767.0 -32767.0 -32767.0 -32767.0 -32767.0 30.12488 -32767.0 -32767.0 -32767.0 -32767.0 -32767.0 34.29014
30.3125 30.374916 30.701965 31.086617 31.13199 31.218924 31.484262 31.461222 31.527225 31.676935 30.684044 29.7024 -32767.0 28.623474 -32767.0 30.44893 -32767.0 30.253428 -32767.0 30.534523 30.625475 30.739784 30.54407 31.461203 32.05593 31.593641 31.936913 32.07325 32.23355 32.46357 32.693314 32.741524 32.6639 -32767.0 -32767.0 -32767.0 -32767.0 -32767.0 -32767.0 -32767.0 -32767.0 31.55522 31.396938 31.134869 30.211824 30.927319 30.612127 29.851538 29.727991 -32767.0 -32767.0 -32767.0 -32767.0 -32767.0 29.794708 31.430286 32.843147 33.48372 33.757675 33.78057 33.831764
30.654701 30.441349 30.478151 30.544327 30.678064 30.790674 30.984707 31.234442 31.355083 31.600115 31.549652 31.148703 30.508898 30.478266 30.536198 30.448559 30.573204 30.675714 30.540579 30.788305 31.036074 30.911888 31.272741 32.11828 -32767.0 31.532917 32.366627 32.49386 32.533962 32.66875 32.956837 -32767.0 -32767.0 -32767.0 -32767.0 -32767.0 30.538534 30.998857 31.995003 31.662817 31.580494 31.497068 30.891973 -32767.0 -32767.0 30.095482 30.87083 30.442924 -32767.0 -32767.0 -32767.0 -32767.0 -32767.0 33.976063 34.047195 34.195705 33.83679 33.81865 33.869453 33.924522 33.952114
30.787586 30.718138 30.496664 30.447216 30.54251 30.688467 30.982506 31.349066 31.593805 31.531652 31.549782 31.855133 31.533045 31.365467 31.38211 31.30801 31.309694 30.846699 30.948149 31.37671 31.470648 31.615705 31.644262 32.215614 32.506462 32.745705 32.86617 32.957703 33.058365 33.097744 32.605507 31.008598 -32767.0 30.88656 30.68954 -32767.0 30.990458 32.060974 31.874691 -32767.0 30.709478 30.655586 -32767.0 -32767.0 -32767.0 -32767.0 30.941544 31.81193 -32767.0 -32767.0 -32767.0 -32767.0 34.263668 34.17336 33.834457 33.764236 33.78789 33.901253 33.952713 33.99662 34.098625
29.834217 30.186457 30.229347 30.289986 30.398935 30.612265 30.779488 30.95018 31.197718 31.455065 31.677067 31.765652 31.946093 32.102936 32.405025 32.384018 32.176105 31.591162 32.0083 32.29673 32.31904 32.618484 32.843994 32.99303 33.025063 32.9691 -32767.0 33.20944 33.341236 -32767.0 -32767.0 31.616829 31.08363 31.212261 31.83109 32.637455 32.924427 32.57694 -32767.0 -32767.0 -32767.0 -32767.0 -32767.0 -32767.0 -32767.0 -32767.0 31.416922 32.56857 32.785915 -32767.0 -32767.0 34.36076 34.17292 33.864582 33.720436 33.70041 33.736317 33.757202 33.77193 33.9096 34.066463
30.271725 30.399029 30.208626 30.383177 30.38168 30.445902 30.595926 30.84081 31.072153 31.259258 31.481768 31.777195 32.271507 -32767.0 -32767.0 32.34704 32.50102 32.67464 32.753696 32.740036 32.74975 32.84447 32.966217 33.049915 32.96722 32.937595 33.297832 33.01741 -32767.0 -32767.0 -32767.0 -32767.0 -32767.0 -32767.0 31.427984 32.876507 33.32093 -32767.0 -32767.0 -32767.0 -32767.0 -32767.0 32.949127 -32767.0 32.092987 32.57789 33.88936 34.063183 33.471165 33.877335 -32767.0 34.118416 33.88975 33.74105 33.78652 33.771484 33.699776 33.686268 33.687428 33.81099 33.960457
