static/data/thetao/2023/7/2/0.asc
ncols 137
nrows 93
xllcorner 108.0
yllcorner 17.0
cellsize 0.25
NODATA_value -32767
[rows 27 to 53 of 93, columns 61 to 121 of 137]
23.560846 23.664198 23.782063 23.989624 24.155079 24.001022 23.86936 23.86314 23.6141 23.510418 23.600657 23.723942 -32767.0 -32767.0 23.403492 23.422186 24.042408 24.424997 24.479717 24.343313 24.592264 24.700157 24.718342 24.68851 24.460152 -32767.0 -32767.0 -32767.0 -32767.0 -32767.0 -32767.0 -32767.0 -32767.0 -32767.0 24.04276 24.030737 24.496367 -32767.0 -32767.0 -32767.0 24.663729 24.725601 24.490234 24.502712 24.498781 24.485435 24.53646 24.987606 24.61917 24.460405 23.235508 24.337162 24.386477 24.461515 24.916552 25.437239 26.082806 25.47315 24.641006 24.575262 24.743656
23.814266 24.043798 24.132717 24.134092 24.126335 24.067287 23.859861 23.81737 23.704988 23.615385 23.604198 23.79228 23.993635 24.210598 24.34697 24.379576 24.45839 24.364294 24.515265 24.49088 24.497452 24.74674 24.764666 -32767.0 24.396376 25.063309 -32767.0 -32767.0 26.213081 -32767.0 -32767.0 -32767.0 -32767.0 -32767.0 -32767.0 23.706766 23.553377 -32767.0 -32767.0 23.649017 24.288353 25.481133 25.891983 25.781248 25.105831 24.588251 24.78506 25.16085 24.67732 24.724213 23.76722 24.825636 24.215754 24.274311 24.651272 25.22659 25.960539 26.210272 25.523588 24.6291 24.58647
23.75161 23.93793 24.08481 23.755451 23.71201 23.68002 23.765846 23.6268 23.574373 23.630873 23.702814 24.139517 24.408535 24.513731 24.411594 24.32667 24.276308 24.423983 24.527779 25.023565 24.659277 24.776686 -32767.0 23.89135 24.584978 25.133821 25.304544 25.250547 -32767.0 25.017893 -32767.0 -32767.0 -32767.0 -32767.0 -32767.0 24.715254 25.387915 25.56207 25.734076 25.604345 26.40221 26.399607 26.360226 26.374605 26.357832 25.533335 24.936695 24.986385 24.622755 24.568247 24.874876 24.459871 24.140919 24.061699 24.475376 25.002298 25.606977 26.095713 26.24343 26.121912 24.78484
23.63706 23.49319 23.404682 23.018286 23.101189 23.22105 23.538773 23.445013 23.322407 23.420374 23.502876 24.015633 24.451328 24.416494 24.325962 24.209816 24.37082 24.203806 24.3141 24.75007 25.265486 24.892637 24.787537 24.430687 24.464561 25.011353 25.230783 25.23655 24.530819 25.605497 -32767.0 -32767.0 -32767.0 -32767.0 24.236523 25.535686 26.15373 26.186533 26.181295 26.214123 26.20306 26.255945 26.397614 26.446856 26.45411 26.12656 25.050508 25.076664 24.71384 24.716331 24.895714 24.464077 24.239422 24.108128 24.381807 24.8036 25.280897 25.627083 25.985132 26.298307 26.408207
24.145632 24.35165 23.965256 23.097485 22.672815 22.547918 22.849173 23.071037 23.107588 23.398285 23.646372 23.987276 24.157291 24.352478 24.255383 24.293451 24.437614 24.343513 24.968153 25.457512 25.832743 25.652485 25.311222 25.15889 24.75082 24.702011 24.951797 25.21136 24.646315 25.208862 -32767.0 -32767.0 -32767.0 -32767.0 24.966469 26.157368 26.282187 25.743246 25.912762 26.0556 25.59223 25.636553 25.896538 26.531187 26.667244 26.65035 25.197388 25.02216 24.81398 24.951092 24.639277 24.725935 24.456503 24.292162 24.52462 24.577368 25.193003 25.460363 25.91708 26.183596 26.410368
24.732609 24.7835 24.418276 23.956999 23.316847 23.440954 23.219345 23.034107 23.27631 23.544268 23.749662 24.00676 24.181015 24.380413 24.067568 24.360563 24.435448 24.635689 24.863394 25.408943 25.899712 26.02576 25.994953 25.83553 25.77953 25.49862 25.10395 25.102972 -32767.0 -32767.0 -32767.0 -32767.0 -32767.0 24.745049 25.421654 26.159575 25.82034 25.462774 26.04355 25.492361 25.553154 26.023523 25.952229 26.314034 26.671331 26.652964 26.361456 25.172058 25.065752 24.87557 24.987408 24.970478 24.67562 24.417048 24.733795 24.731888 25.12481 25.34259 25.881166 26.343506 26.55935
24.973465 24.97358 24.87343 24.724215 24.721003 24.51843 23.675531 23.283585 23.276897 23.608479 23.755821 23.86794 24.133856 24.3577 24.02983 24.243319 24.268654 24.66376 25.240301 25.52355 25.733353 26.002213 26.045406 26.006845 26.016315 25.799631 25.552069 25.328945 -32767.0 -32767.0 -32767.0 -32767.0 -32767.0 23.126959 24.445862 25.936441 25.865664 25.444042 25.932983 25.32751 26.08231 26.499647 26.352655 26.667807 26.726437 26.609346 26.77378 25.748089 25.194841 25.001518 24.955393 24.965748 24.711693 24.694233 24.463804 24.680784 25.036266 25.288742 25.821226 26.441236 26.665617
25.13047 25.013926 25.057806 25.044107 24.975096 24.617195 23.894596 23.476324 23.52949 23.60702 23.968292 24.272686 24.39525 24.564465 24.264 24.20117 24.450542 25.164404 25.749739 26.169641 26.22044 26.184 26.208452 26.030416 25.988945 25.899532 25.69023 25.520103 25.901243 -32767.0 25.837717 -32767.0 -32767.0 23.396067 24.439537 25.632109 25.899057 25.562817 25.620083 25.528904 26.840164 26.843214 26.857227 27.023264 26.774734 26.326792 26.551718 26.736343 25.327574 25.126675 25.025913 24.995945 24.861181 24.78933 24.61466 24.674074 25.047518 25.381617 25.816845 26.560045 26.679392
25.295729 25.330667 25.44025 25.466888 25.399784 25.174295 24.715282 24.272345 23.699629 23.733242 23.878975 24.178852 24.5388 24.617653 24.585752 24.271433 24.405577 25.089865 25.405996 25.807083 26.040453 26.046621 26.213596 26.202375 26.124193 25.935217 25.832369 25.385815 25.490566 25.460644 25.9855 -32767.0 24.673431 24.697235 24.766308 25.020994 25.246744 25.449265 25.81037 27.102114 26.911839 26.108744 26.121067 26.397316 26.775064 26.29076 26.359468 26.812063 25.70174 25.196693 25.114895 25.038637 24.903017 24.73159 24.718645 24.818918 25.10663 25.442327 26.028452 26.694525 26.622849
24.834202 25.477793 25.683575 25.704515 25.712236 25.316181 24.6105 24.318066 24.111298 24.19241 24.10141 24.224268 24.324528 24.698149 24.65922 24.031696 24.862852 25.5396 25.684338 25.836676 25.916151 26.105143 26.325321 26.374693 26.274334 25.887444 25.658653 25.50244 25.663086 25.738008 -32767.0 24.910772 25.505108 25.0155 26.174904 26.603153 26.952885 26.958685 27.141232 27.235159 26.088701 26.441494 26.611008 26.301245 26.132814 26.207123 26.207531 26.685316 26.189999 25.261412 25.225706 25.14293 25.018087 24.893972 24.919647 25.068533 25.381847 25.634918 26.386585 26.78372 26.52459
23.472599 24.533463 25.330013 25.919918 26.245537 25.824673 24.934864 24.318647 24.181646 24.194958 24.553293 24.623926 24.671015 24.644356 24.354885 23.952337 24.71686 25.587225 25.89605 26.034506 26.601385 27.021044 27.068672 26.836912 26.558077 26.108032 25.752602 25.655006 26.067202 26.13038 26.214308 26.469147 26.0172 26.205214 26.853912 27.115252 27.27111 27.461773 27.101416 26.241066 26.213919 26.775719 26.788155 26.627768 26.273819 26.139355 26.236938 26.57495 26.523077 25.323498 25.274141 25.327156 25.2126 25.141102 25.28481 25.390406 25.682007 26.277649 26.767567 26.69846 26.466661
24.277765 25.916477 25.884281 26.315243 26.510386 26.152863 25.181025 24.72383 24.49609 24.190247 24.55119 24.636955 24.553213 24.301361 24.012032 24.145388 24.752525 25.362188 26.1953 26.924894 27.381092 27.662289 27.653437 27.514627 27.175074 26.750229 26.430946 26.295446 -32767.0 27.02308 26.663895 -32767.0 25.65327 26.50482 26.828894 26.968832 27.474405 27.45282 27.014402 26.0896 26.139954 26.659433 26.824835 26.675854 26.45769 26.328146 26.357845 26.468803 26.864328 25.496292 25.283085 25.385996 25.348392 25.396376 25.534727 25.914705 26.616184 26.96206 26.824484 26.520533 26.456131
25.532516 26.470465 26.849375 26.797934 26.82462 26.366695 25.51111 24.81963 24.313147 24.171804 24.49834 24.620148 24.345009 24.052975 24.082527 24.632435 24.766459 25.8173 26.627142 27.09065 27.269287 27.671944 27.922447 27.915955 27.726889 27.511848 27.149126 26.857607 26.52198 -32767.0 27.077045 26.486612 27.013845 27.061453 27.178005 27.584728 27.720238 27.473946 26.968487 26.62392 25.98808 26.572546 26.775106 26.773636 26.568506 26.51939 26.385403 26.479513 26.769741 26.62378 25.741499 25.638824 25.921692 26.364672 26.67903 26.698393 26.760899 26.707117 26.669025 26.44474 26.246454
25.133856 26.009447 26.62133 26.938753 26.957268 26.80483 26.379595 25.569765 24.742031 24.40042 24.394285 24.487045 24.703447 24.894535 24.773687 24.796041 25.349943 26.30407 26.643661 26.824266 26.760176 27.423817 27.987904 28.063684 27.89378 27.750364 27.782974 27.531393 27.328953 26.8177 26.681093 27.380972 27.686394 27.661436 27.748787 27.700817 27.721947 27.52001 27.161613 26.954235 26.74725 26.74619 26.75608 26.830116 26.865456 26.665163 26.623327 26.450058 26.517956 26.613258 26.738258 26.705982 26.664165 26.452024 26.360838 26.552511 26.654425 26.79102 26.512234 26.334023 25.87821
23.399487 24.576036 26.543682 26.903374 27.003918 27.106022 26.907322 26.403109 25.966166 25.963486 25.811096 25.502768 25.421877 25.337793 25.112648 25.175606 25.62157 26.041769 26.379889 26.780914 26.665962 27.439444 28.076847 28.145775 28.000517 27.705 27.680397 27.65091 27.711262 27.584896 27.48597 27.94977 27.83549 27.814484 27.844088 27.832079 27.586742 27.568394 27.24925 27.020012 26.730307 26.474188 26.407738 26.513212 26.804773 26.986614 26.90363 26.773182 26.590748 26.491585 26.433207 26.342102 26.418217 26.664152 26.846786 26.9755 26.98736 26.54184 26.337633 25.950806 25.99177
25.764557 26.800076 26.53976 26.952953 27.331255 27.326525 27.350561 27.294586 27.106672 26.94572 26.757833 26.413708 25.911602 25.713854 25.888817 26.11055 26.357866 26.665472 26.976877 27.2573 27.717728 28.097395 28.071314 28.16102 27.827736 27.660028 27.670824 27.862764 27.668304 27.769953 27.841827 27.75325 27.810953 27.79007 27.891724 27.903236 27.42279 27.38504 27.310379 27.22981 26.718145 26.621445 26.605116 26.631222 26.614138 27.049366 27.056215 26.905949 26.814579 26.745853 26.723719 26.786467 26.90428 27.004845 27.011387 26.824621 26.503311 26.418924 26.114382 26.049788 25.88781
25.98778 26.796047 27.342316 27.211334 27.49083 27.616072 27.582022 27.438992 27.238714 26.736414 26.370716 26.111874 26.10657 26.145624 26.36292 26.595118 27.004822 27.561794 28.118484 28.330591 28.372768 28.279503 27.926361 28.13872 27.391443 27.55539 27.621124 27.785166 27.76842 27.83506 27.867992 27.803448 27.77461 27.787012 27.789215 27.521822 27.182917 27.469566 27.389124 27.412626 27.135256 26.862139 26.791998 26.83352 26.88756 27.011335 27.120201 27.017138 26.975931 26.86436 26.73948 26.811941 26.912886 26.876722 26.680473 26.55204 26.451958 26.12267 26.071955 26.101831 25.984419
26.621025 27.204515 27.660416 27.524317 27.676426 27.702597 27.60589 27.359999 26.71838 26.705345 26.833735 26.694511 26.695578 26.672201 26.824978 27.299545 28.183216 28.61756 28.617569 28.543303 28.228977 27.637875 27.93151 27.881895 26.90554 27.214842 27.55603 27.514038 27.75513 27.84367 27.733345 27.54885 27.528975 27.743761 26.983217 27.047567 26.96572 26.908936 26.878212 26.827587 26.850933 26.961973 27.101208 27.139921 27.134218 27.122028 27.092333 27.031103 26.92194 27.00676 27.0134 26.923563 26.756498 26.849367 26.688889 26.439156 26.200186 26.159288 26.015837 26.025417 25.86628
27.081957 27.686451 27.877003 27.875086 27.674093 27.67511 27.603788 27.278254 27.042128 27.109936 26.996605 26.929106 27.026117 27.178444 27.642258 28.473358 28.655054 28.66196 28.494123 28.208866 27.63681 27.957771 27.747158 27.3155 27.118076 27.009184 27.290108 27.661875 27.532282 27.657185 27.84242 27.891142 27.403961 27.084085 27.129633 27.185898 27.221563 27.251595 27.278261 27.272356 27.299946 27.293814 27.2316 27.274736 27.293686 27.138357 27.068913 27.003254 27.076284 26.778141 26.719534 26.766155 26.71855 26.61787 26.456442 26.259552 26.23196 26.28055 26.01544 25.993643 25.824398
28.048061 28.282131 28.240656 28.119064 27.665464 27.591349 27.439348 27.245502 27.215822 27.211277 27.154829 27.058872 27.355562 27.919754 28.499432 28.68258 28.899906 28.507431 28.14729 27.788567 28.078753 27.720257 27.829557 27.637955 27.52799 27.589985 27.690956 27.71697 27.182796 27.452032 27.259638 27.12113 27.184084 27.19166 27.16623 27.341343 27.340553 27.336197 27.352287 27.333277 27.164267 27.068611 27.058477 27.181427 27.313593 27.022535 27.092976 26.996668 26.797699 26.696043 26.567791 26.55004 26.594833 26.432703 26.318733 26.337095 26.393902 26.245464 26.083153 26.225124 25.952808
28.463858 28.448914 28.283638 28.19406 27.607964 27.599468 27.261282 27.271973 27.347734 27.255602 27.132814 27.189646 27.704313 28.27409 28.37768 28.634472 29.046515 28.271557 28.008387 28.14707 28.008032 27.39433 27.244682 27.284004 -32767.0 26.836815 27.41217 26.950155 27.060377 27.154116 27.24519 27.285381 27.340685 27.429512 27.620703 27.455814 27.412945 27.425884 27.115639 26.90764 26.832235 26.8675 26.89396 27.052174 27.24663 27.009264 27.102598 26.869894 26.98153 26.659163 26.545387 26.511272 26.55954 26.34955 26.354351 26.553682 26.718887 26.60166 26.171965 26.225195 26.328987
28.24497 28.376522 28.304682 28.239965 28.005217 27.666065 27.53265 27.47139 27.443424 27.40215 27.190659 27.238314 28.145899 28.048409 28.082867 28.543354 28.902676 28.360456 28.163624 27.979595 27.677639 27.302681 27.455446 27.388844 26.21287 26.938768 26.944534 27.189276 27.196552 27.345383 27.547173 27.71223 27.882725 27.814585 27.452843 27.431774 27.312798 27.058464 26.750568 26.777191 26.879663 26.84205 26.820435 27.03762 27.062843 27.1154 26.947733 26.89573 26.644608 26.626497 26.678839 26.696554 26.682747 26.722593 26.750845 26.794289 26.956678 26.772165 26.111803 26.11499 26.055595
28.168339 28.259684 28.426182 28.372168 28.222061 28.054823 27.609467 27.58157 27.522713 27.404919 27.33622 27.516697 27.977652 28.067055 28.257586 28.728943 28.838167 28.546017 28.027147 27.338541 27.324125 27.349575 27.640146 -32767.0 26.906742 27.025888 27.170097 27.225712 27.577393 27.642124 27.727888 27.840784 27.566727 27.454073 27.324612 27.23412 27.110306 26.941395 26.843143 26.990479 27.099463 26.883684 26.875826 27.026243 27.064953 27.072222 27.031136 27.13712 27.07777 27.125868 27.088083 26.987844 26.958265 27.296616 27.133846 27.041931 27.126394 26.91205 26.299599 26.728413 26.758686
28.236036 28.235256 28.346325 28.199362 28.235775 28.154243 27.833258 27.642536 27.61946 27.51097 27.500612 27.716566 28.123484 28.605366 28.767578 28.879904 28.96133 28.542646 27.58686 27.415054 27.510855 27.632605 27.450718 26.836994 27.17802 27.186184 27.200838 27.48937 27.591967 27.651539 27.601896 27.534792 27.469137 27.22925 27.308939 27.116392 27.068636 27.0575 26.901485 26.996277 27.017513 26.876553 26.994822 27.12171 27.211462 27.113148 27.149782 27.050093 27.645857 27.791298 27.773067 27.77972 27.835321 27.773932 27.679035 27.590841 27.436865 27.096329 26.766039 26.782192 26.926287
28.243023 28.211575 28.25379 28.001354 28.028576 27.921795 27.703176 27.646137 27.642017 27.687654 27.795156 28.243435 28.656025 28.799763 28.762516 28.952507 29.093908 28.36484 27.878489 27.309835 27.408895 27.26776 26.923965 27.053802 27.334337 27.170689 27.268929 27.698996 27.565937 27.580015 27.765121 27.782692 27.502542 27.303478 27.177279 27.222982 27.206057 27.292452 27.004683 27.063017 27.06964 27.03396 27.145945 27.273994 27.23761 27.215816 27.452593 27.927141 27.789803 27.701872 27.83347 27.943123 27.923063 27.922209 27.854397 27.51884 27.429895 27.253342 27.139116 27.19811 27.409138
28.329657 28.26602 28.137966 28.111633 27.999073 27.921474 27.845545 27.761969 27.780272 27.947454 28.40667 28.710556 28.85026 28.711668 28.828093 28.98916 28.485193 28.271301 28.238152 27.792568 27.523308 26.952991 27.144573 27.34267 27.35958 27.226145 27.470417 27.681921 27.655537 27.786236 27.88004 27.949593 27.75152 27.387257 27.263622 27.24479 27.164915 27.294054 27.236399 26.968443 27.177212 27.21274 27.281853 27.322817 27.212885 27.500698 27.993792 27.86053 27.7248 27.951147 28.059168 28.08553 27.964443 27.990458 27.982176 27.920444 27.615936 27.389069 27.623505 28.133543 28.535807
28.612553 28.362116 28.292873 28.302483 28.233654 28.168236 28.129553 28.185717 28.283945 28.465124 28.66006 29.096035 28.884098 28.760756 28.31524 28.346031 28.2317 28.329752 28.384825 28.369455 -32767.0 27.798567 27.233913 27.355392 27.305796 27.266436 27.648737 27.642578 27.742245 27.687336 27.909874 28.034983 27.846773 27.523884 27.405933 27.299973 27.184452 27.23349 27.325138 27.080719 27.125858 27.322096 27.434914 27.347097 27.337015 27.692638 28.112503 27.779285 27.896126 27.80717 27.989439 28.193996 28.280308 28.167833 28.213665 28.160465 27.92168 27.683775 28.042522 28.545168 28.966076
