static/data/thetao/2023/7/2/12.asc
ncols 137
nrows 93
xllcorner 108.0
yllcorner 17.0
cellsize 0.25
NODATA_value -32767
[rows 27 to 53 of 93, columns 61 to 121 of 137]
24.103466 24.175222 24.263176 24.349503 24.444128 24.25241 24.071787 24.086218 23.715725 23.673574 23.817995 24.003973 -32767.0 -32767.0 23.660126 23.334148 24.247555 24.591228 24.64658 24.599543 24.769613 24.838257 24.884924 24.856892 24.856977 -32767.0 -32767.0 -32767.0 -32767.0 -32767.0 -32767.0 -32767.0 -32767.0 -32767.0 24.775187 24.56191 25.089802 -32767.0 -32767.0 -32767.0 25.353088 25.122005 25.364569 25.248644 25.061348 25.007635 24.855042 25.310942 25.166918 24.589342 23.591228 24.935415 24.536663 24.754227 25.208988 25.840528 26.341856 25.901533 24.920996 24.876621 25.099113
24.49841 24.612751 24.634058 24.559942 24.446478 24.31384 24.146036 24.066427 23.777624 23.771805 23.832417 24.043375 24.305973 24.442581 24.580143 24.664808 24.6854 24.556784 24.801271 24.695654 24.58461 24.84274 24.950422 -32767.0 24.71839 25.293598 -32767.0 -32767.0 26.586761 -32767.0 -32767.0 -32767.0 -32767.0 -32767.0 -32767.0 24.36011 24.643373 -32767.0 -32767.0 24.574219 24.638027 25.826422 26.410278 26.38737 26.055733 25.334187 25.167496 25.586836 25.243313 24.945812 24.172232 25.14404 24.494308 24.558195 25.09782 25.522535 26.186558 26.423437 25.995228 24.965145 24.904224
24.691969 24.709604 24.771189 24.339796 23.946018 23.989578 23.988035 23.997381 23.83648 23.90166 23.997684 24.303007 24.638771 24.685135 24.651478 24.614437 24.533718 24.612082 24.41262 25.149221 24.771189 24.862907 -32767.0 24.133379 24.802912 25.36664 25.54333 25.520185 -32767.0 25.589676 -32767.0 -32767.0 -32767.0 -32767.0 -32767.0 25.639536 26.249567 26.268614 25.755533 26.068296 26.757198 26.579365 26.469353 26.54732 26.59056 26.226686 25.316694 25.481546 25.126211 25.093449 25.059685 24.849762 24.523014 24.399902 24.931845 25.270231 25.734465 26.125626 26.438307 26.41416 25.113262
24.770979 24.48458 24.153429 23.759867 23.45504 23.507078 23.692484 23.717384 23.61337 23.658169 23.741364 24.198465 24.653147 24.550322 24.641367 24.519068 24.640743 24.50855 24.722424 25.010136 25.40713 25.046793 24.969835 24.881376 24.775023 25.352348 25.516855 25.455984 25.134504 26.012293 -32767.0 -32767.0 -32767.0 -32767.0 25.336966 26.357 26.805067 26.759302 26.667217 26.61739 26.40265 26.231356 26.341492 26.636728 26.751902 26.607548 25.431435 25.464262 25.125088 24.92938 25.324131 24.89951 24.608845 24.463692 24.877623 25.15487 25.594122 25.959415 26.223042 26.445044 26.607082
25.287155 25.268246 24.724035 23.63087 23.035696 22.775724 23.068005 23.345707 23.263973 23.497059 23.873514 24.284641 24.422867 24.717272 24.503057 24.67868 24.886225 24.800581 25.437479 25.766819 26.076408 25.804617 25.506144 25.382685 25.038074 24.970102 25.237946 25.452139 25.05083 25.553465 -32767.0 -32767.0 -32767.0 -32767.0 25.900078 26.843958 26.780977 26.281712 26.414333 26.048061 25.698029 25.88096 26.164267 25.997984 26.65842 26.780085 25.800993 25.369307 25.094715 25.206074 25.018757 25.017431 24.706966 24.594507 24.961823 25.224848 25.486197 25.776278 26.267529 26.481236 26.563688
25.534176 25.47961 25.268639 24.49447 23.580189 23.866425 23.450687 23.128946 23.42727 23.659626 23.823652 24.173992 24.446611 24.724958 24.405054 24.76726 24.845163 25.144714 25.302708 25.74806 26.178905 26.23556 26.180752 26.057472 25.94888 25.525208 25.208012 25.339436 -32767.0 -32767.0 -32767.0 -32767.0 -32767.0 25.089905 25.432457 26.467825 25.951149 25.75833 26.256153 25.973747 25.485132 26.245457 26.600637 26.235647 26.430399 26.815147 26.721687 25.41983 25.207468 25.215038 25.24197 25.2475 24.884165 24.702589 24.902983 25.317076 25.45659 25.632086 26.121843 26.553589 26.758327
25.706833 25.453283 25.30295 25.090393 25.144587 24.904562 24.011202 23.753386 23.61331 23.752975 24.081192 24.166588 24.361551 24.693466 24.473143 24.695255 24.797506 25.097574 25.688257 26.042046 26.164804 26.34137 26.354431 26.254534 26.180752 25.946085 25.677866 25.507313 -32767.0 -32767.0 -32767.0 -32767.0 -32767.0 23.884295 24.216394 25.970196 26.162508 25.629995 26.010363 25.941866 25.741215 26.819912 26.85679 26.654583 26.776403 26.88003 26.95328 26.07161 25.401709 25.274323 25.237915 25.186773 24.91738 24.945402 24.701588 25.045809 25.470245 25.615576 26.039217 26.606487 26.816628
25.621162 25.270916 25.362476 25.268236 25.279535 24.84072 24.08282 23.583717 23.75929 23.915514 24.358051 24.669737 24.752419 24.83044 24.683487 24.68427 24.896835 25.521662 26.017797 26.358004 26.518814 26.485651 26.45661 26.23175 26.174442 26.099857 25.879173 25.699463 26.21982 -32767.0 26.370752 -32767.0 -32767.0 23.90625 24.613543 25.2179 26.010542 25.930923 25.79407 25.804955 26.732506 27.049488 26.681498 26.916897 27.137167 26.810917 26.671642 26.914673 25.607025 25.384289 25.27955 25.16827 25.04467 25.0404 24.931473 25.038954 25.285997 25.637594 26.068722 26.668457 26.835752
25.480898 25.549416 25.615824 25.590504 25.516851 25.46991 24.864511 24.45658 23.946121 24.125834 24.335812 24.624397 24.981194 24.941956 25.031687 24.518915 25.246864 25.840689 26.010624 26.210707 26.34351 26.308142 26.471422 26.36475 26.282774 26.165462 26.026703 25.718899 25.82272 25.791756 26.354567 -32767.0 24.595905 24.86214 25.121212 25.381327 25.741926 26.098497 26.669722 27.284523 27.379997 26.244434 26.543112 26.35235 26.86047 26.882391 26.438274 26.906487 25.959862 25.390509 25.308083 25.21528 25.100756 24.995747 25.016743 25.165764 25.38247 25.733673 26.312757 26.814308 26.792006
25.24453 25.619781 25.885448 25.964317 25.957 25.55093 24.781847 24.541943 24.441822 24.618275 24.561872 24.648066 24.805824 25.138369 25.078146 24.523561 25.594084 26.037066 26.163319 26.230707 26.256731 26.393517 26.527431 26.515272 26.409622 26.188442 26.035667 25.756977 25.84223 25.823801 -32767.0 25.090582 25.493021 25.843336 26.109863 26.891886 27.28405 27.347956 27.50993 27.54864 26.257002 26.75254 26.921213 26.752064 26.31076 26.641312 26.322203 26.602413 26.318989 25.39197 25.339699 25.305014 25.251972 25.196117 25.196836 25.430265 25.64874 26.021118 26.764174 26.959688 26.706177
23.994024 24.281008 25.408014 26.123232 26.513292 26.119637 25.341448 24.74255 24.613995 24.585543 25.13965 25.082914 25.158638 25.09423 24.784653 24.396614 25.18496 25.789581 26.097677 26.407724 27.045681 27.297272 27.2036 26.922699 26.726557 26.239225 26.030968 26.037794 26.232882 26.224335 26.332424 26.582933 26.225883 26.339748 26.814972 26.981005 27.016302 27.316883 27.497595 27.19775 26.232851 26.78833 26.856775 26.773703 26.43867 26.287275 26.241428 26.445816 26.564795 25.452166 25.375662 25.459896 25.421032 25.423962 25.493145 25.644754 26.089924 26.794268 27.080196 26.910961 26.625877
23.646439 25.713587 25.876112 26.378302 26.79473 26.710764 25.687323 25.131016 24.96969 24.599865 24.946575 25.099535 25.017757 24.797749 24.434145 24.585014 25.129728 25.761787 26.55719 27.25996 27.67603 27.87828 27.880104 27.622242 27.182375 26.835676 26.571945 26.480158 -32767.0 27.144907 26.670418 -32767.0 25.881788 26.64274 26.839258 26.897142 27.426779 27.551283 27.375883 26.729134 26.173624 26.677355 26.932148 26.766792 26.559402 26.324877 26.355371 26.472784 26.831057 25.594141 25.354488 25.508207 25.484915 25.482515 25.759937 26.417969 26.84288 26.904934 26.897142 26.694315 26.593596
25.26746 26.324741 26.897974 26.868767 27.038376 26.830292 25.977966 25.345161 24.828993 24.525791 24.793453 24.99614 24.78193 24.615112 24.501429 24.999065 25.244408 26.283812 26.974064 27.368221 27.441442 27.780294 28.038963 28.1145 27.863436 27.523207 27.21255 26.918386 26.806826 -32767.0 27.171318 26.687937 27.400763 27.526144 27.472515 27.66433 27.789867 27.624462 27.378223 27.104296 26.163664 26.55241 26.811863 26.926836 26.672052 26.578342 26.44898 26.453484 26.944338 26.36662 25.554459 25.395359 25.623291 26.334066 26.750109 26.544825 26.544605 26.735218 26.784609 26.562386 26.461498
25.027418 25.870996 26.67332 27.116692 27.185654 27.031515 26.625721 25.917057 25.218605 24.839512 24.773441 24.87462 25.186443 25.395048 25.194323 25.19013 25.797686 26.684448 26.969143 27.080935 26.943878 27.267202 28.040483 28.231054 28.20605 27.959602 27.870613 27.696697 27.419586 26.924063 26.867214 27.237791 27.971401 27.831245 27.85655 27.84537 27.750843 27.684872 27.527102 26.995682 26.976933 26.89716 26.759937 26.785255 27.010883 26.723911 26.639486 26.506714 26.55911 26.807951 26.833855 26.741375 26.745533 26.648392 26.386297 26.614439 26.78593 26.874828 26.625193 26.485394 26.229046
23.378513 24.668564 26.157312 27.16842 27.11917 27.299456 27.145908 26.573261 26.19593 26.181377 26.179996 26.011675 25.820545 25.701933 25.404486 25.50606 25.918808 26.32577 26.624767 26.894554 26.921894 27.306355 28.119287 28.239489 28.29247 28.119104 27.916353 27.778265 27.81782 27.744133 27.455034 27.914438 27.911291 27.922028 27.865808 27.944033 27.892763 27.54232 27.495827 27.305143 26.90797 26.55521 26.51498 26.549202 26.657347 27.10543 26.935894 26.812445 26.634907 26.524944 26.489206 26.478857 26.381126 26.53498 26.900059 27.075035 27.066263 26.662323 26.498209 26.156088 26.134758
25.516026 26.62173 26.98611 26.98651 27.456686 27.451733 27.522478 27.485107 27.305843 27.167297 27.021708 26.708336 26.307587 26.000776 26.004389 26.29898 26.658072 26.983618 27.316317 27.56806 27.850506 28.206978 28.435667 28.241518 28.291206 28.0162 27.880795 27.862892 27.73726 27.832966 27.752554 27.881268 27.819342 27.889887 27.90114 27.92742 27.634785 27.394682 27.487888 27.3195 27.06778 26.776924 26.840118 26.774456 26.78411 26.923882 27.124046 26.930092 26.7962 26.715618 26.646555 26.661133 26.810118 26.989502 27.018047 26.911028 26.617573 26.538628 26.252344 26.235271 26.13017
25.883305 26.814308 27.426918 27.410538 27.583124 27.768822 27.760685 27.687626 27.55009 27.194431 26.831108 26.534546 26.325758 26.312355 26.590374 26.878603 27.327785 27.952532 28.534367 28.754847 28.72763 28.58508 28.414465 28.178265 28.078802 27.822428 27.712236 27.809183 27.874361 27.892286 27.92914 27.949484 27.920353 27.676994 27.860552 27.569849 27.172518 27.330748 27.38425 27.404133 27.37789 27.158176 26.931946 26.933027 26.943892 26.990896 27.189936 27.069876 26.975222 26.917269 26.80331 26.797382 26.877783 26.882349 26.743673 26.565344 26.539772 26.239727 26.129826 26.216927 26.038246
26.615767 27.169502 27.689915 27.73373 27.841043 27.882143 27.83304 27.67 27.090956 26.928951 27.06678 26.994734 26.949356 26.954042 27.036327 27.596067 28.641626 28.890926 28.845238 28.717752 28.64332 28.416605 27.832657 28.305742 27.313488 27.370592 27.617712 27.727932 27.717545 27.827953 27.93914 27.790148 27.569988 27.960773 27.20613 27.039343 27.046064 27.028725 26.961868 26.925386 26.89215 26.955217 27.119637 27.22059 27.169428 27.150057 27.168467 27.09536 27.015026 27.058817 27.05683 27.061764 26.900547 26.907272 26.71965 26.510204 26.283424 26.266418 26.116526 25.97154 26.055758
27.007889 27.725723 27.971237 28.114828 27.89584 27.89355 27.837072 27.525167 27.268925 27.330826 27.265207 27.20658 27.281713 27.478247 27.998766 28.758982 28.863424 29.046783 28.751303 28.530558 28.19911 27.982933 28.150843 27.855751 27.489588 27.151785 27.211315 27.724968 27.736185 27.738325 27.932909 28.034496 27.775007 27.251123 27.277893 27.291517 27.399288 27.406008 27.427156 27.429523 27.400784 27.399502 27.370285 27.365246 27.370405 27.303535 27.18863 27.128336 27.124252 26.99019 26.885445 26.912735 26.877756 26.763376 26.595879 26.386568 26.335129 26.289238 26.151018 25.98422 26.01457
28.232279 28.42058 28.448606 28.386124 27.957985 27.834229 27.71463 27.510754 27.432785 27.436632 27.436321 27.309511 27.578325 28.176931 28.508125 28.71884 28.916744 29.002096 28.415174 28.075947 28.246376 28.170717 28.1522 27.823397 27.596395 27.693127 27.789125 27.84273 27.39268 27.719683 27.59672 27.430365 27.482447 27.491922 27.450293 27.47098 27.586685 27.471218 27.429031 27.42539 27.322811 27.259548 27.214155 27.34051 27.44939 27.27638 27.244541 27.1516 27.029907 26.862228 26.752493 26.798433 26.77491 26.628654 26.472961 26.51086 26.598381 26.33799 26.238937 26.26554 25.75896
28.57925 28.585554 28.538832 28.448605 27.916908 27.829807 27.535702 27.473433 27.569365 27.556168 27.42535 27.434973 27.759779 28.407509 28.270987 28.571396 28.713741 29.114143 28.321108 28.374012 28.378763 27.813993 27.720205 27.626118 -32767.0 27.187641 27.620333 27.433016 27.395758 27.420189 27.508808 27.563599 27.640194 27.757553 27.90858 27.72512 27.59402 27.565582 27.288836 27.067968 27.011242 27.049374 27.10328 27.290579 27.467592 27.168028 27.274994 27.03922 27.084198 26.89863 26.790697 26.81147 26.707565 26.481192 26.537247 26.843943 26.861752 26.727474 26.318829 26.45247 26.41114
28.413786 28.495008 28.525871 28.413277 28.239256 27.934095 27.80486 27.652233 27.704939 27.665167 27.514095 27.404879 28.103117 28.324903 28.258018 28.646015 28.914368 29.21342 28.455582 28.248308 28.205452 27.675747 27.719557 27.743399 26.475344 27.387444 27.245466 27.475441 27.464975 27.588554 27.820635 28.009373 28.129236 28.062162 27.681076 27.660093 27.486916 27.270523 26.970478 26.99306 27.04532 27.033508 27.068438 27.31727 27.342264 27.29651 27.12359 27.06825 26.785479 26.808561 26.935848 26.950678 26.914577 26.909525 26.923956 26.995287 27.172058 26.962101 26.32106 26.309807 26.383968
28.441639 28.332582 28.572327 28.540974 28.442446 28.330942 28.00303 27.754831 27.787956 27.709755 27.629831 27.643112 28.020704 28.191938 28.531036 28.96182 29.071424 29.255156 28.575703 27.754393 27.873081 27.744085 27.921871 -32767.0 27.279837 27.334034 27.564932 27.518036 27.893156 27.925507 27.960516 28.028322 27.786186 27.706656 27.568045 27.450712 27.389374 27.243572 27.09248 27.288961 27.191195 27.021725 27.124912 27.277851 27.207577 27.238777 27.17314 27.302343 27.30003 27.321775 27.28917 27.203224 27.264301 27.54437 27.444374 27.286556 27.266575 27.114075 26.543993 26.896648 26.859676
28.489555 28.40925 28.477415 28.447365 28.398687 28.396143 28.201511 27.898726 27.857203 27.813164 27.76482 27.922588 28.35826 28.711748 28.94827 29.029327 29.158768 29.20525 28.32532 27.696543 27.854492 28.094715 27.97223 27.243698 27.475155 27.553745 27.557558 27.777634 27.900043 27.891546 27.877045 27.841486 27.780022 27.552319 27.55039 27.48034 27.388191 27.309256 27.207731 27.301641 27.071611 27.10016 27.18958 27.276947 27.354599 27.282717 27.383047 27.258148 27.938887 27.991028 27.987417 28.025806 28.060816 28.008907 27.924347 27.83531 27.482176 27.21451 27.04476 27.068565 27.171478
28.430096 28.369658 28.427282 28.227833 28.218477 28.250637 27.979937 27.880547 27.877821 27.87944 27.975286 28.29034 28.845802 29.046148 28.880499 29.107367 29.265493 28.860792 28.418785 27.649921 27.920652 27.83178 27.37567 27.41366 27.700659 27.580112 27.639608 27.958271 27.836979 27.86715 28.06004 28.081528 27.861933 27.650862 27.534817 27.552198 27.59058 27.545534 27.30619 27.328415 27.227638 27.254795 27.357428 27.439463 27.37866 27.43091 27.612608 28.120283 27.98969 28.06733 28.162968 28.233562 28.14787 28.131844 28.058899 27.807678 27.60676 27.408949 27.360292 27.462149 27.560167
28.598577 28.481745 28.350916 28.308111 28.215021 28.10701 28.1055 28.036476 28.03812 28.160822 28.587831 28.857553 29.253353 29.112293 29.002907 28.971329 28.804485 28.545927 28.516804 28.037785 28.061998 27.33416 27.461987 27.631361 27.819693 27.653072 27.778515 27.991562 27.899176 28.001524 28.13166 28.186436 28.03434 27.690125 27.57857 27.583168 27.576937 27.705067 27.377262 27.457401 27.415297 27.437275 27.521307 27.536108 27.497051 27.789446 28.216352 28.114412 28.084808 28.277266 28.394302 28.399513 28.172522 28.299307 28.262484 28.043028 27.580137 27.512928 27.681576 28.019846 28.74221
28.821957 28.60763 28.475847 28.473639 28.425756 28.360477 28.327328 28.347473 28.453487 28.51822 28.926256 29.206139 29.10675 29.034386 28.606081 28.488062 28.506788 28.555971 28.600552 28.773727 -32767.0 28.018719 27.58568 27.763449 27.742727 27.637602 27.8857 27.872929 27.948656 27.909798 28.091482 28.266205 28.110168 27.864187 27.72265 27.64397 27.588373 27.666397 27.596691 27.364902 27.53907 27.59509 27.64018 27.586773 27.676785 28.044018 28.376692 28.097569 28.201197 28.158993 28.291817 28.47759 28.623116 28.514675 28.468418 28.356365 27.990503 27.916065 28.248138 28.755367 29.159807
