static/data/thetao/2023/7/2/18.asc
ncols 137
nrows 93
xllcorner 108.0
yllcorner 17.0
cellsize 0.25
NODATA_value -32767
[rows 27 to 53 of 93, columns 61 to 121 of 137]
24.001503 24.08654 24.151596 24.243753 24.34046 24.207306 24.044415 24.075064 23.730568 23.640263 23.786905 23.922247 -32767.0 -32767.0 23.487005 23.34948 24.087242 24.574703 24.555613 24.542358 24.533815 24.62905 24.688059 24.707956 24.48023 -32767.0 -32767.0 -32767.0 -32767.0 -32767.0 -32767.0 -32767.0 -32767.0 -32767.0 24.464668 24.42894 25.00888 -32767.0 -32767.0 -32767.0 25.113485 25.028383 25.22185 25.083017 24.830431 24.905146 24.80761 25.132616 25.08897 24.28932 23.427708 24.882696 24.506565 24.73356 25.215485 25.852722 26.260017 26.201609 24.944067 24.806566 24.977167
24.337406 24.513823 24.55237 24.438065 24.3277 24.21611 24.012959 23.950117 23.715391 23.63893 23.665747 23.976547 24.309658 24.367247 24.53668 24.611048 24.656515 24.504133 24.756182 24.735062 24.475304 24.649712 24.720684 -32767.0 24.540283 25.169836 -32767.0 -32767.0 26.392277 -32767.0 -32767.0 -32767.0 -32767.0 -32767.0 -32767.0 24.044102 24.391813 -32767.0 -32767.0 24.274485 24.463621 25.714815 26.356314 26.432173 26.09914 25.615036 25.08825 25.456425 25.175722 24.72728 24.057102 25.124048 24.46551 24.528675 25.097744 25.498608 25.943344 26.291435 26.388779 24.993092 24.866879
24.412964 24.581318 24.686443 24.232193 23.942015 23.895716 23.834139 23.760456 23.533031 23.54014 23.577776 23.803171 24.389458 24.5655 24.52587 24.442661 24.22932 24.30904 24.13296 24.992998 24.75498 24.70432 -32767.0 23.883757 24.490236 25.204834 25.38065 25.390242 -32767.0 25.330032 -32767.0 -32767.0 -32767.0 -32767.0 -32767.0 25.24399 25.991465 26.035643 25.47284 25.958004 26.589092 26.436956 26.395882 26.50456 26.51885 26.45854 25.369915 25.406399 25.09809 24.93157 24.688028 24.79407 24.464516 24.346405 24.902561 25.229958 25.621214 25.94913 26.278044 26.500847 25.19601
24.597984 24.35634 24.145147 23.708504 23.380749 23.449184 23.55036 23.530176 23.359344 23.266762 23.224844 23.664883 24.11468 24.200478 24.278553 24.274872 24.409304 24.32738 24.723799 25.0032 25.373316 24.99331 24.87945 24.947327 24.546144 25.161694 25.39658 25.33921 24.828773 25.816359 -32767.0 -32767.0 -32767.0 -32767.0 24.985918 26.111 26.603302 26.530066 26.404118 26.418644 26.134554 25.828064 25.924444 26.372633 26.668085 26.601496 25.514526 25.378988 25.018265 24.809978 25.180431 24.852215 24.581343 24.388277 24.821312 25.121832 25.521452 25.859669 26.25273 26.347294 26.535086
25.097223 25.07476 24.835747 23.75402 23.032345 22.722425 22.759884 23.034037 22.882378 23.126648 23.50034 23.78124 23.860804 24.26095 24.06311 24.331308 24.51397 24.622663 25.317917 25.81359 26.044487 25.802353 25.536646 25.35581 25.068136 24.873291 25.130796 25.316292 24.860651 25.445086 -32767.0 -32767.0 -32767.0 -32767.0 25.442125 26.488268 26.50142 26.092136 26.245504 25.676056 25.490005 25.66336 26.164639 26.09572 26.286108 26.681862 25.971687 25.37805 25.025988 25.095594 25.021263 24.928606 24.634026 24.532463 24.916595 25.25046 25.43994 25.709217 26.14326 26.479622 26.614933
25.440945 25.4004 25.233566 24.25893 23.368694 23.576675 23.199924 22.784983 22.990503 23.245235 23.503956 23.831615 24.026812 24.367226 24.170034 24.608427 24.631615 24.967424 25.186602 25.529928 25.954302 26.140179 26.173206 26.087921 25.969212 25.587435 25.176609 25.201021 -32767.0 -32767.0 -32767.0 -32767.0 -32767.0 24.850525 25.219118 26.347431 25.851555 25.730288 26.192543 26.011475 25.551018 25.948866 26.68495 26.454828 26.15304 26.701866 26.826649 25.440983 25.11128 25.173225 25.187096 25.24763 24.861647 24.666855 24.88988 25.266514 25.449795 25.568735 25.975569 26.515327 26.736395
25.626984 25.472876 25.254017 25.00376 24.867151 24.787632 23.956371 23.31788 23.32055 23.361248 23.70693 23.88324 24.026575 24.38924 24.175314 24.499489 24.774342 25.076426 25.596025 26.070213 26.172579 26.337488 26.366756 26.221003 26.12324 25.95548 25.628576 25.340616 -32767.0 -32767.0 -32767.0 -32767.0 -32767.0 23.73022 24.148123 25.919996 26.158514 25.673717 25.821552 25.95484 25.62264 26.584217 26.895273 26.697151 26.564823 26.82039 26.932865 26.071312 25.322416 25.258947 25.222391 25.200918 24.911314 24.88835 24.714123 25.008291 25.416534 25.574938 25.89358 26.51349 26.784277
25.645378 25.20462 25.304823 25.228346 25.123009 24.65626 23.959503 23.275581 23.392431 23.645214 24.060492 24.450502 24.484016 24.558975 24.365236 24.450386 24.570446 25.28143 25.810432 26.199823 26.419764 26.392418 26.460032 26.25101 26.122297 26.064447 25.816845 25.644712 26.152384 -32767.0 26.213783 -32767.0 -32767.0 23.820967 24.53093 25.028492 25.87399 26.01859 25.887705 25.972855 26.406132 27.127808 26.675415 26.768057 27.07831 26.88348 26.721338 26.930075 25.584394 25.319973 25.267076 25.173223 24.991537 25.043104 24.90766 25.054403 25.163675 25.556726 25.972431 26.598993 26.799294
25.519045 25.529688 25.533215 25.513351 25.374664 25.236355 24.727734 24.164688 23.671406 23.808588 24.0527 24.289959 24.738419 24.724663 24.789017 24.289911 25.015022 25.65946 25.886377 26.050438 26.203945 26.189947 26.364073 26.359224 26.22822 26.124659 26.028988 25.710014 25.766024 25.73915 26.290396 -32767.0 24.778803 24.831974 25.08132 25.361227 25.797853 26.381199 27.011208 27.24794 27.408812 26.227036 26.443794 26.419079 26.836466 27.002497 26.541866 26.869493 26.03997 25.413347 25.29268 25.202839 25.092834 24.996943 25.011967 25.137896 25.341875 25.663197 26.235037 26.837526 26.762018
25.129223 25.462154 25.816408 25.857283 25.83387 25.395079 24.646492 24.274937 24.120176 24.290451 24.29907 24.394222 24.584381 24.919998 24.888685 24.314518 25.001698 25.762058 26.080137 26.152626 26.233973 26.479654 26.590345 26.475483 26.366692 26.131235 26.036232 25.7584 25.822578 25.788874 -32767.0 25.053484 25.585264 25.983416 25.948608 26.979898 27.077835 27.283998 27.35484 27.488014 26.262869 26.604425 26.90777 26.831442 26.362017 26.902029 26.39063 26.492643 26.541338 25.416649 25.295813 25.263926 25.205444 25.172138 25.191677 25.399664 25.581823 25.940165 26.851608 27.017538 26.670197
23.872358 24.287899 25.219791 25.958336 26.367891 26.024557 25.230215 24.479408 24.300552 24.290033 24.844887 24.88249 24.961418 24.996708 24.700504 24.24546 24.936972 25.43512 25.956392 26.565397 27.283056 27.453737 27.317724 27.064009 26.656223 26.276995 26.006992 25.964308 26.209326 26.233269 26.31848 26.551308 26.182226 26.341522 26.72942 26.837898 26.902166 27.308762 27.49394 27.299547 26.229286 26.719166 26.848705 26.801897 26.453053 26.47328 26.298508 26.310526 26.754843 25.451202 25.324545 25.397465 25.33658 25.389975 25.459835 25.612036 26.117117 26.79822 26.963873 26.891582 26.599154
23.964085 25.83008 25.856022 26.270393 26.7199 26.601965 25.609682 24.97785 24.854477 24.462423 24.726662 24.972445 24.887037 24.727713 24.445765 24.405083 24.98748 25.720432 26.655296 27.3125 27.611864 27.792727 27.887196 27.68917 27.324276 26.8873 26.585745 26.509365 -32767.0 27.158195 26.593546 -32767.0 25.867085 27.020529 27.258883 27.116264 27.439173 27.60951 27.450832 26.805077 26.178192 26.69297 26.917992 26.751543 26.567167 26.260918 26.239214 26.302586 26.892887 25.628885 25.348341 25.48827 25.473686 25.407187 25.632076 26.395247 26.72049 26.597511 26.780298 26.671535 26.554012
25.388973 26.329363 26.882114 26.834614 26.92167 26.871304 26.076958 25.373524 24.8366 24.44043 24.626616 24.947138 24.742517 24.634483 24.51935 24.817936 25.18005 26.41044 26.962418 27.178194 27.24472 27.542953 27.970863 28.043941 27.90051 27.580532 27.283604 26.991747 26.739286 -32767.0 26.982746 26.561607 27.395615 27.728447 27.633932 27.700155 27.731565 27.635387 27.423159 27.117935 26.208223 26.534021 26.803581 26.911198 26.643375 26.503407 26.403967 26.40668 26.829132 26.215897 25.406675 25.343197 25.412003 26.078663 26.68757 26.512913 26.469643 26.64991 26.763248 26.52321 26.394472
24.52601 25.541414 26.574755 27.036602 27.130177 27.009401 26.6856 25.978483 25.283401 24.814013 24.706766 24.803118 25.151281 25.420292 25.282259 25.207722 25.574724 26.468878 26.829153 27.030834 26.884525 26.983353 27.746552 28.147718 28.169014 27.969944 27.869892 27.740292 27.509914 27.021126 26.883612 27.061043 27.966646 27.878134 27.859741 27.88104 27.787794 27.650372 27.507334 26.965502 26.95829 26.86748 26.732843 26.765291 26.980146 26.67425 26.57237 26.475586 26.52217 26.861065 26.72448 26.584593 26.719261 26.688377 26.382587 26.622072 26.837614 26.864918 26.587132 26.404455 26.12515
23.717136 24.935476 25.868511 27.09583 27.043943 27.257502 27.161602 26.67865 26.350538 26.325369 26.345646 26.198988 25.909477 25.791695 25.473608 25.558842 25.948795 26.311243 26.470524 26.659117 26.854776 27.033508 27.901627 28.198729 28.24573 28.131535 27.917244 27.780582 27.783762 27.738098 27.535471 27.796442 27.884089 27.918018 27.843626 27.930586 27.902927 27.53436 27.497416 27.298422 26.906168 26.579725 26.495848 26.541618 26.600685 27.045212 26.875929 26.78219 26.623049 26.521313 26.516792 26.50533 26.459211 26.412119 26.890165 27.074223 27.016378 26.615074 26.4028 26.135397 26.113842
25.26435 26.408232 27.044601 26.882368 27.36223 27.40255 27.46311 27.46189 27.33057 27.185999 26.995586 26.72034 26.315945 26.045095 26.168234 26.444904 26.73281 27.0916 27.445868 27.690538 27.9428 28.16136 28.377457 28.232088 28.248442 28.056248 27.888681 27.826338 27.690254 27.812874 27.652252 27.914186 27.900553 27.887596 27.858 27.891487 27.626165 27.348787 27.445705 27.30818 27.052723 26.717098 26.84834 26.78664 26.779259 26.771772 27.085098 26.947803 26.775171 26.678104 26.601456 26.59466 26.721981 26.917559 26.928564 26.843042 26.580708 26.436285 26.223757 26.207388 26.12116
25.765188 26.759062 27.32504 27.388994 27.537247 27.710339 27.718824 27.660603 27.490688 27.076366 26.746712 26.465742 26.320797 26.351645 26.588907 26.889488 27.402922 28.127853 28.65298 28.78921 28.745844 28.678782 28.542791 28.069134 28.12832 27.881569 27.69204 27.744228 27.830196 27.846245 27.899426 27.922064 27.880049 27.650532 27.836561 27.526037 27.181347 27.226671 27.33316 27.33609 27.359009 27.225143 26.954594 26.874561 26.895916 26.899166 27.131485 27.049314 26.920216 26.858364 26.76079 26.725973 26.813408 26.856178 26.73942 26.542528 26.48261 26.197062 26.07823 26.169039 26.02336
26.46447 27.093744 27.58168 27.719425 27.784647 27.81862 27.78887 27.654846 27.106777 26.91064 27.053701 26.985027 26.941605 27.002121 27.166052 27.761927 28.73961 28.829206 28.821598 28.694494 28.616611 28.47029 27.866703 28.177696 27.353876 27.341455 27.565594 27.682957 27.666239 27.761755 27.868887 27.768879 27.590645 27.911465 27.184113 27.028841 27.041 27.059927 26.98516 26.930029 26.887018 26.877747 26.97411 27.122408 27.100035 27.06697 27.126074 27.074593 26.980955 26.992258 27.00108 26.99024 26.911957 26.872786 26.69204 26.477388 26.217613 26.255392 26.097467 25.940195 26.04265
26.894064 27.54791 27.92058 28.078272 27.888603 27.847897 27.770775 27.518528 27.277487 27.307486 27.235937 27.175829 27.240967 27.470915 28.087841 28.673576 28.770823 29.080618 28.695444 28.464764 28.250141 27.914885 28.096455 27.894787 27.497576 27.084715 27.1463 27.655054 27.691628 27.678812 27.860344 27.976557 27.659807 27.250805 27.299648 27.263454 27.378216 27.392323 27.400995 27.409601 27.381887 27.359306 27.351469 27.350191 27.315695 27.241383 27.145264 27.086596 27.029217 26.998476 26.852549 26.86107 26.834902 26.764656 26.54221 26.348864 26.336609 26.223608 26.184874 25.959208 25.919909
28.145304 28.35577 28.40662 28.33246 27.958715 27.775194 27.639957 27.436762 27.369555 27.375898 27.387417 27.26377 27.503422 28.247395 28.346342 28.475006 28.614822 29.08102 28.39605 28.050306 28.15334 28.014349 28.08372 27.751308 27.495544 27.516222 27.66879 27.764753 27.370409 27.68211 27.516935 27.389177 27.478767 27.503777 27.491852 27.539099 27.595718 27.478537 27.40747 27.399427 27.318253 27.259676 27.205708 27.266518 27.381832 27.26051 27.190334 27.087147 27.005285 26.832197 26.71399 26.750893 26.735023 26.579367 26.432453 26.487913 26.560043 26.291962 26.282875 26.190613 25.683739
28.497288 28.510738 28.50446 28.399183 27.924553 27.765423 27.481924 27.404078 27.507917 27.511747 27.361408 27.369074 27.75823 28.311363 28.166378 28.429094 28.730978 29.122492 28.329727 28.305199 28.31218 27.691515 27.747828 27.55134 -32767.0 27.173397 27.523758 27.515343 27.361523 27.355461 27.441677 27.519476 27.622377 27.786732 27.89408 27.676767 27.557299 27.507763 27.239374 27.027699 26.976274 27.013714 27.092424 27.25233 27.426243 27.130627 27.241512 27.008041 27.041885 26.865234 26.7452 26.768457 26.622555 26.46921 26.507616 26.897863 26.793781 26.60058 26.323317 26.454084 26.28744
28.356798 28.395248 28.470524 28.355 28.257706 27.93506 27.764072 27.592115 27.64807 27.591454 27.45427 27.379225 28.053198 28.30983 28.198883 28.676664 28.992853 29.134825 28.446554 28.221823 28.08169 27.622046 27.614672 27.581257 26.485645 27.393225 27.178291 27.40883 27.407404 27.567099 27.792522 27.964796 28.078123 27.9647 27.609545 27.596403 27.394642 27.208433 26.949799 26.974974 26.983908 26.989983 27.061064 27.289825 27.366356 27.233755 27.103136 27.032537 26.719109 26.723955 26.87067 26.859406 26.842457 26.835361 26.904669 26.945442 27.080688 26.718237 26.314669 26.246073 26.353157
28.39604 28.227167 28.494694 28.503006 28.417576 28.285303 28.01013 27.696095 27.727623 27.640553 27.576553 27.608294 27.91976 28.10835 28.58923 28.898771 29.007486 29.183329 28.548132 27.738024 27.894167 27.598978 27.806221 -32767.0 27.1148 27.276054 27.442396 27.42442 27.773026 27.832567 27.874197 27.914698 27.695564 27.630543 27.483273 27.36807 27.315939 27.195406 27.062405 27.260843 27.11334 26.970459 27.114365 27.30698 27.1762 27.200415 27.066378 27.228971 27.193027 27.200138 27.141224 27.063898 27.192356 27.459913 27.375677 27.237316 27.181229 26.948627 26.514439 26.723166 26.636463
28.388252 28.342209 28.395643 28.407557 28.35695 28.38631 28.205164 27.863155 27.787075 27.750671 27.728113 27.873316 28.356361 28.686665 28.898014 28.906733 29.108318 29.176304 28.247461 27.621916 27.691124 27.931988 27.92234 27.151123 27.391647 27.45513 27.452711 27.670734 27.78015 27.763258 27.76224 27.769478 27.672358 27.47056 27.419952 27.42303 27.372715 27.235872 27.176561 27.223774 27.010893 27.044977 27.165253 27.214035 27.267645 27.19235 27.268202 27.248762 27.832909 27.890388 27.89904 27.952753 27.955585 27.904394 27.86135 27.789194 27.323822 27.009863 27.040947 27.051226 27.095804
28.376139 28.324162 28.383299 28.190212 28.187231 28.236893 27.997274 27.832804 27.824697 27.81145 27.89388 28.210293 28.743683 29.00377 28.837029 29.020344 29.185541 28.856884 28.281073 27.57043 27.852522 27.642145 27.413797 27.29988 27.61195 27.481813 27.52723 27.86451 27.724598 27.803755 27.982634 27.986734 27.741688 27.554815 27.443993 27.45855 27.538216 27.415651 27.254194 27.23642 27.100716 27.157486 27.269432 27.334393 27.276741 27.359121 27.511803 28.003923 27.862923 28.008224 28.087286 28.13165 28.028933 28.009634 27.934446 27.689991 27.446373 27.227257 27.233303 27.349228 27.402573
28.578754 28.416546 28.294254 28.274021 28.16389 28.049658 28.029318 27.97003 27.958597 28.111595 28.533955 28.73096 29.181923 29.098015 28.950388 28.776882 28.738716 28.466871 28.427256 27.949366 27.778097 27.333158 27.3308 27.500053 27.691963 27.532639 27.729435 27.863445 27.835142 27.884472 28.076622 28.10151 27.919054 27.606936 27.47758 27.475697 27.491781 27.59026 27.25807 27.378658 27.294477 27.326778 27.411707 27.410358 27.399431 27.735409 28.094507 27.958054 28.026064 28.183863 28.290398 28.29699 28.041534 28.188358 28.109928 27.891226 27.456453 27.371122 27.661097 27.9507 28.592316
28.771046 28.558786 28.436222 28.42065 28.359589 28.294579 28.25339 28.25639 28.356241 28.414965 28.908564 29.006378 28.965973 28.942043 28.52753 28.374481 28.38695 28.456696 28.541813 28.661573 -32767.0 27.760683 27.470392 27.67177 27.625639 27.546385 27.845322 27.788975 27.893866 27.867601 28.042858 28.186451 28.011024 27.76473 27.589 27.55743 27.504263 27.57131 27.398039 27.335623 27.41702 27.443787 27.499178 27.452248 27.598671 27.977097 28.201227 27.950235 28.060692 28.043156 28.14779 28.325205 28.484295 28.349617 28.326014 28.17725 27.808779 27.777344 28.152035 28.644556 29.032892
