static/data/ASCData/20210108/ASCV/00.asc
ncols 97
nrows 97
xllcorner 99.0
yllcorner 2.0
cellsize 0.25
NODATA_value -32767
[rows 57 to 75 of 97, columns 43 to 85 of 97]
-12.291879682075356 -11.507694078543548 -11.663066002326222 -11.399330556062509 -11.261663095107721 -11.019600353340216 -10.826988007747154 -10.567220803151761 -10.363314231271945 -10.307453598556366 -10.252813963277195 -10.192374590175092 -10.007698727918672 -9.906050691337866 -9.903303447105952 -9.966795313799068 -10.116977998477017 -10.184438106838453 -10.278149660082619 -10.24396173186325 -10.275402415850706 -10.281202153673636 -10.453057542847791 -10.374913706917802 -10.410933131291781 -10.347441264598665 -10.273265670336995 -10.123998733736352 -9.862094783627246 -9.846527066313069 -9.608432566213882 -9.392621269329107 -9.029069282639195 -8.821194469091058 -8.654223069662526 -8.47656794266544 -7.743053732744485 -6.978404088195174 -6.00862687432964 -5.24214573362572 -4.28702048899706 -4.095629140840407 -3.801674008025641
-12.258607501933291 -11.772345272884568 -11.742125586333517 -11.468622160578553 -11.220759680988117 -10.97839168986151 -10.726560968602755 -10.465878015930056 -10.245182729299655 -10.174670127347204 -10.100494533085534 -9.975647545213011 -9.794939924624911 -9.75861525089183 -9.751899764991597 -9.866978773372871 -10.018382455487224 -10.164902147855955 -10.258613701100122 -10.313253336379294 -10.40024940372323 -10.446342056947557 -10.478393239653219 -10.441458067201934 -10.37674520307241 -10.301653860733438 -9.94512260930286 -9.757699502814525 -9.514721012969716 -9.47748059115933 -9.339813130204544 -9.017469806993336 -8.694210735704825 -8.380719643907563 -8.199096275242159 -7.592565798707435 -6.840736627240387 -5.807467546681738 -4.8291433507613615 -3.830977946499387 -3.80747374584857 -3.9402572170577317 -5.4997761927074045
-12.307447399389535 -11.970757356300556 -11.68046521579501 -11.497010350974994 -11.176803773277499 -10.87185966353508 -10.625828680099254 -10.513496915949894 -10.295854122910509 -10.107210018985768 -9.973510799699302 -9.787919189365576 -9.632852514942003 -9.598664586722634 -9.613316555959507 -9.729311312418083 -9.94512260930286 -10.0937790471853 -10.208858055566575 -10.289138637010275 -10.414901372960102 -10.46282552233904 -10.44237381527924 -10.396281162054908 -10.32424231330695 -9.94725935481657 -9.5916438514633 -9.215881890409324 -9.029069282639195 -8.920705760158153 -8.80349000626317 -8.511671618962115 -8.29586032207734 -7.981453482202773 -7.463750569166592 -6.854472848399956 -5.887748128125438 -4.80075516036492 -3.6649222951481595 -2.6630938985769665 -3.4979508957196273 -5.260765944530913 -6.815400930434961
-12.361171286591402 -12.004945284519927 -11.641393297830014 -11.478390140069802 -11.00281163858963 -10.704888264106547 -10.71374049552049 -10.60140873137113 -10.481445733244232 -10.273265670336995 -9.871862763118495 -9.648420232256182 -9.516552509124324 -9.452144894353903 -9.476564843082024 -9.615148052114115 -9.831875097076196 -10.038834162547026 -10.154218420287403 -10.229309762626375 -10.317221578047615 -10.349578010112376 -10.260750446613834 -10.199090076075326 -9.790055934879287 -9.413072976388907 -9.017469806993336 -8.571195243986912 -8.51258736703942 -8.332795494528625 -8.228400213715904 -8.066312804032997 -7.853554000739235 -7.4219314069696845 -6.904228493933504 -6.073034489100062 -5.052585881623676 -4.138669300473721 -2.8300652980054983 -2.0263437354911926 -4.574260135911592 -6.429565740530638 -7.509537973031821
-12.404211446224716 -11.944200662058723 -11.727473617096642 -11.364226879765834 -10.856291946220901 -10.69145729230608 -10.738160444248614 -10.812336038510281 -10.745181179507949 -10.339810030621127 -9.796771420779521 -9.587675609794978 -9.469544107822689 -9.3914002718927 -9.446345156530974 -9.565392406580568 -9.76258349256015 -9.98144728303594 -10.088895057439677 -10.156049916442011 -10.156049916442011 -10.160018158110331 -10.026318938823865 -9.750984016914291 -9.28700499107998 -8.799827013953951 -8.401171350967365 -8.104468973920685 -8.085848763015493 -7.878889697544662 -7.947265553983403 -7.785178144300495 -7.409110933887421 -6.949100149721428 -6.290982531498548 -5.403317395231324 -4.5290832307645665 -3.9219422555116403 -2.7510057139982047 -2.37890674525345 -5.446357554864639 -7.201236120339285 -8.064481307878387
-12.146275737783931 -11.890476774856856 -11.78699724212144 -11.286998791913149 -10.979307437938814 -10.781200603881928 -10.773264120545289 -10.832787745570084 -10.618197446121716 -10.124914481813656 -9.668871939315984 -9.563255661066858 -9.404220744974964 -9.257701052606233 -9.354465099441416 -9.52143649886995 -9.719543332926836 -9.864231529140957 -9.900250953514936 -9.978394789444927 -9.932607385579697 -9.899335205437632 -9.673755929061606 -9.29677297057123 -8.826078458836683 -8.352331453511121 -8.064481307878387 -7.898425656527159 -7.680477614128673 -7.632858714108836 -7.8230290648290834 -7.436583376206558 -7.059600417716179 -6.399346053979588 -5.777247860130688 -5.294953872750283 -4.608448064130962 -3.535191317530013 -2.822128814668859 -3.3065595475629737 -6.038846560880691 -7.713749794270739 -8.07302828993323
-12.004945284519927 -11.868193571642443 -11.507694078543548 -11.175582775841093 -11.057451273868804 -10.948172003310459 -10.94023551997382 -10.838892732752115 -10.459773028748025 -9.937491375325322 -9.632852514942003 -9.51960500271534 -9.194209185913117 -9.063257210858565 -9.167957741030387 -9.304709453907869 -9.47564909500472 -9.63376826301931 -9.672840180984302 -9.72442732267246 -9.626747527759974 -9.454892138585816 -9.207945407072685 -8.93169473708581 -8.685358504290882 -8.355383947102137 -7.969548757197813 -7.726570267353003 -7.6063020198670035 -7.672846380151135 -7.410026681964725 -7.113324304918047 -6.648429531006429 -6.0351835685714725 -5.720776728696906 -5.275417913767786 -4.060525464543732 -2.9277450929179856 -3.6316501150060936 -5.5849407638967286 -7.218635333808071 -7.603554775635089 -7.757705701981358
-11.723505375428324 -11.548902742022253 -11.268378581007955 -11.092554950165479 -10.952140244978779 -10.931688537918976 -10.909100085345464 -10.709772253852172 -10.298601367142421 -9.864231529140957 -9.626747527759974 -9.474428097568314 -8.917958515926241 -8.662159552999166 -8.779070057535048 -8.95977767812315 -9.124001833319767 -9.262585042351859 -9.301656960316853 -9.217713386563934 -9.14262204422496 -8.917958515926241 -8.718630684432947 -8.531207577944613 -8.327911504783 -8.084017266860885 -7.834018041756739 -7.708865804525114 -7.512590466622836 -7.286095442169508 -7.01167626833724 -6.811432688766642 -5.962839470464412 -5.694220034455073 -5.343793770206527 -4.169804735102076 -3.2949600719171155 -5.063269609192229 -6.820284920180586 -7.028159733728722 -7.485423273662801 -7.250991765872833 -7.165827194683508
-11.444202211850431 -11.378878849002707 -11.146278837367348 -11.036999566809001 -10.97259195203858 -10.947256255233155 -10.796768321196105 -10.527233137109462 -10.050738887551987 -9.558371671321233 -9.165820995516675 -9.008617575579393 -8.569363747832304 -8.334932240042335 -8.454895238169232 -8.637739604271044 -8.722598926101266 -8.677727270313344 -8.689326745959201 -8.518387104862349 -8.443295762523375 -8.311428039391519 -8.303491556054878 -8.130720418803417 -7.907277887941103 -7.697266328879257 -7.568145849979313 -7.404226944141796 -7.147512233137417 -7.169795436351828 -6.8944605144422555 -6.497025848892075 -5.961923722387108 -5.843792220414819 -4.992146508521574 -3.1414196442890505 -2.996120949356726 -6.607220867527724 -7.8221133167517785 -7.247023524204513 -7.1630799504515945 -6.9304799388162355 -6.569369946999135
-11.169783038018164 -11.109343664916063 -10.983275679607134 -10.866975673789455 -10.750980917330876 -10.630712669844877 -10.447257805024861 -10.015635211255312 -9.50983702322409 -9.022353796738962 -8.618203645288546 -8.323027515037376 -8.09744823866135 -8.019304402731361 -8.174676326514035 -8.300744311822964 -8.18169706177337 -8.104468973920685 -7.965885764888595 -7.7537374603130385 -7.685361603874297 -7.649342179500318 -7.6044705237123935 -7.444214610184096 -7.263506989595995 -7.126755276718513 -6.984203826018103 -6.977488340117869 -6.923764452916002 -7.029075481806027 -6.926816946507017 -6.5916531502135465 -5.962839470464412 -5.31632132788739 -3.84959815740458 -2.4891017638890993 -4.80075516036492 -7.290063683837827 -7.152396222883041 -7.206120110084909 -6.9716886022949405 -6.587684908545226 -6.207038957745629
-10.664900598064246 -10.681689312814832 -10.748844171817165 -10.50678143004966 -10.260750446613834 -10.125830229890962 -9.788834937442882 -9.35538084751872 -8.971682403128108 -8.55471177859543 -8.246104676543792 -7.987253220025702 -7.82425006226549 -7.77632591288655 -7.901172900759073 -7.729317511584917 -7.59561829229845 -7.294947673583451 -7.114240052995351 -6.957952381135372 -6.949100149721428 -6.882861038796397 -6.665828744475216 -6.545865746348318 -6.616073098941668 -6.493973355301059 -6.572117191231049 -6.627977823946628 -6.9286484426616255 -7.239087040867873 -7.407279437732811 -5.990006663424448 -4.91888666233721 -3.95796167988562 -2.636537204335134 -4.4912323102359775 -6.7741922669562555 -7.002824036923295 -6.586769160467922 -6.7900652336295355 -6.469553406572937 -6.261678593024802 -6.1414103455388025
-10.025403190746559 -10.068138101020773 -10.441458067201934 -10.10537852283116 -9.817223127839323 -9.513500015533308 -9.17864146859894 -8.863318880647068 -8.4881674183113 -8.348668461201903 -8.118205195080254 -8.00098944118527 -7.81234533726053 -7.650257927577623 -7.459782327498273 -7.277243210755563 -6.706121659876617 -6.398430305902283 -6.098675435264589 -5.947271753150234 -5.906063089671529 -5.875843403120479 -5.699104024200698 -5.962839470464412 -6.043730550626315 -6.4170505168074765 -6.504657082869612 -6.647513782929124 -7.030296479242432 -7.390490722982228 -6.611189109196044 -4.737263293671804 -3.9091217824293762 -3.0409926051446496 -4.726579566103251 -6.558380970071481 -6.560517715585191 -6.30746599689003 -6.242142634042304 -6.167967039780635 -5.935367028145276 -5.9939749050927675 -5.880727392866103
-9.462828621922457 -9.462828621922457 -9.92283940608845 -9.659103959824733 -9.402389248820356 -9.06234146278126 -8.798606016517546 -8.484199176642978 -8.316312029137142 -8.207032758578798 -8.043724351459483 -7.917961615509657 -7.660941655146176 -7.291895179992436 -7.032127975397041 -6.497025848892075 -5.9246833005767225 -5.519312151689902 -5.197274077837797 -5.0205346989180155 -4.8749307546265905 -4.974442045693686 -5.223525522720528 -5.621875936348013 -6.310518490481045 -6.684448955380409 -6.6679654899889265 -6.753740559896454 -6.719552631677084 -6.645377037415414 -4.692391637883881 -3.386534879647572 -3.2546671565157146 -5.57303603889177 -7.260759745364082 -6.56631745340812 -5.882864138379814 -5.6279809235300435 -5.6533166203354694 -5.334941538792583 -5.35050925610676 -5.374013456757577 -5.521448897203612
-9.110265612160198 -8.98816586851959 -9.207029658995381 -9.149337530125194 -8.944209960808971 -8.713746694687323 -8.493967156134227 -8.311428039391519 -8.15727711304525 -8.000073693107966 -7.825165810342794 -7.519305952523069 -7.153311970960345 -6.763508539387702 -6.31143423855835 -5.782131849876311 -5.474440495901978 -5.085858061765741 -5.040986405977818 -4.927738893751154 -4.693307385961185 -4.807470646265154 -5.262597440685522 -5.851423454392357 -6.563264959817105 -6.662165752165998 -6.619125592532683 -6.325170459717918 -5.962839470464412 -5.226578016311543 -3.2616878917750496 -3.151187623780299 -5.219557281052208 -7.278158958832868 -7.057463672202468 -5.913083824930864 -5.158202159872802 -4.981462780953021 -4.725358568666845 -4.334944638375999 -4.426824695465557 -4.614247801953891 -4.8651627751353415
-9.14262204422496 -8.747018874829388 -8.683527008136272 -8.735419399183531 -8.597446688869644 -8.359352188770456 -8.088901256606508 -7.905141142427393 -7.768389429549911 -7.600502282044074 -7.464666317243897 -7.179563415843076 -6.7812130022155905 -6.287014289830228 -5.808383294759042 -5.46284102025612 -5.31235308621907 -5.399349153563004 -5.561436563245912 -5.729323710751748 -5.479324485647602 -5.2390932400347054 -5.163086149618426 -5.503744434375724 -5.4997761927074045 -5.399349153563004 -5.079142575865508 -4.8328063430705805 -4.923770652082833 -4.595627591048698 -3.7479501208237735 -4.247948571032065 -5.35050925610676 -5.364245477266329 -4.953990338633885 -4.47169635125348 -3.8593661368958285 -3.6023461765323477 -3.751918362492093 -3.5907467008864895 -3.802589756102946 -4.138669300473721 -4.532135724355582
-9.053489231367315 -8.658191311330846 -8.47259970099712 -8.492135659979619 -8.383772137498578 -8.14934062970861 -7.8230290648290834 -7.568145849979313 -7.431699386460933 -7.353555550530944 -7.322114866543487 -7.14629123570101 -6.795864971452464 -6.298613765476086 -5.912168076853559 -5.6902517927867535 -5.703072265869018 -5.819372271686698 -5.836771485155484 -5.859359937728996 -5.734207700497373 -5.277249409922395 -4.843795319998235 -4.358448839026816 -3.8963013093471126 -3.370967162333394 -2.978416486528838 -3.0339718698853146 -3.6649222951481595 -4.03610551581561 -4.0840296651945485 -4.090745151094781 -3.810526239439585 -3.377987897592729 -3.1111999577379996 -2.918892861504041 -2.652410171008413 -2.551677882504911 -3.03702436347633 -3.158208359039634 -3.518402602779429 -4.031221526069985 -4.342575872353537
-8.821194469091058 -8.59866768630605 -8.395371613144436 -8.443295762523375 -8.483283428565674 -8.238168193207152 -7.844701769325292 -7.569366847415719 -7.505874980722602 -7.572114091647633 -7.624006482694892 -7.436583376206558 -7.094704094012854 -6.540981756602694 -6.186587250685827 -6.08280246859131 -6.096538689750878 -6.094707193596269 -6.042814802549011 -5.9842069256015185 -5.849591958237748 -5.489092465138851 -5.214673291306584 -4.698191375706809 -4.057472970952716 -3.303507053971958 -2.610285759452403 -2.0583949181968526 -2.125855026558289 -2.256807001612841 -2.373107007430521 -2.5068062267169875 -2.2949631715005316 -1.914011971341833 -1.8651720738855895 -2.1102873092441112 -2.3926429664130184 -2.2821426984182676 -2.545878144681982 -3.180491562254045 -3.5321388239389977 -4.019316801065026 -4.340744376198928
-8.6288873728571 -8.467715711251497 -8.211001000247117 -8.340731977865264 -8.403308096481076 -8.213748244479032 -7.957949281551956 -7.7256545192756985 -7.628890472440515 -7.649342179500318 -7.589818554475521 -7.368207519767816 -6.917048967015768 -6.501909838637699 -6.299834762912492 -6.329138701386238 -6.319370721894989 -6.256794603279177 -6.236342896219376 -6.19910247440899 -6.13286336348396 -5.934451280067971 -5.676820820986287 -5.172854129109675 -4.51168401729578 -3.7790855554521285 -2.9851319724290715 -2.2998471612461557 -1.4207290070337746 -0.9570552305585638 -0.5400846060258848 -0.21865703089198352 -0.11914573982488719 -0.2986323629765817 -0.6182284419558748 -1.4588851769214646 -1.9939873034264317 -2.399358452313252 -2.579150324824048 -3.013520162825513 -3.393555614906907 -3.847461411890869 -4.247032822954761
-9.076077683940829 -8.821194469091058 -8.341647725942568 -8.345615967610888 -8.29006058425441 -8.167045092536497 -7.9512337956517225 -7.756789953904054 -7.624006482694892 -7.419794661455974 -7.257707251773066 -7.0498324382249296 -6.5907374021362415 -6.33768568344108 -6.356305894346273 -6.3389066808774865 -6.285182793675618 -6.256794603279177 -6.249773868019842 -6.208870453900238 -6.266562582770426 -6.165830294266924 -5.851423454392357 -5.42682159588214 -4.7958711706192965 -4.133785310728096 -3.352346951428202 -2.5272579337767893 -1.52817678143751 -0.8416709728181884 -0.41890061046258165 -0.23147750397424716 -0.30168485656759714 -0.3731132065973535 -0.4002803995573885 -1.0272625831519138 -1.7293361090854127 -2.34075057536576 -2.5437413991682716 -2.7519214620755093 -3.248867418692786 -3.6316501150060936 -3.987265618359366
