static/data/ASCData/20210108/ASCV/03.asc
ncols 97
nrows 97
xllcorner 99.0
yllcorner 2.0
cellsize 0.25
NODATA_value -32767
[rows 38 to 56 of 97, columns 0 to 42 of 97]
2.037903370593182 3.0388353318760473 3.3134020339574413 2.4618013852384752 1.6393694854704197 0.8971516453173667 0.12956967564178345 -0.5597005441329861 -1.4338118578031982 -1.9816770554898597 -1.0343268178233407 -0.9563321195415595 -1.4046431088522882 -1.7315233280739015 -1.906535821779363 -1.9141450606361223 -1.8878297762564964 -2.1604941686237007 -2.3009480358547143 -2.659533416979491 -3.072651676577709 -3.4201402510363783 -3.8167718264449513 -4.091972631764409 -4.409341302415073 -5.1544126071394105 -5.466074348647505 -5.489536168455847 -5.0031789848613215 -4.664250804116506 -5.358593849795782 -5.224798066564433 -4.98352178448136 -4.970839719720095 -6.295164332415226 -6.157563929755497 -5.921994576814994 -6.858565059434437 -7.383919592169853 -7.7463095927230095 -7.762796276912654 -7.648657694061267 -7.57351646035077
1.2154714708251264 2.100362539542414 2.6463254275148858 2.498896424665176 1.746849984322143 1.2811011559646746 0.5839046457141137 -0.3967360119507273 -1.3488420239027206 -1.692525978933011 -1.151635916865045 -1.473760361801184 -2.2013938274787814 -2.4962518331782 -2.452498709751835 -2.4192082897535134 -2.234684247477103 -2.4835697684169347 -2.533346872604901 -2.8802013438255076 -3.364339166086811 -3.9971741976739503 -4.403634373272504 -4.64364244887945 -4.972742029434285 -5.501267078360017 -5.6008212867359495 -5.339253701034853 -4.935646990007584 -4.861456911154182 -4.863359220868372 -4.724807663351548 -3.9952718879597606 -4.029513462815177 -3.836111975205881 -3.290149087233409 -3.46896620036725 -5.587188067117589 -6.345892591460287 -6.791350116199731 -6.963192093714876 -7.212077614654708 -7.219052750273404
0.35911504782068615 1.0582138677854367 1.8600374123164363 1.7760187332730535 1.4735514887168755 1.0116072797877864 0.6530218986630096 -0.19762759519886153 -0.975672268302489 -1.279407719334793 -1.1506847620079501 -1.9708973004427843 -2.7178709148813116 -3.026679191818122 -2.98165786191563 -2.81076703925758 -2.7032865404058564 -2.831375394494636 -2.892883408586773 -3.2191295245703233 -3.611639428931485 -4.264765764136649 -4.8519453625832325 -5.098928573808875 -5.530435827310927 -5.961308977574916 -5.6731090558751625 -5.1585342781868215 -4.7745847675395146 -5.100830883523065 -4.949597261244976 -4.246376770232814 -3.5187433045552163 -3.058701405340317 -2.7337234958328933 -1.8459789625443213 -1.7581556640725586 -3.6290772679782246 -5.137925922949766 -5.707350630730579 -6.2970666421294155 -6.554829608402133 -7.015822662474127
-0.15070395558217964 0.23990363906479217 0.9919500794078253 0.9374172009343846 0.6374863693304595 0.5506142257157922 0.19615051563842645 0.024308538123281487 -0.5765042799416626 -1.0314733532520561 -1.5168793819894861 -2.287314816236354 -2.788256374306334 -3.0999181158144293 -3.1446223940978895 -2.9759509327730607 -3.023508675627806 -3.1135513354327893 -3.2169101632371015 -3.5003543106513817 -3.850696349681336 -4.407438992700883 -4.994301539528436 -5.524728898168358 -5.959089616241695 -6.185781523849313 -5.862388872437047 -5.324352274940366 -4.784413367729495 -4.8145332715375 -3.9787852037701157 -3.2911002420905042 -3.281588693519555 -2.8215467943046555 -2.0850358832941724 -1.3713526888539667 -1.1370515423895897 -2.3760892695652114 -3.9886138039600962 -5.067540463524743 -5.665182765399371 -6.409302915266614 -6.871247124195703
-0.40561345728361253 -0.22584518929267716 -0.01785932720792527 -0.09014709634713824 -0.05685667634881675 -0.14372881996348408 -0.2188700536739807 -0.2718176740522633 -0.48265700070829975 -0.959185584112844 -1.7346938442642177 -2.3878201794693816 -2.7806471354495748 -3.002266217152686 -3.0469704954361463 -3.1271845550511497 -3.1994723241903618 -3.316781423232066 -3.4397974514163394 -3.6680746171191156 -4.044097837290632 -4.557721460121877 -4.987643455528771 -5.518704917406756 -6.021865836809958 -6.25902044784562 -6.0890807800446645 -5.590992686545969 -4.854798827154517 -4.007953952721026 -3.114502490289884 -3.080260915434468 -3.0704323152444877 -2.982609016772725 -2.1056442385312284 -1.695696495123327 -1.4036919539951933 -2.288265971093449 -3.089138360767354 -4.245425615375719 -5.634111706734271 -6.3791830114586086 -7.048161927615354
-0.6760584883175955 -0.7708569224080541 -0.8907024344020114 -1.0089626883008105 -0.9103596347819725 -0.8868978149736311 -0.9915248492540707 -0.9151154090674467 -0.9582344292557492 -0.9845497136353742 -1.5305126016078465 -2.189662917574611 -2.6741177914549463 -2.9014438023006273 -3.1084785095282834 -3.2581268737112143 -3.3656073725629376 -3.5130363754126472 -3.6300284228353195 -3.7707993416853647 -4.178844775379076 -4.5206264206951765 -4.95625534524464 -5.420101863887919 -5.882046072817008 -6.148686484422612 -6.112542599853005 -5.204189711327377 -4.102752386811484 -3.3294634879933316 -3.2112032340945325 -3.1877414142861915 -3.139866619812415 -3.1867902594290967 -3.4290176963692645 -2.9778532424872504 -2.094864483484153 -2.167152252623365 -2.445523574133139 -3.369411991991317 -5.0130075850513025 -6.593826957543024 -7.328435558839317
-1.0511305536320172 -1.366596914568492 -2.050160205200693 -2.0511113600577877 -1.8459789625443213 -1.7920801873089434 -1.9024141507319516 -1.8272729170214546 -1.473760361801184 -1.075543528297453 -1.2835293903822045 -1.9699461455856895 -2.6211701710766637 -2.9337830674418535 -3.14081777466951 -3.4407486062734347 -3.6065666030269785 -3.7191199277832085 -3.790139490446294 -3.892864215012543 -4.095777251192788 -4.409341302415073 -4.769828993254039 -5.240333595896983 -5.635062861591366 -5.855730788437382 -5.3722270694141425 -3.893815369869638 -2.3966976248022673 -2.3760892695652114 -3.0089243011523505 -3.277467022472144 -2.9172963832522085 -2.819644484590466 -3.5773978540760685 -3.9718100681514197 -2.831375394494636 -2.1563724975762897 -2.1525678781479103 -3.277467022472144 -5.528533517596737 -7.252026118652694 -7.8030618325296714
-1.441738148278989 -1.9778724360614803 -2.7863540645921443 -2.9366365320131385 -2.7999872842105047 -2.764794554497993 -2.930929602870569 -3.0247768821039323 -2.542224317937787 -1.3548660046643217 -1.2083881566717074 -1.9122427509219322 -2.488642594321441 -2.8361311687801107 -3.2023257887616468 -3.649685623215281 -3.9718100681514197 -4.148724871571071 -4.146822561856881 -4.1407985810952805 -4.12336074204854 -4.205160059758701 -4.382074863178353 -4.739392037827003 -5.085295354190515 -4.959108809815925 -4.221012640710283 -2.8985903377293423 -0.8830931955452517 -0.553993614990417 -1.891000292446813 -2.791109838877619 -2.466131929370195 -1.741351928263882 -1.8164931619743792 -2.831375394494636 -3.474990181128851 -3.356729927230052 -2.9337830674418535 -3.5187433045552163 -5.869364008055743 -7.806866451958052 -8.276736951362931
-1.2492878155267877 -2.29428995185505 -3.3624368563726215 -3.5558383439819172 -3.3088551327562756 -3.1202094194324537 -3.1065761998140937 -2.870372743635527 -2.3408965398527 -2.0060900301552955 -2.693457940215876 -3.3586322369442416 -3.221031834284513 -3.1106978708615047 -3.277467022472144 -3.712144792164512 -4.050121818052233 -4.320566849086216 -4.331346604133292 -4.233694705471549 -3.9993935590071716 -3.9055462797738087 -4.095777251192788 -4.349735598037126 -4.2863252742308 -3.4806971102714206 -2.7384792701183676 -2.3966976248022673 -1.366596914568492 -1.0587397924887765 -1.8332968977830557 -2.4991052977494848 -2.424915218896083 -1.9610687002528038 -1.80888392311762 -2.4271345802293043 -3.5999085190273146 -4.221012640710283 -4.225768414995757 -4.3126405586104255 -6.154393413565181 -8.144843477845772 -8.853770898000503
-0.8634359951652906 -2.161445323480796 -3.4261642317979795 -3.5539360342677275 -3.0821632251486575 -2.707408211453268 -2.0850358832941724 -1.4835889619911646 -1.1817558206730503 -1.8703919372097566 -3.3262929718030154 -4.272692054612439 -4.069461966813162 -3.7422646959725174 -3.8167718264449513 -3.9026928152025238 -4.0323669273864615 -4.0364885984338725 -3.8839867696796575 -3.738460076544138 -3.4356757803689284 -3.448357845130194 -3.6652211525478307 -3.79901693577918 -3.356729927230052 -2.5374685436523126 -2.094864483484153 -1.8253706073072649 -1.2511901252409778 -1.1934867305772205 -1.3488420239027206 -1.1700249107688796 -1.1234183227712298 -1.4014725926619716 -1.705208043694276 -2.7454544057370636 -3.910302054059283 -4.238450479757023 -4.791388503348191 -4.633179745451406 -5.310719055322005 -7.315753494078052 -9.071585360275236
-1.0470088825846062 -2.062842269961958 -3.006070836581066 -2.990535307248516 -2.549199453556483 -2.025747230535257 -1.3887905279007065 -1.0295710435378664 -0.9151154090674467 -1.7736911934051087 -2.9572448872501944 -3.667123462262021 -3.7571661220670043 -3.5713738733144673 -3.931861564153434 -4.085314547764744 -3.8877913891080373 -3.656343707214945 -3.408409341132208 -3.1427200843836998 -2.7571853156412343 -2.7971338196392197 -2.988632997534326 -2.9337830674418535 -2.481667458702745 -2.13703234881536 -1.8282240718785494 -1.4835889619911646 -1.2229725311471622 -1.0596909473458713 -0.7962210519305843 -0.7004714629830318 -0.725835592505562 -0.9417477450661043 -1.5587301957016617 -2.7571853156412343 -4.210232885663208 -4.413462973462485 -4.887772195533807 -4.49621344602974 -5.0919534381901785 -7.334142487981887 -9.289399822549967
-1.4093988831377624 -2.0441362244390917 -2.3440670560430164 -2.338043075281415 -2.196638053193307 -1.689672514361726 -1.6310179648408738 -1.398619128090687 -1.422080947899028 -2.0891575543415835 -2.8136205038288646 -2.8497643883984707 -2.890981098872583 -2.98165786191563 -3.3469013270400714 -3.7619218963524785 -3.5900799188373336 -3.0685300055302975 -2.8136205038288646 -2.6126097773628096 -2.404623915278058 -2.392893005373888 -2.401453399087742 -2.3440670560430164 -2.1281549034824745 -1.8497835819727007 -1.7248652440742371 -1.510855401227885 -1.3878393730436116 -1.1506847620079501 -0.8751669050694613 -0.7432734315523017 -0.7676864062177371 -0.8929217957352327 -1.5051484720853159 -2.3351896107101306 -3.7337043022586633 -4.222914950424473 -4.670274784878107 -4.354808423941632 -4.92708659629373 -7.174982575228007 -9.413367005591336
-1.502295007514031 -1.7816174838808996 -1.9747019198711642 -2.108497703102513 -1.9845305200611447 -2.460107948608594 -2.409379689563533 -2.1798343173846306 -2.0901087091986783 -2.466131929370195 -2.782549445163765 -2.656362900789175 -2.365309514518136 -2.4483770387044235 -2.485472078131125 -2.890029944015488 -2.8294730847804463 -2.3117277909017897 -2.0812312638657926 -2.038429295296522 -2.032405314534921 -2.1525678781479103 -2.1573236524333845 -2.0469896890103763 -1.8351992074972454 -1.8187125233076005 -1.7229629343600474 -1.7432542379780722 -1.7559363027393373 -1.5393900469407322 -1.1995107113388217 -1.0638126183932828 -1.0013534494440508 -1.1291252519137989 -1.556827885987472 -2.198540362907497 -3.3449990173258817 -3.8624272595855063 -4.158553471761052 -4.274594364326629 -4.8519453625832325 -7.174031420370913 -9.40829417968683
-1.3282336686656646 -1.4934175621811452 -1.6985499596946116 -1.9515571516818548 -2.8760796727780966 -3.352925307801672 -3.2933196034237255 -3.007021991438161 -2.485472078131125 -2.6436808360279094 -2.7835006000208597 -2.5989765577444492 -2.2755839063321837 -2.1338618326250436 -2.1712739236707765 -1.913193905779027 -1.8732454017810416 -1.577436241224528 -1.405594263709383 -1.5216351562749604 -1.8516858916868904 -1.97977474577567 -2.0276495402494468 -1.9173155768264385 -1.9534594613960445 -1.9896033459656506 -1.9318999513018937 -2.043185069581997 -2.159543013766606 -2.1094488579596082 -1.7445224444541987 -1.4230321027561228 -1.3605729338068913 -1.3849859084723266 -1.8225171427359803 -2.3897224891835713 -3.4131651154176827 -3.649685623215281 -3.559642963410297 -3.8703535500612976 -4.718149579351883 -7.043089101710848 -9.343932701023409
-1.052081708489112 -1.2549947446693572 -1.5235374659891505 -2.3098254811876 -3.3243906620888253 -3.851647504538431 -3.7552638123528146 -3.256224563997024 -2.6788735657404206 -2.6065857966012085 -2.5675884474603174 -2.487691439464346 -2.353895656232997 -2.237537712048388 -2.099937309388659 -1.6915748240759156 -1.2178997052426563 -1.0286198886807716 -1.0451065728704165 -1.3948145086623076 -1.7305721732168067 -1.7971530132134497 -1.9318999513018937 -2.1849071432891365 -2.229611421572597 -2.269876977189614 -2.2169293568113315 -2.4112819992777226 -2.764794554497993 -2.766696864212183 -2.468034239084385 -2.1037419288170387 -1.7432542379780722 -1.7071103534084657 -1.7920801873089434 -2.3431159011859215 -3.3459501721829765 -3.520645614269406 -3.437578090083118 -3.623370338835655 -4.363368817655487 -6.8880508600043795 -9.23169642788621
-0.6329394681292939 -1.0958348319154774 -1.6700153139817648 -2.445523574133139 -3.5333276790306716 -4.007002797863931 -3.5812024735044483 -2.96992695201146 -2.587245647840279 -2.468034239084385 -2.414135463849007 -2.541273163080692 -2.504178123653991 -2.5618815183177484 -2.505129278511086 -1.8722942469239467 -1.1018588126770785 -0.8047814456444389 -1.025766424109487 -1.3038206940002288 -1.546999285797491 -1.6243598808412099 -2.0295518499636365 -2.4112819992777226 -2.637022752028245 -2.63987621659953 -2.4788139941314604 -2.8389846333513953 -3.4562841356059844 -3.3811429018954877 -3.1084785095282834 -2.894785718300963 -2.475960529560176 -2.0159186303452765 -1.845027807687226 -2.01084580444077 -3.043165876007767 -3.415384476750904 -3.213105543808722 -3.0872360510531642 -3.893815369869638 -6.708282592013443 -9.752295186336152
-0.6690833526989 -1.2258259957184472 -1.7384984636925975 -2.416354825182229 -3.5491802599822533 -3.9248864285347382 -3.3839963664667723 -3.145890600574016 -3.297124222852105 -3.545058588934842 -3.6319307325495096 -3.5022566203655714 -2.989584152391421 -2.8966880280151526 -2.885908272968077 -2.267657615856393 -1.1525870717221398 -0.6925451725072405 -0.8479004658327405 -0.8282432654527794 -1.1272229421996092 -1.3929121989481175 -1.9445820160631588 -2.6027811771728286 -3.0041685268668763 -3.012094817342667 -2.7806471354495748 -3.176961659239116 -3.7200710826403034 -3.656343707214945 -3.468015045510155 -3.4261642317979795 -3.2872956226621244 -2.8976391828722474 -2.580270512221583 -2.6351204423140553 -3.065676540959013 -2.6848975465020217 -2.2004426726216866 -2.043185069581997 -3.2679554739011945 -6.76979060610558 -10.105807741556422
-0.7816366774551291 -1.112638567724154 -1.5821920155100027 -2.3897224891835713 -3.6652211525478307 -4.164260400903621 -3.7530444510195933 -3.796163471207895 -4.165211555760716 -4.483531381268476 -4.663299649259411 -4.7384408829699085 -4.300909648706255 -3.550131414839348 -2.6290964615524546 -1.9483866354915387 -1.82441945245017 -2.222002182715838 -1.7277187086455221 -0.986452023349564 -1.2901874743818684 -1.600898061032869 -2.2318307829058184 -2.8675192790642425 -3.1886925691432864 -3.3088551327562756 -3.378289437324203 -3.46896620036725 -3.237518518474158 -3.1731570398107367 -3.025728036961027 -2.8976391828722474 -2.9182475381093034 -3.0840655348628476 -3.520645614269406 -3.6163952032169595 -3.3469013270400714 -2.66904496555044 -2.2454640025241783 -2.0821824187228875 -3.4455043805589094 -7.140741000372591 -10.53065691105881
-0.7071295469826957 -0.8558267563085318 -1.263872190002243 -2.2384888669054828 -3.557740653696107 -4.106557006239864 -4.057731056908993 -4.238450479757023 -4.61257139021435 -4.920111460675034 -5.080222528286009 -5.244455266944394 -5.0558095536205725 -4.10972752243018 -2.823449104018845 -1.9563129259673295 -2.3431159011859215 -3.222934143998703 -2.5501506084135777 -1.8741965566381364 -1.9680438358714998 -2.229611421572597 -2.847862078684281 -3.384947521323867 -3.3976295860851327 -3.4271153866550743 -3.5257184401739123 -3.3773382824671083 -2.847862078684281 -2.6183167065053787 -2.3878201794693816 -2.131959522910854 -2.155421342719195 -2.6798247205975154 -3.3285123331362367 -3.567569253886088 -3.197570014476172 -2.7628922447838034 -3.316781423232066 -3.266687267425068 -4.581183279930218 -8.208253801652099 -11.475787787392107
