static/data/ASCData/20210108/ASCV/06.asc
ncols 97
nrows 97
xllcorner 99.0
yllcorner 2.0
cellsize 0.25
NODATA_value -32767
[rows 38 to 56 of 97, columns 0 to 42 of 97]
1.0453617166439972 2.182881232098043 2.6312300720908715 2.0031537951578757 1.2826277934678876 0.8177931633960149 0.4467012612245904 -0.059186218651960054 -0.733164107177589 -0.9898252311532953 -0.674332464150412 -1.0095435290909762 -1.2555373771331837 -1.3560683715367663 -1.4106977543477166 -1.3990607260566268 -1.473408406805257 -1.8852299079954973 -2.107949699455525 -2.372692093077822 -2.691094117153479 -2.995596357437 -3.3666882596084253 -3.6265818914427683 -4.023210605697418 -4.825842306996764 -5.04662259374161 -5.045652841384019 -4.757313140393679 -4.603122515536736 -5.512426976171073 -5.609078961144292 -5.286797927638273 -5.020116029300794 -6.316028429828009 -7.237939671111027 -8.123646824377321 -9.154816831282238 -8.999656454067704 -8.80053396997572 -8.09229149814855 -7.588666773773045 -7.471326738504554
0.7932261036703814 1.7561901947580774 2.277593712356081 2.0998057801310956 1.4145141141002409 0.9144451483692349 0.49745163460517716 0.014838211310806315 -0.5631341938133296 -0.7056877903791818 -0.5834989933227375 -1.1734316775238263 -1.787608170664687 -1.8716533749892257 -1.8024777068144129 -1.8024777068144129 -1.775971142373597 -2.147063044545022 -2.3103046914061456 -2.600260646325804 -2.9771710626427743 -3.4830585425193252 -3.880657009131566 -4.205847299710358 -4.618638553258189 -5.1264655378499215 -5.180448419089145 -4.9625773894170715 -4.710441776443455 -4.772182676543404 -4.808386764560129 -4.892108718098804 -4.4909544928420635 -4.426304335669341 -4.7320995790963165 -4.6166990485430075 -4.90697825424853 -7.984002484884241 -8.222238314065722 -7.456780453140691 -6.959620744482458 -7.0895675603996295 -7.084718798611675
0.48775411102926913 1.163348253484215 1.67408449514872 1.5441376792315484 1.2386656865904362 0.7424757302897937 0.4593080418732711 0.03358675689089541 -0.4360966349689308 -0.655907169356186 -0.713445809239909 -1.310166759944134 -1.935333779804357 -2.1832671325617463 -2.115707718316252 -2.1011614329523893 -2.146093292187431 -2.4234424664584093 -2.5818353515315784 -2.8873073441726906 -3.2370646944771173 -3.765256478578257 -4.286659996176262 -4.615729296185417 -5.037894822523293 -5.43517003834967 -5.208571237459279 -4.860106890298306 -4.61960830561578 -5.122586528419559 -5.045652841384019 -4.540735113865059 -4.143136647252819 -4.3755539622887545 -4.615729296185417 -3.5124743640329137 -2.978140815000365 -5.518245490316618 -6.660937018344482 -6.234892482576243 -6.61600515910944 -6.757589003317701 -7.258304470620434
0.11181344706988927 0.39692064020159457 0.9241426719451429 0.8675737844190117 0.5627482933496264 0.4515500230125449 0.17323109638397582 0.10567168213848088 -0.251520436240809 -0.5385671340876952 -0.9264680771240279 -1.4145767637780802 -1.8354492869725014 -2.086615147588527 -2.186176389634519 -2.1725998566282474 -2.3852988737265033 -2.630646220196984 -2.8100504063512877 -3.12360366863899 -3.4604309875088726 -3.9957342888990115 -4.516168054139425 -4.961607637059481 -5.383449912611493 -5.493678430590983 -5.199843466240962 -4.868834661516624 -4.791577723695221 -5.168488140012191 -4.475115204334746 -3.978278746462377 -4.072991226720415 -4.307348046471533 -4.062000700001052 -3.122633916281399 -2.368813083647459 -3.484028294876916 -4.845237354148581 -5.7994736740179595 -6.1851118615532465 -6.956711487409685 -7.461629214928646
-0.21854885608272046 -0.16068696541313443 0.09500440620498196 0.025828738030169163 -0.0035870834834197396 -0.11575510617809215 -0.15874746069795265 -0.16068696541313443 -0.22824637965862848 -0.4225201019626592 -0.9216193153360734 -1.3424918385304947 -1.71358374070192 -2.0161464762702597 -2.115707718316252 -2.291556145826056 -2.5349639875813548 -2.7867763497691076 -2.9926871003642277 -3.28296630606975 -3.6899390454720358 -4.215544823286267 -4.630598832335143 -5.075715164469335 -5.480101897584712 -5.585481653776249 -5.393147436187401 -5.082503430972471 -5.0582596220327 -4.8562278808679435 -4.026119862770191 -3.5376879253302755 -3.6333701579459037 -3.869666482412203 -3.394164576406832 -2.7702905596900633 -2.118940226174888 -2.6723455715733895 -3.527020649396776 -4.725311312593181 -6.302451896821737 -7.074698024249903 -7.681439749315901
-0.40312505481084226 -0.6003080341876448 -0.6226123384122335 -0.7564381637597686 -0.7115063045247272 -0.6491189028530497 -0.7173248186702716 -0.6704534547200485 -0.6930810097305011 -0.6403911316347326 -0.7700146967660402 -1.1579156398023729 -1.5690906394208861 -1.8913716729269061 -2.2016924273559724 -2.4421910120384984 -2.691094117153479 -2.962624777278912 -3.1921328352420755 -3.4096806141282854 -3.8735454918425667 -4.331591855411303 -4.755373635678497 -5.13163755042374 -5.491738925875802 -5.612957970574656 -5.625564751223337 -4.993932715645841 -4.3668261910704365 -4.1247113524585926 -3.7135363528400793 -3.128452430426944 -3.169505280231623 -3.4636634953675083 -3.8745152442001576 -3.2183161488970278 -2.179388123131383 -2.1735696089858383 -2.63840423905771 -3.7807725162997103 -5.673405867531151 -7.322954627793156 -7.9361613685764265
-0.6804742290818204 -1.079688949623379 -1.6589543578909698 -1.7038862171260116 -1.5015312251753916 -1.3767564218320376 -1.3686751521854474 -1.311136512301725 -1.1695526680934636 -0.876687456101032 -0.7360733642503616 -1.030878080957974 -1.5454933320528426 -1.9469708080954469 -2.2876771363956925 -2.596381636895441 -2.8375267231496943 -3.1158456497782634 -3.3240191558744288 -3.511504611675323 -3.899082303925792 -4.333531360126485 -4.737918093241862 -5.120647023704377 -5.188206437949871 -5.144244331072421 -4.667772672709458 -3.5748617657045907 -2.1363957686115227 -1.6489335835291978 -2.0788571287278 -2.623534702907984 -2.6920638695110695 -2.924481184547006 -3.7419824219960773 -3.820855613746798 -2.7046706501597506 -2.166781342482702 -2.1725998566282474 -3.4197013884900573 -5.923601975789586 -7.752554922205896 -8.203813019271497
-0.9575001525669347 -1.6069109813669287 -2.274100603389421 -2.4253819711735907 -2.2605240703831493 -2.0271370029896225 -1.941152293949902 -1.9996606861912154 -1.9117364724363135 -1.5290075419737983 -1.3696449045430383 -1.454659861225168 -1.6069109813669287 -1.9324245227315844 -2.3639643218595046 -2.7916251115570616 -3.1472009760070336 -3.467542504797872 -3.6686044936050375 -3.8160068519588437 -4.057151938213098 -4.373614457573573 -4.621871061116826 -4.72434156023559 -4.504531025848335 -3.7956420524494368 -2.8297687042889677 -1.9479405604530378 -0.43221762553856724 0.14381527487038692 -1.0651426642595165 -2.3219417196972354 -2.6374344867001196 -2.349418036495642 -2.235957010657515 -2.5786028436729422 -2.555328787090762 -2.8640332875905106 -2.884398087099918 -3.6033078348605883 -6.060337058209893 -8.017297315828191 -8.418451541084933
-1.012452786163748 -1.7184325024898741 -2.7234191957398397 -2.9351484604805047 -2.5640565583090797 -2.007418705051942 -1.6305082887349722 -1.2878624557195444 -1.1236510565008304 -1.5571303603439324 -2.347155280994597 -2.7163076784508404 -2.617716188762439 -2.5495102729452173 -2.660708543282299 -2.9936568527218186 -3.23997395154989 -3.415822379059694 -3.5564364709103646 -3.611065853721315 -3.667634741247447 -3.8580294541211133 -4.137318133107273 -4.257567425448537 -3.8570597017635224 -2.757360528255519 -1.8102357256751396 -1.7446158161448269 -1.3053179981561795 -1.2487491106300475 -1.970244864677627 -2.493911137776676 -2.3649340742170954 -2.12184948324766 -2.0668968496508464 -2.4273214758887725 -2.9800803197155465 -3.6033078348605883 -3.9692277244581957 -4.219423832716631 -6.2145276830668355 -8.298525499529534 -8.954724594832664
-0.6979297715184556 -1.4947429586722554 -2.546601015872445 -2.550480025302808 -1.830600525184547 -1.2173937844012777 -0.7554684114021777 -0.38437650923075317 -0.2983918001910322 -0.9966134976564316 -2.1596698251937028 -2.91769291804387 -2.880519077669555 -2.9047628866093254 -3.065095276397676 -3.16659602315885 -3.1801725561651217 -3.028891188380952 -3.1119666403479 -3.171444784946804 -3.1177851544934447 -3.331777174735155 -3.7115968481248975 -3.8825965138467478 -3.510534859317732 -2.494880890134267 -1.9576380840289462 -1.829630772826956 -1.5044404822481638 -1.4430228329340777 -1.5542211032711601 -1.147248363868874 -0.9975832500140225 -1.3188945311624511 -1.7009769600532394 -2.7974436257026065 -3.704808581621762 -3.8825965138467478 -4.305408541756351 -4.325773341265759 -5.156851111721101 -7.241818680541391 -9.063983360454564
-0.9303470865543915 -1.4430228329340777 -1.8344795346149105 -1.4029397354869904 -0.9138612964753472 -0.8598784152361238 -0.5036560492144249 -0.5650736985285114 -0.6626954358593213 -1.2506886153452292 -1.997721181476034 -2.3852988737265033 -2.286707384038102 -2.4674045733358603 -3.138473204788716 -3.3356561841655186 -3.0709137905432216 -2.8110201587088786 -2.8679122970208737 -2.915753413328688 -2.846254494368012 -3.0124053983019077 -3.36895101510947 -3.4830585425193252 -3.0835205711919023 -2.5103969278557203 -2.184236884919337 -1.8619558514133172 -1.5202797707554807 -1.4087582496325353 -1.1391670942222838 -0.8728084466706685 -0.8931732461800763 -1.1714921728086445 -1.7446158161448269 -2.802292387490561 -3.8169766043164346 -3.793702547734255 -4.355189162779347 -4.446022633607021 -5.103191481267742 -7.183310288300077 -9.18617215751101
-1.2468096059148666 -1.2516583677028201 -0.5718619650316468 -0.21240709115131207 -0.5259603534390145 -0.5007467921416531 -1.0816284543385608 -1.2555373771331837 -1.4010002307718086 -1.7937499355960953 -2.1625790822664754 -2.0982521758796167 -2.0006304385488063 -2.18714614199211 -2.852073008513557 -3.1911630828844846 -2.955836510775776 -2.573754081884988 -2.632585724912165 -2.779988083265972 -2.916723165686279 -3.0191936648050435 -3.0457002292458597 -3.1520497377949876 -2.8999141248213713 -2.4215029617432275 -2.186176389634519 -1.9301617672305391 -1.6628333673213334 -1.4753479115204389 -1.1931499754615071 -1.0173015479517025 -1.0328175856731558 -1.039605852176292 -1.5681208870632952 -2.2369267630151057 -3.0796415617615387 -3.324988908232019 -4.06717271257487 -4.254658168375764 -5.0679571456086085 -7.159712980932033 -9.46643058885476
-1.281720690788136 -0.8130070512859007 -0.07470225637341343 0.04910279461234879 -0.26348071531776274 -1.1511273732992375 -1.742676311429645 -1.9576380840289462 -1.9301617672305391 -2.0504110595718026 -2.1596698251937028 -2.080796633442982 -1.9440615510226746 -2.1208797308900693 -2.2075109415015173 -2.539812749369309 -2.523973460861992 -2.2007226749983815 -2.2146224587905166 -2.290586393468465 -2.6031699033985767 -2.978140815000365 -3.000768370010818 -2.7602697853282914 -2.506517918425357 -2.3600853124291414 -2.084675642873345 -2.0261672506320316 -1.9576380840289462 -1.743646063787236 -1.3550986191791754 -1.1734316775238263 -0.9849764693653418 -0.9937042405836589 -1.4792269209508024 -2.0659270972932555 -2.764148794758655 -3.2302764279739815 -3.717415362270443 -3.888415027992293 -4.715613789017272 -7.481994014438053 -9.797439393579097
-1.0279688238852014 -0.6264913478425971 -0.3834067568731623 -0.3530211830019825 -1.1430461036526474 -2.0310160124199856 -2.475162592196587 -2.6765478317896165 -2.1266982450356147 -2.083705890515754 -2.1118287088858883 -1.9870539055425347 -1.8425608042615007 -1.9421220463074929 -2.0281067553472134 -1.7643341140825068 -1.7885779230222778 -1.6977444521946032 -1.646994078814016 -1.540644570264888 -2.085645395230936 -2.5611473012363075 -2.842375484937649 -2.602200151040986 -2.4321702376767265 -2.373661845435413 -2.110858956528298 -2.1060101947403433 -2.149002549260204 -1.985114400827353 -1.5787881629967946 -1.3777261741896285 -1.1889477152452796 -1.195089480176688 -1.7329787878537366 -2.302223421759555 -3.0486094863186324 -3.4517032162905545 -3.323049403516838 -3.515383621105686 -4.630598832335143 -7.399888314828695 -10.096446370502935
-0.6510584075682315 -0.8463018822298523 -0.858908662878533 -1.4381740711461237 -2.328729986200371 -2.945815736414004 -3.2700362746352054 -2.707579907232523 -2.042653040711076 -1.9663658552472638 -2.00450944797917 -1.8503188231222274 -1.9634565981744911 -2.1499723016177943 -2.124758740320433 -1.708734978913966 -1.320834035877633 -1.3318245625969958 -1.392272459553491 -1.32859205473836 -1.9291920148729482 -2.334548500345916 -2.7143681737356586 -2.7935646162722434 -2.628706715481802 -2.440898008895044 -2.234017505942333 -2.2214107252936524 -2.370752588362641 -2.2514730483789682 -2.0720688622246644 -1.8904019205693152 -1.7281300260657826 -1.7184325024898741 -1.7349182925689184 -2.16387208540993 -3.0534582481065864 -3.4058016046979223 -3.283936058427341 -3.53186941118473 -4.572736941665557 -7.5757367423385 -10.372825792416323
-0.33265638349257554 -1.0493033757522001 -1.4801966733083933 -2.086615147588527 -3.149140480722215 -3.577771022777363 -2.701761393086978 -1.7077652265563752 -1.2652349007090917 -1.3415220861729038 -1.613052746298337 -1.965396102889673 -2.158700072836112 -2.3610550647867323 -2.3581458077139597 -1.9663658552472638 -1.4517506041523953 -1.4284765475702152 -1.906887710648359 -2.168720847197884 -2.584744608604351 -2.651011019706391 -2.7925948639146525 -2.947755241129186 -2.962624777278912 -2.6442227532032554 -2.3229114720548263 -2.4838903634149045 -2.8882770965302815 -2.7505722617523833 -2.550480025302808 -2.5278524702923555 -2.380450111938549 -2.142214282757068 -1.8706836226316348 -1.8991296917876328 -2.8960351153910078 -3.254520236913752 -3.313028629155066 -3.474330771301007 -4.367795943428027 -7.526925873673095 -11.042601420725724
-0.44999641876106544 -1.2652349007090917 -1.8493490707646365 -2.274100603389421 -3.2231649106849822 -3.272945531707978 -2.0229347427733955 -1.012452786163748 -0.8627876723088965 -1.3179247788048603 -1.9343640274467662 -2.4098659334521373 -2.3209719673396445 -2.307395434333373 -2.4215029617432275 -2.329699738557962 -1.9107667200787226 -1.6528125929595614 -1.786638418307096 -1.8813508985651342 -2.208480693859108 -2.4321702376767265 -2.6862453553655246 -3.0094961412291354 -3.1481707283646245 -2.8630635352329197 -2.4703138304086325 -2.7945343686298343 -3.205709368248347 -3.0916018408384924 -2.918662670401461 -3.0466699816034506 -3.2651875128472514 -3.2700362746352054 -3.094511097911265 -3.005617131798772 -3.2800570489969774 -2.8688820493784646 -2.5776330913153513 -2.5876538656771233 -3.8169766043164346 -7.568948475835365 -11.334496880360565
-0.6665744452896849 -1.116862789997695 -1.6402058123108803 -2.1774486184162014 -3.281996553712159 -3.5932870604988163 -2.734086471673339 -2.410835685809728 -2.6872151077231154 -3.0786718094039482 -3.29460333436084 -3.4352174262115107 -3.044730476888269 -2.6813965935775705 -2.3170929579092814 -2.0982521758796167 -2.208480693859108 -2.5756935866001696 -2.4030776669490015 -2.109889204170707 -2.2818586222501476 -2.6442227532032554 -3.0085263888715446 -3.1578682519405326 -3.0883693329798563 -2.995596357437 -3.028891188380952 -3.3298376700199737 -3.250641227483389 -3.184374816381349 -2.9820198244307283 -2.878579572954373 -3.011435645944317 -3.399983090552377 -3.9928250318262393 -4.104993054520912 -3.8648177206242496 -3.3424444506686544 -2.9128441562559155 -2.7205099386670675 -4.152834170828727 -8.051561899129736 -11.633503857284406
-0.32877737406221197 -0.7389826213231334 -1.040575604533883 -1.9508498175258104 -3.3796182910429695 -3.8092185854557084 -3.506332599101505 -3.449763711575373 -3.7739842497965745 -4.057151938213098 -4.108872063951275 -3.9343166395849254 -3.644037433879403 -3.2212254059698004 -2.663617800355072 -2.1069799470979342 -2.2886468887532834 -3.0201634171626344 -2.884398087099918 -2.6500412673488003 -2.7085496595901137 -3.0075566365139537 -3.3149681338702472 -3.3931948240492416 -3.2018303588179835 -3.1549589948677603 -3.352141974244563 -3.3288679176623828 -2.782897340338744 -2.633555477269756 -2.517185194358856 -2.489062375988722 -2.6109279222593034 -3.0308306930961337 -3.6324004055883132 -4.089477016799458 -3.9019915609985647 -3.5250811446815944 -3.9449839155184248 -3.8570597017635224 -5.225380278324186 -8.987049673419024 -12.25058960749804
