static/data/ASCData/20210108/ASCV/09.asc
ncols 97
nrows 97
xllcorner 99.0
yllcorner 2.0
cellsize 0.25
NODATA_value -32767
[rows 19 to 37 of 97, columns 42 to 83 of 97]
-9.095491079452948 -7.353270974219706 -5.07309156735122 -4.785079542994217 -5.21288687741924 -5.5524378956085485 -6.088712916399601 -7.370113782661637 -9.01531931126936 -10.18252593629511 -10.213853559997101 -10.692189319747914 -10.903061281440877 -11.079910770081142 -11.22240092949987 -11.293814437293655 -11.124712640536677 -10.74608630676209 -10.744065169749058 -10.6571562781887 -10.544646317796605 -10.452010871365992 -10.525108660003967 -10.689157614228366 -10.766297676892407 -10.720485237930356 -10.823226369426129 -11.022308365209742 -11.245980861318571 -11.485148741193978 -11.844574273344765 -11.974600754516466 -12.049719680167474 -12.087784427246234 -12.153134524000922 -12.335710567511445 -12.389607554525622 -12.390618123032137 -12.175703887313109 -11.539045728208155 -10.549699160329187 -9.516561290501198
-9.29962591776914 -7.391335721298468 -5.0154891624798195 -5.008752039103047 -6.663052684269414 -7.2741097745426355 -7.762551219358606 -8.409988775866395 -9.613239010957876 -10.242149478179543 -10.344553753506478 -10.753833998645376 -11.129765483069257 -11.305604403203006 -11.301562129176942 -11.20589497722678 -11.057341406768955 -10.951905425922474 -10.96268482332531 -10.995023015533814 -10.933378336636352 -10.915861815856744 -10.950894857415959 -10.983233049624463 -10.915861815856744 -10.920577802220485 -10.961674254818794 -11.138523743459059 -11.474369343791142 -11.645492277561154 -11.88466015743656 -12.049719680167474 -12.171661613287046 -12.31044635484855 -12.412850630175484 -12.500770090242359 -12.509528350632163 -12.447209959397021 -12.271371039263272 -11.628649469119223 -10.672651661955275 -9.777287965182275
-9.368007720043375 -7.459717523572704 -4.705918343317146 -5.002688628063953 -7.459717523572704 -8.195074540147369 -8.725286149899325 -9.353186048614477 -9.846343479794188 -10.281898506102499 -10.524098091497452 -10.828952924296384 -11.064415386314568 -11.287077313916882 -11.372975636970725 -11.337605739242672 -11.254739121708376 -11.201852703200716 -11.2008421346942 -11.148292572355379 -11.157050832745181 -11.13347090092648 -11.13347090092648 -11.131786620082288 -11.050604283392184 -11.058351975275471 -11.152334846381443 -11.397229281127103 -11.652229400937925 -11.823015478539094 -12.066225632440563 -12.203999805495553 -12.314151772705774 -12.460684206150566 -12.505822932774938 -12.531087145437834 -12.497738384722812 -12.403081801279164 -12.262612778873468 -11.762381368148148 -11.01557124183297 -10.360049137273053
-8.983317975229694 -7.304426829738109 -4.869967297541544 -5.179538116704218 -8.215622766446524 -9.091785661595722 -9.46064316647399 -9.736191512583964 -10.176462525256017 -10.29368847201185 -10.5847322018884 -10.910808973324166 -11.161093106771245 -11.335921458398479 -11.440346870738445 -11.485148741193978 -11.379712760347497 -11.329858047359384 -11.336595170736157 -11.28303503989082 -11.230148621383158 -11.210610963590518 -11.144250298329315 -11.113259530796164 -11.067110235665275 -11.2008421346942 -11.335921458398479 -11.584858167170204 -11.819983773019548 -11.99009613828304 -12.215789771404904 -12.322910033095578 -12.394323540889362 -12.491001261346039 -12.506833501281454 -12.484264137969268 -12.410155780824775 -12.328973444134672 -12.172672181793562 -11.718590066199129 -11.163787956121954 -10.773371656438016
-8.235160424239162 -7.442201002793097 -5.754551596911709 -6.316090830365656 -8.636692977494775 -9.46569600900657 -9.98041223499195 -10.255623724933088 -10.349606596039056 -10.467506255132566 -10.720485237930356 -10.982222481117947 -11.239917450279478 -11.379712760347497 -11.496938707103329 -11.527255762298804 -11.42181978145232 -11.384765602880076 -11.392513294763365 -11.32312092398261 -11.248001998331604 -11.210610963590518 -11.062394249301535 -11.038814317482833 -11.189389024953687 -11.32312092398261 -11.518497501909 -11.768444779187242 -11.926430322372546 -12.105300948025842 -12.26732876523721 -12.355248225304084 -12.416892904201546 -12.424640596084835 -12.440135979851412 -12.421608890565288 -12.347500533420796 -12.175703887313109 -11.981337877893237 -11.529950611649513 -11.132797188588803 -10.765623964554727
-6.85910297453348 -6.083660073867021 -5.990014058929891 -6.779268062518732 -7.859228939815284 -8.241897547615935 -9.021382722308456 -10.51736096812068 -10.61100698305781 -10.684441627864626 -10.980201344104916 -11.074184215210886 -11.276297916514046 -11.380723328854014 -11.506707535999649 -11.547803988597959 -11.539045728208155 -11.502665261973586 -11.418788075932774 -11.336595170736157 -11.254739121708376 -11.17456735352479 -11.037803748976318 -11.068120804171791 -11.270234505474953 -11.526245193792288 -11.721621771718677 -11.857374807760632 -11.991106706789557 -12.159871647377695 -12.284845286016816 -12.371080465239498 -12.41588233569503 -12.40914521231826 -12.417903472708064 -12.398365814915424 -12.287876991536365 -12.078015598349914 -11.763391936654664 -11.36691222593163 -10.999739001897556 -10.605280428187555
-4.666843027731868 -4.551638217989067 -4.655053061822517 -5.38838894138415 -5.721539692365526 -6.253772439130515 -9.039909811594578 -10.708695272021004 -10.857248842478828 -10.814131252867487 -11.035108899625609 -11.224422066512902 -11.436304596712382 -11.424514630803031 -11.583847598663688 -11.517486933402484 -11.499970412622877 -11.463589946388307 -11.39352386326988 -11.345690287294797 -11.259455108072117 -11.165809093134985 -11.113259530796164 -11.17658849053782 -11.418788075932774 -11.686251873990624 -11.873880760033725 -12.019402624971999 -12.113048639909131 -12.241053984067797 -12.323920601602094 -12.402071232772649 -12.424640596084835 -12.471463603553401 -12.465737048683145 -12.391291835369813 -12.27709759413353 -12.027150316855288 -11.669745921717531 -11.31133095807326 -10.917882952869775 -10.564183975589245
-3.9628136348591934 -4.122820315057528 -4.624736006627043 -5.1707798563144145 -5.70604430859895 -7.265351514152831 -9.979401666485435 -10.961674254818794 -11.057341406768955 -11.134481469432995 -11.305604403203006 -11.336595170736157 -11.540730009052348 -11.490201583726558 -11.596648133079555 -11.541740577558864 -11.475379912297658 -11.43158861034864 -11.34265858177525 -11.23419089540922 -11.175577922031305 -11.2008421346942 -11.19107330579788 -11.384765602880076 -11.656945387301665 -11.851311396721538 -11.99009613828304 -12.114059208415647 -12.231285155171479 -12.31516234121229 -12.365017054200404 -12.44990480874773 -12.446199390890506 -12.478200726930172 -12.452936514267279 -12.360301067836662 -12.18749385322246 -11.908913801592938 -11.595637564573039 -11.349395705152023 -10.9791907755984 -10.551720297342218
-3.3884738669893797 -3.883652435182122 -4.888494386827667 -5.240172227095166 -6.784994617388987 -9.643219209984512 -11.32109978696958 -11.397229281127103 -11.13549203793951 -11.282024471384304 -11.456852823011538 -11.475379912297658 -11.733074881459189 -11.798761834382717 -11.679514750613851 -11.423504062296516 -11.258781395734438 -11.182315045408078 -11.15502969573215 -11.172546216511758 -11.15031370936841 -11.24395972430554 -11.363206808074406 -11.529950611649513 -11.75193882691415 -11.955063096723826 -12.140333989585056 -12.256549367834374 -12.265307628224178 -12.321225752251385 -12.365017054200404 -12.393312972382844 -12.413861198682 -12.436430561994186 -12.446199390890506 -12.379838725629302 -12.18749385322246 -11.889376143800298 -11.565320509377566 -11.217684943136131 -10.778087642801758 -10.470537960652115
-3.4588768062766473 -3.916664339728305 -4.535805978053652 -5.7410773501581644 -9.895187624275785 -11.822004910032579 -11.523213488272742 -11.405987541516907 -11.476390480804175 -11.555551680481246 -11.65795595580818 -11.720611203212162 -11.728358895095448 -11.67749361360082 -11.50165469346707 -11.236212032422253 -11.092711304497008 -11.084626756444884 -11.119996654172937 -11.179620196057368 -11.190399593460203 -11.208926682746327 -11.413735233400196 -11.612143516846132 -11.862090794124374 -12.03119259088135 -12.154145092507438 -12.252843949977148 -12.258570504847405 -12.263623347379983 -12.31044635484855 -12.452936514267279 -12.507507213619132 -12.481232432449719 -12.448220527903537 -12.359290499330147 -12.19726268211878 -11.978306172373689 -11.621912345742452 -11.187367887940656 -10.864996534362115 -10.691178751241399
-3.6239363290075612 -3.8024700984920194 -4.896242078710955 -7.079743765122763 -11.539045728208155 -12.208715791859293 -11.872870191527209 -11.700062976913006 -11.772150197044466 -11.721621771718677 -11.86983848600766 -11.779224176590077 -11.790003573992912 -11.613154085352647 -11.30459383469649 -11.067110235665275 -11.014560673326454 -11.05633083826244 -11.131786620082288 -11.146271435342346 -11.268550224630758 -11.290782731774106 -11.476390480804175 -11.612143516846132 -11.900155541203134 -12.17065104478053 -12.33672113601796 -12.442157116864443 -12.426661733097866 -12.270360470756756 -12.27709759413353 -12.50279122725539 -12.727474291870738 -12.73623255226054 -12.602500653231616 -12.460684206150566 -12.241053984067797 -11.950010254191248 -11.502665261973586 -11.278992765864755 -11.214653237616583 -11.363206808074406
-3.466624498159935 -5.697959760546824 -8.359123494371767 -10.753833998645376 -12.648313092193666 -12.833920841223735 -12.430367150955092 -12.14437626361112 -12.032203159387866 -12.003570385036586 -11.955063096723826 -11.70882123730281 -11.682546456133398 -11.443041720089154 -11.223411498006385 -11.113259530796164 -11.06609966715876 -11.2008421346942 -11.29482500580017 -11.343669150281766 -11.42181978145232 -11.413735233400196 -11.69905240840649 -11.804488389252972 -11.928451459385577 -12.224548031794708 -12.6014900847251 -12.766549607456014 -12.69042011329849 -12.554667077256536 -12.487969555826492 -12.561404200633307 -12.776318436352334 -12.91678745875803 -12.77025502531324 -12.596437242192522 -12.399376383421941 -11.993127843802588 -11.591595290546977 -11.537024591195124 -11.694336422042749 -12.035908577245092
-5.792953200159309 -8.381692857683953 -11.384765602880076 -12.979442706162011 -13.436219671107153 -13.029297419150122 -12.609237776608389 -12.322910033095578 -12.208715791859293 -11.88466015743656 -11.706800100289778 -11.530961180156028 -11.477401049310691 -11.32109978696958 -11.28977216326759 -11.19410501131743 -11.238233169435285 -11.372975636970725 -11.450115699634765 -11.52119235125971 -11.65593481879515 -11.74216999801783 -12.03119259088135 -12.143365695104604 -12.25755993634089 -12.308425217835518 -12.684356702259397 -13.016496884734256 -12.996959226941616 -12.95788391135634 -12.793834957131942 -12.743980244143827 -12.788782114599362 -12.918808595771061 -12.910050335381259 -12.738253689273574 -12.695136099662232 -12.308425217835518 -12.14437626361112 -12.152123955494407 -12.411840061668968 -12.84941622499031
-8.0670691959887 -10.320973821687776 -12.64224968115457 -13.36009017694963 -13.337857669806281 -13.077804707462882 -12.685367270765912 -12.397355246408909 -11.951020822697764 -11.624944051261998 -11.34265858177525 -11.28977216326759 -11.215663806123098 -11.288761594761075 -11.302572697683457 -11.357143397035312 -11.400260986646652 -11.433272891192836 -11.509739241519195 -11.760697087303953 -11.939230856788413 -12.201978668482521 -12.42363002757832 -12.55365650875002 -12.683346133752881 -12.733200846740992 -12.779013285703043 -13.111153468177903 -13.26341245649295 -13.29979292272752 -13.081846981488944 -13.05456163181302 -13.024244576617544 -12.95283106882376 -12.944072808433958 -13.070057015579593 -13.028286850643607 -13.038055679539927 -13.04681393992973 -13.124964571100286 -13.426450842210834 -13.809456306180323
-9.593701353165237 -11.680525319120367 -12.715684325961387 -13.246906504219858 -13.170777010062334 -12.76048619641692 -12.32493117010861 -11.904197815229198 -11.456852823011538 -11.242949155799025 -10.973464220728145 -11.070141941184822 -11.06609966715876 -11.269223936968437 -11.284045608397335 -11.374996773983757 -11.45112626814128 -11.483127604180947 -11.726337758082416 -12.022434330491546 -12.248801675951086 -12.554667077256536 -12.73623255226054 -12.887480972069072 -13.02525514512406 -13.062309323696306 -13.108121762658357 -13.226358277920705 -13.373901279872012 -13.452051911042567 -13.23713767532354 -13.292718943181908 -13.277223559415333 -13.156965907139952 -13.126648851944479 -13.252633059090115 -13.557487891889048 -13.657871030202951 -14.08871007014752 -14.26724383963198 -14.593657467236582 -14.912997115295575
-10.872070513907726 -11.910934938605969 -12.76756017596253 -12.933293411031123 -12.489990692839523 -11.899144972696618 -11.541740577558864 -11.101469564886813 -10.876786500271466 -10.716779820073132 -10.827942355789869 -10.927651781766095 -11.161093106771245 -11.298530423657393 -11.264507950604695 -11.37668105482795 -11.435294028205867 -11.616859503209872 -11.919693198995773 -12.245096258093861 -12.477527014592496 -12.703894360052036 -12.889502109082104 -13.049508789280438 -13.14349166038641 -13.228379414933736 -13.307540614610808 -13.401186629547938 -13.455757328899791 -13.494832644485069 -13.247917072726374 -13.27116014837624 -13.344594793183052 -13.560519597408597 -13.51841257630377 -13.601279193838067 -13.905123458130483 -14.314403703269384 -14.915691964646285 -15.275117496797073 -15.792865428302001 -16.079866884152487
-11.507718104506164 -12.155155661013955 -12.161892784390727 -11.78596129996685 -11.37196506846421 -10.989970173001236 -10.65917741520173 -10.50557100221133 -10.420683247664002 -10.537909194419836 -10.745075738255574 -10.980201344104916 -11.270234505474953 -11.297519855150878 -11.361185671061374 -11.446073425608702 -11.576099906780401 -11.819310060681872 -12.08172101620714 -12.270360470756756 -12.574878447386851 -12.819099169794836 -13.053551063306502 -13.144502228892925 -13.206820620128067 -13.272170716882755 -13.335836532793248 -13.411966026950772 -13.50190662403068 -13.53795023409641 -13.353353053572857 -13.310235463961515 -13.546708494486214 -13.915902855533318 -14.06041415196508 -14.124753680213253 -14.372006108140784 -14.819014244189606 -15.477231198100231 -15.855183819537142 -16.583803712735033 -16.622879028320312
-11.550498837948666 -11.551509406455184 -11.344679718788282 -10.828952924296384 -10.308510143440747 -10.186231354152335 -10.155240586619184 -10.243160046686059 -10.365101979805633 -10.544646317796605 -10.87105994540121 -11.144250298329315 -11.320089218463064 -11.486159309700493 -11.561278235351502 -11.634712880158318 -11.790003573992912 -11.996833261659813 -12.217474052249095 -12.467758185696177 -12.739937970117765 -12.824152012327415 -13.12395400259377 -13.120922297074223 -13.086899824021524 -13.115195742203966 -13.196041222725231 -13.317309443507126 -13.454073048055598 -13.525149699680544 -13.601279193838067 -13.459799602925855 -13.722547414619964 -14.174608393201364 -14.463630986064885 -14.64923873509495 -14.867858388671205 -15.2107779685489 -15.811392517588125 -16.037086150709985 -16.460851211108945 -16.36114178513272
-11.126733777549708 -10.568226249615307 -9.948074042783446 -9.690379073621916 -9.683305094076307 -9.90125103531488 -10.132671223306998 -10.34657489051951 -10.556436283705956 -10.74608630676209 -11.024329502222773 -11.23216975839619 -11.48716987820701 -11.716568929186097 -11.728358895095448 -11.881628451917011 -12.075994461336883 -12.283161005172623 -12.539845405827638 -12.833920841223735 -12.889502109082104 -12.796866662651489 -12.975400432135947 -13.065341029215853 -13.088584104865717 -13.036034542526895 -13.027276282137091 -13.136417680840797 -13.279244696428364 -13.47057900032869 -13.810466874686838 -13.835731087349732 -13.95868358897582 -14.180334948071621 -14.489905767234294 -14.77724407925362 -15.01068540425877 -15.265348667900753 -15.640606439986954 -15.718420214988669 -15.81914020947141 -15.681366036416424
