static/data/ASCData/20210108/ASCV/12.asc
ncols 97
nrows 97
xllcorner 99.0
yllcorner 2.0
cellsize 0.25
NODATA_value -32767
[rows 57 to 75 of 97, columns 0 to 41 of 97]
-0.06147030963437494 0.022327077035318332 -0.4315991056703421 -2.0439176369828105 -2.776505637732433 -2.4452929161837473 -1.9765956687091926 -2.091923597481719 -2.417171081335274 -2.9992078450173123 -3.2392376475118567 -3.4542702634744256 -2.9608598884057575 -2.8926857433185496 -2.6103311590823632 -1.2880368033283922 -0.7900814852539106 -1.5371564918345646 -1.55874497111218 -1.6337365307081093 -1.8038878344882656 -2.126010670025323 -2.3671767082713213 -2.6816299524860683 -2.8290565412371556 -3.356553988849427 -3.716740722060176 -3.716740722060176 -3.6954363017204237 -3.9277965128926575 -3.975518414453703 -3.8468397156015977 -3.5829489623265305 -3.7511118535416434 -4.0255127875176555 -3.874109373636481 -3.497163163091794 -2.7958216455071416 -2.8926857433185496 -2.7841752290547435 -3.9249559235140237 -8.816450833521197
0.1004432849477439 0.12402017679040345 -0.9326790720613207 -2.4981278786263337 -2.800934706388682 -2.4580755683875988 -2.181686221846543 -2.3115011564501016 -2.1796978092814996 -2.2169095301416006 -1.9638130165053411 -1.3945589050271545 -0.8096815519664826 -0.29013775461438485 -0.004942580999564683 0.14532459713015555 0.3279744941763001 -0.6310084800504248 -1.2462801394624767 -1.5780609788868896 -1.6945251434108695 -1.95614342518303 -2.3595071169490107 -2.6895836027462425 -3.1435097854519025 -3.572438781625586 -3.782358336706614 -3.9513734047353166 -4.230603340655006 -4.4513171353748415 -4.523468105592137 -4.191403207229861 -3.9218312751975266 -3.499151575656837 -3.419899131992958 -2.6239659880998047 -2.5126148844573652 -2.0626655268817924 -2.467733572274953 -3.0753356403646945 -6.687429094235264 -11.552790581959005
0.14646083288160927 -0.4043294476354582 -1.7658239368145745 -2.92478440329711 -3.224750641680825 -2.8671204389108467 -2.604649980325096 -2.4825046370438484 -2.2549734278152918 -1.9268853545831033 -1.3380311763923443 -0.7355421691841437 -0.1875924780457101 0.3291107299277538 0.4617662539099463 0.6043638407173564 0.55067670146118 -0.20719254475828208 -1.4843215293919778 -1.6797540786419742 -1.5311912541394337 -1.7110005618069448 -2.1044221907477074 -2.489322051552569 -2.943532293196092 -2.9619961241572113 -2.935578642935918 -2.983584603434827 -3.1778809169333697 -3.2452028852069876 -3.017671675978431 -2.698389429820007 -2.852633433079815 -2.4444407393701573 -1.6689598390031666 -0.632996892615469 -1.0107952799737463 -1.8271806673930615 -2.7725288126023457 -5.769634665998726 -9.363264288908177 -11.867243826173752
0.03425755242557926 -1.0196011070475102 -2.7608823961499476 -3.6349317479555263 -3.3389423347018985 -2.98045995511833 -3.0460775697647677 -2.8514971973283614 -2.571415084595082 -2.1904920489203077 -1.6093074620518593 -1.1894683518898033 -0.7423595836928651 -0.29013775461438485 -0.15719817169432915 0.221736451415401 0.23735969299788628 0.29985265932782745 -1.0499954133988911 -1.1016941400900233 -1.0323837592513616 -1.3320659386972133 -1.7041831472982238 -2.088798949165222 -2.0419292244177667 -2.023465393456648 -1.0039778654650258 -0.45517599751300075 -0.5020457222604566 -0.2881493420493415 0.013521249961553572 -0.2821841043542106 -0.4375643433654721 -0.7423595836928651 -0.0538007183120639 0.049880794008064555 -0.8545628641488943 -2.671971948598714 -5.062611969656807 -8.320483928011758 -11.044893201059306 -13.549724915138473
-0.4139874515228126 -1.5692551518131248 -3.104593710964621 -3.0000600218309024 -2.8282043644235655 -3.115387950603429 -3.2392376475118567 -3.179869329498413 -2.92478440329711 -2.4952872892477 -1.9990363248003984 -1.6289075287644321 -1.0215895196125544 -0.4852862449265176 0.1737304909164923 0.6367465596337798 1.1026032177297012 1.4471667093579645 0.7412802487674988 0.2441771075066077 -0.31058999814054733 -1.24230331433239 -1.5868668059606534 -1.0684592443600094 -0.9823893861874096 -0.43273534142179493 0.9881274657707646 2.1365777515523554 1.8564956388190756 2.0712441958437813 1.826953509281286 1.3457576685407426 0.5839115971911939 0.24786987369883118 -0.43358751823538544 -1.261903381044962 -2.843827606006051 -4.864338831028177 -7.440469338511049 -9.944448875776626 -12.333100484269675 -13.421898393099958
-0.836099033187776 -1.7851399445892833 -2.0731757075827373 -1.9609724271267073 -2.2774140839064976 -2.748099743946096 -3.0753356403646945 -3.112263302286932 -2.8955263326971834 -2.4796640476652145 -1.9072852878705309 -1.2031031809072452 -0.5148283744643081 0.22457704079403484 1.006875355669747 1.6278281938390657 2.170948883033823 2.404161271019647 2.011591818892474 1.2588356335545532 0.391603696257695 -0.6983304483240431 -0.5080109599555875 0.6083406658474431 1.2900821167195229 1.6014107126177732 1.8397361614851375 2.59675323089101 2.5547125080872304 2.063290545583607 1.669016739829254 0.8651299456759265 0.01266907314796395 -0.9943198615776705 -2.1407817347942184 -3.6133432686779106 -5.143568766947866 -6.9277429556676715 -8.91217869558115 -11.123009408971733 -12.692435040666833 -13.563643803093779
-0.24894920862419667 -0.8681976931663362 -0.9062615908400273 -0.882968757935231 -1.2607671452935083 -1.8223516654493843 -2.2890605003588957 -2.545849780187379 -2.4220000832789514 -2.117204842951559 -1.5323274898908874 -0.7579828252753495 0.011532837396510232 0.7361671878859584 1.267641460628317 1.6346456083477872 1.904217540380122 1.9871627502362248 2.0067628169487968 1.9794931589139138 1.6971385746777274 1.5809584690916108 1.5664714632605792 1.5593699898139946 1.5457351607965526 1.5801062922780202 1.800820086997856 1.907058129758755 1.7363387081028723 1.3758679159542595 0.6307813219386489 -0.5264747909167058 -1.819511076070751 -3.0361355069395497 -4.224638102959876 -5.464839425671334 -6.562443161575382 -8.362240591877672 -10.324235675699946 -11.928884615690103 -12.877925527091612 -13.19919618581508
0.1853769073688909 -0.13958651754680051 -0.1603228200108262 -0.27536668984549006 -0.5148283744643081 -0.8369512100013656 -1.2530975539711982 -1.6601540119294018 -1.8496213234842678 -1.7734935281368855 -1.3721182489359487 -0.8184873790402474 -0.3077494087619135 0.21491903690668046 0.5711289449873425 0.8466661147148082 1.0974901568481608 1.2957632954767906 1.5957295338605055 1.6181701899517114 1.4951726698568741 1.561358402379038 1.520453915326713 1.3446214327892898 1.2957632954767906 1.4187608155716278 1.2588356335545532 1.184412191834351 0.6952627008336334 0.15214201163887697 -0.9110905927837045 -2.3370664608578045 -3.6729956456292174 -4.6680541049645905 -5.500914910779981 -6.474668949775602 -7.869114275746869 -9.701294424965582 -11.3496884413867 -12.460074829494598 -13.014841935141753 -13.065404426081432
-0.19838671768451732 -0.5537444489515897 0.013521249961553572 0.08283163080021527 0.002727010322745471 -0.30576099619687014 -0.6903767980638689 -1.0684592443600094 -1.3780834866310787 -1.454211281978461 -1.3400195889573876 -1.0985694917735263 -0.7372465228113239 -0.5273269677302963 -0.2608796840144585 -0.05777754344215147 0.16094783871264084 0.27911635686380176 0.35155138601895963 0.1845247305553004 -0.21685054864563647 -0.41711209983930964 -0.5401096199341477 -0.4639818245867655 0.17571890348153563 0.6171464929212078 0.5009663873350911 0.23735969299788628 -0.1807750635369887 -1.3505297696583325 -2.6816299524860683 -3.9150138606888056 -4.854680827140823 -5.294972180829041 -6.066476256065944 -7.281396333307563 -8.91303087239474 -10.59295543091869 -11.795945032770048 -12.719704698701715 -12.911160422821625 -12.803786144309273
-0.9142152411002016 -1.0968651381463461 -0.15833440744578287 0.6279407325600159 0.5253954559913403 -0.014600584886919954 -0.5020457222604566 -0.8309859723062347 -1.0624940066648785 -1.160210281289877 -1.2187264224897305 -1.1514044542161121 -1.1817987605674931 -1.0264185215562316 -1.0167605176688772 -0.8818325221837773 -0.9599487300962037 -0.9579603175311595 -1.2218510708062276 -1.5039215961045507 -1.8047400113018557 -1.8359864944668258 -1.749064459480636 -0.8613802786576157 -0.08902402660712205 -0.017725233203417012 -0.24894920862419667 -0.981537209373819 -1.8320096693367387 -3.2372492349468134 -4.392516935237126 -5.311447599225116 -5.424787115432599 -5.864226292307228 -6.7414002924293035 -8.090964306218158 -9.658401525348214 -11.044041024245717 -12.15726800173225 -12.634771076280568 -12.769699071765668 -12.407239867052013
-1.9325665333403705 -1.7726413513232955 -0.44921075981787073 0.48534314575260584 0.9511998038485272 0.4180211774789875 -0.32337265034439877 -0.6642433757804387 -0.8048525500228054 -0.9210326556089221 -0.9667661446049243 -1.0684592443600094 -1.1454392165209821 -1.4113183823610926 -1.4201242094348574 -1.6504960080420474 -1.7814471783970598 -1.983413083217913 -2.2453154239279374 -2.406376841696466 -2.2822430858501748 -2.093912010046763 -1.3340543512622576 -0.4727876516605303 -0.5080109599555875 -0.6378258945591462 -1.6845830805856514 -2.9452366468232722 -3.803662757046366 -4.609537963764737 -5.46285101310629 -5.4940974962712605 -5.62902549175636 -6.398541154428219 -7.3183239952298 -8.833210310855135 -10.248960057166155 -11.398546578699198 -12.15045058722353 -12.531373622898304 -12.313500417557101 -11.947348446651223
-2.151291915495163 -1.7482122826670459 -0.6122605901514424 0.2274176301726687 0.7205439463034731 0.6944105240200438 -0.04698330380334337 -0.46085717627026845 -0.5685155137204845 -0.701171037702677 -0.7031594502677203 -0.8292816186790546 -0.9943198615776705 -1.2599149684799187 -1.5488029082869623 -1.7814471783970598 -2.0995931888040302 -2.3515534666888365 -2.4188754349624544 -2.253837192063838 -2.0018769141790322 -1.6201017016906674 -0.8897861724439515 -1.0380649380086293 -1.0889114878861719 -1.9942073228567212 -3.3429191598319856 -4.619195967652091 -4.927683974171708 -5.305766420467848 -5.357465147158981 -5.404334871906437 -6.098574916044504 -6.8732036395979055 -8.035288754396937 -9.500180696958319 -10.653459984683588 -11.5792080631803 -12.17402747906619 -12.133975168827455 -11.912125138356165 -11.457062719899053
-1.3956951407786082 -0.8397917993799995 -0.5352806179904706 0.20213638470282902 0.6591872157249856 0.6336219113172827 0.19134214506402092 -0.2509376211892409 -0.33303065423175315 -0.4463701704392369 -0.4259179269130744 -0.5264747909167058 -0.6886724444366887 -0.9727313823000552 -1.261903381044962 -1.6220901142557107 -1.9609724271267073 -2.15441656381166 -2.116352666137969 -1.8351343176532358 -1.6865714931506952 -1.4530750462270081 -1.8888214569094122 -2.0371002224740895 -2.536191776300025 -3.490345748583073 -4.478586793409725 -5.129081761116835 -5.063464146470397 -5.094710629635367 -5.212879147786528 -5.751170835037607 -6.446263055989266 -7.506939129971077 -8.753105690377666 -9.90439656553789 -10.944336337055674 -11.732599889626517 -11.933713617633781 -11.843950993268958 -11.422975647355447 -10.967913228898334
-0.5861271678680131 0.24020028237652014 0.007840071204286758 -0.21088531095050556 0.2177596262853143 0.5438592869524594 0.24985828626387452 0.01465748571300729 -0.09271679279934553 -0.13078069047303664 -0.10947627013328365 -0.17395764902826816 -0.34467707068415177 -0.6347012462426491 -0.9960242152048506 -1.3849009011398001 -1.820363252884341 -1.9550071894315768 -1.990230497726634 -1.952166600052943 -1.990230497726634 -2.387628951797484 -2.9367148786873716 -3.459951442231693 -4.028353376896289 -4.45614613731852 -5.011765419779264 -4.929672386736751 -4.974553698919163 -5.122264346608114 -5.432740765692773 -6.0108007042447245 -6.8507629835067 -7.93757247977194 -9.094828592627294 -10.13391618733149 -11.145450065062938 -11.60448930865014 -11.612442958910314 -11.23918951455785 -10.834121469164689 -10.716805127827119
-0.3878540292393833 0.08112727717303514 -0.05181230574702056 -0.3779119664141657 -0.2733782772804467 0.111237524586552 0.3768326314887993 0.2762757674851679 0.13566659324280117 0.18850155568538796 0.1268607661690373 0.047892381443021215 -0.11146468269832788 -0.399500445691781 -0.7579828252753495 -1.2383264892023025 -1.7394064555932816 -2.1904920489203077 -2.3791071836615827 -2.560620844956274 -2.8662682620972566 -3.2559971248457953 -3.660212993425366 -4.150498720177537 -4.547897174248387 -4.811503868585591 -5.031365486491836 -5.170838424982749 -5.398369634211306 -5.623060254061229 -5.936661321462386 -6.471828360396969 -7.307813814528856 -8.262819963625494 -9.339971456003381 -10.201238155605107 -10.930701508038233 -11.0224525449681 -10.900591260624717 -10.581024955528429 -10.549778472363458 -10.520520401763532
-0.9150674179137912 -0.5244863783516625 -0.25406226950573796 -0.1339053387895337 -0.04499489123830003 0.22656545335907907 0.5137490395389426 0.5137490395389426 0.3827978691839302 0.2490061094502849 0.12288394103894973 0.041927143747890305 -0.16515182195450429 -0.4992051328818228 -0.9892068006961301 -1.5675507981859447 -2.1027178371205273 -2.5890267387426107 -2.8847320930583753 -3.1923679227644013 -3.5187516423694096 -3.880926788145202 -4.189414794664818 -4.454157724753475 -4.742193487746929 -5.042159726130644 -5.31258383497657 -5.594654360274893 -5.794915911468566 -6.162204118125899 -6.426947048214556 -6.77065836302923 -7.340764651321007 -8.22361983020035 -9.218678289535724 -9.923996632250462 -10.046994152345299 -10.186467090836214 -10.181638088892536 -10.271684772195222 -10.523360991142166 -10.631871505405972
-1.4062053214795522 -0.8954673512012192 -0.5841387553029698 -0.018577410017006635 0.44813142489250435 0.7529266652198965 0.773378908746059 0.5049432124651778 0.32712231736271047 0.08112727717303514 -0.06658337051591534 -0.23162161341453125 -0.5497676238215021 -0.9014325888963501 -1.3721182489359487 -1.9297259439617371 -2.4112058436401433 -2.83701019149733 -3.2724725432418706 -3.7479872052251464 -4.086869518096143 -4.375189340027459 -4.651294627630652 -4.868315656158265 -5.093858452821777 -5.373088388741467 -5.633854493700037 -5.981542633644798 -6.333207598719645 -6.582043228287954 -6.618118713396602 -6.862409399959097 -7.2609440897814 -7.899508582098249 -8.690612724047725 -9.242255181378383 -8.955071595198518 -9.38968177012947 -9.714929253983025 -10.21402080780896 -10.596648197110914 -10.721634129770795
-1.3613240092971406 -1.086070898507538 -0.7880930726888664 -0.3566075460744127 0.16208407446409456 0.6211233180512945 0.8603009437322493 0.5907290116999144 0.32030490285398994 0.10157952069919762 -0.21202154670195927 -0.5392574431205572 -0.9022847657099398 -1.3993879069708317 -1.8652445650667526 -2.2393501862328065 -2.634760227738613 -3.070506638421017 -3.5704503690605423 -4.115275411882479 -4.6211843802171355 -4.89075631224947 -5.0910178634431436 -5.275372114116468 -5.424787115432599 -5.643512497587391 -5.975577395949667 -6.336048188098279 -6.601643295000527 -6.673794265217822 -6.840820920681482 -7.490179652637138 -7.997224856723246 -8.241231484347878 -8.671864834148742 -8.79486235424358 -8.217938651443083 -8.703111317313713 -9.378887530490662 -9.96774170868142 -10.415986712629813 -10.559720535188678
-0.8136583770965693 -1.2334974872586253 -0.9335312488749103 -0.8778556970536906 -0.5009094865090029 0.022327077035318332 0.38365004599752073 0.6367465596337798 0.5009663873350911 0.21094221177659378 -0.2353143796067556 -0.6963420357589989 -1.1954335895849342 -1.6797540786419742 -2.1143642535729255 -2.4864814621739355 -2.856610258209902 -3.258837714224429 -3.8272396488890257 -4.392516935237126 -4.879962072610662 -5.261737285099027 -5.46285101310629 -5.609425425043788 -5.7548636012298315 -5.952284563044871 -6.273555221768339 -6.593689644740353 -6.876896405790129 -6.957001026267599 -7.0595463028362735 -7.720835510182191 -8.327301342520478 -8.52727883477629 -7.896667992719616 -7.886725929894397 -7.808609721981972 -8.455127864558994 -9.140562081623298 -9.70527125009567 -10.147551016348931 -10.313441436061137
