static/data/ASCData/20210108/ASCV/15.asc
ncols 97
nrows 97
xllcorner 99.0
yllcorner 2.0
cellsize 0.25
NODATA_value -32767
[rows 19 to 37 of 97, columns 42 to 83 of 97]
-7.812718774195005 -6.16627810630154 -4.098934426042167 -3.845162888706015 -4.090270419811527 -4.498317164867453 -5.447724557302371 -7.000258577018583 -8.443793808671911 -9.1176299061581 -9.065645868774263 -9.46502860759955 -9.62042175160715 -9.677995470430108 -9.671287852703163 -9.596945089562837 -9.387891003739663 -9.130206689396125 -9.110642804359198 -8.992421041921762 -8.859666107742608 -8.784484892386413 -8.849045713008277 -8.837307381986118 -8.750387835607768 -8.658437575934206 -8.757095453334713 -9.02484119426867 -9.359663112472095 -9.726905183022428 -10.154515813115282 -10.432043496567704 -10.56954965997011 -10.62935925136872 -10.60280826453289 -10.563680494459033 -10.328354905871986 -10.239478970989943 -9.965025612329038 -9.357706723968402 -8.327528434738166 -7.306014151738571
-7.8001419909569805 -6.0354795606260785 -4.061763044472004 -4.040242770931383 -5.332297635584497 -6.207362264879088 -7.067614238360006 -7.819705875993909 -8.781690051666853 -9.121542683165487 -9.201475127744935 -9.472015709398454 -9.686938960732704 -9.739481966260454 -9.624334528614535 -9.427018773813518 -9.332273673420396 -9.28168705639634 -9.228864566796634 -9.176042077196929 -9.071515034285342 -9.032666748283443 -9.07738419979642 -8.996333818929148 -8.865535273253686 -8.883142769786922 -8.999408143720665 -9.23277734380402 -9.577381204525908 -9.824445124135114 -10.080452534046913 -10.17407969815221 -10.305996180115496 -10.406610446019698 -10.43595627357509 -10.389002949486462 -10.37335184145692 -10.378382554752129 -10.191687194685446 -9.56284803278419 -8.691696180496983 -7.912494587883339
-7.628259286703971 -5.9172577981886425 -3.8236426151653946 -4.045273484226593 -6.013120834869589 -6.9552616414336494 -7.762970609386818 -8.453575751190375 -8.802930841135517 -9.089122530818578 -9.343173552226684 -9.495492371442767 -9.47005932089476 -9.58436830632481 -9.675200629710549 -9.605888579865432 -9.553066090265727 -9.506112766177099 -9.425062385309825 -9.296220228138058 -9.306002170656521 -9.304045782152828 -9.327522444197143 -9.239484961530966 -9.111760740647023 -9.158434580663693 -9.284481897115901 -9.51114347947231 -9.694764514747476 -9.800968462090799 -9.926177326327139 -10.028747980735032 -10.157590137906801 -10.360775058218895 -10.49632483311761 -10.542439704990368 -10.591069933510733 -10.598895487525503 -10.397666955717103 -9.74059990254828 -8.930096093875548 -8.445750197175602
-7.164315727256822 -5.738667476208686 -3.9348772758039274 -4.207374245961139 -6.687795384571648 -7.6623563434826165 -8.308803001917108 -8.658437575934206 -8.948542042624652 -9.094153244113787 -9.408572825064415 -9.636072859636691 -9.62042175160715 -9.675200629710549 -9.758207399081513 -9.828357901142498 -9.736687125540893 -9.666257139407952 -9.62824730562192 -9.528750976005544 -9.539371370739877 -9.579337593029601 -9.493535982939074 -9.375314220501638 -9.272743566093745 -9.32556605569345 -9.459438926160427 -9.596945089562837 -9.742556291051972 -9.807955563889703 -9.909408282009771 -10.038529923253495 -10.199512748700217 -10.428969171776187 -10.762114185547874 -10.881174400201179 -10.867479680675329 -10.772734580282206 -10.42226155404924 -9.743394743267839 -9.1176299061581 -9.020928417261285
-6.266053919989872 -5.81384869156488 -4.651753920371359 -5.181935204872107 -7.039386347092439 -7.947709580949809 -8.642786467904664 -8.993538978209585 -9.177998465700622 -9.324448119405625 -9.567599262007445 -9.771902118607363 -9.881180390742204 -9.887888008469151 -9.935959268845602 -9.965025612329038 -9.872516384511563 -9.779727672622133 -9.74059990254828 -9.74059990254828 -9.742556291051972 -9.785596838133213 -9.59806302585066 -9.468941384606936 -9.440713493339368 -9.493535982939074 -9.555860930985286 -9.694764514747476 -9.852952499474636 -9.983751045150097 -10.17212330964852 -10.363569898938456 -10.548308870501447 -10.748419466022025 -11.08240293200958 -11.151714981854695 -11.136902326041023 -10.764070574051566 -10.326398517368293 -9.71600530421614 -9.396834494042258 -9.401585723265512
-5.0550494362040315 -4.6799818116389265 -4.806867580307003 -5.523744224874434 -6.288412645746361 -6.838157815284037 -7.758219380163563 -9.271905113877876 -9.457482537656736 -9.559773707992672 -9.809911952393396 -9.902700664282825 -10.013935324921357 -10.006109770906587 -9.991576599164869 -10.033499209958286 -10.005271318690717 -9.912482606801287 -9.87726761373482 -9.908569829793903 -9.873354836727433 -9.859660117201582 -9.722992406015043 -9.670169916415338 -9.660387973896874 -9.7073412979855 -9.769945730103672 -9.875311225231126 -10.042442700260882 -10.300965466820287 -10.555016488228393 -10.8205263565867 -11.104761657766069 -11.277762298306904 -11.363563908397431 -11.432875958242548 -11.162335376589029 -10.737519587215736 -10.269942734833158 -9.814663181616648 -9.657593133177313 -9.714048915712448
-3.249302847295581 -3.3205712856443896 -3.47875927037155 -4.189766749427903 -4.37338778470307 -5.086351652263116 -7.8781180470327365 -9.544402084035086 -9.72970002374199 -9.72103601751135 -9.896831498771746 -10.08129098626278 -10.12237514484033 -10.019804490432435 -10.0295864329509 -9.949653988371452 -9.935959268845602 -9.9633487078973 -9.957479542386222 -10.021760878936128 -9.952448829091011 -9.872516384511563 -9.889005944756974 -9.918351772312366 -10.037411986965672 -10.083247374766474 -10.13886470508574 -10.24534813650102 -10.360775058218895 -10.567593271466418 -10.811862350356062 -11.184973586417474 -11.510013562102435 -11.70732931690345 -11.737513596674711 -11.52762105863567 -11.205375923670271 -10.827513458385605 -10.392915726493847 -10.04328115247675 -9.899626339491308 -9.978720331854888
-2.457244987371954 -2.626332850905403 -3.15371929468659 -3.9172697792706925 -4.423135949511258 -5.990482625041144 -8.786441280890106 -9.82165028341555 -9.930928555550391 -9.927015778543005 -10.031542821454593 -10.068714203024756 -10.098060030580147 -9.938754109565163 -9.975925491135326 -9.902700664282825 -9.928972167046698 -9.989620210661176 -10.027630044447207 -10.039368375469364 -10.113711138609691 -10.074583368535833 -10.076539757039527 -10.224945799248223 -10.428130719560318 -10.57541882548119 -10.628241315080896 -10.666251148866927 -10.71711724996294 -10.78754723609588 -11.040480321216164 -11.414430009493444 -11.697547374384987 -11.8764171804369 -11.770772201237488 -11.497436778864408 -11.190842751928553 -10.883130788704872 -10.659543531139981 -10.374469777744745 -10.222989410744532 -10.102811259803403
-1.7814525013820712 -2.407496822563766 -3.57657869555619 -4.3381727916366 -5.9387780717292635 -8.57543080656324 -10.185818029174367 -10.203425525707603 -9.833388614437709 -9.862734441993101 -9.947697599867759 -9.918351772312366 -10.075421820751703 -9.962230771609477 -9.902700664282825 -9.862734441993101 -9.882018842958072 -9.932046491838216 -10.032660757742416 -10.256248015307309 -10.535452603191466 -10.58128799099227 -10.50415038713238 -10.542439704990368 -10.677151027673215 -10.899620348950283 -11.141933039336234 -11.26294964249323 -11.204537471454401 -11.158422599581645 -11.268818808004308 -11.583238388954936 -11.908557848711853 -11.943772841778323 -11.736675144458843 -11.476754957539658 -11.279718686810597 -11.11845637729192 -10.896825508230721 -10.623490085857641 -10.387885013198638 -10.155633749403108
-2.3401411612223426 -2.9016246617821753 -3.3549478264949917 -4.719109581712782 -9.02484119426867 -10.809905961852369 -10.389002949486462 -10.094147253572762 -9.95049244058732 -9.904657052786517 -9.930090103334525 -9.93400288034191 -9.903539116498692 -9.816619570120341 -9.804042786882317 -9.882018842958072 -10.028747980735032 -10.239478970989943 -10.391797790206024 -10.534614150975598 -10.757083472252663 -10.864684839955768 -10.907445902965053 -10.876423170977926 -10.979832277601687 -11.129356256098209 -11.278600750522774 -11.420299175004523 -11.515044275397646 -11.539359389657825 -11.617614929805537 -11.890950352178617 -12.120406775254587 -11.997433783593896 -11.780554143755953 -11.607832987287075 -11.477872893827481 -11.338130857849425 -11.075415830210677 -10.808788025564546 -10.51001955264346 -10.250378849796231
-2.781446510841046 -3.038292372968715 -3.804917182344335 -6.165439654085671 -10.644730875326307 -11.19671191743963 -10.625446474361334 -10.167372080425263 -10.038529923253495 -9.881180390742204 -9.953566765378838 -9.900744275779132 -9.890962333260667 -9.798173621371237 -9.810750404609262 -9.930090103334525 -10.234727741766687 -10.515050265938669 -10.719912090682502 -10.816613579579316 -10.994365449343405 -11.150597045566872 -11.286426304537542 -11.154509822574258 -11.204537471454401 -11.236678139729356 -11.339248794137248 -11.44573222555253 -11.54914133217629 -11.72968804265994 -11.918339791230316 -12.133263042564568 -12.196705926898606 -12.137175819571954 -11.982621127780224 -11.809899971311346 -11.613702152798153 -11.395704576672383 -11.114543600284534 -10.986539895328633 -10.821644292874527 -10.676033091385392
-2.9622727053966518 -4.983780997855223 -7.416410360161237 -9.984589497365967 -11.752326252488384 -11.745339150689482 -10.856859285940997 -10.269942734833158 -10.006109770906587 -9.904657052786517 -10.063683489729545 -9.98067672035858 -10.087160151773858 -9.94182843435668 -9.955523153882531 -10.125449469631846 -10.421143617761416 -10.742550300510946 -10.943778832319348 -10.978714341313863 -11.104761657766069 -11.207332312173964 -11.4535577795673 -11.428124729019293 -11.39961735367977 -11.39961735367977 -11.397660965176076 -11.506100785095049 -11.613702152798153 -11.84986619360107 -12.134101494780436 -12.355732363841636 -12.393742197627667 -12.30207142202606 -12.132145106276743 -11.947685618785709 -11.760990258719024 -11.436788735249934 -11.209288700677657 -11.249254922967381 -11.322479749819882 -11.329466851618786
-5.1936735358942645 -7.4876787985100455 -10.354905892707816 -12.129350265557182 -12.412467630448726 -11.61174576429446 -10.741432364223122 -10.230814964759302 -9.968099937120556 -10.027630044447207 -10.151720972395722 -10.25904285602687 -10.379221006967999 -10.316616574849828 -10.407448898235565 -10.521757883665616 -10.59693909902181 -10.915271456979823 -10.988496283832326 -11.043275161935725 -11.245342145959995 -11.36076906767787 -11.48653690005812 -11.548302879960422 -11.545228555168904 -11.513087886893953 -11.513087886893953 -11.717111259421916 -11.84399702808999 -12.148634666522154 -12.376414185166386 -12.60279628345084 -12.508051183057717 -12.40352414014613 -12.248410480210488 -12.063671508647495 -11.850984129888893 -11.539359389657825 -11.594138267761224 -11.711242093910837 -11.932034510756166 -12.120406775254587
-7.296232209220108 -9.316622565390855 -11.51895705240503 -12.200618703905992 -11.96333672681525 -11.324436138323575 -10.786429299808056 -10.276650352560104 -10.157590137906801 -10.216002308945628 -10.336180459886757 -10.515888718154539 -10.505268323420205 -10.676033091385392 -10.807949573348676 -10.884248724992695 -10.95942994034889 -10.910520227756571 -10.982627118321247 -11.147802204847311 -11.382289341218492 -11.559761726910622 -11.545228555168904 -11.604758662495557 -11.618453382021407 -11.587151165962322 -11.671275871621113 -11.8764171804369 -12.118450386750894 -12.477866903286456 -12.635216435797748 -12.82051437550465 -12.64583683053208 -12.500225629042944 -12.343994032819477 -12.248410480210488 -12.03544361737993 -11.988490293291301 -12.168198551559083 -12.332255701797322 -12.658413613770106 -12.809893980770319
-8.636917302393584 -10.590231481294865 -11.436788735249934 -11.748413475481 -11.497436778864408 -11.096936103751299 -10.625446474361334 -10.571506048473804 -10.4524458338205 -10.409405286739258 -10.522875819953441 -10.59693909902181 -10.521757883665616 -10.786429299808056 -10.912476616260264 -11.00610378036556 -11.171278866891624 -11.12348709058713 -11.078490155002195 -11.26294964249323 -11.425050404227775 -11.639973655562027 -11.662332381318517 -11.683852654859137 -11.68301420264327 -11.654506827303745 -11.738631532962536 -11.946567682497884 -12.20145715612186 -12.657575161554238 -12.808776044482496 -12.936779749438395 -12.664282779281184 -12.549135341635266 -12.544384112412011 -12.448521075731065 -12.506094794554024 -12.515876737072489 -12.876411189895874 -13.07736023763232 -13.408548862900314 -13.365508315819074
-9.717961692719832 -10.636066869095668 -11.233603814937837 -11.402691678471287 -11.059764722181136 -10.754288631533104 -10.831426235392989 -10.793416401606958 -10.766865414771129 -10.729694033200964 -10.698671301213835 -10.661499919643674 -10.705378918940783 -10.777765293577417 -10.827513458385605 -11.01700365917185 -11.20258108295071 -11.300121024063394 -11.26798035578844 -11.260993253989536 -11.356856290670484 -11.578487159731683 -11.702578087680198 -11.698665310672812 -11.739469985178403 -11.718229195709739 -11.780554143755953 -11.957467561304172 -12.257074486441127 -12.713192491873503 -12.878367578399567 -12.946561691956859 -12.68189027581442 -12.605870608242356 -12.61844739148038 -12.751202325659536 -12.859642145578508 -13.200612713364967 -13.643035999271493 -13.872492422347465 -14.172099347484417 -14.011954974253564
-10.360775058218895 -10.91135867997244 -10.890956342719644 -10.867479680675329 -10.806831637060853 -10.859654126660558 -10.94573522082304 -11.028741990194007 -11.049144327446804 -11.02482921318662 -10.960268392564759 -10.950486450046295 -10.988496283832326 -10.850990120429918 -10.861610515164251 -10.985701443112765 -11.10196681704651 -11.273849521299518 -11.36076906767787 -11.264067578781054 -11.264067578781054 -11.41247362098975 -11.547184943672598 -11.591063942969708 -11.708447253191276 -11.87725563265277 -11.96417517903112 -12.121524711542412 -12.412467630448726 -12.715148880377196 -13.000222633772433 -13.076521785416453 -12.884236743910645 -12.773840535487981 -12.825545088799862 -13.042424728637807 -13.452427862197425 -13.954381255430606 -14.371371490789127 -14.442639929137936 -14.795348827946551 -14.721006064806225
-10.5530600997247 -10.86664122845946 -10.993526997127535 -10.877261623193792 -10.715160861459246 -10.790342076815442 -10.847077343422534 -11.015885722884025 -11.122369154299305 -11.116499988788227 -11.138020262328848 -11.106718046269762 -11.035449607920953 -11.053895556670057 -11.035449607920953 -11.020916436179235 -11.056969881461574 -11.155627758862082 -11.248416470751511 -11.287544240825369 -11.353781965878966 -11.264906030996922 -11.309902966581857 -11.401573742183462 -11.640812107777895 -11.949642007289402 -12.210400646424455 -12.409393305657208 -12.627390881782977 -12.8889879731339 -13.262099209195313 -13.198656324861274 -13.190830770846503 -13.229679056848402 -13.34706236706997 -13.64778722849475 -14.088254125897583 -14.489593253226563 -14.76097228709595 -14.750351892361618 -14.898757934570314 -14.724918841813611
-10.966137558075836 -10.855741349653172 -10.675194639169522 -10.672120314378006 -10.665412696651059 -10.783634459088494 -10.852946508933611 -10.943778832319348 -10.964181169572145 -10.95942994034889 -11.00610378036556 -10.936791730520445 -10.930922565009368 -11.021754888395105 -10.987657831616458 -11.104761657766069 -11.19671191743963 -11.145845816343618 -11.085197772729142 -11.200624694447017 -11.440701512257318 -11.586312713746453 -11.472003728316402 -11.475916505323788 -11.752326252488384 -12.123481100046103 -12.508051183057717 -12.82051437550465 -13.086303727934915 -13.278588769440722 -13.356844309588434 -13.29815265447765 -13.473948135738045 -13.643035999271493 -13.863548932044868 -14.185794067010267 -14.50133158424872 -14.628217352916796 -14.672096352213906 -14.594958748354017 -14.49630087095351 -14.168186570477033
