static/data/salinity/2023/7/16/12.asc
ncols 137
nrows 93
xllcorner 108.0
yllcorner 17.0
cellsize 0.25
NODATA_value -32767
[rows 0 to 26 of 93, columns 62 to 123 of 137]
-32767.0 -32767.0 -32767.0 -32767.0 -32767.0 -32767.0 -32767.0 -32767.0 -32767.0 -32767.0 -32767.0 -32767.0 -32767.0 -32767.0 -32767.0 -32767.0 -32767.0 -32767.0 32.42204 32.29851 32.356228 33.09751 33.402462 33.385307 33.28344 33.39417 33.488056 33.70238 33.844185 33.87934 33.807632 33.663467 33.77642 33.753002 33.727886 33.81557 33.87527 33.87567 33.619766 33.388527 33.495617 33.50067 33.553844 33.74202 33.804222 33.841698 33.6795 33.57083 33.549526 33.54032 33.585014 33.586407 33.56023 33.57891 33.7622 33.759216 33.679535 33.73319 33.822124 33.755722 33.579327 33.601055
29.935955 29.879395 29.705673 29.489567 29.190485 28.83167 -32767.0 -32767.0 -32767.0 -32767.0 -32767.0 -32767.0 -32767.0 -32767.0 -32767.0 -32767.0 -32767.0 32.597183 32.594803 32.57714 33.04929 33.181137 33.282566 33.32139 33.30578 33.43784 33.43068 33.507256 33.61703 33.643772 33.66604 33.69179 33.760143 33.594418 33.75263 33.83825 33.61679 33.704006 33.64423 33.535362 33.61893 33.789898 33.82811 33.797794 33.823544 33.793793 33.884884 34.06531 34.122353 34.084007 33.987274 33.92037 33.860634 33.837883 33.78294 33.66239 33.753784 33.82517 33.875244 33.757797 33.75782 33.77462
29.868685 29.734344 29.501776 29.329432 29.07237 28.704082 28.281898 27.849657 -32767.0 -32767.0 -32767.0 -32767.0 -32767.0 -32767.0 -32767.0 -32767.0 -32767.0 32.41656 32.68045 32.917458 32.961376 33.246883 33.25498 33.288227 33.354713 33.38025 33.38049 33.352962 33.273056 33.30412 33.541687 33.665466 33.869415 33.714878 33.63501 33.782272 33.98746 33.639122 33.617886 33.580677 33.705544 33.86869 33.80094 33.799103 33.85668 34.112305 34.13977 34.194916 34.13122 34.139442 34.09198 34.007652 33.786953 33.91858 33.701508 33.63056 33.62507 33.625385 33.633156 33.647755 33.73896 33.78469
29.966368 29.92448 29.877457 29.624878 29.28784 29.148722 28.906363 28.270227 -32767.0 -32767.0 -32767.0 -32767.0 -32767.0 -32767.0 -32767.0 -32767.0 31.837423 32.551914 32.851273 32.752113 33.01354 33.26849 33.307655 33.406067 33.202614 33.339104 33.44333 33.21832 32.979965 33.129215 33.49004 33.649044 34.020603 34.009766 33.92522 33.88515 33.663284 33.642567 33.86121 33.839756 33.788754 33.781075 33.810303 33.87107 34.119576 34.13087 34.106567 34.18641 34.234604 34.15499 34.033524 33.800148 33.70012 33.920635 33.750126 33.583565 33.571644 33.601345 33.701565 33.798878 33.819126 33.81798
30.317476 30.223547 30.186882 29.903341 28.647491 28.319387 28.884058 -32767.0 -32767.0 -32767.0 -32767.0 -32767.0 -32767.0 -32767.0 -32767.0 -32767.0 -32767.0 -32767.0 32.284424 32.874664 33.15952 33.362297 33.430042 33.388123 33.142532 33.301884 32.999916 32.723198 32.54472 32.6741 33.06667 33.42509 33.546165 33.570614 33.56327 33.595882 33.68127 33.859123 34.132416 34.095688 33.873928 33.83373 33.837135 33.911118 34.159714 34.18109 34.147396 34.09596 34.21211 33.9814 33.942535 33.962273 33.977615 34.03612 33.993744 33.723114 33.69549 33.761776 33.80167 33.843334 33.868183 33.847443
30.177784 29.996174 30.045454 29.982552 29.901287 27.896801 28.539042 -32767.0 -32767.0 -32767.0 -32767.0 -32767.0 -32767.0 -32767.0 -32767.0 -32767.0 -32767.0 -32767.0 -32767.0 32.50186 33.000088 33.426914 33.524204 33.24342 33.033043 32.83874 32.78873 33.036625 32.95282 32.773033 32.535603 32.53965 32.875813 33.16626 33.38153 33.65867 33.7283 34.087418 34.242397 34.185295 34.09008 33.970154 33.863247 33.88478 34.081238 34.095413 34.045723 34.068844 34.11225 34.249783 33.958466 33.934303 34.01788 34.05033 33.99602 34.041008 33.974266 33.838192 33.74098 33.919968 34.012737 33.885647
29.55777 29.710056 29.781258 29.790497 29.761986 27.729923 28.520626 -32767.0 -32767.0 -32767.0 -32767.0 -32767.0 -32767.0 -32767.0 -32767.0 -32767.0 -32767.0 -32767.0 -32767.0 -32767.0 32.83954 33.023865 33.37878 33.228992 33.003956 32.726437 32.869453 33.44879 33.37126 33.44545 33.47544 33.149517 33.035957 33.497807 33.657837 33.80263 33.97644 34.168186 34.22209 34.099613 33.94203 33.92675 34.001953 34.027435 34.039043 34.029175 34.02255 34.111237 34.166367 34.212345 34.163662 33.944653 33.99322 33.96409 33.959675 34.041348 34.09842 33.908085 33.801094 33.99275 34.000835 33.945343
29.45091 29.689589 29.759222 29.598495 27.872381 26.961327 -32767.0 -32767.0 -32767.0 -32767.0 -32767.0 -32767.0 -32767.0 -32767.0 -32767.0 -32767.0 -32767.0 -32767.0 -32767.0 -32767.0 -32767.0 32.62708 33.07948 33.076538 32.84995 32.842903 32.62554 33.458 33.41246 33.588047 33.517 33.386208 33.754856 33.982006 33.904488 33.974934 33.993877 34.107414 34.11431 34.03525 34.07801 34.04004 33.986847 33.97967 33.98097 34.00744 34.082745 34.21884 34.240906 34.28588 34.13581 33.98651 33.996647 34.00913 34.046528 34.167908 34.13723 34.094013 33.845844 34.038532 -32767.0 33.888737
29.260805 29.374756 29.560703 28.769678 28.601336 -32767.0 24.29319 -32767.0 -32767.0 -32767.0 -32767.0 -32767.0 -32767.0 -32767.0 -32767.0 -32767.0 -32767.0 -32767.0 -32767.0 -32767.0 -32767.0 32.55924 32.628113 32.678707 32.87677 33.305573 32.401093 33.446693 33.393322 33.649834 33.898697 33.89112 33.874607 33.88962 33.979893 34.162056 34.104652 34.015427 34.12365 34.07981 34.04209 34.05875 34.06063 34.063732 34.037907 34.066425 34.10762 34.280342 34.21381 34.09214 34.136395 34.174095 34.202274 34.18334 34.148438 34.151722 34.16027 34.16043 33.9332 -32767.0 -32767.0 33.93819
29.04199 29.15002 29.272614 29.0674 28.71601 27.837803 25.02793 22.38228 20.756317 21.973999 21.088823 16.899675 -32767.0 -32767.0 -32767.0 -32767.0 -32767.0 -32767.0 -32767.0 -32767.0 -32767.0 -32767.0 32.83699 32.700916 33.147816 33.44872 32.27822 33.184658 33.45295 33.51666 33.807148 33.818535 33.923573 33.841373 33.785057 33.885242 33.842007 33.826065 33.877495 33.89951 33.90828 33.89485 33.858337 33.982212 34.054367 34.14381 34.134693 34.234436 34.251297 34.225296 34.18619 34.13626 34.099327 34.048588 34.05146 34.084324 34.08481 34.15421 34.081764 34.079937 33.888268 32.985123
28.963192 29.166454 29.211075 29.371305 29.392908 29.614206 29.545788 29.15134 28.053476 27.749516 26.29595 24.053686 -32767.0 -32767.0 -32767.0 -32767.0 -32767.0 -32767.0 -32767.0 -32767.0 -32767.0 -32767.0 -32767.0 32.44876 33.497246 33.467293 33.05815 32.47894 33.585133 33.50581 33.53092 33.77078 33.863712 33.797516 33.810814 33.877716 33.837418 33.58752 33.63856 33.641167 33.723045 33.7488 34.340908 34.312996 34.30362 34.287834 34.278988 34.292343 34.201855 34.065956 33.964138 33.89898 33.883595 33.74728 33.63211 -32767.0 33.746983 34.01254 34.005653 33.996834 33.41489 -32767.0
28.67268 29.241848 29.600008 30.007965 30.360695 30.268902 30.026705 29.69161 29.193419 28.760155 28.768429 24.939762 19.78857 16.86631 -32767.0 -32767.0 -32767.0 -32767.0 -32767.0 -32767.0 -32767.0 -32767.0 -32767.0 -32767.0 33.126724 33.66408 33.468845 32.71943 33.182835 33.64132 33.55307 33.642807 33.760117 33.69602 33.849926 33.888332 33.50581 33.808086 33.806152 33.63941 33.714363 34.23614 34.36113 34.35276 34.323753 34.281982 34.186447 34.01693 33.892204 33.883175 33.991028 33.9878 33.77128 -32767.0 -32767.0 33.739765 33.811928 33.82213 33.831024 32.86809 -32767.0 -32767.0
28.839413 29.296003 29.493198 29.912092 30.129171 30.187 30.281218 30.16123 29.647522 29.310822 29.197538 28.571974 -32767.0 17.217825 -32767.0 -32767.0 -32767.0 -32767.0 -32767.0 -32767.0 -32767.0 -32767.0 -32767.0 -32767.0 33.055454 33.962223 33.824486 32.73229 32.61706 33.59383 33.684387 33.691525 33.706696 33.58767 33.622406 33.587536 33.508812 33.7443 33.6918 33.636612 33.70273 34.167366 34.191082 34.126972 34.114216 34.16348 34.2329 34.025246 33.96132 34.006096 33.988945 33.923187 33.719704 -32767.0 33.756905 33.693504 33.601505 -32767.0 -32767.0 -32767.0 -32767.0 -32767.0
29.176743 29.565218 29.648878 29.804632 30.01721 30.293184 30.285782 30.268051 30.214231 29.884205 28.552572 -32767.0 -32767.0 -32767.0 -32767.0 -32767.0 -32767.0 -32767.0 -32767.0 -32767.0 -32767.0 -32767.0 -32767.0 -32767.0 33.040577 33.93812 33.564754 32.934338 32.656555 32.893883 33.098087 33.184425 33.51024 33.6376 33.479702 33.446022 33.391838 33.386177 33.53475 33.51874 33.701912 33.911163 34.10508 34.011772 33.908997 33.968983 34.00975 34.203457 34.06165 33.97073 33.76627 33.647694 33.483482 33.13571 -32767.0 33.634644 -32767.0 -32767.0 -32767.0 -32767.0 -32767.0 -32767.0
29.383286 29.86434 30.377724 30.623835 30.572 30.847069 30.812408 30.72884 30.256649 29.917488 29.473755 26.325 -32767.0 -32767.0 -32767.0 -32767.0 -32767.0 -32767.0 -32767.0 -32767.0 -32767.0 -32767.0 -32767.0 -32767.0 32.93377 33.328312 33.59825 33.136887 32.80111 33.078598 33.233517 33.019436 33.27335 33.529198 33.53594 33.50999 33.491695 33.325253 33.28648 33.425392 33.69248 33.702374 33.72596 33.715218 33.831448 33.900715 33.91126 34.117134 34.087963 34.08173 33.782227 33.098392 33.055664 -32767.0 -32767.0 -32767.0 -32767.0 -32767.0 -32767.0 -32767.0 -32767.0 -32767.0
29.415699 29.864841 30.350014 30.541689 30.697662 30.771515 30.816362 30.803133 30.528368 30.308054 30.181313 27.34183 24.57725 -32767.0 -32767.0 -32767.0 -32767.0 -32767.0 -32767.0 -32767.0 -32767.0 -32767.0 -32767.0 -32767.0 32.397823 33.54237 33.11103 32.708782 32.627754 32.801804 33.034702 33.0056 32.94257 33.089077 33.63189 33.72634 33.42826 33.258152 33.424828 -32767.0 33.69197 33.728752 33.742687 33.839016 33.934616 33.905334 33.89909 34.074093 34.168316 34.110527 33.38354 -32767.0 -32767.0 -32767.0 -32767.0 -32767.0 -32767.0 -32767.0 -32767.0 -32767.0 -32767.0 -32767.0
29.46646 29.752342 29.908478 30.175756 30.538616 31.114504 31.248913 31.038082 30.765394 30.563068 30.433998 29.379847 24.962286 -32767.0 -32767.0 -32767.0 -32767.0 -32767.0 -32767.0 -32767.0 -32767.0 -32767.0 -32767.0 -32767.0 -32767.0 33.204826 32.491604 32.158966 32.35272 33.586826 33.682358 33.448174 33.429688 33.851463 33.74858 33.76895 34.04659 33.65047 33.52094 33.722927 33.73775 33.72227 33.558365 33.622284 33.787422 33.646618 33.757725 33.773933 33.607605 33.31966 32.917263 -32767.0 -32767.0 -32767.0 -32767.0 -32767.0 -32767.0 -32767.0 -32767.0 -32767.0 -32767.0 -32767.0
29.399315 29.514673 29.761688 30.153069 30.499582 30.969093 31.307638 31.303614 30.922993 30.766174 30.258638 29.456688 23.744379 24.512903 -32767.0 -32767.0 -32767.0 -32767.0 -32767.0 -32767.0 -32767.0 -32767.0 -32767.0 -32767.0 34.133553 32.76073 32.195602 32.13488 32.24368 33.858086 33.577698 33.384212 33.38419 33.17185 33.2301 33.3494 33.91733 33.33404 32.7895 32.6795 32.67571 32.789757 32.970444 32.929256 33.015297 32.949203 32.95097 -32767.0 33.044662 32.29373 31.798576 -32767.0 -32767.0 -32767.0 -32767.0 -32767.0 -32767.0 -32767.0 -32767.0 -32767.0 -32767.0 -32767.0
30.156792 30.26623 30.515116 30.839754 30.84675 31.018702 31.269135 31.510794 31.61518 31.406107 29.899866 27.043781 23.145964 -32767.0 -32767.0 -32767.0 -32767.0 -32767.0 -32767.0 -32767.0 -32767.0 -32767.0 -32767.0 -32767.0 33.718117 32.2411 32.13297 32.176086 32.06214 32.315697 32.580696 32.656586 32.809948 32.824978 32.93939 33.092747 32.742805 32.72883 -32767.0 -32767.0 32.888393 32.789494 -32767.0 -32767.0 -32767.0 -32767.0 -32767.0 -32767.0 -32767.0 -32767.0 -32767.0 -32767.0 -32767.0 -32767.0 -32767.0 -32767.0 -32767.0 -32767.0 -32767.0 -32767.0 -32767.0 -32767.0
30.191984 30.5025 31.032656 31.142975 31.191174 31.418219 31.468393 31.577187 31.591888 31.212093 29.60833 26.06028 -32767.0 -32767.0 -32767.0 -32767.0 -32767.0 -32767.0 -32767.0 -32767.0 -32767.0 -32767.0 -32767.0 33.377697 32.162716 31.605095 31.997786 32.438526 32.50811 32.61059 32.659954 32.4609 32.516747 32.681923 32.85364 32.906914 32.700512 -32767.0 -32767.0 -32767.0 -32767.0 -32767.0 -32767.0 -32767.0 -32767.0 -32767.0 -32767.0 -32767.0 -32767.0 -32767.0 -32767.0 -32767.0 -32767.0 -32767.0 -32767.0 -32767.0 -32767.0 -32767.0 -32767.0 -32767.0 -32767.0 -32767.0
30.323278 31.010149 31.360798 31.294786 31.23633 31.297815 31.473246 31.509033 31.527056 31.025934 29.43397 21.639814 -32767.0 -32767.0 -32767.0 -32767.0 -32767.0 -32767.0 -32767.0 -32767.0 31.73658 31.204115 31.906557 31.184225 31.908503 31.717747 32.02928 32.006027 32.601345 32.41314 32.40241 32.63124 32.659676 32.618412 32.75928 -32767.0 -32767.0 -32767.0 -32767.0 -32767.0 -32767.0 -32767.0 -32767.0 -32767.0 -32767.0 -32767.0 -32767.0 -32767.0 -32767.0 -32767.0 -32767.0 -32767.0 -32767.0 29.99811 -32767.0 -32767.0 -32767.0 -32767.0 -32767.0 -32767.0 -32767.0 33.929577
30.218082 30.50894 30.651442 30.899282 31.111101 31.200518 31.461163 31.375002 31.434013 31.173206 29.73144 28.524288 -32767.0 -32767.0 -32767.0 -32767.0 28.017862 31.474823 30.8061 30.900373 30.291393 31.467888 31.2977 31.752497 31.526415 31.728836 31.826845 31.710585 32.09399 32.66485 32.696228 32.78752 32.801792 32.646523 -32767.0 -32767.0 -32767.0 -32767.0 -32767.0 -32767.0 -32767.0 -32767.0 -32767.0 -32767.0 30.022213 29.758781 -32767.0 -32767.0 -32767.0 -32767.0 -32767.0 -32767.0 -32767.0 29.898113 -32767.0 -32767.0 -32767.0 -32767.0 -32767.0 34.151817 33.98917 33.978767
30.21992 30.369444 30.770658 30.912779 30.94339 31.109661 31.255083 31.337753 31.39344 30.851746 29.536247 -32767.0 28.473291 -32767.0 30.317625 -32767.0 30.405632 -32767.0 32.09305 31.834808 31.693695 31.36349 31.328281 32.06214 31.656078 32.42885 32.44703 32.41607 32.510185 32.882626 32.70488 32.702198 -32767.0 -32767.0 -32767.0 -32767.0 -32767.0 -32767.0 -32767.0 -32767.0 31.434065 31.316412 30.810736 30.110237 30.834833 30.716228 30.60862 29.950567 -32767.0 -32767.0 -32767.0 -32767.0 -32767.0 30.133036 31.003048 33.298317 33.939743 34.016586 33.958187 33.883377 33.956345 33.940514
30.258635 30.279852 30.421253 30.634695 30.759232 30.823673 31.059126 31.275919 31.415653 31.390387 31.292437 30.422367 29.892967 29.973793 30.641087 30.91214 31.376207 31.253643 31.4435 31.29324 31.24126 31.415464 32.204453 -32767.0 31.907333 32.509987 32.70007 32.727634 32.932487 32.882225 -32767.0 -32767.0 -32767.0 -32767.0 -32767.0 31.312418 31.715803 32.10333 31.810076 31.44176 31.02208 30.874235 -32767.0 -32767.0 30.09093 30.663366 31.88875 -32767.0 -32767.0 -32767.0 -32767.0 -32767.0 34.1779 34.277737 34.064957 33.96622 33.822605 33.835464 33.856804 33.87066 33.884895 33.93662
30.443436 30.410303 30.34568 30.358456 30.5725 30.870272 31.301058 31.7287 31.691042 31.590332 31.574469 31.412367 31.176468 31.36958 31.559895 31.65693 31.543337 31.417318 31.719841 31.70036 32.12574 31.593784 32.366695 32.70021 32.87878 33.12966 33.165016 33.175823 33.09108 32.582787 31.155262 -32767.0 31.18406 32.0196 -32767.0 32.568367 32.7625 32.486774 -32767.0 30.636545 30.789753 -32767.0 -32767.0 -32767.0 -32767.0 30.869146 31.520597 -32767.0 -32767.0 -32767.0 -32767.0 34.422043 34.116405 33.852512 33.81927 33.76685 33.751804 33.767 33.87072 33.997784 34.034775 34.051888
30.216248 30.506172 30.310982 30.423838 30.632998 30.851528 30.940628 31.134096 31.309978 31.487564 31.639442 31.784403 31.769592 32.07161 32.024593 32.120144 32.090736 32.15621 32.255688 32.61089 32.430904 32.78202 32.98815 32.943615 33.05306 -32767.0 33.14338 33.097733 -32767.0 -32767.0 31.560669 31.445404 31.52442 32.165676 33.38243 33.39272 32.70995 -32767.0 -32767.0 -32767.0 -32767.0 -32767.0 -32767.0 -32767.0 -32767.0 31.269558 31.969934 32.21384 -32767.0 -32767.0 34.342167 34.126705 33.75966 33.781055 33.722668 33.733818 33.779068 33.86294 34.02018 34.08457 34.117695 34.117348
30.019936 30.101583 30.123283 30.449562 30.627932 30.64815 30.491968 30.667677 31.15361 31.445976 31.809658 32.127132 -32767.0 -32767.0 32.33284 32.825073 32.926548 32.966267 32.970943 32.976498 32.926914 32.916958 32.97495 33.035107 33.042606 33.125504 33.028736 -32767.0 -32767.0 -32767.0 -32767.0 -32767.0 -32767.0 32.19602 33.041267 33.527683 -32767.0 -32767.0 -32767.0 -32767.0 -32767.0 33.106857 -32767.0 32.4507 32.698246 32.814583 32.87647 32.388546 33.387512 -32767.0 33.966557 33.728115 33.694782 33.747528 33.865074 33.922028 33.83653 33.95977 34.090046 34.11558 34.120533 34.16053
