static/data/salinity/2023/7/16/18.asc
ncols 137
nrows 93
xllcorner 108.0
yllcorner 17.0
cellsize 0.25
NODATA_value -32767
[rows 27 to 53 of 93, columns 61 to 121 of 137]
29.360497 30.160402 30.082056 30.092157 30.146952 29.924866 30.337446 30.312872 30.738216 31.204576 31.758707 32.28915 -32767.0 -32767.0 32.52876 32.50478 32.82145 32.963886 32.997223 32.990417 32.96625 32.83543 32.832214 32.922813 33.00511 -32767.0 -32767.0 -32767.0 -32767.0 -32767.0 -32767.0 -32767.0 -32767.0 -32767.0 32.15668 32.712456 33.32928 -32767.0 -32767.0 -32767.0 33.40705 33.67094 33.728367 33.77851 33.894463 33.908287 33.956356 33.622417 32.85915 32.8748 33.696274 33.800472 33.760197 33.821175 33.912857 33.943314 34.001083 33.882877 34.03343 34.10333 34.10367
30.648624 30.356247 30.170984 30.073048 29.79054 29.93423 30.185057 30.331194 30.805624 31.815071 32.686695 32.931297 32.831173 32.830154 32.87925 32.94482 32.972267 33.01798 33.08084 33.112167 33.02622 32.956074 32.894127 -32767.0 33.027966 33.35324 -32767.0 -32767.0 26.761454 -32767.0 -32767.0 -32767.0 -32767.0 -32767.0 -32767.0 32.738773 33.05501 -32767.0 -32767.0 33.99733 33.893887 33.983795 33.998783 33.943317 33.89422 33.92362 33.947002 33.63929 33.773018 33.850628 33.836304 33.800053 33.842648 33.860703 33.860092 33.959656 33.96696 33.932472 34.055588 34.096863 34.099384
31.107231 30.86716 30.223053 30.22567 30.225798 30.121883 30.330763 30.692085 31.357065 32.189686 33.087677 33.091278 32.95574 32.90669 32.951874 33.052074 33.04576 33.03186 33.128826 33.14959 33.016872 32.938194 -32767.0 33.65866 33.30624 33.606274 33.25355 32.432842 -32767.0 28.228996 -32767.0 -32767.0 -32767.0 -32767.0 -32767.0 33.54722 34.07473 34.092785 33.268288 34.016747 33.772392 33.981327 34.032948 33.905155 33.899532 33.87343 33.893826 33.675396 33.904247 33.89052 33.83182 33.77683 33.783607 33.786682 33.884342 34.027275 33.943726 33.99978 34.062485 34.09624 34.101704
29.248808 30.147684 30.605745 30.793123 30.818518 30.802916 30.820759 31.085022 31.781996 32.814377 33.326176 33.07149 32.977287 33.040302 33.032146 32.945484 32.941566 32.84452 32.6849 32.73126 33.06043 33.041218 32.897774 32.994854 33.23198 33.30511 33.485535 31.8081 29.656275 28.746452 -32767.0 -32767.0 -32767.0 -32767.0 34.0373 34.19256 34.211926 34.217777 34.1333 34.029423 34.052296 34.061592 34.010796 34.005672 34.013794 34.07873 33.900303 33.87316 33.889313 33.832577 33.96467 33.937187 33.95512 33.979366 34.017063 34.00889 34.00506 34.02023 34.090187 34.118618 34.121643
30.18385 30.382387 30.734045 30.422527 30.7298 30.872051 31.59954 32.0646 32.441742 33.04559 33.365433 33.237057 33.1029 33.01411 33.00112 32.982643 32.960835 32.872982 32.651646 32.36087 32.314083 32.31125 32.35116 32.613953 33.160065 33.154633 33.114346 33.028156 30.589556 29.722786 -32767.0 -32767.0 -32767.0 -32767.0 34.053574 34.155743 34.04876 34.065723 34.032166 33.987648 33.96846 33.96056 33.9413 33.93224 33.901657 33.931976 34.012566 34.00875 33.890923 33.880844 33.737152 34.020832 34.0016 33.99296 34.058548 34.05065 34.04037 33.99155 34.110073 34.140965 34.14987
29.351887 27.313652 29.060678 27.845564 28.756466 29.550783 30.030373 30.807072 31.956697 33.022728 33.383083 33.412563 33.47042 33.213146 33.002254 32.908504 32.855495 32.722637 32.33734 32.31222 32.459038 32.57961 32.84605 32.610535 32.336838 33.276936 33.25212 33.351578 -32767.0 -32767.0 -32767.0 -32767.0 -32767.0 33.939808 34.16597 34.218338 34.061924 33.73363 33.48856 33.515408 33.611065 33.605522 33.64649 33.779106 33.816704 33.803223 33.82651 33.91089 33.942635 33.9061 33.894444 33.725246 33.975464 34.00121 34.05857 34.050526 33.987465 33.961292 34.13561 34.14523 34.191998
26.473715 26.935123 27.357555 27.46506 27.60035 29.007076 29.465502 29.497429 30.855785 32.21203 32.40575 32.969395 33.337215 33.22465 32.935867 32.830326 32.7922 32.42915 32.361095 32.494495 32.46204 32.590263 32.79858 33.598427 32.592052 33.019627 33.45746 33.26336 -32767.0 -32767.0 -32767.0 -32767.0 -32767.0 33.99657 33.94622 33.688038 33.510906 33.34421 33.540405 34.034622 34.350433 34.3389 34.239994 34.246895 34.253777 34.11925 33.8981 33.824406 33.858448 33.923878 33.879543 33.866867 33.79726 34.011932 34.06866 34.005764 33.943977 33.982838 34.144615 34.14172 34.229477
28.092869 29.126616 29.32443 29.553268 29.634829 30.14325 30.014128 29.530403 29.94376 30.405565 31.350563 32.689533 33.107018 33.131752 32.970856 32.876175 32.761284 32.381676 32.41183 32.701546 32.94811 32.847908 32.66403 33.302254 33.41819 32.61228 33.49208 33.4333 33.15203 -32767.0 33.10241 -32767.0 -32767.0 33.89333 33.639458 33.41675 33.21611 33.555294 33.96235 34.08809 34.29554 34.267437 34.18098 33.93069 33.799503 33.7823 33.779606 33.77848 33.76496 33.775387 33.8905 33.922554 33.751537 33.981724 34.061123 33.968567 33.946133 34.000393 34.14585 34.129486 34.2637
31.90532 31.99678 31.233488 30.143406 29.895838 30.265877 31.033735 30.553446 30.117464 30.256308 31.207787 32.011974 32.88869 32.967117 32.890152 32.97056 32.70544 32.603016 32.647343 32.84584 33.107384 33.196526 33.28126 32.980427 33.685677 32.696167 33.22905 33.61055 33.35606 33.576267 33.315773 -32767.0 33.732983 33.50023 33.341213 33.16118 33.326653 33.79043 34.068733 34.25086 34.326237 34.132782 34.02623 33.970573 33.94416 33.926857 33.934303 33.915207 33.89979 33.8779 33.848133 33.887726 33.824375 33.92266 34.06026 33.96503 33.941376 34.00155 34.12925 34.118355 34.295204
33.337006 32.693417 31.642511 30.988413 30.71617 30.997715 31.357798 31.151482 30.867517 31.02267 31.537693 32.34405 32.987602 33.01801 33.033646 32.948334 32.811092 32.74039 32.662872 32.870285 33.150875 33.276855 33.342022 33.335308 33.41348 32.80616 33.08943 33.58655 33.61317 33.72291 -32767.0 33.64485 33.43864 33.319 33.29848 33.545708 34.13229 34.4107 34.43578 34.27119 34.322945 34.00725 34.00783 33.993614 33.933533 34.029617 33.95591 33.860565 33.970936 34.039986 33.896996 33.880295 33.938297 33.876537 34.04177 33.980457 33.93602 33.996483 34.11196 34.11204 34.330154
33.180088 33.14176 32.75335 31.412373 30.862438 31.322601 31.717545 32.01005 32.03894 32.02403 31.882355 32.46447 32.676235 32.791485 32.723896 32.584606 32.64392 33.06449 33.192616 33.421276 33.638763 33.754356 33.72097 33.517723 33.23518 32.96782 32.923508 33.57625 33.75085 33.748085 33.554623 33.2778 33.688538 33.018017 33.324787 33.9796 34.211746 34.364666 34.360516 34.29778 34.23298 34.048336 34.02579 33.931973 34.106754 34.17618 34.164116 33.939484 33.945335 34.080055 33.98394 33.901375 34.000576 33.84573 34.01066 33.970623 33.947983 34.002953 34.084614 34.129772 34.390835
34.32046 33.893536 33.299934 31.501232 30.758862 30.962444 31.265236 32.41742 33.051735 32.987316 32.658524 32.646114 32.65695 32.61846 32.657887 32.78777 33.495842 33.44935 33.504955 33.81311 33.944572 34.015804 34.02874 34.01786 33.739563 33.132725 32.713337 33.103367 -32767.0 33.416145 33.32571 -32767.0 33.120743 33.493473 33.702442 34.051586 34.3282 34.38563 34.34828 34.380676 34.155945 34.08228 33.982033 34.189774 34.190517 34.157204 34.18347 34.055473 33.928123 33.948673 34.065193 33.945442 34.010036 33.86032 33.988926 33.898033 33.956135 34.031483 34.058216 34.2232 34.451637
34.278088 33.700317 33.267876 32.292957 31.152641 30.672596 30.459219 30.523438 31.429764 32.956825 33.444946 33.56893 33.6113 33.661045 33.80306 33.820026 33.626526 33.504314 33.86291 33.911186 34.108242 34.154167 34.16931 34.150146 34.093403 33.87018 33.25323 32.74094 33.112373 -32767.0 33.22162 33.10021 33.333675 33.73801 34.139084 34.27907 34.325542 34.388443 34.404774 34.401085 34.184513 34.093025 34.147675 34.200756 34.166763 34.166927 34.143776 34.105766 34.00948 33.926105 33.957584 34.01445 33.985703 33.920586 33.92706 33.903034 33.948402 34.058697 34.051983 34.41984 34.46216
34.263012 33.891216 33.655075 33.428406 33.414974 33.0945 32.63684 32.50395 31.833761 32.81693 33.565243 33.865532 33.968006 33.94988 33.876545 33.754986 33.41493 33.844414 33.864998 34.074127 34.153233 34.17181 34.20869 34.228867 34.21403 34.200817 33.99141 33.74827 33.07292 33.300117 32.97417 33.251186 33.68014 34.129536 34.263466 34.29124 34.336742 34.377712 34.373356 34.314888 34.219986 34.097416 34.20145 34.170685 34.196987 34.15094 34.151203 34.152534 34.119095 34.019714 33.906612 33.947598 33.954628 33.999557 33.93058 33.998444 33.930153 34.05489 34.21522 34.51493 34.43762
34.277542 34.118446 33.67751 33.606213 33.662533 33.627777 33.655342 33.693542 33.637142 33.85874 33.94789 33.98237 33.980576 33.86922 33.815434 33.62542 33.497116 33.925632 33.85567 34.005024 34.16274 34.16018 34.209667 34.244347 34.245243 34.229076 34.27018 33.81928 33.903202 33.333096 33.434673 33.63351 34.03975 34.168865 34.254993 34.29208 34.323376 34.357185 34.31402 34.237198 34.203667 34.10717 34.196686 34.17939 34.178917 34.11123 34.057278 34.012352 34.033337 34.13448 33.99116 33.939373 33.95969 33.992085 33.963173 33.916492 34.02431 34.049908 34.485725 34.51794 34.39994
34.225075 33.67653 33.718002 33.712273 33.646633 33.654186 33.636776 33.676777 33.748505 33.76525 33.80244 33.892944 33.965946 33.67682 33.6419 33.423447 33.592773 33.93794 33.887547 33.943665 34.146175 34.181217 34.232468 34.326515 34.329544 34.268177 34.23283 34.11258 33.883278 33.541157 33.45598 33.769543 34.141293 34.290947 34.266026 34.281925 34.29359 34.361603 34.43964 34.41465 34.403873 34.25063 34.17097 34.153294 34.147484 34.182335 34.16075 34.008614 34.004784 34.014267 34.023 33.946903 33.9474 33.941547 33.95284 33.929245 34.08942 34.381664 34.491806 34.501343 34.38391
34.111347 33.814327 33.497517 33.616936 33.610237 33.564938 33.581505 33.576546 33.654694 33.697197 33.746544 33.876064 33.95732 33.670036 33.479336 33.404922 33.758694 33.899647 33.82238 34.029137 34.206337 34.21514 34.237827 34.304737 34.358494 34.34821 34.33411 34.270176 34.253178 34.117695 34.21589 34.181355 34.293915 34.275764 34.30346 34.344074 34.317856 34.354324 34.581577 34.655388 34.581978 34.4849 34.158794 34.181683 34.152042 34.12918 34.14559 34.163925 33.96456 34.01166 33.948376 33.937965 33.960785 33.973953 33.911266 34.071857 34.12373 34.396618 34.35892 34.471836 34.35568
33.942123 33.95618 33.642387 33.54227 33.494965 33.36006 33.576767 33.668663 33.740128 33.809948 33.872787 33.856476 33.800564 33.6175 33.465343 33.563946 33.748577 33.933224 34.15044 34.251495 34.271507 34.232708 34.256935 34.316242 34.351364 34.39538 34.390217 34.374027 34.32353 34.271717 34.277122 34.34933 34.284306 34.363632 34.422703 34.480255 34.46587 34.44018 34.569046 34.63441 34.651108 34.53096 34.403053 34.16405 34.16247 34.14146 34.12395 34.129684 34.14578 33.998943 33.923298 33.909626 33.922153 33.99114 34.0389 34.050625 34.44249 34.420692 34.3091 34.38258 34.378063
33.78198 33.770344 33.839775 33.745335 33.540478 33.34387 33.513676 33.74656 33.782787 33.80832 33.846027 33.789436 33.598434 33.64118 33.767174 33.877983 34.085506 34.25334 34.258247 34.23449 34.26342 34.177986 34.3161 34.336624 34.34353 34.384995 34.385456 34.38204 34.375458 34.367523 34.34392 34.337135 34.475536 34.540455 34.544228 34.535915 34.53573 34.558544 34.585857 34.590836 34.574913 34.618923 34.463585 34.42422 34.288643 34.176685 34.14086 34.18398 34.167953 34.138184 34.10974 34.081467 34.050728 34.007267 34.02477 34.438473 34.46344 34.71787 34.443687 34.337654 34.319443
33.307407 33.510147 33.611897 33.662155 33.700233 33.48349 33.666416 33.741848 33.716854 33.86363 33.913414 33.827457 33.644848 33.750946 34.02475 34.189285 34.235535 34.245834 34.21177 34.253784 34.193195 34.267326 34.28575 34.365463 34.373463 34.382076 34.330353 34.334927 34.364647 34.31876 34.41224 34.593884 34.574562 34.49942 34.42925 34.391346 34.38376 34.416363 34.47313 34.50761 34.48842 34.599045 34.46901 34.378674 34.369797 34.189972 34.143303 34.189735 34.192898 34.17926 34.14338 34.124256 34.10559 34.07467 34.37326 34.46485 34.617607 34.713295 34.666283 34.481735 34.554058
33.267845 33.43704 33.65693 33.681377 33.68639 33.60233 33.63321 33.774174 33.724648 33.95042 33.995235 33.953938 34.008987 34.10459 34.220116 34.28125 34.24306 34.28557 34.24531 34.23854 34.2519 34.397686 34.28496 34.27898 -32767.0 34.291134 34.319405 34.35784 34.42045 34.58272 34.596527 34.537525 34.415333 34.42128 34.429623 34.427017 34.414085 34.377438 34.333805 34.336826 34.36111 34.537064 34.431725 34.338776 34.299946 34.134853 34.178288 34.1746 34.164497 34.160038 34.148544 34.111294 34.412315 34.5177 34.521965 34.474377 34.54009 34.710438 34.59701 34.705257 34.57429
33.22203 33.514053 33.508118 33.531765 33.54524 33.526844 33.728947 33.728718 33.781628 33.95419 34.048363 34.194824 33.987396 34.296585 34.294384 34.25026 34.32464 34.40918 34.418846 34.350254 34.377384 34.43891 34.32613 34.287437 34.2897 34.305477 34.36044 34.552296 34.599503 34.60623 34.538998 34.423985 34.384666 34.357067 34.35787 34.367935 34.376293 34.40349 34.42739 34.37164 34.32978 34.54589 34.3431 34.29825 34.1514 34.191517 34.3231 34.425343 34.36361 34.273666 34.294537 34.499153 34.535427 34.597668 34.575066 34.527447 34.57086 34.710075 34.61657 34.78429 34.70758
33.322964 33.417553 33.267258 33.50539 33.57081 33.564472 33.71322 33.68455 33.834698 33.899754 34.11089 33.972294 34.16059 34.29204 34.342365 34.25956 34.486874 34.519012 34.530037 34.53201 34.524014 34.4963 34.36625 -32767.0 34.345917 34.438385 34.577038 34.598648 34.61302 34.600086 34.393845 34.258667 34.25949 34.336308 34.340805 34.359978 34.3863 34.39594 34.45151 34.404346 34.37458 34.480003 34.285595 34.17272 34.19603 34.492363 34.642544 34.627964 34.62073 34.65773 34.643337 34.61151 34.60598 34.604115 34.63124 34.598236 34.63153 34.71608 34.58282 34.690437 34.603146
32.986225 32.934067 32.91739 33.555946 33.6693 33.67076 33.633484 33.84318 33.858368 33.90194 33.95215 34.04265 34.308834 34.28939 34.443913 34.33233 34.51581 34.497746 34.347702 34.38996 34.46348 34.359905 34.27768 34.288017 34.410187 34.57469 34.571106 34.611275 34.62281 34.492794 34.23764 34.173637 34.280163 34.35319 34.356895 34.463013 34.443707 34.42544 34.488197 34.38026 34.503185 34.259407 34.20852 34.16458 34.484547 34.656822 34.504143 34.47232 34.58026 34.5656 34.616333 34.63541 34.650936 34.562244 34.574078 34.644108 34.6657 34.759457 34.754227 34.71915 34.609497
33.077915 33.011097 33.158855 33.492958 33.658817 33.675484 33.73209 33.83633 33.866314 33.92198 34.103035 34.349613 34.285965 34.359035 34.480183 34.375484 34.505836 34.426716 34.398872 34.34251 34.322456 34.298817 34.314827 34.367565 34.498966 34.526432 34.60659 34.607277 34.62101 34.397182 34.183666 34.210815 34.277557 34.379047 34.38627 34.48857 34.525322 34.48789 34.412422 34.48652 34.313232 34.211956 34.20189 34.525608 34.64595 34.475494 34.375084 34.620678 34.658394 34.656548 34.617523 34.6195 34.63588 34.520187 34.536858 34.60609 34.7078 34.72833 34.671066 34.696014 34.65767
33.396587 33.58004 33.681892 33.745895 33.65033 33.60652 33.75364 33.820457 33.84726 34.169975 34.29212 34.30031 34.301777 34.365753 34.591396 34.422714 34.519012 34.539787 34.586052 34.396404 34.30862 34.315353 34.305653 34.423992 34.52667 34.50569 34.6174 34.61595 34.61897 34.327934 34.19291 34.20372 34.256172 34.382935 34.441086 34.446278 34.451298 34.471973 34.503624 34.292194 34.184124 34.31332 34.57889 34.654053 34.567726 34.36331 34.364033 34.620464 34.643547 34.635616 34.641766 34.60628 34.59755 34.496902 34.54906 34.566853 34.62821 34.628746 34.629177 34.653355 34.646824
33.89792 33.71665 33.537636 33.47076 33.617783 33.656635 33.583145 33.7171 33.87482 34.266533 34.2993 34.39792 34.40716 34.50935 34.661587 34.458706 34.50728 34.498867 34.5774 34.47474 -32767.0 34.336388 34.30548 34.351723 34.46457 34.489124 34.61595 34.61297 34.62962 34.35927 34.209515 34.22126 34.230865 34.311043 34.4421 34.493294 34.494503 34.43595 34.26202 34.204124 34.39295 34.606853 34.64291 34.589157 34.49666 34.287647 34.37729 34.603016 34.635067 34.64652 34.642273 34.61295 34.57973 34.61045 34.634308 34.629642 34.560528 34.59123 34.675808 34.610874 34.61727
