static/data/salinity/2023/7/16/6.asc
ncols 137
nrows 93
xllcorner 108.0
yllcorner 17.0
cellsize 0.25
NODATA_value -32767
[rows 27 to 53 of 93, columns 62 to 123 of 137]
30.3748 30.529354 30.51678 30.575947 30.5799 30.611767 30.536741 30.909431 31.392159 31.977217 32.450905 -32767.0 -32767.0 32.736958 32.625446 32.80378 32.911392 32.983704 32.986805 32.892536 32.789524 32.807796 32.942596 33.010597 -32767.0 -32767.0 -32767.0 -32767.0 -32767.0 -32767.0 -32767.0 -32767.0 -32767.0 32.0857 32.695915 33.47069 -32767.0 -32767.0 -32767.0 33.42212 33.724728 33.79668 33.706173 33.866898 33.92391 33.96406 33.822266 33.056847 33.049255 33.6759 33.850384 33.778545 33.852257 33.90845 33.934902 33.97725 33.850037 33.99198 34.099648 34.097996 34.152485 34.217823
30.358408 30.345882 30.310043 30.229694 30.250593 30.319567 30.37812 30.83519 31.815516 32.54048 32.774326 32.718452 32.746494 32.82512 32.91037 32.973644 32.959106 33.042377 33.069946 32.964935 32.942657 32.885777 -32767.0 33.097412 33.388264 -32767.0 -32767.0 26.812569 -32767.0 -32767.0 -32767.0 -32767.0 -32767.0 -32767.0 32.71481 33.10845 -32767.0 -32767.0 34.01875 33.953 34.044357 33.99804 33.99999 33.918236 33.934658 33.936615 33.810562 33.577404 33.858517 33.824318 33.7968 33.796215 33.842556 33.861305 33.94742 33.98405 33.882282 34.033916 34.101322 34.08116 34.173145 34.268795
30.970867 30.557348 30.415407 30.289207 30.150204 30.36649 30.6609 31.215021 32.013493 32.87577 33.08857 32.978348 32.91861 32.884674 32.987316 33.054626 33.052002 33.111088 33.13168 33.001194 32.948376 -32767.0 33.713943 33.335835 33.624157 33.236824 32.389565 -32767.0 28.429289 -32767.0 -32767.0 -32767.0 -32767.0 -32767.0 33.53576 33.951393 33.89783 33.294617 34.117966 33.784813 33.992043 34.044277 33.924713 33.877796 33.8744 33.88618 33.750107 33.78518 33.960766 33.834988 33.769333 33.774586 33.77715 33.870716 34.006416 33.935154 33.943386 34.055492 34.104446 34.081715 34.184536 34.263893
30.315638 30.782066 30.853525 30.849781 30.724125 30.659939 30.922356 31.622744 32.451717 33.16783 33.14949 32.935246 32.986755 33.04305 32.98717 32.963516 32.95454 32.856503 32.983162 33.133106 33.020737 32.903297 33.064735 33.2767 33.325905 33.537807 32.201607 29.912226 28.85688 -32767.0 -32767.0 -32767.0 -32767.0 34.070583 34.175144 34.201675 34.216953 34.123814 33.984764 34.02436 34.05677 34.00894 34.03274 34.047764 34.079094 33.881252 33.871662 33.913956 33.78394 33.996746 33.96078 33.968937 33.97832 34.008934 34.021935 33.951252 34.00877 34.06607 34.09967 34.092976 34.21459 34.27293
30.543348 30.90735 30.842394 30.964836 31.06439 31.482473 31.936493 32.18415 32.8144 33.27953 33.24618 33.085697 33.012554 33.0033 32.97771 32.950737 32.923687 32.671463 32.419983 32.319992 32.33291 32.48361 32.95517 33.212322 33.153645 33.17037 32.936428 30.91167 29.753733 -32767.0 -32767.0 -32767.0 -32767.0 34.1151 34.180367 34.075897 34.08628 34.06012 34.010853 33.9861 33.97261 33.96529 33.96161 34.012356 34.026207 34.015392 33.978817 33.871666 33.884663 33.695415 34.028114 34.009575 33.985188 34.03836 34.009434 34.032227 34.020454 34.091896 34.104614 34.12525 34.25266 34.28042
28.885317 29.738417 28.664696 29.444359 29.697815 30.304201 31.094883 32.04396 32.94835 33.321846 33.332836 33.4043 33.195835 33.009426 32.939175 32.89072 32.76118 32.465897 32.357216 32.43664 32.410557 32.576668 32.45818 32.375534 33.36458 33.353825 33.378063 -32767.0 -32767.0 -32767.0 -32767.0 -32767.0 33.939156 34.165695 34.22406 34.168896 33.950203 33.677433 33.582726 33.581936 33.65853 33.756725 33.826836 33.91558 33.939453 33.896107 33.893227 33.938934 33.893402 33.91225 33.703262 33.9736 33.994125 34.059288 34.05029 34.021034 34.011257 34.140224 34.118114 34.169693 34.290455 34.277832
26.585575 27.155039 27.097979 27.668695 29.146862 29.531164 29.594833 31.16041 32.51731 32.784477 33.04551 33.35278 33.202785 32.92598 32.84369 32.794575 32.47076 32.275055 32.345985 32.384644 32.80111 33.129463 33.655994 32.76991 32.83697 33.50678 33.271 -32767.0 -32767.0 -32767.0 -32767.0 -32767.0 34.022953 33.950718 33.76245 33.56992 33.47537 33.677563 33.917664 34.036503 34.13806 34.29062 34.203743 33.895447 33.6581 33.63255 33.737682 33.797066 33.899235 33.90099 33.917805 33.79356 34.012196 34.07428 34.05162 33.985424 33.995235 34.166622 34.122684 34.21942 34.31693 34.27575
28.679916 28.92314 29.225811 29.509684 30.2811 30.212833 29.584656 30.012934 30.576935 31.547367 32.88534 33.15834 33.101173 32.9126 32.82386 32.778263 32.33287 32.401012 32.690407 32.745647 32.60554 32.56865 33.292152 33.67558 32.606274 33.498188 33.47786 33.157925 -32767.0 33.097332 -32767.0 -32767.0 33.90432 33.62981 33.45203 33.31634 33.668488 34.12467 34.325497 34.301056 34.276863 34.004898 33.862118 33.927155 33.964237 33.95129 33.934875 33.939556 33.881145 33.888744 33.967754 33.758972 34.007534 34.056805 33.98788 33.935593 34.02207 34.18356 34.12188 34.25967 34.350403 34.295383
31.927694 31.11981 30.054464 29.991388 30.532703 31.209099 30.74448 30.16127 30.236422 31.20375 32.18567 32.96471 32.98948 32.858273 32.91271 32.62737 32.456585 32.536766 32.816063 33.019646 33.11555 33.140415 32.9539 33.702854 32.81811 33.17671 33.59958 33.382076 33.579517 33.311398 -32767.0 33.783127 33.579376 33.378708 33.204388 33.552338 34.053726 34.18631 34.293888 34.251377 34.08387 34.02766 33.969864 33.949593 33.9049 33.891 33.97329 34.04627 34.03951 33.905415 33.931515 33.83122 33.9673 34.06375 33.950073 33.948235 34.031605 34.17335 34.117054 34.287773 34.383167 34.408028
32.618526 31.67031 31.184668 30.833424 31.087744 31.452536 31.283924 30.914349 31.011892 31.512125 32.301373 32.990726 32.951515 33.021244 32.955208 32.812073 32.724514 32.63885 32.899876 33.14665 33.260826 33.329147 33.219795 33.341156 32.844215 33.116924 33.604847 33.63362 33.77967 -32767.0 33.666664 33.412373 33.443653 33.17842 33.26611 33.728493 34.133564 34.273342 34.344536 34.201958 33.984463 34.018215 33.954155 33.98442 34.096878 33.956238 33.88432 34.0089 34.107067 33.950947 33.92693 33.930023 33.918133 34.041878 33.956192 33.94954 34.053215 34.144157 34.11932 34.31689 34.412228 34.425278
32.964745 32.606087 31.40851 30.948095 31.427366 31.787695 32.048653 32.020763 31.931492 31.925436 32.68074 32.882416 32.936787 32.830845 32.752193 32.6484 32.717167 32.760624 33.09046 33.34266 33.478207 33.534832 33.500183 33.19603 32.904366 32.957203 33.61074 33.791145 33.686466 33.515003 33.232327 33.794636 33.0582 33.468166 33.83583 34.417667 34.41682 34.327175 34.368866 34.109333 34.03948 33.998875 33.9605 34.144737 34.182808 34.165165 33.943195 33.95547 33.9325 34.013912 33.939255 33.981537 33.87071 34.018158 33.93547 33.954056 34.070763 34.106506 34.140537 34.37286 34.460747 34.34264
33.774605 33.254826 31.551891 30.822037 31.203047 31.657988 32.717403 32.9295 32.807934 32.415974 32.436592 32.476665 32.524017 32.549988 32.565865 32.989758 33.358395 33.374626 33.62133 33.871624 33.99609 34.029808 34.017498 33.737064 32.96186 32.683 33.38563 -32767.0 33.38403 33.286472 -32767.0 33.140995 33.151165 33.577427 34.153774 34.36591 34.381207 34.331924 34.393833 34.10775 34.067394 33.973686 34.189915 34.16971 34.142323 34.180084 34.05093 33.94739 33.889336 33.94629 33.99101 34.010952 33.86526 34.002316 33.898514 33.95685 34.083897 34.06606 34.233227 34.444824 34.47789 34.307106
33.5881 33.309998 32.908413 31.454136 30.67226 30.482264 30.567654 32.48754 33.470146 33.319687 33.191116 33.02391 33.068382 33.307323 33.50226 33.62316 33.341324 33.816544 33.879868 34.032227 34.154293 34.18805 34.170925 34.16377 33.880123 33.14479 32.720055 33.35889 -32767.0 33.1541 33.152443 33.170742 33.5979 33.851124 34.253906 34.350002 34.41461 34.39754 34.397125 34.15619 34.081806 34.13116 34.190933 34.155712 34.16315 34.138187 34.1238 34.097076 33.959846 33.91708 33.98802 34.00221 33.866135 33.97128 33.906246 33.955826 34.07775 34.07335 34.412834 34.467793 34.447994 34.357224
33.95861 33.603848 33.467598 33.579956 33.34264 32.772476 32.224243 31.550161 32.576157 33.53148 33.86844 33.94447 33.92233 33.854755 33.762993 33.430107 33.751534 33.872932 34.02072 34.158768 34.22283 34.242935 34.240997 34.255375 34.25049 34.060463 33.71391 33.1899 33.27382 32.971264 33.324028 33.57079 34.017757 34.25235 34.338406 34.35432 34.38781 34.386536 34.322346 34.1999 34.076817 34.181534 34.16162 34.184933 34.12765 34.132103 34.136417 34.147537 34.060356 33.926624 34.007328 33.994766 33.901714 33.8996 33.97882 33.981792 34.054684 34.265846 34.50596 34.42552 34.406548 34.426064
34.00795 33.68012 33.69174 33.729122 33.703526 33.71239 33.74805 33.780773 33.926586 33.967777 33.993538 33.970173 33.831493 33.73921 33.638664 33.432693 33.895233 33.864567 34.09105 34.163754 34.203964 34.24406 34.26422 34.26178 34.23216 34.184452 33.741375 33.837284 33.450512 33.466286 33.66923 33.988758 34.252995 34.292862 34.306763 34.347652 34.351658 34.308136 34.216324 34.180508 34.09278 34.174114 34.181114 34.153343 34.114853 34.066177 33.966545 33.962185 34.038586 33.986183 33.97889 33.950047 33.994484 33.988945 33.916775 34.06996 34.040707 34.48825 34.505295 34.390903 34.399883 34.442398
33.803005 33.856865 33.723007 33.682198 33.695126 33.682785 33.735096 33.80597 33.813274 33.845882 33.92761 33.925365 33.63047 33.626072 33.419964 33.596333 33.95436 33.853535 34.031612 34.1655 34.165333 34.31151 34.337364 34.34638 34.24649 34.236507 34.179234 33.607834 33.449192 33.586006 34.04616 34.169685 34.290756 34.2598 34.29531 34.310352 34.370914 34.40531 34.388912 34.405563 34.29817 34.15819 34.136684 34.1357 34.15366 34.165573 34.023228 34.006927 33.978428 33.975544 34.01157 33.96735 33.96182 33.930313 33.988174 34.08091 34.360672 34.517597 34.506123 34.38177 34.42334 34.412785
33.73897 33.50982 33.64288 33.643787 33.615063 33.617935 33.64918 33.711483 33.737972 33.827366 33.8996 33.910427 33.61655 33.454674 33.391613 33.836388 33.965477 33.842823 34.029953 34.19368 34.16385 34.317894 34.310883 34.353916 34.37573 34.32927 34.28352 34.240158 34.19018 34.146935 34.21239 34.314056 34.269455 34.311527 34.310234 34.315884 34.384853 34.608288 34.646038 34.581707 34.486027 34.186806 34.169586 34.151306 34.11879 34.131523 34.156532 34.012573 33.979183 33.942673 33.90669 33.978176 33.952385 33.993977 34.11033 34.06059 34.462322 34.38635 34.472057 34.361916 34.3851 34.322643
33.961964 33.605503 33.51331 33.52075 33.35713 33.657825 33.71665 33.781815 33.847137 33.891914 33.841637 33.71547 33.545284 33.45293 33.514336 33.65084 33.766262 33.997364 34.201027 34.231934 34.16428 34.315746 34.313198 34.36884 34.406387 34.40343 34.352848 34.28552 34.274807 34.29517 34.343395 34.287125 34.361217 34.431076 34.464054 34.44511 34.485928 34.60886 34.636112 34.64988 34.52441 34.44936 34.193607 34.155987 34.137512 34.11774 34.11722 34.135826 34.127407 34.004 33.97302 34.002243 34.071106 34.03078 34.02616 34.45569 34.370895 34.33115 34.364395 34.414932 34.347195 34.323708
33.833244 33.82003 33.771973 33.519035 33.35491 33.57974 33.788628 33.81383 33.84293 33.842175 33.74354 33.59264 33.683186 33.78868 33.86345 34.00288 34.187805 34.258747 34.273426 34.225777 34.183853 34.313858 34.33572 34.35812 34.385796 34.381245 34.37591 34.374863 34.35945 34.314693 34.366257 34.49383 34.54627 34.54768 34.53767 34.542694 34.564396 34.57467 34.570374 34.576214 34.616238 34.43421 34.410954 34.297073 34.171455 34.128967 34.175953 34.178566 34.14569 34.116966 34.0924 34.06151 34.03308 34.04345 34.42909 34.40963 34.676735 34.56271 34.33093 34.3248 34.325176 34.326954
33.59051 33.654766 33.680553 33.650875 33.474583 33.701214 33.75218 33.71928 33.87591 33.944763 33.716484 33.63156 33.75914 33.977413 34.20566 34.219074 34.235332 34.23817 34.305153 34.182377 34.32452 34.285248 34.365337 34.3733 34.380306 34.326202 34.337746 34.367867 34.300056 34.414146 34.592476 34.572018 34.5016 34.43135 34.392643 34.38614 34.41388 34.450478 34.477398 34.465195 34.60829 34.430202 34.353615 34.332397 34.165024 34.138454 34.18906 34.189518 34.185192 34.15943 34.145523 34.121365 34.14449 34.443687 34.48032 34.472366 34.68869 34.734226 34.49608 34.537205 34.520805 34.454304
33.545692 33.64021 33.764553 33.63652 33.54474 33.68155 33.782387 33.780693 33.99314 34.004932 33.919834 33.984272 34.106197 34.17241 34.26825 34.212658 34.2377 34.198875 34.229324 34.253902 34.416 34.283367 34.26951 -32767.0 34.285805 34.313164 34.339798 34.374687 34.56136 34.594044 34.53514 34.408985 34.40833 34.425198 34.425117 34.414 34.386078 34.34701 34.325245 34.3574 34.571182 34.37651 34.322323 34.237347 34.12931 34.17518 34.174953 34.164272 34.155308 34.13999 34.13367 34.449223 34.539185 34.541557 34.5004 34.48267 34.67567 34.733707 34.550606 34.665607 34.486237 34.381687
33.525566 33.486813 33.50645 33.549007 33.49935 33.78048 33.72774 33.84662 33.984745 34.030445 34.200623 34.053204 34.25422 34.28143 34.23198 34.25288 34.300415 34.293186 34.306297 34.38463 34.451653 34.336407 34.271477 34.280552 34.29075 34.32373 34.518433 34.597603 34.59257 34.53732 34.427162 34.441795 34.39987 34.379677 34.376827 34.387867 34.410545 34.448444 34.37303 34.353573 34.549053 34.301743 34.26581 34.1238 34.202045 34.338146 34.47157 34.47214 34.380547 34.3441 34.47159 34.521164 34.59883 34.592896 34.54911 34.569862 34.674675 34.723053 34.60783 34.773216 34.685524 34.50778
33.36948 33.23449 33.566345 33.548992 33.653545 33.7069 33.72331 33.8679 33.935196 34.1743 33.977345 34.167267 34.296978 34.27762 34.249805 34.411823 34.470783 34.52326 34.53213 34.52296 34.496677 34.359303 -32767.0 34.313213 34.40794 34.569504 34.5881 34.602394 34.597977 34.41852 34.352306 34.326614 34.346134 34.34483 34.36628 34.39307 34.404713 34.47757 34.375336 34.441628 34.36543 34.268562 34.130016 34.22895 34.44514 34.63082 34.63315 34.62646 34.660084 34.65993 34.63821 34.623333 34.599506 34.632324 34.62636 34.6383 34.69642 34.68936 34.661575 34.67967 34.58026 34.64961
32.899506 33.10461 33.62111 33.693127 33.655388 33.674355 33.86443 33.87338 33.933033 33.982407 33.984257 34.30873 34.300903 34.332443 34.319576 34.531025 34.530376 34.412792 34.38463 34.454147 34.374386 34.26795 34.28133 34.37922 34.565712 34.563305 34.61236 34.61626 34.51579 34.302525 34.186413 34.290028 34.34311 34.349384 34.45951 34.461292 34.47292 34.445847 34.407192 34.49912 34.2437 34.15178 34.2361 34.47348 34.66265 34.534515 34.46649 34.56366 34.573513 34.621414 34.639523 34.65815 34.558285 34.549435 34.63541 34.669285 34.750637 34.74195 34.737007 34.600258 34.635826 34.629044
32.9891 33.235077 33.555355 33.661358 33.69251 33.763466 33.851536 33.88737 33.92492 34.062923 34.33565 34.31231 34.314724 34.422165 34.39103 34.51798 34.44645 34.400696 34.32808 34.336113 34.27927 34.310116 34.344738 34.473312 34.54707 34.59714 34.604134 34.622025 34.4297 34.19238 34.180447 34.27965 34.360138 34.362328 34.467518 34.515972 34.45822 34.4287 34.50093 34.247604 34.167755 34.307285 34.541443 34.65487 34.51284 34.385296 34.62125 34.66383 34.662132 34.622612 34.62127 34.633358 34.5086 34.5401 34.58309 34.684082 34.689735 34.65544 34.683434 34.650303 34.65544 34.618496
33.62403 33.69213 33.747402 33.64118 33.686596 33.792515 33.85708 33.890633 34.18211 34.35096 34.318966 34.387543 34.35096 34.527733 34.393555 34.53192 34.540676 34.58493 34.38505 34.307774 34.307556 34.296017 34.397327 34.526062 34.511723 34.61799 34.60948 34.627274 34.39448 34.177475 34.20789 34.24036 34.3569 34.4237 34.44098 34.45003 34.485245 34.47908 34.24313 34.18979 34.405838 34.59631 34.660553 34.593666 34.428207 34.343693 34.624825 34.650852 34.64311 34.645706 34.611073 34.59497 34.50992 34.553898 34.56025 34.588757 34.615734 34.617023 34.649986 34.659676 34.67963 34.63299
33.581066 33.43625 33.41903 33.485607 33.513035 33.606686 33.775436 34.050995 34.290962 34.294487 34.301193 34.358616 34.52024 34.631165 34.39158 34.54578 34.54511 34.60757 34.493244 -32767.0 34.353806 34.30554 34.336067 34.480694 34.492443 34.61996 34.61287 34.63585 34.418514 34.18067 34.204662 34.2285 34.28302 34.402954 34.468395 34.47576 34.398434 34.252808 34.222095 34.43882 34.618977 34.633938 34.588524 34.538113 34.352993 34.361107 34.615196 34.645992 34.658615 34.645237 34.616302 34.583317 34.6379 34.661995 34.64707 34.54918 34.588837 34.675705 34.61418 34.61368 34.74536 34.719074
