static/data/seaWater_uo/2023/7/5/0.asc
ncols 137
nrows 93
xllcorner 108.0
yllcorner 17.0
cellsize 0.25
NODATA_value -32767
[rows 0 to 25 of 93, columns 59 to 117 of 137]
-32767.0 -32767.0 -32767.0 -32767.0 -32767.0 -32767.0 -32767.0 -32767.0 -32767.0 -32767.0 -32767.0 -32767.0 -32767.0 -32767.0 -32767.0 -32767.0 -32767.0 -32767.0 -32767.0 -32767.0 -32767.0 -0.15941359 -0.20668074 -0.20626609 0.16706014 0.32467487 0.42924958 0.36402822 0.3597123 0.29217124 0.07634044 0.098917656 0.16875115 0.15729403 0.086845435 0.14568007 0.04257714 0.05398049 0.18510786 0.35844845 0.43143168 0.2598287 0.049228914 -0.17398155 -0.17434517 -0.2405712 -0.20173873 -0.12784152 0.072397366 0.17186259 0.20473649 0.19115913 0.2776682 0.34665808 0.35978678 0.42431247 0.32426918 0.26303783 0.20616755
-32767.0 -32767.0 0.041938018 -0.018841958 0.117449105 0.16809809 0.095705755 0.053386122 -0.03612534 -32767.0 -32767.0 -32767.0 -32767.0 -32767.0 -32767.0 -32767.0 -32767.0 -32767.0 -32767.0 -32767.0 -0.13836735 -0.0027520368 0.13885453 0.29680505 0.52977324 0.44095019 0.44378686 0.3261724 0.29133722 0.35439667 0.34913206 0.4237286 0.45018563 0.29030368 0.14351426 0.102430925 0.009867433 -0.011683707 -0.047807366 0.052926615 0.40359765 0.5982513 0.5756502 0.28842708 -0.06688649 -0.119458914 -0.066068254 -0.01900568 0.0026659183 0.07596264 0.13746981 0.16851076 0.23357017 0.3158571 0.36554652 0.32724768 0.25993145 0.22889894 0.23823395
0.104271635 -32767.0 0.06997062 -0.095499575 -0.12531741 -0.06903556 -0.0056463475 0.07664759 0.11224342 0.15943944 0.11229528 -32767.0 -32767.0 -32767.0 -32767.0 -32767.0 -32767.0 -32767.0 -32767.0 -32767.0 0.31561387 0.36288053 0.30313647 0.4067902 0.44651973 0.49276483 0.48021138 0.6859069 0.80820286 0.761923 0.73509437 0.6301803 0.5358259 0.39887273 0.14131252 0.0068848585 -0.029185992 -0.063911006 -0.16787478 -0.12369846 0.12140185 0.26828194 0.32646504 0.17831817 -0.022298649 -0.08162809 -0.12044129 -0.08057523 0.057172745 0.10160289 0.09510126 -0.054128096 0.025344763 0.07598648 0.2567032 0.37922964 0.39081663 0.26368597 -0.2398605
-32767.0 -0.25220814 -0.162838 -0.3111422 -0.25493187 -0.077136084 -0.14594634 -0.11554941 -0.07953205 0.038886968 0.08731885 -32767.0 -32767.0 -32767.0 -32767.0 -32767.0 -32767.0 -32767.0 -32767.0 0.08077956 0.34100947 0.3874164 0.37654722 0.39164838 0.59113747 0.67138284 0.8423105 0.8250101 0.7888712 0.8178958 0.78653705 0.7043162 0.6395691 0.64431626 0.4061683 0.22124633 0.15760446 0.16507877 0.26897666 0.3687876 0.25548875 0.22238511 0.17358547 0.024595458 -0.059509918 -0.07291606 -0.19311339 0.029157497 0.16745688 0.3122184 0.26326826 0.24059202 -0.10603062 -0.11083933 0.0020857956 0.06674338 0.20404479 0.0053601936 -0.12341807
-32767.0 -0.1649234 -0.2019533 -0.27018794 -0.26559216 -0.26957834 -0.15932715 0.06659305 -0.047342245 -0.116943255 -32767.0 -32767.0 -32767.0 -32767.0 -32767.0 -32767.0 -32767.0 -32767.0 -32767.0 -32767.0 -32767.0 0.21589988 0.2866048 0.40178174 0.3809449 0.36888543 0.42294285 0.45063534 0.47816467 0.55301785 0.55918103 0.5942586 0.6110833 0.59202737 0.7509644 0.631299 0.34572983 0.5240986 0.5732787 0.31898117 0.31019226 0.36910674 0.08343993 -0.0011723228 0.025147771 -0.22508293 -0.12903327 -0.09032825 -0.040268905 0.18622813 0.28578398 0.3043592 0.08952853 0.008003265 0.059218984 0.09380998 0.16358161 0.09766107 0.08089959
-0.22360237 -0.21518326 -0.18363683 -0.16424115 -0.22979118 -0.2603428 -0.24807565 -0.20989905 -0.07195381 0.055069286 -32767.0 -32767.0 -32767.0 -32767.0 -32767.0 -32767.0 -32767.0 -32767.0 -32767.0 -32767.0 -32767.0 -32767.0 0.2510228 0.30376315 0.16107525 0.00060812756 0.07682336 0.23109262 0.32364762 0.39977688 0.475077 0.5190155 0.49666977 0.52968776 0.49595943 0.3737945 0.41931254 0.31293982 0.11832781 0.06142896 0.28185925 0.0083974665 -0.20710604 -0.24019071 -0.30316415 -0.2220907 -0.16056761 -0.21629258 -0.27061328 0.10125779 0.28958943 0.34374562 0.18766347 -0.044439584 0.110005625 0.01705173 0.047805164 0.27585518 0.40486813
-0.26848114 -0.26662245 -0.25882444 -0.2425187 -0.2225831 -0.27064985 -0.32022053 -0.21052241 -0.00974092 -0.014893871 -32767.0 -32767.0 -32767.0 -32767.0 -32767.0 -32767.0 -32767.0 -32767.0 -32767.0 -32767.0 -32767.0 -32767.0 -32767.0 0.20855238 0.22134212 0.13254721 -0.008117532 0.09650537 0.09786413 0.26413652 0.31679228 0.3333427 0.34202254 0.32574898 0.23834433 0.2704574 0.17819671 -0.011109148 -0.057937976 -0.12762594 -0.028186083 -0.32816896 -0.4218272 -0.5324005 -0.108251184 0.37044638 0.45542118 0.52914643 0.2779634 0.2911653 0.32663524 0.3787736 0.28006914 0.12132993 0.2573548 0.20544168 -0.0060693137 0.13672532 0.40101123
-0.24521738 -0.29037803 -0.35608205 -0.33449233 -0.28286624 -0.3130247 -0.32928383 -0.18845391 0.078788996 -32767.0 -32767.0 -32767.0 -32767.0 -32767.0 -32767.0 -32767.0 -32767.0 -32767.0 -32767.0 -32767.0 -32767.0 -32767.0 -32767.0 -32767.0 0.29985353 0.24287114 0.038765565 0.0073747635 0.14169066 0.10949017 0.2100636 0.21790898 0.20789848 0.09137973 0.106957905 0.053736195 -0.082815655 -0.06738981 -0.1375792 -0.10681881 -0.23079482 -0.08246383 0.023221474 0.28513905 0.4328754 0.62821466 0.7820103 0.7254605 0.58167404 0.5318515 0.4494922 0.4332829 0.16589236 0.11620351 0.30805066 0.46898952 0.4140701 0.42430672 0.4730616
-0.16275534 -0.17515267 -0.2760513 -0.255197 -0.25318843 -0.24735472 -0.27197248 -0.15331432 -32767.0 -0.027546458 -32767.0 -32767.0 -32767.0 -32767.0 -32767.0 -32767.0 -32767.0 -32767.0 -32767.0 -32767.0 -32767.0 -32767.0 -32767.0 -32767.0 0.24790967 0.27008018 0.14328669 0.22799578 0.28584236 0.1522691 0.11632523 0.028283525 0.09597102 0.17254585 0.16506627 0.021544624 -0.16546156 -0.1228009 -0.08534611 -0.053634457 -0.23301367 -0.075091034 0.22042722 0.39107406 0.602666 0.40334034 0.45598298 0.6500458 0.6122222 0.46383825 0.4416391 0.41816938 0.25143993 0.23056158 0.30633888 0.2728701 0.40022895 0.3039945 0.31615025
-0.1186749 -0.1676239 -0.24253625 -0.23340045 -0.1753021 -0.20784082 -0.21904568 -0.20497173 -0.020593967 0.058289684 0.11654175 -0.002933626 0.020630471 0.060797725 0.013572717 -32767.0 -32767.0 -32767.0 -32767.0 -32767.0 -32767.0 -32767.0 -32767.0 -32767.0 -32767.0 0.21973005 0.1885213 0.12939811 0.30468985 0.2647781 0.057917792 -0.08479447 -0.011223085 0.11693545 0.12115678 0.049939916 -0.15836516 -0.13876522 -0.16021465 -0.21784824 -0.12922005 0.03516496 0.19001876 0.37176928 0.45789585 0.3225716 0.5040301 0.56891364 0.39332378 0.21481456 0.27782324 0.39770558 0.38197348 0.38757446 0.2742828 0.09032612 0.2386093 0.33354032 0.23375176
0.30069256 -0.1459751 -0.25390306 -0.29684758 -0.25992692 -0.20750372 -0.1547575 -0.07367667 -0.030198762 0.09651235 0.13609199 0.14992881 0.0864617 0.01608373 0.0062124203 -32767.0 -32767.0 -32767.0 -32767.0 -32767.0 -32767.0 -32767.0 -32767.0 -32767.0 -32767.0 -32767.0 0.1236119 0.025547367 0.2641542 0.5255569 0.3377459 0.27295846 0.10707515 0.086141124 0.04916485 -0.035926413 -0.1693398 -0.21914475 -0.30870068 -0.27669582 -0.320954 -0.11646511 0.2216532 0.33948013 0.1847748 0.022496343 0.32600552 0.4434874 0.33032668 0.20613371 0.013380004 0.0782936 0.051169388 0.16944046 0.2722604 0.045588925 0.041035578 -0.11233139 -32767.0
-0.17421874 -0.06838727 -0.2707842 -0.31268176 -0.30921227 -0.22073425 -0.15055342 -0.14491671 -0.054453723 -0.013301716 -0.06177821 0.013266753 -0.0023620995 -0.09320006 0.011819614 -0.078923635 0.008381048 -32767.0 -32767.0 -32767.0 -32767.0 -32767.0 -32767.0 -32767.0 -32767.0 -32767.0 -32767.0 0.14801307 0.38089266 0.52998203 0.4908234 0.41294643 0.35463947 0.20855887 0.19965705 0.025173016 -0.06769148 -0.03929461 -0.14862077 -0.1116337 0.0018872865 -0.02075793 0.2940967 0.48852262 0.117910706 -0.14210515 -0.03683302 0.19360644 0.3371677 0.21656087 0.036483906 0.113143586 0.23482744 0.28292793 0.2430805 0.26783404 -32767.0 -32767.0 0.00844356
-0.21950716 -0.13026455 -0.2966082 -0.38234028 -0.32825768 -0.23150328 -0.17701466 -0.15886967 -0.09227203 0.00018508546 -0.052898504 -0.09273167 0.028245619 -0.03522357 -0.10569809 -32767.0 -0.046095848 -32767.0 -32767.0 -32767.0 -32767.0 -32767.0 -32767.0 -32767.0 -32767.0 -32767.0 -32767.0 0.17596145 0.3134601 0.43205243 0.47532544 0.4980289 0.39493787 0.4093267 0.43210965 0.35962707 0.2639271 0.20098647 0.15827239 0.22526315 0.29309532 0.09009433 0.22208913 0.41401052 0.11301012 -0.03969441 0.22543967 0.2691082 0.32189485 0.30470785 0.1402813 0.09310177 0.29221007 0.2596773 0.36457485 0.112897865 -32767.0 -0.028046941 -0.10073695
-0.019398013 -0.13556865 -0.29759198 -0.34844324 -0.31727082 -0.27547312 -0.28178123 -0.32233304 -0.20067883 -0.055181433 -0.018061686 -0.027108975 0.016889874 -0.07180858 -32767.0 -32767.0 -32767.0 -32767.0 -32767.0 -32767.0 -32767.0 -32767.0 -32767.0 -32767.0 -32767.0 -32767.0 -32767.0 0.105358236 0.3732237 0.39646897 0.2603283 0.28186178 0.24167855 0.2924685 0.4052491 0.45555705 0.4834008 0.5031977 0.4858229 0.38467038 0.25905457 0.17385939 0.048221663 0.26401848 0.089320466 0.005665824 0.3284774 0.42316562 0.37837294 0.23229304 0.22016189 0.31176555 0.44203004 0.2889929 0.42511454 0.22924839 0.13042521 -32767.0 0.0065585556
0.012451257 -0.19484253 -0.26768327 -0.3455989 -0.40397242 -0.30657595 -0.3282393 -0.31965154 -0.24932782 -0.11804638 -0.09088668 -0.11721842 -0.10631462 -0.04299603 -0.0034975847 -32767.0 -32767.0 -32767.0 -32767.0 -32767.0 -32767.0 -32767.0 -32767.0 -32767.0 -32767.0 -32767.0 -32767.0 0.071678355 0.33121392 0.38235688 0.16107848 0.24222048 0.32820407 0.40177938 0.5182437 0.44023815 0.20712489 0.17751798 0.1932119 0.045495808 0.06018478 0.13960278 0.19498482 0.16059893 0.43635908 0.30536947 0.2801656 0.33821428 0.4645752 0.37874928 0.39758092 0.51368815 0.4087799 0.2594004 0.095165044 0.0046730265 -32767.0 -32767.0 -32767.0
-0.14639986 -0.19839808 -0.2988297 -0.3023536 -0.34540975 -0.34824145 -0.31047952 -0.2786797 -0.302425 -0.30437163 -0.2566572 -0.13222137 -0.051970128 0.05354622 -0.07971188 -0.043373596 -32767.0 -32767.0 -32767.0 -32767.0 -32767.0 -32767.0 -32767.0 -32767.0 -32767.0 -32767.0 -32767.0 0.23277536 0.3771318 0.39574012 0.48300427 0.2983938 0.30223432 0.20498955 0.29224634 0.22471756 0.06658467 0.37384748 0.6692336 0.42602733 -0.14349087 0.35236692 -32767.0 0.083460316 0.090954855 -0.014804225 -0.028747736 0.09947859 0.34062833 0.43185544 0.39702788 0.5070461 0.39633977 0.28540856 -32767.0 -32767.0 -32767.0 -32767.0 -32767.0
-0.17935675 -0.26882058 -0.33625156 -0.2735371 -0.24997969 -0.27148077 -0.32743093 -0.31730196 -0.30534622 -0.383025 -0.37679812 -0.32674637 -0.24327697 -0.14359088 -0.025019785 -0.037892625 -32767.0 -32767.0 -32767.0 -32767.0 -32767.0 -32767.0 -32767.0 -32767.0 -32767.0 -32767.0 -32767.0 -32767.0 0.4402718 0.3402362 0.1645099 0.21467249 0.21807353 0.16980526 0.129502 0.093791336 0.091450796 0.29040956 0.50643814 0.5525121 0.10775631 0.28764117 0.1361209 0.017147968 0.28873318 0.11540511 -0.0059175743 -0.04901266 0.21768269 0.26530927 0.2038673 0.46506602 0.6575503 0.3276722 -32767.0 -32767.0 -32767.0 -32767.0 -32767.0
-0.14323987 -0.12516107 -0.11862096 -0.16592026 -0.20629254 -0.24219172 -0.2700251 -0.2824755 -0.25200668 -0.28698725 -0.38958588 -0.40498504 -0.33899954 -0.14341396 0.013077692 -0.048016064 -0.048417177 -32767.0 -32767.0 -32767.0 -32767.0 -32767.0 -32767.0 -32767.0 -32767.0 -32767.0 -32767.0 0.22904153 0.47270876 0.45038736 0.36126316 0.22223295 0.13651027 0.17859608 0.14363243 0.118168846 0.049048856 0.08866253 0.2678823 0.4218546 0.41127717 0.38216075 0.46390897 0.4556707 0.46977925 0.58139217 0.5556334 0.41078383 0.33629608 0.36535606 -32767.0 -0.021592 -0.012569497 0.06536924 -32767.0 -32767.0 -32767.0 -32767.0 -32767.0
-0.16825674 -0.17874831 -0.14430508 -0.18506896 -0.22734804 -0.24651545 -0.26046842 -0.25447834 -0.24634892 -0.29488763 -0.40025526 -0.43113285 -0.36924362 0.04183508 0.010231237 -0.0053453627 -32767.0 -32767.0 -32767.0 -32767.0 -32767.0 -32767.0 -32767.0 -32767.0 -32767.0 -32767.0 -32767.0 0.5348109 0.6189539 0.5544463 0.3095458 0.12338616 0.09816114 0.21971124 0.3512333 0.41349265 0.24827737 0.08765687 0.25330755 0.4079958 0.44816798 -32767.0 -32767.0 0.08893863 0.07500825 -32767.0 -32767.0 -32767.0 -32767.0 -32767.0 -32767.0 -32767.0 -32767.0 -32767.0 -32767.0 -32767.0 -32767.0 -32767.0 -32767.0
-0.14652723 -0.14679837 -0.1957853 -0.3034037 -0.36064914 -0.3467664 -0.41031983 -0.40216622 -0.34399658 -0.37793332 -0.43517414 -0.3591533 -0.057192877 -0.028609678 -0.0071749683 -32767.0 -32767.0 -32767.0 -32767.0 -32767.0 -32767.0 -32767.0 -32767.0 -32767.0 -32767.0 -32767.0 0.4969442 0.5758725 0.46726006 0.31095162 0.29693553 0.30448955 0.3546484 0.46960944 0.57476395 0.487786 0.29850018 0.19936177 0.31313002 0.3020472 -32767.0 -32767.0 -32767.0 -32767.0 -32767.0 -32767.0 -32767.0 -32767.0 -32767.0 -32767.0 -32767.0 -32767.0 -32767.0 -32767.0 -32767.0 -32767.0 -32767.0 -32767.0 -32767.0
-0.21008505 -0.21928596 -0.3193048 -0.39552355 -0.3582581 -0.38260457 -0.40096936 -0.41376582 -0.2789446 -0.26223397 -0.27688524 -0.22819246 0.0076056616 -0.02914083 -0.024909735 -32767.0 -32767.0 -32767.0 -32767.0 -32767.0 -32767.0 -32767.0 -32767.0 0.21691458 0.23703267 0.48842898 0.6466347 0.55843025 0.2557575 0.1495629 0.27922827 0.26661682 0.399878 0.45968854 0.44457096 0.43977514 0.44930786 0.38311502 -32767.0 -32767.0 -32767.0 -32767.0 -32767.0 -32767.0 -32767.0 -32767.0 -32767.0 -32767.0 -32767.0 -32767.0 -32767.0 -32767.0 -32767.0 -32767.0 -32767.0 -32767.0 -0.03992585 -32767.0 -32767.0
-0.20741677 -0.15519561 -0.26221848 -0.32314774 -0.31253117 -0.33325145 -0.3434186 -0.3117259 -0.103946954 -0.10857779 -0.18892652 0.05472333 0.02534984 0.0967408 0.0071670124 -32767.0 -32767.0 -32767.0 -32767.0 0.09924866 0.14029491 0.22133859 0.40146574 0.33657834 0.47191092 0.3816019 0.50988245 0.2431172 0.19817792 0.10187245 0.31245762 0.41612855 0.45766053 0.33989882 0.22864291 0.34999585 0.24264835 -32767.0 -32767.0 -32767.0 -32767.0 -32767.0 -32767.0 -32767.0 -32767.0 -32767.0 -32767.0 -0.040401917 -0.045543168 -32767.0 -32767.0 -32767.0 -32767.0 -32767.0 -32767.0 -32767.0 0.031411994 -32767.0 -32767.0
-0.19079304 -0.17870234 -0.23343503 -0.27250096 -0.29614443 -0.3747355 -0.35675362 -0.20093083 -0.09724065 -0.15896176 -0.1488285 -0.006788926 0.20347783 0.07369477 -32767.0 0.07258413 -32767.0 0.030571455 -32767.0 0.11631344 -32767.0 0.3969307 0.37487084 0.4115449 0.32263437 0.36553243 0.39794663 0.2678279 0.52164215 0.7130821 0.6623618 0.5903701 0.4368737 0.25080517 0.23933716 -32767.0 -32767.0 -32767.0 -32767.0 -32767.0 -32767.0 -32767.0 -32767.0 -0.027370967 -0.06296221 -0.07095507 -0.027234014 0.09279564 0.07684583 0.090141825 0.056902897 -32767.0 -32767.0 -32767.0 -32767.0 -32767.0 0.0444121 -0.05367403 0.28927657
-0.19141403 -0.22617683 -0.18793446 -0.090203434 -0.15014286 -0.17030664 -0.1924826 -0.18232377 -0.19274594 -0.1217099 -0.16992888 -0.18693186 0.041466493 0.28379056 0.32497433 0.39219233 0.5272551 0.4380952 0.40735906 0.4765863 0.4151366 0.54234976 0.5742253 0.6019303 0.55818653 0.41072693 -32767.0 0.32134017 0.5563565 0.59150094 0.559112 0.4376071 0.17969693 -32767.0 -32767.0 -32767.0 -32767.0 -32767.0 -0.11799871 -0.185628 -0.076209605 -0.007003975 -0.07476088 -0.04662502 0.006074102 -32767.0 -32767.0 0.073405825 -0.013770396 0.14134927 -32767.0 -32767.0 -32767.0 -32767.0 -32767.0 0.30021733 0.83283997 0.6763787 0.82794243
-0.21579461 -0.19946499 -0.29058403 -0.18385647 -0.17859381 -0.22550607 -0.258368 -0.30318922 -0.2982447 -0.13176167 0.07593839 0.035998747 0.12529245 0.15342972 0.28289568 0.4371187 0.4974614 0.59926414 0.7063851 0.70813847 0.6270486 0.49288654 0.54432243 0.70036095 0.7215434 0.63189054 0.5872107 0.64547503 0.5952112 0.41308016 0.23380399 0.26554453 0.091683745 -0.0262925 -32767.0 0.017482253 -0.032252148 -32767.0 0.050673433 -0.07906089 -0.1406316 -32767.0 -0.041856274 -0.031611845 -32767.0 -32767.0 -32767.0 -32767.0 0.043475263 -0.034240652 -32767.0 -32767.0 -32767.0 -32767.0 0.2494989 0.2700671 0.34029257 0.38147408 0.34897372
-0.36804023 -0.25888827 -0.2340984 -0.23878407 -0.24871607 -0.333518 -0.32445157 -0.30892062 -0.27044466 -0.20364983 -0.053630352 0.046447933 0.070007004 0.13650426 0.22999223 0.31872195 0.39389804 0.20591465 0.17565954 0.24155964 0.3922398 0.31182632 0.4517098 0.5088859 0.53574634 0.52875304 0.53924704 0.38838515 -32767.0 0.27963078 0.21415807 -32767.0 -32767.0 0.022236396 0.058717683 0.11058678 0.21094118 0.13716853 0.069325045 0.015001312 -32767.0 -32767.0 -32767.0 -32767.0 -32767.0 -32767.0 -32767.0 -32767.0 0.09704625 0.041137863 0.10173494 -32767.0 -32767.0 -0.006531135 0.03380791 0.012962048 -0.029136492 0.02041585 0.15856911
