static/data/seaWater_uo/2023/7/5/12.asc
ncols 137
nrows 93
xllcorner 108.0
yllcorner 17.0
cellsize 0.25
NODATA_value -32767
[rows 26 to 51 of 93, columns 58 to 115 of 137]
0.36665487 0.32373482 0.4469097 0.44543907 0.35142225 0.31812528 0.32050106 0.2756714 0.33523157 0.2970811 0.23168226 0.14208534 0.09857317 0.088452056 0.07838097 0.09955838 -32767.0 -32767.0 -0.039437585 -0.0032794739 0.08649755 0.20448846 0.32124737 0.22477987 0.13192959 -0.014319837 -0.062188588 -0.015047049 0.052738406 -0.0017638615 0.013353666 -32767.0 -32767.0 -32767.0 -32767.0 -32767.0 -32767.0 0.13372865 0.10140268 0.18642962 -32767.0 -32767.0 -32767.0 -32767.0 -32767.0 -0.020185063 -32767.0 0.06957082 0.16167542 0.14929128 0.37458917 0.52618074 -0.002813839 -32767.0 0.16850291 -0.040949658 -0.06906726 -0.0072771087
0.33922145 0.26374128 0.37059763 0.45987037 0.3029883 0.27155912 0.22087666 0.22203548 0.19726653 0.14580052 0.1290527 0.12829214 0.09458527 0.057469975 0.027751688 -32767.0 -32767.0 0.10290542 0.19193617 -0.07908659 -0.02179764 0.11531278 0.2373584 0.27635327 0.037751846 0.02898523 0.051220074 -0.06743527 -32767.0 -32767.0 -32767.0 -32767.0 -32767.0 -32767.0 -32767.0 -32767.0 -32767.0 0.12825401 0.12060014 -0.028665777 -32767.0 -32767.0 -32767.0 0.074506104 0.2934208 0.49066758 0.49877337 0.20980145 0.36536595 0.5224488 0.4815027 0.4124928 0.25251088 -0.022139873 -0.09416034 -0.166949 -0.11129692 -0.06798773
0.057562485 0.10854109 -0.008575151 0.16241151 0.15108907 0.24136999 0.25252533 0.111378886 0.1350366 0.11161251 0.07407646 0.046639625 0.009155015 -0.057964116 -0.030275086 -0.004393842 0.079325855 0.24745189 0.23055108 0.15628912 0.14863141 0.1446457 0.15362771 0.08550354 0.012626579 0.02621611 -32767.0 -0.092239074 -0.08742874 -32767.0 -32767.0 0.099254705 -32767.0 -32767.0 -32767.0 -32767.0 -32767.0 -32767.0 0.20168313 0.21500641 -32767.0 -32767.0 0.11292237 0.2879252 0.12714493 0.097176164 0.17762685 0.3689463 0.5178647 0.52889085 0.56187487 0.4560297 0.40789255 -0.07273031 -0.12762041 -0.13184874 -0.065583386 -0.10141604
0.19724718 0.06544856 0.037238788 -0.020321125 -0.020572547 0.019920269 0.13179469 -0.06759133 -0.07046601 0.01817615 0.05255251 0.073321916 0.016353652 0.07186786 0.022469312 0.08174721 0.0468937 0.12815121 0.28421813 0.18928336 0.13534918 0.0558625 0.049985144 0.05146735 0.00094753597 -32767.0 -0.014735658 -0.07393147 -0.11828156 -0.057795633 -0.11182651 -32767.0 -0.06443736 -32767.0 -32767.0 -32767.0 -32767.0 -32767.0 0.2284472 0.58969104 0.44906178 0.105238885 0.3647238 0.01444517 0.06421358 0.19135635 0.33338094 0.46894997 0.5360495 0.5959033 0.48434612 0.41804674 0.43009472 -0.0022739472 -0.06017049 -0.04002205 -0.029013649 -0.06365066
0.19122624 0.12796378 -0.057405215 -0.03180731 -0.107677884 -0.20213024 -0.23698048 -0.16224654 -0.1317367 -0.10028499 -0.06463731 0.051441163 0.08313537 0.142454 0.12489883 0.12173219 0.0674752 0.011100154 -0.0045662327 0.010162549 0.0009865125 -0.11351687 -0.115378305 -0.095228575 0.005357415 0.30716202 0.20575598 0.110179715 -0.041653614 0.066901796 -0.010306818 -0.025400203 0.041082416 -32767.0 -32767.0 -32767.0 -32767.0 0.15619095 0.35320598 0.29290402 0.25391188 0.15219954 -0.09499568 0.04472248 0.250962 0.37789622 0.49332547 0.68120545 0.8222664 0.7898969 0.6150856 0.45325518 0.33556232 0.106627636 -0.004525938 0.08768495 0.018716788 0.020994818
0.29751682 0.13658261 0.018222412 -0.08655594 -0.031318296 -0.0209619 -0.020303952 -0.100666896 -0.052390378 -0.13933283 -0.17049353 -0.1344039 -0.07874206 -0.097310364 -0.005560045 0.025574783 -0.10552377 -0.12092781 -0.09480688 -0.023654962 -0.01330469 -0.027524525 -0.0537044 -0.09667474 -0.03009031 0.04921014 0.06095463 -0.031473555 -0.09108313 -0.123021975 0.03986614 0.044295907 0.025043065 -32767.0 -32767.0 -32767.0 -32767.0 0.22601743 0.16166505 0.111036494 0.10267108 0.04350771 0.011405809 0.33152154 0.52677894 0.66031885 0.91522956 1.1227455 1.1390927 1.0037591 0.8023077 0.49800977 0.22327255 0.05436879 0.1327925 0.09395484 0.006473429 0.11100796
0.3548783 0.23834626 0.11177128 0.11566732 0.09393334 0.0017448888 -0.039544255 -0.03022632 -0.04760014 -0.024685867 0.02678949 -0.013860126 -0.196543 -0.20597689 -0.113458626 -0.07785076 -0.11973856 -0.09975165 -0.23022991 -0.21006969 -0.14436617 -0.08577506 -0.11993881 -0.078335784 0.013668577 0.080785915 0.09698105 0.06339252 0.019641753 -0.13229194 -0.07859806 -32767.0 -32767.0 -32767.0 -32767.0 -32767.0 0.059394736 -0.04629543 0.09293446 0.09968807 0.16208942 0.54159194 0.7447761 0.7435153 0.862073 1.1093358 1.262417 1.1516876 0.9330047 0.80595475 0.74496675 0.4708573 0.124332525 0.039812103 0.13140006 0.020917123 -0.0116308285 0.082541
0.24180223 0.18392181 0.14972611 0.18354988 0.17156011 0.15683264 0.12767433 0.09920905 0.006589743 -0.03687387 -0.046379063 -0.1094633 -0.011602089 -0.1964763 -0.18730657 -0.13260047 -0.069869615 -0.06979864 -0.08031108 -0.1162805 -0.16050999 -0.10215542 -0.12142277 -0.14296712 -0.04010115 0.05728301 0.057003323 0.032580446 0.028698841 0.15340686 -0.07491229 -32767.0 -32767.0 -32767.0 -32767.0 -32767.0 0.047245532 0.07457679 0.36314386 0.5710701 0.74203694 0.9538742 1.0749042 1.1792222 1.2074256 1.1874585 0.9210372 0.798079 0.6472181 0.5646049 0.5752054 0.46825945 0.13923569 0.08441576 0.083344854 0.05028295 -0.08019433 -0.11297883
0.17299828 0.12696487 0.21187867 0.1741024 0.11793328 0.05452665 0.0998511 0.052428134 -0.10342698 -0.12719752 -0.09090957 -0.14860977 -0.1104716 -0.123332456 -0.19855982 -0.1694181 -0.07191187 -0.052154295 -0.055161003 -0.07006896 -0.11809356 -0.18756814 -0.13783148 0.006658221 0.04491368 0.053812083 -0.14717367 -0.15493104 -0.05105104 0.05158326 0.023237096 -0.018199619 -32767.0 0.057447787 -32767.0 -32767.0 0.019285453 0.41428426 0.63871825 0.76597196 0.9950856 1.1942692 1.275704 1.2691793 1.1046677 0.7338014 0.90530294 0.9858216 0.9537364 0.5632984 0.47622332 0.46268535 0.2524914 0.08825934 0.16504301 0.19567229 -0.1394309 -0.004154855
0.23863128 0.19634762 0.094808094 0.047938548 -0.057827216 -0.041854788 -0.023948947 -0.07960754 0.08194413 0.041654162 0.06135031 -0.030352572 -0.058015663 -0.102747776 -0.046261474 -0.14623265 -0.040429916 -0.0014950339 0.029457137 0.053374168 0.05137901 0.09582751 0.13772503 0.13714467 0.044438098 -0.06408513 -0.30792457 -0.27323025 -0.15012977 0.031343523 -0.010601123 0.12672538 -0.0027385051 0.012032846 -32767.0 0.029594738 0.5833164 0.72964257 0.75627255 0.7034367 0.61140615 0.6273309 0.6471409 0.6253473 0.36738566 0.64573324 0.6688237 0.66338146 0.75784564 0.6540888 0.43421203 0.4189731 0.29568276 0.12854038 0.21444656 0.2867552 0.076515764 0.20214552
0.03126963 0.0980018 0.13674125 -0.017753858 -0.15596688 -0.11329339 -0.20996377 -0.15445234 -0.09193556 -0.08711032 -0.13898829 -0.060736325 -0.0720134 -0.11613668 -0.06399855 -0.07546573 -0.052514084 0.005863432 0.05360524 0.022184132 0.1355829 0.16558672 -0.027433975 -0.109209135 -0.169136 -0.17243788 -0.21162367 -0.12596735 -0.061995286 0.011525282 0.06391984 0.19968241 0.33769742 -32767.0 0.9657605 1.1095269 0.3091987 0.44678095 0.39786115 0.5015744 0.511083 0.4729408 0.30600515 0.045415238 0.19429761 0.259302 0.29763886 0.34040013 0.32923615 0.4155154 0.39126253 0.33387738 0.25585777 0.12786104 0.29347044 0.34229383 0.28528962 0.4539532
0.11330945 -0.067092955 0.06177924 0.028637579 -0.005145748 -0.074502714 -0.17918 -0.24282245 -0.067502394 -0.050258134 -0.0548004 -0.07969338 -0.11153962 -0.2006438 -0.18208836 -0.09106257 -0.027930446 -0.05807554 -0.16316938 -0.16121219 -0.09895605 -0.16176593 -0.24208096 -0.28418237 -0.32875046 -0.3062733 -0.11280834 0.09042497 0.16524826 0.11194922 -0.08300838 0.2433939 0.12602364 0.30688563 0.30121878 -0.16051987 0.26481655 0.27633157 0.36364153 0.40801638 0.4418435 0.40098193 0.22478947 0.20294419 0.100042626 0.07171689 -0.0034198842 3.4116092e-05 0.010396408 0.24336828 0.35367694 0.30885586 0.1845859 0.13629739 0.28673822 0.42022935 0.41677696 0.49588493
-0.10155326 -0.15921646 -0.04543374 -0.17599745 -0.20801601 -0.23177637 -0.13678205 -0.2321122 -0.27497935 -0.069508284 -0.060124274 -0.017244963 -0.012384966 -0.02181031 -0.011457757 -0.05657698 0.022385545 0.0938615 0.004706555 -0.16467334 -0.18963441 -0.31353804 -0.2854314 -0.35021818 -0.41463992 -0.44377753 -0.3045936 -0.002671747 0.3128008 0.53775215 0.5448639 -32767.0 0.35138062 0.23863755 -32767.0 0.2777237 0.48292422 0.34939933 0.43776718 0.42581615 0.3316692 0.33175674 0.19489661 0.376541 0.23441578 0.009540511 -0.10605564 -0.025929486 0.08384774 0.20574987 0.3201614 0.36593938 0.21034445 0.113489375 0.2558128 0.45758107 0.44417056 0.56734484
-32767.0 -0.23127104 -0.25102624 -0.3223368 -0.29105568 -0.29136136 -0.27293754 -0.22031003 -0.26371318 -0.18270557 -0.09517791 -0.029166672 0.006813238 -0.018774785 -0.0007717164 0.047377784 0.027998973 0.098466724 0.082139015 -0.008158033 -0.057161298 -0.15713942 -0.17518081 -0.18608448 -0.21410462 -0.30165836 -0.27011758 -0.086170115 0.2129793 0.5355775 0.64405286 0.5842036 -32767.0 0.1397571 0.3324105 0.6347613 0.83558524 0.8890652 0.663118 0.5210103 0.26333147 0.17093037 0.13304023 0.26298556 0.21487835 -0.023022026 -0.10553644 0.13489072 0.26154727 0.20526274 0.37497652 0.5169263 0.3866249 0.20335783 0.25774038 0.36102438 0.5699885 0.9291876
-0.39390245 -0.09831432 -0.16408142 -0.15935971 -0.12599136 -0.08376509 -0.17611507 -0.289049 -0.15626657 -0.24790053 -0.13847543 -0.025436265 0.034674805 0.044053186 0.08427439 0.14324124 0.121617235 0.027634567 -0.0149019025 0.037495878 0.18942426 0.27043077 0.4364763 0.49040848 0.47418928 0.42837724 0.4380025 0.5068578 0.5206371 0.5689133 0.3854418 0.7895854 0.8177192 0.76466316 0.83681536 0.736082 0.5125316 0.4585228 0.4236231 0.37008193 0.18234031 0.061393175 0.06255403 0.10144586 0.073574714 -0.085937634 -0.18008345 0.0534426 0.37627727 0.41268513 0.4417473 0.615517 0.76071227 0.65056694 0.6277415 0.8310967 1.0769293 0.9672557
0.0043695644 -0.16786289 -0.29856804 -0.27493382 -0.20949149 -0.122768246 0.0023987442 -0.15707712 -0.17778507 -0.20784116 -0.22169188 -0.08539567 0.03157122 0.0910739 0.107354686 0.11305348 0.11243154 -0.09915723 -0.030774761 0.23246554 0.42276514 0.60310715 0.78153676 0.94356304 1.0900354 1.1807715 1.151453 1.0246009 0.7940574 0.6549204 0.21724033 0.26185882 0.50655144 0.635574 0.5052904 0.46571657 0.35735142 0.20596743 0.2344485 0.17409465 0.17245616 0.09735989 0.12689565 0.15594633 0.13330105 -0.03903549 -0.21364085 -0.14515217 0.18723507 0.4920419 0.5950588 0.66781175 0.79846853 1.0578779 1.2006252 1.1416324 0.90569144 0.686658
-0.30104446 -0.5788084 -0.3564766 -0.19790156 -0.2205328 -0.19155411 -0.16309951 -0.06452505 -0.10261781 -0.02681291 -0.08414293 -0.015818281 0.042259425 0.06118089 0.018158164 -0.007742014 -0.06635345 -0.11545865 0.11451196 0.32700464 0.5033608 0.7380204 0.9225898 1.0319083 1.0191926 1.0137819 0.93950135 0.8342613 0.7236213 0.8207427 0.4172949 0.24517335 -0.035471793 0.24437429 0.42539212 0.4549365 0.3441922 0.27423915 0.14519423 0.010729399 0.15927252 0.26002586 0.1735927 0.26455426 0.35580555 0.35794774 0.11522923 0.027376544 -0.0073722186 0.27193558 0.49302804 0.6480266 0.7543937 0.82282 0.88248444 0.85581017 0.75109136 0.5284174
-0.25627348 -0.21352395 -0.19716133 -0.22224589 -0.22094692 -0.11677505 -0.024076978 -0.011876425 -0.010936518 -0.010519311 0.03206459 -0.009057192 -0.041950136 -0.09805603 -0.11856553 -0.062020835 -0.07085842 -0.0028562315 0.13588004 0.31874266 0.5885615 0.7310787 0.7844177 0.78598297 0.7166572 0.63853806 0.57357967 0.5979251 0.63653475 0.36642998 0.42789432 0.50678986 0.636039 0.5057902 0.3621879 0.16797946 0.0718298 -0.033976376 0.016273115 0.19762504 0.26951057 0.3610188 0.38890523 0.36801636 0.44012344 0.5027374 0.4285783 0.29362983 0.12449713 0.09963951 0.2389684 0.3740255 0.46192172 0.54439235 0.57450044 0.5054099 0.31803998 0.23543982
-0.06878998 0.11660406 0.14160207 0.14968982 0.0052568214 0.124228835 0.12232227 0.09624144 -0.0020001116 -0.042852428 -0.0027920431 -0.051357493 -0.052119985 0.004928865 0.024483034 -0.054347787 0.03595495 0.024450654 0.120633446 0.33809277 0.453427 0.53073764 0.49391186 0.3688102 0.35491082 0.36505488 0.32190743 0.32115093 0.11444046 0.3981389 0.47216266 0.42396623 0.40217 0.24371882 0.057732236 -0.0716904 0.03278206 0.30553398 0.47173837 0.5284269 0.4971112 0.50262797 0.52691364 0.5364121 0.5665176 0.5317782 0.39670485 0.31619713 0.17995453 0.058761522 0.06048197 0.13620408 0.2003458 0.280726 0.28800678 0.25065196 0.21434435 0.063841864
0.11273774 0.09619936 0.24954228 0.22934414 0.36518762 0.15478656 0.23904206 0.13937852 0.04374135 -0.037455894 -0.027854763 -0.002351969 0.008381643 -0.008325686 0.01736853 0.079136446 0.110763796 0.047366217 0.20060576 0.31621298 0.36838374 0.38429192 0.2847738 0.16656478 0.16803545 0.1343427 0.15734638 0.21300277 0.16082728 0.21736611 0.2364294 0.30239183 0.20953526 0.104145475 0.16569495 0.37550566 0.5310878 0.5080063 0.42275685 0.33205143 0.3121606 0.2757056 0.2788897 0.3276103 0.37296775 0.41279265 0.3931798 0.2500731 0.048878 -0.06197457 -0.1022245 -0.112535104 0.05769162 0.1342193 0.12797019 0.048944373 -0.07826671 -0.20360485
0.31704766 0.51171696 0.52423835 0.3551564 0.24621004 0.18892454 0.18016717 0.15776089 0.025865301 -0.02230419 -0.15744056 -0.12949762 -0.06499416 -0.013558131 -0.03165161 -0.03201382 0.024905927 0.14633267 0.28866655 0.365663 0.35749325 0.29309055 0.17216453 0.09474302 0.14429095 -0.061968595 -0.002078886 0.07299533 0.09753576 0.1183206 0.05123183 -0.0486448 -0.036917113 0.19525374 0.45132965 0.5078918 0.45594186 0.30553937 0.26472506 0.19202945 0.17865044 0.22698756 0.10547839 0.092268445 0.08615762 0.087707594 0.10622126 0.018032398 -0.1274402 -0.19379514 -0.281058 -0.19884881 -0.17972389 -0.081005 -0.07956147 -0.20733657 -0.28006983 -0.11090409
0.50273806 0.38655546 0.41735196 0.28519982 0.14678288 0.07438966 0.1308706 0.12057048 0.060260978 -0.037918948 -0.16312777 -0.15060344 -0.059827134 0.0882477 -0.009946114 -0.057527386 -0.027902227 0.16966628 0.4749783 0.47707564 0.3352356 0.2258354 0.11846936 -0.017446917 -0.25167337 -0.20287466 -0.09127322 -32767.0 -0.080965295 -0.1535218 -0.23721448 -0.0014891338 0.19134676 0.28851286 0.2696375 0.20065121 0.16060682 0.15247904 0.10801083 0.15307166 0.24064326 0.27862072 0.2129317 0.11161289 -0.009892871 -0.0695291 -0.1565598 -0.2177756 -0.27758887 -0.35653892 -0.35827973 -0.41711235 -0.42041138 -0.4455661 -0.40879405 -0.37613097 -0.15342504 -0.105220556
0.5027911 0.33864325 0.29400173 0.22269903 0.11311182 0.14968954 0.12763953 0.14339492 0.16086397 0.10738241 0.07199719 0.11491392 0.04791194 0.06762433 0.05635351 0.12804636 0.24318999 0.56186765 0.66608685 0.48920324 0.23833102 0.18291181 0.092490256 0.09954647 0.061086293 0.06749504 -0.041139152 0.030160872 -0.20994534 0.007672419 0.11264548 0.130582 0.16356894 0.065889396 0.02608457 0.008405139 0.028759189 0.0282825 0.09710296 0.19140574 0.21897969 0.14785814 0.15101336 0.038623307 -0.10081519 -0.1696353 -0.30068532 -0.3347839 -0.41286746 -0.42677382 -0.4316095 -0.2985287 -0.29249066 -0.28090018 -0.22577135 -0.094808854 0.015152884 0.06963767
0.39151445 0.26107547 0.28214318 0.25966248 0.20109636 0.32154983 0.4121095 0.17906286 0.19337143 0.25695422 0.21348687 0.1563749 0.10118416 0.11047663 0.16817465 0.32549685 0.6570024 0.77110165 0.59797645 0.33010745 0.15349971 0.10383174 0.07718169 0.051492818 -0.01328349 -0.04412934 -32767.0 -0.22511843 -0.017609118 0.08331372 0.0985788 0.101627484 -0.05371051 -0.051331203 -0.079020485 -0.071147665 -0.082802355 -0.01643622 0.070952065 0.012253762 -0.027848499 0.055635564 0.029142763 -0.14630091 -0.22819948 -0.30127716 -0.40083733 -0.48464024 -0.5225289 -0.4294785 -0.3214523 -0.34896544 -0.24323882 -0.071240805 0.074707575 0.14889891 0.19498546 0.23619534
0.24070974 0.1994058 0.22069648 0.21978657 0.19938214 0.17222807 0.24589974 0.2568412 0.25818548 0.25704613 0.21119137 0.17801899 0.17655852 0.26381972 0.4515882 0.71602875 0.76907486 0.6110883 0.35908693 0.19776368 0.11511231 0.027413724 0.045134634 0.04809333 0.046554342 0.17663217 -0.094353564 -0.11757695 0.024651447 0.017465342 0.063443355 -0.096794076 -0.10334353 -0.124779895 -0.1286357 -0.10739153 -0.13415349 -0.074009515 -0.08598301 -0.1926777 -0.15490966 -0.23408449 -0.23201434 -0.40035343 -0.31033677 -0.5174554 -0.5522454 -0.61625123 -0.5332293 -0.30048394 -0.30071327 -0.23578343 -0.20078167 -0.18442197 -0.12754156 -0.06852515 -0.0074928626 0.089264154
0.26598024 0.17089131 0.12693734 0.16688187 0.18012768 0.21451882 0.23190525 0.19138213 0.18872489 0.21775176 0.16584781 0.12890399 0.24103476 0.48404238 0.68758327 0.69923264 0.5804762 0.3865209 0.24480315 0.18987325 0.0940693 0.0042944346 -0.028350657 0.021760266 0.08264284 -0.013903656 -0.15432672 -0.102420695 -0.02040055 0.034613647 -0.14635235 -0.19309117 -0.16116984 -0.17012629 -0.1464196 -0.1455438 -0.15922701 -0.15091333 -0.2157428 -0.28916305 -0.33602658 -0.4126534 -0.47177288 -0.39793536 -0.5452419 -0.64352083 -0.6780751 -0.591763 -0.39512393 -0.4140816 -0.36575195 -0.35512584 -0.30917707 -0.2175007 -0.1339438 -0.10990094 -0.114397585 -0.04461583
