static/data/seaWater_uo/2023/7/5/18.asc
ncols 137
nrows 93
xllcorner 108.0
yllcorner 17.0
cellsize 0.25
NODATA_value -32767
[rows 25 to 49 of 93, columns 58 to 115 of 137]
0.3688227 0.23892051 0.18619211 -0.0013797595 0.03501694 0.0508294 0.015744885 0.03591734 0.032086562 0.12257983 0.17614721 0.30624115 0.35239875 0.35459644 0.42753333 0.49711692 0.5382744 0.5044191 0.11833173 0.18435034 0.19323559 0.23792972 0.21746321 0.25837284 0.20469119 0.23704953 0.2760044 0.32415473 0.25871757 -32767.0 0.06911149 0.1310921 -32767.0 -32767.0 -0.01738777 -0.08595013 -0.124455124 -0.05747289 -0.15638173 -0.035534248 0.0087011885 -32767.0 -32767.0 -32767.0 -32767.0 -32767.0 -32767.0 -32767.0 -32767.0 0.13812959 0.060899552 0.00392551 -32767.0 -32767.0 0.032847334 0.04262006 0.06570005 0.06006321
0.19135322 -0.017004285 0.14012358 0.013481584 0.008592117 0.047352772 0.0293726 0.20776333 0.20905082 0.28949204 0.34647503 0.3682047 0.39397633 0.3731877 0.3787338 0.2683561 -32767.0 -32767.0 0.10587475 0.21125494 0.23383439 0.31997076 0.38307157 0.18674818 0.18552561 0.037184168 0.11800594 0.1963354 0.07376188 -0.07981653 -0.06469161 -32767.0 -32767.0 -32767.0 -32767.0 -32767.0 -32767.0 -0.1406575 -0.20421253 -0.12208768 -32767.0 -32767.0 -32767.0 -32767.0 -32767.0 -0.1388053 -32767.0 -0.09116649 -0.10180979 -0.09646983 0.16455415 0.14135893 -0.02570524 -32767.0 0.015151241 -0.10775709 -0.1321828 -0.05127655
0.42871496 0.2638231 0.3804441 0.20099801 0.08616738 0.16271544 0.093835816 0.19112256 0.3435337 0.3307032 0.39934954 0.455572 0.3304419 0.33172998 0.27474934 -32767.0 -32767.0 -0.11401085 0.15807587 0.09917756 0.03395366 0.18725035 0.25601643 0.25774047 0.13333835 0.083044805 0.10818104 0.02525378 -32767.0 -32767.0 -32767.0 -32767.0 -32767.0 -32767.0 -32767.0 -32767.0 -32767.0 0.05757458 -0.19222774 -0.29816666 -32767.0 -32767.0 -32767.0 -0.06804827 -0.047684956 0.22004914 0.19064705 0.021063685 0.135401 0.3329482 0.35978583 0.28502056 0.033892676 -0.15981154 -0.2053479 -0.18651357 -0.17083332 -0.17727715
0.18612708 0.21570934 0.21106423 0.31009522 0.4254789 0.35044193 0.20891722 0.29302964 0.36439255 0.3641817 0.37833858 0.36312637 0.2784916 0.27682728 0.28222254 0.2563785 0.23693866 0.27447906 0.07770129 0.07349144 0.13338748 0.22991484 0.24552822 0.20760547 0.15256527 0.13406238 -32767.0 -0.076304525 -0.09094421 -32767.0 -32767.0 0.055675577 -32767.0 -32767.0 -32767.0 -32767.0 -32767.0 -32767.0 0.14068282 -0.15318337 -32767.0 -32767.0 -0.07137548 -0.046635915 -0.022445356 -0.15493144 -0.026813984 0.16382442 0.30063784 0.37032464 0.44041348 0.34694543 0.21616283 -0.0743666 -0.16115339 -0.08376508 -0.14179501 -0.2661971
0.24507812 0.16240509 0.07721702 0.18458533 0.3090384 0.410401 0.340618 0.21432005 0.2707814 0.26977143 0.29530725 0.28523293 0.2461897 0.20812057 0.15169337 0.13666867 0.19500113 0.30334657 0.24645653 0.23709057 0.18863022 0.17144087 0.13901679 0.15283427 0.16857366 -32767.0 -0.040554836 -0.022526402 -0.09666023 -0.13411246 -0.10429145 -32767.0 -0.09687075 -32767.0 -32767.0 -32767.0 -32767.0 -32767.0 -0.07397934 0.22319072 0.19623923 -0.12683985 0.10690479 -0.17243832 -0.20119986 0.033793468 0.21335633 0.37074256 0.41949835 0.40125686 0.3757506 0.3230892 0.32758448 0.024972767 -0.038225327 -0.0347367 -0.06353561 -0.26091605
0.33223364 0.24940073 0.16330373 0.031682454 0.1656987 0.254118 0.14578296 0.27369878 0.38783857 0.37927714 0.31940383 0.3207134 0.33138767 0.3551154 0.28101254 0.1380939 0.18235993 0.21596563 0.16151598 0.12750848 0.13683233 0.12980103 0.07462892 0.101346366 0.20800696 0.24745779 0.25012538 0.14000578 0.0014161227 -0.04037019 -0.146263 -0.05320278 0.03993479 -32767.0 -32767.0 -32767.0 -32767.0 -0.08373911 0.19020683 0.16495833 0.17005222 -0.12531352 -0.2971911 -0.1384561 0.044700056 0.20149767 0.42182642 0.58846694 0.67431206 0.6160398 0.51592726 0.42352235 0.4149661 0.19589767 0.14992955 0.035876 -0.009971468 -0.28203002
0.38609916 0.23846991 0.10085289 0.052000392 0.14861983 0.23901466 0.19149847 0.13599627 -0.0052455957 0.042714294 0.19801281 0.17677349 0.33726496 0.44151124 0.35980585 0.20332372 0.17777796 0.106240116 0.18914683 0.25480357 0.24703494 0.17767626 0.10812487 0.0891575 0.061678685 0.13186936 0.14388995 0.063447185 -0.0234003 -0.20219791 -0.031955864 -0.052650347 -0.019382156 -32767.0 -32767.0 -32767.0 -32767.0 0.07370612 -0.0003985084 -0.0040833466 0.030374998 -0.16222288 -0.1193814 0.15513696 0.32047442 0.53935546 0.74763364 0.87475324 0.89065504 0.7995244 0.6462566 0.53008866 0.41729346 0.27797017 0.2715268 0.05072215 -0.05218848 -0.35803407
0.31829578 0.3009065 0.15103666 0.2098328 0.21631606 0.096605286 0.15076983 0.21517457 0.24631055 0.22814968 0.12188992 0.107689954 0.1451652 0.2605689 0.25493705 0.17863938 0.10080653 0.082219936 0.089723684 0.11164725 0.20973209 0.15827501 0.091970555 0.047058657 0.12111761 0.13484746 0.13499029 0.094289385 0.010987889 -0.10425921 -0.09802503 -32767.0 -32767.0 -32767.0 -32767.0 -32767.0 0.010841979 -0.16341557 -0.07210776 -0.1909509 0.009375469 0.3649469 0.6414246 0.6262095 0.6997323 0.93364036 1.017728 1.0954188 1.0134025 0.7899416 0.68780434 0.5459855 0.3857229 0.28095677 0.21641812 -0.021360151 -0.13171974 -0.47477862
0.12933834 0.112943366 0.1798097 0.2777003 0.24185939 0.27250302 0.2990697 0.28221324 0.2866083 0.21007034 0.18211694 0.14050548 0.1256953 0.09661738 0.20623827 0.1874094 0.12888518 0.05778546 0.018779669 0.09331906 0.14104499 0.124965645 0.08651656 0.058812566 0.13010079 0.15153396 0.090861425 0.049830206 -0.0019435756 0.14470483 -0.12118438 -32767.0 -32767.0 -32767.0 -32767.0 -32767.0 -0.1095779 -0.037025094 0.22496219 0.41128954 0.6205569 0.92845654 1.2024002 1.3125837 1.2039336 1.0571663 1.0554495 0.87537384 0.60910684 0.4461143 0.5532942 0.5001272 0.34657606 0.24445473 -0.0044335085 -0.09167059 -0.36034894 -0.486439
0.27443665 0.2792904 0.48574245 0.4706085 0.24879551 0.1684243 0.17636293 0.24100934 0.1894261 0.17724913 0.059207257 0.094172485 0.09009612 0.11994685 0.10230518 0.16602 0.17258796 0.12117717 0.10236669 0.07344473 0.030267429 -0.0003951697 0.014505952 0.17095752 0.17992201 0.06096659 -0.059827756 -0.076178946 -0.035789385 -0.13998154 -0.06382889 -0.055289317 -32767.0 0.012939251 -32767.0 -32767.0 -0.02771762 0.47807112 0.64600444 0.68534774 0.90756434 1.0986925 1.2148311 1.2470363 1.0925976 0.8812641 0.791226 0.89099795 0.7118719 0.37185532 0.4552609 0.47956985 0.3177664 0.25355494 -0.100927785 -0.16997053 -0.22608107 -0.19935134
0.39456528 0.36131984 0.3747921 0.34973082 0.36486304 0.2596242 0.1499841 0.10704782 0.21687385 0.23611201 0.22618896 0.12679851 0.059764646 0.10796547 0.1037034 0.13270353 0.112680435 0.039903477 0.0020204517 0.07431851 0.065570086 0.1568067 0.2523556 0.20345387 0.14154665 -0.01176569 -0.080888286 -0.08154587 -0.042111073 -0.0017065062 -0.040659387 0.058019526 -0.03227782 -0.027442243 -32767.0 -0.11660192 0.43458778 0.45995045 0.5641582 0.5709103 0.5449997 0.5526861 0.6232814 0.53602934 0.36824188 0.5550226 0.85393393 0.9083426 0.9211996 0.5711385 0.3581244 0.45071417 0.34200364 0.2549449 -0.068411194 -0.16752765 -0.057331666 -0.036902227
0.27913997 0.4355671 0.47396392 0.3190258 0.20697841 0.20514163 0.19978032 0.21490659 0.10264803 0.09814299 0.07421014 0.059227176 0.03954146 0.1076331 0.075576924 0.04857154 0.0118798595 0.13408111 0.30020964 0.27468738 0.38718382 0.26051605 0.15242162 0.031091638 -0.0556491 -0.005147159 0.04814197 0.09473193 0.053404786 0.007251981 0.03247777 0.12114642 0.25528428 -32767.0 0.8980713 1.0541326 0.31147468 0.32828048 0.35022596 0.4488017 0.55612725 0.5185907 0.43927717 0.21713148 0.047542393 0.39241946 0.61967015 0.6419484 0.6298453 0.47188088 0.24514517 0.38663933 0.3205175 0.26008016 -0.039030172 -0.19304983 -0.07484784 0.05625599
0.20036554 0.2451795 0.24100566 0.42681915 0.3928333 0.35166746 0.16121832 0.21424975 0.26565662 0.20284097 0.07992724 0.025220023 -0.026274059 -0.09729587 -0.07532648 0.03631168 0.0833235 -0.001870385 0.015454496 0.15031703 0.13942268 0.073420264 4.6317233e-05 -0.16739433 -0.21995299 -0.13437466 0.09908205 0.2096866 0.22309718 0.13122763 -0.055323478 0.095576786 0.05190801 0.2388748 0.22701116 -0.23760685 0.1740705 0.25416863 0.36960018 0.3719874 0.46539617 0.43108886 0.34383783 0.28405303 0.06846154 0.25539535 0.3707716 0.3341486 0.21523547 0.14846879 0.1284127 0.28780615 0.23231027 0.20910852 -0.0065102787 -0.17128487 -0.07437496 0.098356925
0.09853232 0.3267494 0.30485678 0.18561427 0.19462204 0.24517469 0.26605642 0.21982956 0.19486852 0.18989392 0.15491265 0.11312112 -0.024882993 0.0016744719 0.023004336 0.09638771 0.18274783 0.051532738 -0.021252748 0.06694851 0.036992185 0.02031294 -0.10113525 -0.25125915 -0.35214132 -0.38790104 -0.2516104 0.0333786 0.3383478 0.54551995 0.52641445 -32767.0 0.2876442 0.23699746 -32767.0 0.22769333 0.47024956 0.5159462 0.48040852 0.5060173 0.47209626 0.40046296 0.302922 0.34996027 0.224808 0.21516886 0.26696146 0.18781525 -0.019944595 -0.00047245296 0.11652151 0.18643266 0.1542266 0.18974642 -0.027501903 -0.116034485 0.0033616838 0.53829783
-32767.0 0.49699697 0.2923256 0.09262476 -0.07624051 -0.23277473 0.084442556 0.11377213 0.169378 0.0757594 0.1461534 0.14809953 0.024835482 0.01728756 0.06494202 0.027240995 0.101664044 0.11422116 0.12676275 0.195822 0.2031639 0.30304945 0.08992817 -0.0033101938 -0.12424125 -0.21521626 -0.27234387 -0.11919967 0.15563129 0.45284283 0.6564854 0.59774 -32767.0 0.09462673 0.29806793 0.6202779 0.8447227 0.90792316 0.81366485 0.57680285 0.42126814 0.26578212 0.20567614 0.22368847 0.2252577 0.15823036 0.21792576 0.26013327 -0.034739625 -0.08053415 0.1736193 0.23370203 0.2141508 0.27217937 0.07950888 0.08538903 0.6371438 0.86023283
0.2156723 0.4636306 0.43303904 0.37311864 0.29042175 0.17081587 -0.13933621 0.07118134 0.110628664 0.09952801 0.10465781 0.14919525 0.14474764 0.13340354 0.18752834 0.22269458 0.115155995 0.16401528 0.27470198 0.37764928 0.3362615 0.46456215 0.5969222 0.8084926 0.6547192 0.55709636 0.49357927 0.39837217 0.4917928 0.55812013 0.31935766 0.69760776 0.77774715 0.8131874 0.83505887 0.7091767 0.4494403 0.34429258 0.30957037 0.3881901 0.30235043 0.18077478 0.12623376 0.12288629 0.12372064 0.059501894 0.10766378 0.26245928 0.23922808 0.13163707 0.16703528 0.38729164 0.46366748 0.64282507 0.70877075 0.9079743 0.9934441 0.8721009
0.5335631 0.31017697 0.17904724 0.19320947 0.1255281 0.112878256 0.17451166 -0.048182305 0.09620959 0.06840828 0.12630454 0.18961047 0.21549127 0.2463443 0.25337493 0.22659259 0.110433064 0.18879388 0.37045938 0.4877202 0.6119042 0.79840523 0.9812828 1.1380701 1.2315803 1.2325622 1.1588949 1.0396513 0.8849777 0.6640078 0.19251572 0.19164377 0.44460583 0.5698467 0.5038719 0.53451353 0.53988934 0.40532503 0.34208065 0.25678012 0.22059129 0.21153884 0.17335369 0.25017202 0.211674 0.11466821 0.057249542 0.120603435 0.31975722 0.47463977 0.4653034 0.47710288 0.6740729 0.87639326 1.0405018 1.0648549 0.90991074 0.6720651
0.2032654 0.053480774 0.18909952 0.15242854 0.15198608 0.14332144 0.14745702 0.19771998 -0.0042562913 0.09132489 0.11363946 0.19716014 0.24991824 0.26577604 0.2603924 0.21950975 0.15328787 0.31768057 0.5030655 0.59736556 0.6842278 0.853181 0.9512881 1.0512515 1.0843548 1.0652684 1.0214999 0.87840307 0.7327334 0.75082946 0.39593196 0.30001152 -0.13218023 0.19552232 0.48434567 0.50053006 0.3754 0.33572966 0.20324509 0.1196963 0.28339806 0.32667583 0.26234955 0.349217 0.4270951 0.41546062 0.28206646 0.22745544 0.22099248 0.38560152 0.57740474 0.6420539 0.6877375 0.78800035 0.8532799 0.83921444 0.70462346 0.48962623
0.1756301 0.21028896 0.19192773 0.10764883 0.12248088 0.100513764 0.0602601 0.12516537 0.1262763 0.00422149 0.032645945 0.11563452 0.12351541 0.12927909 0.16129448 0.21798944 0.24188276 0.31655276 0.3622964 0.44098115 0.62184715 0.70836985 0.7091977 0.67363566 0.6125883 0.54429555 0.51991546 0.48295906 0.5968507 0.31430975 0.34705982 0.47784737 0.6226988 0.49729064 0.32438037 0.20246714 0.15451792 0.09686513 0.20803407 0.38292584 0.5084908 0.586678 0.56470203 0.51694757 0.49215558 0.5716011 0.56662345 0.44526052 0.33582672 0.29184565 0.38025832 0.47885168 0.5611926 0.5757725 0.63083285 0.46849537 0.286659 0.21033274
0.1592151 0.2982381 0.32693735 0.29291314 0.1604378 0.16521049 0.09349897 0.099613555 0.10639569 0.054688 -0.0026331332 0.026812509 0.09398408 0.10078985 0.028921904 0.04245126 0.08365399 0.11168266 0.19751315 0.36140382 0.48692 0.45281297 0.3707236 0.23191534 0.19776003 0.23025613 0.25395504 0.20625967 -0.027602056 0.2898854 0.35449466 0.34795383 0.3663841 0.2785357 0.20519997 0.14382721 0.24573043 0.44280943 0.5991563 0.6457008 0.6348604 0.6497555 0.6823741 0.73157704 0.71740854 0.5819819 0.5547722 0.50691986 0.38053584 0.21336266 0.24266727 0.25346735 0.29048577 0.33888334 0.29081678 0.2882009 0.20860134 -0.007177759
0.21655236 0.19714977 0.28898373 0.2777281 0.27828702 0.17731884 0.19617859 0.106839 0.061933223 0.03187989 0.007992874 0.053991444 0.09232518 0.08902086 0.041738503 0.045478746 0.00013516168 0.07176979 0.17653586 0.37717533 0.3684081 0.27537766 0.12770931 0.05896244 0.08202697 0.046591938 0.0018062862 0.08720279 0.1599574 0.08415313 0.10763806 0.21245642 0.1972181 0.28217703 0.34776866 0.5075886 0.65260607 0.62401605 0.4989135 0.42124385 0.39882934 0.33412603 0.3795142 0.40422025 0.4498117 0.50394505 0.46963438 0.36661923 0.17100246 0.08575597 -0.014702952 0.023722896 0.14415836 0.17785749 0.2187482 0.07661115 -0.14303686 -0.14209925
0.28906032 0.45840836 0.5065548 0.30252504 0.21818183 0.18628782 0.14283495 0.12881742 0.054968067 -0.07456401 -0.07344072 -0.017449517 0.024573458 0.022933545 0.026895331 0.029396351 0.048707664 0.18272427 0.3256117 0.46834534 0.2945604 0.16972218 0.032134198 0.012307594 0.041652355 -0.20820004 -0.17992438 -0.076221034 0.08769909 0.0013519219 -0.1114527 -0.16121091 0.08529541 0.38385826 0.54585886 0.5514401 0.43597943 0.3669449 0.30433127 0.27714795 0.2892197 0.21866636 0.22103035 0.2173186 0.16597562 0.13064496 0.10688796 0.045055915 -0.036351163 -0.11829834 -0.10685871 -0.11024182 -0.1692577 -0.15303828 -0.17906947 -0.2510028 -0.21338597 -0.053601105
0.50907105 0.3833372 0.3062083 0.2119063 0.1751735 0.101715595 0.09526298 0.10482384 0.10646148 -0.022835808 0.015422791 0.026294373 -0.013146711 -0.12733425 -0.021758122 0.0075293463 0.059076466 0.31193885 0.58678746 0.45118046 0.23133276 0.11121477 0.001740784 -0.13720915 -0.29896387 -0.18395738 -0.07858972 -32767.0 -0.12948065 -0.22112916 -0.2625573 0.07680512 0.30325857 0.33898887 0.28650472 0.25715443 0.2190884 0.1800713 0.20219511 0.24624662 0.25912315 0.2580016 0.25533354 0.16306642 0.054359794 -0.06253154 -0.13965556 -0.17526135 -0.22880653 -0.25241324 -0.3579468 -0.35260862 -0.3765155 -0.3876381 -0.44252047 -0.23896234 -0.06551665 -0.19224933
0.48248193 0.30793473 0.23693572 0.1997667 0.21135882 0.22147399 0.13846414 0.13845843 0.2024622 0.21260807 0.16547753 0.19996446 0.052836053 -0.024834605 0.062451176 0.16899553 0.41134095 0.70990944 0.64493316 0.330753 0.14139074 0.061041176 -0.017136322 -0.0040719705 0.041414205 0.08978855 0.035957515 -0.06194963 -0.1793475 0.04186104 0.26241592 0.2954561 0.1790408 0.12515366 0.10768863 0.085377425 0.06432759 0.08642836 0.14928144 0.17553355 0.11832773 0.04850495 0.019871572 -0.0051368373 -0.05572565 -0.21399762 -0.25742957 -0.31062165 -0.33270788 -0.37564775 -0.29374287 -0.24644892 -0.25918016 -0.30542037 -0.1688601 0.030027475 0.17788702 0.06730801
0.352516 0.2517482 0.24135213 0.22794718 0.2796844 0.2997124 0.3154847 0.17933568 0.19562808 0.303902 0.28184548 0.16743013 0.09468985 0.080233276 0.2222815 0.4708073 0.77434033 0.7456044 0.45322794 0.20163237 0.091082335 0.023779541 -0.020085005 -0.057895645 -0.027704485 0.040130727 -32767.0 -0.15313108 0.08052567 0.21976782 0.2197374 0.06181121 -0.0028130603 -0.009600909 -0.037040126 -0.072310396 -0.018354494 0.04408538 0.011639154 -0.08597404 -0.07577773 -0.09823605 -0.17677407 -0.23606761 -0.24527831 -0.35364413 -0.4119035 -0.466631 -0.43343505 -0.29446754 -0.18294998 -0.18525368 -0.2162597 -0.14472102 -0.010948238 0.14258981 0.21192221 0.18160221
