static/data/seaWater_uo/2023/7/5/6.asc
ncols 137
nrows 93
xllcorner 108.0
yllcorner 17.0
cellsize 0.25
NODATA_value -32767
[rows 0 to 25 of 93, columns 59 to 117 of 137]
-32767.0 -32767.0 -32767.0 -32767.0 -32767.0 -32767.0 -32767.0 -32767.0 -32767.0 -32767.0 -32767.0 -32767.0 -32767.0 -32767.0 -32767.0 -32767.0 -32767.0 -32767.0 -32767.0 -32767.0 -32767.0 -0.07368077 -0.20682096 -0.35302904 -0.2722556 -0.1486679 -0.14516532 -0.005949828 0.1675852 0.2166707 0.2600394 0.25976983 0.4337127 0.44066545 0.30323803 0.14046717 0.046395313 0.13889931 0.22211379 0.3210873 0.43776986 0.38801453 0.18597843 -0.06271077 0.024883937 0.1451815 0.17074671 0.1628794 0.2859118 0.40478885 0.33389574 0.34184414 0.21681578 0.28182107 0.33485 0.24558446 0.057511978 -0.021306083 -0.0065264683
-32767.0 -32767.0 0.09326336 0.039357327 0.124927826 0.11448351 0.07646993 0.043105572 -0.0042986595 -32767.0 -32767.0 -32767.0 -32767.0 -32767.0 -32767.0 -32767.0 -32767.0 -32767.0 -32767.0 -32767.0 -0.2601372 -0.28221902 -0.23762989 -0.2844874 -0.25578913 -0.15973619 -0.13513441 -0.041615568 0.08644881 0.16739783 0.19900596 0.27361414 0.50452834 0.4615128 0.225945 0.06875329 0.046516083 0.17741907 0.13443552 0.27764544 0.510761 0.624774 0.54656714 0.295586 0.053969003 0.081640534 0.23969911 0.43121058 0.43204466 0.29686815 0.065463334 -0.020418363 -0.08107126 -0.15812312 -0.20147088 -0.13753669 -0.17240064 -0.056017917 0.3420552
0.08422762 -32767.0 0.12775622 -0.017226135 -0.06069687 0.0032379306 0.04702574 0.086678885 0.07878977 0.0884592 0.07862481 -32767.0 -32767.0 -32767.0 -32767.0 -32767.0 -32767.0 -32767.0 -32767.0 -32767.0 -0.12607029 -0.24763227 -0.09278239 -0.01595889 0.025841866 -0.005978573 0.095732525 0.30356842 0.5246696 0.49880674 0.33428237 0.48757285 0.6071545 0.25325903 0.22439547 0.20957991 0.25470918 0.21944088 0.17391978 0.2350815 0.3227088 0.28887978 0.31949097 0.2891497 0.07951776 0.2779694 0.3968798 0.25080934 0.28920287 0.2863939 0.18906963 -0.09082949 -0.2898429 -0.4362737 -0.37191254 -0.25317934 -0.2000209 0.0011358319 0.2422499
-32767.0 -0.006177044 0.15375237 -0.03716553 0.11824769 -0.09265838 -0.109128214 -0.06469697 -0.028474767 0.051562674 0.068288036 -32767.0 -32767.0 -32767.0 -32767.0 -32767.0 -32767.0 -32767.0 -32767.0 0.07246002 0.056991316 -0.00060996413 -0.03454072 -0.04247347 0.08754194 0.16116823 0.46699938 0.6243147 0.7798727 0.87356764 0.75120467 0.6599621 0.5678565 0.44868326 0.37566182 0.30785316 0.37557626 0.4099856 0.53698033 0.65784097 0.4206563 0.28283128 0.25689965 0.26009366 0.31106248 0.3100138 0.26817837 0.23498899 0.25528246 0.40169573 0.42487475 0.16532059 0.04698748 -0.2986173 -0.35802054 -0.15424396 -0.1648041 -0.16653495 -0.20226067
-32767.0 0.09831284 -0.047948703 0.0696278 0.075204164 0.024371734 0.04081258 0.031504657 0.020545224 -0.04377416 -32767.0 -32767.0 -32767.0 -32767.0 -32767.0 -32767.0 -32767.0 -32767.0 -32767.0 -32767.0 -32767.0 0.13143241 -0.072011724 -0.07869422 0.041269917 0.17681238 0.33414358 0.3694337 0.41304958 0.54063743 0.5203775 0.46841896 0.43040764 0.47887406 0.58130896 0.5621287 0.4996253 0.6866463 0.7314 0.5104402 0.36054814 0.16657929 0.099368095 0.15010282 0.17171313 0.2199856 0.05849509 -0.1713122 -0.06290938 0.14557628 0.06480202 0.14242934 0.13611974 -0.15560448 -0.076544516 -0.06579112 -0.0774629 -0.11568167 -0.36115575
0.25214648 0.18172377 0.1620836 0.077716015 0.091024205 0.02115663 -0.037389953 -0.13301446 -0.0050251097 0.066003755 -32767.0 -32767.0 -32767.0 -32767.0 -32767.0 -32767.0 -32767.0 -32767.0 -32767.0 -32767.0 -32767.0 -32767.0 0.3295001 0.11562643 -0.056351244 -0.15780866 -0.089640334 0.05006607 0.15550911 0.3653124 0.4906652 0.4425925 0.50148714 0.55525416 0.57167584 0.3691684 0.46093163 0.56445473 0.41440284 0.25435185 0.036463905 0.0072509423 -0.20402598 -0.16766542 0.05805017 0.12063699 -0.0070695695 -0.279942 -0.21673524 0.09941344 0.12149748 -0.07331331 0.070164345 -0.10622818 -0.15554218 -0.03963007 -0.04797751 -0.017784236 -0.11916025
0.16111025 0.06830126 0.094790116 0.045275696 0.012558061 0.00520387 -0.06861624 -0.055673726 0.061596002 0.06615782 -32767.0 -32767.0 -32767.0 -32767.0 -32767.0 -32767.0 -32767.0 -32767.0 -32767.0 -32767.0 -32767.0 -32767.0 -32767.0 0.20468865 0.028068285 -0.067511216 -0.24421152 -0.0909176 0.038468383 0.1065763 0.27683586 0.362626 0.3921106 0.4300019 0.48025778 0.3441179 0.43524888 0.2759848 0.16123183 0.06805634 -0.12035991 -0.004130177 -0.18017821 -0.098768085 -0.023082066 0.25190035 0.3973832 0.24241349 0.30069453 0.20777316 0.21459292 -0.022298556 0.14921705 0.328891 0.17894888 -0.033549517 0.05399885 0.040275835 0.14718755
0.17124483 0.10484919 0.08222835 -0.05205398 -0.12123299 -0.069307186 -0.08302553 0.18798727 0.13337034 -32767.0 -32767.0 -32767.0 -32767.0 -32767.0 -32767.0 -32767.0 -32767.0 -32767.0 -32767.0 -32767.0 -32767.0 -32767.0 -32767.0 -32767.0 0.14317001 0.050424837 0.01603886 -0.16201274 -0.11251894 0.031024938 0.23127683 0.29536802 0.3613109 0.4957981 0.20069891 0.32382363 0.3580149 0.24895759 0.10237996 0.05161693 0.07140016 0.2191004 0.16901104 0.31294355 0.5074569 0.629088 0.5981335 0.48448145 0.30340907 0.20575958 0.17057635 0.036998034 0.21359846 0.21104825 0.18287614 0.042544328 0.06359059 0.041290484 0.34783268
0.21637964 0.06086353 0.053469807 0.008850251 -0.107334964 -0.15500614 -0.1023886 -0.12000929 -32767.0 0.016130501 -32767.0 -32767.0 -32767.0 -32767.0 -32767.0 -32767.0 -32767.0 -32767.0 -32767.0 -32767.0 -32767.0 -32767.0 -32767.0 -32767.0 0.20333351 0.07382345 0.08353579 0.10844028 0.032889623 0.019722123 0.124686375 0.26234934 0.40248197 0.38379258 0.30091515 0.30190918 0.26632884 0.15425253 0.057412613 0.027852677 0.17801611 0.24583764 0.3734252 0.5625888 0.42518604 0.18591014 0.13009143 0.22569036 0.19321795 0.17622352 0.021016493 -0.073275946 0.072597116 -0.048292045 -0.11879914 -0.11290866 0.009376448 0.028802102 0.28763983
0.21707809 0.17095777 0.10389329 0.046277653 -0.031567194 -0.06271361 -0.1211676 -0.06555025 -0.21149299 -0.02217127 0.08155443 0.111184664 0.13771419 0.10656594 0.07991272 -32767.0 -32767.0 -32767.0 -32767.0 -32767.0 -32767.0 -32767.0 -32767.0 -32767.0 -32767.0 0.17390355 -0.0028121062 -0.025736757 0.121267006 0.040399272 0.08061099 0.036445595 0.16855112 0.29357934 0.37550855 0.2629787 0.31928796 0.056909952 -0.039770175 -0.04264897 0.03917923 0.1765732 0.26567483 0.17736247 -0.00011577085 -0.0755447 0.0024602544 0.039154172 0.020356797 -0.059520375 -0.22774419 -0.2287288 -0.110526405 -0.20113708 -0.23074639 -0.11597596 0.0791608 0.22015452 0.11408604
0.41606838 0.20741898 0.19723982 0.10674549 0.020732207 -0.050715514 -0.103095084 -0.07348495 -0.039141014 -0.0775738 0.13144922 0.1224071 0.09187521 0.08197886 0.059626915 -32767.0 -32767.0 -32767.0 -32767.0 -32767.0 -32767.0 -32767.0 -32767.0 -32767.0 -32767.0 -32767.0 0.0927683 -0.12311146 0.066519596 0.29964197 0.20730054 0.16682562 0.055981826 0.26553962 0.29159227 0.35023856 0.27540353 -0.011518439 0.047727406 0.05632823 0.14892447 0.12902597 0.057409614 -0.09673731 -0.20522414 -0.10896239 -0.17691487 -0.1067799 -0.0706976 -0.09979273 -0.23247322 -0.24550937 -0.24922015 -0.30964145 -0.24620213 -0.028441891 -0.06565563 -0.06889355 -32767.0
-0.045256272 0.1378943 0.22894093 0.14719689 0.09356862 -0.0017371867 -0.060111117 -0.13633238 -0.11712972 -0.06531497 -0.059581406 -0.025382377 0.0851323 -0.01081762 0.043523673 0.054357912 0.060491048 -32767.0 -32767.0 -32767.0 -32767.0 -32767.0 -32767.0 -32767.0 -32767.0 -32767.0 -32767.0 -0.11826127 0.09928911 0.336636 0.29547983 0.2935362 0.3467086 0.33283353 0.35026792 0.34086165 0.31530052 0.1915661 0.23299812 0.26510915 0.2545013 0.27095303 0.060405307 -0.16796818 -0.17052136 -0.15250903 -0.19232361 -0.27320468 -0.20853771 -0.11587095 -0.16999324 -0.15203768 -0.22141671 -0.15640086 -0.17925377 0.0030060206 -32767.0 -32767.0 0.11378231
0.15537079 0.104902074 0.2087137 0.21124406 0.15154257 0.06972384 0.07300676 0.11253363 0.029468734 -0.06193454 -0.14980021 -0.16756155 0.02154494 -0.00083926006 -0.017696364 -32767.0 0.013110898 -32767.0 -32767.0 -32767.0 -32767.0 -32767.0 -32767.0 -32767.0 -32767.0 -32767.0 -32767.0 0.037590127 0.093971096 0.2673333 0.2128799 0.32017133 0.28324723 0.40739363 0.5288529 0.5360123 0.5195904 0.46340284 0.41087097 0.5041769 0.39082414 0.12763059 0.021071661 -0.28137925 -0.12334021 -0.012668785 -0.08217781 -0.08774017 -0.17048016 -0.24801311 -0.14364086 -0.15234736 -0.18905057 -0.1253248 0.108876 -0.24107826 -32767.0 0.113404065 0.05397736
0.22476411 0.16244549 0.1990692 0.17484383 0.14310768 0.11280985 0.08841549 0.12237632 0.116641335 -0.0040339753 -0.10826898 -0.13702096 -0.099317156 -0.071336746 -32767.0 -32767.0 -32767.0 -32767.0 -32767.0 -32767.0 -32767.0 -32767.0 -32767.0 -32767.0 -32767.0 -32767.0 -32767.0 0.017221427 0.13176678 0.253626 0.15859868 0.12306663 0.13893935 0.31658292 0.4730873 0.6174414 0.6839628 0.7104944 0.6461179 0.49981827 0.17652446 0.03980707 0.13348898 -0.05454682 0.029816825 0.09027934 0.015207421 0.10508642 -0.005710164 -0.057850637 -0.0071073156 -0.07093861 -0.10820911 0.008946968 0.206399 0.11966799 0.004041357 -32767.0 -0.039516654
0.107589096 0.16069762 0.19644904 0.12517287 0.10602385 0.07960689 0.055026684 0.15357745 0.17958678 0.1523543 0.06591745 -0.017889244 -0.12543213 -0.07486717 0.07887632 -32767.0 -32767.0 -32767.0 -32767.0 -32767.0 -32767.0 -32767.0 -32767.0 -32767.0 -32767.0 -32767.0 -32767.0 0.03741331 0.08626671 0.37301797 0.11878124 -0.012080733 0.1579234 0.21364473 0.3147147 0.35696453 0.33095205 0.38320574 0.32536834 0.25554603 0.3095892 0.3157671 0.2936562 0.01695352 0.050501287 0.0582568 0.17160708 0.30837834 0.275122 0.11051067 0.05137004 0.03605908 0.04350679 0.12536396 0.013159512 -0.07542211 -32767.0 -32767.0 -32767.0
0.2313291 0.1931567 0.16136926 0.17619015 0.09865362 0.10103957 0.08518228 0.12559466 0.18469974 0.23600867 0.23158744 0.1577357 -0.041511793 -0.031085387 -0.07497966 0.022100328 -32767.0 -32767.0 -32767.0 -32767.0 -32767.0 -32767.0 -32767.0 -32767.0 -32767.0 -32767.0 -32767.0 0.24378017 0.20192946 0.4348923 0.35754403 0.13961822 0.047586914 -0.007859828 -0.06387496 -0.04790333 0.18380721 0.5160586 0.6174288 0.37969452 0.28156778 0.36363173 -32767.0 -0.0268411 -0.25176665 -0.1460911 0.023714643 0.11884729 0.26878685 0.13771713 0.088291444 0.31047186 0.12545983 0.15989062 -32767.0 -32767.0 -32767.0 -32767.0 -32767.0
0.11582964 0.10893026 0.07140888 0.073670104 0.11689353 0.09451037 0.11305053 0.092804484 0.1355552 0.1969222 0.162732 0.14545359 0.002607326 -0.13586222 0.0018919436 0.040716115 -32767.0 -32767.0 -32767.0 -32767.0 -32767.0 -32767.0 -32767.0 -32767.0 -32767.0 -32767.0 -32767.0 -32767.0 0.2748572 0.32536867 0.05627395 0.18621263 0.07695679 -0.03165163 0.04344172 0.14389522 0.22299059 0.27084383 0.3247611 0.28141308 0.1850868 0.30595803 0.18185991 0.16983561 0.046019707 -0.013993094 -0.089059144 0.040526643 0.3284896 0.200216 0.23061283 0.4367397 0.4461893 0.12323649 -32767.0 -32767.0 -32767.0 -32767.0 -32767.0
0.10214912 0.030960472 0.05902268 0.13712166 0.13808694 0.16257203 0.13007665 0.10141626 0.14915211 0.20104802 0.16578098 0.11044456 0.022235222 -0.1300489 0.0402593 0.024439245 0.016627453 -32767.0 -32767.0 -32767.0 -32767.0 -32767.0 -32767.0 -32767.0 -32767.0 -32767.0 -32767.0 0.036244124 0.33760896 0.35102382 0.18410257 0.15114002 0.21225989 0.19452769 0.24728398 0.33574447 0.31598797 0.1829946 0.13006642 0.19247662 0.29192007 0.2579322 0.26589063 0.27792895 0.2566961 0.3343037 0.3414849 0.19821443 0.2607004 0.304684 -32767.0 -0.046370845 -0.047064573 0.0029005525 -32767.0 -32767.0 -32767.0 -32767.0 -32767.0
0.1461259 0.10162244 0.12658541 0.213951 0.29101005 0.21631433 0.19862704 0.13245791 0.14487655 0.1581507 0.15702213 -0.05033421 -0.21837081 0.071291976 0.08485308 0.059060197 -32767.0 -32767.0 -32767.0 -32767.0 -32767.0 -32767.0 -32767.0 -32767.0 -32767.0 -32767.0 -32767.0 0.3436482 0.5255557 0.40030348 0.21954124 0.22391099 0.24785484 0.2939731 0.44726932 0.45850855 0.3237948 0.26063043 0.32873902 0.43758816 0.48507485 -32767.0 -32767.0 0.058379415 -0.0031246997 -32767.0 -32767.0 -32767.0 -32767.0 -32767.0 -32767.0 -32767.0 -32767.0 -32767.0 -32767.0 -32767.0 -32767.0 -32767.0 -32767.0
0.26779658 0.22633216 0.24355844 0.30591938 0.30211934 0.20330502 0.1862184 0.11161199 0.033988874 0.029166576 -0.04305368 -0.1727781 -0.15276232 -0.09896819 -0.022575367 -32767.0 -32767.0 -32767.0 -32767.0 -32767.0 -32767.0 -32767.0 -32767.0 -32767.0 -32767.0 -32767.0 0.3982593 0.48379213 0.4228726 0.33373156 0.12266703 0.2164316 0.2894779 0.4392692 0.5818624 0.5612677 0.3784202 0.34231716 0.3947943 0.37937278 -32767.0 -32767.0 -32767.0 -32767.0 -32767.0 -32767.0 -32767.0 -32767.0 -32767.0 -32767.0 -32767.0 -32767.0 -32767.0 -32767.0 -32767.0 -32767.0 -32767.0 -32767.0 -32767.0
0.24958128 0.21352378 0.21915267 0.29922506 0.29492328 0.27340412 0.21550252 0.13347913 -0.10232425 -0.13660318 -0.11658519 -0.18085283 -0.039387394 -0.09386542 -0.0127865365 -32767.0 -32767.0 -32767.0 -32767.0 -32767.0 -32767.0 -32767.0 -32767.0 0.14414798 0.24606709 0.3836198 0.5791444 0.47878224 0.21486251 0.10091002 0.19441454 0.2437326 0.35521778 0.52331895 0.56591827 0.41910738 0.41918817 0.40392157 -32767.0 -32767.0 -32767.0 -32767.0 -32767.0 -32767.0 -32767.0 -32767.0 -32767.0 -32767.0 -32767.0 -32767.0 -32767.0 -32767.0 -32767.0 -32767.0 -32767.0 -32767.0 -0.034459967 -32767.0 -32767.0
0.25034362 0.18912087 0.15420581 0.16515365 0.16495565 0.19411162 0.20729774 0.10453744 -0.04035948 0.022275038 -0.0800527 -3.170676e-05 -0.035132155 0.11438509 0.037499737 -32767.0 -32767.0 -32767.0 -32767.0 0.04308175 -0.0032908153 0.08234434 0.2553557 0.24812645 0.39512083 0.36697674 0.4357099 0.21177244 0.027657302 -0.006953464 0.1372053 0.3203168 0.42055622 0.5040529 0.2858356 0.29770884 0.35186398 -32767.0 -32767.0 -32767.0 -32767.0 -32767.0 -32767.0 -32767.0 -32767.0 -32767.0 -32767.0 -0.017492877 0.06354083 -32767.0 -32767.0 -32767.0 -32767.0 -32767.0 -32767.0 -32767.0 0.043666407 -32767.0 -32767.0
0.16874114 0.16384491 0.13676491 0.059548594 0.013955177 0.07974579 0.13330086 0.16259462 0.1840215 0.2326178 0.19502576 -0.0907436 0.13283432 -0.026963286 -32767.0 0.04756267 -32767.0 0.0039967806 -32767.0 0.045372125 -32767.0 0.12562223 0.120347925 0.08515325 0.031952493 0.13033108 0.16791509 0.18580046 0.33025914 0.5135517 0.616909 0.55912614 0.54886675 0.41397163 0.25559008 -32767.0 -32767.0 -32767.0 -32767.0 -32767.0 -32767.0 -32767.0 -32767.0 -0.032616958 -0.11742538 -0.1312201 -0.05681198 0.11513701 0.08829346 0.12987454 0.089025885 -32767.0 -32767.0 -32767.0 -32767.0 -32767.0 0.037771404 -0.0025900705 0.3024198
0.17863005 0.14047873 0.13498749 0.12636665 0.11750048 0.16058628 0.15187225 0.17982776 0.20650885 0.1371329 0.08831763 -0.08748223 -0.07256729 0.1040596 0.1280182 0.3570153 0.57539177 0.43854144 0.32727897 0.27589715 0.14167851 0.19597009 0.20115273 0.21383761 0.16513886 0.14709307 -32767.0 0.1765128 0.45429227 0.55896443 0.5584828 0.5228689 0.33196586 -32767.0 -32767.0 -32767.0 -32767.0 -32767.0 0.038717933 -0.027959539 -0.0051248264 0.082977556 0.024039607 0.09303943 -0.062930755 -32767.0 -32767.0 0.0687087 -0.041343782 0.22850509 -32767.0 -32767.0 -32767.0 -32767.0 -32767.0 0.35072568 0.8709609 0.8373738 0.8939644
0.2222677 0.17962785 0.14364831 0.1546217 0.19229555 0.16998763 0.17922203 0.09073889 -0.0006588425 -0.045819115 -0.24098393 -0.14520377 -0.0996343 -0.07641719 0.06699091 0.31786203 0.30657294 0.47071078 0.5355449 0.4910985 0.33144945 0.22192186 0.28212625 0.361422 0.37411997 0.37068802 0.32328483 0.40049168 0.39821675 0.26680052 0.31185603 0.3593399 0.17562157 0.007148984 -32767.0 0.045050714 -0.015439467 -32767.0 0.087678194 0.10365482 0.07300493 -32767.0 -0.14649642 -0.038152367 -32767.0 -32767.0 -32767.0 -32767.0 0.06315006 -0.02620642 -32767.0 -32767.0 -32767.0 -32767.0 0.36069867 0.3706136 0.4796243 0.48100293 0.46124315
0.048147947 0.12928472 0.2131616 0.18516938 0.040555917 0.0028585833 0.0066982172 -0.07318085 -0.18084247 -0.12642251 -0.18520205 -0.1396317 -0.19299197 -0.14319782 -0.025721949 0.0903494 0.17090392 -0.026333489 -0.11172106 0.059782643 0.20567666 0.17700094 0.2944579 0.32979995 0.37232935 0.28702652 0.20680995 0.14146964 -32767.0 0.19364268 0.3040951 -32767.0 -32767.0 0.014698167 0.12848882 0.20858973 0.18696648 0.1019982 0.081973284 -0.015660422 -32767.0 -32767.0 -32767.0 -32767.0 -32767.0 -32767.0 -32767.0 -32767.0 0.1293157 0.27618742 0.20939603 -32767.0 -32767.0 0.23574953 0.203474 0.15053 0.101499304 0.14336033 0.22710665
