static/data/seaWind_vo/2023/7/5/0.asc
ncols 137
nrows 93
xllcorner 108.0
yllcorner 17.0
cellsize 0.25
NODATA_value -32767
[rows 0 to 18 of 93, columns 44 to 87 of 137]
0.4655415465106201 0.21109656832974988 0.15860617073299732 1.0571706041689366 2.0954128752775913 3.416569492755186 3.637207096212723 3.9227904458492944 4.215491137532883 4.961032716957949 4.999288430460668 4.697691061218308 3.5651440079866727 2.437934961290301 1.5758469058453255 1.170158409165337 1.3125052501056838 1.2938222272322633 1.0278115682249902 0.5900950323334235 0.13903348010369943 -0.3493941178728659 -1.098494368321441 -1.8636086383758053 -2.435665005404824 -2.7488280554735876 -2.4285476633578074 -2.0397628540394845 -1.457920141695817 -0.8823051036432892 -0.15900521811515178 0.33120171537316767 0.20575856179448682 -0.42857454814593376 -1.3342563236288907 -3.021066388772001 -4.871575320996509 -6.287036720597085 -7.614421012365819 -5.578861186918859 -1.1972474892238067 4.266202199617881 7.554414225339894 8.34088052153531
0.17817886136229477 0.2555799561236083 1.0260322327132358 2.187938321888817 3.0437987030426523 3.662117793377284 3.5749303533013217 3.8133613118764025 4.2030357889506025 4.73149843594164 4.188801104856568 3.3631894274025558 2.437934961290301 1.9005756367404918 1.6025369385216406 1.5482672054131332 1.7564494602883904 1.8009328480822488 1.5153494984456781 0.9593071510224482 0.36145041907299147 -0.3102487366142701 -1.0504523095040739 -1.7265998039707218 -2.011293485851415 -1.947237407428259 -1.517527881339587 -1.2381722059941564 -0.8983191232490784 -0.37252547952567205 0.6069987196950897 0.7324418732737703 0.22444158466790753 -1.0807010132038979 -2.5726738398099083 -4.2185591881826685 -5.991667025645864 -6.317285424296909 -3.7007725542621572 0.46643121426649725 6.281299666679667 8.662940249162844 9.57840836996045 9.025924693560729
0.6603787850477199 1.1763860834564772 1.9779767315018053 2.5918474830570513 2.90323119761406 3.005542989539934 3.1710211921330873 3.655890119086144 4.2074841277299875 4.4779431255166475 3.8098026408528938 3.015329334854583 2.330285162829164 2.4770803425488968 2.622096186756875 2.8062574122234487 2.647006883921436 2.183489983109431 1.5135701629339238 0.7956082839410492 0.41038214564623554 -0.187474586303221 -0.9481405175781998 -1.817345915070193 -2.1589783333270254 -2.0886945806127293 -1.565569940156954 -1.1901301471767893 -0.48106494574268677 0.5429426412719336 1.2884842206970002 1.2742495366029656 0.863223033387714 0.24223493978545108 -1.5566732625981823 -2.5531011491806104 -2.7790767591734107 0.05629437880712285 3.3089196942940484 6.657629127415708 9.021476354781344 9.935165140067195 10.402240711902706 10.392454366588058
1.5135701629339238 2.0215704515397865 2.336512837120304 2.6194271834892433 2.89700352332292 3.146110494968527 3.6158550700716714 4.072254628836658 4.420114721384631 4.330258278041037 3.9334664589198205 3.5082052716105343 3.0073223250516885 3.353403082087907 3.688807826053599 3.8818657290789442 3.06337139367195 2.2537737358237275 1.5224668404926955 0.8169603100821012 0.3481054027348338 -0.2364063128764653 -0.8556150709669743 -1.2799865905203833 -1.7257101362148446 -1.9330027233342242 -1.7657451852293167 -1.3671740305963458 -0.6928058716414527 0.21643457486501294 1.186172428771126 1.7564494602883904 1.679048365527077 1.2591251847530538 -0.16078455362690613 -0.7479652725058368 0.30896002147623847 2.8961138555670427 5.674546257171437 7.751920467144625 9.144250505092392 9.922709791484914 10.459179448278846 10.783908179174013
2.2324217096826753 2.129220250000924 2.3667615408201277 2.7635533599413447 3.247532619138524 3.6176344055834257 4.162111072180252 4.3178029294587565 4.45837043488735 3.900548751952365 4.072254628836658 3.8124716441205253 4.093606654977711 4.167449078715515 4.346272297646826 3.9023280874641193 3.1194204622922115 2.401458583299337 1.6452409908037446 0.752014563903068 0.17550985809466324 -0.40900185751663587 -0.9783892212780234 -1.1153980556831073 -1.4089884151225727 -1.6118326634625668 -1.747062162355896 -1.3885260567373976 -0.8057936766378528 -0.3493941178728659 0.5767500159952661 1.2484491716825277 1.7288697598561984 1.626557967930324 1.2457801684148961 1.8498645746554931 2.881879171473008 3.6238620798745655 5.213698359627065 7.211002471571307 9.206527248003795 9.93961347884658 10.491207487490424 11.084615880660495
2.7519876791149414 2.5838404732541567 2.7252976464386265 3.3098093620499256 3.795567956758859 4.316913261702879 4.736836442476903 4.8969766385347935 4.738615777988658 4.170118081983147 4.331147945796914 4.508191829216471 4.686125380391904 4.620289966456994 4.3524999719379664 3.9192317748257857 3.2706639807913302 2.538467417704421 1.768904808870671 0.7591319059500854 0.06874972738940333 -0.5202103270012821 -1.0130862637572329 -1.0895976907626692 -1.358277353037574 -1.6056049891714266 -1.7933248856615092 -1.6305156863359875 -1.4169954249254673 -0.9365748367517965 0.07764640494817465 0.8890233983081519 1.3730026575053311 1.8240642097350555 2.5518124340425787 3.1585658435508073 2.9423765788726555 2.64255854514205 4.265312531862004 6.590014377969043 8.785714399473894 9.737658898262463 10.686044726027523 11.31592949718856
3.5055362683429028 3.3204853751204517 3.443259525431501 4.022433234507537 4.595379269292433 5.121172913015839 5.367610881393815 5.277754438050221 5.112276235457068 4.800892520900058 4.736836442476903 4.915659661408213 4.852493250740935 4.689684051415413 4.421004389140508 3.9396941332109607 3.3133680330734343 2.5838404732541567 1.8258435452468098 0.873009378702363 0.07141873065703486 -0.6990335459325925 -1.193688818200298 -1.3378149946523994 -1.5815839597627432 -1.8298012636524734 -1.8057802342437896 -2.022859166677818 -1.807559569755544 -1.2871039325674007 -0.11274249480953902 0.7164278536679813 1.4708661106518197 1.9361623469755784 2.5180050593192465 2.74931867584731 2.6292135288038923 2.443272967825564 3.179028201935982 5.511737057845917 7.414736387667178 9.401364486540894 10.352419317573586 11.506318396946272
3.869410380496664 4.04022658962508 4.259084857570864 4.863169263811461 5.425439285525831 5.803548081773627 5.816003430355908 5.624724862842316 5.277754438050221 5.12740058730698 4.994840091681281 4.96726039124909 4.930784013258125 4.733277771453395 4.343603294379195 3.8720793837642957 3.237746273823875 2.533129411169158 1.7600081313118991 0.9219411052756072 -0.09583880744787265 -0.8956501199814468 -1.505962200513184 -1.7782005338115972 -2.167875010885797 -2.2452761056471107 -2.081577238565712 -2.2292620860413215 -2.0299765087248356 -1.4169954249254673 -0.16790189567392355 0.9575278155106939 1.7359871019032158 1.8890099559140885 1.906803311031632 2.161248289212502 2.6025234961275774 2.7306356529738895 3.4139004894875544 3.8489480221114896 5.422770282258199 8.015262122884266 10.230534835018414 11.505428729190395
3.6051790570011453 4.299119906585336 4.888969628731898 5.6549735665421395 6.2145745849888785 6.361369764708611 5.920984225549413 5.57935180729258 5.000178098216544 4.795554514364795 4.7564091331062 4.940570358572774 4.96726039124909 4.711925745312342 4.250188180012092 3.7012631746358795 3.1123031202451945 2.437045293534424 1.6532480006066392 0.8178499778379784 -0.16790189567392355 -0.9472508498223227 -1.6056049891714266 -2.202572053365006 -2.6002535402421008 -2.650074934571222 -2.512176432410261 -2.311111519582021 -2.0931429193921143 -1.235503202726525 -0.17590890547681814 0.9922248579899033 1.880113278355317 1.8133881966645293 1.8614302554818964 2.1398962630714498 2.6505655549449445 2.7164009688798547 2.6781452553771365 2.952162924187304 3.9895155275400818 6.72613354461825 9.216313593318443 11.314150161676805
3.4236868348022034 4.325809939261651 5.367610881393815 6.275961660144404 6.602469726551323 5.936998245155202 5.407645930408288 4.937901355305143 4.2831058869795475 4.055350941474992 4.412107711581736 4.700360064485939 4.800892520900058 4.416556050361122 3.9690531691549067 3.497529258540008 2.8382854514350266 2.2012833382269745 1.4708661106518197 0.6425854299301765 -0.2897863782290955 -1.0531213127717054 -1.6954614325150206 -2.077128899786326 -2.2879801579292143 -2.436554673160701 -2.391181617610966 -2.2506141121823737 -1.8191252505819473 -1.1865714761532806 -0.1661225601621692 0.772476922288243 1.7110764047386549 1.7751324831618112 2.1487929406302215 2.4930943621546855 2.7155113011239775 2.881879171473008 2.8800998359612535 2.9450455821402866 3.597172047198251 5.961908942319763 8.581980483378022 10.791915188976906
3.4797359034224646 4.518867842286997 5.551772106860389 6.0197373464517785 5.597145162410124 4.3275892747734055 3.560695669207287 3.11052378473344 3.0607023904043187 3.2439739481150154 3.7759952661295615 4.2226084795799 4.421004389140508 3.9121144327787682 3.6727938064478103 3.31158869756168 2.813374754270466 2.2021730059828517 1.4699764428959425 0.587426029065792 -0.44636790326347686 -1.2016958280031926 -1.7105857843649326 -1.9881621241986092 -2.102039596950886 -2.16698534312992 -1.9614720915222938 -1.5762459532274802 -1.173226459815123 -0.7728759696703977 -0.09050080091261004 0.661268452803597 1.2377731586120018 1.6817173687947085 2.132778921024433 2.4023482510552143 2.3987895800317056 2.4824183490841594 2.4753010070371424 2.527791404633895 2.7297459852180124 4.942349694084529 7.782169170844448 10.384447356785165
2.8231610995851146 3.895210745417102 4.676339035077255 4.763526475153218 3.8587343674261385 3.0117706638310744 2.675476252109505 2.606971834906963 2.7368633272650293 2.6158685124657346 2.6407792096302956 2.6256548577803835 2.5882888120335426 2.5918474830570513 2.943266246628532 3.1968215570535254 3.1932628860300167 2.326726491805655 1.4521830877783992 0.5278182894220218 -0.4241262093665479 -1.2435102125294195 -1.8289115958965962 -2.1990133823414975 -2.4187613180431584 -2.475700054419297 -2.251503779938251 -1.7808695370792287 -1.1216257299742476 -0.4232365416106707 0.15059916093010273 0.6105573907185984 0.8516573525613109 1.4157067097874352 1.736876769659093 1.811608861152775 1.6728206912359367 1.6229992969068154 1.52424617600445 1.5091218241545379 1.6674826847006738 4.032219579822186 7.034848255907628 9.738548566018341
2.1390065953155726 2.5936268185688056 2.9379282400932696 2.9975359797370396 2.6959386104946796 2.7315253207297667 2.477970010304774 2.2858017750353055 2.081178191183557 2.057157161774873 2.1301099177568013 2.1861589863770625 2.326726491805655 2.4601766551872304 2.7902433926176595 3.0535850483573013 2.9895289699341454 2.2057316770063604 1.4121480387639265 0.5393839702484249 -0.37252547952567205 -1.1714471243033686 -1.8458152832582617 -2.447230686231227 -2.869822870272882 -2.83601549554955 -2.4988314160721035 -1.9632514270340482 -1.166109117768106 -0.6145151091242615 -0.16434322465041484 0.1185711217185248 0.4086028101344812 1.0100182131074467 1.3116155823498066 1.3507609636084021 1.0518325976336735 0.43707217832255063 0.36589875785237713 0.5037972600133382 0.7190968569356129 2.6194271834892433 5.5668964587103 8.418281616296623
2.2920294493264457 1.9877630768164543 2.260891077870745 2.378327221646531 2.3133814754674975 2.4237002771962666 2.277794765232411 2.0375844711455757 2.187938321888817 2.8436234579702897 2.983301295643005 3.1407724884332637 3.0784957455218622 2.813374754270466 2.5402467532161754 2.6167581802216118 2.2484357292884645 1.6870553753299715 0.9513001412195536 0.3071806859644841 -0.47038893267216064 -1.1153980556831073 -1.7435034913323881 -2.3475878975729843 -2.9472239650341954 -2.695447990120957 -2.3386912200142134 -1.8431462799906302 -1.2942212746144182 -1.0077482572219698 -0.59939075727435 -0.2328476418529566 0.24935228183246805 0.6666064593388599 0.8908027338199063 0.6657167915829827 0.26091796265887135 -0.24886166145874578 -0.13765319197409998 0.09366042455396384 0.39169912277281504 1.7208627500533038 4.615841627677608 7.351569976999899
2.368540876331882 2.1390065953155726 2.049150151971979 2.132778921024433 2.1674759635036422 2.4228106094403894 2.3071538011763573 2.5304604079015265 3.0535850483573013 3.626531083142197 3.6220827443628116 3.687918158297722 3.2822296616177336 2.75554635013845 2.443272967825564 2.018901448272155 1.5838539156482199 1.0464945910984107 0.5607359963894769 -0.06203143272454037 -0.5104239816866332 -1.0584593193069685 -1.6518677124770393 -2.021969498921941 -2.441003011940087 -2.28620082241746 -2.2692971350557936 -1.8609396351081737 -1.517527881339587 -1.2924419391026638 -0.8787464326197805 -0.3138074076377788 0.2004205552592242 0.6061090519392125 0.5207009473750044 0.2582489593912398 -0.1385428597299767 -0.2515306647263773 -0.1919229250826069 -0.07804545233032956 0.17106151931527735 1.4308310616373472 3.735070549359212 6.398735810455452
2.2920294493264457 2.364092537552496 2.2697877554295163 2.075840184648294 2.1496826083860987 2.6452275484096814 3.0384606965073893 3.2671053097678215 3.7733262628619304 3.901438419708242 3.8969900809288562 3.540233310822112 3.0918407618600194 2.557150440577842 1.9859837413047 1.5562742152160278 1.048273926610165 0.5571773253659684 0.07052906290115768 -0.28355870393795524 -0.5967217540067185 -1.0424452997011793 -1.2853245970556464 -1.6527573802329165 -1.8938573420756293 -1.9285543845548383 -1.9143197004608044 -1.9276647167989611 -1.6056049891714266 -1.4917275164191492 -1.2381722059941564 -0.6732331810121548 0.1434818188830853 0.6141160617421071 0.528707957177899 0.0580737143188772 -0.41789853507540764 -0.5344450110953165 -0.2702136875997976 -0.14832920504462566 0.3071806859644841 1.2706908655794569 3.581158027592462 6.312438038135367
2.1479032728743443 2.241318387241447 2.114095898151012 1.9192586596139123 2.292919117082323 3.2039388991005424 3.5998410504658827 3.560695669207287 3.7822229404207017 3.7137185232181595 3.4468181964550095 3.090061426348265 2.633661867583278 2.128330582245047 1.5553845474601506 1.0278115682249902 0.5091352665486013 0.04561836573659672 -0.26131701004102625 -0.6171841123918931 -0.7203855720736447 -0.8778567648639033 -1.1198463944624932 -1.2043648312708242 -1.4365681155547647 -1.5308728976777446 -1.8582706318405422 -1.8707259804228227 -1.650088376965285 -1.8458152832582617 -1.590480637321515 -1.1901301471767893 -0.3218144174406734 0.16127517400062885 0.28849766309106384 -0.1839159152797123 -0.6189634479036474 -0.44369889999584533 -0.1776882409885725 0.4059338068668499 0.8463193460260479 1.6505789973390077 4.019764231239906 6.759940919341583
1.8818926138670713 1.663034345921288 1.5838539156482199 2.316050478735129 2.891665516787657 3.76087091427965 3.571371682277813 3.516212281413429 3.286678000397119 3.0384606965073893 2.7733397052559936 2.4139139318816176 1.9459486922902274 1.4637487686048023 0.9788798416517459 0.45931387221947984 -0.029113725757085263 -0.38409116035207536 -0.6598881646739971 -0.7283925818765393 -0.7808829794732923 -0.8431597223846938 -0.8369320480935536 -0.8894224456903066 -1.0611283225746 -1.3538290142581881 -1.7203721296795815 -1.9810447821515917 -1.83691860569949 -2.0886945806127293 -1.9294440523107155 -1.5486662527952881 -1.183012805129772 -0.8182490252201333 -0.6296394609741736 -0.38764983137558406 -0.6065080993213674 -0.008651367371910634 0.8721197109464858 1.5233565082485727 1.3792303317964714 2.4450523033373184 4.880962618929004 7.621139307030681
1.4904388012811174 1.2564561814854223 2.118544236930398 3.1763591986683504 3.9174524393140313 3.751974236720878 3.438811186652115 3.048247041822038 2.7724500375001164 2.4699630005018793 2.0909645364982055 1.700400391668129 1.3472022925848934 0.9077064211815724 0.4299548362755332 0.030494013886685156 -0.3956568411784782 -0.674122848768032 -0.8138006864407474 -0.8467183934082025 -0.7835519827409234 -0.754192946796977 -0.7533032790410998 -0.8627324130139917 -1.0397762964335477 -1.5210865523630956 -1.897416013099138 -2.1536403267917623 -2.141184978209482 -2.471251715639911 -2.2879801579292143 -1.7586278431822993 -1.6856750872003716 -1.368063698352223 -1.0433349674570565 -0.7524136112852227 -0.2995727235437444 1.0260322327132358 1.7155247435180407 2.070502178113031 1.8605405877260193 3.6630074611331613 6.278630663412034 8.968096289428713
