static/data/seaWind_vo/2023/7/5/12.asc
ncols 137
nrows 93
xllcorner 108.0
yllcorner 17.0
cellsize 0.25
NODATA_value -32767
[rows 19 to 37 of 93, columns 88 to 131 of 137]
5.509957722334162 5.581131142804335 5.697677618824244 5.818672433623539 5.95034326149336 5.748388680909242 5.727926322524068 5.889845854093712 6.428094846399398 5.778637384609066 4.46103943815498 3.212835576659314 2.5687161214042447 2.0260187903191724 1.6034266062775178 1.4388380714402418 1.7404354406826017 1.6229992969068154 2.0251291225632952 2.369430544087759 2.3053744656646034 2.1149855659068892 2.1007508818128544 1.859650919970142 0.7502352283913138 0.4637622109988657 0.8516573525613109 1.297380898255772 1.6025369385216406 1.795594841546986 1.4842111269899774 1.0527222653895507 1.3961340191581377 1.2778082076264743 1.1612617316065652 1.223538474517967 1.7039590626916377 3.51265361038992 4.584703256221907 4.700360064485939 3.4788462356665875 3.4379215188962378 4.720822422871114 6.362259432464489
5.112276235457068 5.408535598164164 5.572234465245563 5.622945527330562 5.552661774616266 5.58913815260723 5.9850403039725695 6.147849503298091 5.4209909467464445 3.671014470936056 2.1648069602360107 1.2395524941237561 1.3214019276644555 1.0722949560188486 1.0571706041689366 0.9797695094076231 0.4575345367077255 0.9575278155106939 1.7021797271798833 2.1176545691745208 1.6434616552919903 0.4691002175341288 -0.1545568793357659 -0.26576534882041214 0.2635869659265029 0.7004138340621924 1.7012900594240061 2.613199509198103 2.9557215952108127 1.8471955713878616 0.736000544297279 -0.24975132921462295 -0.6020597605419815 -0.9890652343485495 -1.1652194500122288 -0.6723435132562776 1.1808344222358629 3.6727938064478103 4.632745315039275 4.6567663444479575 4.2528571832797235 5.059785837860314 6.243933620932825 7.401391371329021
4.929004677746371 5.087365538292508 5.227043375965222 5.35960387159092 5.536647755010477 5.512626725601793 5.376507558952587 5.015302450066456 3.169241856621333 1.2706908655794569 0.6274610780802645 0.905927085669818 0.7475662251236823 0.8712300431906086 1.2778082076264743 1.3907960126228747 1.0918676466481463 1.822284874223301 2.7146216333681004 3.2199529187063316 2.563378114868982 0.476217559581146 -0.3547321244081285 -0.314697075393656 0.07319806616878921 0.5936537033569322 1.9575143731166305 3.2484222868944013 3.173690195400719 1.2573458492412994 -0.005092696348401926 -0.754192946796977 -0.9205608171460073 -1.3618360240610827 -1.2817659260321377 -0.2817793684262009 1.689724378597603 3.4592735450372896 4.519757510042874 4.961032716957949 5.706574296383016 6.324893386717648 7.130932373542361 7.656726017265768
4.550895881498574 4.719932755115236 5.134517929353997 5.412094269187673 4.918328664675846 3.566923343498427 3.2946850102000136 2.3445198469231987 0.6336887523714048 0.12390912825378742 0.8338639974437676 1.2457801684148961 1.1852827610152488 1.5295841825397127 1.8516439101672475 1.78491882847646 1.2475595039266505 1.472645446163574 2.8373957836791495 3.6487727770391265 3.8987694164406106 1.5233565082485727 0.7226555279591216 0.7137588504003498 0.8142913068144699 0.35878141580535994 0.8454296782701707 1.8836719493788256 2.7849053860823965 2.35341652448197 1.265352859044194 1.365885315458314 1.8658785942612823 2.0224601192956637 2.515336056051615 3.51888128468106 4.044674928404467 4.5419992039398025 5.606931507724773 6.183436213533177 6.526847967301764 7.0232825750812236 7.48324080486972 7.969889067334531
4.196808114659462 4.5820342529542755 4.54911654598682 4.303568245364723 3.390769127834748 1.864099258749528 0.7609112414618397 0.3561124125377284 -0.00687203186015628 0.8392020039790304 2.80269874119994 3.380982782520099 3.433473180116852 3.5437919818456205 3.31158869756168 2.3329541660967954 1.265352859044194 0.7982772872086807 1.5429291988778702 3.7902299502235963 4.437908076502175 2.4975427009340714 1.657696339386025 1.5509362086807648 0.4940109146986893 -0.6136254413683844 -0.07893512008620673 1.5696192315541855 3.132765478630369 4.283995554735425 4.65943534771559 4.753740129838569 5.358714203835043 5.662980576345035 5.99749565255485 6.2643959793179995 6.370266442267383 6.330231393252911 6.759051251585705 7.196767787477272 7.3729220031409515 7.697650734036117 8.008144780837249 7.888039633793831
4.061578615766132 4.071364961080781 3.391658795590625 2.7902433926176595 2.209290348029869 0.8392020039790304 -0.14388086626523977 -0.46949926491628347 0.20486889403860964 2.1069785561039946 4.142538381550954 3.793788621247105 2.992197973201777 2.7857950538382736 2.660351900259593 2.0171221127604007 0.9708728318488513 0.6541511107565796 1.4014720256934006 3.801795631049999 4.438797744258052 2.7626636921854675 1.435279400416733 0.9343964538578875 0.39169912277281504 -0.021996383710067846 0.5011282567457067 1.8160571999321609 3.8880934033700845 5.683442934730209 6.763499590365091 7.269720543459199 7.273279214482708 7.297300243891392 7.700319737303749 8.161167634848121 7.9512060444611095 7.369363332117443 7.369363332117443 7.589111267819103 7.808859203520763 8.033945145757686 8.038393484537073 7.710995750374275
3.1487794982361583 2.8338371126556408 2.08028852342768 1.953955702093122 1.3712233219935768 0.9655348253135885 0.1737305225829089 -0.0237757192218222 0.9975628645251664 2.9041208653699373 3.0019843185164254 1.6434616552919903 0.7253245312267531 0.794718616185172 0.7093105116209639 0.8196293133497328 0.8142913068144699 0.5046869277692154 1.8534232456790019 4.161221404424375 4.478832793272524 2.9281418947786206 1.5980885997422547 1.330298605223227 1.234214487588493 1.2706908655794569 1.7448837794619874 3.06337139367195 4.385417678905421 5.9752539586579205 7.117587357204204 7.478792466090335 7.477902798334457 7.489468479160861 8.132698266660052 8.630912209951266 8.88446752037626 8.304404143544346 7.77505182879743 7.571317912701559 7.791955516159097 7.897825979108481 7.838218239464711 7.419184726446565
1.9397210179990871 1.6149922871039208 1.551825876436642 1.6176612903715524 1.5829642478923427 1.2395524941237561 0.5616256641453541 0.884575059528766 1.8080501901292663 2.048260484216102 1.1034333274745494 -0.24085465165585118 -0.2960140525202357 -0.22573029980593917 0.07141873065703486 0.2253312524237847 0.6390267589066678 1.7190834145415494 3.1719108598889645 4.50196415492533 4.438797744258052 3.1336551463862463 2.44772130660495 2.214628354565132 2.2324217096826753 2.5687161214042447 2.8987828588346742 3.5847166986159706 4.759967804129709 5.8747215022438 6.431653517422907 6.7990863006001785 6.962785167681577 7.202105794012535 7.9173986697377785 8.751017356994684 9.00635200293143 8.939626921240643 8.272376104332768 7.904943321155498 7.461888778728667 7.546407215536998 7.337335292905864 6.851576698196931
1.1639307348741967 1.4744247816753284 1.4379484036843646 1.578515909112957 1.5580535507277822 1.1781654189682316 0.6817308111887719 0.9121547599609583 1.6701516879683052 1.8258435452468098 0.9886661869663946 -0.11096315929778466 0.23956593651781954 0.894361404843415 1.1639307348741967 1.3810096673082257 1.875664939575931 3.0971787683952825 4.06869595781315 4.831141224599882 4.580254917442521 4.225277482847531 3.497529258540008 2.857858142064324 2.7475393403355555 3.15767617579493 3.4797359034224646 4.187021769344813 4.918328664675846 5.641628550203983 6.1051454510159875 6.500157934625449 6.667415472730356 6.6789811535567605 7.116697689448326 8.10244956296023 9.040159377654764 9.246562297018267 8.794611077032666 8.182519660989174 7.529503528175333 6.767947929144476 6.2848583377031755 5.8853975153143265
0.8134016390585928 1.5633915572630452 2.2706774231853935 1.8205055387115467 1.2110831259356867 0.9824385126752546 0.3481054027348338 0.33209138312904485 1.3596576411671737 2.5553711050660874 2.4877563556194224 1.2270971455414756 1.2956015627440176 2.160358621456625 3.175469530912473 3.5829373631042163 3.845389351087981 4.378300336858404 4.990391752901896 5.337362177693992 5.255512744153291 4.993950423925405 4.613172624409977 4.153214394621481 3.9681635013990295 3.9396941332109607 4.107841339071745 4.308016584144108 4.6621043509832205 5.190566997974258 5.861376485905643 6.340017738567559 6.517061621987116 6.353362754905717 6.4690195631697485 7.339114628417619 8.44764065224057 9.281259339497476 9.043718048678272 8.338211518267679 7.503703163254896 6.590014377969043 5.754616355200383 5.308892809505922
0.8053946292556982 1.445955413487259 2.7475393403355555 2.3987895800317056 1.2706908655794569 0.04383903022484237 -0.604728763809613 0.10789510864799867 1.754670124776636 3.491301584248868 4.211042798753496 4.07492363210429 4.372072662567264 4.759967804129709 4.9218873356993535 4.697691061218308 4.944129029596283 5.142524939156891 5.352486529543903 5.512626725601793 5.628283533865825 5.527751077451705 5.439673969619865 5.341810516473377 5.248395402106274 4.942349694084529 4.7475124555474295 4.642531660353923 4.740395113500412 5.151421616715663 5.563337787686792 5.902301202675993 6.122049138377653 6.238595614397562 6.081124421607303 6.604249062063078 7.700319737303749 8.904040211005556 8.994786322105028 8.284831452915048 7.661174356045153 7.021503239569469 6.288417008726684 5.653194231030385
0.7431178863442964 1.3125052501056838 2.0260187903191724 1.5224668404926955 0.4335135072990419 -0.5335553433394393 -0.3289317594876908 1.6594756748977793 4.019764231239906 5.666539247368544 5.920094557793536 5.872052498976169 5.658532237565648 5.175442646124347 4.868507270346724 4.606944950118836 4.620289966456994 4.791995843341287 5.0766895252219815 5.421880614502323 5.672766921659683 5.8604868181497665 5.8604868181497665 5.76796137153854 5.531309748475214 5.217257030650574 4.965481055737335 4.858720925032075 4.9512463716433 5.283982112341361 5.590027820363106 5.818672433623539 6.0250753529870416 6.246602624200457 6.013509672160639 6.240374949909317 7.154953402951046 8.476999688184517 9.184285554106864 8.67094725896574 8.08643554335444 7.490358146916737 6.758161583829828 6.1549668453451085
1.1194473470803383 1.404141028961032 0.8427606750025392 0.3196360345467646 -0.057583093945154484 -0.32715242397593647 0.8134016390585928 3.3569617531114155 5.310672145017676 5.8106654238206445 5.751057684176875 5.619386856307053 5.233271050256363 4.813347869482339 4.679008038344887 4.639862657086292 4.730608768185762 4.975267401051983 5.278644105806098 5.5508824391045115 5.68967060902135 5.822231104647047 5.772409710317927 5.633621540401088 5.439673969619865 5.202132678800662 5.013523114554702 5.033095805184 5.1665459685655755 5.320458490332324 5.384514568755481 5.529530412963459 5.558889448907406 5.743940342129857 5.6798842637067 5.710132967406524 6.549089661198694 7.879142956235059 8.861336158723454 8.516145069443112 8.122911921345404 7.563310902898666 7.090897324527889 6.667415472730356
0.5981020421363181 0.7004138340621924 0.36945742887588584 0.1959722164798383 -0.14210153075348542 0.5838673580422833 2.1550206149213618 4.1576627334008665 4.805340859679445 5.182559988171364 5.340031180961622 5.342700184229255 5.113165903212945 5.162097629786189 5.102489890142419 5.170104639589084 5.423659950014077 5.628283533865825 5.661201240833281 5.786644394411961 5.8106654238206445 5.710132967406524 5.656752902053894 5.493943702728373 5.341810516473377 5.161207962030312 5.147862945692154 5.175442646124347 5.249285069862152 5.327575832379342 5.355155532811534 5.221705369429959 5.218146698406451 5.283982112341361 5.368500549149692 5.372059220173201 5.704794960871261 6.823107330008861 7.879142956235059 8.0802078690633 7.754589470412256 7.713664753641906 7.431640075028843 7.136270380077624
0.43173417178728757 0.2253312524237847 0.18262720014168066 0.04117002695721084 0.4201684909608845 1.207524454912178 2.9005621943464286 4.002860543878239 4.664773354250852 5.276864770294344 5.627393866109948 5.773299378073803 5.963688277831517 6.012620004404761 5.978812629681429 5.961908942319763 6.0695587407809 5.945005254958097 5.978812629681429 5.930770570864063 5.821341436891171 5.699456954335998 5.574013800757317 5.422770282258199 5.300885799703027 5.227043375965222 5.210139688603556 5.221705369429959 5.279533773561975 5.3213481580882025 5.255512744153291 5.122062580771717 4.952136039399178 4.953025707155055 5.05800650234856 5.213698359627065 5.54821343583688 6.222581594791773 7.14694639314815 7.456550772193404 7.8026315292296236 7.773272493285676 7.87291528194392 7.630035984589453
0.43173417178728757 0.18974454218869807 0.1514888286859799 0.24846261407659087 0.6274610780802645 1.6603653426536564 3.236856606067998 4.1781250917860415 4.894307635267161 5.508178386822408 6.118490467354144 6.460122885610977 6.670084475997989 6.631828762495271 6.590014377969043 6.467240227657994 6.2901963442384385 6.162973855148003 6.017068343184148 5.9565709357845 5.794651404214855 5.678104928194946 5.5508824391045115 5.46013632800504 5.337362177693992 5.278644105806098 5.169214971833206 5.179890984903732 5.156759623250926 5.157649291006804 5.090034541560138 5.059785837860314 4.888969628731898 4.8516035829850575 4.9218873356993535 5.103379557898296 5.797320407482487 6.473467901949135 7.179864100115605 7.456550772193404 7.8035211969855 7.912950330958392 8.036614149025318 7.807969535764887
0.4299548362755332 0.4352928428107963 0.44063084934605934 0.5829776902864061 1.2101934581798095 2.3089331366881116 3.5651440079866727 4.333816949064546 5.069572183174964 5.725257319256436 6.296424018529578 6.703891850721321 6.792858626309037 6.75460291280632 6.639835772298165 6.531296306081151 6.366707771243874 6.263506311562123 6.1149317963306355 5.965467613343272 5.8604868181497665 5.7804167201208205 5.664759911856789 5.572234465245563 5.46013632800504 5.320458490332324 5.179001317147855 5.001957433728299 4.962812052469704 4.89163863199953 4.859610592787952 4.843596573182163 4.8516035829850575 4.855162254008566 4.918328664675846 5.345369187496885 6.041089372592831 6.872039056582105 7.4681164530198085 7.671850369115679 7.658505352777523 7.747472128365239 7.662064023801031 7.571317912701559
1.254676845973668 1.4317207293932244 1.5794055768688342 1.827622880758564 2.472632003769511 3.2172839154387 4.055350941474992 4.845375908693917 5.482378021901969 6.156746180856863 6.502826937893081 6.641615107809919 6.660298130683339 6.629159759227639 6.583786703677903 6.501047602381327 6.411191159037733 6.326672722229402 6.251050962979843 6.127387144912916 6.091800434677829 5.95034326149336 5.82756911118231 5.717250309453542 5.61404884977179 5.414763272455305 5.179890984903732 4.983274410854879 4.8115685339705845 4.671001028541992 4.642531660353923 4.603386279095328 4.603386279095328 4.7021393999976935 4.918328664675846 5.387183572023113 6.039310037081076 6.824886665520616 7.314203931253058 7.384487683967354 7.265272204679814 7.1086906796454326 6.949440151343419 7.0686556306309605
3.162124514574316 3.6211930766069345 3.6389864317244776 3.6968148358564936 4.0135365569487655 4.58381358846603 5.2314917147446085 5.776858049097312 6.2145745849888785 6.437881191714048 6.582007368166149 6.581117700410271 6.53752398037229 6.4992682668695725 6.492150924822555 6.492150924822555 6.510833947695975 6.47791624072852 6.41830850108475 6.323114051205893 6.216353920500633 6.082014089363181 5.99126797826371 5.904080538187747 5.711912302918279 5.502840380287145 5.254623076397415 5.003736769240053 4.769754149444358 4.608724285630591 4.517088506775242 4.473494786737261 4.488619138587174 4.604275946851205 4.859610592787952 5.348038190764518 5.961908942319763 6.557096671001588 6.912963773352455 6.799975968356055 6.582007368166149 6.441439862737557 6.604249062063078 6.837342014102896
