static/data/seaWind_uo/2023/7/23/0.asc
ncols 137
nrows 93
xllcorner 108.0
yllcorner 17.0
cellsize 0.25
NODATA_value -32767
[rows 38 to 56 of 93, columns 86 to 128 of 137]
-0.9525070021619741 -1.0454037626606805 -1.3224923758723388 -1.545925101554572 -2.026425586892708 -2.231439127303646 -2.0112097381903338 -1.4177916387977358 -0.9805361971400322 -0.5544924334735515 -0.033149406881674004 0.5058119708392685 0.9694949391905694 1.2778160839492068 1.4459912538175543 1.3651070054523013 1.0936242312362547 0.6972113308322925 0.2127066747830053 -0.30943718595110203 -0.789136837147008 -1.1727363912752864 -1.4338083216423403 -1.4882650433139957 -1.3665382536950013 -1.160723879141833 -1.0077645579758598 -0.6850283986570784 -0.22695126930138887 0.23913420147660291 0.6203312531781906 0.8637848324161799 0.7260413599525806 0.6475596140140185 0.7588755597840202 1.1352676066322265 1.1104417482230895 0.6187295848937304 0.15584745068465944 -0.0820002895577181 -0.014730221610379068 -0.0916102992644805 -0.23976461557707252
-1.2023672545378048 -1.2368031226537046 -1.5307092528521977 -1.6596435497512643 -1.9151096411227067 -2.027226421034938 -1.8430345683219862 -1.5627426185414068 -1.3120815320233459 -0.8924444414947073 -0.3775080880406714 0.12541575327991072 0.5226294878261033 0.8093281107445245 1.0255533291466854 1.0792092166761105 0.9975241341686276 0.7380538720860339 0.3504501472466046 -0.170092045203043 -0.6802233938036972 -1.0942546453367243 -1.3593307464149293 -1.372944926832843 -1.2287947812314024 -0.9973537141268669 -0.7651118128801011 -0.4976332093752056 -0.21173542059901473 0.0909798851640109 0.2615575574590494 0.22151585034753785 -0.19331623532771935 -0.4367698145657082 0.05654401704811152 0.811730613171215 1.268206074242444 0.6795929797032274 -0.17169371348750317 -0.4784131899616799 -0.6425841891188764 -0.8724235879389515 -1.171134722990826
-1.4618375166203983 -1.4378124923534914 -1.630813520630976 -1.790179514934791 -1.9551513482342178 -2.0320314258883196 -1.9495455092386063 -1.7092952665695382 -1.4842608726028446 -1.1687322205641353 -0.7250701057685898 -0.415147292725492 -0.13966034779829428 0.033319826923434714 0.15824995311134993 0.2631592257435096 0.34724681067768337 0.24393920632998434 -0.13966034779829428 -0.616156662425279 -1.117478835461401 -1.5202984090032048 -1.767756158952345 -1.768556993094575 -1.6123943353596808 -1.3633349171260805 -1.0422004260917594 -0.8155643638406054 -0.6602025402479414 -0.6826258962303877 -0.6778208913770065 -1.051009601656292 -1.5010783895896793 -1.594775984230616 -0.8652160806588796 0.03171815863897409 0.7068213405390553 0.23352836248099118 -0.5080440532241983 -0.906058621912621 -1.1927572448310422 -1.6580418814668039 -1.9935913870612687
-1.6756602325958687 -1.700486091005006 -1.6924777495827035 -1.902296294847023 -2.1233265181025653 -2.2850950148330713 -2.2050116006100486 -1.71570193970738 -1.3457165659970154 -1.0726321234965082 -0.9693245191488089 -0.7603068080267197 -0.8940461097791677 -0.8788302610767933 -0.7458917934665756 -0.6537958671100996 -0.5969366430117535 -0.640982520834416 -0.9533078363042045 -1.4057791266642823 -1.8158062074861583 -2.200206595756667 -2.4412576725679656 -2.4180334824432888 -2.256264985712783 -1.9991972260568804 -1.697282754436085 -1.5002775554474492 -1.4249991460778078 -1.4818583701761538 -1.7269136176986033 -2.089691484128896 -2.45727435541257 -2.2971075269665246 -1.5995809890839974 -0.878029426934563 -0.3422713857825417 -0.5216582336421123 -0.8588094075210377 -1.2792473321919067 -1.7853745100814098 -2.291501687970913 -2.66949540310358
-1.6388218620532782 -2.0320314258883196 -2.0200189137548663 -2.1513557130806236 -2.510930242941995 -2.6726987396725006 -2.38600011675408 -1.6860710764448616 -1.1895539082621212 -0.6762192230925459 -0.5721107846026166 -0.9236769730416861 -1.3625340829838501 -1.39696995109975 -1.3633349171260805 -1.2704381566273741 -1.4233974777933474 -1.4730491946116213 -1.7589469833878124 -2.207414103036739 -2.618242018000845 -2.934571504181785 -3.162008400575169 -3.137182542166032 -3.013854084262577 -2.7559854904644445 -2.5093285746575344 -2.306717536673287 -2.226634122450265 -2.2650741612773153 -2.5101294087997648 -2.719947954064084 -3.017057420831498 -2.70633377364617 -2.1105131718268817 -1.386559107250757 -1.2704381566273741 -1.2928615126098204 -1.3857582731085267 -1.6043859939373786 -2.111314005969112 -2.7784088464468906 -3.1395850445927227
-1.839030397610835 -2.287497517259762 -2.49171022352847 -2.4989177308085417 -2.875309777656748 -3.133178371454881 -2.839272241256388 -1.9687655286521317 -1.2504173030716184 -0.6890325693682295 -0.1244444990959197 -0.4984340435174359 -1.4946717164518375 -1.5731534623903998 -1.549128438123493 -1.6780627350225594 -1.8550470804554395 -1.9367321629629226 -2.235443298014797 -2.6967237639394077 -3.2509009903627244 -3.5664296424014337 -3.7954682070792787 -3.797870709505969 -3.681749758882586 -3.5351971108544546 -3.2933451999009264 -3.1339792055971114 -3.0090490794091957 -3.030671601249412 -2.8592930948121436 -3.0490907865207073 -3.097140835054521 -2.7207487882063144 -2.157762386218465 -2.1201231815336445 -2.0528531135863055 -1.8222128806240003 -1.5907718135194648 -1.8061961977793957 -2.460477691981491 -3.149995888441716 -3.4527111942047415
-1.4698458580427005 -2.3195308829489707 -2.6726987396725006 -2.701528768792789 -3.192440097979918 -3.4511095259202813 -3.294946868185387 -2.524544423359909 -1.7597478175300425 -0.4487823266991615 0.11660657771537819 -0.3214496980845558 -1.567547623394788 -1.634016857199897 -1.5146925700075933 -1.64442770104889 -1.9103046362693252 -2.0312305917460893 -2.349161746211489 -2.9121481481993383 -3.468727877049346 -3.9692492159432375 -4.2367278194481335 -4.2815745314130265 -4.255147004719428 -4.106992688406836 -4.005286752343598 -3.916394162556043 -3.758629836536688 -3.497557906169634 -3.3253785655901353 -2.990629894137901 -2.8536872558165323 -2.5725944718937224 -2.5437644427734343 -2.506926072230844 -2.506926072230844 -2.160965722787386 -1.8238145489084605 -1.9223171484027786 -2.578200310889334 -3.313366053456682 -3.577641320392657
-1.2215872739513303 -2.0600606208663774 -2.3603734242027126 -2.521341086790988 -3.0090490794091957 -3.229278468522508 -3.0683108059342326 -2.783213851300272 -2.4268426580078213 -0.9493036655930533 -0.32945803950685804 -0.7058500863550643 -1.9175121435493971 -1.7197061104185312 -1.5323109211366583 -1.4842608726028446 -1.740527798116517 -1.9719688652210525 -2.2402483028681783 -2.8088405438516393 -3.4006569749597766 -3.957236703809784 -4.455355540276985 -4.658767412403463 -4.635543222278786 -4.4257246770144665 -4.356852940782668 -4.464164715841518 -4.328022911662379 -3.987668401214533 -3.48234205746726 -3.013854084262577 -2.8056372072827185 -2.67029623724581 -2.7383671393353795 -2.8656997679499856 -2.9297664993284034 -2.5405611062045135 -2.10490733283127 -2.1913974201921347 -2.6462712129789034 -3.3285819021590566 -3.4182753260888417
-1.0253829091049247 -1.7269136176986033 -1.9335288263940016 -2.0920939865555868 -2.5501711159112763 -2.7455746466154514 -2.631055364276529 -2.4668843651193324 -2.589411988880557 -2.0672681281464493 -1.7084944324273081 -1.9103046362693252 -2.6254495252809176 -2.0664672940042195 -1.7100961007117685 -1.5907718135194648 -1.6932785837249338 -1.9351304946784622 -2.163368225214077 -2.45887602369703 -3.0050449086980446 -3.7738456852390625 -4.602709022447347 -4.887805977081308 -4.601107354162886 -4.275968692417415 -4.209499458612306 -4.519422271655403 -4.533036452073317 -4.221511970745759 -3.6713389150335933 -3.230880136806969 -3.2124609515356735 -3.1099541813302043 -3.0282690988227214 -3.101945839907902 -3.1531992250106367 -2.8456789143942296 -2.443660174994656 -2.4812993796794767 -2.8264588949807044 -3.151597556726176 -3.115560020325816
-0.6385800184077253 -1.0814412990610407 -1.4354099899268007 -1.8045945294949353 -2.288298351401992 -2.556577789049118 -2.558980291475809 -2.4845027162483975 -2.9553931918797707 -2.7479771490421423 -2.366780097340554 -2.2402483028681783 -2.7287571296286166 -2.4540710188436488 -2.1905965860499044 -2.0200189137548663 -1.9759730359322036 -2.064865625719759 -2.0928948206978166 -2.1313348595248676 -2.5517727841957365 -3.4238811650844534 -4.549053134917921 -4.806921728716055 -4.480982232828352 -4.123810205393672 -4.044527625312879 -4.310404560533314 -4.40089881860533 -4.2967903801154 -4.002083415774677 -3.7177872952829465 -3.749019826829925 -3.8555307677465454 -3.6609280711846006 -3.3934494676797047 -3.152398390868407 -3.017057420831498 -2.7752055098779698 -2.7095371102150914 -2.8264588949807044 -2.9577956943064616 -2.8344672364030066
-0.6153558282830487 -0.5673057797492351 -0.7274726081952805 -1.3393098928591736 -1.9143088069804763 -2.418834316585519 -2.643067876409982 -2.843276411967539 -3.557620466836901 -3.3261793997323656 -2.5926153254494784 -2.120924015675875 -2.825658060838474 -3.0186590891159586 -2.7207487882063144 -2.435651833572354 -2.324335887802352 -2.273883336841848 -2.168974064209688 -2.064865625719759 -2.2923025221131432 -3.079522483925456 -4.218308634176838 -4.549853969060152 -4.3656621163472 -4.108594356691297 -3.9980792450635256 -4.108594356691297 -4.194283609909931 -4.3224170726667674 -4.410508828312093 -4.299993716684321 -4.059743474015253 -3.964444211089856 -3.744214821976544 -3.4623212039115043 -3.2380876440870408 -3.16441090300186 -2.9073431433459573 -2.8416747436830785 -2.9129489823415686 -3.008248245266966 -2.946584016315238
-0.6321733452698834 -0.2918188348220374 -0.27339964955074203 -0.6337750135543441 -1.2376039567959347 -2.089691484128896 -2.5806028133160246 -2.8945297970702737 -3.3550094288526537 -3.499960408596325 -2.871305606945597 -2.4885068869595486 -3.137182542166032 -3.417474491946612 -3.2380876440870408 -2.981019884431138 -2.7287571296286166 -2.6438687105522125 -2.56458613047142 -2.3155267122378196 -2.236244132157027 -2.6358603691299103 -3.7778498559502136 -4.348043765218135 -4.2367278194481335 -3.8851616310090638 -3.7241939684207885 -3.8771532895867615 -4.161449410078492 -4.482583901112813 -4.569874822615907 -4.429728847725618 -4.158246073509571 -3.8867632992935244 -3.427084501653374 -3.3397935801502796 -3.1660125712863203 -3.0354766061027934 -2.9113473140571084 -2.9898290599956705 -3.142788381161644 -3.1307758690281906 -3.254104326931645
-0.47601068753498943 -0.30943718595110203 -0.22294709859023776 -0.30062801038656994 -0.7090534229239853 -1.4057791266642823 -2.0912931524133564 -2.475693540683865 -2.821653890127323 -3.054696625516319 -2.9882273917112103 -3.075518313214305 -3.6088738519396357 -3.998880079205756 -3.909987489418201 -3.663330573611291 -3.2797310194830125 -3.1395850445927227 -3.012252415978117 -2.6710970713880404 -2.2850950148330713 -2.546967779342355 -3.2837351901941636 -3.9123899918448917 -3.9364150161117983 -3.6609280711846006 -3.454312862489202 -3.543205452276757 -3.9692492159432375 -4.468969720694899 -4.580285666464901 -4.420118838018855 -3.9764567232233095 -3.534396276712225 -2.945783182173008 -3.104348342334593 -2.969808206439915 -2.879313948367899 -2.848882250963151 -3.121966693463658 -3.214062619820134 -3.3437977508614307 -3.758629836536688
-0.3598897369116063 -0.2029262450344822 -0.2990263421021093 -0.4055372830187296 -0.6105508234296675 -0.7899376712892381 -1.4089824632332033 -1.9799772066433547 -2.341153404789187 -2.8312638998340858 -2.9826215527155986 -3.2468968196515733 -3.8699457823066896 -4.271964521706263 -4.527430613077705 -4.341637092080293 -4.024506771757123 -3.8387132507597106 -3.5728363155392753 -3.013053250120347 -2.6294536959920687 -2.63505953498768 -3.0763191473565348 -3.6465130566244564 -3.7177872952829465 -3.4463045210668994 -3.254104326931645 -3.3574119312793447 -3.645712222482226 -4.207096956185615 -4.406504657600941 -4.362458779778279 -3.9211991674094238 -3.278129351198552 -2.6831095835214938 -2.9553931918797707 -2.8448780802519993 -2.7415704759043003 -2.7599896611755956 -3.09313666434337 -3.334988575296898 -3.438296179644597 -3.8371115824752504
-0.3462755564936928 -0.3222505322267857 -0.4191514634366431 -0.5809199601671491 -0.76110764216895 -0.7346801154753526 -0.9324861486062186 -1.5042817261586003 -2.2618708247083945 -2.8136455487050207 -3.0763191473565348 -3.3429969167192004 -3.9324108454006472 -4.40169965274756 -4.658767412403463 -4.962283552308719 -4.86217928452994 -4.583489003033821 -3.5584213009791315 -2.9978374014179727 -3.015455752547038 -3.097941669196751 -3.3077602144610703 -3.4246819992266837 -3.438296179644597 -3.2645151707806384 -3.071514142503154 -3.1948426004066084 -3.3013535413232287 -3.7954682070792787 -4.265557848568421 -4.221511970745759 -3.9091866552759704 -3.2621126683539474 -2.8016330365715674 -3.1556017274373276 -3.0322732695338726 -2.3459584096425683 -2.3643775949138637 -3.052294123089628 -3.631297207922082 -3.4911512330317924 -3.3470010874303515
-0.415147292725492 -0.4047364488764993 -0.4856206972417523 -0.6433850232611067 -0.8195685345517565 -0.8491993978142749 -0.9669220167221182 -1.5082858968697515 -2.2698791661306967 -3.037078274387254 -3.3293827363012864 -3.5063670817341666 -3.884360796866834 -4.36806461877389 -4.803718392147134 -5.232965492382535 -5.453995715638078 -4.8886068112235375 -3.6425088859133052 -2.9866257234267497 -3.0226632598271097 -3.543205452276757 -3.741011485407623 -3.348602755714812 -2.5765986426048735 -2.443660174994656 -2.964202367444303 -3.1347800397393417 -3.079522483925456 -3.476736218471648 -4.010091757196979 -4.109395190833528 -3.8098832216394225 -3.568832144828124 -3.3285819021590566 -3.7826548608035946 -3.7097789538606443 -2.954592357737541 -1.634817691342127 -2.3371492340780358 -3.529591271858843 -3.344598585003661 -3.0050449086980446
-0.6954392425060714 -0.5360732482022563 -0.5841232967360699 -0.5673057797492351 -0.686630066941539 -0.7939418420003892 -1.0998604843323359 -1.6524360424711921 -2.4180334824432888 -3.2044526101133712 -3.511172086587548 -3.7650365096745295 -4.1694577515007945 -4.642750729558858 -5.066391990798648 -5.172102097573038 -5.42516568651779 -4.715626636501809 -3.5664296424014337 -2.9882273917112103 -3.3045568778921495 -3.9211991674094238 -4.215906131750147 -3.013854084262577 -2.0672681281464493 -1.9054996314159438 -2.606229505867392 -3.16521173714409 -3.133178371454881 -3.503964579307476 -3.7778498559502136 -3.8979749772847474 -3.842717421470862 -3.73140147570086 -4.113399361544678 -4.9871094107178555 -4.866183455241091 -3.278129351198552 -1.6652493887468758 -1.132694684163775 -2.4700877016882536 -2.800832202429337 -2.4484651798480375
-1.2023672545378048 -0.9637186801531974 -0.7635101445956407 -0.6417833549766463 -0.6361775159810346 -0.7723193201601732 -1.2127780983867977 -1.9287238215406204 -2.6863129200904146 -3.228477634380278 -3.4991595744540946 -3.949228362387482 -4.601908188305117 -5.007931098415842 -4.995117752140158 -4.745257499764327 -4.812527567711666 -4.4881897401084245 -3.7794515242346742 -3.596060505663952 -3.9075849869915102 -4.446546364712453 -5.096823688203397 -3.676944754029205 -1.8093995343483167 -1.3889616096774475 -2.1161190108224934 -3.008248245266966 -3.4719312136182667 -3.8242982361995663 -3.901178313853668 -3.829904075195178 -3.818692397203955 -4.021303435188202 -4.679589100101449 -5.653403417053404 -5.404343998819804 -3.753023997541076 -1.920715480118318 -0.9517061680197438 -1.4882650433139957 -2.096098157266738 -1.8774704364378858
-1.6892744130137824 -1.4089824632332033 -1.1479105328661494 -0.9493036655930533 -0.9132661291926931 -1.089449640483343 -1.6492327059022713 -2.4100251410209865 -3.0627049669386213 -3.3934494676797047 -3.5440062864189876 -3.9756558890810796 -4.536239788642238 -4.8389550944052635 -4.815730904280587 -4.637945724705476 -4.581086500607131 -4.345641262791444 -3.987668401214533 -3.8275015727684876 -3.9788592256500004 -4.4569572085614455 -5.309044735894407 -4.532235617931087 -2.850483919247611 -2.1449490399427815 -2.510930242941995 -3.255705995216106 -3.807480719212732 -4.070154317864246 -3.664131407753521 -3.3886444628263233 -3.5800438228193476 -4.243134492585975 -5.138467063599368 -5.833591099055205 -5.613361709941893 -4.575480661611519 -3.346200253288121 -2.5053244039463833 -2.149754044796163 -1.9151096411227067 -1.465040853189319
