static/data/seaWind_uo/2023/7/23/12.asc
ncols 137
nrows 93
xllcorner 108.0
yllcorner 17.0
cellsize 0.25
NODATA_value -32767
[rows 57 to 75 of 93, columns 0 to 41 of 137]
-0.21493875716793553 -0.058776099433041296 -0.3743047514717506 -0.803551851707152 -1.0622212796475152 -1.0237812408204643 -0.31183968837779297 -0.5160523946465008 -0.7346801154753526 -0.39832977573865724 0.06855652918156485 0.21751167963638673 0.5482561803774706 -0.04916608972627845 -0.4447781559880104 -0.40633811716095947 -0.2029262450344822 0.0004856270919955108 -0.03555190930836494 -0.5929324723006024 -0.8620127440899585 -0.8628135782321888 -0.9148677974771535 -0.8524027343831959 -0.23095544001253998 -0.1180378259580781 -0.6682108816702437 -1.054212938225213 -1.163927215710754 -1.0181754018248528 -1.344915731854785 -1.3128823661655762 -1.1471096987239193 -0.6802233938036972 -0.2085320840300935 -0.2942213372487279 -0.9436978265974416 -1.0245820749626946 -1.1391013573016169 -1.117478835461401 -1.0229804066782342 -0.9845403678511833
-0.65539753539456 -0.39592727331196675 -0.25017545942606567 -0.4920273703795939 -0.48161652653060116 -0.3238522005112463 -0.09000863098002032 -0.3198480298000952 -0.5753141211715374 -0.6481900281144881 -0.39272393674304595 -0.30703468352441154 0.06695486089710423 -0.0916102992644805 -0.2758021519774325 -0.3286572053646277 -0.3190471956578649 -0.2133370888834749 -0.18610872804764744 -0.5424799213400981 -0.8099585248449939 -0.8155643638406054 -0.8019501834226916 -0.5825216284516095 -0.19651957189664016 -0.4936290386640545 -0.9781336947133414 -1.259226478636151 -1.1222838403147821 -0.9861420361356437 -1.248815634787158 -1.0197770701093132 -0.8403902222497424 -0.31023802009333235 0.15744911896912006 0.18227497737825704 -0.43596898042347787 -0.86681774894334 -1.0229804066782342 -1.0838438014877314 -1.0854454697721918 -0.9781336947133414
-1.0670262845008966 -0.8211702028362171 -0.7042484180706039 -0.8307802125429797 -0.8548052368098866 -0.051568592152969384 0.1502416116890477 0.006091466087607245 -0.2093329181723238 -0.39112226845858533 -0.7098542570662154 -0.6353766818388045 -0.3126405225200233 -0.11163115282023606 -0.2381629472926119 -0.39192310260081564 -0.4135456244410318 -0.2934205031064976 -0.2661921422706701 -0.5424799213400981 -0.6345758476965742 -0.7066509204972946 -0.31824636151563457 0.33523429854423004 0.571480370502147 -0.2133370888834749 -0.8147635296983753 -1.3040731906010437 -1.2319981178003232 -0.9164694657616139 -0.8580085733788074 -0.538475750628947 -0.32945803950685804 0.10699656800861579 0.19188498708501944 0.10779740215084566 -0.27500131783520265 -0.5480857603357097 -0.721866769199669 -0.7811284957247058 -0.7603068080267197 -1.0774371283498896
-1.2472139665026976 -0.9012536170592396 -1.036594587096148 -1.1735372254175167 -1.2287947812314024 -0.5232599019265727 -0.0011160411924651115 0.2351300307654518 0.05013734391026947 -0.30062801038656994 -0.6193599989941998 -0.5721107846026166 -0.36629641004944835 -0.2581838008483679 -0.4447781559880104 -0.5953349747272931 -0.4447781559880104 -0.22054459616354727 -0.2381629472926119 -0.39913060988088755 -0.5192557312154216 -0.39192310260081564 0.02531148550113249 0.7764939109130848 0.8165356180245964 0.014099807509909468 -0.42075313172110373 -0.8988511146325491 -0.9549095045886649 -0.7338792813331223 -0.5080440532241983 -0.2357604448659214 -0.033950241023904315 -0.10122030897124334 -0.03795441173505543 -0.22615043515915856 -0.4920273703795939 -0.6818250620881576 -0.4992348776596658 -0.5560941017580121 -0.41754979515218293 -0.5520899310468608
-1.2400064592226254 -0.7250701057685898 -0.9068594560548513 -0.9557103387308952 -1.0109678945447806 -0.7955435102848498 -0.2573829667061376 0.09738655830185294 0.007693134372067423 -0.34387305406700186 -0.4896248679529034 -0.4527864974103126 -0.42635897071671547 -0.3783089221829017 -0.5969366430117535 -0.683426730372618 -0.5328699116333355 -0.18530789390541713 -0.28140799097304425 -0.47601068753498943 -0.2894163323953465 -0.16288453792297064 0.1534449482579685 0.7164313502458182 0.3304292936908486 -0.2758021519774325 -0.5793182918826887 -0.2902171665375768 -0.3462755564936928 -0.6177583307097394 -0.5080440532241983 -0.2605863032750584 -0.07559361641987605 -0.1436645185094454 -0.39592727331196675 -0.6049449844340558 -0.6746175548080855 -0.7506967983199571 -0.5248615702110331 -0.6033433161495954 -0.4639981754015361 0.06375152432818343
-1.0574162747941338 -0.5865257991627606 -0.7258709399108201 -0.7258709399108201 -0.5104465556508893 -0.42395646829002454 -0.19812124018110078 -0.16368537206520095 -0.2725988154085117 -0.3246530346534766 -0.4383714828501688 -0.7290742764797409 -0.8067551882760728 -0.6281691745587323 -0.7571034714577989 -0.8259752076895983 -0.43116397557009645 -0.1148344893891573 -0.19091373290102887 -0.6001399795806746 -0.19812124018110078 0.256752552605668 0.6019120679068957 0.39129268850034604 -0.16768954277635206 -0.6794225596614669 -0.5817207943093792 -0.25257796185275616 -0.12764783566484095 -0.5128490580775797 -0.6922359059371506 -0.4744090192505288 -0.28541216168419536 -0.3206488639423255 -0.5777166235982281 -0.6594017061057111 -0.5977374771539838 -0.5280649067799541 -0.4439773218457801 -0.5424799213400981 -0.5865257991627606 0.05414151462142058
-0.7298751106219712 -0.6505925305411788 -0.7635101445956407 -0.7194642667729783 -0.4976332093752056 -0.17169371348750317 0.07015819746602503 -0.24056544971930283 -0.535272414060026 -0.5288657409221844 -0.4752098533927591 -0.9044569536281606 -1.2672348200584531 -1.0454037626606805 -1.1062671574701777 -0.881232763503484 -0.45679066812146374 -0.06998777742426432 0.057344851190341384 -0.403935614734269 -0.36549557590721804 0.09738655830185294 0.43133439561185716 0.23913420147660291 -0.17249454762973349 -0.6105508234296675 -0.4487823266991615 -0.19651957189664016 -0.05717443114858067 -0.3238522005112463 -0.6674100475280136 -0.6033433161495954 -0.6105508234296675 -0.5945341405850628 -0.524060736068803 -0.5096457215086589 -0.379109756325132 -0.170092045203043 -0.16368537206520095 -0.21894292787908665 -0.21894292787908665 -0.3302588736490879
-0.6081483210029768 -0.789136837147008 -1.0381962553806083 -0.9605153435842764 -0.5608991066113933 -0.09401280169117143 0.0004856270919955108 -0.5392765847711773 -0.8187677004095264 -0.5176540629309612 -0.32945803950685804 -0.6465883598300277 -1.199964752111114 -1.163927215710754 -1.0710304552120478 -0.6626050426746322 -0.40313478059203867 -0.3302588736490879 -0.5681066138914654 -0.1989220743233311 -0.25257796185275616 -0.18530789390541713 -0.014730221610379068 0.11340324114645739 -0.061979436001962096 -0.25017545942606567 -0.21493875716793553 -0.16768954277635206 -0.13645701122937348 -0.18290539147872664 -0.4367698145657082 -0.6393808525499556 -0.7146592619195968 -0.7066509204972946 -0.5496874286201703 -0.27500131783520265 -0.0948136358334013 0.002087295376455689 -0.28060715683081394 -0.36309307348052755 -0.4984340435174359 -0.8131618614139147
-0.789136837147008 -0.9725278557177299 -1.206371425248956 -1.051009601656292 -0.6401816866921859 -0.37030058076059946 -0.6057458185762861 -1.0870471380566522 -1.3665382536950013 -0.6241650038475812 0.09258155344847152 -0.27820465440412345 -1.0662254503586663 -1.1967614155421933 -0.4231556341477942 -0.033950241023904315 -0.4343673121390177 -1.188753074119891 -1.0750346259231989 -0.640982520834416 -0.39913060988088755 -0.2926196689642673 -0.1805028890520357 -0.009124382614767335 0.001286461234225822 -0.30303051281326043 -0.3566864003426855 -0.3214496980845558 -0.21413792302570522 -0.08920779683779001 -0.20052374260779127 -0.4407739852768593 -0.630571676985423 -0.8371868856808216 -0.7595059738844896 -0.2093329181723238 0.41772021519394364 -0.17810038662534522 -0.9180711340460743 -1.2648323176317626 -1.3609324146993897 -1.39777078524198
-1.039797923665069 -0.9180711340460743 -0.8548052368098866 -0.5681066138914654 -0.27099714712405154 -0.39272393674304595 -1.163927215710754 -1.5779584672437812 -1.6147968377863715 -0.9725278557177299 -0.3502797272048439 -0.5096457215086589 -1.07983963077658 -1.0726321234965082 -0.2053287474611727 -0.2862129958264257 -0.8588094075210377 -0.9436978265974416 -0.9829386995667229 -0.8459960612453541 -0.7410867886131944 -0.644185857403337 -0.4752098533927591 -0.22134543030577714 0.062149856043722806 -0.22615043515915856 -0.4367698145657082 -0.5592974383269329 -0.5200565653576519 -0.40313478059203867 -0.2725988154085117 -0.42555813657448516 -0.7723193201601732 -1.0750346259231989 -1.1134746647502498 -0.6994434132172225 -0.640982520834416 -1.3032723564588133 -1.8526445780287488 -2.061662289150838 -2.0296289234616287 -1.6940794178671639
-1.400974121810901 -1.3120815320233459 -0.8724235879389515 -0.47280735096606863 0.07175986575048565 0.18227497737825704 0.21350750892523562 -1.0710304552120478 -1.517895906576514 -1.4738500287538516 -0.948502831450823 -0.6698125499547043 -1.0630221137897453 -0.9597145094420463 -0.8403902222497424 -0.853203568525426 -1.0285862456738457 -1.0678271186431267 -0.7346801154753526 -0.5440815896245585 -0.644185857403337 -0.7266717740530502 -0.563301609038084 -0.298225507959879 -0.2101337523145541 -0.415147292725492 -0.4431764877035502 -0.5504882627624004 -0.6001399795806746 -0.5264632384954937 -0.36549557590721804 -0.25177712771052585 -0.2902171665375768 -0.48802319966844276 -0.7266717740530502 -1.506684228585291 -1.7621503199567332 -2.2162232786012717 -2.376390107047317 -2.5013202332352322 -2.259468322281704 -1.8302212220463026
-1.3953682828152894 -1.6163985060708321 -1.1951597472577329 -0.6594017061057111 -0.1148344893891573 0.5170236488304916 0.8629839982739496 -0.403935614734269 -1.1006613184745662 -1.1238855085992427 -0.9957520458424063 -0.8836352659301747 -0.800348515138231 -0.5753141211715374 -0.7699168177334825 -1.1599230449996027 -1.3168865368767273 -0.881232763503484 -0.5296665750644145 -0.2725988154085117 -0.5040398825130472 -0.6185591648519697 -0.6169574965675093 -0.4103422878721106 -0.32945803950685804 -0.9012536170592396 -0.9044569536281606 -0.8556060709521167 -0.881232763503484 -0.8500002319565052 -1.0045612214069388 -0.7306759447642015 -0.8083568565605335 -1.036594587096148 -1.6836685740181712 -2.3908051216074613 -2.655080388543436 -2.8496830851053807 -2.909745645772648 -2.758387992891135 -2.504523569804153 -2.1057081669735003
-1.3176873710189574 -1.6788635691647897 -1.3721440926906128 -0.7947426761426195 -0.24056544971930283 0.30720510356617226 0.5250319902527938 -0.3719022490450601 -1.1206821720303217 -1.0381962553806083 -0.8195685345517565 -0.7202651009152086 -0.30943718595110203 -0.11163115282023606 -0.7354809496175827 -1.2223881080935606 -1.146308864581689 -0.6497916963989485 -0.1508720257895173 0.058145685332571695 -0.31103885423556266 -0.6361775159810346 -0.6634058768168625 -0.6698125499547043 -0.3871180977474342 -0.9661211825798881 -1.4322066533578799 -2.2482566442904806 -2.439656004283505 -2.2722816685573877 -2.3956101264608423 -2.2082149371789694 -2.306717536673287 -2.506926072230844 -2.7808113488735815 -3.154000059152867 -3.3029552096076893 -3.3702252775550283 -3.2204692929579757 -3.0066465769825053 -2.7952263634337253 -2.542162774488974
-1.2800481663341368 -1.619601842639753 -1.4282024826467288 -0.8403902222497424 -0.3278563712223974 0.037323997634585826 0.0036889636609163112 -0.33666554678692995 -0.9821378654244926 -1.1158771671769403 -0.9180711340460743 -0.6890325693682295 -0.18771039633210762 -0.16128286963851046 -0.5296665750644145 -0.9973537141268669 -1.0045612214069388 -0.6946384083638413 -0.0011160411924651115 -0.04516191901512734 -0.45518899983700356 -0.8187677004095264 -0.9244778071839161 -1.0293870798160758 -0.6009408137229046 -1.1479105328661494 -2.1449490399427815 -3.2797310194830125 -3.600064676375103 -3.471130379476037 -3.4030594773864675 -3.475935384329418 -3.3830386238307115 -3.3678227751283374 -3.4695287111915762 -3.685753929593737 -3.7153847928562556 -3.680148090598126 -3.507968750018627 -3.323776897305675 -3.2701210097762496 -3.1243691958903486
-1.2800481663341368 -1.5723526282481695 -1.4049782925220522 -0.9148677974771535 -0.42635897071671547 -0.11643615767361748 0.0877765485950901 -0.25337879599498647 -0.9477019973085927 -1.2207864398091 -1.1583213767151423 -0.7603068080267197 -0.3214496980845558 -0.5729116187448469 -0.9300836461795279 -1.0838438014877314 -1.0590179430785942 -0.8572077392365771 -0.30943718595110203 -0.38791893188966453 -1.1407030255860775 -1.4922692140251468 -1.7076935982850778 -1.730116954267524 -1.3248948782990295 -1.6364193596265877 -2.63505953498768 -3.0923358302011397 -3.4182753260888417 -3.545607954703448 -3.6216871982153194 -3.699368110011651 -3.7874598656569765 -3.785858197372516 -3.8539290994620847 -4.0076892547702885 -3.987668401214533 -3.9500291965297123 -3.7882606997992063 -3.6697372467491327 -3.619284695788629 -3.649716393193377
-0.8403902222497424 -1.1022629867590266 -1.3040731906010437 -0.9653203484376578 -0.5040398825130472 -0.07239027985095525 0.2247191869164591 -0.057975265290810984 -0.8403902222497424 -1.3128823661655762 -1.2840523370452879 -0.8323818808274401 -0.8724235879389515 -1.1511138694350704 -1.3313015514368713 -1.5122900675809026 -1.3537249074193176 -0.9997562165535576 -0.7979460127115405 -0.9701253532910392 -1.711697768996229 -2.524544423359909 -2.836068904687467 -2.7039312712194796 -2.6558812226856663 -2.6967237639394077 -2.767998002597898 -2.9730115430088357 -3.2893410291897753 -3.5303921060010737 -3.670538080891363 -3.785858197372516 -3.9083858211337406 -4.062145976441943 -4.155042736940651 -4.219109468319068 -4.232723648736982 -4.213503629323457 -4.151038566229499 -4.0389217863172675 -4.024506771757123 -4.098183512842304
-0.3198480298000952 -0.5929324723006024 -0.9012536170592396 -0.909261958481542 -0.7410867886131944 -0.040356914161745916 0.5450528438085493 0.2863834158681864 -0.7619084763111803 -1.4450199996335635 -1.210375595960107 -0.906058621912621 -1.0181754018248528 -1.1062671574701777 -1.0734329576387385 -1.1407030255860775 -1.4089824632332033 -1.5627426185414068 -1.8478395731753676 -1.9295246556828505 -2.0928948206978166 -2.518137750222067 -2.7992305341448764 -2.91775398719495 -2.9577956943064616 -2.906542309203727 -2.9377748407507056 -3.1355808738815716 -3.426283667511144 -3.601666344659564 -3.789862368083667 -3.90678415284928 -4.0613451422997136 -4.2367278194481335 -4.397695482036409 -4.452953037850294 -4.481783066970583 -4.484185569397273 -4.4705713889793595 -4.476978062117201 -4.493795579104036 -4.6411490612743975
0.7268421940948109 0.1438349385512061 -0.7266717740530502 -0.9324861486062186 -0.3550847320582253 0.15184327997350833 0.8069256083178336 0.4881936197102035 -0.8019501834226916 -1.5555351112613347 -1.1439063621549983 -1.160723879141833 -1.153516371861761 -1.3777499316862245 -1.5555351112613347 -1.368940756121692 -1.4065799608065126 -1.5795601355282416 -1.7957853539304027 -1.96315968965652 -2.122525683960335 -2.3331450633668847 -2.585407818169406 -2.7495788173266025 -2.7359646369086885 -2.758387992891135 -2.8560897582432228 -3.0378791085294843 -3.298150204754308 -3.62489053478424 -3.8411157531864015 -4.0389217863172675 -4.227117809741371 -4.4073054917431715 -4.5650698177625255 -4.6635724172568445 -4.747660002191018 -4.802116723862673 -4.8982168209303 -4.992715249713467 -5.0816078395010225 -5.224156316818003
0.7036180039701345 -0.04516191901512734 -0.6674100475280136 -0.7563026373155686 -0.30383134695549074 0.324022620553007 0.7380538720860339 0.23993503561883323 -0.9525070021619741 -1.7749636662324169 -1.6075893305062996 -2.0024005626258012 -2.235443298014797 -2.397211794745303 -2.369983433909475 -2.10410649868904 -2.0216205820393265 -2.0168155771859455 -1.9855830456389665 -2.0464464404484635 -2.252260815001632 -2.5125319112264557 -2.691117924943796 -2.581403647458255 -2.4845027162483975 -2.5333535989244416 -2.687113754232645 -2.91615231891049 -3.281332687767473 -3.6753430857447444 -3.9195974991249636 -4.1294160443892824 -4.275167858275184 -4.396894647894179 -4.565870651904756 -4.823739245702889 -5.062387820087497 -5.172102097573038 -5.3282647553079325 -5.466008227771531 -5.599747529523979 -5.736690167845348
