static/data/seaWind_uo/2023/7/23/18.asc
ncols 137
nrows 93
xllcorner 108.0
yllcorner 17.0
cellsize 0.25
NODATA_value -32767
[rows 19 to 37 of 93, columns 86 to 128 of 137]
3.5129441749137693 3.2150338740041247 2.5335240189662023 2.6136074331892245 2.5863790723533966 2.4294155804762725 2.016985997227706 1.8776408564796463 1.977745124258425 2.0289985093611596 1.7639224082829545 0.7452613793661063 0.28398091344149545 0.09818739244408325 0.02210814893221169 -0.5480857603357097 -0.8588094075210377 -0.9549095045886649 -0.8083568565605335 -0.9605153435842764 -0.697040910790532 -0.25337879599498647 0.009294802656528045 -0.4231556341477942 -0.8636144123744189 -1.174338059559747 -1.3184882051611877 -1.7389261298320566 -1.5603401161147161 -1.1871514058354304 -1.0582171089363641 -1.2608281469206113 -1.0470054309451409 -0.5953349747272931 -0.13245284051822237 0.5690778680754565 0.6539662871518601 0.6731863065653858 1.1296617676366147 1.3442853177543155 1.339480312900934 1.105636743369708 0.7292446965215018
3.1205354452209577 2.6232174428959874 2.3309129809819544 2.5183081702638277 2.301282117719436 1.824785803092452 1.126458431067694 0.8589798275627984 0.854174822709417 0.8581789934205681 0.6571696237207814 -0.0884069626955597 -0.5064423849397381 -0.5833224625938398 -0.21734125959462602 -0.683426730372618 -1.128690513452624 -1.3921649462463686 -1.2856540053297485 -1.8238145489084605 -1.7349219591209055 -1.2856540053297485 -0.7370826179020433 -0.9108636267660024 -1.1951597472577329 -1.39777078524198 -1.4017749559531312 -1.3377082245747132 -1.2728406590540648 -1.3272973807257202 -1.7637519882411936 -1.4594350141937076 -1.0782379624921197 -0.6177583307097394 -0.16768954277635206 0.16385579210696166 0.22311751863199847 0.39529685921149715 1.1080392457963986 1.2401768792643861 1.0503791875558224 0.6555679554363207 0.231926694196531
2.777778432346421 2.4870756387168487 2.498287316708072 2.413398897631668 1.9345000805779926 0.921444890656756 -0.19491790361217998 -0.4391723169923991 -0.5120482239353494 -0.524060736068803 -0.502438214228587 -0.1404611819405246 -0.19011289875879855 0.010095636798758356 0.20790166992962433 -0.4776123558194496 -1.0710304552120478 -1.4249991460778078 -1.7493369736810496 -3.1860334248420763 -3.3277810680168263 -2.7271554613441564 -1.446621667918024 -1.0454037626606805 -1.1839480692665096 -1.4546300093403262 -1.344915731854785 -1.4089824632332033 -1.9151096411227067 -3.0362774402450237 -3.9996809133479863 -2.6743004079569612 -1.5299084187099674 -0.8884402707835561 -0.6890325693682295 -0.8451952271031238 -0.6177583307097394 -0.09641530411786192 0.6115220776136585 0.6603729602897022 0.4377410687496992 0.07095903160825534 -0.24857379114160505
2.714512535110233 2.692089179127787 2.660055813438578 2.27805792759476 1.074404211822729 -0.13885951365606397 -1.2672348200584531 -1.0197770701093132 -1.117478835461401 -1.0357937529539176 -0.7827301640091662 0.27276923545027243 0.982308285466253 1.222558528135321 0.6723854724231555 -0.5192557312154216 -1.0093662262603202 -1.1599230449996027 -1.3208907075878784 -2.414830145874368 -3.2589093317850266 -2.969808206439915 -1.9935913870612687 -1.055013772367443 -1.015772899398162 -1.0293870798160758 -1.117478835461401 -0.8307802125429797 -1.0846446356299615 -2.044043938021773 -3.772244016954602 -3.87234828473338 -2.879313948367899 -2.446863511563577 -2.10490733283127 -2.026425586892708 -1.7861753442236399 -1.3184882051611877 -0.8443943929608935 -0.5793182918826887 -0.6930367400793807 -0.733078447190892 -0.9212744706149953
2.6984958522656286 2.5647565505131813 2.27965959587922 1.5260746680405775 0.34724681067768337 -0.841991890534203 -1.7477353053965892 -1.8734662657267347 -1.8126028709172375 -1.3777499316862245 -0.5168532287887309 0.8918140273942377 1.6333864430994276 1.5412905167429511 0.744460545223876 -0.28461132754196505 -0.7234684374841294 -0.7106550912084457 -0.5777166235982281 -1.0245820749626946 -1.517895906576514 -2.673499573814731 -2.4172326483010584 -1.57395429653263 -1.1599230449996027 -1.2119772642445676 -0.7923401737159288 -0.45358733155254294 -0.8748260903656422 -1.6580418814668039 -2.9682065381554543 -3.363017770274956 -3.5528154619835197 -3.3718269458394885 -3.125170030032579 -2.860894763096604 -2.7311596320553075 -2.6134370131474642 -2.270680000272927 -1.9639605237987503 -1.6948802520093942 -1.5923734818039252 -1.5931743159461553
2.412598063489438 1.9665334462672015 1.4860329609290654 0.6099204093291979 -0.13805867951383366 -1.1062671574701777 -2.0880898158444356 -2.639063705698831 -2.840873909540848 -2.344356741358108 -1.1479105328661494 -0.00031520705023480033 0.8549756568516473 0.6019120679068957 0.16866079696034308 -0.640982520834416 -0.4968323752329753 -0.4631973412593058 -0.12844866980707081 0.16385579210696166 -0.6105508234296675 -2.4132284775899073 -3.0538957913740887 -2.3083192049577477 -1.2992681857476622 -1.011768728687011 -0.7723193201601732 -0.9565111728731253 -1.4578333459092472 -2.0432431038795427 -2.7848155195847326 -3.0322732695338726 -3.2717226780607103 -3.398254472533086 -3.492752901316253 -3.225274297811357 -3.12917420074373 -3.16441090300186 -2.9866257234267497 -2.8072388755671787 -2.514934413653146 -2.3011116976776758 -2.0064047333369524
1.5140621559071232 1.065595036258197 0.6419537750184068 -0.16448620620743126 -0.48081569238837085 -0.5256624043532634 -1.5098875651542119 -2.089691484128896 -2.558980291475809 -2.355568419349331 -2.609432842436313 -1.4586341800514773 -0.4936290386640545 -0.7298751106219712 -1.0462045968029106 -0.7522984666044175 -0.5176540629309612 -0.6033433161495954 -0.08280112369994796 0.21751167963638673 -0.23656127900815171 -2.0696706305731403 -3.568832144828124 -3.225274297811357 -2.213019942032351 -1.4834600384606145 -1.4458208337757936 -1.9367321629629226 -2.3619750924871727 -2.9497873528841594 -2.938575674892936 -2.9089448116304175 -3.136381708023802 -3.1876350931265365 -3.286938526763085 -3.1860334248420763 -3.1588050640062484 -3.2044526101133712 -3.2621126683539474 -3.1179625227525065 -2.8312638998340858 -2.489307721101779 -2.1946007567610555
0.38889018607365555 0.34324263996653226 -0.04916608972627845 -0.5368740823444866 -0.5264632384954937 -0.39432560502750613 -0.11883866010030841 -0.33906804921362044 -0.7178625984885179 -1.9847822114967362 -2.3819959460429287 -2.526146091644369 -1.5395184284167303 -1.517895906576514 -1.277645663907446 -0.9829386995667229 -1.1519147035773005 -1.3649365854105409 -0.803551851707152 -0.4087406195876504 -0.8491993978142749 -2.13934320094717 -4.030913444894965 -3.6697372467491327 -3.2725235122029406 -2.583806149884946 -2.7415704759043003 -3.19964760525999 -3.479939555040569 -3.3566110971371144 -3.2300793026647385 -3.034675771960563 -2.923359826190562 -2.9577956943064616 -2.913749816483799 -2.910546479914878 -2.944982348030778 -3.0322732695338726 -3.0899333277744487 -2.9938332307068216 -2.63425870084545 -2.277086673410769 -2.0704714647153706
-0.013128553325918446 0.030116490354513914 -0.058776099433041296 -0.4888240338106731 -0.5817207943093792 -0.5528907651890911 -0.2085320840300935 0.35525515209998604 0.49059612213689396 -1.1238855085992427 -2.4204359848699792 -2.8648989338077553 -2.337950068220266 -1.5971784866573064 -1.4314058192156496 -1.6228051792086737 -2.1753807373475302 -2.412427643447677 -2.121724849818105 -1.7325194566942148 -1.9127071386960157 -2.748777983184372 -3.8939708065735963 -3.8731491188756104 -3.6433097200555355 -3.6304963737798515 -3.9324108454006472 -4.050133464308491 -3.9908717377834537 -3.8130865582083437 -3.5984630080906426 -3.2396893123715014 -2.9866257234267497 -2.708736276072861 -2.6046278375829317 -2.5870094864538666 -2.619843686285306 -2.7103379443573217 -2.70473210536171 -2.582204481600485 -2.1946007567610555 -1.9567530165186784 -1.7837728417969494
-0.04516191901512734 0.010095636798758356 -0.06998777742426432 -0.33346221021800915 -0.5480857603357097 -0.6401816866921859 -0.5128490580775797 -0.00031520705023480033 0.8197389545935172 -0.025941899601602092 -1.3841566048240663 -2.4564735212703397 -2.683910417663724 -2.005603899194722 -1.8734662657267347 -1.9255204849716994 -1.967163860367671 -1.7877770125081005 -1.8558479145976698 -2.0528531135863055 -2.3988134630297635 -3.012252415978117 -3.358212765421575 -3.4663253746226554 -3.6753430857447444 -3.9684483818010072 -4.115801863971369 -4.167055249074103 -4.1558435710828805 -4.070154317864246 -3.8955724748580565 -3.645712222482226 -3.3165693900256032 -2.935372338324015 -2.607030340009622 -2.434050165287893 -2.3948092923186124 -2.3884026191807703 -2.343555907215878 -2.2082149371789694 -2.023222250323787 -1.8726654315845046 -1.7325194566942148
-0.2990263421021093 -0.31103885423556266 -0.16048203549628015 0.014099807509909468 -0.4191514634366431 -0.7843318322936266 -0.8772285927923329 -0.5216582336421123 0.3536534838155254 0.6996138332589834 0.26636256231243083 -0.630571676985423 -1.726112783556373 -1.9527488458075273 -1.7629511540989635 -1.3841566048240663 -0.9909470409890251 -1.0446029285184502 -1.5715517941059391 -2.0120105723325636 -2.500519399093002 -3.154000059152867 -3.5416037839922967 -3.692160602731579 -3.8275015727684876 -4.000481747490216 -4.191080273341011 -4.33042541408907 -4.320014570240077 -4.240731990159285 -4.122208537109211 -3.9187966649827333 -3.6008655105173335 -3.286938526763085 -3.0114515818358867 -2.781612183015812 -2.539760272062283 -2.4172326483010584 -2.3195308829489707 -2.2162232786012717 -2.184990747054293 -2.0720731329998308 -1.9359313288206925
-0.30062801038656994 -0.6217625014208905 -0.8379877198230519 -0.7563026373155686 -0.669011715812474 -0.948502831450823 -1.0093662262603202 -0.5016373800863567 0.5122186439771101 1.0800100508183408 1.2938327667938112 0.7540705549306388 -0.2037270791767125 -0.6481900281144881 -0.6169574965675093 -0.6521941988256392 -0.6569992036790206 -1.2552223079249998 -1.7797686710857983 -2.2026090981833577 -2.5765986426048735 -3.0322732695338726 -3.490350398889562 -3.790663202225897 -3.920398333267194 -4.018100098619281 -4.2639561802839605 -4.321616238524538 -4.235926985305904 -4.123810205393672 -4.000481747490216 -3.875551621302301 -3.7610323389633784 -3.65932640290014 -3.4559145307736623 -3.1900375955532274 -2.909745645772648 -2.7423713100465306 -2.6014245010140105 -2.495714394239621 -2.401215965456454 -2.251459980859402 -2.10490733283127
-0.3286572053646277 -1.0558146065096734 -1.400974121810901 -1.5170950724342838 -1.4562316776247866 -1.4770533653227726 -1.0133703969714714 -0.3158438590889441 0.5018078001281174 1.2882269277982 1.4347795758263313 1.1320642700633057 0.5242311561105635 0.33763680097092097 0.07175986575048565 -0.10202114311347366 -0.683426730372618 -1.3569282439882386 -1.8294203879040722 -2.2162232786012717 -2.5846069840271757 -2.8825172849368204 -3.3205735607367544 -3.6152805250774778 -3.7778498559502136 -3.8947716407158266 -4.172661088069715 -4.2775703607018745 -4.213503629323457 -4.063747644726404 -3.883559962724603 -3.7330031439853206 -3.6761439198869748 -3.603268012944024 -3.5367987791389153 -3.358212765421575 -3.1275725324592694 -2.879313948367899 -2.700727934650559 -2.4660835309771025 -2.287497517259762 -2.143347371658321 -2.0320314258883196
-0.5681066138914654 -1.2888573418986693 -1.7501378078232799 -1.839030397610835 -1.690876081298243 -1.2159814349557188 -0.7354809496175827 -0.16048203549628015 0.7436597110816456 1.3883311955769781 1.3699120103056828 1.0567858606936644 0.8309506325847402 0.6443562774450977 0.35525515209998604 -0.016331889894839247 -0.5464840920512493 -1.1623255474262935 -1.6876727447293223 -2.0920939865555868 -2.4732910382571744 -2.7760063440202 -3.137182542166032 -3.373428614123949 -3.543205452276757 -3.685753929593737 -3.8627382750266177 -3.933211679542877 -3.875551621302301 -3.7249948025630184 -3.5768404862504264 -3.4414995162135185 -3.310162716887761 -3.2092576149667527 -3.1459917177305647 -3.1091533471879744 -3.009849913551426 -2.7952263634337253 -2.6254495252809176 -2.4060209703098354 -2.199405761614437 -2.040840601452852 -1.9255204849716994
-0.9845403678511833 -1.7124986031384593 -2.188994917765444 -2.096098157266738 -1.6284110182042855 -1.153516371861761 -0.39993144402311787 0.27036673302358194 1.1488817870501404 1.3210611276296391 1.3002394399316533 1.0311591681422971 0.8557764909938772 0.6291404287427231 0.33683596682869066 -0.03555190930836494 -0.48161652653060116 -1.026183743247155 -1.506684228585291 -1.899893792420332 -2.2826925124063804 -2.623847856996457 -2.9537915235953105 -3.1740209127086225 -3.2661168390650985 -3.3958519701063956 -3.3822377896884817 -3.372627779981719 -3.3181710583100634 -3.1812284199886944 -3.0186590891159586 -2.7960271975759556 -2.577399476747104 -2.475693540683865 -2.5749969743204133 -2.6118353448630036 -2.6462712129789034 -2.6598853933968174 -2.4885068869595486 -2.3811951119006984 -2.221028283454653 -2.0752764695687516 -1.9495455092386063
-1.259226478636151 -1.9895872163501176 -2.2834933465486107 -2.101703996262349 -1.506684228585291 -0.9156686316193838 -0.16048203549628015 0.5882978874889817 1.2650027376735231 1.2698077425269045 1.0559850265514341 0.7853030864776174 0.7228380233836598 0.4889944538524338 0.2054991675029334 -0.170092045203043 -0.6241650038475812 -1.0558146065096734 -1.4233974777933474 -1.8166070416283886 -2.108911503542421 -2.447664345705807 -2.7319604661975374 -2.7976288658604163 -2.8897247922168923 -2.8480814168209205 -2.793624695149265 -2.7575871587489047 -2.747176314899912 -2.6110345107207733 -2.3595725900604823 -2.0007988943413406 -1.7981878563570934 -1.863856256019972 -1.96315968965652 -2.1905965860499044 -2.3811951119006984 -2.4068218044520657 -2.483701882106167 -2.397211794745303 -2.3147258780955897 -2.2506591467171715 -2.1241273522447957
-1.5267050821410466 -1.9567530165186784 -2.1986049274722066 -1.8590512511665906 -1.273641493196295 -0.665808379243553 -0.10682614796685508 0.5874970533467514 0.8990215346743096 0.694808828405602 0.5058119708392685 0.4897952879946641 0.4689736002966778 0.27597257201919323 0.014900641652139335 -0.36149140519606693 -0.8011493492804613 -1.1807447326975888 -1.5475267698390325 -1.8558479145976698 -2.143347371658321 -2.318730048806741 -2.4660835309771025 -2.474892706541635 -2.3099208732422083 -2.243451639437099 -2.188194083623214 -2.1929990884765953 -2.2042107664678183 -2.1793849080586813 -1.92712215325616 -1.4938708823096074 -1.382554936539606 -1.4562316776247866 -1.7132994372806893 -2.0112097381903338 -2.2330407955881064 -2.409224306878756 -2.486104384532858 -2.5373577696355927 -2.5093285746575344 -2.4740918723994048 -2.4620793602659514
-1.662846886320185 -2.10490733283127 -2.337950068220266 -1.9407363336740737 -1.2920606784675903 -0.9084611243393117 -0.38871976603189484 0.09338238759070183 0.19108415294278958 0.057344851190341384 0.02210814893221169 0.04453150491465774 0.08937821687955072 0.062149856043722806 -0.2085320840300935 -0.573712452887077 -1.0245820749626946 -1.4233974777933474 -1.807797866063856 -2.0920939865555868 -2.273883336841848 -2.4156309800165983 -2.416431814158828 -2.255464151570553 -2.0584589525819172 -1.8382295634686048 -1.7341211249786754 -1.8246153830506908 -1.934329660536232 -1.9319271581095414 -1.7485361395388193 -1.3849574389662964 -1.3096790295966552 -1.464240019047089 -1.729316120125294 -2.0776789719954425 -2.3467592437847986 -2.558980291475809 -2.7231512906330053 -2.773603841593509 -2.848882250963151 -2.91775398719495 -2.9209573237638713
-1.7805695052280284 -2.0928948206978166 -2.274684170984078 -1.899893792420332 -1.2672348200584531 -1.0333912505272271 -0.775522656729094 -0.4047364488764993 -0.3550847320582253 -0.47601068753498943 -0.5032390483708169 -0.47280735096606863 -0.39993144402311787 -0.39112226845858533 -0.5889283015894513 -0.9148677974771535 -1.2992681857476622 -1.736523627405366 -2.1505548789383933 -2.4428593408524257 -2.6078311741518525 -2.616640349716385 -2.460477691981491 -2.2907008538286826 -2.1121148401113423 -1.903097128989253 -1.6684527253157966 -1.60919099879076 -1.6948802520093942 -1.7149011055651497 -1.5979793207995368 -1.4722483604693912 -1.5867676428083137 -1.7637519882411936 -2.0064047333369524 -2.313124209811129 -2.606229505867392 -2.864098099665525 -3.0651074693653118 -3.218867624673515 -3.391046965253014 -3.429487004080065 -3.401457809102007
