static/data/ASCData/20210122/ASCV/00.asc
ncols 97
nrows 97
xllcorner 99.0
yllcorner 2.0
cellsize 0.25
NODATA_value -32767
[rows 0 to 18 of 97, columns 43 to 85 of 97]
-2.1088108725585117 -1.8011750428524858 -1.508064039855904 -1.2611419857953543 -1.0638948390811036 -1.1702165705942342 -1.6440164178563008 -1.616709743642546 -1.5022541091721264 -1.5435046170269475 -1.7445282186856539 -1.8247052621217854 -1.9777969356393261 -1.8520119363355403 -1.4563556567702831 -1.2103050923123 -1.375307123731585 -1.2689853922184542 -0.9779078649611945 -1.7680584379549533 -2.3353981692258396 -2.0727893023190904 -1.168473591389101 -0.6040388254601035 -1.306168948594631 -1.7622485072711758 -1.5873695936894687 -1.1516247924061458 -0.784437173191399 0.003389427528848632 0.194826643559322 -0.7524825544306221 -0.8852394705549411 -0.41347309903219687 -0.05703385158243868 0.4214139402266499 -0.6156586868276587 -0.865776202764286 -0.9994046084911717 -2.551237094128179 -5.812932180000946 -7.462371501125418 -7.614591685040391
-1.8586933566218846 -1.7445282186856539 -1.500511129966993 -1.2425502076072659 -1.0638948390811036 -0.9877847471236165 -1.2466171590859103 -1.4720424696164827 -1.522879363099537 -1.4485122503471832 -1.276828798641554 -1.3686257034452407 -1.6448879074588674 -1.6440164178563008 -1.271890357560343 -1.020901352021149 -1.1478483374616903 -0.9622210521149949 -1.022934827760471 -1.6576697549631783 -2.2746843935803636 -2.23662934760162 -1.6440164178563008 -0.9944661674099607 -1.702406221228266 -1.8822235758911838 -1.7085066484462326 -1.471170980013916 -1.2512651036329323 -0.6868303377039348 -0.9311379229567844 -1.5385661759457365 -1.5141644670738705 -1.0795816519273032 -0.8509608795206531 -0.8686811681061748 -1.3657207381033518 -1.2846722050646537 -1.847073495254329 -3.9183137840210573 -6.90578014161952 -8.388183955585383 -8.377435583820395
-2.2444727540247196 -2.130307616088489 -1.8685702387843066 -1.547281071971403 -1.1379714552992684 -1.2181484987353999 -1.6899148702581441 -1.4915057374071377 -1.2631754615346766 -0.8198777503624427 -0.7678788707426328 -1.4604226082489273 -1.955428702506782 -2.1166542789816116 -2.039382200887369 -1.793331636429386 -1.3079119277997644 -0.8294641359906758 -0.9017977730037074 -1.3276656921246084 -1.9211501114724943 -2.128274140349167 -1.6948533113393551 -1.0784196657905476 -1.7561480800532092 -1.847073495254329 -1.5356612106038479 -1.2710188679577763 -1.1771884874147676 -0.907607703687485 -0.6975787094689234 -0.9973711327518495 -1.1565632334873568 -1.4592606221121718 -1.6518598242794005 -1.8383585992286626 -1.6916578494632775 -2.322616321721529 -4.0013957927990775 -6.213236404113225 -8.331537131418552 -9.307024493224818 -8.871570188475683
-2.5669239069743783 -2.209322673387865 -1.9809923975154038 -1.569649305103947 -1.0746432108460922 -1.2631754615346766 -1.5220078734969704 -1.5121309913345484 -1.3831505301546847 -1.0217728416237155 -1.5188124116208925 -2.0356057459429135 -1.9135972015835832 -1.751500135506187 -1.793331636429386 -2.058845468678024 -1.7973985879080305 -1.1089218018803801 -0.6284405343319694 -0.9468247358029841 -1.7192550202112211 -2.038510711284802 -2.0951575354516345 -1.6957248009419217 -2.0405441870241248 -1.8909384719168503 -1.6518598242794005 -1.4868577928601157 -1.2875771704065426 -0.9837177956449721 -0.4105681336903081 -0.6868303377039348 -0.7475441133494111 -0.9877847471236165 -1.40261379794534 -1.806113483933697 -2.2581260911315972 -4.34127673780007 -6.0081458509758745 -7.641898359254147 -9.276812853669174 -9.860710887388827 -8.937803398270749
-2.947764863296003 -2.430971528973982 -1.76892992755752 -1.338414063889597 -1.0150914213373714 -1.2925156114877536 -1.4778524003002602 -1.4653610493301383 -1.3715306687871296 -1.633268046091312 -2.0141090024129364 -2.1712676274091214 -1.965305584669204 -1.7573100661899648 -1.44676927114205 -1.6762615331512667 -1.6936913252025996 -1.2239584294191774 -0.6694005456526019 -0.9398528189824509 -1.6870099049162552 -2.2279144515759537 -2.3676432845208057 -2.1439609531953665 -2.046354117707902 -1.8723466937287618 -1.837196613091907 -1.6820714638350442 -1.3128503688809754 -0.9134176343712627 -0.6438368506439802 -1.2318018358422773 -1.299197031774098 -1.1379714552992684 -1.3744356341290183 -2.191892881336532 -3.649894986430531 -5.751346914752903 -7.352854307736209 -8.946808790830604 -9.659687285730119 -10.006249651017455 -9.000260153121358
-3.137168603587154 -2.222104520892176 -1.5589009333389583 -0.9604780729098615 -0.7446391480075223 -1.4778524003002602 -1.8432970403098738 -1.7445282186856539 -1.2036236720259557 -1.4662325389327049 -1.6225196743263235 -1.7895551814849306 -2.083537674084079 -2.202641253101521 -1.8909384719168503 -1.6957248009419217 -1.7239029647582433 -1.6399494663776564 -1.2445836833465882 -1.519974397757648 -1.8938434372587392 -2.435909970055193 -2.430100039371415 -2.054197524131002 -1.904591809023728 -1.6995012558863771 -1.6643511752495224 -1.5063210606507706 -1.1594681988292457 -0.9038312487430296 -0.902669262606274 -1.5188124116208925 -1.8499784605962182 -1.6887528841213886 -2.423128122550882 -3.5824997904987095 -5.271737136807058 -7.047251953769505 -8.651664312094699 -9.260254551220408 -9.884241106658125 -9.701518786653319 -8.535465698419147
-2.667435707803732 -1.6957248009419217 -1.2631754615346766 -0.6165301764302253 -0.6644621045713909 -1.5833026422108243 -2.0873141290285346 -1.9086587605023722 -1.2777002882441206 -1.2971635560347756 -1.4740759453558048 -1.5315942591252034 -1.924345573348572 -2.105905907216623 -2.111715837900401 -1.904591809023728 -2.2035127427040875 -2.1811445095715434 -1.8284817170662406 -1.935965434716127 -2.300248088588985 -2.4768699813758253 -2.352827961277173 -1.5815596630056912 -1.5911460486339242 -1.409585714765873 -1.2288968705003884 -1.0415266059485595 -1.0912015132948585 -1.0618613633417813 -0.8588042859437528 -0.6868303377039348 -1.0415266059485595 -2.275846379717119 -3.3794427131006817 -5.329545947110646 -6.751235985431034 -8.288543644358597 -8.940708363612638 -9.5112435567596 -9.522863418127155 -8.982830361070025 -7.581475080142859
-2.038510711284802 -1.30907391393652 -1.144071882517235 -1.3872174816333291 -1.3889604608384625 -1.498477654227671 -1.8578218670193178 -1.8909384719168503 -1.90662528476305 -2.1244976854047115 -2.241567788682831 -1.7483046736301093 -1.262013475397921 -1.1010783954572805 -1.286415184269787 -1.6106093164245794 -2.049259083049791 -1.9690820396136597 -1.6597032307025004 -1.8011750428524858 -1.9975506999641701 -2.1361175467722666 -1.8392300888312294 -1.0052145391749494 -1.0598278876024592 -0.9671594931962058 -0.7914090900119323 -0.9837177956449721 -1.1966517552054226 -1.3480004495178302 -0.986622760986861 -0.24353262653170082 -1.0374596544699153 -2.5404887223631905 -4.057171127363343 -6.520872233819251 -7.708422065583401 -8.551152511265347 -9.159452253856864 -9.22307099484423 -8.983701850672592 -8.10582132435379 -6.312876715340011
-1.9397418896605827 -1.3343471124109525 -1.5385661759457365 -1.9984221895667367 -2.184049474913432 -1.9028488298185946 -2.1000959765328453 -2.0297958152591358 -1.8851285412330727 -1.6916578494632775 -1.8528834259381068 -1.825576751724352 -1.2884486600091092 -1.1126982568248356 -1.3372520777528414 -1.6117713025613347 -1.6713230920700557 -1.6771330227538332 -1.6585412445657448 -1.759053045395098 -1.832548668544885 -1.7407517637411984 -1.3099454035390865 -0.6528422432038355 -0.5717937101651375 -0.5796371165882374 -0.9973711327518495 -1.471170980013916 -1.6489548589375118 -1.8909384719168503 -1.702406221228266 -1.9135972015835832 -2.863811364915416 -4.282596437893916 -5.7095154138297035 -7.001353501367662 -7.819682238177742 -8.632201044304045 -8.890161966663772 -8.789359669300229 -8.333280110623685 -7.444651212539895 -5.508201315636809
-1.9525237371648934 -1.665513161386278 -1.72215998555311 -1.8586933566218846 -2.019918933096714 -2.2825278000034634 -2.7348309037355527 -2.0451921315711465 -0.8285926463881091 -0.03176065310800591 -0.3080228571216328 -1.187936859179756 -1.3567153455434966 -1.4964441784883487 -1.7358133226599874 -1.8723466937287618 -1.7875217057456085 -1.8342916477500184 -1.864793783839851 -1.5501860373132919 -1.6155477575057904 -1.7503381493694317 -1.5365327002064144 -1.3938989019196735 -1.2573655308508989 -1.4944107027490265 -2.0451921315711465 -2.4739650160339366 -2.4321335151107375 -2.1186877547209337 -1.3616537866247076 -2.2180375694135313 -3.739658415494895 -5.186912148823905 -6.242576554066302 -7.334262529548121 -8.065732802635724 -8.434082407987226 -8.304230457204797 -8.1682780792044 -8.136032963909434 -6.933086815833274 -4.1498395217695965
-1.928993517895594 -1.4302109686932836 -1.2835102189278982 -1.3811170544153626 -1.725064950894999 -1.7581815557925313 -1.5188124116208925 -1.2454551729491548 -1.1077598157436248 -0.8910494012387188 -0.7922805796144989 -0.6810204070201571 -0.723142404477545 -1.0795816519273032 -1.5336277348645255 -1.8235432759850299 -1.6742280574119444 -1.3889604608384625 -1.5022541091721264 -1.5464095823688364 -1.5141644670738705 -1.4897627582020045 -1.6047993857408016 -1.8119234146174745 -1.4261440172146393 -1.3430620084366192 -1.6643511752495224 -1.9525237371648934 -2.002489141045381 -1.8383585992286626 -2.184920964515999 -3.3227958889338494 -4.8051997028997135 -6.086289418672684 -6.918271492589642 -7.398752760138052 -7.729047319510811 -8.04626953484507 -7.968125967148261 -8.08229110508449 -8.361748770974195 -6.850004807055254 -3.376247251224604
-1.6506978381426451 -0.678986931280835 -0.1985056637324243 -0.339396482814032 -0.6429653610414136 -0.9340428882986733 -0.7922805796144989 -0.8803010294737301 -0.8323691013325647 -0.8245256949094648 -0.6821823931569126 -0.6859588481013681 -0.6702720352551685 -1.0961399543760695 -1.5220078734969704 -1.6928198356000328 -1.3244702302485307 -1.1350664899573797 -1.2904821357484315 -1.5414711412876254 -1.4496742364839388 -1.289320149611676 -1.451707712223261 -1.9984221895667367 -1.938870400058016 -1.6010229307963462 -1.5237508527021035 -1.746561694424976 -1.9545572129042155 -2.371419739465261 -3.044209712646712 -4.410414912937023 -5.750475425150336 -6.607730697541727 -7.284587622201822 -7.488806685736606 -7.708422065583401 -8.09797791793069 -8.001242572045793 -7.987589234938916 -7.870519131660797 -6.6420092885760145 -2.918424713342926
-1.6303630807494234 -1.0482080262349038 -0.548263490895838 -0.2807161829078779 -0.23365574436927905 -0.29436952001475536 -0.5052700038358836 -0.6293120239345361 -0.6595236634901799 -0.6176921625669809 -0.48464474990847295 -0.7690408568793884 -0.6917687787851458 -1.070576259367448 -1.4641990631933828 -1.436892388979628 -1.1156032221667245 -0.9349143779012399 -0.9447912600636619 -1.294258590692887 -1.5403091551508699 -1.4633275735908162 -1.417429121188973 -1.8499784605962182 -2.165457696725344 -2.0472256073104687 -2.042287166229258 -2.544265177307646 -2.87049278520176 -3.2612106236858063 -4.052232686282132 -5.326640981768757 -6.215269879852547 -7.005420452846306 -7.410663118039796 -7.849022388130819 -8.070671243716935 -8.252231577584986 -8.163339638123189 -7.643931834993468 -7.218063915872568 -6.117663044365083 -2.4966237457006693
-1.6547647896212894 -1.2036236720259557 -1.314012355017731 -1.0043430495723826 -0.5122419206564167 -0.4096966440877414 -0.4271264361390743 -0.35479279912604267 -0.6624286288320687 -0.7025171505501344 -0.5627883176052821 -0.9456627496662287 -0.907607703687485 -1.131290035012924 -1.2309303462397105 -1.4133621697103285 -1.519974397757648 -0.9741314100167391 -0.8381790320163423 -1.2483601382910436 -1.7474331840275428 -1.7846167404037196 -1.471170980013916 -1.4017423083427731 -1.8784471209467286 -2.034443759806158 -2.65755882564131 -3.3509740527501712 -3.9194757701578133 -4.48391053608681 -5.290328914995147 -6.3840483662162875 -7.163450567445058 -7.627373532544702 -7.980907814652571 -8.403580271897395 -8.447735745094104 -8.431177442645337 -8.072704719456258 -7.4954881060229495 -6.367490063767521 -4.868527947352891 -2.04432064196858
-1.8607268323612067 -1.6506978381426451 -1.613804778300657 -1.4563556567702831 -1.2082716165729779 -1.1870653695771896 -0.8480559141787642 -0.683925372362046 -1.097011443978636 -1.139133441436024 -0.9497297011448729 -1.1478483374616903 -1.1792219631540897 -1.131290035012924 -1.3909939365777846 -1.7767733339806198 -2.1401844982509113 -1.375307123731585 -1.1664401156497788 -1.40261379794534 -2.012947016276181 -1.8891954927117172 -1.6204861985870014 -1.4563556567702831 -2.3412080999096174 -3.0180650245697125 -3.8070536114267153 -4.597204184420474 -5.209280381956448 -5.916348946172188 -6.717247890930935 -7.330486074603665 -8.071542733319502 -8.269080376567942 -8.52675080239348 -8.647887857150245 -8.40474225803415 -8.155786728234277 -7.643060345390902 -6.846228352110798 -5.394036177700578 -3.569717942994399 -1.495572688885782
-2.1262406646098446 -1.847073495254329 -1.6800379880957221 -1.8743801694680842 -1.904591809023728 -1.904591809023728 -1.5667443397620582 -1.4252725276120726 -1.4331159340351725 -1.3831505301546847 -1.0688332801623144 -1.1693450809916677 -1.2181484987353999 -1.8929719476561726 -2.190730895199777 -2.667435707803732 -2.902737900496726 -2.133212581430378 -1.6146762679032236 -1.8508499501987847 -2.1146208032422895 -1.8706037145236287 -2.1096823621610783 -2.697647347359376 -3.708284789802496 -4.564959069125509 -5.36760099308939 -5.954403992150931 -6.494437049208063 -7.098960336855126 -7.6372504147071245 -8.181931416311278 -8.341123517046785 -8.465165537145436 -8.520940871709703 -8.37336863234175 -8.103787848614468 -7.792375563963987 -7.274710740039399 -6.408740571622342 -4.925174771519722 -2.9925013295610907 -1.812794904220041
-2.1166542789816116 -1.847073495254329 -2.0695938404430128 -2.4594401893244924 -2.2485397055033642 -1.788393195348175 -1.4302109686932836 -1.2689853922184542 -1.1850318938378672 -1.2835102189278982 -1.187936859179756 -1.3938989019196735 -1.7747398582412977 -2.5500751079914235 -3.5424112687806444 -4.075472409017243 -3.8488851123499144 -2.9663566414840914 -2.37432470480715 -2.3118679499565404 -2.435909970055193 -2.7612660883467406 -3.345164122066393 -4.088254256521553 -4.926046261122289 -5.742632018727236 -6.2356046372457685 -6.745426054747257 -7.136143893231303 -7.512046408471716 -7.926294466225062 -8.095072952588803 -8.209238090525032 -8.211271566264355 -8.229863344452443 -7.98671774533635 -7.706388589844078 -7.402819711616696 -6.898808224798986 -6.033709545984496 -4.8949631319640785 -3.1694137188821196 -2.3313312177471954
-1.7453997082882204 -1.725064950894999 -2.1352460571697 -2.430100039371415 -2.150642373481711 -1.6614462099076337 -1.3587488212828187 -1.2210534640772885 -1.3198222857015085 -1.5618058986808472 -2.1294361264859223 -2.6802175553080425 -3.196720393095875 -3.7649316139693276 -4.442660028231989 -4.648912567506096 -4.1498395217695965 -3.4651391906864015 -3.0395617680996896 -3.0474051745227895 -3.5188810495113447 -4.150711011372163 -4.732866065886682 -5.291490901131902 -5.925063842197854 -6.338149913814444 -6.715214415191613 -7.008325418188194 -7.3296145850010985 -7.574503163322325 -7.693897238873956 -7.771750310036577 -7.826654154998275 -7.8461174227889305 -7.761001938271588 -7.557944860873559 -7.265995844013733 -6.840127924892832 -6.348026795976867 -5.787368484992324 -4.801132751421069 -3.7541832422043395 -3.3794427131006817
-1.606832861480124 -1.6663846509888447 -1.945842316878549 -2.285432765345352 -2.3197113563796403 -2.27294141437523 -2.1762060684903326 -2.1067773968191896 -2.1741725927510105 -2.415575212661971 -2.981752957796102 -3.7913667985805164 -4.307869636368348 -4.620443907155585 -4.911521434412845 -5.087271837597118 -4.662565904612973 -4.063852547649687 -3.8169304935891377 -4.05804261696591 -4.623348872497474 -5.203470451272671 -5.721135275197259 -6.225146762014969 -6.547307418430439 -6.725091297354035 -6.838384945687699 -6.946740152940152 -7.073687138380693 -7.2250358326931 -7.314799261757465 -7.400786235877375 -7.473119872890406 -7.465276466467306 -7.276744215778722 -6.869468074845909 -6.353836726660644 -5.882360851672089 -5.604936661521706 -5.405656039068133 -5.089305313336441 -4.779636007891092 -5.06083665298593
