static/data/ASCData/20210122/ASCV/06.asc
ncols 97
nrows 97
xllcorner 99.0
yllcorner 2.0
cellsize 0.25
NODATA_value -32767
[rows 19 to 37 of 97, columns 0 to 42 of 97]
0.45248756037891635 0.6241651705619539 0.6887471070958375 0.7306117795223249 0.6595391961006137 0.6212443794624315 0.7864313427576415 0.9347426241445 0.5589341693392874 0.35285613065076404 0.5462774079080238 0.7406722821984576 0.7367778940657611 0.6507768228020466 0.5138241734688862 0.4797482773077918 0.28340620895100976 0.0004140046417304699 0.06953939399709341 0.5618549604388098 1.0032189488110803 0.9730374407826823 0.6192971853960832 0.0237803334379095 -0.4626936508047621 -0.5211094727952097 -0.39519092317135607 -0.4390027896641917 -0.3494318626121722 -0.12096109216064391 -0.25272122398354224 -0.39519092317135607 -0.4967695469658565 0.8753532051208783 2.1663428711097694 1.3430043133888503 -0.3961645202045302 -1.8159935269167973 -2.7977038687007076 -2.791862286501663 -2.040569909235629 -1.3707351504118301 -0.9021104451106844
0.5031146061039709 0.6085876180311678 0.8409527766153926 1.1242695132690632 1.2161121667318224 1.0814312438094018 0.7325589735886732 0.7474874614306765 0.7101662418256682 0.857828458523744 0.9623278734177669 0.8636700407227889 0.7208758091905837 0.563802154505158 0.5891156773676853 0.5345942435099342 0.2522511038894377 -0.17158813788569846 -0.48898077070046353 -0.07098311112437208 0.6361728673044348 0.6702487634655292 0.3119650552574508 -0.06708872299167559 -0.43608199856466934 -0.6324240669214515 -0.8375285085768006 -1.0494481294643687 -0.9722094314992215 -0.6148993203243172 0.017938751238864736 0.26296067125435313 0.9594070823182446 1.5802374571389457 1.6136642886112573 0.18474837625603166 -1.4314226988130174 -2.5935730240785326 -3.3533032422987423 -3.4782481948894217 -2.8872747957527274 -2.3560153479840458 -1.8776546723511582
0.3723280713142466 0.586194886268163 0.805903283421124 0.9798526200149011 1.1417942598661974 1.0538459945361347 0.8519868763246993 0.8049296863879499 0.8088240745206464 0.9691430526499858 0.8185600448523876 0.5628285574719839 0.4417779930140009 0.4807218743409659 0.519665755667931 0.3762224594469431 0.1146493898674946 -0.20858482514631524 -0.6561149280620219 -0.6853228390572456 -0.2975066875095521 -0.03885440902962595 -0.04372239419549656 -0.14627461502317116 -0.17645612305156907 -0.25272122398354224 -0.8015054183493581 -1.377550329644049 -1.4508946394764999 -0.9988210837393142 -0.2517476269503681 0.593983662533556 1.0509252034366123 0.7893521338571639 -0.31211064300716396 -1.6628142603640679 -2.596493815178055 -3.423402228687279 -3.988088507928272 -4.1149806545853 -3.782984066272923 -3.4831161800552923 -3.1754595175722686
0.22791117806008457 0.43593641081495615 0.6702487634655292 0.837058388482696 0.9065083101824504 0.8743796080877042 0.9152706834810175 0.8529604733578734 0.7325589735886732 0.8617228466564406 0.6410408524703054 0.519665755667931 0.5128505764357121 0.5109033823693638 0.5384886316426307 0.11367579283432047 -0.030092035731058814 -0.05345836452723782 -0.48605997960094116 -0.7466594521472155 -0.9186615946746445 -0.5730346478978298 -0.3257410014716018 -0.2751139557465472 -0.0865606636551581 -0.11674217168355602 -0.5866650063622675 -1.386312702942616 -1.533974919640692 -1.0611312938624582 -0.4341348044983211 -0.5327926371932992 -0.11771576871673015 -0.750553840279912 -1.9987052368091416 -2.9187544331586905 -3.654144725549547 -4.269133518171204 -4.531031120095044 -4.619952982458281 -4.15489813294544 -3.9676429702316156 -3.815112768367669
0.3518825336175899 0.37427526538059486 0.5725645278037251 0.7893521338571639 0.8588020555569181 0.6241651705619539 0.6653807782996585 0.7169814210578872 0.6858263159963152 0.7396986851652835 0.5540661841734168 0.571590930770551 0.7591706258287659 0.7572234317624177 0.2055184462970797 -0.2192943925112306 -0.08850785772150635 -0.04761678232819308 -0.2313020892537115 -0.41076847570214203 -0.657088525095196 -0.7125835559861211 -0.46561444190428447 -0.574981841964178 -0.38642854987278896 -0.38642854987278896 -0.7583426165453051 -1.3093985373218602 -1.1247396333631676 -0.7534746313794344 -1.0494481294643687 -1.1510267532588692 -1.7351849731633446 -2.368996641759701 -2.8960371690512945 -3.7252173089712586 -4.3084019318425595 -4.69784074511221 -4.776053040110532 -4.703682327311255 -4.237004816076457 -4.485921124224642 -4.333715454705087
0.6556448079679172 0.5306998553772377 0.49532582983857787 0.7591706258287659 0.9152706834810175 0.6799847337972704 0.4291212315827373 0.49532582983857787 0.6634335842333102 0.5930100655003818 0.496299426871752 0.6741431515982257 0.7951937160562086 0.3285162048214109 -0.22318878064392714 -0.4704824270701552 -0.2838763290451143 -0.25369482101671637 -0.206637631079967 -0.1589313764544348 -0.08363987255563574 -0.23714367145275625 -0.24103805958545274 -0.3504054596453463 -0.6509224105517598 -0.7291347055500813 -1.0319233828672343 -1.2506581829870214 -0.7466594521472155 -0.9206087887409927 -1.505416073334251 -2.301493914126295 -2.8872747957527274 -3.029095430251758 -3.44709308982785 -3.995877284193665 -4.363896962733485 -4.550503060758526 -4.5047440001993415 -4.49955148268908 -4.9850518698985775 -5.233968178046762 -4.258423950806288
0.7815633575917709 0.5433566168085014 0.44080439598082677 0.6887471070958375 0.8588020555569181 0.857828458523744 0.6192971853960832 0.5268054672445412 0.6163763942965609 0.2892477911500545 0.5099297853361897 0.6965358833612305 0.2989837614817958 -0.11674217168355602 -0.3140578370735122 -0.48119199443507055 -0.8122149857142734 -0.8806913103808535 -0.5564834983338696 -0.296533090476378 -0.025224050565188172 0.34409375735219694 0.28243261191783564 0.020859542338387133 -0.34359028041312745 -0.8346077174772782 -1.217555883859101 -1.3483424186488253 -1.1617363206237845 -1.7653664811917427 -2.629596114305975 -3.3042988582956445 -3.482142583022118 -3.555486892854569 -3.6070875356127976 -3.920585780294866 -4.049425121018242 -4.20000812881584 -4.440162063665459 -5.333599607774914 -5.741861297019264 -4.254529562673592 -2.786669768991401
0.7091926447924941 0.38693202681185845 0.48169547137414004 0.6575920020342655 0.7455402673643282 0.9211122656800622 1.1242695132690632 0.9798526200149011 0.4846162624736624 0.11757018096701698 0.6575920020342655 0.668301569399181 0.10588701656892746 -0.13751224172460405 -0.2459060447513234 -0.551615513167999 -1.0984525134674663 -1.345421627549303 -0.9420279234708234 -0.5817970211963969 -0.49384875586633414 0.015017960139342368 0.1896163614219023 0.01988594530521301 -0.32476740443842766 -0.9595526700679579 -1.69396936542564 -1.9393158177855196 -2.326807436988822 -2.9937214047130984 -3.5181656732495608 -3.744689249634741 -3.9020874366645577 -3.96634484085405 -3.9458993031573932 -3.972510955397486 -4.13153180414926 -4.5212951497633025 -5.560123184160094 -6.090409034895602 -4.56315982218979 -2.4783640418195945 -1.361972777113263
0.7367778940657611 0.36551289208202775 0.45054036631256805 0.5079825912698415 0.6037196328652972 0.8850891754526196 1.1408206628330233 1.0197700983750404 0.6585655990674396 0.4709859040092247 0.8831419813862713 0.7971409101225568 0.4875370535731849 0.4709859040092247 0.5079825912698415 0.2327791632259552 -0.2449324477181493 -0.4695088300369811 -0.07877188738976512 0.1974051376872953 -0.3620886240434358 -0.6940852123558128 -0.6275560817555808 -0.39811171427087844 -0.37279819140835113 -0.7732711043873083 -1.4168187433154056 -1.8708394931189394 -3.0015101809784914 -3.722296517871736 -4.077010370291509 -4.111086266452603 -3.970563761331138 -3.896245854465513 -4.023138001122541 -4.221427263545671 -4.69297275994634 -5.598418000798277 -6.055359541701333 -4.505717597232516 -2.4851792210518133 -1.3571047919473924 -1.2165822868259268
0.7396986851652835 0.5881420803345112 0.7708537902268555 0.8000617012220792 0.8928779517180125 0.9798526200149011 0.9983509636452096 0.8588020555569181 0.6293576880722158 0.3090442641579284 0.5832740951686406 0.7023774655602752 0.9104026983151469 0.9964037695788613 0.9084555042487986 0.6527240168683949 0.5813269011022923 0.7237966002901061 1.0518988004697865 1.1447150509657198 0.48266906840731416 -0.5934801855944863 -0.9793491430758318 -0.8884800866462467 -0.6940852123558128 -0.703821182687554 -1.0465273383648461 -1.5670772187686122 -2.8785124224541603 -3.659986307748592 -4.121795833817519 -4.257450353773114 -4.21169129321393 -4.182483382218706 -4.441135660698633 -4.848423752909809 -5.3423619810734815 -6.315959014247608 -6.006679690042627 -3.1666971442737015 -1.150053156225695 -0.7028475856543799 -0.9011368480775103
0.6975094803944046 0.8312168062836512 1.2748525210666615 1.265765615423703 1.2297425251962604 1.2024818082673847 0.903587519082928 0.6653807782996585 0.26782865642022374 0.12730615129875822 0.5764589159364216 0.6867999130294893 0.7815633575917709 0.5998252447326007 0.4132191467075599 0.3470145484517193 0.48558985950683664 1.2151385696986483 1.3371627311898056 1.1635379269404196 0.6575920020342655 -0.39811171427087844 -1.1091620808323817 -1.1481059621593468 -1.0251082036350154 -1.0202402184691448 -1.3600255830469148 -1.9987052368091416 -3.2234903045421923 -3.6736166662130296 -4.045530732885545 -4.290877185245425 -4.367791350866182 -4.457686810262593 -4.637477729055415 -5.257659039187333 -5.677603892829772 -6.20561801715454 -5.110970419522431 -2.122676592366647 -0.04274879716232244 0.30579894071401464 -0.12193468919381803
0.12438536019923585 0.7552762376960694 1.2414256895943498 1.3751330154835963 1.310875611294104 1.1096655577714514 0.8068768804542982 0.5128505764357121 0.0961510462371862 0.1974051376872953 0.5657493485715063 0.5472510049411979 0.261987074221179 0.11757018096701698 0.19253715252142467 0.269775850486572 0.7815633575917709 1.415375026188127 1.220006554864519 0.8510132792915251 0.488510650606359 -0.008348368656836663 -0.7067419737870764 -1.0974789164342922 -1.1013733045669887 -1.2165822868259268 -1.4421322661779328 -2.2888371526950313 -3.7252173089712586 -4.1519773418459165 -4.094535116888643 -4.260371144872637 -4.3570817835012665 -4.474237959826553 -4.799419368906711 -5.46243894849829 -5.829809562349327 -5.746729282185135 -4.38628969449649 -1.3395800453502582 0.6634335842333102 0.7961673130893827 0.38595842977868433
-0.1735353319520467 0.5147977705020603 0.9769318289153788 1.1184279310700185 1.0970087963401878 0.8987195339170574 0.8626964436896147 0.5754853189032475 0.18377477922285754 0.36453929504885363 0.5079825912698415 0.33241059295410746 0.08901133466057594 0.14288370382954424 0.2210959988278657 0.4680651129097023 0.8695116229218336 0.903587519082928 0.6085876180311678 0.4933786357722296 0.5618549604388098 0.15164607712811137 -0.3208730163057312 -0.7145307500524694 -1.2603941533187626 -1.4508946394764999 -1.5125557849108613 -2.107099039835861 -3.365960003730006 -3.807323992102276 -3.987114910895098 -4.283737473668816 -4.379474515264271 -4.49955148268908 -4.8552389321420275 -5.4565973662992455 -5.857070279278203 -5.524100093932652 -4.074089579191987 -1.3064777462223378 0.3956944001104256 0.5394622286758048 0.4369100078481303
0.0617506177317004 0.45054036631256805 0.8321904033168254 1.0499516064034382 1.0295060687067816 0.9876413962802942 0.9483729826089378 0.28730059708370626 -0.12096109216064391 0.2473831187235671 0.30677253774718877 0.20032592878681768 0.1974051376872953 0.2503039098230895 0.12049097206653935 0.36453929504885363 0.2503039098230895 0.08901133466057594 -0.03982800606280007 0.22888477509325872 0.37038087724789837 0.2814590148846615 -0.18911288448283273 -0.29848028454272624 -0.840449299676323 -1.0728144582605477 -1.2623413473851108 -1.8766810753179841 -2.7048876182047743 -3.121911680747692 -4.03482116552063 -4.333715454705087 -4.389210485596013 -4.507664791298864 -4.921443530397868 -5.449782187067027 -5.925546603944783 -5.473473048207597 -4.15976611811131 -2.514387132047037 -0.8112413886810993 -0.24687964178449753 -0.35137905667852043
0.42327964938369256 0.5676965426378545 0.7864313427576415 1.0736424675440086 1.2570032421251358 1.2151385696986483 0.6351992702712607 -0.20566403404679287 -0.5366870253259957 -0.1287498684260369 -0.061247140792630855 0.032542706736476634 0.07732817026248642 0.006255586840775235 -0.12388188326016628 -0.2721931646470248 -0.43316120746514697 -0.47340321816967756 -0.3805869676737442 -0.041775200129148315 0.011123572006645877 -0.03885440902962595 -0.030092035731058814 -0.1394594357909523 0.05785622959900391 -0.06514152892532735 -0.793716642083965 -1.8708394931189394 -2.514387132047037 -2.6013618003439256 -3.6580391136822437 -4.586526150985969 -4.641372117188111 -4.613137803226062 -5.061316970830551 -5.477367436340294 -6.0047324959762785 -5.612048359262714 -4.5767901806542275 -3.139436427344826 -2.1784961556019637 -1.6128362793277962 -2.082759114006508
0.47390669510874706 0.571590930770551 0.7912993279235121 1.0343740538726522 1.1917722409024694 0.9983509636452096 0.3077461347803629 -0.08363987255563574 -0.235196477386408 -0.28290273201194016 -0.5308454431269509 -0.36500941514295815 -0.24785323881767166 -0.36014142997708753 -0.6460544253858892 -0.8287661352782335 -0.8521324640744125 -0.793716642083965 -0.6041897529594018 -0.3708509973420029 -0.34066948931360497 -0.24298525365180104 -0.11090058948451123 0.18474837625603166 0.46027633664430934 0.27269664158609436 -0.515267890596165 -1.7965215862533146 -2.3651022536270045 -2.2320439924265405 -3.020333056953191 -4.143214968547349 -5.0162069749601494 -5.020101363092846 -5.023022154192368 -5.3855247828775346 -5.966437679338096 -5.833703950482024 -4.932477630107175 -3.790772842538316 -2.908044865793775 -2.851251705525285 -3.4694858215908546
0.2989837614817958 0.44664597817987156 0.5745117218700734 0.6566184050010914 0.7072454507261459 0.6313048821385641 0.4184116642178219 0.3606449069161571 0.33241059295410746 0.005281989807601112 -0.46561444190428447 -0.5347398312596474 -0.4880071736672894 -0.6470280224190633 -0.9322919531390822 -1.1247396333631676 -1.1860762464531376 -1.1003997075338146 -0.9822699341753541 -0.8083205975815769 -0.6343712609877997 -0.5230566668615579 -0.35137905667852043 -0.06222073782580498 0.037410691902347276 -0.2809555379455919 -0.742765064014519 -1.3580783889805665 -1.768287272291265 -1.8013895714191854 -2.3797062091246164 -3.5895627890156634 -4.795524980774014 -5.372868021446271 -5.194050699686623 -5.3189956522773025 -5.895365095916385 -5.835651144548372 -5.223258610681847 -4.255503159706766 -3.6324010584753252 -3.6148763118781906 -4.271080712237552
0.2795118208183133 0.504088203137145 0.6488296287356984 0.5949572595667301 0.6322784791717382 0.6361728673044348 0.35382972768393817 -0.12193468919381803 -0.3533262507448687 -0.19300727261552922 -0.5026111291649012 -0.6911644212562904 -0.71939873521834 -0.8034526124157063 -0.9459223116035199 -1.1013733045669887 -1.2204766749586233 -1.1529739473252174 -1.0848221550030286 -1.0543161146302393 -0.9851907252748765 -0.9498166997362164 -0.869008145982764 -0.757369019512131 -0.7057683767539022 -0.8365549115436265 -1.1870498434863117 -1.2146350927595786 -1.256499765186066 -1.4791289534385494 -1.5914171445979655 -2.4683035391434616 -4.021190807056192 -5.2946557264479495 -5.564017572292791 -5.313154070078258 -5.583814045300665 -5.859991070377725 -5.480288227439816 -4.735161964717219 -4.19514014364997 -4.351240201302222 -5.1148648076551275
-0.32768819553795003 0.010149974973471726 0.3304633988877592 0.4242532464168667 0.45735554554478697 0.511876979402538 0.36551289208202775 -0.0073747716236625405 -0.33580150414773435 -0.551615513167999 -0.793716642083965 -0.7742447014204824 -0.8122149857142734 -0.946895908636694 -1.11110927489873 -1.2302126452903646 -1.2672093325509814 -1.247737391887499 -1.2146350927595786 -1.1062412897328593 -1.1851026494199635 -1.2957681788574225 -1.2857076761812898 -1.201978331328315 -1.1539475443583915 -1.2623413473851108 -1.4343434899125398 -1.1714722909555257 -0.8836121014803758 -1.1860762464531376 -1.4479738483769775 -1.9243873299435166 -2.786669768991401 -4.009507642658103 -5.054501791598332 -5.245651342444852 -5.3423619810734815 -5.54259843756296 -5.46471067490903 -5.23104738694724 -4.814023324404323 -4.9529231678038315 -5.7184949682230855
