static/data/ASCData/20210122/ASCV/09.asc
ncols 97
nrows 97
xllcorner 99.0
yllcorner 2.0
cellsize 0.25
NODATA_value -32767
[rows 57 to 75 of 97, columns 43 to 85 of 97]
-10.192598193265866 -9.907398906742282 -9.81355270044164 -9.116361912498924 -8.633153786440296 -8.446459737735827 -8.489389385298887 -8.502035327991882 -8.549956795039018 -8.59887662598297 -8.554948614523095 -8.383895600202067 -7.9895418609600055 -8.122324259236445 -7.820485574432607 -6.966884442655487 -6.118275130362444 -5.464013989982788 -5.318585649013352 -5.119245657615888 -4.785459328113959 -4.297924958502465 -3.865300603215815 -3.269610144782659 -2.583401359704912 -1.6359540216271498 -0.6272736978780461 0.5710957662659729 1.7831095369998016 2.7721553707782034 3.558200545537485 4.363214634336258 4.869052342056032 5.062402150072605 5.29568651396179 5.552598823408939 5.665746731714678 5.758594574118505 5.77323724460513 6.046788952332535 6.498715009624281 6.589566124234477 6.415850806188607
-10.209237591546122 -10.090099499859491 -9.817546156028902 -9.201555631693834 -8.835156081562602 -8.570589648906536 -8.435810522836464 -8.450453193323089 -8.45710895263519 -8.467092591603345 -8.376241476993147 -8.040125631731982 -7.522640345216028 -7.399508797942136 -7.096006173310272 -6.487669772184121 -5.65936052579299 -5.430735193422276 -5.25402478368596 -4.758170714934339 -4.280619984290999 -3.67694261468332 -3.182752485759724 -2.5384749843482215 -1.7414478067239711 -0.7949988325430241 0.2556127748723239 1.4110525914532832 2.4450248005883752 3.1239122504228103 3.5731760039897154 3.934250946671265 4.55723001828404 5.069057909384707 5.29568651396179 5.289696330580898 5.38354253688154 5.421480364960524 5.441114854931225 5.327966946625486 6.4022064995987975 6.551628296155494 6.4351525081937035
-10.210235955442936 -10.269805001286253 -9.734681952593228 -9.288413290716768 -8.884075912506553 -8.376241476993147 -8.242460714819892 -8.160262087315429 -8.161260451212243 -8.316672431149833 -8.355608623125631 -7.947610577293761 -7.482705789343416 -7.274713310840219 -6.797162580196878 -6.189824542967544 -5.7415591532974535 -5.511935457029924 -5.073320918362382 -4.459327121820945 -3.758142878290968 -2.950466485767354 -2.3987040387940732 -1.5687308525749164 -0.7737004027442967 -0.004294626265270884 1.0416579496316056 1.801412875108083 2.773153734675019 3.4254181472610443 3.6803337289145626 3.956880528332413 4.748915886472586 5.260410989607648 5.268397900782171 5.257748685882807 5.016477410819099 5.1083268893261105 5.030121717408909 4.168866462422871 5.824153803342712 6.751633863484168 6.632495771797537
-9.951326918202158 -10.128037327938474 -9.582265064346085 -9.251141038568996 -8.689727740593167 -8.145619416828803 -7.8457774598185965 -7.763911620279738 -7.626137402519221 -7.821483938329423 -8.224822952642821 -7.872400497067004 -7.5509273222924636 -7.3529184827574205 -6.8390938638631225 -6.291324872477103 -5.842061118910198 -5.4447122879776915 -4.96516482954072 -4.134858855355959 -3.2533035344680084 -2.323493958567317 -1.7131608296475362 -0.8675466090449392 -0.1836673397264279 0.585738436752598 1.1970699295691942 1.850332706052035 2.709591233244442 3.4147689323616808 3.7848291501145686 4.271365155829247 5.081703852077701 5.391529448056064 5.399183571264981 4.880699920852211 4.481354362126074 4.78685371455157 4.714638726015259 3.4137705684648654 5.8873835168076845 6.8631178319618815 6.570929998160591
-9.644829201879846 -9.722036009900233 -9.367284038565181 -9.075428992729494 -8.467092591603345 -7.846775823715411 -7.484702517137046 -7.245427969866968 -7.06272737674976 -7.234445967001999 -7.72497542830394 -7.587201210543422 -7.445433537195643 -7.246426333763783 -6.705313101689867 -6.217113156147163 -5.746218184815925 -5.329234863912716 -4.663326144736881 -3.7737839126744084 -2.76676752875333 -1.8948630588679292 -1.3311202451328645 -0.7121346291073504 -0.04988657755317161 0.5671023106787115 1.1032237232685518 1.652989442448202 2.447021528382006 3.00743646246102 3.809455459569347 4.528943041207605 5.243771591327392 5.481382198769444 5.215484614250958 4.682358293351563 3.8923196630050207 4.335593233191034 4.565216929458563 3.4197607518457573 6.005523244597501 6.783914296147865 6.385567101318542
-9.37826604143015 -9.359629915356264 -9.131004582985549 -8.858784027120565 -8.44080234232054 -7.658417835182916 -7.064724104543391 -6.888013694807075 -7.0354387635701405 -7.206158989925565 -7.349923391066974 -7.377212004246593 -7.334282356683534 -7.151581763566326 -6.620452170460562 -6.05105196131021 -5.486643571643936 -4.806757757912686 -4.094924299483345 -3.272605236473105 -2.37507609323611 -1.704175554576198 -1.2452609500067449 -0.7923365288181831 -0.20430019359394502 0.4656019811691515 1.1002286315781058 1.6666337490380116 2.217397832114477 2.828729324931073 3.9635362876445153 4.940268966695527 5.511333115673905 5.29568651396179 4.967557579875146 4.6131383965057 3.9216050039782706 3.355199886518365 3.698969854988449 3.5329086601514965 5.465741164386004 6.181568078402607 5.811175072684113
-9.187578537138418 -9.170273562926953 -8.963279448320572 -8.723006537153678 -8.360600442609707 -7.635122677590558 -7.1672227979497665 -7.14858667187588 -7.326295445509011 -7.394849766423665 -7.344931571582897 -7.347926663273344 -7.1016635687255585 -6.850741442659302 -6.332257792246533 -5.647712946996811 -4.856675952753453 -4.101912846761052 -3.4865878983571936 -2.8363202135647994 -2.2013607751902398 -1.6768869413965786 -1.2336133712105655 -0.8242841735162741 -0.22393468356464674 0.43132482071182465 1.0360005542163186 1.6766173880061648 2.3385326515947384 3.132564737528543 4.069030072741336 5.054415238898081 5.273056932300642 4.908986897928647 4.476362542641997 4.131594210275098 3.6307483220394 2.9452051128928636 3.479329797689073 4.749914250369401 5.590536651487922 5.317983307657332 5.0311200813057235
-8.892728399612286 -8.890731671818656 -8.967938479839043 -8.787234614515466 -8.452449921116719 -8.069410972705231 -7.798188780737065 -7.602842244926861 -7.494353368139595 -7.513987858110297 -7.482705789343416 -7.457413903957426 -7.043092886779058 -6.641750600259289 -6.080337302283461 -5.346872626089787 -4.526550290873179 -3.754149422703706 -3.076260336766087 -2.5218355860679655 -2.0802259557099783 -1.6359540216271498 -1.2452609500067449 -0.8342678124844277 -0.2638692394372606 0.45395440237297247 1.202061749053271 1.9168902991730579 2.5025971186380604 3.505620046971877 4.633438462407612 5.48304613859747 5.06340051396942 4.653072952378313 3.9958167203082113 3.230404399416447 3.368844193108175 4.795506201657302 5.450100130002563 5.29568651396179 5.159909023994903 4.655069680171944 4.523285645792319
-8.85778566322375 -8.858784027120565 -8.93199737955369 -8.51501405865048 -8.270747691896327 -8.024484597348541 -7.875062800791846 -7.702345846642792 -7.621478371000749 -7.646770256386737 -7.502340279314118 -7.362569333759969 -6.930943342370135 -6.372192348119147 -5.747216548712741 -4.9954485344107855 -4.219054210654052 -3.5118797837431823 -2.8509628840514245 -2.37507609323611 -2.0323044886628416 -1.6006784972730075 -1.1643934743647018 -0.8742023683570413 -0.4465698325544686 0.3085260614035372 1.2177027834367113 1.9341952733845238 2.8902950985680196 4.293661949524789 5.366903138601285 5.352260468114659 4.473367450951551 3.9458985254674444 3.421757479639388 2.7867980412648286 3.141217224634276 5.254753594192361 5.5572578549274105 4.9442624222827884 4.698997691631819 4.398157370724795 4.358222814852182
-8.8285003222505 -8.799880557208459 -8.71601798987597 -8.219831133158744 -8.043120723422428 -7.907343233455541 -7.767905075867 -7.679050689050434 -7.622143946931959 -7.547932230602018 -7.412487528600736 -7.153578491359957 -6.658389998539546 -6.06469626790002 -5.374161239269407 -4.680963906913952 -4.082278356790351 -3.403390906955915 -2.8812465889214898 -2.435643502976241 -2.079227591813163 -1.5697292164717318 -1.1231277666296675 -0.8958335861213739 -0.43392388986147423 0.35345243676022775 1.234009393751362 2.1990944940061956 3.285979989672501 4.577862872151557 5.965588688724886 5.868081814802588 4.012456118588467 3.2487077375247284 2.9432083850992328 2.6297221214992144 3.806460367878901 5.1842025454840766 4.9881904337426635 4.646417193066211 4.277022551244533 4.1512287002458 4.2088010182954845
-8.674086706209726 -8.565597829422458 -8.394877603067034 -8.097032373850457 -7.925979359529429 -7.763911620279738 -7.617484915413487 -7.527632164700106 -7.434784322296278 -7.35092175496379 -7.1369390930797 -6.840092227759938 -6.328264336659271 -5.756201823784079 -5.089960316642639 -4.522556835285918 -3.9268663768527614 -3.420030305236171 -2.9251746003813652 -2.5118519470998124 -2.132140878344376 -1.5627406691940244 -1.0665538124767977 -0.7550642766704102 -0.13707702454171178 0.6453074825959135 1.3454933622290755 2.2663176630584285 3.410775476774419 4.906990170135016 6.32300296378478 4.994846193054766 3.26834222749543 3.116923703145103 2.888298370774389 3.5788333994050023 4.578861236048373 4.704987875012711 4.39915573462161 4.19415834780886 4.0553857661515265 4.062374313429234 4.441087018287855
-8.320665886737094 -8.216170465537088 -8.106683224853004 -8.10768158874982 -7.853764370993118 -7.588199574440236 -7.439776141780356 -7.280370706255505 -7.184860560126837 -7.038433855260586 -6.78817730512554 -6.524609236366289 -6.0157764369560685 -5.476659932675782 -4.944531975673203 -4.377128494316482 -3.854651388316451 -3.347815316699861 -2.831328394080723 -2.3890531877915246 -2.0120044227609295 -1.4855338611736375 -1.01397331391119 -0.5420799786831366 0.06625642244301355 0.6366549954901806 1.338504814951368 2.3385326515947384 3.586820310579525 5.28004547957835 5.657094244608945 4.058380857841973 3.2839832618788702 3.155194319189691 3.901970514007569 4.566215293355378 4.25073230196173 4.089662926608853 3.956880528332413 3.9196082761846402 4.009461026898021 4.446078837771932 4.815140691628004
-7.958259792193124 -7.8900382592440765 -7.870403769273374 -7.940622030016054 -7.602842244926861 -7.35092175496379 -7.253082093075886 -7.094009445516641 -6.895667818015992 -6.74325092976885 -6.478684497112783 -6.219109883940794 -5.734570606019746 -5.255023147582776 -4.746190348172554 -4.2277066977597855 -3.704231227862939 -3.1701065430667295 -2.637978586064151 -2.145785184934186 -1.793362729358369 -1.358741646278089 -1.0206290732232919 -0.5354242193710345 -0.10945562339648718 0.46160852558189014 1.396409920966658 2.4303821301017505 3.704960038369341 4.9988396486420275 4.408806585624159 4.0114577546916514 3.6979714910916335 4.06337267732605 4.810481660109533 4.419788588489127 3.8397391644394125 3.6510483879413123 3.659035299115835 3.8377424366457817 4.29765540511205 4.727284668708253 4.807486568419087
-7.691696631743427 -7.604838972720493 -7.5735569039536115 -7.538281379599469 -7.228788571586713 -7.13494236528607 -7.0460879784695045 -6.919295763573955 -6.715962316589231 -6.4756894054223375 -6.232754190530604 -5.863359548708925 -5.45635986677387 -4.996446898307601 -4.475966520101201 -3.9611435373100883 -3.461296012971205 -2.91053192989474 -2.438638594666687 -1.9640829557137929 -1.6476016004233287 -1.298174236537958 -1.0039896749430364 -0.5959916291111652 -0.17201976093024884 0.5614449152634247 1.5388431702456473 2.519236516918316 3.7206010727527814 4.211796109985931 3.662695966737491 4.6141367604025145 4.878703193058581 4.7682175884776825 4.1971534394993055 3.653045115734943 3.467682218892894 3.328909637235561 3.374834376489067 3.838740800542597 4.289668493937528 4.604153121434361 4.656068044068759
-7.392853038630034 -7.226791843793082 -7.14858667187588 -7.065722468440206 -6.939595829475867 -6.8274462850669435 -6.722950863866938 -6.612465259286039 -6.45638770341724 -6.187827815173913 -5.896638345269437 -5.475661568778967 -5.134886691999329 -4.636037531557261 -4.115557153350862 -3.67694261468332 -3.212037826732974 -2.7561183138539667 -2.3185021390832405 -1.831300557437352 -1.5198110216309644 -1.2199690646207557 -0.9014909815366609 -0.5117962738130711 0.028984170295240586 0.8170260728481529 1.7272011587781426 2.624730302015138 3.439062453850854 4.238086359268735 4.496995396509514 4.853411307672593 4.368872029751545 3.661032026909466 3.1941305111654894 3.0749924194788583 2.8669999409756612 2.730224087111959 2.9362198378215254 3.549548058431752 4.001806903689103 4.272363519726062 4.200814107120962
-7.058733921162498 -6.928946614576504 -6.775531362432546 -6.567538883929349 -6.466038554419789 -6.392825201986664 -6.305967542963729 -6.193485210589199 -6.044063414032503 -5.829415176217204 -5.509938729236294 -5.13888014758659 -4.680963906913952 -4.143844130427296 -3.704231227862939 -3.2982299098246988 -2.8965548353393253 -2.4805698783329313 -2.073570196397876 -1.6925279757800191 -1.3996745660475178 -1.1008309729341246 -0.7044805058984328 -0.2552167523315275 0.2955473307449377 1.0396612218379748 1.882613138715731 2.5691547117590834 2.999782339252102 3.806460367878901 4.39915573462161 3.8923196630050207 3.1658435340890545 2.8776491558750252 2.814086654444448 2.6540156429883877 2.5368742790953873 2.5808022905552623 2.783802949574383 3.158854986811347 3.5212610813553176 3.6433942647323945 3.5914793420979967
-6.518619052985397 -6.435754849549723 -6.236414858152259 -6.0490552335165795 -5.889982585957335 -5.733572242122931 -5.615432514333115 -5.52857485531018 -5.473997628950941 -5.41343021921081 -5.08030946564009 -4.636037531557261 -4.082278356790351 -3.60472762614701 -3.2433198954998548 -2.9181860531036574 -2.5900571190170143 -2.183723013013169 -1.7630790244883037 -1.5314586004271433 -1.2336133712105655 -0.9337714142003571 -0.48650438842708243 0.06925151413345954 0.7498029037959197 1.4929184309921415 2.217397832114477 2.8736557002877636 3.4177640240521265 3.5828268549922635 3.3834868635947997 2.749858577082661 2.314239130105565 2.195101038418934 2.2486799008813576 2.321893253314483 2.5368742790953873 2.562166164481376 2.705930565622786 2.918582075644454 3.0573546573017873 3.001779067045733 2.874654064184579
-5.822426628939496 -5.848716878222301 -5.834074207735676 -5.6976311418375785 -5.503282969924191 -5.262011694860483 -5.065666795153465 -4.979807500027345 -4.917243362493584 -4.789452783701219 -4.412404018670625 -3.974787843899898 -3.449315646209421 -3.024678202097294 -2.693554176320205 -2.386058096101079 -2.0352995803532874 -1.6692328181876612 -1.3557465545876428 -1.1800345087481423 -0.922123835404178 -0.5480701620640288 0.05361047975001909 0.6013794711360384 1.3298523278456351 2.06797603555778 2.652018915194757 3.201784634374407 3.5162692618712406 3.187141963887782 2.314239130105565 1.4676265456061528 1.1521435542125036 1.4762790327118858 1.810398150179421 2.244020869362886 2.4889528120482507 2.7977800441297975 3.106274488245739 3.0523628378177103 2.7185765083157802 2.5408677346826485 2.327883436695375
-5.432731921215907 -5.44071883239043 -5.52857485531018 -5.359518568782781 -5.167167124663025 -4.885961293726703 -4.668317964220957 -4.470974700617124 -4.360489096036226 -4.076288173409458 -3.7178755344527485 -3.3058840330336166 -2.8516284599826345 -2.4210008324896157 -2.0120044227609295 -1.654590147701036 -1.2179723368271254 -0.8635531534576778 -0.6905034113430181 -0.4219435230996902 -0.20430019359394502 0.14912062587868713 0.6403156631118369 1.1607960413182368 1.8084014223857903 2.2849537891323153 2.8004423478546383 3.0467054424024234 2.9159197719196133 2.111238471086445 0.8649475398952895 0.13847141097932347 0.28889157143283545 0.7068732562328599 1.5484940212481957 2.0992581043246608 2.76150615587884 3.1804862045756797 3.4081131730495784 3.308276783368044 2.9452051128928636 2.478303597148887 2.2320405026011017
