static/data/ASCData/20210122/ASCV/12.asc
ncols 97
nrows 97
xllcorner 99.0
yllcorner 2.0
cellsize 0.25
NODATA_value -32767
[rows 57 to 75 of 97, columns 43 to 85 of 97]
-10.458001634521727 -10.325007808891892 -10.233139256025398 -9.705807129463206 -9.062395603972233 -8.641524868999014 -8.67668034410316 -8.894246303238251 -9.149289325456065 -9.366191973740136 -9.499849110220994 -9.544622592664952 -9.282946461936923 -9.025250196315023 -8.976496848764933 -8.782146769415597 -8.062454496057137 -7.211758329621905 -6.658888735295383 -5.86888551172863 -5.19031851113351 -5.044721779334264 -4.767457843607225 -4.411923227459636 -4.034167697802822 -3.4060123218853446 -2.6621092024645954 -1.0439623813973464 0.853769963375516 2.5830213519888865 3.550791883629434 4.052918197852803 4.311609429751235 4.642601544411026 4.95535261066772 5.072426975873037 5.124165222252723 5.414363719574683 5.843857495611184 6.044177372619714 6.2063568756945005 6.14466896654949 5.599759102435227
-10.476574338350332 -10.47159950696767 -10.31638476782861 -9.842780820199172 -9.139671318116251 -8.713825751760371 -8.670710546443965 -8.88562326217497 -9.07698844269471 -9.276313353426707 -9.287921293319584 -9.212635511728632 -8.944326272490384 -8.863070693240235 -8.810337480584016 -8.506541110816114 -7.786848837457652 -6.9958506476143665 -6.3915744623336685 -5.609199313553664 -5.066279381992467 -4.9080797440238095 -4.635458984253923 -4.210940039600084 -3.54298601262131 -2.892278067769098 -1.4041401735020875 0.2607700625621854 1.7150791034270931 2.7873210941035467 3.4944104612925964 3.8781357886086045 4.198514929652049 4.501979643994441 4.801796148656215 4.813735743974604 4.8956546340757745 5.271751886605035 5.587156196265816 5.113552248636378 5.625959881050581 5.646522517432251 5.346706012770477
-10.46264481047888 -10.55650329589844 -10.196988814644719 -9.749917301056145 -9.088596382587587 -8.716810650589968 -8.6687206138909 -8.634560105063287 -8.820287143349342 -8.886618228451503 -8.870035457175963 -8.749976193141048 -8.558611012621311 -8.550651282409051 -8.4969231034763 -8.196111632537994 -7.727482516291217 -6.944112401234681 -6.193244517878203 -5.467582446860548 -5.050691576993458 -4.706764900738747 -4.387712381397346 -3.6942208866542394 -3.0183071294632065 -1.802458339540572 -0.3103405801674318 0.8683628020979918 2.059669090532826 2.6231516584756944 3.312663288112671 3.8429803135044587 4.42802048410553 4.721867191108109 4.55471285665066 4.56267258686292 4.710922562066252 5.210063977460023 5.222666883629434 3.791242067124772 4.843916387696088 5.53541794988613 5.229631647565161
-10.329982640274554 -10.434454099310459 -9.943272414128948 -9.46170873628725 -8.936366542278124 -8.574198817620319 -8.336733532954579 -8.302573024126964 -8.180523827538986 -8.215679302643132 -8.270402447852415 -8.264432650193221 -8.177538928709389 -8.249839811470746 -8.163941056263445 -7.85152164543226 -7.3815659074834405 -6.828033002305896 -6.036039846186079 -5.365100920377707 -4.868944403813534 -4.340617310974811 -3.8318578882412266 -3.090608012224563 -2.1550080568585646 -0.9384959560849084 0.21301168128862855 1.2610428259027924 2.040101420427688 2.540237802097992 3.351798628322947 4.168997596781586 4.756027699935722 4.694339790790711 4.526522145482241 4.225710674543935 4.316584261133897 4.9122374053513145 4.818378919931755 2.9766963420702197 4.6827318508978335 5.374233413087875 4.8721070988645065
-10.140607392307881 -10.150225399647695 -9.650089017977391 -9.13469648673359 -8.661092539104152 -8.307547855509627 -8.012706182230515 -7.682377378421746 -7.496981995561203 -7.498971928114267 -7.570277844599092 -7.815371204051583 -7.880707322877211 -7.948033374255906 -7.747050186396355 -7.430650910459041 -7.0038103778266265 -6.474488318711371 -5.86888551172863 -5.199936518473323 -4.4636614738393225 -3.77613977675541 -3.1930895387074036 -2.4196690864161923 -1.4734561574338472 -0.5146403222820916 0.576174372222967 1.3555646221733737 2.0139006418123344 2.679864736238043 3.779302471806383 4.620380630901801 4.95137274556159 4.84889121907875 4.443608289104539 4.142796818166232 3.5849523924570477 4.097691680296762 4.2522431085848 2.8224765692076925 4.504964542824038 4.9377748731156474 4.404472948894263
-10.01358336433724 -9.879594572430872 -9.377799913633014 -8.895241269514784 -8.458782729542557 -8.022324189570329 -7.590840480980763 -7.240944007066856 -7.092694031863524 -7.167979813454478 -7.063176698993061 -7.430650910459041 -7.551705140770487 -7.500961860667332 -7.283064246106729 -6.93150949506527 -6.500689097326726 -6.033054947356481 -5.483170251859557 -4.780060749776636 -3.991052492486416 -3.2431695079595366 -2.57422051470423 -1.9012916563427937 -1.1560619152200007 -0.3073556813378344 0.42692943074310186 1.1681793067597652 1.9346349951152504 3.0198115473866247 4.420060753893271 5.199451003843677 5.443549397019635 4.99216636289942 4.4717990002729575 3.7968802093584557 3.141860743974604 2.746195821340206 3.0108568508978335 2.55980547220313 3.7229210494695453 4.165017731675457 3.96204461126284
-9.905132040195205 -9.643455909467175 -9.031219993974217 -8.739031564099193 -8.264432650193221 -7.794808567669912 -7.436289052692724 -7.097668863246186 -6.823058170923234 -6.66187363412498 -6.41280040956636 -6.846605706134501 -7.009780175485821 -6.938474259000997 -6.666848465507642 -6.300700875743706 -5.932563353426706 -5.5163357944106375 -4.957828057850431 -4.277271124702247 -3.4862729348589614 -2.743033126289233 -2.117199338350332 -1.5009835577512445 -0.8728281818337678 -0.403204099310459 0.08034951108430399 0.8653779032683945 1.9064442839468314 3.4794859671446092 4.928820176626855 5.901565539650065 5.870389929652049 5.132124952464983 4.115269417848835 3.131911081209279 2.304762449985316 1.7140841371505606 2.2268234249902754 3.0344043861091006 3.4347124847006496 3.2373775065217174 3.2775078130085253
-9.51444194894347 -9.131711587903993 -8.924758602385246 -8.802709405797268 -8.188483557751246 -7.694316973740135 -7.469454595243805 -7.204793565686178 -6.821068238370169 -6.498035853922639 -6.247967663087487 -6.3620571294632065 -6.245977730534422 -6.146481102881179 -5.909015818215438 -5.599581306213851 -5.299764801552078 -4.894481871577866 -4.261683319703238 -3.549619121131526 -2.7692339049045875 -2.106254709308475 -1.4784309888165095 -0.9912291687411274 -0.7050105365252972 -0.554438973343389 -0.10537752720175037 0.8408354017805945 2.156512474781983 3.998195052643519 5.5294481522269345 6.31646647696409 5.696270831258873 4.921855412691128 3.6748310127704773 2.2158787959484183 1.8205455287395311 3.140865777698071 3.8479551448871208 3.347818763216817 3.0353993523856335 2.847682381546514 3.2529653115207253
-9.095561146523314 -8.883633329621906 -8.74599632803492 -8.594429798576478 -8.215679302643132 -7.714547954696296 -7.488027299072411 -7.262501609725059 -6.92354976485301 -6.5534223099829445 -6.1531142113913955 -5.952131023531844 -5.744846382587586 -5.493119914624881 -5.253664697406075 -5.004591472847456 -4.6901821294632065 -4.171804699389808 -3.492906043369177 -2.749002923948428 -2.048546665269594 -1.4343208172235715 -0.9510988622543193 -0.6960558400365053 -0.7166184764181758 -0.5126503897290267 0.19841884256615283 1.2451233654782734 2.6476941599634944 4.388885143895255 5.688642756472124 5.53541794988613 4.989513119495334 4.691686547386626 3.52459110501408 1.945579624157107 1.896494621181507 3.8821156537147345 3.901351668394361 3.0901224975949173 2.9902942145161626 3.316643153218801 4.227700607097
-8.830900116965687 -8.72543369165325 -8.620962232617343 -8.494933170923234 -8.124805716053169 -7.590840480980763 -7.386540738866103 -7.278089414724067 -6.958705239957156 -6.513623658921647 -6.1541091776679275 -5.767398951522321 -5.506717787070824 -5.221494121131526 -4.890502006471737 -4.595660333192625 -4.121061419286654 -3.56321699357747 -2.903222696810955 -2.1404152181360887 -1.512591497644123 -1.0681732274596356 -0.7713416216274596 -0.7487890526927243 -0.6698550614211513 -0.19525614751518028 0.5519635261606778 1.7207172456607769 3.0440223934489143 4.375287271449311 5.517840212334057 4.9172122367339774 3.8635429498861296 3.576329351393767 3.000243877281487 1.7698022486363771 3.0901224975949173 4.265840981030744 3.5939070889458398 3.305698524176944 3.325266194282082 4.087078706680416 4.943413015349331
-8.544681484749857 -8.600399596235674 -8.389466745610797 -8.238231871577867 -7.999771620635593 -7.522187807900025 -7.294672185999608 -7.176602854517759 -6.740144314545531 -6.278148306808971 -6.00386926991153 -5.669892256422143 -5.404236260587983 -5.1435550961364855 -4.782050682329701 -4.22155301321643 -3.7343511931410482 -3.094587877330693 -2.4402317227978623 -1.8396037471977829 -1.3885523685030794 -1.1043236688403142 -0.9902342024645951 -0.8857627434286894 -0.5342079923872295 -0.05662417965166111 0.7393488415742862 1.8819017824590314 3.2443422704574445 4.740439894936714 5.65846211275064 3.7149613192572852 2.5322780718857327 2.4503591817845622 1.9707854364959287 2.891792553139452 4.039320325406859 4.156394690612175 3.6350323617091798 3.570359553734572 3.8380054821217966 4.527517111758773 4.854529361312434
-8.32114572795557 -8.475365500818096 -8.169910853922639 -7.955993104468166 -7.824989211391395 -7.605433319703238 -7.367968035037497 -7.035980954101175 -6.603502279235077 -6.182631544261858 -5.906030919385841 -5.677520331208892 -5.389643421865507 -5.1110528644364255 -4.602293441702841 -4.038810873759973 -3.329068263166837 -2.686320048526884 -2.1855203560055596 -1.7099264758230557 -1.5066216999849282 -1.3132665869121254 -1.1580518477730657 -0.7312113151406514 -0.37567669899306166 0.22760452001110426 1.0265624400666487 2.0314783793644073 3.482470865974207 5.1477127574639905 4.987523186942269 2.7929592363372304 1.7402849157659148 1.7021445418321715 2.944525765795671 3.8506083882912074 3.939492042328105 3.945461839987299 3.8947185598841454 3.8486184557381424 4.100676579126359 4.174967394440781 4.48075369676175
-7.932445569256898 -8.223639032855392 -7.968596010637577 -7.72051775235549 -7.699955115973819 -7.511574834283678 -7.287044111212859 -6.955057030276537 -6.681441304230118 -6.288761280425317 -5.97932676842373 -5.7292585775885785 -5.369080785483837 -4.9256574815758825 -4.382737550014684 -3.754582174097208 -3.0448395635040715 -2.380865401631427 -1.8893520610244046 -1.6717861018893123 -1.5888722455116095 -1.3729645635040713 -1.0369976174616196 -0.5438259997270429 0.012691804280098473 0.6172996449863075 1.3459466148335602 2.281546570199559 3.6582482414949373 4.958005854071807 3.6406705039428635 2.2785616713699617 1.5187390915246928 2.4307915116794243 3.6728410802174123 3.8977034587137425 3.748126861808367 3.98658711275064 4.075470766787538 4.0655211040222134 4.173972428164249 4.0419735688109455 3.4592549861884505
-7.483384123115259 -7.756668193736169 -7.662809708316608 -7.437284018969256 -7.4021285438651105 -7.385545772589571 -7.1902007269637025 -6.93150949506527 -6.665853499231109 -6.33884124967745 -6.052622617461619 -5.647339687487408 -5.172740773581437 -4.651378444678441 -4.082921045352911 -3.4647153322007584 -2.7801785339464438 -2.097631668245194 -1.6833940417821909 -1.5155763964737203 -1.4764410562634445 -1.213769959258882 -0.7839445277968704 -0.17767840996310724 0.37121131925728557 0.8740009443316755 1.594024873115647 2.4317864779559564 3.738508854468553 4.342785039749252 2.541232768374524 2.348872621578254 2.496127630505054 3.105710302593925 3.3770044406617687 3.525586071290612 3.7043483456409394 4.025390797535405 4.0665160702987455 4.290051827093032 4.298011557305292 4.062536205192616 3.4307326195945205
-6.9752880112326965 -7.277094448447535 -7.284059212383262 -7.162010015795284 -7.196170524622897 -7.2107633633453725 -7.059528489312442 -6.793872493478283 -6.478468183817501 -6.162068907880187 -5.826101961837735 -5.364105954101175 -4.9286423804054795 -4.359190014803416 -3.779124675585008 -3.143341224880782 -2.494954868007146 -1.9676227414449563 -1.5888722455116095 -1.2724729695742956 -1.161036746602663 -0.8582353431112921 -0.3740184218655076 0.16624826629160414 0.576174372222967 1.0361804474064624 1.6729588643872202 2.492479420824435 3.338864066728026 4.122234181784562 3.4386923498067796 3.116323276210271 2.7853311615504817 2.671905006025784 2.8732198493108463 3.171046421419555 3.36937636587502 3.6230927663907906 3.8655328824391937 4.2814287860297515 4.424040618999401 4.352734702514576 3.8771408223320725
-6.266540366916093 -6.549774100302326 -6.983247741444956 -7.106291904309467 -7.050573792823651 -6.989217539104151 -6.839640942198774 -6.5554122425360095 -6.203857491494549 -5.869880478005162 -5.5143458618575725 -5.1229924597548155 -4.6726043919111335 -4.095523951522321 -3.4421627632660234 -2.7937764063923876 -2.2568262724903834 -1.8134029685824287 -1.4167430796714984 -1.1142733316056386 -0.7451408430121054 -0.3388629467613615 0.06940488204244724 0.45313020935845594 0.838182158376508 1.3283688772814872 1.9767552341551233 2.6838446013441732 3.2101817616298307 3.8008600744645857 3.4894356299099343 2.7903059929331437 2.3193552887077917 2.304762449985316 2.514700334333659 2.719995042724851 2.930927893349728 3.213166660459428 3.521606206184483 3.8907386947780154 4.187570300610192 4.219740876884741 3.8867588296718862
-6.02045204118707 -6.195234450431268 -6.624728226467769 -6.75573211954454 -6.6005173804054795 -6.502679029879791 -6.375986657334661 -6.115968803734185 -5.791941453010121 -5.5349084982392425 -5.21088114751518 -4.845728524027777 -4.368144711292208 -3.821244914624881 -3.1980643700900666 -2.6259587610839166 -2.149369914624881 -1.6833940417821909 -1.2197397569180766 -0.9169383534267057 -0.46190710962587256 -0.12793009613648554 0.29493057138979895 0.6760026553017212 1.0938884914453435 1.6729588643872202 2.4297965454028914 3.2217897015227095 3.6466403016020585 3.529565936396742 2.7607886600626816 1.9306551300091206 1.5635125739686524 1.6076227455615903 1.796003027251731 2.0099207767062044 2.299787618602654 2.53526297071533 3.0353993523856335 3.518621307354885 3.768689498190037 3.6436554027724615 3.2735279479023953
-6.226410060429284 -6.234369790641544 -6.359072230633609 -6.336851317124385 -6.114973837457652 -5.906030919385841 -5.762424120139659 -5.591621576001591 -5.441381668245194 -5.220499154854994 -4.887517107642139 -4.5283342818139305 -4.0457756376957 -3.4080022544384097 -2.8153340090505896 -2.323157357592546 -1.8717743234723316 -1.4694762923277174 -1.0937106952239681 -0.7968790893917921 -0.4635653867534266 -0.16109563868756666 0.29791547021939624 0.7207761377456807 1.3214041133457601 2.0009660802174123 2.8224765692076925 3.572349486287637 3.775654262125764 3.332230958217809 2.1555175085054508 1.0673560574044787 0.6418421464741076 0.7990468181662322 1.1446317715484975 1.617240752901404 1.9787451667081881 2.3790532652997376 2.940545900689541 3.2197997689696445 3.095760639828601 2.8791896469700413 2.545212633480654
-6.275163407979374 -6.210822255430276 -6.017467142357473 -5.831076793220397 -5.685480061421151 -5.477532109625873 -5.361121055271577 -5.266599259000996 -5.089826917203734 -4.792995311371558 -4.48720900905059 -4.0739663488641185 -3.538011181238648 -2.937383205638569 -2.4226539852457893 -1.9440752062336883 -1.5663196765768743 -1.1922123566006793 -0.9656917009767949 -0.695060873759973 -0.473515049518751 -0.07320695092720164 0.3450105406419315 0.9151262170950162 1.551904634075774 2.4122188078508184 3.2649049068391145 3.710981454151156 3.4512952559761905 2.6181768270930323 1.2229024519690492 0.18382600384367714 -0.11698546709462876 0.10058049204046349 0.829227461887716 1.4218957072755358 2.1750851786105887 2.6838446013441732 2.937561001859944 2.8791896469700413 2.6622869986859703 2.2208536273310804 1.929660163732588
