static/data/ASCData/20210122/ASCV/15.asc
ncols 97
nrows 97
xllcorner 99.0
yllcorner 2.0
cellsize 0.25
NODATA_value -32767
[rows 76 to 94 of 97, columns 0 to 42 of 97]
-1.9659111534385139 -2.6338744791675364 -2.6220171420244176 -1.5868356781054758 -0.8692871243234117 -0.8038921134128778 -0.8419793175695622 -0.3856514941828717 0.201107037778125 0.5000556590834216 0.9578207354571571 1.0623808902646585 0.6991151977891119 0.22446239881760133 0.002047499072434844 -0.17473461833406256 -0.251986966387715 -0.3993053975597962 -0.5771654547065772 -0.6828035492543625 -0.8182646432833247 -0.9375566412080347 -1.1211657103029944 -1.2070415762789148 -1.3680139108279208 -1.5976150755083107 -1.8426667097994314 -2.0147777549980335 -2.0869997175970294 -2.12688348798752 -2.235396088509394 -2.375168941499491 -2.6396234911157146 -2.9220437030699973 -3.309742696325304 -3.7060652075028786 -3.9960309976391457 -4.237489499462654 -4.469605856870373 -4.874192572723454 -5.251112168575926 -5.637733222090949 -5.529220621569074
-1.5077867638180174 -2.2598293892891537 -2.718672405403173 -2.156347174221936 -1.4531711503103188 -1.3856202599192182 -1.4043045487507995 -0.7363412230217772 -0.16215865469742163 -0.006935332096594582 0.8115802440253593 1.1964047313065764 1.1924522855922035 0.7059421494775743 0.16876884556961946 -0.01771472949942976 -0.27354576119338536 -0.5135670100298495 -0.8143121975689518 -0.9688168936762567 -1.0888275180944886 -1.2020111908242586 -1.3877761393997854 -1.6590576407044717 -1.825060360708134 -2.0154963814915563 -2.2501279316266025 -2.40535125422743 -2.519612866697483 -2.569198094750525 -2.681663140986772 -2.8192801144963022 -2.989235280214337 -3.2684216729477686 -3.496944897887875 -3.8321841571160506 -4.107418104135109 -4.31258596803574 -4.53607880752119 -4.877785705191067 -5.2421293374068965 -5.226678867796166 -5.119244207014575
-1.4168805123874406 -2.138740825130639 -2.8164056085222127 -2.3065401113681068 -2.574228480205181 -2.50667758981408 -1.8056574453830303 -1.106433867185786 -0.5635115513296527 -0.2570173518423715 0.5079605505121675 1.0936411427328807 1.210058634683501 1.135680792603938 0.5985074886959832 0.12493262946475636 -0.15640964274924274 -0.5401561902901764 -0.9318076292598556 -1.1854827814732445 -1.3155541768007895 -1.438439307193111 -1.736309988758124 -2.007950803309571 -2.319475388251509 -2.510630035528453 -2.656151900466729 -2.7664610672224095 -2.9414466183951014 -3.08804642307366 -3.2023080355437132 -3.260876094765784 -3.43083126048382 -3.617314835552869 -3.8311062173757673 -4.057473562835306 -4.300728630892621 -4.470683796610657 -4.67082127505663 -4.978393414284195 -4.999952209089866 -4.984501739479135 -4.99204731766112
-1.5469519077149851 -2.093826669285492 -2.568479468257002 -2.5771029861792707 -3.0916395555412715 -2.8465879212501513 -1.954053816295395 -1.2832159845922837 -0.7596965840612537 -0.04897498196765193 0.31249414427408895 0.7354058357119905 1.1532871416952355 1.1475381297470568 1.0623808902646585 0.575152127656507 -0.0752048489812176 -0.5272209134067742 -0.9393532074418405 -1.3270522006971468 -1.4686216199210496 -1.7891290360320162 -2.081969332142373 -2.430503181500711 -2.762867934754798 -3.0186989664487536 -3.115354229827509 -3.164220831387029 -3.3758563337293603 -3.5752751856818117 -3.683787786203686 -3.7197191108798036 -3.783317555556531 -3.9493202755601935 -4.15341019972054 -4.365405015309633 -4.528173916092444 -4.634889950380513 -4.83610536856677 -4.977674787790673 -4.96473951090727 -4.910123897399572 -4.922699861036213
-1.8311686859030736 -2.107480572662416 -2.3690606163045507 -2.767539006962693 -3.391666116586852 -2.926714775277893 -1.5624023773257159 -0.9267772438051993 -0.5998021892525311 -0.08382836690348561 0.0879233650483553 0.6581534876583381 0.7598391364917503 0.6757598367496357 0.8184071957138217 1.0332765172770035 0.3692656372623544 -0.5732130089922043 -0.9490546651043921 -1.4395172469333943 -1.8164368427858657 -2.113229584610595 -2.393493917084311 -2.7714914526770658 -3.1397875306072685 -3.40028963450912 -3.5332355358107543 -3.598630546721288 -3.7236715565941765 -3.911233071403509 -4.043101032964859 -4.146583248032078 -4.206947873487955 -4.300728630892621 -4.440501483882718 -4.600755191938202 -4.762805466227491 -4.804845116098548 -4.857304850125679 -4.929526812724675 -4.901500379477304 -4.868084247528515 -4.847603392463128
-2.1495202225334733 -2.017652260972123 -2.126164861493997 -2.45134334981286 -2.6378269248819093 -1.8573985529166392 -0.7313108375671209 -0.4014612770403634 -0.1876698952174649 -0.18443607599661438 -0.14167779963203464 0.0584596788139391 -0.0752048489812176 -0.11616655911199136 0.44040966012106686 1.0839396850703291 0.7537308112968103 -0.4549989508077783 -1.0216359409501494 -1.5555754256372534 -2.176828029287323 -2.5077555295543643 -2.7793963441058116 -3.0955920012556444 -3.3848391648983895 -3.5623399087984096 -3.7179225446459974 -3.8048763503622016 -3.9317139264688956 -4.094842140498469 -4.289949233489786 -4.4512808812855535 -4.602551758172007 -4.726514828304612 -4.808438248566159 -4.906171451685199 -4.9169508490880345 -4.877785705191067 -4.937431704153421 -4.9345571981793315 -4.90042243973702 -4.852633777917784 -4.774303490123848
-2.166048631884488 -1.8272162401887007 -1.7107987482380806 -1.7657736749925401 -1.550904353429358 -0.47080873366526976 0.6092868860988185 0.5672472362277612 0.18457862842711115 -0.11436999287818539 -0.09101463183870928 -0.48158813106810516 -0.6885525612025412 -0.6612447544486919 -0.20994731651665766 0.3750146492105332 0.42172537128948584 -0.30768051963569687 -1.4441883191412896 -1.8699745165532804 -2.4405639524100247 -2.827185005925048 -3.092717495281555 -3.319444153987856 -3.545811499447395 -3.7373254599711005 -3.847634626726781 -3.826075831921111 -3.974472202833476 -4.123946513486124 -4.40133633998575 -4.657167371679706 -4.867365621034993 -4.982345859998568 -5.0021080885704325 -5.061394774286026 -5.085828075065786 -4.986298305712941 -4.96761401688136 -4.945336595582167 -4.911201837139855 -4.831074983112114 -4.727592768044896
-1.9971714059067363 -1.575337654209118 -1.329208080177714 -1.2781855991376274 -0.6357335139286486 0.32507010791073 0.7928959551937783 0.6542010419439652 -0.13269496846300544 -0.1883885217109873 -0.1531758235283922 -0.499913106652925 -0.9591154360137051 -0.7510730661389855 -0.33894077210391904 -0.05184948794174127 0.20398154375221456 -0.04897498196765193 -1.7539163378494214 -2.424754169552533 -2.69926949007807 -2.9913911596949037 -3.1688919035949237 -3.3934626828206573 -3.6435447025664347 -3.8368552293239464 -3.9317139264688956 -3.907280625689136 -4.008966274522548 -4.252939969073386 -4.5098489405076245 -4.709986418953598 -4.915872909347751 -5.113135881819635 -5.188591663639482 -5.204042133250212 -5.1738598205222734 -5.069299665714772 -5.0021080885704325 -4.977674787790673 -4.936713077659899 -4.8662876812947085 -4.771428984149759
-1.81464027655206 -1.3759188022566666 -1.1172132645886215 -0.9540850505590488 -0.17186011235997323 1.0896886970185078 1.609255651835165 0.695162752074739 -0.16682972690531694 -0.08095386092939627 -0.04502253625327901 -0.32816137470108386 -0.8279661009458767 -0.7208907534110469 -0.43739260171648064 -0.12694595651482654 0.11235666582811521 -0.05184948794174127 -2.0460380074662554 -2.849462427224241 -3.0916395555412715 -3.246144251648576 -3.4376582121722823 -3.653246160228986 -3.878894879195003 -3.944289890105537 -4.01255940699016 -4.056754936341784 -4.121072007512034 -4.36145256959526 -4.60362969791229 -4.822451465189846 -4.982345859998568 -5.1328981103914995 -5.248956289095359 -5.323334131174922 -5.259735686498194 -5.116369701040486 -5.004982594544522 -4.877067078697544 -4.794784345189235 -4.7049560334989415 -4.6366865166143185
-1.885784299410772 -1.510661269792107 -1.2246479253702123 -1.0633162775744454 -0.2882776043105937 0.9657256268859029 1.4112740528697583 0.5165840684344357 -0.02166717521380268 -0.07628278872150096 0.10840422011374229 0.30746375881943255 -0.12802389625511013 -0.46182590249624056 -0.21964877417920947 -0.29582318249257833 -0.22467915963386575 -0.5947718037978749 -2.590038263062673 -3.1886541321667883 -3.372263201261748 -3.512754680745367 -3.6611510516577317 -3.8731458672468246 -3.991359925431251 -4.051724550887128 -4.112448489589767 -4.240364005436744 -4.339893774789589 -4.446250495830896 -4.653214925965333 -4.857304850125679 -5.018636497921446 -5.146552013768424 -5.290995938966416 -5.383698756630799 -5.384776696371082 -5.216977410133614 -4.9539601135044355 -4.803767176358265 -4.6913021301220175 -4.5996772521979175 -4.510926880247908
-2.009747369543377 -1.8135623368117761 -1.5390470162862393 -1.4190363918680073 -0.6680717061371542 0.16517571310200774 0.6013819946700727 0.5985074886959832 0.36603181804150386 -0.10826166768324552 -0.032087259369876664 0.364235251807698 0.5985074886959832 0.2715324341433152 -0.12802389625511013 -0.2372551232705069 -0.6407638993833051 -1.2332714432924805 -3.2939329134678124 -3.5838987036040795 -3.69420787035976 -3.712892159191341 -3.857336084389333 -3.979502588288132 -4.098794586212842 -4.146583248032078 -4.208025813228239 -4.367201581543439 -4.494039157650133 -4.570213565963502 -4.692380069862301 -4.886768536360096 -4.981627233505046 -5.112417255326113 -5.266562638186657 -5.351719877669055 -5.421067334293961 -5.067503099480966 -4.932760631945526 -4.729389334278702 -4.616205661548932 -4.499069543104789 -4.4110377976483015
-1.8721303960338476 -1.8466191555138043 -1.7402624344724968 -1.6454037373275467 -1.5879136178457591 -0.7550255118533584 0.11702773803601052 0.364235251807698 0.5740741879162234 -0.004779452616027413 -0.20707281054256832 0.022528354137821838 0.42100674479596345 0.7246264383091553 0.32507010791073 -0.2674374359984455 -0.6756172843191388 -1.632827773690906 -3.88392526464966 -4.038070647510203 -3.901531613740957 -3.9051247462085694 -3.9266835410142393 -4.049927984653322 -4.197246415825403 -4.24503507764464 -4.3251619316723815 -4.447328435571181 -4.575243951418158 -4.648543853757437 -4.773584863630326 -4.828200477138024 -4.922699861036213 -5.01971443766173 -5.1562534714309765 -5.2518307950694485 -5.10559030363765 -4.187544958162851 -4.928808186231153 -4.711782985187404 -4.549732710898115 -4.433674532194256 -4.324083991932097
-1.3622648988797421 -1.6759453633022467 -1.6414512916131738 -1.748885952394765 -1.821467228240522 -1.837995637591536 -1.0536148199118938 -0.023463741447608433 0.29668436141659726 0.1026552081655634 -0.28432515859622076 -0.2861217248300265 0.4483145515498126 0.7752896061024808 0.5341904175257332 -0.08778081261785853 -0.7898788967891923 -1.7754751326550917 -4.182514572708195 -4.221679716605163 -4.026213310367084 -4.03411820179583 -4.03699270776992 -4.176765560760017 -4.331988883360843 -4.390556942582915 -4.49008671193576 -4.5371567472614736 -4.674773720771003 -4.71968787661615 -4.821373525449562 -4.867365621034993 -4.950366981036823 -5.052771256363758 -5.103434424157084 -5.301775336369252 -4.565542493755606 -2.731607682286575 -4.296776185178248 -4.92485574051678 -4.688427624147928 -4.432596592453972 -4.350673172192424
-0.6925050069169141 -1.4474221383621402 -1.6260008220024436 -1.6651659658994113 -1.9181224916192778 -2.138740825130639 -1.8056574453830303 -0.7762249934122674 -0.10646510144943955 -0.1046685352156338 -0.43164358976830197 -0.31055502560978643 0.36136074583360855 0.8906291583128176 0.7673847146737349 0.03510431777446277 -0.8603042931543821 -2.113229584610595 -4.262641426735937 -4.211978258942612 -4.0858593093294395 -4.119275441278228 -4.223476282838969 -4.391634882323198 -4.552607216872204 -4.5957248064835445 -4.67082127505663 -4.651418359731527 -4.771428984149759 -4.759930960253401 -4.882816090645723 -4.950366981036823 -5.028337955583998 -5.127867724936843 -5.1972151815617496 -5.3272865768892945 -4.480385254273208 -2.8692246557961054 -4.285996787775413 -4.965817450647554 -4.659323251160273 -4.386604496868542 -4.331988883360843
-0.37415347028651413 -1.3820271274516067 -1.8074540116168365 -1.837995637591536 -1.9386033466846648 -2.081969332142373 -1.9112955399308154 -1.3748408625163833 -0.6896305009428247 -0.29007417054439943 -0.2469565809330585 -0.24408207495896916 0.11810567777629388 0.5029301650575111 0.3944175645356366 -0.253783532621521 -1.155300468745306 -2.3690606163045507 -4.32803643764647 -4.219883150371357 -4.100591152446648 -4.181795946214673 -4.313663907776023 -4.476432808558835 -4.621954673497111 -4.689505563888211 -4.801611296877698 -4.836823995060293 -4.888565102593901 -4.895392054282364 -4.994203197141687 -5.067503099480966 -5.10846480961174 -5.176734326496363 -5.26764057792694 -5.209072518704868 -5.049896750389669 -4.480385254273208 -4.932760631945526 -4.886768536360096 -4.638842396094886 -4.4422980501165235 -4.326239871412665
-0.8279661009458767 -0.8250915949717872 -0.9932501944560166 -1.1326637341993517 -1.356515886931563 -1.6209704365477873 -1.7208595191473932 -1.6795384957698583 -1.3741222360228609 -1.0633162775744454 -0.28037271288184784 -0.3173819772982487 -0.28504378508974293 0.01965384816373228 -0.14563024534640756 -0.8437758838033684 -1.469699559661333 -2.2587514495488703 -4.163111657383092 -4.141552862577421 -4.025494683873562 -4.222757656345447 -4.4207392553108535 -4.564464554015323 -4.684475178433555 -4.769632417915953 -4.822451465189846 -4.906171451685199 -4.955038053244719 -5.076126617403235 -5.071455545195339 -5.127867724936843 -5.209072518704868 -5.323334131174922 -5.504068694295793 -5.468855996113197 -5.235302385718434 -5.119244207014575 -5.069299665714772 -4.968691956621643 -4.774303490123848 -4.514520012715519 -4.331988883360843
-0.836948932114906 -0.48158813106810516 -0.11041754716381247 -0.30947708586950284 -0.7471206204246126 -1.0166055554954927 -0.857429787180293 -0.5789620209403832 -1.0780481206916537 -1.301900273423865 -0.3809804219749764 -0.17581255807434615 -0.31450747132415935 -0.7137044884758232 -1.0899054578347724 -1.4298157892708427 -1.6719929175878738 -1.8710524562935642 -3.6435447025664347 -4.24503507764464 -4.234255680241804 -4.275576703619339 -4.4422980501165235 -4.589975794535366 -4.67369578103072 -4.787238767007251 -4.872036693242888 -4.990250751427314 -4.8896430423341855 -4.9442586558418835 -5.014684052207073 -5.123196652728948 -5.213743590912764 -5.328005203382817 -5.484306465723928 -5.604676403388921 -5.386573262604888 -5.257939120264388 -5.139725062079962 -5.050974690129952 -4.86053866934653 -4.6366865166143185 -4.494039157650133
-0.498116540419119 -0.4442195534049429 0.04480577543701458 0.1572708216732619 -0.24012962924459624 -0.7345446567879714 -0.7618524635418205 -0.857429787180293 -1.3349570921258926 -1.6065979066773404 -1.0126531097811198 -0.6238761767855299 -0.42876908379421264 -0.9296517497792889 -1.544077401740896 -1.8261383004484173 -1.6834909414842312 -1.4668250536872434 -2.461763433968934 -3.8731458672468246 -4.33091094362056 -4.408163291674212 -4.564464554015323 -4.71681337064206 -4.796940224669802 -4.804845116098548 -4.813468634020817 -4.851555838177501 -4.823170091683368 -4.803767176358265 -4.908327331165766 -4.990250751427314 -5.057801641818415 -5.180686772210736 -5.276264095849208 -5.325130697408728 -5.225600928055883 -5.114213821559919 -5.051693316623474 -5.067503099480966 -4.9032969457111095 -4.7049560334989415 -4.535000867780907
0.04696165491758153 -0.11041754716381247 -0.05364605417554702 -0.11616655911199136 -0.537281684316087 -1.0410388562752526 -1.7869731565514495 -2.0643629830510752 -2.0291502848684804 -2.093826669285492 -1.831887312396596 -1.6669625321332175 -1.4610760417390647 -1.6277973882362493 -2.1700010775988607 -1.8699745165532804 -1.6856468209647983 -1.293995381995119 -1.691395832912977 -2.867068776315538 -4.431518652713689 -4.635608576874035 -4.656089431939423 -4.79011327298134 -4.8077196220726375 -4.770351044409475 -4.794784345189235 -4.712860924927687 -4.720765816356433 -4.676929600251571 -4.7667579119418635 -4.8077196220726375 -4.865209741554425 -4.832152922852397 -4.88173815090544 -4.836823995060293 -4.729389334278702 -4.742324611162104 -4.925933680257064 -4.920903294802407 -4.770351044409475 -4.577040517651964 -4.481463194013492
