static/data/ASCData/20210122/ASCV/18.asc
ncols 97
nrows 97
xllcorner 99.0
yllcorner 2.0
cellsize 0.25
NODATA_value -32767
[rows 19 to 37 of 97, columns 0 to 42 of 97]
-0.07912664369939931 -0.0936691141913652 0.24793054981379248 0.11140939825656182 -0.14056116190015316 -0.41508739057501925 -0.5634799466154874 -0.22840955507611033 0.4354987406489442 0.4034459485442031 0.08885372973841066 -0.5106521966650808 -1.1181713210947573 -1.311378429059447 -0.9852115908824979 -0.9795726737529601 -0.49521937083687206 0.037213120236327724 0.6934050030472779 1.4110314040589818 0.6690686238566411 -0.6112623496605182 -0.6258048201524841 -0.12601869140818728 0.1446493308096266 -0.197247118307612 -0.8504711499977529 -1.5517743698450053 -1.2137361271848188 -0.8837110825508177 -0.8368190348420297 -0.970669120390532 -1.1122356188531386 -0.9979733507019781 -2.0770840182282626 -2.298782496952722 -3.0184863937489923 -4.382807553985057 -5.676790642657939 -5.900269832054884 -5.221522280725782 -4.557613985000728 -4.271513136954706
-0.2791598092419504 -0.2382034637747812 -0.7255246178116787 -0.5860356151336386 -0.55160854213225 -0.7382863776311589 -0.6542961909122539 -0.26372698341374173 -0.21386708458414444 -0.12483155095986354 -0.31150938645877246 -0.5156975435704566 -0.9451456007515715 -1.3799357899501432 -1.0525818113248704 -1.0985835036974154 -0.4296298610669851 -0.004930365679165272 -0.1328447489860488 -0.03906065356847288 0.5313603318510866 0.3604121072924673 0.04878773960748417 -0.0770491479148328 0.08707301906592502 0.33014002586021185 0.08588587861760122 -0.5818806235645054 -0.3690856982024741 0.07045305278939251 -0.1358126001068582 -0.6053266474188994 -1.1143131146377052 -1.3125655695077707 -1.977364220569068 -2.2898789435902938 -2.927670149452226 -3.961966265054289 -5.148513143153872 -5.600516868853139 -5.324209929505787 -4.825017370985652 -4.286055607446672
-0.2236609932828153 -0.41686810124750484 -0.9228867173455013 -0.9727466161750986 -0.9561266498985661 -0.9590945010193754 -0.8017983916164793 -0.45515338070594563 -0.41686810124750484 -0.44714018267976036 -0.03609280244766355 0.11912581117066612 -0.565260657287973 -1.2606281748936068 -1.279325636954706 -1.049910745316142 -0.10435337822627894 -0.1776593009102702 -0.26461733874998455 0.24614983914130684 0.7548395212480318 0.515630720910797 0.04196168202962269 -0.22840955507611033 0.029199922210142448 -0.1473872194780147 -0.09663696531217458 -0.13165760853772507 0.5467931576792954 1.1044523832793747 0.893438168589829 -0.05746133051749103 -0.784288070003704 -1.2635960260144161 -1.7283615115331625 -2.121008214816241 -2.7187334305472466 -3.5253953651832317 -4.61519029674443 -5.176707728801562 -5.115273210600807 -4.722626507317729 -4.099674557059844
0.22478131107147947 -0.49521937083687206 -0.9412873942945194 -0.9863987313308216 -1.102441710154468 -1.101551354818225 -0.8670911162742853 -0.4990775772939242 -0.2987476266392922 -0.28420515614732633 0.22359417062315567 0.3749545777844332 -0.22662884440362469 -0.746893145881506 -1.003018697607354 -0.4892836685952533 -0.09663696531217458 -0.2088217376787685 -0.05063527293962944 0.4393569471059965 0.9824737022141098 0.678862532555312 0.3075843573420607 0.10547369601494305 -0.1562907728404428 -0.323084005829929 -0.5008582879664099 -0.14263865768471973 0.9385495056261314 1.11246558130556 0.7969830071635248 0.1669082142156969 -0.7216664113546265 -1.2060197142707145 -1.6170670945028114 -2.1269439170578597 -2.727636983909675 -3.4179591546099326 -4.100564912396086 -4.6258745607793434 -4.312469482421875 -3.872040376093765 -2.9852464611959277
0.399587742087151 -0.3242711462782527 -0.6777422147666479 -0.7540159885714486 -0.8691686120588518 -0.4922515197160627 -0.2569009258358802 -0.22544170395530094 -0.12008298916656857 0.32242361294610755 0.32123647249778375 0.21973596416610353 -0.05063527293962944 -0.5711963595295917 -0.09960481643298397 0.4159109232516024 -0.06339703275910968 -0.197247118307612 0.13188757099014636 0.10369298534245741 0.6209894356995295 0.8916574579173434 0.5206760678161729 0.19628994031170954 -0.0654745285436763 -0.23434525731772904 -0.5302400140624225 -0.2420616702318334 0.7833308920078016 0.7023085564097059 0.2090517001311898 -0.42072630770455705 -0.8213862090138211 -1.3066298672661518 -1.7509171800513137 -2.297892141616479 -2.8884945146575425 -3.431611269765656 -3.8613561120588518 -3.362163553538717 -3.0478681198450053 -2.102607537867223 -1.2137361271848188
0.12891971986933703 -0.026298893748992636 -0.21000887812709224 -0.360182144840046 -0.28212766036275977 0.09567978731627214 0.5880462882585454 0.4512283515892338 0.2099420554674326 0.9335041587207554 0.5732070326544988 -0.12097334450281133 -0.14263865768471973 0.30461650622125136 0.7782855451024256 0.8409072037515032 0.268705507659458 -0.054790264508762565 -0.014724274377836188 -0.2735208921124126 -0.1524325663833906 0.33993393455888277 0.29600973797090413 -0.028376389533559254 -0.04291886002552514 -0.16311683041830433 -0.27619195812114106 -0.07111344567321409 0.42985982351940655 0.04789738427124146 -0.3673049875299885 -0.7353185265103495 -1.1365719980437754 -1.6609912910907898 -2.121008214816241 -2.648395358984065 -3.142542570598824 -3.463960846982478 -3.187357122523045 -2.42491616958712 -1.3318566017930316 -0.38481530914276374 0.05383308651286012
-0.10435337822627894 0.3847484864831041 0.05769129296991227 0.04107132669337987 0.28710618460847603 0.3182686213769744 0.6298929890619575 0.9005610112797714 0.48832649059935085 1.0323336010437072 0.9845511979986764 0.26366016075408216 0.6895467965902257 0.996125817369833 1.0634960378122056 1.0830838552095474 0.9453755632039927 0.4491508558046674 -0.23434525731772904 -0.28509551148356915 -0.30260583309634437 -0.6385665799719643 -0.6436119268773401 -0.4824576110173918 -0.2791598092419504 -0.14560650880552906 0.028309566873899628 0.26366016075408216 0.012579955933609943 -0.3818474580219544 -0.6534058355760111 -1.007767259400649 -1.4775780918247712 -2.051857283701383 -2.60239366661152 -3.066268796794023 -3.351479289503803 -3.211990286825763 -2.670951027502216 -1.7420136266888857 -0.6014684409618473 0.18174746981974366 0.49604290351345515
-0.3085415353379631 0.5898269989310311 0.17373427179355838 0.5838912966894124 0.9308330927120269 0.64651295533849 0.06451735054777386 -0.0078982167999746 0.4669579625295234 0.813602973440057 0.730503142057395 0.7462327529976845 0.8780053427616202 1.0263978988020885 1.0626056824759629 1.205062536274812 1.3947082228945304 0.8251775928112136 -0.022440687291940487 0.2764219205735624 0.42985982351940655 -0.40143527541929613 -0.8397868859628391 -0.705046445078094 -0.4373462739810895 -0.2061506716700401 -0.04202850468928232 0.015547807054419382 -0.37887960690114497 -0.676851859430405 -0.9961926400294925 -1.3787486495018193 -1.8438109201326465 -2.3465648999977526 -2.867125986587715 -3.1259226043222914 -3.2939029777601014 -3.13185830656391 -2.7852132956533766 -1.8728958611165782 -0.6738840083095957 0.10250584489413372 0.24407234335674033
-0.5928616727115001 0.5927948500518404 0.3604121072924673 1.210107883180188 1.4570330964315272 0.8524818231226597 0.08885372973841066 -0.32516150161449553 -0.08981090773431305 0.006941038804072153 -0.10138552710546955 0.031277417994708956 -0.025408538412749815 -0.011756423257026749 0.11615796004985679 0.4844682841422988 1.037082162837002 0.893438168589829 -0.6913943299223709 -0.33495541031316645 0.1425718350250601 -0.07823628836315655 -0.40618383721259116 -0.5174782542429422 -0.49700008150935765 -0.5477503356751978 -0.7510481374506391 -0.45099838913681256 -0.6308501670578599 -0.9834308802100122 -1.348476568069564 -1.7010572812217162 -2.089845778047743 -2.502970654064406 -2.867125986587715 -3.161240032659923 -3.356524636409179 -3.5948430814101706 -3.2529466322929323 -1.5274379906543687 -0.20199568010090696 0.3164879107044888 0.3417146452313684
-0.3993577796347296 0.3429017856796921 0.762852719274217 1.4374452790341854 1.709003656588242 1.410141048722739 0.7118056799962958 -0.12779940208067286 -0.40143527541929613 -0.4717733469824781 -0.04380921536176796 -0.3388136167702186 -0.7801330784345709 -0.9727466161750986 -0.886678933671627 -0.55160854213225 -0.29963798197553504 -0.3290197080715477 -0.7276021135962452 -1.5078501732570269 -1.4502738615133253 -1.4021946733562134 -0.612152704996761 0.21765846838153702 0.16423714820696844 -0.18359500315188892 -0.8905371401286792 -0.975417682183827 -0.6795229254391335 -1.133900932035047 -1.7236129497398673 -2.0868779269269333 -2.326086727264168 -2.601503311275277 -2.8935398615629184 -3.346730727710508 -3.9346620347428427 -4.424654254788469 -3.664884367861272 -1.394478260442109 -0.2539330747150708 -0.22455134861905812 -0.37591175578033564
-0.16697503687535648 0.8251775928112136 0.9815833468778671 1.0712124507263097 0.4503379962529911 0.23932378156344536 0.7616655788258931 0.6963728541680873 -0.060429181638300355 -0.49700008150935765 -0.10049517176922673 -1.0772149756275882 -1.2440082086170743 -1.6250802925289967 -1.4805459429455805 -0.8759946696367134 -0.8457225882044579 -0.8282122665916826 -1.0938349419041207 -1.7313293626539719 -1.626861003201482 -1.5164569415073739 -1.2909002563258622 -0.6094816389880325 0.01762530283898589 -0.1141472869249498 -0.4842383216898774 -1.0614853646872986 -0.8320704730487347 -1.0107351105214584 -1.7696146421124124 -2.397315154163593 -2.6602667634673023 -2.8884945146575425 -3.2657083921124124 -3.8554204098172327 -4.504786235050322 -5.048793345494678 -4.148347315441117 -1.8993097360917819 -0.8201990685654973 -0.7831009295553802 -0.7373960222949161
1.2362249730433104 1.4795887649496784 1.3682943479193272 1.1083105897364267 0.45508655804628606 0.28235762281518106 0.8115254776554904 0.8554496742434691 0.2811704823668574 -0.970669120390532 -0.5536860379168165 -1.1864318968733727 -1.1445851960699607 -1.3855747070796811 -1.4481963657287586 -1.1181713210947573 -1.3935879051058664 -1.4170339289602603 -1.7586335929654178 -1.4725327449193952 -1.3642061790098534 -1.3466958573970782 -1.3514444191903734 -1.5701750467940234 -1.0976931483611727 -0.2586816365083658 0.11140939825656182 -0.15807148351292838 -0.7869591360124324 -1.0576271582302463 -1.7862346083889449 -2.4667628703905318 -2.8789973910709525 -3.11909654674443 -3.4989814902080285 -4.105313474189382 -4.813442751614495 -5.327177780626596 -4.6923544258854735 -3.109302638045759 -1.7040251323425255 -0.9344613367166578 -0.8475032988769435
1.7929938433071468 1.4659366497939552 1.6416334361458693 1.4083603380502536 0.9922676109127807 0.8115254776554904 0.32123647249778375 0.3847484864831041 0.07431125924644477 -1.0410071919537138 -0.7460027905452632 -0.7664809632788478 -0.6922846852586138 -1.0401168366174711 -1.1083774123960866 -1.28704204986881 -1.4149564331756936 -1.1552694601048743 -0.9178413704401254 -0.6308501670578599 -1.0810731820846402 -1.1885093926579393 -1.2107682760640095 -1.4256406972106075 -1.3692515259152294 -0.6943621810431804 0.11319010892904735 0.25594374783997775 -0.0820944948202087 -0.6777422147666479 -1.5176440819556976 -2.546894850652385 -2.9618004373415334 -3.253836987629175 -3.5966237920826565 -4.1189655893451045 -4.896542582997157 -5.321242078384977 -5.05265155195173 -3.6375801375498256 -2.1337699746357215 -1.3553026256474254 -0.7029689492935275
1.742243589141307 1.1982364786969506 1.5508171918491032 1.5695146539102018 1.144518373410301 0.2354655751063932 -0.24888772780969493 0.31352005958367946 0.15444323950829753 -0.509761841328838 -0.4961097261731149 -0.3720535493232835 -0.5302400140624225 -0.8739171738521467 -0.728492468932488 -0.9012214041635929 -0.7225567666908692 -0.4082613329971577 0.3331078769810212 0.4657708220811997 -0.19516962252304543 -0.9433648900790859 -0.970669120390532 -1.320281982421875 -1.2656735217989827 -1.6004471282262789 -1.180496194631754 -0.7608420461493101 0.4930750523926458 -0.0936691141913652 -1.3855747070796811 -2.4177933268971774 -3.1152383402873776 -3.407274890575019 -3.6298637246357215 -4.051595368902732 -4.804539198252067 -5.2146962231479215 -5.04968370083092 -4.3163276888789275 -2.81162717062858 -1.4835137940663898 -0.8282122665916826
1.2626388480185136 0.8797860534341059 0.861385376485088 0.8848314003394818 0.3984006016388272 -0.5127296924496473 -0.31061903112252964 0.3984006016388272 0.7352517038506899 0.27256371411651015 0.17106320578483003 0.5429349512222431 0.1680953546640206 -0.1622264750820615 -0.01650498505032172 -0.08981090773431305 0.0662980612202595 0.2618794500815965 0.8857217556757245 1.1730097441700709 0.8204290310179186 -0.014724274377836188 -0.751938492786882 -1.101551354818225 -1.4004139626837278 -1.8788315633581973 -2.311544256772202 -1.9521374860421883 -0.13878045122766752 0.12684222408477042 -1.2802159922909486 -2.558469470023541 -3.2568048387499844 -3.5927655856256044 -3.8379100882044574 -4.109468465758515 -4.712832598619058 -5.1259574746357215 -5.041076932580573 -4.428809246357602 -3.538157125002712 -2.207075897319713 -1.4814362982818234
0.12981007520557986 -0.01264677859326957 -0.3008251224238588 -0.4403141251018988 -0.43467520797236103 -0.2969669159668066 -0.01353713392951239 0.04789738427124146 0.637609401976062 0.5604452728350183 0.8643532276058973 1.5917735373162722 1.1347244647116304 0.8388297079669368 1.037082162837002 0.8711792851837586 0.37792242890524264 0.510882159117502 1.0050293707322608 1.3593907945568988 1.2362249730433104 0.949233769661045 0.07134340812563533 -0.7831009295553802 -1.2069100696069572 -1.2938681074466718 -1.8642890928662315 -1.855385539503803 -1.525360494869802 -0.55160854213225 -0.8320704730487347 -2.2539679450285006 -3.546763893253059 -3.935552390079086 -4.065544269170536 -4.386665760442109 -4.75764715054328 -5.001901297785889 -4.949073547835483 -4.6036156773732735 -3.827225824169544 -3.109302638045759 -2.456968961691861
-0.2791598092419504 -0.46583764474085937 -0.4403141251018988 -0.30557368421715375 -0.0037432252308414737 0.006941038804072153 -0.2186156463774394 -0.35157537658969884 -0.6065137878672232 -0.47058620653415434 0.7275352909365856 0.8320036503890752 0.6865789454694163 0.8370489972944511 1.1934879169036554 1.1513444309881624 0.48832649059935085 0.37999992468980914 0.6652104173995889 0.9403302162986168 1.131756613590821 1.022539692345036 0.4853586394785415 -0.33495541031316645 -0.9510813029931902 -1.2440082086170743 -1.3377923040346502 -1.6289384989860487 -1.7802989061473262 -1.2060197142707145 -0.9110153128622638 -1.619144590287378 -3.0917923164329837 -4.171793339295511 -4.321373035784303 -4.423763899452226 -4.730342920231833 -4.924737168644846 -4.933640722007275 -4.618158147865239 -4.181587247994182 -3.6708200701028906 -3.3028065311225294
-0.055680619845005386 -0.5946423833839857 -0.6436119268773401 0.04196168202962269 0.6298929890619575 0.27820263124604794 -0.31447723757958185 -0.33198755919235706 -1.0555496624456797 -1.095615652576606 -0.4082613329971577 0.16987606533650623 0.13782327323176513 -0.06636488387991912 -0.01353713392951239 0.23843342622720254 0.292151531513852 0.037213120236327724 -0.21980278682576315 0.0018956918986963167 0.24793054981379248 0.31441041491992217 0.068375557004826 -0.4228038034891236 -1.0243872256771815 -1.5039919667999746 -1.553555080517491 -1.4119885820548843 -1.6072731858041402 -1.515566586171131 -0.8887564294561936 -0.854329356454805 -1.973506014112016 -3.5215371587261797 -4.276261698748001 -4.220762882788866 -4.381917198648814 -4.804539198252067 -4.98913953796641 -4.786138521303049 -4.436525659271706 -4.121933440465914 -3.8797567890078697
0.49604290351345515 0.11319010892904735 -0.42369415882536643 0.04107132669337987 0.4580544091670954 0.037213120236327724 -0.43556556330860385 -0.1025726675537933 -0.118005493382002 0.08202767216054907 0.18056032937141997 0.1591918013015925 -0.1269090467444301 -0.4248812992736901 -0.7382863776311589 -0.6786325701028907 -0.2236609932828153 -0.27233375166408885 -0.541814633433579 -0.7626227568217957 -0.6738840083095957 -0.7178082048975742 -0.8555164969031288 -1.0810731820846402 -1.4627388362207245 -1.753885031172123 -1.8740830015649022 -1.7393425606801571 -1.5087405285932696 -1.5232829990852355 -1.4021946733562134 -1.1083774123960866 -1.1122356188531386 -1.9619313947408594 -2.8632677801306627 -2.937464058150897 -3.22059705507611 -4.112139531767243 -4.731530060680157 -5.0262376769765265 -4.801868132243339 -4.471546302497257 -4.231447146823779
