static/data/ASCData/20210122/ASCV/21.asc
ncols 97
nrows 97
xllcorner 99.0
yllcorner 2.0
cellsize 0.25
NODATA_value -32767
[rows 57 to 75 of 97, columns 0 to 42 of 97]
-0.17516436071941444 0.022086481651986234 -0.4553264069404024 -0.37421111364351384 0.04663059253886759 0.5770228424358662 0.7233895524808053 0.6500565382456108 0.6237165168060307 0.6297028853150263 0.6335940248458732 0.3941392844860546 0.09841268014167837 -0.2904019545175772 -0.7863725854878518 -0.7513523297102284 -0.4113265983992857 -0.24819805652915916 -0.05214448785955761 -0.20150438215899458 0.04184149773167123 0.5749276134577176 1.119986466201755 1.6198482367028766 1.8922280038621708 2.277151498990579 2.36874293717821 2.107138633335108 1.698868301021617 1.4959304085666707 1.2379179258289659 0.8895112786054294 0.2067659501544964 -0.3275174392733492 -0.21407575602788498 -0.16618480795592128 -0.10871567026956475 -0.38019748215250926 -1.0060723097679856 -1.0901807873193718 -1.3763292020493552 -4.691580082331046 -9.004159956211382
0.028970805437330993 0.24178620593211997 -0.424197290693626 -0.35385746071292923 0.12864384111210558 0.6560429067546062 0.9293206291902495 0.9029806077506694 0.9080690209833154 0.9080690209833154 0.8571848886568539 0.6746006491324922 0.4363431824744727 0.21275231866349176 -0.2736401226923899 -0.5588905821460239 -0.4113265983992857 -0.48555756791082955 -0.3439799526730867 -0.08237564882998472 0.33846605735239665 0.6707095096016452 1.252584528676005 1.763521080918768 2.1170161413749504 2.493858039016215 2.5740753770367544 2.4274093485663655 2.1101318175896058 1.8317656819213162 1.4576176501090998 0.7087229496337665 0.025079665906483917 -0.3284153945496985 -0.22694644832222532 -0.04316493509606445 -0.07249814079014216 -0.2628646593761981 -0.6849036392603787 -0.9943988911754443 -3.352728765294209 -6.690727845910082 -9.367532524707407
0.2244257372560331 -0.2757353516705383 -0.738481637415888 -0.38588453223605496 0.09751472486532908 0.6638251858163003 0.9409940477827906 1.1726665090809152 1.2136731333675344 1.0708982444279922 0.8990894682198224 0.7066277206556181 0.583607847795761 0.3669013077701252 0.30823489638196955 0.028970805437330993 -0.3245242550188514 -0.5196798684121037 -0.2757353516705383 0.3345749178215497 0.6138390087661881 0.39234337393335583 0.9733204377313661 1.8952211881166683 2.2633828514198897 2.5025382733542587 2.5659937795496104 2.541748987088179 2.266376035674387 2.029016524292717 1.5171820167736043 0.7742736848072668 0.37468358683181935 0.031066034415479393 -0.20539552168984165 -0.1476270655780353 -0.0686070012592952 -0.09105588316802815 -0.7211211687398011 -2.408379133000174 -4.765811051842589 -7.312711533994711 -9.93084980140388
-0.16049775787237563 -1.1252010430969954 -1.1165208087589518 -0.7082504764454609 -0.009042634594790266 0.5584651000579802 1.0759866576606383 1.3729105357068137 1.5016174586502165 1.252584528676005 0.9293206291902495 0.5719344292032199 0.45879206438320563 0.4061120215040456 0.3474456101158899 0.2857860144732366 -0.08536883308448251 -0.360741784498274 -0.12637545737110145 0.28399010392053803 0.06698424546945225 -0.15361343408703076 0.7928314271851528 1.7156301328468042 2.1403629785600327 2.332824726124237 2.40795365091213 2.389395908534244 2.087682935680873 1.9236564385343966 1.4351687682003664 1.1208844214781042 0.722491597204456 0.37288767627912056 0.050521732069714664 -0.23263349840577097 -0.012933774125637343 -0.20539552168984165 -1.8049531872934308 -3.8528898542207806 -6.480606311244341 -9.029602022374613 -9.802142878460478
-0.9495011273579783 -1.4505601715608991 -1.3206559749156974 -0.7289034478014953 0.002630783997750963 0.6344919801222225 1.1597958167865752 1.6207461919792263 1.8111127105652822 1.5447193119149838 0.9888849958547544 0.5387100839782951 0.24388143491026837 0.19688844211465384 0.13163702536660327 0.092426311632683 0.028970805437330993 -0.06950495653564448 -0.11170885452406254 -0.20539552168984165 -0.671134991689689 -0.032389471779872614 0.9371029082519434 1.5447193119149838 1.891330048585821 2.0125540108929796 2.1011522648261125 2.0427851718634065 1.8736702614842846 1.6315216552954181 1.4166110258224807 1.1744624196336138 0.8736474020565915 0.46747229872124907 0.22831687678688006 -0.15750457361787784 -0.31674197595715736 -1.2024251968630368 -3.18002203380969 -5.65059631747212 -8.030477118223269 -9.195723748499237 -9.758143069919361
-0.9563854511433231 -1.1976361020558404 -0.9866166121137502 -0.45742163591855084 0.14510635451184306 0.7605050372365773 1.3824887253212066 1.926350304363445 2.155927536683421 1.9353298571269382 1.33848891678009 0.7808586901671618 0.35911902870843104 0.048426503091566264 -0.07459336976829067 -0.11051158082226342 -0.10781771499321546 -0.09494702269887523 -0.2278444035985746 -0.6956791025765705 -0.5032173550123662 0.19509253156195527 0.9490756452699344 1.4049376072299395 1.4273864891386725 1.6177530077247284 1.6402018896334614 1.5965013995177944 1.5611818253147214 1.3833866805975559 1.2145710886438836 1.200802441073194 0.9529667848007816 0.5866010320502589 0.43514590877267356 -0.12727341264745073 -1.0785073687268307 -2.6349631810656526 -4.698464406116391 -6.943651915415141 -8.46508747197634 -9.356757061391216 -9.489654442290915
-0.083273604106334 -0.7220191240161505 -0.6789172707513831 -0.16917799221041907 0.4432275062598173 1.0457554966902114 1.650079397673304 2.1696961842541107 2.43429367235171 2.256498527634545 1.6979703457452677 1.1247755610089514 0.6530497225001085 0.3025478462984238 0.05141968734606395 -0.08626678836083179 -0.08925997261532947 -0.01892014263463282 -0.020716053187331385 -0.16049775787237563 0.24388143491026837 0.939198137230092 1.4791685767414835 1.5719572886309132 1.3151420795950073 1.0828709814459834 1.200802441073194 1.2468974785924591 1.2905979687081262 1.2819177343700825 1.158897861510226 1.538732943405988 1.6725282795820369 1.1364489796014925 0.35612584445393336 -0.5597885374223733 -2.0812240939835718 -3.7618970528840494 -5.738595934554353 -7.457282333486952 -8.531536162426189 -8.883235312329674 -8.865575525228136
0.5153632467932129 -0.31165356272451117 -0.1955180136499991 0.2887791987277343 0.8981915129434729 1.4947331348648714 1.9996833185986391 2.291818101837618 2.4459670909442512 2.3220492628080454 2.0125540108929796 1.593508215263297 1.1666801405719198 0.8101918958612396 0.5348189444474482 0.3698944920246229 0.3345749178215497 0.3513367496467369 0.5066830124551694 0.6521517672237592 1.0065447829562908 1.4830597162723302 1.9871119447297487 2.1735873237849574 1.823085447583273 1.0993334948457205 0.9197424395758568 1.0113338777634873 1.0691023338752936 1.1023266791002184 1.0388711729048663 1.3025707057261169 1.198108575244146 0.5279346206621033 -0.31674197595715736 -1.4777981482768285 -3.1791240785333406 -4.6781107531858055 -6.283355468872941 -7.48571758390468 -8.272625724412135 -8.487536353885073 -8.454312008660148
0.12175951732676071 0.09631745116352997 0.9215383501285553 1.4127198862916335 1.7311946909701925 2.081696567171877 2.205913713733533 2.3756272609635545 2.297505151921164 2.193043021439193 2.032907663823564 1.8239834028596222 1.4920392690358235 1.215469043920233 0.9547626953534801 0.7673893610219219 0.685376112448684 0.6901652072558805 0.8191714486247329 1.018218201548832 1.2028976700513425 1.6452903028661074 2.070921103855685 2.099356354273414 1.493835179588522 0.9215383501285553 0.9038785630270186 1.0337827596722202 1.2956863819407722 1.1286667005397986 1.1451292139395362 0.8443141963625137 0.4411322772816689 -0.340986768418589 -1.2374454526406604 -2.475725778726373 -4.058820930930224 -5.45154956454802 -6.591952765511657 -7.556955369161726 -7.976899120067759 -8.138830388236086 -8.13404129342889
-0.18683777931195567 0.493812320160829 1.4480394604947069 2.1550295814070717 2.533966708026485 2.523191244710293 2.4791914361691765 2.253505343380047 2.1343766100510373 2.0787033829173795 2.0631388247939912 1.9068946067092094 1.7898611023583482 1.5210731563044515 1.2840129633482311 1.0933471263367252 0.8511985201478586 0.8562869333805047 0.8571848886568539 1.070000289151643 1.3025707057261169 1.7252083224611972 2.1265943309893434 1.8883368643313236 1.2361220152762673 0.9634429296915236 0.946980416291786 0.9421913214845897 0.9275247186375507 0.9715245271786676 0.70393385482657 0.30733694110562026 -0.42898638550082235 -1.1937449625249934 -2.195563732505385 -3.421272684722207 -4.799933352343864 -5.944527011263797 -6.884087548750636 -7.3282760921181 -7.717090726777355 -7.837117415382714 -7.848790833975255
-0.5490130741061815 0.48902322535363274 0.9781095325385626 1.676419419112884 2.809339659440276 2.8365776361562056 2.40795365091213 2.1149209123968022 2.0311117532708653 1.9302414438942916 1.9793296656680548 1.926350304363445 1.832663637197666 1.6608548609894958 1.4264885338623232 1.207686764858539 0.9577558796079778 0.9137560710668612 0.9344090424228956 1.20589085430584 1.5105970114137097 1.9344319018505884 2.2594917118890425 2.0095608266384817 1.2400131548071145 0.9870890853020556 1.1511155824485315 1.474379481934287 1.1930201620115 0.5680432896723729 0.18910616305295969 -0.6007951617089923 -1.3392137172935832 -2.1144484392084966 -3.095015600981954 -4.126167576656424 -5.340203110280704 -6.260906586964207 -6.798183160646551 -7.143895942041039 -7.326480181565401 -7.4554864229342535 -7.537499671507491
-0.5696660454622158 0.5318257601929502 0.7359609263496959 1.1804487881426096 2.3043894757065084 2.724333226612541 2.297505151921164 1.9362278124032875 1.902105511902013 1.792554968187396 1.9185680253017505 1.871874350931586 1.8356568214521634 1.6668412294984911 1.474379481934287 1.2534824839523542 1.084666891998682 1.0436602677120628 1.1424353481104883 1.5132908772427576 1.8473302400447045 2.232253735173113 2.5486333108735235 1.9197652990035499 1.1451292139395362 1.1744624196336138 1.5348418038751412 1.6970723904689184 1.0035515987017933 0.13852134915194803 -0.7043593369146139 -1.4924647511238673 -2.2266928487521613 -3.0031248443688736 -3.8226586932503532 -4.748450583166503 -5.6281474355633865 -6.256117492157011 -6.671272148255847 -6.660496684939655 -6.846972063994864 -7.174127103011466 -7.258235580562853
-0.5373396555136403 0.37767677108631703 0.250765758695613 0.7194984129499583 1.6815078323455301 2.1023495385279114 2.035900848078062 1.6803105586437312 1.711738993315957 1.6677391847748404 1.807221571034435 1.7644190361951173 1.7311946909701925 1.605181633855838 1.4139171599934328 1.3190332191258545 1.1930201620115 1.2681490867993932 1.4243933048841746 1.823085447583273 2.17059413953046 2.519300105179446 2.530973523771987 1.902105511902013 1.3687200777505169 1.4178082995242796 1.4615087896399466 1.0388711729048663 0.16097023106068098 -0.667243852158842 -1.514015677756251 -2.30780814204905 -3.0423355581027938 -3.682876988565309 -4.484751050345253 -5.115414972767924 -5.762840727015784 -6.246239984117168 -6.379137365016868 -6.340225969708397 -6.529694533018104 -6.855652298332907 -6.976876260640066
-0.7435700506485342 -0.015926958380135026 -0.30506855736461613 -0.34996632118208215 0.6219206062533321 1.4498353710474055 1.508501782435561 1.4459442315165583 1.4615087896399466 1.5201752010281022 1.5620797805910707 1.5465152224676824 1.4869508558031774 1.3756044015358615 1.286706829177279 1.2115779043893857 1.2409111100834638 1.3914682780846999 1.6237393762337238 1.9440100914649814 2.2517094328273486 2.3561715633093194 2.369940210880009 2.1433561628145306 1.7985413366963914 1.2840129633482311 0.793729382461502 -0.0353826560343703 -0.7971480488040437 -1.5197027278397965 -2.259917193977086 -3.0647844400115267 -3.7131081495357363 -4.3341938823440165 -4.8801506903644025 -5.397672247967061 -5.916391079271518 -6.273777279258548 -6.2630018159423555 -6.149560132696892 -6.336334830177551 -6.507245651109371 -6.591952765511657
-0.513992818328558 0.17952797343856697 -0.2257491746204262 -0.7315973136305433 -0.24251100644561352 0.6539476777764578 1.0729934734061408 1.1618910457647234 1.21936018345108 1.343577330012736 1.3082577558096626 1.314244124318658 1.243006339061612 1.1247755610089514 1.0562316415809532 1.0601227811118004 1.1277687452634493 1.2849109186245804 1.5231683852826001 1.743766064839083 1.902105511902013 1.9832208051989015 1.8533166085537003 1.593508215263297 1.1502176271721822 0.5524787315489846 -0.19641596892634838 -1.0207389126150244 -1.7522731444142705 -2.454474170519439 -3.078253769156767 -3.6254078508789527 -4.225840612331198 -4.8029265365983616 -5.341999020833403 -5.7640380007175835 -6.143873082613346 -6.27078409500405 -6.16542400924573 -6.111546692664771 -6.197451080768856 -6.32256618260686 -6.4231371735579845
-0.4113265983992857 -0.2455041907001112 -0.19372210309730042 -0.22964031415127328 -0.017722868932833702 0.3992276977187007 0.7614029925129265 0.9266267633612014 0.9754156667095145 1.0260004806105263 1.0972382658675723 1.0505445914974079 0.9538647400771308 0.8443141963625137 0.7174031839718099 0.6737026938561429 0.8101918958612396 1.0086400119344394 1.141238074408689 1.2995775214716194 1.388475093830202 1.3483664248199325 1.1550067219793787 0.7859471033998079 0.27111941162619757 -0.3547554159892785 -1.0940719268502188 -1.9124085020298995 -2.6810582185849174 -3.289273259098857 -3.783447979516433 -4.2659492813414674 -4.7589267280572445 -5.274652375107204 -5.7493713978705445 -6.0968800898177316 -6.307899579759822 -6.3312464169449045 -6.342919835537446 -6.2872466084037875 -6.248335213095317 -6.255219536880662 -6.333341645923053
-0.7238150345688492 -0.8157057911819297 -0.6585636178207985 -0.1350556917091449 0.29865670676757683 0.6072540034062933 0.7272806920116525 0.635389935398572 0.7350629710733464 0.8024096167995455 0.8571848886568539 0.8697562625257446 0.7781648243381137 0.6862740677250333 0.5602610106106788 0.43724113775082196 0.42347249018013244 0.6012676348972977 0.7174031839718099 0.7194984129499583 0.7018386258484216 0.5213496153022082 0.2789016906878917 -0.05992676692125176 -0.5343464712591426 -1.1527383382383745 -1.8899596201211666 -2.6253849914512597 -3.371286507672095 -4.004045659072916 -4.507199932253985 -4.942708241283405 -5.338107881302556 -5.7493713978705445 -6.069642113101803 -6.196553125492506 -6.237559749779125 -6.168117875074778 -6.148662177420542 -6.044200046938571 -5.9690711221506785 -5.974758172234224 -6.05886664978561
-0.9222631506420489 -0.9369297534890878 -0.8528212759377015 -0.4562243622167517 0.21754141347068823 0.6746006491324922 0.7898382429306551 0.6775938333869899 0.6832808834705356 0.7967225667159997 0.700042715295723 0.6832808834705356 0.6138390087661881 0.4782477620374409 0.34355447058504274 0.2390923401030719 0.2193373240233868 0.3181124044218121 0.40102360827139927 0.28009896438969084 0.057406055855059424 -0.16917799221041907 -0.44455094362421055 -0.7660189325572673 -1.161418572576418 -1.7130624306803504 -2.367372508713555 -3.071668763796872 -3.7726725162002412 -4.44853352086583 -4.972041446977483 -5.371332226527481 -5.698487265544083 -5.879275594515747 -6.047193231193069 -6.027737533538834 -6.039410952131375 -5.953506564027291 -5.910404710762522 -5.842160109759974 -5.820609183127591 -5.806840535556901 -5.770922324502928
-0.9719500092667113 -0.9659636407577159 -0.9572834064196725 -0.9387256640417865 -0.5541014873388277 -0.05693358266675397 0.32499672820715697 0.797620521992349 0.8610760281877011 0.9451845057390874 0.9038785630270186 0.6716074648779945 0.4177854400965867 0.31122808063646723 0.1920993473074576 0.06818151917125126 0.019392615822938275 0.03974626875352283 -0.06950495653564448 -0.25418442503815464 -0.5373396555136403 -0.9183720111112019 -1.1829694992088016 -1.3772271573257044 -1.7169535702111973 -2.0626663516056856 -2.6047320200952253 -3.2356952609433476 -3.9289167342850226 -4.585322041296376 -5.098054504091838 -5.471903217478605 -5.647603133217622 -5.789480066880814 -5.799956211771557 -5.796065072240709 -5.770922324502928 -5.700582494522232 -5.630242664541535 -5.537453952652105 -5.540447136906603 -5.563793974091685 -5.523685305081416
