static/data/seaWind_vo/2023/7/26/12.asc
ncols 137
nrows 93
xllcorner 108.0
yllcorner 17.0
cellsize 0.25
NODATA_value -32767
[rows 19 to 37 of 93, columns 86 to 128 of 137]
1.1870620965270031 1.4005823579375234 1.1479167152684078 0.7217658602032444 0.35433307702597405 -0.013099706151296076 -0.45437491306637146 -0.6296394609741736 -0.838711383605308 -0.998851579663198 -1.336035659140645 -1.272869248473366 -0.9516991886017085 -0.5931630829832097 -0.5104239816866332 -0.6127357736125072 -0.5629143792833862 -0.5326656755835621 -0.8057936766378528 -0.7586412855763629 -0.8636220807698689 -0.9748305502545147 -1.0451143029688108 -1.0735836711568805 -0.7719863019145206 -0.48373394901031785 -0.4864029522779494 -0.8502770644317112 -0.4890719555455809 0.02960434613080798 0.4717692208017603 0.13102647030080483 -0.18213657976795794 -0.4606025873575117 -0.5246586657806676 -0.42946421590181094 -0.052245087409891866 0.296504672893958 0.4005958003315868 2.0829575266953113 3.501977597319394 3.889872738881839 2.6496758871890673
0.36234008682886865 0.09366042455396384 -0.33604910153470824 -0.7470756047499596 -1.146536427138808 -1.553114591574674 -1.9952794662456266 -2.0851359095892206 -2.0895842483686056 -1.8902986710521206 -1.4774928323251144 -1.0095275927337242 -1.0860390197391605 -1.1652194500122288 -0.7737656374262749 -0.7977866668349582 -0.6678951744768917 -0.514872320466019 -0.5139826527101419 -0.569142053574526 -0.7621999565998716 -1.0495626417481967 -1.4828308388603775 -1.3333666558730135 -1.098494368321441 -0.9543681918693396 -1.0655766613539859 -0.9579268628928483 -0.10295614949489007 0.8694507076788542 1.499335478839889 0.7279935344943846 -0.046907080874628804 -0.6198531156595246 -0.6243014544389105 0.20219989077097855 0.5509496510748282 0.630130081347896 0.5998813776480725 2.1523516116537302 3.072268071230722 3.073157738986599 2.0055564319339974
-0.8324837093141677 -1.2559655611116995 -1.812897576290807 -2.1589783333270254 -2.5335284585513125 -2.9045199127520918 -3.314656748211466 -2.926761606649021 -2.1136052777772893 -1.4419061220900278 -0.5575763727481231 -0.27466202637918347 -0.5824870699126836 -1.098494368321441 -0.9828375600574093 -0.6839091940826809 -0.04245874209524292 0.4299548362755332 0.9121547599609583 0.884575059528766 1.085639972357006 1.361436976678928 1.005569874328061 0.4415205171019365 -0.20526794142076454 -0.42946421590181094 -0.26754468433216605 0.3650090900965002 1.2591251847530538 2.274236094208902 2.987749634422391 1.9824250702811912 1.2893738884528774 0.8534366880730653 0.6505924397330709 0.6835101467005262 0.7529042316589452 0.5233699506426359 0.4121614811579899 1.4948871400605033 2.060715832798382 2.1149855659068892 2.050039819727856
-1.8742846514463314 -2.4329960021371924 -3.0121697112132293 -3.3538021294700617 -3.823546704573206 -4.2532562306618775 -4.032618627204341 -2.2443864378912335 -1.2604138998910854 -0.14032219524173106 0.41038214564623554 0.48066589836053186 0.3836921129699207 0.08120507597168336 -0.28355870393795524 0.05540471105124567 0.6327990846155276 1.0607292751924453 1.32940893746735 1.2066347871563008 2.3809962249141625 3.0598127226484415 3.5598060014514097 1.3472022925848934 0.8347536651996448 0.6381370911507906 0.5402736380043021 0.5803086870187746 1.1879517642828803 2.1728139700389053 3.301802352247031 2.9806322923753736 2.245766726020833 1.6363443132449729 1.1950691063298977 0.8463193460260479 0.44774819139307676 0.20486889403860964 0.24579361080895978 0.8961407403551693 1.4210447163226982 1.6034266062775178 1.6345649777332185
-2.6776546350034143 -3.2621663506147134 -3.7932980008733828 -4.0682053374394265 -4.28439460211758 -3.974790223072325 -3.0424184149130524 -1.0700250001333718 -0.04868641638638316 0.4566448689518483 0.7609112414618397 0.8703403754347314 0.9753211706282372 0.5998813776480725 0.3374293896643079 0.49934892123395236 0.8409813394907848 1.2306558165649844 1.1808344222358629 1.075853627042357 2.034025800122067 4.404990369534719 4.685235712636027 2.50110137195758 1.2591251847530538 0.6879584854799119 0.4415205171019365 0.9219411052756072 1.6141026193480437 2.526901736878018 3.3507340788202753 3.1158617912687028 2.627434193292138 2.124771911221538 1.6247786324185696 1.0972056531834091 0.8436503427584163 0.6123367262303527 0.6310197491037732 1.0046802065721838 1.1212266825920927 1.1879517642828803 1.2368834908561246
-3.2167932950649774 -3.8279950433525918 -4.323539983376174 -3.85379540827303 -3.394726846240411 -2.6883306480739404 -1.2719795807174887 0.4824452338722862 0.5135836053279872 1.6310063067097098 1.8560922489466334 2.0598261650425047 1.7457734472178645 0.984217848187009 0.8890233983081519 0.915713430984467 0.8552160235848196 1.1301233601508645 0.9815488449193774 0.9833281804311318 2.155910282677239 4.249298512256215 4.48950880634305 2.2760154297206565 0.8338639974437676 0.26447663368238006 0.3027323471850982 1.584743583404097 2.571385124671876 3.071378403474845 3.40589347968466 3.0865027553247564 2.8000297379323085 2.3605338665289874 2.141675598583204 1.6950623851328661 1.4699764428959425 1.22264880676209 1.1843930932593716 1.0020112033045523 0.9468518024401678 0.9521898089754308 1.0144665518868325
-3.5219493353308464 -4.134040751374338 -3.9427621838607467 -3.140281868059541 -2.2132480664355323 -0.8565047387228515 0.5642946674129856 0.8267466553967502 0.4949005824545665 2.3445198469231987 3.9823981854930643 4.186132101588936 2.0420328099249616 1.0491635943660422 0.9966731967692892 1.0669569494835855 0.9726521673606057 0.76713891575298 0.5020179245015839 0.5037972600133382 1.4272723906138385 3.2955746779558908 3.529557297751586 1.9326036759520697 0.48511423713991775 0.4379618460784278 0.804504961499821 2.3071538011763573 2.977073621351865 3.4797359034224646 3.2190632509504544 2.89700352332292 2.6994972815181884 2.5767231312071393 2.3614235342848646 2.019791116028032 1.7342077663914615 1.47709378494296 1.1594823960948109 0.9308377828343788 0.8365330007113991 1.026921900469113 1.090088311136392
-3.3431261163995356 -3.5014869769456713 -3.2319176469148894 -2.2079100599002692 -1.1554331046975799 0.1968618842357155 0.3863611162375522 0.169282183803523 0.5651843351688628 3.6434347705038634 5.204801682068293 4.62117963421287 1.8196158709556696 0.9806591771635003 0.8365330007113991 0.905927085669818 0.8925820693316606 0.42194782647263884 0.04917703676010543 0.24223493978545108 1.212862461447441 2.2804637685000424 2.4272589482197753 1.1532547218036708 0.6025503809157038 0.5945433711128094 1.4210447163226982 2.3596441987731103 2.854299471040816 2.9094588719052004 2.6398895418744184 2.5366880821926667 2.50110137195758 2.377437553890654 2.122992575709784 1.790256835011723 1.4699764428959425 1.1568133928271795 0.8374226684672761 0.8614436978759596 1.0037905388163066 1.3365262795143673 1.631895974465587
-2.5682255010305224 -2.715020680750255 -2.1358469716742188 -0.9677132082074973 -0.1171908335889249 0.04383903022484237 0.09366042455396384 0.13458514132431354 0.9352861216137647 3.546460985113252 5.033985472939877 4.585592923977784 2.1532412794096074 1.0411565845631476 0.9237204407873614 0.9593071510224482 0.8605540301200825 0.7964979516969264 0.11946078947440153 0.3027323471850982 0.7911599451616635 1.5206875049809412 1.7377664374149702 1.3747819930170855 0.8747887142141173 0.677282472409386 1.3205122599085783 1.832960887293827 1.8827822816229485 1.9254863339050525 1.9788663992576825 2.018901448272155 2.0126737739810148 1.8347402228055814 1.5589432184836594 1.203076116132792 0.9228307730314842 0.6603787850477199 0.7173175214238585 0.8738990464582401 1.3899063448669975 1.8391885615849672 2.0963025430334685
-2.7194690195296407 -1.982824117663346 -0.9926239053720582 -0.03356206453647115 0.184406535653435 -0.16523289240629202 -0.23373730960883377 0.12479879600966459 1.1310130279067416 2.255553071335482 4.007308882657625 4.89163863199953 3.534895304286849 1.6505789973390077 1.1078816662539352 1.2155314647150726 1.4868801302576087 1.3338572762467358 0.6434750976860537 0.5553979898542141 0.8240776521291187 1.2101934581798095 1.6541376683625164 1.5874125866717286 1.4192653808109439 1.2671321945559482 1.2947118949881404 1.2617941880206853 1.2706908655794569 1.2742495366029656 1.344533289317262 1.4851007947458545 1.3996926901816462 1.18172408999174 0.8747887142141173 0.5811983547746518 0.274262978997029 0.14615082215071684 0.36945742887588584 1.000231867792798 1.7030693949357605 2.042922477680839 2.114095898151012
-2.4650240413487707 -1.4730444935457285 -0.4036638509813728 0.17639952585054042 -0.224840632050062 -0.7470756047499596 -0.34316644358172566 0.915713430984467 1.3961340191581377 2.1914969929123256 3.5642543402307956 4.451253092840332 3.8836450645906986 2.382775560425917 1.7866981639882142 1.6452409908037446 1.6834967043064628 1.769794476626548 1.6701516879683052 1.6221096291509383 1.6336753099773413 1.6665930169447967 1.8009328480822488 1.7724634798941796 1.7457734472178645 1.710186736982778 1.5651708927747996 1.3560989701436652 1.1852827610152488 1.0553912686571822 1.0126872163750782 1.0198045584220956 0.7840426031146461 0.4860039048957949 0.16305450951238276 -0.13498418870646844 -0.4383608934605827 -0.3627391342110231 0.169282183803523 1.0500532621219194 1.620330293639184 1.7110764047386549 1.7110764047386549
-0.3138074076377788 0.04294936246896519 0.19330321321220678 0.4557552011959711 0.19063420994457525 0.6141160617421071 0.97443150287236 0.9628658220459569 1.191510435306389 2.1914969929123256 3.286678000397119 3.9557081528167495 3.66033845786553 3.274222651814839 2.637220538606787 2.336512837120304 2.2804637685000424 2.480639013572405 2.570495456915999 2.558929776089596 2.467293997234248 2.3374025048761813 2.0313567968544355 1.8320712195379498 1.768904808870671 1.7075177337151464 1.5509362086807648 1.3534299668760337 1.1203370148362155 0.9513001412195536 0.8053946292556982 0.5420529735160564 0.2751526467529062 -0.008651367371910634 -0.307579733346639 -0.6803505230591722 -1.008637924977847 -0.8200283607318877 -0.10829415603015313 0.8320846619320132 1.2244281422738441 1.2528975104619136 1.314284585617438
1.6932830496211118 1.5402601956102386 1.6052059417892721 1.2671321945559482 1.1416890409772675 1.0473842588542879 0.841871007246662 0.9459621346842906 0.9130444277168355 2.3898929024729343 3.3792034470083445 3.8142509796322797 3.676352477471319 3.556247330427901 3.406783147440537 3.162124514574316 3.0695990679630905 3.046467706310284 3.037571028751512 2.971735614816602 2.8640858163554643 2.6140891769539802 2.225304367635658 1.9664110506754022 1.7235317533209353 1.5909712576952373 1.3801199995523485 1.18172408999174 0.9664244930694654 0.8018359582321894 0.6568201140242111 0.3294223798614133 0.03227334939843951 -0.25775833901751755 -0.5451210241658426 -0.8573944064787287 -1.215930512097227 -1.0006309151749524 -0.29067604598497265 0.5473909800513195 0.7271038667385075 0.6790618079211403 0.7795942643352602
2.934369569069761 2.766222363208976 2.303595130152849 1.6603653426536564 1.1034333274745494 0.5269286216661446 0.3240843733261505 0.5900950323334235 1.2137521292033182 2.4699630005018793 3.268884645279576 3.6923664970771077 3.846279018843858 3.8275959959704373 3.736849884870966 3.687028490541845 3.5927237084188652 3.416569492755186 3.3356097269703637 3.231518599532735 2.9761839535959878 2.7066146235652058 2.4094655931022317 2.145234269606713 1.8925686269375972 1.5678398960424311 1.2778082076264743 1.0660672817277084 0.9272791118108701 0.7715872545323659 0.5803086870187746 0.26803530470588877 -0.012210038395418898 -0.28266903618207806 -0.5682523858186488 -0.8502770644317112 -1.2595242321352083 -1.0379969609217938 -0.3867601636197069 0.41305114891386707 0.3792437741905348 0.12746779927729612 0.23244859447080213
3.8614033706937696 3.4548252062579037 2.966397608281339 1.7608977990677763 0.8178499778379784 0.26536630143825723 0.1514888286859799 0.4246168297402704 1.5909712576952373 2.655903561480207 3.4477078642108867 3.6745731419595646 3.8098026408528938 3.8800863935671903 3.948590810769732 3.8996590841964878 3.890762406637716 3.766208920814913 3.6425451027479863 3.3747551082289586 3.1194204622922115 2.824050767340992 2.565157450380736 2.3053744656646034 2.0358051356338214 1.7146350757621636 1.397023686914015 1.1977381095975292 1.0527222653895507 0.8623333656318368 0.6568201140242111 0.3792437741905348 0.11145377967150738 -0.15989488587102896 -0.4401402289723366 -0.7506342757734683 -1.1171773911948617 -0.8093523476613615 -0.15633621484752025 0.34721573497895664 0.1924135454563296 -0.10829415603015313 -0.11630116583304773
4.2128221342652505 3.8044646343176307 2.9459352498961637 1.6879450430858487 0.82051898110561 0.460203539975357 0.3454363994672023 0.953079476731308 2.151461943897853 3.094509765127651 3.3516237465761525 3.5793786920807076 3.646993441527372 3.801795631049999 3.880976061323067 4.001081208366485 4.003750211634117 4.030440244310432 3.8889830711259616 3.61941374109518 3.3204853751204517 3.00999132831932 2.7306356529738895 2.474411339281265 2.2048420092504832 1.9450590245343502 1.6665930169447967 1.4851007947458545 1.286704885185246 1.096315985427532 0.8436503427584163 0.5936537033569322 0.3267533765937818 0.1203504572302787 -0.16078455362690613 -0.4730579359397922 -0.7052612202237327 -0.39209817015496995 -0.14477053402111695 0.3080703537203613 0.07675673719229748 -0.19992993488550148 -0.20793694468839607
3.8026852988058764 3.6496624447950037 2.750208343603187 1.8649889265054052 1.3160639211291925 0.9655348253135885 0.8952510725992922 1.6594756748977793 2.5989648251040687 2.9503835886755496 3.185255876227122 3.396996802125888 3.4743978968872016 3.6051790570011453 3.7243945362886857 3.8444996833321037 3.9325767911639433 4.012646889192888 3.915673103802277 3.82670632821456 3.5322263010192176 3.2244012574857175 2.9334799013138837 2.6790349231330137 2.3943412412523197 2.135447924292064 1.9192586596139123 1.716414411273918 1.5055631531310292 1.2680218623118253 0.995783529013412 0.7769252610676287 0.5927640356010551 0.38725078399342916 0.2262209201796619 -0.043348409851120095 -0.2106059479560276 -0.2150542867354135 0.03316301715431624 0.07764640494817465 -0.1251978433918195 -0.32359375295242776 -0.2435236549234827
3.6594487901096526 3.6487727770391265 3.4254661703139577 2.7671120309648534 2.321388485270392 1.9299346726844382 1.7938155060352317 1.8738856040641767 2.3925619057405654 2.6194271834892433 2.8898861812759025 3.1407724884332637 3.3445064045291355 3.4147901572434316 3.5500196561367607 3.576709688813076 3.6434347705038634 3.688807826053599 3.7199461975093 3.675462809715442 3.590944372907111 3.3507340788202753 3.083833752057125 2.8213817640733607 2.5349087466809124 2.2849121072794283 2.071391845868908 1.807160522373389 1.525135843760327 1.2902635562087545 1.0776329625541115 0.8872440627963976 0.7440075541001736 0.6105573907185984 0.45931387221947984 0.31340836025562435 0.16394417726825994 0.015369662036773146 -0.17235023445330944 -0.2817793684262009 -0.36807714074628617 -0.3520631211404974 -0.32003508192891905
3.7137185232181595 3.930797455652189 3.841830680064472 3.3738654404730815 2.9361489045815152 2.590068147545297 2.369430544087759 2.2938087848382 2.4121345963698633 2.6194271834892433 2.921024552731603 3.216394247682823 3.4325835123609747 3.4468181964550095 3.341837401261504 3.286678000397119 3.2573189644531726 3.3000230167352766 3.291126339176505 3.254649961185541 3.2172839154387 3.1816972052036134 3.056254051624933 2.8658651518672187 2.664800239038979 2.421920941684512 2.1674759635036422 1.8240642097350555 1.4904388012811174 1.2199798034944584 1.0456049233425335 0.9326171183461331 0.8409813394907848 0.7190968569356129 0.56607400292474 0.4005958003315868 0.24223493978545108 0.053625375539491316 -0.18836425405909818 -0.44369889999584533 -0.5442313564099654 -0.5282173368041763 -0.6056184315654902
