static/data/seaWind_vo/2023/7/26/18.asc
ncols 137
nrows 93
xllcorner 108.0
yllcorner 17.0
cellsize 0.25
NODATA_value -32767
[rows 38 to 56 of 93, columns 86 to 128 of 137]
1.981535402525314 2.0064460996898745 1.897016965716983 1.6950623851328661 1.3747819930170855 1.0313702392484987 0.7288832022502618 0.5002385889898295 0.385471448481675 0.2671456369500116 0.17106151931527735 0.06252205309826309 -0.05491409067752295 -0.17946757650032685 -0.30224172681137595 -0.42501587712242506 -0.5380036821188252 -0.6403154740446997 -0.7159372332942588 -0.7230545753412763 -0.696364542664961 -0.6670055067210146 -0.6572191614063656 -0.6661158389651374 -0.7052612202237327 -0.7604206210881173 -0.8155800219525018 -0.8173593574642561 -0.859173741990483 -0.8849741069109207 -0.8698497550610087 -0.859173741990483 -0.8102420154172387 -0.8022350056143441 -0.8449390578964482 -0.9170021461224986 -1.1118393846595986 -1.2702002452057344 -1.4098780828784498 -1.5121898748043239 -1.5406592429923935 -1.542438578504148 -1.5290935621659902
2.463735326210739 2.44772130660495 2.35341652448197 2.260891077870745 1.8854512848905798 1.4415070747078733 1.0820813013334973 1.0954263176716548 1.0278115682249902 0.8836853917728889 0.7271038667385075 0.5767500159952661 0.3783541064346576 0.15237849644185708 -0.040679406583488564 -0.19637126386199277 -0.32092474968479623 -0.46238192286926605 -0.5388933498747024 -0.6073977670772446 -0.626970457706542 -0.6198531156595246 -0.5967217540067185 -0.5869354086920695 -0.5549073694804916 -0.5655833825510177 -0.5922734152273326 -0.5815974021568064 -0.6127357736125072 -0.6278601254624192 -0.65899849691812 -0.7105992267589958 -0.7346202561676796 -0.8093523476613615 -0.9170021461224986 -1.0442246352129336 -1.1892404794209122 -1.3031179521731895 -1.3920847277609063 -1.4685961547663426 -1.517527881339587 -1.5611216013775682 -1.6305156863359875
3.2030492313446652 2.9112382074169543 2.586509476521788 2.414803599637495 2.145234269606713 1.752890789264882 1.5598328862395365 1.5616122217512909 1.499335478839889 1.3890166771111203 1.2351041553443702 1.0820813013334973 0.8747887142141173 0.6577097817800883 0.43707217832255063 0.2520212851000996 0.018038665304404677 -0.18569525079146665 -0.31291773988190164 -0.45526458082224863 -0.5157619882218962 -0.5629143792833862 -0.5549073694804916 -0.5575763727481231 -0.5006376363719842 -0.4712786004280378 -0.4187882028312848 -0.3947671734226015 -0.43925056121645945 -0.49618929759259833 -0.546900359677597 -0.6323084642418051 -0.701702549200224 -0.8351527125817992 -0.9961825763955665 -1.141198420603545 -1.2746485839851203 -1.3493806754788022 -1.385857053469766 -1.41610575716959 -1.4712651580339742 -1.5629009368893225 -1.6696610675945829
3.727063539556317 3.452156202990272 3.024226012413355 2.6443378806538043 2.373878882867145 2.1897176574005712 2.049150151971979 1.997549422131103 1.9139206530786492 1.8044915191057576 1.6808277010388313 1.5295841825397127 1.3151742533733153 1.1194473470803383 0.8952510725992922 0.667496127094737 0.4344031750549191 0.21198623608562706 -0.043348409851120095 -0.19992993488550148 -0.3698564762580405 -0.4454782355075997 -0.5077549784190016 -0.48106494574268677 -0.42590554487830223 -0.35651145991988287 -0.30313139456725313 -0.30669006559076184 -0.3485044501169887 -0.4081121897607587 -0.49885830086022986 -0.5931630829832097 -0.7399582627029422 -0.9516991886017085 -1.1296327397771417 -1.3280286493377504 -1.4685961547663426 -1.5015138617337982 -1.4943965196867808 -1.5095208715366928 -1.537990239724762 -1.6260673475566016 -1.8146769118025614
4.133641703992183 3.869410380496664 3.421017831534572 2.9984256474929167 2.6736969165977507 2.4886460233752996 2.3498578534584613 2.2671187521618847 2.209290348029869 2.113206230395135 1.9886527445723314 1.8196158709556696 1.6247786324185696 1.461969433093048 1.3018292370351578 1.0722949560188486 0.8543263558289425 0.6434750976860537 0.36856776112000866 0.11412278293913891 -0.05669342618927731 -0.22928897082944788 -0.31558674314953317 -0.31558674314953317 -0.33249043051119953 -0.26487568106453496 -0.27466202637918347 -0.3111384043701473 -0.3707461440139177 -0.4677199294045291 -0.5593557082598775 -0.716826901050136 -0.891201781202061 -1.1145083879272302 -1.330697652605382 -1.5308728976777446 -1.698130435782652 -1.7488414978676503 -1.737275817041248 -1.707916781097301 -1.7363861492853707 -1.892967674319752 -2.116274281044921
4.569578904371996 4.304457913120599 3.8818657290789442 3.4877429132253592 3.15767617579493 2.754656682382573 2.6051924993952085 2.4708526682577565 2.4121345963698633 2.316940146491006 2.1683656312595194 1.9948804188634717 1.8471955713878616 1.7066280659592692 1.551825876436642 1.3907960126228747 1.1746067479447229 0.9931145257457805 0.7778149288235059 0.5171422763514957 0.30184267942922105 0.12390912825378742 -0.00687203186015628 -0.09672847520374983 -0.12430817563594232 -0.2186129577589222 -0.2364063128764653 -0.32715242397593647 -0.4356918901929512 -0.537114014362948 -0.7275029141206621 -0.8903121134461838 -1.109170381391967 -1.3351459913847679 -1.5504455883070425 -1.68300608393274 -1.8493739542817704 -1.9143197004608044 -1.9080920261696641 -1.87784332246984 -1.9810447821515917 -2.146522984744745 -2.410754308240264
4.953025707155055 4.783988833538393 4.416556050361122 4.08115130639543 3.76087091427965 3.3578514208672927 2.9708459470607247 2.792022728129414 2.66124156801547 2.4717423360136337 2.3231678207821465 2.1763726410624136 2.048260484216102 1.8943479624493516 1.748442450485496 1.5874125866717286 1.4068100322286636 1.2368834908561246 1.0625086107041997 0.8721197109464858 0.6568201140242111 0.4753278918252688 0.30984968923211564 0.1728408548270317 0.01981800081615903 -0.07537644906269803 -0.2364063128764653 -0.3493941178728659 -0.4864029522779494 -0.6723435132562776 -0.8627324130139917 -1.0584593193069685 -1.2951109423702953 -1.5184175490954641 -1.6714404031063372 -1.8048905664879125 -1.8707259804228227 -1.9116506971931728 -1.9178783714843122 -1.9988381372691353 -2.102039596950886 -2.3155598583614068 -2.5940258659509605
5.202132678800662 5.044661486010403 4.706587738777079 4.513529835751734 4.254636518791478 3.9743911756901698 3.5366746397986035 3.2502016224061556 2.9165762139522173 2.7146216333681004 2.4930943621546855 2.348968185702584 2.2342010451944296 2.1176545691745208 1.9664110506754022 1.8107191933968978 1.621219961395061 1.4601900975812936 1.2680218623118253 1.1043229952304265 0.9174927664962214 0.7537938994148223 0.5545083220983369 0.34721573497895664 0.1514888286859799 -0.07982478784208391 -0.27555169413506064 -0.4606025873575117 -0.6607778324298743 -0.8556150709669743 -0.9855065633250408 -1.1741161275710001 -1.3351459913847679 -1.5024035294896754 -1.644750370430022 -1.7782005338115972 -1.8342496024318584 -1.8849606645168575 -1.9650307625458026 -2.0949222549038686 -2.2728558060793023 -2.491714074025086 -2.7372623746471842
4.553564884766207 5.15853895876268 4.827582553576374 4.428121731187526 4.343603294379195 4.174566420762533 3.88631406785833 3.7190565297534226 3.392548463346502 3.0962891006394053 2.8089264154910802 2.54825376301907 2.3765478861347766 2.2333113774385525 2.1105372271275034 1.9788663992576825 1.8320712195379498 1.7244214210768125 1.5091218241545379 1.292932559476386 1.0714052882629714 0.8329743296878904 0.6434750976860537 0.4148304844256214 0.15237849644185708 -0.11096315929778466 -0.3698564762580405 -0.621632451171279 -0.8209180284877649 -0.9347955012400422 -1.0024102506867067 -1.040665964189425 -1.130522407533019 -1.3146836329995928 -1.4961758551985351 -1.665212728815197 -1.832470266920104 -1.9801551143957146 -2.1153846132890437 -2.291538828952723 -2.472141383395788 -2.650074934571222 -2.844912173108322
3.4699495581078157 4.5677995688602415 4.821354879285234 4.308906251899986 4.177235424030164 4.020653898995783 3.8222579894351743 3.947701143013855 3.793788621247105 3.492191252004745 3.138103485165632 2.807147079979326 2.5767231312071393 2.3507475212143385 2.2279733709032894 2.0971922107893457 1.9415003535108415 1.8391885615849672 1.657696339386025 1.435279400416733 1.1479167152684078 0.8196293133497328 0.5527289865865825 0.30540135045272976 0.06074271758650873 -0.20081960264137866 -0.48818228778970374 -0.791558992543818 -0.9881755665926724 -1.0993840360773182 -1.1198463944624932 -1.0780320099362664 -1.0620179903304772 -1.2025854957590698 -1.390305392249152 -1.594928976100901 -1.8120079085349299 -2.0548872058893966 -2.2888698256850915 -2.520183442213155 -2.720358687285518 -2.864484863737619 -2.926761606649021
4.12207602316578 4.790216507829533 4.769754149444358 4.490398474098928 4.306237248632353 4.146097052574463 4.016205560216397 4.1478763880862175 4.049123267183852 3.869410380496664 3.5793786920807076 3.1977112248094026 2.8267197706086233 2.4646249939666163 2.2439873905090786 2.028687793586804 1.8614302554818964 1.7991535125704945 1.656806671630148 1.4272723906138385 1.117668011568584 0.7795942643352602 0.5109146020603557 0.2413452720295739 -0.016658377174804784 -0.29779338803199007 -0.5958320862508413 -0.8894224456903066 -1.1420880883594222 -1.2986696133938036 -1.390305392249152 -1.4027607408314324 -1.4650374837428344 -1.5166382135837098 -1.6429710349182676 -1.7888765468821233 -1.9899414597103635 -2.2381587636000932 -2.491714074025086 -2.746159052205956 -2.921423600113758 -3.0041627014103347 -2.9143062580667407
4.943239361840406 5.178111649391978 5.114055570968822 4.917438996919968 4.775981823735498 4.469936115713752 4.272429873909021 4.173676753006656 4.0580199447426235 4.025102237775169 3.9503701462814864 3.6692351354243016 3.3471754077967666 2.972625282572479 2.5971854895923143 2.208400680273992 1.854312913434879 1.689724378597603 1.5491568731690104 1.366774983214191 1.1078816662539352 0.7778149288235059 0.49223157918693516 0.2502419495883452 -0.029113725757085263 -0.34494577909348 -0.6687848422327689 -0.9792788890339006 -1.2710899129616116 -1.5388799074806392 -1.71770312641195 -1.8600499673522966 -1.982824117663346 -2.067342554471677 -2.1749923529328137 -2.2550624509617596 -2.412533643752018 -2.631391911697801 -2.8742712090522677 -3.116260838650858 -3.219462298332609 -3.169640904003488 -3.1189298419184888
5.078468860733736 5.414763272455305 5.390742243046621 5.2279330437211 5.047330489278035 4.847155244205672 4.614951959921731 4.433459737722789 4.353389639693844 4.339154955599809 4.209263463241742 3.9565978205726267 3.697704503612371 3.492191252004745 3.089171758592388 2.6309928643156466 2.1372272598038182 1.7617874668236535 1.4450657457313818 1.2893738884528774 1.1381303699537588 0.8836853917728889 0.7021931695739467 0.46198287548711137 0.15682683522124297 -0.24085465165585118 -0.5922734152273326 -0.961485533916357 -1.2844349292997692 -1.6002669826361635 -1.9543547494752764 -2.1652060076181656 -2.435665005404824 -2.58157051736868 -2.7443797166942017 -2.8529191829112164 -2.9774726687340194 -3.115371170894981 -3.3368984421083954 -3.4525552503724275 -3.499707641433917 -3.4169685401373404 -3.4614519279311984
4.881852286684881 5.219036366162328 5.32846550013522 5.1763323138802235 5.043771818254526 5.1416352714010145 4.952136039399178 4.826692885820497 4.743064116768043 4.548226878230944 4.3871970144171755 4.130083032968674 3.920121442581663 3.7190565297534226 3.550909323892638 3.1336551463862463 2.6692485778183648 2.113206230395135 1.7297594276120756 1.2982705660116491 1.1381303699537588 1.0989849886951635 1.0020112033045523 0.7751459255558744 0.4717692208017603 0.07497740168054357 -0.35028378562874307 -0.7497446080175911 -1.210592505561964 -1.6367433606271278 -2.005955479316152 -2.3840642755639485 -2.6580819443741164 -2.926761606649021 -3.0975778157774374 -3.2381453212060296 -3.3867198364375164 -3.5219493353308464 -3.575329400683476 -3.6580685019800527 -3.588674417021634 -3.5237286708426008 -3.594902091312774
4.78487850129427 4.936122019793388 5.0464408215221574 5.044661486010403 4.99839876270479 5.198574007777153 5.19323600124189 5.06779284766321 4.853382918496812 4.63096597952752 4.542888871695681 4.2982302388294595 4.084709977418939 3.8711897160084185 3.703042510147634 3.4583838772814124 3.1025167749305456 2.5544814373102103 2.082067858939434 1.6505789973390077 1.344533289317262 1.3009395692792807 1.1550340573154252 0.9299481150785016 0.6381370911507906 0.3409880606878166 -0.08516279437734697 -0.5380036821188252 -1.0602386548187228 -1.542438578504148 -1.9890517919544863 -2.367160588202282 -2.691889319097448 -2.9739139977105107 -3.1740892427828737 -3.360029803761202 -3.5077146512368116 -3.5575360455659326 -3.610026443162686 -3.5619843843453185 -3.4623415956870756 -3.4267548854519894 -3.5575360455659326
4.703029067753571 4.84448624093804 4.9014249773141785 4.945908365108037 5.033985472939877 5.119393577504085 5.130069590574611 5.023309459869351 4.802671856411813 4.660325015471466 4.643421328109801 4.413887047093491 4.179014759541919 3.9548184850608723 3.711049519950528 3.47172889361957 3.2172839154387 2.801809073444063 2.3551958599937244 1.9646317151636479 1.658586007141902 1.3525402991201565 1.0705156205070943 0.8125119713027156 0.4904522436751808 0.19953088750334702 -0.12697717890357385 -0.5557970372363688 -0.9694925437192516 -1.3885260567373976 -1.846704951014139 -2.1545299945476395 -2.4783690576869284 -2.7497177232294647 -2.99615569160744 -3.210565620773837 -3.350243458446553 -3.394726846240411 -3.370705816831728 -3.2986427286056768 -3.270173360417608 -3.299532396361554 -3.424085882184358
4.871176273614355 4.862279596055584 4.880962618929004 5.001957433728299 5.148752613448032 5.0562271668368055 4.859610592787952 4.786657836806024 4.744843452279797 4.642531660353923 4.609613953386468 4.393424688708317 4.154993730133235 3.9192317748257857 3.671014470936056 3.390769127834748 3.1292068076068604 2.7964710669087998 2.3872238992053028 1.9886527445723314 1.5820745801364655 1.2119727936915639 0.8285259909085045 0.5091352665486013 0.1399231478595766 -0.1990402671296243 -0.5353346788511937 -0.8173593574642561 -1.0824803487156518 -1.343153001187662 -1.5611216013775682 -1.8529326253052791 -2.0842462418333434 -2.331573877967196 -2.636729918233064 -2.9392169552313017 -3.0966881480215602 -3.1847652558534 -3.1571855554212074 -3.1473992101065584 -3.205227614238574 -3.2719526959293623 -3.3075394061644485
5.099820886874787 5.1265109195511025 5.301775467458905 5.5508824391045115 5.449460314934514 4.926335674478739 4.676339035077255 4.646090331377431 4.65943534771559 4.614062292165854 4.563351230080855 4.347161965402703 4.066916622301395 3.8329340025057004 3.614075734559917 3.348954743308521 3.0446883707985295 2.6496758871890673 2.179041644330045 1.6915037141093574 1.2635735235324397 0.8979200758669237 0.534045963713162 0.236896933250188 -0.04156907433936574 -0.35740112767576004 -0.6678951744768917 -0.949030185334077 -1.1598814434769658 -1.300448948905558 -1.400981405319678 -1.5184175490954641 -1.697240768026775 -1.9507960784517677 -2.32089786489667 -2.7381520424030614 -3.025514727551387 -3.139392200303664 -3.1776479138063825 -3.215013959553223 -3.336008774352518 -3.3689264813199737 -3.364478142540588
5.621166191818808 5.57668280402495 5.641628550203983 5.682553266974333 5.401418256117147 4.948577368375669 4.7519607943268145 4.7466227877915514 4.808899530702954 4.828472221332252 4.723491426138745 4.469936115713752 4.203925456706479 3.9743911756901698 3.750194901209124 3.470839225863693 3.11052378473344 2.622096186756875 2.1016405495687316 1.5713985670659396 1.0998746564510407 0.7244348634708759 0.41394081666974425 0.17017185155940018 -0.04156907433936574 -0.29423471700848136 -0.5798180666450521 -0.8627324130139917 -1.1065013781243356 -1.300448948905558 -1.4169954249254673 -1.5121898748043239 -1.6491987092094078 -1.8751743192022086 -2.211468730923778 -2.5895775271715746 -2.8546985184229707 -2.9925970205839314 -3.105584825580332 -3.271063028173485 -3.4427689050577786 -3.47034860548997 -3.400064852775674
