static/data/seaWind_vo/2023/7/26/6.asc
ncols 137
nrows 93
xllcorner 108.0
yllcorner 17.0
cellsize 0.25
NODATA_value -32767
[rows 19 to 37 of 93, columns 43 to 85 of 137]
2.0793988556718026 1.8907892914258428 1.3543196346319109 1.2573458492412994 1.5651708927747996 2.171034634527151 2.6212065190009977 2.9744046180842334 3.307140358782294 3.931687123408066 4.526874852089891 4.863169263811461 5.041102814986894 5.2163673628946965 5.041102814986894 4.940570358572774 4.890748964243652 4.856051921764443 4.871176273614355 4.8516035829850575 4.839148234402777 4.885410957708389 4.962812052469704 5.033095805184 5.124731584039348 5.234160718012239 5.302665135214782 5.13362826159812 4.823134214796989 4.5126401679958565 4.031329912066308 3.153227837015544 2.309822804443989 1.9850940735488227 1.748442450485496 1.499335478839889 1.408589367740418 1.562501889507168 1.573177902577694 1.4646384363606795 1.403251361205155 1.531363518051467 2.103419885080486
1.4593004298254164 0.6016607131598266 0.2787113177764149 0.4539758656842168 0.9210514375197301 1.3863476738434888 1.9326036759520697 2.6834832619123996 3.492191252004745 4.372962330323141 4.89163863199953 5.154090619983295 5.263519753956186 5.355155532811534 5.202132678800662 5.079358528489612 4.977936404319616 4.864058931567338 4.898755974046548 4.871176273614355 4.836479231135145 4.85071391522918 4.829361889088128 4.911211322628828 4.9912814206577725 4.942349694084529 4.834699895623391 4.638972989330414 4.321361600482265 3.8827553968348214 3.3142577008293115 2.5607091116013505 1.8943479624493516 1.6345649777332185 1.445955413487259 1.4210447163226982 1.5091218241545379 1.5954195964746232 1.5767365736012027 1.52424617600445 1.3952443514022606 1.080301965821743 1.1167783438127068
0.057184046563000024 -0.255089335749886 0.12924713478905048 0.6719444658741229 1.1532547218036708 1.5020044821075205 2.3747685506230223 3.2662156420119444 4.1932494436359535 4.8969766385347935 5.183449655927241 5.292878789900133 5.3658315458820605 5.420101278990568 5.243057395571011 5.123841916283471 5.033985472939877 4.945908365108037 5.0215301243575965 5.01085411128707 4.965481055737335 4.898755974046548 4.813347869482339 4.829361889088128 4.734167439209271 4.481501796540156 4.221718811824022 4.000191540610608 3.735070549359212 3.445038860943255 2.96283893725783 2.324947156293901 1.8658785942612823 1.7021797271798833 1.5171288339574325 1.615881954859798 1.7626771345795307 1.7653461378471622 1.4833214592341002 1.2511181749501592 0.8756783819699945 0.5251492861543903 0.5064662632809698
-0.2364063128764653 -0.21683362224716785 0.438851513834305 0.9050374179139409 1.2698011978235797 1.7297594276120756 2.7911330603735367 3.930797455652189 4.880962618929004 5.298216796435396 5.342700184229255 5.425439285525831 5.394300914070129 5.395190581826007 5.226153708209345 5.160318294274434 5.093593212583647 5.038433811719263 5.066903179907332 5.054447831325051 4.984164078610755 4.91032165487295 4.869396938102601 4.738615777988658 4.581144585198398 4.119407019898148 3.6238620798745655 3.349844411064398 3.0882820908365107 2.929921230290375 2.599854492859946 2.1594689537007477 1.7253110888326897 1.4023616934492777 0.9851075159428861 1.016245887398587 1.1772757512123544 1.4557417588019077 1.404141028961032 1.2991602337675263 0.9824385126752546 0.9673141608253426 0.35878141580535994
0.16127517400062885 0.23066925895904777 0.5758603482393889 0.7342212087855247 0.9290584473226244 1.504673485375152 2.6914902717152938 4.226167150603408 5.282202776829607 5.811555091576522 5.84981080507924 5.706574296383016 5.508178386822408 5.3560452005674115 5.211029356359433 5.143414606912769 5.1416352714010145 5.1016002223865415 5.091813877071893 5.102489890142419 5.014412782310579 4.929894345502248 4.882741954440759 4.808009862947076 4.499295151657699 3.9147834360464 3.3187060396086974 2.7715603697442392 2.4352659580226694 2.3605338665289874 2.1639172924801335 1.7973741770587401 1.4237137195903298 1.1052126629863037 0.8792370529935032 0.9566381477548167 1.408589367740418 2.08651619771882 2.274236094208902 1.9032446400081233 1.4566314265577849 1.0491635943660422 0.09366042455396384
0.3160773635232559 0.3596710835612371 0.37657477092290326 0.7529042316589452 1.0260322327132358 1.59008158993936 2.4824183490841594 4.08115130639543 5.6104901787482815 6.285748005459052 6.210126246209493 6.06333106648976 5.768851039294418 5.355155532811534 5.1914566657301355 5.091813877071893 5.0864758705366295 5.068682515419086 5.003736769240053 5.000178098216544 4.953915374910932 4.916549329164091 4.85071391522918 4.775981823735498 4.484170799807787 3.869410380496664 3.141662156189141 2.515336056051615 1.8774442750876854 1.403251361205155 1.2724702010912112 1.8302918840261955 1.8391885615849672 1.9664110506754022 2.1060888883481175 2.383665228181794 2.5615987793572277 3.05714371938081 3.005542989539934 2.188827989644694 1.551825876436642 0.4868935726516721 -0.6545501581387341
0.5776396837511433 0.36589875785237713 0.39525779379632375 0.772476922288243 1.510011491910415 1.9459486922902274 2.584730141010034 4.0731442965925355 5.606041839968896 6.509944279940099 6.375604448802646 6.2145745849888785 5.8106654238206445 5.393411246314253 5.13985593588926 4.9912814206577725 4.989502085146018 4.983274410854879 4.918328664675846 4.888969628731898 4.870286605858478 4.832920560111637 4.725270761650499 4.636303986062783 4.419225053628754 4.070475293324904 3.340947733505627 2.4557283164078445 1.5598328862395365 0.7920496129175407 0.26892497246176594 0.8276363231526274 2.414803599637495 3.4361421833844834 3.5589163336955325 3.2564292966972954 3.4201281637786947 3.3400580657497496 2.7297459852180124 1.8854512848905798 0.5749706804835117 -0.6056184315654902 -1.867167309399314
1.0785226303099886 0.667496127094737 0.8009462904763123 1.3374159472702445 2.1532412794096074 2.1007508818128544 2.3445198469231987 3.7920092857353507 5.272416431514958 6.32400371896177 6.455674546831592 6.12293880613353 5.723477983744682 5.348038190764518 5.064234176639701 4.928115009990494 4.889859296487776 4.883631622196635 4.843596573182163 4.83203089235576 4.771533484956112 4.639862657086292 4.526874852089891 4.414776714849368 4.272429873909021 4.016205560216397 3.770657259594299 2.8907758490317796 2.050039819727856 1.1319026956626188 0.5251492861543903 0.1737305225829089 2.0589364972866275 3.6550004513302667 3.8231476571910514 3.496639590784131 3.1016271071746684 2.845402793482044 2.1105372271275034 1.0936469821599006 -0.22306129653830808 -1.5104105392925695 -2.535307794063067
1.3338572762467358 1.5171288339574325 2.2199663611003952 2.6105305059304715 2.3765478861347766 2.109647559371626 2.231532041926798 2.599854492859946 3.9325767911639433 5.865824824685029 6.606028397574832 6.138952825739319 5.751057684176875 5.410314933675918 4.993060756169527 4.912100990384705 4.854272586252689 4.768864481688481 4.698580728974185 4.663883686494975 4.5419992039398025 4.404990369534719 4.234174160406303 4.102503332536482 3.9388044654550836 3.8436100155762265 3.7012631746358795 3.6060687247570224 3.3302717204351007 2.8489614645055528 2.3507475212143385 1.8240642097350555 1.7262007565885669 2.8418441224585353 3.184366208471245 3.152338169259667 2.7573256856502044 2.4619559906989847 1.6514686650948849 0.6061090519392125 -0.49885830086022986 -1.7159237909001956 -1.410767750634327
2.1060888883481175 3.085613087568879 3.6487727770391265 3.4539355385020265 2.7964710669087998 2.3009261268852175 2.0358051356338214 2.0740608491365395 3.066930064695459 5.134517929353997 6.3444660773469455 6.090021099166075 5.74927834866512 5.462805331272672 5.003736769240053 4.916549329164091 4.792885511097165 4.6870150481477815 4.555344220277961 4.389866017684808 4.291112896782442 4.133641703992183 3.9325767911639433 3.711049519950528 3.542012646333866 3.396107134370011 3.302692020002908 3.3151473685851887 3.439700854407992 3.740408555894475 3.472618561375447 2.940597243360901 2.3445198469231987 2.553591769554333 2.9005621943464286 3.015329334854583 3.0010946507605483 2.854299471040816 2.0731711813806624 1.1505857185360393 0.21198623608562706 -0.42501587712242506 0.3792437741905348
2.9850806311547595 3.576709688813076 3.7804436049089474 3.6336484251892145 3.2137252444151914 2.603413163883454 2.1060888883481175 2.0971922107893457 2.8489614645055528 4.3355962845763 5.6007038334336325 5.838245124252836 5.748388680909242 5.5063990513106535 5.112276235457068 4.905873316093565 4.628296976259888 4.437018408746297 4.314244258435248 4.049123267183852 3.9041074229758737 3.7493052334532466 3.5687026790101815 3.3569617531114155 3.1158617912687028 2.834726780411518 2.6834832619123996 2.6870419329359083 2.723518310926872 2.7564360178943272 2.5882888120335426 2.378327221646531 2.2697877554295163 2.5455847597514385 3.0357916932397577 3.4512665352343954 3.7697675918384217 3.935245794431575 3.3507340788202753 2.570495456915999 1.7938155060352317 1.2351041553443702 1.069625952751217
2.929031562534498 3.375644775984836 3.635427760700969 3.5535783271602694 3.2297392640209805 2.696828278250557 2.310712472199866 2.3970102445199513 3.0028739862723026 3.810692308608771 4.803561524167691 5.363162542614429 5.601593501189511 5.450349982690391 5.034875140695754 4.77242315271199 4.528654187601646 4.294671567805951 4.082040974151307 3.7911196179794735 3.541122978577989 3.3569617531114155 3.183476540715368 3.0135499993428287 2.783126050570642 2.515336056051615 2.320498817514515 2.263560081138376 2.5126670527839834 2.8987828588346742 3.0500263773337926 2.992197973201777 3.098958103907037 3.392548463346502 3.6968148358564936 3.864072373961401 4.026881573286923 4.071364961080781 3.905886758487628 3.455714874013781 3.1069651137099314 2.7048352880534514 2.055377826263119
2.516225723807492 2.8863275102523938 3.1914835505182624 3.1452208272126496 2.7902433926176595 2.194165996179957 2.549143430774947 2.74931867584731 3.332940723702732 4.066916622301395 4.531323190869277 4.854272586252689 5.219926033918205 5.481488354146093 5.113165903212945 4.645200663621555 4.3827486756377905 4.148766055842095 3.847168686599735 3.5749303533013217 3.25198095791791 2.943266246628532 2.7413116660444152 2.5829508054982795 2.4290382837315296 2.2430977227532014 2.1212132401980295 2.075840184648294 2.4459419710931956 3.0295640189486175 3.243084280359138 3.3400580657497496 3.396996802125888 3.5500196561367607 3.689697493809476 3.8667413772290327 4.055350941474992 4.174566420762533 4.160331736668498 4.085599645174816 3.789340282467719 3.421907499290449 2.7368633272650293
2.2697877554295163 2.4664043294783706 2.516225723807492 2.4770803425488968 2.3089331366881116 2.043812145436716 2.5936268185688056 3.325823381655715 3.930797455652189 4.270650538397267 4.544668207207435 4.816016872749971 5.079358528489612 5.2910994543883785 5.0517788280574205 4.538440532916294 4.255526186547355 4.0081985504135025 3.7235048685328085 3.4254661703139577 3.00999132831932 2.7039456202975742 2.4610663229431076 2.2715670909412706 2.087405865474697 1.9646317151636479 1.8614302554818964 2.1648069602360107 2.684372929668277 3.190593882762385 3.556247330427901 3.675462809715442 3.7226152007769313 3.7857816114442104 3.970832504666661 4.3329272813086686 4.5820342529542755 4.752850462082692 4.688794383659536 4.590930930513047 4.404990369534719 4.095385990489465 3.6923664970771077
2.1425652663390813 2.183489983109431 2.1870486541329397 2.2804637685000424 2.1683656312595194 2.6870419329359083 3.1728005276448417 3.8347133380174547 3.9654944981313984 4.259084857570864 4.574916910907259 4.915659661408213 5.179890984903732 5.151421616715663 4.856051921764443 4.438797744258052 4.083820309663062 3.835603005773332 3.5526886594043923 3.2671053097678215 2.8845481747406394 2.585619808765911 2.340071508143813 2.0642745038218906 1.897016965716983 1.7947051737911088 1.9459486922902274 2.263560081138376 2.8596374775760784 3.316037036341066 3.693256164832985 4.054461273719115 4.145207384818586 4.28844389351481 4.550895881498574 4.913880325896459 5.069572183174964 5.175442646124347 5.084696535024875 4.9663707234932115 4.780430162514884 4.793775178853041 4.651428337912694
1.93883135024321 1.944169356778473 1.9637420474077707 2.056267494018996 2.9388179078491468 3.890762406637716 4.250188180012092 3.890762406637716 4.02154356675166 4.179014759541919 4.540219868428048 4.913880325896459 5.151421616715663 5.122062580771717 4.611393288898222 4.280436883711916 3.9138937682905226 3.637207096212723 3.3516237465761525 3.098958103907037 2.8471821289937984 2.547364095263193 2.3196091497586377 2.0411431421690844 1.8694372652847908 1.821395206467424 1.9735283927224194 2.410355260858109 3.0073223250516885 3.456604541769658 3.727063539556317 4.089158316198325 4.309795919655862 4.608724285630591 4.863169263811461 4.96992939451672 5.112276235457068 5.148752613448032 5.13362826159812 5.019750788845842 5.084696535024875 5.1460836101803995 5.203022346556539
1.451293420022522 1.573177902577694 1.6674826847006738 2.2226353643680263 3.2003802280770337 4.365844988276123 4.800892520900058 4.256415854303232 4.106062003559991 4.239512166941566 4.520647177798751 4.716374084091727 4.958363713690318 4.945908365108037 4.372962330323141 4.00908821816938 3.6950355003447393 3.4192384960228175 3.2448636158708926 3.0215570091457233 2.8062574122234487 2.5366880821926667 2.3142711432233747 2.1425652663390813 1.93883135024321 1.8898996236699657 2.1069785561039946 2.5722747924277534 3.2404152770915067 3.662117793377284 3.8836450645906986 3.9023280874641193 4.12207602316578 4.42990106669928 4.5615718945691 4.663883686494975 4.808009862947076 4.880962618929004 4.929894345502248 4.915659661408213 4.984164078610755 5.122952248527594 5.254623076397415
0.8365330007113991 1.1897310997946347 1.6701516879683052 2.221745696612149 2.6265445255362607 3.2172839154387 3.8969900809288562 3.971722172422538 3.9334664589198205 4.214601469777005 4.429011398943403 4.486839803075419 4.526874852089891 4.509081496972348 4.154104062377358 3.7546432399885097 3.4583838772814124 3.3142577008293115 3.1968215570535254 3.0865027553247564 2.8889965135200253 2.590957815301174 2.3009261268852175 2.162137956968379 2.042922477680839 2.109647559371626 2.326726491805655 2.7012766170299427 3.4139004894875544 3.872969051520173 4.070475293324904 4.057130276986746 4.017095227972274 4.055350941474992 4.174566420762533 4.336485952332177 4.543778539451557 4.640752324842168 4.683456377124273 4.670111360786115 4.666552689762606 4.759967804129709 4.789326840073656
0.7822632676028918 1.3649956477024368 1.8694372652847908 2.124771911221538 2.3124918077116203 2.4610663229431076 2.8525201355290615 3.1603451790625616 3.4752875646430788 3.8231476571910514 4.245739841232706 4.46103943815498 4.374741665834895 4.1033930002923595 3.8756380547878044 3.575820021057199 3.3631894274025558 3.265325974256067 3.2929056746882592 3.2582086322090498 3.0607023904043187 2.7422013338002924 2.4290382837315296 2.283132771767674 2.19950400271522 2.3009261268852175 2.4753010070371424 2.7991400701764313 3.35874108862317 3.7848919436883333 4.062468283522009 4.2226084795799 4.204815124462357 4.155883397889112 4.188801104856568 4.32314093599402 4.459260102643226 4.500184819413576 4.521536845554628 4.501074487169453 4.478832793272524 4.449473757328578 4.391645353196562
