static/data/seaWater_uo/2023/7/31/0.asc
ncols 137
nrows 93
xllcorner 108.0
yllcorner 17.0
cellsize 0.25
NODATA_value -32767
[rows 26 to 51 of 93, columns 58 to 115 of 137]
0.05018237 0.030604284 0.030502532 0.042466037 0.0786661 0.11453312 0.11450399 0.048978705 0.07973767 0.033614803 0.06085639 0.13253519 0.3108224 0.3230831 0.26350254 0.2172156 -32767.0 -32767.0 0.037355103 0.121694155 0.30865481 0.42729825 0.4709561 0.45138597 0.37727052 0.32283744 0.19998173 0.14652748 0.14652324 -0.026432136 -0.04079423 -32767.0 -32767.0 -32767.0 -32767.0 -32767.0 -32767.0 -0.1042574 -0.0026945814 -0.016050108 -32767.0 -32767.0 -32767.0 -32767.0 -32767.0 -0.101804465 -32767.0 -0.07576933 -0.2359657 -0.13657488 -0.0725388 -0.16542524 -0.077351905 -32767.0 -0.18258049 -0.30802047 -0.3160665 -0.3423061
-0.059796598 -0.025978634 -0.047785074 -0.021084677 0.034811676 0.04416425 0.07733117 0.04197239 -0.02286658 -0.020321088 0.039976966 0.061596286 0.024473054 0.030285193 -0.046385687 -32767.0 -32767.0 0.06711649 0.09593623 0.11104609 0.14590652 0.16170679 0.21548338 0.22768095 0.19993049 0.10207103 0.0780069 0.09703243 -32767.0 -32767.0 -32767.0 -32767.0 -32767.0 -32767.0 -32767.0 -32767.0 -32767.0 0.07999838 0.01836594 -0.0800549 -32767.0 -32767.0 -32767.0 -0.03882033 0.07421321 0.1288381 -0.05303891 -0.123155706 0.07041694 -0.028466074 -0.11990684 -0.06700148 -0.16638036 -0.25910187 -0.34082186 -0.31217244 -0.18858531 -0.14615607
0.0052668373 -0.0041104527 0.046554785 0.0479452 0.0299144 0.016048707 0.05783196 -0.0012256573 -0.051920354 -0.03817951 0.019327553 -0.020458987 -0.1693686 -0.078823894 0.10270754 0.008246458 -0.013395613 0.033136554 0.15364592 0.1448978 0.0855212 0.082172096 -0.011796195 0.018170945 0.012319633 -0.006008113 -32767.0 -0.07806264 0.16300356 -32767.0 -32767.0 -0.025631145 -32767.0 -32767.0 -32767.0 -32767.0 -32767.0 -32767.0 0.091548234 -0.044627625 -32767.0 -32767.0 -0.07374591 -0.045304913 0.12366226 0.22305216 0.30128413 0.3372512 0.3408835 0.35670346 0.20353404 -0.117820196 -0.30420157 -0.32671407 -0.28018054 -0.20797363 -0.19585732 -0.11289198
-0.030124743 0.016155927 -0.02010881 -0.017900072 -0.00051430846 0.14558767 0.178536 0.01788101 0.0903898 0.08191382 0.06808263 -0.055955045 -0.1742693 0.0072531453 0.0768546 0.13576405 0.11650619 0.15092824 0.11397237 0.076835826 0.09308318 -0.043075897 -0.08189713 -0.07657526 0.0051844814 -32767.0 -0.0679415 -0.07407396 -0.13539553 -0.24272944 -0.110357866 -32767.0 -0.12580681 -32767.0 -32767.0 -32767.0 -32767.0 -32767.0 -0.03629848 -0.17158204 -0.32459822 0.025744732 0.31796893 0.37506786 0.5146529 0.58993506 0.60049963 0.58395785 0.5737073 0.49960798 0.26454926 -0.10264328 -0.2428967 -0.1584757 -0.11180586 -0.0717075 -0.097134255 -0.10972136
-0.2196578 -0.05776633 -0.036379814 -0.030267755 -0.0060853465 -0.07713266 0.04879984 -0.009246914 0.081508316 0.10859209 0.16385648 0.11806727 0.007795957 0.006700983 -0.035073668 0.0068980637 0.03193346 0.020411298 0.0053049494 0.01027525 0.016818175 -0.04601506 -0.13931966 -0.10548969 0.13566019 0.31438306 0.00039789797 0.14978954 0.11447249 0.048835922 0.0073423292 -0.16627331 -0.053340774 -32767.0 -32767.0 -32767.0 -32767.0 -0.14746751 -0.014017251 -0.27969036 -0.011319911 0.23787865 0.409221 0.5313986 0.63693815 0.7459498 0.85170454 0.8425408 0.69981676 0.5757198 0.56916267 0.23001236 0.059936874 0.07140368 0.022784067 -0.040701546 -0.1248779 -0.17033464
-0.086573556 -0.15523998 -0.08295596 -0.11757117 -0.11373479 -0.23908915 -0.10401577 0.0065536527 0.10016721 0.08988656 0.09343287 0.10600356 0.047236353 -0.062063836 0.00138355 0.016011622 0.035448216 -0.023293795 -0.01705908 -0.013743255 -0.13356976 -0.108936325 -0.12914146 -0.10608165 0.06450527 0.09710748 0.19596513 0.30650768 0.3040766 0.26151627 -0.17837377 -0.1858991 -0.1329624 -32767.0 -32767.0 -32767.0 -32767.0 -0.1649199 -0.028664751 -0.11400017 0.15289617 0.17658131 0.28143683 0.4888834 0.77221775 0.9096045 0.915997 0.87029296 0.88163954 0.84646535 0.684678 0.668342 0.27416334 0.20945203 0.10188213 -0.071879804 -0.10236094 -0.16459018
0.073745646 -0.06555923 -0.0941206 -0.18254372 -0.20160453 -0.18671674 -0.10101285 -0.035114154 -0.04714027 0.010651442 0.07440275 0.11367496 0.099290594 0.040381856 0.053446624 0.037886795 0.035235383 -0.026429335 -0.07074478 -0.11349169 -0.11461365 -0.15696457 -0.14414817 -0.1261837 -0.11514687 -0.03281579 0.078096226 0.12373281 0.036627878 0.109835275 0.083327845 -32767.0 -32767.0 -32767.0 -32767.0 -32767.0 -0.02761626 -0.16554025 -0.01340282 0.31484684 0.2121895 0.17017338 0.2757554 0.55148035 0.8303876 0.9867176 0.96392244 0.8297096 0.8474752 1.0072712 0.9634202 0.804831 0.6835524 0.36105698 0.30254844 0.109509215 0.003501375 0.0141408425
0.16843978 0.014287044 0.003246163 -0.019709546 -0.077773154 -0.2334146 -0.20139608 -0.103723854 0.03035532 -0.07953147 -0.016466241 -0.014844473 0.03489697 0.042739198 0.02180569 -0.0430455 -0.024220608 -0.008565903 -0.058202025 -0.044133026 -0.02198263 -0.082474835 -0.11173672 -0.15463105 -0.084864296 -0.033091456 -0.058081172 -0.06113698 -0.16486892 0.0131775625 -0.01724585 -32767.0 -32767.0 -32767.0 -32767.0 -32767.0 -0.20221366 0.21748362 0.34091145 0.16318509 0.1816221 0.16304982 0.27769318 0.4410727 0.5877852 0.55860025 0.51186675 0.5911016 0.7981335 1.0513008 1.0800844 0.84522307 0.8532825 0.7507087 0.39068544 0.26945072 0.12994209 -0.017209819
0.16867235 0.0910444 0.033840448 0.05586808 -0.01939195 -0.03983749 -0.10943943 -0.101354115 -0.17699982 -0.09744365 -0.15874818 -0.099030964 -0.011466749 0.01653461 -0.060337853 -0.076127924 -0.067718334 -0.019345665 -0.0025263985 0.11672491 0.123249024 0.045686565 -0.041484453 -0.10251913 -0.122096404 -0.06807986 -0.0959794 -0.15973009 -0.12279901 -0.09756453 -0.027654037 -0.045945257 -32767.0 -0.051291645 -32767.0 -32767.0 0.17155074 0.19478808 -0.08394873 0.0023270044 0.12257819 0.3437385 0.44932485 0.43732962 0.38675952 0.24473707 0.29041517 0.36166704 0.41442654 0.53016466 0.6491038 0.7045853 0.737354 0.9146585 0.8336088 0.4984544 0.32627726 0.18278995
0.13043013 -0.22946239 -0.12616149 -0.026556898 0.037689947 0.01914033 0.03246094 -0.08578755 -0.21191047 -0.34302887 -0.20926209 -0.07107839 -0.045406304 -0.06982251 -0.050927214 0.0069282353 0.028680263 0.017258557 0.02145048 0.13410066 0.11698794 0.019830804 -0.04353903 -0.056264002 -0.100924306 -0.07333888 -0.07906245 -0.16197382 -0.08028255 0.1132252 0.26179773 0.24019118 0.16100962 0.1002559 -32767.0 -0.21055709 -0.26404867 -0.12413641 -0.20481877 -0.39004102 -0.18971238 0.122196235 0.37310168 0.42010716 0.3394056 0.21091434 0.17060566 0.16316731 0.14817692 0.09000614 0.2505306 0.48984462 0.62652904 0.76252913 0.95248765 0.9116175 0.6961983 0.48949105
0.11534173 0.08555004 -0.0077460264 -0.05405087 -0.004607226 0.06885749 0.09488303 -0.044906143 -0.076485276 -0.105600245 -0.29319996 -0.14676256 -0.055817906 0.004000079 0.020424036 0.024288492 0.013414057 -0.015959628 0.028594611 0.038231067 0.02982037 -0.050860878 -0.06330279 -0.057801053 -0.08951609 -0.044106968 0.029544936 0.11002836 0.16696648 0.21742012 0.24153858 0.23938906 0.30692956 -32767.0 0.8319765 0.770213 0.13809004 -0.18748587 -0.23157775 -0.003288988 0.29979682 0.42164043 0.40735763 0.39849755 0.26235214 0.104088925 0.098382466 0.052014384 0.053434525 0.056460913 0.091184236 0.28197065 0.4722549 0.60634536 0.7407598 0.8947771 0.9827151 0.9515857
0.13476618 0.111145645 0.052369077 -0.00069470995 0.021231078 0.090151705 0.1398212 0.13606705 0.08153332 -0.030118985 -0.17615458 -0.1218548 -0.07880149 -0.01896515 0.057395857 0.044401754 -0.049982347 -0.039484758 0.017661225 0.00010518287 0.04004385 0.019017527 0.008206324 0.036588963 0.020067705 -0.020854188 -0.039061744 0.03809321 0.10225055 0.14322095 0.11734801 0.17101954 -0.06983075 0.14165217 0.25222564 -0.029397458 0.27843097 0.27823937 0.27085662 0.76654905 0.7538157 0.6990469 0.5727533 0.3011346 0.124759614 0.010124737 -0.045074478 -0.07155274 -0.096105665 -0.053869776 0.028210193 0.1512625 0.29280254 0.415506 0.5406537 0.65521884 0.76555115 0.8504987
-0.02422022 -0.04345995 -0.007311014 0.043437112 0.061985366 0.07957992 0.14835334 0.11386684 0.124978885 0.060829517 0.046806294 -0.034067456 -0.053341582 -0.040475436 -0.017838668 0.043861914 0.11227281 0.1734419 0.17625703 0.12353032 0.05838053 0.10930876 0.11203515 0.1838288 0.24047528 0.24379899 0.15153216 0.0048890742 -0.04432222 -0.020305311 0.0030774858 -32767.0 0.0340064 0.014048234 -32767.0 -0.40915504 -0.072918504 0.54785573 0.99717826 0.9988478 0.63630205 0.42009622 0.20681827 0.11529817 -0.010370826 -0.1096745 -0.197806 -0.1705669 -0.2124856 -0.25150296 -0.273819 -0.19629063 -0.09262539 0.03577296 0.20013404 0.35263613 0.45395947 0.5098541
-32767.0 0.13139646 0.13938949 0.09961713 0.039690994 0.04032299 0.09936589 0.17868483 0.11253715 0.13175216 0.19712462 0.105923355 0.099444605 0.09028806 0.06321977 0.08465568 0.15535542 0.20921993 0.16108902 0.14659663 0.18736787 0.241512 0.36671168 0.55851114 0.695496 0.68811274 0.5464187 0.412067 0.25141606 0.1923647 0.2904107 0.38993934 -32767.0 0.22035779 0.24133007 0.7435697 0.8103999 0.69341767 0.63908356 0.56346875 0.5507262 0.5225864 0.29793605 0.09695732 -0.08473663 -0.17901509 -0.2715204 -0.27840576 -0.31462544 -0.29491287 -0.2412113 -0.16870148 -0.0943522 -0.06859186 -0.06730056 0.0049677286 0.10430676 0.16241017
0.022085179 0.11985222 0.19941564 0.09829341 0.06626347 -0.03033498 -0.07721561 0.108193316 0.1968025 0.17819026 0.18703029 0.23038733 0.23334241 0.17269468 0.20273715 0.21211873 0.15442696 0.17468761 0.16600302 0.17225912 0.26241362 0.4606954 0.7485685 0.80248696 0.77605766 0.8056728 0.8520898 0.84777105 0.64159334 0.537073 0.10786395 0.094510674 0.31313425 0.57975453 0.7305353 0.64311737 0.5157472 0.52735883 0.5041485 0.5398053 0.4832834 0.36666024 0.20303828 -0.018508308 -0.15338261 -0.19257063 -0.18811832 -0.19395025 -0.1607498 -0.1016337 -0.06999041 -0.032472514 0.037679553 0.12611564 0.053761203 -0.006244263 0.0008934331 0.045755893
0.015119453 0.070411615 0.0852064 0.1765241 0.27659193 0.25593984 0.08300579 -0.040853996 0.068746604 0.1109291 0.065290764 0.08805378 0.14958103 0.19176039 0.20851076 0.22311614 0.21415454 0.13189915 0.15293999 0.18922292 0.3943854 0.6510528 0.6084947 0.6059596 0.5808841 0.5869034 0.61577904 0.5795326 0.7242048 0.7616367 0.45446283 0.20281954 0.34192628 0.43703574 0.4671586 0.51108164 0.5309816 0.49087885 0.46063477 0.32193658 0.15909699 -0.0054768035 -0.15023404 -0.17739622 -0.21935885 -0.23613699 -0.1422349 -0.039762974 -0.020192208 -0.059366748 -0.092074886 -0.07939115 -0.00486781 0.062217906 0.074268326 0.021270199 0.025691452 0.06821016
0.023248874 0.01381694 0.021971926 0.090791345 0.1937947 0.28403112 0.3604453 0.28641617 0.18565747 0.09699469 0.04909664 0.006611549 0.07404443 0.15955536 0.14088967 0.1146641 0.122653194 0.14072928 0.12850372 0.19878452 0.352972 0.34088695 0.2767635 0.3100474 0.34162834 0.38967755 0.41554746 0.39474052 0.30535507 0.6308101 0.20681378 0.21392667 0.26320738 0.38207102 0.45336705 0.43595368 0.42764172 0.4461194 0.32966718 0.13600168 -0.079027 -0.2558957 -0.24940184 -0.20727806 -0.28587234 -0.20357259 -0.088577695 -0.11420186 -0.09053721 -0.05134389 -0.07031123 -0.089692436 -0.08654118 -0.056912083 -0.04311917 0.012189727 0.023030309 -0.02939416
-0.024998385 0.18649153 0.40781936 0.32119465 0.1369086 0.023479626 0.097541645 0.19408828 0.21368383 0.13401438 0.070839755 0.16400416 0.22369137 0.2061165 0.19228214 0.16957313 0.13524884 0.06393078 0.035146546 0.16986029 0.26348224 0.24329925 0.19437748 0.13634275 0.17376246 0.21271381 0.24831247 0.37177345 0.46893084 0.3077752 0.2872859 0.34320483 0.37557018 0.4452634 0.4821208 0.50050175 0.44967028 0.2904643 0.18647148 0.13138 0.014353514 -0.070830196 -0.20823474 -0.22728954 -0.27227873 -0.1613991 -0.23235372 -0.21773927 -0.15805613 0.0014117868 0.11665782 0.07703245 -0.08006391 -0.15409711 -0.1114282 -0.0578557 -0.086102016 -0.08820518
0.22638099 0.28635263 0.36991304 0.27006277 0.081641085 -0.04409251 -0.04347912 0.005052504 0.07813752 0.15544793 0.173574 0.18989255 0.15194046 0.13848503 0.17355657 0.13678417 0.054588318 0.034964036 0.014368862 0.19329727 0.2578209 0.22947517 0.12678723 -0.05439735 -0.076728515 0.03948848 0.14973694 0.1442492 -0.011295499 0.29753008 0.45987326 0.4675575 0.5017949 0.46774787 0.39448684 0.35395834 0.3356587 0.29615706 0.25220147 0.18942666 0.07728524 -0.031911578 -0.17326035 -0.22188786 -0.1949971 -0.2064304 -0.28616092 -0.3194916 -0.2861306 -0.08160998 0.12820427 0.09938405 -0.047033567 -0.16935742 -0.17859882 -0.14108288 -0.15422566 -0.052335337
0.2756678 0.3323366 0.2881153 0.1642751 0.06546741 -0.043975625 -0.21568309 -0.17709616 -0.07551706 0.0549579 0.07433005 0.045443647 0.04330847 0.04952385 0.04569777 -0.010626237 0.011720537 0.04853 0.12870026 0.29725173 0.29400313 0.22947258 0.15748034 0.01645329 -0.17926873 -0.18649818 -0.16414061 -0.052003272 0.07381676 0.023452446 0.08627784 0.05803518 0.06885437 0.24149631 0.369166 0.40981394 0.3951372 0.32833648 0.27399945 0.20997225 0.11916282 0.00052505836 -0.16384439 -0.18953936 -0.14749877 -0.22906116 -0.25042716 -0.11253682 -0.055328272 0.031274486 0.13426039 0.07698012 -0.050430156 -0.09517932 -0.14785153 -0.20326102 -0.16215158 -0.14644834
0.24454561 0.2647396 0.10196046 0.027582457 -0.035479967 -0.041312315 -0.08811385 0.024650073 -0.12110473 -0.08906084 -0.037709877 -0.06852211 -0.03834317 -0.03803624 -0.05526076 -0.031969856 0.007602848 0.1080012 0.33555362 0.38077536 0.3265948 0.2393254 0.17484859 0.19684629 0.09392831 -0.12298395 -0.07610545 -0.25866434 -0.1688044 -0.009838421 0.0747285 0.120192155 0.29965165 0.43086052 0.41128847 0.39063096 0.3468509 0.2608071 0.19408448 0.19512919 0.118592344 -0.036110044 -0.19569764 -0.22776297 -0.24091981 -0.3536456 -0.18968226 -0.07483146 0.046585407 0.067850724 -0.001954369 -0.0095727695 -0.047029305 -0.06495272 -0.16858701 -0.22487031 -0.2664968 -0.22226979
0.2600154 0.17285857 0.059547313 0.002149575 0.00027818128 0.04623713 0.10590522 0.13042761 0.14249235 0.015597987 0.0493848 -0.016190907 -0.039053503 -0.032227997 0.02072569 0.100036085 0.181652 0.45962304 0.6086121 0.47360632 0.31646854 0.18829872 0.10066043 0.07660325 0.124366626 -0.006029109 -0.110818036 -32767.0 0.030998176 0.012879858 0.088523604 0.26833513 0.43219784 0.42261052 0.41900927 0.42820585 0.3654189 0.25719056 0.11019599 0.100213744 0.05075796 -0.073734485 -0.22262499 -0.27671477 -0.3403731 -0.261562 -0.25201374 -0.2361493 -0.10859257 -0.24544221 -0.2630028 -0.27102298 -0.21097393 -0.19109271 -0.26178366 -0.36843845 -0.36719045 -0.3014375
0.19980979 0.13015941 0.015134151 -0.0032435765 0.13282482 0.2896339 0.32345805 0.12438314 0.024290714 0.14638983 0.150027 0.068738505 -0.020632342 0.013564452 0.021216603 0.2118316 0.6196533 0.75344175 0.5574996 0.32854077 0.23405027 0.0660427 -0.00040709926 0.009377552 -0.093643084 -0.12017821 -0.16259634 -0.2643176 0.020391071 0.15682071 0.32883555 0.46503398 0.4476381 0.46961278 0.49440607 0.4776745 0.37359998 0.2760182 0.107184604 0.0729177 -0.021441463 -0.1658766 -0.26312408 -0.26112813 -0.29092717 -0.2760254 -0.28867143 -0.2618822 -0.3669034 -0.43549556 -0.4588052 -0.45430523 -0.43350422 -0.44980302 -0.52331823 -0.4528009 -0.28778854 -0.29684183
0.1370421 0.08423573 0.06752815 0.1700087 0.15709859 0.21794169 0.1725657 0.13112308 0.14294302 0.0847529 0.034420118 0.0076224213 -0.020170117 -0.035661004 0.2169058 0.52226484 0.5873721 0.388178 0.20519218 0.16078399 0.07612186 -0.098035626 -0.16000575 -0.2974549 -0.3237541 -0.20103513 -32767.0 0.016361818 0.14486054 0.2635878 0.38516334 0.35748577 0.4177085 0.41327798 0.32331577 0.24508774 0.21343915 0.11026538 0.055257473 -0.019197937 -0.18162394 -0.26801124 -0.21909192 -0.3150885 -0.28145918 -0.26721314 -0.15672001 -0.2024634 -0.47586665 -0.5314037 -0.52548033 -0.5787884 -0.59263766 -0.5671739 -0.49643096 -0.3484082 -0.2293422 -0.22853662
0.088653944 0.09611493 0.09329649 0.017452113 -0.033800054 -0.089754485 -0.08302263 -0.06000215 -0.17831747 -0.19021012 -0.119162604 -0.12150768 -0.05169464 0.06674039 0.30987933 0.3807412 0.26181197 0.13726024 0.08013536 -0.028747877 -0.17237796 -0.18219914 -0.19695646 -0.16640772 0.027842235 -0.07856716 -0.069922864 0.108257875 0.19871414 0.23354073 0.22312303 0.23566002 0.21023378 0.14563292 0.09272503 0.08843067 -0.03509443 -0.09675892 -0.10313803 -0.23440497 -0.3590314 -0.26048866 -0.35821778 -0.34223646 -0.30404398 -0.21546838 -0.116497606 -0.116029695 -0.3955426 -0.62035066 -0.62319773 -0.588037 -0.50514954 -0.37997642 -0.33529302 -0.36526683 -0.3783352 -0.33908096
0.057277653 0.086230315 0.038842205 -0.09141217 -0.09888259 -0.07248169 -0.20677309 -0.22090484 -0.016626595 0.05877423 0.0154388705 -0.043783795 -0.0672366 0.09793524 0.22431406 0.19040495 0.13672726 0.078794 0.026942097 -0.12655911 -0.16356696 -0.114248365 -0.057016633 -0.10725992 -0.22089827 -0.09953573 -0.0117395725 0.086747944 0.09067507 0.09226255 0.06482833 0.025918828 -0.02311145 -0.12722129 -0.19625147 -0.21022674 -0.2542372 -0.24482542 -0.34567836 -0.46703285 -0.3794426 -0.43655765 -0.40528047 -0.32401407 -0.30402714 -0.29725567 -0.28315556 -0.19536163 -0.050515313 -0.3440482 -0.51571184 -0.49793133 -0.3986577 -0.2761268 -0.117449835 -0.12969007 -0.29352662 -0.26875848
