static/data/seaWater_uo/2023/7/31/12.asc
ncols 137
nrows 93
xllcorner 108.0
yllcorner 17.0
cellsize 0.25
NODATA_value -32767
[rows 25 to 49 of 93, columns 58 to 115 of 137]
0.04910664 -0.07833603 -0.18209842 -0.28184873 -0.28345153 -0.21983714 -0.14040709 -0.10200932 -0.04700711 -0.030314734 -0.055649575 -0.11702835 -0.09843495 -0.09562962 -0.043700695 0.18605396 0.38550907 0.41662955 0.3427202 0.32051748 0.36199868 0.41787344 0.35180447 0.40505707 0.32249728 0.25965595 0.13014713 0.08974882 -0.019337209 -32767.0 0.07126538 -0.097100504 -32767.0 -32767.0 0.004774621 0.020496558 0.13648364 0.07848498 -0.027852546 -0.089260645 -0.10354283 -32767.0 -32767.0 -32767.0 -32767.0 -32767.0 -32767.0 -32767.0 -32767.0 0.10682511 0.15085554 0.07168026 -32767.0 -32767.0 0.21135356 0.21312848 0.12399379 -0.034350093
-0.0076471865 -0.04075495 0.007903228 -0.093171544 -0.21663034 -0.2059097 -0.1869621 -0.12109512 -0.093347386 -0.03245387 -0.108744234 -0.249577 -0.3362593 -0.11334424 0.015349632 0.15541849 -32767.0 -32767.0 0.003184164 0.0126633495 0.21690872 0.29474017 0.2639753 0.23736657 0.14935161 0.031049123 -0.042331006 -0.16059297 -0.19263329 -0.078262635 0.03619291 -32767.0 -32767.0 -32767.0 -32767.0 -32767.0 -32767.0 0.072507486 -0.059187256 -0.12744895 -32767.0 -32767.0 -32767.0 -32767.0 -32767.0 -0.017348032 -32767.0 0.033427063 0.13210215 0.026582938 0.068693995 -0.030355657 0.12038808 -32767.0 0.072462484 0.0149375815 0.0014357471 0.05598972
-0.13068141 -0.012801366 -0.040866412 0.017313875 0.12571715 0.052219708 -0.035386734 -0.022336045 -0.04434831 -0.1038829 -0.16631965 -0.12347832 -0.040620364 -0.018663865 0.019280013 -32767.0 -32767.0 0.0037746257 -0.008089929 -0.025324747 -0.0043734508 -0.03548961 0.036470093 0.08435642 -0.025903795 -0.093774185 -0.17403357 -0.15777731 -32767.0 -32767.0 -32767.0 -32767.0 -32767.0 -32767.0 -32767.0 -32767.0 -32767.0 0.08865371 0.15171307 -0.06494125 -32767.0 -32767.0 -32767.0 0.037824035 0.08623825 0.15200102 0.08234716 0.024341265 0.12495186 0.18756932 0.13163078 0.17461765 -0.053086102 -0.09385905 -0.09096717 -0.008785061 0.06936894 0.16022588
-0.009406978 -0.025450703 -0.017462485 0.060149696 0.14906456 0.19041035 0.1709229 0.10436417 0.052810226 -0.031080483 -0.07616455 -0.15092938 -0.07663469 -0.15283889 -0.100453 -0.084801905 -0.12629746 -0.13098945 -0.07067793 -0.04398648 -0.13834539 0.014392057 0.062573105 0.0055930004 -0.08952008 -0.18783422 -32767.0 -0.1216628 0.00024283654 -32767.0 -32767.0 -0.008669715 -32767.0 -32767.0 -32767.0 -32767.0 -32767.0 -32767.0 0.06872698 -0.005568414 -32767.0 -32767.0 -0.05476641 -0.024208365 0.10746991 0.20405528 0.28548244 0.33131957 0.3610045 0.38890076 0.33005795 0.087182865 -0.04918595 -0.11123188 -0.15869474 -0.15245946 -0.054313257 0.14609852
-0.004686182 0.032462817 0.03700348 -0.05390727 -0.0939195 0.003087514 0.12858735 0.2065399 0.043533605 0.041938573 -0.069965474 -0.0821593 -0.048243336 -0.20783614 -0.19282913 -0.2194866 -0.14446864 -0.10939394 -0.05328704 -0.103477456 -0.07452168 -0.02995253 0.061004154 0.016151715 -0.10650412 -32767.0 -0.009264638 -0.049807366 -0.0043103374 -0.178272 -0.027673682 -32767.0 0.0024815972 -32767.0 -32767.0 -32767.0 -32767.0 -32767.0 -0.046430033 -0.083100066 -0.16375291 0.12754352 0.38604832 0.514911 0.56958586 0.6450591 0.6826219 0.64956677 0.6141839 0.5837408 0.40416455 0.1714817 -0.08226655 -0.14672174 -0.08810668 -0.016464826 0.08810904 0.09759593
-0.18358748 -0.18973997 -0.07930508 0.049025696 0.09408739 0.07223014 -0.02997668 0.01815519 -0.011799047 -0.0065643406 -0.00223641 -0.018479453 -0.075254455 -0.221459 -0.28957582 -0.25564003 -0.20327206 -0.14530168 -0.12550522 -0.14801715 -0.08895344 0.048858352 0.06986009 -0.005454808 0.06270476 0.24106872 0.008887973 0.046052303 0.15489586 -0.06665667 0.054393914 -0.10416831 -0.005387283 -32767.0 -32767.0 -32767.0 -32767.0 0.004154895 -0.026425233 -0.19865349 -0.025284339 0.19594726 0.31324545 0.4271386 0.59970635 0.78450257 0.8578788 0.85867476 0.82838285 0.71349126 0.681481 0.51835483 0.26805094 0.15016733 0.06519489 0.15774265 0.14060299 0.06388321
-0.10011581 -0.056602895 -0.092191376 0.02846918 0.038183462 0.11130879 -0.032610316 0.0004259405 0.030302424 0.077122666 -0.009268855 -0.07535634 -0.07656594 -0.23398891 -0.2824166 -0.25583956 -0.2564184 -0.2541435 -0.19294004 -0.17234868 -0.061343707 0.06900125 0.11613402 0.17629935 0.21486312 0.17484362 0.17625381 0.29687145 0.30710724 0.24047923 -0.116636835 -0.20089623 -0.13711771 -32767.0 -32767.0 -32767.0 -32767.0 -0.0986304 -0.11443804 -0.09856303 0.042061273 0.09544218 0.2016645 0.4288591 0.72515225 0.9940106 1.0950525 1.026925 0.93764925 0.9094277 0.8193171 0.8546425 0.5762347 0.30004007 0.20174606 0.15623412 0.072677076 0.14958987
-0.08619586 -0.061584793 -0.005810549 -0.036042385 -0.062424824 -0.008870357 0.061499313 -0.043543797 0.031451367 0.018485464 0.064939246 0.0072004395 -0.0558685 -0.08968687 -0.10729981 -0.16214074 -0.22280297 -0.24874209 -0.18307291 -0.15171587 -0.033122364 -0.045284044 0.047125254 0.074711934 0.096677184 0.09448749 0.15613577 0.190194 0.14310834 0.12047501 0.06013607 -32767.0 -32767.0 -32767.0 -32767.0 -32767.0 -0.019809434 -0.18885599 -0.08646724 0.29180565 0.20000052 0.18634953 0.33113575 0.5178989 0.68990624 0.8077221 0.86569124 0.8896739 0.8555351 0.8620078 0.9690439 0.9411651 0.9626525 0.49724224 0.31181452 0.2890504 0.114590935 0.17652395
-0.0427601 -0.011284729 -0.0070489706 -0.015717253 0.035705507 -0.14609528 -0.22904946 -0.13818859 0.0782337 0.023850344 0.0620929 -0.050707046 -0.07817115 -0.040685948 -0.040270872 -0.12981291 -0.06969988 -0.10698541 -0.045969464 0.0051033753 0.017064977 0.0068321517 -0.04750479 -0.0156093445 0.025982765 0.016201338 0.08813144 0.09981305 0.035671294 -0.0019612592 -0.07252528 -32767.0 -32767.0 -32767.0 -32767.0 -32767.0 -0.085756786 0.27723125 0.36698598 0.20713374 0.23786148 0.38232034 0.6709391 0.7412299 0.6526557 0.48211023 0.38389122 0.3994456 0.5851218 0.8766902 1.0289918 1.0868706 0.9703003 0.947548 0.49519765 0.33372015 0.25956914 0.010044473
-0.04355006 -0.11679474 -0.06484621 -0.045884907 -0.04593814 0.052157823 -0.05828113 -0.080565035 -0.0735138 -0.019658469 0.06596177 0.014013293 -0.043124255 -0.074535824 -0.033066895 -0.011560428 -0.02232801 0.08283626 0.10873131 0.13995515 0.15495174 0.036459 0.002518854 -0.019053925 0.027310098 -0.040121607 -0.08886563 0.018221464 0.009104578 -0.11524057 -0.17297749 -0.06789021 -32767.0 -0.025640164 -32767.0 -32767.0 0.29094768 0.23902111 -0.032625895 0.005487767 -0.05502703 0.28363127 0.4013443 0.4914011 0.5442202 0.4149849 0.41203302 0.47958747 0.6095125 0.75371677 0.89451844 0.97572 0.925548 0.9313893 0.9917147 0.5945352 0.41855425 0.29450008
-0.17258354 -0.2979264 -0.22831671 -0.1136025 -0.03678054 -0.023128737 -0.02039896 -0.08538363 -0.21883515 -0.26212528 -0.03506873 0.02795683 -0.055388764 -0.08758328 -0.07334898 -0.03608911 -0.01719699 0.044067737 0.20063095 0.19413716 0.07842919 0.07371194 0.038123477 -0.00012516114 0.012283046 0.0016296648 -0.08108754 -0.12869538 0.036276814 0.120753296 0.27151284 0.24108724 0.21582729 0.099676885 -32767.0 -0.10244394 -0.28192 -0.06662473 -0.0062831226 -0.3686564 0.082286 0.54981905 0.634313 0.6468258 0.48231655 0.36034092 0.39350227 0.42547268 0.42087856 0.35488272 0.36214015 0.4864026 0.6923019 0.8667267 1.0158786 1.0921898 0.79765373 0.6084814
-0.13212514 -0.08249824 -0.12742127 -0.2085168 -0.1312803 -0.07592362 -0.10445993 -0.05253332 -0.065594256 0.024160793 0.064211525 -0.07710151 -0.043921713 -0.009620515 -0.030840278 -0.081621364 -0.070953086 0.087595716 -0.060736325 -0.06149318 -0.0056012506 0.06972516 0.05753729 0.0032634556 -0.017671773 0.03757486 0.0939638 0.13670377 0.15482439 0.2182224 0.2466674 0.26745734 0.30271548 -32767.0 0.8156788 0.7348503 0.28265128 -0.07146667 0.18499072 0.36151266 0.6702299 0.69962895 0.51981705 0.42215297 0.32449403 0.28610432 0.2639287 0.2573468 0.22674802 0.18313862 0.0400092 0.18194708 0.5403331 0.7668615 0.8803795 1.0260172 1.151736 1.0899062
-0.037312604 -0.03735101 -0.05281912 -0.08326977 -0.0748593 -0.07514707 -0.0974694 -0.05290378 -0.015991418 0.02200858 0.051332045 0.023272825 -0.00491509 0.0064185676 -0.001932305 0.034826048 0.042508848 -0.0630164 -0.06990614 -0.06660704 -0.12766537 -0.01966647 0.06273909 0.10948652 0.101444826 0.022064757 0.07297094 0.11420067 0.123623446 0.1230878 0.074721165 0.09841479 -0.049287442 0.13558336 0.23604375 -0.040974062 0.26027173 0.49484524 0.40628922 0.9515485 0.9620824 0.54921716 0.39788833 0.30710727 0.21472602 0.20056103 0.16639191 0.07516831 0.052451104 0.042360246 0.113976255 0.2578229 0.4582018 0.6449776 0.75876564 0.8460808 0.93208414 0.99709
-0.10287552 -0.23536648 -0.14915606 -0.069203325 -0.04141556 -0.03345637 -0.06653043 -0.09207302 -0.02034375 0.0019665132 0.06077429 0.08770053 0.07711297 0.07312973 0.12015913 0.13457671 0.1806485 0.17465907 0.08478277 0.023703882 -0.038705166 -0.017199205 0.09249716 0.21563402 0.2951296 0.2919557 0.22016472 0.075939074 0.059970412 0.05335687 0.020678215 -32767.0 0.035642717 0.030391889 -32767.0 -0.17477025 0.08874993 0.7125277 0.9439374 0.7838301 0.63345945 0.6162893 0.490898 0.33261046 0.19167478 0.112132475 0.048196796 -0.014506562 -0.03207456 -0.120786384 -0.12656423 -0.037234224 0.101369284 0.2569161 0.3954712 0.5334915 0.6393871 0.67891353
-32767.0 -0.07501388 -0.020739373 -0.040122602 -0.06683296 -0.05858515 -0.0064955326 0.0110880025 -0.049090445 -0.053317912 -0.065224886 0.007394255 0.06326976 0.10149932 0.10138374 0.1048696 0.061136473 0.061966717 0.08031543 0.088517845 0.13303861 0.21305428 0.4316611 0.6129932 0.684568 0.6893628 0.5890419 0.41560403 0.29411876 0.2731708 0.3557572 0.41274625 -32767.0 0.13211192 0.3356588 0.8640114 0.9101158 0.67239445 0.6249205 0.63706267 0.6599981 0.5466725 0.3904387 0.278731 0.17712443 0.10316817 -0.009583784 -0.12893435 -0.13292572 -0.10445274 -0.078196175 -0.019846791 0.046581775 0.09515776 0.13881955 0.19552252 0.2536204 0.30448294
-0.09718309 -0.017791506 -0.026887786 -0.014505049 0.014464424 -0.11244954 -0.11362411 -0.044861518 -0.014081765 -0.083742745 -0.045370277 -0.038154714 -0.04657044 0.04828912 0.120485 0.1024291 0.12371763 0.03275194 0.019008938 0.09314951 0.24072559 0.53060323 0.71661884 0.7202914 0.6854797 0.6161364 0.66939396 0.67537934 0.5913864 0.5723534 0.09313153 0.052370284 0.21464917 0.46574497 0.5952184 0.60243136 0.61363924 0.622111 0.5910534 0.56061465 0.4255535 0.30391908 0.19533044 0.090479456 0.17189837 0.14626272 0.055787034 0.03459656 0.05032685 0.08902536 0.14884077 0.19435571 0.2265954 0.31287655 0.3008248 0.19249444 0.14468451 0.13930456
0.037833337 -0.15194686 -0.19902664 -0.074162915 0.065884694 0.17718346 0.02960794 -0.12307692 -0.11315952 -0.06812758 -0.048162904 -0.019251278 -0.0035818429 0.030788364 0.066160776 0.09061831 0.08842705 0.049310602 0.085162826 0.16133665 0.3814462 0.40223783 0.30051306 0.31623438 0.30399662 0.34805214 0.39388007 0.42956233 0.535445 0.63817567 0.14930929 0.06911635 0.2823107 0.49676695 0.5489499 0.54178125 0.49191093 0.47308347 0.45033044 0.30637887 0.13048254 -0.06665673 -0.106801264 0.07906662 0.08641407 0.005576911 0.045112453 0.1381444 0.18731114 0.20223737 0.22557412 0.25996652 0.3007967 0.26681125 0.22613128 0.19575559 0.15388164 0.18537727
-0.02392525 -0.19328478 -0.11351193 -0.06793101 0.017385753 0.09488656 0.21640956 0.24107838 0.041387398 -0.04846015 -0.063041456 -0.06381672 0.010623182 0.02082111 -0.021349907 -0.0376111 0.006997708 0.04526654 0.07154625 0.20217483 0.22270337 0.16866916 0.12809893 0.14602786 0.17729986 0.21038072 0.25368816 0.3005824 0.32011256 0.39265072 -0.012232325 0.20430507 0.26757297 0.43391013 0.42239583 0.4098148 0.45027223 0.4369207 0.296408 0.15034811 0.05042476 -0.06844324 0.041920952 0.07883034 -0.054942627 0.017674424 0.05379535 0.1010164 0.20344338 0.2826852 0.31918752 0.25885648 0.2128706 0.18132634 0.12684213 0.12859328 0.17849973 0.14202735
-0.047715005 0.10013122 0.14105599 0.07321416 -0.015080022 -0.035744753 0.04968574 0.12595424 0.14404628 0.05341084 -0.041196708 -0.0027133806 0.040917322 0.05034879 0.00017024904 -0.04107759 0.0063546225 -0.007079154 0.016770309 0.11849644 0.106851056 0.049457237 -0.015980681 -0.06690775 -0.044145767 0.022337144 0.1272723 0.2290094 0.3294487 0.22719572 0.2530685 0.3422303 0.35661387 0.45753384 0.49232256 0.4703868 0.3550815 0.23951235 0.16928862 0.16044328 0.07479635 0.017082531 0.05566854 -0.033808757 -0.08200452 -0.041517913 -0.0070077037 -0.069957286 -0.04571831 0.14321949 0.31637502 0.31972432 0.20842326 0.14458564 0.16676779 0.17461117 0.1487316 0.102852106
0.106851265 0.1382577 0.10473176 0.05774926 -0.056122933 -0.13026506 -0.1597752 -0.047729377 0.046462886 0.03496087 0.038182106 0.048678458 0.010695669 -0.010264967 0.0066054463 0.025074933 -0.0061322777 0.0053346683 0.031298134 0.10391935 0.12900029 0.02385994 -0.07557984 -0.19526263 -0.26132146 -0.17781727 -0.006957061 0.119673915 -0.060434595 0.23085776 0.41051742 0.46514562 0.48161963 0.40106 0.30496472 0.30240425 0.30875012 0.2770127 0.23133893 0.17357464 0.07063811 0.013827633 0.01857562 -0.026561877 -0.017359765 0.035473756 -0.007775888 -0.094806485 -0.047374308 0.054871496 0.15226194 0.21195474 0.19801393 0.11940297 0.06490219 0.1306566 0.09569271 0.124227285
0.09134924 0.12665445 0.041822735 -0.053465143 -0.11018705 -0.11628342 -0.28686342 -0.27379212 -0.14212856 -0.040223498 -0.0076661133 -0.012157655 -0.006634782 -0.026229244 -0.026186131 -0.05275154 -0.0150735825 -0.007961705 0.1508436 0.20759043 0.1931203 0.09252705 -0.013183491 -0.061731026 -0.23360647 -0.3060214 -0.30334118 -0.15412639 0.011190089 -0.041188 0.05500764 0.04388167 0.052377127 0.23247497 0.31013632 0.28559315 0.2457581 0.2099281 0.1904129 0.14330792 0.07996099 0.032931585 0.034462925 0.031816088 0.09911496 0.025504217 0.11318779 0.25035676 0.28206837 0.23375513 0.10824304 0.10399727 0.10523399 0.07932629 0.052096926 0.015178368 0.099015765 0.07133712
0.08606404 0.018061727 -0.101098165 -0.13747808 -0.14336413 -0.14504136 -0.18297124 -0.11648622 -0.14316045 -0.12003428 -0.1622935 -0.08001155 -0.06308171 -0.046772446 -0.08720387 -0.053364065 0.007691401 0.1570902 0.4091583 0.44738746 0.27899173 0.14873973 0.063734405 0.036364947 0.04386296 -0.14728746 -0.18737239 -0.30585498 -0.12864642 -0.024565583 -0.09974114 0.057267103 0.23520924 0.24675429 0.21565974 0.14086798 0.09201526 0.07325199 0.061284233 0.06600501 0.07704444 0.042819887 0.031340744 0.048634484 0.006774514 0.0055914624 0.17744395 0.12886192 0.17940453 0.14390507 -0.0319589 -0.045926344 0.0045542354 -0.011957299 -0.05374522 0.02278685 -0.03288756 0.04190453
0.13637139 -0.010471275 -0.12913525 -0.16772935 -0.1714734 -0.07908499 -0.0396846 -0.023740396 -0.025295092 -0.04318336 -0.02626838 -0.064390555 -0.034560528 -0.016050637 -0.01433865 0.07438768 0.19920224 0.56312305 0.7000581 0.47232598 0.23583521 0.1703179 0.011587083 -0.030879276 -0.009017974 -0.030724278 -0.12687626 -32767.0 -0.015152986 -0.07161521 0.052848905 0.17063624 0.21291362 0.20271516 0.21449694 0.1909843 0.14353496 0.08867949 0.048788674 0.01646713 0.016887536 0.025163777 0.011808292 -0.020042654 -0.073811114 0.013359569 -0.078967966 -0.13146645 -0.06462445 -0.13477898 -0.23956954 -0.18909808 -0.15350385 -0.14306772 -0.09866689 -0.1377634 -0.06976327 -0.060303386
0.03833293 -0.02553185 -0.13691713 -0.20675725 -0.060303673 0.117454216 0.20057328 0.029117327 -0.12094694 -0.0070487955 0.06510391 0.043436207 0.051545687 0.016900806 0.050188974 0.2716199 0.669766 0.65518856 0.42461386 0.18253356 0.19086117 0.076142035 -0.06729251 -0.12086097 -0.21179803 -0.18202771 -0.29008865 -0.43044007 -0.072128154 0.06863191 0.18298793 0.19648765 0.18168023 0.24372229 0.3064184 0.27578935 0.1961233 0.09612389 0.05004725 -0.03542833 -0.052888554 -0.014385741 0.033000957 -0.097602 -0.052368484 -0.104187496 -0.17160541 -0.2527611 -0.2555404 -0.30243847 -0.32956612 -0.32640228 -0.33017927 -0.29467353 -0.2790897 -0.15233247 -0.04386586 -0.11619061
-0.0592428 -0.058772694 -0.050977368 0.0036601282 0.010786857 0.07530334 -0.0118271215 -0.05912061 -0.066850536 -0.101828985 -0.029991591 0.01438342 -0.041500516 0.0058929524 0.23694327 0.4930419 0.50539327 0.36627614 0.21714355 0.13842292 -0.013509688 -0.13296436 -0.2553623 -0.37881204 -0.3525288 -0.26132157 -32767.0 -0.13057521 -0.05897087 0.019989306 0.048403226 0.08730992 0.18330352 0.21628177 0.22626716 0.15871607 0.109408505 0.05318796 -0.032881685 -0.10451696 -0.1280051 -0.054088045 -0.08569594 -0.14071704 -0.078741394 -0.15416078 -0.20338343 -0.2883626 -0.3560793 -0.3465841 -0.34073493 -0.34343436 -0.37264705 -0.34238002 -0.24440591 -0.11901095 -0.10692159 -0.0951304
