static/data/seaWater_uo/2023/7/31/18.asc
ncols 137
nrows 93
xllcorner 108.0
yllcorner 17.0
cellsize 0.25
NODATA_value -32767
[rows 50 to 74 of 93, columns 58 to 115 of 137]
0.027069777 -0.008703601 -0.015450825 -0.11232786 -0.18788533 -0.23545995 -0.2675897 -0.2347079 -0.25368094 -0.22468303 -0.1624191 -0.16756372 -0.062156223 0.044256587 0.22859138 0.30082294 0.23325722 0.21824545 0.098128796 -0.055124473 -0.21678838 -0.25179884 -0.24867526 -0.11980949 -0.06488397 -0.24552782 -0.05168419 0.045433685 -0.014433492 -0.02679186 0.026665283 0.11949904 0.080397956 0.022654003 -0.025731374 -0.047007494 -0.096383266 -0.12357288 -0.09694975 -0.19842695 -0.20290093 -0.047530998 -0.14802139 -0.05690011 0.0026386513 -0.06375441 -0.09267293 -0.12511711 -0.37347016 -0.42529964 -0.40368736 -0.3580139 -0.22989944 -0.15467364 -0.18976778 -0.17513695 -0.13726236 -0.12536795
-0.02182766 -0.06603664 -0.089806 -0.20445871 -0.20127474 -0.2996731 -0.39082617 -0.27503788 -0.17967138 -0.102326356 -0.10686585 -0.112449825 -0.13072336 0.021579845 0.14092296 0.17897525 0.14893381 0.16563019 0.014424491 -0.10351206 -0.19249474 -0.16959296 -0.14409722 -0.18622623 -0.45838988 -0.17993289 -0.06375517 -0.10298944 -0.17822064 -0.16321886 -0.09153735 -0.08400333 -0.19510405 -0.15968741 -0.25831848 -0.24820407 -0.20598736 -0.22463761 -0.30367577 -0.2874077 -0.18175648 -0.2322878 -0.14265853 -0.10309753 -0.12130933 -0.15185526 -0.15925217 -0.09873599 -0.03465614 -0.2792905 -0.3268239 -0.24204804 -0.13422786 0.021977633 0.061939277 -0.1163812 -0.14266458 -0.106987216
0.04029864 -0.050970253 -0.05465136 -0.16260993 -0.0869114 -0.18315737 -0.24305354 -0.23641685 -0.3036539 -0.29136363 -0.25523558 -0.20689406 -0.08866397 0.03594569 0.16553074 0.17940655 0.16494289 0.117549255 -0.0044263178 -0.0814552 -0.122841366 -0.170794 -0.1799383 -0.19568592 -0.1881372 -0.20261486 -0.16957313 -0.24524911 -0.27979746 -0.25690043 -0.2613542 -0.29491478 -0.37277275 -0.34189725 -0.43101156 -0.43101034 -0.45437935 -0.45648926 -0.3985566 -0.33417377 -0.3437427 -0.25186944 -0.21929489 -0.18763743 -0.12768207 -0.117680974 -0.09926817 -0.08206597 0.030123062 0.16795273 0.059669603 -0.04830717 -0.03800614 0.033175487 0.16022195 0.1914508 0.11401245 0.058412313
0.09394573 0.0063465927 0.02602518 0.16138013 0.027803885 -0.09895175 -0.17747693 -0.17605574 -0.34634236 -0.2932066 -0.21683145 -0.097189404 0.093342654 0.3654018 0.32969612 0.2337399 0.2108403 0.10779633 -0.0049885474 -0.05832958 -0.03661557 -0.23892365 -0.21410719 -32767.0 0.024165241 -0.07273102 -0.18763939 -0.28391838 -0.31750095 -0.34816888 -0.38142714 -0.45510882 -0.52924293 -0.56233215 -0.62568885 -0.6210305 -0.57747227 -0.5122062 -0.4737693 -0.4390518 -0.3590776 -0.32409313 -0.25431862 -0.113128416 -0.040110532 -0.013643432 -0.018749593 -0.040238958 0.01644268 0.12670152 0.28085026 0.3869243 0.30444366 0.15359025 0.17161302 0.18722923 0.13908166 0.124235675
-0.019721558 -0.046591062 -0.13605815 -0.033399455 -0.00013934643 0.050687425 0.03288922 -0.044420537 -0.009013938 0.016127659 0.13093281 0.4842968 0.79158336 0.6918695 0.3427619 0.29214394 0.16918793 -0.053646974 -0.06110436 -0.094660334 -0.12824793 -0.095985666 -0.037875004 -0.21545751 -0.13825314 0.006437081 -0.13355467 -0.2531954 -0.33712602 -0.36077872 -0.43365693 -0.5440037 -0.6124326 -0.6551005 -0.6842529 -0.66067874 -0.6473449 -0.63444847 -0.56832707 -0.4824059 -0.39020994 -0.25945324 -0.1694927 -0.07916962 -0.012647568 0.02701622 0.0102139935 -0.030242445 0.019230658 0.07259823 0.17975008 0.33823547 0.47371984 0.4766685 0.29380706 0.20262931 0.19217315 0.16103497
-0.015296953 0.17898716 0.36882168 0.40514487 0.39707398 0.39611202 0.48370317 0.43219435 0.4496696 0.7030149 0.9129166 0.85456294 0.6213302 0.34658805 0.26518184 0.24147014 0.11186384 -0.14575948 -0.1987167 -0.12514855 -0.05616623 -32767.0 -0.23317538 -0.034243617 -0.033347376 0.002299109 -0.038483035 -0.1881146 -0.3253922 -0.38074857 -0.44929576 -0.50439584 -0.5930869 -0.60279596 -0.5959325 -0.6326987 -0.6462715 -0.5911017 -0.5159938 -0.429936 -0.33664095 -0.24275371 -0.13305627 -0.037790913 0.022268374 0.008887773 -0.0102489805 -0.015190762 0.028781336 0.087564096 0.13191527 0.27266595 0.4632196 0.46909615 0.40664816 0.28219634 0.20575659 0.16804689
0.17033152 0.48971358 0.48975495 0.60378975 0.620226 0.5307755 0.5422918 0.57609457 0.5218724 0.6150215 0.53817236 0.32220513 0.17060126 0.21426167 0.19928975 0.15512092 0.109641746 -0.0006786473 -0.123353295 -0.19075693 -0.19654602 -0.15833758 -0.07011908 -0.078570515 -0.07170088 -0.03563882 -0.04039444 -0.11973233 -0.28200543 -0.36428177 -0.39099088 -0.46564695 -0.48500472 -0.50158316 -0.5366976 -0.5712869 -0.52986723 -0.4661758 -0.3867972 -0.32580817 -0.21946621 -0.13962014 -0.085356146 -0.020619163 0.03966341 0.060584605 0.048659805 0.05422002 0.06598505 0.11097096 0.15071008 0.19216347 0.30532563 0.33479422 0.3210899 0.2869774 0.23246384 0.19346459
0.016949128 0.20613045 0.21358149 0.12295605 0.15766785 0.25791904 0.3628714 0.48885387 0.4180459 0.21846174 0.14031114 0.21018147 0.1842719 0.04236662 0.058732137 0.002360318 -0.023074908 -0.014508249 0.057362083 -0.036778353 -0.13092837 -0.10632079 -0.07042318 -0.016428469 0.07023048 0.10208264 -0.018926535 -0.10528837 -0.24911892 -0.36209375 -0.40576622 -0.4093886 -0.43372193 -0.42821315 -0.48245442 -0.47085133 -0.42080328 -0.38377059 -0.31181532 -0.20934609 -0.14260006 -0.090559244 -0.032011144 -0.019481868 0.040708955 0.09092553 0.091294035 0.07405668 0.093350865 0.12188018 0.1268401 0.06721019 0.122669645 0.19575174 0.2368088 0.26959494 0.2921894 0.27650994
-0.12443621 0.060477644 0.11743042 0.15287198 0.20749581 0.31948918 0.42480043 0.27952272 0.17095503 0.13881278 0.16741548 0.15927409 -0.049531788 -0.102991514 -0.0953352 -0.06743001 -0.04923745 0.039299943 0.14060903 0.26673698 0.18596919 0.046199225 0.09001711 0.19612518 0.17657734 0.056574203 -0.17283723 -0.2771127 -0.3151426 -0.3863758 -0.41162807 -0.41854155 -0.42565602 -0.36899552 -0.36277077 -0.33659044 -0.26975057 -0.23572779 -0.17051527 -0.11847417 -0.0676166 0.0029334144 0.06249664 0.087491676 0.09413119 0.10896346 0.09473682 0.0585109 0.061908424 0.066618845 0.10347821 0.024254732 0.005072858 0.11327144 0.2837295 0.32835174 0.26315305 0.29307458
0.044049542 -0.18112583 -0.10358334 0.02427891 0.11500018 0.12183292 0.07933153 0.046522085 0.09115397 0.090204194 0.09884772 0.009852719 -0.15614903 -0.14733306 -0.068015896 -0.04162261 0.019297786 0.04369879 0.13164961 0.20318468 0.2012842 0.20940678 0.2063883 0.05781834 -0.120393135 -0.36093763 -0.49315852 -0.46012214 -0.37330028 -0.39813164 -0.4237711 -0.39902925 -0.37480587 -0.32939103 -0.23716608 -0.16946448 -0.08939203 0.008782524 0.07717008 0.14719653 0.20375353 0.23778576 0.2642152 0.27608594 0.24921912 0.22472927 0.22217739 0.13940147 0.051224764 0.06607608 0.045779318 0.09979227 0.0039372668 -0.013162176 0.13925536 0.36811882 0.46436754 0.47686002
0.32950684 0.05644303 0.02724479 0.008647911 0.036184702 0.106236964 0.16947086 0.13601993 0.072415404 0.053841215 0.001161268 -0.097939916 0.021061875 -0.031587157 -0.008781533 -0.066598885 -0.031703442 0.039683945 0.03925299 0.13014232 0.25175157 0.102396294 -0.075925104 -0.26245314 -0.5089988 -0.70952886 -0.64891714 -0.38794625 -0.3692572 -0.44520542 -0.4924648 -0.45376545 -0.41199076 -0.32798323 -0.18598859 -0.040824436 0.053306207 0.20516136 0.3370193 0.42315164 0.49951127 0.51505476 0.51024157 0.49985415 0.4281451 0.42984185 0.47861624 0.41063178 0.25305253 0.17094448 0.14928314 0.14847161 0.21243727 0.15532151 0.154947 0.24039795 0.28630382 0.29093042
0.6736461 0.24631794 0.15424494 0.0006414457 0.056419592 -0.0055190288 -0.016178394 -0.0029795584 -0.053680003 0.062980875 -0.018269623 0.03975053 0.0932953 0.12512563 0.09212742 0.050084054 0.022905419 0.020126624 0.09055855 0.12142437 0.024990413 -0.116255574 -0.2702234 -0.497289 -0.6986658 -0.6616036 -0.37953848 -0.34951434 -0.4299291 -0.50795025 -0.56348485 -0.62247837 -0.5133804 -0.3713719 -0.16875665 0.049566217 0.19174308 0.32677343 0.47774526 0.5829139 0.6433038 0.6875955 0.6877792 0.67292714 0.73684293 0.79966646 0.78107285 0.64442694 0.47448185 0.3337364 0.235169 0.22306095 0.20864502 0.19401969 0.24696916 0.20083365 0.11533322 0.09004412
0.10496918 0.12916061 0.07117801 0.107360564 0.123890564 -0.1317112 -0.24890259 -0.084932104 0.13554476 0.29343173 0.18936914 0.16101417 0.16899098 0.15048751 0.123153605 0.11149848 0.11265631 0.05965324 -0.042285606 -0.06406285 -0.13419133 -0.30356818 -0.4585705 -0.57023305 -0.4773253 -0.31982657 -0.3899797 -0.44032723 -0.47248146 -0.4874496 -0.5810964 -0.6820564 -0.59376246 -0.45325378 -0.19832556 0.07986236 0.34853896 0.5386759 0.68542826 0.7462656 0.7898941 0.854555 0.90492773 0.9884942 1.0224836 0.93282163 0.7807421 0.61852896 0.42214167 0.33114433 0.25526795 0.24799457 0.15595189 0.15268269 0.23730995 0.11675495 0.015651435 0.010219353
0.05372111 0.008601059 -0.0042909402 0.11387482 0.08556366 -0.019474372 0.06977064 0.3674947 0.30832076 0.21066567 0.15887636 0.170774 0.17404662 0.14392374 0.1056907 0.05907917 0.029470734 -0.12931715 -0.1520564 -0.22491466 -0.37423155 -0.5074147 -0.56618804 -0.41079155 -0.32084507 -0.4021483 -0.4587048 -0.46059796 -0.47549814 -0.47358742 -0.43475425 -0.41643655 -0.36050147 -0.30494225 -0.13952251 0.1587711 0.5117362 0.77693397 0.95739686 1.0817178 1.1540716 1.1959077 1.1752037 1.0658113 0.93177056 0.8434505 0.74239165 0.55298156 0.4039213 0.28901803 0.22033349 0.18227828 0.13092558 0.1825832 0.12469027 -0.0030173254 -0.040729072 -0.051764265
0.12916109 -0.06287004 -0.12648506 0.011422311 -0.06834833 -0.13396777 -0.07737018 -0.01919327 0.03075167 0.07517016 0.074055 0.08561497 0.13542742 0.115470245 0.065202005 -0.01175035 -0.09762621 -0.21007106 -0.22236843 -0.36772788 -0.51138693 -0.5140623 -0.3699533 -0.34175447 -0.38054287 -0.44557208 -0.45830393 -0.46913925 -0.46869186 -0.47279564 -0.44751248 -0.3451554 -0.23251918 -0.031631246 0.2077628 0.4009319 0.6245601 0.87398666 1.0618017 1.1605939 1.1698087 1.050149 0.8691475 0.77499264 0.7402429 0.6677154 0.63208246 0.54985625 0.459754 0.29853368 0.18676236 0.12400497 0.13553308 0.11941433 0.02279509 -0.05840473 -0.08802096 -0.08788624
0.20897147 -0.11830791 -0.17780688 -0.25701764 -0.291552 -0.32127574 -0.32590693 -0.29269266 -0.20620325 -0.00388073 0.059997644 0.07795273 0.060705334 0.020774165 -0.045953818 -0.041030142 -0.16181332 -0.23113021 -0.30595687 -0.41108853 -0.4175578 -0.32587212 -0.32209224 -0.3314365 -0.32616848 -0.30446246 -0.33688033 -0.35228702 -0.34411034 -0.36282152 -0.42667145 -0.42965192 -0.2746981 -0.006767501 0.259433 0.46263415 0.65102243 0.815809 0.9099128 0.9444601 0.8626104 0.7171909 0.56574744 0.46217078 0.44095662 0.475407 0.46960318 0.44516814 0.44528878 0.28184935 0.18672685 0.064079724 0.05528195 0.058391023 -0.03541622 -0.0914098 -0.12141326 -0.12940821
-0.09565827 -0.19079947 -0.28826204 -0.3153489 -0.3156235 -0.26959503 -0.1948325 -0.12552983 -0.13475609 -0.12842762 0.045967303 0.013123172 -0.041331887 -0.09115194 -0.09783135 -0.11510052 -0.20749603 -0.2459586 -0.34830764 -0.32749137 -0.28693286 -0.28244546 -0.25686273 -0.22662854 -0.17766741 -0.15709935 -0.14387025 -0.15221517 -0.1958042 -0.22154468 -0.21839838 -0.28410515 -0.17986284 0.14298084 0.33672452 0.46965593 0.65321296 0.81123453 0.841827 0.7712586 0.6548673 0.48271012 0.29550228 0.18691926 0.19410317 0.31794715 0.37183014 0.3933797 0.40366465 0.34045476 0.24769762 0.15399532 0.033883076 0.021409977 -0.075146414 -0.1305235 -0.12056226 -0.14664009
-0.27432987 -0.14728935 -0.029975664 0.097930044 0.17431659 0.2157112 0.21371086 0.12752125 0.060303755 0.09035185 0.03147635 -0.0992285 -0.16939372 -0.19090125 -0.13298023 -0.23049664 -0.2534231 -0.30173895 -0.3120007 -0.30347157 -0.3109736 -0.22397093 -0.16211097 -0.1367837 -0.12308665 -0.096763924 -0.072556935 0.0036263277 0.045829955 -0.0033216276 -0.015887998 -0.005206617 0.14806087 0.2598559 0.36869356 0.494923 0.6566562 0.80806816 0.8065253 0.66838485 0.52610797 0.44839653 0.2699419 0.1394967 0.10578717 0.18209802 0.29776588 0.37187937 0.4239412 0.49269065 0.3805229 0.256898 0.074317686 0.023031311 -0.10443964 -0.15043275 -0.12506633 -0.15080728
-0.12662171 0.067144364 0.14008814 0.13711141 0.16232689 0.23888575 0.23152055 0.12343806 0.17945044 0.2809059 0.051289383 -0.16501795 -0.2769804 -0.23322058 -0.2680983 -0.28679582 -0.28572458 -0.32967862 -0.32151726 -0.2920556 -0.24811183 -0.21658885 -0.20374712 -0.14228122 -0.09355622 -0.07352373 -0.05607234 0.0026469736 0.0789 0.1902084 0.20553328 0.15892005 0.18235861 0.35356426 0.4479147 0.59727305 0.6799996 0.7814623 0.7845969 0.6590381 0.49706265 0.46644917 0.38307482 0.22254142 0.08693002 0.15793836 0.22939847 0.3065295 0.36823854 0.42965645 0.47515953 0.340685 0.15815085 0.034924068 -0.09794881 -0.12654631 -0.107862175 -0.08948257
0.09745193 0.3316556 0.44437253 0.4740519 0.30554503 0.21166226 0.19895257 0.20621715 0.3143524 0.15279876 -0.056489337 -0.22589433 -0.2894418 -0.33450127 -0.34336516 -0.30031133 -0.29953855 -0.34276175 -0.27754313 -0.28337786 -0.4072403 -0.45638803 -0.3638556 -0.21219438 -0.10572776 -0.084265366 -0.1137445 -0.058218993 0.058739256 0.2065769 0.29890972 0.24410777 0.26744983 0.37412626 0.51274914 0.6272299 0.60661113 0.71015126 0.7606273 0.6750837 0.4639791 0.34240136 0.26993126 0.1279888 0.079656675 0.11872607 0.11823586 0.19697618 0.24529512 0.2577168 0.30274725 0.30652136 0.1863661 0.060967404 -0.06644037 -0.07730075 -0.05161153 0.0022947448
0.17635162 0.3006793 0.4780278 0.42712033 0.36144683 0.21306372 0.23590562 0.23222458 0.16783619 -0.06645184 -0.17434292 -0.2692522 -0.3114616 -0.34440202 -0.2894653 -0.29873046 -0.31154236 -0.26268756 -0.22553244 -0.26601902 -0.27845842 -0.22903319 -0.09366454 -0.07191689 -0.047678884 0.028989451 -0.04606812 -0.08387844 0.030396692 0.18044633 0.27448437 0.2757617 0.30781874 0.3465014 0.42267683 0.5248238 0.5261631 0.57211673 0.5582984 0.49404645 0.31646076 0.14432567 0.10139094 0.03563942 0.06518358 0.034599528 0.05851662 0.10939207 0.10342817 0.10337641 0.10509325 0.14476617 0.11231641 0.033024304 -0.050724752 -0.018939137 -0.013621919 0.042857192
0.11772817 -0.10697322 -0.14650093 0.060992457 0.10006155 0.2713841 0.30797964 0.17849357 0.07008597 -0.06690764 -0.16634552 -0.27185684 -0.27972662 -0.29707807 -0.25846034 -0.26014018 -0.20733039 -0.16354685 -0.126219 -0.027170677 0.056969717 0.17091382 0.27358833 0.26103804 0.16922472 0.14611375 0.17958869 0.039114863 -0.028297607 0.14849263 0.24662435 0.22636066 0.22390813 0.26826382 0.35519287 0.46051303 0.47603256 0.43123248 0.42670405 0.3605209 0.14689438 -0.069405615 -0.10716752 -0.03204089 -0.05230203 -0.11708135 -0.037904378 0.017246429 -0.024174951 -0.061650664 -0.10541393 -0.08818879 -0.025919566 0.015998267 -0.02073134 0.025208024 0.09429033 0.103219375
0.03741466 -0.121467225 0.08654583 0.2533452 0.43783092 0.41290107 0.37017682 0.1851883 0.05863541 -0.05330956 -0.14679374 -0.23397571 -0.23930834 -0.25988245 -0.24506976 -0.20469534 -0.13135868 -0.06609287 0.05872302 0.23358196 0.39200184 0.49372318 0.5222759 0.5130546 0.4418676 0.39358678 0.31199253 0.33954 0.21252063 0.21755867 0.34720773 0.24695224 0.21880919 0.27825674 0.34783787 0.44432443 0.458842 0.38728148 0.3361587 0.23277234 0.0062290053 -0.19008274 -0.20927952 -0.16554007 -0.19448446 -0.26738885 -0.18129623 -0.11584429 -0.16186975 -0.20981677 -0.28656137 -0.2671574 -0.100093395 -0.018837478 -0.018863617 0.04434415 0.11475414 0.24664462
0.13964799 0.35977113 0.43473628 0.4137022 0.39590022 0.38342068 0.32922533 0.1923328 0.043249957 -0.023694254 -0.13642572 -0.23215427 -0.22197692 -0.21748947 -0.23727682 -0.12986554 -0.023065122 0.05780321 0.17275696 0.33931214 0.47802955 0.5690802 0.6458608 0.7548508 0.78585154 0.78647166 0.6903747 0.568385 0.55143553 0.5244139 0.47058156 0.3621868 0.25396165 0.2718904 0.3061249 0.41599485 0.52509147 0.4621649 0.293138 0.105279386 -0.18420747 -0.36444318 -0.33103323 -0.30471477 -0.3774586 -0.36137745 -0.30170342 -0.2798069 -0.28175214 -0.30288923 -0.29491544 -0.21715142 -0.13650742 -0.07655341 -0.0146189565 0.08300272 0.15452729 0.23988761
0.26347247 0.43476272 0.27417496 0.14423665 0.22111173 0.27895948 0.23297933 0.1925534 0.0351132 -0.00353358 -0.14521378 -0.20981972 -0.23428431 -0.21935885 -0.15716547 -0.074582495 0.074774966 0.21402672 0.28867686 0.40062675 0.5971241 0.77831626 0.83549905 0.79547143 0.7476699 0.7696138 0.8122214 0.8235772 0.7738429 0.64505285 0.5181056 0.39592478 0.260722 0.17467165 0.22423717 0.34385344 0.46164098 0.4519073 0.29406837 0.07819057 -0.23945644 -0.41523263 -0.4308365 -0.4412722 -0.4740597 -0.450386 -0.4073228 -0.41832542 -0.40341622 -0.32041776 -0.20817916 -0.07690954 -0.09349012 -0.09912312 0.004409026 0.19967693 0.3214271 0.44887868
