static/data/seaWater_uo/2023/7/31/6.asc
ncols 137
nrows 93
xllcorner 108.0
yllcorner 17.0
cellsize 0.25
NODATA_value -32767
[rows 0 to 25 of 93, columns 57 to 113 of 137]
-32767.0 -32767.0 -32767.0 -32767.0 -32767.0 -32767.0 -32767.0 -32767.0 -32767.0 -32767.0 -32767.0 -32767.0 -32767.0 -32767.0 -32767.0 -32767.0 -32767.0 -32767.0 -32767.0 -32767.0 -32767.0 -32767.0 -32767.0 0.012236097 -0.030422373 -0.21382551 -0.016593654 0.24796714 0.28230226 0.30115333 0.3973241 0.31947654 0.18189749 0.20035435 0.24774767 0.17898996 0.1327851 0.16759911 0.15656954 0.11088033 0.17181638 0.3031419 0.36553344 0.4038736 0.43924335 0.2319223 -0.03255295 -0.096292205 -0.0824255 -0.014673433 0.22339742 0.29700938 0.23936893 0.28560624 0.4885844 0.711686 0.75320214
-32767.0 -32767.0 -32767.0 -32767.0 0.001975542 -0.0107467 0.040311724 0.025296753 0.046466522 0.045810934 0.036355786 -32767.0 -32767.0 -32767.0 -32767.0 -32767.0 -32767.0 -32767.0 -32767.0 -32767.0 -32767.0 -32767.0 0.07502535 0.2978451 0.04734702 0.027746642 0.16929008 0.0491651 -0.14139976 -0.15070927 -0.042615265 0.08818467 0.13621807 0.12555291 0.14147764 0.11157868 0.028598446 0.037395395 0.14114536 0.037613377 0.12539388 0.23347688 0.3680849 0.380301 0.30934632 -0.017888173 -0.08504782 0.06437055 0.089887634 0.028804911 -0.010488674 0.122355014 0.13758805 0.16378574 0.16644596 0.2269135 0.22165771
-32767.0 -32767.0 -0.07479894 -32767.0 -0.068960465 -0.063336015 -0.047645587 -0.014645041 -0.011378844 0.029516144 0.067492455 0.07229919 0.15833163 -32767.0 -32767.0 -32767.0 -32767.0 -32767.0 -32767.0 -32767.0 -32767.0 -32767.0 0.00082573947 0.07183305 0.07835228 0.018440235 -0.119599834 -0.12162191 -0.12358287 -0.088638924 -0.13098565 -0.047122188 0.03446953 -0.006545138 0.03408613 -0.10617287 -0.23816651 -0.07309291 -0.13617596 -0.039923944 0.014412073 0.16480401 0.26101995 0.24422146 0.24934249 0.009214976 -0.011818912 0.15738522 0.030432366 -0.13166907 -0.209512 -0.20456047 -0.15675215 -0.12039287 -0.03980844 -0.041191243 -0.11417902
-0.08129738 -0.09028336 -32767.0 -0.06465012 -0.06041394 -0.10853802 -0.084050104 -0.10878023 -0.10629447 0.023503413 0.051271237 -0.023001924 -0.007540575 -32767.0 -32767.0 -32767.0 -32767.0 -32767.0 -32767.0 -32767.0 -32767.0 -0.1469174 -0.16586952 -0.2023748 -0.05420547 -0.2771366 -0.30576155 -0.3602523 -0.273063 -0.10593785 -0.047493674 0.09242218 0.14356071 0.1396741 0.0211471 -0.23110396 -0.33430478 -0.27514938 -0.23492748 -0.10252155 0.09805229 0.22822899 0.19687173 0.121478826 0.11187508 -0.013982486 -0.04718203 0.0632724 -0.13095155 -0.15761329 -0.13726963 -0.13614501 -0.21012323 -0.2177077 -0.19614692 -0.18202843 -0.20190467
-0.21613492 -0.16432868 -32767.0 -0.06963097 -0.112493806 -0.124863856 -0.11036115 -0.037205193 -0.05451718 -0.12961704 -0.005959388 -0.002422227 -32767.0 -32767.0 -32767.0 -32767.0 -32767.0 -32767.0 -32767.0 -32767.0 -32767.0 -32767.0 -32767.0 -0.25346082 0.14954881 -0.10164547 -0.3585795 -0.36144254 -0.29070663 -0.15839992 0.1437739 0.17790744 -0.014885315 -0.25821453 -0.33461514 -0.19919223 0.106311224 0.20505935 0.16999702 0.19071133 0.27737635 0.19999202 -0.003497704 -0.15287349 -0.22145988 -0.26695776 -0.19458865 -0.0037964112 -0.09215621 -0.0045867455 0.08420355 0.112151556 0.13460545 0.06411426 0.010410419 -0.057092477 -0.03924911
-0.089424096 -0.10325731 -0.090871595 -0.07034365 0.022871781 0.09905757 0.013789477 0.026224338 0.0393372 0.02189209 0.021139147 0.008635409 -32767.0 -32767.0 -32767.0 -32767.0 -32767.0 -32767.0 -32767.0 -32767.0 -32767.0 -32767.0 -32767.0 -32767.0 -0.15580148 -0.10371035 -0.36055213 -0.43533748 -0.37927288 -0.1030055 0.087285526 -0.010145951 -0.09152365 0.019150715 -0.035594743 0.11158614 0.37064275 0.5092697 0.49549177 0.30256504 0.066974044 -0.08099403 -0.24878772 -0.5771805 -0.59589493 -0.52502155 -0.26638368 -0.1390526 -0.0097803585 0.23151158 0.5168192 0.64437634 0.60340524 0.45448533 0.28174073 0.07262698 -0.08475503
0.00962169 -0.03890651 -0.046727534 0.026738096 0.06352713 0.017244685 -0.017519945 -0.011246384 0.08481325 -0.02942007 -0.07884962 -0.011543602 -32767.0 -32767.0 -32767.0 -32767.0 -32767.0 -32767.0 -32767.0 -32767.0 -32767.0 -32767.0 -32767.0 -32767.0 -32767.0 -0.28798082 -0.3167134 -0.4037764 -0.39923525 -0.19297929 0.010733627 -0.15711851 -0.12942114 0.030423481 0.026189614 -0.03345559 -0.045298852 -0.04801489 -0.071745396 -0.11472213 -0.05594864 -0.35445482 -0.53585565 -0.53964764 -0.37393233 -0.08145511 -0.013438464 0.13899675 0.38544852 0.54359037 0.45968074 0.27822977 0.20766132 0.19792798 0.20528491 0.16402635 -0.091261886
0.13925678 0.075629555 0.026646929 0.054163743 0.010167645 -0.023741184 -0.07678266 -0.023994796 -0.041843846 0.050691824 -0.031351723 -32767.0 -32767.0 -32767.0 -32767.0 -32767.0 -32767.0 -32767.0 -32767.0 -32767.0 -32767.0 -32767.0 -32767.0 -32767.0 -32767.0 -32767.0 -0.084284484 -0.020144358 -0.24324748 -0.060407273 -0.060569134 -0.21596308 -0.048391752 -0.2291114 -0.1767032 -0.023598814 -0.007845903 0.06261106 0.03376721 -0.062107228 -0.085285574 -0.15016668 -0.07170978 0.21173544 0.49598706 0.7294746 0.8137185 0.77723044 0.5713184 0.2530053 0.02809708 0.047511727 -0.00805429 -0.054219183 0.031530205 0.13194671 0.04197403
0.03551343 0.05841056 0.047359552 -0.054505523 -0.043640733 -0.07668777 -0.024329323 -0.038695242 -0.086248815 -0.14147992 -32767.0 0.056401625 -32767.0 -32767.0 -32767.0 -32767.0 -32767.0 -32767.0 -32767.0 -32767.0 -32767.0 -32767.0 -32767.0 -32767.0 -32767.0 -32767.0 -0.119357936 -0.11273294 0.102786645 0.29273158 -0.12968686 -0.1430002 -0.09919421 -0.19996218 -0.10653879 -0.1675692 -0.17080016 -0.039264478 -0.023369301 -0.042831883 0.017250314 0.19793287 0.36287805 0.33559725 0.29899782 0.27156484 0.2783051 0.23700821 0.05781161 -0.119713694 0.08293993 -0.017849207 -0.0056464737 -0.054923095 -0.15419267 0.01412887 0.25098318
-0.22835234 -0.13955703 -0.09010669 -0.023271957 -0.059931837 -0.08870001 0.016970323 0.009403119 0.013264797 0.036383376 -0.07905272 0.027711246 0.049359787 0.07350958 0.08966471 0.09112535 -0.009340616 -32767.0 -32767.0 -32767.0 -32767.0 -32767.0 -32767.0 -32767.0 -32767.0 -32767.0 -32767.0 0.061769377 0.115751766 0.06410546 -0.14327434 -0.10248516 0.07817049 0.017360644 -0.023828685 -0.24034321 -0.35468578 -0.32494092 -0.2641338 -0.10667608 0.0071407733 0.11096479 0.16451713 0.06838659 0.1340423 0.17043582 -0.009908119 -0.14748178 -0.25681952 -0.039066277 -0.2718871 -0.29127932 -0.20935331 -0.11866372 -0.16706386 -0.07936633 0.13380024
0.044311482 -0.10140474 -0.08182286 -0.018901644 -0.07021905 -0.055180747 0.036836423 0.09525657 0.058916792 0.089675866 0.059969828 -0.065829776 0.023182793 -0.02837871 -0.03293814 -0.18936753 -0.029985879 -32767.0 -32767.0 -32767.0 -32767.0 -32767.0 -32767.0 -32767.0 -32767.0 -32767.0 -32767.0 -32767.0 -0.023801887 -0.17572376 -0.23128712 -0.16704436 0.20608684 0.19961283 0.042052835 -0.019603346 -0.1968314 -0.26257768 -0.29023758 -0.18434352 -0.003698789 0.07954782 0.024788383 -0.025306739 0.004301562 -0.0758208 -0.19084918 -0.14038235 -0.067197286 -0.11216596 -0.15736759 -0.38416922 -0.4549119 0.16032845 0.061468065 -0.0009925247 0.09915887
-32767.0 -32767.0 0.023636494 -0.038238913 0.04918504 0.0037063526 0.053911697 0.053894863 0.023953466 0.031258717 -0.030915005 -0.110985495 -0.057905648 -0.024445174 -0.17489997 -0.097525924 0.039516293 -0.011771906 0.0133989435 -32767.0 -32767.0 -32767.0 -32767.0 -32767.0 -32767.0 -32767.0 -32767.0 -32767.0 -32767.0 -0.07243188 -0.12789443 -0.07924189 0.0063498495 0.21075517 0.12053612 0.07734969 0.023081616 0.12572998 0.1095527 0.13661401 0.17500733 0.18474364 0.077280894 -0.06102549 -0.11370574 -0.04209384 -0.12505472 -0.16228443 -0.22970197 -0.18685867 -0.052373484 -0.18473633 -0.23235685 -0.34399655 -0.010154282 0.11452491 0.24270535
-32767.0 -32767.0 0.033556275 -0.04986214 -0.027403463 0.07354454 0.09340231 0.014324887 0.014646763 -0.024043843 -0.045191504 -0.14866027 -0.2264235 -0.09951492 -0.09050189 -0.12380031 -0.32637927 -32767.0 -0.09006061 -32767.0 -32767.0 -32767.0 -32767.0 -32767.0 -32767.0 -32767.0 -32767.0 -32767.0 -32767.0 -0.04713948 0.037394665 -0.024545778 -0.026991613 0.09091371 0.042277172 0.1009077 0.24029209 0.43251535 0.54943436 0.55772203 0.43149692 0.21581607 0.1342131 -0.024729785 -0.06657718 -0.045897275 -0.020974519 -0.117295176 -0.17131793 -0.22726667 -0.20224449 -0.096914425 -0.09345004 -0.15728618 -0.04674226 0.02668485 -0.14623643
0.106853835 0.2327234 0.19101845 0.11917074 0.14051387 0.1512328 0.010169524 0.01723746 0.039333228 -0.026598781 -0.09617513 -0.106236905 -0.13908371 -0.14739537 -0.14999682 -0.08494551 -32767.0 -32767.0 -32767.0 -32767.0 -32767.0 -32767.0 -32767.0 -32767.0 -32767.0 -32767.0 -32767.0 -32767.0 -32767.0 -0.11632254 -0.117071345 -0.13660388 -0.08253874 0.039281007 0.105433315 0.23794255 0.31504613 0.5591389 0.501627 0.35292777 0.20568112 0.120151184 0.00048766308 -0.057453 -0.10197267 0.00035740715 0.15730819 0.15709956 0.09922542 -0.0026810137 -0.06090339 0.0012482797 0.14701572 0.017678943 -0.15170938 -0.015559064 -0.057784237
0.13606575 0.11469993 0.11602376 0.19491503 0.23126365 0.20878536 0.080794916 0.096108325 0.12324418 0.14276429 0.07449917 0.04804071 -0.018801033 -0.06726305 0.002087957 0.034679946 -0.08888866 -32767.0 -32767.0 -32767.0 -32767.0 -32767.0 -32767.0 -32767.0 -32767.0 -32767.0 -32767.0 -32767.0 -32767.0 0.032764196 -0.07856286 -0.10870253 -0.1253222 0.055882115 0.18759461 0.27314225 0.4458609 0.39997268 0.28165066 0.11933507 0.0863951 0.009533716 0.052475926 -0.022522476 -0.19212145 -0.039773975 0.10631124 0.095608555 0.038294144 -0.04837873 -0.19842027 -0.087543726 0.011964645 0.06524748 -0.03300124 0.14397927 0.2757345
0.09867347 0.07145494 0.13514586 0.19842453 0.24510413 0.21945973 0.19950502 0.2666959 0.30553287 0.29640776 0.32916883 0.33636725 0.25858197 0.10494016 0.13614161 -0.079314604 -0.066653274 -0.008228794 -32767.0 -32767.0 -32767.0 -32767.0 -32767.0 -32767.0 -32767.0 -32767.0 -32767.0 -32767.0 -32767.0 0.096063726 0.3626312 0.046400093 -0.07100588 -0.13890035 0.03274681 0.12191038 0.13000233 0.1676423 0.153424 0.089302406 0.11169916 -0.06239475 0.10401402 0.12247372 -32767.0 -0.04032617 0.17103171 0.047668464 0.08352634 -0.09783296 -0.15536456 -0.04858916 0.009709154 0.24742703 0.41279638 0.31221527 -32767.0
0.04085169 0.08595982 0.1732877 0.1623523 0.15244833 0.2378416 0.2859071 0.35074168 0.3522208 0.3848304 0.3902457 0.4209886 0.32637557 0.24623547 0.128424 -0.029394567 -0.02360406 0.09023199 -32767.0 -32767.0 -32767.0 -32767.0 -32767.0 -32767.0 -32767.0 -32767.0 -32767.0 -32767.0 -32767.0 -32767.0 0.2920811 0.097641 -0.20648062 -0.22732365 -0.20570989 -0.11452665 -0.062038958 -0.008280819 0.050071336 0.2516922 0.44993412 0.423243 0.004741553 0.09286718 -0.055578392 0.04565669 0.07779282 0.2913376 0.35592964 0.2826198 0.33988625 0.39989167 0.22372767 0.26184818 0.2572596 0.31679913 -32767.0
0.014110324 0.08275685 0.13368772 0.15788814 0.19166215 0.22894064 0.26844877 0.30851898 0.2645493 0.23274064 0.29258552 0.26109132 0.24891596 0.24193786 0.10818813 0.0040776827 -0.056122936 -0.030415386 -0.01631134 -32767.0 -32767.0 -32767.0 -32767.0 -32767.0 -32767.0 -32767.0 -32767.0 -32767.0 -32767.0 0.36931202 0.12981509 0.006340008 -0.24621014 -0.29082972 -0.15621845 -0.15772519 -0.08270551 -0.05229846 -0.06128341 0.08281233 0.14316766 0.016676005 0.09973337 0.32544306 0.36745474 0.36725563 0.3756485 0.33696 0.12566665 -0.07386929 0.12584236 0.24634847 -32767.0 -0.13295403 -0.14956263 -0.05043965 -32767.0
0.0589727 0.10720949 0.102163725 0.1976316 0.21604757 0.21950185 0.16796008 0.09200391 0.09559529 0.030045433 0.005281874 0.00029232306 0.07593325 0.11574674 -0.06366787 -0.18922752 0.016338691 -0.02105656 -32767.0 -32767.0 -32767.0 -32767.0 -32767.0 -32767.0 -32767.0 -32767.0 -32767.0 -32767.0 -32767.0 0.44380173 0.09379216 0.024527583 -0.057969864 0.037604682 0.040972605 0.0020278394 0.08354827 0.08075494 0.042851347 -0.041341137 -0.14630693 0.17177626 0.36016122 -32767.0 -32767.0 -0.0345543 -0.062939525 -32767.0 -32767.0 -32767.0 -32767.0 -32767.0 -32767.0 -32767.0 -32767.0 -32767.0 -32767.0
0.08690632 0.11907942 0.13565429 0.12277803 0.12893914 0.093035355 0.036316223 0.0039093005 0.034680165 0.09037777 0.021636393 -0.08267225 -0.00022429205 -0.04311966 -0.021364238 0.078730196 0.07544558 -32767.0 -32767.0 -32767.0 -32767.0 -32767.0 -32767.0 -32767.0 -32767.0 -32767.0 -32767.0 -32767.0 0.48431024 0.38306767 0.086585194 0.021035928 -0.033562843 -0.015526117 0.021318182 0.070755474 0.13320787 0.14365755 -0.13388228 -0.34276006 -0.34152657 -0.09225984 -32767.0 -32767.0 -32767.0 -32767.0 -32767.0 -32767.0 -32767.0 -32767.0 -32767.0 -32767.0 -32767.0 -32767.0 -32767.0 -32767.0 -32767.0
0.007349269 0.089144506 0.10695419 0.104405746 0.08577934 0.07356823 0.12909703 0.16898638 0.09682172 0.09706322 0.09245247 0.056424223 0.036558013 -0.021520535 0.023451028 0.008943364 0.00040267385 -32767.0 -32767.0 -32767.0 -32767.0 -32767.0 -32767.0 -32767.0 -32767.0 0.14920014 0.06704959 0.4138587 0.43163383 0.27143806 -0.06345131 -0.13651778 -0.0039321417 -0.055307563 0.113664635 0.2774683 0.27578327 -0.01734345 -0.21345006 -0.25852787 -32767.0 -32767.0 -32767.0 -32767.0 -32767.0 -32767.0 -32767.0 -32767.0 -32767.0 -32767.0 -32767.0 -32767.0 -32767.0 -32767.0 -32767.0 -32767.0 -32767.0
-0.0036156797 0.03830281 0.07526301 0.07133923 0.057194177 0.060373213 0.061664574 0.06910188 0.10929165 0.10268489 0.1793741 0.2238254 0.1031148 0.04715053 0.059266895 0.030822625 -0.016234009 -32767.0 -32767.0 -32767.0 -32767.0 -0.02532275 0.18313725 0.0846939 0.08089484 0.16977265 0.20602593 0.11223746 0.25341144 -0.23921432 -0.16342355 0.08296278 0.11557182 0.2503928 0.30547944 0.2627419 0.021932865 -0.11945178 -0.13441762 -32767.0 -32767.0 -32767.0 -32767.0 -32767.0 -32767.0 -32767.0 -32767.0 -32767.0 -32767.0 -0.04592385 0.01302364 -32767.0 -32767.0 -32767.0 -32767.0 -32767.0 -32767.0
-0.06395497 -0.08111143 -0.088483825 -0.047931544 -0.055891413 -0.013911441 0.005025355 -0.022831248 0.030062582 0.06404627 0.14159966 0.14087728 0.099729314 -0.030520199 0.1419178 0.008663366 -32767.0 -0.09509348 -32767.0 0.002145252 -32767.0 -0.05514417 -32767.0 0.14692847 0.11479622 0.11424028 0.105572015 0.18731754 0.041424233 -0.27273625 -0.18493898 0.23392014 0.40705225 0.38215688 0.31201273 0.078219496 -0.17025283 -32767.0 -32767.0 -32767.0 -32767.0 -32767.0 -32767.0 -32767.0 -32767.0 -0.037396375 -0.0784908 -0.13793586 -0.06250172 -0.11353407 -0.12680334 0.009689136 0.0825611 -32767.0 -32767.0 -32767.0 -32767.0
-0.17549115 -0.033229977 -0.05863151 -0.12081335 -0.059394542 -0.04440698 -0.072880946 -0.07055136 -0.020697875 0.061818857 0.043046504 -0.028729156 0.0011499602 -0.007960517 0.01583939 0.18613757 0.21380639 0.13097969 0.23031126 0.27705798 0.2571399 0.17468388 0.09075411 0.18930824 0.3362321 0.41289482 0.35599494 0.12786834 -32767.0 -0.03570314 0.28538263 0.2631974 0.13008037 0.06882878 0.096105024 -32767.0 -32767.0 -32767.0 -32767.0 -32767.0 0.010117039 -0.04549582 -0.02545904 0.049081963 0.018909967 -0.038778987 -0.045052882 -32767.0 -32767.0 0.01547785 0.006952655 0.19868793 -32767.0 -32767.0 -32767.0 -32767.0 -32767.0
-0.18994404 -0.015088434 -0.04045941 -0.050750654 -0.14754248 -0.16733557 -0.15025544 -0.100685194 -0.04187581 -0.0041240915 0.006097491 -0.07454128 -0.13738084 -0.009134638 0.18155816 0.19486995 0.21878189 0.3959382 0.45779225 0.43118972 0.3325876 0.26405668 0.21836114 0.20017666 0.18874454 0.18500851 0.08692184 0.06866151 0.2238471 0.22884928 0.1601736 -0.023117555 -0.16522834 -0.072823234 0.031216837 -0.021767586 -32767.0 0.051455483 0.025545072 -32767.0 -0.0022262859 0.048612863 -0.017279044 -32767.0 -0.13359773 -0.15905143 -32767.0 -32767.0 -32767.0 -32767.0 0.016005442 -0.0494422 -32767.0 -32767.0 -32767.0 -32767.0 0.13819112
0.19559892 0.16606238 -0.029447954 -0.02237875 -0.055118352 -0.114978716 -0.15027384 -0.16302647 -0.0884534 -0.04126384 0.009809697 0.02319308 0.023963388 0.06116893 0.04133134 0.019506197 0.1491741 0.27663273 0.39950275 0.23783177 0.20471591 0.3336314 0.365461 0.38957316 0.41941488 0.39064842 0.35495847 0.29896706 0.14728001 -0.024060888 -32767.0 -0.23503289 -0.22553104 -32767.0 -32767.0 0.0129406005 0.0073988913 0.0635864 -0.027451757 -0.0610713 -0.082781434 -0.11214685 -32767.0 -32767.0 -32767.0 -32767.0 -32767.0 -32767.0 -32767.0 -32767.0 0.0834409 0.10230757 0.03779877 -32767.0 -32767.0 -0.007543179 -0.14059931
