static/data/seaWater_uo/2023/7/18/0.asc
ncols 137
nrows 93
xllcorner 108.0
yllcorner 17.0
cellsize 0.25
NODATA_value -32767
[rows 52 to 77 of 93, columns 58 to 115 of 137]
-0.052137505 -0.080222175 -0.11987544 -0.07357995 0.017885229 0.02677088 0.07498821 0.22007236 0.23187058 0.15962137 0.11917988 0.1581582 0.2614945 0.2667851 0.38969478 0.4708503 0.37735015 0.2684525 0.18440741 0.055819772 0.031740192 0.08011937 0.023851082 0.20242761 0.025034145 -0.09322007 -0.08642328 -0.01972375 -0.051660165 -0.020809686 -0.0074447887 -0.07852495 -0.15027794 -0.09249024 -0.122826084 -0.18301214 -0.22151233 -0.2852031 -0.37330958 -0.367007 -0.3942829 -0.4851549 -0.5270965 -0.63258874 -0.62711257 -0.4462837 -0.40442663 -0.274491 -0.2712844 -0.18578921 -0.16542475 -0.07109347 0.016464889 -0.1818508 -0.29275063 -0.25088754 -0.31872594 -0.22190066
0.036218084 -0.17066023 -0.16793445 -0.0864864 -0.13149822 -0.004376129 0.055852808 0.05801737 0.11716493 0.1185635 0.21398088 0.35963628 0.5121218 0.5923618 0.6064684 0.45933163 0.34027624 0.29897508 0.21131514 0.094559595 0.1670855 0.15815298 0.16801122 -32767.0 0.15508296 -0.031508014 -0.071430705 -0.054687414 -0.0843613 -0.072746344 -0.047483526 -0.111889265 -0.22663589 -0.2295293 -0.20630692 -0.26700318 -0.33633238 -0.34409505 -0.42747512 -0.47973213 -0.5508459 -0.5744824 -0.7142442 -0.67787737 -0.4850802 -0.46104833 -0.31054574 -0.24888004 -0.32477164 -0.21374686 -0.1757375 -0.11036945 0.013180404 -0.021534586 -0.19934246 -0.026560826 0.022251982 -0.19281359
0.28333533 0.14800501 -0.027775615 -0.02008215 -0.03830173 -0.08716962 -0.06890871 -0.0031113145 0.021658955 0.0143094165 0.19982982 0.4862592 0.69460905 0.6818033 0.48418495 0.3634623 0.25637272 0.14655209 -0.09481457 0.04952989 0.101144135 -0.018978825 0.042258736 0.09488015 0.12140989 0.060842436 0.034074694 -0.034466706 -0.11586679 -0.17918499 -0.13235556 -0.10661631 -0.22699523 -0.38676444 -0.29768625 -0.25013417 -0.3626968 -0.45857602 -0.50647444 -0.5418537 -0.6406081 -0.7644067 -0.67736924 -0.51762575 -0.47238797 -0.3900757 -0.30729592 -0.21092142 -0.22888795 -0.21065398 -0.1540284 -0.22814836 -0.060592026 0.06969379 -0.05300497 0.031294998 0.10188383 -0.054826494
0.42678168 0.46083108 0.615941 0.62691057 0.6374904 0.5985956 0.35819644 0.17427734 0.019919697 0.1296186 0.3847831 0.52987975 0.58543265 0.46246958 0.3876821 0.28539562 0.14740345 0.16624239 0.33421314 0.20027417 -0.08501425 -32767.0 0.0057227304 0.021601096 0.082031526 0.14180857 0.12177502 0.006570015 -0.083834015 -0.23353964 -0.262722 -0.14094514 -0.15048686 -0.39535284 -0.47325978 -0.33362752 -0.27773082 -0.37249795 -0.5048067 -0.6616878 -0.7676678 -0.63623685 -0.5351365 -0.5147378 -0.44044134 -0.35700738 -0.2655434 -0.20674741 -0.23686315 -0.27086303 -0.17954135 -0.22388336 -0.16164073 0.03513812 0.06537397 0.0035816913 -0.055156384 -0.10216018
0.43737286 0.5950196 0.89250565 1.0373653 1.0566022 0.87468594 0.75458837 0.5354865 0.4582577 0.5094976 0.57464796 0.5523518 0.50170237 0.41920587 0.39266756 0.2230166 0.15762837 0.16888669 0.18367128 0.15307292 0.2467536 0.43483973 0.3418021 0.23868214 0.08896551 0.19220234 0.17572622 0.073732495 -0.023167647 -0.15317866 -0.28327644 -0.21939822 -0.13085988 -0.23922521 -0.51173496 -0.557372 -0.49954006 -0.53826785 -0.6596094 -0.6694401 -0.5614657 -0.5158052 -0.5156801 -0.4784913 -0.43853295 -0.3937674 -0.28643775 -0.19214155 -0.21372284 -0.3137952 -0.23408113 -0.15393014 -0.24908993 -0.062736645 0.14064537 0.07191797 -0.16141151 -0.031435084
0.098872975 0.49398404 0.7438821 0.7572247 0.93562675 0.83788234 0.77541685 0.6980525 0.67536265 0.6674849 0.5591238 0.564632 0.48486754 0.46126372 0.38277757 0.22705038 0.18702601 0.15934984 0.18500803 0.26025313 0.2803947 0.28820634 0.2832043 0.23759997 0.27461052 0.24770291 0.15408678 0.10287112 0.058732074 -0.005329143 -0.12495737 -0.18168662 -0.17627217 -0.12457992 -0.30452833 -0.48353535 -0.58162665 -0.5944638 -0.53932774 -0.45526618 -0.4236388 -0.4440336 -0.43529585 -0.38227314 -0.32548964 -0.26144943 -0.1987294 -0.18641724 -0.15316968 -0.18032561 -0.1987292 -0.22480725 -0.20046733 -0.24093193 -0.04163288 0.24799584 0.3633068 0.278443
0.14339252 0.6096595 0.5999094 0.642595 0.5475912 0.517676 0.6675922 0.638676 0.5440014 0.53191465 0.58757675 0.541058 0.53854144 0.49322778 0.26932678 0.19362313 0.21178654 0.24417958 0.21506567 0.22132595 0.22760181 0.17974025 0.07770424 0.037760913 0.11653664 0.22612867 0.23067403 0.099611565 0.08958529 0.08217894 0.032054428 -0.040775303 -0.14319168 -0.13340762 -0.13941553 -0.3033724 -0.3709338 -0.39475855 -0.34290126 -0.33933023 -0.33126715 -0.318712 -0.31329343 -0.22040527 -0.17051077 -0.15024847 -0.07822117 -0.15005057 -0.15413369 -0.10879219 -0.20192729 -0.19965763 -0.22288704 -0.21367791 -0.1883876 -0.018731521 0.27834645 0.48568508
0.5477335 0.61802775 0.47636315 0.4520409 0.33712837 0.3092134 0.3092317 0.31081614 0.4610309 0.4898487 0.56475365 0.638919 0.52254325 0.22750644 0.14383164 0.31180042 0.45047128 0.40464017 0.28328717 0.17452578 0.12791544 0.12159658 0.1242423 0.11053286 0.09329195 0.14054035 0.18949276 0.12376714 0.079787135 0.081600904 0.043172844 0.011975895 -0.06703612 -0.13740204 -0.07448933 -0.12606941 -0.23623879 -0.27251488 -0.2243356 -0.22597678 -0.17894793 -0.12270327 -0.057331793 0.005346147 0.05803345 0.07141491 0.04357045 -0.08649567 -0.11111965 -0.024220204 -0.13412346 -0.12923537 -0.17156102 -0.118933685 -0.097292714 -0.042898778 0.07765414 0.15533604
0.45728913 0.26372582 0.35546058 0.24411863 0.13182312 0.26387957 0.3482678 0.3385853 0.19132052 0.27159643 0.20450488 0.2859082 0.13999277 0.19035026 0.4704131 0.73280513 0.5635093 0.354222 0.19255523 0.055008616 0.041937813 0.042761352 0.06843226 0.060394894 0.018491408 0.009191131 0.044322234 0.08004109 0.05414741 0.077675104 0.023343956 0.026312381 -0.06288425 -0.1214028 -0.09693741 -0.077446625 -0.053549796 -0.06729853 -0.047076795 -0.021018533 0.017075114 0.08201195 0.15267952 0.21789923 0.26309362 0.1564272 0.06343198 -0.064125136 -0.016287507 0.020047728 -0.027416036 -0.11673424 -0.12973341 -0.11426165 -0.024836732 0.046239797 0.08374221 0.065050684
0.38827106 0.38770372 0.33326834 0.17852396 0.30229452 0.32033497 0.33336544 0.12364011 0.09707527 0.15685461 0.09573529 0.23056395 0.30793616 0.64993703 0.74041975 0.5057003 0.2937108 0.14475147 0.072960384 -0.034194503 -0.046169396 -0.05656018 0.0013490844 -0.001535086 -0.036698494 -0.06434049 -0.07827585 -0.03929293 0.038096767 0.085584894 0.08255269 -0.003926384 -0.12133712 -0.1783089 -0.13417877 -0.03563823 0.042446878 0.12214279 0.18163137 0.23145355 0.2760282 0.28279242 0.19725373 0.16603255 0.0821247 0.041781846 0.051682968 0.13045627 0.13745464 0.11513148 0.008966874 -0.088316545 -0.1613235 -0.042373613 0.07131369 0.123289645 0.09709984 -0.0063632564
0.52832824 0.37203276 0.20609927 0.23692153 0.28589582 0.19813907 0.09672315 0.086555175 0.03342838 0.08746123 0.19709155 0.35883555 0.3965721 0.42014247 0.24307807 0.081041016 0.0050979923 -0.029132156 -0.09148755 -0.1536378 -0.09713518 -0.06188332 -0.054882918 -0.060312044 -0.10180416 -0.18175338 -0.27164146 -0.17534962 0.022874119 0.12542047 0.04169177 -0.12243886 -0.1663285 -0.20202322 -0.26417792 -0.19439721 -0.082331955 0.087086186 0.2083995 0.28098154 0.356758 0.42224452 0.47853756 0.5415267 0.5644983 0.54616 0.5457376 0.46474802 0.34500617 0.23599245 0.12882663 -0.01826585 -0.05486047 0.018838022 0.095875815 0.13505091 0.08961285 -0.076838285
0.37864026 0.27768308 0.15850413 0.076884575 0.0959276 -0.0411038 -0.075261734 -0.12062531 -0.13544202 -0.10890866 0.025185749 0.11074516 0.06218786 -0.037244506 -0.12197026 -0.125342 -0.16091141 -0.16090338 -0.17586875 -0.13394238 -0.107085206 -0.1309184 -0.15121445 -0.2025194 -0.29801786 -0.48016703 -0.43300328 -0.15521161 -0.022397187 -0.012243341 -0.084366456 -0.15878963 -0.2131064 -0.12839024 -0.01835089 0.11081792 0.15865947 0.093191035 0.064676195 0.1442076 0.27712333 0.36166134 0.41105524 0.4952854 0.5886366 0.61862004 0.6150804 0.4971209 0.3800208 0.28153455 0.1510797 0.028135182 -0.010989338 0.038147572 0.019372988 0.022684649 -0.051864464 -0.13930362
0.38822234 0.23160093 0.08897711 -0.09246418 -0.082044795 -0.18122827 -0.22307785 -0.22110072 -0.2475287 -0.1783727 -0.12754384 -0.021259125 -0.05322616 -0.11519589 -0.19795182 -0.16793023 -0.0981637 -0.09379331 -0.14536189 -0.15022944 -0.19574636 -0.2665253 -0.32306564 -0.44314232 -0.6078126 -0.51396954 -0.2831852 -0.20179756 -0.16768155 -0.16449893 -0.17301956 -0.18845266 -0.15292974 -0.091536544 0.04114504 0.12231446 0.10724648 0.054375652 0.04653169 0.05589719 -0.07017247 -0.083440915 -0.023890054 0.10034493 0.20352429 0.22725292 0.2822603 0.26482886 0.28581905 0.2555866 0.15059093 0.021783551 0.022796089 0.03874339 -0.035411883 -0.15711327 -0.1877746 -0.18220271
0.4395495 0.22446209 0.11640028 -0.18837889 -0.18077752 -0.16581161 -0.16349617 -0.19861205 -0.15808879 -0.11219638 -0.107425556 -0.08827411 0.009679985 -0.038481828 -0.1091714 -0.071934894 -0.06744193 -0.14465228 -0.21192123 -0.28917307 -0.35205665 -0.4022957 -0.543296 -0.6405233 -0.5499853 -0.4000565 -0.2661545 -0.19228226 -0.2043253 -0.23903473 -0.2660587 -0.3108451 -0.31169182 -0.28348356 -0.22016096 -0.11471912 -0.12218944 -0.16156712 -0.21628712 -0.3363373 -0.3357505 -0.22446412 -0.17184441 -0.1544373 -0.13856195 -0.10545196 -0.08881371 -0.019817494 0.02064223 0.10791731 0.079784065 0.10361395 0.1547619 0.075435944 -0.047595914 -0.15878539 -0.21050447 -0.28754303
0.190938 0.18851262 0.21460271 -0.07927369 -0.047821295 -0.077751584 -0.05074419 0.07188072 0.14418592 0.078090355 0.010683769 -0.043373354 0.013964114 0.069336265 0.02648165 -0.048856113 -0.08517263 -0.14527272 -0.25133634 -0.32929236 -0.37272498 -0.51282614 -0.60618746 -0.57335943 -0.44735843 -0.2286991 -0.08416997 -0.074506156 -0.12963256 -0.15778793 -0.17884962 -0.20181133 -0.30326492 -0.33012787 -0.37942523 -0.3318973 -0.18932515 -0.15973432 -0.13713175 -0.13661075 -0.10720575 -0.13836792 -0.091358684 -0.17822252 -0.24996726 -0.31027356 -0.24567555 -0.12365697 0.0012961335 0.12977973 0.32090223 0.45576903 0.38644364 0.15665895 -0.034304492 -0.19404303 -0.30382106 -0.3982902
0.22401917 0.19617169 0.192923 -0.0200043 0.05042081 0.09427784 0.10289168 0.31174836 0.28125903 0.12612444 0.044077408 0.07461884 0.12623964 0.13955262 0.052749705 -0.05831324 -0.09270375 -0.13308632 -0.22792122 -0.313465 -0.3608092 -0.4343435 -0.43583068 -0.38083315 -0.20141542 -0.021901764 0.089564696 0.14050695 0.036296595 -0.045570884 -0.083891414 -0.07929125 -0.09094761 -0.16695334 -0.25329643 -0.30443445 -0.33519575 -0.2136633 -0.103710495 -0.1201995 -0.15909976 -0.19896452 -0.02958258 -0.1322785 -0.13924704 -0.058731213 0.079209216 0.23986486 0.4224114 0.5220732 0.54386544 0.46853125 0.30536482 0.11137522 -0.086488016 -0.27063394 -0.39007702 -0.3231737
0.17504057 0.15742041 0.080457434 -0.024126874 0.06690729 0.15868315 0.36616528 0.3975437 0.2873802 0.169115 0.07956222 0.15723328 0.21436094 0.16200602 0.044576455 -0.04682438 -0.12403344 -0.15211448 -0.17325118 -0.2604265 -0.28850466 -0.19972023 -0.09625242 0.04979687 0.14466621 0.15204339 0.08397259 0.10820354 0.12882514 0.060236078 0.000466338 0.004469679 0.0287591 -0.016176393 -0.045996845 -0.0791146 -0.18850979 -0.21945181 -0.12087253 -0.0309283 -0.08326549 -0.16198602 -0.15393406 -0.1784296 -0.13687845 -0.065533556 0.0836314 0.22523679 0.24967399 0.26462668 0.24933346 0.2532826 0.15053634 0.0031677112 -0.14549008 -0.3171903 -0.32673436 -0.14539354
0.089033045 0.097084336 -0.056380473 -0.052430004 0.09225859 0.19550079 0.2866626 0.32888287 0.27026606 0.18897079 0.23309162 0.2819589 0.22805233 0.118916735 0.019283459 -0.05346437 -0.14907281 -0.14851697 -0.18287128 -0.1851301 -0.1715817 -0.0415517 0.16195652 0.31929246 0.2820599 0.20827483 0.104353674 0.080206394 0.11688591 0.074699976 0.065416835 0.13002332 0.045902513 0.08195829 0.07509721 0.06841659 -0.004888792 -0.057161644 -0.08140902 -0.11990305 0.008944531 -0.08578333 -0.18146214 -0.17038183 -0.104369126 -0.03795983 0.052663494 0.045211345 0.094967835 0.11977777 0.12264694 0.09417562 -0.039366957 -0.14524457 -0.21741532 -0.254894 -0.07116285 -0.090319246
0.04002979 0.046130233 -0.123258814 -0.019669484 0.06375016 0.15414304 0.20134592 0.24045281 0.29133624 0.35979202 0.3869477 0.26846197 0.12769912 0.039418947 -0.040139362 -0.08917419 -0.13141154 -0.15817137 -0.21317996 -0.20069468 -0.14559723 -0.05285858 0.09226882 0.13960609 0.17772658 0.095718496 0.09690976 0.118280835 0.105673805 0.17116964 0.20211785 0.15923758 0.038594477 -0.016982254 0.009863121 0.031256154 0.020411996 0.012529052 0.021672027 -0.084246956 -0.07167937 -0.008532339 -0.1111372 -0.099052496 -0.03160091 -0.010537995 0.017046602 -0.025778716 -0.004182714 -0.026749928 -0.05859466 -0.15121445 -0.25571138 -0.26403576 -0.2865386 -0.11105042 -0.17715843 -0.25807515
0.08473928 0.06034641 -0.050433572 -0.013596481 0.028670894 0.120370835 0.12207604 0.17806725 0.26126444 0.33311513 0.27084124 0.103129454 0.03073327 -0.013336273 -0.0769605 -0.12022122 -0.1201568 -0.17381382 -0.18894538 -0.23892567 -0.22259259 -0.162099 -0.07064909 -0.016645158 0.02946564 0.09200628 0.1192248 0.1084231 0.068413705 0.10702428 0.13348103 0.082431726 0.06366396 0.01675066 0.030586429 0.14607362 0.2190766 0.2368136 0.1459894 0.021983325 -0.10355238 -0.035853785 0.047762893 0.026586605 0.010056691 0.011644121 -0.05183342 -0.0710351 -0.14349528 -0.21428429 -0.27812275 -0.33151177 -0.34655806 -0.31704605 -0.20999841 -0.12070473 -0.14627579 -0.20376207
0.041960817 0.1434197 0.108744584 0.07516143 0.018455615 0.06084932 0.098581314 0.18847455 0.220742 0.16894004 0.081346504 -0.01969959 -0.027816635 -0.0640557 -0.100443065 -0.14065456 -0.14082167 -0.20139994 -0.21570262 -0.25528243 -0.255532 -0.21599594 -0.14646187 -0.046734605 0.021646282 0.12028858 0.15377358 0.14159337 0.13046719 0.16542077 0.20485014 0.22587092 0.28084373 0.3169362 0.36137345 0.3635704 0.35141388 0.31304616 0.28158298 0.16070174 -0.0061694235 -0.030390985 0.0074760146 0.032551408 0.028547982 -0.008243934 -0.09255483 -0.11310034 -0.22538367 -0.26558697 -0.3105571 -0.29678524 -0.2661595 -0.2356947 -0.1301001 -0.028180636 -0.03947432 -0.15672936
0.09837042 0.19204533 0.20784955 0.17646407 0.052959234 0.057174325 0.09305197 0.11908479 0.03883143 0.068871185 0.051384542 -0.032419983 -0.06940563 -0.0424792 -0.02638595 -0.08045394 -0.19984336 -0.22583158 -0.23292814 -0.2786002 -0.25791305 -0.22223392 -0.10627789 0.04134686 0.110482804 0.16244906 0.17152847 0.1595762 0.16093333 0.19967656 0.28041935 0.37865776 0.42055428 0.41314495 0.3702326 0.31553674 0.264394 0.25612366 0.2626223 0.23196146 0.08553142 -0.03928499 0.026914686 0.13732302 0.08924573 -0.0027513776 -0.08845617 -0.16485824 -0.23797297 -0.2214649 -0.15184925 -0.141883 -0.050042685 -0.010381702 -0.037622012 -0.017150227 0.058123484 0.056557022
-0.06561475 0.06907893 0.16009885 0.21260285 0.18633936 0.19471219 0.12400176 0.07110682 -0.018080434 0.045626894 -0.0045397948 -0.0047547533 0.022051286 0.0076519703 0.016287364 -0.025868526 -0.17883 -0.24346597 -0.21173061 -0.1775717 -0.1268321 -0.00948304 0.11897681 0.21850382 0.1967001 0.1366233 0.12062838 0.14452288 0.17232637 0.24858393 0.32293862 0.38958853 0.44198596 0.4201896 0.36953032 0.33578995 0.3372657 0.31611675 0.2686272 0.25995353 0.17925829 0.0023932357 -0.0056025367 0.06411559 0.077341795 0.016575098 -0.08146647 -0.15051293 -0.20290694 -0.20147057 -0.09553054 -0.019500764 0.017077865 0.11313423 0.21107647 0.11760228 0.11861518 0.22725783
-0.20391326 0.033658203 0.27368543 0.39914656 0.40041584 0.34519297 0.20595029 0.063750796 -0.042910207 -0.0031797786 -0.08613999 -0.08330529 -0.04938205 -0.07717022 -0.014438921 -0.05746773 -0.101135075 -0.15652037 -0.12958491 -0.083494924 0.03394665 0.19994603 0.30102342 0.35501578 0.38234797 0.3475879 0.22153865 0.20342247 0.18690781 0.25473076 0.36767063 0.46833736 0.46443367 0.42726883 0.35817552 0.28570056 0.23768692 0.2870775 0.28354263 0.28948852 0.24221349 0.11807611 -0.022861084 0.0096452655 0.0033237517 -0.011139856 -0.067839585 -0.11873795 -0.14613079 -0.21233997 -0.293798 -0.2803314 -0.16808553 -0.031174848 0.12465122 0.2779783 0.37840515 0.43926352
0.4310947 0.50108755 0.5097311 0.4568248 0.39974278 0.32987404 0.24399091 0.033819094 -0.00088185736 -0.054968026 -0.14306365 -0.2011129 -0.20997652 -0.25495812 -0.18495277 -0.19362314 -0.051077098 -0.050592784 -0.079565756 -0.011526275 0.18290356 0.38517594 0.45384854 0.44611192 0.48880243 0.53878284 0.49487537 0.3492503 0.2737851 0.28299135 0.41057634 0.3758466 0.379001 0.3476979 0.31410757 0.23282014 0.19486307 0.20494045 0.2552833 0.2818023 0.31229955 0.16979508 0.035345405 -0.013797497 -0.027765842 -0.02411282 -0.061840083 -0.12732731 -0.14915584 -0.27790987 -0.49573296 -0.39557788 -0.21413139 -0.09267105 -0.022111174 0.09370825 0.24840584 0.35677874
0.8075893 0.8976247 0.72081083 0.496518 0.35851213 0.31243742 0.17764185 -0.0062646503 0.04282455 -0.08888092 -0.19052759 -0.2962776 -0.38613433 -0.40106583 -0.40745726 -0.27787912 -0.14246726 -0.094566606 -0.04167337 0.17521721 0.34993184 0.30687326 0.26373366 0.25037867 0.28903615 0.3787237 0.40314016 0.3249216 0.25857934 0.27197286 0.3003569 0.2994519 0.30024737 0.29006934 0.26983616 0.20031096 0.19646955 0.21070135 0.28235197 0.2779913 0.25788173 0.19663514 0.10553785 0.025321757 -0.05624737 -0.037554163 -0.084110826 -0.1613869 -0.1325344 -0.08692572 -0.1430136 0.008032058 -0.013875479 0.014308125 0.088052094 0.12643713 0.17567188 0.23461485
