static/data/seaWater_uo/2023/7/18/12.asc
ncols 137
nrows 93
xllcorner 108.0
yllcorner 17.0
cellsize 0.25
NODATA_value -32767
[rows 26 to 51 of 93, columns 58 to 115 of 137]
-0.042574815 0.01468278 0.08028051 0.09496945 -0.00066250446 -0.09167712 -0.10713109 -0.09878454 -0.115903914 -0.05730358 -0.011081658 0.016767748 0.00971192 0.081603296 0.18214135 0.32008526 -32767.0 -32767.0 0.08582722 0.19013916 0.40040457 0.47114083 0.50537574 0.5002315 0.5571535 0.61367935 0.4948097 0.335841 0.14839704 -0.08657707 -0.11330327 -32767.0 -32767.0 -32767.0 -32767.0 -32767.0 -32767.0 0.13302197 0.08775065 0.073759235 -32767.0 -32767.0 -32767.0 -32767.0 -32767.0 0.064066455 -32767.0 -0.11811636 0.21950644 0.6494252 0.61348337 0.3147483 -0.25147974 -32767.0 0.2428113 0.055617664 -0.10711495 -0.1876951
-0.12127161 -0.09326623 -0.049157765 -0.068775885 -0.14431845 -0.26715124 -0.2966866 -0.29551086 -0.2787645 -0.2052167 -0.15965545 -0.15173951 -0.08934305 0.017492518 0.08667506 -32767.0 -32767.0 0.2569357 0.27152595 0.17819321 0.3167918 0.42647013 0.5117475 0.48198184 0.44344914 0.37759697 0.28237373 0.16110098 -32767.0 -32767.0 -32767.0 -32767.0 -32767.0 -32767.0 -32767.0 -32767.0 -32767.0 -0.018245231 0.28136533 0.11197168 -32767.0 -32767.0 -32767.0 0.10347645 0.16379857 0.30966666 0.34092316 0.44844148 0.31959778 0.20981994 0.2381845 0.030174002 0.1263877 -0.08246102 -0.14860246 -0.20174618 -0.19307661 -0.08882013
-0.34023252 -0.21326415 -0.27297613 -0.21494973 -0.117428035 -0.1604945 -0.23879138 -0.34627852 -0.40849772 -0.3394683 -0.30357462 -0.25156265 -0.17384245 -0.064255156 0.017503504 0.04774797 0.11681636 0.129787 0.14966823 0.2562588 0.24777576 0.2543235 0.2630299 0.2780508 0.27469522 0.20736037 -32767.0 0.08663179 0.097460814 -32767.0 -32767.0 0.068930246 -32767.0 -32767.0 -32767.0 -32767.0 -32767.0 -32767.0 0.2518811 0.16035062 -32767.0 -32767.0 -0.04292397 0.27506435 0.5895526 0.4236172 0.376714 0.34633425 0.29638785 0.014602436 0.070020884 0.2239405 0.022953734 -0.10262618 -0.18197805 -0.09737133 0.051332273 0.14127891
-0.15703656 -0.18287075 -0.2507719 -0.22794968 -0.3430781 -0.3466374 -0.27528596 -0.20462856 -0.23117857 -0.19921102 -0.13714613 -0.09724548 0.07074511 0.11513822 0.0054635005 -0.017442679 0.038002558 0.07693405 0.00738551 0.025377164 0.099085234 0.1234489 0.09874311 0.16035677 0.16904671 -32767.0 0.02795801 0.034999613 0.06967988 0.109431945 0.31544587 -32767.0 0.08607178 -32767.0 -32767.0 -32767.0 -32767.0 -32767.0 0.3670086 0.65974164 0.58512837 0.24092303 0.06752393 0.29864687 0.3875177 0.31652296 0.20278057 0.21223707 0.2125498 0.11047203 0.023547146 -0.09643751 0.06630341 0.066902235 0.093027495 0.14133409 0.1858598 0.24923405
-0.11917611 -0.14954242 -0.3250785 -0.3085873 -0.32156864 -0.36140266 -0.32308793 -0.19527045 -0.093493804 -0.016579231 -0.01773933 -0.035928164 -0.064579494 -0.21004516 -0.10162401 -0.17545614 -0.1832 -0.17676915 -0.1849442 -0.12923923 -0.023175223 0.07649265 0.09980794 0.17578515 0.29277095 0.43662524 0.46037954 0.35012612 0.22393562 0.1497263 0.029545628 -0.02605755 0.11438819 -32767.0 -32767.0 -32767.0 -32767.0 0.30232754 0.067849405 -0.05726522 0.001715505 0.34388563 0.6376485 0.66769195 0.68872684 0.6012777 0.56729853 0.33240092 0.37409383 0.48142898 0.312856 -0.022081722 0.040204708 0.06335285 0.08447588 0.09357109 0.13583122 0.2513415
-0.1444502 -0.2649902 -0.36349407 -0.40209168 -0.3397884 -0.3820155 -0.17284596 -0.10742736 -0.050983276 -0.22720006 -0.07459994 -0.032531116 -0.110960014 -0.3429125 -0.23946215 -0.21261573 -0.19827808 -0.15962681 -0.09232204 -0.023700252 0.050423328 0.05007265 0.10885021 0.14346357 0.22409035 0.35009292 0.45404345 0.5226677 0.4905629 0.29258886 -0.013981701 0.17410389 0.117352344 -32767.0 -32767.0 -32767.0 -32767.0 0.21712686 0.0034773774 0.09035538 0.3176247 0.609754 0.7701924 0.88002044 1.037571 1.2420064 1.3373715 1.2657607 1.1165475 0.9298701 0.75287384 0.7694638 0.3997013 0.11015716 0.0572247 0.052503046 0.18123291 0.21135373
-0.21187001 -0.34821048 -0.2893289 -0.22737364 -0.32854435 -0.18286072 -0.07647158 -0.02470457 -0.020331617 -0.08921624 0.0035284676 -0.001269574 -0.0496095 -0.09144689 -0.09905141 -0.11481156 -0.12692657 -0.092519924 0.0013196762 0.069807604 0.07199793 0.03347022 0.05752084 0.0710274 0.120460264 0.15200436 0.1781416 0.26598683 0.29011133 0.257841 0.16941603 -32767.0 -32767.0 -32767.0 -32767.0 -32767.0 0.116429836 0.2590116 0.24774358 0.4969013 0.5523881 0.49574214 0.6042219 0.7835289 0.91010386 0.97594136 1.0282474 1.0589352 1.0874225 1.1569649 1.3131675 1.2040828 0.8164522 0.52806455 0.30576542 0.10854095 0.18380326 0.17599522
-0.25544453 -0.23292163 -0.31232968 -0.28623778 -0.2699425 -0.25661418 -0.1713318 -0.1559069 -0.15801664 -0.037207246 0.003188747 -0.034085628 -0.07871357 0.0051386952 -0.007522075 -0.060364183 -0.036859374 0.00057498476 0.10030686 0.17913608 0.1582539 0.10582644 0.112537794 0.13054647 0.14549428 0.1578771 0.12572238 0.118611395 0.1662097 0.17650041 -0.016725998 -32767.0 -32767.0 -32767.0 -32767.0 -32767.0 0.13623253 -0.0793422 0.42678317 0.6151455 0.63477373 0.7506369 0.75901675 0.7809739 0.827354 0.8618932 0.817615 0.7374619 0.8457922 0.9669061 0.9519581 1.0329293 1.103816 0.8134921 0.53784424 0.32616055 0.20010433 0.16348034
-0.06029244 -0.238878 -0.47573426 -0.43091923 -0.32885435 -0.29388046 -0.23439276 -0.2534432 -0.19083665 -0.16047153 -0.07950123 -0.04807785 0.07958418 0.029913966 0.01994951 0.014161124 0.04802768 0.07905362 0.12293455 0.15225327 0.14698876 0.17765804 0.16251412 0.14396216 0.15586285 0.13552563 0.12226918 0.029786836 0.14793234 0.10497564 0.11680385 0.07405523 -32767.0 0.048014376 -32767.0 -32767.0 0.30842817 0.834966 0.8762219 0.7601232 0.80361784 0.84376854 0.8740241 0.88077515 0.874496 0.7759389 0.5464508 0.54435587 0.5419777 0.62533355 0.67820466 0.6803435 0.80726767 0.876813 0.6679903 0.48388183 0.33154696 0.21140924
-0.19691922 -0.46890634 -0.37589478 -0.46182698 -0.2731291 -0.15383796 -0.12106772 -0.08627987 -0.17335357 -0.0979764 -0.14983721 -0.11100753 -0.03869264 0.022472136 0.0554723 -0.0007019856 0.017437289 0.1116477 0.18808033 0.2373068 0.23292121 0.24340938 0.24443302 0.2592916 0.27200806 0.28699845 0.2378836 0.05242919 0.033254612 0.2288741 0.20527807 0.20693022 0.22287154 0.23113486 -32767.0 0.5814575 0.7884261 0.6338212 0.7741225 0.69950587 0.7085727 0.74802446 0.73549783 0.7868719 0.67585975 0.4067672 0.2899291 0.26254418 0.25414184 0.2448892 0.35087967 0.39422807 0.4956135 0.7391322 0.66781735 0.53913486 0.45240122 0.2976393
-0.49494082 -0.16100827 -0.30899462 0.026362007 0.07056449 -0.077892765 -0.17311826 -0.084078126 -0.12554777 -0.19232458 -0.13846107 -0.14034311 -0.049371757 0.036580373 0.062750906 0.06800767 0.10270409 0.16019113 0.24433333 0.27405483 0.26153606 0.29430926 0.31954592 0.3547078 0.402675 0.45007053 0.44375694 0.27133492 0.076919824 0.24269211 0.37766355 0.2450273 0.27583775 -32767.0 0.8207625 0.4522226 0.33991215 0.55514777 0.5611938 0.57648706 0.63226587 0.55154413 0.48542297 0.3185015 0.13738196 0.16320549 0.3506569 0.2763858 0.16248849 0.07091618 0.11791007 0.21976317 0.34170362 0.44783455 0.62491244 0.55859387 0.5291011 0.39170957
-0.45560864 -0.22510211 -0.057449162 -0.0786957 -0.057937957 -0.12522775 -0.030085156 0.007904368 0.06765537 0.07866651 0.020772148 0.019520111 0.030419242 0.07369212 0.117756 0.17518196 0.21209985 0.14011341 0.13204981 0.16591106 0.14349295 0.20238215 0.30396113 0.4116556 0.47887522 0.5414659 0.5628108 0.48686934 0.33034956 0.14251207 -0.019923275 0.21947965 0.09483762 0.3706114 0.31222424 0.16700937 0.39290604 0.4154434 0.42510787 0.4638234 0.4407615 0.30935 0.15391582 0.06779331 0.026107196 0.22037569 0.1806942 0.15803802 0.2990535 0.42366883 0.21578519 0.17176913 0.21329343 0.30662963 0.5179033 0.6173111 0.58769035 0.5491587
-0.18143295 0.009366307 0.052727938 0.056034923 -0.058002006 0.06731246 0.062464252 0.0657603 0.19361635 0.2011949 0.16770482 0.2947883 0.17575967 0.20164368 0.2515981 0.28314346 0.26451635 0.21997848 0.17885776 0.16094871 0.08539734 0.11833414 0.19266699 0.32549536 0.5186017 0.6109826 0.6420407 0.593162 0.4981874 0.38051668 0.3392448 -32767.0 0.28989905 0.24177615 -32767.0 0.26731274 0.3340765 0.31534797 0.31250525 0.3617217 0.32513818 0.18520309 0.15503651 0.117650464 0.17984557 0.0961908 0.22521287 0.42008638 0.5076928 0.5037026 0.38910487 0.21237934 0.24144411 0.29800352 0.49763554 0.6283594 0.6253965 0.67502135
-32767.0 -0.094508424 0.050389502 -0.07427176 -0.025481565 0.1954445 0.16332264 -0.05467375 -0.03019469 0.11632345 0.17994623 0.20888656 0.25245115 0.2745634 0.2642017 0.26174593 0.26117226 0.2608785 0.19766782 0.028391993 0.0368362 0.04311841 0.12924494 0.27674323 0.5260697 0.68467677 0.70895994 0.6883179 0.57684416 0.5422685 0.5238869 0.36118767 -32767.0 0.0872239 0.15418701 0.24863163 0.29621106 0.30886075 0.2839313 0.31134826 0.27671263 0.12255975 0.10322119 0.16060139 0.22611159 0.14999928 0.151755 0.28898427 0.31278527 0.3148564 0.3074151 0.20081441 0.23758794 0.33636925 0.40776917 0.5581879 0.6208264 0.5920139
-0.16610248 0.04337545 0.019274436 0.024009649 0.105778046 0.07030128 0.29106247 0.31601825 0.25692296 0.18058684 0.11922325 0.21042296 0.20209575 0.16900313 0.23677544 0.19564475 0.14319521 0.28965145 0.23368211 0.006696154 0.063278 0.044227824 0.14797758 0.30587772 0.5591344 0.73174846 0.71152085 0.66425294 0.65910774 0.61391306 0.5129447 0.7724808 0.31172904 0.29396433 0.24479796 0.2843122 0.39745942 0.3727826 0.29893032 0.21865694 0.2350216 0.078824684 -0.0180117 -0.0076162675 0.07547116 0.044419732 0.031819407 0.027304487 0.095432885 0.11198033 0.11914608 0.11309046 0.19351126 0.31384653 0.36066395 0.48961776 0.6502335 0.61636865
0.06488734 0.08732596 0.008538583 0.09533423 0.15966928 0.3650391 0.2813595 0.2747155 0.32564637 0.35407004 0.44232875 0.45010132 0.4260595 0.38861358 0.31724888 0.18530677 0.20854653 0.35642385 0.088885225 0.08930227 0.12958865 0.14430736 0.25200617 0.43295282 0.55041826 0.6578759 0.6261946 0.5386303 0.588193 0.7575527 -0.045130756 0.51786786 0.6578446 0.25116074 0.3157114 0.5767675 0.5872101 0.49019617 0.33435443 0.16833796 0.2206796 0.08758132 -0.046959925 0.012449633 -0.020458851 -0.041327324 -0.050938953 -0.1757829 -0.2153475 0.028274026 0.21576168 0.1428156 0.06747895 0.23310989 0.37351602 0.43906555 0.70498765 0.8133264
0.062073756 0.105392374 0.12939289 0.11059745 0.12652929 0.33619347 0.31569937 0.36430213 0.25479138 0.35979342 0.45014665 0.4215536 0.32776782 0.33826542 0.3311934 0.216169 0.21734394 0.18008375 0.10160424 0.13445751 0.17145872 0.330595 0.5852979 0.6115346 0.57640415 0.5345191 0.40364218 0.3663451 0.39754167 0.6951076 0.72187495 0.24870405 0.58715343 0.94017655 0.9221489 0.76033694 0.7185373 0.56958866 0.36331794 0.25135994 0.17646962 0.14887628 -0.021862086 0.06088423 0.087859035 0.006647539 -0.05063242 -0.011943919 -0.019471029 -0.17014538 0.07425731 0.5221211 0.58205134 0.33718503 0.3049602 0.4389101 0.6136944 0.66911596
0.13075936 0.1838874 0.10454976 0.16574576 0.20172203 0.13836303 0.22171418 0.1980001 0.19163956 0.16806121 0.34890234 0.3664458 0.37868965 0.34095815 0.3552624 0.3543474 0.28203326 0.2666979 0.21442641 0.32420594 0.57918286 0.7966507 0.79757756 0.6335364 0.5005481 0.28294188 0.10791647 0.26654756 0.4198933 0.3374176 0.72349006 0.6907809 0.75097156 0.8153261 0.9146171 0.81309474 0.7046034 0.5133159 0.46967423 0.38784394 0.24234675 0.15584868 0.016222252 0.048985768 0.13092792 -0.010685322 -0.102227286 -0.14132987 -0.09379636 -0.09181849 -0.117670104 -0.09439687 0.12554955 0.29618254 0.3360511 0.3180882 0.3593329 0.3391938
0.20023291 0.2760635 0.26564148 0.2356723 0.2286567 0.18477267 0.14887865 0.22560717 0.3450945 0.33432847 0.26750168 0.21952687 0.23867932 0.29407826 0.27641687 0.35100937 0.32525334 0.2833744 0.41083458 0.7142128 0.85412437 0.8097866 0.64128524 0.47813487 0.14361842 -0.06586113 0.016520744 0.13397393 0.16944945 0.53755724 0.5164681 0.5899152 0.686363 0.80243224 0.8708052 0.78824747 0.55678445 0.5794276 0.5866613 0.48698068 0.3708597 0.23688187 0.0965285 0.04952933 0.13390397 0.10009635 0.088409595 -0.0836788 -0.15014616 -0.13252193 -0.08110853 -0.21836837 -0.10561921 0.059812337 0.1625032 0.18814713 0.2510544 0.21794434
0.37761578 0.42984504 0.52223766 0.5137351 0.39420316 0.43414876 0.4474892 0.20576283 0.17504765 0.2728172 0.2598277 0.24243274 0.26819408 0.30764902 0.31689054 0.32712698 0.40040472 0.5103022 0.65400326 0.7488365 0.74176186 0.6492876 0.48138636 0.2211434 -0.01469773 0.02803771 0.23510575 0.14842336 0.016578808 0.16492008 0.35251263 0.5164254 0.5948969 0.60596657 0.5232707 0.5636326 0.6523019 0.6013698 0.54990685 0.5182768 0.45385134 0.33295694 0.20656812 0.10054438 0.12284143 0.20668083 0.35150898 0.29536864 0.0715642 -0.11697885 -0.008924435 0.055602923 -0.13516591 -0.13483772 -0.029721482 0.046469003 0.034163672 -0.16189072
0.48087442 0.4733132 0.48372486 0.58521456 0.5377021 0.49601465 0.5399811 0.51775646 0.25114077 0.29476297 0.29319233 0.29815167 0.30668235 0.3454367 0.21983983 0.36879796 0.4678581 0.5917761 0.61129385 0.61444044 0.6083932 0.47935742 0.29449585 0.07450145 0.031339422 -0.024588661 -0.14149956 -0.05492992 0.10262261 0.09958569 0.0024436975 0.024967246 0.111083746 0.38915685 0.55209625 0.56699914 0.5327751 0.49903446 0.43768382 0.40505093 0.4286618 0.395536 0.29167682 0.19507015 0.14916214 0.196699 0.2631785 0.1829093 0.09974957 0.0409118 0.07744322 0.055987325 -0.03530141 -0.12740454 -0.13690865 -0.19468597 -0.25200388 -0.27916652
0.6682087 0.662904 0.58376306 0.55825317 0.620321 0.47980016 0.48489422 0.49895775 0.5268808 0.43498826 0.29875416 0.29615596 0.3424763 0.18942446 0.19962214 0.294185 0.45523417 0.53975034 0.5998904 0.570858 0.46056834 0.34639123 0.15670604 0.052580446 -0.021483747 -0.15790734 -0.09753413 -32767.0 -0.06205558 -0.072652645 0.057760675 0.22138779 0.33234727 0.37960497 0.4653624 0.48627555 0.4635189 0.4829747 0.48048523 0.38272476 0.2966643 0.31570467 0.30117217 0.25784522 0.14455229 0.16734874 0.0064773187 -0.03500221 -0.08198061 -0.1208124 -0.15970756 -0.16157037 -0.16414124 -0.25656465 -0.37868667 -0.25667328 -0.19157372 -0.18716793
0.46883553 0.42240465 0.42000166 0.4491898 0.45913902 0.37374702 0.20664953 0.3180078 0.39750028 0.34090558 0.3707676 0.39952508 0.38720447 0.35738516 0.3079477 0.37172785 0.35219732 0.43330598 0.47814977 0.42086527 0.23023584 0.17896853 0.12710564 0.052464105 0.03436476 -0.1856945 -0.2659481 -0.18864757 -0.056348197 0.09668219 0.21338463 0.25275543 0.292762 0.37168536 0.38503024 0.36250198 0.2909189 0.32597685 0.34243435 0.31017104 0.27046552 0.19242716 0.21263745 0.17534754 0.10598511 0.038061548 -0.13671295 -0.20689592 -0.3876172 -0.3861354 -0.38028765 -0.3841406 -0.38598454 -0.395711 -0.26436555 -0.09537027 -0.17171289 -0.16925544
0.23396559 0.19459373 0.2520189 0.3405226 0.33880186 0.38455677 0.26524922 0.42758578 0.38689795 0.48617128 0.41328046 0.40458968 0.35210386 0.3627415 0.37094527 0.31911498 0.30639493 0.40556282 0.4035593 0.29343235 0.15267068 0.0756196 0.033353988 0.05316604 0.015550982 0.024357859 -32767.0 -0.0864712 0.0146200415 0.13859238 0.18424067 0.17525715 0.23899667 0.27235305 0.19877885 0.16326769 0.16833009 0.13281272 0.16682988 0.14592059 0.13324676 0.11161199 0.07095651 0.062115777 0.045772832 -0.15335691 -0.26783225 -0.41113925 -0.19343667 0.029458452 0.12756512 0.11579965 -0.012681038 0.003977854 -0.06857393 -0.045469083 -0.13594815 -0.10980968
0.013394105 0.13618174 0.17882791 0.19783984 0.3544756 0.44934183 0.47877902 0.4279942 0.42020833 0.36536223 0.36406803 0.36966187 0.29276496 0.34033287 0.38209656 0.30678165 0.37075695 0.37031093 0.3540825 0.21994346 0.08628415 -0.043667357 -0.07131441 -0.12476765 -0.17587687 -0.040162496 -0.048569903 -0.05214665 0.08157232 0.12996767 0.095749326 0.09749614 0.14369021 0.1019788 0.0371326 0.010061741 -0.023745395 -0.060361903 -0.07218483 -0.06469813 -0.023991255 0.011963791 -0.056356315 -0.057189267 -0.18779139 -0.31423125 -0.43138826 -0.13982157 0.03999635 0.037357036 0.09906914 0.15720658 0.10345251 0.114876516 0.013790328 -0.07375474 -0.08969017 -0.0565002
-0.030409321 0.02000273 0.08508117 0.103148215 0.19767728 0.23801932 0.31311962 0.33026376 0.2784651 0.32744843 0.34898314 0.333823 0.23366944 0.24180302 0.21915673 0.35252443 0.39426944 0.34093502 0.31892604 0.19652686 0.09817415 -0.018105056 0.025751606 -0.11831092 -0.11226785 -0.14825292 -0.011710792 0.013950616 0.08371769 0.047171343 0.032227565 0.04151439 0.058078516 -0.023654802 -0.060852215 -0.1404494 -0.15957066 -0.2682553 -0.2992966 -0.21980928 -0.14405091 -0.1600899 -0.18607846 -0.26584676 -0.43194497 -0.46336564 -0.19117685 -0.049230564 0.019197773 -0.0039764815 -0.011830069 0.035472043 0.034009956 0.049081843 -0.034245525 0.017679008 -0.014107434 -0.032354817
