static/data/seaWater_uo/2023/7/18/18.asc
ncols 137
nrows 93
xllcorner 108.0
yllcorner 17.0
cellsize 0.25
NODATA_value -32767
[rows 26 to 51 of 93, columns 58 to 115 of 137]
0.27930695 0.2721375 0.12638988 0.0690028 0.03564043 -0.02044718 -0.0034233087 -0.06726695 -0.04087221 -0.07099329 -0.14885221 -0.1654525 -0.10439464 -0.055673014 -0.016972434 0.13681239 -32767.0 -32767.0 -0.04279423 0.16116136 0.2603232 0.302078 0.31689596 0.3425883 0.3054837 0.23649839 0.28878948 0.22570464 0.15432169 -0.0522518 -0.058063217 -32767.0 -32767.0 -32767.0 -32767.0 -32767.0 -32767.0 0.076564796 0.08558997 0.032225013 -32767.0 -32767.0 -32767.0 -32767.0 -32767.0 0.05541887 -32767.0 -0.18452093 0.14676481 0.54154015 0.45725396 0.17469898 -0.19620275 -32767.0 0.19050835 -0.095285244 -0.32767773 -0.36151046
0.23427024 0.16951379 0.20729294 0.05314268 -0.0054739797 -0.066417746 0.040074594 0.08915249 0.083302155 -0.0047314055 -0.09391176 -0.15073426 -0.18412025 -0.21118112 -0.10474256 -32767.0 -32767.0 0.34071743 0.1374613 0.16271953 0.112171516 0.1628432 0.26520652 0.32715628 0.27411938 0.20280446 0.21693265 0.11661379 -32767.0 -32767.0 -32767.0 -32767.0 -32767.0 -32767.0 -32767.0 -32767.0 -32767.0 0.051136017 0.17130958 0.028225936 -32767.0 -32767.0 -32767.0 -0.04914654 -0.10145214 0.100080274 0.053734712 0.3146774 0.31032512 0.17071436 0.23004803 -0.05416096 0.103871405 -0.10013669 -0.27063945 -0.40239495 -0.36337605 -0.25273448
0.046449408 0.0010414408 0.00946038 0.05386589 -0.063398235 -0.09203369 -0.0986164 -0.1555042 -0.10604397 -0.15083583 -0.19500898 -0.31009448 -0.3568752 -0.2624327 -0.099749394 0.00058257586 0.0541119 0.07309115 0.08723667 0.17763245 0.13200285 0.1273619 0.20494653 0.23926297 0.16350839 0.11547785 -32767.0 0.096619636 0.03558979 -32767.0 -32767.0 0.020913841 -32767.0 -32767.0 -32767.0 -32767.0 -32767.0 -32767.0 0.23847757 0.14201568 -32767.0 -32767.0 -0.08906464 0.0077273045 0.2429812 0.046257086 0.1543457 0.2118281 0.24550007 0.2208556 0.011087742 0.04830064 -0.12684195 -0.25400844 -0.26999918 -0.1735423 -0.015174629 0.017259635
0.09936261 0.049427927 -0.009304248 0.029356297 -0.036986604 -0.011901628 -0.112024754 -0.19600394 -0.22548497 -0.2982446 -0.30353892 -0.2922266 -0.25590858 -0.07339376 -0.0694305 -0.09940842 -0.049953323 0.021149319 0.10740371 0.10365108 0.11128167 0.08241031 0.14191927 0.17483751 0.15029922 -32767.0 0.044092026 0.064554885 0.06737491 0.08928162 0.23857215 -32767.0 0.022627855 -32767.0 -32767.0 -32767.0 -32767.0 -32767.0 0.27146575 0.7160163 0.7090475 0.2757436 0.17080367 0.24911042 0.25479537 0.0756961 -0.018397216 0.1075366 0.285592 0.25002682 0.1620224 0.10586647 0.1127917 0.007841393 0.008975564 0.09358388 0.09659873 0.046005934
0.21332188 0.07591727 0.008697666 -0.08137553 -0.036031082 -0.023830615 0.051334187 -0.06324684 -0.11635085 -0.18144338 -0.18642561 -0.15370868 0.12867339 0.20781685 0.06448744 0.005506578 -0.05538359 -0.099064134 -0.06102313 0.021344678 0.08343949 0.03722962 0.107345715 0.21021912 0.30472776 0.42011806 0.42694834 0.3057403 0.20073779 0.074103996 0.0628875 -0.023456618 0.057366244 -32767.0 -32767.0 -32767.0 -32767.0 0.18871675 0.20097236 0.06627375 0.12535225 0.38384858 0.6059576 0.6072409 0.5250858 0.3844999 0.31415647 0.2866202 0.35911128 0.5066097 0.21070068 0.11223845 0.10960102 0.14042254 0.12273584 0.12590565 0.0463706 0.059924383
0.077572554 0.019854283 -0.013253485 -0.08493029 0.07512728 0.13979211 0.21620572 0.1590034 0.052455567 0.18719982 0.06292888 0.033807237 0.107262924 0.03890746 0.028338127 -0.00027170882 -0.01324303 -0.07350718 -0.06760977 -0.027981227 -0.0046033156 0.028130239 0.025205294 0.07123235 0.16299917 0.30862176 0.46581128 0.50900817 0.43286946 0.29970714 0.008959743 0.07399757 0.04514895 -32767.0 -32767.0 -32767.0 -32767.0 0.14399351 -0.07649944 -0.02930307 0.23278737 0.55740196 0.78056407 0.9243787 1.0960793 1.2550492 1.2980907 1.1516471 0.9275074 0.78976774 0.7382961 0.7065792 0.38505533 0.18805458 0.058527615 0.044441797 0.0047632 0.1066782
0.040821973 -0.027866853 0.03156771 0.030200241 0.080577604 0.24102439 0.23465647 0.19058566 0.21108937 0.09686474 0.15491328 0.16940433 0.22475466 0.048408672 0.0960031 0.040396154 0.00727656 0.020928957 -0.011710819 -0.13927451 -0.21840298 -0.18398434 -0.0719601 0.0059596654 0.11528209 0.18018691 0.24194728 0.31445533 0.29374117 0.25515205 0.16010658 -32767.0 -32767.0 -32767.0 -32767.0 -32767.0 0.06023685 0.35124764 0.062492225 0.39364034 0.63573563 0.5944678 0.7080441 0.89951855 1.0378299 1.1447488 1.2156675 1.2667012 1.3119396 1.3709682 1.4144956 1.2449667 0.8585046 0.5032199 0.17185986 0.041207276 0.066549145 0.081950724
0.16816485 0.075132065 0.16449818 0.1762735 0.04473051 0.029699165 0.11974259 0.10505665 0.13767561 0.18423012 0.17146966 0.14550276 0.17100461 0.18136764 0.17838831 0.19527893 0.07031197 0.10307792 0.071344376 -0.072136275 -0.18035997 -0.08820761 0.017847607 0.10704066 0.1486166 0.18462136 0.23462367 0.2292867 0.2388887 0.26441774 0.011499564 -32767.0 -32767.0 -32767.0 -32767.0 -32767.0 0.18196493 -0.046467267 0.23796618 0.6969646 0.75386024 0.9275012 1.0243554 1.0530543 1.0050206 0.9663458 0.98320216 0.948467 0.9440198 1.0079837 1.1233172 1.2392702 1.2247808 0.8442863 0.48220056 0.17604016 0.00352362 0.047197178
0.13386634 0.24547274 0.13968526 0.024147943 0.010357202 0.021245738 0.013406048 0.017650463 0.09409112 0.11497927 0.18817183 0.24847248 0.30042636 0.2733125 0.17381181 0.19868194 0.084687494 -0.009625036 0.0071391705 0.015268895 0.052986134 0.14631842 0.17290646 0.19613278 0.20205842 0.21893993 0.22205673 0.15791138 0.23536891 0.16695216 0.2055612 0.06399054 -32767.0 0.0017720746 -32767.0 -32767.0 0.18338174 0.6200602 0.99691856 0.88765407 1.001986 1.0196388 1.0918782 1.062279 0.9712328 0.8611764 0.7160304 0.64581835 0.62814915 0.6655548 0.7641191 0.90426004 0.99075603 0.9864738 0.65782344 0.39581963 0.07472049 0.055817578
0.18423147 0.21081428 0.03911692 -0.10678011 0.09780646 0.16525988 0.28305537 0.1810836 0.16583735 0.19290191 0.20643671 0.32647777 0.3940542 0.25947785 0.16620763 0.100156315 0.04724877 0.0596916 0.10053098 0.17760637 0.23747674 0.30023828 0.3293794 0.3633703 0.3807328 0.37558043 0.36076546 0.22865967 0.25310636 0.30979586 0.30718586 0.27690995 0.2334926 0.19517131 -32767.0 0.46911559 0.84888124 0.67974776 0.8660451 0.890347 0.8684195 0.8262098 0.78555757 0.80955315 0.74731654 0.5025686 0.39473808 0.4629887 0.42114508 0.3728889 0.4046167 0.5377879 0.7316484 0.8847682 0.713166 0.49936166 0.24466611 0.072250016
-0.14795657 0.34714133 -0.060630582 0.18391155 0.3307582 0.28852972 0.10825883 0.13228035 0.07123488 0.10937395 0.18229772 0.25692675 0.34830472 0.31311163 0.24877153 0.15844251 0.14680067 0.19434686 0.2377124 0.2800796 0.2896579 0.40781507 0.48037142 0.509795 0.55878466 0.5808318 0.56571704 0.47799858 0.3618703 0.39484566 0.50190663 0.46182868 0.42714295 -32767.0 0.8849126 0.5185909 0.3045361 0.57456344 0.70041305 0.6978898 0.646459 0.52014035 0.45651993 0.28949234 0.14713714 0.15699965 0.43157527 0.4445 0.33128825 0.22472088 0.2809566 0.32365233 0.45759207 0.6641911 0.7487146 0.55474514 0.3676164 0.14333199
0.048557818 0.1478172 0.11083737 0.05746129 0.1224336 0.113981135 0.15989481 0.2165397 0.17013203 0.1892573 0.23201804 0.23091021 0.3054219 0.34456766 0.2932946 0.2646128 0.2528392 0.26752675 0.23597068 0.29123387 0.31896812 0.3700796 0.40110007 0.47360736 0.5445913 0.5967916 0.6439534 0.6719431 0.5783336 0.3464079 0.1523896 0.37068483 0.11298247 0.38158885 0.31664148 0.095421866 0.33005768 0.46584043 0.46794656 0.47190607 0.4284546 0.28423756 0.15265886 0.08092209 0.062201947 0.2955273 0.27294213 0.25104335 0.38155037 0.494322 0.36819857 0.30379766 0.34567624 0.4376895 0.6921857 0.6681126 0.52039665 0.38976607
-0.00820423 0.13020246 0.006929824 0.15159832 0.1536804 0.1001165 0.13843232 0.29033774 0.35871053 0.33686215 0.3886749 0.39006984 0.29815266 0.29433125 0.3607157 0.40263814 0.41822308 0.4081647 0.3798724 0.24227846 0.25658035 0.23674026 0.25835314 0.33563337 0.53052944 0.614925 0.64226747 0.65332234 0.68418324 0.5942215 0.5131854 -32767.0 0.30593067 0.25795335 -32767.0 0.20944053 0.24418102 0.30669594 0.33316898 0.27571183 0.26994756 0.19493964 0.16511214 0.1661264 0.23160802 0.23190323 0.30941975 0.44535056 0.51553035 0.58037746 0.5765038 0.3952156 0.3690606 0.41421753 0.62211126 0.79426736 0.66918445 0.51617265
-32767.0 -0.067195244 0.114742294 0.11053624 0.090408534 0.23582987 0.02699687 0.072681 0.25619298 0.28312203 0.39710245 0.41551435 0.38989136 0.44224715 0.49575058 0.54067916 0.6052287 0.47423673 0.2977909 0.1536447 0.15708993 0.1246452 0.09140385 0.3050041 0.53925323 0.6926973 0.70124954 0.63081264 0.649692 0.7373232 0.7063861 0.44165388 -32767.0 0.04796235 0.08651763 0.16603132 0.23238865 0.3143137 0.31289038 0.21724164 0.19944423 0.16704017 0.20425576 0.2306186 0.2623699 0.25607184 0.22735304 0.26472127 0.29656553 0.32911116 0.29639363 0.36328214 0.35768247 0.4394943 0.5461841 0.74844426 0.7424019 0.48377725
-0.08981597 0.043457914 0.20309287 0.24311087 0.15523459 0.0692894 0.15696274 0.13903028 0.15691806 0.12841165 0.27042764 0.34587902 0.35838175 0.4721688 0.5262788 0.45855257 0.36833486 0.17763454 0.035571 0.07135095 0.1520947 0.16920212 0.14241683 0.32887462 0.51146245 0.6483261 0.67499703 0.6213024 0.5523483 0.5918681 0.56932473 0.9142857 0.2640942 0.2770371 0.26814196 0.11700874 0.3509139 0.37706172 0.31047812 0.1520449 0.17154795 0.16602828 0.17768028 0.13493463 0.15224724 0.14155659 0.039656576 0.009418411 0.062050175 0.094138205 0.05295035 0.18679823 0.29131648 0.33599156 0.46140757 0.63905853 0.69974226 0.4934244
0.08212262 0.21581165 0.2345886 0.2513359 0.23489329 0.3011488 0.20716918 0.16245356 0.19845772 0.16214153 0.32128048 0.33845183 0.38575435 0.3345416 0.2854144 0.27460283 0.23088908 0.0013968253 0.017321376 0.111291535 0.13974938 0.25090465 0.33764026 0.45613655 0.5104097 0.59595174 0.5594569 0.49517184 0.47863877 0.62195355 -0.07388662 0.60346925 0.64547306 0.17347302 0.17617583 0.47354996 0.5552733 0.512217 0.3442763 0.16665055 0.14427513 0.17128463 0.10546305 0.030651465 0.0028081806 0.034220465 -0.06303102 -0.15438107 -0.2296622 0.040100884 0.12940009 0.15493153 0.14199524 0.24182056 0.3440389 0.48242623 0.69765157 0.7203388
-0.0033227631 0.26117152 0.303707 0.20004237 0.16063277 0.27169257 0.19255301 0.2033415 0.11974618 0.24986711 0.4071138 0.39715305 0.3175965 0.36381888 0.37515107 0.22879349 0.14308627 0.033427272 0.10659028 0.19296461 0.30521405 0.5106755 0.66906697 0.5827857 0.5197526 0.4982556 0.33620748 0.2794741 0.2480494 0.51265025 0.6720751 -0.017395245 0.5453634 0.9715963 0.91321 0.77297205 0.7280166 0.5684115 0.36316574 0.24571124 0.10271687 0.18321194 0.10655645 -0.012490411 -0.04010011 -0.01243033 -0.059871975 -0.010286379 -0.043297905 -0.21282515 0.027565368 0.5022473 0.48809925 0.20495586 0.24556366 0.39764917 0.59353775 0.7046124
0.07259981 0.277763 0.2603359 0.22579347 0.15690473 0.096550845 0.0753717 0.05085054 0.10979346 0.119360894 0.16869868 0.18123507 0.23830701 0.25533712 0.26049873 0.1997974 0.18898153 0.1558557 0.17015056 0.38281107 0.67756355 0.7990969 0.7272112 0.5603851 0.43496117 0.1972956 0.05741021 0.11269775 0.323808 0.2589346 0.5516567 0.6372894 0.719221 0.6896365 0.8591741 0.78569865 0.6878362 0.53624743 0.4270747 0.31369203 0.18622251 0.13200197 0.10599759 -0.036116883 -0.049873766 -0.03798308 -0.063304275 -0.10234787 -0.11172896 -0.1693954 -0.16929477 -0.0413646 0.1974682 0.39726326 0.32202664 0.26613837 0.33198348 0.3233355
0.20127244 0.31794986 0.34672 0.28841427 0.21641392 0.12841411 0.048009846 0.10822273 0.23145506 0.21282978 0.15063445 0.102582775 0.15267596 0.20210811 0.24304049 0.22206381 0.1551734 0.1395193 0.43427473 0.67977715 0.7193862 0.6590065 0.5734862 0.46060342 0.13529317 -0.09554306 -0.06702274 0.025999285 0.15108997 0.47050598 0.4366765 0.5549256 0.64634806 0.7249562 0.8177857 0.794414 0.605603 0.558222 0.5492761 0.4003844 0.25355676 0.13852914 0.08489658 -0.0043775844 -0.04908136 -0.01374035 0.0491602 0.00776793 -0.10079925 -0.21434447 -0.2005473 -0.26237616 -0.06617322 -0.014173701 0.09348061 0.13030905 0.1847372 0.18185322
0.36975896 0.4367275 0.47935557 0.582902 0.30013937 0.2763178 0.32454607 0.17284164 0.058038432 0.08958274 0.087115355 0.1352335 0.15997298 0.20767772 0.27311695 0.30209565 0.29892805 0.43716547 0.5653599 0.60424465 0.5780295 0.54987055 0.47163758 0.26909095 -0.006805336 0.054408845 0.19119169 0.09795683 0.0066704587 0.10802408 0.31052077 0.44402626 0.531168 0.58553684 0.52575797 0.5184898 0.64426523 0.60421795 0.52317786 0.44891295 0.37914866 0.20945796 0.09374721 0.02863117 -0.029948678 0.0797055 0.22866239 0.18774785 0.037680667 -0.11444725 -0.10083518 -0.120260805 -0.23243007 -0.16228536 -0.04234425 -0.03346893 0.0025458513 -0.16119102
0.59099275 0.664036 0.54138666 0.5456312 0.46120065 0.2981153 0.3028563 0.23745695 0.119703345 0.13460755 0.12241248 0.15085551 0.22146186 0.2590052 0.21486941 0.26550126 0.33579218 0.45273384 0.4678191 0.45557845 0.4969188 0.44798878 0.3079055 0.11607114 -0.009571797 -0.061821613 -0.1557039 -0.049477693 0.124941856 0.071183205 -0.066550925 -0.005146685 0.11673504 0.39282623 0.53132975 0.53990954 0.5564406 0.5450582 0.48597085 0.41114077 0.36604962 0.30558002 0.15979853 0.028790977 0.030644856 0.0066134306 0.12818864 0.13415834 -0.019731227 -0.07762322 0.039072234 -0.013156052 -0.23835629 -0.28413707 -0.3096788 -0.26979637 -0.33314368 -0.31032035
0.8285255 0.78377193 0.64830786 0.57122314 0.49627176 0.32790336 0.15004484 0.1911887 0.25942233 0.2666776 0.1527581 0.13655116 0.1994018 0.17461617 0.111707725 0.22436576 0.34334618 0.38034126 0.43787274 0.4072163 0.38962415 0.32133296 0.18994917 0.01839556 -0.052653566 -0.12751499 -0.114200845 -32767.0 -0.115438424 -0.10006758 0.017286016 0.22121169 0.33405456 0.3844782 0.4942052 0.56479114 0.585317 0.6085878 0.54377633 0.3931362 0.2766578 0.2610755 0.21177231 0.08669399 0.06360493 0.037805505 0.03860416 -0.105641395 -0.19847056 -0.17356043 -0.19901733 -0.10714806 -0.09643608 -0.31677344 -0.46658534 -0.31705698 -0.27257726 -0.19407427
0.6187699 0.5430546 0.44101366 0.43155813 0.45602584 0.2706473 0.11837413 0.13748044 0.15836419 0.108004846 0.114435636 0.18538556 0.15995637 0.15605895 0.12629354 0.27034792 0.23970771 0.3518471 0.34394598 0.2788415 0.20777182 0.1836787 0.1592518 -0.020285893 -0.014562182 -0.17077318 -0.24593332 -0.14341837 -0.05117754 0.09666675 0.21477467 0.25604734 0.27846134 0.39688107 0.4556293 0.4606006 0.46857652 0.49244472 0.45393032 0.4101883 0.28650072 0.18201178 0.17161274 0.11947483 0.0010686046 0.0398214 -0.1531592 -0.29807007 -0.44252118 -0.4693062 -0.45487657 -0.43358588 -0.3964324 -0.3970229 -0.30182844 -0.08746681 -0.060202725 -0.12267077
0.38861543 0.25435105 0.34539756 0.38767886 0.38624793 0.28195864 0.21976665 0.28176826 0.19048962 0.15791374 0.1653482 0.1287623 0.14283876 0.16830364 0.21881723 0.19420753 0.23124783 0.33865234 0.2929002 0.18586443 0.09500762 0.10112486 0.08077983 0.06705796 0.051702954 0.026386779 -32767.0 -0.035826914 -0.015409767 0.14805508 0.18272783 0.18655348 0.25009716 0.2940527 0.27461115 0.24015053 0.25984666 0.32744196 0.31233123 0.28058606 0.19873136 0.113833494 0.040092416 0.01777564 -0.022583362 -0.1531863 -0.3168577 -0.3605152 -0.13281049 -0.028828584 0.05670336 0.07691143 -0.06820159 -0.06240203 -0.014561598 -0.1444967 -0.075997725 -0.135765
0.15824741 0.2164044 0.2422052 0.26502636 0.36667588 0.41112995 0.5218275 0.38790387 0.2433304 0.2299384 0.11137181 0.09645452 -0.0051163835 0.13780431 0.20915633 0.20985903 0.3012553 0.28835046 0.2337798 0.11251714 -0.000114825976 -0.0534207 -0.097452074 -0.1152627 -0.1623977 -0.053361926 -0.05100808 -0.0981117 0.036153633 0.11293222 0.10877113 0.119576424 0.12573788 0.14043647 0.077843904 0.10594112 0.0692332 0.07561681 0.020955073 0.051818978 0.018383222 -0.08163747 -0.061510034 -0.13703518 -0.1597397 -0.35557956 -0.381265 -0.13228059 -0.013524397 -0.01336403 0.017546022 0.14860667 0.13548721 0.012201806 0.012094806 -0.23033656 -0.15832901 -0.02598093
0.104735605 0.16128656 0.10438201 0.15833601 0.19377714 0.2634424 0.24739337 0.25202718 0.20206076 0.18409905 0.14785719 0.08367728 0.06731769 0.101031385 0.10408669 0.26565126 0.34489906 0.28315812 0.20310917 0.086968936 -0.0068363864 -0.04319893 -0.024303138 -0.09450664 -0.13244371 -0.12495764 -0.042280264 -0.049833357 0.031227507 0.050194424 0.04489321 0.036265083 0.006158215 -0.005545266 -0.028049095 -0.05378379 -0.055056065 -0.10319519 -0.15786386 -0.20374611 -0.19418819 -0.15803681 -0.17911105 -0.21071194 -0.41239876 -0.49060276 -0.22454195 -0.092213295 -0.037478756 -0.014004453 0.024982724 0.12794882 0.08276445 0.0010163938 -0.061629944 -0.11259944 -0.0462818 -0.021649342
