static/data/seaWater_uo/2023/7/18/6.asc
ncols 137
nrows 93
xllcorner 108.0
yllcorner 17.0
cellsize 0.25
NODATA_value -32767
[rows 52 to 77 of 93, columns 58 to 115 of 137]
0.027540147 -0.04848672 -0.06192621 -0.044757344 0.04899637 0.10467257 0.16341965 0.3177898 0.34605643 0.34479034 0.32540986 0.4042953 0.4243164 0.3762397 0.47299686 0.5418154 0.40779155 0.2837337 0.24837655 0.13472465 0.08998319 0.14566319 -0.00033975366 0.18914063 -0.024913896 -0.09815844 -0.041363824 0.022998463 -0.06427874 -0.040260553 -0.058177743 -0.10621476 -0.14294036 -0.11617041 -0.15916194 -0.26469752 -0.35919875 -0.48342958 -0.51171714 -0.45710942 -0.4918433 -0.5240116 -0.5521053 -0.65449226 -0.54778516 -0.35137218 -0.31923583 -0.28167796 -0.23546003 -0.22456706 -0.2087061 -0.18987885 -0.13566324 -0.114732094 -0.26166123 -0.07794693 -0.2889334 -0.30493364
0.12838024 0.030812163 -0.13265368 -0.08524009 -0.17445108 -0.0491909 0.053008128 0.02915977 0.116178446 0.18971196 0.2925252 0.43813577 0.61345553 0.69345164 0.65431863 0.49082395 0.38206124 0.3111547 0.26461807 0.112864025 0.20425555 0.18697394 0.12462085 -32767.0 0.13114117 0.010747839 -0.019185113 -0.07796699 -0.084122896 -0.09348442 -0.07408024 -0.12039163 -0.20733117 -0.23447353 -0.23531762 -0.34589526 -0.44414127 -0.50745416 -0.58564234 -0.6315913 -0.642783 -0.6567658 -0.7237301 -0.60703105 -0.41814095 -0.37143862 -0.37255466 -0.31347135 -0.28963253 -0.23647106 -0.25642082 -0.28504547 -0.1416017 -0.0006675025 -0.11957743 -0.023695413 0.042576335 -0.19363531
0.26427433 0.31129244 0.19996728 -0.022514394 -0.06449227 -0.082068644 -0.012894059 0.02496936 0.034095053 0.06586219 0.23357704 0.5060971 0.6285126 0.582312 0.44746333 0.37420374 0.2672998 0.11297039 -0.09606481 0.083357506 0.12281753 -0.022731699 0.06441359 0.026041422 0.09803734 0.119953655 0.046243716 0.002221187 -0.095416225 -0.17625636 -0.16000836 -0.13158523 -0.22307582 -0.3524524 -0.3340097 -0.33521023 -0.4735929 -0.56482434 -0.6128552 -0.6706664 -0.74783224 -0.7877453 -0.5791268 -0.4796801 -0.42878056 -0.35517162 -0.34282053 -0.2788023 -0.2693562 -0.26568037 -0.2452966 -0.2729108 -0.1466865 -0.014908694 0.0140361525 0.042940423 0.07162225 -0.037431408
0.29196358 0.3487173 0.5193628 0.49008986 0.42874166 0.44218335 0.35197556 0.19340152 0.076429285 0.20726925 0.3923058 0.4224489 0.44473082 0.35736227 0.32134143 0.27653438 0.15714136 0.11975142 0.34045583 0.26534483 0.0025580255 -32767.0 0.063307755 0.050788976 0.13529754 0.20511214 0.13671654 0.09618266 -0.053820442 -0.18747605 -0.29701248 -0.1633743 -0.1707882 -0.3275587 -0.47109538 -0.3656655 -0.38864207 -0.48043883 -0.6349133 -0.7804387 -0.7896167 -0.5550742 -0.52976817 -0.46925846 -0.4082595 -0.36954987 -0.31983957 -0.3247752 -0.27964693 -0.32991907 -0.27884156 -0.26746023 -0.21836479 -0.036640555 0.08408596 0.010191545 -0.07692816 -0.12098442
0.20672262 0.44996303 0.6917306 0.78026754 0.7467795 0.55727535 0.5293655 0.5432859 0.48186192 0.50117654 0.48626477 0.36774358 0.32238242 0.29017583 0.30141276 0.20779695 0.14994419 0.15142049 0.19167139 0.21868101 0.31799 0.47426337 0.39624 0.27891567 0.15703422 0.24191129 0.22315167 0.16405001 0.05575611 -0.07858452 -0.31466395 -0.25098443 -0.119292594 -0.23488075 -0.4964375 -0.5709495 -0.535587 -0.61613905 -0.72671795 -0.6849435 -0.5156733 -0.53892016 -0.5176117 -0.4670903 -0.474406 -0.42091268 -0.32254258 -0.29315412 -0.3169916 -0.34551126 -0.2979565 -0.26262298 -0.2723519 -0.12450044 0.057614297 0.032262515 -0.15838511 -0.0451601
0.09046044 0.5171104 0.6678 0.65547895 0.7576268 0.79886746 0.6783945 0.59127635 0.5757586 0.50945413 0.37040824 0.36125267 0.30657738 0.31380588 0.32305375 0.1676978 0.13916111 0.15084988 0.21879824 0.34885126 0.38120702 0.38364398 0.34135088 0.2937025 0.31219834 0.2844857 0.24338402 0.17139156 0.1087035 0.0007568603 -0.14861 -0.2056926 -0.15119903 -0.13550013 -0.28813487 -0.5389889 -0.63918746 -0.6230604 -0.54307634 -0.40062246 -0.41536736 -0.44704345 -0.39300653 -0.33737096 -0.29247034 -0.32892495 -0.36632907 -0.3479293 -0.3237595 -0.34247932 -0.33282837 -0.22278431 -0.28045177 -0.27464563 -0.065930985 0.18074621 0.25766638 0.16244903
0.20143074 0.72907597 0.68288916 0.6292407 0.54129654 0.3806205 0.49461424 0.44586527 0.4347405 0.34162727 0.40523154 0.33495224 0.35638994 0.42224795 0.25266176 0.09922256 0.13818318 0.25082088 0.2763757 0.30219445 0.31284082 0.30490845 0.17525181 0.11264207 0.23759535 0.30023196 0.26088533 0.16837408 0.08038127 0.06980962 -0.0055553312 -0.082082145 -0.13597609 -0.12970653 -0.16915484 -0.28497794 -0.37950352 -0.41105184 -0.34384167 -0.31249756 -0.33480066 -0.28593788 -0.18888481 -0.049973466 -0.077779956 -0.20139952 -0.24218862 -0.33680683 -0.3343024 -0.30061093 -0.29486388 -0.2318162 -0.20395386 -0.25797278 -0.22435401 -0.04777912 0.19561306 0.40773034
0.48438364 0.44754413 0.4624779 0.44795436 0.3142196 0.24859561 0.23098344 0.19495688 0.3032044 0.3202392 0.3689388 0.50302553 0.49617827 0.27605522 0.05482137 0.19334765 0.34404483 0.39294022 0.3179006 0.22191665 0.21214896 0.21068422 0.1813954 0.20210055 0.21475926 0.2536878 0.22972699 0.19056888 0.073866285 0.05483568 0.030178703 0.043639217 -0.08631865 -0.11778877 -0.13641573 -0.16378959 -0.22964628 -0.27432597 -0.21562967 -0.18589409 -0.18467359 -0.12025584 0.007893454 0.073845744 0.023635812 -0.07136674 -0.10886506 -0.16582024 -0.23635824 -0.20037705 -0.24959078 -0.18064766 -0.13711204 -0.08042576 -0.077732086 -0.072611205 -0.030060675 0.034215186
0.42942443 0.29957262 0.37484488 0.32332942 0.12357578 0.21237394 0.2573188 0.15743607 0.09696183 0.14001794 0.16854435 0.27619773 0.11606511 0.12603182 0.3927726 0.5892218 0.48003593 0.29841578 0.16735865 0.09807294 0.11884579 0.100253426 0.14859103 0.19252354 0.13445182 0.15175208 0.15315762 0.10484572 0.07003084 0.035403162 0.014332728 0.06106828 -0.07564136 -0.12623908 -0.121716954 -0.13489239 -0.10863167 -0.13236916 -0.1589078 -0.13436076 -0.08290636 -0.029954787 0.02340821 0.07621046 0.110256985 0.038292862 -0.084801525 -0.07601605 -0.060199417 -0.10696401 -0.14138207 -0.11251214 -0.0924129 -0.09293407 -0.026488444 0.028724993 0.00082599703 -0.010776404
0.53536457 0.45059332 0.41138753 0.19092956 0.19883569 0.19438258 0.19240144 -0.024172949 0.077442385 0.082389645 0.07002044 0.18945678 0.2903895 0.57367337 0.60118157 0.38958216 0.20567551 0.0638511 0.016817043 0.024155302 0.012852878 0.026994968 0.12334572 0.09298454 0.07210005 0.0755811 0.02706923 0.0047495444 0.027415637 0.017989118 0.06474159 -0.02002764 -0.1343842 -0.14941792 -0.12511231 -0.029819535 0.022968069 0.06917375 0.11485425 0.15374376 0.16928218 0.14329153 0.13674262 0.11629951 0.053770907 0.024640689 0.012166172 0.12584381 0.07047917 -0.017187526 -0.021025008 -0.086102284 -0.026133042 -0.019962933 0.022906197 0.0008431884 -0.0026888063 -0.068218656
0.45013943 0.38846484 0.25661096 0.23885842 0.19712837 0.14964771 0.029874017 0.03209154 -0.023729863 0.028021708 0.10099253 0.2534514 0.27199012 0.3132478 0.19767858 0.005719259 -0.09296815 -0.10425985 -0.103010096 -0.07039129 -0.026729139 0.029550944 0.06892714 0.008316687 -0.033672094 -0.09085646 -0.19959137 -0.14239065 0.014563306 0.099101946 -0.002547717 -0.13601983 -0.17528325 -0.16680643 -0.17060858 -0.12723221 -0.049335312 0.06051131 0.18571982 0.25193286 0.2918243 0.37230945 0.4245109 0.47680956 0.49410728 0.5022046 0.48749205 0.38963822 0.2655269 0.10687073 0.04451064 0.0071359593 -0.020446043 0.0050110472 -0.0045908997 -0.024412094 -0.046245314 -0.1294419
0.42899776 0.3020824 0.17181957 0.04919694 -0.017064216 -0.13354066 -0.10969204 -0.16888492 -0.16525689 -0.18054093 -0.10273448 -0.023735587 -0.024364688 -0.09435039 -0.17459232 -0.21048258 -0.22416297 -0.21105212 -0.14248373 -0.053605232 -0.037275106 -0.029570524 -0.07077505 -0.14125457 -0.25222227 -0.4437745 -0.3929828 -0.14951442 -0.003017058 -0.050162736 -0.19162452 -0.20635855 -0.23100732 -0.12127024 0.02453825 0.088423274 0.07728815 0.042990357 0.04363064 0.115407616 0.20761846 0.27095535 0.36542612 0.44500437 0.511088 0.5362101 0.51385534 0.39632273 0.28382716 0.12667435 0.06424901 0.041912843 -0.045833074 -0.047371093 -0.047306765 -0.10738701 -0.18142815 -0.23236454
0.48367223 0.2956854 0.09496855 -0.103120744 -0.18763268 -0.28881687 -0.3103976 -0.27953327 -0.2576411 -0.22234918 -0.22976306 -0.11791377 -0.11990406 -0.10592729 -0.23523907 -0.2186293 -0.16844152 -0.1428072 -0.13410878 -0.1406389 -0.11798045 -0.1921359 -0.26499873 -0.4035157 -0.56264406 -0.4682704 -0.3033267 -0.19281158 -0.1760254 -0.20774339 -0.24918893 -0.27323082 -0.26065132 -0.18252589 -0.06839467 0.024960676 0.007260062 -0.024395986 -0.0305027 -0.048319105 -0.15115553 -0.17434078 -0.088066846 0.07890222 0.18326834 0.21889871 0.18115796 0.13958445 0.16809684 0.08284675 -0.0054834904 0.027910553 -0.02993341 -0.012937603 -0.10317754 -0.21393494 -0.2954216 -0.3089412
0.39467135 0.28685766 0.13961846 -0.14432962 -0.23542503 -0.2022097 -0.22572294 -0.14261748 -0.09926181 -0.13784353 -0.16079022 -0.16998091 -0.04239808 -0.043429 -0.07284178 -0.11125871 -0.1707006 -0.20111264 -0.23838308 -0.25305972 -0.27162123 -0.32204136 -0.495171 -0.6275267 -0.5567087 -0.38896918 -0.28198925 -0.21856272 -0.23686849 -0.33499837 -0.36346492 -0.3725198 -0.39281824 -0.36971107 -0.3441115 -0.2631174 -0.26182187 -0.23773229 -0.35767564 -0.46336284 -0.41587788 -0.31911454 -0.28174007 -0.2680557 -0.2110942 -0.17657067 -0.14164315 -0.13949926 -0.06931784 -0.08570553 -0.06324927 0.0509082 0.07940372 0.04648631 -0.12090802 -0.23195933 -0.29472944 -0.38764855
0.19020653 0.19480489 0.19897828 -0.0154741835 -0.073633194 -0.06626847 -0.056311794 0.034420796 0.04569654 0.0018009186 -0.050063644 -0.062087223 -0.012265002 0.05773293 0.060123917 -0.05262075 -0.177825 -0.23081149 -0.2682682 -0.30192837 -0.29522407 -0.4328467 -0.6077621 -0.62803483 -0.47203255 -0.23678729 -0.1353148 -0.16582398 -0.14670841 -0.19748843 -0.26142102 -0.27394578 -0.3457155 -0.4611477 -0.4783935 -0.4354212 -0.37776393 -0.32818598 -0.29375142 -0.2398497 -0.19735084 -0.21550986 -0.2355191 -0.3145763 -0.3036011 -0.33661348 -0.3143111 -0.19663195 -0.08629817 0.07412734 0.28942096 0.39417565 0.29472557 0.09345933 -0.096230626 -0.25910354 -0.35738927 -0.44778284
0.25190926 0.15965655 0.13978274 0.04020068 -0.0028541493 0.030191533 0.04966751 0.14603792 0.15297015 0.03999366 0.050817627 0.059227023 0.14248648 0.12997122 0.06561809 -0.039798066 -0.16848725 -0.22088388 -0.25208497 -0.299816 -0.30312145 -0.38697097 -0.49278733 -0.38604406 -0.18107702 -0.0028439132 0.12869513 0.05949694 -0.00881108 -0.043145426 -0.13541347 -0.13717791 -0.14961368 -0.27065364 -0.3273612 -0.4387459 -0.45029986 -0.32816836 -0.19895847 -0.16355714 -0.2877736 -0.33904278 -0.2811463 -0.21475017 -0.25071996 -0.109812945 -0.007489537 0.13731726 0.27523622 0.39384338 0.44452912 0.3950493 0.24369182 0.027326377 -0.14281687 -0.34026632 -0.45851627 -0.40682572
0.15726557 0.09191317 0.040508036 -0.029361213 -0.0029740895 0.07543912 0.2630609 0.2910512 0.18938196 0.08231143 0.06396792 0.23213147 0.24098918 0.17304248 0.05386313 -0.024510419 -0.18743671 -0.19587253 -0.21316846 -0.24596423 -0.22720073 -0.17601044 -0.12094322 0.01861729 0.10201724 0.15263616 0.17420056 0.21987392 0.0950089 0.0065202974 0.0008494395 -0.07354799 -0.09153706 -0.12022093 -0.14043564 -0.2227948 -0.31827155 -0.36855772 -0.32184127 -0.16566318 -0.232528 -0.33203852 -0.29118115 -0.31445405 -0.23903051 -0.13697638 -0.014254027 0.10611815 0.14476724 0.13533087 0.14112155 0.11884203 0.04547846 -0.113251336 -0.21321706 -0.37392044 -0.39004898 -0.26078093
0.055444375 0.050093904 -0.101982936 -0.08247608 0.04448748 0.1311408 0.24165502 0.25929615 0.21255524 0.12745446 0.25184017 0.36706826 0.26151082 0.10700898 0.032153107 -0.009665849 -0.19569576 -0.21693857 -0.1664099 -0.1818613 -0.14598243 0.01282077 0.18197384 0.28260052 0.24886481 0.19951513 0.18115234 0.18530767 0.1236481 0.046598762 0.009406973 0.05015159 0.016356023 -0.036923256 -0.06940456 -0.10220171 -0.17637937 -0.251582 -0.2671528 -0.2937354 -0.15087569 -0.2393611 -0.40243483 -0.28242996 -0.22025725 -0.18747462 -0.088255174 -0.02503861 -0.016048059 -0.00634018 0.03944149 -0.03435017 -0.16905344 -0.24545634 -0.31831065 -0.341563 -0.15937312 -0.13953562
0.0285988 -0.0022199259 -0.1797568 -0.07303249 -0.011428074 0.0643625 0.18608214 0.27317458 0.31897005 0.3944881 0.40968415 0.32220486 0.13700981 0.011069904 -0.026931737 -0.005742261 -0.20677896 -0.2054908 -0.22522554 -0.17035861 -0.11798083 -0.015209966 0.10520793 0.17754583 0.16447735 0.17050436 0.18157256 0.17982596 0.14395985 0.15659255 0.15811044 0.0652707 -0.04792964 -0.08034628 -0.14421344 -0.16165866 -0.16128057 -0.14048702 -0.17507242 -0.26509368 -0.24908224 -0.1569512 -0.19203363 -0.17234595 -0.14097793 -0.17721064 -0.09573671 -0.095261924 -0.08588827 -0.11067238 -0.18057185 -0.24475266 -0.32887173 -0.3817276 -0.3716949 -0.23954262 -0.24745241 -0.3187643
0.09362791 0.015785495 -0.11323382 -0.077025615 -0.033985265 0.04220324 0.12213354 0.24224335 0.40557438 0.40585014 0.28057545 0.13642414 0.015997674 -0.07602879 -0.090581916 -0.054221023 -0.18896875 -0.21760617 -0.23655145 -0.26409954 -0.20986293 -0.13240418 -0.04938642 0.043621916 0.0942616 0.15086593 0.13924912 0.14635372 0.10406919 0.15284754 0.09784468 -0.0029225554 -0.0046960693 -0.023061443 0.009079737 0.07619078 0.10892672 0.0652849 0.017546413 -0.16490635 -0.24150078 -0.11929704 -0.007636192 -0.025887672 -0.05285434 -0.16143578 -0.10752528 -0.1732098 -0.22231881 -0.34255597 -0.40353987 -0.43061474 -0.43408155 -0.43094456 -0.2730888 -0.199073 -0.24336986 -0.30146167
0.008226682 0.091694705 0.057418045 -0.0063776993 -0.014223435 -0.001278316 0.121240094 0.29102394 0.33178547 0.20522559 0.13193177 -0.016395899 -0.05207775 -0.11763712 -0.10218579 -0.077172525 -0.18438536 -0.23749991 -0.26732948 -0.26397422 -0.26272303 -0.15397893 -0.07052237 -0.012017593 0.084360406 0.15729307 0.16442841 0.14512257 0.17650001 0.18946013 0.13174936 0.15296115 0.20060137 0.25139478 0.299949 0.3109515 0.26913977 0.2140903 0.19216223 -0.018921295 -0.18142909 -0.12701555 -0.06767089 -0.011025658 -0.026546534 -0.10075193 -0.13727015 -0.24198756 -0.34139463 -0.432317 -0.47591662 -0.43286905 -0.39952335 -0.33369377 -0.22182591 -0.09810128 -0.16946429 -0.22385691
0.093450144 0.16836648 0.17632866 0.07824988 0.016695948 0.022016888 0.14969303 0.27608225 0.16591787 0.13867243 0.05255465 -0.038633917 -0.124681845 -0.111932695 -0.056034405 -0.055140622 -0.18666893 -0.22741681 -0.2576549 -0.2655685 -0.25141323 -0.14642459 0.005863646 0.11937584 0.16788158 0.18279251 0.14156286 0.13255394 0.16866821 0.19590683 0.27802017 0.33855093 0.3865069 0.3871611 0.33618763 0.24362905 0.18340711 0.14392245 0.15116988 0.11003909 -0.05410451 -0.120984636 -0.031674232 0.05581044 0.023047635 -0.07357041 -0.16829917 -0.2628031 -0.36715904 -0.3854748 -0.33306673 -0.2759943 -0.13359971 -0.09989152 -0.17671889 -0.10032309 -0.104615085 -0.067557
-0.06770652 0.07257166 0.14081576 0.18455848 0.1223667 0.20282018 0.2021689 0.23984136 0.1549617 0.08469247 -0.023658855 0.015680758 -0.0019978532 -0.025475457 -0.04292475 0.0072123865 -0.16642204 -0.21640402 -0.1847723 -0.11826438 -0.08372911 0.06031755 0.22258444 0.28434092 0.25328138 0.13443285 0.11128989 0.123223156 0.16481403 0.2337194 0.29794654 0.35148785 0.39337525 0.33577988 0.29306564 0.24337865 0.19725925 0.14972602 0.1305964 0.11526806 0.06774916 -0.044329796 -0.120826505 -0.04952475 -0.0045663533 -0.09338648 -0.1562019 -0.2186211 -0.3164321 -0.30217203 -0.22415659 -0.12598164 -0.002268324 0.112584874 0.13881414 0.023948258 -0.034889873 0.07511519
-0.16369814 0.015430267 0.23519152 0.42670926 0.3983042 0.38832253 0.27158734 0.21502751 0.11435778 0.030361898 -0.057053115 -0.012752058 0.007917603 -0.025639186 -0.08692096 -0.03352118 -0.061585583 -0.14144622 -0.10901755 0.014463119 0.16689186 0.32396418 0.48118517 0.5353949 0.494844 0.3617167 0.2375834 0.16298464 0.17971142 0.22920205 0.2987103 0.383521 0.35774213 0.3152925 0.25703755 0.15320468 0.13216662 0.11889666 0.14713848 0.16202092 0.12564717 0.029054496 -0.09820464 -0.0670489 -0.050329085 -0.093345135 -0.14771214 -0.17320174 -0.24838385 -0.29858157 -0.3850309 -0.33077475 -0.17507356 -0.011333063 0.12706763 0.23779376 0.28427792 0.29368982
0.5234646 0.54489356 0.5101591 0.48939833 0.4549203 0.35577023 0.32318747 0.17255515 0.11466333 -0.014407408 -0.08839871 -0.086183466 -0.1521547 -0.17667364 -0.19989514 -0.12386984 -0.026842132 0.0044385167 0.011258184 0.1542472 0.34726518 0.48763266 0.5119851 0.482676 0.49103343 0.5313202 0.48091033 0.3206459 0.24258931 0.20708004 0.2658503 0.28711718 0.29522634 0.2595413 0.19194166 0.08492216 0.06862879 0.05103718 0.07709322 0.16266914 0.18053097 0.10097864 -0.02186213 -0.048707873 -0.088618256 -0.11146395 -0.1215129 -0.19831586 -0.254718 -0.39290434 -0.5789733 -0.5151386 -0.32567555 -0.17038843 -0.02727089 0.046415936 0.15301836 0.26486084
0.7010066 0.78715235 0.72184455 0.4785971 0.40951774 0.3672644 0.22675595 0.1255768 0.064783804 -0.05707648 -0.14330268 -0.22400613 -0.30622002 -0.3207846 -0.3226668 -0.20590246 -0.040958926 0.018231012 0.10476051 0.2992054 0.36206213 0.29671845 0.26553848 0.26399755 0.26902553 0.31240228 0.37544543 0.2616364 0.16140562 0.15784475 0.18734176 0.20990115 0.24813774 0.19692189 0.10948437 0.080351196 0.05277949 0.07686734 0.11040288 0.083488256 0.13542497 0.11943103 0.026387414 -0.03912366 -0.10920021 -0.13755505 -0.115905486 -0.2106327 -0.21276224 -0.17848772 -0.13544238 -0.116188854 -0.09385575 -0.08542156 0.013157935 0.08919585 0.15542467 0.19963288
