static/data/seaWind_uo/2023/7/6/0.asc
ncols 137
nrows 93
xllcorner 108.0
yllcorner 17.0
cellsize 0.25
NODATA_value -32767
[rows 19 to 37 of 93, columns 44 to 87 of 137]
2.0610318750503684 2.4334197511874236 2.997206987317503 3.447275775250891 3.608243437839166 3.5706042331543455 3.5978325939901734 3.6298659596793823 3.7059452031912534 3.7091485397601747 3.8084519733967226 3.972622972553919 4.191250693382772 4.347413351117666 4.5115843502748625 4.591667764497885 4.4891609942924156 4.335400838984212 4.055909723345863 3.774816939423053 3.5698033990121156 3.424852419268444 3.316739810067364 3.2286480544220386 3.1253404500743396 2.857861846569444 2.3076887908572785 1.6566106332241044 0.9422665783547419 0.5170236488304916 0.39369519092703653 0.39769936163818764 0.30320093285502114 0.1830758115204869 0.6868004869832998 1.1785126503126588 0.9935199634574765 0.717232184388048 1.0255533291466854 1.5292780046094978 2.2996804494349763 4.084739752466151 5.494207842791351 6.162103517411358
1.8223833006657606 2.170746152535909 2.547939033526346 2.7937951151910254 2.8066084614667095 3.038049528571245 3.173390498608153 3.249469742120025 3.334358161196429 3.4008273950015373 3.4769066385134093 3.594629257421252 3.787630285698737 3.967817967700538 4.112768947444209 4.160018161835792 4.038291372216797 3.810053641681183 3.6210567841148493 3.447275775250891 3.2430630689821824 3.0933070843851307 2.94915693878369 2.827430149164695 2.7337325545237587 2.539129857961814 2.0658368799037494 1.5565063654453257 1.2081435135751772 0.9110340468077629 0.6435554433028674 0.45135524916761316 0.3344334644019997 0.35925932281113715 0.7941122620421499 1.2337702061265445 1.2666044059579837 1.7390965498738171 2.7225208765325353 3.770812768711902 4.638916978889467 5.781707299852002 6.347897038408771 6.362312052968916
1.256994396251221 1.433978741684101 1.6710256477842482 1.905670051457704 2.10267525044634 2.409394726920517 2.6232174428959874 2.8162184711734723 2.930737753512395 2.983592806899589 3.038850362713475 3.1445604694878653 3.3143373076406726 3.5353675308962154 3.618654281688159 3.6098451061236267 3.594629257421252 3.389615717010314 3.2422622348399526 3.0981120892385117 2.983592806899589 2.8418451637248396 2.6760724962831826 2.4638514485921728 2.2444228936210906 2.1066794211574913 1.928093407440151 1.6029547456946784 1.2882269277982 1.0015283048797787 0.8045231058911431 0.8077264424600639 0.9558807587726559 1.2778160839492068 1.9120767245955466 2.479868131436777 3.074087064971605 3.3447690050454217 4.08233725003946 4.7326145735304035 5.261165107402354 5.713636397762432 5.66878968579754 5.555071237600847
0.8894115249675467 1.0239516608622248 1.2241601964197817 1.3771195175857551 1.5228713314716562 1.7390965498738171 1.982550129111806 2.1923686743761253 2.475863960725626 2.5271173458283607 2.6007940869135413 2.6984958522656286 2.7986001200444073 3.038049528571245 3.1517679767679367 3.164581323043621 3.1213362793631885 3.0228336798688704 2.9139202365255596 2.868272690418437 2.7385375593771397 2.5335240189662023 2.310091293283969 2.090662738312887 1.910475056311086 1.7190756963180616 1.6125647554014413 1.6013530774102187 1.4403854148219426 1.1945293331572633 1.1648984698947449 1.2241601964197817 1.2209568598508609 1.57332388243216 2.1291027771399373 2.6536491403007356 3.2342538934176503 3.357582351321105 3.532164194327295 4.020673021087733 4.402670906931551 4.6421203154583885 4.629306969182705 4.606883613200258
0.7420580427971855 0.8461664812871148 0.97109660747503 0.9999266365953181 1.1064375775119384 1.2738119132380556 1.416360390555036 1.7687274131363355 2.125899440571017 2.2316095473454065 2.219597035211953 2.2948754445815944 2.3653488490978547 2.5503415359530366 2.7177158716791543 2.7265250472436864 2.6888858425588658 2.6184124380426064 2.607200760051383 2.543134028672965 2.3973822147870636 2.1819578305271325 1.914479227022237 1.5629130385831673 1.483630458502375 1.3867295272925175 1.3739161810168339 1.528477170467268 1.6261789358193552 1.5156638241915839 1.4780246195067637 1.3290694690519413 1.260998566962372 1.437982912395252 1.7022581793312273 1.896860875893172 2.0642352116192897 2.134708616135549 2.476664794867856 2.7833842713420327 3.133348791496642 3.351976512325493 3.6370734669594547 3.7371777347382324
0.6932071601211414 0.7212363550991991 0.6531654530096302 0.6747879748498464 0.7484647159350271 0.9526774222037346 1.1024334068007873 1.4435887513908638 1.883246695475258 2.0346043483567713 1.96012677312936 1.9697367828361227 2.0081768216631732 2.1419161234156214 2.2988796152927455 2.333315483408646 2.3028837860038966 2.2732529227413782 2.2492278984744716 2.1459202941267725 1.910475056311086 1.6958515061933848 1.4291737368307196 1.119250923787622 1.0712008752538082 1.157690962614673 1.1945293331572633 1.46601210737331 1.915280061164467 1.878441690621877 1.292231098509351 0.8958181981053888 0.6019120679068957 0.6859996528410695 0.7156305161035879 0.910233212665533 0.9775032806128721 1.065595036258197 1.274612747380286 1.690245667197774 1.9393050854313736 2.3044854542883573 2.6176116039003756 2.7521517397950537
0.5858953850622912 0.5034094684125776 0.43533856632300827 0.42813105904293636 0.47297777100782934 0.6996138332589834 0.9590840953415767 1.3018411082161134 1.7142706914646806 1.9200850660178488 1.8231841348079914 1.6878431647710825 1.7246815353136733 1.8103707885323073 1.9481142609959066 1.9841517973962666 1.901665880746553 1.8712341833418047 1.8279891396613723 1.7278848718825945 1.4900371316402166 1.2009360062951049 0.939864075928051 0.7404563745127248 0.7436597110816456 0.82934896430028 0.9686941050483395 1.2666044059579837 1.7655240765674152 1.7254823694559032 1.137670109058917 0.21911334792084736 -0.2661921422706701 -0.13165200637599206 0.1694616311025734 0.3784793422246624 0.34084013753984177 0.42813105904293636 0.6235345897471118 0.7292446965215018 0.9422665783547419 1.4668129415155402 1.6518056283707225 1.7879474325498612
0.3968985274959578 0.31761594741516497 0.324022620553007 0.3152134449884745 0.3232217864107767 0.5626711949376144 0.8349548032958913 1.197732669726184 1.5861372287078441 1.8808441930485675 1.7695282472785663 1.6213739309659743 1.4868337950712962 1.542091350885182 1.6614156380774854 1.5701205458632397 1.487634629213526 1.3995428735682012 1.3330736397630925 1.2626002352468326 1.0647942021159666 0.7716889060597034 0.5666753656487655 0.47858361000344063 0.45535941987876427 0.48098611243013156 0.6259370921738023 0.7436597110816456 0.7588755597840202 0.737253037943804 0.9775032806128721 0.08697571445285979 -0.33666554678692995 -0.2029262450344822 0.09658572415962263 0.0909798851640109 -0.04676358729958796 0.002888129518686 -0.0027177094769252896 0.09978906072854343 0.17186413352926388 0.6347462677383349 0.6643771310008533 0.429732727327397
0.13262326055998264 0.2647608940279702 0.27757424030365385 0.24313837218775403 0.25435005017897705 0.4913969562791243 0.7148296819613575 1.0776075483916503 1.5773280531433111 1.9497159292803672 1.7807399252697889 1.5517013605919439 1.4043478784215826 1.355496995745539 1.3114511179228763 1.1905251624461122 1.0359641729956786 0.9614865977682672 0.8493698178560356 0.6723854724231555 0.5186253171149522 0.38808935193142524 0.256752552605668 0.16545746039142228 0.11340324114645739 0.12941992399106184 0.16225412382250104 0.014900641652139335 -0.37350391732952026 -0.18610872804764744 0.2054991675029334 0.6739871407076161 0.45696108816322445 0.384886015362504 0.16305495796473135 0.06775569503933454 -0.19011289875879855 -0.33906804921362044 -0.3815122587518225 -0.39432560502750613 -0.3863172636052039 -0.19812124018110078 -0.21573959131016585 -0.42635897071671547
0.10058989487077374 0.27837507444588416 0.3568568203844462 0.3568568203844462 0.2863834158681864 0.4113135420561016 0.6443562774450977 1.024752495004455 1.5476971898807927 1.9168817294489275 1.6982540086200761 1.4692154439422311 1.3178577910607183 1.211346850144098 1.069599206969348 0.8565773251361075 0.6555679554363207 0.4929986245635849 0.44735107845646205 0.29999759628610034 0.15184327997350833 0.012498139225448845 -0.12284283081145952 -0.2101337523145541 -0.2565821325639073 -0.24376878628822363 -0.23015460587030967 -0.2637896398439792 -0.5464840920512493 -0.27900548854635376 0.34324263996653226 1.1408734456278382 1.1296617676366147 0.8149339497401358 0.39289435678480666 -0.052369426295199695 -0.4431764877035502 -0.6786217255192366 -0.7354809496175827 -0.7402859544709641 -0.7851326664358569 -0.8091576907027636 -0.8291785442585193 -0.9797353629978018
0.3224209522685464 0.39289435678480666 0.42813105904293636 0.4345377321807784 0.38808935193142524 0.4145168786250224 0.6043145703335862 0.9278515637945977 1.3378786446164739 1.6261789358193552 1.4916387999246772 1.328268634909711 1.207342679432947 1.1048359092274778 0.8461664812871148 0.5979078971957446 0.3816826787935832 0.21510917720969625 0.12541575327991072 0.001286461234225822 -0.150071191647287 -0.3222505322267857 -0.5144507263620404 -0.6738167206658554 -0.708252588781755 -0.6417833549766463 -0.4968323752329753 -0.22935377172807936 -0.09721613826009223 0.1406316019822853 0.4665710978699873 0.7989172668955313 0.7404563745127248 0.4641685954432968 0.033319826923434714 -0.4479814925569312 -0.8379877198230519 -1.015772899398162 -1.0622212796475152 -1.107868825754638 -1.2424089616493161 -1.4586341800514773 -1.465040853189319 -1.368940756121692
0.6819954821299183 0.7412572086549551 0.7180330185302783 0.6347462677383349 0.6179287507515001 0.5866962192045211 0.6291404287427231 0.8421623105759637 1.0583875289781246 1.1929276648728027 1.1592926308991331 1.0800100508183408 0.9887149586040951 0.9855116220351743 0.7044188381123644 0.3672676642334394 0.07816653888832725 -0.08119945541548779 -0.1732953817719638 -0.3126405225200233 -0.496031541090745 -0.7370826179020433 -0.9781336947133414 -1.1310930158793147 -1.1366988548749262 -1.0518104357985223 -0.8732244220811818 -0.6113516575718976 -0.33906804921362044 -0.13485534294491286 0.0653531926126436 0.1206107484265293 0.13502576298667357 -0.04756442144181827 -0.2613871374172887 -0.588127467447221 -0.8604110758054981 -1.0942546453367243 -1.156719708430682 -1.2183839373824095 -1.354525741561548 -1.5323109211366583 -1.6139960036441412 -1.5939751500883856
1.003129973164239 1.1008317385163267 1.0351633388534482 0.9198432223722954 0.7492655500772574 0.6371487701650254 0.6443562774450977 0.6868004869832998 0.8413614764337334 0.9182415540878353 0.8950173639631585 0.8109297790289847 0.7292446965215018 0.7260413599525806 0.5154219805460309 0.18467747980494753 -0.11883866010030841 -0.36629641004944835 -0.4527864974103126 -0.5592974383269329 -0.7707176518757128 -1.0269845773893853 -1.2432097957915464 -1.29125984432536 -1.3329032197213317 -1.329699883152411 -1.1951597472577329 -0.9541086704464345 -0.6786217255192366 -0.48401902895729165 -0.390321434316355 -0.34147055164031137 -0.2677938105551303 -0.3222505322267857 -0.49122653623736356 -0.5937333064428327 -0.7683151494490221 -0.9509053338775137 -1.0606196113630548 -1.1543172060039912 -1.4001732876686708 -1.6364193596265877 -1.6844694081604012 -1.6940794178671639
1.2329693719843142 1.3010402740738836 1.2345710402687744 1.0303583340000668 0.8245439594468986 0.6932071601211414 0.6019120679068957 0.638750438449486 0.7132280136768969 0.7796972474820061 0.7228380233836598 0.5794887119244492 0.4897952879946641 0.5034094684125776 0.2647608940279702 -0.054771928721890184 -0.36149140519606693 -0.6049449844340558 -0.6826258962303877 -0.7723193201601732 -0.9741295240021903 -1.1823464009820492 -1.3737457609750734 -1.3313015514368713 -1.2480148006449279 -1.2480148006449279 -1.2568239762094602 -1.0910513087678033 -0.8267760418318286 -0.5200565653576519 -0.39913060988088755 -0.28461132754196505 -0.23736211315038203 -0.24617128871491412 -0.28220882511527456 -0.3863172636052039 -0.5560941017580121 -0.7579043056000292 -0.9156686316193838 -1.1879522399776608 -1.4386133264957217 -1.7693578272368051 -1.8718645974422743 -1.8270178854773815
1.1809151527393493 1.2642019035312928 1.2137493525707885 1.0111383145865416 0.669982969996465 0.5418495072396285 0.4665710978699873 0.571480370502147 0.6595721261474718 0.7764939109130848 0.7092238429657458 0.5658745315065352 0.36326349352228826 0.3280267912641581 0.04933650976803916 -0.33586471264469964 -0.644185857403337 -0.9412953241707509 -1.0165737335403924 -1.0886488063411126 -1.1671305522796749 -1.3721440926906128 -1.4842608726028446 -1.368940756121692 -1.2576248103516905 -1.0590179430785942 -1.036594587096148 -0.7963443444270799 -0.563301609038084 -0.2637896398439792 -0.012327719183688135 0.1494407775468174 0.27357006959250274 0.4193218834784038 0.3816826787935832 0.15905078725358024 -0.11083031867800619 -0.42235480000556436 -0.9669220167221182 -1.2392056250803953 -1.6596435497512643 -1.9927905529190384 -2.093695654840047 -1.846237904890907
0.8661873348428704 1.0047316414486995 0.9550799246304256 0.7188338526725087 0.30800593770840257 0.1982916602228615 0.3456451423932232 0.45135524916761316 0.6980121649745228 0.8397598081492728 0.7845022523353871 0.6739871407076161 0.4705752685811384 0.2951925914327189 -0.0884069626955597 -0.48481986309952196 -1.0446029285184502 -1.3601315805571594 -1.4842608726028446 -1.5539334429768743 -1.6324151889154366 -1.6932785837249338 -1.7733619979479562 -1.6316143547732063 -1.4169908046555055 -1.2183839373824095 -0.8483985636720448 -0.4936290386640545 -0.2862129958264257 -0.12764783566484095 0.12381408499545055 0.48659195142574285 0.7628797304951713 0.9582832611993464 1.3859286931502872 1.1592926308991331 0.7764939109130848 0.1694616311025734 -0.39272393674304595 -1.1334955183060054 -1.6276101840620552 -2.019218079612636 -2.090492318271126 -1.8422337341797559
0.48739278556797316 0.6427546091606371 0.6267379263160326 0.3968985274959578 0.002087295376455689 -0.055572762864120495 0.13262326055998264 0.4705752685811384 0.7853030864776174 0.9222457247989864 0.9086315443810724 0.8045231058911431 0.7052196722545947 0.5002061318436568 0.040527334203506626 -0.629770842843193 -1.1911555765465818 -1.7477353053965892 -1.9839813773545059 -2.0720731329998308 -2.153758215507314 -2.213019942032351 -2.168974064209688 -1.976773870074434 -1.7637519882411936 -1.5154934041498236 -1.0846446356299615 -0.810759358987224 -0.7458917934665756 -0.5993391454384442 -0.30943718595110203 0.09658572415962263 0.5498578486619308 1.2025376745795655 1.6486022918018013 1.9705376169783526 1.6349881113838882 0.9230465589412162 0.48739278556797316 -0.25898463499059776 -0.878029426934563 -1.4001732876686708 -1.450625838629175 -1.4193933070821962
0.37287350322905066 0.4129152103405622 0.4065085372027202 0.2823792451570353 -0.017132724037069558 -0.04115774830397623 0.12541575327991072 0.45696108816322445 0.8173364521668267 1.0295574998578365 1.0079349780176203 1.084014221529492 1.0111383145865416 0.8733948421229423 0.44334690774531094 -0.2974246738176487 -1.1150763330347102 -1.768556993094575 -2.2402483028681783 -2.4412576725679656 -2.5085277405153046 -2.4276434921500516 -2.3259375560868127 -2.06886979643091 -1.8230137147662304 -1.6027843256529182 -1.595576818372846 -1.6476310376178107 -1.6940794178671639 -1.7100961007117685 -1.4233974777933474 -0.9108636267660024 -0.16128286963851046 0.638750438449486 1.3330736397630925 1.7182748621758317 1.6325856089571968 1.1721059771748168 0.8974198663898494 0.7644813987796315 0.3464459765354535 -0.1148344893891573 -0.27339964955074203 -0.3310597077913182
0.5242311561105635 0.577887043639989 0.5802895460666795 0.4689736002966778 0.18627914808940815 0.3168151132729351 0.4377410687496992 0.5170236488304916 0.6819954821299183 0.9574824270571161 1.1673009723214354 1.3787211858702153 1.5140621559071232 1.2978369375049623 0.9270507296523678 0.23673169904991243 -0.6265675062742719 -1.4618375166203983 -2.0104089040481035 -2.2642733271350854 -2.2546633174283226 -2.124928186387026 -1.8150053733439282 -1.4249991460778078 -1.174338059559747 -1.1206821720303217 -1.2928615126098204 -1.6540377107556528 -1.796586188072633 -1.9255204849716994 -1.9335288263940016 -1.570750959963709 -0.7875351688625476 -0.011526885041457824 0.6827963162721487 1.1544876260457517 1.3066461130694949 1.0287566657156062 0.9022248712432304 0.8894115249675467 1.0255533291466854 0.9622874319104975 0.8709923396962518 0.6211320873204209
