static/data/seaWind_uo/2023/7/6/12.asc
ncols 137
nrows 93
xllcorner 108.0
yllcorner 17.0
cellsize 0.25
NODATA_value -32767
[rows 19 to 37 of 93, columns 86 to 128 of 137]
4.1031589377374456 4.654933661734072 4.781465456206448 4.658136998302993 4.251313254050038 3.7139535446135556 3.086900411247288 2.587980740637857 2.3172988005640405 2.1867628353805135 2.157932806260226 1.132865104205536 0.18227497737825704 -0.45598983397923387 -0.4191514634366431 -0.7843318322936266 -1.0149720652559318 -1.0333912505272271 -0.7418876227554245 -0.5785174577404584 -0.2990263421021093 0.030917324496744225 0.3232217864107767 -0.05317026043742956 -0.07319111399318556 0.12461491913768041 0.4361394004652386 1.172906811317047 1.5388880143162607 1.2345710402687744 -0.2645904739862095 -0.6377791842654952 -0.5280649067799541 -0.4055372830187296 -0.4736081851082985 -0.24537045457268425 -0.2021254108922519 0.10459406558192486 1.0920225629517941 2.4646522827344026 2.121895269859866 1.345886986038776 1.0848150556717222
4.262524932041261 4.3594258632511185 4.235296571205433 3.861307026783918 3.2782997712403126 2.6680641548608803 2.193169508518356 1.941707587858065 1.8632258419195025 1.730287374309285 1.267405240100214 0.18067330909379642 -0.45438816569477325 -0.7731201543024033 -0.841991890534203 -1.181545566839819 -1.382554936539606 -1.411384965659894 -1.2392056250803953 -1.2448114640760068 -1.199964752111114 -0.708252588781755 0.780498081624236 0.8990215346743096 1.088018392240643 1.243380215833307 1.1833176551660403 1.4107545515594246 1.2938327667938112 0.921444890656756 0.4425460736030806 -0.005120211903616223 -0.2581838008483679 -0.5432807554823285 -0.9637186801531974 -1.0846446356299615 -1.1839480692665096 -0.6385800184077253 1.3042436106428044 3.3639890244589474 3.6338701303905334 3.30392646379168 3.3151381417829033
3.3111339710717522 3.2839056102359243 3.074087064971605 2.656051642727427 2.229207044918716 1.9441100902847555 1.6998556769045359 1.3827253565813664 0.9807066171817929 0.6179287507515001 0.07896737303055756 0.06615402675487392 -0.4495831608413918 -0.9573120070153556 -1.4626383507626284 -1.376148263401764 -1.4025757900953615 -1.471447526327161 -1.570750959963709 -2.7728030074512793 -2.7191471199218538 -1.7741628320901865 0.09818739244408325 1.249786888971149 1.4083520491327337 1.1929276648728027 0.9206440565145257 1.1112425823653198 1.2401768792643861 1.5525021947341746 1.7951549398299336 1.735092379162666 1.3723145127323737 0.9406649100702813 0.6611737944319325 0.5186253171149522 0.45135524916761316 0.9967233000263973 2.7129108668257724 4.319384156139607 4.71980122725472 4.572447745084359 4.698178705414504
2.552744038379727 2.4878764728590794 2.2268045424920255 1.8632258419195025 1.533282175320649 1.249786888971149 1.1024334068007873 0.656368789578551 0.21831251377861705 -0.1180378259580781 -0.25498046427944665 0.32882762540638844 0.38728851778919493 -0.09321196754894112 -0.9276811437528372 -1.3457165659970154 -1.5859668086660834 -2.2963066928242943 -2.662287895823508 -3.2797310194830125 -3.1628092347173995 -2.249858312574941 -0.8740252562234119 0.02451065135890218 0.22952419176984007 0.20389749921847278 0.48018527828790125 0.6571696237207814 0.867789003127331 1.1745084796015077 2.4077930586360563 3.721961886035858 3.666704330221973 3.8845312169085946 3.6867251837777286 3.2791006053825433 2.8346376564447673 3.2606814201112475 3.613048442692547 4.135993137568885 4.6461244861695405 4.805490480473354 4.902391411683212
2.2452237277633205 2.0370068507834618 1.6301831065305064 1.1320642700633057 0.6675804675697741 0.7324480330904226 0.7588755597840202 0.589098721631212 -0.54888659447794 -0.8988511146325491 0.002888129518686 1.3370778104742436 1.1985335038684144 0.6900038235522206 0.006091466087607245 -0.45118482912585245 -1.0245820749626946 -1.372944926832843 -1.3889616096774475 -1.4626383507626284 -1.2848531711875182 -1.8494412414598278 -1.7549428126766613 -0.8908427732102466 -0.5681066138914654 -0.2565821325639073 0.7292446965215018 1.4123562198438848 1.2017368404373352 1.5340830094628797 2.5271173458283607 3.7363769005960026 4.496368501572487 4.777461285495297 4.68056035428544 4.258520761330111 3.780422778418665 3.44327160453974 3.5938284232790223 3.922971255735645 4.229690732209821 4.4403101116163715 4.621298627760403
2.004973485094253 1.6750298184953993 1.1496826211923707 0.4641685954432968 0.057344851190341384 0.2615575574590494 0.6259370921738023 0.40490686891826 -1.2656331517739927 -1.5547342771191044 -0.24296795214599332 1.0503791875558224 1.1721059771748168 0.5722812046443773 0.12861908984883152 -0.34307221992477155 -0.3350638785024693 -0.5841232967360699 -0.1404611819405246 0.600310399622435 0.2046983333607031 -0.9396936558862905 -1.7997895246415538 -1.0710304552120478 -0.39592727331196675 0.12701742156437135 1.045574182702441 2.165941147682528 2.2179953669274926 2.6584541451541175 3.3055281320761405 3.852497851219385 3.9493987824292422 4.289753292877089 4.320184990281838 4.0623163964837055 3.649085979092908 3.3912173852947745 3.3087314686450617 3.393619887721466 3.7011401983378724 3.955004621424854 4.266529102752413
1.6037555798369092 1.272210244953595 0.6715846382809252 -0.04756442144181827 -0.34787722477815297 0.40490686891826 0.7700872377752432 0.5298369951061752 -1.0950554794789544 -1.5907718135194648 -1.991989718776808 -0.6946384083638413 0.27036673302358194 -0.09801697240232254 -0.5080440532241983 -0.4095414537298807 -0.34467388820923217 -0.5584966041847026 0.2383333673343726 0.9927191293152462 1.6822373257754708 0.5546628535153122 -0.6634058768168625 -0.9861420361356437 -0.30863635180887217 1.1288609334943849 2.265244581319076 3.3944207218636957 3.7547960858672975 4.196055698236153 4.155213156982411 4.040693874643489 3.9654154652738476 3.8268711586680175 3.856502021930536 3.742783573733844 3.4713007995177976 3.2206397129997364 2.9275344169434736 2.9819911386151285 3.2558764152578665 3.6330692962483035 3.945394611718091
0.8069256083178336 0.9014240371010005 0.3280267912641581 -0.2878146641108863 -0.5368740823444866 0.28398091344149545 1.049578353413592 0.8525731544249564 0.12381408499545055 -1.528306750425507 -2.1305340253826373 -2.2907008538286826 -1.0325904163849968 -0.9541086704464345 -0.7699168177334825 -0.6698125499547043 -0.3895206001741247 -0.5568949359002422 0.3160142791307048 1.5797305555700025 2.3565396735333217 1.815976627527919 0.879000681118554 0.27997674273034434 0.7740914084863944 2.2900704397282134 4.114370615728669 4.641319481316158 4.920810596954507 4.819905495033499 4.634111974036086 4.313778317143996 4.177636512964858 4.026278860083345 3.8364811683747804 3.6963351934844915 3.4865166482201713 3.195013020448369 2.9003060561076457 2.6416366281672823 2.8602643489961346 3.2927147858004573 3.591425920852331
-0.22454876687469838 0.04292983663019756 0.312810942561784 -0.1764987183408846 -0.5841232967360699 -0.07399194813541543 0.7324480330904226 1.3907336980036686 1.1632968016102843 -0.6561983695367903 -2.365979263198324 -2.9481856845996988 -2.0104089040481035 -1.412185799802124 -1.0101670604025506 -0.7571034714577989 -0.4383714828501688 -0.24617128871491412 0.7724897402019337 1.7551132327184216 2.2043811865095786 1.9088733880266253 1.8151757933856891 1.7382957157315873 2.1907670060916655 2.953161109494841 4.334600004841981 4.666946173867526 4.804689646331125 4.666145339725295 4.525198530692775 4.381849219233565 4.394662565509249 4.36503170224673 4.145603147275649 3.887734553477515 3.7684102662852115 3.4624916239532646 3.0909045819584393 2.7833842713420327 2.732130886239298 2.904310226818797 3.213432205719664
-1.0782379624921197 -0.4992348776596658 0.10058989487077374 -0.02754356788606227 -0.8740252562234119 -0.3350638785024693 0.6667796334275438 1.5308796728939584 1.6213739309659743 0.7909089254732291 -1.111072162323559 -2.7527821538955233 -2.9193556554794107 -1.2255914446624814 -0.7498959641777267 -0.6618042085324018 -0.566504945607005 0.04292983663019756 0.6443562774450977 1.1008317385163267 1.4884354633557568 1.7863457642654006 1.9841517973962666 2.041011021494613 2.345327995542099 2.8610651831383644 3.3463706733298824 3.65789515465744 3.950199616571473 4.143200644848957 4.186445688529389 4.288952458734858 4.4443142823275235 4.485957657723494 4.46593680416774 4.316180819570686 4.331396668273062 4.1880473568138505 3.8140578123923343 3.3511756781832633 3.0820954063939072 3.1565729816213186 3.23505472755988
-1.07983963077658 -0.6209616672786604 -0.06758527499757383 0.062149856043722806 -1.111072162323559 -0.8524027343831959 0.09978906072854343 1.101632572658557 1.1232550944987731 1.3330736397630925 0.4777827758612103 -0.8475977295298145 -1.9735705335055131 -1.638021027911048 -1.0325904163849968 -0.601741647865135 -0.27660298611966283 0.2087025040718542 0.4377410687496992 0.8581789934205681 1.3162561227762577 1.6486022918018013 1.71266902318022 1.8351966469414447 2.133907781993319 2.547939033526346 2.885891041547502 3.290312283373766 3.5890234184256404 3.8444895097970826 4.075129742759389 4.322587492708529 4.395463399651479 4.554829393955293 4.75663959779731 4.853540529007168 5.050545727995804 5.211513390584079 5.080977425400553 4.658937832445224 4.091947259746222 3.981432148118452 3.9742246408383797
-0.9220753047572257 -0.45118482912585245 0.19749082608063118 0.6227337556048815 -0.4367698145657082 -0.1468678550783662 0.5802895460666795 0.9775032806128721 1.176110147885968 1.6013530774102187 1.6373906138105787 0.879000681118554 0.02851482207005329 -0.45118482912585245 -0.3302588736490879 -0.2990263421021093 -0.061178601859731785 0.10939907043530628 0.4001018640648786 0.8982207005320793 1.4035470442793523 1.6726273160687088 1.833594978656984 1.8624250077772726 2.0514218653436056 2.2996804494349763 2.601594921055771 3.02123201158441 3.3511756781832633 3.6506876473773677 3.995046328536365 4.213674049365217 4.280143283170327 4.616493622907022 4.982474825906236 5.241144253846597 5.255559268406742 5.467780316097752 5.688810539353295 5.622341305548186 5.463776145386602 5.551867901031926 5.699221383202287
-1.0422004260917594 -0.4007322781653482 0.3784793422246624 1.0055324755909298 0.37287350322905066 0.5234303219683336 0.7933114278999196 1.0487775192713622 1.2273635329887025 1.8592216712083514 2.062633543334829 2.1250986064287862 1.6037555798369092 1.0503791875558224 0.625136258031572 0.5626711949376144 0.5074136391237287 0.6419537750184068 1.0119391487287714 1.4564020976665475 1.9024667148887837 2.0794510603216634 2.057828538481447 1.8504124956438184 1.7238807011714434 1.9336992464357627 2.205982854794039 2.6047982576246924 2.961169450917143 3.316739810067364 3.653090149804059 3.9309795971579473 4.198458200662843 4.557231896381985 5.049744893853575 5.360468541038902 5.371680219030125 5.481394496515666 5.697619714917828 5.965899152564953 6.05639341063697 6.362312052968916 6.7274924218258985
-1.3353057221480225 -0.7931410078581591 -0.40233394644980836 0.19108415294278958 0.42252522004732507 0.7292446965215018 0.9903166268885553 1.5813322238544623 2.358942175960013 3.086900411247288 3.474504136086718 3.5081391700603874 2.872276861129588 2.004973485094253 1.5797305555700025 1.328268634909711 1.2666044059579837 1.3699120103056828 1.7134698573224498 2.145119459984542 2.4782664631523166 2.6720683255720314 2.4734614582989347 1.8456074907904374 1.694249837908925 1.6526064625129533 1.8800433589063368 2.322904639559652 2.710508364399082 3.0660787235493028 3.3415656684765005 3.6923310227733395 4.097553098741834 4.7454279198060885 5.264368443971275 5.5630795790231495 5.647167163957324 5.8153423338256705 5.975509162271717 6.135675990717761 5.957089977000422 6.194937717242798 6.536093061832874
-0.6738167206658554 -1.4474225020602542 -1.1310930158793147 -0.8932452756369373 0.21350750892523562 0.6043145703335862 1.5589088678720162 2.300481283577206 3.873319538917371 4.743826251521627 5.121819966654295 4.690971198134433 3.9966479968208257 2.9723811289083666 2.2668462496035366 2.012981826516555 1.9849526315384964 2.1539286355490748 2.4190047366272798 2.6536491403007356 2.9875969776107403 3.0636762211226123 2.718516705821384 2.10267525044634 1.7879474325498612 1.7519098961495012 2.0514218653436056 2.566358218797641 2.961169450917143 3.3063289662183704 3.58582008185672 3.910157909459962 4.408276745927163 5.057753235275877 5.573490422872142 5.880209899346319 6.109248464024164 6.612172305344746 6.773139967933021 6.608968968775825 6.242987765776611 6.31025783372395 6.130070151722149
0.4081102054871808 -0.36629641004944835 -1.002158718980248 -1.0478062650873712 -0.11243198696246637 0.7428588769394153 1.699054842762306 3.347972341614342 5.1138116252319925 5.874604060350707 5.876205728635169 5.444556125973076 4.871959714278464 3.918166250882264 3.1701871620392326 2.8506543392893717 2.825828480880235 3.1173321086520374 2.9940036507485828 3.2286480544220386 3.0012111580286542 3.0140245043043383 2.7537534080795143 2.463050614449942 2.147521962411233 2.2412195570521694 2.601594921055771 3.1653821571858507 3.7940369588365788 4.140798142422266 4.484355989439035 4.770253778215224 5.232335078282066 5.468581150239983 5.984318337836248 6.175717697829272 6.524080549699422 7.046224410433529 7.063041927420365 6.889260918556404 6.615375641913667 6.445598803760859 6.2646102876168275
1.3498911567499272 1.1272592652099243 0.5074136391237287 0.15104244583127802 0.13102159227552246 1.116848421360931 2.1691444842514493 3.995847162678596 5.349256863047678 5.802528987549987 5.818545670394592 5.757682275585095 5.303609316940555 4.594871101066806 4.017469684518812 3.6971360276267213 3.65789515465744 3.918967085024494 3.5754092380077265 3.2646855908223986 2.992401982464122 2.7649650860707378 2.7745750957775006 2.6184124380426064 2.6816783352787943 2.7897909444798743 3.181398840030455 3.8436886756548527 4.530003535546157 5.1001974448140786 5.480593662373435 5.809736494830059 6.191734380673877 6.392743750373665 6.429582120916255 6.4888438474412915 6.741106602243812 6.710674904839065 6.72909409011036 6.584143110366689 6.508864700997048 6.367117057822297 6.460013818321004
2.085056899317275 1.9737409535472739 2.03060017764562 1.8984625441776326 1.5813322238544623 1.8359974810836746 2.7393383935193705 3.733974398169312 4.572447745084359 5.1906917028860935 5.494207842791351 5.4861995013690485 5.39170107258588 5.076973254689401 4.590066096213423 4.15200982041349 4.04309637707018 3.8452903439393133 3.577811740434418 3.2782997712403126 3.1173321086520374 2.759359247075126 2.8506543392893717 2.993202816606352 3.087701245389519 3.2823039419514637 3.6907293544888797 4.357023360824428 4.9608523040660195 5.531046213333941 5.95148413800481 6.339888696986469 6.744309938812734 6.9421159719436005 6.977352674201729 6.892464255125326 6.810779172617842 6.638599832038343 6.452806311040931 6.288635311883734 6.23417859021208 6.270216126612439 6.4167687746405715
2.233211215629867 2.149123630695693 2.3621455125289335 2.8794843684096603 3.1493654743412463 3.029240353006712 3.1437596353456345 3.62185761825708 4.357023360824428 4.995288172181919 5.349256863047678 5.520635369484948 5.593511276427899 5.333240180203074 4.804689646331125 4.229690732209821 3.7019410324801023 3.118933776936498 2.8971027195387253 2.861866017280595 2.894700217112034 2.9323394217968546 3.2166355422885853 3.4352632631174376 3.62185761825708 3.842087007370392 4.195254864093922 4.705386212694577 5.226729239286454 5.683204700357683 6.121260976157618 6.466420491458845 6.7274924218258985 6.928501791525687 7.01579271302878 6.924497620814535 6.699463226847842 6.456810481752083 6.283830307030353 6.224568580505316 6.224568580505316 6.371121228533449 6.6466081734606455
