static/data/seaWind_uo/2023/7/6/18.asc
ncols 137
nrows 93
xllcorner 108.0
yllcorner 17.0
cellsize 0.25
NODATA_value -32767
[rows 0 to 18 of 93, columns 43 to 85 of 137]
0.2863834158681864 0.267964230596891 0.7300455306637317 1.8760391881951857 2.327709644413034 2.911517734098869 3.8949420607575873 4.1119681133019785 3.9085562411755013 3.3239473173474354 2.5559473749486483 1.2738119132380556 -0.12924950394930113 -1.5347134235633488 -2.0184172454704057 -2.122525683960335 -1.8726654315845046 -1.6460293693333503 -1.743731134685438 -2.0944964889822772 -2.503722735661923 -2.824056392554014 -2.81204388042056 -2.5974203303028593 -2.2698791661306967 -1.9895872163501176 -1.7805695052280284 -1.549128438123493 -1.4850617067450749 -1.8053953636371656 -1.6876727447293223 -1.1391013573016169 -0.5120482239353494 1.1216534262143125 1.71266902318022 1.6429964528061904 1.0776075483916503 2.4190047366272798 3.1605771523324697 2.2276053766342554 0.45055441502538285 -0.6361775159810346 -1.2800481663341368
1.3210611276296391 1.5468963557385629 2.0746460554682824 3.1934113521639085 3.785227783272046 4.2024623713739935 4.5932694327823445 4.412280916638313 4.094349762172914 3.5577908868786614 2.8706751928451273 1.532481341178419 0.139830767840055 -1.0454037626606805 -1.4282024826467288 -1.506684228585291 -1.308878195454425 -0.7210659350574387 -0.8411910563919727 -1.39696995109975 -2.42283848729667 -3.3357894094391285 -3.7922648705103574 -3.6112763543663267 -2.8248572266962437 -2.277887507552999 -1.8342253927574537 -1.6276101840620552 -1.4057791266642823 -1.5162942382920537 -1.6412243644799691 -0.4928282045218242 0.589098721631212 1.5813322238544623 2.439826424325265 2.2708504203146878 2.836239324729228 4.091947259746222 4.8935822361186805 5.146645825063432 5.075371586404941 4.980072323479543 4.3682350388156514
1.9040683831732443 2.2003770157984275 2.706504193687931 3.5738075697232667 3.8813278803396734 3.991042157825214 4.042295542927949 4.114370615728669 4.171229839827015 4.019872186945502 3.4841141457934808 2.2804604300214506 1.1504834553346006 0.41772021519394364 0.5170236488304916 0.5610695266531542 0.6876013211255296 1.0375658412801387 1.0439725144179808 0.6475596140140185 -0.23015460587030967 -1.5747551306748602 -2.6726987396725006 -3.256506829358336 -3.082725820494377 -2.977015713719987 -2.714342115068473 -2.1946007567610555 -1.6268093499198248 -1.5891701452350042 -1.7245111152719126 -0.828377710116289 0.8357556374381216 2.1234969381443265 2.089861904170657 2.0033718168097923 2.4302164146185032 3.371196531739019 4.139997308280037 4.977669821052853 5.5054195207825725 5.549465398605236 4.991284001470767
2.185161167096054 2.5735657260777134 3.0268378505800215 3.2062246984395926 3.4192465802728322 3.590625086710101 3.824468656241327 4.090345591461762 4.203263205516224 4.230491566352052 3.9309795971579473 3.0676803918337634 2.414199731773898 1.8712341833418047 2.1955720109450465 2.319701302990732 2.394979712360373 2.1635386452558376 1.96012677312936 1.5557055313030959 0.9006232029587702 -0.24537045457268425 -1.3417123952858643 -2.2274349565924947 -2.5661877987558808 -2.7575871587489047 -2.842475577825309 -2.31712838052228 -1.920715480118318 -1.6716560618847176 -1.4954725505940678 -0.8772285927923329 0.6011112337646654 1.824785803092452 1.9945626412452593 1.1272592652099243 1.1608942991835938 1.470016278084461 2.1963728450872764 2.8594635148539047 3.191008849737218 3.146162137772325 2.804205959040019
1.6798348233487803 2.03140101178785 2.27805792759476 2.5903832430645486 2.9763852996195177 3.451279945962042 3.7628044272895997 3.9662162994160775 3.7868294515565064 3.6330692962483035 3.4408691021130484 3.536168365038446 3.064477055264842 2.965974455770524 2.953161109494841 3.050862874846928 2.885891041547502 2.6368316233139013 2.377361361231308 1.951317597564827 1.3482894884654666 0.2887859182948769 -0.7162609302040572 -1.6019834915106879 -1.9447405043852248 -2.38760178503854 -2.4772952089683256 -2.1297331912404074 -2.1169198449647237 -1.9119063045537856 -1.7869761783658702 -1.1663297181374446 0.01810397822106058 1.00713414387539 1.7727315838474866 1.2161518549974795 1.0391675095645994 1.2257618647042423 1.2914302643671207 0.4962019611325057 0.3608609910955973 0.3784793422246624 1.130462601778845
1.0143416511554624 1.2009360062951049 1.4556012635243172 2.089861904170657 2.740940061803831 3.218237210573046 3.5617950575898134 3.6643018277952817 3.4977283262113947 3.2598805859690176 3.0636762211226123 3.1878055131682967 3.311934805213982 3.2462664055511037 3.177394669319304 3.1045187623763533 2.9635719533438336 2.744944232514982 2.426212243907352 1.9985668119564104 1.483630458502375 0.6299412628849534 -0.3831139270362831 -1.3361065562902528 -1.6228051792086737 -1.9215163142605483 -1.8734662657267347 -1.7429303005432077 -1.8686612608733535 -1.9303254898250808 -1.7733619979479562 -1.262429815205072 -1.263230649347302 -0.39913060988088755 0.8453656471448845 1.2962352692205021 1.119250923787622 1.140072611485608 1.0527816899825133 0.3536534838155254 -0.25898463499059776 -0.7274726081952805 0.03812483177681614
0.6043145703335862 0.7917097596154594 1.1176492555031614 1.7751340862741771 2.412598063489438 2.867471856276207 3.207826366724053 3.244664737266643 3.1109254355141958 2.875480197698509 2.723321710674766 2.692890013270017 2.817019305315702 2.8963018853964946 2.9011068902498764 2.827430149164695 2.720118374105845 2.5287190141128204 2.234012049772097 1.915280061164467 1.3851278590080573 0.5882978874889817 -0.35908890276937644 -1.3136832003078063 -1.722909446987452 -1.2752431614807556 -1.227993947089172 -1.1471096987239193 -1.6596435497512643 -1.7221086128452219 -1.5307092528521977 -1.1879522399776608 -1.195960581399963 -1.2680356542006834 -0.3278563712223974 0.07496320231940645 0.4625669271588362 0.6075179069025074 1.2513885572556092 1.8271883055191425 1.2121476842863284 -0.5288657409221844 -0.6930367400793807
0.7076221746812856 0.7404563745127248 0.8629839982739496 1.4147587222705758 1.9545209341337482 2.427013078049582 2.756155910506205 2.749749237368363 2.687284174274405 2.444631429178647 2.2940746104393646 2.1875636695227443 2.288468771443753 2.481469799721237 2.431818082902963 2.3269088102708033 2.234012049772097 2.0778493920372028 2.0025709826675615 1.78394326183871 1.193728499015033 0.4937994587058152 -0.3222505322267857 -1.3873599413929871 -2.016014743043715 -1.6708552277424875 -0.948502831450823 -0.7370826179020433 -1.0750346259231989 -1.1623255474262935 -1.0750346259231989 -0.8411910563919727 -0.9749303581444204 -1.1775413961286678 -0.9420961583129812 -0.9252786413261465 -0.5456832579090192 0.15584745068465944 1.6381914479528086 2.1146877625797935 2.0522226994858355 0.07095903160825534 -0.7474934617510363
0.7829005840509269 0.6467587798717882 0.6163270824670395 0.9574824270571161 1.3731153468746036 1.8776408564796463 2.1811569963849027 2.382166366084689 2.322904639559652 2.0962685773084986 1.883246695475258 1.8752383540529558 1.9985668119564104 2.269248752030227 2.10267525044634 1.8416033200792863 1.6606148039352555 1.6325856089571968 1.6437972869484203 1.4419870831064032 1.0199474901510737 0.3448443082509929 -0.3807114246095922 -0.9509053338775137 -1.6324151889154366 -1.7509386419655102 -1.2151806008134884 -0.7146592619195968 -0.4015331123075785 -0.5192557312154216 -0.5344715799177959 -0.6313725111276534 -0.7050492522128342 -1.1206821720303217 -0.9244778071839161 -0.838788553965282 -0.9252786413261465 -0.4167489610099526 0.7204355209569693 1.7647232424251844 1.7046606817579177 1.5893405652767654 0.36886933251789955
0.5162228146882613 0.3168151132729351 0.24073586976106354 0.48579111728351254 0.8838056859719354 1.1216534262143125 1.2866252595137393 1.5533030288764045 1.9176825635911574 1.8416033200792863 1.6878431647710825 1.6966523403356155 1.7991591105410847 2.004172650952022 1.788748266692091 1.5004479754892102 1.309849449638416 1.3875303614347478 1.4323770733996404 1.2393760451221558 0.8197389545935172 0.16545746039142228 -0.2902171665375768 -0.6666092133857833 -0.8275768759740587 -1.050208767514062 -0.9036561194859303 -0.5865257991627606 -0.2605863032750584 -0.09321196754894112 -0.17169371348750317 -0.37270308318728995 -0.8459960612453541 -1.3377082245747132 -0.9260794754683768 -0.7146592619195968 -0.7851326664358569 -1.1863505716932004 -0.3558855662004552 1.065595036258197 2.318900468848501 3.3047272979339106 2.0113801582320945
0.12621658742214104 -0.28060715683081394 -0.262187971559519 -0.09641530411786192 0.07256069989271596 0.09498405587516201 0.13102159227552246 0.4889944538524338 1.0167441535821529 1.5557055313030959 1.6157680919703625 1.6165689261125924 1.6341872772416575 1.7823415935542495 1.6253781016771254 1.4427879172486335 1.2553927279667603 1.2778160839492068 1.3218619617718694 1.090420894667334 0.649962116440709 0.09498405587516201 -0.2037270791767125 -0.33906804921362044 -0.36949974661836915 -0.2918188348220374 -0.06998777742426432 0.21430834306746593 0.5010069659858871 0.6964104966900622 0.4337368980385481 0.11180157286199677 -0.43196480971232676 -1.3561274098460083 -1.001357884838018 -0.8371868856808216 -0.803551851707152 -0.8147635296983753 -0.736281783759813 0.3088067718506329 1.5396888484584905 1.8824458613330282 3.2879097809470754
-0.3014288445287998 -0.8251743735473682 -0.810759358987224 -0.7306759447642015 -0.5985383112962139 -0.4103422878721106 -0.3454747223514625 -0.04676358729958796 0.46096525887437556 1.1705043088903566 1.3138536203495672 1.3763186834435248 1.3659078395945317 1.2778160839492068 1.3474886543232367 1.5621122044409375 1.6838389940599314 1.5757263848588514 1.28982859608266 0.9158390516611443 0.4425460736030806 -0.061979436001962096 -0.24296795214599332 -0.27900548854635376 -0.23335794243923091 -0.13405450880268255 0.09898822658631312 0.3448443082509929 0.6427546091606371 1.0287566657156062 0.8966190322476191 0.4913969562791243 -0.12364366495368984 -0.8724235879389515 -1.0309887481005364 -0.9565111728731253 -0.86681774894334 -0.8908427732102466 -1.418592472939966 -1.0718312893542778 -0.07959778713102716 1.3362769763320133 3.9157637484555727
-0.390321434316355 -0.9973537141268669 -0.9188719681883046 -0.9252786413261465 -0.8443943929608935 -0.48081569238837085 0.006091466087607245 0.12541575327991072 0.2095033382140845 0.7068213405390553 1.0760058801071897 1.4467920879597846 1.5805313897122324 1.514862990049354 1.5773280531433111 1.798358276398854 1.8600225053505812 1.5156638241915839 1.065595036258197 0.6107212434714282 0.15824995311134993 -0.24456962043045394 -0.36469474176498773 -0.36229223933829724 -0.2693954788395909 -0.19331623532771935 0.004489797803146622 0.12221241671098992 0.34003930339761146 0.692406325978911 1.0439725144179808 0.7068213405390553 0.20069416264955198 -0.3254538687957069 -0.6209616672786604 -0.7010450815016831 -0.6986425790749924 -1.0702296210698174 -1.3617332488416198 -1.0285862456738457 -0.11163115282023606 1.2553927279667603 2.0394093532101523
0.30720510356617226 -0.8195685345517565 -0.8163651979828357 -0.8131618614139147 -0.7811284957247058 -0.5472849261934796 0.026112319643362802 0.267964230596891 0.39769936163818764 0.9030257053854607 1.6518056283707225 2.0346043483567713 2.27885876173699 2.24282122533663 2.0642352116192897 1.8039641153944657 1.7022581793312273 1.2017368404373352 0.7348505355171131 0.2247191869164591 -0.2838104933997352 -0.6265675062742719 -0.6882317352259995 -0.6049449844340558 -0.5016373800863567 -0.27900548854635376 -0.1148344893891573 0.009294802656528045 0.14143243612451517 0.38808935193142524 0.6868004869832998 0.6859996528410695 0.29999759628610034 0.22231668448976816 0.3792801763668927 0.0036889636609163112 -0.7514976324621874 -1.1687322205641353 -1.3040731906010437 -1.0149720652559318 -0.17169371348750317 0.4601644247321457 1.2337702061265445
1.0567858606936644 -0.08680529441109908 -0.33906804921362044 -0.5192557312154216 -0.48321819481506134 -0.4119439561565712 -0.012327719183688135 0.3272259571219278 0.9190423882300651 1.4123562198438848 1.964130943840511 2.1547294696913046 2.3565396735333217 2.242020391194399 1.9000642124620932 1.6333864430994276 1.3058452789272645 0.8325523008692008 0.3528526496732951 -0.24456962043045394 -0.7603068080267197 -1.0942546453367243 -1.1206821720303217 -1.0189762359670829 -0.7122567594929061 -0.39112226845858533 -0.25017545942606567 -0.06918694328203445 0.08056904131501819 0.4641685954432968 0.45055441502538285 0.5130194781193405 0.82934896430028 1.0127399828710018 1.0215491584355343 0.058145685332571695 -0.7731201543024033 -1.3817541023973756 -0.9156686316193838 -0.6770200572347762 -0.3807114246095922 0.22952419176984007 0.9614865977682672
1.2281643671309328 0.600310399622435 -0.02273856303268129 -0.20452791331894238 -0.24937462528383536 -0.16528704034966157 0.054942348763650894 0.5706795363599166 1.1665001381792055 1.7230798670292127 1.879242524764107 2.0690402164726707 2.0249943386500084 1.8568191687816609 1.518867160760505 1.32426446419856 0.9983249683108579 0.663576296858623 0.0845732120261693 -0.5160523946465008 -1.1551180401462215 -1.525103413856586 -1.5627426185414068 -1.4129866339443544 -1.103864655043487 -0.7026467497861435 -0.3935247708852758 -0.21173542059901473 0.10859823629307597 0.5939037264845934 0.6467587798717882 0.744460545223876 1.0583875289781246 1.2906294302248904 0.638750438449486 -0.31023802009333235 -0.5360732482022563 -1.0309887481005364 -0.6794225596614669 -0.5520899310468608 -0.25337879599498647 0.5987087313379749 1.0928233970940244
0.9614865977682672 0.6403521067339466 0.033319826923434714 -0.1805028890520357 -0.22534960101692825 0.02771398792782298 0.037323997634585826 0.5538620193730819 1.11284425064978 1.71266902318022 1.8271883055191425 1.946512592711446 1.901665880746553 1.5885397311345346 1.3194594593451785 1.1256575969254636 1.024752495004455 0.7612780622107107 0.1494407775468174 -0.5248615702110331 -1.1655288839952145 -1.6492327059022713 -1.899893792420332 -1.7493369736810496 -1.5619417843991765 -1.1879522399776608 -0.7739209884446336 -0.4888240338106731 -0.16768954277635206 0.4962019611325057 0.995922465884167 1.094425065378485 0.5746837070710678 0.47217693686559903 -0.25257796185275616 -0.41835062929441325 -0.6449866915455671 -0.4976332093752056 -0.6874309010837691 -0.5600982724691632 -0.12204199666922921 0.8045231058911431 1.1673009723214354
0.13262326055998264 0.13342409470221295 -0.09401280169117143 -0.31344135666225315 -0.42956230728563627 -0.08360195784217828 -0.017132724037069558 0.4777827758612103 0.9967233000263973 1.6149672578281318 1.8960600417509421 2.0121809923743244 1.9232884025867691 1.5396888484584905 1.3210611276296391 1.3082477813539555 1.21855435742417 1.0639933679737363 0.6099204093291979 -0.06278027014419241 -0.6009408137229046 -1.1342963524482357 -1.5827634720971626 -2.10330566454681 -1.9351304946784622 -1.7573453151033518 -1.3072765271699645 -1.0189762359670829 -0.5961358088695234 0.12461491913768041 0.8013197693222218 0.8717931738384821 0.30720510356617226 -0.5729116187448469 -0.8099585248449939 -0.9709261874332693 -0.8411910563919727 -0.36549557590721804 -0.6706133840969344 -0.6545967012523299 -0.2037270791767125 0.5874970533467514 0.9622874319104975
-0.42635897071671547 -0.31824636151563457 -0.38471559532074373 -0.6193599989941998 -0.7987468468537706 -0.5216582336421123 0.015701475794369646 0.5266336585372544 0.9807066171817929 1.6029547456946784 1.8584208370661215 1.951317597564827 1.864827510203963 1.5621122044409375 1.447592922102015 1.4684146098000008 1.4596054342354683 1.3362769763320133 1.0720017093960386 0.9222457247989864 0.4681727661544479 0.035722329350125204 -0.8980502804903188 -1.6155976719286018 -2.3035142001043662 -2.3043150342465966 -1.8822754412912672 -1.630813520630976 -1.1599230449996027 -0.4704048485393777 0.06775569503933454 0.21591001135192656 0.14223327026674548 -0.48321819481506134 -0.9469011631663626 -1.086246303914422 -0.9212744706149953 -0.2357604448659214 -0.6337750135543441 -0.6666092133857833 -0.3550847320582253 0.5074136391237287 1.1953301672994936
