static/data/seaWind_uo/2023/7/6/6.asc
ncols 137
nrows 93
xllcorner 108.0
yllcorner 17.0
cellsize 0.25
NODATA_value -32767
[rows 0 to 18 of 93, columns 44 to 87 of 137]
2.0346043483567713 1.4355804099685616 0.36326349352228826 0.5010069659858871 1.2754135815225163 2.0249943386500084 2.691288344985557 2.84504850029376 2.7169150375369235 2.8282309833069257 3.095709586811821 3.128543786643261 2.1651403135402982 1.2810194205181276 0.7100246771079761 0.51061697569265 0.2983959280016397 0.24474004047221465 0.4185210493361735 0.45696108816322445 0.12861908984883152 -0.19251540118548904 -0.27099714712405154 0.2623583916012797 0.9678932709061092 1.2762144156647466 1.9401059195736043 2.647242467162894 3.496126657926934 2.942750265645848 3.1741913327503837 4.01426634794989 4.025478025941114 3.1477638060567856 2.297277947008285 3.1854030107416063 3.5033341652070065 3.742783573733844 4.143200644848957 5.018512362306595 5.454966969822069 5.501415350071422 5.076172420547172 4.344210014548745
1.5468963557385629 0.9759016123284114 0.14543660683566628 1.1352676066322265 2.1819578305271325 3.106120430660814 3.3687940293123284 3.1653821571858507 2.7481475690839026 2.4606481120232515 2.5271173458283607 2.3269088102708033 1.703859847615687 1.161695133325824 1.0279558315733763 1.1785126503126588 1.3258661324830205 1.370712844447913 1.2810194205181276 1.0335616705689876 0.16305495796473135 -0.4199522975788734 -0.5825216284516095 0.25274838189451687 1.420364561266187 2.4438305950364163 3.0220328457266405 3.3687940293123284 3.5786125745766477 3.707546871475714 3.981432148118452 4.485957657723494 4.638116144747238 3.859705358499457 3.2030213618706713 3.276698102955852 3.9469962800025518 4.25531742476119 4.29295662944601 4.272935775890254 4.145603147275649 3.626662623110461 3.0764895673982955 2.4830714680056976
1.420364561266187 1.381924522439136 1.3875303614347478 2.1186919332909446 2.7986001200444073 3.2839056102359243 3.3872132145836233 3.289511449231536 3.0140245043043383 2.544735696957425 2.3669505173823153 2.2620412447501557 2.233211215629867 1.7943541056877028 1.6518056283707225 1.8143749592434584 2.4150005659161287 2.52631651168613 2.431017248760733 2.1371111185622396 1.3226627959140993 0.7516680525039479 0.5674761997909958 1.3090486154961858 2.3789630295157687 3.2614822542534783 3.608243437839166 3.0756887332560656 2.9507586070681504 3.16297965475916 4.042295542927949 4.484355989439035 4.6821620225699 4.618896125333713 4.3297949999886 4.347413351117666 4.604481110773568 4.505978511279251 4.148005649702339 3.6426793059550655 2.7249233789592266 1.9040683831732443 1.3138536203495672 0.9374615735013605
1.1881226600194212 1.3739161810168339 1.7503082278650406 2.1771528256737516 2.714512535110233 3.1109254355141958 3.3111339710717522 3.2975197906538383 3.150166308483476 2.6592549792963474 2.291672108012674 2.145119459984542 2.2900704397282134 2.2452237277633205 2.3893738733647614 2.6400349598828226 2.754554242221744 2.637632457456131 2.512702331268216 2.485473970432388 2.133907781993319 1.6518056283707225 1.4443895855330942 1.9737409535472739 2.80821012975117 3.182199674172686 3.0756887332560656 2.598391584486851 2.4662539510188632 2.7129108668257724 3.3960223901481563 3.8629086950683784 4.147204815560109 4.586061925502273 4.5836594230755825 4.848735524153787 5.659980510233007 5.889019074910852 5.367676048318973 4.285749122165937 2.746545900799442 1.7583165692873428 1.1592926308991331 0.946270749065893
0.6980121649745228 0.8045231058911431 1.1905251624461122 1.7991591105410847 2.5135031654104467 3.0228336798688704 3.245465571408874 3.209428035008513 3.0084186653087266 2.607200760051383 2.184360332953823 2.0346043483567713 2.20678368893627 2.398983883071524 2.522312340974979 2.5943874137756997 2.571163223651023 2.638433291598362 2.8650693538495156 2.9627711192016037 2.6312257843182896 2.049820197059145 1.6774323209220898 1.9833509632540367 2.688085008416636 3.088502079531749 2.6768733304254124 2.4286147463340426 2.255634571612313 2.1507252989801535 2.382166366084689 2.98439364104182 3.670708500933124 4.172831508111475 4.289753292877089 4.864752206998391 5.690412207637756 6.160501849126899 6.131671820006611 5.219521732006381 4.500372672283639 3.823667822099097 3.222241381284197 2.692089179127787
-0.3014288445287998 -0.23335794243923091 0.4986044635591962 1.564514706867628 2.2812612641636805 3.0356470261445545 3.416043243703912 3.3599848537477963 2.957966114348222 2.4574447754543303 2.072243553041592 1.9345000805779926 2.0642352116192897 2.1587336404024557 2.2588379081812344 2.3445271613998684 2.4974864825658423 3.0404520309979355 3.2879097809470754 3.685123515493268 3.626662623110461 3.02123201158441 1.9545209341337482 1.586938062850074 2.295676278723825 2.7393383935193705 2.4198055707695096 2.1539286355490748 1.9633301096982811 1.8688316809151142 1.9681351145516621 2.521511506832749 3.203822196012902 3.8629086950683784 4.124781459577662 4.702182876125656 5.1138116252319925 5.445356960115307 5.619938803121496 6.482437174303449 6.636197329611653 6.031567552227832 5.407717755430486 4.783867958633138
-0.6682108816702437 -0.9132661291926931 0.14543660683566628 1.2465835524022282 2.31409546399512 3.095709586811821 3.541774204034057 3.2742956005291615 2.853056841716062 2.045015192205764 1.4820287902179148 1.3434844836120856 1.635788945526118 1.8367983152259053 1.936902583004683 2.295676278723825 2.6768733304254124 3.2390588982710313 3.927776260589026 4.402670906931551 4.445115116469752 3.910157909459962 2.8562601782849835 1.869632515057344 1.78474409598094 2.230007879060946 2.189165337807205 1.9569234365604387 1.766324910709645 1.9745417876895037 2.0706418847571313 2.5999932527713105 2.953161109494841 3.5922267549945617 3.8212653196724067 4.1255822937198925 4.548422720817452 5.029724040297818 6.075613430050495 6.940514303659139 7.762170133587352 7.244831277706625 6.618578978482589 5.911442430893299
-0.8091576907027636 -1.4434183313491031 -0.0884069626955597 1.2449818841177676 2.3221038054174223 3.114929606225347 3.608243437839166 3.2614822542534783 2.229207044918716 1.1745084796015077 0.508214473265959 0.6683813017120044 1.2850235912292787 1.5965480725568368 1.8552175004972002 2.2660454154613068 2.8114134663200905 3.6098451061236267 4.315379985428455 4.855142197291629 5.081778259542784 4.749432090517239 3.668305998506433 2.368552185666775 1.9304959098668415 1.9585251048448993 1.9713384511205834 1.7831424276964793 1.8536158322127396 2.2460245619055503 2.3933780440759125 2.6088024283358435 3.088502079531749 3.618654281688159 3.7692111004274413 3.757198588293988 4.232093234636512 5.078574922973862 6.202145224522871 7.031008561731156 7.815826021116777 7.304093004231662 6.500055525432515 5.903434089470997
-0.008323548472537023 -0.764310978737871 0.010095636798758356 1.0663958704004268 2.1963728450872764 2.9227294120900917 3.105319596518584 2.6936908474122476 1.4548004293820869 0.3776785080824321 0.051739012194730094 0.4897952879946641 1.3258661324830205 1.6461997893751108 1.8776408564796463 2.2324103814876373 2.925131914516783 3.823667822099097 4.548422720817452 4.9480389577903345 5.237140083135447 4.968860645488322 4.36663337053119 3.2470672396933336 2.3661496832400846 2.0474176946324545 1.9537200999915183 1.752710730291731 1.7535115644339618 2.2548337374700833 2.5639557163709505 2.8690735245606667 3.4096365705660703 3.9477971141447825 3.8036469685433416 3.589824252567871 3.9878388212562936 5.040935718289042 5.960293313569341 6.745911607097193 7.26084796055123 6.817986679897915 6.055592576494739 5.261165107402354
0.7388547062282642 -0.29982717624433963 0.04453150491465774 0.9206440565145257 1.78394326183871 2.3253071419863436 2.4782664631523166 2.3213029712751916 1.1208525920720822 0.21430834306746593 0.21030417235631482 0.7324480330904226 1.4852321267868356 1.7431007205849682 1.9769442901161942 2.3653488490978547 3.159776318190239 4.080735581755 4.618095291191482 4.9704623137727815 5.010504020884293 4.763046270935153 4.353820024255507 3.9830338164029118 3.325548985631896 2.647242467162894 2.1859620012382837 1.8936575393242507 1.7567149010028822 2.1002727480196497 2.4566439413121004 2.8866918756897317 3.3856115462991627 4.003054669958669 3.972622972553919 3.7812236125608947 3.932581265442408 4.918408094527816 5.835363187381427 6.467221325601075 6.856426718724965 6.508864700997048 5.696818880775597 4.851138026580477
0.0813698754572485 -0.5360732482022563 -0.054771928721890184 0.7524688866461782 1.2201560257086306 1.4548004293820869 1.6381914479528086 1.7118681890379892 1.5533030288764045 1.1833176551660403 1.0912217288095638 1.3482894884654666 1.9649317779827409 2.2236012059231043 2.4254114097651214 2.7849859396264933 3.5169483456249204 4.2264873956409 4.654132827591843 4.734216241814865 4.5660410719465165 4.245707415054426 4.019071352803273 3.825269490383558 3.6610984912263613 3.271893098102471 2.785786773768723 2.3213029712751916 1.945711758569216 2.0650360457615196 2.535125687250663 3.0764895673982955 3.4889191506468626 3.882929548624134 3.9526021189981635 3.9077554070332705 3.950199616571473 4.805490480473354 5.492606174506889 6.038775059507904 6.335083692133088 5.865794884786176 5.117014961800914 4.136793971711116
0.24474004047221465 -0.15647786478512904 0.2895867524371072 0.9166398858033746 1.0647942021159666 0.9590840953415767 1.027154997431146 1.2233593622775514 1.5789297214277718 1.6510047942284927 1.7431007205849682 2.049820197059145 2.6624583158652686 2.9235302462323225 3.1605771523324697 3.5169483456249204 4.11917562058205 4.291354961161549 4.365832536388961 4.221682390787519 3.9213695874511845 3.742783573733844 3.5970317598479427 3.4496782776775814 3.2887106150893053 3.05566787970031 2.552744038379727 2.0866585676017357 1.936902583004683 2.4702581217300144 2.98519447518405 3.4496782776775814 3.8364811683747804 4.07993474761277 4.194454029951691 4.220080722503059 4.208068210369605 4.382650053375794 4.904793914109902 5.617536300694805 6.427179618489564 5.926658279595673 5.045740723142423 3.922971255735645
1.5316805070361883 1.1608942991835938 1.0800100508183408 1.2938327667938112 1.0824125532450317 0.8533739885671867 0.8846065201141657 1.0503791875558224 1.3426836494698553 1.6958515061933848 2.3036846201461274 2.8338368223025374 3.243863903124413 3.3359598294808888 3.6026375988435544 3.8757220413440616 4.123980625435433 3.972622972553919 3.770812768711902 3.5698033990121156 3.2478680738355643 3.1966146887328297 3.1533696450523974 3.173390498608153 3.096510420954051 2.930737753512395 2.3036846201461274 1.7134698573224498 1.4539995952398566 2.2396178887677087 2.7177158716791543 3.034045357860094 3.315938975925133 3.7283685591737004 4.075129742759389 4.230491566352052 4.353019190113276 3.8492945146504645 4.1880473568138505 4.904793914109902 6.004339191392004 5.536652052329552 4.555630228097524 3.4592882873843442
2.06743854818821 1.9473134268536758 1.8568191687816609 1.7535115644339618 1.4355804099685616 1.0824125532450317 1.0647942021159666 1.2537910596823 1.8728358516262653 2.5335240189662023 3.106120430660814 3.518550013909381 3.7155552128980163 3.662700159510822 3.617052613403698 3.787630285698737 3.577010906292187 3.3415656684765005 3.123738781789879 2.9283352510857035 2.741740895946061 2.760160081217356 2.825828480880235 2.8506543392893717 2.7793801006308816 2.7217200423903054 2.17475032324706 1.5132613217648934 0.9238473930834465 1.5525021947341746 2.2532320691856227 2.705703359545701 3.097311255096282 3.3327564929119684 3.716356047040247 4.08393891832392 4.313778317143996 3.8276719928102483 3.8589045243572273 4.513986852701553 5.597515447139049 5.297202643802715 4.324189160992988 3.48251247750902
2.723321710674766 2.5775698967888645 2.448635599889798 2.3221038054174223 1.6189714285392838 1.3587003323144597 1.445190419675324 2.323705473701883 3.132547957354412 3.6010359305590938 3.51454584319823 3.7900327881254277 3.599434262274634 3.380005707303552 3.3135364734984427 3.146162137772325 2.9195260755211714 2.7305292179548375 2.5183081702638277 2.3221038054174223 2.31409546399512 2.4117972293472074 2.49027897528577 2.5999932527713105 2.584777404068937 2.4686564534455537 2.1739494891048303 1.5517013605919439 0.7188338526725087 0.8413614764337334 1.57332388243216 2.4021872196404446 2.885090207405271 3.16297965475916 3.6346709645327633 4.026278860083345 4.179238181249318 3.802846134401111 3.8348795000903206 4.210470712796296 5.025719869586666 4.596472769351266 3.7676094321429816 2.9627711192016037
3.3872132145836233 3.2302497227064992 3.0941079185273606 2.417403068342819 1.5917430677034559 1.654208130797413 2.6440391305939737 3.532164194327295 4.127984796146583 3.8637095292106083 3.774016105280823 3.4456741069664303 3.243863903124413 3.0092194994509565 2.857861846569444 2.691288344985557 2.4013863854982147 2.2324103814876373 2.021791002081087 1.9585251048448993 1.9889568022496484 2.107480255299721 2.2075845230785 2.3172988005640405 2.3357179858353363 2.1547294696913046 1.8624250077772726 1.6277806041038159 0.9390632417858211 0.9863124561774042 1.4932404682091378 2.3213029712751916 2.728126715528147 3.006816997024266 3.4793091409401 3.7059452031912534 3.6651026619375124 3.1741913327503837 3.3063289662183704 3.6875260179199585 4.32579082927745 3.69313185691557 2.8650693538495156 2.6088024283358435
3.6346709645327633 3.438466599686358 2.9683769581972155 2.2900704397282134 1.7831424276964793 2.481469799721237 3.4753049702289487 3.774016105280823 4.041494708785718 3.58662091599895 3.3824082097302424 3.052464543131389 2.930737753512395 2.700898354692319 2.5495407018108067 2.3301121468397246 2.014583494801015 1.829590807945833 1.7054615159001476 1.6421956186639597 1.721478198744752 1.8904542027553304 1.9921601388185688 2.0506210312013757 2.0386085190679224 1.8359974810836746 1.5757263848588514 1.3402811470431644 1.2417785475488468 1.7254823694559032 2.234012049772097 2.3621455125289335 2.5415323603885045 2.7489484032261333 3.1181329427942672 3.3447690050454217 2.7881892761954137 2.0009693143831018 2.1323061137088586 3.02123201158441 3.7291693933159302 3.0140245043043383 2.5375281896773534 2.27965959587922
3.316739810067364 2.9827919727573593 2.5199098385482883 2.571163223651023 2.453440604743179 3.187004679026067 3.154971313336858 3.3583831854633357 3.1221371135054183 3.02043117744218 2.8554593441427527 2.744944232514982 2.6192132721848362 2.3965813806448337 2.1923686743761253 1.9617284414138205 1.6606148039352555 1.4780246195067637 1.3587003323144597 1.4011445418526618 1.4996471413469794 1.6934490037666943 1.833594978656984 1.9032675490310136 1.7831424276964793 1.4676137756577705 1.1921268307305728 1.11284425064978 1.2842227570870488 2.1411152892733907 2.575167394362174 2.6488441354473546 2.1499244648379237 2.2396178887677087 2.616009935615915 2.579171565073325 1.833594978656984 1.0391675095645994 1.5941455701301463 2.547939033526346 3.0764895673982955 2.4190047366272798 2.014583494801015 2.840243495440379
2.7025000229767797 2.4614489461654814 2.750550071510593 3.010821167735417 3.1541704791946272 2.8890943781164222 2.637632457456131 2.4294155804762725 2.3036846201461274 2.405390556209366 2.4558431071698705 2.35093383453771 2.257236239896774 2.121895269859866 1.88805170032864 1.6069589164058296 1.317056956918488 1.1568901284724427 1.1112425823653198 1.176110147885968 1.3611028347411502 1.518867160760505 1.659013135650795 1.690245667197774 1.5340830094628797 1.1665001381792055 0.7260413599525806 0.6219329214626512 1.0888192263828733 2.104276918730801 2.4510381023164887 2.27885876173699 1.650203960086262 1.874437519910726 1.9473134268536758 1.8279891396613723 1.0415700119912898 0.9759016123284114 1.4772237853645334 2.0201893337966266 2.121895269859866 1.8600225053505812 2.8522560075738324 4.023075523514423
