static/data/seaWind_uo/2023/7/19/0.asc
ncols 137
nrows 93
xllcorner 108.0
yllcorner 17.0
cellsize 0.25
NODATA_value -32767
[rows 57 to 75 of 93, columns 0 to 41 of 137]
-1.8838771095757276 -1.7189052762763009 -1.5907718135194648 -1.4057791266642823 -1.1679313864219052 -0.8187677004095264 -0.3350638785024693 -1.0814412990610407 -1.2023672545378048 -0.686630066941539 -0.18210455733649633 -0.3174455273734047 -0.5200565653576519 -0.6153558282830487 -0.6714142182391647 -0.6946384083638413 -0.708252588781755 -0.6594017061057111 -0.6065466527185164 -0.5697082821759258 -0.7290742764797409 -1.0526112699407524 -1.449825004486945 -1.5731534623903998 -0.9653203484376578 -0.5160523946465008 -0.42475730243225485 -0.42235480000556436 -0.5825216284516095 -0.8692202513700307 -1.2023672545378048 -1.4586341800514773 -1.6460293693333503 -1.4298041509311892 -1.0141712311137017 -0.7651118128801011 -0.9917478751312552 -0.8612119099477282 -0.6786217255192366 -0.48081569238837085 -0.33906804921362044 -0.1468678550783662
-2.659084559254587 -1.9711680310788222 -1.4826592043183842 -1.3240940441567992 -1.0237812408204643 -0.4631973412593058 -0.3871180977474342 -1.2023672545378048 -1.1126738306080195 -0.7699168177334825 -0.5088448873664286 -0.8235727052629076 -0.8123610272716846 -0.6129533258563582 -0.3815122587518225 -0.40633811716095947 -0.5584966041847026 -0.6505925305411788 -0.8211702028362171 -0.9493036655930533 -1.0918521429100336 -1.0950554794789544 -1.2704381566273741 -1.2368031226537046 -0.9789345288555715 -0.7210659350574387 -0.4455789901302407 -0.4447781559880104 -0.6513933646834089 -0.9717270215754996 -1.3104798637388855 -1.7237102811296823 -1.8662587584466626 -1.4274016485044985 -0.9356894851751394 -0.8844361000724048 -1.2215872739513303 -0.9717270215754996 -0.7122567594929061 -0.6145549941408186 -0.6329741794121138 -0.39512643916973644
-3.476736218471648 -2.7383671393353795 -2.2426508052948693 -1.7141002714229197 -1.3032723564588133 -0.4135456244410318 -0.7651118128801011 -1.2968656833209715 -0.8299793784007494 -0.5336707457755656 -0.6858292327993087 -0.9941503775579459 -0.9901462068467948 -0.6914350717949203 -0.5064423849397381 -0.6129533258563582 -0.789136837147008 -0.6682108816702437 -0.7042484180706039 -1.0670262845008966 -1.5475267698390325 -1.464240019047089 -1.0454037626606805 -0.9501044997352834 -1.1623255474262935 -1.0422004260917594 -0.7394851203287338 -0.6193599989941998 -0.813962695556145 -0.9252786413261465 -1.2456122982182372 -1.4794558677494631 -1.524302579714356 -1.195960581399963 -1.0878479721988825 -1.0958563136211847 -1.259226478636151 -0.7827301640091662 -0.4992348776596658 -0.4984340435174359 -0.5256624043532634 -0.37350391732952026
-3.9796600597922307 -3.3205735607367544 -2.835268070545237 -2.28029000997969 -1.348119068423706 -0.5985383112962139 -1.474650862896082 -1.5154934041498236 -1.0381962553806083 -0.5625007748958539 -0.6986425790749924 -0.9364903193173697 -1.0357937529539176 -0.736281783759813 -0.8524027343831959 -0.9605153435842764 -0.8908427732102466 -0.6594017061057111 -0.4447781559880104 -0.8908427732102466 -1.329699883152411 -1.2079730935334165 -0.7979460127115405 -0.983739533708953 -1.3361065562902528 -1.209574761817877 -0.8636144123744189 -0.7539001348888781 -1.002158718980248 -1.1519147035773005 -1.2760439956229856 -1.1583213767151423 -1.18554973755097 -1.1895539082621212 -1.0918521429100336 -1.2207864398091 -1.3945674486730593 -0.8804319293612537 -0.3935247708852758 -0.38471559532074373 -0.3254538687957069 -0.13565617708714317
-4.051735132592951 -3.645712222482226 -3.1972451028332993 -2.489307721101779 -1.5539334429768743 -1.227993947089172 -2.052052279444075 -1.9391346653896133 -1.5154934041498236 -1.0389970895228386 -0.7522984666044175 -0.9605153435842764 -1.1767405619864375 -0.8459960612453541 -1.0077645579758598 -1.1302921817370846 -1.0598187772208245 -0.6377791842654952 -0.3759064197562112 -0.7410867886131944 -0.9613161777265067 -0.838788553965282 -0.8379877198230519 -1.0838438014877314 -1.2408072933648557 -1.2055705911067258 -0.8724235879389515 -0.7787259932980151 -1.0269845773893853 -1.3272973807257202 -1.4105841315176637 -1.1831472351242793 -1.0053620555491691 -1.0093662262603202 -1.1222838403147821 -1.3120815320233459 -1.6596435497512643 -1.1663297181374446 -0.6674100475280136 -0.48481986309952196 -0.42475730243225485 -0.02113689474822067
-3.8323065776218685 -3.663330573611291 -3.690558934447119 -2.9794182161466773 -2.0184172454704057 -1.7637519882411936 -1.839030397610835 -1.8566487487399 -1.5194975748609747 -1.4241983119355777 -1.1094704940390985 -1.1447071962972286 -1.3753474292595338 -1.0854454697721918 -1.2335997860847836 -1.3369073904324829 -1.1254871768837031 -0.736281783759813 -0.5480857603357097 -0.7619084763111803 -0.9469011631663626 -0.9501044997352834 -0.9709261874332693 -1.1014621526167963 -0.9829386995667229 -1.064623782074206 -0.8788302610767933 -0.7603068080267197 -0.7803276615824755 -1.1238855085992427 -1.6276101840620552 -1.4722483604693912 -1.2360022885114743 -0.930884480321758 -1.0301879139583061 -1.3577290781304687 -1.7557436468188914 -1.2992681857476622 -0.983739533708953 -0.7883360030047777 -0.5921316381583721 -0.13725784537160335
-3.5119729207297783 -3.592056334952801 -3.7137831245717954 -3.1780250834197736 -2.231439127303646 -1.4778541994650027 -0.9853412019934134 -1.2271931129469418 -1.790179514934791 -1.743731134685438 -1.354525741561548 -1.2167822690979488 -1.4634391849048587 -1.4193933070821962 -1.5531326088346442 -1.4442191654913332 -1.1695330547063656 -0.9901462068467948 -0.8299793784007494 -0.9412953241707509 -1.055013772367443 -1.0590179430785942 -1.0317895822427665 -1.1527155377195308 -0.8636144123744189 -0.9677228508643485 -0.7667134811645615 -0.3518813954893041 -0.24376878628822363 -0.9140669633349232 -1.8822754412912672 -1.8334245586152234 -1.3321023855791017 -1.0389970895228386 -1.1487113670083797 -1.3681399219794617 -1.5058833944430607 -1.2335997860847836 -0.9493036655930533 -0.7675143153067918 -0.5713099504603862 -0.34147055164031137
-3.2020501076866807 -3.4679270429071156 -3.5656288082592034 -3.0683108059342326 -2.326738390229043 -1.5723526282481695 -1.1703338888485957 -1.5219000772876652 -2.053653947728536 -1.7909803490770213 -1.3881607755352174 -1.412185799802124 -1.8069970319216258 -1.648431871760041 -1.5555351112613347 -1.4474225020602542 -1.3345048880057921 -1.2207864398091 -1.3769490975439942 -1.18474890340874 -1.2600273127783812 -1.2360022885114743 -1.2151806008134884 -1.132694684163775 -0.8211702028362171 -0.9188719681883046 -0.7827301640091662 -0.4784131899616799 -0.4191514634366431 -0.9669220167221182 -1.6740585643114083 -1.899893792420332 -1.3232932100145691 -1.1759397278442074 -1.3673390878372316 -1.5355142577055791 -1.3040731906010437 -1.1879522399776608 -1.0718312893542778 -0.8596102416632678 -0.6049449844340558 -0.4672015119704569
-3.2533034927894153 -3.640907217628845 -3.3686236092705677 -2.8208530559850926 -2.435651833572354 -2.4660835309771025 -2.81204388042056 -2.910546479914878 -2.4452618432791167 -1.8085987002060864 -1.5483276039812628 -1.924719650829469 -2.504523569804153 -1.990388050492348 -1.5259042479988163 -1.407380794948743 -1.5507301064079533 -1.8085987002060864 -2.2971075269665246 -1.9127071386960157 -1.4394141606379518 -1.209574761817877 -1.1519147035773005 -1.0854454697721918 -1.0638229479319756 -1.3433140635703247 -1.241608127507086 -1.0149720652559318 -0.8844361000724048 -0.9477019973085927 -1.054212938225213 -1.4346091557845706 -1.2696373224851438 -1.3224923758723388 -1.6508343741867317 -1.9087029679848646 -1.569950125821479 -1.8910846168557995 -2.0120105723325636 -1.7389261298320566 -1.2792473321919067 -0.9701253532910392
-3.1588050640062484 -3.0354766061027934 -2.524544423359909 -2.3275392243712734 -2.447664345705807 -2.977015713719987 -3.5159770914409294 -3.7001689441538814 -3.2372868099448104 -2.8632972655232947 -2.8400730753986183 -3.0010407379868935 -3.0987425033389813 -2.608632008294083 -2.057658118439687 -1.811001202632777 -1.8662587584466626 -1.96315968965652 -2.1617665569296163 -2.3643775949138637 -2.1905965860499044 -1.9367321629629226 -1.666050222889106 -1.408181629090973 -1.163927215710754 -1.39777078524198 -1.1879522399776608 -1.036594587096148 -1.0277854115316154 -1.0942546453367243 -1.0325904163849968 -1.308878195454425 -1.4834600384606145 -1.5595392819724858 -1.6988844227205453 -1.875067934011195 -2.274684170984078 -2.934571504181785 -3.048289952378477 -2.63505953498768 -2.0928948206978166 -1.807797866063856
-3.09473833262783 -3.073115810787614 -2.546166945200125 -2.2923025221131432 -2.2834933465486107 -2.5581794573335785 -2.7231512906330053 -3.027468264680491 -2.981019884431138 -3.2052534442556015 -3.2444943172248824 -3.0146549184048075 -3.1419875470194136 -2.8624964313810644 -2.4004151313142237 -2.100903162120119 -2.0040022309102614 -2.0920939865555868 -1.9551513482342178 -2.3331450633668847 -2.609432842436313 -2.6606862275390473 -2.349161746211489 -1.85744958288213 -1.4041774583798219 -1.3433140635703247 -1.1166780013191706 -0.9925487092734855 -1.0285862456738457 -1.064623782074206 -1.1366988548749262 -1.174338059559747 -1.2544214737827695 -1.3457165659970154 -1.5259042479988163 -1.9327279922517715 -2.5517727841957365 -2.985024055142289 -3.0402816109561748 -2.7343629686242283 -2.556577789049118 -2.500519399093002
-2.8104422121361 -3.3085610486033006 -2.921758157906101 -2.6614870616812776 -2.614237847289694 -2.4764943748260952 -2.394008458176382 -2.4028176337409146 -2.188994917765444 -2.3403525706469566 -2.221028283454653 -2.0712722988576004 -2.9113473140571084 -3.2020501076866807 -2.8104422121361 -2.3956101264608423 -2.2506591467171715 -2.3355475657935756 -2.1025048304045795 -2.1065090011157306 -2.639063705698831 -2.7303587979130772 -2.760790495317826 -2.5301502623555203 -2.0112097381903338 -1.5058833944430607 -1.4586341800514773 -1.5347134235633488 -1.5619417843991765 -1.2696373224851438 -1.4378124923534914 -1.6500335400445016 -1.5763567989593206 -1.666050222889106 -1.8021920270682446 -2.1193223473914142 -2.4700877016882536 -2.7055329395039402 -2.8697039386611367 -2.9321690017550943 -2.808039709709409 -3.137182542166032
-2.694321261512717 -3.1948426004066084 -3.0474891182362467 -2.818450553558402 -2.7824130171580417 -2.7463754807576817 -2.567789467040341 -2.3283400585135032 -1.9799772066433547 -1.6812660715914802 -1.4370116582112613 -1.379351599970685 -2.2931033562553735 -2.7479771490421423 -2.577399476747104 -2.1553598837917747 -1.9391346653896133 -2.0985006596934284 -1.7621503199567332 -1.5979793207995368 -2.107309835257961 -2.239447468725948 -2.4676851992615627 -3.344598585003661 -2.4004151313142237 -1.8590512511665906 -2.118521513249184 -2.8136455487050207 -2.7319604661975374 -2.0776789719954425 -2.0888906499866655 -2.3539667510648705 -2.329941726797964 -2.3387509023624964 -2.460477691981491 -2.405220136167605 -2.478896877252786 -2.5934161595917082 -2.7984297000026466 -2.9057414750614967 -3.2372868099448104 -3.7065756172917235
-2.5790011450315644 -2.871305606945597 -2.843276411967539 -2.618242018000845 -2.7343629686242283 -2.8937289629280434 -2.8000313682871067 -2.6478728812633636 -2.200206595756667 -1.9551513482342178 -1.6636477204624154 -1.5571367795457953 -1.9735705335055131 -2.3996142971719934 -1.931126323967311 -1.50348089201637 -1.4354099899268007 -1.4842608726028446 -1.1807447326975888 -1.2287947812314024 -1.4866633750295353 -1.730116954267524 -2.0840856451332845 -3.2476976537938036 -2.2658749954195456 -1.8870804461446484 -2.5117310770842254 -3.3878436286840934 -3.2164651222468246 -2.5685903011825713 -2.3403525706469566 -2.506926072230844 -2.545366111057895 -2.755184656322214 -2.848882250963151 -2.7904213585803443 -2.693520427370487 -2.6606862275390473 -2.789620524438114 -3.1163608544680463 -3.592857169095031 -4.104590185980146
-2.2290366248769553 -2.4829010479639373 -2.4708885358304835 -2.409224306878756 -2.7231512906330053 -2.959397362590922 -3.0226632598271097 -2.8705047728033666 -2.789620524438114 -2.644669544694443 -2.4660835309771025 -2.324335887802352 -2.6718979055302707 -2.4420585067101954 -1.9231179825450089 -1.2159814349557188 -1.3569282439882386 -1.2904590101831297 -1.0381962553806083 -1.0926529770522637 -1.372944926832843 -1.6083901646485297 -1.994392221203499 -2.7848155195847326 -1.991188884634578 -2.193799922618825 -2.8192513877006324 -2.7463754807576817 -2.4668843651193324 -2.257065819855013 -2.055255616012996 -2.2202274493124228 -2.4676851992615627 -2.6967237639394077 -3.0458874499517865 -3.0923358302011397 -2.98742655756898 -2.8272597291229347 -2.9513890211686196 -3.2701210097762496 -3.780252358376904 -4.268761185137342
-1.5795601355282416 -1.8134037050594678 -2.128932357098177 -2.3499625803537194 -2.8136455487050207 -3.1796267517042343 -3.2509009903627244 -3.214863453962364 -3.1812284199886944 -3.188435927268767 -3.2268759660958177 -3.2444943172248824 -3.274926014629631 -2.95299068945308 -2.2826925124063804 -1.4209949753666566 -1.6756602325958687 -1.5595392819724858 -1.3921649462463686 -1.3769490975439942 -1.6324151889154366 -1.835026226899684 -2.436452667714584 -2.761591329460056 -2.7303587979130772 -2.8208530559850926 -2.7279562954863863 -2.347560077927029 -2.121724849818105 -2.0840856451332845 -1.96235885551429 -2.172177400778609 -2.4556726871281094 -2.737566305193149 -3.096340000912291 -3.2484984879360335 -3.2484984879360335 -3.0995433374812116 -3.169215907855241 -3.4639228721959645 -3.920398333267194 -4.410508828312093
-1.1206821720303217 -1.8334245586152234 -2.243451639437099 -2.836869738829697 -3.16441090300186 -3.3886444628263233 -3.4551136966314324 -3.4551136966314324 -3.2372868099448104 -3.3742294482661794 -3.5936580032372616 -3.4703295453338066 -3.19964760525999 -3.0314724353916422 -2.566988632898111 -2.2330407955881064 -2.500519399093002 -2.497316062524081 -2.56458613047142 -2.4564735212703397 -2.0608614550086077 -1.859852085308821 -1.9727696993632828 -2.157762386218465 -2.4620793602659514 -2.6654912323924287 -2.6038270034407014 -2.4668843651193324 -2.3235350536601223 -2.193799922618825 -2.2426508052948693 -2.3964109606030726 -2.5373577696355927 -2.773603841593509 -3.041082445098405 -3.266917673207329 -3.3606152678482655 -3.3550094288526537 -3.41266948709323 -3.6761439198869748 -4.135021883384894 -4.603509856589577
-1.7052910958583871 -3.1035475081923627 -4.064548478868635 -5.137666229457138 -5.128857053892606 -4.3400354237958325 -4.354450438355976 -3.970050050085468 -3.080323318067686 -3.2629135024961777 -3.6481147249089165 -3.8515265970353942 -4.136623551669355 -4.7444566656220974 -5.224957150960233 -5.023947781260446 -4.390487974756336 -3.9868675670723026 -3.5696329789703545 -3.077119981498765 -2.4804985455372464 -1.923918816687239 -1.6828677398759408 -1.7213077787029918 -2.17618157148976 -2.56298446218696 -2.743172144188761 -2.74076964176207 -2.6606862275390473 -2.6678937348191196 -2.70473210536171 -2.683910417663724 -2.6791054128103426 -2.7423713100465306 -2.9121481481993383 -3.2300793026647385 -3.401457809102007 -3.5279896035743827 -3.6721397491758236 -3.9083858211337406 -4.279172028986335 -4.7356474900575645
-2.956194026022001 -3.8635391091688476 -4.638746558847707 -5.438779866935704 -5.78073604566801 -5.585332514963834 -5.208940468115628 -4.0132950937659 -2.7848155195847326 -3.16361006885963 -4.127013541962592 -5.402742330535343 -6.058625493021898 -6.293269896695355 -6.036202137039453 -5.508452437309733 -4.79010421172922 -4.449749701281373 -3.9195974991249636 -3.488748730605102 -3.0322732695338726 -2.5341544330666714 -2.0872889817022053 -1.8590512511665906 -2.2274349565924947 -2.683910417663724 -2.9962357331335125 -3.0923358302011397 -3.1724192444241623 -3.227676800238048 -3.146792551872795 -2.977816547862217 -2.8344672364030066 -2.7279562954863863 -2.829662231549625 -3.1307758690281906 -3.423080330942223 -3.6465130566244564 -3.8283024069107174 -4.032515113179425 -4.339234589653602 -4.777290865453536
