static/data/seaWind_uo/2023/7/19/18.asc
ncols 137
nrows 93
xllcorner 108.0
yllcorner 17.0
cellsize 0.25
NODATA_value -32767
[rows 19 to 37 of 93, columns 43 to 85 of 137]
-1.6244068474931344 -1.348119068423706 -0.9949512117001762 -1.0486070992296013 -1.1839480692665096 -1.0950554794789544 -0.7434892910398849 -0.34787722477815297 -0.01873439232153018 0.16065245553804086 0.29999759628610034 0.47858361000344063 0.6515637847251696 0.7724897402019337 0.8173364521668267 0.842963144718194 0.8325523008692008 0.7925105937576897 0.8966190322476191 1.0407691778490595 1.249786888971149 1.5132613217648934 1.582133057996693 1.46601210737331 1.2762144156647466 1.0728025435382689 1.0752050459649594 1.136869274916687 1.2241601964197817 1.3410819811853947 1.1472801187656798 0.6083187410447373 0.029315656212283603 -0.27980632268858363 -0.10041947482901303 0.4305335614696273 0.8894115249675467 0.9206440565145257 0.29999759628610034 0.3272259571219278 0.6988129991167531 1.1560892943302123 1.0728025435382689
-1.7245111152719126 -1.3841566048240663 -1.6212035109242133 -1.726112783556373 -1.7221086128452219 -1.566746789252558 -1.121483006172552 -0.708252588781755 -0.36549557590721804 -0.11723699181584779 0.08857738273732041 0.2599558891745888 0.41691938105171333 0.5770862094977587 0.6179287507515001 0.6739871407076161 0.712427179534667 0.7188338526725087 0.86538650070064 1.1024334068007873 1.3787211858702153 1.618170594397053 1.5220704973294263 1.3194594593451785 1.1256575969254636 1.0607900314048155 1.090420894667334 1.1464792846234495 1.1921268307305728 1.2033385087217958 0.7284438623792715 0.2823792451570353 -0.11083031867800619 -0.3871180977474342 0.02130731478998138 0.5010069659858871 0.8093281107445245 0.706020506396825 0.39529685921149715 0.5010069659858871 0.7212363550991991 0.6843979845566088 0.6115220776136585
-1.9983963919146501 -1.6300126864887459 -1.6652493887468758 -1.7445319688276681 -1.7885778466503308 -1.7941836856459423 -1.3321023855791017 -0.9084611243393117 -0.5568949359002422 -0.3214496980845558 -0.13085117223376175 0.029315656212283603 0.18707998223163802 0.3808818446513529 0.43533856632300827 0.4913969562791243 0.577887043639989 0.694808828405602 0.8814031835452445 1.105636743369708 1.349090322607697 1.5484980240230235 1.5092571510537423 1.2970361033627325 1.0816117191028014 1.020748324293304 1.0976284019474059 1.1120434165075501 1.0888192263828733 0.8830048518297051 0.41371604448279253 -0.11083031867800619 -0.439973151134629 -0.3286572053646277 -0.0019168753346954226 0.27517173787696336 0.4673719320122176 0.3712718349445905 0.21831251377861705 0.12461491913768041 -0.03795441173505543 -0.17489705005642397 -0.06518277257088334
-2.101703996262349 -2.053653947728536 -1.790179514934791 -1.803793695352705 -1.764552822383424 -1.7957853539304027 -1.4698458580427005 -1.0726321234965082 -0.7002442473594528 -0.4367698145657082 -0.30703468352441154 -0.14927035750505713 -0.029145236170522892 0.09258155344847152 0.21591001135192656 0.3224209522685464 0.41691938105171333 0.4929986245635849 0.6843979845566088 0.9630882660527278 1.3090486154961858 1.523672165613886 1.4123562198438848 1.1592926308991331 0.9390632417858211 0.8581789934205681 0.9951216317419367 0.9903166268885553 0.8061247741756032 0.4849902831412827 -0.10442364554016415 -0.7194642667729783 -1.0478062650873712 -1.1086696598968684 -1.0165737335403924 -0.7322776130486619 -0.4784131899616799 -0.38871976603189484 -0.4647990095437664 -0.6137541599985883 -0.7899376712892381 -0.8371868856808216 -0.6425841891188764
-2.2474558101482507 -2.213820776174581 -2.0072055674791827 -1.8758687681534254 -1.7469344712543589 -1.4778541994650027 -1.1591222108573727 -0.9348886510329091 -0.5785174577404584 -0.33666554678692995 -0.24537045457268425 -0.2758021519774325 -0.23656127900815171 -0.15567703064289873 0.08056904131501819 0.18067330909379642 0.18948248465832895 0.22552002105868896 0.3312301278330789 0.6059162386180468 1.0800100508183408 1.267405240100214 1.1913259965883425 0.9006232029587702 0.7204355209569693 0.7412572086549551 0.8621831641317192 0.8749965104074029 0.7324480330904226 0.2631592257435096 -0.47681152167721974 -1.2864548394719786 -1.8422337341797559 -1.924719650829469 -1.768556993094575 -1.474650862896082 -1.2071722593911862 -1.011768728687011 -1.0061628896913994 -1.0910513087678033 -1.2071722593911862 -1.2215872739513303 -1.0854454697721918
-2.164969893498537 -2.118521513249184 -1.9639605237987503 -1.7941836856459423 -1.5547342771191044 -1.315284868592267 -0.9044569536281606 -0.6433850232611067 -0.42075313172110373 -0.2381629472926119 -0.13485534294491286 -0.22534960101692825 -0.2894163323953465 -0.39112226845858533 -0.13005033809153144 0.04292983663019756 0.03892566591904645 0.02851482207005329 -0.04596275315735765 0.16625829453365215 0.6147254141825793 0.8125314473134453 0.7524688866461782 0.5066128049814989 0.3784793422246624 0.4697744344389081 0.7260413599525806 0.7837014181931572 0.6587712920052415 0.24474004047221465 -0.5825216284516095 -0.9669220167221182 -1.4842608726028446 -1.6828677398759408 -1.7549428126766613 -1.4530283410558658 -1.4778541994650027 -1.3080773613121948 -1.2335997860847836 -1.2023672545378048 -1.2656331517739927 -1.266433985916223 -1.2352014543692442
-2.2474558101482507 -2.040039767310622 -1.82141204648177 -1.6516352083289618 -1.5146925700075933 -1.3577290781304687 -0.9132661291926931 -0.5248615702110331 -0.30062801038656994 -0.4071389513031898 -0.30863635180887217 -0.36629641004944835 -0.31183968837779297 -0.4167489610099526 -0.33666554678692995 -0.019535226463760047 -0.030746904454983515 -0.21974376202131696 -0.3270555370801671 -0.16288453792297064 0.1502416116890477 0.348848478962144 0.21190584064077544 -0.031547738597213826 -0.09721613826009223 0.12861908984883152 0.3864876836469646 0.5690778680754565 0.40250436649156907 0.04933650976803916 0.0845732120261693 -0.30062801038656994 -0.22454876687469838 -0.4431764877035502 -0.6201608331364301 -1.1903547424043515 -1.2392056250803953 -1.2832515029030578 -1.111072162323559 -1.0750346259231989 -1.07903879663435 -1.0878479721988825 -1.2127780983867977
-2.8665006020922155 -2.1521565472228534 -1.938333831247383 -1.7141002714229197 -1.5755559648170903 -1.5154934041498236 -1.1302921817370846 -0.7338792813331223 -0.7282734423375108 -0.9388928217440604 -0.9180711340460743 -0.5945341405850628 -0.5248615702110331 -0.3558855662004552 -0.4047364488764993 -0.0820002895577181 -0.040356914161745916 -0.22935377172807936 -0.4696040143971474 -0.39672810745419707 -0.13325367466045224 -0.019535226463760047 -0.1764987183408846 -0.5657041114647747 -0.5360732482022563 -0.29982717624433963 0.054942348763650894 0.2575533867478983 0.015701475794369646 -0.14846952336282682 0.013298973367679157 0.1494407775468174 0.48739278556797316 0.4713761027233687 0.3007984304283302 -0.2942213372487279 -0.7947426761426195 -1.00856539211809 -0.8572077392365771 -0.7939418420003892 -0.7931410078581591 -0.841991890534203 -1.0173745676826225
-3.9003774797114383 -2.578200310889334 -2.312323375668899 -2.0944964889822772 -1.951948011665297 -1.903097128989253 -1.585165974523853 -1.2440106299337765 -1.2608281469206113 -1.7469344712543589 -1.807797866063856 -1.3529240732770875 -0.8083568565605335 -0.47681152167721974 -0.3719022490450601 -0.22534960101692825 -0.11723699181584779 -0.15167285993174762 -0.30463218109772106 -0.6209616672786604 -0.3895206001741247 -0.22534960101692825 -0.30703468352441154 -0.8692202513700307 -0.86761858308557 -0.6073474868607465 -0.24296795214599332 0.04613317319911836 -0.15327452821620824 -0.13165200637599206 0.035722329350125204 0.11980991428429899 -0.16608787449189188 0.05093817805249978 0.10539489972415517 0.13262326055998264 -0.2910180006798071 -0.5849241308783002 -0.658600871963481 -0.5849241308783002 -0.49042570209513325 -0.49042570209513325 -0.4143464585832617
-2.9826215527155986 -2.9129489823415686 -2.9882273917112103 -2.743972978330991 -2.3603734242027126 -2.3459584096425683 -2.028828089319399 -1.6596435497512643 -1.7973870222148631 -2.503722735661923 -2.5966194961606295 -2.0840856451332845 -1.4946717164518375 -0.9877437044201041 -0.6113516575718976 -0.28140799097304425 -0.15327452821620824 -0.22534960101692825 -0.48241736067283103 -0.9989553824113273 -0.6385800184077253 -0.11403365524692699 -0.04516191901512734 -0.7338792813331223 -0.9813370312822622 -0.7354809496175827 -0.34066971749808106 -0.014730221610379068 0.07336153403494627 0.5979078971957446 0.649962116440709 0.1494407775468174 -0.7571034714577989 -0.7979460127115405 -0.42475730243225485 -0.08280112369994796 0.05334068047919027 -0.11403365524692699 -0.2717979812662814 -0.23415877658146078 -0.11083031867800619 0.05654401704811152 0.27597257201919323
-2.2890991855442224 -3.0402816109561748 -3.3029552096076893 -3.0643066352230814 -2.648673715405594 -2.697524598081638 -2.4404568384257352 -2.1369406985204793 -2.249057478432711 -2.850483919247611 -3.214062619820134 -2.6807070810948033 -2.0040022309102614 -1.446621667918024 -1.1927572448310422 -0.8027510175649217 -0.5721107846026166 -0.602542482007365 -0.8996519487747792 -1.3809532682551453 -0.9212744706149953 -0.2717979812662814 -0.02193772889045098 -0.5056415507975078 -0.7394851203287338 -0.5280649067799541 -0.09961864068678272 0.3512509813888345 0.6219329214626512 1.1344667724899962 1.2281643671309328 0.7820997499086966 -0.09561446997563161 -0.5168532287887309 -0.30303051281326043 0.06295069018595312 0.3536534838155254 0.36967016666012986 0.23993503561883323 0.22071501620530753 0.33843763511315084 0.6043145703335862 0.9975241341686276
-1.6836685740181712 -2.3147258780955897 -2.729557963770847 -2.785616353726963 -2.848882250963151 -2.8705047728033666 -2.715943783352933 -2.49171022352847 -2.432448497003433 -2.4500668481324976 -3.041082445098405 -3.1235683617481182 -2.6078311741518525 -1.853445412170979 -1.3128823661655762 -1.4426174972068728 -1.3929657803885989 -1.5291075845677373 -1.7845736759391797 -1.8782712705801161 -0.8788302610767933 -0.08119945541548779 0.25194754775228656 -0.25337879599498647 -0.36229223933829724 -0.055572762864120495 0.3784793422246624 0.8133322814556756 1.1352676066322265 1.5476971898807927 1.8047649495366955 1.636589779668348 1.3971403711415107 1.1112425823653198 1.1640976357525146 1.314654454491797 1.4940413023513677 1.4291737368307196 1.1753093137437376 1.0816117191028014 1.116848421360931 1.3562978298877688 1.5613113702987067
-1.1350971865904658 -1.8718645974422743 -2.4460626774213465 -2.8833181190790502 -3.0090490794091957 -3.0378791085294843 -2.9569948601642313 -2.817649719416172 -2.681507915237033 -2.618242018000845 -2.7351638027664587 -3.1796267517042343 -2.965804035728764 -2.7279562954863863 -2.0472472745906938 -1.8486404073175977 -1.8470387390331373 -1.991188884634578 -2.1425465375160906 -2.0488489428751544 -1.002158718980248 -0.15247369407397793 0.14223327026674548 -0.06838610913980414 0.14463577269343642 0.45295691745207334 0.8061247741756032 1.1721059771748168 1.5268755021828073 1.9401059195736043 2.247626230190011 2.508698160557065 2.4830714680056976 2.5455365310996556 2.714512535110233 2.872276861129588 2.9731819630505965 2.8794843684096603 2.567159052939872 2.31489629813735 2.286867103159292 2.197173679229507 2.2372153863410182
-0.8996519487747792 -1.5795601355282416 -2.405220136167605 -2.8480814168209205 -3.0242649281115703 -2.966604869870994 -3.02346409396934 -3.1772242492775433 -3.05789996208524 -3.0570991279430095 -2.769599670882358 -2.960198196733152 -3.369424443412798 -3.286938526763085 -3.1163608544680463 -2.514133579510916 -2.3779917753317776 -2.2082149371789694 -2.293904190397604 -2.1801857422009117 -1.2992681857476622 -0.42555813657448516 0.1726649676714942 0.18707998223163802 0.5202269853994124 0.946270749065893 1.3058452789272645 1.67663148677986 2.0297993435033894 2.435021419471884 2.8250276467380044 3.0933070843851307 3.227046386137578 3.468898297091107 3.6731110033598147 3.9966479968208257 4.146403981417878 4.243304912627735 4.022274689372193 3.778821110134204 3.555388384451971 3.401628229143768 3.2470672396933336
-0.9028552853437002 -1.474650862896082 -2.2754850051263085 -2.991430728280131 -3.2132617856779038 -3.041082445098405 -3.140385878734953 -3.274926014629631 -3.2893410291897753 -3.291743531616466 -3.2092576149667527 -3.2044526101133712 -3.614479690935247 -4.199088614763313 -4.034917615606116 -3.309361882745531 -2.769599670882358 -2.5998228327295503 -2.454871852985879 -2.409224306878756 -1.5867676428083137 -0.538475750628947 0.07416236817717614 0.4625669271588362 0.8029214376066824 1.2449818841177676 1.731088208451515 2.1154885967220234 2.575167394362174 2.9771861337617476 3.367192361027868 3.6242601206837706 3.742783573733844 3.990241323682984 4.304168307437234 4.630908637467165 4.9616531382082485 5.124222469080985 4.978470655195084 4.9608523040660195 4.737419578383786 4.628506135040475 4.427496765340688
-1.1254871768837031 -1.5042817261586003 -1.9535496799497574 -2.6710970713880404 -3.6152805250774778 -3.8731491188756104 -4.020502601045973 -3.3157685558833725 -3.3301835704435168 -3.2589093317850266 -3.349403589857042 -3.411868652951 -4.350446267644825 -4.939860196326272 -4.706817460937277 -3.9412200209651798 -3.3894452969685536 -2.8921272946435828 -2.698325432223868 -2.545366111057895 -1.8486404073175977 -0.7963443444270799 -0.055572762864120495 0.3864876836469646 0.7628797304951713 1.3250652983407902 1.8135741251012285 2.3253071419863436 2.8842893732630412 3.293515619942687 3.7507919151561464 4.008660508954279 4.195254864093922 4.379446716806875 4.702983710267885 5.004898181888681 5.3388460191986855 5.545461227894085 5.555872071743078 5.548664564463005 5.603121286134661 5.543859559609624 5.453365301537609
-1.238404790938165 -1.4177916387977358 -1.7573453151033518 -2.0024005626258012 -2.9441815138885477 -4.420118838018855 -5.025549449544906 -4.0301126107527345 -3.3213743948789842 -3.1860334248420763 -2.98742655756898 -3.232481805091429 -4.198287780621082 -5.1801104389953405 -5.051976976238504 -4.33282791651576 -3.9500291965297123 -3.4511095259202813 -3.0354766061027934 -2.644669544694443 -2.0007988943413406 -1.2327989519425535 -0.5296665750644145 -0.04115774830397623 0.4737786051500592 1.063192533831506 1.600552243267988 2.116289430864254 2.7657659202129676 3.3087314686450617 3.7820244467031254 4.260923263756801 4.523596862408315 4.671751178720907 4.904793914109902 5.205106717446238 5.442954457688614 5.659980510233007 5.748873100020562 5.856985709221643 5.913844933319989 6.0171525376676875 6.05639341063697
-0.9661211825798881 -1.241608127507086 -1.3080773613121948 -1.4682441897582401 -1.7397269639742867 -3.001841572129124 -3.9260041722628056 -3.5896538325261105 -2.977015713719987 -3.0042440745558148 -2.6967237639394077 -2.9305673334706337 -3.847522426324243 -4.866183455241091 -4.692402446377132 -4.235126151163673 -3.938817518538489 -3.814688226492804 -3.5335954425699945 -3.0394807768139445 -2.207414103036739 -1.489065877456226 -0.8195685345517565 -0.3022296786710301 0.2247191869164591 0.6531654530096302 1.1945293331572633 1.654208130797413 2.3068879567150478 3.0012111580286542 3.6434801400972963 4.146403981417878 4.559634398808676 4.767050441646305 4.958449801639327 5.161861673765806 5.373281887314585 5.545461227894085 5.696818880775597 5.833761519096965 5.997932518254162 6.154896010131287 6.1965393855272595
-0.507243219081968 -0.573712452887077 -0.8556060709521167 -0.9933495434157158 -1.0870471380566522 -1.3769490975439942 -1.8694620950155836 -1.903097128989253 -1.994392221203499 -2.184990747054293 -2.747176314899912 -3.803476548501581 -4.3896871406141065 -4.250341999866047 -3.6200855299308587 -3.4663253746226554 -3.359814433706035 -3.334187741154668 -3.2380876440870408 -2.9209573237638713 -2.0696706305731403 -1.2400064592226254 -0.4856206972417523 0.16465662624919197 0.5626711949376144 0.7909089254732291 0.9767024464706417 1.3194594593451785 1.752710730291731 2.418203902485049 3.0772904015405262 3.645081808381757 4.1880473568138505 4.5788544182222015 4.7950796366243615 4.988080664901846 5.202704215019548 5.414124428568327 5.591909608143437 5.7344580854604175 5.901031587044304 6.118858473730926 6.216560239083014
