static/data/seaWind_uo/2023/7/19/6.asc
ncols 137
nrows 93
xllcorner 108.0
yllcorner 17.0
cellsize 0.25
NODATA_value -32767
[rows 57 to 75 of 93, columns 0 to 41 of 137]
-2.9481856845996988 -2.0560564501552263 -1.9583546848031386 -1.9143088069804763 -1.7132994372806893 -1.2119772642445676 -0.33346221021800915 -0.7098542570662154 -0.9541086704464345 -0.4439773218457801 0.3504501472466046 0.22071501620530753 -0.658600871963481 -1.210375595960107 -0.6265675062742719 -0.33986888335585075 -0.7763234908713244 -1.5154934041498236 -1.6163985060708321 -1.5331117552788884 -1.1767405619864375 -0.9693245191488089 -1.0269845773893853 -0.9541086704464345 -0.47280735096606863 -0.3743047514717506 -0.3486780589203833 -0.5152515605042705 -0.6289700087009626 -0.48241736067283103 0.026913153785593114 0.24714254289890514 0.07496320231940645 -0.09881780654455286 0.42813105904293636 1.353094493318848 0.5722812046443773 -0.7875351688625476 -0.39832977573865724 0.055743182905881206 0.38808935193142524 0.6267379263160326
-3.391046965253014 -2.3387509023624964 -1.6740585643114083 -1.5050825603008304 -1.131893850021545 -0.5649032773225444 0.0004856270919955108 -1.344915731854785 -1.4129866339443544 -0.0011160411924651115 1.0199474901510737 0.3448443082509929 -0.8596102416632678 -0.841991890534203 0.15424578240019882 0.34324263996653226 -0.5184548970731913 -1.5146925700075933 -1.4105841315176637 -1.3489199025659364 -1.0902504746255732 -0.9348886510329091 -0.9212744706149953 -0.7843318322936266 -0.4199522975788734 -0.5296665750644145 -0.5216582336421123 -0.6337750135543441 -0.7843318322936266 -0.7514976324621874 -0.30783551766664186 -0.45759150226369405 -0.5440815896245585 -0.33266137607577884 0.28478174758372576 0.8325523008692008 0.19668999193840087 -0.7402859544709641 -0.33826721507139057 0.07896737303055756 0.17827080666710593 0.2967942597171791
-3.9260041722628056 -3.005845742840275 -2.207414103036739 -1.5507301064079533 -1.135898020732696 -0.28461132754196505 0.09898822658631312 -1.4426174972068728 -2.008807235763643 -0.6946384083638413 0.20389749921847278 -0.39512643916973644 -1.2544214737827695 -0.4407739852768593 0.4737786051500592 0.31120927427732337 -0.6289700087009626 -1.2672348200584531 -0.8291785442585193 -1.001357884838018 -1.6756602325958687 -1.4914683798829167 -1.0558146065096734 -0.6826258962303877 -0.4135456244410318 -0.5745132870293073 -0.6209616672786604 -0.6497916963989485 -0.7723193201601732 -0.7939418420003892 -0.6497916963989485 -0.9100627926237721 -0.8764277586501026 -0.591330804016142 -0.009124382614767335 0.31441261084624417 -0.15167285993174762 -0.4784131899616799 -0.2285529375858495 0.07416236817717614 0.20389749921847278 0.36806849837566924
-4.050934298450721 -3.427084501653374 -2.95218985531085 -2.2963066928242943 -1.6115935012174507 -0.7522984666044175 -0.39192310260081564 -1.276844829765216 -2.048048108732924 -2.1841899129120628 -1.344114897712555 -0.9933495434157158 -1.3945674486730593 -0.5480857603357097 -0.40233394644980836 -0.5608991066113933 -0.9012536170592396 -1.1927572448310422 -0.27099714712405154 -0.48401902895729165 -1.2199856056668699 -1.7589469833878124 -1.3489199025659364 -0.8540044026676563 -0.5641024431803143 -0.5568949359002422 -0.5841232967360699 -0.6281691745587323 -0.828377710116289 -0.8580085733788074 -1.0149720652559318 -1.1366988548749262 -1.0870471380566522 -0.7090534229239853 -0.14126201608275446 -0.0035185436191556008 -0.45438816569477325 -0.6201608331364301 -0.16849037691858237 0.12221241671098992 -0.03234857273944369 -0.004319377761385912
-3.9444233575341006 -3.755426499967767 -3.3686236092705677 -2.938575674892936 -2.252260815001632 -1.5403192625589606 -1.1046654891857173 -1.2728406590540648 -2.213019942032351 -2.3499625803537194 -2.0776789719954425 -1.5547342771191044 -1.5050825603008304 -0.7827301640091662 -0.7939418420003892 -1.2928615126098204 -1.634817691342127 -1.3921649462463686 -0.5224590677843426 -0.5216582336421123 -0.7322776130486619 -1.2728406590540648 -1.3417123952858643 -0.9012536170592396 -0.6698125499547043 -0.5833224625938398 -0.566504945607005 -0.629770842843193 -0.8299793784007494 -1.1983630838266537 -1.461036682478168 -1.2904590101831297 -0.9172702999038442 -0.5392765847711773 -0.37350391732952026 -0.25337879599498647 -0.6449866915455671 -0.6097499892874372 -0.13565617708714317 -0.12604616738038033 -0.28140799097304425 -0.2597854691328281
-3.7962690412215085 -3.726596470847479 -3.493553735458483 -3.0570991279430095 -2.6646903982501984 -2.0528531135863055 -1.4514266727714054 -0.8323818808274401 -1.8670595925888929 -2.570191969467032 -2.3595725900604823 -1.839030397610835 -1.8238145489084605 -1.1799438985553585 -1.0702296210698174 -1.5659459551103279 -1.7397269639742867 -1.588369311092774 -1.2792473321919067 -1.096657147763415 -1.0422004260917594 -0.9637186801531974 -1.0381962553806083 -0.8716227537967214 -0.7627093104534104 -0.7627093104534104 -0.48161652653060116 -0.5440815896245585 -0.9853412019934134 -1.4922692140251468 -1.8029928612104746 -1.2960648491787414 -0.8596102416632678 -0.5440815896245585 -0.40633811716095947 -0.4631973412593058 -0.7539001348888781 -0.5040398825130472 -0.21974376202131696 -0.23976461557707252 -0.25097629356829554 -0.1468678550783662
-3.457516199058123 -3.397453638390856 -3.1684150737130112 -2.875309777656748 -2.531751930639981 -2.1097123376846514 -1.3457165659970154 -0.5961358088695234 -1.421795809508887 -2.1529573813650837 -2.1801857422009117 -1.7981878563570934 -2.1585632203606955 -2.100903162120119 -1.8654579243044325 -1.8198103781973094 -1.8334245586152234 -1.6324151889154366 -1.5547342771191044 -1.588369311092774 -1.4033766242375918 -1.2255914446624814 -1.1455080304394587 -1.0494079333718316 -1.0638229479319756 -0.9669220167221182 -0.6449866915455671 -0.6361775159810346 -1.0838438014877314 -1.5186967407187444 -1.7245111152719126 -1.344915731854785 -0.9436978265974416 -0.6265675062742719 -0.6682108816702437 -0.8227718711206775 -0.9428969924552115 -0.4055372830187296 -0.2725988154085117 -0.30863635180887217 -0.30783551766664186 0.007693134372067423
-3.2132617856779038 -3.2853368584786242 -3.182830088273155 -2.8897247922168923 -2.504523569804153 -2.0704714647153706 -1.4514266727714054 -1.1975622496844236 -1.7837728417969494 -2.0184172454704057 -1.9975955577724198 -1.995193055345729 -2.4028176337409146 -2.70473210536171 -2.878513114225669 -2.7768071781624304 -2.4580751895548003 -1.9639605237987503 -1.7373244615475962 -1.6572410473245736 -1.5347134235633488 -1.4906675457406864 -1.4618375166203983 -1.3489199025659364 -1.3256957124412598 -1.181545566839819 -0.909261958481542 -0.8275768759740587 -0.8459960612453541 -0.9845403678511833 -1.2656331517739927 -1.3905632779619082 -1.0109678945447806 -0.9396936558862905 -1.0878479721988825 -1.203168088680035 -1.160723879141833 -0.736281783759813 -0.30783551766664186 -0.26699297641290043 -0.24376878628822363 0.009294802656528045
-3.48394372575172 -3.761833173105609 -3.592056334952801 -3.223672629526897 -2.81204388042056 -2.464481862692642 -2.298709195250985 -2.5157352477953765 -2.697524598081638 -2.5101294087997648 -2.326738390229043 -2.5725944718937224 -3.0875308253477582 -3.125170030032579 -3.001841572129124 -2.9818207185733683 -2.9858248892845194 -2.8656997679499856 -2.699126266366098 -2.276285839268539 -2.097699825551198 -2.1233265181025653 -2.044043938021773 -1.6964819202938546 -1.5194975748609747 -1.5907718135194648 -1.2832515029030578 -0.9428969924552115 -0.7122567594929061 -0.7010450815016831 -1.1030638209012567 -1.4594350141937076 -1.206371425248956 -1.3361065562902528 -1.7509386419655102 -1.924719650829469 -1.4882650433139957 -1.3633349171260805 -0.7074517546395249 -0.23335794243923091 -0.02434023131714147 0.04533233905688805
-3.5592221351213613 -3.2092576149667527 -2.8480814168209205 -2.7207487882063144 -2.7055329395039402 -2.8480814168209205 -2.899334801923655 -2.9746132112932964 -2.8945297970702737 -2.7704005050245883 -2.7904213585803443 -3.069912474218693 -3.468727877049346 -3.606471349512945 -3.20044843940222 -2.8897247922168923 -2.8576914265276834 -2.9369740066084757 -2.920156489621641 -2.6783045786681123 -2.744773812473221 -2.8905256263591226 -2.8384714071141577 -2.390004287465231 -1.6748593984536386 -1.1230846744570124 -0.8740252562234119 -0.8339835491119005 -0.838788553965282 -0.9212744706149953 -1.0806404649188104 -1.344915731854785 -1.4033766242375918 -1.7397269639742867 -2.426041823865591 -2.8400730753986183 -2.8697039386611367 -2.4764943748260952 -1.5795601355282416 -0.7010450815016831 -0.3126405225200233 -0.31824636151563457
-3.933211679542877 -3.6873555978781978 -3.0322732695338726 -2.7327613003397677 -2.608632008294083 -2.7479771490421423 -2.875309777656748 -2.4885068869595486 -2.464481862692642 -2.697524598081638 -2.8624964313810644 -2.927363996901713 -3.1243691958903486 -3.578442154534887 -3.5263879352899226 -3.1844317565576157 -2.9057414750614967 -2.852886421674302 -2.9193556554794107 -2.973812377151066 -3.1459917177305647 -3.281332687767473 -3.1235683617481182 -2.4412576725679656 -1.839030397610835 -0.9533078363042045 -0.6057458185762861 -0.6001399795806746 -0.9541086704464345 -1.3176873710189574 -1.3000690198898925 -1.393766614530829 -1.6107926670752204 -2.1729782349208393 -2.875309777656748 -3.5239854328632316 -3.7746465193812924 -3.1572033957217878 -2.3427550730736475 -1.4514266727714054 -0.8916436073524769 -0.8580085733788074
-3.6264922030687003 -3.712181456287335 -3.2484984879360335 -2.9321690017550943 -2.800832202429337 -2.7671971684556675 -2.8344672364030066 -2.3908051216074613 -2.1545590496495444 -2.2850950148330713 -2.2042107664678183 -2.2538624832860923 -2.7359646369086885 -3.402258643244237 -3.3758311165506396 -3.2549051610738755 -3.02346409396934 -2.9569948601642313 -2.9970365672757424 -3.182830088273155 -3.55521796441021 -3.6393055493443844 -3.0995433374812116 -2.3291408926557335 -1.8622545877355114 -1.5539334429768743 -1.2456122982182372 -1.3216915417301085 -1.6772619008803291 -1.9759730359322036 -2.0640647915775285 -2.1978040933299763 -2.333945897509115 -2.8745089435145177 -3.3510052581415026 -3.8283024069107174 -4.077361825144318 -3.632098042064312 -3.012252415978117 -2.4204359848699792 -1.8774704364378858 -1.5795601355282416
-3.144390049446104 -3.421478662657763 -3.1900375955532274 -2.9153514847682596 -2.7848155195847326 -2.804836373140488 -2.81204388042056 -2.524544423359909 -2.354767585207101 -2.0120105723325636 -1.790179514934791 -1.743731134685438 -2.3595725900604823 -2.9882273917112103 -3.044285781667326 -2.8072388755671787 -2.9930323965645913 -2.924160660332792 -2.965804035728764 -3.242091814798192 -3.640907217628845 -3.4855453940361807 -3.12917420074373 -2.723952124775235 -2.297908361108755 -2.3099208732422083 -2.5157352477953765 -3.0146549184048075 -3.255705995216106 -3.249299322078264 -3.1588050640062484 -3.2436934830826525 -3.3213743948789842 -3.55201462784129 -3.877954123728992 -4.059743474015253 -4.303197053253243 -4.031714279037195 -3.7562273341099974 -3.282133521909703 -2.9882273917112103 -2.5846069840271757
-2.7391679734776098 -3.052294123089628 -2.9481856845996988 -2.7303587979130772 -2.6534787202589754 -2.6606862275390473 -2.6606862275390473 -2.733562134481998 -2.4941127259551603 -2.1297331912404074 -1.976773870074434 -1.803793695352705 -2.0216205820393265 -2.5381586037778225 -2.620644520427536 -2.4308468287189724 -2.8624964313810644 -2.940978177319627 -2.9473848504574685 -3.147593386015025 -3.3774327848351002 -3.286137692620854 -3.1299750348859603 -3.0394807768139445 -2.74076964176207 -2.973812377151066 -3.649716393193377 -4.228719478025831 -4.375272126053963 -4.278371194844105 -3.9131908259871215 -3.833908245906329 -3.7922648705103574 -3.7882606997992063 -4.055739303304102 -4.230321146310292 -4.468969720694899 -4.376873794338423 -4.468969720694899 -4.249541165723817 -3.964444211089856 -3.346200253288121
-2.4156309800165983 -2.4380543359990443 -2.376390107047317 -2.56378529632919 -2.478096043110556 -2.4732910382571744 -2.840873909540848 -2.9145506506260292 -2.5830053157427155 -2.2154224444590414 -2.3195308829489707 -2.2474558101482507 -2.3563692534915615 -2.443660174994656 -2.5237435892176787 -2.4180334824432888 -2.9129489823415686 -3.125170030032579 -3.001841572129124 -3.1988467711177595 -3.7193889635674067 -3.62408970064201 -3.4414995162135185 -3.249299322078264 -3.033074103676103 -3.5480104571301387 -4.22471530731468 -4.416915501449934 -4.534638120357778 -4.545048964206771 -4.149436897945039 -4.04693012773957 -3.9220000015516545 -3.9179958308405034 -4.078963493428779 -4.304798721537702 -4.539443125211159 -4.82534091398735 -4.958279381597567 -5.213745472969009 -4.999121922851309 -3.793866538794818
-1.673257730169178 -1.475451697038312 -1.6956810861516245 -2.4180334824432888 -2.345157575500338 -2.6190428521430755 -3.075518313214305 -3.238888478229271 -2.836068904687467 -2.2923025221131432 -2.478896877252786 -2.737566305193149 -2.906542309203727 -2.927363996901713 -2.998638235560203 -2.95299068945308 -3.3918477993952445 -3.6088738519396357 -3.4911512330317924 -4.0389217863172675 -4.621929041860872 -4.634742388136556 -4.40330132103202 -3.8635391091688476 -3.933211679542877 -4.359255443209358 -4.558663144624685 -4.617124037007491 -4.639547392989938 -4.589094842029433 -4.298392048399861 -4.125411873678132 -4.002083415774677 -3.938016684396259 -4.036519283890577 -4.36486128220497 -4.669979090394686 -5.10803536619462 -5.669420099898009 -5.972135405661034 -5.626175056217576 -4.150237732087269
-1.2335997860847836 -1.5210992431454349 -1.9199146459760879 -2.6438687105522125 -2.373987604620626 -2.7415704759043003 -3.2396893123715014 -3.4390970137868275 -3.0987425033389813 -2.631055364276529 -2.6542795544012057 -3.05789996208524 -3.1948426004066084 -3.4983587403118643 -3.672940583318054 -3.9980792450635256 -4.518621437513174 -4.685194939097061 -5.325061418739011 -5.964127064238732 -5.848006113615349 -5.28902388233865 -4.878195967374545 -4.581086500607131 -4.632339885709865 -4.677186597674758 -4.797311719009292 -4.873390962521164 -4.89741598678807 -4.61392070043857 -4.47377472554828 -4.215906131750147 -4.0253076058993535 -3.9620417086631656 -4.01089259133921 -4.352848770071516 -4.716427470644039 -5.28902388233865 -6.017782951768157 -6.566354339195863 -6.237211506739239 -4.61392070043857
-1.8742670998689648 -2.796828031718186 -3.4623212039115043 -4.072556820290937 -3.637703881059924 -3.359013599563805 -3.712982290429565 -3.9436225233918707 -3.6465130566244564 -3.221270127100206 -2.9962357331335125 -3.5656288082592034 -4.299993716684321 -5.345883106436997 -6.262838199290607 -6.579167685471546 -6.7753720503179515 -6.630421070574281 -6.711305318939534 -6.640031080281043 -6.143513912098303 -5.452394047353618 -5.264998858071744 -5.288223048196421 -5.194525453555484 -5.043968634816202 -4.902220991641451 -4.837353426120803 -4.858975947961019 -4.712423299932888 -4.569874822615907 -4.233524482879212 -3.9980792450635256 -3.9211991674094238 -3.97805839150777 -4.2415328243015145 -4.6859957732392905 -5.221753814391311 -5.968131234949883 -6.572761012333704 -6.507092612670826 -5.396335657397501
-2.478896877252786 -3.0570991279430095 -3.6288947054953913 -4.284777867981947 -4.090976005562232 -3.6288947054953913 -3.4559145307736623 -3.5448071205612175 -3.745015656118774 -3.974054220796619 -3.8867632992935244 -4.780494202022457 -5.255388848364982 -6.02739296147492 -6.691284465383777 -6.864264640105507 -7.051659829387379 -6.992398102862342 -6.833032108558529 -6.527914300368812 -6.145115580382763 -5.879238645162328 -5.704656802156139 -5.67342427060916 -5.438779866935704 -5.167297092719656 -4.8749926308056235 -4.737249158342025 -4.746058333906557 -4.677987431816988 -4.442542194001302 -4.187876936772089 -3.9588383720942444 -3.875551621302301 -3.970050050085468 -4.091776839704462 -4.530633949646626 -4.949470206033035 -5.446788208358006 -5.995359595785711 -6.330108267237946 -5.936097869260674
