static/data/seaWater_uo/2023/7/15/0.asc
ncols 137
nrows 93
xllcorner 108.0
yllcorner 17.0
cellsize 0.25
NODATA_value -32767
[rows 0 to 25 of 93, columns 58 to 115 of 137]
-32767.0 -32767.0 -32767.0 -32767.0 -32767.0 -32767.0 -32767.0 -32767.0 -32767.0 -32767.0 -32767.0 -32767.0 -32767.0 -32767.0 -32767.0 -32767.0 -32767.0 -32767.0 -32767.0 -32767.0 -32767.0 -32767.0 -0.02073607 -0.08791602 -0.17865546 -0.036628306 0.11319205 0.16645214 0.17823885 0.05578681 -0.08872846 -0.07633339 -0.033456188 -0.031991556 -0.004566666 0.09128474 0.094613984 0.09671182 0.26716366 0.24077411 0.20046838 0.113932334 0.0903283 0.20720465 0.1084016 0.07675944 0.27122062 0.28375483 0.10514119 0.08129951 0.020303346 0.16237664 0.2006268 0.31952727 0.43302083 0.5009859 0.5122508 0.64786994
-32767.0 -32767.0 -32767.0 -0.05176101 -0.09056716 0.025375027 0.03485601 -0.030833345 -0.026766203 -0.02486249 -32767.0 -32767.0 -32767.0 -32767.0 -32767.0 -32767.0 -32767.0 -32767.0 -32767.0 -32767.0 -32767.0 -0.04044703 -0.048658393 -0.13249743 0.070117585 0.2900444 0.29953682 0.13579804 0.04191561 0.084566794 0.10013517 0.09166526 0.07952913 0.15790711 0.092413954 0.11125285 0.027783178 -0.008106187 0.057707597 -0.06650391 -0.075558275 0.14999309 0.27596802 0.22111109 0.0004792494 -0.104371525 -0.18477349 -0.15903418 -0.102297425 0.11617852 0.42649212 0.5291747 0.5149913 0.4699549 0.51949084 0.43972135 0.40364313 0.4423308
-32767.0 -0.012529167 -32767.0 0.053878725 -0.041260924 -0.06613818 -0.1060933 -0.14897713 -0.10361926 -0.09006924 -0.03183112 0.03806427 -32767.0 -32767.0 -32767.0 -32767.0 -32767.0 -32767.0 -32767.0 -32767.0 -32767.0 -0.025718927 -0.06415261 -0.06307244 0.2005141 0.56761557 0.42288738 0.38479698 0.4826867 0.5879148 0.66698366 0.6710685 0.5656401 0.33343273 0.084621355 0.07988771 0.016672786 0.009521385 0.053074513 0.096224815 0.12969929 0.27739942 0.28340438 0.23101126 0.114944145 0.09626761 -0.047230996 0.08704651 0.1344726 0.08941458 0.05070703 0.14730246 0.20797914 0.20152295 0.052140325 0.094568826 0.24129947 0.011054629
0.022778139 -32767.0 -0.12771544 -0.11415928 -0.16412657 -0.18788879 -0.14656974 -0.081521 -0.094689496 -0.10041395 0.02992571 0.048516043 -32767.0 -32767.0 -32767.0 -32767.0 -32767.0 -32767.0 -32767.0 -32767.0 0.05863164 0.21888347 0.2593358 0.2053561 0.34061947 0.30010653 0.09319714 0.18229331 0.2530567 0.40713027 0.523559 0.48095992 0.3164118 0.29565406 0.37118858 0.19214614 0.22418074 0.23653932 0.2783078 0.3341946 0.39301643 0.3825899 0.30812654 0.25836155 0.19356328 0.20393428 0.13246751 0.031202765 -0.11043753 -0.35311314 -0.30284676 -0.11084836 0.15142387 -0.038636334 -0.14443551 0.09289575 0.22198829 0.18166009
-0.035876 -32767.0 0.031079402 -0.037335534 0.03013839 -0.010179765 -0.02934646 -0.08018356 0.0053135576 0.012688404 0.00088048633 -32767.0 -32767.0 -32767.0 -32767.0 -32767.0 -32767.0 -32767.0 -32767.0 -32767.0 -32767.0 -32767.0 0.38492852 0.1899515 0.33953086 0.35934246 0.32457098 0.118739046 0.13659965 0.18701063 0.24681573 0.29158083 0.44244018 0.5053727 0.399892 0.6770488 0.5529191 0.517945 0.6486355 0.5955375 0.40568352 0.31488007 0.12975293 0.0050014188 0.0045599183 0.062632136 0.08997259 -0.039790682 -0.2373153 -0.12827097 -0.06440073 0.02295476 0.19697832 0.13156903 0.063605614 0.197133 0.38413933 0.37004787
-0.052383848 0.032948054 0.12641229 0.14352801 0.19231826 0.18126078 0.014441739 -0.048585095 -0.06324708 0.093761116 0.05450872 -32767.0 -32767.0 -32767.0 -32767.0 -32767.0 -32767.0 -32767.0 -32767.0 -32767.0 -32767.0 -32767.0 -32767.0 0.22838652 0.2640408 0.34901464 0.15035972 0.17835093 0.0452307 0.047978453 0.11647629 0.17513612 0.27120605 0.3405036 0.45377538 0.41444144 0.478164 0.43115494 0.40020952 0.30086198 0.2842298 0.048844833 -0.11596087 -0.25648832 -0.303307 -0.19682008 -0.027487138 0.022589324 0.05562549 0.27601132 0.4352691 0.48478562 0.30202556 0.41323406 0.2823345 0.18990499 0.2672229 0.3659698
0.036008067 0.096845016 0.2138821 0.21800983 0.2620883 0.2727597 0.2478808 0.08373149 0.05506313 0.0773213 0.0078036096 -32767.0 -32767.0 -32767.0 -32767.0 -32767.0 -32767.0 -32767.0 -32767.0 -32767.0 -32767.0 -32767.0 -32767.0 -32767.0 0.12654094 0.18452314 0.19064742 0.087244585 0.042746153 0.06701835 0.11529386 0.20363666 0.16039418 -0.027758189 -0.092035174 0.09539758 0.14187242 0.13401856 0.1822989 0.2659749 0.17387474 -0.002940992 -0.2835704 -0.45949233 -0.41893697 -0.113146566 0.1393427 0.39252192 0.58967173 0.6419455 0.5180973 0.3263544 0.15663095 0.17726693 0.055724055 0.18815978 0.2541827 0.28435895
0.15731388 0.2075613 0.21261597 0.25120297 0.32915393 0.3151595 0.2903656 0.21853812 0.25717258 0.059333336 -32767.0 -32767.0 -32767.0 -32767.0 -32767.0 -32767.0 -32767.0 -32767.0 -32767.0 -32767.0 -32767.0 -32767.0 -32767.0 -32767.0 -32767.0 0.1908293 0.26786765 0.27868938 0.24844034 0.11478593 0.10261317 0.11492023 0.01925601 -0.1809666 -0.25571242 -0.12079956 -0.05454617 0.04529051 0.1822296 0.30336612 0.23013322 0.048283435 0.012913515 0.15074195 0.14448828 0.2096295 0.37132707 0.4333082 0.4169478 0.26483303 0.18925288 0.002227584 -0.27074802 -0.20607692 -0.05420906 0.47441137 0.797521 0.66764694
0.30051163 0.25668305 0.24113826 0.2784179 0.27807978 0.31048113 0.27640507 0.089618556 0.12376287 -32767.0 0.0021605236 -32767.0 -32767.0 -32767.0 -32767.0 -32767.0 -32767.0 -32767.0 -32767.0 -32767.0 -32767.0 -32767.0 -32767.0 -32767.0 -32767.0 0.16904217 0.31468958 0.33472082 0.40251294 0.15881075 0.2012097 0.16160956 0.13518575 0.016889352 -0.028426427 -0.02310432 -0.022786474 0.043824613 -0.046936072 -0.06867753 0.051522393 0.21338354 0.4292998 0.67390525 0.6753042 0.5789329 0.4921341 0.3893744 0.3141279 0.16482657 0.070048526 -0.042458672 0.13323157 0.17533366 0.18454233 0.35401672 0.44529542 0.34763607
0.41493982 0.3624352 0.30767018 0.20876838 0.16956012 0.14862625 0.12571645 0.20580229 0.15102634 -0.13160455 -0.13728306 -0.0517399 -0.099958085 -0.09336715 -0.057761993 -0.064613804 -32767.0 -32767.0 -32767.0 -32767.0 -32767.0 -32767.0 -32767.0 -32767.0 -32767.0 -32767.0 0.25342566 0.1341904 0.10772305 -0.029833201 0.20393944 0.21746835 0.2547978 0.33987173 0.32004824 0.16595149 0.06851633 -0.03483486 -0.27095503 -0.3792499 -0.27952954 0.015749821 0.38298416 0.5686075 0.5460193 0.41164994 0.29116425 0.2245784 0.16351527 0.1599497 0.18187396 0.22612223 0.24884333 0.34355968 0.47354916 0.46120527 0.36236557 0.40280345
0.5370511 0.42800868 0.08603606 0.10528384 0.07161696 0.057897873 -0.0018227552 0.033418406 0.09611426 0.030786037 -0.004779522 0.043309335 0.021187961 -0.012908991 -0.050777934 -0.034956384 -32767.0 -32767.0 -32767.0 -32767.0 -32767.0 -32767.0 -32767.0 -32767.0 -32767.0 -32767.0 -32767.0 0.071484506 -0.035213448 -0.052529242 0.0967157 0.22813092 0.25855622 0.20183192 0.2410303 0.21373159 0.19242634 0.15221955 0.057467498 -0.053497706 -0.0173814 0.15406218 0.18337181 0.1971889 0.23010051 0.08875257 0.02312913 -0.055367313 -0.12018613 -0.078821346 0.07911509 0.18330824 0.28754506 0.24243835 0.18227498 0.050310023 0.105785266 0.55076414
-32767.0 0.028989784 0.35533905 0.2950054 0.17538242 0.13891079 0.08788074 0.05216207 -0.0717782 -0.14887735 -0.082312815 -0.19725259 -0.07737428 -0.0804129 -0.046198547 -0.059193775 -0.03631194 -0.012963788 -32767.0 -32767.0 -32767.0 -32767.0 -32767.0 -32767.0 -32767.0 -32767.0 -32767.0 -32767.0 0.02823111 -0.05558238 0.121563576 0.2741231 0.3023462 0.13225913 0.23347676 0.24191971 0.18154432 0.08074848 0.1367691 0.21438779 0.2785718 0.3103698 0.12575985 0.08385889 0.08034451 0.041849222 -0.08777413 -0.110389225 -0.07582916 -0.02284264 0.036358334 0.05543467 0.0032363608 -0.11702277 -0.20889424 -0.0045066886 0.3557974 -32767.0
-32767.0 0.094012134 0.15771739 0.26288202 0.2204627 0.1758018 0.12788264 0.07624367 -0.012691399 -0.1601618 -0.2127778 -0.14524432 -0.11124301 -0.13841973 -0.07868573 0.039938543 -32767.0 -0.02498141 -32767.0 -32767.0 -32767.0 -32767.0 -32767.0 -32767.0 -32767.0 -32767.0 -32767.0 -32767.0 0.08451144 -0.10021157 0.043344382 0.23821656 0.3285198 0.41302258 0.42885092 0.3267765 0.3579479 0.3428058 0.21801019 0.12876758 0.05541797 -0.009694882 -0.087498255 0.09281358 0.1557807 0.08152547 0.052189104 0.11127254 0.23313677 0.2546224 0.21474993 0.15288047 0.24807122 0.3167666 0.5270294 0.6330388 0.39491454 -32767.0
-0.018966418 0.25305066 0.19069178 0.26021004 0.1621922 0.11890805 0.07405074 0.03594054 -0.058595907 -0.18667044 -0.2296658 -0.13064775 0.0067366026 0.038842145 0.064277425 -32767.0 -32767.0 -32767.0 -32767.0 -32767.0 -32767.0 -32767.0 -32767.0 -32767.0 -32767.0 -32767.0 -32767.0 -32767.0 -0.021641025 -0.01638651 0.026398791 0.17256169 0.26073086 0.3296962 0.3881366 0.40615752 0.31648263 0.34492326 0.29006737 0.17556663 -0.017980745 -0.08156815 -0.10042925 0.035208285 0.19691202 0.2777312 0.27983627 0.2830685 0.26043004 0.24824594 0.2511233 0.28955424 0.23448862 0.33526427 0.52013874 0.5758 0.19552366 0.08119705
0.1549811 0.10860268 0.16629149 0.15301093 0.13430953 0.07713476 0.020665456 -0.049636804 -0.1238183 -0.13819046 -0.14174335 -0.08384757 -0.013620893 -0.08503537 -0.073448576 -0.10481632 -32767.0 -32767.0 -32767.0 -32767.0 -32767.0 -32767.0 -32767.0 -32767.0 -32767.0 -32767.0 -32767.0 -32767.0 0.07993764 0.032398313 0.09038103 0.17440067 0.15327846 0.19823684 0.25426045 0.29633546 0.36323413 0.31664884 0.39568922 0.40868133 0.23519868 0.092330225 0.11794109 0.18654321 0.06598664 0.15732653 0.3076198 0.24154487 0.038823795 -0.064311795 0.1344237 0.27254912 0.25471503 0.102894165 0.3108003 0.17625201 0.012007633 -32767.0
0.07720592 0.107230574 0.11089347 0.10695298 0.121054016 0.13375992 0.050637856 -0.013773163 -0.006954358 0.052991655 0.004378802 0.014177959 0.00031085545 -0.111730024 -0.05555143 -0.13554472 -0.09063515 -32767.0 -32767.0 -32767.0 -32767.0 -32767.0 -32767.0 -32767.0 -32767.0 -32767.0 -32767.0 -32767.0 0.23994638 0.071646936 0.17982922 0.30599782 0.20593916 0.2998492 0.39675716 0.28373086 0.25053412 0.29947641 0.54213744 0.6289492 0.4838662 0.3239737 0.4907816 -32767.0 0.053221114 0.08874197 0.0801121 -0.01190965 -0.07530132 0.033820577 0.08713607 0.16716291 0.3132522 0.390939 0.35549283 -32767.0 -32767.0 -32767.0
0.044918492 0.03423243 0.07672916 0.042024348 0.04626203 0.06874217 0.027358178 -0.016761672 0.001831294 0.061482713 0.08736288 0.09813206 0.0640767 0.013524329 0.009101611 -0.04957798 -0.06310362 -32767.0 -32767.0 -32767.0 -32767.0 -32767.0 -32767.0 -32767.0 -32767.0 -32767.0 -32767.0 -32767.0 -32767.0 0.27605495 0.2908398 0.3354837 0.24150041 0.05519012 0.102876015 0.10177245 0.13511829 0.16404876 0.207638 0.058768936 0.12621555 0.25059438 0.411062 0.104816556 0.22000897 0.2886211 0.3342272 0.22730072 0.2992866 0.4349551 0.4775671 0.6042305 0.77658576 0.7889703 0.47636622 -32767.0 -32767.0 -32767.0
0.039717954 0.06031193 0.036246393 0.046073925 0.08490125 0.11308549 0.049837407 0.013149882 0.02231817 0.07449679 0.11052181 0.08855046 0.06357911 0.06052368 0.033289887 0.036143254 0.011119038 -0.030144287 -32767.0 -32767.0 -32767.0 -32767.0 -32767.0 -32767.0 -32767.0 -32767.0 -32767.0 -32767.0 0.26265615 0.22740574 0.21905081 0.1950554 0.27981204 0.09521835 0.049936514 0.10850422 0.24103408 0.2955258 0.2556852 0.1947572 0.16146661 0.4682989 0.6847369 0.71073896 0.6918341 0.5512304 0.52764755 0.5818566 0.68354434 0.6050243 0.5777304 -32767.0 0.18720718 -0.1309959 0.043137416 -32767.0 -32767.0 -32767.0
0.005102261 0.027918765 0.062068515 0.07840961 0.12290434 0.19481428 0.20788239 0.14115003 0.09459728 0.07232924 0.06389791 0.08018729 0.14564013 0.059373837 0.0778729 0.035506703 0.035443593 -32767.0 -32767.0 -32767.0 -32767.0 -32767.0 -32767.0 -32767.0 -32767.0 -32767.0 -32767.0 -32767.0 0.22495091 0.25555226 0.20258427 0.03219337 0.1523517 0.3245281 0.28288797 0.28530458 0.22985834 0.40852827 0.35122442 0.19643408 0.34560752 0.35899502 -32767.0 -32767.0 0.043111615 0.0882476 -32767.0 -32767.0 -32767.0 -32767.0 -32767.0 -32767.0 -32767.0 -32767.0 -32767.0 -32767.0 -32767.0 -32767.0
0.09481202 0.08767841 0.1529751 0.20371518 0.16098738 0.15050927 0.15160392 0.11337722 0.08190278 0.06343448 0.11697459 0.17508595 0.18084306 0.053084582 0.090348646 0.054904863 -32767.0 -32767.0 -32767.0 -32767.0 -32767.0 -32767.0 -32767.0 -32767.0 -32767.0 -32767.0 -32767.0 0.23274086 0.4746368 0.486142 0.37580973 0.20425977 0.13791943 0.20066832 0.25328195 0.30915362 0.28356874 0.2984807 0.35758534 0.43080187 0.3621506 -32767.0 -32767.0 -32767.0 -32767.0 -32767.0 -32767.0 -32767.0 -32767.0 -32767.0 -32767.0 -32767.0 -32767.0 -32767.0 -32767.0 -32767.0 -32767.0 -32767.0
0.12904175 0.17679985 0.23690934 0.24205405 0.1981502 0.08922447 0.13322258 0.15671052 0.14003155 0.2629474 0.22637013 0.21719515 0.16211294 0.042492885 0.04559462 0.04417967 -32767.0 -32767.0 -32767.0 -32767.0 -32767.0 -32767.0 -32767.0 -32767.0 0.11669414 0.1456217 0.42654175 0.6958166 0.69026995 0.35406202 0.28979653 0.2778017 0.2186608 0.28503838 0.43095964 0.5854212 0.4648603 0.2319004 0.120187044 -32767.0 -32767.0 -32767.0 -32767.0 -32767.0 -32767.0 -32767.0 -32767.0 -32767.0 -32767.0 -32767.0 -32767.0 -32767.0 -32767.0 -32767.0 -32767.0 -32767.0 -32767.0 0.045972705
0.16233833 0.16849284 0.1852106 0.22244109 0.20493346 0.17826465 0.16349812 0.22614989 0.24914163 0.2870995 0.27182397 0.2628142 0.24553342 0.1153639 0.09763807 0.049899895 -32767.0 -32767.0 -32767.0 -32767.0 0.04890643 0.07502566 0.113131456 0.3237106 0.29974723 0.40560102 0.445399 0.5819266 -0.109077275 -0.20245433 -0.056315083 0.2303236 0.35261464 0.41113955 0.42492378 0.11543873 0.064954564 0.06773382 -32767.0 -32767.0 -32767.0 -32767.0 -32767.0 -32767.0 -32767.0 -32767.0 -32767.0 -32767.0 -0.099630944 0.009621257 -32767.0 -32767.0 -32767.0 -32767.0 -32767.0 -32767.0 -32767.0 0.16582392
0.26282087 0.20170088 0.19552949 0.21649356 0.17947426 0.14201076 0.13715005 0.20081463 0.29543534 0.34625366 0.35577586 0.2568427 0.20109868 0.31284466 0.13028508 -32767.0 0.032975297 -32767.0 0.028231053 -32767.0 0.05246379 -32767.0 0.26338565 0.25701475 0.3113876 0.2679239 0.36636516 0.34542325 -0.15556702 0.11769348 0.25035444 0.37829512 0.43509957 0.33226043 0.12989594 -0.14804712 -32767.0 -32767.0 -32767.0 -32767.0 -32767.0 -32767.0 -32767.0 -32767.0 0.00468631 0.046466347 0.086009726 0.012997146 0.083407566 0.118627675 0.06479413 0.014075351 -32767.0 -32767.0 -32767.0 -32767.0 -32767.0 0.10686541
0.40873384 0.39313528 0.2990014 0.27061477 0.24507265 0.24468032 0.22810258 0.30775794 0.3609954 0.28428057 0.29537418 0.2879379 0.28611845 0.2719109 0.3383097 0.39355165 0.683133 0.85290664 0.8625894 0.49468115 0.47483903 0.31389514 0.35911238 0.34957847 0.4253114 0.4145426 0.37212136 -32767.0 0.2611415 0.4549155 0.5220737 0.46192795 0.29782727 0.13463256 -32767.0 -32767.0 -32767.0 -32767.0 -32767.0 -0.023318859 0.048460193 0.11333958 0.2400612 0.13640882 0.14370954 0.18107773 -32767.0 -32767.0 0.22515096 0.12008183 0.18054676 -32767.0 -32767.0 -32767.0 -32767.0 -32767.0 0.2720697 0.5041041
0.45763773 0.54585195 0.42192608 0.36239842 0.37828737 0.3623795 0.29079187 0.33242273 0.41628563 0.36658034 0.16007903 0.04734903 0.15878986 0.2142547 0.29701364 0.42036086 0.6238762 0.7886467 0.7464648 0.7526265 0.68169737 0.54096365 0.51179343 0.43631446 0.44079766 0.46045938 0.43076116 0.48404938 0.5262408 0.4473874 0.2660077 0.11602619 0.1312098 0.077162795 -0.00038242195 -32767.0 0.0057622106 -0.14585166 -32767.0 0.12920944 0.20698647 0.1448924 -32767.0 0.014650611 -0.03939256 -32767.0 -32767.0 -32767.0 -32767.0 0.07338133 0.017428849 -32767.0 -32767.0 -32767.0 -32767.0 0.29228365 0.37129176 0.18781823
0.3276439 0.4554388 0.45484263 0.39850092 0.36632425 0.2464353 0.27235487 0.28400278 0.3422843 0.40768597 0.3024535 0.22194032 0.25343427 0.27256185 0.3428135 0.41229293 0.5118001 0.5767284 0.42319143 0.48179042 0.55732405 0.54314214 0.49705592 0.439913 0.5513205 0.5441528 0.4527699 0.32953978 0.1322492 -32767.0 0.1994193 0.16874264 -32767.0 -32767.0 0.0031858655 -0.014657541 -0.044507276 0.040414132 -0.07061134 -0.03301163 -0.0950353 -32767.0 -32767.0 -32767.0 -32767.0 -32767.0 -32767.0 -32767.0 -32767.0 0.21714176 0.30254304 0.30703056 -32767.0 -32767.0 0.18137038 0.15292008 -0.060460344 -0.16798097
