static/data/seaWater_uo/2023/7/15/12.asc
ncols 137
nrows 93
xllcorner 108.0
yllcorner 17.0
cellsize 0.25
NODATA_value -32767
[rows 26 to 51 of 93, columns 58 to 115 of 137]
0.026134137 -0.14615385 -0.2335951 -0.18920079 -0.047554567 0.019973973 0.0036536236 -0.037471663 -0.08769989 -0.13004588 -0.09998187 -0.004264647 0.09253067 0.14608392 0.112787716 0.19818568 -32767.0 -32767.0 0.005584071 0.10108468 0.31826302 0.3349854 0.35067728 0.37605754 0.25633273 0.23232713 0.25411108 0.18277301 0.1486736 0.0045559737 -0.03534691 -32767.0 -32767.0 -32767.0 -32767.0 -32767.0 -32767.0 0.13233016 0.13900211 0.03271359 -32767.0 -32767.0 -32767.0 -32767.0 -32767.0 0.027965177 -32767.0 0.1314386 0.34207833 0.42982724 0.32261997 -0.006662894 0.09171406 -32767.0 0.12807006 -0.1745603 -0.2858643 -0.27295586
0.070488855 -0.013208917 -0.033330053 -0.1405603 -0.05240985 0.002788095 0.047812738 0.11797113 0.092912585 0.05947733 0.04794121 -0.030587489 0.08691074 0.14304458 0.11760028 -32767.0 -32767.0 -0.09017931 0.16565399 0.26545677 0.20746782 0.12586944 0.14247473 0.075374946 0.036740307 0.10274804 0.100319564 0.093412675 -32767.0 -32767.0 -32767.0 -32767.0 -32767.0 -32767.0 -32767.0 -32767.0 -32767.0 0.08686028 0.22937952 0.040845476 -32767.0 -32767.0 -32767.0 0.052389827 0.13426554 -0.010926667 0.0026569366 0.27495128 0.1868366 0.049497444 0.026069805 -0.12368779 0.23090525 0.15864748 -0.16163722 -0.24898967 -0.23575588 -0.12773128
-0.27299663 -0.1319021 -0.14691846 -0.120163776 -0.10878061 -0.011671898 0.049309004 0.048716497 0.08272527 0.091673724 0.068679884 0.027750283 0.09821899 0.07218097 -0.017896155 0.030068785 0.11642678 0.103763685 0.07392705 0.08375542 0.12231487 0.15810266 0.15291326 0.0069956454 -0.0020060397 0.026408233 -32767.0 0.020023625 -0.04671269 -32767.0 -32767.0 0.03900073 -32767.0 -32767.0 -32767.0 -32767.0 -32767.0 -32767.0 0.25608143 0.19196771 -32767.0 -32767.0 0.0063100816 0.1815598 0.30788097 0.091278315 0.010249986 -0.13536128 -0.10010078 -0.07911001 -0.19584166 -0.074919984 -0.24016982 -0.26039156 -0.17401199 -0.020159459 0.0019417986 0.003233524
-0.023234755 -0.08256327 -0.08902605 -0.060872108 -0.0074543883 -0.00925345 -0.01772627 -0.044223543 -0.011610059 -0.003584244 -0.008338944 -0.056944165 -0.083426416 -0.1678173 -0.21872109 -0.11806558 -0.07154331 -0.047455695 -0.035626482 0.04791805 0.014022099 -0.0007704706 -0.017607477 -0.027487094 0.026874488 -32767.0 -0.02384314 0.07721223 -0.01623487 0.0031550573 0.13490166 -32767.0 -0.028622866 -32767.0 -32767.0 -32767.0 -32767.0 -32767.0 0.21624197 0.5931053 0.5343381 0.32345104 0.022868726 0.19087192 0.18779568 -0.105945796 -0.13643429 -0.06690286 -0.106975384 -0.08821515 -0.17773639 -0.10007701 -0.14562666 -0.14317936 -0.087325566 -0.009072168 0.013444599 -0.013109247
-0.13638534 -0.029219529 -0.07719495 0.058087338 0.058614265 0.03459075 -0.06585084 -0.12839444 -0.1552796 -0.13829194 -0.12206034 -0.10809901 -0.16272953 -0.37557942 -0.35703367 -0.20313875 -0.11157927 -0.0924823 -0.100630455 -0.1629397 -0.13484362 -0.115913756 -0.14248833 -0.024046706 0.12022165 0.3556012 0.29760912 0.32269943 0.22203842 -0.0031745466 -0.08782339 -0.022457905 0.04401503 -32767.0 -32767.0 -32767.0 -32767.0 0.1647241 0.38220513 0.17769106 0.1910129 0.31910646 0.4471517 0.3432884 0.19323142 0.3991157 0.45029372 0.30493146 0.23462637 0.19287412 0.13776785 0.23764211 -0.0046908148 -0.06295001 -0.12402197 -0.17445756 -0.10532375 -0.10089848
-0.14632088 -0.085079245 -0.046158645 -0.04862829 0.024999904 0.011970374 -0.024137028 -0.03642277 -0.047103446 -0.17973278 -0.18427669 -0.15556966 -0.222508 -0.32154274 -0.3281457 -0.19298202 -0.22703585 -0.26693004 -0.2370095 -0.1497724 -0.0038503995 0.043370426 0.09871261 0.11835224 0.21679454 0.31017724 0.24744596 0.22741257 0.16640952 0.14172743 -0.008155971 0.030045738 0.0046729194 -32767.0 -32767.0 -32767.0 -32767.0 0.27919042 -0.013608108 -0.25617754 -0.22325793 -0.040742695 0.24460478 0.5516198 0.72539264 0.70746964 0.6969478 0.7230281 0.7303139 0.6676044 0.62402594 0.45533693 0.32636434 0.22690812 0.07661302 -0.16005063 -0.15883291 -0.07691131
-0.06107423 -0.045231156 -0.04679718 -0.0014045427 0.010323595 0.08807218 0.14512807 0.088290155 0.097607665 0.18193422 0.08359944 0.0914488 -0.019414376 -0.16024812 -0.20858292 -0.20642063 -0.13903867 -0.10624641 -0.050889317 0.11463622 0.23033321 0.21296291 0.16136886 0.052705992 0.022732114 0.09221334 0.1740756 0.18908302 0.004027861 0.0253802 0.07088664 -32767.0 -32767.0 -32767.0 -32767.0 -32767.0 0.09131905 0.11704844 0.17515904 0.30242252 0.54333407 0.87453353 1.082291 1.148969 1.1508746 1.1611025 1.1643131 1.1485605 1.1606958 1.2022204 1.1842022 0.8942815 0.52780104 0.3079689 0.23960882 -0.033837516 -0.13325043 -0.07408819
0.04293682 0.06231981 0.06886801 0.027819637 0.040253833 0.030886935 0.07780707 0.07117891 0.043278225 0.08020681 0.15687492 0.006375954 0.05576926 0.09867943 0.11659416 -0.0048007495 0.05706815 0.13886937 0.14378941 0.15794758 0.19524425 0.18209602 0.044896893 -0.07162798 -0.070861004 -0.055363286 -0.09329002 0.05755251 0.024471605 0.10498513 -0.06467739 -32767.0 -32767.0 -32767.0 -32767.0 -32767.0 0.04355108 0.33173308 0.70270306 0.82910043 0.8029136 0.7955351 0.8352003 0.86748016 0.82816297 0.79805136 0.76347667 0.75884205 0.822119 0.8702342 0.8944454 0.9548259 0.78246987 0.35995117 0.22108535 0.052173626 -0.07713952 -0.020414792
-0.019002654 0.027984867 0.056513257 0.040939465 0.0052825455 -0.0058629084 -0.07864807 -0.03865446 -0.0010378298 -0.051943477 -0.059248306 0.037894145 0.03981091 0.058854718 0.15727068 0.1838673 0.19614023 0.21152243 0.20191734 0.16346054 0.12634952 0.05256413 0.022036726 0.038271084 0.059838675 0.015999468 -0.04027436 -0.11409128 0.039071858 -0.054792367 0.06576613 0.055839345 -32767.0 0.004843599 -32767.0 -32767.0 0.33449924 0.6453173 0.50113183 0.54062873 0.62658376 0.6949979 0.7125265 0.6686432 0.52487224 0.41134575 0.46539685 0.5070028 0.52584994 0.56387854 0.60317194 0.6235317 0.68224216 0.41025305 0.19075027 0.090113826 0.024733216 0.040117946
0.08056842 -0.14756146 -0.15932775 -0.125728 -0.0880566 -0.08266479 0.038772285 0.09539946 -0.0029586237 -0.0031369482 -0.08219223 -0.016962575 -0.03550965 0.0016264032 0.16964622 0.1894382 0.23492011 0.20709203 0.16892754 0.13190152 0.10720531 0.1390011 0.108341396 0.091541946 0.042206187 -0.044990797 -0.017684491 -0.12864733 -0.13057056 0.024976347 0.08500709 0.12709361 0.13231038 0.11649649 -32767.0 0.40419042 0.6724873 0.38191152 0.39504734 0.45535728 0.47129208 0.44450745 0.3914272 0.29700932 0.22551723 0.27926278 0.27920255 0.2555316 0.29334024 0.36968565 0.37969932 0.45522755 0.5244497 0.43834758 0.22162037 0.119397596 0.08967375 0.05645052
0.1806481 0.08145365 -0.07613803 -0.08398746 -0.089004174 -0.023156308 0.03805369 0.05071844 0.025204701 -0.041820336 -0.026547197 0.061968014 0.035985924 0.061782677 0.17203294 0.12440972 0.15265818 0.22215244 0.1900743 0.17268506 0.14550827 0.14190267 0.099398084 0.0917853 0.09911365 0.061500702 -0.033627804 -0.08851803 -0.12042275 0.0066470983 0.117451176 0.20239395 0.29216635 -32767.0 0.9438479 0.6413872 0.1383686 0.25481158 0.26663446 0.36766788 0.3602277 0.30858296 0.24811047 0.0380739 0.16854934 0.20863199 0.07446215 0.27991822 0.21709114 0.18945391 0.27030352 0.30685642 0.41431227 0.49239665 0.2811638 0.17490655 0.12374886 0.047426637
0.12582551 0.22210811 0.27659744 0.28311932 0.096304074 -0.0664729 -0.06936274 0.030210821 0.049273636 0.097299404 0.10179021 0.13731879 0.16812979 0.116019614 0.21115379 0.2292807 0.21439931 0.19586353 0.16801548 0.17003216 0.15571146 0.12907685 0.19637385 0.26919702 0.28974384 0.2520965 0.15494981 0.0111964075 -0.03530444 0.0070910146 0.026130693 0.20381723 0.42854348 0.42343926 0.26929444 0.030870682 0.23277004 0.21526398 0.35241643 0.55450886 0.53496027 0.29626653 0.1698769 0.0853585 0.1936289 0.063809454 0.2771003 0.28341046 0.27308995 0.21544226 0.15121561 0.24247004 0.2903572 0.37410277 0.3115432 0.20455703 0.1436269 0.087992884
-0.010023491 0.00069639826 -0.08040103 0.0055866577 0.07354155 0.028753338 0.04897523 0.029995719 0.10279917 0.11369365 0.12003244 0.1282383 0.16003981 0.19588204 0.20360468 0.2687302 0.31396207 0.2550309 0.1931762 0.14436342 0.12014257 0.22280706 0.30854774 0.40095106 0.4618966 0.48389688 0.4383041 0.29040802 0.21275426 0.15560926 0.07328019 -32767.0 0.21158457 0.18598074 -32767.0 0.18921567 0.28037614 0.3335824 0.46664596 0.56061655 0.5044324 0.28388336 0.16464345 0.03768718 0.03739131 0.10365181 0.17904283 0.2605583 0.27868417 0.19789785 0.18257904 0.22652493 0.23200694 0.26809978 0.28906563 0.2070265 0.13933964 0.21423043
-32767.0 0.28291786 0.16752034 0.21049978 0.08617225 -0.0012602104 -0.13881798 -0.040271804 0.093227424 0.159391 0.16380745 0.08581504 0.075957 0.12654313 0.13556756 0.165024 0.20364602 0.14303577 0.09089431 0.054836743 0.09251598 0.23597959 0.39431483 0.51838726 0.6121725 0.66048706 0.679002 0.5618697 0.48311207 0.45479304 0.31439823 0.058372367 -32767.0 0.13349395 0.26506606 0.3694064 0.32203698 0.3381494 0.37202305 0.2596442 0.21709621 0.15935242 0.1085738 0.03311367 0.009922571 0.020131892 0.014165068 0.14759278 0.2023405 0.17978935 0.1840037 0.22889599 0.24984005 0.24053209 0.28735033 0.32135046 0.24820423 0.43086103
0.17306271 0.15249296 0.11889117 0.059714604 0.023821285 0.015296323 0.07178105 -0.026229553 -0.16728894 -0.15794666 -0.043487348 0.011178511 0.033581384 0.10560347 0.15511672 0.21529727 0.2565029 0.16878398 0.0046373084 -0.020904867 0.083257504 0.20654812 0.36907494 0.5080528 0.6231027 0.6699777 0.7038207 0.68615854 0.59492266 0.5457644 0.46658984 0.5125604 -0.022914365 -0.18872145 0.30730993 0.5329596 0.4762027 0.41620135 0.30990696 0.16387045 0.12815192 0.045491457 0.045127727 0.047298953 -0.01979445 -0.05923113 -0.15754084 -0.055529308 -0.0654751 0.038420774 0.24409296 0.32538047 0.2662346 0.23350756 0.37869012 0.5530705 0.6339141 0.6919096
0.12612844 0.07423579 0.003440797 0.03209388 0.09136492 0.14082219 0.057479654 0.19059587 0.24086848 0.03883229 0.029581908 0.064284086 0.13002805 0.102234975 0.06312163 0.10541092 0.16285288 0.055476367 -0.04709539 -0.04296428 -0.0031792424 0.05554154 0.16072245 0.3683306 0.47602728 0.46481505 0.48282436 0.5116609 0.6317975 0.751562 -0.040777802 0.27857044 0.11334438 0.35831422 0.54857165 0.55141455 0.6009111 0.5504485 0.34664428 0.063602544 -0.031946633 -0.060436826 -0.07363726 -0.026516572 -0.059555456 -0.10945579 -0.20812728 -0.1910143 -0.29502523 -0.26916426 -0.012345271 0.23879956 0.26404673 0.19503602 0.4198847 0.61512566 0.7559625 0.77680516
0.09687378 0.081560075 0.11660466 0.062480908 0.08342844 -0.018615812 0.07561688 0.05501095 0.04107146 0.1425214 0.12201757 0.15800516 0.1569401 0.13585457 0.09360654 0.11263562 0.15273224 -0.0045211175 -0.06719963 -0.035907768 -0.02735084 -0.046298683 0.041966714 0.26803893 0.3616342 0.35632926 0.43692783 0.43633267 0.42362997 0.68236554 0.5099714 0.3343136 0.53845936 0.64458346 0.57987696 0.6080816 0.6411255 0.5116111 0.34492788 0.10453276 -0.026017077 -0.058441866 -0.046672586 -0.024082743 -0.09026499 -0.131973 -0.16061656 -0.23122738 -0.14967111 -0.23984462 -0.3579689 -0.10774988 0.15293215 0.27150485 0.38677648 0.571713 0.6710855 0.6644981
0.07147835 0.03931176 0.02067751 -0.004085798 0.06560396 0.11199713 0.09678782 0.2075786 0.33183295 0.2379056 0.15424477 0.13926189 0.1174768 0.23824088 0.24986553 0.14256981 0.0479256 -0.05511255 0.037073188 0.07587067 0.13690452 0.107841775 0.106508784 0.30128688 0.33013162 0.2993104 0.35248685 0.48406625 0.5503802 0.31246224 0.6881907 0.67335147 0.8048018 0.76659936 0.6987505 0.59401596 0.39920783 0.35326955 0.24586639 0.15107533 0.035817217 0.048589878 0.046469655 0.06495328 0.077718794 -0.03273736 -0.13200143 -0.2533746 -0.16418539 -0.1754901 -0.004725452 -0.26805165 -0.17019263 0.1318891 0.30326918 0.43096736 0.5074223 0.612014
0.16091658 0.08495805 -0.0019072475 0.048671976 -0.095433846 -0.003772859 0.042373806 -0.07148114 -0.027061148 0.0722182 0.22800833 0.23444334 0.22794314 0.16381966 0.25478768 0.267986 0.13115473 0.058330882 0.074858494 0.20284449 0.45103547 0.46475852 0.43830132 0.44844928 0.3090448 0.1821556 0.2272944 0.16371779 0.16844687 0.56317 0.6332701 0.6195445 0.7014481 0.6893351 0.49598798 0.35799122 0.24601299 0.21055718 0.20024289 0.21764795 0.21251553 0.18372609 0.16296054 0.085135885 0.087154165 0.16997696 0.111897096 0.014576014 -0.148412 -0.09193124 -0.118519135 -0.0081265 0.117035925 0.11146213 0.24207029 0.43153167 0.4190909 0.18051934
0.15218377 0.15765806 0.24423055 0.20647697 0.14656354 0.06317947 0.005903423 0.20687681 0.07263163 0.0013268348 -0.011140362 0.07919983 0.087139875 0.2025843 0.18668394 0.18457767 0.20182168 0.20261456 0.35092193 0.622928 0.8828784 0.9706232 0.7881624 0.51224536 0.23946534 0.040939175 0.15319523 0.21597983 0.2224318 0.23538512 0.30169716 0.37877125 0.31112927 0.23071133 0.36520416 0.40912098 0.43957442 0.46885398 0.48515823 0.4805709 0.43404794 0.37957874 0.30401632 0.23593153 0.07639311 0.12783615 0.2583121 0.105511 -0.02987783 -0.1586325 -0.17771037 -0.059732154 -0.0052598068 -0.03239076 -0.04406651 -0.10042198 -0.030038487 -0.1336605
0.28176636 0.3561043 0.35976452 0.33272284 0.47137934 0.44021928 0.08108229 0.017325561 0.04906198 0.036394764 0.11483545 0.14155883 0.23435023 0.21267714 0.19454703 0.27354524 0.3619877 0.516982 0.7428725 1.1179979 1.1531451 0.93073046 0.6037955 0.31068644 0.1250564 -0.08305243 -0.14395022 -0.009396417 0.04831729 0.119736895 0.08837587 0.03015958 0.10475226 0.3176966 0.43780717 0.5448608 0.6011753 0.60807604 0.6001099 0.5548473 0.52423984 0.45838508 0.34741664 0.27790156 0.14348042 0.074557 0.185211 0.12530948 -0.032142144 -0.12980993 0.017729158 0.10031586 0.062109813 0.046420272 0.054708123 0.034485754 -0.2127197 -0.20815936
0.41097915 0.40533975 0.45894212 0.34168833 0.28503776 0.29073617 0.24122515 0.1994578 0.08015621 0.089089245 0.11042837 0.17403142 0.27943662 0.3411837 0.34300596 0.4710916 0.56535864 0.8042014 0.95469266 0.81609094 0.5525265 0.30651277 0.15838833 0.11034323 0.07142099 -0.1536064 -0.049912132 -32767.0 -0.11555974 -0.31067464 -0.079752795 0.09470065 0.31471226 0.4031805 0.45730796 0.48444012 0.45150477 0.42559856 0.4121693 0.351291 0.3185352 0.31205195 0.2635828 0.21443596 0.117709 0.035413776 0.07730083 -0.03236229 -0.18596444 -0.08225655 -0.07226093 -0.06880799 -0.050096337 -0.06373651 -0.22791447 -0.38422596 -0.07037818 0.107720785
0.47178194 0.4740943 0.3910946 0.22863147 0.12079103 0.18490179 0.21798559 0.1732822 0.07864926 0.12311883 0.13642986 0.19997205 0.12783922 0.17900427 0.27086914 0.3481408 0.6127294 0.6267082 0.50569576 0.30479717 0.08548638 -0.049200077 -0.005162613 0.10569927 0.13812177 -0.041397657 -0.13951504 -0.21687771 -0.21103248 0.08591452 0.106136486 0.20962867 0.3401652 0.35595122 0.31361985 0.3127655 0.39680317 0.5000612 0.5003518 0.37928727 0.25429314 0.17743106 0.1793403 0.13771127 0.020257236 0.04916645 -0.045251396 -0.20651752 -0.26104587 -0.27765137 -0.43156675 -0.4427637 -0.36545286 -0.34510365 -0.3575633 -0.2710339 -0.07214515 0.08772016
0.36152276 0.3519045 0.30813962 0.04362152 0.13783762 0.19837624 0.15185028 0.07247658 0.14589168 0.2633936 0.20691456 0.18446071 0.0622516 -0.029347936 -0.025762338 0.19187358 0.3540973 0.34664735 0.2611548 0.10247234 0.06729529 0.077372044 0.0806765 0.08636393 0.008249345 -0.059281487 -32767.0 -0.112883836 0.039304476 0.06740715 0.22012408 0.22904837 0.22868246 0.19204493 0.21174525 0.23780358 0.34571752 0.36146945 0.35651144 0.29900613 0.1685434 0.13039872 0.07818156 -0.0072940295 -0.05010498 -0.07882924 -0.22119468 -0.32584637 -0.38599607 -0.4090347 -0.20357373 0.029000359 0.12182902 0.17986926 0.23939548 0.15447569 0.101162896 0.04853733
0.2067917 0.21394913 0.35508287 0.45337862 0.38860375 0.17317982 0.16848303 0.25642687 0.23620337 0.1238353 0.18688564 0.16252767 0.024787774 -0.068093665 0.11579594 0.26768947 0.22708653 0.21636723 0.20240948 0.19042836 0.069981545 -0.07623989 -0.08182941 -0.0994842 -0.14961843 -0.044327643 -0.06652629 0.02078321 -0.036503103 0.12619673 0.15467724 0.10865417 0.11699495 0.111725934 0.14378247 0.12040638 0.14554024 0.13778915 0.10914134 0.029774008 0.026305452 0.032488603 -0.07175427 -0.13042296 -0.12901582 -0.2751265 -0.39842552 -0.431187 -0.24352638 -0.056037024 0.11854711 0.22467767 0.24200238 0.19788373 0.104899235 0.15239155 0.0704599 0.014844299
0.014188984 0.08451275 0.09772769 0.11644472 0.15725923 0.21170217 0.21181181 0.15993331 0.09030914 0.17798315 0.1137095 0.06300012 0.14096734 0.25623542 0.4060963 0.33351296 0.23636866 0.20699148 0.18992117 0.058096975 -0.089169934 -0.09953448 -0.110123 -0.17105661 -0.18070869 -0.24479546 -0.030482884 -0.022473034 0.0012415946 0.10285333 0.066692926 0.06965083 0.023755718 0.048598897 0.028378874 -0.0318563 -0.019317886 -0.111918576 -0.08168174 -0.130404 -0.16859722 -0.206906 -0.22280446 -0.24887246 -0.4096913 -0.504506 -0.46783623 -0.1833985 -0.1177633 0.03238658 0.045627676 0.14726578 0.23223375 0.1503244 0.09912413 0.0700615 -0.034642983 0.10234957
