static/data/seaWater_uo/2023/7/22/0.asc
ncols 137
nrows 93
xllcorner 108.0
yllcorner 17.0
cellsize 0.25
NODATA_value -32767
[rows 26 to 51 of 93, columns 58 to 115 of 137]
0.07038276 0.06174684 0.108168066 0.15016912 0.107427314 0.120418 0.11615086 0.14519435 0.13516271 0.13161124 0.152953 0.2156143 0.26847243 0.30240363 0.32523686 0.38388613 -32767.0 -32767.0 0.19801603 0.29000166 0.3018701 0.3695146 0.41182044 0.36653203 0.33559832 0.30104882 0.18781668 0.08147363 -0.10120507 -0.1981115 -0.063694395 -32767.0 -32767.0 -32767.0 -32767.0 -32767.0 -32767.0 0.12401985 0.005712352 -0.08902602 -32767.0 -32767.0 -32767.0 -32767.0 -32767.0 -0.03967354 -32767.0 -0.2042142 -0.14620337 -0.05506301 -0.1720004 -0.0983424 -0.27327943 -32767.0 -0.310106 -0.45619333 -0.4953257 -0.44145212
-0.068611495 -0.0018088089 -0.02425264 0.061078675 0.09651608 0.03893912 0.030687578 0.06581798 0.10849204 0.07620562 0.023918658 0.093663156 0.1615122 0.21535401 0.10262322 -32767.0 -32767.0 0.33038485 0.25685322 0.2003763 0.1703959 0.23868045 0.28891394 0.25814486 0.18622313 0.11610869 0.02481019 -0.013450567 -32767.0 -32767.0 -32767.0 -32767.0 -32767.0 -32767.0 -32767.0 -32767.0 -32767.0 0.0065693175 0.028342204 0.025051894 -32767.0 -32767.0 -32767.0 -0.15436389 0.025573563 0.017841509 0.053598944 -0.18973497 -0.013137797 -0.27825236 -0.33698437 -0.1738116 -0.19114606 -0.54423666 -0.5413769 -0.41744784 -0.38862088 -0.4177233
0.053506505 0.07857921 -0.039191667 -0.007055119 0.05856832 0.10649738 0.11503921 0.08771199 -0.039443545 -0.056913853 -0.068636574 0.06598075 0.058771543 -0.00074538426 -0.036105 0.060396727 0.18343572 0.16543347 0.20101295 0.13731733 0.11335355 0.12276 0.18978323 0.1477655 0.049980205 -0.025520278 -32767.0 -0.034529615 0.04179728 -32767.0 -32767.0 0.009994751 -32767.0 -32767.0 -32767.0 -32767.0 -32767.0 -32767.0 0.087908454 -0.07401529 -32767.0 -32767.0 -0.1469116 -0.24356191 -0.14688705 -0.062260393 -0.063756764 -0.16625254 -0.31769383 -0.51202655 -0.26882115 -0.31415147 -0.5625872 -0.5137037 -0.41296628 -0.2735939 -0.13441241 -0.16708605
0.1127727 0.13108683 0.11507579 0.1679963 0.12575538 0.088138245 0.1516348 0.15306474 0.13606513 0.07861229 0.06642727 0.10973013 0.023658464 -0.09741948 -0.06688324 -0.061052375 -0.003824751 -0.0006169612 0.07909763 0.20157553 0.21095885 0.12654135 0.111551106 0.14310439 0.08824643 -32767.0 -0.017239781 0.012015019 0.061241053 0.032113194 0.07308785 -32767.0 -0.07885176 -32767.0 -32767.0 -32767.0 -32767.0 -32767.0 -0.075634934 0.21232645 0.26999 0.08057696 -0.16364531 0.16792494 0.012968793 -0.17198087 -0.12637685 -0.4191611 -0.6095824 -0.5040158 -0.5074141 -0.40908065 -0.27053022 -0.14262311 -0.10401111 -0.095977314 -0.07399292 -0.044332623
0.076705486 0.08314857 0.12942521 0.343241 0.3085161 0.33121783 0.097244516 0.16986407 0.20000671 0.18332148 0.15422603 0.11213001 -0.15085573 -0.22731982 -0.13576315 -0.07098195 -0.059690394 -0.0004960543 0.035127703 0.08697129 0.089733526 0.053189132 0.05060035 0.101400584 0.29142234 0.38815093 0.31728503 0.23606236 0.031425357 -0.008209454 -0.22565678 -0.23391326 -0.029793618 -32767.0 -32767.0 -32767.0 -32767.0 -0.07578119 -0.24816903 -0.31641376 -0.2878214 -0.11599572 0.13140908 0.2800046 0.3598896 0.3877083 0.3635635 0.034930307 -0.042509973 0.09870743 -0.11342533 -0.102700055 -0.118395135 -0.036143906 -0.0964931 -0.1213694 -0.16798691 -0.13248679
0.06831852 0.11509651 0.15106 0.22171405 0.21287484 0.36432105 0.2706948 0.34239143 0.30912706 0.09457671 0.027353663 0.08558375 -0.053524803 -0.0529468 -0.05928157 0.0013899473 0.010632452 0.034280263 0.08235313 0.10242033 0.08518297 0.03902428 -0.000512694 -0.034867954 -0.0005722646 0.10903521 0.21474215 0.36274946 0.3056538 0.03733575 -0.08837774 -0.10910159 -0.1008333 -32767.0 -32767.0 -32767.0 -32767.0 -0.13145946 -0.24123168 -0.378041 -0.549765 -0.26135495 0.23449387 0.4888109 0.5235481 0.49340928 0.52364993 0.6015089 0.7574465 0.76899856 0.52545685 0.268638 -0.03403749 -0.122519486 -0.1966145 -0.19899169 -0.20375048 -0.22720769
-0.017218867 0.08184971 0.15021378 0.14292933 0.11552207 0.13843434 0.2063899 0.24373826 0.34264117 0.2289882 0.12860304 0.2367941 0.17719002 0.09300262 0.07291821 0.07011702 0.033384576 0.11889127 0.15614194 0.12995394 0.028850691 -0.043303717 -0.1067708 -0.1168596 -0.024994738 0.039451458 0.07429159 0.053497836 0.2484763 0.21794608 0.085738234 -32767.0 -32767.0 -32767.0 -32767.0 -32767.0 -0.05031947 -0.17121299 -0.32354808 -0.41045684 -0.010577611 0.6220739 0.69378114 0.7081457 0.7425922 0.80096287 0.8267856 0.7930053 0.75551593 0.77368224 0.8626159 0.75484 0.3086032 0.023733705 -0.13552552 -0.09901311 -0.19195586 -0.16955501
0.32594725 0.24342935 0.26200175 0.17608432 0.08073834 0.031205498 0.13135315 0.14363584 0.3336351 0.42381686 0.48296064 0.39647946 0.2588648 0.18419306 0.18192628 0.14760558 0.042352073 0.039355107 0.058793362 0.058915664 0.060637545 0.019633457 -0.03720758 -0.05050116 -0.032850794 0.047964826 0.03557401 0.07882636 0.06771095 0.25915444 -0.045041308 -32767.0 -32767.0 -32767.0 -32767.0 -32767.0 -0.16402093 0.089534305 0.14021999 0.5176568 1.090737 0.94045025 0.8042059 0.7357675 0.7211856 0.74477965 0.78235453 0.8185881 0.84295726 0.7757892 0.73303163 0.73047876 0.80034125 0.395918 0.10390426 0.022865698 -0.06774629 -0.13649228
0.32096675 0.40085024 0.41173217 0.21867326 0.2206943 0.17257491 0.13797852 0.19999243 0.3179812 0.45002416 0.48516816 0.34932795 0.30439892 0.2710034 0.17037345 0.1857895 0.03070357 0.013943836 0.044852115 0.08373075 0.07782936 0.084300466 0.16213138 0.1860612 0.1763081 0.13390963 0.13398434 0.08498892 0.0765325 0.028748872 0.104780614 -0.010859635 -32767.0 -0.0027124719 -32767.0 -32767.0 0.2313151 0.72514915 0.8403615 0.86016107 0.9099937 0.8263237 0.6654558 0.6225057 0.58783376 0.5440845 0.61929625 0.7274877 0.7473476 0.7476373 0.7018416 0.6392531 0.62117225 0.8140683 0.44910002 0.23636444 0.052353557 -0.116374835
0.31021875 0.3365723 0.15595092 0.18471885 0.1509701 0.04891229 0.03226576 0.13761449 0.28404328 0.3862419 0.3486446 0.27509308 0.23346326 0.17514162 0.15471016 0.09986652 0.08105254 0.037635375 0.041215673 0.03768559 0.14831136 0.2942012 0.30216143 0.23928934 0.20907636 0.22695158 0.26196572 0.22256364 0.11984774 0.18222341 0.19593051 0.16553037 0.13892156 0.071440585 -32767.0 0.1628769 0.3793208 0.42552787 0.59478706 0.6520034 0.6713099 0.5462093 0.5134809 0.40361145 0.30127996 0.20131317 0.23787796 0.45679113 0.510846 0.56033516 0.56599146 0.5345752 0.47446537 0.6307949 0.80777025 0.46392104 0.249493 0.026794042
0.26763722 0.31133097 0.35105094 0.18191764 0.12529255 0.16761415 0.18084267 0.15326428 0.17846616 0.25528252 0.22983366 0.16723064 0.1551302 0.12652847 0.144841 0.08541876 0.06711806 0.05296615 0.066107035 0.16746335 0.26791826 0.2631176 0.18162812 0.18479715 0.33615792 0.4327071 0.47652885 0.48418477 0.35023895 0.28301793 0.4573187 0.39148718 0.4121943 -32767.0 0.88125193 0.53122926 0.3081289 0.34533668 0.42812112 0.44295776 0.43896645 0.42709768 0.32729843 0.24793577 0.21449071 0.105876155 0.080793366 0.0132842455 0.16199964 0.3038291 0.37115306 0.4031651 0.48509333 0.60066795 0.7663134 0.8308343 0.60805285 0.374513
0.15070336 0.28201133 0.24854657 0.2745116 0.33353168 0.40649486 0.4055424 0.3692713 0.2692065 0.29159576 0.27187234 0.22016993 0.15044048 0.10693911 0.14405221 0.18840387 0.1749269 0.13560691 0.20329973 0.2873711 0.31398433 0.2884248 0.15385826 0.18888877 0.33205098 0.4152295 0.53364104 0.65321547 0.64332974 0.4270185 0.07321285 0.45364174 0.07031008 0.24800491 0.31767616 0.0987293 0.035370957 0.15352857 0.2272608 0.23749535 0.30464712 0.3108632 0.22946878 0.2549687 0.25510627 0.25927818 0.15966876 0.1318121 0.059205264 0.02678447 0.122432396 0.26286703 0.46352226 0.57202715 0.69146746 0.90773827 0.9471513 0.7986178
0.085955314 0.26944953 0.17482275 0.20675282 0.30025738 0.35516533 0.45120203 0.34597012 0.3189305 0.35792822 0.35799912 0.29660913 0.30210033 0.1957296 0.18612595 0.23731379 0.29260945 0.24589789 0.30021337 0.34301722 0.28677815 0.23686415 0.11365292 0.06959179 0.1603391 0.27410856 0.41147792 0.5273429 0.6755069 0.74094886 0.585964 -32767.0 0.4419657 0.38978186 -32767.0 -0.15980147 -0.09970765 -0.042219907 0.06805869 0.194521 0.25556165 0.27649215 0.2609258 0.27234638 0.26965612 0.24678247 0.25982618 0.30009347 0.14371936 0.20189163 0.2762313 0.2320439 0.3372626 0.44214964 0.5839839 0.7542753 1.0140253 1.039406
-32767.0 0.33032912 0.27865145 0.3980784 0.40928164 0.42793208 0.35691217 0.45654523 0.45677495 0.36836028 0.27467594 0.26588863 0.35073236 0.31275696 0.2940969 0.302812 0.4474995 0.5104535 0.49785766 0.30621663 0.29076904 0.19568443 0.12002281 0.04602924 0.16911516 0.3066468 0.4091848 0.5665389 0.6623447 0.67489165 0.7772879 0.5120401 -32767.0 -0.14457001 -0.024043474 -0.15744202 -0.13351719 -0.14697607 0.014579296 0.12904243 0.21602607 0.24379897 0.26054072 0.30361354 0.31819016 0.22960317 0.29459742 0.33997017 0.42304412 0.49489367 0.34310243 0.2583054 0.13983713 0.35926777 0.5465218 0.69478625 0.78786856 0.9219902
0.33597144 0.27688387 0.33084637 0.39578745 0.42657116 0.39066362 0.3572412 0.2811872 0.3205131 0.45164979 0.4437733 0.3387141 0.35189027 0.35539392 0.355142 0.45685992 0.49311262 0.4246813 0.3510423 0.32198068 0.35529888 0.31290418 0.3459685 0.4685265 0.48149282 0.37486348 0.550893 0.6188907 0.7128334 0.6974419 0.58306956 0.9274223 0.46281204 0.12464294 -0.058583375 0.25211814 0.27155483 0.07095356 0.41898578 0.4421281 0.30032942 0.27751452 0.25200737 0.31932083 0.33446345 0.2804541 0.17030668 0.06457714 0.16462779 0.24529794 0.4067346 0.42601195 0.30002755 0.26135924 0.32773057 0.5100189 0.642413 0.7433762
0.33206427 0.289813 0.237741 0.30237195 0.40780503 0.39985448 0.46502498 0.41750377 0.294165 0.25748852 0.33460316 0.504238 0.6164423 0.5448068 0.36903664 0.27671295 0.35323593 0.31806192 0.21190801 0.30976695 0.41046634 0.57862437 0.77532595 0.7889815 0.66687304 0.58065146 0.54304844 0.5564422 0.52934253 0.673862 -0.16621915 0.7605893 0.7720287 0.5035621 0.5486862 0.38840747 0.49492 0.89532536 0.7737415 0.6351919 0.40308404 0.3502907 0.28411424 0.30940285 0.22580016 0.20761476 0.1756297 0.13837367 0.027381256 0.017867409 0.10944887 0.2637444 0.36003724 0.2684356 0.23000894 0.27972987 0.3437214 0.43488812
0.3281353 0.25759932 0.27203 0.27184907 0.28921008 0.25336415 0.22336745 0.23519373 0.23935194 0.2687027 0.22060107 0.20512655 0.2926026 0.3696045 0.39737093 0.35881332 0.28045604 0.32322776 0.43112466 0.47207046 0.6553591 0.78351855 0.85187316 0.83323616 0.70752186 0.59639287 0.46971816 0.36575797 0.23315217 0.2742551 0.3045663 -0.016121404 0.7490323 0.9641312 0.97790134 1.1215826 1.2326505 0.962257 0.77388585 0.59482014 0.38785356 0.32874605 0.26478368 0.23198499 0.14464203 0.14259414 0.08466705 0.0787717 0.042433538 0.014568194 0.074318096 0.15074235 0.33857584 0.3634011 0.26414913 0.25112125 0.34137368 0.43799716
0.26927745 0.29243138 0.30693856 0.24964933 0.37720937 0.29445496 0.17727564 0.15325876 0.211338 0.32859403 0.35207984 0.3257453 0.28119645 0.28405157 0.3302828 0.33680916 0.29627445 0.23547752 0.38118732 0.5945884 0.7149951 0.8509867 0.8302179 0.7556043 0.61483777 0.4838258 0.33284512 0.2746711 0.18579735 0.2920534 0.6016291 0.38105708 -0.10871982 0.48423222 0.8581574 1.0394524 0.9992338 0.9034238 0.6842424 0.51583904 0.44624683 0.3952873 0.24476326 0.22155929 0.11663875 0.16312017 0.12142505 0.029157571 -0.059902508 -0.080920786 -0.025551362 0.23499395 0.4400556 0.36765712 0.25463068 0.1644365 0.25728706 0.2748156
0.35005042 0.41598186 0.33486757 0.27208012 0.17618757 0.36509666 0.38212323 0.32963222 0.2631598 0.20973842 0.2535152 0.21421352 0.24054024 0.24212216 0.3071001 0.33341697 0.2940601 0.31225905 0.49658126 0.6403917 0.75694495 0.73998445 0.6443069 0.5288872 0.44822162 0.3368131 0.18458079 0.01986668 0.11618734 0.29994103 0.34836784 0.5337094 0.752338 0.86059606 0.86592114 0.8826725 0.81273615 0.68544495 0.5770908 0.54986924 0.5171502 0.39424688 0.2488855 0.22518276 0.15054564 0.17466848 0.07421994 -0.006491457 0.027666401 -0.0028240422 -0.07040321 -0.013444159 0.15506847 0.41533777 0.36624667 0.17168325 0.19091016 0.15367389
0.41428766 0.45107424 0.49974805 0.603081 0.56174785 0.3549996 0.44519165 0.39264202 0.41558796 0.33592948 0.16672447 0.19098775 0.19912662 0.23885687 0.3043017 0.14698896 0.14218026 0.36915836 0.45668128 0.63430196 0.6241573 0.5242658 0.42301878 0.32775733 0.32035276 0.3351595 0.17909269 -0.036978904 -0.06479041 0.026470963 0.22951968 0.3908895 0.4963111 0.5896365 0.6033043 0.6151775 0.68336606 0.6781771 0.60066247 0.51879233 0.41247538 0.31436276 0.23841919 0.18206823 0.114810176 0.18516341 0.20861278 0.09889294 0.05921973 0.10798517 -0.056404926 -0.049190667 -0.08318434 -0.090475135 0.102537975 0.17302896 0.12832996 -0.08687037
0.71177477 0.868812 0.83624667 0.6911549 0.5600654 0.5119388 0.5118574 0.3342851 0.25674492 0.22598499 0.32286566 0.24510965 0.17976603 0.24654953 0.21202843 0.15430634 0.32911897 0.36234814 0.5643903 0.5614508 0.45241445 0.35091874 0.27455613 0.1302263 -0.023137895 -0.16652653 -0.06268861 -0.14725143 -0.14953856 -0.08209252 -0.07000216 0.0048741237 0.16047043 0.41044956 0.58654517 0.6951347 0.7775453 0.7249355 0.6232431 0.5067403 0.38415867 0.2877594 0.22317523 0.16779658 0.071874276 0.08780292 0.15926109 0.14951017 0.03284712 0.044966996 -0.08888462 -0.1309071 -0.16991968 -0.15221621 -0.067493394 -0.015556942 -0.10090516 -0.20121847
0.7653477 0.6491583 0.4376222 0.3349244 0.3301372 0.4508468 0.4494539 0.26462477 0.14930922 0.18208385 0.19839539 0.16562423 0.12863988 0.2051988 0.20940821 0.27478915 0.2641661 0.4872936 0.48198742 0.43403536 0.33637097 0.25460467 0.16839334 -0.011654016 -0.18953615 -0.15693724 0.04086987 -32767.0 -0.039635632 -0.09411473 0.05280673 0.24452387 0.3592342 0.53745687 0.67443407 0.59287137 0.5406044 0.51173806 0.49243966 0.44964683 0.38886866 0.23208486 0.18419848 0.11870024 -0.006866509 0.023186084 -0.0159902 -0.13704659 -0.10471333 -0.10843379 -0.15600419 -0.31801775 -0.44355312 -0.45101148 -0.38518977 -0.3790541 -0.38268122 -0.11616812
0.5337852 0.29376242 0.3049276 0.3556482 0.3141461 0.33563846 0.4311552 0.21559703 0.1683857 0.29831308 0.20943542 0.08258234 0.11178967 0.028633859 0.16294877 0.15572989 0.31237376 0.4209008 0.38812244 0.3423151 0.27846876 0.2049424 0.14659816 0.007431917 -0.03296021 -0.12599511 -0.28837764 -0.34379324 -0.0897024 0.1944609 0.33987984 0.32924354 0.42958325 0.5582928 0.4023687 0.33529007 0.3369659 0.35774675 0.29767317 0.29898602 0.29316154 0.2096324 0.1297468 0.03434719 0.0030851366 -0.06311113 -0.19274043 -0.20893702 -0.052242216 -0.14914002 -0.15111372 -0.15021536 -0.1901954 -0.18849617 -0.22638036 -0.30348033 -0.18046166 -0.017180003
0.325662 0.37254137 0.4565309 0.36786896 0.32321712 0.33902624 0.45928878 0.38632685 0.2489719 0.34079233 0.28704745 0.117784485 0.06799364 0.08790045 0.1966723 0.21272253 0.30842805 0.40206397 0.3675692 0.28550118 0.21574421 0.12759903 0.11838375 0.101727 0.04487968 0.10103307 -32767.0 -0.029601576 0.18039933 0.32897982 0.2624311 0.2695791 0.4019191 0.24618977 0.24352024 0.24284714 0.23919284 0.24021108 0.15048836 0.15224457 0.18783867 0.08576869 0.043047994 -0.011204264 -0.030851118 -0.20324102 -0.21754897 -0.038706746 0.075649984 0.0492419 0.18427716 0.1898873 0.16108203 0.04788173 -0.011429851 -0.0076884483 0.058218688 0.02194654
0.32666975 0.24556255 0.11259283 0.15591869 0.20179503 0.35017318 0.4181094 0.43001992 0.4418998 0.36510795 0.20670174 0.1224494 0.13715132 0.1748693 0.28132817 0.42384523 0.6081383 0.44287425 0.39194897 0.27834406 0.15987343 0.07914653 0.058304787 0.06785783 -0.004080989 -0.039124183 -0.08517729 0.124231495 0.2677119 0.26021188 0.16758251 0.22213192 0.15538105 0.11718278 0.10180296 0.010092199 0.08998112 0.012424064 -0.0051728 0.028448947 0.05896874 -0.00643846 -0.04951187 -0.065388225 -0.22016852 -0.27919498 -0.10165277 0.1082754 0.07657227 0.055909537 0.14525853 0.25899127 0.29500526 0.11129319 0.07211516 0.00081779936 0.066540256 0.023805829
0.33783716 0.17399949 0.16414523 0.14773576 0.10744921 0.1968643 0.30101126 0.3195661 0.2745863 0.21007381 0.140526 0.14827006 0.23182428 0.3965539 0.6378958 0.84487075 0.6141571 0.47370568 0.41317835 0.27599078 0.16541156 0.12458731 0.078190744 0.08091783 0.011973708 -0.03907394 0.1045105 0.119550936 0.20427488 0.10700504 0.06957911 0.10603394 0.004075579 0.029612597 -0.08629155 -0.17977399 -0.21402204 -0.21510002 -0.1961384 -0.10771932 -0.0757393 -0.14084621 -0.15109983 -0.24135101 -0.3450745 -0.14396743 0.10545721 0.0724102 0.06321276 0.06982987 0.04112911 0.11116398 0.1445697 0.0071113296 -0.04011277 0.037242487 0.094399735 0.053622026
