static/data/seaWater_uo/2023/7/22/18.asc
ncols 137
nrows 93
xllcorner 108.0
yllcorner 17.0
cellsize 0.25
NODATA_value -32767
[rows 25 to 49 of 93, columns 58 to 115 of 137]
-0.2165054 -0.083901465 -0.049895618 0.02681094 0.110205345 0.1352302 0.17711471 0.22574364 0.2747028 0.32839933 0.27529362 0.28317302 0.40641972 0.456644 0.42376977 0.40411448 0.41983926 0.53794295 0.2626532 0.29237774 0.3739893 0.38856912 0.45477304 0.5514032 0.5466985 0.43323222 0.32514375 0.22329874 0.12673338 -32767.0 0.08302464 0.027933188 -32767.0 -32767.0 0.022373676 0.14031075 0.30948356 0.19934233 0.013585352 0.03847468 -0.14717865 -32767.0 -32767.0 -32767.0 -32767.0 -32767.0 -32767.0 -32767.0 -32767.0 0.14887114 0.03085795 -0.03368431 -32767.0 -32767.0 0.064325176 -0.09430936 -0.37261978 -0.4942374
-0.059261285 -0.15682861 -0.13553683 -0.088330075 -0.050719425 0.0068552103 0.018596763 0.06704492 0.1491224 0.19114396 0.20663214 0.25869545 0.32863143 0.35625628 0.33126318 0.25878328 -32767.0 -32767.0 0.11509569 0.22327523 0.30791667 0.34209612 0.38220975 0.4016641 0.37812182 0.3155264 0.19724344 0.11067366 -0.005897018 -0.14097697 -0.0469704 -32767.0 -32767.0 -32767.0 -32767.0 -32767.0 -32767.0 0.2078228 0.22421345 0.05546681 -32767.0 -32767.0 -32767.0 -32767.0 -32767.0 -0.18778627 -32767.0 -0.16651718 -0.1756543 0.09333142 0.07896304 -0.17760047 -0.17966206 -32767.0 -0.076842226 -0.4773262 -0.5197643 -0.42732775
-0.06127277 0.007482859 -0.073953755 -0.11999546 -0.015352319 0.018414125 0.018606875 0.048602525 0.08988886 0.11665127 0.07185216 0.10145874 0.19525588 0.2278856 0.18615083 -32767.0 -32767.0 0.43995124 0.37619245 0.24745004 0.17144889 0.24483295 0.3061897 0.3214479 0.23257776 0.080005795 0.04488093 -0.044772193 -32767.0 -32767.0 -32767.0 -32767.0 -32767.0 -32767.0 -32767.0 -32767.0 -32767.0 0.13518953 0.14374325 0.11093565 -32767.0 -32767.0 -32767.0 -0.17889789 -0.1732463 -0.050676826 -0.027045352 -0.23882017 0.03492026 0.09219864 -0.003414495 -0.084536105 0.021067264 -0.29300034 -0.55581486 -0.5550962 -0.5120626 -0.4219817
0.059510432 0.08770129 0.059535228 -0.021291254 -0.0063932263 0.060820892 0.122672684 0.12925425 0.08362346 0.020578077 0.023783227 0.09825599 0.029169234 -0.011596972 -0.019883446 0.12632757 0.22308792 0.31576487 0.2700265 0.18340577 0.23353998 0.2371583 0.26726145 0.20995331 0.06935601 -0.01456647 -32767.0 0.05351945 -0.032005347 -32767.0 -32767.0 0.05041109 -32767.0 -32767.0 -32767.0 -32767.0 -32767.0 -32767.0 0.07787729 0.012271281 -32767.0 -32767.0 -0.14909409 -0.32195815 -0.15702267 0.038463563 0.06258433 0.13166672 0.16062486 -0.08373232 -0.13060926 -0.08706645 -0.37004605 -0.46055448 -0.3708312 -0.27857342 -0.19837578 -0.23051578
0.27386498 0.26406822 0.20344046 0.20638056 0.13713594 0.078521006 0.14817193 0.14285621 0.23792577 0.19331563 0.1489242 0.06482326 -0.09311988 -0.07938548 -0.006439021 0.03922681 0.06989542 0.113235936 0.22021633 0.31362218 0.27963462 0.22208443 0.2307772 0.21466567 0.07164494 -32767.0 0.03854087 -0.14678389 -0.07404139 -0.07324537 0.015491808 -32767.0 -0.025342276 -32767.0 -32767.0 -32767.0 -32767.0 -32767.0 0.09022112 0.2705546 0.37874922 0.28653497 -0.03137131 0.3414413 0.39323413 -0.07080345 -0.09183975 0.005251607 -0.10166142 -0.2399323 -0.29678562 -0.25191653 -0.27305025 -0.10928412 -0.08674577 -0.0965754 -0.10946971 -0.090162456
0.4153903 0.28194994 0.26615763 0.2729909 0.33306956 0.42037272 0.30363488 0.10247758 0.1809891 0.1990903 0.16742036 0.11034688 -0.17379752 -0.12058978 0.03917919 0.057524107 0.06415112 0.11019695 0.12459825 0.17263982 0.18170355 0.14072712 0.16267055 0.18067496 0.333236 0.40277958 0.36469623 0.22954248 -0.064005874 -0.20950831 -0.206217 -0.24875462 -0.0360404 -32767.0 -32767.0 -32767.0 -32767.0 0.0736222 -0.13742717 -0.04570095 -0.09993793 -0.040059447 0.13128544 0.32412562 0.45294115 0.604305 0.5692571 0.120857894 0.017767582 -0.24169579 -0.26776433 -0.044016033 0.113067865 0.06551846 0.020043932 -0.060477924 -0.1765671 -0.11870021
0.36591882 0.35617527 0.31702214 0.36138552 0.37210053 0.42060557 0.4180532 0.3746012 0.34584352 0.18649717 0.083853036 0.12080153 0.046492904 0.15699804 0.19382788 0.15333876 0.10880458 0.122319356 0.17007773 0.16795205 0.123177916 0.051395368 0.025240783 0.07607397 0.158946 0.24851488 0.32712585 0.47007212 0.31359246 -0.09048392 -0.16092958 -0.023038635 -0.09605927 -32767.0 -32767.0 -32767.0 -32767.0 -0.07614154 -0.03235562 -0.20893808 -0.49650213 -0.3985297 0.20927662 0.5872451 0.72757447 0.79276514 0.7495669 0.7368834 0.88375264 0.91860646 0.66975486 0.26075563 0.16059533 0.13287729 0.009152006 -0.110995 -0.2128213 -0.18052302
0.21348007 0.31077084 0.3368049 0.4187833 0.41514948 0.41773665 0.45357525 0.4471508 0.4037846 0.41999727 0.23571673 0.24945843 0.17331532 0.13911809 0.18831195 0.16635628 0.13674508 0.1709282 0.123864226 0.076717034 -0.0030526416 -0.08076961 -0.07915188 -0.039730605 0.0698373 0.2020488 0.2857952 0.28047472 0.34688458 0.16416998 -0.012290291 -32767.0 -32767.0 -32767.0 -32767.0 -32767.0 0.06474597 -0.14796369 -0.17520534 -0.19728403 0.034394424 0.64115685 0.8609502 0.8280332 0.8194203 0.8349714 0.8756785 0.9731466 1.0463651 1.0247065 1.0412272 0.9587348 0.46459094 0.16298121 0.020458844 -0.15596125 -0.21640016 -0.20003203
0.41672227 0.3901751 0.40907723 0.41371807 0.373719 0.33361632 0.3177146 0.30499423 0.48005724 0.5279361 0.5692536 0.5368335 0.34675816 0.2329008 0.25885805 0.30640405 0.21804166 0.0883976 0.025177758 0.0180249 0.010877619 -0.0064884485 0.01155119 0.106922425 0.17782821 0.2105425 0.25813082 0.2701888 0.2266501 0.3055894 -0.06564844 -32767.0 -32767.0 -32767.0 -32767.0 -32767.0 0.09970886 0.09431186 0.12785405 0.51768434 1.1174432 1.0827829 0.9437812 0.7849452 0.7148641 0.7174483 0.76733446 0.8741614 1.0161071 1.0743258 1.0724777 0.9722759 0.9455034 0.50838214 0.167123 -0.035368532 -0.14158432 -0.16415311
0.35572383 0.5034907 0.5077733 0.32138157 0.40070218 0.35522354 0.37812102 0.38679853 0.47395524 0.5074302 0.5610997 0.47624266 0.35877544 0.3367269 0.25046265 0.32163778 0.21907355 0.1387337 0.09673291 0.11440711 0.105459794 0.2506863 0.33098304 0.33543253 0.2842132 0.28435406 0.2634656 0.2443441 0.2286894 0.08352326 0.054043617 -0.014507328 -32767.0 -0.015549927 -32767.0 -32767.0 0.38833448 0.7210731 0.82596904 0.91661024 0.9281883 0.8566939 0.6808513 0.57462907 0.5746807 0.52570915 0.5239248 0.70501053 0.79484344 0.88672596 0.93654156 0.9359276 0.91236085 0.9379694 0.41466832 0.124417074 -0.050767623 -0.12044519
0.20812644 0.24340244 0.16346243 0.279819 0.3390529 0.28890234 0.2630566 0.2809821 0.34872076 0.44276735 0.49674013 0.45026186 0.37661552 0.2638266 0.25712013 0.21296166 0.23327693 0.14207006 0.11947671 0.18710108 0.26251772 0.32048482 0.250322 0.23955214 0.25191593 0.26428962 0.32303777 0.32433823 0.24231099 0.26736733 0.20728415 0.12358206 0.15326288 0.12847188 -32767.0 0.04026176 0.4025168 0.49176905 0.5741628 0.5733305 0.56123954 0.46617222 0.43729287 0.40821913 0.31399345 0.2769151 0.188841 0.34069347 0.48100993 0.60266 0.68542355 0.71839005 0.7911645 0.8571779 0.9505734 0.2817126 0.11990972 -0.07959791
0.22596115 0.30271053 0.40425313 0.31555673 0.24356283 0.30265766 0.26151657 0.24630348 0.29634455 0.38207656 0.41857415 0.34596947 0.34265512 0.3200102 0.26257747 0.23149858 0.18055972 0.16463684 0.18100002 0.31495234 0.33293536 0.31932345 0.2345286 0.21255952 0.33318624 0.41929352 0.44529003 0.53439426 0.4619561 0.38027126 0.49030012 0.4263476 0.42215723 -32767.0 0.9680511 0.6588421 0.25086215 0.19979487 0.1818629 0.3255302 0.297768 0.2541557 0.2659731 0.21555832 0.25142923 0.25269672 0.16357829 0.14338748 0.13204025 0.22884479 0.37759063 0.528548 0.60736114 0.7041393 0.8475898 0.83049387 0.340776 0.22407177
0.1550134 0.25813916 0.23104239 0.23526867 0.32891667 0.37970048 0.47686988 0.49416542 0.40131876 0.35964006 0.39338943 0.38748112 0.37464103 0.3233571 0.30211908 0.3022709 0.30987364 0.2865705 0.34760523 0.4339812 0.27249712 0.22374462 0.15116985 0.16707562 0.19911708 0.3044505 0.39840943 0.54757434 0.65234053 0.5493941 0.07509217 0.38742954 0.020980088 0.23190497 0.29669654 0.025230234 -0.010014424 -0.029639881 0.003010593 0.10606204 0.14180583 0.17930387 0.15877745 0.21910958 0.25189516 0.2782019 0.24262878 0.12861767 0.04317223 0.043964557 0.14219685 0.23254736 0.41338113 0.5824648 0.7147692 0.93622935 0.78025466 0.5952493
0.06014289 0.13688819 0.20346703 0.24941044 0.34294286 0.3694211 0.38198802 0.418418 0.30852196 0.35479328 0.4090488 0.41572577 0.36868608 0.33806184 0.32066143 0.31775293 0.3698846 0.35037416 0.40894097 0.22665955 0.1723456 0.091082536 0.066199906 0.03077794 0.04958234 0.17468992 0.35217312 0.43522653 0.5475873 0.6862412 0.65111434 -32767.0 0.4253872 0.38495165 -32767.0 -0.21290198 -0.21337226 -0.24391785 -0.03567859 0.14651136 0.11220954 0.14004141 0.12456668 0.18667078 0.20214912 0.16348308 0.19538152 0.23097302 0.10029926 0.11266316 0.06315796 0.10573949 0.21938726 0.4045911 0.548795 0.72218794 0.97762495 1.0334208
-32767.0 0.3995199 0.28513727 0.34783176 0.33918214 0.30982813 0.3648971 0.32141867 0.39650002 0.38095528 0.3276757 0.29728013 0.34996203 0.3722181 0.3413856 0.33712295 0.408334 0.41634017 0.31547737 0.14054255 0.15651737 0.08057453 0.13706654 0.19921537 0.20090911 0.27458298 0.37924543 0.43880534 0.5407353 0.5968666 0.71564376 0.5409112 -32767.0 -0.15813434 -0.047695026 -0.20857875 -0.099396676 -0.109470405 0.12096788 0.1417297 0.15220255 0.12388313 0.07199693 0.1034959 0.07735751 0.09349768 0.14566714 0.18183789 0.25710624 0.2976006 0.14779043 0.059178647 0.03382257 0.21314695 0.3960225 0.57164216 0.6806361 0.8052396
0.35826355 0.3372142 0.31444818 0.3035809 0.29477754 0.32158956 0.3680688 0.31439188 0.27702764 0.27519926 0.37691107 0.34046194 0.34597456 0.4048362 0.42427146 0.32175782 0.2951493 0.17679563 0.059409294 0.042769514 0.19061613 0.26252228 0.42777863 0.5892552 0.5639634 0.4363383 0.5306867 0.529908 0.5706067 0.6087804 0.43869078 0.89398783 0.464813 0.077348925 -0.011612714 0.13319671 0.33970827 0.3319869 0.45786354 0.30586815 0.18723857 0.13891485 0.06309551 0.052973107 -0.017247703 0.046947323 0.04166037 0.057688605 0.03862546 0.087605424 0.27691823 0.23928507 0.1587918 0.06419413 0.26437855 0.4457333 0.58222 0.6719976
0.23021223 0.2277392 0.18743508 0.26316026 0.2534535 0.32660818 0.32763535 0.35213417 0.32684788 0.28450066 0.18817341 0.33977666 0.4948694 0.55656713 0.39638346 0.25476134 0.28690687 0.21158439 0.09064487 0.19939186 0.33815938 0.5393584 0.6686328 0.75284046 0.7354915 0.66227114 0.5423915 0.5278776 0.52392185 0.64950484 -0.01832234 0.70693564 0.8813094 0.61746347 0.50219345 0.50847447 0.50615776 0.8551588 0.7129933 0.4504736 0.22761118 0.12239587 0.052509245 0.071695186 -0.0060830167 0.079193816 0.1381003 0.051009692 -0.09577532 -0.091517314 0.03521873 0.15621497 0.2795587 0.18146232 0.098230064 0.11393508 0.18961507 0.33807662
0.22370403 0.22698125 0.25976267 0.26782525 0.34918067 0.2925496 0.20521334 0.15101433 0.20577466 0.2707925 0.3143688 0.24867047 0.2549668 0.23548546 0.27294818 0.30190766 0.2569412 0.21919584 0.28905883 0.3867218 0.55315125 0.71563447 0.81946373 0.8014396 0.6605577 0.54888815 0.46904993 0.45187557 0.5270757 0.37385827 0.33372733 -0.14383036 0.6799299 1.0166576 0.9459749 1.003314 1.2092628 0.98693496 0.69335777 0.39257428 0.1918801 0.14317918 0.032083675 0.011765708 -0.039357103 -0.05191013 -0.13637829 -0.10517922 -0.114801764 -0.08948362 -0.00046790479 0.075621836 0.14827292 0.24359897 0.23475064 0.12144095 0.15136495 0.23569551
0.3207319 0.23687673 0.26233914 0.2588921 0.24611616 0.3439912 0.24886782 0.19360484 0.15116012 0.21618377 0.35377052 0.40338224 0.29417497 0.24599314 0.2511529 0.27225018 0.30890748 0.29170135 0.3720661 0.51246804 0.64220667 0.707179 0.6294593 0.52282643 0.4438054 0.34097257 0.30175263 0.24047604 0.2274239 0.31491506 0.47499642 0.35190418 -0.05817085 0.46054778 0.9661556 0.9964189 0.97504294 0.7968919 0.4744496 0.26059896 0.16928004 0.14316311 0.014558207 -0.06839777 -0.115202926 -0.14407943 -0.17595415 -0.1288429 -0.09640204 -0.10756613 -0.09033099 0.12309919 0.2542229 0.29747975 0.29714853 0.14505419 0.099312924 0.095804885
0.30567417 0.31232983 0.30577683 0.3153234 0.28789055 0.16707724 0.36433902 0.42791903 0.42575693 0.25544095 0.18637751 0.21224113 0.22533512 0.20490046 0.24515045 0.24675684 0.22535883 0.23367168 0.3584603 0.55195165 0.5842744 0.46112302 0.36605307 0.29031396 0.25494498 0.1691889 0.16067575 0.14144853 0.1449709 0.20966585 0.31763372 0.5830824 0.582482 0.5556141 0.6965544 0.7591386 0.659919 0.4931528 0.37076545 0.24999806 0.13261111 0.06733026 -0.058632534 -0.10934931 -0.116288066 -0.12359947 -0.16704232 -0.093470044 0.0050902236 0.018581688 -0.05139042 -0.106704 0.10512994 0.39823648 0.35512763 0.22206506 0.0766108 -0.054623045
0.49924144 0.63960516 0.70172256 0.61260617 0.49604338 0.42639428 0.322782 0.33802012 0.32769868 0.3129722 0.24417947 0.19791341 0.21342754 0.18327887 0.15946552 0.009221136 0.11780345 0.20514514 0.39994815 0.41390693 0.32621184 0.236983 0.17348473 0.15400688 0.18101223 0.181255 0.011717319 -0.10258002 -0.16380955 -0.1586187 0.11114109 0.27192837 0.32505754 0.3528557 0.4105912 0.48534027 0.5770942 0.5531585 0.41738018 0.2401782 0.04616903 -0.078666754 -0.14088447 -0.1520089 -0.13568826 -0.05844603 0.046260223 0.14225908 -0.029047953 -0.057523333 -0.09675195 -0.18077783 -0.20992178 -0.094699934 0.08342825 0.1724002 -0.07886395 -0.25675544
0.52970934 0.5259995 0.44796267 0.36887583 0.2986139 0.25779706 0.25910643 0.25334486 0.24044281 0.27613494 0.36215508 0.3225971 0.20032962 0.21143833 0.04837634 0.15872395 0.18035275 0.37977457 0.39093363 0.26606646 0.17914088 0.11991934 0.015854908 -0.02583601 -0.21500656 -0.29176676 -0.203284 -0.25882405 -0.18435758 -0.14586063 -0.14277233 -0.06928576 0.11144349 0.37167528 0.56462294 0.5999676 0.54753286 0.42036211 0.29871905 0.16503625 0.05310873 -0.10179322 -0.1163742 -0.165975 -0.17653 -0.15423864 -0.011188069 -0.006108074 -0.14335595 -0.1391967 -0.18861766 -0.35277298 -0.37250692 -0.40469146 -0.27272424 -0.21434149 -0.26473603 -0.3468503
0.51183593 0.32839295 0.18465583 0.12625848 0.09614439 0.097883195 0.13587564 0.19462128 0.21292354 0.23467427 0.23142068 0.08784585 0.17902684 0.078402415 0.09042856 0.12396927 0.27561164 0.37759772 0.25144982 0.14907844 0.11222623 0.05422434 -0.06373689 -0.1535222 -0.2167459 -0.15737438 0.01766986 -32767.0 -0.037941348 -0.015644047 0.11523666 0.2939195 0.34595665 0.4925901 0.53128856 0.4346959 0.29711026 0.20148656 0.13492803 0.07546142 0.0020222424 -0.07661231 -0.06899421 -0.110232465 -0.11148028 -0.12999444 -0.17617427 -0.29533908 -0.30639717 -0.23451783 -0.36264956 -0.5860955 -0.67073286 -0.56449425 -0.4588754 -0.43095526 -0.49166662 -0.23754767
0.3147517 0.11462797 0.2443971 0.24194077 0.27687627 0.2062723 0.1718829 0.25281733 0.13964538 0.17671713 0.26504385 0.23743343 0.14655577 0.07230276 0.15407552 0.1679048 0.2738815 0.24039972 0.16853291 0.0697236 0.060377985 -0.019704616 -0.067938834 -0.07401622 -0.029275721 -0.022951216 -0.3204238 -0.35022855 0.010798234 0.24740127 0.24221122 0.26948962 0.38234884 0.39669883 0.27759725 0.12899636 0.054750424 -0.007188933 -0.030769713 -0.060865443 -0.07759965 -0.09412838 -0.059285194 -0.07250578 -0.106167115 -0.23023523 -0.34031677 -0.13980941 -0.1781982 -0.24913391 -0.2047753 -0.23339994 -0.3673073 -0.5454246 -0.69148284 -0.60326827 -0.28206554 -0.2549443
0.12943916 0.20388378 0.29333258 0.23787749 0.15247993 0.14283156 0.1608632 0.24531126 0.29716188 0.23632716 0.21745138 0.2333512 0.13985887 0.19450963 0.26948443 0.24796754 0.3803488 0.20607568 0.1484404 0.045733996 0.00041237997 -0.09573644 -0.065703705 -0.009027569 -0.00804918 0.05752808 -32767.0 0.050096143 0.16503605 0.1787469 0.13361531 0.21733627 0.24643014 0.10324006 0.03356064 0.004672698 -0.031239469 -0.06754603 -0.17927727 -0.19701089 -0.1470276 -0.1326415 -0.094585694 -0.11176792 -0.22245145 -0.32720783 -0.1514232 -0.0904746 -0.15556602 -0.09918393 0.053322297 0.06499066 -0.08745709 -0.32916844 -0.33705768 -0.2470122 -0.23150066 -0.24706495
