static/data/seaWater_uo/2023/7/22/6.asc
ncols 137
nrows 93
xllcorner 108.0
yllcorner 17.0
cellsize 0.25
NODATA_value -32767
[rows 0 to 25 of 93, columns 58 to 115 of 137]
-32767.0 -32767.0 -32767.0 -32767.0 -32767.0 -32767.0 -32767.0 -32767.0 -32767.0 -32767.0 -32767.0 -32767.0 -32767.0 -32767.0 -32767.0 -32767.0 -32767.0 -32767.0 -32767.0 -32767.0 -32767.0 -32767.0 -0.018265389 -0.24785876 -0.6169822 -0.23021322 0.18193488 0.34620637 0.38280722 0.19995968 0.07665768 0.14542595 0.20093863 0.34351254 0.35645202 0.27469462 0.28854147 0.3421035 0.22683123 0.17413045 0.12490586 -0.035542067 0.17072462 0.3480617 0.24408258 0.13323183 0.100380816 -0.11309594 0.15570046 0.28951886 0.36053008 0.33282247 0.48762822 0.6810606 0.61599755 0.417416 0.4059819 0.4272255
-32767.0 -32767.0 -32767.0 -0.0397891 0.038209002 -0.07472091 -0.08236229 -0.0375324 -0.037945714 0.0089045875 -32767.0 -32767.0 -32767.0 -32767.0 -32767.0 -32767.0 -32767.0 -32767.0 -32767.0 -32767.0 -32767.0 -0.10449689 -0.39720675 -0.4106944 0.07628199 0.29791868 0.17495757 0.21929474 0.2930504 0.30719137 0.23254003 0.40107432 0.37882373 0.44315 0.39905795 0.16440162 0.2812103 0.2785368 0.20629154 0.045878995 0.01594663 0.034523252 0.29096594 0.21494563 0.033830635 0.12103407 -0.021552457 0.01957006 0.10394656 0.23900616 0.24024856 0.2656727 0.34984928 0.49866793 0.5368699 0.4952481 0.31466725 0.0652148
-32767.0 -0.11974457 -32767.0 -0.047165222 -0.02568025 0.010641893 -0.003671673 -0.024723371 -0.053992387 -0.08133922 -0.07709783 -0.073993556 -32767.0 -32767.0 -32767.0 -32767.0 -32767.0 -32767.0 -32767.0 -32767.0 -32767.0 -0.19025591 -0.2124953 0.01488577 -0.019390266 0.041492242 -0.106687486 -0.309287 -0.19635294 0.042673044 0.2644636 0.22095492 0.32604218 0.47645596 0.30014881 0.12666559 0.0040063695 -0.04490269 0.026044998 0.057342734 0.21346489 0.46350545 0.38178685 0.26406986 0.12896451 -0.14681469 -0.22305878 0.055331595 0.08332282 -0.14534743 -0.3164684 -0.26300684 -0.057679914 0.10817032 0.06368957 0.01079594 -0.24049392 -0.35021824
-0.07200191 -32767.0 -0.015356952 -0.03350077 -0.039036214 0.0018679015 -0.014012968 0.014934786 0.1335042 0.07112448 -0.030137477 0.027119635 -32767.0 -32767.0 -32767.0 -32767.0 -32767.0 -32767.0 -32767.0 -32767.0 -0.06619466 -0.12964994 0.05719134 0.07338391 -0.15829828 -0.22331148 -0.28336704 -0.21529335 0.011993112 0.17097566 0.3842302 0.50583464 0.35266486 0.25559995 0.099833265 0.17900473 0.14725086 -0.04961413 0.102934234 0.39576274 0.5822175 0.5274818 0.3323612 0.27106568 0.22188017 0.07128757 -0.106330685 -0.04667225 -0.09587646 -0.301531 -0.15292332 -0.01665133 -0.0027438765 -0.05513324 -0.15964186 -0.26216033 -0.07517059 -0.37070507
0.05806429 -32767.0 0.08853714 0.0264473 0.094653666 0.06503176 0.09068205 0.098723695 0.03291948 0.13952829 0.076637045 -32767.0 -32767.0 -32767.0 -32767.0 -32767.0 -32767.0 -32767.0 -32767.0 -32767.0 -32767.0 -32767.0 0.18380527 0.15460834 0.023481065 -0.10950185 -0.09249925 0.13732928 0.040916987 0.11842136 0.14128734 0.101112776 0.12125905 0.011965308 0.235863 0.45461008 0.5080657 0.27761897 0.19938438 0.42422244 0.3307699 0.24453206 0.05257575 -0.010226509 0.10273989 0.122120105 0.060666107 0.041821193 -0.07006903 -0.10109773 0.14199467 0.26166278 0.41689315 0.105205946 -0.112535045 -0.23599975 -0.08636692 -0.36035264
0.21706438 0.21125655 0.25071433 0.24005702 0.20843631 0.21523224 0.15158013 0.09934438 0.07978602 0.02971647 -0.01322181 -32767.0 -32767.0 -32767.0 -32767.0 -32767.0 -32767.0 -32767.0 -32767.0 -32767.0 -32767.0 -32767.0 -32767.0 0.32115138 0.19894092 0.087269306 0.0385316 0.12262451 -0.16118076 0.023284292 0.08460559 0.07213845 0.1608629 0.40997258 0.54136544 0.6096997 0.6382703 0.5994957 0.42321306 0.29235575 0.09741655 -0.13869546 -0.32277396 -0.32919735 -0.20274308 -0.020194225 0.15126224 0.3387479 0.4990873 0.5855717 0.58386755 0.59640163 0.46898988 0.25640127 0.042435892 -0.10291667 -0.055174515 -0.21128331
0.17916122 0.20999782 0.26048633 0.3083343 0.3117481 0.26614073 0.20590185 0.17315748 0.219645 0.06279621 0.012712494 -32767.0 -32767.0 -32767.0 -32767.0 -32767.0 -32767.0 -32767.0 -32767.0 -32767.0 -32767.0 -32767.0 -32767.0 -32767.0 0.12780964 0.23441282 0.116932325 0.0093525825 -0.121183656 -0.12929872 -0.028466795 0.043669812 0.006513301 0.008868142 -0.09375392 -0.11221877 -0.04984342 0.23142157 0.27735034 0.21270542 0.09217218 -0.16081949 -0.4486887 -0.49254045 -0.35637543 -0.06344848 0.14651956 0.3527734 0.5275332 0.6782468 0.59242696 0.3681812 0.3029426 0.25848955 0.28763086 0.25624648 0.032285348 0.091844864
0.2278765 0.18999016 0.19618584 0.26186755 0.34237704 0.3197071 0.26224762 0.2439658 -0.03777116 -0.016251633 -32767.0 -32767.0 -32767.0 -32767.0 -32767.0 -32767.0 -32767.0 -32767.0 -32767.0 -32767.0 -32767.0 -32767.0 -32767.0 -32767.0 -32767.0 0.27297196 0.15218383 0.06785032 0.03982026 -0.070815906 0.10171057 -0.027646914 -0.117928475 -0.20267034 -0.28544682 -0.28624624 -0.1714318 0.045942355 0.12988666 0.028318677 0.07883991 0.2308581 0.11225273 -0.23412399 -0.21288797 0.17264575 0.3762979 0.38553125 0.19608885 0.17704788 -0.07919719 -0.21631044 -0.123231746 -0.038511127 0.08066293 0.23955397 0.25756723 0.2527807
0.18557547 0.21295707 0.23030394 0.32285345 0.352272 0.38754904 0.25177857 0.10145531 0.04309073 -32767.0 -0.018671142 -32767.0 -32767.0 -32767.0 -32767.0 -32767.0 -32767.0 -32767.0 -32767.0 -32767.0 -32767.0 -32767.0 -32767.0 -32767.0 -32767.0 0.19716269 0.24505943 0.16710998 0.15790227 0.25155216 0.23610206 -0.014499102 -0.23553358 -0.24701059 -0.13693948 -0.1386823 -0.031244516 -0.12716198 -0.112433106 -0.05237583 0.10053535 0.3003007 0.48488754 0.64524525 0.66174686 0.6453474 0.524781 0.24727847 0.04131654 -0.20103182 -0.24250028 -0.3245084 -0.18552366 -0.12148233 -0.059007566 0.09239699 0.17524654 0.23401998
0.17324865 0.1939406 0.27072772 0.28829184 0.27865398 0.26694202 0.284881 0.32761198 0.27517754 -0.059088435 -0.09986006 -0.12784646 -0.11460893 -0.107074335 -0.09211614 0.0044075847 -32767.0 -32767.0 -32767.0 -32767.0 -32767.0 -32767.0 -32767.0 -32767.0 -32767.0 -32767.0 0.21211863 0.28464517 0.027076418 0.30727637 0.33905715 0.15347831 0.0035918606 -0.11401857 -0.047567252 -0.022279054 -0.09714037 -0.4360759 -0.4274285 -0.23531778 -0.11692474 -0.07222439 0.108762115 0.19045293 0.106053464 -0.044785693 -0.14632973 -0.08339738 -0.07798438 -0.050061822 -0.27409172 -0.12713787 -0.151069 -0.07835157 -0.031826913 -0.027353607 0.02267782 0.030361263
-0.1781646 -0.081379995 0.2015886 0.18529335 0.12706037 0.14363548 0.17275624 0.180091 0.18595123 0.12911375 -0.049105298 -0.1165913 -0.113244526 -0.08513082 -0.0030961551 -0.015641443 -32767.0 -32767.0 -32767.0 -32767.0 -32767.0 -32767.0 -32767.0 -32767.0 -32767.0 -32767.0 -32767.0 0.070643246 -0.003833164 0.1648079 0.28153923 0.2722075 0.1753298 0.24472629 0.10845937 0.07146663 0.17418179 0.1692645 0.08830841 -0.028724521 -0.0071181664 -0.08910551 0.0023637693 -0.10004721 -0.1844959 -0.10214939 -0.1772009 -0.28357154 -0.23664592 -0.05727907 -0.04248903 -0.11654416 -0.314481 -0.1608714 -0.004953762 -0.08743216 -0.08641144 -0.103604734
-32767.0 0.10102327 0.07398729 0.123497814 0.1077182 0.08183621 0.112615846 0.14794075 0.19736412 0.2044308 0.12995937 0.056832507 0.09761816 0.037774436 0.060908426 0.033486724 0.11145287 0.054306004 -32767.0 -32767.0 -32767.0 -32767.0 -32767.0 -32767.0 -32767.0 -32767.0 -32767.0 -32767.0 0.076330505 0.07027677 0.16084796 0.08720668 0.042861897 0.14038527 0.30846304 0.20369235 0.109184064 0.20324518 0.1116072 0.15245315 0.017520575 -0.0051614246 -0.016503824 -0.07291366 -0.13632153 -0.17088114 -0.15988268 -0.21852373 -0.19592166 -0.072240934 0.049466267 -0.07257484 -0.33976194 -0.17199664 0.2302834 0.4926813 0.30947095 -32767.0
-32767.0 0.04802585 0.10770708 0.27082986 0.16342396 0.0837417 0.11786673 0.16725737 0.17133692 0.13638052 0.070365034 0.008347537 0.047915626 0.0103238765 0.10352963 -0.00021356088 -32767.0 0.020715306 -32767.0 -32767.0 -32767.0 -32767.0 -32767.0 -32767.0 -32767.0 -32767.0 -32767.0 -32767.0 -0.07213698 -0.002781134 0.08763269 0.22087397 0.21272248 0.15428941 0.20208874 0.38888183 0.44672275 0.24389414 0.21899164 0.13304035 -0.055369273 -0.16459827 -0.14085151 -0.18767385 -0.1870927 -0.20811455 -0.07609576 -0.030428713 -0.044211008 -0.1023539 -0.14410487 0.04057907 -0.012844318 -0.4803449 -0.35767576 -0.24068026 -0.07149925 -32767.0
0.21881375 0.2082793 0.2181388 0.15155946 0.15559131 0.17815343 0.21077128 0.22843923 0.17074428 0.091552265 0.12747505 0.1471191 0.12314613 0.09750206 0.13191749 -32767.0 -32767.0 -32767.0 -32767.0 -32767.0 -32767.0 -32767.0 -32767.0 -32767.0 -32767.0 -32767.0 -32767.0 -32767.0 0.040353954 -0.15592021 0.05080311 0.16396984 -0.029497273 0.084286556 0.2370191 0.26557 0.21260972 0.20954178 0.2098767 0.06759625 -0.25076064 -0.31205106 -0.16664599 0.0637629 0.013736836 0.04607145 0.32039997 0.15020376 -0.09245471 -0.19004567 -0.061646763 0.005898929 0.12574293 0.22629951 -0.28127527 0.0069624204 -0.08641525 0.041736826
0.22775225 0.22506599 0.1460566 0.15351994 0.19394104 0.23312297 0.26244736 0.2536842 0.2753403 0.3199437 0.41151515 0.3977186 0.23141152 0.08453751 0.102959685 -0.11650108 -32767.0 -32767.0 -32767.0 -32767.0 -32767.0 -32767.0 -32767.0 -32767.0 -32767.0 -32767.0 -32767.0 -32767.0 -0.034790814 -0.036450762 0.28801912 0.17546521 0.34684125 0.2004602 -0.014520251 0.11383305 0.08173684 0.14894348 0.17957354 0.3050439 0.25462246 0.11830276 0.09802371 -0.018132586 0.13520575 0.10493026 0.016396346 -0.10973326 -0.1964585 -0.27255836 -0.27077755 -0.115898885 0.020806601 0.072238706 0.15851583 0.06631445 0.0027826363 -32767.0
0.09920555 0.08119544 0.11529988 0.14145023 0.15384352 0.19661033 0.25494757 0.33494064 0.40042716 0.508687 0.5835271 0.59888494 0.4774851 0.29660666 0.05123481 0.02912882 -0.046738457 -32767.0 -32767.0 -32767.0 -32767.0 -32767.0 -32767.0 -32767.0 -32767.0 -32767.0 -32767.0 -32767.0 0.11071366 0.27461812 0.308676 -0.063827604 -0.047431663 0.109320745 0.17555472 0.062740386 0.05469138 0.018034287 0.37790287 0.38835806 0.35164732 0.23491304 0.25926527 -32767.0 0.06973281 0.11105498 0.018149763 -0.07767984 -0.22054946 -0.26846936 -0.26058534 0.058018364 0.36527592 0.35570207 0.2251336 -32767.0 -32767.0 -32767.0
0.05169924 0.06196218 0.05182009 0.07427568 0.14448427 0.24296321 0.32524493 0.36237937 0.3772708 0.43708238 0.48762822 0.50736195 0.44816023 0.26329103 0.16324474 0.081858754 -0.007519849 -32767.0 -32767.0 -32767.0 -32767.0 -32767.0 -32767.0 -32767.0 -32767.0 -32767.0 -32767.0 -32767.0 -32767.0 0.29983208 0.13611102 0.10034235 0.051175486 0.04077569 0.060942248 0.058911897 0.20538463 0.44852558 0.22313379 -0.051745307 -0.1625003 -0.080000766 0.11236939 0.14313425 0.27132887 0.39483693 0.21449642 0.08059232 0.3226124 0.23511471 0.20051476 0.23747525 0.50978875 0.6339826 0.5036808 -32767.0 -32767.0 -32767.0
0.10872672 0.058909323 0.063391 0.10829609 0.16221538 0.22034417 0.3153164 0.32707587 0.3025663 0.3216998 0.32713866 0.27379823 0.2106951 0.18319722 0.18879734 0.041392483 0.00496687 -0.05022855 -32767.0 -32767.0 -32767.0 -32767.0 -32767.0 -32767.0 -32767.0 -32767.0 -32767.0 -32767.0 0.1388324 0.08197345 0.12078878 -0.14239109 -0.14804079 0.27166668 0.41265717 0.39590845 0.3263309 0.35227782 0.31421322 0.037683293 0.062409043 0.36561024 0.27641654 0.29665205 0.12659407 0.22667015 0.29980212 0.122044444 0.06740235 0.19824478 0.27711007 -32767.0 -0.23093003 -0.2760921 -0.10007224 -32767.0 -32767.0 -32767.0
0.18555315 0.09306759 0.05428463 0.06535969 0.07232343 0.120937616 0.17900842 0.18996237 0.14729816 0.16438778 0.18671875 0.17030193 0.18427537 0.18152693 0.102364 0.08544627 0.049441654 -32767.0 -32767.0 -32767.0 -32767.0 -32767.0 -32767.0 -32767.0 -32767.0 -32767.0 -32767.0 -32767.0 0.17279866 0.14848426 0.11777804 0.4551655 0.37291786 0.27984935 0.31317654 0.3668627 0.45685667 0.395901 0.47445592 0.38365844 0.32178295 0.33548692 -32767.0 -32767.0 -0.17767245 -0.10995607 -32767.0 -32767.0 -32767.0 -32767.0 -32767.0 -32767.0 -32767.0 -32767.0 -32767.0 -32767.0 -32767.0 -32767.0
0.20118481 0.09806539 0.0274074 -0.014413018 -0.030239299 -0.03807808 0.0070181987 0.0934809 0.13434264 0.06335171 0.037320063 0.084949434 0.14017124 0.13964552 0.07243779 0.036364295 -32767.0 -32767.0 -32767.0 -32767.0 -32767.0 -32767.0 -32767.0 -32767.0 -32767.0 -32767.0 -32767.0 0.29780135 0.34311894 0.28901637 0.03958567 0.03158978 0.09809145 0.22185647 0.426863 0.39278486 0.29754087 0.2937252 0.24972038 0.22929701 0.23220135 -32767.0 -32767.0 -32767.0 -32767.0 -32767.0 -32767.0 -32767.0 -32767.0 -32767.0 -32767.0 -32767.0 -32767.0 -32767.0 -32767.0 -32767.0 -32767.0 -32767.0
0.15289505 0.045585893 -0.054633748 -0.11101078 -0.14980046 -0.10095537 -0.03726447 -0.031955305 -0.005722549 -0.052410956 -0.019730158 0.022797814 0.13958926 0.13366331 0.041906957 0.0060896464 -32767.0 -32767.0 -32767.0 -32767.0 -32767.0 -32767.0 -32767.0 -32767.0 0.19266266 0.06908998 0.2825408 0.43623197 0.40885234 0.24348933 0.22062892 0.15079248 0.15393813 0.38200155 0.39472923 0.19357784 -0.14531745 -0.056537442 -0.09004052 -32767.0 -32767.0 -32767.0 -32767.0 -32767.0 -32767.0 -32767.0 -32767.0 -32767.0 -32767.0 -32767.0 -32767.0 -32767.0 -32767.0 -32767.0 -32767.0 -32767.0 -32767.0 -0.014957095
0.06637388 0.021881115 -0.07379289 -0.13896458 -0.113239504 -0.09988479 -0.11903723 -0.19577202 -0.21469232 -0.07552244 0.021380804 0.13385163 0.1848675 0.15858172 -0.018891431 0.027866136 -32767.0 -32767.0 -32767.0 -32767.0 -0.040449433 0.09308626 0.029963745 0.048470683 0.040234905 0.20692055 0.066909015 0.38622364 0.08965981 0.09764614 0.19892152 0.18472098 0.38504556 0.41869566 0.26458234 0.1300554 -0.081776276 -0.0675892 -32767.0 -32767.0 -32767.0 -32767.0 -32767.0 -32767.0 -32767.0 -32767.0 -32767.0 -32767.0 0.08664871 0.18771373 -32767.0 -32767.0 -32767.0 -32767.0 -32767.0 -32767.0 -32767.0 0.0058471626
0.13574651 0.10015998 0.011084491 -0.06791303 -0.062498137 -0.120201 -0.16168146 -0.21414196 -0.2388247 -0.16364601 -0.035085045 0.046071853 0.10287875 0.17338586 0.14707452 -32767.0 -0.11615178 -32767.0 -0.020504886 -32767.0 0.034645632 -32767.0 0.13423139 0.15467998 0.096088275 0.12205876 0.3349206 0.3899573 0.05910835 0.12327953 0.24921094 0.48550725 0.4729089 0.2852362 -0.073557995 -0.030948682 -32767.0 -32767.0 -32767.0 -32767.0 -32767.0 -32767.0 -32767.0 -32767.0 0.08030299 0.039216675 -0.04676255 -0.06992216 -0.103508435 -0.07034087 0.1228842 0.11929551 -32767.0 -32767.0 -32767.0 -32767.0 -32767.0 0.012594442
0.29080454 0.28173018 0.1240031 0.066392176 0.037565645 0.014860172 0.021745346 -0.054367125 -0.10856873 -0.13536495 -0.013436246 0.09585338 0.06124214 0.1797463 0.3939645 0.30642477 0.13519607 0.09623839 0.15127231 0.23471911 0.31408754 0.26756755 0.30502778 0.46669105 0.5823635 0.6154397 0.3811383 -32767.0 0.18994342 0.64608777 0.6251078 0.42031482 0.2540359 0.12504552 -32767.0 -32767.0 -32767.0 -32767.0 -32767.0 0.12701108 -0.011915369 0.111733414 0.20318449 0.10711908 0.19939259 0.110948525 -32767.0 -32767.0 -0.027709175 0.00433876 -0.023584334 -32767.0 -32767.0 -32767.0 -32767.0 -32767.0 0.14452519 0.07145
0.43152535 0.38663653 0.341447 0.304564 0.23245652 0.19694038 0.12475299 0.04069656 -0.04865161 -0.15697081 0.025046436 0.25191662 0.10421206 0.169658 0.33007583 0.40021163 0.48245636 0.45498136 0.649312 0.6951778 0.6185169 0.5577699 0.40925553 0.21630006 0.21593131 0.29567206 0.4205402 0.53345835 0.5907341 0.42532778 0.17613503 0.050340865 -0.03278689 -0.09389264 -0.022658303 -32767.0 -0.02416517 0.009225049 -32767.0 0.046906468 -0.031795166 -0.14643396 -32767.0 -0.013557653 -0.052737784 -32767.0 -32767.0 -32767.0 -32767.0 0.009447336 0.00026451785 -32767.0 -32767.0 -32767.0 -32767.0 0.22943205 0.097765036 -0.07048261
0.3539411 0.48647204 0.39151698 0.37407067 0.31851846 0.24104255 0.13839719 0.07024137 0.025682652 0.02802142 0.07983312 0.102424555 0.0979393 0.1368943 0.19885468 0.2934952 0.30324587 0.27678704 0.254047 0.2923791 0.417492 0.44597617 0.37883297 0.4088121 0.44939142 0.42220137 0.36788523 0.4193515 0.27818996 -32767.0 -0.051342197 -0.14652616 -32767.0 -32767.0 0.0066676456 -0.03739397 0.0256158 0.012484133 -0.21903466 -0.21720053 -0.22782288 -32767.0 -32767.0 -32767.0 -32767.0 -32767.0 -32767.0 -32767.0 -32767.0 0.1637016 0.051353484 0.048616145 -32767.0 -32767.0 0.048640702 -0.076112464 -0.09397504 -0.12349887
