static/data/seaWater_uo/2023/7/21/0.asc
ncols 137
nrows 93
xllcorner 108.0
yllcorner 17.0
cellsize 0.25
NODATA_value -32767
[rows 26 to 51 of 93, columns 58 to 115 of 137]
-0.16551805 -0.18870418 -0.112572126 0.009229096 -0.010737101 -0.0013796297 -0.047775634 0.0389001 0.08766567 0.11477251 0.10798288 0.16260025 0.23746271 0.24750024 0.22628196 0.13876294 -32767.0 -32767.0 0.004478633 0.05983669 0.19416788 0.3138328 0.38657537 0.28897446 0.17865641 0.13496016 0.035485003 -0.05892682 -0.22189043 -0.28253344 -0.15011926 -32767.0 -32767.0 -32767.0 -32767.0 -32767.0 -32767.0 -0.061531205 -0.16643332 -0.055390995 -32767.0 -32767.0 -32767.0 -32767.0 -32767.0 -0.033467393 -32767.0 -0.22511278 -0.16543745 -0.15444115 -0.0806965 0.13517429 -0.10880332 -32767.0 -0.2066459 -0.5447457 -0.5627127 -0.57959044
-0.14569344 -0.25924367 -0.26595935 -0.12243412 -0.029098516 -0.10006262 -0.15207534 -0.11230024 -0.019212725 0.056247205 0.03052447 0.038937185 0.050937038 0.11260539 0.046053953 -32767.0 -32767.0 0.015637638 0.008735506 0.03882259 0.07632446 0.18235038 0.21100521 0.15285207 0.091464296 0.017967544 -0.12582663 -0.06302858 -32767.0 -32767.0 -32767.0 -32767.0 -32767.0 -32767.0 -32767.0 -32767.0 -32767.0 -0.086825885 -0.0010294137 0.071646325 -32767.0 -32767.0 -32767.0 -0.049038388 0.05486522 -0.005812876 0.1478606 -0.067717396 -0.16942105 -0.32106996 -0.30436584 -0.08096699 -0.06401345 -0.4167846 -0.59340125 -0.5001333 -0.38571614 -0.39648274
-0.09422899 -0.0150619205 -0.07760204 -0.13778692 -0.051164303 0.087429166 0.1160113 0.008654308 -0.07721288 -0.039523188 -0.030584775 -0.014809286 -0.028347973 -0.03566702 -0.07656564 0.0037096972 0.11919586 0.10984465 0.082898796 -0.03835338 -0.007926082 0.032393206 0.041492157 -0.03981461 -0.074927084 -0.14666648 -32767.0 -0.14657837 0.07704578 -32767.0 -32767.0 0.024378218 -32767.0 -32767.0 -32767.0 -32767.0 -32767.0 -32767.0 0.19726087 -0.019817976 -32767.0 -32767.0 -0.14418262 -0.15294428 -0.10744636 -0.026683453 -0.11887783 -0.22568697 -0.4088315 -0.6311902 -0.4252434 -0.36813572 -0.52950215 -0.4948459 -0.35766366 -0.24569197 -0.16232358 -0.16346821
0.122334674 0.048243925 0.02775596 0.07216933 -0.014518795 -0.07793573 -0.020985903 0.08501691 0.124875925 0.061822854 0.017638378 -0.058006883 -0.11478987 -0.15556133 -0.14508332 -0.11002372 -0.047040705 -0.05459349 -0.13637611 -0.056046728 -0.026929501 -0.055147845 -0.008874475 -0.054736227 -0.07243493 -32767.0 -0.16824168 -0.1291772 -0.02374457 0.031061357 0.11355654 -32767.0 -0.07403984 -32767.0 -32767.0 -32767.0 -32767.0 -32767.0 0.04176935 0.3416121 0.36685288 0.21355762 -0.17348331 0.049057454 -0.16491133 -0.18641867 -0.21668614 -0.38074616 -0.58956623 -0.53755933 -0.36270517 -0.37200576 -0.2820321 -0.18388529 -0.13512288 -0.11097382 -0.1421451 -0.12373548
0.046192937 0.017699284 0.07685583 0.15427163 0.1632 0.21416527 -0.058025673 -0.06844707 0.06762542 0.06309651 0.034139737 -0.20676425 -0.41121945 -0.22128771 -0.13797349 -0.1600094 -0.15938216 -0.124269925 -0.099378616 -0.011101837 0.09488327 0.03109799 0.042362567 0.08047945 0.14631628 0.29386216 0.09292032 0.08414651 -0.07917304 -0.07377564 -0.23229277 -0.22022466 -0.09263372 -32767.0 -32767.0 -32767.0 -32767.0 -0.069357745 -0.28020507 -0.3011422 -0.1633202 0.08516364 0.2792734 0.29206657 0.2820367 0.24657308 0.16330259 -0.034207635 -0.14572515 0.10372101 -0.024624055 -0.09755204 -0.18802957 -0.12994176 -0.18460949 -0.22513112 -0.19871224 -0.1352857
0.09280727 0.09895972 0.08997165 0.12710874 0.16062 0.24202558 0.115571246 0.17679237 0.018075729 -0.2150053 -0.041776776 -0.11125852 -0.11467766 -0.060539927 -0.09634369 -0.077803336 -0.111113824 -0.05335313 3.7341379e-06 0.028100964 0.04419971 0.0006812316 -0.052753486 -0.034537226 -0.0043481067 0.11945737 0.25769594 0.374544 0.24850076 0.050221097 -0.10891703 -0.085759744 -0.08577714 -32767.0 -32767.0 -32767.0 -32767.0 -0.14833863 -0.24875377 -0.28782025 -0.2673101 -0.11063843 0.101367645 0.22521882 0.3010078 0.40028325 0.5483833 0.6966152 0.6536698 0.4341152 0.3592649 0.13473581 -0.069172405 -0.16689906 -0.27479056 -0.27227464 -0.11433501 -0.120847434
0.04059153 0.028540809 -0.007503746 0.060950916 -0.009797073 0.096140236 0.13786982 0.17303044 0.26542452 0.031500056 -0.004808876 -0.018808 -0.07774098 -0.033698633 0.058687028 0.0670581 0.0010295985 0.0082452865 0.070717745 -0.011467044 -0.09117766 -0.15539292 -0.15555808 -0.095605135 -0.025357177 0.09242053 0.0864308 0.14308682 0.28635916 0.18830867 0.06283609 -32767.0 -32767.0 -32767.0 -32767.0 -32767.0 -0.08422638 -0.19857396 -0.28502795 -0.40167007 -0.1189394 0.44542068 0.617046 0.62157387 0.6408565 0.6951813 0.72208816 0.69512266 0.675153 0.7956097 0.88426214 0.66293716 0.3143552 -0.036357585 -0.16286935 -0.11175781 -0.13882314 -0.14092913
0.10261988 0.039788228 -0.029153084 0.07227136 -0.023823647 0.017022414 0.11193447 0.10666878 0.36704037 0.39390948 0.2755732 0.32794577 0.065619886 -0.039281182 0.0323886 0.04899637 0.012657136 0.0082594305 0.028717287 -0.062965706 -0.10964616 -0.19435781 -0.20670025 -0.16724762 -0.072962634 0.040982753 0.0492903 0.108504094 0.06866641 0.21331924 -0.051073864 -32767.0 -32767.0 -32767.0 -32767.0 -32767.0 -0.059865564 0.09488257 0.12959187 0.48997033 1.0129629 0.83043486 0.7884721 0.79655945 0.84465814 0.87560177 0.8696487 0.8673883 0.8222079 0.67238384 0.691843 0.8605238 0.9318159 0.55440456 0.13192767 -0.0044163554 -0.11943618 -0.11327196
0.13304003 0.08282781 0.13627739 0.1234989 0.01762607 -0.0007589217 -0.007224139 0.08653124 0.2483699 0.3125863 0.34132013 0.31732595 0.2502804 0.28854242 0.11795395 0.13304919 0.061888583 0.010068284 0.01876364 0.043711793 0.032791227 -0.0040544174 0.004564577 0.06463243 0.08937699 0.058896612 0.11341858 0.07622206 0.08426729 0.008959639 0.033361204 -0.034962554 -32767.0 -0.018978627 -32767.0 -32767.0 0.18415384 0.6324139 0.9123095 0.924142 0.84567666 0.7431496 0.6793611 0.6708038 0.67661 0.7091464 0.73436326 0.71745455 0.73144543 0.7068043 0.68254966 0.73691785 0.8472631 0.93614745 0.6670847 0.22430624 -0.00969659 -0.12115259
0.35895965 0.036620516 -0.024130462 -0.004711893 -0.049663328 -0.107283026 0.069241956 0.20107065 0.22322513 0.27493042 0.19581392 0.16486193 0.08930152 0.114381455 0.15114589 0.101375505 0.03406544 -0.020096758 -0.02507471 -0.0052651246 0.05289597 0.20457731 0.3201016 0.28828242 0.29434147 0.26389626 0.2118098 0.20677839 0.13353458 0.16009222 0.13005182 0.18217668 0.08204114 0.01432226 -32767.0 0.34377888 0.44783095 0.31060353 0.55926245 0.6440988 0.63721824 0.5665716 0.5311352 0.4028941 0.40193257 0.4437734 0.5195365 0.523894 0.50819045 0.58733356 0.6614611 0.67819226 0.72481084 0.80021906 0.8918303 0.5802647 0.26201507 0.06724491
0.15617594 -0.0014085418 -0.064194866 0.002330905 0.012506762 0.17983726 0.15523767 0.075639725 0.10071342 0.15996958 0.17147814 0.11773479 0.070029624 0.060341746 0.1426552 0.10792266 0.039660368 0.023042731 0.012704868 0.10924769 0.2957307 0.3175187 0.2649534 0.24964966 0.29901716 0.40774578 0.4569832 0.43026146 0.27686146 0.28663477 0.37884027 0.27848786 0.37232426 -32767.0 0.72122896 0.24127096 0.13227156 0.3135372 0.41285068 0.4692679 0.4390859 0.40798685 0.26194185 0.2563655 0.04830371 -0.0661153 -0.061299928 0.025514403 0.09144433 0.14685398 0.27336216 0.39158294 0.521643 0.62956244 0.74998724 0.7977264 0.6166499 0.4220181
0.08695898 0.010998067 0.06690086 0.053128198 0.24240339 0.32223 0.20654036 0.045301717 0.1316051 0.18234816 0.1488142 0.14364283 0.12070558 0.09255568 0.10635627 0.15352629 0.19622482 0.11556193 0.1655379 0.28475267 0.30180448 0.1757684 0.09438066 0.17707244 0.39034262 0.5541879 0.6328322 0.6690942 0.57434535 0.31413192 0.07492285 0.35440964 0.06475372 0.28508678 0.25635985 0.054876056 0.117503956 0.1515894 0.2692024 0.3481861 0.33449525 0.28226915 0.19106027 0.2560499 0.2195077 0.16722593 0.15626027 0.21046214 0.27154654 0.2868944 0.31192827 0.35014477 0.42278025 0.5419955 0.63662475 0.75262374 0.71859294 0.6357593
0.016690265 0.110702544 0.069272235 0.18374795 0.28452715 0.30075273 0.2883876 0.2621369 0.23318927 0.18778466 0.22356093 0.15904811 0.18869749 0.15287954 0.17629354 0.24439083 0.28726858 0.28813592 0.34161013 0.39932966 0.3265894 0.19482686 0.10656576 0.13442487 0.26542437 0.3977521 0.54549354 0.6634195 0.7813857 0.6451599 0.4396897 -32767.0 0.41577354 0.3013398 -32767.0 -0.099245295 -0.14880763 0.04479721 0.12081579 0.19356823 0.23707555 0.20846783 0.19691625 0.23944423 0.24869928 0.2829208 0.23210737 0.3064147 0.2511326 0.21877232 0.25102416 0.124165766 0.2853732 0.4299647 0.57368183 0.66934645 0.7996655 0.79152054
-32767.0 0.14249918 0.20254563 0.3450671 0.3797985 0.3082945 0.2939433 0.3371349 0.24073333 0.17706253 0.14766172 0.12053876 0.17786174 0.195571 0.16164958 0.15610784 0.3472558 0.49477196 0.48028052 0.39715344 0.280967 0.2076963 0.086648084 0.11959478 0.21780285 0.3170517 0.48810753 0.6454159 0.7250062 0.8023513 0.700897 0.3840638 -32767.0 -0.23857972 -0.11843263 -0.18422514 -0.16218664 0.04708836 0.16092885 0.1716147 0.22111191 0.22986907 0.2070259 0.2449846 0.23661578 0.25527722 0.31290558 0.33159417 0.42246544 0.480604 0.47456697 0.35040513 0.20562245 0.28392124 0.39968956 0.6030085 0.8493043 0.98589396
0.10774726 0.118874885 0.27063084 0.36112496 0.3873917 0.3395744 0.19908264 0.1552348 0.29257974 0.32262158 0.3259116 0.25578704 0.25369406 0.29470778 0.37288514 0.51425457 0.57946795 0.43586108 0.3271943 0.34669733 0.3268006 0.20767657 0.21927309 0.3286751 0.3671111 0.37827203 0.6321255 0.75530726 0.68446434 0.7104778 0.67170584 0.86620283 0.29720235 0.24367824 0.18923648 0.17728734 0.16365318 0.19726771 0.2934744 0.2800556 0.27862498 0.23602337 0.23610663 0.2643377 0.26620066 0.28242993 0.14286558 0.056428477 0.12017758 0.23000537 0.3474701 0.44095784 0.32083136 0.21500094 0.27427587 0.43958586 0.69704795 0.91785383
0.13449532 0.15276414 0.23735385 0.36112857 0.38498792 0.38536972 0.4495058 0.2894358 0.14870113 0.20658755 0.2939011 0.43464285 0.42860833 0.38144743 0.2990038 0.35969266 0.40096185 0.24441288 0.17636326 0.31872207 0.38545394 0.45683414 0.63110507 0.6665346 0.53582203 0.57396466 0.5506504 0.49965888 0.5172255 0.6476002 -0.06822425 0.75518703 0.7271277 0.37296304 0.2962183 0.223684 0.43274945 0.4983927 0.49490163 0.45359105 0.31321195 0.2623525 0.3167121 0.22150469 0.21873577 0.22708902 0.15146856 0.09101722 -0.02894761 0.0061720363 0.11008872 0.25280416 0.35606235 0.2820971 0.30705276 0.42618138 0.52491575 0.59795135
0.14079888 0.16603024 0.15376262 0.17992051 0.28509077 0.19272314 0.18946898 0.18735994 0.20536043 0.1694441 0.1899982 0.27233744 0.3795678 0.39906675 0.38869905 0.3473828 0.2995434 0.38591695 0.4153912 0.4804647 0.67975026 0.81789434 0.8120814 0.67552793 0.5644387 0.4815106 0.27756876 0.16913457 0.10884418 0.23033993 0.4776266 0.06397509 0.6268709 0.9468463 0.9448366 1.0342579 1.0435597 0.8043872 0.6317185 0.4892561 0.32168266 0.26997745 0.28215683 0.18754448 0.15093766 0.16541667 0.11379041 0.08510479 0.012719469 -0.018040352 0.12432368 0.18258148 0.29091603 0.40914315 0.45196557 0.4738197 0.45948133 0.48148984
0.13007031 0.195595 0.2566851 0.30433604 0.24354161 0.15929337 0.080429256 0.06614265 0.1690917 0.22782284 0.23721682 0.25102094 0.23036534 0.28946266 0.37310562 0.3064555 0.17305073 0.23412544 0.40746468 0.60718215 0.72853285 0.77053994 0.7188142 0.62130666 0.5099209 0.32501072 0.091889344 0.07412854 0.14895828 0.33532336 0.4599561 0.5977374 0.44951624 0.7231442 0.8408506 0.9280237 1.0276299 0.8464853 0.61235833 0.43111613 0.39124045 0.3093159 0.2734414 0.19060111 0.12648433 0.14356634 0.0956508 0.003083113 -0.027659813 -0.034131315 -0.028888468 0.20346694 0.5178811 0.46586156 0.19356878 0.17269881 0.2890917 0.3214952
0.23336513 0.28649136 0.23378965 0.16560201 0.39253673 0.3095167 0.24425788 0.14318335 0.1375051 0.21103406 0.22459762 0.21760191 0.23450823 0.25097182 0.2976197 0.2971813 0.30373177 0.3386586 0.5079778 0.59733355 0.7268548 0.7235607 0.6065149 0.49205425 0.37530333 0.21228637 0.07066846 -0.13215218 0.08532728 0.10948975 0.4810868 0.6111426 0.7274637 0.6978115 0.7912524 0.86841893 0.80543315 0.6363353 0.53470093 0.52533376 0.46902937 0.31833956 0.26808748 0.18271752 0.099524155 0.15229705 0.049616143 -0.0351419 -0.012866773 -0.0762461 -0.10276208 -0.06877351 0.0612154 0.31348395 0.3517295 0.27844906 0.25640875 0.21185866
0.3504746 0.37799716 0.502035 0.54226995 0.27763334 0.46148324 0.40075925 0.42633644 0.3667038 0.18444781 0.16555221 0.1911986 0.22905712 0.27146566 0.29694277 0.21064743 0.1639899 0.34570032 0.47598702 0.5925574 0.62005776 0.5242565 0.4154081 0.31323045 0.19189137 0.32246986 0.1342789 -0.0011023051 -0.14741856 0.19817457 0.33351406 0.46648964 0.586495 0.6067521 0.563947 0.5849443 0.64018846 0.6466661 0.5953848 0.50069237 0.38837692 0.2991833 0.23571454 0.18225591 0.09042968 0.113743044 0.17261404 0.10468315 0.08061586 0.13044427 -0.04950872 -0.11456057 -0.060704246 -0.04741756 0.06462979 0.11916402 0.11742539 0.033186343
0.43030584 0.60293645 0.7984406 0.77620226 0.65145504 0.6247939 0.41690022 0.26521924 0.22665983 0.2237034 0.25360653 0.24248913 0.23850814 0.28696275 0.15900435 0.06799718 0.31603324 0.41472924 0.51906043 0.54862696 0.44704494 0.34167594 0.24166715 0.09598671 0.045961633 -0.1222548 -0.12801893 -0.05282823 -0.05542687 -0.033254832 -0.069092505 0.030398492 0.14492305 0.42448747 0.6080694 0.660153 0.70398617 0.6831875 0.6034823 0.49211928 0.37662253 0.2903524 0.22910386 0.19978434 0.05254379 0.038328886 0.1538492 0.14583059 0.048371524 0.06709035 -0.04670969 -0.20161624 -0.18906236 -0.16595827 -0.0947851 -0.04925481 -0.07794408 -0.19600797
0.89790356 0.8114019 0.56771904 0.51540726 0.5557199 0.5668893 0.3727244 0.14046852 0.18765655 0.19807091 0.1926883 0.17669317 0.18793687 0.2649085 0.25109428 0.30495298 0.34457096 0.42939222 0.49804688 0.42618 0.32191443 0.22317272 0.15862669 0.0031709508 -0.15175271 -0.252273 -0.049565867 -32767.0 -0.0808275 -0.109735645 0.03381492 0.25949863 0.38339254 0.52252483 0.67359674 0.693758 0.64796793 0.6159345 0.5878169 0.4977049 0.3754328 0.22156422 0.2000807 0.14584313 0.052477553 -0.010526631 0.016708948 -0.11549358 -0.15302725 -0.10654345 -0.10704114 -0.20398095 -0.3423179 -0.45649126 -0.41129395 -0.40808836 -0.3491819 -0.13197044
0.58747214 0.31106594 0.28217182 0.30813843 0.3261381 0.42238784 0.44834882 0.14000839 0.23847672 0.2024492 0.18264379 0.0823211 0.0945208 0.051555745 0.16847102 0.22836266 0.28240898 0.4422139 0.40848336 0.33345684 0.23421112 0.17047882 0.135007 0.007248118 -0.15442958 -0.14749613 -0.21201518 -0.26706186 -0.13591115 0.15112504 0.31368506 0.32226127 0.3868031 0.5703816 0.50837034 0.45868772 0.46174955 0.47517943 0.43794534 0.4108349 0.320174 0.17631239 0.13997996 0.07536717 0.019865435 -0.022910498 -0.16199404 -0.27096188 -0.20161875 -0.18507764 -0.18985863 -0.18461806 -0.18062648 -0.21929047 -0.18778783 -0.135219 -0.034101885 0.0022317446
0.17050526 0.25555155 0.33446416 0.4068417 0.37932056 0.51480067 0.5146855 0.29200014 0.30278036 0.3527713 0.2210636 0.10641166 0.03445432 0.09057175 0.21263811 0.16777804 0.34706718 0.4036521 0.3322774 0.26667768 0.18555431 0.15330173 0.14183412 0.070970304 0.08046523 0.093542196 -32767.0 -0.08267059 0.09580763 0.26069257 0.24336298 0.25302348 0.40809426 0.35863054 0.2911786 0.34481922 0.43877122 0.37326005 0.30775264 0.27692378 0.20462355 0.08328702 0.047369402 -0.0019892082 -0.015616384 -0.1746204 -0.2522209 -0.1109872 0.051012382 0.08212044 0.16803677 0.19552663 0.21561019 0.10987237 -0.010117928 -0.00501452 0.000565128 0.033232305
0.17176482 0.326929 0.26232606 0.26844716 0.34524232 0.50893337 0.45708856 0.46498016 0.5149058 0.3393056 0.1725639 0.11450594 0.077844255 0.16551237 0.25590003 0.39366615 0.45784977 0.4162746 0.3475557 0.2385273 0.116845295 0.06842429 0.025469093 0.050985787 -0.037778273 0.03055925 -0.1360533 0.035036463 0.16122098 0.24622108 0.17653428 0.17885551 0.27538022 0.17722945 0.23756056 0.13596897 0.20996997 0.14024433 0.11749325 0.121734746 0.06434933 0.014329229 -0.034687854 -0.10578378 -0.15206066 -0.3024189 -0.19712828 0.044043995 0.07973092 0.0481911 0.11824338 0.25559798 0.29079524 0.14454117 -0.011746699 -0.015176997 0.023430496 0.001768186
0.22341053 0.08954174 0.06980813 0.12493004 0.18511179 0.29985583 0.34489664 0.33923516 0.33006153 0.18195215 0.12108303 0.1252425 0.20271902 0.37240034 0.48006448 0.6406071 0.6053602 0.44799897 0.41108823 0.2605992 0.10506571 0.07583508 0.04379433 0.019322561 0.04689469 -0.058473323 -0.018386116 0.10289035 0.18003985 0.23331334 0.11183099 0.1147652 0.12392643 0.124134086 0.08292366 -0.042762425 -0.038037285 -0.0933799 -0.09909162 -0.07288079 -0.0704951 -0.109184824 -0.17642407 -0.21545768 -0.34702608 -0.2883301 0.002493355 0.07327692 0.10639219 0.057754673 0.08861897 0.15769273 0.111683704 -0.00969682 -0.13826926 -0.048414215 0.11886729 0.09851977
