static/data/seaWater_uo/2023/7/21/12.asc
ncols 137
nrows 93
xllcorner 108.0
yllcorner 17.0
cellsize 0.25
NODATA_value -32767
[rows 26 to 51 of 93, columns 58 to 115 of 137]
0.09361359 0.21387202 0.14027447 0.061021026 0.10792578 0.07494161 0.034305707 0.016805677 0.0024621675 0.013892887 0.05220882 0.06405599 0.03013589 0.035680164 0.096880205 0.2133144 -32767.0 -32767.0 0.03494783 0.25361755 0.38142115 0.42760593 0.41172764 0.39492127 0.37617543 0.2875258 0.2442067 0.11064717 -0.16707182 -0.24854465 -0.20562398 -32767.0 -32767.0 -32767.0 -32767.0 -32767.0 -32767.0 0.031328857 0.090183444 -0.081500135 -32767.0 -32767.0 -32767.0 -32767.0 -32767.0 -0.004374356 -32767.0 -0.20293409 0.093125954 0.5138582 0.2807777 -0.20137277 -0.0269387 -32767.0 0.026139414 -0.14803848 -0.20663531 -0.14241087
0.073690556 0.05349168 0.1458878 0.14372964 0.1401364 0.15889296 0.2617581 0.23866312 0.1731763 0.14633797 0.12416301 0.10064831 0.07008072 0.104860574 0.032021053 -32767.0 -32767.0 0.2657909 0.27785417 0.23240663 0.21516639 0.27541912 0.34168616 0.36462277 0.2960682 0.22538993 0.11393029 0.16603209 -32767.0 -32767.0 -32767.0 -32767.0 -32767.0 -32767.0 -32767.0 -32767.0 -32767.0 -0.1052478 0.2110571 0.028133933 -32767.0 -32767.0 -32767.0 0.042547625 0.089551926 0.12250595 0.15270872 0.12908337 0.5836536 0.3133801 0.13447517 0.18550004 0.18139558 -0.10907132 -0.28994602 -0.2808576 -0.2443117 -0.13194788
0.039056182 -0.00024851883 0.042428464 0.123153396 0.09091677 0.10230758 0.14081137 0.21468438 0.22534205 0.16395679 0.1832872 0.16299386 0.057205435 0.09574267 0.036973 0.11973041 0.27155304 0.27043316 0.25406694 0.16989258 0.14294402 0.19972248 0.28627965 0.27957496 0.17848958 0.059410624 -32767.0 0.008660067 0.0343575 -32767.0 -32767.0 0.078721456 -32767.0 -32767.0 -32767.0 -32767.0 -32767.0 -32767.0 0.22450377 0.12033761 -32767.0 -32767.0 0.027341884 0.15561596 0.31758338 0.3518963 0.3676199 0.53020734 0.43665662 0.1941972 0.119927466 0.008692943 -0.07500917 -0.18920481 -0.15165107 -0.028752744 0.10475619 0.083058074
0.21644077 0.04783157 0.061001565 0.11699309 0.13150741 0.20503035 0.14635457 0.084427536 0.10538559 0.1339331 0.14024304 0.14246696 0.1190996 0.16412997 0.1403653 0.10935439 0.10169159 0.048481315 0.08038402 0.25542834 0.26793623 0.2366499 0.21581028 0.32898176 0.15671414 -32767.0 0.06294762 0.0022104403 0.021856872 0.10870044 0.27379015 -32767.0 0.033126213 -32767.0 -32767.0 -32767.0 -32767.0 -32767.0 0.4236903 0.47022402 0.5602037 0.24091542 0.20457034 0.5377511 0.539783 0.23670854 0.17816932 0.38439137 0.351303 0.03121675 -0.029966705 0.017565386 0.1192435 0.14487238 0.2160617 0.23362523 0.23023528 0.17656428
0.11405084 0.09977215 0.04325583 0.050013747 0.15498795 0.16949876 0.36223957 0.3492083 0.19021298 0.21086368 0.2109314 0.27161983 0.4771089 0.2942992 0.15326068 0.13409774 0.06918184 0.06538587 0.09933289 0.13729812 0.073845685 0.06563116 0.07470858 0.2208798 0.4196414 0.5371021 0.46152344 0.34379452 0.07521183 0.09152744 -0.12481318 -0.1725124 0.059964225 -32767.0 -32767.0 -32767.0 -32767.0 0.13309817 0.05995259 0.049127433 0.11158938 0.3460721 0.6063439 0.75623345 0.88102067 0.94997835 0.89660686 0.45055857 0.61104465 0.5905689 0.2922547 0.2667412 0.43061316 0.3630601 0.42383364 0.3464054 0.17681918 0.1328322
0.09122379 0.16546124 0.28357774 0.24307495 0.22715472 0.25122792 0.3407782 0.43050674 0.3846293 0.51297563 0.35295427 0.33212784 0.2969482 0.2628933 0.20911959 0.18629135 0.13306764 0.08430561 0.05316234 -0.046618376 -0.08175588 0.0034324215 0.07903198 0.11066212 0.17855893 0.25379035 0.35478255 0.52416325 0.4101573 0.18655157 -0.04441959 0.13335295 0.07452166 -32767.0 -32767.0 -32767.0 -32767.0 0.078559406 0.057122268 -0.09109995 -0.13721532 0.082258016 0.47104752 0.70551366 0.8149386 0.9080623 1.0115271 1.1219332 1.2692 1.2663263 0.9286801 0.57240003 0.44402257 0.44611377 0.3349138 0.15544449 0.035882656 0.067257315
0.11474527 0.13422403 0.2702073 0.22700359 0.24361268 0.24726784 0.3284283 0.36363015 0.43306026 0.43832526 0.4847726 0.40274435 0.41403028 0.2793386 0.27597132 0.21053329 0.18383333 0.116335355 0.0347395 -0.106664926 -0.10098808 -0.028020924 0.03646064 0.134536 0.18475758 0.21803774 0.2738672 0.20954333 0.34189805 0.319203 0.13418463 -32767.0 -32767.0 -32767.0 -32767.0 -32767.0 0.06621114 -0.030802447 -0.094351314 -0.19437914 -0.05064958 0.6905878 0.9019919 0.9242184 1.0244503 1.0877072 1.1284908 1.1697717 1.2054375 1.2532947 1.26638 1.1764572 0.7532693 0.48485547 0.35351628 0.122469045 0.012596734 -0.021095572
0.19815247 0.19783816 0.2578381 0.09905106 0.13900991 0.15173024 0.0719207 0.06970507 0.11971422 0.2864556 0.3162431 0.2768649 0.28279334 0.33870855 0.24886386 0.25427565 0.23645855 0.17280456 0.033806592 -0.03073147 0.012948271 0.07582305 0.1011721 0.16695333 0.21710469 0.20425414 0.20831302 0.15957442 0.15151809 0.27100754 -0.012391548 -32767.0 -32767.0 -32767.0 -32767.0 -32767.0 0.12090175 0.15004222 0.35124555 0.68462324 1.175095 0.98284686 0.8853017 0.8352686 0.86487323 0.9043682 0.95507294 1.0249528 1.0064706 1.1037662 1.1418798 1.1295838 1.1576684 0.8984927 0.4754746 0.19595198 -0.015077288 -0.14151347
0.14019349 0.24097061 0.15968359 0.053367656 0.20228384 0.18415938 0.17414054 0.15150799 0.017345654 -0.05827354 0.03526281 0.14872523 0.22720309 0.25190154 0.21615101 0.114407286 0.07890399 0.111230984 0.14282303 0.16675319 0.19001372 0.24128945 0.29302767 0.29059663 0.28199616 0.25967726 0.23963429 0.1360652 0.10166779 0.020504462 0.14945233 0.058477435 -32767.0 0.05080448 -32767.0 -32767.0 0.23075417 0.82010293 1.0275872 1.0190755 0.994158 0.8331891 0.6670066 0.63967896 0.62495756 0.65229374 0.72168833 0.76604223 0.82218045 0.8073383 0.93908465 0.9263868 0.97365534 1.0929396 0.86760855 0.39381257 0.04335325 -0.12699516
0.23925413 0.30006695 0.020968549 0.07166821 0.08372388 0.043666396 0.017535092 0.06495633 -0.021771153 -0.036949918 0.02733342 0.14113277 0.18636602 0.12941119 0.13582437 0.07105315 0.09952049 0.19416602 0.21457124 0.16484436 0.2801975 0.3422285 0.2354314 0.20792317 0.21084598 0.23640892 0.2719393 0.290659 0.1826813 0.1636004 0.16923285 0.18460836 0.12677404 0.09310196 -32767.0 0.29220122 0.4402288 0.5064098 0.6998886 0.69050956 0.6657863 0.57948256 0.530999 0.33729947 0.2873061 0.2737276 0.33714083 0.43866193 0.4882865 0.5275783 0.6905851 0.81242746 0.8039887 0.88222545 1.0353258 0.697062 0.27377686 0.1098225
0.12155005 0.3248073 0.27832356 0.18734075 0.17431387 0.20320351 0.20460531 0.008725959 -0.029919272 -0.048529416 0.034144074 0.12901074 0.21629287 0.23030823 0.117098585 0.14565705 0.21527484 0.24936035 0.22534248 0.2657769 0.19419672 0.13977914 0.1421031 0.16851668 0.27578366 0.37396473 0.40879214 0.37177292 0.41265824 0.37917244 0.44810727 0.3278864 0.38225898 -32767.0 0.75737494 0.26885515 0.25959814 0.21433817 0.26631927 0.34583014 0.3518647 0.3308922 0.26035362 0.15329769 0.15464719 0.05018692 -0.01644129 0.07815769 0.21177603 0.26610965 0.37892693 0.54660994 0.63732076 0.75692636 0.84783065 0.9965337 0.678769 0.3909915
0.12619053 0.17986438 0.22819217 0.35012057 0.24567598 0.22949696 0.28837788 0.14429954 0.08734426 0.02948868 0.03215481 0.12501104 0.19082472 0.21562952 0.19975841 0.22479536 0.2779237 0.31224442 0.28113905 0.15057144 0.057244636 0.07201462 0.09077629 0.16032988 0.2540224 0.42425618 0.52815825 0.593643 0.5720912 0.5003652 0.021696853 0.22915435 -0.0438063 0.17214243 0.23274232 0.07510901 -0.024970748 0.08438155 0.14096072 0.1998194 0.18686998 0.20996049 0.13626277 0.14734146 0.21914326 0.2667685 0.033398516 0.11346346 0.12055028 0.10963989 0.14464574 0.2061382 0.37035868 0.58182174 0.7061647 0.9263461 0.93759966 0.6736007
0.07285063 0.23068786 0.13753949 0.12220941 0.098659635 0.15029168 0.07409932 0.1344941 0.17876501 0.20350452 0.18834317 0.16369233 0.17532642 0.14546598 0.21561651 0.29154205 0.31631544 0.40898857 0.24828145 0.116761446 0.0051610796 0.03755359 0.016398693 0.015987262 0.10274647 0.23150907 0.37801617 0.5760286 0.6803971 0.6920929 0.5415468 -32767.0 0.46292147 0.36640656 -32767.0 -0.0141607635 -0.17060383 -0.1166898 0.026285488 0.017750511 0.06268875 0.042393804 0.06394962 0.04883883 0.12388971 0.16938674 0.09679887 0.044162475 0.046595726 0.12558547 0.12045726 0.076034166 0.24976853 0.4950807 0.71106565 0.77640355 1.0314475 0.9293593
-32767.0 0.2018619 0.24056768 0.21317577 0.121157154 0.08938998 0.17064743 0.17795496 0.14123133 0.14659475 0.20976312 0.26392713 0.17724557 0.21007274 0.266 0.34530088 0.33325848 0.27244782 0.09312396 0.017290188 -0.09486315 -0.049411524 -0.027436601 0.047968473 0.065511875 0.21520407 0.3251158 0.48874855 0.5935878 0.71401864 0.6801585 0.39022374 -32767.0 -0.15281673 -0.0041881874 -0.09746198 -0.10410386 -0.14166714 -0.018917756 0.037136972 0.09370598 0.015825283 0.013460536 -0.04536198 -0.05940757 0.010587243 0.02120962 0.10893865 0.25998795 0.36995545 0.3346237 0.34686193 0.19534881 0.33141652 0.5326108 0.72631836 0.829555 1.0440296
0.08289201 0.12982036 0.21061441 0.18689741 0.09479124 0.080810435 0.1675747 0.19832265 0.28835025 0.2807111 0.13371137 0.1923071 0.25212967 0.267475 0.2535695 0.23237146 0.14332731 0.06269369 0.041086588 -0.11223137 -0.04818259 0.023229826 0.15168001 0.25432166 0.29472217 0.21876404 0.43678522 0.580911 0.6176881 0.55908906 0.6149326 0.8352332 0.1839281 0.059068225 -0.053878922 0.122661196 -0.0010589955 0.009819853 0.06395295 0.14462759 0.11777781 0.033517342 0.0005599222 -0.09170415 -0.14087929 -0.14289136 -0.12143819 -0.059657857 0.047510725 0.17735066 0.3502394 0.37752846 0.26117793 0.16071701 0.26425055 0.4226434 0.59480727 0.751031
0.12337723 0.1619496 0.13237837 0.110585585 0.13120426 0.19670503 0.22846958 0.21647483 0.25822672 0.24404301 0.25561038 0.29707274 0.34253567 0.33672673 0.34060124 0.27061886 0.22165793 0.13247989 0.032925803 0.025123652 0.107451215 0.2930271 0.45804784 0.5260881 0.47710282 0.42072743 0.4209675 0.49168852 0.5040362 0.5007174 -0.18495642 0.7337789 0.66020244 0.29037696 0.22458406 0.2575851 0.32747608 0.4706577 0.37980855 0.23167877 0.16199945 0.06159527 0.0058965473 -0.07044359 -0.10788678 -0.16691773 -0.06333675 -0.054191448 -0.11747491 -0.049435593 0.07578025 0.17876506 0.2038525 0.12398512 0.09081575 0.19110094 0.31132156 0.3762304
0.12660196 0.13914226 0.1018627 0.103246935 0.08631821 0.083239324 0.029076781 0.11639694 0.18216224 0.205803 0.17644352 0.1932924 0.25598666 0.32094008 0.37158197 0.28477955 0.2649603 0.2589259 0.19547272 0.32112122 0.42562258 0.5754303 0.67955524 0.6391805 0.52075857 0.37204263 0.20057489 0.18519522 0.09904996 0.13780828 0.19431627 0.013283358 0.6229804 0.7640261 0.7945795 0.93846995 1.0689756 0.81825954 0.51913965 0.29456538 0.13502526 0.05994897 0.0029964668 -0.07819812 -0.08642964 -0.18747059 -0.18634725 -0.21516986 -0.25720564 -0.15895405 -0.0044457354 0.06442166 0.095361136 0.16129294 0.19290572 0.2410564 0.25639403 0.21675433
0.08562217 0.16805339 0.21747412 0.25341243 0.2124918 0.11258479 0.11117384 0.11776267 0.11910082 0.20197229 0.30827424 0.21939114 0.10482997 0.16963041 0.23712634 0.28221065 0.2573878 0.27736443 0.35307673 0.45812717 0.6002303 0.697857 0.63423496 0.5376779 0.3837446 0.18314481 0.05358525 0.09713044 0.07051205 0.15650444 0.3815462 0.21630442 -0.08073877 0.42624116 0.74864334 0.78039044 0.678631 0.62896883 0.4144012 0.15749519 0.040745806 0.035254594 -0.032659996 -0.10226169 -0.08928914 -0.1988336 -0.28439248 -0.31769237 -0.2579139 -0.22368212 -0.10681721 0.17933969 0.36730066 0.25375193 0.13529748 0.15655899 0.18601465 0.17036772
0.18675987 0.25625506 0.24269427 0.16959168 0.08915591 0.16741663 0.23634891 0.24863665 0.1228014 0.03520864 0.099159054 0.15303543 0.15782726 0.16010171 0.21795084 0.24730073 0.3331124 0.37442777 0.41779304 0.5244737 0.56737036 0.48031875 0.37340093 0.27650476 0.18095826 0.02207357 -0.07709612 -0.16383924 -0.007998594 0.10757141 0.27870613 0.4365378 0.66070634 0.6364989 0.6328527 0.59368455 0.5211979 0.39418754 0.20109423 0.08038205 0.062272992 -0.0058280476 -0.09088066 -0.15738475 -0.08700559 -0.16569987 -0.2614281 -0.2796935 -0.20187114 -0.15727216 -0.122018404 -0.10533692 0.050773785 0.3317405 0.3439698 0.2056659 0.037616566 -0.022038762
0.29237112 0.3908916 0.4452684 0.41379735 0.23301227 0.14639395 0.20631486 0.23419943 0.25051036 0.14064646 0.112298176 0.16230454 0.15354341 0.15959917 0.10042289 0.036172215 0.104608096 0.26642248 0.35922801 0.41567072 0.36049494 0.2458013 0.166347 0.07568288 -0.017960703 0.056037974 -0.11548584 -0.2634753 -0.20384498 -0.038351685 0.06247892 0.20846328 0.30805877 0.3617438 0.35857472 0.29931438 0.25759605 0.30189407 0.21602447 0.11894634 0.010097844 -0.0502351 -0.14556909 -0.20262176 -0.13866097 -0.11909957 -0.08249556 0.04812599 -0.028347569 -0.14261597 -0.09585724 -0.19776024 -0.22035281 -0.23673427 -0.06815447 -0.0036292246 -0.036642533 -0.17305934
0.596757 0.61900306 0.53740585 0.50783515 0.4049365 0.27556986 0.16932656 0.1678306 0.17073095 0.2186992 0.2604913 0.1725059 0.18763359 0.11994753 -0.052680884 0.0439207 0.19068584 0.25216934 0.32971197 0.26100287 0.17371295 0.080693685 -0.032503713 -0.112708926 -0.08963403 -0.24945582 -0.33842683 -0.31609803 -0.29372618 -0.17049003 -0.16032071 -0.12717614 -0.08228452 0.16139467 0.34709576 0.42313054 0.39858022 0.35004973 0.2565857 0.0840698 -0.05877456 -0.10940792 -0.17395909 -0.18298113 -0.11375577 -0.09633424 -0.022870596 0.015652128 -0.09353411 -0.18622158 -0.21160492 -0.3269008 -0.40373692 -0.3620317 -0.23212303 -0.16468216 -0.20320217 -0.36629337
0.5729035 0.51779705 0.41766596 0.31438082 0.1838264 0.09256871 0.07214963 0.14061548 0.19703701 0.21721958 0.08351264 0.1133898 0.16078714 -0.0058669164 0.07186424 0.22866991 0.20230041 0.24327421 0.22137183 0.13427907 0.05903844 0.0020257346 -0.13636373 -0.16983722 -0.29501778 -0.38889724 -0.15087661 -32767.0 -0.13750595 -0.26574704 -0.12491218 0.057406783 0.14468366 0.2272141 0.33494088 0.369022 0.31973988 0.253796 0.18161519 0.052669816 -0.098724976 -0.096958645 -0.1434067 -0.15493663 -0.07407545 -0.07707222 -0.17011718 -0.2652649 -0.35538808 -0.38794595 -0.311841 -0.4237849 -0.5494272 -0.60114723 -0.5662982 -0.50528467 -0.5401216 -0.3796616
0.39741895 0.25298116 0.073935136 0.12839894 0.13737604 0.100190096 0.094081625 0.09436633 0.087421834 0.107547484 0.09815005 0.2323815 0.18582834 0.121429645 0.16791894 0.09523394 0.12875117 0.18422945 0.12766525 0.035547145 -0.032043763 -0.042658143 -0.17658351 -0.20776758 -0.2640679 -0.34185562 -0.41813457 -0.3975665 -0.24592218 -0.08800073 0.023540642 0.06217393 0.14412364 0.19632477 0.2416721 0.16146296 0.10054241 0.042096544 0.0672772 0.0033334834 -0.1386107 -0.17441681 -0.17405738 -0.118029796 -0.114593096 -0.19151965 -0.38661066 -0.48780778 -0.443371 -0.398675 -0.38058588 -0.42287216 -0.4254436 -0.42176 -0.45133442 -0.5770921 -0.4281197 -0.33124188
0.12348765 0.043093733 0.15937695 0.19216268 0.22780009 0.13072412 0.04227665 0.15750955 0.114367224 0.08185192 0.1560488 0.1710126 0.13842025 0.17817417 0.105453506 0.012391426 0.13416009 0.14789844 0.07034822 -0.018144261 -0.12217266 -0.16284817 -0.19336167 -0.18224174 -0.13687316 -0.100263625 -32767.0 -0.13867675 -0.109014094 -0.039124727 0.02225859 0.0076824743 0.060292773 0.07627248 -0.02816342 -0.04760111 -0.029349051 -0.08014868 -0.11436839 -0.12554298 -0.20664607 -0.21297736 -0.22347191 -0.21382022 -0.26932487 -0.38457456 -0.46517655 -0.21596333 -0.20448145 -0.1248591 -0.041211847 -0.1878727 -0.22710015 -0.2726577 -0.33996907 -0.33425424 -0.35123542 -0.29996768
-0.028142009 0.11432001 0.09956277 0.0047919936 0.028952943 -0.06324852 -0.07855027 0.1625069 0.23009208 0.07466513 0.089929245 0.07041326 0.16916028 0.16416751 0.2007917 0.30293038 0.2644327 0.22046737 0.078105755 -0.026781155 -0.17544113 -0.31666115 -0.31162176 -0.25712052 -0.2836771 -0.23182553 -0.27246806 -0.13245343 -0.14982872 -0.074743584 -0.06651506 -0.037132498 0.01902641 -0.06894914 -0.14729539 -0.100987636 -0.16207586 -0.16455674 -0.18862279 -0.31526443 -0.33347017 -0.24090534 -0.2678732 -0.26333857 -0.326186 -0.43521023 -0.28055546 -0.1148318 -0.20994587 -0.17801195 -0.09083123 0.009116193 -0.1662778 -0.2963758 -0.4544648 -0.35501608 -0.25733027 -0.22766219
-0.055764206 -0.15774448 -0.14562306 -0.07673767 -0.007821751 -0.019680224 0.033351205 0.043530494 -0.07320751 -0.03341489 0.01819307 0.14552204 0.28033906 0.3233087 0.39333138 0.49170023 0.38709998 0.20549837 0.1572725 0.036279332 -0.16292165 -0.22369726 -0.28679857 -0.30896285 -0.14944758 -0.28889927 -0.15513237 -0.1985326 -0.17534856 -0.13058242 -0.13869835 -0.10847376 -0.090290695 -0.22656398 -0.25245026 -0.2559153 -0.22174738 -0.30256072 -0.29751408 -0.41849732 -0.39429224 -0.3797025 -0.3853958 -0.42503652 -0.53701013 -0.36925006 -0.17921022 -0.21144032 -0.20832954 -0.18031307 -0.15125833 -0.09895628 -0.20926552 -0.26426458 -0.17168072 -0.27824283 -0.23207359 -0.18724684
