static/data/seaWater_uo/2023/7/21/18.asc
ncols 137
nrows 93
xllcorner 108.0
yllcorner 17.0
cellsize 0.25
NODATA_value -32767
[rows 0 to 25 of 93, columns 58 to 115 of 137]
-32767.0 -32767.0 -32767.0 -32767.0 -32767.0 -32767.0 -32767.0 -32767.0 -32767.0 -32767.0 -32767.0 -32767.0 -32767.0 -32767.0 -32767.0 -32767.0 -32767.0 -32767.0 -32767.0 -32767.0 -32767.0 -32767.0 0.09234774 0.028262831 -0.5729603 -0.27817476 0.10777053 0.28950405 0.21979572 0.04764708 0.10289691 0.14185809 0.14011961 0.14994742 0.10937542 -0.049488183 0.02132297 0.14704154 0.06992853 0.028566297 0.11537618 -0.002532802 0.14595687 0.32430464 0.32070255 0.15282202 -0.03350345 0.008445172 0.02269404 0.12996708 0.05529523 0.1793562 0.39864823 0.54657567 0.4854834 0.33988872 0.2216401 0.29952028
-32767.0 -32767.0 -32767.0 -0.0053619295 -0.03530268 0.0013330011 -0.018897 0.008146522 0.0063142786 0.0055708056 -32767.0 -32767.0 -32767.0 -32767.0 -32767.0 -32767.0 -32767.0 -32767.0 -32767.0 -32767.0 -32767.0 0.051813584 -0.1982784 -0.4214078 0.10446209 0.07754858 0.06382406 0.17091669 0.22943728 0.2626604 0.20618342 0.2439063 0.35846278 0.3759553 0.16858159 0.096980795 0.08415093 0.12503944 0.030855652 0.0052452153 -0.022562783 -0.08936985 0.24726245 0.22070478 0.23650213 0.01259293 -0.04040883 -0.02855943 -0.04511202 0.08920713 0.13144912 0.12453026 0.06344034 0.13926025 0.35733908 0.36712706 0.08673912 0.051081702
-32767.0 -0.022547996 -32767.0 -0.007889942 -0.053374413 -0.12544706 -0.10857453 -0.08058538 0.03417107 0.031009775 -0.012243014 -0.112988815 -32767.0 -32767.0 -32767.0 -32767.0 -32767.0 -32767.0 -32767.0 -32767.0 -32767.0 -0.053602107 -0.13834321 0.049936898 0.17338538 0.13840528 0.05806155 0.019789089 0.017807981 0.28921726 0.50745976 0.44860536 0.5539877 0.6171454 0.2983923 0.04860648 -0.17439073 -0.08222244 -0.017839529 -0.045828726 0.026384216 0.23973173 0.3891065 0.18998146 0.21538363 0.12045661 -0.18669245 -0.17085288 -0.16070765 -0.30045977 -0.3636881 -0.32901877 -0.35122415 -0.2705445 -0.17246677 -0.23836413 -0.25516793 -0.15010907
-0.042256024 -32767.0 -0.101576954 -0.10977684 -0.15209611 -0.106229626 -0.113277346 -0.08590927 -0.0014944442 0.038931474 -0.04760233 -0.0682851 -32767.0 -32767.0 -32767.0 -32767.0 -32767.0 -32767.0 -32767.0 -32767.0 0.027882447 0.016226886 0.13144934 0.09280563 0.16386858 0.15828185 0.18021703 0.0683116 0.16901809 0.49364385 0.6885081 0.5840822 0.33222082 0.27852753 0.15210633 0.0024004746 -0.15510349 -0.16521347 -0.018715452 0.21471891 0.4703737 0.46079922 0.39768988 0.25540277 0.27376455 0.1804933 -0.09952608 -0.2107608 -0.31985405 -0.33434787 -0.1762888 -0.13584828 -0.13048129 -0.30180728 -0.30245242 -0.29662472 -0.14442201 0.013084708
0.10741106 -32767.0 -0.030834356 -0.07749629 -0.041656483 -0.035737272 -0.07128542 -0.07527004 0.029231343 0.022675365 0.002945823 -32767.0 -32767.0 -32767.0 -32767.0 -32767.0 -32767.0 -32767.0 -32767.0 -32767.0 -32767.0 -32767.0 0.24832042 0.27168882 0.2322666 0.13521852 0.17175163 0.07744733 0.26049167 0.1848862 0.27792934 0.25091377 0.07211307 0.18425818 0.27813277 0.3640919 0.26494992 0.2190295 0.25709337 0.35306662 0.284085 0.2950432 0.31563136 0.16824326 0.11091416 0.08841308 -0.049185645 -0.1421439 -0.11236438 -0.0055517545 0.1599489 0.20297325 0.015161186 -0.024618998 -0.15492296 -0.11406195 0.0058604972 -0.044993278
0.09104477 0.07850014 0.047178622 0.020524152 0.012646661 -0.031248063 -0.07286113 -0.066740975 -0.050787672 -0.05755036 -0.03763707 -32767.0 -32767.0 -32767.0 -32767.0 -32767.0 -32767.0 -32767.0 -32767.0 -32767.0 -32767.0 -32767.0 -32767.0 0.37772894 0.32231498 0.1754807 0.08671339 0.18474413 0.25510168 0.0020410623 0.087378204 0.055427633 0.124019906 0.39618778 0.50198746 0.49052724 0.4361123 0.50774264 0.39442903 0.231283 0.084382914 -0.029088194 -0.15843016 -0.20274451 -0.108541414 -0.0660019 0.022455914 0.13794607 0.37740368 0.5673356 0.48802423 0.15624936 0.05836843 0.10736549 0.06192558 -0.06998552 0.014776358 -0.17132671
0.1601798 0.11711122 0.10166982 0.009094789 -0.039231732 -0.10010664 -0.10598435 -0.026870012 0.06796312 -0.026929606 -0.024176033 -32767.0 -32767.0 -32767.0 -32767.0 -32767.0 -32767.0 -32767.0 -32767.0 -32767.0 -32767.0 -32767.0 -32767.0 -32767.0 0.2550476 0.18616965 0.0007595407 0.0052574296 0.15727001 -0.051033117 -0.11495409 -0.05943845 0.13454816 0.17290497 0.18057016 -0.08373635 -0.043366924 0.15901324 0.1132094 0.11799785 0.04910061 -0.18559155 -0.31957924 -0.38837293 -0.32367566 -0.22991934 0.078161694 0.34961706 0.44236898 0.3192973 0.09834669 0.028262453 0.0466877 0.15501112 0.26165017 0.089540124 0.041697096 0.1537366
0.047044415 -0.029085774 -0.07845395 -0.1441719 -0.20162107 -0.15701878 -0.1237391 -0.007503121 0.022340124 -0.04546013 -32767.0 -32767.0 -32767.0 -32767.0 -32767.0 -32767.0 -32767.0 -32767.0 -32767.0 -32767.0 -32767.0 -32767.0 -32767.0 -32767.0 -32767.0 0.22181918 0.08740043 -0.005589174 0.1343858 0.1159931 -0.14044131 -0.12631899 -0.075339 -0.19444416 -0.3455577 -0.33703497 -0.12973964 0.11816542 0.15611257 0.15554065 0.26291093 -0.0022496758 -0.10986422 -0.11656192 -0.022910476 0.15424968 0.28407773 0.21703024 -0.028714739 -0.18747398 -0.23860921 -0.23333561 -0.22372553 -0.17241345 -0.08626896 0.11079558 0.2642298 0.46837312
-0.005528274 -0.15699059 -0.15690479 -0.1702755 -0.123784475 -0.026461551 -0.0087232515 -0.15823264 0.058449585 -32767.0 -0.06724756 -32767.0 -32767.0 -32767.0 -32767.0 -32767.0 -32767.0 -32767.0 -32767.0 -32767.0 -32767.0 -32767.0 -32767.0 -32767.0 -32767.0 0.33527282 0.31695157 0.03841919 0.2827541 0.1617153 -0.04157016 -0.19451815 -0.26384264 -0.42424878 -0.30210418 -0.16828202 -0.17979042 -0.14557052 -0.15045306 -0.010532294 0.17873515 0.37479094 0.45402282 0.49595672 0.6344434 0.62460583 0.36377943 0.096953474 -0.17779914 -0.28688383 -0.24127038 -0.046342846 0.022259608 0.07543953 0.14644957 0.28098422 0.3640684 0.28842902
-0.11318739 -0.23212479 -0.10066411 -0.009030052 0.13632807 0.27211776 0.36937857 0.21782073 0.042527 -0.10965549 -0.0011200513 -0.08103145 -0.10650239 -0.1628296 -0.16931304 -0.16043264 -32767.0 -32767.0 -32767.0 -32767.0 -32767.0 -32767.0 -32767.0 -32767.0 -32767.0 -32767.0 0.3768556 0.36738905 0.14351179 0.111947775 0.061150823 -0.045491397 -0.042250343 -0.08250497 -0.195639 -0.22444472 -0.4259096 -0.56010103 -0.57194746 -0.42455643 -0.32031047 -0.053006664 0.23753166 0.28102103 0.2434602 -0.034288492 0.09847816 0.06985615 -0.17006053 -0.16031533 0.07398328 0.063241996 0.17735103 0.22986981 0.21968633 0.20008679 0.08430732 0.14847578
-0.30223456 -0.16121514 0.0006119595 0.12814902 0.27221426 0.3506279 0.37374327 0.33133596 0.2592717 0.15712658 -0.03427825 -0.069307394 -0.11572688 -0.15390624 -0.2211324 -0.2954362 -32767.0 -32767.0 -32767.0 -32767.0 -32767.0 -32767.0 -32767.0 -32767.0 -32767.0 -32767.0 -32767.0 0.23137578 0.11368362 0.10661482 0.09513864 0.08021009 0.13535044 0.117294036 0.16791013 -0.013853674 -0.05154512 -0.10805948 -0.09377638 -0.19206825 -0.24276423 -0.24086785 0.04250548 -0.007367965 -0.08035268 -0.09098858 -0.12685086 -0.13485864 -0.15051077 -0.08110928 0.102683105 0.22162688 0.11975103 0.1604306 0.25839642 0.053948965 -0.10886724 0.061465457
-32767.0 0.09042016 0.06142259 0.030144475 0.24125144 0.28595507 0.28736946 0.2131875 0.16579525 0.107492946 0.078111134 0.018539028 -0.002686008 -0.11037356 -0.1256229 -0.13799243 -0.036738355 -0.16765806 -32767.0 -32767.0 -32767.0 -32767.0 -32767.0 -32767.0 -32767.0 -32767.0 -32767.0 -32767.0 0.13816305 0.0446228 0.052185148 0.04030764 0.10570648 0.111858934 0.07824013 0.13937353 -0.02077614 0.006838569 0.18695657 -0.13033867 -0.120023414 -0.21918488 -0.079554744 0.006618395 -0.021201994 -0.20809837 -0.25821465 -0.18139587 -0.15833472 0.052476395 0.23683812 0.06394195 -0.121187344 -0.08087149 0.1733776 0.45675936 0.34532398 -32767.0
-32767.0 -0.12948143 0.048011128 0.16419603 0.17305721 0.19202365 0.16336162 0.13659525 0.13450295 0.14034054 0.097577296 0.045395248 -0.051873486 -0.053480532 -0.12297594 -0.28997147 -32767.0 -0.09349448 -32767.0 -32767.0 -32767.0 -32767.0 -32767.0 -32767.0 -32767.0 -32767.0 -32767.0 -32767.0 -0.018304057 -0.16861323 0.111321345 -0.14541133 0.2594609 0.20856568 0.08776938 0.20066258 0.199202 0.29457846 0.18847534 -0.026535232 -0.16848889 -0.19621472 -0.22263522 -0.08677668 -0.030323692 -0.05867682 -0.20211354 -0.14514276 -0.016958708 0.015709406 -0.14544167 0.05073195 -0.0244649 -0.37341332 -0.40820783 -0.18969 -0.12708536 -32767.0
0.10025292 0.19508854 0.1571646 0.12862921 0.065478005 -0.013204695 -0.012119645 -0.037463572 -0.01115064 0.017869774 0.061663587 0.03643804 -0.030586211 0.02184407 -0.049985137 -32767.0 -32767.0 -32767.0 -32767.0 -32767.0 -32767.0 -32767.0 -32767.0 -32767.0 -32767.0 -32767.0 -32767.0 -32767.0 0.047231928 -0.3553521 -0.014236867 0.096407555 -0.017017243 0.13121769 0.16529426 0.19394231 0.10108792 0.12018513 0.118427895 -0.06839726 -0.1923041 -0.25271302 -0.22934493 -0.092046484 -0.09166936 -0.07682837 -0.09406865 0.13817368 0.36074626 0.41978216 0.29210758 -0.01800055 0.051765952 0.07361998 -0.40645245 -0.0027394611 0.24459144 0.042038575
0.13544421 0.1001427 0.110022634 0.14011855 0.029861117 -0.039944228 -0.09489162 -0.13654935 -0.17436728 -0.2149592 -0.2654609 -0.21430689 -0.12869199 -0.0510625 -0.13651806 -0.06567872 -32767.0 -32767.0 -32767.0 -32767.0 -32767.0 -32767.0 -32767.0 -32767.0 -32767.0 -32767.0 -32767.0 -32767.0 -0.0020098416 -0.08061543 -0.001979068 0.18417403 0.072707176 -0.087520756 0.008852108 0.103287056 0.065703556 -0.025643228 0.017906955 0.18106572 0.27878964 0.10889969 -0.012892112 -0.12265784 -0.028843634 0.027361657 0.21068421 0.2979178 0.48025498 0.41616902 0.35867083 0.26352242 0.13497317 0.085356176 0.101284415 -0.10848433 -0.058185518 -32767.0
0.02294477 0.061834104 0.07054149 0.049873475 -0.0029652729 -0.009188557 -0.04329476 -0.08829623 -0.17416391 -0.32512522 -0.46766266 -0.4028153 -0.18556866 -0.055779442 -0.16871399 -0.031923216 -0.13523974 -32767.0 -32767.0 -32767.0 -32767.0 -32767.0 -32767.0 -32767.0 -32767.0 -32767.0 -32767.0 -32767.0 0.2102584 0.32427981 0.15537551 0.07290526 -0.0068237917 0.06825907 -0.10656975 -0.024656776 -0.04896772 0.03587245 0.3635638 0.59276414 0.6032342 0.27398872 0.15878785 -32767.0 0.069160424 -0.17182925 -0.10049476 0.19695482 0.18917908 0.023433838 0.0006599586 0.09285692 0.31351593 0.30455238 0.27632585 -32767.0 -32767.0 -32767.0
0.008532841 0.029779198 0.020292034 0.014827333 0.05953666 0.04217331 -0.000102974474 -0.05016311 -0.120575495 -0.19029358 -0.29751986 -0.3383377 -0.2946023 -0.17167044 -0.10443581 -0.056378826 -0.08251154 -32767.0 -32767.0 -32767.0 -32767.0 -32767.0 -32767.0 -32767.0 -32767.0 -32767.0 -32767.0 -32767.0 -32767.0 0.36069465 -0.0058235046 -0.21564461 -0.29973516 -0.19623478 -0.18416823 -0.12292861 0.016498093 0.18057884 0.1569619 0.16080488 0.056158073 -0.035924826 -0.011995602 0.08426048 0.21064518 0.269307 0.071191646 0.21911728 0.3375 0.11284887 -0.04319921 0.1564609 0.38734022 0.33149755 0.25246382 -32767.0 -32767.0 -32767.0
0.0046815015 0.04904032 0.08968319 0.08892135 0.084883906 0.06888519 -0.02150734 -0.045904636 -0.066970766 -0.091395676 -0.14490351 -0.2251331 -0.2003127 -0.16026495 -0.1270635 -0.07949674 -0.13273096 -0.1408809 -32767.0 -32767.0 -32767.0 -32767.0 -32767.0 -32767.0 -32767.0 -32767.0 -32767.0 -32767.0 0.19007571 0.115271464 -0.11369389 -0.28932458 -0.3868018 -0.23051648 -0.07689968 0.026171148 -0.11396374 -0.105403244 -0.019582767 -0.12641725 -0.17777006 0.1813159 0.23119552 0.13884614 0.10551671 0.095254436 0.14551055 -0.028158741 0.10190851 0.28750613 0.35874474 -32767.0 -0.010302227 0.021245074 0.090160534 -32767.0 -32767.0 -32767.0
0.031451713 0.04226788 0.10432431 0.18483327 0.21723922 0.13054463 0.022693379 -0.04328808 -0.061826605 -0.009034584 -0.038693253 -0.08161705 -0.14721487 -0.24006125 -0.20080295 -0.05894776 -0.09212836 -32767.0 -32767.0 -32767.0 -32767.0 -32767.0 -32767.0 -32767.0 -32767.0 -32767.0 -32767.0 -32767.0 0.28894737 -0.015874663 -0.122893445 0.12877718 0.11039562 -0.09964797 -0.13850376 0.051258396 0.20879874 0.2093772 0.19674519 -0.0110293925 0.21063592 0.21036659 -32767.0 -32767.0 -0.07929634 0.09857186 -32767.0 -32767.0 -32767.0 -32767.0 -32767.0 -32767.0 -32767.0 -32767.0 -32767.0 -32767.0 -32767.0 -32767.0
0.059244998 0.081391715 0.1783504 0.24833968 0.17049648 0.077027485 0.01366329 -0.025264155 -0.058041584 0.010694893 0.059164286 0.03835464 -0.19934316 -0.12343277 -0.06504073 -0.0719411 -32767.0 -32767.0 -32767.0 -32767.0 -32767.0 -32767.0 -32767.0 -32767.0 -32767.0 -32767.0 -32767.0 0.28730896 0.27026606 -0.0052286983 -0.27941203 -0.2717689 -0.28258964 -0.19628428 0.14388005 0.33969685 0.3478693 0.2894129 0.13429572 0.19492203 0.21099465 -32767.0 -32767.0 -32767.0 -32767.0 -32767.0 -32767.0 -32767.0 -32767.0 -32767.0 -32767.0 -32767.0 -32767.0 -32767.0 -32767.0 -32767.0 -32767.0 -32767.0
0.08618362 0.121759854 0.17209658 0.15739222 0.09287089 0.1431348 0.2003427 0.22650108 0.23263013 0.14733824 0.12024932 0.08500087 -0.042570468 0.010595493 0.011791771 -0.038204234 -32767.0 -32767.0 -32767.0 -32767.0 -32767.0 -32767.0 -32767.0 -32767.0 0.10613352 -0.016574377 0.2869723 0.4035228 0.27785382 -0.027214339 -0.23576653 -0.14833875 -0.121411875 0.020362183 0.20174709 0.1278651 -0.060073677 -0.08953712 0.070581704 -32767.0 -32767.0 -32767.0 -32767.0 -32767.0 -32767.0 -32767.0 -32767.0 -32767.0 -32767.0 -32767.0 -32767.0 -32767.0 -32767.0 -32767.0 -32767.0 -32767.0 -32767.0 -0.025818175
0.038057707 0.15159552 0.19914798 0.15272056 0.11306527 0.14059123 0.23539196 0.3320509 0.37395906 0.32555348 0.2647665 0.17966922 0.058098823 -0.007264748 -0.051291846 -0.027763724 -32767.0 -32767.0 -32767.0 -32767.0 -0.08301202 -0.044115968 -0.083844066 -0.10411519 -0.11029369 0.116074756 -0.0135897 0.19615503 -0.091231674 -0.17944556 -0.12893693 0.0015660925 0.21033268 0.28053263 0.12778029 0.063292176 0.114612125 0.09967028 -32767.0 -32767.0 -32767.0 -32767.0 -32767.0 -32767.0 -32767.0 -32767.0 -32767.0 -32767.0 -0.044119716 -0.03517332 -32767.0 -32767.0 -32767.0 -32767.0 -32767.0 -32767.0 -32767.0 0.029040473
-0.020388428 0.022057177 0.089936376 0.117510475 0.1367124 0.10731546 0.11899014 0.21645379 0.32970598 0.2700154 0.2612146 0.22191344 0.048672896 0.022723569 -0.07450493 -32767.0 -0.1807673 -32767.0 -0.026759278 -32767.0 -0.0795596 -32767.0 -0.06615685 -0.04156764 -0.118000224 -0.05173617 0.16701671 0.15334676 -0.02916388 -0.06578508 0.17207894 0.33060437 0.34190342 0.26597205 0.06375246 0.007320675 -32767.0 -32767.0 -32767.0 -32767.0 -32767.0 -32767.0 -32767.0 -32767.0 0.041824847 0.043474276 0.046113264 -0.03624405 0.13529874 -0.032020237 0.0966448 -0.05645493 -32767.0 -32767.0 -32767.0 -32767.0 -32767.0 0.024606049
-0.07912332 -0.11703719 -0.05466579 0.06420896 0.111069016 0.14876989 0.1605542 0.21824953 0.28736758 0.28344095 0.2284972 0.09712242 0.18865703 0.060920984 -0.02193609 0.088983625 0.004936778 0.012788862 0.1663768 0.23225616 0.23859648 0.22912972 0.29816142 0.4217982 0.50143355 0.37260774 0.21472955 -32767.0 0.019445011 0.39008197 0.4696356 0.34543744 0.26921058 0.08803208 -32767.0 -32767.0 -32767.0 -32767.0 -32767.0 -0.14960171 -0.01636123 0.015835067 -0.041097544 0.10848254 0.024912879 0.11798851 -32767.0 -32767.0 0.06459238 -0.00019275601 0.044378147 -32767.0 -32767.0 -32767.0 -32767.0 -32767.0 -0.10614313 -0.4860117
-0.08491415 -0.18330286 -0.15467592 -0.12008497 -0.04084526 -0.0023010042 0.07245473 0.20999807 0.22309732 0.27096245 0.14487465 0.068168856 0.21653816 0.3428481 0.26752606 0.20605344 0.26700553 0.4355887 0.56905866 0.5874549 0.5157871 0.50530493 0.42268968 0.35045916 0.35850465 0.2515449 0.18415932 0.31296706 0.33900836 0.40909776 0.22806896 0.12826796 -0.09632555 -0.13001385 -0.016926048 -32767.0 -0.07749629 -0.043598264 -32767.0 -0.043177713 0.052355982 0.10698638 -32767.0 -0.07605061 -0.08439498 -32767.0 -32767.0 -32767.0 -32767.0 0.10801955 0.054682013 -32767.0 -32767.0 -32767.0 -32767.0 0.29520983 0.22169875 0.015761767
-0.08643802 -0.28059942 -0.21730404 -0.1487135 -0.08447322 -0.019680217 0.032531314 0.12140048 0.14730053 0.1711486 0.13219081 0.15488333 0.27860266 0.38608855 0.33885688 0.35876942 0.2735403 0.20541753 0.18792936 0.25235865 0.35990918 0.37572348 0.33108148 0.44443932 0.43486005 0.3133642 0.2044018 0.16360663 0.06806101 -32767.0 -0.015032878 -0.09733764 -32767.0 -32767.0 0.009686818 0.040613297 0.23158282 0.14734599 -0.034406856 0.004601928 -0.11811643 -32767.0 -32767.0 -32767.0 -32767.0 -32767.0 -32767.0 -32767.0 -32767.0 0.14538552 0.112026684 0.16033112 -32767.0 -32767.0 0.16209064 -0.02052735 -0.3795965 -0.4298315
