static/data/pressure/2023/7/14/0.asc
ncols 137
nrows 93
xllcorner 108.0
yllcorner 17.0
cellsize 0.25
NODATA_value -32767
[rows 19 to 37 of 93, columns 43 to 85 of 137]
99.93453491942992 99.92821806379993 99.89248270909313 99.86577143385776 99.85178411067706 99.84970857239865 99.84645990378894 99.84799399729908 99.85178411067706 99.85828144789649 99.86775673134146 99.87822466352831 99.88824139174157 99.89898004631256 99.90177751094868 99.90096534379627 99.89870932392841 99.89699474882885 99.90322136366412 99.9139600182351 99.92650348870036 99.93796406962905 99.9459955003586 99.9530342823463 99.96151691704944 99.97550424023012 99.99779371652451 100.02802438275373 100.06502310858653 100.10229255680346 100.14651054621336 100.20245983893612 100.26021394755314 100.30352952901593 100.36128363763295 100.40153103207545 100.40423825591688 100.34522077617383 100.3565008755131 100.39873356743931 100.44746359658492 100.47227981513132 100.46921162811104
99.93200817717792 99.91278688790382 99.89347535783499 99.88102212816445 99.87551743968689 99.87172732630889 99.87073467756703 99.87822466352831 99.88896331809929 99.89979221346499 99.91026014565182 99.91874278035493 99.92496939519022 99.92948143492592 99.92921071254179 99.92776685982635 99.92623276631622 99.92596204393207 99.93146673240963 99.9434687581066 99.95745608128729 99.96846545824242 99.97550424023012 99.9837161525491 99.99653034539851 100.01845885851404 100.0469749496437 100.08352247150292 100.12701853455512 100.17322182144873 100.21049126966567 100.25678479735402 100.30623675285736 100.35171811339326 100.39250695260405 100.41678172638214 100.41822557909757 100.39377032373002 100.40974294439442 100.43374699578838 100.46497031075947 100.49926181275083 100.54050185593519
99.9402200894969 99.92623276631622 99.91928422512322 99.91125279439368 99.90403353081653 99.90024341743856 99.90647003227382 99.91423074061925 99.92397674644836 99.93372275227749 99.94626622274275 99.95628295095601 99.96278028817544 99.96296076976486 99.95853897082387 99.95474885744586 99.95095874406789 99.95122946645203 99.95998282353929 99.97126292287855 99.98353567095968 99.99346215837822 100.00627635122763 100.01954174805061 100.04147026116614 100.06953514832223 100.10120966726689 100.13802791151025 100.18026060343644 100.22646389033007 100.27447199311797 100.32329226305832 100.36877362359422 100.40252368081731 100.40577234942701 100.40396753353274 100.40496018227459 100.42625700982713 100.45648767605635 100.48148437619216 100.51478322944166 100.55999386759343 100.61052871263334
99.95673415492958 99.95222211519388 99.95222211519388 99.9447321292326 99.93877623678148 99.93624949452948 99.94076153426518 99.9472588714846 99.95646343254543 99.9690069030107 99.98028700234997 99.99003300817908 99.99526697427251 99.9945450479148 99.99003300817908 99.9862428948011 99.98326494857554 99.98272350380725 99.99274023202051 100.00402033135977 100.01728572818276 100.03073160659515 100.04796759838555 100.06800105481209 100.0904710126959 100.1160091576 100.14596910144508 100.18179469694658 100.21924462675294 100.26174804106329 100.31372673881862 100.36245676796423 100.40577234942701 100.43076904956283 100.43925168426595 100.44024433300781 100.45224635870478 100.47101644400531 100.49799844162483 100.53120705407963 100.56820577991242 100.61648460508447 100.65474670204325
99.9842575973174 99.98272350380725 99.98227229983368 99.97721881532969 99.97496279546183 99.97198484923626 99.97099220049441 99.97622616658784 99.98525024605925 99.99653034539851 100.00600562884348 100.01602235705676 100.02279041666031 100.02351234301803 100.02170752712374 100.02026367440831 100.01701500579861 100.01701500579861 100.02378306540217 100.03524364633087 100.05275036050541 100.07224237216364 100.0937196813056 100.11375313773215 100.13550116925825 100.1602271470099 100.18747986701358 100.21626668052738 100.25001673775046 100.2912567809348 100.3417916259747 100.39052165512034 100.42697893618482 100.4529682850625 100.46948235049518 100.48572569354371 100.50503722361255 100.52200249301879 100.54627726679688 100.57695913699969 100.61224328773291 100.65303212694369 100.68678218416676
100.01250296606291 100.01376633718891 100.01250296606291 100.00898357506905 100.00600562884348 100.0014935891078 100.00050094036594 100.00402033135977 100.01024694619505 100.01999295202417 100.03000968023744 100.03948496368243 100.04652374567013 100.05329180527369 100.05500638037324 100.05428445401553 100.05275036050541 100.05275036050541 100.05771360421467 100.0687229811698 100.0872223440862 100.10698507812857 100.12972575839655 100.1524664386645 100.17773386118445 100.20200863496255 100.2272760574825 100.25353612874432 100.2867447411991 100.32076552080632 100.3679614564418 100.40649427578474 100.44547829910121 100.47895763394015 100.5125272095738 100.5342752410999 100.55972314520929 100.57876395289398 100.60123391077778 100.6217185711779 100.6550174244274 100.6792921982055 100.70925214205057
100.036777739841 100.03822159255643 100.03623629507273 100.03271690407887 100.0310023289793 100.02703173401189 100.0264902892436 100.0297389578533 100.03596557268858 100.04426772580227 100.05527710275739 100.06502310858653 100.07422766964736 100.08099572925092 100.08622969534434 100.08677114011263 100.08523704660249 100.08803451123862 100.09353919971618 100.10427785428716 100.12178456846169 100.14172778409352 100.16428798277205 100.18847251575544 100.21599595814324 100.24225602940504 100.26752345192499 100.29495665351808 100.32699213564159 100.3590276177651 100.3954848988296 100.43428844055667 100.46749705301147 100.50729324348039 100.5437505245449 100.58174189911954 100.60773124799721 100.6287573531656 100.64725671608197 100.66674872774023 100.68723338814033 100.70952286443472 100.73596341728594
100.05500638037324 100.05527710275739 100.05329180527369 100.05247963812127 100.05121626699527 100.05247963812127 100.05374300924726 100.05699167785696 100.06222564395038 100.07052779706407 100.08072500686677 100.08902715998047 100.09823172104132 100.10373640951889 100.10924109799643 100.11077519150658 100.113482415348 100.11627987998413 100.12701853455512 100.13929128263624 100.15724920078434 100.17971915866816 100.20245983893612 100.22853942860849 100.25398733271788 100.28051812636382 100.30849277272519 100.33673814147072 100.36570543657395 100.41371353936185 100.45098298757878 100.48653786069615 100.51351985831566 100.5412237822929 100.57325926441641 100.6115213613752 100.63922528535242 100.65970994575254 100.67703617833764 100.70104022973159 100.72152489013169 100.74724351662522 100.77404503265531
100.0707082786535 100.07251309454779 100.07224237216364 100.07179116819007 100.0744983920315 100.07873970938307 100.08225910037692 100.0859589729602 100.09128317984832 100.09778051706775 100.10626315177086 100.11203856263258 100.11546771283172 100.11970903018327 100.12277721720355 100.12846238727055 100.13351587177453 100.1455178974715 100.1589637758839 100.17448519257474 100.19821852158455 100.22177136900494 100.2452339756306 100.2707721205347 100.29324207841852 100.31724612981247 100.34522077617383 100.37472951604536 100.40496018227459 100.47300174148903 100.54077257831933 100.58499056772924 100.58020780560939 100.5719958932904 100.59699259342621 100.62253073833031 100.64852008720797 100.67351678734379 100.69878420986373 100.72549548509912 100.7554554289442 100.78397152007386 100.81772157729694
100.09326847733203 100.0917343838219 100.09353919971618 100.09796099865717 100.1032852055453 100.10797772687043 100.11321169296386 100.11646036157357 100.11952854859385 100.12449179230312 100.13171105588025 100.13225250064853 100.1339670757481 100.13721574435782 100.1402839313781 100.15002993720722 100.1620319629042 100.17728265721088 100.19749659522684 100.21771053324281 100.24324867814688 100.26725272954086 100.29026413219296 100.31273409007676 100.333489472861 100.3557789491554 100.38122685326478 100.41028438916271 100.43798831313995 100.48599641592786 100.54347980216076 100.58101997276182 100.58598321647109 100.59022453382266 100.61224328773291 100.63453276402728 100.65754416667939 100.68425544191476 100.71403490417043 100.74751423900936 100.7797302027223 100.80851701623611 100.8429889998169
100.1225064948194 100.1205211973357 100.12295769879297 100.12846238727055 100.13495972448996 100.14046441296752 100.14596910144508 100.14921777005479 100.15102258594908 100.15201523469094 100.15273716104865 100.15075186356493 100.15273716104865 100.15851257191034 100.16500990912976 100.18152397456244 100.19803803999513 100.21653740291151 100.23801471205348 100.26048466993728 100.28629353722553 100.31074879259305 100.33376019524515 100.3565008755131 100.37653433193964 100.39701899233974 100.42075232134955 100.44800504135321 100.4779649851983 100.50251048136055 100.5330118699739 100.56152796110358 100.58652466123938 100.61179208375934 100.63299867051715 100.65402477568554 100.67649473356936 100.70374745357302 100.73397811980225 100.7682696217936 100.79949293676468 100.82476035928464 100.84804248432089
100.14524717508736 100.15345908740636 100.15779064555262 100.16176124052005 100.16600255787162 100.17222917270689 100.17502663734302 100.17448519257474 100.17349254383288 100.16997315283903 100.16898050409718 100.16898050409718 100.17421447019059 100.1825166233043 100.19578202012727 100.21527403178553 100.23323194993363 100.25425805510203 100.27726945775412 100.30127350914807 100.32753358040988 100.35153763180384 100.3742783120718 100.39647754757145 100.41750365273985 100.44177842651796 100.4645191067859 100.48653786069615 100.51397106228923 100.54203594944534 100.56973987342256 100.59654138945264 100.61973327369418 100.63949600773657 100.6582660930371 100.67721665992707 100.69950613622144 100.72296874284713 100.74625086788338 100.77521816298659 100.80229040140082 100.82773830551021 100.85697632299758
100.17051459760732 100.18179469694658 100.18522384714572 100.18621649588758 100.18928468290785 100.19199190674928 100.19226262913341 100.19226262913341 100.19000660926557 100.18621649588758 100.18423119840386 100.18874323813958 100.19596250171669 100.21148391840752 100.22772726145607 100.24748999549846 100.26725272954086 100.28845931629867 100.3130048124609 100.33700886385486 100.36326893511666 100.38700226412648 100.40974294439442 100.43546157088795 100.45928514069249 100.48473304480186 100.51000046732182 100.5330118699739 100.5527746040163 100.57028131819084 100.59599994468435 100.61774797621047 100.64003745250486 100.66223668800453 100.68425544191476 100.70347673118887 100.72278826125769 100.74246075450537 100.76402830444205 100.78703970709414 100.81275833358767 100.83802575610761 100.86870762631041
100.19199190674928 100.2010159862207 100.20327200608855 100.20426465483041 100.20399393244627 100.2055280259564 100.20426465483041 100.20047454145241 100.19803803999513 100.20074526383655 100.20426465483041 100.21049126966567 100.2247493152305 100.2407219358949 100.25822865006943 100.27799138411183 100.29874676689607 100.32374346703189 100.34901088955183 100.3737368673035 100.39873356743931 100.42273761883327 100.44674167022721 100.47300174148903 100.49826916400897 100.52452923527079 100.54970641699602 100.5719958932904 100.59175862733281 100.60773124799721 100.62325266468802 100.64427876985643 100.6640415038988 100.68696266575618 100.70853021569286 100.72802222735112 100.74697279424109 100.7637575820579 100.782978871332 100.80553907001054 100.82873095425207 100.85426909915616 100.88549241412724
100.20976934330795 100.21599595814324 100.21753005165337 100.21301801191767 100.21220584476524 100.21103271443395 100.21247656714938 100.20949862092381 100.21328873430181 100.21753005165337 100.22799798384021 100.23927808317949 100.25353612874432 100.27050139815056 100.2880081123251 100.30903421749348 100.33421139921872 100.35920809935452 100.38727298651062 100.41254040903057 100.43672494201395 100.4600070670502 100.48428184082829 100.5092785409641 100.53472644507347 100.56098651633529 100.58372719660325 100.6057459505135 100.62298194230388 100.63678878389514 100.65221995979125 100.66774137648208 100.68651146178262 100.70925214205057 100.72946608006654 100.74922881410892 100.76872082576718 100.78577633596814 100.8047269028581 100.8257530080265 100.84921561465218 100.87448303717211 100.90552587055377
100.21996655311065 100.22447859284635 100.22826870622436 100.22375666648864 100.21924462675294 100.2144618646331 100.21825197801108 100.22745653907192 100.23124665244991 100.24252675178917 100.25651407496987 100.26824537828271 100.28349607258939 100.30046134199564 100.31923142729619 100.34422812743199 100.36976627233608 100.39846284505516 100.42697893618482 100.45071226519464 100.47354318625732 100.49700579288297 100.51920502838266 100.54347980216076 100.56721313117056 100.5910367009751 100.61377738124304 100.63326939290128 100.64951273594983 100.66223668800453 100.6767654559535 100.69246735423376 100.70853021569286 100.72901487609298 100.74922881410892 100.76772817702532 100.78722018868356 100.80553907001054 100.82521156325821 100.84650839081075 100.86897834869455 100.89424577121451 100.92474715982787
100.22447859284635 100.22772726145607 100.23449532105963 100.2407219358949 100.2374732672852 100.22574196397235 100.2305247260922 100.24225602940504 100.25795792768528 100.27104284291885 100.28629353722553 100.29973941563793 100.31471938756047 100.333489472861 100.35298148451926 100.38050492690707 100.40947222201028 100.4382590355241 100.46370693963347 100.48572569354371 100.50873709619582 100.53075585010606 100.55295508560573 100.57452263554241 100.59527801832665 100.61801869859461 100.63796191422642 100.65772464826883 100.6742387137015 100.68723338814033 100.70203287847345 100.7177347767537 100.7337073974181 100.75076290761906 100.76745745464117 100.78577633596814 100.80427569888454 100.82277506180093 100.8429889998169 100.86428582736943 100.88675578525323 100.91121104062077 100.94099050287642
100.2407219358949 100.24252675178917 100.25497998145974 100.26174804106329 100.2547092590756 100.24550469801474 100.25146059046588 100.26671128477257 100.28277414623167 100.30028086040622 100.31778757458075 100.33096273060902 100.34648414729983 100.36525423260038 100.38799491286834 100.41804509750813 100.44647094784307 100.47246029672074 100.49673507049883 100.5182123796408 100.54176522706119 100.56297181381899 100.58201262150368 100.60276800428792 100.62271121991975 100.643466602704 100.66277813277281 100.68001412456321 100.69598674522761 100.71051551317657 100.72576620748326 100.74173882814766 100.75698952245435 100.77124756801918 100.78703970709414 100.80328305014268 100.8212409682908 100.84028177597547 100.86049571399143 100.88152181915983 100.90426249942777 100.92925919956359 100.95578999320954
100.28051812636382 100.27952547762196 100.29802484053836 100.30172471312164 100.28845931629867 100.26445526490471 100.27726945775412 100.29423472716036 100.3117414413349 100.3289774331253 100.34702559206812 100.3602909888911 100.37554168319778 100.39521417644546 100.41876702386584 100.45197563632064 100.48022100506616 100.50575914997026 100.52904127500649 100.5489844906383 100.57154468931684 100.5910367009751 100.60953606389148 100.62776470442374 100.64472997383 100.66575607899837 100.6857895354249 100.70374745357302 100.71972007423742 100.73578293569652 100.75076290761906 100.76547215715746 100.7802716474906 100.79452969305542 100.80851701623611 100.82376771054278 100.84073297994904 100.85878113889186 100.87854387293426 100.8992090149238 100.92176921360232 100.94523182022799 100.97022852036379
