static/data/pressure/2023/7/14/12.asc
ncols 137
nrows 93
xllcorner 108.0
yllcorner 17.0
cellsize 0.25
NODATA_value -32767
[rows 0 to 18 of 93, columns 0 to 42 of 137]
100.87926579929197 100.87123436856241 100.8750244819404 100.88549241412724 100.88449976538539 100.85823969412358 100.82647493438421 100.80328305014268 100.77224021676103 100.73849015953795 100.70474010231487 100.6792921982055 100.65321260853311 100.63029144667573 100.63002072429158 100.64951273594983 100.65925874177896 100.64075937886257 100.60854341514963 100.55403797514231 100.45152443234707 100.38501696664277 100.36453230624267 100.35749352425496 100.31372673881862 100.24974601536631 100.20895717615552 100.2087766945661 100.1537298097905 100.04977241427984 99.93245938115149 99.76876257954008 99.61300696786353 99.4772848126135 99.42674996757358 99.39895580280165 99.3832539045214 99.36195707696886 99.32676316703035 99.28976444119758 99.2784843418583 99.26801640967147 99.2534876417225
100.92546908618559 100.91500115399876 100.91897174896617 100.9165352475089 100.91103055903133 100.87547568591397 100.84777176193674 100.82151169067494 100.79254439557171 100.75978698709048 100.7235101876154 100.6845261642989 100.65176875581768 100.64626406734013 100.66521463423008 100.71800549913785 100.72098344536342 100.68227014443106 100.60746052561306 100.49745699685654 100.42752038095311 100.39277767498817 100.45152443234707 100.45901441830834 100.41624028161385 100.30172471312164 100.27474271550211 100.21825197801108 100.11149711786429 99.90475545717425 99.76596511490393 99.65875905078359 99.54947744838479 99.48603816970076 99.44976137022569 99.42828406108373 99.39597785657608 99.36448381922085 99.33298978186563 99.30348104199412 99.28877179245572 99.27424302450673 99.25700703271636
100.94947313757956 100.94622446896985 100.93025184830545 100.90778189042163 100.88251446790169 100.8507497081623 100.8282797502785 100.80499762524225 100.76402830444205 100.73975353066395 100.71475683052813 100.68921868562404 100.64924201356568 100.64175202760443 100.65898801939483 100.69878420986373 100.68696266575618 100.63047192826515 100.53228994361619 100.44845624532678 100.42454243472756 100.44277107525981 100.50196903659226 100.45946562228191 100.38050492690707 100.27546464185983 100.23846591602705 100.13947176422566 99.97324822036227 99.77498919437537 99.65749567965759 99.58079100415058 99.52321737712299 99.48874539354219 99.46627543565837 99.44579077525827 99.41601131300261 99.39299991035051 99.36872513657242 99.33876519272734 99.31277584384966 99.29147901629713 99.27270893099661
100.9472171177117 100.95227060221568 100.92646173492744 100.89947973730793 100.86951979346284 100.84524501968475 100.82521156325821 100.7982295656387 100.73479028695466 100.71051551317657 100.69346000297561 100.67775810469536 100.63823263661057 100.64021793409428 100.66620728297194 100.70654491820916 100.70149143370516 100.64752743846611 100.5399604111669 100.47778450360887 100.46948235049518 100.50900781857996 100.50846637381169 100.41876702386584 100.27726945775412 100.16320509323548 100.09074173508004 99.98353567095968 99.83797726908581 99.70929389582349 99.62500899356051 99.55850152785621 99.52998543672653 99.51022270268416 99.48802346718448 99.46374869340637 99.4382105485023 99.41447721949247 99.39173653922452 99.36646911670456 99.3442698812049 99.32495835113608 99.30672971060383
100.9377418342667 100.94252459638656 100.9197839161186 100.8935238448568 100.86428582736943 100.83279179001421 100.8065317187524 100.77675225649674 100.72378090999955 100.69995734019501 100.68227014443106 100.64924201356568 100.63922528535242 100.65447597965911 100.73072945119254 100.7815350186166 100.7797302027223 100.70221336006287 100.55051858414845 100.46524103314361 100.46551175552776 100.5137905806998 100.53346307394749 100.36678832611052 100.20949862092381 100.0264902892436 99.93200817717792 99.83301402537654 99.75775320258496 99.67400974509027 99.60271951726611 99.57203764706333 99.54803359566937 99.52628556414327 99.50498873659073 99.48278950109106 99.46347797102223 99.442722588238 99.4197111855859 99.39778267247036 99.37648584491782 99.35726455564374 99.3397578414692
100.94053929890285 100.9325078681733 100.91075983664719 100.88422904300124 100.864737031343 100.82746758312607 100.79976365914882 100.76348685967376 100.71746405436956 100.68524809065661 100.637781432637 100.59852668693635 100.61125063899105 100.69129422390247 100.77350358788702 100.80021486312239 100.77296214311875 100.69373072535976 100.49872036798254 100.40098958730717 100.39828236346574 100.40153103207545 100.38321215074849 100.22799798384021 100.0719716497795 99.91377953664568 99.83247258060825 99.77471847199122 99.7049623376772 99.64648630270247 99.61778972998337 99.5884614717013 99.56373549394961 99.54974817076894 99.52854158401111 99.50850812758459 99.4894673198999 99.46871193711566 99.44678342400013 99.42476467008989 99.40346784253735 99.38578064677338 99.36953730372485
100.93674918552485 100.92546908618559 100.90146503479163 100.86870762631041 100.84750103955261 100.80950966497795 100.77801562762274 100.74228027291595 100.70654491820916 100.65727344429526 100.60953606389148 100.57325926441641 100.62352338707217 100.70401817595716 100.74300219927366 100.72251753887355 100.69553554125403 100.62803542680788 100.45504382334092 100.37400758968765 100.35271076213512 100.3537936516717 100.26445526490471 100.10427785428716 99.94771007545818 99.8417673824638 99.79475192841775 99.73672709741658 99.69620898058994 99.65451773343202 99.62573091991823 99.60696083461768 99.5840396727603 99.57050355355318 99.55200419063678 99.53151953023668 99.51220800016786 99.49045996864176 99.46853145552623 99.44579077525827 99.4287352650573 99.41095782849862 99.39976796995407
100.9325078681733 100.92095704644989 100.88946300909465 100.85499102551387 100.82421891451635 100.78776163345185 100.75247748271863 100.72098344536342 100.68876748165047 100.64373732508814 100.60123391077778 100.57804202653627 100.63173529939115 100.70248408244701 100.72323946523126 100.66945595158165 100.63227674415943 100.55972314520929 100.44953913486336 100.3929581565776 100.3967482699556 100.36877362359422 100.22772726145607 100.06854249958037 99.93354227068806 99.83229209901883 99.78121580921064 99.73022976019716 99.69873572284193 99.66300036813516 99.64125233660904 99.62275297369266 99.60371216600797 99.58728834137 99.57104499832147 99.54848479964294 99.52854158401111 99.50823740520045 99.48775274480033 99.46600471327423 99.45273931645126 99.44299331062214 99.43478139830316
100.9299811259213 100.91473043161461 100.89397504883037 100.85751776776587 100.82900167663621 100.79651499053912 100.75951626470633 100.70600347344087 100.66521463423008 100.62424531342988 100.58147117673539 100.57650793302612 100.61576267872675 100.70726684456687 100.70627419582502 100.67396799131735 100.63173529939115 100.53896776242505 100.42553508346941 100.36949554995194 100.39647754757145 100.35875689538096 100.24252675178917 100.13902056025209 100.00176431149194 99.88625609425786 99.77625256550137 99.72625916522973 99.70225511383578 99.67473167144799 99.65298363992187 99.63475499938963 99.61571419170494 99.59721482878855 99.57997883699815 99.56075754772407 99.53973144255566 99.52303689553356 99.50453753261716 99.49452080440389 99.48423335380649 99.4780067389712 99.47520927433509
100.93647846314072 100.92447643744373 100.91075983664719 100.8909971026048 100.86726377359498 100.83378443875604 100.77377431027116 100.71403490417043 100.65321260853311 100.60926534150734 100.56026458997758 100.53653126096776 100.56071579395115 100.6697266739658 100.70248408244701 100.6927380766179 100.57100324454855 100.42174497009141 100.31327553484505 100.30948542146704 100.34648414729983 100.32699213564159 100.28124005272153 100.1997526150947 100.08875643759633 99.91251616551968 99.79276663093404 99.72328121900418 99.70126246509392 99.67626576495812 99.65596158614744 99.63728174164162 99.62148960256665 99.6045243331604 99.58746882295944 99.57303029580518 99.55299683937864 99.5405436097081 99.53350482772039 99.52601484175912 99.52123207963928 99.51852485579785 99.51500546480399
100.99152534791632 100.98277199082906 100.97600393122549 100.95822649466682 100.91229393015733 100.85246428326187 100.78478368722628 100.71502755291228 100.64725671608197 100.59049525620681 100.53923848480919 100.51803189805138 100.5584597740833 100.63877408137886 100.62451603581403 100.52100984427693 100.33673814147072 100.26328213457343 100.26797465589857 100.31571203630233 100.38700226412648 100.39846284505516 100.3597495441228 100.26472598728886 100.11501650885815 99.91179423916196 99.7867204976882 99.71903990165261 99.69900644522608 99.67698769131583 99.65875905078359 99.6435083564769 99.62852838455436 99.61129239276396 99.5974855511727 99.58548352547572 99.57772281713031 99.57176692467918 99.56698416255932 99.5630135675919 99.56048682533992 99.55371876573635 99.54352155593367
101.00226400248731 100.99323992301589 100.9792525998352 100.9504657863214 100.8935238448568 100.84479381571118 100.78947620855142 100.72504428112555 100.643466602704 100.57001059580669 100.53671174255719 100.5477211195123 100.6192820697206 100.60276800428792 100.50052518387683 100.36877362359422 100.29396400477623 100.3155315547129 100.34197210756413 100.36074219286466 100.34702559206812 100.3769855359132 100.3570423202814 100.26174804106329 100.06123299520853 99.8762393660446 99.7707478770238 99.71876917926846 99.70126246509392 99.68149973105153 99.66751240787084 99.65551038217387 99.64025968786719 99.63195753475348 99.62600164230236 99.61977502746709 99.61300696786353 99.60849492812783 99.60479505554454 99.59974157104055 99.59071749156914 99.58079100415058 99.56851825606947
100.97302598499992 100.95425589969939 100.9390052053927 100.9152718763829 100.87276846207254 100.81754109570751 100.75301892748692 100.68227014443106 100.59672187104208 100.5477211195123 100.5342752410999 100.57172517090626 100.63751071025285 100.561708442693 100.46551175552776 100.3787903518075 100.43528108929853 100.44574902148536 100.40071886492302 100.30677819762563 100.2797059592114 100.31453890597105 100.27302814040256 100.16446846436148 100.00077166275008 99.85728879915463 99.76325789106254 99.72400314536189 99.70902317343935 99.69521633184809 99.68772634588682 99.67852178482597 99.66877577899685 99.66327109051929 99.65596158614744 99.64874232257031 99.64377907886104 99.64576437634476 99.64504244998705 99.63872559435706 99.62221152892437 99.61454106137366 99.60046349739827
100.94802928486412 100.93322979453102 100.91445970923047 100.88874108273694 100.8532764504143 100.78523489119985 100.72522476271497 100.66647800535608 100.59076597859095 100.53698246494133 100.51803189805138 100.54799184189645 100.5897733298491 100.51550515579937 100.43049832717868 100.41551835525614 100.48671834228557 100.43654446042453 100.32951887789359 100.2374732672852 100.23548796980148 100.20652067469824 100.15670775601606 100.05374300924726 99.93399347466163 99.82299729716327 99.76677728205637 99.73176385370729 99.72174712549403 99.71849845688432 99.7100158221812 99.70270631780936 99.69521633184809 99.68926043939695 99.68853851303923 99.68474839966125 99.70676715357149 99.72048375436803 99.72003255039446 99.71579123304289 99.70378920734592 99.68971164337053 99.65352508469016
100.9197839161186 100.93503461042528 100.91328657889919 100.87222701730427 100.83197962286178 100.77404503265531 100.73623413967009 100.68046532853678 100.60150463316192 100.5227244193765 100.50422505646011 100.52678525513865 100.57750058176798 100.4817550985763 100.3762636095555 100.35523750438712 100.40225295843317 100.36949554995194 100.27375006676027 100.23070520768164 100.21401066065953 100.18323854966201 100.1160091576 100.0162930794409 99.88923404048343 99.80224191437902 99.7502632166237 99.74078793317871 99.73401987357515 99.73221505768086 99.72878590748174 99.72174712549403 99.71750580814246 99.7165131594006 99.71876917926846 99.74800719675585 99.78202797636307 99.79475192841775 99.79772987464332 99.79348855729175 99.79727867066975 99.77273317450751 99.73347842880686
100.86672232882671 100.88901180512109 100.88576313651137 100.84497429730061 100.79046885729328 100.7554554289442 100.71800549913785 100.70022806257916 100.62920855713917 100.54302859818719 100.52498043924436 100.54754063792288 100.60222655951964 100.41903774624998 100.31345601643447 100.2867447411991 100.33303826888744 100.31499010994462 100.29152750331895 100.24848264424031 100.22375666648864 100.24252675178917 100.17448519257474 100.02721221560131 99.86450806273177 99.77471847199122 99.74548045450385 99.73645637503243 99.74024648841042 99.74250250827828 99.73871239490029 99.74024648841042 99.73799046854258 99.73970504364215 99.74575117688799 99.77471847199122 99.80224191437902 99.80946117795615 99.81252936497644 99.83202137663469 99.84501605107351 99.82272657477913 99.78654001609877
100.82295554339036 100.8545398215403 100.85129115293059 100.82097024590665 100.75301892748692 100.71800549913785 100.72378090999955 100.70573275105673 100.69878420986373 100.57524456190012 100.55701592136788 100.51451250705752 100.5527746040163 100.35424485564526 100.31896070491204 100.29197870729251 100.3570423202814 100.29378352318679 100.26995995338228 100.25624335258573 100.24748999549846 100.29170798490837 100.19352600025941 100.0457115785177 99.8507914619352 99.76623583728808 99.73672709741658 99.735012522317 99.74250250827828 99.7464731032457 99.75297044046512 99.75450453397525 99.7542338115911 99.75901657371097 99.7649724661621 99.76921378351365 99.78699122007234 99.79403000206004 99.8109952714663 99.83048728312454 99.85277675941892 99.83003607915097 99.79348855729175
100.80147823424839 100.83847696008118 100.86753449597913 100.84100370233318 100.74552894152565 100.68073605092091 100.69246735423376 100.71123743953429 100.74300219927366 100.5910367009751 100.485003767186 100.43022760479454 100.41100631552042 100.31453890597105 100.29297135603437 100.35099618703555 100.42147424770727 100.3104780702089 100.22871991019792 100.21328873430181 100.23972928715305 100.25904081722186 100.15021041879665 100.00320816420735 99.83229209901883 99.76046042642639 99.74376587940428 99.73997576602629 99.74954129026597 99.75874585132682 99.76551391093037 99.77002595066608 99.7694845058978 99.77372582324936 99.77300389689165 99.77598184311722 99.79150325980804 99.80828804762487 99.8257947617994 99.8347286004761 99.8532279633925 99.82326801954741 99.79303735331818
100.76348685967376 100.80373425411625 100.83928912723361 100.84253779584333 100.76222348854776 100.68425544191476 100.635254690385 100.64148130522028 100.64121058283614 100.51776117566723 100.40577234942701 100.3537936516717 100.32997008186716 100.29522737590221 100.32302154067418 100.39377032373002 100.42652773221126 100.31499010994462 100.2260126863565 100.14975921482308 100.1537298097905 100.11871638144143 100.0027569602338 99.86053746776435 99.79403000206004 99.7745379904018 99.75648983145896 99.75775320258496 99.7702064322555 99.78022316046878 99.78626929371462 99.7912325374239 99.7924959085499 99.79204470457633 99.79177398219218 99.79574457715961 99.81496586643372 99.83698462034396 99.85404013054492 99.86098867173791 99.8507914619352 99.81424394007601 99.78852531358247
