static/data/pressure/2023/7/14/18.asc
ncols 137
nrows 93
xllcorner 108.0
yllcorner 17.0
cellsize 0.25
NODATA_value -32767
[rows 19 to 37 of 93, columns 86 to 128 of 137]
100.25840913165887 100.266891766362 100.28836907550395 100.31065855179833 100.33186513855615 100.35216931736683 100.37039795789909 100.39259719339874 100.41136727869929 100.42436195313813 100.42986664161567 100.44863672691622 100.49664482970412 100.54113354149818 100.5775908225627 100.61810893938932 100.6908430199289 100.74986049967193 100.78938596775671 100.82439939610579 100.8493960962416 100.84966681862575 100.81086327689867 100.83838671928648 100.8718660541254 100.89938949651322 100.92086680565517 100.9593996249981 100.95190963903683 100.93963689095571 100.95958010658752 101.07409567507973 101.18834052118781 101.27758866716006 101.35609815856135 101.27316686821908 101.19510858079136 101.10288248859355 101.00885158050143 100.88386807982239 100.85390813597729 100.88016820723911 100.92258138075474
100.31760709299132 100.32816526597287 100.34287451551127 100.36083243365938 100.37933179657577 100.39909453061817 100.41966943181299 100.43266410625182 100.43861999870295 100.4466514294325 100.46839946095861 100.53562885302063 100.61810893938932 100.69634770840646 100.76465999000504 100.78712994788886 100.79687595371799 100.79110054285628 100.78839331901486 100.81113399928282 100.8296333621992 100.84037201677019 100.8456059828636 100.8941555304198 100.9178888594296 100.9261007717486 100.92962016274245 100.95209012062625 100.93711014870371 100.92709342049045 100.9663481661911 101.06534231799247 101.13509845230648 101.1703826030397 101.18409920383624 101.11362114316452 101.08438312567715 101.05884498077305 101.02509492354997 100.92691293890103 100.90859405757405 100.93584677757771 100.96734081493295
100.37039795789909 100.3801439637282 100.39458249088246 100.41037462995743 100.42788134413196 100.4441246871805 100.45910465910306 100.46388742122289 100.481845339371 100.51162480162667 100.61034823104391 100.69264783582318 100.74291195847894 100.76465999000504 100.80608051477881 100.81862398524407 100.78965669014084 100.76213324775306 100.74083642020052 100.74588990470451 100.76285517411077 100.79110054285628 100.8308967333252 100.86058595478615 100.87213677650955 100.88413880220652 100.93837351982971 100.96409214632324 100.9421636332077 100.91834006340318 100.94766832168527 101.00858085811728 101.03565309653153 101.05613775693162 101.06958363534405 101.0418797113668 101.02861431454383 101.04341380487693 101.04936969732807 100.99684955480446 100.9824110276502 100.99314968222117 100.99414233096303
100.41515739207728 100.42463267552228 100.44141746333909 100.4581120103612 100.47688209566174 100.49366688347857 100.5188440652038 100.55160147368503 100.58941236667023 100.6786605126425 100.7745864774236 100.79461993385013 100.77684249729145 100.78758115186243 100.7745864774236 100.75013122205607 100.73289523026567 100.72964656165597 100.73036848801368 100.73415860139167 100.74715327583051 100.77539864457603 100.83161865968292 100.86239077068043 100.8878386747898 100.94613422817513 101.015619640105 101.0028956880503 100.97013827956907 100.95163891665268 100.96589696221753 100.98358415798148 101.01065639639572 101.02536564593412 101.04088706262495 101.03565309653153 101.04088706262495 101.05261836593779 101.05162571719593 101.04539910236065 101.0315922607694 101.03258490951124 101.03312635427953
100.45910465910306 100.46839946095861 100.4836501552653 100.49709603367769 100.5175806940778 100.55259412242688 100.58634417964996 100.62316242389332 100.68434568270948 100.75383109463935 100.79660523133384 100.7758498485496 100.74715327583051 100.74760447980408 100.7368658252331 100.72116392695284 100.71340321860744 100.7439046072208 100.77133780881388 100.77539864457603 100.7758498485496 100.80265136457967 100.86708329200556 100.9273641428746 101.0028956880503 101.11659908939009 101.12138185150992 101.00262496566616 100.97916235904049 100.96986755718493 100.98683282659118 101.00063966818246 101.01986095745654 101.02933624090154 101.04088706262495 101.04909897494393 101.05740112805762 101.06164244540919 101.06462039163476 101.0661544851449 101.0726518223643 101.07084700647002 101.07283230395373
100.49664482970412 100.50711276189097 100.51965623235623 100.53238018441091 100.55764760693087 100.59563898150552 100.6173870130316 100.65465646124854 100.68786507370334 100.72766126417226 100.73388787900753 100.74191930973709 100.72486379953612 100.75563591053363 100.82936263981506 100.82286530259564 100.87583664909283 100.93034208910017 100.97040900195321 100.88513145094838 100.88287543108054 100.85760800856058 100.9139182644622 101.004880985534 101.09115118528071 101.17534584674897 101.11759173813195 101.02040240222483 100.97058948354264 100.98683282659118 101.007407727786 101.0188683087147 101.03691646765752 101.0476551222285 101.06010835189905 101.07039580249646 101.07860771481545 101.08510505203486 101.09160238925428 101.09909237521555 101.10613115720324 101.1058604348191 101.11109440091252
100.52985344215891 100.54041161514047 100.56441566653442 100.58138093594067 100.60989702707035 100.63164505859643 100.65339309012253 100.65736368508996 100.6710802858865 100.70013782178445 100.72260777966827 100.73090993278197 100.78640802153114 100.87583664909283 100.96264829360781 100.9556095116201 101.01408554659486 101.06786906024448 101.11316993919095 101.02563636831826 100.95091699029498 100.91436946843577 100.95434614049411 101.01634156646271 101.10288248859355 101.12408907535135 101.05234764355365 100.99215703347932 101.00109087215603 101.01760493758871 101.03087033441167 101.0418797113668 101.05884498077305 101.06985435772818 101.08266855057758 101.09485105786398 101.10288248859355 101.10983102978652 101.1185843868738 101.12616461362978 101.13464724833291 101.14087386316818 101.14583710687745
100.56613024163399 100.59663163024736 100.62235025674089 100.64815912402912 100.67685569674822 100.69391120694918 100.72116392695284 100.72260777966827 100.70916190125587 100.70483034310959 100.73036848801368 100.79164198762456 100.87637809386112 100.99883485228817 101.03664574527338 101.02960696328569 100.98087693414006 101.007407727786 101.0533402922955 101.01940975348299 100.94766832168527 100.94739759930113 100.97383815215235 101.02112432858254 101.04566982474479 101.05812305441533 101.02861431454383 101.0259070907024 101.03583357812096 101.0463917511025 101.05559631216335 101.06786906024448 101.08113445706744 101.09187311163842 101.1018898398517 101.11434306952223 101.12291594502007 101.13284243243862 101.14186651191004 101.15061986899731 101.16162924595243 101.16938995429784 101.17814331138511
100.63011096508629 100.66413174469352 100.69138446469718 100.70816925251401 100.7343390829811 100.79010789411443 100.82485060007936 100.82313602497979 100.76511119397863 100.74435581119437 100.7598772278852 100.82467011848993 100.91491091320405 101.00812965414372 101.013092897853 100.98033548937178 100.92962016274245 100.94712687691698 100.97365767056293 100.96309949758138 100.95912890261395 100.97437959692064 100.99387160857889 101.00812965414372 101.02834359215969 101.04566982474479 101.03962369149895 101.04909897494393 101.06037907428319 101.0694031537546 101.07887843719959 101.09340720514855 101.10685308356095 101.11686981177424 101.1268865399875 101.13789591694263 101.14710047800345 101.157658650985 101.16758513840357 101.17660921787497 101.18662594608824 101.1966426743015 101.20611795774649
100.66512439343536 100.70483034310959 100.73515125013353 100.73515125013353 100.74787520218823 100.82340674736393 100.89966021889737 100.91815958181374 100.82710661994722 100.78415200166329 100.79389800749242 100.83838671928648 100.91491091320405 100.9676115373171 100.96183612645538 100.94514157943327 100.94135146605528 100.95416565890467 100.96688961095937 100.97239429943693 100.98087693414006 100.99766172195689 101.00812965414372 101.01940975348299 101.03366779904782 101.04783560381793 101.05785233203119 101.0713884512383 101.082849032167 101.09539250263227 101.10937982581295 101.11966727641037 101.12887183747121 101.13861784330032 101.14908577548717 101.16009515244228 101.17011188065555 101.18039933125296 101.19041605946623 101.20016206529536 101.2113519238399 101.2241661166893 101.23490477126029
100.66936571078693 100.70862045648758 100.74588990470451 100.75238724192391 100.75139459318207 100.8251213224635 100.91987415691331 100.97934284062993 100.9248374006226 100.86636136564786 100.84362068537989 100.85309596882487 100.89487745677751 100.93241762737858 100.93683942631957 100.9409002620817 100.95533878923597 100.96959683480078 100.9766356167885 100.98710354897533 100.99865437069874 101.00984422924328 101.02238769970855 101.03989441388309 101.05559631216335 101.06859098660219 101.08140517945158 101.09584370660583 101.10766525071338 101.11966727641037 101.1326619508492 101.14439325416203 101.15612455747485 101.16659248966171 101.17588729151726 101.18409920383624 101.19438665443364 101.20458386423635 101.21442011086019 101.2241661166893 101.23463404887615 101.24663607457312 101.25890882265423
100.69264783582318 100.72711981940398 100.76186252536891 100.78090333305359 100.81835326285993 100.93115425625258 101.02608757229183 101.04088706262495 100.92158873201288 100.86563943929015 100.85508126630859 100.87213677650955 100.89740419902951 100.92438619664902 100.94135146605528 100.95741432751439 100.97212357705278 100.98439632513391 100.99612762844674 101.00758820937543 101.01940975348299 101.02987768566983 101.04440645361879 101.06010835189905 101.07535904620573 101.09015853653885 101.1045970636931 101.11840390528437 101.13239122846505 101.14538590290388 101.15738792860085 101.16839730555598 101.17841403376926 101.18734787244595 101.19610122953321 101.20566675377292 101.21613468595976 101.22615141417302 101.23661934635986 101.24735800093083 101.2593600266278 101.2733473498085 101.28715419139976
100.70961310522944 100.73415860139167 100.76366734126319 100.8033732909374 100.88287543108054 100.9811476565242 101.02662901706012 101.01083687798514 100.90687948247448 100.87791218737125 100.87213677650955 100.89514817916165 100.91662548830362 100.93711014870371 100.9568728827461 100.97365767056293 100.9900814952009 101.00388833679216 101.016883011231 101.0291557593121 101.04088706262495 101.0541524594479 101.06859098660219 101.08339047693529 101.09864117124198 101.11416258793281 101.12986448621307 101.14258843826775 101.156395279859 101.1691192319137 101.1806700536371 101.1921306345658 101.20133519562664 101.2100885527139 101.2183907058276 101.22687334053073 101.236890068744 101.24762872331497 101.25863810027009 101.27136205232479 101.28435672676362 101.2983440499443 101.31314354027742
100.72486379953612 100.75040194444021 100.78839331901486 100.8341454019349 100.91184272618376 100.9650847950651 101.00758820937543 100.97311622579464 100.90236744273878 100.88585337730609 100.89740419902951 100.91888150817145 100.93458340645172 100.95633143797782 100.97564296804664 100.99414233096303 101.01083687798514 101.02735094341783 101.04034561785666 101.05288908832193 101.0661544851449 101.07914915958374 101.0924145564067 101.10685308356095 101.12210377786764 101.13636182343248 101.15089059138145 101.16514863694628 101.17886523774283 101.19140870820809 101.20241808516322 101.21288601735004 101.22163937443732 101.23012200914044 101.23833392145943 101.24663607457312 101.25710400675996 101.26811338371509 101.2796642054385 101.29211743510903 101.30583403590559 101.3213554525964 101.33615494292953
100.7356024541071 100.76339661887906 100.80138799345369 100.84416213014818 100.9088647799582 100.96409214632324 100.9900814952009 100.95912890261395 100.9101281510842 100.9101281510842 100.92158873201288 100.93810279744557 100.95434614049411 100.97609417202021 100.99612762844674 101.01462699136314 101.03384828063724 101.05108427242764 101.06462039163476 101.07815651084188 101.09115118528071 101.10288248859355 101.11488451429052 101.12887183747121 101.14213723429418 101.156395279859 101.17065332542384 101.18536257496224 101.1991694165535 101.21162264622404 101.2229027455633 101.23291947377658 101.2414021084797 101.24988474318283 101.25737472914409 101.26540615987366 101.27587409206049 101.28661274663148 101.2983440499443 101.31088752040957 101.32388219484841 101.33886216677095 101.35239828597807
100.74688255344637 100.7745864774236 100.80761460828896 100.84659863160546 100.90083334922863 100.94460013466498 100.97058948354264 100.96111420009767 100.9261007717486 100.92709342049045 100.9409002620817 100.95741432751439 100.97564296804664 100.99486425732074 101.01516843613143 101.0361043005051 101.05559631216335 101.07310302633788 101.087902516671 101.1013483950834 101.11316993919095 101.12463052011964 101.13663254581662 101.14791264515588 101.16108780118414 101.17435319800711 101.1888819659561 101.20314001152093 101.21685661231747 101.22940008278273 101.24086066371142 101.25060666954055 101.25908930424366 101.26666953099966 101.27415951696092 101.2823714292799 101.29265887987732 101.30339753444831 101.31314354027742 101.32559676994796 101.33687686928724 101.34987154372607 101.36340766293318
100.75834313437505 100.78640802153114 100.81961663398593 100.85408861756673 100.89433601200922 100.93259810896801 100.94514157943327 100.93665894473014 100.93214690499444 100.9478488032747 100.96138492248181 100.97636489440436 100.99540570208903 101.01336362023714 101.03411900302139 101.05514510818976 101.07409567507973 101.09214383402255 101.1071238059451 101.12065992515222 101.13212050608091 101.14340060542017 101.15558311270658 101.16641200807229 101.17787258900097 101.1908672634398 101.20341073390507 101.21784926105933 101.23183658424001 101.2446507770894 101.25611135801812 101.26540615987366 101.27289614583493 101.2803861317962 101.28760539537333 101.29608803007646 101.30637548067388 101.31539956014528 101.3251455659744 101.33435012703524 101.34463757763264 101.35709080730321 101.36891235141074
100.76709649146231 100.79461993385013 100.81862398524407 100.84984730021517 100.88738747081624 100.91689621068775 100.92835679161645 100.93214690499444 100.94234411479714 100.96264829360781 100.97862091427221 100.99360088619474 101.01137832275343 101.03059961202754 101.05108427242764 101.07039580249646 101.089165887797 101.10739452832924 101.12183305548349 101.13636182343248 101.14908577548717 101.16009515244228 101.1703826030397 101.18039933125296 101.19158918979751 101.20314001152093 101.21541275960205 101.23012200914044 101.24365812834755 101.25638208040226 101.26784266133095 101.27686674080235 101.28435672676362 101.29085406398303 101.2983440499443 101.30664620305801 101.31440691140342 101.32361147246426 101.33209410716739 101.3403962602811 101.34933009895778 101.35961754955518 101.3711683712786
100.77891803556987 100.80364401332153 100.82412867372165 100.83883792326004 100.86383462339586 100.89559938313522 100.91960343452917 100.93837351982971 100.95714360513024 100.97510152327835 100.99215703347932 101.00984422924328 101.02789238818612 101.04566982474479 101.06434966925062 101.08339047693529 101.10216056223584 101.12084040674165 101.13464724833291 101.14836384912945 101.16090731959471 101.17191669654983 101.18283583271025 101.1921306345658 101.20160591801078 101.21216409099233 101.22488804304702 101.23986801496957 101.25340413417669 101.26585736384723 101.27686674080235 101.28390552279005 101.29040286000948 101.29690019722888 101.30366825683245 101.31215089153557 101.31909943272856 101.32740158584225 101.33561349816124 101.34391565127493 101.35284948995164 101.36259549578075 101.37414631750417
