static/data/pressure/2023/7/14/6.asc
ncols 137
nrows 93
xllcorner 108.0
yllcorner 17.0
cellsize 0.25
NODATA_value -32767
[rows 57 to 75 of 93, columns 86 to 128 of 137]
100.8589616204813 100.87646833465583 100.89379456724095 100.91021839187891 100.93079329307373 100.94902193360598 100.96995779797965 100.98972053202203 101.00921254368029 101.02852407374911 101.04747464063908 101.0667861707079 101.08302951375644 101.09927285680497 101.1147942734958 101.12977424541835 101.1442127725726 101.15973418926343 101.17372151244412 101.18825028039309 101.20178639960021 101.21351770291304 101.22579045099415 101.23526573443915 101.24374836914227 101.25078715112997 101.25746496993881 101.26477447431066 101.27298638662965 101.28128853974334 101.28950045206233 101.29726116040774 101.3040292200113 101.31070703882014 101.31729461683427 101.32297978690127 101.32848447537881 101.33398916385639 101.33904264836038 101.34274252094364 101.34698383829522 101.34978130293135 101.3507739516732
100.84199635107504 100.86004451001786 100.87953652167612 100.8980358845925 100.9185205449926 100.9377418342667 100.9587679394351 100.98024524857706 101.00072990897716 101.02220721811912 101.04178947057208 101.0610107598462 101.07824675163658 101.09449009468513 101.11046271534953 101.12571340965621 101.1397909736316 101.15450022317002 101.16821682396656 101.18175294317368 101.19501833999665 101.20702036569362 101.21929311377475 101.22903911960387 101.23923632940657 101.24672631536784 101.2534943749714 101.26071363854852 101.26721097576794 101.27497168411335 101.28273239245877 101.28977117444647 101.29653923405003 101.30303657126944 101.30971439007828 101.3162117272977 101.32171641577527 101.32722110425283 101.33326723749867 101.33823048120796 101.34274252094364 101.34472781842736 101.3462619119375
100.8282797502785 100.84750103955261 100.86699305121086 100.88801915637923 100.90922574313706 100.93025184830545 100.9517291574474 100.97320646658936 100.99423257175775 101.014987954542 101.03447996620025 101.05297932911664 101.07075676567531 101.08826347984984 101.10423610051424 101.12075016594694 101.13500821151177 101.14872481230832 101.16171948674715 101.17498488357012 101.1869869092671 101.19898893496408 101.21171288701876 101.22227106000032 101.23273899218715 101.24176307165855 101.2489823352357 101.25701376596524 101.26324038080053 101.27045964437765 101.27677650000763 101.28372504120063 101.29076382318831 101.29726116040774 101.30375849762716 101.31070703882014 101.31702389445013 101.32297978690127 101.3290259201471 101.33371844147224 101.3385012035921 101.3404865010758 101.34174987220179
100.81799229968108 100.83721358895518 100.85851041650773 100.87953652167612 100.90173575717577 100.92276186234416 100.94423917148613 100.96571648062809 100.98674258579646 101.00578339348115 101.02545588672884 101.0437747680558 101.06254485335633 101.07978084514673 101.09647539216884 101.11326017998566 101.12778894793463 101.14123482634703 101.15422950078587 101.16623152648285 101.17823355217982 101.18996485549265 101.20250832595792 101.21351770291304 101.22551972861001 101.23472428967087 101.24474101788412 101.25322365258725 101.25999171219081 101.26721097576794 101.27352783139794 101.28002516861734 101.2867932282209 101.29274912067203 101.29996838424917 101.30673644385273 101.31350450345627 101.31946039590741 101.3245138804114 101.3290259201471 101.33299651511453 101.33498181259824 101.3359744613401
100.80878773862024 100.82900167663621 100.85020826339401 100.87195629492012 100.89397504883037 100.91445970923047 100.93548581439886 100.95678264195139 100.97645513519906 100.9952252204996 101.01471723215785 101.03204346474297 101.05072330924878 101.06922267216518 101.08600745998201 101.10378489654069 101.11849414607909 101.13302291402806 101.14601758846689 101.15801961416386 101.1697509174767 101.18121149840539 101.1927623201288 101.20422290105749 101.21604444516504 101.22750502609372 101.23779247669114 101.24826040887798 101.25629183960754 101.2637818255688 101.27027916278823 101.27650577762348 101.28246167007462 101.28823708093634 101.2957270668976 101.30249512650116 101.30926318610472 101.314226429814 101.31900919193384 101.3225285829277 101.32523580676911 101.32676990027925 101.32821375299467
100.80247088299025 100.82250433941678 100.8429889998169 100.86500775372714 100.88504121015366 100.9057063521432 100.92628125333802 100.94604398738042 100.96553599903866 100.98448656592863 101.002985928845 101.02004143904598 101.0387212835518 101.0572206464682 101.07499808302687 101.09295600117498 101.10847741786581 101.12399883455664 101.13699350899549 101.14971746105017 101.16171948674715 101.17272886370226 101.18346751827325 101.19420617284422 101.20521554979935 101.2170370939069 101.22949032357744 101.24049970053255 101.25078715112997 101.25899906344895 101.26549640066837 101.2719937378878 101.27803987113363 101.28327383722706 101.29004189683062 101.29671971563945 101.30321705285887 101.30827053736286 101.31124848358843 101.314226429814 101.3162117272977 101.31675317206599 101.31900919193384
100.7982295656387 100.81699965093922 100.83721358895518 100.85823969412358 100.8762878530664 100.89704323585065 100.91572308035647 100.93521509201472 100.9549778260571 100.97446983771536 100.99351064540004 101.01128808195871 101.02978744487511 101.04702343666551 101.0642594284559 101.08176614263044 101.0974680409107 101.11371138395924 101.12751822555049 101.14024217760517 101.1525149256863 101.16352430264142 101.17399223482826 101.18373824065739 101.19501833999665 101.20674964330948 101.21947359536418 101.23228778821358 101.24320692437398 101.25250172622954 101.26071363854852 101.26721097576794 101.27271566424551 101.27822035272305 101.28372504120063 101.29049310080418 101.29653923405003 101.3015024777593 101.30448042398487 101.30646572146858 101.308541259747 101.30827053736286 101.31025583484657
100.79371752590299 100.81176568484581 100.83026504776221 100.85047898577815 100.8705124422047 100.8897337314788 100.90796237201106 100.92799582843759 100.94802928486412 100.96697985175409 100.98674258579646 101.00370785520272 101.02121456937726 101.03854080196237 101.05496462660034 101.07202013680131 101.08853420223399 101.10423610051424 101.11777221972137 101.13103761654435 101.14349084621489 101.155763594296 101.16704369363528 101.17498488357012 101.18599426052525 101.19727435986451 101.20873494079319 101.22172961523204 101.23346091854486 101.24401909152641 101.25376509735554 101.26125508331681 101.26648904941023 101.2719937378878 101.2772277039812 101.28453720835306 101.29049310080418 101.29671971563945 101.30204392252759 101.30448042398487 101.30222440411703 101.2995171802756 101.30123175537517
100.78902500457785 100.80626099636825 100.82421891451635 100.84353044458518 100.86401510498528 100.88377783902769 100.90372105465948 100.92402523347016 100.94396844910199 100.9632799791708 100.98376463957092 101.00045918659303 101.01724397440985 101.03303611348483 101.04801608540737 101.06326677971404 101.0789686779943 101.09403889071156 101.10802621389224 101.12102088833109 101.13347411800163 101.14502493972503 101.15720744701143 101.16749489760885 101.17850427456396 101.18924292913493 101.19971086132179 101.21099096066105 101.22299298635804 101.23526573443915 101.24501174026827 101.2534943749714 101.2605331569591 101.26603784543666 101.27100108914594 101.27921300146491 101.28724443219448 101.2944636957716 101.29897573550731 101.29897573550731 101.29401249179803 101.28950045206233 101.29049310080418
100.7797302027223 100.79552234179728 100.81348025994538 100.83549901385561 100.85724704538173 100.88098037439154 100.90471370340134 100.92546908618559 100.94496109784384 100.96427262791266 100.98123789731892 100.9970300363939 101.01273193467414 101.02671925785482 101.0412480258038 101.05622799772634 101.07021532090704 101.08546601521373 101.0987314120367 101.1122675312438 101.12526220568263 101.13753495376376 101.14998818343432 101.16171948674715 101.17173621496042 101.18175294317368 101.19176967138694 101.20124495483192 101.21153240542932 101.2235344311263 101.23373164092901 101.24275572040041 101.25051642874583 101.25629183960754 101.26197700967452 101.27000844040408 101.28074709497506 101.2892297296782 101.29274912067203 101.29121502716188 101.28778587696276 101.28173974371691 101.2784910751072
100.76321613728962 100.78000092510645 100.80003438153297 100.82295554339036 100.84677911319488 100.87728050180826 100.90372105465948 100.92772510605344 100.94748784009585 100.96670912936995 100.98448656592863 100.9990153338776 101.00975398844858 101.02301938527154 101.03529213335267 101.04900873414921 101.06074003746205 101.07553952779516 101.08898540620756 101.1019800806464 101.11524547746937 101.12851087429235 101.14150554873117 101.15395877840173 101.16523887774099 101.17498488357012 101.18473088939925 101.19447689522836 101.20250832595792 101.2112616830452 101.22100768887432 101.23021224993515 101.23797295828058 101.24428981391056 101.24997498397755 101.25547967245511 101.2637818255688 101.27226446027194 101.27749842636534 101.27822035272305 101.27749842636534 101.27271566424551 101.26748169815208
100.7420095505318 100.76348685967376 100.78451296484214 100.81023159133568 100.8360404586239 100.86897834869455 100.89975045969207 100.92474715982787 100.95028530473198 100.97122116910565 100.98972053202203 101.00072990897716 101.01047591480629 101.01796590076756 101.02978744487511 101.04025537706194 101.0527086067325 101.06579352196604 101.07951012276258 101.09277551958556 101.1064921203821 101.11948679482094 101.1332936364122 101.14520542131446 101.157026965422 101.1672241752247 101.1767896994644 101.18527233416754 101.1927623201288 101.20079375085835 101.20747156966719 101.21622492675446 101.22425635748402 101.23075369470344 101.23698030953872 101.24122162689027 101.2477189641097 101.25304317099783 101.2580064147071 101.26351110318465 101.26396230715824 101.25972098980667 101.25448702371325
100.72748078258283 100.7477849613935 100.77052564166146 100.79651499053912 100.82503108166878 100.85778849015001 100.88801915637923 100.91770837784019 100.94703663612226 100.96950659400608 100.98647186341233 100.99802268513574 101.00821989493843 101.01895854950942 101.02347058924512 101.03123129759054 101.04323332328751 101.05496462660034 101.06750809706561 101.08203686501459 101.09521202104284 101.1090188626341 101.12300618581479 101.13573013786949 101.14854433071888 101.15901226290572 101.16704369363528 101.17597753231198 101.18247486953139 101.18924292913493 101.19574026635436 101.20250832595792 101.2107202382769 101.21802974264875 101.22470756145759 101.22949032357744 101.23454380808144 101.238785125433 101.24275572040041 101.24798968649384 101.24925305761984 101.2464555929837 101.2420337940427
100.72278826125769 100.74029497543223 100.75978698709048 100.78523489119985 100.81176568484581 100.8429889998169 100.8737611108144 100.9057063521432 100.93602725916713 100.95976058817696 100.97600393122549 100.98926932804847 101.00271520646086 101.016251325668 101.0207633654037 101.02572660911297 101.03321659507425 101.04449669441351 101.0559572753422 101.06922267216518 101.08302951375644 101.09701683693713 101.11127488250195 101.12652557680863 101.13952025124746 101.15025890581845 101.15747816939557 101.16578032250928 101.17200693734456 101.17796282979567 101.18373824065739 101.19023557787679 101.19826700860636 101.20548627218349 101.2132469805289 101.21929311377475 101.22326370874217 101.22597093258359 101.22903911960387 101.2330097145713 101.2342730856973 101.23246826980301 101.23021224993515
100.72423211397312 100.73849015953795 100.75599687371249 100.77278166152931 100.79922221438053 100.8282797502785 100.8589616204813 100.89451649359866 100.92276186234416 100.94676591373813 100.96346046076023 100.97699657996735 100.99296920063175 101.00821989493843 101.016251325668 101.02004143904598 101.02698998023897 101.03502141096854 101.04648199189722 101.05704016487877 101.07075676567531 101.08447336647187 101.09954357918912 101.1147942734958 101.13004496780249 101.14096410396289 101.14899553469246 101.15549287191186 101.1615390051577 101.1672241752247 101.1729995860864 101.17850427456396 101.18554305655167 101.19303304251294 101.20151567721607 101.20774229205134 101.21171288701876 101.2145103516549 101.2152322780126 101.21676637152275 101.21802974264875 101.21748829788046 101.2152322780126
100.72423211397312 100.73876088192209 100.75220676033449 100.76673552828346 100.78577633596814 100.81375098232952 100.84524501968475 100.88422904300124 100.91103055903133 100.93295907214687 100.95001458234783 100.96400190552852 100.9805159709612 100.99802268513574 101.01074663719044 101.01426602818428 101.01850734553585 101.02572660911297 101.03601405971038 101.04621126951308 101.05803281362063 101.07021532090704 101.08546601521373 101.10053622793097 101.11551619985352 101.13004496780249 101.14024217760517 101.1454761436986 101.15152227694445 101.15720744701143 101.16199020913129 101.16704369363528 101.17245814131812 101.17922620092168 101.18770883562482 101.19420617284422 101.1985377309905 101.20052302847421 101.20052302847421 101.19971086132179 101.19998158370593 101.20079375085835 101.20178639960021
100.71701285039599 100.73623413967009 100.74895809172477 100.75996746867992 100.77648153411259 100.80003438153297 100.83053577014635 100.87150509094656 100.8992090149238 100.9185205449926 100.9299811259213 100.94225387400242 100.9612946816871 100.98223054606078 100.99775196275161 101.00749796858072 101.01201000831642 101.0169732520257 101.02626805388125 101.03799935719408 101.04774536302322 101.05875473997834 101.07120796964888 101.08573673759787 101.10098743190454 101.11578692223766 101.12751822555049 101.13473748912763 101.14078362237346 101.14601758846689 101.15052962820259 101.15477094555416 101.15901226290572 101.16478767376742 101.1710142886027 101.17796282979567 101.18301631429968 101.18554305655167 101.18599426052525 101.18554305655167 101.18500161178339 101.18626498290939 101.18797955800896
100.70401817595716 100.72675885622512 100.74173882814766 100.75473350258649 100.76872082576718 100.7874909110677 100.81501435345552 100.85147163452001 100.88152181915983 100.90146503479163 100.9114817630049 100.91996439770803 100.93701990790899 100.96373118314438 100.98602065943875 100.99928605626174 101.00596387507058 101.01020519242215 101.01652204805214 101.02798262898082 101.03799935719408 101.04927945653336 101.05902546236248 101.07120796964888 101.08573673759787 101.09972406077856 101.11298945760151 101.12201353707293 101.12923280065006 101.13446676674349 101.13897880647917 101.14276891985718 101.14574686608275 101.14971746105017 101.15522214952772 101.16126828277358 101.16623152648285 101.16920947270842 101.17074356621856 101.17128501098685 101.1710142886027 101.17245814131812 101.17525560595425
100.69048205675004 100.71602020165413 100.73271474867624 100.74751423900936 100.76050891344819 100.77675225649674 100.80328305014268 100.8347770874979 100.86572968008485 100.88603385889552 100.89722371744008 100.90498442578549 100.91698645148247 100.93927592777685 100.96553599903866 100.98403536195507 100.99748124036746 101.00424929997101 101.01020519242215 101.0207633654037 101.0309605752064 101.04196995216151 101.05072330924878 101.06046931507791 101.07274206315903 101.08375144011416 101.09800948567899 101.10721404673981 101.11623812621123 101.12201353707293 101.12625485442449 101.13004496780249 101.13302291402806 101.13573013786949 101.14024217760517 101.14502493972503 101.15025890581845 101.15504166793829 101.158290336548 101.15928298528986 101.16000491164758 101.16072683800529 101.162712135489
