static/data/thetao/2023/7/29/0.asc
ncols 137
nrows 93
xllcorner 108.0
yllcorner 17.0
cellsize 0.25
NODATA_value -32767
[rows 27 to 53 of 93, columns 61 to 121 of 137]
26.124344 25.883705 25.940493 25.888498 25.648342 25.880491 26.09889 26.361773 26.305899 26.733145 27.356163 27.678532 -32767.0 -32767.0 27.907005 28.150059 28.462969 28.774014 29.054817 29.169535 29.250704 29.373486 29.199654 28.980793 28.89847 -32767.0 -32767.0 -32767.0 -32767.0 -32767.0 -32767.0 -32767.0 -32767.0 -32767.0 27.79711 26.782694 27.9195 -32767.0 -32767.0 -32767.0 28.811684 28.847248 28.40633 28.695423 28.081364 28.659197 28.571808 28.641315 28.272991 28.266249 28.897814 29.174921 28.996798 28.783772 28.939758 28.952415 28.873169 28.810362 28.810331 29.122803 29.502869
26.271378 26.169687 25.76779 25.42104 25.275826 25.560568 26.01721 26.230648 26.362415 26.312016 26.710787 27.681906 27.903624 28.10605 28.21425 28.34778 28.573202 29.042665 29.375671 29.43193 29.383812 29.33909 29.03231 -32767.0 28.936054 28.677578 -32767.0 -32767.0 30.454899 -32767.0 -32767.0 -32767.0 -32767.0 -32767.0 -32767.0 26.92608 28.326427 -32767.0 -32767.0 28.540583 28.778084 29.061604 29.102953 29.167902 29.294764 29.3689 29.3904 28.768612 28.11082 28.722998 28.993584 29.063055 28.756382 28.630268 28.796833 28.91481 28.899136 28.940771 28.7174 29.087053 29.533127
26.29433 26.443726 26.382181 26.327118 26.20815 25.558283 25.531513 25.839657 25.984764 25.998344 26.5686 27.554605 27.798655 27.970114 28.12866 28.467577 28.717949 29.098663 29.265442 29.453552 29.39723 29.2277 -32767.0 28.729256 28.852142 28.993084 29.093477 29.262764 -32767.0 29.766588 -32767.0 -32767.0 -32767.0 -32767.0 -32767.0 28.265995 28.954975 28.849174 29.046019 28.953693 28.97541 29.226944 29.406733 29.40298 29.340172 29.334494 29.40221 28.932634 28.62494 28.783333 28.945751 28.858316 28.511599 28.349478 28.533867 28.829233 28.906359 29.004786 28.660501 29.127087 29.552767
26.51262 26.62986 26.592293 26.36586 26.032295 26.10202 25.565773 25.57602 25.567266 25.83544 26.384678 27.778877 27.947695 28.298628 28.498919 28.57147 28.788729 28.872711 28.94203 29.284594 29.433378 29.344702 28.977499 28.65664 28.647942 28.617218 28.974543 29.336634 29.331663 30.153387 -32767.0 -32767.0 -32767.0 -32767.0 28.397533 29.220188 28.89207 28.46737 28.738752 29.312283 29.544466 29.674023 29.67475 29.693653 29.685652 29.55185 29.389162 29.079166 29.134476 29.090595 28.707832 28.400087 28.212357 28.178177 28.36575 28.772594 28.95734 28.78064 28.65399 29.170103 29.595001
26.217762 26.605516 26.630888 26.320547 26.236729 26.147528 25.906555 25.775652 25.722727 25.759596 26.14942 27.176498 27.95417 28.478956 28.53293 28.668886 28.736763 28.820675 29.011887 29.186487 29.336027 29.406137 29.36735 29.346043 29.365875 29.337486 29.203585 29.022972 29.24776 29.149673 -32767.0 -32767.0 -32767.0 -32767.0 28.823935 29.176802 28.907492 28.75058 29.488987 29.612747 29.611395 29.63442 29.586372 29.637222 29.759127 29.778639 29.557238 29.483501 29.087015 28.98238 28.569798 27.943464 27.45409 27.787636 28.288204 28.735449 28.90884 28.71912 28.621294 29.232164 29.642633
26.18939 26.476263 26.667223 26.67621 26.46568 26.542023 26.523289 26.543192 26.071817 25.940794 26.172838 26.75449 27.87298 28.49291 28.528847 28.599539 28.604355 28.772493 28.894066 28.949476 29.246706 29.388962 29.352203 29.357431 29.446522 29.293903 29.2046 28.857296 -32767.0 -32767.0 -32767.0 -32767.0 -32767.0 28.615908 29.130405 29.551525 29.675592 29.77649 29.559128 29.499744 29.610968 29.585571 29.685408 29.64173 29.745943 29.755774 29.93398 29.549322 29.328884 28.869396 28.540073 27.918741 27.115011 27.508963 28.097752 28.650644 28.803366 28.633327 28.612295 29.340778 29.673487
26.064552 26.22991 26.66485 26.95616 26.908287 26.793787 27.246365 26.55121 26.216373 26.157776 26.267971 26.842484 28.040052 28.49266 28.431482 28.490932 28.648294 28.78373 28.844728 28.941895 29.103642 29.117659 29.10478 29.221813 29.296791 29.252707 29.163979 28.957186 -32767.0 -32767.0 -32767.0 -32767.0 -32767.0 28.680851 29.600458 29.579138 29.544884 29.41313 29.628328 29.607271 29.77302 29.868216 29.780645 29.76669 29.66402 29.80206 29.822079 29.917484 29.632381 29.545467 29.072626 27.642275 27.019453 27.25015 27.763468 28.279602 28.555943 28.481895 28.669298 29.44737 29.70388
26.002048 26.073559 26.438366 26.654743 26.697933 27.211386 27.343998 27.229406 26.289978 26.19257 26.310423 27.111288 27.892681 28.259232 28.320875 28.407274 28.619272 28.680983 28.905497 29.084742 29.131123 29.040104 28.995869 29.069757 29.08947 29.168123 29.107983 28.919739 29.369465 -32767.0 29.388674 -32767.0 -32767.0 29.234026 29.555822 29.545712 29.50454 29.390577 29.512403 29.650398 29.650484 29.73915 29.720755 29.627739 29.715582 29.747396 29.76258 29.944057 29.7585 29.67647 29.620913 29.463089 28.756409 28.143345 27.83118 28.059826 28.341644 28.330164 28.825216 29.522003 29.715847
26.171581 26.343344 26.631159 26.423927 26.724842 27.206442 26.944613 26.913656 26.616747 26.207703 26.43271 26.949806 27.394836 27.763744 28.110886 28.415798 28.42668 28.661451 28.897213 29.023695 28.932823 28.922333 28.919315 28.911856 29.019241 29.030106 29.03431 28.950819 28.987997 29.04539 29.388752 -32767.0 28.710646 29.122204 29.417032 29.475786 29.498749 29.43153 29.336905 29.537819 29.650528 29.72721 29.75251 29.805397 29.81441 29.737741 29.741486 29.780535 29.653683 29.584846 29.589952 29.560116 29.587568 29.317606 28.914778 28.264307 28.174524 28.234413 29.089386 29.565094 29.681803
26.190712 26.357937 26.782928 26.853123 26.592583 26.938414 27.20653 27.284767 26.754715 26.54697 26.699884 27.336033 27.446629 27.870432 28.258772 28.212685 28.46861 28.795332 28.922129 28.964985 28.93663 28.958078 29.031446 29.050804 29.022766 29.054289 29.075737 29.070635 29.054033 28.994823 -32767.0 28.888512 29.228481 28.702663 29.532484 29.20821 29.443726 29.439644 29.440445 29.398407 29.560736 29.6901 29.702702 29.713459 29.711998 29.693161 29.70388 29.744194 29.731922 29.706179 29.71508 29.748808 29.698566 29.555319 29.491657 29.194391 28.643488 28.739079 29.400988 29.576382 29.531954
25.447874 25.962032 26.689709 27.3935 27.099657 27.259544 27.531994 27.726648 27.439772 27.07202 27.394896 27.629047 27.832098 27.91142 27.98689 28.272434 28.675886 28.804081 28.884502 28.882555 28.996038 29.020267 29.104143 29.24132 29.358675 29.427103 29.49773 29.479551 29.217823 28.862257 29.018114 29.026114 28.615694 29.04943 29.021914 29.299227 29.488422 29.37745 29.38273 29.340933 29.556265 29.667646 29.727348 29.707588 29.725555 29.607046 29.689531 29.635574 29.654112 29.686481 29.73246 29.694399 29.644611 29.590078 29.530537 29.494482 29.212385 29.252483 29.643326 29.574268 29.294592
25.131351 26.161158 27.19346 27.532297 27.68468 27.645874 27.881798 27.918959 27.757101 27.573462 27.571213 27.607946 27.711557 27.816202 28.014135 28.186842 28.631594 28.814941 28.836145 28.904055 28.982315 29.066795 29.146154 29.229511 29.415787 29.558193 29.584942 29.611973 -32767.0 29.465368 29.45484 -32767.0 28.92224 29.050806 29.221746 29.313301 29.383167 29.386559 29.32476 29.33542 29.572748 29.66222 29.782366 29.765215 29.671865 29.62546 29.627241 29.714384 29.51995 29.546093 29.665346 29.704426 29.714924 29.634453 29.587746 29.55283 29.622671 29.585627 29.546606 29.533403 29.16145
24.751566 26.258848 27.70292 27.829803 27.878319 28.096195 28.225002 28.202911 28.161243 28.112656 27.864614 27.788374 28.143715 28.398006 28.534061 28.602598 28.62238 28.901566 29.017662 29.12124 29.225552 29.272682 29.281683 29.292103 29.367498 29.458708 29.45683 29.518785 29.69041 -32767.0 29.487736 28.344452 28.834185 29.154486 29.255293 29.361744 29.32656 29.421745 29.295092 29.491514 29.567154 29.66742 29.77713 29.758694 29.668829 29.61915 29.561928 29.631094 29.646883 29.532227 29.558952 29.636553 29.79949 29.694862 29.76414 29.75793 29.487808 29.629105 29.362421 29.401669 29.058762
25.513031 26.742823 27.653715 28.336767 28.25859 28.161621 28.435406 28.638927 28.476501 28.39385 28.364864 28.449135 28.455158 28.558117 28.613823 28.685581 28.846838 29.03285 29.215448 29.391386 29.543509 29.67319 29.633091 29.560556 29.500248 29.46897 29.478092 29.316032 29.237228 29.419987 29.337622 29.421436 29.395313 29.357418 29.350868 29.475107 29.438053 29.283895 29.469267 29.59532 29.536604 29.676903 29.771772 29.679415 29.578217 29.568054 29.560427 29.55612 29.554401 29.58802 29.56341 29.635635 29.731241 29.640419 29.563297 29.533533 29.756079 29.415314 29.470236 29.202555 29.02293
26.622873 27.156504 27.676016 28.14543 28.622576 28.569633 28.718346 28.777039 28.72673 28.70981 28.664433 28.611515 28.667913 28.60332 28.735003 28.907072 29.017742 29.31403 29.304163 29.37991 29.614492 29.634518 29.47708 29.392294 29.416239 29.430851 29.306032 29.314968 29.221163 29.13138 29.01704 29.164255 29.308125 29.33861 29.369764 29.392904 29.338732 29.6666 29.723993 29.585138 29.521666 29.715084 29.752691 29.596565 29.585863 29.555418 29.45003 29.48662 29.594833 29.648186 29.744099 29.756361 29.742935 29.444199 29.425106 29.790348 29.49445 29.435062 29.457178 29.22302 29.018461
27.542871 27.884052 28.359419 28.508724 28.842289 28.735937 28.70206 28.50638 28.539145 28.669472 28.695723 28.763487 28.752796 28.745672 28.898409 29.019806 29.354645 29.54702 29.317589 29.45272 29.2985 29.107426 29.046741 29.052057 29.131424 29.16099 29.153774 29.145613 29.130074 29.124573 29.092587 29.18613 29.298897 29.159464 29.28715 29.382349 29.484455 29.578323 29.566587 29.501123 29.526503 29.713295 29.67826 29.697073 29.638021 29.695732 29.590147 29.483053 29.520645 29.646866 29.710382 29.72386 29.692865 29.573437 29.730011 29.514782 29.42418 29.356749 29.188236 29.195225 28.92695
28.524776 28.932663 29.26247 29.458412 29.494415 29.02075 28.75108 28.714544 28.843985 28.909876 28.769169 28.768898 28.859047 28.993292 28.973953 29.227295 29.677881 29.760426 29.34798 29.264908 29.00486 28.949894 28.93615 28.99 29.083145 29.11426 29.116325 29.09296 29.076965 29.048256 29.029335 29.05186 29.072735 29.34411 29.3491 29.437706 29.37931 29.3729 29.4322 29.378122 29.548471 29.617249 29.693302 29.694326 29.558727 29.483093 29.504972 29.559801 29.619501 29.57078 29.64355 29.611229 29.62084 29.633146 29.55731 29.310492 29.22952 29.409075 29.280964 29.07029 28.949444
28.714512 29.643824 29.412416 29.226986 29.305748 29.456411 28.945045 28.88721 28.775467 28.73348 28.689186 28.7955 28.987839 28.958796 29.182516 29.37282 29.52124 29.815775 29.337307 29.170769 28.981773 28.956434 28.753325 29.049397 29.143116 29.111975 29.067106 29.03363 29.070251 29.097738 29.180593 29.322546 29.43374 29.313988 29.331179 29.34961 29.387556 29.407217 29.464754 29.358679 29.549236 29.563154 29.606806 29.650316 29.357477 29.287937 29.310162 29.429733 29.595633 29.533873 29.572577 29.564016 29.575768 29.596859 29.333036 29.29038 29.290077 29.092407 29.037336 28.974907 28.910206
28.773731 29.622644 29.252054 28.998936 29.108498 29.113552 29.018661 28.881857 28.876076 28.87623 28.922274 29.008112 29.03223 29.110273 29.20541 29.331022 29.624458 29.928526 29.295034 29.135046 28.889425 28.94182 28.798733 28.865818 29.01491 29.042019 29.047638 29.096712 29.192146 29.28844 29.403 29.500427 29.566566 29.588808 29.579676 29.584 29.589111 29.58202 29.548965 29.371521 29.527378 29.603966 29.698442 29.579216 29.408537 29.437582 29.321201 29.361725 29.456526 29.515352 29.525976 29.578552 29.535307 29.461622 29.269606 29.168867 29.064068 28.944828 28.864273 28.87439 28.933859
28.939272 29.372402 29.12009 29.236448 29.007355 28.938248 28.835165 28.78209 28.982347 28.96889 28.96207 29.046822 29.072884 29.150875 29.256886 29.485094 29.751524 29.628855 29.23161 29.107592 28.835838 28.913586 28.916111 28.84848 28.854523 28.857084 28.881853 29.02218 29.082981 29.31516 29.507967 29.504265 29.446516 29.387985 29.38334 29.46169 29.567547 29.627144 29.575947 29.402466 29.514698 29.675623 29.740524 29.453884 29.499582 29.55242 29.405718 29.481956 29.604776 29.478 29.492893 29.444698 29.405508 29.196642 29.118685 28.875006 28.899147 28.936285 28.893309 28.806244 28.79406
28.928856 28.89822 28.72859 28.95822 29.265972 29.242836 28.997784 28.94399 28.848377 28.95063 28.96601 29.095827 29.069807 29.192968 29.496395 29.517567 29.209148 29.209818 29.160282 29.066082 29.097637 29.049286 28.929646 28.953552 -32767.0 28.848852 29.039518 29.08126 29.203388 29.332445 29.278618 29.266775 29.170593 29.1037 29.16953 29.374344 29.50534 29.616442 29.536388 29.435314 29.496063 29.733772 29.601465 29.511044 29.583101 29.606033 29.372099 29.529392 29.491293 29.509521 29.362274 29.319757 29.189573 29.103273 28.688662 28.658667 28.729477 28.747091 28.800388 28.81913 28.820675
28.85454 28.521206 28.57038 29.02911 29.194958 29.307848 29.237818 29.145023 28.987158 29.04588 29.14463 29.09981 29.144573 29.424076 29.67288 29.115757 29.01689 29.151136 29.131773 29.048328 29.038227 29.071394 28.984272 28.851984 28.938795 28.9131 28.931698 29.008259 29.031939 29.12705 29.041365 28.885984 28.80254 28.83136 28.962835 29.333435 29.47477 29.536863 29.446905 29.45956 29.567688 29.690119 29.570864 29.85826 29.865675 29.846914 29.236546 29.37647 29.414032 29.351187 29.31742 29.18449 29.172468 28.816391 28.962149 28.991405 28.81251 28.704597 28.763618 28.815802 28.80442
28.053219 28.498499 28.957664 29.274244 29.238651 28.984516 29.118011 29.152288 29.068024 29.198269 29.120941 29.103497 29.337025 29.699993 29.5032 29.05639 29.15726 29.177246 29.080282 28.976345 29.03313 28.958975 29.089733 -32767.0 28.961313 28.972208 28.950102 28.996197 29.074825 28.89349 28.741863 28.689198 28.765625 28.844353 28.952013 29.365225 29.464079 29.486732 29.452768 29.470327 29.643362 29.597181 29.822311 29.830936 29.784512 29.749784 29.26635 29.092384 29.240038 29.206758 29.192303 29.22432 28.967709 28.717083 29.076502 29.138996 29.072851 28.943073 28.883245 28.688766 28.687683
28.14504 28.433178 28.890224 28.99458 28.861574 28.835482 28.912273 29.02552 29.074356 28.93058 28.992966 29.521067 29.775658 29.768997 29.430712 29.120996 29.06244 29.124397 28.974154 28.889723 28.798834 28.8659 28.882742 29.025412 28.912342 28.885952 28.941797 28.986439 28.984734 28.758509 28.650778 28.777622 28.89446 28.97944 29.134556 29.425697 29.444035 29.37818 29.476265 29.582222 29.57896 29.657093 29.709177 29.70875 29.722046 29.70002 29.459532 29.334026 29.24466 29.264383 29.275108 29.105066 28.906214 28.699688 29.078571 29.38641 29.285843 29.142176 28.889242 28.880928 28.975508
28.014235 28.33008 28.329239 28.378418 28.355965 28.168016 28.131344 28.587381 28.813469 28.966867 29.256643 29.531427 29.853813 29.622766 29.225927 29.14465 29.069935 29.140799 29.02321 28.969433 28.764032 28.887335 28.882816 28.9026 28.774817 28.981781 28.958328 28.992517 28.883478 28.73673 28.724098 28.906837 29.032633 29.14743 29.356756 29.385494 29.330807 29.495148 29.51544 29.516493 29.5385 29.601809 29.614365 29.539194 29.540972 29.556648 29.593979 29.239292 29.311756 29.340225 29.336483 29.259842 29.062475 28.820354 29.163029 29.481724 29.276316 29.169792 29.113045 29.058752 29.016989
28.061277 28.387623 28.440668 28.284094 28.22035 27.919224 28.373472 28.659292 28.939144 29.06525 29.345093 29.72873 29.811014 29.410587 29.14093 29.158728 29.113373 29.176037 29.182604 29.071953 28.810165 28.660948 28.846375 28.759487 29.014833 29.088835 28.987024 28.976612 28.842056 28.747566 28.786528 28.965296 29.129133 29.23271 29.28172 29.300362 29.464724 29.544481 29.490845 29.478752 29.543663 29.44481 29.288294 29.280201 29.417465 29.553465 29.47286 29.461746 29.130121 29.08887 29.126339 29.237856 29.228859 29.171303 29.31518 29.503494 29.460375 29.43508 29.3979 29.32274 29.358696
28.744322 28.729277 28.490465 28.472013 28.479612 28.343397 28.709625 28.752209 28.897484 29.090975 29.54309 29.598078 29.337742 29.223303 29.141333 29.165026 29.076473 29.163776 29.205757 29.545649 -32767.0 28.987501 28.89958 28.98511 29.03436 29.126255 29.0039 28.962135 28.834158 28.788713 28.814196 28.939922 29.091566 29.171154 29.257837 29.432734 29.539871 29.485514 29.45088 29.36464 29.231485 29.137728 29.099913 29.058537 29.130276 29.303871 29.587933 29.443487 29.393425 29.095713 29.103907 29.052849 29.207874 29.271309 29.349972 29.473473 29.463072 29.408415 29.443756 29.300959 29.32752
