static/data/thetao/2023/7/29/12.asc
ncols 137
nrows 93
xllcorner 108.0
yllcorner 17.0
cellsize 0.25
NODATA_value -32767
[rows 54 to 80 of 93, columns 61 to 121 of 137]
28.551596 28.497314 28.480139 28.48792 28.48386 28.635986 28.723045 28.860037 29.23753 29.490364 29.484135 29.288694 29.217384 29.321661 29.260607 29.234426 29.280216 29.319221 29.270693 29.351267 29.066214 29.051834 29.018572 29.06548 29.2145 29.37654 29.058935 29.056744 28.911064 28.945667 29.074074 29.218403 29.286999 29.410702 29.56074 29.608788 29.592617 29.453348 29.280258 29.166723 29.101482 29.06563 28.98802 28.919737 29.055021 29.2292 29.476759 29.692987 29.482248 29.505516 29.278715 29.207731 29.143679 29.30587 29.358696 29.536737 29.486721 29.395828 29.554197 29.25106 29.298836
28.188787 28.453766 28.71851 28.771313 28.798744 28.8088 29.001568 29.26276 29.528389 29.525732 29.246693 29.130936 29.261105 29.293627 29.259165 29.209387 29.202208 29.404528 -32767.0 29.192802 29.323019 29.474419 29.35328 29.25177 29.524647 29.41135 29.059792 29.037184 28.935791 28.98354 29.135 29.261732 29.41617 29.550303 29.5941 29.58311 29.415886 29.129143 28.91601 28.857107 28.811695 28.855856 28.870842 28.856638 29.102678 29.25189 29.363073 29.686611 29.6649 29.495914 29.512138 29.31964 29.161184 29.301878 29.437893 29.367085 29.396618 29.511126 29.601274 29.239708 29.72136
28.75612 28.783293 28.88176 28.92174 28.992739 29.12215 29.255451 29.301132 29.448473 29.206999 29.073362 29.224567 29.279314 29.31018 29.271734 29.292976 29.385805 29.428337 29.452818 29.500067 29.575653 29.628607 29.647047 29.695665 29.623709 29.326946 29.124805 29.042027 29.06361 29.042612 29.144873 29.341993 29.486382 29.513294 29.471493 29.292582 28.96912 28.794235 28.806793 28.845463 28.80615 28.669355 28.590918 28.690233 29.048447 29.290068 29.338514 29.616558 29.72703 29.583467 29.634813 29.336576 29.153728 29.268547 29.38218 29.36507 29.53595 29.666145 29.761284 29.42291 29.857536
28.827457 28.666035 28.569792 28.87062 29.083467 29.130598 29.245804 29.353214 29.03936 29.058332 29.281069 29.23938 29.334902 29.311663 29.214785 29.316736 29.353582 29.493208 29.492579 29.48464 29.642849 29.606808 29.575062 29.658974 29.667063 29.20492 29.21921 29.115885 29.157099 28.99287 29.109484 29.287941 29.41085 29.369879 29.19309 28.910284 28.763214 28.819382 28.808172 28.793602 28.854324 28.76437 28.650925 28.700912 29.057806 29.319332 29.430447 29.499956 29.750957 29.750828 29.730146 29.397087 29.226793 29.305492 29.348097 29.316494 29.650066 29.694628 29.766912 29.739887 30.080046
28.736 28.631134 28.77227 29.112497 29.288637 29.291132 29.14774 29.018345 29.159737 29.342218 29.18192 29.176985 29.291935 29.298962 29.266514 29.35147 29.393278 29.505896 29.411327 29.414955 29.651495 29.553389 29.515047 29.58505 29.678854 29.076645 29.286674 29.205385 29.125395 29.099176 29.092737 29.244143 29.331442 29.214914 28.988878 28.79859 28.828424 28.830671 28.855318 28.868526 28.856394 28.815346 28.680758 28.746746 29.042398 29.310543 29.470894 29.494448 29.682108 29.812262 29.79301 29.7203 29.367945 29.220358 29.277494 29.6022 29.698668 29.684875 29.636599 30.087328 30.208103
28.529005 28.558502 28.92623 28.977987 29.074879 28.965754 29.084455 29.262444 29.35266 29.221748 29.1459 29.140999 29.293491 29.302061 29.393993 29.5295 29.51637 29.254189 29.272 29.630339 29.632172 29.635225 29.643639 29.670723 29.466051 29.03806 29.31846 29.31615 29.091032 29.281013 29.083069 29.175417 29.23508 29.09995 28.902386 28.804754 28.829481 28.859657 28.844368 28.90639 28.85829 28.770885 28.700785 28.804148 29.083948 29.324043 29.424625 29.542892 29.558334 29.592083 29.757532 29.830193 29.790674 29.703367 29.694372 29.7443 29.712505 29.643438 30.08434 30.238375 30.298008
28.521881 28.899275 29.013588 29.109097 29.249805 28.86337 29.320705 29.347599 29.385649 29.10209 29.154821 29.103266 29.129272 29.312199 29.321445 29.389671 29.165493 29.417444 29.656698 29.693504 29.643866 29.650179 29.598627 29.485128 29.04431 29.0585 29.333183 29.394405 29.108423 29.208412 29.184912 29.140026 29.18113 29.054325 28.864853 28.772463 28.764969 28.804798 28.774958 28.87922 28.865593 28.764244 28.7379 28.849096 29.0791 29.286703 29.360756 29.43347 29.509233 29.53431 29.55364 29.69144 29.823582 29.888636 29.843473 29.83185 29.611797 29.987467 30.248413 30.33657 30.131155
28.672821 28.972113 29.22251 29.253271 29.342533 29.016953 29.473763 29.409304 29.536598 28.831331 29.171457 29.108492 29.202309 29.303436 29.4088 29.304035 29.348324 29.645605 29.641531 29.592388 29.615692 29.59902 29.484001 29.118755 28.945967 29.286451 29.296377 29.404474 29.170437 28.99172 29.233322 29.15978 29.151163 29.036758 28.859514 28.767065 28.77572 28.785494 28.823448 28.869339 28.852867 28.857883 28.911457 28.987782 29.121948 29.249945 29.361229 29.418552 29.438757 29.487617 29.489666 29.670914 29.731588 29.87632 29.906239 29.865051 29.764673 30.221441 30.342823 30.17737 30.124338
28.930767 28.944706 29.44655 29.384352 29.262556 29.385616 29.537369 29.43061 29.333488 29.230274 29.125946 29.075611 28.916903 29.047916 29.059658 29.236568 29.574217 29.66403 29.549252 29.53391 29.580143 29.443607 29.155941 28.953794 29.25074 29.246885 29.202559 29.301922 29.310709 29.076855 28.985542 29.156914 29.113663 29.032307 28.887842 28.822662 28.822794 28.86128 28.904999 28.898867 28.92426 29.046274 29.16603 29.223978 29.267517 29.243876 29.349216 29.416286 29.400928 29.407118 29.485086 29.691175 29.682127 29.793182 29.940435 29.755222 30.111332 30.275642 30.214142 30.100693 30.181595
29.178093 29.057182 29.137506 29.361113 29.491848 29.566936 29.520115 29.45826 29.320791 29.205925 29.153381 29.179108 28.891893 28.863867 28.9915 29.433714 29.678637 29.633818 29.372295 29.546774 29.302654 29.07021 29.110806 29.157557 29.183405 29.211813 29.237455 29.253098 29.286495 29.32829 29.320951 29.161856 28.951218 28.950151 28.947546 28.914762 28.874697 28.883575 28.935087 29.114134 29.270905 29.296633 29.26549 29.208618 29.166922 29.121029 29.304811 29.544956 29.296803 29.41199 29.554644 29.694176 29.686947 29.746082 29.891338 30.031067 30.033552 30.095121 30.069136 30.06854 30.07639
29.153013 29.160202 29.363064 29.546875 29.672644 29.67531 29.518932 29.448433 29.340666 29.260897 29.225094 29.221817 28.86449 28.86238 29.142275 29.43805 29.644156 29.50621 29.206255 29.20456 29.20697 29.21899 29.136328 29.230099 29.33393 29.364271 29.317406 29.266254 29.242247 29.266161 29.325813 29.374157 29.36784 29.331396 29.273708 29.244976 29.247295 29.2747 29.329256 29.231457 29.214241 29.255354 29.241076 29.114214 29.06836 29.154953 29.345446 29.52129 29.245642 29.405363 29.576393 29.691853 29.68808 29.805538 29.78593 30.080685 30.036343 30.042013 30.038946 30.069006 30.04644
29.04044 29.428345 29.64355 29.710907 29.694572 29.554407 29.446283 29.352575 29.306114 29.285248 29.290155 29.22965 28.814316 28.881838 29.260496 29.41559 29.456099 29.2883 29.224648 29.355402 29.33761 29.213234 29.136341 29.141325 29.259796 29.420774 29.517387 29.503016 29.44923 29.406923 29.387768 29.335022 29.309164 29.193302 29.16113 29.159351 29.11648 29.104342 29.132643 29.387661 29.492561 29.479046 29.465498 29.4668 29.381186 29.123232 29.340796 29.417665 29.489552 29.256083 29.59762 29.698206 29.76693 29.811398 29.95844 29.95287 29.895166 29.821272 29.814903 29.797047 29.788136
29.086205 29.452183 29.577679 29.592546 29.581928 29.614288 29.521244 29.396852 29.370874 29.267288 29.227592 28.900646 28.7797 28.918913 29.362482 29.404026 29.389742 29.38442 29.311447 29.17316 29.02909 28.935886 28.903942 28.90753 28.870598 28.879942 29.123129 29.463282 29.592968 29.595392 29.579556 29.550695 29.4845 29.393534 29.418604 29.31221 29.19148 29.391333 29.498613 29.499039 29.562458 29.628788 29.667404 29.580439 29.496883 29.49516 29.135557 29.404316 29.35808 29.3164 29.614792 29.710012 29.778582 29.761953 30.037308 29.886791 29.791466 29.695967 29.675772 29.714594 29.78626
28.939432 29.05719 29.336798 29.401176 29.263035 29.33933 29.63414 29.406586 29.388142 29.253952 29.137268 28.725256 28.78434 29.014576 29.346676 29.364973 29.304182 29.21979 29.144161 29.072416 29.0001 28.918987 28.932419 28.992405 29.00234 28.933998 28.85121 28.975552 29.511189 29.512466 29.511665 29.54982 29.505873 29.373426 29.332666 29.282484 29.461735 29.51575 29.47195 29.486294 29.557766 29.665987 29.815882 29.75897 29.769995 29.765728 29.546091 29.315796 29.342348 29.50603 29.617775 29.698263 29.693274 29.977268 29.859312 29.855501 29.726326 29.584223 29.606728 29.751781 29.885315
29.245615 29.194456 29.18005 29.336155 29.218555 29.155056 29.526464 29.434437 29.373125 29.240156 29.018732 28.8256 28.833641 29.165321 29.314114 29.233019 29.1603 29.11663 29.082718 29.050192 29.020746 28.965837 28.972652 29.09944 29.176245 29.137707 29.021265 28.892546 29.050793 29.466616 29.366045 29.440857 29.505762 29.367254 29.386063 29.307877 29.428701 29.52215 29.454634 29.393398 29.492966 29.605371 29.748661 29.784643 29.864786 29.910425 29.827425 29.743439 29.62641 29.533583 29.596945 29.642317 29.60959 29.963173 29.88159 29.865662 29.721298 29.693214 29.740004 29.716772 29.595015
29.385029 29.297419 29.240564 29.189976 28.992859 29.118399 29.378908 29.474073 29.364174 29.161583 28.754696 28.832153 28.876064 29.23382 29.20011 29.11529 29.070318 28.969471 28.929535 28.918781 28.880022 28.873627 28.979233 29.150267 29.247086 29.24942 29.191765 29.099632 29.020609 29.330908 29.33545 29.334948 29.466936 29.315376 29.371824 29.365793 29.395792 29.543482 29.495914 29.385475 29.349663 29.62763 29.657797 29.80644 30.030464 30.060328 30.003632 29.892706 29.777348 29.4243 29.537975 29.51943 29.832802 29.80341 29.891327 29.89486 29.796154 29.757215 29.603228 29.599695 29.64456
29.487215 29.31831 29.097704 28.927795 29.03711 29.394 29.50257 29.505085 29.352663 29.075527 28.703154 28.861319 28.918617 29.17663 29.0688 29.013441 28.951004 28.848726 28.797045 28.848265 28.817524 28.758898 28.986975 29.135096 29.285927 29.343039 29.321821 29.18223 29.155031 29.287325 29.225199 29.2598 29.426882 29.246792 29.29609 29.330685 29.37083 29.515537 29.48493 29.368711 29.381075 29.644987 29.599533 29.827557 30.050802 29.9972 29.951408 29.907078 29.72033 29.448128 29.459425 29.44006 29.82929 29.623774 29.752958 29.922075 29.827543 29.587778 29.682371 29.628347 29.657305
29.498568 29.245985 29.047947 28.957829 29.122934 29.67753 29.718779 29.464098 29.323124 28.98629 28.735092 28.838198 28.993015 29.138273 28.99514 28.960232 28.952272 28.894466 28.8039 28.784227 28.781662 28.715384 28.898785 28.958988 29.249638 29.343388 29.345781 29.228321 29.158422 29.22272 29.296413 29.25699 29.339518 29.256756 29.303022 29.311743 29.307749 29.49436 29.415241 29.310688 29.50205 29.718931 29.6051 29.771708 29.99673 29.93846 29.875011 29.862097 29.611273 29.444063 29.392063 29.291975 29.662907 29.637133 29.452356 29.543806 29.569046 29.687544 29.599888 29.558783 29.618254
29.235102 29.0842 29.069292 29.061754 29.426456 29.827993 29.584566 29.437363 29.26786 28.825386 28.737442 28.84562 28.988325 29.023825 28.929573 28.922657 28.876965 28.813786 28.811996 28.797186 28.737663 28.689234 28.742662 28.69295 29.181065 29.437632 29.407484 29.3221 29.201015 29.244886 29.306225 29.367374 29.313416 29.25449 29.285473 29.325321 29.301104 29.293802 29.292753 29.45155 29.699593 29.721947 29.658329 29.685917 29.94474 29.951775 29.863926 29.817673 29.604591 29.510015 29.389496 29.109423 29.528952 29.723137 29.5664 29.489998 29.588182 29.625998 29.53543 29.545074 29.609674
28.941177 28.8706 28.951597 29.063618 29.386929 29.680792 29.439034 29.408224 29.222095 28.679758 28.615273 28.765234 28.978256 29.041319 29.011127 28.938803 28.915558 28.883911 28.7823 28.75388 28.811575 28.889185 28.911427 29.04097 29.369642 29.403265 29.437876 29.393272 29.25697 29.248714 29.397312 29.48611 29.48299 29.401588 29.349735 29.34776 29.31183 29.288858 29.31431 29.529783 29.803019 29.667488 29.73828 29.51037 29.823431 29.93159 29.913363 29.811125 29.650412 29.573965 29.323353 28.99679 29.557274 29.653692 29.594788 29.541767 29.519823 29.533737 29.573849 29.643429 29.727732
28.821936 28.855925 28.95521 29.055376 29.163754 29.21954 29.275068 29.379038 29.191174 28.60166 28.552742 28.58677 28.665316 28.741676 28.805359 28.775238 28.793406 28.839775 28.965864 29.073074 29.15645 29.22191 29.28556 29.334148 29.260166 29.191404 29.349386 29.423714 29.299183 29.252008 29.341913 29.501333 29.609028 29.62729 29.508438 29.393 29.349285 29.301928 29.337494 29.571262 29.802233 29.674871 29.74511 29.309103 29.51302 29.783194 29.820986 29.758966 29.639318 29.449419 28.997477 29.169624 29.506907 29.529238 29.573753 29.59748 29.651672 29.699009 29.741026 29.78379 29.829319
28.829226 28.821499 28.78043 28.849518 28.960428 29.037334 29.208904 29.362497 29.114983 28.58906 28.63583 28.645386 28.641594 28.769127 28.927315 29.066824 29.119772 29.239725 29.345007 29.312462 29.21106 29.179035 29.082779 29.008183 29.091461 29.261175 29.336409 29.44779 29.382004 29.21179 29.36691 29.467693 29.530432 29.580088 29.527578 29.466782 29.398205 29.305962 29.376528 29.588957 29.801954 29.687523 29.751894 29.196756 29.00043 29.364794 29.515514 29.43789 29.194698 28.826616 29.036018 29.441538 29.493937 29.588923 29.676687 29.679657 29.63662 29.62805 29.655949 29.706142 29.759756
28.657146 28.527308 28.547241 28.543243 28.63139 28.854124 29.238998 29.349066 29.04095 28.59913 28.937489 29.053844 29.040041 29.033634 29.057728 29.35313 29.509811 29.313358 29.129463 29.090672 29.062216 29.091185 29.22806 29.263754 29.344814 29.484491 29.45959 29.48665 29.479666 29.465277 29.497026 29.461086 29.517134 29.547697 29.488377 29.502207 29.434437 29.275919 29.348013 29.566551 29.795334 29.630207 29.594145 29.405844 29.008287 28.971918 28.949894 28.881124 28.94903 29.239197 29.36768 29.488832 29.717424 29.627941 29.498001 29.625961 29.750578 29.799152 29.838343 29.880209 29.859068
28.455809 28.565166 28.64532 28.605228 28.796772 29.028315 29.286385 29.345276 28.992918 28.890194 29.120232 29.083803 29.147093 29.329967 29.464073 29.433336 29.2562 29.142979 29.13327 29.124647 29.099352 29.17681 29.269573 29.329323 29.375072 29.507507 29.57478 29.585764 29.56839 29.55654 29.502762 29.47129 29.502815 29.513863 29.526644 29.52532 29.40271 29.240162 29.266771 29.542416 29.74263 29.54861 29.282412 29.344452 29.395859 28.998861 28.919485 29.224285 29.226889 29.200644 29.556366 29.702284 29.519762 29.569345 29.615772 29.709848 29.730743 29.779411 29.835428 29.87086 29.879671
28.180525 28.241295 28.543123 28.654537 28.825317 29.112175 29.278093 29.306662 29.10216 28.983095 29.025549 29.138763 29.298018 29.529564 29.572216 29.467522 29.266256 29.118996 29.175993 29.188366 29.156673 29.200035 29.240047 29.30681 29.353651 29.397547 29.455341 29.522491 29.541304 29.526005 29.516752 29.518732 29.532667 29.572594 29.584232 29.499777 29.295343 29.215136 29.25903 29.521122 29.688292 29.558964 29.421083 29.387112 29.5616 29.406721 29.235548 29.08205 29.202856 29.505835 29.653593 29.551025 29.424685 29.553144 29.594444 29.672325 29.741116 29.785044 29.820475 29.87318 29.881096
27.802149 28.089525 28.455458 28.69803 28.932404 29.111132 29.242775 29.285107 29.29693 29.210815 29.223433 29.048965 29.421806 29.594408 29.642523 29.602959 29.359291 29.1426 29.164686 29.168701 29.21994 29.28882 29.463331 29.500046 29.433329 29.423769 29.45612 29.484016 29.503174 29.533173 29.563915 29.567978 29.579811 29.563086 29.562754 29.516985 29.441683 29.332844 29.331556 29.60241 29.656473 29.539509 29.473854 29.573195 29.663235 29.537664 29.491894 29.419088 29.506998 29.696285 29.500715 29.33891 29.341347 29.452982 29.52397 29.597017 29.644754 29.695997 29.80259 29.85634 29.893557
27.597443 28.001854 28.436304 28.725967 28.995743 29.160538 29.245636 29.362766 29.253372 29.203842 29.09596 28.996895 29.42791 29.583216 29.686075 29.643827 29.150076 29.212357 29.217112 29.220695 29.266544 29.36821 29.347242 29.307886 29.333239 29.40234 29.47711 29.500757 29.554653 29.5814 29.593567 29.59787 29.59313 29.561266 29.575405 29.566229 29.482899 29.424143 29.46236 29.739574 29.674103 29.602602 29.627779 29.730751 29.677485 29.630373 29.553633 29.558828 29.716438 29.46304 29.308561 29.095741 29.158424 29.245323 29.397009 29.497868 29.567816 29.6117 29.710032 29.826952 29.889473
