static/data/thetao/2023/7/29/18.asc
ncols 137
nrows 93
xllcorner 108.0
yllcorner 17.0
cellsize 0.25
NODATA_value -32767
[rows 54 to 80 of 93, columns 61 to 121 of 137]
28.472622 28.444738 28.424255 28.434153 28.43221 28.586128 28.645624 28.834328 29.240463 29.494368 29.419779 29.202652 29.12914 29.246439 29.2081 29.200087 29.215593 29.23481 29.19289 29.29157 28.992025 28.989414 28.96622 29.001995 29.208727 29.283073 28.989195 28.977884 28.833748 28.902206 29.029728 29.162441 29.234339 29.353794 29.49898 29.521862 29.504236 29.38996 29.211079 29.081743 28.99348 28.960663 28.879942 28.829576 29.010614 29.174246 29.387758 29.640558 29.397346 29.428408 29.18921 29.096123 29.0187 29.167376 29.175049 29.344969 29.276394 29.224098 29.44066 29.076063 29.200388
27.888128 28.187346 28.47391 28.645403 28.758316 28.726286 28.91408 29.143871 29.354168 29.520432 29.286392 29.06331 29.21176 29.230991 29.2026 29.153833 29.150639 29.322754 -32767.0 29.11111 29.270931 29.42982 29.342321 29.278965 29.524622 29.27112 29.00707 28.974707 28.839966 28.926262 29.097166 29.22202 29.365545 29.496561 29.534227 29.515823 29.366652 29.066326 28.833385 28.780176 28.698421 28.709604 28.739294 28.742641 29.034693 29.188517 29.30747 29.617628 29.565714 29.387966 29.432962 29.21931 29.048727 29.156576 29.292013 29.218067 29.26367 29.421843 29.552492 29.154488 29.593884
28.684397 28.78356 28.786814 28.825624 28.85927 28.935825 29.078268 29.12349 29.320372 29.216991 28.988625 29.171741 29.202732 29.237816 29.206032 29.19535 29.308477 29.367077 29.373167 29.432673 29.514446 29.584259 29.603506 29.651615 29.563536 29.197426 29.081223 28.978243 28.94656 28.986822 29.111015 29.295515 29.428328 29.451555 29.425125 29.246086 28.895163 28.750542 28.755417 28.78615 28.743607 28.586637 28.460161 28.596842 29.003052 29.232025 29.280441 29.537077 29.647665 29.495739 29.543678 29.267626 29.062527 29.112324 29.271128 29.26064 29.434021 29.59021 29.657429 29.318928 29.771158
28.825005 28.66783 28.479965 28.716312 28.994026 29.081799 29.1013 29.320696 29.084103 28.9582 29.217415 29.146729 29.267065 29.246872 29.17063 29.2299 29.265896 29.409447 29.426634 29.406769 29.553267 29.57174 29.524366 29.61404 29.61254 29.115997 29.174147 29.03954 29.085527 28.943003 29.055426 29.24733 29.34788 29.317308 29.139814 28.839071 28.697227 28.7566 28.761623 28.76175 28.798716 28.69044 28.589504 28.648754 28.998112 29.277203 29.379847 29.425016 29.664028 29.666616 29.636776 29.32981 29.138643 29.178305 29.22797 29.211164 29.56473 29.60579 29.664396 29.733856 30.027563
28.670076 28.562471 28.605782 28.955761 29.192287 29.209818 29.119936 28.961683 29.107264 29.252682 29.0981 29.069572 29.220762 29.220098 29.160984 29.236526 29.277246 29.420801 29.343456 29.271423 29.58702 29.507032 29.472584 29.530174 29.622717 29.017569 29.253616 29.123465 29.091602 28.99034 29.041382 29.196928 29.26044 29.151197 28.920057 28.70651 28.759987 28.764828 28.791685 28.815332 28.789877 28.73919 28.606934 28.706007 28.991056 29.252865 29.406664 29.42054 29.602333 29.730629 29.733305 29.609093 29.255764 29.118101 29.16332 29.49632 29.618908 29.597624 29.58238 30.054081 30.16186
28.477295 28.505499 28.771044 28.893585 29.022953 28.906141 29.01114 29.213533 29.2901 29.157864 29.061668 29.052153 29.176128 29.21035 29.281685 29.384766 29.441837 29.208563 29.125992 29.486763 29.56867 29.561697 29.556032 29.589132 29.42576 29.007814 29.288445 29.233494 29.026802 29.199226 29.007292 29.120523 29.173569 29.032288 28.836485 28.734678 28.778349 28.799309 28.775406 28.837952 28.792706 28.688042 28.620699 28.738724 29.030018 29.261045 29.36478 29.478724 29.47547 29.508305 29.671768 29.746162 29.713896 29.62802 29.62411 29.668344 29.61922 29.557938 30.02413 30.188814 30.205276
28.485954 28.830109 28.956232 29.002995 29.196817 28.826801 29.24213 29.304594 29.332275 29.045927 29.06732 29.018808 29.031984 29.22453 29.23468 29.31767 29.115084 29.238272 29.513079 29.617517 29.566404 29.56803 29.532719 29.427895 28.976578 29.026697 29.293295 29.326412 28.99066 29.203148 29.075554 29.074251 29.108164 28.973747 28.800097 28.700636 28.696411 28.741325 28.70387 28.798883 28.798183 28.726482 28.701115 28.775839 28.990816 29.211655 29.305685 29.380638 29.445478 29.433157 29.452969 29.61285 29.738266 29.80135 29.759998 29.750029 29.507027 29.949526 30.16816 30.234371 30.033329
28.60085 28.849358 29.099133 29.203274 29.275784 28.9063 29.391243 29.363098 29.40926 28.76441 29.108427 29.003311 29.07539 29.199753 29.322773 29.282328 29.166302 29.516945 29.559044 29.518389 29.540657 29.539143 29.38701 29.026518 28.902248 29.230003 29.250925 29.345922 29.026705 28.994265 29.14763 29.091698 29.064653 28.963577 28.801794 28.702194 28.688675 28.707901 28.72482 28.784338 28.777344 28.804651 28.85053 28.914051 29.04971 29.18474 29.303894 29.350815 29.366978 29.4088 29.409063 29.574783 29.660336 29.79156 29.808378 29.730812 29.805897 30.182766 30.246998 30.03603 30.055853
28.89566 28.892532 29.284424 29.30976 29.179075 29.245808 29.469042 29.365175 29.264729 29.15978 29.061167 28.992657 28.785105 28.958578 29.027315 29.072851 29.444181 29.555264 29.461752 29.472841 29.509565 29.380102 29.059168 28.92425 29.165443 29.172676 29.1436 29.27594 29.201353 28.98797 28.962301 29.09789 29.045229 28.962675 28.819452 28.743652 28.750715 28.780573 28.819286 28.83223 28.864641 29.003439 29.115517 29.169989 29.197767 29.191675 29.279737 29.348028 29.322247 29.324835 29.424025 29.606691 29.599617 29.73594 29.859512 29.681725 30.04635 30.198324 30.05935 30.0464 30.083576
29.190214 28.999798 29.053326 29.266537 29.340044 29.445549 29.45856 29.388884 29.263243 29.12547 29.043024 29.066236 28.81672 28.756334 28.881077 29.324297 29.573566 29.515196 29.322767 29.48158 29.229254 28.998884 29.066189 29.075115 29.113863 29.145199 29.174269 29.193033 29.238792 29.264433 29.245659 29.060425 28.864271 28.90218 28.894257 28.844137 28.80994 28.796066 28.83861 29.05394 29.1971 29.213778 29.171152 29.111546 29.084948 29.038908 29.230497 29.472197 29.230194 29.34937 29.491055 29.61638 29.604092 29.69392 29.787254 30.015606 29.978056 30.006788 29.981869 30.003742 30.000992
29.117105 29.05461 29.298607 29.480585 29.57993 29.586687 29.442888 29.357594 29.270914 29.16727 29.111868 29.07614 28.79816 28.745684 29.04757 29.367264 29.556625 29.37096 29.172113 29.111597 29.12442 29.132877 29.067873 29.162855 29.266895 29.302166 29.258419 29.21161 29.184793 29.2153 29.278603 29.32111 29.310345 29.261698 29.209597 29.17183 29.182064 29.213636 29.264875 29.181408 29.138914 29.217808 29.21755 29.072592 28.99253 29.084291 29.267323 29.440632 29.163754 29.33475 29.517803 29.614786 29.614859 29.751577 29.706816 29.95085 29.949316 29.951096 29.97416 29.977179 29.948372
28.939106 29.349058 29.527555 29.57495 29.564774 29.473255 29.362995 29.273884 29.207523 29.165466 29.162708 29.09631 28.701443 28.758001 29.169186 29.332169 29.394264 29.152899 29.130442 29.255926 29.23098 29.116678 29.065195 29.080257 29.203005 29.35578 29.45174 29.460007 29.429417 29.36409 29.334421 29.288912 29.262817 29.157248 29.10102 29.111761 29.076073 29.057398 29.088913 29.337416 29.428305 29.416069 29.391163 29.388601 29.321953 29.044847 29.26718 29.32122 29.356487 29.166273 29.532413 29.62591 29.699827 29.705566 29.940187 29.831648 29.748512 29.749397 29.687775 29.678827 29.674177
28.99338 29.343164 29.429377 29.412529 29.374418 29.442059 29.481686 29.323112 29.27608 29.170778 29.091585 28.827534 28.631615 28.807173 29.268301 29.27547 29.278257 29.292368 29.255987 29.111782 28.950085 28.85448 28.83463 28.841846 28.811962 28.819435 29.055609 29.401104 29.546522 29.552616 29.537962 29.503986 29.438757 29.340473 29.361494 29.26867 29.154589 29.333925 29.436134 29.435982 29.500975 29.58595 29.6454 29.560629 29.460367 29.422985 29.044924 29.323372 29.25448 29.209187 29.522596 29.633617 29.67 29.669542 29.906952 29.739693 29.616898 29.570389 29.577389 29.624031 29.715733
28.825392 28.965683 29.187004 29.232132 29.068375 29.044304 29.45578 29.33134 29.281025 29.165262 29.010471 28.589859 28.64157 28.905085 29.265865 29.271463 29.21232 29.126642 29.054346 28.986311 28.923908 28.845535 28.880985 28.958838 28.972878 28.897438 28.79938 28.903355 29.443157 29.463806 29.46261 29.502138 29.4593 29.313807 29.265251 29.200682 29.423393 29.441336 29.38385 29.39415 29.48039 29.569614 29.697104 29.6596 29.683193 29.704052 29.486374 29.2279 29.23075 29.390703 29.516249 29.611456 29.528545 29.92154 29.739744 29.690928 29.583384 29.429735 29.486305 29.666481 29.751558
29.139406 29.100607 29.087961 29.202126 29.073431 28.97183 29.268131 29.36304 29.26351 29.130005 28.873499 28.64886 28.72699 29.053991 29.224936 29.132065 29.062147 29.015285 28.989769 28.964235 28.941677 28.898804 28.908434 29.03556 29.112803 29.102877 28.98235 28.845327 28.951618 29.40159 29.324234 29.384266 29.445293 29.309387 29.322733 29.216473 29.355913 29.455332 29.368525 29.312677 29.422356 29.539192 29.66103 29.700222 29.7981 29.834164 29.747578 29.64775 29.529043 29.452679 29.481081 29.499144 29.485493 29.802574 29.726542 29.70604 29.55048 29.565493 29.627424 29.560421 29.471392
29.253876 29.17513 29.099312 29.011892 28.83817 28.917593 29.222376 29.3979 29.242651 29.017096 28.604628 28.663202 28.794231 29.134571 29.10904 29.016134 28.965284 28.873838 28.838802 28.821642 28.78919 28.7909 28.92272 29.099003 29.201267 29.206036 29.14843 29.049112 28.962942 29.251278 29.297152 29.274073 29.389938 29.247894 29.288774 29.25298 29.295488 29.450779 29.424175 29.311876 29.291842 29.56499 29.574163 29.730156 29.942205 29.968756 29.930943 29.804962 29.654182 29.32452 29.405327 29.325136 29.74106 29.661879 29.749023 29.73901 29.63323 29.619823 29.43754 29.50028 29.55244
29.372517 29.207754 28.998686 28.795313 28.86761 29.354492 29.41587 29.398579 29.21314 28.917187 28.546555 28.702236 28.817663 29.068504 28.985928 28.911676 28.832071 28.744692 28.714521 28.759642 28.737173 28.679062 28.90672 29.031122 29.200655 29.28798 29.266624 29.13387 29.086153 29.199127 29.166077 29.19324 29.337898 29.187077 29.20839 29.231577 29.252258 29.413591 29.3877 29.257002 29.319933 29.595282 29.520248 29.709349 29.957855 29.903852 29.886703 29.803684 29.594852 29.289562 29.2963 29.222246 29.73796 29.487154 29.673223 29.781403 29.660858 29.431686 29.571592 29.488598 29.52286
29.375927 29.098291 28.966038 28.862337 29.157852 29.55483 29.586414 29.331623 29.181786 28.830732 28.578354 28.710209 28.85904 29.022444 28.881142 28.86952 28.84532 28.802889 28.738619 28.708036 28.706333 28.652033 28.791513 28.824312 29.144403 29.281204 29.290083 29.178848 29.08717 29.151451 29.225744 29.19208 29.256243 29.198492 29.233025 29.216824 29.18541 29.389566 29.268112 29.236908 29.44139 29.661882 29.534931 29.654177 29.921968 29.839638 29.795444 29.7529 29.447958 29.29954 29.230299 29.079145 29.552858 29.425339 29.263542 29.393269 29.410313 29.54343 29.454681 29.434502 29.490234
29.108803 28.892582 28.900808 28.925802 29.402811 29.688997 29.443926 29.297293 29.133234 28.685827 28.580252 28.727055 28.858871 28.90617 28.825424 28.807457 28.788338 28.742321 28.738525 28.73654 28.669802 28.637104 28.62894 28.61905 28.998278 29.341557 29.352596 29.26786 29.133207 29.177662 29.247261 29.305336 29.236101 29.199286 29.21787 29.245878 29.200216 29.177074 29.179829 29.352808 29.654692 29.606651 29.586212 29.516277 29.861506 29.850622 29.731781 29.691925 29.46297 29.360155 29.194437 28.862047 29.380436 29.564707 29.35649 29.281807 29.39336 29.478464 29.400467 29.430523 29.507418
28.778337 28.677345 28.7762 28.917885 29.305243 29.556065 29.324734 29.281164 29.07351 28.538868 28.470093 28.655579 28.862425 28.9037 28.875586 28.826218 28.811255 28.800438 28.71744 28.69634 28.773357 28.837648 28.89382 28.970695 29.282475 29.337664 29.365505 29.345942 29.20693 29.193018 29.321291 29.42095 29.432985 29.364283 29.2966 29.276087 29.232063 29.167128 29.220516 29.459469 29.720865 29.545172 29.619556 29.332226 29.744453 29.853748 29.788437 29.672636 29.515045 29.41165 29.09888 28.738373 29.39672 29.493383 29.403198 29.34374 29.366505 29.419792 29.49476 29.560806 29.64882
28.621883 28.69438 28.783169 28.894594 29.02259 29.116764 29.183517 29.253916 29.033133 28.466936 28.399998 28.445059 28.53876 28.624918 28.665916 28.665947 28.697279 28.798044 28.933569 29.043024 29.132689 29.185461 29.222393 29.269238 29.221767 29.118763 29.255928 29.378551 29.254362 29.175467 29.24372 29.402061 29.511194 29.555288 29.45108 29.327581 29.263374 29.220364 29.251333 29.52703 29.665018 29.563591 29.58718 29.078955 29.441483 29.704006 29.719 29.626509 29.504148 29.296345 28.734577 28.953007 29.340153 29.343185 29.4203 29.487743 29.55385 29.611021 29.64011 29.6857 29.747507
28.68417 28.611095 28.596708 28.667034 28.81616 28.911715 29.116074 29.23767 28.953915 28.459435 28.494059 28.52405 28.580118 28.731695 28.877796 28.995646 29.077013 29.198355 29.289076 29.217049 29.100729 29.06442 29.00347 28.973612 29.002129 29.195353 29.238974 29.39647 29.341473 29.13921 29.302284 29.400736 29.441412 29.504158 29.456944 29.381462 29.31323 29.230724 29.288336 29.541988 29.655975 29.609936 29.615944 28.952772 28.925573 29.312935 29.436897 29.342503 29.040724 28.600645 28.855356 29.262213 29.349941 29.480555 29.579996 29.56357 29.48266 29.504625 29.553091 29.613844 29.657007
28.453861 28.39313 28.42368 28.406736 28.494215 28.73939 29.140736 29.216282 28.851522 28.464672 28.865747 28.940916 28.922565 28.923876 29.023565 29.330515 29.389513 29.157469 29.001337 29.007198 29.005623 29.011045 29.164057 29.221935 29.264866 29.420578 29.375166 29.429296 29.436228 29.405907 29.437143 29.40214 29.44602 29.470655 29.40129 29.417215 29.34817 29.206198 29.285511 29.522055 29.665432 29.51892 29.50934 29.260141 28.804724 28.820963 28.777374 28.709024 28.767017 29.071987 29.198051 29.414629 29.621569 29.473743 29.391762 29.557083 29.677923 29.71443 29.757057 29.799538 29.77609
28.298578 28.426752 28.479067 28.482555 28.7244 28.932013 29.199028 29.193367 28.776026 28.786228 28.971382 28.997768 29.025433 29.250792 29.361147 29.333708 29.179144 29.043747 29.029222 29.030304 29.037693 29.102673 29.19258 29.261747 29.31343 29.45308 29.526129 29.525154 29.490223 29.50526 29.46321 29.404263 29.43404 29.439497 29.446049 29.433218 29.313995 29.153564 29.197985 29.4878 29.623379 29.43378 29.152927 29.24388 29.278683 28.79889 28.80342 29.047346 29.019375 29.089218 29.47378 29.553377 29.417736 29.458977 29.537277 29.639547 29.666449 29.705372 29.767193 29.812866 29.815458
27.89612 28.145826 28.42491 28.559374 28.790033 29.035542 29.197496 29.172152 28.856016 28.850176 28.944744 28.952799 29.20434 29.402925 29.455252 29.391647 29.17914 29.006525 29.049353 29.074553 29.063065 29.120571 29.1701 29.246819 29.2921 29.341496 29.4109 29.49309 29.51452 29.490597 29.461048 29.45493 29.4625 29.501833 29.51577 29.411789 29.184021 29.095411 29.18534 29.44825 29.592436 29.479471 29.346226 29.31671 29.448517 29.273388 29.04722 28.929668 29.08287 29.433178 29.51682 29.448572 29.300348 29.460882 29.517149 29.607782 29.65274 29.704376 29.76046 29.818758 29.828762
27.620356 28.074865 28.438478 28.661732 28.881807 29.023726 29.175049 29.15954 29.139215 29.05726 29.055672 28.893291 29.341778 29.454086 29.526016 29.486908 29.235455 29.03411 29.053188 29.096392 29.14163 29.243357 29.409452 29.424522 29.35763 29.360273 29.392656 29.425997 29.445713 29.473846 29.51376 29.51265 29.519707 29.509375 29.503588 29.447721 29.348763 29.188951 29.236721 29.545809 29.584196 29.437647 29.389542 29.491575 29.555773 29.424538 29.354622 29.291649 29.392214 29.580395 29.391829 29.195192 29.26183 29.341509 29.435324 29.516619 29.573551 29.632698 29.757593 29.814468 29.846588
27.59085 28.138203 28.463364 28.68217 28.961765 29.06471 29.151894 29.235 29.10956 29.05291 28.93389 28.873322 29.316927 29.480799 29.537193 29.486284 28.951244 29.090773 29.128586 29.137552 29.199411 29.265167 29.241398 29.24093 29.282349 29.345646 29.417582 29.437416 29.486044 29.516975 29.541182 29.540892 29.53883 29.508236 29.51456 29.499252 29.405054 29.32628 29.384125 29.65205 29.579546 29.51163 29.540455 29.638506 29.578222 29.474062 29.388615 29.415451 29.591375 29.354807 29.100721 28.963099 29.028204 29.13756 29.30597 29.41701 29.482048 29.539965 29.673876 29.790447 29.847488
