static/data/thetao/2023/7/29/6.asc
ncols 137
nrows 93
xllcorner 108.0
yllcorner 17.0
cellsize 0.25
NODATA_value -32767
[rows 27 to 53 of 93, columns 61 to 121 of 137]
26.182241 25.889034 25.916126 25.85486 25.646158 25.954021 26.257946 26.419603 26.374758 26.827799 27.338923 27.84471 -32767.0 -32767.0 28.593458 28.572987 28.879213 29.321665 29.752403 30.121326 30.240286 30.435553 30.279644 30.079796 30.075623 -32767.0 -32767.0 -32767.0 -32767.0 -32767.0 -32767.0 -32767.0 -32767.0 -32767.0 28.013792 26.987871 28.270847 -32767.0 -32767.0 -32767.0 29.139292 29.245335 28.863161 28.996778 28.81697 29.30047 29.101007 28.935835 28.66708 28.82068 29.393152 29.623573 29.358213 29.325829 29.481573 29.502375 29.409197 29.336626 29.185669 29.508186 29.88785
26.46964 26.375286 25.936672 25.556646 25.455935 25.706259 26.19852 26.335995 26.386457 26.425747 26.865004 27.73518 28.049343 28.295341 28.448202 28.59615 28.919231 29.499184 29.935944 30.18775 30.398882 30.492382 30.270061 -32767.0 29.805058 29.642492 -32767.0 -32767.0 31.40254 -32767.0 -32767.0 -32767.0 -32767.0 -32767.0 -32767.0 27.13278 28.48347 -32767.0 -32767.0 28.768017 29.146793 29.307468 29.3662 29.395475 29.558525 29.653873 29.676155 29.252851 28.517933 29.017954 29.318148 29.379787 29.099937 29.047375 29.258791 29.336369 29.303787 29.338314 29.047634 29.45876 29.881603
26.47543 26.654362 26.641827 26.531393 26.374084 25.864109 25.735834 25.97261 26.015877 26.084372 26.73288 27.759285 27.954948 28.13105 28.354372 28.70256 28.988333 29.380142 29.589249 29.966425 29.989595 30.35203 -32767.0 30.032228 29.978497 30.10169 29.848442 30.235218 -32767.0 30.666603 -32767.0 -32767.0 -32767.0 -32767.0 -32767.0 28.872906 29.088999 28.954832 29.113358 29.258688 29.316868 29.5392 29.694933 29.717308 29.59322 29.53081 29.552288 29.322023 28.753508 29.006754 29.131718 29.084312 28.755283 28.652376 28.86613 29.167635 29.22181 29.326902 28.963764 29.416124 29.853739
26.583296 26.797806 26.852964 26.437115 26.137236 26.216183 25.879671 25.805878 25.730646 25.96421 26.575151 27.940544 28.205551 28.484703 28.61156 28.75581 28.99466 29.080744 29.335283 29.62063 29.895231 29.893661 29.715542 30.0272 29.966852 29.775879 30.08658 29.946808 30.424963 31.044897 -32767.0 -32767.0 -32767.0 -32767.0 29.007679 29.452906 28.944632 28.579563 29.216793 29.733864 29.807182 29.848448 29.835995 29.874388 29.854816 29.74035 29.487556 29.381865 29.180166 29.222776 28.876411 28.565556 28.40947 28.423471 28.670301 29.091497 29.284485 29.120401 28.925905 29.456892 29.895144
26.539541 26.86218 26.836094 26.550117 26.409039 26.31751 26.263609 26.079517 26.026295 25.930956 26.387342 27.264832 28.095957 28.635452 28.661028 28.803679 28.866386 29.078646 29.263102 29.459217 29.69509 29.742422 29.751984 29.777391 29.980965 30.244858 30.415796 30.14336 30.280853 30.333208 -32767.0 -32767.0 -32767.0 -32767.0 29.456343 29.366776 29.021248 29.020147 29.83115 29.764093 29.770681 29.75787 29.716122 29.673824 29.778753 29.891712 29.73047 29.603117 29.157206 29.27094 28.73712 28.130135 27.634495 28.037235 28.532381 29.051533 29.253523 29.113688 28.94888 29.602373 29.970661
26.330458 26.51429 26.774925 26.97867 26.67507 26.67934 26.59134 26.69385 26.25968 26.150686 26.376154 26.912241 28.050379 28.654514 28.639126 28.739422 28.794718 29.005938 29.123072 29.28683 29.508991 29.660257 29.64275 29.669184 29.77375 29.713139 29.975122 29.934605 -32767.0 -32767.0 -32767.0 -32767.0 -32767.0 28.971405 29.579008 29.87867 29.911512 29.9652 29.650103 29.7493 29.83726 29.900581 29.84965 29.87657 29.78816 29.82034 29.907166 29.594568 29.404205 29.082079 28.963629 28.153954 27.35309 27.76898 28.313765 28.920988 29.166258 29.107304 28.916903 29.704151 30.000757
26.181566 26.45801 26.865038 27.17696 27.145401 26.994621 27.348145 26.651773 26.306595 26.290804 26.450857 27.115532 28.246706 28.667414 28.595003 28.678162 28.847208 28.939405 29.04312 29.219038 29.334934 29.336994 29.32315 29.47287 29.56077 29.565113 29.461042 29.420738 -32767.0 -32767.0 -32767.0 -32767.0 -32767.0 29.012691 29.81262 29.776726 29.70213 29.570253 29.680672 29.741482 29.86535 29.973595 29.900309 29.9087 29.826405 29.873253 29.883461 30.033514 29.729486 29.693289 29.276161 27.902817 27.310738 27.531479 27.973085 28.469017 28.787703 28.863125 28.877537 29.736866 29.983734
26.280354 26.237501 26.531328 26.797323 26.925602 27.447495 27.45206 27.262043 26.392647 26.286032 26.495184 27.299479 28.033665 28.332697 28.473766 28.572386 28.758837 28.814064 29.06664 29.20949 29.277609 29.210722 29.197681 29.284689 29.30739 29.44234 29.391245 29.331596 29.773743 -32767.0 29.646673 -32767.0 -32767.0 29.465405 29.739283 29.736555 29.65789 29.604464 29.518951 29.683084 29.756998 29.790262 29.804274 29.775078 29.806074 29.855091 29.835594 29.98071 29.998589 29.843912 29.76899 29.602161 28.880941 28.385277 28.246874 28.304977 28.532997 28.626266 29.000957 29.779451 29.958542
26.4388 26.546854 26.821194 26.636475 26.903597 27.30658 26.982431 27.037636 26.68648 26.37317 26.520853 27.038609 27.517706 27.9121 28.322893 28.589092 28.546623 28.804867 29.007689 29.131403 29.05 29.077494 29.085032 29.082907 29.196733 29.219992 29.225859 29.131672 29.14796 29.27937 29.771849 -32767.0 29.001232 29.555613 29.5166 29.69948 29.67898 29.66966 29.600332 29.514843 29.720455 29.82743 29.901028 29.928633 29.950674 29.89174 29.878952 29.954145 29.907122 29.752514 29.725796 29.750772 29.712337 29.486248 29.27919 28.939266 28.526669 28.487406 29.30962 29.780682 29.877728
26.238817 26.500366 26.888557 27.041777 26.738901 27.064957 27.376331 27.218344 26.829618 26.655258 26.812862 27.537827 27.733868 28.127928 28.39585 28.322433 28.644884 28.923616 29.029966 29.078259 29.081892 29.115395 29.180656 29.198563 29.179014 29.2026 29.205517 29.200466 29.165401 29.151379 -32767.0 29.029388 29.30219 28.93922 29.74274 29.478428 29.606167 29.527279 29.553976 29.455482 29.670025 29.788479 29.838812 29.834309 29.857943 29.835058 29.871498 29.896664 29.857414 29.801687 29.800337 29.82795 29.768505 29.703474 29.657852 29.591854 29.351545 29.198328 29.64333 29.75687 29.691017
25.511446 26.050528 26.821302 27.45105 27.254652 27.362482 27.671944 27.842838 27.481329 27.233778 27.524204 27.672922 27.869427 27.98848 28.15116 28.443272 28.803349 28.91393 28.964743 28.998941 29.155294 29.213842 29.280457 29.410902 29.539576 29.61029 29.668173 29.619783 29.346384 29.072975 29.274506 29.205482 28.860367 29.438086 29.234951 29.30185 29.644266 29.540003 29.446423 29.409458 29.701828 29.776375 29.86342 29.84069 29.859333 29.75368 29.833464 29.800575 29.81329 29.836046 29.849148 29.79498 29.7961 29.807034 29.73454 29.681719 29.601358 29.550623 29.801289 29.700678 29.439455
25.151503 26.178797 27.310194 27.565521 27.821577 27.722893 27.974642 28.026733 27.843985 27.664234 27.65578 27.6702 27.76743 27.920238 28.192846 28.363777 28.732458 28.936045 28.937445 29.026884 29.135254 29.222752 29.313435 29.398989 29.584951 29.7552 29.845829 30.021023 -32767.0 29.62591 29.683016 -32767.0 29.06764 29.224575 29.320196 29.464546 29.577904 29.516556 29.505665 29.541185 29.705362 29.79354 29.91897 29.902605 29.832302 29.792297 29.793083 29.837597 29.628963 29.656822 29.775614 29.80635 29.810768 29.786934 29.74087 29.609026 29.83132 29.78959 29.641962 29.664026 29.304226
24.736485 26.296959 27.567957 28.094296 27.947395 28.132538 28.262499 28.277712 28.260094 28.17374 27.942595 27.88513 28.26612 28.515558 28.642576 28.714989 28.745974 29.014122 29.146145 29.261127 29.379475 29.436237 29.422642 29.42964 29.50166 29.580486 29.562963 29.646587 29.941263 -32767.0 29.78917 28.730164 29.111494 29.633049 29.559336 29.505949 29.498602 29.540436 29.466984 29.694532 29.719393 29.819796 29.934195 29.89727 29.824657 29.777456 29.708115 29.74948 29.791613 29.648682 29.64824 29.732338 29.90834 29.814613 29.877003 29.873856 29.665363 29.73184 29.51486 29.522419 29.22474
25.830935 27.026024 27.693619 28.320932 28.455244 28.276999 28.465277 28.690767 28.632719 28.456964 28.400265 28.469767 28.543678 28.617287 28.727055 28.804417 28.951422 29.133062 29.34057 29.439556 29.493507 29.66162 29.799109 29.721592 29.64671 29.599878 29.589275 29.424809 29.41635 29.582855 29.655024 29.579334 29.485975 29.439468 29.401896 29.426102 29.434752 29.37508 29.75237 29.761087 29.683292 29.840958 29.939096 29.834488 29.739388 29.707575 29.677605 29.665985 29.66478 29.704567 29.666046 29.740343 29.83589 29.799648 29.70212 29.674627 29.840681 29.559 29.602034 29.310246 29.192225
26.801392 27.332367 27.769474 28.275787 28.647451 28.689167 28.780508 28.869097 28.804972 28.774109 28.733477 28.68926 28.72471 28.680523 28.767117 28.94451 29.090181 29.43986 29.47197 29.417065 29.700535 29.741024 29.702915 29.561827 29.590662 29.585987 29.440302 29.47886 29.414942 29.349495 29.182575 29.342466 29.518959 29.522753 29.528908 29.556093 29.533491 29.751085 29.851097 29.725525 29.678925 29.88505 29.902018 29.744396 29.738762 29.693562 29.547314 29.593466 29.69967 29.78139 29.85476 29.81281 29.852476 29.566639 29.550825 29.865074 29.595871 29.564938 29.557222 29.31324 29.171515
27.822433 28.073496 28.476004 28.68722 29.017601 28.817797 28.802343 28.647547 28.648708 28.765812 28.773586 28.802452 28.80512 28.795486 28.943594 29.0717 29.42531 29.814684 29.523302 29.466917 29.338366 29.168148 29.110312 29.144627 29.246658 29.295097 29.30245 29.294004 29.295107 29.32946 29.262585 29.296701 29.355883 29.220768 29.411701 29.55432 29.54013 29.598537 29.685131 29.621641 29.700266 29.85978 29.812283 29.844074 29.741625 29.77504 29.68443 29.579475 29.611269 29.76807 29.826168 29.821136 29.752832 29.621504 29.789019 29.567917 29.48238 29.404284 29.281729 29.256254 29.046913
28.759014 29.115822 29.638739 29.599916 29.578562 29.274096 28.851793 28.798037 28.915602 28.982166 28.895632 28.817858 28.892576 29.03601 29.020266 29.264332 29.652138 29.845102 29.490864 29.361578 29.133188 29.081623 29.02386 29.093819 29.165192 29.237473 29.26573 29.250612 29.218822 29.236757 29.239763 29.243885 29.256126 29.462908 29.47782 29.526224 29.513159 29.499493 29.561087 29.51539 29.733711 29.785635 29.844166 29.805279 29.628689 29.551971 29.588984 29.639381 29.712275 29.669027 29.744944 29.717892 29.69191 29.688993 29.582464 29.316446 29.296404 29.434025 29.27003 29.104052 28.997103
28.817554 29.751844 29.452826 29.231655 29.354637 29.51632 29.121302 28.968527 28.905294 28.794456 28.752943 28.869001 29.027498 28.992517 29.216322 29.395351 29.501665 29.93729 29.497253 29.271004 29.055647 29.059158 28.846273 29.136965 29.242422 29.226711 29.229376 29.203022 29.235577 29.294794 29.362595 29.49798 29.578629 29.46515 29.49542 29.511143 29.518465 29.533396 29.5865 29.489475 29.705994 29.725988 29.741959 29.734005 29.443901 29.451178 29.460737 29.552168 29.689457 29.627619 29.654932 29.666937 29.659111 29.64273 29.33413 29.370567 29.231388 29.116644 29.024717 28.956959 28.933979
28.893444 29.707264 29.406399 29.086306 29.165195 29.187567 29.123146 28.95877 28.936575 28.94789 28.989508 29.088326 29.107851 29.152231 29.249619 29.370852 29.68092 29.9917 29.432716 29.239267 28.98821 29.02637 28.95135 29.016348 29.13116 29.150969 29.18609 29.24693 29.349533 29.460724 29.574099 29.66163 29.731535 29.734869 29.709112 29.717627 29.712015 29.71152 29.683762 29.52728 29.689627 29.754591 29.846584 29.642317 29.580303 29.623688 29.46364 29.521242 29.582512 29.605667 29.625275 29.647411 29.59034 29.498146 29.308 29.159502 28.9809 28.896795 28.86955 28.855413 28.950588
28.972977 29.469103 29.211071 29.295519 29.103233 29.03591 28.901796 28.864758 29.038235 29.04463 29.04969 29.204983 29.212257 29.238697 29.3146 29.608332 29.54176 29.505512 29.323536 29.2152 28.946024 29.067358 29.039278 29.014606 29.007727 29.016241 29.019947 29.145864 29.226368 29.441597 29.637611 29.626608 29.575373 29.522652 29.496056 29.569403 29.679617 29.75561 29.716328 29.561136 29.688776 29.836113 29.844074 29.574032 29.663467 29.707418 29.5009 29.684248 29.695915 29.581736 29.59225 29.551653 29.476381 29.255026 29.093508 28.881435 28.888689 28.909332 28.865578 28.794321 28.832325
29.01596 29.01084 28.833261 29.08272 29.330072 29.356411 29.06794 29.021193 28.931717 29.060781 29.083035 29.24079 29.222105 29.295952 29.579922 29.614307 29.100264 29.179338 29.265226 29.207785 29.207003 29.14602 29.043364 29.105799 -32767.0 29.001736 29.181128 29.19814 29.312307 29.419708 29.391626 29.384153 29.285526 29.22794 29.290007 29.496426 29.632023 29.742765 29.66215 29.580992 29.67774 29.88766 29.660519 29.710514 29.818901 29.78762 29.385967 29.730536 29.576672 29.58225 29.451208 29.406675 29.257341 29.057022 28.681744 28.646772 28.75463 28.738504 28.778717 28.829542 28.825594
28.970928 28.680485 28.596092 29.107302 29.291838 29.367449 29.315681 29.208033 29.08202 29.150232 29.269636 29.236135 29.283443 29.452581 29.775927 29.304857 29.142982 29.217274 29.240047 29.20743 29.183664 29.182684 29.09059 28.979893 29.054401 29.064651 29.091976 29.148865 29.183214 29.291891 29.185184 29.032486 28.928936 28.935211 29.095217 29.45562 29.600466 29.672995 29.563261 29.587574 29.745222 29.78491 29.79027 30.011742 29.948664 29.88662 29.302526 29.621023 29.517145 29.42211 29.384129 29.27683 29.142744 28.763062 29.005962 28.933672 28.76921 28.677813 28.773006 28.785616 28.722992
28.205418 28.561005 28.97127 29.305948 29.343664 29.085659 29.169191 29.196198 29.126444 29.273771 29.236038 29.199673 29.552563 29.865223 29.766909 29.2427 29.203936 29.25894 29.222271 29.10446 29.16003 29.07949 29.22626 -32767.0 29.093729 29.114819 29.124136 29.172323 29.248428 29.072432 28.937016 28.879992 28.878836 28.954626 29.067091 29.488348 29.607073 29.621895 29.587553 29.646023 29.785429 29.75324 29.947811 29.932556 29.905556 29.778868 29.32707 29.239618 29.399416 29.342638 29.297235 29.232555 28.92976 28.847797 29.179737 29.13798 29.053684 28.92623 28.84824 28.715267 28.672428
28.2301 28.550608 28.96478 29.063866 28.985455 28.957258 28.97335 29.068354 29.118519 28.992926 29.125729 29.608059 29.833624 29.95525 29.640163 29.225584 29.19228 29.256947 29.140564 29.057423 28.98727 29.010511 29.020363 29.15463 29.01351 29.036947 29.119171 29.174873 29.168636 28.96561 28.859385 28.950905 29.037132 29.089142 29.255857 29.591799 29.609922 29.542454 29.622236 29.747316 29.73517 29.80319 29.836824 29.820477 29.800938 29.789354 29.47425 29.425856 29.34561 29.366692 29.324423 29.09856 28.94812 28.765957 29.2939 29.476748 29.247309 29.101141 28.917759 28.926416 28.993484
28.127762 28.454638 28.45072 28.498163 28.468105 28.26083 28.191385 28.618517 28.862728 29.0917 29.332193 29.659794 29.987663 29.926527 29.38659 29.272945 29.271906 29.303417 29.192291 29.12049 28.902391 29.020828 29.016483 29.013254 28.995983 29.176327 29.131111 29.16782 29.050892 28.938173 28.938902 29.110918 29.191446 29.284643 29.507912 29.565233 29.522776 29.662035 29.678896 29.656414 29.696768 29.726942 29.716448 29.625175 29.686958 29.674345 29.66495 29.34024 29.383081 29.441967 29.424175 29.285894 29.013798 28.866486 29.320837 29.555363 29.351124 29.208227 29.197916 29.132349 29.030857
28.209002 28.555126 28.601528 28.484846 28.39268 28.104242 28.538738 28.760916 29.052076 29.160063 29.531374 29.71868 29.80844 29.594048 29.307331 29.340628 29.342335 29.383247 29.347485 29.197092 28.92194 28.787682 28.998518 28.931644 29.19128 29.251974 29.14746 29.145697 29.00614 28.949673 29.042124 29.19613 29.324339 29.410488 29.467196 29.486782 29.654068 29.682713 29.647299 29.649773 29.664719 29.509491 29.369741 29.411695 29.56441 29.667713 29.578276 29.486681 29.219925 29.167265 29.25292 29.357939 29.292255 29.286375 29.42536 29.623589 29.51819 29.46371 29.443308 29.359472 29.377655
28.863962 28.91121 28.688766 28.70037 28.674486 28.51168 28.853348 28.853508 28.98531 29.195074 29.6361 29.613852 29.429428 29.384007 29.356588 29.35293 29.283531 29.401373 29.406834 29.723484 -32767.0 29.10547 29.039408 29.155045 29.166805 29.291979 29.150126 29.126497 29.006702 28.983816 29.073612 29.207756 29.321005 29.373648 29.446789 29.634205 29.699474 29.646828 29.59048 29.485178 29.340433 29.269089 29.22144 29.175333 29.290577 29.481209 29.690216 29.547697 29.459328 29.192265 29.236097 29.189089 29.3528 29.379175 29.477423 29.601427 29.54534 29.503086 29.569513 29.396368 29.341091
