static/data/ASCData/20210124/ASCU/00.asc
ncols 97
nrows 97
xllcorner 99.0
yllcorner 2.0
cellsize 0.25
NODATA_value -32767
[rows 76 to 94 of 97, columns 0 to 41 of 97]
-1.9203457120642433 -2.8605881280989127 -2.889005079053012 -1.652729766185831 -0.429145518793296 -0.15849475291007664 -0.35879287322732134 -2.0169081667626396 -2.7289872969813844 -3.1808995849698785 -4.116451824633483 -4.904677347700106 -4.998480875121405 -5.3518994593175355 -5.253405755525171 -5.23574862095175 -5.362659275698213 -5.656485030709048 -5.897891167455039 -6.004385760350984 -6.156678546046741 -6.3059365117376895 -6.499337313862192 -6.750399696078023 -7.016912071045596 -7.10574952936812 -7.045329021999695 -6.980770123715625 -6.823511268921093 -6.581277453991975 -6.395877540971053 -6.3031775844605935 -6.1936481715598415 -6.0432866349580525 -5.851817081927518 -5.687936801667954 -5.388041406647506 -5.08731833344393 -4.811977391189646 -4.522841812549876 -4.228740164811333 -3.9329831607065304
-1.6877681426049633 -2.625251631362536 -2.9428041609564044 -2.23072503073766 -1.0110032815330605 -0.10276442191271684 -0.27878398219150746 -0.9583077705405074 -1.302070109266798 -1.6965967098916739 -2.1956866543185276 -3.017846982893444 -3.8753215806152026 -4.264882112141303 -5.1527049099111295 -5.163464726291808 -5.29230663013224 -5.587235956053913 -5.684074303480019 -5.842988514640808 -6.049080382239956 -6.161368722417805 -6.353941846359179 -6.657699739567562 -6.926143363629103 -7.04146652381176 -7.007255825575756 -6.85496303988 -6.643905103182076 -6.3851177245903745 -6.143987480572094 -6.047149133145988 -5.929067045686235 -5.782568007272383 -5.7006278671426 -5.537575265066166 -5.184984359053165 -4.866604151276167 -4.616645339971176 -4.3451668959048275 -4.050237569983154 -3.707302909439993
-1.4709164586251364 -2.184926837937849 -2.680981962359896 -2.084225992323807 -1.7873654173081663 -0.8791265576878224 -0.33920448955993265 -0.9701711578320245 -0.921338145027407 -1.0932193143905522 -1.08632199619781 -1.1039791307712306 -2.0668447504780962 -3.019778231987412 -3.9084287079403666 -5.107734395294448 -5.274649495558819 -5.5472315105360055 -5.544196690531199 -5.666417168906598 -5.852920652838357 -5.947551858442785 -6.1370901623793515 -6.440848055587735 -6.723086316034761 -6.8469621507764185 -6.875379101730518 -6.705429181461341 -6.52968551391026 -6.281657951699236 -6.00824825853892 -5.7160778598943445 -5.597995772434591 -5.456462803119513 -5.397697652117346 -5.212297739096425 -4.888123784037524 -4.606713201773626 -4.399793655991349 -4.129142890108129 -3.7942091186685496 -3.451550350853098
-1.4047022039748076 -1.7230824117518053 -2.088364383239453 -2.063809930473289 -2.002285852194025 -1.4896771641093962 -0.9320979614080853 -1.007140783345125 -1.0383166615763213 -1.0082443542559636 -0.8118087321266545 -0.3157536077046079 -0.18111795658227248 -1.1820567727130769 -2.5824882585675315 -4.040305431785605 -5.242645939144493 -5.550266330540812 -5.504192245013291 -5.5141243832108415 -5.614549336097173 -5.693730548949858 -5.894028669267103 -6.172128538798484 -6.428156990113089 -6.626247968608656 -6.677012230507241 -6.5658274612402305 -6.463195366532221 -6.215167804321197 -5.874440285599714 -5.558819005099814 -5.251198613703494 -5.084283513439123 -4.925093409550624 -4.767834554756093 -4.555948939875041 -4.3029553085652426 -4.101829510064869 -3.8949099642825913 -3.5334904909828797 -3.1574487031145537
-1.2005415854696269 -1.3685602566448363 -1.6819743953230595 -2.013045668574704 -2.266039299884502 -1.6615583334725414 -0.8471230012734967 -0.8198096212302359 -1.0871496743809388 -1.0686648616243888 -0.7513882247582298 0.22223721132931384 0.5659995500556048 0.1949238312860535 -1.0482487997738708 -2.6117328877047603 -4.3333035086133105 -5.553025257817909 -5.537575265066166 -5.377281590266828 -5.315757511987565 -5.414527108507638 -5.6264127233886905 -5.913341160206782 -6.21323655522723 -6.448573051963606 -6.438916806493767 -6.378220406397633 -6.3059365117376895 -6.1370901623793515 -5.799121570934965 -5.4125958594136705 -5.053107635207926 -4.7463149219947365 -4.535532878024522 -4.347925823181924 -4.114520575539515 -3.901807282475334 -3.721925224008607 -3.5315592418889117 -3.2804968596730815 -2.9466666591443404
-0.5356401116892413 -0.7221435956210009 -1.024797917918546 -1.4270495149192934 -1.5989306842824387 -1.1555710708529452 -0.6379963136695417 -0.8832649486034678 -1.1301889399036524 -1.0002434651523822 -1.1975067654648202 0.16071313305004997 0.5436522391111187 0.28569253870254574 -0.20043044752195183 -1.1439835762891377 -2.664428398697314 -4.538567698029329 -5.559922576010652 -5.276580744652787 -5.10580314620048 -5.190778106335069 -5.393007475746281 -5.618411834285109 -5.872509036505746 -6.1224678478107375 -6.214340126138069 -6.198614240658616 -6.055977700432699 -5.9252045474983 -5.632206470670594 -5.219195057289168 -4.808942571184839 -4.48173379612113 -4.226808915717364 -4.010233124465247 -3.8264885678105847 -3.667298463922086 -3.450446779942259 -3.276634361485146 -3.0677835666089 -2.809823866200327
0.22720328042808857 -0.05696622911290605 -0.429145518793296 -0.8529167485554003 -1.075562179817131 -0.9828622233066708 -0.8156712303145905 -0.9447890268827317 -0.95554884326341 -1.0443863015859347 -1.2766879783175051 0.18140508762827778 0.538686170012344 0.05228729106013663 -0.16346082200885137 -0.05889747820687408 -0.3022348640468322 -2.089192061422582 -4.907712167704913 -5.294237879226207 -4.928128229555431 -4.917368413174753 -5.166499546296615 -5.441840488550898 -5.668348418000566 -5.86864653831781 -6.007144687628081 -5.936792042062107 -5.8771992128768105 -5.897891167455039 -5.760220696327897 -5.363762846609053 -4.868535400370135 -4.4613177342706125 -4.1683196574429076 -3.921119773415013 -3.721097545825478 -3.530731563705783 -3.353884325243863 -3.1996602904541387 -2.9924648519441512 -2.8040301189184236
0.38942820432139413 0.2895550368904818 -0.14304476015833334 -0.7348346610956473 -1.1321201889976205 -1.106738058048328 -0.9778961542078961 -0.964101517822411 -0.9387193868731183 -1.1136353762410702 -1.1428800053782988 0.30224610236512817 0.550549557303861 0.04456229468426498 -0.18498045477020852 0.2614139786640921 0.4498487116898193 -0.20843133662553326 -3.5765297565055936 -4.84508451851481 -4.877363967656845 -4.8597068330834245 -4.988548736923856 -5.216160237284361 -5.446530664921964 -5.647932356150047 -5.790293003648254 -5.783671578183221 -5.752219807224315 -5.760220696327897 -5.687936801667954 -5.474119937692934 -5.089249582537898 -4.737762247435736 -4.392896337798606 -4.070653631833673 -3.9076010297572377 -3.711165407627929 -3.504245861845651 -3.285462928771856 -3.0843371302714826 -2.914387210002305
0.3325943024131952 0.4421237153139477 0.18609526399934273 -0.27188666399876515 -0.7991176666520086 -1.2866201165150544 -1.2728254801295693 -0.8714015613119508 -0.9583077705405074 -1.4074611312519045 -0.9309943904972466 0.27217379504477046 0.30528092236993487 0.020283734645810902 -0.15270100562817301 0.09229173657804379 0.7351217921416526 0.6978762739008428 -2.6478748350347314 -4.520910563455908 -4.682859594621505 -4.7543158110983175 -4.848119338519616 -5.013103189690019 -5.258095931896236 -5.393007475746281 -5.4680502976833205 -5.507227065018098 -5.469981546777289 -5.541437763254102 -5.620343083379077 -5.4457029867388345 -5.179190611771261 -4.821633636659485 -4.470146301557323 -4.201426784768072 -4.005267055366472 -3.7180627258206713 -3.569632438312851 -3.428927147180902 -3.2015915395481063 -2.9281818463877904
0.33066305331922763 0.4263978298344946 0.34059519151677664 -0.023859101787741643 -0.5568838517228887 -1.0579050452437104 -1.2971040401680232 -0.9789997251187352 -0.8225685485073333 -1.4350504040228749 -0.7006239628596442 0.2741050441387385 0.12457118572007886 0.05725336015891136 -0.09007335643807046 -0.027721599975677247 0.6305584483396753 0.9047958196831201 -2.20258397251127 -4.228740164811333 -4.661615854587858 -4.714311365580411 -4.695550660096151 -4.857775583989456 -5.110769215299254 -5.248439686426396 -5.203469171809715 -5.204572742720554 -5.1380825953425155 -5.2318861227638145 -5.314929833804435 -5.332311075650146 -5.075454946152412 -4.787422938423482 -4.469042730646485 -4.165284837438101 -3.9760224262292443 -3.7806903750107743 -3.6838520275846682 -3.5092119309444256 -3.2239388504925923 -2.9466666591443404
0.3659773224660694 0.31797198784458125 0.27300147322789936 0.09339530748888247 -0.4349392660751996 -1.0832871761930027 -1.3285558111269293 -1.1009443107664239 -0.7552507229461654 -1.3773888239315468 -0.4749437115931068 0.41260319344900953 -0.02854927815880659 -0.10773049101149157 -0.10773049101149157 -0.045378734549098354 0.6228334519638037 0.7916798013221422 -2.056912612280547 -4.101829510064869 -4.541326625306427 -4.592090887205012 -4.574433752631591 -4.677065847339601 -4.926196980461463 -5.015862116967117 -4.945785364128852 -4.858879154900295 -4.76121312929106 -4.858879154900295 -4.999308553304535 -5.024690684253827 -4.996549626027438 -4.713207794669572 -4.4494543469790955 -4.128315211925001 -3.9983697371737303 -3.782621624104742 -3.7473073549578997 -3.525765494607008 -3.2443549123431104 -2.949701479149147
0.6040727464795435 0.37259874793110237 0.23879077499189627 0.06608192744562169 -0.2826464803794435 -0.9320979614080853 -1.7034940280844164 -1.5627887369524676 -1.027556845195643 -1.5227842914345606 -0.7329034120016793 0.23603184771479935 -0.14000994015352664 0.11794976025504589 0.11684618934420721 0.019180163734972222 0.7075325193706825 0.7897485522281742 -1.9887671085362497 -3.9906447407978582 -4.318681194044696 -4.37054902685412 -4.334407079524149 -4.436763281504449 -4.603954274496529 -4.682859594621505 -4.634026581816887 -4.509047176164391 -4.440901672420095 -4.56588107807259 -4.722036361956283 -4.805080072996903 -4.7766631220428035 -4.663547103681825 -4.414415970559963 -4.130246461018968 -3.8733903315212346 -3.31001738153802 -3.639985083878825 -3.426168219903805 -3.26311561782737 -2.968186291905697
1.0846778781498467 0.7232584048501356 0.4937156553956621 0.2291345295220566 -0.09117692734890914 -0.8206372994133653 -1.6643172607496386 -2.121471510564617 -1.6281753134196673 -1.7766056009274878 -1.4251182658253256 -0.2815429094686044 0.24486041500150968 0.5602058027737007 0.4636433480753044 0.3102469914687096 0.658699506566065 0.7516753558042351 -1.943796593919568 -3.7933814404854203 -4.080309877303512 -4.1156241464503545 -4.0667911336457365 -4.097967011876933 -4.262950863047336 -4.334407079524149 -4.332475830430181 -4.225981237534236 -4.2621231848642065 -4.379377594140831 -4.456351665171838 -4.519806992545069 -4.549051621682298 -4.459386485176645 -4.311783875851953 -4.121417893732258 -3.4476878526651618 -2.261073230785727 -3.0081907374236043 -3.444653032660355 -3.2424236632491423 -2.836309568060459
1.386504522264263 1.3053920603176103 0.947007407022705 0.5613093736845398 0.0318712292096186 -0.6791043300982875 -1.5843083697138245 -2.16533845427046 -2.147681319697039 -1.8577180628741408 -1.6800431462290917 -1.102047881677263 0.03766497649152223 0.7243619757609743 0.5613093736845398 0.322938056943356 0.5651718718724754 0.4283290789284626 -2.023805484955382 -3.6146029529295327 -3.8529742696707165 -3.888012646089849 -3.820694820528681 -3.827592138721424 -3.922223344325852 -3.9652626098485655 -4.079482199120383 -3.9953349171689236 -4.070653631833673 -4.046375071795218 -4.130246461018968 -4.216049099336686 -4.275641928521982 -4.251363368483528 -4.092173264595029 -3.8852537188127516 -3.1447576376399073 -1.943796593919568 -2.775613167964324 -3.2592531196394345 -3.0374353665608327 -2.6155953858926964
1.3503625749342913 1.6646043917956441 1.4107830823027165 0.6774602120503248 -0.08731442916097354 -0.8471230012734967 -1.670386900759252 -2.4106070892043867 -2.5744873694639505 -2.0530501140926107 -1.8284734337369122 -1.4300843349241001 -0.18111795658227248 0.43908889530914097 0.26417290594118903 0.144159569387468 0.5378584918292146 0.30224610236512817 -2.0668447504780962 -3.462310167233776 -3.5941868910790147 -3.600808316544047 -3.5861860019754332 -3.6134993820186936 -3.6741957821148286 -3.7180627258206713 -3.8538019478538454 -3.816832322340745 -3.864561764234524 -3.8041412568660986 -3.8284198169045527 -3.861802836957427 -3.8949099642825913 -3.9076010297572377 -3.8353171350972954 -3.5961181401729823 -3.372369138000413 -2.8674854462916555 -3.1419987103628104 -3.0150880556163466 -2.7298149751645133 -2.298318749026537
0.9566636524925447 1.461547344201302 1.4011268368328769 0.9516975833937704 0.25368898228822 -0.7102802083294839 -1.748464542701098 -2.5529677367025934 -3.0043282392356683 -2.6887069587357675 -2.0745697468539674 -1.8792376956354975 -0.9260283213984719 0.009523918265132547 0.2768639714158354 0.10912119296833556 0.1471943893922747 0.1284336839080149 -1.9526251612062786 -3.208488857740849 -3.2846352505887273 -3.3381584397644097 -3.351953076149895 -3.374300387094381 -3.464241416327744 -3.582323503787497 -3.6468824020715678 -3.6157065238403714 -3.544250307363558 -3.5707360092236895 -3.573494936500787 -3.6019118874548863 -3.6741957821148286 -3.7161314767267033 -3.648813651165536 -3.4965208654697797 -3.407683407147255 -3.293187925147728 -3.088199628459418 -2.800167620730488 -2.4594401020090038 -2.0246331631385113
0.37259874793110237 1.3169795548814176 1.2973911712140285 1.2457992311323136 1.0747457399522982 0.13339975300678963 -1.375457574837579 -2.554071307613432 -2.9397693409515977 -2.759059604301742 -2.0257367340493504 -1.9573153375773436 -1.3459370529726407 -0.37838125689471047 -0.01585821268416021 -0.3772776859838718 -0.5199142262097882 -0.12152512739697663 -1.6223815661377636 -2.8421033153423627 -3.052057681129447 -3.0424014356596074 -3.1008906939340646 -3.169312090406071 -3.2620120469165315 -3.360781643436605 -3.3977512689497056 -3.3958200198557376 -3.25428705054066 -3.3196736270078597 -3.36547181980767 -3.469207485426519 -3.561907441936979 -3.591152071074208 -3.5246619236961694 -3.573494936500787 -3.4565164199518725 -3.3177423779138917 -2.9328720227588554 -2.6224927040854387 -2.2014804016004312 -1.769984175462455
-0.25422952942534405 0.8112681849895309 1.1296483927665286 1.1412358873303368 1.1470296346122404 0.947007407022705 -0.3615518005044187 -2.3490830109251224 -2.832447069872523 -2.623320382268568 -2.2367946707472735 -1.9730412230567966 -1.5042994786780104 -0.7767703557075225 -0.5610222426385341 -0.8002212375628472 -0.7202123465270334 -0.27685273309753944 -0.6352373863924443 -1.903792148401661 -2.544415062143593 -2.73284979516932 -2.8285845716845874 -2.9632202228069224 -3.034400546556026 -3.052057681129447 -3.127376395794196 -3.1447576376399073 -3.0628174975101254 -3.081302310266676 -3.2278013486805284 -3.36547181980767 -3.543422629180429 -3.591152071074208 -3.5842547528814652 -3.5814958256043683 -3.443825354477226 -3.286566499682695 -2.913559531819176 -2.482890983864329 -2.031530481331254 -1.5423726751019495
-0.7006239628596442 0.25258541137738133 0.7309834012260072 0.8747235123627628 1.0554332490126188 0.86782619417002 0.03573372739755465 -1.7377047263204197 -2.4660615274740367 -2.6429087659359567 -2.8498283117182344 -2.5471739894206897 -2.0511188649986427 -1.593136937000535 -1.3246933129389935 -0.6310989954767989 -0.46997764249433205 -0.2865089785673791 0.03766497649152223 -0.9144408268346642 -2.0199429867674463 -2.3391508727275734 -2.559865054895336 -2.6909141005574453 -2.7201587296946736 -2.7248489060657386 -2.7836140570679055 -2.7952015516317132 -2.8490006335351055 -2.9212845281950477 -3.0832335593606435 -3.3216048761018273 -3.5023146127516833 -3.621500271122275 -3.621500271122275 -3.5776333274164323 -3.464241416327744 -3.2639432960104995 -2.9113523899974982 -2.465233849290908 -2.0042171012879932 -1.5238878623453995
