static/data/ASCData/20210124/ASCU/03.asc
ncols 97
nrows 97
xllcorner 99.0
yllcorner 2.0
cellsize 0.25
NODATA_value -32767
[rows 57 to 75 of 97, columns 42 to 83 of 97]
-1.7412118607157634 -1.5780646617377676 -1.901337815268241 -1.8506480476845426 -1.9248363830222732 -1.8573619241856947 -1.835877519382008 -2.1192031077306264 -2.3914507998523433 -2.59655972696254 -2.5519124482298787 -2.3692950073985415 -2.232331926775039 -2.152436796411329 -2.0399793650170315 -1.9970105554096582 -2.061463769820718 -2.153443877886502 -2.257844657479417 -2.493166028844798 -2.6798117955768257 -2.6690695931749824 -2.5733968530335654 -2.776491617193416 -3.4696993659373696 -4.337803597536334 -4.652348711615311 -4.546940850547223 -4.170963766482705 -3.718784184130112 -3.263583357352 -2.913119003991861 -2.627107865042782 -2.4824238264429543 -2.5341206755018257 -2.7412437655623676 -2.95810197654958 -2.894655843613693 -2.6630271043239455 -2.282350306708622 -2.0272229996648425 -1.9003307337930682
-2.360231274121986 -2.0272229996648425 -2.178620914765822 -2.161164835862827 -2.250123699503092 -2.1990982380943365 -2.1708999567894973 -2.1856704850920323 -2.447175974811906 -2.464967747539959 -2.392457881327516 -2.1974197689690484 -2.0255445305395545 -1.885895899315591 -1.756989470493471 -1.6962288881580445 -1.6767586463047035 -1.7704172234957751 -1.9825757209321813 -2.2195755614228503 -2.360231274121986 -2.315583995389325 -2.2947709782357535 -2.881899478261504 -3.532138417398084 -3.848697694427405 -4.148472280203846 -4.029300972308397 -3.6912572904753884 -3.393496867649293 -3.0655240005680136 -2.813417937949753 -2.5411702458280354 -2.431734058859256 -2.5841390554354087 -2.7929406146212385 -2.9356104902707205 -2.850679952531147 -2.4844379893933 -1.9600842346533218 -1.8086863195523422 -1.843598477358333
-3.1642179851349495 -2.5079365571473327 -2.5663472827073557 -2.4092425725803963 -2.427705732958565 -2.4256915700082193 -2.4542255451381156 -2.46765329814042 -2.392457881327516 -2.4042071652045323 -2.2635514525053964 -2.0762342981232527 -1.8388987638075265 -1.6358039996476759 -1.5105902029011893 -1.3789982234786082 -1.3575138186749216 -1.413910381284599 -1.6260688787210051 -1.9100658547197387 -2.0644850142462365 -1.9939893109841398 -2.1192031077306264 -2.81241085647458 -3.3602631789685904 -3.6691014980215866 -3.594577468858798 -3.4764132424385217 -3.2625762758768273 -2.998049541731435 -2.7684349653920335 -2.6046163787639225 -2.362245437072332 -2.373994720949348 -2.5274067990006737 -2.800661572597564 -2.944338529722218 -2.670076674650155 -2.2363602526757305 -1.524353649728551 -1.8711253710130564 -2.0282300811400154
-3.738254425983453 -3.1131925237261933 -2.960787527150041 -2.7352012767113307 -2.6757834696761345 -2.6073019293643833 -2.6395285365699133 -2.5428487149533234 -2.466646216665247 -2.2763078178575853 -2.120210189205799 -1.933564422473771 -1.691529174607238 -1.492127042523021 -1.2930606042638615 -1.135620200311845 -0.925811559650842 -0.9815367346104045 -1.250091794656488 -1.5528876248584473 -1.7801523444224456 -1.7167062114865583 -1.9939893109841398 -2.652284901922102 -3.1356840100050527 -3.1904021034894425 -3.1162137681517117 -2.8839136412118496 -2.672762225250616 -2.4874592338188184 -2.3182695459897857 -2.2618729833801083 -2.2195755614228503 -2.246095373602401 -2.4854450708684728 -2.758699844465363 -2.89364876213852 -2.5811178110098902 -1.9755261506059716 -1.09567263512999 -1.880860491939727 -2.4384479353604083
-4.064548823939445 -3.5546299036769433 -3.2860748436308596 -3.1299772149790734 -3.0185268650599486 -2.8721643573348334 -2.7012962003805123 -2.583131973960236 -2.385744004826364 -2.1776138332906494 -1.9560559087526306 -1.758667939618759 -1.581085906163286 -1.4014897097574677 -1.11245732638287 -0.724730958441337 -0.48940958707595617 -0.4736319772982487 -0.7334589978928346 -1.1708680519428933 -1.4219670330859815 -1.447144069965302 -1.9023448967434138 -2.379030128325212 -2.584810443085524 -2.685518590602805 -2.5908529319365607 -2.314576913914152 -1.94632078782596 -1.7801523444224456 -1.7469186557417429 -1.8848888178404182 -1.9365856668992896 -2.0967116214517665 -2.360231274121986 -2.697267874479821 -2.8476587081056284 -2.533113594026653 -1.959077153178149 -1.0067137714897247 -1.8154001960534942 -2.4736957869914566
-4.403263893422568 -3.8768959757322436 -3.5391879877242935 -3.3535493024674383 -3.2394134019478527 -3.089693955972161 -2.8231530588764233 -2.5418416334781506 -2.3182695459897857 -2.067506258671755 -1.8348704379068352 -1.6190193083947955 -1.407196504783447 -1.1631470939665685 -0.6972040647866133 -0.27825817111472284 0.007752967834356195 0.01950225171137232 -0.22085452702987252 -0.65423525517924 -1.082916269777801 -1.245056387280624 -1.6240547157706595 -1.6777657277798763 -1.9473278693011329 -2.1873489542173203 -2.0732130536977342 -1.6388252440731943 -1.2510988761316608 -1.1366272817870178 -1.1953737011720986 -1.413910381284599 -1.6629951994773418 -1.8798534104645541 -2.1913772801180116 -2.505922394196987 -2.393464962802689 -1.9550488272774578 -1.7791452629472728 -1.2403566737298175 -1.7217416188624224 -2.080934011674059
-4.591923823104942 -4.1464581172535 -3.8456764500018865 -3.597598713284317 -3.532138417398084 -3.269625846203037 -2.86142215493299 -2.5556050803055124 -2.2813432252334493 -1.9725049061804532 -1.6787728092550491 -1.4041752603579285 -1.1114502449076973 -0.9110410313483075 -0.3809804815823499 0.0997330759001398 0.4354269009577445 0.5391562929005442 0.3622456470951867 -0.06945661192889285 -0.7294306719921434 -1.1708680519428933 -1.230621552803147 -1.206115903573942 -1.4444585193648412 -1.6358039996476759 -1.4961553684237123 -1.1017151239810268 -0.7334589978928346 -0.5303642337329839 -0.537078110234136 -0.9395750064782038 -1.3145450090675481 -1.622040552820314 -1.8828746548900726 -1.8516551291597154 -1.4854131660218688 -1.225586145427283 -1.445465600840014 -1.5643012149104059 -1.7539682260679526 -1.7576608581435862
-4.7735341824611055 -4.347538718463005 -4.090732942293938 -3.8839455460584533 -3.6912572904753884 -3.298831208983049 -2.920839961968186 -2.59655972696254 -2.2420670477017097 -1.8778392475142085 -1.5478522174825833 -1.2168581059757853 -0.8925778709701392 -0.7257380399165098 -0.24233893183355915 0.26086611192778997 0.7412439755852223 1.009799035631306 0.8839138512347042 0.4082357011280784 -0.37124536065567937 -0.8475948984124202 -0.9140622757738259 -1.0087279344400704 -1.075195311801476 -1.1708680519428933 -1.049011193446983 -0.6414788898270509 -0.13659537694041368 0.10745403387646468 0.15713671998499024 -0.3729238297809674 -0.8731076291167982 -1.237335429304299 -1.4337163169629978 -1.1698609704677205 -0.9375608435278582 -1.6972359696332173 -2.5868246060358695 -2.106446742378437 -1.6025703109669729 -1.588806864139611
-4.896398122432188 -4.597630618130921 -4.488194431162142 -4.252873059796761 -3.8272132896237183 -3.3008453719333946 -2.906405127490709 -2.5243855545751552 -2.15512234701179 -1.7462472680916277 -1.342743290372387 -1.0839233512529738 -0.8348385330602313 -0.6260369738744012 -0.21481203817883554 0.3427754052418457 0.9785795099009484 1.3223299867599358 1.2793611771525621 0.8067042714714552 0.1980913666420181 -0.13961662136593211 -0.4931022191515898 -0.8751217920671438 -0.8771359550174894 -0.7431941188195053 -0.5119010733548156 -0.016752681394848867 0.46966767111362007 0.7832057037174227 0.9208401719910406 0.38775837779956457 -0.32424822514761464 -0.6485284601532607 -0.5877678778178342 -0.38870143955867476 -0.7079462671884567 -1.6307685922718118 -2.179627996240995 -1.763703346994623 -1.459900435317491 -1.50488340787521
-5.204229360010013 -4.906133243358859 -4.655369956040829 -4.327061395134491 -3.84097673645108 -3.343814181540768 -2.8634363178833357 -2.459932340164095 -2.0087598392866743 -1.574372029662134 -1.147369484188861 -0.9493101274048744 -0.7938838864032034 -0.5800469198415094 -0.20406983577699223 0.3897725407499102 1.0077848726809604 1.4307590922535418 1.4257236848776778 1.2276643280936912 0.8926418906862019 0.6680627217226645 -0.07046369340406566 -0.3917226839841932 -0.374937992731313 -0.15237298671812116 0.320283918962986 0.8103969035470888 1.1648895828079193 1.5234105879694408 1.366305877842482 0.9131192140147157 0.4911520759173069 0.2695941513792879 0.2900714747078017 -0.2843006599657597 -0.9687803692582154 -1.3917545888307972 -1.167846807517375 -1.147369484188861 -1.285003952462479 -1.2823184018620182
-5.3593199071866255 -5.06155948436053 -4.751042696182246 -4.378086856543248 -3.8416481241011953 -3.3340790606140973 -2.841951913079649 -2.283357388183795 -1.824128235504992 -1.3612064507505552 -0.9815367346104045 -0.7811275210510145 -0.6562494181295856 -0.48034585379940076 -0.17285031004663498 0.3995076616765807 0.8318813083507755 1.2508272020226658 1.5136754670427703 1.392489996196975 1.5556371951749708 1.405246361549164 0.5428489249761779 0.40420737522738714 0.4532186736857975 0.8906277277358563 1.3622775519417907 1.6580238118175403 1.9802898838728407 2.1044965991441544 1.7889444035900062 1.5623510716761229 1.5381811162719754 0.9433316582699001 -0.12585317453857037 -0.6935114327109797 -0.7499079953206573 -0.901305910421637 -0.1835925124484784 -0.4024648863860365 -0.7374873237935259 -0.9472959644545288
-5.371069191063642 -5.053838526384205 -4.740300493780403 -4.320347518633339 -3.738254425983453 -3.232363831621643 -2.7157310348579893 -2.1581435914373084 -1.6405037131984823 -1.1785890099192182 -0.8240963306583879 -0.5770256754159909 -0.48940958707595617 -0.3380116719749765 -0.049986370075551845 0.4011861308018687 0.8211391059489321 1.073245168567193 1.340793147138104 1.5761145185034846 1.8084146454433472 1.9050944670599375 1.3310580262114335 1.2998385004810764 1.567386479051987 2.0027813701517 2.346531847010687 2.6375783933356303 2.679540121467831 2.6338857612599966 2.4794666017334985 2.0984541102931176 1.91315111886132 0.8164393923981257 -0.24905280833471122 -0.0741563254796993 -0.08993393525740667 0.23837462564893053 0.7529932594622384 0.37802325687289406 -0.11141834006109341 -0.4481192465938708
-5.236455967215543 -4.906133243358859 -4.537205729620553 -4.087040310218304 -3.5069613805187636 -3.0205410280102942 -2.5039082312466414 -2.041993527967377 -1.524353649728551 -1.140655607687709 -0.7851558469517057 -0.4910880562012442 -0.39843656048534526 -0.22454715910550616 0.03527986148907991 0.4639608760876408 0.6610131513964548 0.9131192140147157 1.3877902826461685 1.6805152980963998 1.859440106852103 2.202183502235917 2.083012194340468 2.3438462964102262 2.6288503538841326 2.9531305888897785 3.2978881472239383 3.4130311292186972 3.4314942895968654 3.211950528009192 3.2800963744958853 2.41199214289692 1.5506017877991067 0.6062950579120652 0.6640343958219732 0.8389308786769851 1.0712310056168475 1.458957373558381 1.4334446428540026 1.054782008189025 0.47839571056511776 -0.06643536750337442
-5.017583593277984 -4.62582889943576 -4.245152101820436 -3.75973883078714 -3.2071867947423227 -2.7254661557846602 -2.297792222661272 -1.8691112080627108 -1.5223394867782054 -1.1611329310162228 -0.874114710591971 -0.6025384061203689 -0.43569857506673937 -0.21783328260435408 0.02520904673735158 0.5381492114253714 0.7432581385355679 1.0332976033853383 1.5126683855675975 1.8507120674006052 1.957127009943866 2.4610034413553303 2.8104607132402966 3.1357480297211158 3.401281845341681 3.687628678115818 3.8816597089991127 3.9783395306157034 3.9531624937363823 3.713812796470311 3.827277309339781 2.6963248127207113 1.7664529173111467 1.8829386746061352 2.083012194340468 1.9812969653480135 2.041050466208267 1.9453777260668499 1.8544046994762389 1.5076329781917335 0.8584011205303261 0.28705023028228327
-4.75473532825788 -4.421055666150621 -3.947391678994341 -3.4169954354033254 -2.9171473298925523 -2.5106221077477935 -2.1376662681087946 -1.8321848873063744 -1.517639773227399 -1.257812752632813 -1.01577750476628 -0.7676997680487103 -0.6015313246451961 -0.37023827918050656 0.07019201929507068 0.5730613692313624 0.8691433229321694 1.1648895828079193 1.5821570073545215 1.9403423186909858 2.2666367166469774 2.72452309402555 3.1562253530496296 3.5701358393456557 3.813513862512419 4.055549110378952 4.237159469735116 4.305641010046868 4.229438511758791 4.018622789622616 4.057563273329298 3.514746358211151 3.1317197038204245 3.020605047726357 2.7429862544037182 2.4881946411849962 2.31531232128033 2.2293747020655834 2.20319058371109 1.751011001358497 1.0527678452386793 0.5780967766072265
-4.483494717611335 -4.083011984317613 -3.5791355529061484 -3.240084789597968 -2.8221459774012505 -2.415956449081549 -2.0839552560995775 -1.8368846008571809 -1.6190193083947955 -1.412231912159311 -1.2420351428551055 -1.0077208529648976 -0.8153682912068901 -0.5145866239552764 0.0527359403920753 0.4619467131372952 0.7821986222422499 1.1417267088789447 1.566379397576814 2.0000958195512393 2.381779698641736 2.829930955093638 3.318365470552452 3.681586189264781 3.9910958959678924 4.238166551210289 4.416084278490819 4.5057145297812 4.492286776778895 4.367072980032409 4.20996826990545 4.01660862667227 3.764502564054009 3.4120240477435244 3.0098628453245135 2.680547202943004 2.4881946411849962 2.3760729036157566 2.2488449439189244 1.963840886445018 1.3582492260410994 0.8446376737029644
-4.261601099248258 -3.8711891807062644 -3.4639925709113903 -3.142733580331263 -2.7305015631605243 -2.4042071652045323 -2.1192031077306264 -1.9570629902278034 -1.843598477358333 -1.6817940536805676 -1.4911199610478483 -1.185638580245428 -0.8301388195094248 -0.5743401248155301 -0.17285031004663498 0.14740159905831973 0.49417332034282535 0.8953274412866628 1.3572421445659266 1.8836100622562504 2.328068686632519 2.7899833899117827 3.2401488093140305 3.618140056328893 4.030372073499632 4.310676417422732 4.492286776778895 4.584938272494795 4.573188988617778 4.527198934584886 4.452003517771983 4.272407321366165 4.003852261320081 3.7168340408958294 3.3787903590628217 3.0216121292015297 2.761785108606944 2.6355642303852846 2.4415331995019893 2.0907331523167927 1.530124464470593 1.1084930201982415
-4.1182598359486615 -3.7167700211797663 -3.326022408812715 -3.025240741561101 -2.75769276299019 -2.5428487149533234 -2.2813432252334493 -2.1427016754846586 -2.036958120591513 -1.9043590596937594 -1.7069710905598878 -1.2930606042638615 -0.8653866711404732 -0.5733330433403573 -0.42495637266489605 -0.17184322857146217 0.20111261106753653 0.6690698031978373 1.2068513109401198 1.7224770262286002 2.255894514245134 2.711766728673361 3.186437797304814 3.6590947029859207 3.9884103453674316 4.214667983456256 4.385871834235635 4.521492139558907 4.608436840248827 4.808510359983159 4.772591120701995 4.543983625837766 4.323097088949863 3.9910958959678924 3.6329105846314276 3.2968810657487655 3.0303401686530274 2.8457085648713454 2.6543630845885104 2.2088973787370696 1.7244911891789458 1.411960238050316
-4.00781656750471 -3.563357943128441 -3.2186003847942812 -2.9433314482470454 -2.7862267381200865 -2.6113302552650746 -2.4747028684666295 -2.315583995389325 -2.15512234701179 -2.0087598392866743 -1.7529611445927797 -1.3370364953464078 -0.9315183546768213 -0.6085808949714058 -0.5011588709529723 -0.3084706153699073 0.0997330759001398 0.6895471265263511 1.2323640416444976 1.6513099353163883 2.184391729507864 2.6892752423945017 3.205908039158155 3.6141117304282018 3.8574897535949653 4.078040596657812 4.203925781054413 4.3321608222264185 4.644356079529991 4.7343220246454285 4.716865945742433 4.357337859105739 4.057563273329298 3.822241901963917 3.491247790457119 3.3116515940513 3.1132565434422563 3.0303401686530274 2.891698618904237 2.3827867801169087 1.926578871863624 1.5714148049526782
