static/data/ASCData/20210124/ASCU/06.asc
ncols 97
nrows 97
xllcorner 99.0
yllcorner 2.0
cellsize 0.25
NODATA_value -32767
[rows 19 to 37 of 97, columns 0 to 41 of 97]
1.6257323245473356 2.11976933703055 2.222163806944563 1.8344344288306738 1.6237757423196795 1.5200768842538956 1.495619606408192 2.0825942747050803 2.9839264875787466 2.6764169807987663 2.5922839450095454 2.8795754354370775 3.04555882774992 2.6783735630264225 2.7827246151680916 3.1440401332086205 3.451875737026544 3.787755686107541 3.462636939278654 2.55804375602556 2.4478229572009225 3.5797057759000888 2.8521832842498895 0.3637367877090252 -1.6812177372297463 -1.8801369303748028 -1.5696925502533374 -1.0727206644286382 -0.7368407153476411 -0.6223806550297477 -0.43389656709885793 -0.15084433816458054 0.09438063436834176 -0.3520462105752362 -0.23073811246054587 0.265255482250325 0.29460421566516914 -0.4035695425701853 -1.469254662566981 -2.6233120798462526 -2.6624437243993784 -0.8392351852616537
1.5660565666038184 2.107051552550784 2.1432483237624256 1.495619606408192 1.3609415297378502 1.5005110619773327 1.7564972367623646 2.1041166792093 2.9672955386436684 2.711635460896579 2.6040234383754832 2.9438165519117927 3.2027376000383097 2.7993555641031698 2.657829449636031 3.073929270050937 3.6693824613343358 3.998740469656479 3.8519968025822564 3.1870849422170586 2.7670719573468405 3.451875737026544 3.135235513184167 1.2272417441813366 -0.6986873619083431 -1.167288805432026 -1.1245700934615301 -1.0071751598021526 -0.8881497409530612 -0.8803234120424359 -0.7864074651149338 -0.45933213605838974 -0.3716120328517991 -0.9184767654817338 -0.6478162239892795 0.15307810119803045 0.42928229233551085 0.30243054457579466 -0.5832490104766219 -2.2492787773259573 -2.570810456737475 -0.9592388952245732
1.3638764030793349 1.8999799334571594 1.8735660733837995 0.8913617951003394 0.9340805070708351 1.5836658066527252 1.9733517669942706 2.3199929183273778 3.16556253771284 2.8482701197945772 2.602066856147827 3.2154553845180756 3.1724105755096366 2.7077222964412666 2.598153691692514 3.006427183196794 3.4936161578832117 4.018306291933042 3.7075358147736335 3.3990480168798243 3.1567579176883864 3.3325242211395105 2.9118590421934067 1.1391955439368033 -0.47987624944878093 -0.6654254640381863 -0.6497728062169359 -0.7524933731688914 -0.6840129952009211 -0.6761866662902958 -0.8431483497169663 -1.0150014887127776 -1.0815252844530918 -1.1682670965458541 -0.5767270697177675 0.5114587458970752 0.850273568319557 0.7338569257740077 -0.3588942483720332 -1.8178523961277442 -2.307976244155646 -1.2103336144404646
1.1861535174005546 1.5758394777421 1.5386644154166305 0.6461368225674169 0.6520065692503858 1.3981165920633198 2.07770281913594 2.524129664079518 3.02990616992867 2.74652784395645 2.6108714761722798 3.1548013354607303 2.912837333307235 2.6519597029530626 2.5942405272372016 3.063168067798827 3.4195921302702157 3.785799103879885 3.4799200822896177 3.437201370319122 3.4887247023140713 3.277087724689249 2.5639135027085294 1.0504971496163849 -0.6947741974530306 -0.9458689166689218 -0.2551953903062496 -0.26400001033070297 -0.35106791946140814 -0.3941127284698467 -0.597923377184044 -1.1555493120660882 -1.4712112447946373 -1.0198929442819185 -0.26008684587539044 0.38036773664410384 0.7289654702048669 0.7142911034974448 -0.12932193366036127 -1.3890347912330727 -1.986770661782071 -1.0609811710627006
0.9986477205834927 1.2719170383794889 1.254633895368525 0.7152693946112729 0.7221174324080699 1.49659789752202 2.178466803860239 2.3317324116933156 2.669568943001969 2.5466303596975646 2.484998019526392 2.889358346575359 2.7360927387422826 2.4752151083881104 2.574674704960638 3.0436022455222638 3.107843361996979 3.4616586481648257 3.340350550050135 3.38046048571709 3.4916595756555555 3.2164336756319036 2.5026072595752984 1.0504971496163849 -0.6986873619083431 -1.2435955123106215 -0.4769413761072965 -0.31291456602211043 -0.24443418805414008 -0.07258104905832874 -0.060841555692390914 -0.6184674905744352 -1.23381260117234 -0.7815160095457931 -0.5053118184083127 -0.107799529156142 0.14720835451506198 0.4468915323844176 -0.18019307157942488 -0.9611954774522296 -1.5599096391150558 -1.390991373460729
0.7514661658229145 1.135282379481491 1.1039770638389903 0.6490716959089016 1.1196297216602404 1.8960667690018471 1.9704168936527864 2.006287567826485 2.3610811451081597 2.52804282853483 2.28183956488808 2.372494541436155 2.399886692623343 2.628480716221187 2.728266409831658 2.714570334238064 2.7321795742869703 3.2252382956563563 3.2565436112988575 3.1557796265745583 3.206650764493622 2.9535994630500744 2.3004270960508144 0.8463604038642447 -0.5190078940019067 -1.1848980454809326 -0.9263030943923589 -0.8363003119201693 -0.4436794782371394 0.6529848603642139 0.7583142036197115 0.3043871268034508 -0.31193627490828213 -0.7844508828872776 -0.5920536305010751 -0.5610744118965172 -0.5092249828636253 -0.0686678846030162 -0.17138845155497173 -0.8431483497169663 -0.4427011871233113 -0.2737829214689844
0.5668952423473372 1.2331114908643055 1.1538699106442258 0.7700536969856493 1.3227881762985525 1.9488944891485669 1.9459596158070827 1.6938866054773631 2.165749019380473 2.6353287540179835 1.8559568333348928 1.8813924022944246 2.3803208703467797 2.613806349513765 2.712613752010407 2.695982803075329 2.7038091319859543 3.1293657665011985 3.076864143392421 2.7680502484606695 2.7925075263063723 2.3141231716444084 1.6439937586721276 0.8404906571812758 -0.3588942483720332 -0.9233682210508745 -0.8245608185542315 -1.0394587665584814 -0.5395520073922979 0.9409285448676321 1.6381240119891587 1.1714791506931321 0.502654125872622 -0.05692839123707838 -0.45835384494456166 -0.5871621749319345 -0.8402134763754818 -0.4642235916275306 -0.2366078591435148 0.29558250677899767 0.744618128026117 0.07579310320560695
0.5835261912824155 1.3423539985751154 1.3981165920633198 1.1098468105219592 1.3961600098356637 1.8686746178146587 1.7799762234942402 1.5513821998963964 2.2202072247169067 2.60011027392017 1.300287480680505 1.4633359996518631 2.1432483237624256 2.4057564393063116 2.5045638418029545 2.698917676416813 2.8120733485829357 2.965338956416012 2.699895967530641 2.412604477103109 2.091398894729534 1.3413757074612873 0.6872250493481993 0.2261238376971988 -0.15280092039223692 -0.44661435157862384 -0.6957524885668589 -1.097177942274342 -0.5229210584572195 1.060280060754666 1.8725877822699715 1.8151947035920537 1.2905045695422237 0.6187446713802289 -0.007361641469785463 -0.2747612125828125 -0.7006439441359995 -0.3520462105752362 0.9810384805345864 1.5181203020262395 1.1088685194081307 0.0845977232300601
0.7319003435463511 1.5318163776198335 1.615949413409054 1.610079666726085 1.672364200973144 1.7339965411443174 1.5631216932623342 1.3824639342420697 2.0688981991114863 2.3591245628805035 0.6657026448439802 1.0172352517462275 1.8569351244487213 2.091398894729534 2.133465412624144 2.387168908143577 2.560000338253216 2.4096696037616248 1.6948648965911912 2.0874857302742207 1.8569351244487213 0.8580998972301825 0.14623006340123346 -0.37454690619328357 -0.7824943006596212 -0.8392351852616537 -0.957282312996917 -1.1255483845753584 -0.31095798379445405 0.9419068359814602 1.7897591346325215 1.9674820203113017 1.4476833418306125 0.5766781534856185 0.0033995607823240626 0.04253120533545007 -0.5803141371351375 0.2212323821280584 2.335645576148628 2.482063146184907 1.6237757423196795 0.61287492469726
0.704834289397106 1.6237757423196795 1.6518200875827527 1.698778061046504 1.7741064768112713 1.7789979323804122 1.490728150839051 1.1313692150261783 1.9136760090507539 2.507498715144439 0.9996260116973212 1.1890883907420389 1.5562736554655372 1.678233947656113 1.9136760090507539 2.394995237054202 2.6910913475061884 2.363037727335816 1.2164805419292273 1.9459596158070827 2.372494541436155 2.249555958131751 1.5592085288070214 -0.07747250462746957 -1.5393655257246648 -1.7992648649650094 -1.3988177023713542 -1.5041470456268515 -0.7554282465103759 0.28090814007157516 0.9976694294696646 1.3227881762985525 0.9595160760303669 0.03470487642482478 -0.6527076795584204 -0.5832490104766219 -1.0805469933392635 -0.00247018590064485 2.165749019380473 2.1549878171283634 1.385398807583554 0.7886412281483841
0.9223410137048973 1.573882895514444 1.6459503408997838 1.706604389957129 1.8207383532370798 1.8657397444731745 1.6351891386476745 1.3022440629081615 1.930306957985832 2.3444501961730815 1.0563668962993538 1.1714791506931321 1.3756158964452723 1.3208315940708963 1.580730933311241 2.2348815914243287 2.599131982806342 2.2877093115710485 1.247785857571728 1.6938866054773631 2.4781499817295947 2.8394654997701236 3.1440401332086205 1.8510653777657524 -0.20073718496981607 -1.2435955123106215 -1.7885036627128996 -1.9358995238630072 -1.4800158648190904 -0.749558499827407 -0.022036008177207744 0.39797697669301013 0.08361943211623202 -0.7583631198518603 -1.3949045379160416 -1.3420768177693216 -1.750350309273602 -1.41153548685112 -0.146931173709268 0.35884533213988434 0.4468915323844176 0.08851088768537285
1.2213719974983677 1.255612186482353 1.38735538981121 1.6051882111569447 1.72714850334752 1.929328666872004 1.7525840723070523 1.504424226432645 1.9782432225634115 1.9596556914006766 1.1157165572049281 1.273873620607145 1.3090921007049585 1.1939798463111797 1.2689821650380042 1.8765009467252842 2.2133591869201092 1.8784575289529404 1.2709387472656608 1.517142010912411 2.2202072247169067 2.7233749542625167 3.1332789309565108 3.295349158814041 1.7075826810709571 -0.3060665282253132 -1.6782828638882616 -2.165471838574679 -2.1214487384524126 -1.8383965095181352 -1.1314181312583274 -0.5989016682978723 -0.749558499827407 -1.640129510448964 -2.0754690561024898 -2.0366635085873064 -2.265909726261036 -2.653639104374925 -2.1224270295662406 -1.4800158648190904 -1.2553350056765593 -1.201528994416011
1.3022440629081615 0.925275887046382 0.9947345561281804 1.2262634530675085 1.4333350721611333 1.6371457208753306 1.9704168936527864 1.901936515684816 2.049332376834923 1.705626098843301 1.155826492871882 1.5269249220506926 1.5474690354410836 0.9203844314772411 0.9898431005590396 1.1802837707175857 1.477032075245457 1.4039863387462888 1.1577830750995382 1.3169184296155836 1.8266080999200487 2.368581376980842 2.774898286257466 2.9408816785703085 3.178280322192606 1.6130145400675697 -0.7717330984075117 -2.0960131694928807 -2.280584092968458 -2.5081998254524738 -1.940790979432148 -1.2768574101807784 -1.4252315624447143 -2.1194921562247564 -2.505264952110989 -2.5267873566152086 -2.754403089099224 -3.134306138302488 -3.583341759549608 -3.236700608216501 -3.530514039402888 -3.480947289635595
1.2311549086366493 0.6255927091770259 0.6471151136812454 0.8404906571812758 1.0475622762749002 1.4809452397007699 1.816825188781767 2.1814016772017233 2.2006414024403433 1.5993184644739757 1.3628981119655064 1.713452427753926 1.6188842867505386 0.9898431005590396 0.40286843226215097 0.592330811306869 0.9438634182091168 0.9771253160792737 0.9741904427377894 0.9986477205834927 1.3482237452580843 1.8784575289529404 2.2906441849125327 2.9281638940905426 3.16556253771284 3.1851283599894025 1.1528916195303978 -1.2103336144404646 -1.9681831306193363 -2.4436326119398157 -2.810817876663314 -2.14394943407046 -1.7161101202896167 -2.406783646652289 -2.8744067990621436 -2.916473316956754 -3.1558285428067077 -3.3469214070411386 -3.8608503388388593 -4.308907668972151 -4.605003779424137 -4.89001259058607
1.136260670595319 0.5483077111846024 0.29949567123431 0.4840665947098872 0.8532084416610417 1.287569696200739 1.8931318956603624 2.3581462717666755 2.1706404749496135 1.6267106156611637 1.5083373908879578 1.5396427065304585 1.4137692498845704 0.9233193048187254 0.33569244244595153 0.41852109008340155 0.7808148992377586 0.9047317736559906 0.8532084416610417 0.7612490769611957 0.7622273680750238 1.3237664674123806 2.005309276712657 2.645111665156265 2.9868613609202317 3.18121519553409 2.7925075263063723 0.7426615457984609 -0.48574599613174985 -2.2192778498352275 -2.7990783832973762 -3.1039791137738155 -2.6761397999929724 -2.6712483444238315 -3.2112650392569693 -3.283658581680252 -3.4173583672367656 -3.564754228386873 -3.825631858741046 -4.345104440183793 -4.625547892814528 -4.910556703976462
1.052453731844041 0.43123887456316745 0.02198709194505888 0.23003700215251155 0.6598328981610113 1.0883244060177397 1.6664944542901752 2.222163806944563 1.9938958803846616 1.8451956310827835 1.6625812898348624 1.3981165920633198 1.1978930107664925 0.8551650238886979 0.723095723521898 0.808207050424947 1.0279964539983373 1.162674530668679 0.9291890515016943 0.6471151136812454 0.6167880891525728 0.6588546070471828 1.3560500741687094 1.9733517669942706 2.3571679806528474 2.4331485904934995 2.5609786293670442 2.615762931741421 1.7672584390144743 -0.7639067694968864 -2.9526700881683956 -3.438880771740985 -3.578450303980467 -3.4017057094155154 -3.5344272038582005 -3.715084962878465 -3.6753011242494535 -3.6860623265015633 -3.9260697464274026 -4.1116189610168075 -4.309885960085979 -4.402823615899653
1.0035391761526335 0.1703612442089948 -0.09019028910723548 0.08948917879920093 0.39699868557918205 0.7602707858473676 1.378550769786757 2.0150921878509385 2.05128895906258 2.0972686414125024 1.9107411357092692 1.0612583518684946 0.9917996827866957 1.1871318085143827 1.1949581374250078 1.1440869995059442 1.279743367290114 1.4167041232260547 1.2155022508153992 0.6696158092992925 0.46939222800246516 0.30243054457579466 0.2544942799982153 0.736791799115492 1.2096325041324303 1.241916110888759 1.4313784899334767 2.3033619693922986 2.8247911330627016 1.574861186628272 -1.2162033611234333 -3.243548646013298 -3.9006341774678708 -4.042486388972952 -3.8432410987899526 -4.03270347783467 -4.090096556512589 -3.8569371743835466 -3.806066036464483 -3.893133945595188 -4.056182464566546 -4.203578325716654
0.6745072648684334 -0.4828111227902654 -0.21899861909460827 0.015139054148261888 0.15764345972922889 0.5006975436449659 1.358006656396366 2.35031994285605 2.193793364643547 1.949872780262395 2.3160797538720646 1.1313692150261783 0.7077691627385903 0.9908213916728676 1.1978930107664925 1.1734357329207887 1.1998495929941486 1.0700629718929477 1.1881100996282108 1.1303909239123502 0.7309220524325231 0.180144155347276 -0.16356212264434644 -0.04714548009879693 0.3200397846247014 0.6001571402174941 0.9565812026888827 1.4858366952699102 2.613806349513765 2.6079366028307955 0.4987409614173093 -1.7493720181597738 -3.3296382640301747 -4.287385264467932 -4.669244895898852 -4.617721563903903 -4.463151567919056 -4.04346468008678 -3.8383496432208117 -3.832479896537843 -3.893133945595188 -3.918243417516777
0.2525376977705591 -1.214246778895777 -0.5571612474412047 -0.09801661801786055 -0.0063833503559573845 0.17623099089196326 1.0201701250877122 2.2006414024403433 2.0424843390381264 1.6420371764444714 2.193793364643547 0.9575594938027108 0.502654125872622 0.7671188236441646 0.9233193048187254 0.8326643282706507 0.7544010391643987 0.5385248000463208 0.6647243537301517 0.9986477205834927 0.9614726582580235 0.44884811461207375 -0.12540876920504873 -0.3070448193391415 0.06796677429498188 0.8385340749536196 1.7388879967134578 2.1099864258922683 2.4233656793552187 2.5495652330390497 1.1665876951239917 -0.8128213251882939 -2.3431947242534594 -3.47312096072497 -4.536523401456167 -4.889034299472242 -4.926209361797712 -4.171294718960325 -3.602907581826171 -3.6459523908346094 -3.76008635411456 -3.840306225448468
