static/data/ASCData/20210124/ASCU/09.asc
ncols 97
nrows 97
xllcorner 99.0
yllcorner 2.0
cellsize 0.25
NODATA_value -32767
[rows 19 to 37 of 97, columns 42 to 83 of 97]
2.350671551384119 0.5321335628897725 -3.3515452706749964 -4.868152838617865 -4.5741263557771585 -5.220668460518281 -5.474542939788267 -5.925699704319115 -6.122033517054683 -5.851718847346291 -5.960160872738079 -6.001893663850954 -6.120136572004098 -6.328168212551608 -6.6395833583560115 -7.140693009218936 -7.269685272658729 -7.50680340398188 -7.624097839609731 -7.76953029348793 -7.873229956253255 -8.044903483331215 -8.318379728123915 -8.46286370947682 -8.636750339113798 -8.671843822549624 -8.629794873928319 -8.546961606719432 -8.503015713047542 -8.503015713047542 -8.621258621200685 -8.559607907056666 -8.40058068031594 -8.353473211559741 -8.725590598982873 -9.317437454765454 -9.915923618225085 -10.08886177533677 -10.121109841196716 -10.072421584898365 -10.228603394063212 -10.331038426794812
2.0547481234928275 0.15717075789076418 -3.817561438102094 -5.2930685299489495 -5.082191471825562 -5.502997115547045 -5.46094816692574 -5.270621346850358 -5.320258075674005 -5.215926097891819 -5.422060793388743 -5.575397184977714 -6.3028756118771385 -6.665192116538912 -7.044897284164383 -7.375914195491501 -7.409110733876742 -7.623149367084438 -7.639589557522844 -7.715783517054683 -7.835923370258412 -8.041109593230043 -8.329129083410564 -8.596598335543078 -8.714841243696222 -8.766691075078885 -8.731597591643059 -8.64844816692574 -8.560556379581959 -8.549807024295308 -8.730649119117764 -8.872287682894793 -8.846678924711894 -9.128059107215364 -9.594707589659325 -9.921930610885273 -10.236507331773984 -10.24219816692574 -10.073370057423656 -10.018674808465118 -10.134704614059245 -10.344633199657341
1.8982501568195485 -0.24023923020683524 -3.7568591964833677 -4.763820860835679 -4.787216516459562 -5.0233861752574205 -5.069545171488327 -5.032238585493484 -4.9854472742457165 -4.939604435523241 -5.228572398229053 -5.432810148675393 -6.179890341097531 -6.868165236951528 -7.253877397237186 -7.479613858256825 -7.5147073416926515 -7.584894308564303 -7.562447125465712 -7.68574855375375 -7.877972318879717 -8.117303552761882 -8.42207939088924 -8.660145994737682 -8.710098881069758 -8.683541650361565 -8.632956449012628 -8.614303156015207 -8.043955010805922 -7.880817736455595 -8.131846798149702 -8.603553800728557 -9.139756935027307 -9.617154772757916 -10.000021515467695 -10.199200745779141 -10.320289071508164 -10.292151053257816 -10.065466119712884 -9.972831969742641 -10.07431852994895 -10.24630821453534
0.3474975779661462 -1.5908641062234987 -4.232360089163391 -4.523541154428219 -4.539981344866625 -4.47263979557085 -4.450192612472259 -4.50204244385492 -4.508997909040399 -4.807766754507568 -5.134673618225086 -5.546943009218936 -6.229527069921177 -6.8760691746623 -7.284228518046549 -7.4628575103099895 -7.466019085394298 -7.443571902295706 -7.589004356173905 -7.7470831103893385 -7.805572249449049 -8.088849377003106 -8.283286244688089 -8.405323042942403 -8.46602528456113 -8.39741910523163 -8.389831325029292 -8.184645102057658 -7.64559655018303 -7.416066199062221 -7.671837623382792 -8.357583259169342 -9.143550825128477 -9.771439636872179 -10.140711606719432 -10.274446232785689 -10.325347591643059 -10.299738833460157 -10.209001628540499 -10.161261844767438 -10.263696877499038 -10.384785203228061
-0.48241588166487936 -3.2538526005698585 -5.487505397633933 -5.043936413305427 -4.615226831873171 -4.368307817788664 -3.953193009218936 -4.0050428406015985 -4.41794454661231 -4.7167133920794795 -4.973749446433774 -5.392658145104672 -5.969645597991004 -6.574138754110822 -7.042051866588505 -7.292132455757321 -7.294977873333199 -7.422073191722407 -7.567505645600606 -7.676896143517686 -7.682586978669441 -7.996215227032861 -8.06165983127805 -8.13469221572558 -8.281389299637503 -8.211834647782712 -7.9269767326865015 -7.721790509714869 -7.488466268492889 -7.358525532527803 -7.712938099478805 -8.520720533519668 -9.286137861430799 -9.712002025287177 -10.080957837625999 -10.38857909332923 -10.438531979661308 -10.493227228619848 -10.445487444846787 -10.480580928282613 -10.54887095010368 -10.640556627548634
-0.7334449433589878 -3.724611130623419 -5.279473757086422 -4.847602600569859 -4.289268440680948 -3.926951936019174 -3.475795171488327 -3.556731493646629 -3.9696331996573413 -4.650320315308997 -4.867204366092572 -5.017695340105664 -5.470749049687097 -6.0635443779949725 -6.674992999300269 -6.982614255003503 -7.28802240814772 -7.415117726536928 -7.50680340398188 -7.599753711460554 -7.608606121696619 -7.8517312456799555 -7.917175849925145 -7.9415199780743215 -8.092959424612706 -7.840033417868013 -7.553910872738078 -7.37907577057581 -7.214041551174897 -7.329122884243732 -7.886824729115782 -8.739185371845398 -9.30858504452939 -9.69524567734034 -10.03827657398783 -10.344633199657341 -10.631071902295705 -10.719912162164778 -10.70916280687813 -10.776504356173906 -10.842897432944387 -10.891585689242739
0.014583721588443233 -2.2440455186416695 -3.2940046041405786 -3.195363461510148 -3.1944149889848554 -3.114427139351846 -3.1308673297902514 -3.254801073095151 -4.0284384962254824 -4.755916923124907 -4.901349377003106 -4.946243743200289 -5.216874570417111 -5.714822646195726 -6.359467805886263 -6.820425453178467 -7.112238833460157 -7.27727305286107 -7.384766605727565 -7.5450584625020145 -7.5596017078898345 -7.5754095833113775 -7.6278917297109015 -7.6572943779949725 -7.633898722371088 -7.393619015963629 -7.101489478173508 -6.953211606719432 -6.935506786247303 -7.030354038776563 -7.8662744910677755 -8.837826514475829 -9.321231344866625 -9.72085443552324 -10.054716764426235 -10.331038426794812 -10.615264026874161 -10.857440678332207 -10.89854115442822 -11.001924659685113 -11.096771912214372 -11.193516109794217
0.033237014585864255 -2.495074580335778 -3.294953076665871 -2.756852997316536 -2.7793001804151274 -2.798901945937841 -2.8292530667472042 -3.3964396368721794 -4.353448414892413 -5.106535599974738 -5.23837328099041 -4.983550329195131 -5.108432545025323 -5.534296708881701 -6.036038674761487 -6.546949208385768 -6.8564674091395865 -7.057543584501618 -7.2089830310400025 -7.310469591246311 -7.3575770600025105 -7.232378686663887 -7.063550577161804 -7.22953326908801 -7.272530690234607 -6.921912013384776 -6.546949208385768 -6.496996322053691 -6.6250401129681915 -6.932661368671425 -7.880817736455595 -8.977568133202272 -9.55676868864762 -9.838781186167953 -10.02657874617589 -10.292151053257816 -10.59977230896105 -10.853646788231035 -11.09171339207948 -11.171068926695625 -11.151467161172913 -11.331044625961646
-0.19534486400965223 -2.950341392476226 -3.7382059034859463 -2.833995429373667 -2.4884352726587298 -2.566526177241154 -2.9591938027122904 -3.820406855677972 -4.658224253019769 -5.07808142421596 -5.155223856273092 -5.051840351016198 -5.085036889401439 -5.451147284164383 -5.868159037784697 -6.301927139351846 -6.575403384144545 -6.724629728123915 -6.84666652637823 -6.982614255003503 -7.114451936019174 -6.867216764426236 -6.632944050678963 -6.765730204219928 -6.672779896741253 -6.210873776923757 -5.889657748357996 -6.054691967758908 -6.499209424612706 -6.913059603148712 -7.648441967758908 -8.616200101065791 -9.438525780494476 -9.852692116538911 -10.043018936614294 -10.251999049687097 -10.496072646195726 -10.712008224454006 -11.008880124870593 -11.2343004283818 -11.384791402394892 -11.752166427191561
-0.26268641330542675 -1.9550775559358573 -2.4005434853149485 -2.3037992877351035 -2.9073439713296283 -3.190621098883685 -3.5548345485960438 -4.229514671587514 -4.755916923124907 -5.040142523204256 -5.224778508127883 -5.244064116142166 -5.163127793983863 -5.380960317292731 -5.754026177241153 -6.098637861430799 -6.342711457939428 -6.428706300232624 -6.444514175654167 -6.360416278411556 -6.247231890393306 -6.111284161768033 -6.174831820962638 -5.974704118125899 -5.612387613464126 -5.28611306476347 -5.440397928877734 -5.962057817788664 -6.624091640442899 -7.1191942986456365 -7.6727860959080845 -8.269691471825562 -9.007919254011636 -9.548864750936849 -9.91023278307333 -10.234294229214967 -10.512828994142563 -10.856492205806912 -11.222602600569857 -11.770503562680549 -12.325359989976722 -12.754069571408976
-0.7030938225496246 -1.8564364133054267 -2.2510009838271485 -2.339841243696222 -3.082179073491898 -3.7002670024742423 -3.9999843204667043 -4.295907748357996 -4.715764919554187 -4.988292691821594 -5.177671039371683 -5.236476335939825 -5.302869412710306 -5.379063372242145 -5.539039071508164 -5.8321170818235775 -5.939610634690073 -5.952256935027307 -5.8096698987249855 -5.691426990571841 -5.50489406059763 -5.400562082815444 -5.369262489480789 -5.152378438697214 -4.961103146096539 -4.85550653828063 -5.0537372960667835 -5.735372884243732 -6.4306032452832085 -7.022450101065791 -7.490363213543475 -7.917175849925145 -8.344936958832108 -9.008867726536927 -9.709156607711298 -10.127116833856904 -10.50113116633062 -10.900438099478805 -11.229558065755338 -11.735410079244723 -12.155267250440914 -12.505885927290745
-2.438482386326653 -2.7919464807523617 -3.295901549191164 -3.3439574904726554 -3.4824344791653754 -3.9756401923175275 -4.270615147683526 -4.550730700153274 -4.765717805886264 -5.002835937209413 -5.171980204219928 -5.230469343279638 -5.334169006044963 -5.336065951095548 -5.509004108207232 -5.7638270600025105 -5.855512737447462 -5.668031334947958 -5.474542939788267 -5.189368867183625 -4.963948563672417 -4.7568653956502 -4.665179718205248 -4.612381414297293 -4.524489626953512 -4.430590846949545 -4.845705655519273 -5.603535203228061 -6.180838813622824 -6.666140589064205 -7.1182458261203445 -7.497950993745815 -7.7470831103893385 -8.374023449607748 -9.113199704319115 -9.758793336534945 -10.166952679919193 -10.513777466667854 -10.763858055836671 -11.060729956253255 -11.137872388310385 -11.338000091147123
-4.362300825128478 -4.52733504452939 -4.3945488909884265 -4.092934627945379 -3.9854410750788842 -4.223823836435757 -4.478646788231036 -4.714816447028895 -4.928855080236591 -5.017695340105664 -5.166921684085034 -5.214029152841233 -5.2851645922381785 -5.33322053351967 -5.503945588072337 -5.735372884243732 -5.826110089163391 -5.638628686663887 -5.214977625366526 -4.8849091865647 -4.55294380271229 -4.3281558142179435 -4.229514671587514 -4.247219492059642 -4.147629876903919 -4.196318133202272 -4.612381414297293 -5.275363709476821 -5.792913550778151 -6.214983824533357 -6.689536244688089 -7.075248404973746 -7.064499049687097 -7.60544454661231 -8.068299138955098 -8.71389277117093 -9.278233923720027 -9.631065703128874 -9.741404673571246 -9.814437058018777 -9.598817637268926 -9.28329244385492
-5.7198811663306195 -5.142577555935857 -4.711022556927723 -4.26460815502334 -4.230463144112806 -4.452089557522844 -4.674980600966605 -4.910201787239171 -5.058795816201677 -5.147636076070751 -5.178619511896976 -5.206125215130461 -5.24216717109158 -5.318361130623419 -5.467903632111219 -5.5997413131268905 -5.689530045521257 -5.5175403609348646 -5.094837772162796 -4.695530839014611 -4.3202518765071725 -4.107477873333199 -4.043930214138594 -4.054679569425244 -3.979434082418698 -4.02749002370019 -4.122021118721019 -4.781209523799376 -5.173877149270513 -5.658230452186601 -6.1084387441921555 -6.439455655519273 -6.418905417471267 -6.631995578153671 -7.092953225445875 -7.486253165933873 -8.051858948516694 -8.266529896741252 -8.33102602846115 -8.147654673571246 -7.658242850520264 -7.143538426794813
-5.526392771170929 -4.9190541974752335 -4.5301804621052675 -4.321200349032464 -4.380954118125899 -4.57823640338676 -4.832110882656746 -5.041090995729549 -5.189368867183625 -5.230469343279638 -5.2333147608555155 -5.1798841419307 -5.196324332369104 -5.240270226040995 -5.36230702429531 -5.477704514872576 -5.503945588072337 -5.331955903485946 -5.006945984819016 -4.6348285973958845 -4.225720781486343 -4.032232386326653 -4.018637613464126 -4.081236800133437 -4.034129331377238 -4.104632455757321 -4.199163550778151 -4.112220235959662 -4.467897432944387 -4.869101311143157 -5.264614354190172 -5.606380620803939 -5.754026177241153 -5.895664741018182 -5.901355576169937 -6.2959201466916594 -6.687639299637503 -6.85077657398783 -6.786280442267934 -6.491305486901935 -5.872269085394297 -4.920951142525819
-4.963000091147125 -4.778364106223498 -4.528283517054683 -4.520695736852342 -4.573177883251866 -4.708177139351847 -4.9933512119564885 -5.164076266509156 -5.253864998903522 -5.294965474999534 -5.219719987992988 -5.127085838022745 -5.092940827112211 -5.126137365497452 -5.266511299240757 -5.359461606719432 -5.385702679919193 -5.316464185572833 -5.00504903976843 -4.609535996721416 -4.197266605727565 -4.07143591737208 -4.079023697574421 -4.153320712055675 -4.293062330782118 -4.389806528361963 -4.292113858256825 -4.150475294479797 -3.853603394063213 -3.9854410750788842 -4.371153235364542 -5.01959228515625 -5.236476335939825 -5.231417815804931 -5.2178230429424035 -5.349660723958075 -5.685736155420086 -5.714822646195726 -5.648429569425244 -5.253864998903522 -4.455251132607152 -3.2402578277073313
-4.971852501383189 -4.7540199780743215 -4.591831176249287 -4.5292319895799755 -4.645577952682535 -4.825155417471267 -5.050891878490906 -5.2333147608555155 -5.344918361331612 -5.325316595808898 -5.198221277419689 -5.055634241117369 -4.984498801720424 -5.029393167917607 -5.151429966171921 -5.22762392570376 -5.298759365100706 -5.29686242005012 -5.148584548596044 -4.752123033023736 -4.333214334352838 -4.188414195491501 -4.098625463097134 -4.244057916975334 -4.576339458336174 -4.775518688647621 -4.550730700153274 -3.9825956575030066 -3.569377793983864 -3.515631017550616 -3.9835441300282994 -4.9709040288578965 -5.2178230429424035 -5.142577555935857 -5.018643812630957 -5.048994933440321 -5.0606927612522625 -5.101477079839844 -4.9269581351860054 -4.337008224454008 -3.4356431679176067 -2.0138828525039987
-4.868152838617865 -4.684781483727962 -4.7091256118771385 -4.717978022113202 -4.704067091742244 -4.861513530940817 -5.004100567243137 -5.204228270079876 -5.311721822946371 -5.247225691226474 -5.100528607314551 -4.927906607711298 -4.8292654650808675 -4.937707490472656 -5.062589706302848 -5.171980204219928 -5.2178230429424035 -5.231417815804931 -5.1953758598438124 -5.022437702732128 -4.6718190258822965 -4.305708631119352 -4.258917319871584 -4.617123776923757 -5.12518889297216 -5.214029152841233 -4.666128190730541 -3.9493991191177655 -3.666121991563709 -3.7296696507583134 -4.373050180415127 -5.380960317292731 -5.5399875440334565 -5.328162013384776 -5.027496222867022 -4.741373677737087 -4.536187454765455 -4.391703473412548 -4.111271763434369 -3.7568591964833677 -2.938643564664284 -1.9414827830733299
-4.842860237943395 -4.609535996721416 -4.405298246275075 -4.506784806481384 -4.650320315308997 -4.883960714039408 -5.112226435126494 -5.277260654527407 -5.2823191746623 -5.178619511896976 -5.0537372960667835 -4.835904772757916 -4.7540199780743215 -4.854558065755338 -4.928855080236591 -5.021489230206836 -5.080294526774976 -5.152378438697214 -5.205176742605168 -5.207073687655754 -5.044884885830719 -4.660121198070354 -4.648423370258412 -4.996196629532365 -5.250071108802352 -5.304766357760892 -5.108432545025323 -4.762872388310386 -4.657275780494476 -4.725565802315543 -4.928855080236591 -5.020540757681543 -5.075236006640083 -4.890600021716456 -4.511843326616278 -4.143519829294318 -3.9111440605976306 -3.6525272187011817 -3.3720955087230027 -3.2216045347099103 -2.5244772286198485 -1.9405343105480375
