static/data/ASCData/20210124/ASCU/12.asc
ncols 97
nrows 97
xllcorner 99.0
yllcorner 2.0
cellsize 0.25
NODATA_value -32767
[rows 19 to 37 of 97, columns 0 to 41 of 97]
-0.32950919287823943 1.189023037543838 1.6714529297355583 1.2776555061092933 0.8998455847242663 0.5004385111887952 -0.040612222554127886 -0.37466687464734827 0.9663199361483574 1.0785129343324789 0.7483850371757024 0.8872238724285522 1.4652982955722358 1.3531052973881144 0.9837098508668962 -0.6616004675032374 -0.3794350770701733 0.824676275940905 1.0111971354220062 0.13216499464941833 0.5697176875674899 1.0190506452948949 -0.35895985490157134 -1.0054720069375684 -0.8559748368572273 -0.9751798974278558 -2.326825043051053 -2.2466070493494064 -2.1324506736970634 -2.0541960574636393 -1.846358528327555 -1.4965968564885581 -1.2545404629063168 -1.4682681244470674 -1.735006977629815 -1.8042861540085096 -2.1792912504389337 -2.441822866189777 -2.067939699741194 -1.3442948614536139 -0.8032441277106903 -1.4654632994924643
-0.33652125526474697 1.2134250146488839 1.5912349360339118 0.8939554523195996 0.4564027594015281 0.2084562334146205 -0.23105983697167343 -0.7162945541179964 1.3587149472973206 1.3948971892117 1.0686960469913682 1.285509015982182 1.8725588789805947 1.4877368952090597 0.478841359038352 -0.9527412977910314 -0.15196377325186816 1.1107684213104134 1.6565873574761616 1.0571962646774953 1.0513061322728294 1.1382557058655234 -0.5855897112334958 -1.7846523793262885 -1.7114464480111495 -1.262113490283745 -1.7779207994352413 -2.160779405738554 -2.488943925427108 -2.469310150744887 -2.3402882028331478 -2.039610967699703 -2.196961647652933 -2.4146160641301275 -2.6294656556527194 -2.5932834137383405 -2.8392665622570257 -2.899850781276451 -2.550369591932914 -1.959392973998057 -1.1625422043953377 -1.660679116332835
-0.3881300344294427 0.9340644491704229 1.1548041730976806 -0.13345192855148813 -0.6470153777393017 -0.2964122584139237 -0.23779141686272043 -0.06894095459561855 2.0248608740155394 1.3988239441481438 1.0911346466281922 1.507370669891281 1.9261310356135128 1.307947615619006 0.12347003729014894 -1.022020474169726 -0.45376293836715353 1.5794546712245792 1.6714529297355583 1.1517188656476174 1.6557459099897809 1.5247605846098198 -0.49275000523613555 -2.016050438081038 -1.7692258420759719 -1.445829524810243 -1.0943849579984843 -1.512303876234335 -2.237912091990137 -2.3882507095568593 -2.656672457712369 -3.099273835548726 -3.38143922598179 -3.360964003813188 -3.1803332767367536 -2.949776665468385 -3.1264806376083754 -3.3130014970894766 -3.163504327009135 -2.5416746345736447 -1.7066782455883245 -1.8999306849604727
-0.024063755321970248 0.6948128805427851 0.563827555162824 -0.721343239036282 -1.2867959498842518 -0.9799480998506809 -0.2515350591402754 0.3930137154274993 2.0335558313748088 1.718293506477429 1.2476438790950413 1.5735645388199124 1.7191349539638097 0.8746021601328389 -0.32670436792363633 -0.6119550658067641 -0.2212429496305628 1.3413250325787818 1.4585667156811883 1.1811695276709493 1.692769599390541 1.5491625617148665 -0.40692236162528284 -1.8755287078554266 -1.8940405525558064 -1.5611078304444272 -0.9917283646600135 -1.1235551375263557 -1.7992374690902242 -2.256423936690517 -2.7525974711597923 -3.306269917198429 -3.8131017864951957 -3.4955956016341334 -3.150041167227041 -3.1713578368820237 -3.318891629494143 -3.5270096411256873 -3.6128372847365395 -2.9839955299145418 -2.3579586000471466 -2.5885152113155154
0.24267509786077746 0.5512058428671098 0.30999089677125014 -0.9701312125095702 -1.5355839233575401 -0.9605948076639201 -0.22993790698983219 0.07747090803465939 1.5062487399094397 1.9516549427004 1.5735645388199124 1.7104399966045403 1.2134250146488839 0.3674898083406122 0.33551480385813726 0.05110555346139112 -0.2133894397576741 1.1508774181612367 1.3637636322156066 1.1965960649212661 1.7230617089002536 1.544394359292041 -0.414495389002711 -1.6040216522498536 -1.6236554269320749 -1.6040216522498536 -1.3092345495210758 -1.2565038403745392 -1.558022522994364 -2.167510985629601 -2.8883509989625784 -3.4420234450012157 -3.276819255175097 -2.957630175341273 -2.988763732337367 -3.124517260140153 -3.279904562625161 -3.546362933312448 -3.7194206330114548 -3.0504698813386333 -2.423311021489397 -3.235027363351512
0.17816412390490788 0.5649494851446653 0.27885733977515637 -0.9389976555134765 -0.8335362372204029 -0.25630326156310046 -0.4596530707718198 -0.26724207888605234 0.802237676304081 1.8032797026019 1.6234904230118463 1.4751151829133464 0.8510416305141737 0.50436526612524 0.47210977914730456 0.3470145861720102 -0.08072121940495114 1.3511419199198924 1.5979665159249592 1.2563388364543107 1.5042853624412178 1.1402190833337453 -0.024063755321970248 -1.2152729135418747 -1.3414900364990108 -1.354111748794724 -1.4261957501280218 -1.5386692308076033 -1.75828702475302 -2.2233270022262017 -2.792425985515155 -2.5629913042286274 -2.3969456669161286 -2.520918929909582 -2.616843943357006 -2.6998667620132553 -2.8833023140442933 -3.2465271456653846 -3.685201768565298 -2.9859589073827637 -1.9801486786621192 -2.793547915496996
0.04156914861574057 0.5960830421407586 0.4272325798736567 -0.5679193140194965 -0.2826686161363692 0.46425626927441677 0.17816412390490788 -0.6820756896718398 0.0600809933161206 1.6391974427576228 1.1929497924802819 0.9828684033805155 0.2836255421979814 0.12936016969481523 0.3587948509813428 0.22500470064677858 0.07186125812545319 1.5542112466331517 1.8638639216213253 1.2972892807915146 0.8490782530459509 -0.4585311407899786 -1.1255185149945777 -1.017252271746901 -1.1459937371631796 -1.2301384858012705 -1.1597373794407346 -1.5103404987661126 -2.113938828996684 -2.25922876164512 -2.110012074060239 -1.9077841948333611 -2.0121236831445937 -2.181254627907156 -2.2485704268176288 -2.2407169169447405 -2.215473492353313 -2.65779438769421 -3.326745139367031 -3.022141149297143 -1.6559109139100099 -0.8110976375835786
-0.4663846506628673 0.5346573756349526 0.9262109392975342 -0.03472209014946159 0.2017246535235735 0.9290157642521377 0.30802751930302774 -0.9126323009402082 -0.09025762425060169 1.289435770918626 0.8628218953235063 0.12655534474021213 -0.1830973302479615 -0.3325945003283026 -0.21058461480307145 0.30999089677125014 0.7368852548618303 1.3441298575333853 1.4546399607447444 0.9144306744882016 0.07073932814361195 -1.4135740378323085 -1.7759574219670191 -1.367855391072279 -1.1412255347403546 -0.8882303238351619 -1.0971897829530874 -1.218358220991938 -1.992770390957833 -1.9105890197879642 -1.8971258600058698 -2.145913833479158 -2.3756289972611455 -2.5924419662519593 -2.7105250968407466 -2.204534675030361 -1.663483941287438 -1.9176010821744718 -2.5747715690379605 -2.5200774824232015 -1.1459937371631796 -0.1558905281883125
-0.5659559365512745 0.7368852548618303 1.26503379381358 0.8577732104052203 0.9388326515932484 0.9761368234894681 -0.0035885331533682674 -1.2329433107558736 -0.5053717175318493 1.2776555061092933 0.30410076436658384 -0.7866956604785322 -0.8646697942164967 -0.9361928305588738 -0.7709886407327553 0.08644634788938887 0.9994168706126736 0.737726702348211 0.05615423837967626 0.526803865762064 0.6342286615233599 -0.6879658220765061 -1.6197286719956305 -1.9018940624286949 -1.8766506378372676 -1.6528256064599463 -1.6674106962238822 -1.6343137617595662 -2.063171497318369 -2.131328743715222 -2.302423065946007 -2.7054764119224615 -3.1118955478444397 -3.355915318894903 -3.3744271635952825 -2.921447933426894 -1.994733768426055 -1.202651201246161 -1.4186227227505936 -1.556059145526142 -0.6245767781024778 0.3060641418348058
-1.3257830167532338 0.2710038299022681 0.8754436076192196 0.9175159819382648 1.0989881565010808 1.139097153351904 0.1635790341409722 -1.1176650051216894 -0.15084184327002692 1.5640281339742623 0.08840972535761127 -1.2349066882240956 -1.7075196930747054 -1.7212633353522602 -1.2085413336508273 -0.03472209014946159 1.2397903692221526 0.8998455847242663 -0.8276461048157366 -0.6537469576303492 0.8255177234272857 0.8187861435362382 -0.1236350412103775 -1.0385689414018842 -1.6051435822316948 -2.031757457826815 -1.736970355098037 -2.3052278909006096 -2.636197235543767 -2.7290369415411266 -2.9957757947238743 -3.402755895636773 -3.783651124471864 -4.0043908483991215 -4.080682087164324 -4.006354225867344 -3.5738502178675575 -2.1010366342055096 -1.2506137079698725 -0.7252699939727263 -0.36484998730623763 -0.5014449625954049
-1.445829524810243 -0.41561731898455223 0.15292069931348085 0.334392873876296 0.7553970995622104 0.9144306744882016 0.5972049721225998 -0.0767944644685068 0.9517348463844222 1.7954261927290114 -0.004429980639748976 -1.3922573681773254 -1.6763861360786116 -1.5883146325040767 -1.2290165558194293 -0.2602300164995448 1.0647692920549234 0.8353346107683963 -0.9067421685355419 -1.0074353844057904 -0.29949756586398735 0.6547038836919619 0.9262109392975342 0.30802751930302774 -0.5581024266783858 -1.528010895980112 -2.070744524695797 -1.9896850835077695 -3.0737499284618384 -3.250453900601829 -3.5239243336756236 -3.9438066293796967 -4.344335632897009 -4.719340729327433 -4.946812033145738 -5.17147851200944 -5.117625872881062 -4.346299010365231 -3.2622341654111615 -1.9672464838709454 -0.9126323009402082 -0.8354996146886249
-1.475280186833575 -1.4360126374691324 -0.9342294530906514 -0.5883945361880984 -0.06305082219095226 0.678264413310627 0.4984751337205733 0.47603653408374935 1.2153883921171067 1.8304865046615495 -0.14803701831542382 -1.4009523255365948 -1.5083771212978907 -1.5835464300812516 -1.519035456125382 -0.4644212731946449 0.7152881027113871 0.8919920748513777 -0.07174577955022166 -0.8873888763487812 -0.5895164661699397 0.5464376404442852 1.1548041730976806 1.6089053332479102 0.806164431240525 -0.8618649692618936 -1.5709247177855379 -1.899089237474092 -3.287758072498049 -3.546362933312448 -3.693055278438186 -4.193997015330286 -4.914556546167804 -5.3608041964451445 -5.735809292875569 -5.988804503780761 -6.1764472932437045 -6.1988858928805275 -5.886147910442291 -4.9389585232728495 -3.4986809090841966 -2.293447626091277
-1.1286038224446413 -1.8511267307503803 -1.6842396459515 -1.3316731491579001 -0.8453165020297355 -0.10315981904177551 0.6586306386284058 0.8538464554687764 1.4897002726772817 1.6117101582025137 -0.3578379249197301 -1.2250898008829854 -1.4898652765975107 -1.5072551913160495 -1.445829524810243 -1.4135740378323085 -0.31408265562792304 0.9769782709758488 0.7514703446257665 -0.31800941056436693 -0.5123837799183568 0.2466018527972218 0.8950773823014408 1.355910122342718 1.6770625796447645 0.3206492315987415 -0.7123677991815525 -1.6578742913782318 -2.62077069829345 -3.024104526765365 -3.306269917198429 -4.303385188559805 -5.029834851801987 -5.865672688273689 -6.2378729597495095 -6.416540309357723 -6.732924564236944 -6.877373049398999 -7.314084294830691 -6.799398915661035 -6.750594961450943 -5.554337118312753
-0.6607590200168567 -1.6929346033107695 -1.6323503842913443 -1.4175007927687524 -0.9311441456405882 -0.32670436792363633 0.4359275372329261 1.1477921107111735 1.4916636501455045 1.4164943413621431 -0.39205678936588706 -1.2250898008829854 -1.6929346033107695 -1.7173365804158158 -1.8404683959228887 -1.8012008465584464 -1.0436176263201693 0.44097622215121124 0.9545396713390248 0.1489939443770365 -0.21647474720773774 -0.3463381426058576 0.3001740094301395 1.333471522705894 1.6585507349443844 1.4310794311260793 0.7475435896893217 -1.1675908893136233 -1.7055563156064832 -2.2163149398396937 -3.1284440150765973 -4.125559286437973 -5.19868531406909 -6.035645080522633 -6.551452389674129 -6.625499768475648 -6.8981287540630625 -7.02602877199296 -7.365693073995386 -7.443947690228811 -7.395985183505099 -7.287718940257422
-0.3696181897290627 -1.2915641523070769 -1.6051435822316948 -1.4135740378323085 -1.1098114952488007 -0.5053717175318493 0.6653622185194532 1.5609428265241991 1.372458589574876 1.5415895343374384 -0.1657074155294227 -1.5425959857440477 -1.9790267486802782 -2.1576940982884905 -2.2808259137955638 -1.9995019708488802 -1.4233909251734191 -0.10512319650999746 0.6176801942912018 0.18601763377779656 -0.4215074513892185 -0.5463221618690532 -0.05996551474088907 0.9741734460212461 2.0248608740155394 1.8938755486355783 1.8041211500882808 -0.5482855393372752 -1.31316130445752 -1.6354356917414075 -2.673501407439987 -4.136217621265464 -5.211587508860264 -6.179252118198307 -6.815947382893194 -6.807252425533925 -6.877373049398999 -6.986761222628518 -7.0150899546700085 -7.020138639588294 -6.82183751529786 -6.713290789554723
-0.18506070771618388 -1.3998303955547535 -1.9164791521926305 -2.071866454677638 -1.736970355098037 -1.1098114952488007 0.06484919573894565 1.6506972250714957 1.8949974786174186 2.020092671592714 0.19471259113706596 -1.6772275835649926 -2.253338629240454 -2.220241694776138 -2.106926766610176 -2.0014653483171023 -1.3600018811993908 -0.22909645950345103 0.25641874013833243 -0.04930717991339728 -0.6635638449714598 -0.799317372774246 -0.24564492673560911 0.7778356991990343 1.7659755307056804 2.3432085063629824 2.0492628511205853 0.39974529531854675 -1.328587841707837 -1.168432336800004 -1.8550534856868244 -3.5141074463345134 -5.186063601773376 -6.160740273497927 -6.892238621658396 -7.022943464542896 -6.912713843826998 -6.773875008574148 -6.854093002275794 -6.667572142794693 -6.375589865020519 -6.138301673861102
0.10299481512154696 -1.4214275477051967 -2.1010366342055096 -2.194998270184711 -1.9781853011938972 -1.4017937730229755 -0.36484998730623763 1.1996813723713293 2.055152983525252 2.4711085242928803 0.5052067136116207 -1.4135740378323085 -2.0093188581899906 -2.365812109920035 -2.0971098792690652 -1.3238196392850115 -0.5707241389740996 0.0014601517649173168 0.22023649822395308 -0.26808352637243305 -0.40692236162528284 -0.6411252453346354 -0.6069063808884785 0.40367205025499064 1.5825399786746424 2.112651895094614 2.4907422989751016 1.9564231451232255 -0.7709886407327553 -1.5543762505533802 -1.534742475871159 -2.386287332088637 -4.231020704731046 -6.075754077373455 -6.944969330804932 -7.116624618026638 -7.078759481139497 -6.743582899064435 -6.557062039583334 -6.343334378042584 -6.192995760475862 -6.0914610971192324
0.6087047544364719 -1.0511906536975975 -1.1322500948856251 -1.6390819641823917 -1.8393464659410474 -1.8169078663042233 -0.9174005033630332 1.0628059145867015 1.486895447722679 1.8568518592348182 1.4877368952090597 -0.355033099965127 -2.031757457826815 -2.533821124700756 -2.1324506736970634 -1.4859385216610663 -0.9000105886444945 -0.2748151062634805 0.07270270561183434 0.20452947847817615 0.3470145861720102 0.30129593941198074 -0.21451136973951535 -0.19684097252551647 0.7200563051342126 1.6431241976940676 2.103115490248963 2.4057561028506296 -0.018173622917303955 -1.2018097537597798 -1.3608433286857715 -1.4693900544289087 -2.8344983598342006 -5.287598265130006 -7.105124835712765 -7.231061476174441 -7.074832726203052 -6.740778074109832 -6.540513572351177 -6.285554983977761 -5.971134106566763 -5.696822226006587
0.4662196467426387 -1.1196283825899114 0.011277039106027953 -0.6049430034202565 -1.388330613240881 -1.8951624825376476 -1.019215649215123 1.3208498104101798 1.82179154730228 1.6655627973308915 1.477920007867949 0.4106841126414986 -1.2758571325613 -2.270167578968072 -2.625538900716275 -2.365812109920035 -1.7484701374119094 -1.0161303417650598 -0.5844677812516546 0.3714165632770561 1.316923055473736 1.5121388723141065 0.7503484146439252 -0.12167166374215554 0.0247401988881224 0.7329584999253864 1.2807408135593565 2.112651895094614 0.8675900977463309 -0.9720945899777922 -1.4887433466156694 -1.4674266769606863 -1.9105890197879642 -3.5688015329492724 -5.617726162286782 -6.635316655816759 -7.346339781808625 -6.800240363147417 -6.279945334068556 -6.132411541456436 -5.8805382605330845 -5.616884714800401
