static/data/ASCData/20210124/ASCU/15.asc
ncols 97
nrows 97
xllcorner 99.0
yllcorner 2.0
cellsize 0.25
NODATA_value -32767
[rows 76 to 94 of 97, columns 43 to 85 of 97]
-5.014893726265462 -4.765773441685555 -4.433713595048174 -4.114622479932508 -3.7053534409798043 -3.3078467399188884 -3.052091290374384 -2.7257618134791555 -2.439544924778997 -2.0764204421709977 -1.7286774783445669 -1.6388011529150122 -1.5833070459383745 -1.5284161357767003 -1.4328094406049927 -1.2678351117124884 -1.0452554869909738 -0.78256327407439 -0.41823239783646393 0.2253786037295411 0.659077113688264 1.05839340519407 1.5008382689697637 1.9031705445503873 2.164957962244526 2.3211859373200605 2.2702158064556484 2.3531553685131232 2.1550052147976286 3.3083175250077526 3.672648401245678 3.697982667474143 3.283888054001732 2.636356273138465 2.182450669878466 1.741815396547663 1.2731314713210597 0.8249562378032138 0.4488630236735007 0.4802292580516001 0.5553272615145497 0.43830707941163993 0.3279220622733279
-4.7268672471204125 -4.456333475609304 -4.1574494537949125 -3.8175480485630064 -3.4474868025829277 -3.138046836506676 -2.884100977407062 -2.77371596026875 -2.4923246460882993 -2.1418672965945325 -1.8761590996031312 -1.8761590996031312 -1.8975725865343338 -1.8429832747801413 -1.7277726831221216 -1.560687165377245 -1.2961853620157706 -1.0313819602468146 -0.6486535811525034 -0.028567255370072875 0.5094843035773278 1.0846324666449805 1.496012694450056 1.8817570576191844 2.1296709485691636 1.956855061082134 1.897138576400753 1.6257000096671987 1.336768735299704 2.022301915505669 2.6921519785225847 3.1542007387845894 3.462735909638396 2.806457774958159 2.1785298905812036 1.7391010108803275 1.289719383732555 0.8279722218780314 0.46364134564010495 0.3776857995078129 0.5339137745833473 0.5857887006702045 0.4772132739767829
-4.466889419871165 -4.165291012389438 -3.8851060918389133 -3.5442998913845623 -3.274670915095898 -2.991470010470557 -2.8470043732868096 -2.7366193561484975 -2.593058514187196 -2.2444107551383197 -2.0803412214682604 -2.072499662873735 -2.1457880758917947 -2.0999451179545723 -1.9651306298102407 -1.6955016535215768 -1.4297934565301755 -1.1155279159342162 -0.7276723639127156 -0.11452280150236493 0.5360249634357195 1.0846324666449805 1.4314706352489663 1.8063574557487527 1.5671899186157434 1.3934692359062684 1.0212968010738184 0.7371911012260313 0.7088408509227486 0.8991494460437188 1.36391259197306 2.128766153346719 2.64419783173299 2.777202729432431 2.148068451425549 1.6980836274628128 1.275242660173432 0.8053523413169019 0.47148290423463024 0.29173025337552083 0.4645461408625504 0.5438665220302443 0.5399457427329821
-4.21113397032666 -3.9016940042504085 -3.603714777658462 -3.3772143736396854 -3.159460323437879 -2.9818188614311416 -2.8361468306174675 -2.82257490228079 -2.6916811934337206 -2.457339230820419 -2.3029208461897746 -2.264014651624632 -2.308952814339409 -2.2344580076914227 -1.9512571030660812 -1.6758977570352647 -1.3206148330217906 -1.0069524892407946 -0.6028106232152806 0.017275702567149498 0.648219571018922 1.0418054927825757 1.3883420629790795 1.374770134642402 1.0448214768573925 0.47238769945707526 0.010640537602551348 0.15028060026659107 0.4177983877028826 1.083727671422535 0.941071624683679 1.3084184849964222 2.0612081100708117 2.3190747484676884 1.9469023136352375 1.423629076654441 1.2634803222816444 0.841544150214709 0.38854334217715536 0.10534243755181372 0.2751423409640261 0.5447713172526898 0.5308977905085301
-3.965934465044016 -3.711083810721957 -3.415215772982383 -3.2698453405761905 -3.049980101522012 -2.8967681105212946 -2.9112448340804176 -2.94834143820067 -2.8596715064010425 -2.637091881679528 -2.5345484231357407 -2.480562308196512 -2.3780188496527246 -2.16237598830329 -1.8634919664888987 -1.4192375122683152 -1.002126914721087 -0.629049684666191 -0.21405027597133497 0.23623614639888313 0.7000944971057788 1.033059138965605 1.340689514596967 1.0427102880050203 0.37587620906292285 -0.1721280973313748 -0.22279662978830483 0.06824583343156121 0.718491999962164 1.3533566477111991 1.0309479501132328 0.9820890081011937 1.5925241848442084 1.8202309824929124 1.5418556523872784 1.2975609423270793 1.201049451932927 0.8358137804725558 0.2166322499125708 -0.18389043522316229 -0.050885537523720714 0.309222961009461 0.5203418462466698
-3.7590379575115516 -3.5412839073097446 -3.3174978889583033 -3.1564443393630612 -2.994485994545374 -2.9522622174979323 -2.9718661139842446 -2.967040539464537 -2.874148229960165 -2.7532072685599926 -2.738428946593388 -2.621408764490478 -2.3050320350421467 -1.985639321518998 -1.5118282233652052 -0.9671414994532066 -0.5237918404550683 -0.20228793807954748 0.0700554238764517 0.3728602249881052 0.6578707200583374 0.9489131832782034 1.0632189797137777 0.5016427449828029 -0.0599334897481727 -0.3401184102986967 -0.2589884386861123 0.30258779604486286 0.888593501781858 1.0535678306743623 0.8551160785513865 0.7751925005687292 1.0007881093650601 0.9537387577979111 0.8240514425807683 0.9392620342387881 1.2116053961947877 0.9908353619181636 0.07699218724853152 -0.5569676652780582 -0.36243669245234456 0.11408879136878358 0.4811340532740451
-3.5880316604694125 -3.389881506753918 -3.227621563528749 -3.1262844986148886 -3.0050419388072345 -2.9377854939388097 -2.940801478013627 -3.003232348362344 -2.9962955849902646 -2.8684178602180124 -2.771604771416378 -2.5061981728324585 -2.028466295381403 -1.5833070459383745 -1.0090636780931668 -0.46618654462605846 -0.1437778470280926 0.020291686641966677 0.1412326480421391 0.259459223774976 0.5203418462466698 0.7371911012260313 0.5194370510242248 -0.12628513939415242 -0.19444637948502264 0.12193034996330887 0.1882819996092886 0.12766071970546156 0.4832452421264173 0.5155162717269621 0.8982446508212734 0.6268060840877192 0.4859596277937528 0.48234044690397226 0.8689896052955461 1.1892871140411394 0.9890257714732735 1.1609368637378576 0.11589838181367407 -0.7560226142159978 -0.5072039280435732 -0.02072569677554803 0.4374022841891949
-3.417326961834755 -3.306941944696443 -3.1790642199241907 -3.1808738103690812 -3.1935409434833137 -3.119347735242809 -3.042138542927487 -3.0128834974017593 -2.85575072710378 -2.6702677065025178 -2.511023747352166 -2.1153266367361407 -1.5344481039263347 -1.0217308112073993 -0.5352525799393741 -0.1866048208904978 0.019386891419521657 -0.001121800289235697 0.05346751146495654 0.19793314864870393 0.3933689166968626 0.17863085056987327 -0.0726006228624052 -0.22671740908556748 0.20577470724322877 0.5936302592647298 0.3737650202105507 -0.1594609642171423 -0.26984598135545435 0.15691576523118922 0.4684669201598126 0.30047660719249114 0.37587620906292285 0.6207741159380848 0.8590368578486487 0.8337025916201837 0.7332703219287691 0.6307268633849814 -0.1437778470280926 -0.8145327052674531 -0.5334429894944837 -0.053901521598537894 0.41870318292532804
-3.431803685393878 -3.3078467399188884 -3.2764805055407886 -3.306037149473998 -3.3078467399188884 -3.2013825020778386 -3.0822511311225567 -2.8331308465426503 -2.6153767963408434 -2.2854281385558344 -2.035403058753483 -1.5618935590071719 -1.0823520911112263 -0.6377960384831609 -0.3916917379780722 -0.11361800627991991 -0.04817115185638521 -0.046964758226458514 -0.024646476072810675 0.11197760251641187 0.008529348750179633 -0.6739878473809684 -0.7062588769815132 -0.20530392215436466 0.33576362086785316 0.7576997929347886 0.44132306348645756 -0.4456778529173011 -0.5871275060262309 -0.14468264225053762 0.15902695408356093 -0.025551271295255695 0.16867810312297626 0.4802292580516001 0.926594901124556 0.9998833141426156 0.3218900941236935 -0.22581261386312246 -0.6019058279928355 -0.9698558851205421 -0.7533082285486623 -0.2921642635091022 0.23985532728866366
-3.5901428493217846 -3.4025486398681504 -3.3880719163090274 -3.3702776102676055 -3.320513873033121 -3.1917313530384233 -2.9278327464919123 -2.6672517224277006 -2.231743622024087 -1.875254304380686 -1.5070026488454977 -1.0500810615106815 -0.6818294059754932 -0.4894096220021513 -0.28824348421183954 -0.2677347925030822 -0.21012949667407232 -0.21706626004615215 -0.18871600974286995 -0.18781121452042449 -0.5608884445753208 -1.173133211763226 -0.7961352024110675 -0.32141930903482985 0.4090520338859127 0.8249562378032138 0.34058919538756083 -0.5421893433114535 -0.6975125231645429 -0.5862227108037859 0.03687959905346183 -0.03037684581496336 0.07488099839615936 0.550501686994842 0.9872161810283826 0.5474857029200253 -0.27165557180034483 -1.0470650774358643 -1.1888163289522757 -1.3616322164393053 -1.076320122961592 -0.6163825515519585 0.11016801207152138
-3.721941353391299 -3.5198704203785423 -3.431803685393878 -3.300005181324363 -3.1926361482608687 -2.9278327464919123 -2.6672517224277006 -2.3382078598651366 -1.9036045546839684 -1.4572389116110127 -1.0401283140637845 -0.6643366983415531 -0.45231301788189926 -0.36364308608227125 -0.36153189722989953 -0.34705517367077654 -0.41431161853920173 -0.4230579723561716 -0.33619763100143407 -0.37419903034413204 -0.7756265107023101 -1.0500810615106815 -0.6076361977349882 -0.4357251054704041 0.2995718119700457 0.8602432514785763 0.3894481373996004 -0.3916917379780722 -0.5382685640141913 -0.43180432617314146 0.4021152705138329 0.40995682910835773 -0.08617255119908274 0.35717710779905554 0.40995682910835773 -0.026456066517700716 -1.0793361070364091 -1.8282049528135367 -1.747376579608434 -1.766980476094746 -1.5148442074400226 -1.050985856733127 -0.3174985297375672
-3.7864834125923887 -3.560887803796057 -3.3702776102676055 -3.1419676158039387 -2.8880217567043247 -2.602709663226611 -2.2941744923728047 -1.9651306298102407 -1.5401784736684876 -1.0950192242254588 -0.7044492865366228 -0.4387410895452213 -0.32262570266475654 -0.3675638653795339 -0.37902460486383927 -0.4505034274370088 -0.518664667527879 -0.36545267652716174 -0.23847974697735497 -0.30965697114304236 -0.5657140190950285 -0.604620213660171 -0.3449439848184044 -0.30875217592059734 0.14515342733940173 0.7058248668479319 0.7215079840369816 0.0006877901556543442 -0.04907594707883023 0.23623614639888313 0.9977721252902434 0.9763586383590406 0.23623614639888313 -0.822374263861978 -0.7698961409601575 -0.8751539851712802 -1.909334924426121 -2.3927971716193293 -2.19555181312628 -2.18680545930931 -1.9983064546332305 -1.5169553962923947 -0.7249579782453801
-3.7346084865055316 -3.5081080824867548 -3.1983665180030214 -2.8596715064010425 -2.5743594129233287 -2.1886150497542003 -1.8683175410086064 -1.5335433087038897 -1.1037655780424291 -0.7873888485940976 -0.45623379717916146 -0.348864764115667 -0.31086336477296905 -0.3684686606019789 -0.43964588476766675 -0.504187943968756 -0.4876000315572613 -0.3021170109559992 0.041705173573169496 -0.040329593261860364 -0.25416286416640466 -0.29125946828665716 -0.24059093582972668 -0.21224068552644448 0.21361626583775362 0.5348185698057928 0.5652800089614471 0.5640736153315205 0.6207741159380848 0.8484809135867888 1.497822284894946 1.3524518524887537 -0.4103908392419391 -1.654484270104062 -2.072499662873735 -2.1475976663366856 -2.455228041968047 -2.763763212821853 -2.516754117094319 -2.552945925992126 -2.3370014662352094 -1.6789137411100818 -0.9348704698526618
-3.5304263646404026 -3.2520510345347686 -2.9260231560470222 -2.5176589123167643 -2.1310097539251904 -1.7015336216712114 -1.3381075406557308 -1.028667574579479 -0.783468069296835 -0.518664667527879 -0.39078694275562675 -0.32262570266475654 -0.3576111179326369 -0.5343477847169287 -0.5491261066835333 -0.503283148746311 -0.49333040129941397 -0.27165557180034483 0.16867810312297626 0.3719554297656602 0.07699218724853152 -0.3401184102986967 -0.21887585049104263 0.009434143972624653 0.4645461408625504 0.6500291614638121 0.5963446449320653 0.8083683253917187 1.1374121879542827 1.3817068980144818 1.9420767391155298 1.8190245888629857 -0.36635747174960676 -2.258887478697442 -2.734508167296126 -2.6331711023822653 -2.77371596026875 -2.8439883892119924 -2.6603149590556208 -2.738428946593388 -2.399733934991409 -1.729582273567012 -1.1858003448774586
-3.185699384888789 -2.8382580194698397 -2.4796575129740663 -2.0969291338797555 -1.6945968582991318 -1.2901533938661363 -0.9415056348172599 -0.708370065833885 -0.5452053273862711 -0.4387410895452213 -0.3702782510468694 -0.3947077220528894 -0.5470149178311612 -0.5871275060262309 -0.44266186884248393 -0.518664667527879 -0.6691622728612607 -0.35972230678500905 0.45972056634284275 0.8786407543349615 0.5915190704123576 -0.05299672637609287 -0.15734977536477013 -0.12628513939415242 0.1882819996092886 0.42443355266748073 0.5731215675559715 0.8973398555988279 1.2459876146477047 1.5711106979130056 2.1697835367642337 2.1257501692719014 -0.26984598135545435 -2.2103301350928843 -2.555057114844498 -2.430798570962027 -2.840972405137175 -2.941706273236072 -2.5568667052893885 -2.4298937757395818 -2.2833169497034627 -1.9494475126211908 -1.3887760731126608
-2.908530448413082 -2.426877791664764 -2.028466295381403 -1.6505634908067996 -1.2102298158834786 -0.8899323071378848 -0.6673526824163702 -0.5569676652780582 -0.5237918404550683 -0.554856476425686 -0.46226576532879626 -0.527712619752331 -0.5958738598432012 -0.38807255708829125 -0.28432270491457734 -0.4073748551671219 -0.5352525799393741 -0.3021170109559992 0.26428479829468365 0.6804906006194669 0.8327977963977391 0.6629978929855262 -0.0599334897481727 -0.3301656628517997 -0.39380292683044393 -0.2620044227609295 0.18345642508958093 0.7546838088599719 1.076790908050456 1.2390508512756249 1.702004406760075 1.702004406760075 -0.25717884824122184 -1.9895601008162604 -2.349970197756924 -2.2269180475043795 -2.535453218358186 -2.6009000727817204 -2.3294615060481663 -2.034498263531038 -1.9717657947748386 -1.8791750836779484 -1.476842808097325
-2.493531039718226 -1.9943856753359681 -1.5715447080465872 -1.2102298158834786 -0.9035042354745624 -0.6516695652273206 -0.5617932397977659 -0.4993623694490483 -0.4894096220021513 -0.4776472841103643 -0.34705517367077654 -0.4239627675786166 -0.3458487800408494 -0.0909981257187904 -0.0071537684388705 0.017275702567149498 -0.015900122255840365 -0.07742619738211287 0.020291686641966677 0.09931046940217936 0.512500287652145 0.4666573297149226 0.13248629422516922 -0.18177924637079013 -0.36062710200745407 -0.3392136150762517 -0.009868154106206006 0.6168533366408226 0.7411118805232935 0.792685208202669 0.9986769205126889 0.8258610330256593 -0.05691750567335507 -1.113416727081844 -1.7238519038248592 -1.919287671873018 -2.09602433865731 -2.187710254531755 -1.9974016594107853 -1.5567663860799825 -1.50217707432579 -1.5226857660345474 -1.3703785702562756
-2.1837894752344926 -1.7531069493505866 -1.255167978598256 -0.9056154243269345 -0.6760990362333406 -0.5687300031698457 -0.42788354687587926 -0.2629092179833745 -0.2336541724576473 -0.4085812487970486 -0.4993623694490483 -0.5325381942720386 -0.31086336477296905 0.0555787003173287 0.10021526462462438 0.18526601553447142 0.4274495367422979 0.42262396222259024 0.04260996879561452 -0.23847974697735497 0.14032785281969407 0.6219805095680115 0.24498250021585344 -0.39380292683044393 -0.6468439907076129 -0.5753651681344438 -0.12236436009688978 0.538739349103055 0.6452035869441044 0.28298389955855097 0.33274763679303554 0.599360629006882 0.7721765164939116 -0.2589884386861123 -1.2412944518540963 -1.5510360163378298 -1.6526746796591716 -1.7443605955336166 -1.6065301233144675 -1.1155279159342162 -0.9134569829214594 -1.0030317099435324 -0.9963965449789343
-2.017910351119543 -1.4855891619142951 -1.076320122961592 -0.832327011308875 -0.589238694878603 -0.4815680634076265 -0.2677347925030822 -0.10366525883302291 -0.13503149321112273 -0.29608504280636483 -0.5237918404550683 -0.42697875165343424 -0.005042579586498341 0.2009491327235211 0.12675592448301654 -0.03942479803941534 0.21180667539286313 0.5143098780970354 0.16083654452845142 0.08181776176823918 0.4392118746340854 0.7821292639408091 0.3348588256454077 -0.31960971858993936 -0.604620213660171 -0.527712619752331 -0.09793488909087023 0.5339137745833473 0.49681717046309526 -0.11844358079962758 -0.0909981257187904 0.47148290423463024 0.7145712206649018 0.17742445693994657 -0.78256327407439 -1.1417669773851267 -1.2403896566316512 -1.2657239228601163 -1.1966578875468006 -0.7569274094384433 -0.1965575683373948 -0.21314548074888995 -0.5246966356775133
