static/data/ASCData/20210124/ASCU/18.asc
ncols 97
nrows 97
xllcorner 99.0
yllcorner 2.0
cellsize 0.25
NODATA_value -32767
[rows 76 to 94 of 97, columns 43 to 85 of 97]
-5.245200687650777 -5.057736690504301 -4.8585212189098375 -4.687845042403344 -4.434908544760935 -4.084322890395959 -3.8204743093375604 -3.3887475218793335 -3.038161867514357 -2.6310572169947717 -2.2032475876858735 -1.9670989106834473 -1.6828251478464034 -1.4718582018039514 -1.2424246530575185 -0.9494771828898165 -0.6310681847514741 -0.2678916649065104 0.36696775229551015 1.015537223020183 1.4665700042143905 1.6238159242088965 1.549669716382306 1.4665700042143905 1.6022715543875856 1.7704295577980806 1.8622029772966542 2.0437912372191356 1.8650009474033178 2.880664096122284 3.15318638451134 3.199912485292626 2.9637638082901994 2.5328764118639713 2.2127886316616303 1.91200684519527 1.6892884247048299 1.7077550274088118 1.7097136064834757 1.743848841784775 1.5135759020063428 1.090522821878773 0.4050201457461373
-4.969880429155057 -4.750239775781948 -4.566692936784801 -4.357684569817014 -4.123214674878586 -3.892661938089487 -3.63412950023375 -3.4729664220899146 -3.129095895980931 -2.883993714637181 -2.5675432955735027 -2.3389491378590685 -2.0890904073339898 -1.7843914627183 -1.3448303589614143 -1.053002076836378 -0.7776818183406582 -0.41422550148502824 0.07485967315980702 0.70104538303117 1.131652982446731 1.3767551637904818 1.3406613494145185 1.471326553395719 1.5944372380889265 1.4450256343930787 1.522249609337 1.3210755586678715 1.042677533054822 1.8650009474033178 2.3434538356428307 2.7477605160557523 3.191238777961968 2.759511990503741 2.3367387073868375 2.0348377328778113 1.8317051031340181 1.8552080520299947 1.8963382125979527 1.863042368328653 1.7097136064834757 1.1971254829426643 0.5183379350660227
-4.718063119555313 -4.463168042838239 -4.289414099214416 -4.070612836873306 -3.899656863356147 -3.699322203719017 -3.5647398415884877 -3.4035767634446517 -3.290258974124767 -3.058866846303669 -2.923165296130474 -2.6867368221173815 -2.5157808486002224 -2.1204276725286246 -1.64673133347044 -1.262010443804165 -0.986410388297779 -0.6377833130074673 -0.15457387558662594 0.4061393337888033 0.7995339307857359 1.0614239327694692 1.1629902476413658 1.315199821443878 1.0116200648708533 0.8622084611750056 0.6092719635325965 0.4061393337888033 0.46573609706074226 0.9881171159748776 1.18817197860134 1.9696450293925452 2.6092609957758937 2.868073230642297 2.4461393385573933 2.117937445045727 1.9383077641979103 1.9234785226325917 2.028122604621818 1.9637692921685508 1.8434565775820069 1.2947746396652322 0.7332220392578037
-4.457292305614246 -4.205195199003835 -3.9729636801507384 -3.8546095446388593 -3.7463281015109695 -3.5910407605911274 -3.4553392104179323 -3.4729664220899146 -3.3946232591033274 -3.2717923714207857 -3.173024026655553 -2.9620570806131012 -2.8478999002612175 -2.422048850026984 -1.910300117518172 -1.5177449115532382 -1.170237024305592 -0.8224493400472794 -0.3733751379277366 0.18537949237302787 0.5465974331433268 0.7889016443804131 0.9713292953348942 0.8317105870123696 0.42740390659944794 0.0037912324505460226 -0.3389601056157714 -0.038178319149411166 0.3582940449648522 1.1355701405960605 0.7653986954844374 1.4010975037184572 2.3347801283121727 2.664940600898504 2.3932577035414466 2.0065782348005072 1.960691525051221 1.9245977106752576 2.067294186115112 2.001821685619179 1.8524100819233311 1.4559377178090678 0.9167688782549499
-4.198480070747842 -3.99143028285472 -3.740452364286975 -3.648678944788402 -3.5138167856472062 -3.370280919175352 -3.3859495517726694 -3.4729664220899146 -3.487515866644566 -3.3624466028766937 -3.2757095295701153 -3.1377696033115887 -2.955341952357108 -2.495355666821576 -2.0353693812860447 -1.5969274655718242 -1.2102479968308844 -0.8439937098685908 -0.40555179415437026 0.060310228605155114 0.37284348951950363 0.6473243569832245 0.7897410354124128 0.3834757759248264 -0.12715376854132066 -0.42010123870902216 -0.3459550308824313 -0.0538469517467286 0.8445812495030234 1.333666424147859 0.9441889853002552 1.0544290075028098 1.9567743669018913 2.430470705960076 2.2488824460375936 2.0653356070404474 2.0418326581444717 1.9041725288966118 1.9959459483951845 1.9771995486805372 1.8014870259820492 1.5057415857076837 1.1473216150440484
-3.982756575524062 -3.7882976531109267 -3.5938387306977915 -3.4424685479272785 -3.3341871047993887 -3.320477051276736 -3.351814316471371 -3.4122504707753096 -3.4298776824472914 -3.3557314746207005 -3.260880288004797 -3.174982605730218 -2.9083360545651558 -2.44247403180563 -1.9914412506114225 -1.5479629887052075 -1.17891073163625 -0.8263664981966086 -0.40555179415437026 -0.0392975071920767 0.28890438631958926 0.47916635357272863 0.34654257051686344 -0.18870911088792441 -0.4796980019809616 -0.49144947642894987 -0.3409186846904362 0.21168041137566806 1.1081500335507553 1.08072992650545 0.8904679592523097 0.7371391974071333 1.1092692215934203 1.5465919492649753 1.7136307646328053 1.8493323148060004 2.1599069966456845 2.135564656717709 1.8943796335232879 1.8238707868353599 1.7645538205740872 1.561421190830294 1.2819039771745784
-3.7941733903349206 -3.610626551337774 -3.425121133265963 -3.312642734978078 -3.203242103807522 -3.214154187223511 -3.3185184722020713 -3.47100784301525 -3.512977394615207 -3.3557314746207005 -3.1573553940582357 -3.0353638974076933 -2.741297239197326 -2.2843887207791242 -1.8313973605102523 -1.4075048893506836 -1.0549606559110427 -0.7228416042500476 -0.3812094542263953 -0.11848006121066268 0.22427127685565473 -0.02083090448809566 -0.5930157913008465 -0.9044298641725295 -0.5295018698795775 -0.17024250818394338 -0.13974463402130777 0.19713096682101572 0.6257799871619127 0.8650064312816692 1.0202937722015113 0.7838652981884184 1.0614239327694692 1.6003129753129208 1.7732275279047451 1.668863242926184 1.793652709683391 2.117098054013728 2.0807244426270985 1.7223044719634633 1.6881692366621648 1.579887793534275 1.4178853243584397
-3.524728869063195 -3.4259605242979623 -3.230662210852828 -3.1945683964768645 -3.307886185796749 -3.3761566563993464 -3.4768835802392437 -3.551029788065835 -3.43771199874595 -3.2298228198208285 -3.029488160183699 -2.773753692434626 -2.3957479310243444 -1.9494716990114653 -1.5275378069265617 -1.182827889785579 -0.8918389986925419 -0.7141678969193896 -0.4824959720876256 -0.2969905540158142 -0.22088576711455854 -0.7259193713673775 -1.2200408922042079 -0.9192591057378476 -0.21696860896522896 0.252810571943626 0.44810888538876004 0.3865535430421563 0.13165846632508282 0.7195119857351511 0.7167140156284866 0.44698969734609495 0.7740724028150954 1.2038406111986575 1.462652846065061 1.5583434237129632 1.538757632966317 1.6422825269128785 1.9187219734512633 1.7390922926034458 1.7116721855581405 1.659070347552861 1.550509107414305
-3.358529444727364 -3.2365379480768217 -3.1651897103568944 -3.2365379480768217 -3.4094525006686456 -3.5345217644365183 -3.5784498951111403 -3.446385706076608 -3.2980932904234255 -3.058866846303669 -2.834189846738565 -2.465976980701606 -2.072582383704673 -1.642814175321111 -1.3067779655107863 -0.9992810507884329 -0.8389573636765961 -0.6887063689487487 -0.6926235270980783 -0.6349853429008037 -0.9231762638871768 -0.8185321818979499 -0.9788558690097866 -0.6447782382741267 0.12578272910108845 0.5398823048873336 0.5485560122179916 -0.08042766776003463 -0.3907225525890521 0.26652062546627864 0.5065864606180339 0.34458399144219953 0.49595417421271204 0.9274011646602727 1.8006476349500504 2.2281774672482815 2.1422797849737023 1.6783763412888417 1.756719504275428 1.667744054883519 1.610105870686244 1.4830780278437068 1.3689208474918226
-3.404416154476651 -3.293056944231431 -3.33334771376739 -3.4503028642259372 -3.565579232620487 -3.6310517331164203 -3.4561786014499316 -3.314601314052742 -3.0647425835276634 -2.825516139407907 -2.5549524300935156 -2.154562907829923 -1.7608885138223238 -1.4005099640840242 -1.085178733063012 -0.9729801317857927 -0.8283250772712734 -0.8694552378392317 -0.885963261468548 -0.850708838124584 -1.262010443804165 -0.7620131857433408 -0.5247453206982491 -0.3067834493891377 0.4332796438234423 0.858291303025676 0.5924841428926131 0.019180068037197184 -0.4251375849010173 -0.08210644982403315 0.23910051842097335 0.2986972816929123 0.46657548809274196 0.8767579057296571 1.71558934370747 2.294769155786881 2.3386972864615023 1.5748514473422803 1.424600452614433 1.4293570017957613 1.3873874501958046 1.197964873974664 1.0065837186788587
-3.6408446284897433 -3.5832064442924687 -3.6330103121910846 -3.6702233146097134 -3.694565654537689 -3.4788421593139085 -3.3028498396047543 -3.0518719210370095 -2.8020131905119308 -2.522775773866882 -2.2032475876858735 -1.803977253464947 -1.4875268344012689 -1.1808693107109143 -1.0227839996844086 -0.9200984967698465 -0.9816538391164507 -1.0188668415350794 -0.9914467344897742 -1.0129911043110855 -1.2608912557614995 -0.8518280261672495 -0.5129938462502612 -0.1954242391439176 0.5320479885886753 1.11318637974275 0.866965010356334 0.3034538308742407 -0.0745519305360407 -0.03146319089341798 0.22622985593031952 0.36305059414618057 0.4889592489460526 0.8641670402496704 0.9120123290736215 1.481119448769042 1.716708531750136 1.0368017958308275 0.8689235894309988 1.1296944033720662 1.022252351276176 0.5866084056686196 0.4128544620447965
-3.8196349183055616 -3.8313863927535494 -3.7882976531109267 -3.716110024359 -3.5938387306977915 -3.342021421098048 -3.0459961838130156 -2.795018265245271 -2.4749304850429303 -2.1906567222058864 -1.8176873069875996 -1.472977389846617 -1.2287145995348658 -1.0647535512843662 -0.9455600247404874 -1.0627949722097014 -1.1251897055883044 -0.9318499712178347 -0.8635795006152374 -0.9855709972657798 -1.003198208937762 -0.885963261468548 -0.4455627666796631 -0.06867619331204677 0.5096642277353647 1.091642009921439 1.0250503213828397 0.44027456909010176 0.39522725037281425 0.44419172723943134 0.583810435561956 0.6551586732818828 0.7147554365538227 0.29170235642625286 0.339547645250204 0.5653438328579741 0.7477714838124552 0.26260346731694906 0.2293076230476503 0.680340404241857 0.5183379350660227 0.04660017508250247 -0.09581650334668579
-3.85377015360686 -3.848733807414865 -3.6847727591643653 -3.531443997319188 -3.402457575401986 -3.122380767724938 -2.813764664959919 -2.4749304850429303 -2.139733666264605 -1.8146095398702693 -1.456189569206634 -1.2345903367588598 -1.0549606559110427 -0.9581508902204745 -1.065592942316365 -1.164361287081598 -1.0490849186870488 -0.8216099490152802 -0.5129938462502612 -0.6086844238981635 -0.6545711336474502 -0.6702397662447677 -0.2298392714558828 0.1266221201330877 0.680340404241857 0.7916996144870776 0.6540394852392177 0.7556058001111143 0.9226446154789443 1.070937031132126 1.0877248517721094 1.0407189539801571 0.5183379350660227 0.012464939781203999 -0.2180877970078945 -0.00012592569878311366 0.06730515387181502 -0.3420378727331017 -0.28523907956782635 0.22147330674899113 0.08968891472512519 -0.41926184767702335 -0.5969329494501756
-3.8274692346042203 -3.7063171289856767 -3.512977394615207 -3.3157205020954077 -3.08432837427431 -2.812645476917253 -2.4894799295975822 -2.138894275232606 -1.8000600953156174 -1.463184494473294 -1.2589326766868352 -1.0753858376896885 -1.0157890744177491 -1.1330240218869632 -1.1691178362629264 -1.0753858376896885 -0.9318499712178347 -0.7373910488046995 -0.40946895230369984 0.01358412782386953 -0.4620707903089798 -0.4424849995623328 -0.34483584283976576 0.29673870261824753 0.769315853633767 0.728185693065809 0.5026693024687052 0.7751915908577605 1.318277588561208 1.4869951859930364 1.530923316667658 1.394382375462464 0.39242928026615065 -0.645617629306126 -0.9094662103645241 -0.6338661548581381 -0.49816460468494306 -0.6282702146448105 -0.5793057377781934 -0.12519518946665587 -0.17304047829060698 -0.7345930786980355 -1.0879767031696757
-3.6788970219403714 -3.511018815540542 -3.253045971706138 -3.0440376047383513 -2.767877955210632 -2.4522669271789534 -2.121267063560624 -1.8087338026462754 -1.5149469414465742 -1.2902699418814696 -1.1565269707829393 -1.103645335766993 -1.2189217041615423 -1.1506512335589454 -0.9133833685138533 -0.948357994847151 -1.0588778140603718 -0.87728955413789 -0.23067866248788205 0.6834181713591878 0.17642598803170362 -0.10169224057067972 0.03205073052785057 0.359133435996851 0.8532549568336814 0.8873901921349798 0.6033962263086021 0.7556058001111143 1.2740696608759192 1.7186671108248 1.7606366624247576 1.27714742799325 0.02309722618652632 -0.9444408366978219 -0.9757781018924567 -0.7052143925780654 -0.9259742339938408 -1.1486926544842806 -0.7989463911513033 -0.2150100298905646 -0.2969905540158142 -0.9366065203991631 -1.2373883068655238
-3.486676475612567 -3.216112766298176 -2.959259110506437 -2.7326235318666683 -2.3965873220563436 -2.074540962779338 -1.807894411614276 -1.6016840147531526 -1.4251321010226659 -1.2981042581801283 -1.1377805710682916 -1.1251897055883044 -1.1612835199642677 -0.8526674171992488 -0.7012972344287363 -0.8000655791939688 -0.7832777585539858 -0.4561950530849854 0.05163652127449758 0.5465974331433268 0.6979676159138393 0.4343988318661074 0.3893515131488199 0.42152816937545445 0.5768155102952957 0.6053548053832669 0.5340065676633401 0.670547508868534 1.2155920856466462 1.6257745032835613 1.2712716907692556 0.47329061634873515 -0.5051595299516025 -0.9749387108604575 -0.7298365295167071 -0.5432119234022301 -1.0012396298630972 -1.4620653064306284 -1.2130459669375484 -0.6134409730794923 -0.49144947642894987 -0.9346479413244984 -1.065592942316365
-3.1377696033115887 -2.8772785863811876 -2.6243420887387785 -2.3165653770057584 -2.0345299902540455 -1.7902671999422939 -1.6016840147531526 -1.4483552529079753 -1.364416149708061 -1.1926207851589026 -0.6761155034687616 -0.6984992643220722 -0.700457843396737 -0.5342584190609063 -0.4103083433356991 -0.32441066106111993 -0.23851297878654032 -0.18954850191992367 -0.040136898224075956 0.18621888340502668 0.6853767504338526 0.7379785884391321 0.9198466453722798 0.7528078300044498 0.26736001649827745 0.026174993303856642 -0.00012592569878311366 0.34542338247419835 1.0614239327694692 1.374796584715817 0.9539818806735791 0.026174993303856642 -0.6584882917967798 -0.7052143925780654 -0.3216126909544559 0.12969988725041803 -0.16520616199194826 -1.4749359689212818 -1.8146095398702693 -1.021664811641743 -0.6682811871701029 -0.9436014456658226 -0.8879218405432128
-2.753048713645314 -2.532568669240205 -2.1906567222058864 -1.9122586965928365 -1.8000600953156174 -1.6623999660677575 -1.3487475171107435 -0.9122641804711877 -0.7706868930739987 -0.9173005266631828 -1.01187191626842 -0.9601094692951393 -0.41730326860235856 0.028133572378521432 -0.11260432398666875 0.08661114760779531 0.44698969734609495 0.4587411717940828 -0.16324758291728392 -0.028665220786754375 0.5477166211859927 0.6795010132098582 0.868084198399 0.643407198833895 0.15208364810372865 -0.2648138977891805 -0.2746067931625036 0.31240733521556496 0.926561773628273 1.1238186661480727 0.7069211202551635 -0.08518421694136347 -0.48361516013029116 -0.5020817628342722 0.0026720444078804917 0.47133203727407036 0.2556085420502896 -1.1612835199642677 -2.1612780360859163 -1.4768945479959465 -0.9768972899351223 -0.7815989764899878 -0.7961484210446397
-2.2941816161524478 -2.049918825840696 -1.8000600953156174 -1.69933317147572 -1.7891480118996284 -1.6388970171717814 -0.9573114991884752 -0.5157918163569248 -0.4788586109489623 -0.601689498631504 -0.7483031322206881 -0.6067258448234991 0.13249785735708164 0.29086296539425405 0.14620791087973428 0.09556465194911956 0.4559432016874192 0.6571172523565476 0.1795037551490335 0.4500674644634248 0.8826336429536514 0.7390977764817972 0.769315853633767 0.5320479885886753 -0.06867619331204677 -0.47690003187429797 -0.28328050049316156 0.2595257001996192 0.8815144549109855 1.2693131116945908 0.6862161414658514 0.08856972668245966 -0.3420378727331017 -0.35378934718109 0.12270496198375858 0.2771529118716014 -0.023628874594759264 -1.0373334442390605 -2.0208199367313924 -1.6436535663531102 -1.032576895057732 -0.7278779504420423 -0.6554105246794495
