static/data/ASCData/20210124/ASCU/21.asc
ncols 97
nrows 97
xllcorner 99.0
yllcorner 2.0
cellsize 0.25
NODATA_value -32767
[rows 38 to 56 of 97, columns 0 to 42 of 97]
0.8020058830205006 1.41429908119928 0.9611716521988152 0.4973824013395154 0.7816976509084341 0.438742381115925 -0.45177359699815467 -0.46446624206819553 0.03054691566340484 -1.0572127668391125 -0.66069453485103 0.6331937035889545 0.8245987912451733 0.7453966860081174 0.56389186150653 0.35979412878026995 -0.3004772677632652 -2.118825600497346 -2.389432793390621 -2.1774656207209353 -1.3747827464915394 -1.288726612916661 -0.8033598654382916 -0.8668230907884968 -1.5093247842339745 -1.8111558839995507 -1.5727880095841797 -1.6509747032156326 -1.4742930838406614 -1.4039758301526337 -1.1148373754570988 -0.6558713297244148 -0.04154730833442777 0.8002289127106943 -0.5289448790240039 -2.9050080361356883 -4.802304621205424 -4.8972456063293315 -4.4342179141742335 -4.137463872436674 -4.060292590410825 -4.027037860327317 -4.075777617396274
0.8245987912451733 1.2465023133733375 1.0403737574358711 0.8129215577807356 0.9505098303399802 0.8647075496665027 0.14300375098396856 -0.9292709045330989 -0.7477660800315116 -1.0455355333746748 -0.46167386015278655 0.41538791418704957 0.7258500126002536 0.74945833243053 0.893900633327597 0.7014801340657755 -0.347440054522417 -2.528036477555469 -1.971337064783469 -1.8951811943632224 -1.4341843254193316 -1.1480921055406066 -0.8901775577173723 -0.8980469976607979 -1.3620901014214986 -1.4938397572485247 -1.6032503577522785 -2.1617267408340846 -1.6540209380324424 -1.5319176924586477 -1.6177199731321252 -1.1295608437383464 -0.12074941357148417 0.6859951070803252 0.8002289127106943 -0.9762336912922507 -2.0025609716557695 -2.9303933262757704 -3.194908049535426 -3.4614535960062875 -3.4322605123451932 -3.604118926593549 -3.7028677052384684
0.9916340003669131 1.2990498639633072 1.1751696480797067 0.877400194736544 0.6370014971099662 0.5461221584084726 -0.10120274016362085 -1.07193623512036 -1.2047013025529894 -1.1480921055406066 -0.27610738922878664 0.2356600599952685 0.4565120842139825 0.7542815375571461 0.9065932783976383 0.4846897562694741 -0.8678385023941 -2.468381045726276 -1.861926464279715 -1.7895783873804811 -1.5377563091908666 -1.2945652296488799 -1.1120449935416898 -1.1138219638514957 -1.0894520853170166 -1.27908020266343 -1.4636312619818268 -1.7575929218039774 -1.1275300205271397 -1.0866597034016077 -1.212570742496415 -1.605027328062084 -0.6109393661764693 0.5842000936185956 0.8459224349628425 0.09984875774582935 -0.246660452666291 -1.2448100609743191 -2.3785171186303855 -2.6333854316368095 -2.645062665101247 -2.8219981373776197 -3.3210729415316336
0.956348447072199 1.4026218477348422 1.1340454780527738 0.5522146280420923 0.3069927252888993 0.3372012205555972 -0.2994618561576621 -0.6421632730487703 -0.8757079423375256 -0.9604948114053995 0.035370120790021 0.5022056064661307 0.2678993784731727 0.566684243421939 1.2201016116276522 0.8030212946261033 -0.7622356954113587 -2.3775017070247824 -1.8951811943632224 -1.9332591295733454 -1.6159430028223194 -1.3288353713379908 -1.1460612823293999 -1.0318274766990303 -1.009488421375758 -1.0767594402469758 -1.174492807286292 -1.4595696155594138 -0.8033598654382916 -0.7107035564269917 -0.3073312961010872 -0.7175575847648141 -1.3247737249155778 -0.13826526376814074 1.0832748977726094 0.37730997897692653 0.18285865650389788 -0.7467506684259084 -1.802524885351923 -1.6392974697511948 -1.6491977329058272 -2.2663141362112227 -2.776050762224071
0.814698528090541 1.3480434739336662 0.8860311933841718 0.30394649047208944 -0.1149107968392653 -0.08571771317817056 0.4692047292840238 0.384164007314749 0.21712879819300834 -0.5055904120951284 0.30216952016228404 0.8215525564283634 0.4808819627484615 0.7240730422904482 1.378251969200364 1.2074089665576109 -0.20858251745616796 -2.2165589675366615 -1.830702557407414 -2.075924460160607 -1.7829782119440596 -1.4636312619818268 -1.1216914037949208 -1.0074575981645517 -0.9429789612087429 -0.9470406076311564 -1.0894520853170166 -1.6636673482856739 -1.1168681986683056 -0.46649706527940227 0.20062835960195535 -0.5289448790240039 -1.137430283681772 -0.6452095078655802 0.8616613148496928 0.39203344725817413 0.2552067334031314 -0.4946747373348934 -1.1450458707237967 -0.8218911272405514 -0.29463865103104636 -0.9127704659420455 -2.3170847164913866
0.773828210965009 1.0637282243647466 0.7258500126002536 0.7796668276972278 0.26002993852974754 0.09502555261921408 0.7004647224601719 1.1000291892650642 1.3528666790602815 -0.25351448100411345 0.20062835960195535 0.8451608762586398 0.7855054444294467 1.0129576440845822 1.2551333120209653 0.9505098303399802 -0.13064967672611605 -1.6832140216935372 -1.7388078071003168 -2.1421800674262212 -1.9421439811223742 -1.6519901148212361 -1.2965960528600866 -0.9107396427308387 -0.8013290422270849 -0.8325529490993859 -1.0503587385012905 -1.4303765318983195 -1.388236950265783 -0.3220547643823348 0.5385065713664483 -0.22127516252620927 -1.291772847733471 -1.0729516467259632 -0.1666967887250328 -0.16771220033063594 0.41919570770806214 0.4260497360458846 -0.3591172879868547 0.06583246895811978 0.6342091151945572 0.21027476985518678 -1.2712107627200044
0.4514350261859663 0.7776360044860215 0.8723231367085278 1.0578896076325277 0.7882978263448557 0.5453605997042699 0.6867566657845279 1.0637282243647466 1.0550972257171187 -0.3327165862411694 0.15569639605400987 1.0832748977726094 0.8647075496665027 0.7816976509084341 0.942640390396555 0.3674097158222951 -1.113060405147293 -1.4880011405163058 -1.6070581512732907 -1.8142021188163606 -2.0670396086115783 -1.8492338192096738 -1.5034861675017557 -0.9841031312356763 -0.7008032932723598 -0.8198603040293451 -0.5007672069685132 -0.5865694876419902 -1.040712328248059 -0.6599329761468278 0.12929569430832455 0.5385065713664483 -0.37282534466249917 -1.5075478139241687 -1.3179196965777558 -1.2516640893121411 -0.03291630968679993 0.4719971111994328 0.49052837300169294 0.4428040275383385 0.7240730422904482 0.5374911597608447 -0.30530047288988094
0.2376908832064748 1.2990498639633072 1.2074089665576109 1.1614615914040627 0.8674999315819116 0.6448709370533923 0.6712716387990776 0.5443451880986672 0.07167108569033864 -0.22635222055422544 0.20062835960195535 0.5961311799844342 0.5131212812263657 0.37248677385031126 -0.05423995340446908 -0.7594433134959497 -1.2544564712275506 -1.416668475222675 -1.347366633140251 -1.3823983335335641 -1.7428694535227298 -1.6032503577522785 -1.2993884347754956 -1.1011293187814544 -1.046550944980278 -0.6568867413300179 0.6654330220668587 -0.27509197762318305 -1.1178836102739087 -0.9049010259986199 -0.3131699128333061 0.18692030292631134 -0.34921702483222283 -1.4060066533638405 -1.5943655062032498 -1.4087990352792494 -1.0914829085282234 -0.11110300331825274 0.35776330556906366 0.4524504377915699 0.8215525564283634 1.2142629948954333 0.7865208560350503
0.56389186150653 1.2492946952887465 1.1535921514606375 0.9573638586778026 0.760120154289365 0.6760948439256929 0.6342091151945572 0.20443615312296792 -0.6716102096112655 -0.6081469842610603 1.0012804106201445 0.8664845199763089 0.4270651476514873 0.33237801542898104 0.2366754716008721 -0.4624354188569888 -1.6070581512732907 -1.802524885351923 -1.8413643792662486 -1.9489980094601966 -2.0876016936250448 -1.5524797774721142 -0.5416375240940452 -0.2027439007239491 -0.5309757022352106 -0.38729496004234587 -0.35124784804342957 -1.319950519788962 -1.0513741501068936 -0.6353092447109483 -1.07193623512036 -0.9851185428412794 -0.7701051353547839 -0.905916437604223 -0.92343228780088 -1.078790263458182 -1.2671491162975914 -1.077774851852579 0.19072809644732303 0.776620592880418 1.1292222729261585 1.7171455925704597 1.5823497019266242
1.6420051337558164 1.1068832176028858 1.1429303296018025 0.9934109706767194 0.800990471414897 0.7045263688825845 0.7093495740092006 0.37527915576572024 -0.6071315726554571 -0.2184827806108003 0.5570378331687076 0.5882617400410091 0.08030208433796648 0.54231436488746 0.7580893310781578 0.615677853392298 0.12523404788591108 -1.0328428883046339 -1.2242479759608527 -0.622616599640907 -0.4723356820116211 -0.27103033120077 -0.14816552692277263 -0.10501053368463298 -0.5776846360929615 -0.7213653782858263 -1.5151634009661934 -2.0056072064725794 -1.7202765452980566 -1.0328428883046339 -1.492824345642921 -1.4458615588837693 -1.0105038329813616 -0.6150010125988823 -0.7076573216101822 -1.1892162755675395 -1.4156530636170719 -1.2077475373697992 -0.24767586427189459 0.3488784540200349 0.7776360044860215 1.6557131904314613 2.263944742187828
1.2327942566976935 1.4310533726917347 1.3127579206389521 1.174154236474104 0.9144627183410634 0.6791410787425027 0.6829488722635153 0.7151881907414195 0.3234931638799523 0.38619483052595527 0.6078084134488719 0.7992135011050907 0.6225318817301195 0.9134473067354607 1.2787416318512417 1.2513255184999537 1.3449972391168563 0.9583792702834062 0.40167985751140556 0.7971826778938844 0.7502198911347326 0.49052837300169294 0.5159136631417747 -0.2994618561576621 -1.0132962148967706 -1.6207662079489351 -2.147003272552837 -2.1627421524396877 -2.0807476652872223 -1.844410614083058 -1.8941657827576193 -1.8522800540264837 -1.4060066533638405 -1.0894520853170166 -1.5103401958395777 -2.1980277057344018 -2.4214182589671243 -1.5329331040642509 -0.8434686238596214 -0.506605823700732 0.22017503300981822 2.081424506080638 2.789420248087527
0.9817337372122816 1.1457227115172115 1.2962574820478983 1.1995395266141857 0.9192859234676796 0.6908183122069405 0.8537918749062676 0.8266296144563796 0.552976186746295 0.43188835277810345 0.5550070099575013 0.7717973877538027 0.8558226981174739 1.062712812759143 1.4211531095371024 1.8138635480041723 1.9709984939712806 1.7785779947094582 1.4838547761831054 1.6057041688554996 1.0345351407036523 0.7748436225706126 0.18692030292631134 -0.6276936576689236 -1.2602950879597694 -1.8073480904785386 -2.366839885165948 -2.3170847164913866 -2.292714837956908 -2.4790428675851106 -2.539713711019907 -2.5376828878087005 -2.100294338695086 -1.7984632389295099 -2.115779365680536 -2.910846652867907 -3.1118981507773573 -1.9302128947565356 -1.46160043877062 -1.0455355333746748 0.2678993784731727 2.127371881234186 2.8645607069021706
0.10289499256263923 0.6867566657845279 1.0589050192381313 1.1028215711804732 0.8431300530474335 1.5511257950543227 1.7250150325138849 1.087336544195023 0.4407732043271322 0.11558763763268054 0.1927589196585302 0.3646173339068852 0.7563123607683524 0.9817337372122816 1.5676262336453766 1.9583058489012393 1.9603366721124464 1.7648699380338142 1.6437821040656226 1.4886779813097206 0.964217887015625 0.5951157683788315 0.01100024225554197 -0.46852788849060856 -1.0952907020492355 -1.7730779487894277 -2.362016680039332 -2.362016680039332 -2.4752350740640985 -2.706748920141647 -2.860076072587743 -2.8570298377709333 -2.6628323681993047 -2.364047503250539 -2.2790067812812635 -2.9283625030645637 -3.361943258657166 -2.251590667929975 -1.5748188327953865 -1.0544203849237035 0.2531759101919251 1.795332286201912 2.53049028865869
-1.0006035698267293 0.28439981706422657 1.0911443377160355 1.0688052823927627 1.4691313079018578 2.177127049908747 2.4827659431953357 1.7757856127940492 0.3361858089499936 -0.06312480495349782 -0.0796252435445508 -0.3649559047190736 -0.003469373124304731 0.8791771650463494 1.4650696614794443 1.7425308827105415 1.645812927276829 1.6996297423738032 1.6303279002913786 1.6369280757278002 1.5521412066599263 1.101044600870667 -0.19690528399173024 -0.6784642379490875 -0.9577024294899905 -1.7096147234392225 -2.1843196490587573 -2.1860966193685636 -2.408725613897083 -2.7341650334929355 -2.9019618013188784 -2.910846652867907 -2.7174107420004816 -2.41075643710829 -2.288653191534495 -2.5866764977790586 -3.4449531574152346 -2.6138387582289466 -1.2105399192852082 -0.7878748384528413 0.13031110591392814 1.6742444522337205 1.9466286154368015
-1.0485817681914846 0.20443615312296792 0.9875723539445005 1.0853057209838166 1.5617876169131568 2.41625648302832 2.7092027312448677 1.891034830030022 0.3108005188099119 0.149857779321791 -0.13547288185273176 -0.8434686238596214 -0.4654816536737987 0.3684251274278978 1.0012804106201445 1.2551333120209653 1.533609944857666 1.4856317464929107 1.8001554913285283 2.489619971533158 2.425141334577349 1.378251969200364 -0.14511929210596275 -0.8757079423375256 -1.1206759921893177 -1.392298596688196 -1.9048276046164538 -1.875634520955359 -1.9548366261924155 -2.316069304885784 -2.5983537312434963 -2.602161524764509 -2.5376828878087005 -2.229251612606703 -1.8913734008422103 -1.9528058029812088 -3.2878182114481262 -3.0093415786114255 -1.3278199597323876 -0.8239219504517581 0.09604096422481678 1.4650696614794443 1.6937911256415843
-1.0221810664457993 0.11076443250606438 0.8187601745129545 1.0307273471826397 1.705468359106022 2.569583635474417 2.839175416762088 2.0697472726162003 0.7309270706282707 0.7103649856148042 0.13995751616715868 -0.7944750138892629 -0.9038856143930167 -0.3083467077066908 0.5004286361563253 0.9055778667920347 1.2160399652052387 1.477000747845283 1.4008448774250368 1.8186867531307884 1.980898757125913 0.9926494119725167 0.004146213917719521 -0.588600310853197 -0.71933455507462 -0.9518638127577717 -1.3638670717313044 -1.3648824833369075 -1.2115553308908118 -1.4976475507695368 -1.8540570243362895 -2.0309924966126616 -2.084555458808235 -1.8200407355485795 -1.318935108183359 -1.318935108183359 -2.496812570683168 -2.7273110051551135 -1.4146376520114683 -0.905916437604223 -0.08571771317817056 1.2170553768108423 1.4417151945505688
-0.8053906886494979 -0.8355991839161958 0.5735382717597615 0.9662487102268313 1.7854320230472807 2.673155619245952 2.849837238620923 2.4398648028585965 1.7717239663716358 1.218070788416446 0.7855054444294467 0.23464464838966492 -0.43705012871690707 -0.5454453176150573 -0.07784827323474541 0.5588148034785139 0.9992495874089382 1.307934715512336 1.1721234132628968 1.128206861320555 1.1898931163609543 0.7639279478103767 0.11660304923828324 -0.3152007360445128 -0.4109032798726222 -0.3999876051123872 -0.5972313095008248 -0.6599329761468278 -1.0300505063892245 -1.243794649368716 -1.1569769570896353 -1.1549461338784286 -1.2341482391154845 -1.099352348471649 -0.5944389275854158 -0.03393172129240307 -0.5543301691640861 -1.4781008773616735 -0.92343228780088 0.2640915849521601 0.6352245268001608 1.0091498505635697 1.2221324348388585
-1.1706850137652793 -0.6490173013865923 0.5715074485485543 1.1264298910107495 1.9994300189281722 2.6635092089927204 2.574660693502433 2.127371881234186 1.770962407667434 1.1457227115172115 0.994426382282322 0.901770073271023 0.4496580558761609 -0.19690528399173024 -0.46446624206819553 0.04222414912784345 0.7405734808815012 0.9368017736643361 0.691833723812544 0.7882978263448557 0.5588148034785139 0.615677853392298 0.4260497360458846 0.052124412282474886 -0.20959792906177155 -0.07378662681233195 0.008207860340132989 -0.10501053368463298 -0.21949819221640343 -0.40582622184460604 -0.6002775443176347 -0.7690897237491807 -0.8531150341128524 -0.7028341164835665 -0.24082183593407214 0.5433297764930636 0.28439981706422657 -1.5045015791073588 -0.40201842832359347 0.5598302150841166 0.5852155052241992 0.8266296144563796 1.0695668410969654
-0.9079472608154298 -0.6891260598079221 0.34608607210462594 1.1340454780527738 1.8344256330176387 2.2268822185833077 1.8948426235510345 1.5473180015333101 1.3333200056524186 0.915478129946667 0.9329939801433236 1.1645078262208726 0.9378171852699397 0.5793768884919803 0.23185226647425594 -0.09231788861459211 0.028769945353599446 0.3811177724979391 0.3224777522743496 0.814698528090541 1.0307273471826397 1.0266657007602271 0.9124318951298571 0.5217522798739935 0.07065567408473505 0.029531504057802138 0.020900505410174297 -0.08952550669918313 -0.18725887373849925 -0.2321908372864443 -0.36394049311347043 -0.5649919910229206 -0.5865694876419902 -0.5289448790240039 -0.4439041570547291 -0.38831037164794946 -0.5992621327120315 -1.5484181310497012 -0.0065156079411146095 0.6507095537856111 0.2651069965577637 0.46031987773499505 0.6009543851110504
