static/data/seaWind_vo/2023/7/29/0.asc
ncols 137
nrows 93
xllcorner 108.0
yllcorner 17.0
cellsize 0.25
NODATA_value -32767
[rows 0 to 18 of 93, columns 86 to 128 of 137]
2.981521960131251 2.7048352880534514 2.4548386486519673 2.1390065953155726 2.0678331748453993 2.1105372271275034 2.2751257619647793 2.580281802230648 2.887217178008271 3.222621921973963 3.4939705875164995 3.751974236720878 3.981508517737187 4.189690772612445 4.358727646229107 4.503743490437085 4.622069301968748 4.700360064485939 4.708367074288834 4.643421328109801 4.540219868428048 4.42990106669928 4.347161965402703 4.18168376280955 4.069585625569027 4.004639879389994 3.8578446996702613 3.76087091427965 3.6799111484948277 3.534005636530972 3.426355838069835 3.349844411064398 3.2404152770915067 3.3703067694495727 3.550909323892638 3.7190565297534226 3.962825494863767 4.26353319635025 4.57758591417489 4.781319830270761 4.817796208261726 4.406769705046473 2.967287276037216
1.764456470091285 1.5927505932069916 1.461969433093048 1.5411498633661158 1.7813601574529514 2.093633539765837 2.485087352351791 2.813374754270466 3.0918407618600194 3.297354013467645 3.541122978577989 3.7973472922706133 3.9984122050988535 4.179014759541919 4.340934291111563 4.471715451225506 4.52420584882226 4.514419503507611 4.450363425084454 4.396093691975947 4.2279464861151625 4.054461273719115 3.9121144327787682 3.770657259594299 3.6638971288890385 3.582047695348339 3.4895222487371136 3.3694171016936956 3.2306289317768577 3.0598127226484415 2.952162924187304 2.9050105331258145 2.9370385723373924 3.0509160450896697 3.2768916550824705 3.5144329459016745 3.7235048685328085 3.953928817304995 4.083820309663062 4.161221404424375 4.294671567805951 3.6968148358564936 2.664800239038979
1.1025436597186722 1.1194473470803383 1.3365262795143673 1.6674826847006738 2.0909645364982055 2.448610974360827 2.712842297856346 2.9388179078491468 3.152338169259667 3.332051055946855 3.5393436430662346 3.7590915787678956 3.9494804785256092 4.119407019898148 4.243070837965075 4.299119906585336 4.377410669102527 4.306237248632353 4.1407590460392 3.996632869587099 3.82670632821456 3.6532211158185124 3.496639590784131 3.3836517857877304 3.25198095791791 3.1149721235128256 2.977073621351865 2.8098160832469574 2.6576828969919615 2.5402467532161754 2.4503903098725814 2.438824629046178 2.522453398098632 2.7368633272650293 2.929031562534498 3.1203101300480887 3.3204853751204517 3.390769127834748 3.4477078642108867 3.5082052716105343 3.367637766181941 2.633661867583278 1.6505789973390077
1.271580533335334 1.5607225539954137 1.9165896563462808 2.2172973578327637 2.54202608872793 2.7146216333681004 2.8418441224585353 3.0135499993428287 3.1541175047714214 3.3622997596466786 3.57226135003369 3.7768849338854387 3.941473468722715 4.106951671315868 4.161221404424375 4.121186355409902 4.057130276986746 3.9121144327787682 3.746636230185615 3.570482014521936 3.3978864698817652 3.2306289317768577 3.084723419813002 2.9094588719052004 2.750208343603187 2.558040108333719 2.354306192237847 2.182600315353554 2.0313567968544355 1.9317140081961925 1.9637420474077707 2.0891852009864516 2.2342010451944296 2.4566179841637217 2.5980751573481915 2.7537670146266957 2.914796878440463 2.872982493914236 2.913907210684586 2.9494939209196724 2.5642677826248588 1.8400782293408444 1.0598396074365681
1.7626771345795307 2.161248289212502 2.2386493839738155 2.4930943621546855 2.5927371508129284 2.693269607227048 2.866754819623096 3.076716410010108 3.254649961185541 3.4601632127931667 3.6683454676684244 3.869410380496664 3.953928817304995 3.92101111033754 3.9396941332109607 3.8622930384496468 3.6487727770391265 3.4930809197606223 3.2884573359088733 3.1123031202451945 2.935259236825638 2.7724500375001164 2.6301031965597694 2.4094655931022317 2.183489983109431 1.981535402525314 1.769794476626548 1.7608977990677763 1.6665930169447967 1.727090424344444 1.9788663992576825 2.107868223859872 2.2226353643680263 2.298257123617586 2.410355260858109 2.4833080168400365 2.637220538606787 2.5304604079015265 2.3863342314494256 2.3142711432233747 1.9423900212667187 1.287594552941123 0.5518393188307054
1.9735283927224194 2.2822431040117968 2.2964777881058316 2.489535691131177 2.622096186756875 2.792022728129414 3.061592058160196 3.2715536485472074 3.452156202990272 3.61941374109518 3.8044646343176307 3.832044334749823 3.8978797486847334 3.8186993184116655 3.596282379442374 3.444149193187378 3.19860089256528 2.961949269501953 2.7573256856502044 2.6167581802216118 2.433486622510915 2.268898087673639 2.0971922107893457 1.9050239755198777 1.6915037141093574 1.716414411273918 1.6852760398182172 1.7253110888326897 1.9299346726844382 2.0251291225632952 2.2484357292884645 2.288470778302937 2.341850843655567 2.330285162829164 2.178151976574168 2.225304367635658 2.3347335016085498 2.373878882867145 2.2288630386591666 1.9201483273697895 1.4379484036843646 0.788490941894032 0.20753789730624117
1.9681903861871566 2.178151976574168 2.2902501138146913 2.4841976845959137 2.807147079979326 3.036681360995635 3.296464345711768 3.427245505825712 3.570482014521936 3.7235048685328085 3.694145832588862 3.7146081909740367 3.6550004513302667 3.3827621180318532 3.1594555113066844 2.877430832693622 2.6407792096302956 2.4032379188110915 2.2422080549973242 2.108757891615749 1.929045004928561 1.8285125485144411 1.7048487304475148 1.621219961395061 1.821395206467424 1.8721062685524223 2.0313567968544355 2.2653394166501304 2.4699630005018793 2.5509227662867016 2.5776127989630164 2.617647847977489 2.4139139318816176 2.3080434689322344 2.136337592047941 1.78491882847646 1.8347402228055814 1.9148103208345264 1.8080501901292663 1.4868801302576087 1.005569874328061 0.6141160617421071 0.03138368164256233
1.858761252214265 2.123882243465661 2.4085759253463546 2.74931867584731 3.0491367095779154 3.301802352247031 3.4681702225960613 3.5651440079866727 3.5678130112543043 3.66656613215667 3.5642543402307956 3.3978864698817652 3.206607902368174 2.878320500449499 2.552702101798456 2.288470778302937 2.071391845868908 1.8996859689846146 1.743104443950233 1.5927505932069916 1.424603387346207 1.4308310616373472 1.5696192315541855 1.848974906899616 2.119433904686275 2.3720995473553907 2.6443378806538043 2.7964710669087998 2.8338371126556408 2.84985113226143 2.723518310926872 2.5028807074693344 2.352526856726093 2.2288630386591666 1.790256835011723 1.330298605223227 1.2698011978235797 1.3338572762467358 1.1924001030622662 0.8801267207493801 0.48155556611640904 0.16839251604764582 0.05451504329536849
1.4833214592341002 2.2377597162179383 2.721738975415118 3.1042961104423 3.3000230167352766 3.492191252004745 3.501977597319394 3.491301584248868 3.4637218838166755 3.291126339176505 3.1603451790625616 2.947714585407918 2.590068147545297 2.235090712950307 1.9379416824873328 1.7466631149737417 1.5527155441925191 1.42994139388147 1.2769185398705971 1.1141093405450755 1.2137521292033182 1.330298605223227 1.6407926520243588 2.0776195201600482 2.457507651919599 2.7795673795471334 3.0651507291837046 3.131875810874492 2.897893191078797 2.70839395907696 2.372989215111268 2.0776195201600482 1.9806457347694368 1.9521763665813676 1.5794055768688342 1.0998746564510407 0.7315522055178931 0.6007710454039497 0.5473909800513195 0.31696703127913306 0.06697039187764897 -0.015768709418927607 0.028714678374930802
1.313394917861561 2.2172973578327637 3.166572853353702 3.3578514208672927 3.523329623460446 3.491301584248868 3.3436167367732583 3.247532619138524 3.041129699775021 2.8418441224585353 2.5393570854602983 2.2003936704710974 1.8294022162703183 1.5447085343896245 1.3249605986879642 1.1781654189682316 1.127454356883233 1.0295909037367446 0.9139340954727126 0.9023684146463093 1.0678466172394627 1.47709378494296 1.8632095909936508 2.3596441987731103 2.877430832693622 3.220842586462209 3.279560658350102 3.020667341389846 2.7297459852180124 2.2003936704710974 1.732428430879707 1.4539624232901533 1.4415070747078733 1.4272723906138385 1.1995174451092836 0.8036152937439438 0.35077440600246534 0.21198623608562706 0.24401427529720543 0.1070054408921215 0.007362652233878553 -0.03000339351296244 -0.012210038395418898
1.18172408999174 2.340071508143813 3.4699495581078157 3.534005636530972 3.443259525431501 3.302692020002908 3.0598127226484415 2.7840157183265193 2.4993220364458257 2.1923866606682028 1.8676579297730367 1.4076996999845408 1.0571706041689366 0.8178499778379784 0.8107326357909612 0.8836853917728889 0.8792370529935032 0.8000566227204351 0.6470337687095622 0.7431178863442964 1.1043229952304265 1.6123232838362895 2.310712472199866 3.1016271071746684 3.6345380929450917 3.783112608176579 3.5526886594043923 3.00376365402818 2.1817106475976766 1.42994139388147 0.878347385237626 1.07496395928648 0.9966731967692892 0.618564400521493 0.15237849644185708 0.07675673719229748 0.16750284829176865 0.2600282949029942 0.3650090900965002 0.1594958384888745 0.07230839841291203 0.05273570778361414 -0.007761699616033457
1.752890789264882 2.7751190407677475 3.6247517476304427 3.5784890243248304 3.21105624114756 2.7573256856502044 2.3231678207821465 2.0651641715777678 1.732428430879707 1.3810096673082257 1.0785226303099886 0.7066415083533326 0.5625153319012313 0.5651843351688628 0.7297728700061388 0.8329743296878904 0.7795942643352602 0.6692754626064914 0.6069987196950897 0.990445522478149 1.5580535507277822 2.283132771767674 3.259987967720804 4.196808114659462 4.714594748579973 4.688794383659536 4.0081985504135025 2.7893537248617823 1.6141026193480437 0.8285259909085045 0.7742562577999972 1.1852827610152488 0.7680285835088572 -0.07893512008620673 -0.8547254032110971 -0.4766166069633009 -0.08694212988910133 0.12301946049791024 0.005583316722124199 -0.3992155122019869 -0.5415623531423339 -0.4828442812544407 -0.26487568106453496
2.009115102957506 2.9797426246194965 3.421907499290449 3.1870352117388765 2.808036747735203 2.292919117082323 1.7733531476500568 1.4628591008489251 1.1692687414094598 0.8810163885052573 0.7271038667385075 0.4833349016281634 0.44063084934605934 0.6408060944184222 0.9050374179139409 1.037597913539639 1.0073492098398154 0.9139340954727126 0.9254997762991157 1.4272723906138385 2.136337592047941 3.1647935178419475 4.339154955599809 5.222595037185837 5.569565461977932 5.383624900999604 4.229725821626917 2.24042871948557 0.9815488449193774 0.3267533765937818 0.5242596183985131 0.507355931036847 0.02337667183966774 -0.6251911221947877 -0.5878250764479467 -0.6180737801477703 -0.5068653106631245 -0.5006376363719842 -0.3369387692905854 -0.3600701309433916 -0.277331029646815 -0.1581155503592746 0.13547480908019072
1.7137454080062864 2.6443378806538043 3.1398828206773866 2.84985113226143 2.4076862575904774 1.8907892914258428 1.3374159472702445 1.0100182131074467 0.7413385508325421 0.5954330388686866 0.507355931036847 0.49934892123395236 0.8107326357909612 1.0883089756246376 1.3169535888850696 1.2680218623118253 1.2253178100297213 1.1719377446770913 1.2706908655794569 1.9575143731166305 3.0126603315869516 4.123855358677535 5.221705369429959 5.816893098111785 6.108704122039496 5.668318582880298 4.52420584882226 2.383665228181794 0.7475662251236823 0.02070766857203621 -0.17057089894155508 -0.382311824840321 -0.5629143792833862 -0.2524203324822545 -0.05491409067752295 -0.42145720609891635 -0.55223836621286 -0.48818228778970374 0.1514888286859799 0.4868935726516721 0.5545083220983369 0.5740810127276346 0.6728341336300001
1.4014720256934006 2.304484797908726 2.808036747735203 2.584730141010034 2.151461943897853 1.716414411273918 1.2306558165649844 0.9486311379519221 0.6897378209916663 0.5304872926896533 0.47354855631351445 0.8169603100821012 1.127454356883233 1.4495140845107677 1.647020326315499 1.6327856422214642 1.5971989319863775 1.557163882971905 1.7608977990677763 2.5349087466809124 3.5731510177895673 4.598937940315942 5.622945527330562 6.184325881289055 6.4085221557701 5.993047313775463 4.800892520900058 2.2075110125181148 0.5981020421363181 -0.24886166145874578 -0.46949926491628347 -0.5486796951893513 -0.15900521811515178 0.18974454218869807 -0.14566020177699412 -0.34494577909348 -0.42145720609891635 -0.10651482051839878 0.2831596565558008 0.5820880225305289 0.8347536651996448 0.8908027338199063 0.9415137959049049
1.3222915954203327 2.1318892532685556 2.584730141010034 2.3872238992053028 2.140785930827327 1.7075177337151464 1.3543196346319109 0.9868868514546405 0.7244348634708759 0.5625153319012313 0.5927640356010551 1.048273926610165 1.4690867751400654 1.7911465027676001 2.0366948033896985 2.156799950433116 2.1221029079539067 2.251994400311973 2.4984323686899486 3.174579863156596 3.8703000482525414 4.894307635267161 5.68967060902135 5.924542896572921 6.150518506565723 5.923653228817045 4.790216507829533 2.2448770582649558 1.1132196727891983 0.27248364348527465 -0.034451732292348325 -0.239964983899974 0.14259215112720813 0.05006670451598261 -0.39743617669023257 -0.4267952126341794 -0.4606025873575117 -0.15277754382401154 -0.10028714622725854 0.206648229550364 0.46287254324298854 0.9094857566933268 1.0936469821599006
1.281366878649983 2.093633539765837 2.4228106094403894 2.264449748894253 2.018901448272155 1.8187262031997924 1.5224668404926955 1.106991998498058 0.8445400105142935 0.6817308111887719 0.9699831640929741 1.5073424886427835 1.9299346726844382 2.2066213447622376 2.5135567205398606 2.7164009688798547 2.993087640957654 3.12297913331572 3.3089196942940484 3.3800931147642217 4.078482303127799 4.566020233348487 5.257292079665046 5.339141513205746 5.372948887929078 5.1460836101803995 4.160331736668498 2.4032379188110915 1.2680218623118253 0.9735418351164828 0.618564400521493 0.27337331124115183 0.0038039812103698445 -0.08872146540085568 -0.3832014925961982 -0.1385428597299767 -0.1732399022091866 -0.33160076275532235 -0.3832014925961982 -0.1287565144153282 0.7555732349265767 1.203076116132792 1.8409678970967216
1.2840358819176145 1.929045004928561 2.2297527064150438 2.1149855659068892 2.066943507089522 1.8774442750876854 1.68438637206234 1.3018292370351578 1.0598396074365681 1.2137521292033182 1.5989782674981319 2.093633539765837 2.1221029079539067 2.378327221646531 2.7537670146266957 3.2048285668564196 3.516212281413429 3.7635399175472815 3.8373823412850863 3.51888128468106 3.4299145090933436 3.8614033706937696 4.229725821626917 4.201256453438848 4.217270473044637 4.04022658962508 3.0873924230806336 1.8320712195379498 1.5020044821075205 1.2591251847530538 0.9424034636607821 0.6025503809157038 0.28760799533518666 0.079425740459929 -0.10473548500664442 0.2137655715973814 0.3196360345467646 0.169282183803523 -0.11808050134480208 0.25291095285597676 1.287594552941123 2.457507651919599 3.227070260753349
1.0883089756246376 1.6550273361183936 2.0740608491365395 2.231532041926798 2.2066213447622376 2.179041644330045 1.9726387249665422 1.5384808600984845 1.4646384363606795 1.6612550104095336 2.219076693344518 2.405017254322846 2.2804637685000424 2.0838471944511885 2.4085759253463546 3.019777673633969 3.4628322160607983 3.7751055983736843 3.6825801517624592 3.227959928509226 3.0500263773337926 3.099847771662914 3.147889830480281 3.0402400320191436 2.8987828588346742 2.7190699721474862 2.225304367635658 1.5091218241545379 1.2004071128651608 1.18172408999174 1.0242528972014815 0.7813735998470146 0.5981020421363181 0.3899197872610607 0.3231947055702733 0.48511423713991775 0.6550407785124568 0.794718616185172 0.5794190192628976 1.6194406258833067 3.417459160511063 4.77865082700313 4.056240609230869
