static/data/seaWind_vo/2023/7/29/12.asc
ncols 137
nrows 93
xllcorner 108.0
yllcorner 17.0
cellsize 0.25
NODATA_value -32767
[rows 38 to 56 of 93, columns 0 to 42 of 137]
1.1434683764890219 1.202186448376915 1.0714052882629714 0.5304872926896533 -0.2639860133086578 -0.8413803868729395 -1.040665964189425 -0.7524136112852227 -0.7408479304588194 -0.61184610585663 -0.4081121897607587 -0.2319579740970794 -0.3894291668873384 -0.5575763727481231 -0.821807696243642 -1.145646759382931 -1.3075662909525754 -1.420554095948976 -1.543328246260025 -1.500624193977921 -1.1892404794209122 -0.5904940797155782 0.422837494228516 0.9610864865342026 1.330298605223227 1.9824250702811912 1.9877630768164543 2.001997760910489 2.013563441736892 1.8898996236699657 1.381899335064103 0.8836853917728889 1.2279868132973528 1.7190834145415494 1.6594756748977793 1.3391952827819988 1.3836786705758573 1.2733598688470884 0.9637554898018341 0.7084208438650867 1.0198045584220956 1.3480919603407706 1.5589432184836594
0.4121614811579899 0.006472984478001376 -0.4312435514135653 -0.5397830176305796 -0.674122848768032 -0.31291773988190164 -0.12964618217120538 -0.13053584992708256 -0.1776882409885725 0.042059694713088014 0.18974454218869807 0.20842756506211835 0.03761135593370213 -0.2319579740970794 -0.6501018193593486 -1.1696677887916143 -1.400091737563801 -1.4125470861460814 -1.5878116340538835 -1.5789149564951117 -1.4543614706723083 -1.0771423421803892 -0.4534852453104943 -0.0727074457950665 0.841871007246662 1.397913354669892 1.742214776194356 2.0117841062251376 1.816946867688038 2.056267494018996 1.5340325213190986 1.0109078808633238 1.1870620965270031 2.8213817640733607 3.0687094002072133 2.8373957836791495 2.4281486159756525 1.8160571999321609 1.408589367740418 1.4566314265577849 1.5856332511599742 1.6915037141093574 1.7617874668236535
-0.791558992543818 -1.1803438018621404 -0.8831947713991664 -0.6572191614063656 -0.3404974403140941 0.07141873065703486 0.33653972190843073 0.3409880606878166 0.5215906151308816 0.8436503427584163 0.8605540301200825 0.8036152937439438 0.5393839702484249 0.06074271758650873 -0.46594059389277476 -1.070914667889249 -1.4063194118549411 -1.68300608393274 -1.8858503322727347 -1.8093389052672983 -1.5201968846072185 -1.1901301471767893 -0.9792788890339006 -0.9170021461224986 0.16661318053589147 0.6879584854799119 1.0891986433805148 1.4139273742756808 1.3810096673082257 1.7715738121383025 1.7155247435180407 1.365885315458314 1.9308243404403154 3.8978797486847334 4.108731006827623 3.6025100537335137 2.9450455821402866 2.0358051356338214 1.3605473089230509 1.2689115300677025 0.9788798416517459 0.969093496337097 1.1078816662539352
-1.4232230992166075 -1.358277353037574 -0.9739408824986375 -0.679460855303295 -0.7079302234913643 -0.33249043051119953 0.2039792262827329 0.4824452338722862 1.1781654189682316 1.0927573144040235 1.0500532621219194 0.8267466553967502 0.5651843351688628 -0.2524203324822545 -0.6136254413683844 -1.2328341994588934 -1.6661023965710742 -1.9160990359725587 -1.8360289379436128 -1.9765964433722059 -1.6216190087772158 -0.9597061984046027 -0.6162944446360159 -0.3903188346432156 0.16661318053589147 0.5393839702484249 0.46998988529000596 0.6808411434328947 0.899699411378678 1.5055631531310292 1.6710413557241823 1.8810029461111941 2.40056891554346 3.9174524393140313 4.006419214901748 3.486853245469482 2.8471821289937984 2.0696125103571537 1.2573458492412994 1.1265646891273557 0.8854647272846432 0.6666064593388599 0.6995241663063152
-0.4686095971604063 -0.40277418322549563 -0.4187882028312848 -0.3413871080699713 -0.36184946645514593 -0.2933450492526042 0.24401427529720543 0.4352928428107963 0.8534366880730653 0.5696326739482487 0.4281755007637791 0.2039792262827329 -0.12074950461243361 -0.9134434750989899 -1.0299899511188992 -0.943692178798814 -1.377850043666872 -1.300448948905558 -1.1723367920592458 -0.726613246364785 -0.21683362224716785 0.4468585236371996 0.639916426662545 0.8276363231526274 0.8765680497258717 0.6158953972538614 0.5456116445395651 0.6897378209916663 0.8952510725992922 1.4851007947458545 1.7493321182413732 1.960183376384262 2.3765478861347766 3.491301584248868 3.380982782520099 2.867644487378973 2.226194035391535 1.6870553753299715 0.9352861216137647 0.7635802447294713 0.7787045965793831 0.5598463286335997 0.5002385889898295
0.24045560427369672 0.47710722733702315 0.4112718134021127 0.4566448689518483 0.8480986815378022 0.8863543950405204 0.51269393757211 0.6354680878831591 0.22888992344729342 -0.1429911985093626 -0.25775833901751755 -0.3182557464171647 -0.6501018193593486 -1.3422633334317848 -0.8182490252201333 -0.6509914871152258 -0.2639860133086578 -0.15633621484752025 -0.030893061268839617 0.835643332955522 1.3116155823498066 1.2101934581798095 1.340084950537876 1.4815421237223458 1.244000832903142 0.9788798416517459 0.751124896147191 0.899699411378678 1.0989849886951635 1.5464878699013789 1.7769118186735655 2.1576896181889933 2.622096186756875 3.6051790570011453 2.9361489045815152 2.4352659580226694 1.7706841443824253 1.2306558165649844 0.6666064593388599 0.5064662632809698 0.5456116445395651 0.550059983318951 0.5180319441073729
0.43618251056667345 0.6719444658741229 0.5811983547746518 0.8890233983081519 1.4681971073841882 1.6052059417892721 1.2297661488091072 1.1087713340098124 0.497569585722198 0.2377866010060652 0.1968618842357155 0.13725414459194507 -0.457043916334003 -1.2061441667825785 -0.3787531538168123 0.2858286598234323 0.6737238013858773 0.8276363231526274 0.9664244930694654 1.3178432566409468 1.3738923252612083 1.271580533335334 1.1212266825920927 1.3578783056554193 1.3525402991201565 1.1639307348741967 0.937065457125519 0.8116223035468384 1.0571706041689366 1.3641059799465596 1.392575348134629 1.7733531476500568 2.586509476521788 3.7279532073121944 2.8792101682053763 2.279574100744165 1.6132129515921667 1.3036085725469122 0.8881337305522747 0.8303053264202589 0.8365330007113991 0.8409813394907848 0.6114470584744756
0.6995241663063152 0.3080703537203613 -0.03801040331585703 0.40949247789035836 0.9931145257457805 1.3632163121906824 1.4281620583697157 1.5402601956102386 1.4762041171870828 1.6025369385216406 1.387237341599366 1.0402669168072705 0.2715939757293975 -0.694585207153207 -0.08249379110971544 0.6666064593388599 1.0767432947982343 1.2110831259356867 1.2199798034944584 1.1808344222358629 1.1630410671183196 1.1496960507801621 1.0972056531834091 1.1799447544799857 1.271580533335334 1.0874193078687604 0.7911599451616635 0.6372474233949135 0.6061090519392125 0.4877832404075493 0.5473909800513195 1.22264880676209 2.1381169275596954 2.957500930722567 2.7626636921854675 2.2439873905090786 1.6772690300153226 1.4219343840785754 1.372112989749454 1.3596576411671737 1.3222915954203327 1.748442450485496 1.6977313884004976
0.7778149288235059 0.44418952036956805 0.236896933250188 0.6096677229627212 1.2137521292033182 1.4254930551020841 1.2804772108941058 0.9361757893696419 1.4708661106518197 1.1879517642828803 1.0251425649573587 0.8703403754347314 0.7324418732737703 -0.2435236549234827 0.2377866010060652 0.6879584854799119 1.0304805714926215 1.0811916335776202 1.0607292751924453 0.8961407403551693 1.02158389393385 1.0625086107041997 0.9504104734636765 0.9023684146463093 0.9299481150785016 0.6532614430007024 0.3231947055702733 0.06430138861001744 -0.35651145991988287 -0.16345355689453767 0.42550649749614755 1.218200467982704 2.0651641715777678 3.1238688010715974 3.019777673633969 2.5731644601836305 1.911251649811018 1.2795875431382286 1.0918676466481463 0.7502352283913138 1.148806383024285 1.8124985289086522 2.3009261268852175
1.5811849123805886 1.5393705278543615 1.1986277773534064 1.1078816662539352 1.2315454843208615 1.0616189429483225 0.8071739647674525 0.4691002175341288 -0.07092811028331214 -0.07804545233032956 -0.19370226059436124 -0.29423471700848136 -0.10384581725076725 0.7164278536679813 1.2831462141617374 0.9628658220459569 0.7119795148885955 0.7395592153207877 0.7226555279591216 0.4717692208017603 0.5776396837511433 0.7271038667385075 0.757352570438331 0.6239024070567558 0.11679178620677044 -0.024665386977699377 -0.09316980418024157 -0.1323151854388369 -0.03978973882761139 0.6817308111887719 0.7262141989826303 1.0714052882629714 1.9005756367404918 2.7528773468708185 3.132765478630369 2.6576828969919615 1.753780457020759 0.8792370529935032 0.587426029065792 0.8125119713027156 1.5402601956102386 2.596295821836437 3.366748098426064
1.223538474517967 1.2902635562087545 1.1781654189682316 0.8721197109464858 0.7893806096499092 0.7110898471327183 0.4468585236371996 -0.012210038395418898 -0.6865781973503124 -0.6936955393973299 -0.5122033171983875 0.01981800081615903 0.698634498550438 2.197724667203466 1.6123232838362895 1.0073492098398154 0.37746443867878043 0.1852962034093122 0.06786005963352615 -0.07982478784208391 -0.1171908335889249 -0.24886166145874578 -0.3556217921640057 0.07408773392466639 0.2297795912031706 0.2413452720295739 0.35522274478185123 0.42105815871676167 0.6585994495359655 0.6585994495359655 0.7591319059500854 0.9254997762991157 1.4628591008489251 2.3507475212143385 3.0286743511927408 2.7155113011239775 2.0260187903191724 1.349871295852525 1.9459486922902274 2.155910282677239 2.341850843655567 2.4023482510552143 2.4833080168400365
0.5607359963894769 0.3374293896643079 0.16750284829176865 0.047397701248351076 0.01981800081615903 -0.10473548500664442 -0.3173660786612875 -0.12341850788006514 0.04917703676010543 0.5260389539102674 1.0287012359808674 1.1986277773534064 1.557163882971905 2.3658718730642505 1.948617695557859 1.0464945910984107 0.16394417726825994 -0.48106494574268677 -0.5789283988891749 -0.7568619500646085 -0.933905833484165 -0.8262560350230275 -0.5299966723159306 0.10789510864799867 0.5509496510748282 0.7529042316589452 0.9593071510224482 0.9521898089754308 0.9824385126752546 1.026921900469113 1.212862461447441 1.0927573144040235 1.2039657838886693 1.7804704896970742 2.3614235342848646 2.3854445636935484 1.4628591008489251 1.2635735235324397 1.4868801302576087 1.22264880676209 0.8988097436228009 1.5189081694691868 1.7938155060352317
0.33120171537316767 0.14970949317422555 0.013590326525018792 0.2582489593912398 0.2956150051380808 0.010031655501510084 -0.4116708607842674 -0.16434322465041484 0.5963227066245638 1.1630410671183196 1.345422957073139 1.5340325213190986 1.287594552941123 1.5980885997422547 1.5883022544276058 1.3854580060876116 0.460203539975357 -0.6278601254624192 -1.1945784859561752 -1.602935985903795 -1.9997278050250125 -1.7933248856615092 -0.7728759696703977 0.06252205309826309 0.7991669549645579 0.8374226684672761 1.0500532621219194 1.4530727555342764 1.5055631531310292 1.5989782674981319 1.7084074014710235 1.6354546454890957 1.47709378494296 1.752890789264882 1.6301166389538326 1.5064528208869064 0.8240776521291187 0.31162902474387 0.17106151931527735 0.07230839841291203 0.03405268491019342 1.0091285453515695 1.3836786705758573
0.0038039812103698445 0.07230839841291203 0.7431178863442964 0.9673141608253426 0.8160706423262241 0.528707957177899 0.13280580581255919 0.1737305225829089 0.7004138340621924 0.5723016772158802 0.7466765573678051 0.3294223798614133 0.0038039812103698445 0.8062842970115753 1.5455982021455017 1.3507609636084021 0.8196293133497328 -0.20081960264137866 -1.178564466350386 -1.6669920643269514 -1.9258853812872068 -1.7034684423179152 -0.7159372332942588 -0.007761699616033457 0.5295976249337762 0.5580669931218456 1.0651776139718312 1.4806524559664687 1.8525335779231247 1.8480852391437388 1.7662358056030394 1.6977313884004976 1.551825876436642 1.615881954859798 1.5028941498633976 1.244000832903142 0.7840426031146461 0.31696703127913306 0.08832241801870078 -0.0006443575690160408 0.3605607513171143 1.1585927283389337 1.202186448376915
-0.18658491854734383 0.45130686241658524 1.1781654189682316 0.9975628645251664 0.8463193460260479 0.6790618079211403 0.5393839702484249 0.7057518405974554 0.6541511107565796 0.5260389539102674 -0.35651145991988287 -1.018424270292496 -0.9285678269489019 0.7804839320911374 1.4539624232901533 0.6061090519392125 0.07319806616878921 -0.08605246213322415 -0.6999232136884697 -0.838711383605308 -0.35384245665225134 -0.13142551768295974 -0.29779338803199007 0.24846261407659087 0.10077776660098126 0.2004205552592242 0.7609112414618397 1.2609045202648081 1.6336753099773413 1.5820745801364655 1.566950228286554 1.4681971073841882 1.3427539538055075 1.4059203644727865 1.6229992969068154 1.3427539538055075 0.9735418351164828 0.677282472409386 0.5313769604455305 0.835643332955522 1.1977381095975292 1.2395524941237561 1.1888414320387575
0.07230839841291203 0.9014787468904322 1.053611933145428 0.8392020039790304 0.8062842970115753 0.6176747327656158 0.8062842970115753 1.3516506313642793 1.2431111651472648 0.9441827991725362 0.018038665304404677 -0.6020597605419815 -0.2808897006703237 1.1319026956626188 0.5438323090278108 -0.3929878379108471 -0.4445885677517225 -0.35295278889637416 -0.21149561571190478 0.3125186924997472 0.9094857566933268 1.085639972357006 0.8881337305522747 0.5393839702484249 0.11679178620677044 0.1852962034093122 0.35077440600246534 0.8196293133497328 1.0553912686571822 1.0794122980658658 1.2884842206970002 1.3730026575053311 1.2457801684148961 1.6817173687947085 1.9423900212667187 1.5491568731690104 1.0740742915306027 0.71998652469149 0.6968551630386837 1.0011215355486751 1.0989849886951635 0.9788798416517459 0.9326171183461331
0.370347096631763 0.6959654952828065 0.7440075541001736 0.9922248579899033 1.0998746564510407 1.3685543187259452 1.5820745801364655 1.997549422131103 1.5073424886427835 1.3632163121906824 1.3756716607729627 1.292042891720509 1.1292336923949873 0.23600726549431084 -0.5166516559777734 -0.2595376745292719 0.03316301715431624 0.42194782647263884 0.3534434092700969 0.8329743296878904 1.042935920074902 1.2626838557765625 1.1995174451092836 0.7431178863442964 0.5616256641453541 0.16305450951238276 0.12568846376554177 0.5420529735160564 0.7119795148885955 0.7422282185884193 0.8605540301200825 1.2956015627440176 1.9103619820551407 2.2902501138146913 2.1594689537007477 1.747552782729619 1.1692687414094598 0.8525470203171881 0.6906274887475434 0.9886661869663946 1.096315985427532 0.7564629026824539 0.385471448481675
0.3196360345467646 0.296504672893958 0.3454363994672023 0.825856987640873 1.4486244167548905 2.0162324450045235 2.3178298142468834 2.220856028856272 1.519797837225064 1.1630410671183196 1.1594823960948109 1.0153562196427097 0.5118042698162328 -0.7088198912472414 -0.7186062365618904 0.026935342863176448 0.8374226684672761 1.2902635562087545 1.330298605223227 1.085639972357006 1.0838606368452517 1.1425787087331447 1.1354613666861275 0.9432931314166593 0.48867290816342646 -0.6189634479036474 -0.16345355689453767 0.639916426662545 0.9628658220459569 0.6701651303623686 0.7057518405974554 1.7021797271798833 2.500211704201703 2.383665228181794 1.953955702093122 1.5856332511599742 0.8000566227204351 0.6968551630386837 0.9771005061399916 1.3231812631762099 1.451293420022522 1.2511181749501592 0.7324418732737703
1.4183757130550667 0.618564400521493 0.2671456369500116 0.7466765573678051 1.397913354669892 1.658586007141902 2.135447924292064 1.6674826847006738 1.2635735235324397 0.7288832022502618 0.15771650297712014 -0.30313139456725313 -0.48729262003382656 -0.37252547952567205 0.27693198226466054 0.6666064593388599 0.835643332955522 1.0829709690893745 1.3436436215613847 0.6479234364654394 0.5224802828867587 0.6906274887475434 0.8329743296878904 0.6132263939862299 -0.2969037202761129 -0.4606025873575117 1.2475595039266505 1.9619627118960163 1.6665930169447967 1.38278900281998 1.4797627882105915 2.759994688917836 3.19860089256528 2.839175119190904 2.1594689537007477 1.542039531121993 0.8738990464582401 0.9352861216137647 1.5393705278543615 1.769794476626548 1.6505789973390077 1.493107804548749 1.2609045202648081
