static/data/seaWind_vo/2023/7/29/18.asc
ncols 137
nrows 93
xllcorner 108.0
yllcorner 17.0
cellsize 0.25
NODATA_value -32767
[rows 57 to 75 of 93, columns 86 to 128 of 137]
-0.022886051465945023 -0.031782729024716794 -0.08516279437734697 -0.17857790874444968 -0.35651145991988287 -0.5673627180627716 -0.7426272659705737 -0.80668334439373 -0.6830195263268037 -0.39743617669023257 0.02960434613080798 0.3934784582845694 0.6381370911507906 0.7973876194528036 0.9361757893696419 1.0740742915306027 1.1461373797566534 1.0714052882629714 0.9272791118108701 0.7644699124853485 0.587426029065792 0.4637622109988657 0.36234008682886865 0.38725078399342916 0.4797762306046547 0.7013035018180696 0.9717624996047285 1.4744247816753284 1.9530660343372448 2.3053744656646034 2.442383300069687 2.401458583299337 2.256442739091359 2.1683656312595194 1.9245966661491754 1.7520011215090048 1.6817173687947085 1.8365195583173357 2.0847368622070657 2.367651208576005 2.485087352351791 2.4761906747930196 2.443272967825564
-0.15188787606813436 -0.14743953728874848 -0.15900521811515178 -0.25331000023813166 -0.4445885677517225 -0.5976114217625956 -0.7150475655383817 -0.674122848768032 -0.5344450110953165 -0.35384245665225134 -0.09850781071550418 0.1283574670331733 0.2858286598234323 0.4637622109988657 0.6577097817800883 0.8053946292556982 0.9859971836987633 1.0865296401128832 1.0020112033045523 0.8916924015757834 0.7253245312267531 0.5847570257981605 0.47087955304588314 0.5198112796191272 0.841871007246662 1.1505857185360393 1.6167716226156752 2.1105372271275034 2.579392134474771 2.8800998359612535 2.986859966666514 2.9379282400932696 2.803588408955817 2.594516486324683 2.2920294493264457 2.0215704515397865 1.9023549722522461 2.0366948033896985 2.2946984525940772 2.558040108333719 2.6541242259684528 2.571385124671876 2.5615987793572277
-0.2853380394497096 -0.30669006559076184 -0.3253730884641821 -0.3814221570844438 -0.5033066396396157 -0.6243014544389105 -0.6563294936504884 -0.6198531156595246 -0.5575763727481231 -0.42857454814593376 -0.34405611133760283 -0.17501923772094097 0.015369662036773146 0.26536630143825723 0.46732088202237443 0.6701651303623686 0.847209013781925 0.9513001412195536 1.0313702392484987 0.9441827991725362 0.9513001412195536 0.8854647272846432 1.0144665518868325 1.2582355169971766 1.609654280568658 2.0260187903191724 2.481528681328282 2.745760004823801 3.077606077765985 3.2946850102000136 3.3106990298058028 3.2617673032325585 3.167462521109579 2.992197973201777 2.782236382814765 2.5037703752252116 2.3551958599937244 2.2769050974765337 2.485977020107668 2.6301031965597694 2.733304656241521 2.6692485778183648 2.660351900259593
-0.5815974021568064 -0.6029494282978587 -0.6082874348331218 -0.6545501581387341 -0.7097095590031186 -0.8253663672671503 -0.859173741990483 -0.8742980938403946 -0.8155800219525018 -0.6723435132562776 -0.5219896625130365 -0.2995727235437444 -0.05135541965401469 0.1968618842357155 0.42550649749614755 0.6354680878831591 0.835643332955522 1.0064595420839382 1.12834402463911 1.3409746182937532 1.3596576411671737 1.604316274033395 1.8721062685524223 2.1923866606682028 2.543805424239684 2.9557215952108127 3.2350772705562436 3.4948602552723766 3.66656613215667 3.757312243256141 3.7768849338854387 3.727063539556317 3.6345380929450917 3.4930809197606223 3.316037036341066 3.0749370744983535 2.9236935559992347 2.8373957836791495 2.70216628478582 2.787574389350028 2.8009194056881856 2.766222363208976 2.7519876791149414
-0.8458287256523254 -0.9534785241134625 -0.9588165306487255 -1.0549006482834598 -1.103832374856704 -1.1865714761532806 -1.1536537691858255 -1.1669987855239832 -1.029100283363022 -0.8600634097463602 -0.5682523858186488 -0.24530299043523707 0.010921323257387261 0.2813803210440464 0.5100249343044785 0.7618009092177169 1.0082388775956925 1.3125052501056838 1.700400391668129 1.913030985322772 2.184379650865308 2.4619559906989847 2.764443027697222 3.042909035286775 3.366748098426064 3.6825801517624592 3.9619358271078897 4.293781900050073 4.471715451225506 4.504633158192962 4.400542030755334 4.350720636426212 4.08737898068657 3.9192317748257857 3.711049519950528 3.541122978577989 3.396996802125888 3.26443630650019 3.1292068076068604 2.967287276037216 2.8898861812759025 2.845402793482044 2.769781034232485
-1.0789216776921435 -1.1972474892238067 -1.352939346502311 -1.4872791776397634 -1.5388799074806392 -1.5166382135837098 -1.4543614706723083 -1.2897729358350323 -1.1447570916270537 -0.8734084260845174 -0.5638040470392633 -0.21416461897953631 0.10255710211273561 0.37657477092290326 0.7751459255558744 1.0260322327132358 1.4326103971491015 1.9521763665813676 2.3934515734964426 2.6541242259684528 2.934369569069761 3.161234846818439 3.421017831534572 3.6496624447950037 4.0233229022634145 4.344492962135072 4.7217120906269905 5.09270354482777 5.272416431514958 5.2314917147446085 5.073130854198473 4.779540494759007 4.50196415492533 4.191470108124199 3.953039149549118 3.806243969829385 3.681690484006582 3.5491299883808836 3.3854311212994848 3.185255876227122 2.9904186376900226 2.850740800017307 2.7519876791149414
-1.3822983824462574 -1.4961758551985351 -1.6527573802329165 -1.7951042211732635 -1.8431462799906302 -1.7799798693233515 -1.612722331218444 -1.4178850926813444 -1.198137156979684 -0.896539787737324 -0.6296394609741736 -0.32715242397593647 0.00825231998975573 0.4166098199373758 0.8552160235848196 1.365885315458314 1.9237069983932982 2.4655146617224935 2.7804570473030106 3.0179983381222146 3.316926704096943 3.501087929563517 3.8498376898673667 4.192359775880076 4.673670031809624 5.052668495813297 5.469922673319689 5.514406061113547 5.546434100325126 5.4610259957609175 5.272416431514958 4.954805042666809 4.651428337912694 4.331147945796914 4.089158316198325 3.900548751952365 3.745746562429738 3.6247517476304427 3.4681702225960613 3.2937953424441364 3.051805712845547 2.8160437575380977 2.542915756483807
-1.7194824619237044 -1.8315805991642278 -1.9214370425078209 -2.0148521568749236 -2.017521160142555 -1.9178783714843122 -1.6999097712944065 -1.4846101743721318 -1.288883268079155 -1.1029427071008269 -0.8689600873051315 -0.589604411959701 -0.23907531614409683 0.1924135454563296 0.7253245312267531 1.281366878649983 1.8658785942612823 2.264449748894253 2.553591769554333 2.924583223755112 3.3338303914586094 3.755532907744387 4.319582264970511 4.783099165782516 5.055337499080929 5.249285069862152 5.244836731082765 5.090034541560138 4.960143049202072 4.8969766385347935 4.800892520900058 4.6318556472833965 4.37029332705551 4.112289677851131 3.863182706205524 3.6825801517624592 3.5544679949161466 3.445038860943255 3.31781637185282 3.173690195400719 2.9904186376900226 2.7528773468708185 2.4495006421167043
-2.0664528867158 -2.086915245100975 -2.082466906321589 -2.081577238565712 -2.0895842483686056 -2.047769863842379 -1.8636086383758053 -1.6420813671623904 -1.448133796381168 -1.3022282844173123 -1.1572124402093342 -0.9250091559253932 -0.5566867049922459 -0.04868641638638316 0.5758603482393889 1.244000832903142 1.8302918840261955 2.262670413382499 2.6941592749829253 3.156786508039053 3.604289389245268 3.975280843446047 4.244850173476829 4.384528011149545 4.396093691975947 4.322251268238142 4.260864193082618 4.289333561270688 4.339154955599809 4.261753860838495 4.179904427297796 4.089158316198325 3.963715162619644 3.7973472922706133 3.603399721489391 3.3614100918908014 3.1541175047714214 2.968176943793093 2.8276094383645005 2.7413116660444152 2.655903561480207 2.4993220364458257 2.345409514679076
-2.4587963670576305 -2.465913709104648 -2.4187613180431584 -2.342249891037722 -2.266628131788162 -2.1838890304915854 -2.0886945806127293 -1.9383407298694872 -1.8013318954644038 -1.6536470479887937 -1.4570304739399398 -1.0976047005655638 -0.6091771025889989 0.02960434613080798 0.6950758275269293 1.3214019276644555 1.7982638448146173 2.098081878545223 2.3756582183788995 2.6950489427388025 2.940597243360901 3.195042221541771 3.3347200592144866 3.3854311212994848 3.417459160511063 3.476177232398956 3.5251089589722002 3.603399721489391 3.6203034088510573 3.5847166986159706 3.575820021057199 3.591834040662988 3.6550004513302667 3.6122963990481627 3.5313366332633405 3.243084280359138 2.9441559143844094 2.671027913330119 2.485977020107668 2.3347335016085498 2.2075110125181148 2.0909645364982055 1.986873409060577
-2.806656459605603 -2.8342361600377957 -2.8226704792113924 -2.7595040685441137 -2.6687579574446425 -2.646516263547713 -2.5842395206363116 -2.4249889923342987 -2.2034617211208833 -1.655426383500548 -1.1554331046975799 -0.664336503453383 -0.16790189567392355 0.3650090900965002 0.7182071891797357 1.1532547218036708 1.4423967424637505 1.5776262413570799 1.7893671672558458 1.976197395990051 2.212849019053378 2.506439378492843 2.8382854514350266 3.0971787683952825 3.254649961185541 3.3445064045291355 3.426355838069835 3.4468181964550095 3.3391683979938724 3.3516237465761525 3.37119643720545 3.501087929563517 3.6060687247570224 3.7021528423917567 3.677242145227196 3.434362847872729 3.0704887357189676 2.7244079786827493 2.341850843655567 2.1069785561039946 1.84452656812023 1.6657033491889195 1.5233565082485727
-3.179427249318137 -3.249711002032433 -3.2532696730559416 -3.284408044511643 -3.239034988961907 -3.194551601168049 -2.906299248263846 -2.6927789868533254 -2.12606062635957 -1.5415489107482707 -1.0193139380483731 -0.6029494282978587 -0.17946757650032685 0.13102647030080483 0.47265888855763727 0.8605540301200825 1.2164211324709497 1.4423967424637505 1.748442450485496 1.960183376384262 2.2858017750353055 2.5980751573481915 2.968176943793093 3.3204853751204517 3.5028672650752712 3.640765767236232 3.715497858729914 3.7733262628619304 3.7448568946738607 3.7395188881385977 3.721725533021054 3.8427203478203493 3.959266823840258 4.042895592892712 3.9921845308077133 3.7493052334532466 3.3898794600788706 2.8907758490317796 2.477970010304774 2.123882243465661 1.859650919970142 1.6541376683625164 1.5002251465957661
-3.629599133791984 -3.6723031860740876 -3.7479249453236467 -3.7870703265822425 -3.7621596294176816 -3.6518408276889125 -3.2372556534501524 -2.6936686546092026 -2.2043513888767605 -1.7693038562528254 -1.3885260567373976 -1.0522316450158282 -0.7186062365618904 -0.3867601636197069 0.035832020421947774 0.5144732730838644 0.9726521673606057 1.3365262795143673 1.6648136814330423 2.014453109492769 2.459286987431353 2.930810898046252 3.2617673032325585 3.5375643075544807 3.676352477471319 3.76709858857079 3.825816660458683 3.9557081528167495 4.114958681118763 4.227056818359285 4.325809939261651 4.501074487169453 4.563351230080855 4.565130565592609 4.439687412013929 4.183463098321305 3.82670632821456 3.3614100918908014 2.8320577771438864 2.405906922078723 2.0954128752775913 1.8534232456790019 1.6826070365505856
-4.121585402792057 -4.149165103224249 -4.245249220858984 -4.28706360538521 -4.065536334171796 -3.8529057405171527 -3.3386777776201497 -2.841353502084813 -2.477479389931051 -2.3636019171787734 -2.116274281044921 -1.807559569755544 -1.438347451066519 -1.0299899511188992 -0.5584660405040003 -0.028224058001208085 0.4344031750549191 0.8623333656318368 1.2359938231002474 1.6283373034420783 2.1648069602360107 2.7857950538382736 3.126537804339229 3.212835576659314 3.301802352247031 3.46550121932843 3.597172047198251 3.847168686599735 4.2528571832797235 4.51797817453112 4.863169263811461 5.031316469672245 5.033095805184 5.001067765972422 4.843596573182163 4.566020233348487 4.223498147335777 3.872969051520173 3.36496876291431 2.9744046180842334 2.5251224013662634 2.24042871948557 1.922817330637421
-4.610902668524499 -4.669620740412393 -4.785277548676424 -4.696310773088708 -4.474783501875294 -4.041515304763113 -3.499707641433917 -3.2888563832910287 -3.259497347347082 -3.1989999399474347 -2.9925970205839314 -2.6847719770504317 -2.296876835487986 -1.8484842865258932 -1.378739711422749 -0.8645117485257461 -0.40989152527251305 0.09988809884510408 0.4753278918252688 0.9450724669284134 1.4913284690369946 2.141675598583204 2.5518124340425787 2.632772199827401 2.897893191078797 3.0927304296158966 3.4841842422018505 3.8925417421494704 4.337375620088054 4.625627972992257 4.977046736563738 5.107827896677682 5.069572183174964 5.020640456601719 4.984164078610755 4.695022057950676 4.5971586048041875 4.243070837965075 3.9672738336431523 3.6336484251892145 3.1149721235128256 2.732414988485644 2.405017254322846
-5.1269099669332565 -5.257691127047201 -5.3368715573202685 -5.172283022482993 -4.761256519267741 -4.2781669278264385 -4.118026731768548 -4.1936484910181075 -4.271939253535299 -4.107350718698022 -3.8831544442169768 -3.6126954464303176 -3.2568283440794503 -2.8920645641698113 -2.4392236764283326 -1.8858503322727347 -1.1545434369417027 -0.61184610585663 -0.05491409067752295 0.4566448689518483 0.9361757893696419 1.5455982021455017 2.023349787051541 2.396120576764074 2.7359736595091526 3.296464345711768 3.831154666993946 4.219049808556392 4.321361600482265 4.576696246419013 4.724381093894623 4.823134214796989 4.713705080824097 4.638972989330414 4.697691061218308 4.777761159247253 4.759967804129709 4.6718906962978695 4.414776714849368 4.017095227972274 3.635427760700969 3.3000230167352766 3.073157738986599
-5.742560054000258 -5.917824601908059 -5.8457615136820085 -5.464094046410704 -5.077088572604136 -4.964990435363612 -5.046839868904312 -5.201642058426939 -5.047729536660189 -4.7977328972587046 -4.514818550889766 -4.281725598849947 -3.993473245945745 -3.6963242154827713 -3.2114552885297143 -2.3787262690286854 -1.4872791776397634 -0.7239442430971534 -0.09494913969199592 0.4121614811579899 0.8899130660640291 1.5073424886427835 2.05181915523961 2.4646249939666163 2.946824917652041 3.61318606680404 4.30089924209709 4.543778539451557 4.375631333590773 4.245739841232706 4.300009574341214 4.348051633158581 4.319582264970511 4.399652362999456 4.51797817453112 4.613172624409977 4.694132390194799 4.679008038344887 4.469936115713752 4.090047983954202 3.937025129943329 3.7475258979414923 3.507315603854657
-6.343085789217346 -6.440949242363834 -6.165152238041912 -5.8164024777380625 -5.658041617191927 -5.76391208014131 -5.978322009307707 -5.988998022378233 -5.697186998450523 -5.3715685997994775 -5.013922161936856 -4.62335801710678 -4.179413806924073 -3.654509830956544 -3.045977085936561 -2.2746351415910566 -1.5193072168513413 -0.838711383605308 -0.23729598063234247 0.2956150051380808 0.7795942643352602 1.3783406640405942 2.057157161774873 2.6496758871890673 3.195042221541771 3.832044334749823 4.5677995688602415 5.001067765972422 4.864948599323215 4.591820598268924 4.391645353196562 4.2973405710735815 4.256415854303232 4.433459737722789 4.669221693030238 4.836479231135145 4.905873316093565 4.848934579717426 4.641641992598046 4.333816949064546 4.272429873909021 4.076702967616044 3.741298223650352
-6.851975745579086 -6.762119302235492 -6.416928212955151 -6.198069945009367 -6.261236355676646 -6.487211965669447 -6.756781295700229 -6.682938871962424 -6.287036720597085 -5.817292145493941 -5.379575609602373 -4.918727712057999 -4.445424465931346 -3.879595773193468 -3.3173257514790975 -2.651854270082976 -1.9730377723486971 -1.2710899129616116 -0.5771490633774206 0.0046936489662470215 0.44063084934605934 0.8863543950405204 1.5794055768688342 2.414803599637495 3.241304944847384 4.194139111391831 5.01085411128707 5.7448300098857334 6.05710339219862 5.917425554525904 5.71458130618591 5.559779116663283 5.2813131090737295 4.954805042666809 5.035764808451631 5.2314917147446085 5.397859585093638 5.479709018634338 5.3711695524173235 5.181670320415487 4.9921710884136505 4.703918735509448 4.325809939261651
