static/data/seaWind_vo/2023/7/29/6.asc
ncols 137
nrows 93
xllcorner 108.0
yllcorner 17.0
cellsize 0.25
NODATA_value -32767
[rows 38 to 56 of 93, columns 43 to 85 of 137]
3.146110494968527 3.3507340788202753 3.5215502879486915 3.5793786920807076 3.832044334749823 4.662994018739099 4.466377444690243 4.345382629890949 5.064234176639701 6.674532814777374 7.962771725287514 9.175388876548093 8.85599815218819 7.8017418614737455 7.513489508569544 6.9538884901228055 6.404963484746592 6.022406349719411 5.828458778938188 5.668318582880298 5.971695287634412 6.150518506565723 6.175429203730284 6.076676082827918 5.71458130618591 5.569565461977932 5.4112046014317965 5.24038839230338 5.218146698406451 5.1861186591948725 5.243057395571011 5.250174737618028 5.122952248527594 5.091813877071893 4.955694710422686 4.834699895623391 4.700360064485939 4.454811763863841 4.299119906585336 4.133641703992183 3.9512598140373636 3.7599812465237727 3.66033845786553
3.5366746397986035 3.4299145090933436 3.3035816877587854 3.0802750810336166 2.9841909633988823 3.816919982899911 3.6950355003447393 3.095399432883528 3.1336551463862463 3.9770601789578013 4.842706905426286 6.580228032654395 7.155843070706922 7.448543762390511 7.809748871276641 7.09356632779552 6.108704122039496 5.813334427088276 5.58913815260723 5.451239650446269 5.858707482638012 5.955681268028623 6.070448408536778 5.948563925981606 5.662980576345035 5.672766921659683 5.503730048043021 5.439673969619865 5.314230816041185 5.115834906480576 5.08024819624549 5.112276235457068 5.106048561165927 5.146973277936278 5.164766633053821 5.0508891603015424 4.923666671211108 4.622958969724625 4.338265287843932 4.108731006827623 3.9441424719903466 3.800016295538245 3.6389864317244776
3.093620097371774 3.0758267422542307 2.7537670146266957 2.4085759253463546 2.346299182434953 3.2760019873265933 3.185255876227122 2.929921230290375 2.7964710669087998 2.665689906794856 2.8649754841113415 4.824913550308743 6.100697112236601 6.918301779887718 7.752810134900502 7.157622406218676 6.266175314829754 5.9005218671642385 5.674546257171437 5.543765097057494 5.863155821417397 5.841803795276345 5.858707482638012 5.741271338862225 5.539316758278108 5.583800146071967 5.46013632800504 5.483267689657847 5.361383207102675 5.1709943073449605 5.129179922818734 5.200353343288907 5.264409421712063 5.311561812773553 5.285761447853115 5.173663310612593 4.981495075343124 4.695022057950676 4.378300336858404 4.026881573286923 3.72617387180044 3.618524073339303 3.4592735450372896
2.453059313140213 3.0402400320191436 2.80269874119994 2.4717423360136337 2.382775560425917 2.9841909633988823 2.509998049516352 2.3925619057405654 2.6790349231330137 2.7208493076592406 2.6461172161655586 4.654987008936203 6.138952825739319 7.550855554316385 8.336432182755924 7.315983266764812 6.580228032654395 6.251940630735719 6.0152890076723935 5.846252134055732 5.888956186337835 5.598034830166002 5.568675794222054 5.503730048043021 5.3809558977319725 5.229712379232854 5.250174737618028 5.324017161355833 5.4156529402111815 5.282202776829607 5.301775467458905 5.305334138482413 5.311561812773553 5.052668495813297 4.912990658140583 4.77865082700313 4.601606943583573 4.32936861028516 4.125634694189289 3.8347133380174547 3.650552112550881 3.551798991648515 3.396996802125888
1.7359871019032158 2.3818858926700397 2.262670413382499 1.9308243404403154 1.6141026193480437 2.132778921024433 2.043812145436716 2.3747685506230223 2.66124156801547 3.2884573359088733 3.439700854407992 4.914769993652337 6.219022923768264 7.633594655612962 8.35066686684996 7.4725647917991935 6.849797362685177 6.5090546121842205 6.271513321365017 5.9547916002727455 5.832017449961697 5.449460314934514 5.229712379232854 5.163876965297943 5.052668495813297 4.7021393999976935 4.800002853144182 5.093593212583647 5.185228991438995 5.274195767026712 5.316899819308816 5.235050385768117 5.0215301243575965 4.762636807397341 4.339154955599809 4.164780075447884 4.061578615766132 3.963715162619644 3.7599812465237727 3.6398760994803547 3.57226135003369 3.4904119164929908 3.376534443740713
0.783152935358769 1.4263827228579613 1.3036085725469122 1.0393772490513933 0.7093105116209639 1.0740742915306027 2.0464811487043475 2.3667615408201277 2.2333113774385525 2.876541164937745 4.044674928404467 5.038433811719263 6.362259432464489 8.013482787372512 8.710982307980212 7.735016779782958 7.1985471229890265 6.831114339811755 6.505495941160712 6.19856056538309 5.776858049097312 5.40052858836127 5.1709943073449605 4.8382585666469 4.7226017583828686 4.145207384818586 4.358727646229107 4.6621043509832205 4.905873316093565 5.0117437790429475 5.066903179907332 4.970819062272598 4.749291791059183 4.481501796540156 4.049123267183852 3.856955031914384 3.796457624514736 3.711049519950528 3.4841842422018505 3.35874108862317 3.300912684491154 3.194152553785894 3.085613087568879
-0.04245874209524292 0.8276363231526274 1.78491882847646 1.519797837225064 0.9041477501580637 1.0340392425161302 2.1906073251564484 1.6701516879683052 1.535811856830853 2.251104732556096 4.016205560216397 5.285761447853115 8.084656207842686 9.739438233774218 9.355991430991159 7.947647373437601 7.443205755855248 7.090897324527889 6.764389258120968 6.328452057741156 5.765292368270909 5.493943702728373 5.274195767026712 4.9414600263286514 4.559792559057346 3.991294863051836 4.218160140800514 4.3524999719379664 4.598048272560065 4.646979999133309 4.686125380391904 4.653207673424449 4.486839803075419 4.219049808556392 3.985067188760696 3.840051344552718 3.7546432399885097 3.586496034127725 3.359630756379047 2.9557215952108127 2.7795673795471334 2.6051924993952085 2.569605789160122
0.32052570230264177 1.5037838176192748 2.8436234579702897 3.0651507291837046 2.4717423360136337 2.303595130152849 2.5197843948310004 1.8907892914258428 1.9664110506754022 2.7519876791149414 3.9939638663194676 5.391631910802499 8.341770189291188 9.648692122674747 9.035711038875379 7.881811959502691 7.768824154506291 7.412067384399547 6.921860450911227 6.359590429196857 5.781306387876698 5.825789775670556 5.632731872645211 5.333803506670483 4.908542319361196 4.578475581930767 4.608724285630591 4.624738305236379 4.536661197404539 4.542888871695681 4.412107711581736 4.258195189814987 4.079371970883676 3.885424400102453 3.693256164832985 3.651441780306758 3.6923664970771077 3.4681702225960613 3.036681360995635 2.5553711050660874 2.1060888883481175 1.7092970692269007 1.7635668023354079
2.395230909008197 2.09274387200996 1.9984390898869802 2.155910282677239 2.4459419710931956 3.009101660563443 3.3151473685851887 3.4850739099577277 3.830264999238069 4.410328376069982 4.681677041612518 5.806217085041259 7.691423059744977 8.75902436679758 8.558849121725215 8.157608963824613 7.836438903952956 7.447654094634633 6.96812317421684 6.472578234193257 6.010840668893007 5.966357281099149 5.774189045829681 5.531309748475214 5.349817526276271 5.271526763759081 5.279533773561975 5.130959258330488 4.934342684281634 4.686125380391904 4.368513991543756 3.9735015079342926 3.6345380929450917 3.477066900154833 3.4236868348022034 3.3356097269703637 3.411231486219923 3.2626569709884357 2.8115954187587118 2.1808209798417995 1.5384808600984845 0.9548588122430623 0.9415137959049049
3.3204853751204517 1.5722882348218168 1.0438255878307792 1.2742495366029656 1.9397210179990871 2.85607880655257 3.2039388991005424 3.5357849720427263 4.161221404424375 4.989502085146018 5.423659950014077 7.272389546726831 8.578421812354513 8.8595568232117 8.284831452915048 7.930743686075935 7.703878408327258 7.575766251480946 7.184312438894992 6.5588760065133425 6.090910766921953 5.9005218671642385 5.7056846286271385 5.503730048043021 5.396080249581884 5.5704551297338085 5.729705658035822 5.621166191818808 5.342700184229255 4.93879102306102 4.425452727919894 3.901438419708242 3.390769127834748 3.108744449221686 3.0437987030426523 3.015329334854583 2.8427337902144125 2.7315253207297667 2.4824183490841594 2.0829575266953113 1.627447635686201 1.165710070385951 0.9361757893696419
2.8845481747406394 1.8036018513498804 1.711966072494532 2.0696125103571537 2.438824629046178 2.6461172161655586 3.8622930384496468 4.443246083037438 5.622945527330562 6.905846431305438 7.379149677432091 7.657615685021645 8.150491621777595 7.948537041193479 7.574876583725068 7.598007945377875 7.654057013998136 7.5624212351427875 7.146056725392274 6.476136905216766 6.02863402401055 5.76796137153854 5.62027652406293 5.483267689657847 5.385404236511358 5.456577656981532 5.464584666784426 5.430777292061094 5.2910994543883785 4.974377733296107 4.5669099011043635 4.043785260648589 3.4601632127931667 2.939707575605024 2.679924590888891 2.6407792096302956 2.480639013572405 2.354306192237847 2.225304367635658 1.9904320800840858 1.821395206467424 1.7235317533209353 1.3961340191581377
2.7350839917532754 2.3667615408201277 2.751098011359064 3.302692020002908 3.190593882762385 2.129220250000924 3.556247330427901 5.083806867268999 6.215464252744756 7.251927188341657 7.466337117508054 7.303527918182532 7.372032335385073 7.289293234088497 7.178084764603851 7.169188087045081 7.1380497155893785 7.162070744998063 6.9832475260667515 6.416529165572996 5.949453593737482 5.644297553471614 5.578462139536704 5.528640745207582 5.396080249581884 5.2661887572238175 5.151421616715663 5.082917199513121 5.053558163569175 4.904093980581811 4.644310995865677 4.159442068912621 3.597172047198251 3.100737439418791 2.628323861048015 2.3293954950732867 2.274236094208902 2.1906073251564484 2.103419885080486 1.9824250702811912 1.843636900364353 1.779580821941197 1.6132129515921667
2.6309928643156466 3.221732254218086 3.603399721489391 3.8880934033700845 3.5544679949161466 2.4868666878635453 3.4503768674785182 5.19946367553303 6.339128070811682 7.069545298386837 7.119366692715959 7.122035695983589 7.070434966142715 6.759051251585705 6.749264906271057 6.875597727605614 6.913853441108333 6.8640320467792115 6.51884095749887 6.1095937897953725 5.8853975153143265 5.6505252277627545 5.695008615556612 5.561558452175038 5.40675626265241 5.161207962030312 4.9868330818783875 4.886300625464267 4.87918328341725 4.736836442476903 4.545557874963311 4.12830369745692 3.7146081909740367 3.1816972052036134 2.6772555876212594 2.2902501138146913 2.150572276141976 2.0455914809484703 1.9833147380370684 1.9592937086283848 1.8792236105994398 1.7288697598561984 1.5829642478923427
2.522453398098632 3.2199529187063316 3.19860089256528 3.427245505825712 3.5740406855454445 3.355182417599661 4.031329912066308 5.024199127625228 6.152297842077477 6.422756839864135 6.557986338757466 6.91474310886421 6.742147564224039 6.516171954231238 6.742147564224039 6.881825401896755 6.723464541350619 6.541082651395799 6.1549668453451085 5.8053274172853815 5.57668280402495 5.477929683122584 5.504619715798899 5.393411246314253 5.232381382500485 5.01085411128707 4.81957554377348 4.715484416335851 4.653207673424449 4.5419992039398025 4.273319541664899 3.971722172422538 3.56603367574255 3.2857883326412423 2.825830102852746 2.4023482510552143 2.0117841062251376 1.8907892914258428 1.768904808870671 1.7404354406826017 1.6487996618272533 1.4272723906138385 1.2626838557765625
2.7413116660444152 3.3827621180318532 3.3614100918908014 2.3934515734964426 2.472632003769511 3.8489480221114896 4.450363425084454 5.154090619983295 5.432556627572849 5.703015625359507 6.071338076292655 6.454784879075714 6.322224383450016 6.41830850108475 6.6442841110775515 6.874708059849738 6.6540704563921995 6.36492843573212 5.880949176534941 5.51974406764881 5.130959258330488 5.031316469672245 4.972598397784353 4.919218332431722 4.802671856411813 4.801782188655936 4.609613953386468 4.536661197404539 4.45837043488735 4.28221621922367 3.841830680064472 3.5642543402307956 3.3614100918908014 3.0802750810336166 2.7742293730118703 2.3970102445199513 1.948617695557859 1.7635668023354079 1.6407926520243588 1.3934650158905062 1.271580533335334 0.9352861216137647 0.714648518156227
2.7760087085236247 3.226180592997472 3.25198095791791 2.2395390517296927 2.693269607227048 4.6621043509832205 5.184339323683118 4.490398474098928 4.800892520900058 5.189677330218381 5.568675794222054 6.004612994601867 6.18877422006844 6.331121061008787 6.613145739621849 6.862252711267457 6.614035407377727 6.328452057741156 5.696787951068367 5.131848926086366 4.733277771453395 4.521536845554628 4.42367339240814 4.273319541664899 4.324030603749897 4.396983359731825 4.4921778096106815 4.440577079769806 4.171007749739024 3.8338236702615776 3.3631894274025558 3.1389931529215094 2.939707575605024 2.7386426627767837 2.4450523033373184 2.2021730059828517 1.911251649811018 1.7288697598561984 1.4317207293932244 1.1710480769212142 0.894361404843415 0.51892161186325 0.27960098553229207
1.9245966661491754 2.182600315353554 2.562488447113105 3.830264999238069 4.874734944637864 6.756382248318074 5.940556916178711 4.611393288898222 4.066026954545518 4.383638343393667 5.041102814986894 5.743050674373979 6.243043953176948 6.40585315250247 6.643394443321673 6.746595903003424 6.524178964034133 6.102476447748355 5.294658125411887 4.79110617558541 4.535771529648663 4.369403659299632 4.129193365212798 3.8133613118764025 4.005529547145871 4.187021769344813 4.291112896782442 4.108731006827623 3.7920092857353507 3.221732254218086 2.9610596017460757 2.75554635013845 2.5455847597514385 2.3471888501908302 2.13366858878031 1.9468383600461046 1.7653461378471622 1.5011148143516433 1.18172408999174 0.8836853917728889 0.6025503809157038 0.31340836025562435 0.0874327502628236
1.355209302387788 1.5936402609628688 2.3427405114114443 4.27598854493253 6.860473375755703 7.834659568441202 5.555330777883897 3.904997090731751 3.25198095791791 3.443259525431501 4.305347580876477 5.410314933675918 6.334679732032296 6.46546089214624 6.442329530493433 6.431653517422907 6.298203354041332 5.799099742994241 5.074910189710227 4.733277771453395 4.372962330323141 4.063357951277887 3.904997090731751 3.8498376898673667 3.9432528042344694 4.079371970883676 4.055350941474992 3.7697675918384217 3.3240440461439604 2.845402793482044 2.7671120309648534 2.5019910397134573 2.2697877554295163 2.0793988556718026 1.9059136432757549 1.658586007141902 1.4744247816753284 1.2093037904239323 0.9548588122430623 0.6870688177240347 0.3890301195051835 0.05629437880712285 -0.19637126386199277
2.632772199827401 2.5295707401456493 2.7012766170299427 4.542888871695681 7.727899437735941 7.807969535764887 5.329355167891096 3.5749303533013217 2.452169645384336 2.354306192237847 3.421017831534572 4.65943534771559 6.19856056538309 6.630939094739393 6.545530990175186 6.4094118235259785 6.298203354041332 5.590027820363106 4.888079960976022 4.661214683227344 4.3827486756377905 4.12207602316578 4.044674928404467 3.9646048303755212 3.765319253059036 3.921900778093417 4.003750211634117 3.7866712792000876 3.3142577008293115 2.952162924187304 2.6906006039594166 2.4192519384168807 2.1950556639358343 1.981535402525314 1.73153876312383 1.4806524559664687 1.2404421618796333 0.97443150287236 0.7466765573678051 0.5304872926896533 0.274262978997029 -0.0531347551657686 -0.3378284370464626
