static/data/seaWater_uo/2023/7/19/0.asc
ncols 137
nrows 93
xllcorner 108.0
yllcorner 17.0
cellsize 0.25
NODATA_value -32767
[rows 52 to 77 of 93, columns 58 to 115 of 137]
0.025116619 -0.07373883 -0.11087265 -0.07288937 0.031430855 0.08212569 0.05427803 0.19609526 0.25754705 0.21029875 0.1464123 0.16621973 0.32929593 0.4437651 0.51733756 0.5061573 0.38274917 0.26464254 0.1789762 0.038199287 -0.015312467 0.02407337 -0.046405494 0.1320325 -0.045644145 -0.11258434 -0.10121962 -0.04518906 -0.07020204 -0.00021823205 0.0050187116 -0.111353375 -0.12531573 -0.059022143 -0.13139573 -0.18504143 -0.21633764 -0.257758 -0.29343426 -0.3445008 -0.34912017 -0.4313219 -0.44756782 -0.59223527 -0.59471804 -0.4181834 -0.31148362 -0.26259243 -0.17551944 -0.06598573 -0.10291104 0.029587118 0.087918565 -0.20995525 -0.19213107 -0.22028969 -0.16270836 -0.16060965
0.12308148 -0.11844036 -0.25518593 -0.11474817 -0.1303733 -0.060648978 0.00036333644 0.022925496 0.2047924 0.19055259 0.15460572 0.23428048 0.43402326 0.6551178 0.609736 0.4188371 0.3200026 0.2970724 0.21184605 0.04761092 0.06999239 0.06962402 0.07331692 -32767.0 0.045820758 -0.111480296 -0.13252012 -0.11328836 -0.14019135 -0.121585295 -0.05567312 -0.13975908 -0.24425817 -0.16105342 -0.1902692 -0.2717344 -0.26223245 -0.2716851 -0.33261418 -0.39502215 -0.4710668 -0.53060275 -0.6556133 -0.67693686 -0.4942 -0.37488002 -0.27182844 -0.22794338 -0.17809616 -0.047406282 -0.11272747 -0.026003942 0.099846296 -0.03460963 -0.13230748 -0.015190722 -0.0655333 -0.08062351
0.3884324 0.42051983 0.20379716 0.039124753 -0.014689819 -0.031413354 -0.01021114 0.015337456 0.008543527 -0.011514355 0.12530482 0.43557695 0.5751658 0.5090666 0.3483695 0.33341607 0.235161 0.043013822 -0.15270807 -0.06983058 0.029130474 -0.11805434 -0.039822154 -0.064900145 0.025871556 -0.057996124 -0.03847399 -0.0903867 -0.18946028 -0.2410393 -0.14499101 -0.14136085 -0.30018938 -0.29917946 -0.20003875 -0.27604786 -0.33600575 -0.3598104 -0.4020724 -0.44592795 -0.58287686 -0.7108801 -0.675588 -0.5142465 -0.4344842 -0.33543637 -0.21425515 -0.1957353 -0.23026982 -0.14005709 -0.12414886 -0.12488107 0.022809815 0.14350887 -0.03694186 0.021554692 0.1659466 -0.051831294
0.5545865 0.55338794 0.68946856 0.6957243 0.62483484 0.5712036 0.5340192 0.40412837 0.08668143 0.0931195 0.2393559 0.42256796 0.46688202 0.36448988 0.3120291 0.2722896 0.109211445 0.09996354 0.22715992 0.20179607 -0.10843668 -32767.0 -0.07170706 -0.04986143 0.15034463 0.1412866 0.05373932 -0.027057353 -0.12331602 -0.29953206 -0.25300035 -0.17377533 -0.23758967 -0.42494744 -0.31950903 -0.24543099 -0.2769227 -0.32891545 -0.39890954 -0.5965371 -0.73162 -0.6587086 -0.4851682 -0.48688596 -0.37550032 -0.25529113 -0.13979843 -0.13192643 -0.21252649 -0.21916029 -0.1508125 -0.16301504 -0.038153917 0.10169497 0.08562432 0.10081879 0.13498437 -0.058576435
0.40939224 0.69195557 0.9401013 0.89207506 0.92276585 0.9406559 0.87791866 0.72582495 0.69540244 0.6191536 0.564124 0.4930964 0.43856207 0.36323002 0.32915086 0.17843716 0.11939094 0.11881741 0.14387465 0.088056535 0.15532055 0.29263943 0.25020924 0.18569933 0.07037279 0.15987463 0.10526498 0.07095622 -0.0450571 -0.21596551 -0.27864078 -0.23270047 -0.17605478 -0.4125759 -0.5049378 -0.4151338 -0.38404793 -0.5086602 -0.6298628 -0.6718669 -0.58599484 -0.45736456 -0.46202382 -0.44373026 -0.42143875 -0.3107069 -0.19315372 -0.10105409 -0.13239832 -0.2118005 -0.16573715 -0.13807973 -0.17590262 0.016782839 0.17223379 0.055348203 0.019640824 0.031671274
0.23388682 0.59158534 0.89096594 0.8455415 0.6779844 0.6677632 0.794976 0.8804588 0.86159784 0.7214729 0.60523397 0.5247442 0.4295905 0.36091605 0.26680344 0.11878906 0.076323606 0.048234746 0.07474652 0.17235693 0.25238058 0.2585307 0.23498711 0.21323845 0.21641538 0.17271745 0.122277476 0.06578274 0.017483784 -0.030681835 -0.13774054 -0.20172454 -0.19426744 -0.2264267 -0.47995362 -0.5381122 -0.5547541 -0.59343654 -0.5758844 -0.48495534 -0.3878489 -0.41032887 -0.3914988 -0.35235882 -0.30366334 -0.18362801 -0.11114003 -0.0944061 -0.11542627 -0.11789236 -0.15666458 -0.16886872 -0.21205704 -0.1772884 0.064213365 0.24933286 0.21289204 0.21155994
0.1845457 0.3775949 0.40424326 0.45735857 0.5349019 0.4942395 0.4277905 0.44144315 0.5478564 0.54673463 0.589482 0.5895426 0.5568255 0.40993294 0.15649915 0.0600216 0.12020348 0.28168637 0.2694393 0.21068661 0.18112166 0.14581747 0.098011725 -0.0036236043 0.040103436 0.14404447 0.1653339 0.043097965 -0.0021200324 0.0126688015 0.0053566033 -0.082385875 -0.11817648 -0.12906246 -0.2627766 -0.38237825 -0.43746993 -0.4264014 -0.38509074 -0.30732337 -0.23493303 -0.29048243 -0.25422773 -0.25765014 -0.18943946 -0.05527197 0.052527707 -0.019180736 -0.07352183 -0.0067130537 -0.11452143 -0.13406311 -0.19432622 -0.21657561 -0.14991394 0.07944194 0.34983084 0.54152095
0.37121284 0.4449338 0.36472642 0.33460066 0.22731644 0.22134836 0.26185971 0.28806907 0.42847967 0.433448 0.45040885 0.48554263 0.41224894 0.19141053 0.022948688 0.21969634 0.517507 0.47534046 0.34378108 0.2143524 0.09763092 0.023551272 -0.015593477 -0.055935975 0.004240474 0.039428383 0.09901243 0.043625142 -0.01208339 -0.0054440545 -0.0061170133 -0.048314743 -0.03311399 -0.104492836 -0.10917354 -0.1970024 -0.28710958 -0.27937067 -0.257237 -0.2353913 -0.112127446 -0.08379734 -0.074409306 -0.040987864 0.07538585 0.18708165 0.18159276 0.06982201 -0.009870918 0.06424777 -0.011124175 -0.11481659 -0.17382132 -0.12084364 -0.053641967 0.021079065 0.15179114 0.23372078
0.48158735 0.54290515 0.44863915 0.25349295 0.19193429 0.28603828 0.3084719 0.287844 0.19536518 0.2296038 0.22706386 0.1448288 -0.068532825 -0.018361427 0.3086254 0.6020202 0.3822412 0.20811112 0.14923097 0.09305889 -0.010265696 -0.054316107 -0.026325058 -0.008166264 -0.017234905 -0.057850093 -0.049545012 -0.032860443 -0.050644208 -0.0023133412 -0.0126492 0.009442845 -0.016934596 -0.09646757 -0.095681794 -0.072777696 -0.0687069 -0.11785029 -0.0731512 -0.014808541 0.057004675 0.14095944 0.23389706 0.26729226 0.33027813 0.2892752 0.19228229 0.013160124 0.026280386 0.116660506 0.037231 -0.09675214 -0.16283275 -0.096759655 0.08237798 0.19122496 0.20571457 0.1258889
0.5646808 0.504968 0.39304775 0.14608636 0.2782274 0.29091945 0.2319644 0.097554356 0.14677145 0.17855863 0.12342239 0.11027937 0.19552504 0.44272217 0.4383498 0.1927986 0.052988898 -0.022129737 0.008270577 -0.051644646 -0.096366264 -0.1402525 -0.13820592 -0.07031757 -0.10882203 -0.13588981 -0.16951989 -0.14676932 -0.07108145 -0.0037017737 0.035238095 0.011875448 -0.060467817 -0.13285169 -0.093137845 -0.059596553 0.010905827 0.100344606 0.19030246 0.26070848 0.2913853 0.302325 0.28978926 0.25483933 0.22880857 0.1366106 0.14179727 0.13211899 0.18067233 0.19772643 0.085435174 -0.03511104 -0.10726541 0.055652823 0.14587547 0.20060018 0.20423087 0.05274144
0.69160223 0.4904746 0.2767983 0.17325392 0.25533873 0.1344681 0.03151724 0.030663611 0.009873227 0.07313336 0.09886366 0.123656034 0.1389262 0.051870737 -0.10977779 -0.15456341 -0.14214453 -0.16977346 -0.16337349 -0.20108451 -0.19892587 -0.19038865 -0.12343178 -0.12871376 -0.1470915 -0.24061802 -0.32235652 -0.2388202 -0.04390417 0.063334696 0.046005134 -0.088302486 -0.11840539 -0.20858853 -0.19665907 -0.084601946 0.0094397655 0.16177922 0.3462621 0.46320012 0.5218955 0.5576521 0.59088916 0.61127466 0.6116551 0.5841069 0.60396737 0.54436874 0.441419 0.36617953 0.23408414 0.07932553 -0.021309096 0.1115587 0.18447079 0.21975704 0.17818809 -0.011699839
0.44282216 0.37489232 0.15482917 0.09330367 0.013374454 -0.1511573 -0.15778637 -0.16045286 -0.1556016 -0.1251075 -0.105589725 -0.026792478 -0.12587973 -0.20238066 -0.22406508 -0.22551925 -0.17104809 -0.1510317 -0.16439939 -0.16467537 -0.15898374 -0.18396556 -0.1871797 -0.21485396 -0.33952367 -0.51927656 -0.49685183 -0.1935086 -0.06249208 -0.041135773 -0.11657897 -0.14589332 -0.1576885 -0.08125066 -0.018878689 0.08345262 0.20132236 0.22167718 0.23538147 0.25609887 0.32567585 0.44951993 0.5498282 0.5881304 0.6386196 0.6698599 0.6764498 0.6112633 0.49199358 0.43369195 0.30708247 0.18325692 0.024705831 0.09662041 0.12933864 0.09740957 0.0009032586 -0.08606424
0.39686468 0.31201735 0.05477288 -0.09837969 -0.09624146 -0.1478017 -0.20363268 -0.29876179 -0.26932073 -0.1480174 -0.16042572 -0.11265797 -0.087067455 -0.16089322 -0.1925399 -0.09460594 -0.052997213 -0.05862621 -0.12222211 -0.12097987 -0.1601095 -0.24310127 -0.33074734 -0.4789782 -0.69461715 -0.5783149 -0.37092614 -0.29974717 -0.20765926 -0.22815076 -0.20450492 -0.16323145 -0.12963805 -0.016608184 0.12624557 0.19655935 0.19444455 0.1552273 0.16476826 0.2091373 0.16175042 0.13122354 0.115481906 0.14202574 0.22674417 0.26528707 0.35722646 0.36526018 0.33039215 0.3796913 0.30595902 0.18407966 0.06265485 0.087621674 0.04821146 -0.054436404 -0.08524064 -0.16895117
0.2561969 0.17830016 -0.026165193 -0.17309332 -0.18768783 -0.16050269 -0.15008418 -0.13144818 -0.018839827 0.013048724 -0.046433266 -0.10366871 -0.015405617 0.009706802 -0.03886945 -0.05636295 -0.05894604 -0.10266278 -0.18186952 -0.23035336 -0.31473798 -0.42882675 -0.59909576 -0.71936464 -0.611234 -0.45596594 -0.3522855 -0.31051105 -0.31684864 -0.2719891 -0.30356073 -0.32023337 -0.26918995 -0.22826904 -0.10079019 -0.04527596 -0.060254816 -0.069476165 -0.16499437 -0.21347916 -0.195098 -0.08959146 -0.006128198 -0.034147974 -0.088727966 -0.05880485 -0.0014045314 0.07221122 0.09883161 0.22717984 0.23322012 0.14512062 0.15466136 0.16666338 0.057996273 -0.05868245 -0.115427814 -0.23476413
0.23219775 0.039205994 -0.02497584 -0.13368617 -0.06304482 0.015958983 0.052606925 0.18522309 0.2652343 0.1660904 0.02037265 0.00927493 0.027793748 0.07621287 0.025132367 -0.08647779 -0.08404326 -0.13777374 -0.2598691 -0.32527718 -0.4234397 -0.59595686 -0.71240973 -0.6535903 -0.4812665 -0.3128029 -0.24577503 -0.22294806 -0.20045476 -0.20058495 -0.16596122 -0.20867814 -0.27859804 -0.2689882 -0.28744552 -0.20117229 -0.081505105 -0.02949484 -0.077835456 -0.093809515 -0.025409574 0.0053717196 0.09000758 -0.087315716 -0.105343826 -0.028850984 0.058933757 0.13607895 0.19240528 0.21480857 0.3286748 0.46551022 0.4594386 0.25574562 0.062655635 -0.08519056 -0.18528111 -0.27067176
0.08418772 -0.016078018 -0.034198426 -0.0753951 0.019945253 0.10573432 0.20774043 0.36851963 0.3288597 0.16091712 0.02593629 0.045745842 0.09868884 0.10249524 0.015007535 -0.12862454 -0.12684323 -0.15597723 -0.2844534 -0.34501505 -0.48912576 -0.5730927 -0.6147887 -0.53572625 -0.2922938 -0.1553281 -0.13121244 -0.11156921 -0.09850235 -0.090856016 -0.13736731 -0.08064894 -0.06527228 -0.102520734 -0.13788506 -0.21730393 -0.19123426 -0.06458494 0.021817164 -0.061675057 -0.030018019 0.069409184 0.06639352 -0.06558988 -0.014518867 0.12851521 0.2513886 0.40263253 0.5071076 0.57731974 0.62145954 0.5743649 0.3844352 0.1918865 -0.013422161 -0.1789661 -0.25705323 -0.18757525
-0.13234444 -0.11352466 -0.14585458 -0.078682065 0.03313991 0.13532229 0.25181735 0.2638377 0.24441545 0.18826663 0.10654582 0.14010991 0.15891227 0.12495514 -0.0028904758 -0.15094717 -0.1499942 -0.16328786 -0.24524699 -0.32903805 -0.4111473 -0.36222026 -0.32865122 -0.1625044 -0.00866172 -0.027671056 -0.15040351 -0.16173683 -0.07844371 -0.09025539 -0.08660686 -0.065534785 -0.0126288 0.044431902 0.08231634 0.03522101 -0.0368909 -0.04916911 -0.0011893515 0.05926565 0.007386098 -0.008477462 -0.06183677 -0.14772153 -0.05609776 0.042904202 0.18842821 0.20495851 0.26656938 0.35188237 0.3433128 0.31314057 0.17866778 0.05591443 -0.12973253 -0.21595497 -0.21544084 -0.10020508
-0.14746511 -0.19247663 -0.27237606 -0.076952174 -0.014323812 0.03685446 0.10299661 0.1670001 0.19904865 0.22427289 0.2740098 0.2527724 0.18090162 0.09119827 -0.04417449 -0.1689474 -0.17371361 -0.17814392 -0.19364361 -0.2405427 -0.22233677 -0.044644304 0.10542059 0.24940535 0.17586046 0.06734062 -0.09057436 -0.1690454 -0.15008834 -0.12813944 -0.045939807 0.05400976 0.021009574 0.09537264 0.09507836 0.0901496 0.026437739 0.03467665 -0.016965592 0.039190292 0.063378856 -0.009826498 -0.08760414 -0.09482432 -0.04516643 0.041064303 0.04646041 0.051690854 0.18864472 0.20744848 0.18207528 0.12617004 -0.0017547014 -0.121629864 -0.19386978 -0.20241132 -0.04175091 -0.04221768
-0.12544654 -0.25072458 -0.24391297 -0.108106725 -0.12855215 -0.08069441 -0.03215933 0.03063209 0.14200912 0.22233096 0.25497982 0.24290223 0.116616674 0.009466206 -0.09968283 -0.17168494 -0.17041443 -0.19292365 -0.19100204 -0.17820545 -0.10704554 0.069757745 0.20813258 0.22342493 0.06853822 -0.052638583 -0.04944047 -0.13161646 -0.13340977 -0.092923574 0.035491135 0.057576694 0.019902077 0.041367877 0.026419157 0.08515519 0.1208948 0.113249436 0.06417079 0.04009466 0.0748299 0.06796159 -0.008902179 -0.047667943 0.006655321 0.017576737 -0.023196815 -0.022806954 -0.011926556 -0.05509022 -0.092846364 -0.16384377 -0.2537395 -0.25347546 -0.23105747 -0.07078384 -0.118340164 -0.22752455
-0.071337394 -0.16427112 -0.12367412 -0.14982535 -0.17913353 -0.16747494 -0.083715916 0.027979117 0.17175 0.20209233 0.20086575 0.09153119 0.02493291 -0.061565645 -0.16623585 -0.20260556 -0.14761622 -0.18445075 -0.19326417 -0.16658317 -0.09693732 -0.037854344 -0.0069719786 0.009806802 -0.12600404 -0.05211175 -0.029693073 -0.043718617 -0.14036511 -0.06549711 0.01275165 0.030809691 0.004224228 0.020749439 0.036044102 0.11482856 0.20801547 0.2681747 0.19737625 0.12865517 0.02288131 0.049318377 0.074808046 0.04356953 0.016943391 0.03345158 -0.076701015 -0.113684215 -0.17843945 -0.2894511 -0.3179149 -0.40034902 -0.3875541 -0.30052015 -0.15777503 -0.13158822 -0.20833285 -0.21795198
-0.15751915 -0.026978165 0.04130202 -0.062344283 -0.11687903 -0.16098869 -0.112397194 -0.05174063 0.03046702 0.079489276 0.11033157 0.015489057 -0.0266496 -0.12340109 -0.172514 -0.21693385 -0.18880448 -0.18478529 -0.18931293 -0.19668712 -0.21141663 -0.20911348 -0.18214248 -0.16061679 -0.10408414 0.015534995 0.032523967 -0.002039058 -0.031474944 -0.020936012 0.05195485 0.08927311 0.19489889 0.2686582 0.3224051 0.39132208 0.37910753 0.36200202 0.3237623 0.250117 0.06805986 0.031190468 0.07037712 0.091209516 0.07702001 0.031007558 -0.100931555 -0.1593176 -0.23137616 -0.3373654 -0.39858714 -0.41777998 -0.31984293 -0.21162722 -0.09765403 -0.11068696 -0.10309649 -0.13946335
-0.010660965 0.07323911 0.25400436 0.13355276 0.042122282 0.039402783 -0.048904594 -0.09244976 -0.048241228 0.046286646 0.05515631 -0.059732795 -0.095654875 -0.10846443 -0.12767786 -0.217379 -0.23894809 -0.25051504 -0.23770079 -0.27150208 -0.31651628 -0.25955907 -0.17770296 -0.017378641 0.07168224 0.114830986 0.10516112 0.07063188 0.057593763 0.06991256 0.1524435 0.25279215 0.32233077 0.34390405 0.40308502 0.39131913 0.35556322 0.3442538 0.32909945 0.316918 0.12813853 0.043824006 0.1212829 0.19781895 0.10524264 0.05128848 -0.11092491 -0.17210461 -0.1998815 -0.17713843 -0.21141452 -0.1855442 -0.10123842 -0.055925466 -0.08028238 0.0035885496 0.042633545 0.077419676
-0.1378601 0.03066076 0.26474681 0.2954691 0.20707212 0.17914388 0.03836205 -0.037812807 -0.06698922 -0.0056563052 -0.020599755 -0.06262203 -0.1048353 -0.07407668 -0.039144233 -0.16047773 -0.2692169 -0.27238974 -0.19838877 -0.20946155 -0.20377828 -0.10118507 0.058049604 0.15819861 0.19458914 0.16463363 0.076508686 0.052457493 0.07423293 0.13302822 0.23543376 0.33172804 0.43430492 0.4632228 0.42387894 0.40409106 0.38815895 0.46153572 0.41965002 0.32355914 0.23394452 0.08522302 0.11526063 0.12913103 0.10745198 0.031684402 -0.09857249 -0.15969239 -0.1455105 -0.10974298 -0.058827978 -0.013293166 0.08331529 0.16378367 0.16266169 0.03561582 0.10800532 0.26597
-0.07648291 0.053635262 0.30809435 0.4628438 0.43070272 0.2270713 0.12194491 0.02367775 -0.03639937 -0.041233417 -0.07352204 -0.086248055 -0.1057823 -0.10425249 -0.028945852 -0.11108431 -0.23937581 -0.2220624 -0.10321019 -0.03812677 -0.0056228936 0.10449107 0.2760155 0.4587526 0.5117615 0.4366279 0.28818384 0.17336528 0.09559503 0.1673563 0.3277414 0.44924593 0.42041135 0.36972204 0.3665394 0.34479755 0.3088253 0.36889565 0.44360846 0.42275637 0.32250723 0.1924412 0.09081404 0.08286274 0.07377001 0.03363403 -0.08388642 -0.13078219 -0.10426387 -0.18920591 -0.25137752 -0.18347445 -0.06835412 0.06964817 0.25214487 0.36349648 0.34004262 0.3617187
0.75568426 0.8587839 0.5998505 0.41965416 0.3542675 0.24404055 0.19442841 0.04564213 0.041936416 -0.047688387 -0.12368043 -0.22324197 -0.20555794 -0.21352884 -0.13405958 -0.14853324 -0.13456531 -0.108042896 -0.039548762 0.036880575 0.14884181 0.40478966 0.5425934 0.54344773 0.5280752 0.5393352 0.5092971 0.3762474 0.23312983 0.24964859 0.3760018 0.35609862 0.3723356 0.32520777 0.32803902 0.29020825 0.2961554 0.3174391 0.37929347 0.44062412 0.42049003 0.2597945 0.11385649 0.05479091 0.073874734 0.013505084 -0.076163225 -0.10015229 -0.1412952 -0.2782225 -0.32077965 -0.16456698 -0.13718362 -0.10400756 -0.00633386 0.16554016 0.29507697 0.35453966
0.4824048 0.5304434 0.56176674 0.44788548 0.34361565 0.2355262 0.21351098 0.06431745 0.05309313 -0.06914769 -0.19354258 -0.34308654 -0.41436985 -0.36617336 -0.2839546 -0.18877909 -0.094378956 -0.08201251 0.012116632 0.28484404 0.442597 0.42566893 0.396544 0.4016524 0.38287953 0.36832997 0.34412622 0.24773614 0.18737443 0.27347225 0.31579655 0.26075846 0.22923733 0.23781545 0.27735072 0.22892378 0.2592869 0.2954222 0.36598808 0.37060815 0.38418728 0.33495826 0.15287927 0.06289893 0.04600372 -0.006360993 -0.07904289 -0.070584945 -0.07103527 -0.04621523 -0.019634303 0.031021535 -0.042100783 -0.005217474 0.023867106 0.07271166 0.14692862 0.18869635
