static/data/seaWater_uo/2023/7/19/12.asc
ncols 137
nrows 93
xllcorner 108.0
yllcorner 17.0
cellsize 0.25
NODATA_value -32767
[rows 52 to 77 of 93, columns 58 to 115 of 137]
0.04900899 -0.105208024 -0.11022811 -0.042394813 -0.05079185 0.050591778 0.098950125 0.23144096 0.30974537 0.37085393 0.40572965 0.4370408 0.4687204 0.5268564 0.6331926 0.63372856 0.41175255 0.376481 0.33597946 0.18643738 0.14227295 0.16366729 0.0077344864 0.20175001 -0.021912837 0.02666035 0.06866745 0.07433202 0.038210817 0.030654512 0.01939844 0.017484225 -0.06259757 -0.13184744 -0.15518148 -0.20843221 -0.33638313 -0.42979527 -0.3866217 -0.28747916 -0.3128348 -0.34598187 -0.45015287 -0.59594023 -0.46405643 -0.25802857 -0.2253078 -0.17038564 -0.17782174 -0.11221282 -0.07651773 -0.07887583 -0.018419843 0.02672249 0.018487126 -0.018796219 -0.12039578 -0.21007757
0.043186627 -0.013759244 -0.1148068 -0.17673065 -0.21117967 -0.2199691 -0.15897873 -0.06034679 0.12607421 0.1325725 0.17579284 0.37158245 0.65249723 0.70638597 0.58127594 0.4274823 0.39861524 0.3791009 0.31813732 0.17127843 0.2063055 0.19288412 0.058846913 -32767.0 0.10723354 0.010288919 0.05787817 0.030719498 0.028796572 -0.07912257 -0.035286058 -0.02635831 -0.13704358 -0.18764842 -0.23456399 -0.27309948 -0.34961393 -0.38123268 -0.39538032 -0.42422536 -0.44615826 -0.5289433 -0.6832896 -0.5341425 -0.32042134 -0.34043673 -0.3215538 -0.27323925 -0.23807797 -0.19364096 -0.13974029 -0.1235459 -0.019758005 0.14017367 0.035486307 0.011747531 -0.12121337 -0.17342412
0.19863014 0.27426884 0.21162982 0.09022848 0.035528116 -0.046517868 -0.04188325 -0.025800508 0.019819062 0.040341675 0.21888843 0.44848654 0.45538875 0.42612278 0.371937 0.33425474 0.30395487 0.16290352 0.0019203348 0.0568856 0.18520425 -0.03206115 0.0034042038 0.07260064 0.102757014 0.056332875 0.07543958 0.054553602 -0.0062062675 -0.18976441 -0.12863567 -0.05760421 -0.17623061 -0.2748525 -0.23176031 -0.35738873 -0.44864926 -0.48751232 -0.49957886 -0.52343297 -0.6340349 -0.7293867 -0.52125365 -0.32040325 -0.28139186 -0.2970993 -0.3507058 -0.31567788 -0.31305403 -0.2806927 -0.2021131 -0.22200544 -0.05098487 0.11358332 0.09461541 0.08208352 0.09085386 -0.0920463
0.23056968 0.23599315 0.3720344 0.46606505 0.43456852 0.45510218 0.36318228 0.28078327 0.09738677 0.21425052 0.4214302 0.4194005 0.3165758 0.29850617 0.27655643 0.26504487 0.22159553 0.15395813 0.34212485 0.2955172 0.09720802 -32767.0 -0.0057820403 0.060585175 0.2689122 0.2769977 0.19082901 0.13342045 0.031475887 -0.12108391 -0.2546521 -0.11628227 -0.17659302 -0.33864892 -0.26292652 -0.29638693 -0.44047353 -0.5110593 -0.5816725 -0.67734766 -0.7310734 -0.5012939 -0.33544645 -0.29317442 -0.3691874 -0.38753477 -0.35823762 -0.35365635 -0.2761717 -0.3069136 -0.29035747 -0.2543733 -0.16877465 0.08145957 0.13412474 -0.019903138 0.103668414 -0.013943391
0.045028076 0.57430273 0.9234102 0.98911357 0.6969663 0.6393922 0.6286316 0.56123924 0.4832996 0.58190197 0.5743342 0.37243405 0.2907694 0.269693 0.23990431 0.25202352 0.15817645 0.17804164 0.24092852 0.263212 0.36732656 0.37211043 0.38628083 0.32501003 0.25054672 0.30885786 0.28756973 0.20998152 0.11330618 0.047364064 -0.19357753 -0.22301106 -0.12429279 -0.2950271 -0.430865 -0.427782 -0.5498034 -0.6496683 -0.7090495 -0.6024985 -0.42226136 -0.3589453 -0.33370137 -0.31553474 -0.30685276 -0.3185378 -0.3652208 -0.27602535 -0.28754568 -0.25295398 -0.30092308 -0.26865545 -0.2325366 -0.0711686 0.15390171 0.033943325 -0.07508287 0.04381257
0.20700017 0.45876938 0.55325955 0.63418865 0.7182695 0.59287107 0.52045655 0.70140386 0.79245394 0.5940102 0.48033124 0.38928995 0.32235923 0.2505741 0.28068298 0.16319503 0.049006667 0.17345937 0.27457887 0.33395076 0.44243562 0.46915734 0.42656335 0.3494244 0.3580584 0.33404908 0.2763802 0.1996208 0.15148365 0.10708605 -0.05742861 -0.16261116 -0.12332265 -0.11289963 -0.46370545 -0.6138921 -0.6389943 -0.5935461 -0.43798754 -0.29840168 -0.29078022 -0.26786458 -0.18141945 -0.113409586 -0.12563674 -0.20314205 -0.24858089 -0.27946427 -0.2425592 -0.24585915 -0.24824749 -0.25457186 -0.25211364 -0.210198 0.024557823 0.19363146 0.060075782 0.09666993
0.100713015 0.30897045 0.3335791 0.29539594 0.3819496 0.46980393 0.5101677 0.3011376 0.37746054 0.39084053 0.4848743 0.47501284 0.45857656 0.40380672 0.289414 0.090200186 0.2081853 0.32938346 0.40688795 0.39653507 0.3872073 0.3585627 0.26023635 0.1566634 0.1947677 0.26982042 0.25351623 0.16059782 0.147737 0.10930636 0.00061346544 -0.09573006 -0.12483039 -0.08618063 -0.17558222 -0.40042576 -0.37907195 -0.32022074 -0.2573166 -0.21613562 -0.17678899 -0.063559644 -0.051881265 0.03202534 0.007714332 -0.112522185 -0.21163371 -0.2086993 -0.22383319 -0.2599082 -0.18776448 -0.189374 -0.13051914 -0.13341524 -0.1358501 0.007371239 0.2379178 0.3857264
0.31469423 0.26603648 0.40055943 0.3034186 0.269404 0.22846341 0.2668489 0.23228307 0.2991548 0.369755 0.4208772 0.48302838 0.38899684 0.3651686 0.1634238 0.34072083 0.537013 0.5327778 0.40856928 0.29001245 0.2687551 0.2307897 0.13245119 0.09866888 0.14569743 0.15335831 0.17252901 0.13263485 0.110209346 0.059478365 0.0166608 0.0008658855 -0.1477703 -0.11252357 -0.086941 -0.11273254 -0.118918456 -0.08361893 -0.090122834 -0.13106258 -0.060717482 0.13263984 0.15246527 0.25163046 0.063904755 -0.114115305 -0.19020158 -0.069029674 -0.11770788 -0.21565905 -0.18779862 -0.11475418 -0.055526074 -0.02778308 -0.017763473 -0.019666433 0.018501109 0.0967295
0.557575 0.46642497 0.3411023 0.21985787 0.23751616 0.2383172 0.24646568 0.19877622 0.18030663 0.22324033 0.24676965 0.3202399 0.078601405 0.08241875 0.4438777 0.6204405 0.47688842 0.22582845 0.09008799 0.10615746 0.10230047 0.095270395 0.12643827 0.1996955 0.1297084 0.12050213 0.08516244 0.098876104 0.02424127 -0.018473431 0.0416538 -0.03536823 -0.17894691 -0.15848093 -0.12531686 -0.0926087 -0.049049314 -0.018501805 -0.0027255174 0.006402591 0.014561065 0.070174925 0.12224669 0.14240691 0.041048322 -0.038187925 -0.14718357 0.0018661582 0.002172437 -0.10578283 -0.15311721 -0.10127199 -0.03647294 -0.018021243 0.066276155 0.03791704 0.034021325 0.08164322
0.49398893 0.53724927 0.27836055 0.13020517 0.24676363 0.22614758 0.19889337 0.05505305 0.1563937 0.15667497 0.1087453 0.18359266 0.2746579 0.50634474 0.46305957 0.29059154 0.065398574 -0.017815348 -0.028276984 0.005088546 0.0071445582 0.010291345 0.032751217 0.075389184 0.056947608 0.059073597 -0.023568174 -0.012645292 0.0045070914 0.033557627 0.061735194 -0.08968446 -0.17653047 -0.17146768 -0.12026356 -0.09684003 -0.015644565 0.057177562 0.10796384 0.13226429 0.15092118 0.15018032 0.18517423 0.16520424 0.12353391 0.12490202 0.07314964 0.20200051 0.14310488 0.018550785 -0.041006625 -0.05978518 -0.0048737116 -0.014757023 0.010128574 -0.010762065 -0.0064321663 0.055781975
0.60083175 0.3247949 0.12391014 0.120773114 0.17566617 0.13567738 0.0033046585 0.113621354 0.0438683 0.026889874 0.086416274 0.109082215 0.20168906 0.16943018 -0.0059909387 -0.080807894 -0.12037515 -0.15174592 -0.11762174 -0.10620504 -0.07808877 0.0026991474 -0.0049190307 -0.027446287 -0.08131227 -0.13423689 -0.24202196 -0.12115165 0.0072288383 0.07618614 -0.07208117 -0.16136506 -0.18533051 -0.17954832 -0.0987927 -0.04157178 0.02465561 0.14964074 0.24355868 0.31289932 0.38830727 0.4258619 0.4669471 0.505178 0.50184333 0.5148146 0.44960988 0.4190826 0.31113708 0.14728107 0.090264924 0.008606035 -0.01772548 -0.03646069 -0.071130335 -0.030893235 -0.034597043 -0.027572274
0.34052125 0.23311585 0.05194395 0.007597232 -0.11852953 -0.24468419 -0.18846932 -0.13483873 -0.14825863 -0.13843998 -0.110340126 -0.016292667 -0.006564462 -0.056528717 -0.17877905 -0.14377923 -0.10751902 -0.09503102 -0.05653448 -0.044809666 -0.024299158 -0.041304037 -0.12185569 -0.19345921 -0.31171298 -0.4593574 -0.3092221 -0.08665758 -0.066728376 -0.1630704 -0.23766983 -0.24724759 -0.22355416 -0.07427294 0.016309632 0.04412434 0.09126992 0.13058303 0.118934155 0.13465238 0.16748233 0.23186348 0.31523162 0.39956737 0.47027797 0.4950932 0.4599938 0.4127413 0.3612508 0.21218608 0.12779284 0.01937396 -0.02070196 -0.057945568 -0.064539745 -0.11467724 -0.121752545 -0.18102898
0.27750456 0.18885547 -0.024787376 -0.11039741 -0.22574316 -0.302824 -0.23446189 -0.22508594 -0.21027751 -0.13950358 -0.15938032 -0.10110625 -0.019393234 0.016295055 -0.024980592 -0.045062542 -0.08833886 -0.082244694 -0.12562887 -0.1215543 -0.13388723 -0.18631802 -0.2996628 -0.50432265 -0.5544165 -0.4042166 -0.3153623 -0.26726845 -0.28545567 -0.30377796 -0.32369214 -0.3398445 -0.26852497 -0.17674583 -0.05103561 0.007929247 -0.0012320173 0.01754909 -0.026229104 0.0019816987 0.002417985 -0.025426095 -0.03723251 0.052650556 0.14501067 0.18325172 0.1270925 0.09508512 0.13405012 0.10937229 0.046978362 -0.0049981438 0.010765907 -0.033595685 -0.08273476 -0.18884543 -0.24547388 -0.275229
0.43711153 0.12925114 -0.040503345 -0.2097702 -0.22901087 -0.16864957 -0.0935438 0.049166743 0.017710062 -0.048834592 -0.056005485 -0.08895172 0.024639657 0.09488401 0.12304641 -0.008113558 -0.12732334 -0.16235928 -0.20750944 -0.24702513 -0.2859436 -0.41347134 -0.5989174 -0.6162684 -0.48044384 -0.38273662 -0.34137428 -0.333721 -0.38896966 -0.3552791 -0.35573772 -0.40425846 -0.42868552 -0.38960516 -0.34922874 -0.32367882 -0.31003982 -0.27395865 -0.37005526 -0.4602905 -0.39397293 -0.29972768 -0.3172263 -0.27405325 -0.25817814 -0.23217663 -0.21096054 -0.15472895 -0.06133533 -0.09235233 -0.06273318 -0.0048611104 0.108745724 0.047043566 -0.056217168 -0.21126689 -0.32134274 -0.31287608
0.31535876 0.035776604 -0.023386557 -0.09837828 -0.025674652 0.07530801 0.1262032 0.11327951 0.1480654 0.08656356 0.076704875 0.035985954 0.08138902 0.104816005 0.1066176 -0.012486836 -0.13220488 -0.19632408 -0.24159832 -0.3153488 -0.44223124 -0.61457664 -0.6337465 -0.54217756 -0.41563815 -0.22262293 -0.1355047 -0.15974748 -0.23376012 -0.24903108 -0.23870283 -0.27263466 -0.36614394 -0.4812172 -0.5416441 -0.4470458 -0.40205693 -0.38964435 -0.38516754 -0.21943922 -0.1717543 -0.23387247 -0.2820066 -0.20210887 -0.15315259 -0.09115581 -0.02066966 0.010025502 0.006131691 -0.024559693 0.076099485 0.2725743 0.34315613 0.17304616 -0.0323371 -0.19211341 -0.36518088 -0.34808972
0.02627936 -0.07401268 -0.041378167 0.011336398 0.014859692 0.083019584 0.2286801 0.32704172 0.2674981 0.17035691 0.15008257 0.12618804 0.16251987 0.0935147 0.05598891 -0.026462035 -0.15964128 -0.20975311 -0.27008748 -0.36971745 -0.51100296 -0.57806903 -0.4934188 -0.3534262 -0.2095179 -0.0499325 0.025789835 0.0073464974 -0.06720402 -0.10801294 -0.14058198 -0.1390475 -0.15330078 -0.2621812 -0.37505743 -0.473286 -0.46064544 -0.3047934 -0.219318 -0.15655908 -0.36169398 -0.3558213 -0.32315904 -0.20549446 -0.12867865 -0.002643067 0.11720287 0.23237967 0.3460297 0.44026116 0.48243827 0.49976912 0.37726292 0.1421603 -0.06741485 -0.27324578 -0.39059132 -0.3451198
-0.10128331 -0.12718424 -0.06604484 0.06416453 0.110338196 0.21362297 0.31315517 0.3276928 0.26686665 0.19348861 0.17404148 0.24216376 0.20063186 0.11601782 0.03898824 -0.027664645 -0.16482495 -0.19944921 -0.28703088 -0.36459926 -0.3982095 -0.36441827 -0.22452542 -0.060507663 0.006854531 0.021021819 0.13425878 0.1124187 -0.018855277 -0.02071071 -0.056857523 -0.13842583 -0.13802284 -0.14044155 -0.22019568 -0.2557725 -0.34006903 -0.42844307 -0.3302853 -0.22285236 -0.33519417 -0.34764868 -0.2857193 -0.27914035 -0.21874 -0.119597346 0.020279825 0.14368653 0.18505114 0.21875787 0.2537155 0.2319571 0.15257373 -0.033765383 -0.16746424 -0.36175075 -0.3652155 -0.26798373
-0.01752403 -0.14715052 -0.09461417 -0.008861746 0.06627646 0.1714796 0.23572615 0.27671117 0.3147493 0.3699814 0.41169184 0.346113 0.17915718 0.0761279 0.0061556385 -0.0441603 -0.1762595 -0.19415705 -0.23151582 -0.27197823 -0.1592422 -0.0043781954 0.19214235 0.2283014 0.13653253 0.04213662 0.03722445 0.09869658 0.048363663 -0.010997823 -0.030616352 0.022335945 -0.008798678 -0.089824356 -0.121914275 -0.1630885 -0.2193224 -0.2832509 -0.32095066 -0.28499302 -0.21829684 -0.33650246 -0.37084007 -0.2829262 -0.24852279 -0.2379139 -0.05743301 0.034089502 0.07000057 0.121821985 0.15101321 0.0506748 -0.0534474 -0.19328676 -0.26294374 -0.33738595 -0.18604332 -0.096427724
0.029556638 -0.0885742 -0.12876575 -0.06056025 -0.04040933 0.00943396 0.11167755 0.23502585 0.3356845 0.40485 0.3650344 0.22630747 0.050401095 -0.01674536 -0.05501772 -0.09072836 -0.22283275 -0.22781605 -0.17580949 -0.16460681 -0.045049023 0.18162614 0.27541697 0.23427956 0.1289728 0.07944035 0.055020455 0.03486157 0.07501914 0.10019159 0.114122696 0.048247643 -0.020793764 -0.13703555 -0.18672433 -0.21001816 -0.19662634 -0.17253682 -0.25980592 -0.3033988 -0.25526443 -0.19293685 -0.2590592 -0.19319089 -0.18874624 -0.17759183 -0.08833287 -0.04199363 -0.06952111 -0.0917254 -0.102629825 -0.16374297 -0.25137195 -0.33405262 -0.3185732 -0.17464551 -0.13550003 -0.21024019
0.025459282 -0.003726941 -0.08926227 -0.07409219 -0.0482438 -0.06453332 0.06110457 0.20303707 0.21110049 0.17966935 0.1258187 0.023015829 -0.07320898 -0.10319849 -0.09623704 -0.117629394 -0.2480822 -0.23747687 -0.2790274 -0.20654982 -0.11513128 -0.018228237 0.035055943 0.06275231 0.13458706 0.08339088 0.06066901 0.05626092 0.049826443 0.11153529 0.079124115 -0.04075873 -0.014983708 -0.040656194 0.02298716 0.08180194 0.07138521 -0.0034447592 -0.043966666 -0.17012781 -0.20090447 -0.112392806 -0.031900115 -0.07587516 -0.06016833 -0.10787477 -0.09061155 -0.15839681 -0.24814644 -0.33270156 -0.35598293 -0.3601289 -0.44927758 -0.41446736 -0.22726312 -0.13786677 -0.20610207 -0.23295727
-0.018849703 0.13755265 0.048357695 -0.016002748 0.025590328 0.0040158895 0.06691392 0.104615815 0.08144698 0.09780201 0.034962524 -0.087021075 -0.115365796 -0.15497881 -0.116021626 -0.11373035 -0.2612512 -0.27703482 -0.3179304 -0.31071532 -0.23450547 -0.15296622 -0.1018463 0.013800942 0.1369238 0.1265487 0.09218064 0.1003307 0.109302916 0.13762479 0.123558484 0.14125796 0.15245295 0.19819424 0.22705294 0.23189996 0.21959554 0.17919846 0.09816019 -0.022325486 -0.15312321 -0.11011226 -0.009779235 -0.002299609 0.04729206 -0.050034124 -0.10500042 -0.22821371 -0.33364582 -0.43012977 -0.46800372 -0.47647032 -0.48941597 -0.34055975 -0.14108296 -0.110773444 -0.14194584 -0.19851428
0.057630252 0.2167664 0.3381087 0.15882407 0.055409763 0.13431929 0.14223139 0.08320318 0.10032308 0.061637994 -0.023715068 -0.11507215 -0.14771868 -0.13128176 -0.05677827 -0.12683229 -0.26620123 -0.33769202 -0.34610677 -0.2989558 -0.26945174 -0.19119063 -0.0002786755 0.13128747 0.14295632 0.11926578 0.06650394 0.056462485 0.10140896 0.16174914 0.23580374 0.29926437 0.3565002 0.3678041 0.31176934 0.21158874 0.16798995 0.099027656 0.10428088 0.058466353 -0.028385216 -0.100862935 -0.035062805 0.037696764 0.05007382 -0.0512373 -0.10237746 -0.227712 -0.2942337 -0.31326282 -0.28291398 -0.22282891 -0.2568586 -0.19835678 -0.10597009 -0.01008572 -0.021680975 -0.029179059
-0.06212987 0.19957277 0.47820708 0.46216056 0.24040303 0.20282678 0.1926569 0.089662 0.051289193 -0.017173367 -0.074655734 -0.08237878 -0.12444015 -0.11373717 -0.017393135 -0.06163967 -0.25072932 -0.25840756 -0.2731007 -0.18161027 -0.10392268 0.08473207 0.23598239 0.2829861 0.27647904 0.17151065 0.11098206 0.06368265 0.1198268 0.16239582 0.22092864 0.27758265 0.34661293 0.34361133 0.31623194 0.24152574 0.20443915 0.097772844 0.036004707 0.05206768 0.043583527 -0.05166533 -0.11453827 -0.060612738 -0.017372435 -0.06789747 -0.09166658 -0.18536443 -0.22412811 -0.17904802 -0.085837565 -0.008281228 0.1275391 0.12527268 -0.06833392 -0.05699571 0.08090235 0.12495495
0.16953 0.26839843 0.40789512 0.61889213 0.5414707 0.36688495 0.22946276 0.10874856 0.038217098 -0.061267465 -0.11183346 -0.057721317 -0.05411487 -0.096380614 -0.05899376 -0.021564016 -0.20685308 -0.2200283 -0.12824132 0.023786236 0.19115566 0.33928236 0.45548514 0.4548984 0.4122004 0.36964154 0.31729606 0.17832778 0.19022168 0.2579359 0.26101884 0.31584173 0.36156395 0.3476657 0.2741303 0.23917936 0.20790507 0.14535679 0.09935627 0.12740895 0.10615716 0.045024585 -0.07403559 -0.082123175 -0.063215725 -0.072792895 -0.11045369 -0.12066561 -0.19282731 -0.24698894 -0.24291909 -0.12312975 0.06571739 0.23680207 0.30170882 0.25399473 0.22143303 0.26736006
0.6822586 0.80482745 0.8879818 0.5842151 0.44836408 0.40731016 0.23268192 0.113523535 -0.0012728887 -0.12340677 -0.16624382 -0.1712225 -0.20311849 -0.18456109 -0.16419238 -0.075065486 -0.05984136 -0.057288848 0.026542213 0.17402531 0.31765142 0.43098325 0.3975964 0.32334143 0.2552903 0.2758661 0.32806537 0.32092294 0.29702625 0.26755542 0.2376072 0.30004385 0.2956108 0.3223784 0.26615274 0.17792 0.14588535 0.112908855 0.112298414 0.15943788 0.18729408 0.1204191 -0.0026809277 -0.06381528 -0.11117817 -0.09419302 -0.11291383 -0.1456586 -0.26817492 -0.4482146 -0.48248455 -0.31717348 -0.123963885 -0.01813435 0.11877928 0.19939478 0.26948795 0.33843428
0.20335867 0.2535918 0.39012864 0.43988806 0.36772555 0.31841794 0.14266004 0.08598503 -0.07271868 -0.20151225 -0.28563812 -0.35589248 -0.35798314 -0.3645478 -0.32414433 -0.14159416 0.0048109638 0.018975904 0.13367447 0.27450663 0.27527532 0.2310252 0.20463394 0.17278682 0.14405711 0.13582382 0.16366969 0.17775771 0.20537966 0.19755667 0.24310775 0.25409618 0.26415285 0.2226647 0.20960665 0.1769217 0.15820576 0.11103016 0.083979405 0.13386178 0.19926634 0.1620509 0.042005647 -0.04785045 -0.1305656 -0.11490349 -0.097587 -0.17371069 -0.15835743 -0.19480205 -0.06469308 -0.08898607 -0.02130477 0.03621553 0.1266038 0.1729315 0.21910103 0.26722494
