static/data/seaWater_uo/2023/7/19/6.asc
ncols 137
nrows 93
xllcorner 108.0
yllcorner 17.0
cellsize 0.25
NODATA_value -32767
[rows 52 to 77 of 93, columns 58 to 115 of 137]
-0.06293125 -0.11826783 -0.16385134 -0.1532488 -0.08082211 0.02013805 0.071174406 0.22802085 0.25009736 0.24915579 0.27047122 0.30033132 0.43862745 0.52983147 0.6141094 0.61236876 0.46044043 0.3664609 0.29326314 0.16118383 0.13145514 0.15493767 -0.020657634 0.16084825 -0.07317588 -0.07430628 -0.0148853855 -0.030693358 -0.05818237 -0.023420027 -0.004863508 -0.053476214 -0.11174411 -0.08988827 -0.16061871 -0.2716655 -0.39399838 -0.46476924 -0.44505143 -0.4118077 -0.46975872 -0.5342841 -0.59918773 -0.7318842 -0.64795595 -0.4430277 -0.3550626 -0.3449337 -0.26200765 -0.17197819 -0.21829161 -0.13145089 -0.091995984 -0.21619795 -0.22996277 -0.13005042 -0.3073378 -0.3326598
0.013910733 -0.065702066 -0.21119234 -0.2128328 -0.25422162 -0.17294064 -0.08976019 -0.10898063 0.014456351 -0.0035836059 0.07521516 0.24328475 0.5137418 0.67340106 0.6326334 0.48107374 0.41658926 0.36995217 0.2969221 0.11852905 0.19482717 0.19330147 0.09387275 -32767.0 0.03892011 -0.03469171 -0.05579129 -0.09163257 -0.11017516 -0.13915645 -0.06686343 -0.121845074 -0.22127737 -0.18466966 -0.28800258 -0.38582745 -0.45057198 -0.50654596 -0.5301342 -0.588843 -0.6423759 -0.6781469 -0.7924714 -0.7088161 -0.5389316 -0.48444632 -0.43012434 -0.37617335 -0.31335953 -0.18013744 -0.25006565 -0.20624779 -0.01933243 -0.03695924 -0.10786442 -0.034123648 -0.11555689 -0.26767814
0.1777094 0.30244702 0.19017921 0.027019516 -0.05981068 -0.09251995 -0.02320935 -0.012381984 -0.07131869 -0.08758974 0.13162005 0.3718627 0.48011655 0.4662909 0.41062745 0.37969574 0.2964922 0.089020215 -0.08595911 0.016777579 0.08957713 -0.040987175 -0.0436424 -0.020567715 0.043103218 0.016490199 -0.020682376 -0.07775845 -0.16761303 -0.2915829 -0.18235372 -0.14696084 -0.32902023 -0.32782194 -0.30829358 -0.45914182 -0.54327095 -0.5755189 -0.6701903 -0.72478557 -0.7487486 -0.8471771 -0.6832683 -0.5669141 -0.52361387 -0.49801195 -0.44130754 -0.36892727 -0.34504795 -0.2550153 -0.24227579 -0.2691661 -0.088085584 0.068448536 -0.0540015 -0.03775788 0.036205895 -0.12674856
0.40494767 0.41775572 0.4605155 0.5033531 0.4780726 0.4529089 0.35505575 0.26710862 0.06327516 0.17931847 0.26440158 0.33539253 0.36529246 0.35876137 0.31011194 0.32281756 0.19207506 0.09259298 0.30228093 0.23867968 -0.043904 -32767.0 -0.07363555 -0.028971361 0.13341787 0.16869044 0.049777042 -0.035516866 -0.104139 -0.3214993 -0.33618963 -0.2119401 -0.3126136 -0.43342903 -0.3475069 -0.40475342 -0.51804656 -0.5975421 -0.68507844 -0.79028046 -0.853758 -0.651227 -0.5815176 -0.54511636 -0.52186525 -0.47212413 -0.430059 -0.4073573 -0.38797304 -0.34830734 -0.2565671 -0.28922313 -0.17246546 0.041036673 0.086195804 0.01901184 0.092185654 -0.08480299
0.2900864 0.71110183 1.0124289 0.9543356 0.77418554 0.77983314 0.6873335 0.49418914 0.532559 0.63168967 0.5248592 0.36961898 0.34207264 0.32010776 0.2768808 0.26826033 0.1824466 0.13966766 0.15762451 0.13693093 0.23149803 0.3117511 0.26412964 0.20503977 0.10368264 0.17302921 0.11334823 0.053113867 -0.04073444 -0.19184287 -0.36004418 -0.31744638 -0.24765903 -0.42587456 -0.5586396 -0.50717 -0.5717875 -0.68290377 -0.81023896 -0.78301007 -0.6274903 -0.5905876 -0.57179403 -0.5773464 -0.5940707 -0.510627 -0.39993754 -0.3761295 -0.3941883 -0.41471225 -0.2869076 -0.2963482 -0.26385793 -0.061889116 0.092763044 0.022146817 -0.04582627 0.0024908432
0.25103682 0.543448 0.7103514 0.8223686 0.7514395 0.6674998 0.7252533 0.807328 0.82338595 0.63019866 0.51494217 0.40897918 0.36031845 0.2803692 0.26662824 0.15610108 0.10029735 0.07658626 0.13485144 0.22249386 0.3041889 0.30642202 0.24150564 0.21651357 0.23178338 0.15138452 0.12201623 0.051500756 0.025053274 -0.089027986 -0.25162977 -0.29211837 -0.24964356 -0.32039183 -0.6060654 -0.68761164 -0.73128676 -0.7459312 -0.68414277 -0.5660334 -0.54997534 -0.5528883 -0.5434276 -0.50370866 -0.47117263 -0.45368788 -0.4129905 -0.45521405 -0.38406172 -0.40167293 -0.3392027 -0.27352038 -0.35634962 -0.2780263 -0.016715426 0.16376723 0.099538736 0.14349999
0.15168849 0.373044 0.37910783 0.39726904 0.5189839 0.5508947 0.5337818 0.3991655 0.4943325 0.44485316 0.5131595 0.5306355 0.4820768 0.4042094 0.21337444 0.024611179 0.087499246 0.2524962 0.30528146 0.23647547 0.19432937 0.18806495 0.09752164 0.01075625 0.030563375 0.12785345 0.14430813 0.0043367315 -0.043308124 -0.06448162 -0.1258991 -0.21143834 -0.26407623 -0.2501644 -0.40805125 -0.5732851 -0.59186965 -0.5686323 -0.53092015 -0.47988614 -0.46190172 -0.429345 -0.3937766 -0.26297942 -0.28370792 -0.316288 -0.29682955 -0.39413187 -0.36080167 -0.30144608 -0.31801233 -0.24654429 -0.2412869 -0.27901745 -0.24130139 -0.00637568 0.22104596 0.40031052
0.31680647 0.44154346 0.4486717 0.37372935 0.3093451 0.25113612 0.2704106 0.2516237 0.33442664 0.41200244 0.4452131 0.44655564 0.38661566 0.28017315 0.09075244 0.238214 0.45536834 0.49573836 0.3405136 0.17299657 0.06390787 0.019726997 -0.02256644 -0.052423976 -0.022720769 0.028579118 0.02203949 0.029717587 -0.09838407 -0.09986333 -0.11192369 -0.13089696 -0.22102836 -0.25673386 -0.26026675 -0.35551667 -0.38727733 -0.41437104 -0.43316075 -0.40163034 -0.3503629 -0.26523393 -0.18617958 -0.06343112 -0.08391431 -0.13853973 -0.15700452 -0.25433573 -0.28329116 -0.19282764 -0.26367036 -0.22975081 -0.23120943 -0.19127439 -0.1409092 -0.10587303 -0.06285352 0.06338977
0.4641534 0.4347082 0.43823424 0.30139056 0.19103733 0.21957229 0.29210594 0.244688 0.16032468 0.22449169 0.18073857 0.22157066 0.004760724 0.011193584 0.38272345 0.5877403 0.40574607 0.17773743 0.062889844 -0.015311481 -0.09846013 -0.09999934 -0.06870055 -0.006026999 -0.07567339 -0.09543637 -0.11401834 -0.07149961 -0.110489964 -0.15199865 -0.16794978 -0.13160741 -0.21859825 -0.27100995 -0.23395896 -0.23756696 -0.27811927 -0.3384684 -0.3149797 -0.28012913 -0.23253898 -0.14792797 -0.09096264 -0.048219875 -0.0031034064 -0.03653746 -0.1233978 -0.20816953 -0.11381739 -0.13000022 -0.109812394 -0.18628193 -0.2027645 -0.14257275 -0.038155325 0.028679304 0.019862631 -0.005384601
0.69726145 0.60779744 0.33567172 0.15096004 0.20218751 0.22086464 0.23774567 0.02801357 0.14368033 0.1459784 0.10222191 0.13414484 0.23934846 0.4987643 0.4424616 0.2217661 0.027265986 -0.079311416 -0.104524985 -0.18119015 -0.18471022 -0.20511927 -0.16030867 -0.12905395 -0.15234935 -0.17091122 -0.22703247 -0.17970477 -0.14226294 -0.15579326 -0.10843716 -0.1680508 -0.2564843 -0.29342306 -0.2461071 -0.19794536 -0.17022057 -0.12115989 -0.089206144 -0.04165367 -0.022861775 -0.023803582 -0.053062677 0.009079503 -0.041404746 -0.08838049 -0.12174864 0.0036080852 0.01087062 -0.0135641815 -0.028274747 -0.09796953 -0.15266223 -0.05301458 0.024163144 0.042429663 0.040058017 -0.024144322
0.49642965 0.47869262 0.19324106 0.092518285 0.18352513 0.14043944 0.008457017 0.040317163 -0.02683565 0.019263297 0.102684245 0.15433028 0.1898075 0.07608751 -0.080040224 -0.16732642 -0.2212884 -0.25712842 -0.2800629 -0.28341836 -0.30178803 -0.2452399 -0.17952032 -0.20332941 -0.24521846 -0.3215696 -0.3987749 -0.29504392 -0.1366544 -0.10462821 -0.16917823 -0.27362242 -0.31738782 -0.3364854 -0.28422767 -0.1723924 -0.07836116 0.0173473 0.15140414 0.2669402 0.3004411 0.31584996 0.33305976 0.3706086 0.39075312 0.4059416 0.40579873 0.3370186 0.26524436 0.11159046 0.020659743 -0.066721484 -0.06362749 -0.02541304 0.037601765 0.07480725 0.015892044 -0.07570599
0.53458 0.32214308 0.057666056 0.009132418 -0.08971178 -0.25369966 -0.19929108 -0.22004338 -0.22663285 -0.21195051 -0.121794425 -0.02839111 -0.08192323 -0.15495391 -0.2631876 -0.28392825 -0.2697525 -0.26680294 -0.25310966 -0.26960915 -0.28331202 -0.26673815 -0.2729524 -0.34187025 -0.45199928 -0.6063852 -0.51326644 -0.2342354 -0.17490967 -0.20705782 -0.34051624 -0.37641802 -0.3409341 -0.20629387 -0.15228705 -0.06562842 0.016140925 0.06644304 0.05901539 0.06955908 0.093520634 0.19374716 0.28340393 0.39854297 0.48539788 0.5361419 0.54393375 0.4453601 0.368167 0.23545235 0.06705029 -0.01611085 -0.064450935 0.007055358 0.031306494 -0.0105038285 -0.14070468 -0.17969286
0.33590692 0.23655812 -0.057466086 -0.12981614 -0.18738697 -0.31770527 -0.37160358 -0.36993998 -0.3363459 -0.23547265 -0.23462237 -0.1464992 -0.09988307 -0.14424694 -0.19455522 -0.13027878 -0.1713107 -0.22371201 -0.26421884 -0.287808 -0.3317056 -0.36832115 -0.43501854 -0.59724355 -0.7412025 -0.57950985 -0.41758782 -0.38179156 -0.32223523 -0.34866622 -0.36651257 -0.39098793 -0.32684788 -0.21216312 -0.07186754 0.046048116 0.038257565 0.006322729 -0.02903843 0.02468261 -0.0006697967 -0.024084823 -0.04919505 0.066526614 0.16607422 0.20596442 0.21647893 0.13952692 0.18256399 0.1604149 0.049248844 0.0042090327 -0.036719874 0.005081187 -0.023233628 -0.13294502 -0.23614949 -0.2676408
0.3858387 0.110547945 -0.07037023 -0.23960394 -0.2643506 -0.23710448 -0.23776667 -0.100618705 -0.0992893 -0.10975664 -0.1300241 -0.16336966 -0.044364136 -0.019134732 -0.010145758 -0.11194306 -0.22201525 -0.2850635 -0.3474758 -0.4144405 -0.46639735 -0.5360057 -0.7185355 -0.74983144 -0.62669003 -0.526648 -0.42460695 -0.41681337 -0.40858746 -0.42285737 -0.4739369 -0.521357 -0.4833823 -0.4243241 -0.31645456 -0.22745678 -0.26809406 -0.25098267 -0.3433866 -0.4171364 -0.416309 -0.3202841 -0.27178612 -0.21925075 -0.1827807 -0.1729027 -0.14075111 -0.12484929 -0.0067659663 0.011811452 0.029816221 -0.047724117 0.016378282 0.03082363 -0.03130672 -0.1226801 -0.24362276 -0.34537506
0.26101297 -0.009490709 -0.021243578 -0.16847245 -0.08509652 -0.011497387 -0.005327089 0.056949086 0.121000044 0.063347235 -0.041082628 -0.04590878 -0.022556152 0.017689029 0.008427589 -0.1270967 -0.24009587 -0.29085177 -0.4078514 -0.46892485 -0.5664161 -0.7166937 -0.7616655 -0.6799208 -0.528239 -0.34771487 -0.2872826 -0.26616788 -0.2930456 -0.31558502 -0.345832 -0.4083029 -0.5170555 -0.5357783 -0.54062724 -0.457832 -0.32482964 -0.3197678 -0.3840833 -0.35516492 -0.23230387 -0.260102 -0.204233 -0.25215825 -0.18246397 -0.18734041 -0.09191202 -0.05333395 -0.05350589 0.014518277 0.096404016 0.26542586 0.32767743 0.17279623 -0.018534549 -0.13190697 -0.27204925 -0.4303445
0.012352981 -0.078757234 -0.026029479 -0.07917908 0.00168114 0.07542707 0.15808952 0.33041593 0.2618433 0.1280737 0.011040438 0.029154392 0.054413274 0.043861076 -0.03213819 -0.19033587 -0.25426483 -0.31237185 -0.39342037 -0.49926922 -0.62540394 -0.6824532 -0.6206959 -0.52826524 -0.32539666 -0.16852391 -0.13435197 -0.14246647 -0.17806353 -0.200122 -0.2534861 -0.20775676 -0.2659664 -0.37057498 -0.42229736 -0.4567148 -0.41887105 -0.28252485 -0.1438898 -0.21378545 -0.3054695 -0.27317676 -0.16544983 -0.2150856 -0.16698219 0.008828127 0.14540426 0.26179624 0.35126746 0.44187483 0.51798433 0.48205647 0.33420277 0.12366831 -0.090020955 -0.22035329 -0.39019504 -0.32538667
-0.15266345 -0.13451618 -0.13273291 -0.07569484 0.040543254 0.1937932 0.28944176 0.31434357 0.26493633 0.14103317 0.061587337 0.1360976 0.11200458 0.06750435 -0.056982167 -0.2021175 -0.27599856 -0.30217615 -0.39320192 -0.4754144 -0.51390666 -0.4509339 -0.30151746 -0.1716599 -0.1441054 -0.14578784 -0.12017266 -0.111940935 -0.13834232 -0.12598737 -0.13126442 -0.20918584 -0.16233712 -0.16190207 -0.17751628 -0.206181 -0.32496923 -0.33248168 -0.23380718 -0.14563423 -0.26523525 -0.24524061 -0.20729358 -0.28414926 -0.22278406 -0.10945629 0.051212046 0.11361871 0.1795315 0.22000566 0.20919842 0.18360896 0.13951774 -0.026355261 -0.17296645 -0.2973099 -0.32386342 -0.19089854
-0.103495575 -0.1632878 -0.17672728 -0.08725319 0.022956513 0.089549884 0.15948851 0.20954359 0.21939003 0.24575366 0.28213537 0.2266332 0.12379319 0.030136466 -0.099471375 -0.17049956 -0.2852376 -0.30373552 -0.34296402 -0.37699395 -0.30164832 -0.10818734 0.10942992 0.17535394 0.052285887 -0.05671507 -0.15819182 -0.14925985 -0.112039484 -0.11701935 -0.11459331 -0.059912782 -0.07520339 -0.07672222 -0.040721484 -0.07866078 -0.13576253 -0.1823327 -0.24147624 -0.21307875 -0.09720302 -0.23485012 -0.2979312 -0.2773944 -0.20665094 -0.17601949 -0.07774373 -0.005219853 0.069379374 0.08501405 0.099701345 0.049882412 -0.039443698 -0.17136441 -0.25492272 -0.3281966 -0.15907945 -0.05528705
-0.08377155 -0.1531009 -0.17700867 -0.12685034 -0.05996 -0.05327854 -0.010276973 0.06872268 0.18058641 0.2576195 0.2326713 0.16194458 0.0222408 -0.072639465 -0.15428452 -0.18665466 -0.26609612 -0.33077356 -0.28967488 -0.2781625 -0.17520884 0.018975751 0.19561768 0.08835086 0.013298788 -0.07758231 -0.08628054 -0.14085878 -0.13808867 -0.037593115 -0.0024507134 -0.025608221 -0.12122146 -0.1288812 -0.12192258 -0.12903959 -0.1414083 -0.13273993 -0.087481946 -0.21112569 -0.15628807 -0.12968892 -0.26908085 -0.19511415 -0.11523937 -0.1460429 -0.14540969 -0.08846132 -0.10578907 -0.10111656 -0.15788874 -0.19906676 -0.2622957 -0.30454975 -0.32103708 -0.19686739 -0.14039019 -0.20693436
-0.064461835 -0.093231246 -0.13751972 -0.13136102 -0.10805973 -0.1267182 -0.052007936 0.083268106 0.12138039 0.12532169 0.084455445 -0.03391494 -0.09250495 -0.16368262 -0.20853336 -0.22585736 -0.28718054 -0.3509694 -0.35420108 -0.28880265 -0.21262936 -0.12275054 -0.08310886 -0.107878245 -0.12364707 -0.054279443 -0.048942626 -0.12454846 -0.14875653 -0.0594612 -0.059127543 -0.107457474 -0.12900859 -0.12687726 -0.102534704 -0.03419219 0.035560474 0.06960852 0.0711913 -0.13022654 -0.17505561 -0.08403525 -0.086630456 -0.045049544 -0.064810775 -0.10479055 -0.15082048 -0.17945783 -0.2748719 -0.33391234 -0.40080315 -0.41345647 -0.41427657 -0.37410486 -0.2273872 -0.14975786 -0.18308637 -0.18779887
-0.13597277 0.032040816 0.0341559 -0.06927024 -0.05879687 -0.08212137 -0.078522146 -0.01945076 -0.060251463 -0.003605836 -0.0199401 -0.12002307 -0.12968192 -0.21840219 -0.24045865 -0.2457511 -0.3156917 -0.34337673 -0.40011132 -0.40819618 -0.3710872 -0.28541297 -0.25273368 -0.20719096 -0.0905732 -0.06391844 -0.013408975 -0.049772363 -0.03235996 0.0019981426 -0.025786476 -0.002329242 0.049937237 0.11846383 0.17142591 0.17660007 0.2109515 0.19986154 0.17174903 0.010330258 -0.10600742 -0.061866246 -0.0027551278 0.018331226 0.025160687 -0.054543313 -0.15589313 -0.2184114 -0.32219368 -0.40068465 -0.4310991 -0.4644512 -0.43026614 -0.32366955 -0.08135317 -0.067618735 -0.096364774 -0.12195515
-0.028634125 0.10116246 0.26194024 0.14632222 0.04866951 0.083013706 -0.0022628163 -0.07211267 -0.08149855 -0.015979331 -0.055721913 -0.16491312 -0.15701786 -0.21119167 -0.17477556 -0.24551603 -0.32937354 -0.39251107 -0.45159152 -0.43581355 -0.40396556 -0.32701984 -0.16657321 -0.047390275 0.0017621192 -0.05237715 -0.042090792 -0.016546395 -0.019194435 0.022357479 0.10674212 0.1889573 0.2505135 0.29705873 0.28038305 0.25053376 0.1741105 0.1361787 0.16627048 0.10966762 -0.017868675 -0.09133137 0.017159149 0.10085277 0.04417638 -0.02486315 -0.14622107 -0.23890741 -0.24723572 -0.23423359 -0.24410166 -0.19237873 -0.1820783 -0.16962753 -0.07021232 0.051656455 0.0485191 0.05804128
-0.14871158 0.07617215 0.34720057 0.36821523 0.25389695 0.20363721 0.06423833 -0.06261533 -0.10488951 -0.07242699 -0.1047365 -0.14354801 -0.17641172 -0.14278588 -0.06682118 -0.19485012 -0.35456723 -0.40355778 -0.3972527 -0.3660443 -0.2777584 -0.1059147 0.053624455 0.15475813 0.08018859 0.0035194908 -0.0680508 -0.027745122 -0.0070918812 0.07278553 0.17054155 0.2515142 0.33651173 0.34678072 0.29665133 0.2812896 0.25516877 0.22338215 0.16265917 0.13433288 0.075774655 -0.04741293 -0.064021096 0.007036595 0.017406218 -0.015306088 -0.12697387 -0.19870158 -0.21021909 -0.13305004 -0.07406683 0.0030283974 0.09736018 0.13726363 0.0075419447 -0.04047227 0.06626274 0.1869934
0.057191927 0.12149322 0.32850006 0.5195134 0.51578367 0.30425286 0.10857917 -0.003354913 -0.09198654 -0.101476185 -0.15939896 -0.14089207 -0.13292803 -0.11078984 -0.0747889 -0.12010121 -0.33143318 -0.35043487 -0.2739642 -0.20038694 -0.046284694 0.10752623 0.2485624 0.38114604 0.40670875 0.30217868 0.11615117 0.04038886 0.043885242 0.15117478 0.22091146 0.33596662 0.34353247 0.31144038 0.27625865 0.22427149 0.22799343 0.24934241 0.2500779 0.24278483 0.14835587 0.050174464 -0.07301044 -0.039116636 -0.052076418 -0.041726835 -0.12933488 -0.14459561 -0.20100176 -0.2623961 -0.307793 -0.17284635 -0.0047932593 0.12484245 0.21392176 0.23888363 0.23876572 0.29229197
0.69098115 0.83872885 0.7479761 0.4617904 0.4149889 0.3037274 0.15523551 0.006693282 -0.04300117 -0.15376365 -0.23438053 -0.2634133 -0.29881325 -0.27848303 -0.19248056 -0.1326843 -0.17649981 -0.21140586 -0.16719301 -0.054432377 0.14548138 0.33210665 0.39132518 0.34757036 0.339322 0.32589144 0.31282917 0.21075518 0.17297705 0.18771936 0.26720774 0.2862965 0.26593047 0.28529018 0.2768281 0.19797505 0.16419658 0.19548523 0.23488857 0.28432494 0.2810874 0.111140326 -0.01690689 -0.059341732 -0.076535925 -0.05823266 -0.1433262 -0.1751915 -0.25535896 -0.444896 -0.5097736 -0.2858548 -0.18755034 -0.09334625 0.054746896 0.16129361 0.24357277 0.3171205
0.26766354 0.30055082 0.44034937 0.44535685 0.3345356 0.23820284 0.12307998 0.0033750199 -0.054170016 -0.19594614 -0.33200788 -0.47798455 -0.49707898 -0.43874225 -0.38512176 -0.25593975 -0.16203772 -0.10989353 -0.059026346 0.15106092 0.27802783 0.21815857 0.17703494 0.16106898 0.18432434 0.16247822 0.1794007 0.12267397 0.13632911 0.1688609 0.21680517 0.21578455 0.22444464 0.18537857 0.21143048 0.12812966 0.17978403 0.19305183 0.22258358 0.2236647 0.27987704 0.16871777 0.0076619927 -0.07088643 -0.11004153 -0.0934692 -0.12811126 -0.16895975 -0.141806 -0.18967262 -0.09849963 -0.062321898 -0.049335495 -0.005101326 0.049195223 0.09617472 0.15390585 0.17886956
