static/data/ASCData/20210118/ASCU/03.asc
ncols 97
nrows 97
xllcorner 99.0
yllcorner 2.0
cellsize 0.25
NODATA_value -32767
[rows 19 to 37 of 97, columns 43 to 85 of 97]
-1.5478963723429418 -1.218756154461302 -1.1690964022896861 -1.1348350228844628 -1.436643129105756 -2.3008768006195353 -3.340651921670189 -4.0008571540292674 -4.0447425164134865 -3.8407140772587853 -3.7725762777674987 -3.7413945729155538 -3.702128722361253 -3.6778762852541846 -3.6336059635508065 -3.463838903801329 -3.496175486610753 -3.786049853938092 -4.104411210883257 -4.469737604765919 -4.932458706396014 -5.517596871518929 -6.027283010086521 -6.606261826102879 -7.020478053518838 -7.3388394104640025 -7.479349561957334 -7.520540209107434 -7.3781052610183036 -7.236440231567492 -7.0108540705398426 -6.742152465766293 -6.407237858097256 -5.96761431561675 -5.438295251772008 -4.95979081805636 -4.75691725685914 -4.688394498048693 -5.1445712912530706 -5.922959034594212 -6.9111496068774505 -7.666824750388163 -8.398247456791808
-1.6445211614520545 -1.399302075147254 -1.4431874375314728 -1.4951569456180474 -2.1465081136364503 -2.993033656468878 -3.739084817000595 -4.239146972589192 -4.313444121187036 -4.265709165611219 -4.143677061437558 -4.127893729352006 -4.095557146542582 -4.049746987562564 -3.9746799203264 -3.8387892806629864 -3.932719354537981 -4.253005508078945 -4.627955884940603 -5.008680651589657 -5.47371150913471 -6.032287481235598 -6.485384599886698 -6.853405709003479 -7.207953241949666 -7.341919085017281 -7.4239154199983215 -7.3781052610183036 -7.256843075482963 -7.169842269352845 -6.911919525515771 -6.612421175209437 -6.220532588304747 -5.769360266249446 -5.343595259258694 -5.006755854993858 -4.974419272184433 -5.479485898922108 -6.117363490769917 -7.087076015733485 -7.977486920950132 -8.459071029219057 -8.737396616971603
-1.7011101813685472 -1.574073606045809 -1.5917817347271603 -1.6680036799208033 -2.4090503693034426 -3.4149490702680327 -4.114420153181412 -4.437401021956496 -4.505923780766942 -4.516702641703417 -4.399290049359673 -4.375037612252606 -4.3927457409339565 -4.300740463654762 -4.263784369015419 -4.2599347758238215 -4.428546957615819 -4.754992460263341 -5.100685928868852 -5.573415972797102 -6.030362684639799 -6.458822406864671 -6.818374410959936 -7.065518293860536 -7.233360557014214 -7.298033722633062 -7.289949576930707 -7.269546733015236 -7.196404462374872 -7.061668700668937 -6.79104229929959 -6.463826878013749 -6.0750179656623375 -5.671965558502014 -5.337050950832977 -5.2196383584892345 -5.507972888539934 -6.387604932820105 -7.356547539145354 -8.077191384612524 -8.533368177816902 -8.799760026675491 -9.02727098429894
-1.8135183025632124 -1.7041898559218256 -1.875881712267102 -2.0899190937199577 -2.8194170035278026 -3.7313856306173987 -4.16100023079975 -4.446255086297171 -4.648358728856072 -4.682620108261296 -4.627955884940603 -4.587920115747982 -4.586765237790503 -4.59099979030126 -4.586765237790503 -4.741133924773587 -4.955171306226443 -5.325117211939022 -5.706226937907237 -6.09195617570537 -6.498088257418972 -6.7929670958953885 -6.978517487730418 -7.122107313777028 -7.13750568654342 -7.186395520076717 -7.198329258970671 -7.180621130289319 -7.110173574883074 -6.935402043984519 -6.703271574531152 -6.383755339628507 -6.015734230511726 -5.84481229280477 -5.5576326407115495 -5.978393176553225 -6.565456138271939 -7.462796311233462 -8.275445433979828 -8.717763691694453 -8.901389286933682 -9.039974641831215 -9.180484793324545
-1.8789613868203805 -1.748845136944364 -2.2569914382353167 -2.6084592966282254 -3.160106000984237 -3.72869091538328 -4.158305515565631 -4.50977337395854 -4.713031894474921 -4.757687175497459 -4.713031894474921 -4.73535953498619 -4.781169693966208 -4.855466842564052 -5.0575704851229535 -5.212709090744357 -5.499888742837578 -5.870989526507637 -6.21591307647483 -6.553522399377985 -6.863414651301634 -6.998920331645888 -7.103629266457357 -7.085921137776006 -7.1024743884998776 -7.111328452840553 -7.122877232415347 -7.07629715479701 -6.99507073845429 -6.838777254875406 -6.670934991721728 -6.402233386948178 -6.312537865583942 -6.141615927876986 -6.560451667122861 -6.982367080922016 -7.563655652853333 -8.340888518236996 -8.82709213833584 -8.952973835701098 -9.105417726088383 -9.256706738518188 -9.39760184933068
-1.7761772486047107 -1.584082548343964 -2.171915428700998 -2.49605117543356 -2.7374206685467626 -3.3183242811589198 -4.109415682032335 -4.460883540425244 -4.718806284262318 -4.744983517965186 -4.751912785710062 -4.86047131371313 -5.0263887802710085 -5.230417219425709 -5.461007851602437 -5.759736283270452 -6.047685854001991 -6.332940709499412 -6.669010195125929 -6.878043105429707 -7.082841463222727 -7.117102842627951 -7.0997796732657585 -7.067443090456335 -7.053584554966582 -7.062438619307257 -7.030102036497833 -6.972743097943021 -6.907300013685853 -6.79104229929959 -6.7059662897652705 -6.740227669170494 -6.745232140319572 -7.127881703564426 -7.546717442810301 -7.974792205716013 -8.531058421901943 -8.830941731527437 -9.080010411023835 -9.116196587024858 -9.278264460391139 -9.45804046243877 -9.635891667890604
-1.2772699709735935 -1.0459094201585462 -1.3584963873163138 -1.6464459580478539 -1.9305459355877956 -2.9491482940846594 -3.8260856231307128 -4.336926639655784 -4.606398163067653 -4.811581480179833 -4.872020093287924 -5.065269671506149 -5.355528998152648 -5.5868895489676955 -5.8671399333160394 -6.19243055800608 -6.545053294356469 -6.838007336237086 -6.953110172665871 -7.0878459343718045 -7.125186988330307 -7.090925608925083 -7.0878459343718045 -7.074372358201211 -7.055509351562381 -7.029332117859513 -6.988141470709413 -6.902295542536775 -6.836852458279607 -6.819144329598256 -7.028177239902034 -7.242984539993209 -7.659125564004967 -8.097594228527994 -8.49525720522008 -8.900234408976203 -9.041899438427013 -9.147378291876802 -9.17278560694135 -9.374119330861932 -9.608559556230258 -9.779481493937215 -9.951173350282492
-0.9169480482400089 -0.425739956992088 -0.5851131151242503 -1.0497590133501442 -2.0545028363572553 -3.0361491002147774 -3.6455397024447604 -4.122889258202928 -4.560588004087635 -4.85931643575565 -5.075278613804304 -5.312413554406749 -5.592663938755092 -5.888697655188989 -6.226691937411304 -6.572385406016815 -6.920773589856446 -7.120952435819548 -7.142510157692498 -7.115178046032152 -7.129806500160225 -7.11825772058543 -7.109403656244754 -7.091695527563403 -7.082071544584408 -7.047810165179184 -6.9569597658574684 -6.859565058110036 -6.890746762961981 -7.01470366373144 -7.517460534554155 -8.110297886060268 -8.589957197733394 -8.983385621914723 -9.29674250771081 -9.364110388563777 -9.35564128354226 -9.351406731031503 -9.432633147374224 -9.74983962636191 -9.927690831813742 -10.103617240669777 -10.331898116931546
-0.4080318283107366 0.23639007196278972 0.2098278789407627 -0.8164736659392977 -2.4032759795160454 -3.3456563928192664 -3.657088482019555 -3.907312039473433 -4.420077852594304 -5.009835529547137 -5.3643830624933235 -5.581885077818618 -5.855591153741245 -6.15239478881346 -6.496163460823173 -6.804515875470183 -7.053584554966582 -7.164067879565447 -7.112483330798033 -7.112483330798033 -7.0997796732657585 -7.092850405520882 -7.1144081273938315 -7.144434954288298 -7.151364222033174 -7.075142276839531 -6.920773589856446 -6.826073597343132 -6.998920331645888 -7.522465005703233 -8.337808843683717 -9.025346187703141 -9.385668110436725 -9.52040387214266 -9.524253465334258 -9.496921353673912 -9.512704685759465 -9.56351931588856 -9.782176209171332 -9.989284322879312 -10.269534707227656 -10.634861101110317 -10.825031004775266
-0.35644727954332167 0.2567929158782597 0.5682250050785481 -0.7040655447446325 -2.445236545304465 -3.423033215970389 -3.7460140847454717 -3.9542770764109303 -4.434706306722377 -5.150345681040468 -5.6300049927135944 -5.779369208547601 -6.043836260810393 -6.349493960223284 -6.618195564996833 -6.859565058110036 -7.013548785773961 -7.074372358201211 -7.05743414815818 -7.127111784926106 -7.120182517181229 -7.1748467405019225 -7.185625601438397 -7.175616659140242 -7.176771537097721 -7.147514628841575 -7.059743904073138 -7.1144081273938315 -7.525544680256512 -8.359366565556666 -9.048828706171891 -9.464969730183647 -9.555820129505364 -9.566214031122678 -9.516554278951062 -9.531182733079135 -9.679777030274822 -9.826061571555552 -10.062426593519676 -10.329973320335746 -10.73456556477271 -11.055621636951994 -11.399390308961706
-0.30755744601002555 -0.28138021230715826 -0.17282168430409106 -1.2460882661216486 -2.6765970961195125 -3.5820214147833913 -3.905387242877634 -4.166004701948827 -4.688394498048693 -5.358223713386767 -5.848661885996368 -6.016504149150046 -6.1473903176643825 -6.384910217585987 -6.653226863040376 -6.831847987130529 -6.960039440410747 -7.025482524667916 -7.062438619307257 -7.149439425437375 -7.179851211651 -7.234515434971693 -7.179851211651 -7.165222757522927 -7.173691862544443 -7.234515434971693 -7.533243866639708 -7.802715390051577 -8.47254460538965 -9.121970976812255 -9.458810381077091 -9.578917688654952 -9.6455156508696 -9.527333139887537 -9.477673387715921 -9.655139633848595 -9.91113758108987 -10.133644067564243 -10.376938357273243 -10.69222003966513 -11.218844388275754 -11.84093864803801 -12.78601377657535
-1.1521581922466544 -1.7041898559218256 -2.0371796669950637 -2.408280450665123 -3.3945462263525625 -3.730615711979079 -4.0008571540292674 -4.293041277271565 -4.86047131371313 -5.565331827094746 -6.023433416894923 -6.142385846515305 -6.1593240565583365 -6.39953867171406 -6.6043370295070805 -6.772564251979918 -6.876118308833908 -6.954265050623349 -7.105554063053156 -7.192554869183274 -7.267621936419437 -7.314586973356934 -7.246064214546488 -7.180621130289319 -7.211802835141264 -7.557496303746776 -7.935526355161712 -8.477549076538729 -9.064612038257442 -9.35564128354226 -9.470744119971044 -9.601630288485381 -9.60355508508118 -9.506930295972067 -9.637816464486404 -9.886885143982802 -10.129794474372645 -10.296866818888002 -10.689525324431012 -11.117215128017563 -11.663087442586178 -12.259774387283887 -12.640499153932941
-2.3309036275140005 -3.3271783454995956 -3.64630962108308 -3.5947250723156654 -3.8164616401517173 -4.162155108757229 -4.307669731399638 -4.6006237732802555 -5.0987611322730535 -5.752807015525574 -6.141615927876986 -6.233236245837021 -6.216682995113149 -6.412242329246333 -6.5877837787832085 -6.701346777935353 -6.805670753427663 -6.982367080922016 -7.132886174713503 -7.226431289269337 -7.305732909016259 -7.333834939314925 -7.331140224080807 -7.3076577056120575 -7.577129229023926 -7.9239775755869175 -8.366295833301542 -8.849419778847107 -9.114271790429058 -9.25478194192239 -9.402221361160597 -9.477673387715921 -9.516554278951062 -9.635891667890604 -9.76754775504326 -9.97542578738956 -10.183688779055018 -10.48742168187211 -10.911261892267063 -11.279283001383844 -11.501789487858217 -11.712747194757794 -10.110161549095494
-3.4757726426952833 -4.3057449348038395 -4.404294520508751 -4.34578070399646 -4.451259557446249 -4.570211987066631 -4.71572660970904 -4.913210740438023 -5.4101932214733415 -5.857515950337044 -6.216682995113149 -6.3213919299246175 -6.2948297369025905 -6.449198423885676 -6.511561833589566 -6.62512483274171 -6.804515875470183 -6.982367080922016 -7.143665035649978 -7.242984539993209 -7.291104454888186 -7.2930292514839845 -7.396583308337974 -7.666824750388163 -7.936681233119192 -8.242338932532084 -8.683502312289228 -8.883681158252331 -9.03227545544802 -9.039204723192896 -9.203967311793294 -9.271335192646262 -9.518479075546862 -9.639741261082202 -9.879955876237926 -10.088988786541703 -10.253751375142103 -10.585971267577023 -10.778450927156928 -10.958996847842881 -10.829265557286023 -9.299822182264087 -7.697236536601788
-4.341931110804862 -4.686469701452894 -4.706872545368364 -4.877024564437002 -4.980578621290991 -5.037937559845803 -5.039862356441602 -5.237346487170585 -5.508742807178254 -5.917184644806815 -6.247094781326774 -6.3799057464369096 -6.355653309329841 -6.387604932820105 -6.444193952736598 -6.587013860144888 -6.766789862192521 -6.956189847219149 -7.122107313777028 -7.232590638375894 -7.285330065100789 -7.289949576930707 -7.627943859153022 -7.949384890651466 -8.286994213554621 -8.592651912967513 -8.734316942418324 -8.909088473316878 -8.874827093911655 -8.781281979355821 -8.859428721145262 -9.00571326242599 -9.327154293924435 -9.74791482976611 -9.989284322879312 -10.106311955903896 -10.269534707227656 -10.406195265529389 -10.369239170890047 -10.328048523739948 -9.247082755539195 -7.410056884508568 -6.210908605325752
-4.788098961711085 -5.036012763250004 -5.10453552206045 -5.306639164619352 -5.350524527003571 -5.270452988618329 -5.2608290056393345 -5.3670777777274425 -5.589969223520974 -5.904480987274541 -6.238240716986098 -6.384910217585987 -6.355653309329841 -6.322161848562938 -6.389529729415905 -6.5438984163989895 -6.765634984235041 -6.954265050623349 -7.09862479530828 -7.199099177608991 -7.371175993273427 -7.452017450296988 -7.846600752435795 -8.150333655252888 -8.481398669730327 -8.61921410598954 -8.731622227184205 -8.755874664291273 -8.649240932884005 -8.47254460538965 -8.422884853218035 -8.664254346331237 -9.290198199285093 -9.731361579042238 -9.966956682368043 -10.07705504764775 -10.01469163794386 -10.085139193350106 -9.840690025683624 -9.327154293924435 -7.826197908520325 -6.312537865583942 -5.379781435259717
-5.0887521899748975 -5.3690025743232415 -5.499888742837578 -5.575340769392901 -5.407113546920063 -5.311643635768429 -5.306639164619352 -5.444454600878565 -5.661956616203859 -5.922959034594212 -6.208983808729952 -6.355653309329841 -6.3094581910306635 -6.245939903369295 -6.371051682096233 -6.647452473252979 -6.888821966366182 -7.03510650764691 -7.173691862544443 -7.313432095399455 -7.597532072939397 -7.768454010646353 -8.116072275847666 -8.357441768960868 -8.491022652709322 -8.541837282838417 -8.47254460538965 -8.470619808793852 -8.347817785981873 -8.121076746996742 -8.036000737462423 -8.482553547687806 -9.160081949409076 -9.650520122018678 -9.856473357769177 -9.863402625514054 -9.801809134448483 -9.548890861760487 -8.870207582081738 -8.0467795983989 -6.660156130785253 -5.163049338572741 -3.2120755090708113
-5.1033806441029705 -5.512592400369852 -5.681589541481009 -5.7343289682059035 -5.64078385365007 -5.43252086198461 -5.302789571427754 -5.437525333133689 -5.725474903865228 -5.941437081913882 -6.155089504047579 -6.330245994265294 -6.2755817709446005 -6.281356160731997 -6.478455332141821 -6.7517764487452885 -6.9257780610055235 -7.030102036497833 -7.196404462374872 -7.393503633784696 -7.778462952944508 -8.110297886060268 -8.435588510750309 -8.501801513645797 -8.461765744453176 -8.321255592959846 -8.173816173721637 -8.113377560613547 -7.9266722908210365 -7.6922320654527105 -7.703010926389186 -8.266591369639151 -8.986465296468001 -9.454960787885492 -9.60355508508118 -9.569293705675957 -9.388747784990004 -8.837870999272313 -7.851605223584873 -6.908069932324172 -5.706996856545557 -3.8564974093443376 -1.0509138913076237
-5.1053054406987695 -5.49526923100766 -5.641553772288389 -5.754731812121373 -5.6300049927135944 -5.406343628281744 -5.301634693470274 -5.45330866521924 -5.7508822189297755 -6.005725288213571 -6.168948039537332 -6.259798438859048 -6.21475819851735 -6.383755339628507 -6.640523205508103 -6.840702051471205 -6.901525623898456 -6.958114643814948 -7.135580889947621 -7.427765013189919 -7.911273918054644 -8.321255592959846 -8.626143373734417 -8.543762079434217 -8.360521443514145 -8.10529341491119 -7.87893733524522 -7.645651987834373 -7.411211762466047 -7.400432901529572 -7.391578837188897 -7.865078799755467 -8.566474679264646 -9.085784800811233 -9.276339663795339 -9.207816904984893 -8.860198639783583 -8.077961303250843 -7.07706707343533 -6.044991138767872 -4.889728221969275 -3.017671052895106 -0.14471965400542475
