static/data/ASCData/20210118/ASCU/06.asc
ncols 97
nrows 97
xllcorner 99.0
yllcorner 2.0
cellsize 0.25
NODATA_value -32767
[rows 19 to 37 of 97, columns 43 to 85 of 97]
0.2330916609347966 0.057568510861551125 -0.3819768565487611 -0.7901788043031368 -1.0626821822529866 -1.564545642861573 -2.4679736211797483 -3.1623225530871464 -3.334158242024399 -3.6770921276717066 -3.9414830911223726 -4.13581229298918 -4.158305805918735 -4.155355837009941 -4.0852940754260825 -3.874371298447308 -3.892808604127271 -4.072387961450108 -4.407578178711832 -4.7471933493367455 -5.090864727211251 -5.571340913231081 -5.949305679670318 -6.371151233627866 -6.57728031112985 -6.718878818751964 -6.759072145134282 -6.719985057092761 -6.616367399171371 -6.533399523611538 -6.3682012647190716 -6.19562808355462 -5.972905430940671 -5.677908540061265 -5.3486182606171315 -5.014903027809805 -4.978765908677078 -5.173832602771084 -5.733589203214754 -6.440475502984526 -7.274579211946041 -8.139657594449893 -8.771688433159017
0.5457883652669651 -0.3683332503455887 -1.283192358185341 -1.8565925648321833 -2.0040910102718854 -2.4004930823910846 -2.9768432579467206 -3.590805537089481 -3.8312280031561956 -4.265610924976118 -4.3448913393999575 -4.415321847097416 -4.400572002553446 -4.312810427516823 -4.233530013092983 -4.064644293064524 -4.247173619296156 -4.449246489548548 -4.809880188648619 -5.1535515665231255 -5.457029618015312 -5.842000560612934 -6.163178425557886 -6.406550860533394 -6.618211129739367 -6.710028912025582 -6.732522424955136 -6.667254362848068 -6.5713803733122615 -6.569536642744265 -6.404338383851799 -6.210009181984991 -5.937505804035141 -5.628127814725366 -5.420155006655387 -5.389917825340248 -5.568390944322287 -6.090904187292432 -6.655454487212892 -7.2815853881044275 -8.04783981216368 -8.596902775312971 -8.816675459018128
0.7294239298393941 -0.5128817268764969 -1.8691299326945578 -2.377262077234332 -2.5022670097444792 -2.8625319627309516 -3.4776004802145097 -3.9757764796871036 -4.203292831777844 -4.538114302925967 -4.53221436510838 -4.570563960922702 -4.450352727889345 -4.363328645079921 -4.347841308308752 -4.307647981926433 -4.524470696722796 -4.819467587602199 -5.141751690887949 -5.519716457327185 -5.766776353438686 -6.031536063002952 -6.292977057544824 -6.491362466661223 -6.634067212624135 -6.697491544163207 -6.6749980312336525 -6.682741699619236 -6.634067212624135 -6.578386549470648 -6.448587917483709 -6.210009181984991 -5.932712104558352 -5.686758446787648 -5.631077783634161 -5.85453792847531 -6.316576808815176 -6.887027046553224 -7.40437784393298 -7.90919127345036 -8.395567397287778 -8.740345013503081 -8.966017635025825
0.6482997848475582 -0.7912850426439346 -2.3831620150519197 -2.764814242627149 -2.7773516104895237 -3.117335527228037 -3.599655443815863 -4.0812378681764905 -4.371441059579104 -4.602644872805838 -4.54696420965235 -4.577201390967488 -4.480589909204484 -4.435602883345375 -4.442609059503761 -4.600801142237842 -4.823523794851791 -5.199276084609433 -5.523772664576777 -5.790376104709039 -6.017892456799779 -6.219965327052171 -6.381844870922245 -6.5510993370643025 -6.634067212624135 -6.683847937960034 -6.699335274731204 -6.693435336913615 -6.641810881009719 -6.548886860382707 -6.450431648051706 -6.203371751940205 -5.938612042375939 -5.9054248921520065 -5.926074674513565 -6.51274974124998 -7.125237035938343 -7.641850341090899 -8.047102319936482 -8.394829905060579 -8.697570464325569 -8.9287742775523 -9.021698298179313
0.06715590981513175 -1.357679073132391 -3.005974200921062 -3.102585682684067 -2.9746307812651254 -3.1700662214727306 -3.6523861380605567 -4.107418842242037 -4.3987282719854495 -4.5480704479931475 -4.485383608681275 -4.481696147545282 -4.525576935063594 -4.529633142313185 -4.669019173253703 -4.828317494328582 -5.135114260843162 -5.511972788941601 -5.812500871524994 -6.025636125185364 -6.26974605238807 -6.396594715466215 -6.51791218684037 -6.623373575329756 -6.707078943116787 -6.714085119275174 -6.729572456046342 -6.642917119350517 -6.580230280038644 -6.482512559934841 -6.3763136792182555 -6.185671938487441 -6.211115420325789 -6.176822031761058 -6.627061036465749 -7.214842341542962 -7.784186340940212 -8.241431521803289 -8.514672391980337 -8.672864474714418 -8.923980578075511 -9.086966360286382 -9.180996619254191
-0.8819965865893513 -1.7054066582564884 -2.9934368330586874 -2.8802317761837157 -2.630221911163421 -2.8448321492781874 -3.5107876304384424 -3.9658203346199237 -4.2744608317025 -4.41310937041582 -4.424909246050996 -4.411265639847824 -4.564664023105115 -4.762680686107915 -4.919029038273999 -5.20517602242702 -5.511972788941601 -5.7763637523922675 -6.069516912703675 -6.2579461767528946 -6.488412497752429 -6.565480435494673 -6.620423606420963 -6.72072254931996 -6.722935026001555 -6.73067869438714 -6.6602481866896825 -6.5510993370643025 -6.485462528843635 -6.3763136792182555 -6.289289596408831 -6.370413741400667 -6.483618798275639 -6.839827544012519 -7.291172787058008 -7.857566817546464 -8.384136267766202 -8.603540205357756 -8.784225801021392 -8.90443703405475 -9.114253572692725 -9.277608101017197 -9.476731002360793
-1.0988193013857135 -1.5051775185720928 -1.9181731658032588 -1.9093232590768767 -1.9277605647568394 -2.693646242702493 -3.3750890606339166 -3.817584396953023 -4.13581229298918 -4.282573246201684 -4.350791277217546 -4.49238978483966 -4.723962344179992 -5.001996913833831 -5.277450260692475 -5.560647275936702 -5.825406985500968 -6.080210549998053 -6.291133326976827 -6.480668829366845 -6.62632354423855 -6.6709418239840605 -6.724778756569552 -6.733628663295934 -6.727728725478346 -6.652504518304098 -6.5566305287682916 -6.454119109187698 -6.37889490201345 -6.276383482432857 -6.381844870922245 -6.58207401060664 -6.932751564639532 -7.338003543485113 -7.920991149085536 -8.49328511739158 -8.807825552291746 -8.951267790481856 -8.997361054681761 -9.21123380056933 -9.49332457747276 -9.683597572089976 -9.872395582252796
-1.1076692081120956 -1.009951488008293 -1.1799434463775498 -1.4952213735049131 -2.3086753001048703 -3.004130470353066 -3.3430081487507817 -3.7257666146668083 -4.086031567653281 -4.220992645230608 -4.396515795303854 -4.715112437453611 -4.951478696270733 -5.314693618165999 -5.646565120405329 -5.908374861060801 -6.155434757172301 -6.343864021221521 -6.483618798275639 -6.61157369969458 -6.744322300590312 -6.784515626972631 -6.743216062249514 -6.699335274731204 -6.640704642668922 -6.551836829291501 -6.460019047005287 -6.3870073165126335 -6.332064145586345 -6.291133326976827 -6.5031623422964 -6.842777512921313 -7.301128932125188 -7.902553843405573 -8.511722423071543 -8.917343148030724 -9.127159686668701 -9.264701987041223 -9.397450587936955 -9.672903934795599 -9.88972664959196 -10.098805696002739 -10.314522172458304
-0.660380172316199 -0.47379463883497586 -0.7687915297143801 -1.769568482022759 -2.8839192373197085 -3.244184190306181 -3.371401599497924 -3.6545986147421523 -4.001219961525452 -4.247173619296156 -4.570563960922702 -4.926772706659583 -5.207019752995016 -5.654308788790914 -6.020842425708573 -6.210009181984991 -6.352713927947903 -6.501318611728403 -6.60678000021779 -6.739528601113522 -6.784515626972631 -6.722935026001555 -6.672048062324858 -6.627061036465749 -6.559580497677086 -6.468868953731668 -6.392907254330222 -6.3682012647190716 -6.382951109263042 -6.4611252853460845 -6.738422362772725 -7.318459999464353 -7.976671812239023 -8.481485241756404 -8.883049759465994 -9.214921261705323 -9.40925046357213 -9.55306144787584 -9.871289343911997 -10.164073758109804 -10.431783436582865 -10.708343021782309 -10.849941529404422
-0.6231368148426741 -0.45609482538221147 -0.9446834259012248 -2.463179921702958 -3.2714714027125256 -3.241234221397387 -3.4532632367169587 -3.9212020548744135 -4.267823401657713 -4.50197718379324 -4.84380483109975 -5.197432354041436 -5.496116706056833 -5.9094810994015985 -6.246146301117719 -6.403600891624601 -6.482512559934841 -6.594980124582614 -6.692697844686417 -6.782303150291035 -6.747272269499106 -6.6709418239840605 -6.5713803733122615 -6.489518736093227 -6.45817531643729 -6.482512559934841 -6.480668829366845 -6.4758751298900545 -6.559580497677086 -6.910258051709977 -7.50320180237758 -8.080289470160414 -8.576252992951414 -8.966017635025825 -9.225614898999702 -9.460137427248828 -9.634923085094876 -9.833308494211273 -10.137892784044258 -10.531344887254665 -10.972733985232974 -11.263674668862784 -11.546871684107014
-0.7190108043784806 -1.1592936640159914 -1.8576988031729809 -3.003024232012268 -3.280321309438908 -3.370295361157126 -3.70032313282846 -4.213986469072222 -4.683769017797674 -4.976553431995482 -5.128108084684776 -5.454448395220117 -5.6874959390148465 -5.968849223691079 -6.297033264794416 -6.47292516098126 -6.559580497677086 -6.652504518304098 -6.752065968975897 -6.744322300590312 -6.6613544250304795 -6.5470431298147105 -6.439738010757328 -6.429044373462949 -6.487306259411631 -6.530449554702744 -6.605673761876992 -6.665041886166472 -7.028625554175338 -7.460058507086467 -8.106470444225963 -8.55781568727145 -8.956061489958646 -9.214921261705323 -9.451287520522445 -9.649672929638845 -9.863545675526414 -10.136049053476263 -10.489307830304348 -10.90562219255791 -11.380935932987349 -11.995266958243707 -12.859607848520362
-1.6213325443558584 -2.5568414345571693 -3.2637277343269417 -3.5078376615296483 -3.624361433427013 -3.757110034322745 -4.037357080658179 -4.54696420965235 -5.045140209124944 -5.365580581842696 -5.421998737223383 -5.613377970181396 -5.785213659118649 -6.060667005977293 -6.230658964346549 -6.415032021146177 -6.549993098723505 -6.6513982799633 -6.699335274731204 -6.667254362848068 -6.564742943267475 -6.465918984822874 -6.407288352760593 -6.4758751298900545 -6.541143191997123 -6.697491544163207 -6.815490300514969 -7.122287067029549 -7.569576102825446 -7.992527895123792 -8.464891666644437 -8.874199852739611 -9.199433924934155 -9.440593883228068 -9.669953965886805 -9.89452034906875 -10.133836576794668 -10.363565405567002 -10.794260866250934 -11.27547454449796 -11.76185066833538 -12.249333030513593 -12.498236657193093
-2.9580372061531586 -3.874371298447308 -4.112581287832427 -4.004907422661445 -3.904608479762447 -4.025557205023003 -4.376234759055895 -4.886948126390863 -5.367424312410693 -5.657258757699708 -5.677908540061265 -5.788163628027443 -5.893625016516831 -6.105654031836402 -6.251308746708108 -6.365251295810278 -6.499106135046808 -6.5713803733122615 -6.609361223012985 -6.552943067632299 -6.477718860458051 -6.4367880418485335 -6.483618798275639 -6.545199399246714 -6.664304393939274 -6.821390238332556 -7.181655191319029 -7.50799550185437 -8.034196205960507 -8.485541449005996 -8.815569220677329 -9.009898422544136 -9.348776100941851 -9.630129385618083 -9.85948946827682 -9.995188038081348 -10.19246720885695 -10.537244825072253 -10.960934109597797 -11.344061321627422 -11.42997916609605 -11.522534440609462 -9.766934193763408
-4.0557943863381425 -4.709212499636022 -4.322397826470404 -4.193705432824263 -4.129174862944394 -4.292160645155265 -4.644681929756153 -5.135114260843162 -5.615221700749393 -5.81471334820659 -5.855644166816107 -5.9201747366959765 -5.988392767711839 -6.167972125034677 -6.209271689757793 -6.323582984973562 -6.402494653283803 -6.473662653208459 -6.487306259411631 -6.431625596258144 -6.445637948574915 -6.484725036616436 -6.587236456197029 -6.741372331681518 -6.861583564714875 -7.200461243112591 -7.560726196099064 -7.930947294152716 -8.422854609694124 -8.783488308794194 -8.972655065070612 -9.125315956100703 -9.415150401389718 -9.695397447725153 -9.876083043388789 -10.01288785153411 -10.28059753000717 -10.665199726491196 -10.833347954292453 -10.858422690017203 -10.527657426118672 -9.020592059838515 -7.2668355435604575
-4.649475629232943 -4.833111193805372 -4.335303940446377 -4.286260707337677 -4.308754220267231 -4.488333577590069 -4.986509577062662 -5.4776794003768705 -5.718839358670783 -5.892887524289632 -5.874081472496069 -5.945618218534325 -6.045917161433323 -6.1731345706250655 -6.203371751940205 -6.2229152959609655 -6.301826964271206 -6.323582984973562 -6.332064145586345 -6.352713927947903 -6.4570690780964926 -6.5322932852707405 -6.7609158757022785 -6.939757740797917 -7.310716331078768 -7.650700247817282 -8.026452537574922 -8.416217179649337 -8.667333283010429 -8.864243707672431 -8.96306766611703 -9.10761614264794 -9.383069489506584 -9.547161510058253 -9.72674086738109 -10.051974939575633 -10.373152804520583 -10.49815773703073 -10.338121923728654 -9.949463519995039 -8.634883625013694 -6.931645326298734 -6.090166695065234
-4.5266831734043915 -4.625138385735392 -4.412371878188622 -4.409421909279828 -4.465840064660513 -4.796236582445447 -5.273762799556482 -5.629971545293363 -5.843844291180931 -5.893625016516831 -5.8058634414802075 -5.920912228923175 -6.071360643271672 -6.167234632807478 -6.142897389309927 -6.155434757172301 -6.1583847260810956 -6.17608453953386 -6.18087823901065 -6.244302570549722 -6.456331585869294 -6.563636704926677 -6.832083875626935 -7.152524248344688 -7.599813284140585 -8.063695895048447 -8.461204205508444 -8.647789738989669 -8.779432101544602 -8.885999728374788 -8.888949697283582 -9.034235666041688 -9.248108411929255 -9.407406733004134 -9.630866877845282 -9.96421336453901 -10.126092908409081 -10.107655602729121 -9.500330753631147 -8.547122049977071 -6.982532289975431 -5.999086405006217 -5.401717700975423
-4.310597950835227 -4.4982897226572485 -4.5333206034491775 -4.586051297693871 -4.722856105839195 -5.004209390515427 -5.312849887598003 -5.638821452019744 -5.856750405156905 -5.864494073542489 -5.80475720313941 -5.923124705604771 -6.0654607054540834 -6.170184601716272 -6.121141368607571 -6.038173493047738 -5.99318646718863 -5.942668249625531 -5.967005493123082 -6.191571876305028 -6.462231523686882 -6.632960974283337 -7.044112890946507 -7.450471108132886 -7.923203625767131 -8.318499459545533 -8.498078816868372 -8.645577262308073 -8.750301158570261 -8.898537096237161 -8.891899666192376 -8.842856433083675 -8.98851114795538 -9.20238389384295 -9.461243665589626 -9.683597572089976 -9.787215230011366 -9.392656888460163 -8.383030029425402 -7.270523004696449 -6.028586094094158 -4.924928976091587 -3.1494164391111723
-4.133968562421185 -4.542170510175559 -4.745349618768749 -4.729493535883981 -4.816517618693405 -4.976553431995482 -5.241313141559748 -5.584247027207056 -5.825406985500968 -5.836100622795346 -5.815450840433789 -5.9485681874431195 -6.154328518831504 -6.2188590887113735 -6.080210549998053 -5.939718280716737 -5.7911135969362375 -5.688602177355644 -5.784476166891451 -6.090904187292432 -6.673154300665656 -7.057756497149679 -7.444571170315299 -7.821429698413737 -8.160307376811453 -8.328455604612714 -8.445348122623678 -8.662170837420039 -8.710107832187942 -8.672864474714418 -8.728545137867904 -8.735551314026292 -8.733707583458294 -8.873093614398814 -9.081066422468794 -9.266914463722818 -9.243314712452467 -8.595059044744975 -7.370453201481848 -6.271589782956067 -5.113358240140807 -3.3850452057010965 -0.735604379490447
-4.008963629911037 -4.375128520715097 -4.584945059353073 -4.678975318320884 -4.735393473701569 -4.905385432070826 -5.181945017270268 -5.480629369285664 -5.704089514126814 -5.822457016592174 -5.864494073542489 -6.0344860319117455 -6.227708995437756 -6.244302570549722 -6.10159782458681 -5.908374861060801 -5.629234053066164 -5.465142032514496 -5.665371172198892 -6.148428581013916 -6.946395170842704 -7.4121215123185635 -7.801886154392976 -7.982571750056612 -8.148507501176276 -8.222994216123325 -8.28051860984481 -8.274618672027222 -8.194600765376183 -8.179850920832212 -8.332143065748706 -8.521678568138723 -8.541222112159485 -8.595059044744975 -8.672864474714418 -8.76099479586464 -8.575515500724215 -7.702324703721177 -6.567692912176269 -5.519716457327185 -4.40352197146224 -2.6184220355282446 0.3415030183329777
