static/data/ASCData/20210118/ASCU/09.asc
ncols 97
nrows 97
xllcorner 99.0
yllcorner 2.0
cellsize 0.25
NODATA_value -32767
[rows 38 to 56 of 97, columns 43 to 85 of 97]
-2.903365589888277 -3.22173277345419 -3.4812361260112987 -4.058388810536652 -4.663896633169905 -5.084916595202394 -5.317141587048105 -5.383542859832427 -5.466813645161956 -5.655249689549898 -5.8085110056520906 -5.920854780687188 -5.886756829797941 -5.968591911932133 -6.009509452999229 -5.951004547789259 -5.840814327547166 -5.831841182576312 -6.0270968171421035 -6.428734786037545 -6.938409420382074 -7.424753877802381 -7.82100795971531 -8.119993150144179 -8.175626648963476 -8.2147495610364 -8.270383059855698 -8.320991597491316 -8.311300600922793 -8.320273745893648 -8.352577067788724 -8.361191286960745 -8.114250337362831 -7.961706872858308 -7.9218661091877145 -7.625034473551851 -7.129716871160689 -6.088832054541582 -4.949242643243075 -4.167861179181076 -3.272341311089809 -1.6521502551523422 0.8987353971621403
-2.578178816144514 -2.8886496321360755 -3.1521011684803604 -3.9460450355015557 -4.540785084169784 -4.924835688922351 -5.188287225266636 -5.352316315333853 -5.447072726226076 -5.626894551441998 -5.789846864112713 -5.887474681395609 -5.856248136897035 -5.940236773824232 -5.9617723217542835 -5.925520816072032 -5.911881635716332 -5.945261735007911 -6.236350557862426 -6.625785049597507 -7.2948227386244096 -7.790858192613239 -8.000829784931232 -7.958835466467633 -8.06328287392838 -8.18459979393433 -8.242027921747798 -8.30663456553795 -8.287970423998573 -8.235208331569948 -8.29299538518225 -8.282227611217225 -8.103482563397806 -7.886691380901965 -7.424753877802381 -7.012707060740748 -6.241016593247272 -5.171776638520264 -3.9998839053266817 -3.0907248568797163 -2.098653948902056 -1.4586892495807218 0.7490633390482895
-2.305395209030541 -2.6549889370950277 -3.0293485452790723 -3.84841721821866 -4.368859626528214 -4.7751636308085 -5.085993372598896 -5.250740314263782 -5.382825008234759 -5.555468317473997 -5.70872963357619 -5.796666454290563 -5.803486044468412 -5.865939133465558 -5.884603275004935 -5.8964478263664635 -5.884603275004935 -6.166718952888598 -6.526362603320441 -6.963893152099301 -7.585911561478925 -7.948067692502608 -7.889562787292638 -7.853311281610386 -8.064359651324882 -8.187471200325003 -8.226594112397928 -8.272177688849869 -8.235208331569948 -8.207929970858551 -8.187471200325003 -8.087689828249102 -7.9089447804296835 -7.474644563840332 -7.006605322160567 -6.124724634424998 -5.251817091660285 -4.117970493143126 -3.0476537610196153 -2.0527114466512817 -1.3768541674465298 -1.287122717737986 -1.5810829469831755
-2.039072266295583 -2.3836410331763913 -2.957922311311071 -3.731407407798719 -4.223494678000373 -4.656000265595554 -4.967547858983618 -5.192235409053811 -5.325037954622457 -5.425537178296025 -5.571978904220369 -5.677503089077616 -5.679656643870621 -5.675708460083445 -5.659197873337074 -5.674631682686943 -6.014534414182908 -6.299521498457242 -6.873802776591923 -7.361224011408732 -7.857259465397561 -7.948067692502608 -7.853311281610386 -7.820290108117643 -8.030979552033303 -8.202187158077205 -8.239156515357124 -8.179574832750651 -8.111378930972158 -8.04282410339483 -7.908226928832015 -7.795883153796918 -7.508742514729578 -7.072288743347221 -6.271525286148176 -5.385696414625432 -4.166066550186905 -3.0293485452790723 -2.09470576511488 -1.0624351676677923 -0.4863592605389413 -1.997795799429653 -2.3093433928177167
-1.83592026415544 -2.1934103597942785 -2.8369643171039547 -3.5505088051862943 -4.056594181542481 -4.496996136712014 -4.812491913887254 -5.036820538158613 -5.167828454733088 -5.243202872488265 -5.407949814153151 -5.514550776406901 -5.482247454511825 -5.3584180539140345 -5.361289460304708 -5.689347640439144 -6.029250371935108 -6.531028638705285 -7.122897280982841 -7.63364869272387 -8.006572597712578 -7.937299918537583 -7.910021557826186 -7.892434193683311 -8.064359651324882 -8.235208331569948 -8.12178777913835 -8.04102947440066 -7.833929288473341 -7.64046828290172 -7.458851828691628 -7.347584831053034 -7.012707060740748 -6.432324044025886 -5.630842735229174 -4.4636160374204366 -3.17184208741624 -2.1327518997913026 -1.3047100818808608 -0.3280729832530702 0.38690720802460676 -1.354241842119977 -3.1786616775940892
-1.7411638532632177 -2.1316751223948 -2.7185188034886765 -3.299619671801206 -3.83980299904664 -4.299586947353218 -4.620825537309805 -4.827925723237124 -4.941346275668723 -5.051536495910815 -5.2467921304766065 -5.27119908479733 -5.27119908479733 -5.1735712675144345 -5.407949814153151 -5.762568503401316 -6.21948104531722 -6.74028237942561 -7.3055905125894345 -7.82100795971531 -7.945196286111935 -7.8278275498931595 -7.940171324928256 -8.032056329429805 -8.15624465582643 -8.055386506354028 -7.907150151435513 -7.680667972371149 -7.425830655198883 -7.121820503586337 -6.9089775048776705 -6.794839100848403 -6.333978375145323 -5.769388093579165 -4.895403773417948 -3.7001808633001456 -2.4988562146021613 -1.4579713979830535 -0.8582063881311468 -0.07395351767847402 0.6718942922989419 -1.5613420280472958 -3.4873378645914794
-1.6237951170444425 -2.0010261316191604 -2.574230632357338 -3.0731374927368416 -3.56127657915132 -4.048697813968129 -4.4704356275982855 -4.683637552105786 -4.788802811164199 -4.9470890884500704 -5.059432863485167 -5.015643916027397 -5.115066362304464 -5.238177911304586 -5.512397221613895 -5.887474681395609 -6.365204919643896 -6.955996784524949 -7.5202281402922715 -7.815265146933964 -7.824238291904818 -7.751017428942646 -7.899253783861161 -7.995804823747553 -7.97749960800701 -7.793729599003914 -7.391373778510802 -7.031012276481292 -6.793762323451901 -6.60030131788028 -6.407917089705164 -6.363051364850891 -5.901113861751307 -5.224538730948888 -4.30748331492757 -3.255830724343437 -2.157158854112027 -1.184469939271412 -0.6963308528569339 0.0021387516743709423 -0.3632477115388193 -2.1855139922199265 -3.350587135235659
-1.5096567130151746 -1.8797092116132093 -2.364976891637014 -2.8484499426666483 -3.322949848725427 -3.7938604967958653 -4.2557979998954485 -4.561243854703331 -4.70122491624866 -4.800647362525726 -4.822182910455777 -4.802441991519897 -4.952831901231416 -5.281249007164687 -5.666735315112591 -6.055451955250003 -6.588815692317587 -7.210834101697213 -7.622880918758845 -7.693230375330344 -7.636520099114545 -7.65410746325742 -7.780090418648214 -7.869821868356759 -7.6914357463361736 -7.263596194125837 -6.778328514102032 -6.411865273492339 -6.22630063549507 -6.227377412891572 -6.163129694900256 -6.020277226964254 -5.49122059948268 -4.800647362525726 -3.969734138224611 -3.0828284893053644 -2.298575618852692 -1.4375126274495056 -0.664027530961858 -0.8650259783089962 -2.9744328980574437 -4.523197720026909 -4.5476046743476335
-1.3212206686272328 -1.6266665234351159 -1.9647746259369088 -2.5153668013485335 -3.0243235840953937 -3.5828121270813704 -4.0748993972830245 -4.3982915420326165 -4.552629635531312 -4.633746866067835 -4.637695049855012 -4.704096322639334 -4.944217682059397 -5.364160866695382 -5.7392383264770945 -6.197227645789502 -6.762535778953328 -7.2948227386244096 -7.583040155088252 -7.6063703320124745 -7.510537143723749 -7.562222458755871 -7.6864107851524945 -7.629700508936695 -7.269339006907183 -6.814221093985449 -6.481496878466169 -6.291984056681724 -6.2040472359673515 -6.157027956320075 -6.128672818212175 -5.825021592398462 -5.235306504913913 -4.596418582989081 -3.9499932192887317 -3.303567855588382 -2.797841405031029 -1.9665692549310796 -1.412028895732279 -2.7576417155616015 -5.52998458575677 -7.046805011629994 -7.328920689513657
-1.1794449780877336 -1.2928655305193328 -1.7548030336189164 -2.4227639452493164 -2.886496077343071 -3.4629309102707557 -3.910152455618138 -4.198010946283146 -4.355220446172515 -4.456796447242587 -4.515660278251392 -4.671793000744257 -4.985135223126493 -5.474351086937473 -5.904344193940815 -6.45493636935244 -6.970712742277149 -7.242060646195785 -7.428702061589558 -7.441264464548754 -7.403218329872331 -7.3906559269131336 -7.408961142653677 -7.277235374481535 -6.882775921562777 -6.51344127456241 -6.38961187396462 -6.249989738218126 -6.378844099999595 -6.234197003069422 -6.000895233827208 -5.541829137118299 -5.005593993660041 -4.491971175528336 -3.9822965411838074 -3.7705303198716438 -3.440318584944203 -3.4209365918071573 -4.037930040003104 -5.778361238550019 -7.1483810127000655 -8.001906562327735 -7.503717553545899
-0.9587056118047158 -1.0789457544141645 -1.6686608418987143 -2.3473895274941396 -2.876805080774548 -3.434575772162856 -3.852365402005836 -4.054440626749477 -4.210932275041177 -4.356297223569017 -4.495919359315511 -4.737117496132077 -4.989083406913668 -5.5701842752261985 -6.284087689107372 -6.736334195638433 -6.935538013991401 -7.16596837684294 -7.247085607379464 -7.213705508087886 -7.193246737554338 -6.960662819909793 -6.978250184052667 -6.851549377064204 -6.438425782606068 -6.090626683535753 -5.962849099150786 -6.131544224602848 -6.34151581692084 -6.135492408390023 -5.795948602692894 -5.346573502552507 -4.914785766554994 -4.4862283627469886 -4.493047952924838 -4.4140842771813205 -4.561243854703331 -4.792033143353706 -5.9696686893286355 -7.413986103837356 -8.25853850849417 -8.435488927319419 -8.1433233270684
-0.7264806199590046 -1.0193640718076913 -1.7390102984702127 -2.3983569909285922 -2.994173816993323 -3.4902092709821533 -3.734278814189392 -3.9352772615365303 -4.133763228291829 -4.315379682501922 -4.5673455932835125 -4.8056723237094054 -5.071995266444363 -5.697244008013496 -6.41114742189467 -6.707979057530533 -6.904311469492827 -6.964611003696968 -6.992966141804869 -6.962816374702797 -6.988300106420024 -6.5927638761047636 -6.414018828285343 -6.30275183064675 -6.064425100220857 -5.724522368724893 -5.876706907430584 -6.110367602471632 -6.246041554430949 -5.957824137967107 -5.541829137118299 -5.070200637450192 -4.727426499563554 -4.868125412706552 -4.889660960636602 -5.270481233199662 -5.4431245424389 -6.010586230395731 -7.100284955656287 -8.197162196893526 -8.533116744602314 -8.904246020596851 -9.344647975766383
-0.6970487044546021 -1.0545388000934406 -1.8398684479426157 -2.5300827591007344 -3.135590581733988 -3.4528809879033986 -3.6980273085071405 -3.862056398574359 -4.060542365329658 -4.363116813746867 -4.607186356954106 -4.8056723237094054 -5.228486914736063 -5.814253818433437 -6.430529415031716 -6.727361050667579 -6.771508923924182 -6.830013829134153 -6.655216965101909 -6.593481727702432 -6.57015155077821 -6.2018936811743455 -5.9775650569029875 -5.858401691690041 -5.624740996648993 -5.748929323045617 -5.905062045538484 -6.124724634424998 -6.150208366142225 -5.7431865102642705 -5.292734632727381 -4.91011973117015 -4.967547858983618 -5.1111181785172874 -5.559416501261173 -5.940236773824232 -6.1387227405795315 -6.730232457058252 -7.556479645974523 -8.348628884001547 -8.649408703424587 -9.05463593030837 -9.443352570445782
-0.6317242090667823 -1.1754967943005576 -1.889400208181732 -2.6025857704652378 -3.254753946946934 -3.5397410312212694 -3.7468412171485883 -3.911947084612309 -4.0504924429623 -4.378909548895571 -4.565192038490508 -4.7780350371991736 -5.29955422290523 -5.795948602692894 -6.385663690177443 -6.6638311842739295 -6.706902280134031 -6.554717741428341 -6.337926558932498 -6.061553693830184 -5.9764882795064835 -5.879937239620091 -5.902190639147809 -5.789846864112713 -5.694372601622822 -5.8182020022206125 -5.914753042107007 -6.1189818216436525 -5.982231092287831 -5.593514452150419 -5.223461953552385 -5.157060680768062 -5.288068597342536 -5.741032955471265 -6.18933127821515 -6.397508241538972 -6.571228328174712 -6.862317151029229 -7.442341241945256 -8.055386506354028 -7.988267381972037 -8.244899328138471 -6.629733233384684
-0.5897298906031838 -1.344550845551454 -1.9080643497211092 -2.5361844976809156 -3.2490111341655874 -3.682593499157271 -3.8778491337230623 -3.9209202295831633 -4.040083594796109 -4.311431498714746 -4.491253323930668 -4.820029355662772 -5.259713459234637 -5.714831372156371 -6.228454190288076 -6.5252858259239375 -6.565485515393366 -6.405045683314489 -5.911881635716332 -5.495886634867524 -5.563364685048349 -5.954952731576434 -6.142311998567873 -6.112162231465803 -5.966797282937961 -5.886756829797941 -5.942390328617238 -5.949209918795088 -5.792000418905719 -5.618998183867646 -5.456763722794599 -5.487990267293172 -5.766516687188492 -6.249989738218126 -6.5758943635595575 -6.74028237942561 -6.654140187705407 -6.780123143096203 -6.863035002626898 -7.0633155983763665 -6.692186322381829 -5.6541729121533955 -4.157093405216051
-0.7196610297811552 -1.4375126274495056 -1.9238570848698129 -2.4450173447770354 -3.225322031442532 -3.732125259396387 -3.893282943072932 -3.8904115366822585 -3.9521467740817364 -4.219546494213197 -4.540785084169784 -4.933449908094371 -5.248945685269611 -5.617921406471144 -6.09565164471943 -6.362333513253223 -6.379920877396097 -6.044684181284978 -5.458917277587604 -5.159932087158736 -5.46466009036895 -6.036069962112958 -6.228454190288076 -6.107137270282124 -5.826098369794964 -5.743904361861938 -5.843685733937839 -5.837942921156493 -5.849428546719187 -5.785898680325538 -5.774413054762844 -5.953158102582263 -6.205841864961522 -6.445245372783917 -6.695057728772502 -6.709773686524704 -6.5956352824954365 -6.24783618342512 -5.943108180214907 -5.655249689549898 -4.834027461817305 -3.503848451337852 -2.1151645356484283
-1.1151972600964162 -1.6901963898287649 -2.0114349797853515 -2.4665528927070857 -3.2382433602005625 -3.7576089911136137 -3.902256088043786 -3.865286730763866 -3.891488314078761 -4.103254535390924 -4.4636160374204366 -4.9510372722372455 -5.227410137339561 -5.517422182797574 -5.951004547789259 -6.134774556792356 -5.886756829797941 -5.444201319835402 -5.128705542660162 -5.045793683129468 -5.382825008234759 -5.970745466725138 -6.166001101290929 -5.828969776185639 -5.536086324336951 -5.527113179366097 -5.6660174635149225 -5.781950496538361 -5.907933451929157 -6.145542330757381 -6.627938604390513 -6.803453320020424 -6.601378095276782 -6.47647191728249 -6.533182193498289 -6.601378095276782 -6.376690545206589 -5.748929323045617 -5.174648044910937 -4.166784401784573 -3.1513833168826917 -1.727524672907519 -0.141431567859299
-1.2978904917030114 -1.9227803074733103 -2.161824889496871 -2.6736530786344046 -3.247934356769085 -3.654238361049371 -3.8993846816531126 -4.051569220358803 -4.108279496574603 -4.124072231723306 -4.330813491851791 -4.821106133059274 -5.251817091660285 -5.5691074978296955 -5.907215600331488 -5.872040872045739 -5.348368131546678 -4.868843264304219 -4.892532367027275 -5.190440780059641 -5.682528050261295 -5.844762511334341 -5.959977692760113 -5.598539413334098 -5.341548541368828 -5.355187721724527 -5.4930152284768505 -5.655249689549898 -5.856248136897035 -6.546821373853989 -7.041780050446317 -6.999067880385049 -6.753921559781308 -6.588815692317587 -6.4265812312445405 -6.2069186423580245 -5.705858227185516 -4.976521003954472 -4.193344910898302 -3.280237678664161 -2.108344945470579 -0.6299295800726115 0.32445411902746013
-1.5868257597645223 -2.1550052993190216 -2.3847178105728934 -2.9170047702439756 -3.27413594008398 -3.6854649055479447 -3.9130238620088114 -4.047621036571627 -4.093563538822401 -4.096434945213074 -4.284870989601017 -4.661025226779232 -5.128705542660162 -5.651301505762722 -5.850505324115689 -5.532138140549776 -5.000927958275197 -4.684355403703454 -4.767626189032983 -5.229204766333732 -5.858401691690041 -5.788770086716211 -5.813177041036935 -5.5622879076518466 -5.403283778768307 -5.402207001371805 -5.5009115960512025 -5.669965647302099 -5.946338512404413 -6.729514605460583 -7.186427147376488 -7.158072009268588 -6.8942615471254705 -6.5303107871076165 -6.2018936811743455 -5.715549223754039 -5.219513769765209 -4.502738949493361 -3.3965296374864336 -2.348466304890642 -1.0096730752391687 -0.3984224398245684 -1.7264478955110165
