static/data/ASCData/20210118/ASCU/15.asc
ncols 97
nrows 97
xllcorner 99.0
yllcorner 2.0
cellsize 0.25
NODATA_value -32767
[rows 0 to 18 of 97, columns 0 to 42 of 97]
0.8351792290149858 -0.22153617343492504 0.11940345812474717 0.5949418438426299 0.884872167591733 0.8272810136120592 -0.3943096353739479 -0.774411251639799 0.8977067676214894 1.471643753567501 1.1320204912416498 0.7265787672247424 -0.9863466982850007 -0.7586148208339454 -0.4002332969261433 0.5557798591364511 1.4755928612689644 1.6319117077852239 1.3242103993795347 1.2600373992307548 0.24050942763629113 -0.550628481890207 -0.7253764976799619 -0.3465912506479323 0.2872405354369407 -1.0330778060856507 -1.7751809616523115 -1.9755981775015783 -1.941372577422229 -1.9423598543475948 -2.2790212858973486 -1.5711437304100366 -0.8379260671716682 -0.6796326668046775 -0.32223841982224144 0.39452462799336274 -1.030115975309553 -0.5545775895916703 -0.15012314250012881 -0.30150560438955853 -0.3818041276526474 0.17699461210442147 0.7492861365081573
0.29908785854133146 -0.33770575831963967 -0.11129025010240534 0.34779352019271315 0.6768858286479951 0.7851571981297827 0.43664844347563925 0.34581896634198106 1.4726310304928667 1.7902051081522146 1.179738875967666 0.45705216659986636 -1.4098884992669483 1.0908839526847398 0.7627789211548235 0.8927703829946605 1.6641627540138408 1.9893059547676595 0.8888212752931963 1.1096422142666906 0.5439325360320613 0.10755613502035688 -0.06324277306793435 -0.18336146565411227 0.9082377214920587 0.674911274797263 -0.09549381929655176 -1.1551710525225602 -1.8630486080098718 -2.300741378255397 -2.2526939012209257 -1.7528026846773523 -1.4941361302315008 -1.3825738376651602 -0.8083077594106927 0.1378326273982431 0.05292681181678027 -0.801725913241587 -0.12280848089834029 0.22570027375580315 0.30172059700897336 0.5146433205795411 0.39353735106799714
-0.10437931162484437 -0.44235711240841935 -0.16986868100744568 0.08912696574686141 0.2862532585115751 0.6758985517226295 0.8907958291439284 0.8838848906663674 1.4160271534385585 1.4795419689704277 1.0069654140286426 0.19641105830328343 -0.550628481890207 1.8681999852561164 0.9582597523772609 1.0441528448840902 1.7931669389283114 1.9689022316434324 0.8272810136120592 0.5979036746187276 0.3165297508894609 0.736451536478401 0.7404006441798643 -0.24391445040988424 -0.06916643462012928 0.17699461210442147 1.0645565680083173 -0.10240475777411273 -1.6991606383991416 -2.1552825779181624 -0.3271748044490703 -1.501705253325972 -1.5175016841318256 -1.742929915423694 -1.2292168219249988 -0.08792469620208054 0.30007513546669706 -0.9501465443549195 -0.8231169132911806 -0.30150560438955853 0.3974864587694604 0.8282682905374248 -0.40319512770224053
-0.24885083503671357 -0.6296106359194749 -0.30742926594175346 -0.30150560438955853 -0.13761763477882782 0.1825891813481615 0.9102122753427899 0.9562851985265297 0.7548807057518969 0.8819103368156354 0.903301336865229 0.3125806431879976 0.09965791961743031 1.1622969836195365 0.903301336865229 1.490402015149452 2.246327047671235 1.647708138591077 0.4952268743806796 0.37214635101840354 0.16613456592539722 0.421181104978241 0.46396310507742733 0.0019175040062116011 -0.7168200976601247 -1.150234667895731 0.2921769200637705 1.0615947372322196 -0.1882978502809416 -1.7840664539806041 -0.3620585891453305 -0.9863466982850007 -1.5115780225796307 -1.742929915423694 -1.5859528842905242 -0.6776581129539458 0.4521157819730375 -0.7470965900380104 -0.7029982207050027 -0.030991726839316502 0.7170350902795395 0.3606281202224686 -1.1844602679750804
-0.002689788312162378 -0.5710322050144345 -0.49205005098516663 -0.47460815863703676 -0.6335597436209381 -0.40714423540370426 0.2688113661634457 0.8888212752931963 0.8009536289356367 0.5419579821813292 0.51957970520637 0.46100127430132964 0.4307247819234439 0.48337955127628884 1.0303309679289683 1.6124952615863624 1.6164443692878256 0.789106305831246 0.12401075044312115 0.3086315354865343 0.18653828904962477 -0.7283383284560592 -0.7635512054607747 0.014752104035967495 0.0683941503141785 -1.1561583294479258 -0.36798225069752544 0.4521157819730375 0.23261121223336412 -1.1953203141541047 -0.6151305743474422 -0.5154156048854919 -1.0419632984139433 -1.4997306994752404 -1.3513100683619084 -0.9481719905041879 0.5136560436541755 -0.504884651014923 -0.6171051281981739 0.053914088742146316 0.30270787393433896 -0.23437077346468094 -1.4783396994256472
0.34680624326734755 -0.5397684357111827 -0.5292374818406138 -0.5683994665467922 -0.7283383284560592 -0.6756835591032142 -0.4716463278609395 0.36720996639157466 1.074429337261976 0.8144464135823029 -0.027371711446308566 -0.14749040403248648 0.34976807404344434 0.1259853042938528 0.7766007981099454 1.081340275739537 1.0849602911325444 0.3204788585909242 -0.12182120397297469 0.3135679201133641 0.4902904897538498 -0.42557340467719973 -1.5566636688380044 -0.8425333594900422 -0.18138691180338062 -0.8474697441168715 -0.23733260424077862 0.20727110448230768 -0.01354983449118663 -1.150234667895731 -0.8445079133407738 -0.27517821971313605 -0.32882026599134706 -0.7879040362864655 -1.3779665453467862 -1.1189708985924791 0.5060869205597038 -0.5828795281188248 -0.7586148208339454 -0.03691538839151187 0.21286567372604726 -0.02835898837167461 -0.813244144037522
0.5021378128582406 -0.49106277405980103 -0.6911508976006124 -0.7263637746053275 -0.6552798359789866 -0.44334438933378495 -0.6424452359492308 -0.2294343888378516 0.6992641056229543 0.9424633215714078 0.0812287503439344 -0.8886062826737815 -0.24490172733524984 0.2744059354071853 0.9042886137905946 1.1399187066445773 1.1905989221466902 0.6456220593447428 -0.1445285732563888 0.38893005874962316 0.5449198129574269 -0.056660926898828734 -1.1844602679750804 -1.4832760840524766 -1.4891997456046715 -1.186434821825812 -0.504884651014923 -0.12873214245053521 -0.6101941897206129 -1.7389808077222306 -1.4266722069981679 -0.436433450856224 -0.3972714661500456 -0.6259906205264665 -1.252911468133779 -1.0673034061649997 0.5488689206588901 -0.6552798359789866 -0.9540956520563828 -0.19027240413167323 0.5528180283603534 0.5205669821317365 0.46100127430132964
0.46396310507742733 -0.3564640199015905 -0.598346866616223 -0.6414579590238647 -0.5555648665170363 -0.2801146043399654 -0.20968885033053475 -0.2636599889172011 0.10656885809499128 0.5538053052857199 0.4932523205299475 -0.6786453898793119 -0.9471847135788218 0.6396983977925483 1.1241222758387233 1.4110907688117296 1.4670364612491271 1.2511519069024626 0.06444504261271522 0.2540022122829573 0.3165297508894609 -0.14913586557476277 -0.5154156048854919 -0.4989609894627276 -0.969562990553781 -1.3641446683916643 -0.928426451996871 -0.7879040362864655 -1.2157240372783322 -2.189179085689056 -1.7830791770552383 -1.341766391416705 -0.7888913132118311 -1.0663161292396341 -1.4832760840524766 -1.1640565448508529 0.5090487513358015 -0.30249288131492413 -0.6092069127952473 -0.24983811196207917 0.30007513546669706 0.857557505989945 1.2004716914003488
0.2862532585115751 -0.3877277892048423 -0.45288806627898825 -0.5361484203181748 -0.4041824046276066 -0.08298831157525122 0.3086315354865343 -0.3044674351656562 -0.3943096353739479 0.21681478142751054 0.5919800130665323 0.09373425806523539 -0.7586148208339454 0.5116814898034434 0.8694048290943348 1.391674322612868 1.693451969466361 1.3633723840857135 0.19641105830328343 0.39255007414263154 0.24314216610393347 -0.7322874361575229 -1.124894560144674 -0.34560397372256624 0.2451167199546651 0.08715241189612977 0.045028596413853705 0.16712184285076326 0.014752104035967495 -0.8652407287734567 -1.4783396994256472 -1.3154390067402826 -1.3249826836854859 -1.8261902694628802 -1.9920527929243423 -1.4381904377941028 -0.11425208087850303 -0.9587029443747568 -0.12478303474907193 0.21582750450214494 0.28427870466084393 0.8144464135823029 0.7012386594736864
-0.4726336047863051 -0.5085046664079309 -0.6092069127952473 -0.6220415128250032 -0.20508155801216077 0.5050996436343382 0.23261121223336412 -0.4354461739308584 -0.06126821921720271 0.15922362744783625 0.09669608884133263 0.15428724282100736 0.7413879211052308 -0.17677961948500664 0.24149670456165673 1.0372419064065292 1.3419813840361199 0.8819103368156354 0.5597289668379144 1.5147548459751432 0.6262056131458813 -0.6855563283568729 -1.2430386988801203 -0.7263637746053275 -0.21659978880809572 0.2961260277652338 0.546894366808159 0.5274779206092974 0.3418698586405178 0.1572490735971046 0.22866210453190083 -0.02440988067021088 -1.4256849300728018 -2.02430383915296 -1.9706617928747492 -1.845606715661742 -0.8672152826241883 -1.1472728371196332 0.02067576558816242 0.48239227435092324 0.30172059700897336 0.12993441199531608 -0.444331666259151
-0.7487420515802867 -0.6885181591329701 -0.7372238207843518 -0.7039854976303683 -0.29196192744435523 0.34384441249124986 0.003892057856943243 -0.5976886819993124 0.015739380961333538 0.15231268897027528 -0.31039109671785114 -0.5331865895420771 0.7120987056527106 -0.04580088071980448 -0.05764820382419433 0.8427483521094574 1.2363427530219742 0.3155424739640953 0.5225415359824677 1.2600373992307548 0.7766007981099454 -0.35448946605085885 -1.2019021603232103 -1.2216476988305272 -0.6394834051731331 0.01771393481206518 0.43961027425173693 -0.35350218912549325 -0.983384867508903 -0.2860382658921603 0.5577544129871832 0.6897204286777514 0.07333053494100783 -1.024192313757358 -1.8982614850145871 -1.7419426384983279 -1.1601074371493896 -1.3006298528597946 -0.12971941937590126 0.4201938280528754 0.21681478142751054 -0.17085595793281172 -0.4285352354532974
-1.117983621667113 -1.0916562369906906 -0.7655257593115063 -0.7118837130332953 -0.598346866616223 -0.2587236042903718 0.1835764582735271 -0.29854377361346085 -0.36403314299606215 0.04996498104068259 -0.04580088071980448 -0.8974917750020741 -0.43347162008012674 0.2638749815366159 0.743362474955962 0.7716644134831165 -0.09944292699801549 -0.4716463278609395 0.21582750450214494 -0.21758706573346176 0.32146613551629066 0.2724313815564532 -0.5282502049152478 -1.1755747756467878 -0.9958903752302035 -0.5858413588949221 0.38695550489889197 -0.46177355860728087 -1.8416576079602784 -1.6678968690958897 0.4043973972470214 0.6252183362205157 -0.03592811146614583 -0.5624758049945973 -1.0087249752599594 -0.8991372365443508 -1.455961422450688 -1.8943123773131236 -1.4246976531474362 -0.48415183558224006 0.11446707349791785 -0.3699568045482571 0.23162393530799852
-0.9843721444342686 -1.2585060373775185 -1.0192559291305288 -0.5947268512232147 -0.36403314299606215 -0.16789412715671403 0.21122021218377096 -0.10339203469947877 -0.7809930978089046 -0.37686774302581805 -0.018486219118015956 -0.6111814666459789 -0.5967014050739463 0.02067576558816242 0.5100360282611671 0.5031250897836061 -0.15604680405232374 -0.19619606568386816 0.16218545822393393 -0.7263637746053275 -0.9442228828027242 -0.6572543898297183 0.14573084280116966 0.07530508879173947 -0.5683994665467922 -0.8425333594900422 -0.36502041992142775 -0.8415460825646766 -1.9667126851732857 -1.8143429463584901 -0.5173901587362235 -0.12379575782370633 -0.9804230367328053 -1.5007179764006064 -1.1620819910001212 -0.7322874361575229 -1.4862379148285738 -1.8103938386570266 -1.718577084598003 -0.9070354519472774 -0.2870255428175259 -0.08397558850061726 0.4893032128284842
-1.131805498622235 -1.1347673293983327 -1.1005417293189832 -0.923819159678497 -0.5164028818108575 -0.1892851272063072 0.14079445817434078 -0.13860491170419387 -0.7020109437796367 -0.7451220361872788 -0.3084165428671195 -0.24391445040988424 0.013764827110601896 0.3125806431879976 -0.12675758859980357 0.27736776618328296 0.3537171817449085 -0.14913586557476277 -0.30644198901638786 -0.7253764976799619 -1.2772642989594698 -1.1337800524729666 0.09274698113986934 0.6877458748270193 0.005866611707674885 -0.8037004670923191 -1.0390014676378456 -1.5076289148781674 -1.6590113767675971 -1.4694542070973546 -1.0544688061352439 -0.8474697441168715 -1.617216653593776 -2.0466821161279194 -2.197077301091983 -1.617216653593776 -1.761688177005645 -1.7899901155327993 -2.3612943630111687 -1.5770673919622316 -0.5058719279402886 -0.6286233589941088 -0.1892851272063072
-1.246987806581584 -0.9580447597578461 -0.9580447597578461 -1.0702652369410974 -0.8757716826440256 -0.3943096353739479 0.0674068733888129 -0.36107131221996447 -0.813244144037522 -0.8385842517885789 -0.7977768055401238 -0.3630458660706961 0.4475084896546635 0.5761835822606791 0.02659942714035779 0.07333053494100783 0.4043973972470214 -0.19125968105703883 -0.7839549285850018 -0.42656068160256577 -0.6454070667253284 -1.089681683139959 -0.7039854976303683 0.11742890427401553 0.08715241189612977 -0.923819159678497 -1.14332372941817 -1.4658341917043463 -1.4391777147194684 -1.2585060373775185 -1.124894560144674 -1.3914593299934528 -1.8202666079106853 -2.2204428549923083 -2.4208600708415746 -2.4100000246625504 -2.3632689168619008 -2.298766824404665 -2.277375824355072 -1.7363480692545883 -0.8066622978684164 -1.1130472370402842 -0.8662280056988223
-1.0867198523638613 -0.8886062826737815 -1.037026913787114 -1.246987806581584 -1.2068385449500396 -0.7332747130828885 0.056875919518243556 -0.23733260424077862 -0.8122568671121564 -1.0613797446128048 -0.9988522060063012 -0.5634630819199629 0.2668368123127136 0.6123837361907594 0.7170350902795395 0.41130833572458236 0.12039073505011322 -0.46967177401020743 -1.0603924676874388 -0.8395715287139445 0.1467181197265357 -0.5144283279601258 -0.46177355860728087 -1.0633542984635365 -1.1084399447219102 -0.9267809904545943 -1.0008267598570328 -1.029128698384187 -1.2673915297058111 -1.1120599601149181 -0.7391983746350834 -1.0192559291305288 -1.5583091303802807 -1.9637508543971882 -2.0759713315804396 -1.9002360388653188 -1.9403853004968632 -1.7264753000009296 -1.4052812069485747 -1.2871370682131285 -0.6717344514017509 -1.0330778060856507 -0.6727217283271165
-1.1054781139458125 -1.178536606422885 -1.3467027760435344 -1.1755747756467878 -1.198282144930202 -1.104490837020447 -0.4588117278311832 0.28230415081011184 -0.7704621439383352 -0.8846571749723182 -0.9705502674791471 -0.5789304204173611 -0.11129025010240534 -0.09845565007264945 0.6650385055436052 0.5751963053353126 0.10656885809499128 -0.058635480749560376 -0.46967177401020743 -1.1209454524432108 -0.3212511428968754 0.11446707349791785 -0.2518126658128108 -0.9626520520762201 -1.509603468728899 -1.1745874987214218 -0.6473816205760601 -0.4607862816819148 -1.011686806036057 -0.8221296363658146 -0.35054035834939556 -0.23042166576321765 -0.8642534518480907 -1.1834729910497144 -0.8359515133209365 -0.9873339752103663 -1.0106995291106915 -0.7283383284560592 -0.3485658044986639 -0.7303128823067908 -0.37982957380191573 -0.2949237582204529 -0.0869374192767145
-1.1561583294479258 -1.3680937760931275 -1.3855356684412574 -1.3279445144615831 -1.1591201602240235 -0.9735120982552443 -0.7342619900082545 0.2003601660047467 -0.5739940357905322 -1.0077376983345938 -0.8797207903454889 -0.5361484203181748 -0.32223841982224144 -0.6022959743176863 -0.14913586557476277 0.0578631964436096 -0.4384080047069556 -0.31927658904614376 -0.1619704656045191 -1.1581328832986575 -1.2098003757261369 0.17600733517905587 0.6387111208671827 0.20924565833303932 -0.7655257593115063 -1.1913712064526414 -0.5203519895123212 -0.7517038823563844 -1.4510250378238587 -1.5115780225796307 -0.9843721444342686 -0.5526030357409386 -0.9294137289222366 -1.078163452344024 -0.2116634041812664 0.2852659815862095 0.41328288957531445 0.22570027375580315 -0.02901717298858486 -0.29097465051898963 -0.2116634041812664 0.030548534841821073 -0.166906850231348
-0.9656138828523178 -1.3611828376155666 -1.3572337299141033 -1.1268691139954057 -1.1650438217762185 -1.0077376983345938 -0.3367184813942736 -0.04580088071980448 -0.8056750209430508 -0.8484570210422371 -0.9248064366038626 -0.9070354519472774 -0.6230287897503692 -0.20014517338533144 -0.24490172733524984 -0.34165486602110295 -0.9814103136581713 -0.9685757136284154 -0.5302247587659794 -0.7158328207347586 -1.8182920540599534 -0.7888913132118311 0.5498561975842557 1.065543844933683 0.45803944352523285 -0.5848540819695565 -0.7977768055401238 -1.5770673919622316 -1.6198493920614183 -1.3572337299141033 -1.0176104675882525 -0.8708352980171963 -1.0409760214885773 -0.9804230367328053 0.16317273514929997 0.6897204286777514 0.5176051513556388 0.037130381010926694 -0.24095261963378656 -0.03395355761541419 0.2707859200141769 0.4708740435549883 -0.09845565007264945
