static/data/ASCData/20210118/ASCU/18.asc
ncols 97
nrows 97
xllcorner 99.0
yllcorner 2.0
cellsize 0.25
NODATA_value -32767
[rows 38 to 56 of 97, columns 43 to 85 of 97]
-4.825105189644062 -5.168877661623828 -5.148310077830167 -5.018375183387672 -4.985401755401009 -5.030128088412622 -5.327215409876617 -5.682414317297305 -6.042836738062416 -6.3281711545014625 -6.290953621922457 -6.352329903719413 -6.542008732038734 -6.853460715199889 -7.120186365349433 -7.371894414633762 -7.609237802220932 -7.7920607692756985 -8.027118869774684 -8.451202859424935 -8.755798981321538 -8.941233705048514 -8.942213113800594 -8.869083926978687 -8.849495751937106 -8.777345973867277 -8.500826236196943 -8.105471569941013 -7.814260700989491 -7.828951832270678 -7.983371945515151 -8.266421074866011 -8.43651172814375 -8.097636299924378 -7.64449651729578 -6.969683887113277 -6.207050938827679 -5.512650133603594 -4.9344725002928955 -4.051698745085595 -3.049763591708671 -1.8134232770008136 -0.36128656725152686
-4.583844167048576 -5.029148679660542 -5.024251635900147 -4.865260948479306 -4.840775729677328 -5.11305136275532 -5.421891589244264 -5.772519922488583 -6.112374759460033 -6.314459431972355 -6.335027015766016 -6.417950290108713 -6.562576315832395 -6.858357758960285 -7.138468662054908 -7.412050173469005 -7.693140485315709 -7.893592809907899 -8.153136129208862 -8.45805872068949 -8.703890317461346 -8.808360584349783 -8.85635161320166 -8.836763438160077 -8.814237036862258 -8.708787361221741 -8.418882370606326 -8.044748227312107 -7.827972423518599 -7.7920607692756985 -7.978474901754755 -8.034954139791317 -7.66604350984152 -7.274280009009878 -6.574982160025397 -5.875031371872863 -5.224377490908311 -4.629876378396294 -4.11601325313879 -3.2391159504439644 -2.12389585140989 -2.18951623779919 -0.8679673616604506
-4.3066714902101895 -4.901172602722206 -4.96287535410319 -4.809434649610797 -4.70398497397028 -5.012498730875198 -5.3915299179298115 -5.7431376599262105 -6.07123959187271 -6.278221308145428 -6.3484122687110975 -6.442435508910691 -6.6092614663481655 -6.920713449509321 -7.242938928943347 -7.608258393468853 -7.886736948643345 -7.988268989275546 -8.241282916895981 -8.361097254233659 -8.600399459324986 -8.67385511573092 -8.792037105148465 -8.778325382619357 -8.73327258002372 -8.627822904383201 -8.452182268177015 -8.125059744982593 -7.971619040490201 -7.874004634866317 -7.9177515591258505 -7.513582214101206 -7.121165774101511 -6.397382706315053 -5.695146631074334 -5.047757445950046 -4.417997618363181 -3.923722668147259 -3.4793975642873716 -2.766387992773783 -2.1474016614597886 -2.089616545087121 -1.1229401067850446
-4.048760518829358 -4.709861426482754 -4.886481471441019 -4.8819108972646506 -4.751976002822156 -4.993237025417642 -5.37096233413615 -5.657276159327275 -5.986357500025854 -6.213906800092234 -6.324253519493146 -6.517523513236756 -6.751928674567688 -7.055545387712211 -7.389523772171186 -7.7519050104404545 -7.747987375432139 -7.847560598560181 -8.07413048987448 -8.174683121754603 -8.492990966180312 -8.579178936363274 -8.707807952469661 -8.763634251338171 -8.717602039990453 -8.558611352569612 -8.38068542927524 -8.20994183682945 -8.082945168643192 -7.893592809907899 -7.630784794766672 -7.105495234068245 -6.5087088344680435 -5.783946357929507 -5.050695672206283 -4.403306487081994 -3.8231700362671375 -3.3475038523407186 -2.8271113354026873 -2.0331373070505596 -1.568244619397011 -1.7442117251872236 -0.7840646785656742
-3.6638528792622695 -4.484270943920533 -4.750017185317997 -4.920760777763788 -4.927616639028342 -5.117948406515715 -5.289018468545532 -5.575005824152631 -5.87894900688118 -6.09376599317053 -6.31935647573275 -6.598487970075295 -6.875007707745629 -7.160015654600649 -7.464611776497251 -7.534149797894868 -7.53023216288655 -7.584752583418954 -7.814260700989491 -7.982392536763071 -8.341835548776103 -8.473402791138728 -8.616069999358253 -8.691484473268343 -8.66308161945805 -8.503764462453182 -8.276215162386801 -8.125059744982593 -7.9402779604236695 -7.674858188610232 -7.238041885182952 -6.655293677695884 -6.0389191030541 -5.327215409876617 -4.592658845817288 -4.018398847514906 -3.434344761691733 -2.913952244753702 -2.2988835484480235 -1.3152306917765753 -0.5068920017272873 -0.8291174811613127 -1.1425282818266265
-3.2861275705437616 -4.141477880692847 -4.585802984552735 -4.883869714768808 -4.970710624119823 -5.1561453478468 -5.344518297830014 -5.668049655600146 -5.962851689975956 -6.144368778694617 -6.374856305017233 -6.553761637063683 -6.818202000125041 -7.110392277828641 -7.306600497828489 -7.341859212903336 -7.378750275898316 -7.457102976064645 -7.663105283585283 -7.864210547345525 -8.158033172969258 -8.34477377503234 -8.499846827444866 -8.498867418692786 -8.472423382386651 -8.318329738726204 -8.089801029907747 -7.8171989272457285 -7.544923294167738 -7.228574267246186 -6.78326975463422 -6.251777271839292 -5.625935079260744 -4.967772397863586 -4.452929863854003 -3.8982580405932024 -3.384721384919725 -2.7869555765674443 -2.4160861291134896 -1.8300732257861583 -0.7752499997969622 -1.3426541368347902 -1.874799558797771
-2.8369054229234787 -3.715761543122462 -4.405265304586153 -4.679499755168302 -5.015436957131435 -5.259636205983158 -5.542032396165967 -5.884825459393654 -6.269406629376716 -6.520461739492994 -6.53515287077418 -6.493038294434779 -6.6445201814230135 -6.808407912604251 -7.010819054700599 -7.090804102787059 -7.1845008734026266 -7.365038553369208 -7.528273345382393 -7.820137153501966 -8.098615708676459 -8.265441666113933 -8.339876731271945 -8.278173979890962 -8.131915606247148 -7.980433719258913 -7.7920607692756985 -7.489096995299228 -7.025183716397759 -6.775434484617588 -6.437538465150296 -6.0242279717729135 -5.4267886330046595 -4.976587076632297 -4.513653206482907 -4.110136800626315 -3.7138027256183044 -3.455891754237473 -3.567217882390465 -3.865284612606539 -3.361215574869826 -3.3037569280811856 -2.886528799695487
-2.4160861291134896 -3.3729684798947757 -4.222442337531386 -4.480353308912218 -4.922719595267947 -5.167898252871749 -5.467597331007955 -5.90408716485121 -6.380732757529708 -6.744093404551055 -6.828975496397911 -6.63668491140638 -6.381712166281787 -6.520461739492994 -6.795675598827222 -6.869131255233155 -6.961848617096644 -7.195274369675497 -7.436535392270983 -7.749946192936297 -8.021568886846236 -8.112327431205566 -8.10743038744517 -8.077068716130718 -7.916772150373771 -7.717625704117687 -7.490076404051308 -7.121165774101511 -6.702958236963733 -6.613179101356482 -6.28703598691414 -5.894293077330419 -5.455844425983006 -5.121866041524031 -4.759811272838789 -4.464682768878951 -4.536179607780726 -4.795722927081689 -5.358230020359121 -5.657276159327275 -5.933469427413583 -5.526361856132702 -4.471538630143505
-2.1454428439556303 -3.218548366650303 -3.9570225657179487 -4.380780085784175 -4.851549225950198 -5.107501379826871 -5.392509326681891 -5.787863992937822 -6.216845026348471 -6.557679272071999 -6.766619805848875 -6.663128947712517 -6.194318625050651 -6.160039318727883 -6.390526845050498 -6.595549743819058 -6.800572642587618 -7.040854256431025 -7.335982760390862 -7.671919962353995 -7.923628011638325 -7.966721996729806 -7.913833924117534 -7.905345714932848 -7.783246090506987 -7.6062995759646945 -7.35328564834426 -6.929528128278033 -6.551802819559525 -6.434600238894058 -6.237086140558105 -5.965789916232193 -5.576964641656788 -5.157124756598879 -4.895296150209731 -4.96287535410319 -5.571088189144314 -6.146327596198775 -7.087865876530822 -7.059463022720528 -7.383647319658712 -7.5008499003241775 -7.300724045316014
-2.0615401608608535 -3.1042840122410746 -3.7284938568994908 -4.288062723920686 -4.779072978296345 -5.15516593909472 -5.4444179905420835 -5.773499331240663 -6.080054270641423 -6.380732757529708 -6.515564695732598 -6.425785560125346 -6.013454475500043 -5.762725834967792 -5.962851689975956 -6.391506253802578 -6.700999419459575 -7.003963193436045 -7.3350033516387825 -7.643517108543701 -7.812301883485333 -7.770513776729958 -7.7068522078448165 -7.693140485315709 -7.615114254733406 -7.441432436031379 -7.160015654600649 -6.755846309576005 -6.418929698860793 -6.248839045583055 -6.201174486315205 -6.0820130881455805 -5.720611258628391 -5.3562712028549635 -5.2331921696770225 -5.837813839293857 -6.671943626481228 -7.42870012225435 -8.4247588231188 -8.824031124383048 -9.127974307111597 -9.088797957028433 -8.265441666113933
-2.0723136571337237 -3.077187036766886 -3.511718053105982 -4.167921916998982 -4.689293842689093 -5.209033420459072 -5.51754717736399 -5.843690291806332 -6.16297754498412 -6.282138943153745 -6.300747709443248 -6.036960285549942 -5.758808199959476 -5.61907921799619 -5.746075886182448 -6.138492326182142 -6.570085116265002 -6.926589902021796 -7.340879804151257 -7.574305556730111 -7.6562494223207285 -7.580834948410638 -7.5361086153990255 -7.426741304750192 -7.366017962121288 -7.238041885182952 -6.962828025848722 -6.70687587197205 -6.362123991240205 -6.086910131905976 -6.115312985716271 -6.034022059293704 -5.922695931140713 -5.694167222322255 -6.033042650541626 -6.686308288178388 -7.546882111671896 -8.44728522441662 -9.202082902685584 -9.70582547083827 -9.991159887277316 -10.15798584471479 -9.418858706479092
-2.1003900413599914 -3.0096078328734275 -3.444138849212524 -4.0330899787960925 -4.58972061956105 -5.101624927314396 -5.480329644784984 -5.808431576731484 -6.098663036930925 -6.207050938827679 -6.103560080691321 -5.733343572405419 -5.536155943653492 -5.531258899893097 -5.643564436798168 -5.964810507480115 -6.40032093257129 -6.934425172038429 -7.323250446613834 -7.453185341056328 -7.512602805349127 -7.41792662598148 -7.362100327112971 -7.220738997229553 -7.13748925330283 -7.009839645948519 -6.794696190075143 -6.552782228311604 -6.23218909679771 -6.033042650541626 -6.054589643087366 -5.950119376198928 -5.912901843619922 -6.241983184318501 -6.591632108810742 -7.2674241477453245 -8.068254037362006 -8.944171931304751 -9.535081878392479 -10.140682956761392 -10.446258487410073 -10.701231232534667 -10.740081113033806
-2.1571957489805795 -2.971737361126369 -3.445118257964603 -3.8603875688461438 -4.452929863854003 -5.013478139627277 -5.390550509177732 -5.61907921799619 -5.908004799859526 -6.036960285549942 -5.967748733736352 -5.650420298062722 -5.472494374768351 -5.459762060991323 -5.615161582987874 -5.9373870624219 -6.401300341323369 -6.9334457632863495 -7.195274369675497 -7.310518132836805 -7.381688502154553 -7.288971140291064 -7.198212595931734 -6.973601522121593 -6.889698839026816 -6.757805127080163 -6.542008732038734 -6.2978094831870095 -5.9765634125050635 -6.010516249243806 -6.134574691173826 -6.055569051839445 -6.274303673137112 -6.603385013835691 -7.0614218402246856 -7.734275652903031 -8.329103234999074 -9.107406723317936 -9.492967302053078 -10.034253872368797 -10.203038647310429 -9.886689620388879 -9.877874941620167
-2.2420778408274353 -2.971737361126369 -3.42291832625081 -3.7657113894784966 -4.379800677032096 -4.950143040326162 -5.1855276104091725 -5.41503572797971 -5.626914488012823 -5.761746426215713 -5.874051963120784 -5.738240616165815 -5.5547647099429955 -5.5469294399263624 -5.736281798661657 -6.076136635633106 -6.541029323286654 -6.811346138860488 -7.040854256431025 -7.115289321589037 -7.188418508410943 -7.125083409109828 -6.981436792138226 -6.76172276208848 -6.645499590175092 -6.513605878228439 -6.251777271839292 -5.9941927700424875 -5.7764375574969 -5.986357500025854 -6.278221308145428 -6.454841353103694 -6.7176493682449205 -7.020286672637363 -7.480282316530516 -7.934401507911195 -8.523352637494764 -8.95788365383386 -9.169762413866973 -9.322223709607286 -8.61802881686241 -8.010795390573366 -5.955995828711402
-2.096472406351675 -2.9433345073160746 -3.3827625674155666 -3.818272992506742 -4.398409443321599 -4.778093569544265 -4.994216434169721 -5.11207195400324 -5.306647826082956 -5.5146089511077525 -5.676537864784831 -5.810390394235642 -5.723549484884629 -5.7656640612240295 -5.982439865017538 -6.2929124394266145 -6.546905775799129 -6.775434484617588 -6.831913722654149 -6.857378350208206 -6.838769583918703 -6.8554195327040475 -6.7147111419886825 -6.6268908238855895 -6.472470710641117 -6.269406629376716 -6.012475066747964 -5.831937386781382 -5.698084857330572 -6.033042650541626 -6.4336208301419795 -6.741155178294818 -7.033998395166471 -7.329126899126308 -7.657228831072809 -8.080006942386955 -8.30265919869294 -8.582770101787563 -8.508661506213578 -7.872045817362158 -6.672923035233307 -4.907049055234681 -2.9776138136388433
-1.7948145107113107 -2.7987084815923935 -3.3445656260844814 -3.91196976312231 -4.368047772007147 -4.6706850763995895 -4.808455240858717 -4.903131420226364 -5.04286040218965 -5.291956694801769 -5.485226688545379 -5.705920127347204 -5.759787608711555 -5.908984208611606 -6.057527869343603 -6.299768300691168 -6.507729425715965 -6.537111688278339 -6.532214644517943 -6.515564695732598 -6.353309312471493 -6.483244206913987 -6.573023342521239 -6.474429528145276 -6.2227214788609455 -6.020310336764597 -5.898210712338735 -5.753911156199081 -5.842710883054252 -6.161998136232041 -6.434600238894058 -6.854440123951968 -7.175686194633915 -7.5008499003241775 -7.794019586779857 -7.936360325415354 -8.031036504783 -7.740152105415506 -7.303662271572251 -6.25373608934345 -5.000745825850249 -3.1699043986303743 -1.393583391942904
-1.815382094504972 -2.7148057984976166 -3.318121589778346 -3.989995993704612 -4.378821268280016 -4.547932512805676 -4.668726258895432 -4.74707895906176 -4.832940459660695 -5.011519322123118 -5.204136376698676 -5.508732498595277 -5.661193794335592 -5.845649109310489 -6.036960285549942 -6.274303673137112 -6.418929698860793 -6.359185764983968 -6.175709858761149 -6.060466095599841 -5.99125454378625 -6.390526845050498 -6.487161841922304 -6.25373608934345 -5.993213361290408 -5.822143299260591 -5.7431376599262105 -5.754890564951159 -5.8534843793271225 -6.1473070049508545 -6.531235235765863 -6.907001726980214 -7.175686194633915 -7.482241134034675 -7.69118166781155 -7.696078711571946 -7.47538527277012 -6.9334457632863495 -6.268427220624638 -5.071263255999944 -3.7382879444202817 -2.2068191257525878 -0.6433562878503092
-1.818320320761209 -2.755940966084939 -3.3435862173324025 -4.029172343787776 -4.344541961957248 -4.457826907614398 -4.593638254569367 -4.71475847024315 -4.782011204552582 -4.854487452206436 -5.033066314668859 -5.261595023487317 -5.467597331007955 -5.755869973703239 -6.034022059293704 -6.26450958561632 -6.40032093257129 -6.2929124394266145 -5.955016419959323 -5.90408716485121 -6.238065549310185 -6.3836709837859456 -6.318377066980672 -6.037939694302021 -5.850546153070885 -5.716693623620074 -5.633770349277377 -5.712775988611758 -5.774478739992741 -6.086910131905976 -6.531235235765863 -6.889698839026816 -7.1443451145673835 -7.454164749808407 -7.64449651729578 -7.5361086153990255 -7.0486895264476574 -6.366041626248521 -5.424829815500501 -4.388615355800808 -3.1082016472493907 -1.8222379557695256 -0.9704788110447304
-1.989063913207 -3.0007931541047155 -3.5642796561342274 -4.122869114403343 -4.351397823221801 -4.4999414839537994 -4.58972061956105 -4.650443962189955 -4.616164655867187 -4.65632041470243 -4.8388169121731694 -5.0046634608585645 -5.300771373570481 -5.563252919127681 -5.807452167979405 -6.057527869343603 -6.25471549809553 -6.295850665682853 -6.058507278095682 -6.079074861889343 -6.352329903719413 -6.291933030674535 -6.206071530075601 -5.846628518062569 -5.618099809244111 -5.526361856132702 -5.51656776861191 -5.5622735103756025 -5.6726202297765145 -6.021289745516676 -6.435579647646138 -7.042813073935183 -7.319332811605516 -7.493994039059624 -7.591608444683509 -7.380709093402475 -6.898513517795529 -6.299768300691168 -5.107501379826871 -3.799664226217239 -2.848658327948428 -2.316186436401421 -2.6446148379319476
