static/data/ASCData/20210118/ASCU/21.asc
ncols 97
nrows 97
xllcorner 99.0
yllcorner 2.0
cellsize 0.25
NODATA_value -32767
[rows 57 to 75 of 97, columns 43 to 85 of 97]
-3.5012279347101662 -4.183595263002783 -4.403503642893448 -4.578127645542876 -4.695370759222245 -4.781287009193632 -4.898530122873001 -4.92396381420027 -5.0362442564011465 -5.230718944964542 -5.410305619092463 -5.469857676834364 -5.4503171578878025 -5.312603024359656 -5.342999387165418 -5.565699269762735 -5.51297088530376 -5.276623656140591 -4.967077022669668 -4.790281851248399 -5.213969928724632 -5.424883466560532 -5.429846138039023 -5.481644021595781 -5.557634928610186 -5.5908227941226 -5.74714694569509 -6.004895695609255 -6.19068570908529 -6.404390749627842 -6.654385325356864 -6.989365650155056 -7.155304977717124 -7.226643380220444 -7.181669169946613 -6.902518899281452 -6.280323962665547 -5.526618231869612 -4.7422059713005105 -4.118460199847578 -3.5812510123008456 -4.330304238585695 -5.16031104336344
-4.022618606919206 -4.400401973219391 -4.544939780030463 -4.625273024588548 -4.6748997393734655 -4.739414468593859 -4.646674545339544 -4.662182893709831 -4.697541927994084 -4.933889157157254 -5.177990560505568 -5.280345659749459 -5.378048254482266 -5.388904098341467 -5.370294080297123 -5.2617356417051155 -5.2021835839632145 -5.008949563269442 -4.768570163529998 -4.722665452353949 -5.0812184666749785 -5.368433078492688 -5.431707139843458 -5.490328696683142 -5.533441905152539 -5.5635281009908955 -5.610363313069161 -5.842988538623462 -5.978531503379768 -6.136716656756692 -6.4444022884231815 -6.796131629461284 -6.996189323437983 -6.975718303589204 -6.916166245847304 -6.548928556438914 -6.010788867989964 -5.571592442143444 -5.06943212191356 -4.616278182533782 -5.123091007274752 -5.916187942931216 -7.177947166337743
-4.528500930757959 -4.749029644583437 -4.694440258320027 -4.691648755613375 -4.687616585037101 -4.679862410851958 -4.5840208179235855 -4.273543683550446 -4.30300954545399 -4.632096697871474 -4.933889157157254 -5.128053678753244 -5.31663519493593 -5.342068886263201 -5.197531079452128 -5.0880421399579046 -4.948467004625324 -4.758024486638202 -4.748099143681219 -4.781287009193632 -4.925824816004705 -5.229788444062325 -5.359438236437922 -5.451247658790019 -5.4962218690638505 -5.655337523342992 -5.710237076573808 -5.6612306957237015 -5.69845073181239 -5.790260154164487 -6.145711498811459 -6.501162843458431 -6.745264246806744 -6.7238627260557475 -6.556682730624058 -6.197509382368216 -5.92022011350749 -5.611603980938784 -5.048961102064782 -4.238494816233597 -5.539335077533248 -7.342955992997594 -8.590137368936052
-5.199392081256563 -5.061677947728417 -4.83525606152223 -4.7881106824765585 -4.6767607411779 -4.669937067894974 -4.424905163644444 -4.115358530173521 -3.937632857850035 -4.247179491320958 -4.701263931602953 -5.011741065976094 -5.251189964813321 -5.20032258215878 -5.027559581313786 -4.828432388239304 -4.688547085939318 -4.669937067894974 -4.6748997393734655 -4.750270312453059 -4.789351350346182 -5.038105258205581 -5.159380542461223 -5.237542618247469 -5.407514116385811 -5.56756027156717 -5.708996408704184 -5.603539639786235 -5.368433078492688 -5.311672523457439 -5.628973331113505 -5.967985826487973 -6.2043330556511425 -6.225734576402139 -6.058864747937854 -6.124309978060463 -5.846710542232331 -5.722953922237442 -4.887984445981205 -3.6457657415212386 -6.23069724788063 -8.096971890760935 -8.683807793092583
-5.648513850060066 -5.351684062252779 -5.008019062367224 -4.829362889141522 -4.691648755613375 -4.43172883692737 -4.171188584306553 -3.904444992337621 -3.7471903398629136 -3.8780808001081337 -4.3575989317173995 -4.83308489275039 -5.181712564114436 -5.047100100260347 -4.760815989344854 -4.550832952411172 -4.54804144970452 -4.567581968651082 -4.605732505641987 -4.663113394612048 -4.7121197754621535 -4.9003911246774345 -4.933889157157254 -5.031281584922655 -5.237542618247469 -5.41123611999468 -5.534372406054756 -5.376187252677831 -5.052993272641056 -4.681723412656392 -4.935750158961689 -5.271660984662099 -5.620288656026145 -5.6838728843443205 -5.887962748897293 -6.027537884229874 -5.875245903233658 -5.9552689808243375 -4.846732239316243 -3.6984941259802135 -6.613443285659306 -8.288344909650274 -8.688770464571077
-6.037153060219452 -5.553912925001318 -5.173958389929292 -4.865342257360587 -4.646674545339544 -4.250281160995015 -3.879941801912568 -3.63987256914053 -3.451291052957843 -3.5049499383190352 -4.053945470627185 -4.565720966846647 -4.974831196854811 -4.814474874706046 -4.516714585996541 -4.32627206800942 -4.3808614542728295 -4.5539346220852295 -4.607593507446421 -4.657530389198745 -4.7052961021792274 -4.958082180614902 -5.004917392693168 -5.001195389084298 -5.0734642924898345 -5.228547776192702 -5.2617356417051155 -5.102619987425974 -4.487558891060402 -4.08992483884625 -4.347673588760416 -4.649466048046196 -5.213039427822415 -5.7139590801826765 -6.0079973652833125 -5.8947864221802195 -5.764826462837217 -5.070362622815777 -3.9084771629138957 -3.7766562017664587 -6.660278497737572 -8.188781313113033 -8.197465988200392
-6.2043330556511425 -5.610363313069161 -5.114406332187392 -4.907524964927767 -4.6448135435351094 -4.171188584306553 -3.803020393995946 -3.5139447803738015 -3.2326233409368 -3.1885796315651858 -3.7189651458289923 -4.336197410966403 -4.738483967691641 -4.646674545339544 -4.403503642893448 -4.1953816077642 -4.218954297287036 -4.400401973219391 -4.540287275519377 -4.743446639170133 -4.854796580468792 -5.043067929684073 -5.128984179655461 -5.052993272641056 -5.102619987425974 -5.157519540656788 -5.04616959935813 -4.713050276364371 -4.141722722403008 -3.8234914138447245 -3.8272134174535934 -4.415289987654866 -5.194429409778071 -5.679840713768046 -5.63300550168978 -5.0139122347479335 -3.879011301010351 -2.6799058050197813 -3.2881432281024265 -5.644791846451198 -7.4834616292323926 -7.644748452283373 -7.4611296075791795
-6.129892983473766 -5.569421273371605 -5.119369003665883 -4.92396381420027 -4.574405641934008 -4.118460199847578 -3.706248300165357 -3.444467379674917 -3.32133109361484 -3.367235804790889 -3.609476206334768 -4.294945204301441 -4.589913990304295 -4.474842045396767 -4.298977374877715 -4.108534856890595 -4.077207993182616 -4.223916968765527 -4.401642641089014 -4.603561336870147 -4.899460623775218 -5.206215754539489 -5.286238832130168 -5.237542618247469 -5.249328963008886 -5.208076756343924 -5.0362442564011465 -4.690718254711158 -4.100780682705452 -3.6885687830232303 -3.5948983588666983 -4.3808614542728295 -5.055784775347708 -5.484435524302433 -4.910316467634418 -3.419964189249864 -2.34771698292824 -3.8389997622150114 -5.858496886993748 -7.065666724136868 -7.506103817853011 -7.205241859469448 -7.026585686243745
-5.9853551766626945 -5.569421273371605 -5.092074310534179 -4.9003911246774345 -4.524468760181684 -4.06449114751898 -3.672129933750726 -3.4913025917531826 -3.5508546494950837 -3.575357839920137 -3.5294531287440885 -4.1767715897198565 -4.3281330698138545 -4.243457487712089 -4.133038047315647 -4.037196454387276 -3.944456531132961 -3.9131296674249816 -4.10450268631432 -4.459023530059074 -4.894808119264131 -5.270730483759882 -5.4434934846048755 -5.464895005355872 -5.475750849215072 -5.398519274331044 -5.107582658904465 -4.660321891905396 -4.012693263962222 -3.6953924563061564 -3.582181513203063 -4.353566761141125 -5.017634238356802 -5.138909522612445 -4.323480565302768 -2.7890845775465998 -2.3350001372646045 -5.5480197526206085 -7.127079783683203 -7.103817261127773 -6.9189577485539555 -6.8135009796360055 -6.778452112319157
-5.876176404135876 -5.404412446711754 -4.986617541616229 -4.848903408088083 -4.43390000569921 -3.856679279357138 -3.509912609797527 -3.540308972603289 -3.630877727085763 -3.544961477114375 -3.5462021449839978 -3.963066549177305 -3.9004128217613467 -3.928017681860457 -3.9230550103819652 -3.8613317838682244 -3.7462598389606967 -3.690429784827664 -3.8293845862254337 -4.229499974178831 -4.8408390669355335 -5.272591485564316 -5.515762388010412 -5.667123868104411 -5.662161196625918 -5.439461314028602 -5.094865813240831 -4.557656625694098 -4.028511779299915 -3.7853408768538195 -3.9016534896309696 -4.568512469553299 -4.16994791643693 -3.759907185526549 -2.772645728274096 -1.827256811621417 -3.7980577225174543 -6.374304553789486 -7.060704052658376 -7.113432437117351 -6.83428216645219 -6.578394418342459 -6.5880095943320365
-5.695349062138332 -5.218932600203124 -4.901631792547057 -4.581229315216934 -4.114428029271304 -3.6321183949553864 -3.541239473505506 -3.575357839920137 -3.617230380519911 -3.5139447803738015 -3.3867763237374504 -3.6358403985642553 -3.5831120141052804 -3.6935314545017217 -3.6857772803165787 -3.6026525330518417 -3.4844789184702565 -3.396701666694434 -3.540308972603289 -3.9658580518839566 -4.6516372168180355 -5.172097388124858 -5.5480197526206085 -5.695349062138332 -5.615325984547653 -5.386732929569627 -4.890775948687857 -4.3281330698138545 -4.082170664661107 -4.272613182648228 -4.700333430700736 -4.017655935440715 -3.0939787065064372 -2.0195603314129724 -1.1867620239285754 -3.6680977631744516 -5.6916270585294635 -6.563506403906983 -6.901588398379234 -7.025655185341527 -6.7461947477089605 -6.592041764908311 -6.732547401143108
-5.554843425903535 -5.053923773543273 -4.741275470398293 -4.233532144755106 -3.868465624118556 -3.865363954444499 -3.780378205375327 -3.7626986882332005 -3.7912340492345282 -3.473933241578462 -3.293105899580919 -3.4367132054897738 -3.438574207294208 -3.4971957641338918 -3.4913025917531826 -3.4072473435862287 -3.2940364004831357 -3.208120150511747 -3.309854915820828 -3.681745109740304 -4.299907875779933 -4.921172311493619 -5.342068886263201 -5.580277117230805 -5.498082870868285 -5.1643432139397145 -4.6671455651883225 -4.30300954545399 -4.202205281047126 -4.535324604040885 -4.292153701594789 -2.9953456108714134 -1.9494625967792767 -0.9482436259935656 -3.040319821145245 -5.506147212020834 -6.128962482571549 -6.445332789325398 -6.75208792008967 -6.832110997680349 -6.6788885157819164 -6.759842094274813 -6.8966257269007425
-5.46210350264922 -4.977622699561462 -4.658460890100962 -4.226708471472179 -4.068523318095255 -4.147615894783717 -4.24624899041874 -4.228569473276614 -3.955312374992162 -3.5880746855837717 -3.349866454616168 -3.438574207294208 -3.4426063778704825 -3.372198476269381 -3.382123819226364 -3.278528052112849 -3.1662476099119727 -3.112588724550781 -3.2053286478050955 -3.411279514162503 -3.9131296674249816 -4.566651467748865 -5.0139122347479335 -5.273521986466533 -5.220793602007559 -4.886743778111582 -4.535324604040885 -4.2149221267107615 -4.13800071879414 -4.009901761255571 -2.7580678808060264 -2.094930904492566 -1.6926443477673283 -3.2658112064492135 -5.359438236437922 -5.9316962913015026 -6.181690867030524 -6.202161886879303 -6.546137053732262 -6.588940095234253 -6.577153750472836 -6.6407379787910115 -6.743403245002309
-5.388904098341467 -4.974831196854811 -4.758024486638202 -4.544939780030463 -4.344882086053764 -4.159402239545135 -4.274474184452663 -4.375278448859526 -4.10450268631432 -3.7989882234196717 -3.568534166637211 -3.535346301124797 -3.5117736116019613 -3.4289590313046303 -3.278528052112849 -3.178964455575608 -3.2744958815365743 -3.2530943607855787 -3.202226978131038 -3.359481630605746 -3.7257888191119184 -4.280367356833372 -4.686686084134884 -4.868443927034644 -4.838047564228882 -4.655359220426904 -4.327202568911638 -4.130866878543808 -4.005869590679296 -3.4084880114558516 -2.119434094917619 -2.897643016138607 -4.334026242194564 -5.664332365397759 -5.851673213710822 -5.995280519619678 -6.0079973652833125 -6.115315136005697 -6.356625036647358 -6.37027238321321 -6.249307265924974 -6.2452750953487 -6.393845072736046
-5.4348088095175155 -5.02073590803086 -4.7422059713005105 -4.504928241235123 -4.230740642048454 -4.040298124061333 -4.143583724207443 -4.294945204301441 -4.280367356833372 -4.048052298246477 -3.766730858809475 -3.7031466304912994 -3.616299879617694 -3.282250055721718 -3.102663381593797 -3.189510132467403 -3.3771611477478727 -3.5508546494950837 -3.533485299320363 -3.690429784827664 -3.895760317250261 -4.167156413730279 -4.2834690265074284 -4.475772546298984 -4.455301526450206 -4.3048705472584246 -4.248109992223175 -4.198483277438258 -4.224847469667745 -4.118460199847578 -4.232601643852888 -5.00398689179095 -5.738462270607729 -5.792121155968921 -5.727606426748529 -5.730708096422586 -5.738462270607729 -5.792121155968921 -6.01761254127289 -6.161219847181746 -6.240312423870208 -6.1885145403134505 -6.020714210946948
-5.463034003551437 -5.070362622815777 -4.731660294408715 -4.415289987654866 -4.145754892979283 -4.083101165563324 -4.1398617205985735 -4.219884798189253 -4.264859008463085 -4.2071679525256185 -4.01579493363628 -3.9308091845671087 -3.609476206334768 -3.117241229061867 -2.938585055836164 -3.170900114423059 -3.582181513203063 -3.8594707820637897 -3.938563358752252 -4.06666231629082 -4.270752180843794 -4.25214216279945 -4.129005876739373 -4.08992483884625 -4.067592817193038 -4.053014969724968 -4.133968548217865 -4.386754626653539 -4.60263083596793 -4.766709161725563 -5.213039427822415 -5.539335077533248 -5.679840713768046 -5.583999120839674 -5.4279851362345894 -5.394797270722176 -5.454349328464077 -5.500254039640126 -5.469857676834364 -5.592063461992223 -5.957129982628772 -5.9397606324540515 -5.561667099186461
-5.479783019791347 -5.137979021710227 -4.743446639170133 -4.429867835122936 -4.1953816077642 -4.084031666465542 -4.053945470627185 -4.084962167367759 -4.145754892979283 -4.148546395685934 -4.094887510324742 -3.9757833948409402 -3.456253724436335 -3.0207793021986835 -3.0245013058075525 -3.4767247442851135 -3.9531412062203217 -4.060769143910111 -3.897621319054695 -3.9717512242646658 -4.250281160995015 -4.084962167367759 -3.8966908181524778 -3.7862713777560364 -3.8889366439673347 -4.093957009422525 -4.236633814429163 -4.4103273161763745 -4.769810831399621 -4.97855320046368 -5.167134716646366 -5.460242500844785 -5.65626802424521 -5.471718678638798 -5.228547776192702 -5.235371449475628 -5.313533525261873 -5.166204215744149 -5.101689486523757 -5.125262176046593 -5.288099833934603 -5.286238832130168 -5.092074310534179
-5.491259197585359 -5.1339468511339525 -4.752131314257493 -4.490350393767054 -4.242216819842466 -4.044950628572419 -3.8889366439673347 -3.873118128629642 -3.8712571268252076 -3.8613317838682244 -3.956242875894379 -3.9230550103819652 -3.3877068246396673 -3.1389529167802683 -3.218045493468731 -3.63987256914053 -3.9612055473728707 -3.7099703037742255 -3.398562668498868 -3.4630773977192613 -3.8048813958003804 -3.8399302631172283 -3.886765475195494 -3.885834974293277 -3.9981154164941533 -4.107604355988378 -4.136760050924517 -4.334026242194564 -4.731660294408715 -4.8703049288390785 -4.919931643623996 -5.249328963008886 -5.474820348312855 -5.35664673373127 -5.128984179655461 -5.040276426977421 -5.00398689179095 -4.869374427936862 -4.8175765443801035 -4.632096697871474 -4.533463602236451 -4.491280894669271 -4.454371025547989
-5.357577234633488 -4.97855320046368 -4.6767607411779 -4.4062951456001 -4.118460199847578 -3.8985518199569125 -3.7462598389606967 -3.647626743325673 -3.6184710483895337 -3.6808146088380864 -3.790303548332311 -3.752153011341406 -3.359481630605746 -3.245340186600435 -3.250302858078927 -3.480756914861388 -3.351727456420602 -3.0930482056042194 -2.8281656154397226 -2.8771719962898286 -3.2735653806343574 -3.5762883408223543 -3.612577876008825 -3.8821129706844086 -4.030372781104349 -4.060769143910111 -4.043089626767984 -3.8476844373023718 -3.997184915591936 -4.5012062376262545 -4.485387722288562 -4.661252392807613 -4.9980937194102415 -4.976692198659245 -4.770741332301838 -4.587122487597643 -4.339919414575273 -4.287191030116298 -4.279436855931154 -3.987569739602358 -3.873118128629642 -3.748120840765131 -3.678953607033652
