static/data/precipitation/2023/7/12/0.asc
ncols 137
nrows 93
xllcorner 108.0
yllcorner 17.0
cellsize 0.25
NODATA_value -32767
[rows 66 to 87 of 93, columns 51 to 101 of 137]
0.04141810190169681 0.0 0.0005522413586908637 0.0 0.0 0.006074654945582153 0.012149309891164306 0.009388103097716927 0.0033134481521347736 0.0038656895108256373 0.024298619782328612 0.02098517163019384 0.01546275804329908 0.011597068532473442 0.013806033967233428 0.028716550651841644 0.03534344695611466 0.02816430929315425 0.018776206195437323 0.010492585815095185 0.006626896304273017 0.004970172228203895 0.0033134481521347736 0.0016567240760691215 0.0016567240760691215 0.0016567240760691215 0.0016567240760691215 0.0044179308695130315 0.0298210333692199 0.027612067934463386 0.04473155005383159 0.061298790814508924 0.05743310130368676 0.03092551608659816 0.01546275804329908 0.014910516684611685 0.03976137782562769 0.04141810190169681 0.0077313790216512746 0.0038656895108256373 0.0011044827173782579 0.0011044827173782579 0.0016567240760691215 0.0016567240760691215 0.0016567240760691215 0.0022089654347565157 0.0011044827173782579 0.0044179308695130315 0.007179137662960411 0.010492585815095185 0.017671723478055595
0.0 0.0 0.0 0.0 0.0005522413586908637 0.01546275804329908 0.01270155124985517 0.0044179308695130315 0.0044179308695130315 0.009388103097716927 0.07510482478174235 0.0740003420643641 0.05467189451023938 0.0298210333692199 0.03258224016266728 0.038656895108249434 0.01822396483674646 0.01546275804329908 0.01270155124985517 0.0077313790216512746 0.006074654945582153 0.0038656895108256373 0.0016567240760691215 0.0016567240760691215 0.0016567240760691215 0.0038656895108256373 0.006074654945582153 0.013253792608542564 0.040313619184318555 0.05246292907548286 0.0469405154885881 0.047492756847278966 0.040313619184318555 0.023194137064950354 0.00994034445640779 0.008283620380338669 0.030373274727910765 0.047492756847278966 0.03147775744528902 0.009388103097716927 0.004970172228203895 0.0027612067934473794 0.0027612067934473794 0.0033134481521347736 0.0033134481521347736 0.004970172228203895 0.0044179308695130315 0.005522413586894759 0.006074654945582153 0.0033134481521347736 0.008283620380338669
0.0005522413586908637 0.0005522413586908637 0.0 0.0 0.004970172228203895 0.0867018933142158 0.07068689391222932 0.00994034445640779 0.005522413586894759 0.06350775624926544 0.07676154885781147 0.10879154766178789 0.0740003420643641 0.03810465374956204 0.03147775744528902 0.0342389642387364 0.016567240760677338 0.013806033967233428 0.011044827173786048 0.006074654945582153 0.0038656895108256373 0.0027612067934473794 0.004970172228203895 0.008283620380338669 0.014910516684611685 0.01822396483674646 0.02705982657577599 0.027612067934463386 0.07952275565125538 0.10216465135751487 0.0938810309771762 0.06350775624926544 0.04804499820596636 0.030373274727910765 0.024850861141019476 0.01988068891281558 0.03644792967349292 0.05246292907548286 0.02705982657577599 0.010492585815095185 0.0044179308695130315 0.0027612067934473794 0.009388103097716927 0.02264189570625949 0.013253792608542564 0.0038656895108256373 0.0033134481521347736 0.0044179308695130315 0.0033134481521347736 0.0016567240760691215 0.0022089654347565157
0.0 0.0016567240760691215 0.004970172228203895 0.013806033967233428 0.08007499700994625 0.054119653151548514 0.08946310010766317 0.024298619782328612 0.0298210333692199 0.09664223777062358 0.11431396124867918 0.11044827173785701 0.08062723836863364 0.026507585217085128 0.02098517163019384 0.01988068891281558 0.012149309891164306 0.01270155124985517 0.008835861739029532 0.007179137662960411 0.009388103097716927 0.017671723478055595 0.03368672288004554 0.03810465374956204 0.08891085874897231 0.11928413347688308 0.103821375433584 0.08228396244470276 0.11210499581392266 0.1435827532592117 0.10768706494440963 0.06240327353188718 0.051358446358104604 0.043074825977762465 0.04197034326038421 0.05467189451023938 0.03147775744528902 0.035895688314802054 0.016014999401989943 0.007179137662960411 0.0016567240760691215 0.0016567240760691215 0.011044827173786048 0.022089654347572096 0.009388103097716927 0.0077313790216512746 0.00994034445640779 0.0016567240760691215 0.0016567240760691215 0.0016567240760691215 0.004970172228203895
0.0 0.013253792608542564 0.020432930271502975 0.13916482238969866 0.1971501650520728 0.12149309891163959 0.04362706733645333 0.02705982657577599 0.04252258461907507 0.0988512032053801 0.11155275445523527 0.09277654825979795 0.035895688314802054 0.025955343858397734 0.01988068891281558 0.009388103097716927 0.007179137662960411 0.008283620380338669 0.005522413586894759 0.004970172228203895 0.0077313790216512746 0.024850861141019476 0.06737344576009108 0.03700017103218031 0.09774672048800184 0.14413499461790255 0.12977671929198173 0.10713482358571877 0.09995568592275836 0.12370206434639958 0.09553775505324533 0.050253963640722876 0.07068689391222932 0.07510482478174235 0.08891085874897231 0.09277654825979795 0.0392091364669403 0.024298619782328612 0.01546275804329908 0.006626896304273017 0.0038656895108256373 0.0027612067934473794 0.004970172228203895 0.01546275804329908 0.027612067934463386 0.035895688314802054 0.02816430929315425 0.013806033967233428 0.0022089654347565157 0.0033134481521347736 0.006626896304273017
0.005522413586894759 0.019328447554124717 0.07510482478174235 0.22862792249736183 0.2264189570626053 0.12922447793329087 0.040313619184318555 0.04362706733645333 0.06682120440140368 0.0690301698361602 0.05356741179286112 0.04362706733645333 0.024298619782328612 0.01546275804329908 0.019328447554124717 0.004970172228203895 0.004970172228203895 0.0027612067934473794 0.0016567240760691215 0.0027612067934473794 0.005522413586894759 0.00994034445640779 0.0640599976079563 0.016014999401989943 0.051358446358104604 0.0988512032053801 0.09443327233586707 0.07731379021649887 0.05632861858630503 0.05743310130368676 0.04914948092334462 0.04473155005383159 0.06847792847746934 0.09940344456407096 0.12480654706377783 0.0988512032053801 0.04638827412990071 0.03092551608659816 0.043074825977762465 0.0342389642387364 0.0171194821193682 0.013253792608542564 0.012149309891164306 0.0298210333692199 0.04638827412990071 0.055776377227617635 0.047492756847278966 0.025955343858397734 0.006626896304273017 0.005522413586894759 0.005522413586894759
0.04417930869514072 0.06295551489057805 0.1905232687477998 0.0938810309771762 0.0695824111948476 0.04417930869514072 0.04970172228203548 0.05743310130368676 0.04970172228203548 0.02816430929315425 0.0044179308695130315 0.0022089654347565157 0.0016567240760691215 0.0022089654347565157 0.0033134481521347736 0.0022089654347565157 0.0033134481521347736 0.0016567240760691215 0.0016567240760691215 0.0033134481521347736 0.004970172228203895 0.008835861739029532 0.01546275804329908 0.0298210333692199 0.06350775624926544 0.045836032771209845 0.04197034326038421 0.047492756847278966 0.02705982657577599 0.012149309891164306 0.008283620380338669 0.010492585815095185 0.0811794797273245 0.12259758162902132 0.06737344576009108 0.05798534266237415 0.051358446358104604 0.054119653151548514 0.08725413467290666 0.0690301698361602 0.05246292907548286 0.026507585217085128 0.014910516684611685 0.01988068891281558 0.025955343858397734 0.03534344695611466 0.03534344695611466 0.020432930271502975 0.012149309891164306 0.004970172228203895 0.0016567240760691215
0.1480006841287282 0.09553775505324533 0.038656895108249434 0.12425430570508697 0.024850861141019476 0.04197034326038421 0.053015170434170256 0.051910687716792 0.03092551608659816 0.0022089654347565157 0.0016567240760691215 0.0016567240760691215 0.0022089654347565157 0.0016567240760691215 0.0016567240760691215 0.0022089654347565157 0.0033134481521347736 0.0027612067934473794 0.0033134481521347736 0.02098517163019384 0.02264189570625949 0.008283620380338669 0.016014999401989943 0.02816430929315425 0.014910516684611685 0.014358275325920822 0.023194137064950354 0.028716550651841644 0.01822396483674646 0.006626896304273017 0.01270155124985517 0.010492585815095185 0.040313619184318555 0.07013465255353846 0.0690301698361602 0.05798534266237415 0.12370206434639958 0.14192602918314604 0.1336424088028039 0.0740003420643641 0.0044179308695130315 0.004970172228203895 0.008835861739029532 0.012149309891164306 0.009388103097716927 0.010492585815095185 0.011597068532473442 0.007179137662960411 0.0016567240760691215 0.0016567240760691215 0.0022089654347565157
0.15462758043299774 0.10492585815096225 0.026507585217085128 0.006626896304273017 0.022089654347572096 0.0298210333692199 0.03644792967349292 0.043074825977762465 0.0342389642387364 0.0016567240760691215 0.0033134481521347736 0.0038656895108256373 0.0016567240760691215 0.0011044827173782579 0.0016567240760691215 0.0022089654347565157 0.0016567240760691215 0.0038656895108256373 0.009388103097716927 0.007179137662960411 0.027612067934463386 0.051910687716792 0.019328447554124717 0.03644792967349292 0.05743310130368676 0.07841827293387713 0.08394068652077188 0.06185103217319979 0.022089654347572096 0.021537412988881233 0.01546275804329908 0.01546275804329908 0.030373274727910765 0.05246292907548286 0.10106016864013662 0.21923981939964143 0.18279188972615198 0.11707516804212656 0.04362706733645333 0.006074654945582153 0.0044179308695130315 0.0033134481521347736 0.00994034445640779 0.008283620380338669 0.011044827173786048 0.00994034445640779 0.005522413586894759 0.0016567240760691215 0.0 0.0011044827173782579 0.006626896304273017
0.02264189570625949 0.024850861141019476 0.016567240760677338 0.0298210333692199 0.019328447554124717 0.02816430929315425 0.02705982657577599 0.021537412988881233 0.011044827173786048 0.004970172228203895 0.0077313790216512746 0.0033134481521347736 0.0016567240760691215 0.0011044827173782579 0.0016567240760691215 0.0016567240760691215 0.0016567240760691215 0.0038656895108256373 0.0033134481521347736 0.006074654945582153 0.018776206195437323 0.029268792010532507 0.014358275325920822 0.02098517163019384 0.0171194821193682 0.01988068891281558 0.01988068891281558 0.016567240760677338 0.01546275804329908 0.03202999880397989 0.03147775744528902 0.033134481521358145 0.06019430809713067 0.09940344456407096 0.15352309771561948 0.21703085396488492 0.13088120200936 0.050253963640722876 0.011044827173786048 0.005522413586894759 0.004970172228203895 0.004970172228203895 0.006074654945582153 0.008835861739029532 0.0044179308695130315 0.0022089654347565157 0.0022089654347565157 0.0016567240760691215 0.0016567240760691215 0.004970172228203895 0.008283620380338669
0.037552412390871176 0.04473155005383159 0.03092551608659816 0.01822396483674646 0.00994034445640779 0.008283620380338669 0.008835861739029532 0.008835861739029532 0.006074654945582153 0.006074654945582153 0.0022089654347565157 0.0011044827173782579 0.0022089654347565157 0.0016567240760691215 0.0011044827173782579 0.0011044827173782579 0.0005522413586908637 0.0005522413586908637 0.0016567240760691215 0.0033134481521347736 0.011044827173786048 0.011597068532473442 0.00994034445640779 0.00994034445640779 0.009388103097716927 0.008835861739029532 0.007179137662960411 0.006074654945582153 0.008835861739029532 0.01546275804329908 0.023194137064950354 0.05467189451023938 0.11265723717261353 0.1734037866284316 0.19935913048682932 0.14910516684610645 0.08504516923815014 0.024850861141019476 0.013806033967233428 0.012149309891164306 0.013253792608542564 0.01270155124985517 0.0077313790216512746 0.0044179308695130315 0.0016567240760691215 0.0016567240760691215 0.0016567240760691215 0.0016567240760691215 0.0022089654347565157 0.0077313790216512746 0.03644792967349292
0.047492756847278966 0.040313619184318555 0.029268792010532507 0.02540310249970687 0.012149309891164306 0.0044179308695130315 0.0027612067934473794 0.0016567240760691215 0.0033134481521347736 0.0044179308695130315 0.0016567240760691215 0.0016567240760691215 0.0027612067934473794 0.0011044827173782579 0.0011044827173782579 0.0 0.0 0.0 0.0005522413586908637 0.0016567240760691215 0.0022089654347565157 0.006074654945582153 0.008283620380338669 0.007179137662960411 0.006074654945582153 0.0044179308695130315 0.0016567240760691215 0.0016567240760691215 0.0033134481521347736 0.0077313790216512746 0.011597068532473442 0.03644792967349292 0.10106016864013662 0.13419465016149476 0.09995568592275836 0.0695824111948476 0.04473155005383159 0.012149309891164306 0.016014999401989943 0.020432930271502975 0.016567240760677338 0.012149309891164306 0.008835861739029532 0.004970172228203895 0.0022089654347565157 0.0038656895108256373 0.01270155124985517 0.019328447554124717 0.008835861739029532 0.006074654945582153 0.008835861739029532
0.058537584021065014 0.06295551489057805 0.03644792967349292 0.02816430929315425 0.019328447554124717 0.0171194821193682 0.011597068532473442 0.0016567240760691215 0.0016567240760691215 0.0016567240760691215 0.0016567240760691215 0.0022089654347565157 0.0038656895108256373 0.0011044827173782579 0.0005522413586908637 0.0 0.0005522413586908637 0.0005522413586908637 0.0005522413586908637 0.0011044827173782579 0.0022089654347565157 0.005522413586894759 0.006626896304273017 0.008283620380338669 0.006626896304273017 0.0033134481521347736 0.0016567240760691215 0.0016567240760691215 0.0022089654347565157 0.00994034445640779 0.027612067934463386 0.08891085874897231 0.08559741059683754 0.09277654825979795 0.06185103217319979 0.03810465374956204 0.03092551608659816 0.02264189570625949 0.02540310249970687 0.01822396483674646 0.01546275804329908 0.012149309891164306 0.0077313790216512746 0.011597068532473442 0.009388103097716927 0.04086586054300595 0.03092551608659816 0.02098517163019384 0.008283620380338669 0.0033134481521347736 0.0044179308695130315
0.04528379141252245 0.05632861858630503 0.033134481521358145 0.04417930869514072 0.04804499820596636 0.05246292907548286 0.04362706733645333 0.0342389642387364 0.004970172228203895 0.004970172228203895 0.004970172228203895 0.006626896304273017 0.0038656895108256373 0.0016567240760691215 0.0011044827173782579 0.0005522413586908637 0.0011044827173782579 0.0005522413586908637 0.0005522413586908637 0.0016567240760691215 0.0044179308695130315 0.0044179308695130315 0.009388103097716927 0.011597068532473442 0.005522413586894759 0.0022089654347565157 0.004970172228203895 0.004970172228203895 0.019328447554124717 0.03810465374956204 0.06792568711878194 0.08228396244470276 0.08891085874897231 0.07179137662960758 0.040313619184318555 0.045836032771209845 0.0392091364669403 0.02098517163019384 0.01988068891281558 0.012149309891164306 0.0171194821193682 0.011597068532473442 0.008835861739029532 0.012149309891164306 0.013806033967233428 0.04528379141252245 0.025955343858397734 0.008835861739029532 0.007179137662960411 0.0077313790216512746 0.014910516684611685
0.020432930271502975 0.021537412988881233 0.025955343858397734 0.051358446358104604 0.05964206673844327 0.09222430690111055 0.08228396244470276 0.061298790814508924 0.03147775744528902 0.02264189570625949 0.02264189570625949 0.025955343858397734 0.014358275325920822 0.004970172228203895 0.0016567240760691215 0.0011044827173782579 0.0005522413586908637 0.0 0.0005522413586908637 0.0016567240760691215 0.007179137662960411 0.005522413586894759 0.016567240760677338 0.026507585217085128 0.019328447554124717 0.01822396483674646 0.020432930271502975 0.010492585815095185 0.02540310249970687 0.050253963640722876 0.06847792847746934 0.013806033967233428 0.07676154885781147 0.04252258461907507 0.06074654945582153 0.06626896304271282 0.045836032771209845 0.014358275325920822 0.0077313790216512746 0.00994034445640779 0.016567240760677338 0.00994034445640779 0.010492585815095185 0.018776206195437323 0.020432930271502975 0.009388103097716927 0.012149309891164306 0.004970172228203895 0.010492585815095185 0.012149309891164306 0.025955343858397734
0.022089654347572096 0.03202999880397989 0.03644792967349292 0.025955343858397734 0.05467189451023938 0.10713482358571877 0.1110005130965444 0.07123913527091671 0.04252258461907507 0.04914948092334462 0.0861496519555284 0.09608999641193272 0.0811794797273245 0.029268792010532507 0.024298619782328612 0.0016567240760691215 0.0016567240760691215 0.0016567240760691215 0.0016567240760691215 0.004970172228203895 0.009388103097716927 0.016567240760677338 0.025955343858397734 0.047492756847278966 0.08835861739028492 0.06792568711878194 0.053015170434170256 0.047492756847278966 0.04362706733645333 0.04197034326038421 0.020432930271502975 0.013806033967233428 0.026507585217085128 0.05246292907548286 0.051910687716792 0.03976137782562769 0.020432930271502975 0.01270155124985517 0.010492585815095185 0.007179137662960411 0.008835861739029532 0.011597068532473442 0.07068689391222932 0.06847792847746934 0.04362706733645333 0.026507585217085128 0.0038656895108256373 0.013253792608542564 0.009388103097716927 0.008283620380338669 0.01546275804329908
0.010492585815095185 0.018776206195437323 0.040313619184318555 0.06350775624926544 0.1480006841287282 0.0811794797273245 0.06682120440140368 0.040313619184318555 0.019328447554124717 0.05688085994499589 0.12922447793329087 0.21150844037799363 0.23470257744294398 0.11431396124867918 0.027612067934463386 0.005522413586894759 0.006626896304273017 0.006626896304273017 0.01546275804329908 0.018776206195437323 0.01988068891281558 0.038656895108249434 0.035895688314802054 0.04197034326038421 0.06295551489057805 0.09443327233586707 0.08946310010766317 0.06792568711878194 0.0817317210860119 0.14468723597658995 0.06295551489057805 0.0298210333692199 0.03368672288004554 0.03976137782562769 0.035895688314802054 0.03976137782562769 0.03202999880397989 0.021537412988881233 0.008835861739029532 0.0022089654347565157 0.008835861739029532 0.040313619184318555 0.10106016864013662 0.0911198241837323 0.07179137662960758 0.08449292787945928 0.05246292907548286 0.008835861739029532 0.005522413586894759 0.0044179308695130315 0.02816430929315425
0.01546275804329908 0.050253963640722876 0.10161240999882748 0.14137378782445517 0.20653826814978973 0.08504516923815014 0.03644792967349292 0.023194137064950354 0.054119653151548514 0.12370206434639958 0.21150844037799363 0.32416567755060716 0.1921799928238689 0.0867018933142158 0.02264189570625949 0.006074654945582153 0.009388103097716927 0.021537412988881233 0.04970172228203548 0.07952275565125538 0.058537584021065014 0.0469405154885881 0.05688085994499589 0.054119653151548514 0.04197034326038421 0.05743310130368676 0.11431396124867918 0.15959775266120163 0.13916482238969866 0.10437361679227486 0.13198568472673824 0.18334413108483938 0.16125447673727075 0.10492585815096225 0.06240327353188718 0.04528379141252245 0.03644792967349292 0.02264189570625949 0.0077313790216512746 0.0033134481521347736 0.007179137662960411 0.047492756847278966 0.0861496519555284 0.09056758282504143 0.06074654945582153 0.0740003420643641 0.13419465016149476 0.0469405154885881 0.013253792608542564 0.0347912055974238 0.07179137662960758
0.006074654945582153 0.027612067934463386 0.08891085874897231 0.16953809711760942 0.12646327113984349 0.06350775624926544 0.02816430929315425 0.01822396483674646 0.05467189451023938 0.15904551130251077 0.3053894713551698 0.29986705776827854 0.1380603396723204 0.040313619184318555 0.00994034445640779 0.0038656895108256373 0.007179137662960411 0.014910516684611685 0.02816430929315425 0.03810465374956204 0.04970172228203548 0.054119653151548514 0.08449292787945928 0.07565706614042975 0.08946310010766317 0.12370206434639958 0.12038861619426133 0.12038861619426133 0.18720982059566502 0.19328447554124717 0.07344810070567323 0.0342389642387364 0.08891085874897231 0.20653826814978973 0.1734037866284316 0.10879154766178789 0.08780637603159405 0.04970172228203548 0.019328447554124717 0.019328447554124717 0.05356741179286112 0.09222430690111055 0.07344810070567323 0.05632861858630503 0.05964206673844327 0.09553775505324533 0.13143344336804738 0.09774672048800184 0.06240327353188718 0.05467189451023938 0.06847792847746934
0.0005522413586908637 0.01822396483674646 0.033134481521358145 0.1209408575529522 0.14910516684610645 0.16180671809595815 0.15628430450906686 0.10934378902047875 0.10106016864013662 0.1678813730415403 0.3075984367899264 0.23967274967114788 0.09443327233586707 0.03092551608659816 0.023194137064950354 0.013806033967233428 0.011044827173786048 0.013806033967233428 0.00994034445640779 0.01546275804329908 0.01546275804329908 0.02374637842363775 0.09056758282504143 0.06185103217319979 0.16898585575891856 0.16125447673727075 0.13143344336804738 0.19107551010649065 0.2711505071164369 0.10768706494440963 0.11652292668343917 0.0988512032053801 0.06461223896664717 0.12259758162902132 0.13640361559625128 0.10050792728144922 0.11376171988999179 0.13640361559625128 0.11376171988999179 0.04970172228203548 0.07841827293387713 0.12922447793329087 0.10989603037916615 0.07344810070567323 0.10161240999882748 0.15241861499824122 0.11265723717261353 0.13916482238969866 0.26949378304036775 0.1728515452697442 0.10271689271620574
0.0 0.0 0.01270155124985517 0.050253963640722876 0.07841827293387713 0.14855292548741558 0.21647861260619752 0.21868757804095404 0.2126129230953719 0.2518220595623122 0.27888188613808473 0.26562809352954214 0.14192602918314604 0.07510482478174235 0.048597239564657224 0.028716550651841644 0.02098517163019384 0.01270155124985517 0.010492585815095185 0.004970172228203895 0.006074654945582153 0.09277654825979795 0.033134481521358145 0.03368672288004554 0.04197034326038421 0.0867018933142158 0.14855292548741558 0.2126129230953719 0.19162775146517805 0.11376171988999179 0.09995568592275836 0.0938810309771762 0.07565706614042975 0.08725413467290666 0.11376171988999179 0.13474689152018215 0.14965740820479384 0.14192602918314604 0.14468723597658995 0.10768706494440963 0.15904551130251077 0.13198568472673824 0.10879154766178789 0.10271689271620574 0.13032896065066912 0.1380603396723204 0.07786603157518973 0.08394068652077188 0.1408215464657643 0.1408215464657643 0.07179137662960758
0.0005522413586908637 0.0 0.005522413586894759 0.0392091364669403 0.033134481521358145 0.09498551369455446 0.20598602679109887 0.37386739983263917 0.36779274488705704 0.23912050831245701 0.25292654227969047 0.27777740342070645 0.1629112008133364 0.11541844396605744 0.07565706614042975 0.053015170434170256 0.07455258342305149 0.06737344576009108 0.061298790814508924 0.03700017103218031 0.012149309891164306 0.06461223896664717 0.04086586054300595 0.07510482478174235 0.0811794797273245 0.16456792488940553 0.22586671570391445 0.3357627460830806 0.3727629171152609 0.48044998205967054 0.609122218634274 0.4478677418970033 0.25568774907313435 0.26562809352954214 0.17892620021532635 0.1971501650520728 0.09332878961848881 0.0938810309771762 0.14910516684610645 0.18058292429139547 0.18886654467173414 0.14689620141134646 0.11376171988999179 0.13198568472673824 0.15904551130251077 0.07731379021649887 0.026507585217085128 0.01988068891281558 0.03368672288004554 0.05246292907548286 0.03644792967349292
