static/data/precipitation/2023/7/12/18.asc
ncols 137
nrows 93
xllcorner 108.0
yllcorner 17.0
cellsize 0.25
NODATA_value -32767
[rows 0 to 24 of 93, columns 55 to 109 of 137]
0.019328447554124717 0.019328447554124717 0.029268792010532507 0.04141810190169681 0.06737344576009108 0.05798534266237415 0.038656895108249434 0.01270155124985517 0.004970172228203895 0.0016567240760691215 0.0 0.0 0.0005522413586908637 0.0 0.0005522413586908637 0.0 0.005522413586894759 0.008283620380338669 0.0298210333692199 0.025955343858397734 0.0022089654347565157 0.0005522413586908637 0.0 0.0 0.0 0.0 0.0 0.0 0.0 0.0 0.0 0.0 0.0 0.0 0.0 0.0 0.0 0.0 0.0 0.0 0.0 0.0 0.0 0.0 0.0 0.0 0.0 0.0 0.0 0.0 0.0 0.0 0.0 0.0 0.0
0.0811794797273245 0.10879154766178789 0.13253792608542564 0.14855292548741558 0.1430305119005243 0.1380603396723204 0.1110005130965444 0.07344810070567323 0.030373274727910765 0.019328447554124717 0.006074654945582153 0.0033134481521347736 0.004970172228203895 0.0016567240760691215 0.0005522413586908637 0.0 0.022089654347572096 0.03368672288004554 0.03368672288004554 0.02540310249970687 0.00994034445640779 0.0 0.0 0.0 0.0 0.0 0.0 0.0 0.0 0.0 0.0 0.0 0.0 0.0 0.0 0.0 0.0 0.0 0.0 0.0 0.0 0.0 0.0 0.0 0.0 0.0 0.0 0.0 0.0 0.0 0.0 0.0 0.0 0.0 0.0
0.33741947015914975 0.42688257026681287 0.48707687836394353 0.45339015548389805 0.3622703313001657 0.29213567874662727 0.2672848176056113 0.22862792249736183 0.16622464896547118 0.1159706853247483 0.07179137662960758 0.04086586054300595 0.021537412988881233 0.009388103097716927 0.0038656895108256373 0.0038656895108256373 0.027612067934463386 0.025955343858397734 0.0038656895108256373 0.0027612067934473794 0.0005522413586908637 0.0005522413586908637 0.0 0.0 0.0 0.0 0.0 0.0 0.0 0.0 0.0 0.0 0.0 0.0 0.0 0.0 0.0 0.0 0.0 0.0 0.0 0.0 0.0 0.0 0.0 0.0 0.0 0.0 0.0 0.0 0.0 0.0 0.0 0.0 0.0
0.8913175529244934 1.107796165530691 2.167547332855412 1.826262173185437 1.053676512379139 0.8360934170555667 0.6660030785792664 0.5643906685804424 0.4246736048320529 0.3053894713551698 0.24132947374721353 0.19438895825862543 0.20432930271503322 0.17616499342187897 0.15738878722644511 0.17064257983498768 0.18941878603042153 0.162358959454649 0.11707516804212656 0.10492585815096225 0.07841827293387713 0.05908982537975241 0.005522413586894759 0.0016567240760691215 0.0011044827173782579 0.0005522413586908637 0.0005522413586908637 0.0 0.0 0.0 0.0 0.0 0.0 0.0 0.0 0.0 0.0 0.0 0.0 0.0 0.0 0.0 0.0 0.0 0.0 0.0 0.0 0.0 0.0 0.0 0.0 0.0 0.0 0.0 0.0
1.629664249492055 1.8941878603042188 2.564608869753002 2.5690268006225163 2.601056799426493 2.3553093948097645 1.974262857314165 1.3673496041146511 0.981332894390844 0.7626453163498901 0.5483756691784525 0.4550468795599637 0.3722106757565735 0.315882057170265 0.29710585097483116 0.47437532711408836 0.3827032615716687 0.47658429254884493 1.0260644444446756 0.9984523765102122 0.769272212654163 0.30041929912696597 0.12038861619426133 0.07676154885781147 0.025955343858397734 0.011044827173786048 0.0038656895108256373 0.0005522413586908637 0.0005522413586908637 0.0 0.0 0.0 0.0 0.0 0.0 0.0 0.0 0.0 0.0 0.0 0.0 0.0 0.0 0.0 0.0 0.0 0.0 0.0 0.0 0.0 0.0 0.0 0.0 0.0 0.0
1.8025157947617991 1.922352169597373 2.13165164454061 2.338742154049087 2.4624442183954867 2.1482188853012874 2.1498756093773532 1.5805147685687102 1.6727390754698208 1.2447520224856297 1.0216465135751627 0.7256451453177097 0.5787489439063632 0.5047486018419991 0.45118119004913804 0.566599634015199 0.5108232567875813 0.5411965315154921 0.9128549659133747 0.9067803109677925 0.8642577263487174 0.4555991209186545 0.5511368759718999 0.30318050592041335 0.25292654227969047 0.05743310130368676 0.02374637842363775 0.01822396483674646 0.0044179308695130315 0.0 0.0 0.0 0.0 0.0 0.0 0.0 0.0 0.0 0.0 0.0 0.0 0.0 0.0 0.0 0.0 0.0 0.0 0.0 0.0 0.0 0.0 0.0 0.0 0.0 0.0
1.9019192393258701 1.548484769764734 2.0526811302480423 2.2608761224738974 1.2022294378665546 1.0569899605312774 1.0625123741181686 1.2027816792252455 1.392200465255667 1.0569899605312774 0.9493028955868676 0.6753911816769869 0.5743310130368467 0.5875848056453893 0.5334651524938407 0.602495322330001 0.6389432520034939 0.6693165267314047 0.6555104927641713 0.6842270434160129 0.6405999760795631 0.5864803229280111 0.6980330773832464 0.4859723956465653 0.3655837794523005 0.17892620021532635 0.10437361679227486 0.03810465374956204 0.024298619782328612 0.0038656895108256373 0.0 0.0 0.0 0.0 0.0 0.0 0.0 0.0 0.0 0.0 0.0 0.0 0.0 0.0 0.0 0.0 0.0 0.0 0.0 0.0 0.0 0.0 0.0 0.0 0.0
1.6495449384048704 1.3955139134078018 2.338742154049087 1.3999318442773183 0.23470257744294398 0.263971369453473 0.2882699892358016 0.34404636646341924 0.5019873950485518 0.4644349826576806 0.45725584499472016 0.3943003301041456 0.37552412390870826 0.4644349826576806 0.5174501530918543 0.7687199712954722 1.0282734098794322 0.7372422138501832 0.7112868699917889 0.7681677299367848 0.7935708324364916 0.7405556620023214 0.7350332484154266 0.6687642853727138 0.566047392656508 0.37828533070215564 0.24298619782328265 0.15186637363955036 0.06240327353188718 0.019328447554124717 0.0022089654347565157 0.0 0.0 0.0 0.0 0.0 0.0 0.0 0.0 0.0 0.0 0.0 0.0 0.0 0.0 0.0 0.0 0.0 0.0 0.0 0.0 0.0 0.0 0.0 0.0005522413586908637
1.604813388351039 1.5203204604715796 2.5673700765464473 1.572783389547059 0.19162775146517805 0.08780637603159405 0.037552412390871176 0.024850861141019476 0.021537412988881233 0.025955343858397734 0.09940344456407096 0.11928413347688308 0.20377706135634235 0.29710585097483116 0.3468075732568666 0.8902130702071153 1.1431396124868023 0.6267939421123296 0.622928252601504 0.8112425559145473 0.9078847936851708 0.8427203133598362 0.8587353127618262 0.8189739349361985 0.8018544528168303 0.5864803229280111 0.39871826097365864 0.30041929912696597 0.2026725786389641 0.11210499581392266 0.043074825977762465 0.03092551608659816 0.0016567240760691215 0.0005522413586908637 0.0005522413586908637 0.0 0.0 0.0 0.0 0.0 0.0 0.0 0.0 0.0 0.0 0.0 0.0 0.0 0.0 0.0 0.0 0.0 0.0 0.0005522413586908637 0.0011044827173782579
1.5556639074276943 1.5529027006342468 2.9108642016511777 1.7660678650883062 0.3893301578759417 0.21095619901930276 0.14855292548741558 0.008835861739029532 0.0016567240760691215 0.0 0.0 0.004970172228203895 0.010492585815095185 0.037552412390871176 0.07620930749912061 0.09995568592275836 0.1380603396723204 0.16953809711760942 0.2844042997249795 0.5047486018419991 0.6764956643943651 0.5997341155365536 0.6533015273294147 0.6654508372205791 0.6919584224376641 0.6058087704821358 0.5533458414066563 0.4445542937448685 0.3655837794523005 0.2882699892358016 0.1507618909221721 0.08062723836863364 0.0347912055974238 0.009388103097716927 0.0016567240760691215 0.0011044827173782579 0.0 0.0 0.0 0.0 0.0 0.0 0.0 0.0 0.0 0.0 0.0 0.0 0.0 0.0 0.0 0.0 0.0 0.0 0.0005522413586908637
1.2016771965078672 1.7279632113387475 2.010710786987658 1.840620448511361 1.2905880552568396 0.8222873830883333 0.4141810190169577 0.1728515452697442 0.008283620380338669 0.0011044827173782579 0.0011044827173782579 0.0 0.0 0.0 0.0005522413586908637 0.004970172228203895 0.016014999401989943 0.04473155005383159 0.2220010261930888 0.3136730917355085 0.4169422258104051 0.6140923908624745 0.4379273974405955 0.39264360602807646 0.3998227436910369 0.3804942961369122 0.349568780050314 0.3208522293984689 0.2943446441813838 0.2700460243990552 0.20101585456289844 0.1386125810310078 0.09222430690111055 0.048597239564657224 0.016567240760677338 0.0033134481521347736 0.0005522413586908637 0.0 0.0 0.0 0.0 0.0 0.0 0.0 0.0 0.0 0.0 0.0 0.0 0.0 0.0 0.0 0.0 0.0 0.0005522413586908637
0.7339287656980484 0.783078246621393 1.5451713216125955 2.062069233345759 2.1482188853012874 1.8726504473153376 1.200020472431798 0.5920027365149059 0.12038861619426133 0.012149309891164306 0.0027612067934473794 0.0 0.0 0.0 0.0 0.0005522413586908637 0.0005522413586908637 0.0022089654347565157 0.01546275804329908 0.12259758162902132 0.3064939540725481 0.5726742889607811 0.2468518873341083 0.17616499342187897 0.2070905095084806 0.21150844037799363 0.20322481999765496 0.17229930391105333 0.13695585695494214 0.11431396124867918 0.12038861619426133 0.09498551369455446 0.07013465255353846 0.05688085994499589 0.0392091364669403 0.020432930271502975 0.006626896304273017 0.0 0.0 0.0 0.0 0.0 0.0 0.0 0.0 0.0 0.0 0.0 0.0 0.0 0.0005522413586908637 0.0 0.0 0.0 0.0016567240760691215
1.0094972036839982 0.8283620380339154 3.0605216098559715 2.7606545520876944 1.5849326994382233 1.5821714926447794 1.3783944312884335 1.1939458174862159 0.8548696232510006 0.29489688554007465 0.040313619184318555 0.0038656895108256373 0.0 0.0 0.0 0.0 0.0 0.0005522413586908637 0.0005522413586908637 0.0347912055974238 0.03534344695611466 0.0911198241837323 0.022089654347572096 0.02264189570625949 0.0347912055974238 0.04970172228203548 0.06019430809713067 0.04970172228203548 0.04417930869514072 0.03258224016266728 0.040313619184318555 0.037552412390871176 0.024850861141019476 0.021537412988881233 0.01546275804329908 0.004970172228203895 0.0016567240760691215 0.0 0.0 0.0 0.0 0.0 0.0 0.0 0.0 0.0 0.0 0.0005522413586908637 0.0011044827173782579 0.0011044827173782579 0.0077313790216512746 0.006074654945582153 0.014358275325920822 0.04141810190169681 0.04473155005383159
1.884247515847811 1.3739765004189206 2.4315187023088853 2.417712668341655 1.7279632113387475 1.5330220117214313 1.115527544552339 0.9443327233586638 0.7609885922738244 0.4539423968425854 0.18223964836746112 0.03258224016266728 0.0044179308695130315 0.0005522413586908637 0.0 0.0 0.0 0.0 0.0 0.0011044827173782579 0.0016567240760691215 0.0027612067934473794 0.0016567240760691215 0.0016567240760691215 0.0016567240760691215 0.0077313790216512746 0.014910516684611685 0.011597068532473442 0.004970172228203895 0.004970172228203895 0.004970172228203895 0.004970172228203895 0.004970172228203895 0.0038656895108256373 0.0016567240760691215 0.0016567240760691215 0.0 0.0 0.0 0.0 0.0 0.0 0.0 0.0016567240760691215 0.0022089654347565157 0.0027612067934473794 0.0016567240760691215 0.004970172228203895 0.01546275804329908 0.022089654347572096 0.018776206195437323 0.010492585815095185 0.017671723478055595 0.03644792967349292 0.04362706733645333
3.6127629685452494 2.71757972610993 1.9554866511187277 1.9262178591081986 1.676604764980643 1.5125890814499283 1.0365570302597744 0.7123913527091672 0.5229725666787456 0.48762911972263095 0.5036441191246209 0.3236134361919163 0.09664223777062358 0.022089654347572096 0.012149309891164306 0.0022089654347565157 0.0016567240760691215 0.0 0.0005522413586908637 0.0011044827173782579 0.0005522413586908637 0.0016567240760691215 0.0016567240760691215 0.03534344695611466 0.04362706733645333 0.022089654347572096 0.0033134481521347736 0.0016567240760691215 0.0 0.0 0.0 0.0 0.0 0.0 0.0 0.0 0.0 0.0 0.0 0.0027612067934473794 0.0038656895108256373 0.40921084678875386 0.9526163437390024 1.0006613419449688 1.1221544408566118 1.0155718586295805 0.6527492859707239 0.3197477466810906 0.30704619543123896 0.31035964358337376 0.17064257983498768 0.15849326994382337 0.1551798217916886 0.19107551010649065 0.21868757804095404
4.5267224171760025 3.7524800322936356 2.837416100945504 2.0488154407372163 1.7903664848706349 1.1646770254756835 0.6925106637963551 0.36889722760443877 0.38877791651725085 0.45283791412520713 0.5367786006459756 0.6891972156442168 0.4688529135271971 0.3860167097238035 0.12646327113984349 0.11431396124867918 0.008835861739029532 0.0016567240760691215 0.0011044827173782579 0.0005522413586908637 0.0005522413586908637 0.0044179308695130315 0.0011044827173782579 0.03368672288004554 0.0342389642387364 0.01822396483674646 0.0016567240760691215 0.0011044827173782579 0.0 0.0 0.0 0.0 0.0 0.0 0.0 0.0 0.0 0.0 0.0005522413586908637 0.004970172228203895 0.8283620380339154 1.9118595837822778 2.323279396005788 2.102935093888765 2.2155923310613788 1.7682768305230627 1.5705744241123025 1.2309459885183998 0.8222873830883333 0.7543616959695514 0.5152411876570944 0.33741947015914975 0.3335537806483241 0.598077391460488 0.7317198002632919
4.427318972611931 4.5294836239694485 4.051794848703223 3.260985223060179 1.5584251142211383 0.6378387692861156 0.2645236108121639 0.16456792488940553 0.18389637244353024 0.2612101626600291 0.46056929314685846 0.6129879081450962 0.7747946262410543 0.7273018693937788 0.4224646393972964 0.2567922317905126 0.1507618909221721 0.0469405154885881 0.0038656895108256373 0.0033134481521347736 0.0011044827173782579 0.004970172228203895 0.0005522413586908637 0.0016567240760691215 0.0016567240760691215 0.0016567240760691215 0.0011044827173782579 0.0 0.0 0.0 0.0 0.0005522413586908637 0.0005522413586908637 0.0 0.0 0.0 0.0 0.0 0.019328447554124717 1.3690063281907165 2.1940549180724975 3.697255896424709 3.8193012366950376 3.598956934578016 2.662907831599693 2.2492790539414242 2.3403988781251566 2.270264225571618 1.8605011374241733 1.8273666559028185 1.4744844277003697 1.2961104688437344 1.3463644324844573 1.6567240760678308 1.8477995861743215
3.5923300382737446 4.098183122833122 4.013137953594974 2.9279836837705457 1.0266166858033665 0.27777740342070645 0.20101585456289844 0.09498551369455446 0.08725413467290666 0.05632861858630503 0.32692688434405104 0.4567036036360328 0.6312118729818427 0.8001977287407612 0.7593318681977552 0.5787489439063632 0.34404636646341924 0.162358959454649 0.07841827293387713 0.004970172228203895 0.0016567240760691215 0.0 0.0 0.0016567240760691215 0.0022089654347565157 0.0 0.0 0.0 0.0 0.0 0.0 0.0011044827173782579 0.0016567240760691215 0.0011044827173782579 0.0005522413586908637 0.006626896304273017 0.006626896304273017 0.021537412988881233 0.15738878722644511 1.813560621935585 3.808256409521253 4.73326068532579 4.991157399833683 4.127451914843655 2.994804888171948 2.876072996053754 3.021312473389033 2.998118336324084 2.918595580672827 3.029043852410684 2.6711914519800315 2.271368708288996 2.3392943954077783 2.4795637005148534 2.7302812773597838
2.167547332855412 1.2707073663440274 3.26761211936445 1.8422771725874267 0.25292654227969047 0.14137378782445517 0.0695824111948476 0.0938810309771762 0.1480006841287282 0.12038861619426133 0.08449292787945928 0.18610533787828676 0.39264360602807646 0.8797204843920166 0.8233918658057116 0.8885563461310462 0.6632418717858225 0.4241213634733655 0.20377706135634235 0.11762740940081742 0.0 0.0005522413586908637 0.0 0.0 0.0 0.0 0.0 0.0 0.0 0.0 0.0 0.0027612067934473794 0.005522413586894759 0.0022089654347565157 0.0033134481521347736 0.013806033967233428 0.06461223896664717 0.10216465135751487 0.3015237818443442 1.6362911457963278 3.580180728382582 4.894515162063059 5.120934119125663 4.481438625763482 3.556986591317632 3.001431784476219 2.987073509150298 2.892087995455742 2.8164309293153122 2.945103165889914 2.310577844755933 1.769933554599132 1.5700221827536152 1.771590278675201 2.0090540629115887
0.8272575553165372 0.8344366929794976 0.609122218634274 0.4047929159192408 0.19604568233469455 0.06019430809713067 0.019328447554124717 0.0022089654347565157 0.0027612067934473794 0.009388103097716927 0.00994034445640779 0.011597068532473442 0.13088120200936 0.45615136227734193 0.9007056560222104 1.206647368736071 1.3391852948214968 1.0945423729221484 0.6980330773832464 0.2838520583662886 0.00994034445640779 0.03092551608659816 0.0 0.0 0.0 0.0 0.0005522413586908637 0.0005522413586908637 0.0005522413586908637 0.0 0.0005522413586908637 0.0005522413586908637 0.0011044827173782579 0.0016567240760691215 0.006626896304273017 0.05688085994499589 0.13916482238969866 0.27059826575774604 0.8626010022726518 1.661142006937344 2.5248474919273742 3.71879330941359 4.601275000599054 4.07001881353997 3.013581094367383 2.400593186222287 2.290697155843121 2.23712974405026 2.2978762935060812 2.6452361081216353 2.2978762935060812 1.796441139816217 1.5170070123194448 2.010158545628967 1.7820828644902962
0.23138912929080574 0.26673257624692037 0.20156809592158584 0.1336424088028039 0.05467189451023938 0.013253792608542564 0.004970172228203895 0.0 0.0005522413586908637 0.0027612067934473794 0.0011044827173782579 0.0005522413586908637 0.033134481521358145 0.0811794797273245 0.3860167097238035 0.796332039229939 1.1707516804212657 1.3314539157998455 1.1199454754218519 0.5875848056453893 0.20156809592158584 0.43295722521239155 0.09443327233586707 0.0 0.0 0.0 0.0 0.0005522413586908637 0.0011044827173782579 0.0005522413586908637 0.0 0.0 0.0 0.0005522413586908637 0.0033134481521347736 0.03092551608659816 0.214269647171441 0.7510482478174165 1.0437361679227348 1.3778421899297462 1.7091870051433102 2.1896369872029844 1.8511130343264564 1.8102471737834505 1.7704857959578226 1.6926197643826328 1.6456792488940448 1.3314539157998455 1.132094785313016 1.4927083925371163 1.4800068412872611 1.4684097727547876 1.2607670218876197 0.5809579093411198 0.5561070482001003
0.03810465374956204 0.03644792967349292 0.03644792967349292 0.00994034445640779 0.00994034445640779 0.0016567240760691215 0.0 0.0 0.0005522413586908637 0.0005522413586908637 0.0005522413586908637 0.0 0.0 0.009388103097716927 0.07179137662960758 0.07179137662960758 0.27667292070332816 0.8267053139578463 0.7803170398279491 0.50530084320069 0.2744639552685717 0.06847792847746934 0.0 0.0 0.0 0.0005522413586908637 0.0 0.0 0.0005522413586908637 0.0005522413586908637 0.0005522413586908637 0.0011044827173782579 0.0016567240760691215 0.008835861739029532 0.025955343858397734 0.2070905095084806 0.602495322330001 1.074109442650642 1.2083040928121367 1.263528228681067 1.3226180540608194 0.5411965315154921 0.5770922198302941 0.5804056679824289 0.6803613539051907 0.7228839385242624 0.8780637603159509 0.539539807439423 0.23028464657342748 0.22752343977998357 1.1337515093890853 1.455155980146245 1.6291120081333674 1.2027816792252455 1.1227066822152993
0.0005522413586908637 0.0 0.0 0.0 0.0 0.0 0.0 0.0 0.0 0.0 0.0 0.0 0.0 0.0 0.0 0.0 0.0 0.1927322341825563 0.17616499342187897 0.17616499342187897 0.004970172228203895 0.006074654945582153 0.0005522413586908637 0.0 0.0 0.0 0.0005522413586908637 0.0005522413586908637 0.0005522413586908637 0.014910516684611685 0.0171194821193682 0.017671723478055595 0.03700017103218031 0.07620930749912061 0.8051679009689651 1.211617540964275 1.5087233919391028 1.1619158186822396 1.2038861619426238 0.9796761703147784 0.4627782585816149 0.27667292070332816 0.4489722246143815 0.26231464537740734 0.19880688912813846 0.20322481999765496 0.16180671809595815 0.023194137064950354 0.02816430929315425 0.009388103097716927 0.3252701602679854 0.32416567755060716 0.3578524004306527 0.3506732627676923 0.34735981461555404
0.0 0.0 0.0 0.0 0.0 0.0 0.0 0.0 0.0 0.0 0.0 0.0 0.0 0.0 0.0 0.0 0.0 0.0 0.0 0.0 0.0016567240760691215 0.0033134481521347736 0.0005522413586908637 0.0005522413586908637 0.0011044827173782579 0.0011044827173782579 0.0027612067934473794 0.0044179308695130315 0.061298790814508924 0.14468723597658995 0.2739117139098808 0.22752343977998357 0.5130322222223378 0.6632418717858225 0.9537208264563807 0.9896165147711827 1.1050349587372437 0.8692278985769214 0.7433168687957653 1.3005283997132473 0.32637464298536367 0.2098517163019245 0.25292654227969047 0.13253792608542564 0.030373274727910765 0.0298210333692199 0.006626896304273017 0.01546275804329908 0.01546275804329908 0.0044179308695130315 0.10879154766178789 0.2816430929315321 0.014358275325920822 0.09553775505324533 0.05522413586892677
0.0 0.0 0.0 0.0 0.0 0.0 0.0 0.0 0.0 0.0 0.0 0.0 0.0 0.0 0.0 0.0 0.0 0.0 0.0 0.0 0.0005522413586908637 0.0005522413586908637 0.0005522413586908637 0.0011044827173782579 0.0016567240760691215 0.0022089654347565157 0.0077313790216512746 0.017671723478055595 0.0817317210860119 0.14744844277003732 0.2965536096161403 0.3390761942352154 0.266180334888233 0.5213158426026765 0.4760320511901575 0.42688257026681287 0.5014351536898644 0.5643906685804424 0.5848235988519455 0.9012578973809013 0.5467189451023834 0.054119653151548514 0.025955343858397734 0.019328447554124717 0.0038656895108256373 0.0016567240760691215 0.0005522413586908637 0.038656895108249434 0.09995568592275836 0.051358446358104604 0.006626896304273017 0.08228396244470276 0.012149309891164306 0.06461223896664717 0.020432930271502975
