static/data/precipitation/2023/7/12/6.asc
ncols 137
nrows 93
xllcorner 108.0
yllcorner 17.0
cellsize 0.25
NODATA_value -32767
[rows 24 to 47 of 93, columns 0 to 53 of 137]
1.601499940198904 1.4860814962328432 3.937480887454544 5.167322393255562 3.765733824902178 0.09719447912931445 0.6549582514054839 1.4369320153094987 0.7792125571105708 0.006626896304273017 0.029268792010532507 0.14192602918314604 0.8233918658057116 3.5288222820244792 3.407329183112838 0.36116584858278744 0.18168740700877373 0.004970172228203895 0.0044179308695130315 0.01822396483674646 0.019328447554124717 0.004970172228203895 0.0 0.0 0.006074654945582153 0.012149309891164306 0.008835861739029532 0.005522413586894759 0.005522413586894759 0.0 0.0 0.0 0.01546275804329908 0.037552412390871176 0.06240327353188718 0.16346344217202727 0.06516448032533456 0.02098517163019384 0.1032691340748966 0.1380603396723204 0.11376171988999179 0.03202999880397989 0.18334413108483938 0.2711505071164369 0.14137378782445517 0.05522413586892677 0.03368672288004554 0.09774672048800184 0.10161240999882748 0.18334413108483938 0.07620930749912061 0.0 0.0 0.0
3.937480887454544 1.7726947613925792 4.5940958629360935 5.974147018300596 3.8010772718582926 0.12149309891163959 0.1281199952159126 0.03258224016266728 0.008835861739029532 0.024850861141019476 0.0469405154885881 0.17671723478056983 0.7278541107524662 3.8010772718582926 3.697808137783398 0.4141810190169577 0.15131413228086296 0.04528379141252245 0.04473155005383159 0.004970172228203895 0.0005522413586908637 0.0 0.0 0.0 0.0011044827173782579 0.0016567240760691215 0.0027612067934473794 0.0016567240760691215 0.0016567240760691215 0.0 0.0 0.0027612067934473794 0.02374637842363775 0.0469405154885881 0.055776377227617635 0.14468723597658995 0.0469405154885881 0.0 0.08559741059683754 0.4296437770602568 0.8046156596102777 0.7206749730895058 0.03644792967349292 0.04252258461907507 0.047492756847278966 0.07786603157518973 0.055776377227617635 0.043074825977762465 0.06295551489057805 0.15186637363955036 0.07676154885781147 0.0 0.0 0.0
2.083054404975953 0.07179137662960758 0.16346344217202727 0.043074825977762465 0.020432930271502975 0.0640599976079563 0.06461223896664717 0.0347912055974238 0.03368672288004554 0.05080620499941374 0.051358446358104604 0.27059826575774604 0.02705982657577599 0.1330901674441165 0.19383671689993803 0.16567240760678378 0.25292654227969047 0.07013465255353846 0.05080620499941374 0.008283620380338669 0.006626896304273017 0.0 0.0 0.0 0.0011044827173782579 0.0044179308695130315 0.0038656895108256373 0.0005522413586908637 0.0 0.0 0.0 0.021537412988881233 0.043074825977762465 0.045836032771209845 0.04252258461907507 0.09608999641193272 0.05743310130368676 0.00994034445640779 0.12038861619426133 0.6764956643943651 1.3806033967231937 0.7808692811866365 0.0 0.0 0.012149309891164306 0.0469405154885881 0.047492756847278966 0.04362706733645333 0.054119653151548514 0.11265723717261353 0.037552412390871176 0.0 0.0 0.0
0.007179137662960411 0.0033134481521347736 0.004970172228203895 0.0011044827173782579 0.04804499820596636 0.10216465135751487 0.11707516804212656 0.08891085874897231 0.04638827412990071 0.04141810190169681 0.035895688314802054 0.01546275804329908 0.012149309891164306 0.0022089654347565157 0.0 0.0011044827173782579 0.0016567240760691215 0.0022089654347565157 0.013253792608542564 0.01988068891281558 0.023194137064950354 0.0016567240760691215 0.0022089654347565157 0.0022089654347565157 0.0005522413586908637 0.004970172228203895 0.0 0.0 0.0 0.0 0.0 0.028716550651841644 0.037552412390871176 0.0342389642387364 0.02816430929315425 0.024850861141019476 0.03092551608659816 0.025955343858397734 0.12922447793329087 0.5202113598852982 0.7919141083604225 0.3280313670614293 0.0 0.0 0.0 0.0077313790216512746 0.005522413586894759 0.004970172228203895 0.013806033967233428 0.04086586054300595 0.061298790814508924 0.050253963640722876 0.0 0.0
0.014910516684611685 0.005522413586894759 0.008835861739029532 0.0027612067934473794 0.10106016864013662 0.0982989618466927 0.011597068532473442 0.08449292787945928 0.013253792608542564 0.0033134481521347736 0.0016567240760691215 0.0027612067934473794 0.0 0.0 0.0 0.0 0.0 0.0027612067934473794 0.008835861739029532 0.00994034445640779 0.0044179308695130315 0.008835861739029532 0.012149309891164306 0.008835861739029532 0.0033134481521347736 0.0 0.0 0.0 0.0 0.0 0.0 0.01546275804329908 0.025955343858397734 0.026507585217085128 0.02374637842363775 0.025955343858397734 0.02264189570625949 0.017671723478055595 0.014358275325920822 0.019328447554124717 0.09001534146635404 0.27059826575774604 0.2915834373879399 0.0 0.0 0.0 0.01270155124985517 0.0298210333692199 0.03700017103218031 0.017671723478055595 0.02264189570625949 0.018776206195437323 0.0 0.0
0.014910516684611685 0.04362706733645333 0.12370206434639958 0.0171194821193682 0.008283620380338669 0.012149309891164306 0.18720982059566502 1.0868109939004973 0.2512698182036213 0.0005522413586908637 0.0 0.0 0.0 0.0 0.006074654945582153 0.011597068532473442 0.0 0.0016567240760691215 0.0011044827173782579 0.0016567240760691215 0.006074654945582153 0.01546275804329908 0.02816430929315425 0.017671723478055595 0.0 0.0 0.0 0.0 0.0 0.0 0.0 0.03258224016266728 0.7085256631983415 1.0117061691187548 0.013806033967233428 0.01988068891281558 0.019328447554124717 0.01546275804329908 0.012149309891164306 0.013806033967233428 0.017671723478055595 0.02098517163019384 0.01546275804329908 0.0044179308695130315 0.0005522413586908637 0.022089654347572096 0.02264189570625949 0.04417930869514072 0.19549344097600369 0.05356741179286112 0.019328447554124717 0.012149309891164306 0.0 0.0
0.12922447793329087 0.04638827412990071 0.023194137064950354 0.09553775505324533 0.10658258222703137 0.10768706494440963 0.09277654825979795 0.14634396005265907 0.013806033967233428 0.05522413586892677 0.07841827293387713 0.07068689391222932 0.05964206673844327 0.02374637842363775 0.0 0.0005522413586908637 0.007179137662960411 0.01546275804329908 0.013253792608542564 0.01270155124985517 0.018776206195437323 0.009388103097716927 0.0033134481521347736 0.0 0.0 0.0 0.0 0.0 0.0 0.0 0.0 0.08007499700994625 0.0695824111948476 0.0298210333692199 0.020432930271502975 0.016567240760677338 0.014910516684611685 0.013253792608542564 0.01270155124985517 0.0022089654347565157 0.008283620380338669 0.008835861739029532 0.008835861739029532 0.008835861739029532 0.23635930151900963 0.20156809592158584 0.5732265303194685 0.9901687561298735 0.035895688314802054 0.018776206195437323 0.08504516923815014 0.0911198241837323 0.011044827173786048 0.005522413586894759
0.06240327353188718 0.012149309891164306 0.07289585934698584 0.02374637842363775 0.04141810190169681 0.07565706614042975 0.08283620380339016 0.37165843439788265 0.0038656895108256373 0.030373274727910765 0.06792568711878194 0.10106016864013662 0.04914948092334462 0.020432930271502975 0.0 0.0 0.0022089654347565157 0.004970172228203895 0.0077313790216512746 0.008283620380338669 0.007179137662960411 0.0027612067934473794 0.0 0.0 0.0 0.0 0.0 0.0 0.0 0.0 0.0 0.0005522413586908637 0.01270155124985517 0.01988068891281558 0.016014999401989943 0.011044827173786048 0.013806033967233428 0.011597068532473442 0.0033134481521347736 0.0005522413586908637 0.005522413586894759 0.008835861739029532 0.011597068532473442 0.03368672288004554 0.05080620499941374 0.31919550532240326 0.25568774907313435 0.06074654945582153 0.09664223777062358 0.011597068532473442 0.043074825977762465 0.04528379141252245 0.016567240760677338 0.016567240760677338
0.01546275804329908 0.013253792608542564 0.04417930869514072 0.021537412988881233 0.033134481521358145 0.06516448032533456 0.0695824111948476 0.1899710273891124 0.017671723478055595 3.231164189690959 3.888883647889887 4.814440165053115 0.0811794797273245 0.20874723358454625 0.14910516684610645 0.04362706733645333 0.0005522413586908637 0.0 0.0016567240760691215 0.0016567240760691215 0.0011044827173782579 0.0 0.0 0.0 0.0 0.0 0.0 0.0 0.0 0.0 0.0 0.0005522413586908637 0.0016567240760691215 0.006626896304273017 0.023194137064950354 0.07179137662960758 0.04528379141252245 0.004970172228203895 0.0 0.0 0.0027612067934473794 0.005522413586894759 0.0077313790216512746 0.0171194821193682 0.008835861739029532 0.02264189570625949 0.006074654945582153 0.008283620380338669 0.054119653151548514 0.012149309891164306 0.010492585815095185 0.01270155124985517 0.013253792608542564 0.010492585815095185
0.012149309891164306 0.00994034445640779 0.022089654347572096 0.040313619184318555 0.06516448032533456 0.04362706733645333 0.02816430929315425 0.01822396483674646 0.02264189570625949 3.293567463222846 4.595752587012161 3.764077100826111 0.1457917186939682 1.786500795359809 1.7268587286213695 0.03534344695611466 0.0 0.0 0.0 0.0 0.0 0.0 0.0 0.0 0.0 0.0 0.0027612067934473794 0.0027612067934473794 0.0005522413586908637 0.0 0.0 0.0 0.0011044827173782579 0.0011044827173782579 0.014910516684611685 0.05632861858630503 0.040313619184318555 0.0 0.0 0.0 0.0016567240760691215 0.0038656895108256373 0.004970172228203895 0.004970172228203895 0.004970172228203895 0.006074654945582153 0.0044179308695130315 0.005522413586894759 0.006626896304273017 0.008835861739029532 0.007179137662960411 0.005522413586894759 0.006074654945582153 0.00994034445640779
0.0033134481521347736 0.0027612067934473794 0.013806033967233428 0.07565706614042975 0.07510482478174235 0.054119653151548514 0.027612067934463386 0.03700017103218031 0.03092551608659816 0.8587353127618262 2.1647861260619647 0.5185546358092326 0.103821375433584 1.890322170793393 1.8014113120444208 0.0027612067934473794 0.0 0.0 0.0 0.0 0.0 0.0 0.0 0.0 0.0 0.0 0.0038656895108256373 0.014910516684611685 0.012149309891164306 0.03368672288004554 0.02816430929315425 0.020432930271502975 0.025955343858397734 0.025955343858397734 0.0 0.005522413586894759 0.0 0.0 0.0 0.0 0.0005522413586908637 0.0027612067934473794 0.0027612067934473794 0.0022089654347565157 0.0016567240760691215 0.0033134481521347736 0.0016567240760691215 0.0 0.0011044827173782579 0.0038656895108256373 0.0027612067934473794 0.0016567240760691215 0.0027612067934473794 0.011044827173786048
0.03092551608659816 0.03147775744528902 0.0016567240760691215 0.09498551369455446 0.0469405154885881 0.03644792967349292 0.03534344695611466 0.05080620499941374 0.051358446358104604 0.06461223896664717 0.048597239564657224 0.1905232687477998 0.011597068532473442 0.05743310130368676 0.04141810190169681 0.0 0.0 0.0 0.0 0.0 0.0 0.0 0.0 0.0 0.0 0.0 0.0016567240760691215 0.0171194821193682 0.06571672168402543 0.10161240999882748 0.09608999641193272 0.053015170434170256 0.06295551489057805 0.18058292429139547 0.1402693051070769 0.07234361798829497 0.0 0.0 0.0 0.0 0.0005522413586908637 0.0005522413586908637 0.0 0.0005522413586908637 0.0005522413586908637 0.0011044827173782579 0.0011044827173782579 0.0 0.0 0.0 0.0 0.0 0.0016567240760691215 0.004970172228203895
0.05080620499941374 0.07510482478174235 0.004970172228203895 0.0027612067934473794 0.008283620380338669 0.0077313790216512746 0.01822396483674646 0.020432930271502975 0.08559741059683754 0.05964206673844327 0.02540310249970687 0.004970172228203895 0.04528379141252245 0.022089654347572096 0.0027612067934473794 0.0 0.0 0.0 0.0 0.0 0.0 0.0 0.0 0.0 0.0 0.0 0.0011044827173782579 0.013253792608542564 0.06516448032533456 0.11762740940081742 0.14247827054183343 0.09277654825979795 0.17009033847629682 0.322508953474538 0.38491222700642524 0.07234361798829497 0.0 0.0 0.0 0.0 0.0 0.0 0.0 0.0 0.0 0.0 0.0 0.0 0.0 0.0 0.0 0.0 0.0 0.004970172228203895
0.00994034445640779 0.016014999401989943 0.016014999401989943 0.007179137662960411 0.008835861739029532 0.025955343858397734 0.055776377227617635 0.08780637603159405 0.04197034326038421 0.011597068532473442 0.0005522413586908637 0.005522413586894759 0.05080620499941374 0.019328447554124717 0.0 0.0 0.0 0.0 0.0 0.0 0.0 0.0 0.0 0.0 0.0 0.0 0.0011044827173782579 0.0011044827173782579 0.0044179308695130315 0.014910516684611685 0.037552412390871176 0.09553775505324533 0.1209408575529522 0.1032691340748966 0.06461223896664717 0.008283620380338669 0.0 0.0 0.0 0.0 0.0 0.0 0.0 0.0 0.0 0.0 0.0 0.0 0.0 0.0 0.0005522413586908637 0.0005522413586908637 0.0005522413586908637 0.0
0.0038656895108256373 0.0011044827173782579 0.0016567240760691215 0.005522413586894759 0.12922447793329087 0.14855292548741558 0.06074654945582153 0.01822396483674646 0.016567240760677338 0.007179137662960411 0.0016567240760691215 0.005522413586894759 0.005522413586894759 0.0027612067934473794 0.0 0.0 0.0 0.0 0.0 0.0 0.0 0.0 0.0 0.0 0.0 0.0 0.0 0.0 0.0016567240760691215 0.005522413586894759 0.0027612067934473794 0.15849326994382337 0.20101585456289844 0.1430305119005243 0.0342389642387364 0.005522413586894759 0.0 0.0 0.0 0.0 0.0 0.0 0.0 0.0 0.0 0.0 0.0 0.0 0.0 0.0 0.0 0.0 0.0 0.0
0.0022089654347565157 0.009388103097716927 0.06847792847746934 0.2545832663557561 0.20598602679109887 0.1110005130965444 0.05080620499941374 0.09774672048800184 0.21813533668226318 0.1750605107045007 0.06461223896664717 0.007179137662960411 0.0022089654347565157 0.0 0.0 0.0 0.0 0.0 0.0 0.0 0.00994034445640779 0.00994034445640779 0.0 0.0 0.0 0.0 0.0 0.0 0.0005522413586908637 0.0011044827173782579 0.0 0.04528379141252245 0.0640599976079563 0.01988068891281558 0.004970172228203895 0.0 0.0 0.0 0.0 0.0 0.0 0.0 0.0 0.0 0.0 0.0 0.0 0.0 0.0 0.0 0.0 0.0 0.0011044827173782579 0.0033134481521347736
0.012149309891164306 0.03644792967349292 0.103821375433584 0.15297085635692861 0.16456792488940553 0.1159706853247483 0.09774672048800184 0.23470257744294398 0.26894154168167694 0.162358959454649 0.08559741059683754 0.021537412988881233 0.0005522413586908637 0.0 0.0 0.0 0.0 0.0 0.0 0.0077313790216512746 0.0022089654347565157 0.0005522413586908637 0.0 0.0 0.0 0.0 0.0 0.0 0.0 0.0 0.0 0.012149309891164306 0.012149309891164306 0.0 0.0 0.0 0.0 0.0 0.0 0.0 0.0 0.0 0.0 0.0 0.0 0.0 0.0 0.0 0.0 0.0 0.0 0.0 0.006626896304273017 0.025955343858397734
0.09056758282504143 0.09277654825979795 0.11155275445523527 0.09498551369455446 0.2573444731492035 0.16567240760678378 0.12370206434639958 0.24629964597541742 0.2810908515728412 0.19383671689993803 0.11873189211819568 0.04528379141252245 0.0044179308695130315 0.0 0.0 0.0 0.0 0.0 0.0005522413586908637 0.008283620380338669 0.0038656895108256373 0.0 0.0 0.0 0.0 0.0 0.0 0.0 0.0 0.0 0.0 0.0 0.0 0.0 0.0 0.0 0.0 0.0 0.0 0.0 0.0 0.0 0.0 0.0 0.0 0.0 0.0 0.0 0.0 0.0 0.0016567240760691215 0.006626896304273017 0.01546275804329908 0.05080620499941374
0.08835861739028492 0.09001534146635404 0.07510482478174235 0.07510482478174235 0.22862792249736183 0.18776206195435588 0.1457917186939682 0.31919550532240326 0.28771774787711424 0.22420999162784533 0.12038861619426133 0.0469405154885881 0.0038656895108256373 0.0 0.0 0.0 0.0 0.0 0.0005522413586908637 0.0044179308695130315 0.0038656895108256373 0.0 0.0 0.0 0.0 0.0 0.0 0.0 0.0 0.0 0.0 0.0 0.0 0.0 0.0 0.0 0.0 0.0 0.0 0.0 0.0 0.0 0.0 0.0 0.0 0.0 0.0 0.0 0.0 0.0 0.0392091364669403 0.04417930869514072 0.07344810070567323 0.17671723478056983
0.07179137662960758 0.06019430809713067 0.048597239564657224 0.0690301698361602 0.13474689152018215 0.10879154766178789 0.11210499581392266 0.29324016146400556 0.21150844037799363 0.17947844157401374 0.07013465255353846 0.03976137782562769 0.0011044827173782579 0.0 0.0 0.0 0.0 0.0 0.0 0.0 0.0 0.0 0.0 0.0 0.0 0.0 0.0 0.0 0.0005522413586908637 0.0 0.0 0.0 0.0 0.0 0.0 0.0 0.0 0.0 0.0 0.0 0.0 0.0 0.0 0.0 0.0 0.0 0.010492585815095185 0.011044827173786048 0.0 0.0 0.04252258461907507 0.04252258461907507 0.06847792847746934 0.16456792488940553
0.0811794797273245 0.0690301698361602 0.061298790814508924 0.08449292787945928 0.11486620260737004 0.09001534146635404 0.09332878961848881 0.11817965075950482 0.09664223777062358 0.07344810070567323 0.04086586054300595 0.00994034445640779 0.0 0.0 0.0 0.0 0.0 0.0 0.0005522413586908637 0.0 0.0 0.0 0.0 0.0 0.0 0.0 0.0 0.0022089654347565157 0.0027612067934473794 0.0016567240760691215 0.0 0.0 0.0 0.0 0.0 0.0 0.0 0.0 0.0 0.0 0.0 0.0 0.0 0.0 0.0005522413586908637 0.01546275804329908 0.025955343858397734 0.024298619782328612 0.0 0.0011044827173782579 0.04528379141252245 0.04528379141252245 0.0392091364669403 0.0022089654347565157
0.09553775505324533 0.07123913527091671 0.05908982537975241 0.10271689271620574 0.07455258342305149 0.05080620499941374 0.061298790814508924 0.08559741059683754 0.06792568711878194 0.033134481521358145 0.005522413586894759 0.0 0.0 0.0 0.0 0.0 0.0 0.0 0.0 0.0 0.0 0.0 0.0 0.0 0.0011044827173782579 0.0005522413586908637 0.0022089654347565157 0.007179137662960411 0.006074654945582153 0.0016567240760691215 0.0 0.0 0.0 0.0 0.0 0.0 0.0 0.0 0.0 0.0 0.0 0.0 0.0 0.012149309891164306 0.00994034445640779 0.03810465374956204 0.04141810190169681 0.0347912055974238 0.0 0.01270155124985517 0.09608999641193272 0.16014999401988902 0.21813533668226318 0.0
0.10161240999882748 0.09443327233586707 0.06792568711878194 0.10106016864013662 0.06295551489057805 0.03202999880397989 0.050253963640722876 0.0811794797273245 0.0 0.0 0.0 0.0 0.0 0.0 0.0 0.0 0.0 0.0 0.0 0.0 0.0 0.0 0.0 0.0 0.0011044827173782579 0.0016567240760691215 0.0016567240760691215 0.0 0.0 0.0 0.0 0.0 0.0 0.0 0.0 0.0 0.0 0.0 0.0 0.0 0.0 0.0 0.008835861739029532 0.05908982537975241 0.037552412390871176 0.02374637842363775 0.008835861739029532 0.0016567240760691215 0.0016567240760691215 0.033134481521358145 0.06350775624926544 0.05080620499941374 0.006626896304273017 0.0
0.10934378902047875 0.08559741059683754 0.04473155005383159 0.07786603157518973 0.024298619782328612 0.012149309891164306 0.009388103097716927 0.0027612067934473794 0.0 0.0 0.0 0.0 0.0 0.0 0.0 0.0 0.0 0.0 0.0 0.0 0.0 0.0 0.0 0.0 0.0 0.0 0.0 0.0 0.0 0.0 0.0 0.0 0.0 0.0 0.0 0.0 0.0 0.0 0.0 0.0 0.0 0.0 0.0038656895108256373 0.019328447554124717 0.0044179308695130315 0.0011044827173782579 0.0038656895108256373 0.011044827173786048 0.014358275325920822 0.18113516565008286 0.08891085874897231 0.0016567240760691215 0.0 0.0
