static/data/salinity/2023/7/7/0.asc
ncols 137
nrows 93
xllcorner 108.0
yllcorner 17.0
cellsize 0.25
NODATA_value -32767
[rows 56 to 83 of 93, columns 0 to 60 of 137]
-32767.0 -32767.0 -32767.0 -32767.0 -32767.0 -32767.0 -32767.0 -32767.0 -32767.0 -32767.0 -32767.0 -32767.0 -32767.0 -32767.0 -32767.0 -32767.0 -32767.0 -32767.0 -32767.0 -32767.0 -32767.0 -32767.0 -32767.0 -32767.0 -32767.0 -32767.0 -32767.0 -32767.0 -32767.0 -32767.0 -32767.0 -32767.0 -32767.0 -32767.0 -32767.0 -32767.0 -32767.0 -32767.0 -32767.0 -32767.0 -32767.0 -32767.0 -32767.0 -32767.0 -32767.0 -32767.0 -32767.0 33.24198 34.303337 34.142597 33.772297 33.52551 33.13277 32.820187 32.767235 32.743946 33.06442 33.49789 33.99647 34.13382 34.07413
-32767.0 -32767.0 -32767.0 -32767.0 -32767.0 -32767.0 -32767.0 -32767.0 -32767.0 -32767.0 -32767.0 -32767.0 -32767.0 -32767.0 -32767.0 -32767.0 -32767.0 -32767.0 -32767.0 -32767.0 -32767.0 -32767.0 -32767.0 -32767.0 -32767.0 -32767.0 -32767.0 -32767.0 -32767.0 -32767.0 -32767.0 -32767.0 -32767.0 -32767.0 -32767.0 -32767.0 -32767.0 -32767.0 -32767.0 -32767.0 -32767.0 -32767.0 -32767.0 -32767.0 -32767.0 -32767.0 -32767.0 33.473072 34.28452 33.97154 33.563217 33.414864 32.844894 32.986645 33.008995 33.69376 34.23098 34.00606 33.80158 34.121014 34.157837
-32767.0 -32767.0 -32767.0 -32767.0 -32767.0 -32767.0 -32767.0 -32767.0 -32767.0 -32767.0 -32767.0 -32767.0 -32767.0 -32767.0 -32767.0 -32767.0 -32767.0 -32767.0 -32767.0 -32767.0 -32767.0 -32767.0 -32767.0 -32767.0 -32767.0 -32767.0 -32767.0 -32767.0 -32767.0 -32767.0 -32767.0 -32767.0 -32767.0 -32767.0 -32767.0 -32767.0 -32767.0 -32767.0 -32767.0 -32767.0 -32767.0 -32767.0 -32767.0 -32767.0 -32767.0 31.119394 -32767.0 33.706364 34.14233 33.644276 33.407753 33.142296 32.792694 33.082203 33.48359 34.11274 34.002792 33.64178 33.94181 34.145473 34.19849
-32767.0 -32767.0 -32767.0 -32767.0 -32767.0 -32767.0 -32767.0 -32767.0 -32767.0 -32767.0 -32767.0 -32767.0 -32767.0 -32767.0 -32767.0 -32767.0 -32767.0 -32767.0 -32767.0 -32767.0 -32767.0 -32767.0 -32767.0 -32767.0 -32767.0 -32767.0 -32767.0 -32767.0 -32767.0 -32767.0 -32767.0 -32767.0 -32767.0 -32767.0 -32767.0 -32767.0 -32767.0 -32767.0 -32767.0 -32767.0 -32767.0 -32767.0 -32767.0 -32767.0 -32767.0 -32767.0 33.664448 34.027138 33.865437 33.2431 33.28184 32.282948 32.62388 32.749542 32.912003 33.43521 33.807728 33.844875 33.93398 34.165012 34.20864
-32767.0 -32767.0 -32767.0 -32767.0 -32767.0 -32767.0 -32767.0 -32767.0 -32767.0 -32767.0 -32767.0 -32767.0 -32767.0 -32767.0 -32767.0 -32767.0 -32767.0 -32767.0 -32767.0 -32767.0 -32767.0 -32767.0 -32767.0 -32767.0 -32767.0 -32767.0 -32767.0 -32767.0 -32767.0 -32767.0 -32767.0 -32767.0 -32767.0 -32767.0 -32767.0 -32767.0 -32767.0 -32767.0 -32767.0 -32767.0 -32767.0 -32767.0 -32767.0 -32767.0 33.18595 33.677338 33.949776 33.650135 33.335373 32.979744 32.54267 32.237732 -32767.0 -32767.0 -32767.0 -32767.0 33.35739 33.537354 33.962982 34.259323 34.2231
-32767.0 -32767.0 -32767.0 -32767.0 -32767.0 -32767.0 -32767.0 -32767.0 -32767.0 -32767.0 -32767.0 -32767.0 -32767.0 -32767.0 -32767.0 -32767.0 -32767.0 -32767.0 -32767.0 -32767.0 -32767.0 -32767.0 -32767.0 -32767.0 -32767.0 -32767.0 -32767.0 -32767.0 -32767.0 -32767.0 -32767.0 -32767.0 -32767.0 -32767.0 -32767.0 -32767.0 -32767.0 -32767.0 -32767.0 -32767.0 -32767.0 -32767.0 -32767.0 33.54553 33.80621 33.804832 32.56031 31.79651 32.841732 32.237083 32.411503 33.25608 -32767.0 -32767.0 -32767.0 -32767.0 33.590343 34.024742 34.001984 34.243275 34.252083
-32767.0 -32767.0 -32767.0 -32767.0 -32767.0 -32767.0 -32767.0 -32767.0 -32767.0 -32767.0 -32767.0 -32767.0 -32767.0 -32767.0 -32767.0 -32767.0 -32767.0 -32767.0 -32767.0 -32767.0 -32767.0 -32767.0 -32767.0 -32767.0 -32767.0 -32767.0 -32767.0 -32767.0 -32767.0 -32767.0 -32767.0 -32767.0 -32767.0 -32767.0 -32767.0 -32767.0 -32767.0 -32767.0 -32767.0 -32767.0 -32767.0 33.38054 33.124928 33.718403 33.526306 32.74199 31.81123 31.338856 32.036453 32.29135 33.038734 -32767.0 -32767.0 -32767.0 -32767.0 -32767.0 33.916748 34.17174 34.15269 34.329792 34.241066
-32767.0 -32767.0 -32767.0 -32767.0 -32767.0 -32767.0 -32767.0 -32767.0 -32767.0 -32767.0 -32767.0 -32767.0 -32767.0 -32767.0 -32767.0 -32767.0 -32767.0 -32767.0 -32767.0 -32767.0 -32767.0 -32767.0 -32767.0 -32767.0 -32767.0 -32767.0 -32767.0 -32767.0 -32767.0 -32767.0 -32767.0 -32767.0 -32767.0 -32767.0 -32767.0 -32767.0 -32767.0 -32767.0 -32767.0 -32767.0 -32767.0 33.49527 33.654194 33.614086 32.912247 31.792885 31.257864 32.22135 32.761826 33.57091 32.67383 -32767.0 -32767.0 -32767.0 -32767.0 33.838882 34.092712 34.213974 34.29726 34.345455 34.3115
-32767.0 -32767.0 -32767.0 -32767.0 -32767.0 -32767.0 -32767.0 -32767.0 -32767.0 -32767.0 -32767.0 -32767.0 -32767.0 -32767.0 -32767.0 -32767.0 -32767.0 -32767.0 -32767.0 -32767.0 -32767.0 -32767.0 -32767.0 -32767.0 -32767.0 -32767.0 -32767.0 -32767.0 -32767.0 -32767.0 -32767.0 -32767.0 -32767.0 -32767.0 -32767.0 -32767.0 -32767.0 -32767.0 -32767.0 33.253803 33.498768 33.690384 33.72077 32.833675 30.873638 30.896183 32.276283 33.738827 33.128452 32.395332 -32767.0 -32767.0 -32767.0 -32767.0 -32767.0 34.013325 34.17429 34.357628 34.46052 34.374756 34.29677
-32767.0 -32767.0 -32767.0 -32767.0 -32767.0 -32767.0 -32767.0 -32767.0 -32767.0 -32767.0 -32767.0 -32767.0 -32767.0 -32767.0 -32767.0 -32767.0 -32767.0 -32767.0 -32767.0 -32767.0 -32767.0 -32767.0 -32767.0 -32767.0 -32767.0 -32767.0 -32767.0 -32767.0 -32767.0 -32767.0 -32767.0 -32767.0 -32767.0 -32767.0 -32767.0 -32767.0 -32767.0 -32767.0 33.38781 33.681488 33.86977 33.557915 33.08763 31.518082 30.901152 31.012175 32.41386 33.371155 32.53444 32.348385 -32767.0 -32767.0 -32767.0 -32767.0 -32767.0 34.050964 34.245445 34.428837 34.43507 34.332733 34.272186
-32767.0 -32767.0 -32767.0 -32767.0 -32767.0 -32767.0 -32767.0 -32767.0 -32767.0 -32767.0 -32767.0 -32767.0 -32767.0 -32767.0 -32767.0 -32767.0 -32767.0 -32767.0 -32767.0 -32767.0 -32767.0 -32767.0 -32767.0 -32767.0 -32767.0 -32767.0 -32767.0 -32767.0 -32767.0 -32767.0 -32767.0 -32767.0 -32767.0 -32767.0 -32767.0 -32767.0 33.308777 33.76453 33.951183 33.804848 33.404415 32.83072 31.458023 31.521128 31.230312 32.453377 -32767.0 33.149628 32.30657 -32767.0 -32767.0 -32767.0 -32767.0 -32767.0 33.953346 34.08818 34.366425 34.410324 34.422863 34.347492 34.274204
-32767.0 -32767.0 -32767.0 -32767.0 -32767.0 -32767.0 -32767.0 -32767.0 -32767.0 -32767.0 -32767.0 -32767.0 -32767.0 -32767.0 -32767.0 -32767.0 -32767.0 -32767.0 -32767.0 -32767.0 -32767.0 -32767.0 -32767.0 -32767.0 -32767.0 -32767.0 -32767.0 -32767.0 -32767.0 -32767.0 -32767.0 -32767.0 -32767.0 -32767.0 -32767.0 33.442863 33.910477 33.8809 33.504368 33.245453 32.30612 31.587173 31.798103 32.20961 31.582638 32.962013 -32767.0 32.772446 32.518482 -32767.0 -32767.0 -32767.0 -32767.0 -32767.0 33.982956 34.090694 34.424118 34.40566 34.415066 34.400475 34.309
-32767.0 -32767.0 -32767.0 -32767.0 -32767.0 -32767.0 -32767.0 -32767.0 -32767.0 -32767.0 -32767.0 -32767.0 -32767.0 -32767.0 -32767.0 -32767.0 -32767.0 -32767.0 -32767.0 -32767.0 -32767.0 -32767.0 -32767.0 -32767.0 -32767.0 -32767.0 -32767.0 -32767.0 -32767.0 -32767.0 -32767.0 -32767.0 -32767.0 -32767.0 -32767.0 33.466858 33.5689 32.54342 31.615616 31.523876 31.699425 31.543938 32.586796 34.153862 34.56764 34.348827 32.801697 32.71343 31.63305 -32767.0 -32767.0 -32767.0 -32767.0 -32767.0 34.01427 34.19489 34.362713 34.408764 34.396282 34.394905 34.338066
-32767.0 -32767.0 -32767.0 -32767.0 -32767.0 -32767.0 -32767.0 -32767.0 -32767.0 -32767.0 -32767.0 -32767.0 -32767.0 -32767.0 -32767.0 -32767.0 -32767.0 -32767.0 -32767.0 -32767.0 -32767.0 -32767.0 -32767.0 -32767.0 -32767.0 -32767.0 -32767.0 24.446009 -32767.0 29.477465 -32767.0 31.42048 31.753464 32.466263 32.595924 32.3865 32.16658 31.279234 30.83353 30.515354 30.96843 32.44505 32.683266 33.46163 33.157074 32.77883 32.656162 32.88258 32.72411 -32767.0 -32767.0 -32767.0 -32767.0 33.912476 34.064034 34.163025 34.33784 34.34862 34.42061 34.31144 34.39832
-32767.0 -32767.0 -32767.0 -32767.0 -32767.0 -32767.0 -32767.0 -32767.0 -32767.0 -32767.0 -32767.0 -32767.0 -32767.0 -32767.0 -32767.0 -32767.0 -32767.0 -32767.0 -32767.0 -32767.0 -32767.0 -32767.0 -32767.0 9.918207 -32767.0 -32767.0 30.19878 29.84914 29.542358 29.711279 29.991676 30.092587 30.163235 30.469374 30.533617 30.48151 30.434145 30.513897 30.830223 31.023184 31.155344 31.630531 32.294277 32.61684 32.895107 33.06956 33.439697 33.626186 33.58366 30.529593 -32767.0 -32767.0 33.03393 33.909954 34.10759 34.313694 34.30759 34.330677 34.382114 34.24047 34.39403
-32767.0 -32767.0 -32767.0 -32767.0 -32767.0 -32767.0 -32767.0 -32767.0 -32767.0 -32767.0 -32767.0 -32767.0 -32767.0 -32767.0 -32767.0 -32767.0 -32767.0 -32767.0 -32767.0 -32767.0 -32767.0 -32767.0 -32767.0 12.452416 12.742983 23.708513 26.145882 26.262474 27.014835 27.73014 28.578308 29.270163 29.703163 30.234123 30.63014 30.808144 31.593714 32.390114 32.703915 32.86727 33.000687 33.01356 33.051476 33.323048 33.582706 33.638496 33.775433 33.83456 33.850353 33.799488 31.42035 -32767.0 33.41342 33.998886 34.22676 34.278786 34.26517 34.20788 34.26672 34.27954 34.341686
-32767.0 -32767.0 -32767.0 -32767.0 -32767.0 -32767.0 -32767.0 -32767.0 -32767.0 -32767.0 -32767.0 -32767.0 -32767.0 -32767.0 -32767.0 -32767.0 -32767.0 -32767.0 -32767.0 -32767.0 13.582211 19.246065 23.856066 27.85934 29.234217 -32767.0 30.305767 31.566252 32.21397 32.47373 32.645126 32.771317 32.880108 32.987324 32.98699 32.94155 32.94175 32.949543 32.974525 33.0257 33.185226 33.40381 33.50233 33.6382 33.87888 34.04083 34.0735 34.1064 34.128296 33.972744 32.92224 -32767.0 33.287964 33.816288 34.20006 34.198566 34.132885 34.200783 34.285473 34.47182 34.29653
-32767.0 -32767.0 32.586033 -32767.0 -32767.0 -32767.0 -32767.0 -32767.0 -32767.0 -32767.0 -32767.0 -32767.0 -32767.0 -32767.0 -32767.0 -32767.0 30.773235 -32767.0 30.114109 28.784815 30.29678 31.894352 31.819958 31.572922 31.773172 30.712765 32.247707 32.784508 32.916725 33.077965 33.2246 33.237633 33.19857 33.087166 33.008316 33.01154 33.022842 33.047302 33.103996 33.236805 33.367603 33.5215 33.868874 34.0878 34.113125 34.093624 34.09672 34.17524 34.19842 34.294876 33.95838 33.44864 33.58117 33.880703 34.080574 34.276737 34.304268 34.28492 34.29749 34.32497 34.30784
-32767.0 31.81148 31.9126 31.853333 31.71895 -32767.0 31.864391 31.91535 -32767.0 -32767.0 -32767.0 -32767.0 -32767.0 31.692673 32.03885 32.8445 33.26528 33.283367 33.193233 33.224297 33.18959 33.12877 33.305645 33.471416 33.426205 33.3505 33.2075 33.22538 33.471176 33.506725 33.456406 33.353848 33.280888 33.281204 33.262985 33.30673 33.32006 33.297764 33.311157 33.40685 33.573395 33.94119 34.131584 34.157467 34.145916 34.197014 34.255775 34.287544 34.25385 34.26575 34.324223 34.305477 34.298775 34.27127 34.295418 34.389126 34.34831 34.375202 34.30225 34.322224 34.460403
32.239006 32.799614 32.651337 32.398502 32.17339 32.228527 31.997501 31.882797 -32767.0 -32767.0 -32767.0 32.54777 33.13143 33.41736 33.390682 33.393806 33.403107 33.422234 33.43432 33.504272 33.565327 33.659073 33.62672 33.660347 33.540745 33.381565 33.64461 33.70984 33.526085 33.482384 33.408443 33.348606 33.392677 33.534336 33.69925 33.787735 33.77327 33.759357 33.741074 33.7901 34.0038 34.14591 34.180428 34.23974 34.237503 34.22256 34.22633 34.22177 34.156372 34.244045 34.324997 34.260025 34.310547 34.265 34.429253 34.44318 34.428036 34.41333 34.373642 34.424458 34.43034
32.961056 32.84487 32.790653 32.727104 32.621624 32.438854 32.256237 -32767.0 -32767.0 31.0824 -32767.0 33.61334 33.218098 33.155624 33.151543 33.196136 33.27963 33.491478 33.667313 33.79444 33.721523 33.657906 33.63528 33.65951 33.70792 33.727093 33.777115 33.57516 33.40181 33.35613 33.3416 33.49624 33.832584 34.036785 34.029316 33.913578 33.99851 34.032093 34.00557 34.061546 34.134197 34.07396 34.19113 34.226643 34.082355 34.155872 34.11959 34.186188 34.211594 34.251434 34.316677 34.297207 34.358345 34.40367 34.382984 34.381004 34.37735 34.40396 34.436237 34.408306 34.257828
32.80534 32.765774 32.733734 32.691776 32.622524 32.513187 32.409325 32.465267 -32767.0 -32767.0 32.841274 33.30762 33.02862 33.072292 33.120308 33.170395 33.420147 33.67775 33.705235 33.60062 33.50489 33.603107 33.616585 33.724915 33.811073 33.80526 33.731144 33.495518 33.347767 33.333416 33.515854 33.937225 34.051346 34.102493 34.06727 34.051384 34.03775 34.044197 34.099155 34.13597 33.785233 33.918545 34.127834 34.013683 34.057777 33.949623 33.980385 34.120876 34.18537 34.21561 34.185795 34.221443 34.282997 34.326675 34.281258 34.387623 34.43318 34.473984 34.448708 34.37525 34.361687
32.91968 32.83425 32.828857 32.816135 32.77153 32.64598 32.585594 32.545563 -32767.0 -32767.0 32.805157 32.81022 32.90145 33.057728 33.23691 33.347645 33.381195 33.403492 33.437695 33.49468 33.579075 33.71573 33.7102 33.82251 33.815918 33.770847 33.71082 33.444458 33.383835 33.531734 33.70568 33.954426 34.010277 34.056087 34.06325 34.104755 34.086575 34.11877 34.153954 34.064632 33.828568 33.948116 33.97783 33.987877 33.893654 33.918827 34.064495 34.13976 34.064724 34.19451 34.139 34.181416 34.21499 34.21779 34.20885 34.282898 -32767.0 34.404167 34.47331 34.396294 34.388515
33.106422 32.95601 32.966946 32.91731 32.870487 32.85685 32.801422 32.62464 32.636692 32.735004 32.747204 32.768944 32.824017 33.06261 33.537632 33.7524 33.764248 33.740295 33.740665 33.737114 33.74494 33.729355 33.804874 33.827354 33.818764 33.80159 33.754475 33.542686 33.609806 33.71797 33.886288 33.87662 33.93058 34.020325 34.08403 34.101093 34.133274 34.114536 34.196564 34.10083 33.964504 33.941624 33.974304 33.916718 33.938393 34.25375 33.96787 33.82424 33.849457 34.055046 34.038334 33.96767 34.087105 34.25876 34.192947 34.242954 34.250614 34.263657 34.511086 34.402126 34.39311
33.255287 33.170795 33.16881 33.101536 32.940483 32.91574 32.968872 32.991253 32.898457 -32767.0 -32767.0 -32767.0 33.028095 33.27859 33.784657 33.758274 33.71589 33.6702 33.667095 33.652424 33.67573 33.730545 33.836018 33.83946 33.831448 33.830994 33.748756 33.61372 33.6912 33.823734 33.84688 33.829697 33.812138 33.832275 33.954193 34.032238 34.10832 34.094887 34.16423 34.19671 33.999035 33.954105 33.94182 34.000435 34.29607 34.22984 33.843357 33.783848 33.696766 33.61155 33.799114 34.048267 33.810196 34.314075 34.18887 34.177425 34.236458 34.242855 34.310722 34.473164 34.357037
33.2652 33.272358 33.250717 33.09447 33.028656 -32767.0 -32767.0 -32767.0 -32767.0 -32767.0 -32767.0 -32767.0 33.49888 33.91383 33.710644 33.605976 33.605408 33.630535 33.634007 33.63819 33.683918 33.732937 33.821533 33.820126 33.782047 33.780544 33.670944 33.60901 33.80436 33.765743 33.833767 33.865772 33.8594 33.831795 33.807026 33.941998 34.091255 34.11273 34.123825 34.195667 34.277702 34.287518 34.307644 34.328854 34.336193 34.13321 33.830215 33.86099 33.63106 33.638916 33.729317 33.627724 33.60504 34.15224 34.190956 34.18579 34.214752 34.213 34.213024 34.334244 34.450195
33.196957 33.258858 33.13108 33.143604 33.363556 -32767.0 -32767.0 -32767.0 -32767.0 -32767.0 -32767.0 -32767.0 34.035496 33.59086 33.578243 33.6078 33.634766 33.66625 33.672768 33.71478 33.665134 33.66969 33.715687 33.722744 33.709812 33.678818 33.593304 33.601894 33.81037 33.766636 33.76073 33.79328 33.80639 33.809635 33.81914 33.8307 33.95488 34.073906 34.13083 34.15663 34.23627 34.313976 34.31261 34.295235 34.272747 34.053223 33.9397 33.921635 33.528294 33.6335 34.015743 34.110767 33.71719 33.66413 34.17088 34.193146 34.20292 34.258713 34.225414 34.22185 34.284252
33.212414 33.213078 33.38851 -32767.0 -32767.0 -32767.0 -32767.0 -32767.0 -32767.0 -32767.0 -32767.0 33.885864 33.53947 33.569237 33.60237 33.566387 33.56682 33.608105 33.649124 33.673683 33.69199 33.700962 33.707005 33.717045 33.659863 33.60722 33.57073 33.56216 33.730686 33.764973 33.72593 33.760704 33.746574 33.778164 33.80095 33.798595 33.82021 33.871643 33.976246 34.108395 34.21053 34.30757 34.322018 34.275276 34.230633 34.130875 34.094093 33.765636 33.45013 33.73435 33.847607 34.058792 34.0502 33.63183 34.14082 34.157246 34.173626 34.282887 34.263687 34.21126 34.222286
