static/data/salinity/2023/7/7/12.asc
ncols 137
nrows 93
xllcorner 108.0
yllcorner 17.0
cellsize 0.25
NODATA_value -32767
[rows 54 to 80 of 93, columns 61 to 121 of 137]
33.810265 33.961693 33.96786 33.977474 34.027412 34.095474 34.179012 34.25424 34.342667 34.25961 34.20176 34.116222 34.27832 34.347042 34.54127 34.53816 34.468224 34.4618 34.42005 34.40971 34.40739 34.26606 34.250896 34.254063 34.248833 34.38062 34.456326 34.56156 34.568653 34.553864 34.609245 34.588554 34.409878 34.201237 34.323036 34.446075 34.367252 34.32415 34.28168 34.262035 34.2884 34.3223 34.423637 34.588757 34.628296 34.643803 34.665176 34.651188 34.653732 34.690735 34.61446 34.675953 34.706966 34.677265 34.653187 34.489445 34.505024 34.57593 34.625584 34.59848 34.585682
33.80747 33.898983 33.96357 33.88593 33.951298 34.10251 34.15092 34.19606 34.216026 34.20124 34.205486 34.13024 34.330036 34.37939 34.55839 34.610043 34.626637 34.56076 -32767.0 34.49372 34.467373 34.318115 34.261616 34.257294 34.267567 34.321392 34.46271 34.54109 34.55618 34.54367 34.5881 34.59126 34.452705 34.23632 34.28856 34.43326 34.39612 34.322624 34.301414 34.32283 34.33444 34.35658 34.45174 34.593224 34.619194 34.62757 34.625027 34.626392 34.7 34.597267 34.707794 34.736874 34.753586 34.740723 34.672745 34.642334 34.562412 34.535656 34.559757 34.603096 34.621323
34.03931 34.05102 34.125816 34.175373 34.18728 34.178875 34.182884 34.190956 34.171738 34.154068 34.14819 34.155125 34.384632 34.422695 34.54838 34.622032 34.62523 34.653202 34.551456 34.55286 34.515354 34.477383 34.319527 34.29645 34.308186 34.304016 34.407696 34.504562 34.55467 34.51907 34.569107 34.67497 34.664715 34.423035 34.203037 34.349636 34.440742 34.385807 34.33452 34.328896 34.32116 34.3541 34.42591 34.518738 34.569508 34.581688 34.595184 34.65938 34.56269 34.665527 34.71912 34.715717 34.723335 34.76592 34.735756 34.676186 34.654476 34.63573 34.63889 34.64726 34.62745
34.16465 34.124058 34.133244 34.08379 34.071247 34.128536 34.1861 34.187607 34.139835 34.147762 34.15909 34.28346 34.415154 34.508698 34.600956 34.63018 34.644257 34.65812 34.664448 34.66953 34.673374 34.669186 34.61707 34.51471 34.36196 34.341484 34.32583 34.48625 34.514603 34.519726 34.561356 34.63229 34.736744 34.710526 34.471294 34.18539 34.296654 34.363617 34.35809 34.323704 34.30592 34.32729 34.46147 34.529167 34.55851 34.574947 34.620304 34.61903 34.624935 34.655445 34.724373 34.704823 34.736355 34.757675 34.760067 34.7185 34.700436 34.659092 34.696365 34.69579 34.596447
34.160324 34.18736 34.178265 34.202137 34.22928 34.231415 34.187702 34.202343 34.18574 34.17528 34.40315 34.504253 34.54595 34.645027 34.71049 34.71041 34.704353 34.702858 34.695984 34.71671 34.736366 34.724148 34.693626 34.656372 34.575287 34.47223 34.363415 34.491314 34.531124 34.535095 34.56647 34.583073 34.638096 34.666378 34.68967 34.51087 34.12348 34.22036 34.263878 34.306004 34.295723 34.28327 34.413242 34.5356 34.543068 34.544415 34.562027 34.583363 34.63402 34.63355 34.68562 34.706432 34.71478 34.730057 34.754044 34.73562 34.726505 34.673954 34.653027 34.667 34.641396
34.138916 34.13919 34.111576 34.161808 34.193768 34.17012 34.141384 34.19669 34.398098 34.57004 34.62471 34.686413 34.6843 34.688118 34.73615 34.772263 34.77235 34.75974 34.75066 34.713097 34.697483 34.691803 34.68137 34.670383 34.64021 34.546494 34.40094 34.51372 34.581482 34.54187 34.587177 34.62736 34.643063 34.634197 34.63977 34.644947 34.578014 34.28892 34.08841 34.159992 34.22488 34.25548 34.282955 34.400517 34.42883 34.440704 34.504265 34.48248 34.606888 34.645607 34.642834 34.650944 34.71803 34.700657 34.734074 34.741047 34.6703 34.55076 34.631893 34.62866 34.80285
34.137825 34.33834 34.27244 34.148636 34.29928 34.45108 34.495712 34.59612 34.646835 34.623154 34.692726 34.679626 34.645767 34.701515 34.760487 34.800327 34.77849 34.693073 34.66854 34.660255 34.660873 34.67106 34.669006 34.65965 34.639053 34.534294 34.419067 34.53663 34.595886 34.555428 34.596085 34.662663 34.664543 34.608852 34.549355 34.519352 34.55608 34.568764 34.575436 34.358704 34.059616 34.13879 34.185062 34.21479 34.228195 34.258682 34.31693 34.427853 34.58293 34.6589 34.64742 34.67123 34.618782 34.733635 34.662483 34.737946 34.70652 34.533 34.629025 34.60228 34.806873
34.130043 34.118546 34.13695 34.309875 34.32179 34.563507 34.638447 34.720486 34.70224 34.676323 34.65274 34.632076 34.62458 34.717888 34.769653 34.798096 34.689224 34.6668 34.650238 34.65051 34.658028 34.665638 34.665874 34.65241 34.625595 34.49815 34.43711 34.551384 34.623356 34.546257 34.58308 34.6662 34.633408 34.586746 34.516434 34.457153 34.42653 34.387337 34.373833 34.422695 34.48713 34.16745 34.068924 34.08346 34.123917 34.28547 34.4368 34.479954 34.610226 34.670193 34.647038 34.650562 34.654533 34.712994 34.706593 34.677338 34.69447 34.507046 34.59606 34.574055 34.706947
34.13387 34.102417 34.247383 34.241142 34.396957 34.586246 34.713543 34.72254 34.63969 34.537636 34.578144 34.616055 34.616646 34.719986 34.77227 34.769474 34.678463 34.663048 34.65044 34.656006 34.661278 34.66458 34.6578 34.64305 34.57861 34.455456 34.48294 34.582623 34.613728 34.5217 34.568462 34.650448 34.678883 34.64162 34.547073 34.59701 34.643932 34.56252 34.477894 34.370674 34.399006 34.48521 34.379555 34.33553 34.425037 34.551285 34.53364 34.548283 34.658375 34.69556 34.626526 34.656853 34.682056 34.709435 34.68428 34.63177 34.69867 34.48275 34.57238 34.566154 34.62045
34.21617 34.266624 34.39805 34.540634 34.573883 34.575516 34.618855 34.648373 34.550594 34.531006 34.592693 34.60813 34.612553 34.716587 34.769886 34.769814 34.675377 34.65892 34.662773 34.65832 34.658768 34.655193 34.641945 34.622513 34.515156 34.450367 34.52727 34.582317 34.508892 34.552937 34.589962 34.63508 34.63271 34.62951 34.56883 34.648937 34.60745 34.56411 34.43524 34.36333 34.37114 34.493805 34.49193 34.51521 34.567364 34.575428 34.5292 34.561306 34.679604 34.641792 34.617195 34.65557 34.84373 34.84448 34.76559 34.64958 34.678265 34.460884 34.517826 34.525414 34.807076
34.295883 34.44002 34.569157 34.56316 34.55378 34.542446 34.526062 34.508286 34.51649 34.58836 34.6019 34.590973 34.602764 34.698944 34.767475 34.778812 34.6711 34.65308 34.654 34.646088 34.645782 34.64617 34.633385 34.59515 34.4926 34.466602 34.52937 34.553566 34.53451 34.60288 34.617336 34.625137 34.633675 34.621365 34.612377 34.619488 34.570366 34.509865 34.459354 34.3998 34.46703 34.56009 34.576763 34.585823 34.545967 34.535366 34.512424 34.636585 34.69112 34.620636 34.614086 34.754707 34.86255 34.87486 34.769913 34.63808 34.579086 34.45173 34.514153 34.749306 35.00799
34.45146 34.57796 34.569405 34.562508 34.58023 34.526222 34.49905 34.53647 34.597164 34.5975 34.559048 34.5855 34.614975 34.688065 34.76984 34.779324 34.63892 34.64522 34.63858 34.622787 34.618855 34.618465 34.611904 34.578884 34.515873 34.4912 34.53692 34.491467 34.600063 34.601215 34.60996 34.64066 34.665127 34.63853 34.596405 34.617916 34.621056 34.57036 34.516407 34.485714 34.552464 34.55291 34.51254 34.525482 34.568584 34.547806 34.576824 34.68562 34.691296 34.616917 34.62767 34.780247 34.855164 34.849762 34.693108 34.679817 34.493694 34.48238 34.780407 34.99962 35.025402
34.487858 34.590645 34.590412 34.59494 34.57716 34.49836 34.512543 34.611347 34.58676 34.569927 34.572067 34.60201 34.638317 34.693382 34.76556 34.745865 34.60468 34.626606 34.63336 34.619293 34.590477 34.574696 34.56857 34.566578 34.541965 34.52447 34.533413 34.479897 34.62841 34.599518 34.664497 34.66727 34.660675 34.616417 34.58782 34.57471 34.553333 34.625694 34.571266 34.577404 34.583836 34.52465 34.55392 34.585884 34.57711 34.657116 34.690525 34.71189 34.67119 34.636173 34.628918 34.735806 34.83849 34.79666 34.686592 34.620975 34.516136 34.784492 34.954636 34.98673 35.024773
34.435562 34.59694 34.601624 34.58827 34.544575 34.470814 34.604343 34.60213 34.57647 34.571697 34.58454 34.598587 34.625862 34.698097 34.759174 34.701458 34.597923 34.572205 34.562687 34.578007 34.595535 34.5927 34.576466 34.541576 34.530853 34.529938 34.49554 34.505314 34.642803 34.632572 34.683193 34.685944 34.666824 34.67605 34.696255 34.67338 34.623272 34.567577 34.654064 34.610245 34.524582 34.516766 34.617336 34.70329 34.692562 34.723793 34.73619 34.691826 34.65191 34.634296 34.635303 34.662415 34.783146 34.750763 34.643627 34.525036 34.76124 34.86386 34.960987 35.033226 35.082718
34.346462 34.556847 34.583363 34.54134 34.48638 34.498375 34.627613 34.60493 34.573734 34.578037 34.591984 34.59543 34.61781 34.689907 34.744 34.68549 34.548813 34.483616 34.491356 34.489803 34.53571 34.588604 34.577854 34.549583 34.50539 34.493156 34.488262 34.562595 34.64895 34.665478 34.687748 34.685688 34.734104 34.728134 34.697754 34.680313 34.646927 34.63957 34.589134 34.65733 34.61791 34.473534 34.656925 34.736607 34.751972 34.71725 34.710373 34.687645 34.673286 34.636864 34.63739 34.624073 34.7456 34.6734 34.584206 34.620514 34.715374 34.818855 34.912895 35.031956 35.11522
34.32543 34.472908 34.535233 34.53605 34.44254 34.538147 34.64914 34.60619 34.6038 34.610252 34.615147 34.60407 34.625256 34.683235 34.73145 34.699627 34.54458 34.523582 34.523495 34.543377 34.53034 34.518394 34.529747 34.53294 34.53258 34.5481 34.606804 34.667137 34.661385 34.71419 34.69677 34.664894 34.719154 34.69217 34.66475 34.65493 34.642773 34.63755 34.618656 34.619614 34.651028 34.607986 34.561947 34.606445 34.648846 34.656944 34.63682 34.636566 34.662914 34.669807 34.641735 34.61791 34.659573 34.686573 34.572964 34.726337 34.680176 34.734066 34.812553 34.892197 34.98949
34.35808 34.480793 34.52718 34.4208 34.366646 34.51837 34.64792 34.6044 34.61148 34.625095 34.637703 34.618523 34.63959 34.687496 34.72952 34.712482 34.60326 34.539635 34.5456 34.60103 34.645233 34.65373 34.66846 34.69759 34.71364 34.71603 34.702187 34.68697 34.72849 34.73254 34.69538 34.6758 34.70878 34.671932 34.72009 34.687305 34.680172 34.64447 34.63922 34.623737 34.632797 34.66183 34.650272 34.64238 34.624283 34.607735 34.592487 34.594738 34.619705 34.64553 34.63775 34.631054 34.62189 34.65223 34.58917 34.74823 34.660885 34.715218 34.723476 34.779022 34.82697
34.408745 34.530952 34.407276 34.309864 34.348045 34.522453 34.608154 34.59513 34.63023 34.653023 34.65256 34.63617 34.66595 34.69676 34.731113 34.690956 34.63503 34.603672 34.59181 34.647324 34.72203 34.727386 34.770847 34.7773 34.746895 34.670506 34.65346 34.66578 34.754642 34.764095 34.747276 34.707775 34.706444 34.672962 34.689507 34.67803 34.683285 34.64214 34.634876 34.633095 34.61654 34.626778 34.640854 34.63062 34.59209 34.577015 34.573395 34.56324 34.563725 34.601307 34.623657 34.61224 34.608917 34.631325 34.62774 34.771408 34.716827 34.779648 34.87022 34.93657 34.924595
34.429897 34.470284 34.33711 34.2852 34.446865 34.591488 34.59644 34.59408 34.691536 34.674088 34.66103 34.66875 34.687828 34.701443 34.725533 34.653366 34.64411 34.6266 34.62748 34.71183 34.733727 34.764477 34.7853 34.79851 34.796967 34.78526 34.77072 34.783894 34.77464 34.75996 34.745693 34.735046 34.729454 34.71558 34.6892 34.6988 34.688145 34.63637 34.632584 34.6325 34.613342 34.637325 34.670406 34.647083 34.58388 34.575268 34.53422 34.521988 34.531597 34.559258 34.576126 34.6021 34.616173 34.63759 34.68016 34.817936 34.7917 34.875286 34.91492 34.96164 35.042053
34.33248 34.432682 34.26041 34.365467 34.53764 34.54672 34.588295 34.60865 34.71541 34.683575 34.67239 34.70464 34.69649 34.700157 34.71117 34.643017 34.653038 34.66522 34.708794 34.755768 34.73693 34.737534 34.752907 34.78874 34.789673 34.780937 34.767147 34.75816 34.752735 34.73664 34.72282 34.702908 34.69163 34.68901 34.67306 34.651176 34.624557 34.605198 34.596024 34.61742 34.62272 34.672028 34.71203 34.68487 34.574963 34.559086 34.512753 34.52833 34.545567 34.566235 34.602768 34.626167 34.642776 34.673187 34.716835 34.82882 34.878315 34.86838 34.838078 34.820824 34.81932
34.234013 34.262398 34.22012 34.419235 34.500282 34.507698 34.572803 34.625034 34.715984 34.69424 34.68967 34.703213 34.70017 34.69955 34.7016 34.647198 34.67177 34.707382 34.746227 34.75341 34.777603 34.767193 34.760277 34.759987 34.766266 34.767303 34.755924 34.719986 34.664787 34.622234 34.612373 34.607937 34.55872 34.50011 34.468727 34.45158 34.446213 34.4699 34.562626 34.592953 34.624176 34.68252 34.72731 34.71603 34.56878 34.550808 34.56041 34.59937 34.62358 34.639156 34.647274 34.653805 34.658623 34.66166 34.679134 34.70916 34.74078 34.76605 34.766148 34.78296 34.791275
34.287575 34.18866 34.37241 34.45112 34.466194 34.48681 34.583473 34.657368 34.718475 34.702103 34.69866 34.686947 34.70052 34.699947 34.70415 34.649265 34.668335 34.729958 34.748634 34.769573 34.769814 34.752132 34.720627 34.690826 34.680958 34.670597 34.683586 34.660416 34.61848 34.545773 34.524815 34.519077 34.47755 34.439735 34.428818 34.457035 34.49272 34.495426 34.462322 34.570824 34.617237 34.66929 34.714363 34.721405 34.56689 34.552868 34.585606 34.624386 34.630116 34.627934 34.639935 34.68288 34.71675 34.719807 34.705738 34.68932 34.689842 34.727844 34.754864 34.7754 34.78919
34.217613 34.39849 34.358913 34.38277 34.479584 34.57206 34.643482 34.708893 34.716606 34.709656 34.701157 34.675533 34.69554 34.705044 34.70952 34.655846 34.651566 34.723038 34.759815 34.763752 34.752724 34.68109 34.61006 34.59785 34.646812 34.680573 34.655457 34.533173 34.43439 34.520668 34.615253 34.66114 34.692593 34.712788 34.70601 34.680454 34.66015 34.620907 34.51683 34.535515 34.590874 34.652866 34.70879 34.71283 34.57439 34.564484 34.575 34.633045 34.639587 34.649986 34.65224 34.640095 34.6228 34.608337 34.643303 34.689995 34.7264 34.747795 34.763077 34.77933 34.784637
34.36246 34.376945 34.370506 34.483147 34.54602 34.611916 34.662037 34.69037 34.70888 34.718967 34.704655 34.71585 34.72829 34.72179 34.70558 34.664295 34.656994 34.72593 34.7496 34.74351 34.730495 34.74928 34.679646 34.631275 34.656868 34.624752 34.440136 34.45712 34.704372 34.74226 34.614895 34.63124 34.698685 34.729977 34.71973 34.72087 34.71938 34.66811 34.59394 34.50583 34.559566 34.638916 34.694427 34.67906 34.57843 34.57446 34.54565 34.616875 34.600323 34.61161 34.633194 34.633945 34.681866 34.726505 34.733795 34.731052 34.736053 34.74543 34.7563 34.768833 34.789192
34.417576 34.384705 34.393524 34.564835 34.50136 34.667995 34.58889 34.60907 34.709023 34.726494 34.71056 34.714222 34.72273 34.67907 34.691704 34.655968 34.668125 34.737843 34.702606 34.70198 34.736153 34.76909 34.666527 34.678875 34.590633 34.444366 34.456818 34.789215 34.718147 34.603912 34.57237 34.567085 34.57336 34.570496 34.570816 34.592754 34.64613 34.678905 34.632435 34.517002 34.536583 34.59714 34.645546 34.613403 34.573 34.58487 34.54565 34.590744 34.626694 34.70416 34.694237 34.710007 34.753986 34.728596 34.699215 34.66823 34.511955 34.331978 34.279327 34.25204 34.248688
34.40923 34.37364 34.387356 34.478664 34.461388 34.677223 34.571793 34.63763 34.7226 34.70645 34.69969 34.70417 34.71441 34.63219 34.62046 34.664623 34.634792 34.651844 34.6395 34.668514 34.715763 34.690178 34.641155 34.635334 34.465897 34.423325 34.68468 34.762756 34.64022 34.629738 34.60994 34.608677 34.60401 34.580395 34.567097 34.54334 34.54109 34.648228 34.6191 34.53955 34.52342 34.55107 34.556175 34.5738 34.552204 34.594627 34.57362 34.66275 34.705765 34.706646 34.731163 34.76849 34.69135 34.67837 34.48676 34.34303 34.41615 34.490635 34.45377 34.306633 34.30464
34.383835 34.367878 34.388283 34.402557 34.375202 34.664158 34.58227 34.664276 34.72049 34.742004 34.730373 34.70517 34.641155 34.58521 34.556316 34.591713 34.59881 34.610657 34.63901 34.693314 34.6582 34.63814 34.68369 34.562992 34.399124 34.50809 34.725216 34.70032 34.656143 34.573803 34.56581 34.558075 34.567513 34.568855 34.559303 34.556553 34.54455 34.591213 34.59208 34.53249 34.51523 34.524376 34.539906 34.560715 34.569763 34.65955 34.68421 34.73768 34.768936 34.773674 34.73458 34.668533 34.593113 34.411655 34.417843 34.52258 34.635887 34.633305 34.34284 34.35408 34.3489
