static/data/salinity/2023/7/7/18.asc
ncols 137
nrows 93
xllcorner 108.0
yllcorner 17.0
cellsize 0.25
NODATA_value -32767
[rows 27 to 53 of 93, columns 61 to 121 of 137]
29.39201 29.948437 30.089607 30.038557 30.02892 30.310318 30.803205 31.1603 31.521498 31.889338 32.308647 32.47515 -32767.0 -32767.0 32.29813 32.48023 32.719654 33.087273 33.04844 32.914112 32.84151 32.87399 33.029636 33.669003 33.83964 -32767.0 -32767.0 -32767.0 -32767.0 -32767.0 -32767.0 -32767.0 -32767.0 -32767.0 32.078133 32.630936 32.69973 -32767.0 -32767.0 -32767.0 32.64514 33.254074 33.810493 33.413177 32.360023 32.42875 33.38523 33.680405 33.344498 33.86001 34.17944 34.184864 34.009495 33.910904 33.874435 33.888443 34.091087 34.334827 34.451958 34.36184 34.351826
29.639091 29.527647 29.469007 29.547182 29.326647 29.382044 29.983395 30.405815 31.363935 32.122776 32.33889 32.448906 32.436584 32.492153 32.52083 32.768288 32.896324 33.112896 32.68627 32.822636 32.806873 32.970318 33.282333 -32767.0 33.840736 33.455532 -32767.0 -32767.0 27.585463 -32767.0 -32767.0 -32767.0 -32767.0 -32767.0 -32767.0 32.691467 32.852016 -32767.0 -32767.0 32.99452 33.72826 33.92521 33.924747 33.99569 33.92711 33.92744 33.88878 33.98843 33.759872 33.988415 34.214622 34.09276 33.98103 34.011925 33.886177 33.724422 33.74409 34.03842 34.305805 34.44662 34.39508
29.946724 29.088312 29.097672 29.125721 29.4739 29.902596 30.318007 30.66057 31.45163 32.22706 32.48854 32.745365 32.906048 33.018787 33.00516 33.04304 33.101727 32.627003 32.622093 33.204124 33.15785 33.07374 -32767.0 33.92602 33.828964 33.81378 33.06301 32.29145 -32767.0 28.61663 -32767.0 -32767.0 -32767.0 -32767.0 -32767.0 33.456066 33.693394 34.112316 33.50894 33.797016 33.854134 33.826477 33.816856 33.85703 33.902863 33.922565 33.934174 33.882378 34.1052 33.640278 34.103233 34.093296 33.953087 34.03671 33.973186 33.751328 33.662395 33.628174 33.98284 34.23001 34.323647
30.234655 29.393934 29.118855 30.647636 30.543745 30.811152 31.544203 31.776657 32.04712 32.587246 32.81183 32.85366 32.98905 32.86729 32.776 32.70592 32.588715 32.37078 32.319107 32.459152 33.532887 33.318375 33.511337 33.635296 33.68494 33.824615 33.867664 32.31801 29.645279 29.104927 -32767.0 -32767.0 -32767.0 -32767.0 33.408672 34.08583 34.17744 34.26941 33.9135 33.863323 33.83377 33.809494 33.830288 33.871704 33.90089 33.94011 33.949673 33.940517 33.876976 33.884644 33.926567 33.935818 33.853245 33.928844 34.080612 33.92154 33.84319 33.709152 33.675632 34.13504 34.246666
30.33248 30.057932 29.991913 30.558392 31.475422 32.48569 32.548553 32.53084 32.75774 32.94401 32.917755 32.924637 32.95948 32.70076 32.512817 32.7419 32.676052 32.606068 32.777283 33.175034 32.97685 33.769585 33.81023 33.83075 33.740875 33.731987 33.749615 32.553238 31.23013 30.11718 -32767.0 -32767.0 -32767.0 -32767.0 33.780693 34.05152 34.104298 34.168594 33.85954 33.772556 33.705173 33.772102 33.86178 33.94347 33.970337 33.938873 33.90846 33.954617 33.938137 34.115433 33.631226 33.91616 33.775364 33.873188 34.085114 33.951077 33.89026 33.91505 33.624897 33.830044 34.268024
27.422558 27.047358 29.811783 30.677969 31.416899 32.2202 32.89577 33.162685 33.164555 33.174683 33.069305 32.860573 32.834126 32.89504 32.774876 32.786148 32.80096 32.76648 32.884624 33.44788 33.52045 33.453873 33.53434 33.56486 33.67934 33.732815 33.696716 33.361988 -32767.0 -32767.0 -32767.0 -32767.0 -32767.0 33.368896 34.069942 33.991535 34.00757 34.10347 34.054134 34.014893 34.00336 33.98212 34.06548 34.133987 34.08149 34.08497 34.041077 33.936848 34.007355 33.96815 33.774315 33.798893 33.690598 33.988903 33.931263 33.895275 33.913303 33.923626 33.679996 33.775066 34.250225
27.09457 27.129156 27.132107 27.819717 29.302807 30.474401 31.407461 33.17156 33.36168 33.347183 33.230095 32.910725 32.735523 32.802525 32.857162 32.833252 32.830795 32.888374 32.948784 33.296524 33.377144 33.097107 33.05436 33.449974 33.553204 33.712223 33.768597 33.56502 -32767.0 -32767.0 -32767.0 -32767.0 -32767.0 33.486454 33.780647 33.90654 34.0108 34.05244 34.134434 34.18638 34.162506 34.210415 34.208824 34.051716 34.03643 34.020473 34.098118 33.970314 33.989285 33.92649 33.904667 33.716255 33.676537 33.944427 33.968754 33.90567 33.77793 33.821823 33.597115 33.926163 34.29658
29.068865 28.569868 29.230583 28.739197 29.36693 29.87602 31.2636 32.746758 33.158043 33.01499 32.813095 32.58614 32.660656 32.785545 32.852966 32.885754 32.729656 32.764217 32.74881 32.342716 32.04574 32.277546 32.45041 33.255802 33.598457 33.682777 33.771805 33.585636 33.04702 -32767.0 32.93882 -32767.0 -32767.0 33.62646 33.885357 33.889076 34.02263 34.100048 34.145607 34.159687 34.143295 34.167717 34.107433 34.025986 34.049362 34.02695 34.04623 33.971844 34.041058 33.923695 33.902332 33.7353 33.675392 34.013515 34.106388 33.788177 33.790195 33.622093 33.85778 34.279964 34.32399
31.636492 31.76461 31.707047 31.911274 32.016323 30.637362 31.75507 32.56349 32.944256 33.092407 32.78718 32.56208 32.474133 32.710022 32.826492 32.85852 32.863636 32.405327 31.897005 32.143406 32.54629 33.274372 33.299324 33.5905 33.619957 33.726513 33.74877 33.610813 33.3134 33.385387 32.80674 -32767.0 33.580387 33.728096 33.950405 34.002575 33.972404 33.988976 33.984512 33.89481 34.12986 34.11393 34.02444 34.010193 34.043514 34.080402 33.91209 34.01678 33.991783 33.931202 33.764977 33.804337 33.655193 33.93252 33.91632 33.72184 33.62691 33.719543 34.27572 34.355278 34.307655
30.479635 31.888485 32.140747 31.675055 31.77878 32.04328 31.849627 32.613976 32.92662 32.88089 32.668915 32.573902 32.496483 32.694733 32.810734 32.84947 32.41759 31.749367 32.256172 33.084133 33.603054 33.70034 33.598698 33.634975 33.659218 33.694138 33.699886 33.67364 33.613213 33.582314 -32767.0 33.742928 33.68292 33.76216 33.93429 33.819393 33.979954 34.00742 33.94773 33.833252 34.093884 34.03716 33.980644 34.053833 34.057713 34.024174 34.038517 33.94282 34.010975 33.949913 33.617973 33.84653 33.750626 33.67588 33.630592 33.705364 33.556744 34.086845 34.336246 34.336132 34.224167
32.07907 32.400387 32.36132 32.454536 32.308037 32.189026 31.87243 32.430824 32.72993 32.75063 32.68884 32.632587 32.633633 32.721226 32.703445 32.487656 31.888565 31.676188 32.33326 33.37246 33.651066 33.8003 33.682682 33.596745 33.550556 33.6369 33.764153 33.8972 33.923306 34.019775 34.034695 34.081882 33.99735 34.03912 33.7716 34.02278 33.986015 33.97724 33.980732 33.942345 34.091686 34.024746 33.971405 34.062008 34.07265 34.040173 34.076168 33.879875 33.992973 33.967476 33.542114 33.873863 33.85886 33.712746 33.85276 33.56446 33.792595 34.26889 34.276924 34.323524 34.17811
32.447388 33.44802 33.420372 33.128876 33.086555 32.902256 32.085106 32.02909 32.560272 32.619534 32.637814 32.77638 32.541664 32.374348 32.195198 32.044617 31.878119 31.760088 31.584934 32.923775 33.426796 33.695026 33.850746 33.731625 33.791363 33.583126 33.292038 33.387375 -32767.0 33.73396 33.812412 -32767.0 34.158234 33.809177 33.875313 34.0731 34.047203 33.842445 33.93977 34.068424 34.00103 33.991325 34.026745 34.06464 34.094906 34.052402 34.085842 33.939266 33.926575 33.983387 33.52163 33.814247 33.903748 33.88969 33.693153 33.568096 34.144276 34.250263 34.315674 34.25686 34.20632
32.384346 33.56471 33.800858 33.72303 33.53974 33.216476 33.024048 31.894602 32.21294 32.565044 32.620777 32.47894 32.28406 32.13049 31.997944 31.966043 31.976973 31.932175 31.944122 31.92895 32.13144 33.06687 33.14161 33.088943 32.924614 32.92663 32.65862 32.657413 32.88487 -32767.0 33.822487 34.024876 33.81747 33.80941 34.07001 34.1548 34.170303 34.035095 34.078884 33.942944 34.00528 33.986668 34.08669 34.09384 34.1027 34.100517 34.111805 34.00534 33.948975 33.93746 33.51203 33.71608 33.769497 33.687828 33.63201 33.98879 34.256554 34.24912 34.34007 34.2183 34.302544
30.916445 33.456627 33.92261 33.925385 33.811512 33.767166 33.49581 32.85827 32.177372 32.251907 32.399433 32.41465 32.510822 32.521885 32.417973 32.43391 32.364174 32.31036 32.736885 33.314396 33.67775 33.496395 32.666447 32.59305 32.9252 32.82883 32.50778 33.615627 33.375095 33.44177 33.561264 33.733715 33.936016 34.12928 34.154617 34.17839 34.139088 34.107285 34.094746 33.994576 33.99957 34.023064 34.114487 34.11271 34.075466 34.128906 34.111515 34.1053 34.00458 33.918915 33.61563 33.59563 33.682312 33.64758 33.77861 34.250103 34.221596 34.305088 34.29542 34.330383 34.430996
33.753742 33.870106 33.92331 33.994503 33.881016 33.770138 33.77527 33.542156 33.184666 33.074913 33.07028 33.090305 33.14558 33.073544 32.9858 32.76414 32.641644 33.09678 33.940296 34.127563 34.14909 34.201633 34.257355 34.201622 33.75075 33.532536 33.949917 33.988 33.83157 34.057007 34.10434 34.108414 34.148666 34.188393 34.170197 34.0872 34.057266 34.062893 34.08128 34.090965 33.94819 34.013885 34.1106 34.119484 34.104416 34.11499 34.163414 34.07774 33.98086 34.100597 34.076473 33.64693 33.58853 33.891247 34.276577 34.2351 34.25992 34.350792 34.32447 34.49319 34.48791
34.03127 34.049095 34.124672 34.0605 33.99415 33.96953 33.847694 33.747807 33.73013 33.531322 33.363514 33.272137 33.286346 33.226685 32.996773 32.83431 33.417843 33.997395 34.049953 34.268806 34.33801 34.34626 34.32872 34.3145 34.323338 34.279522 34.247513 34.2495 34.25675 34.22815 34.141193 34.152412 34.230816 34.13594 34.075222 34.020645 33.974785 33.95431 33.98589 34.093315 34.113533 33.962646 34.04835 34.08423 34.10851 34.12375 34.101696 34.13488 34.156067 34.035374 34.159885 34.199062 34.202652 34.304222 34.21155 34.25198 34.39283 34.29616 34.51552 34.455833 34.426434
34.19986 34.1355 34.158455 34.10215 34.000004 33.935947 33.85453 33.77023 33.67297 33.58005 33.33574 33.28071 33.24015 33.1333 33.097576 33.514122 33.97557 34.016186 34.245636 34.37275 34.35788 34.327724 34.33379 34.330906 34.325344 34.318817 34.291904 34.277832 34.306923 34.30558 34.351734 34.292477 34.252926 34.0792 34.00842 33.998272 34.00111 34.024483 34.04295 34.013405 34.02854 34.126297 34.046867 34.054058 34.094505 34.120186 34.13773 34.135754 34.099518 34.162987 34.22705 34.27906 34.279945 34.186375 34.303226 34.465897 34.30164 34.534084 34.45102 34.41408 34.41492
34.16226 34.242657 34.184814 34.062885 33.959854 33.889355 33.832638 33.80279 33.60032 33.392544 33.3042 33.20549 33.144096 33.332825 33.646343 33.908157 34.027035 34.11023 34.37807 34.37011 34.327763 34.316887 34.320812 34.30644 34.301838 34.244427 34.210957 34.220688 34.30661 34.324375 34.325775 34.25362 34.2118 34.062183 34.044323 34.080887 34.13844 34.173748 34.196365 34.185535 34.12491 34.07183 34.102978 34.111458 34.110523 34.143513 34.128872 34.145615 34.104115 34.08726 34.125957 34.185078 34.17057 34.32084 34.501694 34.31925 34.484905 34.457355 34.404846 34.36332 34.382004
34.2749 34.20219 34.098072 33.944016 33.90412 33.86578 33.81475 33.78329 33.62207 33.474407 33.425293 33.39041 33.542976 33.891174 33.985844 34.061142 34.02595 34.262512 34.41683 34.344406 34.337414 34.356285 34.378273 34.3469 34.333515 34.31295 34.25146 34.223053 34.265213 34.24222 34.26333 34.24644 34.110123 34.188503 34.31393 34.371624 34.359127 34.33446 34.311604 34.295513 34.2681 34.21793 34.15174 34.118977 34.10952 34.122868 34.142487 34.10774 34.09927 34.11772 34.14399 34.13703 34.39346 34.517067 34.30502 34.487755 34.496857 34.43721 34.419697 34.39067 34.44605
34.161312 33.957703 34.032803 33.956936 33.991375 33.872932 33.79537 33.725353 33.609627 33.745655 33.81614 33.654446 33.870876 34.011395 34.041245 34.008442 34.089542 34.395973 34.403954 34.329636 34.291256 34.295765 34.300045 34.27736 34.268818 34.28148 34.189247 34.193558 34.20761 34.234436 34.14588 34.20813 34.388752 34.428436 34.41899 34.41292 34.393806 34.34841 34.295174 34.254303 34.20431 34.22932 34.233925 34.194542 34.157513 34.141582 34.123623 34.138042 34.14776 34.226543 34.341297 34.44398 34.50164 34.349037 34.565384 34.54772 34.437073 34.45974 34.44665 34.445293 34.493713
34.038372 33.892647 33.85406 34.055702 34.009003 33.873055 33.79176 33.750813 33.731365 33.90585 33.97012 33.897453 33.930004 34.02807 33.985172 33.996574 34.295784 34.436726 34.401566 34.331882 34.194614 34.25426 34.19823 34.193954 -32767.0 34.196167 34.16759 34.16705 34.176514 34.217625 34.325363 34.42951 34.501587 34.52313 34.505646 34.4572 34.39677 34.343376 34.30744 34.32747 34.263424 34.17253 34.162228 34.20801 34.18694 34.132217 34.126953 34.30632 34.27813 34.348377 34.47718 34.524467 34.354176 34.503265 34.564114 34.53217 34.4281 34.455006 34.473156 34.497635 34.48971
33.942257 33.779938 33.76306 33.99516 34.03377 34.12771 33.794296 33.796547 33.795536 33.83622 33.88967 33.999718 33.984455 33.876076 34.008095 34.299503 34.382465 34.42134 34.41976 34.34587 34.281273 34.22263 34.19882 34.2013 34.28047 34.16685 34.16649 34.20405 34.240425 34.335876 34.488358 34.588627 34.60622 34.521736 34.427387 34.34337 34.273144 34.208878 34.174023 34.19096 34.313793 34.256184 34.169224 34.17532 34.151104 34.107662 34.262333 34.209053 34.252712 34.314396 34.32715 34.31916 34.390736 34.50199 34.558178 34.520744 34.434666 34.49382 34.49768 34.49323 34.48105
33.80242 33.715393 33.716553 33.82495 34.004734 34.091892 33.92711 33.759045 33.766815 33.797127 33.835876 33.853714 33.86504 34.12512 34.299114 34.33178 34.37148 34.43595 34.437523 34.35669 34.347363 34.241848 34.209793 -32767.0 34.161953 34.19537 34.25643 34.268723 34.334866 34.544167 34.6655 34.639267 34.564754 34.440536 34.31562 34.24281 34.28845 34.334038 34.29126 34.245285 34.31824 34.286797 34.138268 34.13925 34.1094 34.24183 34.188053 34.320152 34.35364 34.398716 34.446136 34.514297 34.55999 34.566174 34.57435 34.54243 34.36829 34.386547 34.403214 34.4026 34.409554
33.686035 33.638016 33.65105 33.990704 34.056545 34.010605 33.98475 33.97389 33.81369 33.74901 33.81492 33.90987 34.257282 34.176605 34.24199 34.355976 34.416435 34.47359 34.441753 34.34819 34.361053 34.240738 34.190617 34.23889 34.250065 34.263542 34.27169 34.34341 34.53064 34.617863 34.643917 34.63366 34.506977 34.33989 34.23271 34.356194 34.41083 34.401367 34.366203 34.294548 34.31702 34.23913 34.084824 34.10422 34.21834 34.23764 34.402836 34.479218 34.526924 34.562447 34.589474 34.618244 34.6196 34.558304 34.57623 34.546524 34.33012 34.421963 34.438194 34.43313 34.49496
33.685642 33.619625 33.82749 34.043888 34.06548 33.90934 33.837727 33.901123 33.836754 33.838673 33.948074 34.239883 34.19032 34.167572 34.306488 34.392273 34.531548 34.542824 34.44287 34.19432 34.310352 34.218765 34.194534 34.25321 34.235962 34.274887 34.34139 34.476925 34.58379 34.594185 34.619747 34.62017 34.416393 34.256374 34.281567 34.42574 34.361507 34.379448 34.340916 34.318024 34.2904 34.14091 34.102806 34.200203 34.258034 34.391853 34.562634 34.614925 34.62257 34.615593 34.61136 34.61871 34.632267 34.574432 34.548088 34.500343 34.405186 34.462517 34.486332 34.45482 34.49879
33.795776 33.670345 33.72971 33.933716 33.918118 33.842056 33.7992 33.852165 33.84446 33.940838 34.270535 34.149372 34.205204 34.246437 34.356422 34.52874 34.52452 34.52928 34.435997 34.30945 34.196663 34.2269 34.180798 34.218967 34.239704 34.34485 34.412838 34.491142 34.566467 34.583656 34.620678 34.60085 34.35724 34.208744 34.355083 34.410805 34.345276 34.3246 34.31045 34.336483 34.25437 34.11226 34.211197 34.277588 34.473236 34.61457 34.63382 34.663803 34.681347 34.679703 34.65542 34.63675 34.620144 34.60991 34.52727 34.449066 34.452393 34.589764 34.576283 34.54416 34.5199
33.99334 33.90688 33.789425 33.885395 34.03457 34.042675 34.03677 34.167885 34.285614 34.352386 34.232944 34.12512 34.213135 34.32033 34.437183 34.552444 34.4515 34.466385 34.4734 34.423428 -32767.0 34.23529 34.18365 34.21537 34.251995 34.37675 34.447624 34.51627 34.572742 34.56522 34.61654 34.588413 34.35174 34.20264 34.375793 34.41416 34.382614 34.363464 34.34923 34.259365 34.153744 34.21996 34.30291 34.48048 34.615532 34.646683 34.71763 34.69112 34.672085 34.68904 34.65753 34.631798 34.641895 34.639507 34.520226 34.50077 34.49206 34.622177 34.611427 34.567223 34.5281
