static/data/precipitation/2023/7/6/0.asc
ncols 137
nrows 93
xllcorner 108.0
yllcorner 17.0
cellsize 0.25
NODATA_value -32767
[rows 48 to 71 of 93, columns 54 to 107 of 137]
0.0 0.0 0.0 0.0 0.0 0.0 0.0 0.0 0.0 0.0 0.0 0.0016567240760691215 0.0016567240760691215 0.0005522413586908637 0.0005522413586908637 0.0005522413586908637 0.0 0.0 0.0011044827173782579 0.013253792608542564 0.05743310130368676 0.17009033847629682 0.25955343858395996 0.2783296447793973 0.35177774548507057 0.349568780050314 0.25955343858395996 0.1110005130965444 0.024850861141019476 0.016567240760677338 0.016014999401989943 0.12701551249853435 0.13585137423756388 0.035895688314802054 0.207642750867168 0.03700017103218031 0.023194137064950354 0.028716550651841644 0.04362706733645333 0.12259758162902132 0.12701551249853435 0.1800306829327046 0.16125447673727075 0.08007499700994625 0.0077313790216512746 0.006626896304273017 0.013253792608542564 0.01988068891281558 0.03147775744528902 0.0392091364669403 0.15959775266120163 0.16622464896547118 0.17837395885663548 0.207642750867168
0.0 0.0 0.0 0.0 0.0 0.0 0.0 0.0 0.0 0.0 0.0 0.0 0.0 0.0 0.0 0.0 0.0 0.0011044827173782579 0.02264189570625949 0.0469405154885881 0.11486620260737004 0.23138912929080574 0.291031196029249 0.16014999401988902 0.1386125810310078 0.19438895825862543 0.11817965075950482 0.028716550651841644 0.0044179308695130315 0.0 0.0 0.006626896304273017 0.06240327353188718 0.005522413586894759 0.05798534266237415 0.007179137662960411 0.008835861739029532 0.008835861739029532 0.011044827173786048 0.0342389642387364 0.035895688314802054 0.055776377227617635 0.04252258461907507 0.023194137064950354 0.0011044827173782579 0.0005522413586908637 0.004970172228203895 0.0044179308695130315 0.004970172228203895 0.006626896304273017 0.04362706733645333 0.04638827412990071 0.07068689391222932 0.05743310130368676
0.0 0.0 0.0 0.0 0.0 0.0 0.0 0.0 0.0 0.0 0.0 0.0 0.0 0.0 0.0 0.0 0.010492585815095185 0.02540310249970687 0.014910516684611685 0.02816430929315425 0.07289585934698584 0.06626896304271282 0.04141810190169681 0.038656895108249434 0.03810465374956204 0.06516448032533456 0.054119653151548514 0.008835861739029532 0.0016567240760691215 0.0 0.0 0.0 0.0 0.0 0.0005522413586908637 0.0005522413586908637 0.0016567240760691215 0.0016567240760691215 0.0016567240760691215 0.0005522413586908637 0.0005522413586908637 0.0005522413586908637 0.0005522413586908637 0.0005522413586908637 0.0 0.0 0.0 0.0 0.0 0.0 0.0005522413586908637 0.0171194821193682 0.0469405154885881 0.051910687716792
0.0 0.0 0.0 0.0 0.0 0.0 0.0 0.0 0.0 0.0 0.0 0.0 0.0 0.0 0.0 0.0 0.010492585815095185 0.014910516684611685 0.0033134481521347736 0.008835861739029532 0.008835861739029532 0.0022089654347565157 0.0022089654347565157 0.0044179308695130315 0.012149309891164306 0.01270155124985517 0.006626896304273017 0.006626896304273017 0.0005522413586908637 0.0 0.0 0.0 0.0 0.0 0.0 0.0 0.0 0.0 0.0 0.0 0.0 0.0 0.0 0.0 0.0 0.0 0.0 0.0 0.0 0.0 0.0011044827173782579 0.014910516684611685 0.04362706733645333 0.0469405154885881
0.0 0.0 0.0 0.0 0.0 0.0 0.0 0.0 0.0 0.0 0.0 0.0 0.0 0.0 0.0 0.0 0.0 0.0 0.0 0.0 0.0 0.0 0.0 0.0 0.0 0.0 0.0 0.0 0.0 0.0 0.0 0.0 0.0 0.0 0.0 0.0 0.0 0.0 0.0 0.0 0.0 0.0 0.0 0.0 0.0 0.0 0.0 0.0 0.0005522413586908637 0.0011044827173782579 0.012149309891164306 0.025955343858397734 0.048597239564657224 0.04970172228203548
0.0 0.0 0.0 0.0 0.0 0.0 0.0 0.0 0.0005522413586908637 0.0005522413586908637 0.0 0.0 0.0 0.0 0.0 0.0 0.0 0.0 0.0 0.0 0.0 0.0 0.0 0.0 0.0 0.0 0.0 0.0 0.0 0.0 0.0 0.0 0.0 0.0 0.0 0.0 0.0 0.0 0.0 0.0 0.0 0.0 0.0 0.0 0.0005522413586908637 0.0005522413586908637 0.0022089654347565157 0.0022089654347565157 0.012149309891164306 0.01546275804329908 0.03202999880397989 0.04638827412990071 0.07123913527091671 0.05964206673844327
0.0 0.0 0.0 0.0 0.0 0.0 0.0 0.0 0.0011044827173782579 0.0005522413586908637 0.0 0.0 0.0 0.0 0.0 0.0 0.0 0.0 0.0 0.0 0.0 0.0 0.0 0.0 0.0 0.0 0.0 0.0 0.0 0.0 0.0 0.0 0.0 0.0 0.0 0.0 0.0 0.0 0.0 0.0 0.0 0.0 0.0 0.0016567240760691215 0.0022089654347565157 0.010492585815095185 0.01270155124985517 0.014910516684611685 0.03644792967349292 0.043074825977762465 0.03810465374956204 0.04362706733645333 0.04362706733645333 0.038656895108249434
0.0 0.0 0.0 0.0 0.0 0.0011044827173782579 0.0011044827173782579 0.0016567240760691215 0.0005522413586908637 0.0 0.0 0.0 0.0 0.0 0.0 0.0 0.0 0.0 0.0 0.0 0.0 0.0 0.0 0.0 0.0 0.0 0.0 0.0 0.0 0.0 0.0 0.0 0.0 0.0 0.0 0.0 0.0 0.0 0.0 0.0 0.0005522413586908637 0.0016567240760691215 0.0016567240760691215 0.007179137662960411 0.027612067934463386 0.04086586054300595 0.04252258461907507 0.040313619184318555 0.040313619184318555 0.05080620499941374 0.04197034326038421 0.025955343858397734 0.020432930271502975 0.017671723478055595
0.0 0.0 0.0 0.0 0.0 0.0016567240760691215 0.010492585815095185 0.009388103097716927 0.0027612067934473794 0.0 0.0 0.0 0.0 0.0 0.0 0.0 0.0 0.0 0.0 0.0 0.0 0.0 0.0 0.0 0.0 0.0 0.0 0.0 0.0 0.0 0.0 0.0 0.0 0.0 0.0 0.0 0.0 0.0 0.0016567240760691215 0.0016567240760691215 0.0016567240760691215 0.0044179308695130315 0.005522413586894759 0.0298210333692199 0.0342389642387364 0.038656895108249434 0.037552412390871176 0.025955343858397734 0.023194137064950354 0.10271689271620574 0.07841827293387713 0.0298210333692199 0.006074654945582153 0.01988068891281558
0.0 0.0 0.0 0.0 0.0 0.0016567240760691215 0.0016567240760691215 0.0016567240760691215 0.0 0.0 0.0 0.0 0.0 0.0 0.0 0.0 0.0 0.0 0.0 0.0 0.0 0.0 0.0 0.0 0.0 0.0 0.0 0.0 0.0 0.0 0.0 0.0 0.0 0.0 0.0 0.0 0.0 0.0016567240760691215 0.012149309891164306 0.01546275804329908 0.019328447554124717 0.026507585217085128 0.0817317210860119 0.0640599976079563 0.06792568711878194 0.05356741179286112 0.04141810190169681 0.040313619184318555 0.02374637842363775 0.051358446358104604 0.033134481521358145 0.011597068532473442 0.014358275325920822 0.024850861141019476
0.0 0.0 0.0 0.0 0.0 0.0 0.0 0.0 0.0 0.0 0.0 0.0 0.0 0.0 0.0 0.0005522413586908637 0.0011044827173782579 0.0016567240760691215 0.0044179308695130315 0.0027612067934473794 0.0011044827173782579 0.0005522413586908637 0.0 0.0 0.0 0.0 0.0 0.0 0.0 0.0 0.0 0.0 0.0005522413586908637 0.0011044827173782579 0.0016567240760691215 0.0022089654347565157 0.0016567240760691215 0.0022089654347565157 0.017671723478055595 0.02374637842363775 0.023194137064950354 0.01546275804329908 0.030373274727910765 0.02264189570625949 0.04252258461907507 0.03368672288004554 0.01988068891281558 0.011044827173786048 0.011597068532473442 0.025955343858397734 0.02264189570625949 0.033134481521358145 0.04141810190169681 0.04528379141252245
0.0 0.0 0.0 0.0 0.0 0.0 0.0 0.0 0.0 0.0 0.0 0.0 0.0 0.0 0.0022089654347565157 0.010492585815095185 0.04362706733645333 0.05080620499941374 0.15297085635692861 0.05632861858630503 0.03700017103218031 0.004970172228203895 0.0005522413586908637 0.0 0.0 0.0 0.0 0.0 0.0005522413586908637 0.0005522413586908637 0.0016567240760691215 0.0022089654347565157 0.0022089654347565157 0.0022089654347565157 0.0027612067934473794 0.004970172228203895 0.0077313790216512746 0.011597068532473442 0.0044179308695130315 0.01546275804329908 0.021537412988881233 0.011597068532473442 0.01546275804329908 0.011044827173786048 0.022089654347572096 0.027612067934463386 0.01822396483674646 0.012149309891164306 0.013806033967233428 0.03147775744528902 0.047492756847278966 0.05798534266237415 0.05356741179286112 0.04197034326038421
0.0 0.0 0.0 0.0 0.0 0.0 0.0 0.0 0.0 0.0 0.0 0.0 0.0 0.0005522413586908637 0.054119653151548514 0.07510482478174235 0.10050792728144922 0.11320947853130092 0.19438895825862543 0.13750809831362953 0.05080620499941374 0.01822396483674646 0.0011044827173782579 0.0 0.0 0.0005522413586908637 0.0005522413586908637 0.0005522413586908637 0.0011044827173782579 0.0022089654347565157 0.0027612067934473794 0.0027612067934473794 0.0016567240760691215 0.0016567240760691215 0.0016567240760691215 0.0027612067934473794 0.005522413586894759 0.018776206195437323 0.012149309891164306 0.00994034445640779 0.01546275804329908 0.021537412988881233 0.024298619782328612 0.017671723478055595 0.014358275325920822 0.01988068891281558 0.024850861141019476 0.021537412988881233 0.019328447554124717 0.05743310130368676 0.07179137662960758 0.038656895108249434 0.0298210333692199 0.019328447554124717
0.0 0.0 0.0 0.0 0.0 0.0 0.0 0.0 0.0 0.0 0.0 0.0 0.0005522413586908637 0.011597068532473442 0.14413499461790255 0.16512016624809292 0.1380603396723204 0.14634396005265907 0.13253792608542564 0.1855530965195959 0.08504516923815014 0.01822396483674646 0.0011044827173782579 0.0 0.0 0.0011044827173782579 0.0011044827173782579 0.0011044827173782579 0.0022089654347565157 0.0027612067934473794 0.0033134481521347736 0.0016567240760691215 0.0011044827173782579 0.0005522413586908637 0.0 0.0 0.0016567240760691215 0.013806033967233428 0.016014999401989943 0.013806033967233428 0.016014999401989943 0.025955343858397734 0.024850861141019476 0.019328447554124717 0.01546275804329908 0.0171194821193682 0.022089654347572096 0.03644792967349292 0.04804499820596636 0.08394068652077188 0.05743310130368676 0.023194137064950354 0.008283620380338669 0.0022089654347565157
0.0 0.0016567240760691215 0.0016567240760691215 0.0 0.0 0.0 0.0 0.0 0.0 0.0 0.0016567240760691215 0.0022089654347565157 0.016567240760677338 0.045836032771209845 0.15683654586775425 0.17064257983498768 0.1502096495634847 0.14468723597658995 0.11486620260737004 0.1607022353785799 0.07179137662960758 0.005522413586894759 0.0005522413586908637 0.0 0.0 0.0005522413586908637 0.0005522413586908637 0.0027612067934473794 0.004970172228203895 0.0022089654347565157 0.0022089654347565157 0.0011044827173782579 0.0005522413586908637 0.0 0.0 0.0 0.0005522413586908637 0.0033134481521347736 0.008835861739029532 0.008835861739029532 0.011597068532473442 0.01546275804329908 0.013253792608542564 0.013806033967233428 0.012149309891164306 0.013806033967233428 0.03368672288004554 0.050253963640722876 0.10658258222703137 0.08559741059683754 0.04086586054300595 0.012149309891164306 0.0 0.0005522413586908637
0.0 0.0038656895108256373 0.0016567240760691215 0.0 0.0 0.0 0.0 0.0 0.0 0.0044179308695130315 0.0077313790216512746 0.011044827173786048 0.04638827412990071 0.06737344576009108 0.0938810309771762 0.11486620260737004 0.11707516804212656 0.10879154766178789 0.13640361559625128 0.054119653151548514 0.013806033967233428 0.0044179308695130315 0.0011044827173782579 0.0 0.0 0.0 0.0011044827173782579 0.0027612067934473794 0.0027612067934473794 0.0011044827173782579 0.0011044827173782579 0.0 0.0 0.0 0.0 0.0 0.0 0.0011044827173782579 0.0011044827173782579 0.0011044827173782579 0.0016567240760691215 0.0044179308695130315 0.0044179308695130315 0.006626896304273017 0.008283620380338669 0.022089654347572096 0.04141810190169681 0.08559741059683754 0.15186637363955036 0.08283620380339016 0.027612067934463386 0.0016567240760691215 0.0005522413586908637 0.0011044827173782579
0.2126129230953719 0.0 0.0 0.0 0.0 0.0 0.0 0.0 0.0011044827173782579 0.006074654945582153 0.011044827173786048 0.016014999401989943 0.029268792010532507 0.02705982657577599 0.061298790814508924 0.07731379021649887 0.07841827293387713 0.07510482478174235 0.038656895108249434 0.024298619782328612 0.011044827173786048 0.0027612067934473794 0.0005522413586908637 0.0 0.0 0.0 0.0011044827173782579 0.0011044827173782579 0.0005522413586908637 0.0 0.0 0.0 0.0 0.0 0.0 0.0 0.0 0.0 0.0 0.0011044827173782579 0.0016567240760691215 0.0022089654347565157 0.0033134481521347736 0.0033134481521347736 0.024298619782328612 0.054119653151548514 0.10658258222703137 0.18831430331304327 0.12867223657460347 0.025955343858397734 0.0016567240760691215 0.0027612067934473794 0.0033134481521347736 0.018776206195437323
2.103487335247456 0.3324492979309458 0.0016567240760691215 0.0011044827173782579 0.0005522413586908637 0.0011044827173782579 0.0 0.0 0.0005522413586908637 0.0016567240760691215 0.0038656895108256373 0.008283620380338669 0.01546275804329908 0.02264189570625949 0.03976137782562769 0.05080620499941374 0.06019430809713067 0.06295551489057805 0.024850861141019476 0.017671723478055595 0.008835861739029532 0.0027612067934473794 0.0005522413586908637 0.0 0.0 0.0016567240760691215 0.0038656895108256373 0.005522413586894759 0.0044179308695130315 0.0 0.0 0.0 0.0 0.0 0.0 0.0 0.0 0.0 0.0 0.0016567240760691215 0.0027612067934473794 0.0033134481521347736 0.005522413586894759 0.03258224016266728 0.10768706494440963 0.162358959454649 0.1678813730415403 0.1209408575529522 0.02540310249970687 0.006626896304273017 0.0022089654347565157 0.012149309891164306 0.025955343858397734 0.054119653151548514
6.877061639757563 1.2546923669420376 0.0016567240760691215 0.0016567240760691215 0.0 0.0 0.0 0.0 0.0 0.0005522413586908637 0.0016567240760691215 0.0044179308695130315 0.0171194821193682 0.021537412988881233 0.029268792010532507 0.03368672288004554 0.03258224016266728 0.027612067934463386 0.021537412988881233 0.008835861739029532 0.0027612067934473794 0.0011044827173782579 0.0 0.0011044827173782579 0.0011044827173782579 0.0033134481521347736 0.0016567240760691215 0.0038656895108256373 0.006074654945582153 0.0038656895108256373 0.0011044827173782579 0.0 0.0 0.0 0.0 0.0 0.0 0.0 0.0005522413586908637 0.0027612067934473794 0.008283620380338669 0.01546275804329908 0.033134481521358145 0.07510482478174235 0.09222430690111055 0.09498551369455446 0.08780637603159405 0.05356741179286112 0.03368672288004554 0.01546275804329908 0.030373274727910765 0.06185103217319979 0.12977671929198173 0.207642750867168
1.753918555197142 1.256901332376794 0.0005522413586908637 0.0005522413586908637 0.0 0.0 0.0 0.0 0.0005522413586908637 0.0011044827173782579 0.0077313790216512746 0.019328447554124717 0.019328447554124717 0.01270155124985517 0.018776206195437323 0.016014999401989943 0.01270155124985517 0.00994034445640779 0.006074654945582153 0.0016567240760691215 0.0016567240760691215 0.0 0.0 0.0 0.004970172228203895 0.0033134481521347736 0.0016567240760691215 0.0011044827173782579 0.0016567240760691215 0.0011044827173782579 0.0 0.0 0.0 0.0016567240760691215 0.0027612067934473794 0.0022089654347565157 0.0011044827173782579 0.0011044827173782579 0.004970172228203895 0.014910516684611685 0.022089654347572096 0.04362706733645333 0.13088120200936 0.08891085874897231 0.1281199952159126 0.13143344336804738 0.10492585815096225 0.07234361798829497 0.17064257983498768 0.23304585336687486 0.26286688673609476 0.311464126300752 0.35950912450671835 0.31312085037682114
0.005522413586894759 0.0 0.0 0.0 0.0 0.0 0.0 0.0005522413586908637 0.0033134481521347736 0.0027612067934473794 0.008283620380338669 0.01270155124985517 0.00994034445640779 0.008283620380338669 0.0077313790216512746 0.006074654945582153 0.0038656895108256373 0.0016567240760691215 0.0005522413586908637 0.0005522413586908637 0.0 0.0 0.0 0.0 0.0022089654347565157 0.0044179308695130315 0.00994034445640779 0.008283620380338669 0.0033134481521347736 0.0005522413586908637 0.0033134481521347736 0.0016567240760691215 0.0022089654347565157 0.0016567240760691215 0.0016567240760691215 0.0011044827173782579 0.0011044827173782579 0.0022089654347565157 0.019328447554124717 0.0298210333692199 0.026507585217085128 0.038656895108249434 0.1032691340748966 0.09553775505324533 0.14468723597658995 0.1850008551609085 0.1629112008133364 0.2253144743452236 0.3943003301041456 0.5191068771679199 0.401479467767106 0.4141810190169577 0.28771774787711424 0.2220010261930888
0.0 0.0 0.0 0.0 0.0 0.0022089654347565157 0.005522413586894759 0.0038656895108256373 0.004970172228203895 0.0044179308695130315 0.0016567240760691215 0.004970172228203895 0.0027612067934473794 0.0033134481521347736 0.0033134481521347736 0.0022089654347565157 0.0011044827173782579 0.0005522413586908637 0.0 0.0 0.0 0.0 0.0005522413586908637 0.006626896304273017 0.008835861739029532 0.0044179308695130315 0.008835861739029532 0.021537412988881233 0.019328447554124717 0.012149309891164306 0.010492585815095185 0.006626896304273017 0.004970172228203895 0.0038656895108256373 0.0044179308695130315 0.0016567240760691215 0.011044827173786048 0.02264189570625949 0.024850861141019476 0.03092551608659816 0.02098517163019384 0.010492585815095185 0.04970172228203548 0.08946310010766317 0.2253144743452236 0.2247622329865362 0.25292654227969047 0.30925516086599547 0.4451065351035559 0.539539807439423 0.4274348116255003 0.2987625750509003 0.13419465016149476 0.0861496519555284
0.0 0.0 0.0 0.0 0.0 0.0011044827173782579 0.006074654945582153 0.008283620380338669 0.0033134481521347736 0.0011044827173782579 0.0005522413586908637 0.0011044827173782579 0.0005522413586908637 0.0005522413586908637 0.0005522413586908637 0.0005522413586908637 0.0 0.0 0.0 0.0 0.0 0.0005522413586908637 0.0016567240760691215 0.011044827173786048 0.024850861141019476 0.016567240760677338 0.02816430929315425 0.02374637842363775 0.02705982657577599 0.02705982657577599 0.019328447554124717 0.012149309891164306 0.006074654945582153 0.006626896304273017 0.0038656895108256373 0.0027612067934473794 0.03258224016266728 0.04970172228203548 0.016567240760677338 0.016567240760677338 0.005522413586894759 0.018776206195437323 0.040313619184318555 0.14634396005265907 0.2821953342902195 0.21206068173668102 0.27225498983381513 0.3501210214090014 0.3506732627676923 0.35730015907196183 0.38656895108249434 0.30207602320303506 0.05246292907548286 0.02374637842363775
0.0 0.0 0.0 0.0 0.0005522413586908637 0.0016567240760691215 0.0016567240760691215 0.006626896304273017 0.0005522413586908637 0.0005522413586908637 0.0 0.0 0.0 0.0 0.0 0.0 0.0 0.0005522413586908637 0.0 0.0 0.0005522413586908637 0.0038656895108256373 0.004970172228203895 0.014358275325920822 0.028716550651841644 0.029268792010532507 0.04197034326038421 0.021537412988881233 0.025955343858397734 0.026507585217085128 0.0298210333692199 0.02264189570625949 0.01546275804329908 0.014358275325920822 0.006626896304273017 0.025955343858397734 0.055776377227617635 0.05522413586892677 0.00994034445640779 0.006626896304273017 0.01822396483674646 0.0347912055974238 0.09553775505324533 0.20322481999765496 0.29710585097483116 0.1971501650520728 0.27943412749677554 0.3291358497788076 0.31312085037682114 0.2418817151059044 0.27998636885546296 0.311464126300752 0.04528379141252245 0.022089654347572096
