static/data/precipitation/2023/7/6/18.asc
ncols 137
nrows 93
xllcorner 108.0
yllcorner 17.0
cellsize 0.25
NODATA_value -32767
[rows 24 to 47 of 93, columns 0 to 52 of 137]
0.0 0.0 0.0 0.0 0.0 0.0005522413586908637 0.0005522413586908637 0.0 0.0 0.0 0.0 0.0 0.0 0.0 0.0 0.0 0.0 0.0 0.0 0.0 0.0 0.0 0.0 0.0 0.0 0.0 0.0 0.0 0.0 0.0 0.0 0.0 0.0 0.0 0.0 0.0 0.0 0.0 0.0005522413586908637 0.0016567240760691215 0.02264189570625949 0.14468723597658995 0.15352309771561948 0.29379240282269636 0.33024033249618934 0.38656895108249434 0.23249361200818747 0.19107551010649065 0.12646327113984349 0.08062723836863364 0.19107551010649065 0.21868757804095404 0.5235248080374331
0.0 0.0 0.0 0.0 0.0 0.0005522413586908637 0.0005522413586908637 0.0 0.0 0.0 0.0 0.0 0.0 0.0 0.0 0.0 0.0 0.0 0.0 0.0 0.0 0.0 0.0 0.0 0.0 0.0 0.0 0.0 0.0 0.0 0.0 0.0 0.0005522413586908637 0.0005522413586908637 0.0005522413586908637 0.0005522413586908637 0.0005522413586908637 0.0022089654347565157 0.0027612067934473794 0.01822396483674646 0.22144878483440142 0.3457030905394884 0.7460780755892127 0.9829896184669131 1.028825651238123 1.1282290958021939 0.9730492740105054 0.6869882502094603 0.5483756691784525 0.3081506781486172 0.4125242949408886 0.44013636287535546 1.7671723478056844
0.0 0.0 0.0 0.0 0.0 0.0005522413586908637 0.0005522413586908637 0.0005522413586908637 0.0005522413586908637 0.0005522413586908637 0.0 0.0 0.0 0.0 0.0 0.0 0.0 0.0 0.0 0.0 0.0 0.0 0.0 0.0 0.0 0.0 0.0 0.0 0.0022089654347565157 0.0022089654347565157 0.011597068532473442 0.024850861141019476 0.02540310249970687 0.02540310249970687 0.024850861141019476 0.02540310249970687 0.030373274727910765 0.03258224016266728 0.10658258222703137 0.15959775266120163 0.48707687836394353 1.0752139253680237 1.4838725307980867 2.454160598015145 2.5187728369817917 2.5519073185031482 1.6213806291117163 1.3789466726471244 1.229841505801018 1.0663780636289941 1.2800954694417443 3.106909883985872 5.20045687477692
0.0 0.0 0.0 0.0 0.0 0.0011044827173782579 0.0016567240760691215 0.0011044827173782579 0.0016567240760691215 0.0011044827173782579 0.0 0.0 0.0 0.0 0.0 0.0 0.0 0.0 0.0 0.0 0.0 0.0005522413586908637 0.0022089654347565157 0.0022089654347565157 0.030373274727910765 0.030373274727910765 0.030373274727910765 0.051910687716792 0.05467189451023938 0.38546446836511605 0.4688529135271971 0.49756946417903875 0.24353843918197005 0.2446429218993483 0.24740412869279568 0.25513550771444693 0.2650758521708547 0.3236134361919163 0.42080791532123074 0.9111982418373056 1.3993796029186274 2.238786468126329 2.945655407248603 4.409095007775185 4.606797414185947 3.7834055483802356 2.601609040785184 1.6986944193282152 1.6727390754698208 2.328249568233992 3.9971229541929856 6.158595632102814 7.004077152256097
0.0 0.0 0.0 0.0 0.0 0.0016567240760691215 0.0027612067934473794 0.0 0.0 0.0 0.0 0.0 0.0 0.0 0.0 0.0 0.0 0.0 0.0005522413586908637 0.0005522413586908637 0.25789671450789087 0.26176240401871653 0.2683893003229895 0.23525481880163138 0.28606102380104514 0.2424339564645918 0.2871655065184234 0.3324492979309458 0.442345328310112 0.8813772084680858 2.2757866391585093 2.2056519866049706 1.610888043296621 1.3872302930274631 1.4032452924294532 1.439693222102946 1.4860814962328432 1.5656042518840987 1.7737992441099575 3.4426726300689507 4.2445270828857815 4.483647591198238 4.633857240761722 4.496349142448092 4.356079837341015 3.823719167564552 3.210731259419456 2.5668178351877584 1.9830987190531946 1.953829927042662 2.9677450615961734 3.857958131803287 4.302512425548155
0.0 0.0 0.0 0.0 0.0 0.0 0.0 0.0 0.0 0.0 0.0 0.0 0.0 0.0 0.0 0.0 0.0 0.0 0.0027612067934473794 0.02264189570625949 0.48265894749442706 3.1129845389314523 1.8411726898700485 1.854426482478591 2.29014491448443 1.143691853845493 1.1762740940081604 1.1967070242796634 1.2767820212896095 1.574992354981819 2.2912493972018084 3.9927050233234707 5.186098599450998 6.127117874657527 6.644015786390688 6.68101595742287 6.57498561655453 6.3231635569922195 5.8924152972145825 5.423562383687387 4.648215516087642 4.262751047722528 4.003197609138568 3.460344353547008 3.187537122354506 2.690519899534156 2.1890847458442932 1.6953809711760803 1.18290099031243 0.7228839385242624 0.4384796387992863 0.24519516325803917 0.22918016385604922
0.004970172228203895 0.0044179308695130315 0.0016567240760691215 0.0005522413586908637 0.0 0.0 0.0 0.0 0.0 0.0 0.0 0.0 0.0 0.0 0.0 0.0 0.0 0.0016567240760691215 0.017671723478055595 0.2915834373879399 1.1044827173785527 3.547046246861224 5.285502044015068 5.323606697764629 4.4781251776113455 3.043402127736605 2.6137583506763464 3.6337481401754417 4.675275342663418 6.312118729818433 7.532019891163046 6.378387692861146 4.679141032174242 4.15395950006074 3.1853281569197494 2.9108642016511777 2.8595057552930747 2.8584012725756964 2.7048781748600788 2.55080283578577 2.414951461548208 2.133308368616676 2.0018749252486283 1.7644111410122405 1.7329333835669516 1.6020521815575914 1.2226623681380575 0.7814215225453274 0.25347878363837784 0.1281199952159126 0.0982989618466927 0.027612067934463386 0.0298210333692199
0.0044179308695130315 0.0016567240760691215 0.0016567240760691215 0.0011044827173782579 0.0005522413586908637 0.0005522413586908637 0.0005522413586908637 0.0016567240760691215 0.0 0.0 0.0 0.0 0.0 0.0 0.0 0.0005522413586908637 0.0016567240760691215 0.03534344695611466 0.10879154766178789 0.36447929673492224 0.972497032651818 3.2074178112673195 5.508055311566847 5.822832886019735 4.713932237771666 2.113979921062551 2.747953000837841 4.541632933860613 4.601275000599054 3.8005250304996037 3.3802693565370636 2.6606988661649362 1.4308573603639165 1.3325583985172238 0.920586344935026 1.058646684607343 0.9504073783042459 0.9238997930871607 0.9366013443370125 0.8543173818923098 0.9404670338478381 0.9796761703147784 0.8659144504247867 0.6897494570029077 0.6278984248297079 0.4887336024400092 0.38822567515856343 0.08780637603159405 0.025955343858397734 0.023194137064950354 0.0022089654347565157 0.0022089654347565157 0.0022089654347565157
0.0022089654347565157 0.0016567240760691215 0.0011044827173782579 0.0005522413586908637 0.0005522413586908637 0.0005522413586908637 0.0016567240760691215 0.0016567240760691215 0.0 0.0 0.0 0.03976137782562769 0.2672848176056113 0.2634191280947856 0.3931958473867639 0.4550468795599637 0.08449292787945928 0.012149309891164306 0.11873189211819568 0.2855087824423577 0.8195261762948859 1.6915152816652548 1.8014113120444208 2.5325788709490236 3.3681200466458994 1.4010363269946966 1.537992183949635 1.5269473567758491 1.4612306350918272 1.3463644324844573 0.9018101387395887 0.498673946896417 0.8432725547185271 0.857078588685757 0.15186637363955036 0.2319413706494966 0.19162775146517805 0.1927322341825563 0.19549344097600369 0.22862792249736183 0.23138912929080574 0.27998636885546296 0.2634191280947856 0.14910516684610645 0.12038861619426133 0.11486620260737004 0.01822396483674646 0.01822396483674646 0.0 0.0 0.0 0.0 0.0
0.0016567240760691215 0.0005522413586908637 0.0033134481521347736 0.023194137064950354 0.016567240760677338 0.010492585815095185 0.014358275325920822 0.0016567240760691215 0.0011044827173782579 0.0005522413586908637 0.0011044827173782579 0.04086586054300595 0.2026725786389641 0.19935913048682932 0.33024033249618934 0.3418374010286628 0.06295551489057805 0.0016567240760691215 0.012149309891164306 0.17947844157401374 0.6969285946658681 0.5881370470040802 0.4981217055377296 0.5384353247220447 1.2530356428659684 0.7560184200456205 0.6113311840690305 0.5793011852650507 0.5456144623850051 0.4417930869514211 0.7880484188495969 0.7416601447196997 1.0459451333574912 0.5478234278197616 0.024298619782328612 0.019328447554124717 0.01546275804329908 0.016014999401989943 0.017671723478055595 0.053015170434170256 0.0298210333692199 0.02816430929315425 0.012149309891164306 0.0038656895108256373 0.0011044827173782579 0.0 0.0 0.0 0.0 0.0 0.0 0.0 0.0
0.0 0.0 0.0027612067934473794 0.025955343858397734 0.024850861141019476 0.018776206195437323 0.024850861141019476 0.013253792608542564 0.010492585815095185 0.008283620380338669 0.008835861739029532 0.040313619184318555 0.011597068532473442 0.008835861739029532 0.004970172228203895 0.004970172228203895 0.0022089654347565157 0.48265894749442706 0.48265894749442706 0.04914948092334462 0.6301073902644644 0.3208522293984689 0.322508953474538 0.3622703313001657 0.34735981461555404 0.25292654227969047 0.25568774907313435 0.23967274967114788 0.20543378543241148 0.18168740700877373 0.7112868699917889 0.6521970446120364 0.530151704341706 0.0298210333692199 0.016567240760677338 0.004970172228203895 0.0 0.0 0.0016567240760691215 0.0038656895108256373 0.0016567240760691215 0.0 0.0 0.0 0.0 0.0 0.0 0.0 0.0 0.0 0.0 0.0 0.0
0.0 0.0 0.0 0.0011044827173782579 0.01270155124985517 0.061298790814508924 0.06240327353188718 0.10879154766178789 0.28274757564891034 0.2810908515728412 0.061298790814508924 0.11817965075950482 0.2650758521708547 0.019328447554124717 0.01546275804329908 0.06626896304271282 0.051910687716792 0.8692278985769214 0.5770922198302941 0.11431396124867918 0.10823930630309703 0.07897051429256799 0.18279188972615198 0.29213567874662727 0.23912050831245701 0.13585137423756388 0.2468518873341083 0.23138912929080574 0.3208522293984689 0.2915834373879399 0.16677689032416204 0.08283620380339016 0.04197034326038421 0.02540310249970687 0.0027612067934473794 0.0005522413586908637 0.0 0.0 0.0 0.0 0.0 0.0 0.0 0.0 0.0 0.0 0.0 0.0 0.0 0.0 0.0 0.0 0.0
0.0 0.0005522413586908637 0.0005522413586908637 0.0044179308695130315 0.09222430690111055 0.15241861499824122 0.2844042997249795 0.40258395048448425 0.839959106566389 0.6400477347208722 0.3396284355939062 0.15186637363955036 0.9084370350438618 0.2220010261930888 0.08228396244470276 0.19604568233469455 0.13143344336804738 0.1678813730415403 0.17616499342187897 0.14247827054183343 0.01546275804329908 0.04528379141252245 0.18058292429139547 0.331897056572255 0.36061360722409663 0.11817965075950482 0.23359809472556572 0.17450826934581332 0.29324016146400556 0.49977842961379526 0.15131413228086296 0.02705982657577599 0.017671723478055595 0.011044827173786048 0.0016567240760691215 0.0005522413586908637 0.0 0.0 0.0 0.0 0.0 0.0 0.0 0.0 0.0 0.0 0.0 0.0 0.0 0.0 0.0 0.0 0.0
0.0011044827173782579 0.0011044827173782579 0.024298619782328612 0.0695824111948476 0.22034430211702316 0.39485257146283304 0.6483313551012109 0.7637497990672717 0.49149480923345656 0.39374808874545475 0.3379717115178371 0.16512016624809292 0.06185103217319979 0.03644792967349292 0.017671723478055595 0.01270155124985517 0.01822396483674646 0.013253792608542564 0.008835861739029532 0.008283620380338669 0.008835861739029532 0.03147775744528902 0.05743310130368676 0.04528379141252245 0.026507585217085128 0.04086586054300595 0.048597239564657224 0.06240327353188718 0.0988512032053801 0.13529913287887302 0.006074654945582153 0.07565706614042975 0.06571672168402543 0.02540310249970687 0.0033134481521347736 0.0005522413586908637 0.0 0.0 0.0 0.0 0.0 0.0 0.0 0.0 0.0 0.0 0.0 0.0 0.0 0.0 0.0 0.0 0.0
0.0027612067934473794 0.009388103097716927 0.04417930869514072 0.29986705776827854 0.29765809233352203 0.2269711984212927 0.18776206195435588 0.17671723478056983 0.13088120200936 0.0988512032053801 0.0811794797273245 0.28606102380104514 3.157163847626595 1.1840054730298082 0.01546275804329908 0.02540310249970687 0.05743310130368676 0.04362706733645333 0.03202999880397989 0.021537412988881233 0.01270155124985517 0.0298210333692199 0.012149309891164306 0.0016567240760691215 0.0016567240760691215 0.0016567240760691215 0.0016567240760691215 0.0022089654347565157 0.0022089654347565157 0.0 0.0 0.0027612067934473794 0.0171194821193682 0.022089654347572096 0.0 0.0 0.0 0.0 0.0 0.0 0.0 0.0 0.0 0.0 0.0 0.0 0.0 0.0 0.0 0.0 0.0 0.0 0.0
0.043074825977762465 0.06792568711878194 0.13143344336804738 0.33465826336570237 0.2871655065184234 0.5434054969502486 0.5964206673844188 0.44731550053831587 0.21868757804095404 0.32747912570274196 0.46553946537505886 0.33686722880045883 0.5743310130368467 0.20653826814978973 0.006074654945582153 0.013253792608542564 0.06847792847746934 0.11873189211819568 0.05743310130368676 0.011597068532473442 0.0016567240760691215 0.0044179308695130315 0.0 0.0 0.0 0.0 0.0 0.0 0.0 0.0 0.0 0.0005522413586908637 0.0044179308695130315 0.0027612067934473794 0.0 0.0 0.0 0.0 0.0 0.0 0.0 0.0 0.0 0.0 0.0 0.0 0.0 0.0 0.0 0.0 0.0 0.0 0.0
0.9161684140655095 0.9796761703147784 0.5632861858630642 0.7438691101544561 1.0945423729221484 1.180139783518986 1.1210499581392335 0.7101823872744106 0.7974365219473173 0.4964649814616605 0.23359809472556572 0.10934378902047875 0.05743310130368676 0.03368672288004554 0.007179137662960411 0.0 0.03644792967349292 0.03644792967349292 0.01546275804329908 0.0 0.0 0.0 0.0 0.0 0.0 0.0 0.0 0.0 0.0 0.0 0.0 0.0 0.0 0.0 0.0 0.0 0.0 0.0 0.0 0.0 0.0 0.0 0.0 0.0 0.0 0.0 0.0 0.0 0.0 0.0 0.0 0.0 0.0
0.6803613539051907 0.6781523884704308 0.5163456703744727 0.566599634015199 1.5738878722644407 1.6169626982422032 1.4209170159075086 1.1425873711281147 1.5346787357975005 0.41583774309302685 0.15849326994382337 0.06074654945582153 0.019328447554124717 0.01270155124985517 0.007179137662960411 0.0 0.0 0.0 0.0 0.0 0.0 0.0 0.0 0.0 0.0 0.0 0.0 0.0 0.0 0.0 0.0 0.0 0.0 0.0 0.0 0.0 0.0 0.0 0.0 0.0 0.0 0.0 0.0 0.0 0.0 0.0 0.0 0.0 0.0 0.0 0.0 0.0 0.0
0.2855087824423577 0.28329981700759777 0.3655837794523005 0.33024033249618934 0.9791239289560876 0.8990489319461413 0.7024510082527593 0.690853939720286 0.8973922078700757 0.14192602918314604 0.10658258222703137 0.008835861739029532 0.0022089654347565157 0.0 0.0 0.0 0.0 0.0 0.0 0.0 0.0 0.0 0.0 0.0 0.0 0.0 0.0 0.0 0.0 0.0 0.0 0.0 0.0 0.0 0.0 0.0 0.0 0.0 0.0 0.0 0.0 0.0 0.0 0.0 0.0 0.0 0.0 0.0 0.0 0.0 0.0 0.0 0.0
0.1899710273891124 0.1927322341825563 0.263971369453473 0.21537412988881927 0.15959775266120163 0.09277654825979795 0.09664223777062358 0.10547809950965312 0.033134481521358145 0.03258224016266728 0.010492585815095185 0.004970172228203895 0.0 0.0 0.0 0.0 0.0 0.0 0.0 0.0 0.0 0.0 0.0 0.0 0.0 0.0 0.0 0.0 0.0 0.0 0.0 0.0 0.0 0.0 0.0 0.0 0.0 0.0 0.0 0.0 0.0 0.0 0.0 0.0 0.0 0.0 0.0 0.0 0.0 0.0 0.0 0.0 0.0
0.06350775624926544 0.06571672168402543 0.09222430690111055 0.10603034086834051 0.037552412390871176 0.02374637842363775 0.027612067934463386 0.033134481521358145 0.0044179308695130315 0.00994034445640779 0.007179137662960411 0.0016567240760691215 0.0 0.0 0.0 0.0 0.0 0.0 0.0 0.0 0.0 0.0 0.0 0.0 0.0 0.0 0.0 0.0 0.0 0.0 0.0 0.0 0.0 0.0 0.0 0.0 0.0 0.0 0.0 0.0 0.0 0.0 0.0 0.0 0.0 0.0 0.0 0.0 0.0 0.0 0.0 0.0 0.0
0.0022089654347565157 0.0016567240760691215 0.011044827173786048 0.03976137782562769 0.02098517163019384 0.0038656895108256373 0.0016567240760691215 0.0038656895108256373 0.004970172228203895 0.0016567240760691215 0.0005522413586908637 0.0 0.0 0.0 0.0 0.0 0.0 0.0 0.0 0.0 0.0 0.0 0.0 0.0 0.0 0.0 0.0 0.0 0.0 0.0 0.0 0.0 0.0 0.0 0.0 0.0 0.0 0.0 0.0 0.0 0.0 0.0 0.0 0.0 0.0 0.0 0.0 0.0 0.0 0.0 0.0 0.0 0.0
0.004970172228203895 0.0044179308695130315 0.0005522413586908637 0.0005522413586908637 0.0005522413586908637 0.0005522413586908637 0.0038656895108256373 0.008835861739029532 0.008835861739029532 0.0016567240760691215 0.0 0.0 0.0 0.0 0.0 0.0 0.0 0.0 0.0 0.0 0.0 0.0 0.0 0.0 0.0 0.0 0.0 0.0 0.0 0.0 0.0 0.0 0.0 0.0 0.0 0.0 0.0 0.0 0.0 0.0 0.0 0.0 0.0 0.0 0.0 0.0 0.0 0.0 0.0 0.0011044827173782579 0.0005522413586908637 0.0 0.0
0.012149309891164306 0.013806033967233428 0.011597068532473442 0.004970172228203895 0.008835861739029532 0.0077313790216512746 0.004970172228203895 0.0033134481521347736 0.008835861739029532 0.0016567240760691215 0.0 0.0 0.0 0.0 0.0 0.0 0.0 0.0 0.0 0.0 0.0 0.0 0.0 0.0 0.0 0.0 0.0 0.0 0.0 0.0 0.0 0.0 0.0 0.0 0.0 0.0 0.0 0.0 0.0 0.0 0.0 0.0 0.0 0.0 0.0 0.0 0.0 0.0 0.0 0.0022089654347565157 0.0011044827173782579 0.0 0.0
