static/data/precipitation/2023/7/6/6.asc
ncols 137
nrows 93
xllcorner 108.0
yllcorner 17.0
cellsize 0.25
NODATA_value -32767
[rows 23 to 45 of 93, columns 0 to 51 of 137]
0.0 0.0 0.0 0.0 0.0 0.0 0.0 0.0005522413586908637 0.0016567240760691215 0.0 0.0 0.0 0.0 0.0 0.0 0.0 0.0 0.0 0.0 0.0 0.0 0.0 0.0 0.0 0.0 0.0 0.0 0.006074654945582153 0.06571672168402543 0.13640361559625128 2.9224612701836525 4.949187056573299 3.6061360722409783 2.618176281545861 0.23304585336687486 0.19935913048682932 0.4793454993422923 0.8410635892837671 0.7300630761872228 0.7013465255353811 0.681465836622569 0.42798705298419115 0.01988068891281558 0.02816430929315425 0.04362706733645333 0.07676154885781147 0.12259758162902132 0.07676154885781147 0.0 0.0005522413586908637 0.0 0.0
0.0 0.0 0.0 0.0 0.0016567240760691215 0.02264189570625949 0.027612067934463386 0.01546275804329908 0.01270155124985517 0.011597068532473442 0.0 0.0 0.0 0.0 0.0 0.0 0.0 0.0 0.0 0.0 0.0 0.0 0.0 0.0 0.0 0.0 0.0 0.006074654945582153 0.03147775744528902 0.7140480767852363 4.156720706854188 5.728951855042557 5.4589058306435 3.4310755615364776 0.2904789546705582 0.27501619662725907 1.232050471235778 1.5501414938407996 0.9078847936851708 0.5632861858630642 0.5577637722761695 0.6030475636886918 0.10989603037916615 0.3291358497788076 1.1111096136828258 0.8764070362398818 0.17726947613925723 0.10050792728144922 0.01988068891281558 0.0 0.0 0.0022089654347565157
0.006074654945582153 0.0 0.0 0.0 0.0044179308695130315 0.025955343858397734 0.0911198241837323 0.05798534266237415 0.04086586054300595 0.01270155124985517 0.0016567240760691215 0.0 0.0 0.0 0.0 0.0 0.0 0.0 0.0 0.0 0.0 0.0 0.0 0.0 0.0 0.0 0.0 0.0005522413586908637 0.02540310249970687 0.30207602320303506 3.122372642029171 4.611215345055462 5.619055824663391 3.5851509006107842 0.2805386102141538 0.25955343858395996 1.325931502212954 1.1840054730298082 0.4666439480924406 0.04473155005383159 0.0817317210860119 0.14247827054183343 0.23249361200818747 0.48044998205967054 1.7152616600888924 1.6650076964481695 0.9642134122714758 0.5848235988519455 0.19935913048682932 0.15352309771561948 0.08007499700994625 0.08228396244470276
0.0077313790216512746 0.0 0.0 0.0 0.0038656895108256373 0.04141810190169681 0.13198568472673824 0.09608999641193272 0.06461223896664717 0.03976137782562769 0.009388103097716927 0.007179137662960411 0.0033134481521347736 0.0 0.0 0.0 0.0 0.0 0.0 0.0 0.0005522413586908637 0.0 0.0 0.0 0.0 0.0016567240760691215 0.018776206195437323 0.018776206195437323 0.08559741059683754 0.39650929553890213 0.9608999641193411 2.291801638560499 3.532687971535303 3.776778652075964 0.3733151584739518 0.27943412749677554 0.8189739349361985 0.6764956643943651 0.10492585815096225 0.16401568353071466 0.23801602559507876 0.24519516325803917 0.3330015392896332 0.8167649695014421 1.6644554550894788 2.2614283638325885 3.075984367899272 2.721445415620756 1.5766490790578847 0.8029589355342086 0.710734628633098 0.13088120200936
0.29600136825745293 0.23912050831245701 0.23856826695376615 0.20598602679109887 0.14137378782445517 0.16567240760678378 0.10989603037916615 0.13143344336804738 0.15904551130251077 0.10161240999882748 0.06350775624926544 0.021537412988881233 0.0038656895108256373 0.0 0.0 0.0 0.0 0.0 0.0 0.012149309891164306 0.013806033967233428 0.005522413586894759 0.017671723478055595 0.017671723478055595 0.0 0.0016567240760691215 0.05080620499941374 0.03368672288004554 0.09553775505324533 0.19825464776945106 0.051910687716792 0.39485257146283304 2.5320266295903346 3.3521050472439096 0.902914621456967 0.30318050592041335 0.15904551130251077 0.0811794797273245 0.12977671929198173 0.4931515333095257 1.1608113359648613 0.9636611709127885 0.9923777215646301 1.7903664848706349 2.576758179644166 3.333881082407165 4.341169320656405 5.149650669777507 4.377065008971209 2.4845338727430573 1.927322341825577 1.2480654706377645
1.9549344097600403 2.0836066463346405 1.324274778136885 0.4970172228203479 0.6798091125464999 1.0834975457483624 1.2326027125944654 0.473823085755401 0.2943446441813838 0.19383671689993803 0.06792568711878194 0.01270155124985517 0.0011044827173782579 0.0 0.0 0.0 0.0 0.0 0.0 0.02098517163019384 0.05356741179286112 0.005522413586894759 0.06461223896664717 0.050253963640722876 0.0 0.0005522413586908637 0.010492585815095185 0.0298210333692199 0.048597239564657224 0.06516448032533456 0.0469405154885881 0.3285836084201202 2.7170274847512412 4.348348458319365 3.075984367899272 0.5467189451023834 0.23912050831245701 0.15628430450906686 0.2148218885301284 0.8001977287407612 1.232050471235778 1.5015442542761424 1.7898142435119473 1.9969047530204245 2.111218714269104 2.3304585336687484 2.651863004425907 3.3625976330590066 4.451065351035571 2.6916243822515344 2.544728180840188 2.0328004413352265
0.7714811780889196 0.821182900370955 0.8035111768928994 1.827918897261506 1.5628430450906547 1.8350980349244663 2.45084714986301 1.943337341227567 0.9354968616196342 0.3804942961369122 0.08946310010766317 0.0 0.0 0.0 0.0 0.0 0.0 0.0 0.0 0.0016567240760691215 0.0022089654347565157 0.0022089654347565157 0.0033134481521347736 0.0033134481521347736 0.0 0.0011044827173782579 0.0077313790216512746 0.008835861739029532 0.008283620380338669 0.009388103097716927 0.011044827173786048 0.024298619782328612 0.2838520583662886 0.3733151584739518 0.2148218885301284 0.2965536096161403 0.31422533309419937 0.3407329183112845 0.45836032771209845 0.731167558904601 0.6483313551012109 0.6135401495037871 0.5494801518958308 0.35730015907196183 0.7720334194476104 0.6444656655903852 0.622928252601504 0.89352651835925 1.2867223657460138 2.102935093888765 3.5387626264808856 3.2477314304516365
0.9233475517284699 1.814112863294276 2.898162650401324 4.035779849301235 3.666882621696798 3.4062247003954598 3.0373274727910227 2.7054304162187677 2.0604125092696934 1.739560279871221 1.25193116014859 0.0 0.0 0.0 0.0 0.0 0.0 0.0 0.0 0.0 0.0 0.0005522413586908637 0.0077313790216512746 0.006074654945582153 0.0005522413586908637 0.0005522413586908637 0.006074654945582153 0.011044827173786048 0.011044827173786048 0.0077313790216512746 0.0038656895108256373 0.010492585815095185 0.024298619782328612 0.07510482478174235 0.17947844157401374 0.35840464178934006 0.4395841215166646 0.525733773472193 0.629555148905777 0.6284506661883987 0.6461223896664543 0.5715698062434028 0.48762911972263095 0.4544946382012763 0.3357627460830806 0.37552412390870826 0.5356741179285973 0.9388103097717725 1.3049463305827604 3.4095381485475946 5.660473926565087 4.97072446956218
3.0030885085522883 4.660364825978807 5.671518753738872 4.782410166249137 3.8574058904445976 2.5093847338840733 1.9554866511187277 1.9008147566084919 1.4993352888413858 0.9741537567278836 0.48707687836394353 0.0 0.0 0.0033134481521347736 0.0027612067934473794 0.0 0.0 0.0 0.0 0.0016567240760691215 0.014358275325920822 0.012149309891164306 0.010492585815095185 0.016014999401989943 0.018776206195437323 0.05246292907548286 0.05080620499941374 0.047492756847278966 0.025955343858397734 0.008835861739029532 0.008835861739029532 0.004970172228203895 0.022089654347572096 0.06295551489057805 0.14468723597658995 0.3561956763545836 0.4478677418970033 0.5290472216243278 0.5859280815693236 0.5826146334171889 0.5870325642867019 0.5715698062434028 0.5141367049397161 0.4832111888531179 0.31698653988764675 0.41859894988647073 0.5152411876570944 0.7609885922738244 0.918377379500266 1.0023180660210378 2.331010775027436 2.1879802631269154
3.293567463222846 5.855415126182402 7.205093006818994 5.49701048439306 3.865689510824938 2.5215340437752376 1.6644554550894788 1.0122584104774457 0.63397307977529 0.5329129111351534 0.15241861499824122 0.0298210333692199 0.0033134481521347736 0.0171194821193682 0.01546275804329908 0.006074654945582153 0.0 0.0 0.04528379141252245 0.07179137662960758 0.01546275804329908 0.01988068891281558 0.025955343858397734 0.029268792010532507 0.026507585217085128 0.04197034326038421 0.05798534266237415 0.06792568711878194 0.0469405154885881 0.02264189570625949 0.012149309891164306 0.008283620380338669 0.02374637842363775 0.06461223896664717 0.10437361679227486 0.31698653988764675 0.3998227436910369 0.4445542937448685 0.4970172228203479 0.4627782585816149 0.47547980983146665 0.4567036036360328 0.4346139492884607 0.40865860543006644 0.36834498624574785 0.3876734337998726 0.48376343021180535 0.4727186030380227 0.5091665327115122 0.46774843080981887 0.4384796387992863 0.3081506781486172
2.651863004425907 5.214815150102841 6.782076126063009 5.082277224017414 3.9761377825627933 2.941789717737777 1.7268587286213695 0.4484199832556941 0.2518220595623122 0.19162775146517805 2.269711984212927 3.3382990132766777 0.8189739349361985 0.03368672288004554 0.03202999880397989 0.04914948092334462 0.008283620380338669 0.0077313790216512746 0.16125447673727075 0.18720982059566502 0.07620930749912061 0.025955343858397734 0.04141810190169681 0.06847792847746934 0.06792568711878194 0.06571672168402543 0.09774672048800184 0.10050792728144922 0.09940344456407096 0.08891085874897231 0.024850861141019476 0.017671723478055595 0.03202999880397989 0.01988068891281558 0.04914948092334462 0.19604568233469455 0.295449126898762 0.3407329183112845 0.2943446441813838 0.3810465374955996 0.3650315380936131 0.3197477466810906 0.2982103336922094 0.28661326515973595 0.3291358497788076 0.338523952876528 0.34404636646341924 0.3335537806483241 0.30483722999648244 0.2888222305944925 0.25071757684493046 0.20432930271503322
1.9958002703030462 2.3934140485593267 3.661360208109905 2.715370760675174 2.9909391986611236 1.953829927042662 1.1227066822152993 0.1380603396723204 0.0469405154885881 2.414399220189517 4.49745362516547 3.729838136587376 0.8233918658057116 0.0298210333692199 0.0342389642387364 0.055776377227617635 0.029268792010532507 0.04197034326038421 0.1971501650520728 0.21537412988881927 0.12701551249853435 0.04970172228203548 0.058537584021065014 0.0861496519555284 0.10050792728144922 0.1032691340748966 0.13474689152018215 0.10603034086834051 0.10437361679227486 0.1281199952159126 0.09608999641193272 0.1159706853247483 0.016014999401989943 0.0044179308695130315 0.006626896304273017 0.08228396244470276 0.1905232687477998 0.14855292548741558 0.0817317210860119 0.21371740581275014 0.21537412988881927 0.17064257983498768 0.1629112008133364 0.14855292548741558 0.20156809592158584 0.214269647171441 0.21868757804095404 0.3230611948332289 0.3998227436910369 0.2844042997249795 0.13419465016149476 0.08780637603159405
0.014358275325920822 0.11320947853130092 0.23912050831245701 0.31753878124633417 0.21316516445406275 1.4258871881357125 1.2745730558548496 0.20322481999765496 0.06461223896664717 2.995909370889326 3.817092271260281 0.019328447554124717 0.010492585815095185 0.011044827173786048 0.01270155124985517 0.008835861739029532 0.0392091364669403 0.06240327353188718 0.05743310130368676 0.06792568711878194 0.0867018933142158 0.06516448032533456 0.061298790814508924 0.05632861858630503 0.06847792847746934 0.07952275565125538 0.10879154766178789 0.07897051429256799 0.11431396124867918 0.1209408575529522 0.16567240760678378 0.24629964597541742 0.11652292668343917 0.07344810070567323 0.04417930869514072 0.10437361679227486 0.08780637603159405 0.04528379141252245 0.0 0.0 0.05522413586892677 0.05467189451023938 0.04970172228203548 0.048597239564657224 0.0938810309771762 0.11210499581392266 0.12149309891163959 0.2253144743452236 0.4478677418970033 0.13088120200936 0.0 0.012149309891164306
0.01270155124985517 0.0469405154885881 0.04473155005383159 0.05080620499941374 0.609122218634274 2.285726983614917 3.9661974381063856 0.9238997930871607 0.7460780755892127 0.12756775385722174 0.07676154885781147 0.04086586054300595 0.040313619184318555 0.03644792967349292 0.016567240760677338 0.005522413586894759 0.01546275804329908 0.018776206195437323 0.008283620380338669 0.008283620380338669 0.016014999401989943 0.04362706733645333 0.03534344695611466 0.026507585217085128 0.02374637842363775 0.01988068891281558 0.051358446358104604 0.04528379141252245 0.0988512032053801 0.18610533787828676 0.09056758282504143 0.09608999641193272 0.5213158426026765 0.8184216935775077 0.11210499581392266 0.10271689271620574 0.03258224016266728 0.0 0.0 0.0 0.0005522413586908637 0.0016567240760691215 0.0016567240760691215 0.007179137662960411 0.0298210333692199 0.03810465374956204 0.0469405154885881 0.06792568711878194 0.09774672048800184 0.02098517163019384 0.0 0.006626896304273017
0.03534344695611466 0.0861496519555284 0.4114198122235103 0.6521970446120364 1.9875166499227075 3.6453452087079166 5.170635841407699 2.934610580074817 0.8631532436313393 0.07179137662960758 0.040313619184318555 0.02098517163019384 0.07179137662960758 0.026507585217085128 0.0038656895108256373 0.01270155124985517 0.006626896304273017 0.008283620380338669 0.012149309891164306 0.021537412988881233 0.024298619782328612 0.02540310249970687 0.02705982657577599 0.02816430929315425 0.027612067934463386 0.02540310249970687 0.011597068532473442 0.008835861739029532 0.1905232687477998 0.47713653390753574 0.010492585815095185 0.02705982657577599 0.04473155005383159 0.054119653151548514 0.06461223896664717 0.06240327353188718 0.03368672288004554 0.008835861739029532 0.0 0.0 0.0 0.0011044827173782579 0.0011044827173782579 0.0 0.0011044827173782579 0.004970172228203895 0.024298619782328612 0.05688085994499589 0.09277654825979795 0.02098517163019384 0.0 0.0
0.10823930630309703 1.1403784056933584 4.030809677073031 2.6209374883393086 1.152527715584519 0.8283620380339154 1.3099165028109643 0.18720982059566502 0.11320947853130092 0.014910516684611685 0.02264189570625949 0.04914948092334462 0.15297085635692861 0.05688085994499589 0.012149309891164306 0.038656895108249434 0.07455258342305149 0.05246292907548286 0.04197034326038421 0.04252258461907507 0.04473155005383159 0.019328447554124717 0.02374637842363775 0.02264189570625949 0.0171194821193682 0.00994034445640779 0.0027612067934473794 0.008283620380338669 0.016014999401989943 0.024850861141019476 0.051358446358104604 0.05743310130368676 0.0469405154885881 0.02816430929315425 0.021537412988881233 0.16567240760678378 0.1259110297811561 0.054119653151548514 0.0027612067934473794 0.0022089654347565157 0.010492585815095185 0.011044827173786048 0.006626896304273017 0.0011044827173782579 0.0 0.004970172228203895 0.02264189570625949 0.0469405154885881 0.05688085994499589 0.013253792608542564 0.0 0.0
1.2331549539531563 1.206647368736071 1.3850213275927066 2.1901892285616715 0.5787489439063632 0.06461223896664717 0.214269647171441 0.07013465255353846 0.30925516086599547 0.10989603037916615 0.11044827173785701 0.10713482358571877 0.08946310010766317 0.03700017103218031 0.012149309891164306 0.0077313790216512746 0.012149309891164306 0.011044827173786048 0.02098517163019384 0.08891085874897231 0.07234361798829497 0.04197034326038421 0.028716550651841644 0.012149309891164306 0.012149309891164306 0.008835861739029532 0.009388103097716927 0.021537412988881233 0.0469405154885881 0.03644792967349292 0.0469405154885881 0.040313619184318555 0.012149309891164306 0.006074654945582153 0.0027612067934473794 0.051358446358104604 0.07510482478174235 0.10216465135751487 0.07786603157518973 0.06461223896664717 0.04804499820596636 0.03644792967349292 0.03700017103218031 0.03976137782562769 0.0171194821193682 0.019328447554124717 0.023194137064950354 0.008283620380338669 0.011044827173786048 0.016567240760677338 0.004970172228203895 0.006626896304273017
1.4965740820479418 1.0106016864013765 0.28274757564891034 0.6372865279274248 0.06737344576009108 0.0469405154885881 0.04197034326038421 0.08780637603159405 0.15352309771561948 0.25513550771444693 0.17450826934581332 0.11376171988999179 0.023194137064950354 0.008835861739029532 0.0027612067934473794 0.0027612067934473794 0.0027612067934473794 0.011597068532473442 0.01546275804329908 0.04914948092334462 0.08780637603159405 0.0640599976079563 0.012149309891164306 0.005522413586894759 0.010492585815095185 0.013806033967233428 0.01822396483674646 0.02816430929315425 0.03700017103218031 0.019328447554124717 0.013806033967233428 0.007179137662960411 0.005522413586894759 0.0011044827173782579 0.0 0.0392091364669403 0.09167206554241969 0.162358959454649 0.207642750867168 0.07510482478174235 0.024298619782328612 0.01546275804329908 0.016014999401989943 0.03202999880397989 0.0298210333692199 0.008835861739029532 0.0 0.0 0.0011044827173782579 0.0027612067934473794 0.0044179308695130315 0.004970172228203895
0.6787046298291216 0.6047042877647575 0.14855292548741558 0.28274757564891034 0.08780637603159405 0.12425430570508697 0.20543378543241148 0.21923981939964143 0.22365775026915793 0.315882057170265 0.27888188613808473 0.15186637363955036 0.03368672288004554 0.024298619782328612 0.010492585815095185 0.006626896304273017 0.0022089654347565157 0.008835861739029532 0.024850861141019476 0.04417930869514072 0.06240327353188718 0.04417930869514072 0.008835861739029532 0.004970172228203895 0.00994034445640779 0.01546275804329908 0.011597068532473442 0.011597068532473442 0.014910516684611685 0.0077313790216512746 0.0022089654347565157 0.0027612067934473794 0.0016567240760691215 0.0 0.048597239564657224 0.061298790814508924 0.04362706733645333 0.0938810309771762 0.31919550532240326 0.22918016385604922 0.11817965075950482 0.0077313790216512746 0.006074654945582153 0.00994034445640779 0.013806033967233428 0.012149309891164306 0.02264189570625949 0.01988068891281558 0.0016567240760691215 0.006074654945582153 0.008283620380338669 0.016014999401989943
0.2915834373879399 0.21758309532357578 0.18610533787828676 0.28661326515973595 0.15738878722644511 0.291031196029249 0.3722106757565735 0.2424339564645918 0.2269711984212927 0.3026282645617224 0.3457030905394884 0.21813533668226318 0.06626896304271282 0.028716550651841644 0.012149309891164306 0.006626896304273017 0.0022089654347565157 0.016014999401989943 0.04528379141252245 0.04914948092334462 0.06847792847746934 0.05080620499941374 0.06792568711878194 0.013806033967233428 0.014910516684611685 0.02098517163019384 0.016567240760677338 0.0 0.0022089654347565157 0.0 0.0011044827173782579 0.0016567240760691215 0.0011044827173782579 0.0 0.035895688314802054 0.03258224016266728 0.014910516684611685 0.08835861739028492 0.22862792249736183 0.1971501650520728 0.13529913287887302 0.024850861141019476 0.004970172228203895 0.0038656895108256373 0.004970172228203895 0.004970172228203895 0.016014999401989943 0.018776206195437323 0.0016567240760691215 0.011597068532473442 0.01546275804329908 0.02374637842363775
0.27612067934463735 0.28992671331187075 0.263971369453473 0.28661326515973595 0.24850861141017394 0.3771808479847774 0.36779274488705704 0.22752343977998357 0.14855292548741558 0.2512698182036213 0.2982103336922094 0.22918016385604922 0.08228396244470276 0.018776206195437323 0.0044179308695130315 0.0 0.0016567240760691215 0.01546275804329908 0.03644792967349292 0.024850861141019476 0.04914948092334462 0.11928413347688308 0.1457917186939682 0.05743310130368676 0.019328447554124717 0.02540310249970687 0.016567240760677338 0.0 0.0016567240760691215 0.013806033967233428 0.013806033967233428 0.0016567240760691215 0.0005522413586908637 0.0027612067934473794 0.0 0.0 0.01270155124985517 0.09498551369455446 0.07731379021649887 0.07455258342305149 0.025955343858397734 0.026507585217085128 0.006074654945582153 0.005522413586894759 0.0033134481521347736 0.0005522413586908637 0.0005522413586908637 0.0044179308695130315 0.006074654945582153 0.00994034445640779 0.014910516684611685 0.014910516684611685
0.2888222305944925 0.3026282645617224 0.2446429218993483 0.28495654108366686 0.23249361200818747 0.2148218885301284 0.2048815440737206 0.24574740461673003 0.17837395885663548 0.27998636885546296 0.1551798217916886 0.0867018933142158 0.05798534266237415 0.011044827173786048 0.0 0.0 0.0016567240760691215 0.0038656895108256373 0.0044179308695130315 0.0016567240760691215 0.0011044827173782579 0.07179137662960758 0.12922447793329087 0.08394068652077188 0.02264189570625949 0.021537412988881233 0.01270155124985517 0.03644792967349292 0.04473155005383159 0.05356741179286112 0.014358275325920822 0.0016567240760691215 0.0005522413586908637 0.004970172228203895 0.0 0.004970172228203895 0.01822396483674646 0.033134481521358145 0.029268792010532507 0.009388103097716927 0.0022089654347565157 0.0022089654347565157 0.0022089654347565157 0.0022089654347565157 0.0 0.0 0.0 0.0044179308695130315 0.013253792608542564 0.008835861739029532 0.016014999401989943 0.016014999401989943
0.3650315380936131 0.29489688554007465 0.08228396244470276 0.08780637603159405 0.14855292548741558 0.06516448032533456 0.12646327113984349 0.21537412988881927 0.2264189570626053 0.3125686090181302 0.08725413467290666 0.0022089654347565157 0.0011044827173782579 0.0 0.0 0.0 0.0005522413586908637 0.0022089654347565157 0.0011044827173782579 0.0005522413586908637 0.0 0.0027612067934473794 0.010492585815095185 0.0298210333692199 0.01988068891281558 0.02705982657577599 0.04528379141252245 0.0867018933142158 0.11376171988999179 0.04970172228203548 0.011044827173786048 0.0027612067934473794 0.0022089654347565157 0.0 0.0011044827173782579 0.009388103097716927 0.024850861141019476 0.03700017103218031 0.02816430929315425 0.011597068532473442 0.0016567240760691215 0.0 0.0 0.005522413586894759 0.009388103097716927 0.00994034445640779 0.004970172228203895 0.01546275804329908 0.008283620380338669 0.01546275804329908 0.02264189570625949 0.1330901674441165
