static/data/seaWater_vo/2023/7/26/0.asc
ncols 137
nrows 93
xllcorner 108.0
yllcorner 17.0
cellsize 0.25
NODATA_value -32767
[rows 0 to 25 of 93, columns 58 to 115 of 137]
-32767.0 -32767.0 -32767.0 -32767.0 -32767.0 -32767.0 -32767.0 -32767.0 -32767.0 -32767.0 -32767.0 -32767.0 -32767.0 -32767.0 -32767.0 -32767.0 -32767.0 -32767.0 -32767.0 -32767.0 -32767.0 -32767.0 -0.026951764 -0.21703406 -0.3322437 -0.24573997 0.049682647 -0.15172763 -0.27230817 -0.075238936 0.019731365 -0.029852455 0.0074692573 -0.0102535505 -0.07313196 -0.019120067 0.031672083 0.11730674 0.14873189 0.039791055 0.04050799 -0.03986614 0.062328372 0.4362946 0.120276965 -0.22520858 -0.2615829 -0.063174814 -0.011625555 -0.028731946 -0.0384923 -0.053427912 -0.043900743 0.10497394 -0.004367631 -0.12124523 -0.2020993 0.14275071
-32767.0 -32767.0 -32767.0 -0.03238352 -0.04672261 -0.0015483772 0.039985824 0.037363507 0.055565435 0.016458044 -32767.0 -32767.0 -32767.0 -32767.0 -32767.0 -32767.0 -32767.0 -32767.0 -32767.0 -32767.0 -32767.0 0.09666722 -0.10166325 -0.5522611 -0.23749252 0.008725497 -0.058044605 -0.23827088 -0.2934078 -0.24645776 -0.124094136 0.09321685 0.17066506 0.121492766 -0.018750818 -0.17182589 -0.020157367 0.015136091 0.037437897 0.09594237 0.022823403 0.09998244 0.14249103 0.40712443 0.077330746 -0.3413408 -0.25342646 -0.09736007 0.15422443 0.18128239 0.1418486 0.2097421 0.28310227 0.31210235 0.20565008 -0.029028289 -0.022839988 0.077237464
-32767.0 -0.013437971 -32767.0 -0.027932253 -0.048538707 -0.020544216 0.07752642 0.067177646 0.1048241 0.027153246 0.044896066 -0.034183785 -32767.0 -32767.0 -32767.0 -32767.0 -32767.0 -32767.0 -32767.0 -32767.0 -32767.0 0.08623918 -0.42675248 -0.39991674 0.06673272 -0.08161546 -0.2594572 -0.07153049 -0.012970749 -0.11744169 -0.1042389 -0.030262956 -0.008711282 -0.116403855 -0.23259328 -0.28336588 -0.06387671 0.005104747 -0.042916648 0.065235965 0.21866255 0.20951231 0.16174774 0.199058 -0.069588125 -0.39398152 -0.10024696 0.12743077 0.1609155 -0.015008438 -0.06296048 0.14469486 0.26696637 0.23372693 0.04990459 -0.1745769 -0.0854074 0.01786264
-0.07397374 -32767.0 -0.06817854 -0.10521099 -0.10554446 -0.10048483 -0.043987352 0.16466491 0.12220369 0.09966218 0.02307799 0.03611696 -32767.0 -32767.0 -32767.0 -32767.0 -32767.0 -32767.0 -32767.0 -32767.0 -0.073460944 0.08211421 -0.37235814 -0.11569763 0.16977976 -0.060552355 -0.10636771 0.04174462 0.08035001 -0.02006374 -0.097445294 -0.095576756 0.010470172 -0.19417803 -0.47776237 -0.37544894 -0.13254988 -0.044678286 0.02959226 0.28206587 0.37377375 0.20663935 0.08108023 -0.09190715 -0.31606048 -0.3814695 -0.056922965 -0.027373409 -0.11334763 -0.15820232 -0.020999257 0.29566944 0.3838883 0.14868191 -0.072779894 -0.21532379 -0.06109339 -0.12659451
-0.13642469 -32767.0 -0.17722891 -0.24423206 -0.005067614 -0.072273724 -0.06818764 0.026021738 0.26501122 0.08261663 0.051976096 -32767.0 -32767.0 -32767.0 -32767.0 -32767.0 -32767.0 -32767.0 -32767.0 -32767.0 -32767.0 -32767.0 -0.25001147 -0.38874283 0.092721894 -0.03166323 -0.023008868 0.13271773 0.52423793 0.2676959 0.018823769 0.07052414 0.09335679 -0.1945911 -0.43830144 -0.36488235 -0.19203904 -0.1435166 0.05425419 0.29135552 0.2894177 0.17638004 -0.06368674 -0.32009724 -0.41367888 -0.360864 -0.14478256 -0.11842836 -0.1788516 -0.24923404 -0.15370034 0.2079554 0.29413718 0.009139778 -0.20050071 -0.17487149 -0.08907258 -0.10620502
-0.109144725 -0.14089875 -0.16531868 -0.15701726 -0.057258442 -0.1020398 -0.09900474 0.008909801 0.077947006 0.20074798 0.06440967 -32767.0 -32767.0 -32767.0 -32767.0 -32767.0 -32767.0 -32767.0 -32767.0 -32767.0 -32767.0 -32767.0 -32767.0 -0.24860735 -0.038018323 -0.04621716 0.068424955 0.18555738 0.4071792 0.48645777 0.1278591 0.083659194 0.04640466 -0.058624543 -0.13009976 -0.17225915 -0.21315934 -0.08577017 -0.07458965 0.06823624 0.14217971 0.011912379 -0.20177794 -0.37091744 -0.48724204 -0.29649827 -0.16556638 -0.11093379 0.0029882602 -0.0028114337 0.012533762 0.09818248 0.086921394 -0.11604882 -0.3111497 -0.26365015 -0.22268 -0.016154198
-0.1458205 -0.1832044 -0.15429258 -0.1521671 -0.14806984 -0.2570981 -0.18785223 -0.004851661 0.26528496 0.1227206 0.05170993 -32767.0 -32767.0 -32767.0 -32767.0 -32767.0 -32767.0 -32767.0 -32767.0 -32767.0 -32767.0 -32767.0 -32767.0 -32767.0 -0.25189438 -0.21533579 0.0066165673 0.3029 0.5044233 0.70448714 0.31297332 0.09810806 0.08411002 -0.10782325 -0.15876839 -0.24479172 -0.2274523 -0.17928568 -0.11853536 -0.016927855 -0.12190165 -0.21649131 -0.28179237 -0.34569946 -0.3709847 -0.069599986 0.08807171 0.32823688 0.37039995 0.1865423 0.060686003 0.009279122 -0.057239454 -0.22824931 -0.38455728 -0.30253384 -0.12930307 0.058278862
-0.10517548 -0.15772536 -0.17241003 -0.14070344 -0.14540298 -0.16632007 -0.14457707 0.03492733 0.17679125 0.040339675 -32767.0 -32767.0 -32767.0 -32767.0 -32767.0 -32767.0 -32767.0 -32767.0 -32767.0 -32767.0 -32767.0 -32767.0 -32767.0 -32767.0 -32767.0 -0.1399421 -0.11737346 0.19215159 0.2972233 0.6635674 0.48597294 0.18586339 0.03843783 -0.28943318 -0.16179454 -0.011765186 -0.06111521 -0.13357392 -0.18774785 -0.12301528 -0.21672644 -0.22926997 -0.11893076 -0.12519838 -0.08563557 0.08613195 0.3276633 0.40925944 0.1827415 0.031433765 0.020663839 -0.07785681 -0.14086127 -0.22200447 -0.37836853 -0.34122157 -0.18466532 0.027997987
-0.12592614 -0.09144725 -0.062099967 -0.09303674 -0.080493875 -0.07834029 -0.030460332 -0.080348715 0.1681788 -32767.0 0.15895043 -32767.0 -32767.0 -32767.0 -32767.0 -32767.0 -32767.0 -32767.0 -32767.0 -32767.0 -32767.0 -32767.0 -32767.0 -32767.0 -32767.0 -0.11049348 -0.10375262 0.26273194 0.44398808 0.74387705 0.3545533 0.1563848 -0.18413949 -0.30664197 0.0710663 0.17089432 0.104634866 -0.03728765 -0.14579251 -0.091001764 -0.087155715 -0.0463583 0.03800587 0.04642825 0.027746757 0.10632427 0.12055785 0.067025855 -0.06853141 -0.060547896 -0.17229147 -0.15328044 -0.24549358 -0.33574924 -0.34618723 -0.34771597 -0.23925164 -0.06308207
0.0021298411 0.04279236 0.06001461 -0.015832417 -0.085278615 -0.07502623 -0.08681818 -0.10546905 0.0077820495 0.01055767 0.11307106 0.06816156 0.02073007 0.035403796 -0.014783993 0.028716717 -32767.0 -32767.0 -32767.0 -32767.0 -32767.0 -32767.0 -32767.0 -32767.0 -32767.0 -32767.0 -0.013617356 0.10169588 0.5348015 0.71309966 0.18657118 -0.011286143 -0.22590682 -0.18690339 -0.09871056 0.17042685 0.120003596 0.03815209 0.03611776 0.051896535 0.1290559 0.23413801 0.21484315 0.09978019 -0.061350934 -0.07774339 -0.18928726 -0.21324655 -0.18400401 -0.14440745 -0.18181004 0.12344367 0.008390221 -0.3837301 -0.3363992 -0.22236228 -0.2183961 -0.04422636
-0.0041222433 -0.053888664 0.0046949117 -0.1639746 -0.19009116 -0.17430656 -0.18338446 -0.16794312 -0.1502166 -0.12165314 0.1194196 0.10829069 0.042730287 -0.009575335 -0.0036799987 0.019678423 -32767.0 -32767.0 -32767.0 -32767.0 -32767.0 -32767.0 -32767.0 -32767.0 -32767.0 -32767.0 -32767.0 0.053219344 0.43731257 0.71404356 0.12461906 -0.3036343 -0.28301257 -0.2068132 -0.3187598 -0.013568298 -0.004343697 -0.0077373283 0.011120503 0.08335556 0.30936706 0.30877143 0.20110677 -0.06543007 -0.27142528 -0.18946 -0.21705794 -0.24751008 -0.29758844 -0.19042169 -0.14578408 -0.037434697 0.2719584 0.4128166 -0.23136681 -0.5319282 -0.24872263 0.4288873
-32767.0 0.07357527 -0.12171167 -0.17861843 -0.20678444 -0.27857888 -0.30746713 -0.21544497 -0.08010722 -0.055326425 0.023416769 0.08983454 0.05710683 0.003148491 0.012392062 0.10245833 0.15680157 -0.08955272 -32767.0 -32767.0 -32767.0 -32767.0 -32767.0 -32767.0 -32767.0 -32767.0 -32767.0 -32767.0 0.28903478 0.9026858 0.2751712 -0.21022496 -0.3897494 -0.40033734 -0.26866567 -0.12099745 -0.05426206 0.038713798 0.038209632 0.082251444 0.31848654 0.28239927 0.09045605 -0.2253036 -0.32668048 -0.29892266 -0.25394765 -0.21665795 -0.19501436 -0.19192156 -0.21823004 -0.20621732 0.20969556 0.57137966 0.35752577 -0.22710837 0.106584765 -32767.0
-32767.0 0.017290339 -0.11917435 -0.15842915 -0.05930044 -0.16388468 -0.15166223 -0.108200386 -0.030307388 0.04108744 0.06802317 0.0780371 0.082322866 -0.035063352 0.15635738 0.14714932 -32767.0 0.028376436 -32767.0 -32767.0 -32767.0 -32767.0 -32767.0 -32767.0 -32767.0 -32767.0 -32767.0 -32767.0 0.14338249 1.040072 0.48008338 -0.22277018 -0.2389893 -0.32852826 -0.18351084 -0.06466473 0.0033134436 -0.025230527 -0.017729297 0.0903719 0.09905812 0.16382703 0.07019616 -0.23058316 -0.35031253 -0.34536946 -0.3434996 -0.21620587 -0.17030519 -0.18576013 -0.1932019 -0.16203499 -0.22922547 -0.032562222 0.35004213 0.17008886 -0.084676065 -32767.0
0.014815546 0.02580775 0.05943369 -0.005936795 -0.08860401 -0.0006976514 0.12404022 0.12957196 0.10840885 0.12067962 0.14948381 0.114868596 0.1397097 0.12010339 0.1262278 -32767.0 -32767.0 -32767.0 -32767.0 -32767.0 -32767.0 -32767.0 -32767.0 -32767.0 -32767.0 -32767.0 -32767.0 -32767.0 0.10551322 0.9727674 0.55794245 -0.010115056 -0.07755402 -0.046735894 -0.003785544 -0.032381173 -0.03469663 -0.07475599 -0.085043736 -0.053048044 -0.08227128 0.021515518 0.1957472 -0.05187921 -0.2886676 -0.34179083 -0.1345204 0.017402403 -0.07203667 -0.20797344 -0.31369758 -0.373264 -0.28305274 -0.27692547 -0.13890024 0.5200817 0.10476483 0.033534095
0.029976755 0.025172114 0.059344787 0.059689198 0.05019839 0.2471406 0.2897171 0.25540507 0.21021542 0.22668555 0.2140084 0.14212352 0.19281237 0.16692927 0.073387146 0.055010807 -32767.0 -32767.0 -32767.0 -32767.0 -32767.0 -32767.0 -32767.0 -32767.0 -32767.0 -32767.0 -32767.0 -32767.0 -0.24559888 1.0359846 0.5131641 0.34504548 0.032460205 -0.027521163 0.033823207 -0.023058686 -0.06607879 -0.12398272 -0.14504525 -0.11363005 -0.0414947 0.08727363 0.23739894 0.087661885 -0.26623604 -0.07744987 -0.03776667 -0.16929339 -0.14971219 -0.2506687 -0.33111286 -0.3849556 -0.42613173 -0.33404005 -0.025018351 0.45822752 0.08812591 -32767.0
0.06960238 0.06939617 0.10986033 0.13206778 0.12287885 0.2945512 0.31508458 0.26444715 0.27556464 0.3278202 0.3600823 0.33366454 0.25966126 0.19805416 0.020221582 0.096840575 0.0060899267 -32767.0 -32767.0 -32767.0 -32767.0 -32767.0 -32767.0 -32767.0 -32767.0 -32767.0 -32767.0 -32767.0 -0.22779754 0.9888861 0.57265234 0.20551859 0.2584678 -0.05943364 -0.15466343 -0.051409416 -0.046969462 -0.049482647 -0.051185288 -0.017383598 -0.03210349 -0.035537407 0.0862734 -32767.0 -0.11061626 -0.1958516 0.06797051 -0.11759307 -0.23534654 -0.30168512 -0.36468455 -0.23410794 -0.1676556 -0.15318082 0.38120756 -32767.0 -32767.0 -32767.0
0.090315424 0.114355795 0.13586345 0.10667908 0.13892323 0.25079024 0.25252455 0.26105788 0.20484847 0.26101896 0.3037042 0.27273133 0.18590628 0.09732783 -0.03309684 0.06476839 0.07415906 -32767.0 -32767.0 -32767.0 -32767.0 -32767.0 -32767.0 -32767.0 -32767.0 -32767.0 -32767.0 -32767.0 -32767.0 0.81964785 0.6206956 0.21544053 0.29658878 -0.0056713847 -0.28707567 -0.057646196 0.18882978 0.06678898 -0.100093104 -0.18651785 -0.25996837 -0.21223897 -0.060026504 -0.033091135 -0.033120565 0.07170552 0.006739085 -0.20175423 0.18122444 -0.063342795 -0.005654994 0.22950928 0.15243143 0.11600893 -0.053084247 -32767.0 -32767.0 -32767.0
0.1534617 0.1681813 0.16741386 0.14504652 0.2241117 0.2668068 0.2116749 0.1647114 0.122741476 0.094012246 0.07754889 0.038665775 -0.0026782763 -0.06819491 -0.064774334 0.01999281 0.036735866 -0.0046581426 -32767.0 -32767.0 -32767.0 -32767.0 -32767.0 -32767.0 -32767.0 -32767.0 -32767.0 -32767.0 0.27089733 0.87528455 0.58802825 0.17172235 0.047071412 -0.11065735 -0.16631344 0.17796813 0.19404386 0.13293862 -0.14579506 -0.09166113 -0.075616926 0.056313038 0.14591311 0.09356799 0.0019785194 -0.034818843 -0.051091105 -0.18958135 -0.3151377 -0.18418552 0.017289728 -32767.0 -0.1334077 -0.016551418 0.00036776834 -32767.0 -32767.0 -32767.0
0.115796044 0.15474303 0.23503503 0.24075133 0.28920117 0.3159835 0.25308615 0.1860052 0.18002696 0.1005382 0.008436792 -0.060420606 -0.03155326 -0.048986632 -0.12577803 0.033129353 -0.06674807 -32767.0 -32767.0 -32767.0 -32767.0 -32767.0 -32767.0 -32767.0 -32767.0 -32767.0 -32767.0 -32767.0 0.51014304 0.6395064 0.46310428 0.20024766 0.041197345 0.025418658 0.0840506 0.18885173 0.2297661 0.20364991 -0.23699953 -0.06621562 0.17148535 0.13669288 -32767.0 -32767.0 -0.13376576 -0.039325837 -32767.0 -32767.0 -32767.0 -32767.0 -32767.0 -32767.0 -32767.0 -32767.0 -32767.0 -32767.0 -32767.0 -32767.0
0.114643626 0.14587636 0.23358817 0.2592192 0.2518977 0.22730564 0.2492378 0.21506757 0.18518338 0.25778803 0.17080641 0.14146045 0.06601477 -0.102835335 -0.06707458 0.005856589 -32767.0 -32767.0 -32767.0 -32767.0 -32767.0 -32767.0 -32767.0 -32767.0 -32767.0 -32767.0 -32767.0 0.50350755 0.6306558 0.41639557 0.18984675 0.068529494 0.034257922 0.28768182 0.3318728 0.26030046 0.25415754 0.07317113 -0.14289477 -0.089173354 -0.071243614 -32767.0 -32767.0 -32767.0 -32767.0 -32767.0 -32767.0 -32767.0 -32767.0 -32767.0 -32767.0 -32767.0 -32767.0 -32767.0 -32767.0 -32767.0 -32767.0 -32767.0
0.054731887 0.0856301 0.16711567 0.23115903 0.20685452 0.22002883 0.27019858 0.25352937 0.22325635 0.19525781 0.16483667 0.24082217 0.013654024 -0.12069405 0.00473809 0.0077206134 -32767.0 -32767.0 -32767.0 -32767.0 -32767.0 -32767.0 -32767.0 -32767.0 0.055850603 -0.026909491 0.32479084 0.65156245 0.70717394 0.049260214 -0.098570205 0.048238028 0.117515385 0.39649442 0.4915588 0.3527362 -0.024579415 -0.061590914 -0.25895867 -32767.0 -32767.0 -32767.0 -32767.0 -32767.0 -32767.0 -32767.0 -32767.0 -32767.0 -32767.0 -32767.0 -32767.0 -32767.0 -32767.0 -32767.0 -32767.0 -32767.0 -32767.0 -0.054832682
0.07056184 0.09895489 0.18396106 0.184217 0.20944786 0.26174653 0.27397558 0.28380135 0.26755798 0.23777448 0.26672786 0.14562778 -0.033715717 -0.07099043 -0.046140634 0.06302995 -32767.0 -32767.0 -32767.0 -32767.0 -0.06005268 0.1339027 0.061738394 -0.03148326 0.03229501 0.27950594 0.47890136 0.5833405 0.34020433 0.12858476 0.09209653 0.18349265 0.25977308 0.4969294 0.4216579 0.09173525 -0.0993989 -0.0465173 -32767.0 -32767.0 -32767.0 -32767.0 -32767.0 -32767.0 -32767.0 -32767.0 -32767.0 -32767.0 0.10925434 0.08419191 -32767.0 -32767.0 -32767.0 -32767.0 -32767.0 -32767.0 -32767.0 -0.05922365
0.04206463 0.12702908 0.15028009 0.19580653 0.19383572 0.23746133 0.27134722 0.2835983 0.2897717 0.2905254 0.24788049 0.16405435 0.038573675 -0.39337733 0.19136404 -32767.0 0.0033251448 -32767.0 0.0034213737 -32767.0 -0.010361152 -32767.0 -0.094076216 -0.13294008 -0.08649898 0.18087122 0.4760984 0.17112784 -0.053800885 0.059841197 0.26800644 0.2906863 0.35727865 0.30081344 0.08791427 -0.08575748 -32767.0 -32767.0 -32767.0 -32767.0 -32767.0 -32767.0 -32767.0 -32767.0 0.059320092 -0.012796045 -0.0364704 -0.0076678605 0.09574114 -0.040621698 -0.06924965 0.0496891 -32767.0 -32767.0 -32767.0 -32767.0 -32767.0 -0.13153595
-0.018184792 0.024595713 0.0105113285 0.14637037 0.25875565 0.24822369 0.23329403 0.2812627 0.30832294 0.29307997 0.23832648 0.12720537 0.11389464 -0.04095833 -0.109350726 -0.10860479 0.02429062 0.018834114 0.063407786 0.06890713 0.08305278 0.18747677 0.27544445 0.18042816 0.024315434 0.24453169 0.41661826 -32767.0 0.003736597 0.37544858 0.34030676 0.26929462 0.15667434 0.0712722 -32767.0 -32767.0 -32767.0 -32767.0 -32767.0 -0.0024017007 -0.125641 0.13033965 0.19017842 0.09486431 0.22913891 0.03370948 -32767.0 -32767.0 -0.1875672 -0.12938638 -0.041472644 -32767.0 -32767.0 -32767.0 -32767.0 -32767.0 0.20223558 0.15036027
-0.039459154 -0.18483469 -0.14788792 -0.032074258 0.05056001 0.018076336 -0.06346288 0.0614675 0.21821448 0.2493391 0.15459447 -0.16665411 0.008867546 0.11901128 0.075155124 -0.014763939 -0.047539253 0.17961895 0.109845445 -0.06636306 -0.09703041 0.13701814 0.35028654 0.3077587 0.20526531 0.23634884 0.25910634 0.2376421 0.30034098 0.24430397 0.20442094 -0.11001247 -0.03667421 0.084429696 0.018225031 -32767.0 0.11350894 0.10134385 -32767.0 -0.0402276 0.13005838 -0.035033014 -32767.0 0.030082759 0.005788477 -32767.0 -32767.0 -32767.0 -32767.0 -0.23111811 -0.045984462 -32767.0 -32767.0 -32767.0 -32767.0 0.24291342 0.022129461 -0.18803099
0.027078416 -0.2025237 -0.27523375 -0.23249862 -0.11365142 -0.09531382 -0.08472672 -0.028141418 0.09145096 0.07231984 0.096071795 0.09219186 0.14483823 0.17851672 0.18621077 0.0467637 0.036326125 0.15846008 0.1026374 0.018022116 -0.010555613 0.13234434 0.21560693 0.22663587 0.18962106 0.19313195 0.2542164 0.2818037 0.2575958 -32767.0 -0.023303626 -0.07047799 -32767.0 -32767.0 -0.018759625 -0.047132872 0.1757559 0.10797106 0.1491394 0.14225465 -0.24144383 -32767.0 -32767.0 -32767.0 -32767.0 -32767.0 -32767.0 -32767.0 -32767.0 -0.09914234 -0.0014860686 0.10434905 -32767.0 -32767.0 0.08035051 -0.12225326 -0.3055394 -0.031671885
