static/data/seaWater_vo/2023/7/26/12.asc
ncols 137
nrows 93
xllcorner 108.0
yllcorner 17.0
cellsize 0.25
NODATA_value -32767
[rows 52 to 77 of 93, columns 58 to 115 of 137]
0.07015053 0.06599474 0.1606229 0.13164374 0.15211692 0.15304616 -0.031717476 0.13037694 0.21599624 0.12464662 0.0020676758 0.16241094 0.5667917 0.6983471 0.68422914 0.5404671 0.5671856 0.54581994 0.3255587 0.08456484 -0.022082351 0.07789675 0.055694845 -0.013186832 0.04909756 0.14986075 0.16990933 0.32154003 0.4324687 0.64585924 0.5771658 0.47970533 0.5696229 0.58761674 0.3869263 0.18968397 0.009878416 -0.1904293 -0.4004807 -0.42315212 -0.42606986 -0.32580456 -0.40423998 -0.19254737 0.0052431948 0.03196343 0.046559095 0.12549381 0.28063932 0.26171085 -0.106742814 -0.39500132 -0.13828062 -0.1374931 -0.19642352 -0.22326544 -0.22877762 -0.22758572
0.19314605 -0.005852902 0.10229185 0.24032806 0.15683831 0.039113425 0.034393065 0.10673903 0.3377929 0.29164475 0.17565387 0.34474012 0.58769095 0.6912792 0.5244189 0.5212022 0.5453905 0.44626182 0.08323795 0.06506228 0.18785809 0.1772177 0.041712917 -32767.0 -0.12813039 0.14401016 0.22980559 0.40508947 0.40871173 0.56159025 0.5686835 0.4355488 0.49107486 0.4606989 0.2983261 0.081166 -0.12008312 -0.30910805 -0.36711097 -0.38008127 -0.38158032 -0.4194296 -0.28780967 -0.17344405 -0.09707391 -0.051004723 0.001627129 0.12965894 0.28417772 0.36636323 0.071411446 -0.35705894 -0.2730876 -0.120613866 -0.17247163 -0.24959384 -0.21534325 -0.25164273
0.10444574 0.028630456 0.071347535 0.16521259 0.15642774 0.12302969 -0.013801536 -0.037436914 0.14165981 0.22290578 0.1579023 0.29249042 0.6819276 0.64379746 0.5462156 0.47884527 0.49191913 0.20323493 0.053972144 0.13344787 0.15041037 0.090598784 0.06923769 0.07345693 -0.17465183 0.036222193 0.15062574 0.39477414 0.495667 0.4435801 0.53134936 0.398178 0.4084667 0.3288917 0.1688859 -0.032951828 -0.19487305 -0.2976422 -0.35948274 -0.42065182 -0.48789984 -0.35398927 -0.27119222 -0.1729752 -0.054593205 -0.03897927 -0.009332232 0.09976063 0.20529525 0.34591398 0.29977104 -0.11436387 -0.3921902 -0.25348192 -0.2472129 -0.22844207 -0.20599833 -0.22980076
0.23647231 0.24392454 0.23637228 0.25190434 0.15256025 0.15780511 0.061108164 0.03741967 0.040931117 0.18668933 0.3265383 0.55119103 0.7422352 0.5864621 0.63569576 0.46551526 0.29930326 0.21389532 0.19031763 0.19104248 0.24350147 -32767.0 0.072425514 0.16114481 -0.02939377 -0.09385725 0.14170769 0.27712205 0.34953493 0.30665618 0.43161553 0.34289768 0.29228154 0.26746404 0.11191367 -0.06363998 -0.20281267 -0.31427372 -0.45325205 -0.522009 -0.42407736 -0.35198283 -0.10401906 0.10220645 0.23810363 0.18583487 0.08008735 0.10218453 0.33332756 0.35353976 0.3271607 0.12692228 -0.31610274 -0.40773648 -0.29969886 -0.3028949 -0.28643087 -0.19546269
0.4496911 0.7198275 0.6381083 0.39755544 0.21800719 0.06560802 0.070967935 0.10624776 0.18690555 0.3756697 0.486771 0.5116944 0.46799368 0.6713712 0.58906204 0.4082957 0.11780096 -0.0015002921 0.1146634 0.29749328 0.23059809 0.17479824 0.18630427 0.074178815 -0.030788671 0.0389258 0.14183588 0.27753222 0.2607867 0.18976061 0.31292444 0.35135433 0.22111332 0.21122396 0.09235282 -0.091021836 -0.23697495 -0.40522167 -0.50865036 -0.4565673 -0.42387584 -0.25123456 -0.04793976 0.10570477 0.26777747 0.3564761 0.13098289 0.11857605 0.35982874 0.34377185 0.36093754 0.27493012 -0.057517633 -0.4754329 -0.36126986 -0.35666478 -0.3647983 -0.21653204
0.86639464 1.1173089 0.8261828 0.3748865 0.16436069 0.20511778 0.17970844 0.28909302 0.38626924 0.42465466 0.3400902 0.4240692 0.61608535 0.5778155 0.5532481 0.44123197 0.016080586 -0.11055 0.112566225 0.39205307 0.3258301 0.35972476 0.33574498 0.13812357 -0.10330417 -0.049918987 0.16928542 0.17833777 0.02928708 0.13479346 0.24863075 0.3144457 0.21163997 0.14740378 0.033750616 -0.14717232 -0.3407877 -0.51905906 -0.48076952 -0.46894383 -0.38918298 -0.18441539 0.017930288 0.088541 0.2440868 0.3363424 0.20148797 0.11190026 0.3288632 0.40688258 0.33507246 0.2612931 0.17702271 -0.20961781 -0.44713798 -0.33771107 -0.3276823 -0.15119256
1.2228445 1.2417258 0.8143705 0.44790894 0.2504273 0.18383272 0.22319609 0.24183661 0.19640814 0.33263135 0.4741493 0.54841113 0.49629155 0.38580897 0.5220539 0.33999273 0.009665857 0.028044865 0.278125 0.3378017 0.39491254 0.42391866 0.37893152 0.14773019 -0.12466777 -0.08572636 0.08085753 -0.055971265 -0.13909103 0.119174644 0.26300725 0.15097304 0.22615965 0.08087595 -0.020191897 -0.22744219 -0.45449403 -0.53119934 -0.463487 -0.45085904 -0.31328005 -0.10576323 0.055620432 0.080432825 0.21520282 0.36134934 0.21752585 0.16071166 0.26940876 0.37906048 0.29959297 0.21798664 0.19677177 0.11775558 -0.14569402 -0.26302624 -0.20068738 -0.05179843
1.5827017 1.1638494 0.7662834 0.47218895 0.25447905 0.14959994 0.00540802 0.17085677 0.3482787 0.49544963 0.5423152 0.46237484 0.28518745 0.50284 0.4962057 0.17607336 0.07555608 0.21246621 0.22650748 0.37421715 0.45638105 0.36707374 0.30202842 0.121450335 0.0074408352 0.028476676 -0.08477726 -0.20891793 -0.07676634 0.12176262 0.2776414 0.04992868 0.20297897 0.05765909 -0.10558974 -0.31038266 -0.4984664 -0.4875419 -0.4087191 -0.3931524 -0.2957909 -0.11845032 0.010478092 0.118596524 0.23638897 0.32578775 0.24966489 0.31496745 0.3717461 0.37478995 0.2500011 0.14956701 0.13687897 0.2019415 0.12501067 -0.018936818 -0.09461486 -0.0122273
1.3302892 0.8921625 0.60314465 0.45471364 0.2841806 0.036881823 0.16832846 0.2625095 0.46319652 0.4437529 0.5781383 0.16056648 0.19422662 0.52714515 0.46044192 0.25296164 0.11957886 0.17146331 0.33423913 0.4810965 0.39442137 0.20697659 0.14215463 0.11393363 0.05796389 -0.060537852 -0.17483969 -0.22144882 -0.020289209 0.26161942 0.25796065 0.05442542 0.010383274 0.050232586 -0.12995136 -0.30863047 -0.47441405 -0.42316186 -0.34766892 -0.28606173 -0.22429986 -0.09262894 0.04271119 0.19319965 0.25129235 0.24061735 0.19320117 0.3092084 0.45287862 0.34876555 0.19104674 0.034931045 0.0397644 0.23856276 0.25282297 0.040290706 -0.07123242 -0.088444084
1.0077059 0.6980985 0.410192 0.48418263 0.35568815 0.16543935 0.18373868 0.14007096 0.50336653 0.42074564 0.49942788 0.2541385 0.49831706 0.56104696 0.35198048 0.17857042 0.13371861 0.28969392 0.46321025 0.41210696 0.225313 0.047630005 0.025817748 0.15624966 0.10755916 -0.09909048 -0.1798698 -0.13658588 0.18565904 0.27920976 0.16135061 0.046709076 -0.15820837 -0.018760322 -0.0727268 -0.25561875 -0.36598963 -0.3814839 -0.30859634 -0.2399001 -0.17270489 -0.037553206 0.09880156 0.1695601 0.16194128 0.14057055 0.24520123 0.35295427 0.3596004 0.28217596 0.1730578 0.0049792314 -0.014903103 0.24439873 0.28245783 0.091533914 -0.07728573 -0.110710904
0.6362324 0.63035756 0.45504424 0.5443867 0.58902067 0.043238133 0.24959955 0.28857446 0.5694813 0.49059802 0.41914722 0.35022053 0.49121878 0.513528 0.31043065 0.19043903 0.13990797 0.2897229 0.41251338 0.2537976 0.049066942 -0.010559645 0.017716037 0.13120276 0.019543678 -0.11492003 -0.12635195 0.1453356 0.23673163 0.1723222 0.12044199 0.06699557 -0.078935295 -0.133323 -0.08030118 -0.105763994 -0.20905541 -0.261442 -0.25381207 -0.21661554 -0.14024405 -0.009577512 0.090873845 0.13806963 0.19619867 0.22011694 0.24703497 0.2867712 0.20674706 0.2058167 0.16173182 0.014470928 -0.032245215 0.2486082 0.29271582 0.04436607 -0.05481088 -0.1129825
0.42787033 0.4339121 0.4167927 0.5070389 0.542378 0.44980586 0.2018659 0.37549213 0.47302493 0.44579333 0.40200847 0.38588148 0.52855366 0.4364872 0.26208135 0.1838523 0.18107927 0.2605024 0.27356973 0.06629061 -0.025955483 0.04478367 0.06744267 0.037114732 -0.08159615 -0.07727967 0.09416802 0.117709234 0.13887644 0.14384614 0.124607004 0.11340347 0.055716265 0.03265486 0.012020196 -0.040319584 -0.054643963 -0.097969115 -0.0945711 -0.0606792 0.04042344 0.1158556 0.20247036 0.25478026 0.24530862 0.24575604 0.18890233 0.107367314 0.04368762 0.17139009 0.15061179 0.047716476 -0.07187663 0.2798107 0.26460493 0.060478292 -0.09790422 -0.16220793
0.34544557 0.39679238 0.4280337 0.44922468 0.44787592 0.40049383 0.34102908 0.35674784 0.36231118 0.33872876 0.3420118 0.39382482 0.47027743 0.2513993 0.22032753 0.27092162 0.22013164 0.17246732 0.11344447 -0.05263916 0.04509856 0.02620268 -0.01834846 -0.034149464 0.043073636 0.07072771 0.05650934 0.12240097 0.17069763 0.1976635 0.19472234 0.16529517 0.13144626 0.107116915 0.061845995 0.063750096 0.041179717 0.023226375 0.02543298 0.06571308 0.11803071 0.18060103 0.1768266 0.1570879 0.13523792 0.15082568 0.1225226 0.0009142888 -0.1541947 0.06231056 0.24311309 0.06322339 -0.118944384 0.27479094 0.18543541 0.041304808 -0.16736084 -0.2733063
0.26880097 0.56628644 0.5204953 0.44784373 0.46156657 0.42173505 0.34808135 0.2924765 0.27299556 0.28661546 0.2978722 0.35882333 0.3892742 0.17363644 0.27532858 0.29260314 0.1940415 0.05743027 -0.012437582 -0.0039828727 -0.033963077 -0.028787069 -0.009028434 0.01949726 0.027094482 0.085740566 0.13688105 0.15887561 0.13984837 0.15432663 0.18744573 0.18747441 0.20432748 0.20835647 0.17011021 0.22667499 0.1988042 0.08372939 0.024410155 0.018110968 0.008023308 -0.0039782072 0.059990212 0.14425057 0.12358353 0.08638852 0.033184834 0.008578835 -0.2144427 -0.09314311 0.23782979 0.06910462 -0.17102662 0.2549489 0.083901 -0.0450588 -0.20228228 -0.34572053
0.24388218 0.60197085 0.53837097 0.4610184 0.46011642 0.47349015 0.41206533 0.3254808 0.23856325 0.23126973 0.25905156 0.30873048 0.31001458 0.13049994 0.26821497 0.2505512 0.09410759 -0.013924268 -0.06098242 -0.13887922 -0.13832915 -0.077372134 0.021995174 0.08157726 0.14791436 0.20829025 0.213369 0.1741719 0.12872186 0.10473316 0.14834464 0.14522372 0.14040688 0.15554406 0.21925242 0.1997865 0.16328071 0.1285248 0.1231184 0.029511448 -0.029224237 0.12538128 0.21377994 0.25277445 0.23526578 0.12391542 -0.011799639 -0.055792175 -0.09120485 -0.046589967 0.12864764 -0.031924736 -0.13179734 0.18846698 -0.02001508 -0.15641065 -0.3594189 -0.15120958
0.28924912 0.39530382 0.3809177 0.3605357 0.47182393 0.55076885 0.4852119 0.38759652 0.32850036 0.27062133 0.25794238 0.26699683 0.19771646 0.0129180495 0.20548871 0.17647065 0.011988677 -0.09687462 -0.21687034 -0.29727358 -0.14689891 0.004216448 0.07185051 0.081220925 0.14567187 0.22464201 0.23205978 0.15405962 0.06585854 0.06384506 0.1315546 0.09238782 0.0660031 0.13574086 0.16208614 0.18114609 0.15380925 0.0642759 0.06852102 -0.069677435 0.033000346 0.12412842 0.27919292 0.34087953 0.28678098 0.21486652 0.09020851 0.0010406306 -0.09405993 -0.11445857 -0.1689841 -0.24804059 -0.12949625 0.10534435 -0.15944532 -0.3280634 -0.34264806 0.07368677
0.27627254 0.094578095 0.20422111 0.23965415 0.3778341 0.5809039 0.5901559 0.49389514 0.4737905 0.32308143 0.19885698 0.15998039 0.082696155 -0.09355265 0.15366085 0.09205496 -0.09952118 -0.22470346 -0.3863649 -0.31229433 -0.15498911 0.03750279 0.1826275 0.1644369 0.13586043 0.2855244 0.2840641 0.20034268 0.04165499 -0.009331569 0.035951152 0.0017453677 -0.007600336 0.12210326 0.13319391 0.12065025 0.18711567 0.07104896 0.027423436 -0.07979515 -0.005745114 0.045575596 0.19760227 0.4079141 0.38523772 0.26456085 0.21976104 0.16673878 0.00026839494 -0.19563861 -0.36762607 -0.44559819 -0.21656494 0.009075102 -0.27535284 -0.42529216 0.030782746 0.008439829
0.21600416 -0.123252034 0.08465223 0.14212129 0.23817278 0.5125216 0.7140888 0.6433561 0.63044506 0.4435521 0.18691151 0.0074755233 -0.04465945 -0.10509317 0.12485584 0.020696418 -0.18659218 -0.32807404 -0.46101615 -0.36014736 -0.24478333 0.049761984 0.25934386 0.29059076 0.14194714 0.25229296 0.3165095 0.23170812 0.061385352 -0.02325005 -0.0070538325 -0.08895937 -0.08042044 0.13093562 0.10327156 0.04667373 0.12636346 0.1148254 0.007921813 -0.018289354 -0.09212254 -0.04767498 0.08982246 0.41058832 0.4677491 0.33030963 0.35702074 0.32287985 0.061645664 -0.1897389 -0.43233615 -0.53231215 -0.30546257 -0.13024844 -0.4150528 -0.3617573 0.012416883 -0.025831033
0.20389634 -0.119988754 0.1404059 0.17420363 0.1976286 0.3506502 0.60937726 0.6600127 0.63744605 0.4817864 0.17203282 -0.062218193 -0.17828172 -0.06212085 0.11167815 -0.020684786 -0.23413977 -0.41803467 -0.45380652 -0.38369307 -0.23194578 0.1461172 0.32673416 0.41986853 0.19208114 0.27750972 0.32693687 0.26482823 0.15363392 0.0006438491 -0.0075285723 -0.0515093 -0.014945336 0.03132823 0.011798061 -0.0720517 0.03741747 0.113564976 0.044345055 -0.039011262 -0.004975082 -0.104891926 0.03851413 0.45089024 0.5445565 0.32136554 0.43258762 0.4278865 0.11595936 -0.13576768 -0.42993873 -0.52918345 -0.4160988 -0.32453308 -0.5552559 -0.23433904 -0.035604104 -0.09052195
0.17780492 0.19961338 0.30224967 0.2545027 0.23631221 0.32694945 0.44941482 0.44477808 0.49523306 0.43597698 0.071417905 -0.16184834 -0.33941677 0.00036848494 0.08082324 -0.011619402 -0.25042155 -0.43129298 -0.43236318 -0.26804262 -0.12165277 0.15833381 0.39508674 0.39177558 0.24992299 0.4004834 0.40565252 0.28597742 0.07330235 -0.019953562 -0.07014399 -0.023400515 -0.016616432 -0.064278424 -0.06747956 -0.0591971 -0.02423739 0.09075615 0.09165308 0.051738456 -0.050453443 -0.046639215 0.083733104 0.4402954 0.50384843 0.24999131 0.35763267 0.47399518 0.14006518 -0.064777136 -0.32855067 -0.4892681 -0.49909094 -0.5272164 -0.6354416 -0.12994793 -0.10188811 -0.15668121
0.14254726 0.47643596 0.44964948 0.28451324 0.2930077 0.37421432 0.36222017 0.133997 0.13365144 0.29711467 -0.087643564 -0.3127878 -0.42690653 -0.046469692 0.01718388 0.0025083653 -0.16643593 -0.33327296 -0.3301494 -0.15112776 0.00034125888 0.18544368 0.36361474 0.19828634 0.26298964 0.46338326 0.44050944 0.2638924 0.024570296 -0.15220553 -0.07976105 -0.017446365 -0.056973062 -0.08713508 -0.08258657 -0.03491928 -0.010713987 0.07288931 0.052640453 -0.022801835 -0.004573926 0.09316295 0.23512173 0.41792017 0.40097532 0.10666021 0.17457472 0.42520645 0.19728163 -0.07103113 -0.26695114 -0.4622493 -0.5546897 -0.6665576 -0.5437423 -0.016571913 -0.11889346 -0.12605073
0.10581215 0.4359834 0.379806 0.2791393 0.33171517 0.4278582 0.3695564 -0.029242484 -0.0049262717 0.18610366 -0.21157369 -0.4819991 -0.40599728 -0.08461346 -0.05002956 -0.027530296 -0.0744717 -0.13553259 -0.13920836 -0.053284153 0.07355989 0.15944798 0.14601825 0.11536775 0.3808438 0.5102802 0.39239734 0.16835704 -0.06381848 -0.24733344 -0.1481542 -0.06787508 0.009762897 0.047736917 -0.018581765 -0.07114563 -0.08368599 -0.046505183 -0.023771703 -0.11101189 -0.08781068 0.110883094 0.31754673 0.3806438 0.21798544 0.028317614 0.0945613 0.17488761 0.20888795 -0.058640063 -0.27414525 -0.45251554 -0.5898479 -0.617817 -0.32752538 -0.051429175 -0.0916591 -0.004578865
0.14406747 0.32086223 0.30026427 0.26066318 0.29101488 0.36147946 0.2481658 -0.06445479 0.1451681 0.075148694 -0.27950662 -0.56158435 -0.3540408 -0.12426916 -0.062138464 -0.014822801 0.0135355815 0.021949066 0.036052722 0.051887106 0.1300155 0.13540544 0.110404074 0.31205857 0.5581957 0.4791373 0.2725863 0.01005705 -0.16963999 -0.3062143 -0.26764947 -0.08798132 0.08830546 0.22648779 0.17186493 0.050431434 -0.07970028 -0.13004507 -0.157516 -0.22751825 -0.24491681 0.078939945 0.39097852 0.3889656 0.1416028 0.011533938 0.030035146 -0.0842341 0.06951046 -0.087313235 -0.2888806 -0.44901833 -0.49460006 -0.3585397 -0.09992642 -0.113520734 -0.022409571 0.09098633
0.18844661 0.29191616 0.33225262 0.24930361 0.22241902 0.20194702 0.1559248 0.12881252 0.1681035 -0.051291425 -0.31084183 -0.5738673 -0.37042946 -0.053996023 -0.037276965 0.026625419 0.20539963 0.2682051 0.25303426 0.20776238 0.21653998 0.2815138 0.36480942 0.46495762 0.45677575 0.34618708 0.14991522 -0.07084252 -0.23047237 -0.31391254 -0.276499 -0.08830805 0.11441216 0.21537833 0.15808563 0.06583811 -0.08290521 -0.18431646 -0.26262227 -0.30007216 -0.3095773 -0.015574392 0.40466604 0.4068787 0.0612834 -0.03563343 -0.018196588 -0.22792512 -0.19321316 -0.1485845 -0.2905519 -0.3062977 -0.23096591 -0.15239903 -0.12944674 -0.082955286 0.0975833 0.26016113
0.19492725 0.35083714 0.3623691 0.2652078 0.21205775 0.12799746 0.13315585 0.13398853 0.06124772 -0.11159793 -0.30747056 -0.52127904 -0.5012028 -0.0156681 0.1349579 0.35949987 0.5285209 0.5189523 0.40471205 0.3439506 0.35123652 0.3800059 0.3799829 0.36351278 0.31988382 0.22569855 0.08174175 -0.08381311 -0.2172501 -0.27740893 -0.22513558 -0.08511889 0.008908621 0.043809343 0.054459505 0.03136683 -0.14677191 -0.28936136 -0.30915043 -0.30496988 -0.26452062 -0.051398918 0.349583 0.37528372 -0.005007035 -0.11345389 -0.17506121 -0.098746985 -0.24418485 -0.256694 -0.24353217 -0.18389149 -0.10514067 -0.102112785 -4.7121906e-05 0.20635125 0.32437795 0.32866067
0.29133743 0.37136096 0.3125997 0.21016692 0.1314358 0.08417433 0.100710616 0.09591225 0.0028551829 -0.13816848 -0.2647061 -0.4354186 -0.5023338 -0.015436083 0.42144915 0.6207212 0.67942125 0.53381896 0.37707555 0.3355508 0.32268152 0.3012925 0.35544577 0.40361363 0.2771459 0.19934633 0.11694228 -0.011621279 -0.09131921 -0.16206142 -0.13369767 -0.06670308 -0.024173597 0.0040519554 -0.009326036 -0.10162021 -0.26695248 -0.39682165 -0.32149532 -0.28232282 -0.28627688 -0.093789585 0.23572023 0.32132074 -0.062174592 -0.24353918 -0.23935841 0.11437302 -0.045391556 -0.19404583 -0.32161218 -0.20743823 -0.0545628 0.082484774 0.21479312 0.28472337 0.25168896 0.14493024
