static/data/seaWater_vo/2023/7/26/18.asc
ncols 137
nrows 93
xllcorner 108.0
yllcorner 17.0
cellsize 0.25
NODATA_value -32767
[rows 26 to 51 of 93, columns 58 to 115 of 137]
0.1499211 -0.011133485 -0.08457577 -0.21064971 -0.16148369 -0.12687056 -0.08958815 -0.008664455 -0.07532329 -0.13492718 -0.07464446 -0.05658749 -0.023227382 -0.006583134 0.024369126 0.12652428 -32767.0 -32767.0 -0.0040268884 0.29618424 0.2500595 0.16547218 0.17139843 0.12494028 0.060124464 0.021843813 0.08322339 0.025326468 0.042950142 0.07354209 0.07734525 -32767.0 -32767.0 -32767.0 -32767.0 -32767.0 -32767.0 -0.13239348 0.1034337 0.22712842 -32767.0 -32767.0 -32767.0 -32767.0 -32767.0 -0.028786026 -32767.0 -0.2728473 -0.2920778 -0.115585856 -0.16481441 -0.2562969 -0.12010194 -32767.0 -0.36027426 -0.58529305 -0.2518899 -0.065880455
0.049744796 0.12701958 0.091170594 -0.013957029 -0.04383516 -0.055551402 -0.028508365 0.046414066 -0.04151527 -0.06792068 -0.06917082 0.18757032 0.16322885 0.09426604 0.12125761 -32767.0 -32767.0 0.02098592 0.034832492 0.3108461 0.29727805 0.16117832 0.0907712 0.0016247617 -0.019842856 -0.021448225 -0.03802113 -0.048257284 -32767.0 -32767.0 -32767.0 -32767.0 -32767.0 -32767.0 -32767.0 -32767.0 -32767.0 -0.25262678 -0.040312864 0.23602346 -32767.0 -32767.0 -32767.0 -0.15834849 -0.17024465 -0.051394306 -0.19206163 -0.05068426 -0.18422903 -0.072862394 -0.09746963 -0.38772348 -0.049199373 -0.39437935 -0.6269501 -0.40664685 -0.20507352 0.03462929
0.08493195 0.07045682 0.07287537 0.1511714 0.13986336 0.121623695 0.1445254 0.12589966 0.08139675 0.12122668 0.14573306 0.30783698 0.22424799 0.13822614 0.12918213 0.16401935 0.14280747 0.11135747 0.1281985 0.2746841 0.2614005 0.15659943 0.06525213 -0.041050553 -0.16398442 -0.057403304 -32767.0 -0.18385433 0.22733197 -32767.0 -32767.0 -0.028989729 -32767.0 -32767.0 -32767.0 -32767.0 -32767.0 -32767.0 -0.13978447 0.028215984 -32767.0 -32767.0 -0.17520304 -0.061423715 -0.019500554 -0.06146211 -0.13513783 -0.21095942 -0.17103055 -0.26690018 -0.27904937 -0.27055228 -0.40480834 -0.4965486 -0.458161 -0.336482 -0.102787144 0.09453839
0.0715452 -0.027960714 0.006446535 0.038444534 0.021714441 -0.038128387 0.1079606 0.17483073 0.15664546 0.23003507 0.20479052 0.13466884 0.15264027 0.3009075 0.21641862 0.20249462 0.12064361 0.093997456 0.19978921 0.26256433 0.2527612 0.20213455 0.029718056 -0.14008397 -0.20229964 -32767.0 -0.075117365 -0.06779862 0.1910043 0.24264458 0.101741485 -32767.0 -0.03202787 -32767.0 -32767.0 -32767.0 -32767.0 -32767.0 -0.09287233 -0.22276297 -0.31341314 -0.20703012 -0.008593762 0.028118629 0.100473784 0.07677387 0.00306382 -0.19561754 -0.5811865 -0.5387014 -0.47543964 -0.51303446 -0.49390498 -0.41715878 -0.32562265 -0.21677576 -0.023374166 0.041639913
0.10999435 0.032450728 0.11988062 0.13291034 0.10990231 0.0840551 0.05889004 -0.11429371 0.030655697 0.1454135 0.14746287 0.069837734 0.18052046 0.4507631 0.28694472 0.15839942 0.13576415 0.11961743 0.20594208 0.21328945 0.21434522 0.20525588 0.113009006 -0.09501968 -0.15051097 -0.17275853 -0.11884262 -0.047511272 -0.053238016 0.22497004 0.1875241 0.0131987715 0.020228958 -32767.0 -32767.0 -32767.0 -32767.0 -0.09434107 -0.07346287 -0.29336917 -0.4050975 0.039838765 0.106751055 0.21360824 0.2789386 0.22027642 0.037829593 -0.20881836 -0.6439687 -0.8111682 -0.56577694 -0.38583437 -0.24269758 -0.1413107 -0.14421938 -0.18391645 -0.04264803 -0.069049776
0.17136922 0.011694567 0.006135506 0.13458681 0.09084928 0.022024944 0.09277144 -0.001089531 0.04690364 0.04619521 -0.0070193503 -0.0109692635 0.042348757 0.36947724 0.26641607 0.10992665 0.17230143 0.14488609 0.17830537 0.18851388 0.23084278 0.2207232 0.14835325 0.06441739 -0.02927489 -0.043576974 -0.08114052 -0.14017665 -0.2674378 -9.5330586e-05 0.077256426 -0.05663777 -0.13211466 -32767.0 -32767.0 -32767.0 -32767.0 -0.06811961 -0.005519822 -0.58953416 -0.10670936 0.3161259 0.5048763 0.646188 0.5196831 0.29677373 0.020783387 -0.28027302 -0.64668345 -1.148235 -0.3413426 -0.19129725 -0.12296454 -0.22025701 -0.08132747 -0.1805766 -0.23953117 -0.22424619
0.29905552 0.13102384 0.16862611 0.11515444 0.079353146 0.0042818794 0.09179407 0.108301595 0.100169055 0.0052869096 -0.0150695825 -0.008732505 -0.02701424 0.10243122 0.065181114 0.13108818 0.18150568 0.19004488 0.21692204 0.22924103 0.31816694 0.25854445 0.22561763 0.09183069 0.029718269 -0.025052575 -0.07195392 -0.16600578 -0.29923296 -0.3553746 0.15892361 -32767.0 -32767.0 -32767.0 -32767.0 -32767.0 -0.03133623 -0.1984221 -0.015820952 -0.090754315 0.1585944 0.6905075 0.750518 0.5986992 0.3998427 0.22873823 -0.07068123 -0.3504385 -0.49765486 -0.7342982 -0.9316453 -0.5344006 -0.26226357 -0.34180248 -0.22420259 -0.05872394 -0.38311827 -0.3522903
0.43290603 0.13602412 0.2633755 0.1489238 0.102528766 0.09509955 0.035430614 0.09424862 0.1170035 0.07968038 0.05362131 0.014130957 0.06670639 0.13336894 0.1297143 0.13056709 0.18444757 0.21316102 0.212722 0.20024498 0.29579192 0.2907419 0.31580383 0.17907524 0.07774858 0.048995536 -0.0816218 -0.18890923 -0.29281467 -0.44140628 0.1106538 -32767.0 -32767.0 -32767.0 -32767.0 -32767.0 -0.13831107 0.43395746 0.3700283 0.33988488 0.54104155 0.69951165 0.6169435 0.4677625 0.288199 0.09893529 -0.1007013 -0.29395697 -0.42128235 -0.5001844 -0.5640108 -0.62892765 -0.71645635 -0.78135765 -0.6549001 -0.31678206 -0.3723826 -0.3370488
0.5800671 0.45144737 0.45421892 0.35202006 0.13684924 0.16339993 0.104193136 0.049700648 0.40557426 0.19149238 -0.051676963 -0.03547488 0.04385156 0.05718092 0.08246519 0.16457999 0.094856165 0.17160182 0.17364618 0.23872294 0.35518056 0.3936187 0.3361236 0.19122306 0.11320047 0.07166239 -0.031003393 -0.21185808 -0.25056857 -0.23650637 0.18036182 0.046347987 -32767.0 0.11926108 -32767.0 -32767.0 0.044745643 0.59358937 0.5035725 0.54616666 0.76368076 0.7998178 0.6114734 0.4868553 0.28492615 0.059871927 -0.10749052 -0.21142794 -0.27377772 -0.29212534 -0.36203653 -0.46963498 -0.6049412 -0.7566937 -0.9187792 -0.87312806 -0.43985808 -0.2771173
0.45256495 0.2254463 0.41606957 0.5030041 0.38049728 0.25048193 0.12905475 0.32766873 0.22482868 0.11207368 -0.040359206 -0.12681322 -0.11132003 -0.036417913 0.049373638 0.12473811 0.12765028 0.14627732 0.2111687 0.24346109 0.43394387 0.38048434 0.32253867 0.24047004 0.19499299 0.088545926 -0.02720898 -0.18637174 -0.14797446 -0.15847927 0.053182945 0.121693805 -0.022177031 0.100044295 -32767.0 -0.27539274 0.38270158 0.59188527 0.43089697 0.56498283 0.9001854 1.0687238 0.70927215 0.48973393 0.2627662 0.051283058 -0.100890025 -0.20331568 -0.253597 -0.27951133 -0.28844792 -0.3416949 -0.44778898 -0.62397724 -0.84249765 -1.0278672 -0.9042369 -0.34055814
0.2876561 0.22579099 0.29003242 0.3357566 0.34001982 0.2928695 0.20556115 0.1074787 0.014924764 0.16918267 0.13529396 -0.049604002 -0.082235456 -0.0016671593 0.031089783 0.11174828 0.1525719 0.24240854 0.2800143 0.40675926 0.4655972 0.33801958 0.27783486 0.27178487 0.2777043 0.19673124 0.044100117 -0.03702568 -0.046467863 -0.03635088 -0.060619287 0.05325265 -0.122235864 -32767.0 0.66020846 -0.21769404 -0.697729 0.5321696 0.15415008 0.51373595 0.9965397 1.1983554 0.862841 0.4770181 0.2885617 0.09153246 -0.07534014 -0.18772022 -0.22759417 -0.28524834 -0.16815737 -0.24104714 -0.35133004 -0.5174892 -0.7351247 -1.0089519 -1.1603932 -0.50960976
0.11341993 0.36664152 0.4649571 0.4219316 0.4598159 0.28280386 0.17466351 0.08905892 0.11518625 0.2637586 0.103331715 0.06423888 -0.0022601646 0.19593956 0.18820086 0.21258476 0.26525402 0.27861142 0.441104 0.5087701 0.3947639 0.40008917 0.27896813 0.21940468 0.21871372 0.25552675 0.24648732 0.19465835 0.0940699 -0.014119072 -5.422707e-05 -0.09566515 0.014915963 0.07772729 0.18831398 0.2835468 -0.020508058 -0.12968747 0.2797752 0.54094744 1.2055995 1.2682773 0.70988375 0.22592553 0.2267963 0.12589851 0.019707894 -0.09024906 -0.21018712 -0.15102528 -0.124685735 -0.23655774 -0.35109317 -0.48997697 -0.6449825 -0.8782903 -1.133824 -0.5996851
0.17471637 0.41154182 0.43703508 0.46159345 0.48759037 0.34488562 0.20555323 0.21900445 0.18291795 0.17412236 0.15395059 0.12894565 0.0985588 0.11637507 0.1788052 0.23546928 0.22683908 0.40247396 0.43338743 0.45384908 0.26726475 0.3300246 0.3073719 0.13809484 0.11589392 0.19094189 0.23848048 0.28700092 0.33998817 0.24237573 0.016703447 -32767.0 -0.01108347 -0.5042105 -32767.0 0.12130446 -0.23312154 -0.00018509963 0.29365692 0.70391226 1.3737863 1.3358026 0.5773543 0.0074903695 0.15982826 0.14224355 -0.00047367677 -0.14395157 -0.22492634 -0.11659695 -0.03784859 -0.008911993 -0.21781123 -0.39294848 -0.6734675 -0.75161177 -0.87985134 -0.48644456
-32767.0 0.37135857 0.4478146 0.548025 0.52662086 0.36220086 0.24284504 0.24788284 0.26870343 0.25605774 0.27724013 0.20307222 0.18523516 0.14540741 0.1296748 0.15074798 0.22701071 0.33490625 0.47122747 0.4197814 0.29134557 0.34532553 0.34898826 0.23759034 0.1702669 0.18017972 0.22678573 0.30597955 0.39522162 0.3142587 0.016742775 -0.73377204 -32767.0 -0.9890558 0.3786706 -0.06962435 -0.12215759 0.024402667 0.3423391 0.92435575 1.3187264 1.2027645 0.35322762 0.105053894 0.116686046 0.09664275 0.00791784 -0.10489864 -0.11302951 -0.044134393 0.050250396 0.09132913 -0.12655807 -0.35202757 -0.6461242 -0.6571259 -0.56518054 -0.22465713
0.19452594 0.40560448 0.5022184 0.6551263 0.5314345 0.37527457 0.2825487 0.3223242 0.30665842 0.24548946 0.26469812 0.27558577 0.26505193 0.29357886 0.46877614 0.47855082 0.34407398 0.26595214 0.43083912 0.38389817 0.37306172 0.43367472 0.40717614 0.33062735 0.27179697 0.2507069 0.28264722 0.3459622 0.35060722 0.30610037 -0.08328994 -0.43381807 -0.6059428 0.020613657 -0.29091302 0.052419286 0.04957485 0.14029843 0.46993458 0.9791233 0.9767113 0.81534326 0.314506 0.30081162 0.0816466 0.017297775 -0.04917806 0.025286546 0.022816902 -0.033741087 -0.06365108 0.03840631 -0.17600647 -0.38630345 -0.57778716 -0.5511256 -0.33839038 -0.035910442
0.2567093 0.53108203 0.60416776 0.63451165 0.5143106 0.37036118 0.28171247 0.25542542 0.25187305 0.22616722 0.23231712 0.26106083 0.26608863 0.29266143 0.34402156 0.37568432 0.28676417 0.27690607 0.3439231 0.3999907 0.521636 0.6788259 0.62187266 0.4468633 0.24449967 0.13011636 0.0999188 0.08897437 0.1540853 -0.037166767 -0.13466495 0.07813874 -0.27077505 -0.40970385 -0.26351604 0.04190477 0.0022000817 0.22403559 0.5582615 0.79771644 0.5747229 0.43680772 0.36363205 0.21898057 0.02564415 -0.0380083 -0.0458607 0.035074174 0.08306912 0.012874137 -0.10010405 -0.059256442 -0.18424381 -0.3548945 -0.4329558 -0.35967043 -0.12940283 0.22750074
0.37768096 0.50691825 0.5063858 0.4509192 0.44221532 0.4487322 0.3177959 0.1378752 0.18354547 0.21778424 0.2540799 0.28080264 0.2741202 0.28693148 0.30906317 0.3113531 0.34733 0.3629543 0.3766064 0.5226862 0.76833 0.73776597 0.5621317 0.3526201 0.1691937 0.050741162 0.004138425 -0.033224348 0.028701777 -0.2177598 -0.19270724 -0.13551286 0.07870561 0.045968935 0.12736009 0.18805803 0.21110655 0.2518329 0.37481093 0.41182858 0.25254998 0.1936728 0.2525064 0.08328457 -0.028000986 -0.16507871 -0.082453445 0.061069325 0.10233599 0.13735199 -0.0188015 -0.23458062 -0.26199442 -0.31793797 -0.34164742 -0.26370382 -0.0069512846 0.14114907
0.53651786 0.5281899 0.4998383 0.45806345 0.42146376 0.3261028 0.15858023 0.19287391 0.14273484 0.18665183 0.17823549 0.3294524 0.3072345 0.2474729 0.2347239 0.2655018 0.32258186 0.32334322 0.5429178 0.80732954 0.79188794 0.62944984 0.49847123 0.32766885 0.15221821 -0.008488543 0.0037080813 0.050026692 -0.14459495 -0.1445011 -0.11179193 -0.20466165 -0.06317205 0.23295273 0.29314506 0.2880368 0.34000033 0.3032923 0.23797442 0.10783318 0.118076 0.112191245 0.15241893 -0.048372813 -0.118463695 -0.1934085 0.058707766 0.16489808 0.114493124 0.14288075 0.06958848 -0.15461546 -0.38072506 -0.39153224 -0.34077293 -0.163689 0.0013056893 0.21703587
0.45919386 0.55889726 0.5287149 0.36968005 0.36131546 0.28002957 0.035590403 -0.08669565 0.12823348 0.25038773 0.27693567 0.30992684 0.30631804 0.3176095 0.28500736 0.23361656 0.2231621 0.38512802 0.6476476 0.8634901 0.72367996 0.5743807 0.4860953 0.4375735 0.2563829 -0.011884759 -0.084006645 0.012036521 0.08723124 0.05539147 -0.024614826 -0.040414385 0.07460782 0.17555748 0.1734501 0.14616092 0.1258605 0.1399881 0.11764716 0.096110106 0.08511985 0.09958987 0.04622806 -0.124150105 -0.18602781 -0.08698191 0.12824364 0.16286553 0.13321066 0.18173848 0.07391013 -0.15969668 -0.2831702 -0.44825962 -0.44834295 -0.20680158 -0.030995563 0.16974157
0.6101166 0.62759984 0.5022427 0.2540514 0.15691857 0.24725027 0.14281449 -0.037136048 0.07364343 0.1826475 0.24422929 0.23741733 0.28712654 0.259518 0.26003805 0.14299385 0.24963222 0.36087817 0.7680043 0.9557975 0.6040158 0.48638985 0.4100783 0.37977323 0.26980388 0.17547596 0.058751952 0.028864982 0.021607256 0.0669113 0.09290404 0.0459583 0.054521047 0.12193057 0.17202339 0.20090674 0.219648 0.1966529 0.10577462 0.02536043 -0.025486374 -0.04057562 -0.03834091 -0.15850155 -0.134699 -0.05973296 0.09107478 0.0888332 0.18889318 0.24736565 0.093248375 -0.06784347 -0.23606822 -0.40282428 -0.3885397 -0.25586665 0.0015660945 -0.194261
0.7435909 0.5588322 0.35261565 0.119283654 0.16099021 0.28029993 0.16054513 0.07851298 0.075225465 0.20596455 0.26902807 0.21422149 0.18352243 0.1688461 0.04503061 0.20459378 0.19346975 0.38128048 0.92542434 0.96234363 0.5046224 0.37036246 0.23702173 0.26481292 0.24398 0.2292827 0.16831347 -0.008246784 -0.03683783 0.16462672 0.10174635 0.24042527 0.2730812 0.3054836 0.33910936 0.31012774 0.20347786 0.062377855 -0.06321498 -0.17941737 -0.26998654 -0.23773615 -0.1625668 -0.20559043 -0.15406817 -0.11278797 -0.093422 -0.040594094 0.1535198 0.33220538 0.30139214 0.10673179 -0.11472627 -0.40794295 -0.39860344 -0.16261797 -0.2962197 -0.19943531
0.6589779 0.32240745 0.09853337 0.17998557 0.16759968 0.14443246 0.24175593 0.19198461 0.08942119 0.22962585 0.29352835 0.15721868 0.108113885 0.08577055 0.06823609 0.2711681 0.3321253 0.6169144 0.8637115 0.84204376 0.4695291 0.2729167 0.06772606 0.012232146 0.101164564 0.34909 0.2580207 -32767.0 0.10158407 0.28351048 0.29178575 0.3071012 0.30810475 0.3735133 0.32661772 0.20571528 0.08076983 -0.0170949 -0.10973692 -0.26701626 -0.44257054 -0.3619184 -0.24048077 -0.20277001 -0.22721225 -0.30010217 -0.18182166 -0.09021679 0.041394483 0.27862915 0.5051622 0.2290959 -0.02005753 -0.42383665 -0.39574033 -0.31854427 -0.27063757 -0.11581849
0.3843371 0.13257757 0.032652386 0.11774844 0.2833938 0.24638276 0.053033583 0.104630955 0.041947227 0.13237318 0.3052836 0.14807451 0.16261958 0.09983655 0.07607829 0.28964984 0.5324002 0.77080846 0.6684235 0.63649255 0.39564875 0.19332512 0.065601215 0.058335327 0.056292016 0.08782807 0.24269606 0.3433863 0.27715337 0.31947318 0.27796233 0.32361323 0.37759596 0.2642142 0.21879809 0.16746575 0.06597094 -0.05921763 -0.23167023 -0.32392204 -0.5170948 -0.40430057 -0.27209833 -0.21972892 -0.32801804 -0.31981453 -0.02505947 -0.006695889 -0.005574434 0.009403061 0.35181087 0.3072868 -0.07541301 -0.30380192 -0.40408784 -0.3296863 -0.21120088 -0.19696605
0.1750906 0.04912993 0.14057277 0.3070946 0.24381223 0.040737666 0.047844674 0.014403629 -0.02072083 0.05123417 0.21591178 0.09864594 0.10309984 0.12984154 0.26139218 0.56001645 0.7863958 0.625042 0.48567978 0.40876493 0.29838252 0.106268086 0.029658914 -0.018521959 0.042743027 0.21669008 -32767.0 0.41022557 0.391057 0.34009227 0.32181677 0.36882225 0.25179905 0.29990083 0.3360234 0.25132602 0.027894905 -0.14709197 -0.27393833 -0.39835972 -0.5683497 -0.39965495 -0.27428377 -0.3071951 -0.40993738 -0.103994705 -0.038069222 0.000872785 0.0103326505 -0.106122635 -0.02916816 0.21652493 -0.019624196 -0.28243354 -0.32638028 -0.19830735 -0.22090138 -0.35492983
0.09984193 0.06375517 0.3084765 0.33876014 0.17416628 0.047030486 0.04532975 0.00010868294 -0.0111389 0.017948685 0.061108798 0.0059118774 0.18322872 0.27434355 0.55278504 0.7900594 0.5938199 0.3469315 0.38817006 0.31687862 0.14435142 0.03541504 -0.04250371 -0.054096516 0.019135382 0.18621752 0.23768215 0.39147452 0.445413 0.42102346 0.4009265 0.2968293 0.3168664 0.43075547 0.40512192 0.22976378 0.023957094 -0.18846643 -0.3167241 -0.50905377 -0.51215476 -0.43321985 -0.34052432 -0.46067148 -0.24806015 -0.104463585 -0.081797384 -0.028785238 0.05873548 -0.058214094 -0.3118419 -0.05621308 -0.0330661 -0.09845212 -0.082487635 -0.045119636 -0.15384899 -0.29819837
0.03408114 0.17448919 0.3288447 0.32219282 0.33525595 0.092463404 -0.017970558 -0.055319995 0.020881092 0.056959562 0.060552582 0.12402661 0.37865555 0.66761136 0.6428754 0.5531167 0.4103387 0.4004581 0.36999354 0.23430687 -0.051921524 0.036579624 -0.02418572 -0.06017291 0.027283564 0.112106726 0.24920705 0.41849977 0.49285436 0.5125489 0.41998702 0.27653864 0.35130116 0.46013653 0.35162 0.15009785 -0.024860142 -0.18404098 -0.4205402 -0.5751407 -0.45673612 -0.40677938 -0.42438707 -0.45167887 -0.0021973688 -0.091964096 -0.09417496 -0.038610082 0.07228239 -0.016857157 -0.32618216 -0.17812172 -0.14685452 -0.11796074 -0.1288762 -0.1416795 -0.09438765 -0.23491257
