static/data/seaWater_vo/2023/7/26/6.asc
ncols 137
nrows 93
xllcorner 108.0
yllcorner 17.0
cellsize 0.25
NODATA_value -32767
[rows 52 to 77 of 93, columns 58 to 115 of 137]
0.17238314 0.10929755 0.21693711 0.27982762 0.32868028 0.22559713 0.07740341 0.17382574 0.36899155 0.4054644 0.26622143 0.357164 0.7004659 0.87255716 0.8319019 0.5761439 0.67842394 0.59736913 0.36468753 0.13204968 -0.00064391876 0.17796841 0.06539347 0.007710115 -0.025245996 0.16249004 0.24052438 0.3759464 0.5278573 0.76756257 0.626633 0.5148731 0.5907928 0.5367088 0.30774176 0.108680554 -0.053077 -0.23106363 -0.3289023 -0.25005344 -0.22614095 -0.16466644 -0.28531733 -0.01564693 0.2554326 0.31666574 0.3518147 0.40833318 0.48088393 0.34309408 -0.050870795 -0.35057795 -0.17308907 -0.02042397 0.072785914 0.034618266 -0.015732383 -0.15732682
0.16677465 -0.0068556294 0.04346621 0.15312397 0.2726021 0.1396031 0.07431142 0.18440817 0.2800527 0.43044245 0.30075896 0.40766743 0.7378781 0.7249771 0.65064895 0.6258909 0.6406068 0.46010804 0.12790534 0.11308086 0.26471266 0.19059636 0.0492606 -32767.0 -0.18007793 0.118594356 0.2833631 0.4657601 0.49678227 0.71992284 0.6474528 0.49592054 0.53377753 0.4738655 0.28741658 0.107649416 -0.07723228 -0.1752485 -0.20799892 -0.25770542 -0.26902884 -0.33902854 -0.060942024 0.117503025 0.22663388 0.27757853 0.31974062 0.4301528 0.5278751 0.4748307 0.12621419 -0.3173773 -0.25104383 -0.013908545 0.046534847 -0.0016207389 -0.011979907 0.046715118
0.24348406 0.07668845 0.083048426 0.19539773 0.22850446 0.19922279 0.1402199 -0.015321309 0.008249199 0.1596721 0.22663668 0.40462846 0.7586661 0.6369501 0.5936236 0.5511165 0.55070704 0.1869754 0.07320106 0.18770418 0.18344143 0.13752936 0.08561716 0.08828486 -0.17511858 0.013986802 0.16361657 0.40963393 0.5880961 0.6121082 0.6046594 0.42574254 0.44568995 0.3833963 0.23067838 0.042778123 -0.09050481 -0.16605027 -0.24089213 -0.33017156 -0.37843257 -0.15513833 0.04815883 0.211564 0.2703757 0.29245028 0.31217614 0.41298214 0.5504041 0.53962636 0.34978464 -0.10225256 -0.30768174 -0.10333879 -0.023451993 0.062360518 0.022725485 0.06414567
0.24559563 0.3102656 0.26251787 0.28594542 0.19733322 0.20825744 0.13234682 0.11264581 0.17850345 0.28025213 0.33886516 0.5299169 0.73568356 0.56975114 0.60122305 0.42998526 0.31331632 0.2285389 0.17819636 0.15322119 0.1906029 -32767.0 0.03790598 0.17522147 -0.06131525 -0.04135833 0.15701064 0.31968594 0.5079586 0.47743902 0.5147817 0.37061092 0.364794 0.31156328 0.16810971 0.014161202 -0.10741024 -0.23048909 -0.366711 -0.4281173 -0.22496879 -0.0077006337 0.20900506 0.3484006 0.38959053 0.35495895 0.35498074 0.41518223 0.5500989 0.5451112 0.48875266 0.23719434 -0.24581999 -0.28281718 -0.098514244 0.006608871 -0.020212678 0.05364517
0.4192006 0.6226077 0.5585444 0.33029413 0.24668019 0.14377847 0.22690715 0.23684913 0.30645272 0.4167089 0.47598737 0.54006517 0.45040515 0.6626246 0.53848237 0.28510764 0.0184815 -0.0180835 0.056759715 0.2768218 0.17491098 0.1326305 0.08136944 0.0038123582 -0.03930935 0.07076561 0.20563722 0.40587717 0.32957482 0.333021 0.4084148 0.38591936 0.25331125 0.26244497 0.12245758 -0.012513528 -0.14787246 -0.33318788 -0.4579949 -0.27489948 -0.12453739 0.026556274 0.13817383 0.3143473 0.5004432 0.41026253 0.3049805 0.3703387 0.5293046 0.46045834 0.5259905 0.391261 0.08110624 -0.35810345 -0.23158766 -0.12095396 -0.11610427 -0.014573526
0.76172876 0.98683935 0.786453 0.39658558 0.24767837 0.26319847 0.21255073 0.3944398 0.38913393 0.40592277 0.3056831 0.37968624 0.59535253 0.5161694 0.50725347 0.29845414 -0.11727888 -0.15145645 0.077404946 0.3581224 0.26319262 0.25389162 0.18259917 -0.02440354 -0.16602054 0.0044025327 0.21395774 0.21564849 0.12828293 0.29510945 0.32514668 0.37709466 0.2044036 0.18012446 0.08059887 -0.06461818 -0.27215448 -0.43004617 -0.3235183 -0.210709 -0.13813023 -0.085695736 0.055957563 0.30825847 0.56396157 0.49610275 0.35041633 0.3230226 0.5550282 0.46548274 0.40957972 0.4265228 0.21846744 -0.10801949 -0.33180946 -0.2295674 -0.16888128 -0.0024685347
1.1316527 1.2714819 0.8059658 0.4514218 0.26764157 0.17155933 0.2561012 0.24844366 0.19473268 0.3194706 0.42521492 0.4845405 0.4193466 0.33378053 0.4346827 0.20937195 -0.1215136 -0.015607031 0.2464947 0.2711748 0.33263317 0.32909286 0.22632141 -0.0023994416 -0.1889098 -0.02873128 0.048574537 -0.017140856 0.031879317 0.27075568 0.31062147 0.22917362 0.2506581 0.063450724 -0.019923702 -0.19671895 -0.40114814 -0.43360582 -0.25999156 -0.2017894 -0.15318847 -0.04491469 0.19092041 0.38125786 0.50128657 0.50183815 0.39469117 0.41668913 0.56686616 0.5134447 0.3269815 0.37249863 0.31611922 0.15532778 -0.035983056 -0.20347098 -0.14042608 0.047054034
1.6210347 1.1940415 0.75373626 0.4579818 0.26524028 0.19327755 0.024750888 0.18016899 0.38023782 0.49427745 0.5136186 0.41095194 0.22295515 0.44187757 0.40609837 0.068521425 0.026589302 0.15942433 0.17283532 0.3240855 0.3594859 0.22147195 0.1583492 0.021813596 -0.028548524 -0.004271657 -0.12507345 -0.16174093 0.050319113 0.3110659 0.33375102 0.10826354 0.2558218 0.09587162 -0.06446194 -0.26423943 -0.4222572 -0.39330056 -0.19920638 -0.14534314 -0.102385476 0.046187628 0.23442578 0.3628064 0.451124 0.47385007 0.38886645 0.47185257 0.5719191 0.49240333 0.29274067 0.22886014 0.30674726 0.30504748 0.09948458 0.0052236314 -0.010301197 0.033945236
1.3690982 0.9213024 0.6184111 0.41825226 0.25593832 0.039186385 0.15083057 0.29354933 0.49013302 0.4115914 0.5678086 0.109978914 0.21846952 0.48539913 0.38913646 0.15415551 0.04813163 0.14436679 0.29792473 0.37521216 0.25801936 0.08066849 0.037241206 0.020685164 -0.014059773 -0.12063978 -0.21131188 -0.15300602 0.07494293 0.3095535 0.25944313 0.053959824 0.04993646 0.13220574 -0.051752754 -0.24184173 -0.35980478 -0.33311898 -0.1659748 -0.062006466 0.044245653 0.18261082 0.2866731 0.39513853 0.4035464 0.36857623 0.32005048 0.41219866 0.4649653 0.3893231 0.22425763 0.0695953 0.18335141 0.37932757 0.24891515 0.05975672 -0.012469504 -0.03469173
1.0273834 0.6722198 0.4394508 0.4714475 0.31819507 0.17261866 0.18159015 0.17666936 0.52184683 0.4160428 0.5207308 0.22129087 0.5057152 0.4815189 0.24857968 0.11366629 0.13593431 0.2838181 0.3810327 0.29829213 0.1299715 -0.01784274 -0.0099280905 0.05154184 -0.0002429703 -0.1831465 -0.20812939 -0.07971084 0.22632056 0.22904488 0.1376089 0.040722076 -0.14778404 0.02545185 -0.009630334 -0.15817848 -0.25505012 -0.290022 -0.19143105 -0.06007071 0.03139481 0.21059775 0.2882658 0.2980729 0.34401754 0.28485012 0.33118224 0.4044505 0.3788478 0.286751 0.1680313 0.058973864 0.024188558 0.38239735 0.31002176 0.060096096 -0.003645861 -0.047765438
0.6632439 0.64174306 0.44217944 0.5437684 0.58453196 0.021344297 0.20304659 0.31007445 0.54280007 0.4515624 0.36441088 0.3464909 0.5054706 0.42157587 0.20636655 0.1197003 0.13285576 0.24264033 0.32580194 0.14976832 -0.011111161 -0.03373649 -0.0024489083 0.06893582 -0.0225188 -0.17432505 -0.14778273 0.13122547 0.16740936 0.13062274 0.10427431 0.040218126 -0.11847556 -0.08844178 -0.014355169 -0.05296036 -0.11263748 -0.1247354 -0.092773244 -0.021464426 0.086871155 0.22307524 0.3063558 0.31530842 0.29395086 0.30140838 0.27750468 0.30796567 0.24201189 0.185385 0.17549028 0.053870592 0.005671213 0.37209842 0.31667408 0.044688355 -0.06025051 -0.05327621
0.44613254 0.4261505 0.41309556 0.4319213 0.5146736 0.43501273 0.15294836 0.33929786 0.42689455 0.39784858 0.37619874 0.41810432 0.53886014 0.3615532 0.1948256 0.12592945 0.15455125 0.19052432 0.18431163 -0.0050389916 -0.04364629 0.0114052715 0.0020674155 -0.031795945 -0.1227385 -0.07124246 0.11289039 0.094196334 0.12090214 0.119571455 0.10906487 0.085619 0.0029584137 -0.040886816 -0.06635959 -0.040259592 -0.06150312 -0.034764938 0.018671753 0.088279426 0.16366296 0.22097315 0.22693108 0.23256853 0.21746038 0.18529359 0.16680008 0.1060792 0.025553163 0.22711568 0.17358159 0.043107986 -0.046483535 0.3897909 0.25775805 0.038705256 -0.097732104 -0.10635859
0.39189678 0.39536268 0.3889883 0.42928573 0.4375429 0.34233746 0.2870617 0.30681083 0.30609962 0.30149227 0.30722484 0.3858799 0.44310805 0.24061555 0.16535974 0.20725885 0.15641041 0.12615812 0.025572164 -0.082764834 0.003227133 -0.04920057 -0.08819123 -0.07756035 -0.022556698 -0.0004797922 0.013265302 0.06262887 0.12145543 0.17014292 0.16275112 0.13139819 0.08773135 0.06913822 0.04789365 0.021655124 -0.010878589 -0.051785555 -0.021186994 0.008485212 0.069956705 0.10603658 0.15879868 0.12718041 0.08634534 0.089558 0.0610071 -0.044711147 -0.17257555 0.19894837 0.24379899 0.05275302 -0.10362991 0.3979138 0.17706293 0.0063463687 -0.1140468 -0.21904331
0.34116095 0.57705826 0.5170439 0.46379173 0.43164533 0.37878168 0.34080416 0.29773974 0.23777221 0.25314692 0.2706603 0.33459067 0.35863036 0.14718398 0.2534796 0.20130995 0.1528413 0.016550807 -0.094921075 -0.06986697 -0.12749812 -0.12570915 -0.0939556 -0.07005552 -0.04119366 -0.01994788 0.011383252 0.06781925 0.110107526 0.16305341 0.15993428 0.15792929 0.15482138 0.14831033 0.15263104 0.15789042 0.13227837 0.039454114 -0.059198603 -0.038976837 -0.029152438 0.0023215262 0.0774338 0.11448718 0.10972454 0.025237974 0.060848057 -0.11650243 -0.23324518 0.07282934 0.25392008 0.025145506 -0.10022741 0.32746944 0.09838821 -0.086883605 -0.19136521 -0.26616243
0.33897913 0.6388274 0.5550542 0.45877317 0.44964603 0.46068147 0.4176523 0.32512668 0.25938326 0.22091278 0.2541419 0.29407212 0.29760358 0.09407709 0.21352035 0.18355083 0.08107177 -0.10161796 -0.109761916 -0.20594926 -0.23203057 -0.14140238 -0.039749872 0.010347397 0.02653823 0.045071993 0.054771688 0.04481997 0.03474568 0.07032822 0.12486601 0.11129173 0.11086718 0.1595281 0.16376145 0.14714584 0.10591687 0.067737706 0.0377414 -0.025933687 -0.03992582 0.08192497 0.22105125 0.25644904 0.18262732 0.10579224 0.0034986464 -0.0958678 -0.137832 0.02967878 0.108381234 -0.033792753 -0.12471128 0.23437504 0.0111439 -0.16491342 -0.33395085 -0.102266535
0.32061312 0.49040836 0.44864747 0.41109148 0.47255975 0.54482555 0.47795737 0.39745793 0.31077808 0.28382698 0.2559626 0.2625357 0.1798998 -0.004889715 0.19321258 0.18555279 -0.0015120438 -0.138285 -0.2642084 -0.34248766 -0.19451731 -0.04927591 -0.0069954717 -0.017879901 0.005198604 0.043111343 0.1152585 0.023925342 -0.0643618 -0.03880723 0.051464647 0.060789436 0.05105713 0.12178839 0.1091182 0.13763273 0.16362967 0.04050057 -0.013998774 -0.1073333 -0.066853926 0.073823914 0.20405509 0.29576635 0.2972832 0.18168683 0.07003211 -0.0050658328 -0.09742863 -0.1423027 -0.20411366 -0.2730745 -0.13547792 0.14885356 -0.13089411 -0.3129049 -0.2920056 0.062013086
0.33368436 0.18059283 0.24551107 0.2621949 0.38960603 0.56856257 0.5564753 0.47368845 0.4499439 0.3290792 0.2004255 0.17449376 0.07357582 -0.07907683 0.14768745 0.10751683 -0.096072376 -0.19948745 -0.4197018 -0.35340708 -0.22911708 -0.015900485 0.18348286 0.13538164 0.05182838 0.14432038 0.17234832 0.10816626 -0.039322305 -0.06868576 -0.020126918 -0.020883553 -0.023060564 0.11127787 0.1190739 0.104020156 0.16934234 0.106069386 -0.03833943 -0.12738028 -0.08765549 -0.008857065 0.21189597 0.41459894 0.40183932 0.29105496 0.23129408 0.18690583 0.025304837 -0.1806004 -0.3839456 -0.45056066 -0.19884047 0.04829776 -0.3086806 -0.40030384 0.017112223 -0.037524957
0.27315715 -0.015286588 0.12639627 0.1437241 0.21184641 0.48529696 0.6892512 0.59413666 0.61592954 0.4425902 0.2217523 0.030776124 -0.048985638 -0.09373653 0.11226207 0.038118597 -0.1678588 -0.31643313 -0.46955475 -0.3978597 -0.31454182 0.050012022 0.3516404 0.3754441 0.097759515 0.20257182 0.25698203 0.22034185 0.11837171 -0.04776978 0.008854756 -0.0634486 -0.06350524 0.10250852 0.07310907 0.009163519 0.105754346 0.12395651 -0.011713327 -0.051116236 -0.063799724 -0.096857406 0.10951451 0.46991083 0.47261903 0.34371266 0.35721296 0.35880524 0.10940735 -0.13695467 -0.3974375 -0.51150185 -0.3147212 -0.1594876 -0.4609735 -0.34135708 -0.007235251 -0.10858704
0.26875502 -0.05800694 0.1534547 0.17973152 0.18723345 0.35179892 0.6249135 0.6417402 0.657201 0.48707816 0.1742835 -0.07583949 -0.18872423 -0.052461144 0.105131984 -0.00862217 -0.20069034 -0.38631278 -0.45799628 -0.38708207 -0.2800329 0.123269685 0.44836056 0.48775476 0.22276726 0.33393106 0.39592913 0.3086205 0.13832092 -0.0114758955 -0.03835939 -0.025222087 0.020947319 0.010648153 0.01418104 -0.010342523 -0.061165873 0.09047374 0.06062806 -0.044038303 -0.039281953 -0.14330663 0.009313291 0.44576356 0.482509 0.33892435 0.4027457 0.45907548 0.18492068 -0.03949912 -0.3060911 -0.46315804 -0.4341061 -0.39671952 -0.6187636 -0.2690962 -0.11020717 -0.18503182
0.26894805 0.21469718 0.28840697 0.24727994 0.2250905 0.3038589 0.40826702 0.47906157 0.5707902 0.47826192 0.11866039 -0.14043368 -0.32730463 -0.005683881 0.07235251 0.0003546474 -0.23157074 -0.40776652 -0.40514782 -0.2644777 -0.11106214 0.16052826 0.39434218 0.38642868 0.19534814 0.4099678 0.44843507 0.30034447 0.087502226 -0.027773244 -0.082077034 -0.011985611 0.004973466 -0.045625694 -0.096251205 -0.07499697 -0.027828977 0.07382608 0.057948027 0.019381914 -0.030612975 -0.060500186 0.036008384 0.4070389 0.43105006 0.23884135 0.3018985 0.4967939 0.21984306 0.0014127707 -0.21003547 -0.4019672 -0.478912 -0.57515943 -0.6922696 -0.13018571 -0.14606006 -0.20267896
0.20819968 0.50068915 0.47816682 0.37804797 0.4391687 0.5478206 0.42824748 0.18949737 0.3366453 0.40605733 0.023523215 -0.23751023 -0.38553587 -0.031934597 -0.00449977 0.0022461433 -0.18322463 -0.3441188 -0.3375565 -0.17091121 0.009193346 0.16781697 0.29718605 0.2090192 0.27732322 0.479338 0.4823195 0.27777743 0.054058306 -0.14260085 -0.08939126 -0.006353079 -0.011168944 -0.054687344 -0.09842559 -0.082083 -0.003533361 0.07559562 0.05898204 -0.030501686 -0.003389721 0.0785772 0.21850058 0.4016352 0.34869236 0.09324468 0.09852123 0.38403562 0.2707958 0.0041543455 -0.19057775 -0.35278168 -0.48580214 -0.7104876 -0.56941277 -0.07664231 -0.16395645 -0.15365817
0.25453103 0.5874268 0.5691568 0.5225791 0.60951716 0.69806075 0.44957608 0.053864855 0.21530259 0.2884878 -0.07526886 -0.35790592 -0.3157069 -0.05366673 -0.021673944 -0.0034687177 -0.037860654 -0.12713456 -0.13664122 -0.03010629 0.098533474 0.15990616 0.11723689 0.16069862 0.47010183 0.57410645 0.44832096 0.21400405 -0.0144782 -0.2251919 -0.13076998 -0.023815852 0.11512698 0.15378961 0.07605098 -0.024493676 -0.0398039 -0.033383217 -0.005813902 -0.097326234 -0.1156818 0.112587675 0.31913483 0.37648106 0.27599925 0.04254701 0.01978439 0.049934532 0.22793707 0.010525634 -0.19148318 -0.3547123 -0.54755366 -0.6465428 -0.32997468 -0.10737641 -0.1797852 -0.12751256
0.40081322 0.5835584 0.6027551 0.57950515 0.565323 0.66080916 0.41955277 0.067314096 0.27536824 0.14469789 -0.1622897 -0.47605225 -0.28517327 -0.06670791 -0.06055864 0.023566388 0.06764837 0.06449635 0.07715662 0.09474461 0.106968164 0.11274582 0.14910436 0.4113551 0.6467198 0.5506654 0.30959305 0.10215863 -0.069389544 -0.25741607 -0.23974402 -0.07086981 0.10799216 0.22444214 0.14399685 0.06060376 -0.00013458493 -0.09214439 -0.13167049 -0.16783583 -0.19198176 0.0789652 0.3728053 0.3859134 0.21446137 0.013828562 -0.020876952 -0.13131487 -0.0024977608 -0.04511695 -0.23523197 -0.39163432 -0.44682965 -0.3561037 -0.17863938 -0.17245498 -0.07488727 -0.0014351679
0.52309054 0.6327258 0.63149035 0.56252426 0.47694758 0.36067852 0.2368859 0.1943708 0.17436454 -0.059667148 -0.2949909 -0.5433875 -0.41612867 -0.08991776 -0.042840287 0.015277624 0.20673515 0.28793734 0.2595712 0.22765899 0.22743379 0.27903652 0.38255334 0.5108554 0.5145476 0.3970637 0.20282525 0.037572425 -0.124066494 -0.21953128 -0.22783856 -0.039940745 0.15581016 0.21619418 0.15512826 0.10283447 -0.0524028 -0.16493434 -0.22111696 -0.25227103 -0.280056 0.009373153 0.39685568 0.36987913 0.13409582 -0.023442233 0.017909518 -0.12733161 -0.25679412 -0.14568457 -0.29603457 -0.34440356 -0.26019382 -0.19030502 -0.17231126 -0.13359436 0.0047366796 0.11449553
0.5905251 0.6425584 0.5813949 0.48862967 0.39564946 0.22669096 0.13840793 0.12725645 0.040938314 -0.15896174 -0.30655307 -0.53650254 -0.62082696 -0.14258656 0.010279025 0.2524643 0.46768758 0.4635288 0.36593983 0.30274686 0.29518265 0.32104918 0.33708507 0.33610687 0.33420816 0.27960593 0.14413662 0.0019033881 -0.08593828 -0.16831164 -0.12067206 -0.027880901 0.05622174 0.063949764 0.09825486 0.034794632 -0.13781741 -0.29044762 -0.27562258 -0.26925224 -0.2651084 -0.05559505 0.3478557 0.3520229 0.077358 -0.08272404 -0.14446378 0.0019430611 -0.14514014 -0.27600253 -0.27458176 -0.24002272 -0.18902591 -0.21266116 -0.08581229 0.11397724 0.22827385 0.27865523
0.6170804 0.6629048 0.55339456 0.4257516 0.2792855 0.16941352 0.14153938 0.09342207 -0.008116321 -0.17074081 -0.30966473 -0.4925562 -0.61960155 -0.237256 0.18999583 0.463858 0.54890585 0.42927966 0.2764738 0.22110672 0.2215795 0.23005234 0.32577488 0.3717629 0.24144402 0.20456311 0.1665544 0.10525924 0.04339378 0.01717146 0.005346735 0.0030613546 0.04654302 0.112837195 0.094684556 -0.025068525 -0.22773509 -0.33911598 -0.23109521 -0.20344682 -0.2329702 -0.07710343 0.20036885 0.30289638 0.017293435 -0.14699161 -0.2636979 0.124384254 -0.014364848 -0.1543511 -0.26858824 -0.28413188 -0.13727443 -0.0010940767 0.15075877 0.1976927 0.24188252 0.1366473
