static/data/seaWater_vo/2023/7/28/0.asc
ncols 137
nrows 93
xllcorner 108.0
yllcorner 17.0
cellsize 0.25
NODATA_value -32767
[rows 0 to 25 of 93, columns 58 to 115 of 137]
-32767.0 -32767.0 -32767.0 -32767.0 -32767.0 -32767.0 -32767.0 -32767.0 -32767.0 -32767.0 -32767.0 -32767.0 -32767.0 -32767.0 -32767.0 -32767.0 -32767.0 -32767.0 -32767.0 -32767.0 -32767.0 -32767.0 -0.09293109 -0.085438624 -0.25374022 -0.104043454 0.18052565 0.06469691 -0.09835864 -0.14043069 -0.15678664 -0.14216258 -0.07690415 -0.051126324 -0.009167899 0.01592524 0.07881313 0.13014829 0.037319034 -0.035364788 0.037098918 -0.003385426 0.1433842 0.38665545 0.33229822 -0.0874354 -0.19604535 -0.07353351 -0.09821184 -0.14286913 -0.21716182 -0.16994132 -0.12292617 -0.021190053 0.052839436 -0.14574285 -0.23518088 -0.09215613
-32767.0 -32767.0 -32767.0 -0.017967975 -0.028933736 -0.011768611 0.040860184 0.023230407 0.012967291 0.021660088 -32767.0 -32767.0 -32767.0 -32767.0 -32767.0 -32767.0 -32767.0 -32767.0 -32767.0 -32767.0 -32767.0 0.09024167 -0.09273667 -0.29667714 -0.061120573 0.024588164 0.02934054 -0.04747626 -0.10210344 -0.15202768 -0.24354649 -0.327214 -0.21887437 -0.18827118 -0.22690669 -0.1540086 -0.08522178 -0.00057300105 0.054454446 -0.009800481 0.06495355 0.22138688 0.28706956 0.4334175 0.23537605 -0.24925847 -0.26943442 -0.13351364 0.06873502 -0.08369632 -0.032170165 0.025019022 0.040125538 0.08761757 -0.017097063 -0.21261747 -0.31338564 -0.025840396
-32767.0 0.024918763 -32767.0 0.012813407 -0.022169802 -0.012074968 0.051154684 0.056977462 0.067429945 0.041347433 0.042787448 -0.024389433 -32767.0 -32767.0 -32767.0 -32767.0 -32767.0 -32767.0 -32767.0 -32767.0 -32767.0 0.19890402 -0.22187072 -0.43821618 -0.064738914 0.043482065 -0.20246206 -0.12371809 -0.14099927 -0.06231171 -0.107876286 -0.13129137 -0.10014791 -0.2622337 -0.43305042 -0.3551479 -0.117228694 -0.15397047 -0.09913124 0.010875499 0.20908043 0.20107387 0.17713608 0.18994479 0.020449517 -0.36741602 -0.21580847 0.026540693 -0.06805318 -0.2597052 -0.08461614 0.18580742 0.17241563 0.08832007 0.01708475 -0.19869085 -0.21333528 -0.07420977
0.005011823 -32767.0 -0.02645713 -0.057586305 0.03191761 0.05106873 0.07364697 0.07264654 0.09741311 0.11909604 0.022187702 0.09924735 -32767.0 -32767.0 -32767.0 -32767.0 -32767.0 -32767.0 -32767.0 -32767.0 -0.009503651 0.104548246 -0.2705732 -0.33263016 0.109267116 -0.10030181 -0.2343877 -0.031283632 0.25291377 0.16947624 -0.053327113 -0.18759839 -0.20965035 -0.3936698 -0.56329906 -0.34266466 -0.1429237 -0.10760697 -0.12647615 0.2098803 0.4681716 0.32279646 0.120776564 -0.005489935 -0.12595986 -0.39127803 -0.12224575 -0.050309103 -0.25925934 -0.18028493 -0.020561432 0.22595085 0.2767037 0.05020598 -0.0214497 -0.19765033 -0.14777724 0.02804417
0.0016376296 -32767.0 -0.026716582 -0.14151293 -0.0153383035 0.020119429 0.06791328 0.15245973 0.17192282 0.17105158 0.07678399 -32767.0 -32767.0 -32767.0 -32767.0 -32767.0 -32767.0 -32767.0 -32767.0 -32767.0 -32767.0 -32767.0 -0.07657993 -0.2731749 0.04254809 -0.10288907 -0.025253946 0.265962 0.24557963 0.5503798 0.120741494 -0.29229248 -0.24875374 -0.23727483 -0.4845302 -0.35169458 -0.10108134 0.03145474 0.0847116 0.40763542 0.46564883 0.15334928 -0.04393748 -0.2342384 -0.32221788 -0.33132258 -0.11472302 -0.13478038 -0.13604553 -0.015548782 0.06497031 0.16550167 0.3258402 0.044347674 -0.18008791 -0.16189618 -0.10266666 0.07648235
-0.057919122 -0.01724335 -0.019788163 0.018498937 0.10861733 0.10274772 0.12875785 0.1071197 0.213384 0.22856613 0.04449396 -32767.0 -32767.0 -32767.0 -32767.0 -32767.0 -32767.0 -32767.0 -32767.0 -32767.0 -32767.0 -32767.0 -32767.0 -0.00025947316 -0.11048309 -0.14520903 -0.034041204 0.059331626 0.21970502 0.57366353 0.2234799 -0.19761766 -0.15707791 -0.28822416 -0.38124713 -0.446396 -0.30689862 -0.21752368 -0.07034759 0.19642128 0.14177094 0.040763915 -0.21852307 -0.3578982 -0.39959368 -0.1299183 0.03103483 0.1594916 0.24795976 0.21343033 0.12921503 0.061414313 0.057397705 -0.040248003 -0.33799702 -0.28912657 -0.19633818 -0.01738268
-0.055947572 0.013466598 0.094100825 0.14622135 0.21665023 0.18242595 0.17201416 0.23040417 0.3135125 0.012411319 0.0106421225 -32767.0 -32767.0 -32767.0 -32767.0 -32767.0 -32767.0 -32767.0 -32767.0 -32767.0 -32767.0 -32767.0 -32767.0 -32767.0 -0.22363368 -0.20524839 -0.12854058 -0.069667205 0.046464667 0.522436 0.36235908 -0.1439001 -0.145294 -0.25524324 -0.32736745 -0.3354055 -0.32193017 -0.22551261 -0.043203045 0.06559907 -0.09967675 -0.14235315 -0.20942639 -0.33343884 -0.25727522 0.13007097 0.24847925 0.45646104 0.4969432 0.30982453 0.1843252 0.107445955 -0.09805587 -0.3077065 -0.42901477 -0.36538678 -0.2022108 0.14649181
-0.0055983383 0.09070997 0.17132682 0.20082243 0.20894784 0.20201853 0.24415424 0.26629606 0.22499764 0.0022506556 -32767.0 -32767.0 -32767.0 -32767.0 -32767.0 -32767.0 -32767.0 -32767.0 -32767.0 -32767.0 -32767.0 -32767.0 -32767.0 -32767.0 -32767.0 -0.2467627 -0.22570372 -0.041008446 -0.02319091 0.55283666 0.32943496 -0.057897367 -0.25642845 -0.3397469 -0.0011172143 0.0204332 -0.050137714 -0.06375765 -0.089634284 -0.07401809 -0.2917157 -0.11465564 -0.06263256 -0.06629328 0.016433386 0.120336324 0.38199493 0.4633203 0.30854255 0.051742047 0.018888535 0.07486471 -0.045731295 -0.26906088 -0.50627226 -0.47833517 -0.20338686 0.02242611
0.034052312 0.073952556 0.13563493 0.1629683 0.14935774 0.14373392 0.14209922 0.15809645 0.19610828 -32767.0 -0.0024191788 -32767.0 -32767.0 -32767.0 -32767.0 -32767.0 -32767.0 -32767.0 -32767.0 -32767.0 -32767.0 -32767.0 -32767.0 -32767.0 -32767.0 -0.1618115 -0.21439968 0.12894578 0.32947454 0.751555 0.0500227 -0.028297238 -0.45730734 -0.11086999 0.023676129 0.065008916 -0.023137568 -0.09882404 -0.21260175 -0.21904261 -0.08881687 0.092394516 0.12350938 0.13530746 0.17499541 0.18229434 0.09339985 0.10199242 -0.061525363 0.022700146 -0.012209231 0.14068979 -0.081299 -0.2093759 -0.4186034 -0.44929174 -0.30648407 -0.12966944
-0.043524414 -0.042328347 -0.04897307 0.049095318 0.10339746 0.11410252 0.11122839 0.027384898 0.07962327 0.11072473 0.12389316 0.01963278 0.123640396 -0.017911162 0.075880975 0.0635451 -32767.0 -32767.0 -32767.0 -32767.0 -32767.0 -32767.0 -32767.0 -32767.0 -32767.0 -32767.0 -0.19627865 0.062068842 0.7253585 0.7320287 -0.05356822 -0.062492326 -0.5012153 -0.17911565 -0.061512943 -0.07946139 -0.08992684 -0.12161881 -0.14108407 -0.12442267 0.05367117 0.3172459 0.26961163 0.27799842 0.13278027 0.0009970525 -0.08223339 -0.15683605 0.050785173 -0.07513632 0.10730109 0.23519847 0.098290384 -0.2953715 -0.28576198 -0.21713108 -0.13390438 0.021663405
-0.008379109 -0.1037913 -0.09390196 0.05464989 0.15402097 0.15582979 0.17852968 0.15458274 0.111164354 0.067046806 0.037998427 0.04291325 0.034690127 -0.06268988 0.06893019 0.09445513 -32767.0 -32767.0 -32767.0 -32767.0 -32767.0 -32767.0 -32767.0 -32767.0 -32767.0 -32767.0 -32767.0 -0.12671277 0.885116 0.73340803 0.11526381 -0.3009101 -0.40626353 -0.20764817 -0.28017673 -0.13645081 -0.102964856 -0.04395351 -0.07374239 0.059851337 0.4048957 0.4115153 0.32798555 0.0838588 0.040823214 -0.05280454 -0.14603642 -0.06563578 0.0029834076 -0.09827696 -0.08461257 0.28539062 0.5240195 0.08710992 -0.2313029 -0.06424998 0.07558622 0.41870058
-32767.0 0.11294282 -0.06496877 0.052894026 0.21534513 0.23720996 0.26211524 0.21900329 0.16047892 0.080382295 0.043168057 0.0010147486 0.05060631 -0.011811381 0.1448173 0.29786244 0.123754054 -0.056563076 -32767.0 -32767.0 -32767.0 -32767.0 -32767.0 -32767.0 -32767.0 -32767.0 -32767.0 -32767.0 0.7241167 0.9050926 0.39339888 -0.30778304 -0.34056225 -0.33235234 -0.40856147 -0.22627224 -0.15625426 -0.10013752 -0.036564898 0.06603883 0.3465853 0.46864906 0.29312348 0.16073166 0.072824076 -0.09281147 -0.13551514 -0.07757157 -0.068895556 0.05995627 -0.14115219 0.100407824 0.36439118 0.62403005 -0.033709586 -0.05237822 0.1284061 -32767.0
-32767.0 0.04602033 -0.014881916 -0.020559952 0.14507979 0.19109397 0.22945665 0.22377081 0.1269747 -0.012489197 -0.0146272015 -0.05363492 -0.0020748929 0.017570412 -0.006404544 0.063842565 -32767.0 0.02972487 -32767.0 -32767.0 -32767.0 -32767.0 -32767.0 -32767.0 -32767.0 -32767.0 -32767.0 -32767.0 0.6694128 0.8990028 0.45161924 -0.15517262 -0.25131708 -0.3240396 -0.26428586 -0.03640788 0.017942872 -0.06702748 -0.12998365 -0.11316205 0.14178789 0.3052572 0.44137558 0.19089606 0.032389183 -0.016630247 -0.021906585 0.0062136445 0.0048074396 -0.03317924 0.07107332 0.1755721 0.11091884 0.08943936 0.13938068 0.46780258 0.03152871 -32767.0
-0.0037752744 -0.035439465 -0.06353208 -0.048722547 -0.0026630843 0.031484947 0.056573205 -0.014167768 -0.032046713 -0.07715632 -0.09395544 -0.14341441 -0.15025802 0.036717433 -0.052398734 -32767.0 -32767.0 -32767.0 -32767.0 -32767.0 -32767.0 -32767.0 -32767.0 -32767.0 -32767.0 -32767.0 -32767.0 -32767.0 0.3813669 0.9062663 0.43600315 0.04739084 0.026696645 -0.18368071 -0.010167484 0.016776467 -0.117767446 -0.19317177 -0.13590418 -0.1291836 -0.01742633 0.10918019 0.38607326 0.2239907 0.059081923 0.11263199 0.13658608 0.17462786 0.08301304 0.021168582 -0.063749924 0.15247294 0.16303718 -0.009561432 0.17193794 0.5772353 -0.043176923 0.026390959
-0.036308143 -0.059454676 -0.045128852 -0.071434826 -0.123424694 -0.10382803 -0.09051524 -0.13992578 -0.1581392 -0.1154473 -0.124322 -0.17489398 -0.15102088 -0.14514792 -0.072740406 0.041655317 -32767.0 -32767.0 -32767.0 -32767.0 -32767.0 -32767.0 -32767.0 -32767.0 -32767.0 -32767.0 -32767.0 -32767.0 -0.16871223 0.8785931 0.69503665 0.14451182 0.09212671 -0.13948712 0.01512669 0.04704956 -0.11551858 -0.27199337 -0.28920048 -0.18202169 -0.09274131 0.046436228 0.24903019 0.15677689 -0.13140118 0.101474464 0.276797 0.21330017 0.20367496 0.07646419 -0.075576134 -0.039254382 0.18366362 0.2211476 0.37170282 0.505528 0.04195025 -32767.0
-0.076498866 -0.06490805 -0.09149376 -0.11776928 -0.1742916 -0.08936215 -0.05975979 -0.124372184 -0.09089519 -0.056654032 -0.07340392 -0.11106821 -0.15924835 -0.20854945 -0.03027682 -0.008678212 -0.020025123 -32767.0 -32767.0 -32767.0 -32767.0 -32767.0 -32767.0 -32767.0 -32767.0 -32767.0 -32767.0 -32767.0 -0.20030905 0.8231395 0.6827855 0.33172676 0.13885798 0.02201179 -0.23022228 -0.022623185 0.048781607 -0.16985226 -0.27905226 -0.24437624 -0.07187745 0.2097655 0.25378406 -32767.0 -0.018387048 0.0098604895 0.18347463 0.09544098 0.21462134 0.10030158 -0.052859068 -0.0068161706 0.17152089 0.19028497 0.3048401 -32767.0 -32767.0 -32767.0
-0.09011828 -0.113524154 -0.102327384 -0.11387871 -0.14147669 -0.0050747315 0.0467196 0.04517128 0.0246793 0.024450978 0.016818259 -0.015405547 -0.04249454 0.021263272 -0.07409242 0.01864062 0.057171598 -32767.0 -32767.0 -32767.0 -32767.0 -32767.0 -32767.0 -32767.0 -32767.0 -32767.0 -32767.0 -32767.0 -32767.0 0.8560978 0.56150544 0.24795064 0.23176238 -0.11500494 -0.25745264 0.020501578 0.2206646 0.109395884 -0.093884274 -0.089977235 0.0034197825 0.09822563 0.14033127 0.024982395 0.048317496 0.097546585 0.057051405 -0.06343999 -0.25594544 0.12097785 0.11652803 0.00090577547 0.10224142 0.16959971 -0.038428146 -32767.0 -32767.0 -32767.0
-0.09465114 -0.09679216 -0.12668695 -0.09098996 -0.036224328 0.05821012 0.06948811 0.06937034 0.07792479 0.14782545 0.20273946 0.21698941 0.1548723 0.13342597 0.036167715 -0.05732525 0.038120437 0.06411442 -32767.0 -32767.0 -32767.0 -32767.0 -32767.0 -32767.0 -32767.0 -32767.0 -32767.0 -32767.0 0.52939403 0.8479971 0.33246467 0.10839234 0.095607735 -0.099440455 -0.14287777 0.066424616 0.07114991 0.13611105 -0.07267658 -0.07095463 0.046598203 0.19357169 0.23410344 0.14418668 0.17435516 0.10714523 -0.03448641 0.005403451 -0.16369416 -0.15876321 -0.10955995 -32767.0 -0.002900729 -0.16669402 -0.05685647 -32767.0 -32767.0 -32767.0
-0.07376193 -0.06499877 -0.033945587 -0.0039831526 -0.00151671 0.043089744 0.020424882 -0.021457523 -0.0065284153 0.07795431 0.18561195 0.18010327 0.13619708 0.06527144 -0.15557212 0.056272805 -0.019191418 -32767.0 -32767.0 -32767.0 -32767.0 -32767.0 -32767.0 -32767.0 -32767.0 -32767.0 -32767.0 -32767.0 0.69703853 0.6503212 0.14438003 -0.06543938 -0.07075197 -0.07004184 -0.012552787 0.0550347 0.08295089 0.11955096 -0.05471269 -0.24753232 0.23584498 0.1898842 -32767.0 -32767.0 -0.13699333 -0.15660655 -32767.0 -32767.0 -32767.0 -32767.0 -32767.0 -32767.0 -32767.0 -32767.0 -32767.0 -32767.0 -32767.0 -32767.0
-0.0064575993 -0.004798438 0.023806568 0.039928455 0.07552673 -0.014235792 -0.08125831 -0.07315436 -0.04535653 -0.0023165795 -0.07333711 -0.07482206 -0.0026086736 -0.0800781 0.13709505 0.024755558 -32767.0 -32767.0 -32767.0 -32767.0 -32767.0 -32767.0 -32767.0 -32767.0 -32767.0 -32767.0 -32767.0 0.6360108 0.72063994 0.59514797 -0.27780697 -0.2627086 -0.2528653 -0.12554339 -0.036919653 0.27249545 0.17402804 0.04691766 -0.06048211 -0.116659135 -0.06673263 -32767.0 -32767.0 -32767.0 -32767.0 -32767.0 -32767.0 -32767.0 -32767.0 -32767.0 -32767.0 -32767.0 -32767.0 -32767.0 -32767.0 -32767.0 -32767.0 -32767.0
0.08160099 0.05507593 0.02411047 0.046444267 -0.0018922789 0.02470316 0.027840445 0.060186423 0.021923123 -0.08896266 -0.16448542 -0.0072909202 -0.08045242 -0.06320594 -0.0060937754 0.03044879 -32767.0 -32767.0 -32767.0 -32767.0 -32767.0 -32767.0 -32767.0 -32767.0 0.0881882 -0.0450707 0.288889 0.48678768 0.39483726 0.13115332 -0.36516598 -0.20652813 -0.099086754 -0.118035525 0.3259903 0.17818592 -0.1907046 -0.18769822 -0.16797727 -32767.0 -32767.0 -32767.0 -32767.0 -32767.0 -32767.0 -32767.0 -32767.0 -32767.0 -32767.0 -32767.0 -32767.0 -32767.0 -32767.0 -32767.0 -32767.0 -32767.0 -32767.0 0.03304799
0.14244767 0.09563504 0.0884981 0.084170654 0.05576418 0.10733921 0.11026892 0.06518074 0.023148496 -0.09681773 -0.08624293 -0.03921891 -0.0810094 -0.05736557 -0.041284136 0.03967965 -32767.0 -32767.0 -32767.0 -32767.0 -0.07970357 0.0892394 -0.027867839 -0.026266728 0.004013694 0.22107562 0.44119453 0.6147467 -0.124641955 -0.23868549 -0.29534975 -0.060227454 0.04730499 0.21163756 0.23903139 -0.04680583 -0.1534739 -0.1227033 -32767.0 -32767.0 -32767.0 -32767.0 -32767.0 -32767.0 -32767.0 -32767.0 -32767.0 -32767.0 0.13026747 0.08010886 -32767.0 -32767.0 -32767.0 -32767.0 -32767.0 -32767.0 -32767.0 0.022143269
0.13775785 0.22519691 0.17089316 0.09414249 0.08633887 0.12577409 0.11376915 0.03267326 -0.007940897 -0.07823986 -0.11592271 -0.20616327 -0.019652426 -0.24090633 0.06497461 -32767.0 -0.005465595 -32767.0 -0.0077384803 -32767.0 -0.03546505 -32767.0 0.08093827 0.16126505 0.23133501 0.30913267 0.5154136 0.17928351 -0.08040226 -0.25539505 0.0077971043 0.2306807 0.3074657 0.29098818 -0.12425172 -0.13563044 -32767.0 -32767.0 -32767.0 -32767.0 -32767.0 -32767.0 -32767.0 -32767.0 -0.0066071087 -0.060636725 -0.09280976 -0.027026674 0.013373656 0.012389879 -0.026394524 -0.019309932 -32767.0 -32767.0 -32767.0 -32767.0 -32767.0 -0.034107458
0.2533837 0.23359627 0.1406955 0.13359891 0.2516277 0.36808422 0.3217153 0.19400066 0.12673417 0.057648327 0.03270074 -0.107080415 -0.12512068 -0.07197722 -0.039902646 -0.033767488 0.01606736 0.026375879 0.04587455 0.08321116 0.044073686 -0.01786582 0.08860697 0.054174516 0.056709163 0.2061882 0.3782279 -32767.0 0.05112207 0.15655121 0.18229507 0.21314812 0.1833473 0.084380515 -32767.0 -32767.0 -32767.0 -32767.0 -32767.0 0.033081833 -0.03576795 0.124703094 0.1788478 -0.0041810744 0.17584752 0.025006734 -32767.0 -32767.0 -0.1490804 -0.08805165 -0.048826728 -32767.0 -32767.0 -32767.0 -32767.0 -32767.0 0.16777472 0.19381124
0.26545992 0.17975497 0.16545168 0.2179215 0.32264587 0.3634688 0.3020745 0.20737937 0.1410473 0.07028911 0.11732376 0.12403293 0.014188611 -0.08251041 -0.087817915 -0.04761076 0.006888327 0.12904975 0.11469105 0.0047255275 -0.004965105 0.07760109 0.13785467 0.15194984 0.16542493 0.20433342 0.15987408 0.13730386 0.18166469 0.12977399 0.035862133 -0.116419844 -0.04176356 0.094034895 0.015959654 -32767.0 0.043659884 0.056937456 -32767.0 -0.006612364 0.20036736 0.10190113 -32767.0 0.025891319 -0.022289585 -32767.0 -32767.0 -32767.0 -32767.0 -0.04449713 -0.1636763 -32767.0 -32767.0 -32767.0 -32767.0 0.12163957 0.0032124352 0.11292777
0.17097485 0.12708662 0.14997682 0.1799461 0.26517764 0.31704754 0.30984843 0.2657362 0.20840532 0.121910155 0.112172164 0.13232121 0.16986397 0.15947211 0.10021755 0.061754502 0.1693272 0.135232 0.21295051 0.20178488 0.15847969 0.0594728 0.093572155 0.2206316 0.21314661 0.19239207 0.20372203 0.17365198 0.1348911 -32767.0 -0.121342205 -0.16301557 -32767.0 -32767.0 -0.0078048264 -0.11630878 0.03453786 0.093407944 -0.07612209 -0.055029254 -0.19795445 -32767.0 -32767.0 -32767.0 -32767.0 -32767.0 -32767.0 -32767.0 -32767.0 0.03199885 0.13806747 0.16751777 -32767.0 -32767.0 0.0026534437 -0.13487509 0.08658493 0.07219599
