static/data/seaWater_vo/2023/7/28/12.asc
ncols 137
nrows 93
xllcorner 108.0
yllcorner 17.0
cellsize 0.25
NODATA_value -32767
[rows 0 to 25 of 93, columns 58 to 115 of 137]
-32767.0 -32767.0 -32767.0 -32767.0 -32767.0 -32767.0 -32767.0 -32767.0 -32767.0 -32767.0 -32767.0 -32767.0 -32767.0 -32767.0 -32767.0 -32767.0 -32767.0 -32767.0 -32767.0 -32767.0 -32767.0 -32767.0 -0.16341637 -0.16904108 -0.2618969 -0.15248038 0.121606566 0.030338835 -0.062396225 0.006635087 0.09676211 0.03522822 -0.054372333 -0.0804898 -0.08127669 -0.08361114 -0.14718892 -0.065003596 -0.07132883 -0.2426184 -0.23241356 -0.31120887 -0.0904581 0.28119817 0.41999516 -0.08090125 -0.33039826 -0.24418779 -0.16593882 -0.20094447 -0.20854422 -0.14994586 0.022742378 0.07734829 0.13837877 -0.006340172 -0.23052728 -0.117594734
-32767.0 -32767.0 -32767.0 0.0068168687 -0.0056121787 0.020748759 0.055862285 0.040352818 0.037237234 0.027097957 -32767.0 -32767.0 -32767.0 -32767.0 -32767.0 -32767.0 -32767.0 -32767.0 -32767.0 -32767.0 -32767.0 -0.047077917 -0.20142487 -0.3071838 -0.010301091 0.14823167 0.14243022 0.16996957 0.22542818 0.23501953 0.22560146 0.1872819 0.10625722 0.067316055 -0.06698615 -0.18997453 -0.20073093 -0.13727255 -0.14608571 -0.21703626 -0.20120388 -0.19048747 -0.021082783 0.20877184 0.20335412 -0.2576785 -0.36077696 0.01032147 0.13814381 -0.08112944 -0.047567494 0.072185725 0.12974416 0.16367327 0.18426886 0.053318545 -0.15142654 -0.07502488
-32767.0 0.023482433 -32767.0 0.028654099 -0.006064049 -0.02773293 0.06534733 0.052886225 0.07403887 0.035078034 0.04913745 -0.02628401 -32767.0 -32767.0 -32767.0 -32767.0 -32767.0 -32767.0 -32767.0 -32767.0 -32767.0 0.14856678 -0.15048255 -0.43390948 0.11837024 0.21204872 0.10887364 0.17926088 0.3271859 0.27636957 0.22751893 0.144985 0.12782416 0.09772844 -0.04462311 -0.23139921 -0.23742497 -0.07198578 -0.15743731 0.015568039 0.20658535 0.20109363 0.03407245 -0.03657762 -0.06581634 -0.46054474 -0.21779217 0.14391682 -0.03878897 -0.17963171 -0.05069463 0.16303778 0.19360012 0.24326116 0.17011483 -0.016675107 -0.11981646 -0.08029355
0.030129382 -32767.0 0.023467723 -0.0057433746 0.03466596 0.035715766 0.019769795 0.05174584 0.04050594 0.08626024 0.041209314 0.009207069 -32767.0 -32767.0 -32767.0 -32767.0 -32767.0 -32767.0 -32767.0 -32767.0 -0.12510629 0.21418136 -0.13891745 -0.33835015 0.37014705 0.21856181 0.12123025 0.31600246 0.18767004 0.28906322 0.43008086 0.10049357 0.0125765465 -0.13214815 -0.2067883 -0.41296124 -0.17181627 -0.014821833 -0.0073953164 0.31879738 0.4993169 0.19993813 -0.098598026 -0.27912548 -0.29731658 -0.47458443 -0.17030106 0.022192322 -0.21139456 -0.25889337 0.020339297 0.3110097 0.34186053 0.17558804 0.039804395 -0.16726917 -0.20764025 -0.07235042
0.12517688 -32767.0 0.02729383 -0.09467057 0.04999129 0.05901769 0.041599654 0.08525863 0.16744071 0.14943753 -0.032872315 -32767.0 -32767.0 -32767.0 -32767.0 -32767.0 -32767.0 -32767.0 -32767.0 -32767.0 -32767.0 -32767.0 0.037122063 -0.20146029 0.10800768 0.18745257 0.09700512 0.08373533 0.20797127 0.49663305 0.4869506 0.011159318 -0.07680947 -0.0148302205 -0.21391661 -0.37749282 -0.18339969 0.08504089 0.20333327 0.3772984 0.37544858 0.14544207 -0.19123732 -0.38260168 -0.39182433 -0.5015448 -0.23552902 -0.16304788 -0.25552627 -0.127215 0.05649083 0.2105939 0.36357638 0.17791346 -0.012366619 -0.22575468 -0.22492811 -0.07575762
0.19779047 0.13662507 0.03796523 -0.023753164 0.015212706 -0.012734231 -0.02960497 0.018731156 0.1454428 0.0931203 -0.003605737 -32767.0 -32767.0 -32767.0 -32767.0 -32767.0 -32767.0 -32767.0 -32767.0 -32767.0 -32767.0 -32767.0 -32767.0 0.071445234 -0.06989552 -0.051089805 0.088235244 0.10846044 0.18215221 0.57978445 0.58755386 0.06493798 0.028228056 0.18502748 0.11216502 0.044858757 0.02831152 0.1583087 0.13161963 0.18350254 0.16933006 -0.044371627 -0.23574105 -0.40774032 -0.47722206 -0.23098832 -0.113859005 -0.019010339 0.10599231 0.10421548 0.027516464 0.021566534 -0.0074296203 -0.032435223 -0.22942172 -0.19370857 -0.14195435 -0.07455117
0.29138252 0.21359296 0.092290394 -0.0469166 -0.0771243 -0.16810887 -0.14975429 -0.0043548197 0.13826211 -0.00999753 -0.0010483598 -32767.0 -32767.0 -32767.0 -32767.0 -32767.0 -32767.0 -32767.0 -32767.0 -32767.0 -32767.0 -32767.0 -32767.0 -32767.0 -0.12457813 -0.08484516 -0.14492963 0.05328113 0.3306666 0.58178586 0.6431466 0.24572206 0.11932944 0.18228051 0.20287353 0.21927088 0.16254714 0.025632096 -0.008360853 0.03756782 -0.020710368 -0.10943623 -0.23940179 -0.38380477 -0.29732394 -0.11462004 0.07376293 0.35603842 0.40004048 0.1592538 -0.040048294 -0.15779461 -0.25252163 -0.3472868 -0.37931517 -0.1947662 -0.09786447 0.04051391
0.20041534 0.11843592 -0.04214988 -0.077276476 -0.15804559 -0.23453012 -0.16454643 -0.0042289174 0.111134104 -0.031890575 -32767.0 -32767.0 -32767.0 -32767.0 -32767.0 -32767.0 -32767.0 -32767.0 -32767.0 -32767.0 -32767.0 -32767.0 -32767.0 -32767.0 -32767.0 -0.20821345 -0.37985763 0.060264777 0.4253768 0.7659986 0.6639641 0.24995777 0.060295485 -0.035232373 0.08260505 0.14932814 0.062282905 -0.04018184 -0.13713583 -0.060516164 -0.16244295 -0.14187264 -0.05002973 -0.10219368 -0.072986394 0.02517124 0.27688158 0.35856453 0.19024831 0.044783156 0.033384487 -0.033171635 -0.16169009 -0.2550122 -0.30358547 -0.37737978 -0.12789936 0.0766442
0.066076964 0.0003319336 -0.05828151 -0.086511545 -0.11489189 -0.14247932 -0.11292308 -0.11252656 0.046845324 -32767.0 0.08437106 -32767.0 -32767.0 -32767.0 -32767.0 -32767.0 -32767.0 -32767.0 -32767.0 -32767.0 -32767.0 -32767.0 -32767.0 -32767.0 -32767.0 -0.03872506 -0.13673292 0.02946961 0.34862635 1.0321205 0.40659586 0.08970663 -0.1499793 0.017421916 0.21028186 0.25363544 0.1354877 0.0027377545 -0.13452701 -0.07079905 -0.017813362 0.14702149 0.20029029 0.13156497 0.08391892 0.08632489 0.041794512 -0.0015514093 -0.060870595 0.0078712 0.1418938 0.1692033 0.011246216 -0.027682051 -0.10231578 -0.17382431 -0.032248758 0.118933775
0.10759783 0.07875133 0.084881805 0.07978531 0.028307343 -0.024651386 -0.018848894 0.0040711537 -0.026820779 -0.1546905 0.03813267 0.03625061 -0.10562436 -0.07406596 -0.050233062 -0.086552486 -32767.0 -32767.0 -32767.0 -32767.0 -32767.0 -32767.0 -32767.0 -32767.0 -32767.0 -32767.0 -0.040604733 0.08628009 0.7355419 0.81185454 0.2762864 -0.062660754 -0.24434282 -0.02722322 0.2955973 0.36629727 0.23335356 0.11605886 0.044498693 0.06311908 0.21608996 0.34472275 0.2574664 0.14605482 0.041326165 -0.07613816 -0.20993832 -0.11450503 -0.0036296903 -0.15858138 0.21809553 0.31372884 -0.13861687 -0.02480447 -0.035314046 0.057582352 0.16527903 0.2032757
0.06103193 0.16456172 0.041456733 0.05932552 0.033891696 0.055394482 0.02805173 -0.028429462 -0.11587046 -0.2242732 -0.12158513 0.088305645 0.0715434 -0.10000441 -0.08862057 -0.11000871 -32767.0 -32767.0 -32767.0 -32767.0 -32767.0 -32767.0 -32767.0 -32767.0 -32767.0 -32767.0 -32767.0 0.029757796 0.66064084 0.77180105 0.24269992 -0.18370914 -0.25459984 -0.12472248 0.04353262 0.13011782 0.19596225 0.09637349 0.077931456 0.26435643 0.39959532 0.42929444 0.155121 0.021105072 0.14360614 0.015356974 -0.11507924 0.081429504 -0.051868603 -0.122276835 -0.015092109 0.37273228 0.214583 -0.25191703 -0.27595273 0.09675248 0.16015548 0.5560845
-32767.0 0.17067443 0.009005039 -0.0043738456 -0.008907142 -0.052692425 -0.10906667 -0.15306963 -0.09611136 -0.20596753 -0.1679029 -0.154215 -0.060932048 -0.16808122 -0.011688497 0.05932175 -0.22987375 -0.28449106 -32767.0 -32767.0 -32767.0 -32767.0 -32767.0 -32767.0 -32767.0 -32767.0 -32767.0 -32767.0 0.5369458 0.80383295 0.5061153 -0.013866704 -0.34027106 -0.23945507 -0.15567353 0.08243139 0.1710732 0.21763027 0.1573231 0.270403 0.41030183 0.4318701 0.13517866 -0.0618541 -0.0016367929 -0.039682418 0.023858301 0.09960783 0.08023219 -0.06466191 -0.14698659 0.256575 0.43039843 0.4231485 -0.09737245 -0.21663198 0.39065796 -32767.0
-32767.0 0.0877359 0.025973488 -0.094358005 0.004367457 -0.090340175 -0.11462969 -0.13593759 -0.096044585 -0.10584565 -0.16253322 -0.13603102 -0.06927366 -0.20857786 -0.12223981 -0.32342723 -32767.0 0.0074867834 -32767.0 -32767.0 -32767.0 -32767.0 -32767.0 -32767.0 -32767.0 -32767.0 -32767.0 -32767.0 0.59659624 0.8175337 0.43121058 0.110021465 -0.14825056 -0.3915368 -0.1810234 0.15029699 0.17453936 0.09661582 0.130417 0.18997057 0.310905 0.27881065 0.41933426 -0.00012302562 -0.09186798 -0.007004019 0.048727326 0.12245476 0.19434209 0.12566191 -0.012001896 0.064794555 0.076799236 0.0056741773 0.2620397 0.35680592 -0.035225574 -32767.0
-0.0002107392 0.033269167 0.057395786 0.08353932 0.011867699 -0.012188928 0.025730766 0.014800349 0.047499195 0.05738555 -0.0032629245 -0.03783971 -0.033534214 0.032725476 -0.27343673 -32767.0 -32767.0 -32767.0 -32767.0 -32767.0 -32767.0 -32767.0 -32767.0 -32767.0 -32767.0 -32767.0 -32767.0 -32767.0 0.18732752 0.85205126 0.44735816 0.13341215 -0.012019989 -0.2323064 0.02596356 0.15649325 0.11550168 0.05786188 0.011991106 0.10586436 0.1714465 0.20315921 0.47697696 0.18950325 -0.15151276 -0.022810942 0.09837461 0.14709619 0.08323686 0.041854884 0.006382658 -0.07514871 -0.060230598 0.094098754 -0.023361858 0.6097745 0.12484001 -0.026569195
0.057939347 0.021951713 0.08857698 0.11482009 0.06500839 0.17646003 0.21862923 0.23685624 0.22645871 0.20484872 0.12168433 0.012668536 0.11298172 0.1306194 -0.05259622 -0.11038578 -32767.0 -32767.0 -32767.0 -32767.0 -32767.0 -32767.0 -32767.0 -32767.0 -32767.0 -32767.0 -32767.0 -32767.0 -0.24068159 0.7544726 0.7560582 0.2015982 0.11103455 -0.10762422 0.0877144 0.1879263 -0.06930738 -0.018336967 0.14144103 0.16174866 0.10344034 0.3387781 0.456062 0.2558483 -0.107178256 0.12874001 0.12013582 0.048532158 -0.0632347 -0.05100348 -0.006140069 -0.10112062 -0.23309521 -0.04181702 0.25884905 0.4100992 -0.11666516 -32767.0
0.111837886 0.12732999 0.16112822 0.18077298 0.1323425 0.2628286 0.32358027 0.34341547 0.37310055 0.33078384 0.25760636 0.19681989 0.1904391 0.18380538 -0.07887503 -0.14986058 -0.1734389 -32767.0 -32767.0 -32767.0 -32767.0 -32767.0 -32767.0 -32767.0 -32767.0 -32767.0 -32767.0 -32767.0 -0.052095104 0.9479907 0.818306 0.31995192 -0.0013547277 -0.10716492 -0.16400424 0.19950987 0.13536319 -0.105353884 -0.06414893 0.049303547 0.20775163 0.39632228 0.22722849 -32767.0 0.042672317 0.0920249 0.13670795 0.15127757 -0.07795227 -0.02072292 0.05366501 0.016528277 0.019117065 0.14546323 0.4207671 -32767.0 -32767.0 -32767.0
0.16175681 0.1979328 0.26276547 0.18274504 0.13456726 0.25350526 0.24402036 0.31259292 0.26651713 0.25789165 0.238441 0.2273244 0.20747273 0.08650101 -0.08168119 -0.03588635 -0.11629356 -32767.0 -32767.0 -32767.0 -32767.0 -32767.0 -32767.0 -32767.0 -32767.0 -32767.0 -32767.0 -32767.0 -32767.0 0.97943133 0.69305736 0.22446337 0.03628009 -0.25948215 -0.06345148 0.38062087 0.29899907 0.11518283 -0.10650174 0.035670448 0.034283113 0.067966476 0.09945036 0.0078503145 -0.015978841 0.07425937 0.2935901 0.21333718 0.06366613 -0.052499823 0.20731845 0.36828727 0.26567543 0.110078424 -0.14954071 -32767.0 -32767.0 -32767.0
0.20233043 0.19921388 0.2190714 0.20409174 0.1920852 0.25946495 0.23548432 0.12709035 0.086963154 0.09498033 0.11008488 0.072325595 0.020429043 -0.032916617 -0.12776718 0.011616821 -0.044781495 -0.10025018 -32767.0 -32767.0 -32767.0 -32767.0 -32767.0 -32767.0 -32767.0 -32767.0 -32767.0 -32767.0 0.5090888 0.97328466 0.51167727 0.060590845 -0.026297102 -0.2013349 0.13140398 0.35141858 0.35642564 0.43214074 -0.04736416 -0.17050909 -0.0104148 0.2687921 0.27774578 0.097405896 0.12125649 0.11039083 0.070261836 0.29946032 0.078079 0.21523948 0.23245084 -32767.0 0.15531631 0.15685417 0.1147202 -32767.0 -32767.0 -32767.0
0.19049534 0.17576054 0.22649379 0.25036505 0.26793447 0.29230168 0.17752582 0.08859864 0.014794541 -0.026775604 -0.115406364 -0.20296699 -0.12906 -0.22110201 -0.12198196 0.07317746 -0.025703209 -32767.0 -32767.0 -32767.0 -32767.0 -32767.0 -32767.0 -32767.0 -32767.0 -32767.0 -32767.0 -32767.0 0.7742354 0.8383714 0.22190364 -0.052067548 0.00860996 0.0725451 0.3158929 0.44808024 0.3516762 0.41565603 -0.015833378 -0.20248519 0.39445555 0.20092776 -32767.0 -32767.0 0.20707622 0.17869474 -32767.0 -32767.0 -32767.0 -32767.0 -32767.0 -32767.0 -32767.0 -32767.0 -32767.0 -32767.0 -32767.0 -32767.0
0.21434279 0.1822154 0.1795476 0.24909166 0.22727108 0.16129985 0.19296756 0.15541682 0.11506342 0.13373533 0.03397246 0.049882807 -0.16775414 -0.17680737 0.019123375 0.026957335 -32767.0 -32767.0 -32767.0 -32767.0 -32767.0 -32767.0 -32767.0 -32767.0 -32767.0 -32767.0 -32767.0 0.5478315 0.80314785 0.638822 -0.04639199 -0.13349552 0.14833005 0.17693813 0.49419954 0.3470092 0.1670648 0.25342172 -0.056467056 -0.055033356 0.08776423 -32767.0 -32767.0 -32767.0 -32767.0 -32767.0 -32767.0 -32767.0 -32767.0 -32767.0 -32767.0 -32767.0 -32767.0 -32767.0 -32767.0 -32767.0 -32767.0 -32767.0
0.15066683 0.13125186 0.17519529 0.24504751 0.17663892 0.15522969 0.1875349 0.17578995 0.14592916 0.14196245 0.14573179 0.27484122 -0.16137297 -0.14739907 -0.04865317 0.051818814 -32767.0 -32767.0 -32767.0 -32767.0 -32767.0 -32767.0 -32767.0 -32767.0 0.084550716 -0.07507945 0.28462952 0.5882587 0.566613 0.17915323 0.044902258 0.105347164 0.22716816 0.43744373 0.48444232 0.03540972 0.15319669 0.16253097 0.10765644 -32767.0 -32767.0 -32767.0 -32767.0 -32767.0 -32767.0 -32767.0 -32767.0 -32767.0 -32767.0 -32767.0 -32767.0 -32767.0 -32767.0 -32767.0 -32767.0 -32767.0 -32767.0 0.05326949
0.12931423 0.07976371 0.13646235 0.17481706 0.20479353 0.15556537 0.070852034 0.06562796 0.08450498 0.050421167 0.081531934 0.066646874 -0.19457985 -0.25856677 -0.055033054 0.049739778 -32767.0 -32767.0 -32767.0 -32767.0 -0.0448389 0.039398525 -0.0267701 0.00037374906 -0.05788442 0.17234944 0.40853482 0.6359739 0.22206803 0.1332175 0.108363315 0.12076445 0.32662863 0.3644618 0.2046684 -0.07356067 0.26299223 0.18212345 -32767.0 -32767.0 -32767.0 -32767.0 -32767.0 -32767.0 -32767.0 -32767.0 -32767.0 -32767.0 0.22786392 -0.025028577 -32767.0 -32767.0 -32767.0 -32767.0 -32767.0 -32767.0 -32767.0 0.10487817
0.12691063 0.075654335 0.013652693 0.07796171 0.15449755 0.16655612 0.09134135 0.06867406 0.058939565 0.1525775 0.08908859 0.06719231 -0.029055366 -0.41347083 -0.0811685 -32767.0 -0.026079923 -32767.0 0.026611337 -32767.0 -0.053583987 -32767.0 0.033123445 -0.010114914 -0.035533946 0.16552454 0.53516614 0.14537948 0.09875413 -0.029060772 0.113720395 0.28105992 0.25255683 0.12759 0.11202946 0.18006039 -32767.0 -32767.0 -32767.0 -32767.0 -32767.0 -32767.0 -32767.0 -32767.0 0.009825007 0.0012975329 0.052597985 0.04653992 0.23961306 0.026705604 0.12847169 -0.03220922 -32767.0 -32767.0 -32767.0 -32767.0 -32767.0 0.037618674
0.108955674 -0.0074091447 -0.061181672 -0.01754805 0.035559107 0.014070643 -0.018723775 -0.017067097 0.045239277 0.068240054 0.06300187 -0.050905436 -0.053624444 -0.123825066 -0.30199784 -0.121764965 -0.002440527 0.013467422 -0.002919823 0.04456842 0.140955 0.08184856 0.15762706 0.230313 0.21599832 0.2812707 0.39683798 -32767.0 0.09843095 0.3359924 0.2350685 0.17654258 0.06530196 -0.24247302 -32767.0 -32767.0 -32767.0 -32767.0 -32767.0 -0.05964729 -0.041267958 -0.20222005 -0.23743765 -0.047074027 -0.10697645 0.0046892464 -32767.0 -32767.0 0.12081167 0.12643528 -0.07883552 -32767.0 -32767.0 -32767.0 -32767.0 -32767.0 0.059744533 0.16526027
0.07599922 -0.0012494801 -0.06521707 -0.10097172 -0.1578357 -0.11354137 -0.04667517 -0.040686376 -0.025838 -0.0378069 -0.038676526 -0.11763524 -0.12023005 -0.086470686 -0.03164158 -0.094137914 0.022992767 0.16374603 0.0962339 0.004483012 0.03703453 0.15148525 0.3046298 0.32991675 0.21241915 0.20278843 0.097168684 0.07417157 0.17120875 0.09139043 0.020480985 0.024402838 0.069687046 0.024522383 0.003939837 -32767.0 0.046563596 0.012381989 -32767.0 -0.112789415 -0.08798594 -0.18090478 -32767.0 0.010361513 -0.045812115 -32767.0 -32767.0 -32767.0 -32767.0 0.0503359 0.02985261 -32767.0 -32767.0 -32767.0 -32767.0 0.29693475 0.17491938 0.021512056
0.23479572 0.07329725 -0.007271896 -0.05318765 -0.11909334 -0.0978388 -0.11221392 -0.09719347 -0.051997602 -0.04071753 -0.09698582 -0.07481927 -0.065113604 -0.07881036 -0.113441095 -0.21662408 -0.04387469 0.0429498 0.045380153 0.0668955 0.047561612 0.07518445 0.09873118 0.2395997 0.21329434 0.11180647 0.033506315 -0.051717054 -0.10437817 -32767.0 0.049182832 0.038789045 -32767.0 -32767.0 -0.021963544 0.07589766 0.2255002 -0.06175511 0.2505432 0.3480092 -0.13738598 -32767.0 -32767.0 -32767.0 -32767.0 -32767.0 -32767.0 -32767.0 -32767.0 -0.18529582 -0.023783963 0.06681322 -32767.0 -32767.0 0.12089946 -0.10784333 -0.09516085 0.0036187542
