static/data/seaWater_vo/2023/7/28/18.asc
ncols 137
nrows 93
xllcorner 108.0
yllcorner 17.0
cellsize 0.25
NODATA_value -32767
[rows 26 to 51 of 93, columns 58 to 115 of 137]
0.16739464 0.030435089 0.01782402 -0.021848585 -0.038932618 0.030783828 0.02241517 0.022701453 0.04485202 -0.0029344372 -0.044744886 -0.12773703 -0.08153212 0.06815328 0.12549022 -0.06502526 -32767.0 -32767.0 -0.06792471 0.23770486 0.22811483 0.109427355 0.066825375 0.16290368 0.19354017 0.08941179 0.083187915 0.074314184 0.16148679 0.02067252 -0.013011699 -32767.0 -32767.0 -32767.0 -32767.0 -32767.0 -32767.0 -0.17864183 -0.16903916 0.026553579 -32767.0 -32767.0 -32767.0 -32767.0 -32767.0 0.06400221 -32767.0 -0.2544898 -0.13914037 0.062288716 0.13705844 -0.020427566 0.02690723 -32767.0 -0.20919599 -0.14297308 -0.15193899 -0.17380399
0.21180864 0.21750562 -0.012739201 -0.02496588 -0.021235362 -0.025892913 -0.027666137 -0.008477934 -0.054693732 -0.10458456 -0.14223936 -0.09839546 -0.03583681 -0.0058761872 0.07776269 -32767.0 -32767.0 -0.043876138 0.085935384 0.22509852 0.3313157 0.18960549 0.077486694 0.09571371 0.025642969 -0.001717076 0.020290408 -0.05992235 -32767.0 -32767.0 -32767.0 -32767.0 -32767.0 -32767.0 -32767.0 -32767.0 -32767.0 -0.21211456 -0.25814164 0.2296207 -32767.0 -32767.0 -32767.0 -0.07193039 -0.017741382 0.16489251 0.19459459 -0.20541275 -0.024898447 0.2104228 0.18053237 -0.11719004 0.0590728 -0.27735075 -0.04957729 -0.14159675 -0.06992099 -0.103657134
0.20674436 0.13915113 0.106468245 0.1576092 0.13000482 0.043680448 0.04166811 0.00051644526 -0.07620126 -0.0804254 -0.16019891 -0.11914028 0.034252837 0.10991347 0.025258753 0.055810925 0.020475123 -0.01417752 0.060264874 0.29491672 0.2831968 0.20003362 0.09083887 -0.065042034 -0.13609059 -0.0466056 -32767.0 -0.219925 0.17204618 -32767.0 -32767.0 -0.030481437 -32767.0 -32767.0 -32767.0 -32767.0 -32767.0 -32767.0 -0.13347042 0.05622248 -32767.0 -32767.0 -0.03438581 0.075134635 0.06348564 0.083766654 0.04344075 0.011498578 0.018958665 -0.07700099 -0.08316855 -0.20126767 -0.18664928 -0.25617954 0.055216108 -0.14456463 0.027712012 0.05673187
0.24024308 0.15015309 0.11434035 0.14912769 0.017107958 0.04281763 0.12756178 0.07643595 -0.020668216 -0.058538962 -0.07529641 0.0062295366 0.19943614 0.18047582 0.11029447 -0.0045089955 0.054121543 0.08631197 0.17286694 0.1862955 0.15293247 0.23079363 0.15159127 -0.11684985 -0.23299968 -32767.0 -0.19806585 -0.101731196 0.024136307 0.16286562 0.18083993 -32767.0 -0.05872787 -32767.0 -32767.0 -32767.0 -32767.0 -32767.0 -0.11887601 -0.07342483 -0.16506274 -0.011133737 0.05931372 0.16166548 0.24514551 0.2460699 0.21292657 0.13372692 -0.030192183 -0.2849568 -0.3723428 -0.21035542 -0.34811312 -0.17052941 -0.022445105 -0.082382716 -0.01573211 0.12689197
0.33799478 0.13399926 0.21802671 0.15368387 0.020716326 -0.034464642 -0.074274704 -0.01959986 0.005377634 -0.006961425 -0.0066735465 -0.033598613 0.11620368 0.23468462 0.14487697 0.0404562 0.17143314 0.14105777 0.12744026 0.08492995 0.120097734 0.14270759 0.09715425 -0.0652663 -0.17050298 -0.15536703 -0.14712243 0.03310087 0.03152786 0.314108 0.19635901 -0.04665745 0.023100292 -32767.0 -32767.0 -32767.0 -32767.0 -0.18455996 -0.04742889 -0.25002483 -0.13852337 0.26232013 0.3644182 0.34373975 0.34263697 0.3026872 0.18738848 0.01919266 -0.17379873 -0.4816372 -0.6115265 -0.31475672 -0.23032017 -0.05464375 0.0358116 -0.016210701 -0.048971564 0.12342044
0.4999519 0.17286225 0.1920966 0.15434521 0.0692185 -0.09629617 -0.07602696 0.023478907 -0.00965518 -0.03651666 -0.07303341 -0.07918962 -0.04084348 0.20732988 0.16034205 0.19089794 0.16269228 0.07358111 0.04271256 0.064018756 0.17301702 0.07427191 0.034000907 -0.08877342 -0.075256094 -0.122515336 -0.15483622 -0.13362749 -0.24092141 -0.05092662 0.17568702 -0.041734103 -0.06893885 -32767.0 -32767.0 -32767.0 -32767.0 -0.0106794145 0.050701205 -0.43796575 0.12444522 0.7106631 0.63772166 0.42505547 0.3691118 0.34756318 0.21246907 -0.06022384 -0.3027947 -0.6292543 -0.9167814 -0.333191 -0.17850724 0.010983162 -0.0012932203 0.0662526 -0.058506668 0.04010887
0.5848431 0.24321897 0.19593424 0.19700342 0.07441345 -0.0035215835 -0.029390926 0.042184908 0.011602232 -0.08481479 -0.12024017 -0.17423168 -0.19470875 -0.040339127 0.07958963 0.102067016 0.05730051 0.08916236 0.09643122 0.14363866 0.18667133 0.14938469 0.0803088 0.0007349522 -0.107179634 -0.12338983 -0.17064546 -0.13940863 -0.25906858 -0.45505598 0.26996458 -32767.0 -32767.0 -32767.0 -32767.0 -32767.0 -0.027620016 0.010767129 0.15927339 0.108130276 0.41929993 0.61160934 0.71847403 0.62605065 0.40974468 0.25435194 0.07867284 -0.11994345 -0.3400561 -0.5872566 -0.8493289 -0.73013544 -0.2223047 -0.09770224 -0.265807 0.09695348 0.043914784 -0.045569696
0.65832883 0.29769337 0.19390151 0.19284643 0.1502196 0.1501954 0.0928879 -0.049558073 0.05630507 0.0578063 -0.061947323 -0.15596476 -0.20293483 -0.16961612 -0.066317774 0.02830192 0.016558224 0.0975222 0.14489262 0.17277578 0.26671115 0.28592128 0.17777258 0.072471574 -0.00395343 -0.020121936 -0.10356274 -0.22713411 -0.37330377 -0.5099797 0.06012051 -32767.0 -32767.0 -32767.0 -32767.0 -32767.0 0.017263962 0.37444958 0.23724644 0.24700752 0.5811599 0.8749174 0.9749793 0.8904249 0.4732068 0.10045114 -0.10162136 -0.2088046 -0.3144844 -0.5274368 -0.6732227 -0.82005286 -0.78459597 -0.44357726 -0.33783528 -0.17564043 0.15314808 0.02642751
0.85824686 0.44510275 0.3395214 0.28235272 0.17157334 0.15519115 0.03940409 0.12849522 0.14819244 0.09236151 -0.18629393 -0.16305487 -0.18054214 -0.107740186 -0.037267454 0.04346406 0.044724643 0.09581741 0.16584168 0.19733885 0.33108196 0.29955235 0.22532453 0.11676101 0.066307224 0.022217935 -0.09470631 -0.21944417 -0.36105493 -0.23604152 -0.021712627 0.041278567 -32767.0 0.07558529 -32767.0 -32767.0 0.5100102 0.40803778 0.0437576 0.41889375 0.83160096 1.0323113 1.1461602 1.0465823 0.5124427 0.102374114 -0.19132756 -0.15299998 -0.20978032 -0.37954548 -0.52876943 -0.6607933 -0.7403854 -0.82763624 -0.77742606 -0.5127685 -0.12745373 0.20844491
0.5717577 0.4394002 0.38313603 0.3462478 0.26436734 0.16833022 0.13690561 0.17497267 -0.033180475 -0.07182204 -0.19283779 -0.23851737 -0.18550153 -0.09175286 -0.030979935 -0.011917953 0.04631232 0.09388282 0.14730194 0.2241825 0.38966545 0.28463793 0.23326984 0.15372565 0.08361708 0.00083544146 -0.09867332 -0.14485668 -0.13180004 -0.15290216 -0.12245328 0.006349312 -0.027926244 0.059068605 -32767.0 -0.0444606 0.7124008 0.46239084 0.10129151 0.3407649 0.8551979 1.1720772 1.0558928 0.895136 0.4779994 0.14114672 0.03266899 -0.07712334 -0.18684734 -0.26217082 -0.34007534 -0.443997 -0.5754124 -0.67369425 -0.77016884 -0.84086573 -0.6442175 -0.14133172
0.25329834 0.603441 0.36646765 0.34610283 0.34184632 0.26067284 0.16749573 0.039386325 -0.003215408 0.020799527 -0.0856504 -0.11241709 -0.1786265 -0.11932665 -0.061847612 -0.054788448 0.052840505 0.13822825 0.23193294 0.35257095 0.3316241 0.25760096 0.23337038 0.15766338 0.14357786 0.087894574 -0.036420435 -0.061841007 -0.0119006615 0.006224974 -0.059528977 0.02979419 -0.17602912 -32767.0 0.5904976 -0.30309778 -0.2637069 0.3555409 0.46486485 0.33480206 0.8210722 1.2261745 1.1423886 0.74743193 0.5027788 0.2583161 0.10311685 -0.033059426 -0.14966577 -0.22191915 -0.27699187 -0.329387 -0.39593807 -0.5031254 -0.6068202 -0.712699 -0.74296427 -0.50206053
0.28806597 0.7403988 0.5291805 0.4098138 0.3767868 0.31187868 0.1640392 0.05627817 0.03596807 0.05290811 0.05666024 -0.12120309 -0.1078582 -0.10342815 -0.034838837 0.042484272 0.11845274 0.1901912 0.33469358 0.36711562 0.24631761 0.20719904 0.21109246 0.13567401 0.14037311 0.10852195 0.08521937 0.04452868 0.048835 0.06557019 0.04474437 -0.116548344 0.060345024 0.052008875 0.10762425 0.22915445 -0.41069096 -0.58667004 0.48811767 0.30408716 0.8281723 1.2966853 1.1558409 0.58211493 0.4346376 0.23585917 0.07997192 -0.078469366 -0.184484 -0.1752084 -0.23356958 -0.22522481 -0.22545274 -0.299501 -0.41804993 -0.5580861 -0.608815 -0.5115028
0.2433025 0.4321562 0.4427574 0.4341291 0.48016417 0.34175757 0.23450679 0.123856865 0.123366535 0.057981625 0.047160458 -0.03190089 -0.04059995 -0.051303748 -0.030956492 0.034269355 0.09033936 0.17369504 0.23721138 0.4084523 0.26526585 0.22212543 0.21121688 0.11470519 0.06044295 0.050138164 0.059432197 0.057290707 0.072624706 0.1137533 0.11189847 -32767.0 -0.097158864 -0.4031037 -32767.0 0.55611926 0.20138533 0.013880581 0.03757825 0.29046386 0.9423769 1.2993454 0.98040986 0.4100493 0.359925 0.22215796 0.029703334 -0.10327823 -0.17511366 -0.2757228 -0.18806486 -0.13738462 -0.17033596 -0.28195474 -0.33649176 -0.3814909 -0.4586543 -0.3843249
-32767.0 0.5775912 0.46403936 0.53425956 0.51918733 0.35434708 0.1824087 0.19582526 0.18388684 0.16168492 0.16416672 0.095548116 0.057874423 0.052000698 0.08684968 0.18000764 0.23386833 0.224709 0.18189529 0.3489228 0.35693407 0.31206715 0.2966066 0.2253542 0.11055747 0.012134442 -0.033319235 -0.018262366 0.09047172 0.21670055 0.10327979 -0.521088 -32767.0 -0.84604585 0.17872699 0.3259906 0.4954887 0.14820671 0.06432113 0.45810932 1.067578 1.0924362 0.6541043 0.2367941 0.2279821 0.102682054 0.0056138616 -0.09198109 -0.17986071 -0.15637189 -0.050000463 0.035396546 -0.042504143 -0.23524918 -0.37411824 -0.3175539 -0.31105268 -0.23433092
0.42700303 0.45206478 0.5052913 0.45434505 0.44136065 0.34895346 0.21238615 0.13535917 0.21683583 0.20783742 0.14335822 0.13868512 0.14493541 0.110602096 0.2531048 0.29100063 0.30603898 0.22726136 0.19529784 0.3203509 0.40218404 0.455413 0.5028205 0.40733635 0.22218677 0.04482999 -0.072012715 -0.05756846 0.1128773 0.28175944 -0.1606058 -0.22017987 -0.27875358 -0.051010367 0.090533316 0.30618954 0.23363435 0.11051643 0.29026872 0.6785525 0.78384304 0.6862408 0.35340634 0.1446302 0.0951826 -0.008386566 -0.044462252 0.014442084 -0.03104809 -0.058389764 0.0062780734 0.058261786 0.040279645 -0.2042153 -0.3568318 -0.3184593 -0.2449197 -0.15741247
0.38478258 0.49568352 0.47541356 0.4775237 0.4309766 0.3029014 0.29858816 0.19485909 0.14448488 0.13255638 0.13180926 0.13381387 0.14231403 0.18407568 0.19073133 0.2548525 0.252822 0.2392664 0.2893797 0.3327473 0.5445221 0.77691334 0.72159547 0.42989975 0.21420628 0.043156516 -0.102402695 -0.15026507 -0.097855546 -0.07295534 -0.18489018 -0.118875876 0.06332583 0.019138837 0.28002602 0.38746923 0.3755813 0.38209736 0.37343287 0.41117442 0.57986647 0.396457 0.10813647 0.109900095 -0.023004001 -0.05762185 -0.010587252 0.056195065 0.014728092 -0.03134 -0.022689033 0.04851309 0.019625243 -0.184707 -0.3342677 -0.33805504 -0.30121025 -0.20253141
0.63600653 0.5244257 0.49975225 0.4433509 0.3398372 0.28106844 0.25206044 0.14886038 0.105439685 0.14434586 0.12947676 0.12759474 0.20774296 0.20046426 0.18124178 0.20195708 0.20457856 0.24941741 0.30295625 0.5227496 0.76586795 0.91802555 0.6623442 0.40783796 0.2608192 0.08861135 -0.062067725 -0.18146381 -0.1387751 -0.2925308 -0.16173689 -0.092094146 -0.17267273 0.018023826 0.21770409 0.24664903 0.4587735 0.47299457 0.31305078 0.28097647 0.24786957 0.069277324 -0.010684722 0.03488249 -0.09771734 -0.12753496 0.12175897 0.11990301 0.07127549 -0.00088907685 -0.022908427 -0.062076878 -0.057880595 -0.14749993 -0.33065936 -0.38442773 -0.28675902 -0.011668283
0.5373806 0.54695606 0.615742 0.49472123 0.4102692 0.23199825 0.16105525 0.021933455 -0.074478425 0.123203985 0.17785478 0.24564524 0.27006865 0.25076112 0.19155796 0.18118992 0.21416523 0.22617492 0.3913482 0.72304296 0.79696006 0.82880723 0.58665276 0.4531699 0.34905273 0.2044282 -0.07509879 -0.12475059 -0.26674214 -0.12620129 -0.046675153 -0.06435395 -0.06371752 -0.031125182 0.08819824 0.30278373 0.5265613 0.4002974 0.26252404 0.16719021 0.020711567 0.009755059 0.04094476 -0.059648555 -0.18908398 -0.0462368 0.1661908 0.06910927 0.05090092 0.054558787 0.011812911 -0.12752505 -0.18519185 -0.23355004 -0.32558337 -0.32121673 -0.17291692 0.063405864
0.53922063 0.61249775 0.6156094 0.4327953 0.28984857 0.2350086 0.17014988 0.010499434 -0.16092294 0.045798007 0.23578647 0.25729635 0.23287374 0.22382016 0.22828382 0.18189482 0.1260392 0.21434651 0.4276719 0.8606603 0.84119827 0.75396115 0.5316032 0.42656 0.3263286 0.30984035 -0.0034058995 -0.21451747 0.029811677 0.021855416 0.02916265 -0.00998138 -0.014221573 0.08434246 0.17161843 0.23109913 0.23474096 0.2525597 0.17027348 0.1082228 0.06674039 0.05778792 0.0020624264 -0.10301633 -0.24234994 0.048554927 0.12057161 0.08352278 0.17937413 0.1945276 0.06328708 -0.092067316 -0.23951146 -0.33656484 -0.33624262 -0.2737759 -0.007871839 0.1337661
0.64292544 0.6776305 0.50605357 0.2896622 0.13071476 0.2611092 0.28096932 0.12136901 0.0034542864 0.06502738 0.17599988 0.22607838 0.21366431 0.23861408 0.17330752 0.06419507 0.14260946 0.18675865 0.5348862 1.0120294 0.7940246 0.64807606 0.40106955 0.32367823 0.31644678 0.32301572 0.12631543 -0.023085222 0.031326856 0.0390619 0.099877216 0.057332683 0.09584493 0.12995352 0.16860999 0.20780008 0.21572202 0.15035099 0.071804136 0.0008324432 -0.019031305 -0.026395395 -0.09850838 -0.15537019 -0.18470827 -0.0054924316 -0.06486448 0.06588039 0.24228287 0.37984344 0.17267369 -0.05395877 -0.17967677 -0.33410665 -0.388179 -0.21658215 -0.05481655 -0.066261955
0.7458349 0.5484816 0.35225165 0.1385315 0.12540033 0.18932836 0.19777013 0.21152173 0.12809291 0.08147806 0.2157318 0.20377144 0.13775994 0.13556598 0.040198512 0.15679112 0.2060596 0.2818826 0.87585336 1.0047101 0.623505 0.5268877 0.25361693 0.016355975 0.30432028 0.37938946 0.1546445 0.061318018 -0.001570889 0.12071964 0.03739528 0.19668841 0.29704127 0.2223977 0.24085446 0.22338729 0.16074963 0.08233332 -0.00985533 -0.13607444 -0.23082483 -0.22054693 -0.20291832 -0.20034677 -0.15138268 -0.17759857 -0.21238297 -0.016122542 0.19590898 0.56248796 0.46714506 0.09164903 -0.16571338 -0.24360405 -0.33076864 -0.26757362 -0.2385774 -0.16802736
0.68834174 0.37576964 0.15807949 0.05844607 0.08488849 0.22794479 0.2922517 0.10513264 0.09003523 0.040521637 0.1805298 0.202557 0.11902675 0.13034435 0.050636556 0.1807481 0.29385114 0.7010763 0.944024 0.80865663 0.6070159 0.47056368 0.19924368 -0.02168425 0.20764993 0.16867232 0.36261645 -32767.0 0.18542837 0.2688578 0.23756608 0.32593885 0.33930862 0.36014083 0.264499 0.17176148 0.1082427 0.05095389 -0.0050915703 -0.12223169 -0.3303535 -0.37216416 -0.29291674 -0.26889864 -0.1976413 -0.28063527 -0.11657249 0.03133994 0.075709574 0.49647373 0.49459258 0.08020761 -0.19503117 -0.28027567 -0.31778893 -0.34169146 -0.32384312 -0.08619396
0.5643609 0.28263137 0.12604983 0.11294382 0.19330642 0.31461668 0.18024597 0.14694667 0.06143499 -0.023976736 0.08534159 0.1605525 0.10771494 0.1264137 0.10951486 0.26914832 0.6394316 0.8040744 0.74003774 0.72986263 0.572063 0.38483927 0.15255505 0.13191704 0.07864308 -0.015927067 0.26634213 0.32181522 0.25856447 0.34953514 0.3753526 0.41997772 0.3850879 0.33505118 0.34148315 0.29981306 0.17642692 -0.012611177 -0.086297594 -0.14950605 -0.37741417 -0.47697428 -0.31299692 -0.21120802 -0.342871 -0.119436875 -0.014237343 0.04734003 0.051634487 0.36307988 0.3532815 0.038183585 -0.21170738 -0.25226182 -0.34674054 -0.36382428 -0.26738834 0.029714847
0.42963976 0.14621165 0.23688349 0.34730157 0.34668654 0.26777902 0.058653545 0.08975581 0.09286216 -0.0069007096 0.004399772 0.082937755 0.05444799 0.10807692 0.24925841 0.643066 0.7469099 0.6531576 0.7523031 0.660136 0.4527967 0.2242642 0.13417944 0.0064997594 0.068519674 0.17451279 -32767.0 0.27639833 0.3174869 0.47100076 0.5153329 0.43522403 0.43001482 0.4900994 0.53253937 0.37815097 0.10662241 -0.101025805 -0.18990329 -0.26480472 -0.48813388 -0.4308665 -0.2727487 -0.3108808 -0.27811718 -0.10635676 -0.07295585 0.048277393 0.027853826 0.20400201 0.28438008 0.033902336 -0.18149795 -0.2975098 -0.30206764 -0.3030444 -0.30752808 0.1029904
0.3575183 0.0858158 0.29764438 0.36240348 0.34319064 0.2322935 0.12988657 0.091720596 0.059925884 0.038038243 0.019860797 0.011672515 0.078374095 0.3235715 0.59321856 0.72936076 0.6416356 0.57092476 0.6983044 0.53440183 0.22744542 0.10627112 0.04068833 -0.040437944 0.08853469 0.18081398 0.19891532 0.30920923 0.39658105 0.53764963 0.60523146 0.4794088 0.5993348 0.6473009 0.51082504 0.17898521 -0.020779325 -0.20163223 -0.26625162 -0.4240039 -0.5185194 -0.37872648 -0.30538148 -0.31865868 -0.13902193 -0.07235968 -0.021924773 0.08506805 0.059403192 -0.115611605 0.104734816 0.005884296 -0.13037796 -0.20192564 -0.18764582 -0.2349844 -0.369048 0.09484575
0.36301017 0.12681122 0.2111935 0.2674115 0.33134967 0.26302344 0.05526892 0.023896273 0.11539322 0.14219224 0.030255176 0.07198661 0.28577858 0.4532864 0.7967896 0.77003205 0.5121644 0.490588 0.5677738 0.3091132 0.02737454 0.09789977 0.044236813 -0.005677908 0.10816327 0.14928594 0.23964567 0.40796345 0.47420108 0.5400253 0.56369996 0.5328118 0.65961015 0.5789086 0.4030916 0.15716673 -0.099619664 -0.2362651 -0.39119303 -0.54896426 -0.44639945 -0.3325732 -0.39947027 -0.1493799 -0.08556097 -0.051742375 0.031490374 0.21708332 0.20148434 -0.15393476 -0.13583352 -0.07365039 -0.11227203 -0.1647594 -0.13477029 -0.13042143 -0.22437686 -0.065196134
