static/data/seaWater_vo/2023/7/28/6.asc
ncols 137
nrows 93
xllcorner 108.0
yllcorner 17.0
cellsize 0.25
NODATA_value -32767
[rows 52 to 77 of 93, columns 58 to 115 of 137]
0.2843377 0.0549124 0.12321601 0.20687003 0.26749384 0.13681778 0.051648587 0.083229005 0.19059195 0.16289252 0.10452676 0.19192488 0.33677626 0.6296802 0.8071102 0.4943463 0.331159 0.3708351 0.18298638 0.044989295 0.0027923163 0.09163633 -0.016766544 -0.030695891 -0.054746404 0.18941927 0.22390309 0.3822441 0.51713383 0.586 0.40640277 0.37428704 0.36961547 0.2360166 0.110376365 -0.052043617 -0.18511564 -0.28322804 -0.37179068 -0.27155188 -0.19543537 -0.28921232 -0.1569924 0.16423856 0.21154685 0.28168765 0.3918602 0.43564925 0.2944798 -0.06705049 -0.29543746 -0.06103678 0.028276162 0.095537595 0.16235244 0.102253444 0.007994424 -0.0042171045
0.25817922 0.06890983 0.0001952154 0.097004674 0.15256014 0.08033279 -0.004560025 -0.0022169251 0.04476289 0.17024909 0.10905713 0.14189662 0.33286554 0.83333147 0.7534175 0.39237922 0.27412435 0.21809478 -0.037634406 0.030934814 0.11159229 0.19689374 0.03995556 -32767.0 -0.21757002 0.12662974 0.17348352 0.38716882 0.5039632 0.47590977 0.33983642 0.29699403 0.29411346 0.19431254 0.07484064 -0.05972009 -0.1925414 -0.2564642 -0.23138742 -0.2427535 -0.31162965 -0.22682431 0.06902972 0.17749359 0.250203 0.30831757 0.35257035 0.41769794 0.42685166 0.21163681 -0.22429186 -0.29153854 -0.094335735 0.06252743 0.06861206 0.051124025 -0.013777743 0.015331514
0.18514219 0.07838357 0.016496897 0.08378325 0.039719768 0.022238579 0.005437212 -0.053720884 -0.10821808 0.048570022 0.22343184 0.3275707 0.58533067 0.7635077 0.47700468 0.41267374 0.24999894 0.09954977 -0.14393497 0.09748708 0.07648607 0.10127475 0.040160056 0.048793264 -0.14888388 -0.035822086 0.21349767 0.42441055 0.4120104 0.34343615 0.27197593 0.19479787 0.1738328 0.11117977 -0.020671144 -0.116482526 -0.1764346 -0.19594708 -0.23761983 -0.33613288 -0.26080486 -0.028620308 0.11819417 0.204983 0.241395 0.30752665 0.35826465 0.42653 0.34713602 0.3299111 0.12073235 -0.22322316 -0.29832566 -0.06716553 0.08607253 -0.0393162 -0.017829038 0.091236085
0.21355651 0.25407007 0.24363399 0.116772436 0.038434256 -0.072631106 -0.08718138 -0.09529212 -0.020123595 0.1916184 0.42045873 0.5451892 0.6145888 0.44669044 0.47573206 0.3505165 0.105042405 -0.18059327 -0.00016048312 0.023238026 0.1359198 -32767.0 0.049402542 0.08882451 0.050961033 -0.029525323 0.15653348 0.3130636 0.22635081 0.20875981 0.19922137 0.062779665 0.07952278 -0.01494104 -0.082085036 -0.14156467 -0.18151101 -0.2711024 -0.380686 -0.27316442 -0.08484428 0.023266425 0.15014757 0.19289908 0.18367256 0.22309102 0.3497631 0.5032568 0.3999619 0.33925265 0.3214628 0.05235189 -0.28537086 -0.2569504 0.03395907 -0.03664501 -0.0019981083 0.12793455
0.77954507 0.80278975 0.6050095 0.24942867 0.105566755 -0.1305717 -0.23070557 -0.1283846 0.05436001 0.32080904 0.4682447 0.42574832 0.32615852 0.4647286 0.41608575 0.23374796 0.05220178 -0.23354292 -0.30379438 0.09707103 0.09741074 0.083522975 0.08457839 0.051456165 -0.00395698 -0.09058437 0.023942577 0.23685586 0.032136604 0.15246145 0.13677306 0.0059699514 0.015289381 -0.10515026 -0.15254213 -0.1869977 -0.28294784 -0.3877761 -0.29562667 -0.1819637 -0.10705155 0.11523883 0.2363793 0.2699552 0.20258018 0.1803608 0.2732645 0.42272502 0.3675928 0.27933776 0.35090813 0.25954086 -0.12584688 -0.32107443 -0.033643797 -0.062982105 -0.024610601 0.08133043
1.3036476 1.0449572 0.68838954 0.47697532 0.32640886 0.2026256 0.14629032 -0.019901594 0.108899154 0.30206883 0.2501121 0.2970309 0.4077976 0.40912846 0.27925825 0.23718427 -0.00012275335 -0.33863023 -0.33290425 0.17761397 0.16175556 0.08607761 0.16154617 0.13880491 0.006598398 -0.15800405 -0.17032173 0.010972899 -0.09503907 0.13003644 0.082684 0.025110317 -0.07788524 -0.14614473 -0.20995794 -0.28591323 -0.4237779 -0.39269465 -0.24386142 -0.21783204 -0.14571129 0.08578551 0.33545914 0.38015246 0.25787643 0.17481594 0.2481908 0.41046578 0.3854087 0.24223825 0.29103488 0.28671315 0.057370886 -0.32949796 -0.16063455 -0.048243683 -0.055459782 0.078659594
1.2567136 0.7969959 0.55262685 0.49349478 0.50052285 0.3585855 0.14545979 0.08178147 0.091868006 0.18328328 0.31751138 0.3288508 0.3421108 0.25502473 0.2481014 0.17829594 -0.07059503 -0.2514295 -0.18667912 0.095701374 0.06700253 0.20116822 0.23680879 0.13170394 0.08669122 -0.1720969 -0.32651445 -0.26664186 -0.14962263 0.13718255 0.03186112 0.08260144 -0.15654798 -0.19661845 -0.2847288 -0.382411 -0.45471781 -0.3009576 -0.21433221 -0.20882694 -0.112528875 0.13093989 0.3666633 0.353724 0.28283507 0.14894821 0.20985667 0.36881182 0.38654572 0.28930226 0.18693167 0.31298062 0.23236941 -0.050124962 -0.29231843 -0.22062288 -0.07205604 0.11240969
1.2746289 0.6631528 0.54817426 0.4922005 0.43329787 0.294227 0.07918211 0.06114007 0.1683493 0.3234093 0.3676259 0.38798115 -0.023266416 0.28513268 0.25103754 0.13787158 -0.088608496 -0.08921265 -0.02923643 0.03348355 0.12897246 0.21795473 0.0655104 0.023097726 -0.01708102 -0.24166973 -0.3639564 -0.41900834 -0.069949836 0.16096376 0.027306268 0.025363749 -0.06807785 -0.23964642 -0.324918 -0.43555522 -0.43783683 -0.2806702 -0.197274 -0.18268396 -0.07883867 0.15445924 0.32403857 0.3098536 0.2681429 0.18198273 0.19494301 0.35849616 0.3951537 0.27677828 0.09424398 0.16035932 0.21023549 0.15387824 -0.07194174 -0.14159557 -0.09564145 0.049973436
1.0568155 0.55924886 0.54707295 0.54129326 0.31726423 0.14797218 0.07694665 0.15293357 0.25702447 0.39489076 0.38064867 0.10919623 -0.13773465 0.4388834 0.3008852 0.098068506 0.019899178 -0.07169656 0.016999226 0.17384548 0.20411861 0.056585502 -0.067328915 -0.10413792 -0.18866584 -0.28928113 -0.45515543 -0.32173324 -0.0018148108 0.14761993 -0.026180577 -0.10617438 0.0077346116 -0.20437245 -0.34822354 -0.45395824 -0.4225799 -0.25415733 -0.1497078 -0.10582362 0.015512151 0.19110568 0.22445692 0.24936165 0.23524204 0.2189108 0.25774577 0.34931025 0.37223554 0.22088312 0.059422392 -0.070297375 0.09587058 0.29197806 0.16115008 -0.043628085 -0.0997126 -0.06282172
0.8698 0.43391594 0.4085604 0.44089484 0.4179842 0.28703988 0.022736266 0.027983703 0.30753446 0.3711336 0.32273024 0.16622049 0.20187607 0.4468919 0.37360746 0.14982438 -0.008576715 -0.016572293 0.108935714 0.24492729 0.051571984 -0.09571891 -0.11041027 -0.12313742 -0.26737574 -0.41394994 -0.40304703 -0.07974231 0.107637264 0.08781384 -0.030821096 -0.18362457 -0.07569085 -0.09929202 -0.26062337 -0.40534192 -0.38522464 -0.24674475 -0.1279354 -0.04305764 0.052893084 0.12198644 0.20507775 0.2642513 0.2599069 0.22584102 0.25096107 0.33762634 0.31849632 0.121099666 0.07152104 -0.041900504 -0.03689019 0.21252547 0.28350034 -0.006572223 -0.087435804 -0.115364194
0.604808 0.41504645 0.33865488 0.45519283 0.4681239 0.24459119 0.09507152 0.008054907 0.440285 0.35117128 0.2508951 0.18590754 0.2794217 0.41936126 0.31704676 0.19682652 0.06317448 -0.030758325 0.173591 0.0683361 -0.106830955 -0.15654773 -0.0899011 -0.17454703 -0.31859925 -0.36479282 -0.18280506 0.07601333 0.06384637 0.06090293 0.028093623 -0.15833011 -0.18314701 -0.05634598 -0.15462749 -0.2612026 -0.2988779 -0.23012497 -0.1466809 -0.060307648 0.040314756 0.112023644 0.20248194 0.25773674 0.26575288 0.24411689 0.20583482 0.2286835 0.18084323 0.039944846 0.1477687 0.015531781 -0.07588627 0.23078631 0.25925112 0.0024439907 -0.11950182 -0.12230052
0.46465078 0.39817306 0.48387384 0.4567319 0.4468682 0.39313072 0.28850594 0.29366338 0.3754607 0.28937304 0.2549978 0.24210927 0.2835528 0.30269372 0.1579356 0.22408013 0.10378168 0.079452656 0.03189475 -0.08946543 -0.13176268 -0.114999294 -0.13676953 -0.25061134 -0.2560222 -0.12716119 0.0075573428 0.046843797 0.07485774 0.079300135 0.039135393 -0.041618347 -0.110514596 -0.10394659 -0.16100651 -0.2007808 -0.18068093 -0.16600421 -0.09548484 -0.01901385 0.08125053 0.16511117 0.26180834 0.29818326 0.2937202 0.24984752 0.19644973 0.13055521 -0.00843237 -0.03898002 0.24071857 0.081866466 -0.08407533 0.3375344 0.18225606 -0.036539856 -0.12960346 -0.16317108
0.35515553 0.4133464 0.551181 0.46967134 0.3914009 0.38120165 0.32786125 0.31361243 0.29606232 0.2342896 0.24337679 0.28315693 0.27710837 0.25091326 0.099143416 0.18683454 0.10281716 0.051724747 -0.1343487 -0.105837956 -0.097077265 -0.17664646 -0.22407496 -0.15392305 -0.07500572 -0.07256106 -0.036865182 0.034970924 0.11134026 0.12345706 0.12873386 0.10446858 0.0656142 0.026136471 -0.019809084 -0.085522525 -0.10688959 -0.12886384 -0.09546254 -0.021463607 0.078893796 0.20340517 0.29320964 0.30134618 0.2059258 0.06741445 0.051437736 0.07623989 -0.10714103 -0.12129155 0.17423955 0.09142316 -0.048054855 0.35937566 0.06930159 -0.11832996 -0.18320653 -0.20150596
0.43008694 0.3625956 0.4886635 0.41232905 0.46352813 0.462782 0.40467373 0.40383416 0.3325106 0.252702 0.24751762 0.26292238 0.2897329 0.21897532 0.04451558 0.12428351 0.07289925 -0.07483406 -0.20690659 -0.095854305 -0.17368248 -0.18873745 -0.12640655 -0.09880255 -0.09032427 -0.07946481 -0.036542937 0.0004963757 0.047444403 0.119253166 0.15830392 0.19070017 0.18038385 0.14524502 0.11234282 0.09807705 0.1698774 0.19253781 0.13899373 0.102792434 0.110715896 0.11290129 0.18262157 0.2137423 0.16856936 0.0441227 -0.05406176 -0.0385356 -0.17021562 -0.26335242 0.14242953 0.108678065 0.008219957 0.30459496 -0.026051048 -0.1889506 -0.27195424 -0.1371909
0.3881702 0.23843385 0.27497295 0.36450323 0.47676003 0.5049173 0.42597204 0.4005213 0.37523252 0.3212201 0.2803667 0.26405233 0.22563976 0.07517448 0.042585023 0.14657058 0.0061301347 -0.17954819 -0.1738344 -0.20374638 -0.19771641 -0.12467842 -0.09370751 -0.060027078 -0.017249458 0.02658137 0.08960925 0.080698065 0.048640635 0.106143676 0.15172584 0.118301496 0.13389325 0.15050803 0.14962798 0.19924666 0.15249616 0.056932215 0.10079573 0.08067838 -0.007213686 0.06238643 0.21064635 0.3256865 0.29016283 0.15310721 -0.023274707 -0.14180054 -0.20822679 -0.29557297 0.035016663 0.18282984 0.0163371 0.23672102 -0.06558354 -0.24197294 -0.30941606 -0.05124818
0.31560344 0.05336696 0.100932285 0.20136115 0.38493183 0.4934358 0.53330106 0.5615497 0.5930377 0.5040479 0.30824 0.17909873 0.107499346 -0.019957894 0.11476082 0.12416185 -0.09798762 -0.20341411 -0.25192466 -0.26954603 -0.16662213 -0.041198026 0.028782034 0.02744321 0.06983354 0.16584244 0.18572488 0.17643188 0.10204334 0.06699588 0.11068727 0.12255985 0.10509446 0.13595662 0.16312513 0.19191746 0.30945748 0.1719324 0.016826294 -0.082772054 0.0010004241 0.0017168527 0.24718088 0.40368792 0.33248857 0.25477824 0.19917274 0.08251931 -0.10514525 -0.25451067 -0.16959898 -0.022405868 -0.075789705 0.13205746 -0.1241086 -0.336558 -0.092860654 -0.10763016
0.2173972 -0.12195436 0.026577076 0.15137157 0.22805928 0.40064225 0.53539824 0.6287542 0.65312165 0.6169641 0.29802355 0.08375736 -0.019061316 -0.10689625 0.13606706 0.010049 -0.11731319 -0.27558476 -0.40263397 -0.2200207 -0.065616064 0.12027961 0.2503141 0.22463483 0.13460042 0.27045366 0.3738782 0.34227642 0.23607591 0.065094545 0.060550082 0.15378031 0.05470824 0.13985237 0.23878896 0.18132117 0.27798867 0.21941796 0.017773123 -0.10505046 -0.07001205 -0.07185785 0.13729373 0.4524289 0.47549546 0.34264296 0.39323953 0.27741307 0.029742112 -0.15910594 -0.25896847 -0.2805297 -0.18667255 -0.01410414 -0.26819688 -0.30399385 -0.0049884343 -0.05754818
0.13546929 -0.19912483 0.11968923 0.26044396 0.25743678 0.33172953 0.47887102 0.6287343 0.69412637 0.58135587 0.27193615 -0.004735202 -0.12690608 -0.093595445 0.09538839 -0.058126204 -0.14603902 -0.39184308 -0.36000603 -0.30156547 -0.13140123 0.14802483 0.37876043 0.4068602 0.21665919 0.27505723 0.39922732 0.33832073 0.21129626 0.10721711 0.04828322 0.15384309 0.118723914 0.18935214 0.26691812 0.14576735 0.17393892 0.27579802 0.08289951 -0.03271652 -0.017275384 -0.086971715 -0.0141983 0.37389886 0.5688639 0.37503842 0.5068103 0.35923418 0.052100595 -0.19482389 -0.3838288 -0.4536495 -0.2616897 -0.19258185 -0.46008348 -0.11987501 -0.08690478 -0.058970127
0.005522385 -0.05470576 0.26844388 0.3459995 0.30737862 0.34198076 0.46697882 0.68167186 0.68005043 0.4289123 0.21942954 -0.07995666 -0.18569314 0.016477883 0.090693325 -0.082080804 -0.16538155 -0.4100795 -0.36833715 -0.36013806 -0.13201837 0.20902127 0.37849894 0.47629535 0.25249037 0.34972662 0.4508673 0.4119425 0.23602597 0.044156272 0.042680055 0.09971455 0.117262796 0.22948056 0.26390192 0.14934862 0.11957859 0.21997777 0.18186258 0.09213183 0.005118974 -0.054945994 0.004987668 0.27660352 0.5466076 0.35786036 0.4986851 0.38958022 0.09022945 -0.19905256 -0.44480684 -0.5242901 -0.26722565 -0.26573306 -0.5008132 -0.08102134 -0.17638671 -0.063868314
-0.0016920097 0.13418254 0.46272102 0.44688138 0.3620315 0.40356207 0.52252465 0.67454857 0.57282716 0.21861696 0.08706788 -0.17885028 -0.24060346 0.098109104 0.11101365 -0.06918171 -0.18954486 -0.36717403 -0.2964137 -0.27716953 -0.04575829 0.2776563 0.36909658 0.41398132 0.22043326 0.2528302 0.46992815 0.43901807 0.22942626 -0.023871837 -0.07256947 0.042896174 0.15485358 0.23822948 0.20277825 0.09694884 0.06667845 0.1643734 0.16941366 0.10309543 0.0715438 0.006315867 0.103232846 0.37937513 0.49195573 0.3042933 0.40937772 0.46984708 0.13990518 -0.19585261 -0.43429428 -0.46091115 -0.3061581 -0.34946275 -0.53105533 -0.046051223 -0.19085158 -0.0782776
-0.023460379 0.06567077 0.44327036 0.41769347 0.36733118 0.46914235 0.5572713 0.7316148 0.26484784 0.12752235 -0.031326167 -0.266009 -0.23413393 0.079110496 0.10344914 -0.009998335 -0.14178738 -0.24890363 -0.17473915 -0.04680928 0.13956302 0.3141852 0.381798 0.35166308 0.12928618 0.19935162 0.54301655 0.44445142 0.14006579 -0.09164397 -0.18612325 -0.0019042456 0.15452547 0.17400007 0.12572455 0.075319335 0.035703953 0.111934364 0.1881852 0.095153 0.06825345 0.09619694 0.32595372 0.4475106 0.37699708 0.24857864 0.30952626 0.45506024 0.15860946 -0.14252616 -0.35939628 -0.4214774 -0.3720464 -0.45778087 -0.5243057 -0.00064904394 -0.12466273 -0.097699285
0.06778119 0.17341238 0.36147854 0.46016786 0.38690543 0.4334432 0.4546729 0.43282446 0.09861909 0.2228512 -0.108767256 -0.34867138 -0.17052409 0.063560046 0.110634565 0.06725661 -0.024172394 -0.0902969 -0.029988766 0.10009255 0.25176656 0.3614023 0.39903983 0.32218233 0.18910553 0.36032903 0.68835473 0.43075755 0.04469028 -0.24938326 -0.30358717 -0.04242963 0.08601788 0.13863079 0.15963347 0.09305578 0.04976804 0.07193729 0.08590486 0.072081655 0.020884557 0.19822544 0.40075082 0.431164 0.2607935 0.19757971 0.21389703 0.37677073 0.14366236 -0.09389507 -0.298977 -0.37268147 -0.4062269 -0.5695511 -0.36874634 -0.0012617714 -0.074390806 -0.055544507
0.11933856 0.29397607 0.47245494 0.49337074 0.36838135 0.36920366 0.326101 0.20005748 0.20131727 0.15523064 -0.22959162 -0.45649272 -0.106842175 0.049641613 0.11259515 0.09088332 0.066226445 0.08091379 0.1540748 0.275146 0.3597235 0.38742843 0.39944714 0.3886779 0.40057436 0.5353003 0.4695853 0.24786708 -0.037796475 -0.38211185 -0.4015598 -0.18253754 -0.08327424 0.06241837 0.17635886 0.17604075 0.13332193 0.08495435 0.029992819 -0.038666673 -0.04898736 0.20348608 0.45817688 0.42461598 0.14333043 0.13273118 0.091598205 0.27490735 0.12879533 -0.086789735 -0.25591373 -0.37161914 -0.48587626 -0.51295376 -0.0772074 0.005872841 0.01093452 0.06815166
0.2953419 0.42276955 0.47572356 0.4464538 0.36406898 0.2994769 0.2537925 0.22375455 0.22230805 0.025571441 -0.34731472 -0.5365695 -0.08246446 0.061802093 0.12872809 0.11707245 0.21440235 0.34084615 0.39206374 0.41490382 0.43783188 0.4532677 0.43501452 0.39226902 0.36501855 0.30520198 0.27632126 0.24196684 -0.059049893 -0.39634722 -0.40536907 -0.26214758 -0.04574289 0.11494204 0.18069117 0.17001309 0.11577959 0.049457025 -0.024685718 -0.097005874 -0.084380925 0.11522863 0.41351178 0.37385 0.06425796 0.07261026 -0.02892497 0.13250089 0.102999404 -0.092287846 -0.26276708 -0.36403036 -0.3815773 -0.12157789 0.058612533 0.082647204 0.1870007 0.32215792
0.5225949 0.44917017 0.38662985 0.3739652 0.28139457 0.21466963 0.21329032 0.23787737 0.15465833 -0.085428186 -0.4124167 -0.6008105 -0.14036295 0.1490009 0.26955914 0.42836753 0.46111387 0.5021564 0.5132237 0.40450722 0.339576 0.320714 0.32265112 0.3286123 0.44364253 0.31860286 0.18188892 0.108972125 -0.07345763 -0.30226555 -0.3249337 -0.19791505 -0.0073387367 0.11318579 0.13695918 0.090995155 0.076465905 0.018519148 -0.068890125 -0.13100018 -0.11558272 0.03027262 0.3577738 0.35267693 0.01121768 -0.009068316 -0.026005587 -0.0055888006 0.028674152 -0.0538814 -0.13349153 -0.14843068 -0.07741672 0.03580455 0.17559919 0.32614133 0.3702249 0.32032728
0.45006722 0.34907237 0.28510454 0.20612063 0.23111951 0.308263 0.33615702 0.2881234 0.15276815 -0.11192738 -0.37076908 -0.578451 -0.22675091 0.2682289 0.54417324 0.55708885 0.56840456 0.47046992 0.26672828 0.26026094 0.33526716 0.38123447 0.31719866 0.32190794 0.35305914 0.28622955 0.17786354 0.06036572 -0.07558998 -0.2060671 -0.2517427 -0.16887215 -0.07114595 0.00039473927 0.032167815 0.024183674 -0.009647331 -0.10448366 -0.1275815 -0.107675724 -0.09794966 -0.013619386 0.262553 0.33598 -0.06080481 -0.14778377 0.06622487 0.066509016 -0.043546155 -0.126808 -0.120241284 -0.05997899 0.03219871 0.2348984 0.36793804 0.30735183 0.29081815 0.4062217
