static/data/seaWater_vo/2023/7/5/0.asc
ncols 137
nrows 93
xllcorner 108.0
yllcorner 17.0
cellsize 0.25
NODATA_value -32767
[rows 26 to 51 of 93, columns 58 to 115 of 137]
-0.322034 -0.29235682 -0.29394624 -0.19882603 -0.1270331 -0.18320756 -0.19309111 -0.32969058 -0.38341478 -0.39730746 -0.4080526 -0.3372636 -0.25333187 -0.21021612 -0.15450464 -0.072207205 -32767.0 -32767.0 -0.2124167 0.11353582 0.07309824 -0.07482281 -0.11712518 0.11917266 0.06826167 -0.041559763 -0.049095556 -0.015709443 0.0944124 0.05511497 0.06555172 -32767.0 -32767.0 -32767.0 -32767.0 -32767.0 -32767.0 0.075358555 0.14625977 0.07914457 -32767.0 -32767.0 -32767.0 -32767.0 -32767.0 0.111697085 -32767.0 -0.18201059 0.05385676 0.13398248 -0.009736476 -0.19534963 0.0022471137 -32767.0 0.28714728 0.28737658 0.38323647 0.48859894
-0.33927515 -0.29306108 -0.38780433 -0.28118107 -0.17768377 -0.27158564 -0.19515705 -0.23225388 -0.36413088 -0.35085768 -0.3276181 -0.29203227 -0.24844664 -0.23300603 -0.14803335 -32767.0 -32767.0 -0.06206848 0.027890312 0.17615007 0.085984915 -0.067366555 -0.1159214 -0.04085171 -0.13318942 -0.049414013 0.13126467 -0.0092214905 -32767.0 -32767.0 -32767.0 -32767.0 -32767.0 -32767.0 -32767.0 -32767.0 -32767.0 -0.023689395 0.06642659 0.1873382 -32767.0 -32767.0 -32767.0 -0.06825728 0.16056104 0.11303789 -0.05892946 -0.03872754 0.010676065 0.20586906 0.18425852 -0.32318032 -0.18198882 0.17902274 0.19616021 0.16443971 0.33269623 0.55183846
-0.42767286 -0.27630943 -0.22617684 -0.37738106 -0.4596063 -0.46223664 -0.31570965 -0.21386038 -0.32073843 -0.28458837 -0.2843096 -0.32627013 -0.24329105 -0.19668402 -0.19256322 -0.20005824 -0.27102798 -0.20281933 -0.11032324 -0.0062691993 0.05672239 0.07386863 -0.09943419 -0.20896357 -0.25916767 -0.15639453 -32767.0 -0.0072937766 0.07145049 -32767.0 -32767.0 -0.028292798 -32767.0 -32767.0 -32767.0 -32767.0 -32767.0 -32767.0 -0.04502194 0.24932767 -32767.0 -32767.0 -0.008451711 0.196979 0.05592684 0.10466737 0.08392831 0.03699524 0.100225165 0.12638034 -0.22193271 -0.20745884 -0.63557506 0.066046596 0.14347966 0.10341842 0.26916692 0.5925505
-0.28178358 -0.25809315 -0.104549244 -0.1653188 -0.31940773 -0.41817775 -0.4247389 -0.30390766 -0.32640612 -0.35343605 -0.36539835 -0.39360598 -0.27470833 -0.21928391 -0.15819232 -0.24949309 -0.22219244 -0.2358446 -0.28589743 -0.14466019 -0.0075962762 0.027371896 -0.152255 -0.215226 -0.33189327 -32767.0 -0.030912142 0.04264225 0.06637906 0.107826345 0.07725978 -32767.0 0.06202075 -32767.0 -32767.0 -32767.0 -32767.0 -32767.0 0.1797918 0.12827265 -0.12059235 -0.0042803744 -0.06749105 -0.11104123 0.13536812 0.26036572 0.273367 0.2535867 0.15465876 0.032369442 -0.35042754 -0.23877305 -0.7680407 -0.0394505 0.14660947 0.18242034 0.23101838 0.61963
-0.3547308 -0.25774783 -0.13901451 -0.15574095 -0.12846689 -0.20831147 -0.06001278 -0.1945242 -0.25410113 -0.3048949 -0.34578356 -0.41371137 -0.4359846 -0.40573668 -0.35997984 -0.32521933 -0.19825234 -0.22566357 -0.24838966 -0.17931798 -0.05078672 -0.099521965 -0.084182106 -0.14062491 -0.24374391 -0.22013079 -0.04546854 -0.076019764 0.036176585 -0.0077340333 -0.017421974 0.01207582 0.059002172 -32767.0 -32767.0 -32767.0 -32767.0 0.24220535 0.18407702 -0.07469437 -0.38453305 -0.23185083 -0.15459806 0.07975465 0.15414496 0.2651218 0.4013846 0.3221147 0.12800357 -0.17414002 -0.42612055 -0.3759359 -0.82029545 -0.13955723 0.09936384 0.15796253 0.1933453 0.5774532
-0.25618988 -0.27014747 -0.111534275 -0.22783737 -0.10325073 -0.27149138 -0.2830072 -0.22380404 -0.18727532 -0.24828887 -0.23461808 -0.21255878 -0.28168613 -0.4079407 -0.49468377 -0.35491654 -0.27373624 -0.30717444 -0.28532702 -0.25354642 -0.20045301 -0.12273932 -0.100464016 -0.0869846 -0.09878892 -0.09280719 -0.111876406 -0.16674724 -0.07398047 0.059603233 -0.046122838 0.014515942 0.05021909 -32767.0 -32767.0 -32767.0 -32767.0 0.248045 -0.025519112 -0.040222526 -0.46283743 -0.46103588 0.14030442 0.2963876 0.3305308 0.52954763 0.6661479 0.36053258 0.016676541 -0.32969892 -0.61359924 -0.58397526 -0.9190109 -0.23100576 0.14451228 0.07606977 0.21999252 0.5001217
-0.35021535 -0.24494551 -0.10703219 -0.120590255 -0.1219886 -0.22661051 -0.3090008 -0.30918536 -0.25124344 -0.28352782 -0.30151436 -0.2765714 -0.115027905 -0.21416138 -0.3223333 -0.34483564 -0.28371462 -0.18927592 -0.028730832 -0.048181348 -0.14506489 -0.18096013 -0.18342768 -0.10982565 -0.14447996 -0.09295301 -0.11648477 -0.18727157 -0.23184861 0.0010411004 0.044072364 -32767.0 -32767.0 -32767.0 -32767.0 -32767.0 0.013216322 0.19589421 -0.07896053 -0.12761497 -0.23371214 -0.08756535 0.20641226 0.42529666 0.68289727 0.72046554 0.4611984 0.13510975 -0.16341479 -0.47105932 -0.89012116 -0.8771699 -0.97291726 -0.19804776 0.11878886 0.04915425 0.32459304 0.47267118
-0.18629028 -0.14605118 -0.18273889 -0.19362034 -0.20779718 -0.26035595 -0.3093487 -0.2727315 -0.30823097 -0.38603902 -0.25982964 -0.18696478 -0.22392735 -0.18590716 -0.19672124 -0.29285458 -0.25253215 -0.15067159 -0.06267254 0.030058557 0.006891576 -0.09974332 -0.07318792 -0.05806299 0.043652743 0.068807945 -0.076697774 -0.30047563 -0.3480948 -0.17698073 -0.13082711 -32767.0 -32767.0 -32767.0 -32767.0 -32767.0 -0.11258295 0.16560028 0.1733003 0.081395365 0.08673122 0.22424875 0.49631602 0.6755976 0.69208235 0.40763196 0.110794514 0.0066504553 -0.0980112 -0.37139034 -0.98220104 -1.1197933 -1.0294557 -0.15576863 0.1733192 0.018522333 0.36808184 0.50512105
-0.40094933 -0.1968705 -0.25434828 -0.3602633 -0.36597866 -0.28978994 -0.35606098 -0.33251014 -0.41784066 -0.4356472 -0.27570742 -0.19183992 -0.19506726 -0.19243158 -0.20734265 -0.24252373 -0.26206622 -0.15713014 -0.01997399 0.016040185 0.022407785 0.045368284 0.11630255 0.13311729 0.2330617 0.14620918 -0.08098902 -0.35694036 -0.37790528 -0.20282666 -0.11545408 -0.0038404684 -32767.0 0.03821405 -32767.0 -32767.0 0.15392046 0.5567113 0.45444453 0.3398815 0.1442829 0.23775242 0.5849138 0.5177773 0.25763592 0.090727724 0.031973712 -0.11579998 -0.29480425 -0.38872766 -0.93598765 -1.2419268 -1.1017112 -0.20280403 0.068136044 -0.033661257 0.29737794 0.49616903
-0.7136618 -0.31389832 -0.34571376 -0.45921254 -0.3924794 -0.32617536 -0.2833815 -0.25390276 -0.38417345 -0.35743254 -0.30936047 -0.24329038 -0.23434357 -0.19810718 -0.23803681 -0.21442129 -0.19835393 -0.08762142 0.025224473 0.0021130426 0.06673658 0.18607676 0.24043664 0.17320287 0.092853285 -0.0078512905 -0.23774445 -0.382033 -0.27261364 -0.25701588 -0.1474755 -0.18961063 -0.05333512 -0.07204568 -32767.0 -0.01890753 0.4896682 0.56345004 0.5723947 0.58228636 0.4416182 0.27691156 0.08230956 -0.086512946 -0.098034896 0.17797096 -0.10915546 -0.43386078 -0.84586954 -0.6284572 -0.9369821 -1.3039325 -1.182664 -0.33649853 -0.025432013 -0.031304643 0.3644921 0.62982345
-0.62976515 -0.4228773 -0.47925115 -0.4064204 -0.30125755 -0.2632967 -0.21656665 -0.28992864 -0.30187872 -0.2993961 -0.21192741 -0.1982007 -0.15785043 -0.12154593 -0.22702403 -0.26316166 -0.17684391 -0.11417984 -0.08552285 -0.0783716 0.0008959708 0.12166781 0.0337895 0.0009522976 0.02429954 -0.13496217 -0.34783086 -0.38701198 -0.23963812 -0.25162786 -0.17876929 -0.07096075 -0.19778784 -32767.0 0.3332497 0.3370555 0.28379834 0.59016067 0.42075032 0.44209352 0.41904327 0.27767473 -0.17460722 -0.48444217 0.19781238 0.15062548 -0.2270423 -0.53118724 -0.9892026 -0.80234295 -0.99033684 -1.3461248 -1.2357502 -0.4757134 -0.030877052 0.06606638 0.4164815 0.6189425
-0.58444864 -0.28089407 -0.56866854 -0.40030292 -0.33080867 -0.31912506 -0.27981183 -0.17702523 -0.309865 -0.3799019 -0.24043141 -0.2208725 -0.10888278 -0.07206817 -0.12477635 -0.17245452 -0.11550406 0.039848663 0.17147982 0.14094225 0.115238406 0.008570067 -0.030761883 0.014065906 0.06804922 0.009201568 -0.24065351 -0.40772533 -0.31303543 -0.25413683 -0.022793442 -0.08634727 -0.010201328 0.06414431 0.09408243 -0.09233691 0.58908117 0.43532944 0.35880733 0.4001699 0.3390667 0.2847649 -0.27420592 -0.6396923 0.33287483 0.19383019 -0.23956534 -0.67231315 -0.99872905 -0.7123925 -0.9289114 -1.3275036 -1.1942405 -0.47494593 -0.0001323065 0.13889036 0.3559178 0.6623745
-0.45002186 -0.6147256 -0.3639026 -0.13500285 -0.16881435 -0.12414367 -0.21562491 -0.20550714 -0.14818805 -0.34790665 -0.32918635 -0.23471923 -0.16897827 -0.14182071 -0.0679495 0.020303177 0.0015718141 -0.029655432 0.0995425 0.16455656 0.13320349 0.013129405 -0.07022961 -0.050026797 0.025498644 0.083114475 0.0790825 -0.007099073 -0.22224608 -0.3226808 -0.18767384 -32767.0 0.0499576 -0.27032202 -32767.0 0.24610141 0.5315418 0.36220768 0.37646893 0.4212389 0.314 0.09441838 -0.29711333 -0.6359091 0.27213624 0.224633 -0.20817307 -0.71184397 -0.6603344 -0.59131056 -0.81799763 -1.2588501 -1.126025 -0.49111053 -0.04666336 0.1655917 0.47899485 0.9575856
-32767.0 -0.5726703 -0.35128888 -0.14493659 -0.01806169 0.108040586 0.03336597 -0.123280995 -0.13258153 -0.20458862 -0.28689605 -0.22331302 -0.18947408 -0.1077025 -0.05260799 0.0072859647 0.04869361 -0.06285551 -0.045911018 -0.009971302 -0.01174739 -0.048939943 -0.18787873 -0.17147762 -0.1155481 0.046762634 0.24568756 0.29979187 0.16055515 -0.039437257 -0.393263 -0.45561975 -32767.0 -0.2116433 0.15699477 0.4456503 0.35228384 0.3953851 0.4014811 0.42988685 0.17959744 -0.08860221 -0.31120893 -0.5541122 -0.09400532 -0.0026784104 -0.1440873 -0.5883835 -0.6015705 -0.47871745 -0.67464095 -1.1003516 -1.0620801 -0.5372285 0.04094914 0.33372962 0.73180485 1.148932
-0.44145173 -0.32850355 -0.21242456 -0.23851329 -0.027616018 -0.030249624 0.17075308 0.035790723 -0.118519865 -0.18286236 -0.23767596 -0.22434683 -0.16519764 -0.08568263 -0.047677126 -0.027111145 0.03197925 -0.02076709 -0.10983233 -0.16467269 -0.12709641 -0.10718477 -0.17508678 -0.23175664 -0.13798961 0.033296615 0.2973192 0.48506233 0.28771883 0.03165477 -0.15518184 -0.51046497 -0.523242 0.102559604 0.33936307 0.49618024 0.31785145 0.17821912 0.24432455 0.24143147 -0.006198862 -0.13608713 -0.2898077 -0.4492681 -0.32017064 -0.12988323 -0.11747289 -0.29952922 -0.52443326 -0.46537274 -0.56886595 -0.78331447 -0.9562833 -0.56989956 -0.03249843 0.48924568 0.8144748 0.6941179
-0.32059586 -0.33557275 -0.2239689 0.0069581387 0.0788305 0.087223865 0.0028995092 0.11221586 0.028361907 -0.104126066 -0.16331767 -0.21652031 -0.17064215 -0.13743454 -0.1299849 -0.08532245 -0.032053474 -0.091294706 -0.21357249 -0.0908316 0.10542604 0.16180223 0.06853764 -0.11068937 -0.22286835 -0.1117485 0.10077916 0.28338087 0.22489828 -0.1864779 -0.06744076 -0.17783928 -0.23500597 -0.02111492 0.20925407 0.36043984 0.31603795 0.12272953 0.14923312 0.024227088 -0.1053647 -0.007445126 -0.22504449 -0.40915015 -0.40982023 -0.21226583 -0.06070921 -0.074221544 -0.29670247 -0.4547496 -0.49130055 -0.5889849 -0.62327904 -0.50357044 -0.13215064 0.15882158 0.29243013 0.3806753
-0.33754224 -0.08569714 -0.10079024 0.14989044 0.16982108 0.13997842 0.033666357 -0.027865823 0.09277297 0.037956048 -0.04213378 -0.11100987 -0.09838146 -0.13760848 -0.15742886 -0.13405941 -0.075396314 -0.10897038 -0.081902385 0.11685065 0.40082702 0.50476867 0.39458638 0.18418698 0.04298303 0.025883844 0.06905966 0.075089686 0.12119793 -0.44289717 -0.42694387 -0.28818083 -0.06386889 0.14064759 0.29860216 0.27284956 0.16346945 0.14223653 0.08710981 -0.04549006 -0.06306481 -0.076646484 -0.10839286 -0.38222545 -0.38840288 -0.29188 -0.03506191 -0.007904094 0.019685652 -0.26028898 -0.4425011 -0.4836553 -0.37324345 -0.24137276 -0.06978266 0.056668125 0.16391838 0.16867945
-0.2490755 -0.110016145 0.11392173 0.1877904 0.20635043 0.23585972 0.14497767 0.076336145 0.05357428 0.074841894 0.030905876 -0.0139962435 -0.043557227 -0.014478092 0.040685 -0.036315903 -0.0528163 0.046719108 0.29377234 0.5202255 0.73794925 0.68137395 0.42821464 0.17996778 0.055169623 -0.0023619388 0.012338245 0.011562664 -0.27126512 -0.13076372 -0.35245788 -0.23854755 0.06406892 0.27537882 0.33470106 0.20168908 0.12721759 0.032820504 -0.0028857593 0.0031141369 -0.035916537 -0.12935323 -0.2431905 -0.27083018 -0.3245063 -0.20857315 -0.076666705 -0.09533374 0.08765607 -0.16422646 -0.34233552 -0.4237921 -0.34154466 -0.18689907 -0.10617364 0.015677165 -0.018059693 0.03750175
0.04473594 0.072755605 0.17766854 0.1538146 0.24845938 0.20986266 0.112628184 0.031027865 0.038777035 0.03608903 0.0010700431 -0.020072324 -0.029051265 0.044921495 0.1017423 0.19563791 0.2342545 0.30045527 0.34331703 0.72899485 0.8614801 0.6968204 0.35045 0.14923878 0.076897696 -0.021322388 -0.13150795 -0.14727317 0.027272237 -0.23022127 -0.20150839 -0.099479154 0.10931195 0.16322649 0.16341896 0.0415984 0.022182591 0.08801219 0.12173963 0.08714965 0.012948736 -0.09012261 -0.17304741 -0.2473546 -0.30283603 -0.27432185 -0.19259869 -0.097202465 -0.00768194 -0.19169328 -0.27619627 -0.42256287 -0.32538378 -0.1811285 -0.11097316 -0.1133089 -0.04987655 -0.04937009
0.16843899 0.18426318 0.21901627 0.2094292 0.12977512 0.19792512 0.07853485 0.018773438 0.03648515 0.10649466 -0.031682856 -0.046875566 0.0027716435 -0.025863843 0.00023229758 0.14210571 0.23389713 0.10679643 0.4209665 0.8699553 0.90669775 0.6090591 0.19609019 0.12111492 0.08563967 -0.027509416 -0.088797286 -0.13514584 -0.08836822 -0.013530296 0.03602061 -0.14088327 -0.05747235 -0.012390049 -0.01880361 0.07991824 0.16562997 0.21435434 0.2069823 0.17171714 0.09272512 0.028832842 -0.058127265 -0.11512114 -0.14897041 -0.21847306 -0.22328433 -0.17097087 -0.16142435 -0.31415197 -0.304646 -0.34973046 -0.16075684 -0.13126905 -0.1391739 -0.17110611 -0.16080905 -0.21555208
0.23773068 0.34446806 0.25081208 0.17543015 0.12173349 0.1299449 0.05542942 -0.044020597 0.009616093 0.053055663 -0.03633135 -0.0099938745 0.003688489 -0.033936564 0.01867028 0.15306167 0.12061813 0.07019502 0.47291338 0.976848 0.86953926 0.48787448 0.060558856 0.11255599 0.02073252 -0.15113351 -0.042554155 -0.003384303 -0.006474145 0.032587 -0.04498473 -0.1760423 -0.09868091 0.007001686 0.10277104 0.21910605 0.28354618 0.25224704 0.20301482 0.09635158 0.07052201 -0.010564465 -0.042961694 -0.13219103 -0.15512078 -0.18751258 -0.26070875 -0.37119237 -0.37892073 -0.35117555 -0.37973627 -0.1761556 0.010878575 0.030600695 -0.12817343 -0.2049327 -0.22427692 0.092412114
0.41245165 0.32567596 0.15411492 0.06739976 0.033080682 0.1431988 0.06179184 -0.074918106 -0.097148076 -0.0566404 -0.11163459 0.018593052 0.15056464 0.12206454 0.054367818 0.22592811 0.15676625 0.1797667 0.6632576 1.003063 0.7083196 0.33505368 -0.028420495 -0.08514643 -0.15163696 -0.11384166 0.032534473 -32767.0 -0.25831306 -0.05728423 -0.18457863 -0.09486515 0.07124244 0.2536238 0.27586618 0.20039643 0.14740416 0.1506296 0.17230634 0.21356404 0.18413001 0.09788942 -0.003934452 -0.1375852 -0.1718669 -0.19402839 -0.39252672 -0.4775622 -0.49349034 -0.45096228 -0.32531077 -0.19678235 -0.11931713 -0.106458664 -0.15142551 -0.1940146 -0.038588956 0.16817339
0.41066733 0.24922433 0.1274612 0.0028872504 -0.07271222 0.11528797 0.094100215 -0.05059415 -0.16391586 -0.10409307 -0.06214373 -0.009795538 0.12336348 0.08539397 0.102354445 0.21784496 0.26556018 0.5478114 0.8766931 0.82227415 0.4983295 0.19726191 -0.060064845 -0.08598552 -0.112579875 -0.058218937 0.013535632 0.055837385 -0.35722667 -0.15917213 0.0063620256 0.1595224 0.27792805 0.17430572 0.14806716 0.120936364 0.116961166 0.1990514 0.32448506 0.36239073 0.2315503 0.15412651 -0.06272809 -0.21649383 -0.27457958 -0.3253748 -0.48561865 -0.57627314 -0.53358334 -0.48462048 -0.33503038 -0.097742625 -0.024133917 -0.08233265 -0.13651149 -0.11691905 0.048725322 0.06839806
0.30351686 0.22352082 0.08135534 -0.05960828 -0.009320094 0.23366109 0.0061209267 -0.012082335 -0.050019287 -0.12259449 -0.078378074 -0.043015298 0.07962978 0.1483344 0.1917843 0.34561875 0.6394936 0.8428202 0.7418081 0.51292187 0.34472436 0.051386498 -0.056681223 -0.12249092 -0.06411623 -0.08253312 -32767.0 -0.18219222 -0.11555385 0.07814942 0.21921389 0.2948039 0.16146438 0.14608192 0.14304389 0.20744635 0.22506697 0.2869457 0.41094282 0.30148044 0.29671782 0.20080535 -0.032423787 -0.31007692 -0.3360483 -0.41312447 -0.56020063 -0.60906214 -0.56419134 -0.37582323 -0.08033985 -0.029173272 0.03539208 0.050292075 0.031153804 0.057845253 0.09086661 0.0052405223
0.21359111 0.21555084 0.055242628 -0.061216686 0.11772526 0.2539007 0.011117796 -0.006437691 0.02939274 -0.044097606 -0.07830843 -0.03886985 0.10986786 0.21003467 0.35794637 0.68621844 0.8179272 0.6656775 0.50105286 0.33399972 0.22335508 -0.054678567 -0.017371323 -0.15247186 -0.05154446 -0.21571384 -0.16834952 -0.11287703 0.13622351 0.2377407 0.26227516 0.08831117 0.19824058 0.19149292 0.17857905 0.23324664 0.2935758 0.3530986 0.37634045 0.31792542 0.27850783 0.08819459 -0.12899221 -0.28875726 -0.37525222 -0.5141682 -0.6029277 -0.6066462 -0.37272432 -0.14354861 -0.013759291 0.043365747 -0.0015270022 0.02051182 0.064115584 0.006987268 -0.07830942 -0.109457485
0.14261469 0.2509127 0.1174492 -0.008342758 0.09620556 0.21381596 0.10348278 0.085223906 0.07178214 -0.034885783 -0.06078156 0.019527731 0.252052 0.5028552 0.6987866 0.73143375 0.6293898 0.4804185 0.3685635 0.24615441 0.09325274 -0.18155436 -0.028485825 -0.13430001 -0.15072398 -0.22744296 -0.17338893 0.004305712 0.2474344 0.19516158 0.038507503 0.088955395 0.21161829 0.17495799 0.2147808 0.23582923 0.34710988 0.40496778 0.32898828 0.26717228 0.16780657 -0.008748794 -0.13910152 -0.32805207 -0.47625482 -0.55555606 -0.6452002 -0.47185487 -0.2161533 -0.11608324 -0.06928096 -0.017572766 -0.008992164 0.0035380633 -0.012458126 0.06215537 -0.011796905 -0.20349064
