static/data/seaWater_vo/2023/7/5/12.asc
ncols 137
nrows 93
xllcorner 108.0
yllcorner 17.0
cellsize 0.25
NODATA_value -32767
[rows 25 to 49 of 93, columns 58 to 115 of 137]
0.25930318 0.051959515 -0.09806755 -0.14173283 -0.09254145 -0.059953418 -0.026652599 -0.01613704 0.009994998 0.09856432 0.12920249 0.16161835 0.22936569 0.2366633 0.25330862 0.26333642 0.25103658 0.11811663 0.10337935 0.18630762 0.07454164 -0.11543247 -0.058240965 0.12631738 0.06400445 -0.016160714 -0.008910842 0.08143991 0.113156706 -32767.0 -0.0018010993 -0.04626108 -32767.0 -32767.0 0.031751413 -0.12521805 -0.17680019 -0.20165506 -0.12724926 0.110029235 -0.07247175 -32767.0 -32767.0 -32767.0 -32767.0 -32767.0 -32767.0 -32767.0 -32767.0 -0.007600644 -0.11539306 -0.2160583 -32767.0 -32767.0 0.17658678 0.17242874 0.2965429 0.34740132
0.116278596 0.094160594 0.047038235 -0.078854546 -0.1279924 -0.072504744 0.059068367 0.14618729 0.16155857 0.24314907 0.24183665 0.24469529 0.25506335 0.28590298 0.3235419 0.16851422 -32767.0 -32767.0 -0.13855122 0.26276925 0.14563714 0.015915819 0.0422272 0.019143526 0.08335462 -0.03999519 0.020164538 0.08330414 0.025386196 -0.09697621 -0.011886179 -32767.0 -32767.0 -32767.0 -32767.0 -32767.0 -32767.0 -0.1450666 -0.13006048 -0.017496573 -32767.0 -32767.0 -32767.0 -32767.0 -32767.0 -0.14839004 -32767.0 -0.27162024 -0.0825104 0.0671625 0.081435286 -0.24597433 -0.3009482 -32767.0 -0.029278226 0.066270806 0.21017222 0.41902614
0.22543815 0.072941534 0.23285794 -0.002430485 -0.04394898 -0.059075125 -0.026347842 0.13799086 0.22676297 0.2805717 0.31061694 0.31324655 0.2147823 0.21752985 0.12124245 -32767.0 -32767.0 0.093584925 0.17610148 0.28123432 0.29755422 0.22300753 0.093146324 0.068469614 -0.029741894 -0.030685648 0.094137445 -0.108579986 -32767.0 -32767.0 -32767.0 -32767.0 -32767.0 -32767.0 -32767.0 -32767.0 -32767.0 -0.14638823 -0.11676727 -0.022262206 -32767.0 -32767.0 -32767.0 -0.13995028 -0.0293095 -0.009725349 -0.29534343 -0.14620829 -0.17568621 0.06318775 -0.131719 -0.24809602 -0.49539542 -0.20035684 -0.1553131 -0.007037568 0.27753016 0.422889
0.17899731 0.17385812 0.1927986 0.21019016 0.325509 0.12823863 0.036932275 0.14821827 0.18256721 0.25087827 0.2628934 0.26593244 0.260388 0.26214287 0.23680057 0.18860213 0.080910355 0.06976119 -0.0024748947 0.087150775 0.32052284 0.4119509 0.20388143 0.08302334 -0.016090399 -0.028581573 -32767.0 -0.13583691 -0.06730502 -32767.0 -32767.0 -0.08564403 -32767.0 -32767.0 -32767.0 -32767.0 -32767.0 -32767.0 -0.17915304 -0.05875202 -32767.0 -32767.0 -0.1845875 0.03311634 0.017798094 -0.01615707 -0.0060975663 -0.013435346 0.0029414585 -0.0050648763 -0.19929038 -0.4932523 -0.7220114 -0.2460155 -0.21047103 -0.073473364 0.25787148 0.33810005
0.11833775 0.071009904 0.0716688 0.04896113 0.17525575 0.2650574 0.16425028 0.10176329 0.1920333 0.20055296 0.19185656 0.21964224 0.18695006 0.2141872 0.18129435 0.15986554 0.21836062 0.22678502 0.11110402 0.17622401 0.3171434 0.3154734 0.15670861 0.024544733 -0.06029845 -32767.0 -0.092689924 -0.11780387 -0.1592082 -0.103452004 -0.06850146 -32767.0 0.015059144 -32767.0 -32767.0 -32767.0 -32767.0 -32767.0 -0.038175534 0.0339228 -0.13224691 -0.15158047 -0.15469402 -0.16837293 -0.061263863 0.14688167 0.230573 0.16350153 0.034680687 -0.09204874 -0.24537446 -0.6183116 -0.72857946 -0.35431936 -0.24443433 -0.2431576 0.09265184 0.16259757
0.09865754 0.00072335947 0.09635827 -0.054510158 -0.007358641 0.083427265 0.06411044 0.14892735 0.2896854 0.29169402 0.25646523 0.28395844 0.3422741 0.3602767 0.30098173 0.19929981 0.29096833 0.27896455 0.19809854 0.19738847 0.29251853 0.26713786 0.18273877 0.06782904 -0.054748658 -0.08676443 -0.00034442707 -0.0929797 -0.1319142 -0.15561351 -0.11718228 -0.14050394 0.03180157 -32767.0 -32767.0 -32767.0 -32767.0 0.08973777 0.25655434 0.06903974 -0.31119856 -0.28845692 -0.22580487 -0.036176637 0.16026531 0.3215935 0.4255842 0.29794258 0.0069085406 -0.26966992 -0.3995659 -0.622902 -0.7837719 -0.52161545 -0.2072496 -0.30162805 -0.10911821 -0.04833875
0.06347364 -0.023566652 0.010856508 -0.03571391 0.055817664 -0.0107736215 0.014734486 0.029831616 0.014361813 0.039424017 0.12670933 0.16645846 0.32184887 0.49235994 0.38046986 0.2938822 0.36029008 0.29299137 0.33071524 0.33808914 0.34366485 0.30952653 0.17555912 0.076326065 0.00815193 0.01299226 -0.012499107 -0.15056407 -0.17779228 -0.21938755 -0.20259066 -0.13917091 -0.0075012576 -32767.0 -32767.0 -32767.0 -32767.0 0.23690826 0.089342825 -0.011272453 -0.4544748 -0.50243866 -0.11744923 0.14213213 0.24150462 0.42497084 0.49111065 0.32843596 0.02161977 -0.40432593 -0.6789036 -0.7428594 -0.8909203 -0.5241796 -0.16469327 -0.42571637 -0.304536 -0.27763432
0.0033539566 -0.03617847 0.0065261107 0.037226755 0.0027983543 -0.028528491 -0.0024784715 0.042860713 0.11453099 0.100052 0.10834195 0.10951753 0.13811304 0.31282678 0.2895464 0.24254878 0.1906056 0.16148672 0.3597924 0.34375444 0.3415763 0.3169737 0.22661817 0.068272 0.09108875 0.0859657 -0.004932239 -0.19231549 -0.33235943 -0.31567726 -0.22789606 -32767.0 -32767.0 -32767.0 -32767.0 -32767.0 -0.057693675 0.0883846 -0.02185156 -0.11803728 -0.26517522 -0.29472288 0.06250147 0.20615798 0.4127802 0.55264765 0.5517806 0.34729692 -0.06708285 -0.43961564 -0.79713804 -0.9789113 -1.0537236 -0.4068638 -0.35133192 -0.56601256 -0.43260527 -0.4961193
-0.055147678 -0.017122306 0.087265335 0.20399912 0.10200938 -0.034672227 -0.00014437328 0.060979135 0.036316875 0.035951175 0.112298094 0.08813776 0.12386193 0.1035627 0.1884827 0.18392885 0.145058 0.14414768 0.18955441 0.24937 0.28571978 0.27212664 0.24419576 0.17564766 0.1875301 0.1319064 -0.07270845 -0.19235003 -0.3345799 -0.33664957 -0.2669896 -32767.0 -32767.0 -32767.0 -32767.0 -32767.0 -0.15847936 0.005840063 0.04276786 0.0033011958 0.008275187 0.08219389 0.17901704 0.3725532 0.5561604 0.5563905 0.5171066 0.11150378 -0.29861322 -0.5258168 -0.79765284 -1.1278324 -1.1860961 -0.45411634 -0.54895157 -0.7265546 -0.6481087 -0.56711394
-0.23730074 0.15952854 0.3460455 0.3282719 0.19335285 0.1750549 0.055874333 0.06063545 -0.014716396 -0.025888883 0.070234805 0.13381347 0.09436178 0.1585841 0.102107085 0.12877823 0.16689137 0.21844259 0.33786172 0.324156 0.19983886 0.14340016 0.15903777 0.1919937 0.19863057 0.088442415 -0.21538702 -0.3389942 -0.3386554 -0.3151222 -0.31778333 -0.04126755 -32767.0 -0.037003532 -32767.0 -32767.0 -0.15924059 0.40739238 0.39973 0.3046293 0.396018 0.38435936 0.34960255 0.34580672 0.3234273 0.40668663 0.28764865 0.06451618 -0.3580457 -0.70154554 -0.85323286 -1.2508111 -1.3020414 -0.557166 -0.63975775 -0.8241252 -0.656025 -0.31084713
-0.34159392 0.22250502 0.28036824 0.35994422 0.34508717 0.2515379 0.15517786 0.09872905 -0.04645125 0.041028753 0.06647819 0.10743433 0.119655445 0.13578042 0.10330721 0.09199146 0.0824313 0.11867141 0.15225282 0.27028427 0.1586824 0.16249178 0.1985596 0.20610847 0.10897658 -0.040581997 -0.28331003 -0.3481201 -0.2644709 -0.32896712 -0.34827843 -0.33840847 -0.07194456 -0.043395545 -32767.0 -0.15983114 0.6232072 0.638671 0.519555 0.53963053 0.57942384 0.56746006 0.35292867 0.010260018 0.08104293 0.5213195 0.50346965 0.208209 -0.30595773 -0.80849344 -0.99127364 -1.30973 -1.407371 -0.70359355 -0.64062 -0.8249351 -0.5945676 -0.23344098
-0.29004923 0.28397924 0.20365632 0.28039986 0.26936415 0.23467459 0.2419984 0.16813439 -0.010202262 -0.061572243 0.011769213 0.029759757 0.07684197 0.14118718 0.0893313 0.054323394 0.04390444 0.16988663 0.4157312 0.42895356 0.45854095 0.38974318 0.24213119 0.12914504 0.029964661 -0.12660179 -0.23834783 -0.20426466 -0.13662723 -0.23034188 -0.28356183 -0.20591812 -0.337269 -32767.0 0.40521693 0.074777074 0.21283829 0.6743628 0.4590938 0.543341 0.5686461 0.5356225 0.30976766 -0.13183704 0.28318107 0.71171224 0.5543597 0.17797303 -0.33581668 -0.80994165 -1.050056 -1.3412018 -1.491501 -0.83726716 -0.64609045 -0.7577647 -0.5350505 -0.086760186
-0.2023859 0.07552563 0.10865783 0.39272296 0.29600444 0.25258526 0.19748181 0.2905365 0.13619056 -0.057987235 -0.013349615 -0.0017674806 0.042816225 -0.008240712 -0.009461123 0.03637873 0.08403584 0.077127345 0.18123932 0.32578656 0.48971343 0.30625346 0.191165 0.08330322 -0.038408935 -0.14108859 -0.20393974 -0.17154543 -0.10160992 -0.17649849 -0.15902036 -0.21518904 -0.105540946 0.0030193157 0.11297444 -0.2519202 0.42450306 0.65807897 0.5666695 0.6378951 0.5853939 0.40879187 0.11956969 -0.44085822 0.3738515 0.7728763 0.5511803 0.113737926 -0.3596038 -0.6812251 -0.96032906 -1.3202143 -1.5328339 -0.95722705 -0.6120908 -0.6812498 -0.44641095 -0.012318555
0.08305168 0.24019575 0.28032184 0.24098103 0.19703282 0.1359653 0.14151691 0.20666349 0.26286894 -0.102351815 -0.08556616 0.008689563 -0.02850608 -0.06640331 -0.015670782 0.03340646 0.18394251 0.045893826 0.06179407 0.31513497 0.31640106 0.18957664 0.11077284 -0.033786103 -0.041217193 -0.10449903 -0.15939808 -0.13036366 -0.093532585 -0.1394148 -0.1880166 -32767.0 0.049233336 -0.33522278 -32767.0 0.15734811 0.53119314 0.53594726 0.55490595 0.6521667 0.56968033 0.35264897 0.07803126 -0.53390664 0.1862463 0.64041036 0.44289467 0.0021474492 -0.40015122 -0.5611589 -0.8089928 -1.2718104 -1.4831709 -0.9839083 -0.617426 -0.46412706 -0.16575688 0.5533607
-32767.0 0.4268587 0.20558138 0.14428584 0.042009175 -0.1453446 -0.0523213 0.051235523 0.14877427 -0.053565532 -0.14849684 -0.036823772 -0.05095214 -0.058718678 0.025058197 0.022904962 0.061281104 0.07521252 0.103754014 0.30589095 0.30379683 0.28997526 0.06579136 -0.10346891 -0.10638089 -0.017206594 0.0604198 0.19455476 0.17906974 -0.045090318 -0.32423016 -0.51868457 -32767.0 -0.22039734 0.20147333 0.5305801 0.5941838 0.41130337 0.4900878 0.51323384 0.45186344 0.28431728 0.05161476 -0.33226088 -0.011952908 0.38675103 0.35475582 -0.022373756 -0.4260851 -0.5137634 -0.5521945 -1.1093559 -1.3944093 -1.0322415 -0.63223255 -0.26525015 0.3834064 0.92200613
0.12528494 0.26855487 0.23598573 0.25768155 0.20955528 0.117372744 -0.12160809 -0.10434311 0.030710734 0.041415542 -0.1299125 -0.11656888 -0.07892116 -0.03841523 0.02949312 0.115958884 0.048141167 0.06549347 0.17695914 0.37361512 0.4073609 0.33860993 0.18397893 0.011664357 -0.08265849 0.015391698 0.13423127 0.34010214 0.33607483 0.19215408 -0.26143187 -0.5810677 -0.53602505 -0.050411623 0.32868093 0.6055404 0.57427835 0.3596728 0.20821823 0.30735615 0.19798325 0.1945292 0.017474437 -0.2673659 -0.102742165 0.21726243 0.26945418 0.033850767 -0.27024597 -0.51565784 -0.55019516 -0.61853594 -1.0627395 -0.9600676 -0.37249723 0.23263322 0.60754335 0.73133314
0.39884463 0.20728458 0.18566537 0.12987898 0.069421306 0.03127248 -0.084067665 -0.07288343 -0.18736026 -0.06323328 -0.11151775 -0.07068119 -0.012884126 0.040964104 0.08043589 0.10169229 0.06598592 0.034911003 0.2888944 0.4642449 0.5416225 0.5096242 0.33411524 0.1324049 0.03908864 0.03557776 0.12696907 0.28650647 0.3149491 -0.06899051 -0.2799998 -0.082936965 -0.36530003 -0.19181834 0.19395065 0.34299195 0.43548658 0.3810144 0.26721084 0.16793434 -0.0044441815 0.15649916 0.048875954 -0.21742605 -0.23003 0.17226744 0.31135854 0.17566969 -0.024695264 -0.2745171 -0.5006599 -0.5235444 -0.4788121 -0.4376968 -0.17281456 0.22374523 0.46214312 0.44393066
0.10362008 0.1269002 0.111732334 0.17720161 0.11806805 0.025970632 -0.09884784 -0.05390201 -0.12335196 -0.24241543 -0.15581265 -0.044541914 0.037100557 0.08080835 0.10875663 0.09041894 0.04096957 0.19093625 0.43124747 0.5693473 0.67797667 0.6494087 0.42303705 0.13553996 -0.051209643 -0.08598919 -0.02911609 0.025102653 0.0807693 -0.4199231 -0.47528896 -0.2821809 -0.10528516 0.15959123 0.3529002 0.36696786 0.26380998 0.22173446 0.15417662 0.02790006 0.043934163 0.010385976 0.07730581 -0.14619702 -0.27904752 -0.15180145 0.2102578 0.23568095 0.10359539 -0.14276703 -0.3237897 -0.47406942 -0.4251995 -0.22176881 -0.0586346 0.11964082 0.16124651 0.14800328
0.055150356 -0.014175403 0.24226297 0.13882789 0.07476321 0.02856782 -0.19711126 -0.16154793 -0.11709882 -0.13532324 -0.22900897 -0.12049309 -0.056858838 -0.0024945084 -0.009107731 0.05292947 0.110913984 0.23519215 0.3814427 0.636948 0.85220104 0.7212395 0.4252721 0.09426472 -0.14421776 -0.2361474 -0.21214211 -0.16224384 -0.4155365 -0.24952321 -0.44468862 -0.37832135 -0.04695887 0.22268291 0.23427598 0.16143961 0.13837318 0.15041734 0.13335513 0.20986927 0.18126018 0.13488738 0.0063000545 -0.053236686 -0.20082305 -0.23544227 -0.057724874 0.076803096 0.14598244 -0.074172035 -0.2332888 -0.35446945 -0.3508397 -0.2517047 -0.08846773 -0.088213846 -0.06798163 -0.014293622
0.030246453 0.004169099 0.10677296 0.13537264 0.093082644 0.018661812 -0.06396485 -0.16768444 -0.13631709 -0.08837204 -0.18749084 -0.155341 -0.044916347 -0.00034487614 -0.096276686 -0.116654746 -0.03270136 0.061023377 0.32273388 0.769887 0.9499357 0.6680974 0.29295358 -0.015204755 -0.12292011 -0.19181848 -0.2797795 -0.34633565 -0.07098446 -0.38515073 -0.35289162 -0.26644644 -0.137834 -0.0037208349 0.09751796 0.11959988 0.18626153 0.30887175 0.35492873 0.3099714 0.17858444 0.047615927 -0.048815917 -0.1104324 -0.15192512 -0.1930702 -0.159658 -0.08838306 -0.013627772 -0.12688912 -0.24885458 -0.32361585 -0.30881152 -0.20578599 -0.13401891 -0.082788184 -0.1263433 -0.18651262
0.13790025 0.076499164 0.06515591 0.05104479 -0.08553814 0.07518875 -0.069998614 -0.13290264 -0.19861296 -0.14985679 -0.20520791 -0.14429705 -0.052168194 -0.008861762 -0.038664125 0.016082201 -0.039879486 0.030930094 0.4005909 0.9447343 0.93899447 0.55543095 0.124002695 -0.026952894 -0.039231367 -0.14099546 -0.31520894 -0.37730795 -0.15730284 -0.0066572046 -0.23420633 -0.3756896 -0.27963388 0.01361859 0.11716622 0.25044182 0.3666838 0.38336545 0.28798968 0.22925308 0.15334293 0.013682326 -0.09307748 -0.19516969 -0.29267848 -0.32187745 -0.349176 -0.31167144 -0.27577308 -0.24358346 -0.3124277 -0.31634483 -0.21222058 -0.14770745 -0.14617792 -0.26762742 -0.3395566 -0.27975634
0.07859029 0.25455797 0.06681129 -0.0041115377 -0.018415105 -0.0023605237 -0.09546318 -0.14370103 -0.20268057 -0.21221116 -0.21299767 -0.12640806 -0.034421377 -0.054857634 -0.007543459 0.11437301 0.12558228 0.14533442 0.5656312 1.0238893 0.80152726 0.412475 -0.032071073 0.020269496 -0.15309726 -0.2862674 -0.24516799 -0.21055555 -0.11773975 -0.16308397 -0.22755586 -0.3199445 -0.082883604 0.18526475 0.3005062 0.29721415 0.2322694 0.21141991 0.17797224 0.13466313 0.083085656 -0.009917471 -0.10501936 -0.14093432 -0.24041672 -0.3792432 -0.50160307 -0.53067064 -0.44382888 -0.42550242 -0.29499233 -0.26403198 -0.27253157 -0.31942397 -0.34914973 -0.43784398 -0.3318994 -0.025467295
0.24999756 0.24147156 -0.05400612 -0.084752105 -0.11570271 -0.005940166 -0.0649513 -0.15173882 -0.2206809 -0.21330535 -0.1657129 -0.03764667 -0.008707491 -0.23290122 -0.12005695 0.10122161 0.1700498 0.34011883 0.8458702 0.8728005 0.54719776 0.2563916 -0.14601374 -0.15902904 -0.24430482 -0.063717335 0.03848004 -32767.0 -0.27141115 -0.15886977 -0.14160605 0.037106864 0.23443912 0.27334747 0.2320507 0.22674018 0.20559347 0.15815909 0.14538267 0.13644055 0.06612596 -0.07978539 -0.21110104 -0.29160267 -0.28175774 -0.38683155 -0.5591164 -0.5722496 -0.58465564 -0.4492466 -0.4169468 -0.2451988 -0.1876627 -0.24405448 -0.42752576 -0.39302543 -0.14710234 -0.15345389
0.17748556 0.11639586 -0.076951236 -0.114689186 -0.17139018 0.0025625348 -0.008604156 -0.13346918 -0.2319937 -0.17149082 -0.17607996 -0.103023976 -0.06779979 -0.13696992 -0.09258072 0.117366195 0.34352368 0.6861475 0.8024114 0.5936997 0.31250834 0.10920131 -0.22475046 -0.2901972 -0.3042469 -0.10459775 -0.052115954 -0.1195552 -0.27161586 -0.036264133 0.21790387 0.27820548 0.2233798 0.21020095 0.19320686 0.1883182 0.16474345 0.16180429 0.18497191 0.1289981 -0.03091123 -0.20826441 -0.38818073 -0.48544073 -0.44809076 -0.5196831 -0.5984543 -0.6765877 -0.6531511 -0.53421545 -0.33170804 -0.19390969 -0.1876398 -0.2237471 -0.20276181 -0.090441294 0.059358943 -0.10233176
0.07323425 0.081380084 -0.04215454 -0.15167946 -0.15327623 0.049500383 -0.07536189 -0.15456197 -0.1692819 -0.22904715 -0.2090806 -0.21543944 -0.17768198 -0.08882249 0.047925204 0.36065748 0.69761014 0.69905764 0.5008281 0.3186964 0.1734776 -0.029524889 -0.23875973 -0.31691158 -0.31888542 -0.14179267 -32767.0 -0.2086526 0.026160091 0.14350015 0.20084104 0.09716589 0.08758313 0.120924845 0.10997453 0.10608295 0.1337941 0.24503252 0.17904748 0.012843746 -0.090911135 -0.23259865 -0.49519253 -0.70099545 -0.55213726 -0.61986494 -0.7131163 -0.7755818 -0.703081 -0.4735725 -0.21786003 -0.1709121 -0.21991485 -0.1939151 -0.1157745 -0.027116735 -0.027680961 -0.16655383
