static/data/seaWater_vo/2023/7/5/6.asc
ncols 137
nrows 93
xllcorner 108.0
yllcorner 17.0
cellsize 0.25
NODATA_value -32767
[rows 0 to 25 of 93, columns 57 to 113 of 137]
-32767.0 -32767.0 -32767.0 -32767.0 -32767.0 -32767.0 -32767.0 -32767.0 -32767.0 -32767.0 -32767.0 -32767.0 -32767.0 -32767.0 -32767.0 -32767.0 -32767.0 -32767.0 -32767.0 -32767.0 -32767.0 -32767.0 -32767.0 -0.095032714 -0.005267598 -0.027759304 -0.10700456 -0.13883488 -0.23123842 -0.22735515 -0.24543431 -0.27857158 -0.18100363 -0.078205615 -0.014316637 -0.047487807 0.088462114 0.21722104 0.189481 0.29887712 0.32156828 0.23258233 0.1701752 0.16695213 0.27239406 0.57192814 0.39362904 0.1137956 0.15135878 0.20433082 0.24263732 0.4460399 0.37676892 0.20747519 0.2138687 0.31088606 0.26498914
-32767.0 -32767.0 -32767.0 -32767.0 0.042223215 0.029367352 0.04086049 0.02866999 0.004152894 0.008017458 0.01711747 -32767.0 -32767.0 -32767.0 -32767.0 -32767.0 -32767.0 -32767.0 -32767.0 -32767.0 -32767.0 -32767.0 -0.16079445 -0.081071705 -0.097312644 -0.12594801 -0.24888855 -0.3636632 -0.34111235 -0.28593108 -0.2806378 -0.3616617 -0.307043 -0.09306401 -0.20089298 -0.3320805 -0.028087119 0.11828534 0.14522552 0.3563128 0.34826827 0.6236962 0.6186125 0.32408032 0.03013393 0.11418218 0.23319586 0.10772594 0.15255398 0.36025745 0.57444173 0.60861695 0.41763675 0.3184134 0.34432638 0.24059153 0.1901587
-32767.0 -32767.0 0.044550125 -32767.0 0.05307257 -0.055616878 0.008780096 0.021036655 -0.022170328 -0.0053856 0.013454343 -0.002510218 0.03207606 -32767.0 -32767.0 -32767.0 -32767.0 -32767.0 -32767.0 -32767.0 -32767.0 -32767.0 -0.17764464 -0.18193133 -0.22600947 -0.14097963 -0.2701924 -0.45636562 -0.27573985 -0.24959534 -0.35433164 -0.46118253 -0.36284408 -0.23143142 -0.36001405 -0.50836676 -0.21149193 -0.097138464 0.089133635 0.20810981 0.24358565 0.70875895 0.810688 0.45179784 0.10032902 -0.1564378 0.14045168 0.18341085 0.36791363 0.34625506 0.47973374 0.49313468 0.24578002 0.24461538 0.27181086 0.14803857 0.048179988
0.07108365 0.05145803 -32767.0 0.052132178 0.026185486 0.22874662 0.1758621 0.0877488 0.09936792 0.013147749 0.083903685 0.02767659 -0.01511125 -32767.0 -32767.0 -32767.0 -32767.0 -32767.0 -32767.0 -32767.0 -32767.0 -0.08480824 -0.23748596 -0.45802286 -0.39544448 -0.37436077 -0.425408 -0.31517833 -0.18472026 -0.27123377 -0.43607792 -0.60029113 -0.6101331 -0.516736 -0.5464471 -0.62424713 -0.38249412 -0.18313743 -0.013055934 0.13419212 0.3238109 0.8247621 0.6426244 0.40978923 0.07931229 -0.24622881 -0.020438738 0.36424705 0.32363907 0.53158104 0.71025795 0.46331108 0.18150155 -0.02521009 0.18797539 0.1235684 0.14492112
0.083167896 0.10163469 -32767.0 0.086209595 0.0025544802 0.22426467 0.27303505 0.23851608 0.2547869 0.1358545 0.07762882 0.06531898 -32767.0 -32767.0 -32767.0 -32767.0 -32767.0 -32767.0 -32767.0 -32767.0 -32767.0 -32767.0 -32767.0 -0.4011715 -0.5286328 -0.39552176 -0.3534065 -0.26820835 -0.1436728 -0.2973975 -0.2919195 -0.40924343 -0.48141912 -0.49738774 -0.53067917 -0.5154131 -0.53590035 -0.42310584 -0.0720563 0.38343856 0.6092027 0.5648851 0.4380697 0.13549493 -0.14435486 -0.28110334 -0.112649515 0.16157585 0.32695875 0.5089018 0.75096565 0.44039354 0.06435102 -0.15386832 -0.17778872 -0.0686846 0.19413027
0.077021666 0.19051549 0.18458639 0.2593938 0.20173661 0.3023396 0.29737622 0.30904207 0.2891941 0.25482643 0.22084905 0.06473439 -32767.0 -32767.0 -32767.0 -32767.0 -32767.0 -32767.0 -32767.0 -32767.0 -32767.0 -32767.0 -32767.0 -32767.0 -0.346119 -0.32563525 -0.35263065 -0.12922324 0.07894998 -0.04685867 -0.0967595 -0.3091094 -0.5122361 -0.55100656 -0.4930401 -0.54188704 -0.5908418 -0.66597444 0.04127746 0.40315866 0.45443293 0.4441291 0.16464734 -0.12660772 -0.09613447 -0.27099156 -0.15340526 0.18475711 0.23341613 0.3083372 0.82534146 0.6770059 0.07519799 -0.08858485 -0.41779846 -0.13389128 0.2404213
0.055000518 0.21206285 0.2694373 0.33748287 0.33457357 0.32329088 0.2891694 0.35748366 0.36487934 0.44367614 0.25759676 0.06421828 -32767.0 -32767.0 -32767.0 -32767.0 -32767.0 -32767.0 -32767.0 -32767.0 -32767.0 -32767.0 -32767.0 -32767.0 -32767.0 -0.37383553 -0.36214536 -0.21362546 0.13985306 0.12684159 -0.05490788 -0.19913511 -0.40978727 -0.47191107 -0.50409585 -0.5492719 -0.72664016 -0.29045114 0.19353163 0.28033194 0.32829955 0.30578974 0.030432422 -0.14967272 -0.26523763 -0.21952634 0.07605299 0.19598192 0.08594681 0.15068293 0.73132944 0.62645006 0.010386742 -0.11064583 -0.4213387 -0.27486897 0.10746465
0.04487004 0.16245203 0.24949592 0.32205716 0.3833181 0.37977913 0.32535195 0.4132991 0.48170546 0.48005867 0.030936599 -32767.0 -32767.0 -32767.0 -32767.0 -32767.0 -32767.0 -32767.0 -32767.0 -32767.0 -32767.0 -32767.0 -32767.0 -32767.0 -32767.0 -32767.0 -0.47920114 -0.32284963 -0.05032472 0.28469342 0.046193212 -0.057486087 -0.26597384 -0.38142878 -0.43159425 -0.58345103 -0.60400605 -0.063751556 0.14641283 0.24570906 0.30700055 0.27209 0.2058792 -0.26703793 -0.27278718 0.23361602 0.5115143 0.56492156 0.40722296 0.33965066 0.3177693 0.23491599 -0.18303919 -0.27074844 -0.49479553 -0.21550481 0.14126964
0.00078266114 0.094073236 0.15006429 0.28565288 0.32700425 0.33776373 0.36148933 0.43241838 0.5306261 0.19149473 -32767.0 -0.10724098 -32767.0 -32767.0 -32767.0 -32767.0 -32767.0 -32767.0 -32767.0 -32767.0 -32767.0 -32767.0 -32767.0 -32767.0 -32767.0 -32767.0 -0.24165101 -0.34964254 0.05049621 0.24934386 0.05696123 -0.054509554 -0.16031922 -0.21461359 -0.3814626 -0.6656123 -0.38064817 -0.18844208 0.19194257 0.32931745 0.21862376 0.15733749 0.18811125 0.040497106 0.04129336 0.4094356 0.5775596 0.35761577 0.2843911 0.12777719 0.030924693 -0.1712047 -0.3558518 -0.43617547 -0.40762597 0.011841649 0.14082688
0.02975418 -0.0605317 0.13183361 0.21003562 0.28453016 0.36861122 0.31232685 0.3379154 0.2392247 0.21467292 -0.09839148 -0.096982546 -0.080200374 -0.093008436 0.0053622792 -0.044013973 0.0031957785 -32767.0 -32767.0 -32767.0 -32767.0 -32767.0 -32767.0 -32767.0 -32767.0 -32767.0 -32767.0 -0.29417294 -0.07952066 0.18928681 0.15151983 -0.14730264 -0.24851142 -0.22827747 -0.25673848 -0.43739855 -0.4534425 -0.23128757 0.15961921 0.32981315 0.14691316 0.18656103 0.22609138 0.27035493 0.35904852 0.44317177 0.16034 0.17914821 0.08882964 -0.07431748 -0.23754421 -0.24078575 -0.17660102 -0.19531241 -0.12479416 -0.05648127 -0.106529474
-0.08480249 -0.18744533 -0.18562888 0.21962763 0.31655705 0.39686498 0.271478 0.23695244 0.24765998 0.23428991 0.10215562 -0.046206515 -0.058913976 -0.07950619 -0.08153778 -0.0654271 -0.052682225 -32767.0 -32767.0 -32767.0 -32767.0 -32767.0 -32767.0 -32767.0 -32767.0 -32767.0 -32767.0 -32767.0 -0.18240932 0.18475223 0.39710853 -0.1178831 -0.37226808 -0.3188631 -0.13311201 -0.35983494 -0.48668742 -0.12093442 0.14454979 0.11412748 0.08208824 0.06859817 0.31931984 0.47390974 0.34391275 0.19843008 0.08069795 0.25481722 -0.0011390368 -0.24955647 -0.20182303 -0.14900663 0.07943593 0.0117663555 0.14686911 0.08519276 -0.022308314
-32767.0 -32767.0 -0.058377836 0.0086950995 0.3191879 0.36152053 0.3423119 0.25231913 0.1784237 0.19399734 0.10065866 0.0540151 0.043122716 -0.052148107 -0.054085616 -0.055759538 -0.011492876 0.042297885 -0.08445448 -32767.0 -32767.0 -32767.0 -32767.0 -32767.0 -32767.0 -32767.0 -32767.0 -32767.0 -32767.0 0.18463348 0.5409104 0.0074694995 -0.49412286 -0.3504747 -0.32712817 -0.423941 -0.47461858 -0.22034682 -0.06944172 0.00017205952 0.0054393006 0.19647366 0.5648215 0.7189356 0.32091036 -0.023767091 0.15114678 0.325725 0.23270857 0.0541897 -0.13344973 -0.12697868 0.1393537 0.15092884 0.16713366 0.10622034 0.07404016
-32767.0 -32767.0 0.10369678 0.042715143 0.2568483 0.33617306 0.26046255 0.21158653 0.22988857 0.19997622 0.064242624 -0.05462851 0.011936356 0.12515248 -0.13849767 0.04488065 0.016710412 -32767.0 -0.048875105 -32767.0 -32767.0 -32767.0 -32767.0 -32767.0 -32767.0 -32767.0 -32767.0 -32767.0 -32767.0 0.11026151 0.61500156 0.039805494 -0.41313583 -0.35873955 -0.33019826 -0.38110632 -0.40179846 -0.2645499 -0.14378467 -0.08000367 0.09140802 0.25427383 0.43289876 0.54868144 0.29443875 -0.080439776 0.08929791 0.39343062 0.2937601 0.1456382 -0.04142028 -0.18328078 0.03412372 0.21270572 0.14088501 0.21977171 0.20719057
0.009843185 0.010908918 0.034967527 0.10823518 0.2421308 0.33206442 0.27464932 0.26305556 0.30001533 0.2372894 0.13844019 0.031654753 0.1259226 0.010674689 -0.03760723 0.033079647 -32767.0 -32767.0 -32767.0 -32767.0 -32767.0 -32767.0 -32767.0 -32767.0 -32767.0 -32767.0 -32767.0 -32767.0 -32767.0 0.012576925 0.65141755 0.07713078 -0.22006758 -0.3105169 -0.2963398 -0.19784865 -0.21383741 -0.2585652 -0.1828208 -0.09283959 0.107953615 0.33162177 0.39632082 0.36690032 0.28781566 0.095110014 0.17633626 0.32920644 0.1643554 0.04791027 -0.10211906 -0.07400652 0.054394722 0.18591009 0.059488762 0.40417776 0.305971
-0.17925917 -0.16620472 -0.018350745 0.13271539 0.26371276 0.23844619 0.33169094 0.28534907 0.26614794 0.2882402 0.22566043 0.04896455 0.046637442 0.034436982 0.010416406 0.056928765 -0.016686188 -32767.0 -32767.0 -32767.0 -32767.0 -32767.0 -32767.0 -32767.0 -32767.0 -32767.0 -32767.0 -32767.0 -32767.0 -0.04576769 0.69759274 0.11427292 -0.32023832 -0.17509355 -0.17613694 -0.16612856 -0.25128278 -0.28548297 -0.15548372 0.028163794 0.09860519 0.2518709 0.27246356 0.32897437 0.25325322 0.17948699 -0.0012058766 0.031637266 0.12897716 -0.05677378 -0.23895201 -0.22290473 -0.07116655 0.015273613 -0.05458827 0.48225766 0.17219299
-0.061372712 -0.019584382 0.12484243 0.2493651 0.24786675 0.18128064 0.32966086 0.3257067 0.30585706 0.25972518 0.20282115 0.19938058 0.1399034 0.016204981 0.013266128 -0.0028800832 0.0010500266 -0.021255102 -32767.0 -32767.0 -32767.0 -32767.0 -32767.0 -32767.0 -32767.0 -32767.0 -32767.0 -32767.0 -32767.0 -0.18411092 0.71264094 0.19695503 -0.39507452 -0.14521511 -0.20000686 -0.2346202 -0.38782388 -0.40723884 -0.052427083 0.17165814 0.024044963 -0.047778137 0.24843036 0.33954695 -32767.0 0.08802123 -0.07277441 0.13748854 0.285391 0.16402836 -0.124624856 -0.31027994 -0.12364234 0.09784402 -0.13085574 0.58254075 -32767.0
0.007713882 0.039740875 0.09274607 0.16712481 0.13291992 0.16326241 0.28817692 0.3031176 0.276257 0.24769689 0.21401273 0.26214573 0.2050182 0.14612928 0.070695266 0.01919171 0.08143078 0.005002843 -32767.0 -32767.0 -32767.0 -32767.0 -32767.0 -32767.0 -32767.0 -32767.0 -32767.0 -32767.0 -32767.0 -32767.0 0.63004583 0.10543044 -0.37332147 -0.18198478 -0.20960826 -0.22579005 -0.18289176 -0.0009847351 0.18312651 0.16500339 -0.11578874 -0.42712662 0.13467251 0.41279516 0.14917119 0.26050192 0.06400332 0.035921767 0.3705833 0.30870187 0.28660783 -0.17511122 0.22085899 0.5123886 0.09185596 0.08249235 -32767.0
0.0076598795 0.059710946 0.014852244 0.021835506 0.09581162 0.21201688 0.16310644 0.16157618 0.1910715 0.20126896 0.17121178 0.18150365 0.22036284 0.31094867 0.25387087 0.14899403 0.03856472 0.004204992 -0.019876765 -32767.0 -32767.0 -32767.0 -32767.0 -32767.0 -32767.0 -32767.0 -32767.0 -32767.0 -32767.0 0.40068555 0.5091008 -0.040041152 -0.4661695 -0.11035961 -0.051958084 -0.14943703 -0.00936559 0.03831649 0.24269658 0.28865606 -0.00034275535 -0.15724048 0.20119083 0.24859262 0.025316516 -0.1119913 -0.06805195 -0.0802902 0.26139474 0.057484046 0.09364482 0.0306056 -32767.0 0.23416063 0.060292672 0.090018034 -32767.0
0.06572746 0.0026841138 0.016590748 0.055894304 0.032983113 0.13037214 0.1642946 0.11084689 0.1456565 0.1949056 0.15906501 0.2118085 0.30234414 0.38475704 0.21538159 -0.08304861 0.0007563302 -0.031026442 -32767.0 -32767.0 -32767.0 -32767.0 -32767.0 -32767.0 -32767.0 -32767.0 -32767.0 -32767.0 -32767.0 0.49532017 0.460443 -0.1322698 -0.36768103 -0.15669934 -0.04096576 -0.016311472 0.07845646 -0.024069842 0.1050608 0.30877975 0.2519291 0.25575492 0.10794308 -32767.0 -32767.0 0.030300455 0.0218697 -32767.0 -32767.0 -32767.0 -32767.0 -32767.0 -32767.0 -32767.0 -32767.0 -32767.0 -32767.0
0.18804678 0.012232411 0.054720994 0.09454708 0.16344732 0.1764109 0.14045462 0.20525709 0.23334426 0.31600916 0.30843315 0.40301135 0.379246 0.27038985 -0.14609611 -0.12338487 -0.09387897 -32767.0 -32767.0 -32767.0 -32767.0 -32767.0 -32767.0 -32767.0 -32767.0 -32767.0 -32767.0 -32767.0 0.39804345 0.47640863 0.30447215 -0.23496829 -0.4669385 -0.10893329 -0.099301435 0.025328584 0.029421296 -0.16970664 -0.11304489 0.2125195 0.32585382 0.19011933 -32767.0 -32767.0 -32767.0 -32767.0 -32767.0 -32767.0 -32767.0 -32767.0 -32767.0 -32767.0 -32767.0 -32767.0 -32767.0 -32767.0 -32767.0
0.22783083 0.06315838 0.07113239 0.08754916 0.22196889 0.19909577 0.20484665 0.28034252 0.37040266 0.25280932 0.30358425 0.31405294 0.22684717 0.0653468 -0.26645723 -0.163132 -0.002934241 -32767.0 -32767.0 -32767.0 -32767.0 -32767.0 -32767.0 -32767.0 -32767.0 0.006260102 -0.15891112 0.14507943 0.25660065 0.18260545 -0.017559927 -0.28523332 -0.39235553 -0.20067006 0.0569971 0.1778489 0.046301603 -0.15195641 -0.04785062 0.025159424 -32767.0 -32767.0 -32767.0 -32767.0 -32767.0 -32767.0 -32767.0 -32767.0 -32767.0 -32767.0 -32767.0 -32767.0 -32767.0 -32767.0 -32767.0 -32767.0 -32767.0
0.113400474 0.089366615 0.07066433 0.068184696 0.25774625 0.275045 0.29769006 0.33594945 0.25550708 0.14750506 0.06187865 -0.00012532421 0.08356957 -0.08407638 -0.22840783 -0.081857115 -0.040485032 -32767.0 -32767.0 -32767.0 -32767.0 0.041879117 -0.0632644 -0.14021893 -0.10548881 -0.073231764 0.14988226 0.18382603 0.322059 -0.18712519 -0.3013165 -0.3098372 -0.16973546 0.0007207985 0.2159942 0.23226458 0.0057756007 -0.06525242 0.004584062 -32767.0 -32767.0 -32767.0 -32767.0 -32767.0 -32767.0 -32767.0 -32767.0 -32767.0 -32767.0 0.094666585 0.091359824 -32767.0 -32767.0 -32767.0 -32767.0 -32767.0 -32767.0
0.11631577 0.06706207 0.08635566 0.10554202 0.123162515 0.11569451 0.18283021 0.25618103 0.17663175 0.026830124 0.0042415834 0.05915917 0.041562825 -0.22236376 -0.54872066 -0.087378204 -32767.0 0.006022334 -32767.0 0.03104124 -32767.0 0.011948398 -32767.0 -0.18321468 -0.17214747 -0.2282206 -0.009345453 0.11596407 0.13577484 0.027495671 -0.2619595 -0.18655774 -0.097008355 0.027946912 0.24270287 0.08778087 -0.09386258 -32767.0 -32767.0 -32767.0 -32767.0 -32767.0 -32767.0 -32767.0 -32767.0 0.11499205 0.024264487 0.040017527 0.05503625 0.13540941 0.07233845 0.050809193 0.040866252 -32767.0 -32767.0 -32767.0 -32767.0
0.150121 0.10825673 0.06391869 0.116886355 0.014603263 -0.00845738 0.058621835 0.08618089 0.11896764 0.10268159 0.14631079 0.10896568 0.10980967 0.09086508 -0.1824122 -0.41562614 -0.22701433 -0.08089854 -0.02925932 -0.14343669 -0.13668925 -0.22892825 -0.20793664 -0.22390999 -0.26177737 -0.18836412 -0.11567898 0.07818062 -32767.0 0.013785391 0.073694855 -0.010191674 -0.021348037 0.084968306 0.12427197 -32767.0 -32767.0 -32767.0 -32767.0 -32767.0 0.13209368 0.15534656 0.21490024 0.18164848 0.09898279 0.18027359 -0.009694357 -32767.0 -32767.0 0.07694009 0.14729103 0.020467397 -32767.0 -32767.0 -32767.0 -32767.0 -32767.0
0.14354116 0.2879947 0.08170822 0.014752546 0.107884966 0.05787223 0.13750291 0.17294581 0.20268813 0.24914554 0.19239402 -0.067327656 -0.34773663 -0.07674167 -0.058880236 -0.19538443 -0.21641466 -0.25693285 -0.064085655 -0.14367297 -0.20170861 -0.22974584 -0.16645865 -0.05113041 -0.12607597 -0.15348779 -0.19345908 -0.14682229 0.0069936197 0.10088584 -0.023791008 -0.1071568 -0.13883582 0.02501712 0.057654917 0.016518649 -32767.0 0.0034036413 -0.07157815 -32767.0 0.059609342 0.23383613 0.05531467 -32767.0 -0.0071704993 -0.017941155 -32767.0 -32767.0 -32767.0 -32767.0 0.06428873 0.061789125 -32767.0 -32767.0 -32767.0 -32767.0 0.45866275
0.023580028 0.32369578 0.21451621 0.07818454 0.22677399 0.15738131 0.19480985 0.25999433 0.21203387 0.2171808 0.186418 0.13101295 -0.047921333 -0.071154796 -0.08149558 -0.08667634 -0.0734448 -0.048551917 -0.16792257 -0.148209 -0.099715784 -0.1669606 -0.2732558 -0.105591126 0.024897536 -0.034637064 -0.17965396 -0.205507 -0.16302435 -0.080880366 -32767.0 -0.04115296 0.0059271855 -32767.0 -32767.0 0.0015811467 0.0087890355 0.06267966 -0.08569634 0.12259125 0.26519337 0.016878288 -32767.0 -32767.0 -32767.0 -32767.0 -32767.0 -32767.0 -32767.0 -32767.0 0.13380443 0.214836 0.13491938 -32767.0 -32767.0 0.3931288 0.3834069
