static/data/seaWind_uo/2023/7/1/0.asc
ncols 137
nrows 93
xllcorner 108.0
yllcorner 17.0
cellsize 0.25
NODATA_value -32767
[rows 19 to 37 of 93, columns 86 to 128 of 137]
-4.066150147153095 -3.7201897977096374 -3.1708175761397017 -4.0525359667351815 -4.131017712673743 -3.861136606742157 -3.3005527071809984 -2.3932076240341518 -1.107067991612408 0.25595171846343767 1.7535115644339618 2.696093349838938 2.823425978453544 2.84424766615153 2.8690735245606667 2.205982854794039 1.8808441930485675 1.8728358516262653 2.1379119527044703 1.437982912395252 1.2065418452907166 1.2265626988464722 1.46601210737331 1.4740204487956121 1.3859286931502872 1.1272592652099243 0.6291404287427231 1.0671967045426571 1.267405240100214 1.0295574998578365 0.1430341044089758 -0.9356894851751394 -0.9645195142954275 -0.39272393674304595 0.09818739244408325 -0.16849037691858237 0.2871842500104167 1.1777118161704285 2.0834552310328145 2.5695615553665623 3.4096365705660703 4.311375814717305 5.076973254689401
-5.063989488371957 -4.203893619616694 -3.499960408596325 -3.66012723704237 -3.2661168390650985 -2.5557769549068876 -1.5571367795457953 0.380081010509123 2.063434377477059 3.0724853966871444 2.8730776952718178 1.6870423306288527 1.0968275678051755 1.2626002352468326 2.359743010102243 2.7081058619723914 2.5102998288415255 2.336518819977566 2.6176116039003756 2.9051110609610276 2.8378409930136885 2.565557384655411 2.1547294696913046 1.8528149980705098 1.5757263848588514 1.2890277619404298 1.0287566657156062 1.4427879172486335 1.6702248136420175 1.4131570539861151 0.3504501472466046 -0.3462755564936928 0.04533233905688805 0.9590840953415767 1.6646189746464066 1.600552243267988 1.645398955232881 2.148322796553463 3.398424892574847 4.85834553386055 5.684005534499914 6.251796941341144 6.8572275528671955
-4.625132378429793 -3.7810531925191344 -2.8825172849368204 -1.923918816687239 -1.1190805037458613 0.1494407775468174 1.4275720685462594 2.651246637874045 2.898704387823185 3.0140245043043383 2.324506307844113 1.7639224082829545 1.50204964377367 1.9609276072715898 2.8562601782849835 3.510541672487079 3.6883268520621884 3.6739118375020445 4.096752264599605 5.595112944712358 5.099396610671848 3.442470770397509 1.8191799640968402 1.884047529617488 2.176351991531521 2.1963728450872764 1.9345000805779926 1.447592922102015 1.6085605846902902 1.95932593898713 2.1915678402338954 2.0570277043392173 2.270049586172458 2.853056841716062 3.513745009055999 4.589265262071194 4.8847730605541475 5.314020160789548 6.094833449464019 6.842011704164822 6.620180646767048 6.6241848174782 7.066245263989284
-2.301912531819906 -1.9111054704115553 -1.039797923665069 0.033319826923434714 1.144076782196759 2.374158024662387 2.6528483061585058 1.914479227022237 2.1250986064287862 2.077048557894973 2.0890610700284262 2.0073759875209434 2.5383290238195833 3.1389546304922535 3.837282002517011 3.766808598000751 4.228889898067592 5.153853332343504 6.080418434903876 6.4936488522946725 5.004898181888681 3.145361303630095 1.8103707885323073 1.9697367828361227 2.4077930586360563 2.917123573094481 2.7577575787906654 1.9945626412452593 1.8632258419195025 2.219597035211953 4.195254864093922 6.057995078921429 6.260606116905677 6.4984538571480535 6.825995021320217 7.194378726746121 6.829999192031368 6.990166020477414 6.867638396716188 6.689052382998849 6.591350617646761 6.528885554552803 6.854024216298274
0.4441477418875408 0.6932071601211414 1.3154552886340274 2.0442143580635332 2.2236012059231043 2.346128829684329 2.0370068507834618 1.1040350750852475 0.8517723202827261 1.256994396251221 1.7447023888694289 2.098671079735189 2.6144082673314553 3.9838346505451425 4.4939659991457965 4.184844020244929 3.4144415754194513 3.299121458938299 3.645081808381757 2.971580294766136 1.0079349780176203 1.1096409140808592 1.618170594397053 1.972940119405043 2.587980740637857 2.9819911386151285 2.8506543392893717 2.7753759299197305 4.0535072209191725 5.1146124593742215 6.923696786672304 8.247475623778868 8.912968795972187 8.977035527350605 8.893748776558661 8.559800939248657 7.9271419668867775 7.300088833520512 6.971746835206119 6.673836534296473 6.73069575839482 6.901273430689859 7.1767603756170555
2.5911840772067785 2.4614489461654814 2.8106126321778606 2.499088150850302 2.117090265006484 1.685440662344392 1.0439725144179808 0.19749082608063118 -0.19571873775440984 -0.013128553325918446 0.5995095654802047 1.2642019035312928 1.7278848718825945 2.624819111180448 2.9731819630505965 2.1859620012382837 1.003129973164239 0.3280267912641581 0.39529685921149715 1.3859286931502872 0.49059612213689396 1.5388880143162607 2.9515594412103803 3.2558764152578665 2.796197617617717 3.0949087526695913 3.464093292237725 4.950441460217025 6.611371471202515 8.297127340597143 9.713802938202415 10.104609999610764 10.201510930820621 10.251162647638896 9.70098959192673 9.090753975547297 8.413248291220526 7.79100016270764 7.2392254387110135 6.998975196041945 7.1094903076697165 7.4057989402949005 7.647650851248429
3.1069212648030446 2.9763852996195177 2.210787859647421 1.5156638241915839 1.0848150556717222 1.1312634359210754 0.48739278556797316 -0.10362281139793383 -0.7202651009152086 -0.8612119099477282 -0.9621170118687368 -0.2966238396754184 0.33923846925538115 0.7412572086549551 1.070400041111578 0.7628797304951713 -0.3558855662004552 -1.0806404649188104 0.42492772247401556 1.4708171122266913 3.4504791118198113 4.668547842151986 6.166908522264741 5.587104603290056 5.125824137365445 4.953644796785946 5.745669763451641 7.973590347136131 9.174040726339241 10.86460160058725 11.206557779319557 11.11606352124754 11.119266857816461 10.535458768130626 9.978078205138388 9.285356672109243 8.67432022158758 8.056877097928075 7.723730094760301 7.500297369078067 7.61561748555922 7.89671026948203 8.140163848720018
2.696093349838938 1.5613113702987067 0.6819954821299183 0.27597257201919323 0.34084013753984177 0.6379496043072557 0.8413614764337334 0.29919676214387003 -0.5584966041847026 -1.6388218620532782 -1.8166070416283886 -1.4249991460778078 -0.5184548970731913 0.2375325331921423 0.681194647987688 0.3712718349445905 0.5570653559420031 0.39209352264257635 2.6536491403007356 4.887976397123069 6.982958513197341 7.817427689401237 9.177244062908162 8.39082493523808 8.136960512151099 7.8614735672239 9.03149224902226 10.499421231730267 11.232985306013154 11.345102085925385 11.518883094789345 11.559725636043087 11.305060378813874 10.684413918585449 9.998899892836375 9.338211725496437 8.768017816228516 8.484522529879015 8.15057469256901 8.011229551820952 8.132155507297716 8.436472481345202 8.205031414240667
1.4187628929817269 0.18467747980494753 -0.39752894159642693 -0.11002948453577588 0.15664828482688975 0.4994052977014265 0.7660830670640921 0.8045231058911431 -0.02193772889045098 -1.315284868592267 -1.506684228585291 -1.1583213767151423 -0.37670725389844106 0.5658745315065352 1.6101622529747508 2.539129857961814 2.8738785294140485 3.6771151740709658 5.244347590415519 7.29768633109382 8.338770715993116 8.621465168200384 9.706595430922341 10.553877953401921 10.449769514911992 10.165473394420262 11.111258516394159 11.100046838402935 11.07762348242049 11.162511901496893 11.211362784172938 11.072818477567107 10.704434772141203 10.255967652492277 9.602486992432413 9.343016730349818 9.015475566177656 8.871325420576216 8.81847036718902 8.714361928699091 8.7119594262724 8.654299368031824 8.285114828463689
1.1488817870501404 0.737253037943804 0.6131237458981187 0.3760768397979719 0.006892300229837112 0.3416409716820721 1.200135172152875 1.8416033200792863 0.995922465884167 -0.3318605419335485 -0.12604616738038033 0.9494740856348138 1.586938062850074 2.5559473749486483 4.194454029951691 5.511826193920415 6.024360044947761 6.050787571641358 6.188531044104957 6.410362101502729 6.948522645081441 7.785394323712028 9.055517273289167 10.234345130652061 10.802136537493292 10.923863327112286 10.661990562603002 10.531454597419476 10.681210582016528 10.630758031056024 10.255166818350046 9.903600629910978 9.820313879119034 9.609694499712484 9.464743519968813 9.410286798297157 9.23490412114874 9.299771686669386 9.304576691522769 9.184451570188234 9.075538126844924 8.983442200488447 8.595838475649018
2.8370401588714578 2.5951882479179296 1.884047529617488 0.5570653559420031 0.21030417235631482 0.8125314473134453 2.016985997227706 2.9195260755211714 1.3562978298877688 0.29599342557494923 0.921444890656756 2.6080015941936128 4.3370025072686715 6.100439288459631 7.68208671936433 8.324355701432971 7.895909435339799 7.079058610264969 6.952526815792593 7.0326102300156155 7.407400608579362 8.028847902950018 8.734382782254848 9.300572520811617 9.467946856537734 9.423100144572842 9.437515159132985 9.444722666413059 9.142808194792263 8.901757117980964 8.929786312959022 9.226895779726435 9.189256575041615 9.149214867930104 9.235704955290968 9.45273100783536 9.66815539209529 9.80269552798997 9.818712210834574 9.667354557953061 9.248518301566651 8.846499562167079 8.486124198163477
3.8997470656109683 3.9566062897093146 3.2166355422885853 1.5156638241915839 0.9734991099017205 1.542091350885182 2.4462330974631077 2.4662539510188632 0.6731863065653858 0.5346419999595566 2.085857733459505 4.111167279159748 6.084422605615027 7.8774902500685045 8.916172132541108 9.148414033787875 8.831283713464703 8.489327534732398 8.32275403314851 8.285114828463689 8.168993877840308 8.213039755662969 8.276305652899158 8.600643480502399 8.810462025766718 8.88814293756305 8.898553781412042 8.738386952965998 8.456493334900959 8.316347360010669 8.5317717442706 8.687934402005494 8.760810308948445 8.827279542753553 8.953010503083698 9.318190871940683 9.816309708407882 9.905202298195437 9.87717310321738 9.740230464896012 9.441519329844137 8.978637195635066 8.582224295231104
4.605281944915799 4.843129685158175 4.136793971711116 1.9385042512891437 1.1648984698947449 1.8327941445147542 2.531121516539512 2.418203902485049 1.1560892943302123 2.408593892778287 4.028681362510035 6.045982566787977 7.664468368235264 8.982641366346217 9.38305843746133 9.52240357820939 9.270941657549098 9.06592811713816 8.95941717622154 8.735183616397077 8.565406778244268 8.550991763684126 8.42926497406513 8.442879154483045 8.36039323783333 8.408443286367145 8.39162576938031 8.399634110802612 8.201027243529516 8.082503790479443 8.104927146461888 8.331563208713042 8.799250347775494 8.969828020070533 9.375050096039027 9.872368098364 10.107012502037454 9.962862356436014 9.868363927652847 9.676964567659823 9.49117104666241 9.139604858223342 8.493331705443548
4.381849219233565 4.518791857554934 3.468898297091107 1.6830381599177016 1.0063333097331602 1.5941455701301463 2.2860662690170623 2.841044329582609 3.0092194994509565 4.562036901235366 6.353502877404383 8.243471453067718 9.154820706925715 9.680968738370975 9.927625654177884 9.729018786904788 9.516797739213779 9.48236187109788 9.472751861391115 9.184451570188234 8.770420318655207 8.699146079996718 8.476514188456713 8.185010560684912 8.096918805039586 8.077698785626062 8.063283771065917 8.052872927216924 7.967984508140519 7.847859386805986 7.96718367399829 8.148973024284551 8.582224295231104 9.246115799139961 9.758649650167307 10.1638717261358 9.845139737528172 9.730620455189248 9.508789397791476 9.27734833068694 8.92418047396341 8.472510017745563 7.82623686496577
4.625302798471553 3.793236124694348 2.7265250472436864 1.28982859608266 1.2153510208552492 1.7014573451889965 2.6400349598828226 3.4272549216951353 5.026520703728897 7.088668619971731 8.867321249865064 9.684972909082125 10.41132947608494 10.501022900014727 10.245556808643284 10.046149107227958 9.721811279624717 9.356630910767732 9.238107457717659 9.149214867930104 8.734382782254848 8.757606972379524 8.471709183603332 8.140964682862249 7.7205267581913795 7.659663363381883 7.658061695097421 7.6524558561018114 7.591592461292313 7.696501733924473 7.815025186974546 7.710115914342387 8.302733179592755 8.969027185928303 9.591275314441189 9.828322220541336 9.48956937837795 9.20607409202845 8.983442200488447 8.147371356000091 7.517114886064903 7.024601888593313 6.801969997053311
4.288151624592629 3.4544832825309624 2.6816783352787943 1.397941205283741 1.476422951222303 2.1963728450872764 3.136552128065563 5.3564643703277515 7.3241138577874185 9.222090774873054 9.936434829742417 10.755688157243938 10.921460824685596 10.83336906904027 10.571496304530987 10.189498418687169 9.860355586230545 8.889744605847511 8.575016787951032 8.492530871301318 8.481319193310096 8.554195100253045 8.42926497406513 8.092914634328435 7.670875041373106 7.312101345653964 7.295283828667129 7.26325046297792 7.352943886907706 7.457052325397635 7.549949085896342 7.374566408747922 8.089711297759514 8.796847845348804 9.42069764214615 9.224493277299745 8.871325420576216 8.560601773390887 7.554754090749723 6.641002334465034 5.944276630724737 5.6527730029529355 5.430141111412931
3.923772089877875 3.505736667633697 2.777778432346421 2.8370401588714578 2.9515594412103803 3.923772089877875 5.318825165642931 7.807817679694475 9.270941657549098 10.114220009317528 10.7572898255284 10.918257488116675 10.882219951716314 10.807742376488903 10.389706954244724 10.006107400116447 9.472751861391115 8.403638281513762 8.132155507297716 7.955171161864836 7.936751976593541 8.084105458763903 8.32275403314851 7.996013703118578 7.469865671673318 7.090270288256191 7.024601888593313 6.965340162068276 7.070249434700436 7.163947029341372 7.264852131262382 7.466662335104399 8.352384896411028 9.022683073457728 8.91937546911003 8.5662076123865 7.96638283985606 6.902875098974318 5.894624913906464 5.311617658362858 4.852739694864939 4.7502329246594694 5.110608288663071
4.113569781586438 3.94058960686471 4.421090092202846 5.404514418861565 6.2686144583279795 7.355346389334397 8.6086518219247 9.448726837124209 9.908405634764359 10.379296110395732 10.543467109552928 10.665193899171923 10.578703811811058 10.234345130652061 9.680968738370975 9.137202355796651 8.63908351932945 7.833444372245841 7.7205267581913795 7.505903208073679 7.465861500962168 7.666070036519725 8.011229551820952 7.600401636856846 7.059838590851443 6.745110772954964 6.690654051283309 6.784351645924245 6.669031529443092 6.7314965925370505 7.002178532610866 7.633235836688286 8.310741521015057 8.372405749966784 8.124948000017644 7.57717744673217 6.622583149193739 5.587905437432287 4.879167221558536 4.4851568235812636 4.230491566352052 4.398666736220401 4.769452944072995
5.7921181437009945 5.832960684954736 6.27101696075467 6.900472596547628 7.851062723374907 8.755204469952833 9.295767515958236 9.675362899375363 9.855550581377164 9.998899892836375 10.05415744865026 9.998899892836375 9.800293025563278 9.177244062908162 8.440476652056354 7.840651879525915 7.523521559202743 7.115096146665328 7.365757233183389 7.449043983975333 7.469064837531089 7.433828135272959 7.4194131207128144 7.115096146665328 6.817185845755684 6.624985651620429 6.678641539149854 6.7138782414079845 6.311058667866181 6.152493507704596 6.48564051087237 7.451446486402023 7.7245309289025315 7.6524558561018114 7.2480346142755465 6.676239036723164 5.928259947880132 5.129027473934366 4.457928462745436 4.100756435310755 4.029482196652266 4.216877385934138 4.493165165003566
