static/data/seaWind_uo/2023/7/1/12.asc
ncols 137
nrows 93
xllcorner 108.0
yllcorner 17.0
cellsize 0.25
NODATA_value -32767
[rows 38 to 56 of 93, columns 43 to 85 of 137]
-1.0702296210698174 -1.0045612214069388 -0.9477019973085927 -0.658600871963481 -0.15327452821620824 0.44655024431423174 -0.5256624043532634 -1.1254871768837031 -1.8382295634686048 -2.63425870084545 -2.4156309800165983 -1.2303964495158628 -0.4720065168238383 -0.5160523946465008 -1.552331774692414 -1.853445412170979 -1.5146925700075933 -0.8075560224183032 0.13422492884444326 1.1985335038684144 2.17154698667814 3.1173321086520374 3.9437929434336314 4.549223554959683 5.083379927827243 5.378086892167968 5.534249549902862 5.542257891325164 5.306812653509477 4.936827279799113 4.6461244861695405 4.446716784754214 4.308973312290615 4.030283030794495 2.9467544363569993 2.1739494891048303 2.026596006934469 2.5599515456597994 2.6976950181233987 2.9467544363569993 3.2158347081463554 3.384810712156933 3.0941079185273606
-0.853203568525426 -1.0061628896913994 -1.093453811194494 -0.7923401737159288 -0.08360195784217828 0.2711675671658118 -0.5625007748958539 -1.1150763330347102 -1.449825004486945 -1.7285152859830637 -1.566746789252558 -1.2992681857476622 -1.0950554794789544 -1.2816498346185974 -1.7036894275739267 -1.517895906576514 -0.7434892910398849 0.10379323143969454 1.063192533831506 2.0378076849256916 2.872276861129588 3.713152710471326 4.4218909263450765 4.971263147915012 5.386896067732499 5.555872071743078 5.551867901031926 5.539054554756243 5.39009940430142 5.14103998606782 4.907196416536594 4.71579705654357 4.611688618053639 4.320985824424067 3.635471798674994 2.841044329582609 2.9555636119215314 2.899505221965416 2.5407315262462737 2.1283019429977075 2.0658368799037494 2.471859790014475 2.7441433983727515
-0.6930367400793807 -0.6497916963989485 -0.538475750628947 -0.28861549825311617 -0.22935377172807936 -0.12684700152261064 -0.7026467497861435 -0.9372911534595998 -1.1126738306080195 -0.7571034714577989 -0.36709724419167866 -0.3190471956578649 -0.7138584277773667 -1.0574162747941338 -1.1559188742884516 -0.5801191260249188 0.3608609910955973 1.2457827182599979 2.145119459984542 2.8554593441427527 3.5649983941587338 4.204064039658455 4.693373700561123 5.1810816931793315 5.415726096852788 5.455767803964299 5.395705243297032 5.3300368436341525 5.217119229579691 5.086583264396165 4.899988909256521 4.777461285495297 4.678958686000978 4.491563496719106 4.545219384248531 4.276939946601406 4.166424834973634 3.2999222930805288 2.6080015941936128 1.717474028033601 1.3763186834435248 1.6550089649396438 2.063434377477059
-0.9517061680197438 -0.5552932676157818 -0.45358733155254294 -0.45118482912585245 -0.4335664779967874 -0.7162609302040572 -0.9677228508643485 -1.0806404649188104 -0.9020544512014699 -0.6041441502918257 0.5050111366970382 0.21510917720969625 -0.19812124018110078 -0.3158438590889441 -0.2029262450344822 0.7861039206198477 1.630983940672737 2.4470339316053376 2.961169450917143 3.5802142428611083 4.021473855229964 4.4170859214916955 4.851138026580477 5.072969083978251 5.260364273260123 5.203505049161777 5.115413293516452 5.038533215862351 4.980873157621774 4.881569723985226 4.770253778215224 4.764647939219612 4.668547842151986 4.75423709537062 4.866353875282853 5.07457075226271 4.460330965172128 3.5345666967539855 2.620814940469297 1.8712341833418047 1.6085605846902902 1.5436930191696416 1.735092379162666
-0.8459960612453541 -0.6786217255192366 -0.8524027343831959 -0.8491993978142749 -0.8844361000724048 -1.055013772367443 -1.132694684163775 -0.8588094075210377 -0.6794225596614669 -0.45438816569477325 0.6163270824670395 0.17106329938703357 0.15664828482688975 0.03812483177681614 1.0367650071379084 2.0554260360547567 2.728126715528147 3.1309462890699513 3.6474843108084474 3.87011620234845 4.172831508111475 4.46833930659443 4.616493622907022 4.838324680304794 4.877565553274076 4.807092148757816 4.742224583237167 4.7181995589702606 4.659738666587453 4.68456452499659 4.5932694327823445 4.602879442489108 4.678157851858749 4.764647939219612 5.043338220715732 5.221924234433073 4.545219384248531 3.6466834766662166 2.7305292179548375 2.247626230190011 2.0554260360547567 1.8952592076087114 1.4740204487956121
-0.5168532287887309 -0.5408782530556377 -0.7450909593243455 -1.0582171089363641 -1.096657147763415 -1.1455080304394587 -0.9789345288555715 -0.6794225596614669 -0.13085117223376175 0.08857738273732041 0.13902993369782468 -0.13165200637599206 -0.052369426295199695 1.0319600022845274 2.098671079735189 2.8955010512542647 3.2823039419514637 3.6562934863729795 3.7179577153247068 3.918967085024494 4.037490538074568 4.179238181249318 4.310574980575074 4.3370025072686715 4.36663337053119 4.292155795303779 4.308973312290615 4.29295662944601 4.3682350388156514 4.40187007278932 4.4130817507805435 4.433903438478529 4.527601033119467 4.740622914952706 5.026520703728897 5.113010791089762 4.731012905245944 3.86851453406399 3.1493654743412463 2.6544499744429664 2.2636429130346154 1.9072717197421647 1.461207102519929
-0.48802319966844276 -0.30943718595110203 -0.6962400766483017 -1.0101670604025506 -0.853203568525426 -1.0221795725360039 -0.8588094075210377 -0.0884069626955597 0.46096525887437556 0.3216201181263161 -0.287013829968656 -0.20773124988786362 0.8661873348428704 1.9521184317070577 2.732931720381529 3.330353990485278 3.5850192477144893 3.5617950575898134 3.62265845239931 3.6410776376706058 3.6867251837777286 3.7644060955740604 3.7956386271210394 3.8212653196724067 3.8228669879568664 3.752393583440607 3.8052486368278022 3.878925377912983 3.954203787282624 4.098353932884065 4.198458200662843 4.25932159547234 4.420289258060615 4.633311139893856 4.96725897720386 5.111409122805302 4.981673991764005 4.630107803324934 3.9085562411755013 2.944351933930308 2.283663766590371 1.7110673548957593 1.00713414387539
-0.6746175548080855 -0.5801191260249188 -0.9885445385623344 -0.9108636267660024 -0.5080440532241983 -0.6537958671100996 -0.8323818808274401 0.002888129518686 0.44735107845646205 0.2383333673343726 -0.16368537206520095 0.47858361000344063 1.680635657491011 2.639234125740592 3.330353990485278 3.487317482362402 3.4048315657126884 3.330353990485278 3.271893098102471 3.26708809324909 3.240660566555492 3.281503107809234 3.311934805213982 3.3199431466362843 3.3183414783518237 3.2734947663869316 3.3023247955072192 3.405632399854919 3.5561892185942017 3.7323727298848515 3.8765228754862924 4.07833307932831 4.285749122165937 4.623701130187094 4.958449801639327 5.265169278113504 5.278783458531418 4.962453972350479 4.323388326850758 3.33836233190758 2.2988796152927455 1.2161518549974795 0.47618110757675014
-0.630571676985423 -0.7699168177334825 -0.9549095045886649 -0.7851326664358569 -0.4367698145657082 -0.6009408137229046 -0.5192557312154216 0.08937821687955072 0.4337368980385481 0.5074136391237287 0.3752760056557416 1.4604062683776986 2.575167394362174 3.353578180609954 3.4312590924062865 3.272693932244701 3.0540662114158494 2.9379452607924663 2.858662680711674 2.830633485733616 2.84424766615153 2.902708558534336 2.9411485973613876 2.9331402559390853 2.8834885391208114 2.8522560075738324 2.8570610124272133 2.830633485733616 2.9683769581972155 3.2823039419514637 3.5065375017759277 3.784426949129816 4.169628171542556 4.571646910942128 4.8847730605541475 5.088184932680624 5.03372821100897 4.7366187442415555 4.160818995978023 3.3239473173474354 2.305286288430587 1.024752495004455 0.13422492884444326
-0.6890325693682295 -0.7074517546395249 -1.0630221137897453 -1.2576248103516905 -1.1455080304394587 -0.8211702028362171 0.08857738273732041 0.4913969562791243 0.6827963162721487 1.0279558315733763 1.964130943840511 2.9059118951032574 3.432860760690746 3.4456741069664303 3.038049528571245 2.782583437199803 2.565557384655411 2.4886773070013093 2.4750631265833953 2.5070964922726042 2.5951882479179296 2.606399925909153 2.6728691597142613 2.674470827998722 2.59678991620239 2.5335240189662023 2.3877722050803007 2.20678368893627 2.3180996347062712 2.787388442053184 3.424051585126214 3.792435290552118 4.04549887949687 4.338604175553133 4.635713642320546 4.7502329246594694 4.477949316301192 4.144802313133418 3.5657992283009645 2.758558412932896 1.9441100902847555 1.020748324293304 0.44094440531862
-0.6738167206658554 -1.0189762359670829 -1.0373954212383782 -0.9420961583129812 -0.8596102416632678 -0.8916436073524769 -0.22695126930138887 0.30400176699725145 1.176110147885968 2.1867628353805135 3.2782997712403126 3.3824082097302424 3.3423665026187312 2.897903553680955 2.5062956581303744 2.2276053766342554 2.013782660658785 2.023392670365548 2.1291027771399373 2.2099870255051903 2.3253071419863436 2.3525355028221706 2.4294155804762725 2.409394726920517 2.2980787811505157 2.238817054625479 1.9232884025867691 1.829590807945833 2.161136142829147 2.785786773768723 3.388814882868084 3.6410776376706058 3.7315718957426207 3.9069545728910406 4.241703244343276 4.528401867261696 4.164022332546944 3.742783573733844 3.1309462890699513 2.412598063489438 2.1371111185622396 1.874437519910726 1.506053814484821
-0.9853412019934134 -1.0301879139583061 -0.8395893881075123 -0.7074517546395249 -0.8772285927923329 -0.8572077392365771 -0.4784131899616799 0.11180157286199677 1.4059495467060432 2.6416366281672823 3.2774989370980827 3.102116259949663 2.782583437199803 2.360543844244473 1.9761434559739643 1.7054615159001476 1.5677180434365492 1.7687274131363355 1.8351966469414447 1.9697367828361227 2.0482185287746844 2.097870245592959 2.2236012059231043 2.140314455131161 1.941707587858065 1.9401059195736043 1.7647232424251844 1.6646189746464066 1.9737409535472739 2.66566165243419 3.1926105180216786 3.433661594832977 3.477707472655639 3.6242601206837706 3.859705358499457 3.9574071238515445 3.7555969200095274 3.3784040390190913 2.8330359881603067 2.4166022342005893 2.362946346671164 2.3853697026536103 2.1539286355490748
-1.107067991612408 -1.277645663907446 -1.0349929188116875 -0.5681066138914654 -0.43596898042347787 -0.3831139270362831 -0.2037270791767125 0.6115220776136585 1.8848483637597186 3.150967142625707 2.9467544363569993 2.720118374105845 2.3213029712751916 1.7767357545586377 1.4291737368307196 1.353094493318848 1.3731153468746036 1.568518877578779 1.6534072966551832 1.7871465984076313 1.7735324179897174 1.8167774616701489 1.924089236729 1.874437519910726 1.6510047942284927 1.7583165692873428 1.6654198087886365 1.5941455701301463 1.7775365887008685 2.4886773070013093 3.1341496256388717 3.3271506539163567 3.330353990485278 3.41123823885053 3.317540644209594 3.271092263960241 3.23185139099096 3.1157304403675767 2.6504458037318153 2.4638514485921728 2.495083980139151 2.4750631265833953 2.287667937301522
-1.0341920846694572 -1.262429815205072 -1.121483006172552 -0.6489908622567182 -0.3759064197562112 -0.16208370378074033 0.5290361609639449 1.8095699543900774 3.0484603724202377 3.046858704135777 2.742541730088291 2.4662539510188632 1.8351966469414447 1.2882269277982 1.0679975386848874 1.0007274707375484 1.1929276648728027 1.402746210137122 1.5380871801740308 1.5541038630186352 1.5356846777473394 1.4259704002617988 1.5132613217648934 1.50204964377367 1.4299745709729499 1.532481341178419 1.5364855118895702 1.4636096049466194 1.6085605846902902 2.354938005248861 3.0492612065624676 3.2102288691507437 3.205423864297362 2.9555636119215314 2.8090109638934 2.749749237368363 2.817019305315702 2.7265250472436864 2.755355076363975 2.5863790723533966 2.5054948239881445 2.3765605270890773 2.1963728450872764
-0.9172702999038442 -1.1471096987239193 -1.0061628896913994 -0.8876394366413258 -0.7010450815016831 0.14783910926235722 1.8640266760617323 3.0620745528381517 3.1741913327503837 3.173390498608153 2.6400349598828226 2.2580370740390046 1.46601210737331 0.8213406228779778 0.600310399622435 0.7845022523353871 1.0039308073064692 1.2393760451221558 1.4283729026884893 1.39553870285705 1.2121476842863284 1.101632572658557 1.1640976357525146 1.180114318597119 1.2153510208552492 1.3410819811853947 1.3450861518965458 1.4243687319773382 1.595747238414607 2.230007879060946 2.77377426163527 2.9147210706677895 2.6720683255720314 2.422208073196201 2.3749588588046175 2.4518389364587185 2.4870756387168487 2.4382247560408055 2.467054785161093 2.463050614449942 2.359743010102243 2.169945318393679 1.981749294969576
-0.9853412019934134 -1.0990596501901055 -0.934087816890679 -0.8451952271031238 -0.3286572053646277 1.0151424852976927 2.930737753512395 3.4977283262113947 3.5473800430296687 3.1573738157635485 2.634429120887211 2.0378076849256916 1.088018392240643 0.4361394004652386 0.34003930339761146 0.5338411658173263 0.8589798275627984 1.084014221529492 1.2521893913978395 1.1432759480545287 0.9630882660527278 0.9622874319104975 1.0295574998578365 1.101632572658557 1.1769109820281982 1.292231098509351 1.3811236882969062 1.4748212829378424 1.5669172092943184 2.008977655805404 2.3541371711066312 2.2716512544569176 2.017786831369936 1.964130943840511 1.982550129111806 2.2228003717808744 2.1899661719494348 2.149123630695693 2.221198703496414 2.2187962010697233 2.0474176946324545 1.8864500320441793 1.6966523403356155
-1.121483006172552 -1.1238855085992427 -0.906058621912621 -0.24456962043045394 0.521828653683873 2.1194927674331745 3.284706444378154 3.6114467744080874 3.5265583553316833 3.1517679767679367 2.4926814777124604 1.7599182375718034 0.7380538720860339 0.09818739244408325 0.036523163492355515 0.3968985274959578 0.7580747256417899 0.9887149586040951 1.0607900314048155 0.9751007781861811 0.9582832611993464 0.9951216317419367 1.105636743369708 1.2169526891397098 1.2970361033627325 1.4083520491327337 1.496443804778059 1.4075512149905034 1.4371820782530218 1.6574114673663343 1.7607190717140333 1.6461997893751108 1.6061580822635997 1.6085605846902902 1.7366940474471266 1.900865046604323 1.8616241736350418 1.9200850660178488 1.981749294969576 1.9721392852628132 1.798358276398854 1.6510047942284927 1.5140621559071232
-1.07983963077658 -0.9172702999038442 -0.6073474868607465 0.16065245553804086 1.5228713314716562 2.9331402559390853 3.33996400019204 3.451279945962042 3.4368649314018973 3.1477638060567856 2.3829672002269198 1.426771234404029 0.2054991675029334 -0.3534830637737647 -0.27339964955074203 0.13102159227552246 0.5963062289112839 0.9590840953415767 0.97109660747503 0.8557764909938772 0.9086315443810724 1.0920225629517941 1.211346850144098 1.317056956918488 1.5108588193382029 1.5669172092943184 1.3378786446164739 1.0952258995207154 1.0391675095645994 1.2601977328201417 1.272210244953595 1.193728499015033 1.2890277619404298 1.4892362974979867 1.6197722626815136 1.4932404682091378 1.4035470442793523 1.5036513120581305 1.6670214770730971 1.6974531744778454 1.5541038630186352 1.4043478784215826 1.39553870285705
-0.8475977295298145 -0.7066509204972946 -0.31103885423556266 0.6243354238893422 2.035405182499001 3.0925062502429 3.083697074678368 3.182199674172686 3.3047272979339106 3.1966146887328297 2.5831757357844762 1.3522936591766177 -0.2958230055331885 -0.9108636267660024 -0.7370826179020433 -0.16048203549628015 0.4337368980385481 0.7917097596154594 0.780498081624236 0.7388547062282642 0.8525731544249564 1.0912217288095638 1.3234636300563296 1.4860329609290654 1.568518877578779 1.426771234404029 1.051980855840283 0.7348505355171131 0.7228380233836598 0.9222457247989864 0.8854073542563956 0.8189381204512869 0.8749965104074029 1.024752495004455 1.144076782196759 1.0968275678051755 1.0928233970940244 1.2265626988464722 1.4195637271239567 1.50124880963144 1.4075512149905034 1.334675308047553 1.3619036688833805
