static/data/seaWind_uo/2023/7/1/18.asc
ncols 137
nrows 93
xllcorner 108.0
yllcorner 17.0
cellsize 0.25
NODATA_value -32767
[rows 57 to 75 of 93, columns 0 to 42 of 137]
0.3832843470780438 0.42893189318516667 -0.033149406881674004 -0.5040398825130472 -0.7619084763111803 -0.9525070021619741 -0.7354809496175827 -0.8171660321250658 -0.6313725111276534 0.11019990457753659 0.9903166268885553 1.3082477813539555 0.6932071601211414 0.07896737303055756 -0.06838610913980414 0.23913420147660291 0.3200184498418559 -0.10762698210908495 -0.24296795214599332 -0.2685946446973606 -0.5480857603357097 -0.8860377683568654 -0.9236769730416861 -0.48241736067283103 0.5490570145197005 0.5154219805460309 -0.12604616738038033 -0.588127467447221 -0.7210659350574387 -0.6561983695367903 -0.7130575936351364 -0.9228761388994557 -1.2600273127783812 -1.0462045968029106 -0.45839233640592436 -0.00031520705023480033 -0.3262547029379368 -0.838788553965282 -0.7915393395736987 -0.54888659447794 -0.4143464585832617 -0.47681152167721974 -0.19171456704325873
-0.04275941658843685 -0.03555190930836494 -0.054771928721890184 -0.3310597077913182 -0.2974246738176487 -0.31344135666225315 -0.6097499892874372 -0.9388928217440604 -0.6009408137229046 0.013298973367679157 0.6763896431343066 0.577887043639989 -0.10041947482901303 0.17827080666710593 0.8661873348428704 0.9110340468077629 0.13742826541336406 -0.5480857603357097 -0.6385800184077253 -0.6201608331364301 -0.8820335976457143 -0.9949512117001762 -0.9036561194859303 -0.21734125959462602 0.5971070630535142 0.39529685921149715 -0.1180378259580781 -0.6417833549766463 -0.8596102416632678 -0.7162609302040572 -0.6802233938036972 -1.1006613184745662 -1.3393098928591736 -1.1591222108573727 -0.6786217255192366 -0.6073474868607465 -0.6778208913770065 -0.6273683404165022 -0.7931410078581591 -0.785933500578087 -0.9853412019934134 -0.9701253532910392 -0.17489705005642397
-0.573712452887077 -0.6537958671100996 -0.5921316381583721 -0.15567703064289873 -0.015531055752608935 0.2311258600543007 -0.2645904739862095 -0.5520899310468608 -0.7498959641777267 -0.33906804921362044 -0.38791893188966453 -0.2894163323953465 -0.08119945541548779 0.45135524916761316 0.8125314473134453 0.2919892548637981 -0.507243219081968 -0.4776123558194496 -0.2958230055331885 -0.31824636151563457 -1.0205779042515435 -1.1439063621549983 -0.8732244220811818 -0.16288453792297064 0.4937994587058152 0.42172438590509476 -0.12524533323815001 -0.6954392425060714 -0.9100627926237721 -0.8684194172278004 -0.7915393395736987 -1.1631263815685238 -1.2688364883429137 -1.1591222108573727 -1.1767405619864375 -1.1687322205641353 -0.8323818808274401 -0.48081569238837085 -0.566504945607005 -0.6281691745587323 -0.7803276615824755 -0.8435935588186634 -0.5713099504603862
-0.7050492522128342 -0.7723193201601732 -0.7450909593243455 -0.31824636151563457 -0.09000863098002032 0.034120661065665026 -0.33586471264469964 -0.10041947482901303 -0.3871180977474342 -1.234400620227014 -1.3144840344500366 -0.588127467447221 0.04933650976803916 0.3808818446513529 -0.017132724037069558 -0.5080440532241983 -0.4167489610099526 -0.24296795214599332 -0.14846952336282682 -0.19812124018110078 -0.7074517546395249 -0.6329741794121138 -0.3518813954893041 -0.33746638092916026 0.13742826541336406 0.3208192839840862 -0.04436108487289703 -0.616156662425279 -1.0606196113630548 -1.1094704940390985 -0.9372911534595998 -1.0349929188116875 -1.1623255474262935 -1.308878195454425 -1.3353057221480225 -1.376148263401764 -1.1631263815685238 -0.9004527829170095 -0.5809199601671491 -0.6257666721320416 -0.2357604448659214 -0.1468678550783662 0.01810397822106058
-0.6057458185762861 -0.5512890969046307 -0.5873266333049909 -0.6505925305411788 -0.42075313172110373 -0.5929324723006024 -0.7178625984885179 -0.17089287934527286 -0.30703468352441154 -1.1575205425729123 -1.5202984090032048 -0.8788302610767933 -0.24937462528383536 0.06615402675487392 -0.34467388820923217 -0.5248615702110331 -0.4335664779967874 -0.3510805613470742 -0.5168532287887309 -0.6121524917141279 -0.25177712771052585 -0.17810038662534522 -0.09080946512225019 -0.2325571082970006 -0.19571873775440984 0.10619573386638548 -0.19732040603887047 -0.28541216168419536 -0.7306759447642015 -1.2303964495158628 -1.1415038597283076 -1.0718312893542778 -1.0149720652559318 -1.1599230449996027 -1.3361065562902528 -1.3817541023973756 -1.5154934041498236 -1.2552223079249998 -0.9100627926237721 -0.7426884568976548 -0.3510805613470742 0.8405606422915031 1.4780246195067637
-0.3574872344849158 -0.2573829667061376 -0.6321733452698834 -0.7258709399108201 -0.7434892910398849 -1.001357884838018 -0.8411910563919727 -0.3807114246095922 -0.4447781559880104 -0.6361775159810346 -0.9428969924552115 -0.9388928217440604 -0.5496874286201703 -0.1805028890520357 -0.37030058076059946 -0.5528907651890911 -0.6273683404165022 -0.6610033743901718 -0.8339835491119005 -0.9573120070153556 -0.3494788930626136 0.04453150491465774 0.1494407775468174 -0.10922865039354557 -0.323051366369016 -0.18931206461656824 -0.18450705976318682 -0.22695126930138887 -0.3454747223514625 -0.9581128411575857 -1.3321023855791017 -1.2688364883429137 -1.135898020732696 -1.0942546453367243 -1.2744423273385252 -1.3897624438196778 -1.5643442868258672 -1.1399021914438472 -1.0422004260917594 -0.8732244220811818 -0.2029262450344822 1.2505877231133793 2.2732529227413782
0.062149856043722806 -0.033950241023904315 -0.5560941017580121 -0.7899376712892381 -0.8195685345517565 -0.7843318322936266 -0.5921316381583721 -0.48481986309952196 -0.8019501834226916 -0.8948469439213977 -0.640982520834416 -0.5096457215086589 -0.33986888335585075 -0.6281691745587323 -0.8516019002409656 -0.895647778063628 -0.9493036655930533 -0.8964486122058584 -0.6650075451013229 -0.6417833549766463 -0.37350391732952026 0.016502309936599957 0.12221241671098992 -0.054771928721890184 -0.39832977573865724 -0.4071389513031898 -0.2317562741547703 0.015701475794369646 -0.04596275315735765 -0.563301609038084 -1.259226478636151 -1.3777499316862245 -1.383355770681836 -1.2888573418986693 -1.3144840344500366 -1.4402149947801821 -1.3673390878372316 -0.7875351688625476 -0.718663432630748 -0.30703468352441154 0.42492772247401556 0.9975241341686276 1.5268755021828073
0.02130731478998138 -0.2725988154085117 -0.7883360030047777 -0.9525070021619741 -0.7963443444270799 -0.6257666721320416 -0.7458917934665756 -1.051009601656292 -1.2744423273385252 -0.878029426934563 -0.40633811716095947 -0.39112226845858533 -0.4455789901302407 -0.9813370312822622 -1.051009601656292 -0.9789345288555715 -1.0662254503586663 -1.2504173030716184 -0.6369783501232649 -0.21093458645678442 -0.1732953817719638 -0.22374793273246807 -0.25017545942606567 -0.25337879599498647 -0.5544924334735515 -0.3510805613470742 -0.01793355817929987 0.15104244583127802 0.07816653888832725 -0.23656127900815171 -0.800348515138231 -1.203168088680035 -1.3841566048240663 -1.450625838629175 -1.4546300093403262 -1.471447526327161 -1.252018971356079 -0.7426884568976548 -0.37350391732952026 0.05974735361703232 0.416118546909483 0.6339454335961046 0.6227337556048815
-0.6193599989941998 -0.6746175548080855 -0.8475977295298145 -0.9316853144639883 -0.9132661291926931 -0.9541086704464345 -1.3801524341129152 -1.6083901646485297 -1.0950554794789544 -0.697040910790532 -0.7274726081952805 -1.0430012602339898 -1.0726321234965082 -1.344915731854785 -1.171134722990826 -0.9100627926237721 -1.0109678945447806 -1.4978750530207585 -1.4690450239004702 -0.6882317352259995 -0.49442987280628437 -0.6225633355631208 -0.7410867886131944 -0.6401816866921859 -0.4423756535613199 -0.19571873775440984 -0.025941899601602092 -0.013929387468148757 -0.07399194813541543 -0.16128286963851046 -0.4952307069485147 -0.8884402707835561 -1.199163917968884 -1.4458208337757936 -1.5619417843991765 -1.4874642091717656 -1.227993947089172 -0.9629178460109671 -0.6762192230925459 -0.3719022490450601 -0.12684700152261064 0.03171815863897409 0.2022958309340126
-1.2167822690979488 -0.8972494463480885 -0.601741647865135 -0.4784131899616799 -0.629770842843193 -1.086246303914422 -1.6740585643114083 -1.4209949753666566 -1.0205779042515435 -0.83158104668521 -0.8644152465166492 -0.8764277586501026 -0.8828344317879444 -1.1943589131155026 -1.358529912272699 -1.0662254503586663 -0.8227718711206775 -0.8692202513700307 -1.1895539082621212 -1.0229804066782342 -1.065424616216436 -1.2111764301023373 -1.252018971356079 -1.0566154406519037 -0.930884480321758 -0.5360732482022563 -0.27339964955074203 -0.28541216168419536 -0.42075313172110373 -0.5312682433488749 -0.686630066941539 -0.8339835491119005 -1.015772899398162 -1.2167822690979488 -1.2800481663341368 -1.1943589131155026 -1.5267050821410466 -1.4330074875001102 -1.0870471380566522 -0.7795268274402452 -0.563301609038084 -0.45679066812146374 -0.4455789901302407
-1.506684228585291 -1.4209949753666566 -0.7915393395736987 -0.4968323752329753 -0.4415748194190896 -0.841991890534203 -1.1671305522796749 -0.8948469439213977 -0.6313725111276534 -0.6521941988256392 -0.7162609302040572 -0.7402859544709641 -0.573712452887077 -0.8988511146325491 -1.3721440926906128 -1.2287947812314024 -0.8996519487747792 -0.7619084763111803 -0.708252588781755 -0.8772285927923329 -1.210375595960107 -1.5090867310119815 -1.4970742188785282 -1.1719355571330563 -0.8171660321250658 -0.6433850232611067 -0.1468678550783662 -0.2653913081284398 -0.6457875256877974 -0.6770200572347762 -0.9717270215754996 -0.8900419390680165 -0.8211702028362171 -0.8483985636720448 -0.9805361971400322 -1.3000690198898925 -1.6780627350225594 -1.6083901646485297 -1.461036682478168 -1.2119772642445676 -1.061420445505285 -0.9501044997352834 -1.039797923665069
-1.206371425248956 -1.598780154941767 -1.0990596501901055 -0.7346801154753526 -0.6778208913770065 -0.629770842843193 -0.7931410078581591 -0.9268803096106069 -0.8988511146325491 -0.7851326664358569 -0.33346221021800915 -0.2133370888834749 -0.2381629472926119 -0.6105508234296675 -1.0333912505272271 -1.0606196113630548 -0.7474934617510363 -0.7563026373155686 -0.7787259932980151 -0.8860377683568654 -1.2472139665026976 -1.5307092528521977 -1.4306049850734195 -1.1270888451681635 -0.9140669633349232 -0.7547009690311082 -0.3350638785024693 -0.5536915993313214 -0.9276811437528372 -0.8884402707835561 -1.1374996890171565 -1.238404790938165 -1.1198813378880914 -1.1879522399776608 -1.5467259356968022 -1.8446362366064466 -1.9543505140919875 -1.82141204648177 -1.7149011055651497 -1.6075893305062996 -1.461036682478168 -1.4554308434825565 -1.5002775554474492
-0.9300836461795279 -1.4249991460778078 -1.2544214737827695 -0.83158104668521 -0.6682108816702437 -0.6457875256877974 -0.8203693686939868 -1.2159814349557188 -1.3288990490101806 -1.1807447326975888 -0.6650075451013229 -0.13805867951383366 -0.04596275315735765 -0.27420048369297234 -0.6602025402479414 -0.7410867886131944 -0.45839233640592436 -0.6185591648519697 -0.7971451785693102 -0.828377710116289 -1.0149720652559318 -1.2832515029030578 -1.132694684163775 -1.203168088680035 -1.002158718980248 -0.7771243250135544 -0.5256624043532634 -1.1759397278442074 -1.7141002714229197 -1.5539334429768743 -1.7132994372806893 -1.9014954607047927 -1.8486404073175977 -2.124928186387026 -2.2690783319884664 -2.2218291175968834 -2.1905965860499044 -2.0696706305731403 -1.9999980601991105 -1.9014954607047927 -1.8246153830506908 -1.8398312317530652 -1.8005903587837842
-0.8379877198230519 -1.2680356542006834 -1.2376039567959347 -0.8235727052629076 -0.7274726081952805 -0.8459960612453541 -1.1014621526167963 -1.0878479721988825 -1.3617332488416198 -1.7237102811296823 -1.4826592043183842 -0.8435935588186634 -0.2645904739862095 -0.36949974661836915 -0.21974376202131696 -0.30383134695549074 0.10058989487077374 -0.2942213372487279 -0.5961358088695234 -0.6089491551452069 -0.7010450815016831 -0.9741295240021903 -0.895647778063628 -1.1503130352928401 -0.8371868856808216 -0.5456832579090192 -0.5248615702110331 -1.2303964495158628 -1.8558479145976698 -1.8270178854773815 -2.0168155771859455 -2.287497517259762 -2.411626809305447 -2.503722735661923 -2.5101294087997648 -2.347560077927029 -2.3107217073844386 -2.2122191078901206 -2.1241273522447957 -2.040039767310622 -2.0144130747592546 -2.0352347624572404 -1.9711680310788222
-0.9829386995667229 -1.04380209437622 -0.9965528799846366 -0.8243735394051379 -0.8852369342146351 -1.0742337917809686 -1.234400620227014 -1.2207864398091 -1.2287947812314024 -1.767756158952345 -1.994392221203499 -1.7181044421340708 -1.0317895822427665 -0.33426304436023946 -0.10522447968239446 0.15184327997350833 0.5450528438085493 0.07576403646163676 -0.33346221021800915 -0.33826721507139057 -0.563301609038084 -0.8059543541338428 -0.8027510175649217 -0.9789345288555715 -0.5616999407536236 0.07336153403494627 0.09418322173293214 -0.21734125959462602 -0.7763234908713244 -1.2247906105202513 -1.7725611638057261 -2.080081474422133 -2.3539667510648705 -2.453270184701419 -2.405220136167605 -2.2538624832860923 -2.2410491370104086 -2.093695654840047 -2.0072055674791827 -1.9743713676477432 -1.96235885551429 -2.008807235763643 -1.9551513482342178
-0.6233641697053511 -0.5889283015894513 -0.7258709399108201 -0.7571034714577989 -1.0349929188116875 -1.2968656833209715 -1.4554308434825565 -1.4434183313491031 -1.450625838629175 -1.6836685740181712 -1.92712215325616 -1.9143088069804763 -1.5691492916792487 -0.7803276615824755 0.004489797803146622 0.41371604448279253 0.625136258031572 0.5002061318436568 0.12461491913768041 -0.15247369407397793 -0.45919317054815467 -0.8051535199916124 -0.785933500578087 -0.6850283986570784 -0.06518277257088334 0.6219329214626512 1.020748324293304 0.8013197693222218 0.33763680097092097 -0.3799105904673623 -1.1198813378880914 -1.6932785837249338 -1.9583546848031386 -2.100102327977889 -2.0712722988576004 -1.9847822114967362 -1.8742670998689648 -1.726112783556373 -1.6163985060708321 -1.588369311092774 -1.637220193768818 -1.690876081298243 -1.6388218620532782
-0.1540753623584381 -0.04115774830397623 -0.2942213372487279 -0.9613161777265067 -1.3457165659970154 -1.4818583701761538 -1.5867676428083137 -1.5827634720971626 -1.3777499316862245 -1.4209949753666566 -1.5146925700075933 -1.7709594955212657 -1.6083901646485297 -1.1046654891857173 -0.2910180006798071 0.47618110757675014 0.5738828729288379 0.8133322814556756 0.7500663842194877 0.3208192839840862 -0.28461132754196505 -0.6642067109590926 -0.4055372830187296 -0.09000863098002032 0.4921977904213546 1.2353718744110047 1.7559140668606523 1.8560183346394301 1.4331779075418707 0.6835971504143785 -0.07719528470433668 -0.7723193201601732 -1.248815634787158 -1.450625838629175 -1.5018792237319096 -1.446621667918024 -1.2368031226537046 -0.9997562165535576 -0.878029426934563 -0.9180711340460743 -1.0237812408204643 -1.118279669603631 -1.065424616216436
0.6219329214626512 0.4121143761983319 -0.4455789901302407 -1.567547623394788 -1.969566362794362 -1.835026226899684 -2.0200189137548663 -1.871063763300044 -1.2656331517739927 -1.0069637238336295 -1.0237812408204643 -1.287255673614209 -1.5843651403816228 -1.3673390878372316 -0.4415748194190896 0.8061247741756032 1.2593968986779118 1.200135172152875 0.9678932709061092 0.33203096197530924 -0.25578129842167696 -0.3318605419335485 0.11180157286199677 0.497002795274736 0.9630882660527278 1.681436491633241 2.331713815124185 2.6216157746115267 2.4302164146185032 1.852014163928279 1.1913259965883425 0.43533856632300827 -0.15647786478512904 -0.4375706487079385 -0.4487823266991615 -0.42956230728563627 -0.3022296786710301 -0.04516191901512734 0.061349021901492495 -0.033950241023904315 -0.22454876687469838 -0.3350638785024693 -0.39432560502750613
0.3464459765354535 -0.18851123047433793 -0.9533078363042045 -1.6844694081604012 -2.243451639437099 -2.475693540683865 -2.5117310770842254 -1.9823797090700457 -1.1839480692665096 -0.8628135782321888 -0.8347843832541308 -1.2079730935334165 -1.6684527253157966 -1.549128438123493 -0.7987468468537706 0.24874421118336576 0.8173364521668267 0.8814031835452445 0.6259370921738023 0.15184327997350833 -0.1997229084655614 -0.008323548472537023 0.39209352264257635 0.6483604481562488 1.1120434165075501 1.8151757933856891 2.445432263320877 2.7841851054842626 2.8930985488275742 2.710508364399082 2.3309129809819544 1.7270840377403638 1.186520991734961 0.9662916026216486 0.9943207975997068 0.8942165298209281 0.8838056859719354 1.023150826719995 1.0079349780176203 0.8437639788604239 0.5746837070710678 0.4113135420561016 0.27437090373473305
