static/data/seaWind_uo/2023/7/1/6.asc
ncols 137
nrows 93
xllcorner 108.0
yllcorner 17.0
cellsize 0.25
NODATA_value -32767
[rows 38 to 56 of 93, columns 0 to 42 of 137]
0.13742826541336406 -0.36469474176498773 -0.895647778063628 -1.001357884838018 -1.1775413961286678 -1.0694287869275871 -0.5977374771539838 0.27437090373473305 0.38889018607365555 0.07416236817717614 -0.6521941988256392 -1.6155976719286018 -2.2850950148330713 -2.2963066928242943 -1.7661544906678843 -0.8996519487747792 0.017303144078830268 0.4425460736030806 0.6099204093291979 0.6283395946004933 0.5690778680754565 0.2054991675029334 -0.07719528470433668 -0.4047364488764993 -0.6465883598300277 -0.7402859544709641 -1.1230846744570124 -1.412185799802124 -1.5227009114298955 -1.4826592043183842 -1.4546300093403262 -1.5363150918478095 -1.386559107250757 -0.9717270215754996 -0.26699297641290043 0.5250319902527938 1.0639933679737363 1.3234636300563296 1.3731153468746036 1.4187628929817269 2.028197675218929 2.310091293283969 1.9529192658492875
-0.057975265290810984 -0.7074517546395249 -1.320089873445648 -1.5939751500883856 -1.1623255474262935 -0.6610033743901718 -0.07559361641987605 0.36886933251789955 0.06935736332379472 0.05414151462142058 -0.23415877658146078 -0.5929324723006024 -0.8427927246764331 -0.9669220167221182 -0.7627093104534104 -0.06918694328203445 0.5987087313379749 1.0007274707375484 1.0992300702318665 1.0663958704004268 0.811730613171215 0.41371604448279253 0.002087295376455689 -0.40233394644980836 -0.6898334035104599 -0.8924444414947073 -1.2696373224851438 -1.7333202908364451 -2.03443392831501 -2.0216205820393265 -1.8870804461446484 -1.8206112123395397 -1.768556993094575 -1.591572647661695 -0.9140669633349232 -0.2693954788395909 0.22151585034753785 0.5314386633906358 0.8517723202827261 0.9999266365953181 1.4940413023513677 1.9425084220002948 2.062633543334829
-0.9372911534595998 -1.4730491946116213 -1.5042817261586003 -1.5747551306748602 -1.1839480692665096 -0.9637186801531974 -0.5040398825130472 -0.3823130928940528 -0.4896248679529034 0.13182242641775277 0.4889944538524338 0.3520518155310648 0.24954504532559607 0.2831800792992656 0.5338411658173263 0.9230465589412162 1.3747170151590642 1.2842227570870488 1.2017368404373352 1.0752050459649594 0.8437639788604239 0.5498578486619308 0.5242311561105635 0.2655617281702005 -0.2918188348220374 -0.8556060709521167 -1.301670688174353 -1.8806737730068068 -2.38600011675408 -2.6518770519745147 -2.7744046757357395 -2.644669544694443 -2.2546633174283226 -1.995193055345729 -1.4578333459092472 -1.015772899398162 -0.5544924334735515 -0.08440279198440859 0.45375775159430365 0.8325523008692008 1.299438605789423 1.7687274131363355 2.062633543334829
-1.6524360424711921 -1.528306750425507 -1.4025757900953615 -1.4282024826467288 -1.3240940441567992 -1.1879522399776608 -1.160723879141833 -1.036594587096148 -0.7723193201601732 0.2655617281702005 0.7204355209569693 0.928652397936828 0.8549756568516473 0.9678932709061092 1.0535825241247432 1.406750380848273 1.4884354633557568 1.3715136785901434 0.9831091196084834 0.8806023494030146 0.7780955791975455 0.9510757539192745 0.9678932709061092 0.8942165298209281 0.5866962192045211 0.006892300229837112 -0.8764277586501026 -1.6420251986221992 -2.6134370131474642 -2.8977331336391945 -2.954592357737541 -2.5541752866224274 -2.10490733283127 -1.9046987972737135 -1.7861753442236399 -1.4025757900953615 -1.0702296210698174 -0.5945341405850628 0.030917324496744225 0.7820997499086966 1.2986377716471926 1.6486022918018013 1.869632515057344
-1.6756602325958687 -1.5515309405501836 -1.3665382536950013 -1.4418166630646425 -1.3537249074193176 -1.3465174001392457 -1.3184882051611877 -1.1366988548749262 -0.7603068080267197 0.17746997252487562 0.8629839982739496 1.0720017093960386 1.1392717773433776 1.1881226600194212 1.2129485184285587 1.2257618647042423 1.3066461130694949 1.051980855840283 0.6491612822984791 0.6323437653116444 1.065595036258197 1.2393760451221558 1.0567858606936644 0.8077264424600639 0.8533739885671867 1.1560892943302123 0.27036673302358194 -0.42876147314340596 -1.7197061104185312 -2.38760178503854 -2.8136455487050207 -2.412427643447677 -2.065666459861989 -1.7517394761077403 -1.5539334429768743 -1.2440106299337765 -0.9116644609082325 -0.7138584277773667 -0.16208370378074033 0.7116263453924367 1.355496995745539 1.7062623500423784 1.793553271545473
-1.517895906576514 -1.8158062074861583 -1.6580418814668039 -1.662046052177955 -1.4233974777933474 -1.407380794948743 -1.4978750530207585 -1.330500717294641 -0.8692202513700307 -0.17569788419865429 0.5290361609639449 0.9967233000263973 1.084014221529492 0.9654907684794183 1.0848150556717222 1.0639933679737363 0.8589798275627984 0.5955053947690536 0.39129268850034604 0.4962019611325057 0.9654907684794183 1.243380215833307 1.0375658412801387 0.4385419028919295 0.6771904772765369 1.065595036258197 1.7519098961495012 1.161695133325824 -0.06598360671311321 -1.4978750530207585 -1.9599563530875992 -2.1946007567610555 -1.8910846168557995 -1.3857582731085267 -0.7915393395736987 -0.47601068753498943 -0.4623965071170755 -0.3054330152399509 -0.008323548472537023 0.9126357150922235 1.5340830094628797 1.4900371316402166 1.578128887285542
-1.4298041509311892 -1.7285152859830637 -1.9159104752649367 -1.8206112123395397 -1.5515309405501836 -1.5227009114298955 -1.6123943353596808 -1.82141204648177 -1.368940756121692 -0.6946384083638413 0.1694616311025734 0.638750438449486 0.6411529408761769 0.3968985274959578 0.5858953850622912 0.4897952879946641 0.28398091344149545 0.2383333673343726 0.19348665536948007 0.3344334644019997 0.7340497013748828 1.0119391487287714 0.9975241341686276 0.4081102054871808 0.48739278556797316 0.6131237458981187 1.3018411082161134 1.8327941445147542 1.0359641729956786 -0.39192310260081564 -0.5400774189134074 -0.7763234908713244 -0.9861420361356437 -0.5320690774911052 0.15184327997350833 0.34003930339761146 0.3536534838155254 0.04933650976803916 0.19989332850732167 1.0720017093960386 1.0639933679737363 1.0199474901510737 1.3603020005989204
-1.2191847715246396 -1.4682441897582401 -1.6884735788715524 -1.7285152859830637 -1.7845736759391797 -1.7637519882411936 -1.9447405043852248 -2.253061649143862 -1.8974912899936416 -1.0237812408204643 -0.06037776771750192 0.3824835129358135 0.3760768397979719 -0.19651957189664016 -0.22615043515915856 -0.3054330152399509 -0.3534830637737647 -0.2934205031064976 -0.02273856303268129 0.22552002105868896 0.5386461706707077 0.7212363550991991 0.7540705549306388 0.6235345897471118 0.7388547062282642 0.681194647987688 0.7324480330904226 1.1288609334943849 1.0039308073064692 0.7917097596154594 0.7684855694907826 0.6491612822984791 0.348848478962144 0.497002795274736 0.7548713890728687 0.8077264424600639 0.47618110757675014 0.07816653888832725 0.06295069018595312 0.7244396916681204 0.627538760458263 0.7604772280684804 1.2105460160018677
-1.0430012602339898 -1.305674858885504 -1.6115935012174507 -1.8470387390331373 -2.0176164113281754 -2.0128114064747944 -2.132135693667098 -2.1905965860499044 -1.6860710764448616 -0.7947426761426195 -0.009124382614767335 0.2871842500104167 0.04292983663019756 -0.4856206972417523 -0.507243219081968 -0.7290742764797409 -0.7875351688625476 -0.5608991066113933 -0.013128553325918446 0.21671084549415642 0.31441261084624417 0.4601644247321457 0.6403521067339466 0.7020163356856739 0.8765981786918635 0.6571696237207814 0.5034094684125776 0.5730820387866076 0.8181372863090566 1.0527816899825133 1.094425065378485 1.044773348560211 0.9967233000263973 1.0311591681422971 0.9911174610307856 0.9478724173503537 0.589098721631212 0.06054818775926263 -0.21814209373685634 0.2671633964546607 0.3808818446513529 0.6675804675697741 1.126458431067694
-1.3104798637388855 -0.9965528799846366 -0.9829386995667229 -1.6260085157775948 -1.9199146459760879 -1.7445319688276681 -1.5763567989593206 -1.446621667918024 -1.036594587096148 -0.30062801038656994 0.36886933251789955 0.5682770339332261 0.3464459765354535 0.23913420147660291 0.3464459765354535 -0.06918694328203445 -0.39752894159642693 -0.31183968837779297 0.31361177670401386 0.2607567233168191 0.32962845954861875 0.4962019611325057 0.7084230088235159 0.890212359109777 1.381924522439136 1.0752050459649594 0.7764939109130848 0.7460622135083366 0.7412572086549551 0.613924580040349 0.8101289448867544 1.0968275678051755 1.2537910596823 0.9734991099017205 1.0255533291466854 1.1384709432011473 0.9662916026216486 0.5434511755240892 0.21350750892523562 0.08217070959947836 -0.03955608001951605 -0.005921046045846534 0.2919892548637981
-1.9831805432122758 -1.4842608726028446 -1.2263922788047117 -1.407380794948743 -1.5907718135194648 -1.4826592043183842 -1.393766614530829 -1.315284868592267 -1.0926529770522637 -0.17089287934527286 0.47538027343451983 0.5602686925109239 0.27036673302358194 0.36806849837566924 0.32962845954861875 0.15824995311134993 0.15905078725358024 0.36886933251789955 0.7420580427971855 0.45856275644768507 0.5770862094977587 0.7188338526725087 0.8349548032958913 1.034362504711218 1.654208130797413 1.1240559286410035 0.6787921455609975 0.7260413599525806 0.8037222717489128 0.416118546909483 0.8093281107445245 1.2666044059579837 1.3506919908921575 0.7012155015434436 1.049578353413592 1.1841184893082701 1.2041393428640261 1.0287566657156062 1.116848421360931 0.30960760599286274 -0.08600446026886921 -0.24937462528383536 0.05414151462142058
-1.9935913870612687 -2.293904190397604 -1.9599563530875992 -1.7084944324273081 -1.4834600384606145 -1.3313015514368713 -1.3985716193842104 -1.1951597472577329 -0.7603068080267197 0.12941992399106184 0.8317514667269705 0.5322394975328657 0.013298973367679157 0.3160142791307048 0.2535492160367472 0.23352836248099118 0.4946002928480451 0.8854073542563956 1.0327608364267573 0.6787921455609975 0.5570653559420031 0.7925105937576897 1.1080392457963986 1.5396888484584905 2.0610318750503684 0.915038217518914 0.07095903160825534 0.36967016666012986 0.7300455306637317 0.6739871407076161 1.0255533291466854 1.7463040571538895 1.4668129415155402 0.6892029894099903 0.3768776739402018 0.4889944538524338 0.6747879748498464 1.0792092166761105 0.872594007980712 0.24794337704113545 -0.09961864068678272 0.4009026982071089 0.5450528438085493
-1.3529240732770875 -1.722909446987452 -1.7629511540989635 -1.6468302034755806 -1.3048740247432737 -1.29125984432536 -1.3216915417301085 -0.8652160806588796 -0.2637896398439792 0.5250319902527938 0.5898995557734423 0.14543660683566628 -0.0884069626955597 0.4697744344389081 0.43133439561185716 0.5226294878261033 0.8397598081492728 1.0191466560088438 1.063192533831506 0.786904754762078 0.669982969996465 0.8405606422915031 1.2930319326515813 1.8151757933856891 1.9377034171469139 1.0375658412801387 0.13582659712890388 0.05334068047919027 0.4946002928480451 0.9062290419543815 1.2906294302248904 2.080251894463894 1.717474028033601 0.7957139303266105 -0.1789012207675751 -0.10041947482901303 0.4001018640648786 0.5378453365284774 0.256752552605668 -0.04596275315735765 -0.08280112369994796 0.6123229117558884 0.8661873348428704
-0.7050492522128342 -0.8764277586501026 -0.9829386995667229 -0.878029426934563 -0.8868386024990955 -0.8940461097791677 -0.7434892910398849 -0.18931206461656824 0.34724681067768337 0.25595171846343767 0.2823792451570353 -0.22214626444800745 -0.21734125959462602 0.25435005017897705 0.4849902831412827 0.5874970533467514 0.93505907107467 1.0992300702318665 0.9526774222037346 0.8613823299894889 0.7780955791975455 0.7917097596154594 1.2273635329887025 1.71266902318022 1.7823415935542495 1.0968275678051755 0.24794337704113545 0.15184327997350833 0.3720726690868208 0.7909089254732291 1.483630458502375 2.1635386452558376 1.7254823694559032 0.9430674124969722 0.007693134372067423 0.2671633964546607 0.6603729602897022 0.5290361609639449 0.22151585034753785 -0.09721613826009223 -0.17569788419865429 0.4689736002966778 1.0167441535821529
-0.19091373290102887 -0.19171456704325873 -0.28461132754196505 -0.19091373290102887 -0.1997229084655614 -0.19091373290102887 0.05093817805249978 0.5362436682440168 0.7861039206198477 0.6932071601211414 0.15905078725358024 -0.34307221992477155 -0.2597854691328281 -0.3494788930626136 -0.0027177094769252896 0.8077264424600639 1.1560892943302123 1.023150826719995 0.7252405258103507 0.7917097596154594 0.910233212665533 0.9246482272256769 1.070400041111578 1.6173697602548232 1.6710256477842482 0.7820997499086966 -0.04115774830397623 -0.055572762864120495 0.16385579210696166 0.6523646188673999 1.4307754051151802 1.8768400223374164 1.2842227570870488 0.5002061318436568 0.7764939109130848 1.0976284019474059 0.9975241341686276 0.7748922426286247 0.5242311561105635 0.1462374409778966 0.06695486089710423 0.5226294878261033 0.9518765880615048
0.011697305083218534 0.002087295376455689 0.12781825570660166 0.23993503561883323 0.30640426942394194 0.3168151132729351 0.4425460736030806 0.9302540662212886 1.1288609334943849 0.9062290419543815 0.3536534838155254 -0.0019168753346954226 -0.013929387468148757 -0.4696040143971474 0.19989332850732167 1.047976685129132 1.1793134844548891 0.9454699149236627 0.4425460736030806 0.6667796334275438 0.800518935179992 0.6932071601211414 0.7925105937576897 1.406750380848273 1.2145501867130188 0.055743182905881206 -0.11323282110469668 -0.10362281139793383 -0.009124382614767335 0.4937994587058152 1.1064375775119384 1.1336659383477659 0.6283395946004933 0.9382624076435908 1.3082477813539555 1.3651070054523013 1.023150826719995 0.9414657442125116 0.9118348809499932 0.5282353268217146 0.24474004047221465 0.712427179534667 0.4929986245635849
-0.4111431220143409 0.06855652918156485 0.3344334644019997 0.6203312531781906 0.706020506396825 0.3088067718506329 0.20389749921847278 0.8589798275627984 1.4443895855330942 1.2033385087217958 0.7116263453924367 0.4305335614696273 0.47938444414567094 0.1430341044089758 0.9390632417858211 1.4531987610976262 1.4996471413469794 0.8221414570202077 0.2823792451570353 0.42492772247401556 0.5674761997909958 0.5458536779507797 0.8565773251361075 1.4459912538175543 0.35525515209998604 -0.4696040143971474 -0.1436645185094454 0.06295069018595312 0.029315656212283603 0.21671084549415642 0.6851988186988391 0.5762853753555284 0.8806023494030146 1.222558528135321 1.2810194205181276 1.1528859577612915 0.8325523008692008 0.9686941050483395 0.9734991099017205 0.7028171698279042 0.4425460736030806 0.3808818446513529 -0.09961864068678272
-0.9797353629978018 0.16465662624919197 0.8605814958472586 1.0367650071379084 0.6323437653116444 0.008493968514297734 -0.18931206461656824 0.6123229117558884 1.409152883274964 1.4491945903864751 1.0239516608622248 0.892614861536468 1.1104417482230895 1.137670109058917 1.6558097990818736 1.8720350174840346 1.4499954245287054 0.6363479360227955 0.3768776739402018 0.3120101084195537 0.4978036294169663 0.6675804675697741 1.0599891972625852 1.366708673736762 -0.11643615767361748 -0.6722150523813948 -0.029145236170522892 0.18948248465832895 0.15744911896912006 0.4081102054871808 0.36886933251789955 0.5114178098348798 1.105636743369708 1.2537910596823 1.1104417482230895 0.8990215346743096 0.6131237458981187 0.915038217518914 0.9574824270571161 0.6579704578630117 0.3816826787935832 0.3120101084195537 0.16305495796473135
-0.8876394366413258 0.6259370921738023 1.0712008752538082 0.7428588769394153 0.06295069018595312 -0.40233394644980836 -0.058776099433041296 0.5226294878261033 0.9726982757594906 1.1953301672994936 1.2305668695576233 1.328268634909711 1.9160808953066977 1.9160808953066977 1.7631215741407238 1.5557055313030959 1.2401768792643861 0.9206440565145257 1.0543833582669735 0.8101289448867544 0.6475596140140185 0.5770862094977587 0.8125314473134453 1.1905251624461122 0.6964104966900622 0.061349021901492495 0.2343291966232215 0.47938444414567094 0.6667796334275438 0.7476638817927967 0.10299239729746423 0.7292446965215018 1.132865104205536 0.8253447935891289 0.5154219805460309 0.7700872377752432 0.6787921455609975 0.8133322814556756 0.7644813987796315 0.44094440531862 0.2871842500104167 0.5610695266531542 0.6835971504143785
