static/data/precipitation/2023/7/2/0.asc
ncols 137
nrows 93
xllcorner 108.0
yllcorner 17.0
cellsize 0.25
NODATA_value -32767
[rows 21 to 41 of 93, columns 47 to 93 of 137]
0.0 0.0 0.0 0.0 0.0 0.0011044827173782579 0.0016567240760691215 0.0016567240760691215 0.0016567240760691215 0.0038656895108256373 0.0038656895108256373 0.007179137662960411 0.008835861739029532 0.004970172228203895 0.006626896304273017 0.0077313790216512746 0.020432930271502975 0.040313619184318555 0.0469405154885881 0.04473155005383159 0.04473155005383159 0.04362706733645333 0.04970172228203548 0.033134481521358145 0.013806033967233428 0.007179137662960411 0.0044179308695130315 0.0022089654347565157 0.0011044827173782579 0.0011044827173782579 0.0011044827173782579 0.0011044827173782579 0.0011044827173782579 0.0016567240760691215 0.0022089654347565157 0.0033134481521347736 0.0033134481521347736 0.0033134481521347736 0.0027612067934473794 0.0016567240760691215 0.0011044827173782579 0.0011044827173782579 0.0011044827173782579 0.0016567240760691215 0.00994034445640779 0.024298619782328612 0.012149309891164306
0.0 0.0 0.0 0.0 0.0005522413586908637 0.0005522413586908637 0.0011044827173782579 0.0011044827173782579 0.0011044827173782579 0.0016567240760691215 0.0022089654347565157 0.0038656895108256373 0.0044179308695130315 0.0016567240760691215 0.0044179308695130315 0.004970172228203895 0.007179137662960411 0.0171194821193682 0.019328447554124717 0.02264189570625949 0.024850861141019476 0.02705982657577599 0.027612067934463386 0.018776206195437323 0.013253792608542564 0.011044827173786048 0.005522413586894759 0.0016567240760691215 0.0005522413586908637 0.0016567240760691215 0.0011044827173782579 0.0011044827173782579 0.0011044827173782579 0.0016567240760691215 0.0027612067934473794 0.0033134481521347736 0.0038656895108256373 0.0016567240760691215 0.0016567240760691215 0.0016567240760691215 0.0033134481521347736 0.0027612067934473794 0.0033134481521347736 0.0171194821193682 0.030373274727910765 0.0347912055974238 0.15738878722644511
0.0 0.0 0.0 0.0 0.0 0.0 0.0 0.0005522413586908637 0.0005522413586908637 0.0005522413586908637 0.0016567240760691215 0.0016567240760691215 0.0022089654347565157 0.0011044827173782579 0.0016567240760691215 0.0027612067934473794 0.0027612067934473794 0.004970172228203895 0.004970172228203895 0.007179137662960411 0.008835861739029532 0.012149309891164306 0.01546275804329908 0.016567240760677338 0.014910516684611685 0.011044827173786048 0.005522413586894759 0.0027612067934473794 0.0016567240760691215 0.004970172228203895 0.004970172228203895 0.005522413586894759 0.006626896304273017 0.008835861739029532 0.008283620380338669 0.0027612067934473794 0.0027612067934473794 0.0022089654347565157 0.0027612067934473794 0.004970172228203895 0.004970172228203895 0.0044179308695130315 0.0044179308695130315 0.023194137064950354 0.045836032771209845 0.09940344456407096 0.23801602559507876
0.023194137064950354 0.0 0.0 0.0 0.0 0.0 0.0 0.0 0.0 0.0 0.0011044827173782579 0.0016567240760691215 0.0016567240760691215 0.0011044827173782579 0.0011044827173782579 0.0022089654347565157 0.0022089654347565157 0.0016567240760691215 0.0016567240760691215 0.0022089654347565157 0.0022089654347565157 0.004970172228203895 0.006074654945582153 0.010492585815095185 0.011044827173786048 0.019328447554124717 0.014358275325920822 0.004970172228203895 0.0038656895108256373 0.005522413586894759 0.008283620380338669 0.008835861739029532 0.009388103097716927 0.01270155124985517 0.009388103097716927 0.013253792608542564 0.009388103097716927 0.011044827173786048 0.009388103097716927 0.010492585815095185 0.0347912055974238 0.03644792967349292 0.09332878961848881 0.15849326994382337 0.16567240760678378 0.103821375433584 0.1905232687477998
0.08891085874897231 0.040313619184318555 0.03147775744528902 0.009388103097716927 0.009388103097716927 0.0044179308695130315 0.004970172228203895 0.0044179308695130315 0.0011044827173782579 0.0011044827173782579 0.0044179308695130315 0.014358275325920822 0.013806033967233428 0.016567240760677338 0.016014999401989943 0.014358275325920822 0.009388103097716927 0.008835861739029532 0.005522413586894759 0.004970172228203895 0.0038656895108256373 0.0027612067934473794 0.0038656895108256373 0.0044179308695130315 0.004970172228203895 0.016567240760677338 0.01546275804329908 0.006626896304273017 0.004970172228203895 0.0044179308695130315 0.007179137662960411 0.009388103097716927 0.00994034445640779 0.011044827173786048 0.014358275325920822 0.019328447554124717 0.0298210333692199 0.03202999880397989 0.03092551608659816 0.021537412988881233 0.045836032771209845 0.07068689391222932 0.11652292668343917 0.19162775146517805 0.1678813730415403 0.10603034086834051 0.12259758162902132
0.41307653629957947 0.09940344456407096 0.11707516804212656 0.09001534146635404 0.04804499820596636 0.03976137782562769 0.3407329183112845 0.08559741059683754 0.08228396244470276 0.04528379141252245 0.040313619184318555 0.045836032771209845 0.0469405154885881 0.050253963640722876 0.04141810190169681 0.037552412390871176 0.029268792010532507 0.025955343858397734 0.02264189570625949 0.013806033967233428 0.012149309891164306 0.011044827173786048 0.03534344695611466 0.03534344695611466 0.013253792608542564 0.006074654945582153 0.0077313790216512746 0.012149309891164306 0.012149309891164306 0.006626896304273017 0.004970172228203895 0.007179137662960411 0.009388103097716927 0.008835861739029532 0.020432930271502975 0.025955343858397734 0.03700017103218031 0.045836032771209845 0.048597239564657224 0.03368672288004554 0.050253963640722876 0.08394068652077188 0.048597239564657224 0.14137378782445517 0.1336424088028039 0.09443327233586707 0.1435827532592117
1.2447520224856297 0.571017564884712 0.6731822162422303 0.773690143523676 0.710734628633098 0.3827032615716687 1.401588568353384 0.6312118729818427 0.24574740461673003 0.2220010261930888 0.09608999641193272 0.033134481521358145 0.04141810190169681 0.04970172228203548 0.04086586054300595 0.04528379141252245 0.0469405154885881 0.04252258461907507 0.035895688314802054 0.022089654347572096 0.022089654347572096 0.06240327353188718 0.0938810309771762 0.13971706374838605 0.07841827293387713 0.06185103217319979 0.00994034445640779 0.013806033967233428 0.022089654347572096 0.008283620380338669 0.0027612067934473794 0.0011044827173782579 0.0033134481521347736 0.009388103097716927 0.008835861739029532 0.011597068532473442 0.01546275804329908 0.025955343858397734 0.030373274727910765 0.07123913527091671 0.054119653151548514 0.06019430809713067 0.10823930630309703 0.3136730917355085 0.24795637005148655 0.1855530965195959 0.15241861499824122
3.4614488362643865 2.7540276557834233 3.1919550532240204 3.516672972133315 3.128447296974753 2.076979750030371 1.4358275325921204 1.9400238930754286 1.1806920248776733 0.05246292907548286 0.009388103097716927 0.005522413586894759 0.0016567240760691215 0.0027612067934473794 0.004970172228203895 0.009388103097716927 0.011597068532473442 0.008835861739029532 0.004970172228203895 0.004970172228203895 0.02264189570625949 0.06461223896664717 0.14192602918314604 0.24574740461673003 0.2717027484751243 0.13143344336804738 0.05080620499941374 0.051910687716792 0.054119653151548514 0.03810465374956204 0.004970172228203895 0.0027612067934473794 0.0022089654347565157 0.004970172228203895 0.004970172228203895 0.004970172228203895 0.006074654945582153 0.009388103097716927 0.01546275804329908 0.05632861858630503 0.1159706853247483 0.162358959454649 0.23580706016032224 0.15297085635692861 0.22918016385604922 0.1977024064107602 0.0690301698361602
5.418592211459183 4.227407600766413 4.258333116853013 3.735912791532958 3.075432126540583 2.561847662959554 1.827918897261506 1.003422548738416 0.37662860662608655 0.03534344695611466 0.05632861858630503 0.011044827173786048 0.0 0.0016567240760691215 0.0038656895108256373 0.0027612067934473794 0.0022089654347565157 0.0016567240760691215 0.0 0.0005522413586908637 0.0016567240760691215 0.010492585815095185 0.029268792010532507 0.07179137662960758 0.15407533907430687 0.12646327113984349 0.37552412390870826 0.5494801518958308 0.3622703313001657 0.07731379021649887 0.013806033967233428 0.0044179308695130315 0.0027612067934473794 0.0038656895108256373 0.0022089654347565157 0.0016567240760691215 0.0016567240760691215 0.0027612067934473794 0.006626896304273017 0.0298210333692199 0.24353843918197005 0.3998227436910369 0.18279188972615198 0.4075541227126882 0.23028464657342748 0.06682120440140368 0.05080620499941374
1.557872872862451 1.4258871881357125 1.621932870470407 2.13165164454061 2.0140242351397926 1.5263951154171618 0.7758991089584326 0.6256894593949514 0.4373751560819081 0.12922447793329087 0.008835861739029532 0.008835861739029532 0.0 0.0005522413586908637 0.0016567240760691215 0.0033134481521347736 0.0044179308695130315 0.0033134481521347736 0.0022089654347565157 0.0016567240760691215 0.0016567240760691215 0.0027612067934473794 0.011044827173786048 0.01988068891281558 0.05798534266237415 0.07179137662960758 0.08338844516208102 0.12756775385722174 0.12314982298770871 0.08062723836863364 0.026507585217085128 0.013806033967233428 0.0044179308695130315 0.0027612067934473794 0.004970172228203895 0.0027612067934473794 0.0005522413586908637 0.0011044827173782579 0.0022089654347565157 0.03644792967349292 0.23083688793211835 0.33686722880045883 0.08946310010766317 0.08559741059683754 0.31919550532240326 0.31919550532240326 0.1728515452697442
0.23525481880163138 0.26949378304036775 0.3578524004306527 0.7974365219473173 1.3309016744411581 1.4049020165055186 1.0691392704224416 0.42633032890812206 0.21703085396488492 0.04141810190169681 0.0 0.0 0.0 0.0005522413586908637 0.0005522413586908637 0.0011044827173782579 0.0016567240760691215 0.0016567240760691215 0.0016567240760691215 0.0016567240760691215 0.0011044827173782579 0.0016567240760691215 0.0033134481521347736 0.012149309891164306 0.019328447554124717 0.07013465255353846 0.1905232687477998 0.37165843439788265 0.3556434349958962 0.22918016385604922 0.53512187656991 0.442345328310112 0.033134481521358145 0.006074654945582153 0.004970172228203895 0.0038656895108256373 0.0016567240760691215 0.0005522413586908637 0.0011044827173782579 0.019328447554124717 0.08559741059683754 0.12701551249853435 0.14855292548741558 0.014910516684611685 0.11762740940081742 0.13143344336804738 0.06792568711878194
0.04914948092334462 0.15407533907430687 0.16622464896547118 0.30980740222468284 0.8250485898817806 1.7953366570988387 1.5556639074276943 0.6516448032533456 0.1209408575529522 0.0 0.0 0.0 0.0 0.0 0.0 0.0 0.0 0.0005522413586908637 0.0005522413586908637 0.0005522413586908637 0.0005522413586908637 0.0005522413586908637 0.0016567240760691215 0.0022089654347565157 0.006074654945582153 0.037552412390871176 0.19935913048682932 0.36944946896312614 0.4174944671690925 0.40258395048448425 0.5721220476020903 0.5632861858630642 0.28329981700759777 0.10989603037916615 0.02098517163019384 0.0298210333692199 0.03202999880397989 0.01270155124985517 0.008835861739029532 0.05080620499941374 0.11873189211819568 0.1551798217916886 0.0982989618466927 0.07013465255353846 0.027612067934463386 0.03644792967349292 0.03976137782562769
0.054119653151548514 0.1750605107045007 0.7598841095564461 0.8962877251526974 1.2083040928121367 2.0344571654112955 1.651753903839627 0.5428532555915577 0.010492585815095185 0.0 0.0 0.0 0.0 0.0 0.0 0.0 0.0 0.0005522413586908637 0.0005522413586908637 0.0005522413586908637 0.0 0.0 0.0 0.0011044827173782579 0.0016567240760691215 0.012149309891164306 0.15849326994382337 0.17229930391105333 0.21647861260619752 0.315882057170265 0.43350946657108247 0.4241213634733655 0.4296437770602568 0.17671723478056983 0.14744844277003732 0.16732913168284944 0.16898585575891856 0.23580706016032224 0.16843361440023116 0.16622464896547118 0.35950912450671835 0.41638998445171427 0.2369115428777005 0.08449292787945928 0.04914948092334462 0.03644792967349292 0.040313619184318555
0.0298210333692199 0.12370206434639958 0.8449292787945928 1.3010806410719347 1.6130970087313776 1.4402454634616333 1.0542287537378299 0.10050792728144922 0.010492585815095185 0.0 0.0 0.0 0.0 0.0 0.0 0.0 0.0 0.0005522413586908637 0.0005522413586908637 0.0005522413586908637 0.0005522413586908637 0.0 0.0 0.0 0.0 0.007179137662960411 0.008835861739029532 0.022089654347572096 0.033134481521358145 0.13143344336804738 0.2612101626600291 0.5019873950485518 0.5157934290157852 0.2882699892358016 0.27059826575774604 0.28771774787711424 0.21703085396488492 0.29489688554007465 0.2982103336922094 0.3876734337998726 0.5815101506998072 0.5102710154288904 0.26231464537740734 0.06461223896664717 0.055776377227617635 0.04362706733645333 0.025955343858397734
0.02374637842363775 0.09332878961848881 0.19383671689993803 0.7582273854803769 0.8471382442293494 0.33134481521356757 0.19825464776945106 0.08891085874897231 0.0 0.0 0.0 0.0 0.0 0.0 0.0 0.0 0.0 0.0 0.0 0.0 0.0011044827173782579 0.0005522413586908637 0.0 0.0 0.0005522413586908637 0.0005522413586908637 0.0005522413586908637 0.0 0.0033134481521347736 0.020432930271502975 0.050253963640722876 0.2993148164095877 0.5378830833633573 0.39264360602807646 0.26894154168167694 0.19991137184552019 0.1281199952159126 0.12646327113984349 0.3236134361919163 0.5290472216243278 0.6533015273294147 0.5240770493961239 0.23359809472556572 0.15462758043299774 0.15186637363955036 0.040313619184318555 0.012149309891164306
0.0016567240760691215 0.04473155005383159 0.010492585815095185 0.004970172228203895 0.0 0.0 0.0 0.0 0.0 0.0 0.0 0.0 0.0 0.0 0.0 0.0 0.0 0.0 0.0 0.0 0.0011044827173782579 0.0005522413586908637 0.0 0.0 0.0011044827173782579 0.0011044827173782579 0.0011044827173782579 0.0005522413586908637 0.0 0.0016567240760691215 0.0033134481521347736 0.1330901674441165 0.37773308934346483 0.24629964597541742 0.15849326994382337 0.0988512032053801 0.09553775505324533 0.15407533907430687 0.3462553318981758 0.5516891173305872 0.7112868699917889 0.7709289367302321 0.6880927329268385 0.46719618945112795 0.2567922317905126 0.11928413347688308 0.01988068891281558
0.0 0.0 0.0 0.0 0.0 0.0 0.0 0.0 0.0 0.0 0.0 0.0 0.0 0.0 0.0 0.0 0.0 0.0 0.0 0.0 0.0 0.0005522413586908637 0.0011044827173782579 0.0011044827173782579 0.0011044827173782579 0.0011044827173782579 0.0011044827173782579 0.0011044827173782579 0.0011044827173782579 0.0011044827173782579 0.0011044827173782579 0.0022089654347565157 0.011597068532473442 0.04473155005383159 0.2026725786389641 0.24077723238852614 0.23580706016032224 0.25292654227969047 0.30207602320303506 0.7455258342305253 0.8670189331421649 0.8035111768928994 0.8294665207512937 0.5323606697764626 0.1949411996173163 0.023194137064950354 0.0171194821193682
0.0 0.0 0.0 0.0 0.0 0.0 0.0 0.0 0.0 0.0 0.0 0.0 0.0 0.0 0.0 0.0 0.0 0.0 0.0 0.0 0.0 0.0 0.0 0.0 0.0011044827173782579 0.0005522413586908637 0.0 0.0 0.0 0.0 0.0 0.0 0.0027612067934473794 0.014358275325920822 0.3650315380936131 0.2021203372802767 0.07620930749912061 0.24850861141017394 0.46995739624457533 0.4859723956465653 0.685883767492082 0.8824816911854639 0.7775558330345017 0.38491222700642524 0.3451508491807975 0.24298619782328265 0.007179137662960411
0.0 0.0 0.0 0.0 0.0 0.0 0.0 0.0 0.0 0.0 0.0 0.0 0.0 0.0 0.0 0.0 0.0 0.0 0.0 0.0 0.0 0.0 0.0 0.0 0.0005522413586908637 0.0005522413586908637 0.0 0.0005522413586908637 0.0005522413586908637 0.0 0.0 0.0 0.0 0.01270155124985517 0.0811794797273245 0.010492585815095185 0.013806033967233428 0.2567922317905126 0.35840464178934006 0.5362263592872882 0.9034668628156578 0.7571229027629988 0.8736458294464344 0.8642577263487174 0.744421351513147 0.38159877885429044 0.47768877526622316
0.0 0.0 0.0 0.0 0.0 0.0 0.0 0.0 0.0 0.0 0.0 0.0 0.0 0.0 0.0 0.0 0.0 0.0 0.0 0.0 0.0 0.0 0.0 0.0 0.0 0.0005522413586908637 0.0005522413586908637 0.0011044827173782579 0.0011044827173782579 0.0011044827173782579 0.0011044827173782579 0.0005522413586908637 0.0011044827173782579 0.004970172228203895 0.008835861739029532 0.045836032771209845 0.14744844277003732 0.11983637483557394 0.2987625750509003 0.5726742889607811 1.023855479009919 1.4628873591678928 1.8378592417179138 1.7958888984575296 1.6732913168285082 1.647335972970114 1.1574978878127231
0.0 0.0 0.0 0.0 0.0 0.0 0.0 0.0 0.0 0.0 0.0 0.0 0.0 0.0 0.0 0.0 0.0 0.0 0.0 0.0 0.0 0.0 0.0 0.0 0.0 0.0 0.0005522413586908637 0.0011044827173782579 0.0011044827173782579 0.0016567240760691215 0.0016567240760691215 0.0016567240760691215 0.0011044827173782579 0.0038656895108256373 0.0038656895108256373 0.04141810190169681 0.07123913527091671 0.04197034326038421 0.21150844037799363 0.3639270553762348 0.7195704903721276 0.8857951393375987 1.6948287298173894 1.8997102738911136 2.154845781605557 2.0350094067699867 1.4043497751468312
