static/data/precipitation/2023/7/2/12.asc
ncols 137
nrows 93
xllcorner 108.0
yllcorner 17.0
cellsize 0.25
NODATA_value -32767
[rows 52 to 77 of 93, columns 59 to 117 of 137]
0.0 0.0 0.0 0.0 0.0016567240760691215 0.0044179308695130315 0.0077313790216512746 0.0016567240760691215 0.0 0.0 0.0 0.0 0.0 0.0 0.0 0.0 0.0 0.0 0.0 0.0 0.0 0.0 0.0 0.0 0.0 0.0 0.0 0.0 0.0 0.0 0.0 0.0 0.0 0.0 0.0 0.0011044827173782579 0.0016567240760691215 0.01546275804329908 0.0016567240760691215 0.0 0.0038656895108256373 0.005522413586894759 0.004970172228203895 0.0005522413586908637 0.0 0.0 0.0 0.0 0.0 0.0 0.0 0.0 0.0 0.0 0.0 0.0 0.0 0.0 0.0
0.0 0.0 0.0 0.0005522413586908637 0.0022089654347565157 0.0027612067934473794 0.004970172228203895 0.0005522413586908637 0.0 0.0 0.0 0.0 0.0 0.0 0.0 0.0 0.0 0.0 0.0 0.0027612067934473794 0.006626896304273017 0.006626896304273017 0.0 0.0 0.0 0.0005522413586908637 0.0 0.0 0.0 0.0 0.0 0.0 0.0005522413586908637 0.0005522413586908637 0.0022089654347565157 0.0033134481521347736 0.01270155124985517 0.043074825977762465 0.00994034445640779 0.017671723478055595 0.021537412988881233 0.011044827173786048 0.014910516684611685 0.0011044827173782579 0.0 0.0 0.0 0.0 0.0 0.0 0.0 0.0 0.0 0.0 0.0 0.0 0.0 0.0 0.0
0.0 0.0 0.0 0.0011044827173782579 0.006626896304273017 0.009388103097716927 0.0011044827173782579 0.0 0.0 0.0 0.0 0.0 0.0 0.0 0.0 0.0 0.0005522413586908637 0.0005522413586908637 0.004970172228203895 0.01270155124985517 0.021537412988881233 0.012149309891164306 0.0038656895108256373 0.0005522413586908637 0.0011044827173782579 0.008835861739029532 0.0005522413586908637 0.0 0.0 0.0 0.0 0.0 0.0011044827173782579 0.0038656895108256373 0.006074654945582153 0.009388103097716927 0.019328447554124717 0.061298790814508924 0.03258224016266728 0.05743310130368676 0.05798534266237415 0.0469405154885881 0.013806033967233428 0.0011044827173782579 0.0 0.0 0.0 0.0 0.0 0.0 0.0 0.0 0.0 0.0 0.0 0.0 0.0 0.0 0.0
0.0 0.0 0.0011044827173782579 0.0016567240760691215 0.0027612067934473794 0.0016567240760691215 0.0 0.0 0.0 0.0 0.0 0.0 0.0 0.0 0.0 0.0005522413586908637 0.0016567240760691215 0.01546275804329908 0.03368672288004554 0.025955343858397734 0.018776206195437323 0.013253792608542564 0.011044827173786048 0.009388103097716927 0.0171194821193682 0.048597239564657224 0.01546275804329908 0.0005522413586908637 0.0005522413586908637 0.0 0.0 0.0 0.0011044827173782579 0.004970172228203895 0.011044827173786048 0.016567240760677338 0.02374637842363775 0.07289585934698584 0.09443327233586707 0.10768706494440963 0.09222430690111055 0.04417930869514072 0.0027612067934473794 0.0 0.0 0.0 0.0 0.0 0.0 0.0 0.0 0.0 0.0 0.0 0.0 0.0 0.0 0.0 0.0
0.0 0.0 0.0011044827173782579 0.0011044827173782579 0.0005522413586908637 0.0 0.0 0.0 0.0 0.0 0.0 0.0 0.0 0.0 0.0011044827173782579 0.004970172228203895 0.03092551608659816 0.06461223896664717 0.07289585934698584 0.033134481521358145 0.06792568711878194 0.10989603037916615 0.10216465135751487 0.08228396244470276 0.09940344456407096 0.12370206434639958 0.0640599976079563 0.018776206195437323 0.0077313790216512746 0.008283620380338669 0.0 0.0011044827173782579 0.0016567240760691215 0.0038656895108256373 0.007179137662960411 0.010492585815095185 0.014910516684611685 0.03258224016266728 0.07841827293387713 0.22862792249736183 0.23801602559507876 0.12204534027033045 0.008283620380338669 0.0 0.0 0.0 0.0 0.0 0.0 0.0 0.0 0.0 0.0 0.0 0.0 0.0 0.0 0.0 0.0
0.0011044827173782579 0.0011044827173782579 0.0 0.0 0.0 0.0 0.0 0.0 0.0 0.0 0.0 0.0 0.0 0.0016567240760691215 0.006074654945582153 0.00994034445640779 0.04417930869514072 0.07897051429256799 0.08449292787945928 0.09608999641193272 0.16125447673727075 0.15628430450906686 0.15131413228086296 0.11983637483557394 0.07620930749912061 0.12480654706377783 0.1452394773352808 0.09995568592275836 0.04804499820596636 0.018776206195437323 0.0038656895108256373 0.006626896304273017 0.0044179308695130315 0.004970172228203895 0.006626896304273017 0.01988068891281558 0.04528379141252245 0.05908982537975241 0.11155275445523527 0.17616499342187897 0.24795637005148655 0.21206068173668102 0.07013465255353846 0.0011044827173782579 0.0 0.0 0.0 0.0 0.0 0.0 0.0 0.0 0.0 0.0 0.0 0.0 0.0 0.0 0.0
0.005522413586894759 0.0011044827173782579 0.0011044827173782579 0.0 0.0 0.0 0.0 0.0 0.0 0.0 0.0011044827173782579 0.0016567240760691215 0.0044179308695130315 0.00994034445640779 0.025955343858397734 0.01822396483674646 0.03258224016266728 0.04417930869514072 0.06626896304271282 0.291031196029249 0.12922447793329087 0.12701551249853435 0.1259110297811561 0.10271689271620574 0.07344810070567323 0.09277654825979795 0.10216465135751487 0.07731379021649887 0.03534344695611466 0.01546275804329908 0.005522413586894759 0.0077313790216512746 0.004970172228203895 0.010492585815095185 0.019328447554124717 0.033134481521358145 0.05080620499941374 0.07565706614042975 0.13253792608542564 0.23525481880163138 0.24077723238852614 0.162358959454649 0.11265723717261353 0.020432930271502975 0.0011044827173782579 0.0005522413586908637 0.0 0.0 0.0 0.0 0.0 0.0 0.0 0.0 0.0 0.0 0.0 0.0 0.0
0.016014999401989943 0.007179137662960411 0.0005522413586908637 0.0 0.0 0.0 0.0 0.0 0.0016567240760691215 0.0005522413586908637 0.0016567240760691215 0.02264189570625949 0.04141810190169681 0.016567240760677338 0.15241861499824122 0.10050792728144922 0.05522413586892677 0.07013465255353846 0.07289585934698584 0.17726947613925723 0.11431396124867918 0.1402693051070769 0.13088120200936 0.11707516804212656 0.10879154766178789 0.06626896304271282 0.05080620499941374 0.029268792010532507 0.01988068891281558 0.004970172228203895 0.0027612067934473794 0.0033134481521347736 0.0027612067934473794 0.012149309891164306 0.021537412988881233 0.0640599976079563 0.11155275445523527 0.06737344576009108 0.08891085874897231 0.16014999401988902 0.18444861380221764 0.13585137423756388 0.08891085874897231 0.030373274727910765 0.006626896304273017 0.0005522413586908637 0.0 0.0 0.0 0.0 0.0 0.0 0.0 0.0 0.0 0.0 0.0 0.0 0.0
0.016014999401989943 0.01270155124985517 0.0022089654347565157 0.0 0.0 0.0 0.0 0.0011044827173782579 0.0016567240760691215 0.0016567240760691215 0.004970172228203895 0.025955343858397734 0.06185103217319979 0.021537412988881233 0.12425430570508697 0.0867018933142158 0.04086586054300595 0.043074825977762465 0.045836032771209845 0.06295551489057805 0.07234361798829497 0.09001534146635404 0.07234361798829497 0.05908982537975241 0.05908982537975241 0.027612067934463386 0.01546275804329908 0.011044827173786048 0.0016567240760691215 0.0022089654347565157 0.0016567240760691215 0.0011044827173782579 0.0016567240760691215 0.008283620380338669 0.016014999401989943 0.058537584021065014 0.08283620380339016 0.04914948092334462 0.05632861858630503 0.043074825977762465 0.0690301698361602 0.11873189211819568 0.09277654825979795 0.0298210333692199 0.008283620380338669 0.0016567240760691215 0.0 0.0 0.0 0.0 0.0 0.0 0.0 0.0 0.0 0.0 0.0 0.0 0.0
0.011597068532473442 0.010492585815095185 0.0022089654347565157 0.0 0.0 0.0 0.0011044827173782579 0.0033134481521347736 0.0016567240760691215 0.0016567240760691215 0.004970172228203895 0.012149309891164306 0.04528379141252245 0.019328447554124717 0.04197034326038421 0.019328447554124717 0.0171194821193682 0.019328447554124717 0.012149309891164306 0.03147775744528902 0.03202999880397989 0.027612067934463386 0.00994034445640779 0.005522413586894759 0.0033134481521347736 0.0022089654347565157 0.0016567240760691215 0.0011044827173782579 0.0011044827173782579 0.0016567240760691215 0.0011044827173782579 0.0005522413586908637 0.0011044827173782579 0.0033134481521347736 0.011597068532473442 0.014358275325920822 0.02540310249970687 0.035895688314802054 0.04141810190169681 0.02374637842363775 0.04473155005383159 0.09498551369455446 0.08449292787945928 0.02374637842363775 0.012149309891164306 0.0016567240760691215 0.0 0.0 0.0 0.0 0.0 0.0 0.0 0.0 0.0 0.0 0.0 0.0 0.0
0.00994034445640779 0.0022089654347565157 0.0 0.0 0.0 0.0 0.0011044827173782579 0.0044179308695130315 0.0016567240760691215 0.0005522413586908637 0.0011044827173782579 0.007179137662960411 0.020432930271502975 0.01546275804329908 0.035895688314802054 0.018776206195437323 0.017671723478055595 0.030373274727910765 0.016567240760677338 0.022089654347572096 0.008835861739029532 0.006074654945582153 0.004970172228203895 0.0022089654347565157 0.0027612067934473794 0.0022089654347565157 0.0022089654347565157 0.0022089654347565157 0.0022089654347565157 0.0016567240760691215 0.0016567240760691215 0.0 0.0005522413586908637 0.0038656895108256373 0.004970172228203895 0.007179137662960411 0.009388103097716927 0.02264189570625949 0.030373274727910765 0.03644792967349292 0.05467189451023938 0.058537584021065014 0.028716550651841644 0.025955343858397734 0.030373274727910765 0.014358275325920822 0.0 0.0 0.0 0.0 0.0 0.0 0.0 0.0 0.0 0.0 0.0 0.0 0.0
0.009388103097716927 0.0 0.0 0.0 0.0027612067934473794 0.0038656895108256373 0.0 0.0022089654347565157 0.0 0.0 0.0 0.012149309891164306 0.0298210333692199 0.019328447554124717 0.04528379141252245 0.026507585217085128 0.025955343858397734 0.040313619184318555 0.0347912055974238 0.033134481521358145 0.004970172228203895 0.0016567240760691215 0.0016567240760691215 0.0027612067934473794 0.0033134481521347736 0.0022089654347565157 0.0044179308695130315 0.0038656895108256373 0.0022089654347565157 0.0016567240760691215 0.0011044827173782579 0.0 0.0 0.0033134481521347736 0.004970172228203895 0.004970172228203895 0.004970172228203895 0.008283620380338669 0.006626896304273017 0.009388103097716927 0.007179137662960411 0.004970172228203895 0.00994034445640779 0.03368672288004554 0.040313619184318555 0.014910516684611685 0.0 0.0 0.0 0.0 0.0 0.0 0.0 0.0 0.0 0.0 0.0 0.0 0.0
0.004970172228203895 0.0 0.0 0.0 0.0033134481521347736 0.0044179308695130315 0.0 0.0 0.0 0.0 0.0044179308695130315 0.01988068891281558 0.0392091364669403 0.019328447554124717 0.07179137662960758 0.053015170434170256 0.04914948092334462 0.051910687716792 0.03368672288004554 0.02098517163019384 0.009388103097716927 0.0027612067934473794 0.0016567240760691215 0.0027612067934473794 0.004970172228203895 0.0011044827173782579 0.004970172228203895 0.0038656895108256373 0.0016567240760691215 0.0011044827173782579 0.0011044827173782579 0.0016567240760691215 0.0005522413586908637 0.0016567240760691215 0.0022089654347565157 0.0033134481521347736 0.007179137662960411 0.01270155124985517 0.007179137662960411 0.0016567240760691215 0.0 0.0022089654347565157 0.006074654945582153 0.01822396483674646 0.05743310130368676 0.02098517163019384 0.0 0.0 0.0 0.0 0.0 0.0 0.0 0.0 0.0 0.0 0.0 0.0 0.0
0.0 0.0 0.0 0.0 0.01270155124985517 0.0171194821193682 0.0 0.0 0.0 0.0005522413586908637 0.0005522413586908637 0.017671723478055595 0.047492756847278966 0.01988068891281558 0.061298790814508924 0.0392091364669403 0.0469405154885881 0.05356741179286112 0.020432930271502975 0.011597068532473442 0.0044179308695130315 0.0016567240760691215 0.0027612067934473794 0.0033134481521347736 0.0011044827173782579 0.0 0.0 0.0016567240760691215 0.0033134481521347736 0.0027612067934473794 0.0016567240760691215 0.0038656895108256373 0.0016567240760691215 0.0005522413586908637 0.0011044827173782579 0.0027612067934473794 0.006626896304273017 0.0171194821193682 0.008835861739029532 0.0022089654347565157 0.0005522413586908637 0.006626896304273017 0.01822396483674646 0.0171194821193682 0.04914948092334462 0.038656895108249434 0.014910516684611685 0.0 0.0 0.0 0.0 0.0 0.0 0.0 0.0 0.0 0.0 0.0 0.0
0.0 0.0 0.0 0.0 0.028716550651841644 0.03810465374956204 0.0 0.0 0.0 0.0044179308695130315 0.0033134481521347736 0.006074654945582153 0.018776206195437323 0.0044179308695130315 0.01988068891281558 0.013806033967233428 0.01546275804329908 0.018776206195437323 0.012149309891164306 0.005522413586894759 0.0011044827173782579 0.0005522413586908637 0.0005522413586908637 0.0005522413586908637 0.0 0.0 0.0 0.0005522413586908637 0.0005522413586908637 0.0 0.0005522413586908637 0.0027612067934473794 0.0016567240760691215 0.0011044827173782579 0.0016567240760691215 0.0027612067934473794 0.004970172228203895 0.011597068532473442 0.13695585695494214 0.054119653151548514 0.0 0.008835861739029532 0.03700017103218031 0.06792568711878194 0.06350775624926544 0.06240327353188718 0.03202999880397989 0.0 0.0 0.0 0.0 0.0 0.0 0.0 0.0 0.0 0.0 0.0016567240760691215 0.012149309891164306
0.0 0.0 0.0022089654347565157 0.0044179308695130315 0.03092551608659816 0.03700017103218031 0.0 0.0 0.0 0.0016567240760691215 0.0016567240760691215 0.0044179308695130315 0.0044179308695130315 0.0005522413586908637 0.006074654945582153 0.004970172228203895 0.004970172228203895 0.004970172228203895 0.0016567240760691215 0.0016567240760691215 0.0011044827173782579 0.0 0.0 0.0 0.0 0.0 0.0 0.0 0.0 0.0 0.0005522413586908637 0.0005522413586908637 0.0005522413586908637 0.0 0.0 0.0011044827173782579 0.00994034445640779 0.04197034326038421 0.045836032771209845 0.037552412390871176 0.0011044827173782579 0.009388103097716927 0.0342389642387364 0.03644792967349292 0.06295551489057805 0.054119653151548514 0.026507585217085128 0.0 0.0 0.0 0.0 0.0 0.0 0.0 0.0 0.0 0.0011044827173782579 0.007179137662960411 0.0077313790216512746
0.0 0.006626896304273017 0.006074654945582153 0.04362706733645333 0.02816430929315425 0.00994034445640779 0.0016567240760691215 0.0 0.0 0.0 0.0 0.0 0.0 0.0 0.0005522413586908637 0.0 0.0 0.0 0.0 0.0005522413586908637 0.0 0.0 0.0 0.0 0.0 0.0 0.0 0.0 0.0 0.0 0.0 0.0 0.0 0.0 0.0 0.0005522413586908637 0.009388103097716927 0.01822396483674646 0.008835861739029532 0.01822396483674646 0.08946310010766317 0.11486620260737004 0.018776206195437323 0.028716550651841644 0.03202999880397989 0.043074825977762465 0.017671723478055595 0.0005522413586908637 0.0 0.0 0.0 0.0 0.0 0.0 0.0 0.0 0.0016567240760691215 0.0022089654347565157 0.004970172228203895
0.007179137662960411 0.0392091364669403 0.15738878722644511 0.3733151584739518 0.05964206673844327 0.0298210333692199 0.01546275804329908 0.0 0.0 0.0 0.0 0.0 0.0 0.0 0.0 0.0 0.0 0.0 0.0 0.0 0.0 0.0 0.0 0.0 0.0 0.0 0.0 0.0 0.0 0.0 0.0 0.0 0.0 0.0 0.0 0.0 0.0016567240760691215 0.0016567240760691215 0.004970172228203895 0.04417930869514072 0.11320947853130092 0.2915834373879399 0.12038861619426133 0.07510482478174235 0.033134481521358145 0.02540310249970687 0.0077313790216512746 0.0005522413586908637 0.0 0.0 0.0 0.0 0.0 0.0 0.0 0.0 0.0011044827173782579 0.0016567240760691215 0.0033134481521347736
0.0740003420643641 0.16346344217202727 0.9316311721088086 0.5632861858630642 0.2739117139098808 0.0342389642387364 0.033134481521358145 0.0022089654347565157 0.0016567240760691215 0.0027612067934473794 0.0 0.0 0.0005522413586908637 0.0005522413586908637 0.0 0.0 0.0 0.0 0.0 0.0 0.0 0.0 0.0 0.0 0.0 0.0 0.0 0.0 0.0 0.0 0.0 0.0 0.0 0.0005522413586908637 0.0005522413586908637 0.0005522413586908637 0.0016567240760691215 0.0022089654347565157 0.01988068891281558 0.061298790814508924 0.15297085635692861 0.2496130941275522 0.162358959454649 0.1435827532592117 0.07510482478174235 0.016567240760677338 0.008835861739029532 0.0016567240760691215 0.0 0.0 0.0 0.0 0.0 0.0 0.0 0.0005522413586908637 0.0005522413586908637 0.0011044827173782579 0.004970172228203895
0.0740003420643641 0.291031196029249 1.5092756332977935 0.821182900370955 0.9377058270543908 0.6660030785792664 0.04914948092334462 0.01988068891281558 0.018776206195437323 0.038656895108249434 0.0298210333692199 0.0 0.0005522413586908637 0.0016567240760691215 0.0016567240760691215 0.0011044827173782579 0.0 0.0 0.0 0.0 0.0 0.0 0.0 0.0033134481521347736 0.0027612067934473794 0.0044179308695130315 0.004970172228203895 0.0016567240760691215 0.0016567240760691215 0.0016567240760691215 0.0005522413586908637 0.0005522413586908637 0.0 0.0005522413586908637 0.0011044827173782579 0.0016567240760691215 0.0033134481521347736 0.03644792967349292 0.05467189451023938 0.05080620499941374 0.162358959454649 0.09277654825979795 0.13474689152018215 0.12480654706377783 0.0867018933142158 0.01546275804329908 0.025955343858397734 0.0016567240760691215 0.0 0.0 0.0 0.0 0.0 0.0 0.0005522413586908637 0.0016567240760691215 0.0011044827173782579 0.0016567240760691215 0.0016567240760691215
0.0038656895108256373 0.12425430570508697 0.8084813491210998 1.5302608049279873 1.6793659717740903 1.2132742650403407 0.4649872240163715 0.07841827293387713 0.07179137662960758 0.12922447793329087 0.03092551608659816 0.0016567240760691215 0.0 0.0016567240760691215 0.004970172228203895 0.0033134481521347736 0.0016567240760691215 0.0005522413586908637 0.0005522413586908637 0.0 0.0 0.0 0.0005522413586908637 0.006074654945582153 0.011044827173786048 0.01270155124985517 0.014358275325920822 0.0077313790216512746 0.007179137662960411 0.0044179308695130315 0.0022089654347565157 0.0027612067934473794 0.0027612067934473794 0.0005522413586908637 0.0011044827173782579 0.0033134481521347736 0.03368672288004554 0.07731379021649887 0.08228396244470276 0.026507585217085128 0.06461223896664717 0.06571672168402543 0.10658258222703137 0.10603034086834051 0.07841827293387713 0.021537412988881233 0.04417930869514072 0.0022089654347565157 0.0005522413586908637 0.0005522413586908637 0.0 0.0 0.0 0.0 0.0016567240760691215 0.004970172228203895 0.004970172228203895 0.0016567240760691215 0.0016567240760691215
0.0033134481521347736 0.040313619184318555 0.5367786006459756 1.4275439122117817 1.8003068293270426 1.439693222102946 0.8084813491210998 0.3053894713551698 0.16346344217202727 0.27777740342070645 0.08449292787945928 0.0027612067934473794 0.0 0.0016567240760691215 0.004970172228203895 0.010492585815095185 0.009388103097716927 0.0077313790216512746 0.0033134481521347736 0.0016567240760691215 0.0016567240760691215 0.0016567240760691215 0.0027612067934473794 0.008835861739029532 0.01546275804329908 0.022089654347572096 0.024850861141019476 0.01822396483674646 0.010492585815095185 0.008835861739029532 0.011044827173786048 0.011044827173786048 0.006626896304273017 0.0022089654347565157 0.007179137662960411 0.008835861739029532 0.03202999880397989 0.07510482478174235 0.09277654825979795 0.053015170434170256 0.025955343858397734 0.17616499342187897 0.09167206554241969 0.11265723717261353 0.09940344456407096 0.038656895108249434 0.019328447554124717 0.0038656895108256373 0.0016567240760691215 0.004970172228203895 0.0044179308695130315 0.0 0.0 0.0 0.0 0.011044827173786048 0.011597068532473442 0.006074654945582153 0.004970172228203895
0.005522413586894759 0.03976137782562769 0.16567240760678378 1.2232146094967484 1.0028703073797254 0.6251372180362604 0.3556434349958962 0.12038861619426133 0.2126129230953719 0.24740412869279568 0.08891085874897231 0.011044827173786048 0.0 0.0027612067934473794 0.0171194821193682 0.06185103217319979 0.054119653151548514 0.03368672288004554 0.022089654347572096 0.0171194821193682 0.012149309891164306 0.013253792608542564 0.011044827173786048 0.01270155124985517 0.02264189570625949 0.028716550651841644 0.02705982657577599 0.029268792010532507 0.022089654347572096 0.0298210333692199 0.03202999880397989 0.02816430929315425 0.019328447554124717 0.017671723478055595 0.07565706614042975 0.06626896304271282 0.027612067934463386 0.051358446358104604 0.07123913527091671 0.038656895108249434 0.09222430690111055 0.1551798217916886 0.27280723119250255 0.23912050831245701 0.12756775385722174 0.0640599976079563 0.09332878961848881 0.008835861739029532 0.0038656895108256373 0.008835861739029532 0.006074654945582153 0.0005522413586908637 0.0016567240760691215 0.0 0.0 0.007179137662960411 0.008835861739029532 0.005522413586894759 0.0027612067934473794
0.07565706614042975 0.2634191280947856 1.8588444133481041 1.7119482119367577 1.489394944384978 0.8642577263487174 0.47050963760326275 0.46830067216850624 0.14634396005265907 0.16567240760678378 0.07952275565125538 0.014910516684611685 0.0 0.0022089654347565157 0.011597068532473442 0.055776377227617635 0.06682120440140368 0.06461223896664717 0.051910687716792 0.04528379141252245 0.051910687716792 0.08228396244470276 0.05356741179286112 0.04362706733645333 0.047492756847278966 0.05080620499941374 0.04970172228203548 0.08283620380339016 0.06516448032533456 0.05688085994499589 0.051910687716792 0.04804499820596636 0.04362706733645333 0.0298210333692199 0.022089654347572096 0.15131413228086296 0.08891085874897231 0.1209408575529522 0.13088120200936 0.019328447554124717 0.028716550651841644 0.09167206554241969 0.14468723597658995 0.15849326994382337 0.11376171988999179 0.08283620380339016 0.07897051429256799 0.01546275804329908 0.0033134481521347736 0.006626896304273017 0.024298619782328612 0.03202999880397989 0.018776206195437323 0.030373274727910765 0.006074654945582153 0.004970172228203895 0.004970172228203895 0.0044179308695130315 0.007179137662960411
0.2982103336922094 1.708082522425932 3.649210898218741 2.9163866152380704 2.2680552601368613 1.4407977048203242 0.4412408455927337 0.11817965075950482 0.10437361679227486 0.04362706733645333 0.013253792608542564 0.008283620380338669 0.0 0.0 0.006074654945582153 0.04362706733645333 0.03258224016266728 0.024298619782328612 0.01822396483674646 0.020432930271502975 0.050253963640722876 0.0811794797273245 0.07234361798829497 0.0811794797273245 0.08338844516208102 0.08835861739028492 0.0982989618466927 0.11320947853130092 0.07179137662960758 0.0695824111948476 0.06847792847746934 0.06516448032533456 0.051910687716792 0.025955343858397734 0.023194137064950354 0.02264189570625949 0.022089654347572096 0.0298210333692199 0.02264189570625949 0.011044827173786048 0.01270155124985517 0.0298210333692199 0.11541844396605744 0.10768706494440963 0.10768706494440963 0.1259110297811561 0.11817965075950482 0.06792568711878194 0.033134481521358145 0.03202999880397989 0.03644792967349292 0.022089654347572096 0.0171194821193682 0.02540310249970687 0.03202999880397989 0.02540310249970687 0.016567240760677338 0.013806033967233428 0.016567240760677338
1.7290676940561258 3.109671090779318 4.3577365614170835 3.2195671211584838 3.027387128334615 2.758445586652938 1.1199454754218519 0.2744639552685717 0.061298790814508924 0.005522413586894759 0.0011044827173782579 0.0 0.0038656895108256373 0.0 0.0005522413586908637 0.021537412988881233 0.012149309891164306 0.0011044827173782579 0.0033134481521347736 0.0044179308695130315 0.027612067934463386 0.0690301698361602 0.10658258222703137 0.1380603396723204 0.10437361679227486 0.1209408575529522 0.11707516804212656 0.12922447793329087 0.11210499581392266 0.08725413467290666 0.08338844516208102 0.05743310130368676 0.04086586054300595 0.01546275804329908 0.018776206195437323 0.016567240760677338 0.012149309891164306 0.016014999401989943 0.010492585815095185 0.008283620380338669 0.025955343858397734 0.01270155124985517 0.02264189570625949 0.051358446358104604 0.0938810309771762 0.13585137423756388 0.11320947853130092 0.061298790814508924 0.0342389642387364 0.033134481521358145 0.025955343858397734 0.0347912055974238 0.024298619782328612 0.02264189570625949 0.028716550651841644 0.029268792010532507 0.020432930271502975 0.037552412390871176 0.05522413586892677
