static/data/precipitation/2023/7/2/18.asc
ncols 137
nrows 93
xllcorner 108.0
yllcorner 17.0
cellsize 0.25
NODATA_value -32767
[rows 48 to 71 of 93, columns 54 to 107 of 137]
0.0 0.0 0.0 0.0 0.0 0.0 0.0 0.0 0.0 0.0 0.0 0.0 0.0 0.0 0.0 0.0 0.0 0.0 0.0 0.0 0.0 0.0 0.0 0.0 0.0 0.0011044827173782579 0.0011044827173782579 0.0 0.0 0.0 0.0 0.0 0.0 0.0 0.0 0.0011044827173782579 0.0038656895108256373 0.011597068532473442 0.022089654347572096 0.033134481521358145 0.04970172228203548 0.05246292907548286 0.05246292907548286 0.05798534266237415 0.04970172228203548 0.05522413586892677 0.0640599976079563 0.06461223896664717 0.05798534266237415 0.05356741179286112 0.045836032771209845 0.05356741179286112 0.08394068652077188 0.103821375433584
0.0 0.0 0.013253792608542564 0.0077313790216512746 0.0 0.0011044827173782579 0.0011044827173782579 0.0 0.0 0.0 0.0 0.0 0.0 0.0 0.0 0.0 0.0 0.0 0.0 0.0 0.0 0.0 0.0 0.0 0.0 0.0016567240760691215 0.0 0.0 0.0 0.0 0.0 0.0 0.0011044827173782579 0.0027612067934473794 0.006626896304273017 0.010492585815095185 0.014358275325920822 0.01988068891281558 0.03534344695611466 0.05246292907548286 0.07179137662960758 0.08504516923815014 0.047492756847278966 0.05246292907548286 0.040313619184318555 0.04197034326038421 0.05246292907548286 0.05080620499941374 0.05743310130368676 0.061298790814508924 0.07068689391222932 0.09443327233586707 0.12756775385722174 0.0982989618466927
0.0011044827173782579 0.0 0.010492585815095185 0.0077313790216512746 0.0 0.0 0.0 0.0 0.0 0.0 0.0 0.0 0.0 0.0 0.0 0.0 0.0 0.0 0.0 0.0 0.0 0.0 0.0 0.0 0.0 0.0011044827173782579 0.0011044827173782579 0.0 0.0 0.0 0.0 0.0 0.0011044827173782579 0.009388103097716927 0.016014999401989943 0.06295551489057805 0.06682120440140368 0.06295551489057805 0.047492756847278966 0.06019430809713067 0.051358446358104604 0.05246292907548286 0.045836032771209845 0.04197034326038421 0.03700017103218031 0.05246292907548286 0.06295551489057805 0.10492585815096225 0.1430305119005243 0.12867223657460347 0.11431396124867918 0.13916482238969866 0.11155275445523527 0.061298790814508924
0.006626896304273017 0.010492585815095185 0.014358275325920822 0.0077313790216512746 0.0 0.0 0.0 0.0 0.0 0.0 0.0 0.0 0.0 0.0 0.0 0.0 0.0 0.0 0.0 0.0 0.0 0.0 0.0 0.0 0.0 0.0011044827173782579 0.0011044827173782579 0.0011044827173782579 0.0011044827173782579 0.0 0.0 0.0 0.0011044827173782579 0.011597068532473442 0.05080620499941374 0.08780637603159405 0.12370206434639958 0.09443327233586707 0.0811794797273245 0.08504516923815014 0.07620930749912061 0.045836032771209845 0.043074825977762465 0.03810465374956204 0.030373274727910765 0.0469405154885881 0.09056758282504143 0.13750809831362953 0.1850008551609085 0.17837395885663548 0.17450826934581332 0.16125447673727075 0.13143344336804738 0.0469405154885881
0.0077313790216512746 0.016014999401989943 0.0077313790216512746 0.0011044827173782579 0.0 0.0 0.0 0.0 0.0 0.0 0.0 0.0 0.0 0.0 0.0 0.0 0.0 0.0 0.0 0.0 0.0 0.0 0.0 0.0011044827173782579 0.0027612067934473794 0.004970172228203895 0.0077313790216512746 0.0077313790216512746 0.0038656895108256373 0.0027612067934473794 0.0 0.0 0.0027612067934473794 0.0298210333692199 0.06847792847746934 0.09608999641193272 0.13640361559625128 0.0982989618466927 0.09167206554241969 0.09553775505324533 0.07731379021649887 0.04197034326038421 0.03534344695611466 0.03258224016266728 0.02264189570625949 0.03258224016266728 0.07620930749912061 0.13253792608542564 0.15904551130251077 0.1551798217916886 0.16125447673727075 0.1480006841287282 0.11541844396605744 0.025955343858397734
0.0011044827173782579 0.012149309891164306 0.0027612067934473794 0.0011044827173782579 0.0 0.0 0.0 0.0 0.0 0.0 0.0 0.0 0.0 0.0 0.0 0.0 0.0 0.0 0.0 0.0 0.0 0.0 0.0016567240760691215 0.0038656895108256373 0.010492585815095185 0.01822396483674646 0.022089654347572096 0.028716550651841644 0.02374637842363775 0.019328447554124717 0.008835861739029532 0.005522413586894759 0.0171194821193682 0.04197034326038421 0.0640599976079563 0.0982989618466927 0.11431396124867918 0.07234361798829497 0.0695824111948476 0.06019430809713067 0.040313619184318555 0.030373274727910765 0.028716550651841644 0.02264189570625949 0.01822396483674646 0.025955343858397734 0.03810465374956204 0.10106016864013662 0.10658258222703137 0.09608999641193272 0.09167206554241969 0.10216465135751487 0.07620930749912061 0.006626896304273017
0.0 0.0038656895108256373 0.0016567240760691215 0.0 0.0 0.0 0.0 0.0 0.0 0.0 0.0011044827173782579 0.0016567240760691215 0.0016567240760691215 0.0016567240760691215 0.0011044827173782579 0.0011044827173782579 0.0011044827173782579 0.0 0.0 0.0 0.0 0.0 0.0016567240760691215 0.010492585815095185 0.02264189570625949 0.03534344695611466 0.04197034326038421 0.05522413586892677 0.07068689391222932 0.07068689391222932 0.047492756847278966 0.012149309891164306 0.02374637842363775 0.040313619184318555 0.06461223896664717 0.06461223896664717 0.08559741059683754 0.03810465374956204 0.030373274727910765 0.024850861141019476 0.028716550651841644 0.028716550651841644 0.02374637842363775 0.014358275325920822 0.011597068532473442 0.01988068891281558 0.0298210333692199 0.030373274727910765 0.0469405154885881 0.05908982537975241 0.05908982537975241 0.07344810070567323 0.06295551489057805 0.0011044827173782579
0.0011044827173782579 0.0 0.0 0.0 0.0 0.0 0.0 0.0 0.0 0.0011044827173782579 0.0016567240760691215 0.0038656895108256373 0.004970172228203895 0.0016567240760691215 0.0011044827173782579 0.0011044827173782579 0.0 0.0 0.0 0.0 0.0 0.0 0.0 0.005522413586894759 0.030373274727910765 0.04197034326038421 0.05743310130368676 0.0867018933142158 0.10492585815096225 0.09719447912931445 0.12314982298770871 0.0298210333692199 0.013253792608542564 0.011597068532473442 0.010492585815095185 0.012149309891164306 0.011597068532473442 0.009388103097716927 0.010492585815095185 0.01988068891281558 0.0298210333692199 0.027612067934463386 0.008835861739029532 0.008835861739029532 0.006626896304273017 0.01822396483674646 0.0342389642387364 0.04086586054300595 0.010492585815095185 0.005522413586894759 0.04086586054300595 0.04473155005383159 0.02098517163019384 0.0016567240760691215
0.0011044827173782579 0.0 0.0 0.0 0.0 0.0 0.0011044827173782579 0.0 0.0011044827173782579 0.0011044827173782579 0.0038656895108256373 0.006626896304273017 0.0038656895108256373 0.0016567240760691215 0.0 0.0 0.0 0.0 0.0 0.0 0.0 0.0 0.0 0.0011044827173782579 0.0011044827173782579 0.0011044827173782579 0.0016567240760691215 0.02264189570625949 0.04362706733645333 0.05080620499941374 0.06792568711878194 0.0298210333692199 0.011597068532473442 0.0027612067934473794 0.0 0.0011044827173782579 0.0016567240760691215 0.0038656895108256373 0.006626896304273017 0.008835861739029532 0.0171194821193682 0.030373274727910765 0.014358275325920822 0.006626896304273017 0.006626896304273017 0.011597068532473442 0.0171194821193682 0.0171194821193682 0.010492585815095185 0.009388103097716927 0.0695824111948476 0.05798534266237415 0.011597068532473442 0.0016567240760691215
0.0 0.0 0.0 0.0 0.0 0.0 0.0 0.0011044827173782579 0.0016567240760691215 0.006626896304273017 0.009388103097716927 0.004970172228203895 0.0038656895108256373 0.0011044827173782579 0.0 0.0 0.0 0.0 0.0 0.0 0.0 0.0 0.0 0.0 0.0 0.0 0.0 0.004970172228203895 0.004970172228203895 0.008835861739029532 0.008835861739029532 0.008835861739029532 0.0011044827173782579 0.0011044827173782579 0.0 0.0 0.0 0.0011044827173782579 0.0038656895108256373 0.006626896304273017 0.010492585815095185 0.011597068532473442 0.008835861739029532 0.008835861739029532 0.045836032771209845 0.05356741179286112 0.04086586054300595 0.0298210333692199 0.0171194821193682 0.019328447554124717 0.08559741059683754 0.07841827293387713 0.026507585217085128 0.0038656895108256373
0.0 0.0 0.0 0.0 0.0011044827173782579 0.0011044827173782579 0.0 0.0011044827173782579 0.0016567240760691215 0.008835861739029532 0.010492585815095185 0.0038656895108256373 0.0011044827173782579 0.0011044827173782579 0.0 0.0 0.0 0.0 0.0 0.0 0.0 0.0 0.0 0.0 0.0 0.0 0.0 0.0 0.0 0.0 0.0 0.0 0.0 0.0 0.0 0.0 0.0011044827173782579 0.0016567240760691215 0.0038656895108256373 0.008835861739029532 0.01546275804329908 0.03147775744528902 0.043074825977762465 0.06571672168402543 0.061298790814508924 0.05743310130368676 0.051358446358104604 0.06792568711878194 0.054119653151548514 0.03644792967349292 0.10658258222703137 0.08559741059683754 0.024850861141019476 0.0016567240760691215
0.0 0.0 0.0 0.0011044827173782579 0.0016567240760691215 0.0 0.0 0.0011044827173782579 0.0027612067934473794 0.008835861739029532 0.010492585815095185 0.0016567240760691215 0.0 0.0 0.0 0.0 0.0 0.0 0.0 0.0 0.0 0.0 0.0 0.0 0.0 0.0 0.0 0.0 0.0 0.0 0.0 0.0 0.0 0.0011044827173782579 0.0011044827173782579 0.0011044827173782579 0.0016567240760691215 0.0016567240760691215 0.008835861739029532 0.019328447554124717 0.03258224016266728 0.03534344695611466 0.061298790814508924 0.09608999641193272 0.10106016864013662 0.0695824111948476 0.06019430809713067 0.08228396244470276 0.05908982537975241 0.05356741179286112 0.08559741059683754 0.0695824111948476 0.02098517163019384 0.0011044827173782579
0.0 0.0 0.0 0.0038656895108256373 0.004970172228203895 0.0 0.0 0.0027612067934473794 0.013253792608542564 0.01822396483674646 0.009388103097716927 0.0 0.0 0.0 0.0 0.0 0.0 0.0 0.0 0.0 0.0 0.0 0.0 0.0 0.0 0.0 0.0 0.0 0.0 0.0 0.0 0.0 0.0011044827173782579 0.0016567240760691215 0.004970172228203895 0.005522413586894759 0.005522413586894759 0.024850861141019476 0.027612067934463386 0.04197034326038421 0.05522413586892677 0.04970172228203548 0.04362706733645333 0.06461223896664717 0.05632861858630503 0.027612067934463386 0.028716550651841644 0.04473155005383159 0.06019430809713067 0.04197034326038421 0.0695824111948476 0.05246292907548286 0.004970172228203895 0.0
0.0 0.0 0.0 0.004970172228203895 0.006626896304273017 0.0 0.0016567240760691215 0.005522413586894759 0.01822396483674646 0.012149309891164306 0.0027612067934473794 0.0 0.0 0.0 0.0 0.0 0.0 0.0 0.0 0.0 0.0011044827173782579 0.006626896304273017 0.006626896304273017 0.026507585217085128 0.025955343858397734 0.014358275325920822 0.0016567240760691215 0.0016567240760691215 0.0 0.0 0.0 0.0 0.0011044827173782579 0.0016567240760691215 0.004970172228203895 0.0171194821193682 0.022089654347572096 0.0640599976079563 0.05246292907548286 0.06792568711878194 0.0469405154885881 0.04362706733645333 0.03147775744528902 0.022089654347572096 0.010492585815095185 0.005522413586894759 0.006626896304273017 0.027612067934463386 0.07620930749912061 0.03700017103218031 0.05522413586892677 0.03810465374956204 0.0011044827173782579 0.0
0.0 0.0 0.0011044827173782579 0.011597068532473442 0.014358275325920822 0.0011044827173782579 0.004970172228203895 0.0077313790216512746 0.02098517163019384 0.014358275325920822 0.0011044827173782579 0.0 0.0 0.0 0.0 0.0 0.0 0.0 0.0 0.0 0.0027612067934473794 0.009388103097716927 0.027612067934463386 0.05798534266237415 0.06847792847746934 0.026507585217085128 0.011597068532473442 0.0038656895108256373 0.0016567240760691215 0.004970172228203895 0.005522413586894759 0.005522413586894759 0.005522413586894759 0.006626896304273017 0.0027612067934473794 0.01822396483674646 0.027612067934463386 0.07179137662960758 0.048597239564657224 0.04086586054300595 0.014358275325920822 0.022089654347572096 0.048597239564657224 0.033134481521358145 0.0077313790216512746 0.0038656895108256373 0.022089654347572096 0.04086586054300595 0.09995568592275836 0.0469405154885881 0.07068689391222932 0.0392091364669403 0.0011044827173782579 0.0
0.0 0.0 0.0038656895108256373 0.014358275325920822 0.01546275804329908 0.0016567240760691215 0.006626896304273017 0.012149309891164306 0.028716550651841644 0.02374637842363775 0.011597068532473442 0.0 0.0 0.0 0.0 0.0 0.0 0.0 0.0 0.0 0.0011044827173782579 0.0077313790216512746 0.026507585217085128 0.04362706733645333 0.07455258342305149 0.024850861141019476 0.013253792608542564 0.006626896304273017 0.008835861739029532 0.012149309891164306 0.01822396483674646 0.01822396483674646 0.01822396483674646 0.01546275804329908 0.008835861739029532 0.006626896304273017 0.008835861739029532 0.006626896304273017 0.005522413586894759 0.0077313790216512746 0.0077313790216512746 0.01546275804329908 0.061298790814508924 0.07510482478174235 0.027612067934463386 0.025955343858397734 0.045836032771209845 0.07179137662960758 0.11376171988999179 0.0640599976079563 0.07841827293387713 0.043074825977762465 0.0 0.0
0.0016567240760691215 0.010492585815095185 0.0171194821193682 0.016014999401989943 0.013253792608542564 0.011597068532473442 0.01822396483674646 0.03700017103218031 0.0342389642387364 0.02264189570625949 0.0077313790216512746 0.0 0.0 0.0 0.0 0.0 0.0 0.0 0.0 0.0 0.0 0.004970172228203895 0.022089654347572096 0.028716550651841644 0.025955343858397734 0.02374637842363775 0.013253792608542564 0.006626896304273017 0.008835861739029532 0.01546275804329908 0.02264189570625949 0.02374637842363775 0.033134481521358145 0.033134481521358145 0.028716550651841644 0.02374637842363775 0.01546275804329908 0.0077313790216512746 0.006626896304273017 0.0027612067934473794 0.0 0.0171194821193682 0.05080620499941374 0.06019430809713067 0.033134481521358145 0.04970172228203548 0.06792568711878194 0.06682120440140368 0.09995568592275836 0.05908982537975241 0.06571672168402543 0.0392091364669403 0.0011044827173782579 0.0
0.008835861739029532 0.05798534266237415 0.40258395048448425 0.2915834373879399 0.0640599976079563 0.14468723597658995 0.06185103217319979 0.05080620499941374 0.05798534266237415 0.033134481521358145 0.0011044827173782579 0.0 0.0 0.0 0.0 0.0 0.0 0.0 0.0 0.0 0.0011044827173782579 0.03147775744528902 0.08007499700994625 0.10768706494440963 0.04970172228203548 0.026507585217085128 0.014358275325920822 0.008835861739029532 0.009388103097716927 0.014358275325920822 0.016014999401989943 0.03700017103218031 0.03258224016266728 0.028716550651841644 0.028716550651841644 0.027612067934463386 0.02264189570625949 0.013253792608542564 0.004970172228203895 0.0011044827173782579 0.0 0.02374637842363775 0.13640361559625128 0.05080620499941374 0.048597239564657224 0.08283620380339016 0.08891085874897231 0.045836032771209845 0.05908982537975241 0.03534344695611466 0.05080620499941374 0.03258224016266728 0.0027612067934473794 0.0
0.0016567240760691215 0.15186637363955036 0.20598602679109887 0.13253792608542564 0.12370206434639958 0.26231464537740734 0.061298790814508924 0.06461223896664717 0.04362706733645333 0.019328447554124717 0.0016567240760691215 0.0011044827173782579 0.0011044827173782579 0.0 0.0 0.0 0.0 0.0 0.0 0.0 0.0016567240760691215 0.08228396244470276 0.2805386102141538 0.5599727377109259 0.07344810070567323 0.026507585217085128 0.0171194821193682 0.016014999401989943 0.02098517163019384 0.027612067934463386 0.051358446358104604 0.04473155005383159 0.03644792967349292 0.03258224016266728 0.033134481521358145 0.030373274727910765 0.022089654347572096 0.011597068532473442 0.0038656895108256373 0.0011044827173782579 0.0011044827173782579 0.019328447554124717 0.04197034326038421 0.0298210333692199 0.0811794797273245 0.11652292668343917 0.11155275445523527 0.10768706494440963 0.103821375433584 0.04970172228203548 0.05908982537975241 0.03644792967349292 0.0011044827173782579 0.0
0.016014999401989943 0.17561275206319157 0.16677689032416204 0.4445542937448685 0.5748832543955376 0.20598602679109887 0.13253792608542564 0.11817965075950482 0.03810465374956204 0.009388103097716927 0.0038656895108256373 0.0016567240760691215 0.0016567240760691215 0.0 0.0 0.0 0.0 0.0 0.0 0.0 0.010492585815095185 0.30980740222468284 0.6312118729818427 0.4445542937448685 0.15462758043299774 0.03700017103218031 0.02374637842363775 0.026507585217085128 0.03147775744528902 0.03258224016266728 0.05908982537975241 0.05246292907548286 0.043074825977762465 0.0392091364669403 0.0392091364669403 0.03644792967349292 0.019328447554124717 0.01546275804329908 0.0077313790216512746 0.0038656895108256373 0.0038656895108256373 0.014358275325920822 0.04473155005383159 0.026507585217085128 0.11817965075950482 0.12756775385722174 0.0811794797273245 0.09167206554241969 0.043074825977762465 0.024850861141019476 0.027612067934463386 0.022089654347572096 0.0 0.0
0.1905232687477998 0.2220010261930888 0.4346139492884607 0.690301698361595 0.6648985958618882 0.20874723358454625 0.18334413108483938 0.07731379021649887 0.030373274727910765 0.012149309891164306 0.0038656895108256373 0.0016567240760691215 0.0011044827173782579 0.0011044827173782579 0.0011044827173782579 0.0011044827173782579 0.0 0.0 0.0 0.0 0.010492585815095185 0.22144878483440142 0.4550468795599637 0.7571229027629988 0.2739117139098808 0.07179137662960758 0.03534344695611466 0.03810465374956204 0.03810465374956204 0.03700017103218031 0.07510482478174235 0.07731379021649887 0.051358446358104604 0.04197034326038421 0.045836032771209845 0.04086586054300595 0.012149309891164306 0.009388103097716927 0.010492585815095185 0.005522413586894759 0.010492585815095185 0.025955343858397734 0.0342389642387364 0.03258224016266728 0.09332878961848881 0.07179137662960758 0.0298210333692199 0.033134481521358145 0.008835861739029532 0.0016567240760691215 0.0027612067934473794 0.0011044827173782579 0.0 0.0
0.7112868699917889 0.4274348116255003 0.2810908515728412 0.2739117139098808 0.5886892883627676 0.2098517163019245 0.13640361559625128 0.14192602918314604 0.027612067934463386 0.022089654347572096 0.01546275804329908 0.009388103097716927 0.0016567240760691215 0.0011044827173782579 0.0011044827173782579 0.0016567240760691215 0.0011044827173782579 0.0 0.0 0.0 0.008835861739029532 0.05798534266237415 0.4384796387992863 1.0354525475423926 0.654406010046793 0.04086586054300595 0.06019430809713067 0.03700017103218031 0.05522413586892677 0.03644792967349292 0.05632861858630503 0.0640599976079563 0.026507585217085128 0.08394068652077188 0.05356741179286112 0.0392091364669403 0.011597068532473442 0.005522413586894759 0.008835861739029532 0.0077313790216512746 0.010492585815095185 0.01822396483674646 0.019328447554124717 0.03700017103218031 0.12038861619426133 0.026507585217085128 0.0027612067934473794 0.004970172228203895 0.0011044827173782579 0.0 0.0011044827173782579 0.008835861739029532 0.0 0.0
1.42864839492916 0.6571672168402404 0.295449126898762 0.11376171988999179 0.13916482238969866 0.25347878363837784 0.18113516565008286 0.12038861619426133 0.07510482478174235 0.043074825977762465 0.03534344695611466 0.03258224016266728 0.008835861739029532 0.0077313790216512746 0.0038656895108256373 0.0027612067934473794 0.0027612067934473794 0.0 0.0 0.0011044827173782579 0.009388103097716927 0.014358275325920822 0.11265723717261353 0.6809135952638781 0.954825309173759 0.23856826695376615 0.2518220595623122 0.04970172228203548 0.0640599976079563 0.040313619184318555 0.030373274727910765 0.028716550651841644 0.01546275804329908 0.07068689391222932 0.051358446358104604 0.014358275325920822 0.014358275325920822 0.008835861739029532 0.008835861739029532 0.012149309891164306 0.0171194821193682 0.0171194821193682 0.016014999401989943 0.012149309891164306 0.06682120440140368 0.011597068532473442 0.004970172228203895 0.0027612067934473794 0.0027612067934473794 0.0016567240760691215 0.0016567240760691215 0.0077313790216512746 0.0011044827173782579 0.0
1.744530452099425 0.5732265303194685 0.16898585575891856 0.01822396483674646 0.04473155005383159 0.13640361559625128 0.19659792369338194 0.011597068532473442 0.061298790814508924 0.09167206554241969 0.0811794797273245 0.05522413586892677 0.026507585217085128 0.0171194821193682 0.013253792608542564 0.013253792608542564 0.0038656895108256373 0.0016567240760691215 0.0 0.0011044827173782579 0.0077313790216512746 0.014358275325920822 0.024850861141019476 0.10216465135751487 0.3479120559742449 0.6207192871667475 0.7924663497191133 0.39374808874545475 0.17174706255236594 0.14413499461790255 0.01822396483674646 0.010492585815095185 0.0011044827173782579 0.0016567240760691215 0.005522413586894759 0.0298210333692199 0.030373274727910765 0.009388103097716927 0.005522413586894759 0.0171194821193682 0.02098517163019384 0.02098517163019384 0.01822396483674646 0.014358275325920822 0.0077313790216512746 0.0038656895108256373 0.0016567240760691215 0.0027612067934473794 0.0038656895108256373 0.0171194821193682 0.01822396483674646 0.004970172228203895 0.0016567240760691215 0.0
