static/data/precipitation/2023/7/2/6.asc
ncols 137
nrows 93
xllcorner 108.0
yllcorner 17.0
cellsize 0.25
NODATA_value -32767
[rows 63 to 83 of 93, columns 0 to 47 of 137]
0.27998636885546296 0.1032691340748966 0.2888222305944925 0.2490608527688648 0.08891085874897231 0.09277654825979795 0.02816430929315425 0.013806033967233428 0.09940344456407096 0.1032691340748966 0.05356741179286112 0.08780637603159405 0.08559741059683754 0.05743310130368676 0.06461223896664717 0.05743310130368676 0.13253792608542564 0.2590011972252726 0.21206068173668102 1.5816192512860885 1.9715016505207177 1.4612306350918272 0.9719447912931272 0.8637054849900301 2.9478643726833598 1.1790353008016077 0.7770035916758143 0.12977671929198173 0.15186637363955036 0.1551798217916886 0.1032691340748966 0.06461223896664717 0.07013465255353846 0.07731379021649887 0.9901687561298735 4.6454543092941964 0.8173172108601294 0.63397307977529 1.2580058150941722 0.9763627221626402 0.22365775026915793 0.12756775385722174 0.1927322341825563 0.3628225726588566 0.25347878363837784 0.1386125810310078 0.06626896304271282 0.012149309891164306
0.2369115428777005 0.08891085874897231 0.18776206195435588 0.2264189570626053 0.14965740820479384 0.0298210333692199 0.029268792010532507 0.06074654945582153 0.19880688912813846 0.23801602559507876 0.1734037866284316 0.04914948092334462 0.06792568711878194 0.07841827293387713 0.0817317210860119 0.05080620499941374 0.10216465135751487 0.16456792488940553 0.37552412390870826 1.9753673400315432 4.774126545868798 3.94024209424799 2.4685188733410692 4.623364654946626 12.525938497790175 3.851883476857705 1.0746616840093328 0.20322481999765496 1.1298858198782598 1.2243190922141267 1.2353639193879127 0.508062049994134 0.4793454993422923 0.10768706494440963 0.21150844037799363 0.4478677418970033 0.35453895227851445 0.2915834373879399 0.4313005011363259 0.2943446441813838 0.04362706733645333 0.07897051429256799 0.22365775026915793 0.32029998803978155 0.214269647171441 0.09664223777062358 0.01546275804329908 0.017671723478055595
0.19880688912813846 0.12370206434639958 0.1800306829327046 0.12149309891163959 0.038656895108249434 0.07344810070567323 0.12756775385722174 0.23912050831245701 0.20874723358454625 0.1629112008133364 0.18058292429139547 0.22365775026915793 0.05356741179286112 0.08725413467290666 0.10216465135751487 0.3219567121158472 0.5969729087431097 0.8940787597179409 1.8997102738911136 0.6770479057530525 0.3661360208109914 0.3236134361919163 1.9494119961731455 5.29212894031934 5.402024970698506 1.0735572012919545 0.09332878961848881 2.150427850736044 5.6621306506411555 8.713816398758098 11.10888717139349 5.236352563091722 1.5357832185148788 0.25789671450789087 0.30373274727910415 0.509718774070203 1.4993352888413858 0.4241213634733655 0.1629112008133364 0.08394068652077188 0.026507585217085128 0.05964206673844327 0.21813533668226318 0.1502096495634847 0.13088120200936 0.06571672168402543 0.0027612067934473794 0.024850861141019476
0.10768706494440963 0.16622464896547118 0.22365775026915793 0.1457917186939682 0.0817317210860119 0.19107551010649065 0.17561275206319157 0.1734037866284316 0.10879154766178789 0.06074654945582153 0.11762740940081742 0.2253144743452236 0.09553775505324533 0.12756775385722174 0.14855292548741558 0.291031196029249 0.8272575553165372 1.8820385504130546 1.7064257983498663 0.49149480923345656 0.2374637842363879 0.2148218885301284 0.19991137184552019 0.7819737639040147 0.7620930749912026 1.4093199473750353 1.822948725033302 3.303507807679254 5.464428244230393 6.095087875853548 2.407220082526557 4.666439480924389 5.637279789500138 6.618060442532292 8.555875370172965 8.463651063271856 0.21647861260619752 0.27059826575774604 0.16898585575891856 0.12425430570508697 0.07676154885781147 0.16401568353071466 0.18665757923697415 0.15628430450906686 0.11652292668343917 0.051358446358104604 0.0016567240760691215 0.01988068891281558
0.061298790814508924 0.11707516804212656 0.12701551249853435 0.07234361798829497 0.06737344576009108 0.15683654586775425 0.12370206434639958 0.1209408575529522 0.07455258342305149 0.04086586054300595 0.0867018933142158 0.19162775146517805 0.2893744719531799 0.18168740700877373 0.1800306829327046 0.23580706016032224 0.21537412988881927 0.5450622210263177 0.5991818741778663 0.47327084439671013 0.20653826814978973 0.21923981939964143 0.23138912929080574 0.24740412869279568 0.13419465016149476 6.694821991390102 4.978455848583829 3.831450546586202 1.9030237220432484 2.475698011004028 2.5369968018185385 1.102825993302487 2.0029794079660066 1.7268587286213695 2.4513993912217007 2.3321152577448143 0.04086586054300595 0.054119653151548514 0.11873189211819568 0.10823930630309703 0.12425430570508697 0.1971501650520728 0.13419465016149476 0.2126129230953719 0.11265723717261353 0.033134481521358145 0.0011044827173782579 0.0016567240760691215
0.04086586054300595 0.11652292668343917 0.10934378902047875 0.11265723717261353 0.12977671929198173 0.12425430570508697 0.10271689271620574 0.12867223657460347 0.06682120440140368 0.03976137782562769 0.04362706733645333 0.11652292668343917 0.2098517163019245 0.3324492979309458 0.30925516086599547 0.18665757923697415 0.1380603396723204 0.23580706016032224 0.30483722999648244 0.21095619901930276 0.13032896065066912 0.6107789427103396 3.254910568114597 4.366572423156112 3.071014195671068 6.146446322211651 4.133526569789237 2.4287574955154376 1.4557082215049324 1.5633952864493421 3.312343669418282 2.2316073304633686 0.3827032615716687 0.24740412869279568 0.35840464178934006 0.30925516086599547 0.23580706016032224 0.0988512032053801 0.16180671809595815 0.12701551249853435 0.12701551249853435 0.2545832663557561 0.19383671689993803 0.1971501650520728 0.09553775505324533 0.027612067934463386 0.025955343858397734 0.0016567240760691215
0.045836032771209845 0.10271689271620574 0.08338844516208102 0.09553775505324533 0.0938810309771762 0.12977671929198173 0.13529913287887302 0.15352309771561948 0.07897051429256799 0.07289585934698584 0.2148218885301284 0.07179137662960758 0.12038861619426133 0.24795637005148655 0.2501653354862431 0.1899710273891124 0.23967274967114788 0.3622703313001657 0.3214044707571598 0.21813533668226318 0.17671723478056983 1.1298858198782598 2.1217113000842023 2.96995402703093 2.1846668149747805 3.097521780888153 0.39264360602807646 0.6240327353188823 0.4793454993422923 0.36834498624574785 1.6401568353071536 1.4264394294944034 0.2821953342902195 0.3015237818443442 1.030482375314192 1.164124784116996 0.7560184200456205 0.47327084439671013 0.40921084678875386 0.33134481521356757 0.1899710273891124 0.25513550771444693 0.21647861260619752 0.1551798217916886 0.06295551489057805 0.06626896304271282 0.2126129230953719 0.047492756847278966
0.043074825977762465 0.06792568711878194 0.08559741059683754 0.11044827173785701 0.09443327233586707 0.1579410285851325 0.19107551010649065 0.20819499222585885 0.1678813730415403 0.11265723717261353 0.24353843918197005 0.08228396244470276 0.12535878842246523 0.16567240760678378 0.5793011852650507 0.7112868699917889 0.5599727377109259 0.40368843320186254 0.2882699892358016 0.3087029195073046 0.25237430092099955 0.15352309771561948 0.18886654467173414 0.25844895586658173 0.2512698182036213 0.4555991209186545 0.6196148044493692 0.5627339445043733 0.26562809352954214 0.11817965075950482 0.35122550412637965 1.245856505203008 1.263528228681067 1.3364240880280494 2.146009919866531 2.362488532472725 1.4673052900374093 1.076318408085402 0.8968399665113848 0.7273018693937788 0.29213567874662727 0.2772251620620156 0.21371740581275014 0.09553775505324533 0.03368672288004554 0.11486620260737004 0.19438895825862543 0.30980740222468284
0.05080620499941374 0.054119653151548514 0.07068689391222932 0.12922447793329087 0.15959775266120163 0.22255326755177968 0.3053894713551698 0.3230611948332289 0.2838520583662886 0.19604568233469455 1.2800954694417443 0.10161240999882748 0.15186637363955036 0.23912050831245701 0.6853315261333912 1.0216465135751627 0.6831225606986346 0.33134481521356757 0.22144878483440142 0.26176240401871653 0.41638998445171427 0.318091022605025 0.2092994749432371 0.415285501734336 0.4031361918431717 0.8173172108601294 0.9807806530321567 0.8222873830883333 0.4031361918431717 0.5908982537975276 1.0006613419449688 2.1791444013878856 3.3736424602327926 3.4504040090906023 3.864585028107558 3.9628839899542507 2.5165638715470338 1.5440668388952175 1.3485733979192136 1.0354525475423926 0.5472711864610742 0.3164342985289559 0.19825464776945106 0.051358446358104604 0.02540310249970687 0.10161240999882748 0.3567479177132744 0.6278984248297079
0.051358446358104604 0.050253963640722876 0.08449292787945928 0.1209408575529522 0.22144878483440142 0.22807568113867097 0.37773308934346483 0.37552412390870826 0.3015237818443442 0.7720334194476104 4.319631907667524 1.2326027125944654 0.1800306829327046 0.22365775026915793 0.2253144743452236 0.3578524004306527 0.266180334888233 0.16401568353071466 0.14744844277003732 0.18665757923697415 0.3418374010286628 0.4550468795599637 0.16953809711760942 0.4174944671690925 0.9614522054780319 0.8758547948811944 0.9310789307501212 1.069691511781129 1.2668416768332018 1.7158139014475833 1.6843361440022944 2.923565752901031 4.400811387394846 5.71845926922746 6.472820965197013 5.579846688196453 3.1853281569197494 1.755575279273211 1.0580944432486556 0.7532572132521731 0.5765399784716068 0.33686722880045883 0.19438895825862543 0.04362706733645333 0.02098517163019384 0.04638827412990071 0.2871655065184234 0.6820180779812564
0.1430305119005243 0.12038861619426133 0.10768706494440963 0.18279188972615198 0.13585137423756388 0.22034430211702316 0.1281199952159126 0.03092551608659816 0.08228396244470276 0.7637497990672717 4.734917409401859 3.2808659119729926 1.216035471833788 0.35730015907196183 0.2540310249970687 0.17395602798712245 0.29268792010531813 0.13088120200936 0.10823930630309703 0.15241861499824122 0.16898585575891856 0.11707516804212656 0.41086757086482295 1.188975645258012 1.614201491448756 1.7500528656863197 1.8975013084563535 2.3227271546470973 3.3846872874065768 2.623698695132754 2.5474893876336333 3.484090731970648 3.217358155723727 4.194273119245056 6.85662870948606 5.591995998087617 3.0307005764867516 1.4203647745488213 0.6290029075470861 0.5516891173305872 0.591450495156215 0.508062049994134 0.36834498624574785 0.12149309891163959 0.017671723478055595 0.0171194821193682 0.07068689391222932 0.3125686090181302
0.14689620141134646 0.06185103217319979 0.06074654945582153 0.04473155005383159 0.21206068173668102 0.09332878961848881 0.025955343858397734 0.01546275804329908 0.06240327353188718 0.2821953342902195 0.8051679009689651 1.6318732149268114 0.9829896184669131 0.5119277395049595 0.4567036036360328 0.19935913048682932 0.007179137662960411 0.0342389642387364 0.07676154885781147 0.09774672048800184 0.1032691340748966 0.4241213634733655 1.708082522425932 3.402359010884634 4.24507932424447 4.478677418970034 4.553782243751777 4.504080521469741 4.003749850497257 2.883804375075403 2.778878516924441 1.4579171869396925 0.8741980708051253 2.7910278268156055 5.921131847866426 4.346691734243298 1.6213806291117163 0.6405999760795631 0.2965536096161403 0.4810022234183614 0.8775115189572601 0.8659144504247867 0.7455258342305253 0.20819499222585885 0.03644792967349292 0.02098517163019384 0.016014999401989943 0.011044827173786048
0.05246292907548286 0.02374637842363775 0.02264189570625949 0.016567240760677338 0.09664223777062358 0.04804499820596636 0.009388103097716927 0.0347912055974238 0.10106016864013662 0.1678813730415403 0.11486620260737004 0.6720777335248486 0.38656895108249434 0.17395602798712245 0.5605249790696167 0.8692278985769214 0.017671723478055595 0.02816430929315425 0.054119653151548514 0.07510482478174235 0.26176240401871653 1.2193489199859229 3.132312986485577 5.0966354993433365 6.0012068448763705 5.074545844995764 3.8817045102269265 3.3195228070812424 1.990277856716155 1.7566797619905892 1.9173819973691693 1.2922447793329086 1.8870087226412584 3.4316278028951666 4.044063469681574 2.892087995455742 1.3955139134078018 0.38491222700642524 0.26562809352954214 0.6825703193399473 1.2811999521591226 1.2933492620502869 1.204990644660002 0.36447929673492224 0.13640361559625128 0.05632861858630503 0.004970172228203895 0.004970172228203895
0.0044179308695130315 0.004970172228203895 0.0033134481521347736 0.006626896304273017 0.053015170434170256 0.03368672288004554 0.06019430809713067 0.0817317210860119 0.058537584021065014 0.055776377227617635 0.4539423968425854 0.018776206195437323 0.0005522413586908637 0.0005522413586908637 0.2319413706494966 0.23415033608425312 0.008835861739029532 0.02374637842363775 0.05743310130368676 0.3771808479847774 1.3215135713434412 2.5165638715470338 3.345478150939638 6.03268460232166 6.175162872863493 3.2731345329513433 1.8179785528050982 1.9245611350321297 1.475588910417748 1.261871504604998 1.667768903241617 1.1994682310731106 1.4822158067220177 2.435384391819711 1.9753673400315432 1.3115732268870333 0.7532572132521731 0.4368229147232172 0.3330015392896332 0.7179137662960584 1.216035471833788 0.9995568592275905 1.0724527185745765 0.4103153295061321 0.09664223777062358 0.016567240760677338 0.011597068532473442 0.010492585815095185
0.0 0.0 0.0005522413586908637 0.0016567240760691215 0.019328447554124717 0.011597068532473442 0.030373274727910765 0.023194137064950354 0.0171194821193682 0.03700017103218031 0.2070905095084806 0.0 0.0 0.0 0.0027612067934473794 0.06461223896664717 0.11928413347688308 0.02098517163019384 0.07013465255353846 1.0205420308577844 1.733485624925639 2.078084232747749 2.051024406171973 3.507284869035596 4.020869332616625 2.036666130846052 1.5893506303077398 1.3634839146038253 1.1729606458560256 0.8946310010766283 0.9752582394452619 0.6748389403182959 0.9907209974885645 1.0382137543358398 0.8233918658057116 0.5522413586892782 0.40368843320186254 0.7886006602082878 1.1867666798232555 0.7482870410239693 0.7758991089584326 0.658823940916306 0.6941673878724207 0.2888222305944925 0.21537412988881927 0.03147775744528902 0.11983637483557394 0.02816430929315425
0.0 0.0 0.0 0.0 0.0 0.0 0.0 0.0 0.0 0.004970172228203895 0.0 0.0 0.0 0.0 0.0027612067934473794 0.09664223777062358 0.207642750867168 0.10437361679227486 0.23801602559507876 1.2237668508554358 1.5794102858513321 1.6909630403065674 1.7428737280233593 2.327697326875301 2.648549556273772 1.9913823394335333 1.2988716756371783 0.8587353127618262 0.7383466965675649 0.4959127401029696 0.34735981461555404 0.4274348116255003 0.5290472216243278 0.4379273974405955 0.2805386102141538 0.23525481880163138 0.21371740581275014 0.8476904855880402 1.2778865040069878 0.8797204843920166 0.6417044587969413 0.566599634015199 0.539539807439423 0.4313005011363259 0.3622703313001657 0.04141810190169681 0.11210499581392266 0.054119653151548514
0.0 0.0 0.0 0.0 0.0 0.0 0.0 0.0 0.0 0.0 0.0 0.0 0.0 0.0 0.05964206673844327 0.15352309771561948 0.2882699892358016 0.3136730917355085 0.5986296328191754 1.0393182370532181 1.2309459885183998 1.1961547829209724 1.2486177119964554 1.776008209544714 2.096860438943183 1.5346787357975005 0.753809454610864 0.3550911936372053 0.3981660196149678 0.21371740581275014 0.12149309891163959 0.2021203372802767 0.25237430092099955 0.16014999401988902 0.18389637244353024 0.20819499222585885 0.21040395766061537 0.9222430690110917 1.1193932340631645 0.6560627341228621 0.41804670852778336 0.3059417127138607 0.27888188613808473 0.34846429733293227 0.2987625750509003 0.20156809592158584 0.09664223777062358 0.1507618909221721
0.0 0.0 0.0 0.0 0.0 0.0 0.006626896304273017 0.006626896304273017 0.0077313790216512746 0.006074654945582153 0.02264189570625949 0.0690301698361602 0.0690301698361602 0.0 0.05964206673844327 0.2418817151059044 0.30980740222468284 0.5920027365149059 1.043183926564044 0.8383023824903233 0.7035554909701376 0.6113311840690305 1.0873632352591847 1.6153059741661342 1.7859485540011217 1.28175219351781 0.4147332603756486 0.21150844037799363 0.2496130941275522 0.2672848176056113 0.17892620021532635 0.1430305119005243 0.19328447554124717 0.2490608527688648 0.2744639552685717 0.35122550412637965 0.45725584499472016 1.1613635773235487 0.8013022114581394 0.41086757086482295 0.2518220595623122 0.13916482238969866 0.08891085874897231 0.1209408575529522 0.13695585695494214 0.37110619303919523 0.13419465016149476 0.2871655065184234
0.0 0.0 0.0 0.0 0.0 0.0038656895108256373 0.010492585815095185 0.02264189570625949 0.025955343858397734 0.0347912055974238 1.588798388949049 1.6804704544914686 0.4550468795599637 0.38546446836511605 0.26783705896429866 0.5693608408086464 0.5207636012439891 0.6626896304271317 1.1928413347688376 0.4484199832556941 0.27501619662725907 0.7869439361322186 1.3159911577565464 1.5407533907430826 1.5302608049279873 1.1961547829209724 0.37110619303919523 0.2562399904318252 0.21923981939964143 0.37441964119133003 0.2374637842363879 0.16512016624809292 0.21040395766061537 0.28606102380104514 0.41197205358220124 0.38822567515856343 0.8543173818923098 1.2171399545511663 0.6847792847747037 0.37165843439788265 0.19438895825862543 0.09664223777062358 0.08504516923815014 0.13474689152018215 0.045836032771209845 0.2645236108121639 0.06019430809713067 0.0988512032053801
0.0 0.0 0.0 0.0 0.11928413347688308 0.12756775385722174 0.41638998445171427 0.42080791532123074 0.6372865279274248 0.6930629051550424 6.68101595742287 1.6175149396008905 1.184557714388499 0.8090335904797907 0.27888188613808473 0.8316754861860503 1.3960661547664928 0.7880484188495969 0.6869882502094603 0.45615136227734193 0.3153298158115776 0.8880041047723587 1.500992012917455 1.678261489056712 1.3585137423756215 0.9211385862937134 0.48983808515738747 0.26176240401871653 0.3186432639637124 0.5870325642867019 0.3528822282024488 0.11817965075950482 0.1927322341825563 0.4174944671690925 0.5947639433083497 0.5428532555915577 0.8410635892837671 0.8498994510227966 0.34735981461555404 0.2733594725511934 0.1800306829327046 0.054119653151548514 0.0298210333692199 0.020432930271502975 0.00994034445640779 0.08338844516208102 0.01546275804329908 0.02816430929315425
0.0 0.0 0.0 0.0 0.5815101506998072 1.180139783518986 2.083054404975953 3.3769559083849274 3.072670919747136 5.43681617629593 3.1759400538220306 0.6405999760795631 0.0016567240760691215 0.16898585575891856 0.6063610118408267 0.9526163437390024 1.0012135833036597 1.3739765004189206 1.1447963365628713 0.6947196292311115 0.9145116899894439 0.8421680720011488 1.425334946777025 1.9681882023685828 1.7163661428062706 1.0426316852053565 0.5892415297214584 0.4489722246143815 0.8189739349361985 1.0028703073797254 0.4594648104294802 0.1579410285851325 0.2634191280947856 0.4710618789619536 0.7217794558068841 1.121602199497921 0.7146003181439237 0.2816430929315321 0.16953809711760942 0.1380603396723204 0.10161240999882748 0.06185103217319979 0.0347912055974238 0.019328447554124717 0.011597068532473442 0.013253792608542564 0.013253792608542564 0.009388103097716927
