static/data/seaWater_vo/2023/7/4/0.asc
ncols 137
nrows 93
xllcorner 108.0
yllcorner 17.0
cellsize 0.25
NODATA_value -32767
[rows 50 to 74 of 93, columns 58 to 115 of 137]
0.28053084 0.16830157 -0.016023658 0.053000763 0.26680645 0.13577165 -0.024354381 0.018935975 -0.029998746 -0.110380895 -0.13354762 -0.06319583 0.06329947 0.12217885 0.29592112 0.59994406 0.7862581 0.6632969 0.41261595 0.2618795 0.13470247 -0.12357547 -0.020070156 -0.111006334 -0.07708057 -0.22921203 -0.14947832 -0.16112773 0.08612887 0.2202865 0.28263816 0.1201154 0.10366555 0.15954374 0.13933744 0.19161798 0.18948163 0.19522348 0.32003215 0.16560009 0.09755092 -0.033471294 -0.25436866 -0.44044587 -0.59062594 -0.73099613 -0.7466747 -0.77785444 -0.5332381 -0.30886427 -0.16118793 -0.062479332 -0.07705683 -0.09860183 -0.07624317 -0.12722166 -0.22685325 -0.2729406
0.25243872 0.17277062 0.016809635 0.012005465 0.08044515 0.23891114 0.07757804 0.06322359 -0.03296051 -0.12564594 -0.12225601 0.009260277 0.18538171 0.37973875 0.6239509 0.7047572 0.5344341 0.35060224 0.21814036 0.15712455 -0.0030306946 -0.23037666 -0.021381116 -0.1368512 -0.13148652 -0.2783646 -0.20808111 -0.006229443 0.24646246 0.23156866 0.084746934 -0.009515735 0.19858159 0.16768304 0.1312539 0.14331806 0.23221938 0.22033113 0.30141816 0.097454146 -0.004658096 -0.16406058 -0.28229415 -0.45388746 -0.611639 -0.66978 -0.7661058 -0.6102837 -0.33753937 -0.25346494 -0.12173531 -0.09877156 -0.058533218 -0.09566048 -0.11223344 -0.0061524906 -0.050363123 -0.3098888
0.16371794 0.16774987 0.08495437 0.10677394 0.121333435 0.23251943 0.106670305 0.08933749 0.016144987 -0.074278936 -0.055239256 0.10826165 0.3714911 0.6162461 0.59924 0.4587268 0.31994617 0.21538551 0.15926205 0.053747527 -0.07671771 -0.3008791 -0.08449282 -0.12810798 -0.23456673 -0.20072974 -0.22904114 0.04112736 0.18352504 0.15954614 -0.1036698 0.06076277 0.1849983 0.11787519 0.11729346 0.11689283 0.25937426 0.17591 0.20349656 0.029427854 -0.07357587 -0.24592793 -0.36984298 -0.4385714 -0.5619065 -0.7229916 -0.62403333 -0.3629584 -0.38048613 -0.23756075 -0.09905666 0.039954 0.040228352 0.015816536 -0.00013684208 -0.032960434 -0.026120307 -0.1494677
-0.045972195 0.02117441 0.13479942 0.19432099 0.12071366 0.17663419 0.21303058 0.17532498 0.16078563 0.07873772 0.041800763 0.30201754 0.53453124 0.56217027 0.45262027 0.31006777 0.19662784 0.22511049 0.02578534 -0.05161166 -0.09161173 -0.07209278 0.022739083 -32767.0 -0.47265458 -0.17593844 -0.16816108 0.01511221 0.17173989 0.053421047 -0.08350652 0.113585025 0.10381332 0.049419913 0.041995827 0.10247931 0.1370135 0.13222024 0.09975397 -0.05074797 -0.14721932 -0.31356722 -0.4393862 -0.48451248 -0.6011072 -0.60950845 -0.383018 -0.37806377 -0.33763257 -0.20122309 -0.069142275 0.1225291 0.20767535 0.10642884 0.115330905 0.11870237 -0.01749903 -0.12545995
-0.20535453 -0.05734505 0.061753806 0.17350829 0.15324059 0.13496299 0.16675927 0.13487586 0.19677141 0.29273018 0.26363692 0.35265458 0.46568492 0.4994365 0.33399606 0.15835795 0.19813684 0.07456695 -0.073137335 -0.09130875 -0.08177705 0.023201386 -0.030804899 0.048799586 -0.40920636 -0.26609594 -0.15291342 -0.015193214 0.11873912 -0.015544302 -0.037071034 0.16203542 0.15356234 0.06329421 0.05434504 0.06797361 0.04028839 0.16181551 0.037364155 -0.09738648 -0.21010627 -0.35361668 -0.4735719 -0.540091 -0.6162624 -0.5260371 -0.31870553 -0.3774254 -0.25857866 -0.17099251 -0.04663055 0.1533019 0.22665028 0.30271515 0.35337606 0.17227204 -0.05283615 -0.21433245
0.016052468 0.0729099 0.06408587 0.0065818187 0.00043989997 0.036549166 0.13055147 0.24653287 0.31608227 0.32653028 0.35172766 0.43600473 0.40910366 0.3591475 0.19829242 0.13928747 0.115271375 0.061315946 -0.01910205 -0.08333481 -0.13312653 -32767.0 -0.0030953258 -0.11290999 -0.11475074 -0.312357 -0.18764977 -0.088537544 0.022799833 -0.017728698 -0.04014573 0.12368445 0.2103167 0.095797464 0.0010694802 0.0015336452 -0.058572855 0.09185478 0.018521423 -0.051058598 -0.18229067 -0.30993113 -0.44320157 -0.5454044 -0.6297013 -0.48808074 -0.30868357 -0.30852655 -0.22174297 -0.06875075 0.057146136 0.20605344 0.34184906 0.5568672 0.34173772 0.073091336 -0.12201528 -0.2891433
0.36274993 0.33670762 0.3035122 0.2255068 0.07831634 -0.039356735 0.121672444 0.24839881 0.3208451 0.41162303 0.45869818 0.27916533 0.12542258 0.18630019 0.081865564 0.16546626 0.025654318 0.026608206 0.009824822 -0.06460185 -0.012582912 -0.04076285 -0.04482039 -0.11088144 -0.122819595 -0.16379084 -0.16245584 -0.20402992 -0.0699735 -0.071027994 -0.1545568 0.0956062 0.15897097 0.056809206 -0.099703714 -0.033226244 -0.01927919 -0.03960178 0.0024538022 -0.06750853 -0.16936146 -0.31321836 -0.4161721 -0.47272694 -0.5636612 -0.44753966 -0.27889875 -0.16702954 -0.09492562 0.009495342 0.1696086 0.27672085 0.58863086 0.490177 0.1474025 0.015316162 -0.14521958 -0.24726377
0.28568494 0.3089912 0.28138316 0.18050897 0.044884145 0.0195605 0.07454934 0.23128527 0.32432336 0.33634847 0.24902791 0.020902887 0.03918819 0.0840721 0.09459454 0.06432039 0.054967426 0.082197055 0.027924974 0.025669632 0.012455052 -0.031619154 -0.09577525 -0.15851659 -0.24224772 -0.26402643 -0.29164872 -0.24947822 -0.20528926 -0.24192505 -0.25373718 0.027481193 0.1791291 0.14786844 -0.06415084 -0.061988834 -0.034974456 0.013838175 -0.074495345 -0.16845469 -0.14187634 -0.24344152 -0.35550654 -0.426733 -0.53050905 -0.427348 -0.19732854 -0.10023766 0.0036171698 0.10083431 0.16506936 0.38734233 0.5158572 0.27845153 0.18183014 -0.02123818 -0.14113459 -0.30622214
0.6657022 0.7021568 0.5291805 0.28400669 -6.385415e-05 0.09118677 0.002255876 -0.058907647 0.041844364 0.03942913 0.052509144 -0.0022586773 0.117130466 0.08846712 0.077818245 0.039441783 0.10306034 0.09661004 0.114779666 0.096125446 -0.0011990848 -0.06407001 -0.09645542 -0.139359 -0.17114523 -0.28884473 -0.43379796 -0.45145938 -0.34434888 -0.3490316 -0.39006308 0.052952394 0.16795969 0.100122705 -0.032192215 -0.062669314 -0.041433398 -0.08085278 -0.17957689 -0.21670586 -0.2729734 -0.22413139 -0.28602004 -0.36618307 -0.44731888 -0.36296618 -0.13167933 -0.055182923 0.01597992 0.10091186 0.12920836 0.5119069 0.38216963 0.1742053 0.07677715 0.064431466 -0.07945489 -0.3674326
1.0423474 0.83488077 0.6414392 0.34764788 0.034671623 -0.0159484 -0.1662381 -0.30330482 -0.18929653 0.053073272 0.047995638 0.148656 0.02075329 0.018956281 0.12075791 0.13685802 0.1611359 0.101618774 0.057207797 -0.0101226745 0.00908153 0.02050908 -0.04069088 -0.19479817 -0.32955548 -0.3300235 -0.51889396 -0.572826 -0.513497 -0.4340783 -0.4727058 0.027779829 0.19244748 0.059257876 -0.07714107 -0.0502386 -0.062175486 -0.10635306 -0.10781025 -0.083650224 -0.11405981 -0.24798995 -0.36694998 -0.33161417 -0.31469515 -0.22385187 -0.07182393 0.015317679 0.08846856 0.11293976 0.28658938 0.36559436 0.2966266 0.22355492 -0.027910925 -0.09107097 0.053124897 -0.15171492
0.9722882 1.0707378 0.69511 0.21836165 -0.10258582 -0.25721022 -0.2700639 -0.10197075 -0.0031127485 0.07404274 0.16813809 0.058564376 -0.031274524 0.28932148 0.27665716 0.18130405 0.09366668 0.02448591 -0.08816061 0.0018049788 0.13421798 0.0898312 -0.07170892 -0.34900123 -0.4222929 -0.45274913 -0.5130391 -0.5877686 -0.62474626 -0.6018585 -0.49332958 -0.017539592 0.2389143 0.16588838 -0.022627627 0.014553518 -0.02104739 0.008476599 0.0021091301 -0.03493641 -0.10325793 -0.3084514 -0.45235962 -0.428169 -0.3470304 -0.27305898 -0.18454507 -0.15468279 -0.06639396 0.059741676 0.27960184 0.1568139 0.16377993 0.16436447 0.021070063 -0.033407792 0.04624213 -0.07646121
1.0175948 0.9619359 0.47944573 0.059452757 -0.28999642 0.027388856 0.037884656 -0.016738517 0.15455356 0.08925944 0.10482145 0.052715674 0.08678425 0.25908017 0.32280838 0.14208782 0.05030266 -0.1215438 -0.119053036 0.15178697 0.13879775 0.102385245 -0.103474334 -0.22161856 -0.33643988 -0.41399473 -0.52636933 -0.6141354 -0.69747937 -0.7372398 -0.36201328 0.1156544 0.3991535 0.17494537 0.0023687 0.09736418 -0.033414863 0.10349428 0.07567265 -0.015576178 -0.27541453 -0.33236748 -0.52626437 -0.5115934 -0.3285665 -0.26972193 -0.28221163 -0.30856156 -0.3363016 -0.23228818 0.19555537 -0.05922469 0.11680345 0.30231965 0.14048801 0.093874365 0.10654087 -0.21946956
0.8199265 0.534777 0.38147953 -0.044849813 -0.18452352 0.11059458 -0.01743652 -0.024055973 0.13947776 0.07252405 0.059267085 0.05113672 0.16950451 0.27631256 0.32119155 0.16840841 -0.031686258 -0.22238284 -0.037325524 0.13354492 0.05512823 0.0035268182 -0.051814433 -0.17214742 -0.21545658 -0.32515916 -0.45803678 -0.60897917 -0.7018243 -0.7314823 -0.14804766 0.19913362 0.4456421 0.17563124 0.015268075 0.042059932 -0.01367689 0.10584594 0.09461686 -0.062260695 -0.0944149 -0.44429496 -0.558751 -0.6086283 -0.35620102 -0.24885574 -0.076252885 -0.11520908 -0.2761454 -0.18176694 -0.0206419 -0.18093453 0.31158334 0.35399407 0.13078497 0.123469576 0.17103809 -0.15843086
0.5845718 0.24720664 0.22993456 -0.08522727 -0.09093449 0.03936361 0.012180369 0.039995242 0.04661641 0.07347869 0.08459633 0.19434555 0.27626136 0.32060546 0.30946663 0.11215642 -0.084783055 -0.24967486 0.043155033 0.06747268 -0.030723723 -0.07874093 -0.11285215 -0.14780617 -0.24575269 -0.35213688 -0.42113233 -0.51798743 -0.6626422 -0.50473547 0.032917004 0.23961706 0.28685218 0.13084713 -0.081525914 -0.061684508 0.037607685 0.1333301 0.031342868 0.0633264 -0.11668496 -0.30760062 -0.5918341 -0.45352775 -0.2111889 -0.1492752 0.05268121 0.0006487212 -0.12563007 -0.018845392 -0.27797374 -0.04100801 0.3751842 0.4546807 0.12492463 0.21309468 0.03343077 -0.22209044
0.3559647 0.18492042 0.14260797 -0.0359815 0.039993323 0.017700098 0.0070212153 0.03154138 0.08453827 0.09461437 0.122102484 0.31210098 0.34273165 0.37135988 0.32733062 0.11673593 -0.06624677 -0.23067693 -0.03746182 0.015658066 -0.074248545 -0.14097096 -0.16537438 -0.19712225 -0.2738405 -0.33584124 -0.36652422 -0.51696354 -0.6256482 -0.3486376 0.111354575 0.31808382 0.24920273 0.03293751 -0.1592997 -0.17900437 0.07747768 0.033774078 -0.079709664 0.14553317 0.0046164007 -0.23792556 -0.5300417 -0.38449135 -0.2920285 -0.29984 -0.0011822643 -0.16421379 -0.16532162 -0.26374903 -0.37139675 0.1390943 0.44323388 0.49879488 0.113878466 0.1387915 -0.045795843 -0.24253184
0.50584453 0.1665188 0.013379118 0.06860467 -0.057945564 -0.020175925 -0.00067536964 0.08299054 0.15732212 0.1631868 0.1754627 0.34179372 0.38211277 0.39170069 0.2778234 0.07043273 -0.061899196 -0.26440865 -0.12052228 -0.0135114 -0.149244 -0.23676957 -0.21989672 -0.2463435 -0.23375715 -0.28904408 -0.3847547 -0.5235144 -0.5183962 -0.23369129 0.15150063 0.17117798 0.106388055 -0.1350367 -0.29319993 -0.04069463 -0.008130466 -0.03808665 -0.19071831 0.15019013 0.13256757 -0.057331666 -0.35396573 -0.37750614 -0.4486792 -0.36977503 -0.06387907 -0.16710411 -0.2744689 -0.36555344 -0.13621107 0.20030743 0.4557104 0.5197754 0.014281846 0.0014733139 -0.105634965 -0.32001486
0.39559677 0.20056643 -0.25117588 -0.06361915 -0.1005123 -0.020841496 0.0020236443 0.14632003 0.35329965 0.28429246 0.25592536 0.3635668 0.40530312 0.4076352 0.2702601 0.10614529 -0.08977801 -0.19138665 -0.16859138 -0.09569154 -0.20633751 -0.2954054 -0.29617667 -0.2493505 -0.20925348 -0.27317336 -0.38531965 -0.44823834 -0.38447654 -0.12719354 0.050247163 0.09107491 0.017260661 -0.083659954 -0.024401525 -0.09854213 -0.09872443 -0.10952171 -0.17026691 -0.20171115 0.1404133 0.12549028 -0.1218554 -0.27208748 -0.47749227 -0.35985392 -0.25866038 -0.18474413 -0.22960018 -0.18110527 -0.011124897 0.08016364 0.33907744 0.4661134 0.0032832776 -0.0900287 -0.23481147 -0.33847314
0.299468 0.06862676 -0.39348218 -0.14200278 -0.114613414 0.0062228083 0.12628269 0.26294634 0.47936088 0.36996496 0.3388063 0.4489593 0.4663365 0.3591631 0.22051978 0.07967418 -0.11204685 -0.20188254 -0.21115713 -0.16815382 -0.33353233 -0.3720163 -0.30109623 -0.19433425 -0.15025242 -0.2131939 -0.3007969 -0.32227466 -0.27819344 -0.11025991 0.019459933 0.08223109 -0.07973926 -0.00026016965 -0.22331883 -0.17184104 -0.06636002 -0.072805956 -0.14329378 -0.18638784 -0.151034 -0.07359193 0.06613308 0.0076588686 -0.239803 -0.4691302 -0.31450337 -0.20950739 -0.13292074 -0.047171935 -0.03277433 -0.073612764 0.16957875 0.4378332 0.0010027646 -0.18389869 -0.32274294 -0.4103787
0.44051126 -0.057618443 -0.47515106 -0.17037526 -0.09456721 0.08430401 0.21200347 0.3970472 0.4435129 0.38179386 0.44846815 0.48672545 0.43970674 0.3234627 0.16961077 0.06050424 -0.15539184 -0.32679132 -0.33872938 -0.24597368 -0.32437712 -0.33283314 -0.23551707 -0.1805217 -0.17740418 -0.18450259 -0.2070105 -0.23030162 -0.16900514 -0.12109227 -0.08255912 -0.063011624 -0.02196869 -0.09405284 -0.2473613 -0.13838217 -0.038031615 0.073887534 0.025550654 0.09972495 0.07388783 -0.11333339 -0.19586048 0.06463439 -0.07944624 -0.2148482 -0.33933625 -0.18638514 0.03418663 0.055037957 0.013890691 -0.06921847 0.017784795 0.43868124 0.08773896 -0.41190326 -0.30686796 -0.45709747
0.4714362 -0.17338504 -0.5317307 -0.20514965 -0.07685307 0.07868928 0.29917294 0.43493572 0.4044983 0.42728052 0.4452538 0.47714806 0.4576947 0.29599616 0.1788305 0.0033494253 -0.2234559 -0.41780972 -0.41885868 -0.2674583 -0.30097148 -0.31606576 -0.24655579 -0.1306158 -0.122031525 -0.13061222 -0.14014171 -0.0706326 -0.020717358 -0.06477983 -0.12800896 -0.2344993 -0.06958817 -0.17103623 -0.27760825 -0.15024814 -0.15510413 -0.122473896 0.060461383 0.067931876 0.1294863 0.08616222 -0.10416564 -0.16556643 -0.02668391 -0.17123729 -0.23275344 -0.1611399 -0.09429658 -0.06679334 -0.045946848 -0.053517908 0.15587352 0.29709458 0.007880868 -0.47099012 -0.5082309 -0.4941473
0.45729992 -0.20781933 -0.49967638 -0.116096094 -0.014168763 0.17286795 0.33044493 0.3691372 0.35577962 0.4090104 0.50923556 0.51111317 0.4556788 0.37195426 0.21031259 -0.018373445 -0.2832008 -0.46525657 -0.46219054 -0.26232323 -0.26771334 -0.26938018 -0.19697917 -0.12560514 -0.1568884 -0.18915406 -0.12708728 -0.08831502 -0.028949646 -0.1224808 -0.24231134 -0.16073881 -0.1302851 -0.2120033 -0.25314057 -0.19463338 -0.041121833 0.06628157 -0.07199788 -0.019676115 0.07611731 0.100986116 0.09234047 -0.07213387 -0.19214815 -0.0882852 -0.0915509 -0.026837954 0.09305874 0.11644631 0.06487293 0.0702743 0.14445746 0.05185917 -0.14571793 -0.4454823 -0.5905662 -0.584434
0.2762176 -0.10223671 -0.5236514 -0.048492596 0.06503035 0.25119215 0.33147013 0.30877483 0.31645235 0.41926703 0.5998398 0.5898066 0.45880246 0.3661165 0.20128252 -0.05928181 -0.3212761 -0.5082925 -0.46942246 -0.28789765 -0.25811696 -0.23302718 -0.2216455 -0.18302304 -0.18320745 -0.10722628 -0.027995715 -0.05363793 -0.12685691 -0.16165696 -0.14153227 -0.13989268 -0.24874072 -0.33484095 -0.25938585 -0.20681033 -0.05717916 0.113244504 0.13353029 -0.0874016 -0.045229405 0.06120113 -0.0030083107 0.008231508 -0.08644222 -0.02620063 0.083847 0.1620474 0.19563505 0.21342145 0.16975275 0.09277436 -0.034647524 -0.2078744 -0.25428575 -0.4410659 -0.6339749 -0.53919107
0.1806964 0.039534952 -0.5383486 -0.23547514 0.18325308 0.26398224 0.3168939 0.24533693 0.23434323 0.46060362 0.6859924 0.6945412 0.5332266 0.3107086 0.08517278 -0.1126451 -0.3684408 -0.5040885 -0.47968644 -0.28456947 -0.24992177 -0.3117106 -0.26185468 -0.21216518 -0.16905254 -0.1373979 -0.10664364 -0.11157494 -0.049592048 -0.062626086 -0.084788166 -0.0885137 -0.16158247 -0.24387893 -0.25893334 -0.13978408 0.11249461 0.16825154 0.09086552 -0.03272643 -0.26324567 -0.1962223 -0.081258096 -0.057466734 -0.08434859 -0.05962922 0.030377451 0.15035848 0.21731485 0.24845058 0.11034878 -0.09448097 -0.22049603 -0.29921684 -0.32533693 -0.42127335 -0.44656545 -0.43455747
0.18631683 -0.09251226 -0.26718855 -0.410218 0.04241373 0.18391155 0.36373934 0.23953217 0.28307852 0.52996665 0.76337117 0.76385486 0.54621464 0.21922392 0.016011631 -0.1949848 -0.40171733 -0.40888223 -0.4864975 -0.3324068 -0.24192333 -0.2688633 -0.31574106 -0.23064284 -0.18720977 -0.099767245 -0.09474398 -0.059997406 -0.049445227 -0.03260016 0.0134661095 0.018801544 -0.018327603 -0.123849906 -0.091328956 0.06705366 0.21506053 0.13717121 0.00038810057 -0.07534024 -0.20253317 -0.4877539 -0.27014655 -0.21366993 -0.21786793 -0.07787605 0.09961776 0.26349762 0.2960663 0.28916514 0.0015915104 -0.1775805 -0.2468921 -0.3130524 -0.3780043 -0.3698225 -0.39246565 -0.3347198
0.15383312 -0.16166408 -0.2251566 -0.2054203 -0.02630653 0.22149089 0.21328126 0.25980905 0.3738613 0.58754903 0.7938536 0.7331812 0.4298583 0.1348427 -0.07212964 -0.2928959 -0.37744147 -0.34105194 -0.5065557 -0.35031393 -0.2744083 -0.32055438 -0.302917 -0.042383302 -0.07461468 -0.05302505 0.017557707 -0.017858414 0.018398726 0.07891299 0.1803553 0.1308931 0.0817223 0.10491787 0.18160269 0.2723895 0.35304725 0.2541153 0.031706665 -0.21479909 -0.28060868 -0.46710697 -0.5603953 -0.37634793 -0.32295543 -0.10719988 0.13825159 0.32513666 0.35494226 0.25525442 -0.09128453 -0.23734058 -0.32730603 -0.34652355 -0.35644767 -0.3630233 -0.3018188 -0.25578973
