static/data/seaWater_vo/2023/7/4/12.asc
ncols 137
nrows 93
xllcorner 108.0
yllcorner 17.0
cellsize 0.25
NODATA_value -32767
[rows 50 to 74 of 93, columns 58 to 115 of 137]
0.22454551 0.062545456 -0.039807845 -0.11851596 0.035609644 0.028165078 -0.13379975 -0.08484313 -0.13623352 -0.22608706 -0.2762772 -0.22595324 -0.087597504 0.024252113 0.28502575 0.631493 0.75857216 0.61144936 0.4428264 0.2403068 0.15596887 -0.14020987 -0.07920573 -0.33052143 -0.28643432 -0.34311885 -0.17565303 -0.044527054 0.18784927 0.15094891 0.12419247 0.13007496 0.10007528 0.14420901 0.11436401 0.12242895 0.17476545 0.2738132 0.24176593 0.056233108 0.03181958 -0.075981624 -0.2874847 -0.52363366 -0.55394983 -0.65602 -0.81493413 -0.7642265 -0.5924311 -0.2713096 -0.25918287 -0.22887753 -0.10883956 -0.024687508 0.007989142 0.1336766 0.18717572 0.016368221
0.16201298 0.035856202 -0.12584749 -0.18318425 -0.0014883551 0.054085497 -0.15626809 -0.13583101 -0.13181242 -0.25300348 -0.24874485 -0.11872745 0.073468626 0.32031548 0.5953801 0.6624516 0.52941906 0.40398112 0.24806544 0.14157632 0.0053872163 -0.25212657 -0.06919809 -0.2681732 -0.31606376 -0.35853577 -0.18324828 0.1402597 0.12511885 0.12508647 0.030971944 -0.028652288 0.12830079 0.10842829 0.12756376 0.1334433 0.1285677 0.2327957 0.1359241 -0.015181454 -0.024440955 -0.15722176 -0.39561296 -0.524485 -0.6311241 -0.7457541 -0.7541029 -0.6451808 -0.42375013 -0.43208313 -0.21834528 -0.06024281 0.01407955 0.06149509 0.06351931 0.11382617 0.26431796 0.06562134
-0.008506931 -0.0075401547 -0.116517276 -0.13923147 -0.08650253 -0.010059653 -0.11226268 -0.16210377 -0.1642304 -0.20966797 -0.108950906 0.08012207 0.3520569 0.5879596 0.5765852 0.4946638 0.37527952 0.28162038 0.19679597 0.053605556 -0.070602424 -0.2719187 -0.10788063 -0.24397962 -0.31589988 -0.2087424 -0.1557774 0.14289376 0.22792484 0.05025898 -0.08267215 0.013313505 0.13400751 0.13859238 0.12383653 0.097625144 0.05524623 0.19855766 0.09369504 -0.06577304 -0.119344495 -0.24266456 -0.42270535 -0.5601276 -0.65284014 -0.6949496 -0.6403778 -0.5233128 -0.5454084 -0.36000213 -0.21565704 -0.06112843 0.11751341 0.16516149 0.19884552 0.15728615 0.10958373 -0.057862595
-0.1538809 -0.07853405 -0.011577122 0.0032046211 -0.22029056 -0.17195038 -0.13460045 -0.17040643 -0.13817641 -0.122632094 -0.061987337 0.15028949 0.48789558 0.4858652 0.50574327 0.34064752 0.28347367 0.28844646 0.05791133 0.030949932 -0.105863094 -0.075574316 0.035045426 -32767.0 -0.55575377 -0.08396409 -0.160881 0.070184775 0.08784503 -0.038788706 -0.10435598 0.10139112 0.16037557 0.14263883 0.1254568 0.04279141 0.045134384 0.115831785 0.03723434 -0.06497994 -0.1862671 -0.30180132 -0.42259166 -0.588929 -0.65317255 -0.6420582 -0.5129278 -0.5365787 -0.5517577 -0.3748173 -0.2938779 0.010391238 0.09901787 0.20946528 0.22913884 0.1508035 0.021238448 -0.1424477
-0.2598749 -0.061398193 0.14029305 0.062788226 -0.07924457 -0.13190903 -0.10986712 -0.14928707 -0.019617418 0.15780415 0.060374357 0.22021559 0.36125088 0.4089471 0.3472606 0.24272235 0.2940462 0.12608428 -0.03112057 -0.045254853 -0.041402075 0.014441477 -0.061039135 -0.07844775 -0.4533733 -0.17878036 -0.10281253 -0.056417763 0.009322877 -0.10589568 -0.11506945 0.023405278 0.11626315 0.12231318 0.03686439 -0.021339381 -0.041358877 0.033438355 0.0058732866 -0.12688687 -0.18441543 -0.29680875 -0.42859256 -0.5677561 -0.64030516 -0.6209155 -0.47985032 -0.5349211 -0.48172987 -0.3500824 -0.1925588 0.10047652 0.2686301 0.27789804 0.28416708 0.11515722 -0.06526251 -0.20890331
-0.09401641 0.0074600233 0.0011304591 0.055115428 0.01604987 0.04021161 -0.019057112 -0.04236645 0.047352448 0.06024416 0.16324851 0.34554788 0.34751445 0.2567875 0.20633766 0.20240974 0.2136792 0.12727755 0.05557071 -0.066157736 -0.18260324 -32767.0 -0.11353666 -0.040727627 -0.14513786 -0.30134588 -0.120236464 -0.140363 -0.03095548 -0.11364325 -0.11191125 0.081210524 0.05744852 0.08162273 0.031400897 -0.015480906 -0.11022423 -0.026040625 -0.041518755 -0.12578234 -0.21709009 -0.3282392 -0.39870933 -0.51133686 -0.6110032 -0.56274664 -0.4656103 -0.47414252 -0.3883892 -0.27067438 -0.057569183 0.21597128 0.23819996 0.50119305 0.31854764 0.055081043 -0.19114238 -0.25834554
0.20471078 0.17636117 0.096798725 0.039794676 -0.13656391 -0.25116807 -0.14004421 -0.02414736 -0.046545304 0.07054534 0.3494076 0.390499 0.21167882 0.19045402 0.061109595 0.20054221 0.117607184 0.11911554 0.071656995 0.011807872 -0.01544694 -0.05558467 -0.042420305 -0.043188248 -0.03875057 -0.11597693 -0.19657572 -0.25627854 -0.142346 -0.1498084 -0.18894306 0.14359544 0.1793916 0.14120223 -0.021543153 -0.08534769 -0.06455589 -0.08908647 -0.14383125 -0.17311135 -0.23574279 -0.32831535 -0.37899587 -0.4651142 -0.54781324 -0.51751095 -0.40941095 -0.34282595 -0.30450585 -0.14069436 0.02472086 0.12654877 0.51237035 0.4327988 0.22409774 0.0075212833 -0.10720433 -0.27080536
0.4144884 0.61764556 0.48972535 0.24454853 0.10345512 0.079402395 -0.13334797 -0.041817162 0.033762295 0.2079621 0.33107492 0.24841364 0.09289483 0.14812791 0.10534386 0.13558479 0.10660838 0.12971067 0.114821784 0.053228468 0.045848757 0.019869871 0.020455321 -0.07304714 -0.14418496 -0.26142523 -0.34600887 -0.3132966 -0.26025084 -0.25599873 -0.24915284 0.08938171 0.21356565 0.11130919 -0.018269496 -0.10319611 -0.11912486 -0.09782537 -0.15524961 -0.25290558 -0.24484482 -0.27639595 -0.3395811 -0.46447507 -0.51580733 -0.49638876 -0.3522812 -0.23934528 -0.21736223 -0.107667044 0.073548846 0.35171208 0.477212 0.23475717 0.12988962 -0.018838435 -0.15554468 -0.21523573
0.8857141 0.76208895 0.6405259 0.34591383 0.09390694 -0.18308996 0.11498426 0.023556665 0.00087380875 0.03905308 0.14412865 0.11547373 0.13893804 0.11957184 0.13274482 0.12914765 0.17105108 0.1926354 0.1549198 0.1042351 0.06547382 0.04831921 -0.009643233 -0.08262308 -0.19390747 -0.27565315 -0.35419956 -0.49002588 -0.35550195 -0.34982413 -0.27763477 0.025609672 0.20634153 0.14151588 0.0040062335 -0.020419192 -0.016892597 -0.038295623 -0.09552581 -0.23942956 -0.3268059 -0.38117313 -0.3799938 -0.41398987 -0.46890512 -0.43410864 -0.34514728 -0.20675345 -0.13159856 -0.018921122 0.12242795 0.51245385 0.3130446 0.141128 0.04102035 0.06504812 -0.048866227 -0.19728015
1.0533065 1.0134541 0.8381286 0.36295453 0.037750147 -0.12935995 -0.07321628 -0.13023551 -0.1855718 0.09837725 0.07794771 0.11703481 0.10019895 0.09684575 0.2512413 0.19893898 0.16248235 0.15434948 0.06660286 0.05843502 0.033586223 0.07972122 0.04086111 -0.11217062 -0.21656634 -0.33096454 -0.42016113 -0.535722 -0.49026433 -0.3856984 -0.34299532 0.013295328 0.21437109 0.2413696 0.11720464 0.059633806 0.029208127 -0.12493131 -0.16240191 -0.16866669 -0.19600323 -0.3045054 -0.467523 -0.46234027 -0.43450874 -0.4111628 -0.341011 -0.280032 -0.19434726 -0.0921313 0.23579092 0.40895456 0.17282559 0.15097457 -0.025929522 0.025777549 0.031450324 -0.25174478
1.252182 0.90420645 0.7219582 0.29023862 -0.099856675 -0.120464206 -0.19101165 -0.17784843 0.028140014 0.08969944 0.19825913 0.06825305 -0.06497943 0.33486575 0.3018645 0.21783842 0.1655208 0.06519469 -0.034368422 -0.017323343 0.09207356 0.047540158 -0.019783322 -0.17454775 -0.32357985 -0.32443625 -0.4565631 -0.57055444 -0.56850594 -0.45004013 -0.42638424 -0.063252784 0.30460113 0.21237811 0.17903186 0.121394955 -0.029264718 -0.023240017 -0.02951139 -0.08806647 -0.14868098 -0.27344373 -0.45232874 -0.51474655 -0.4540125 -0.376747 -0.3591644 -0.33206904 -0.24141409 -0.115116395 0.33100733 0.26049402 0.250213 0.15656313 0.122830965 -0.011300291 -0.049994327 -0.07240305
1.2512335 0.627767 0.44664526 0.0667024 -0.28011215 0.0031135827 -0.042503152 -0.0626497 0.18650688 0.18073878 0.19772476 0.043708883 0.050145723 0.35180238 0.3812551 0.23361225 0.10117764 -0.036245145 -0.07343791 0.10352077 8.505063e-05 -0.000992212 -0.07273689 -0.22893591 -0.30225873 -0.3513384 -0.47586942 -0.58367014 -0.5413744 -0.5635184 -0.47141308 -0.0606996 0.28080294 0.18547136 0.14075987 0.06249606 0.012542972 0.08202732 0.089015655 -0.027549464 -0.13395803 -0.36009887 -0.4929772 -0.5180886 -0.49518654 -0.45292258 -0.32570913 -0.2903097 -0.2979961 -0.17741933 0.22508128 0.13643047 0.3909076 0.23015206 0.060252856 0.06683904 0.017840791 -0.19595094
0.87346476 0.19652274 0.2770424 -0.049470097 -0.24271688 0.051010415 -0.10046214 -0.018554479 0.13579665 0.13749416 0.12098415 0.13600853 0.26736692 0.36666378 0.4038918 0.20771271 0.033842295 -0.13678716 0.038447514 0.055815835 -0.056642894 -0.09667801 -0.15098017 -0.29652122 -0.3454262 -0.40335858 -0.47450906 -0.5154543 -0.5810005 -0.6273787 -0.36895537 -0.05373496 0.2728375 0.15725255 0.03321416 0.10040639 0.09488553 0.14774697 0.036984216 0.032902576 -0.17870569 -0.25141594 -0.4274217 -0.5338494 -0.32715333 -0.2181077 -0.16468632 -0.1804057 -0.30435547 -0.27605146 -0.035804138 0.09649724 0.4711832 0.29832834 0.08609483 0.20511304 0.02963643 -0.33818817
0.5721655 0.19776781 0.2110771 -0.10021763 -0.16120817 -0.0904047 -0.041690826 0.017666852 0.065696314 0.047932986 0.07846086 0.22909214 0.3659456 0.38193876 0.34575644 0.20956364 -0.02996563 -0.1582661 0.13679713 0.03500118 -0.11994408 -0.10628544 -0.2395135 -0.3161871 -0.35720596 -0.39453366 -0.4268525 -0.46115988 -0.59291375 -0.5612955 -0.2354195 -0.0013346695 0.25294027 0.08215929 -0.033954386 0.13138735 0.1681458 0.15733935 0.14034559 0.029951328 -0.109375864 -0.36092973 -0.5681987 -0.55191916 -0.0939629 -0.17360562 -0.060497105 -0.22102818 -0.4024899 -0.29574466 -0.28666922 0.07100669 0.57672286 0.27804908 0.046950188 0.24283308 -0.025471784 -0.37598696
0.47381186 0.22396813 0.070659705 -0.06666552 -0.024110317 -0.042369075 -0.008012857 0.043827187 0.0660626 0.061044537 0.12533452 0.32362723 0.38571414 0.3999984 0.29458222 0.10296612 -0.037750214 -0.1545806 0.10854064 0.048673406 -0.17242569 -0.22441268 -0.2436698 -0.30825278 -0.3628131 -0.38504583 -0.39278755 -0.4662452 -0.57783544 -0.45669088 -0.17564072 0.15400505 0.15534274 0.050275575 -0.12255985 0.1747917 0.18644923 0.10843759 0.045205414 0.11396491 -0.14388496 -0.39619544 -0.6849087 -0.5940197 -0.30567816 -0.19235332 -0.1222046 -0.26407814 -0.39573246 -0.38051394 -0.2887632 0.07424692 0.63176966 0.3177218 0.087528735 0.20302522 -0.09950054 -0.38122305
0.4504797 0.20052414 -0.12660182 -0.08361755 -0.11733651 -0.016084606 -0.0030911511 0.090140514 0.18529001 0.19967411 0.17647351 0.36035356 0.4093269 0.38549906 0.25801975 0.111935005 -0.0313065 -0.13212594 -0.0052589215 0.012021226 -0.12894905 -0.23715483 -0.2789798 -0.31661928 -0.39256552 -0.42255026 -0.36427847 -0.49195632 -0.46306497 -0.30304262 0.040651876 0.23602949 0.14892527 -0.06974362 -0.03292667 0.1489074 0.1346349 0.06253027 -0.059215907 0.08286836 -0.056702014 -0.36920306 -0.5973202 -0.5051493 -0.4091609 -0.17706317 -0.2190227 -0.22577427 -0.27010092 -0.4291946 -0.28543526 0.16582918 0.55372643 0.32808554 0.051454894 0.1658882 -0.14762285 -0.49707687
0.28487533 -0.009085261 -0.3227816 -0.17617607 -0.15319505 -0.004527042 -0.0029784145 0.11460234 0.25436294 0.26622522 0.22626415 0.3559721 0.4103087 0.3628047 0.19688188 0.0675738 -0.117704205 -0.16940537 -0.15496218 -0.07745216 -0.12662485 -0.25158733 -0.2568335 -0.22351216 -0.2943198 -0.43076158 -0.4620364 -0.46994102 -0.4040245 -0.17954184 0.10570195 0.19426815 -0.06643922 -0.07928993 0.0029515924 0.017747099 0.12443754 0.19378594 -0.2068718 -0.119096205 -0.00057304575 -0.15506525 -0.35115182 -0.3962466 -0.33678785 -0.23699486 -0.13074052 -0.32078135 -0.36317104 -0.29333708 -0.12781854 0.05775 0.39927223 0.37491894 -0.040167253 0.071829796 -0.22700478 -0.5015344
0.26579353 -0.16864023 -0.4357138 -0.28345504 -0.21757708 -0.018596983 0.04559538 0.12042827 0.32642785 0.2814042 0.3182187 0.3796992 0.43131015 0.3084693 0.17720377 0.07682025 -0.097191334 -0.22226894 -0.2910374 -0.17260891 -0.22888526 -0.21311204 -0.13035409 -0.20470911 -0.23199497 -0.353363 -0.4344332 -0.43526253 -0.34072918 -0.09141084 0.08260386 -0.017873662 -0.21062571 -0.10248599 -0.08196013 -0.08587332 0.1154771 0.13487564 -0.0059173848 -0.11485277 -0.19397864 -0.07468013 -0.11422028 -0.3659774 -0.5021152 -0.33423102 -0.25920075 -0.21649386 -0.041299284 0.06468498 0.0972269 -0.003691371 0.17622146 0.41253695 0.005306491 -0.05713126 -0.19723698 -0.4007369
0.3432002 -0.1814251 -0.5075356 -0.35051006 -0.23350452 -0.015080405 0.07915381 0.1829571 0.3157749 0.30797493 0.3647705 0.467366 0.40280864 0.35971317 0.23394679 0.07555404 -0.12427197 -0.30823535 -0.3749963 -0.23408604 -0.29480562 -0.21192528 -0.13350362 -0.162985 -0.19265348 -0.21280248 -0.26751238 -0.25695008 -0.15215945 -0.0631946 -0.01305888 -0.22989368 -0.1480057 -0.20668666 -0.16046998 -0.18111761 -0.10637531 0.0146012055 0.03972925 0.06521507 -0.024158506 -0.25770196 -0.09270351 -0.15228455 -0.5443943 -0.60429835 -0.32673904 -0.059363544 0.12321398 0.05094391 0.0325787 -0.17301713 0.079413675 0.37120917 -0.004363136 -0.2919236 -0.27528724 -0.45250285
0.4238393 -0.23713145 -0.5018622 -0.24083263 -0.109357566 -0.042911172 0.08751587 0.24690755 0.28328472 0.35551092 0.4314196 0.44417262 0.46843007 0.39525872 0.21809193 0.0032893547 -0.21729992 -0.39292675 -0.4031436 -0.21058136 -0.26687616 -0.26394314 -0.1914886 -0.21963605 -0.2183766 -0.23386756 -0.19868475 -0.19913068 -0.21719198 -0.2419092 -0.26753438 -0.25867665 -0.10949384 -0.25580302 -0.1747349 -0.16983534 0.08706053 0.1550459 0.005139329 0.1945978 0.18696919 -0.14323148 -0.3835885 -0.15008004 -0.21061407 -0.43489766 -0.43814147 -0.13617699 -0.027298007 0.13533354 0.12583603 0.06138329 0.22762057 0.21039638 -0.08541112 -0.44221035 -0.2995262 -0.53045887
0.4100439 -0.26498017 -0.47262928 -0.1344614 -0.12901358 -0.0001963469 0.12319803 0.2522672 0.22139022 0.32956392 0.46326095 0.4880162 0.4832864 0.38515297 0.11442568 -0.090155646 -0.343544 -0.46671966 -0.4534672 -0.242682 -0.20126611 -0.29666057 -0.27246323 -0.18186 -0.15880826 -0.27172142 -0.1852603 -0.18368648 -0.28717238 -0.3935155 -0.41589004 -0.1430614 -0.11167666 -0.18752824 -0.17802009 -0.03809615 0.01582776 0.08630346 0.2005963 0.07289696 0.12978943 0.09100901 -0.28522256 -0.4094035 -0.19323388 -0.016645987 0.010180535 0.12988526 0.11631208 0.059339415 0.010722022 0.030847209 0.08665429 0.052961357 -0.2373514 -0.52340543 -0.31412852 -0.5076922
0.2529754 -0.17570437 -0.522302 -0.16210288 -0.0900714 0.048654996 0.152603 0.22667801 0.13907562 0.38641146 0.58376753 0.6064907 0.48178425 0.23253693 -0.012022273 -0.12665474 -0.41938287 -0.5075926 -0.5149379 -0.22231117 -0.233723 -0.25481156 -0.23030435 -0.22943011 -0.30273217 -0.19102894 -0.104036056 -0.097361475 -0.16140816 -0.279748 -0.24555944 -0.14875905 -0.17412673 -0.14619632 -0.12058992 -0.1567485 0.19950284 0.22293252 -0.013716619 -0.01986096 -0.00907555 0.16714564 -0.0011254152 -0.33636624 -0.25059268 -0.07308226 0.038677763 0.07054913 0.14490448 0.12899284 0.042914607 -0.010580901 -0.021990476 -0.075953856 -0.3837464 -0.5262792 -0.48524654 -0.3922961
0.18514964 -0.051209133 -0.62410474 -0.35362226 0.042110454 0.11799461 0.12400415 0.049237933 0.10972937 0.444045 0.67294836 0.67726 0.41139647 0.078882836 -0.09427437 -0.16189538 -0.4712774 -0.53092486 -0.5661263 -0.27045313 -0.21447031 -0.19951253 -0.28851062 -0.26139256 -0.13719775 -0.14840011 -0.16225629 -0.199202 -0.17902805 -0.18093194 -0.15575792 -0.12807943 -0.11700055 -0.19333467 -0.1451875 0.08865854 0.3831774 0.34697774 0.08260843 -0.20502833 -0.3406938 -0.12519798 0.09893997 -0.24699463 -0.2548197 -0.080665916 0.11784029 0.28479573 0.31829995 0.25143453 0.12985258 0.0014515825 -0.09495532 -0.25169072 -0.4343291 -0.52643615 -0.50543034 -0.3639998
0.11250225 -0.18466914 -0.38452166 -0.4766862 0.012272911 0.019675337 0.044508904 -0.017557167 0.17305826 0.47253618 0.705855 0.63121986 0.33159694 0.019993134 -0.14467636 -0.24406405 -0.45771328 -0.5183288 -0.5853816 -0.2818728 -0.25961202 -0.29789588 -0.30070978 -0.1618154 -0.07224263 -0.18823962 -0.23231468 -0.18953982 -0.15428343 -0.21667777 -0.17478059 -0.124455415 -0.11336901 0.01659628 0.025433777 0.083467916 0.2188162 0.13079415 -0.01037465 -0.17821915 -0.37425715 -0.44447923 -0.015444714 -0.2751831 -0.3198122 -0.03896767 0.30771646 0.4724468 0.46463388 0.31081372 0.07674406 -0.07950655 -0.21673863 -0.33471006 -0.4515779 -0.43552983 -0.40086263 -0.34071705
-0.07946175 -0.32876447 -0.31794286 -0.38085914 -0.21803789 -0.043754935 0.0033234167 0.05614653 0.22799827 0.55441076 0.7477503 0.50616455 0.20169984 -0.032575633 -0.16861883 -0.29045063 -0.38545984 -0.43631214 -0.5655071 -0.3348848 -0.32219356 -0.37194076 -0.18295334 -0.067623064 -0.033568885 -0.15220457 -0.2208685 -0.21205114 -0.15622738 0.018882157 0.042071145 0.019222012 -0.05604531 -0.05377593 -0.026075235 0.026355151 -0.031396184 -0.14219585 -0.26249614 -0.43755972 -0.5020241 -0.6042149 -0.3274235 -0.33141398 -0.2883537 0.0031479623 0.35032508 0.55072176 0.470005 0.2574395 0.002038749 -0.141842 -0.24337508 -0.33560544 -0.2896035 -0.20279719 -0.14293705 -0.12571163
