static/data/seaWater_vo/2023/7/4/6.asc
ncols 137
nrows 93
xllcorner 108.0
yllcorner 17.0
cellsize 0.25
NODATA_value -32767
[rows 0 to 25 of 93, columns 57 to 113 of 137]
-32767.0 -32767.0 -32767.0 -32767.0 -32767.0 -32767.0 -32767.0 -32767.0 -32767.0 -32767.0 -32767.0 -32767.0 -32767.0 -32767.0 -32767.0 -32767.0 -32767.0 -32767.0 -32767.0 -32767.0 -32767.0 -32767.0 -32767.0 0.15438095 0.018325225 -0.013639764 -0.10752656 -0.11829388 -0.07862999 0.012473085 0.2146656 0.06559251 0.046670925 0.040810663 0.116506 -0.03351651 -0.065800644 0.012634023 -0.0912449 0.050041784 0.08119833 0.0055887615 -0.07123301 -0.07197822 0.24020097 0.45845908 0.21286316 -0.032420732 -0.07181913 -0.012725006 0.2335804 0.28961778 0.04715642 -0.044678755 -0.014737398 0.06948532 0.09470545
-32767.0 -32767.0 -32767.0 -32767.0 -0.007834913 -0.0012234437 0.0054366356 0.02989136 0.04683286 0.06354972 0.02902104 -32767.0 -32767.0 -32767.0 -32767.0 -32767.0 -32767.0 -32767.0 -32767.0 -32767.0 -32767.0 -32767.0 -0.016053561 -0.14598803 0.020499565 0.20206206 0.08736813 -0.06833026 -0.16578317 -0.056918163 0.13329774 0.109098375 0.09076848 0.30048132 0.094409265 -0.122478664 -0.13692579 -0.28470808 -0.27101758 0.19512482 0.24689548 0.38032925 0.3193117 0.059356153 -0.12009357 0.20933127 0.21852745 0.0634351 0.17719561 0.29318246 0.3270909 0.11228024 -0.20617968 -0.44618836 -0.3020712 -0.32409832 -0.28250912
-32767.0 -32767.0 -0.024523398 -32767.0 0.007953344 0.14490287 0.20326912 0.14958283 0.10321322 0.1327839 0.024345666 0.080543116 0.037565812 -32767.0 -32767.0 -32767.0 -32767.0 -32767.0 -32767.0 -32767.0 -32767.0 -32767.0 0.073228486 -0.16274098 0.028143633 0.316397 0.27548167 0.066865884 0.18898852 0.1093821 0.06987813 0.225124 0.34021616 0.30084595 0.02705165 -0.3100339 -0.18058157 -0.42768508 -0.17557088 0.06250327 0.10742525 0.5697629 0.59146637 0.12317551 -0.22957909 -0.35714307 -0.10060514 0.21565232 0.31667745 0.4755137 0.42397025 0.18524928 -0.21743673 -0.36442938 -0.3040122 -0.41373006 -0.27531534
-0.051642895 -0.06409463 -32767.0 0.01939176 0.2152316 0.40439194 0.24085711 0.1613687 0.13880324 0.11004682 0.087392874 0.10025878 0.1247381 -32767.0 -32767.0 -32767.0 -32767.0 -32767.0 -32767.0 -32767.0 -32767.0 0.15001664 0.112316415 0.0050822566 0.14865708 0.37086868 0.26332203 0.19448556 0.39503396 0.47065473 0.22215684 0.10112598 0.092428066 0.015585214 -0.14351174 -0.32595533 -0.27085477 -0.145789 -0.17348029 0.032076042 0.29040143 0.69902766 0.45364085 0.12423274 -0.20222619 -0.40440285 -0.049955264 0.20981456 0.2968749 0.540012 0.49385858 0.23398295 -0.18508969 -0.23929676 -0.35900053 -0.2540711 0.012632535
0.03527217 0.053148203 -32767.0 -0.005874292 0.03681746 0.16039978 0.25341752 0.3115391 0.21223903 0.1831665 0.05466184 0.14717996 -32767.0 -32767.0 -32767.0 -32767.0 -32767.0 -32767.0 -32767.0 -32767.0 -32767.0 -32767.0 -32767.0 0.030995388 0.08489425 0.5307869 0.55122906 0.6932222 0.7212165 0.38078156 0.20770147 0.045690842 0.063583106 0.0050966498 -0.1946257 -0.23995976 -0.35037982 -0.30808294 0.03315385 0.35109732 0.52202517 0.4931081 0.36265016 0.050482016 -0.22548898 -0.40412363 0.014346179 0.25613156 0.35745373 0.39959076 0.57723546 0.40775117 -0.04785159 -0.43101647 -0.5116086 -0.28462982 0.22677766
-0.01103204 0.06765335 0.05458982 0.07174377 0.07269045 0.08284951 0.10513851 0.15277012 0.17878951 0.1885495 0.11417667 0.10715132 -32767.0 -32767.0 -32767.0 -32767.0 -32767.0 -32767.0 -32767.0 -32767.0 -32767.0 -32767.0 -32767.0 -32767.0 -0.11514999 0.42385766 0.59434724 0.6911635 0.7089298 0.5553926 0.38603407 0.28025317 0.11368667 0.15285806 0.1228274 -0.0056676324 -0.14363389 -0.12297985 0.39628708 0.45710662 0.449462 0.3585734 -0.004847802 -0.15914097 -0.3487789 -0.18981196 0.0505108 0.29141203 0.076219834 -0.21168827 0.58941334 0.5153772 -0.05159876 -0.29579946 -0.6259285 -0.29068097 0.3690927
0.13123903 0.07754331 0.020548098 -0.018983793 0.019892795 0.03106904 0.00054124463 0.019388732 0.10173302 0.18725353 0.10867019 0.06314645 -32767.0 -32767.0 -32767.0 -32767.0 -32767.0 -32767.0 -32767.0 -32767.0 -32767.0 -32767.0 -32767.0 -32767.0 -32767.0 0.08078407 0.20142992 0.46281037 0.84218705 0.69378555 0.52092916 0.3937125 0.23716992 0.23048754 0.1947903 0.18339877 -0.11821186 0.16653623 0.4916031 0.40881777 0.37228847 0.22011247 -0.15399295 -0.18745576 -0.0635708 -0.09708592 0.045940567 0.19371375 0.13693722 0.05801762 0.61008173 0.47461835 -0.018415023 -0.14074165 -0.51341045 -0.19739781 0.1974229
0.15921815 0.109360814 0.018687656 -0.074833006 -0.021854855 -0.04014787 -0.10071657 -0.15389968 -0.0028300697 0.15544774 0.055677682 -32767.0 -32767.0 -32767.0 -32767.0 -32767.0 -32767.0 -32767.0 -32767.0 -32767.0 -32767.0 -32767.0 -32767.0 -32767.0 -32767.0 -32767.0 -0.053747557 0.2913364 0.5356523 0.8704414 0.45748353 0.4575199 0.26540938 0.2626929 0.28142044 0.075840116 -0.059828106 0.3502671 0.36186236 0.361254 0.3189606 0.21977502 -0.03093182 -0.21061574 -0.24137795 0.06235137 0.39255598 0.3504574 0.1364426 0.11199462 0.21734594 0.07034081 -0.15983424 -0.004140489 -0.2078573 -0.22269587 0.011827128
0.14701459 0.1384552 0.108777486 0.06995503 -0.040223494 -0.062492073 -0.1229372 -0.08524502 0.094046794 0.19909945 -32767.0 0.18968938 -32767.0 -32767.0 -32767.0 -32767.0 -32767.0 -32767.0 -32767.0 -32767.0 -32767.0 -32767.0 -32767.0 -32767.0 -32767.0 -32767.0 -0.08146736 0.1244417 0.28932008 0.7797595 0.54135394 0.362515 0.40700388 0.28878826 0.20805475 -0.039968602 0.06786115 0.36808214 0.46105516 0.27178094 0.30177578 0.18057804 0.12350834 -0.1341112 -0.013458986 0.34857887 0.22369826 -0.040293775 0.011479551 0.057691846 -0.09942402 -0.22954953 -0.3489652 -0.3576332 -0.30495495 -0.2894622 -0.16892716
0.26510057 0.3197628 0.31773603 0.07381946 0.051295586 0.11230088 0.062178984 0.033167657 -0.04410276 0.1270885 0.11956616 0.24250744 0.1287536 -0.05158305 0.10660991 0.005337206 0.039637562 -32767.0 -32767.0 -32767.0 -32767.0 -32767.0 -32767.0 -32767.0 -32767.0 -32767.0 -32767.0 -0.0040974007 0.24115482 0.70879525 0.58263 0.23513995 0.28364486 0.30307648 0.23738796 0.111607455 0.06453027 0.33419064 0.5509638 0.22804627 0.08233885 0.07103512 0.04226782 0.059052788 0.10607041 -0.0953186 -0.13638641 -0.013149043 -0.09917261 -0.1546075 -0.23667935 -0.3781006 -0.45087624 -0.37102664 -0.26844072 -0.33993953 -0.23434941
0.020442493 0.1060256 0.4358061 0.12561557 0.060359895 0.15762742 0.08064203 0.052572362 0.08829869 0.11351456 -0.0032076882 0.108129516 0.11101903 0.13017721 0.15358305 0.09984015 -0.014259653 -32767.0 -32767.0 -32767.0 -32767.0 -32767.0 -32767.0 -32767.0 -32767.0 -32767.0 -32767.0 -32767.0 0.13510892 0.60448813 0.65409434 0.21141337 -0.036933817 0.04611975 0.27679446 0.21187107 0.04567409 0.38811672 0.4965877 0.29425937 0.19366176 0.26829925 0.40953413 0.27780586 0.032078013 -0.22956166 -0.22959304 -0.13934247 -0.19961691 -0.18927082 -0.27116537 -0.44315866 -0.4868907 -0.34127843 -0.29614943 -0.2285741 -0.19124639
-32767.0 -32767.0 0.2720118 0.113967694 0.07563264 0.091247365 0.07688811 0.10810854 0.1246373 0.1792418 0.114430614 0.04647485 0.025382403 0.108385965 0.10079955 0.14685494 0.19667901 0.0068896916 0.04957478 -32767.0 -32767.0 -32767.0 -32767.0 -32767.0 -32767.0 -32767.0 -32767.0 -32767.0 -32767.0 0.37465325 0.8166207 0.07477606 0.05839712 -0.056457095 -0.01267897 0.122738995 0.10177483 0.27218416 0.45391306 0.36091724 0.33368325 0.4026898 0.4912694 0.40555894 0.029537845 -0.38989142 -0.23743327 -0.18209095 -0.25438643 -0.2799991 -0.36171496 -0.48579213 -0.39719927 -0.3278301 -0.26442873 -0.100498326 0.011944803
-32767.0 -32767.0 0.27975008 0.17900673 0.10142314 0.12871665 0.1034464 0.14812143 0.28285116 0.34118432 0.28786904 0.11561767 0.0130199 0.03528378 0.17258167 0.19595252 0.038210418 -32767.0 0.030421536 -32767.0 -32767.0 -32767.0 -32767.0 -32767.0 -32767.0 -32767.0 -32767.0 -32767.0 -32767.0 0.3485711 0.9050411 0.14511496 -0.026376816 -0.07571506 -0.080566145 -0.1288623 0.01311041 0.07819469 0.07050059 0.15417579 0.24321564 0.3597321 0.40814626 0.31189668 0.0141219655 -0.47826084 -0.2559334 0.028313871 -0.12989825 -0.28702456 -0.42092526 -0.55792075 -0.3921787 -0.20698337 -0.17432302 -0.0155227445 0.0055375774
0.07357162 0.16092889 0.2313518 0.12166083 0.11998863 0.15324734 0.1636391 0.222007 0.2467588 0.29419714 0.34877408 0.20190968 0.046126533 0.034820687 0.15330313 0.096810214 -32767.0 -32767.0 -32767.0 -32767.0 -32767.0 -32767.0 -32767.0 -32767.0 -32767.0 -32767.0 -32767.0 -32767.0 -32767.0 0.31104532 0.92918485 0.20969494 0.070788525 -0.13743317 0.030291032 0.05703268 0.006049665 -0.043940365 -0.03715283 -0.02857513 0.110207744 0.13437134 0.07879552 0.16863953 0.11496817 -0.18858853 -0.034845524 0.078108236 -0.15561476 -0.21923801 -0.3727415 -0.43529335 -0.32657436 -0.19799647 -0.065170646 0.22875573 0.19796467
0.14617011 0.17605469 0.16047487 0.034222174 0.050290607 0.026315913 0.21317679 0.25662044 0.22546549 0.2786573 0.4143276 0.43074352 0.3561695 0.21573532 0.105314955 0.09666887 0.16331498 -32767.0 -32767.0 -32767.0 -32767.0 -32767.0 -32767.0 -32767.0 -32767.0 -32767.0 -32767.0 -32767.0 -32767.0 0.12344355 1.033595 0.34142357 0.028420633 0.037876688 -0.07861528 -0.16717358 -0.24551652 -0.20052454 -0.105560936 -0.09208229 0.00667513 0.04025188 0.05490068 0.26777935 0.22581677 -0.010410274 -0.11786351 -0.07105657 0.22225964 0.040054366 -0.16821548 -0.3095479 -0.23809536 -0.14273588 -0.108103134 0.42889956 0.13151768
0.046586324 -0.011600805 0.019096043 0.10623909 0.07209005 0.0024837046 0.08689485 0.19659099 0.25198877 0.28226364 0.39302602 0.505098 0.53865516 0.3963587 0.14710258 0.10748062 0.06499926 0.17562968 -32767.0 -32767.0 -32767.0 -32767.0 -32767.0 -32767.0 -32767.0 -32767.0 -32767.0 -32767.0 -32767.0 0.07815234 1.119322 0.41530055 -0.23460536 0.20619959 0.024467498 -0.20036663 -0.36301658 -0.43545225 -0.11228205 0.09613055 -0.050691646 -0.07417964 0.24023545 0.23378147 -32767.0 0.045968 -0.19986843 -0.05461143 0.29060444 0.15394564 -0.044149626 -0.19952899 -0.08699181 -0.085592225 -0.06198599 0.40209314 -32767.0
0.01934347 0.031395916 -0.030451795 -0.004140813 -0.0108226575 -0.04475745 0.13570875 0.19674057 0.19242778 0.23814915 0.33555293 0.46206877 0.5461364 0.46541315 0.2948289 0.042499572 0.054612193 0.24681477 -32767.0 -32767.0 -32767.0 -32767.0 -32767.0 -32767.0 -32767.0 -32767.0 -32767.0 -32767.0 -32767.0 -32767.0 0.93735296 0.39522362 -0.22379088 0.15365967 -0.0008887169 -0.17577 -0.24162589 -0.10328437 0.14659882 0.06692067 -0.17795351 -0.4118642 0.24479365 0.2683279 -0.032171007 0.11664008 -0.14450014 -0.1456461 0.091429554 0.13511087 0.071487404 -0.14427443 0.07217465 0.22563387 -0.05530339 0.049239535 -32767.0
-0.019371763 0.012776345 -0.014166186 -0.035231367 0.00020282436 0.14286232 0.21121965 0.2570743 0.20337772 0.22691943 0.3170932 0.43976477 0.46565995 0.5105016 0.4193014 0.12386619 0.11984644 0.21367124 0.04120193 -32767.0 -32767.0 -32767.0 -32767.0 -32767.0 -32767.0 -32767.0 -32767.0 -32767.0 -32767.0 0.7057735 0.7647084 0.22544804 -0.20295708 0.14539742 0.08147651 -0.069650695 -0.05554286 -0.05299565 0.09376747 0.03534126 -0.18149109 -0.21828875 0.09246003 0.024564806 -0.07447666 -0.14036053 -0.18660097 -0.11259769 0.043929383 0.019794248 -0.03848633 -0.08755021 -32767.0 -0.011964929 -0.25690326 -0.17756225 -32767.0
0.061407484 0.013495633 -0.02791433 0.02761279 0.07555369 0.30438107 0.4052926 0.36541718 0.31746522 0.3521836 0.40112546 0.50391436 0.5165884 0.57256025 0.23431295 0.039715465 0.18251525 0.0003028044 -32767.0 -32767.0 -32767.0 -32767.0 -32767.0 -32767.0 -32767.0 -32767.0 -32767.0 -32767.0 -32767.0 0.72329235 0.59096014 0.10791786 -0.020187058 0.062632084 0.057487752 0.027617088 0.0457516 -0.051746152 -0.1291641 0.018725788 -0.03211495 0.08862765 0.087922834 -32767.0 -32767.0 -0.03066801 -0.05162628 -32767.0 -32767.0 -32767.0 -32767.0 -32767.0 -32767.0 -32767.0 -32767.0 -32767.0 -32767.0
0.14843546 0.06403369 0.053631064 0.10605806 0.21486014 0.37072185 0.3947842 0.45920742 0.4184102 0.40858138 0.40428805 0.40196988 0.34829465 0.35012463 0.1199279 0.20407763 0.07015715 -32767.0 -32767.0 -32767.0 -32767.0 -32767.0 -32767.0 -32767.0 -32767.0 -32767.0 -32767.0 -32767.0 0.6338525 0.70679915 0.5916401 -0.037088588 -0.18178144 0.13006258 0.1306666 0.17429297 0.034878008 -0.13937399 -0.1607345 0.101422295 0.14084925 0.017955609 -32767.0 -32767.0 -32767.0 -32767.0 -32767.0 -32767.0 -32767.0 -32767.0 -32767.0 -32767.0 -32767.0 -32767.0 -32767.0 -32767.0 -32767.0
0.09483724 0.081234656 0.09142238 0.07618079 0.16060077 0.20821658 0.23388672 0.35737866 0.44282895 0.26637226 0.1824614 0.32173836 0.19000778 0.10355706 0.045677718 0.023743542 -0.0024197868 -32767.0 -32767.0 -32767.0 -32767.0 -32767.0 -32767.0 -32767.0 -32767.0 0.110843524 0.11830052 0.39123258 0.55523485 0.55446655 0.27194306 0.028904974 -0.08228842 0.08146442 0.3294363 0.22694834 -0.048840128 -0.18884104 -0.15777774 -0.062150553 -32767.0 -32767.0 -32767.0 -32767.0 -32767.0 -32767.0 -32767.0 -32767.0 -32767.0 -32767.0 -32767.0 -32767.0 -32767.0 -32767.0 -32767.0 -32767.0 -32767.0
-0.05615302 -0.024170034 -0.0005464959 0.011428351 0.09946512 0.16565537 0.2406893 0.42439657 0.4089946 0.23420693 0.33730334 0.49548554 0.3534539 0.024029624 0.077856556 0.054997522 0.06607395 -32767.0 -32767.0 -32767.0 -32767.0 0.0052520456 0.10348524 0.10210682 0.040120862 0.1944216 0.35107788 0.6211059 0.51082253 0.24895987 0.111058325 -0.034468956 0.07745434 0.37167948 0.4433188 0.1354852 -0.13835892 -0.16082552 -0.07994025 -32767.0 -32767.0 -32767.0 -32767.0 -32767.0 -32767.0 -32767.0 -32767.0 -32767.0 -32767.0 0.13939898 0.13982293 -32767.0 -32767.0 -32767.0 -32767.0 -32767.0 -32767.0
0.0175662 0.010059435 -0.02040011 0.019249633 0.028110929 0.015486773 0.14407057 0.2584758 0.26943535 0.32019264 0.43309346 0.5009746 0.5500823 0.0943367 -0.09046498 0.18785992 -32767.0 0.002107067 -32767.0 0.022396494 -32767.0 0.014762884 -32767.0 0.108795375 0.13129948 0.18177295 0.37988675 0.6494124 0.16872221 0.14412923 -0.11097415 0.13914946 0.20893201 0.40476742 0.31224847 0.0008975144 -0.15434577 -32767.0 -32767.0 -32767.0 -32767.0 -32767.0 -32767.0 -32767.0 -32767.0 0.08989903 -0.05420537 0.030700767 0.028343631 0.2970137 0.026782531 0.065318 0.123578794 -32767.0 -32767.0 -32767.0 -32767.0
0.04208459 0.05834722 0.047476184 0.13463458 0.1288576 0.14796442 0.28040415 0.34428376 0.38095155 0.39181262 0.4277533 0.40702674 0.3556336 0.3172756 0.04988133 0.015934985 0.087974176 0.11732482 0.07215796 0.1686134 0.20668371 0.22644545 0.2707894 0.14100651 0.18724805 0.048535425 0.25968683 0.6422727 -32767.0 0.33311996 0.25911042 0.18957794 0.24885686 0.3127674 0.3544207 -32767.0 -32767.0 -32767.0 -32767.0 -32767.0 0.031939756 0.11394212 0.08195934 0.062438678 0.09809896 0.15402201 -0.017645754 -32767.0 -32767.0 0.07400265 0.019285752 0.032444358 -32767.0 -32767.0 -32767.0 -32767.0 -32767.0
0.023451526 0.23580253 0.11748837 0.03764284 0.22306485 0.2808868 0.35653335 0.3774201 0.3592459 0.36791193 0.3118837 0.21241769 -0.01602422 0.15589324 0.1609425 0.13178712 0.16987312 0.17787027 0.3757218 0.31900918 0.08093835 0.18583597 0.37428728 0.27589446 0.40926337 0.3568675 0.12228165 0.38244623 0.36529914 0.33543685 0.1976902 0.17096017 0.070728265 0.10073369 0.12827054 0.02054691 -32767.0 0.25313392 0.25810844 -32767.0 -0.020273576 0.09576974 -0.06947339 -32767.0 -0.025848966 -0.07620005 -32767.0 -32767.0 -32767.0 -32767.0 0.031583123 -0.04908215 -32767.0 -32767.0 -32767.0 -32767.0 0.5699199
0.10609442 0.16018835 0.15779616 0.064362414 0.3272899 0.29399794 0.27196577 0.3016031 0.20464669 0.15464616 0.18278952 0.23388343 0.21789001 0.20046245 0.15476425 0.16071038 0.25180012 0.28734496 0.3196823 0.37003008 0.19707097 0.112888254 0.33088923 0.4564316 0.642306 0.491217 0.22896284 0.16814896 0.15393393 0.17893432 -32767.0 0.0060897567 0.06683401 -32767.0 -32767.0 -0.007986014 -0.024991106 0.07463995 0.06305901 0.14499468 0.19391456 -0.034276385 -32767.0 -32767.0 -32767.0 -32767.0 -32767.0 -32767.0 -32767.0 -32767.0 0.0016894653 0.09996277 -0.09976574 -32767.0 -32767.0 0.42661908 0.366005
