static/data/ASCData/20210120/ASCV/00.asc
ncols 97
nrows 97
xllcorner 99.0
yllcorner 2.0
cellsize 0.25
NODATA_value -32767
[rows 19 to 37 of 97, columns 43 to 85 of 97]
0.09553413437099456 -0.25506771829769903 -0.534328039075971 -1.2503142239942566 -2.019645878704479 -2.8400734954443276 -3.954222554291588 -4.851776151453514 -5.114647201392095 -4.954289433764526 -4.6136496869003505 -4.247301279895482 -3.7845453973630176 -3.4808618494510877 -3.380276716650628 -3.080449467759802 -3.0120001601352087 -3.1585395229371556 -3.4249455136450813 -3.8478529729594726 -4.409265838781845 -5.122359799434302 -5.875302183304833 -6.570400081858806 -7.160413832087698 -7.694511246510585 -8.124167229111908 -8.468984633248946 -8.804804006336742 -9.023648975784386 -9.071531355296425 -8.8626484916533 -8.661478226052381 -8.467056483738393 -8.262993993871646 -7.966058969246649 -7.8635456869356375 -7.649521091264373 -7.569502886576467 -7.503303086714184 -7.655626898047787 -7.976663791554684 -8.075320774844592
-0.07928475458571427 -0.5237232167679355 -1.0089741769235059 -2.2696625985727135 -3.3108633342707585 -3.9622565105855543 -4.3870921194104975 -4.9816048851640105 -5.14196265279158 -4.982568959919287 -4.425012393118019 -4.0217077871609055 -3.6643574112052804 -3.509141375605849 -3.367422386580282 -3.14086481909043 -3.1427929686009817 -3.3118274090260345 -3.7228446130253556 -4.20231112464927 -4.8206044010329245 -5.5108819258105175 -6.192482777790627 -6.7882809765511745 -7.3458375433524425 -7.8069866346261145 -8.21896791338071 -8.551895062202679 -8.843045638296022 -8.965161773964311 -8.867468865429679 -8.649587970737311 -8.381253830518833 -8.17590590764505 -8.057967429249626 -7.983733673093375 -8.057967429249626 -8.191652461981224 -8.186832088204845 -8.231822243451058 -8.326301569468102 -8.29320166953696 -7.881220390782364
-0.5500745934121452 -0.711075077543232 -1.4113147081253432 -3.082377617270354 -4.026528160937286 -4.293255509896969 -4.5921186840325205 -4.851776151453514 -4.971964137611251 -4.823496625298752 -4.315750587520076 -3.981538005691074 -3.7247727625359075 -3.5647363531600966 -3.4288018126661854 -3.342999159446624 -3.3995582117561476 -3.5705208016917527 -3.9612924358302783 -4.589226459766692 -5.192737256569448 -5.868553660017902 -6.491345951926177 -7.072361671105827 -7.577536842870434 -7.996266644911962 -8.322445270446998 -8.598813366959442 -8.791306959762878 -8.820550560672915 -8.653444269758413 -8.35779467814045 -8.110670182538044 -8.007192825471757 -7.997230719667239 -8.092031403936042 -8.339155899538447 -8.591100768917235 -8.660514151297104 -8.509154414718777 -8.267814367648027 -7.909499916937126 -7.357727798667513
-0.8614707393662828 -1.265739420078672 -2.166185241506426 -4.03745434149708 -4.631967107250594 -4.738658046834467 -4.37713001360598 -4.549056678296861 -4.621362284942558 -4.508886896827028 -4.3048244069602815 -4.070554241428221 -3.817645297294159 -3.7074194169409402 -3.6036207016228943 -3.7032417596680776 -3.7884016963841214 -4.033598042475976 -4.446543395985849 -4.975820436632356 -5.550087632525074 -6.188626478769523 -6.743290821304963 -7.300204671602714 -7.72182669791007 -8.095887702957146 -8.403427549890178 -8.656336494024242 -8.652480195003138 -8.526507760313745 -8.246283364780197 -7.966058969246649 -7.749142149309556 -7.697403470776413 -7.757176105603523 -7.907571767426574 -8.191652461981224 -8.369363575203762 -8.343012198559553 -8.079498432117454 -7.725682996931174 -7.21022436111029 -6.68191139521906
-1.3428654005007497 -1.9730489321994737 -3.258160580982339 -4.78332684382892 -5.1602800731418235 -4.90062260572083 -4.538451855988825 -4.121328845206089 -4.1936344518517865 -4.21420137996434 -4.094977468561879 -4.016887413384525 -3.829214194357471 -3.7434115411379096 -3.9024838757584446 -4.003069008558904 -4.328283559338663 -4.574443980185794 -4.881983827118828 -5.3106757349648746 -5.840916850366657 -6.370515249264922 -6.918109710261672 -7.4152509257323125 -7.838158385046704 -8.134129334916427 -8.442633256604736 -8.435884733317803 -8.32437341995755 -7.9464561158893705 -7.554077690492052 -7.3390890200655114 -7.321414316218785 -7.2696756376856415 -7.348729767618271 -7.499125429441322 -7.53543891189005 -7.621241565109611 -7.510051610001116 -7.24621648530726 -6.893686483128014 -6.491345951926177 -5.963032986034946
-1.346078983018336 -2.2911936014405434 -3.649574931624382 -4.572515830675242 -4.551948902562688 -4.37713001360598 -4.569623606409414 -4.1525005956266785 -3.8995916514926163 -3.92497895338155 -3.7405193168720814 -3.672070009247488 -3.587231430783203 -3.646682707358554 -3.880952872890614 -4.285542911854762 -4.612685612145074 -4.959109807540905 -5.250260383634247 -5.506061552034137 -6.004166842260054 -6.468850874303071 -6.996199765439025 -7.488520607133286 -7.744321775533177 -8.041256800158173 -8.094923628201869 -8.03258012736069 -7.639880343711613 -7.1253857826460045 -6.809811979419004 -6.8213808764823165 -6.839055580329043 -6.881153511309426 -6.9602076412420555 -6.994271615928473 -6.963099865507884 -6.867335106483804 -6.728829699975823 -6.509020655772903 -6.196660435063489 -5.830312028058621 -5.536269227699451
-0.9572354983903624 -1.8997792507985003 -2.8712452458649174 -3.1202978909778754 -3.2453062509119928 -3.931727476668482 -4.291327360386418 -4.169211224718129 -3.889950903939857 -3.518782123158609 -3.226667472309991 -2.9737585281759285 -3.0560262406261445 -3.256232431471787 -3.7884016963841214 -4.205203348915099 -4.668280589699322 -5.0423415947463965 -5.401620120212574 -5.643924242038601 -6.090933570234892 -6.561723409061322 -7.066577222574171 -7.348729767618271 -7.577536842870434 -7.6504851660196485 -7.667195795111099 -7.394683997619759 -6.875369062777771 -6.412291821993548 -6.417112195769927 -6.536336107172389 -6.565579708082426 -6.599965041020602 -6.675162871932128 -6.705370547597441 -6.728829699975823 -6.608641713818086 -6.361517218215679 -6.121462604151963 -5.860519703723935 -5.520844031615036 -5.231621605032245
-0.5783541195669069 -1.3370809519690936 -2.2523092529777458 -2.575595654246954 -3.1485774171326373 -3.732806718829874 -3.7356989430957017 -3.629008003511828 -3.373206835111938 -2.8439297944654314 -2.320437202350581 -1.9904022777944412 -2.2433112219285034 -2.878315127403608 -3.4847181484721914 -4.0480591638051155 -4.572515830675242 -5.038485295725293 -5.439540393920096 -5.844130432884244 -6.221083662197147 -6.699586099065786 -7.156557533066595 -7.382151025801171 -7.472774052797112 -7.454456632446869 -7.238503887265052 -6.870227330749632 -6.508056581017627 -6.259968010659945 -6.310742614437812 -6.331309542550366 -6.361517218215679 -6.401686999685512 -6.4964876839543155 -6.674198797176852 -6.793101350327555 -6.75132477759893 -6.492310026681452 -6.184770179748419 -5.809745099946067 -5.432791870633164 -5.112397693629784
0.1890493856327633 -0.6194879757920149 -1.3370809519690936 -2.7327398393569364 -3.4847181484721914 -3.2922245556687564 -2.8506783177523634 -2.5489229193509853 -2.2921576761958193 -1.9338432254849178 -1.6857546551272353 -1.7024652842186856 -2.0482467631109995 -2.682929310334345 -3.2591246557376152 -3.8108967740072273 -4.321535036051731 -4.790396725367611 -5.281432134054837 -5.815529548477723 -6.372443398775474 -6.859622508441596 -7.189657432997736 -7.322378390974061 -7.326556048246924 -7.2150447348866695 -6.988487167396817 -6.711154996129097 -6.519625478080939 -6.468850874303071 -6.337093991082022 -6.237472933036838 -6.2287962602393545 -6.345127947375988 -6.580362187663324 -6.812704203684833 -6.891758333617462 -6.810776054174281 -6.628244567175364 -6.364409442481508 -6.040158966457024 -5.725870596237058 -5.347953292168879
-0.4231380839674761 -0.6641567727864681 -1.3428654005007497 -4.36266889227684 -4.30289625744973 -2.809865819779014 -2.330399308155099 -2.2757684053561276 -1.9669431254160594 -1.6847905803719594 -1.5745647000187404 -1.6818983561061316 -1.9573023778632996 -2.4036689895560728 -2.8635326478227094 -3.3928096884692156 -3.95133033002576 -4.5246334511632025 -5.190809107058897 -5.7952839786169275 -6.464994575281967 -6.883081660819978 -7.143703202996249 -7.209260286355014 -7.055008325510859 -6.879225361798874 -6.832307057042111 -6.870227330749632 -6.728829699975823 -6.472064456820657 -6.395902551153856 -6.3528405454181955 -6.360553143460404 -6.524767210109077 -6.783460602774795 -7.005197796488267 -7.126349857401281 -7.046974369216893 -6.787316901795899 -6.6272804924200885 -6.348984246397092 -5.917078756033458 -5.351809591189983
-1.7503476637307251 -1.7705932335915207 -2.513894869909292 -5.500277103502482 -4.548092603541584 -2.923947999153337 -2.409453438087729 -2.351930311022929 -1.9132762973723638 -1.6770779823297517 -1.5716724757529126 -1.7230322123312396 -2.0061488321306156 -2.2638781500410574 -2.6916059831318284 -3.2141345004914035 -3.7951502196710534 -4.485749102700405 -5.2210167827242095 -5.934753459880184 -6.534407957661837 -6.789245051306451 -6.8557662094204925 -6.890794258862186 -6.725937475709996 -6.6009291157758785 -6.715975369905477 -6.7882809765511745 -6.754217001864757 -6.544048705214596 -6.504200281996523 -6.458246051995035 -6.536336107172389 -6.777676154243139 -7.02383657509027 -7.234647588243948 -7.395648072375034 -7.33716087055496 -7.123136274883694 -7.100962555512347 -6.996199765439025 -6.711154996129097 -6.303030016395605
-2.7902629664217358 -3.7209164635148033 -5.131036472231786 -6.548226362487458 -4.957181658030353 -3.0226049824432444 -2.4261640671791787 -2.19639291717174 -1.754203962751829 -1.717890480303101 -1.6661518017699573 -1.9454121225482295 -2.2217802190606735 -2.503290047601256 -2.805045446002634 -3.3272526051104503 -3.9690050338724863 -4.678885412007357 -5.42893557161206 -6.090933570234892 -6.540192406193492 -6.733650073752203 -6.801135306621521 -6.744254896060239 -6.625352342909536 -6.6905880680165435 -6.832307057042111 -6.831342982286834 -6.775748004732587 -6.679983245708508 -6.699586099065786 -6.687695843750715 -6.843875954105422 -7.052116101245032 -7.298919238595679 -7.547971883708637 -7.740465476512073 -7.749142149309556 -7.699331620286965 -7.644700717487993 -7.557933989513156 -7.510051610001116 -6.9544231927104
-3.7238086877806316 -5.463963621053754 -7.136954679709317 -7.455420707202145 -4.71423481970081 -2.814686193555394 -2.192536618150636 -1.9630868263949555 -1.771878666598555 -1.7403855579262069 -1.8284377189080787 -2.163293017240598 -2.3927428089962786 -2.787370742155908 -3.1231901152437036 -3.6759263082685916 -4.3176787370306275 -4.963287464813767 -5.69180662155064 -6.226868110728803 -6.59578738374774 -6.734614148507479 -6.767714048438621 -6.705370547597441 -6.5948233089924635 -6.661344467106506 -6.908468962708912 -6.934820339353122 -6.964063940263159 -7.016766693551579 -7.062720923553067 -7.0977489729947605 -7.281565893000712 -7.502339011958909 -7.749142149309556 -7.956418221693889 -8.108742033027493 -8.301878342334444 -8.309912298628412 -8.216075689114884 -8.016833573024517 -7.777743033716076 -6.022805620862057
-4.781398694318368 -6.384012295838786 -7.776457600709042 -7.235611662999224 -4.453291919272781 -2.763911589777526 -2.1417620143727683 -2.105769890175799 -1.9152044468829157 -1.9894382030391653 -2.1183028619943864 -2.4171660361299363 -2.623156675507235 -3.0540980911155926 -3.5316364532289555 -4.08533672100912 -4.693667891588255 -5.3389552611196365 -5.879158482325938 -6.339022140592574 -6.68673176899544 -6.799207157110969 -6.8213808764823165 -6.761929599906965 -6.651703719553746 -6.649775570043194 -6.895614632638566 -6.994271615928473 -7.104818854533451 -7.439674152865971 -7.4698818285312845 -7.4894846818885625 -7.83912245980198 -8.061823728270728 -8.273598816179682 -8.479589455556981 -8.634162774652895 -8.88417949452113 -8.868432940184956 -8.77845262969253 -8.42977892653439 -7.297955163840403 -5.538197377210003
-5.666419319661706 -6.70826277186327 -7.626061938885991 -6.59803689151005 -3.943617731983552 -2.344860429484239 -2.2552014772435736 -2.2188879947948457 -2.3117605295530974 -2.4152378866193844 -2.552136501868572 -2.7786940693584246 -3.0206768329326925 -3.43008724567322 -3.926907102892102 -4.5111364045893385 -5.119467575168475 -5.595077787771285 -6.10089567603941 -6.403615149196064 -6.761929599906965 -6.900756364666704 -6.952495043199848 -6.904612663687808 -6.91618156075112 -6.915217485995844 -7.032513247887754 -7.104818854533451 -7.295062939574575 -7.675872467908582 -7.651770599026683 -7.65273467378196 -8.064715952536556 -8.49437193513788 -8.70743245605387 -8.935918173054272 -9.102703105717016 -9.3119073276119 -9.264989022855136 -9.13516028914464 -8.478625380801706 -7.168126430129906 -5.072549270411711
-6.025697845127884 -7.00230557222244 -7.3175580171976815 -5.6018263110582165 -3.130259996782394 -2.3831020614435188 -2.3487167285053427 -2.5479588445957093 -2.6739312792851027 -2.915271326355853 -3.060846614402524 -3.241449951890889 -3.514925824137505 -3.9005557262478923 -4.370381490319048 -4.937900162924834 -5.41222494252061 -5.871445884283729 -6.245506889330805 -6.509984730528179 -6.817524577461213 -6.950566893689296 -7.035405472153581 -7.16716235537463 -7.222757332928878 -7.320450241463509 -7.427141181047383 -7.594890188465401 -7.728896579448761 -7.740465476512073 -7.642772567977441 -7.705437427070379 -8.09010325442549 -8.533577641852435 -8.837261189764366 -9.110737062010982 -9.250206543274238 -9.368466379921424 -9.24731431900841 -8.800947707315636 -8.10681388351694 -6.6722706476663 -4.639036988789284
-6.526695359619628 -6.981738644109885 -6.811740128929556 -4.898694456210277 -3.1456851928668095 -2.534461798021846 -2.6292624822906494 -2.878315127403608 -3.1575754481818796 -3.4143406913370455 -3.6106905831615848 -3.813788998273055 -4.039382491007632 -4.408301764026569 -4.865594556279136 -5.31163980972015 -5.724906521481782 -6.060725894569577 -6.370515249264922 -6.66520076612761 -6.878261287043599 -6.958279491731504 -7.087144150686725 -7.250394142580122 -7.383115100556447 -7.511979759511668 -7.657555047558339 -7.9114280664476775 -8.112598332048595 -8.048969398200382 -7.972807492533581 -7.974735642044132 -8.260101769605818 -8.528435909824296 -8.808981663609604 -8.988620926342692 -9.07538765431753 -8.897676541094992 -8.555751361223782 -7.653698748537235 -6.114392722613273 -4.400589165984361 -2.7083166122232787
-6.678055096197956 -7.130206156422385 -6.563651558571874 -4.4552200687833325 -3.1260823395095314 -2.7767659198478722 -2.929089731181475 -3.256232431471787 -3.5910877298043067 -3.8555655710016805 -4.094013393806604 -4.328283559338663 -4.527525675429031 -4.858524674740446 -5.248332234123696 -5.632033986723531 -5.98842028792388 -6.309778539682536 -6.593859234237188 -6.857694358931044 -6.970812463550091 -7.101926630267623 -7.255214516356502 -7.3586918734227895 -7.432925629579039 -7.4894846818885625 -7.56179028853426 -7.6983675455316884 -7.931030919804956 -8.180083564917915 -8.168193309602843 -8.001087018688342 -8.025510245822002 -8.19550876100233 -8.360686902406279 -8.420138178981631 -8.330479226740966 -8.025510245822002 -7.172946803906286 -5.375268743568364 -2.678108936557965 0.07785943052426836 1.1219523904881417
-6.644633838015055 -6.990415316907369 -6.380155996817682 -4.488641326966233 -3.406628093294838 -3.2356655033592334 -3.4474405912681876 -3.7472678401590134 -4.017851488139802 -4.260155609965828 -4.518849002631546 -4.707164938162119 -4.906407054252485 -5.241583710836764 -5.68473674001195 -6.049156997506266 -6.2766786397513945 -6.489417802415625 -6.7249734009547195 -6.95924356648678 -7.184837059221357 -7.3458375433524425 -7.4894846818885625 -7.5939261137101255 -7.603888219514643 -7.547007808953362 -7.5042671614694605 -7.395648072375034 -7.437746003355419 -7.582357216646813 -7.7873837812688365 -7.756212030848246 -7.611600817556852 -7.638916268956337 -7.71700632413369 -7.71700632413369 -7.45156440818104 -6.933856264597846 -5.725870596237058 -3.407592168050114 -0.36240137438509024 1.7556708629562112 1.8180143637973902
