static/data/ASCData/20210120/ASCV/06.asc
ncols 97
nrows 97
xllcorner 99.0
yllcorner 2.0
cellsize 0.25
NODATA_value -32767
[rows 19 to 37 of 97, columns 43 to 85 of 97]
0.20970220377922066 0.14040961574151445 -0.31568040402905917 -1.1592573340204375 -1.9366443291698279 -2.757813208303242 -3.7451464030295627 -4.550112537696448 -4.878993776442576 -4.7883273552788115 -4.992412987708274 -5.267859643639256 -5.262688554979725 -5.210977668384422 -5.080321494920289 -4.865548945927797 -4.753163952394005 -4.671116012329457 -4.64939743995943 -4.748337602978443 -4.912433483107539 -5.15650886783737 -5.507798157441462 -5.864258535705085 -6.200379298574555 -6.6026899962860135 -7.027408744855437 -7.446611665521361 -7.998194455871261 -8.296049162660207 -8.37913132045666 -8.048871124734658 -7.557617702079279 -6.8781366522169956 -6.195552949158994 -5.562611697232484 -5.331291664529494 -5.108590112925722 -5.0227500411775186 -4.891749128469417 -4.785224702083093 -4.80694327445312 -5.062739793477887
-0.39669412636170076 -0.500115899552307 -1.1203017994519757 -2.477540202956699 -3.3917886779616584 -4.144699186789271 -4.745234949782725 -5.362318196486676 -5.5822618341386985 -5.461947837993627 -5.260964858759882 -5.0117183853705205 -4.937599447917253 -4.760748215761316 -4.6018234242917515 -4.510812263884017 -4.536322967937701 -4.501159565052895 -4.605615555975406 -4.729721683804135 -4.939667883381065 -5.237522590170011 -5.537100993178801 -5.909419376664983 -6.224855784896333 -6.616479566044761 -7.061537930008337 -7.543138653832593 -8.00888137243429 -8.214001222595659 -8.069555479372779 -7.706200316229783 -7.1653044424429115 -6.5578738945700845 -6.10454178875126 -5.568472264379952 -5.441608222599474 -5.452295139162503 -5.376107766245424 -5.238556807901917 -5.104797981242067 -5.062739793477887 -5.119277029488751
-1.095825313130199 -1.1837338203422143 -1.8652833056683096 -3.3955808096453133 -4.202270640532042 -4.803840621257402 -5.470911058336813 -5.831163568284091 -5.8625348394852415 -5.537100993178801 -4.999307772587648 -4.656292224838804 -4.4142852755727855 -4.349819036950641 -4.315689851797741 -4.334305770972049 -4.395669356398476 -4.430832759283282 -4.59699707487619 -4.7803983526675315 -4.97000493685031 -5.255104291612414 -5.5753670492593255 -5.964922394943942 -6.269671886612262 -6.6016557785541075 -7.074293282035178 -7.527625387854003 -7.83306435801026 -7.956136268107081 -7.787214038562424 -7.436614227446269 -7.008792825681128 -6.584074077111705 -6.156252675346564 -5.736360276192702 -5.633972720734002 -5.712918007602831 -5.657414989323873 -5.505040243489713 -5.328189011333776 -5.215804017799984 -5.173056351547866
-1.4436672102946047 -1.8876913565262743 -2.6409466045978567 -4.1777941542102655 -4.7014530657987015 -5.221664584947451 -5.709125875919176 -6.091786436724419 -5.740497147120326 -5.212011886116328 -4.549078319964542 -4.191583723969013 -4.015766709544982 -4.028522061571824 -4.060582811260912 -4.163315105963581 -4.230539258537474 -4.526670269106577 -4.7414428180990695 -4.961041716507124 -5.195464402405831 -5.506074461221619 -5.873221756048271 -6.2207189139687085 -6.427907199593889 -6.751962088924455 -7.07636171749899 -7.450403797205016 -7.558651919811185 -7.618291809017768 -7.462124931499952 -7.198399409863906 -6.85572860135903 -6.598897864602359 -6.1965871668909 -6.0500729882042075 -5.97078296209141 -5.977677746970784 -5.89183767522258 -5.702231091039802 -5.498145458610339 -5.336118013945056 -5.215804017799984
-1.912167842848051 -2.5909594142223966 -3.545887120015661 -4.613544558586686 -4.98827611678065 -5.461258359505689 -5.949409128965351 -5.590880315237916 -5.238556807901917 -4.518741266495297 -3.8964869311318164 -3.6534457641338918 -3.6672353338926396 -3.7168777850241304 -3.874078880273852 -3.976811174976521 -4.3205162012133025 -4.617336690270342 -5.005168339735116 -5.266825425907349 -5.593982968433634 -5.922174728691824 -6.284495674102915 -6.440662551620731 -6.648540315733849 -6.845041684796001 -7.170130791858473 -7.2959606159070445 -7.375250642019843 -7.423858875419428 -7.360426854529189 -7.117385687531264 -6.8164283275466 -6.558908112301991 -6.487547088800472 -6.34103291011378 -6.242437486338735 -6.184866032595965 -5.99422523068128 -5.70809165818727 -5.493319109194777 -5.32715479360187 -5.2071855367007664
-2.1369378299156354 -2.839171669879852 -3.7599701905202165 -4.230539258537474 -4.372227087808605 -4.979657635681432 -5.177882700963428 -4.818664408748056 -4.042311631330572 -3.2883669047710518 -3.1066893231995536 -3.039120431381691 -3.1935636126796627 -3.401441376792781 -3.6065612269541507 -4.017835145008794 -4.362574388977482 -4.823490758163618 -5.244417375049385 -5.636730634685751 -6.015943803051307 -6.3331039075025 -6.586142512575517 -6.704388073256776 -6.836078464452815 -7.032235094270998 -7.184609840105159 -7.280447349928454 -7.366287421676657 -7.457988060572328 -7.490393549505384 -7.267691997901612 -6.946395022522795 -6.749204174972706 -6.676808933739282 -6.6037242140179195 -6.49616556989969 -6.266913972660512 -5.971817179823316 -5.628112153586534 -5.420234389473416 -5.263722772711631 -5.173056351547866
-1.7756511022364507 -2.276557223722954 -2.796079264383766 -2.796079264383766 -3.1408185083524534 -3.777551891962619 -3.7510069701770306 -2.756089512083398 -1.902515144016928 -2.092121728199706 -2.2265700333474943 -2.5185641729889725 -2.794010828919954 -3.0908313179769937 -3.594840092659215 -4.044035327550414 -4.522533398178953 -4.994136683928118 -5.499179676342245 -5.927001078107386 -6.355511958360465 -6.680945804666906 -6.841939031600283 -6.868483953385872 -7.008792825681128 -7.188746711032783 -7.336984585939319 -7.376974338239686 -7.410414044904649 -7.608639110186644 -7.740329501382683 -7.543138653832593 -7.3059580539821365 -7.103596117772517 -6.984661078603319 -6.905371052490522 -6.700251202329152 -6.406533366467831 -6.028354415834181 -5.735670797704764 -5.558819565548828 -5.3957579031516385 -5.311641527623279
-1.3047372949752236 -1.5312309782626514 -2.023518618649937 -2.107634994178297 -2.3068942771921983 -2.463061154710014 -1.4133301568253602 -0.38393877433485923 -0.4153100455360098 -1.0382538593874282 -1.7063585141987447 -2.261043957744363 -2.6378439514021386 -3.1935636126796627 -3.743422706809719 -4.31844776574949 -4.836935588678396 -5.284407127349753 -5.7549761953670115 -6.246229618022391 -6.670948366591814 -6.945360804790889 -6.999140126850005 -7.0694669326196165 -7.188746711032783 -7.341121456866943 -7.382145426899216 -7.358703158309345 -7.429029964078958 -7.771700772583833 -7.946483569275958 -7.926833432369743 -7.68586070083563 -7.459022278304234 -7.312508099617541 -7.169096574126567 -6.936742323691672 -6.679911586935 -6.358614611556183 -6.13867097390416 -5.919072075496106 -5.7139522253347375 -5.517795595516554
-0.8879475490170805 -1.0117089376018393 -1.7597930970138913 -2.4709901573212933 -2.139695743867385 -1.2881898112647268 -0.1584793087793377 0.4472275428736463 0.1638518843313852 -0.6252562451129405 -1.5567416823163343 -2.4044554832353366 -2.8957089058907166 -3.5176185020102286 -4.103675216756998 -4.676976579476925 -5.1544404323735575 -5.5753670492593255 -6.087994305040763 -6.63785339917082 -7.029477180319249 -7.237354944432368 -7.266657780169706 -7.266657780169706 -7.2501102964592095 -7.241491815359992 -7.24735238250746 -7.280447349928454 -7.443509012325642 -7.7258504531359975 -7.949241483227707 -8.107476796209335 -7.976820622745202 -7.821343223715324 -7.682758047639912 -7.472811848062981 -7.210120544158841 -7.0246508309036875 -6.842973249332189 -6.6905985034980295 -6.545118542543243 -6.431699331277545 -6.148668411979252
-1.0989279663259173 -1.436772425415231 -2.3506761611762217 -3.9785348711963637 -3.0539442188723442 -1.1875259520258699 -0.18950584073651955 0.017337705644693058 -0.17295835702602247 -0.7238516688879851 -1.7011874255392143 -2.652667738892792 -3.3469725762457285 -3.971984825560959 -4.535288750205795 -5.045158092035483 -5.507798157441462 -5.984572531850157 -6.490305002752222 -6.906405270222428 -7.260797213022238 -7.443509012325642 -7.414206176588304 -7.260797213022238 -7.106698770968235 -6.988453210286975 -6.992245341970631 -7.106698770968235 -7.353532069649815 -7.618291809017768 -7.837890707425822 -7.973717969549484 -7.939588784396584 -7.850646059452663 -7.737571587430933 -7.571407271838026 -7.473846065794887 -7.354566287381721 -7.274586782780986 -7.106698770968235 -6.90330261702671 -6.597863646870453 -6.132810406756692
-0.6962725293704902 -1.769790535088983 -3.1721897795536043 -5.347839148239991 -4.295005497159619 -2.08315850785652 -0.782457340362662 -0.5625137027106394 -0.6455958605070931 -1.128920280551193 -1.9142362783118632 -2.8274505355849167 -3.6651668984288275 -4.3574033003179515 -4.934841533965503 -5.3947236854197325 -5.830129350552185 -6.258984970049233 -6.7140407720879 -7.093943418941394 -7.3997271283416195 -7.464882845451702 -7.410414044904649 -7.2042599770113736 -6.9229527539329245 -6.806775628715477 -6.895718353659398 -7.05291944890912 -7.370424292604281 -7.749982200213806 -7.971994273329641 -8.007847154702384 -8.037149990439723 -7.9502757009596134 -7.8185853097635745 -7.7199898859885305 -7.650697297950824 -7.674139566540695 -7.781353471414956 -7.695513399666753 -7.546930785516249 -7.30768175020198 -6.901578920806866
-1.4240170733883897 -3.1846003923364767 -5.15650886783737 -6.466862734162351 -5.091008411483319 -2.5195983907208785 -1.1778732531947467 -0.9241451696337926 -1.0344617277037726 -1.4426329925626986 -2.156243227577882 -3.0070596816926027 -3.9075185869388145 -4.6007892065598455 -5.180985354159146 -5.645693855028937 -6.0800653024294835 -6.5178841422697165 -6.8781366522169956 -7.215981111306309 -7.361461072261095 -7.366287421676657 -7.2480418609953965 -6.9229527539329245 -6.733690908994115 -6.962942506233293 -7.134967388973667 -7.325263451644383 -7.551757134931811 -7.861332976015692 -8.065418608445155 -8.13195328253111 -8.182629951394508 -8.094031965694557 -8.00888137243429 -7.944415133812146 -8.05093956019847 -8.253990974896027 -8.477726744231704 -8.635962057213332 -8.690430857760385 -8.830394990811673 -8.239511926649342
-2.465129590173826 -4.900712348812603 -6.622340133192229 -7.056711580592776 -4.963110151970936 -2.465129590173826 -1.3381770016401864 -1.0851383965671697 -1.3771325362086482 -1.817364550756662 -2.439618886120143 -3.180808260652821 -4.0188693627407 -4.704210979750451 -5.285441345081659 -5.697404741624241 -6.132120928268756 -6.5178841422697165 -6.888823568780024 -7.2032257592794675 -7.287342134807827 -7.2421812938479295 -6.911231619637989 -6.646471880270037 -6.86917343187381 -7.099803986088861 -7.3438793708186925 -7.526591170122097 -7.703442402278033 -7.94062300212849 -8.141605981362234 -8.312596646370704 -8.38188923440841 -8.51564806106826 -8.432910642515775 -8.55287989941688 -8.670091242366233 -9.104807429010748 -9.304756190512586 -9.676040356266862 -9.963208146492779 -10.076282618514508 -8.469797741620425
-3.73273579024669 -5.9563039138447245 -7.013963914340658 -6.857452297578874 -4.713174200093637 -2.6154359005441736 -1.4895175297424401 -1.4464251242463542 -1.7373850461559266 -2.1631380124572557 -2.7502289449359303 -3.3528331433931964 -4.109535783904465 -4.7783299172037195 -5.318536312502653 -5.73153392677714 -6.065586254182799 -6.450315250451854 -6.833320550501066 -7.172199227322285 -7.221841678453777 -7.05291944890912 -6.655435100613223 -6.541326410859588 -6.763683223219391 -7.172199227322285 -7.416274612052116 -7.585196841596773 -7.782387689146862 -8.021636724461132 -8.252956757164121 -8.480484658183455 -8.71800999727788 -8.85176882393773 -9.057922891831007 -9.178926366464015 -9.392664697724602 -9.854615284642643 -10.070422051367041 -10.49617501766837 -10.704397521025458 -10.540301640896361 -8.925887761391
-4.917259832523101 -6.072481039062173 -6.757133177583986 -6.418254500762766 -4.4142852755727855 -2.466853286393669 -2.1241824778887937 -2.081090072392708 -2.1907171519747504 -2.5957857636379584 -3.036362517429941 -3.593805874927309 -4.309829284650273 -4.893817563933229 -5.420923867961353 -5.8077212996942205 -6.141773627099878 -6.44342046557248 -6.809878281911195 -7.148756958732415 -7.190470407252626 -6.986384774823163 -6.607516345701575 -6.537189539931963 -6.66922467037197 -7.077395935230896 -7.276655218244798 -7.4376484451781755 -7.721024103720437 -8.06369491222531 -8.328109912349294 -8.582182735154218 -8.855560955621387 -8.979667083450114 -9.185821151343388 -9.47953898720471 -9.721890675714699 -10.1204092417425 -10.413092859871917 -10.676818381507962 -10.50893036969521 -10.263820767233474 -7.704131880765971
-5.14857986522609 -5.969748744359504 -6.245195400290485 -5.522621944932116 -3.740320053614001 -2.848824368710975 -2.541316963090906 -2.666112569407571 -2.7822896946250184 -3.049117869456783 -3.4190230782351847 -3.964055822949679 -4.5539046693801035 -5.108590112925722 -5.4795295394360295 -5.874255973780177 -6.216926782285053 -6.53029475505259 -6.817462545278506 -7.1184199052631705 -7.200467845327718 -7.126004168630481 -6.7891939272730735 -6.621305915460323 -6.685772154082468 -6.844007467064095 -7.030511398051155 -7.159443875295445 -7.49142776723729 -7.936830870444835 -8.161256118268449 -8.36051540128235 -8.673883374049888 -8.726628478377098 -8.834187122495328 -9.134799743236023 -9.368188211402824 -9.697414189392921 -9.93666322470719 -9.76291464574697 -9.441617670368155 -7.650697297950824 -5.095834760898881
-5.501937590293995 -5.699473177088053 -5.548132648985798 -4.698350412602983 -3.561745125238221 -2.9122563896012137 -2.9101879541374016 -3.108413019419397 -3.3038801707496424 -3.5186527197421347 -3.8847657968368807 -4.393600920934664 -4.849690940705238 -5.303712525011999 -5.6201831509752544 -5.907350941201171 -6.224855784896333 -6.5099551396584365 -6.812636195862945 -7.086014416330114 -7.159443875295445 -7.097735550625049 -6.8771024344850895 -6.773680661294483 -6.815738849058663 -6.893649918195586 -6.971905726576479 -7.142896391584947 -7.397658692877807 -7.585196841596773 -7.641734077607638 -7.7558427673612735 -8.199522174348974 -8.446355473030554 -8.587009084569779 -8.651475323191923 -8.756965531846342 -8.583216952886124 -8.491516313990452 -7.7268846708679035 -6.193484513695182 -3.695503951898072 -1.7363508284240203
-5.548132648985798 -5.493319109194777 -5.072392492309009 -4.183654721357733 -3.411438814867873 -3.1925293949477567 -3.2980196036021754 -3.447291696240617 -3.600700659806683 -3.8858000145687877 -4.314655634065835 -4.781432570399438 -5.2561385093443205 -5.549856345205642 -5.70533374423552 -5.934585341474698 -6.167284331153562 -6.402396495540207 -6.724727688650929 -7.001208562313817 -7.172888705810223 -7.172888705810223 -7.031545615783061 -6.989487428018881 -7.008103347193191 -7.0156876105605015 -7.0694669326196165 -7.245283947043648 -7.430753660298802 -7.446611665521361 -7.649663080218918 -7.802037826053078 -8.103684664525678 -8.308804514687049 -8.333970479496763 -8.156429768852888 -7.737571587430933 -7.218049546770121 -6.3331039075025 -4.902436045032447 -2.932940744239335 -0.6642117796814022 0.18522571745744387
-5.632938503002096 -5.40851325517848 -4.710071546897919 -3.9602636912660234 -3.5782926089487184 -3.5410607706001 -3.6044927914903386 -3.7210146559517545 -3.9433714683115584 -4.339132120387611 -4.751095516930193 -5.175124787011678 -5.59777510011729 -5.819442433989156 -5.9483749112334445 -6.109368138166822 -6.241403268606829 -6.41722028303086 -6.669914148859908 -6.90054470307496 -7.210120544158841 -7.452472232668828 -7.4924619849691965 -7.417308829784022 -7.332158236523757 -7.235631248212524 -7.212878458110591 -7.26286564848605 -7.420066743735772 -7.517627949778911 -7.853748712648381 -8.102650446793772 -8.129195368579362 -8.055765909614031 -7.761703334508741 -7.301821183054512 -6.4151518475670475 -5.501248111806057 -4.229505040805568 -3.268716767864836 -1.8583885207889357 -0.5656163559063576 -0.14365552128868408
