static/data/ASCData/20210120/ASCV/12.asc
ncols 97
nrows 97
xllcorner 99.0
yllcorner 2.0
cellsize 0.25
NODATA_value -32767
[rows 76 to 94 of 97, columns 43 to 85 of 97]
-6.76870716176407 -6.677778885409027 -6.619260687754792 -6.56734454316924 -6.7804108012949165 -7.078103376028257 -7.190338278195867 -7.17863463866502 -7.069400669710448 -6.979372673319316 -6.868338144436921 -6.7753092148327525 -6.06048692348717 -5.358568644957652 -4.746078176176655 -4.0909744557705245 -3.6825474454760925 -3.6642417528765625 -3.396558510273599 -3.0361464313877704 -2.589907662609064 -2.1259633878734343 -1.559687290573219 -1.1104475885814744 -0.6669096596945017 -0.21376874452580763 0.5790778103587542 0.9667983814832257 0.2939891551201721 -0.9042834768457841 -2.6973410716358135 -3.6837478187613075 -2.45036426820281 -0.6065909021124436 1.709829445031362 2.8954981575025593 3.1610807468563964 2.9522157952289723 2.902400303892546 3.077054616891341 3.6268255815198485 3.878903971415016 4.269625475752525
-6.671777018982952 -6.556541183602304 -6.4139968559830125 -6.410095642806064 -6.703286817719848 -6.958966327470661 -7.061598243356549 -6.959866607434572 -6.860235624761719 -6.848531985230872 -6.646569179993435 -6.147513986665264 -5.400281616618876 -4.656350273106828 -3.9259231290534506 -3.2753208084668755 -3.0712573499803115 -3.054752217308604 -3.500990986087311 -3.3983590702014217 -3.265717822185155 -3.002836072723052 -2.3222244200061004 -1.6875270454486253 -1.231385197066894 -0.13184326780987865 0.6961142056672247 1.2899988885273865 0.5076555998884569 -0.2773885286422071 -1.5899967160249 -2.8740960378837346 -2.7627614156800355 -0.9423953286513629 0.42182890999557854 1.5918927697589798 2.0633393775272033 1.9991194067681963 2.2833077820428676 2.872991158404777 3.611220728812053 4.269625475752525 4.653144740378744
-6.6456689000295235 -6.497122705984157 -6.315566246595376 -6.272352808327633 -6.486319346417222 -6.673877672232078 -6.468913933781603 -6.367182297859625 -6.389689296957407 -6.416097509232139 -5.9443508081426115 -5.269440928530432 -4.65815083303465 -4.027354671654125 -3.344642365688047 -3.053851937344693 -2.849788478858129 -3.079960056298121 -3.643535313706602 -4.158195359742569 -4.271630635195394 -3.9403276084760313 -3.0322452182108215 -2.4161536295741803 -1.235286410243843 -0.13484420102291628 0.5682744507918183 1.1717621199337014 0.5088559731736719 -0.06642292376565662 -1.1473590671018383 -1.944406928484653 -2.0809493896778686 -1.8759856512273934 -0.5096607593313256 0.3125949410410058 0.7852419220944444 1.4550502152444604 2.1035518825819093 2.962719061474604 3.9443243154592382 4.644442034060935 4.961940768000324
-6.829025919346128 -6.665174965914268 -6.403493589737381 -6.287057381071518 -6.321268019700147 -6.113303348036634 -5.942550248214789 -5.786201627815524 -5.801806480523321 -5.614248154708464 -5.13079781408809 -4.69146119169937 -4.402471323283838 -3.844897932301432 -3.4415725084691644 -3.205098971281793 -3.2071996245309196 -3.454176427963923 -3.906417063168705 -4.550717424007901 -4.758682095671414 -4.073268949813602 -3.059553710449465 -1.5293778651215382 -0.13004270788205563 0.4638419749781062 1.0253165791374612 0.6856109394215926 0.011601339773323893 -0.3028964609530278 -0.9501977550052612 -1.10054450897845 -1.915898062960795 -1.944406928484653 -1.5479836510423721 -0.7959497878551227 0.10553054934140427 1.187366972641497 2.4834700273524826 3.6580352869354407 4.5118007860446685 4.90432285031 5.209817851397238
-7.10061037512604 -6.8848432771086285 -6.522630638294977 -6.472815146958552 -6.5058254123019665 -6.260649168796785 -6.095597842079712 -5.850721691895835 -5.456999254345288 -5.122995387734191 -4.9120297828576405 -4.757781815707503 -4.54981714404399 -3.97843946028161 -3.638733820565742 -3.527399198362043 -3.5538074106367747 -3.7725754418672235 -4.115282014796129 -4.331949392777452 -4.438482521840291 -3.6210283146088194 -1.9041944234299477 0.17965359970343542 1.539976625173428 1.645609474272355 0.6453984343668875 0.12293596197702295 -0.442439855359281 -0.43553770896929445 -0.6221957548202397 -0.7257279506700405 -1.7841570949084395 -2.0731469633239707 -1.8447759458118012 -1.4552548147595068 -0.5135619725082745 0.9854041674040595 2.7403499103885105 4.361153938750175 4.978445900672031 5.209817851397238 5.407279256815119
-7.215846210506688 -6.920854475665081 -6.472815146958552 -6.4530089877525025 -6.58414976916225 -6.611458261400894 -6.48061757331245 -6.196429198037778 -5.753791549114718 -5.29794979405429 -5.064477190079956 -4.999957125999646 -4.435481588627253 -3.750068442769441 -3.429568775617014 -3.409162429768357 -3.588918329229316 -3.8644039981861775 -4.000946459379393 -3.800784214069778 -3.279222021643825 -2.129864601050383 0.019403766127221722 1.9177941166948749 2.5527915845736535 1.5369756919603903 0.18355481288038433 -0.25968302268528465 -0.6239963147480623 -0.5516738243138537 -0.32120215355255777 -0.6915173120414106 -0.8730737714301919 -0.888678624137988 -0.8553682654732695 -0.7695415755803912 -0.32120215355255777 1.0214153659605119 2.8816938647225863 4.463785854636065 5.068473897063162 5.331055553203962 5.5165132257696925
-7.46672422711664 -7.034289751117907 -6.5058254123019665 -6.448207494611642 -6.518729425118028 -6.790914067540548 -6.9541648343298 -6.816421999851369 -6.281355607966746 -5.630753287380172 -5.390678630337154 -4.999957125999646 -3.970637033927712 -3.4178651360861667 -3.019641298716063 -2.950319741494892 -3.1162713481758773 -3.299928460813785 -3.1981968248918067 -2.737253483369215 -1.6797246190947273 0.16704968020867694 2.036030885288561 1.9463029822187332 1.3143064475529922 0.18445509284429562 -0.7032209515722578 -0.6864157255792467 -0.5174631856852239 -0.39262436402285505 -0.37882007124288153 -0.4940559066235295 -0.21376874452580763 -0.15224961365853495 -0.18165875914630458 -0.11713869506599384 0.1874560260573337 1.3164071008021185 3.564406170688664 4.766580015831569 5.290843048149256 5.5996390757708365 5.738282190213178
-7.6338762070828405 -7.2236486368605854 -6.805618640284433 -6.619260687754792 -6.611458261400894 -6.908250556170323 -7.347587178559043 -7.329281485959513 -6.754902868984097 -5.998067512655986 -5.446195894778352 -4.594831142239555 -3.5361019046798523 -3.2363086766973854 -2.8065750405903858 -2.5821052362551655 -2.6172161548477066 -2.4971788263261985 -2.202187091484592 -1.1845706389435058 0.1289378284030982 1.714931031493526 2.7217441244676763 1.8895853444923203 0.2471745969967838 -0.5888853961555212 -0.3311052331555824 -0.013606499216193058 0.5850796767848294 0.32039736739490365 0.1766526664903978 0.22166666468596352 0.3603097791283054 0.23337030421681026 0.20996302515511633 0.6991151388802623 1.401333510731086 1.6639151668718846 3.811382974121668 4.9022221970608735 5.387773190930375 5.6347499943633785 5.710973697974536
-7.659084046072357 -7.338884472241234 -7.199341077834981 -6.864436931259972 -6.92475568884203 -7.1630297859572245 -7.627874340656764 -7.871250024234123 -7.363192031266839 -6.283156167894568 -5.455198694417465 -4.424978322381621 -3.730562376884696 -3.4052612165914082 -3.0556524972725154 -2.7744650552108827 -2.467769680838429 -2.237298010077133 -1.2451894898468674 0.258878236527631 1.7266346710243727 2.136562147925324 2.5831010100253344 1.5156690661478223 0.12593689519006057 -0.2842906750321941 -0.133943921059005 0.15144482750088084 0.8086492011561388 0.5010535468197737 0.2225669446498748 0.20306087876512935 0.36331071234134305 0.24327338381983488 0.3281997937488019 0.9070798105437756 2.3964429641743887 3.3876512044407434 4.385761591097085 4.8064924275649705 5.326254060063102 5.693268192017612 5.760789189310961
-7.606567714844197 -7.443316948054946 -7.426811815383238 -7.190338278195867 -7.292069914117845 -7.484429733073562 -7.9990897791095295 -8.260771155286417 -7.842741158710265 -6.69548439136595 -5.472604107053084 -4.384765817326915 -3.8683052113631264 -3.7881802945750196 -3.503991919300349 -3.2020980380687556 -2.880998184273721 -1.9873202734310922 -0.7617391492264929 1.0253165791374612 2.272504422475932 2.1992816520778113 1.7851528686786082 1.0556260045891417 0.4677431881550551 0.045811978401953724 -0.1114369219612219 0.14244202786176796 0.5205596127045187 0.4434356291294499 0.11723418887225101 -0.15735120012069892 -0.048717417808734176 -0.12494112141989167 -0.04601657791699987 0.7177209248010961 2.257799849732047 3.9512264618492248 4.617133541822292 4.87011221168137 5.349661339124795 5.664159139851147 5.54502209129355
-7.662084979285394 -7.600565848418122 -7.60836827477202 -7.622172567551993 -7.682791418455355 -7.8253357460746455 -8.333993925684538 -8.731617576412033 -8.315388139763703 -7.082904869169117 -5.736386136479099 -4.341852472380476 -3.677745952335232 -3.6690432460174227 -3.7335633100977335 -3.4376712952922155 -2.8203793333703593 -1.9053947967151628 -0.1786578259332665 1.4511490020675115 2.102651602617998 1.7206328045982975 1.1816651995367256 1.0088114464657538 0.4551392686602971 0.3399034332796491 0.18565546612951067 0.14844389428784321 0.25497702335068206 0.03710927208414461 -0.19816389181801197 -0.4064286568028286 -0.21196818459798505 -0.28128974181915645 -0.005804072862294785 0.7762391224553316 2.262601342872907 3.9413233822461997 4.535208065106362 4.868011558432244 5.3340564864169995 5.408179536779031 5.266535489123651
-7.756014188853475 -7.8895557168336525 -7.842741158710265 -7.982584646437822 -7.96968063362176 -8.13683261358796 -8.345697565215385 -8.743321215942881 -8.58487194229449 -7.447218161231895 -6.200330411214727 -4.6161377680521225 -3.6318316741757553 -3.1483813335553807 -3.2636171689360287 -2.9287130223610207 -2.3114210604391645 -1.1416572939970666 0.6366957280490779 1.17086183996979 1.4268414430419059 1.0487238581991551 0.6024850894204481 0.4755456145089534 0.4071243372516937 0.29098822190713447 0.2666806628815288 0.24327338381983488 -0.00010229975752329423 -0.4844529203418091 -0.5888853961555212 -0.6954185252183596 -0.42383406943844726 0.27718392912716094 0.5535698780479335 1.4697547879883457 2.890696664361699 3.956027954990085 4.476389774130823 4.807692800850186 5.1591020800969005 5.1816090791946845 4.560415904095879
-7.924966728747497 -8.11132468127714 -7.994288285968668 -8.11132468127714 -8.061509189940713 -8.191449598065246 -8.262871808535543 -8.016495191745147 -7.77552025473822 -7.6239731274798155 -6.682580378549887 -5.241232156327877 -3.9259231290534506 -3.0079376591852163 -2.4200548427511297 -2.0185299788466846 -0.8280597732346262 0.4374337627033742 0.478546547721991 0.278384302412376 0.3417039932074717 0.36721192551829196 0.09382690981055708 -0.05261863098568309 -0.06942385697869424 -0.1222402815281578 -0.13004270788205563 -0.23747611690880577 -0.45504377485403946 -0.8670719050041167 -0.9102853432718594 -1.178868865838734 -0.4259347226875736 0.4629416950141949 1.4598517083853206 2.402444830600464 3.409257923574615 4.148387773945802 4.533107411857236 4.706861444892119 5.003953832982852 5.004854112946763 4.313439100662876
-7.792025387409927 -7.930668501852269 -7.835839012320278 -7.861346944631098 -7.810631173330761 -7.842741158710265 -7.66808684571147 -7.35929081808989 -7.158228292816363 -7.195439864658031 -6.698185231257684 -5.414085909398849 -4.118282948009167 -2.9776282337335354 -2.0497396842622764 -0.7011202983231315 0.6033853693843594 0.8866734646951189 0.3134952210049171 -0.6026896889354947 -0.6044902488633173 -0.2959943145630408 -0.07512563008346573 -0.10633533549905794 -0.04391592466787353 -0.1651536264745972 -0.577181756624674 -0.8535677055454469 -1.130853934430131 -1.3271149665627968 -1.3994374569970056 -1.1239517880401442 -0.25878274272137336 0.8944758910490171 2.019525752616853 2.9618187815106927 3.7762720555291267 4.240216330264755 4.557715064204145 4.731469097239028 5.085879309698781 4.982347113848981 3.9707325277339693
-7.473626373506627 -7.512638505276117 -7.399503323144596 -7.304673833612604 -7.3935014567185195 -7.416908735780214 -7.169931932347211 -6.726694096781541 -6.416097509232139 -6.272352808327633 -5.755892202363844 -4.704065111194128 -3.634832607388793 -2.5478945976265357 -1.2490907030238165 0.3251988605357643 1.113243922279466 0.7666361361736107 -0.1786578259332665 -1.0489284577142015 -1.050729017642024 -0.7257279506700405 -0.43163649579234553 -0.20416575824408723 -0.0517183510217718 -0.2059663181719098 -0.7899479214290475 -1.5155735723415649 -1.8651822916604575 -1.579193356457964 -1.023420525403381 -0.5633774638447004 0.2666806628815288 1.256688529862668 2.253898636555098 3.233403237290605 4.0535582844138105 4.569418703734992 4.740171803556837 4.811594014027135 5.173806652840787 4.86531071854051 3.667938366538465
-7.17863463866502 -6.98447425978148 -6.964968193896736 -6.96766903378847 -6.829025919346128 -6.867137771151706 -6.890545050213401 -6.696384671329861 -6.2012306911786395 -5.26854064856652 -3.935526115335171 -3.1972965449278954 -2.420955122715041 -1.1827700790156832 0.054514684719763284 0.8974768242620548 1.0253165791374612 0.6835102861724662 0.07822205710276098 -0.6534054602358319 -0.507860199403503 -0.3593140053581365 -0.06942385697869424 0.12683717515397186 0.24507394374765745 -0.0031032329705609207 -0.5147623457934896 -0.7764437219703777 -0.8262592133068036 -0.7626394291904042 -0.40912949669456244 0.26548028959631376 1.164859973543714 1.9922172603782098 2.7781616688727855 3.651433233866758 4.418771856440499 4.87881491799918 5.038164471611482 5.074175670167934 5.261733995982791 4.763579082618532 3.263712662742286
-6.9112514893833605 -6.681680098585976 -6.605456394974818 -6.60635667493873 -6.5499391305336205 -6.540036050930596 -6.1583173462322005 -5.773597708320766 -5.0428704709460845 -3.7872800146111083 -1.952209354838551 -1.254792476128588 -0.7188258042800539 0.12983810836700949 0.7333257775088922 0.5448671717301243 0.3711131386952409 0.3456052063844206 0.39932191089779545 0.5859799567487407 0.30089130151015864 0.2996909282249436 0.21386423833206525 0.1445426811108943 0.14244202786176796 0.097728122987506 0.09262653652534203 0.022404699340259793 0.41102555042864264 0.7783397757044579 0.7606342697475355 0.7597339897836242 1.5000642134400257 2.3448269129101407 3.1835877459541795 4.004943166362599 4.734470030452066 5.155200866919952 5.298945567824459 5.278239128654498 5.285141275044484 4.636639607707036 2.7607562562371664
-6.608457328187856 -6.518729425118028 -6.556541183602304 -6.547838477284494 -6.648369739921257 -6.286157101107607 -5.15630574639891 -3.061654363698591 -2.133765814227332 -1.6953294718025234 -0.5948872625815964 -0.25488152954442445 -0.11023654867600685 0.15324538742870342 0.25377665006546657 0.21686517154510287 0.19915966558818043 0.2225669446498748 0.4941514004297871 0.7774394957405466 0.659202727146861 0.2684812228093514 -0.2059663181719098 -0.14054597412768777 -0.0031032329705609207 0.43833404266728593 0.5565708112609715 0.6622036603598986 0.7471300702888657 0.9385896092806711 1.0196148060326893 0.7108187784111095 0.8152512542248216 1.8691789986436644 3.346538419422127 4.294833314742042 4.895620143992191 5.339758259521771 5.610442435337772 5.471499227574126 5.36826712504563 4.656145673591782 2.7997683880066564
-6.543036984143634 -6.307763820241478 -6.41219629605519 -6.544837544071457 -6.588951262303111 -6.254947395692014 -3.820290279954523 -1.68152517902255 -0.7950495078912114 -0.4532432149262169 -0.22367182412883224 -0.1435469073407254 -0.11923934831512017 -0.25788246275746207 -0.2059663181719098 -0.11233720192513319 -0.11713869506599384 -0.1435469073407254 0.0007979802063879937 -0.08412842972257906 -0.2569821827935508 -0.5243653320752104 -0.6582069533766921 -0.5255657053604255 0.13073838833092077 0.574276317217894 0.7051170053063376 0.7549324966427635 0.6366957280490779 0.3963209776847578 -0.05561956419872072 -0.26478460914744906 -0.22457210409274353 1.6396076078462798 3.215697731333683 4.547811984601121 5.110186868724387 5.598738795806925 5.925840516028035 5.8526177456299155 5.522515092195768 4.774382442185467 2.9090023569612296
