static/data/ASCData/20210120/ASCV/15.asc
ncols 97
nrows 97
xllcorner 99.0
yllcorner 2.0
cellsize 0.25
NODATA_value -32767
[rows 19 to 37 of 97, columns 43 to 85 of 97]
-0.6468342123042818 -0.5266675357825295 -0.4006390701621547 -0.661488685050837 -0.9973692004018815 -1.5304989189215585 -2.3918888269640717 -3.029651480894153 -3.1281295377510037 -3.0489953849196056 -3.1468872628665943 -3.0744941674986115 -2.7453547096109823 -2.4906599732758536 -2.4232493986417 -2.4056640313458337 -2.264981092978904 -2.190829460881335 -2.214276617275823 -2.364631507655479 -2.5334510336957945 -2.7219075532164942 -2.996239283032007 -3.3177584150914274 -3.6858787704848934 -4.003294650175278 -4.216956862820052 -4.416257692173203 -4.60676583787842 -4.745397150060832 -4.7248808882156546 -4.364673948105329 -3.8303718717659274 -3.301931584525148 -2.9417246444148217 -2.8880892741624296 -2.798110811498581 -2.723959179401012 -2.857607970849595 -3.1117165282748616 -3.565712093963141 -4.16830401330149 -4.779688616287771
-0.8692891085969894 -0.5647691649235729 -0.5149439575852854 -1.2151346654156914 -1.8675517920923275 -2.309823779583363 -2.6712030775134132 -3.123440106472106 -3.4162364719482783 -3.5979519340055623 -3.458441353458357 -2.817747804978965 -2.2884282493733923 -1.6427521801601714 -1.4085737056702197 -1.5530668069512537 -1.7951586967243451 -1.8763444757402608 -2.1369010011740115 -2.3546664661878216 -2.664462020049998 -2.9467071651486503 -3.3684628907945084 -3.769702354595189 -4.062791809526292 -4.082428803006676 -4.1146686430490975 -3.94262513300454 -4.024690180385249 -4.125219863426617 -4.010035707638694 -3.7336523516386633 -3.5246795702727862 -3.2122462113162302 -3.189678323286535 -3.1419047421327653 -3.103803112991722 -3.1594901094286314 -3.290208006327904 -3.551057621216586 -3.9945019665273453 -4.493340218820084 -4.913337407736354
-1.1749814100901301 -0.6544545381324904 -0.7716903201049319 -1.7122143809788428 -2.2901867861029785 -2.7201490164869075 -3.2521063771868604 -3.6946714541328265 -3.9484869221031618 -3.9552279795665775 -3.458441353458357 -2.497401030739269 -1.5639111167837045 -0.9466647246988007 -0.6937285250932583 -0.9065114693732395 -1.3285602844740285 -1.7377131635578489 -2.154486368469878 -2.5472262380775565 -2.95725838552617 -3.4250291555962113 -3.869352769271764 -4.2591617443301315 -4.441756474752209 -4.2814365429048955 -3.8810763474690084 -3.5920901449069405 -3.6213990904000504 -3.769702354595189 -3.7650129233162914 -3.661552345725612 -3.5636604677786234 -3.5188177811741643 -3.500353145513505 -3.4710442000203945 -3.492439730230365 -3.6213990904000504 -3.7972527633587125 -4.005053186904865 -4.290229226552828 -4.655418687396983 -5.003315870400203
-1.1556375060646773 -1.0433842448260648 -1.401539558751873 -2.480694931808196 -2.8391433351889357 -3.2084360484021257 -3.4991807876937804 -4.04608571059522 -4.051947499693842 -3.820699919753201 -2.7855079649365435 -1.6749920202025925 -0.8616687827687806 -0.610784209347756 -0.45339517204975355 -0.797189102683938 -1.2922171920625716 -1.9718916380478004 -2.4906599732758536 -2.9689819637234143 -3.4291324079652465 -3.914488545331154 -4.306056057119108 -4.644867467019464 -4.581267055299414 -4.283488169089413 -3.85762919107452 -3.5783149405251784 -3.5569194103152078 -3.6967230803173443 -3.7512377189345294 -3.801062926272817 -3.789339348075573 -3.8001836579080237 -3.7913909742600906 -3.8089763415559568 -3.877266184554904 -4.038465384767011 -4.221060115189088 -4.412447529259099 -4.61467925316156 -4.882269925513658 -5.090070349059809
-1.276683450951223 -1.4583989130085073 -2.202553039078579 -3.073614899133818 -3.3265510987393605 -3.595021039456251 -3.886058868202837 -3.294311258696939 -3.3001730477955613 -2.8391433351889357 -1.7218863329915692 -0.8051025179670777 -0.45339517204975355 -0.3361593900773121 -0.570630954022195 -0.9153041530211725 -1.665320068189866 -2.3458737825398885 -2.9467071651486503 -3.4660616792865655 -3.982778388330101 -4.405706471795684 -4.73953536096221 -4.767965038090527 -4.704364626370477 -4.316607277496628 -3.889869031116941 -3.7228080418062124 -3.7228080418062124 -3.829492603401134 -3.9162470820607407 -4.000363755625967 -4.015897496737316 -4.026741806569767 -4.054878394243152 -4.073636119358743 -4.172114176215594 -4.32246906659525 -4.462272736597386 -4.618489416075665 -4.810756098510469 -5.018849611511552 -5.226943124512635
-0.9894557851187418 -1.5375330658399051 -2.3889579324147605 -2.897761226175156 -3.0120661135982867 -3.34501573440002 -3.121388480287588 -2.528468512961966 -2.0539566854285094 -1.5979094935557123 -0.9613191974453559 -0.41734516909322794 -0.37631264540287335 -0.3812951661367019 -0.6761431577973922 -1.3625586612460363 -2.1134538447795235 -2.79517991694927 -3.378134842807235 -3.9534694428369908 -4.512977212300467 -4.877287404779828 -4.942646353229465 -4.883149193878451 -4.498322739553912 -4.110565390680062 -3.94262513300454 -3.8107348782855435 -3.922108871159363 -4.036413758582493 -4.13401254707455 -4.177975965314216 -4.175045070764905 -4.18969954351146 -4.219008489004571 -4.345036954624945 -4.455238589679039 -4.486599161356668 -4.524700790497711 -4.657470313581501 -4.876408136415035 -5.068674818849839 -5.134033767299476
-0.5589073758249508 -1.1087431932757008 -1.7796249556129966 -2.0606977428919246 -2.294290038472014 -2.33034004142854 -2.0305095290340214 -1.4416928140774343 -0.9290793574029343 -1.0471944077401691 -0.7423813746118215 -0.6145943722618605 -0.635989902471831 -0.6594370588663192 -1.1339488863997758 -1.8282778051315598 -2.5753628257509424 -3.26793320775314 -3.820699919753201 -4.383138583765988 -4.896631308805281 -5.092121975244328 -4.953490663061915 -4.556940630540133 -4.1876479173269425 -3.9777958675962726 -3.85762919107452 -3.9552279795665775 -4.1008934386673355 -4.213146699905948 -4.3098662200332125 -4.326572318964286 -4.361743053556018 -4.398672324877337 -4.512977212300467 -4.6595219397660195 -4.745397150060832 -4.715208936202929 -4.600904048779798 -4.713157310018411 -4.997454081301582 -5.028521563524278 -5.047279288639869
-0.3897947603297043 -0.8001199972332489 -1.42996923588019 -2.007062372639533 -2.0656802636257536 -1.4613298075578183 -0.5404427401642913 -0.17994271059903388 -0.41031102217488113 -0.6116634777125494 -0.7904480452205225 -0.8704614664167138 -0.8792541500646469 -1.1975492981198252 -1.7406440581071598 -2.446696555036188 -3.1565592148793207 -3.726911294175248 -4.233662961751126 -4.656591045216707 -5.01298782241293 -4.996281723481857 -4.70231300018596 -4.367604842654639 -4.162442224202867 -4.002122292355554 -4.029672701119077 -4.200543853343911 -4.333313376427701 -4.4397048485676915 -4.489530055905979 -4.564854045823273 -4.639884946285635 -4.729863408949484 -4.845926833102201 -4.98660977146913 -5.065743924300529 -5.100914658892261 -5.067795550485046 -5.165394338977103 -5.180928080088452 -5.076588234132979 -4.90952724482225
-0.03632887768279325 -0.4601362295131688 -0.9856456222046375 -2.0648009952609603 -2.1175570971485587 -0.5413220085290846 0.47130205825787774 0.3024825322175624 -0.22009596592459513 -0.4788939546287594 -0.8927362649914776 -1.185825719922581 -1.4044704533011843 -1.8235883738526621 -2.324478252329918 -2.9719128582727254 -3.5988312023703557 -4.127271489611135 -4.621420310624975 -4.952318305242191 -4.8869593567925556 -4.57745689238531 -4.372294273933537 -4.3245206927797675 -4.323641424414975 -4.373466631753262 -4.4681345256960086 -4.538475994879473 -4.582439413119139 -4.666262997229435 -4.688830885259129 -4.839185775638786 -5.0238321322453805 -5.1906000321011785 -5.332455328287832 -5.446467126256032 -5.541428109653709 -5.656612265441632 -5.756262680118208 -5.749228533199862 -5.633165109047145 -5.529704531456465 -5.339196385751247
-0.5949573787814766 -0.7951374764994201 -1.0451427815556513 -3.2746742652165555 -2.553967295540972 -0.14858213892140615 0.6685512614265106 0.08969958793758126 -0.4747907022597242 -0.7834138983021761 -1.2042903555832405 -1.4437444402619521 -1.8156749585695224 -2.280514834090252 -2.812765284245136 -3.43001167633004 -4.026741806569767 -4.547268678527406 -4.8978036666250055 -4.924181717568805 -4.595921528045969 -4.366432484834915 -4.328330855693872 -4.523821522132918 -4.674176412512574 -4.815738619244297 -4.896631308805281 -4.918319928470183 -4.968145135808471 -5.001264244215685 -5.095052869793639 -5.2709065427523 -5.462293956822311 -5.663353322905048 -5.843896427142608 -5.992492780792677 -6.192672878510621 -6.348010289624106 -6.354751347087522 -6.24542898039822 -6.039387093581654 -5.700575683681299 -5.33714475956673
-1.0656590434008286 -1.2687700356680833 -1.9710123696830073 -4.595921528045969 -3.2696917444827265 -0.7942582081346268 0.20488374372550489 -0.24237076449935913 -0.6770224261621856 -1.0530561968387913 -1.3772131339925915 -1.746505847205782 -2.182916045598195 -2.648635189483718 -3.1887990549217418 -3.7541686134838406 -4.319538172045939 -4.748328044610144 -5.019728879876345 -4.8509093538360295 -4.478685746073528 -4.286419063638724 -4.365553216470122 -4.60676583787842 -4.950559768512605 -5.142826450947409 -5.242476865623983 -5.276768331850922 -5.342127280300559 -5.381987446171189 -5.546117540932607 -5.765055363766141 -5.995423675341988 -6.242498085848909 -6.454401761764096 -6.674218852962424 -6.854761957199983 -6.867364803762021 -6.8175395964237335 -6.672167226777907 -6.536466809144805 -6.315770449581684 -6.127313930060986
-1.7318513744592268 -3.0598396947520565 -4.464031273326973 -5.539376483469192 -3.7884600797107795 -1.5158444461750036 -0.4563260665990647 -0.5442529030783956 -0.9261484628536234 -1.35288670923331 -1.6916981191336655 -2.1477453110064624 -2.5510364009916606 -3.0569088002027454 -3.557798678680001 -4.116427179778684 -4.583318681483933 -4.98367887691982 -4.974886193271886 -4.734552840228382 -4.335365002612218 -4.415378423808409 -4.578336160750103 -4.826582929076748 -5.157480923693964 -5.373194762523256 -5.471965908835038 -5.5871500646229615 -5.664232591269842 -5.812828944919911 -6.054041566328209 -6.259204184779982 -6.5578623393547755 -6.798195692398281 -7.063734738565861 -7.30289573378964 -7.362685982595586 -7.3832022444407635 -7.378219723706934 -7.266845730833115 -7.187711578001718 -7.162505884877643 -6.775627804368586
-2.179985151048884 -4.476927209343941 -5.900755781399242 -5.721971213891269 -3.353808418047953 -1.3332497157529262 -0.9583883028960447 -1.0471944077401691 -1.2435643425440084 -1.6272184390488227 -2.0853172571061376 -2.5724319312016313 -2.971033589907932 -3.520869407358682 -3.9953812348921387 -4.419188586722514 -4.885200820062968 -4.981627250735301 -4.955249199791503 -4.68091746997599 -4.340054433891116 -4.564854045823273 -4.779688616287771 -5.029693921344002 -5.313697603172242 -5.529704531456465 -5.704385846595402 -5.842137890413021 -5.969924892762982 -6.144899297356851 -6.423041190086469 -6.728733491579609 -7.043218476720684 -7.352720941127929 -7.619432345115232 -7.912521800046337 -8.005138067804564 -8.098047425017725 -8.068738479524614 -8.128235638875628 -8.093064904283896 -7.968208796483246 -6.505106237467177
-2.8822274850638077 -4.97576546163668 -5.779709836512696 -4.845926833102201 -2.7541473932589153 -1.7816765817975142 -1.4056428111209087 -1.5052932257974838 -1.7025424289661164 -2.0111656250085685 -2.491539241640647 -2.9807055419206585 -3.4408559861624908 -3.968123915583546 -4.35177801208836 -4.776757721738461 -4.969903672538058 -5.065743924300529 -4.984558145284613 -4.69176177980844 -4.4690137940608015 -4.67300405469285 -4.831272360355646 -5.067795550485046 -5.353850858497803 -5.742487475736446 -5.918341148695108 -6.045248882680276 -6.196483041424726 -6.390801350044047 -6.672167226777907 -7.020943678145919 -7.372357934608312 -7.683912025200076 -8.085151489000756 -8.378240943931859 -8.59893730349498 -8.750171462239429 -8.684812513789794 -8.97585034253638 -8.876199927859805 -8.28240069216939 -6.812850165144836
-3.7474275560204253 -4.847978459286718 -5.085380917780912 -4.069532866989707 -2.7260108055855294 -1.8918782168516093 -1.9437550503744145 -2.0431123755960585 -2.220138406374445 -2.523779081683068 -2.902743746908985 -3.3743246798931303 -3.886058868202837 -4.323641424414975 -4.701433731821167 -5.00507440712979 -5.197634179019525 -5.31076670862293 -5.226943124512635 -4.946456516143569 -4.804894309411846 -4.881097567693933 -4.90952724482225 -5.165394338977103 -5.396641918917744 -5.786450893976111 -5.910427733411968 -5.9983545698912994 -6.262135079329292 -6.522691604763043 -6.794092440029246 -7.098905473157593 -7.431855093959326 -7.825474231931798 -8.227886053552202 -8.467047048775983 -8.689795034523621 -8.966178390523654 -8.979660505450484 -9.254285324720927 -8.860666186748455 -8.161354747282843 -6.070747665259281
-3.8588015488942444 -4.6419365724701525 -4.489530055905979 -3.543144205933446 -2.514986398035135 -2.3655107760202725 -2.443765660486877 -2.6234294963596434 -2.808955121331032 -3.0325823754434635 -3.3371023191168803 -3.7834775589769505 -4.262092638879443 -4.665383728864641 -5.033504084258107 -5.304904919524309 -5.537324857284673 -5.68767974766433 -5.747469996470275 -5.5080159117915635 -5.458190704453276 -5.351799232313285 -5.36645370505984 -5.418330538582646 -5.581288275524339 -5.660422428355737 -5.749228533199862 -5.794364309259251 -6.1281931984257785 -6.425092816270986 -6.690631862438567 -6.925982694748242 -7.1780396259889905 -7.607708766917989 -7.972898227762144 -8.2325754848311 -8.301158417284979 -8.59102388821184 -8.56962835800187 -8.100978319567036 -7.492524611130065 -5.88698057701748 -3.872283663821075
-4.095031649568714 -4.216956862820052 -3.9074543984128076 -3.334171424567569 -2.96517180080931 -2.808955121331032 -2.905674641458296 -3.092958803159271 -3.312775894357599 -3.5276104648220974 -3.842974718327965 -4.234542230115919 -4.60383494332911 -4.9300435066674275 -5.309887440258137 -5.612648847201967 -5.873205372635718 -6.056093192512726 -6.101815147481979 -6.167174095931615 -6.169225722116133 -5.95058098873753 -5.873205372635718 -5.871446835906132 -5.843017158777815 -5.836276101314399 -5.826604149301673 -5.935926515990975 -6.066644412890247 -6.149588728635749 -6.348010289624106 -6.678908284241322 -7.061683112381342 -7.401666880101423 -7.622363239664544 -7.706479913229771 -7.838077078493836 -7.567555511592428 -6.8468485419168434 -4.989540666018442 -2.789318127850648 -0.9454923668790762 -0.2511634481472922
-4.069532866989707 -4.042275547681115 -3.71694625270759 -3.2638299553841046 -3.058960426387263 -3.0774250620479227 -3.2696917444827265 -3.5100250975262313 -3.7365832461879744 -4.000363755625967 -4.339175165526322 -4.645746735384257 -5.0138670907777225 -5.28145776312982 -5.545238272567813 -5.818690734018533 -6.076316364902973 -6.273858657526537 -6.4309546053696085 -6.645789175834107 -6.696493651537187 -6.619411124890307 -6.487520870171311 -6.340096874340967 -6.231653776016458 -6.118521246413051 -6.010957416453337 -5.974028145132017 -6.005095627354715 -6.122331409327156 -6.040266361946447 -6.185931821047205 -6.653702591117247 -6.993393269382395 -6.998375790116224 -6.90165626998896 -6.756283900343133 -5.889911471566791 -3.803993820822128 -1.1409830333181221 0.9126947773841194 1.8540981066228235 1.6158163797638365
-4.391931267413922 -4.239524750849748 -3.829492603401134 -3.347067360584538 -3.1887990549217418 -3.310724268173081 -3.5267311964573045 -3.7708747124149133 -4.032603595668389 -4.369363379384227 -4.736604466412899 -5.0891910806950165 -5.383159803990914 -5.597994374455412 -5.873205372635718 -6.149588728635749 -6.401645659876498 -6.607687546693063 -6.769766015269964 -6.933896110031382 -7.044097745085477 -7.105646530621009 -7.0051168475796395 -6.827504637891391 -6.659564380215869 -6.489572496355828 -6.3011159768351295 -6.027663515384409 -5.927133832343041 -6.020922457920994 -5.917168790875383 -5.867343583537096 -5.984579365509537 -6.265945242243397 -6.21905092945442 -5.827483417666466 -4.881097567693933 -3.2638299553841046 -0.9973692004018815 0.39627115779551536 1.155079756612142 0.6814471974434788 0.20078049135646925
