static/data/ASCData/20210120/ASCV/18.asc
ncols 97
nrows 97
xllcorner 99.0
yllcorner 2.0
cellsize 0.25
NODATA_value -32767
[rows 0 to 18 of 97, columns 43 to 85 of 97]
-0.04775185706026708 0.5673607400759084 1.2391936572702993 1.1006969534388324 -0.34759859756219 -1.451166766461828 -2.1855021722640577 -1.7157698129469958 -1.4277627509038266 -1.314322110787397 -1.230342996138098 -2.1670543011771626 -1.8710623397083221 -0.8944265375409028 0.00098356357227658 0.33414660857441314 0.02631496864681937 -0.19808823935048725 -0.22149225490848856 -1.0293438036987927 -1.4120682934119908 -0.6708493536221138 0.7413764792836357 0.8506869990074772 0.5362471664517421 0.7011766407957749 0.4872364044596922 0.3261617091487419 0.7333915798579649 1.2069787182081089 0.9561427396982363 0.8751923800035022 0.7276094113083409 0.6904383277750448 0.9365935031733175 0.9043785641111275 -0.19726221527196985 -0.5362074288237297 -0.7859420418955791 -2.6981877836640393 -6.595644727470022 -8.645561148991431 -7.932427027871156
0.2110690208752768 -0.17468422379248594 -0.07996679612245705 0.04696557060976181 -0.242142856871431 0.4139956028311236 0.3077138380618467 -0.49793497985241 -0.9354524001072815 -0.8798334454870902 -0.775203728874849 -0.00397258089882957 0.3702163266696856 0.8906114961358327 1.1766911686624604 0.5175239540053411 -0.36219168961600223 -0.9247140870865516 -0.5945797970389801 -0.953074247115659 -1.0340246068103929 -0.4695748198233025 0.26861536501200955 0.04999432556432648 0.08413665414305793 0.2716441199665742 -0.26747426194597335 -0.6386344145599239 0.1425090223583081 1.2843496402292662 0.2735715094831157 -0.23525932288378337 -0.46682140622824364 -0.4089997207320051 -0.5009637348069749 -1.3338713473123156 -1.2598045216052292 -1.0293438036987927 -1.7813010565093994 -4.1913639762645225 -7.553557317191041 -9.160174149907954 -7.094563270894709
0.04393681565519669 -0.4070723312154638 -0.5106006823896814 -0.2129566727638057 0.5849825870842857 0.7198998532421759 0.22869086788365411 0.9872563133224026 0.8154433049907226 0.9473318161940476 1.2306580751256164 0.9511865952271301 1.4159628100730854 1.3672273894405413 0.8729896491274549 0.34763833519020215 0.47567206736044465 -0.32033980297110576 -0.3085001245123524 -0.406246307136946 -0.4648940167117024 -0.2694016514625148 0.15434870081706187 0.6876849141799859 0.5343197769352006 0.6298632286837473 0.5860839525223094 0.42280652633531224 0.08799143317614044 0.2958741596030934 -0.17771297874705105 -0.3525547420332962 -0.721512163771199 -1.0899189027900902 -1.2771510272541007 -1.9765180803990812 -1.357275362870317 -1.9178703708243248 -4.088936990528329 -6.734416772660995 -8.82012757091817 -9.39338828140945 -6.718722315169159
0.08991882269268192 -0.36329305505402587 -0.4004641385873222 0.1259885407879544 0.6317906182002884 0.007867097559924208 -0.07308326213480987 0.8633527015447484 1.2598442592332413 1.3058262662707265 1.5850224048097066 1.5106802377431143 1.6835946115128184 1.7480244896371984 1.0175438628680515 -0.12897755811450695 -0.24407024638797203 -0.21763747587540605 -0.32612197152072975 -0.2382880778383485 0.19344717386689947 0.461078975306632 0.4902651594142573 1.2939865878119727 1.2295567096875928 -0.2850961089543511 -0.2977618114916223 -0.15238157367250826 -0.247925025421055 -0.47067618526132615 0.36718757171512095 0.16426098975927417 -0.5097746583111635 -0.9500454921610941 -0.9803330417067428 -1.5555211417145633 -1.6824535084467822 -3.82708735763822 -5.9568527734163395 -7.965743332371369 -9.56052048662953 -9.011765157134274 -6.397398948625776
0.31156861709492967 0.2306182574001956 0.42005311274025336 0.8974950301234799 0.3594780136489555 0.44235576286023104 0.6152701366299347 0.46988989881082066 0.8418760755032886 0.3134960066114707 0.5175239540053411 1.2521347011670763 1.4454243355402165 1.4952611216107838 1.1728363896293779 0.0868900677381168 0.3154233961280122 0.6662082881385256 0.4296900603229594 0.4093147997195232 0.8300363970445348 0.4189517473022297 0.15049392178397936 0.24135657042092573 0.3859107841615219 -0.76171200225906 -0.7283956977588464 -0.5722771469190024 -0.5692483919644376 -0.6229399570680876 -0.18845129176778075 -0.39440662867819243 -1.0194315147565804 -0.9304962556361753 -0.9304962556361753 -1.5175240341027494 -2.8565090653799303 -5.069152230369324 -7.0879550782665675 -9.052791019700654 -9.357318563314177 -8.569291592408298 -6.229440719327178
0.2149237999083593 0.8146172809122048 1.00487816033078 1.0596710908724538 0.3759984952193096 0.6962204963246688 0.657397364634337 0.32423431963220084 0.8407747100652649 0.3107425930164118 0.33221921905787166 0.9806481206942612 0.795068044387286 0.5147705404102818 0.19234580842887583 0.9170442666483987 1.3300563059072452 1.2111088386006976 0.8917128615738559 0.7939666789492623 0.493293914368822 0.08110789918849282 -0.46379265127367875 -0.6083468650142749 -0.5017897588854925 -0.6493727275806538 -0.6160564230804402 -0.5937537729604625 -0.5898989939273798 -0.48031313284403265 -0.8445897514703353 -1.0926723163851493 -1.3242343997296093 -1.2352991406092042 -1.8944663552663235 -2.8565090653799303 -4.4080576261956645 -6.385559270167022 -8.409042921175864 -8.946233913571872 -9.07316628030409 -8.028245820979208 -5.627819848806792
-0.0741846275728335 0.49604732796388085 1.1631994420466714 1.2901318087788902 0.8886841066192912 0.41124218923606426 0.05577649411395047 0.04503818109322033 0.6915396932130684 0.8135159154741811 0.8663814564993135 0.9718371971900726 -0.045824467543726044 -0.34181642901256604 -0.3905518496451099 0.4258352812898769 0.7969954339038274 0.21795255486292442 0.009794487076465686 -0.0017698500227822933 -0.36219168961600223 -0.4695748198233025 -0.7548284682714126 -0.3153836584999996 -0.5340046979476827 -0.6025646964646512 -0.31235490354543494 -0.3349328950249184 -0.43350510172803003 -0.5684223678859199 -0.9024114369665739 -0.8349528038876288 -1.066239545872583 -2.170909080210245 -3.097708096307097 -4.8797173750292675 -6.111319276099148 -7.848447913221857 -8.484211112320974 -8.960827005625685 -8.466864606672104 -7.136690498899111 -4.446330075166984
0.6406015417044775 0.42005311274025336 1.2050513286915678 1.411282006961485 1.2207457861834041 0.8798731831151025 0.7276094113083409 0.2931207460080345 -0.242142856871431 -0.30960148995037606 -0.23525932288378337 0.3134960066114707 -0.24104149143340736 -0.47755971924897356 -0.6424891935930064 -0.7517997133168477 -0.9247140870865516 -1.1502186605218818 -1.1678405075302594 -1.0458642852691467 -0.8437637273918177 -0.7908981863666853 -0.5692483919644376 0.02548894456830153 -0.3379616499794835 -0.2655468724294323 0.21877857894144181 0.15434870081706187 -0.15238157367250826 -1.0673409113106067 -1.3806793784283182 -0.6179838125969814 -1.502930942048937 -2.8799130809379316 -4.317194977558718 -6.23136810884372 -7.409003103450444 -8.055504615570293 -8.580029905429027 -8.491094646308623 -7.834956186606068 -6.157301283136633 -3.5049379670163194
1.1766911686624604 0.657397364634337 0.39747512126076945 0.0868900677381168 -0.31428229306197597 0.24218259449944313 0.8360939069536646 0.17086918238741555 -0.597608551993545 -0.8104474228916041 -0.721512163771199 -0.9150771395038451 -0.4365338566825947 -0.5262951398815174 -0.8310980248545463 -1.0800066138478779 -1.125988620885363 -1.0976284608562554 -1.0585299878064178 -0.9638125601363892 -0.7548284682714126 -0.1435706501683196 0.7920392894327213 1.121072214042269 0.8311377624825584 0.6827287697088797 0.4054600206864407 -0.03811490947756058 -0.7498723238003064 -1.5635060411402344 -1.4150970483665555 -1.771388767567187 -3.2334513865435044 -4.961769100162025 -6.180705298694635 -7.183498530015114 -7.880662852284047 -8.208869752815076 -8.28789272299327 -8.074227828016692 -7.253710576689118 -5.75007141242741 -3.3680933113418883
0.9834015342893201 -0.054635391047914705 -0.576131925952085 -0.5527279103940836 -0.2889508879874336 -0.023246476064242128 -0.4266215677403824 -0.6501987516591714 -0.14549803968486064 0.24824010440857291 -0.2597647038798083 -0.7479449342837652 -0.7127012402670103 -0.7694215603252252 -1.0800066138478779 -1.3280891787626918 -1.265586690154853 -1.2284156066215568 -1.0566025982898766 -0.9304962556361753 -0.4863706427531622 0.21189504495379463 0.8058063574080161 0.7824023418500148 0.870236235532396 0.16426098975927417 -0.3905518496451099 -0.7625380263375778 -1.2176772936008269 -1.7039301344882423 -1.537899294706186 -3.299808654184426 -5.126973915865563 -6.322230757480666 -6.96295010105089 -7.609451613170738 -7.999885660950101 -7.884792972676635 -7.773279722076747 -7.525197157161934 -6.782050827855515 -5.452152061442028 -2.37796578255868
0.3564492586943908 -0.5117020478277048 -0.8134761778461688 -0.5312512843526236 -0.13475972666413094 0.08991882269268192 -0.39440662867819243 -0.4043189176204047 -0.37293000263673237 -0.44809819378184246 -0.78318862830052 -0.67580549809322 -0.6601110406013837 -0.8514732854579827 -1.009794567173874 -1.060457377322959 -1.0643121563560418 -0.5576840548651898 -0.03811490947756058 0.2441099840159846 0.19840331833800562 0.22648813700760684 0.0772531201554103 0.014750631547571835 0.4473119073313372 0.03815464710557315 -0.24021546735488952 -0.4794871087655148 -1.2080403460181204 -2.496913249865228 -3.476577806987212 -4.998940183695321 -6.078002971598934 -6.7713125148347855 -7.088781102345085 -7.269405034180954 -7.5106040651081205 -7.192309453519303 -6.931561186067218 -6.614092598556917 -5.98906771247853 -4.982419702124967 -2.2127609668551416
0.24328395993746676 -0.2881248639089158 -0.29087827750397466 -0.09180647458121083 -0.030130010051889755 0.1620582588832269 0.4082134342814996 0.2509935180036318 0.03815464710557315 -0.44341739067024233 -0.6708493536221138 -0.8407349724372528 -0.6658932091510077 -1.0048384227027678 -0.767494170808684 -0.4588365068025726 0.15131994586249675 0.20611287640417064 0.369114961231662 0.6152701366299347 0.5469854794724722 0.10754066970105924 -0.24985241493759602 -0.8330254143710876 -0.9795070176282252 -1.0780792243313366 -0.9461907131280116 -1.1747240415179068 -2.2334115688180836 -3.506865356532861 -4.476617624712633 -5.376983870296918 -6.245135176819014 -6.503956054754559 -6.734416772660995 -6.531214849345642 -6.711838781181511 -6.448061758774861 -6.096726184045336 -5.767417918076282 -5.4794108560331125 -4.8017957702890985 -2.335838554554278
0.474570701922421 0.04586420517173817 -0.011682138964994593 -0.030130010051889755 0.12708990622597804 0.14361038779633173 0.12791593030449544 0.1025845252299531 0.18656363987925184 -0.15045418415596723 -0.42772293317840604 -0.7966803549163091 -0.9043388264831151 -0.9101209950327389 -0.7391340107795765 -0.33575891910343625 0.12708990622597804 0.0067657321219005695 0.3107425930164118 0.4473119073313372 0.05192171508086796 -0.4500255832983837 -0.920859308053469 -1.2061129565015791 -1.6502385693845922 -2.0858286001229223 -2.1797200037144338 -2.9179101885497456 -3.757701335042734 -4.142628555631979 -4.689456495610692 -5.362115436883601 -5.657281374273923 -5.915826910849961 -6.047715422053286 -6.031194940482932 -6.115174055132231 -5.9521719703047395 -5.618182901224085 -5.429574069962545 -5.195258573023026 -4.696340029598339 -2.03902056900692
0.8173706945072636 0.670889091250126 0.09487496716378807 -0.19037868128432223 -0.03701354403953694 0.12708990622597804 0.21795255486292442 0.3603040377274733 0.16426098975927417 -0.005899970415370603 -0.2889508879874336 -0.8445897514703353 -1.0857887823975019 -0.9461907131280116 -0.7471189102052476 -0.6639658196344664 -0.565393612931355 -0.31620968257851745 0.01172187659300672 -0.019391697031159616 -0.6826890320808674 -1.4277627509038266 -1.9140155917912423 -2.011761774415836 -2.564371882944173 -3.0429151657654234 -3.7742218166130876 -4.265430801971609 -4.488181961811881 -4.656140191110478 -5.010779862154075 -5.28226644262689 -5.523465473554056 -5.779257596535036 -5.7822863514896 -5.872047634688522 -5.77154803846887 -5.606343222765331 -5.483265635066195 -5.394605717305296 -5.163869658039354 -4.5438009164320725 -2.458916142253414
0.8859306930242323 0.6942931068081273 0.1816074954081457 -0.47755971924897356 -0.4384612461991362 -0.19616084983394622 0.18353488492468717 0.1816074954081457 -0.20111699430505237 -0.51941160589387 -0.5576840548651898 -1.0976284608562554 -1.3173508657419617 -1.1590295840260705 -1.1152503078646328 -1.1865637199766603 -1.0742244452982541 -0.7919995518047089 -0.5791606809066498 -1.1102941633935266 -1.8201241881997312 -2.4063259425877876 -2.9589360511161242 -3.2227130735227743 -3.7607300899972986 -4.320223732513283 -4.529207824378259 -4.898440587475669 -4.9287281370213165 -5.016562030703699 -5.266571985135053 -5.461789009024735 -5.71179896345609 -5.899306429279607 -5.881684582271229 -5.942259681362527 -5.7393330994066805 -5.704089405389926 -5.58293920720733 -5.45407945095857 -5.112380823811751 -4.480472403745715 -3.3006346782629437
0.4737446778439032 0.3261617091487419 0.027416334084843008 -0.7264683082423051 -0.8074186679370392 -0.6072454995762515 -0.6190851780350051 -0.6240413225061112 -0.9863905516158726 -1.349565804804152 -1.1083667738769853 -1.1347995443895516 -1.4062861248623668 -1.755694310075351 -1.7080602548808308 -1.7576216995918923 -1.4638324689990996 -1.4431818670361571 -1.9247539048119724 -2.456988752736873 -2.7185630442674755 -3.1640653639480183 -3.735398684922756 -4.2029283133637705 -4.723598824189423 -5.043820825294782 -5.231328291118299 -5.178738091452672 -5.0779631538735135 -5.080991908828079 -5.324118329271786 -5.520436718599491 -5.7470426574728455 -5.913073497254901 -5.837905306109791 -5.752824826022469 -5.601387078294225 -5.622037680257168 -5.495105313524949 -5.0771371297949965 -4.678718182589962 -4.248084296322737 -4.437519151662796
-0.23140454385070086 -0.40239152810386347 -0.4365338566825947 -0.6122016440473577 -0.9002087060905266 -0.8817608350036314 -0.9891439652109317 -1.2479648431464756 -1.489163874073642 -1.7518395310422685 -1.481454316007477 -1.2989029946550668 -1.7187985679015607 -2.1210722941396773 -2.2967400815044403 -2.4013697981166815 -2.222673255797354 -2.4922324467536274 -2.962790830149207 -3.2020624715598323 -3.342761906267346 -3.6483908153188924 -4.054519320590091 -4.473588869758068 -4.858240748987807 -5.182592870485754 -5.19030242855192 -5.041893435778241 -4.848603801405101 -4.933408940132917 -5.240139214622488 -5.457934229991652 -5.698307236840302 -5.491250534491867 -5.291077366131079 -4.7343371372101535 -4.663023725098126 -4.692209909205751 -4.712860511168693 -4.25193907535582 -4.067185023127363 -3.8094655106298427 -4.4237520836875
-0.5078472687946223 -0.8817608350036314 -0.874877301015984 -0.7391340107795765 -0.7410614002961178 -0.70802043715541 -1.0868901478355253 -1.424733995949262 -1.6064592932231545 -1.9473318962914559 -1.8289351117039199 -2.415962890170494 -2.9344306701200997 -3.062464402290342 -3.0721013498730483 -2.8504515554708005 -2.7430684252635005 -2.9988605482444797 -3.260710181134588 -3.460883349495376 -3.647289449880869 -3.9774237399284402 -4.258822609343468 -4.643474488573207 -4.949103397624754 -5.0625440377411834 -4.977463557653861 -4.7304823581770705 -4.6756894276353975 -4.883847495421856 -5.034183877712076 -5.108250703419163 -4.875036571917667 -4.4647779462538795 -3.8485639836796803 -2.871928181512261 -2.960037416554148 -3.34854407481697 -3.5996553946863488 -3.789916274104924 -3.9237321748247904 -4.377770076650016 -5.091730221848809
-0.8299966594165227 -0.9541756125536827 -0.953074247115659 -0.9150771395038451 -1.0508204297402528 -1.4668612239536643 -2.300594860537523 -3.1962803030102083 -3.6288415787939736 -3.430595799949727 -3.442435478408481 -3.53109539616938 -3.482359975536836 -3.3094456017671323 -3.1065190198112855 -2.9159827990332046 -3.0126276162197745 -3.229321266150916 -3.424813631400103 -3.59552527429376 -3.7695410135014873 -3.9812785189615227 -4.265430801971609 -4.626954007002853 -4.839792877900912 -4.8681530379300195 -4.697166053676857 -4.409985015712206 -4.252765099434338 -4.286081403934552 -4.238172007380525 -3.7695410135014873 -3.199033716605267 -2.873029546950284 -2.8270475399127992 -2.524447385815818 -2.7293013572882057 -3.1307490594478047 -3.62305941024435 -4.134643656206308 -4.658067580627019 -5.379737283891977 -6.217601040868425
