static/data/seaWater_uo/2023/7/23/0.asc
ncols 137
nrows 93
xllcorner 108.0
yllcorner 17.0
cellsize 0.25
NODATA_value -32767
[rows 52 to 77 of 93, columns 58 to 115 of 137]
0.38755745 0.32617372 0.16765827 0.0029351264 -0.08615032 -0.042693544 0.009069507 0.072242364 0.2419175 0.3338938 0.2973029 0.2968781 0.5131716 0.7534702 0.73607427 0.61002904 0.44079146 0.41021237 0.2710269 0.06425332 0.16221313 0.15724754 0.10594315 0.24279013 0.08138106 0.09727377 0.06696937 0.052381687 0.010653897 -0.06240423 0.02791835 -0.070141256 -0.110437535 -0.15669751 -0.3202675 -0.42521518 -0.51353306 -0.49181163 -0.39449844 -0.2572715 -0.2813131 -0.29153866 -0.46136764 -0.45056847 -0.13202433 -0.11808961 -0.22889584 -0.2281769 -0.10253169 -0.035841804 -0.05202268 -0.018252507 0.13621898 0.094458595 0.0683717 -0.038586006 0.015215864 0.040072437
0.24681 0.33761114 0.25865325 0.40665805 0.25247622 -0.01225053 0.12675777 0.25806782 0.3277586 0.4037745 0.35550782 0.35300648 0.55556226 0.45663878 0.40136477 0.392963 0.31786668 0.26768392 0.01899282 0.02934431 0.20910193 0.17138562 0.02618611 -32767.0 0.16070575 0.12173495 0.11233633 0.0088779135 -0.040124875 -0.13718197 -0.034231946 -0.14345291 -0.13664667 -0.21907786 -0.3291289 -0.45952857 -0.51060396 -0.46948633 -0.3676379 -0.35371175 -0.4062772 -0.5473112 -0.47079784 -0.23924722 -0.11304126 -0.09950922 -0.21512564 -0.2679991 -0.20073754 -0.122909136 -0.09756884 0.006237224 0.19904913 0.19339344 0.11160301 -0.015404451 -0.0054797945 0.004519349
0.35855812 0.59436864 0.65298945 0.53821117 0.4912551 0.45460576 0.4850028 0.41998395 0.27079937 0.22795583 0.23933446 0.4023355 0.3655694 0.29233512 0.24946818 0.24823378 0.22034909 0.08160067 0.061961267 0.23384163 0.025463583 0.021961747 0.06793707 0.10896677 0.17835912 0.17185102 0.17525283 0.15712324 0.027131062 -0.093120515 -0.12864996 -0.2061445 -0.16940694 -0.24943827 -0.3121986 -0.35547614 -0.4006042 -0.3938655 -0.40760222 -0.4434771 -0.57553697 -0.44630566 -0.23616181 -0.13533601 -0.08888345 -0.05158195 -0.08776919 -0.13530342 -0.17894417 -0.18168065 -0.19219196 -0.04862608 0.2128028 0.2808012 0.116448596 0.15540576 -0.0027153208 0.019064624
0.8109743 0.8077786 0.8199627 0.8589924 0.8657107 0.90442514 0.8342358 0.7982326 0.7796393 0.6816528 0.6060882 0.60376996 0.5608314 0.45933378 0.3249579 0.2112322 0.14046045 0.12852572 0.28378114 0.19423313 0.10302405 -32767.0 0.06449 0.03364346 0.23067069 0.19155045 0.123570554 0.22909823 0.20320281 0.083186544 -0.14189413 -0.20577738 -0.25019884 -0.2396097 -0.27895027 -0.3192912 -0.3788583 -0.39206833 -0.46843815 -0.56629795 -0.45188755 -0.24703231 -0.17977072 -0.19659927 -0.13928452 -0.09088846 -0.06566112 -0.078552686 -0.08379855 -0.1672302 -0.17573772 -0.14590403 0.113319635 0.34337106 0.15733089 0.10805427 0.15072295 0.11605341
0.48822784 0.5446346 0.68894833 0.8489975 0.8799644 0.85956115 0.81920993 0.74590087 0.656234 0.73140126 0.7839728 0.63822174 0.5979592 0.56777734 0.41569117 0.2552626 0.12722936 0.064196594 0.11762771 0.24572384 0.35890582 0.4414216 0.4065472 0.27802074 0.29584852 0.54753304 0.4439256 0.34912682 0.29640645 0.21641307 -0.048946783 -0.18451093 -0.29562914 -0.26598215 -0.22715755 -0.30394801 -0.36820784 -0.42966995 -0.49644876 -0.4213986 -0.23831593 -0.17423345 -0.1158139 -0.044119958 -0.06945566 -0.07545521 0.027629843 0.027198374 -0.05887326 -0.09727582 -0.1503578 -0.16900446 -0.0950349 0.14917183 0.32360375 0.21529907 0.20251615 0.24444586
0.11140427 0.44030657 0.85526985 1.0194968 1.0438894 0.8655579 0.811186 0.73040044 0.55321836 0.48188466 0.39488688 0.5438669 0.6795667 0.6273555 0.47890776 0.2862754 0.20831738 0.17598188 0.38401467 0.53704584 0.600126 0.5747616 0.51164365 0.52371013 0.49876136 0.42020068 0.37424275 0.2801858 0.23371513 0.24079126 0.05965702 -0.1356817 -0.2232965 -0.32304874 -0.32180536 -0.33135915 -0.38104647 -0.405122 -0.33318266 -0.17876008 -0.0680052 -0.016494732 0.0278266 0.03852487 0.07091036 -0.09467776 -0.07433503 0.12811056 0.029280195 -0.082518175 -0.13271499 -0.16790599 -0.16437706 -0.11396142 0.16459732 0.31862956 0.26022312 0.2899806
0.013558205 0.5200041 0.6843706 0.65746826 0.65580666 0.5306701 0.51036227 0.30085728 0.40402707 0.57274246 0.6396077 0.6313011 0.5438668 0.40159872 0.31324264 0.23666811 0.2884815 0.48230776 0.3781122 0.24085633 0.30527288 0.36754513 0.40647334 0.34685162 0.28053305 0.29472473 0.27307287 0.18662614 0.1393327 0.15631306 0.05623455 -0.113626674 -0.08808792 -0.2783295 -0.4083493 -0.3838671 -0.34853336 -0.23007745 -0.13038476 -0.01734553 0.04712277 0.13196424 0.1783855 0.13644244 0.15125196 0.0351401 -0.05024712 0.13566487 0.10671379 -0.111936994 -0.1172191 -0.14404055 -0.17936295 -0.14368884 -0.096434526 0.12541957 0.2517091 0.303041
0.55367893 0.6661833 0.4252444 0.3785833 0.29985377 0.12882742 0.120060675 0.39772773 0.43878448 0.4518763 0.40781733 0.3356836 0.07940767 -0.05864368 -0.0028104465 0.15848994 0.3167727 0.20823823 0.058892474 -0.035751738 0.004018907 0.09544856 0.17367695 0.08532269 0.0638209 0.07146674 0.13086097 0.14989042 0.15192403 0.09003514 0.078759685 -0.07243682 -0.030795766 0.014510701 -0.21229887 -0.25931418 -0.1547141 -0.022310842 0.0777307 0.16289252 0.22610901 0.30007428 0.35608792 0.3370088 0.32190916 0.18763636 0.053577274 0.12788743 0.18308774 -0.038189113 -0.12667367 -0.08125245 -0.107240245 -0.10667524 -0.050360955 0.0035432454 0.030895226 0.0529497
0.93083733 0.6170899 0.39486966 0.27721545 0.11267947 0.17168808 0.36856228 0.22774203 0.26599625 0.18247978 0.15925276 0.07526749 0.043996092 0.17035533 0.10344478 0.083017014 -0.006201239 0.015320033 -0.010159472 -0.086897135 -0.08978365 -0.05782195 -0.10476615 -0.074572854 -0.02270925 -0.05381999 -0.031627838 0.041399322 0.09505534 0.1060995 0.10437682 -0.04771395 -0.0521361 0.112918146 0.10670271 0.0023961994 0.017907035 0.14158352 0.21514224 0.26680925 0.33310392 0.4560327 0.5159298 0.4851527 0.3612348 0.2482782 0.30522892 0.31795478 0.33682677 0.118660666 -0.08212911 -0.030403433 -0.0048216903 -0.0261954 -0.012463508 0.058604993 0.05000709 0.06888989
0.7951641 0.59413636 0.31610057 0.079224214 0.050300766 0.32024762 0.23122266 0.11560155 0.06130689 0.048564646 -0.013451562 0.001973212 0.17414021 0.12544568 -0.116467506 -0.10451373 0.034991115 0.027949886 -0.049879853 -0.15977187 -0.22841647 -0.23530905 -0.15647012 -0.005153099 -0.06221549 -0.13408996 -0.13282017 -0.0073518767 0.079889104 0.15410234 0.065439664 -0.07705619 -0.08041952 0.023620201 0.12288615 0.19227463 0.20650776 0.2758826 0.32799494 0.3207777 0.33961138 0.41818133 0.5006496 0.48203135 0.4617211 0.45977437 0.49132565 0.51227206 0.42413113 0.23866048 0.06314296 -0.017886681 0.058806323 0.019448243 0.0015975101 0.010920249 0.00012006287 0.050863497
0.5974074 0.40819773 0.06804265 0.093741775 0.1831308 0.13195315 0.08239036 0.061198138 0.011189375 -0.03942933 -0.05798367 0.026502734 0.09152118 0.024646776 0.06426223 0.16554818 0.029787783 -0.026176963 -0.114881255 -0.23611702 -0.302866 -0.23475821 -0.024220461 -0.08401569 -0.16168152 -0.20177469 -0.17821473 0.03706527 0.080595076 -0.02124663 -0.11518712 -0.17437558 -0.15196183 -0.06255849 0.08815822 0.21116781 0.32216537 0.40439594 0.49107265 0.55711734 0.61227095 0.6805442 0.6965867 0.70465076 0.6727001 0.6258829 0.56429 0.45703954 0.39227882 0.29228696 0.18050717 0.02138782 0.08498343 0.014601026 0.030003896 0.0909944 0.03777654 -0.005205834
0.39519316 0.032757632 -0.06694607 -0.0147740375 -0.10368061 -0.29448804 -0.23973252 -0.1285256 -0.08537038 -0.03878183 -0.01690068 -0.035502404 0.03627392 0.09928199 0.1981625 0.2259827 -0.0151086 -0.13859819 -0.17366917 -0.29781452 -0.3097021 -0.14952207 -0.12140424 -0.23250997 -0.32722768 -0.2531196 -0.007733152 0.036312554 -0.16584161 -0.22222503 -0.20774207 -0.15602353 -0.118896104 -0.0752112 0.027475761 0.11906198 0.21478498 0.3012496 0.3855917 0.47345537 0.5277312 0.6046147 0.6025907 0.5812127 0.55036855 0.48695418 0.40628698 0.3319721 0.23188321 0.26396823 0.2007083 0.10278744 0.086166695 0.0011561998 -0.009120093 0.035180077 -0.05298012 -0.10569425
0.11612633 -0.21524078 -0.17298403 -0.18302593 -0.1476961 -0.0906018 0.01946831 0.107843965 0.080351755 -0.00045162218 -0.00020442673 -0.030268304 -0.055814564 -0.024368118 0.061404046 0.054084968 -0.05904273 -0.170096 -0.2059465 -0.28610063 -0.25046346 -0.23156875 -0.35485658 -0.43807492 -0.33614698 -0.2587631 -0.20374681 -0.22922102 -0.26967087 -0.32075465 -0.32037556 -0.22960621 -0.12373434 -0.027229251 0.07184195 0.15239277 0.23997004 0.34499466 0.41408804 0.43617934 0.42201334 0.3911877 0.3288581 0.3446447 0.33091915 0.2726827 0.16615109 0.027803304 0.040251397 0.16066779 0.13384385 0.07331866 0.1011021 -0.020017602 -0.0639677 -0.033425268 -0.09466303 -0.17429961
-0.10924116 -0.19535372 -0.12613097 -0.09798854 -0.017287236 0.12840994 0.2284034 0.25197887 0.21202023 0.08246778 0.053987924 0.058853813 -0.07905435 -0.13625734 -0.09493126 -0.03236375 -0.13495679 -0.18543623 -0.25762606 -0.31602827 -0.3173416 -0.45938843 -0.49175873 -0.45689225 -0.43444407 -0.42938146 -0.39312488 -0.2816804 -0.22882074 -0.24653149 -0.33325666 -0.3620081 -0.3338587 -0.2474488 -0.20586884 -0.15490441 -0.072465725 0.015939673 -0.030379465 -0.08543456 -0.12710154 -0.1178805 -0.075310685 -0.028809488 -0.02966449 -0.026459223 0.0423621 0.16719201 0.11193814 0.018481852 0.11118552 0.030261263 0.0986302 0.044782367 -0.06453724 -0.09052468 -0.17187485 -0.30241176
-0.19620764 -0.14078239 -0.07227928 0.06900848 0.15452822 0.21115027 0.24986736 0.24897394 0.16188014 0.11628039 0.09980836 0.11268203 -0.068687625 -0.13886322 -0.080824316 -0.16133127 -0.1943454 -0.24616002 -0.33876115 -0.35970965 -0.48335728 -0.5159574 -0.38755742 -0.26936856 -0.19070357 -0.14787152 -0.17828758 -0.16482013 -0.09430859 -0.07453382 -0.12575552 -0.21388942 -0.29627737 -0.37322813 -0.35283738 -0.25655702 -0.24383384 -0.2505672 -0.21912251 -0.16156696 -0.18890427 -0.20805852 -0.123999126 0.03391199 0.21555007 0.29694593 0.39228204 0.5252322 0.4448902 0.2891023 0.12138399 0.061473876 0.14253937 0.104321525 0.016254947 -0.15286374 -0.255939 -0.27948335
-0.14119944 -0.0011217165 0.13190514 0.027041394 0.084039085 0.08886973 0.09589838 0.09391554 0.079639345 0.10209811 0.14550869 0.13990916 -0.02230316 -0.095360495 -0.04326055 -0.21222422 -0.22684853 -0.2748547 -0.3377192 -0.44304797 -0.5272257 -0.42076588 -0.36172006 -0.2819687 -0.20332961 -0.15127878 -0.093896836 -0.092866704 -0.05486008 -0.02305147 0.0074093165 -0.059913658 -0.1375186 -0.1515566 -0.24289532 -0.31726804 -0.21896808 -0.06932214 -0.04210943 -0.17784765 -0.20773634 -0.22748414 -0.15863627 -0.034777984 0.034175772 0.17676188 0.30865344 0.39260903 0.45446193 0.42863563 0.39366755 0.2665335 0.29243803 0.17044526 0.031406082 -0.1940188 -0.27265534 -0.0945367
-0.036338173 0.11589064 0.022521213 -0.046574287 -0.06443453 -0.10751828 -0.03036625 0.05840494 0.09444505 0.09769165 0.16585574 0.1325565 0.022008887 -0.070492916 -0.05449822 -0.2334855 -0.2365253 -0.26375976 -0.38018858 -0.49034843 -0.40276125 -0.32726046 -0.37000522 -0.34858078 -0.24592027 -0.19920014 -0.17645544 -0.069785655 -0.057391625 -0.00886478 0.002985815 -0.09302439 -0.09927574 -0.06192507 -0.08462256 -0.0878545 -0.19726124 -0.22165962 -0.1500529 -0.18270893 -0.11607979 -0.17278776 -0.23256251 -0.21303143 -0.12993285 0.0124249235 0.12613282 0.20152318 0.29222637 0.35663548 0.41150716 0.44098422 0.35349387 0.14334112 -0.071491554 -0.20158534 -0.21531527 -0.088875055
0.0152483145 0.119492546 -0.07998351 -0.08526353 -0.23327805 -0.2331705 -0.17409164 -0.06522907 -0.01084016 0.031221159 0.08156518 0.08637973 0.014360346 -0.08647594 -0.09459139 -0.2367186 -0.2459316 -0.32359788 -0.40256894 -0.34852168 -0.2002559 -0.08384966 -0.06545594 -0.12023426 -0.20076527 -0.18254575 -0.1697813 -0.10665911 -0.06752134 -0.045286972 0.0027147958 0.023312865 0.052555986 0.052527674 0.00901765 -0.05971521 -0.14042577 -0.16792999 -0.22518274 -0.11504958 -0.14068082 -0.13324049 -0.17631441 -0.24391098 -0.1459709 -0.08725619 -0.028121311 0.020244997 0.12594955 0.20639683 0.22858821 0.21775272 0.1427954 -0.033747204 -0.18965627 -0.23803282 -0.20136045 -0.14800781
0.13428444 0.15342249 -0.053269602 -0.11830741 -0.22186852 -0.24783707 -0.24324417 -0.17115335 -0.039579984 0.095572755 0.11063049 0.048490357 -0.06289823 -0.13465443 -0.13636494 -0.23610488 -0.28314504 -0.35569397 -0.33459884 -0.13594577 0.052858584 0.19546957 0.29612523 0.08773868 -0.020195007 -0.082817845 -0.10659514 -0.087620586 -0.056061868 -0.02907374 0.025941214 0.0871306 0.032318722 -0.054978896 -0.03717088 -0.107135475 -0.1373316 -0.073118925 -0.176883 -0.15189563 -0.099360295 -0.12868808 -0.08411231 -0.10084941 -0.08168477 -0.07984101 -0.10311122 -0.15242243 -0.107702486 -0.07050414 -0.03435099 -0.023092082 -0.09100951 -0.22655031 -0.2801126 -0.2454246 -0.114515066 -0.15753241
0.34273434 0.20662226 0.074576825 -0.097105086 -0.08841013 -0.100296095 -0.17567544 -0.15638128 -0.011814632 0.05128998 0.0021092156 -0.0379681 -0.16626862 -0.18435462 -0.19112486 -0.24210545 -0.26122922 -0.31085432 -0.19532533 0.01066751 0.20935906 0.37410566 0.359426 0.13827036 0.088372566 0.0661912 -0.03022421 -0.029152589 0.00054651033 -0.008989847 0.076224476 0.06048058 -0.036167525 -0.04777809 -0.0062095737 0.057441887 0.05334088 0.024750147 -0.037032828 -0.08523462 -0.08225209 0.004022899 0.018033821 0.022510171 -0.0004774937 -0.037125908 -0.1327992 -0.26488757 -0.29856494 -0.27858403 -0.26944742 -0.26321104 -0.33025205 -0.37820095 -0.35218662 -0.15589724 -0.081637435 -0.13815327
-0.1613648 0.14001612 0.40835875 0.38895518 0.30871284 0.23484795 0.04601975 -0.0314391 -0.00282302 -0.04575991 -0.113653034 -0.14390722 -0.2504648 -0.21255018 -0.24089389 -0.24055816 -0.25788325 -0.20581017 -0.1113935 0.11638122 0.27976072 0.32383776 0.20171867 0.082832 0.18866077 0.16448314 0.11465925 0.066093855 0.020606548 0.031396307 0.11892427 0.16040331 0.13362843 0.1546124 0.1680329 0.21898435 0.22891812 0.16293749 0.11511273 0.03915107 -0.075273044 0.018346058 0.086361565 0.07571691 0.0856051 -0.012320149 -0.115078576 -0.2954159 -0.4731557 -0.47644895 -0.48584574 -0.49780926 -0.47643414 -0.43707755 -0.23083572 -0.0808581 -0.11637019 -0.13479044
-0.2459791 0.008389614 0.341607 0.5973819 0.6998006 0.52729183 0.23449112 0.07597348 0.018946225 -0.0630643 -0.12922563 -0.159885 -0.23456594 -0.1841218 -0.2471833 -0.28630382 -0.26664627 -0.22446625 -0.14814705 -0.033916432 0.024842948 0.007613899 0.112178996 0.28223875 0.35225868 0.35735896 0.34204468 0.243086 0.048475914 0.007546715 0.041576575 0.115977146 0.2389205 0.30842328 0.33026573 0.32652447 0.31786412 0.24110776 0.21325006 0.14088568 0.014303797 -0.030512165 0.00914228 0.06326868 0.06668051 0.016756749 -0.08955848 -0.13828613 -0.2732216 -0.5207669 -0.55783314 -0.51378274 -0.4431323 -0.26121923 -0.10807169 -0.11922996 -0.092452124 -0.057051037
0.017611125 0.2011879 0.4709033 0.6989557 0.6568502 0.37292466 0.15218481 0.102711655 0.032879874 -0.061711773 -0.11688609 -0.13598476 -0.12919372 -0.08958979 -0.26234043 -0.28160936 -0.31098595 -0.272776 -0.23684229 -0.1984023 -0.11382004 0.14427069 0.3242158 0.43173835 0.5011196 0.5039025 0.45339018 0.39685112 0.26666567 0.01840075 0.052991323 0.13573034 0.21605612 0.31942013 0.37685928 0.36321706 0.35502377 0.24552982 0.16189009 0.17550184 0.06385675 -0.06929338 -0.08307068 0.022217361 0.06736171 0.027573215 -0.051132962 -0.069959424 -0.062109917 -0.08939922 -0.31973496 -0.35448238 -0.2812728 -0.13097762 -0.09429331 -0.06312468 -0.0035520485 0.12140578
0.19884978 0.23443004 0.2943714 0.3214163 0.3968815 0.32852972 0.20752645 0.13388325 0.024433095 -0.086179085 -0.12714496 -0.10790701 -0.052439224 0.03694078 -0.18926252 -0.23240739 -0.21612284 -0.14163335 -0.03015319 0.11241413 0.29695877 0.428782 0.5389191 0.57780206 0.52189577 0.45497653 0.41017684 0.39393517 0.43251827 0.35604075 0.27670488 0.2986416 0.3405752 0.43067953 0.40179282 0.33774298 0.29165342 0.26949713 0.17231655 0.18869331 0.12430195 -0.011564241 -0.06283047 -0.0099343695 0.047194425 0.01996786 -0.081207395 -0.13516183 -0.25187704 -0.123716064 0.049446095 0.009474241 -0.12231918 -0.14402962 -0.05261835 0.04431552 0.101493105 0.20381159
0.19188741 0.060445886 -0.115657665 -0.18651006 -0.09587036 0.056440882 0.20881878 0.114786975 -0.047025286 -0.15168567 -0.1495546 -0.116593465 -0.076857224 0.037995674 -0.09199033 -0.20484515 -0.053838886 0.16553472 0.3761993 0.527019 0.634707 0.66792226 0.63330764 0.5632203 0.45463043 0.3712541 0.32975152 0.3396901 0.4187455 0.48780653 0.4864286 0.42467046 0.5142336 0.47908399 0.36382 0.26462704 0.21036306 0.2265586 0.21397346 0.2299535 0.22044475 0.14000794 0.040066194 0.013687759 0.021194242 -0.0005118201 -0.10518598 -0.2924326 -0.39724872 -0.29748893 -0.121396564 0.11657061 0.26714116 0.29947206 0.27718434 0.35887864 0.42668763 0.4590302
0.068708204 -0.0944721 -0.26630077 -0.4510723 -0.34052563 -0.061630856 0.110254355 0.027645098 -0.2081056 -0.23012827 -0.21318357 -0.2006565 -0.189244 -0.106696606 -0.10243106 0.015310643 0.21893065 0.3359345 0.49644336 0.5972797 0.61323375 0.57708335 0.5069355 0.38867462 0.26717132 0.2106093 0.21411817 0.22649862 0.24538398 0.3013513 0.450904 0.47391573 0.37142915 0.3210284 0.22598688 0.19001433 0.17887968 0.18416612 0.1718294 0.2391868 0.29349545 0.20382503 0.13107994 0.04270429 -0.0187633 -0.036222607 -0.10435753 -0.09236956 -0.07862578 -0.064653195 -0.07359249 0.012895737 0.11328972 0.18171217 0.20323482 0.24554193 0.271838 0.27771816
