static/data/seaWater_uo/2023/7/23/12.asc
ncols 137
nrows 93
xllcorner 108.0
yllcorner 17.0
cellsize 0.25
NODATA_value -32767
[rows 50 to 74 of 93, columns 58 to 115 of 137]
0.07586113 -0.076268606 -0.10621811 0.1417859 0.11089881 0.13556492 0.071723394 -0.018939124 0.011996086 0.05715025 0.02357821 -0.0268388 0.018603852 0.18562742 0.21739164 0.35116425 0.49502367 0.47770095 0.29511186 0.20665213 -0.0049955947 -0.16998006 -0.21445559 -0.21018793 -0.23662898 -0.18913272 -0.23136072 -0.20820554 -0.06745184 0.008789056 -0.03606746 0.060292948 0.07942201 0.01806355 0.15577632 0.27947038 0.23567292 0.13358353 0.028630355 -0.10259505 -0.20111702 -0.18371625 -0.20627277 -0.1882025 -0.32304752 -0.25763008 -0.115526326 -0.17883202 -0.22588411 -0.17860872 0.014294041 0.03847235 -0.26354042 -0.3625158 -0.29880932 -0.2848469 -0.26898962 -0.30342683
0.03394446 -0.06500003 -0.045055766 0.045412876 0.08072627 0.07460519 0.015349776 -0.003842902 0.0015385624 -0.06317316 -0.10987369 0.020711925 0.12310596 0.23565598 0.5850027 0.6668039 0.49503842 0.44842988 0.27993593 0.2798282 -0.038568415 -0.19292639 -0.24420911 -0.26596662 -0.16467358 -0.2243922 -0.20845287 -0.246499 -0.16776487 -0.10432056 -0.11371316 -0.03294672 -0.05977298 -0.09260183 0.014733406 0.08807404 0.012596861 -0.00027957355 -0.11819858 -0.24350381 -0.26707458 -0.26103175 -0.25741112 -0.3557035 -0.40923765 -0.12627167 -0.060381826 0.010592391 -0.0855658 -0.120161094 -0.03519403 0.0061158384 -0.24684848 -0.34498227 -0.24037252 -0.18794055 -0.17884167 -0.19091734
0.0048437533 -0.18009289 -0.22983949 -0.27736515 -0.2237833 -0.096007995 -0.19916607 -0.29757535 -0.29544127 -0.18253168 -0.100296296 -0.041039538 0.28825822 0.5651346 0.65812194 0.51245403 0.41207194 0.30450234 0.2752695 0.035055783 -0.11849568 -0.12338359 -0.1033257 -0.03969163 -0.15449558 -0.23158254 -0.25684345 -0.3794301 -0.32109293 -0.23555842 -0.18843898 -0.13948593 -0.18830436 -0.18786182 -0.18577144 -0.16749617 -0.18861753 -0.22669488 -0.3296946 -0.35705 -0.37635905 -0.3908558 -0.41081095 -0.5145833 -0.32045028 -0.28147107 -0.13963571 -0.07039468 -0.113109484 -0.10136577 -0.044631317 -0.015038093 -0.17304894 -0.24755573 -0.24430388 -0.07096248 -0.10061848 -0.17542668
0.04404786 -0.16859663 -0.24772684 -0.12871118 -0.18808609 -0.32590154 -0.27846673 -0.10860014 0.028287191 0.16730112 0.117746145 0.12591772 0.29706138 0.23057503 0.18030037 0.21186486 0.25740743 0.2288885 0.054322693 -0.13521516 -0.08764722 -0.05080441 -0.007092685 -32767.0 -0.13133523 -0.25337583 -0.25491586 -0.37214586 -0.46128926 -0.34372085 -0.28116667 -0.21190749 -0.21706717 -0.25395072 -0.2870154 -0.35908565 -0.33716285 -0.38962877 -0.43338823 -0.4359412 -0.4787002 -0.50621665 -0.6184354 -0.4909671 -0.5145335 -0.45846775 -0.38958782 -0.30316028 -0.21389155 -0.16275077 -0.08280032 0.025562119 -0.07642984 -0.14709018 -0.1717624 -0.14230119 -0.07162453 -0.1410441
-0.043846954 -0.024357151 -0.0017335506 0.02769516 -0.054841034 -0.061058354 -0.040783174 -0.06746291 -0.12570857 -0.040750507 -0.0018408417 0.073558904 0.23463045 0.16973548 0.10637394 0.14614853 0.1626437 0.1153268 -0.02828218 -0.13639368 -0.12499334 -0.09454439 -0.066308886 -0.07525861 -0.14985074 -0.23515853 -0.28962064 -0.24101815 -0.3955768 -0.42885673 -0.3308356 -0.2693071 -0.2299714 -0.2633708 -0.29685977 -0.35658616 -0.40877545 -0.42707065 -0.4774849 -0.523709 -0.61156636 -0.6892364 -0.5914931 -0.57103515 -0.5577598 -0.49438614 -0.46965873 -0.46308467 -0.35703185 -0.2899447 -0.24072109 -0.0044417544 0.090505496 -0.14980276 -0.15457368 -0.23552871 -0.17458044 -0.1936552
0.34805006 0.4498084 0.49267656 0.42977753 0.34292164 0.25198767 0.27182704 0.34319103 0.47101617 0.51822245 0.56950426 0.7659131 0.6093726 0.25287038 0.1260743 0.12846242 0.09752832 0.072026886 0.16890953 0.18937252 0.09207794 -32767.0 -0.044521455 -0.07956596 -0.055286057 -0.14051794 -0.2960955 -0.18024585 -0.19557087 -0.40585008 -0.3339477 -0.30942202 -0.21454851 -0.23281994 -0.29130387 -0.33635256 -0.38907176 -0.4551737 -0.51637155 -0.65446174 -0.7308441 -0.63788915 -0.53915244 -0.46426603 -0.4079917 -0.35713685 -0.35711882 -0.3567867 -0.36165616 -0.28862867 -0.24987556 -0.14783832 0.09023357 0.009880695 -0.12542003 -0.1133949 -0.1902124 -0.2989854
0.14843187 0.27702755 0.452378 0.6294871 0.6668174 0.5953543 0.55196214 0.5477618 0.5877757 0.66166604 0.7242977 0.54481524 0.35841888 0.26018465 0.30605477 0.24156001 0.09709137 -0.12562414 -0.1389039 0.006933378 0.11764657 0.2690428 0.09283068 -0.1840231 -0.038488805 0.15774715 0.17954853 -0.033001523 -0.094917305 -0.3327481 -0.32061514 -0.32902044 -0.27179703 -0.1984577 -0.24463136 -0.29260537 -0.32523975 -0.437388 -0.63765424 -0.7327835 -0.6247819 -0.57112074 -0.59293205 -0.5447863 -0.35111827 -0.16356558 -0.1603581 -0.2753183 -0.18974243 -0.17379469 -0.15718406 -0.16640754 -0.07013159 0.17504531 0.04857135 -0.05327425 0.05043809 -0.04313864
-0.13013327 0.18566793 0.5934365 0.86254764 1.0427619 0.9422945 0.87971747 0.8803351 0.82640314 0.6473463 0.4354519 0.3813327 0.51407415 0.60796773 0.61135775 0.39152232 0.14273107 0.010251543 0.15023886 0.45887387 0.5732269 0.4783483 0.30034018 0.28990158 0.2765939 0.22500704 0.22708908 0.071118735 -0.095104724 -0.30382738 -0.30899176 -0.2657301 -0.3764806 -0.29633135 -0.20744823 -0.22788773 -0.3436886 -0.54100597 -0.6894502 -0.5677807 -0.49470806 -0.54083574 -0.52439034 -0.5061739 -0.4386648 -0.21107735 -0.00806668 -0.17884824 -0.22968876 -0.02430671 -0.073050335 -0.13939464 -0.16015615 0.00927889 0.24486847 0.20037796 0.15398233 0.2861076
-0.12679768 0.2532247 0.5609831 0.6642319 0.63716567 0.6422441 0.62713003 0.44211817 0.36793664 0.35905215 0.5778337 0.607041 0.5356442 0.3796395 0.35827982 0.24308701 0.1678748 0.26935446 0.38443714 0.3322907 0.3397015 0.3499913 0.27255592 0.18376656 0.24919564 0.15963587 0.068484366 -0.072842814 -0.19779183 -0.30129004 -0.275314 -0.15128495 -0.32778946 -0.40088356 -0.29005772 -0.30326757 -0.40839857 -0.5472031 -0.5176767 -0.42785427 -0.37412986 -0.4074093 -0.34946775 -0.30339935 -0.35831428 -0.22361898 -0.070539966 -0.15733118 -0.2596645 -0.01847662 -0.004042414 -0.09865112 -0.14938207 -0.12530828 0.065441616 0.2717199 0.37577114 0.33714744
0.39655793 0.6004779 0.50662047 0.44890082 0.34546393 0.20958857 0.028341446 0.0512674 0.33614883 0.43946245 0.37653384 0.3454183 0.042973805 -0.22446756 -0.034927737 0.09378799 0.18381089 0.25711516 0.18976268 0.20236012 0.12505047 0.086715996 0.09030545 0.11193476 0.07086666 0.08689775 0.031673957 -0.14485583 -0.26472545 -0.24694057 -0.21404605 -0.08451657 -0.14302388 -0.4243435 -0.4170944 -0.3655491 -0.38579234 -0.4157926 -0.33369848 -0.26528 -0.21595185 -0.21423832 -0.2073525 -0.17961468 -0.18990013 -0.08125526 -0.09218186 -0.22640719 -0.31706482 -0.12839752 0.05404175 -0.09122245 -0.17465968 -0.097507864 0.03565356 0.118937865 0.18818243 0.23014337
0.8051408 0.58170575 0.49367452 0.35148442 0.12409052 -0.032891724 0.011479719 0.17347468 0.17312343 0.15407376 0.16941693 0.026433798 -0.03873919 -0.008019914 0.12643035 0.0972436 0.0054702596 0.00786029 0.08741902 0.1557194 0.13075113 0.05791608 -0.03558163 -0.19780529 -0.20132793 -0.13997652 -0.07564063 -0.17807373 -0.23440155 -0.18679279 -0.095072806 -0.018621212 -0.048305236 -0.22624096 -0.420972 -0.3533685 -0.3051347 -0.19444256 -0.12975451 -0.08699901 -0.053501308 -0.062276937 -0.119970545 -0.09045629 -0.008988961 0.05521945 -0.085234106 -0.1790359 -0.17186113 -0.064015865 0.08491588 0.056133825 -0.16817783 -0.07510352 0.0646956 0.048529766 0.106468394 0.13291925
0.67549914 0.5409893 0.35678306 0.14108853 -0.124676205 0.033762533 0.19029982 0.00481356 0.06094902 0.097617775 0.035309985 0.018450059 0.06810895 0.08315587 -0.060769502 -0.21322712 -0.12993321 0.090943545 0.10282394 0.10210256 0.0026837618 -0.1296578 -0.3226335 -0.34938452 -0.23129307 -0.15410563 -0.16483554 -0.2696629 -0.21607415 -0.07665031 0.041342467 0.0017786027 -0.053100295 -0.055643052 -0.16077103 -0.25965354 -0.21073622 -0.12337989 -0.03386604 0.034300968 0.08953064 0.10921854 0.113532 0.1269137 0.0993041 0.018699193 0.042185433 0.14441578 0.24531788 0.20108779 0.16224724 0.16292197 -0.06878809 -0.07242059 0.048241556 0.08048602 0.064774424 0.023099015
0.42727163 0.33635548 0.054874428 -0.096366845 0.12085346 0.11226043 0.02045713 -0.03990418 -0.047020674 -0.002822684 -0.08917368 0.018563606 0.13757643 0.07451088 -0.026756313 -0.13324346 0.07520883 0.15427698 0.052034527 -0.032767512 -0.11609052 -0.3103352 -0.41396302 -0.1957992 -0.13139431 -0.17821208 -0.29791805 -0.30521035 -0.024194574 0.033647936 -0.04622421 -0.069473274 -0.067528665 -0.0062869187 0.027922751 0.030612838 0.034479648 0.05242556 0.059857495 0.0965976 0.1559167 0.18153055 0.22477216 0.2932181 0.36937934 0.44363698 0.45670745 0.41536814 0.28749248 0.22209017 0.21523044 0.15681973 0.047986157 -0.029802993 0.038422294 0.070371106 0.07246802 -0.041740566
0.26160464 0.041133493 -0.17060362 -0.12475222 -0.24804917 -0.41882968 -0.32084167 -0.27476233 -0.20976838 -0.0790786 -0.061998785 -0.052318342 0.073137574 0.17543419 0.12613401 0.02542428 0.12359112 0.10962485 -0.012383369 -0.14849536 -0.264839 -0.32919797 -0.1772337 -0.16105868 -0.25295845 -0.34260252 -0.31025445 -0.08774526 -0.10693834 -0.12821211 -0.17375162 -0.15436098 -0.083829574 -0.025788419 0.064842775 0.1584721 0.25591806 0.3297939 0.3776763 0.40557984 0.4952509 0.57257205 0.59950584 0.61498266 0.55212295 0.4438135 0.30829212 0.2187693 0.14534703 0.07159595 0.083080575 0.12094339 0.035893176 -0.047131293 0.0155215105 -0.074701525 -0.08528752 -0.11953051
0.051879313 -0.19992612 -0.29250377 -0.25773877 -0.32560512 -0.38896462 -0.30975366 -0.14812711 -0.0749647 -0.033909187 -0.008064476 -0.056681704 0.056389827 0.14033313 0.068702355 0.02975996 0.113909945 0.110503614 -0.026288148 -0.12210454 -0.23858568 -0.20048343 -0.2884815 -0.38274598 -0.30201098 -0.19341037 -0.22988439 -0.2820467 -0.2848664 -0.26969528 -0.23739444 -0.1700988 -0.111013085 -0.03308596 0.033104077 0.14665738 0.25847408 0.3344056 0.3704864 0.39967108 0.408143 0.3722363 0.35436678 0.28321955 0.18846782 0.13738523 0.08870651 -0.027823186 -0.05126572 -0.00404441 0.025412146 0.06133834 -0.02124048 -0.061931603 -0.053925097 -0.15652218 -0.1873524 -0.24354029
-0.13812584 -0.3009242 -0.208875 -0.17280489 -0.0933818 0.0022807687 0.102086805 0.15436123 0.15067574 0.1043633 0.010279569 -0.06404124 0.008724473 0.013566389 -0.07597492 -0.0004883853 0.061162315 0.038702678 -0.0771986 -0.11787477 -0.179956 -0.37452593 -0.4963191 -0.5253446 -0.4799773 -0.41609088 -0.31558722 -0.25679436 -0.26195207 -0.28134224 -0.25492874 -0.2560196 -0.2757543 -0.23549898 -0.19569366 -0.17474848 -0.012730749 0.01628837 -0.01904128 -0.05727902 -0.0784816 -0.11140961 -0.17088522 -0.09508166 -0.022950154 0.012440081 0.0060244235 0.004328915 0.06369194 -0.009998993 -0.022729319 0.01052345 -0.018483367 -0.08350658 -0.06318595 -0.17215334 -0.25561565 -0.33614656
-0.26032242 -0.3608147 -0.2019898 0.05073443 0.11653973 0.20073506 0.27647316 0.29633406 0.3048532 0.17566855 0.05672625 -0.022091521 0.025227949 -0.03213732 -0.1265669 -0.019437866 -0.029435568 -0.1177773 -0.13061444 -0.19805838 -0.4016571 -0.5562333 -0.54787153 -0.34596667 -0.23433933 -0.19522876 -0.18663849 -0.17349818 -0.09044089 -0.038692072 -0.11943592 -0.15500414 -0.15109652 -0.21889102 -0.24621995 -0.19656873 -0.23462248 -0.27219218 -0.21070386 -0.12554815 -0.14329301 -0.12185379 -0.08054322 -0.012180795 0.11054067 0.24741729 0.4084878 0.42243835 0.35374525 0.21664412 0.01832729 -4.73953e-05 0.0035629913 0.0024158487 -0.07126582 -0.20021456 -0.35565963 -0.3729323
-0.23019464 -0.36738122 -0.07534887 0.005983632 0.034540057 0.17835924 0.1877714 0.2152815 0.251637 0.24122107 0.16438974 0.13296376 0.10588929 -0.02024655 -0.12826829 -0.05895569 -0.11940733 -0.18845692 -0.19976442 -0.37059182 -0.5696799 -0.5836697 -0.3811114 -0.1898796 -0.0524477 0.0016840313 0.06684127 0.08130014 0.061855827 0.043706506 0.026278162 -0.016063126 -0.07614911 -0.0567587 -0.06987736 -0.1637902 -0.18692781 -0.10484882 -0.08826809 -0.12967248 -0.19018318 -0.10935346 -0.14747788 -0.14194433 -0.012365801 0.14381401 0.3281286 0.3795674 0.3748353 0.33252162 0.2613056 0.16368929 0.077396005 0.1601073 -0.056254946 -0.21783777 -0.3962246 -0.24899493
-0.036609557 -0.14354458 -0.06948008 -0.15434226 -0.056851454 -0.04514938 0.042880483 0.11090148 0.18227097 0.22192466 0.23571932 0.22551012 0.13157798 -0.038211368 -0.14337139 -0.10053054 -0.14876874 -0.20120081 -0.27919692 -0.46647862 -0.5773496 -0.5810874 -0.53463894 -0.26476723 -0.04171093 0.06659773 0.15815653 0.21697211 0.14701574 0.13348623 0.043214712 0.018130958 -0.023067657 -0.029269664 -0.028493013 -0.06485116 -0.12380378 -0.1830663 -0.07242901 -0.08957392 -0.08930075 -0.117721125 -0.23742987 -0.27118137 -0.18346056 -0.03831184 0.0708641 0.18075658 0.2931085 0.3214676 0.35825688 0.36691928 0.3133833 0.18703742 -0.07825494 -0.2814791 -0.3180467 -0.13376299
0.06000311 0.0012222475 -0.08425817 -0.20766562 -0.24268714 -0.22776428 -0.12356581 -0.05646639 0.01581527 0.0931972 0.1464537 0.11088355 0.072080724 -0.09172814 -0.16436604 -0.14233515 -0.17618665 -0.2217471 -0.33289164 -0.4347583 -0.45543262 -0.43997067 -0.2897634 -0.1497483 -0.004054297 0.0658264 0.12731226 0.17129585 0.18060055 0.12986262 0.06415938 0.07547904 0.13300057 0.07645959 0.007621182 -0.01708088 -0.10171903 -0.14677313 -0.12193049 -0.049052317 -0.117739044 -0.09487586 -0.18045397 -0.23942982 -0.22507586 -0.1216292 -0.090797864 0.024332864 0.14978854 0.1806817 0.25525838 0.2544358 0.1553348 0.03995906 -0.15973727 -0.26419452 -0.13291422 -0.18081906
0.21124896 0.11348746 -0.05047078 -0.17271823 -0.3308659 -0.39241052 -0.24402171 -0.073405825 0.026213607 0.15399513 0.19623962 0.08578326 0.0011190632 -0.17293075 -0.1597504 -0.16019918 -0.22123525 -0.22614056 -0.2557385 -0.29943877 -0.23617877 -0.097240865 0.025917005 0.1437836 0.05088837 0.059114102 0.16693391 0.17754936 0.17515251 0.13051343 0.05153022 0.09919442 0.112631306 0.1072103 -0.022149816 -0.0738064 -0.016279746 -0.0330469 -0.07844004 -0.08579923 -0.06938754 -0.063353814 -0.058937866 -0.121508114 -0.13488649 -0.14409062 -0.16870233 -0.11371503 -0.07311144 -0.02959052 -0.018175405 -0.03846397 -0.06677951 -0.14728712 -0.23378053 -0.17826992 -0.07508258 -0.18985355
0.20822653 0.15381674 -0.009257852 -0.049072843 -0.19407846 -0.3088566 -0.14968753 -0.024303287 0.0261289 0.10853753 0.094449945 0.006388178 -0.08118264 -0.2378888 -0.1593412 -0.17992786 -0.23450844 -0.1640774 -0.08739662 -0.05396044 0.022932258 0.12816462 0.22925462 0.2270487 0.07368599 0.11984203 0.23209573 0.16170596 0.1677775 0.18982892 0.14579782 0.12317364 0.14713435 0.11293418 0.04530907 0.028939454 0.051432766 0.09416018 0.07468331 -0.029072281 -0.043349776 0.023786856 0.07840159 0.036727946 -0.03430424 -0.13265528 -0.18154305 -0.27585074 -0.27238888 -0.2570088 -0.21378744 -0.20478138 -0.28153688 -0.31068465 -0.22306265 -0.101105444 -0.14224079 -0.22388183
-0.26773375 0.04835112 0.30136594 0.30039164 0.20126754 0.12255044 0.16942275 0.09503833 0.023787644 0.03694858 -0.035203733 -0.09291203 -0.19402038 -0.2745148 -0.14430226 -0.17205565 -0.16627744 -0.12507558 0.027865803 0.16317543 0.247735 0.30652812 0.2915248 0.116203345 0.16255347 0.27947325 0.34432518 0.27766293 0.15858372 0.22423895 0.17096639 0.16755588 0.2178495 0.26641387 0.28158012 0.29598308 0.27430394 0.24240929 0.15697859 0.094369404 -0.0032905296 -0.01827388 0.064716786 0.10376698 0.038349085 -0.08426778 -0.17623253 -0.32869127 -0.4813504 -0.44328457 -0.4151599 -0.4374214 -0.47143522 -0.3614637 -0.1957842 -0.10010462 -0.22267954 -0.21575806
-0.26541555 -0.060835402 0.26321658 0.56675625 0.68685204 0.5615688 0.32266927 0.15678905 0.055108916 0.019339541 -0.07684706 -0.123399705 -0.20752163 -0.20769012 -0.11788557 -0.123294055 -0.12415166 -0.08700355 0.032995563 0.14383371 0.19378869 0.112952635 0.078670524 0.19116086 0.37592477 0.46165562 0.44490904 0.39746222 0.2557024 0.19395673 0.15876022 0.14449775 0.2060473 0.27013725 0.32556954 0.33388704 0.26280954 0.23769103 0.15069869 0.086650595 0.0056260065 -0.053210218 0.06935269 0.10166617 0.068116225 -0.08544858 -0.11038344 -0.16645154 -0.35979125 -0.5423477 -0.5743976 -0.541006 -0.43380252 -0.2820357 -0.13788012 -0.18693651 -0.20125748 -0.13367057
0.008068108 0.11927328 0.38499135 0.71294117 0.79007125 0.5836911 0.27246028 0.16341491 0.10662521 0.021758532 -0.058171555 -0.08701887 -0.08112211 -0.14875114 -0.10646811 -0.13061745 -0.12480816 -0.09764001 -0.05854093 -0.01757776 -0.01015169 0.051137533 0.2606101 0.41366065 0.49696437 0.4788482 0.40723222 0.40845388 0.37093264 0.24413818 0.15443745 0.18811287 0.24880096 0.30421808 0.31706166 0.31034127 0.15823698 0.11931115 0.098530985 0.06215017 -0.023617059 -0.02913987 -0.0017415234 0.0343733 0.010709614 -0.07900824 -0.09414508 -0.11807709 -0.084575325 -0.19506642 -0.39667997 -0.36504358 -0.25779864 -0.16338614 -0.19115734 -0.16691068 -0.07629703 0.06250121
