static/data/seaWater_uo/2023/7/23/18.asc
ncols 137
nrows 93
xllcorner 108.0
yllcorner 17.0
cellsize 0.25
NODATA_value -32767
[rows 50 to 74 of 93, columns 58 to 115 of 137]
0.048810314 0.05114841 -0.058782585 -0.013164359 -0.06898096 -0.06814708 -0.14052333 -0.10606718 0.07533707 0.07035373 -0.039638467 -0.046129968 0.08714305 0.26386175 0.39590055 0.59737897 0.52817523 0.22446588 0.10808568 -0.020217292 -0.11186682 -0.2196856 -0.2080103 -0.15875529 -0.1837221 -0.068119995 -0.048253924 0.025748288 -0.037309147 -0.010171717 0.05158993 0.09130076 -0.027187763 -0.093923725 -0.041944634 0.08359376 0.031263806 -0.14450586 -0.25542256 -0.33092785 -0.33966205 -0.30898005 -0.27843925 -0.3119471 -0.40669042 -0.1939951 -0.12443819 -0.2266149 -0.21793368 -0.17329969 -0.0578036 0.021364737 -0.20962791 -0.34093532 -0.32120967 -0.25548843 -0.23386875 -0.2964406
0.015032022 -0.052453417 -0.16432464 -0.16622038 -0.05855663 -0.10631236 -0.16721557 -0.1655606 -0.10506661 -0.20027642 -0.14206631 0.04831077 0.18421924 0.44347677 0.7031133 0.6603045 0.38273698 0.1979225 0.071057044 0.050329555 -0.122666165 -0.14663906 -0.13434577 -0.14418074 -0.12921146 -0.052425034 -0.072022244 -0.08947134 -0.22228034 -0.06762827 -0.022267455 -0.051960345 -0.14458482 -0.18762119 -0.09311494 -0.034740865 -0.1390461 -0.2753698 -0.3558146 -0.45835495 -0.40765193 -0.4005737 -0.37153816 -0.4754694 -0.36014926 -0.14577124 -0.23618741 -0.22444509 -0.19050853 -0.15963772 -0.08776321 -0.0644262 -0.19669497 -0.35263538 -0.34114653 -0.25320145 -0.21143621 -0.1800344
-0.07752778 -0.19403447 -0.35025427 -0.3423287 -0.34651053 -0.2979846 -0.35377806 -0.41895834 -0.362557 -0.2307449 -0.09656366 0.004182406 0.41411486 0.40292782 0.3062085 0.19526912 0.12625468 0.05192928 0.048677266 -0.07517048 -0.12547162 -0.14175822 -0.07454803 0.08306206 -0.055316675 -0.08748094 -0.107602164 -0.20215893 -0.3637701 -0.1966646 -0.12896827 -0.18825355 -0.24338663 -0.27780712 -0.25855613 -0.275885 -0.33959624 -0.4594438 -0.5464745 -0.50986505 -0.5147272 -0.5133278 -0.52830887 -0.48960656 -0.37063995 -0.3903634 -0.32064742 -0.27492896 -0.2198443 -0.1652073 -0.08400059 -0.063361004 -0.13886996 -0.072208256 -0.14482172 -0.21794423 -0.19147761 -0.2035362
-0.07815586 -0.124687925 -0.16091496 -0.12829752 -0.22840191 -0.42701244 -0.21735714 -0.114406556 -0.18471941 -0.1391755 -0.102650166 0.13454376 0.2163181 0.12323926 -0.024935303 -0.03789298 0.0048981123 -0.035838984 -0.14006238 -0.26156676 -0.1034334 -0.11511723 -0.008800692 -32767.0 0.009615914 -0.0625947 -0.126057 -0.07119612 -0.33481506 -0.33081803 -0.25373343 -0.27410448 -0.3165039 -0.3471983 -0.40339735 -0.4713879 -0.5378588 -0.60276425 -0.5854032 -0.57406795 -0.63470817 -0.6173754 -0.5708775 -0.50922894 -0.54226965 -0.52560335 -0.48337212 -0.43119994 -0.36453927 -0.24668613 -0.13059641 0.00081841764 -0.039984435 -0.031837545 -0.106544346 -0.2316506 -0.23474793 -0.26247358
-0.11807215 0.090510234 0.110095404 -0.08410238 -0.16426107 -0.053517275 0.073370695 0.080104746 -0.10092892 -0.22405432 -0.0064056097 0.23895732 0.28999078 0.17572346 0.010354562 -0.06586819 -0.06322479 -0.03938843 -0.10793744 -0.007244724 -0.18243669 -0.12913637 -0.08486187 -0.10832243 0.0122185275 -0.02806476 -0.14434025 -0.09150457 -0.0951533 -0.3598477 -0.34206903 -0.31726897 -0.36734185 -0.41128823 -0.4521441 -0.52972215 -0.59777063 -0.57869995 -0.6083866 -0.6856059 -0.69241405 -0.599876 -0.6103236 -0.6076391 -0.6036918 -0.5918906 -0.5349463 -0.52954096 -0.5073328 -0.41943553 -0.2721678 -0.034172148 0.06503345 0.013709845 -0.09950098 -0.24802488 -0.3235358 -0.36227018
0.32727307 0.37330464 0.2965891 0.29714248 0.2136546 0.22655876 0.23354472 0.24387184 0.25363174 0.41204914 0.5810079 0.61782956 0.49286523 0.18925175 0.019349102 -0.055690747 -0.09972816 -0.013963693 0.072985604 0.09624361 -0.012337389 -32767.0 -0.09445869 -0.08925472 0.02452701 0.076988086 -0.0101366695 -0.13212322 -0.08222211 -0.22815244 -0.35063466 -0.3584105 -0.3610135 -0.43071482 -0.47905764 -0.5110652 -0.55786234 -0.60778314 -0.6653569 -0.7336835 -0.6309575 -0.6398658 -0.6665687 -0.67689335 -0.62109077 -0.565571 -0.47959962 -0.4933425 -0.4911485 -0.4300706 -0.3886148 -0.22208187 0.1140302 0.12562378 -0.024177127 -0.15079379 -0.30709428 -0.28667796
-0.02946328 0.06840788 0.25022134 0.36513478 0.37224054 0.29308105 0.28382057 0.27416626 0.33450472 0.38328484 0.44864812 0.31137168 0.12192535 0.1477851 0.14802837 0.055916037 -0.07629899 -0.18151411 -0.11892173 0.00327978 0.11601022 0.2223993 0.17299107 0.08761779 0.008381549 0.2653271 0.3798242 0.09606106 -0.11018688 -0.15444748 -0.30881268 -0.39572918 -0.3636588 -0.37221703 -0.46015695 -0.50863713 -0.5405101 -0.5854367 -0.67542124 -0.58886147 -0.59246004 -0.6162914 -0.57307875 -0.6191455 -0.5914641 -0.4422912 -0.3625643 -0.37459755 -0.38586956 -0.39735028 -0.35500962 -0.298773 -0.099383175 0.1866653 0.16580832 -0.041792665 -0.07155646 -0.054223336
-0.08463027 0.2500862 0.5085809 0.67460763 0.8086847 0.69528806 0.6607145 0.63877505 0.65156734 0.517575 0.32918304 0.29979375 0.40144673 0.45340565 0.45205352 0.23277652 -0.016004223 0.102074854 0.20493694 0.31582463 0.45121646 0.45153058 0.22404413 0.20073675 0.23509267 0.15986536 0.13718276 -0.020016149 -0.22871919 -0.22511639 -0.3058365 -0.3543503 -0.43970284 -0.3849475 -0.40989444 -0.45237583 -0.53422046 -0.58851826 -0.5002949 -0.46357447 -0.51817703 -0.3783564 -0.30905 -0.3321339 -0.53142804 -0.4941652 -0.32161492 -0.3078483 -0.3052227 -0.34061727 -0.324731 -0.28494918 -0.23024935 -0.10728298 0.25482285 0.2582352 0.057149153 0.105004735
0.12488051 0.38224474 0.43059623 0.4507977 0.42576358 0.38791245 0.48806414 0.3302268 0.251052 0.22483224 0.38784447 0.42212558 0.3657006 0.28316748 0.24513255 0.15240985 0.027639903 0.17380719 0.22821443 0.16117285 0.206475 0.23431715 0.13701904 0.06904902 0.06316526 0.028724352 -0.08205174 -0.21969984 -0.33046186 -0.3045604 -0.2899027 -0.27436122 -0.40134022 -0.51179975 -0.44036433 -0.46623144 -0.5303904 -0.47081932 -0.3337412 -0.38470668 -0.36047432 -0.16070183 -0.06074589 -0.059581686 -0.24636865 -0.42002788 -0.3870501 -0.27819815 -0.26247036 -0.24615052 -0.27066317 -0.24870354 -0.25876287 -0.18381058 -0.05004958 0.22146963 0.30202475 0.22918482
0.5289569 0.6053006 0.37978587 0.25287965 0.15552129 0.080037095 -0.067530654 -0.014344789 0.22562326 0.2687114 0.21861096 0.21330874 -0.016631668 -0.16738537 -0.11172816 -0.00046188183 0.06902868 0.098777115 -0.017945688 -0.018676741 -0.033447716 -0.03252177 -0.07055332 -0.050502937 -0.09792515 -0.11195633 -0.13535707 -0.2582746 -0.28838164 -0.29839733 -0.27287063 -0.21612132 -0.23211858 -0.51017016 -0.55657804 -0.5029294 -0.43778262 -0.26786867 -0.17339845 -0.23799768 -0.19594637 -0.043188717 0.017115997 -0.058399383 -0.14889088 -0.30869284 -0.35974 -0.3107824 -0.24613674 -0.25027102 -0.18148287 -0.24356948 -0.25174615 -0.15340267 -0.054068014 0.015522968 0.049839854 0.1254065
0.8179508 0.5198476 0.36104998 0.15730876 -0.015524574 -0.08120476 0.01799124 0.04708498 0.08064321 0.0002266443 0.025579015 0.047751065 -0.0391476 -0.00868745 -0.015638528 -0.008830818 -0.12537415 -0.2115239 -0.09917894 -0.01011378 -0.037042674 -0.11334305 -0.19138798 -0.3334893 -0.3581442 -0.3153224 -0.26464024 -0.26225317 -0.29107866 -0.26295018 -0.19270073 -0.1707343 -0.1272464 -0.2758074 -0.47702867 -0.4637737 -0.3429563 -0.16137667 -0.056234863 -0.085280776 -0.081377275 -0.004001074 0.05762105 0.010999145 -0.11717509 -0.22485685 -0.18555176 -0.11320839 -0.102688245 -0.12085328 -0.103021875 -0.16804005 -0.23281221 -0.15272248 -0.02963645 0.07068272 0.0991045 0.010630489
0.553002 0.43992022 0.20641087 -0.027625429 -0.23121485 -0.047334734 0.09512688 -0.02073472 0.006632723 -0.06993901 -0.101364695 -0.03251835 0.04016558 -0.023787118 -0.23106591 -0.36912492 -0.25525168 -0.12850417 -0.091080934 -0.037154727 -0.11923695 -0.24488974 -0.43367255 -0.44336915 -0.39718226 -0.36796784 -0.33368352 -0.3477564 -0.2797472 -0.14961526 -0.07052099 -0.16851951 -0.14105587 -0.14607632 -0.2533786 -0.31101143 -0.2561782 -0.121496014 -0.03412169 -0.019034158 -0.023018287 0.03753671 0.05099783 0.005077823 -0.115744784 -0.1259096 -0.012081489 0.106800094 0.13632418 0.14075577 0.035316393 -0.029583763 -0.17912404 -0.13524456 -0.019106764 0.0357391 0.0825279 0.056929063
0.361067 0.21020609 -0.07525427 -0.22486117 0.00150641 0.06296829 -0.07631195 -0.060424775 -0.16010903 -0.107519284 -0.20528154 -0.13845284 0.011818715 -0.04776363 -0.13215975 -0.12507506 -0.069847696 -0.057271075 -0.11274243 -0.13865401 -0.270681 -0.43889853 -0.42891067 -0.33675086 -0.32380712 -0.38780624 -0.4498292 -0.2858741 -0.13912179 -0.09043551 -0.12065648 -0.19279708 -0.20903827 -0.11408172 -0.09926448 -0.0769816 -0.08793602 -0.044319417 0.004367291 0.0461673 0.0493041 0.12116236 0.22531143 0.3004638 0.32732671 0.3699461 0.3785657 0.2998373 0.25121406 0.17186905 0.109347925 0.03756709 -0.0868415 -0.082149416 -0.02403153 0.008982179 0.015567209 -0.008274565
0.21602717 -0.08281269 -0.3185313 -0.22122744 -0.3371416 -0.41543493 -0.34416613 -0.29275346 -0.27943733 -0.16993904 -0.17598265 -0.20499656 -0.06624946 0.049704716 0.009294825 -0.045718487 -0.016340662 -0.091872774 -0.15202925 -0.28181416 -0.42194486 -0.46211937 -0.2832545 -0.314325 -0.40737444 -0.4834284 -0.31795943 -0.15972789 -0.24419865 -0.23213899 -0.21102768 -0.21383078 -0.21772538 -0.16127472 -0.0698966 0.014529703 0.103611514 0.18805869 0.2572124 0.33507603 0.4199311 0.4965114 0.5797248 0.5593643 0.53004336 0.45212448 0.27273682 0.16929436 -0.0056330245 0.006284816 0.08083301 0.05424915 -0.04217681 -0.08542822 -0.052330956 -0.06813581 -0.13322547 -0.11824956
-0.030207984 -0.3692426 -0.32041356 -0.3716154 -0.38244635 -0.33708638 -0.258608 -0.16734068 -0.15281975 -0.15189062 -0.15430284 -0.15237245 -0.06791315 0.019427504 -0.059664596 -0.09754135 -0.044213846 -0.070859246 -0.11141134 -0.35016468 -0.47351015 -0.342167 -0.4161052 -0.5422488 -0.46314332 -0.31717184 -0.2975581 -0.33613703 -0.37057316 -0.3432455 -0.28092948 -0.19305892 -0.089079656 -0.033809926 0.024172656 0.09900685 0.19314846 0.29646438 0.35544503 0.40166748 0.4192706 0.391196 0.32980445 0.22454104 0.18482769 0.13388854 -0.011842567 -0.056733213 -0.12363714 -0.060867246 -0.009743288 -0.0011939156 -0.055721298 -0.10113366 -0.093520544 -0.16994756 -0.203956 -0.22912936
-0.25801906 -0.3751184 -0.3106505 -0.26032174 -0.1655659 -0.0904353 -0.025525717 0.02698989 0.017489335 -0.0663689 -0.1300955 -0.12431024 -0.12035632 -0.043886293 -0.1757858 -0.10566661 -0.07162607 -0.07505356 -0.13525252 -0.3417326 -0.3714639 -0.50010103 -0.6265094 -0.64204055 -0.6185678 -0.5501079 -0.44460124 -0.38269767 -0.41249582 -0.434694 -0.4306544 -0.3977282 -0.33318138 -0.26362798 -0.20708618 -0.18656506 -0.10881772 -0.023945715 -0.041370843 -0.06124906 -0.13495244 -0.18088846 -0.18994267 -0.083386 -0.041209597 -0.04704087 -0.1160147 -0.056196693 0.010584893 -0.0021575268 -0.0726269 -0.020897822 -0.048907626 -0.0952075 -0.093995735 -0.22527634 -0.25879765 -0.35360548
-0.36612445 -0.35360798 -0.24703555 -0.0904967 -0.053876463 0.023122996 0.12058225 0.18458413 0.14539902 0.047210447 -0.07376241 -0.12497102 -0.11824757 -0.07764429 -0.21069087 -0.1298357 -0.0940809 -0.19276063 -0.23926765 -0.32478943 -0.5288464 -0.6741791 -0.6546316 -0.50544953 -0.42094815 -0.42755336 -0.4012455 -0.3076168 -0.23590247 -0.22492559 -0.26686525 -0.26464227 -0.27505443 -0.28374803 -0.27707762 -0.22035429 -0.3121638 -0.38184968 -0.28970957 -0.17206761 -0.16609971 -0.18473247 -0.066456124 0.002686404 0.13865569 0.25408313 0.32010698 0.37677363 0.38951126 0.25584915 0.03841724 -0.0077999234 0.012934671 -0.0630839 -0.11427561 -0.24021469 -0.31038436 -0.43252853
-0.2064051 -0.09290832 -0.11725288 -0.17625052 -0.12951085 -0.025273887 0.08224368 0.17514418 0.17499606 0.09630427 0.024986982 -0.019173948 -0.031873625 -0.06472213 -0.19758882 -0.13533044 -0.13975735 -0.24077183 -0.2806448 -0.43462002 -0.6640657 -0.65332234 -0.49181005 -0.33973452 -0.27377513 -0.23389846 -0.2064412 -0.16480343 -0.12471677 -0.15104084 -0.08585037 -0.089345664 -0.1297082 -0.1518891 -0.09727534 -0.17745304 -0.18625417 -0.10260129 -0.111806646 -0.15490974 -0.12678334 -0.1630828 -0.14886893 -0.14557955 -0.026279848 0.12656988 0.2454632 0.28632048 0.3105817 0.33797395 0.28129074 0.14087065 0.064359464 0.043800503 -0.111967795 -0.27928337 -0.3820426 -0.26296833
-0.029720223 -0.022936093 -0.18147531 -0.28251213 -0.25204974 -0.17910726 -0.07272959 0.05680108 0.1290592 0.14383925 0.15722078 0.14570412 0.06335961 -0.078143254 -0.2201895 -0.18146445 -0.1754568 -0.2465917 -0.34129876 -0.52554077 -0.65485233 -0.6513488 -0.63151914 -0.4141826 -0.25182402 -0.20385607 -0.08951848 -0.037873585 -0.018546812 -0.06693612 -0.05934413 -0.093441196 -0.1303388 -0.068668604 -0.03539884 -0.08623663 -0.14237171 -0.1553844 -0.14651951 -0.11434854 -0.09314046 -0.20019174 -0.294346 -0.3009191 -0.19036064 -0.065605104 0.031624507 0.1207657 0.20587243 0.28912532 0.3111428 0.33069658 0.28926924 0.11355194 -0.13019677 -0.33088103 -0.34492874 -0.20454478
0.016361376 -0.03607626 -0.22708802 -0.3269171 -0.43614796 -0.3999784 -0.26041445 -0.12462411 -0.048785593 0.066067845 0.16308217 0.10943277 0.024379218 -0.14748709 -0.23518367 -0.2046904 -0.23951262 -0.281064 -0.37295002 -0.5046413 -0.49003103 -0.30937043 -0.24930532 -0.2575894 -0.14631109 -0.16480157 -0.057080753 0.006518428 -0.031374183 -0.051981114 -0.07199608 -0.061800662 0.011015597 0.0097179385 -0.030696014 -0.071313016 -0.17317542 -0.16884929 -0.1530839 -0.095849685 -0.15082532 -0.17921208 -0.28018188 -0.28485173 -0.24589504 -0.203958 -0.13678858 -0.040411454 0.065216534 0.15532485 0.19891071 0.20159674 0.1548277 -0.019915218 -0.22390452 -0.35164812 -0.26343063 -0.21772842
0.25003025 0.070908 -0.16112007 -0.28957242 -0.4179843 -0.51814944 -0.3905135 -0.18316562 -0.031849317 0.09657493 0.15478778 0.060613234 -0.049008463 -0.23669823 -0.26544636 -0.2559483 -0.31978747 -0.3132625 -0.30688855 -0.35920858 -0.2407844 -0.0067520994 0.024259252 -0.0041760122 -0.13004538 -0.13493447 -0.0737038 -0.0046029165 0.0014587173 -0.088037945 -0.12404998 -0.022656271 0.0017529964 -0.025242679 -0.12299677 -0.12501858 -0.13099752 -0.18974489 -0.13418214 -0.10918206 -0.09630791 -0.14961992 -0.20788613 -0.21808828 -0.20983483 -0.22637808 -0.21104614 -0.16127728 -0.09681564 -0.047932405 -0.03829204 -0.049464244 -0.093063705 -0.25110373 -0.3126582 -0.35289267 -0.19553797 -0.22238952
0.13043961 0.11301295 -0.06870821 -0.18393426 -0.19264525 -0.28740776 -0.26336506 -0.13881864 -0.030648014 0.046447106 0.05475697 -0.042469524 -0.14440885 -0.32566372 -0.27029327 -0.2761665 -0.3727323 -0.29323754 -0.20683292 -0.14305115 -0.042102583 0.043644167 0.12468582 0.11903466 -0.13651657 -0.09036321 -0.014833038 0.027989743 0.041538775 -0.015356819 -0.043515116 -0.03100234 0.030029137 -0.038862962 -0.0739783 -0.13301085 -0.1092583 -0.061490662 -0.031059215 -0.103455044 -0.088001415 -0.111951396 -0.1314353 -0.06843211 -0.12965372 -0.20735952 -0.2567838 -0.31016752 -0.30879807 -0.2844277 -0.25249207 -0.2433222 -0.31943408 -0.41747227 -0.3704497 -0.27989843 -0.15815446 -0.26687878
-0.31181255 -0.0053665056 0.25466472 0.33718586 0.3457909 0.26071247 0.1059707 -0.013613744 -0.011655212 -0.017286165 -0.11070694 -0.13846426 -0.27030483 -0.34998223 -0.25851005 -0.2826324 -0.28635386 -0.27318156 -0.12567715 0.01151725 0.09269963 0.2001217 0.15946989 -0.037108578 -0.057793193 0.069644436 0.1258982 0.12174725 0.08491249 0.06048666 0.07678314 0.06305741 0.13262586 0.14209585 0.13001482 0.124856606 0.12145656 0.13144657 0.1051136 0.058720358 -0.13331857 -0.117871635 -0.028105028 0.055522997 -0.062036477 -0.16501604 -0.2735073 -0.39813977 -0.5354002 -0.487177 -0.44074756 -0.49623913 -0.5277792 -0.45108867 -0.31642732 -0.14352946 -0.21399711 -0.2260171
-0.2725493 -0.088442 0.19462673 0.49380118 0.6389423 0.5209693 0.22995773 0.036803704 0.018659662 -0.03845532 -0.1431142 -0.18125279 -0.33064035 -0.29512006 -0.22052397 -0.24286616 -0.24982606 -0.18809266 -0.07870894 0.062269196 0.112884216 0.041109644 -0.11642766 -0.008272806 0.20890014 0.32031167 0.33987838 0.24933118 0.16426879 0.048559166 0.015318186 -0.008408229 0.10947197 0.23045714 0.28523976 0.269525 0.24355334 0.20760807 0.121569045 0.12835546 -0.040058676 -0.10882476 -0.0008243556 0.043677386 -0.04743932 -0.11623203 -0.21646129 -0.21501976 -0.45374003 -0.62491196 -0.65092343 -0.62228066 -0.54172754 -0.37091148 -0.17575729 -0.21331958 -0.18616384 -0.09698201
-0.0028741295 0.06916035 0.26271486 0.6147647 0.75353485 0.6045844 0.25956172 0.08580109 0.07110263 -0.02434057 -0.13452019 -0.16913284 -0.25636512 -0.26249963 -0.23625973 -0.25742847 -0.25405204 -0.23988432 -0.1802888 -0.14271815 -0.1614176 -0.13591713 0.054394048 0.2519996 0.38795912 0.34816316 0.33766302 0.22647847 0.22446719 0.10223802 -0.018939914 0.02704148 0.1423934 0.2457565 0.29065076 0.25454962 0.20991866 0.099745624 0.053965718 0.06174948 0.009591085 -0.12287082 -0.025468959 -0.008078144 -0.09003588 -0.16531248 -0.20716608 -0.17522806 -0.14567418 -0.27343735 -0.48029023 -0.43927136 -0.3239518 -0.19044577 -0.18336655 -0.14350481 -0.02245523 0.1156209
