static/data/seaWater_uo/2023/7/23/6.asc
ncols 137
nrows 93
xllcorner 108.0
yllcorner 17.0
cellsize 0.25
NODATA_value -32767
[rows 26 to 51 of 93, columns 58 to 115 of 137]
0.16809063 0.17795269 0.11771065 0.108707 0.13037851 0.04448708 -0.0016082756 -0.06561337 -0.040962685 -0.027161865 0.04279594 0.035009183 0.01982132 0.041967258 0.10475528 0.26130295 -32767.0 -32767.0 0.0922924 0.26361182 0.3340689 0.3997893 0.44350183 0.40674007 0.37729073 0.33211756 0.2456078 0.27607495 0.1389131 -0.023038704 -0.12334315 -32767.0 -32767.0 -32767.0 -32767.0 -32767.0 -32767.0 -0.054599136 -0.0065015396 0.023501417 -32767.0 -32767.0 -32767.0 -32767.0 -32767.0 -0.01349994 -32767.0 -0.07613215 0.12761047 0.10369087 0.098592795 -0.09211434 0.035433143 -32767.0 -0.20144767 -0.22129439 -0.19556613 -0.11686763
-0.015536669 -0.024258344 0.1574832 0.16359547 0.14007132 0.12890172 0.16820417 0.16026103 0.119770996 0.13321316 0.09313726 0.083172046 0.08777203 0.11524248 0.13563661 -32767.0 -32767.0 0.33339646 0.2891238 0.17535804 0.14034209 0.23227379 0.28540403 0.28170052 0.21102057 0.14836231 0.17647336 0.06411592 -32767.0 -32767.0 -32767.0 -32767.0 -32767.0 -32767.0 -32767.0 -32767.0 -32767.0 0.041905724 0.059329316 0.15073729 -32767.0 -32767.0 -32767.0 0.010435924 0.14827766 0.27859658 0.21262562 0.16668539 0.36097425 -0.01439861 -0.02055254 0.18043312 -0.2524976 -0.3030636 -0.3574956 -0.34505704 -0.27139416 -0.15903328
-0.06215884 -0.013384397 0.026526878 0.09531385 0.08442969 0.11667099 0.14597923 0.16042343 0.09380641 0.11982229 0.10164443 0.08237797 0.0129707595 0.027506482 0.029108308 0.12221422 0.17649828 0.24529886 0.13949136 0.13902037 0.18708995 0.16504663 0.17848784 0.19589663 0.073106304 0.07400231 -32767.0 0.11386778 0.19661023 -32767.0 -32767.0 0.038667936 -32767.0 -32767.0 -32767.0 -32767.0 -32767.0 -32767.0 0.054864578 0.1323801 -32767.0 -32767.0 -0.052128978 0.0045898473 0.16535228 0.13149714 0.21922223 0.18999326 -0.0029182304 -0.055569187 0.066744626 -0.23984824 -0.2779233 -0.29051283 -0.23301162 -0.087682605 0.0032378982 0.066978484
0.04289712 0.0054694884 -0.058456313 -0.029869994 0.037994787 0.14293088 0.08743069 0.0776552 0.08109892 0.08248781 0.06567512 -0.0017406079 -0.030114997 0.07372477 0.0881655 -0.0054001547 -0.041759014 -0.04719766 -0.022716187 0.053257067 0.058711458 0.081339344 0.08448999 0.17382175 0.09486221 -32767.0 0.032700792 0.08574311 0.2190438 0.298353 0.21658501 -32767.0 0.10422792 -32767.0 -32767.0 -32767.0 -32767.0 -32767.0 0.14829741 0.1380234 0.218712 0.096638806 0.2706783 0.6051782 0.61926657 0.5608672 0.24747631 -0.020163462 -0.033537738 -0.0127213895 -0.17750546 -0.07108955 0.01432452 0.07862376 0.15184371 0.18858878 0.13647659 0.09420979
-0.16889447 -0.15359163 0.0048633004 -0.042188235 0.09343543 0.085389026 0.19053654 0.1969298 0.0518087 0.06864721 0.10497024 0.10987902 0.19629668 0.23968259 0.038527027 -0.06347795 -0.10424774 -0.046923973 -0.04556649 -0.07702842 -0.040095143 0.021858232 0.04129258 0.08753761 0.3091225 0.43480915 0.47674006 0.47317022 0.25682765 0.19034559 0.0044133207 -0.044173777 0.08516982 -32767.0 -32767.0 -32767.0 -32767.0 -0.0797431 0.07448593 -0.20573455 -0.35022616 -0.20976585 0.04280399 0.34401357 0.5214261 0.58038473 0.6518938 0.6777785 0.40677014 0.104983374 -0.15142703 -0.032641415 0.19835572 0.32407293 0.27666083 0.22921765 0.16529435 0.008114529
-0.11348426 -0.15010996 -0.009239324 0.048755683 0.112294 0.015886702 0.003320081 0.18062496 0.2466604 0.2025466 0.25428703 0.20583509 0.1535601 -0.0036823088 0.0770791 0.010272123 0.011574211 0.015274057 -0.006647763 -0.15912896 -0.17075141 -0.09795031 -0.005757953 0.060905322 0.10523802 0.18352504 0.23807012 0.3882225 0.46849886 0.16444713 0.040649306 0.17751853 0.19211234 -32767.0 -32767.0 -32767.0 -32767.0 -0.07232213 -0.08047698 -0.31680036 -0.46032935 -0.39963892 0.27644816 0.5427653 0.66801536 0.74683845 0.8310184 0.902963 1.0758976 1.2058909 0.95072186 0.6607565 0.34551376 0.29790848 0.2708168 0.13332354 0.03372813 -0.14524813
-0.21199338 -0.09518856 -0.08004009 -0.021591498 -0.019491466 -0.0361138 0.054643698 0.16179779 0.20101503 0.18816587 0.27967423 0.27934813 0.13260002 -0.037982322 -0.03935497 0.005919603 0.017678894 0.02956925 -0.06610959 -0.1613863 -0.13251759 -0.06507273 -0.009088784 0.03146736 0.09933986 0.103230104 0.13595498 0.110941984 0.27233845 0.33757645 0.19203086 -32767.0 -32767.0 -32767.0 -32767.0 -32767.0 -0.034515854 -0.08770751 -0.12785096 -0.102025926 0.1484176 0.8836628 0.81510216 0.7079409 0.73563635 0.74264216 0.7948107 0.8721647 1.027847 1.1795969 1.2437216 1.1359743 0.9264933 0.43108225 0.30352792 0.16325144 -0.011901419 -0.1464868
0.019617053 0.030573174 0.045215987 -0.006338663 -0.08323798 -0.10514689 -0.086569324 -0.06689718 -0.15592843 0.042492837 0.14670396 0.14058104 0.15065399 0.094609074 0.033082243 -0.007726752 0.03638437 0.0034684124 -0.008059488 0.028007885 0.022804499 0.08784001 0.100054726 0.11988335 0.1390068 0.106353 0.08732599 0.10993633 0.101118356 0.3408511 0.08260634 -32767.0 -32767.0 -32767.0 -32767.0 -32767.0 -0.20645279 0.049222916 0.30525115 0.75704193 1.0673108 0.93680924 0.8698707 0.71105015 0.54038966 0.55127555 0.6255655 0.7451581 0.8609436 0.94434124 0.977257 1.025153 0.9537681 0.81714207 0.44364226 0.2964288 0.02205016 -0.08582336
0.01599131 0.059315316 0.18031959 0.098908216 -0.07059519 -0.035944417 -0.011022616 0.010046379 -0.011840586 -0.13332775 -0.15951324 -0.12556536 -0.06645755 0.036799148 -0.01540873 -0.05302054 -0.007748188 0.033714276 0.03523933 0.02309403 0.10351926 0.16116223 0.1901432 0.1365722 0.09265992 0.08483965 0.08852405 0.040472377 0.04188958 0.07923771 0.22091499 0.15761675 -32767.0 0.10761386 -32767.0 -32767.0 0.20233959 0.50575584 0.65792996 0.85528624 0.85464 0.8182436 0.6857222 0.5386999 0.48847577 0.42212772 0.4261086 0.5172668 0.7256883 0.77768743 0.76055795 0.7721956 0.8333358 0.83586806 0.74322706 0.41713336 0.10904446 -0.014434898
0.27932197 0.009918325 -0.055424284 -0.019361341 0.01805331 0.017251225 -0.1178596 -0.15710759 -0.109657414 -0.157856 -0.23739773 -0.1772733 -0.08367887 -0.024736011 -0.024580846 -0.06583662 -0.048113707 -0.041231725 0.019543748 0.051240318 0.11028794 0.060838003 0.108489856 0.09218228 0.1666922 0.2051186 0.16545406 0.10400776 0.04347724 0.2039804 0.2562408 0.18682183 0.2395369 0.15918545 -32767.0 0.09366847 0.39601612 0.35354283 0.4727207 0.5415037 0.55293286 0.51324034 0.4798172 0.4518866 0.22237326 0.26492938 0.17333984 0.2613028 0.36423644 0.5000813 0.5510142 0.53827447 0.58973366 0.6554383 0.78053653 0.7124278 0.3527703 0.13112997
0.2659969 0.0403313 0.09004293 0.14988615 0.17808203 0.13268976 0.017706063 -0.05266557 -0.15302548 -0.15788236 -0.18096644 -0.1173105 -0.03446446 0.014236723 0.034268413 0.022639107 0.039361663 0.07346297 0.092442706 0.13611472 0.07920444 0.046008192 0.10915457 0.14495225 0.22221619 0.32286894 0.39764568 0.4159236 0.33098128 0.29710874 0.44372702 0.49455172 0.48213768 -32767.0 0.98874104 0.71932256 0.25845236 0.20050018 0.19129416 0.24650025 0.35972324 0.37571904 0.31964913 0.23006937 0.2794635 0.2532307 0.31435445 0.24728435 0.1401819 0.15722603 0.23499697 0.30212417 0.39602414 0.47151443 0.592256 0.84712815 0.7760261 0.4495536
0.09503849 0.21876118 0.102328934 0.11088109 0.090966985 0.10507696 0.122490026 0.13540412 0.1868262 -0.09663348 -0.117951244 -0.085249834 -0.0045819352 0.04035183 0.09418992 0.083117 0.09440463 0.15572034 0.15562052 0.06955183 0.1662546 0.0642402 0.06632926 0.02177441 0.06808601 0.19676422 0.3567693 0.49844405 0.58189315 0.5201944 0.023773568 0.33088836 0.036560874 0.3416755 0.38539195 0.11479712 0.011452552 -0.16649492 -0.050834224 0.22469473 0.24957435 0.31009984 0.3146014 0.22898152 0.26872477 0.33892745 0.28164533 0.121484086 0.081591725 -0.02900071 0.057830464 0.21527697 0.34529904 0.39418358 0.4253754 0.69964767 1.0108796 1.0038649
-0.049554277 -0.074795716 -0.027257213 0.08543408 0.15780005 0.17112441 0.14259951 0.10222643 0.05487937 0.11958779 0.039849132 0.026252992 -0.011770545 0.036869477 0.08247382 0.13928993 0.160163 0.16687006 0.066489555 0.116933405 0.09455578 0.045370337 0.03377131 -0.07125467 -0.0764489 0.12233542 0.29846105 0.45642328 0.53410995 0.628601 0.65705836 -32767.0 0.45216525 0.44327354 -32767.0 -0.010708288 -0.21544868 -0.20240659 -0.15439199 0.050439883 0.21565808 0.27465057 0.27831608 0.23343398 0.16112164 0.22359923 0.24423556 0.13094497 0.027917076 0.083732225 -0.066822514 -0.009148032 0.12964176 0.27660024 0.37120992 0.4281913 0.77477926 1.0764092
-32767.0 0.41797292 0.18607447 0.24141152 0.26391873 0.20093688 0.1788768 0.21660608 0.2352414 0.23040164 0.07976872 0.08991972 0.100773714 0.08536411 0.10171325 0.16933143 0.21342553 0.3161443 0.28405958 0.23760477 0.08234419 0.0898355 0.13125059 0.098110534 0.09790611 0.19266711 0.33467242 0.41393876 0.5394839 0.5907935 0.65625226 0.51532 -32767.0 -0.10260488 0.05928169 -0.003964 0.015360365 0.16825539 0.05883424 0.16163245 0.23993243 0.28503704 0.24675694 0.18446943 0.17936553 0.09306541 0.08138017 0.14621176 0.2600978 0.24669957 0.04233848 0.061769515 0.036923833 0.2146955 0.44281796 0.5803503 0.57481647 0.6565884
0.25264594 0.19918801 0.21119536 0.18075974 0.21636735 0.13966447 0.19113286 0.206221 0.20319872 0.31386915 0.20350383 0.14299361 0.14748211 0.104471646 0.12460046 0.26501524 0.29253075 0.3094567 0.32382092 0.2542203 0.19424509 0.2758348 0.37326157 0.4780016 0.53341365 0.5089863 0.5265999 0.49923578 0.53196836 0.5965646 0.4495043 0.85688704 0.51729685 0.2754655 0.22702764 0.16676627 0.2427225 0.22520524 0.39498097 0.4087082 0.37807992 0.2822917 0.21993257 0.15919602 0.17199674 0.056290425 -0.024017991 -0.038525872 0.097517185 0.21913283 0.30430686 0.14078258 0.075154975 0.059087105 0.28040895 0.47535658 0.5877828 0.64530665
0.12790819 0.10994518 0.06604555 0.14872342 0.2052481 0.21396062 0.2515488 0.28185123 0.19180018 0.16996609 0.30878308 0.29201606 0.35922247 0.45043597 0.3994287 0.3303294 0.30126327 0.30786654 0.36931992 0.3105947 0.47865155 0.58714753 0.6919042 0.7612076 0.79277307 0.7827565 0.5967486 0.523616 0.5187571 0.7052179 0.014492159 0.73941535 0.9516356 0.7345705 0.53517544 0.3541594 0.4322521 0.6725541 0.73680985 0.59509754 0.42469832 0.24063449 0.18209183 0.14609912 0.08644364 -0.028616238 -0.061801545 -0.06892903 -0.043222975 0.077339046 0.14425467 0.30772972 0.24075985 0.15248191 0.08110291 0.19107836 0.29659474 0.33757445
0.28447652 0.11598076 0.1336011 0.09591392 0.118296884 0.21681565 0.11492924 0.08928168 0.11533901 0.14363329 0.18403596 0.16075651 0.1848853 0.24204527 0.29516807 0.32259226 0.29571405 0.24346425 0.3131847 0.5022562 0.604496 0.7373621 0.82829666 0.8900488 0.829033 0.6683159 0.54500633 0.45381215 0.58588296 0.5585539 0.27961075 -0.08432628 0.55324864 1.1878856 1.1455082 0.9862368 1.0504844 1.0961053 0.8176472 0.6369201 0.41275412 0.25504866 0.19675298 0.1482145 0.05620282 -0.06464875 -0.115067944 -0.18085623 -0.2057209 -0.101756 0.046892695 0.12543966 0.23463324 0.19358721 -0.056542706 -0.035280146 0.04889557 0.14303523
0.28101707 0.1359137 0.17335983 0.12891045 0.0874453 0.12827492 0.12149361 0.08231892 0.09902117 0.13218811 0.23016438 0.2670668 0.2603062 0.224847 0.2782781 0.3051613 0.29241228 0.34977826 0.42693287 0.53736633 0.65199906 0.8054027 0.8593314 0.73840976 0.62134 0.515726 0.39741167 0.3713683 0.333261 0.41794646 0.50112844 0.51993024 0.030087203 0.20392497 0.8745362 1.1314745 0.9951077 0.8373954 0.6885858 0.4976037 0.36846033 0.31126657 0.2277955 0.17937593 0.06995119 -0.047822665 -0.15260464 -0.2575704 -0.29990825 -0.264872 -0.13474515 0.12615807 0.16410437 0.12284839 0.027867813 0.11370923 0.1147736 0.17704044
0.28497112 0.27456543 0.24356416 0.17444614 0.1646504 0.09231051 0.18623506 0.25394365 0.29081562 0.23036979 0.11087319 0.17290193 0.16351718 0.2349491 0.3099886 0.3371432 0.3318645 0.24512029 0.39229637 0.55575997 0.72709846 0.7539923 0.6342662 0.49839714 0.44595137 0.33060873 0.23506294 0.24358407 0.24406302 0.27460796 0.3517261 0.57881504 0.74846005 0.59413254 0.5381439 0.6654922 0.7334455 0.60708606 0.48073944 0.40695584 0.40011507 0.3660506 0.28033814 0.14797592 0.09554979 0.0054377224 -0.09808174 -0.17311984 -0.09785145 -0.15832041 -0.12517016 -0.0025483859 0.13350192 0.3071462 0.102587186 -0.035224367 0.015796097 0.03138027
0.42428094 0.539632 0.6863229 0.7908075 0.6757822 0.52270496 0.3127779 0.25455222 0.25687617 0.28480256 0.20922647 0.15008458 0.1936283 0.23716486 0.24443816 0.19361614 0.15055288 0.33416185 0.3751707 0.5869066 0.61846024 0.5200534 0.40940505 0.34037066 0.34752718 0.28374735 0.151493 0.010979595 -0.20309028 -0.098354995 0.1499981 0.28235668 0.36287653 0.39489716 0.4280719 0.44656482 0.4809279 0.5671804 0.5953839 0.50680965 0.3871054 0.2924594 0.2049385 0.123179674 0.13594843 0.093362406 0.0111390315 -0.10509728 -0.07505205 -0.14975221 -0.15105172 -0.074231654 -0.041634377 -0.014861244 0.10430468 0.048932143 0.019254565 -0.16710387
0.4548182 0.6312251 0.6402783 0.47773716 0.4008748 0.39519176 0.36631653 0.32021624 0.13209178 0.09816008 0.20716472 0.23428991 0.21016465 0.21255536 0.25231698 0.19206147 0.35019112 0.2934888 0.4945353 0.5621475 0.476367 0.3235835 0.22361119 0.060485374 -0.20163952 -0.23059651 -0.15315832 -0.29879937 -0.24167088 -0.13633995 -0.10120961 -0.06268967 0.023607312 0.22890662 0.4115058 0.59036684 0.72581244 0.7590396 0.6906492 0.5192356 0.34082884 0.20978233 0.14189318 0.10003455 0.07379773 0.05255261 0.0424148 -0.044256885 -0.04716428 -0.16877468 -0.21759298 -0.22577372 -0.18109627 -0.21368594 -0.116190985 0.008033605 -0.16693974 -0.35797384
0.65047836 0.5879988 0.3124319 0.17862248 0.15200761 0.247841 0.30891672 0.17260435 0.04756221 0.10549123 0.088963754 0.13899219 0.14372589 0.18801379 0.1585213 0.22893724 0.18478242 0.27381226 0.46834746 0.46765915 0.3585972 0.28688762 0.14104481 -0.07638495 -0.24263144 -0.26136285 -0.028117727 -32767.0 -0.095946305 -0.24142063 -0.07004865 0.13465647 0.25502765 0.36835375 0.5655942 0.56442744 0.5266242 0.52382964 0.48219398 0.46365434 0.32326815 0.22334939 0.09940563 0.052836914 -0.023065768 -0.032046378 -0.12812832 -0.24405237 -0.26116008 -0.31194133 -0.4224594 -0.47997946 -0.52422154 -0.3694035 -0.21455269 -0.297055 -0.39967704 -0.26332808
0.5708757 0.3498257 0.3787063 0.5163037 0.36240727 0.26761004 0.22798727 0.21002914 0.05479058 0.070122175 0.10670923 0.095324144 0.14158486 0.12405317 0.17205869 0.15263027 0.017921655 0.25042814 0.404226 0.4039818 0.29525626 0.24069017 0.110543944 0.068012536 -0.006010946 -0.19616203 -0.44071853 -0.42394572 -0.28356838 -0.05108423 0.22659688 0.22902729 0.27780634 0.4640149 0.3177446 0.3479949 0.38225764 0.37101334 0.34754404 0.3549136 0.27293465 0.16552581 0.054997396 0.020772137 -0.008280097 -0.15441215 -0.35425675 -0.40486124 -0.25761235 -0.3000641 -0.32507527 -0.38389194 -0.4112835 -0.5326228 -0.55573136 -0.53451186 -0.3907537 -0.2429315
0.44003823 0.29413185 0.33690414 0.39901072 0.3660006 0.37447128 0.3172095 0.33621043 0.19453242 0.119972184 0.20050532 0.12462686 0.12197476 0.10014831 0.1146945 0.23247743 0.163367 0.40308192 0.4358511 0.42259738 0.25526324 0.17213443 0.07335797 -0.034992002 -0.08292945 -0.014269109 -32767.0 -0.20774804 -0.113262504 0.18916251 0.1829021 0.15176271 0.29341942 0.20603538 0.21777274 0.21711457 0.2574836 0.24322157 0.24201517 0.19219607 0.15149134 0.06792714 0.009917288 -0.02493067 -0.09826877 -0.3317789 -0.38466883 -0.14433302 -0.100153655 0.0013142684 0.05247725 -0.13491164 -0.21243344 -0.21245995 -0.30221435 -0.3416034 -0.17823267 -0.12761545
0.34878048 0.17554052 0.18770385 0.27306396 0.18652532 0.30509573 0.40029225 0.31487587 0.28287843 0.33134666 0.26354122 0.13042858 0.15912923 0.19491261 0.24962837 0.44961932 0.71495044 0.704392 0.521753 0.45884147 0.22206515 0.0541652 0.05472735 0.007727156 -0.027014442 -0.16171046 -0.21945243 -0.095108576 0.1065068 0.12320031 0.045172706 0.13666147 0.0935271 0.10214724 0.042458802 0.06933094 0.08615106 0.018712565 0.0663107 0.017606499 0.02364334 -0.07029565 -0.09726417 -0.079069085 -0.22676781 -0.3893294 -0.10662422 -0.013747588 -0.058245543 -0.06226167 0.064417064 0.13562688 -0.103284255 -0.13815898 -0.08476764 -0.033730403 -0.090144716 -0.057873737
0.36589813 0.2513042 0.37005404 0.14659749 0.16772097 0.19895065 0.26205203 0.3315182 0.2872928 0.19919243 0.11265653 0.120816335 0.17754903 0.2632357 0.5736152 0.81031054 0.787022 0.6202293 0.56193835 0.40228733 0.21035445 0.090680376 -0.005518447 -0.06749672 -0.01461743 -0.17441928 -0.060406644 -0.08029996 0.12172315 0.01624952 -0.030020995 0.009336206 -0.045768026 -0.029408209 -0.086792335 -0.17987576 -0.16513285 -0.15968414 -0.16411573 -0.14150868 -0.14347965 -0.19819446 -0.16336021 -0.3196566 -0.3921711 -0.103941694 0.07140863 0.07444747 0.008533475 -0.04547519 0.017799033 0.026449874 -0.049580522 -0.13243525 -0.01664103 0.095425494 0.016972676 0.010569422
