static/data/pressure/2023/7/12/0.asc
ncols 137
nrows 93
xllcorner 108.0
yllcorner 17.0
cellsize 0.25
NODATA_value -32767
[rows 38 to 56 of 93, columns 86 to 128 of 137]
101.19068678185036 101.20341073390507 101.21893215059589 101.24194355324798 101.27091084835122 101.27470096172921 101.27343759060322 101.27867155669664 101.29392225100331 101.30366825683245 101.31693365365541 101.33245507034624 101.3481569686265 101.36620512756932 101.382719193002 101.39715772015626 101.40870854187968 101.41565708307266 101.42071056757665 101.42242514267622 101.42368851380222 101.42540308890179 101.42820055353792 101.43190042612119 101.43596126188334 101.43966113446662 101.44245859910275 101.44570726771245 101.44796328758031 101.45067051142173 101.45391918003145 101.45391918003145 101.45644592228344 101.45798001579358 101.459423868509 101.46294325950285 101.464477353013 101.46619192811256 101.46718457685442 101.4677260216227 101.46790650321213 101.46664313208613 101.46565048334428
101.2069301248989 101.21694685311218 101.2292196011933 101.26170628729038 101.2932003246456 101.30123175537517 101.29040286000948 101.29139550875132 101.30240488570645 101.31215089153557 101.32541628835854 101.3424717985595 101.36015899432347 101.38046317313415 101.39815036889811 101.41294985923123 101.4229665874445 101.42747862718021 101.42865175751149 101.43045657340576 101.43244187088948 101.4351490947309 101.4376758369829 101.4402025792349 101.44318052546045 101.44570726771245 101.44796328758031 101.45193388254773 101.4536484576473 101.45743857102529 101.46041651725085 101.46240181473456 101.46646265049671 101.46971131910641 101.47395263645798 101.47765250904125 101.48017925129325 101.4824352711611 101.48414984626066 101.48469129102895 101.48442056864481 101.48342791990295 101.48216454877695
101.21992479933775 101.23346091854486 101.24672631536784 101.27091084835122 101.2892297296782 101.29771236438131 101.29996838424917 101.30466090557431 101.314226429814 101.32415291723255 101.33795975882381 101.3577224928662 101.37721450452445 101.39815036889811 101.41267913684709 101.42522260731236 101.43018585102162 101.43316379724719 101.43469789075733 101.43668318824105 101.43866848572476 101.44119522797676 101.44372197022874 101.44570726771245 101.44769256519616 101.45021930744817 101.4536484576473 101.45798001579358 101.4614091659927 101.46592120572842 101.46944059672227 101.47395263645798 101.4791866025514 101.48297671592938 101.48848140440695 101.49272272175851 101.49597139036821 101.49922005897793 101.50021270771978 101.5009346340775 101.50066391169335 101.49940054056735 101.49741524308364
101.23914608861186 101.25241148543483 101.2682036245098 101.28192022530634 101.29816356835488 101.30745837021043 101.31197040994614 101.31846774716556 101.32821375299467 101.33940361153924 101.35672984412435 101.37667305975616 101.39589434903026 101.41267913684709 101.42639573764365 101.43316379724719 101.4376758369829 101.43866848572476 101.43866848572476 101.44065378320848 101.44318052546045 101.44570726771245 101.44742184281202 101.44940714029573 101.45166316016359 101.45545327354158 101.459423868509 101.46339446347642 101.46889915195399 101.47341119168969 101.47891588016725 101.48414984626066 101.49046670189067 101.49615187195764 101.50165656043521 101.5067100449392 101.51022943593306 101.51420003090047 101.51546340202647 101.51645605076833 101.51591460600004 101.51447075328461 101.51365858613218
101.26017219378024 101.27118157073537 101.28643226504205 101.29942693948088 101.30989487166771 101.31918967352327 101.32740158584225 101.33444036782996 101.34517902240093 101.3597077903499 101.37721450452445 101.3961650714144 101.41439371194666 101.42765910876963 101.43370524201548 101.44047330161905 101.44119522797676 101.44164643195033 101.4414659503609 101.4427293214869 101.44516582294416 101.44742184281202 101.44922665870631 101.45220460493188 101.45644592228344 101.46014579486672 101.46619192811256 101.47142589420598 101.47765250904125 101.4836986422871 101.48920333076467 101.49570066798407 101.5021980052035 101.50842462003877 101.51465123487404 101.51970471937803 101.52421675911374 101.52818735408115 101.52972144759129 101.531706745075 101.53116530030672 101.52990192918072 101.52972144759129
101.27794963033892 101.28868828490991 101.30294633047474 101.31539956014528 101.32595773312683 101.33371844147224 101.3416596314071 101.35140563723621 101.36394910770147 101.37865835723987 101.39544314505669 101.41439371194666 101.42820055353792 101.43569053949919 101.44092450559262 101.44191715433448 101.44245859910275 101.44164643195033 101.44245859910275 101.44345124784459 101.4454365453283 101.44769256519616 101.45067051142173 101.45572399592572 101.46014579486672 101.46745529923855 101.47395263645798 101.4811719000351 101.48766923725452 101.4938958520898 101.5009346340775 101.50743197129691 101.51420003090047 101.52069736811988 101.52692398295517 101.53197746745914 101.53639926640014 101.54046010216229 101.54217467726185 101.54415997474557 101.5451526234874 101.54397949315613 101.54370877077199
101.28868828490991 101.30448042398487 101.31918967352327 101.33046977286253 101.33940361153924 101.34743504226878 101.35564695458778 101.36692705392704 101.38019245075 101.39544314505669 101.41222793287352 101.42441044015993 101.43442716837319 101.4394806528772 101.4402025792349 101.44119522797676 101.44119522797676 101.43993185685076 101.44092450559262 101.44164643195033 101.44372197022874 101.44868521393802 101.45292653128959 101.4587019421513 101.46646265049671 101.47368191407384 101.4824352711611 101.49046670189067 101.49696403911007 101.50445402507135 101.51140256626432 101.5181706258679 101.52593133421331 101.53215794904858 101.53766263752614 101.54271612203013 101.5464159946134 101.55047683037554 101.55219140547511 101.55417670295883 101.55489862931654 101.55444742534297 101.55444742534297
101.29744164199717 101.31395570742986 101.33164290319381 101.34147914981766 101.35122515564679 101.3597077903499 101.36846114743717 101.37919980200815 101.39192375406286 101.40690372598539 101.41890575168237 101.42991512863749 101.43496861314148 101.43668318824105 101.4364124658569 101.4364124658569 101.4364124658569 101.43596126188334 101.43740511459876 101.43866848572476 101.4427293214869 101.44814376916973 101.45418990241559 101.46240181473456 101.47097469023241 101.48017925129325 101.48947405314881 101.49867861420964 101.50643932255505 101.51447075328461 101.52169001686174 101.5284580764653 101.53594806242657 101.54118202852 101.54695743938169 101.55119875673326 101.55444742534297 101.55769609395267 101.55941066905224 101.56121548494653 101.56193741130424 101.56166668892008 101.56121548494653
101.30917294531 101.32018232226513 101.33768903643967 101.3494203397525 101.35871514160804 101.3666563315429 101.3749584846566 101.38542641684343 101.39842109128226 101.41015239459509 101.41989840042422 101.42540308890179 101.42820055353792 101.4294639246639 101.42991512863749 101.42991512863749 101.43045657340576 101.43190042612119 101.43397596439962 101.43740511459876 101.44218787671862 101.44868521393802 101.45617519989929 101.46565048334428 101.4759379339417 101.48595466215495 101.49597139036821 101.5054466738132 101.51239521500618 101.5201559233516 101.52764590931288 101.53495541368471 101.54271612203013 101.54740864335525 101.55192068309097 101.5559815188531 101.55895946507867 101.56193741130424 101.5636519864038 101.5649153575298 101.56545680229809 101.56572752468223 101.56572752468223
101.3309209768361 101.3334477190881 101.33868168518153 101.3506837108785 101.3597077903499 101.36846114743717 101.3782071532663 101.38822388147958 101.39941374002412 101.40870854187968 101.41520587909909 101.41845454770879 101.41944719645065 101.41872527009293 101.42016912280836 101.42143249393436 101.42269586506036 101.42639573764365 101.42919320227978 101.43442716837319 101.44047330161905 101.44814376916973 101.45843121976715 101.46817722559628 101.47945732493552 101.49064718348009 101.5009346340775 101.51095136229077 101.51871207063617 101.52620205659746 101.53342132017457 101.53964793500985 101.54497214189797 101.54993538560726 101.55345477660111 101.55670344521081 101.55995211382053 101.56220813368837 101.56464463514565 101.56572752468223 101.56590800627166 101.5661787286558 101.56672017342409
101.32541628835854 101.32920640173653 101.33669638769781 101.3481569686265 101.3564591217402 101.36440031167504 101.37441703988831 101.38515569445929 101.39345784757298 101.40022590717655 101.40320385340212 101.40491842850169 101.40816709711139 101.40915974585324 101.41195721048938 101.4146644343308 101.41692045419866 101.42341779141807 101.42693718241192 101.43289307486305 101.4402025792349 101.44796328758031 101.4599653132773 101.47097469023241 101.48297671592938 101.4938958520898 101.50373209871363 101.51266593739032 101.51997544176217 101.5264727789816 101.53315059779042 101.53964793500985 101.5444306971297 101.5489427368654 101.55192068309097 101.55516935170068 101.55895946507867 101.56094476256239 101.56392270878794 101.56446415355623 101.56446415355623 101.56518607991394 101.56545680229809
101.31648244968184 101.32496508438497 101.3334477190881 101.34147914981766 101.34969106213664 101.3577224928662 101.3679197026689 101.37667305975616 101.38371184174386 101.38939701181086 101.39246519883113 101.39472121869898 101.39769916492455 101.3999551847924 101.40320385340212 101.40717444836953 101.41114504333694 101.41746189896693 101.42197393870265 101.42865175751149 101.43722463300934 101.44715112042788 101.4599653132773 101.47169661659012 101.48342791990295 101.49470801924221 101.50418330268721 101.51293665977447 101.52096809050403 101.52665326057102 101.53315059779042 101.53820408229443 101.542445399646 101.54722816176583 101.54966466322311 101.55390598057468 101.5571546491844 101.55968139143638 101.56193741130424 101.56193741130424 101.56067404017824 101.56094476256239 101.56193741130424
101.31070703882014 101.3174750984237 101.32622845551097 101.3321843479621 101.34120842743351 101.34969106213664 101.3584444192239 101.36647584995346 101.37170981604689 101.37640233737201 101.37992172836587 101.38344111935972 101.38696051035357 101.39147255008928 101.39517242267254 101.40022590717655 101.4044672245281 101.41096456174752 101.41890575168237 101.42621525605422 101.4364124658569 101.44697063883845 101.45843121976715 101.47070396784827 101.48216454877695 101.49272272175851 101.50246872758764 101.51040991752248 101.51789990348375 101.5239460367296 101.52918000282301 101.53396276494286 101.538655286268 101.54343804838786 101.54740864335525 101.55164996070683 101.5547181477271 101.55670344521081 101.55814729792624 101.55769609395267 101.55616200044254 101.55643272282667 101.55814729792624
101.3026756080906 101.30944366769414 101.3162117272977 101.3231602684907 101.33146242160439 101.34066698266524 101.34869841339479 101.3551957506142 101.36070043909176 101.36494175644333 101.36918307379489 101.37297318717289 101.37766570849801 101.38217774823372 101.38696051035357 101.39192375406286 101.39769916492455 101.4044672245281 101.41322058161538 101.42341779141807 101.43370524201548 101.4447146189706 101.45545327354158 101.46745529923855 101.4779232314254 101.48848140440695 101.49822741023607 101.50643932255505 101.51365858613218 101.51997544176217 101.52466796308731 101.52918000282301 101.53396276494286 101.53847480467857 101.54370877077199 101.54795008812354 101.55164996070683 101.55372549898526 101.55345477660111 101.55246212785926 101.55065731196497 101.5514694791174 101.55372549898526
101.29347104702974 101.29843429073902 101.30547307272673 101.314226429814 101.32171641577527 101.33164290319381 101.33868168518153 101.34517902240093 101.34969106213664 101.35420310187234 101.35889562319747 101.36340766293318 101.36819042505303 101.37342439114646 101.37793643088216 101.383982564128 101.39165303167871 101.39896253605055 101.41069383936338 101.42098128996079 101.43072729578991 101.44191715433448 101.45139243777945 101.4626725371187 101.47323071010027 101.4836986422871 101.49344464811622 101.50120535646164 101.50842462003877 101.51447075328461 101.5181706258679 101.52241194321945 101.52719470533931 101.531706745075 101.53847480467857 101.542445399646 101.5464159946134 101.54795008812354 101.5476793657394 101.5464159946134 101.54470141951384 101.54614527222925 101.54993538560726
101.2854396163002 101.29040286000948 101.29717091961302 101.30619499908444 101.31314354027742 101.32343099087484 101.33019905047838 101.33543301657181 101.33994505630753 101.34418637365907 101.34869841339479 101.35420310187234 101.3584444192239 101.36367838531733 101.37017572253674 101.37622185578259 101.38668978796943 101.39571386744083 101.40789637472724 101.41872527009293 101.42820055353792 101.43866848572476 101.44742184281202 101.4587019421513 101.46844794798041 101.47891588016725 101.48848140440695 101.49570066798407 101.50192728281935 101.50698076732334 101.51068063990661 101.51447075328461 101.51889255222561 101.5239460367296 101.531706745075 101.53567734004243 101.54018937977814 101.54145275090414 101.54046010216229 101.53946745342043 101.53820408229443 101.54091130613585 101.54497214189797
101.2772277039812 101.28318359643234 101.29022237842004 101.29897573550731 101.30646572146858 101.31494835617171 101.32018232226513 101.32568701074268 101.33119169922024 101.3359744613401 101.34066698266524 101.34644239352693 101.34996178452079 101.35591767697191 101.36295645895962 101.37089764889446 101.38217774823372 101.39246519883113 101.40491842850169 101.41565708307266 101.42522260731236 101.43541981711505 101.4441731742023 101.4549118287733 101.46420663062885 101.47323071010027 101.48270599354524 101.48992525712238 101.49615187195764 101.49994198533564 101.50264920917706 101.50616860017092 101.5112220846749 101.51591460600004 101.52340459196131 101.5284580764653 101.53342132017457 101.53441396891643 101.53315059779042 101.53215794904858 101.53071409633314 101.53468469130057 101.539918657394
101.27091084835122 101.27695698159707 101.28318359643234 101.29022237842004 101.29897573550731 101.30646572146858 101.31215089153557 101.31648244968184 101.32072376703341 101.32667965948454 101.33164290319381 101.33741831405553 101.3424717985595 101.3494203397525 101.35817369683977 101.36764898028476 101.37965100598173 101.39120182770515 101.40347457578625 101.41439371194666 101.42395923618636 101.43343451963133 101.44191715433448 101.45193388254773 101.46014579486672 101.46844794798041 101.47620865632584 101.48270599354524 101.48821068202281 101.49145935063252 101.49344464811622 101.49696403911007 101.50192728281935 101.50815389765462 101.5156438836159 101.52169001686174 101.52593133421331 101.52719470533931 101.5264727789816 101.52620205659746 101.5252094078556 101.52990192918072 101.53540661765828
101.2636915847741 101.26991819960936 101.27614481444463 101.28318359643234 101.29265887987732 101.29617827087117 101.30195368173288 101.30664620305801 101.31242161391971 101.31991159988098 101.32469436200083 101.33046977286253 101.33696711008196 101.34472781842736 101.35393237948821 101.36440031167504 101.37622185578259 101.38822388147958 101.40022590717655 101.41114504333694 101.42116177155022 101.43045657340576 101.43993185685076 101.44715112042788 101.4549118287733 101.4626725371187 101.46944059672227 101.47494528519984 101.47972804731967 101.48297671592938 101.48541321738666 101.48920333076467 101.49470801924221 101.50120535646164 101.5079734160652 101.51420003090047 101.51871207063617 101.51997544176217 101.51943399699388 101.51889255222561 101.5201559233516 101.52466796308731 101.52972144759129
