static/data/pressure/2023/7/12/12.asc
ncols 137
nrows 93
xllcorner 108.0
yllcorner 17.0
cellsize 0.25
NODATA_value -32767
[rows 57 to 75 of 93, columns 43 to 85 of 137]
100.861578603528 100.81528507583967 100.76989395609846 100.7266686154304 100.710064309203 100.73533173172295 100.76357710046848 100.78703970709414 100.80905846100438 100.83152841888821 100.85065946736759 100.86545895770071 100.88495096935895 100.90967694711063 100.93241762737858 100.95227060221568 100.97122116910565 100.9888181240749 101.00343713281858 101.01652204805214 101.03014840805396 101.04359428646637 101.05370125547434 101.0686812273969 101.07969060435201 101.0917828708437 101.1052287492561 101.11777221972137 101.12878159667649 101.14322012383074 101.15007842422902 101.16090731959471 101.16948019509256 101.17715066264326 101.18707715006181 101.19231111615522 101.2016961588055 101.2094568671509 101.2170370939069 101.22570021019945 101.23391212251843 101.24104114530084 101.25015546556698
100.83152841888821 100.78180574100074 100.75229700112921 100.72378090999955 100.73794871476966 100.76556239795218 100.78243742656372 100.8034635317321 100.82665541597365 100.84759128034732 100.86320293783285 100.87484400035098 100.8852216917431 100.91030863267362 100.93909544618742 100.96147516327653 100.97492104168893 100.98602065943875 101.00118111295075 101.011829526727 101.02428275639754 101.03565309653153 101.04666247348665 101.05604751613691 101.07030556170174 101.08068325309387 101.09421937230098 101.10739452832924 101.11777221972137 101.13230098767035 101.14042265919461 101.15269540727573 101.16189996833657 101.17056308462914 101.17958716410054 101.18770883562482 101.19546954397022 101.2035912154945 101.20981783032975 101.21739805708576 101.22615141417302 101.23255851059773 101.24167283086385
100.78189598179544 100.75689928165963 100.73217330390796 100.7483264061618 100.77007443768788 100.78352031610028 100.80283184616911 100.82873095425207 100.84271827743275 100.85869089809715 100.88034868882855 100.91003791028947 100.91671572909833 100.9177986186349 100.94478061625442 100.96454335029681 100.97970380380877 100.9869230673859 100.99684955480446 101.00939302526972 101.01733421520457 101.0271704618284 101.04007489547251 101.04648199189722 101.06209364938276 101.07247134077488 101.0859172191873 101.09990454236798 101.11109440091252 101.12390859376193 101.13527893389592 101.14619807005631 101.15630503906429 101.16541935933043 101.17290934529169 101.18220414714725 101.18797955800896 101.19610122953321 101.20241808516322 101.20891542238262 101.21730781629104 101.22191009682146 101.23030249072987
100.76132108060062 100.7464313494728 100.75328964987106 100.76935251133017 100.789295726962 100.79877101040698 100.82873095425207 100.83829647849176 100.85372765438787 100.90841357598462 100.9504657863214 101.00776869096487 100.97239429943693 100.9612946816871 100.95254132459982 100.97203333625806 100.97907211824578 100.99044245837975 100.9952252204996 101.00894182129615 101.01679277043628 101.02392179321869 101.03655550447866 101.04305284169808 101.0565889609052 101.06795930103918 101.08041253070972 101.0943096130957 101.1052287492561 101.11560644064824 101.12878159667649 101.13744471296906 101.14782240436116 101.15684648383258 101.16352430264142 101.17381175323882 101.17832379297454 101.18644546449882 101.19204039377108 101.1985377309905 101.2049448274152 101.2094568671509 101.21658588993333
100.75717000404377 100.76881106656188 100.77566936696017 100.78884452298843 100.80833653464667 100.81447290868724 100.8499375410099 100.85255452405659 100.92267162154945 100.97753802473564 101.14583710687745 101.18816003959839 101.07734434368945 100.96679937016467 100.95795577228267 100.97293574420522 100.97528200486778 100.99504473891018 100.9945935349366 101.00831013573314 101.01859758633057 101.02581684990768 101.03466044778968 101.04359428646637 101.05397197785848 101.06642520752904 101.0789686779943 101.08943661018114 101.10080695031512 101.1078457323028 101.12156233309935 101.12968400462363 101.13834712091618 101.14746144118232 101.15269540727573 101.16316333946257 101.16758513840357 101.17453367959654 101.18021884966353 101.18482113019395 101.19077702264508 101.19555978476494 101.20070351006365
100.77503768139717 100.78767139265715 100.79407848908184 100.80707316352067 100.82521156325821 100.82746758312607 100.85968354683901 100.86672232882671 100.94622446896985 101.25493822768682 101.47323071010027 101.40230144545497 101.12147209230464 100.99567642447317 100.96896514923779 100.98556945546518 100.97645513519906 100.99757148116217 100.99766172195689 101.00767845017015 101.01868782712528 101.02744118421253 101.03393852143196 101.04422597202937 101.0495501789175 101.06254485335633 101.07156893282773 101.08167590183572 101.09421937230098 101.10035574634155 101.11316993919095 101.11966727641037 101.12805967031878 101.1365423050219 101.14195675270474 101.15107107297088 101.15504166793829 101.1615390051577 101.16659248966171 101.17119477019213 101.17597753231198 101.18039933125296 101.1850918525781
100.80003438153297 100.80310256855326 100.8116754440511 100.82376771054278 100.83703310736576 100.84154514710147 100.87358062922497 100.88919228671051 101.01552939931028 101.34572046716922 101.66706793714617 101.49019597950652 101.12896207826591 100.99820316672518 100.97203333625806 100.99107414394275 100.98177934208721 100.9958569060626 101.00118111295075 101.01029543321685 101.02283890368211 101.03330683586897 101.03420924381611 101.04206019295623 101.04494789838708 101.0565889609052 101.06498135481361 101.0731932671326 101.08546601521373 101.0917828708437 101.10234104382526 101.10883838104466 101.1160576446218 101.12426955694077 101.13040593098134 101.13744471296906 101.1415957895259 101.14682975561931 101.15197348091802 101.15657576144844 101.16054635641585 101.16442671058857 101.16993139906613
100.81645820617094 100.82042880113836 100.83197962286178 100.84316948140632 100.84822296591032 100.86654184723729 100.87682929783469 100.88206326392812 100.99558618367845 101.2636915847741 101.532970116201 101.27831059351777 101.05144523560651 100.96445310950209 100.96860418605894 100.98421584354449 100.98484752910748 100.99567642447317 101.00145183533488 101.00821989493843 101.01760493758871 101.0246437195764 101.0278021473914 101.03457020699496 101.04052609944608 101.0494599381228 101.05694992408405 101.06570328117132 101.07680289892116 101.08447336647187 101.09295600117498 101.09909237521555 101.10567995322967 101.1121772904491 101.11804294210552 101.12327690819892 101.1281499111135 101.1320302652862 101.1364520642272 101.14096410396289 101.14565662528803 101.15080035058674 101.15567335350129
100.83008456617279 100.83820623769704 100.84777176193674 100.8551715071033 100.86040547319672 100.87646833465583 100.86455654975357 100.92176921360232 101.10152887667283 101.37017572253674 101.52665326057102 101.12165257389407 100.96246781201839 100.97266502182107 100.98277199082906 100.97555272725192 100.98620114102819 100.99495449811546 100.99793244434103 101.00614435666 101.011829526727 101.0169732520257 101.02428275639754 101.02735094341783 101.03547261494211 101.03971393229365 101.04747464063908 101.05694992408405 101.06516183640305 101.0744566382586 101.08041253070972 101.08808299826042 101.09467057627455 101.10017526475212 101.10477754528253 101.10847741786581 101.11280897601209 101.11705029336366 101.12219401866236 101.12679629919278 101.13004496780249 101.13627158263776 101.14258843826775
100.83829647849176 100.84407188935346 100.8532764504143 100.85941282445486 100.862210289091 100.87719026101354 100.86509799452186 100.99955677864588 101.34572046716922 101.61409659064898 101.48469129102895 101.07229085918544 100.94820976645356 100.97744778394092 100.98069645255063 100.9696870755955 100.99441305334717 100.98809619771718 100.99721051798332 101.00442978156043 101.00831013573314 101.01273193467414 101.01895854950942 101.01859758633057 101.02771190659668 101.03141177917996 101.03980417308837 101.04855753017564 101.0540622186532 101.06534231799247 101.06922267216518 101.07734434368945 101.08194662421987 101.08555625600843 101.09015853653885 101.09295600117498 101.0988216528314 101.10270200700411 101.10766525071338 101.11289921680681 101.11741125654251 101.12517196488793 101.1313985797232
100.84181586948561 100.84479381571118 100.8551715071033 100.861578603528 100.85751776776587 100.88639482207438 100.86230052988572 100.99820316672518 101.35104467405735 101.50418330268721 101.23346091854486 101.02491444196055 100.96571648062809 100.97293574420522 100.97329670738407 100.97004803877437 100.99080342155861 100.97871115506692 100.99594714685732 100.99639835083089 101.00118111295075 101.00668580142829 101.009302784475 101.01255145308471 101.01832686394643 101.02283890368211 101.03014840805396 101.03827007957823 101.04395524964522 101.05433294103734 101.05694992408405 101.06380822448233 101.06759833786033 101.0706665248806 101.07680289892116 101.0777053068683 101.08483432965072 101.08871468382341 101.09485105786398 101.10089719110984 101.10604091640853 101.1135309023698 101.11984775799979
100.8443426117376 100.84235731425389 100.85318620961958 100.85878113889186 100.85390813597729 100.88747771161094 100.86004451001786 100.97618441281493 101.27867155669664 101.4217032163185 101.11109440091252 100.97076996513208 100.96580672142281 100.95858745784567 100.96291901599196 100.96977731639022 100.9823207868555 100.97618441281493 100.99215703347932 100.99152534791632 100.99693979559918 101.00343713281858 100.99955677864588 101.00632483824944 101.00803941334901 101.01534891772086 101.02184625494026 101.02843383295439 101.03556285573681 101.04242115613508 101.04594054712894 101.05135499481179 101.0527086067325 101.05568655295805 101.06092051905148 101.06281557574047 101.07093724726474 101.07553952779516 101.08203686501459 101.08934636938642 101.09403889071156 101.10306297018298 101.10947006660767
100.84741079875789 100.84659863160546 100.85634463743457 100.85814945332886 100.857156804587 100.8769195386294 100.86103715875971 100.92285210313888 101.13618134184306 101.28164950292219 101.02292914447683 100.9440586898967 100.98295247241849 100.96093371850824 100.96905539003251 100.97140165069507 100.97609417202021 100.97492104168893 100.98547921467049 100.98421584354449 100.9875547529489 100.99152534791632 100.9900814952009 100.99802268513574 100.99621786924146 101.00515170791815 101.01029543321685 101.01733421520457 101.02410227480811 101.0290655185174 101.03204346474297 101.03592381891568 101.03772863480994 101.04142850739322 101.04585030633422 101.04973066050694 101.05893522156776 101.06155220461447 101.07084700647002 101.07689313971588 101.08320999534587 101.0917828708437 101.09809972647369
100.84894489226804 100.8499375410099 100.85490078471915 100.860315232402 100.85670560061344 100.86581992087957 100.85959330604429 100.89758468061893 101.09331696435385 101.13554965628005 100.97167237307922 100.94180267002885 100.97446983771536 100.95290228777868 100.96264829360781 100.9722138178475 100.96869442685365 100.97239429943693 100.9754624864572 100.9767258575832 100.98132813811364 100.9824110276502 100.98358415798148 100.9881864385119 100.98665234500176 100.99657883242031 100.99955677864588 101.00614435666 101.01065639639572 101.01408554659486 101.01832686394643 101.02031216143013 101.02265842209269 101.0278021473914 101.03177274235883 101.03727743083637 101.04521862077122 101.0489184933545 101.0585742583889 101.06389846527705 101.0719298960066 101.07978084514673 101.08709034951858
100.85156187531473 100.85616415584515 100.86094691796501 100.86419558657471 100.86193956670687 100.86365414180644 100.86654184723729 100.89217023293608 100.9446903754597 100.98168910129249 100.9587679394351 100.9484804888377 100.9606629961241 100.95389493652053 100.96309949758138 100.96418238711796 100.95921914340867 100.96607744380695 100.96373118314438 100.96806274129067 100.96977731639022 100.97140165069507 100.97383815215235 100.97681609837792 100.97898187745106 100.98620114102819 100.98827667930661 100.99432281255247 100.99883485228817 101.0009103905666 101.00677604222301 101.00668580142829 101.01210024911114 101.01670252964156 101.02166577335083 101.02753142500725 101.03267515030596 101.03817983878352 101.04603078792366 101.05171595799064 101.05965714792548 101.06795930103918 101.07508832382159
100.85219356087772 100.857156804587 100.86139812193858 100.86455654975357 100.86870762631041 100.86970027505227 100.87529520432454 100.88720698922681 100.92222041757589 100.9421636332077 100.9427953187707 100.94640495055927 100.9465854321487 100.94541230181741 100.94820976645356 100.94956337837426 100.95055602711612 100.95669240115667 100.95353397334168 100.95994106976639 100.9606629961241 100.96309949758138 100.96589696221753 100.96652864778052 100.97167237307922 100.9734771889735 100.97708682076207 100.98223054606078 100.98602065943875 100.98890836486962 100.9945935349366 100.9952252204996 101.0021737616926 101.00515170791815 101.01047591480629 101.01598060328385 101.01940975348299 101.02689973944426 101.03105081600111 101.0380895979888 101.04566982474479 101.05370125547434 101.06227413097218
100.85183259769887 100.85652511902401 100.860315232402 100.86482727213772 100.87159533174126 100.87610737147698 100.88477048776952 100.89379456724095 100.9050746665802 100.91680596989305 100.92456667823845 100.92934944035831 100.93268834976273 100.93665894473014 100.93981737254514 100.94189291082355 100.9427953187707 100.94297580036013 100.94694639532756 100.95064626791084 100.95091699029498 100.95317301016281 100.9549778260571 100.95515830764653 100.95822649466682 100.95822649466682 100.96472383188623 100.96833346367481 100.97230405864221 100.9778989879145 100.98159886049777 100.98466704751806 100.99071318076389 100.99378136778418 100.99847388910932 101.00343713281858 101.00632483824944 101.01480747295257 101.01760493758871 101.02545588672884 101.03177274235883 101.0393529691148 101.04927945653336
100.84768152114204 100.85291548723544 100.85796897173944 100.86320293783285 100.86942955266812 100.8750244819404 100.8833266350541 100.8896434906841 100.89740419902951 100.90543562975905 100.91220368936263 100.91752789625076 100.92194969519174 100.92402523347016 100.9255593269803 100.92727390207988 100.9299811259213 100.93395172088873 100.93828327903499 100.93701990790899 100.93954665016099 100.9409002620817 100.9409002620817 100.94135146605528 100.943336763539 100.94478061625442 100.94956337837426 100.95317301016281 100.9580460130774 100.96391166473381 100.96734081493295 100.97428935612592 100.97708682076207 100.98168910129249 100.98620114102819 100.98981077281675 100.99314968222117 100.99865437069874 101.00118111295075 101.00831013573314 101.01489771374729 101.02329010765568 101.0335775582531
100.84443285253232 100.84768152114204 100.85192283849358 100.85751776776587 100.86302245624343 100.86879786710513 100.8749342411457 100.8800779664444 100.88603385889552 100.89153854737309 100.89704323585065 100.90290888750705 100.90651851929563 100.91066959585248 100.91473043161461 100.9177986186349 100.9204156016816 100.92231065837059 100.92267162154945 100.92528860459616 100.92564956777503 100.9242959558543 100.92393499267546 100.92628125333802 100.92718366128516 100.93097377466316 100.93485412883587 100.93981737254514 100.9453220610227 100.95010482314255 100.95380469572582 100.95994106976639 100.96309949758138 100.96815298208537 100.9715821322845 100.97383815215235 100.97871115506692 100.9811476565242 100.98728403056475 100.99197655188989 100.99621786924146 101.00235424328203 101.00903206209087
