static/data/pressure/2023/7/12/18.asc
ncols 137
nrows 93
xllcorner 108.0
yllcorner 17.0
cellsize 0.25
NODATA_value -32767
[rows 19 to 37 of 93, columns 0 to 42 of 137]
100.75518470656006 100.78460320563686 100.78767139265715 100.76709649146231 100.69255759502848 100.57479335792655 100.45856321433477 100.36390062067966 100.29468593113394 100.23846591602705 100.19560153853784 100.1659123170769 100.16555135389804 100.18693842224529 100.20570850754584 100.21969583072652 100.26192852265271 100.28006692239025 100.24108289907375 100.17385350701174 100.10427785428716 100.0520284341477 100.00221551546551 99.97622616658784 99.97992603917112 99.98227229983368 99.97460183228297 99.96431438168557 99.95610246936658 99.93670069850305 99.92433770962721 99.91829157638136 99.9139600182351 99.9140502590298 99.91377953664568 99.91567459333467 99.9217207265805 99.94166394221233 99.94897344658418 99.94301755413304 99.92244265293822 99.91107231280425 99.91368929585096
100.70419865754658 100.68308231158348 100.63705950627929 100.57659817382084 100.49790820083012 100.42066208055485 100.337279586239 100.26472598728886 100.20597922992998 100.18008012184701 100.15842233111563 100.1454276566768 100.15291764263807 100.21292777112295 100.20543778516169 100.16428798277205 100.13144033349612 100.11817493667314 100.07431791044208 100.02495619573345 100.00239599705493 99.99165734248395 99.98028700234997 99.97821146407155 99.98118941029712 99.97081171890498 99.96115595387057 99.95140994804146 99.93904695916561 99.9286692677735 99.92316457929593 99.92253289373294 99.92379626485894 99.92668397028979 99.92722541505807 99.92668397028979 99.92514987677964 99.9447321292326 99.95646343254543 99.95402693108815 99.93065456525721 99.92126952260693 99.91802085399723
100.72053224138983 100.6671999317138 100.60493378336106 100.52335610493951 100.44520757671708 100.3833023915432 100.3417916259747 100.29477617192865 100.26869658225628 100.2407219358949 100.2061597115194 100.16789761456062 100.1524664386645 100.18910420131843 100.16898050409718 100.12683805296568 100.09020029031176 100.05103578540584 100.02044415599774 100.01909054407705 100.04805783918027 100.04219218752385 100.01665404261976 99.9958084190408 99.967021605527 99.95204163360444 99.94455164764318 99.94067129347047 99.93372275227749 99.93327154830392 99.93489588260877 99.93615925373476 99.94229562777532 99.94355899890132 99.94301755413304 99.93994936711276 99.93597877214533 99.94419068446432 99.95122946645203 99.95068802168375 99.94382972128547 99.94058105267575 99.93697142088719
100.6249672397876 100.56766433514413 100.50684203950682 100.43194217989411 100.40080910571774 100.43654446042453 100.4229181004227 100.45314876665192 100.4325738654571 100.37355638571408 100.31147071895076 100.27032091656113 100.23323194993363 100.21193512238109 100.18170445615188 100.11447506408986 100.07079851944822 100.05031385904813 100.05834528977768 100.06971562991166 100.09516353402104 100.04896024712741 100.02035391520303 99.9837161525491 99.961968121023 99.94969537294189 99.94328827651718 99.9389567183709 99.94193466459647 99.95177091122032 99.95384644949873 99.95754632208201 99.96422414089086 99.96584847519571 99.96458510406971 99.96115595387057 99.96007306433401 99.95889993400272 99.96241932499657 99.959441378771 99.9555610245983 99.95826824843972 99.96422414089086
100.65844657462654 100.58390767819267 100.53707270573605 100.50404457487069 100.49357664268385 100.52128056666108 100.562340128256 100.5360800569942 100.46253380930219 100.38817539445776 100.33628693749715 100.30533434491021 100.2726671772237 100.26445526490471 100.22483955602522 100.16446846436148 100.09507329322632 100.07404718805793 100.04769687600141 100.04354579944456 100.0457115785177 100.0233318614286 99.99977901400823 99.97117268208383 99.95655367334015 99.94554429638504 99.94301755413304 99.94509309241147 99.94996609532603 99.95844873002915 99.96278028817544 99.9637729369173 99.96792401347415 99.96990931095785 99.97270677559398 99.97568472181955 99.9741506283094 99.97135316367327 99.96503630804328 99.96332173294371 99.967021605527 99.97469207307769 99.98281374460197
100.85733728617643 100.77855707239102 100.7624039701372 100.70970334602416 100.69679891238003 100.60818245197078 100.60430209779807 100.49168158599485 100.40920149962616 100.3443183682267 100.33773079021258 100.30894397669876 100.28268390543697 100.3014539907375 100.27068187974 100.22429811125693 100.15842233111563 100.1352304468741 100.06610599812309 100.03731918460929 99.98615265400637 99.97532375864068 99.96052426830758 99.95258307837273 99.94139321982819 99.93715190247661 99.94040057108633 99.94446140684846 99.94707838989518 99.9524025967833 99.95501957983001 99.9549293390353 99.95610246936658 99.95583174698244 99.96007306433401 99.96494606724858 99.96693136473229 99.96169739863886 99.963231492149 99.967021605527 99.97703833374025 99.98840867387423 99.99743275334565
100.78731042947828 100.81348025994538 100.8149241126608 100.71827622152199 100.63579613515329 100.54681871156517 100.52146104825052 100.39810188187631 100.34079897723286 100.31679492583889 100.31020734782476 100.25822865006943 100.23160761562877 100.25191179443945 100.26481622808356 100.21969583072652 100.19370648184885 100.15959546144691 100.08695162170206 100.02107584156074 99.96341197373843 99.9478003162529 99.93291058512506 99.92478891360079 99.91964518830208 99.91802085399723 99.92289385691178 99.92957167572064 99.93209841797264 99.93976888552332 99.94247610936475 99.94283707254361 99.9465369451269 99.94617598194803 99.94969537294189 99.95447813506172 99.95727559969787 99.96593871599043 99.96819473585829 99.9810991695024 99.9939133623518 100.00528370248577 100.01223224367877
100.48040148665558 100.51604660056766 100.57217637487985 100.45278780347307 100.37310518174051 100.37093940266737 100.37346614491936 100.33872343895443 100.32997008186716 100.29784435894894 100.25570190781745 100.18621649588758 100.13207201905911 100.09353919971618 100.10869965322814 100.13468900210582 100.13631333641068 100.09344895892147 100.04291411388157 99.9773090561244 99.95267331916745 99.93092528764136 99.91314785108267 99.90042389902798 99.89555089611342 99.89573137770284 99.90177751094868 99.90944797849939 99.92126952260693 99.93254962194621 99.93931768154975 99.9452735740009 99.94978561373661 99.95465861665116 99.95880969320801 99.96332173294371 99.97090195969969 99.97956507599226 99.99066469374209 100.0054641840752 100.01593211626205 100.0208051191766 100.02757317878016
100.27005019417699 100.29297135603437 100.37707577670793 100.3283457475623 100.31778757458075 100.32202889193232 100.3333992320663 100.29432496795508 100.28295462782111 100.26066515152671 100.22655413112479 100.16194172210947 100.0393947228877 99.96296076976486 99.93633973532418 99.96657040155343 99.9958084190408 99.97929435360811 99.94193466459647 99.9286692677735 99.92334506088535 99.91603555651352 99.9088162929364 99.89464848816628 99.88535368631071 99.88914379968871 99.90222871492226 99.91540387095053 99.92785710062107 99.9408517750599 99.95005633612075 99.95826824843972 99.96341197373843 99.96810449506357 99.97433110989883 99.97992603917112 99.98804771069538 99.99752299414037 100.00889333427435 100.02197824950788 100.02730245639601 100.03109256977402 100.03722894381457
100.20697187867181 100.19966237429998 100.21743981085866 100.22429811125693 100.23765374887462 100.26391382013642 100.27420127073383 100.22222257297851 100.1736730254223 100.14172778409352 100.10292424236646 100.06384997825523 99.98127965109182 99.92271337532236 99.87885634909131 99.85376940816077 99.85277675941892 99.86559095226833 99.8660421562419 99.86730552736789 99.88228549929045 99.90592858750554 99.91314785108267 99.90656027306854 99.89329487624556 99.8941972841927 99.90944797849939 99.92406698724308 99.93877623678148 99.95330500473044 99.96422414089086 99.97306773877284 99.97739929691912 99.9817308550654 99.98858915546366 99.9926499912258 100.00194479308136 100.01132983573163 100.02044415599774 100.02730245639601 100.03407051599959 100.04309459547099 100.05058458143226
100.32978960027772 100.24018049112661 100.16807809615004 100.12602588581326 100.13234274144325 100.17105604237561 100.21852270039523 100.24758023629317 100.21166439999695 100.13432803892697 100.041199538782 99.96305101055958 99.91765989081838 99.89627282247113 99.86721528657318 99.83057752391926 99.79384952047062 99.80260287755787 99.81532682961257 99.82985559756155 99.8500695355775 99.88517320472128 99.91296736949324 99.92009639227565 99.9133283326721 99.90845532975753 99.91603555651352 99.92830830459464 99.94319803572247 99.958178007645 99.96648016075872 99.9740603875147 99.97947483519755 99.9855209684434 99.99490601109366 99.9983351612928 100.01205176208934 100.02892679070088 100.0438165218287 100.04706519043842 100.05392349083668 100.06565479414952 100.07314478011078
100.28367655417883 100.26526743205714 100.22456883364107 100.18071180741002 100.16979267124961 100.19208214754399 100.21852270039523 100.24496325324645 100.23368315390721 100.19172118436514 100.12070167892513 100.0591574569301 99.98218205903896 99.90277015969053 99.82344850113684 99.77706473265378 99.7663260780828 99.77480871278593 99.79339831649705 99.83030680153512 99.87290045664017 99.90710171783682 99.9082748481681 99.90845532975753 99.90547738353196 99.90971870088353 99.92578156234265 99.93841527360262 99.95068802168375 99.960704749897 99.96927762539484 99.9785724272504 99.98308446698611 99.98777698831124 99.99671082698794 100.00708851838006 100.02251969427617 100.04029713083484 100.05455517639967 100.06384997825523 100.07467887362093 100.08207861878749 100.0834322307082
100.28394727656296 100.28981292821939 100.34783775922055 100.35803496902325 100.35153763180384 100.32789454358873 100.3205850392169 100.20715236026125 100.12701853455512 100.11014350594357 100.1262966081974 100.10897037561229 100.05365276845254 99.94130297903347 99.8507914619352 99.77444774960708 99.75432405238583 99.7675894492088 99.79069109265562 99.82922391199854 99.89130957876185 99.94590525956389 99.9452735740009 99.92839854538936 99.91964518830208 99.91233568393024 99.92695469267393 99.93976888552332 99.9516806704256 99.96269004738072 99.97054099652084 99.97739929691912 99.98254302221783 99.98840867387423 99.9971620309615 100.01015670540033 100.03244618169472 100.05103578540584 100.06655720209666 100.07846898699893 100.08884667839104 100.0892076415699 100.08866619680161
100.21419114224895 100.30759036477806 100.4062235534006 100.48383063685472 100.53247042520563 100.50882733699054 100.42093280293899 100.26102611470557 100.17394374780645 100.18359951284087 100.20543778516169 100.15391029137993 100.08271030435048 100.00510322089634 99.93543732737704 99.85792048471762 99.76289692788367 99.77516967596479 99.8040467302733 99.83644317557567 99.87993923862788 99.92505963598492 99.96954834777898 99.95826824843972 99.96467534486443 99.95159042963088 99.95384644949873 99.95068802168375 99.961968121023 99.97297749797812 99.98218205903896 99.98669409877466 99.99030373056323 99.99616938221965 100.01033718698977 100.02279041666031 100.042462909908 100.05771360421467 100.07269357613721 100.08965884554347 100.09868292501488 100.09922436978317 100.10057798170388
100.16392701959319 100.25831889086415 100.41569883684556 100.55485014229473 100.60547522812935 100.59004405223324 100.50043494308211 100.40496018227459 100.41615004081913 100.42770086254254 100.39593610280318 100.29883700769079 100.18702866304001 100.12593564501854 100.05617951070454 99.92821806379993 99.80242239596845 99.79745915225918 99.83707486113866 99.86956154723575 99.88616585346314 99.90069462141213 99.94364923969604 99.98254302221783 99.99084517533151 99.99995949559765 100.00880309347963 100.00744948155891 100.02531715891232 100.03930448209299 100.05816480818825 100.041199538782 100.04291411388157 100.00564466566463 100.0143980227519 100.02928775387973 100.0450798929547 100.06033058726139 100.07801778302536 100.09841220263074 100.10806796766515 100.11330193375858 100.11465554567928
100.09164414302718 100.14443500793494 100.28367655417883 100.42715941777425 100.51478322944166 100.49944229434026 100.44430516876993 100.41678172638214 100.49077917804772 100.53490692666291 100.50323240771826 100.37707577670793 100.30280760265822 100.2304344852975 100.08992956792761 99.96052426830758 99.86333493240048 99.82191440762669 99.86270324683748 99.91720868684482 99.93994936711276 99.9286692677735 99.92821806379993 99.967021605527 100.00185455228664 100.02594884447531 100.04264339149742 100.05807456739353 100.07594224474693 100.13333539018511 100.17259013588574 100.15318836502222 100.106533874155 100.06908394434866 100.03840207414585 100.04210194672913 100.05735264103582 100.07016683388524 100.08821499282804 100.1070753189233 100.11727252872599 100.12259673561412 100.13080864793311
100.00167407069722 100.05184795255826 100.06357925587109 100.16140027734119 100.26454550569943 100.30840253193048 100.25055818251874 100.2746524747074 100.39909453061817 100.4261667690324 100.37193205140923 100.27853282888012 100.30497338173136 100.19930141112113 100.05771360421467 99.95971210115515 99.91134303518838 99.8627934876322 99.87569792127631 99.92948143492592 99.9817308550654 99.96918738460012 99.95204163360444 99.96296076976486 99.99571817824608 100.02594884447531 100.03533388712559 100.05293084209484 100.1051802622343 100.17385350701174 100.24018049112661 100.2797962000061 100.2305247260922 100.20218911655198 100.1518347531015 100.11853589985199 100.08397367547649 100.09696834991531 100.1038266503136 100.11682132475242 100.12683805296568 100.13595237323182 100.14443500793494
99.97306773877284 99.99806443890866 99.97234581241513 100.02315137983916 100.13477924290054 100.19108949880213 100.2355782105962 100.28493992530481 100.37689529511849 100.33330899127158 100.26905754543513 100.20408417324097 100.21653740291151 100.11546771283172 100.02630980765416 99.93796406962905 99.91756965002367 99.89735571200771 99.90322136366412 99.9280375822105 99.97189460844154 99.96981907016313 99.96440462248029 99.97351894274641 99.99382312155709 100.01872958089818 100.02053439679246 100.04679446805427 100.10184135282988 100.16753665138175 100.22745653907192 100.31156095974548 100.37743673988678 100.38239998359606 100.30352952901593 100.1909090172127 100.13685478117897 100.12295769879297 100.12259673561412 100.1294550360124 100.14253995124594 100.15228595707508 100.16771713297119
99.95727559969787 99.97658712976668 100.01132983573163 100.08054452527735 100.21509355019609 100.32365322623717 100.41596955922971 100.47958931950315 100.49944229434026 100.4504415428105 100.37960251895991 100.2854813700731 100.11519699044757 99.99066469374209 99.93868599598676 99.92722541505807 99.90728219942625 99.90719195863153 99.92190120816993 99.93994936711276 99.95447813506172 99.962599806586 99.96792401347415 99.97893339042926 99.99490601109366 100.0130444108312 100.03009992103216 100.05735264103582 100.09760003547832 100.14939825164421 100.17565832290602 100.24694855073017 100.31670468504419 100.32978960027772 100.26391382013642 100.16446846436148 100.13414755733754 100.12620636740269 100.14244971045123 100.15706871919491 100.16870978171305 100.18621649588758 100.20769380502954
