static/data/precipitation/2023/7/22/0.asc
ncols 137
nrows 93
xllcorner 108.0
yllcorner 17.0
cellsize 0.25
NODATA_value -32767
[rows 40 to 59 of 93, columns 90 to 134 of 137]
0.05522413586892677 0.0982989618466927 0.1032691340748966 0.162358959454649 0.3804942961369122 0.29268792010531813 0.7874961774909095 1.132094785313016 0.7609885922738244 0.18223964836746112 0.05632861858630503 0.48707687836394353 0.5787489439063632 1.0376615129771525 2.7694904138267225 3.5150162480572478 4.224094152614279 5.661026167923777 4.9392467121168915 3.537105902404818 4.13904898337613 4.317422942232765 4.891201713910925 5.652190306184747 3.9054508886505657 2.2564581916043847 2.146009919866531 2.17527871187706 1.5490370111234213 0.8830339325441549 0.49756946417903875 0.2650758521708547 0.18223964836746112 0.02264189570625949 0.0 0.0011044827173782579 0.013253792608542564 0.25347878363837784 0.7847349706974621 0.4594648104294802 0.207642750867168 0.24132947374721353 0.27943412749677554 0.3396284355939062 0.22862792249736183
0.027612067934463386 0.025955343858397734 0.033134481521358145 0.04970172228203548 0.08283620380339016 0.07620930749912061 0.13253792608542564 0.3622703313001657 0.30925516086599547 0.16898585575891856 0.03700017103218031 0.06847792847746934 0.1402693051070769 0.2021203372802767 0.6991375601006246 1.356304776940865 1.381707879440572 2.1581592297576955 2.123920265518959 1.8527697584025256 2.1178456105733767 2.251488019376181 2.592220937687465 2.615967316111105 2.2404431922023944 0.9907209974885645 0.7593318681977552 0.7074211804809633 0.47768877526622316 0.3330015392896332 0.06792568711878194 0.054119653151548514 0.0038656895108256373 0.0011044827173782579 0.12480654706377783 0.5180023944505417 0.7317198002632919 0.6875404915681511 1.0249599617272973 1.6489926970461797 0.9653178949888576 0.12701551249853435 0.1380603396723204 0.3125686090181302 0.09608999641193272
0.014358275325920822 0.012149309891164306 0.01546275804329908 0.022089654347572096 0.0392091364669403 0.054119653151548514 0.11155275445523527 0.10989603037916615 0.0469405154885881 0.048597239564657224 0.03810465374956204 0.0695824111948476 0.06571672168402543 0.12204534027033045 0.18389637244353024 0.18610533787828676 0.21150844037799363 0.266180334888233 0.4313005011363259 0.5047486018419991 0.6389432520034939 0.7725856608062978 0.717361524937371 0.774242384882367 0.7096301459157197 0.6019430809713135 0.370001710321817 0.291031196029249 0.10989603037916615 0.03534344695611466 0.01546275804329908 0.0011044827173782579 0.014358275325920822 0.0342389642387364 0.7344810070567392 0.539539807439423 0.7532572132521731 0.7792125571105708 0.8117947972732381 1.2646327113984452 1.012810651836133 0.1728515452697442 0.027612067934463386 0.13529913287887302 0.004970172228203895
0.011597068532473442 0.011597068532473442 0.014358275325920822 0.01822396483674646 0.03147775744528902 0.03810465374956204 0.040313619184318555 0.03700017103218031 0.043074825977762465 0.05743310130368676 0.04197034326038421 0.043074825977762465 0.0342389642387364 0.05632861858630503 0.06792568711878194 0.07068689391222932 0.07068689391222932 0.1209408575529522 0.15738878722644511 0.2871655065184234 0.42080791532123074 0.41197205358220124 0.33741947015914975 0.28606102380104514 0.24132947374721353 0.14965740820479384 0.21095619901930276 0.14855292548741558 0.0392091364669403 0.024850861141019476 0.005522413586894759 0.012149309891164306 0.025955343858397734 0.06461223896664717 1.2083040928121367 0.8543173818923098 0.6284506661883987 0.7162570422199928 0.5538980827653438 0.30318050592041335 0.1850008551609085 0.1629112008133364 0.011597068532473442 0.005522413586894759 0.005522413586894759
0.0 0.0 0.0 0.0 0.0011044827173782579 0.006626896304273017 0.0077313790216512746 0.0027612067934473794 0.0011044827173782579 0.009388103097716927 0.012149309891164306 0.013253792608542564 0.010492585815095185 0.006626896304273017 0.0016567240760691215 0.0016567240760691215 0.0016567240760691215 0.0016567240760691215 0.0016567240760691215 0.03810465374956204 0.03147775744528902 0.02264189570625949 0.02374637842363775 0.028716550651841644 0.05908982537975241 0.045836032771209845 0.10658258222703137 0.18665757923697415 0.051358446358104604 0.04197034326038421 0.04362706733645333 0.05080620499941374 0.22034430211702316 0.34404636646341924 0.9956911697167649 1.0945423729221484 0.8675711745008557 0.38822567515856343 0.3186432639637124 0.04970172228203548 0.027612067934463386 0.005522413586894759 0.009388103097716927 0.013253792608542564 0.012149309891164306
0.0 0.0 0.0 0.0 0.0 0.0 0.0 0.0 0.0 0.0 0.0 0.0 0.0 0.0 0.0 0.0 0.0 0.0 0.0 0.0 0.0 0.0 0.0 0.0 0.004970172228203895 0.009388103097716927 0.03147775744528902 0.0640599976079563 0.0982989618466927 0.10658258222703137 0.08228396244470276 0.08283620380339016 0.2496130941275522 0.814556004066682 0.3821510202129813 0.11044827173785701 0.04197034326038421 0.01988068891281558 0.02098517163019384 0.01546275804329908 0.0077313790216512746 0.005522413586894759 0.008835861739029532 0.02098517163019384 0.01546275804329908
0.0 0.0 0.0 0.0 0.0 0.0 0.0 0.0 0.0 0.0 0.0 0.0 0.0 0.0 0.0 0.0 0.0 0.0 0.0 0.0 0.0 0.0 0.0016567240760691215 0.0016567240760691215 0.022089654347572096 0.05743310130368676 0.08228396244470276 0.08394068652077188 0.11431396124867918 0.024850861141019476 0.043074825977762465 0.07620930749912061 0.12480654706377783 0.2048815440737206 0.11431396124867918 0.03644792967349292 0.0038656895108256373 0.005522413586894759 0.0038656895108256373 0.004970172228203895 0.004970172228203895 0.005522413586894759 0.014358275325920822 0.03644792967349292 0.033134481521358145
0.0 0.0 0.0 0.0 0.0 0.0 0.0 0.0 0.0 0.0 0.0 0.0 0.0 0.0 0.0 0.0 0.0 0.0 0.0 0.0 0.0 0.0 0.0038656895108256373 0.01988068891281558 0.019328447554124717 0.0392091364669403 0.04086586054300595 0.019328447554124717 0.0077313790216512746 0.0640599976079563 0.17837395885663548 0.3252701602679854 0.4174944671690925 0.26894154168167694 0.23083688793211835 0.08946310010766317 0.005522413586894759 0.006626896304273017 0.0027612067934473794 0.0011044827173782579 0.005522413586894759 0.02264189570625949 0.047492756847278966 0.05632861858630503 0.019328447554124717
0.0016567240760691215 0.0 0.0 0.0 0.0 0.0 0.0 0.0 0.0 0.0 0.0 0.0 0.0 0.0 0.0 0.0 0.0 0.0 0.0011044827173782579 0.0011044827173782579 0.0 0.0011044827173782579 0.010492585815095185 0.08780637603159405 0.08559741059683754 0.06847792847746934 0.0392091364669403 0.028716550651841644 0.1507618909221721 0.322508953474538 0.3081506781486172 0.22862792249736183 0.19659792369338194 0.15241861499824122 0.17450826934581332 0.07179137662960758 0.008835861739029532 0.0038656895108256373 0.0038656895108256373 0.006626896304273017 0.0342389642387364 0.04473155005383159 0.04362706733645333 0.10989603037916615 0.016014999401989943
0.008835861739029532 0.004970172228203895 0.0027612067934473794 0.0016567240760691215 0.0 0.0 0.0011044827173782579 0.0011044827173782579 0.0 0.0 0.0 0.0 0.0 0.0 0.0 0.0 0.0011044827173782579 0.0027612067934473794 0.1480006841287282 0.23359809472556572 0.08780637603159405 0.14689620141134646 0.13253792608542564 0.0640599976079563 0.05522413586892677 0.11376171988999179 0.07455258342305149 0.09995568592275836 0.1899710273891124 0.2844042997249795 0.27556843798594993 0.1259110297811561 0.1380603396723204 0.09608999641193272 0.05743310130368676 0.0077313790216512746 0.008835861739029532 0.005522413586894759 0.010492585815095185 0.047492756847278966 0.09940344456407096 0.0695824111948476 0.027612067934463386 0.04197034326038421 0.008835861739029532
0.054119653151548514 0.03258224016266728 0.02264189570625949 0.01822396483674646 0.005522413586894759 0.0038656895108256373 0.0077313790216512746 0.004970172228203895 0.0027612067934473794 0.0027612067934473794 0.0038656895108256373 0.004970172228203895 0.005522413586894759 0.0016567240760691215 0.0027612067934473794 0.012149309891164306 0.0982989618466927 0.18223964836746112 0.2601056799426509 0.2220010261930888 0.17561275206319157 0.18113516565008286 0.17174706255236594 0.09332878961848881 0.15462758043299774 0.1430305119005243 0.09277654825979795 0.11265723717261353 0.12370206434639958 0.15738878722644511 0.14689620141134646 0.11707516804212656 0.07897051429256799 0.05080620499941374 0.004970172228203895 0.004970172228203895 0.009388103097716927 0.009388103097716927 0.008835861739029532 0.05246292907548286 0.05743310130368676 0.024850861141019476 0.022089654347572096 0.016014999401989943 0.010492585815095185
0.04362706733645333 0.028716550651841644 0.01988068891281558 0.01988068891281558 0.008835861739029532 0.005522413586894759 0.011597068532473442 0.009388103097716927 0.012149309891164306 0.013253792608542564 0.010492585815095185 0.004970172228203895 0.0298210333692199 0.026507585217085128 0.043074825977762465 0.14137378782445517 0.23083688793211835 0.33686722880045883 0.28495654108366686 0.1850008551609085 0.1402693051070769 0.14689620141134646 0.15738878722644511 0.11265723717261353 0.10768706494440963 0.08228396244470276 0.05356741179286112 0.07510482478174235 0.0867018933142158 0.054119653151548514 0.040313619184318555 0.04473155005383159 0.051358446358104604 0.02264189570625949 0.013253792608542564 0.0077313790216512746 0.009388103097716927 0.01546275804329908 0.013253792608542564 0.010492585815095185 0.013253792608542564 0.008835861739029532 0.012149309891164306 0.010492585815095185 0.12314982298770871
0.0469405154885881 0.033134481521358145 0.01988068891281558 0.01988068891281558 0.011597068532473442 0.009388103097716927 0.011597068532473442 0.013253792608542564 0.0171194821193682 0.019328447554124717 0.016014999401989943 0.03644792967349292 0.027612067934463386 0.06682120440140368 0.11652292668343917 0.21537412988881927 0.2601056799426509 0.3578524004306527 0.2744639552685717 0.18223964836746112 0.12314982298770871 0.08780637603159405 0.0982989618466927 0.08283620380339016 0.013253792608542564 0.013253792608542564 0.03810465374956204 0.06185103217319979 0.04473155005383159 0.009388103097716927 0.0038656895108256373 0.01988068891281558 0.03700017103218031 0.025955343858397734 0.016014999401989943 0.009388103097716927 0.010492585815095185 0.016014999401989943 0.012149309891164306 0.008835861739029532 0.0077313790216512746 0.005522413586894759 0.006626896304273017 0.019328447554124717 0.16567240760678378
0.16953809711760942 0.1259110297811561 0.10768706494440963 0.07731379021649887 0.06682120440140368 0.019328447554124717 0.010492585815095185 0.012149309891164306 0.01546275804329908 0.01546275804329908 0.043074825977762465 0.09995568592275836 0.04970172228203548 0.1800306829327046 0.2148218885301284 0.16125447673727075 0.19935913048682932 0.26231464537740734 0.2744639552685717 0.24629964597541742 0.2573444731492035 0.22034430211702316 0.09332878961848881 0.07344810070567323 0.0171194821193682 0.045836032771209845 0.0640599976079563 0.02374637842363775 0.0038656895108256373 0.009388103097716927 0.006626896304273017 0.03258224016266728 0.025955343858397734 0.013253792608542564 0.006626896304273017 0.008835861739029532 0.009388103097716927 0.008835861739029532 0.005522413586894759 0.0077313790216512746 0.005522413586894759 0.01546275804329908 0.026507585217085128 0.05632861858630503 0.21095619901930276
0.34128515966997186 0.2821953342902195 0.2634191280947856 0.21923981939964143 0.16677689032416204 0.07234361798829497 0.051358446358104604 0.04197034326038421 0.043074825977762465 0.03644792967349292 0.06185103217319979 0.10879154766178789 0.15352309771561948 0.29489688554007465 0.19935913048682932 0.1402693051070769 0.16512016624809292 0.266180334888233 0.3197477466810906 0.4274348116255003 0.48431567157049615 0.45118119004913804 0.31753878124633417 0.0811794797273245 0.043074825977762465 0.10768706494440963 0.10768706494440963 0.06185103217319979 0.006626896304273017 0.016014999401989943 0.01546275804329908 0.019328447554124717 0.02098517163019384 0.014358275325920822 0.005522413586894759 0.0077313790216512746 0.0038656895108256373 0.0027612067934473794 0.004970172228203895 0.006626896304273017 0.013253792608542564 0.028716550651841644 0.1402693051070769 0.17616499342187897 0.28329981700759777
0.31753878124633417 0.36889722760443877 0.2518220595623122 0.13529913287887302 0.1032691340748966 0.18113516565008286 0.2126129230953719 0.17064257983498768 0.14689620141134646 0.14137378782445517 0.17726947613925723 0.2148218885301284 0.16953809711760942 0.3434941251047319 0.32029998803978155 0.29489688554007465 0.27280723119250255 0.27667292070332816 0.45118119004913804 0.5886892883627676 0.6129879081450962 0.5340173938525317 0.38159877885429044 0.16567240760678378 0.09608999641193272 0.17726947613925723 0.17561275206319157 0.09719447912931445 0.010492585815095185 0.010492585815095185 0.013253792608542564 0.008835861739029532 0.014358275325920822 0.013253792608542564 0.005522413586894759 0.0027612067934473794 0.0027612067934473794 0.004970172228203895 0.005522413586894759 0.014358275325920822 0.02264189570625949 0.06461223896664717 0.43019601841894767 0.34238964238735015 0.4064496399953065
0.1430305119005243 0.2048815440737206 0.20046361320420758 0.13088120200936 0.09167206554241969 0.13640361559625128 0.13916482238969866 0.09608999641193272 0.11044827173785701 0.1971501650520728 0.27059826575774604 0.2717027484751243 0.32692688434405104 0.2468518873341083 0.28495654108366686 0.32637464298536367 0.2810908515728412 0.18665757923697415 0.33465826336570237 0.2545832663557561 0.30925516086599547 0.315882057170265 0.27777740342070645 0.21923981939964143 0.06295551489057805 0.012149309891164306 0.0077313790216512746 0.009388103097716927 0.006626896304273017 0.008835861739029532 0.012149309891164306 0.03534344695611466 0.05908982537975241 0.0392091364669403 0.0077313790216512746 0.005522413586894759 0.008835861739029532 0.009388103097716927 0.01546275804329908 0.045836032771209845 0.09332878961848881 0.13143344336804738 0.09940344456407096 0.32692688434405104 0.15241861499824122
0.05908982537975241 0.06461223896664717 0.04197034326038421 0.04086586054300595 0.07455258342305149 0.08228396244470276 0.06295551489057805 0.07510482478174235 0.04970172228203548 0.05356741179286112 0.10879154766178789 0.20432930271503322 0.3053894713551698 0.24795637005148655 0.3672405035283696 0.295449126898762 0.14192602918314604 0.1734037866284316 0.30041929912696597 0.20874723358454625 0.3214044707571598 0.30041929912696597 0.17616499342187897 0.03700017103218031 0.012149309891164306 0.0392091364669403 0.012149309891164306 0.0038656895108256373 0.004970172228203895 0.006626896304273017 0.0171194821193682 0.05080620499941374 0.0298210333692199 0.01546275804329908 0.013253792608542564 0.024850861141019476 0.02264189570625949 0.06019430809713067 0.11541844396605744 0.13750809831362953 0.2126129230953719 0.338523952876528 0.35453895227851445 0.47658429254884493 0.28606102380104514
0.024850861141019476 0.025955343858397734 0.01822396483674646 0.024850861141019476 0.051358446358104604 0.09167206554241969 0.025955343858397734 0.0298210333692199 0.026507585217085128 0.026507585217085128 0.0342389642387364 0.08780637603159405 0.09056758282504143 0.07455258342305149 0.16677689032416204 0.41086757086482295 0.4417930869514211 0.3832555029303596 0.35840464178934006 0.5538980827653438 0.45118119004913804 0.3650315380936131 0.15849326994382337 0.013253792608542564 0.012149309891164306 0.07620930749912061 0.033134481521358145 0.0027612067934473794 0.0027612067934473794 0.006626896304273017 0.027612067934463386 0.04473155005383159 0.05632861858630503 0.09719447912931445 0.23635930151900963 0.29489688554007465 0.5682563580912646 0.5721220476020903 0.5693608408086464 0.525733773472193 0.593107219232284 0.773690143523676 0.7974365219473173 0.42909153570156944 0.4959127401029696
0.01988068891281558 0.0171194821193682 0.019328447554124717 0.024850861141019476 0.03810465374956204 0.061298790814508924 0.0171194821193682 0.012149309891164306 0.010492585815095185 0.012149309891164306 0.01988068891281558 0.027612067934463386 0.048597239564657224 0.02264189570625949 0.04362706733645333 0.25347878363837784 0.5456144623850051 0.7046599736875159 0.8907653115658026 1.0978558210742833 0.8819294498267766 0.30207602320303506 0.01988068891281558 0.043074825977762465 0.05080620499941374 0.048597239564657224 0.047492756847278966 0.013253792608542564 0.0016567240760691215 0.005522413586894759 0.013253792608542564 0.045836032771209845 0.06185103217319979 0.2048815440737206 0.3556434349958962 0.7123913527091672 1.059751167324721 1.2199011613446138 0.6963763533071772 0.6969285946658681 0.7979887633060047 0.8714368640116779 0.5605249790696167 0.22310550891046707 0.20432930271503322
