static/data/precipitation/2023/7/22/12.asc
ncols 137
nrows 93
xllcorner 108.0
yllcorner 17.0
cellsize 0.25
NODATA_value -32767
[rows 0 to 20 of 93, columns 49 to 97 of 137]
0.018776206195437323 0.029268792010532507 0.061298790814508924 0.12038861619426133 0.06019430809713067 0.0347912055974238 0.022089654347572096 0.0044179308695130315 0.01546275804329908 0.05908982537975241 0.18058292429139547 0.6930629051550424 1.52749959813454 2.6673257624692073 4.035779849301235 3.977794506638861 3.3521050472439096 3.432732285612545 4.502976038752363 5.824489610095802 5.689742718575618 3.8181967539776593 1.9350537208472247 0.20101585456289844 0.0027612067934473794 0.008835861739029532 0.033134481521358145 0.49094256787476576 0.7322720416219828 0.6477791137425235 0.12701551249853435 0.025955343858397734 0.020432930271502975 0.010492585815095185 0.0038656895108256373 0.0016567240760691215 0.0 0.0005522413586908637 0.0005522413586908637 0.0 0.0 0.0 0.0 0.0 0.0 0.0 0.0 0.0 0.0
0.006626896304273017 0.0033134481521347736 0.0016567240760691215 0.0016567240760691215 0.0033134481521347736 0.0027612067934473794 0.0016567240760691215 0.0 0.0044179308695130315 0.02705982657577599 0.06571672168402543 0.16732913168284944 0.9034668628156578 2.01457647649848 3.6895245174030573 3.4255531479495844 3.4150605621344874 3.5442850400677783 4.280975012559274 5.836638919986966 6.344148728622412 4.566483795001631 2.778326275565752 1.1917368520514595 0.008835861739029532 0.011044827173786048 0.04804499820596636 0.2490608527688648 0.7090779045570323 0.48265894749442706 0.22918016385604922 0.03644792967349292 0.0469405154885881 0.024850861141019476 0.0033134481521347736 0.0011044827173782579 0.0 0.0 0.0 0.0 0.0 0.0 0.0 0.0 0.0 0.0 0.0 0.0 0.0
0.0 0.0005522413586908637 0.0005522413586908637 0.0016567240760691215 0.009388103097716927 0.006074654945582153 0.0022089654347565157 0.0 0.0 0.0038656895108256373 0.0077313790216512746 0.018776206195437323 0.24519516325803917 0.8526606578162441 2.0858156117693967 3.1262383315399966 3.5133595239811783 3.4570309053948733 3.340507978711436 4.492483452937266 5.130874463582071 4.4781251776113455 2.934058338716128 1.859948896065486 1.2475132292790772 0.2126129230953719 0.0640599976079563 0.2965536096161403 0.8918697942831809 0.6930629051550424 0.39650929553890213 0.09995568592275836 0.04086586054300595 0.014910516684611685 0.0033134481521347736 0.0005522413586908637 0.0 0.0 0.0 0.0 0.0 0.0 0.0 0.0 0.0 0.0 0.0 0.0 0.0
0.0 0.0 0.0 0.0 0.0005522413586908637 0.0005522413586908637 0.0005522413586908637 0.0 0.0 0.0 0.0027612067934473794 0.008283620380338669 0.12701551249853435 0.7057644564048976 1.8560832065546602 2.393966289918014 2.819744377467447 2.9053417880642844 2.218353537854826 2.7026692094253204 3.417269527569244 4.4179308695142145 4.29091535701568 3.203552121756494 1.5650520105254113 0.8206306590122642 0.30980740222468284 0.30318050592041335 0.5975251501017971 0.48762911972263095 0.3236134361919163 0.3081506781486172 0.09774672048800184 0.04362706733645333 0.004970172228203895 0.0005522413586908637 0.0 0.0 0.0 0.0 0.0 0.0 0.0 0.0 0.0 0.0 0.0 0.0 0.0
0.0 0.0 0.0 0.0 0.0 0.0 0.0 0.0 0.0 0.0 0.0027612067934473794 0.013253792608542564 0.14137378782445517 0.33741947015914975 0.9305266893914304 1.9737106159554743 2.5640566283943125 2.5635043870356236 1.8538742411199036 1.8240532077506804 2.508280251166695 3.38247832197182 4.728842754456277 4.007615540008082 3.500105731372636 2.5900119722527086 1.7274109699800568 0.566047392656508 0.18389637244353024 0.12977671929198173 0.15959775266120163 0.18223964836746112 0.1734037866284316 0.08228396244470276 0.014910516684611685 0.0016567240760691215 0.0005522413586908637 0.0005522413586908637 0.0 0.0 0.0 0.0 0.0 0.0 0.0 0.0 0.0 0.0 0.0
0.0 0.0 0.0 0.0 0.0 0.0 0.0 0.0 0.0 0.0 0.0027612067934473794 0.0342389642387364 0.23580706016032224 0.43627067336452985 0.6996898014593155 1.308812020093586 1.9052326874780048 1.9278745831842643 1.4037975337881405 1.2508266774312118 1.391648223896976 2.3033987070929727 3.702226068652911 5.382144281785692 5.561622723359706 3.853540200933774 1.7472916588928724 0.50309187776593 0.23083688793211835 0.08559741059683754 0.11652292668343917 0.06350775624926544 0.07234361798829497 0.012149309891164306 0.02098517163019384 0.0038656895108256373 0.0022089654347565157 0.0016567240760691215 0.0016567240760691215 0.0011044827173782579 0.0 0.0 0.0 0.0 0.0 0.0 0.0 0.0 0.0
0.0 0.0 0.0 0.0 0.0 0.0 0.0 0.0 0.0 0.0 0.03092551608659816 0.12038861619426133 0.3197477466810906 0.9156161727068222 1.4529470147114885 1.626903042698611 1.407663223298966 1.417051326396683 0.9366013443370125 0.7587796268390679 0.900153414663523 1.6859928680783633 3.2168059143650365 4.902246541084711 6.706971301281266 4.837082060759374 2.7352514495879876 1.0409749611292873 0.4412408455927337 0.2739117139098808 0.10713482358571877 0.040313619184318555 0.016014999401989943 0.051910687716792 0.06074654945582153 0.010492585815095185 0.0022089654347565157 0.0016567240760691215 0.0022089654347565157 0.0016567240760691215 0.0011044827173782579 0.0 0.0 0.0 0.0 0.0 0.0 0.0 0.0
0.0 0.0 0.0 0.0 0.0 0.0 0.0 0.0 0.0 0.0033134481521347736 0.06185103217319979 0.22310550891046707 0.38656895108249434 0.9763627221626402 2.1161888864973077 2.186875780409537 1.786500795359809 1.4882904616675998 0.9161684140655095 0.6494358378185892 0.9868553079777388 1.8925311362281532 3.4614488362643865 6.288924592753483 8.183664694416393 6.596523029543411 4.548259830164883 2.244861123071911 0.9515118610216242 0.575435495754225 0.28495654108366686 0.07179137662960758 0.02264189570625949 0.05080620499941374 0.06185103217319979 0.007179137662960411 0.0016567240760691215 0.0011044827173782579 0.0016567240760691215 0.0016567240760691215 0.0011044827173782579 0.0 0.0 0.0 0.0 0.0 0.0 0.0 0.0
0.0 0.0 0.0 0.0 0.0 0.0 0.0 0.0 0.0 0.020432930271502975 0.0982989618466927 0.291031196029249 0.43350946657108247 1.115527544552339 1.813560621935585 2.829684721923855 2.3486824985054953 2.0410840617155688 1.3441554670497007 0.8051679009689651 1.25193116014859 2.4502949085043224 4.790141545270786 8.142246592514695 9.411849476141343 8.86457828968027 6.368999589763429 2.8098040330110408 1.631320973568124 0.9443327233586638 0.39650929553890213 0.09332878961848881 0.029268792010532507 0.0005522413586908637 0.0011044827173782579 0.0016567240760691215 0.0011044827173782579 0.0005522413586908637 0.0005522413586908637 0.0011044827173782579 0.0011044827173782579 0.0005522413586908637 0.0 0.0 0.0 0.0 0.0 0.0 0.0
0.0005522413586908637 0.0 0.0 0.0 0.0 0.0 0.0 0.0 0.0016567240760691215 0.0347912055974238 0.09553775505324533 0.23967274967114788 0.3981660196149678 0.8454815201532837 1.4722754622656133 1.724097521827922 1.8737549300327159 1.7268587286213695 1.557872872862451 0.8874518634136679 1.1602590946061704 1.9184864800865473 4.286497426146167 8.249933657459106 11.023842002155343 10.572660812106204 7.687199712954732 3.0351185073562643 1.8765161368261631 1.15307995694321 0.49149480923345656 0.12922447793329087 0.0469405154885881 0.013806033967233428 0.0 0.0011044827173782579 0.0005522413586908637 0.0005522413586908637 0.0 0.0005522413586908637 0.0016567240760691215 0.0011044827173782579 0.0 0.0 0.0 0.0 0.0 0.0 0.0
0.0027612067934473794 0.0005522413586908637 0.0 0.0 0.0 0.0 0.0 0.0 0.008283620380338669 0.021537412988881233 0.06295551489057805 0.1452394773352808 0.30373274727910415 0.6063610118408267 0.6991375601006246 0.21040395766061537 0.6549582514054839 1.1586023705301014 1.3579615010169306 0.8200784176535768 0.5445099796676268 0.7560184200456205 2.2089654347571055 6.3596114866657105 9.855299287168833 8.73590605310567 5.340726179883996 2.1725175050836163 1.994695787585668 1.3474689152018353 0.6853315261333912 0.22807568113867097 0.1032691340748966 0.024298619782328612 0.005522413586894759 0.0 0.006074654945582153 0.0044179308695130315 0.0 0.0 0.0011044827173782579 0.0011044827173782579 0.0 0.0 0.0 0.0 0.0 0.0 0.0
0.01988068891281558 0.007179137662960411 0.0 0.0011044827173782579 0.0 0.0 0.0 0.0 0.0005522413586908637 0.0027612067934473794 0.01988068891281558 0.053015170434170256 0.06792568711878194 0.09940344456407096 0.09222430690111055 0.06240327353188718 0.22862792249736183 0.6809135952638781 0.8962877251526974 0.3335537806483241 0.575435495754225 0.7245406626003315 1.315438916397859 3.011924370291316 4.3428260447324725 3.9910482992474035 2.523190767851305 1.171856163138644 1.2210056440619919 1.2436475397682514 1.126572371726125 0.5312561870590843 0.1899710273891124 0.04252258461907507 0.012149309891164306 0.0016567240760691215 0.008835861739029532 0.004970172228203895 0.0 0.0 0.0 0.0 0.0 0.0 0.0 0.0 0.0 0.0 0.0
0.5246292907548147 0.4616737758642367 0.3026282645617224 0.28329981700759777 0.5384353247220447 0.26286688673609476 0.0 0.0 0.0 0.0011044827173782579 0.0044179308695130315 0.018776206195437323 0.027612067934463386 0.024850861141019476 0.01822396483674646 0.012149309891164306 0.012149309891164306 0.23856826695376615 0.3771808479847774 0.3528822282024488 0.6963763533071772 0.5842713574932545 0.7747946262410543 0.8035111768928994 0.7803170398279491 0.8189739349361985 0.8786160016746383 0.6444656655903852 0.9404670338478381 0.8775115189572601 0.6113311840690305 0.2904789546705582 0.162358959454649 0.04528379141252245 0.01546275804329908 0.0033134481521347736 0.0027612067934473794 0.0016567240760691215 0.0 0.0 0.0 0.0 0.0 0.0 0.0 0.0 0.0 0.0 0.0
0.415285501734336 0.6864360088507728 0.6952718705897989 0.7195704903721276 0.12149309891163959 0.016567240760677338 0.0022089654347565157 0.0022089654347565157 0.0016567240760691215 0.0011044827173782579 0.0038656895108256373 0.010492585815095185 0.008835861739029532 0.007179137662960411 0.004970172228203895 0.0016567240760691215 0.0016567240760691215 0.013253792608542564 0.11155275445523527 0.48044998205967054 0.5064053259180683 0.40258395048448425 0.18223964836746112 0.18831430331304327 0.17947844157401374 0.1971501650520728 0.2490608527688648 0.7223316971655749 0.6919584224376641 0.857630830044448 0.8863473806962896 0.22807568113867097 0.10768706494440963 0.04197034326038421 0.011597068532473442 0.0011044827173782579 0.0011044827173782579 0.0 0.0 0.0 0.0 0.0 0.0 0.0 0.0 0.0 0.0 0.0 0.0
0.2683893003229895 0.49094256787476576 0.4324049838537042 0.34735981461555404 0.02098517163019384 0.01270155124985517 0.0016567240760691215 0.0016567240760691215 0.0022089654347565157 0.0016567240760691215 0.0033134481521347736 0.006626896304273017 0.004970172228203895 0.0033134481521347736 0.0016567240760691215 0.0011044827173782579 0.0016567240760691215 0.011597068532473442 0.12204534027033045 0.4666439480924406 0.4451065351035559 0.266180334888233 0.05964206673844327 0.08449292787945928 0.09056758282504143 0.10989603037916615 0.23912050831245701 0.6417044587969413 0.7101823872744106 0.8432725547185271 0.8134515213493038 0.3164342985289559 0.10768706494440963 0.04086586054300595 0.008835861739029532 0.0 0.0 0.0 0.0 0.0 0.0 0.0 0.0 0.0 0.0 0.0 0.0 0.0 0.0
0.2838520583662886 0.1480006841287282 0.08780637603159405 0.0171194821193682 0.008835861739029532 0.0005522413586908637 0.0011044827173782579 0.0016567240760691215 0.0016567240760691215 0.01546275804329908 0.016567240760677338 0.0038656895108256373 0.0033134481521347736 0.0022089654347565157 0.0016567240760691215 0.0011044827173782579 0.0011044827173782579 0.006626896304273017 0.11762740940081742 0.39927050233234607 0.27777740342070645 0.09940344456407096 0.02816430929315425 0.045836032771209845 0.06185103217319979 0.10989603037916615 0.23912050831245701 0.4821067061357397 0.6869882502094603 0.8272575553165372 0.8791682430333292 0.2634191280947856 0.08725413467290666 0.03810465374956204 0.005522413586894759 0.0005522413586908637 0.0 0.0 0.0 0.0 0.0 0.0 0.0 0.0 0.0 0.0 0.0 0.0 0.0
0.15849326994382337 0.022089654347572096 0.009388103097716927 0.0011044827173782579 0.0005522413586908637 0.0011044827173782579 0.0016567240760691215 0.0016567240760691215 0.0016567240760691215 0.01546275804329908 0.019328447554124717 0.0038656895108256373 0.0038656895108256373 0.0027612067934473794 0.0016567240760691215 0.0011044827173782579 0.0016567240760691215 0.0077313790216512746 0.11044827173785701 0.3749718825500209 0.23028464657342748 0.09608999641193272 0.024298619782328612 0.013806033967233428 0.03810465374956204 0.08559741059683754 0.2744639552685717 0.5108232567875813 0.6615851477097534 1.0564377191725864 1.1083484068893785 0.14855292548741558 0.07676154885781147 0.02705982657577599 0.005522413586894759 0.0005522413586908637 0.0005522413586908637 0.0 0.0005522413586908637 0.0 0.0 0.0 0.0 0.0 0.0 0.0 0.0 0.0 0.0
0.006074654945582153 0.004970172228203895 0.0005522413586908637 0.0005522413586908637 0.0011044827173782579 0.0016567240760691215 0.0016567240760691215 0.0016567240760691215 0.0016567240760691215 0.0033134481521347736 0.004970172228203895 0.004970172228203895 0.004970172228203895 0.0038656895108256373 0.0022089654347565157 0.0011044827173782579 0.0033134481521347736 0.07289585934698584 0.17947844157401374 0.36889722760443877 0.27059826575774604 0.12977671929198173 0.01546275804329908 0.0038656895108256373 0.01988068891281558 0.12756775385722174 0.32637464298536367 0.6925106637963551 0.5505846346132091 0.9603477227606537 1.0393182370532181 0.13088120200936 0.07510482478174235 0.030373274727910765 0.009388103097716927 0.0016567240760691215 0.0016567240760691215 0.0011044827173782579 0.0005522413586908637 0.0 0.0 0.0 0.0 0.0 0.0 0.0 0.0 0.0 0.0
0.0005522413586908637 0.0005522413586908637 0.0005522413586908637 0.0005522413586908637 0.0016567240760691215 0.0022089654347565157 0.0022089654347565157 0.0016567240760691215 0.0038656895108256373 0.006074654945582153 0.007179137662960411 0.007179137662960411 0.005522413586894759 0.004970172228203895 0.0027612067934473794 0.0033134481521347736 0.026507585217085128 0.12756775385722174 0.26949378304036775 0.3567479177132744 0.2993148164095877 0.1380603396723204 0.017671723478055595 0.0 0.0033134481521347736 0.12756775385722174 0.5235248080374331 0.9178251381415786 0.7306153175459136 0.45725584499472016 0.30925516086599547 0.18831430331304327 0.24077723238852614 0.14855292548741558 0.03700017103218031 0.02264189570625949 0.021537412988881233 0.0011044827173782579 0.0005522413586908637 0.0 0.0 0.0 0.0 0.0 0.0 0.0 0.0 0.0 0.0
0.0 0.0 0.0 0.0005522413586908637 0.0016567240760691215 0.0022089654347565157 0.0033134481521347736 0.0033134481521347736 0.007179137662960411 0.009388103097716927 0.010492585815095185 0.008835861739029532 0.0077313790216512746 0.006626896304273017 0.0811794797273245 0.08559741059683754 0.14192602918314604 0.3042849886377916 0.5047486018419991 0.48542015428787444 0.2369115428777005 0.08504516923815014 0.01546275804329908 0.0 0.0005522413586908637 0.0342389642387364 0.44344981102749026 1.4706187381895441 1.4203647745488213 0.9238997930871607 0.46001705178816754 0.4694051548858845 0.2993148164095877 0.17726947613925723 0.10658258222703137 0.10768706494440963 0.033134481521358145 0.0027612067934473794 0.0005522413586908637 0.0 0.0 0.0 0.0 0.0 0.0 0.0 0.0 0.0 0.0
0.0 0.0 0.0011044827173782579 0.0033134481521347736 0.0022089654347565157 0.0016567240760691215 0.0038656895108256373 0.008835861739029532 0.013253792608542564 0.01270155124985517 0.010492585815095185 0.009388103097716927 0.010492585815095185 0.014358275325920822 0.2844042997249795 1.0409749611292873 0.8957354837940066 0.7703766953715413 0.6648985958618882 0.4644349826576806 0.17064257983498768 0.04362706733645333 0.011597068532473442 0.0 0.0 0.012149309891164306 0.13198568472673824 0.2915834373879399 1.2171399545511663 1.0111539277600674 0.49259929195083485 0.315882057170265 0.2844042997249795 0.15297085635692861 0.027612067934463386 0.006626896304273017 0.004970172228203895 0.0 0.0 0.0 0.0 0.0 0.0 0.0 0.0 0.0 0.0 0.0 0.0
