static/data/precipitation/2023/7/22/18.asc
ncols 137
nrows 93
xllcorner 108.0
yllcorner 17.0
cellsize 0.25
NODATA_value -32767
[rows 0 to 20 of 93, columns 47 to 93 of 137]
0.0 0.0 0.0 0.0 0.0 0.0 0.0 0.0005522413586908637 0.0005522413586908637 0.0022089654347565157 0.020432930271502975 0.0347912055974238 0.024850861141019476 0.019328447554124717 0.01988068891281558 0.016567240760677338 0.007179137662960411 0.011044827173786048 0.027612067934463386 0.07897051429256799 0.4489722246143815 1.590455113025118 4.25281070326612 4.884022576247964 4.114750363593801 2.834102652793368 2.6827885205125064 3.1151935043662107 3.8353162360970274 4.082168123431134 5.16953135869032 7.148764388232688 10.417480990314518 11.523620431769137 11.828457661765619 9.676373086953507 7.705975919150168 4.728290513097589 1.2248713335728176 0.4241213634733655 0.09498551369455446 0.01822396483674646 0.004970172228203895 0.0016567240760691215 0.0005522413586908637 0.0005522413586908637 0.0005522413586908637
0.0 0.0 0.0 0.0 0.0 0.0 0.0 0.0016567240760691215 0.0022089654347565157 0.0022089654347565157 0.0005522413586908637 0.0016567240760691215 0.0027612067934473794 0.0016567240760691215 0.014910516684611685 0.019328447554124717 0.008283620380338669 0.0038656895108256373 0.008835861739029532 0.06792568711878194 0.338523952876528 1.837307000359223 3.686211069250923 5.641697720369653 4.07719795120293 3.2007909149630485 3.101387470398979 3.6199421062082098 3.9722720930519677 4.338960355221649 5.403129453415884 8.158813833275374 8.511696061477823 6.970390429376052 6.707523542639955 6.494358378185894 5.5737720332508705 3.090894884583882 1.4479768424832846 0.3727629171152609 0.03976137782562769 0.012149309891164306 0.0027612067934473794 0.0016567240760691215 0.0005522413586908637 0.0 0.0
0.0 0.0 0.0 0.0 0.0 0.0 0.0 0.0 0.0 0.0 0.0 0.0 0.0005522413586908637 0.0011044827173782579 0.0016567240760691215 0.0016567240760691215 0.0011044827173782579 0.0005522413586908637 0.008835861739029532 0.06074654945582153 0.23912050831245701 2.4513993912217007 4.463766902285425 5.123143084560422 4.29091535701568 3.8806000275095482 4.032466401149098 4.4074382836991175 4.084377088865891 3.506180386318218 3.1168502284422783 3.8993762337049835 3.971719851693279 3.516120730774626 3.393523149145606 3.219014879799795 2.680027313719061 1.7682768305230627 0.821182900370955 0.17671723478056983 0.00994034445640779 0.0038656895108256373 0.0011044827173782579 0.0016567240760691215 0.0005522413586908637 0.0 0.0
0.0 0.0 0.0 0.0 0.0 0.0 0.0 0.0 0.0 0.0 0.0 0.0 0.0 0.0 0.0 0.0 0.0005522413586908637 0.0011044827173782579 0.013253792608542564 0.15683654586775425 0.8117947972732381 2.8241623083369616 4.3223931144609695 4.430632420764068 3.8027339959343602 3.7977638237061564 4.164452085875837 5.465532726947772 4.80229085516195 3.7425396878372297 1.6434702834592883 1.6528583865570052 1.7616499342187932 1.823500966391993 1.6964854538934586 1.5043054610695896 1.2171399545511663 0.7328242829806701 0.22089654347571056 0.05743310130368676 0.0011044827173782579 0.0 0.0005522413586908637 0.0016567240760691215 0.0005522413586908637 0.0 0.0
0.0 0.0 0.0 0.0 0.0 0.0 0.0 0.0 0.0 0.0 0.0 0.0 0.0 0.0 0.0 0.0005522413586908637 0.0005522413586908637 0.0038656895108256373 0.14137378782445517 0.3722106757565735 1.5766490790578847 3.4305233201777865 4.831559647172483 3.5343446956113707 2.9312971319226806 2.8506698935540467 3.0108198875739376 3.936928646095855 3.5514641777307387 2.71868420882731 1.1459008192802496 1.2546923669420376 1.2795432280830534 1.177930818084226 0.8775115189572601 0.7554661786869297 0.5279427389069495 0.21923981939964143 0.1336424088028039 0.0005522413586908637 0.0 0.0 0.0005522413586908637 0.0005522413586908637 0.0 0.0 0.0
0.0 0.0 0.0 0.0 0.0 0.0 0.0 0.0 0.0 0.0 0.0 0.0 0.0 0.0 0.0005522413586908637 0.0011044827173782579 0.0016567240760691215 0.040313619184318555 0.20101585456289844 0.8973922078700757 1.9295313072603335 3.4034634936020125 3.516120730774626 2.662907831599693 2.2089654347571055 2.1415919889970145 2.3100256033972455 2.619280764263239 2.882699892358025 2.156502505681626 1.3971706374838708 0.6693165267314047 0.6941673878724207 1.2850656416699482 1.438036498026877 1.0989603037916615 0.2297324052147401 0.06626896304271282 0.0016567240760691215 0.0 0.0 0.0 0.0 0.0 0.0 0.0 0.0
0.0 0.0 0.0 0.0 0.0 0.0 0.0 0.0 0.0 0.0 0.0 0.0 0.0 0.0005522413586908637 0.0011044827173782579 0.0044179308695130315 0.0077313790216512746 0.15738878722644511 0.421912398038609 1.065273580911616 1.86988924052189 2.6352957636652294 2.74850524219653 2.1890847458442932 1.8455906207395616 1.7771126922620923 1.8489040688916998 1.7721425200338883 2.0283825104657134 2.0432930271503253 1.523081667265027 0.8322277275447411 0.47547980983146665 0.8918697942831809 1.0216465135751627 0.9040191041743452 0.03147775744528902 0.008283620380338669 0.0016567240760691215 0.0 0.0 0.0 0.0 0.0 0.0 0.0 0.0
0.0 0.0 0.0 0.0 0.0 0.0 0.0 0.0 0.0 0.0 0.0 0.0 0.0005522413586908637 0.0011044827173782579 0.0016567240760691215 0.06185103217319979 0.13198568472673824 0.5561070482001003 0.8117947972732381 0.7620930749912026 1.3115732268870333 2.6358480050239184 2.7507142076312885 2.0913380253562917 1.626903042698611 1.5981864920467659 1.7340378662843299 1.624694077263851 1.6661121791655478 1.650097179763558 1.2607670218876197 0.9128549659133747 0.5975251501017971 0.31091188494206456 0.1734037866284316 0.06792568711878194 0.06792568711878194 0.06571672168402543 0.0027612067934473794 0.0 0.0 0.0 0.0 0.0 0.0 0.0 0.0
0.0 0.0 0.0 0.0 0.0 0.0 0.0 0.0 0.0 0.0 0.0 0.0 0.0005522413586908637 0.0016567240760691215 0.004970172228203895 0.08394068652077188 0.3407329183112845 0.794123073795179 1.0420794438466656 0.9360491029783251 1.2464087465616989 2.795445757685118 2.455265080732523 1.9052326874780048 1.7633066582948622 1.744530452099425 1.9085461356301396 1.796441139816217 1.6727390754698208 1.5462758043299738 1.0293778925968105 0.7035554909701376 0.6013908396126227 0.39374808874545475 0.2545832663557561 0.10161240999882748 0.11873189211819568 0.10989603037916615 0.037552412390871176 0.0 0.0 0.0 0.0 0.0 0.0 0.0 0.0
0.0 0.0005522413586908637 0.0016567240760691215 0.0016567240760691215 0.0 0.0 0.0 0.0 0.0 0.0 0.0 0.0005522413586908637 0.0005522413586908637 0.0005522413586908637 0.008283620380338669 0.3026282645617224 0.6687642853727138 0.7852872120561529 1.5926640784598747 1.4446633943311498 1.1282290958021939 2.2945628453539464 1.8096949324247595 1.5921118371011838 1.621932870470407 2.181353366822642 2.666221279751829 2.4983399067102887 1.838963724435292 1.4976785647653201 0.9100937591199274 0.5008829123311735 0.37552412390870826 0.6372865279274248 0.32416567755060716 0.1480006841287282 0.0469405154885881 0.004970172228203895 0.0011044827173782579 0.0 0.0 0.0 0.0 0.0 0.0 0.0 0.0
0.0011044827173782579 0.0038656895108256373 0.009388103097716927 0.006074654945582153 0.0 0.0 0.0 0.0 0.0 0.0 0.0 0.0 0.0 0.0005522413586908637 0.061298790814508924 0.2672848176056113 0.5340173938525317 0.6825703193399473 1.8395159657939795 1.4065587405815878 0.7493915237413474 1.0630646154768595 0.6422567001556287 0.4412408455927337 0.986303066619048 2.424339564645925 3.6696438284902437 3.2422090168647433 2.227189399593852 1.3220658127021285 0.7466303169479036 0.3600613658654092 0.21150844037799363 0.37662860662608655 0.39927050233234607 0.2374637842363879 0.040313619184318555 0.0033134481521347736 0.0011044827173782579 0.0 0.0 0.0 0.0 0.0 0.0 0.0 0.0
0.02705982657577599 0.0 0.0005522413586908637 0.0005522413586908637 0.0 0.0 0.0 0.0 0.0 0.0 0.0 0.0 0.0011044827173782579 0.0022089654347565157 0.025955343858397734 0.19549344097600369 0.5400920487981138 1.0796318562375369 2.17748767731182 1.48166356536333 0.4114198122235103 0.18941878603042153 0.2269711984212927 0.9708403085757489 2.3006375002995285 3.745300894630675 4.058973986366183 3.021864714747722 1.6843361440022944 0.9509596196629333 0.7261973866764005 0.34404636646341924 0.08394068652077188 0.1855530965195959 0.3053894713551698 0.2220010261930888 0.07123913527091671 0.006074654945582153 0.0016567240760691215 0.0 0.0 0.0 0.0 0.0 0.0 0.0 0.0
0.0 0.0 0.0 0.0 0.0 0.0 0.0 0.0 0.0 0.0 0.0005522413586908637 0.0016567240760691215 0.0027612067934473794 0.005522413586894759 0.02264189570625949 0.3749718825500209 0.8344366929794976 1.2657371941158235 1.1696471977038874 0.8968399665113848 0.5168979117331635 0.10934378902047875 1.0111539277600674 2.2509357780174932 3.5950912450671924 5.062396535104599 3.5934345209911247 2.290697155843121 0.902914621456967 0.29600136825745293 0.18831430331304327 0.12535878842246523 0.033134481521358145 0.07731379021649887 0.214269647171441 0.21095619901930276 0.14744844277003732 0.008283620380338669 0.0016567240760691215 0.0 0.0 0.0 0.0 0.0 0.0 0.0 0.0
0.0 0.0 0.0 0.0 0.0 0.0 0.0 0.0 0.06847792847746934 0.20101585456289844 0.1430305119005243 0.05080620499941374 0.02374637842363775 0.033134481521358145 0.23525481880163138 0.5654951512978207 1.003974790097107 1.428096153570469 1.0553332364552082 0.5113754981462721 0.06571672168402543 0.1259110297811561 1.7870530367185 3.1295517796921315 4.4046770769056725 5.310905146514775 3.3377467719179887 1.6324254562855023 0.35398671091982703 0.5544503241240346 0.045836032771209845 0.0 0.01546275804329908 0.06240327353188718 0.17616499342187897 0.17009033847629682 0.09277654825979795 0.004970172228203895 0.0022089654347565157 0.0 0.0 0.0 0.0 0.0 0.0 0.0 0.0
0.0 0.0 0.0 0.0 0.0 0.0 0.0 0.0 0.0690301698361602 0.13253792608542564 0.20598602679109887 0.12922447793329087 0.11817965075950482 0.10768706494440963 0.3247179189092946 0.6058087704821358 1.0233032376512317 1.1425873711281147 0.4931515333095257 0.038656895108249434 0.15186637363955036 0.35122550412637965 2.313891292908071 3.7646293421848 4.950291539290677 4.76418620141239 2.5281609400795086 0.9294222066740521 0.3335537806483241 0.2982103336922094 0.014910516684611685 0.0005522413586908637 0.016014999401989943 0.02374637842363775 0.20653826814978973 0.1949411996173163 0.09774672048800184 0.0016567240760691215 0.0 0.0016567240760691215 0.0016567240760691215 0.0 0.0 0.0 0.0 0.0 0.0
0.0 0.0 0.0 0.0 0.0 0.0 0.0 0.0005522413586908637 0.03534344695611466 0.07510482478174235 0.1629112008133364 0.1259110297811561 0.11376171988999179 0.20874723358454625 0.2672848176056113 0.5522413586892782 0.6604806649923751 0.4760320511901575 0.03534344695611466 0.06571672168402543 0.1800306829327046 1.2033339205839328 3.214044707571591 4.6542901710332245 4.0959741573983655 3.1902983291479514 1.4231259813422652 1.0056315141731726 0.4169422258104051 0.040313619184318555 0.014910516684611685 0.0 0.0 0.0 0.5279427389069495 0.14855292548741558 0.03534344695611466 0.004970172228203895 0.0 0.0016567240760691215 0.0016567240760691215 0.0 0.0 0.0 0.0 0.0 0.0
0.0 0.0 0.0 0.0 0.0 0.0 0.0 0.028716550651841644 0.06350775624926544 0.08559741059683754 0.14855292548741558 0.11044827173785701 0.1971501650520728 0.3821510202129813 0.28661326515973595 0.26176240401871653 0.3705539516805044 0.050253963640722876 0.055776377227617635 0.0867018933142158 0.715704800861302 2.153741298888179 3.9209136466938648 3.993809506040849 3.434389009688612 1.942785099868876 1.188975645258012 0.7709289367302321 0.4169422258104051 0.01546275804329908 0.0005522413586908637 0.0 0.0 0.0005522413586908637 0.5340173938525317 0.15407533907430687 0.020432930271502975 0.021537412988881233 0.010492585815095185 0.0 0.0 0.0 0.0 0.0 0.0 0.0 0.0
0.0 0.0 0.0 0.0 0.0 0.0 0.0 0.03147775744528902 0.06847792847746934 0.06792568711878194 0.14247827054183343 0.35950912450671835 0.4555991209186545 0.731167558904601 0.23304585336687486 0.1551798217916886 0.14634396005265907 0.10658258222703137 0.11707516804212656 0.16014999401988902 0.7919141083604225 2.7253111051315817 3.81764451261897 3.785062272456303 2.9439986831725338 1.866023551011068 1.2381251261813602 0.6146446322211653 0.23083688793211835 0.0016567240760691215 0.0005522413586908637 0.0 0.06792568711878194 0.07952275565125538 0.07344810070567323 0.09664223777062358 0.11983637483557394 0.1502096495634847 0.033134481521358145 0.02264189570625949 0.0005522413586908637 0.0 0.0 0.0 0.0 0.0 0.0
0.0 0.0 0.0 0.0 0.0 0.0 0.0005522413586908637 0.0077313790216512746 0.03644792967349292 0.15407533907430687 0.27998636885546296 0.6378387692861156 0.7908096256430442 1.0117061691187548 0.35122550412637965 0.2446429218993483 0.18389637244353024 0.19935913048682932 0.2021203372802767 0.2490608527688648 1.105587200095931 3.273686774310032 4.136840017941371 3.577971762947824 2.6452361081216353 1.751157348403698 1.2751252972135405 0.5036441191246209 0.040313619184318555 0.0005522413586908637 0.0005522413586908637 0.028716550651841644 0.09664223777062358 0.23801602559507876 0.11707516804212656 0.17616499342187897 0.3053894713551698 0.41307653629957947 0.14855292548741558 0.03644792967349292 0.0005522413586908637 0.0 0.0 0.0 0.0 0.0 0.0
0.0 0.0 0.0 0.0 0.0005522413586908637 0.0005522413586908637 0.0005522413586908637 0.0016567240760691215 0.11320947853130092 0.43516619064715156 0.6737344576009177 0.9272132412392955 0.9073325523264835 0.33741947015914975 0.36061360722409663 0.3578524004306527 0.30704619543123896 0.2993148164095877 0.2810908515728412 1.771590278675201 3.3786126324609946 3.735912791532958 3.3846872874065768 2.8755207546950645 2.148771126659975 1.0183330654230278 0.508062049994134 0.18444861380221764 0.006074654945582153 0.0 0.02374637842363775 0.09443327233586707 0.16180671809595815 0.10823930630309703 0.12038861619426133 0.22144878483440142 0.3280313670614293 0.35177774548507057 0.11376171988999179 0.014358275325920822 0.0005522413586908637 0.0 0.0 0.0 0.0 0.0 0.0
0.0005522413586908637 0.0005522413586908637 0.0005522413586908637 0.0005522413586908637 0.0005522413586908637 0.0005522413586908637 0.0011044827173782579 0.03092551608659816 0.16401568353071466 0.4660917067337497 1.0658258222703034 1.1740651285734038 0.965870136347545 0.6085699772755832 0.954825309173759 0.7560184200456205 0.41583774309302685 0.36171808994147486 2.262532846549967 3.265955395288383 3.640927277838402 3.37529918430886 2.476802493721406 2.0029794079660066 1.5451713216125955 0.7223316971655749 0.24629964597541742 0.05080620499941374 0.0011044827173782579 0.0005522413586908637 0.03258224016266728 0.24574740461673003 0.4495244659730724 0.4136287776582669 0.32416567755060716 0.5583160136348603 0.679256871187809 0.19935913048682932 0.055776377227617635 0.0005522413586908637 0.0 0.0 0.0 0.0 0.0 0.0 0.0
