static/data/ASCData/20210121/ASCU/00.asc
ncols 97
nrows 97
xllcorner 99.0
yllcorner 2.0
cellsize 0.25
NODATA_value -32767
[rows 76 to 94 of 97, columns 0 to 42 of 97]
-4.15756588981358 -4.076552584732552 -3.5111298265897077 -2.3549502527013617 -0.910630573112452 -0.7221563203981707 -0.8195950034853174 -2.1341820364496256 -2.158680905340108 -2.124438168140911 -2.66647564234284 -2.7825668733352407 -2.2280015684506784 -1.7268883411453515 -1.2845167199297043 -0.9270559511185712 -0.7856306625235119 -0.7151964144633745 -0.7299514150451425 -0.7319001887068852 -0.8452074573253676 -1.1489377523198743 -1.6762202259400352 -1.957400425705802 -1.5501067304015277 -1.5356301260571517 -2.2680906266351046 -2.6469879057254104 -2.3783355366422767 -2.1809526043314564 -2.089360242229538 -1.7923114569324359 -1.8137479672116081 -1.8226566468081473 -1.8285029677933762 -1.909516272874404 -1.82154306185858 -1.893090894868285 -1.9935919365667423 -2.168424773648823 -2.309850062243882 -2.2377454367593934 -2.0695941093747168
-4.5609620377943685 -4.815694595007909 -4.396986653970569 -2.9585132953668887 -1.5247726727988695 -0.5200406520516885 -0.605786693168378 -0.9320670833916243 -0.7856306625235119 -0.7202075467364275 -1.4262204047621552 -1.72215560510969 -2.0776676002590806 -1.6088483364912078 -1.5648617309832957 -1.2104633207834727 -0.8850181192724018 -0.758069435021719 -0.7229915091103463 -0.9203744414211665 -1.1341827517381062 -1.7875787208967744 -2.2973222315612487 -2.1341820364496256 -1.7307858884688374 -1.6567324893226056 -2.399772046921449 -2.9114643312476662 -2.529783089783442 -2.289527136914277 -1.8187590994846614 -1.5150288044901548 -1.384182572915986 -1.398937573497754 -1.4406970091065314 -1.494427482923158 -1.5559530513867565 -1.6703739049548063 -1.7405297567775522 -1.8187590994846614 -1.9632467466910308 -2.091309015891281 -1.9309527831535764
-4.793422896016562 -5.186796779451243 -4.814859406295734 -3.3020542523084297 -2.4095159152301635 -1.4036703095334155 -0.805953587853117 -0.8802853832367403 -0.6411430153171427 -0.32961762567566444 -0.33629913537306866 -0.1937602618284422 -0.7747732092652297 -1.520039936763208 -1.4760533312552961 -1.4426457827682744 -1.0882473725684512 -0.8440938723758 -0.7143612257511989 -1.0033365201639377 -1.4476569150413277 -2.1252733568530866 -2.399772046921449 -2.236631851809826 -2.036464957125087 -1.968257878964084 -2.343257610730904 -2.7973218739170087 -2.3635805360605087 -1.9935919365667423 -1.4827348409527004 -1.0041717088761128 -0.8733254773019441 -1.0414768046866207 -1.1283364307528774 -1.2241047364156732 -1.265028983312275 -1.373325119657704 -1.5306189937840984 -1.588247014924211 -1.6018884305564116 -1.7299506997566618 -1.9270552358300905
-4.789525348693076 -5.172320175106867 -4.6213740213084 -3.560962753082849 -2.8752728203867264 -2.078502788971256 -1.500273803908387 -1.4075678568569014 -1.0874121838562758 -0.6508868836258572 0.028956728085036243 0.5025087278885705 0.4362504233893105 -0.48190036752900545 -1.4535032360265563 -1.582400693938982 -1.2953741731879864 -1.0033365201639377 -0.758069435021719 -0.9846839722586838 -1.4955410678727254 -2.1341820364496256 -2.388914593663167 -2.443758652429361 -2.2934246842377632 -2.0815651475825665 -2.239694210421136 -2.4690927100320192 -2.0520551464190304 -1.6311200354825557 -1.2202071890921875 -0.7210427354486031 -0.3861320618662094 -0.5150295197786354 -0.829617268031424 -0.95851472594385 -0.8850181192724018 -1.1185925624441628 -1.3791714406429327 -1.3763874782690144 -1.3655300250107323 -1.4535032360265563 -1.694594377607897
-4.523935338221253 -4.92120676897942 -4.757231385155621 -4.128334284887436 -3.6107956795759897 -2.5754400727157054 -1.5434252207041235 -1.496376256584901 -1.4290043671360737 -0.8569000992958253 -0.29537488847646687 0.7057379811846198 0.8775084596553904 0.3658161753291731 -0.7541718876982331 -1.5267214464606125 -1.386131346577729 -1.1528352996433602 -0.9387485930890285 -0.9827351985969406 -1.316810683467159 -1.909516272874404 -2.3674780833839946 -2.524771957510389 -2.41341346255365 -2.146988263369651 -1.9153625938596328 -1.9651955203527738 -1.7385809831158092 -1.4702070102700673 -1.0520558617075109 -0.5139159348290678 -0.13696742940050521 -0.15478478859358358 -0.5052856514699209 -0.6135817878153498 -0.4838491411907482 -0.7619669823452049 -1.233848604724388 -1.2845167199297043 -1.217144830480877 -1.2455412466948457 -1.4663094629465814
-3.9008845589382957 -4.2856281590138305 -4.309848631666921 -3.9788355054080133 -3.2396934951326557 -2.0501063727572877 -1.1906971879286514 -1.375273893319447 -1.3382471937463312 -1.0540046353692538 -0.668425846581544 0.4175978754840566 0.7887000599273906 0.3482772123734863 -0.5434259359926039 -1.1350179404502818 -0.8694279299784582 -0.7758867942147973 -1.0258866153926771 -0.981900009884765 -1.2786703989444757 -1.720206831447947 -2.1926452463019137 -2.432901199171079 -2.372489215657048 -2.116643073493939 -1.7104629631392325 -1.4379130467326129 -1.523937484086694 -1.375273893319447 -0.9309534984420571 -0.4223235727271497 -0.04231270868727677 0.02394559581198319 -0.25138828296855475 -0.4329026297480403 -0.30511875678518185 -0.3215441347913006 -0.8176462298235747 -1.1302852044146203 -1.0637485036779686 -0.9710425566264829 -1.1653631303259933
-2.8989365005650334 -3.312911705566712 -3.3440920841545987 -2.937911973799892 -2.2552843997150798 -1.5013873888579543 -1.0473231256718496 -1.1369667141120248 -0.9690937829647401 -1.0715435983249404 -0.9526684049586209 0.3296246644682328 0.7380319447220742 0.2037895651671171 -0.2299517726893825 -0.06876035123950253 0.45462457505717246 0.4420967443745396 -0.7171451881251172 -1.1263876570911344 -1.309015588820187 -1.621376167173841 -1.9944271252789179 -2.198491567287143 -2.2151953415306536 -2.0882466572799707 -1.617478619850355 -1.0991048258267333 -1.0501070880457681 -1.0258866153926771 -0.763915756006948 -0.4075685721453821 -0.06681157757775935 0.09827739119560652 -0.046210256010762674 -0.25612101900421624 -0.2474907356450693 -0.1291723347535334 -0.353838098328755 -0.6127465991031742 -0.6742721675667727 -0.7241050940599134 -0.9242719887446524
-1.6926456039461542 -1.9251064621683476 -2.068758920662541 -1.8705407996395453 -1.601053241844236 -1.0403632197370534 -0.8432586836636244 -1.0239378417309344 -0.8596840616697436 -1.0707084096127648 -0.8471562309871103 0.1275089961217506 0.19404569685840256 -0.1703749778875272 -0.5052856514699209 -0.22494064041632944 0.6208271287801059 1.1481096024002668 -0.3109650777704105 -1.143926620046821 -1.3538373830402746 -1.615529846188612 -1.8296165527429435 -1.9974894838902282 -2.1049504315234815 -2.0442600517720586 -1.5746055992920105 -1.0247730304431097 -0.7241050940599134 -0.6430917889788859 -0.5384148037195509 -0.4192612141158394 -0.11163337179784705 0.19098333824709224 0.1726091865792303 -0.08629931419518888 -0.23273573506330125 -0.1330698820770193 -0.1653638456144737 -0.35690045694006534 -0.44849281904198346 -0.5267221617490931 -0.6556196196615187
-0.4632478196237515 -0.40478460977146336 -0.45740149863852286 -0.6252744297858075 -0.5033368778081777 -0.5952076361474878 -0.5796174468535442 -0.8432586836636244 -0.7163099994129416 -1.3246057781141305 -0.6673122616319764 0.0913174852608103 -0.13696742940050521 -0.4546175362646041 -0.5002745191968674 -0.15172242998227325 0.7427646807577357 1.4020069709016325 -0.1937602618284422 -1.229951057400902 -1.44654333009176 -1.557066636336324 -1.7288371148070945 -1.8296165527429435 -1.9457077837353443 -1.938747877800548 -1.5442604094162988 -1.0531694466570785 -0.587412541500516 -0.4281698937123788 -0.4955417831612059 -0.4437600830063224 -0.2856310201677523 0.0025090855328109285 0.11776512781303605 -0.00918355643764679 -0.11358214545958978 -0.11664450407090055 -0.11274695674741464 -0.26001856632770215 -0.3989382887862347 -0.5169782934403782 -0.6030027307944597
0.8229427971265881 0.8825195919284434 0.9518402550390137 0.7750586442951901 0.5737781646608835 0.46826599068937336 -0.11358214545958978 -0.5618000876604659 -0.6762209412285158 -1.309015588820187 -0.31681139875563913 0.15200786501223318 -0.024773745731590413 -0.32850404072609685 -0.386967250578385 -0.18011884619624174 0.6812391122941373 1.2719959280396398 -0.30901630410866776 -1.3471558733428703 -1.5317325787336658 -1.5999396568946687 -1.6057859778798975 -1.7035030572044363 -1.786465135947207 -1.7661422106176021 -1.5598505987102425 -1.141977846385078 -0.7112988671398885 -0.4320674410358647 -0.4643614045733191 -0.48663310356466694 -0.3343503617113259 -0.19264667687887504 -0.11358214545958978 0.051506823313776096 -0.018092236034186193 -0.15951752462924507 -0.08045299320996024 -0.211299224784129 -0.42510753510106847 -0.5453747096543471 -0.49359300949946316
1.9047905756313113 1.882518876639963 1.930403029471361 1.749723871404051 1.5476082030575697 1.2232765864960657 0.6344685444123068 -0.38112092959315635 -0.6762209412285158 -1.1341827517381062 0.021996822150240014 0.3491124010856619 0.3883662705579125 0.06319946528423381 -0.5267221617490931 -0.33741272032263625 0.3775088172996304 0.8413169487944501 -0.6965438665581205 -1.586298241262468 -1.6848505092991823 -1.621376167173841 -1.621376167173841 -1.5893605998737783 -1.6684251312930634 -1.698491924931383 -1.5598505987102425 -1.296209361900162 -1.0139155771848278 -0.7093500934781454 -0.5228246144256072 -0.5403635773812936 -0.45350395131503696 -0.31681139875563913 -0.1341834670265869 0.07377852230512394 -0.1742725252110131 -0.3109650777704105 -0.18401639351972765 -0.22215667804241068 -0.4242723463888929 -0.5267221617490931 -0.48190036752900545
2.662585133811922 2.6197121132535774 2.4479416347828074 2.2797903073981307 2.1372514338535047 1.8140334022415687 1.1901474342464362 0.14699673273918012 -0.6723233939050299 -1.09409369355368 -0.19181148816669946 0.26141758630722967 0.41063796954926035 0.10802125950432151 -0.48190036752900545 -0.5754415032926663 0.14309918541569422 0.37667362858745523 -1.2015546411869336 -1.9729906149997454 -1.8137479672116081 -1.7502736250862667 -1.63028484677038 -1.5979908832329257 -1.613581072526869 -1.6430910736904052 -1.6350175828060416 -1.4994386151962114 -1.2973229468497294 -0.9994389728404518 -0.7561206613599762 -0.5111319724551495 -0.4242723463888929 -0.28451743521818473 -0.06486280391601662 -0.02867129305507632 -0.4593502723002656 -0.36942828762269864 -0.1528360149318404 -0.19654422420236095 -0.2806198878946988 -0.3830697032548991 -0.4231587614393253
2.9557363717855387 3.140313077176334 2.817095045564398 2.567930413098694 2.434300219150607 2.2280086072432472 1.6149800925063968 0.46353325465371187 -0.6809536772641769 -1.1906971879286514 -0.901721893515913 -0.11747969278307568 0.321829569821261 0.03758701144418364 -0.34019668269655456 -0.4554527249767797 -0.09409440884216069 0.07489210725469153 -1.6272224881590698 -2.3518878940900514 -2.1030016578617388 -1.8733247620134637 -1.7385809831158092 -1.6330688091442986 -1.6430910736904052 -1.698491924931383 -1.7268883411453515 -1.6898616415722356 -1.498325030246644 -1.1898619992164758 -0.8156974561618315 -0.5375796150073753 -0.3616331929757268 -0.22494064041632944 -0.06959553995167811 -0.12443959871787191 -0.5687599935952621 -0.13696742940050521 0.042598143717237136 -0.19654422420236095 -0.25723460395378384 -0.19459545054061778 -0.22494064041632944
2.4312378605392966 3.130569208867619 3.1804021353607603 2.7914825917243484 2.520046260267296 2.3610820087165503 1.9986101076323641 0.8365842127587886 -0.7307866037573181 -1.1302852044146203 -1.0473231256718496 -0.8421450987140573 -0.14893846760835494 0.23691871741674708 0.0055714441441212514 -0.33351517299915034 -0.25612101900421624 -0.315697813806072 -2.0072333521989427 -2.6751059257019874 -2.410629500179731 -2.07154288303646 -1.7630798520062918 -1.6439262624025808 -1.6508861683373768 -1.72215560510969 -1.8148615521611755 -1.7923114569324359 -1.6411423000286622 -1.2767216252827327 -0.868592741266283 -0.5473234833160898 -0.3627467779252944 -0.2299517726893825 -0.11553091912133295 -0.11358214545958978 -0.45350395131503696 -0.024773745731590413 0.053455596975518826 -0.19181148816669946 -0.18401639351972765 -0.06876035123950253 0.07377852230512394
1.217430265510837 2.2007257759788454 2.72995702326075 2.7458256087920847 2.455736729429779 2.30234040262687 2.0612492610455297 1.2555705500335201 -0.049272614622073 -0.8137486825000888 -1.2600178510392217 -1.0453743520101066 -0.34131026764612216 0.18819937587317348 0.25056013304894753 -0.07544186093690675 -0.42120998777758256 -0.5734927296309236 -2.3733244043692237 -3.0033350895869764 -2.710462247850752 -2.2463757201185404 -1.8861309889334887 -1.69654315126964 -1.6684251312930634 -1.7132469255131508 -1.8059528725646365 -1.8109640048376896 -1.6879128679104927 -1.3234921931645631 -0.8460426460375432 -0.5100183875055819 -0.30901630410866776 -0.16842620422578403 -0.07544186093690675 -0.05706770926904481 -0.32070894607912503 -0.10690063576218556 -0.026722519393333144 -0.22104309309284353 -0.19069790321713187 0.058188333011180315 0.33463579674128585
0.5748917496104511 0.988031765899954 1.2711607393274638 1.893097933660853 2.131405112868275 2.0709931293542447 1.7856369860275998 1.3530092331206673 0.7466622280812216 -0.19069790321713187 -1.3335144577106697 -1.4857971995640107 -0.7611317936330293 0.009468991467607157 0.16258692203312375 -0.2942613035268997 -0.710463678427713 -0.7241050940599134 -2.5823999786505016 -3.2875776479640537 -2.8783351789980367 -2.3911417635623016 -1.9963758989406608 -1.724104378771433 -1.6263872994468942 -1.6528349419991197 -1.7065654158157466 -1.7580687197332385 -1.5228238991371266 -1.2875790785410146 -0.8841829305602262 -0.5022232928586106 -0.2416444146598402 -0.08629931419518888 0.0192128597763217 0.04064937005549396 -0.13613224068832963 -0.020876198408104507 0.0192128597763217 -0.18206761985798492 -0.1976578091519281 0.1041237121808356 0.5161501435207709
0.48691853859462686 1.0036219551938976 0.6353037331244824 0.9370852544572457 1.50250801260009 1.7642004757484275 1.6703809437473747 1.179289980988154 1.0815729016636149 0.34243089138825766 -1.0707084096127648 -1.771988531602831 -1.1848508669434226 -0.2580697926659594 -0.05511893560730163 -0.6606307519345722 -1.1155302038328525 -0.8930916101567656 -2.2357966630976502 -3.1684240583603427 -3.057065563403603 -2.5278343161216994 -2.0734916566982027 -1.7728237203150066 -1.6146946574764365 -1.621376167173841 -1.5804519202772391 -1.6450398473521481 -1.4574007833500422 -1.2513875676800743 -0.8783366095749976 -0.48858187722640967 -0.19069790321713187 0.07099455993120563 0.2486113593872048 0.21937975446106073 -0.022824972069847238 0.08741993793732439 0.13725286443046558 -0.024773745731590413 -0.06959553995167811 0.1998920178436312 0.6177647701687956
0.7241121328524818 0.726060906514225 0.5153149548085953 0.4362504233893105 0.8969961962728199 1.521160560505344 1.615815281218572 1.3198800808710378 1.3170961184971186 0.6645353380506265 -1.0520558617075109 -1.6517213570495524 -1.3335144577106697 -0.6330695244327793 -0.5022232928586106 -0.9406973667507716 -1.1879132255547329 -1.079617089209304 -1.2307862461130776 -2.3635805360605087 -2.8012194212404946 -2.559014694709586 -2.0940929782651994 -1.7836811735732885 -1.6389151301295275 -1.6263872994468942 -1.5979908832329257 -1.542311635754556 -1.4067326681447259 -1.1820669045695043 -0.8822341568984835 -0.49832574553512465 -0.12722356109179067 0.16843324301835239 0.4098027808370852 0.4000589125283702 0.1411504117539515 0.2797917379750916 0.34131730643869007 0.22717484910803254 0.16175173332094817 0.288700417571631 0.6508939224184256
0.7280096801759677 0.5434329747851723 0.46047089604240155 0.3198807961595178 0.474112311674602 1.0952143172958162 1.6088553752837762 1.4526750861069488 1.3081874389005796 0.726060906514225 -0.9994389728404518 -1.7639150407184674 -1.5384140884310702 -1.3117995511941056 -1.145875393708564 -0.7385816984042894 -0.8811205719489159 -0.9484924613977435 -0.7474903780008288 -1.354950967989842 -2.4028344055327593 -2.337411289745675 -2.042311278110316 -1.7377457944036336 -1.751387210035834 -1.759182304682806 -1.7046166421540037 -1.5306189937840984 -1.3724899309455285 -1.1174789774945952 -0.8168110411113991 -0.4593502723002656 -0.08629931419518888 0.2758941906516057 0.5172637284703385 0.5815732593078553 0.37166249631440174 0.4732771229624264 0.5192125021320813 0.4253929701310284 0.3482772123734863 0.4615844809919687 0.6138672228453097
