static/data/ASCData/20210121/ASCU/03.asc
ncols 97
nrows 97
xllcorner 99.0
yllcorner 2.0
cellsize 0.25
NODATA_value -32767
[rows 0 to 18 of 97, columns 0 to 41 of 97]
0.14611619562213018 0.05152196149104338 0.5339221394071316 0.9311570904527882 1.101183382669114 1.1157831358469021 0.9126032374560156 1.0230138708630392 1.5884501449777986 1.5562090233768489 0.8560291938920859 0.12087078908553783 0.42046989075473507 1.0582966077093614 1.124603820058483 1.168707241116385 1.1060499670617103 0.854204224744862 1.16262401062564 2.3667994862686363 2.2712927675639385 0.3541626784056131 -1.5617507646545623 -1.8324545214927204 -0.8977661565897326 -0.6282790458497236 -0.4369614469157894 -0.7201358262599751 -1.016997474208337 -0.8694791348077677 -0.6672117209904926 0.013197609399349108 0.18809048600827172 -0.12032929987250629 -0.19180725813876132 0.4058701375769469 0.809188319113348 0.1704491175851106 -0.3910330567106639 -0.8186841602100459 -0.8959411874425092 -0.4798482218755429
-0.24260223273648318 0.021105809037317957 0.4195574061811236 0.6294288581118304 0.786680366297591 1.123691335484871 1.2505266912169066 1.4917267801749512 2.2652095370731926 2.4273276296515505 1.6568864879986807 0.5035059869534062 0.6510243263539754 1.1638406567237887 1.546475854591657 2.1021789599212237 2.2858925207417267 2.1432407657337533 2.576670938199343 3.5953078838746135 3.9782472432670186 1.9762560887628 -1.0060476593249956 -2.3696037738255145 -1.427007209284558 -0.8411921130258029 -0.3420630512601659 -0.5510220186172607 -0.9789772836411799 -0.8597459660225755 -0.09021730894331759 0.07767985260124766 -0.06466774088218807 -0.43787393148940135 -0.6115501620001744 -0.17507837428921214 0.22033160760922055 -0.3305049133277498 -0.49140635980795855 -0.5081352436575077 -0.5257766120806684 -0.34115056668655397
-0.3344590131467342 -0.11363774633268653 0.3474711248657938 0.5269264243427747 0.671403148497971 1.0640756766755688 1.846379117785391 2.5903582068035194 3.138457274019655 3.028959125186243 2.187040025267118 1.0503884080713926 1.1598865569048042 1.7575639526205125 2.352199733090848 2.9048612231750424 3.320954188742008 3.4195025226920794 3.4654309128972054 3.4313648221490327 4.029954702438353 2.645107281220226 -0.1489204831790083 -2.1819361131860275 -1.8117715378241868 -1.592166917108288 -0.5853922708899706 -0.5412888498320685 -0.7943512382470654 -0.8186841602100459 0.5330096548335197 0.4040451684297235 0.0034644406141572937 -0.6224999768835158 -0.8451462128447873 -0.767889185612324 -0.521822512261684 -0.7219607954071985 -0.08443823997710975 -0.032426619281239244 -0.16139110568503545 -0.0862632091243336
-0.429053247277821 -0.35970441968332656 0.19386955497447955 0.4898187183492295 0.6452452573877672 0.9682647964463333 1.6188662974315235 2.139286665914769 2.4948514880988215 2.4966764572460445 2.306271342885722 1.469522988883731 1.4929434262730998 2.128641012555965 2.754605430053638 3.0493379473302387 3.3699241941925067 3.399123700548083 3.471209981863413 3.5816206152704373 3.3969945698763224 2.0054555951183763 -0.16139110568503545 -1.6946693508773434 -1.7308645722972769 -2.5365884507964678 -1.5501926267221466 -0.3490587663245228 -0.3451046665055384 -0.6459204142728847 0.37454150054960955 0.42046989075473507 -0.0041395974992743945 -0.6057710930339666 -0.9260531783716974 -0.922099078552713 -0.7131401111956182 -0.5793090403992256 0.02688487800352579 0.3289172718690212 0.22732732267357747 0.3091467727740995
-0.45156120009357803 -0.5364222654394721 0.007418540433141274 0.3188799415592918 0.5476094080113083 0.829871302781882 1.1598865569048042 1.394090930798492 1.6921692248450029 1.7046398473510305 1.5035890796319036 1.506630694877276 1.5504299544106415 1.9802101885817844 2.654840450005418 2.9547437131991527 2.8717076170004816 2.8014463048323757 3.1040870217469454 3.6050410526598053 3.097395468207125 1.0513008926450045 -1.1000335704070077 -1.2913511693409419 -1.3743872655396125 -2.271967924449055 -1.8704747120598773 -0.6781615358738335 -0.17903247410819656 -0.40076622549585617 -0.053109602949772405 0.014414255497498196 -0.31681764472357354 -0.48076070644915436 -0.7864430386090966 -0.8703916193813797 -0.5990795394941473 -0.33537149772034613 0.16771166386427527 0.470352380778845 0.4098242373959313 0.4381112591778962
-0.27879745415641644 -0.6857655739872652 -0.21918179534711424 0.27203906678055434 0.5007685332325709 0.6793113481359399 0.8268296875365095 1.0494759234977806 1.2213271848613303 1.2341019688918946 1.0348761703199925 1.146199288300628 1.3825327928660762 1.6520199036060852 2.361020417302429 2.81422108886294 2.730272508090658 2.208635493509263 2.5054971414576253 3.1129077059585253 2.117691197672624 0.0679466838160554 -0.9035452255559404 -0.9114534251939088 -1.154782644823714 -1.5307262891517623 -1.279488869883989 -0.967114984184227 -0.4679859224185896 -0.3517962200453577 -0.24533968645731852 -0.3274632980823773 -0.4856272908417507 -0.6507869986654806 -0.5783965558256137 -0.6380122146349159 -0.3079969605119932 0.10809600505497308 0.5661632610080809 0.7106399851632776 0.6501118417803635 0.3112759034458601
-0.007181212744646892 -0.5814381710709862 -0.6976278734442181 -0.16534520550401988 0.515368286410359 0.7428811067642265 0.7048609161970694 0.829871302781882 1.0044600178662666 1.0172348018968318 0.7888094969693524 0.7291938381600502 1.1069624516353223 1.5641172230148177 2.2810259363491303 2.737876546204089 2.4197235915381192 1.7712512212246896 1.7514807221297675 2.339424949060283 1.4099073300744287 0.7605224751873871 -0.13888315286927888 -0.36152938883054997 -0.812905091243838 -0.9798897682147918 -1.1389662455477767 -0.8743457192003636 -0.49262300590610764 -0.21522769552812981 -0.19758632710496915 -0.41932007849262876 -0.5452429496510529 -0.41840759391901683 -0.3256383289351539 -0.16047862111142397 0.15676184898093437 0.6130041357868183 0.8599832937110703 1.0005059180472822 0.9077366530634192 0.4849521339566336
0.04665537709844747 -0.455515299912562 -0.6888071892326377 -0.27879745415641644 0.39127038439915873 0.7955010505091717 0.739839491518854 0.5816754987594805 0.7340604225526457 0.8405169561406858 0.7672140287272073 0.509285055919614 0.9010450995235999 1.684261025207034 2.208635493509263 2.316916996244527 1.9263735987386896 1.5181888328096917 1.3715829779827349 1.9607438510114 1.815050480758054 1.3794911776207037 1.2222396694349422 0.9430193899097405 0.3219215568046643 -0.41840759391901683 -0.6732949514812376 -0.7055360730821865 -0.2933972073342046 -0.1282374995104747 -0.16534520550401988 -0.3098219296592166 -0.22191924906794958 -0.07075097137293351 0.07402991430680039 0.289680435203715 0.5962752519372687 1.0035475332926547 1.0932751830311451 0.9938143645074629 0.9138198835541642 0.6960402319854895
-0.3040428606930088 -0.6243249460307392 -0.47680660663016994 -0.09204227809054144 0.34351702504680937 0.6412911575687827 0.537876239226116 0.4089117528223194 0.5463927619131592 0.6735322791697325 0.676573894415105 0.6108750051150578 0.924465536912968 1.3873993772586717 1.6657071722102614 1.8707120397483719 1.839383402721034 1.7028148782038066 1.8901783773187564 2.3257376804561067 2.183390086972671 2.0045431105447644 2.082712622350839 2.2642970524995816 1.8287377493622303 0.7507893064021953 -0.08535072455072168 -0.37825827268009915 -0.2718017390920595 -0.1282374995104747 -0.11667936157805903 -0.23864813291749876 -0.03364326537938833 0.1655825331925147 0.27903478184491126 0.3200965876574404 0.6549784261729599 1.1501533881196124 1.0640756766755688 0.8472085096805051 0.6294288581118304 0.4733939960242175
-0.44851958484820553 -0.6106376774265629 -0.3344590131467342 0.08072146784662015 0.45757759674828025 0.6315579887835909 0.3277006257708721 0.45879424284642933 0.585629598578465 0.5543009615511276 0.608137551394222 0.9040867147689724 0.9761729960843022 1.032747039648232 1.5601631231958333 1.953748135947043 1.7964966277612815 1.2602598600020993 1.5279220015948844 2.047429885504518 1.715589662234371 1.4068657148290562 1.4713479580309548 1.7849384898288658 1.799538243006654 1.3560707402313348 0.559167545943724 0.04543873100029838 0.029014008675286806 0.33652130998245244 0.4283780903927039 0.21728999236384805 0.23584384536062064 0.3356088254088405 0.378495600368594 0.3854913154329509 0.7145940849822621 1.1188247510922746 0.9673523118727214 0.5181057401311944 0.14216209580314576 0.05821351503086314
-0.37643330353287574 -0.3010012454476363 -0.06953432527478443 0.16771166386427527 0.4107367219695428 0.537876239226116 0.38062473104035455 0.6735322791697325 0.739839491518854 0.5454802773395473 0.40100355318435055 0.6607574951391673 0.9597482737592902 0.8189214878985407 0.8806662773796035 0.9156448527013881 0.8122299343587205 0.6364245731761873 0.8785371467078429 1.2213271848613303 1.1179122665186636 0.8024967655735287 0.6382495423234102 0.7897219815429644 1.0367011394672154 1.1775279253279658 0.784855397150368 0.4362862900306723 0.37940808494220546 0.7760347129387872 1.1823945097205613 1.215548115895122 1.145286803727016 1.0357886548936044 0.6266914043909946 0.23706049145876973 0.4089117528223194 0.8678914933490391 0.8590708091374584 0.5649466149099318 0.22428570742820497 0.004681086712305937
-0.30008876087402436 -0.10390457754749427 0.27203906678055434 0.4636608272390257 0.41864492160751166 0.3736290159759976 0.2887679506301031 0.5825879833330925 0.7593058290892385 0.558255061370112 0.33865044065421346 0.31796745698567985 0.9010450995235999 0.8864453463458117 0.37575814664775864 0.27690565117315025 0.22611067657542838 0.20269023918605988 0.3289172718690212 0.4654857963862491 0.7839429125767561 0.963398212053737 0.7888094969693524 0.2702140976333305 0.2507477600629464 0.5229723245237903 0.6987776857063244 0.44024038984965674 0.4019160377579625 0.7593058290892385 1.2690805442136792 1.4518816204605702 1.6559740034250687 1.7514807221297675 1.3025383119127776 0.2516602446365579 0.24770614481757391 0.7751222283651753 1.0662048073473294 0.8754955314624704 0.5229723245237903 0.12178327365914976
-0.3517962200453577 -0.13310408390307105 0.289680435203715 0.6060084207224614 0.5914086675446732 0.3492960940130172 0.22915229182080088 0.4302030595399273 0.6294288581118304 0.4673107655334725 0.09745035169616934 -0.0482430185571765 0.40495765300333497 0.6969527165591005 0.4283780903927039 0.25743931360276573 0.17257824825687162 -0.20245291149756506 -0.17720750496097315 -0.19454471185959665 0.3307422410162446 0.6196956893266377 0.6266914043909946 0.07676736802763573 -0.27271422366567144 0.10110028999061615 0.3474711248657938 0.4469319433894765 0.45088604320846093 0.6793113481359399 1.2125065006497495 1.4987224952393081 1.9440149671618503 2.0270510633605214 1.5093681485981119 0.5670757455816924 0.4536234969292958 0.7535267601230302 1.0561674770376 1.0105432483570116 0.6558909107465709 0.11782917384016534
-0.4308782164250444 -0.2854890076962362 0.17257824825687162 0.6647115949581517 0.6726197945961205 0.3708915622551623 0.1500702954411146 0.22732732267357747 0.40313268385611156 0.4244239905737195 0.15584936440732244 -0.2082319804637729 -0.032426619281239244 0.18018228637030287 0.3289172718690212 0.3696749161570132 0.16284507947167937 -0.1692993053230043 -0.2933972073342046 -0.49262300590610764 -0.5285140658015037 -0.08048414015812533 0.2486186293911854 -0.22800247955869457 -0.4436530004556092 -0.11941681529889436 0.21151092339764022 0.39704945336536657 0.48312716480940976 0.7927635967883369 1.3210921649095502 1.693081709418614 1.8640204862085525 1.7554348219487519 1.3061882502072244 0.7507893064021953 0.6841779325285362 0.8347378871744775 0.9840811957222702 0.9351111902717726 0.6549784261729599 0.23097726096802473
-0.3685251038949069 -0.2669351546994636 0.07190078363503982 0.49772691798719837 0.6090500359678339 0.5123266711649865 0.1667991792906638 0.01623922464472205 0.23493136078700916 0.26139341342175015 0.15189526458833802 -0.061017802587741254 -0.2103611111355339 -0.17507837428921214 -0.0686218407011725 0.005593571285917864 -0.071663455946545 -0.10299209297388234 -0.32077174454255797 -0.4250991474588366 -0.9397404469758737 -0.8889454723781522 -0.7484228480419399 -0.8098634759984655 -0.41536597867364433 -0.1458788679336358 -0.00018549768028996994 0.332567210163468 0.5895836983974494 0.9597482737592902 1.462527273819374 1.276988743851648 1.1206497202394985 1.009326602258863 0.7486601757304348 0.5661632610080809 0.6598450105655553 0.7136816004086501 0.7358853916998696 0.7614349597609991 0.584717114004853 0.2866388199583425
-0.17903247410819656 -0.09112979351692951 -0.06679687155394909 0.3718040468287742 0.80128011947538 0.7371020377980191 0.21637750779023612 -0.15865365196420056 0.10414190523598865 0.3258756566236487 0.22915229182080088 0.008331025006753201 -0.14192476811465138 -0.3022178915457854 -0.34784212022637373 -0.3332423670485851 -0.3879914414652914 -0.41445349410003285 -0.22313589516609866 -0.17599085886282406 -0.6291915304233355 -1.2648891167062004 -1.1058126393732155 -0.7894846538544695 -0.3663959732231463 -0.24260223273648318 -0.3049553452666207 0.1059668743832125 0.786680366297591 1.1060499670617103 1.061338222954734 0.7693431593989679 0.3629833626171939 0.33469634083522903 0.3003260885625192 0.3736290159759976 0.4685274116316216 0.34138789437504835 0.3453419941940328 0.5171932555575824 0.4889062337756176 0.1686241484378872
0.0016394714669334398 0.03692220831325521 -0.007181212744646892 0.12269575823276169 0.6139166203604303 0.9646148581518865 0.536659593127967 -0.14283725268826286 0.0016394714669334398 0.37454150054960955 0.5074600867723902 0.27903478184491126 -0.09112979351692951 -0.3022178915457854 -0.3451046665055384 -0.5209100276880725 -0.5942129551015509 -0.564709287221437 -0.3305049133277498 0.10110028999061615 0.022018293610929884 -0.654741098484465 -1.1459619606121336 -0.7797514850692773 -0.317730129297185 -0.1848115430744044 -0.5452429496510529 -0.3283757826559892 0.5229723245237903 1.0123682175042354 0.9518400741213213 0.6911736475928931 0.2680849669615699 0.3423003789486603 0.40100355318435055 0.42168653685288415 0.1920445858272557 0.019280839890094548 -0.1048170621211062 0.19599868564624012 0.20481936985782045 -0.252335401521675
0.20877346967680488 0.2145525386430127 0.08558805223921606 0.04848034624567088 0.3660249778625664 0.8043217347207525 0.8250047183892857 0.23219390706617382 0.13151644244434202 0.30428018838150317 0.5914086675446732 0.6169582356058028 0.2507477600629464 -0.1711242744702277 -0.1489204831790083 -0.3910330567106639 -0.4798482218755429 -0.47194002223757403 -0.39985374092224424 -0.0686218407011725 0.6002293517562531 0.312188388019472 -0.6927612890516217 -0.9543402001536623 -0.6115501620001744 -0.32928826722960114 -0.5491970494700369 -0.6653867518432688 -0.10299209297388234 0.5260139397691628 0.7897219815429644 0.6793113481359399 0.516280770983971 0.6850904171021481 0.6823529633813123 0.3541626784056131 0.0016394714669334398 -0.2894431075152206 -0.4661609532713662 -0.14283725268826286 -0.13888315286927888 -0.7073610422294103
0.2848138508111191 0.4654857963862491 0.41164920654315473 0.10992097420219693 0.14915781086750268 0.41164920654315473 0.5701173608270649 0.6850904171021481 0.8648498781036658 0.6315579887835909 0.7702556439725798 0.8922244153120191 0.6060084207224614 0.02019332446370603 -0.0561512181951449 -0.29917627630041244 -0.39589964110326026 -0.47680660663016994 -0.5236474814089074 -0.3685251038949069 0.16953663301149913 0.17926980179669094 -0.4260116320324485 -0.6848530894136533 -0.5470679187982763 -0.3928580258578873 -0.5902588552825665 -0.8089509914248536 -0.501443690117688 -0.05797618734236876 0.21637750779023612 0.2486186293911854 0.1950862010726282 0.3237465259518877 0.21941912303560906 -0.26024360115964384 -0.69854035801783 -0.8938120567707482 -0.7846180694618732 -0.3663959732231463 -0.4135410095264209 -1.263064147558977
