static/data/ASCData/20210121/ASCU/06.asc
ncols 97
nrows 97
xllcorner 99.0
yllcorner 2.0
cellsize 0.25
NODATA_value -32767
[rows 0 to 18 of 97, columns 42 to 83 of 97]
0.3897377875556556 0.7227083901528206 1.160038345218398 1.3017344748162727 0.7676961462022538 -0.3768903002255004 -1.2010537494848432 -1.0155940204647311 -0.5840788093783318 -0.4178995472365483 -0.4824738093211087 -0.585915044319125 -0.8252376649358373 -0.38086880926388567 0.2088686458875264 0.5274554081151446 0.7352559955815741 0.9696819896895041 0.7245446250936136 -0.6504893064036856 -0.9317392915018423 -0.38576543577266764 0.17887680852123777 0.1571480283885185 -0.10941207718329249 -0.27436718269788063 -0.4237142912157268 -0.6455926798949037 -0.7900431619039678 -0.7606634028512769 -0.7784136739456109 -0.41116668578697335 -0.2859966706562376 -0.2774275742658694 -0.13573144466799514 0.2792576519512653 0.755760619087098 0.4971575315920571 0.24406314891939607 -0.8662469119468852 -2.6669813105514053 -3.929698871503521
0.4032035104548055 0.9816175168046599 1.3378470953185384 1.542893330373778 1.4969874568539483 0.8916420047057936 -0.3331267008032628 -0.6309028003685582 -0.39739492373102436 -0.5556171677960375 -0.7744351649072256 -0.8760401649644489 -1.1367855265570816 -0.47849530028272347 0.1504151669389433 0.549796266561462 0.8184986462308652 0.9620310107695325 0.6113101370780338 -0.06932094764264152 -0.36923932130552894 -0.08982557114816547 0.2627315374841266 0.14735477537095498 -0.02647546569080017 -0.14460658021516215 -0.4227961737453301 -0.6327390353093514 -0.5195045472937714 -0.19051245373499182 -0.28813894475382984 -0.35363132430878674 -0.1669474386614791 0.044831657843335204 0.2774214170104723 0.49899376653285055 0.4882823960448901 0.12899242596302285 -0.3652608122671437 -1.534024352082008 -2.900489187188939 -3.476454880284402
0.8038087667045195 1.2304273512821369 1.3409074868865272 1.689486086480434 1.8691310715213678 1.66898146297491 0.27344290797208703 -0.5038965502970294 -0.5020603153562362 -0.585915044319125 -0.6844596528083595 -0.7374044269345632 -0.5311340352521283 -0.04300158015793887 0.2520201669961666 0.49991188400324704 0.8212529986420547 0.999979866212592 0.6884320045913475 0.22080417300268218 0.060439654840077406 0.28231804351925405 0.43472554360508875 0.3019045495543815 -0.0292298181019901 -0.21774993869009096 -0.4090244116893813 -0.4705382822059532 -0.2908932971650193 0.18958817900919822 -0.038104953649157114 -0.2957899236738015 0.10940591992789539 0.422790016489933 0.547041914150272 0.46104491108979095 0.08584090485438312 -0.22937942664844746 -1.443436761669544 -3.3671989013072077 -4.645524459256066 -3.721592244880293
1.5379967038649962 1.4737284809372344 0.8123778630948877 1.1444303482216562 1.5352423514538063 1.3115277278338362 0.1084878024574989 -0.5311340352521283 -0.5957082973366887 -0.3836231616750756 -0.3915801797518459 -0.09380408018655073 0.04391354037293871 0.3924921399668455 0.5947840226108951 0.7490277576375228 0.764635754634265 0.8867453781970118 0.6593582846954553 0.28231804351925405 0.14460042295976505 0.3095555284743532 0.4552301671106127 0.422790016489933 0.10542741088951013 -0.2685524387187024 -0.3407776797232345 -0.36128230322875843 0.025551190965006576 0.49409714002406835 0.23059742602024613 -0.17092594769986436 0.14735477537095498 0.3260816429414919 0.3857592785172703 0.07512953436642267 -0.060445812095474505 -1.1631048940417839 -3.905215738959612 -5.5419131495199405 -4.9344254232741935 -3.448299277858907
1.9083040835916227 1.404257592343892 0.6954709051977215 0.3340386610182624 0.6942467485705262 0.7655538721046615 -0.025251309063604843 -0.4745167912443382 -0.4335075442332905 -0.21958617363088395 0.02738742590580001 0.2706885555608971 0.036262561452967024 0.21284715492591166 0.5693827725965894 0.8769521251794483 0.8947023962737823 0.794015513686956 0.6180429985276086 0.2872146700280358 0.15837218501571382 0.30771929353355976 0.391574022496449 0.4053457845523978 0.18469155250041647 -0.3162945471793255 -0.39464057131983465 -0.2654920471507136 0.12195352535664883 0.5234768990767593 0.32424540800069845 -0.16388704709349078 -0.06748471270184808 0.1250139169246376 0.028305543376196507 -0.3680151646783334 -0.8319705263854122 -2.8086774401492796 -5.338703149405495 -5.524468917582405 -4.84383783286173 -3.1131864011641497
1.454141974902107 1.1095418843465854 0.6798629082009793 0.3184306640215202 0.1727560253852607 0.27527914291288 -0.0292298181019901 -0.3193549387473138 -0.26059542064193186 0.036262561452967024 0.28323616098965054 0.2841542784600475 -0.14552469768555865 -0.03137209219958237 0.6229396250363908 0.9308150167760485 0.9442807396751984 0.7998302576661342 0.7266868991912059 0.4864461611040971 0.31445215498313495 0.06656043797605449 0.1504151669389433 0.2538564019369596 0.09685831449914195 -0.35638567671997645 -0.4794134177531202 -0.3496528152704015 -0.09472219765694723 0.2765032995400758 0.050952440979312286 -0.5507205412872556 -0.4656416556971712 -0.25875918570113887 -0.35638567671997645 -1.8829089908327137 -3.0440215517276066 -4.812621838868246 -5.41001027293963 -5.59577604111654 -4.3446879681227815 -2.7049301659944645
0.5351063870351163 0.816356372133273 0.5283735255855415 0.13664340488299453 -0.047898206666721066 0.10267305847832064 -0.09961882416572898 -0.34169579719363097 -0.35363132430878674 -0.051876715705106324 0.38086265200848857 0.3866773959876668 0.09287980546075669 0.11124215486868883 0.7704504986134433 1.0128335107981443 1.03823476081245 0.8867453781970118 0.8448180137155674 0.6113101370780338 0.22661891698186087 -0.035044562081168795 -0.07023906511303801 0.009943193968264374 -0.09655843259774022 -0.38086880926388567 -0.5341944268201169 -0.5341944268201169 -0.2841604357154446 -0.13175293562960988 -0.4794134177531202 -1.01865441203272 -0.9375540354810206 -0.7468916407953279 -1.798748222713026 -3.615090618314288 -5.368082908458185 -5.971592125665547 -5.873965634646709 -4.891579941322353 -3.627026145429444 -2.4530599399489987
-0.060445812095474505 0.5020541581008389 0.43564366107548524 0.032284052414581765 -0.2654920471507136 -0.1816373181878248 -0.19418492361657824 -0.35363132430878674 -0.5078750593354147 -0.3934164146926391 0.02646930843540307 0.5929477876701017 0.6679273810858235 0.5975383750220846 0.7276050166616024 0.9941651222334134 1.1416759958104663 0.9843718692158498 0.785140378139789 0.4081001369635877 0.021572681926621318 -0.04391969762833581 -0.03994118858995055 -0.21958617363088395 -0.3367991706848492 -0.5029784328266327 -0.5926479057687002 -0.6006049238454705 -0.563574185872808 -0.5008361587290406 -0.8992991408811626 -1.04283150541983 -1.0936340054484417 -2.151305331345318 -3.485330015831569 -4.525251070634112 -5.73624801408722 -5.750019776143168 -5.105501311924759 -4.161064474043463 -3.1670492927607503 -2.0457218222497096
-0.11216642959448242 0.529291643055938 0.30771929353355976 -0.20887480314292395 -0.5115475292170009 -0.44513703219164724 -0.3670970472079369 -0.46778392979476324 -0.4971636888474542 -0.3817869267342824 -0.022496956652414912 0.4962394141216606 0.8680769896322813 0.8787883601202413 0.8876634956674088 1.0275233903244896 1.1924784958390777 1.1251498813433276 0.8319643691300151 0.3576036760917747 0.29976227545678924 0.28231804351925405 0.076353690993618 -0.334962935744056 -0.6795630262995778 -0.6514074238740821 -0.6406960533861219 -0.7089427853522687 -0.7802499088864041 -0.8475785233821544 -1.0351805264998586 -1.1658592464529738 -2.010833358374639 -3.341797651292902 -4.323265227146861 -4.838941206352948 -5.097544293847989 -4.920959700375044 -4.414158856716124 -3.576223645400832 -2.6317868075195356 -1.8085414757305895
0.10542741088951013 0.3701512815205281 -0.08309270969859028 -0.5684708123815898 -0.7579090504400869 -0.6844596528083595 -0.7325078004257812 -0.6709939299092094 -0.4628873032859815 -0.24712969774278193 0.07421141689602617 0.538166778603105 0.8475723661267573 0.9571343842607507 1.04098911322364 1.0663903632379457 1.0253811162268978 0.8818487516882301 0.5626499111470142 0.36617277248214286 0.5703008900669859 0.6835353780825657 0.3986129231028226 -0.27436718269788063 -0.850638914950143 -1.0468100144582153 -1.0440556620470256 -1.1113842765427757 -1.2637917766286104 -1.450169623119119 -1.7295833732764825 -2.424904337523503 -3.268654292817973 -3.9150089919771753 -4.199319368643321 -4.285010332547003 -4.650421085764847 -4.491280724229438 -3.89756476003964 -3.1082897746553684 -2.338907334463022 -1.6288964906896561
-0.1669474386614791 -0.28232420077465115 -0.5048146677674259 -0.7976941408239395 -0.9326574089722388 -0.9666277553769127 -1.0801682825492915 -0.8934843969019841 -0.7646419118896621 -0.4598269117179927 0.08216843497279669 0.8644045197506949 0.9892684957246316 1.2218582548917687 1.4207837068110307 1.284290242878737 0.9513196402815725 0.7618814022230751 0.7119970196648602 0.635793269621943 0.8497146402243492 0.8368609956387969 0.37994453453809207 -0.5038965502970294 -1.0067188849175641 -1.3975308881497144 -1.5848268521106195 -1.7996663401834225 -2.404399714017979 -3.1318547897288807 -3.7176137358419075 -4.057623239045446 -4.2042159951521025 -3.981419489002529 -3.9453068685002632 -4.038036733010319 -4.263587591571082 -3.96764772694658 -3.3369010247841198 -2.692382560565711 -2.0028763402978687 -1.0936340054484417
-0.21101707724051577 -0.24896593268357492 -0.39464057131983465 -0.6866019269059516 -0.9081742764283296 -1.0235510385415016 -1.0985306319572234 -1.0379348789110483 -0.9198037643866865 -0.5136898033145929 0.23824840494021782 0.9295908601488532 1.061493736729164 1.0556789927499852 1.2674580892547995 1.1572839928072085 0.8769521251794483 0.8729736161410631 0.9540739926927624 0.6719058901242088 0.5448996400526802 0.4032035104548055 -0.14552469768555865 -0.855535541458925 -1.1318889000482997 -1.7314196082172757 -2.1298825903693976 -2.8163284190692512 -3.547762003818538 -4.277359353627031 -4.5702388266835445 -4.56350596523397 -4.28317409760621 -4.036200498069526 -3.875835979906921 -3.9462249859706597 -3.8788963714749096 -3.586016898418396 -3.011581401106927 -2.4677498194753444 -1.7791617166778986 -0.6914985534147333
0.46012679361939446 0.3986129231028226 0.13174677837421278 -0.1504213241943404 -0.5097112942762079 -0.7071065504114755 -0.9219460384842786 -1.0673146379637393 -0.8827730264140239 -0.22570695676686148 0.5556110105406402 1.0070187668189656 1.1943147307798712 0.9892684957246316 0.8622622456531026 0.7334197606407806 0.5831545346525382 0.6933286311001297 0.3670908899525398 -0.41392103819816306 -0.3505709327407982 -0.5889754358871138 -1.1756524994705373 -1.6074737497137355 -1.9814535993219482 -2.7382884340855407 -3.4219799103742043 -4.057623239045446 -4.383860980193036 -4.790893058735526 -4.73335769725734 -4.697245076755074 -4.443232576612016 -4.121891461973208 -3.9453068685002632 -3.8485984949518217 -3.7139412659603215 -3.410962500729445 -3.029331672201261 -2.424904337523503 -1.601659005734557 -0.5663285382839978
1.031195860206076 0.8836849866290235 0.5216406641359663 0.45308789301302044 0.19938143202676173 -0.32914819176487753 -0.6201914298805979 -0.7802499088864041 -0.5721432822631762 0.17091979044446726 0.5831545346525382 0.7918732395893637 0.9344874866576349 0.7217902726824237 0.5528566581294507 -0.14644281515595514 -0.21193519471091227 1.1162747457961606 -0.3778084176958971 -1.5165801201444729 -1.4608809936070792 -1.1961571229760612 -2.253828448872938 -2.9219119281648593 -3.538886868271371 -4.277359353627031 -4.81935470031782 -5.157221929423768 -5.139471658329433 -5.024400935373061 -5.044905558878584 -4.9861460407732014 -4.761819338839635 -4.4530258296295795 -4.279195588567824 -4.094653977018109 -3.868185000986949 -3.4648253923260457 -3.0547329222155666 -2.445408961029027 -1.4902607526597702 -0.0448378150987323
1.2187978633237804 0.8154382546628764 0.5488781490910655 0.6085557846668439 0.43656177854588174 -0.15439983323272566 -0.5136898033145929 -0.6131525292742241 -0.16205081215269734 0.44329463999545693 0.5703008900669859 0.5274554081151446 0.520416507508771 0.32240917305990546 -0.1727621826406578 -1.0088611590151562 -1.0321201349318698 0.940608269793612 -1.3329566260651537 -2.658106175004238 -2.572109171943757 -2.3291140814454585 -3.7705585099681116 -4.5702388266835445 -5.299836176492038 -5.712989038170505 -6.029127487143732 -5.771442517119089 -5.6377034055979856 -5.519572291073623 -5.569456673631838 -5.434493405483539 -5.200067411375608 -4.97053804377646 -4.662968691193601 -4.376822079586662 -4.139641733067542 -3.5869350158887925 -3.196123012656642 -2.3379892169926255 -1.1621867765713874 0.018512290358632555
0.9286727426784562 0.5243950165471563 0.12991054343341935 0.1727560253852607 0.0919616879903602 -0.21774993869009096 -0.5801003003399468 -0.45890879424759623 0.019430407829029495 0.5097051370208106 0.4472731490338422 0.30680117606316326 -0.08003231813060152 -0.27344906522748413 -0.6094800593926377 -1.4795493821718102 -2.0322560993505596 -0.683541535337963 -2.9451709040815732 -3.6141725008438916 -3.5281754977834106 -3.805753012999981 -5.327991778917534 -5.9648592642159715 -6.47747485185407 -6.815342080960017 -6.720775981509167 -6.432487095804636 -6.164090755292032 -6.0918655142875 -6.012601372676594 -5.828977878597275 -5.593633767018948 -5.333806522896712 -5.023482817902663 -4.6201232092417595 -4.398550859719382 -3.8241153624079125 -3.271408645229163 -2.410214457997158 -2.2957558133543823 -1.2031960235824353
0.5265372906447481 -0.0029104506172878963 -0.434425661703687 -0.33985956225283775 -0.26059542064193186 -0.3184368212769173 -0.3086435682593538 -0.1816373181878248 0.04697393194092703 0.4316651520371 0.08890129642237143 -0.1981634326549635 -0.6914985534147333 -1.2772574995277606 -1.6288964906896561 -1.9190216113349798 -2.7489998045735007 -2.9451709040815732 -3.9168452269179688 -4.371007335607484 -4.6785766881903434 -5.274434926477733 -6.260799128840473 -6.586730830831264 -6.912050454508457 -6.898278692452509 -6.822380981566391 -6.653141327856618 -6.401271101811153 -6.370055107817668 -6.133792878768945 -5.990260514230277 -5.7304332701080405 -5.460812772968241 -5.302590528903228 -4.9843098058324085 -4.740090558706915 -4.3553993386107415 -3.838805241934258 -4.00284222997845 -4.082106371589356 -4.988288314870794
-0.41881766470694504 -0.9393902704218138 -0.9764210083944764 -0.6866019269059516 -0.3622004206991549 -0.1495032067239439 -0.22662507423725797 -0.4090244116893813 -0.31262207729773905 -0.08186855307139496 -0.5244011738025534 -1.0088611590151562 -1.6885741262654346 -2.3330925904838438 -2.744103178064719 -3.0712590366827053 -3.6395737508581973 -4.251039986142329 -4.519436326654933 -4.61216619116499 -5.053780694425751 -5.787968631586228 -6.476556734383673 -6.788104596004917 -6.953059701519505 -6.834928586995144 -6.719551824881972 -6.580916086852086 -6.411982472299113 -6.449319249428574 -6.172965890839199 -5.980467261212714 -5.782153887607049 -5.674734143570648 -5.5507882850671075 -5.459894655497845 -5.356453420499829 -5.29402143251286 -5.697381041173763 -6.384744987344014 -7.408139927679417 -8.685547368157879
-1.0917977705076485 -1.477407108074218 -1.2576709934926331 -0.7842284179247894 -0.4246324086861233 -0.29885031524178984 -0.5479661888760659 -0.8836911438844204 -1.0076370023879606 -0.9403083878922105 -1.3494827405322924 -2.3309503163862515 -3.0868670336794475 -3.5214426363338354 -3.7742309798496976 -4.027325362522359 -4.3428517331819885 -4.553712712216406 -4.603597094774621 -4.78997494126513 -5.173748043890907 -5.699217276114557 -6.239376387864553 -6.610295845904777 -6.793001222513699 -6.776475108046561 -6.694456614024465 -6.584894595890471 -6.454215875937356 -6.332106252374609 -6.113288255263421 -5.886819279232261 -5.776339143627871 -5.8084732550917515 -5.928746643713705 -6.079011869701947 -6.407085845790331 -6.967749581045851 -7.775386915838055 -8.788988603155895 -9.74995155550433 -10.34580979379172
