static/data/ASCData/20210121/ASCU/09.asc
ncols 97
nrows 97
xllcorner 99.0
yllcorner 2.0
cellsize 0.25
NODATA_value -32767
[rows 38 to 56 of 97, columns 0 to 42 of 97]
-1.4462297375631152 -2.5839496381046363 -0.9874175533629794 -0.4590051176674139 -0.4510682468828473 0.004996558968784814 0.8954524081449633 1.3777699404378536 0.44030339507616567 0.0733757534204349 -0.4648051386253662 -1.9032103361975818 -1.34366094588564 -0.6494900164970112 -0.5362369756864653 -0.6925322772902374 -0.8427222936751122 -0.9736806616204603 -0.8995014462108575 -0.8799645335103861 -0.8311222517592072 -0.9190383589113291 -0.8387538582828289 -0.5606581165620548 -0.34361522703025393 -0.43366818400898977 -0.6983322982481899 -1.2450605896004476 -1.9062629788070304 -2.3907173609265353 -2.527475749829836 -2.190464005746702 -1.6397672790021611 -1.3906716420711493 -0.8173853600166883 0.12099697812783416 0.598735546506552 1.1396638169008573 2.0234038523362488 2.2569310119590718 1.9403719733592446 1.4501175702817872 0.9620000170309444
-1.0606809759897475 -2.6523288325562864 -0.9550595417028234 -0.28714133875545333 -0.28622554597261884 -0.19342521064537932 0.5633248922369472 0.7449571274991436 0.04895461254484568 -0.08291954818333691 -0.49136312932756976 -1.57321967011618 -1.4776719564404366 -0.8915645754262911 -0.7694588710483441 -0.8360064799343252 -0.9199541516941636 -1.0194703007621906 -0.9648279980530592 -0.9413226499603045 -0.8759960981181028 -0.794795804706768 -0.730385045647401 -0.5313527475113473 -0.3301835995486797 -0.3378152060723014 -0.4003943795659992 -0.5109000420280414 -0.9901649317114831 -1.2871870576108393 -1.2246078841171415 -1.1455444405324207 -1.886726066106559 -1.9386209904671863 -1.4044085338136685 -0.43061554139954117 -0.15831982063671957 0.10634429360248054 1.2538326504942376 2.2605941830904106 1.9959300688512105 1.6366340337191012 1.1756849996923515
-0.7676272854826749 -2.536023149136292 -1.1669129387985615 -0.4452682259248948 -0.15923561341955406 -0.06460369252664488 -0.06643527809231431 -0.03529832347593764 -0.4510682468828473 -0.48831048671812116 -0.9581121843122722 -1.4599666293056344 -1.41204014033729 -1.3067239703113107 -1.1815656233239151 -0.9764280399689642 -1.0411440632892761 -1.0985337443469112 -1.0478598770300631 -0.9248383798692816 -0.8253222308012549 -0.6974165054653554 -0.5136474203765451 -0.3164467078061608 -0.17480409072774217 -0.14153028628475184 0.16800767431334407 0.18052350901208358 -0.13267762271735029 0.14541811900342383 0.3279661470484543 0.29774498521491255 -0.4608367032330831 -2.1349059102547363 -1.8418522197476634 -1.0585441261631334 -1.0606809759897475 -0.8009010899256654 0.47937722047710896 1.6259497845860311 2.288067966575449 1.936403537966961 1.490107188465565
-0.749006165565038 -2.3907173609265353 -1.2618501239524154 -0.5927108639612657 -0.30759404423875947 -0.23921484978710916 -0.24318328517939247 -0.5380685612521345 -0.916901509084715 -0.7862484054003118 -1.4315770530377616 -1.7930099379964846 -1.6513673209180662 -1.546051150892087 -1.416924368512408 -1.2130078422012365 -1.1290601704413978 -1.1318075487899018 -1.0634283543382514 -0.7969326545333821 -0.6974165054653554 -0.5234158767267809 -0.33873099885513613 -0.08688798357562044 0.05658621906846717 0.24890270346373367 0.5779775767623008 0.5389037513613579 0.6063671530301735 0.912241942496931 1.0184739053057448 1.0010738424318872 0.21959733441302642 -1.4541666083476819 -2.1251374539045003 -1.3897558492883149 -1.5265142381916155 -1.3253450902289476 -0.1250460161937288 1.2684853350195913 1.9385403877935756 2.286236381009779 1.841771617074052
-0.9932175743209319 -2.3095170675152006 -1.485303562964058 -0.7715957208749582 -0.36528898955733946 -0.29690979510568916 -0.5731739512607943 -0.9083541097782588 -1.255744838733518 -1.039007213462662 -1.695325374494127 -1.920915663332384 -1.764620361728612 -1.644651507177279 -1.5155247247976003 -1.2969555139610751 -1.1824814161067496 -1.0625125615554167 -0.9541437489199889 -0.6620058511957507 -0.5331843330770165 -0.3768890314732445 -0.20319366699561492 0.04895461254484568 0.29591339964924357 0.5157036675295479 0.7733467037670163 0.8173047573430772 1.3084749532033686 1.161032315166998 1.0850215141917259 0.9794000799048015 0.19639725058121682 -1.00878605162912 -1.8955787296739601 -1.4150927829467386 -1.488356205573507 -1.432492845820596 -0.5789739722187468 0.8417258982186664 1.7910977497572045 2.138793742973408 2.2068676731641137
-1.1873656442818676 -2.040884517883717 -1.3946400774634324 -0.7081007545984257 -0.29507820954001995 -0.3924575087814328 -0.7392377092148021 -1.0869337024310062 -1.4471455303459497 -1.414176990163904 -1.8848944805408898 -2.0079159777016713 -1.667851591009089 -1.5567354000251572 -1.4804193347889405 -1.2578816885601318 -1.1073864079143123 -0.9834491179706961 -0.7978484473162166 -0.585079257437644 -0.42176287783214006 -0.2578359697047461 -0.09268800453357295 0.10939693621192959 0.3407872460081389 0.5389037513613579 0.7666308900262289 1.1219584897660546 2.0664461131294747 1.5145283293411542 -0.022477224516253447 -0.010877182600348423 0.5996513392893865 -0.16411984159467163 -1.2997028923095788 -1.1690497886251756 -1.3213766548366643 -1.3427451531028052 -0.6827638209400018 0.2461553251152302 1.2010219333507752 1.989214255110423 2.187636024724587
-1.1601971250577743 -1.7081464734538114 -1.3671662939783946 -0.6748269501554351 -0.3173625005889953 -0.4412997905326115 -0.6894796346807888 -1.0097018444119548 -1.410208554771621 -1.665104212660585 -1.997231728568601 -1.8271995352223098 -1.3973874558119364 -1.1131864288722648 -1.073196810688487 -1.0625125615554167 -0.9532279561371542 -0.8924803682091256 -0.6729953645897659 -0.550889660211819 -0.4599209104502484 -0.27737288240521774 -0.08780377635845493 0.1151969571698821 0.3682610294931772 0.6280409155572593 0.7089359447076493 1.0117580915649578 1.957161507711212 1.748055488963978 0.05261778367618408 -0.42969974861670646 0.36429259410089365 0.9540631462463778 0.2635553879890873 -0.6855111992885055 -1.2499448177755654 -1.3515978166702063 -1.2264394696828107 -0.4043628149582825 0.3963453415001048 1.3231276377287222 2.1961834240310436
-1.1553128968826565 -1.6641884198777506 -1.534145844715237 -0.7041323192061424 -0.34361522703025393 -0.3973417369565506 -0.4620577602768625 -0.5020473784606401 -0.6229320257948077 -1.276502808477769 -2.0860636285035574 -1.8320837633974276 -1.1571444824483257 -0.6925322772902374 -0.6024793203115015 -0.712069189990709 -0.8143327174072394 -0.8302064589763727 -0.6739111573726004 -0.6131635694445718 -0.42664710600725786 -0.28042552501466633 -0.16411984159467163 0.01751239366752433 0.3017134206071961 0.5282195022282874 0.5193668386608863 1.0303792114825945 1.2001061405679407 1.2510852721457337 0.8252416281276438 0.3945137559344354 0.6454409784311168 1.1659165433421155 0.902473486146695 -0.02919303825704045 -1.0811336814730537 -1.8583364898386863 -1.7579045479878248 -0.8808803262932206 -0.2041094597784494 0.7586940192416627 1.914119246917986
-1.1376075697478543 -1.5713880845505108 -1.6690726480528686 -0.8915645754262911 -0.5496686031680396 -0.562489702127724 -0.4550366822751306 -0.0069087472080648915 0.5535564358867116 -0.0069087472080648915 -1.5655880635925583 -1.5118615536662618 -0.9706280190110117 -0.6259846684042563 -0.5402054110787486 -0.5655423447371726 -0.6806269711133877 -0.7023007336404732 -0.4580893248845792 -0.4599209104502484 -0.21387791612868545 -0.2587517624875808 -0.3097308940653736 -0.0508668007841262 0.35147149514120946 0.37680842879963317 0.1951761935374372 1.1863692488254216 0.99496855721299 0.9522315606807084 1.4647702548071408 1.414096387490293 1.1268427179411726 0.9598631672043303 0.5526406431038771 -0.08780377635845493 -1.046028291464394 -2.2957801757726815 -2.6044023435879424 -1.9453368042079735 -1.2539132531678487 -0.08291954818333691 1.4061595167057264
-1.5948934326432656 -1.5234615955821666 -1.414176990163904 -0.9715438117938462 -0.9550595417028234 -0.9278910224787302 -0.5594370595182752 -0.05849840730774769 0.5596617211056087 0.1854077371872016 -0.8955330108185744 -0.8692802843773157 -0.47671044480221614 -0.6952796556387413 -0.8222695881918061 -0.810669546275901 -0.8009010899256654 -0.788079990965981 -0.48525784410867234 -0.40711019330678644 -0.22547795804459003 -0.28134131779750104 -0.2560043841390769 0.15121813996137634 0.6249882729478107 0.42473491776797756 -0.13573026532679933 0.6991674883574133 0.739157106541191 0.9531473534635428 1.2413168157954981 0.9940527644301551 0.7266412718424515 0.9598631672043303 1.0087054489555087 -0.12016178801861077 -1.6855569181438912 -2.8486137523438364 -3.2833100599293275 -2.671865745256758 -1.6873885037095606 -0.4434366403592256 1.0575477307066876
-2.1709270930462305 -1.5265142381916155 -1.276502808477769 -1.161112917840609 -1.1202075068739967 -1.0127544870214034 -0.6513216020626804 -0.36040476138222166 0.0019439163593362174 -0.35246789059765504 -0.8897329898606219 -0.8378380654999944 -0.4376366194012731 -0.5997319419629976 -0.8662276417678669 -0.8848487616855039 -0.7978484473162166 -0.8213537954089716 -0.5643212876933932 -0.20899368795356743 -0.13267762271735029 -0.35155209781482055 -0.29874138067135836 0.23638686876499415 0.6826832182663907 0.3230819188733367 -0.21387791612868545 0.05261778367618408 0.3181976906982187 0.6426936000826129 0.6552094347813524 0.5126510249200993 0.48426144865222653 0.7196201938407194 0.4598403077766373 -1.1162390714817134 -3.3907630797819213 -3.8398068076318213 -3.8575121347666235 -2.92096138218777 -1.8848944805408898 -0.6943638628559066 0.6991674883574133
-2.4795492608614915 -1.8009468087810512 -1.4617982148713033 -1.2606290669086357 -1.0789968316464396 -0.9571963915294375 -0.13664605810963382 0.27240805155648884 -0.22059372986947245 -0.8280696091497586 -1.179734037758246 -1.0909021378232895 -0.6778795927648837 -0.5536370385603226 -0.8155537744510191 -0.9981018024960497 -0.9941333671037664 -1.00878605162912 -0.7587746219152736 -0.04872995095751209 0.2137973134550739 0.003775501925005198 -0.23341482882915687 0.2772922797316064 0.33987145322530443 0.09260740185996186 -0.23341482882915687 -0.39856279400033 -0.07223529905026682 0.21776574884735744 0.2519553460731827 0.37100840784168065 0.3319345824407378 -0.3759732386904098 -0.8701960771601502 -2.229537831147645 -4.230545061641251 -4.235429289816369 -3.500963477983018 -2.6639288744721914 -1.856504904273017 -0.6787953855477185 0.42687176759459167
-2.3330224156079553 -2.036000289708599 -1.8369679915725454 -1.5399458656731895 -1.361366273020442 0.1280180561295663 0.9940527644301551 1.5291810138665078 0.23547107598215966 -0.9776490970127436 -1.0634283543382514 -1.0048176162368367 -0.8671434345507016 -0.7480903727822033 -0.9013330317765267 -1.0771652460807704 -1.1717971669736793 -1.1464602333152554 -1.1095232577409264 0.06940731802815181 0.727557064625286 0.9549789390292123 0.6951990529651302 -0.3048466658902558 -0.2560043841390769 -0.020645638950584022 -0.19250941786254439 -0.7276376672988971 -0.28225711058033554 -0.09482485436018706 -0.2715728614472652 -0.15618297081010546 -0.5225000839439462 -1.230407905075094 -1.914199849591597 -2.922792967753439 -3.9774809893179564 -3.863312155724576 -2.9511825440213117 -2.4590965553781854 -1.661135777268302 -0.9834491179706961 0.12679699908578668
-1.7450834490281404 -1.969757945083563 -2.3369908510002384 -2.0048633350922227 -2.003947542309388 -0.5136474203765451 2.753901228777316 3.607420102379166 0.7510624127180408 -0.9083541097782588 -0.7978484473162166 -0.6739111573726004 -0.6620058511957507 -1.2011025360243865 -1.354650459279655 -1.1659971460157268 -1.2508606105584001 -1.2362079260330465 -1.4911035839220106 -0.08414060522711653 2.0282880805113663 2.276467924659544 0.9140735280626 -0.08688798357562044 -0.3857416950406456 -0.09482485436018706 -0.4376366194012731 -1.0713652251228178 -0.3378152060723014 -0.16503563437750657 -0.41809970670080165 -0.9150699235190458 -1.2813870366528868 -2.0146317914424583 -2.7539818314509272 -3.054667128481622 -3.526300411641442 -3.6133007260107295 -2.5146546508701513 -2.170011300263396 -1.7997257517372718 -1.1211232996568314 0.057502011851302104
-0.7862484054003118 -2.09186364946151 -2.5946338872377064 -2.329053980215672 -2.422770108325746 -0.746258787216534 2.723680066943774 4.361422826912988 1.3799067902644677 -0.5118158348108759 -0.47457359497560203 -0.3048466658902558 -0.5789739722187468 -1.1983551576758829 -1.6132092882999576 -1.361366273020442 -1.2774186012606035 -1.2285763195094246 -1.6797568971859387 -0.4571735321017447 2.4092578781705605 3.3329875317897297 1.6961605646033506 0.12313382795444827 -0.2041094597784494 -0.2706570686644305 -0.8866803472511731 -1.3693031438050087 0.05261778367618408 0.21776574884735744 -0.6046161701381156 -1.1904182868913162 -1.978610608650964 -2.71399221326715 -3.005824846730443 -3.10534099579847 -3.3437523835964114 -3.7372380159543455 -2.5155704436529858 -1.8009468087810512 -1.416924368512408 -0.8436380864579469 0.40336641950183694
0.2745449013831025 -2.1318532676452877 -2.8916560131370628 -2.6202760851570757 -2.6727815380395925 -1.0341229852875442 2.125056851230889 3.679767732223099 2.5594478945554355 0.7303044429737899 0.542872186753641 1.0117580915649578 0.5965986966799379 -0.6397215601467754 -1.2423132112519437 -1.4013558912042197 -1.3320609039697349 -1.213923634984071 -1.5497143220234253 -1.0899863450404548 1.2400957587517185 2.77923816243574 2.4413106255697716 0.9354420263287406 0.01659660088468984 -0.3720048032981267 -1.3622820658032766 -1.485303562964058 0.41893489681002505 0.7364097281926871 -0.3231625215469478 -1.451113965738233 -2.4307069791103126 -3.16303594111705 -3.2118782228682283 -2.71399221326715 -2.8916560131370628 -3.310478579153421 -2.2237378101896925 -1.2539132531678487 -0.8897329898606219 -0.5518054529946534 0.17075505266184754
0.15335498978799045 -1.939536783250021 -2.8299926324261993 -2.9502667512384773 -3.025361759430915 -1.463019271915083 1.5291810138665078 3.4022825190242143 3.5576620278451525 2.789006618785976 2.8995122812480183 3.5887989824615287 3.072291852942813 1.4376017355830477 0.0770389245517733 -0.6708585147631518 -1.3925032276368186 -1.6846411253610567 -1.255744838733518 -1.3174082194443812 -0.2627201978798641 1.736455447048073 2.6211112752662986 2.1970992168138777 1.0135896771306268 -0.5927108639612657 -2.05675825945285 -1.6278619728253112 0.6573462846079665 1.1561480869918799 0.3270503542656198 -0.9199541516941636 -2.2539589720232347 -3.0995409748405174 -2.8241926114682467 -2.209085125664339 -1.875126024190654 -1.6367146363927125 -1.211786785157457 -0.8595118280270799 -0.8759960981181028 -1.2392605686424951 -0.776479949050076
0.1951761935374372 -1.5576511928079917 -2.6709499524739235 -3.0204775312557968 -3.1993623881694893 -2.070189886934424 0.414050668634907 2.1326884577545107 2.4541317245294563 2.534110960897012 2.535026753679846 3.789052337641362 4.508865464949359 3.543925136102633 2.44619485374489 1.487359810117061 -0.14366713611136595 -1.4404297166051627 -1.4453139447802807 -1.5292616165401192 -1.0567125405974642 0.5584406640618296 1.9119823970913714 2.212972958383011 1.1414954024665263 -0.8085326964492872 -2.180695549396466 -1.2090394068089532 0.5926302612876544 1.0224423406980279 0.43175599576970924 -0.3848259022578111 -0.9687964334453425 -1.420892803904691 -1.5829881264664158 -1.5594827783736611 -0.7334376882568496 -0.41413127130851835 -1.027407171546757 -1.2206394487248582 -1.344882002929419 -1.7246307435448345 -1.2285763195094246
0.19029196536231918 -1.6434304501334995 -2.8437295241687184 -3.425868469790581 -3.4170158062231795 -2.2597589929811868 -0.41901549948363614 0.9940527644301551 1.2666537494539218 1.5352862990854055 1.540170527260523 2.8241120087946356 4.095537655630009 5.196320580597201 4.967677649149495 4.235348687142758 2.3204259782356047 0.2528711388560172 -1.3076397630941452 -1.9111472069821485 -1.3183240122272157 -0.12596180897656328 0.8066205082100066 1.1503480660339274 0.6640620983487535 -0.8378380654999944 -1.3164924266615465 -0.5771423866530776 0.5859144475468674 0.6729147619161546 0.22661841241475855 0.010796579926737326 -0.149467157069318 -0.0575826145249132 -0.34178364146458473 -0.6925322772902374 0.3270503542656198 0.49219831943679315 -1.206902556982339 -1.5350616374980717 -1.6043566247325565 -1.9551052605582093 -1.6641884198777506
