static/data/ASCData/20210121/ASCU/15.asc
ncols 97
nrows 97
xllcorner 99.0
yllcorner 2.0
cellsize 0.25
NODATA_value -32767
[rows 19 to 37 of 97, columns 0 to 42 of 97]
-1.0569267867276644 -1.4076676884966204 -1.2238690828561416 -0.28445398736036065 0.1891434779672223 0.6403739172115728 0.933414374881754 -0.35090674601344407 0.8562643428845158 0.9078057508154438 -0.07828835563664915 -0.2757016728060524 0.30551684555969505 -0.3723012927017537 -0.4964544954536114 -0.8860945730194942 -1.27962456816507 -1.725020131039881 -1.8323170242797373 -1.5042673083923217 -1.9856446088792903 -1.3295451771044593 -0.8546510725836451 -0.09028226817403473 0.6432913553963422 0.9645337155192952 0.8659891368337478 0.6724657372440372 -0.054948850158492935 -0.8429813198445673 -1.1360217775147488 -0.8705349027007236 -0.32853971993021114 0.13922286902783299 0.548636694290487 0.8941910392865196 1.181396620587162 1.3914521698905662 1.159029594503929 0.4157311769843206 -0.4037447931376028 -0.971996919571041 -1.2553125832919907
-1.27962456816507 -1.1937222216135233 -1.681906877864954 -0.5988889917188518 0.42545597093355214 0.9194755035545219 0.7311386607377348 -0.7522165763184048 0.9946805767619136 1.4079843196042603 0.264348551174614 -0.14474111428973213 0.5240005496191 0.4001715066655498 -0.031609344680336715 -0.8021371852577941 -1.0238624873002766 -1.4945425144430902 -2.091969022724223 -2.168146575326538 -2.05404232632222 -1.6183715573966402 -1.0138135335527372 -0.44069901014468327 0.16288653430429667 0.5210831114343306 0.600178102221415 0.2886605360476935 -0.5207664803266905 -1.0919360449448983 -1.3606645177420005 -1.2160892476967562 -0.6954886116145533 -0.5071517687977662 -0.04716901499910753 0.5094133586952525 0.7703619963329693 0.6079579373808004 0.14927182277537243 -0.7512440969234817 -1.5091297053669377 -2.0287578620542175 -2.143834590453459
-1.6507875372274126 -1.2825420063498394 -1.1681135975472132 -0.4008273549528334 -0.08217827321634186 0.25656871601522857 0.25948615419999843 -0.38980592181037066 1.056270938440381 1.42937886629257 -0.16321822279327236 -0.6095862650630068 0.8121786103146658 0.7466983310565056 0.1774737252281442 -0.5998614711137751 -0.9622721256218092 -1.385948982010003 -1.8871000301937424 -1.8968248241429742 -1.6848243160497234 -1.4251723176052373 -1.0695690188616656 -0.7288770708402488 -0.3460443490388281 -0.04230661802449154 0.14829934338044914 -0.1664598207763497 -0.8517336343988757 -1.1690860769421363 -1.2121993301170635 -1.6566224135969514 -1.4955149938380132 -1.2611474596615297 -0.7483266587387121 -0.1732671765408118 -0.050086453183876944 -0.3107109310232863 -0.8899844905991869 -1.6916316718141857 -2.3412479076228623 -2.7513100524821317 -2.843047275403217
-1.582389819784483 -1.4838452410989353 -0.6867362970602449 0.028036058208284143 -0.041334138629568695 -0.1311264027608079 -0.28153654917559123 -0.32756724053528785 0.22642185477261068 1.3473664373207161 -0.564852212896541 -0.28445398736036065 0.8423254715572841 1.0533535002556116 0.44101564125232295 -0.49548201605868814 -0.9758868371507337 -1.220951644671372 -1.6261513925560256 -1.5716925464403282 -1.405722729706774 -1.3947012965643115 -1.2562850626869138 -0.9865841104948885 -0.8734523408854931 -0.5392435888302309 -0.39466831878498665 -0.6232009765919311 -1.0637341424921265 -1.2679548154259919 -1.4896801174684742 -1.8002252042472726 -2.0355652178186796 -1.550946319348634 -1.0079786571831981 -0.9230487900265747 -0.9749143577558104 -1.3019915942483027 -1.7901762504997334 -2.405431547687791 -2.7513100524821317 -3.1127482275952425 -3.1642896355261705
-1.2728172124006076 -1.4076676884966204 -0.5052068100079201 0.24878888085584316 0.18039116341291406 -0.3839710454408318 -0.5353536712505382 -0.9104065578925735 -0.6027789092985445 0.9048883126306744 -0.6838188588754752 0.12171823991921604 0.9946805767619136 1.205708605460241 0.48801881200694286 -0.4513962834888381 -0.9642170844116555 -1.1651961593624438 -1.6857967954446464 -1.5207994581060156 -1.320468702751843 -1.3616369971369238 -1.2219241240662952 -1.3175512645670735 -1.2053919743526014 -0.8627550675413382 -0.7541615351082511 -1.0031162602085824 -1.3010191148533796 -1.7308550074094202 -2.3059144896073205 -2.6164595763861187 -2.088079105144531 -1.6028118870778696 -1.374279229270925 -1.4945425144430902 -1.7376623631738823 -2.0569597645069893 -2.469939347551028 -2.7415852585328997 -3.0871396035289322 -3.263806693606641 -3.315672261335877
-0.8929019287839566 -1.0099236159730445 0.006641511519974497 0.7732794345177387 0.02609109941843757 -0.5392435888302309 -0.6449196830785486 -1.071513977651512 -0.9904740280745812 0.06012787824074861 -0.647837121263318 0.9353593336716002 1.4604982069301116 0.47537657987294146 -0.24458233216851077 -0.14085119671003943 -0.7638863290574829 -1.263092418451376 -2.012874031937139 -1.7454421983332677 -1.2543401038970674 -1.1946947010084465 -1.2640648978462992 -1.3596920383470774 -1.1155997102213622 -0.7804184787711768 -0.7084550035468622 -1.1849699070592148 -1.983699650089444 -2.8997752401070684 -3.309837384966338 -2.7970165840435204 -2.26896027260024 -1.8284271067000446 -1.659539851781721 -1.8929349065632814 -2.1957001581826945 -2.5538967353127284 -2.97789775149923 -3.220045120835099 -3.151647403392169 -3.328314493469878 -2.9338120189293795
-0.1664598207763497 -0.7933848707034856 0.5278904671987927 1.1891764557465474 -0.0021108030343341966 -1.243318670754605 -1.1389392156995182 -0.9612996462268861 -1.0929085243398216 -0.5609622953168483 0.16385901369921996 1.2173783581993192 0.548636694290487 -0.20146907899358357 -0.0491139737889541 0.22220777739461006 -0.29709621949436205 -1.2102543713272171 -2.0167639495168315 -1.895852344748051 -1.2277590004358343 -1.1927497422186002 -1.1564438448081351 -1.1593612829929048 -0.9797767547304261 -0.4964544954536114 -0.37716368967636926 -1.2611474596615297 -3.3539231175361883 -3.8712821556353143 -3.510168140320511 -3.033653236808158 -2.540282023783804 -2.074464393615606 -1.9250267265957461 -2.120495084975303 -2.487443976659645 -3.0012372569773857 -3.5432324397478983 -3.6800278746337574 -3.386014937568653 -2.639799081864275 -1.9875895676691364
0.5240005496191 -0.38105360725606197 1.0212616802231471 1.3716784221937952 -0.26889431704158984 -1.7152953370906494 -1.7610018686520383 -1.3382974916587678 -1.1515814478335193 -0.5716595686610031 0.6306491232623408 0.11685584294460005 -0.3761912102814464 -0.3136283692080557 -0.09903458272834342 0.12171823991921604 0.015393826074282746 -0.4906196190840726 -1.251422665712298 -1.3966462553541579 -1.4935700350481669 -1.3049090324330723 -1.326303579121382 -1.3136613469873808 -1.1078198750619768 -0.7395743441844036 -0.6721491061363973 -1.5989219694981769 -3.6810003540286806 -4.050218364301177 -3.670303080684526 -3.303030029201876 -2.823597687504754 -2.3684773306807108 -2.3117493659768593 -2.4777191827104135 -2.808038017185983 -3.4083819636518857 -3.8605848822911595 -3.6586333279454477 -2.765897243405979 -2.0637671202714514 -1.8614914061274324
0.3239939540632353 -0.01021479799202707 1.0037570511145297 1.134393449832542 0.05526548126613262 -1.1544988860182888 -1.7211302134601882 -1.6896867130243391 -1.252395145107221 -0.943795017118269 0.7956464606009717 -0.7347119472097878 -1.286431923929532 -0.8167243761816416 -0.42416686043098917 -0.20633147596819956 0.25365127783045915 0.2095655452606091 -0.4582036392533002 -1.0138135335527372 -0.7444367411590194 -0.3136283692080557 -0.7512440969234817 -1.14866400964875 -0.9279111870011907 -0.693543652824707 -0.7551340145031744 -1.4689338903767801 -3.49039439262374 -3.9620468991614763 -3.7140646534560684 -3.324424575890186 -2.86541430148645 -2.5004103685919543 -2.467994388761182 -2.572698003614576 -2.8673592602762965 -3.3253970552851086 -3.3889323757534227 -2.5256948328599567 -1.6614848105715674 -1.250450186317375 -1.3703893116912322
-0.9006817639433418 -0.8656725057261079 0.0649902752153646 0.3259389128530814 0.0837915435172123 -0.19660668201896803 -0.8332565258953355 -1.4935700350481669 -1.097122601717822 -1.0462295133835093 0.5962881846417223 -0.8439537992394903 -1.1049024368772074 -0.7103999623367085 -0.4523687628837614 -0.37910864846621584 -0.1810470117001972 0.5259455084089466 0.045540687316901085 -0.3606315399626756 -0.3998548755579101 -0.5629072541066946 -0.9836666723101188 -0.919158872446882 -0.54507846519977 -0.7084550035468622 -0.8050546234425637 -1.890017468378512 -3.3714277466448053 -3.7338384011528394 -3.444687861062351 -3.044350510152313 -2.712086716886897 -2.463131991786566 -2.3791746040248656 -2.5159700389107247 -2.771732119775518 -2.9056101164766077 -2.6145146175962726 -1.847876694598508 -1.5324692108450937 -1.6232339543712562 -1.53441416963494
-1.4044260905135433 -1.4601815758224714 -0.594026594744236 -0.2698667964365131 -0.06759108229249433 -0.03744422104987599 0.197895792521531 0.020256223048898736 -1.4475393436884703 -1.3480222856079993 0.5923982670620296 -0.3888334424154474 -0.8734523408854931 -1.0365047194342778 -0.9337460633707295 -0.6818739000856289 -0.16030078460850294 0.3035718867698485 0.5554440500549491 -0.24944472914312676 -0.5372986300403846 -0.9337460633707295 -1.2611474596615297 -0.8967918463636493 -0.07050852047726375 -0.2121663523377384 -0.2990411782842082 -1.0316423224596618 -2.729915505793822 -3.522810372454512 -3.3224796171003392 -2.843047275403217 -2.4553521566271805 -2.2767401077596254 -2.249186524903469 -2.3302264744803995 -2.262152916835778 -2.073491914220683 -1.5784999022047903 -1.14866400964875 -1.4397595085290849 -1.535386649029863 -1.0773488540210507
-1.4086401678915437 -0.8497886756090294 -0.47992234573991777 -0.7531890557133281 -0.6410297654988559 -0.3411819520642121 -0.030636865285413872 -0.11459425304711379 -1.505239787787245 -1.3908113789846188 0.5350219827615628 -0.5580448571320789 -1.1839974276642917 -1.3616369971369238 -1.3058815118279954 -0.9865841104948885 -0.13209888215573118 0.3191315570886193 0.44393307943709237 -0.4436164483294527 -0.7885224737288699 -0.9288836663961137 -1.2543401038970674 -1.103929957482284 -0.5285463154860759 -0.06078372652803177 0.34830593893631434 -0.05203141197372352 -1.7279375692246506 -2.695554567173203 -3.149702444602323 -2.7260255882141293 -2.356807577941633 -2.1584217813773066 -2.102990455866686 -2.090024063934377 -1.6624572899664907 -0.9924189868644275 -0.46890091259745503 -0.5217389597216138 -0.967134522596425 -1.6410627432781808 -1.325331099726459
-0.847843716819183 0.12366319870906217 -0.37910864846621584 -0.6740940649262437 -1.0238624873002766 -0.7279045914453255 -0.2737567140162058 -0.2825090285705145 -1.3136613469873808 -1.2472085883342976 0.05623796066105591 -0.97783179594058 -1.4368420703443154 -1.5940595725235611 -1.540249046004479 -0.9386084603453455 -0.12529152639126862 0.2876880566527702 0.13338799265829415 -0.511041686377459 -0.7775010405864071 -0.9181863930519589 -1.0961501223228987 -0.949629893487808 -1.0608167043073569 -0.7201247562859403 0.7525332074260445 0.8316281982131288 -0.28542646675528394 -1.4135025648661594 -2.0764093524054528 -2.7415852585328997 -2.376257165840096 -2.1642566577468454 -2.088079105144531 -1.7687817038114235 -1.2394287531749122 -0.3557691429880596 0.36678304743985457 0.36678304743985457 -0.42902925740560516 -1.1107373132467462 -2.0909965433293003
-0.506179289402843 0.6607959845049591 -0.05592132955341622 -0.546050944594693 -0.8967918463636493 -1.0147860129476602 -0.5619347747117716 -0.10681441788772839 -0.7162348387062476 -0.4543137216736075 -0.671176626741474 -1.535386649029863 -1.3723342704810786 -1.5246893756857083 -1.451429261268163 -0.8536785931887221 -0.8157518967867186 -0.5168765627469982 -0.6371398479191632 -0.41735950466652705 -0.5697146098711567 -0.8536785931887221 -1.032614801854585 -0.9428225377233459 -1.050119430963202 -1.1535264066233657 0.26240359238476785 0.855291863489593 0.6316216026572641 -0.2620869612771277 -1.3126888675924575 -1.9817546912995976 -2.445627362677949 -2.235571813374545 -1.996341882223445 -1.5383040872146327 -0.9992263426288897 -0.12431904699634577 0.619951849918186 0.9713410712837578 0.1774737252281442 -0.8860945730194942 -1.8705678804800487
-0.6915986940348606 0.5103858380901758 0.43615324427770696 -0.0286919064955673 -1.0676240600718192 -1.185942386454138 -0.8322840465004124 -0.4231943810360663 0.12852559568367816 0.44587803822693894 -0.5431335064099236 -1.2679548154259919 -1.050119430963202 -0.7745836024016377 -0.7013234879840924 -1.2825420063498394 -1.528579293265401 -1.788231291709887 -1.7269650898297275 -0.7580514526879438 -0.4076347107172955 -0.8215867731562574 -1.381086585035387 -1.2912943209041479 -0.7142898799164012 -0.8870670524144175 -0.6925711734297837 -0.20535899657327628 -0.10097954151818955 0.16288653430429667 -0.9807492341253494 -1.522744416895862 -1.9875895676691364 -2.258262999256085 -2.027785382659294 -1.4553191788478557 -0.9386084603453455 -0.21313883173266168 0.4137862181944745 0.874741451388056 0.7868941460466634 -0.2795915903857451 -1.4485118230833935
-0.8527061137937988 0.4546303527812472 1.0533535002556116 0.21442794223522466 -1.04331207519874 -1.6955215893938784 -1.3126888675924575 -0.4779773869500712 0.6646859020846518 0.38169439816200956 -0.10292450030803613 -0.593054115349313 -0.19757916141389087 0.1003236932309064 -0.4591761186482235 -1.1898323040338306 -1.8293995860949677 -2.4329851305439476 -2.37431220705025 -1.14866400964875 -0.713317400521478 -1.7775340183657322 -2.1379997140839198 -1.8002252042472726 -1.1350492981198255 -0.9467124553030386 -1.3664993941115395 -1.4407319879240081 -1.4105851266813898 -0.6964610910094764 -0.4504238040939148 -0.9525473316725774 -1.5629402318860195 -1.9584151858214414 -2.0705744760359135 -1.5470564017689412 -1.072486457046435 -0.5304912742759225 0.05526548126613262 0.49190872958663556 0.5094133586952525 0.1473268639855263 -0.8734523408854931
-0.5969440329290057 0.6893220467560388 1.4099292783941064 0.4196210945640133 -0.9807492341253494 -1.77072666260127 -1.385948982010003 -0.029664385890490585 0.3201040364835426 -0.20535899657327628 -0.49937193363838084 0.5914257876671063 1.0601608560200737 0.6578785463201897 -0.2513896879329729 -1.0238624873002766 -1.611564201632178 -2.445627362677949 -2.3772296452350195 -1.4329521527646227 -0.8050546234425637 -1.8089775188015813 -2.425205295384562 -2.4112664240573305 -2.364587413101018 -2.2482140455085458 -1.913356973856668 -1.795362807272657 -1.660512331176644 -1.1878873452439842 -0.5363261506454613 -0.17521213533065794 -0.7629138496625596 -1.516909540526323 -1.8118949569863507 -1.7081638215278794 -1.2533676245021443 -0.7943573500984087 -0.4037447931376028 0.013448867284436616 0.19497835433676158 -0.0021108030343341966 -0.5823568420051579
-0.08217827321634186 1.1784791824023926 1.7195018857779822 0.6783006136135761 -0.8176968555765649 -1.6974665481837246 -1.3849765026150798 -0.1693772589611191 0.5428018179209482 -0.47279083017714774 -1.4135025648661594 0.19984075131137713 1.2420145028707061 1.0105644068789918 0.2604586335949213 -0.4877021808993032 -1.3723342704810786 -2.2650703550205473 -2.423260336594716 -1.6857967954446464 -1.0190000903256606 -2.2180671842659274 -2.6008999060673483 -2.544171941363497 -2.754227490666901 -2.6498480356118144 -2.2991071338428584 -1.9036321799074365 -2.255021401273008 -2.2816025047342414 -1.2228966034612183 -0.18007453230527393 -0.004055761824180326 -0.57068708926608 -1.1583888035979815 -1.4105851266813898 -1.3985912141440042 -1.1282419423553633 -0.770693684821945 -0.40957966950714164 -0.142796155499886 -0.09806210333342014 -0.4513962834888381
0.06920435259336477 1.3318067670019453 1.9898511575666231 1.259519131979323 -0.8040821440476404 -1.9730023767452889 -1.3596920383470774 -0.21119387294281555 0.8465395489352843 -0.7042409261688618 -1.089991086155052 0.11588336354967721 1.2459044204503988 1.1129989031442324 0.30454436616477176 -0.5227114391165371 -1.3626094765318468 -2.1341097965042275 -2.376257165840096 -1.7081638215278794 -0.8575685107684148 -1.268927294820915 -1.7473871571231139 -2.15939426077223 -2.4777191827104135 -2.492630533432569 -2.765897243405979 -2.492630533432569 -2.4738292651307208 -2.5843677563536542 -1.8861275507988193 -0.8647000263311846 -0.23550585781589461 -0.309738451628363 -0.4455614071192988 -0.3184907661826717 -0.4552862010685308 -0.7833359169559462 -0.8060271028374868 -0.7201247562859403 -0.4582036392533002 -0.27764663159589853 -0.42416686043098917
