static/data/seaWater_uo/2023/7/2/0.asc
ncols 137
nrows 93
xllcorner 108.0
yllcorner 17.0
cellsize 0.25
NODATA_value -32767
[rows 0 to 25 of 93, columns 58 to 115 of 137]
-32767.0 -32767.0 -32767.0 -32767.0 -32767.0 -32767.0 -32767.0 -32767.0 -32767.0 -32767.0 -32767.0 -32767.0 -32767.0 -32767.0 -32767.0 -32767.0 -32767.0 -32767.0 -32767.0 -32767.0 -32767.0 -32767.0 0.03367363 0.039196007 -0.023741156 -0.09323323 0.003827774 -0.012111468 -0.17460419 -0.16129433 -0.14126982 -0.21250737 -0.19690946 -0.24782105 -0.24101129 -0.23240416 -0.100378074 -0.1332119 -0.15800402 -0.098952875 0.0370274 0.11114046 -0.09787355 -0.13709356 -0.009086014 0.09924678 0.20872834 0.10387024 0.094644904 0.14603952 0.21207784 0.25158605 0.22399789 0.15653346 0.1237171 0.12852395 0.15594801 0.18833582
-32767.0 -32767.0 -32767.0 -0.051719066 -0.045910314 -0.0758204 -0.07018841 -0.05922899 -0.03691468 -0.022112135 -32767.0 -32767.0 -32767.0 -32767.0 -32767.0 -32767.0 -32767.0 -32767.0 -32767.0 -32767.0 -32767.0 -0.12240363 -0.07718529 -0.23167907 -0.28330702 -0.19646484 -0.0658734 -0.09739946 -0.22557487 -0.17212184 -0.19687015 -0.17575672 -0.044891518 -0.16890396 -0.21832451 -0.17948492 -0.19009571 -0.36622584 -0.20268402 0.1105836 0.46021155 0.6431581 0.57748795 0.28069443 0.039950147 -0.11358199 -0.057956144 -0.01901158 0.047169693 0.005372918 0.022493413 0.022921953 0.02539451 -0.035669386 0.08329578 0.12934327 0.020071672 -0.010202372
-32767.0 -0.0341489 -32767.0 -0.039906308 -0.118688494 -0.03003868 -0.08254059 -0.07433062 -0.09897131 -0.050151106 -0.029031584 0.028430415 -32767.0 -32767.0 -32767.0 -32767.0 -32767.0 -32767.0 -32767.0 -32767.0 -32767.0 -0.06963987 -0.029367939 -0.26887318 -0.46644753 -0.3219276 -0.23333065 -0.20706336 -0.1091781 -0.012845182 0.026695564 0.03374094 0.09118018 -0.075601295 -0.20953687 -0.24376483 -0.34640816 -0.27694327 -0.12850907 -0.059254296 0.22143918 0.29821062 0.34792617 0.3879097 0.12312745 0.05510263 0.02868021 -0.08860814 -0.2611724 -0.25308558 -0.25950083 -0.22565581 -0.25261733 -0.12623782 -0.0864394 -0.08457645 0.038200334 0.13898146
-0.0015845089 -32767.0 -0.06134357 0.09907997 0.11851329 -0.021982832 -0.033673674 -0.05279168 -0.062145147 -0.067596056 -0.034654044 0.0046985047 -32767.0 -32767.0 -32767.0 -32767.0 -32767.0 -32767.0 -32767.0 -32767.0 -0.09131071 -0.1010139 -0.06831407 -0.24483053 -0.2377957 -0.13478726 -0.082128316 -0.007841041 0.17043579 0.26010558 0.26858604 0.25353533 0.15929125 0.090648696 -0.012093792 -0.19280697 -0.22886331 -0.12416511 -0.06586498 0.051507656 0.213564 0.03882736 -0.009272787 0.071137786 0.08252557 0.045125935 -0.21653299 -0.2060977 -0.117801175 -0.0070658866 0.028660268 -0.013449375 -0.04620509 -0.26051688 -0.3948537 -0.27970082 -0.16312204 0.09429477
0.08846258 -32767.0 0.026088523 0.0043015997 0.1849664 0.13580729 -0.06363965 0.084389634 -0.037062746 -0.009515629 -0.023185102 -32767.0 -32767.0 -32767.0 -32767.0 -32767.0 -32767.0 -32767.0 -32767.0 -32767.0 -32767.0 -32767.0 -0.1924168 -0.33511356 -0.23210748 -0.16293631 -0.1070947 0.07270789 -0.07074565 0.0011219373 0.19684415 0.21072806 0.12622277 0.092832185 0.2039974 0.15976118 -0.010825625 -0.048278533 0.3787773 0.6413365 0.24003425 -0.1016389 -0.037802506 -0.071684726 -0.057965003 -0.26745284 -0.41396245 -0.1516529 -0.12753314 -0.0063275304 0.10230887 0.23052579 0.15370876 -0.06354263 -0.5065883 -0.23652677 -0.23795053 -0.00020975433
0.025111657 0.04166911 0.12213482 0.18607746 0.1765129 0.08883022 0.03772051 0.042327985 -0.17239602 -0.046968736 -0.006084925 -32767.0 -32767.0 -32767.0 -32767.0 -32767.0 -32767.0 -32767.0 -32767.0 -32767.0 -32767.0 -32767.0 -32767.0 -0.10239112 -0.3174107 -0.45090294 -0.32059067 -0.31405076 -0.3573327 -0.15436341 -0.00022493117 0.0942483 0.18525486 0.10729137 0.17271349 0.1436086 -0.20474523 0.40759507 0.507406 0.22330272 -0.14693657 -0.24364065 -0.3152179 -0.2763155 -0.37440342 -0.30211487 -0.02931223 -0.064079285 0.0042349845 -0.05255185 -0.02450563 0.095354915 0.11403637 0.039031852 -0.15228124 0.06391537 -0.094069704 -0.10726733
-0.028174086 -0.06601939 -0.05653651 -0.028371641 -0.0035929694 -0.026127297 -0.039228976 -0.09164462 -0.053107135 0.03567265 0.009044713 -32767.0 -32767.0 -32767.0 -32767.0 -32767.0 -32767.0 -32767.0 -32767.0 -32767.0 -32767.0 -32767.0 -32767.0 -32767.0 -0.06841384 -0.24433526 -0.4345714 -0.54000527 -0.5526214 -0.30266836 -0.17027432 -0.06577052 0.061405238 0.09300707 0.07195448 -0.02609618 0.26563329 0.28057268 0.04105777 -0.14451581 -0.20776042 -0.49273798 -0.6026152 -0.52490014 -0.40732816 0.039380733 0.37822098 0.3558848 0.27484092 0.19974375 -0.053252123 -0.15459466 -0.0766938 0.18195783 0.059942044 0.22429232 -0.08082105 -0.16547863
-0.11121704 -0.2330542 -0.22049925 -0.20501493 -0.22028065 -0.15469374 -0.18071654 -0.12630123 -0.08631204 0.01774169 -32767.0 -32767.0 -32767.0 -32767.0 -32767.0 -32767.0 -32767.0 -32767.0 -32767.0 -32767.0 -32767.0 -32767.0 -32767.0 -32767.0 -32767.0 -0.32690668 -0.33268252 -0.6868323 -0.65000397 -0.33283266 -0.18383546 -0.15537377 -0.09579295 -0.035781406 0.040251367 0.086105295 0.23799327 0.061969932 -0.06787145 -0.0051832525 -0.14551027 -0.27849326 -0.47108096 -0.27934963 0.32265043 0.6522344 0.65009326 0.61876 0.4988835 0.21783563 -0.14245218 -0.2864191 -0.18171915 0.038569562 -0.0973257 0.002720818 -0.061206833 0.057660103
-0.15979967 -0.122684695 -0.1119483 -0.2004289 -0.12225093 -0.0632345 -0.19597876 -0.20757322 -0.13364834 -32767.0 -0.031041017 -32767.0 -32767.0 -32767.0 -32767.0 -32767.0 -32767.0 -32767.0 -32767.0 -32767.0 -32767.0 -32767.0 -32767.0 -32767.0 -32767.0 0.07697101 -0.21750177 -0.2493383 -0.3822852 -0.42221072 -0.05791431 -0.0837073 -0.13467339 -0.063830756 0.10470165 0.24013549 0.17085302 0.01119987 0.0029879995 0.013505232 -0.029964123 -0.09867581 -0.08984287 0.1854344 0.46463233 0.40049085 0.2081834 0.14129868 0.043567676 -0.033016577 -0.3659776 -0.2942735 -0.28570583 -0.30107406 -0.36196062 -0.20499468 -0.03766735 0.15581416
0.005178215 0.05635861 -0.07598392 -0.123342164 -0.104366586 -0.09860556 -0.14973815 -0.058942594 0.032950073 -0.23935911 -0.31814882 -0.06260303 0.07253899 0.025511563 -0.005105351 -0.01422117 -32767.0 -32767.0 -32767.0 -32767.0 -32767.0 -32767.0 -32767.0 -32767.0 -32767.0 -32767.0 0.014573766 -0.17733866 -0.23441875 -0.2777232 -0.08048322 0.0034878203 -0.08527002 -0.04364376 0.061570346 0.11541599 0.11894428 0.15109943 -0.16535649 -0.22152908 -0.12709123 -0.136967 -0.036288768 0.014083732 -0.11063598 -0.16069156 -0.09681208 -0.15647958 -0.18964651 -0.33311993 -0.38083386 -0.45601365 -0.52186835 -0.44579744 -0.2500847 -0.2239179 -0.02579912 0.28260368
0.050608367 0.039061576 -0.13652276 -0.12589218 -0.12352078 -0.16652684 -0.10946376 -0.06588833 0.01578624 0.044500902 -0.04425407 -0.035249677 -0.18442112 -0.18346083 -0.18626119 -0.099400155 -32767.0 -32767.0 -32767.0 -32767.0 -32767.0 -32767.0 -32767.0 -32767.0 -32767.0 -32767.0 -32767.0 -0.110926755 -0.22551121 -0.3059393 -0.12542002 0.13064203 0.13572402 0.099636234 0.13948074 0.22511332 0.21656486 0.15592816 -0.112616934 -0.42710724 -0.39177677 -0.24652119 -0.1479032 -0.21155328 -0.34680274 -0.13977313 -0.24790221 -0.33166158 -0.37526566 -0.33014116 -0.2960228 -0.47558317 -0.5276264 -0.33799857 -0.23744556 -0.046896353 0.03836131 0.2683089
-32767.0 -0.15396652 -0.10708252 -0.11706473 -0.14292629 -0.089745216 -0.002009713 0.0007819978 0.021895833 0.095274486 0.042334147 -0.07536374 -0.017855614 -0.082708694 -0.07502569 -0.059859216 0.007112991 0.028470457 -32767.0 -32767.0 -32767.0 -32767.0 -32767.0 -32767.0 -32767.0 -32767.0 -32767.0 -32767.0 -0.19528902 -0.19290873 -0.041678503 0.16255353 0.34301004 0.4256926 0.25080845 0.2656438 0.19903758 0.08122216 0.2095216 0.04983195 -0.06888851 -0.12048698 -0.22813581 -0.24699852 -0.32104665 -0.32507557 -0.3898828 -0.47139972 -0.47896057 -0.4228074 -0.30759487 -0.32142162 -0.2888666 -0.17167708 -0.045886997 0.1688771 0.1616373 -32767.0
-32767.0 -0.16639641 -0.13335124 -0.14662649 -0.11979302 -0.0010975157 0.0372696 0.111580275 0.13195127 0.13153155 0.07978229 -0.13006508 0.011890285 0.06193323 0.0810234 0.03070148 -32767.0 -0.0045895274 -32767.0 -32767.0 -32767.0 -32767.0 -32767.0 -32767.0 -32767.0 -32767.0 -32767.0 -32767.0 -0.20059547 -0.03544145 -0.16179265 0.14901246 0.2335932 0.3090967 0.4503165 0.53318316 0.51433444 0.42265397 0.42667076 0.41313487 0.28973404 0.18850005 -0.011475482 -0.174171 -0.30945098 -0.38395792 -0.34848335 -0.30499238 -0.29943475 -0.3602323 -0.3744627 -0.36264125 -0.25260425 -0.12489258 -0.03727234 -0.00021126727 0.22718127 -32767.0
-0.020945694 0.04358591 -0.100619316 -0.06332068 -0.017631264 0.068074524 0.10343228 0.14070193 0.073494546 0.15646493 0.14922188 -0.03538896 0.13324386 0.10296131 0.037925843 -32767.0 -32767.0 -32767.0 -32767.0 -32767.0 -32767.0 -32767.0 -32767.0 -32767.0 -32767.0 -32767.0 -32767.0 -32767.0 -0.13087511 -0.04151796 0.28406233 0.0061475188 0.10810603 0.31992218 0.36813676 0.40053982 0.47578442 0.48699152 0.44694373 0.4713752 0.42790112 0.2970285 0.059273805 -0.14068519 -0.16771159 -0.17005989 -0.18912813 -0.18798906 -0.13542348 -0.1334229 -0.22876781 -0.20069154 -0.041101154 -0.012914101 -0.09041895 0.20252104 0.15003787 0.14302836
-0.069758505 -0.14781298 -0.16371904 -0.058589615 -0.014000196 0.031343065 0.1000672 0.08542985 0.10227126 0.19747001 0.27330184 0.2369696 0.14809841 0.09812703 0.074440226 0.0064115487 -32767.0 -32767.0 -32767.0 -32767.0 -32767.0 -32767.0 -32767.0 -32767.0 -32767.0 -32767.0 -32767.0 -32767.0 -0.06487941 -0.086258836 0.37688562 -0.048643596 -0.06567531 0.13720293 0.2706035 0.2250338 0.18681447 0.11807273 0.11330082 0.14795063 0.09734211 0.055733323 0.03666091 0.24729952 0.19646095 0.128723 -0.040421244 0.0032040398 0.05923113 -0.02597007 -0.004808897 -0.068844005 0.14805931 -0.040784754 0.18636034 0.24063532 0.119664595 -32767.0
-0.3285576 -0.26546103 -0.19039144 -0.14991389 -0.051423863 -0.07864161 -0.03446509 0.08751635 0.13123025 0.14223437 0.17299952 0.27716804 0.31126165 0.07375945 0.05404593 0.024429137 0.015057263 -32767.0 -32767.0 -32767.0 -32767.0 -32767.0 -32767.0 -32767.0 -32767.0 -32767.0 -32767.0 -32767.0 0.050954767 0.24111208 0.31603596 0.14084154 -0.0070403656 -0.04150907 -0.0036371844 -0.100492924 -0.084058195 0.16886738 0.34917778 0.3355348 0.10441987 0.15173775 0.4211041 -32767.0 0.036804203 -0.054450016 -0.15342022 -0.10260041 0.10356805 0.1117248 0.08519448 0.13850379 -0.018831706 0.046006497 0.27034956 -32767.0 -32767.0 -32767.0
-0.280496 -0.32427508 -0.31285948 -0.29771012 -0.23807131 -0.10028552 -0.013390373 -0.06361632 -0.066566885 -0.0010215729 0.0700463 0.1376655 0.18801382 0.17880256 0.030275237 -0.05875084 -0.015387952 -32767.0 -32767.0 -32767.0 -32767.0 -32767.0 -32767.0 -32767.0 -32767.0 -32767.0 -32767.0 -32767.0 -32767.0 0.26390308 0.18232724 0.23167515 0.09537819 -0.0699148 -0.073511645 0.0010367366 0.10033253 0.12312637 0.08276068 0.009056304 0.039690707 0.18496168 0.17051977 0.025882613 -0.1333378 -0.11223778 -0.20680799 -0.11205785 -0.021376405 0.1595039 0.36154225 0.2882521 0.29023972 0.32100028 0.17517598 -32767.0 -32767.0 -32767.0
-0.22201616 -0.29574168 -0.31768322 -0.26832458 -0.20335849 -0.1504478 -0.14977764 -0.10681018 -0.11700801 -0.0033945208 0.054316945 0.06731384 0.25314745 0.23609623 0.026851498 -0.13075942 -0.0895937 -0.126317 -32767.0 -32767.0 -32767.0 -32767.0 -32767.0 -32767.0 -32767.0 -32767.0 -32767.0 -32767.0 0.16219053 0.15258291 -0.0077561606 0.04522504 0.16092935 0.060207337 0.09419316 0.021301903 -0.017780036 -0.05791956 -0.14193623 -0.09270359 0.09481388 0.2009648 0.23460938 0.35088807 0.4457533 0.3692221 0.2937873 0.3654126 0.4496174 0.40478033 0.37281764 -32767.0 0.18449031 0.058884446 0.04082479 -32767.0 -32767.0 -32767.0
-0.12683725 -0.2575863 -0.28813058 -0.23458983 -0.15060768 -0.027399138 0.013685124 -0.022505878 0.021757396 0.10743959 0.17837197 0.18912996 0.23708794 0.0009319647 -0.13473675 -0.04914169 -0.0057751765 -32767.0 -32767.0 -32767.0 -32767.0 -32767.0 -32767.0 -32767.0 -32767.0 -32767.0 -32767.0 -32767.0 0.22813398 0.13972965 0.13059962 -0.02440588 0.06118289 0.1814211 0.18252978 0.20412214 0.18572523 0.04821499 -0.011905785 0.03877376 0.1918514 0.28713912 -32767.0 -32767.0 0.027749725 -0.018615676 -32767.0 -32767.0 -32767.0 -32767.0 -32767.0 -32767.0 -32767.0 -32767.0 -32767.0 -32767.0 -32767.0 -32767.0
-0.09972615 -0.15994151 -0.16205485 -0.11216094 -0.023789011 -0.0075671477 0.03026408 0.053294536 0.028903097 0.124910355 0.20542887 0.23645349 0.24725938 -0.10942032 -0.21106623 -0.1223458 -32767.0 -32767.0 -32767.0 -32767.0 -32767.0 -32767.0 -32767.0 -32767.0 -32767.0 -32767.0 -32767.0 0.3488106 0.50065744 0.38683715 0.22022489 0.27357835 0.19218218 0.27515167 0.3245153 0.3009777 0.23046973 0.1781085 0.15981229 0.18090805 0.22106558 -32767.0 -32767.0 -32767.0 -32767.0 -32767.0 -32767.0 -32767.0 -32767.0 -32767.0 -32767.0 -32767.0 -32767.0 -32767.0 -32767.0 -32767.0 -32767.0 -32767.0
-0.09094192 -0.11906396 -0.17312694 -0.13486053 -0.07535016 -0.0155729 0.14336115 0.20409596 0.09940412 -0.14897051 0.019892158 0.24308603 0.29319727 -0.061035715 -0.06728188 -0.08307104 -32767.0 -32767.0 -32767.0 -32767.0 -32767.0 -32767.0 -32767.0 -32767.0 0.057174005 0.103663765 0.31929037 0.46992832 0.33068153 0.3292315 0.06800317 0.16961588 0.19859299 0.23717943 0.38622448 0.46137863 0.38374147 0.21661063 0.12788759 -32767.0 -32767.0 -32767.0 -32767.0 -32767.0 -32767.0 -32767.0 -32767.0 -32767.0 -32767.0 -32767.0 -32767.0 -32767.0 -32767.0 -32767.0 -32767.0 -32767.0 -32767.0 0.0321918
-0.13465859 -0.16741575 -0.22016495 -0.21912196 -0.1509116 -0.05818749 -0.053550094 -0.07617408 -0.025460128 -0.10405886 -0.019377384 0.113238335 0.14899543 0.08292812 -0.00023595244 -0.08986202 -32767.0 -32767.0 -32767.0 -32767.0 0.016577207 -0.056513995 -0.088100396 0.073141515 0.10378177 0.2932089 0.12570101 0.27938995 0.000691222 -0.28415775 -0.12921752 0.017877802 0.17475362 0.316691 0.24532111 0.12610188 -0.016276231 0.13361312 -32767.0 -32767.0 -32767.0 -32767.0 -32767.0 -32767.0 -32767.0 -32767.0 -32767.0 -32767.0 -0.14108554 -0.14093608 -32767.0 -32767.0 -32767.0 -32767.0 -32767.0 -32767.0 -32767.0 0.07016208
-0.29023728 -0.2154247 -0.22695902 -0.28015137 -0.32690015 -0.29149815 -0.16978946 -0.10410848 -0.05724152 0.028451102 0.11246207 0.25714624 0.31966567 0.28156242 -0.07886697 -32767.0 -0.12054399 -32767.0 -0.11090488 -32767.0 -0.08288695 -32767.0 -0.061099388 -0.010004456 0.010970881 0.021593666 0.11418405 0.23689161 0.09270349 0.0720614 0.29448345 0.34918857 0.40426362 0.34138134 0.29204983 0.10786291 -32767.0 -32767.0 -32767.0 -32767.0 -32767.0 -32767.0 -32767.0 -32767.0 0.11304136 0.18133035 0.18888743 0.062325913 0.0321159 0.07327116 -0.025637327 0.07640138 -32767.0 -32767.0 -32767.0 -32767.0 -32767.0 0.02962868
-0.09348412 -0.3181612 -0.2260382 -0.25161237 -0.23453915 -0.10834848 -0.018947605 0.13555141 0.20579699 0.21296899 0.26953295 0.21655972 0.22209421 0.2257032 0.17777607 0.24007341 0.16523577 0.14716879 0.2549613 0.22826378 0.006190311 -0.04599558 0.014895016 0.17573418 0.25887126 0.26026434 0.33360043 -32767.0 -0.013286372 0.28131798 0.47700074 0.42440987 0.28855282 0.13255847 -32767.0 -32767.0 -32767.0 -32767.0 -32767.0 -0.062063623 0.08368235 0.13392244 0.28999227 0.1610378 0.24382539 0.24213478 -32767.0 -32767.0 0.075743414 0.0507544 0.04392211 -32767.0 -32767.0 -32767.0 -32767.0 -32767.0 0.2615961 0.99101293
-0.0612335 0.15103213 -0.2511756 -0.14745617 -0.04388584 0.031537894 0.14092895 0.2290858 0.32994696 0.30200714 0.19155645 0.101463765 0.25424162 0.2764123 0.23174131 0.2572328 0.35642853 0.47299072 0.38609454 0.33676755 0.104859136 0.1672494 0.2155233 0.20976569 0.16656476 0.24805549 0.2652883 0.29581007 0.38597134 0.39200804 0.28723645 0.07494712 0.16768718 0.1395594 0.007947865 -32767.0 0.00998805 -0.04069162 -32767.0 -0.07215321 0.23443735 0.325569 -32767.0 0.13379003 0.122226074 -32767.0 -32767.0 -32767.0 -32767.0 0.12528978 -0.21738042 -32767.0 -32767.0 -32767.0 -32767.0 0.18680866 0.09393781 0.28192666
0.09149852 0.07574346 0.103053726 0.08783402 0.09223898 0.13253666 0.12274704 0.26697078 0.30225256 0.34359285 0.28628317 0.22464958 0.18184286 0.20241885 0.28388909 0.34033975 0.30092028 0.19720024 0.21881877 0.086554185 0.13488153 0.3711068 0.39562014 0.5353717 0.5529388 0.42500734 0.3567602 0.195342 0.14573586 -32767.0 0.15465523 0.17326458 -32767.0 -32767.0 -0.028353512 -0.037879977 -0.20471977 -0.22706676 -0.06671448 -0.16620904 -0.005637648 -32767.0 -32767.0 -32767.0 -32767.0 -32767.0 -32767.0 -32767.0 -32767.0 0.019447537 0.23614849 0.2055634 -32767.0 -32767.0 0.06670758 0.022203036 -0.03975706 0.0022770683
