static/data/seaWater_uo/2023/7/2/12.asc
ncols 137
nrows 93
xllcorner 108.0
yllcorner 17.0
cellsize 0.25
NODATA_value -32767
[rows 0 to 25 of 93, columns 58 to 115 of 137]
-32767.0 -32767.0 -32767.0 -32767.0 -32767.0 -32767.0 -32767.0 -32767.0 -32767.0 -32767.0 -32767.0 -32767.0 -32767.0 -32767.0 -32767.0 -32767.0 -32767.0 -32767.0 -32767.0 -32767.0 -32767.0 -32767.0 -0.10550458 -0.22571313 -0.15729786 -0.03392971 0.13048255 0.32704788 0.41349 0.31703869 0.2857809 0.20651753 0.22530699 0.2810358 0.07240732 0.124611065 0.24017207 0.13220197 -0.13361146 -0.055298045 0.075268865 0.05190082 -0.2282294 -0.38878024 -0.40435883 -0.39240518 -0.35656542 -0.25027564 -0.19890139 -0.1825451 -0.032225825 0.1793898 0.2676646 0.22692838 0.23962861 0.29055429 0.5345492 0.6263329
-32767.0 -32767.0 -32767.0 0.008833928 -0.0676939 -0.028542068 -0.03429248 -0.00020904058 0.005611931 0.031106131 -32767.0 -32767.0 -32767.0 -32767.0 -32767.0 -32767.0 -32767.0 -32767.0 -32767.0 -32767.0 -32767.0 0.15430273 0.14690837 0.13477054 0.3152287 0.41461924 0.3789147 0.38844493 0.29472792 0.21456318 0.21991973 0.15478657 0.3528454 0.56084025 0.23929286 0.34368578 0.21204051 -0.0037351479 0.03336679 0.11488326 0.23563927 0.44829166 0.51081645 0.19639386 -0.2717376 -0.34433478 -0.29615608 -0.2184626 0.001343959 0.13690105 0.3617403 0.5146127 0.54110706 0.5523106 0.57211596 0.58713627 0.605148 0.54638225
-32767.0 -0.04313913 -32767.0 -0.035355967 -0.15938912 -0.24921183 -0.1866408 -0.05952998 0.035382804 0.07816689 0.083031535 0.08522607 -32767.0 -32767.0 -32767.0 -32767.0 -32767.0 -32767.0 -32767.0 -32767.0 -32767.0 0.15114772 0.32075584 0.29957408 0.3547905 0.29737705 0.28580022 0.28053406 0.49298584 0.6106186 0.32857138 0.16009116 0.4124506 0.57837063 0.43526983 0.26752666 0.22478695 0.1429855 0.09636254 -0.1260397 -0.11309535 0.10081916 0.2578925 0.3150808 0.064130716 -0.3134747 -0.2898619 -0.17502804 -0.14218213 -0.03670689 0.06474128 0.24296412 0.23612058 0.28522334 0.39585328 0.37716532 0.44156814 0.48732206
-0.0042390553 -32767.0 -0.15959378 -0.26121315 -0.36503708 -0.21687111 -0.01681375 -0.042277552 -0.1265713 0.0073566143 0.053761043 -0.028348759 -32767.0 -32767.0 -32767.0 -32767.0 -32767.0 -32767.0 -32767.0 -32767.0 0.0487891 0.106385015 0.23702124 0.28014565 0.23891805 0.29164165 0.42366555 0.5740473 0.72023696 0.70972514 0.76506853 0.7079795 0.54551923 0.6449979 0.6209841 0.44776228 0.34517658 0.4364697 0.16602148 0.29011765 0.13265823 0.036848493 0.11068632 0.11064044 0.014782596 -0.156114 -0.16917254 -0.2524908 -0.31822056 -0.07529164 0.25326824 0.4970072 0.26845878 0.2341775 0.23994675 0.11878009 0.18042654 0.15588093
0.031409927 -32767.0 -0.041681834 -0.10219919 -0.15143415 -0.15306239 -0.18403423 -0.11871078 0.12905855 0.015715647 -0.030852513 -32767.0 -32767.0 -32767.0 -32767.0 -32767.0 -32767.0 -32767.0 -32767.0 -32767.0 -32767.0 -32767.0 0.12103803 0.16047117 -0.12340854 0.1129531 0.3135053 0.4095179 0.4247407 0.42872098 0.3161863 0.31283796 0.41795054 0.43483067 0.5162697 0.53238946 0.49034724 0.3511094 0.51434803 0.46811247 0.18741594 0.013471353 -0.06353105 -0.042236798 -0.1312622 -0.1312673 -0.34271774 -0.43470594 -0.3866107 -0.1024391 0.2429915 0.4927741 0.5672125 0.30353743 0.22835307 -0.16210349 -0.04139021 0.23393944
0.095662385 0.14495657 0.11950385 0.09791552 0.08798202 0.05044952 0.003809201 0.043653153 -0.021231696 0.013462369 0.013838856 -32767.0 -32767.0 -32767.0 -32767.0 -32767.0 -32767.0 -32767.0 -32767.0 -32767.0 -32767.0 -32767.0 -32767.0 0.2789597 -0.059983533 0.106877476 0.028764527 0.007887602 0.15861239 0.18484995 0.21535662 0.24291211 0.26215857 0.29955542 0.13770534 0.17789325 0.081139825 0.2728818 0.18799455 0.06413622 -0.12483184 -0.033828937 -0.11916125 -0.24854821 -0.3261228 -0.43766427 -0.6088617 -0.530614 -0.48731676 -0.22098762 0.17059968 0.31432804 0.5186744 0.47959858 0.16120166 -0.09555722 0.0565678 0.17333722
0.13275401 0.19521698 0.14871992 0.1310116 0.12078383 0.09408826 0.1313217 0.15741959 0.027747331 0.16795044 0.0034654771 -32767.0 -32767.0 -32767.0 -32767.0 -32767.0 -32767.0 -32767.0 -32767.0 -32767.0 -32767.0 -32767.0 -32767.0 -32767.0 0.18593743 0.12277012 -0.033705182 -0.24841917 -0.15696847 -0.062284738 0.04517969 0.114039436 0.12815905 0.09178838 -0.09886216 -0.022793507 0.15433182 -0.14657785 -0.1443562 -0.33047494 -0.28805557 -0.2107436 -0.09457974 -0.29947948 -0.70350087 -0.6858362 -0.44946095 -0.37775034 -0.07122118 -0.050679557 0.3277296 0.33195525 0.38631085 0.48998523 0.3185087 0.18800674 0.30199888 0.19124496
0.22266325 0.29330117 0.25044563 0.21891707 0.14833568 0.12896913 0.19842264 0.23212522 0.15904312 0.13469958 -32767.0 -32767.0 -32767.0 -32767.0 -32767.0 -32767.0 -32767.0 -32767.0 -32767.0 -32767.0 -32767.0 -32767.0 -32767.0 -32767.0 -32767.0 0.19184047 0.22545478 -0.06541228 -0.14609812 -0.033338748 -0.22955443 0.0063866153 -0.0026151934 -0.13014561 -0.098631926 0.047603764 -0.25093326 -0.40785357 -0.4909136 -0.3882821 -0.41812876 -0.36934674 -0.20474926 -0.25337693 -0.21786974 0.1741768 0.21823119 0.2792866 0.32018474 0.44749177 0.43054742 0.41541985 0.35421374 0.52426434 0.55196345 0.47255695 0.5723145 0.44019103
0.22652073 0.26131922 0.24528661 0.19938086 0.23203893 0.25480545 0.2780304 0.20703577 0.068133034 -32767.0 0.04822271 -32767.0 -32767.0 -32767.0 -32767.0 -32767.0 -32767.0 -32767.0 -32767.0 -32767.0 -32767.0 -32767.0 -32767.0 -32767.0 -32767.0 0.2064505 0.2962175 0.118659765 0.058375344 0.09679846 -0.17381233 -0.3509858 -0.22146285 -0.26576596 -0.16967155 -0.20756145 -0.49399638 -0.58431154 -0.5114875 -0.49269468 -0.50477886 -0.4380297 -0.3277538 -0.29726392 0.021166421 0.4104296 0.41239956 0.36808664 0.49147224 0.5363388 0.34963074 0.4220039 0.39390138 0.42312422 0.4866299 0.4770666 0.42653057 0.36262444
0.06449801 0.09809661 0.13529487 0.07472955 0.14484626 0.17487746 0.22647932 0.22799958 0.21737345 -0.103723235 -0.18399262 0.028902443 0.12710144 0.1937829 0.086454496 0.024494188 -32767.0 -32767.0 -32767.0 -32767.0 -32767.0 -32767.0 -32767.0 -32767.0 -32767.0 -32767.0 0.32861784 0.09106826 -0.04456591 -0.013858771 -0.14610358 -0.3814427 -0.5639494 -0.5208606 -0.46310076 -0.50727236 -0.6390078 -0.6596405 -0.6041139 -0.4967166 -0.44912043 -0.36552197 -0.15933096 0.09137776 0.20656648 -0.04885874 0.04054583 0.29418752 0.45588097 0.3273249 0.14409867 0.34251967 0.29547408 0.27413216 0.3840821 0.3829415 0.23538667 0.3268595
0.18402146 0.040989406 0.10205283 0.113359556 0.081902154 0.12283063 0.17991233 0.1709955 0.17046002 0.20843488 0.16739096 0.038824253 -0.014221257 -0.08714875 -0.083905846 -0.025491407 -32767.0 -32767.0 -32767.0 -32767.0 -32767.0 -32767.0 -32767.0 -32767.0 -32767.0 -32767.0 -32767.0 -0.0666689 -0.116010636 -0.050836574 -0.14840335 -0.20256108 -0.25029308 -0.54086053 -0.6848295 -0.40657833 -0.43364245 -0.6681665 -0.7286851 -0.6709351 -0.5426295 -0.50229424 -0.34650528 -0.10491609 0.073696874 0.081482396 0.0708969 0.21557607 0.31807888 0.28933138 0.17203856 0.24966276 0.18047507 0.25050515 0.18312962 0.080521174 0.08477503 0.27936003
-32767.0 0.10130014 0.21744733 0.1557835 0.1422469 0.14206117 0.09566327 0.07326502 0.10302866 0.2069371 0.24868207 0.0847601 -0.15600546 -0.084271386 -0.07532869 -0.04410748 -0.0015948284 -0.05758492 -32767.0 -32767.0 -32767.0 -32767.0 -32767.0 -32767.0 -32767.0 -32767.0 -32767.0 -32767.0 -0.0950662 0.017205337 0.082104355 -0.08254414 -0.02452026 0.026014721 -0.34358123 -0.35948047 -0.4981766 -0.57700443 -0.57403463 -0.64167696 -0.5413042 -0.3529009 -0.2345084 0.124386795 0.27604598 0.15529148 0.06443536 0.17647848 0.24705264 0.29795235 0.2892923 0.27942294 0.25179437 0.28989455 0.31252477 0.4433195 0.35496357 -32767.0
-32767.0 0.061356254 0.18407863 0.1066849 0.10826126 0.10777328 0.10125016 0.10392171 0.081029296 0.1242041 0.24908426 0.21490407 0.011360292 -0.17627878 -0.04825194 -0.18095163 -32767.0 -0.04682926 -32767.0 -32767.0 -32767.0 -32767.0 -32767.0 -32767.0 -32767.0 -32767.0 -32767.0 -32767.0 -0.013208103 -0.05390961 0.11258537 0.08898595 -0.122165106 -0.15664166 0.05886978 0.12806305 0.119779244 0.029956186 -0.15628086 -0.21136343 -0.23429844 -0.10088077 -0.074272044 0.15838267 0.31501043 0.2504623 0.17649564 0.23844644 0.3521274 0.37875715 0.36562505 0.3055925 0.21627238 0.235193 0.2075118 0.15667933 0.1570863 -32767.0
0.3461419 0.28660575 0.1951657 0.085945316 0.12944217 0.07298899 0.101021044 0.08852188 0.07220031 0.0853221 0.23343799 0.25681663 -0.043059822 -0.10843993 -0.18495199 -32767.0 -32767.0 -32767.0 -32767.0 -32767.0 -32767.0 -32767.0 -32767.0 -32767.0 -32767.0 -32767.0 -32767.0 -32767.0 0.1497025 -0.00087221153 0.03365555 0.1312663 -0.110104166 -0.18954246 -0.1389123 0.0075230994 0.12369678 0.24231417 0.26443827 0.22255704 0.18490508 0.085789755 0.021399971 0.054993905 0.19635597 0.16671535 0.25049254 0.49273136 0.48748118 0.45071518 0.34578332 0.34828073 0.26220337 0.24473676 0.20916162 0.27012312 0.17484748 0.06979931
0.1882448 0.19767748 0.16431788 0.14795461 0.026648775 0.11927715 0.08424912 0.054338433 0.11653175 0.097153485 0.11994928 0.057525672 -0.2623643 -0.13386238 -0.17832272 0.058000214 -32767.0 -32767.0 -32767.0 -32767.0 -32767.0 -32767.0 -32767.0 -32767.0 -32767.0 -32767.0 -32767.0 -32767.0 0.08114268 0.053617403 0.016619034 -0.12446084 -0.18793225 -0.017255696 0.081387974 0.0961587 0.01583435 -0.02672578 -0.0017472124 0.01907704 0.083364815 0.031735275 -0.004979113 0.20072183 0.24910289 0.32937327 0.22771986 0.3175049 0.4325056 0.46951225 0.47866926 0.39941886 0.33495876 0.27267396 0.21438177 0.2489584 0.050837886 -32767.0
0.22229275 0.21408054 0.19548431 0.18388587 0.21546902 0.16143335 0.14981674 0.11343964 0.101592556 0.09936051 0.07701562 0.051856905 0.053345267 0.13539447 -0.18476935 -0.025583709 -0.017822718 -32767.0 -32767.0 -32767.0 -32767.0 -32767.0 -32767.0 -32767.0 -32767.0 -32767.0 -32767.0 -32767.0 0.19786428 0.3205777 0.18385758 0.010185843 -0.1852112 -0.1393362 -0.0865337 -0.08413055 -0.02952237 -0.068206936 0.11630472 0.26323518 0.046961226 -0.07752989 0.25081572 -32767.0 0.061740786 0.111283585 0.07276181 0.12662813 0.073366985 0.24376398 0.28905424 0.22005455 0.19460584 0.2537824 0.29829448 -32767.0 -32767.0 -32767.0
0.25415888 0.292196 0.2714561 0.21477576 0.24511021 0.26789254 0.17836691 0.19367062 0.21760008 0.21285397 0.112000085 0.040381182 0.004163844 -0.02764934 0.06281047 -0.022571081 0.005227266 -32767.0 -32767.0 -32767.0 -32767.0 -32767.0 -32767.0 -32767.0 -32767.0 -32767.0 -32767.0 -32767.0 -32767.0 0.33626318 0.16538118 0.15489092 0.035032187 -0.15061234 -0.15621312 -0.1429231 -0.10126452 -0.011085211 0.1691806 0.3654533 0.31532395 0.037218146 0.28755623 0.027081974 0.043467205 0.25646397 0.1433277 0.18417843 0.0060523855 0.17121214 0.31522384 0.39294854 0.44322342 0.212519 0.0622783 -32767.0 -32767.0 -32767.0
0.28289044 0.293325 0.32234308 0.3374367 0.28511706 0.30657023 0.27177474 0.28161997 0.3044472 0.33524007 0.17990153 0.11355219 -0.05716946 -0.3134749 -0.035541702 0.05093004 -0.058303192 -0.033151187 -32767.0 -32767.0 -32767.0 -32767.0 -32767.0 -32767.0 -32767.0 -32767.0 -32767.0 -32767.0 0.27672392 0.21364096 0.058868263 0.094977275 -0.07802947 -0.13748574 -0.11896791 -0.15993798 -0.1582023 -0.121166036 -0.0281915 0.13103169 0.28644216 0.2787614 0.3766975 0.5151388 0.49539605 0.4637409 0.47601494 0.60625905 0.57071596 0.44776103 0.33343282 -32767.0 0.027219467 -0.065173745 -0.093646176 -32767.0 -32767.0 -32767.0
0.240033 0.3000584 0.31377703 0.29544234 0.26585537 0.20579836 0.21403947 0.19954273 0.15485534 0.12778825 0.0645212 0.05811219 -0.11428554 -0.043923836 0.021620387 -0.14015925 -0.12009807 -32767.0 -32767.0 -32767.0 -32767.0 -32767.0 -32767.0 -32767.0 -32767.0 -32767.0 -32767.0 -32767.0 0.38378114 0.28703025 0.14445573 -0.129034 -0.10041992 -0.10536011 -0.10413021 -0.057884302 -0.0016209199 0.020415913 0.024463752 0.05438799 0.24673845 0.32465369 -32767.0 -32767.0 0.028841028 -0.014741609 -32767.0 -32767.0 -32767.0 -32767.0 -32767.0 -32767.0 -32767.0 -32767.0 -32767.0 -32767.0 -32767.0 -32767.0
0.30506843 0.3020879 0.2930349 0.26954114 0.13423266 0.079397306 0.012075276 0.010350294 0.052301977 0.07211687 0.030014306 0.015555615 -0.15694712 0.047885563 0.013251863 -0.08732739 -32767.0 -32767.0 -32767.0 -32767.0 -32767.0 -32767.0 -32767.0 -32767.0 -32767.0 -32767.0 -32767.0 0.45994025 0.6468627 0.48232588 0.18859823 0.050386064 -0.09888233 -0.0063674035 0.104927845 0.21415333 0.12771887 0.0931808 0.17027324 0.26767698 0.20348902 -32767.0 -32767.0 -32767.0 -32767.0 -32767.0 -32767.0 -32767.0 -32767.0 -32767.0 -32767.0 -32767.0 -32767.0 -32767.0 -32767.0 -32767.0 -32767.0 -32767.0
0.2408178 0.24919309 0.22215302 0.22375017 0.19376144 0.11865018 0.06824686 0.021120995 0.11475253 0.24966493 0.15663232 -0.07046662 -0.121255316 0.1401213 0.10824082 0.015217528 -32767.0 -32767.0 -32767.0 -32767.0 -32767.0 -32767.0 -32767.0 -32767.0 0.23295215 0.21855357 0.5531491 0.563795 0.38800526 0.14116807 -0.065226726 -0.06416283 0.0576405 0.22357261 0.35482192 0.3556068 0.31167915 0.20390621 0.24096029 -32767.0 -32767.0 -32767.0 -32767.0 -32767.0 -32767.0 -32767.0 -32767.0 -32767.0 -32767.0 -32767.0 -32767.0 -32767.0 -32767.0 -32767.0 -32767.0 -32767.0 -32767.0 0.07633812
0.22462933 0.25933275 0.2712601 0.28124925 0.2231818 0.20627606 0.14220217 0.11025567 0.21181415 0.29065543 0.2173579 0.009093465 0.055500735 0.07802655 0.0012123864 0.010475511 -32767.0 -32767.0 -32767.0 -32767.0 0.10202511 0.20192997 0.25213566 0.3269331 0.31735602 0.4425297 0.3098026 0.4249283 0.033678472 -0.15121461 -0.12184574 -0.06673573 0.18454874 0.2908324 0.25217506 0.058179125 0.17358713 0.29956564 -32767.0 -32767.0 -32767.0 -32767.0 -32767.0 -32767.0 -32767.0 -32767.0 -32767.0 -32767.0 0.0434134 0.07038304 -32767.0 -32767.0 -32767.0 -32767.0 -32767.0 -32767.0 -32767.0 0.16373397
0.32294643 0.29054722 0.3338039 0.3338631 0.28585 0.28111598 0.25308928 0.1852702 0.2128095 0.19674072 0.118388645 0.009084107 -0.09930774 0.1458414 -0.04512691 -32767.0 -0.15622391 -32767.0 0.06822164 -32767.0 0.05916911 -32767.0 0.28016278 0.22827622 0.2537747 0.2719525 0.3381725 0.2998045 0.18433432 0.29927844 0.39983875 0.4380449 0.35516858 0.26752585 0.29425368 0.19730881 -32767.0 -32767.0 -32767.0 -32767.0 -32767.0 -32767.0 -32767.0 -32767.0 0.10289281 0.14577843 0.11763355 0.0012426253 0.19001107 0.008336443 0.12713964 0.074431345 -32767.0 -32767.0 -32767.0 -32767.0 -32767.0 0.062316805
0.3122317 0.32339558 0.24846807 0.3428418 0.37295324 0.2755223 0.21139587 0.13501278 0.15294641 0.095726304 0.024092125 -0.021090765 -0.15944234 -0.051191963 0.119312115 0.261312 0.10759531 0.16577132 0.29884514 0.3890154 0.46230578 0.33493328 0.2556628 0.31522712 0.33151045 0.31937718 0.15601015 -32767.0 0.24856013 0.5336031 0.5302087 0.44344574 0.27535364 0.12023909 -32767.0 -32767.0 -32767.0 -32767.0 -32767.0 0.13446672 0.11530739 0.07374984 0.19117174 0.12630619 0.22901957 0.23757999 -32767.0 -32767.0 0.13350435 0.061129536 0.17679246 -32767.0 -32767.0 -32767.0 -32767.0 -32767.0 0.2644979 0.9198681
0.23853542 0.24807929 0.34022835 0.3116003 0.29518798 0.2507548 0.12947716 0.011564395 -0.04608924 -0.09252289 -0.064166225 -0.0519269 0.011097222 0.023163272 0.06286826 0.12618312 0.26532766 0.4041666 0.4998415 0.53054774 0.5394198 0.3924869 0.28299215 0.30991617 0.35009652 0.3021595 0.31709823 0.41467297 0.5054749 0.57060874 0.33273417 0.09408262 0.16365327 0.0736262 0.03343259 -32767.0 0.19594875 0.18985732 -32767.0 0.19438021 0.17163026 0.106262505 -32767.0 -0.25799623 -0.18985152 -32767.0 -32767.0 -32767.0 -32767.0 0.18907368 -0.037087508 -32767.0 -32767.0 -32767.0 -32767.0 0.27143475 0.2445324 0.48835158
0.025297213 -0.010999264 0.19073579 0.20282133 0.22117102 0.18847843 0.10697719 -0.018720627 -0.15570438 -0.18935782 -0.10260262 -0.019826388 -0.0059706545 0.05899007 0.108517304 0.20388997 0.24246185 0.13217509 0.15251246 0.2760896 0.38587135 0.40531856 0.47926944 0.5745523 0.5710887 0.45520568 0.36222553 0.39583722 0.31329247 -32767.0 0.12634031 0.11347947 -32767.0 -32767.0 0.025504414 0.07772151 0.26284626 0.39028808 0.17891322 0.257695 0.01249783 -32767.0 -32767.0 -32767.0 -32767.0 -32767.0 -32767.0 -32767.0 -32767.0 -0.0028254557 0.15854189 0.17604 -32767.0 -32767.0 0.09365456 0.13867395 0.18619666 0.22141582
