static/data/seaWater_uo/2023/7/2/18.asc
ncols 137
nrows 93
xllcorner 108.0
yllcorner 17.0
cellsize 0.25
NODATA_value -32767
[rows 26 to 51 of 93, columns 58 to 115 of 137]
0.36949027 0.30128825 0.50589055 0.48586413 0.46159476 0.41629496 0.3360436 0.24163564 0.18708566 0.21483357 0.3117893 0.30875272 0.26329207 0.15964772 0.13556743 0.14391983 -32767.0 -32767.0 0.10974073 0.20655479 0.40928903 0.44067192 0.4931407 0.43095076 0.29907227 0.26725248 0.20061263 0.284055 0.24573421 0.12878308 -0.02012941 -32767.0 -32767.0 -32767.0 -32767.0 -32767.0 -32767.0 -0.037853833 0.043597713 0.057269882 -32767.0 -32767.0 -32767.0 -32767.0 -32767.0 -0.029190708 -32767.0 -0.24154729 -0.13087517 0.33645365 0.5090953 0.4133876 0.2779887 -32767.0 -0.061725095 -0.20191823 -0.11786437 -0.078640334
0.36334524 0.3188768 0.24422881 0.33955556 0.284199 0.32418784 0.25028723 0.26804262 0.20093307 0.16848038 0.22704397 0.28086802 0.19968313 0.17875868 0.10273914 -32767.0 -32767.0 0.1408084 0.36136842 0.3867665 0.29407412 0.46157223 0.47500467 0.32574776 0.22894529 0.2250276 0.21472712 0.014495006 -32767.0 -32767.0 -32767.0 -32767.0 -32767.0 -32767.0 -32767.0 -32767.0 -32767.0 0.007176173 0.023423884 -0.18867683 -32767.0 -32767.0 -32767.0 -0.09467718 -0.026110867 0.23583563 0.18627428 -0.054289915 -3.8677106e-05 0.25707692 0.3811304 0.3935793 0.32494596 -0.009158712 -0.16975617 -0.1843882 -0.16159369 -0.19427375
0.22575216 0.15879403 -0.008163334 0.016079472 0.01855501 0.14387245 0.26892397 0.2591873 0.30936143 0.3048212 0.33931002 0.30021495 0.18465836 0.22664788 0.27551275 0.23819782 0.32902524 0.28908432 0.40996426 0.3299799 0.27445662 0.2550072 0.3787815 0.32710502 0.35770297 0.24415621 -32767.0 0.032152094 0.091334395 -32767.0 -32767.0 0.10139549 -32767.0 -32767.0 -32767.0 -32767.0 -32767.0 -32767.0 0.2184308 0.039463133 -32767.0 -32767.0 0.044024367 -0.120969854 0.28828183 0.46353176 0.6016804 0.76343364 0.6617267 0.26911545 0.14561301 0.09622872 0.017005648 -0.071057804 -0.19857118 -0.08743511 -0.13725844 -0.22742297
0.20203859 0.09638386 0.0034276685 -0.05908325 -0.087189466 -0.10370958 -0.10698073 -0.08723214 -0.05784928 0.04744873 0.21926157 0.24667253 0.21668878 0.307431 0.3131242 0.2873519 0.23165174 0.27203667 0.42409667 0.3690273 0.19922248 0.21879788 0.24354117 0.2312007 0.23125586 -32767.0 0.0019182379 0.15727104 0.12371852 0.074912675 -0.20547867 -32767.0 0.05709679 -32767.0 -32767.0 -32767.0 -32767.0 -32767.0 -0.006930394 0.3772283 0.44058296 0.172654 0.19789891 0.24763913 0.11230249 0.19599341 0.2904609 0.3517449 0.4755347 0.23782893 -0.007151906 -0.14559138 -0.1887812 -0.10090904 -0.081100166 0.015939146 -0.07507111 -0.14883482
0.25710443 0.08928273 -0.0066733947 -0.0063060354 -0.0805489 -0.06307708 -0.014203756 0.004631077 0.005795136 -0.037467416 0.0027574569 0.13530411 0.23227483 0.36668333 0.27963102 0.29497746 0.35270822 0.46156457 0.3509891 0.26993716 0.29140905 0.31178135 0.2705469 0.23586959 0.29455063 0.43251547 0.3796924 0.1826189 0.117357224 0.12995909 -0.01162313 -0.14529198 0.052317284 -32767.0 -32767.0 -32767.0 -32767.0 0.039707065 0.17099035 -0.014547884 -0.05263801 -0.00017953268 -0.13159238 -0.080773905 0.21745802 0.46918538 0.4574814 0.39850143 0.35843223 0.25578514 -0.003865402 -0.11885288 -0.13257791 -0.19239764 0.07740051 0.07465615 -0.029952051 -0.055669747
0.25594345 0.21925874 0.046051495 0.021009885 -0.0062439027 0.17102696 0.10123349 0.1074535 0.124011986 0.1015187 0.18342876 0.1711387 0.006625791 0.12292528 0.21953432 0.26634303 0.27879038 0.22768883 0.14959057 0.123338684 0.13472168 0.19650827 0.26280075 0.23578286 0.28921252 0.34451732 0.3492626 0.32797113 0.12975006 0.08605222 -0.06180431 -0.0133720115 -0.02745994 -32767.0 -32767.0 -32767.0 -32767.0 0.14336088 0.0039254446 -0.09073623 -0.10753027 -0.16479726 -0.1234613 0.20735447 0.5920263 0.7694184 0.78173745 0.5926799 0.47090176 0.44160032 0.07993122 -0.020464681 -0.039944947 0.022066 0.065616414 0.0030519767 -0.036665186 -0.0981608
0.19825803 0.06326352 0.08982267 0.09119628 0.2217818 0.2122591 0.14970067 0.13197403 0.15380476 0.23476939 0.16643241 0.20389417 0.23454602 0.13843955 0.15774643 0.22492777 0.27602893 0.12261374 0.12534554 0.21184137 0.18502244 0.23828273 0.30202508 0.32576367 0.31106257 0.33885664 0.3832138 0.4042055 0.39345413 0.30446777 0.16967942 -32767.0 -32767.0 -32767.0 -32767.0 -32767.0 0.09277905 0.008807608 0.01146783 0.014944116 0.03343707 0.24397728 0.32765236 0.54898083 0.74486506 0.60210717 0.5126804 0.517693 0.5259738 0.5728405 0.34297872 0.20206632 0.08973249 -0.014709291 0.011603146 -0.057297096 -0.13554768 -0.10469997
-0.0119326245 -0.07679557 0.0031751348 0.14037074 0.1927274 0.21983674 0.1510868 0.20822175 0.29258952 0.18331991 0.26545602 0.27131388 0.24599002 0.24849586 0.28048322 0.2044312 0.23239411 0.16511542 0.26245224 0.20609182 0.22249947 0.19431497 0.19046597 0.23204109 0.26209664 0.41694713 0.45685714 0.37900037 0.32059368 0.24548954 0.09979995 -32767.0 -32767.0 -32767.0 -32767.0 -32767.0 -0.081625246 -0.09108525 0.06761175 0.27130687 0.24632578 0.35663125 0.62839144 0.8535983 0.6787118 0.3452679 0.31597283 0.3560488 0.3876162 0.5009115 0.6318956 0.37086985 0.15869032 0.040948924 0.022461966 -0.11665923 -0.17295608 -0.10987233
0.08051336 -0.009242862 0.17276905 0.32257602 0.13278513 0.13082206 0.20840298 0.18488245 0.16952872 0.22209582 0.20762219 0.23194045 0.19828236 0.2588905 0.27461398 0.291654 0.29573533 0.19878198 0.2492726 0.2728127 0.19869842 0.19902839 0.22370203 0.20472768 0.28292674 0.414652 0.38097098 0.33497176 0.2896474 0.16099735 0.14992748 -0.04344737 -32767.0 -0.07808512 -32767.0 -32767.0 0.04752287 0.08405987 0.12087177 0.32192823 0.5849413 0.836239 0.98542047 0.7656438 0.4057147 0.49275157 0.4218362 0.34030998 0.30859065 0.3242482 0.56894296 0.4667104 0.1880922 0.09430289 -0.0479036 -0.08534671 -0.030488292 0.08427524
0.0004063691 0.13865553 0.13927136 0.16339062 0.10835983 0.14243196 0.19439867 0.22016379 0.23084098 0.22129849 0.24489851 0.21849309 0.20172094 0.26390368 0.30779836 0.36861983 0.30897373 0.31521899 0.48317915 0.4875125 0.34753114 0.29544127 0.26446757 0.3306049 0.3957178 0.4164891 0.37343377 0.29609653 0.24630356 0.22297679 0.2673042 0.27814734 0.17184667 0.06610363 -32767.0 -0.0887448 0.16037223 0.35172793 0.5278848 0.7326996 0.90205103 0.89386505 0.6535687 0.27590948 0.47584534 0.65402955 0.62658066 0.36718923 0.28277555 0.27096188 0.42105144 0.45258775 0.20049118 0.12013025 0.007516063 -0.00884133 0.06738067 0.22995815
-0.009066384 0.2635829 0.18635668 0.13736981 0.07289447 0.096462965 0.13878758 0.24321282 0.27931985 0.13941899 0.09506014 0.18670419 0.21354043 0.29476961 0.307804 0.2835999 0.2632114 0.26992342 0.43087167 0.60324395 0.5372777 0.4932989 0.5809574 0.59512496 0.5555338 0.4737847 0.4546101 0.38487524 0.25092623 0.266413 0.32129416 0.34767562 0.42647898 -32767.0 0.7879553 0.9054237 0.72290385 0.29310593 0.27457967 0.4970471 0.60547566 0.5147647 0.16948247 0.15832396 0.31613767 0.29834056 0.27909157 0.25422925 0.18653104 0.18866764 0.30369738 0.36639103 0.17946413 0.123160675 0.15619628 0.22528459 0.27546388 0.3983348
0.10578902 0.099551216 0.13223214 0.34015036 0.35601848 0.27516043 0.1703989 0.24852887 0.35252938 0.31516975 0.18432903 0.2567035 0.2887721 0.19617578 0.13865982 0.22926018 0.29028618 0.36472812 0.34509906 0.45374757 0.596248 0.5932111 0.3955497 0.3765771 0.39814913 0.47987276 0.6033057 0.55738693 0.5236183 0.38092035 0.17573336 0.18845588 0.34868875 0.34657097 0.25279796 -0.14088444 0.043118097 0.29134744 0.5265309 0.61197823 0.5558321 0.2754771 -0.004807604 -0.08341466 0.003289153 -0.019158535 0.019691845 0.09627148 0.058478326 0.15931062 0.25761944 0.3774472 0.13928385 0.12954688 0.20186415 0.29681626 0.41440699 0.57863325
0.1525746 0.20145655 0.20346159 0.20852557 0.20460074 0.29308575 0.27326486 0.24679862 0.27913985 0.28337723 0.2698902 0.29231727 0.29631558 0.30466485 0.29795837 0.40426576 0.47035694 0.54731095 0.4022912 0.40068358 0.53396416 0.31476974 0.16109812 0.10160809 0.13381612 0.2641838 0.5082431 0.730859 0.79318273 0.67261696 0.5309352 -32767.0 0.099934034 0.102532655 -32767.0 0.41162452 0.9319617 0.98298633 0.80185497 0.48124915 0.35868767 0.13753237 0.0482847 -0.2038431 -0.28149027 -0.1321594 -0.10915325 -0.03403534 0.03854884 0.14644694 0.2981417 0.50525737 0.23149687 0.14171033 0.18188402 0.28189227 0.51764816 0.9525916
-32767.0 0.15396793 0.18607783 0.13881454 0.07247901 0.06333891 0.21539532 0.31955975 0.31549308 0.30887678 0.29729688 0.3013623 0.2985133 0.2854225 0.3068487 0.36688116 0.41707703 0.54482424 0.532539 0.4869946 0.38785458 0.21998939 0.07578259 -0.06294388 0.01204323 0.15919963 0.35072336 0.5768298 0.7630985 0.832233 0.79884833 0.47366184 -32767.0 0.09981951 0.2917052 0.6617556 0.45732197 0.18397355 0.08190221 0.07830804 0.10607661 0.05670299 0.19344799 0.26923132 -0.071774125 -0.16740026 -0.06756341 -0.042546827 0.0849317 0.23610966 0.32494554 0.61927754 0.7607999 0.5964924 0.60532534 0.91410065 1.1782856 1.1366745
0.22464204 0.24512267 0.12624316 0.12801886 0.08845392 0.0764186 0.1776107 0.28867286 0.34609747 0.38735524 0.36584422 0.36650208 0.3794596 0.3443837 0.39567673 0.49804237 0.55788255 0.5453141 0.5339528 0.5544904 0.4127732 0.3644806 0.2646611 0.109697446 0.12922889 0.34998384 0.35512426 0.4296786 0.5624261 0.6887734 0.46514192 0.96995014 0.7260234 0.36810046 0.57483554 0.22555363 0.16441233 0.3034764 0.36973137 0.31095445 0.03274014 0.15969723 0.14838032 0.23304608 0.08229162 -0.121134095 -0.09728782 0.13398609 0.22788928 0.36800417 0.46118823 0.5148964 0.85369086 1.2060034 1.3262029 1.2649547 1.0535951 1.0094535
0.35458487 0.26748073 0.24075328 0.27991006 0.27837214 0.15623002 0.12846737 0.24651042 0.25418153 0.3371489 0.406251 0.4528288 0.567112 0.6351402 0.561652 0.5255441 0.49908394 0.5539873 0.5418397 0.5893679 0.688755 0.70840263 0.7574718 0.78945386 0.81809837 0.7245051 0.51185894 0.39690214 0.4347199 0.648377 -0.14038295 0.1609827 0.7274872 0.7569119 0.34620887 0.256182 0.44864678 0.4278262 0.29158917 0.20508106 0.16853546 0.19203591 0.18346071 0.017674614 -0.09420536 -0.0017305132 0.11839191 0.1831421 0.3248522 0.4613742 0.5482088 0.72892565 0.7980345 0.84578353 0.9005279 0.9869497 0.9216527 0.6272781
0.21689881 0.17625067 0.1967836 0.20760503 0.22993991 0.266793 0.28418663 0.17383534 0.23926 0.32427174 0.41592124 0.42745727 0.4446628 0.4870821 0.4861804 0.42708457 0.3538553 0.4647287 0.51745564 0.6074153 0.7974993 1.0858535 1.2866669 1.3248281 1.1215705 0.77171624 0.5266689 0.34977508 0.35095504 0.3978247 0.5697257 0.20224112 -0.09399963 0.2026824 0.44437847 0.6951033 0.5592032 0.342938 0.08481906 -0.040811166 0.09663 0.16473837 0.20567873 0.24114452 0.27649954 0.25219333 0.2974119 0.3163037 0.35632968 0.42645395 0.43515167 0.44439292 0.54966766 0.6647507 0.68608356 0.5824941 0.4414017 0.32893115
0.17059973 0.16189128 0.21219513 0.25207812 0.23692507 0.2431526 0.2461215 0.24019974 0.19107293 0.24004969 0.26003096 0.24501707 0.25210303 0.28434458 0.26961395 0.31450203 0.35469764 0.41345 0.5418095 0.7482493 0.9102978 0.9613716 1.014265 0.89859664 0.70254934 0.52867526 0.32500005 0.26298857 0.2614167 0.19781391 0.46633232 0.502101 0.55631816 0.5562843 0.66411865 0.5897721 0.40215415 0.106602594 0.05332816 0.13539822 0.10223128 0.043095496 0.109177366 0.30782363 0.5315383 0.5996724 0.4442345 0.3524984 0.27084723 0.2766856 0.35183161 0.31759128 0.34679297 0.41167727 0.44232398 0.4113067 0.31641313 0.22643116
0.18745275 0.32931593 0.25896135 0.23530164 0.24590929 0.24157403 0.2120597 0.20689182 0.2679885 0.26779056 0.2285645 0.24033785 0.2979529 0.21974236 0.13232931 0.1438242 0.24415547 0.4296065 0.61616737 0.66196924 0.6703823 0.6224786 0.584274 0.50666636 0.3916049 0.26502523 0.12775418 0.036518257 0.043591972 0.3112809 0.17489408 0.34072268 0.4728916 0.46793124 0.4703934 0.31269172 0.010952491 0.080220126 0.14833988 0.34590065 0.49521887 0.57725793 0.6750231 0.750271 0.75434077 0.60132015 0.4356221 0.28383818 0.1965215 0.14875649 0.19285819 0.2301208 0.2282414 0.26245978 0.25761253 0.21508974 0.11576176 0.021168945
0.3637386 0.42652962 0.43422958 0.40825891 0.2670383 0.29226378 0.29516235 0.23197731 0.17726338 0.25750124 0.28583968 0.33421457 0.30914038 0.235453 0.15574194 0.15354791 0.24707802 0.34413415 0.40495157 0.46151367 0.46800625 0.40483606 0.3159915 0.18164054 0.041322816 -0.018332763 0.06757404 0.22396739 0.17392164 0.015876587 0.1512613 0.12412743 0.11131737 0.0037000955 -0.099369936 -0.0017502476 0.18423244 0.37779844 0.51253945 0.52123046 0.46683866 0.44531757 0.44402283 0.4455809 0.47895637 0.4291757 0.3042267 0.16229571 0.060495157 -0.012209754 0.0064932853 0.039265573 0.03288635 0.050839897 0.06519452 -0.027234226 -0.16533019 -0.16042532
0.4363634 0.55126816 0.4851333 0.38099048 0.34078157 0.32147807 0.29381305 0.22067794 0.11708795 0.11388192 0.18367301 0.22495784 0.24977368 0.18775886 0.10956004 0.17189407 0.13002709 0.14050731 0.25932768 0.31990364 0.3330316 0.23902506 0.0830939 -0.08781417 -0.19471228 -0.19684237 -0.2762819 -0.25016013 -0.27602446 -0.08078452 0.042648148 0.02317681 -0.07891095 0.10177286 0.36125407 0.5319067 0.61315984 0.5294257 0.41789976 0.31310052 0.2224039 0.17728825 0.21616429 0.24698013 0.2826374 0.28598872 0.19623546 0.05367042 -0.048375767 -0.1244054 -0.12447128 -0.1728309 -0.19523615 -0.16754434 -0.20212902 -0.22557025 -0.21828224 -0.26332003
0.543462 0.46017775 0.33840325 0.25857723 0.27940106 0.27918398 0.27086443 0.2567663 0.14757244 0.15098248 0.13131312 0.13602436 0.122101665 0.08951101 0.120593265 0.12677915 0.08204776 0.15988976 0.2957862 0.3491976 0.3246823 0.13498309 -0.045267843 -0.16077036 -0.14855967 -0.102168635 -0.026591484 -32767.0 -0.103637256 -0.18105602 -0.1535151 0.10568265 0.42196712 0.5257341 0.5277845 0.48673007 0.36572412 0.27333865 0.13394834 0.05127084 0.09152527 0.097891554 0.20305862 0.24561988 0.24730845 0.07189946 0.016101485 -0.13660686 -0.16400166 -0.2508655 -0.2814266 -0.2535161 -0.1900906 -0.24264045 -0.20667894 -0.19064438 -0.22882628 -0.15565011
0.4307565 0.30806047 0.23952493 0.250462 0.24561335 0.26905474 0.30692887 0.3938635 0.32333747 0.28311056 0.27308783 0.15185991 0.07513478 0.11413274 0.16524723 0.1277148 0.2864044 0.43324226 0.47370663 0.43438178 0.31593502 0.10732613 -0.06906955 -0.119153336 -0.09399222 -0.02271961 -0.009626475 -0.15445894 -0.17021021 0.05100636 0.2573618 0.36312276 0.35049072 0.30872232 0.274291 0.20482066 0.13361561 0.020889003 -0.023220493 0.048371702 0.12541066 0.14831637 0.19538578 0.1990549 0.088894874 -0.045878503 -0.1611617 -0.2885493 -0.32976857 -0.3682718 -0.35580415 -0.19345911 -0.23654446 -0.16280724 -0.14058317 -0.02404711 0.062309835 -0.03842352
0.25935614 0.23648451 0.2631341 0.23297605 0.29317048 0.2779982 0.28092346 0.3410224 0.35844326 0.29300046 0.21825898 0.15305382 0.10134732 0.13230309 0.18003379 0.30648053 0.59760654 0.7043769 0.5289225 0.42344156 0.22885843 0.054587234 -0.012229748 -0.06834676 -0.06324021 -0.027954474 -32767.0 -0.07596806 0.056573 0.26094717 0.22652236 0.1732774 0.15047029 0.07876994 0.031121284 -0.041386165 -0.116080746 -0.07197094 -0.01669333 0.060349636 0.080653645 0.016913055 -0.027838536 -0.14887764 -0.15879111 -0.27198455 -0.374034 -0.38403594 -0.46827972 -0.4130647 -0.29024708 -0.29818878 -0.22187209 -0.1427024 -0.0677811 0.021138601 -0.03174912 0.11316142
0.1643276 0.21379937 0.27636686 0.1595694 0.06333766 0.16608053 0.23298405 0.23028031 0.26726848 0.24158102 0.17075865 0.15915318 0.14603242 0.20206682 0.3736395 0.64447856 0.84267706 0.7229274 0.46338037 0.2383351 0.09535287 -0.043930594 -0.17511253 -0.22225688 -0.15521778 0.107306994 -0.082552984 -0.016890088 0.22039844 0.15755497 0.090082705 0.07704011 -0.033723485 -0.12782937 -0.18778972 -0.17246228 -0.16323712 -0.08258056 -0.047361694 -0.07831607 -0.06732503 -0.064171344 -0.14336646 -0.24491155 -0.3530171 -0.41380197 -0.4751594 -0.5108047 -0.53622013 -0.3941153 -0.4074922 -0.4766043 -0.3902768 -0.30460623 -0.18446526 -0.06534159 0.061280154 0.13361983
0.15407582 0.18067838 0.20852625 0.14768007 0.020013964 0.04349365 0.08800775 0.08233589 0.14079654 0.15596947 0.19175825 0.19629331 0.2799221 0.41178736 0.63313496 0.8542428 0.81866 0.59505105 0.27729875 0.09615481 0.05337509 -0.013968363 -0.1634566 -0.1850184 -0.04740079 -0.008769555 -0.0064216396 0.060882162 0.056440808 0.014281488 0.02206618 -0.09972909 -0.27309066 -0.15824886 -0.15318237 -0.20529738 -0.16981287 -0.12273452 -0.12722668 -0.20142882 -0.17255779 -0.13759995 -0.21805568 -0.3636123 -0.4610594 -0.4632004 -0.49051586 -0.5752491 -0.41938984 -0.46267757 -0.48844817 -0.35778973 -0.2552003 -0.19799615 -0.15343158 -0.21572332 -0.123035 0.052588876
