static/data/seaWater_uo/2023/7/2/6.asc
ncols 137
nrows 93
xllcorner 108.0
yllcorner 17.0
cellsize 0.25
NODATA_value -32767
[rows 26 to 51 of 93, columns 58 to 115 of 137]
-0.23272158 -0.24614155 -0.26055127 -0.3196757 -0.26991966 -0.28824437 -0.22020271 -0.123953834 -0.0042781825 0.083166085 0.010695 -0.014464824 0.030421589 0.13033117 0.16944811 -0.046568055 -32767.0 -32767.0 -0.07842263 -0.04546436 0.15756203 0.016832985 0.027226515 0.17009762 0.18063633 0.17595479 0.13160025 0.07079526 0.114242546 0.019999254 0.017179748 -32767.0 -32767.0 -32767.0 -32767.0 -32767.0 -32767.0 0.022656467 -0.17032145 0.011604069 -32767.0 -32767.0 -32767.0 -32767.0 -32767.0 0.04348378 -32767.0 -0.15131535 -0.08109075 0.16502349 0.30681443 0.3360833 0.35209468 -32767.0 0.014942051 -0.13396625 -0.13976404 -0.14671746
-0.0790263 -0.09189896 -0.05579747 -0.14254314 -0.06541584 -0.11239692 -0.16593854 -0.064466745 -0.040629674 0.060588345 0.033928834 0.08233667 0.12257013 0.08785856 0.03979496 -32767.0 -32767.0 -0.12088596 -0.05256504 0.03739653 0.020819616 0.021221552 -0.023948686 -0.050156116 -0.10487565 0.015033912 0.09899989 0.077414274 -32767.0 -32767.0 -32767.0 -32767.0 -32767.0 -32767.0 -32767.0 -32767.0 -32767.0 -0.042480856 -0.06369677 -0.08891741 -32767.0 -32767.0 -32767.0 -0.046446905 0.0523651 0.26115116 0.27880296 0.16459817 0.12309701 0.18165657 0.2519144 0.30861655 0.25756288 0.050003216 -0.16959856 -0.12597883 -0.21327661 -0.25811028
-0.18781963 -0.055498686 0.04965607 0.11067888 0.12482494 0.08395149 0.01582883 0.02642259 0.048883285 0.080108635 -0.003993564 -0.035382822 0.013984343 -0.049659457 -0.03105585 0.043035645 0.24117273 0.18011038 0.04034932 -0.08357105 0.075949445 0.16242258 0.13935165 0.04975496 -0.042843755 0.16485406 -32767.0 0.013935179 -0.0039126645 -32767.0 -32767.0 0.05843499 -32767.0 -32767.0 -32767.0 -32767.0 -32767.0 -32767.0 0.116649 0.07264057 -32767.0 -32767.0 0.012169967 0.12623438 0.48910695 0.57729644 0.6896723 0.70274276 0.36865893 0.16633892 0.19307952 0.1085816 -0.086894706 -0.12709086 -0.09787895 -0.10902324 -0.15849356 -0.23449245
-0.08369068 -0.037565008 -0.045943294 0.033586513 0.072869405 0.15251692 0.26067233 0.2794401 0.21091646 0.25017747 0.1349208 0.07453507 0.056955833 -0.10984544 -0.019239265 0.0071132393 0.04082256 0.0286702 -0.0668508 0.018604089 -0.052862667 -0.039410245 0.025855426 0.069013916 0.026338238 -32767.0 -0.03214186 0.032555364 -0.003059976 -0.017437164 -0.10165175 -32767.0 -0.00064409926 -32767.0 -32767.0 -32767.0 -32767.0 -32767.0 0.15558025 0.4864474 0.5168185 0.72078884 0.28173307 0.49288535 0.24123983 0.29595515 0.36317682 0.4179051 0.4334808 0.18125069 0.123225786 -0.021261051 -0.17670187 -0.13784836 -0.030167231 -0.08062953 -0.08450651 -0.1711436
-0.036468465 0.106332675 0.057818286 0.056923788 0.06172658 0.13333999 0.08632767 0.091346085 0.08726792 0.16440465 0.11835369 0.106928274 0.10670525 0.07798943 0.15726916 0.062052276 0.06176232 0.03332423 0.068229936 0.10170561 0.048598193 0.06464151 -0.0108731855 0.013926076 -0.0051597385 0.07267284 0.072067566 -0.05098671 -0.12273012 -0.14387196 -0.04371021 -0.12725817 0.060494896 -32767.0 -32767.0 -32767.0 -32767.0 0.031704947 0.18930593 -0.012090011 -0.0876139 -0.06303722 -0.05869051 0.024031172 0.21945219 0.4102182 0.45378783 0.42561576 0.41822523 0.22821772 0.14349641 -0.07362644 -0.11869297 0.06215535 0.11472127 0.03942801 -0.024216956 -0.11021088
0.03306202 0.07502175 0.06943164 0.064717345 0.1568948 0.12633984 0.15156204 0.18500224 0.14673173 0.06898944 0.0911029 0.16879696 0.31946862 0.3069153 0.17647822 0.08714527 0.006785519 -0.01983546 0.06406416 0.15228382 0.17503767 -0.05490598 -0.11359053 -0.06500788 -0.08205434 -0.045476936 -0.017511647 0.009531051 0.057996396 -0.1452581 0.080801405 0.101929955 0.04428867 -32767.0 -32767.0 -32767.0 -32767.0 0.10991844 -0.056173146 -0.21328458 -0.26292863 -0.25383976 -0.22622575 0.24358346 0.69678605 0.8814187 0.73999375 0.5968356 0.5406997 0.49066865 0.2437665 0.08025955 0.08490625 0.17838705 0.10098609 0.06798349 -0.032895952 -0.09771968
-0.037009872 -0.012708443 0.05877027 0.13225816 0.22343057 0.28693345 0.31742594 0.32394633 0.25611147 0.15847701 0.13937637 0.1520625 0.15206805 0.2024452 0.169769 0.13311948 -0.019430187 -0.010271539 -0.048605774 0.018903026 0.106069125 0.029610734 -0.030026156 -0.04330356 -0.07491845 -0.044632412 -0.043037556 -0.020214245 0.012890594 0.007070836 0.0059056827 -32767.0 -32767.0 -32767.0 -32767.0 -32767.0 0.08714789 0.0035839675 0.016351752 -0.08575918 0.011722522 0.0672963 0.35006785 0.70172113 0.956545 0.866493 0.7519222 0.6653496 0.5862213 0.6892721 0.52966857 0.3657336 0.19293454 0.14889435 0.020697553 -0.060828295 -0.1334694 -0.17822826
0.018795429 -0.060104866 -0.05233576 0.030640088 0.12154688 0.21861899 0.30524662 0.32388213 0.23718667 0.17531699 0.20581429 0.20009108 0.1701595 0.15160263 0.12120996 0.13904434 0.0754483 0.09494529 0.046308413 0.0051043695 0.03723725 0.06455141 0.0399731 -0.0033617492 0.06333789 0.10550234 0.0968123 0.019962288 -0.062854886 0.087916546 0.0036797808 -32767.0 -32767.0 -32767.0 -32767.0 -32767.0 0.12946689 0.16845298 0.24520738 0.22312115 0.29100475 0.43129045 0.7326097 0.97313285 0.73062253 0.578952 0.6001683 0.57232976 0.5229873 0.60324144 0.7359144 0.48627222 0.26064926 0.1316252 -0.031770635 -0.139478 -0.22172973 -0.3365097
0.09491205 0.08784577 -0.013272979 -0.025703251 0.02788188 0.099660225 0.16439973 0.21122865 0.12955864 0.13523981 0.07269593 0.076327115 0.12837842 -0.0016630823 -0.029409694 -0.053037837 -0.108456805 -0.11062746 -0.026627127 -0.042050917 0.06352199 0.0537531 0.047577877 0.014942869 0.0494066 0.08330737 0.08082517 0.01182241 0.00049969414 0.0108863795 -0.044796783 0.03729676 -32767.0 -0.034914818 -32767.0 -32767.0 0.229767 0.30920386 0.41248062 0.52019244 0.61458 0.82430714 1.1238534 0.88072926 0.6266329 0.7007868 0.6274589 0.551601 0.5223583 0.48371118 0.6052882 0.5392713 0.3013708 0.0986827 -0.020377746 -0.17065261 -0.08638679 -0.0952848
0.16102669 0.021287557 -0.10188191 -0.14640956 0.08133004 0.07395352 0.07704866 0.16533537 0.15932688 0.09291633 0.13388208 0.0044729766 0.006536243 -0.055071566 -0.10245383 -0.17337076 -0.15581752 -0.14063181 -0.16776177 -0.113822654 -0.06841413 -0.05016732 -0.0044360487 -0.0007101747 0.0059808027 -0.07828877 -0.0905952 -0.09191728 -0.0956423 -0.057546854 0.024228992 0.26065347 0.13349898 0.083173506 -32767.0 0.088835075 0.32444575 0.5839568 0.8494742 1.0695047 1.2765585 1.2446089 0.8524401 0.56262153 0.85993785 0.8875339 0.8059909 0.6542882 0.50294447 0.42802006 0.4191584 0.44461718 0.29520658 0.09839134 0.047153093 0.01983538 0.021074247 0.057870284
0.04547582 -0.05927536 0.028021213 0.013282728 0.077027425 0.13805583 0.16912313 0.13434571 0.03935175 0.029353097 0.0698564 -0.055809807 -0.09673461 -0.061484125 -0.07654099 -0.09923622 -0.10457733 -0.017821781 -0.11293128 -0.32574093 -0.26307857 -0.06488736 0.028890021 0.0716628 0.064982586 -0.019943688 -0.103396215 -0.069074996 -0.10021019 -0.062169597 0.04988189 0.19179627 0.33984363 -32767.0 0.71208483 0.8859362 0.7453544 0.5018668 0.51074904 0.7460345 0.8900527 0.6924735 0.44544277 0.5168365 0.460903 0.4597031 0.52586275 0.5368528 0.44769165 0.33483866 0.2873521 0.30057552 0.21763311 0.10928201 0.14177641 0.17294018 0.2307664 0.20652153
0.009773384 0.03361558 0.032688316 0.1360934 0.19723523 0.17095363 0.16089223 0.30942655 0.14553154 0.081469424 0.10033576 -0.01465803 -0.13510515 -0.16424775 -0.18014216 -0.08708414 -0.026210489 0.020967191 -0.037879873 -0.12880065 -0.094092794 0.073820055 0.12064128 0.0789236 0.1426798 0.15958469 0.13713038 0.081514455 0.06248929 0.07728714 -0.008834181 0.21245623 0.25040704 0.3389165 0.31756395 -0.10423305 0.16588637 0.24572514 0.3457756 0.6231886 0.64539653 0.5007039 0.3389261 0.14502588 0.10225389 0.15856816 0.22214381 0.34010378 0.32199568 0.26319736 0.26566815 0.27619717 0.21423662 0.12715569 0.19633758 0.30690026 0.39863092 0.48170972
0.13380612 0.045236763 0.15674934 0.28636444 0.26650426 0.29946852 0.18158929 0.20513424 0.20486537 0.1258765 0.12235365 0.07430806 -0.028396036 0.01373154 0.0040473584 0.05906194 0.1274724 0.013316923 -0.0056050397 0.012278362 0.0045723836 -0.019197335 -0.062259205 -0.03549523 0.1421923 0.3615011 0.4263498 0.3892418 0.35155094 0.25809443 0.16002604 -32767.0 0.09861119 0.23262474 -32767.0 0.111054674 0.42067513 0.6163768 0.7249869 0.68554723 0.5419834 0.4612454 0.28302744 -0.058690082 -0.12760136 0.013718956 0.07769299 0.16175303 0.22532436 0.20598698 0.24151525 0.4114629 0.45136297 0.2558457 0.22122277 0.32969642 0.5900978 0.94110787
-32767.0 0.25527564 0.3363314 0.30408055 0.3433884 0.35409686 0.25323105 0.07737189 0.1068293 0.13780765 0.16033255 0.11476859 0.099644326 0.15278831 0.18012771 0.14038081 0.12285167 0.027863607 0.060513124 0.024525741 -0.041023307 -0.0640386 -0.16953292 -0.14592403 0.019032884 0.3389777 0.58844435 0.6101063 0.54273075 0.5002081 0.45002815 0.18038212 -32767.0 0.006177565 0.41491374 0.8275968 0.95547086 0.78976196 0.5180959 0.4409189 0.39878651 0.43583384 0.557909 0.20017259 0.04898031 0.007745144 0.12130296 0.14233743 0.21211468 0.2690868 0.24029824 0.49545547 1.0150261 1.1550084 1.1998761 1.2702856 1.1985985 1.0079261
0.2194447 0.17274988 0.1147525 0.08884979 0.1855105 0.30304313 0.22852397 0.15305659 0.11871938 0.07443088 0.11013678 0.16655727 0.2184315 0.2728019 0.25033996 0.16143277 0.12557839 0.09835537 0.010252611 -0.107756265 -0.08888992 -0.0011671076 -0.035655234 0.0036191072 0.07252257 0.30055603 0.56458396 0.6804393 0.60440123 0.56908274 0.45430663 0.7241061 0.41919088 0.31902695 0.62962043 0.4022687 0.071912855 0.17109202 0.36524016 0.28976646 0.4172867 0.5283446 0.5111899 0.5636381 0.390821 0.13905008 0.077730216 0.26607174 0.32732013 0.36598665 0.4404042 0.43989763 0.68028486 1.0622427 1.1609911 1.0241015 0.85701925 0.83926636
0.30911672 0.24145937 0.3534235 0.3263832 0.3144026 0.22975725 0.37444445 0.2711262 0.216036 0.14464046 0.0661294 0.13228641 0.14384918 0.19005692 0.23086666 0.15538056 0.09963548 0.008879571 0.01080729 0.009117975 0.12094518 0.16308582 0.3449396 0.4607779 0.50375175 0.6036633 0.58280474 0.6169055 0.6401756 0.6303927 -0.11965612 0.32610223 0.7435686 0.6159996 0.26767594 0.22346352 0.4044247 0.54804504 0.5818847 0.54349923 0.49700192 0.57521355 0.48062488 0.2941884 0.23570462 0.312899 0.29147828 0.28846067 0.3668272 0.39269388 0.35230175 0.5298062 0.629426 0.6622246 0.7119369 0.8006827 0.7569181 0.54849416
0.22452357 0.1799391 0.20820582 0.20359802 0.23552859 0.25811496 0.18272448 0.34612527 0.33317196 0.22300053 0.23251131 0.18420923 0.1484316 0.15200552 0.1743434 0.16356267 0.1301757 0.077897295 0.06556405 0.18023385 0.45745227 0.77844304 1.0092274 1.1049879 1.0195833 0.7969132 0.63745373 0.5667687 0.5736969 0.6267397 0.5724612 0.050029267 0.1071188 0.17810558 0.24253994 0.47082663 0.5934795 0.537161 0.35360113 0.35695183 0.4145382 0.46209443 0.53595924 0.5168337 0.44582507 0.47947842 0.45948026 0.40090925 0.3337287 0.33418503 0.19772536 0.1626321 0.28010586 0.40099367 0.41898254 0.36421221 0.24689448 0.10194091
0.14592087 0.18720618 0.28921238 0.25540376 0.30356112 0.27140266 0.26888195 0.23710945 0.28420538 0.2512907 0.21617891 0.21677881 0.23590875 0.23447376 0.27419758 0.22224423 0.17427558 0.19023158 0.2869655 0.5618283 0.94025713 1.1527263 1.2005291 1.0663459 0.8511623 0.74199367 0.58596784 0.51029575 0.4878105 0.3648203 0.61325586 0.6142432 0.6073568 0.69458544 0.78633803 0.7196542 0.55010676 0.4054279 0.377413 0.28474042 0.22772954 0.24189036 0.40906665 0.6266832 0.7382873 0.6445591 0.5345679 0.40883413 0.31518722 0.2646431 0.19384152 0.21907091 0.30645594 0.3763343 0.3318425 0.26543868 0.23195948 0.11875438
0.1961555 0.351368 0.34595644 0.36664274 0.31126297 0.25202835 0.23145366 0.16795541 0.17146151 0.13604057 0.11683233 0.13569608 0.20973134 0.2579743 0.33830583 0.4813163 0.4732237 0.44894898 0.66984993 0.85437983 0.88200206 0.8263883 0.78630394 0.73184264 0.6627755 0.56045467 0.41474324 0.2484793 0.25894362 0.53424543 0.35850424 0.5505466 0.6286423 0.647646 0.7131178 0.52340543 0.3221277 0.4469049 0.4503466 0.53045076 0.6146946 0.75832474 0.84878975 0.88935953 0.7657805 0.6466663 0.42437437 0.33106464 0.23534182 0.175155 0.11220525 0.14466932 0.19114242 0.195671 0.21945791 0.17804313 0.046772156 -0.09893888
0.3151354 0.3892659 0.50331765 0.49596468 0.3795195 0.2912258 0.25565308 0.1874889 0.23467688 0.16509709 0.14154495 0.16847779 0.14888544 0.15464719 0.2616836 0.33654994 0.4079144 0.5218565 0.5900117 0.66551113 0.6827007 0.61577946 0.5632887 0.45233008 0.3273352 0.30234468 0.46483675 0.55550784 0.39111382 0.34342098 0.25466257 0.15996584 0.30689773 0.23173071 0.11039433 0.14420588 0.2821912 0.36734658 0.47614726 0.62947047 0.7438785 0.73182046 0.69728976 0.6226767 0.41920468 0.37396225 0.2757325 0.1967783 0.11746285 0.03858652 -0.010228091 0.054642484 -0.021072749 -0.11113217 -0.2140193 -0.2040656 -0.2823774 -0.19395871
0.44584453 0.53347355 0.54274756 0.4589979 0.3507986 0.30584955 0.23239578 0.14983322 0.14641328 0.12563822 0.11701899 0.1514038 0.17017516 0.18367891 0.22896415 0.19459829 0.30727154 0.2534649 0.3514412 0.47557113 0.53397447 0.43969825 0.32049227 0.24756515 0.12604906 -0.0349049 -0.14322382 -0.14401177 -0.16399467 -0.06300983 0.105872005 0.067138135 0.060102835 0.088685304 0.2112451 0.30796087 0.42608565 0.56512266 0.6574223 0.6367548 0.5494354 0.4478389 0.35245702 0.3488229 0.21554506 0.13691585 0.14133869 0.07989304 0.0060270564 -0.1010764 -0.0537286 -0.13650656 -0.2686766 -0.37481013 -0.38204175 -0.38105333 -0.2285103 -0.1450121
0.59155196 0.4899868 0.3429264 0.26326764 0.24697895 0.2330691 0.21355787 0.1262102 0.14480071 0.098106146 0.114176795 0.2150556 0.2675491 0.22286198 0.16263025 0.25221774 0.08197836 0.082009554 0.2349548 0.38854715 0.45632827 0.3299897 0.2891351 0.21651308 0.19530202 -0.0009711683 -0.029013144 -32767.0 -0.12336947 -0.1351051 -0.15561728 0.08800342 0.21739525 0.38017374 0.49755663 0.5615636 0.6048697 0.56993943 0.5253069 0.3809824 0.32427257 0.27326864 0.26326948 0.22765073 0.11300996 0.03928616 -0.057210524 -0.077454016 -0.16128795 -0.14401928 -0.28077567 -0.38432994 -0.32219937 -0.22433752 -0.14435762 -0.119626865 -0.12267459 -0.009271189
0.4503726 0.33094123 0.2510298 0.2364084 0.18506056 0.20597275 0.25401443 0.29651633 0.24015592 0.30897358 0.29679647 0.2260902 0.24950111 0.25448796 0.29004613 0.25785077 0.14582542 0.19279568 0.41289738 0.4778953 0.4664983 0.32800195 0.32915878 0.2730379 0.2615556 0.15076952 0.13658078 -0.12556857 -0.11253198 -0.060897168 0.09636868 0.36485597 0.56478596 0.5844747 0.4957308 0.46274802 0.4241255 0.37789947 0.31095773 0.1992864 0.15603717 0.17072815 0.17508467 0.08538159 -0.101451315 -0.17577115 -0.22410204 -0.22833492 -0.24643165 -0.37252682 -0.3140801 -0.13155748 -0.0060480973 -0.12702344 -0.14580125 -0.015726337 0.09255259 0.07030238
0.34376281 0.268571 0.21749249 0.25392097 0.3099075 0.23383388 0.27590021 0.335036 0.38128266 0.3750943 0.33122933 0.2974803 0.29989633 0.31984606 0.30268794 0.30816334 0.4527327 0.68969357 0.716269 0.552189 0.4390595 0.304386 0.37330425 0.36130947 0.2851493 0.14098872 -32767.0 0.06559779 -0.0032569573 0.14371495 0.36673436 0.46146843 0.39399487 0.30732703 0.3004774 0.2577699 0.2598062 0.20835322 0.1070598 0.07165506 0.062241457 -0.07535752 -0.17009711 -0.30448434 -0.3346304 -0.38314137 -0.3323121 -0.34365368 -0.3151836 -0.24842994 -0.1383006 -0.009309687 0.078417964 0.15807103 0.16054305 -0.00011944701 0.03534668 0.21727219
0.34813473 0.3227417 0.21893314 0.24925736 0.25673282 0.27290002 0.28102744 0.32327253 0.31435454 0.34400323 0.34908786 0.34106776 0.34039 0.34046283 0.43295166 0.70674 0.94747984 0.86839527 0.5879425 0.38126868 0.34914577 0.23011018 0.20080553 0.21249677 0.14893323 0.113032274 0.05767372 -0.015997628 0.12288899 0.30546665 0.37992972 0.25693357 0.22204967 0.15664655 0.14656046 0.23374332 0.13007945 0.050587 -0.06195464 -0.014260622 -0.061666097 -0.27979505 -0.43820584 -0.4753372 -0.40784198 -0.39693323 -0.35757595 -0.3697702 -0.2513986 -0.089193664 -0.101521954 -0.24236125 -0.25233084 -0.25534055 -0.16690004 -0.015760696 0.113097616 0.065181606
0.4021952 0.3078871 0.27734914 0.17021486 0.11043297 0.26442286 0.21736453 0.17518027 0.1683406 0.25591975 0.33971748 0.39779615 0.45937422 0.5525739 0.73863834 0.95219606 0.87333447 0.57375777 0.33264944 0.20219988 0.31325078 0.2689597 0.23944423 0.16659293 0.026370687 0.023012847 0.100513585 0.09513014 0.23130548 0.30238742 0.23956618 0.15016298 0.037337657 0.07395757 0.097875826 0.11665277 0.039229166 -0.005336292 -0.12233592 -0.10212854 -0.15455651 -0.33480328 -0.39434788 -0.40972444 -0.35996205 -0.35515255 -0.37401587 -0.32755262 -0.15173256 -0.15316215 -0.20932217 -0.23487726 -0.16088413 -0.15864944 -0.10044999 -0.12179337 -0.1810154 -0.14101824
