static/data/ASCData/20210129/ASCU/03.asc
ncols 97
nrows 97
xllcorner 99.0
yllcorner 2.0
cellsize 0.25
NODATA_value -32767
[rows 57 to 75 of 97, columns 0 to 42 of 97]
-1.534687346734541 -1.8664808229221106 -2.4583455013093354 -3.4309619037802284 -3.105716983043729 -2.2668782133589898 -1.9057721556285334 -1.5736668434671035 -2.145885855501117 -2.6351564984882376 -3.163406638207921 -4.241423599843662 -4.9321402819446645 -3.746539909327052 -2.2933842711371324 -1.733638698057539 -2.2983736467189004 -2.684114746384336 -2.9622724350679 -2.856871875903052 -2.5141641406303648 -2.360740841491 -2.747417449078017 -2.919239070675151 -3.3947889308124104 -3.5120392569839574 -3.476801791937721 -3.1303520249787082 -2.841280077210027 -2.5219600399768773 -2.3049222021699705 -2.287459387633783 -2.3969138144588173 -2.944809620531712 -3.039295920611443 -2.4826687072704545 -1.3354241594376832 -2.0043123233684508 -2.7327611583065736 -2.950422668061201 -2.9476161442964566 -3.4281553800154834 -3.7562068245167275
-1.4536099935308116 -1.5783443830750108 -1.9731287259824009 -3.042414280350048 -3.266000673608025 -2.4340222953482167 -1.7504778406460058 -1.4670189404068132 -1.4545455014523934 -1.3666077568237327 -1.9905915405185888 -3.3841865077011537 -4.005363767631265 -3.673258455469835 -2.273738604783921 -2.105970850846973 -2.5266375795847846 -2.6535548209460074 -3.1584172626261533 -3.2884528637259804 -3.096985575775635 -2.8468931247395157 -2.589316610330745 -2.74928846492118 -2.7152983437703857 -2.7639447556926235 -2.747417449078017 -2.6323499747234935 -2.551272621519764 -2.5082392571270153 -2.322696852680019 -2.1702090614622356 -2.2522219225875464 -1.6438299375857155 -1.5159771883029114 -1.5649354361990095 -0.7541619041617151 -1.3519514660522898 -3.177127421057783 -3.619622667965829 -4.424159480525914 -4.902827700401778 -4.463138977258476
-1.5942480177418963 -1.777607570371869 -2.28558837179062 -3.248537859071837 -3.4780491358331633 -2.9856601331074373 -2.3099115777517385 -2.0080543550547767 -1.9721932180608195 -1.7592092479140997 -2.336417635529881 -3.386993031465898 -3.367659201086547 -3.0470918199579553 -3.17525640521462 -3.0277579895786046 -2.8899264891322645 -2.829430310203328 -3.472124252329814 -3.2357525841435564 -2.972874858179157 -2.484851559087478 -2.2319525842866144 -2.181123320547353 -2.1430793317363723 -2.0258290055648254 -1.9946454081787754 -2.1106483904548807 -2.1037879990299495 -2.111583898376462 -2.0130437306365447 -1.8499535163075045 -1.2543468062339533 -0.6437719694150994 0.0017284964761312693 -0.08527374023094758 -0.4036582695425155 -2.228834224548009 -4.675187439483614 -6.105890887555578 -6.864587811958169 -5.750397877354611 -5.271729657478747
-2.075410925408644 -2.3323637678696945 -3.2394946158298823 -4.03935388878206 -4.010041307239172 -3.517964140487307 -2.8468931247395157 -2.5082392571270153 -2.468012416499011 -2.4564744854661726 -2.927034970021664 -3.152804215096664 -3.049274671774979 -2.9077011396423127 -3.035553888925117 -3.3205719690336117 -3.1418899560115467 -2.782654914124253 -3.067672994232748 -2.2503509067443836 -2.281534504130433 -1.7981887446466618 -1.8187699189214546 -1.7679406551821937 -1.5502791454275662 -1.4152541687459705 -1.309853609581122 -1.4271039357526694 -1.4330288192560188 -1.3781456878565712 -1.259024345841861 -0.6047924726825364 -0.008250254687404812 0.08374135760144252 0.7741462037285842 -0.31665603283543664 -1.8752122301902046 -4.8959673089768465 -7.556863673928474 -8.932060318653269 -7.829408315082549 -6.714282872557409 -5.782516982662242
-2.761138231927879 -3.1674605058681076 -4.144754447946908 -4.438815771297357 -4.426030496369076 -3.950480636231817 -3.254150906601326 -2.773923506856159 -2.6613507202925195 -2.778601046464067 -2.984724625185856 -3.0296290054217674 -2.8110319877455585 -2.703448576763687 -2.7152983437703857 -3.0053057994606487 -2.752406824659785 -2.347955566562719 -1.2942618108880977 -0.6029214568393737 -1.387188931098526 -1.663475603938927 -1.7180468993645137 -1.5278269553096102 -1.295197318809679 -1.016104122204533 -0.8608098072220054 -0.7738075705149265 -0.766011671168414 -0.6450193133105406 -0.3097956414105063 0.4008785430175683 0.2817572010028586 0.26803641815299617 -1.2231632088479039 -3.1730735533975967 -5.597910086136827 -8.196751092290215 -9.862578864652995 -9.047127793007792 -7.807891632886175 -6.799102257447465 -5.93188641414142
-3.434080263518833 -4.24641297542543 -4.47779526802992 -4.618433292241003 -4.638078958594215 -4.187787812339656 -3.5971704778478735 -3.166524997946526 -3.014972714650324 -3.2728610650329557 -3.2971842709940744 -3.1487503474364775 -2.957283059486132 -2.8166450352750476 -2.6682111117174507 -2.2709320810191764 -1.7844679617967998 -1.3556934977386152 0.15889382730182255 -0.4691438240532202 -2.544412230094833 -2.4817331993488727 -1.8811371136935544 -1.5412359021856115 -1.208506918076461 -0.8420996487903754 -0.6899236935464526 -0.45043366562159015 -0.32944130776371683 -0.28640794337096853 -0.10086553892397276 -0.6684070113500784 -1.2668202451883737 -2.805107104242209 -5.161651558705991 -7.517884177195912 -9.197744568382413 -9.905612229045744 -9.360834782711454 -8.504221362516667 -7.674114000100021 -6.874254727147845 -6.190710272445633
-3.5931166101876872 -4.306909154354367 -4.350878026668696 -4.529560039690762 -4.664273180398497 -4.4924515588013625 -4.122302257828951 -3.8871779335381365 -3.5871917266843374 -3.5550726213767065 -3.512974764905539 -3.4877160510228387 -3.287517355804399 -3.023704121918418 -2.658544196527775 -2.1312295647296735 -1.6176357157814336 -1.4115121370596446 -1.1567421464156178 -1.8967289123865791 -3.161535622364758 -2.884001605628915 -2.2837173559474566 -1.889868520961648 -1.5365583625777042 -1.1302360886374752 -0.8090450355611631 -0.4797462471644769 -0.5630064521852303 -0.7416884652072957 -1.5668064520421723 -3.47586628401614 -5.838335621983271 -7.830343823004131 -9.205540467728927 -10.221190234592568 -9.957377000706586 -9.528602536648402 -8.96324391603932 -8.287495360683621 -7.5100882778494 -6.794424717839557 -6.2063020711386585
-3.391982407047666 -3.499253982055677 -3.784583898138033 -4.12729163341072 -4.394846898983027 -4.566668520580161 -4.566668520580161 -4.574464419926674 -4.413557057414657 -4.218035901804124 -3.9330178216956293 -3.7356256502419347 -3.4250370202768785 -3.0442852961932108 -2.6526193130244256 -2.317707477098251 -2.1789404687303295 -2.164284177958886 -2.63016712290647 -2.9457451284532934 -3.3685947090081285 -3.4612099932446965 -3.332421736040311 -2.9856601331074373 -2.3644828731773258 -1.733638698057539 -1.3606828733203837 -1.4133831529028074 -1.6731425191286022 -2.228834224548009 -3.9192970388457677 -6.445792099063521 -8.778637019513905 -10.069637951296365 -10.215265351089219 -10.030658454563802 -9.579431800387663 -9.145979796721571 -8.467112881627267 -7.884291446481997 -7.317685481977472 -6.805962648872396 -6.261185202538106
-2.677254354959405 -2.506368241283852 -3.415370105087203 -3.910565631577674 -4.205562462849705 -4.36553431744014 -4.585378679011791 -4.710424904529851 -4.794308781498325 -4.660531148712171 -4.385179983793352 -3.908694615734511 -3.625235715495318 -3.414434597165622 -3.110706358625497 -2.932024345603432 -2.909572155485476 -3.0891896764291227 -3.512974764905539 -3.942684736885305 -4.214293870117799 -4.3059736464327845 -4.125420617567556 -3.619622667965829 -2.880259573942589 -2.4252908880801227 -2.324567868523182 -2.4106345973086793 -2.9067656317207313 -4.313769545779297 -6.4710508129462205 -8.52573804471304 -10.043443729492083 -10.165371595271537 -10.136059013728651 -9.632132079970088 -9.12633413036836 -8.58810523948514 -8.115673739086485 -7.643865910635553 -7.20947839904788 -6.731745687093597 -6.289562276159411
-2.031753889068175 -1.6263671230495276 -2.623306731481539 -3.7727341311313336 -4.157539722875188 -4.304102630589622 -4.449730030382474 -4.765931707877019 -4.966130403095459 -4.878192658466799 -4.730694242830783 -4.375513068603676 -4.091118660442902 -3.876263674453019 -3.7680565915234263 -3.6692045878096486 -3.8547469922566444 -4.14600179184235 -4.475924252186756 -4.776845966962137 -5.00417439190644 -5.123295733921149 -4.874450626780472 -4.080516237331645 -3.327432360458543 -3.2600757901046755 -3.2182897696073685 -3.6155688003056428 -4.789319405916556 -6.602957429889211 -8.356722946880652 -9.963301884209937 -10.054981660524922 -10.121402722957207 -9.714144941095398 -9.142861436982965 -8.583427699877234 -8.09914643247188 -7.728997131499469 -7.4661194055350695 -7.113744755072707 -6.9222774671223615 -6.547138790568182
-1.4779331994919307 -1.1673445695268745 -2.155552770690792 -3.1986441032541575 -4.022826582167453 -4.200573087267937 -4.4721822205004305 -4.731941586726225 -5.008228259566626 -5.093047644456681 -5.056874671488863 -4.884117541970148 -4.651799741444077 -4.520828632422668 -4.418234597022564 -4.489645035036618 -4.64774587378389 -4.940871689212758 -5.246470943596046 -5.531489023704541 -5.644997318189763 -5.742601978008098 -5.396775882996806 -4.593174578358303 -3.902769732231161 -3.9348888375387925 -4.8987738327415915 -6.104955379633997 -7.3735041212985015 -8.529791912373227 -9.855718473228064 -9.834201791031688 -9.916526488130861 -9.659573645669811 -9.165313627100922 -8.59995500649184 -8.063908967425643 -7.729932639421051 -7.506346246163074 -7.303964699127611 -7.315814466134309 -7.132143077530476 -6.835275230415283
-1.2378194996193477 -1.061008502440445 -2.0071188471331953 -2.5746603195593014 -3.40071381431576 -4.397965258721632 -4.692650254019802 -4.9436782129775025 -5.173189489738829 -5.375259200800432 -5.464132453350674 -5.318816889531682 -5.237739536327952 -5.1098867870451485 -5.123295733921149 -5.194706171935204 -5.395840375075225 -5.688966190504092 -5.919412975187001 -6.181043357255958 -6.249335435531407 -6.126472061830371 -5.788441866165591 -5.239610552171115 -4.56573301265858 -5.565790980829196 -7.061979983411864 -8.59995500649184 -9.185894801375714 -9.796157802220709 -9.808007569227406 -9.785555379109452 -9.468106357719465 -9.194626208643808 -8.660451185420776 -8.152782219975885 -7.726814279682445 -7.64199489479239 -7.489507103574606 -7.498550346816561 -7.5050989022676315 -7.311760598474123 -7.011150719672603
-1.636034038239203 -1.4907184744202109 -2.0267645134864067 -2.4770556597409654 -3.287517355804399 -4.28445696423641 -5.193770664013622 -5.488767495285653 -5.617555752490039 -5.765054168126054 -5.8461315213297835 -5.718278772046979 -5.6537287254578565 -5.70642900504028 -5.720149787890143 -5.913488091683651 -6.152666283634653 -6.489760971377851 -6.718960412165316 -6.925083990887106 -6.956267588273155 -6.780703934989695 -6.785381474597603 -6.236550160603127 -6.516890701103714 -7.6223492284391785 -8.85690784895289 -9.729736739788422 -9.7914802626128 -9.837320150770294 -9.824534875842014 -9.582550160126267 -9.266036646657863 -8.860649880639215 -8.354851931037487 -8.026800486536244 -7.743653422270913 -7.763922760571845 -7.760180728885519 -7.782632919003475 -7.620478212596016 -7.427139908802507 -6.940675789580131
-2.5522081294413455 -2.544412230094833 -2.629231614984888 -2.401591354066725 -3.3567449420014297 -5.009163767488207 -6.024813534351849 -6.099030496130647 -6.208484922955682 -6.286443916420806 -6.191645780367215 -6.082503189516041 -6.070653422509341 -6.168258082327678 -6.390908967664073 -6.607634969497119 -6.901696292847569 -7.233801605008999 -7.6164243449358295 -7.822547923657618 -7.888033478168323 -7.87337718739688 -8.01806907926815 -8.376368613233861 -8.91335016022164 -9.280692937429306 -9.80395370156722 -9.737532639134935 -9.82765323558062 -9.892826954117464 -9.695746618637628 -9.412599554372296 -9.094215025060729 -8.698495174231756 -8.3997563112734 -8.113802723243323 -7.939798249829165 -7.840322574167667 -7.844064605853992 -7.804149601199849 -7.606757429746153 -7.221016330080718 -6.6937016982826165
-3.341153143308405 -3.5276310556769825 -3.3480135347333357 -3.0470918199579553 -3.6467523976916927 -5.353742518604057 -6.755133385133135 -6.829350346911933 -6.743595454100296 -6.839329098075469 -6.670314000243079 -6.587365631196187 -6.529675976031994 -6.667507476478335 -6.930073366468873 -7.275899461480166 -7.664447084910346 -7.970981847215215 -8.34986255545572 -8.629267588034725 -8.84505808194619 -8.864703748299402 -8.871564139724333 -9.219261250578787 -9.596894614923851 -9.718198808755584 -9.738779983030376 -9.84792257388155 -9.912472620470673 -9.772770104181172 -9.619658641015667 -9.474966749144397 -9.211153515258415 -8.841316050259865 -8.529791912373227 -8.152782219975885 -7.787622294585242 -7.483894056045118 -7.57931586404643 -7.534411483810518 -7.290555752251609 -6.8948359014226375 -6.475104680606408
-3.98977196893824 -3.8432090612238063 -4.192777187921424 -4.514903748919318 -4.749404401262413 -5.817754447708478 -7.167380542576712 -7.413419125952645 -7.201682499701367 -7.259060318891699 -7.02175314278386 -7.004290328247672 -6.968117355279855 -7.1811013254265745 -7.496367494999538 -7.812881008467943 -8.227934689676266 -8.622407196609796 -8.927070943071502 -9.22019675850037 -9.367695174136385 -9.293478212357586 -9.179034409950784 -9.254186879651163 -9.494612415497606 -9.687015211369534 -9.782437019370846 -9.832330775188527 -9.738779983030376 -9.729736739788422 -9.618411297120225 -9.474031241222814 -9.20148660006874 -8.806078585213628 -8.400691819194982 -7.994369545254752 -7.564971409248847 -7.2983516515981215 -7.323610365480822 -7.335460132487521 -7.095970104562658 -6.674056031929405 -6.264927234224432
-4.792437765655161 -3.842273553302225 -4.070537486168109 -4.375513068603676 -4.599099461861653 -5.825550347054991 -7.376310645063246 -7.62920961986411 -7.419344009455995 -7.692824158531652 -7.461441865927162 -7.371321269481478 -7.277770477323329 -7.444602723338695 -7.820676907814455 -8.221074298251335 -8.577502816373883 -8.914285668143222 -9.130387998028546 -9.247326488226232 -9.192755192800647 -8.948587625267876 -8.859714372717633 -8.977900206810762 -9.213336367075438 -9.440664792019742 -9.527667028726821 -9.643981846976786 -9.724123692258933 -9.70946740148749 -9.539516795733519 -9.336199740776475 -8.962308408117737 -8.511081753941598 -8.177105425937004 -7.821612415736037 -7.488571595653025 -7.287437392513004 -7.098152956379682 -7.180165817504993 -7.018946619019116 -6.628216143771912 -6.207549415034101
-5.025691074102814 -4.070537486168109 -3.51983515633047 -3.7300126027124456 -4.186852304418075 -5.466315305167697 -7.166445034655131 -7.837204214429062 -7.863710272207204 -7.844064605853992 -7.640123878949227 -7.5210025369345175 -7.57276730859536 -7.62920961986411 -7.849989489357342 -8.160578119322398 -8.560040001837695 -8.812003468716977 -8.904618752953546 -8.850047457527959 -8.690699274885244 -8.445596199430893 -8.414412602044843 -8.56284652560244 -8.804207569370465 -9.04432126924305 -9.329339349351544 -9.6028194984272 -9.630261064126923 -9.49648343134077 -9.409481194633692 -9.161571595414596 -8.703484549813524 -8.201428631898123 -7.936991726064421 -7.718082872414351 -7.483894056045118 -7.306147550944634 -7.086303189372983 -7.089109713137727 -6.860845780271843 -6.500363394489108 -6.121482686248603
-5.613501884829852 -5.00417439190644 -4.22801465296766 -3.913372155342418 -4.231756684653987 -4.536420431115693 -5.809023040440384 -7.465183897613487 -7.862774764285623 -7.9348088742473974 -8.059855099765457 -7.6800388836033715 -7.555928166006893 -7.626403096099365 -7.549067774581962 -7.724007755917701 -7.9535190326790275 -8.211407383061658 -8.28157047718027 -8.101017448315043 -7.892087345828509 -7.819741399892874 -7.862774764285623 -8.241655472526126 -8.549125742752578 -8.985696106157274 -9.296284736122331 -9.43972928409816 -9.430062368908484 -9.347113999861591 -9.231734689533209 -8.992556497582207 -8.648913254387937 -8.228870197597846 -7.859656404547017 -7.586176255471361 -7.3822355285665955 -7.1985641399627625 -7.055119591986934 -6.963127979698086 -6.7688541679829966 -6.49537401890734 -6.107761903398741
