static/data/ASCData/20210129/ASCU/06.asc
ncols 97
nrows 97
xllcorner 99.0
yllcorner 2.0
cellsize 0.25
NODATA_value -32767
[rows 57 to 75 of 97, columns 0 to 42 of 97]
-2.916635981287577 -3.0914072439529514 -3.2936135304088214 -3.9964243250418687 -4.19592097951843 -3.64789791170336 -3.686171463411087 -4.321918866556258 -4.728024959455065 -4.5972852164534475 -4.2026950594667 -3.4280790173819873 -2.5677708639516545 -0.8403804771427188 0.678368247259491 0.3677766816312955 -1.9770710924624812 -2.8685400136548576 -2.862782045698828 -3.118503563746033 -2.6937687509894825 -2.5003687684663647 -2.7134135828394665 -2.797412174198019 -3.1764219473037443 -3.1351000596192953 -2.9664254689073637 -2.4925785765258537 -2.205696290716605 -1.8080577977531362 -1.4087257848025998 -1.2085517223312117 -1.452757304466357 -2.1078108354640985 -2.0719082117382657 -1.6996725185808108 -1.085602171270105 -1.386371320973308 -2.610786271623171 -3.15576100346152 -3.0592303641986676 -3.227904954910599 -3.4700783130612636
-2.7591386224902914 -2.841443693861776 -3.0571981402141866 -3.6363819757913003 -3.1117294837977627 -2.5288199042491 -1.677318054751519 -2.1078108354640985 -2.7564289905109836 -3.2329855148718014 -3.2445014507838614 -3.0006345726461294 -2.315775089875998 -1.8862984211556588 -0.42817771229046864 -0.46340292802147465 -2.156584211091645 -2.854991853758317 -3.2211308749623284 -3.4019988095811464 -3.3948860256354627 -3.1273098676787843 -2.760154734482532 -2.8285729419600623 -2.6751400311317397 -2.5511743680783923 -2.4194185130845343 -2.1626808830450885 -1.9858773963952325 -1.5611425836386825 -1.1733265066002057 -0.9938133879710418 -1.223115994219993 -0.8197195333004941 -0.4427419841792499 -0.6148036148653166 -0.6967699822393878 -1.3345496093690397 -3.1889539952080446 -3.7769441347179096 -4.270097154951991 -4.440803969648403 -4.0465525166590695
-2.740848606629962 -2.81773441404283 -3.0074086525943997 -2.7994443981825 -2.295452850031187 -1.789429077895393 -0.9555398362633145 -0.9270887004805792 -1.5543685036904122 -2.4302570410017665 -2.9525386050134097 -2.9759091808349423 -2.95931268496168 -2.5335617602128897 -2.3794514413897394 -2.4214507370690153 -2.5210297123085894 -3.203518267096826 -3.8589105020919807 -3.2865007464631373 -3.2925974184165807 -2.903765229385863 -2.536610096189611 -2.3384682577027034 -2.18401923488214 -1.9371040207676864 -1.8354928215436312 -1.8764760052306668 -1.7406557022678464 -1.297292169653553 -0.8959279327185357 -0.7164148140893718 -0.6899959022911171 -0.2835511053948969 0.6519493354612367 0.44974304900536666 -0.7035440621876581 -2.9254422852203286 -5.238790587554648 -6.015100149626429 -6.462528130209685 -5.183920539973659 -4.7544438712533195
-3.0199407004986996 -3.036537196371962 -3.1449224755442873 -2.699865422942926 -2.3296619537699526 -1.8236381816341583 -1.5191432879594067 -1.4615636083991088 -1.8998465810521994 -2.6070605276516226 -3.1371322836037763 -3.249582010745064 -3.2688881385976343 -3.064988332154697 -2.909523197341893 -3.1831960272520146 -3.1168100437589654 -3.5364642965543127 -3.826733622337697 -2.594189775749909 -2.5257715682723783 -2.1352458592545935 -1.9537005166409487 -1.7552199741566277 -1.6634311908575645 -1.4165159767431108 -1.3304851614000777 -1.478837512267198 -1.2945825376742448 -0.7750106056419099 -0.3607756168051788 0.03855639614535722 0.0649753079436115 -0.028845699339932196 0.8785423097308795 -0.21614900990960706 -2.3686129134725067 -5.866747798759309 -8.31693251604869 -8.915422479478373 -7.384141707171864 -6.105872820933252 -5.197807403867612
-3.524948360642253 -3.5618670963603263 -3.655688103643871 -2.9877638207444157 -2.6937687509894825 -2.5122234083758377 -2.282582098129473 -2.2182283386209054 -2.5579484480266625 -2.969135100886672 -3.21740513099078 -3.1635511954020306 -2.906813565362585 -2.751348430549781 -2.7232359987644585 -3.059907772193495 -3.157793227446001 -3.2329855148718014 -2.2690339382329325 -1.2651152898992688 -1.5150788399904442 -1.5218529199387145 -1.3714683450871132 -1.3257433054362884 -1.2532606499897958 -1.1021986671433672 -0.9690879961598551 -1.004313211890861 -0.6703510704411331 -0.1741497142303312 0.1350870354082101 0.6411108075440035 0.633320615603493 0.5327255283716781 -1.1049082991226755 -3.0775203800589974 -6.009342181670399 -9.071903726283418 -10.443993619805575 -9.066823166322216 -7.42715711484338 -6.363626562964938 -5.506366745511327
-4.050278260630618 -4.496690129221633 -4.145115379906403 -3.6079308400085646 -3.4456916252474903 -3.251614234729545 -2.938990445116869 -2.86684649366779 -2.707655614883437 -3.0033442046254373 -3.128325979671025 -2.94102266910135 -2.53457787220513 -2.1420199392028643 -2.0133124201857275 -1.997393332307292 -2.044473187947771 -1.7308332863428544 -0.4447742081637309 -0.8227678692772158 -1.8900241651272074 -1.5709649995636745 -0.9829748600538095 -0.9690879961598551 -1.1333594349054108 -0.9809426360693281 -0.8502028930677108 -0.6822057103506065 -0.27576091345438636 -0.10302187477349278 0.08631365978066352 -0.18702046613204493 -0.4000652805051468 -1.887314533147899 -4.56578574469399 -7.3658516913115335 -9.43905885947967 -10.543572595045148 -9.889196472042235 -8.598056833901907 -7.5639935297984415 -6.772780991840467 -6.121453204814273
-4.335467026452799 -5.094163980659077 -4.76223406319383 -4.405917457914811 -4.268064930967509 -3.997440437034109 -3.6069147280163243 -3.3870958336949517 -3.1147778197744844 -3.1489869235132497 -2.912571533318615 -2.807234590123011 -2.3618388335242364 -1.8890080531349667 -1.582480935475734 -1.3538557372216102 -1.1333594349054108 -1.028699899704634 -1.151988154763154 -2.02990891605899 -2.422466849061256 -1.349113881257821 -0.6314001107385789 -0.7347048299497017 -1.0503769555390994 -1.1147307150476675 -1.0774732753321805 -0.7678978216962262 -0.5463854073877861 -0.4623868160292339 -1.0706991953839102 -2.763203070459254 -4.858764702456682 -6.804280463599923 -8.67528134531219 -10.27498032509623 -10.359995028447024 -10.231964917424714 -9.57962101840628 -8.562154210176075 -7.7015073527483295 -7.1392587170418915 -6.587509905255272
-4.723960511486103 -5.1283730843978415 -5.251322635458949 -5.0162620612539675 -4.807959102844655 -4.501431985185422 -4.082455140384902 -3.7210579751446793 -3.4263854973949197 -3.329516154134654 -3.0433112763202326 -2.9057974533703446 -2.636189071429185 -2.275808018181203 -1.9642003405607675 -1.7406557022678464 -1.7308332863428544 -1.9625068205737 -2.638221295413666 -2.912571533318615 -2.6538016792946877 -1.5736746315429828 -0.8197195333004941 -0.7523174378152042 -1.0425867635985884 -1.349113881257821 -1.5875614954369368 -1.5445460877654202 -1.3403075773250697 -1.5238851439231955 -2.996570124677167 -5.460303001863089 -7.8471500716361415 -9.313060972441843 -9.965404871460276 -10.366769108395292 -10.295302564941041 -9.936953735677541 -8.978082718999875 -8.173322021145358 -7.668314361001805 -7.252385852178006 -6.605122513120776
-4.403885233930329 -4.861813038433404 -5.647945016430176 -5.641170936481906 -5.372578666532988 -4.924473277954904 -4.381192066103623 -4.0367301007340775 -3.7542509668912043 -3.5483189364637857 -3.366773593850141 -3.1195196757382737 -2.976925292827183 -2.9467806370573797 -2.755412878518743 -2.6419470393852147 -2.6947848629817237 -2.8607498217143466 -3.307161690305362 -3.473126649037985 -3.1323904276399874 -2.1928255388148914 -1.3149047775190557 -1.147923706794192 -1.5414977517886985 -1.9760549804702405 -2.275808018181203 -2.3510003056070037 -2.4837722725931024 -3.7447672549636257 -5.7241534158482175 -7.736732568479335 -9.368608428017659 -9.881406280101723 -10.364736884410812 -10.243819557334188 -9.913583159856007 -9.293416140591859 -8.596024609917428 -7.971115734689489 -7.5345262820234655 -7.045437709758348 -6.407658082628695
-3.9838922771375684 -4.501431985185422 -5.308224907024419 -5.9321176702601175 -5.730927495796489 -5.275031915277895 -4.7388634873722975 -4.434029889700132 -4.233855827228744 -4.027923796801326 -3.9283448215617516 -3.7308803910696713 -3.58049581621807 -3.5317224405905234 -3.544593192492237 -3.514109832725021 -3.6109791759852863 -3.751541334911896 -3.8998936857790163 -3.8880390458695433 -3.555093016412056 -2.8187505260350703 -1.8988304690599587 -1.773848694014371 -2.285630434106195 -2.8580401897350383 -3.1147778197744844 -3.6147049199568353 -4.517012369066444 -6.196645492240074 -7.8471500716361415 -9.487832235107216 -9.844148840386236 -10.277689957075538 -10.14119224611789 -9.86176144825174 -9.355060268121118 -8.712538785027677 -8.177386469114321 -7.771957784210341 -7.353997051402061 -6.910633518787767 -6.312143555358084
-3.384386201715644 -3.582528040202551 -4.131228516012448 -4.747669791305049 -5.38443330644246 -4.9966172294039835 -5.158856444165059 -4.8919576942032075 -4.8255717107101574 -4.692799743724059 -4.594236880476726 -4.42420747377514 -4.318870530579536 -4.279919570876983 -4.293467730773523 -4.358837602274332 -4.418449505819111 -4.446900641601846 -4.438094337669095 -4.360869826258813 -3.952731509375525 -3.1842121392442553 -2.235840946486408 -2.1227138113502937 -3.2983553863726103 -4.067890868496121 -5.0064396453289755 -6.0794539091349975 -7.06982439757212 -8.18314443707035 -9.466155179272752 -9.689022409570846 -10.034500486932632 -9.996565639222318 -9.775730632908706 -9.291383916607376 -8.773844208559524 -8.305077876139215 -7.947745158867956 -7.55620333785793 -7.2005641405737375 -6.754490975980136 -6.161758980506482
-2.854991853758317 -2.7083330228782643 -3.2543238667088534 -3.7464607749506933 -4.396095041989819 -5.2601289393917 -5.432190570077767 -5.392223498382972 -5.393917018370039 -5.277741547257203 -5.2953541551227055 -5.123631228434053 -5.066051548873755 -5.025745773181546 -5.060970988912552 -5.127356972405601 -5.135147164346112 -5.140227724307315 -4.950553485755745 -4.780862783051574 -4.305999778677823 -3.4876909209267666 -2.5667547519594143 -3.257372202685575 -4.449610273581154 -5.914505062394614 -7.1744839327728975 -8.241740228622888 -8.705426001081992 -9.360818236077147 -9.58639509835455 -9.806213992675923 -9.695796489519116 -9.63923292195106 -9.205691805261758 -8.695942289154415 -8.238691892646166 -7.928100327017972 -7.592444665581176 -7.259159932126277 -6.902843326847257 -6.491656673987247 -5.9067148704541035
-2.8099442221023194 -2.639237407405907 -2.95355471700565 -3.3942086176406354 -4.361885938251053 -5.226935947645176 -5.7708945674912835 -5.762088263558532 -5.8813120706480895 -5.757346407594743 -5.874537990699819 -5.775975127452486 -5.7143309999232255 -5.710605255951677 -5.7454917676852695 -5.8355870309972655 -5.854893158849835 -5.840328886961054 -5.582575144929368 -5.322789178913201 -4.863845262417885 -4.104132196219367 -4.527850896983677 -5.218129643712424 -6.409690306613176 -7.861714343524923 -8.567912178132104 -8.963518447111092 -9.112886909970454 -9.391979003839193 -9.625346058057104 -9.606039930204535 -9.496638539039967 -9.053275006425675 -8.59907294589415 -8.12251642153333 -7.748587208388808 -7.431221562812343 -7.1419683490212 -6.815796399511983 -6.514011137816539 -6.10384059694877 -5.785797543377478
-3.2641462826338454 -3.2485658987528234 -3.1439063635520466 -2.9996184606538883 -4.14782501188571 -5.626606664593125 -6.2857246435598295 -6.117727460842724 -6.2447414598727935 -6.284708531567588 -6.358884707001149 -6.3199337472985935 -6.3724328668976895 -6.3802230588382 -6.454737938269174 -6.538736529627726 -6.592251761219062 -6.597332321180264 -6.452705714284693 -6.1800489963668115 -5.894182822549803 -6.082502245111719 -6.741620224078423 -7.719119960613832 -8.923212671418884 -9.078677806231688 -9.066823166322216 -8.780618288507794 -9.089516334148922 -9.386221035883162 -9.401801419764183 -9.319835052390113 -8.942857503268868 -8.490687666721824 -8.004308726436014 -7.526736090082954 -7.238837692281465 -6.893020910922265 -6.6400090248543675 -6.3961421467166355 -6.129243396754784 -5.903666534477382 -5.606961832743141
-3.6509462476800816 -3.8880390458695433 -3.7562831908756853 -3.664494407576622 -4.33749925043728 -5.762088263558532 -6.695895184427598 -6.566848961413048 -6.5492363535475455 -6.821893071465427 -6.868634223108492 -6.973293758309268 -7.004454526071312 -7.067792173587639 -7.162629292863424 -7.2808369879607415 -7.364835579319294 -7.456624362618356 -7.483043274416611 -7.35196482741758 -7.2798208759685 -7.646976009164753 -8.217353540809116 -8.975034383023154 -9.28765817263583 -9.111870797978213 -8.834472224096544 -8.81110164827501 -9.08748411016444 -9.109838573993732 -9.117628765934242 -8.846326864006016 -8.395850547446038 -7.853924151584412 -7.373641883252045 -7.007164158050619 -6.6654118246603815 -6.395126034724395 -6.322643379277903 -6.095372997013433 -5.944988422161831 -5.760394743571465 -5.620509992639682
-3.6529784716645626 -4.138341299958133 -4.7564760952378 -5.362756250607996 -5.577494584968165 -6.168533060454752 -6.980067838257538 -7.098952941349683 -6.961439118399795 -7.107759245282434 -7.2161445244547595 -7.5328327620363975 -7.62360543334322 -7.7252166325672755 -7.8461339596439 -7.966373878725699 -8.159773861248818 -8.300336020175427 -8.354867363759002 -8.348093283810734 -8.26307858045994 -8.52896121842955 -8.874439295791337 -9.041420366516203 -8.999421070836926 -8.859875023902557 -8.771811984575042 -8.827698144148272 -8.881213375739609 -8.893068015649082 -8.72913528090094 -8.359947923720206 -7.849182295620622 -7.297433483834004 -6.805296575592164 -6.484882594038977 -6.236951267932282 -6.120437092822033 -6.033728869484173 -5.997487541760926 -5.895876342536871 -5.7692010475042155 -5.694008760078415
-3.809121014472194 -4.067890868496121 -4.777814447074852 -5.415594074204504 -5.781733095408516 -6.586493793263032 -7.42614100285114 -7.381432075192556 -7.266950124066787 -7.510139594209692 -7.568735385762231 -7.812940967897376 -7.996518534495502 -8.198724820951373 -8.40364073938655 -8.559105874199354 -8.733877136864729 -8.865632991858586 -8.775876432544004 -8.415495379296022 -8.344367539839183 -8.480865250796832 -8.702716369102685 -8.819907952207762 -8.832440000112062 -8.821940176192243 -8.771811984575042 -8.760296048662983 -8.804327568326741 -8.836504448081024 -8.584508674005367 -8.162483493228127 -7.6246215453354615 -7.0630503176238495 -6.58242934529407 -6.22712885200729 -5.946681942148898 -5.849135190893806 -5.7905393993412675 -5.972084741954912 -5.963278438022161 -5.903666534477382 -5.880295958655849
-3.6255434478740676 -3.6634782955843814 -3.8802488539290323 -4.504480321162144 -5.262161163376181 -6.291482611515859 -7.611750793433748 -8.089323429786806 -7.927084215025731 -7.717426440626765 -7.708620136694013 -7.865778791493884 -8.178063877109148 -8.402963331391723 -8.574686258080376 -8.767070128611254 -8.95166380720162 -8.916438591470614 -8.762328272647464 -8.236659668661686 -8.147919221339343 -8.236659668661686 -8.39788277143052 -8.547251234289881 -8.687135985221662 -8.736925472841449 -8.770118464587975 -8.787731072453479 -8.730828800888007 -8.603137393863111 -8.371463859632264 -7.896939559255928 -7.335368331544318 -6.8716825590852135 -6.522817441749291 -6.241693123896072 -5.9222952543351255 -5.794265143312816 -5.821700167103311 -5.992745685797137 -6.007309957685918 -5.95447213408941 -5.89486023054463
-3.9615378133082766 -3.662462183592141 -3.6079308400085646 -4.239613795184773 -4.90279622212044 -5.329563258861471 -6.352110627052879 -7.927084215025731 -8.197708708959132 -8.129290501481602 -8.061888405996312 -7.7709416722181 -7.7015073527483295 -8.007357062412735 -8.284755636294406 -8.456478562983058 -8.516090466527837 -8.425317795221016 -8.255288388519428 -7.954519238816227 -7.884407511351629 -7.98669611857051 -8.159773861248818 -8.353851251766763 -8.496445634677853 -8.633282049632914 -8.661733185415649 -8.556057538222632 -8.521848434483868 -8.329464563952989 -7.8512145196051035 -7.4420600907295755 -7.208354332514249 -6.862876255152462 -6.417480498553687 -6.0540511093289835 -5.7864749513723055 -5.627284072587952 -5.703492472005993 -5.938891750208388 -6.002568101722129 -5.996471429768686 -5.909763206430825
