static/data/ASCData/20210129/ASCU/09.asc
ncols 97
nrows 97
xllcorner 99.0
yllcorner 2.0
cellsize 0.25
NODATA_value -32767
[rows 76 to 94 of 97, columns 0 to 42 of 97]
-3.0588705831737295 -4.025541686615888 -4.56484240748362 -4.38799949055627 -4.253262030040194 -4.656421775178139 -5.042388458948149 -6.664501167192468 -7.3332761665248665 -7.4445047472113135 -7.982752831668763 -8.46310591356071 -8.259947086376314 -8.12240259543282 -8.216087235947905 -8.223806569623305 -8.07854274500441 -7.917138495427862 -7.735734154055957 -7.736786790466239 -7.785558944142631 -7.922050798675843 -7.937840344830071 -7.925910465513543 -7.930822768761525 -7.794330914228313 -7.629066997814064 -7.291170710113592 -6.960291998481666 -6.724852321381961 -6.558886647360857 -6.295376665986969 -6.0950248692299915 -5.87326946546395 -5.591162907508416 -5.3901093531445845 -5.178880313481361 -4.926949332620573 -4.859580602362535 -4.857826208345399 -5.031511216041903 -5.150810009207179 -5.062739429546931
-2.88588733308408 -2.98658954966771 -3.707294611907345 -4.5637897710733375 -4.435017250215526 -4.39185915739397 -4.772913537915997 -5.013967275870539 -5.4171270210084845 -5.511864297933851 -6.117481112649338 -7.11467867198967 -7.933980677992371 -7.789418610980331 -7.661347847729374 -7.664505756960219 -7.536434993709261 -7.407662472851449 -7.2385388895995 -7.297135649771856 -7.3069602562678195 -7.4252064130228135 -7.4445047472113135 -7.540294660546961 -7.549066630632644 -7.5666105708040075 -7.460294293365541 -7.1964334331882265 -6.798185991298262 -6.516781190949583 -6.199586752651321 -5.9388838017048515 -5.675022941527536 -5.451513143744358 -5.280635166475273 -5.083441278949141 -4.875370148516763 -4.69642195876885 -4.660281442015839 -4.827299752447225 -5.001335638947157 -5.056072732281812 -4.964142485783865
-3.1595727997573593 -2.5929035322223006 -2.726939235131522 -3.8655409522530486 -4.497473677225582 -4.454315584404026 -4.595017984578366 -4.69642195876885 -4.585193378082401 -4.31957812388795 -4.524842223892909 -5.693619518109182 -6.768712171810371 -7.349065712679094 -7.219942313017854 -6.976783302242748 -6.844852872154091 -6.787308748392016 -6.673974894885005 -6.718887381723697 -6.673974894885005 -6.802045658135963 -6.935028724634902 -7.02941512275684 -7.1438016126741335 -7.182749159854563 -7.18695970549569 -7.009064152158058 -6.665202924799322 -6.337131243594815 -5.993620895039507 -5.756075945119238 -5.4936186001556315 -5.248354316559963 -5.0971255522828045 -4.840984025780889 -4.652562108340439 -4.534315951585446 -4.56870207432132 -4.771860901505715 -4.885194755012727 -4.939580969543956 -4.809755812275862
-3.535363998227977 -2.5929035322223006 -2.2620248205903746 -2.3371128845238127 -3.020624793600156 -3.7658913720797007 -3.93501495533165 -4.280630576707522 -4.16343705636281 -3.804137161653274 -3.706241975497063 -4.5451931944916915 -5.45642544699234 -6.125200446324738 -6.589062224455603 -6.279587119832741 -6.111516172991074 -6.124147809914456 -6.172218205983993 -6.2023937830787395 -6.13783208324812 -6.182744570086812 -6.3508155169284795 -6.556781374540293 -6.669062591637023 -6.7318698974505065 -6.750115595228725 -6.748361201211589 -6.448359824281264 -6.109761778973938 -5.860637828540568 -5.635022757936826 -5.4164252634016306 -5.166248676557979 -4.993616305271757 -4.73256247552186 -4.610807530732593 -4.542386164064274 -4.614667197570293 -4.741334445607541 -4.803089115010743 -4.743439718428105 -4.614667197570293
-3.7679966449002644 -2.8939575455629076 -1.8546545298113015 -0.742368722946821 0.09167019279982558 -1.074650949792456 -2.9886948224882737 -3.616417001819679 -3.6693997011371984 -3.344135050360109 -3.016765126762456 -3.1371165563380132 -3.660276852248089 -4.273613000638976 -5.115371250061023 -5.602741908021517 -5.478881690411686 -5.53642581417376 -5.633970121526544 -5.6694088806727 -5.758181217939802 -5.766953188025484 -5.94941016580767 -6.175025236411411 -6.262043179661378 -6.308710060517205 -6.344850577270216 -6.524851403428411 -6.171165569573711 -5.814672705291594 -5.64098769759509 -5.498180024600186 -5.299933500663773 -5.133266069035814 -4.958177546125602 -4.793264508514779 -4.633263774151939 -4.585193378082401 -4.7346677483424235 -4.775720568343416 -4.694667564751713 -4.640983107827339 -4.546245830901974
-3.8030845252429923 -3.0560635527463114 -2.2269369402476467 -0.528683531659607 1.0885168733367312 0.6453569446080749 -1.3732488115090722 -2.6174650484622104 -3.470100540790503 -3.7044875814799267 -3.320626170530481 -2.9504490329147 -2.430797525038897 -2.8995716064177444 -3.8683479826804668 -4.430806704574398 -4.553965164577374 -4.965195122194147 -5.290459772971237 -5.332214350579083 -5.540285481011461 -5.60098751400438 -5.708356427853127 -5.810813038453894 -5.876427374694796 -5.97783134888528 -6.016077138458853 -6.096077505640274 -5.654671970928754 -5.3753724434006385 -5.225898073140616 -5.137827493480369 -5.1164238864713045 -5.034318246469321 -4.818527782361543 -4.6858955946660314 -4.643790138254758 -4.7122115049230775 -4.713264141333359 -4.596070620988647 -4.469052494147972 -4.417122431240734 -4.353964246623823
-3.2844856537774714 -2.835360785390552 -2.2406212135813104 -1.1076335573146205 0.33939062801948605 0.8737790456392345 0.2565832304106479 -0.616403232516427 -2.5658858643584 -3.2472925006141793 -2.8469397859036523 -2.270796790676057 -1.229739380907314 -1.3764067207399178 -2.037462386396915 -2.4406221315348606 -2.9855369132574276 -4.290455183203486 -4.867650814841363 -4.888001785440145 -5.190810192797889 -5.3869514439137385 -5.540285481011461 -5.668356244262418 -5.722040701186792 -5.703444124605146 -5.661338668193872 -5.631163091099126 -5.213266436217235 -4.9564231521084645 -4.851861268687135 -4.828352388857508 -4.832212055695208 -4.774667931933133 -4.678878018597485 -4.61642159158743 -4.481684131071354 -4.484491161498772 -4.414315400813316 -4.338174700469596 -4.229753150210566 -4.1672967232005105 -4.137822903712618
-2.451499374441106 -2.297112700933103 -2.0314974467386513 -1.138160013212794 -0.15955903045410746 0.5983391849488191 1.2214999398356703 0.7769364958933052 -0.8069304227774405 -1.9581637768223494 -2.2346562739230467 -1.9855323234896773 -1.0013172798761545 -1.1321950735545303 -1.8343035592125192 -2.138866360587399 -2.4455344347828425 -3.473960207628203 -4.522736951072345 -4.748352021676087 -4.953265242877619 -5.205196223738407 -5.335372259809928 -5.432916567162712 -5.455372810582058 -5.3753724434006385 -5.200634799293852 -5.138880129890651 -4.889054421850427 -4.69256229193115 -4.581333711244701 -4.504140374490699 -4.470105130558253 -4.44870152354919 -4.42799967414698 -4.430806704574398 -4.375367853632888 -4.330455366794196 -4.154665086277128 -3.9953661095211426 -3.8890498320826765 -3.8441373452439844 -3.8118564953286747
-1.8606194694695652 -1.7248293725432076 -1.5111441812559936 -1.222020047231914 -0.2767525507988191 0.861849166322707 1.6109754116399522 1.4471150104394122 0.4088646310980879 -1.0188612200475182 -2.2406212135813104 -1.938865442633849 -1.1350021039819485 -1.149739013725894 -1.5834252147620136 -1.8469351961359015 -2.023778113063251 -2.7658867823119504 -4.229753150210566 -4.5823863476549835 -4.691860534324295 -5.042388458948149 -5.201336556900707 -5.283442196902691 -5.283442196902691 -5.050107792623549 -4.835369964926053 -4.72870280868416 -4.602737318253766 -4.47571919141309 -4.409403097565334 -4.309051759785132 -4.217121513287184 -4.205542512774084 -4.253262030040194 -4.241332150723666 -4.142033449353746 -3.8957165293477947 -3.7708036753276826 -3.675013761992035 -3.558872878057605 -3.4329073876272114 -3.3585210813006277
-1.4290385412540099 -1.4437754509979555 -1.298160747575634 -1.0139489167995364 -0.34692831148427583 0.7741294654658875 1.3130793075301908 1.0807975396613303 1.0485166897460205 -0.1886819711385721 -1.9476374127195308 -1.6146534282670415 -0.9065800029507884 -1.0216682504749368 -1.4399157841602555 -1.6925485226278978 -2.050094023320297 -2.644833595129538 -3.9290500156733863 -4.367648519957488 -4.5599301042356375 -4.839229631763753 -4.997475972109457 -5.081336006128577 -5.033616488862466 -4.779580235181116 -4.5080000413284 -4.405543430727634 -4.25501642405733 -4.179928360123892 -4.136068509695482 -4.084138446788245 -3.991506442683442 -3.935716712938505 -3.9767695329394965 -3.9641378960161147 -3.886944559262113 -3.626241608315643 -3.4855392081413035 -3.3802755671131193 -3.1525552236888137 -3.0139580963350374 -2.787290389321014
-1.2286867444970322 -1.3002660203961978 -1.225879714069614 -0.993597946200754 -0.34412128105685724 0.2632499276757665 0.7867611023892689 0.9411477758972726 1.242903546844734 0.7029010683701493 -1.8497422265633197 -1.5402671219404578 -0.44868316447818657 -0.5960522619176447 -1.325529294242962 -1.5900919120271317 -2.153603270331345 -2.6907987183785123 -3.6469434577178523 -4.194665269867838 -4.40343815790707 -4.5599301042356375 -4.718878202188196 -4.8041417514210245 -4.754316961334351 -4.5413335276539915 -4.259928727305312 -4.09115602285679 -3.887997195672394 -3.8458917392611207 -3.8704532555010305 -3.822382859431493 -3.7855405850716286 -3.731856128147254 -3.6557154278035346 -3.638873245239025 -3.649750488145271 -3.3272928677955997 -3.1693974062533234 -3.0785197961656574 -2.856764392399616 -2.7823780860730323 -2.5686928947858183
-1.3539504773205717 -1.2620202308226243 -1.2648272612500424 -1.0353525238086005 -0.6721929622613647 -0.06587438993902328 0.4088646310980879 0.6130760946927651 1.2271140006905066 1.276938790777181 -1.759215495279081 -1.8458825597256197 -0.5227185920013433 -0.40763034447719537 -1.138160013212794 -1.7767594354504452 -2.3420251877717946 -2.7325532959863583 -3.5704518785707053 -4.05115583926608 -4.130103570037218 -4.27571827345954 -4.443789220301207 -4.528701890730609 -4.46799985773769 -4.28729727397264 -4.029752232257016 -3.802031888832711 -3.597118667631179 -3.633960941991043 -3.665189155496071 -3.606592395323715 -3.568697484553569 -3.4171178414729835 -3.3048366243762537 -3.3518543840355095 -3.3136085944619356 -2.7767640252181955 -2.72974626555894 -2.6693951113694476 -2.6711495053865844 -2.597114077863428 -2.5041311949551988
-1.5521970012569852 -1.3265819306532438 -1.333248627918362 -1.2785115345837061 -0.9269309735495708 -0.3957004651606679 0.09342458681696186 0.27623244340257536 0.7214976449517954 1.0555342658145666 -1.7111450992095438 -1.9093916231459573 -0.4757008323420875 -0.365524888065921 -1.0539491003902466 -1.7669348289544815 -2.5118505286305988 -2.91816818299939 -3.6595750946412346 -3.7894002519093286 -3.810803858918393 -3.9679975628538147 -4.1371211461057635 -4.238525120296248 -4.157472116704546 -4.0118574132822244 -3.7992248584052923 -3.5560658476301867 -3.3802755671131193 -3.438872327285475 -3.626241608315643 -3.522732361304595 -3.271854016854089 -3.090098796678758 -2.97887021599231 -3.1300989802694676 -2.793255328979278 -2.013953506567287 -2.197463120759755 -2.4350080706800243 -2.447639707603406 -2.5353594084602267 -2.471148587433034
-1.3195643545846982 -1.3304415974909438 -1.4602667547590378 -1.5051792415977299 -1.383073418005036 -0.9065800029507884 -0.30412109746614746 0.08184558630386185 0.1685126507504 0.21272337998223723 -1.527635485017076 -1.7669348289544815 -0.8157023928631228 -0.7785092396998308 -1.310792384499016 -1.8771107732306476 -2.667289838548884 -2.960273639410664 -3.585188788314651 -3.4925567842098486 -3.5336096042108407 -3.6244872142985063 -3.7708036753276826 -3.9153657423397226 -3.9592255927681324 -3.8030845252429923 -3.5922063643831965 -3.2855382901877532 -3.119572616166649 -3.1564148905265137 -3.480626904893321 -3.603785364896297 -3.3360648378812816 -3.049045976677766 -2.88588733308408 -2.791150056158714 -2.278516124351457 -1.7171100388678076 -2.125182087253735 -2.2609721841800927 -2.332200581275831 -2.4641310113644885 -2.4574643140993704
-0.8392112726927508 -0.9806154304739447 -1.4964072715120476 -2.065883569474525 -1.9279881997276034 -1.3802663875776178 -0.7834215429478131 -0.2669279443028554 -0.14096245387246142 -0.26096300464459166 -0.8528955460264145 -1.7434259491248536 -1.9981639604130597 -1.7462329795522717 -1.6536009754474694 -2.1076381470823713 -2.7483428421405858 -3.0030808534287923 -3.692557702163399 -3.204485286596051 -3.1634324665950593 -3.2444854701867616 -3.420275750703829 -3.6016800920757333 -3.6693997011371984 -3.621329305067661 -3.4718549348076393 -3.0834320994136393 -2.887992605904644 -2.8890452423149258 -3.2023800137754876 -3.4855392081413035 -3.505188421133231 -3.3146612308722174 -3.079221553772512 -2.766939418722232 -2.1869367566569364 -1.9757077169937136 -2.206235090845437 -1.9981639604130597 -2.0746555395602067 -2.264831851017793 -2.2504458200772746
-0.7374564196988391 -0.44938492208504144 -0.940615246883235 -2.0353571135763513 -2.3683410980288406 -1.938865442633849 -1.2543008971472238 -0.6711403258510829 -0.15464672720612516 0.2927237471636577 -0.384121464647567 -1.7258820089534894 -2.202375424007737 -1.6458816417720694 -1.32447665783268 -1.853952772204447 -2.5227277715368444 -2.849045058724216 -3.471153177200785 -2.9262383954782174 -2.787290389321014 -2.806939602312942 -2.9486946388975634 -3.1957133165103695 -3.4367670544649114 -3.5609781508781686 -3.396766870874201 -3.056765310353166 -2.7111496889772946 -2.68974608196823 -2.9027295156485895 -3.204485286596051 -3.295362896683717 -3.1086953732604035 -2.7904482985518597 -2.3567620975157406 -1.831496528785101 -1.7357066154494531 -1.7483382523728355 -1.611495519036196 -1.7532505556208173 -2.0041289000713234 -2.060971266226543
-0.8392112726927508 -0.6290348694398094 -0.357805554390521 -1.302020414413334 -2.248340547256711 -2.1272873600742987 -1.454301815100774 -0.8567552128641145 -0.39675310157094934 0.16781089314354602 -0.4181567085800131 -1.454301815100774 -2.086234540073307 -1.983777929472541 -1.7560575860482355 -2.049041386910015 -2.6076404419662467 -2.7325532959863583 -2.917115546589108 -2.543429620939054 -2.4114991908503964 -2.4220255549532146 -2.5834298045297643 -2.8283432093220062 -3.092905827106176 -3.2543100766827253 -3.173958830697878 -3.063782886421712 -2.807992238723224 -2.763079751884532 -2.752202508978286 -2.7774657828250504 -2.8507994527413523 -2.770799085559932 -2.4827275879461346 -2.045181720072315 -1.6086884886087778 -1.3655294778336717 -1.1300898007339666 -1.1448267104779122 -1.4416701781773917 -1.7143030084403894 -1.7132503720301075
-0.917457245857034 -0.9493872169689168 -0.49429740892373353 -0.688684266022447 -1.683776552542216 -2.259919547769811 -1.7992156788697913 -1.1135984969728843 -0.6332454150809368 -0.046225176947095825 0.11798610305687163 -0.8041233923500224 -2.073602903149925 -2.2044806968283006 -2.064830933064243 -2.167287543665009 -2.3206215807627304 -2.4416747679451425 -2.0792169640047615 -1.8195666494685736 -1.8557071662215834 -2.0041289000713234 -2.2044806968283006 -2.4767626482878704 -2.7209742954732583 -2.8900978787252076 -2.8518520891516337 -2.909396212913708 -2.924133122657654 -2.905536546076008 -2.64588623153982 -2.552201591024736 -2.4350080706800243 -2.3606217643534406 -2.2346562739230467 -1.8830757128889113 -1.485530028605802 -0.9700890663711266 -0.6749999926887833 -0.7093861154246568 -0.9876330065424903 -1.2669325340706061 -1.2872835046693885
-1.1564057109910126 -1.4076349342449457 -0.7785092396998308 -0.7620179359387489 -1.4181612983477643 -2.0286904163112327 -2.092199479731571 -1.3918453880907182 -0.9855277337219266 -0.6721929622613647 0.21939007724735582 0.0650034037393521 -1.3048274448407522 -2.346937491019777 -2.228691334264783 -1.8967599862225755 -1.9974622028062048 -2.113603086740635 -1.7023731291238615 -1.2279849868901778 -1.4300911776642917 -1.5658812745906494 -1.8409702564776378 -2.1195680263988987 -2.3079899438393485 -2.426236100594342 -2.4876398911941164 -2.5774648648715 -2.72974626555894 -2.890799636332062 -2.6700968689763025 -2.198515757170037 -2.049041386910015 -1.9700936561388769 -1.9093916231459573 -1.8206192858788555 -1.500266938349748 -0.894650123634261 -0.3907881619126856 -0.33534931097117493 -0.38903376789554933 -0.6497367188420187 -0.5725433820880172
