static/data/ASCData/20210129/ASCU/12.asc
ncols 97
nrows 97
xllcorner 99.0
yllcorner 2.0
cellsize 0.25
NODATA_value -32767
[rows 19 to 37 of 97, columns 43 to 85 of 97]
-4.371045352305432 -3.0322659217608967 -2.718579556208427 -3.896268599800968 -5.798712698814061 -6.963660129879326 -7.725426535974346 -7.968730660899956 -8.001798179125506 -7.81522456711896 -7.636538620010253 -7.345605133970776 -7.150233741885872 -7.182391144930903 -7.399301929621441 -7.562515918661314 -7.687505070119357 -7.907146200351454 -8.080978199830724 -8.217798848635525 -8.364327392699202 -8.54877740261787 -8.761744354859488 -8.994127097618861 -9.07209363141672 -9.125790427067383 -9.131857861604182 -9.030228333112811 -8.992003495530982 -8.903115579566887 -8.561519015145146 -8.351585780171927 -8.195349340849372 -8.473541214361571 -8.900385234025329 -9.365150719544076 -10.014669586708328 -10.695132370010253 -11.522427069102694 -12.615172029180059 -13.255893116265955 -13.573219942540504 -13.287140404130467
-5.074261015120349 -3.5507282029303076 -3.5810653756142985 -5.887600614778155 -7.300706118398469 -8.052764629234613 -7.952045215923761 -8.008775728842824 -8.005742011574426 -7.881662975296901 -7.60923516459466 -7.563426033841833 -7.442380714832709 -7.430549217485952 -7.50578540574225 -7.57707776154963 -7.844651624622433 -8.102517592436358 -8.362203790611323 -8.530271727280635 -8.661024941548638 -8.778126428108845 -8.909183014103686 -9.079981296314557 -9.248959348164387 -9.326015766781726 -9.302656143815053 -9.226509840378235 -9.193138950425844 -9.289004416107257 -9.557488394360579 -9.670949420198706 -10.270411952434374 -10.766424725817632 -11.354359132433382 -11.74510191660319 -12.081844533395493 -12.30451938089599 -12.849678374027313 -13.058398122093172 -13.388466560894997 -13.34356754532269 -12.744105013087022
-5.719532678108844 -3.524334862695235 -3.652357731421678 -6.419714623655362 -7.57525753118859 -7.9374833730354455 -8.228416859074922 -8.146506492828145 -8.0291016345411 -7.878932629755342 -7.613178997043579 -7.588909258896386 -7.639572337278651 -7.6065048190531 -7.630774557200294 -7.745145698218941 -8.007865613662306 -8.295765382433382 -8.539069507358992 -8.797845590353438 -8.904329066474247 -9.022340668214973 -9.189498489703766 -9.309633693532371 -9.45494875068869 -9.55354456191166 -9.637578530246316 -9.797758802017789 -9.874815220635128 -10.149366633425249 -10.750042652568276 -11.350415299984464 -11.938349706600214 -12.445283862149708 -12.840880593948954 -13.042926164024337 -13.086915064416123 -13.040802561936458 -13.13757814279839 -13.167005200301862 -12.991959713915232 -12.705880175505193 -12.190451611604182
-6.223433116389939 -3.9951677827507797 -3.6650993439489543 -6.329006477330228 -7.2051440244438965 -7.57707776154963 -7.954168818011641 -8.0967535296264 -8.02424768691166 -7.856483121969189 -7.750909761028899 -7.779123331625011 -7.771539038454013 -7.7293703684232655 -7.762741258375655 -7.874078682125903 -8.116169320144154 -8.418024188349868 -8.676800271344312 -8.875812124151295 -9.051767725718445 -9.21376822785096 -9.326015766781726 -9.405195787486942 -9.618162739728561 -9.79866891719831 -10.256760224726579 -10.478524957046554 -10.80555967857998 -11.160201227255838 -11.767551424389342 -12.324238543140584 -12.941296635532966 -13.329915817614895 -13.604467230405016 -13.526197324880318 -13.446107188994581 -13.220701995952526 -13.104510624572839 -12.99893726363255 -12.778386018219933 -12.368227443532371 -11.909226020823583
-7.3328635214435 -5.585745746572442 -4.940474083583948 -6.142432865323682 -6.805603460195731 -7.378976023923166 -7.755763708658337 -8.047910681605174 -7.975404838890435 -7.95507893319216 -7.876809027667463 -7.9177642107908515 -7.792775059332808 -7.776392986083452 -7.879842744935862 -7.99209028386663 -8.241158471602198 -8.54392345498843 -8.730497066994978 -8.870048061341336 -9.10455440618859 -9.38456651006183 -9.494083703451038 -9.594499745035048 -9.807466697276666 -10.194265648997558 -10.653267071706345 -11.071313311291744 -11.49785395922866 -11.870091068061235 -12.33182283631158 -12.870914394906107 -13.387556445714477 -13.777389114703766 -13.7236923190531 -13.644512298347884 -13.475534246498052 -13.224645828401444 -13.039892446755937 -12.902161682770616 -12.704970060324673 -12.348508281287778 -11.88859674339847
-6.618119733008665 -5.902162457666471 -5.3797563440481415 -5.222609789545066 -5.124924093502615 -5.898218625217552 -7.584965426447467 -7.876809027667463 -7.967820545719437 -7.995124001135029 -7.978438556158833 -7.946281153113803 -7.763651373556176 -7.841617907354033 -7.979348671339354 -8.212944901006086 -8.462923203922173 -8.645552983479803 -8.82302544368115 -8.919801024543084 -9.123970196706345 -9.52047704368611 -9.79381496956887 -9.907275995406998 -10.226423052042588 -10.614132118943996 -11.052807635954508 -11.459932493373671 -11.838843780196722 -12.209867402121937 -12.640655254234613 -13.149409640145146 -13.630860570640088 -13.72642266459466 -13.671815753763475 -13.558658099652188 -13.367230540016203 -13.126960132358992 -13.054757661371093 -12.990139483554191 -12.82025131652384 -12.460755820218544 -12.124923318606761
-4.231494357959072 -3.5574023809207853 -3.207008036420686 -2.6697367081872008 -2.7968494617331245 -5.251733475321698 -7.143559563895394 -7.735134431233224 -7.7578873107462165 -7.9141237500687724 -8.049730911966213 -7.929595708137608 -7.71086469308603 -7.868921362769625 -8.084011917099122 -8.298799099701782 -8.427732083608745 -8.592766303009657 -8.924654972172522 -9.062385736157843 -9.294768478917215 -9.708870886053695 -10.048647220114399 -10.31743457009456 -10.657210904155264 -11.070099824384386 -11.521516953922173 -11.84369772782616 -12.079114187853934 -12.447104092510749 -12.910049347668455 -13.297758414569863 -13.55168054993487 -13.645422413528403 -13.652399963245722 -13.539849052588114 -13.347511377771609 -13.126050017178473 -13.092679127226083 -13.117252237100116 -13.039892446755937 -12.840880593948954 -12.502924490249292
-3.448188559258417 -2.9910073669106687 -2.5019721432447293 -2.1600722070961473 -3.059569377176489 -5.508689327955104 -7.004918684729554 -7.629864442019774 -7.865280902047546 -8.050641027146733 -7.999067833583948 -7.7812469337128904 -7.546740588865638 -7.842831394261393 -8.09766364480692 -8.242068586782718 -8.327922785478414 -8.48142887925941 -8.795721988265559 -9.283240353297298 -9.72859004829829 -10.012545984620449 -10.199119596626995 -10.550727428034453 -10.957852285453615 -11.334033226735109 -11.67471967597633 -12.013585894856513 -12.258710250143162 -12.663104762020765 -13.156083818135624 -13.357219273030486 -13.555624382383789 -13.695175376730148 -13.76252390008861 -13.710950706525825 -13.48615225693745 -13.390590162982877 -13.37693843527508 -13.357219273030486 -13.222522226313565 -13.06446555662997 -12.832992929051118
-2.245016290611323 -2.1706902175355447 -2.241982573342924 -2.9130408331128113 -4.79182193743239 -6.472501304125507 -7.223649699781131 -7.464830222618861 -7.709954577905511 -7.915033865249292 -7.864067415140187 -7.756673823838858 -7.618943059853537 -7.881662975296901 -8.079157969469685 -8.140439058291348 -8.202933634020368 -8.459889486653775 -8.991093380350463 -9.608454844469684 -9.899388330509161 -10.011635869439928 -10.231276999672026 -10.618986066573434 -11.023380578451038 -11.331909624647228 -11.599483487720033 -11.963832931654768 -12.44042991452027 -12.873948112174505 -13.184600760458576 -13.398477827880715 -13.472500529229654 -13.575040172901543 -13.738254161941416 -13.804692570119357 -13.716714769335782 -13.76373738699597 -13.97063690470079 -13.847467983603785 -13.570186225272105 -13.426691398476827 -13.257713346626995
-1.8837005639449869 -1.8994758937406626 -2.005655998134632 -4.662888953525427 -6.190365598164388 -6.626917513087022 -7.112312276030883 -7.456942557721024 -7.690235415660917 -7.878932629755342 -7.787010996522849 -7.510639353371689 -7.519437133450046 -7.880752860116382 -8.110405257334197 -8.150450325277063 -8.260574262119952 -8.620069758425249 -9.216801945119357 -9.743151891186606 -9.987366131292735 -10.158164413503606 -10.412996664049134 -10.875031804026321 -11.338887174364547 -11.718708576368119 -11.973540826913645 -12.192271841965223 -12.642475484595652 -12.96192591295808 -13.120892697822194 -13.253769514178076 -13.318387691994978 -13.471590414049134 -13.6590741412362 -13.789827355504201 -13.987322349676985 -14.137491354462743 -14.275222118448061 -14.375941531758913 -14.234266935324674 -13.975490852330228 -13.824108360637112
-1.398305801001127 -1.5205646069176115 -2.3096344684282246 -5.10641841816538 -6.380883042619853 -6.743108884466709 -7.082885218527411 -7.3935378668114815 -7.423875039495473 -7.54097652605568 -7.257627333187202 -7.097447061415727 -7.292818453500631 -7.767595206005094 -8.003921781213386 -8.066416356942408 -8.209911183737688 -8.670732836807515 -9.283240353297298 -9.72737656139093 -10.04197304212392 -10.21368143951531 -10.49612051720327 -11.028234526080476 -11.493000011599221 -11.85249550790452 -12.104294041181646 -12.313317160974346 -12.601520301472263 -12.79294786110825 -12.944330352801366 -13.015622708608745 -13.143342205608349 -13.402118288602793 -13.638444863811085 -13.948187396914637 -14.240030998134632 -14.404155102355025 -14.63471761475336 -14.742111206054688 -14.707830200921778 -14.66778513297891 -14.737257258425249
-2.921838613191168 -3.893538254259409 -4.705967738736695 -5.818431861058655 -6.734311104388352 -6.956075836708328 -7.2051440244438965 -7.33013317590194 -7.375032191474247 -7.283110558241754 -6.846558643319119 -6.73916505201779 -7.008862517178473 -7.4511784949110655 -7.718752357983869 -7.878932629755342 -8.30061933006282 -8.79177815581664 -9.262611075872185 -9.618162739728561 -9.913950173397478 -10.259793941994978 -10.63172767910071 -11.035212075797794 -11.424741373060243 -11.637708325301862 -11.901338355925745 -12.083968135483373 -12.366103841444492 -12.514452615869208 -12.68555426980692 -12.785060196210411 -13.009555274071946 -13.265601011524833 -13.66119774332408 -14.034041595610331 -14.306469406312573 -14.472717112620845 -14.728459478346892 -14.645335625192756 -14.555537594048142 -14.216671375167959 -13.734310329492498
-5.8105441961608175 -6.269545618869605 -6.486153031833303 -6.682434539098726 -6.846558643319119 -7.042840150584543 -7.181481029750383 -7.306470181208427 -7.275222893343916 -7.103514495952526 -6.575951062977917 -6.510726141707336 -6.84473841295808 -7.349548966419695 -7.630774557200294 -8.073090534932886 -8.496900837328244 -8.911913359645245 -9.365150719544076 -9.626050404626401 -9.891500665611323 -10.259793941994978 -10.621109668661314 -10.98333551050817 -11.111358379234613 -11.324021959749391 -11.580977812382798 -11.757843529130467 -11.936529476239176 -12.062428742877739 -12.308463213344908 -12.413126459104678 -12.644599086683531 -12.970723693036437 -13.368140655196724 -13.76252390008861 -14.008861742282619 -14.228502872514715 -14.307682893219933 -14.11018789904715 -13.5899053875167 -12.96192591295808 -11.140482065011245
-7.33013317590194 -7.230323877771609 -6.990053470114399 -6.9970310198317165 -7.065289658370697 -7.076211040536933 -7.2157620348832925 -7.336807353892418 -7.304649950847388 -6.938480276551613 -6.4549057439687925 -6.483422686291744 -6.863244088295314 -7.404155877250879 -7.9177642107908515 -8.360383560250284 -8.632811370952526 -9.045700291181646 -9.452218405147129 -9.687331493448063 -9.961882906238184 -10.24887255982874 -10.52251385743834 -10.63385128118859 -10.760660663007673 -10.865020537040603 -11.12197638967401 -11.289134211162802 -11.442336933216957 -11.521516953922173 -11.800618942614893 -11.869180952880715 -12.083968135483373 -12.41009274183628 -12.801745641186606 -13.196128886078492 -13.303522477379822 -13.511635481992002 -13.315353974726579 -13.080847629879326 -12.388553349230644 -11.325235446656752 -9.504701713890434
-7.5713136987396705 -7.25884082009456 -7.123840401650799 -7.2051440244438965 -7.081975103346892 -7.0740874384490535 -7.15630117642267 -7.278256610612315 -7.137492129358596 -6.730367271939433 -6.416984278113803 -6.567456654626399 -6.963660129879326 -7.458762788082064 -8.056708461683531 -8.594586533370697 -8.867014344072938 -9.065419453426241 -9.474667912933283 -9.669735933291348 -9.981298696755937 -10.1824341516508 -10.28709739741057 -10.357479638037429 -10.379929145823583 -10.484289019856512 -10.652356956525825 -10.833773249176092 -10.924784767228065 -10.956942170273097 -11.15322367753852 -11.141392180191763 -11.358302964882302 -11.581887927563317 -11.974450942094165 -12.16314815618859 -12.23231690990809 -12.26841814540204 -11.982338606992002 -11.741158084154272 -11.033998588890434 -10.119939575921777 -8.994127097618861
-7.43449304993487 -7.36896475693745 -7.352582683688094 -7.247009322747804 -7.037076087774585 -7.037986202955104 -7.067413260458576 -7.030098538057267 -6.874772213915231 -6.483422686291744 -6.200983608603785 -6.490096864282222 -6.988233239753359 -7.3847400867331245 -7.994213885954509 -8.541799852900551 -8.918890909362563 -9.120026364257425 -9.363330489183035 -9.544746781833304 -9.891500665611323 -9.938523283271511 -10.026197712328244 -10.061388832641676 -10.10628784821398 -10.133591303629574 -10.324108748085038 -10.414816894410173 -10.418760726859091 -10.43059222420585 -10.506738527642668 -10.500064349652188 -10.666918799414141 -10.83984068371289 -10.813447343477819 -10.95117810746314 -10.819211406287778 -10.810413626209419 -10.448187784362563 -10.018613419157248 -9.41308345238478 -8.760530867952129 -7.557661971031875
-7.265514998085038 -7.256717218006681 -7.222436212873771 -7.232447479859488 -7.093806600693648 -7.024334475247308 -6.9754916272260825 -6.9178509991264985 -6.700030099255441 -6.265601786420687 -6.002881870977322 -6.138489032874763 -6.687288486728165 -7.230323877771609 -7.751819876209419 -8.259664146939432 -8.712901506838262 -8.922834741811482 -9.039026113191168 -9.329049484050124 -9.667005587749788 -9.601477294752367 -9.879669168264567 -9.999804372093173 -9.953995241340344 -9.820208309803945 -9.782286843948956 -9.894534382879723 -10.013456099800969 -10.159074528684126 -10.300749125118365 -10.31834468527508 -10.372041480925745 -10.188501586187598 -9.96855708422866 -9.688544980355422 -9.498937651080476 -8.971677589832709 -8.276349591915627 -7.460886390169943 -5.922791735091585 -4.697169958658337 -3.3887277007977943
-7.0546716479313 -7.292818453500631 -7.3310432910824606 -7.19331252709714 -6.978525344494481 -6.850502475768039 -6.835940632879723 -6.7528167797255865 -6.483422686291744 -6.204017325872185 -6.244062393815053 -6.237084844097735 -6.60052417285195 -7.213941804522253 -7.6162127143119775 -8.02333757173114 -8.396484795744234 -8.555451580608349 -8.579114575301862 -8.85943005090194 -9.191318720064805 -9.34755515938736 -9.603297525113407 -9.76074745134332 -9.72737656139093 -9.560522111628979 -9.51956692850559 -9.76074745134332 -9.97462451876546 -10.142389083707931 -9.898478215328641 -9.823242027072343 -9.692185441077502 -9.363330489183035 -8.903115579566887 -8.389507246026916 -7.635628504829732 -6.401208948318128 -4.988103444697814 -2.922748728371688 -0.8983491951689504 -0.35440368894498686 0.09367635159756382
-6.712771711782718 -6.8174349575424875 -6.936356674463734 -6.9072329886871024 -6.822288905171926 -6.795895564936854 -6.727333554671033 -6.472501304125507 -6.11603952508861 -5.942207525609339 -6.167005975197715 -6.346602037486943 -6.575951062977917 -7.0076490302711125 -7.314357846106265 -7.725426535974346 -8.145293005920786 -8.333080104834693 -8.293945152072343 -8.393451078475834 -8.688328396964229 -9.008688940507177 -9.20709404986048 -9.318431473610728 -9.360296771914637 -9.437353190531974 -9.529274823764467 -9.636668415065797 -9.737084456649807 -9.86996127300569 -9.375768729983472 -9.144599474131457 -8.71866556964822 -8.202933634020368 -7.4384368823837885 -6.560479104909081 -5.2235199047255865 -3.4627504021467326 -1.8758128990471494 0.13372141954043215 1.3429611227243248 0.2675083510768337 0.15253046660450753
