static/data/ASCData/20210129/ASCU/15.asc
ncols 97
nrows 97
xllcorner 99.0
yllcorner 2.0
cellsize 0.25
NODATA_value -32767
[rows 38 to 56 of 97, columns 0 to 42 of 97]
-0.3742941360039387 0.5242790154760408 1.1227146318830412 0.6355659666828748 -0.5793932278975271 -1.4307537334109703 -1.7327307222229051 -1.7842354269136713 -1.3985632929792415 -1.4445496364531403 -1.9356837847543775 -1.2198297046773554 -0.2706715753760873 -1.2863566149029286 -2.740444795547604 -3.463963266203609 -4.013959934151437 -4.193613249322801 -4.237453563434585 -3.893782289872982 -3.8781469330918563 -3.784334792405103 -3.4044875953107003 -3.139912832524203 -3.207359469619255 -3.393757448500124 -3.5265046933281115 -3.6016157210021458 -3.732523512091177 -3.7132092478321397 -3.7101434916005465 -3.546125533210308 -3.0908607328187117 -2.1604037165301624 -2.1965796400629625 -2.897718090228337 -4.859495502824854 -5.871195059250623 -6.614334369788826 -6.961071399582021 -7.194375448806268 -7.373109037108153 -7.509841765037212
-0.4865008140802516 1.0525088141795562 1.388515697162176 0.33665473410253366 -0.9494300050508313 -2.126067246736318 -2.4964105995127817 -2.1407828766479655 -1.581282364382199 -1.4485351195542115 -1.5469458945883545 -1.1398134670327718 -1.1692447268560668 -1.7989510568253189 -2.6904729689726343 -3.490328769795311 -4.03051501780204 -4.203423669263899 -4.100720835505526 -3.8244961990389745 -3.719953911541645 -3.7132092478321397 -3.394677175369602 -3.21410413332876 -3.2757258335837838 -3.1163065095409355 -3.1135473289325013 -3.2275934607477703 -2.9035430270683644 -2.5178708931339346 -2.5586454510141245 -2.6037120676185452 -2.771715509109855 -1.999144938748358 -0.7296152832455958 -0.8516323812630069 -2.420992996215588 -3.4602843587256973 -4.922036929949355 -6.422111454067929 -6.7366580434293954 -7.060708477108802 -7.21123710808003
-1.0138108859142894 1.0819400740028513 1.7800127679366327 0.4822781551032129 -1.1729236343339786 -2.3468016954110316 -2.8195413063227095 -2.5304404936834666 -1.9396692678554488 -1.729664965991312 -1.6358528253045583 -1.467849383813249 -1.3645333988085566 -1.8624122108192993 -2.7551604254592514 -3.5010589166058876 -4.039099135250502 -4.101640562375004 -3.9170820372330906 -3.71780788217953 -3.483584106085806 -3.456298875624626 -3.3575815249673235 -3.17792820979596 -2.9651647273233888 -2.7766207190804044 -2.5255352837129177 -2.5236958299739616 -1.9709399814177 -1.6202174685234327 -1.7287452391218339 -2.2520698278548004 -2.424058752447181 -1.9543848977670963 -0.6643146755126601 0.09262053806771142 -0.39759388336404733 -1.214924494706806 -3.6387113714044244 -5.301884127043758 -6.254108012576619 -6.579384748748662 -6.849784448375186
-1.2296401246184536 0.8590595959660225 1.7236028532753167 0.5497247921982646 -1.114367690310548 -2.203324303772468 -2.6720784315830746 -2.6426471717597795 -2.17511934644181 -1.9531585952744592 -1.8106009305053732 -1.675094505068952 -1.6076478679739008 -2.098782016275138 -2.700283388913732 -3.4455687288140497 -3.899607226713009 -3.950498780157457 -3.7404944782933196 -3.514854819648057 -3.2757258335837838 -3.138993105654725 -3.038129725635308 -2.8468265367838894 -2.6340630543113184 -2.3164507087182584 -2.041145799121185 -2.041145799121185 -1.863331937688777 -1.5754574275421716 -1.5647272807315953 -2.091117625696155 -2.98263953784347 -2.5255352837129177 -0.938699858240255 -0.13976378428705605 0.3250048604224798 0.2606239795590213 -2.157337960298569 -4.235614109695629 -5.203166776386456 -6.1995375516542595 -6.472696431889218
-1.1057835728620868 0.6288213029733702 1.3649093741789073 0.38080162383747673 -1.0919876698199174 -2.181864010151315 -2.5227761031044835 -2.4973303263822597 -2.1907547032229355 -2.0469707359612124 -1.9267930916827574 -1.76676061639359 -1.8106009305053732 -1.9914805481693745 -2.593901647677447 -3.2266737338782923 -3.6515875475771153 -3.7579692888134013 -3.5715713099325317 -3.282470497293289 -3.0899410059492336 -2.9200981107189676 -2.6076975507196165 -2.416087786245039 -2.1622431702691185 -1.828382316648614 -1.5840415449906327 -1.533456567169344 -2.024590715470582 -1.8194916235769938 -1.652407908955162 -1.5831218181211546 -2.475870032761107 -3.036290271896352 -1.362387369446441 -0.6848552422643346 -0.209049875121063 0.638631722914468 -0.0373675261518418 -2.157337960298569 -4.340156397192958 -5.3371403237070805 -6.147726271340334
-1.144718677003321 0.4353720847598366 1.0426983942384576 0.3746701113742903 -1.0196358227543167 -2.3185967380803736 -2.7462697323876313 -2.475870032761107 -2.1067529824772806 -2.156418233429091 -2.0742559664223923 -1.8985881343520994 -1.8194916235769938 -1.9338443310154219 -2.2306095342336474 -2.8440673561754553 -3.3821075748200693 -3.5022852190985247 -3.3594209787062796 -3.1202919926420067 -2.9161126276178964 -2.543010094232999 -2.212214996844088 -1.7989510568253189 -1.503105580476571 -1.2051140747657079 -0.9932703191626149 -0.5392318212636553 -1.764921162654634 -1.6367725521740364 -1.1300030470916735 -0.9365538288781399 -1.5647272807315953 -2.237354197943153 -1.8731423576298756 -1.2891157955113628 -1.1416529207717279 0.6024557993816684 1.1325250518241399 0.5448195822277153 -2.060766639003382 -4.696397271304093 -5.7773829185638705
-1.1017980897610156 0.1061098654867223 0.8602858984586597 0.48411760884216903 -1.143798950133843 -2.6184276975301928 -3.0001143483635513 -2.654603621062993 -2.2542158572169155 -2.274449848345431 -1.9914805481693745 -2.015700022398961 -1.886018533802567 -1.7842354269136713 -1.9749254645187713 -2.3731671990027334 -2.952288551150697 -3.2024542596487056 -3.1448180424947525 -2.923163866950561 -2.6046317944880233 -2.2931509613581498 -1.8820330507014957 -1.3859936924297092 -0.8372233269745188 -0.46504052045909905 0.012604300423127768 0.468482252061043 -1.1250978371211242 -2.0304156523106087 -1.22688094401002 -0.7148996533339482 -1.1321490764537887 -1.745300322772437 -2.0294959254411307 -2.0178460517610763 -1.8038562667958682 -0.1885093083693885 0.7968247444646801 0.922520749960003 -0.6036127021271138 -3.396516629108558 -5.450266728652871
-1.178748571174006 0.01842923726315515 0.8014233788120695 0.5739442664278513 -0.9288894382991568 -2.431723143026164 -2.9728291179023714 -2.8020664958026282 -2.57428080779525 -2.3127718012403466 -1.823477106678065 -2.3097060450087534 -2.3664225352932284 -2.1162568267952198 -1.8176521698380377 -1.8878579875415231 -2.490279087049595 -2.92806907692111 -3.07338592229863 -2.892812880257788 -2.567536144085745 -2.0969425625361824 -1.4571192370026722 -0.8467271712924576 -0.2893726883888066 0.3728306576353342 1.0390194867605462 0.9286522624231894 -1.5460261677188765 -2.475870032761107 -2.0773217226539855 -1.644743518376179 -1.3927383561392142 -1.4522140270321233 -1.849842610269767 -1.7462200496419151 -2.451343982908361 -1.8194916235769938 0.03314486717480314 0.963601883463352 0.19900227930399694 -2.239500227305268 -4.754953215327523
-1.2618305650501829 -0.15938462416925248 0.6444566597544954 0.6873772469968014 -0.26975184850660927 -1.349817768896909 -2.014780295529483 -2.1417026035174436 -1.7627751332925188 -1.942428448463883 -1.349817768896909 -1.2961670348440273 -1.7774907632041663 -1.8771278407309469 -1.6416777621445857 -1.4454693633226179 -1.5098502441860764 -1.9660347714471507 -2.300815351937133 -2.2073097868735387 -1.8547478202403158 -1.4258485234404215 -0.8829030948252581 -0.4123095132756953 0.0907810843287562 0.7370424979486119 1.1864823615001807 0.4206564548481886 -1.1309227739611516 -2.663187738511454 -2.664107465380932 -2.088051869464562 -1.5490919239504697 -1.4580389638721503 -1.681839168778457 -1.5996769017717583 -2.81463609635216 -2.82843199939433 -1.3663728525475123 0.06717476134548761 -0.01682695940016732 -1.9053327980616044 -4.3331051578602935
-1.0110517053058556 -0.019586140008600594 0.7008665744158113 0.865191108429209 0.6150253999312003 -0.1419098136491712 -0.9190790183580582 -1.5156751810261033 -1.9338443310154219 -1.7784104900736444 -1.3945778098781703 -0.7657912067783963 -1.0968928797904662 -1.115287417180026 -0.7930764372395762 -0.47669039413915293 -0.6446938356304628 -0.95924042499193 -1.2189099778078774 -1.291261824873478 -1.1759893905655718 -0.8792241873473463 -0.5987074921565645 -0.15447941419870315 0.31120895738030985 0.7937589882330869 0.8406650585764632 -0.11063910008692002 -1.83022177038757 -2.443679592329378 -2.6690126753514813 -2.451343982908361 -2.02551044234006 -1.8010970861874345 -1.8185718967075157 -2.2824208145475735 -3.1426720131326373 -2.76956947974774 -1.94365475095652 -0.7305350101150738 -0.21702084132320554 -1.764001435785156 -4.025609807831492
-0.22468523190218903 0.8483294491554458 1.1454012279968318 1.092670220813428 0.9206812962210469 0.7615685478013576 0.06043009763598306 -1.7443805959029595 -2.591142467069013 -2.42007326934611 -2.03440113541168 -1.4083737129203397 -1.0910679429504393 -1.1094624803399986 -0.8126972771217726 -0.5303411281920347 -0.34394314931116554 -0.4552301005180004 -0.591043101577581 -0.8994581784758617 -0.88198336795578 -0.7627254505468031 -0.4435802268379465 0.1462712721205932 0.6588657140429834 0.653040777202957 0.3173404698434963 -0.8390627807134745 -1.9562243515060525 -2.7315541024759833 -3.1917241128381293 -3.068480712328081 -2.886068216548283 -2.655523347932471 -3.0050195583341006 -3.774524372464005 -4.36652190078466 -3.4026481415717442 -2.7238897118970007 -1.5665667344705514 -0.790317256631142 -1.383847663067594 -3.551030743180857
-0.3301472462689965 0.7333635904706997 1.1794311221675162 1.2067163526286961 1.2566881792036657 1.09175049394395 0.22046257292515037 -1.469995413175364 -2.6935387252042275 -2.9915302309150906 -2.6720784315830746 -2.1653089265007117 -1.858733303341387 -1.588027028091704 -1.2842105855408135 -0.7590465430688909 -0.5235964644825302 -0.2988765327067453 -0.350687813020671 -0.5999337946492016 -0.6370294450514802 -0.5441370312342046 -0.4659602473285771 0.11714658792045807 0.6521210503334789 0.653040777202957 -0.4699457304296484 -1.767680343263068 -2.5831715008668703 -3.452313392523555 -3.902672982944602 -3.9443672676942705 -3.759808742552357 -3.487569589186877 -3.773604645594527 -4.5596645433750345 -5.062755140979485 -4.07159615130539 -3.3302962945061436 -2.176039073311288 -0.8038065840501525 -1.3887528730381433 -3.280324467931174
-0.7434111862877657 -0.013761203168574099 0.7557436109613302 1.3649093741789073 1.4265310744339317 1.8241596576715757 0.9675873665644232 -0.15447941419870315 -1.4893096774344015 -2.543010094232999 -2.6349827811807964 -2.277515604577024 -2.015700022398961 -1.7502055327429864 -1.439644426482591 -0.9150935352569869 -0.5039756246003328 -0.24614552552334157 -0.20721042138210688 -0.41721472324624465 -0.5530277243058253 -0.5472027874657979 -0.4659602473285771 -0.04901739983189568 0.483197881972691 0.017509510393677097 -1.3869134192991872 -2.744430278648675 -3.4553791487551484 -4.299075263689608 -4.599825950008905 -4.643666264120689 -4.472903642020945 -4.203423669263899 -4.082326298115966 -4.6445859909901674 -5.241488729281372 -4.374186291363643 -3.2061331671266178 -2.336991275469933 -0.9816204454825606 -1.3323429583768274 -3.2061331671266178
-1.0558117462871168 -0.5754077447964558 0.5319434060550234 1.192307298340208 1.6754704804393032 2.0730990636769464 2.479311764363051 1.573993949173567 0.13063591533946806 -1.144718677003321 -1.6272687078560972 -1.765840889524112 -1.4736743206532759 -1.524565874097724 -1.2130850409678504 -0.8341575707429256 -0.3887031902924276 0.0270133547116167 0.06043009763598306 -0.24737182801597868 -0.7161259558265858 -0.6876144228727683 -0.4883402678192077 -0.07139742032252627 -0.019586140008600594 -0.5763274716659339 -2.219879387423071 -3.4817446523468503 -4.193613249322801 -4.766909664630737 -5.01983455373718 -5.120391358133438 -4.950241887280013 -4.5605842702445125 -4.4045372780564165 -4.485473242570477 -5.3371403237070805 -4.665126557741842 -2.5206300737423684 -1.9454942046954762 -1.5567563145294527 -1.90747882742372 -2.887907670287239
-1.3645333988085566 -0.9690508449330282 0.1686512926112247 0.7906932320014937 1.287958892765917 1.92655591580679 2.4440555676997286 2.3444184901729486 1.1647154922558691 0.36210051082475747 -0.13577830118598477 -0.43070405066525463 -1.1349082570622224 -1.1192729002810973 -1.4503745732931672 -1.2532464476017218 -0.2197800219316397 0.47645321826318554 0.596630862541641 0.33665473410253366 -0.20721042138210688 -0.1075733438553268 0.058284068273867895 -0.22468523190218903 -0.26086115543498867 -1.1572882775528535 -2.836096389973313 -3.8772272062223783 -4.604731159979455 -5.025659490577207 -5.2813435602920835 -5.412251351381115 -5.360440071067189 -4.926022413050426 -4.3331051578602935 -4.173992409440604 -5.36442555416826 -5.30096440017428 -2.9084482370389138 -1.6652840851278534 -1.3059774547851255 -1.3927383561392142 -2.1475275403574705
-1.106703299731565 -1.08616273297989 -0.180844917790405 0.4148315180081621 1.065384990352248 1.6803756904098526 2.123990617121395 2.1003842941381263 1.7174713408121303 1.4988829214995327 1.5770597054051603 1.3912748777706092 0.4372115384987927 -0.5294214013225575 -1.1836537811445553 -1.4307537334109703 -0.3206434019510569 0.6275950004807331 1.290718073374351 1.4158009276233559 1.362150193570474 1.3710408866420938 0.9479665266822268 0.2986393568307779 -0.5168518007730247 -1.679999715039501 -3.2052134402571397 -4.1350573052993695 -4.855510019723782 -5.066740624080556 -5.367491310399854 -5.803748422155572 -5.879166025452766 -5.46896784166559 -4.586030046966736 -3.8848915968013613 -4.979673147103308 -5.25589778356986 -2.9053824808073205 -1.1201926271505749 -0.21119590448317815 -0.4368355631284411 -1.764001435785156
-1.0889219135883241 -1.4893096774344015 -1.1223386565126905 -0.03338204305077053 0.821963945563744 1.1395762911568044 1.404151053943301 1.8962049291140168 2.1561810575531233 2.692075246835622 3.2595467253035313 3.1678806139788938 1.6092501458368886 0.13952660841108866 -0.6719790660916427 -1.1017980897610156 -0.9172395646191025 0.6757273733167466 0.9059656663093989 1.203957172020262 1.4725174179078309 2.1347207639319707 1.7487420543743815 0.8026496813047066 -0.33995766621009516 -1.9531585952744592 -3.3499171343883405 -3.9072716172919923 -4.354565451481446 -4.491298179410505 -4.692718363826181 -5.336220596837602 -6.136996124529757 -6.150485451948768 -4.96097203409059 -3.715048701571096 -3.0224943688541823 -3.052845355546955 -1.4905359799270386 0.4586718321199452 1.1150502413040586 -0.11738376379642546 -1.9044130711921268
-1.4289142796720147 -2.014780295529483 -1.411439469151933 -0.2746570584771586 0.23916368593786874 0.07790490815606432 0.19501679620292656 0.9059656663093989 1.5028684046006031 2.264402252528365 2.6531401426943884 2.749711463989575 2.097625113529693 0.9488862535517049 -0.15355968732922598 -0.9816204454825606 -0.9748757817730551 0.7115967212263872 0.45989813461258233 0.5739442664278513 1.2723235359847918 1.4363414943750303 1.557438865522963 1.065384990352248 -0.4015793664651186 -2.1671483802396674 -3.3293765676366656 -3.5519504700503353 -3.546125533210308 -3.4710145055362736 -3.362486734937873 -3.784334792405103 -4.789289685121368 -5.313534000723813 -4.415267424866992 -2.6993636620442545 -1.348898042027431 -2.6349827811807964 -1.652407908955162 0.4295471479198092 0.9090314225409921 -0.20138548454208038 -1.6094873217128565
-1.7618554064230407 -2.1162568267952198 -1.7180150923112576 -0.790317256631142 -0.8077920671512238 -0.9776349623814893 -0.5039756246003328 0.3191799235824524 1.07795459090178 1.698157076553093 1.9333005795162945 2.010557636552445 1.729427790115344 1.4568820611267048 0.7772039045824828 0.1061098654867223 -0.2452257986538635 -0.33811821247113905 -0.39759388336404733 0.8152192818542394 1.1892415421086149 1.290718073374351 1.2067163526286961 0.7115967212263872 -0.5686630810869504 -2.26586573089697 -2.9875447478140194 -3.131941866322061 -3.094846215919783 -2.99612886526248 -2.8069717057731776 -2.9433978580790763 -3.8018096029251844 -4.590935256937286 -4.124327158488794 -2.5040749900917647 -0.8215879701933932 -2.153352477197498 -1.228720397748976 -0.03154258931181442 0.16589211200279053 -0.619248058908239 -1.6907298618500777
