static/data/ASCData/20210129/ASCU/18.asc
ncols 97
nrows 97
xllcorner 99.0
yllcorner 2.0
cellsize 0.25
NODATA_value -32767
[rows 0 to 18 of 97, columns 43 to 85 of 97]
-0.6878012985078845 -0.8469936674765721 -0.5520913287931988 -0.4593815966735031 -0.8305254913763624 -0.8665115058175603 -0.49536761111470096 -0.6371769053109455 -0.7680074154403842 -0.3373951070423251 0.4497227173028522 -0.1663090553345974 0.8922287084399514 1.1313222281170603 0.21062919762574328 -0.7933196120388537 -0.7475746784271617 0.02703953073081955 0.6314825868533083 0.44484325771760513 0.379580485764925 0.08071358616853797 -0.6136945060569436 -0.20168513732763937 -1.27181161761715 -1.2806556381154102 -1.3968477694891077 -1.7600625423659406 -1.9192549113346282 -1.276691077202397 -1.3636064510646113 -1.3480531736366363 -1.2190524608516653 -1.2464994210186804 -1.4328337839303051 -0.9866681981042706 -0.5014669355962598 0.3374951468421683 0.8656966469451701 0.6589295470203229 -0.5862475458899281 -2.871359462905974 -4.995449213608865
-0.7991139702963341 -1.0043562391007916 -0.7143333600026658 -0.6371769053109455 -1.0735835719664855 -0.9329941426665522 -0.05225168752944587 0.05052192998482141 -0.18399709633111883 -0.18308219765888456 -0.28860051118985375 -1.261137799774422 -0.8110076530353743 -0.16722395400683165 -0.520984773937248 -1.0501011727124836 -1.1028603294779682 -0.04340766703118515 0.7007099197190012 0.8678314105137153 0.09626686359651337 -0.7329362996714206 -0.6829218389226375 0.701929784615313 -1.0403422535419895 -1.3303651326401154 -1.053150834953263 -0.9458027240778266 -1.3157267538843742 -1.4328337839303051 -1.1342718505579965 -1.2602229011021882 -1.3236558757104007 -1.4291741892413699 -1.5697636185413026 -0.7942345107110871 -0.10104628338191723 0.5534112334893537 0.7330363394712638 -0.19375601550161292 -1.9476167701738771 -4.0171175667668155 -6.268988165358365
-0.7405604552733687 -0.4904881515294539 -0.657609642324168 -0.9564765419205541 -1.0677892137090046 -0.8851144454863151 0.07674902525552518 0.3853748440224054 0.007521692389831358 -0.5014669355962598 -0.6225385265552044 -1.0833424911369796 -0.6704182237354415 -0.7405604552733687 -0.9613560015058011 -1.2044140820959242 -0.9534268796797747 -0.09494695890035842 0.7055893793042483 0.9263849255366807 0.13255784426178874 -0.8509582283895849 -0.7963692742796331 0.6266031272680603 -0.49933217202771374 -0.8527880257340525 -0.43772899476396887 -0.3498987222295211 -1.3422588153791555 -1.8256302805426987 -1.5356074014445729 -1.177272088152987 -1.253208677948395 -0.9827036371912579 -0.4057075412357847 -0.12239391906737307 0.011486253302845029 0.35121862692567607 -0.46029649534573736 -1.6771117294167395 -3.196758423997142 -4.865533602151659 -7.176262681990252
-0.9214054261515905 -0.19375601550161292 -0.39991318297830336 -1.0412571522142233 -1.1019454308057344 -0.14191175740836215 -0.015045808191936239 -0.23187679351135593 -0.5414175109504704 -0.827475829135583 0.15207568260277782 -0.13611739915088084 -0.10684064163939855 -0.47005541451623145 -0.624368323899672 -0.6509003853944533 -0.7250071778453933 -0.6213186616588926 0.635447147766321 0.8345900920892193 0.10999034368002114 -0.8363198496338438 -1.4203301687431096 -0.3578278440555476 -0.6341272430701661 -1.0452217131272366 -0.7347660970158882 -0.7795961319553459 -1.4758340215252956 -1.8616162949838966 -1.5706785172135365 -1.4261245270005904 -1.1586691484842322 -0.7426952188419147 0.47320511655685404 0.2798565304914371 -0.14770611566584257 -0.9689801571077501 -1.7329205484230035 -2.736564391863522 -4.000344424442528 -5.711204941519802 -8.188750545929032
-1.1449456684007244 -0.39686352073752396 0.07278446434251151 -0.5081761925259745 -0.9165259665663434 -0.09891151981337121 0.0541815246737567 -0.8314403900485967 -1.1223781678189568 -0.533488389124444 0.24570031339470688 -0.38710460156702986 -0.6008859246456701 -0.3852748042225622 0.32285676808642716 0.2682678139764745 -1.1391513101432436 -1.1742224259122072 -0.05804604578692718 0.6491706278498288 -0.0013223281084293603 -0.47706963767002364 -1.2288113800221594 -1.2163077648349638 -0.9817887385190236 -1.3626915523923775 -1.149825127985972 -1.16934296632696 -1.557869935802263 -1.7719562251049803 -1.1937402642531958 -0.8265609304633497 -0.6039355868864495 -0.45724683310495795 0.5707943082617968 -0.18308219765888456 -1.1028603294779682 -1.9954964673541147 -2.720096215763313 -3.6947682679164267 -4.812774445386175 -6.5178406042059684 -8.697739173915123
-1.474004224180828 -0.78935505112584 -0.31787726870133604 -0.4047926425635513 -1.0619948554515233 -0.7475746784271617 -0.19070635326083352 -1.0168598542879876 -1.025703874786248 -0.4368140960917355 -0.15258557525108962 -0.8744406276435868 -0.9945973199302975 -0.08732280329840947 0.6217236676828133 0.1276783846765417 -1.434053648826617 -1.3587269914793643 -0.9613560015058011 -0.12330881773960733 0.6461209656090494 0.17067862227153263 -1.1586691484842322 -1.67406206717596 -1.427954324345058 -1.5090753399497916 -1.2952940168711518 -1.3694008093220926 -1.7289559875099902 -1.634111491821749 -0.4965874760110127 -0.03761330877370472 -0.4182111564229807 -0.2718273688655666 -0.6966453190061443 -1.8021478812886973 -2.6167126658008897 -3.217191161010364 -3.9436207067640305 -4.360814501302659 -5.5013881793541755 -6.602011282051481 -7.494647419927627
-1.8762546737396377 -1.1068248903909814 -0.12635847998038674 -0.11964922305067205 -1.354762430566351 -1.1184136069059432 -0.7143333600026658 -1.281570536787644 -1.3138969565399066 -0.733851198343654 -0.4340694000750336 -0.39015426380780927 -0.29226010587878903 0.27497707090618917 0.09931652583729278 -0.35874274272778095 -1.2962089155433856 -1.1955700615976634 -1.159584047156466 -0.41333169683773363 0.39909832410591317 -0.19375601550161292 -1.483763143351322 -1.7865946038607219 -1.6447853096644773 -1.6167284170493064 -1.7347503457674711 -1.880219234652651 -1.7182821696672623 -1.4526565884953717 -0.24346551002631767 0.46741075829937273 0.028869328075287193 -1.6167284170493064 -2.479782831189892 -3.872563576553869 -4.033585742867024 -4.446510010268563 -4.479751328693059 -4.854859784308932 -5.207400739343036 -5.621544871640887 -5.54225365338062
-1.5773877741432512 -1.5267633809463121 -0.5530062274654322 -0.051031822633134105 -0.9555616432483207 -0.9689801571077501 -1.4828482446790883 -1.9116307557326797 -1.6145936534807608 -0.9836185358634912 -0.5862475458899281 0.14109689853597107 0.3698215665944309 0.3091332880029194 -0.03639344387739296 -0.4807292323589589 -0.9866681981042706 -0.9095117434125504 -0.6008859246456701 0.16366439911773956 0.19599081887000125 -0.5179351116964686 -1.8860135929101323 -1.5432315570465214 -1.696629567757728 -1.6115439912399814 -1.7414596026971858 -1.893027816063925 -1.6078843965510456 -1.2092935416811712 -0.6518152840666867 0.2966296728157234 -0.8988379255698229 -2.7024081747667923 -4.1369692928294475 -5.204351077102257 -4.913413299331897 -4.916462961572677 -4.939945360826679 -4.753306031690975 -4.737752754263 -4.145813313327708 -3.2961774130465518
-1.327620436623414 -1.4904724002810368 -0.7875252537813724 -0.23096189483912166 -0.5774035253916683 -1.2016693860792222 -1.4730893255085937 -1.2669321580319028 -1.0327180979400405 -0.9573914405927884 -0.7494044757716294 -0.6887161971801179 0.07003976832581049 0.07278446434251151 -0.39015426380780927 -0.8988379255698229 -0.7591633949421235 -0.4788994350144913 0.49577261713862253 0.7028446832875472 0.18531700102727378 -0.6213186616588926 -1.1733075272399733 -1.2504639819316936 -1.2562583401891745 -1.1906906020124164 -1.4819333460068544 -1.7317006835266917 -1.5462812192873008 -0.7777663346108783 -0.5042116316129608 -1.4181954051745636 -3.071722272125184 -4.619425859320757 -5.6810132853360855 -5.653566325169071 -5.34494050640219 -5.241556956439767 -5.104017189380613 -4.801185728871213 -4.037550303780037 -3.0159134531189205 -1.966219709842632
-1.6508846341460361 -1.4770538864216074 -0.771971976353397 -0.39106916248004353 -0.8665115058175603 -1.0501011727124836 -1.0034413404285578 -1.0083208000138049 -1.075413369310953 -1.3559822954626628 -1.7426794675934976 -1.5932460177953045 -1.0802928288962002 -1.1614138445009337 -1.3032231386971782 -1.2123432039219506 -0.6585245409964013 0.5552410308338214 0.9157111076939533 0.0005074692360382826 -0.9290295817535394 -1.4066066886596018 -1.4047768913151342 -1.0726686732942516 -0.6341272430701661 -0.822596369550336 -1.007100935117493 -0.9759943802615432 -0.8820647832455357 -1.2464994210186804 -2.3715198216422215 -4.120501116729239 -5.593183012801638 -6.245505766104363 -6.082348836222662 -5.75908463870004 -5.618495209400107 -5.367508006983957 -5.027775633361126 -4.442850415579627 -3.4602492416004864 -2.1857953911787527 -0.5883823094584741
-2.1135183960722794 -1.517004461775818 -1.024788976114014 -1.0842573898092134 -1.4886426029365691 -1.5657990576282894 -2.010134846109856 -1.910410890836368 -1.9213896749031738 -1.9604253515851506 -1.6313667958050475 -1.780495279379163 -1.8576517340708834 -1.808857138218412 -1.7365801431119388 -1.4682098659233467 -0.941838163164813 0.0005074692360382826 0.5427374156466254 -0.16356435931789637 -1.1906906020124164 -1.6673528102462454 -1.3538475318941172 -1.837218997057661 -1.261137799774422 -0.6469358244814396 -1.0571153958662762 -2.1302915383965666 -2.9533953771829413 -5.357749087813463 -6.2592292461878705 -7.038417948707021 -6.87526101882532 -6.681912432759903 -6.3528538769797995 -6.053986977383413 -5.701446022349308 -5.194592157931763 -4.598993122307535 -3.672200767334659 -2.564868407707639 -1.5551252397855615 0.19782061621446978
-1.7923889621182028 -1.572508314558004 -1.2416199614334333 -1.2297262786943937 -1.6682677089184792 -1.664303148005466 -1.8256302805426987 -2.144015018480074 -2.2025685335030394 -1.9924468051133353 -1.5755579767987835 -1.6780266280889733 -1.5969056124842398 -1.5099902386220254 -1.4486920275823585 -1.34012405181061 -1.5737281794543159 -1.1205483704744887 -0.6655387641501944 -0.6136945060569436 -1.410571249572615 -1.7972684217034498 -1.7170623047709501 -1.2699818202726822 -1.0802928288962002 -0.8646817084730927 -2.1370007953262813 -3.733803944598404 -6.3354708022073565 -8.13995595007656 -8.168317808915809 -7.746549521016011 -7.461406101503131 -6.942658554346546 -6.58432324105496 -6.017086064269982 -5.562991356617921 -4.875292521322153 -3.972897464275513 -2.9857217969352035 -1.7795803807069293 -0.8832846481418475 0.3179773085011801
-1.7338354470952373 -1.5773877741432512 -1.1019454308057344 -0.46731071849952954 -0.7805110306275793 -1.5990403760527854 -2.032702346691624 -2.1516391740820224 -1.9973262646985823 -1.7414596026971858 -1.502366083020077 -1.7435943662657314 -1.5560401384577953 -1.5529904762170155 -1.54048686102982 -1.8051975435294767 -1.998546129594894 -1.9689644058593334 -1.893027816063925 -1.7454241636101995 -1.7551830827806936 -2.036361941380559 -1.6859557499149997 -1.7981833203756836 -2.3440728614752064 -3.2690354191036146 -4.66059629957128 -6.788345644963106 -8.806917082135026 -8.946591612762726 -8.677001470677823 -8.246389162279764 -7.653534822672237 -7.121368761656222 -6.574564321884466 -5.948468663852444 -5.301025370134965 -4.175090070839191 -3.2726950137925503 -2.1693272150785434 -0.9262848857368375 0.24570031339470688 0.511325894566597
-1.4212450674153434 -1.5032809816923107 -0.9232352234960581 -0.38131024330954943 -0.751234273116097 -1.4407629057563316 -1.6087992952232795 -1.182151547738234 -1.3733653702351059 -1.2962089155433856 -1.0101505973582725 -1.4544863858398394 -1.5657990576282894 -1.8119068004591914 -2.093085659059057 -2.361760902471727 -3.812790196634592 -2.9613244990089678 -2.9817572360221902 -3.4721429243395265 -4.807894985800928 -4.881086879579635 -4.733788193349987 -5.1000526284675995 -5.8813760945552955 -6.653550573920654 -8.296403623028546 -9.286628952609636 -9.346097366304836 -9.116457799574142 -8.822775325787081 -8.341233657968004 -7.662378843170497 -7.112524741157962 -6.535528645202489 -5.780737240609573 -4.858824345221945 -3.72404502542791 -2.7768199334418107 -1.3480531736366363 -0.2358413544243687 0.2868707536452293 -0.4075373385802523
-1.2172226635071977 -1.3791597284925867 -1.27181161761715 -1.0461366117994704 -1.3471382749644025 -1.5099902386220254 -1.147690364417426 -0.49933217202771374 -0.7494044757716294 -0.9299444804257728 -0.6420563648961926 -1.0266187734584817 -1.6545442288349714 -2.0580145432900934 -2.4261087757521738 -2.9759628777647094 -4.901824582816935 -4.077500879134249 -4.320558959724371 -6.586153038399428 -8.24242460136675 -8.191800208169811 -8.249438824520542 -8.351907475810732 -8.673341875988887 -9.307976588295091 -9.316820608793352 -9.688879402168446 -9.38818270522759 -9.185990098663913 -8.813016406616587 -8.295183758132234 -7.668478167652056 -6.996332609784265 -6.332421139966577 -5.583424093631143 -4.493474808776566 -3.512093499693737 -2.587130942065329 -1.299258577784165 -1.9006519716658734 -2.5307121906109087 -3.8753082725705705
-1.76311220460672 -1.4749191228530618 -1.45143672359906 -1.5325577392037935 -1.689920310828013 -1.8323395374724138 -1.4203301687431096 -0.7600782936143577 -0.3919840611522769 -0.7680074154403842 -0.525864233522495 -0.9369587035795659 -1.6145936534807608 -2.838118144481478 -3.1809001803450885 -4.286402742627641 -5.6255094325538995 -5.294316113205251 -6.613599998566443 -8.882243739482279 -9.478757673778741 -9.212217193934617 -9.455580240748816 -9.375374123816318 -9.637035144075195 -9.626361326232466 -9.586410750878255 -9.52785723585529 -9.276870033439142 -9.052109926293696 -8.624242313912337 -8.13995595007656 -7.585222388478778 -6.903622877664569 -6.141817249917861 -5.512061997196904 -4.469992409522564 -4.115621657143992 -3.2052974782713246 -4.272679262544133 -5.481870341013187 -7.386079444155879 -8.649859476734886
-2.2025685335030394 -1.887233457806444 -1.8353891997131933 -1.7240765279247432 -1.9631700476018525 -1.846977916228155 -1.4682098659233467 -0.8851144454863151 -0.15167067657885624 -0.700609879919158 -1.0110654960305063 -1.6243525726512549 -2.46819411467493 -3.7063569844313884 -5.359883851382009 -6.886239802892126 -7.455306777021573 -7.74349985877523 -8.676086572005588 -9.084436346045958 -9.120422360487154 -9.142989861068923 -9.4046508813278 -9.306146790950624 -9.383303245642344 -9.339083143151042 -9.25918199244262 -9.267111114268648 -9.037471547537955 -8.712377552670864 -8.388198456476008 -7.973139425505924 -7.410476742082114 -6.861842504965891 -6.161640054482928 -5.703580785917854 -5.357749087813463 -5.375437128809985 -6.512046245948487 -8.132331794474611 -9.858745588979861 -11.34301620156722 -11.688847899671611
-3.196758423997142 -2.726805472693028 -2.598109726132135 -2.3998816804814704 -2.2309303923422883 -1.9945815686818809 -1.9280989318328885 -1.5365223001168067 -1.2416199614334333 -1.6380760527347626 -2.444711715420928 -3.952464727262291 -5.1457975620792915 -5.8176381537230055 -6.705394832013905 -7.3949234646541395 -7.627307727401534 -8.042366758371617 -8.41747521398749 -8.630341638393897 -8.761172148523336 -8.960315092846233 -8.959400194174 -9.030762290608239 -9.072542663306917 -9.017038810524731 -8.935002896247763 -8.852966981970797 -8.707498093085617 -8.509270047434953 -8.308907238215742 -7.924344829653453 -7.512945393372304 -7.028659029536527 -6.762118549692403 -6.730707028612374 -7.242440352615167 -8.116473550822558 -9.529687033199757 -10.94381541424919 -12.170389567490687 -12.913592255568641 -12.69859106759369
-4.576425621725767 -3.4992849182824637 -2.8558061854779986 -2.815855610123788 -3.0970344687236535 -3.325454170558035 -4.008273546268555 -4.697497212684712 -4.734703092022221 -4.599908020979769 -5.124449926393835 -6.081433937550428 -6.597131822466234 -6.720033210769646 -6.8450693626416035 -7.176262681990252 -7.438838600921363 -7.911536248242179 -8.33147473879751 -8.586426502126672 -8.688895153416862 -8.752328128025075 -8.93408799757553 -9.11371310355744 -9.017038810524731 -8.901761577823269 -8.79319360205152 -8.686760389848317 -8.751413229352842 -8.629121773497584 -8.356786935395979 -8.02864327828811 -7.793209353299936 -7.825535773052199 -8.272921223774544 -9.006364992682002 -9.67027646249969 -10.206407084428719 -11.095993560064086 -12.11061618757141 -12.75043532568694 -13.083458442380056 -12.90474823507038
