static/data/ASCData/20210129/ASCU/21.asc
ncols 97
nrows 97
xllcorner 99.0
yllcorner 2.0
cellsize 0.25
NODATA_value -32767
[rows 76 to 94 of 97, columns 43 to 85 of 97]
-4.927360755750786 -4.5210503138741736 -4.078676815026265 -3.988819698072784 -4.237955316649494 -4.4284884676478455 -4.556211794421189 -4.655084675617494 -4.70196664968018 -4.730216044307696 -4.64606891137467 -4.562222303916404 -4.356963404654773 -4.213612753193868 -4.208804345597695 -4.168533931979747 -4.090397308541936 -4.31128353249113 -4.230141654305712 -4.267406813176052 -4.107226735128542 -3.896257851846455 -4.105123056805216 -4.585663290947748 -5.31594019461651 -6.365976203430772 -6.61481129653272 -6.444112826868581 -5.220373093642573 -5.986112003333111 -6.1676293900886385 -6.478072205516552 -6.910828889172116 -6.724202569345654 -6.245766013526448 -6.04170921616386 -6.283031172396789 -6.658988541322559 -6.675517442434403 -6.330814722883757 -5.902866446824367 -5.660943439641917 -5.489944444503017
-4.625633179090935 -4.207602243698652 -3.848173775884726 -3.8980610046950197 -4.225333246709539 -4.414664295808848 -4.541786571632669 -4.555310217996906 -4.595280106140093 -4.6121095327266985 -4.669509898406012 -4.598285360887702 -4.369886000069488 -4.168533931979747 -4.085588900945764 -4.05824108274253 -4.4762720181348135 -4.702868226104463 -4.698961394932572 -4.714588719620134 -4.722402381963915 -4.758465438935212 -5.0650014231912355 -5.675368662430436 -6.399935582078743 -6.467553813899924 -6.653879608251625 -4.585663290947748 -2.93427580713711 -3.5016679034855147 -3.893252597098847 -4.937278096417892 -6.732016231689435 -6.541783606165843 -5.90406854872341 -5.692198089017041 -5.800387259930932 -6.224428704818431 -6.151100488976794 -5.8346471640536635 -5.4292382986013346 -5.242010927825351 -5.078825595030232
-4.277023628368398 -3.861997947723723 -3.624582822662685 -3.909781498210691 -4.360870235826663 -4.526159246945108 -4.437203706415908 -4.450727352780145 -4.351253420634317 -4.3659791688975975 -4.719397127216307 -4.578751205028249 -4.2517794884884905 -4.053432675146357 -4.002643869911781 -4.158917116787401 -4.577849628603967 -4.945993335185956 -4.9751443062377545 -5.214663109622117 -5.403092582297144 -5.715639076048384 -6.07867384955944 -6.634345452392172 -6.566126169621469 -6.632542299543608 -4.9820563921572525 -2.6941559528032246 -1.1843159676049275 -0.7789071021525986 -0.7545645386969726 -3.116995295791681 -5.264249812957651 -6.442009148545256 -5.804294091102822 -5.389268410458147 -5.471311865067848 -5.858088151085006 -5.679275493602326 -5.305421802999882 -5.071011932686452 -4.885287189284273 -4.906023447042768
-3.9332224852420343 -3.523005212193532 -3.4616980153423276 -4.075972085753418 -4.491899342822376 -4.431193196920693 -4.300464615399741 -4.115941973896605 -3.988819698072784 -4.138481384503666 -4.551403386825015 -4.432395298819736 -4.147196623271729 -4.040810605206404 -4.066054745086311 -4.182358103818744 -4.359968659402381 -4.656887828466059 -5.322852280536009 -5.7760446964753065 -6.1159390084297796 -6.399935582078743 -6.643361216634997 -6.330814722883757 -6.06034179559903 -4.3960317163736775 -2.3542616408487516 -1.437057891878767 -0.797539681587768 0.650692581284563 1.1624874648022185 -1.280784645003147 -4.641260503778497 -5.9488468444627705 -5.495654428523473 -5.039757283311328 -5.101365005637294 -5.333671197627398 -5.260342981785761 -4.893100851628054 -4.7046713789530274 -4.710681888448243 -4.745843368995258
-3.614966007470339 -3.3667319653179124 -3.361923557721739 -3.944942978757706 -4.267406813176052 -4.17364286505068 -3.9332224852420343 -3.7243572802832734 -3.6501274880173535 -3.8550858618042243 -4.317895092935868 -4.298360937076415 -4.021276449346951 -3.972290796960939 -3.9440414023334234 -4.092500986865263 -4.286640443560744 -4.702868226104463 -5.468306610320239 -6.315187398196195 -6.841407504502369 -6.718492585325198 -6.408951346321567 -5.733971130008793 -4.187166511414917 -2.3091828196346302 -1.3033240556102075 -1.0271411443050251 -0.27702955930204975 1.2454324958362015 1.2346135787448125 0.021692762610192595 -3.653132742764962 -5.025031535048048 -4.551403386825015 -4.367782321746162 -4.58656486737203 -4.515340329853719 -4.613011109150981 -4.513236651530393 -4.562222303916404 -4.7046713789530274 -4.70196664968018
-3.455687505847111 -3.282885357859647 -3.264252778424477 -3.479128492878454 -3.7946802413773018 -3.8220280595805356 -3.560270371063872 -3.2615480491516298 -3.1569651839348687 -3.3423894018622864 -3.791674986629694 -3.9175951605544723 -3.6675579655534802 -3.7438914361427256 -3.867707931744178 -4.092500986865263 -4.401140649444612 -4.870861966495754 -5.623678280771577 -6.426381823857694 -6.805344447531072 -6.377696696946443 -5.679275493602326 -4.2722152207722255 -2.6070035651225907 -1.554262827035482 -1.24472158803185 -0.9478024189681724 0.5082435062479407 1.1967473689249504 0.941601240853025 0.92116550856929 -0.7007704787147881 -1.7526096403776146 -1.7447959780338338 -2.123758601707212 -3.4752216617065637 -4.040810605206404 -4.093402563289545 -4.252681064912773 -4.546594979228843 -4.7046713789530274 -4.6217263479190445
-3.442163859482875 -3.182209323814776 -3.085740646416557 -3.2194744826851167 -3.5055747346574053 -3.5641772022357627 -3.321953669578552 -3.048475487546217 -2.949903131824672 -3.017220838171093 -3.2302933997765058 -3.472216406958956 -3.530818874537313 -3.664853236280633 -3.8689100336432216 -4.130667722159885 -4.4897956644990495 -5.058389862746497 -5.868907068176396 -6.430288655029584 -6.023978213152972 -5.521199093878141 -4.438105282840191 -2.4498287418226883 -1.3042256320344898 -1.2320995180918963 -1.1287187547741784 -0.4050534115501536 0.39494540226311603 0.5382960537240207 0.972855890228149 1.171202703570282 0.6527962596078885 0.19088860490052717 0.21132433718426213 -0.22233392289558296 -1.5269150088322485 -2.671616542196164 -3.61887283864223 -4.2205248391133665 -4.533972909288889 -4.591373274968203 -4.401140649444612
-3.435251773563376 -3.2576412179797387 -3.129617365731635 -3.210759243917053 -3.451780674675221 -3.5777008485999993 -3.444868588755722 -3.160872015106759 -2.949903131824672 -2.9742456952802976 -3.134425773327808 -3.282885357859647 -3.4430654359071573 -3.587618189267106 -3.773943983618806 -3.962673981768593 -4.313988261763978 -4.8813803581123825 -5.5816047143050636 -5.9909204109292835 -5.35320535348685 -4.3933269871008305 -3.4704132541103907 -2.112939684615823 -1.2038501234643801 -0.9868707306870768 -0.8726710502779707 -0.24367123160360027 0.17405917831392248 0.40275906460689725 0.7014813865191396 0.56774755025058 0.5734575342710357 0.7270260518738079 0.7387465453894801 0.49261618156037823 -0.3707935074274218 -1.7282670769219894 -3.0974611399322285 -4.0777752386019825 -4.297459360652133 -4.317895092935868 -3.941036147585815
-3.4812321712017797 -3.368835643641238 -3.2867921890315372 -3.2741701190915835 -3.4595943370190017 -3.607152345126558 -3.535927807608247 -3.460495913443284 -3.314140007234771 -3.2585427944040215 -3.3970850382687536 -3.330668908346615 -3.4157176177039235 -3.4812321712017797 -3.6266865009860108 -3.77905291668974 -4.213612753193868 -4.860043049404365 -5.150050132548544 -5.126609145517201 -4.0357016721354695 -2.1228570252829297 -1.4018964113317525 -1.6501304534841794 -0.9664349984033427 -0.8131670062753305 -0.6598990141473182 -0.25749540344259714 0.3820228068484015 0.5773643654429259 0.5746596361700789 0.3264255940176515 0.5304823913802403 0.7600838540974975 0.8322099680400905 0.5355913244511736 -0.5015220889483727 -1.763428557469004 -3.1130884646197905 -3.9909233763961094 -4.147196623271729 -3.9019678358669103 -3.479128492878454
-3.3970850382687536 -3.4400601811595495 -3.361923557721739 -3.2768748483644305 -3.3775508824093015 -3.5299172981130305 -3.508579989405013 -3.4430654359071573 -3.5972350044594514 -3.6089554979751233 -3.7847629007101955 -3.5789029504990424 -3.46259959176661 -3.171690932198148 -3.2946058513753185 -3.5954318516108867 -4.0465205892268585 -4.271313644347943 -4.204897514425804 -3.001593513483531 -2.1384843499704917 -0.6902520870981599 -0.603099699417526 -0.9790570683432964 -0.7145946505537859 -0.4732726943208574 0.04423217321725392 0.20651592958808962 0.2894609606220726 0.5247724073597846 0.7853279939774049 0.29216568989491964 0.2816472982782914 0.40937062505163446 0.5148550666926779 0.40756747220306977 -0.6433701130354743 -2.0934055287563704 -3.1365294516511337 -3.7664308467497865 -3.9184967369787547 -3.6128623291470134 -2.9216537371971563
-3.301517937294817 -3.4009918694406442 -3.242013893292177 -3.121803703387854 -3.1599704386824765 -3.2780769502634737 -3.268159609596367 -3.5299172981130305 -3.6970094620800396 -3.9644771346171583 -4.17364286505068 -3.798587072549193 -3.4616980153423276 -3.099264292780793 -2.895207495418205 -3.182209323814776 -3.2038471579975543 -3.3853645447530822 -2.1042244458477595 -0.7545645386969726 -0.6325511959440853 -0.46365587912851147 -0.5583214036781659 -1.119702990531354 -0.8687642191060796 0.20441225126476414 0.7357412906418714 0.46226310860953657 0.21312749003282772 0.43281161208297725 0.733637612318546 0.3029846069863087 -0.026090787876775323 0.0745852461680947 0.1752612802129656 0.0628647526524233 -0.904827276077377 -2.3777026278800943 -3.088445375689404 -3.5437414699520278 -3.674470051472979 -3.199940326825664 -2.514441718896262
-3.1178968722159635 -3.1587683367834334 -2.9177469060252657 -2.8149671936570693 -2.712488006763634 -2.8444186901836286 -3.196935072078056 -3.4586927605947193 -3.8598942694003973 -4.166730779131182 -4.23705374022521 -3.7973849706501492 -3.4009918694406442 -3.1130884646197905 -2.8239829578998936 -2.344344300181645 -2.365982134364423 -1.6531357082317877 -0.2526869958464246 0.055952666732925316 -0.2583969798668795 -0.5952860370737447 -0.7876223409206622 -1.2564420815475215 -1.0337527047497632 0.040325342045362866 0.7543738700770417 0.5734575342710357 0.3937433003640729 0.3772143992522281 0.39765013153596307 0.21222591360854537 -0.1541146401248792 -0.7194030581499584 -0.6199291260041315 -0.6920552399467246 -1.5816106452387153 -2.5505047758675587 -3.129617365731635 -3.504673158233123 -3.382359290005474 -2.8882954094987063 -2.448927165398406
-2.8591444384469082 -2.811060362485179 -2.5105348877243716 -2.3843141883248324 -2.2418651132882097 -2.573945762898902 -3.0036971918068565 -3.6032455139546675 -4.029090111690731 -4.000540191588455 -3.9157920077059076 -3.46259959176661 -3.16868567745054 -2.9868677652202513 -2.639460316396758 -1.9752990171753733 -0.8795831361974686 0.028604848529691473 0.18307494255674683 -0.21271710770323704 -0.5661350660219462 -0.7545645386969726 -0.8453232320747368 -1.0376595359216538 -0.8648573879341894 -0.07868274595991664 0.6047121836461598 0.4730820257009256 0.7053882176910298 0.2248479835484991 0.02379644093351896 -0.08379167903085083 -0.9811607466666219 -1.5924295623301044 -1.8493788432505949 -2.0044499882271714 -2.258394014400054 -2.8864922566501416 -3.3366794178418315 -3.4695116776861084 -3.2224797374327245 -2.840511859011738 -2.4771765600259217
-2.6616992015290575 -2.4663576429345326 -2.144194333990947 -1.911888142000843 -1.9371322818807508 -2.3942315289919387 -3.1530583527629776 -3.812110718913429 -3.9909233763961094 -3.829841721924317 -3.414816041279641 -2.866958100790689 -2.7680852195943837 -2.9303689759652194 -2.4606476589140773 -1.150957639906478 0.0628647526524233 0.3724059916560556 0.22695166187182458 -0.3257146862133009 -0.530973585474932 -0.8248874997910018 -0.9420924349477167 -1.0310479754769162 -0.7545645386969726 -0.0230855331291675 0.6320600018493927 0.6350652565970014 0.6203395083337213 0.08149733208759358 -0.18146245832811303 -0.7575697934445813 -1.7526096403776146 -2.3951331054162215 -2.676424949792337 -2.6686112874485564 -2.749753165633974 -3.1725925086224303 -3.5816076797718894 -3.521202059344967 -3.2925021730519926 -3.004598768231139 -2.6686112874485564
-2.3825110354762673 -2.0152689053185604 -1.633601552372335 -1.6257878900285538 -1.9557648613159206 -2.5387842823518874 -3.264252778424477 -3.7039215479995384 -3.7039215479995384 -3.4644027446151746 -3.1521567763386953 -2.604298835849743 -2.282736577855679 -2.2244346357520826 -1.4644057100820005 -0.32871994096090873 0.2347653242156058 0.23867215538749598 0.13108403542312708 -0.2995689699091102 -0.9165477695930484 -0.9937828166065756 -1.0154206507893537 -1.1248119236022878 -0.7215067364732839 0.07248156784476922 0.6945693005996407 0.8138779140796819 0.7357412906418714 0.2795436199549659 -0.36478299793220526 -1.4382599937778102 -2.3786042043043767 -2.8726680848111443 -3.017220838171093 -2.9216537371971563 -2.7771009838372076 -3.1491515215910875 -3.5407362152044195 -3.5151915498497512 -3.332772586669941 -3.0710148981532774 -2.620827736961588
-2.128567009303385 -1.8082068532083642 -1.685291934031194 -1.7174481598306004 -2.1090328534439324 -2.6980627839751152 -3.2537343868078485 -3.576799272175717 -3.6471222332697453 -3.4851390023736704 -3.0259360769391566 -2.567033676979403 -1.8024968691879089 -0.8717694738536883 -0.2067065982080205 0.27563678878307574 0.23266164589227945 0.08149733208759358 0.155727124353513 -0.16974196481244164 -0.4519353856128401 -0.7671866086369272 -0.748554029201757 -0.9138430403202014 -0.6100117853370248 0.0463358515405794 0.6242463395056124 0.8078674045844654 0.4866056720651626 0.24257898655938614 -0.5183515155349783 -1.5680869988744788 -2.3100843960589126 -2.692052274479899 -2.8444186901836286 -2.835703451415565 -2.7710904743419915 -3.0006919370592486 -3.1626751679553236 -3.231194976200788 -3.1539599291872604 -2.943892622329456 -2.5796557469193573
-1.9644801000839842 -1.8355546714115976 -1.8598972348672231 -1.9001676484851715 -2.298363902543241 -2.834501349516522 -3.084538544517514 -3.285890612607255 -3.264252778424477 -2.9087311417824413 -1.8268394326435344 -1.5719938300463694 -0.7897260192439877 -0.1589230477210526 0.37150441523177324 0.44573420749769266 0.34806342820042957 0.16925077071774908 0.04813900438914409 -0.1255647200226031 -0.16282987889294276 -0.39603764730732927 -0.6277427883479119 -0.5913792059018546 -0.5123410060397617 -0.2866463744943957 0.11064830313939211 0.8490393946266961 1.0678219402525642 0.43281161208297725 -0.29836686801006707 -0.707682564634287 -1.4722193724257813 -2.045621978269402 -2.30527598846274 -2.3882210194967226 -2.3638784560410975 -2.504524378229155 -2.5484010975442333 -2.6070035651225907 -2.634351383325824 -2.397236783739547 -2.188071053306025
-2.203698377993587 -2.0825866116649814 -1.8394615025834882 -1.7544127932261797 -2.10813127701965 -2.329618551918365 -2.3620753031925323 -1.9419406894769233 -1.8082068532083642 -1.7595217262971135 -1.1813107128573197 -1.0241358895574173 -0.5075325984435892 0.186981773728637 0.4562525991143209 0.49051250323705275 0.3675975840598822 0.2248479835484991 0.12056564380649881 0.03551693444919035 -0.0759780166870696 -0.14810413062966354 -0.43720963734956 -0.4050534115501536 -0.49370842660459235 -0.5348804166468231 0.031610103277299295 0.9993021320070996 1.2084678624406218 0.5247724073597846 -0.053438606080009166 -0.32000470219284516 -0.5378856713944309 -0.9868707306870768 -1.2690641514874756 -1.440063146626375 -1.6783798481116952 -1.8638040660391137 -1.8559904036953325 -1.889348731393782 -1.8737214067062204 -1.6979140039711478 -1.5172981936399026
-2.6959591056517898 -2.0916023759078057 -1.6882971887788019 -1.4956603594571245 -1.6041500558457757 -1.8707161519586122 -1.6609493705755685 -1.2468252663551755 -1.054488962508259 -0.9490045208672155 -0.9303719414320453 -0.8786815597731863 -0.4429196213700157 0.272631534035467 0.5902869608576404 0.3937433003640729 0.2512942253274497 0.1770644330615303 0.10974672671510977 0.22094115237660805 0.1506181912825797 0.1340892901707349 -0.10723266606219362 -0.20580502178373816 -0.5562177253548404 -0.5874723747299644 -0.016173447209668623 0.8009553186649665 1.06271300718163 0.8343136463634169 0.44453210559864953 0.22695166187182458 0.047237427964861745 0.09892780962372072 -0.1520109618015537 -0.40595498797443597 -0.7019725806138313 -1.0015964789503569 -1.0310479754769162 -1.054488962508259 -0.8188769902957853 -0.6472769442073645 -0.5544145725062748
