static/data/seaWind_uo/2023/7/27/0.asc
ncols 137
nrows 93
xllcorner 108.0
yllcorner 17.0
cellsize 0.25
NODATA_value -32767
[rows 0 to 18 of 93, columns 86 to 128 of 137]
7.005381869179788 6.854024216298274 6.604964798064675 6.333482023848628 6.164506019838051 5.982716669551788 5.706428890482361 5.45977197467545 5.2083100540151595 4.925615601807889 4.714996222401339 4.405874243500472 3.9654154652738476 3.4048315657126884 2.8874927098319625 2.431017248760733 2.1507252989801535 2.17154698667814 2.346929663826559 2.6584541451541175 3.0532653772736187 3.4360640972596674 3.752393583440607 4.088743923177303 4.308973312290615 4.396264233793708 4.558833564666445 4.602078608346877 4.601277774204647 4.616493622907022 4.562837735377595 4.550024389101912 4.611688618053639 4.5932694327823445 4.61409112048033 4.6461244861695405 4.50517767713702 4.529202701403927 4.618896125333713 4.78947379762875 5.193094205312784 5.17787835661041 3.5746084038654966
7.210395409590726 6.7899574849198565 6.4031545942226575 6.082820937330567 5.812138997256749 5.540656223040703 5.281986795100339 5.086583264396165 4.899988909256521 4.734216241814865 4.473144311447811 4.11757395229759 3.5297616919006036 2.9996094897441936 2.4926814777124604 2.053824367770296 1.924089236729 1.9897576363918783 2.2139911962163414 2.5415323603885045 2.988397811752971 3.396823224290386 3.7179577153247068 4.050303884350251 4.312977483001765 4.514787686843782 4.673352847005367 4.694174534703354 4.692572866418892 4.708589549263497 4.614891954622561 4.598074437635725 4.615692788764791 4.538812711110689 4.558833564666445 4.598074437635725 4.576451915795509 4.674954515289828 4.691772032276663 4.7278095686770225 5.294800141376022 5.134633312929978 4.3634300339622705
6.133273488291071 5.7248480757536555 5.4245352724173195 5.141840820210049 4.918408094527816 4.790274631770981 4.702983710267885 4.661340334871914 4.611688618053639 4.361027531535578 3.9702204701272286 3.4993299944958554 2.9683769581972155 2.4958848142813816 2.1154885967220234 1.9048692173154742 1.901665880746553 2.0418118556368428 2.3116929615684296 2.66566165243419 3.0620745528381517 3.4408691021130484 3.7860286174142765 4.124781459577662 4.405874243500472 4.616493622907022 4.674153681147597 4.694174534703354 4.71339455411688 4.762245436792922 4.700581207841195 4.666145339725295 4.626103632613784 4.441911779900831 4.481953487012344 4.57725274993774 4.6461244861695405 4.64932782273846 4.605281944915799 4.598875271777956 4.9520431285014865 4.75423709537062 4.108764776733057
4.814299656037887 4.678157851858749 4.538812711110689 4.4178867556339245 4.272134941748025 4.357824194966659 4.342608346264283 4.280944117312556 4.123179791293202 3.711551042186865 3.279901439524773 2.8210234760268533 2.508698160557065 2.2083853572207297 2.140314455131161 2.1459202941267725 2.210787859647421 2.364548014955624 2.6088024283358435 2.9467544363569993 3.257478083542327 3.5978325939901734 3.9245729240201057 4.232894068778743 4.50357600885256 4.700581207841195 4.767851275788534 4.82471049988688 4.842328851015946 4.786270461059829 4.692572866418892 4.708589549263497 4.744627085663858 4.722203729681411 4.696577037130044 4.71739872482803 4.647726154454 4.603680276631337 4.525198530692775 4.349015019402126 4.123179791293202 3.7003393641956426 3.106120430660814
3.7043435349067937 4.007058840669819 4.191250693382772 4.111167279159748 4.1215781230087405 4.142399810706728 4.038291372216797 3.7195593836091674 3.3944207218636957 2.9996094897441936 2.740940061803831 2.3981830489292935 2.3757596929468474 2.4686564534455537 2.449436434032028 2.5135031654104467 2.6456407988784334 2.781782603057572 2.921127743805632 3.1613779864746996 3.4528816142465018 3.6819201789243468 3.926975426446796 4.208869044511836 4.513186018559322 4.75503792951285 4.807092148757816 4.771855446499686 4.757440431939541 4.572447745084359 4.480351818727883 4.490762662576875 4.562036901235366 4.5796552523644305 4.505978511279251 4.358625029108888 4.258520761330111 4.1215781230087405 3.8412861732281622 3.581815911145569 3.743584407876074 3.4793091409401 2.9827919727573593
3.428055755837365 3.775617773565284 3.9878388212562936 4.04710054778133 4.0535072209191725 3.792435290552118 3.366391526885638 3.046057869993547 2.6408357940250524 2.4438305950364163 2.2316095473454065 2.445432263320877 2.5719640577932528 2.7073050278301616 2.8658701879917463 2.9227294120900917 3.014825338446568 3.0324436895756333 3.1437596353456345 3.3063289662183704 3.4985291603536255 3.725966056747009 3.918166250882264 4.138395639995576 4.441110945758602 4.687767861565511 4.758241266081772 4.703784544410116 4.527601033119467 4.314579151286226 4.234495737063204 4.1167731181553595 4.114370615728669 4.034287201505647 3.9293779288734867 3.789231953983197 3.645081808381757 3.316739810067364 3.0356470261445545 2.6672633207186496 3.298320624796068 3.046057869993547 2.6528483061585058
3.2839056102359243 3.58742175014118 3.6602976570841306 3.721161051893628 3.491321653073553 3.101315425807433 2.670466657287571 2.440627258467496 2.1419161234156214 2.1194927674331745 2.4390255901830353 2.6616574817230387 2.8914968805431136 3.070082894260454 3.2278472202798087 3.2638847566801688 3.214233039861895 3.23185139099096 3.1661829913280815 3.2590797518267878 3.4448732728241995 3.631467627963843 3.8444895097970826 4.024677191798883 4.163221498404713 4.397065067935939 4.458729296887666 4.323388326850758 4.147204815560109 3.86851453406399 3.738779403022693 3.6194551158303896 3.4256532534106747 3.312735639356213 3.212631371577434 3.0188295091577193 2.714512535110233 2.341323824830948 1.7991591105410847 1.4171612246972662 2.219597035211953 2.5191090044060576 2.1234969381443265
2.8210234760268533 3.0436553675668567 2.9811903044728987 2.7489484032261333 2.5863790723533966 2.197173679229507 1.982550129111806 1.9569234365604387 2.1050777528730307 2.360543844244473 2.6848816718477146 3.0684812259759933 3.315938975925133 3.4793091409401 3.5121433407715386 3.5121433407715386 3.4136407412772214 3.2286480544220386 3.074887899113835 3.09170541610067 3.181398840030455 3.37520070245017 3.5441767064607483 3.5666000624431944 3.6907293544888797 3.802045300258881 3.8188628172457153 3.6955343593422607 3.58582008185672 3.30392646379168 3.1165312745098066 2.911517734098869 2.6352299550294407 2.5006898191347626 2.435021419471884 2.161936976971377 1.5789297214277718 1.0471758509869016 0.8197389545935172 0.5570653559420031 1.3795220200124456 1.757515735145113 1.6702248136420175
2.598391584486851 1.9705376169783526 1.7911507691187825 1.4548004293820869 1.5212696631871956 1.4195637271239567 1.7254823694559032 2.0105793240898637 2.38617053679584 2.7761767640619603 3.0724853966871444 3.456885784957653 3.6106459402658566 3.730771061600391 3.707546871475714 3.6643018277952817 3.468898297091107 3.1293446207854907 2.885891041547502 2.813815968746781 2.787388442053184 2.9235302462323225 2.938746094934697 2.912318568241099 2.9819911386151285 3.0132236701621076 2.9635719533438336 2.8434468320092994 2.8114134663200905 2.710508364399082 2.467054785161093 2.216393698643032 1.8928567051820209 1.546095521596333 1.420364561266187 1.0007274707375484 0.7788964133397758 0.3832843470780438 0.5490570145197005 0.7244396916681204 1.2730110790958253 1.5901413994189952 1.5925439018456857
1.9336992464357627 1.0912217288095638 0.324022620553007 0.48178694657236143 0.6795929797032274 1.2105460160018677 1.9353009147202225 2.328510478555264 2.7609609153595867 3.145361303630095 3.4096365705660703 3.6370734669594547 3.747588578587225 3.7828252808453553 3.747588578587225 3.720360217751398 3.392819053579235 3.0308420212911726 2.6272216136071385 2.386971370938071 2.3180996347062712 2.230007879060946 2.1226961040020957 2.1371111185622396 2.13550945027778 2.144318625842312 2.0914635724551167 2.028197675218929 2.0033718168097923 1.981749294969576 1.7342915450204361 1.4419870831064032 0.9943207975997068 0.6187295848937304 0.41691938105171333 0.5562645217997728 0.47938444414567094 0.5690778680754565 0.8918140273942377 1.1785126503126588 1.4419870831064032 1.6301831065305064 1.5052529803425911
1.6061580822635997 0.6443562774450977 -0.6225633355631208 -0.08760612855332939 0.4689736002966778 1.1560892943302123 2.0241935045077777 2.5543457066641877 2.9651736216282942 3.2518722445467154 3.4536824483887325 3.5706042331543455 3.6466834766662166 3.697936861768951 3.7419827395916143 3.4905208189313224 3.0676803918337634 2.5735657260777134 2.1411152892733907 1.8600225053505812 1.6413947845217298 1.4708171122266913 1.2626002352468326 1.2505877231133793 1.1705043088903566 1.105636743369708 1.151284289476831 1.1008317385163267 1.228965201273163 1.2818202546603579 1.1753093137437376 0.7396555403704945 0.2711675671658118 -0.10202114311347366 -0.3558855662004552 0.19108415294278958 0.5530611852308516 0.8221414570202077 1.002329139022009 1.3026419423583437 1.4852321267868356 1.4171612246972662 1.1040350750852475
1.5757263848588514 0.9718974416172603 -0.21894292787908665 0.17746997252487562 0.6763896431343066 1.309849449638416 2.0698410506149005 2.553544872521958 2.8882935439741924 3.096510420954051 3.2342538934176503 3.3279514880585865 3.4408691021130484 3.5113425066293087 3.465694960522186 2.988397811752971 2.4822706338634677 1.9705376169783526 1.5300788387517286 1.136869274916687 0.8021206034644521 0.5210278195416427 0.2375325331921423 0.12781825570660166 0.016502309936599957 -0.052369426295199695 -0.013128553325918446 -0.0011160411924651115 0.4962019611325057 0.9166398858033746 0.8141331155979055 0.3968985274959578 0.27757424030365385 0.19588915779617055 -0.21173542059901473 -0.02273856303268129 0.23352836248099118 0.5450528438085493 0.9086315443810724 1.3218619617718694 1.2593968986779118 0.8918140273942377 0.4625669271588362
1.243380215833307 1.0007274707375484 0.6715846382809252 0.8781998469763237 1.2866252595137393 1.6742289843531686 2.1178910991487148 2.3709546880934664 2.5383290238195833 2.700898354692319 2.7801809347731115 2.902708558534336 2.9948044848908126 2.9539619436370708 2.73773672523491 2.230007879060946 1.694249837908925 1.1753093137437376 0.6771904772765369 0.27757424030365385 -0.08680529441109908 -0.42956230728563627 -0.7266717740530502 -0.8483985636720448 -0.8996519487747792 -0.9236769730416861 -0.9124652950504628 -0.6906342376526902 -0.03795441173505543 0.6059162386180468 0.4946002928480451 0.521828653683873 0.7612780622107107 0.7332488672326529 0.008493968514297734 0.02370981721667187 0.14463577269343642 0.31761594741516497 0.7348505355171131 1.059188363120355 0.6267379263160326 0.07656487060386707 -0.11083031867800619
1.3715136785901434 1.7511090620072705 1.6437972869484203 1.6926481696244644 1.8167774616701489 2.145119459984542 2.1603353086869164 2.180356162242672 2.2996804494349763 2.2908712738704433 2.3044854542883573 2.405390556209366 2.3885730392225306 2.3028837860038966 1.8704333491995748 1.317056956918488 0.7700872377752432 0.2127066747830053 -0.30062801038656994 -0.6706133840969344 -1.0173745676826225 -1.3537249074193176 -1.4898667115984563 -1.4193933070821962 -1.3985716193842104 -1.1575205425729123 -0.9693245191488089 -0.6097499892874372 -0.17249454762973349 0.2911884207215678 0.01810397822106058 0.9182415540878353 1.0391675095645994 0.6707838041386949 -0.1764987183408846 0.24554087461444496 0.3832843470780438 0.5066128049814989 0.44975358088315254 0.4633677613010665 0.11500490943091801 -0.1764987183408846 -0.12684700152261064
1.7414990523005076 2.145119459984542 2.185161167096054 2.133907781993319 2.2372153863410182 2.2219995376386437 2.13550945027778 2.0434135239213034 1.8239849689502212 1.7775365887008685 1.7591174034295727 1.7679265789941057 1.7398973840160479 1.5180663266182743 1.1032342409430176 0.5426503413818589 -0.033950241023904315 -0.5929324723006024 -1.1527155377195308 -1.4938708823096074 -1.8150053733439282 -1.9014954607047927 -1.913507972838246 -1.6988844227205453 -1.2087739276756466 -0.9124652950504628 -0.42635897071671547 0.05334068047919027 0.4337368980385481 0.27276923545027243 -0.19251540118548904 0.7420580427971855 0.7941122620421499 0.3752760056557416 -0.2725988154085117 0.7108255112502064 0.836556471580352 0.6371487701650254 0.4946002928480451 0.4881936197102035 0.3160142791307048 0.07015819746602503 0.17026246524480326
1.8416033200792863 2.295676278723825 2.398983883071524 2.364548014955624 2.27965959587922 2.2620412447501557 1.972940119405043 1.6782331550643197 1.4556012635243172 1.1592926308991331 1.0864167239561828 1.0319600022845274 0.9126357150922235 0.6900038235522206 0.43133439561185716 0.01810397822106058 -0.5568949359002422 -1.0598187772208245 -1.6115935012174507 -1.9087029679848646 -2.052052279444075 -2.1385423668049395 -1.9839813773545059 -1.5763567989593206 -1.0822421332032708 -0.3719022490450601 0.2046983333607031 0.5923020582001328 0.6323437653116444 0.4681727661544479 -0.1404611819405246 0.5955053947690536 0.6443562774450977 0.06295069018595312 -0.49042570209513325 0.5202269853994124 0.9270507296523678 0.7332488672326529 0.7252405258103507 0.6195304190359607 0.4489527467409222 0.38808935193142524 0.47698194171898045
1.6486022918018013 2.1050777528730307 2.4510381023164887 2.4214072390539703 2.3357179858353363 2.028197675218929 1.6726273160687088 1.292231098509351 0.7796972474820061 0.48258778071459174 0.2599558891745888 0.2095033382140845 0.09017905102178103 0.030116490354513914 -0.14126201608275446 -0.4007322781653482 -0.45839233640592436 -0.9621170118687368 -1.263230649347302 -1.4850617067450749 -1.6292118523465156 -1.7741628320901865 -1.6043859939373786 -1.2071722593911862 -0.8019501834226916 -0.0884069626955597 0.5955053947690536 0.7388547062282642 0.7788964133397758 0.6019120679068957 0.08537404616839961 0.6755888089920763 0.256752552605668 -0.3262547029379368 -0.7923401737159288 0.030917324496744225 0.4393427370341598 0.7036180039701345 0.8357556374381216 0.6315429311694141 0.5170236488304916 0.4561602540209946 0.7676847353485523
1.5212696631871956 1.955321768275979 2.4198055707695096 2.354938005248861 2.057828538481447 1.7286857060248244 1.317056956918488 0.6996138332589834 0.16225412382250104 -0.2758021519774325 -0.5296665750644145 -0.4888240338106731 -0.403935614734269 -0.45679066812146374 -0.41835062929441325 -0.26699297641290043 -0.262187971559519 -0.09401280169117143 -0.1837062256209565 -0.4103422878721106 -0.7426884568976548 -0.9180711340460743 -0.8259752076895983 -0.6794225596614669 -0.31504302494671377 -0.061178601859731785 0.6219329214626512 0.719634686814739 0.6932071601211414 0.4954011269902754 0.39209352264257635 0.744460545223876 0.2911884207215678 -0.4303631414278666 -0.8940461097791677 -0.1764987183408846 0.19268582122724975 0.47538027343451983 0.7356513696593434 0.24794337704113545 0.16385579210696166 0.571480370502147 1.0824125532450317
1.5092571510537423 1.9112758904533158 2.288468771443753 2.121895269859866 1.788748266692091 1.402746210137122 1.003129973164239 0.2599558891745888 -0.4776123558194496 -0.9533078363042045 -0.9669220167221182 -0.6682108816702437 -0.5552932676157818 -0.5016373800863567 -0.3022296786710301 -0.006721880188076401 0.1950883236539407 0.44655024431423174 0.6363479360227955 0.4641685954432968 0.10619573386638548 -0.07239027985095525 -0.06998777742426432 -0.10762698210908495 -0.1468678550783662 -0.0035185436191556008 0.3608609910955973 0.4978036294169663 0.5090153074081893 0.5402478389551684 0.6411529408761769 0.9070298760966118 0.5154219805460309 -0.17169371348750317 -0.7058500863550643 -0.3743047514717506 0.026112319643362802 0.24393920632998434 0.45135524916761316 -0.1148344893891573 0.08377237788393899 0.5698787022176863 1.2818202546603579
