static/data/seaWind_uo/2023/7/27/12.asc
ncols 137
nrows 93
xllcorner 108.0
yllcorner 17.0
cellsize 0.25
NODATA_value -32767
[rows 38 to 56 of 93, columns 86 to 128 of 137]
-4.883000972227926 -4.731643319346413 -4.585891505460513 -4.510613096090871 -4.6187257052919515 -4.239931156017054 -3.7257956367052487 -3.290942697474236 -3.2525026586471846 -3.158004229864018 -3.0627049669386213 -3.001841572129124 -3.0282690988227214 -3.1708175761397017 -3.3357894094391285 -3.4567153649158926 -3.5351971108544546 -3.5904546666683403 -3.4390970137868275 -3.334187741154668 -3.2549051610738755 -3.1628092347173995 -3.0418832792406354 -2.877712280083439 -2.755184656322214 -2.7151429492107026 -2.772002173309049 -2.7399688076198396 -2.7880188561536534 -2.864098099665525 -2.9361731724662454 -2.9690073722976846 -2.921758157906101 -2.8376705729719274 -2.7351638027664587 -2.6718979055302707 -2.4180334824432888 -2.1905965860499044 -2.0040022309102614 -1.9231179825450089 -1.9991972260568804 -2.329941726797964 -2.6847112518059544
-4.986308576575626 -4.9606818840242575 -4.801315889720443 -4.813328401853896 -4.809324231142745 -4.448948867139143 -3.843518255613092 -3.614479690935247 -3.6753430857447444 -3.567230476543664 -3.4455036869246696 -3.415071989519921 -3.4318895065067556 -3.490350398889562 -3.6465130566244564 -3.8066798850705017 -3.931610011258417 -4.016498430334821 -3.9123899918448917 -3.753023997541076 -3.6008655105173335 -3.4503086917780506 -3.3077602144610703 -3.1451908835883344 -3.0114515818358867 -2.9577956943064616 -2.9617998650176127 -2.920156489621641 -2.9153514847682596 -2.904139806777036 -2.8801147825101294 -2.818450553558402 -2.648673715405594 -2.4060209703098354 -2.3579709217760216 -2.239447468725948 -1.9927905529190384 -1.792582017361482 -1.8974912899936416 -2.041641435595082 -2.2754850051263085 -2.6006236668717806 -2.9209573237638713
-5.147276239163901 -5.1040311954834685 -5.025549449544906 -4.961482718166488 -4.820535909133969 -4.496198081530727 -4.186275268487629 -3.998880079205756 -4.020502601045973 -3.949228362387482 -3.8483232604664734 -3.7954682070792787 -3.7882606997992063 -3.8130865582083437 -3.927605840547266 -4.089374337277771 -4.22631697559914 -4.319213736097847 -4.319213736097847 -4.22631697559914 -4.056540137446333 -3.8387132507597106 -3.616882193361938 -3.4030594773864675 -3.278930185340782 -3.214863453962364 -3.161207566432939 -3.1299750348859603 -3.0250657622538006 -2.8769114459412086 -2.7960271975759556 -2.610233676578543 -2.3355475657935756 -2.236244132157027 -2.2834933465486107 -2.126529854671486 -1.7493369736810496 -1.6580418814668039 -1.9639605237987503 -2.2602691564239343 -2.5517727841957365 -2.9121481481993383 -3.2012492735444504
-5.133662058745987 -5.060786151803036 -5.039964464105051 -4.981503571722244 -4.847764269969796 -4.727639148635262 -4.4929947449618055 -4.387284638187416 -4.289582872835329 -4.22631697559914 -4.179868595349787 -4.138225219953815 -4.113399361544678 -4.199889448905543 -4.287180370408637 -4.396093813751948 -4.537040622784469 -4.638746558847707 -4.694004114661593 -4.6187257052919515 -4.4793805645438916 -4.262354511999501 -3.9724525525121583 -3.7009697782961117 -3.567230476543664 -3.4471053552091298 -3.3750302824084093 -3.322976063163445 -3.121966693463658 -2.960198196733152 -2.7303587979130772 -2.506926072230844 -2.274684170984078 -2.3996142971719934 -2.414830145874368 -2.160965722787386 -1.7861753442236399 -1.884677943717958 -2.3219333853756616 -2.609432842436313 -2.91615231891049 -3.2765276829140917 -3.4807403891827993
-5.309845570036637 -5.029553620256058 -4.912631835490444 -4.830145918840731 -4.826141748129579 -4.706016626795046 -4.71963080721296 -4.68279243667037 -4.629937383283174 -4.550654803202383 -4.504206422953029 -4.447347198854683 -4.400097984463099 -4.526629778935476 -4.631539051567636 -4.741253329053176 -4.838154260263034 -4.921441011054977 -4.983105240006704 -4.989511913144547 -4.849365938254257 -4.6363440564210165 -4.3584546090671274 -4.092577673846693 -3.9043816504225894 -3.7834556949458253 -3.641708051771075 -3.5367987791389153 -3.2965485364698472 -3.038679942671714 -2.8088405438516393 -2.6134370131474642 -2.490108555244009 -2.5749969743204133 -2.531751930639981 -2.277086673410769 -2.302713365962136 -2.4316476628612027 -2.806438041424949 -3.05870079622747 -3.366221106843877 -3.5976621739484127 -3.748218992687695
-5.444385705931315 -5.150479575732822 -4.93425435733066 -4.712423299932888 -4.72123247549742 -4.765278353320083 -4.794909216582601 -4.883000972227926 -4.991914415571237 -4.909428498921524 -4.826141748129579 -4.7668800216045435 -4.700410787799434 -4.830946752982961 -4.939059362184042 -5.020744444691525 -5.110437868621311 -5.18091127313757 -5.241774667947068 -5.252986345938291 -5.150479575732822 -4.937457693899582 -4.720431641355191 -4.519422271655403 -4.324819575093458 -4.168656917358565 -4.0253076058993535 -3.80107404607489 -3.490350398889562 -3.224473463669127 -2.9650032015865335 -2.7704005050245883 -2.824056392554014 -2.800832202429337 -2.7599896611755956 -2.9185548213371804 -2.9954348989912822 -3.0498916206629376 -3.282133521909703 -3.535997944996685 -3.722592300136328 -3.9404191868229494 -4.021303435188202
-5.751906016547721 -5.316252243174478 -5.096823688203397 -4.808523397000515 -4.626734046714254 -4.670779924536916 -4.834950923694112 -4.986308576575626 -5.165695424435196 -5.2505838435116 -5.168097926861886 -5.083209507785483 -5.029553620256058 -5.123251214896994 -5.201732960835557 -5.2834180433430395 -5.325862252881242 -5.408348169530955 -5.470813232624913 -5.453194881495847 -5.349887277148149 -5.199330458408866 -5.007130264273611 -4.850166772396487 -4.71963080721296 -4.563468149478066 -4.4121104965965525 -4.144631893091657 -3.803476548501581 -3.499960408596325 -3.2404901465137312 -3.0899333277744487 -3.1700167419974714 -3.158004229864018 -3.2853368584786242 -3.443902018640209 -3.5504129595568292 -3.5488112912723686 -3.749820660972156 -3.949228362387482 -4.136623551669355 -4.235926985305904 -4.298392048399861
-6.217991487325714 -5.7062584704405985 -5.225757985102463 -4.9462668694641145 -4.709219963363967 -4.57708232989598 -4.706817460937277 -4.961482718166488 -5.212143804684549 -5.372310633130595 -5.454796549780308 -5.364302291708292 -5.330667257734623 -5.347484774721457 -5.421161515806638 -5.459601554633689 -5.486829915469517 -5.559705822412468 -5.661411758475706 -5.643793407346641 -5.548494144421245 -5.413153174384336 -5.212143804684549 -5.101628693056778 -4.9871094107178555 -4.8926109819346895 -4.758070846040011 -4.561065647051375 -4.262354511999501 -3.9764567232233095 -3.7698415145279114 -3.6288947054953913 -3.578442154534887 -3.614479690935247 -3.7706423486701413 -3.868344114022229 -3.924402503978345 -3.949228362387482 -4.127814376104823 -4.299993716684321 -4.424923842872237 -4.511413930233101 -4.546650632491231
-5.657407587764555 -6.126696395111468 -5.702254299729448 -5.21694880953793 -4.925445181766128 -4.741253329053176 -4.6491574026967 -4.885403474654616 -5.137666229457138 -5.4235640182333285 -5.579726675968223 -5.610158373372972 -5.597345027097289 -5.590938353959446 -5.631780895213188 -5.659009256049016 -5.666216763329087 -5.725478489854124 -5.823981089348442 -5.792748557801463 -5.689440953453764 -5.547693310279014 -5.378717306268436 -5.276210536062967 -5.168097926861886 -5.088014512638864 -5.030354454398288 -4.915034337917135 -4.716427470644039 -4.540243959353389 -4.3488445993603655 -4.203092785474464 -4.127814376104823 -4.140627722380506 -4.209499458612306 -4.275968692417415 -4.287981204550868 -4.315209565386695 -4.426525511156697 -4.566671486046987 -4.685194939097061 -4.745257499764327 -4.746058333906557
-4.453753871992525 -5.719071816716283 -6.137908073102691 -5.529274125007719 -5.185716277990952 -4.910229333063754 -4.715626636501809 -4.8653826210988615 -5.084010341927713 -5.381920642837358 -5.623772553790886 -5.760715192112254 -5.797553562654844 -5.795151060228154 -5.7959518943703845 -5.7823377139524705 -5.778333543241319 -5.861620294033263 -5.913674513278227 -5.903263669429235 -5.817574416210601 -5.67582677303585 -5.5172616128742655 -5.364302291708292 -5.280214706774118 -5.230562989955844 -5.190521282844333 -5.14247123431052 -5.044769468958432 -4.929449352477279 -4.794909216582601 -4.689199109808211 -4.689999943950442 -4.661169914830154 -4.6363440564210165 -4.602709022447347 -4.566671486046987 -4.595501515167275 -4.685194939097061 -4.799714221435982 -4.891810147792459 -4.941461864610733 -4.965486888877639
-5.996961264070171 -6.507893446813056 -6.2540290237260745 -5.892852825580242 -5.479622408189445 -5.085612010212174 -4.8341500895518825 -4.799714221435982 -5.034358625109439 -5.3418789357258465 -5.636585900066569 -5.827184425917363 -5.9208820205583 -5.92008118641607 -5.913674513278227 -5.880840313446789 -5.862421128175493 -5.925687025411682 -5.92408535712722 -5.927288693696141 -5.859217791606572 -5.721474319142974 -5.627776724502037 -5.447589042500236 -5.352289779574839 -5.271405531209586 -5.209741302257859 -5.24978300936937 -5.208139633973398 -5.165695424435196 -5.14567457087944 -5.096823688203397 -5.056781981091886 -4.989511913144547 -4.963084386450949 -4.915835172059365 -4.8701876259522425 -4.876594299090084 -4.925445181766128 -4.999121922851309 -5.063188654229727 -5.121649546612534 -5.172102097573038
-6.530316802795502 -6.463847568990394 -6.254829857868304 -6.06022716130636 -5.680631777889232 -5.236969663093687 -4.947868537748574 -4.821336743276198 -4.93185185490397 -5.309845570036637 -5.578125007683763 -5.861620294033263 -5.951313717963048 -5.992957093359021 -6.007372107919164 -5.934496200976214 -5.903263669429235 -5.928890361980602 -5.928890361980602 -5.931292864407293 -5.8816411475890185 -5.778333543241319 -5.731084328849736 -5.5340791298611 -5.447589042500236 -5.377916472126206 -5.343480604010306 -5.374713135557285 -5.341078101583616 -5.363501457566063 -5.3691072965616735 -5.3418789357258465 -5.306642233467716 -5.2609946873605935 -5.1985296242666355 -5.152882078159513 -5.092018683350015 -5.088014512638864 -5.116844541759152 -5.156886248870664 -5.228160487529154 -5.287422214054191 -5.3378747650146945
-6.3172949209622615 -6.459843398279242 -6.336514940375787 -6.125094726827008 -5.763918528681176 -5.445987374215775 -5.196927955982175 -5.001524425277999 -4.93025018661951 -5.229762155813614 -5.512456608020884 -5.807163572361608 -5.9393012058295955 -6.071438839297582 -6.089057190426647 -6.051417985741827 -6.014579615199237 -6.001766268923553 -5.951313717963048 -5.952915386247509 -5.926487859553911 -5.84960778189981 -5.81597274792614 -5.670220934040239 -5.590137519817216 -5.539684968856712 -5.5172616128742655 -5.504448266598581 -5.467609896055992 -5.49884242760297 -5.489232417896208 -5.4764190716205245 -5.459601554633689 -5.4227631840910995 -5.372310633130595 -5.349887277148149 -5.301036394472105 -5.2746088677785075 -5.289824716480881 -5.297833057903183 -5.360298120997141 -5.4227631840910995 -5.468410730198222
-6.133903902391539 -6.274049877281829 -6.270045706570679 -6.06423133201751 -5.857616123322112 -5.627776724502037 -5.39233148668635 -5.1985296242666355 -5.128857053892606 -5.188118780417643 -5.495639091034049 -5.792748557801463 -6.000164600639092 -6.130700565822619 -6.215588984899023 -6.195568131343268 -6.1419122438138425 -6.082650517288806 -6.030596298043841 -5.988952922647869 -5.960923727669812 -5.926487859553911 -5.891251157295781 -5.788744387090313 -5.74710101169434 -5.697449294876066 -5.654204251195635 -5.634984231782109 -5.588535851532756 -5.590938353959446 -5.578925841825993 -5.578925841825993 -5.563709993123618 -5.522066617727647 -5.49884242760297 -5.4908340861806675 -5.4900332520384385 -5.4636057253448405 -5.445987374215775 -5.447589042500236 -5.49724075931851 -5.529274125007719 -5.563709993123618
-5.99055459093233 -6.1731447753608215 -6.1691406046496695 -6.105073873271252 -5.988952922647869 -5.768723533534557 -5.5757225052570725 -5.381920642837358 -5.182512941422031 -5.196927955982175 -5.538884134714482 -5.810366908930528 -6.032197966328301 -6.165937268080749 -6.250825687157153 -6.338917442802478 -6.284460721130823 -6.201173970338878 -6.121090556115856 -6.078646346577655 -6.040206307750603 -6.014579615199237 -5.976139576372185 -5.908068674282616 -5.8632219623177235 -5.8007568992237655 -5.757511855543333 -5.7198726508585125 -5.685436782742613 -5.681432612031462 -5.667818431613548 -5.667818431613548 -5.67582677303585 -5.634984231782109 -5.630179226928727 -5.624573387933117 -5.634984231782109 -5.641390904919951 -5.622971719648655 -5.590938353959446 -5.622971719648655 -5.617365880653043 -5.597345027097289
-5.85120945018427 -6.049816317457366 -6.175547277787512 -6.153924755947296 -6.120289721973626 -5.969732903234343 -5.779134377383549 -5.4812240764739055 -5.2746088677785075 -5.228160487529154 -5.5621083248391585 -5.81597274792614 -6.033799634612762 -6.162733931511829 -6.2500248530149225 -6.378158315771759 -6.367747471922766 -6.31008741368219 -6.223597326321325 -6.156327258373986 -6.113883048835785 -6.090658858711108 -6.055422156452978 -5.988952922647869 -5.92168285470053 -5.859217791606572 -5.797553562654844 -5.751906016547721 -5.758312689685564 -5.810366908930528 -5.797553562654844 -5.81917608449506 -5.827985260059593 -5.8183752503528305 -5.8047610699349175 -5.798354396797075 -5.802358567508226 -5.808765240646068 -5.783138548094701 -5.74710101169434 -5.7062584704405985 -5.622971719648655 -5.600548363666209
-6.031397132186071 -5.92248368884276 -6.012977946914775 -6.174746443645281 -6.2540290237260745 -6.165136433938519 -5.95852122524312 -5.645395075631102 -5.358696452712681 -5.294629721334262 -5.506850769025273 -5.77753270909909 -5.969732903234343 -6.000164600639092 -6.071438839297582 -6.237211506739239 -6.275651545566291 -6.299676569833197 -6.234008170170318 -6.173945609503051 -6.178750614356433 -6.1419122438138425 -6.103472204986792 -6.037002971181682 -5.969732903234343 -5.918479518131609 -5.8544127867531905 -5.8095660747882985 -5.8319894307707445 -5.9304920302650626 -6.009774610345855 -6.024189624905999 -6.024189624905999 -6.020185454194848 -6.012977946914775 -6.031397132186071 -6.000164600639092 -5.951313717963048 -5.92248368884276 -5.856014455037652 -5.747901845836571 -5.605353368519591 -5.49724075931851
-6.20597897519226 -5.9625253959542714 -5.8816411475890185 -6.113082214693554 -6.378158315771759 -6.315693252677802 -6.176348111929742 -5.95691955695866 -5.668619265755778 -5.432373193797861 -5.512456608020884 -5.735889333703117 -5.7647193628234055 -5.783138548094701 -5.866425298886645 -6.0113762786303155 -6.112281380551324 -6.219593155610174 -6.126696395111468 -6.105073873271252 -6.1555264242317556 -6.189962292347656 -6.165937268080749 -6.049015483315136 -6.000164600639092 -5.964127064238732 -5.92008118641607 -5.888848654869091 -5.88564531830017 -5.966529566665423 -6.084252185573266 -6.126696395111468 -6.125895560969237 -6.176348111929742 -6.207580643476721 -6.234008170170318 -6.170742272934131 -6.113082214693554 -6.041007141892834 -5.941703708256286 -5.765520196965635 -5.541286637141172 -5.419559847522178
-6.607196880449603 -6.179551448498663 -5.92008118641607 -6.019384620052618 -6.294070730837586 -6.338917442802478 -6.270045706570679 -6.049816317457366 -5.768723533534557 -5.582930012537144 -5.623772553790886 -5.70866097286729 -5.7014534655872176 -5.726279323996355 -5.821578586921752 -5.964927898380962 -6.103472204986792 -6.143513912098303 -6.049015483315136 -6.0113762786303155 -6.040206307750603 -6.089057190426647 -6.211584814187872 -6.135505570676001 -6.09786636599118 -6.041807976035064 -5.968932069092114 -5.906467005998156 -5.864823630602183 -5.927288693696141 -6.09866720013341 -6.188360624063195 -6.220393989752404 -6.275651545566291 -6.320498257531183 -6.351730789078162 -6.298875735690967 -6.213186482472333 -6.086654687999957 -5.912072844993768 -5.713465977720671 -5.372310633130595 -5.213745472969009
