static/data/seaWind_uo/2023/7/27/18.asc
ncols 137
nrows 93
xllcorner 108.0
yllcorner 17.0
cellsize 0.25
NODATA_value -32767
[rows 0 to 18 of 93, columns 86 to 128 of 137]
7.730136767898143 7.517915720207133 7.11669781494979 6.740305768101583 6.5513089105352496 6.359108716399994 6.055592576494739 5.7336572513181885 5.3524601996165995 4.978470655195084 4.845532187584865 4.775058783068607 4.767851275788534 4.869557211851774 4.947238123648106 4.976068152768393 4.917607260385587 4.797482139051052 4.666946173867526 4.549223554959683 4.36503170224673 4.232894068778743 4.169628171542556 4.08393891832392 4.047901381923561 4.027079694225575 3.9397887727224803 3.914962914313343 3.910157909459962 3.8949420607575873 3.8949420607575873 3.8989462314687384 3.8773237096285222 3.933382099584638 3.933382099584638 3.8276719928102483 3.6018367647013245 3.4480766093931208 3.239859732413262 3.1958138545906 3.257478083542327 2.7713717592085794 1.1480809529079101
7.762170133587352 7.441035642553031 6.838808367595901 6.469623828027766 6.234979424354309 5.993928347543012 5.7736989584297 5.463776145386602 5.045740723142423 4.751834592943929 4.556431062239755 4.4443142823275235 4.4130817507805435 4.510783516132632 4.5884644279289635 4.613290286338101 4.61409112048033 4.558032730524214 4.451521789607595 4.310574980575074 4.123980625435433 3.97662714326507 3.8757220413440616 3.8188628172457153 3.8052486368278022 3.8132569782501045 3.706746037333484 3.6699076667908934 3.6386751352439144 3.5970317598479427 3.670708500933124 3.7467877444449953 3.8324769976636293 3.8949420607575873 3.9077554070332705 3.8052486368278022 3.5297616919006036 3.483313311651251 3.2919139516582265 3.052464543131389 3.416043243703912 2.6224166087537575 1.242579381691077
6.946120142654751 6.580939773797768 6.0932317811795595 5.837765689808117 5.721644739184734 5.622341305548186 5.396506077439263 5.100998278956309 4.735017075957096 4.453924292034285 4.233694902920973 4.101557269452986 4.139997308280037 4.230491566352052 4.302566639152772 4.336201673126443 4.289753292877089 4.1976573665206125 4.0623163964837055 3.90535290460658 3.770812768711902 3.6835218472088074 3.640276803528375 3.560193389305353 3.488118316504632 3.4144415754194513 3.2342538934176503 3.2422622348399526 3.3063289662183704 3.4272549216951353 3.58742175014118 3.747588578587225 3.9069545728910406 3.919767919166724 3.856502021930536 3.7059452031912534 3.4632924580954954 3.4304582582640557 3.214233039861895 2.8930985488275742 2.6728691597142613 1.7695282472785663 0.5634720290798447
5.793719811985454 5.594312110570128 5.335642682629764 5.220322566148612 5.136234981214438 5.1098074545208405 4.899188075114292 4.627705300898244 4.373840877811263 4.144001478991187 3.936585436153559 3.816460314819025 3.8573028560727667 3.9157637484555727 4.004656338243128 4.1151714498709 4.033486367363416 3.9125604118866524 3.770812768711902 3.6194551158303896 3.456885784957653 3.3463706733298824 3.2734947663869316 3.124539615932109 3.0300411871489428 2.953161109494841 2.944351933930308 3.0484603724202377 3.2839056102359243 3.496927492069165 3.625861788968231 3.7772194418497436 3.9301787630157174 3.9485979482870124 3.892539558330897 3.743584407876074 3.438466599686358 3.1717888303236923 2.9283352510857035 2.589582408922318 1.874437519910726 0.915038217518914 -0.06838610913980414
4.515588520986013 4.709390383405728 4.839125514447025 4.726207900392563 4.6509294910229215 4.562036901235366 4.401069238647091 4.240101576058814 4.019872186945502 3.8444895097970826 3.703542700764563 3.5986334281324033 3.675513505786505 3.76200359314737 3.850896182934925 3.8532986853616156 3.721161051893628 3.5882225842834106 3.393619887721466 3.186203844883837 3.0308420212911726 2.9059118951032574 2.8202226418846235 2.7385375593771397 2.7041016912612403 2.652047472016276 2.7177158716791543 2.9187252413789406 3.1541704791946272 3.33836233190758 3.3864123804413935 3.509740838344848 3.536168365038446 3.510541672487079 3.4256532534106747 3.2334530592754205 2.961970285059373 2.742541730088291 2.5359265213928928 2.221198703496414 1.5749255507166207 0.5786878777822189 -0.379109756325132
4.032685533221187 4.214474883507448 4.2561182589034185 4.190449859240541 4.1119681133019785 3.9966479968208257 3.999851333389747 3.8388836708014717 3.7371777347382324 3.6162517792614683 3.4801099750823297 3.396823224290386 3.388014048725854 3.469699131233337 3.4945249896424744 3.483313311651251 3.3760015365924008 3.1958138545906 2.9875969776107403 2.73693589109268 2.602395755198002 2.4782664631523166 2.3901747075069912 2.4790672972945464 2.4526397706009493 2.5871799064956273 2.7073050278301616 2.8434468320092994 2.8018034566133276 2.8698743587028974 2.9139202365255596 2.902708558534336 2.904310226818797 2.861866017280595 2.601594921055771 2.3885730392225306 2.0794510603216634 1.9713384511205834 1.7647232424251844 1.2177535232819396 0.8597806617050288 0.09658572415962263 0.312810942561784
3.770812768711902 3.8621078609261477 3.6386751352439144 3.5706042331543455 3.62265845239931 3.5738075697232667 3.58662091599895 3.625861788968231 3.5561892185942017 3.416043243703912 3.3007231272227595 3.217436376430815 3.1253404500743396 3.119734611078728 3.145361303630095 3.1117262696564256 2.9315385876546247 2.751350905652824 2.4470339316053376 2.2035803523673487 2.081853562748354 2.161136142829147 2.153127801406844 2.2708504203146878 2.3349171516931055 2.4558431071698705 2.52631651168613 2.4109963952049775 2.367751351524545 2.255634571612313 2.2348128839143278 2.224402040065335 2.081052728606124 1.9585251048448993 1.7030590134734571 1.4772237853645334 1.1889234941616516 1.0047316414486995 0.3424418058243024 -0.25898463499059776 -0.2958230055331885 0.7260413599525806 0.9430674124969722
3.254274746973406 3.3463706733298824 3.1045187623763533 3.0124228360198777 3.131747123212181 3.1942121863061392 3.3095323027872916 3.351976512325493 3.3591840196055656 3.212631371577434 3.073286230829375 2.94915693878369 2.835438490586997 2.7977992859021765 2.764164251928507 2.7089066961146213 2.4958848142813816 2.2083853572207297 1.9184833977333882 1.721478198744752 1.6982540086200761 1.8239849689502212 1.9977659778141805 2.0554260360547567 2.104276918730801 2.1010735821618796 2.0874594017439656 1.972940119405043 1.7703290814207961 1.5981497408412975 1.4243687319773382 1.2946336009360415 1.1248567627832333 0.939864075928051 0.7300455306637317 0.6892029894099903 0.4897952879946641 0.16145328968027117 -0.4527864974103126 -1.0822421332032708 -0.8331827149696704 0.11980991428429899 0.915038217518914
2.785786773768723 2.5863790723533966 2.5359265213928928 2.4526397706009493 2.5415323603885045 2.7313300520970683 2.9988086556019637 3.034045357860094 3.0444562017090866 3.0364478602867844 2.8610651831383644 2.6936908474122476 2.5287190141128204 2.435822253614114 2.328510478555264 2.216393698643032 2.027396841076699 1.8496116615015885 1.5757263848588514 1.4403854148219426 1.4788254536489935 1.6109630871169807 1.717474028033601 1.6694239794997876 1.6582123015085641 1.6461997893751108 1.5973489066990676 1.4780246195067637 1.1608942991835938 0.8701915055540215 0.4345377321807784 0.21831251377861705 0.030116490354513914 -0.09801697240232254 -0.28541216168419536 -0.150071191647287 0.02771398792782298 -0.206129581603403 -0.591330804016142 -0.9188719681883046 -0.7354809496175827 -0.16128286963851046 0.706020506396825
2.2724520885991484 1.8688316809151142 1.9801476266851155 1.9881559681074177 2.0506210312013757 2.2500287326167014 2.678474998709873 2.706504193687931 2.8210234760268533 2.8378409930136885 2.7337325545237587 2.5367273555351226 2.35093383453771 2.1138869284375637 1.914479227022237 1.7727315838474866 1.6253781016771254 1.4772237853645334 1.3274678007674807 1.249786888971149 1.2826210888025882 1.278616918091437 1.272210244953595 1.1777118161704285 1.1929276648728027 1.1969318355839538 1.126458431067694 0.8733948421229423 0.4994052977014265 0.08297154374170868 -0.45759150226369405 -0.7506967983199571 -0.909261958481542 -1.0430012602339898 -1.0245820749626946 -0.736281783759813 -0.4720065168238383 -0.36629641004944835 -0.5440815896245585 -0.8235727052629076 -0.42635897071671547 0.1766691383826453 0.8141331155979055
2.5511423700952673 1.8424041542215162 1.4916387999246772 1.6069589164058296 1.667822311215327 1.8416033200792863 2.264443747176846 2.5102998288415255 2.6504458037318153 2.684080837705485 2.603196589340232 2.4013863854982147 2.0842560651750452 1.7703290814207961 1.5100579851959721 1.2842227570870488 1.1312634359210754 1.0463750168446713 1.0191466560088438 0.9734991099017205 0.9078307102388421 0.8181372863090566 0.7028171698279042 0.737253037943804 0.7476638817927967 0.7108255112502064 0.6467587798717882 0.3272259571219278 -0.07639445056210636 -0.47681152167721974 -0.6513933646834089 -0.8043526858493824 -0.853203568525426 -0.8115601931294543 -0.8195685345517565 -0.8588094075210377 -0.6778208913770065 -0.4736081851082985 -0.7843318322936266 -0.5576957700424725 -0.08119945541548779 0.46096525887437556 0.8533739885671867
3.2646855908223986 2.441428092609726 1.5492988581652534 1.6325856089571968 1.6582123015085641 1.762320739998494 2.0386085190679224 2.3269088102708033 2.4870756387168487 2.5335240189662023 2.4694572875877836 2.1683436501092186 1.7406982181582777 1.3290694690519413 1.0295574998578365 0.7428588769394153 0.5738828729288379 0.497002795274736 0.497002795274736 0.45295691745207334 0.39609769335372746 0.30960760599286274 0.1726649676714942 0.2951925914327189 0.31040844013509306 0.20389749921847278 -0.03875524587728574 -0.6329741794121138 -0.8243735394051379 -0.6666092133857833 0.04533233905688805 0.18067330909379642 0.4641685954432968 0.7348505355171131 0.6908046576944509 0.08697571445285979 -0.298225507959879 -0.5400774189134074 -0.8980502804903188 -0.39592727331196675 0.3184167815573953 0.9566815929148857 1.1424751139122984
2.095467743166268 1.7398973840160479 1.6670214770730971 1.7591174034295727 1.7543123985761917 1.7326898767359755 1.8544166663549704 2.0474176946324545 2.175551157389291 2.214792030358572 2.0618327091925983 1.5893405652767654 1.126458431067694 0.649962116440709 0.27837507444588416 0.03171815863897409 -0.0884069626955597 -0.13645701122937348 -0.10362281139793383 -0.05397109457965987 -0.06598360671311321 -0.07879695298879685 -0.1508720257895173 0.02050648064775107 0.03171815863897409 -0.08440279198440859 -0.25578129842167696 -0.828377710116289 -0.8475977295298145 -0.3126405225200233 0.497002795274736 -0.16128286963851046 -0.09721613826009223 0.30640426942394194 0.9550799246304256 0.022908983074442002 -0.2685946446973606 -0.3598897369116063 -0.6954392425060714 -0.25898463499059776 0.5202269853994124 1.1272592652099243 0.7100246771079761
1.8183791299546095 2.0025709826675615 1.8984625441776326 1.807167451963387 1.7182748621758317 1.707864018326838 1.6189714285392838 1.7607190717140333 1.852014163928279 1.7366940474471266 1.4732196146533822 0.8974198663898494 0.324022620553007 -0.16128286963851046 -0.5568949359002422 -0.6465883598300277 -0.7763234908713244 -0.813962695556145 -0.7514976324621874 -0.6529950329678693 -0.5777166235982281 -0.5761149553137677 -0.3510805613470742 -0.026742733743832403 0.04853567562580885 0.16545746039142228 0.16145328968027117 -0.5865257991627606 -0.7138584277773667 -0.22454876687469838 0.35845848866890684 -0.8732244220811818 -0.6545967012523299 0.292790089006028 1.027154997431146 -0.28220882511527456 0.33763680097092097 0.7596763939262501 -0.09801697240232254 -0.09241113340671081 0.48178694657236143 0.6355471018805652 0.4041060347760297
1.8496116615015885 2.0338035142145405 1.7591174034295727 1.595747238414607 1.5028504779159007 1.426771234404029 1.3210611276296391 1.4908379657824473 1.3274678007674807 1.157690962614673 0.6595721261474718 -0.12924950394930113 -0.6986425790749924 -1.121483006172552 -1.446621667918024 -1.450625838629175 -1.4057791266642823 -1.421795809508887 -1.3361065562902528 -1.2480148006449279 -1.1391013573016169 -0.8203693686939868 -0.48481986309952196 -0.10442364554016415 0.3864876836469646 0.5682770339332261 0.5258328243950241 -0.9701253532910392 -1.1342963524482357 -0.7050492522128342 0.21831251377861705 -0.948502831450823 -0.18851123047433793 0.8669881689851007 1.303442776500574 -0.0884069626955597 0.42332605418955493 1.0239516608622248 0.47297777100782934 0.06375152432818343 -0.27740382026189314 -0.18771039633210762 -0.05076775801073907
1.8055657836789263 1.8063666178211562 1.5444938533118724 1.3498911567499272 1.1745084796015077 1.0960267336629452 1.063192533831506 1.2057410111484863 1.0367650071379084 0.34324263996653226 -0.2573829667061376 -1.1134746647502498 -1.6964819202938546 -2.1193223473914142 -2.2658749954195456 -2.064865625719759 -2.016014743043715 -1.8374287293263745 -1.7533411443922007 -1.701286925147236 -1.5082858968697515 -1.1879522399776608 -0.6810242279459273 -0.04756442144181827 0.4401435711763897 0.34324263996653226 0.09898822658631312 -1.2319981178003232 -1.3649365854105409 -0.9316853144639883 0.07576403646163676 -0.6602025402479414 0.08537404616839961 0.7508672183617175 1.242579381691077 0.05013734391026947 0.43533856632300827 1.0375658412801387 0.9935199634574765 0.27597257201919323 -0.07239027985095525 -0.3558855662004552 -0.1789012207675751
1.5092571510537423 1.5100579851959721 1.3755178493012945 1.009536646302081 0.8333531350114312 0.8141331155979055 0.8309506325847402 0.9046273736699213 0.33683596682869066 -0.3598897369116063 -1.1479105328661494 -1.9847822114967362 -2.5693911353248016 -2.7744046757357395 -2.840873909540848 -2.5557769549068876 -2.1809865763431415 -2.001599728483571 -1.7861753442236399 -1.7709594955212657 -1.5763567989593206 -1.2071722593911862 -0.6650075451013229 0.04453150491465774 -0.15487619650066842 -0.25257796185275616 -1.0814412990610407 -1.3961691169575197 -1.528306750425507 -0.9581128411575857 -0.0884069626955597 -0.6770200572347762 -0.5416790871978678 0.12701742156437135 0.8053239400333729 0.25034587946782594 0.6363479360227955 1.2065418452907166 1.3643061713100715 0.773290574344164 0.40170353234933875 0.11820824599983881 0.3504501472466046
1.2401768792643861 1.3082477813539555 1.2065418452907166 0.7412572086549551 0.5010069659858871 0.4937994587058152 0.5458536779507797 0.4097118737716414 -0.18130372319426602 -0.8459960612453541 -1.6796644033070198 -2.433249331145663 -2.7231512906330053 -2.9145506506260292 -2.7784088464468906 -2.434050165287893 -2.03443392831501 -1.5579376136880254 -1.206371425248956 -1.1839480692665096 -1.0430012602339898 -0.6770200572347762 -0.09321196754894112 0.1990924943650918 -0.1244444990959197 -0.8355852173963612 -1.8774704364378858 -1.8053953636371656 -1.3809532682551453 -0.7651118128801011 -0.21734125959462602 -0.828377710116289 -0.708252588781755 -0.379109756325132 0.25034587946782594 0.018904812363290446 0.4345377321807784 0.9302540662212886 1.402746210137122 1.197732669726184 0.8381581398648126 0.9430674124969722 1.2449818841177676
1.1881226600194212 1.3963395369992804 1.0583875289781246 0.45776192230545476 0.2054991675029334 0.16065245553804086 0.1950883236539407 -0.004319377761385912 -0.27980632268858363 -0.8724235879389515 -1.4274016485044985 -1.92712215325616 -2.153758215507314 -2.0736748012842914 -1.8013911929260145 -1.5267050821410466 -1.3272973807257202 -0.8475977295298145 -0.2357604448659214 -0.33986888335585075 -0.2037270791767125 0.11660657771537819 0.7420580427971855 0.4986044635591962 -0.025941899601602092 -0.6842275645148483 -1.3593307464149293 -1.513891735865363 -1.0045612214069388 -0.5304674092066448 -0.40633811716095947 -0.948502831450823 -1.0598187772208245 -0.8620127440899585 -0.27980632268858363 0.47217693686559903 0.8037222717489128 0.9334574027902094 1.1745084796015077 1.0679975386848874 1.3899328638614383 1.7102665207535295 1.7543123985761917
