static/data/precipitation/2023/7/19/0.asc
ncols 137
nrows 93
xllcorner 108.0
yllcorner 17.0
cellsize 0.25
NODATA_value -32767
[rows 42 to 62 of 93, columns 0 to 46 of 137]
0.18223964836746112 0.18610533787828676 0.1336424088028039 0.05743310130368676 0.048597239564657224 0.24629964597541742 0.2374637842363879 0.1259110297811561 0.1032691340748966 0.2220010261930888 0.3860167097238035 0.4815544647770488 0.4395841215166646 0.4147332603756486 0.4252258461907438 0.8973922078700757 1.171856163138644 1.2911402966155303 1.2950059861263525 0.8366456584142541 0.5047486018419991 0.2220010261930888 0.10989603037916615 0.08504516923815014 0.06019430809713067 0.1032691340748966 0.13088120200936 0.14137378782445517 0.0982989618466927 0.06461223896664717 0.027612067934463386 0.03700017103218031 0.11817965075950482 0.25844895586658173 0.22034430211702316 0.22862792249736183 0.2253144743452236 0.17616499342187897 0.1551798217916886 0.06682120440140368 0.048597239564657224 0.026507585217085128 0.011597068532473442 0.07841827293387713 0.0027612067934473794 0.0011044827173782579 0.0011044827173782579
0.29489688554007465 0.1728515452697442 0.1209408575529522 0.21813533668226318 0.14468723597658995 0.3622703313001657 0.37662860662608655 0.25568774907313435 0.25955343858395996 0.37938981341953393 0.5428532555915577 0.5168979117331635 0.4660917067337497 0.35398671091982703 0.4522856727665163 0.9354968616196342 0.9796761703147784 1.096751338356905 0.9592432400432754 0.5533458414066563 0.23580706016032224 0.13529913287887302 0.030373274727910765 0.03258224016266728 0.07179137662960758 0.11707516804212656 0.16401568353071466 0.1734037866284316 0.16953809711760942 0.09277654825979795 0.05356741179286112 0.04197034326038421 0.12204534027033045 0.4451065351035559 0.2987625750509003 0.30318050592041335 0.2253144743452236 0.17837395885663548 0.10106016864013662 0.0469405154885881 0.03147775744528902 0.0171194821193682 0.0016567240760691215 0.0 0.0027612067934473794 0.0011044827173782579 0.0011044827173782579
0.39264360602807646 0.27059826575774604 0.34128515966997186 0.5627339445043733 0.3998227436910369 0.3556434349958962 0.36889722760443877 0.37773308934346483 0.4379273974405955 0.5025396364072426 0.4484199832556941 0.4224646393972964 0.3672405035283696 0.22862792249736183 0.35122550412637965 0.39374808874545475 0.4379273974405955 0.47327084439671013 0.37110619303919523 0.23249361200818747 0.13750809831362953 0.03644792967349292 0.012149309891164306 0.02264189570625949 0.09608999641193272 0.40258395048448425 0.45007670733175975 0.3650315380936131 0.21813533668226318 0.12370206434639958 0.06682120440140368 0.054119653151548514 0.27777740342070645 0.7284063521111571 0.5218680839613674 0.27556843798594993 0.19659792369338194 0.16953809711760942 0.08559741059683754 0.04362706733645333 0.026507585217085128 0.012149309891164306 0.005522413586894759 0.009388103097716927 0.005522413586894759 0.0027612067934473794 0.0027612067934473794
0.658823940916306 0.6847792847747037 0.7913618670017352 0.837197899772945 0.6019430809713135 0.5207636012439891 0.49425601602690394 0.5389875660807355 0.5329129111351534 0.2148218885301284 0.10768706494440963 0.09719447912931445 0.10658258222703137 0.10658258222703137 0.14689620141134646 0.21537412988881927 0.2739117139098808 0.3136730917355085 0.20432930271503322 0.09940344456407096 0.03700017103218031 0.016014999401989943 0.010492585815095185 0.028716550651841644 0.18389637244353024 0.6963763533071772 0.9747059980865745 1.0442884092814222 0.22034430211702316 0.12701551249853435 0.07068689391222932 0.05743310130368676 0.27556843798594993 0.9343923789022559 0.35950912450671835 0.162358959454649 0.14137378782445517 0.11155275445523527 0.061298790814508924 0.04197034326038421 0.014358275325920822 0.005522413586894759 0.005522413586894759 0.024850861141019476 0.005522413586894759 0.006626896304273017 0.006626896304273017
0.8670189331421649 1.2199011613446138 1.385573568951394 1.113870820476273 0.9172728967828878 0.7179137662960584 0.6494358378185892 0.5599727377109259 0.46830067216850624 0.11155275445523527 0.0342389642387364 0.024850861141019476 0.05080620499941374 0.11431396124867918 0.16567240760678378 0.2319413706494966 0.2634191280947856 0.2297324052147401 0.11155275445523527 0.045836032771209845 0.01822396483674646 0.005522413586894759 0.004970172228203895 0.019328447554124717 0.16401568353071466 0.26894154168167694 0.2821953342902195 0.22420999162784533 0.16953809711760942 0.12204534027033045 0.08283620380339016 0.07510482478174235 0.09608999641193272 0.12480654706377783 0.14689620141134646 0.12701551249853435 0.10106016864013662 0.07068689391222932 0.004970172228203895 0.0011044827173782579 0.0 0.0 0.0 0.0 0.0 0.0 0.0
1.7986501052509736 2.5436236981228095 2.883804375075403 1.8627101028589297 1.132094785313016 0.7350332484154266 0.45118119004913804 0.18334413108483938 0.05743310130368676 0.024850861141019476 0.01822396483674646 0.025955343858397734 0.043074825977762465 0.05908982537975241 0.21095619901930276 0.2717027484751243 0.2672848176056113 0.20101585456289844 0.06682120440140368 0.030373274727910765 0.010492585815095185 0.0027612067934473794 0.0038656895108256373 0.010492585815095185 0.07068689391222932 0.17947844157401374 0.24022499102983527 0.23249361200818747 0.1899710273891124 0.13640361559625128 0.09940344456407096 0.1032691340748966 0.13529913287887302 0.14413499461790255 0.12314982298770871 0.08283620380339016 0.0469405154885881 0.022089654347572096 0.005522413586894759 0.006626896304273017 0.0027612067934473794 0.0 0.0 0.0 0.0 0.0 0.0
3.926436060280758 3.6514198636534987 3.4305233201777865 2.2851747422562263 1.1177365099870953 0.5732265303194685 0.3053894713551698 0.18776206195435588 0.08891085874897231 0.04086586054300595 0.030373274727910765 0.040313619184318555 0.06019430809713067 0.07620930749912061 0.42798705298419115 0.37386739983263917 0.23470257744294398 0.1480006841287282 0.03810465374956204 0.026507585217085128 0.010492585815095185 0.0038656895108256373 0.004970172228203895 0.006626896304273017 0.014358275325920822 0.1728515452697442 0.25955343858395996 0.24519516325803917 0.47327084439671013 0.4406886042340429 0.2424339564645918 0.0982989618466927 0.12038861619426133 0.10492585815096225 0.08228396244470276 0.054119653151548514 0.033134481521358145 0.013253792608542564 0.0016567240760691215 0.0011044827173782579 0.0 0.0 0.0 0.0 0.0011044827173782579 0.0011044827173782579 0.0011044827173782579
5.432398245426415 3.6155241753386953 2.7772217928483736 1.7423214866646684 0.8366456584142541 0.3252701602679854 0.21150844037799363 0.5119277395049595 0.9448849647173512 0.6648985958618882 0.04086586054300595 0.0695824111948476 0.11652292668343917 0.38159877885429044 0.7068689391222759 0.6074654945582049 0.29379240282269636 0.07455258342305149 0.0171194821193682 0.0171194821193682 0.016014999401989943 0.008835861739029532 0.0077313790216512746 0.028716550651841644 0.1209408575529522 0.4346139492884607 0.45283791412520713 0.7803170398279491 1.4982308061240075 2.213383365626622 1.8273666559028185 1.0746616840093328 0.35453895227851445 0.07731379021649887 0.05522413586892677 0.05356741179286112 0.011597068532473442 0.006626896304273017 0.0011044827173782579 0.0 0.0 0.0 0.06571672168402543 0.016014999401989943 0.0027612067934473794 0.0011044827173782579 0.0011044827173782579
5.922236330583805 3.288045049635953 2.072561819160854 1.1414828884107366 0.3650315380936131 0.2021203372802767 0.14413499461790255 0.4589125690707893 0.6019430809713135 0.29379240282269636 0.048597239564657224 0.07731379021649887 0.10106016864013662 0.2717027484751243 0.4881813610813218 0.5246292907548147 0.23912050831245701 0.043074825977762465 0.006626896304273017 0.0077313790216512746 0.016014999401989943 0.013253792608542564 0.0171194821193682 0.048597239564657224 0.21923981939964143 0.5892415297214584 0.4489722246143815 0.7074211804809633 1.6335299390028806 2.3718766355704455 1.9245611350321297 0.8228396244470242 0.508062049994134 0.06682120440140368 0.05080620499941374 0.0392091364669403 0.008835861739029532 0.0038656895108256373 0.0038656895108256373 0.0077313790216512746 0.008835861739029532 0.12977671929198173 0.08780637603159405 0.01822396483674646 0.004970172228203895 0.0016567240760691215 0.0016567240760691215
4.007615540008082 2.0283825104657134 1.3485733979192136 0.4451065351035559 0.2490608527688648 0.12204534027033045 0.08283620380339016 0.21813533668226318 0.34404636646341924 0.2783296447793973 0.04362706733645333 0.11044827173785701 0.11044827173785701 0.2844042997249795 0.21923981939964143 0.2490608527688648 0.15904551130251077 0.014358275325920822 0.0016567240760691215 0.3214044707571598 0.207642750867168 0.012149309891164306 0.01546275804329908 0.0469405154885881 0.18223964836746112 0.4031361918431717 0.34404636646341924 0.602495322330001 0.9167206554242003 1.3115732268870333 1.0376615129771525 0.39650929553890213 0.09940344456407096 0.05743310130368676 0.04086586054300595 0.04473155005383159 0.040313619184318555 0.0982989618466927 0.10989603037916615 0.10989603037916615 0.024850861141019476 0.08559741059683754 0.05080620499941374 0.01546275804329908 0.0016567240760691215 0.0016567240760691215 0.0016567240760691215
1.5402011493843917 0.900153414663523 0.3462553318981758 0.3330015392896332 0.13640361559625128 0.09056758282504143 0.040313619184318555 0.08228396244470276 0.11431396124867918 0.047492756847278966 0.08780637603159405 0.17174706255236594 0.11652292668343917 0.2844042997249795 0.1905232687477998 0.10768706494440963 0.0171194821193682 0.043074825977762465 0.06019430809713067 0.41307653629957947 0.20101585456289844 0.004970172228203895 0.008835861739029532 0.0392091364669403 0.1905232687477998 0.12701551249853435 0.15186637363955036 0.4003749850497243 0.7140480767852363 0.661032906351066 0.37938981341953393 0.21371740581275014 0.20432930271503322 0.16125447673727075 0.07179137662960758 0.09056758282504143 0.3125686090181302 0.10603034086834051 0.11541844396605744 0.10658258222703137 0.02264189570625949 0.0011044827173782579 0.013253792608542564 0.0016567240760691215 0.0 0.0011044827173782579 0.028716550651841644
0.4567036036360328 0.11155275445523527 0.11155275445523527 0.12038861619426133 0.08007499700994625 0.0469405154885881 0.019328447554124717 0.019328447554124717 0.03258224016266728 0.048597239564657224 0.103821375433584 0.15738878722644511 0.08559741059683754 0.16898585575891856 0.1032691340748966 0.026507585217085128 0.010492585815095185 0.05632861858630503 0.09553775505324533 0.11707516804212656 0.004970172228203895 0.0016567240760691215 0.004970172228203895 0.02098517163019384 0.21371740581275014 0.08780637603159405 0.12701551249853435 0.3357627460830806 0.5246292907548147 0.66379411314451 0.4417930869514211 0.2717027484751243 0.2783296447793973 0.1728515452697442 0.06185103217319979 0.1678813730415403 0.5605249790696167 0.0640599976079563 0.05522413586892677 0.05522413586892677 0.0 0.0016567240760691215 0.005522413586894759 0.0027612067934473794 0.0011044827173782579 0.0 0.027612067934463386
0.30980740222468284 0.16014999401988902 0.1507618909221721 0.07897051429256799 0.033134481521358145 0.01822396483674646 0.016014999401989943 0.019328447554124717 0.027612067934463386 0.0469405154885881 0.07455258342305149 0.07841827293387713 0.08559741059683754 0.07344810070567323 0.028716550651841644 0.030373274727910765 0.033134481521358145 0.0011044827173782579 0.0 0.0 0.0 0.0011044827173782579 0.09167206554241969 0.11265723717261353 0.06295551489057805 0.030373274727910765 0.06571672168402543 0.4136287776582669 0.66379411314451 0.4042406745605499 0.7035554909701376 0.17616499342187897 0.08283620380339016 0.026507585217085128 0.014358275325920822 0.0811794797273245 0.2987625750509003 0.0695824111948476 0.11928413347688308 0.08891085874897231 0.0 0.0 0.0 0.0027612067934473794 0.0011044827173782579 0.0 0.0
0.1507618909221721 0.3053894713551698 0.16953809711760942 0.06185103217319979 0.024850861141019476 0.024850861141019476 0.0077313790216512746 0.004970172228203895 0.005522413586894759 0.01546275804329908 0.04970172228203548 0.0982989618466927 0.14855292548741558 0.03810465374956204 0.014358275325920822 0.004970172228203895 0.0027612067934473794 0.0011044827173782579 0.0011044827173782579 0.0 0.0 0.0011044827173782579 0.1430305119005243 0.37386739983263917 0.10106016864013662 0.0469405154885881 0.05908982537975241 0.3214044707571598 0.6687642853727138 0.5378830833633573 0.3042849886377916 0.13529913287887302 0.0695824111948476 0.0298210333692199 0.012149309891164306 0.006626896304273017 0.004970172228203895 0.0011044827173782579 0.0016567240760691215 0.0016567240760691215 0.0 0.0 0.0011044827173782579 0.0 0.0 0.0 0.0011044827173782579
0.4406886042340429 0.295449126898762 0.11376171988999179 0.02264189570625949 0.0077313790216512746 0.005522413586894759 0.0077313790216512746 0.0027612067934473794 0.0011044827173782579 0.0011044827173782579 0.0027612067934473794 0.011597068532473442 0.05522413586892677 0.1480006841287282 0.05798534266237415 0.005522413586894759 0.0077313790216512746 0.012149309891164306 0.013253792608542564 0.0027612067934473794 0.0011044827173782579 0.0011044827173782579 0.030373274727910765 0.08559741059683754 0.12038861619426133 0.06295551489057805 0.07510482478174235 0.29379240282269636 0.9945866869993867 1.8378592417179138 1.177930818084226 0.2844042997249795 0.08504516923815014 0.05522413586892677 0.030373274727910765 0.005522413586894759 0.0027612067934473794 0.0 0.0077313790216512746 0.006626896304273017 0.0011044827173782579 0.0 0.0 0.0 0.0 0.0 0.0
0.830571003468672 0.3335537806483241 0.1430305119005243 0.0982989618466927 0.09056758282504143 0.014358275325920822 0.004970172228203895 0.0016567240760691215 0.0 0.0 0.0 0.008835861739029532 0.030373274727910765 0.08283620380339016 0.030373274727910765 0.0011044827173782579 0.0016567240760691215 0.0077313790216512746 0.0298210333692199 0.010492585815095185 0.011597068532473442 0.024850861141019476 0.07179137662960758 0.13750809831362953 0.14468723597658995 0.06019430809713067 0.07068689391222932 0.40810636407137557 0.7841827293387748 0.419703432603849 0.2468518873341083 0.11928413347688308 0.10879154766178789 0.0695824111948476 0.028716550651841644 0.010492585815095185 0.004970172228203895 0.0038656895108256373 0.022089654347572096 0.01822396483674646 0.0077313790216512746 0.014358275325920822 0.022089654347572096 0.005522413586894759 0.0 0.0 0.0027612067934473794
0.8648099677074084 0.49756946417903875 0.35453895227851445 0.30925516086599547 0.22420999162784533 0.07731379021649887 0.0027612067934473794 0.0016567240760691215 0.0011044827173782579 0.0 0.0 0.0016567240760691215 0.014358275325920822 0.030373274727910765 0.028716550651841644 0.005522413586894759 0.0038656895108256373 0.0077313790216512746 0.010492585815095185 0.006626896304273017 0.0038656895108256373 0.022089654347572096 0.06571672168402543 0.09167206554241969 0.06682120440140368 0.162358959454649 0.39374808874545475 0.5224203253200548 0.3252701602679854 0.08283620380339016 0.09167206554241969 0.10658258222703137 0.15241861499824122 0.12867223657460347 0.07510482478174235 0.07510482478174235 0.07455258342305149 0.0469405154885881 0.03700017103218031 0.04473155005383159 0.04362706733645333 0.030373274727910765 0.0171194821193682 0.013253792608542564 0.0038656895108256373 0.0 0.0016567240760691215
0.7179137662960584 0.5323606697764626 0.4627782585816149 0.868675657218234 0.8946310010766283 0.19549344097600369 0.0038656895108256373 0.0016567240760691215 0.006626896304273017 0.004970172228203895 0.0 0.0016567240760691215 0.013253792608542564 0.013253792608542564 0.0077313790216512746 0.0038656895108256373 0.0016567240760691215 0.028716550651841644 0.04362706733645333 0.019328447554124717 0.03700017103218031 0.04473155005383159 0.04362706733645333 0.06682120440140368 0.06461223896664717 0.0695824111948476 0.36061360722409663 0.5522413586892782 0.4003749850497243 0.051358446358104604 0.0640599976079563 0.08007499700994625 0.17837395885663548 0.17837395885663548 0.16401568353071466 0.13750809831362953 0.12756775385722174 0.09553775505324533 0.09443327233586707 0.15352309771561948 0.16512016624809292 0.022089654347572096 0.012149309891164306 0.025955343858397734 0.004970172228203895 0.0 0.0
0.9233475517284699 0.6615851477097534 0.5218680839613674 0.9134072072720656 0.8747503121638162 0.22310550891046707 0.019328447554124717 0.0016567240760691215 0.004970172228203895 0.008835861739029532 0.0038656895108256373 0.0077313790216512746 0.033134481521358145 0.01546275804329908 0.004970172228203895 0.0011044827173782579 0.004970172228203895 0.024850861141019476 0.03810465374956204 0.025955343858397734 0.0469405154885881 0.06571672168402543 0.06571672168402543 0.0982989618466927 0.08283620380339016 0.09277654825979795 0.6140923908624745 0.76485428178465 0.28606102380104514 0.025955343858397734 0.06571672168402543 0.043074825977762465 0.11541844396605744 0.16512016624809292 0.15352309771561948 0.2098517163019245 0.21095619901930276 0.1507618909221721 0.2319413706494966 0.291031196029249 0.207642750867168 0.02374637842363775 0.01546275804329908 0.0469405154885881 0.022089654347572096 0.005522413586894759 0.005522413586894759
1.2751252972135405 0.8697801399356122 0.6626896304271317 0.5207636012439891 0.48044998205967054 0.16953809711760942 0.0298210333692199 0.005522413586894759 0.0011044827173782579 0.004970172228203895 0.004970172228203895 0.008835861739029532 0.027612067934463386 0.009388103097716927 0.0 0.0011044827173782579 0.0038656895108256373 0.004970172228203895 0.011597068532473442 0.022089654347572096 0.03258224016266728 0.05080620499941374 0.051358446358104604 0.08007499700994625 0.06185103217319979 0.15186637363955036 0.7134958354265454 0.8946310010766283 0.4147332603756486 0.051358446358104604 0.1209408575529522 0.05632861858630503 0.08394068652077188 0.1336424088028039 0.17726947613925723 0.25568774907313435 0.21813533668226318 0.16677689032416204 0.2634191280947856 0.5157934290157852 0.4318527424950133 0.14965740820479384 0.08504516923815014 0.0640599976079563 0.03644792967349292 0.019328447554124717 0.005522413586894759
1.6462314902527357 1.1834532316711208 0.5991818741778663 0.43019601841894767 0.32416567755060716 0.10603034086834051 0.030373274727910765 0.004970172228203895 0.0011044827173782579 0.008835861739029532 0.008835861739029532 0.0016567240760691215 0.0 0.0 0.0 0.0 0.0011044827173782579 0.0016567240760691215 0.01822396483674646 0.025955343858397734 0.02098517163019384 0.03810465374956204 0.040313619184318555 0.03644792967349292 0.05356741179286112 0.16677689032416204 0.7361377311328049 0.9763627221626402 0.6168535976559218 0.07510482478174235 0.14192602918314604 0.1209408575529522 0.1678813730415403 0.1259110297811561 0.16512016624809292 0.2545832663557561 0.2253144743452236 0.1927322341825563 0.35122550412637965 0.6284506661883987 1.0216465135751627 0.7493915237413474 0.40921084678875386 0.03644792967349292 0.027612067934463386 0.01822396483674646 0.0011044827173782579
