static/data/precipitation/2023/7/19/12.asc
ncols 137
nrows 93
xllcorner 108.0
yllcorner 17.0
cellsize 0.25
NODATA_value -32767
[rows 66 to 87 of 93, columns 49 to 97 of 137]
0.02264189570625949 1.3993796029186274 1.1928413347688376 0.38877791651725085 0.29765809233352203 0.02374637842363775 0.3125686090181302 0.17726947613925723 0.40921084678875386 0.5185546358092326 0.2567922317905126 0.05632861858630503 0.1380603396723204 0.15297085635692861 0.1380603396723204 0.09608999641193272 0.017671723478055595 0.0 0.0 0.0 0.0 0.0 0.0 0.0 0.0 0.0 0.0 0.0 0.0 0.0 0.0 0.0 0.0 0.0 0.0 0.0 0.0 0.0 0.0016567240760691215 0.010492585815095185 0.01546275804329908 0.008283620380338669 0.0016567240760691215 0.0005522413586908637 0.011044827173786048 0.01546275804329908 0.0011044827173782579 0.0 0.0
0.1507618909221721 8.40732244468555 6.814106124866987 0.810138073197169 0.05964206673844327 0.005522413586894759 0.10713482358571877 0.3059417127138607 0.21592637124750666 0.1281199952159126 0.13419465016149476 0.040313619184318555 0.18113516565008286 0.06847792847746934 0.05080620499941374 0.053015170434170256 0.0011044827173782579 0.0 0.0 0.0 0.0 0.0 0.0 0.0 0.0 0.0 0.0 0.0 0.0 0.0 0.0 0.0 0.0 0.0 0.0 0.0 0.0 0.0005522413586908637 0.006074654945582153 0.012149309891164306 0.010492585815095185 0.0027612067934473794 0.0016567240760691215 0.0011044827173782579 0.0016567240760691215 0.0022089654347565157 0.006074654945582153 0.0 0.0
0.05080620499941374 5.927758744170697 5.093322051191199 0.03092551608659816 0.016567240760677338 0.011597068532473442 0.06626896304271282 0.5207636012439891 0.41638998445171427 0.09167206554241969 0.05632861858630503 0.047492756847278966 0.05798534266237415 0.040313619184318555 0.024850861141019476 0.0077313790216512746 0.0005522413586908637 0.0 0.0 0.0 0.0 0.0 0.0 0.0 0.0 0.0 0.0 0.0 0.0 0.0 0.0 0.0 0.0 0.0 0.0 0.0 0.0 0.0005522413586908637 0.008283620380338669 0.013806033967233428 0.008283620380338669 0.0016567240760691215 0.0016567240760691215 0.0022089654347565157 0.0033134481521347736 0.0033134481521347736 0.0022089654347565157 0.0 0.0
0.029268792010532507 0.6820180779812564 2.2658462947021016 0.029268792010532507 0.12701551249853435 0.27667292070332816 0.0469405154885881 0.349568780050314 0.5765399784716068 0.16567240760678378 0.0469405154885881 0.03258224016266728 0.02374637842363775 0.024850861141019476 0.03810465374956204 0.006626896304273017 0.0016567240760691215 0.0 0.0 0.0 0.0 0.0 0.0 0.0 0.0 0.0 0.0 0.0 0.0016567240760691215 0.0022089654347565157 0.0 0.0 0.0 0.0 0.0 0.0 0.0 0.0016567240760691215 0.008835861739029532 0.011597068532473442 0.008835861739029532 0.006074654945582153 0.006626896304273017 0.006074654945582153 0.01546275804329908 0.009388103097716927 0.0033134481521347736 0.0016567240760691215 0.0005522413586908637
0.35122550412637965 0.02264189570625949 0.0022089654347565157 0.025955343858397734 0.16677689032416204 0.7278541107524662 0.16567240760678378 0.3804942961369122 0.33741947015914975 0.19604568233469455 0.07234361798829497 0.05467189451023938 0.01822396483674646 0.006626896304273017 0.0011044827173782579 0.0011044827173782579 0.0011044827173782579 0.0 0.0 0.0 0.0 0.0 0.0 0.0 0.0 0.0 0.0022089654347565157 0.008283620380338669 0.010492585815095185 0.0038656895108256373 0.0 0.0 0.0 0.0 0.0 0.0 0.0016567240760691215 0.005522413586894759 0.011044827173786048 0.013253792608542564 0.013253792608542564 0.010492585815095185 0.00994034445640779 0.011597068532473442 0.020432930271502975 0.013253792608542564 0.006626896304273017 0.0027612067934473794 0.0011044827173782579
0.48707687836394353 0.15241861499824122 0.1927322341825563 0.21758309532357578 0.39485257146283304 1.0089449623253075 0.2446429218993483 0.3125686090181302 0.2070905095084806 0.21040395766061537 0.10768706494440963 0.07952275565125538 0.009388103097716927 0.0033134481521347736 0.0011044827173782579 0.0005522413586908637 0.0 0.0 0.0 0.0005522413586908637 0.0005522413586908637 0.0 0.0 0.0 0.0 0.0027612067934473794 0.01546275804329908 0.022089654347572096 0.012149309891164306 0.0033134481521347736 0.0 0.0 0.0 0.0005522413586908637 0.0005522413586908637 0.005522413586894759 0.008283620380338669 0.013806033967233428 0.013806033967233428 0.017671723478055595 0.013253792608542564 0.010492585815095185 0.00994034445640779 0.012149309891164306 0.014910516684611685 0.012149309891164306 0.004970172228203895 0.0033134481521347736 0.0016567240760691215
0.5610772204283042 0.5781967025476724 0.7074211804809633 0.6698687680900921 1.0459451333574912 0.7527049718934857 0.12038861619426133 0.03092551608659816 0.02816430929315425 0.09940344456407096 0.1452394773352808 0.02816430929315425 0.008835861739029532 0.007179137662960411 0.0027612067934473794 0.0016567240760691215 0.0016567240760691215 0.0011044827173782579 0.0011044827173782579 0.0016567240760691215 0.0005522413586908637 0.0005522413586908637 0.0027612067934473794 0.0027612067934473794 0.0044179308695130315 0.013806033967233428 0.0298210333692199 0.02098517163019384 0.00994034445640779 0.0038656895108256373 0.0005522413586908637 0.0 0.0 0.0016567240760691215 0.0077313790216512746 0.014910516684611685 0.0171194821193682 0.02098517163019384 0.016567240760677338 0.011597068532473442 0.0077313790216512746 0.006074654945582153 0.004970172228203895 0.005522413586894759 0.008283620380338669 0.0044179308695130315 0.0044179308695130315 0.0027612067934473794 0.0016567240760691215
1.381155638081881 1.536887701232257 1.200020472431798 0.6632418717858225 0.35177774548507057 0.06571672168402543 0.011044827173786048 0.018776206195437323 0.019328447554124717 0.040313619184318555 0.06074654945582153 0.004970172228203895 0.0016567240760691215 0.006626896304273017 0.019328447554124717 0.018776206195437323 0.009388103097716927 0.008283620380338669 0.004970172228203895 0.0033134481521347736 0.0027612067934473794 0.0016567240760691215 0.006074654945582153 0.013253792608542564 0.014910516684611685 0.028716550651841644 0.01988068891281558 0.012149309891164306 0.0077313790216512746 0.004970172228203895 0.0016567240760691215 0.0011044827173782579 0.0011044827173782579 0.0044179308695130315 0.008283620380338669 0.01270155124985517 0.01546275804329908 0.012149309891164306 0.010492585815095185 0.004970172228203895 0.0016567240760691215 0.0016567240760691215 0.0027612067934473794 0.0027612067934473794 0.0027612067934473794 0.0038656895108256373 0.004970172228203895 0.008835861739029532 0.007179137662960411
0.47327084439671013 0.5174501530918543 0.7112868699917889 0.5688085994499554 0.050253963640722876 0.013806033967233428 0.00994034445640779 0.04970172228203548 0.04804499820596636 0.025955343858397734 0.008835861739029532 0.0016567240760691215 0.0038656895108256373 0.008835861739029532 0.07510482478174235 0.08559741059683754 0.05246292907548286 0.033134481521358145 0.014910516684611685 0.008835861739029532 0.014358275325920822 0.011044827173786048 0.013806033967233428 0.02374637842363775 0.02098517163019384 0.02264189570625949 0.016014999401989943 0.012149309891164306 0.006626896304273017 0.0016567240760691215 0.0011044827173782579 0.0011044827173782579 0.0016567240760691215 0.007179137662960411 0.014910516684611685 0.019328447554124717 0.0171194821193682 0.006074654945582153 0.0022089654347565157 0.0016567240760691215 0.0011044827173782579 0.0016567240760691215 0.0022089654347565157 0.0038656895108256373 0.004970172228203895 0.006074654945582153 0.010492585815095185 0.02374637842363775 0.026507585217085128
0.39540481282152384 0.2838520583662886 0.21150844037799363 0.11652292668343917 0.011044827173786048 0.012149309891164306 0.011044827173786048 0.02705982657577599 0.01822396483674646 0.006626896304273017 0.006626896304273017 0.0016567240760691215 0.0016567240760691215 0.01546275804329908 0.0690301698361602 0.10271689271620574 0.08559741059683754 0.038656895108249434 0.014910516684611685 0.02540310249970687 0.0347912055974238 0.03202999880397989 0.033134481521358145 0.0392091364669403 0.03368672288004554 0.05467189451023938 0.025955343858397734 0.017671723478055595 0.012149309891164306 0.006626896304273017 0.0077313790216512746 0.008835861739029532 0.006074654945582153 0.016567240760677338 0.020432930271502975 0.017671723478055595 0.008835861739029532 0.0022089654347565157 0.0016567240760691215 0.0033134481521347736 0.0038656895108256373 0.0038656895108256373 0.0044179308695130315 0.007179137662960411 0.006074654945582153 0.008283620380338669 0.014910516684611685 0.02374637842363775 0.024298619782328612
0.2650758521708547 0.15407533907430687 0.08891085874897231 0.03202999880397989 0.00994034445640779 0.010492585815095185 0.008835861739029532 0.024850861141019476 0.014358275325920822 0.0022089654347565157 0.0011044827173782579 0.0005522413586908637 0.0016567240760691215 0.012149309891164306 0.016014999401989943 0.035895688314802054 0.040313619184318555 0.02816430929315425 0.035895688314802054 0.01546275804329908 0.02098517163019384 0.03644792967349292 0.04528379141252245 0.054119653151548514 0.05743310130368676 0.05743310130368676 0.017671723478055595 0.008835861739029532 0.026507585217085128 0.04362706733645333 0.09940344456407096 0.1159706853247483 0.09608999641193272 0.02264189570625949 0.01270155124985517 0.008283620380338669 0.005522413586894759 0.007179137662960411 0.00994034445640779 0.008835861739029532 0.005522413586894759 0.005522413586894759 0.006074654945582153 0.0077313790216512746 0.009388103097716927 0.011044827173786048 0.025955343858397734 0.03810465374956204 0.03644792967349292
0.1855530965195959 0.07841827293387713 0.0298210333692199 0.013253792608542564 0.033134481521358145 0.014910516684611685 0.054119653151548514 0.01822396483674646 0.011597068532473442 0.0016567240760691215 0.0011044827173782579 0.0005522413586908637 0.0016567240760691215 0.005522413586894759 0.0077313790216512746 0.019328447554124717 0.02540310249970687 0.04252258461907507 0.06792568711878194 0.05798534266237415 0.0392091364669403 0.05356741179286112 0.055776377227617635 0.0640599976079563 0.040313619184318555 0.02705982657577599 0.0077313790216512746 0.0077313790216512746 0.02098517163019384 0.025955343858397734 0.05522413586892677 0.0695824111948476 0.055776377227617635 0.02264189570625949 0.004970172228203895 0.0005522413586908637 0.0038656895108256373 0.01270155124985517 0.01988068891281558 0.013253792608542564 0.007179137662960411 0.007179137662960411 0.008283620380338669 0.007179137662960411 0.009388103097716927 0.01988068891281558 0.040313619184318555 0.03700017103218031 0.019328447554124717
0.12922447793329087 0.04970172228203548 0.03202999880397989 0.030373274727910765 0.026507585217085128 0.027612067934463386 0.051910687716792 0.026507585217085128 0.0022089654347565157 0.0022089654347565157 0.0016567240760691215 0.0011044827173782579 0.0011044827173782579 0.0038656895108256373 0.0077313790216512746 0.0171194821193682 0.022089654347572096 0.04362706733645333 0.04804499820596636 0.04638827412990071 0.0817317210860119 0.09222430690111055 0.051358446358104604 0.03976137782562769 0.018776206195437323 0.009388103097716927 0.006626896304273017 0.0077313790216512746 0.00994034445640779 0.007179137662960411 0.011044827173786048 0.013806033967233428 0.00994034445640779 0.0 0.0005522413586908637 0.0005522413586908637 0.0033134481521347736 0.01546275804329908 0.02374637842363775 0.014358275325920822 0.011044827173786048 0.006626896304273017 0.008835861739029532 0.011044827173786048 0.012149309891164306 0.02098517163019384 0.03202999880397989 0.038656895108249434 0.014910516684611685
0.09332878961848881 0.0740003420643641 0.05688085994499589 0.0347912055974238 0.011597068532473442 0.0695824111948476 0.0171194821193682 0.006074654945582153 0.0027612067934473794 0.0027612067934473794 0.0022089654347565157 0.0016567240760691215 0.0027612067934473794 0.005522413586894759 0.009388103097716927 0.01988068891281558 0.02374637842363775 0.04804499820596636 0.05246292907548286 0.08228396244470276 0.11762740940081742 0.08228396244470276 0.03147775744528902 0.011044827173786048 0.0077313790216512746 0.0033134481521347736 0.0033134481521347736 0.0038656895108256373 0.0033134481521347736 0.0 0.0 0.0 0.0 0.0 0.0005522413586908637 0.0005522413586908637 0.0033134481521347736 0.011597068532473442 0.01988068891281558 0.01270155124985517 0.011597068532473442 0.0077313790216512746 0.008283620380338669 0.00994034445640779 0.009388103097716927 0.018776206195437323 0.02264189570625949 0.029268792010532507 0.023194137064950354
0.13474689152018215 0.11541844396605744 0.07565706614042975 0.05522413586892677 0.01988068891281558 0.09498551369455446 0.014358275325920822 0.005522413586894759 0.0033134481521347736 0.0016567240760691215 0.0011044827173782579 0.0044179308695130315 0.006626896304273017 0.0077313790216512746 0.011044827173786048 0.02374637842363775 0.024850861141019476 0.045836032771209845 0.06792568711878194 0.09774672048800184 0.09498551369455446 0.03700017103218031 0.01270155124985517 0.0033134481521347736 0.0033134481521347736 0.0038656895108256373 0.0033134481521347736 0.0016567240760691215 0.0005522413586908637 0.0 0.0 0.0 0.0 0.0 0.0 0.0 0.0016567240760691215 0.009388103097716927 0.0171194821193682 0.011597068532473442 0.007179137662960411 0.008283620380338669 0.005522413586894759 0.011044827173786048 0.00994034445640779 0.008835861739029532 0.013253792608542564 0.012149309891164306 0.01988068891281558
0.1728515452697442 0.1435827532592117 0.08559741059683754 0.05743310130368676 0.027612067934463386 0.054119653151548514 0.012149309891164306 0.0077313790216512746 0.004970172228203895 0.0044179308695130315 0.0022089654347565157 0.004970172228203895 0.00994034445640779 0.008835861739029532 0.014910516684611685 0.017671723478055595 0.012149309891164306 0.023194137064950354 0.04804499820596636 0.04804499820596636 0.035895688314802054 0.022089654347572096 0.014910516684611685 0.0077313790216512746 0.006074654945582153 0.005522413586894759 0.007179137662960411 0.004970172228203895 0.0011044827173782579 0.0 0.0 0.0 0.0 0.0 0.0 0.0011044827173782579 0.0027612067934473794 0.0033134481521347736 0.0077313790216512746 0.012149309891164306 0.0044179308695130315 0.0027612067934473794 0.0044179308695130315 0.0171194821193682 0.009388103097716927 0.010492585815095185 0.012149309891164306 0.008283620380338669 0.0077313790216512746
0.1850008551609085 0.17450826934581332 0.10161240999882748 0.08228396244470276 0.020432930271502975 0.03644792967349292 0.029268792010532507 0.016014999401989943 0.01546275804329908 0.01546275804329908 0.011044827173786048 0.008835861739029532 0.012149309891164306 0.01546275804329908 0.01270155124985517 0.01546275804329908 0.038656895108249434 0.06461223896664717 0.04970172228203548 0.03147775744528902 0.0469405154885881 0.04528379141252245 0.02264189570625949 0.02098517163019384 0.009388103097716927 0.004970172228203895 0.011044827173786048 0.008283620380338669 0.0016567240760691215 0.0 0.0 0.0 0.0 0.0 0.0011044827173782579 0.0016567240760691215 0.0011044827173782579 0.0005522413586908637 0.0011044827173782579 0.0016567240760691215 0.0016567240760691215 0.0033134481521347736 0.0044179308695130315 0.014358275325920822 0.011044827173786048 0.014358275325920822 0.01546275804329908 0.012149309891164306 0.009388103097716927
0.370001710321817 0.4456587764622467 0.3125686090181302 0.16898585575891856 0.054119653151548514 0.10106016864013662 0.01988068891281558 0.008283620380338669 0.012149309891164306 0.009388103097716927 0.011597068532473442 0.020432930271502975 0.02264189570625949 0.01546275804329908 0.01822396483674646 0.09056758282504143 0.15186637363955036 0.13253792608542564 0.09719447912931445 0.07234361798829497 0.13088120200936 0.24298619782328265 0.11873189211819568 0.04970172228203548 0.008283620380338669 0.0044179308695130315 0.007179137662960411 0.005522413586894759 0.0022089654347565157 0.0 0.0 0.0 0.0 0.0016567240760691215 0.008283620380338669 0.0077313790216512746 0.006074654945582153 0.004970172228203895 0.005522413586894759 0.007179137662960411 0.008835861739029532 0.008835861739029532 0.040313619184318555 0.02374637842363775 0.025955343858397734 0.05246292907548286 0.05632861858630503 0.03810465374956204 0.04252258461907507
0.3661360208109914 0.4324049838537042 0.21206068173668102 0.11817965075950482 0.07731379021649887 0.12149309891163959 0.05964206673844327 0.020432930271502975 0.01822396483674646 0.02098517163019384 0.03092551608659816 0.037552412390871176 0.03368672288004554 0.05798534266237415 0.10603034086834051 0.20101585456289844 0.2253144743452236 0.17174706255236594 0.19549344097600369 0.28495654108366686 0.2987625750509003 0.13971706374838605 0.0469405154885881 0.025955343858397734 0.013806033967233428 0.009388103097716927 0.012149309891164306 0.013806033967233428 0.013806033967233428 0.012149309891164306 0.016014999401989943 0.013806033967233428 0.0171194821193682 0.017671723478055595 0.02540310249970687 0.04197034326038421 0.05246292907548286 0.061298790814508924 0.05743310130368676 0.037552412390871176 0.035895688314802054 0.03810465374956204 0.010492585815095185 0.009388103097716927 0.01822396483674646 0.061298790814508924 0.0911198241837323 0.09940344456407096 0.15131413228086296
0.12370206434639958 0.09995568592275836 0.07013465255353846 0.025955343858397734 0.12370206434639958 0.1971501650520728 0.11652292668343917 0.016014999401989943 0.02098517163019384 0.02540310249970687 0.03644792967349292 0.06185103217319979 0.07123913527091671 0.06240327353188718 0.0817317210860119 0.0811794797273245 0.055776377227617635 0.07620930749912061 0.23304585336687486 0.2805386102141538 0.13916482238969866 0.04417930869514072 0.06240327353188718 0.09719447912931445 0.03976137782562769 0.027612067934463386 0.025955343858397734 0.0469405154885881 0.054119653151548514 0.047492756847278966 0.0469405154885881 0.038656895108249434 0.03644792967349292 0.03976137782562769 0.04528379141252245 0.054119653151548514 0.05632861858630503 0.05522413586892677 0.04086586054300595 0.03368672288004554 0.016567240760677338 0.016567240760677338 0.014358275325920822 0.0982989618466927 0.1971501650520728 0.2148218885301284 0.2446429218993483 0.2672848176056113 0.1971501650520728
0.033134481521358145 0.03147775744528902 0.009388103097716927 0.007179137662960411 0.05467189451023938 0.39153912331069823 0.09056758282504143 0.017671723478055595 0.09222430690111055 0.1408215464657643 0.10106016864013662 0.05522413586892677 0.05522413586892677 0.08449292787945928 0.06626896304271282 0.030373274727910765 0.00994034445640779 0.014358275325920822 0.15849326994382337 0.1855530965195959 0.06737344576009108 0.13529913287887302 0.13585137423756388 0.10989603037916615 0.045836032771209845 0.03700017103218031 0.11044827173785701 0.11652292668343917 0.08891085874897231 0.07731379021649887 0.07179137662960758 0.07565706614042975 0.03534344695611466 0.024850861141019476 0.03147775744528902 0.03147775744528902 0.0347912055974238 0.03534344695611466 0.02540310249970687 0.02264189570625949 0.01822396483674646 0.05798534266237415 0.39485257146283304 0.3434941251047319 0.2821953342902195 0.3379717115178371 0.36171808994147486 0.34404636646341924 0.322508953474538
0.04804499820596636 0.06737344576009108 0.8846906566202205 0.03700017103218031 0.14413499461790255 0.4451065351035559 0.11376171988999179 0.016567240760677338 0.0817317210860119 0.07344810070567323 0.03368672288004554 0.027612067934463386 0.029268792010532507 0.053015170434170256 0.0298210333692199 0.013253792608542564 0.019328447554124717 0.024298619782328612 0.0817317210860119 0.10823930630309703 0.08449292787945928 0.12977671929198173 0.16843361440023116 0.14413499461790255 0.08394068652077188 0.06295551489057805 0.103821375433584 0.13253792608542564 0.10603034086834051 0.08062723836863364 0.07952275565125538 0.08725413467290666 0.03810465374956204 0.023194137064950354 0.04362706733645333 0.043074825977762465 0.0469405154885881 0.0469405154885881 0.06792568711878194 0.07234361798829497 0.14634396005265907 0.22310550891046707 0.40258395048448425 0.41583774309302685 0.32747912570274196 0.29710585097483116 0.3214044707571598 0.31753878124633417 0.2888222305944925
