static/data/precipitation/2023/7/19/18.asc
ncols 137
nrows 93
xllcorner 108.0
yllcorner 17.0
cellsize 0.25
NODATA_value -32767
[rows 21 to 41 of 93, columns 0 to 46 of 137]
0.0 0.0 0.0 0.0 0.0 0.0 0.0 0.0 0.0 0.0 0.0 0.0 0.0 0.0 0.0 0.0 0.0 0.0 0.0 0.0 0.0 0.0 0.0 0.0 0.0 0.0005522413586908637 0.0 0.0 0.0011044827173782579 0.0033134481521347736 0.005522413586894759 0.05743310130368676 0.40921084678875386 0.6842270434160129 0.7212272144481967 0.6113311840690305 0.5323606697764626 0.5632861858630642 0.5224203253200548 0.42688257026681287 0.26176240401871653 0.8996011733048321 0.7946753151538699 0.4031361918431717 0.14744844277003732 0.23912050831245701 0.1480006841287282
0.0 0.0 0.0 0.0 0.0 0.0 0.0 0.0 0.0 0.0 0.0011044827173782579 0.0016567240760691215 0.0 0.0 0.0 0.0 0.0 0.0 0.0 0.0 0.0 0.0 0.0 0.0 0.0 0.0005522413586908637 0.0005522413586908637 0.0005522413586908637 0.0038656895108256373 0.02816430929315425 0.05356741179286112 0.7411079033610088 2.109561990193038 2.048263199378529 1.7312766594908824 1.5451713216125955 0.8730935880877471 0.7068689391222759 0.7074211804809633 0.6991375601006246 0.5677041167325771 0.7604363509151335 0.5400920487981138 0.18831430331304327 0.27225498983381513 0.14744844277003732 0.0911198241837323
0.0 0.0 0.0 0.0 0.0 0.0 0.0 0.0 0.0 0.012149309891164306 0.03147775744528902 0.0011044827173782579 0.0 0.0 0.0 0.0 0.008835861739029532 0.050253963640722876 0.006626896304273017 0.0005522413586908637 0.0005522413586908637 0.0 0.0 0.0 0.0 0.0 0.0005522413586908637 0.0 0.007179137662960411 0.028716550651841644 0.3457030905394884 0.952064102380315 2.4607874943194177 2.7827442064352668 2.4812204245909206 2.1272337136710937 1.6197239050356507 1.288379089822083 0.8714368640116779 0.9608999641193411 0.9747059980865745 0.9487506542281767 0.7582273854803769 0.47050963760326275 0.3075984367899264 0.1905232687477998 0.11762740940081742
0.0 0.0 0.0 0.0 0.0 0.0 0.0 0.0 0.0 0.03092551608659816 0.06682120440140368 0.023194137064950354 0.006074654945582153 0.0005522413586908637 0.0005522413586908637 0.0 0.006626896304273017 0.04141810190169681 0.0347912055974238 0.0 0.0 0.0 0.0 0.0 0.0 0.0 0.0 0.0 0.0016567240760691215 0.08891085874897231 0.3280313670614293 0.6991375601006246 1.7373513144364645 3.282522636049062 4.098183122833122 3.6232555543603446 2.7711471379027914 2.233816295898125 0.9343923789022559 1.0879154766178754 1.6340821803615715 1.2718118490614057 1.074109442650642 0.645017906949076 0.35840464178934006 0.26562809352954214 0.315882057170265
0.01822396483674646 0.019328447554124717 0.017671723478055595 0.008283620380338669 0.0 0.0 0.0 0.0005522413586908637 0.0 0.03534344695611466 0.07179137662960758 0.04141810190169681 0.028716550651841644 0.019328447554124717 0.0038656895108256373 0.0033134481521347736 0.004970172228203895 0.004970172228203895 0.0016567240760691215 0.0 0.0 0.0 0.0 0.0 0.0 0.0 0.0 0.0 0.0022089654347565157 0.005522413586894759 0.10271689271620574 0.2810908515728412 2.1404875062796362 3.6895245174030573 5.026500846789798 3.029043852410684 2.1310994031819193 2.7849531718700233 1.3684540868320292 1.1939458174862159 1.4800068412872611 1.096199096998214 0.949855136945555 0.5500323932545216 0.33741947015914975 0.331897056572255 0.3827032615716687
0.0342389642387364 0.03644792967349292 0.11155275445523527 0.1728515452697442 0.1629112008133364 0.0 0.0 0.0005522413586908637 0.0011044827173782579 0.02374637842363775 0.03534344695611466 0.029268792010532507 0.04970172228203548 0.022089654347572096 0.005522413586894759 0.014910516684611685 0.016567240760677338 0.010492585815095185 0.0016567240760691215 0.0005522413586908637 0.0 0.0005522413586908637 0.0005522413586908637 0.0 0.0 0.0 0.0 0.0 0.0 0.0027612067934473794 0.0077313790216512746 0.011597068532473442 2.224428192800408 3.3316721169724066 3.548150729578604 0.4174944671690925 0.4246736048320529 1.080736338954915 1.7202318323170964 1.2381251261813602 0.6825703193399473 0.5594204963522386 0.5047486018419991 0.8189739349361985 1.0487063401509351 1.07024375313982 0.5428532555915577
0.0022089654347565157 0.02264189570625949 0.18444861380221764 0.4478677418970033 0.2518220595623122 0.04252258461907507 0.0005522413586908637 0.0011044827173782579 0.0005522413586908637 0.006074654945582153 0.013253792608542564 0.013806033967233428 0.03810465374956204 0.009388103097716927 0.01822396483674646 0.03644792967349292 0.025955343858397734 0.22144878483440142 0.20432930271503322 0.0016567240760691215 0.0011044827173782579 0.0016567240760691215 0.0016567240760691215 0.0011044827173782579 0.0 0.0 0.0 0.0 0.0 0.0 0.0 0.0044179308695130315 0.0044179308695130315 0.21316516445406275 0.609122218634274 0.3727629171152609 0.23249361200818747 0.40865860543006644 0.8747503121638162 0.9366013443370125 0.9481984128694894 0.7466303169479036 0.9095415177612399 1.548484769764734 2.555220766655283 2.051576647530664 1.2867223657460138
0.0 0.0 0.0 0.01270155124985517 0.004970172228203895 0.0 0.0 0.0011044827173782579 0.008835861739029532 0.011044827173786048 0.004970172228203895 0.0038656895108256373 0.0038656895108256373 0.011044827173786048 0.025955343858397734 0.03644792967349292 0.02816430929315425 0.8256008312404681 0.49756946417903875 0.04638827412990071 0.01270155124985517 0.01270155124985517 0.01270155124985517 0.0016567240760691215 0.0 0.0 0.0 0.0005522413586908637 0.0016567240760691215 0.0044179308695130315 0.0 0.0 0.0 0.0038656895108256373 0.0044179308695130315 0.0038656895108256373 0.01546275804329908 0.10106016864013662 0.17009033847629682 0.006626896304273017 0.0027612067934473794 0.39153912331069823 0.8283620380339154 0.9448849647173512 1.438036498026877 2.100173887095321 2.1211590587255116
0.0 0.0 0.0 0.0 0.0 0.0 0.0016567240760691215 0.006074654945582153 0.07841827293387713 0.08007499700994625 0.04528379141252245 0.011044827173786048 0.007179137662960411 0.014358275325920822 0.019328447554124717 0.019328447554124717 0.014358275325920822 0.051910687716792 0.06792568711878194 0.047492756847278966 0.06626896304271282 0.11762740940081742 0.0469405154885881 0.006074654945582153 0.0005522413586908637 0.0005522413586908637 0.0 0.0 0.0 0.0 0.0 0.0 0.0 0.013806033967233428 0.053015170434170256 0.22310550891046707 0.2220010261930888 0.14137378782445517 0.02705982657577599 0.006626896304273017 0.0 0.0 0.04970172228203548 0.12038861619426133 0.39209136466938566 0.27888188613808473 0.34018067695259363
0.0 0.0 0.0 0.24574740461673003 0.08559741059683754 0.07897051429256799 0.21150844037799363 0.09332878961848881 0.051910687716792 0.02540310249970687 0.010492585815095185 0.01546275804329908 0.028716550651841644 0.03092551608659816 0.04141810190169681 0.05080620499941374 0.05743310130368676 0.05743310130368676 0.054119653151548514 0.04914948092334462 0.06350775624926544 0.10823930630309703 0.0469405154885881 0.008283620380338669 0.0005522413586908637 0.0 0.0 0.0 0.0 0.0 0.0 0.0 0.0 0.06516448032533456 0.35122550412637965 0.09167206554241969 0.7074211804809633 0.6323163556992208 0.0044179308695130315 0.0011044827173782579 0.0 0.0 0.0 0.040313619184318555 0.058537584021065014 0.05908982537975241 0.07068689391222932
0.0016567240760691215 0.0022089654347565157 0.005522413586894759 0.040313619184318555 0.011044827173786048 0.04417930869514072 0.10713482358571877 0.09332878961848881 0.037552412390871176 0.010492585815095185 0.023194137064950354 0.048597239564657224 0.06185103217319979 0.09664223777062358 0.11707516804212656 0.15352309771561948 0.17119482119367507 0.1750605107045007 0.7179137662960584 0.7979887633060047 0.10437361679227486 0.0861496519555284 0.03534344695611466 0.007179137662960411 0.0 0.0 0.0 0.0 0.0 0.0 0.0005522413586908637 0.0005522413586908637 0.0011044827173782579 0.01546275804329908 0.12756775385722174 0.08449292787945928 0.33631498744177146 0.3396284355939062 0.19328447554124717 0.0077313790216512746 0.0027612067934473794 0.0 0.0 0.0 0.0 0.0005522413586908637 0.008283620380338669
0.004970172228203895 0.011597068532473442 0.012149309891164306 0.013806033967233428 0.022089654347572096 0.053015170434170256 0.048597239564657224 0.04197034326038421 0.018776206195437323 0.03644792967349292 0.05246292907548286 0.4810022234183614 0.22089654347571056 0.2468518873341083 0.2672848176056113 0.29986705776827854 0.3335537806483241 0.8581830714031353 1.143691853845493 0.7847349706974621 0.22034430211702316 0.10106016864013662 0.03147775744528902 0.0033134481521347736 0.0 0.0 0.024298619782328612 0.03202999880397989 0.03147775744528902 0.0016567240760691215 0.006626896304273017 0.011597068532473442 0.006626896304273017 0.019328447554124717 0.03202999880397989 0.04417930869514072 0.1971501650520728 0.20101585456289844 0.08559741059683754 0.008835861739029532 0.0022089654347565157 0.0 0.0 0.0 0.0 0.0 0.006626896304273017
0.18941878603042153 0.20432930271503322 0.09332878961848881 0.03644792967349292 0.04914948092334462 0.04970172228203548 0.04141810190169681 0.038656895108249434 0.04197034326038421 0.07731379021649887 0.24519516325803917 0.5555548068414129 0.4174944671690925 0.49480825738559137 0.5152411876570944 0.4313005011363259 0.3771808479847774 0.7322720416219828 0.6770479057530525 0.31698653988764675 0.15297085635692861 0.06185103217319979 0.006074654945582153 0.0033134481521347736 0.0 0.008835861739029532 0.14965740820479384 0.12756775385722174 0.02374637842363775 0.0016567240760691215 0.004970172228203895 0.0077313790216512746 0.0033134481521347736 0.0038656895108256373 0.00994034445640779 0.013253792608542564 0.014358275325920822 0.017671723478055595 0.01822396483674646 0.0044179308695130315 0.0 0.0 0.0 0.0 0.0 0.0 0.0011044827173782579
0.20101585456289844 0.2545832663557561 0.13419465016149476 0.07620930749912061 0.10161240999882748 0.10271689271620574 0.10106016864013662 0.09277654825979795 0.17671723478056983 0.34238964238735015 0.5108232567875813 0.7223316971655749 0.7350332484154266 0.8046156596102777 0.49425601602690394 0.40589739863661906 0.2468518873341083 0.4213601566799181 0.37883757206084306 0.18223964836746112 0.022089654347572096 0.004970172228203895 0.0027612067934473794 0.0 0.0011044827173782579 0.010492585815095185 0.15131413228086296 0.10437361679227486 0.0 0.0027612067934473794 0.005522413586894759 0.0038656895108256373 0.0005522413586908637 0.0011044827173782579 0.0005522413586908637 0.0 0.0 0.0 0.0011044827173782579 0.0 0.0 0.0 0.0 0.0 0.0 0.0 0.0011044827173782579
0.2070905095084806 0.2319413706494966 0.24629964597541742 0.2197920607583323 0.2440906805406609 0.3407329183112845 0.35122550412637965 0.2369115428777005 0.5157934290157852 0.6389432520034939 0.690301698361595 1.0487063401509351 0.9272132412392955 0.7665110058607156 0.44289756966879934 0.19162775146517805 0.07455258342305149 0.5886892883627676 1.308812020093586 1.1193932340631645 0.0011044827173782579 0.0 0.0 0.0016567240760691215 0.0033134481521347736 0.0027612067934473794 0.0016567240760691215 0.0011044827173782579 0.6759434230356742 0.679256871187809 0.1507618909221721 0.0038656895108256373 0.0 0.0016567240760691215 0.0016567240760691215 0.0016567240760691215 0.0 0.0 0.0 0.0 0.0 0.0 0.0 0.0 0.0 0.0 0.0
0.3578524004306527 0.6129879081450962 0.6389432520034939 0.5218680839613674 0.6748389403182959 0.7990932460233829 0.8819294498267766 0.6124356667864088 0.753809454610864 0.6969285946658681 0.7803170398279491 0.6825703193399473 0.50309187776593 0.33521050472438974 0.22034430211702316 0.04473155005383159 0.01546275804329908 1.2276325403662616 2.104591817964834 1.703112350197728 0.0005522413586908637 0.0 0.0011044827173782579 0.0022089654347565157 0.0038656895108256373 0.0033134481521347736 0.0022089654347565157 0.0011044827173782579 0.8383023824903233 2.1040395766061435 0.5135844635810287 0.36834498624574785 0.0016567240760691215 0.0027612067934473794 0.0038656895108256373 0.004970172228203895 0.0016567240760691215 0.0 0.0 0.0005522413586908637 0.0005522413586908637 0.0005522413586908637 0.0 0.0 0.0 0.0 0.0
0.3053894713551698 0.4555991209186545 0.6748389403182959 0.9564820332498281 1.3977228788425582 1.5661564932427894 1.5032009783522113 1.3794989140058154 0.9719447912931272 0.6930629051550424 0.50530084320069 0.35398671091982703 0.08338844516208102 0.043074825977762465 0.02264189570625949 0.016014999401989943 0.014910516684611685 0.9476461715107986 3.042849886377916 2.9881779918676763 0.0 0.0011044827173782579 0.0016567240760691215 0.0027612067934473794 0.0033134481521347736 0.0033134481521347736 0.0016567240760691215 0.0011044827173782579 0.0005522413586908637 0.30041929912696597 1.762202175577484 0.5467189451023834 0.009388103097716927 0.012149309891164306 0.0077313790216512746 0.007179137662960411 0.0022089654347565157 0.0022089654347565157 0.004970172228203895 0.004970172228203895 0.004970172228203895 0.0016567240760691215 0.0011044827173782579 0.0 0.0 0.0 0.0
0.5638384272217516 0.6284506661883987 0.7179137662960584 0.6593761822749968 0.6847792847747037 0.6444656655903852 0.902914621456967 2.5276086987208197 0.8857951393375987 0.23580706016032224 0.10437361679227486 0.05743310130368676 0.03534344695611466 0.027612067934463386 0.026507585217085128 0.033134481521358145 0.04362706733645333 1.02440772036861 1.1751696112907821 0.7101823872744106 0.0005522413586908637 0.0 0.0005522413586908637 0.0016567240760691215 0.0016567240760691215 0.0022089654347565157 0.0016567240760691215 0.0016567240760691215 0.0016567240760691215 0.05964206673844327 0.06571672168402543 0.08835861739028492 0.07620930749912061 0.10106016864013662 0.06792568711878194 0.038656895108249434 0.02264189570625949 0.0171194821193682 0.02264189570625949 0.04362706733645333 0.040313619184318555 0.02374637842363775 0.008835861739029532 0.0011044827173782579 0.0 0.0 0.0
0.29379240282269636 0.2418817151059044 0.2253144743452236 0.1899710273891124 0.1430305119005243 0.16953809711760942 0.21868757804095404 0.6466746310251417 0.7007942841766936 0.2982103336922094 0.2148218885301284 0.12867223657460347 0.02264189570625949 0.03700017103218031 0.10050792728144922 0.09332878961848881 0.18444861380221764 0.4555991209186545 0.16732913168284944 0.15131413228086296 0.0 0.0 0.0 0.0 0.0005522413586908637 0.0005522413586908637 0.0016567240760691215 0.0038656895108256373 0.0077313790216512746 0.013253792608542564 0.0298210333692199 0.08338844516208102 0.20101585456289844 0.4550468795599637 0.29379240282269636 0.16567240760678378 0.10603034086834051 0.12149309891163959 0.13088120200936 0.11320947853130092 0.08283620380339016 0.04528379141252245 0.011597068532473442 0.0011044827173782579 0.0 0.0 0.0
0.12149309891163959 0.07179137662960758 0.043074825977762465 0.03368672288004554 0.050253963640722876 0.13474689152018215 0.21813533668226318 0.30980740222468284 0.4760320511901575 0.5141367049397161 0.20653826814978973 0.051910687716792 0.03092551608659816 0.07068689391222932 0.20322481999765496 0.21813533668226318 0.2545832663557561 0.15297085635692861 0.004970172228203895 0.0011044827173782579 0.0 0.0 0.0 0.0 0.0 0.0 0.0022089654347565157 0.022089654347572096 0.05964206673844327 0.08394068652077188 0.05908982537975241 0.12701551249853435 0.38491222700642524 0.77866031575188 1.0564377191725864 0.46830067216850624 0.3479120559742449 0.5859280815693236 0.19825464776945106 0.14137378782445517 0.07841827293387713 0.03534344695611466 0.009388103097716927 0.0005522413586908637 0.0 0.0 0.0
0.022089654347572096 0.020432930271502975 0.0033134481521347736 0.004970172228203895 0.03644792967349292 0.1386125810310078 0.39871826097365864 0.5721220476020903 0.6809135952638781 0.5400920487981138 0.291031196029249 0.0867018933142158 0.04252258461907507 0.11707516804212656 0.27777740342070645 0.295449126898762 0.2148218885301284 0.10603034086834051 0.012149309891164306 0.0011044827173782579 0.0 0.0 0.0 0.0 0.0 0.0005522413586908637 0.0077313790216512746 0.02816430929315425 0.04252258461907507 0.04252258461907507 0.030373274727910765 0.05743310130368676 0.2739117139098808 0.5516891173305872 1.318200123191303 0.742212386078387 0.27225498983381513 0.3479120559742449 0.19935913048682932 0.14855292548741558 0.09001534146635404 0.05080620499941374 0.02374637842363775 0.0022089654347565157 0.0 0.0 0.0
