static/data/precipitation/2023/7/19/6.asc
ncols 137
nrows 93
xllcorner 108.0
yllcorner 17.0
cellsize 0.25
NODATA_value -32767
[rows 44 to 65 of 93, columns 0 to 48 of 137]
4.116959329028558 1.5622908037319638 0.7714811780889196 0.4103153295061321 0.5643906685804424 0.5743310130368467 0.6483313551012109 0.8222873830883333 0.8013022114581394 0.5500323932545216 0.4417930869514211 0.3136730917355085 0.15849326994382337 0.09995568592275836 0.162358959454649 0.1734037866284316 0.21647861260619752 0.24022499102983527 0.3042849886377916 0.5511368759718999 0.7361377311328049 0.981332894390844 0.821182900370955 0.1850008551609085 0.15462758043299774 0.6372865279274248 0.6510925618946583 1.019437548140406 2.036113889487365 3.920361405335176 4.067257606746524 2.7705948965441025 0.726749628035088 1.2071996100947584 0.5185546358092326 1.0216465135751627 2.1056963006822125 2.318309223777584 0.20322481999765496 1.2988716756371783 1.520872701830267 1.4247827054183344 0.043074825977762465 0.0011044827173782579 0.9620044468367194 5.399816005263748 5.407547384285397 0.06461223896664717 0.008835861739029532
2.533683353666402 1.3043940892240729 0.6466746310251417 0.2490608527688648 0.5809579093411198 0.5168979117331635 0.8819294498267766 1.1503187501497627 0.9078847936851708 0.4578080863534111 0.2490608527688648 0.14192602918314604 0.08228396244470276 0.13253792608542564 0.1551798217916886 0.14137378782445517 0.12480654706377783 0.13143344336804738 0.15738878722644511 1.177930818084226 1.3458121911257663 1.017780824064337 0.23856826695376615 0.24298619782328265 0.162358959454649 1.121602199497921 1.8130083805768944 2.268607501495549 3.8253758916406198 5.363368075590256 5.899594434877543 4.351661906471501 1.6964854538934586 0.7030032496114502 0.46719618945112795 0.35122550412637965 0.37110619303919523 0.4395841215166646 0.29765809233352203 5.691399442651686 4.51954327951304 2.6463405908390136 0.010492585815095185 0.6085699772755832 7.025614565244979 13.961766030382295 10.500869435476599 0.2148218885301284 0.006626896304273017
1.3894392584622197 0.8659144504247867 1.1961547829209724 0.33465826336570237 0.3528822282024488 0.3578524004306527 0.992929962923321 1.5981864920467659 1.3253792608542634 0.4787932579836049 0.18113516565008286 0.10216465135751487 0.1259110297811561 0.15352309771561948 0.14413499461790255 0.1259110297811561 0.11155275445523527 0.11541844396605744 0.11652292668343917 0.22034430211702316 0.2440906805406609 0.2220010261930888 0.18334413108483938 0.1800306829327046 0.2490608527688648 1.7577842447079675 2.3508914639402514 2.2470700885066677 5.321397732329871 5.874743573736527 4.816096889129183 3.3178660830051747 2.104591817964834 0.35950912450671835 0.28992671331187075 0.24629964597541742 0.2490608527688648 0.25955343858395996 0.047492756847278966 0.03700017103218031 0.2098517163019245 0.22310550891046707 0.857078588685757 3.2747912570274105 7.992036942951213 3.588464348762921 0.008835861739029532 0.004970172228203895 0.0038656895108256373
0.33465826336570237 0.15849326994382337 0.6234804939601948 2.5651611111116908 1.523081667265027 0.9592432400432754 0.992929962923321 1.177930818084226 0.7504960064587257 0.2672848176056113 0.11155275445523527 0.10989603037916615 0.13419465016149476 0.06847792847746934 0.07068689391222932 0.08891085874897231 0.12038861619426133 0.14965740820479384 0.13419465016149476 0.24298619782328265 0.2098517163019245 0.1734037866284316 0.16898585575891856 0.12867223657460347 2.634191280947851 2.321070430571032 1.2856178830286356 0.9316311721088086 2.530369905514267 4.273243633537623 3.198581949528292 1.9295313072603335 1.3253792608542634 0.34404636646341924 0.2490608527688648 0.1480006841287282 0.1336424088028039 0.2269711984212927 0.3749718825500209 0.2567922317905126 1.5032009783522113 2.0035316493246977 2.318309223777584 5.486517898577965 3.2587762576254224 1.15307995694321 0.0171194821193682 0.03258224016266728 0.0342389642387364
0.1507618909221721 0.1032691340748966 0.6035998050473792 2.3917573244832577 1.8720982059566502 0.9785716875974002 0.4053451572779282 0.32416567755060716 0.19935913048682932 0.14689620141134646 0.07731379021649887 0.09332878961848881 0.08559741059683754 0.05080620499941374 0.05356741179286112 0.061298790814508924 0.06185103217319979 0.07897051429256799 0.2490608527688648 0.2319413706494966 0.207642750867168 0.1507618909221721 0.11044827173785701 0.1678813730415403 0.11707516804212656 0.33686722880045883 0.3186432639637124 0.38159877885429044 0.3556434349958962 0.5168979117331635 0.5494801518958308 0.622928252601504 0.40258395048448425 0.31201636765944285 0.2545832663557561 0.17947844157401374 0.27777740342070645 0.5467189451023834 1.4783501172111955 13.371420017943457 7.349228001436895 0.7438691101544561 0.7388989379262523 0.7388989379262523 1.3342151225932928 1.9941435462269772 3.2902540150707114 3.521090903002828 4.247840531037918
0.25292654227969047 0.05246292907548286 0.08946310010766317 1.1033782346611745 1.19891598971442 0.3186432639637124 0.2821953342902195 0.2021203372802767 0.10989603037916615 0.1430305119005243 0.23580706016032224 0.1734037866284316 0.18776206195435588 0.08283620380339016 0.06461223896664717 0.05798534266237415 0.04970172228203548 0.12314982298770871 0.2987625750509003 0.3042849886377916 0.17726947613925723 0.11044827173785701 0.1209408575529522 0.20874723358454625 0.16125447673727075 0.11376171988999179 0.11817965075950482 0.11928413347688308 0.10216465135751487 0.12204534027033045 0.27777740342070645 0.37883757206084306 0.4174944671690925 0.3749718825500209 0.2915834373879399 0.15462758043299774 0.11155275445523527 0.17561275206319157 0.4384796387992863 4.037988814735992 0.22420999162784533 0.02264189570625949 0.0027612067934473794 0.0016567240760691215 0.1850008551609085 1.4877382203089122 2.4138469788308297 1.272916331778784 4.753141374238606
0.32416567755060716 1.646783731611423 1.3634839146038253 1.033795823466327 1.1072439241720002 0.2700460243990552 0.1971501650520728 0.09332878961848881 0.1678813730415403 0.19549344097600369 0.14689620141134646 0.13253792608542564 0.17450826934581332 0.11541844396605744 0.103821375433584 0.13916482238969866 0.15462758043299774 0.22420999162784533 0.33686722880045883 0.3147775744528868 0.23912050831245701 0.14192602918314604 0.162358959454649 0.26231464537740734 1.0912289247700102 0.19383671689993803 0.18610533787828676 0.15462758043299774 0.12867223657460347 0.10106016864013662 0.22144878483440142 0.38546446836511605 1.0823930630309841 0.8924220356418717 0.2253144743452236 0.0867018933142158 0.11707516804212656 0.06792568711878194 0.03700017103218031 0.014358275325920822 0.0011044827173782579 0.006626896304273017 0.012149309891164306 0.005522413586894759 1.7853963126424308 2.583385075948437 1.9118595837822778 1.2342594366705346 3.9910482992474035
0.42633032890812206 1.263528228681067 1.1961547829209724 0.8670189331421649 0.8173172108601294 0.20432930271503322 0.17726947613925723 0.14689620141134646 0.16677689032416204 0.4313005011363259 0.40921084678875386 0.05246292907548286 0.0867018933142158 0.07068689391222932 0.11707516804212656 0.15186637363955036 0.1905232687477998 0.26894154168167694 0.24519516325803917 0.2821953342902195 0.1927322341825563 0.12370206434639958 0.14468723597658995 0.2888222305944925 1.1204977167805428 0.25844895586658173 0.2253144743452236 0.1927322341825563 0.13143344336804738 0.10658258222703137 0.19825464776945106 0.37552412390870826 0.862048760913961 0.7388989379262523 0.10879154766178789 0.06019430809713067 0.10492585815096225 0.1800306829327046 0.06295551489057805 0.0392091364669403 0.009388103097716927 0.012149309891164306 0.014358275325920822 0.054119653151548514 3.099178504964221 2.8849088577927815 1.9781285468249907 1.6241418359051636 4.216915014951318
0.32692688434405104 0.13750809831362953 0.1905232687477998 0.26231464537740734 0.21150844037799363 0.13640361559625128 0.13419465016149476 0.16014999401988902 0.09608999641193272 0.36171808994147486 0.8852428979789113 0.05798534266237415 0.05356741179286112 0.04473155005383159 0.09553775505324533 0.10879154766178789 0.1480006841287282 0.15241861499824122 0.0982989618466927 0.15849326994382337 0.13529913287887302 0.06682120440140368 0.048597239564657224 0.17616499342187897 3.579076245665202 3.1621340198547987 2.4955786999168414 0.162358959454649 0.10106016864013662 0.11541844396605744 0.22420999162784533 0.3556434349958962 0.26231464537740734 0.1380603396723204 0.1507618909221721 0.04473155005383159 0.05908982537975241 0.17616499342187897 0.05356741179286112 0.04086586054300595 0.011597068532473442 0.010492585815095185 0.010492585815095185 0.3214044707571598 3.4990012486552575 3.2841793601251292 2.047710958019838 1.385573568951394 2.733042484153231
0.07510482478174235 0.03810465374956204 0.6378387692861156 0.7239884212416405 0.16125447673727075 0.08394068652077188 0.05632861858630503 0.14965740820479384 0.0982989618466927 0.9211385862937134 1.7566797619905892 0.08780637603159405 0.06792568711878194 0.03810465374956204 0.07068689391222932 0.08228396244470276 0.06461223896664717 0.027612067934463386 0.01988068891281558 0.027612067934463386 0.05743310130368676 0.06571672168402543 0.04362706733645333 3.2234328106693093 8.03290280349422 6.987509911495419 2.4309664609501977 0.09443327233586707 0.10106016864013662 0.12756775385722174 0.23580706016032224 0.2805386102141538 0.1734037866284316 0.2496130941275522 0.3252701602679854 0.04970172228203548 0.0640599976079563 0.04362706733645333 0.0342389642387364 0.026507585217085128 0.004970172228203895 0.006626896304273017 0.008835861739029532 0.5367786006459756 2.1305471618232286 3.51998642028545 2.9688495443135516 0.045836032771209845 0.0
0.030373274727910765 0.06019430809713067 1.2911402966155303 0.992929962923321 0.06571672168402543 0.043074825977762465 0.04473155005383159 0.22862792249736183 0.21095619901930276 0.12370206434639958 0.05632861858630503 0.030373274727910765 0.23580706016032224 0.013253792608542564 0.028716550651841644 0.7609885922738244 0.7466303169479036 0.006626896304273017 0.011597068532473442 0.010492585815095185 0.014358275325920822 0.04362706733645333 2.58062386915499 9.634954985051811 10.359495647652144 4.956366194236259 1.417051326396683 0.07620930749912061 0.0982989618466927 0.14137378782445517 0.19825464776945106 0.19549344097600369 0.12756775385722174 0.0640599976079563 0.8543173818923098 0.8648099677074084 0.07841827293387713 0.047492756847278966 0.06019430809713067 0.047492756847278966 0.013253792608542564 0.013253792608542564 0.01822396483674646 0.01546275804329908 2.2895926731257426 2.7258633464902706 1.7235452804692346 0.19438895825862543 0.0
0.022089654347572096 0.04086586054300595 0.061298790814508924 0.0695824111948476 0.06571672168402543 0.051358446358104604 0.033134481521358145 0.010492585815095185 0.10492585815096225 0.08891085874897231 0.01822396483674646 0.10603034086834051 0.9459894474347329 0.09608999641193272 1.814112863294276 3.230059706973581 2.394518531276705 0.006626896304273017 0.010492585815095185 0.012149309891164306 0.012149309891164306 0.043074825977762465 1.8511130343264564 5.797429783520029 13.456465187181609 4.768604132281905 1.438036498026877 0.09167206554241969 0.4865246370052527 0.48265894749442706 0.37552412390870826 0.09719447912931445 0.05356741179286112 0.03700017103218031 1.3629316732451344 3.6022703827301528 0.2700460243990552 0.25347878363837784 0.0695824111948476 0.06571672168402543 0.02264189570625949 0.019328447554124717 0.054119653151548514 0.05798534266237415 0.054119653151548514 3.3913141837108483 4.649872240163711 0.0 0.0
0.03147775744528902 0.043074825977762465 0.025955343858397734 0.01822396483674646 0.030373274727910765 0.04362706733645333 0.016014999401989943 0.008835861739029532 0.2518220595623122 0.20046361320420758 0.019328447554124717 0.043074825977762465 0.25347878363837784 0.0469405154885881 3.650867622294808 3.048924541323498 0.4070018813539973 0.01988068891281558 0.02098517163019384 0.01546275804329908 0.012149309891164306 0.010492585815095185 0.12314982298770871 0.5826146334171889 2.7275200705663383 0.5467189451023834 0.11928413347688308 0.08780637603159405 1.5032009783522113 3.7916891687605743 1.6280075254159891 0.29379240282269636 0.0171194821193682 0.004970172228203895 1.755575279273211 4.829350681737725 2.4950264585581525 0.48265894749442706 0.17837395885663548 0.13419465016149476 0.03147775744528902 0.0342389642387364 0.1032691340748966 0.37552412390870826 0.4815544647770488 1.843381655304805 2.1217113000842023 0.0 0.0
0.0811794797273245 0.03810465374956204 0.03534344695611466 0.0298210333692199 0.027612067934463386 0.01822396483674646 0.005522413586894759 0.008835861739029532 0.011597068532473442 0.01822396483674646 0.019328447554124717 0.043074825977762465 0.0469405154885881 0.05080620499941374 0.7030032496114502 0.6963763533071772 0.005522413586894759 0.0077313790216512746 0.01822396483674646 0.04197034326038421 0.054119653151548514 0.04362706733645333 0.030373274727910765 0.3528822282024488 0.34735981461555404 0.3749718825500209 0.05522413586892677 0.06185103217319979 1.1089006482480692 3.203552121756494 4.839843267552822 1.4153946023206174 4.421244317666349 3.211283500778145 1.4115289128097916 3.858510373161976 1.626903042698611 2.4469814603521844 0.8907653115658026 0.08228396244470276 0.09277654825979795 1.9102028597062088 9.060071730656274 1.8588444133481041 6.467850792968809 5.217576356896287 0.4346139492884607 0.0 0.0
0.1380603396723204 0.11376171988999179 0.06792568711878194 0.04970172228203548 0.030373274727910765 0.026507585217085128 0.009388103097716927 0.02098517163019384 0.016014999401989943 1.1464530606389405 1.5286040808519183 0.033134481521358145 0.019328447554124717 0.03700017103218031 0.01988068891281558 0.0298210333692199 0.03644792967349292 0.005522413586894759 0.02264189570625949 0.045836032771209845 0.03534344695611466 0.03258224016266728 0.04197034326038421 0.09995568592275836 0.08007499700994625 0.08891085874897231 0.08780637603159405 0.07731379021649887 3.038431955508401 7.932394876212771 2.463548701112865 1.6335299390028806 1.9599045819882441 1.6661121791655478 1.0945423729221484 1.993039063509599 4.407990525057807 1.6086790778618645 0.66379411314451 0.07455258342305149 0.18334413108483938 2.057099061117555 2.505519044373249 1.776008209544714 2.300085258940838 2.2802045700280225 0.0 0.0 0.0
0.20874723358454625 0.5008829123311735 0.28329981700759777 0.08946310010766317 0.07897051429256799 0.028716550651841644 0.01822396483674646 1.1751696112907821 0.014358275325920822 0.7979887633060047 0.8200784176535768 0.06019430809713067 0.022089654347572096 0.07620930749912061 0.048597239564657224 0.2573444731492035 0.3252701602679854 0.022089654347572096 0.03147775744528902 0.07510482478174235 0.03534344695611466 0.025955343858397734 0.024850861141019476 0.061298790814508924 0.07510482478174235 0.06019430809713067 0.0695824111948476 1.3380808121041186 4.696812755652299 6.504298722642302 2.0085018215529016 1.003974790097107 0.48376343021180535 0.2126129230953719 0.2440906805406609 1.1757218526494695 1.9615613060643098 2.432070943667576 0.8736458294464344 0.28495654108366686 0.4241213634733655 3.7679427903369365 3.96343623131294 4.262751047722528 0.0171194821193682 0.0 0.0 0.0 0.0
0.27280723119250255 0.4136287776582669 0.31201636765944285 0.11652292668343917 0.08007499700994625 0.027612067934463386 2.1007261284540086 2.3354287058969527 1.0166763413469586 0.005522413586894759 0.025955343858397734 0.08283620380339016 0.05632861858630503 0.07731379021649887 0.06682120440140368 0.2567922317905126 0.28329981700759777 0.09167206554241969 0.027612067934463386 0.08283620380339016 0.1336424088028039 0.09995568592275836 0.0867018933142158 0.25347878363837784 0.690301698361595 1.5164547709607539 3.812674340390766 4.822723785433453 2.8650281688799675 3.7585546872392177 1.269602883626649 0.7725856608062978 0.331897056572255 0.3186432639637124 0.35177774548507057 0.6455701483077635 1.3883347757448414 3.6851065865335446 2.3729811182878238 1.7616499342187932 1.2701551249853367 3.443777112786331 4.029152952996964 3.0251781628998584 0.045836032771209845 0.0 0.0 0.0 0.0
0.43571843200583893 0.14468723597658995 0.11652292668343917 0.12480654706377783 0.08891085874897231 0.0298210333692199 2.202890779811527 1.7263064872626785 1.0365570302597744 0.02374637842363775 0.02374637842363775 0.07620930749912061 0.07455258342305149 0.0469405154885881 0.047492756847278966 0.0811794797273245 0.10768706494440963 0.1380603396723204 0.11707516804212656 0.15849326994382337 0.16125447673727075 0.12756775385722174 0.1259110297811561 0.2965536096161403 0.7676154885780939 2.17748767731182 4.758111546466808 3.9347196806610967 1.9731583745967867 1.7279632113387475 0.3727629171152609 0.29489688554007465 0.30207602320303506 0.2888222305944925 0.2717027484751243 0.5406442901568012 1.5032009783522113 3.542628315991711 2.239338709485016 4.553782243751777 4.061735193159631 0.9432282406412855 1.319856847267372 0.07731379021649887 0.045836032771209845 0.0 0.0 0.0 0.0
0.6256894593949514 0.19935913048682932 1.216035471833788 1.2276325403662616 0.18886654467173414 0.12867223657460347 0.012149309891164306 0.01988068891281558 0.03700017103218031 0.054119653151548514 0.05632861858630503 0.07234361798829497 0.0695824111948476 0.043074825977762465 0.14413499461790255 0.18223964836746112 0.2148218885301284 0.2098517163019245 0.20432930271503322 0.1927322341825563 0.06571672168402543 0.061298790814508924 0.07841827293387713 0.12480654706377783 0.16125447673727075 1.1961547829209724 1.724097521827922 0.9537208264563807 0.3898823992346291 0.15462758043299774 0.39209136466938566 0.16898585575891856 0.19659792369338194 0.16953809711760942 0.15186637363955036 0.4136287776582669 0.5969729087431097 2.0283825104657134 1.5390966666670134 4.338960355221649 4.526170175817313 0.07344810070567323 0.0 0.0016567240760691215 0.0016567240760691215 0.0 0.0 0.0 0.0
0.5848235988519455 0.22862792249736183 2.4375933572544675 3.572449349360931 2.66456455567576 0.315882057170265 0.0038656895108256373 0.0077313790216512746 0.051358446358104604 0.0695824111948476 0.07620930749912061 0.10989603037916615 0.09167206554241969 0.17616499342187897 0.37165843439788265 1.2132742650403407 1.7500528656863197 0.34735981461555404 0.10989603037916615 0.061298790814508924 0.1507618909221721 0.12314982298770871 0.07841827293387713 0.10603034086834051 0.19162775146517805 1.0768706494440894 0.5102710154288904 2.778878516924441 2.7076393816535242 1.3568570182995523 1.4325140844399855 1.0415272024879747 1.2834089175938792 1.261871504604998 0.3462553318981758 0.7908096256430442 1.3706630522667858 3.333881082407165 3.029043852410684 1.5799625272100195 0.1905232687477998 0.010492585815095185 0.013253792608542564 0.05632861858630503 0.3059417127138607 0.3042849886377916 0.0 0.0 0.0
0.36171808994147486 0.21537412988881927 0.1629112008133364 1.1481097847150061 1.6953809711760803 0.8885563461310462 0.0016567240760691215 0.016014999401989943 0.07068689391222932 0.4660917067337497 0.4589125690707893 0.09167206554241969 0.10658258222703137 0.5262860148308803 0.24795637005148655 0.13253792608542564 0.13750809831362953 0.03258224016266728 0.06847792847746934 0.07731379021649887 0.103821375433584 0.13916482238969866 0.13143344336804738 0.15849326994382337 0.36889722760443877 0.27777740342070645 1.8776206195435414 7.542512476978143 10.511362021291694 8.396829858870454 4.285945184787476 3.3427169441461926 4.5869167252731335 4.432841386198825 2.550250594427081 1.319856847267372 2.2117266415505528 2.9489688554007376 1.9505164788905274 0.7295108348285353 0.013253792608542564 0.02264189570625949 0.12480654706377783 0.8592875541205136 1.3286927090064016 0.726749628035088 0.006626896304273017 0.0 0.0
0.5732265303194685 0.2805386102141538 0.3556434349958962 0.2601056799426509 0.0640599976079563 0.014358275325920822 0.0027612067934473794 0.012149309891164306 0.2844042997249795 2.160920436551139 2.6634600729583817 0.16567240760678378 0.09277654825979795 0.3622703313001657 0.24298619782328265 0.14192602918314604 0.09443327233586707 0.026507585217085128 0.03147775744528902 0.05356741179286112 0.05798534266237415 0.31201636765944285 0.8383023824903233 1.2237668508554358 0.27777740342070645 3.2444179822995016 8.748055362996833 8.97999673364633 5.163456703744738 2.3381899126903964 3.5078371103942856 1.9046804461193174 4.1064667432134625 4.158929672288943 3.235029879201783 4.094317433322298 5.160143255592602 1.9560388924774186 0.5102710154288904 0.04970172228203548 0.0392091364669403 0.2048815440737206 0.7030032496114502 1.3237225367781977 1.3894392584622197 0.7085256631983415 0.040313619184318555 0.0 0.0
