static/data/seaWater_uo/2023/7/7/0.asc
ncols 137
nrows 93
xllcorner 108.0
yllcorner 17.0
cellsize 0.25
NODATA_value -32767
[rows 52 to 77 of 93, columns 58 to 115 of 137]
0.32032484 0.25852188 0.16283233 0.06487321 0.17722298 0.13745879 0.028338498 -0.011052443 0.015150652 0.028297868 0.07099102 0.2888981 0.5905126 0.5967052 0.5799278 0.43688735 0.28291252 0.29903993 0.17780724 0.039070703 0.0025954165 0.067028135 0.046745967 0.06973517 -0.019351484 0.066378266 0.17774388 0.12181127 -0.009129001 -0.07346337 0.040452283 -0.0117513575 0.0151413055 0.063426994 0.0043686577 -0.09003703 -0.15799326 -0.28729346 -0.41098216 -0.46463332 -0.5697051 -0.51148117 -0.5496679 -0.58878225 -0.5682017 -0.46323916 -0.24418174 -0.26634192 -0.25586578 -0.26492327 -0.21748035 -0.16611578 -0.101798005 -0.011429502 0.06460559 0.11075829 0.071257 0.033846345
0.35759217 0.25293037 0.16204497 -0.053520445 -0.044690613 0.047225118 0.050801802 0.061525192 0.010634999 0.116460904 0.39788195 0.5781131 0.46023917 0.47241142 0.38006863 0.2780815 0.23395036 0.2609314 0.03729595 -0.049815767 -0.08108305 0.05919295 0.15046896 -32767.0 0.094580404 0.020383362 0.1731298 0.08168557 -0.09153095 -0.04009832 0.002116281 -0.050205756 -0.08803409 -0.033033222 -0.0907809 -0.14390668 -0.23235436 -0.3430089 -0.4528396 -0.49095514 -0.57626265 -0.6394846 -0.62820756 -0.59449184 -0.47493538 -0.2628636 -0.22397915 -0.2144149 -0.14291638 -0.13992299 -0.017908366 0.041877646 0.05662098 0.21126749 0.32650104 0.35297117 0.26177093 0.16449732
0.25017154 0.19990583 0.35111192 0.43253496 0.3257922 0.0833617 0.06529855 0.10500234 0.20090608 0.38460827 0.44116437 0.3467061 0.5020015 0.48256907 0.29013255 0.2128584 0.23959811 0.11742936 0.015512591 0.09445582 0.04963169 0.028299592 -0.07217051 -0.009923058 0.08053162 0.08972287 0.073508166 0.035144605 -0.09228908 -0.006106129 -0.06232096 -0.14774442 -0.112826176 -0.11462538 -0.13906167 -0.15330742 -0.27908462 -0.3864633 -0.422053 -0.45447686 -0.50444365 -0.5047303 -0.47247034 -0.37470338 -0.20520198 -0.16656093 -0.21677053 -0.11193249 -0.016125273 0.062571965 0.16937079 0.23761694 0.29514784 0.45735854 0.42917395 0.33784333 0.37328234 0.3490751
0.2424494 0.33238024 0.56019944 0.568337 0.42476067 0.48403883 0.480719 0.45790315 0.47577217 0.6264322 0.5401398 0.61140186 0.6947855 0.6052007 0.32416105 0.24800882 0.2167673 0.18773362 0.27989376 0.19509402 0.17264214 -32767.0 0.021550467 -0.022498786 0.13924885 0.24853876 0.098540306 0.09338399 -0.0468903 -0.014724395 0.01319017 -0.14042601 -0.2263291 -0.122612126 -0.13460457 -0.14232157 -0.2829943 -0.38433462 -0.38607755 -0.36823502 -0.33159888 -0.28925106 -0.21422741 -0.119744346 -0.073606536 -0.124555126 -0.081326574 -0.02459911 -0.001774442 0.15055494 0.23712881 0.22898555 0.45510182 0.32670328 0.18880954 0.07294428 0.17628916 0.31141016
0.34722668 0.545188 0.6889164 0.67398137 0.79430634 0.68238 0.6489229 0.65845364 0.7356002 0.8480467 0.8810304 0.8678018 0.65802056 0.49819306 0.3655198 0.2920181 0.21116658 0.15707542 0.18111442 0.16883019 0.17509952 0.43731937 0.4462673 0.39357552 0.1725328 0.23326442 0.3433305 0.29447192 0.1005793 -0.015198052 0.014395522 -0.04532063 -0.13827239 -0.08444435 -0.10534257 -0.105084956 -0.19594742 -0.3034325 -0.31731558 -0.33465055 -0.2506725 -0.14604431 -0.01938874 0.006414376 -0.10861696 -0.10812479 -0.034533605 0.068069845 0.12656999 0.14820871 0.16911876 0.2618562 0.19263811 0.0697972 -0.006254719 0.009405616 -0.014965163 0.110561185
0.25912654 0.44769636 0.5640159 0.75550735 0.96540093 0.83058953 1.0004662 1.0262688 1.1495132 1.178071 0.98073226 0.84672844 0.49888295 0.31022704 0.37033165 0.26927483 0.2437905 0.3053484 0.34369436 0.37364447 0.389774 0.41973662 0.4725742 0.47605553 0.5063827 0.57749665 0.4624553 0.34611544 0.2127574 0.032746233 -0.0035716037 -0.06841992 -0.10835887 -0.10891289 -0.07569394 -0.06938033 -0.117349625 -0.12488662 -0.22966771 -0.2310504 -0.20617731 -0.1255663 0.023532199 0.09675378 -0.030748822 -0.12873879 -0.029499397 0.06907568 0.11400175 0.08259403 0.0849672 0.0976071 -0.053326905 -0.082856655 -0.15127146 -0.16279769 -0.10850638 -0.066317745
-0.20345229 -0.0032285312 0.14497678 0.36715594 0.51412815 0.6731573 0.76912844 0.74992454 0.6665985 0.6623904 0.5116476 0.3183785 0.24798104 0.29975778 0.22103012 0.2768633 0.39062262 0.4184339 0.4190585 0.35536104 0.30289727 0.26520303 0.2532467 0.22932115 0.25302178 0.3157055 0.4073223 0.39415663 0.2179175 0.024248132 -0.063983105 -0.20263101 -0.16175944 -0.17699295 -0.02132248 0.08817823 0.11159033 0.015321504 -0.014946035 -0.035252675 -0.059410233 -0.06571179 -0.012975963 0.058491066 0.11586767 -0.021771684 0.009200077 0.059253674 0.089386865 0.08575559 0.08305427 -0.07073373 -0.10429446 -0.22279888 -0.105463214 -0.24513248 -0.13878065 -0.11102617
0.07334892 0.048613276 0.08385334 0.11639399 0.03005393 0.101030596 0.15524927 0.13896252 0.116328396 0.09754491 0.12853429 0.26928103 0.22673905 0.07029262 0.20368469 0.23906155 0.2169613 0.157921 0.111696295 0.060686972 0.046121277 0.11526086 0.2000859 0.19851945 0.12420525 0.042427845 0.11252692 0.10593352 0.12648231 -0.0648744 -0.12922557 -0.2371493 -0.2423848 -0.20077364 -0.0634915 -0.015725695 -0.016277976 0.03674314 0.032180406 0.13221082 0.19731641 0.18118197 0.13361138 0.082765885 0.17271325 0.19060053 0.20833342 0.23987944 0.18385695 0.18344165 0.14240906 -0.08247641 -0.05125411 -0.14693613 -0.08561623 0.15959617 -0.10940985 0.024710955
0.5211718 0.26775917 0.10689079 0.12665251 0.017177774 -0.032102767 -0.099029735 -0.11039664 0.10650481 0.21172072 0.17567015 0.19371825 0.07968494 0.13615459 0.15453453 0.14108694 0.07551812 -0.016671756 -0.11855626 -0.092981115 0.024423463 0.008877418 0.049515434 0.049149536 0.068086006 -0.061678354 -0.13473196 -0.102638684 -0.09396635 -0.16907245 -0.11728743 -0.124809675 -0.2701377 -0.21806113 -0.18238944 -0.26244587 -0.17202473 -0.035230916 0.087587655 0.24914439 0.39048785 0.41710904 0.4132615 0.28685892 0.26997703 0.3491542 0.39307603 0.40670756 0.3705974 0.30146033 0.19467282 0.0017416726 0.1093296 -0.012264255 -0.044454336 0.013150853 0.2352098 0.061296485
0.6090422 0.42293623 0.230816 0.15909073 0.39762288 0.32308602 0.14919436 0.2125903 0.07337526 -0.022171892 -0.0053098816 0.07560312 0.18692313 0.18842293 0.13590853 0.09087394 0.0021475637 -0.07702465 -0.07827989 -0.0123629775 -0.09765838 -0.14378516 -0.2558944 -0.25066128 -0.21307127 -0.2350124 -0.31375432 -0.29067987 -0.23082018 -0.20980784 -0.07075589 -0.042497884 -0.1497436 -0.19907938 -0.20868808 -0.22297747 -0.13553268 -0.09143484 -0.047264457 0.041462794 0.1606703 0.28420898 0.4796064 0.48921567 0.40651336 0.2993023 0.33251992 0.3119421 0.26594573 0.25538427 0.16738088 0.039131775 0.11929082 0.068910584 0.079640925 0.046143215 0.088004254 0.09538734
0.39200205 0.37110662 0.20314588 0.08277829 0.088962026 0.1491766 0.18355449 0.19437616 0.0061610737 -0.13692832 -0.080713265 -0.017372455 0.07344098 0.100122154 0.11937845 0.062295515 -0.03533544 -0.04705206 0.0016441209 -0.059485734 -0.15905851 -0.24545932 -0.40296564 -0.4195163 -0.3793652 -0.40506428 -0.4488093 -0.37737644 -0.34731054 -0.17006451 -0.037141338 0.028455034 -0.041948836 -0.1405819 -0.17464328 -0.09989874 -0.090253286 -0.1667289 -0.10873096 0.05526733 0.11741966 0.14516586 0.08497823 0.21788278 0.21608077 0.22950809 0.15529703 0.014338141 0.03519558 0.0085752215 0.040214885 0.051261198 0.19344597 0.07312523 -0.033570558 -0.00843623 0.15925 0.027382629
0.42215547 0.40104613 0.3041357 0.11136896 0.16664888 0.09941911 0.11765255 0.055175293 -0.05267407 -0.038708035 0.011930689 0.06273744 0.044865295 0.08333495 0.052500587 -0.0020826047 -0.028677776 -0.005470915 0.06429248 -0.10476986 -0.19242056 -0.26349682 -0.37161964 -0.48529604 -0.49456137 -0.5266411 -0.4566415 -0.3725096 -0.28817055 -0.08948375 -0.036707725 0.097647645 -0.00790825 -0.10865046 -0.11892686 0.025730673 -0.054259956 -0.18897218 -0.11406776 -0.15150365 -0.116775475 -0.09491626 -0.17947666 -0.15377511 -0.20153062 -0.20056291 -0.078948185 0.07750727 -0.08211385 -0.14386138 -0.05891154 0.14939348 0.11622368 0.04101872 -0.100515924 0.08305425 0.106642686 -0.055130348
0.3598016 0.326633 0.24313232 0.045429815 -0.029321576 -0.13989383 -0.1215835 -0.122581914 -0.058157653 -0.00731946 0.08055947 0.095191464 0.077487886 0.12533909 0.07601262 0.0097273085 -0.018256262 -0.018991502 0.052492224 -0.111795865 -0.17447802 -0.2678813 -0.36843532 -0.47285724 -0.52558005 -0.5428508 -0.39358315 -0.28435338 -0.19383529 -0.027732754 0.082979314 -0.01902152 0.020840721 -0.20819081 -0.13740367 -0.063074484 -0.17912768 -0.20770068 -0.27316666 -0.28011873 -0.24808155 -0.34370312 -0.28140607 -0.43874517 -0.2549493 -0.04655976 0.16499048 0.10565377 -0.07096559 -0.1890091 -0.13556013 0.2948194 0.05945051 -0.07066218 -0.08277875 -0.06745475 -0.114752516 -0.2364902
0.26887926 0.26775333 0.15565205 -0.082377434 -0.18541661 -0.2170551 -0.19721083 -0.12962234 -0.09280508 -0.026707357 0.0016780491 0.033058748 0.07540878 0.08265438 0.0311061 0.02275051 -0.03014717 -0.06472806 -0.034884404 -0.153824 -0.1654276 -0.22591622 -0.31247392 -0.41458508 -0.47889107 -0.45472887 -0.35008004 -0.1878966 -0.11649776 0.035513617 -0.01669961 -0.045399003 -0.14169015 -0.2751352 -0.19202663 -0.2425214 -0.24377869 -0.2072177 -0.18721399 -0.42865592 -0.47533128 -0.454295 -0.39958596 -0.20675516 0.077379644 0.006320316 0.06709117 -0.0011990727 -0.13866611 -0.17635584 0.0062089073 0.18895541 0.0146798715 -0.14081182 -0.14024585 -0.16884643 -0.25441334 -0.41713277
0.20622179 0.22832252 0.1222101 -0.104797564 -0.19431815 -0.12124688 -0.03049049 -0.013839835 -0.021571673 -0.034673374 -0.028408201 -0.01550922 0.056284927 0.034082953 0.01741151 0.050908037 -0.029669335 -0.1206748 -0.15194833 -0.27570522 -0.29544002 -0.21458022 -0.24876723 -0.2858436 -0.30144954 -0.28853709 -0.32971957 -0.22034492 -0.10725134 0.0510066 -0.014489236 -0.10731887 -0.24456303 -0.30746052 -0.30596715 -0.2883881 -0.3565659 -0.30789912 -0.12734482 -0.051730458 -0.45307592 -0.5447683 -0.3542429 -0.12134825 -0.07816504 -0.13400222 -0.05220066 -0.19928902 -0.20717418 -0.20870973 0.18404041 0.15609626 -0.033047464 -0.14561228 -0.11571858 -0.2353673 -0.30338612 -0.4454748
0.16118589 0.16519836 0.070998125 -0.071167156 -0.11204273 -0.014055149 0.050145406 0.02426303 0.048967242 -0.045136966 -0.047733072 -0.050972424 0.07168996 0.09277465 0.031308535 0.044923414 -0.008251137 -0.15268803 -0.21647868 -0.3265107 -0.43818566 -0.3932008 -0.36482185 -0.29963872 -0.22589526 -0.18932955 -0.24962814 -0.26281226 -0.077559136 0.0694391 0.0066359737 -0.073978834 -0.24578734 -0.30065653 -0.27284732 -0.43083513 -0.5065165 -0.48972768 -0.39901456 -0.30779597 -0.059039198 -0.21370734 -0.2485395 -0.1787872 -0.11604439 -0.16412404 -0.2321855 -0.3118697 -0.23880288 0.06076985 0.13855337 0.102355845 -0.039050758 -0.15066305 -0.0152178025 -0.22698879 -0.40880647 -0.51230884
0.10759444 0.15374863 -0.03045791 -0.036782607 -0.012343651 0.051413756 0.007611761 0.009256257 -0.03580965 -0.08802101 -0.050465964 0.021040738 0.15114799 0.1774849 0.08962273 0.043366745 0.008639585 -0.13789107 -0.22624907 -0.2721134 -0.34228554 -0.4161863 -0.45355716 -0.4135482 -0.3545478 -0.28393972 -0.2498654 -0.2025081 -0.043636464 0.03020223 0.042649616 -0.07756359 -0.2111692 -0.228777 -0.19485497 -0.2518588 -0.2467757 -0.23437236 -0.19149628 -0.2755675 -0.12806964 0.013762097 -0.114589974 -0.11065345 -0.05525203 -0.27045295 -0.29186127 -0.017830858 0.0910221 0.0821577 0.12502937 -0.027418356 -0.04329097 -0.072315425 -0.02555485 -0.1065016 -0.40019837 -0.4432545
0.10297321 0.17918938 -0.026842074 -0.0016027814 0.055914335 0.05419304 0.028368 0.02024247 -0.0692837 -0.09238386 -0.048663065 0.07100549 0.19065373 0.2731287 0.17170179 0.058105424 -0.00086819456 -0.15651804 -0.22961077 -0.17929693 -0.14216371 -0.22452345 -0.2507889 -0.2516872 -0.26594388 -0.25568867 -0.20801581 -0.08669341 0.06619908 0.10300609 0.04105168 -0.12832706 -0.080607414 -0.15935268 -0.15748118 -0.12148085 -0.10371565 -0.17234428 -0.18005674 -0.1303444 -0.1688145 0.01126894 -0.011191589 -0.10466271 -0.026490385 0.03584636 0.17571767 0.3189879 0.3362595 0.36066616 0.3351328 0.29441395 0.17300603 0.121329725 0.01331154 0.0013968619 -0.21148771 -0.35765368
0.22913091 0.13716273 -0.06053468 -0.033898596 0.010794334 0.045195445 0.13371569 0.07254393 -0.07660192 -0.057342913 0.027343065 0.19533458 0.28957415 0.25781086 0.12448879 0.054367594 -0.03183739 -0.20381156 -0.23908614 -0.15434936 -0.076875575 -0.115298055 -0.17515667 -0.21200836 -0.22113895 -0.14133556 -0.09552375 -0.0018897399 0.06303137 0.09784575 -0.01959953 -0.16621712 -0.13148005 -0.15788195 -0.10503952 -0.004593042 -0.19143333 -0.06614288 -0.031908665 -0.015490255 -0.0540757 -0.06520202 0.051909845 -0.015509079 -0.18421425 -0.034523327 0.16402362 0.33875048 0.35184553 0.31116372 0.32625103 0.34259892 0.3409991 0.1894165 0.06558848 -0.021464067 -0.20735918 -0.21308255
0.38273558 0.17162597 0.055786055 0.010202232 -0.031190757 0.09404092 0.15290472 0.08422866 -0.040061656 -0.0102997 0.15488602 0.35440946 0.27115333 0.15366079 0.075306095 0.02790641 -0.08380219 -0.23550716 -0.27611953 -0.19680099 -0.11628581 -0.15302764 -0.24206345 -0.22875325 -0.28765798 -0.22552064 -0.11661519 -0.10246451 -0.07627999 -0.090587266 -0.13620599 -0.107852 -0.018280728 -0.10464513 -0.05996057 0.0526952 -0.0045590606 0.13065551 0.05447048 -0.0071702567 0.073468156 -0.051304452 -0.01583954 0.11621476 0.00033781002 0.06181985 -0.05170604 0.028164372 0.097882226 0.18575004 0.30536968 0.26673552 0.14974655 0.08187066 -0.010921251 -0.12724154 -0.30884042 -0.1981575
0.09869055 0.18339878 0.20931846 0.068317585 0.00833139 0.11431607 0.098443605 0.03930341 0.004800627 0.03598429 0.24920544 0.27645096 0.15998033 0.07527429 0.047475938 0.00594361 -0.14897195 -0.28476098 -0.26583007 -0.24091776 -0.22230709 -0.25152287 -0.2681806 -0.27435553 -0.27192006 -0.2505857 -0.22848144 -0.2439342 -0.19625732 -0.15221018 -0.12806986 -0.16847517 -0.14056972 -0.0077216835 0.08658673 0.11321955 0.20791283 0.28281105 0.19651714 0.06584942 0.082467325 0.059567783 -0.08086104 -0.052523058 -0.09115485 -0.24122933 -0.19777922 -0.09450132 0.061136555 0.21112238 0.19601618 0.13297413 0.069146335 -0.015088789 -0.16412288 -0.23996603 -0.33753356 -0.17346774
0.29281524 0.2319925 0.23906082 0.2118509 0.14379527 0.20192371 0.097509965 0.085103154 0.075197086 0.0808836 0.27253067 0.1115815 0.07462861 -0.015681583 0.020613741 -0.051218797 -0.19465867 -0.26285768 -0.25552818 -0.28534102 -0.31312752 -0.27853993 -0.33962995 -0.2671288 -0.15751608 -0.22949925 -0.23834705 -0.22054079 -0.23047164 -0.20260787 -0.10940286 0.028606676 0.16058314 0.21872121 0.27617237 0.3504694 0.40002042 0.49369648 0.45569885 0.45292208 0.36981696 0.17671624 0.0046121394 -0.03129241 -0.13037266 -0.115812644 -0.12291785 -0.13480039 0.07252265 0.033029266 -0.09030143 -0.1576111 -0.21614563 -0.27332693 -0.23382363 -0.21502125 -0.24300048 -0.1636621
0.16844839 0.16713771 0.23010147 0.24538206 0.28316975 0.14663088 0.12523489 0.18921514 0.227703 0.16988419 0.24269329 0.09635516 0.051776033 -0.042410977 -0.039620552 -0.1694621 -0.19909503 -0.21710257 -0.28572857 -0.29231745 -0.27158538 -0.27685902 -0.31593442 -0.21478938 -0.21771139 -0.21221094 -0.20070222 -0.1062662 -0.08056189 0.06856983 0.2157095 0.36180687 0.43976125 0.5247016 0.62980926 0.7465057 0.8022991 0.8278305 0.8095013 0.74704397 0.68654096 0.39939046 0.18041186 0.0764988 -0.05629396 -0.06433048 -0.10202007 -0.1787048 0.017859973 -0.08356122 -0.20803002 -0.2806445 -0.3202013 -0.35428488 -0.29049495 -0.05663418 0.10276525 0.21849573
0.09212727 0.060766734 0.01622612 0.038107205 0.05616807 0.099535465 0.1968789 0.31839806 0.35524267 0.32927376 0.2500824 0.114840046 0.055204637 -0.0665434 -0.16084766 -0.23201972 -0.19365154 -0.18504348 -0.25248706 -0.22680537 -0.17433116 -0.21550709 -0.1330796 -0.04068273 0.02854258 0.17113805 0.2545279 0.34501532 0.3370415 0.28529412 0.23998201 0.4360491 0.6871355 0.7788877 0.7757435 0.78681564 0.7435421 0.7088553 0.67594457 0.5670988 0.5319619 0.55511945 0.29173625 0.14347827 0.03128801 0.00067417196 -0.036670137 -0.14413284 -0.0010004512 -0.11742366 -0.23561294 -0.28672954 -0.3233275 -0.28636262 -0.25592136 -0.21183929 -0.09186945 0.024541546
0.040563613 -0.1589765 -0.18674678 -0.20040452 0.008264809 0.14707766 0.2832783 0.36941147 0.33326086 0.3686544 0.23427072 0.14148624 0.056212205 -0.08151165 -0.17836553 -0.19516242 -0.12736376 -0.1548509 -0.19572891 -0.16718243 -0.15080415 -0.12874404 -0.008978765 0.059474245 0.13859455 0.20422265 0.28711385 0.31018364 0.35387424 0.35855773 0.6103544 0.47773585 0.47571525 0.60283095 0.6535642 0.6943295 0.67242795 0.6269872 0.6018821 0.51737255 0.45255777 0.4584892 0.37679586 0.19601268 0.085126385 0.027363615 0.034973375 -0.07660033 -0.021080256 -0.1261606 -0.2525988 -0.2622674 -0.2256181 -0.17178352 -0.12223397 -0.07854992 -0.04877864 0.0228939
-0.017731305 -0.11161023 -0.1940203 -0.16435306 0.030001976 0.08571094 0.22609244 0.19628094 0.3576788 0.26342613 0.21036252 0.12808757 0.036490634 -0.0136535335 -0.15500243 -0.15708192 -0.0373243 -0.026144248 -0.0868768 -0.14001182 -0.11459672 0.013119718 0.13948284 0.10920619 0.040914517 0.09287786 0.2145488 0.2958317 0.47261053 0.47413564 0.20384333 0.33027437 0.48094875 0.41837445 0.36859047 0.34016958 0.40477404 0.35446838 0.3048857 0.34476024 0.38058314 0.3890688 0.42811924 0.31261098 0.15758026 0.14737663 0.09961828 -0.014926054 0.019975845 -0.0951288 -0.17917652 -0.21593097 -0.093677804 -0.045894668 -0.13170183 -0.1748642 -0.21214345 -0.21313275
