static/data/seaWater_uo/2023/7/7/12.asc
ncols 137
nrows 93
xllcorner 108.0
yllcorner 17.0
cellsize 0.25
NODATA_value -32767
[rows 26 to 51 of 93, columns 58 to 115 of 137]
0.11213809 -0.13746086 0.0010688175 -0.1004703 -0.09675457 -0.029084783 -0.08109918 0.07673018 0.08485361 0.20622967 0.33367634 0.404005 0.44144303 0.47763845 0.45196593 0.31306803 -32767.0 -32767.0 0.16770841 0.30967212 0.4405887 0.59337306 0.62033314 0.63803023 0.53483194 0.48371404 0.29495487 0.32122213 0.19173978 0.17283925 0.037861954 -32767.0 -32767.0 -32767.0 -32767.0 -32767.0 -32767.0 0.015962893 0.08386424 0.10349695 -32767.0 -32767.0 -32767.0 -32767.0 -32767.0 -0.09361993 -32767.0 0.04874955 0.108456105 0.13834321 0.35445493 0.46283457 -0.011522534 -32767.0 0.2659349 0.15286751 0.09605567 0.09193473
0.16195305 0.1745639 0.17245802 0.18497202 0.052111804 0.0430791 0.05140765 0.15613875 0.25426468 0.2502244 0.31224704 0.41989583 0.45035917 0.44760102 0.38576707 -32767.0 -32767.0 0.1182644 0.22465171 0.24804828 0.3355435 0.5044415 0.65298116 0.6011012 0.5290573 0.32946244 0.34990942 0.15945883 -32767.0 -32767.0 -32767.0 -32767.0 -32767.0 -32767.0 -32767.0 -32767.0 -32767.0 0.0435004 0.069558255 -0.05359516 -32767.0 -32767.0 -32767.0 0.0033126073 0.29094902 0.41692606 0.36426792 0.092877045 0.29049066 0.5045592 0.5797974 0.43075374 0.076186486 0.0056629577 -0.06176003 -0.009533975 -0.005954678 -0.08131998
0.038792703 -0.05980038 -0.10378424 0.105519384 0.2575004 0.24731366 0.16529693 0.18743491 0.23898597 0.26829925 0.2633941 0.31102338 0.25100496 0.25597835 0.29710615 0.28182787 0.39295632 0.51975393 0.4969857 0.38629374 0.3998632 0.50246024 0.5854216 0.5114839 0.42402366 0.36197048 -32767.0 0.18035354 0.043779694 -32767.0 -32767.0 0.07778936 -32767.0 -32767.0 -32767.0 -32767.0 -32767.0 -32767.0 0.24351777 0.1654777 -32767.0 -32767.0 0.18493219 0.29345375 0.15365471 0.14009765 0.1853571 0.348804 0.42109963 0.41519126 0.47683218 0.5468471 0.059257768 0.026549585 -0.006002142 -0.052098732 -0.08910858 -0.118397705
0.19797169 0.11689334 -0.07156407 0.021349376 0.07472345 0.20574966 0.08872331 0.024271559 0.014801986 0.078785665 0.14196256 0.18123925 0.19461179 0.29130492 0.20630774 0.24466749 0.34607637 0.50134456 0.5222908 0.39577743 0.38837108 0.44207615 0.42741153 0.4595959 0.39635476 -32767.0 0.08414066 0.17990637 0.10823189 0.019703615 0.04643516 -32767.0 0.012914797 -32767.0 -32767.0 -32767.0 -32767.0 -32767.0 0.28574538 0.56161493 0.50926006 0.21549225 0.30822793 0.09597053 0.10621965 0.18181226 0.20647733 0.28115076 0.39948782 0.49466133 0.5216259 0.59866536 0.41578043 0.14049241 0.15962169 0.081608735 -0.026093021 -0.07215809
0.048618175 -0.0049211215 0.050601237 -0.10736814 -0.05853296 -0.04912104 -0.15166205 -0.023827542 0.12566549 0.1498197 0.18949853 0.16672572 0.2414472 0.4170845 0.3526979 0.29203975 0.27761373 0.3075798 0.35942608 0.40579098 0.38938951 0.4018404 0.37103865 0.3555291 0.39535797 0.5614476 0.54717225 0.4819537 0.25164247 0.096403584 0.0384767 -0.045129325 0.019790895 -32767.0 -32767.0 -32767.0 -32767.0 0.21352746 0.5010638 0.4413064 0.23938802 0.20069203 0.10046075 0.024664395 0.03639268 0.18147568 0.3803393 0.50084496 0.49774948 0.5494781 0.61938554 0.6359024 0.7539726 0.19136897 0.2357341 0.12928744 0.030316077 -0.099806085
0.06798687 0.10089117 -0.087825716 -0.13723356 -0.048919495 -0.04512895 -0.05514686 -0.029171789 -0.06542359 -0.10177675 0.08356787 0.14309812 0.16715635 0.29531106 0.3166738 0.28521407 0.20132948 0.21899065 0.27944136 0.3137833 0.37130588 0.38007233 0.3246418 0.2920967 0.2961435 0.339574 0.38286868 0.31181306 0.22630239 0.11827406 -0.020011678 0.20215802 0.14293995 -32767.0 -32767.0 -32767.0 -32767.0 0.3008304 0.26665846 0.27153444 0.21756577 0.07361481 0.037780393 0.30994087 0.6622147 0.941442 1.1418849 1.2129428 1.0828394 0.88491124 0.735652 0.7415941 0.72615564 0.47021917 0.2204667 0.14864013 0.016275603 -0.23144732
-0.1908477 -0.106154434 -0.03424096 -0.0023998183 0.07521696 -0.033130553 -0.025738062 0.14681676 0.20686832 0.16420887 0.2068576 0.21350197 0.059471183 0.15369792 0.2032768 0.23039968 0.2091668 0.19057633 0.1450575 0.18507698 0.24766672 0.26742688 0.19559331 0.2191293 0.3190336 0.36972523 0.40126792 0.36524832 0.3018409 0.100375354 0.12988892 -32767.0 -32767.0 -32767.0 -32767.0 -32767.0 0.100074224 0.1846461 -0.011094324 -0.039952055 0.37295976 0.73604906 0.94213724 1.1907405 1.3503149 1.330309 1.3035936 1.3281891 1.3126872 1.2074223 0.8891131 0.8291441 0.6731203 0.5182247 0.27919248 0.14027837 -0.08727012 -0.33565763
-0.0493644 -0.052371614 0.045866564 0.08637881 0.0899091 0.09824394 0.15734306 0.18349501 0.1819686 0.20592725 0.17232504 0.09559647 0.20160334 0.1433963 0.16240284 0.2352442 0.22803266 0.2723477 0.21731777 0.18555975 0.21603271 0.15195657 0.031002592 0.21228872 0.37662163 0.4513996 0.38926563 0.35477468 0.29979822 0.24448264 0.104486644 -32767.0 -32767.0 -32767.0 -32767.0 -32767.0 0.15400185 0.16563721 0.6629001 0.94401276 1.0274485 1.0734746 1.0384543 1.0668492 1.1020826 1.0443234 0.8717281 0.72805375 0.7480337 0.78127086 0.7921281 0.70077974 0.5911529 0.42760772 0.2768802 0.0526125 -0.2210585 -0.26638955
-0.12592709 -0.118040994 -0.028813273 0.02676938 0.10274684 0.04058657 0.007725451 0.07283241 0.07026245 0.04021614 0.15008305 0.13879977 0.15258086 0.16773106 0.14789227 0.19556756 0.28301904 0.31195036 0.18203227 0.13195439 0.14840078 0.23315367 0.31638572 0.39818922 0.40860707 0.3730395 0.27028555 0.19772932 0.22004947 0.19631523 0.20541881 0.113399595 -32767.0 0.09192506 -32767.0 -32767.0 0.012527819 0.6006295 0.6505311 0.68304557 0.73641026 0.8354359 0.9426307 0.9376435 0.7593825 0.34712002 0.2795486 0.32883337 0.3811444 0.42738917 0.38118136 0.4233701 0.4806471 0.36926335 0.2069474 0.019668255 -0.11151717 -0.0066025555
-0.09140225 -0.12689972 0.035981733 -0.012824156 0.0051668966 0.029437376 0.087211706 0.069039926 0.109749414 0.15973298 0.24103679 0.28598964 0.22360991 0.24401522 0.24080333 0.19669454 0.2841909 0.2766314 0.2756806 0.22443445 0.3227794 0.4711651 0.38038605 0.24877565 0.15385482 0.18400578 0.027673505 -0.03607327 0.04767139 0.23286276 0.20598006 0.08366072 0.15332954 0.09795284 -32767.0 0.0638824 0.46407777 0.4081849 0.59297425 0.6824316 0.64240557 0.704442 0.7431598 0.6148169 0.4008104 0.309488 0.4262423 0.43468887 0.37305805 0.32013127 0.19717029 0.25586742 0.37520707 0.2786054 0.20684682 0.13458936 0.1736185 0.15674466
-0.045148134 0.08645439 0.103585 0.18787456 0.09471875 0.056380842 -0.075658545 -0.03771808 0.1285004 0.10600034 0.11401055 0.16037665 0.16256776 0.19667652 0.20054486 0.1642871 0.21623924 0.25444296 0.3162291 0.24834263 0.33772257 0.309476 0.13559283 0.085548535 0.06956022 0.08875278 -0.058515154 0.065738365 0.1942742 0.2774901 0.3440496 0.35290486 0.43998083 -32767.0 1.0918276 1.0840913 0.46343848 0.61594373 0.7723164 0.86346245 0.98237514 0.8303202 0.64326376 0.4739179 0.32416958 0.37777883 0.26859725 0.13014139 0.13864835 0.19280681 0.120222256 0.14695546 0.2671716 0.21376765 0.17840113 0.13332234 0.16621763 0.16126685
0.011221037 0.033406448 0.015241072 0.057037644 -0.0068876888 0.03854563 0.078713275 0.071841635 0.10091029 0.17426611 0.193028 0.19810778 0.13923201 0.08736643 0.06720172 0.18821289 0.27299917 0.2121511 0.089456275 0.049066145 0.1267283 0.11257397 0.04149047 -0.031918608 0.059712704 0.059347477 0.09420613 0.23075746 0.303131 0.30041826 0.28106308 0.291513 0.4451682 0.4304173 0.37264952 0.124490194 0.41760996 0.6252141 0.53953886 0.51977605 0.6127237 0.5752363 0.4655929 0.36410114 0.24895872 0.29646635 0.03929933 -0.13690643 -0.14092141 0.033724587 0.098974325 0.12030193 0.25981882 0.1970823 0.17202978 0.13159993 0.08945503 0.2310096
0.05753199 0.14167853 0.07505956 -0.107458465 -0.15678866 -0.12849371 -0.014579941 0.025142146 0.04348731 0.047273073 0.15805936 0.23929673 0.20556763 0.14755759 0.17769952 0.20644097 0.2798958 0.20782274 0.15021895 0.10353544 0.1882647 0.19446616 0.083328456 -0.020795671 -0.011334011 0.025261102 0.06579969 0.14531267 0.2608738 0.44197825 0.6071928 -32767.0 0.38718924 0.2813803 -32767.0 0.29540965 0.5773429 0.5721656 0.45362547 0.28843665 0.14739376 0.16960278 0.17171206 0.20469885 0.05330711 0.09306035 -0.16421807 -0.37528607 -0.3671304 -0.0879296 0.114184566 0.109553486 0.3001027 0.3388594 0.19696799 0.13682944 0.13199456 0.5197427
-32767.0 0.1402971 0.015791615 -0.03627051 0.007007223 0.06608657 0.018845463 0.054088358 0.034583867 0.091114104 0.0869084 0.2583374 0.23752022 0.1751301 0.20455946 0.24171937 0.2974773 0.22482948 0.22023119 0.17464529 0.25258157 0.31483483 0.38795257 0.4177799 0.22489816 0.102257654 0.042676464 0.045947943 0.16982876 0.4224868 0.9434182 0.78924257 -32767.0 0.22941798 0.39992633 0.7150037 0.8086132 0.5731369 0.5071859 0.3362358 0.21418308 0.14916511 -0.0041494155 -0.017415745 -0.034905832 -0.049505606 -0.1493188 -0.31727266 -0.41038465 -0.12581286 0.15873344 0.12270605 0.41317123 0.49316582 0.3677011 0.25885144 0.43853998 0.76363516
0.10537094 0.13980839 0.13250226 0.016094763 -0.046466585 0.07830612 0.20879549 0.05990228 0.11966125 0.1460144 0.11516315 0.17890324 0.2949164 0.3028262 0.32677063 0.36561882 0.3469998 0.20859097 0.16477484 0.25595865 0.39755613 0.6148427 0.75619084 0.8946058 0.9827018 0.96701825 0.842662 0.68533325 0.6284918 0.69979817 0.015984729 0.20921764 0.7219647 1.0426811 1.0677612 0.85810196 0.59183913 0.5275398 0.4205657 0.24727167 0.16566665 0.13189492 -0.026274374 -0.08493636 -0.017553698 -0.17216288 -0.15450196 0.06246995 0.08247224 0.13657106 0.28721607 0.22859497 0.48537123 0.7728872 0.7083586 0.6923444 0.90926236 0.9675181
0.39774978 0.14488277 -0.12529719 -0.121222526 0.0925119 0.15042736 0.11727781 0.09955154 0.06754392 0.11505403 0.10686931 0.09326829 0.19477046 0.2635829 0.24766389 0.2520377 0.27728248 0.07710833 0.099616095 0.30469823 0.48911133 0.6497503 0.93452847 1.1450803 1.2311648 1.2841821 1.29686 1.266189 1.16832 1.0279356 0.9629087 0.74578714 0.41486022 0.40186366 0.285919 0.3852679 0.45443594 0.3037473 0.1420383 0.004729945 -0.0008687611 0.12857072 0.12350886 0.12591664 0.16855754 -0.062451527 -0.2615537 -0.15666534 0.15511999 0.33257243 0.37363848 0.4806809 0.5282138 0.91156375 1.1761066 1.2447817 1.1494626 0.9133039
0.2182524 -0.13221413 -0.16442806 -0.100853 -0.07108863 0.006023856 0.118524365 0.18190153 0.15883555 0.064938486 0.122309305 0.15340827 0.119437285 0.1321081 0.1131069 0.09198185 0.109835714 0.07146479 0.18893392 0.31854302 0.50330085 0.83662665 1.0306525 1.119148 1.1359246 1.1700462 1.1869835 1.1492211 1.1110567 1.1999624 1.0727156 0.77011764 0.6010298 0.3384053 0.3399071 0.3806213 0.23868467 0.078082316 -0.013279883 0.07062631 0.1296188 0.2062851 0.24380697 0.22010897 0.39204007 0.38096005 0.11376492 0.016869364 0.01568247 0.15373378 0.48000675 0.5450791 0.6029092 0.7794487 1.0206268 1.0321978 0.9225548 0.7662221
0.18540645 -0.026787605 0.038447063 0.018489093 0.0795839 0.074535854 0.18912822 0.17757788 0.12629272 0.06849336 0.120941885 0.12668431 0.08113346 0.053633735 0.029140199 0.046271447 0.12968028 0.10436871 0.13500898 0.28566837 0.58989686 0.73766774 0.7951636 0.76523834 0.7154433 0.7189346 0.7209702 0.7915567 0.8564986 0.84464055 0.76730925 0.49093094 0.57979614 0.7459227 0.6556392 0.38475043 0.19686763 0.2510815 0.36706272 0.4151018 0.4192162 0.45877793 0.466577 0.40638492 0.3637079 0.42041117 0.4827887 0.40557244 0.25401908 0.18988384 0.23060116 0.49273026 0.6552517 0.72770584 0.74143463 0.7764254 0.6163502 0.40150046
0.0989498 0.09545345 0.08768701 0.12664236 0.11747477 0.25747085 0.13044527 0.24598145 0.22226872 0.1211543 0.098525345 0.08511955 0.053673785 0.12736279 0.18630603 0.14721109 0.22108485 0.17754094 0.19626665 0.3640329 0.53708607 0.57816136 0.5343475 0.45724082 0.33131114 0.33521253 0.3744052 0.38786656 0.08365005 0.2601587 0.56355155 0.54270834 0.4496739 0.4164231 0.43552265 0.32620457 0.3592938 0.5334164 0.5928317 0.498187 0.456006 0.40119398 0.39350674 0.47617546 0.48038766 0.38841414 0.359371 0.34823877 0.28136525 0.233306 0.19877268 0.24140298 0.36673924 0.49472722 0.5288993 0.37442395 0.3216065 0.17674333
0.18897562 0.22119144 0.29635215 0.382579 0.31097397 0.1709722 0.21873656 0.21807279 0.23580806 0.10762643 0.10446168 0.058433216 0.060790274 0.10741956 0.08535773 0.16514972 0.24892785 0.19668202 0.18783408 0.42176554 0.50344837 0.4595967 0.3932574 0.2969076 0.30472326 0.22891654 0.22994864 0.3348217 0.3814031 0.3602584 0.24066189 0.3299572 0.37130368 0.32199812 0.28317103 0.36494294 0.5135025 0.54986376 0.49332762 0.38380262 0.30594358 0.2684109 0.2354505 0.2678403 0.3776904 0.3938003 0.39158782 0.30826002 0.19872713 0.1244348 0.06459495 0.01622855 0.083561085 0.092555806 0.14237086 0.17430812 0.059922475 -0.017617289
0.22756189 0.3489825 0.5096176 0.39828378 0.3947011 0.2955811 0.1941302 0.18265158 0.1846053 0.12095809 0.06365562 -0.04937993 0.010331936 0.1540275 0.057934783 0.023854109 -0.015626267 0.042798318 0.38778073 0.5201009 0.49843544 0.38647023 0.31484598 0.22654319 0.0076661827 -0.054729424 -0.021237863 0.10168382 0.061122444 0.044048283 -0.009343953 -0.018364074 -0.015655039 0.1285849 0.33652636 0.3900831 0.3461628 0.32758394 0.30881864 0.28661484 0.32056642 0.29098418 0.2031443 0.11297522 0.10782928 0.21251358 0.2133866 0.17111678 0.038041003 -0.05035119 -0.14105129 -0.1814502 -0.14983581 -0.019799372 0.09109966 -0.030216765 -0.12955183 -0.058437288
0.43357608 0.49129638 0.5718375 0.39122567 0.30941123 0.20592925 0.1059947 0.09609207 0.19703126 0.17806928 0.048763946 0.014900523 0.0638392 0.32699722 0.15317327 0.04503284 0.094327845 0.33617362 0.5952358 0.65457624 0.49508795 0.36101136 0.25440297 0.040033042 -0.0750322 -0.12530056 -0.032283098 -32767.0 -0.017671544 -0.10376811 -0.17813836 0.023700587 0.19852854 0.24750441 0.19675253 0.1890075 0.22504625 0.31785032 0.3779714 0.4104027 0.46859834 0.4541453 0.29797956 0.15583962 -0.006050685 -0.015471844 0.036220506 -0.052991543 -0.13892552 -0.2952092 -0.29580888 -0.23231266 -0.21426794 -0.20881304 -0.2434396 -0.23821661 -0.06424098 -0.03744557
0.7966153 0.59680945 0.4686189 0.38397002 0.32670254 0.26316455 0.1960319 0.28887782 0.29267678 0.29742205 0.24703212 0.16083446 0.1867008 0.1769268 0.14040253 0.22956254 0.48917532 0.73220897 0.80399996 0.6388731 0.50043327 0.36243433 0.25777718 0.13024767 0.16199434 0.14722173 -0.016651683 0.011637613 -0.16997351 0.114502124 0.1770681 0.21982384 0.19023624 0.13058734 0.113849275 0.15391804 0.27154496 0.35274187 0.4159851 0.45408764 0.4574859 0.36885273 0.33746856 0.11202096 -0.02697084 -0.1077999 -0.11341287 -0.24070762 -0.35609832 -0.41620272 -0.39511988 -0.40033567 -0.4225588 -0.36551023 -0.21889843 0.0598605 0.16090846 0.12230698
0.42065567 0.43566027 0.30472404 0.37863716 0.38014224 0.30147713 0.26333684 0.4200162 0.38950977 0.32242975 0.35160804 0.30936173 0.25397584 0.26169994 0.326099 0.56028235 0.82772213 0.8811287 0.69599766 0.57779175 0.48466507 0.3275489 0.23311006 0.14001025 0.1152288 0.08528947 -32767.0 -0.16487694 0.032176834 0.18888928 0.24987704 0.15779026 0.0704479 0.06732318 0.089374125 0.14786176 0.24392164 0.30602205 0.33726645 0.36445215 0.31333965 0.25683457 0.14240098 -0.00733696 -0.11390089 -0.13821597 -0.27458212 -0.43384266 -0.5333226 -0.4266383 -0.2928208 -0.24611133 -0.20429374 -0.0658883 0.115532465 0.23963764 0.24349836 0.15721822
0.3328888 0.348693 0.24283066 0.34984443 0.3344158 0.273186 0.28781292 0.3554754 0.3396636 0.34513935 0.3560217 0.31266397 0.26021132 0.29666054 0.5695599 0.829525 0.7919101 0.63568985 0.52053124 0.5385252 0.51122725 0.2797544 0.19458774 0.12589137 0.1357502 0.14843543 -0.13682562 -0.041464932 0.17726947 0.24066281 0.13542502 -0.006715685 0.034101848 -0.008963973 0.054801457 0.101784565 0.18109262 0.17867407 0.19978687 0.10609801 0.08001252 0.0113845235 -0.096868515 -0.17260738 -0.17600039 -0.32616246 -0.46240968 -0.59993434 -0.4816692 -0.30630064 -0.21714298 -0.16007575 -0.1300876 -0.18661222 -0.12403287 0.015668636 0.048604038 0.0255828
0.28740743 0.23401988 0.2160124 0.2434625 0.22916469 0.2693831 0.37146932 0.4012248 0.33737782 0.30761018 0.2945633 0.21514381 0.18322492 0.40339604 0.6437433 0.65383244 0.6050471 0.4644459 0.4727469 0.48801076 0.41668376 0.19598058 0.082242414 0.16202176 0.12978905 0.04090876 0.0067554433 0.08544996 0.21317443 0.102176785 -0.052711036 0.050175436 0.07160466 0.009923584 0.053929135 0.06405199 0.06294117 0.063058436 0.084656626 -0.03427087 -0.14330783 -0.19138557 -0.24376114 -0.21700555 -0.3374944 -0.5184916 -0.59627867 -0.44635156 -0.24229664 -0.2980347 -0.31666595 -0.28748974 -0.19861121 -0.13776255 -0.055894677 -0.0127984 0.011017597 -0.07356423
