static/data/seaWater_uo/2023/7/7/18.asc
ncols 137
nrows 93
xllcorner 108.0
yllcorner 17.0
cellsize 0.25
NODATA_value -32767
[rows 26 to 51 of 93, columns 58 to 115 of 137]
0.1671141 -0.15500103 -0.1421803 -0.16742952 -0.24375558 -0.35782933 -0.37440288 -0.45662624 -0.50615716 -0.49841303 -0.42455083 -0.36899504 -0.2663097 -0.16458876 -0.067561686 0.049252983 -32767.0 -32767.0 0.0687405 0.06649332 0.21777725 0.26412308 0.35893586 0.39897236 0.3273016 0.3051745 0.22618829 0.27799252 0.22614427 0.07719155 0.04826111 -32767.0 -32767.0 -32767.0 -32767.0 -32767.0 -32767.0 0.1322342 0.09218923 0.039157268 -32767.0 -32767.0 -32767.0 -32767.0 -32767.0 -0.09518613 -32767.0 -0.0074102376 0.021843158 0.07596918 0.10632602 0.15037182 -0.07020205 -32767.0 0.06449208 -0.18266596 -0.16955598 -0.20154428
0.25663677 0.13986424 0.07053933 -0.10477843 -0.14405175 -0.1772383 -0.30145 -0.41838562 -0.40780294 -0.4218966 -0.29814416 -0.25522175 -0.20845686 -0.10093375 -0.118430495 -32767.0 -32767.0 0.05342326 -0.025976969 -0.026637739 -0.09385977 0.16902333 0.30161136 0.21119621 0.24467866 0.22170316 0.19653735 0.111048944 -32767.0 -32767.0 -32767.0 -32767.0 -32767.0 -32767.0 -32767.0 -32767.0 -32767.0 0.07748139 0.08178936 0.056181837 -32767.0 -32767.0 -32767.0 -0.04718215 0.19051915 0.43456885 0.38941947 -0.00055434764 0.19575837 0.2905536 0.322266 0.2214341 -0.05236621 -0.20959458 -0.3105289 -0.25870416 -0.18673754 -0.22233461
0.060701683 0.021150392 0.13523918 -0.006806276 -0.0639119 -0.09177274 -0.15003535 -0.13939047 -0.1283239 -0.13995865 -0.119641505 -0.12963274 -0.11503454 -0.13475534 -0.12227822 -0.083896555 -0.00082058413 0.04495727 0.081164755 -0.051224012 0.03280064 0.12763253 0.09146697 0.124547616 0.12117079 0.11298919 -32767.0 0.14778131 -0.0026792674 -32767.0 -32767.0 0.037098825 -32767.0 -32767.0 -32767.0 -32767.0 -32767.0 -32767.0 0.25919747 0.27958193 -32767.0 -32767.0 -0.07460673 0.17707539 -0.00092425395 -0.074004404 0.039369572 0.22527699 0.1674687 0.08692325 0.1421713 0.33855727 -0.10242407 -0.2213158 -0.30692348 -0.26659912 -0.12426378 -0.17481537
0.24879749 0.19008729 0.05299475 0.13828479 0.12201536 -0.06733771 -0.00086547836 -0.011430251 -0.019747123 -0.008054623 -0.02114304 -0.09969233 -0.19970311 -0.24919748 -0.1552111 -0.1372466 -0.08736222 -0.02390299 -0.0181301 -0.022207603 0.007881893 -0.043114644 0.06616697 0.12352638 0.12719995 -32767.0 0.088165805 0.13366678 0.14190517 0.017080758 0.04841219 -32767.0 -0.0015850748 -32767.0 -32767.0 -32767.0 -32767.0 -32767.0 0.25603375 0.4434085 0.39705306 0.107040755 0.13760479 0.036371015 -0.018530818 -0.034062386 0.016072517 0.13150017 0.224052 0.26094085 0.2953122 0.4614952 0.21457456 0.008612249 -0.06630631 -0.08441233 -0.11040837 -0.044865724
0.35017422 0.21903095 0.21404636 0.1280749 0.16138323 0.2576948 0.24093843 0.15082772 0.05602608 0.047339235 -0.100074746 -0.1101724 -0.166985 -0.25597617 -0.16303842 -0.18199465 -0.1063715 -0.10313231 -0.07553225 0.015891531 -0.030123238 -0.021282291 0.08463865 0.17494246 0.20720376 0.28194296 0.3368071 0.29290566 0.18992607 0.13741761 0.03024489 0.022647722 -0.007509008 -32767.0 -32767.0 -32767.0 -32767.0 0.09849003 0.3715388 0.3686306 0.2839901 0.13402322 -0.035738386 -0.03439504 -0.0065046716 0.21069358 0.41561437 0.5662393 0.5321371 0.45680398 0.4791102 0.4900159 0.60266316 0.10829121 0.07025463 0.12543365 0.04808164 0.034169715
0.32686412 0.20391154 0.23762117 0.116497815 0.23151702 0.16664152 0.20464696 0.1364743 0.01286754 -0.04809358 0.040578905 -0.045999266 0.11194427 -0.008521972 0.025724156 -0.050941955 -0.04324588 -0.054492902 0.09299661 0.1251251 0.18221886 0.21328701 0.1388177 0.18234298 0.1698176 0.19853805 0.18974826 0.17359129 0.22373708 0.14080253 0.0031018308 0.1304314 0.09101853 -32767.0 -32767.0 -32767.0 -32767.0 0.18332979 0.1363789 0.23988456 0.09222664 -0.0443439 0.07718114 0.3875632 0.7149702 0.9991636 1.2304779 1.3299614 1.3146335 1.0189277 0.6630668 0.6352262 0.6608165 0.35157892 0.14909534 0.19072714 0.120752074 0.0016250426
0.1992313 0.22660843 0.14871971 0.14977285 0.17297825 0.16148946 0.032610755 0.059739638 0.056696434 0.07555438 -0.021394428 -0.079068586 0.07789337 0.1315445 0.19006833 0.08648055 0.014816598 0.027193068 0.036559805 0.18249549 0.18222961 0.15409052 0.15202661 0.18708394 0.14067595 0.21177483 0.26141268 0.24568796 0.23205748 0.1534084 0.105980024 -32767.0 -32767.0 -32767.0 -32767.0 -32767.0 0.03727812 0.049227867 -0.12576367 -0.06931912 0.2764929 0.6175242 0.88157636 1.209111 1.4331496 1.3961922 1.3263142 1.3568097 1.3901998 1.3094745 1.0368531 0.75877243 0.60935295 0.44391346 0.14261937 0.15868446 0.013117653 0.028486578
0.25634614 0.073047005 0.17376482 0.14977351 0.17588603 0.16033061 0.29952177 0.32526413 0.28785995 0.28684488 0.17565642 0.18455112 0.19216587 0.17595485 0.287507 0.311587 0.1744621 0.054855045 0.050622854 0.19328655 0.14311261 0.008872378 0.038610294 0.16889188 0.33335942 0.41229203 0.38162115 0.2892433 0.23663487 0.27279997 0.037678897 -32767.0 -32767.0 -32767.0 -32767.0 -32767.0 0.0901834 -0.055770867 0.5710667 0.8491734 0.9954949 1.0668858 1.0406106 0.9930276 1.0416651 1.0923021 0.94061023 0.81999147 0.82518584 0.91983944 0.8923667 0.77652097 0.5529564 0.346833 0.09902798 0.12510738 0.0160706 0.12309764
0.15827082 0.18327081 0.29617447 0.34518516 0.21102516 0.14573812 0.18106486 0.25384754 0.21796346 0.27312165 0.26703656 0.13927211 0.21728845 0.18755388 0.2177683 0.35622087 0.2778349 0.11730407 0.016826715 0.10175714 0.092845745 0.17429641 0.32780254 0.4430095 0.44644746 0.36226523 0.29720998 0.15232956 0.13984947 0.10304577 0.14082828 0.06908531 -32767.0 0.021973768 -32767.0 -32767.0 -0.19956672 0.6767469 0.739176 0.7198843 0.7544833 0.7751232 0.8292462 0.925723 0.8649078 0.55626696 0.45819086 0.59953135 0.5850399 0.55276424 0.5978668 0.61863 0.4548606 0.17314242 0.089769 0.1885095 0.2060833 0.3030913
0.062843956 0.20849314 0.15922238 0.16040073 0.30592445 0.33912906 0.35831344 0.3133373 0.29714334 0.30499533 0.29188988 0.3030301 0.26058713 0.24772087 0.2646768 0.3020354 0.28196537 0.2054483 0.18914874 0.2466529 0.28847003 0.39579967 0.39397535 0.28850016 0.21602744 0.106260285 -0.042453755 -0.024625948 0.03262701 0.1663656 0.08690172 0.045791585 0.08057442 0.034600515 -32767.0 -0.09784029 0.35429513 0.3763631 0.547757 0.75135905 0.71376944 0.6095709 0.6992948 0.7228088 0.6205336 0.36291844 0.59408724 0.660574 0.6500312 0.49923846 0.5042899 0.51062965 0.33827353 0.062436305 0.1494887 0.29305574 0.38283733 0.48778117
-0.032636482 0.14757061 0.21861497 0.27686766 0.33019444 0.29778105 0.29877806 0.35917187 0.35409504 0.33131355 0.28486463 0.25712246 0.2534356 0.331218 0.282639 0.28019968 0.25831604 0.2694976 0.344169 0.39268976 0.50909585 0.3540105 0.20464079 0.15967308 0.07946768 -0.01638159 -0.028313551 0.027059035 0.13971864 0.24947366 0.26054505 0.28563184 0.38660026 -32767.0 0.9501288 1.0591539 0.6354638 0.497858 0.7347105 0.773922 0.8875962 0.9290331 0.7083445 0.59672165 0.4770929 0.40266302 0.4896538 0.41904193 0.42795524 0.48704305 0.37818003 0.38958 0.29128417 -0.046883374 0.10653672 0.28818673 0.35670245 0.4544922
-0.012249339 0.052299414 0.24615808 0.28941572 0.42149678 0.4421337 0.42923295 0.4220646 0.40902898 0.474788 0.45237914 0.30450648 0.2915384 0.2664765 0.20380728 0.2958524 0.336608 0.3060075 0.27008563 0.31366965 0.31885475 0.24626938 0.13653378 0.022788754 -0.076427124 -0.034507718 0.12296899 0.19801344 0.19780083 0.20129643 0.21551615 0.2595963 0.42828098 0.330828 0.35287145 0.11475262 0.33400163 0.5737141 0.5570834 0.453885 0.45087785 0.419658 0.44171792 0.42003247 0.31514218 0.3378704 0.28463015 0.1395975 0.19165555 0.36097333 0.25486618 0.33985427 0.25427842 0.026156198 0.031787723 0.09396883 0.22301313 0.343204
0.17049155 0.14514886 0.32084098 0.39563677 0.3160552 0.2974389 0.37237355 0.4179175 0.48603722 0.4177301 0.5062078 0.41462162 0.31532747 0.33225387 0.32583353 0.3935676 0.38762715 0.28443268 0.26584953 0.24812655 0.28188658 0.23046307 0.13717772 0.037331272 -0.11687694 -0.05422473 0.043673627 0.11243655 0.1478122 0.29249692 0.44221658 -32767.0 0.40196994 0.25901937 -32767.0 0.23350775 0.52515715 0.6184673 0.48899814 0.41116956 0.2820279 0.2451436 0.26328608 0.2036565 0.06668832 0.209493 0.08662277 -0.087848864 0.01297678 0.22954223 0.20976563 0.31069574 0.34257653 0.108111344 0.023667095 0.026114862 0.1619944 0.40946364
-32767.0 0.34408432 0.414794 0.5025028 0.40566972 0.20487766 0.1539738 0.31195277 0.4280132 0.45688245 0.47369704 0.53412575 0.4194764 0.38510412 0.3782296 0.4382195 0.44770133 0.40767047 0.40513134 0.37702638 0.3745771 0.35013288 0.36510798 0.40633792 0.25689903 0.05270222 -0.029222155 -0.065371744 0.013811819 0.23003796 0.74730015 0.67027414 -32767.0 0.19612813 0.400422 0.7265851 0.78443235 0.60076416 0.5163811 0.43237808 0.3617244 0.21819465 0.137632 -0.042751327 -0.04182165 0.146205 0.12705523 -0.11568524 -0.11564871 0.16434795 0.19835065 0.33670336 0.49458745 0.32319534 0.12683932 0.14826852 0.35532808 0.5675226
0.2672905 0.41976166 0.55850565 0.5312135 0.36633527 0.28805003 0.30123237 0.173577 0.29981384 0.42376858 0.44469586 0.57346797 0.5977437 0.56389266 0.5537463 0.5734399 0.46912947 0.38059786 0.45067453 0.45052764 0.52351457 0.6899848 0.7837135 0.90596294 0.9467904 0.8532911 0.7535369 0.59291476 0.45139414 0.4970458 -0.02959127 0.13938908 0.589456 0.917292 1.0055065 0.7890076 0.49890202 0.5196144 0.3356324 0.25701886 0.23643664 0.1905274 0.0698155 -0.051439706 0.07953968 0.074059024 0.088175505 0.1465634 0.03157167 0.16766107 0.27633324 0.3563713 0.67514515 0.6345557 0.4484585 0.4314051 0.65352136 0.7645626
0.56337917 0.44231883 0.3341733 0.2036972 0.18337043 0.15361667 0.2369981 0.2424613 0.18829764 0.29705554 0.32611328 0.44027802 0.55349416 0.56639105 0.548191 0.5192663 0.38323048 0.27593365 0.381443 0.4772576 0.6191898 0.6763304 0.92025715 1.1536275 1.2653593 1.2866917 1.2693596 1.1692001 1.0571809 1.0120904 0.9571325 0.8405114 0.53680354 0.3571794 0.19380923 0.3100574 0.38871694 0.24193808 0.09682022 0.075255625 0.07136899 0.1701581 0.18096955 0.21008047 0.19792981 0.026561035 -0.07923384 0.0119854035 0.20609097 0.21782525 0.365476 0.41136026 0.6613536 0.97168076 1.0026524 0.97973025 1.0214806 0.7744828
0.26202378 0.27240807 0.16441727 0.17857125 0.19167368 0.2044782 0.18571344 0.27923015 0.28060552 0.24713716 0.2250176 0.3145151 0.37451306 0.36744756 0.34213242 0.31443012 0.2640531 0.27302682 0.40627873 0.43620247 0.49887994 0.80737126 0.98972666 1.0290285 1.0723833 1.1101166 1.1275462 1.0884562 1.0414116 1.2111753 1.1004413 0.85353684 0.5647088 0.3993623 0.33614838 0.40973422 0.25698838 0.1496718 0.12429869 0.2085469 0.32132542 0.3177732 0.37128028 0.34060267 0.39442796 0.29443052 0.010522506 0.018708974 0.14541924 0.27977973 0.41903958 0.45911047 0.5748277 0.8508342 0.9876518 0.9739849 0.77875924 0.5821518
0.27697796 0.19924675 0.30554503 0.24120808 0.22198823 0.16071689 0.18432252 0.15871337 0.23414765 0.23424244 0.15217231 0.06192972 0.11409236 0.16461903 0.14010635 0.21483491 0.24685498 0.2772636 0.28201646 0.3195292 0.56139594 0.74143857 0.69967693 0.6580983 0.6277752 0.626632 0.6478198 0.68989587 0.7929422 0.6977599 0.67879546 0.4133485 0.4892085 0.70448285 0.6641732 0.4606905 0.34406218 0.3621485 0.47561836 0.54190314 0.5866994 0.5837058 0.5889357 0.5328782 0.45804733 0.5008827 0.4990312 0.3538677 0.2762383 0.2788802 0.31040877 0.48512498 0.58640397 0.58402807 0.60754174 0.5659445 0.50835663 0.30580166
0.16460478 0.21541925 0.20818776 0.2270757 0.20104773 0.24555206 0.21875572 0.24256982 0.22372036 0.23245862 0.1396881 0.01268356 0.04939811 0.0916788 0.07075468 0.09325802 0.08747866 0.1336798 0.19151746 0.31149414 0.56837213 0.4752128 0.4216807 0.33651885 0.22946627 0.21171662 0.22544329 0.19705418 -0.11799659 0.17298989 0.4281814 0.5046686 0.41502947 0.38368273 0.4197562 0.38918006 0.4516432 0.6022583 0.6471417 0.59354705 0.4701026 0.39247566 0.40032548 0.47954625 0.58519036 0.54216355 0.49162045 0.39516032 0.3440158 0.30482256 0.24736924 0.23887444 0.3653267 0.48348734 0.41678953 0.396997 0.20066747 0.074701734
0.24908298 0.27469152 0.35041243 0.32615402 0.37810302 0.21021734 0.20740178 0.2147349 0.1781435 0.09833732 0.027027557 -0.0067080096 0.042047605 0.0643791 0.03563163 0.051216837 0.051642545 0.0607218 0.16831104 0.48032948 0.474737 0.30765057 0.24644275 0.1753 0.15807247 0.13242528 0.118321635 0.15550451 0.25623685 0.28266227 0.12868229 0.1907051 0.28263098 0.29596812 0.27809373 0.43858913 0.5250931 0.5032312 0.4019308 0.33820066 0.29338276 0.24354376 0.2048073 0.2030552 0.2853137 0.44992873 0.5189399 0.46902055 0.3350987 0.19916627 0.011096776 -0.036141623 0.011944279 0.051690478 0.10017061 0.09309641 -0.058222547 -0.13800764
0.3343271 0.3987889 0.46246016 0.39321077 0.30142176 0.25702772 0.18894675 0.15728077 0.08671948 0.024343485 -0.102678955 -0.07703016 -0.016332917 -0.013177125 0.0029791184 0.05807849 0.0023638979 0.15073687 0.48329982 0.56514394 0.40113038 0.22086796 0.1563246 0.114288256 -0.07412366 -0.13751355 -0.11962568 0.0043170922 -0.083198145 -0.0023832228 -0.111451656 -0.11965018 -0.09017851 0.110366136 0.35962987 0.35332787 0.30495265 0.30916116 0.25067824 0.30875105 0.32116836 0.258916 0.18693934 0.077682905 0.055310614 0.08242286 0.2243414 0.21608259 0.11339669 -0.11561023 -0.2431791 -0.30245495 -0.21428828 -0.0796005 -0.014461237 -0.14707029 -0.22954762 -0.16436332
0.47378743 0.4364455 0.49639046 0.35958615 0.24461943 0.21728244 0.13828401 0.043160617 0.07165617 0.06398477 -0.0040147053 0.09586945 0.15916795 0.013470609 -0.015062508 0.1332351 0.23194146 0.550107 0.665648 0.5462366 0.35428655 0.18106015 0.11028412 -0.0063077863 -0.078380816 -0.037413824 0.015335955 -32767.0 -0.08678705 -0.1896106 -0.24606693 0.026306609 0.20591316 0.17283492 0.16567136 0.21592046 0.22354978 0.24456497 0.29469794 0.33808503 0.36903486 0.3001543 0.25881836 0.12654121 0.014457908 -0.11601249 -0.09494596 -0.14250298 -0.27844474 -0.39674923 -0.3949109 -0.38031593 -0.34990725 -0.3492948 -0.3473007 -0.31717882 -0.13104852 -0.1937947
0.5837217 0.6478518 0.4091135 0.33868384 0.3212101 0.27374768 0.25583357 0.2842287 0.20572795 0.16885546 0.16599017 0.1657857 0.2119118 0.14401315 0.12205813 0.2952771 0.6672281 0.8415943 0.7279911 0.5023898 0.2800169 0.17230731 0.098831005 0.03077344 0.16047728 0.11871267 -0.043322973 -0.027367603 -0.22970538 0.023743346 0.22722161 0.21883628 0.090638526 0.07438532 0.07552455 0.10076053 0.17501733 0.19616388 0.22739178 0.22593829 0.19223584 0.12971053 0.10224939 0.04070564 -0.112087995 -0.20503582 -0.31376237 -0.41441476 -0.51544243 -0.49991775 -0.5681616 -0.57622313 -0.55311453 -0.4917172 -0.26949635 -0.026499469 0.11528672 -0.005423569
0.44275746 0.35703436 0.29188234 0.34964666 0.35959125 0.2774593 0.27825007 0.28938043 0.2797559 0.17874058 0.22504954 0.26937 0.20616442 0.2542247 0.41362923 0.7091782 0.8696186 0.7850616 0.58161926 0.38756898 0.22909135 0.1292318 0.05235806 0.026927022 0.037458126 0.015403988 -32767.0 -0.16100684 0.06568167 0.2347252 0.16609319 -0.002212872 -0.03320517 -0.026950737 -0.008889655 0.020771734 0.07722894 0.041997172 0.052977495 0.096319646 0.12985598 -0.06313669 -0.117228076 -0.24981207 -0.298304 -0.36336172 -0.540711 -0.632773 -0.5514953 -0.4708435 -0.39793125 -0.30410472 -0.23112065 -0.19208139 -0.07934472 0.014309029 0.078723915 0.027008096
0.2823684 0.31390962 0.2514061 0.32219177 0.24771239 0.18206342 0.1940347 0.1572898 0.17903924 0.18662691 0.21187584 0.1679291 0.17388198 0.3191986 0.7063304 0.7828309 0.6986507 0.5303981 0.3569852 0.30530795 0.25202143 0.040771123 0.0077412804 -0.033056527 -0.028897578 0.16212912 -0.16473937 0.054670203 0.22319372 0.11526972 -0.02461676 -0.11217505 -0.11168872 -0.08612311 -0.093600556 -0.05678693 -0.017784461 -0.06317477 -0.027647523 -0.043743752 -0.098421246 -0.279127 -0.38496754 -0.44758222 -0.47807425 -0.6026131 -0.73051727 -0.62153 -0.41486335 -0.3353401 -0.32627243 -0.37422264 -0.31498042 -0.2582714 -0.21937005 -0.20678282 -0.12405289 -0.14450397
0.28804538 0.2198131 0.22020814 0.21502344 0.09405959 0.07358036 0.14139919 0.19115506 0.13194744 0.15630177 0.15240227 0.055875223 0.16069375 0.54314864 0.6141511 0.5777714 0.48807034 0.30509245 0.25896716 0.29293644 0.15045226 -0.052712925 -0.058094002 -0.028645264 0.040000897 -0.015719336 0.059429336 0.10392901 0.08745724 -0.03389644 -0.1514825 -0.11263052 -0.12017352 -0.12519921 -0.1729186 -0.14206088 -0.120133854 -0.21420091 -0.19447589 -0.32509452 -0.3130463 -0.51347405 -0.5530256 -0.54397815 -0.6814345 -0.7951963 -0.7422081 -0.44908288 -0.39427468 -0.48995182 -0.47375607 -0.4034858 -0.3407885 -0.24136992 -0.17431793 -0.12979087 -0.09205424 -0.1915466
