static/data/ASCData/20210131/ASCU/03.asc
ncols 97
nrows 97
xllcorner 99.0
yllcorner 2.0
cellsize 0.25
NODATA_value -32767
[rows 76 to 94 of 97, columns 43 to 85 of 97]
-4.379880088256763 -4.380781485858925 -4.203206158232958 -4.465813326329566 -5.185429078722445 -5.650249775570788 -5.8320316253401785 -5.992179932657676 -6.075108512056604 -6.1610417501294075 -6.218731196667792 -6.27732204080834 -6.252984305549958 -6.296852322188522 -6.564266944163329 -7.3641070831486495 -7.895330736689614 -8.34362581083165 -8.825272596253688 -9.201155396355354 -9.42560339929376 -9.72757159601812 -9.577939594059183 -9.75100793367434 -9.659966775855949 -9.824021139449483 -9.104405387056605 -8.426554390230578 -7.4248011883609095 -8.399211996298323 -8.359250035935794 -8.373972863437778 -8.316283416899394 -8.264603287708757 -8.16394722213397 -8.38659242986805 -8.23635949617434 -8.022427798594494 -7.749905256874101 -7.678694846303282 -7.52034933419011 -7.555503840674438 -7.526358651537858
-4.067395586173843 -4.027133159943928 -4.093836582503936 -4.352537694324507 -5.043909655182968 -5.614193871484297 -5.796877118855851 -5.855467962996398 -5.936593747191003 -5.872894983304868 -5.891523867082888 -5.782154291353867 -5.894528525756763 -6.2295479678937395 -7.148372590364479 -7.943405275471601 -8.506778776823019 -8.952970589893344 -9.19244188620112 -9.513639898438274 -9.562315368955037 -9.763627500104612 -9.576136798854858 -9.399462868831055 -9.304515654736628 -8.708992305574755 -7.961733693382234 -6.351537110053034 -5.236207810310919 -5.771337520127919 -6.236158216976263 -6.764677677710741 -7.456049638569201 -7.40136485070469 -7.784158365756268 -8.018521742318457 -8.13480203299739 -8.004700312418635 -7.873096262502944 -7.764628084376085 -7.549794989194077 -7.361402890342163 -7.317234407836212
-3.7744413654711053 -3.82401823359003 -4.04786530479366 -4.300857565133871 -4.724514438150138 -5.326948502261921 -5.622907381638532 -5.68149822577908 -5.5985696463801515 -5.500918239479239 -5.424599909162833 -5.259644147967138 -5.565518400967535 -6.664923009738116 -7.627916114714807 -8.298856396590923 -8.862229897942342 -9.274469067997886 -9.485396106903856 -9.541883689972693 -9.358299044998976 -9.24021595911572 -8.628767918982314 -8.32710018812534 -7.407073702185051 -6.810348489553629 -5.5985696463801515 -4.014513593513656 -3.472473168746745 -3.197246434219865 -3.558406406819548 -4.464911928727403 -5.43541668038878 -6.565468807632879 -6.948262322684456 -7.651352452371026 -7.889621885209253 -8.078013984061167 -7.990277950784039 -7.785961160960592 -7.472575261275509 -7.203057378228991 -6.631871764325499
-3.5466882379914386 -3.6650717897420835 -3.9216696404909426 -4.311373870492431 -4.57608429966075 -4.958877814712327 -5.282179088021195 -5.356394157265888 -5.2566394892932635 -5.040904996509094 -4.924624705830161 -4.897282311897905 -5.439322736664817 -6.8094470919514665 -7.94130201439989 -8.549745395859421 -8.917816083409015 -9.330956651066721 -9.420795945415561 -9.404270322709252 -8.916914685806852 -8.117074546821533 -7.294999933649542 -5.945307257345237 -4.855517556331054 -3.503721618955037 -2.048865889065134 -2.3015576835379568 -2.5467378313260944 -1.9343883935905257 -1.9617307875227814 -2.370965298904452 -4.391598257084873 -5.665874000674934 -6.171858521355355 -6.8133531482275025 -7.6717841313533714 -7.967743010729983 -7.902241451639524 -7.553701045470113 -7.140560477812407 -6.517394268850891 -5.90534529698271
-3.3456765727092526 -3.5145383901809844 -3.6942169788786634 -4.251881628749721 -4.600422034919132 -4.829076560000961 -4.946258248282056 -5.010557943902964 -4.886766006539346 -4.662017537733553 -4.6172481234928275 -4.7743917721364495 -5.455848359371125 -6.845502996037958 -7.988174689712327 -8.650401461434209 -8.987223698775509 -8.988125096377672 -8.94636034081082 -8.449990727886796 -7.734281031769955 -6.357245961533395 -4.90719768552169 -3.115219252423099 -1.2156740387998095 -0.032138987160750254 -0.7959232220595798 -2.050668684269459 -1.7637237809144697 -0.5429309617193692 -0.6844503852588453 -1.3094193894246855 -3.6091851384080225 -4.836888672553034 -5.293897256849304 -6.082920624608677 -6.983416829168784 -7.396557396826491 -7.391449477080905 -6.977407511821037 -6.347631053776997 -5.707939222109173 -4.950164304558092
-3.2029552857002264 -3.366108251691597 -3.5232519003352194 -4.062588132295644 -4.605529954664718 -4.777396430810324 -4.744946117132482 -4.619952316299314 -4.470620780207764 -4.337814866822524 -4.348631638048471 -4.689359931665809 -5.5889547386237535 -6.880657502522286 -7.916964279141508 -8.526309058203202 -8.567172416167892 -8.292847079243174 -7.8301296434665435 -6.922722723956525 -5.938396542395327 -4.5009678328138945 -3.0779614848670587 -1.5711251599191312 0.3203074752846975 0.7824239793265546 -0.8554154638022893 -2.6044272778644797 -1.9013371481779093 0.18449690322558254 0.3888136930490296 -0.08682377502526073 -1.0086530561698752 -1.9382944498665622 -3.037098126902369 -4.422846707293164 -5.723563447213319 -6.693166801272533 -6.501770043746745 -5.870190790498381 -5.343774590835617 -4.6121402037472405 -3.8222154383857054
-3.1170220476274233 -3.318334178776997 -3.629917283257755 -4.062588132295644 -4.6502993689054435 -4.799630904996993 -4.607332749869042 -4.318284585442341 -4.1259864303143905 -4.011508934839782 -4.0322410796895145 -4.540028395574259 -5.595564987706277 -6.807644296747142 -7.721661465339683 -8.105356377993422 -7.820214269842758 -7.259845427165214 -6.609336824271443 -5.707939222109173 -4.768382454788701 -3.82401823359003 -2.9950329054681295 -2.788011922838195 -2.197296027554521 -2.144414034894335 -2.7450453038017937 -2.680745608180885 -1.5819419311450784 -0.7625715107795754 -0.22834319856473684 0.3467484716147906 0.716922420236096 0.19831833312540326 -1.065441105106098 -2.56356391989979 -3.714648657861008 -4.775293169738612 -5.490101468253291 -5.129842893255771 -4.46881798500344 -3.811398667159758 -3.113115991351387
-2.92382249489731 -3.108308537473188 -3.4814871447683675 -4.002795424685547 -4.484442210107586 -4.560460074556604 -4.213722463591518 -3.9012379615085977 -3.8525624909918355 -3.917763584214906 -4.153328824246646 -4.6160462600232774 -5.450139507890764 -6.353339905257358 -7.183527096848808 -7.389646681876581 -7.0918850072956445 -6.437470348125837 -5.624109245108082 -4.549643303330657 -3.6404335886163146 -3.2558372783604126 -2.8748465585131604 -2.9658877163315496 -3.5097309363027858 -3.7498031643453364 -3.459853602316473 -2.530212208619786 -1.2147726411976474 -1.0477136189302403 -0.5594565844256776 0.07332453229223557 0.5312345141906682 0.9726188733827934 0.3242135315607335 -0.9149077055449992 -2.403115146714906 -3.1581858714595006 -4.243168118595485 -4.451090498827583 -3.9207682428887805 -3.4880973938508912 -2.9764040216901093
-2.7285196810954853 -2.8466027669787426 -3.2107673982522993 -3.8279242898660666 -4.235356006043412 -4.1893847283331365 -3.880806282526253 -3.6482457011683875 -3.626011226981718 -4.0193210473918555 -4.436367671325598 -4.867235725159163 -5.4441301905430155 -6.134600753799314 -6.738236681380647 -6.911905952730578 -6.467817400731967 -5.742192330991339 -4.409025277393343 -3.071351235784535 -2.1648457138766792 -2.1179730385642412 -1.9521158797663838 -2.780199810286122 -3.1747114941658086 -2.7059847410414286 -2.0819171344777505 -1.4344131902578536 -0.6423851638246063 -0.7920171657835429 -0.2920419624508712 0.07031987361836123 -0.1727570130980638 0.3858090343751561 0.8350055061193533 -0.16314210534166662 -1.8535630752633092 -2.8475041645809047 -3.7705353091950684 -4.287937532836211 -4.038851328772037 -3.7284700877608294 -3.2293962820303195
-2.564465317501952 -2.4803348746334737 -2.79792729646198 -3.4081734731258364 -3.849557832317961 -3.839642458694176 -3.741089654191101 -3.524453763804769 -3.572227836719369 -3.917763584214906 -4.567370789506515 -5.045712450387293 -5.553499766272037 -5.941401201069201 -6.441376404401873 -6.284232755758251 -5.804689231407924 -4.430658819845237 -2.977605885159659 -1.6444388315616627 -0.828073069870034 -0.5008657402851302 -0.596714351981718 -1.837938850159163 -2.7225103637477366 -2.216826308934704 -1.0663425027082605 -0.5252034755435115 -0.5155885677871135 -0.7451444904711053 -0.15923604906562971 0.002114121721416673 -0.4209418195600758 -0.40020967471034297 0.06551241974016264 0.05469564851421538 -1.3944512298953264 -2.4382696531992343 -3.274466162138433 -4.037048533567713 -4.4628086676556915 -4.154230221848808 -3.6806960148462293
-2.3084683984878676 -2.2060095377087565 -2.452992480701218 -2.8904707836173062 -3.362202195415561 -3.5926595157017145 -3.505824880026749 -3.643438247290189 -3.7011276938285738 -3.90334122258031 -4.553549359606693 -5.072153446717386 -5.492204729325003 -5.854566565394236 -5.788163608701615 -5.597668248777989 -4.319185983044504 -2.9325360050515457 -1.7715358934665426 -0.6532019350505536 -0.0564767224191316 0.341941017736592 0.08894875739638142 -1.4881965805202024 -2.384786728804273 -1.7889629137750132 -0.6532019350505536 -0.18747984060004796 -0.29775081393123237 -0.8124488447658877 -0.2577888535687043 0.008724370803939507 -0.26349770504906544 -0.2616949098447412 -0.39239756215827004 -0.45789912124872867 -0.9725971520833845 -1.8289248741375403 -2.818358975444325 -3.817407984507507 -4.386790803206674 -4.412029936067217 -3.950213897892748
-2.0996446206536086 -2.0371477202370247 -2.2715110967992147 -2.600521221588443 -3.0154645844504744 -3.3144281225009604 -3.5545003505435115 -3.6924141836743387 -3.8934258489565248 -4.075207698725916 -4.534019078226511 -5.014464000179 -5.32123965078156 -5.4744772431491455 -5.241015264189118 -4.067395586173843 -2.7889133204403573 -1.8953278308301607 -0.8611243152826504 -0.2929433600530329 0.17788665414305882 0.24218634976396736 -0.3632523730216901 -1.736381386982214 -2.145315432496497 -1.5497920833346241 -0.6670233649503752 -0.12197828150958934 -0.26079351224257863 -0.7538580006253399 -0.2304464596364495 0.08293944004863274 -0.048664609867057784 0.1914076181754929 0.060704965861964055 -0.4569977236465661 -0.8211623549201232 -1.4872951829180403 -2.6464924992987187 -3.5830446079453164 -4.092634719034386 -4.188483330730975 -4.157234880522682
-1.950012618694672 -1.8730933566434915 -2.2225351604150645 -2.633872932868447 -2.9794086803639837 -3.318334178776997 -3.552697555339187 -3.6815974124483914 -3.886515134006614 -4.1854786720571004 -4.513587399244166 -4.899385572969617 -5.102500499323516 -5.011759807372513 -3.9060454153867967 -2.688557720732958 -1.8319295328114147 -1.0528215386758264 -0.6072306573402777 -0.23435251591248552 0.1388260913826942 -0.15623139039175538 -0.797726017263904 -1.676588679372117 -2.0936353033058603 -1.570223762316969 -0.7694822257294867 -0.409223650731966 -0.6249581435161362 -0.4491856110944932 0.07723058856827247 0.1688726781214358 0.11148369745043851 0.40233465708146365 0.42877565341155677 -0.12888899645950058 -0.5330155880955845 -1.2937951643205396 -2.5136865859134776 -3.218579510804372 -3.670780641222444 -3.896430507630399 -3.90334122258031
-1.9295809397123271 -1.7772447449469038 -2.3066656032835433 -2.7871105252360326 -2.7198061709412498 -3.0340934682284946 -3.2528326196865387 -3.380831079193581 -3.7470989715388496 -4.1776665595050275 -4.293045452581797 -4.643388653955533 -4.878953893987273 -4.142512053020699 -2.8174575778421627 -1.689508711669776 -0.9990381484134776 -0.7382337755211941 -0.4470823500227814 -0.221732949482214 -0.08592237742309905 -0.29474615525735803 -0.7881111095075068 -1.8319295328114147 -2.2507789519494823 -1.6288146064575164 -0.7616701131774137 -0.5342174515651337 -0.3857873130757472 0.10547438010268984 0.3653773553928108 0.12200000280899825 0.16797128051927412 0.6601343712998728 0.7734100033049316 0.3906164882533547 -0.020420818332640422 -0.6961685540869551 -1.8866143206759256 -2.7128954559913394 -3.201152490495902 -3.4168869832800715 -3.3018085560706885
-2.035945856767475 -2.022424892735041 -2.4199412352886016 -2.4139319179408534 -2.2195305017411906 -2.4004109539084193 -2.705083343439266 -3.140458385283642 -3.626011226981718 -3.9060454153867967 -3.964636259527344 -4.306566416614231 -4.031039216219964 -3.0653419184367863 -2.0194202340611667 -1.0116577148437496 -0.3728672807780882 -0.16975235442418946 -0.14751788023752077 0.024348595908085358 -0.5750808095298234 -0.6991732127608294 -0.92181842049491 -1.7607191222405953 -2.246872895673446 -1.8974310919018729 -1.0723518200560087 -0.44527955481845716 0.009926234273489598 0.43748916356579226 0.5038921202584126 0.40624071335750056 0.5693936793488712 0.9882430984869393 1.1288611244242528 0.8584418437755721 0.5528680566425628 0.08203804244647106 -0.8641289739565248 -2.004697406559183 -2.587000257556009 -2.6825484033852094 -2.2928441733837217
-2.072302226721353 -2.2147230478629916 -2.631769671796735 -2.349632222319945 -2.0116081215090937 -1.9716461611465665 -2.334909394817961 -3.0536237496086773 -3.6287154197882048 -3.5701245756476574 -3.3456765727092526 -3.572227836719369 -2.842696710702706 -2.0086034628352194 -1.3193347630484706 -0.5555505281496407 -0.07330281099282665 0.0625077610662883 0.058601704790252285 -0.03814830450849804 -0.5321141904934219 -0.6943657588826309 -0.8611243152826504 -1.2246880148214325 -1.6453402291638248 -1.7246632181541046 -1.2294954686996311 -0.45609632604440353 0.0009122582518665823 0.15715450929332686 0.21694721690342345 0.43358310728975624 0.8896902939838647 1.3379853681258993 1.455167056406995 1.2382307001532755 0.9960552110390122 0.6691483473214959 0.19921973072756582 -0.7899139047118311 -1.6152936424250823 -1.9265762810384528 -1.5506934809367867
-2.0632882506997303 -2.1483200911703713 -2.605328675466642 -2.512484722443928 -2.2207323652107402 -2.1492214887725334 -2.324092623592014 -2.735430396045396 -2.561460658828078 -2.078011078201714 -1.6336220603357154 -1.916059975679893 -1.541078573180389 -1.1973456208891768 -0.6396809710181195 -0.22563900575825002 0.05078959223817847 0.011729029477813846 0.03997282101223121 -0.1826723867218485 -0.4969596840090933 -0.7490505467471413 -1.2568378626318868 -1.4413239052077644 -1.4413239052077644 -1.4521406764337117 -1.2568378626318868 -0.6931638954130808 -0.12408154258130111 0.10066692622449125 0.014733688151688185 0.13371817163710809 0.7773160595809676 1.6066018535702558 1.8046088601785675 1.5380956358059237 1.3253658016956278 1.237329302551113 0.925746198070355 0.25089985991820285 -0.2118175758584293 -0.6982718151586669 -1.109309121744662
-2.3397168486961597 -2.530212208619786 -2.7792984126839597 -2.686454459661246 -2.428654745442837 -2.1209776972381156 -2.038950515441349 -1.6279132088553543 -1.3250436145288318 -0.8806545966628327 -0.6580093889287522 -1.1844255885915178 -0.9743999472877087 -0.5486398131997303 -0.13970576768544696 0.13371817163710809 0.08414130351818283 0.055597046116377946 -0.09553728517949622 -0.3758719394519616 -0.9335365893230194 -1.4365164513295658 -1.6786919404438287 -1.471670957813894 -1.3641041772891969 -1.1669985682830473 -0.9834139233093318 -0.8554154638022893 -0.4521902697683675 -0.10455126120111924 0.04688353596214245 -0.012608705780567497 0.38490763677299356 1.3476002758822974 2.0314605900560725 1.8710118168711887 1.566339427340341 1.4161064936466294 1.2355265073467887 0.9678114195045939 0.5342391728645426 -0.4422748961445828 -1.0281833375500575
-2.8174575778421627 -2.878752614789197 -2.9598783989838013 -2.8153543167704504 -2.395303034162833 -1.9277781445080024 -1.2871849152380164 -0.9022881391147273 -0.8085427884898513 -0.36235097541952754 -0.24607068474059535 -0.7881111095075068 -0.7244123456213725 -0.336811376691597 -0.002993798024169436 -0.13850390421589776 -0.1865784429978854 -0.13459784793986085 -0.3320039228133984 -0.7196048917431739 -1.2949970277900893 -1.8457509627112358 -1.6678751692178815 -1.3848363221389288 -1.0801639326080816 -0.8983820828386908 -0.9656864371334737 -0.8896685726844558 -0.6189488261683875 -0.2556855924969925 0.010827631875651278 -0.06338743736904195 0.21394255822955 0.9590979093503593 1.6573805851587302 1.958146918413541 1.7198774855753145 1.4825094503392497 1.271582411433279 1.0702702802837054 0.5216196064342711 -0.5898036370318076 -1.809394592757358
