static/data/ASCData/20210131/ASCU/09.asc
ncols 97
nrows 97
xllcorner 99.0
yllcorner 2.0
cellsize 0.25
NODATA_value -32767
[rows 19 to 37 of 97, columns 43 to 85 of 97]
-4.677732708089117 -4.643411259353366 -4.671904537549084 -5.047821537381229 -5.812607027134483 -6.535947748603057 -7.131716292695346 -7.34282558114544 -7.340882857632096 -7.265440427863886 -6.986335816446738 -6.718563758857432 -6.678737926833872 -6.894380236815103 -7.3182177499764105 -7.6776215999451285 -7.991047660098029 -8.014684129510385 -8.194386054494744 -8.4802901982086 -8.862359155833001 -9.330879309801231 -9.755688184719212 -10.072352117394352 -10.393549071600631 -10.603363211041827 -10.737411133462594 -10.83195701111202 -10.864335736334429 -11.117213580321428 -11.370091424308427 -11.63851105640218 -11.866133494715703 -12.032236355106651 -12.200281939010942 -12.207081471307648 -12.26762968747355 -12.375774629716389 -12.47452974164473 -12.493956976778174 -12.394554290345384 -12.236222324007814 -12.085013677219173
-5.3515339799674075 -5.2362657181756385 -5.365133044560818 -5.733279150339587 -6.204065815073385 -6.8192615942991175 -7.024218924956955 -7.094804545941802 -6.986335816446738 -7.0779676088261505 -7.098689992968491 -7.371966433845606 -7.44708507636159 -7.748854795434424 -8.124124220762122 -8.372145255965759 -8.575159863110251 -8.541809776131172 -8.400314746909253 -8.45892023956181 -8.487413517757528 -9.001911461541576 -9.78806690994162 -10.339800387731435 -10.768494709676105 -11.014573021366397 -11.106528600998033 -11.125955836131478 -11.122070389104788 -11.353578274444999 -11.640453779915525 -11.911139922774847 -12.07918550667914 -12.1983392154976 -12.367032373906339 -12.489100167994813 -12.519536169703876 -12.595626173976532 -12.668802092979172 -12.68369630658148 -12.645489410819039 -12.67171617824919 -12.385812034535334
-5.8906397549204845 -5.294871210828195 -5.128768350437247 -5.244036612229016 -5.717737362232831 -6.57998281490553 -7.011591222120216 -7.065339905989411 -7.047855394369312 -7.262526342593871 -7.545840188289931 -7.989104936584684 -8.282132399847468 -8.469605218885205 -8.675857698551937 -8.79695413088374 -8.924850095512248 -8.985398311678148 -9.011625079108299 -8.754861788094612 -8.331024274933302 -8.710826721792138 -9.52644681014457 -10.263710383458779 -10.913875185924711 -11.224710948059819 -11.327027719762626 -11.393404106468559 -11.372034147821772 -11.541051093482736 -11.836021280258864 -12.052634951996767 -12.230394153467781 -12.368975097419684 -12.53896340483732 -12.673658901762533 -12.731293032658417 -12.77921354598758 -12.866312316835856 -12.883796828455955 -12.76561448139417 -12.655203028385761 -12.40135382264209
-6.705936056020693 -5.8602037532114215 -5.276415337451423 -4.964932000811867 -5.286128955018145 -6.103367979631699 -6.901179769111808 -7.093833184185129 -7.548754273559949 -7.789975776466881 -8.110201368916487 -8.553789904463462 -8.776231746741399 -8.856530985292968 -8.87887230569643 -8.778174470254744 -8.871101411643052 -9.313394798181132 -9.406321739569439 -9.50086761721887 -9.225648452828409 -9.352573055700244 -9.685426350986589 -10.467696352359942 -10.987374892179576 -11.347750103904966 -11.547850625779441 -11.59479977735193 -11.558535605102836 -11.703916081351444 -11.968774053670732 -12.093755933029223 -12.256944708150154 -12.55256246943073 -12.72740758563173 -12.878940019672594 -12.97251453556535 -12.9637722797553 -12.943373682865184 -12.9032240635894 -12.832962229856776 -12.655203028385761 -12.473558379888058
-7.846638545606093 -7.120059951615279 -6.131861257827417 -5.248893421012377 -5.348619894697391 -5.934674821222957 -6.734429334216411 -7.743997986651063 -8.200214225034777 -8.328110189663285 -8.583902118920301 -8.785945364308121 -8.810553195477151 -8.856530985292968 -8.761661320391315 -8.661934846706302 -8.936506436592314 -9.379771184887066 -9.689311798013279 -9.948341599792535 -10.137757142343615 -10.168840718557124 -10.316487705571301 -10.602391849285155 -11.12304175086146 -11.545907902266096 -11.746979785897246 -11.693231102028049 -11.670889781624588 -11.79198621395639 -11.979459032994127 -12.123868147486062 -12.347605138772895 -12.642575325549023 -12.864369593322511 -13.016549601867824 -13.114333352039493 -13.11336199028282 -13.121132884336198 -13.054756497630263 -12.993236919707691 -12.785041716527614 -12.60339706802991
-7.268354513133904 -7.082824417609512 -6.2519863284025465 -5.378732109154229 -5.273501252181406 -5.901324734243879 -7.163123656161081 -8.175606393865749 -8.55670398973348 -8.671972251525249 -8.785945364308121 -8.797925492640413 -8.711798083548809 -8.74611953228456 -8.70791263652212 -8.960790480509118 -9.23536207039513 -9.426720336459557 -9.717805076208997 -9.867070999484291 -10.120920205227964 -10.334943578948074 -10.606277296311845 -10.816415223005265 -11.215644904997545 -11.639482418158853 -11.781301234632995 -11.690317016758032 -11.746979785897246 -11.846706259582259 -12.009571247450966 -12.265686963960205 -12.490071529751486 -12.691467200634857 -12.912937681156121 -13.046014241820215 -13.124046969606216 -13.16095871635976 -13.312491150400625 -13.332889747290741 -13.271370169368167 -13.007807346057774 -12.74812996977407
-4.980473788918623 -4.946152340182872 -4.914097402212688 -5.024508855221097 -5.138481968003969 -6.067427594634827 -7.399488350284653 -8.318396572096564 -8.622109014682742 -8.583902118920301 -8.708883998278793 -8.754861788094612 -8.786916726064794 -8.842608133447333 -9.061488315950804 -9.347716246916884 -9.567244003924802 -9.723633246749028 -9.763782866024814 -9.653371413016405 -9.715862352695652 -10.169812080313797 -10.61307682860855 -10.9608243374972 -11.322170910979263 -11.515471900557035 -11.604513394918653 -11.691288378514704 -11.79198621395639 -11.948051669528391 -12.179559554868602 -12.419809696018863 -12.616024770866648 -12.805764100669954 -12.927831894758429 -13.041805007541301 -13.100410500193858 -13.10850518149946 -13.230572975587934 -13.428730773949065 -13.458842988405904 -13.314433873913968 -13.06155602992697
-4.4588525255856455 -4.329013837443793 -4.3759629890162834 -4.8201990990677075 -5.653303699040241 -6.612361540127937 -7.611245213239194 -8.455034792535121 -8.720540339358859 -8.602357992297073 -8.507812114647646 -8.671000889768576 -8.927764180782264 -9.061488315950804 -9.27421654066202 -9.430605783486246 -9.60447953793057 -9.737232311342439 -9.786124186428275 -9.869013722997636 -9.99593832586947 -10.341743111244778 -10.621171509914152 -10.982518083396215 -11.23831001265323 -11.382719127145165 -11.497987388936934 -11.66797569635457 -11.793928937469735 -12.039035887403356 -12.292885093147026 -12.441503441917876 -12.66297392243914 -12.852389464990221 -12.935602788811806 -12.94143095935184 -12.978342706105384 -13.090696882627135 -13.255828381261413 -13.519391204571805 -13.550798568037541 -13.417074432868999 -13.224421017795677
-3.935612325991548 -3.981266328555142 -4.25000974790112 -4.835740887174463 -6.5165205134696125 -7.574333466485649 -8.113115454186502 -8.389629767585859 -8.54569522315786 -8.663877570219647 -8.748062255797905 -9.011625079108299 -9.258674752555264 -9.268388370121986 -9.213668324496119 -9.191327004092656 -9.24410432620518 -9.421863527676194 -9.736260949585768 -10.054543818522028 -10.189563102699466 -10.468667714116615 -10.76266653913607 -11.104585877484688 -11.320228187465919 -11.451038237364443 -11.541051093482736 -11.597713862621948 -11.775473064092964 -12.0840423154625 -12.362175565122978 -12.678515710545895 -12.842675847423498 -12.918765851696154 -13.001007813761069 -13.08778279735712 -13.151245098793037 -13.267484722341479 -13.55954082384759 -13.776478282837717 -13.852568287110374 -13.862281904677095 -13.719815513698505
-3.236231861187556 -3.3132932272168847 -3.9851517755818304 -5.847576050374683 -7.221729148813638 -7.584047084052372 -8.003999150186992 -8.318396572096564 -8.47251930415522 -8.693342210172037 -8.737377276474511 -8.761661320391315 -9.026195505458382 -9.242161602691837 -9.418949442406179 -9.494068084922162 -9.57404353622151 -9.716833714452324 -9.93053330092021 -10.136785780586942 -10.412976306734073 -10.764609262649415 -10.909989738898023 -11.159953497615005 -11.353578274444999 -11.530366114159342 -11.691288378514704 -11.817241619629868 -12.059434484293472 -12.271515134500238 -12.446360250701236 -12.621205366902235 -12.734207117928435 -12.9032240635894 -13.119190160822855 -13.29694936229387 -13.524248013355166 -13.695207682529475 -13.785220538647767 -13.959094293092093 -14.218771669375798 -14.273491715001665 -14.210029413565747
-3.274438756949996 -3.1219349611524594 -3.7128466964613875 -5.886754307893796 -7.141429910262068 -7.496948313204097 -7.885816803125206 -8.213813289628188 -8.361136489390141 -8.584873480676974 -8.477376112938583 -8.595558460000369 -8.922907371998903 -9.247018411475198 -9.453918465646378 -9.624878134820687 -9.738203673099111 -9.9344187479469 -10.180497059637192 -10.284108980348893 -10.521445036229139 -10.812529775978577 -10.865307098091101 -11.115270856808083 -11.241224097923247 -11.399232277008593 -11.605484756675326 -11.747951147653916 -11.93445260493498 -12.140705084601715 -12.372860544446372 -12.32332109485609 -12.47452974164473 -12.689524477121513 -12.888653637239317 -13.089725520870465 -13.352640769676409 -13.535256779930785 -13.737300025318605 -13.970750634172159 -14.240141628022586 -14.407215850170205 -14.474563598632812
-4.307643878797005 -4.788144161097525 -5.378732109154229 -6.236120753043568 -7.139487186748724 -7.47169290753062 -7.815231182140359 -8.118943624726537 -8.294760102684206 -8.370202532452414 -8.168806861569042 -8.341709254256696 -8.6807145073353 -9.012596440864971 -9.170928407202542 -9.391427525967133 -9.700968139093344 -9.931504662676883 -10.174668889097159 -10.298679406698977 -10.433698690876415 -10.68949062013343 -10.782093774269516 -10.88667705673789 -10.999031233259643 -11.046951746588803 -11.219530352024233 -11.286230525982393 -11.532308837672685 -11.726581189007128 -11.973630862454094 -11.950965754798409 -12.06331993132016 -12.231365515224454 -12.402325184398762 -12.645489410819039 -12.75201541680076 -12.847532656206859 -13.067384200467004 -13.184595185772116 -13.34551745012748 -13.226363741309022 -12.793783972337664
-6.313505906325121 -6.383767740057744 -6.505835534146218 -6.6298460517480375 -6.916073982714115 -7.265440427863886 -7.6776215999451285 -7.981334042531307 -8.04285362045388 -8.044796343967224 -7.837896289796044 -7.947336381047779 -8.228383715978271 -8.704998551252103 -8.889557285019823 -9.229533899855099 -9.54004587473798 -9.72849005553239 -9.922762406866832 -9.961940664385946 -10.042887477441962 -10.20899033783291 -10.261767659945434 -10.373150474710513 -10.443412308443136 -10.491980396276748 -10.549614527172633 -10.664882788964402 -11.10555723924136 -11.275221759406774 -11.476617430290146 -11.346778742148294 -11.437439172771033 -11.4921592183969 -11.662147525814538 -11.604513394918653 -11.618112459512064 -11.566306499156212 -11.51838598582705 -11.448124152094428 -11.250937715489968 -11.028172085959808 -9.846672402594177
-7.283248726736211 -6.975650837123344 -6.69136562967061 -6.762598825159905 -6.990221263473427 -7.163123656161081 -7.575304828242322 -7.797746670520258 -7.85829488668616 -7.830125395742666 -7.72554211327429 -7.7666630943067485 -7.8897022501518945 -8.36825980893907 -8.739319999987856 -9.079944189327577 -9.369086205563672 -9.557530386358081 -9.571129450951492 -9.54393132176467 -9.587966388067144 -9.533246342441275 -9.517380767082296 -9.551702215818047 -9.622935411307342 -9.791952356968308 -9.851529211377537 -10.257882212918744 -10.722516919860286 -10.719602834590269 -10.76655198616276 -10.576165081855006 -10.50104643933902 -10.553823761451545 -10.367969878674929 -10.308393024265701 -9.956112493845911 -9.800694612778358 -9.280368498454276 -9.02133869667502 -8.657078037922942 -8.261733802957352 -7.0857385028795274
-7.21395825476026 -6.962699347034381 -6.805662529705707 -7.026161648470299 -7.11131769580523 -7.212986893003587 -7.391717456231275 -7.614159298509211 -7.699315345844141 -7.675678876431784 -7.751768880704441 -7.826239948715976 -7.885816803125206 -8.11214409242983 -8.546990372166757 -8.971475459832513 -9.26158883782528 -9.439348039296295 -9.44517620983633 -9.410207186596129 -9.448090295106345 -9.234390708638458 -9.073144657030872 -9.097752488199902 -9.238276155665147 -9.408264463082784 -9.5066957877589 -9.991081517086112 -10.129014886533565 -9.939275556730259 -9.822064571425146 -9.56627264216813 -9.457803912673068 -9.138549681980134 -8.953019586455742 -8.52723934978109 -8.130923753058827 -7.605417042699161 -6.868153469384953 -6.401252251677843 -5.4483463683824045 -5.142691202282882 -4.859377356586821
-7.042027223829278 -7.059511735449378 -7.105489525265196 -7.151467315081014 -7.139487186748724 -7.204892211697986 -7.337968772362078 -7.455179757667192 -7.542926103019916 -7.581132998782356 -7.643623938461602 -7.769577179576764 -7.931470805688799 -8.023426385320436 -8.397400661639237 -8.803753663180444 -9.08577235986761 -9.271302455392004 -9.483383105598769 -9.547816768791359 -9.610307708470604 -9.375885737860377 -9.250903858501886 -9.24313296444851 -9.409235824839456 -9.408264463082784 -9.479497658572079 -9.349658970430227 -9.250903858501886 -8.992197843974854 -8.718597615845514 -8.496155773567578 -8.133837838328844 -7.743026624894391 -7.24504183097377 -6.771341080969956 -6.101425256118354 -5.467773603515848 -4.6327262800299716 -3.6532698420521585 -2.3085813835655946 -1.3184399662643873 -1.131938508983323
-7.133659016208691 -7.067282629502756 -7.118117228101935 -7.16700910318777 -7.162152294404409 -7.182550891294525 -7.220757787056965 -7.323074558759771 -7.4169728619047515 -7.45420839591052 -7.514756612076422 -7.529327038426505 -7.668879344135078 -7.881931356098517 -8.199242863278105 -8.478347474695255 -8.778174470254744 -9.062459677707476 -9.279397136697604 -9.403407654299423 -9.473669488032048 -9.400493569029408 -9.375885737860377 -9.25284658201523 -9.123007893873378 -8.963704565779135 -8.722483062872204 -8.461834324831827 -8.179491840892437 -8.027311832347124 -7.784147605926847 -7.371966433845606 -6.830917935379185 -6.247129519619186 -5.685358637010424 -5.026451578734441 -4.3396988167671875 -3.5664948584561076 -2.485369223279937 -1.3770454589169443 -0.07024010894059618 1.5742753451054572 2.9523138905710997
-7.042027223829278 -7.212015531246916 -7.173808635484475 -7.0880050136450965 -7.0692253530161 -7.0692253530161 -7.123945398641968 -7.212015531246916 -7.2576695338105095 -7.2557268102971655 -7.333111963578718 -7.333111963578718 -7.426686479471474 -7.6494521090016345 -7.912043570555356 -8.195357416251417 -8.49712713532425 -8.717626254088842 -8.795982769127068 -8.930678266052281 -8.984426949921478 -8.97277060884141 -8.76748949093135 -8.457948877805137 -8.244249291337251 -8.029254555860469 -7.816202543897031 -7.672764791161768 -7.375851880872295 -7.141429910262068 -6.715649673587416 -6.3105918210551035 -5.703166935882748 -5.009614641618789 -4.214716937408697 -3.423704680225293 -2.7197911938901638 -1.7947310142859947 -0.768649211987916 -0.019405510341417465 0.8839609233637384 1.8145254862557172 3.017718915520362
-6.7557992928632 -6.7891493798422795 -6.88855206627507 -6.9325871325775426 -6.987307178203411 -7.066311267746084 -7.094804545941802 -7.060483097206051 -7.047855394369312 -7.082824417609512 -7.088976375401769 -7.18060816778118 -7.3505964751988175 -7.510547377797508 -7.718742580977585 -7.973563148477929 -8.174635032109077 -8.292817379170863 -8.311597039799858 -8.378944788262466 -8.224498268951583 -8.035082726400503 -7.789004414710209 -7.578218913512339 -7.421829670688113 -7.282277364979539 -7.091890460671785 -6.840631552945906 -6.507778257659563 -6.324190885648514 -5.861175114968094 -5.437337601806786 -4.6991026667359055 -3.9883896481040715 -3.268610586409963 -2.5261664170601694 -1.8494510599118628 -0.9969192248058856 -0.4765931104818044 0.14637356279730707 0.8476967511146434 1.2372128155401994 2.121152014111911
