static/data/ASCData/20210131/ASCU/12.asc
ncols 97
nrows 97
xllcorner 99.0
yllcorner 2.0
cellsize 0.25
NODATA_value -32767
[rows 0 to 18 of 97, columns 43 to 85 of 97]
-0.5255329413294159 -0.6302722460976242 -0.1642115966681379 0.20764219204804313 0.20091313056852123 0.5045986008182428 0.2869280903502345 -0.6525074057690876 -0.7598798215510216 -0.30698472719016534 -0.2121927306960325 -0.9485861108680451 -0.3274644795191448 0.2644003627883569 -0.44068825310935855 -1.4427332777772741 -1.158357288294876 0.9332105602747376 0.4373079860230247 -0.027582391844805265 -0.6165215552481667 -1.1808850158567532 -1.3985555263247615 -1.0764382789789586 -0.8274630042366535 -0.7347189829754184 -0.6838121700433843 -0.17708458384635417 0.7927779728760225 0.721391407615009 0.038830519279170694 -0.28943065376532573 -0.08229258735222089 -0.17591431228469823 -0.9591185549229486 -0.955315172347567 -1.5705854458881876 -1.4386373273114783 -0.43103351272569723 0.11489817078680797 -0.7238939710301011 -1.4933475228188944 -0.931032037443206
-0.8654968299904722 -0.9845719613889661 -0.20049001507947306 0.7547441471222038 0.9431578685488136 0.9314551529322541 1.0748134192351086 0.607289930353553 0.28195443621319605 0.2184672039933604 -0.22009206373721035 -1.161282967199016 -0.6428526653854258 0.34046801429599416 -0.04221078636550413 -0.9494638145392873 -0.9193293218266461 1.1540993175373 1.3571414334846095 0.4890925026263009 -0.6507519984266033 -1.2083863975556683 -0.7657311793593014 -0.45239096872591844 -0.842969102428595 -0.8587677685109503 -0.7238939710301011 -0.29820769047774576 0.39225253089927037 0.8875699693701558 0.010451433909013375 -0.6633324177144049 -0.8157602886200936 -0.813712313387196 -0.9055786309771885 -0.7598798215510216 -0.9953969733342838 -0.6683060718514429 -0.09604327820167846 -0.12325209201017984 -0.8303886831407934 -0.9708212705395085 -0.32834218319038655
-1.0989660065408362 -0.75607643897564 -0.4073355136021637 0.04468187708745042 0.11197249188266856 0.35421870514545173 0.9656855961106912 1.2067615378118184 0.913901079507415 0.4598357135849023 -0.1378804865308787 -0.7894291784828349 -0.7502250811673599 -0.48662141190435504 -0.6779608122351046 -1.0881409945955185 -0.01002831841996521 1.5985099430761514 1.7058823588580854 0.8425145142464014 -0.5325545706993515 -1.477841424626953 -1.0284571449510644 -0.25695561792937305 -0.9436124567310076 -0.8350697693874172 -0.578487729494348 -0.22096976740845253 0.12777115796502336 1.0066451007686492 0.24889426459641584 -0.8350697693874172 -1.2765547160221278 -1.510901596243734 -1.4310305621607147 -0.8420913987573528 -0.05391350198206446 -0.05976485979034418 -0.7873812032499368 -1.2385208902683091 -1.2598783462685303 -0.6144735800152685 0.13245224421164714
-0.8976792979360111 -0.4436139320134984 -0.21804408850431223 -0.6182769625906506 -0.5050531890004364 0.3650437170907699 0.5680858330380785 0.5163013164348023 0.3387126069535107 -0.02553441661190714 0.2702517205966366 0.05638459270400986 -0.08814394516050061 -0.9874976402931059 -1.2423242728436912 -1.0530328477458397 0.09646639369072663 1.9206271904219543 1.8650392912432956 0.9185821657540387 -0.4953984486167746 -1.3646176510367387 -0.9444901604022493 -0.1536791526132344 -0.7063398976052615 -0.6846898737146261 -0.43864027787646087 -0.4640936843424779 -0.283579295957046 0.3094558179121112 0.11782384969094828 -0.6808864911392445 -1.1683045965689516 -1.4055771556946972 -1.245249951747831 -1.072634896403577 -0.5931161240150473 -0.7200905884547191 -1.4465366603526562 -1.877196595042049 -1.5919429018884088 -0.5939938276862895 0.15497997177352474
-0.6065742469740911 -0.15836023885985817 -0.22682112521673226 -0.6173992589194084 -0.6036485680699513 0.45866544202324633 0.43818568969426686 -0.39095171173898047 -0.5539120266995727 -0.12032641310603953 0.21056787095218255 -0.10657572225658196 -0.041333082694262835 -0.4945207449455329 -0.2083893481206509 0.00372237242949236 -0.06473851392738172 1.3580191371558517 1.411851628992025 0.7605955049304836 -0.6048188396316072 -1.1065727716915998 -0.9102597172238127 -0.24144951973743112 -0.2815313207241483 -0.3772010208895229 -0.7072176012765037 -0.7569541426468818 -0.9749172210053043 -0.6975628608928419 -0.7569541426468818 -0.8850988786482095 -1.3458933060502436 -0.9523894934434272 -0.6018931607274673 -0.9368833952514857 -1.101891685444976 -1.3391642445707217 -1.7522701058352754 -2.1419705358667103 -1.5422063605180307 -0.6223729130564464 0.11489817078680797
-0.5392836321788734 -0.24817858121695302 -0.3166394675738271 -0.44156595678060073 -0.6036485680699513 0.14122928092406717 -0.0852182662563612 -0.8897799648948332 -0.6536776773307436 -0.2189217921755544 -0.3312678620945264 -1.010025367854983 -0.8675448052233699 0.4715384292014617 0.7576698260263441 0.8533395261917187 0.5359033650925396 0.7477225177522682 0.7380677773686068 0.31706258306287527 0.7916077013143665 0.28868349769271795 -0.9093820135525705 -0.7376446618795582 -0.5179261761786522 -0.31751717124506884 -0.6487040231937056 -1.0539105514170815 -1.296156764679865 -1.3020081224881448 -1.3391642445707217 -1.444488685119758 -1.4845704861064748 -1.0890186982667602 -0.5062234605620923 -0.9035306557442908 -1.2619263215014285 -1.6955119350949612 -2.109495500030757 -1.906453384083448 -1.3450156023790014 -0.46701936324661775 0.021276445854331527
-0.6232506167276886 -0.43191121639693897 0.07774204870423151 0.062235950512289584 -0.426937562259901 -0.05771688455744606 -0.6182769625906506 -1.2941087894469674 -1.0401598605676239 -0.3312678620945264 -0.5901904451109075 -1.2317918287887872 -1.4515103144896937 0.2936571518297564 1.21934195709962 1.360944816059991 1.087686406413325 0.6590744469568293 0.3767464327073293 1.0701323329884849 1.6324478183641737 1.1813081313458014 -0.34384828138232804 -1.4123062171742191 -0.9962746770055255 -0.5814134083984879 -0.6077445185357471 -1.014999021992021 -1.2259404709805075 -1.2648520004055683 -1.1741559543772313 -1.4807671035310928 -1.5062205099971098 -1.4123062171742191 -0.9085043098813284 -1.3733946877491587 -1.6124226542173883 -1.9632115548237623 -1.824534374767531 -1.5764368036964673 -1.2130674838022921 -0.26778062987469076 -0.11447505529775981
-0.7376446618795582 -1.0509848725129416 -0.5071011642333345 0.25650102974717903 0.25854900498007716 0.37586872903608715 -1.071464624841921 -1.8742709161379092 -2.0735096495098366 -1.3722244161875028 -0.48252546143855923 -0.48252546143855923 -0.8868542859906934 -0.02465671294066496 0.9791437190697341 1.2284115617024538 1.2360183268532179 0.5075242797223822 0.2605969802129753 1.3700144206628249 1.9235528693260937 1.4060002711837454 -0.05479120565330575 -1.5530313724633484 -1.0120733430878812 -0.7873812032499368 -0.7970359436335985 -0.8587677685109503 -0.8909502364564892 -0.8283407079078953 -0.4444916356847406 -0.9073340383196724 -1.1056950680203577 -1.0392821568963821 -1.3116628628718066 -1.9857392823856395 -2.0384015026601574 -1.9953940227693012 -1.854668867480172 -1.561808409175768 -1.1750336580484735 -0.3245388006150045 -0.6457783442895657
-0.7092655765094014 -1.181762719527995 -0.5743917790285522 0.35714438404959203 0.4890925026263009 0.23134019117157578 -1.1408032148700364 -2.051859625619201 -2.524649336528209 -2.485737807103148 -1.880999977617431 -0.6624547140431631 0.5484837843803412 0.9753403364943525 1.0241991741934884 0.7957036517801628 0.5897358569287139 0.2371915489798555 0.7234393828479071 1.5241976989109975 1.8629913160103975 1.2088095130447165 -0.11652303053065793 -0.7786041665375172 -1.0989660065408362 -0.9611665301558467 -0.9678955916353686 -0.9044083594155325 -0.6086222222069888 -0.3262942079574884 -0.3157617639025849 -0.808738659250158 -1.0012483311425635 -1.3137108381047047 -2.060929230222035 -2.348816034389401 -2.2853288021695652 -2.0676582917015565 -1.6996078855607575 -1.3839271318040622 -1.1408032148700364 -0.5998451854945692 -0.9485861108680451
-0.9620442338270889 -0.9427347530597654 -0.3616949226975814 0.08564138174540936 -0.3099104060943052 -1.390948761173998 -1.20926410122691 -1.6135929257790442 -2.0471785393725774 -2.3128301838684804 -2.3350653435399433 -1.969062912632042 -0.2707063087788306 0.622796028545495 0.7927779728760225 0.6491271386827542 0.6666812121075933 1.0291728283305268 1.2330926479490776 1.411851628992025 1.1745790698662795 0.49084790996878525 -0.32336852905334856 -0.7355966866466606 -1.0518625761841838 -1.3821717244615783 -1.6027679138337265 -1.4620427585445976 -0.9123076924567104 -0.4377625742052187 -0.9962746770055255 -1.4014812052289014 -1.7794789196437764 -2.199606410278266 -2.531378398007731 -2.290302456306603 -2.2405659149362247 -1.6750321827659822 -1.0705869211706789 -0.6808864911392445 -0.6212026414947904 -0.975794924676546 -1.0003706274713213
-1.0255314660469246 -0.3204428501492087 0.18423676081492335 0.27522537473367503 -0.1905427068053971 -1.9368804446865031 -1.797032993068616 -1.6662551460535626 -1.909379062987588 -2.1595246092915494 -1.824534374767531 -1.499198880627174 -0.8321440904832773 -0.21804408850431223 -0.01002831841996521 -0.02465671294066496 0.10319545517024853 0.8082840710679644 0.6854055570940885 0.6031939798877577 0.2251962654728823 -0.3529178859851618 -0.839165719853213 -1.0852153156913786 -1.0296274165127204 -1.1858586699937912 -1.5158752503807715 -1.7481741553694796 -1.5755591000252256 -2.2443692975116063 -2.6437244679267025 -2.8508625343398073 -2.8458888802027698 -2.905572729847224 -2.724765773571378 -2.416399217075033 -2.110665771592413 -1.2610486178301863 -0.5831688157409718 -0.17503660861345605 -0.12617777091431925 -1.1065727716915998 -0.47199301738365573
-0.7493473774961181 0.010451433909013375 0.6871609644365728 0.8600685876712406 0.4001518639404482 -1.445658956681414 -1.641972011149201 -1.7589991673147973 -2.13904485696257 -2.3897755390473594 -1.8704675335625276 -1.4465366603526562 -1.1056950680203577 -0.7151169343176811 -0.6077445185357471 -0.5597633845078525 -0.32161312171086465 -0.15163117738033627 -0.1370027828596374 0.11899412125260422 -0.16918525080517632 -0.5509863477954329 -0.9251806796349258 -1.21218978013105 -1.2598783462685303 -1.3529149354201793 -1.5255299907644333 -1.8028843508768957 -2.65747515877616 -3.4298543894690936 -3.563850483278701 -3.538397076812684 -3.4953895969218274 -3.2259345698505424 -2.872219990340029 -2.4708168446920347 -1.8722229409050115 -1.0822896367872388 -0.44068825310935855 -0.08317029102346307 -0.29323403634070777 -1.0872632909242763 -0.3224908253821068
-0.6320276534401081 -0.47959978253441937 0.3161848793916331 1.0973411467969862 0.7731759242182852 -1.0697092174994371 -1.4866184613393725 -1.6252956413956037 -2.0372312310985015 -2.236469964470429 -2.0032933558104786 -1.6574781093411426 -1.0539105514170815 -1.2376431865970674 -1.125297116678095 -1.1419734864316924 -1.0755605753077169 -1.1712302754730914 -0.8880245575523493 -0.7200905884547191 -1.0735126000748187 -1.499198880627174 -1.4974434732846902 -1.7121883048485587 -1.543084064189273 -1.6094969753132484 -1.9661372337279022 -2.8362341398191084 -3.5149916455795647 -3.8382791644870236 -3.94360360503606 -3.948577259173098 -3.796149388267409 -3.497437572154725 -3.0831614393285154 -2.7042860212423987 -2.051859625619201 -1.3997257978864175 -0.7414480444549403 -0.6291019745359683 -1.03840445322514 -1.09487005607504 -0.028460095516046557
-0.6633324177144049 -0.544257286315911 0.1687306626229823 0.5572608210927612 0.663755533203453 -0.7677791545921995 -1.3292169362966462 -1.5100238925724918 -1.619444283587324 -1.9591156043579665 -1.7054592433690372 -1.3379939730090658 -0.8488204602368747 -1.1516282268153542 -1.2317918287887872 -1.4649684374487375 -2.308734233402684 -1.9485831603030626 -1.6369983570121636 -1.7481741553694796 -2.7706989323663747 -3.139041906397588 -3.038398552095175 -3.124413511876888 -3.0343026016293795 -3.2317859276588226 -3.9055697792822412 -4.205451866956581 -4.197552533915403 -4.309898603834375 -4.385966255342013 -4.362560824108893 -4.091935525475953 -3.6729783064031194 -3.330381306728337 -2.9532612959847038 -2.200484113949508 -1.5501056935592086 -1.04718148993756 -1.0401598605676239 -1.3956298474206217 -1.0773159826502008 -0.21804408850431223
-0.5501086441241911 -0.4114314640679595 -0.19844203984657494 -0.12705547458556143 -0.0784892047768393 -0.7669014509209573 -1.4006035015576597 -1.1604052635277737 -1.0547882550883236 -1.5226043118602934 -1.3663730583792226 -0.9661401842928847 -0.9904233191972458 -1.1495802515824565 -1.4503400429280378 -1.8145870664934551 -2.9708153694095434 -2.6232447155977234 -2.4289796363628344 -3.597788358566724 -4.658346961317437 -4.9953851710743535 -4.969054060937094 -4.972857443512477 -5.05594672439005 -5.268936148611434 -5.062675785869572 -5.115338006144089 -4.923120902142098 -4.972857443512477 -4.988656109594832 -4.92984996362162 -4.596030000659257 -4.350858108492334 -4.002117183118858 -3.6349444806493008 -2.9377551977927627 -2.411425562937995 -2.114469154167795 -2.0384015026601574 -2.221841569949729 -2.0158737750982803 -1.6838092194784018
-0.7982062151952545 -0.636123603905904 -0.5901904451109075 -0.600722889165811 -0.5764397542614499 -1.2297438535558896 -1.474915745722813 -1.1779593369526133 -1.0003706274713213 -1.590187494545925 -1.56853747065529 -1.2598783462685303 -1.2903054068715853 -1.9006020262751684 -2.251098358991128 -2.6788326147763817 -3.456185499606353 -3.360515799440978 -4.004165158351756 -5.175021855788543 -5.883036150590399 -6.1419587336067805 -6.373379934924246 -6.39854077349985 -6.423994179965867 -6.299067690759093 -6.060917427962105 -5.956178123193896 -5.777711710041363 -5.811649585329386 -5.945645679138993 -5.920192272672976 -6.428967834102904 -6.247283174155816 -6.188769596073018 -6.000355874646409 -5.513815472887944 -5.498309374696002 -5.2034009411587006 -5.1094866483358095 -5.166244819076124 -5.337104467077894 -5.5860797418202
-1.3517446638585233 -1.1846883984321352 -1.0901889698284162 -0.9649699127312288 -1.0547882550883236 -1.5676597669840477 -1.7990809683015136 -1.6478233689574813 -1.4515103144896937 -2.2952761104436408 -2.4231282785545543 -1.9836913071527413 -2.2531463342240263 -2.9134720628884017 -3.7268107982392933 -4.4553048453701285 -4.634063826413076 -4.8625593488264025 -5.5100120903125624 -6.048044440783889 -6.516738201227101 -6.737626958489663 -7.042190132410627 -7.105677364630463 -7.153658498658357 -7.049211761780563 -7.185840966603896 -7.1712125720831965 -7.215097755645296 -7.2364552116455165 -7.532533916744474 -7.988647257899885 -8.657457455386265 -9.234693903173067 -9.570561841368328 -9.792328302302131 -9.956166320933967 -10.086066464277778 -10.23644635995057 -10.225913915895665 -10.179980757100669 -10.241420014087607 -10.18290643600481
-2.4231282785545543 -1.8751486198091514 -1.597794259696689 -1.6223699624914638 -1.6887828736154398 -1.880122273946189 -2.169179349675211 -2.164205695538173 -2.3625667252388585 -3.012067441957916 -3.3195562947830197 -3.821602794733426 -4.24056001380626 -4.460278499507166 -4.890938434196559 -5.316624714748914 -5.49743167102476 -5.9327726919607775 -6.33622381284167 -6.697545157502947 -6.9886502084648665 -7.2619086181115335 -7.510883892853839 -7.680865837184367 -7.853773460419035 -8.155410955435858 -8.503274177138092 -8.906432730128572 -9.312809529913602 -9.455290092545216 -9.708361317753317 -10.111519870743795 -10.532525065049526 -10.98659043097204 -11.357566516016979 -11.617366802704602 -11.923100248187222 -12.159495103641724 -12.380091293013873 -12.477808968412145 -12.474005585836764 -12.471079906932623 -12.017892244681352
-3.9602799747896573 -2.9014767793814276 -2.4398046483081517 -2.5384000273776666 -2.8099030296818492 -3.534301126346888 -4.559751582247923 -5.382159922201648 -5.640789937327615 -5.729730576013468 -5.5032830288330405 -5.358754490968529 -5.214225953104018 -5.167122522747365 -5.3529031331602495 -5.7589873650548675 -6.045996465550991 -6.411413760678065 -6.661266739091612 -6.900587273450256 -7.191692324412176 -7.515857546990876 -7.878056595323397 -8.290284752916708 -8.654531776482125 -9.066759934075439 -9.495371893531932 -9.90057842175531 -10.344111343622917 -10.639019777160218 -10.81660848664151 -11.055929021000154 -11.318654986591918 -11.596009346704381 -11.9289516059955 -12.139893054983988 -12.375117638876834 -12.486586005124565 -12.572600964906279 -12.604783432851818 -12.530471188686665 -12.465228549124344 -12.253116828574202
