static/data/ASCData/20210131/ASCU/15.asc
ncols 97
nrows 97
xllcorner 99.0
yllcorner 2.0
cellsize 0.25
NODATA_value -32767
[rows 38 to 56 of 97, columns 43 to 85 of 97]
-5.415744149504636 -5.567368736544753 -5.668923264058563 -5.57698671408088 -5.371897487207588 -5.195096429558197 -5.183498280176397 -5.241206145393158 -5.406974817045226 -5.756616588652661 -5.985184995981793 -6.283908062986203 -6.479379312323369 -6.595643687833608 -6.684468539196661 -6.594512161064651 -6.479379312323369 -6.383765300346578 -6.315307930824734 -6.2694810966820125 -6.23525241192109 -6.153216721171773 -5.9325690012253345 -5.815173098946139 -5.664962920367217 -5.480241175335134 -5.340780501061294 -5.102311234503797 -4.677705814453021 -4.279125510088235 -3.800772568512045 -3.437269593984898 -3.097528681605829 -2.8446324487441412 -2.5292193618976286 -2.160907398602419 -1.7176317868638673 -1.1589404446917935 -0.9247144035178811 -0.6327804971272077 -1.3679900152564328 -1.3699701871021057 -0.3524447401183344
-5.09269325696767 -5.234134103087182 -5.250824122929285 -5.266382616002431 -5.145309251724129 -5.11023192188649 -5.093541902044387 -5.169919958948924 -5.337668802446665 -5.520410375633075 -5.7059807657418755 -5.859302642935427 -5.882781823391266 -5.95972564368028 -5.944167150607134 -5.8728809641629 -5.760576932344007 -5.655062061138851 -5.604426238228066 -5.558316522393104 -5.538797685628612 -5.401317183200446 -5.274303303385124 -5.19424778448148 -5.0711942483575045 -4.987178385762514 -4.861296032716148 -4.6248069380043235 -4.267527360706436 -3.805581557280108 -3.291868404174039 -2.890459282886863 -2.542797683125102 -2.289901450263414 -2.0282358849423163 -1.6805742851805547 -1.5145227318362475 -1.15413145592373 -1.2401274903643937 -1.2703958314339694 -1.520463247373267 -2.2723627853445945 -1.4978327119941448
-4.738242496592172 -4.864973494715255 -4.8581843341015185 -4.897222007630504 -4.839797024105982 -4.83470515364568 -4.893544545631396 -4.970488365920412 -5.109100395117533 -5.264402444156758 -5.330030996756212 -5.364259681517134 -5.353510177212051 -5.351530005366378 -5.300611300763353 -5.244034962315548 -5.131730930496656 -5.007545867603723 -4.955778517923982 -4.870065365175558 -4.821126832418207 -4.745031657205909 -4.862144677792865 -4.7605901502790555 -4.61716913231387 -4.531173097873206 -4.34164236407306 -4.117034300435274 -3.8944064086431616 -3.5017666198153954 -3.0536820193087806 -2.646332382484585 -2.324978780101053 -2.0321962286336626 -1.7702477816203257 -1.5710990702840526 -1.3982583563260085 -1.4344672129326037 -1.839836677911126 -1.93431916311896 -1.7204606037862575 -2.1696767310618283 -1.612116915658711
-4.379831392525328 -4.503733573726021 -4.511654261108713 -4.539942430332616 -4.496944413112284 -4.61716913231387 -4.675725642607348 -4.800759350576997 -4.940220024850836 -4.960870388384285 -5.007545867603723 -4.968508194074738 -4.902313878090807 -4.868933838406601 -4.743051485360236 -4.684494975066758 -4.5340019147955966 -4.408968206825947 -4.339662192227387 -4.225377988562821 -4.211799667335347 -4.232167149176557 -4.394258358829518 -4.334853203459323 -4.192280830570855 -3.942213414631557 -3.74985386390902 -3.527225972116908 -3.308558424016142 -3.189182349891273 -2.9988029710144097 -2.6296423626424827 -2.451144014839658 -2.1589272267567456 -1.9080111657407306 -1.7097110994811744 -1.5614810927479255 -1.6845346288719014 -2.1150805644596966 -2.0039080594097602 -1.6726535977978623 -2.0780230627763845 -1.5057533993768377
-4.021420288458484 -4.182379971342489 -4.218588827949084 -4.23414732102223 -4.2624354902461326 -4.4050078631346015 -4.510522734339758 -4.635556442309406 -4.759741505202338 -4.752669462896362 -4.743051485360236 -4.697224651217514 -4.595670123703703 -4.49213542434422 -4.373890876988309 -4.185491669957118 -4.034998609685957 -3.911945073561981 -3.8474480477314836 -3.7557943794460398 -3.7976608698974155 -3.8132193629705617 -3.8485795745004396 -3.804450030511152 -3.7108161903800347 -3.45990012936402 -3.1082781859109123 -2.8709404461223706 -2.7311968901562924 -2.898379970269556 -2.9402464607209318 -2.838691933207122 -2.6881988729359607 -2.5125293420555264 -2.2616132810395118 -1.966567676034209 -1.7937269620761649 -1.8788743514401114 -2.127810240610453 -1.9558181717291259 -1.3552603391056768 -2.0409655610930724 -1.839836677911126
-3.6884685366931516 -3.895255053719879 -4.03697878153163 -4.036130136454913 -4.104304624284518 -4.203878979952655 -4.316183011771548 -4.44602570850926 -4.572190943247865 -4.605288101239831 -4.53315326971888 -4.477425576347792 -4.439236547895523 -4.307413679312138 -4.098364108747498 -3.8796965606467326 -3.6961063423836054 -3.5809734936423223 -3.587762654256059 -3.5535339694951373 -3.5495736258037907 -3.4217111009117516 -3.357214075081254 -3.207003896502332 -3.130625839597795 -2.993993982246346 -2.648312554330258 -2.4384143386889017 -2.3425174450198725 -2.806443420291873 -3.0358604726977223 -3.0859305322240296 -3.0867791773007465 -2.932608655030478 -2.696119560318653 -2.385515462240204 -2.2389827456603895 -2.2488836048887553 -2.657081886789668 -3.0027633147057564 -2.228516123047546 -1.839836677911126 -2.199096427054687
-3.4344407770625076 -3.622839984093698 -3.9139252454076545 -3.9147738904843714 -4.026229277226547 -4.095535291825108 -4.206990678567284 -4.330044214691259 -4.400198874366538 -4.448005880354933 -4.429618570359397 -4.415757367439684 -4.375871048833981 -4.188320486879508 -3.943344941400513 -3.663857829468357 -3.4921486422792687 -3.505726963506742 -3.54391599195901 -3.565415000569176 -3.395403103533522 -3.084799005455073 -2.8251136119796487 -2.702060075855673 -2.718750095697775 -2.634734233102785 -2.506588826518507 -2.3631678085533214 -2.450012488070702 -2.9891849934782826 -3.333734894625415 -3.6375498320901274 -3.6395300039358007 -3.614070651634288 -3.37871308369142 -3.153256374976917 -3.1062980140652394 -3.487056771818966 -4.272336349474498 -5.009526039449397 -4.570210771402191 -3.597380631792186 -2.376746129780795
-3.336846593240044 -3.4335921319857907 -3.7869113655923323 -3.8358498983496836 -4.028209449072221 -4.021420288458484 -4.053668801373733 -4.143342297813503 -4.236127492867904 -4.326083870999914 -4.360312555760835 -4.429618570359397 -4.285914670701972 -4.095535291825108 -3.853388563268503 -3.577013149950976 -3.4813991379741855 -3.596531986715469 -3.7167567059170543 -3.6746073337734395 -3.2429298714166883 -2.7722147355309508 -2.4754718403722142 -2.547606671893165 -2.637563050025175 -2.6403918669475654 -2.637563050025175 -2.747038264921678 -2.999934497783366 -3.5710726344139565 -3.9501341020142497 -4.208970850412957 -4.274316521320172 -4.393409713752801 -4.3532405134548595 -4.293835358084665 -4.718723659827679 -5.455913349802578 -6.359154593121783 -6.603281493524062 -7.075128156178755 -6.500878320933534 -4.759741505202338
-3.3153475846298783 -3.3727725681544003 -3.725526038376464 -3.8103905460481715 -3.978422271238152 -4.018308589843855 -4.038958953377303 -4.091574948133762 -4.181531326265771 -4.293835358084665 -4.343622535918733 -4.383791736216675 -4.25168598594105 -4.028209449072221 -3.76739252882784 -3.597380631792186 -3.631609316553108 -3.771352872519186 -3.827080565890274 -3.6120904797886153 -2.9705148017905074 -2.622004556952029 -2.584947055268717 -2.8123839358288922 -2.955804953794078 -3.160045535590654 -3.3934229316878493 -3.6248201559393713 -3.883656904338079 -4.230469859023123 -4.5212722386448405 -4.835836680414635 -4.99113872945386 -5.158038927874885 -5.386607335204017 -5.7195590869693484 -6.457031658636486 -7.079088499870101 -7.962810906424814 -7.8592762070653315 -8.307360807571946 -8.464643028456845 -7.8787950438298235
-3.3289259058573517 -3.4217111009117516 -3.644338992703864 -3.8318895546583374 -3.9110964284852643 -3.9880402487742788 -4.033018437840284 -4.075167809983898 -4.136553137199767 -4.235278847791187 -4.31816318361722 -4.285914670701972 -4.132592793508421 -3.956923262627986 -3.757774551291713 -3.749005218832303 -3.829060737735947 -3.9374044258634937 -3.921845932790347 -3.4335921319857907 -2.773346262299907 -2.638411695101892 -3.0859305322240296 -3.404172435992932 -3.7557943794460398 -4.03414996460924 -4.32127488223185 -4.494115596189894 -4.661015794610918 -4.886472503325421 -5.140500262956065 -5.476563713336026 -5.723519430660695 -6.090699867186949 -6.433552478180647 -7.041748116494549 -7.809489029231263 -8.26549431712057 -8.883590814662838 -9.015413683246225 -9.155157239212304 -9.050773894776103 -8.194208130676337
-3.2576397194131173 -3.5535339694951373 -3.5818221387190396 -3.809541900971454 -3.8983667523345082 -4.02538063214983 -4.059326435218513 -4.115054128589601 -4.199069991184591 -4.189452013648465 -4.212648312412065 -4.172761993806362 -4.086765959365699 -3.9685214120097863 -3.964843950010679 -3.9696529387787423 -4.100344280593172 -4.197089819338919 -3.7772933880562056 -3.162874352513044 -2.794845270910073 -3.036991999466678 -3.5467448088814004 -4.085917314288982 -4.488175080652875 -4.815186316881187 -5.044886250979275 -5.127770586805309 -5.235265629856139 -5.410935160736573 -5.751807599884597 -6.137658228098627 -6.6191228682894465 -7.032978784035141 -7.5418829483731455 -8.136500265459574 -8.585716392735147 -9.062372044157904 -9.352325778702903 -9.69602703477332 -9.856420954272846 -9.870847920577035 -9.13563840244781
-3.0573594813078877 -3.5623033019545467 -3.5555141413408102 -3.7772933880562056 -3.84263905896342 -3.9880402487742788 -4.085917314288982 -4.14136212596783 -4.142493652736786 -4.112225311667211 -4.111093784898254 -4.078845271983006 -4.078845271983006 -4.073187638138226 -4.108264967975864 -4.246876997172986 -4.373890876988309 -4.113073956743928 -3.6395300039358007 -3.2480217418769906 -3.1815445442008197 -3.5818221387190396 -4.192280830570855 -4.716743487982006 -5.12183007126829 -5.442335028575105 -5.433565696115695 -5.5116410431736655 -5.624793720069276 -5.935397818147725 -6.355194249430437 -6.832981427622149 -7.319255056581033 -7.745840648477483 -8.25389616773877 -8.704809585167776 -9.102541244455844 -9.453880306216714 -9.664910048627025 -10.112146004056923 -10.241140055717919 -10.455847260127339 -10.756833380669661
-2.985224649786937 -3.5252458002712346 -3.502898146584352 -3.7439133483720006 -3.805581557280108 -3.9255233947894546 -4.024249105380874 -4.083937142443308 -4.084785787520025 -4.026229277226547 -4.047728285836713 -4.024249105380874 -4.153243157041869 -4.203878979952655 -4.360312555760835 -4.496095768035567 -4.388600724984737 -4.12693515966364 -3.8123707178938444 -3.5905914711784495 -3.85140839142283 -4.310525377926767 -4.860164505947192 -5.192267612635807 -5.593676733922983 -5.677692596517973 -5.66977190913528 -5.791976800182539 -5.942186978761461 -6.400172438496442 -6.885597422378608 -7.3865808993339215 -7.9206615342812 -8.348378652946604 -8.713861799319425 -9.16194639982604 -9.366186981622615 -9.662081231704635 -9.751754728144405 -10.022189625924913 -9.99701315531564 -9.900267616569895 -10.155144021277255
-2.747038264921678 -3.487056771818966 -3.4440587545986343 -3.677719032388069 -3.780122204978596 -3.875736216955386 -3.9490025752452933 -4.008690612307728 -4.013499601075791 -3.9521142738599226 -4.023400460304157 -4.04574811399104 -4.240936481635967 -4.423678054822377 -4.577848577092645 -4.590578253243401 -4.483366091884811 -4.399350229289821 -4.12976397658603 -4.259606673323742 -4.647437473383445 -5.067233904666158 -5.377838002744607 -5.660153931599154 -5.784056112799846 -5.868920620471554 -5.968494976139691 -6.100317844723076 -6.34274745497192 -6.775273562405388 -7.288986715511458 -7.778089161392732 -8.31528149495464 -8.633523398723542 -9.000703835249794 -9.287828752872406 -9.473399142981204 -9.585703174800098 -9.520357503892884 -9.429552480684157 -8.74695895731139 -8.397317185703956 -6.915017118371467
-2.451144014839658 -3.4316119601401174 -3.4169021121436884 -3.560323130108874 -3.704875674843015 -3.821140050353254 -3.8828082592613615 -3.924674749712737 -3.931463910326474 -3.9110964284852643 -3.9753105726235227 -4.121843289203338 -4.33287303161365 -4.544751419100679 -4.737110969823216 -4.732301981055153 -4.661864439687635 -4.595670123703703 -4.782937803965938 -5.037814208673299 -5.392547850741036 -5.665811565443934 -5.864960276780208 -6.022242497665105 -6.116159219488461 -6.24119292745811 -6.3766932580406035 -6.5515141438443205 -6.843730931927233 -7.121803635398194 -7.589689954361541 -8.020235889949337 -8.2918023144988 -8.617116260573678 -8.87199266528104 -9.143276208138264 -9.191366095818898 -9.189385923973225 -8.969586849103504 -8.386567681398873 -7.4060997360984135 -6.149256377480427 -4.899202179476177
-2.3504381324025654 -3.308558424016142 -3.3396754101624344 -3.486208126742249 -3.614070651634288 -3.75862319636843 -3.8768677437243424 -3.920714406021391 -3.907984729870635 -3.9099649017163083 -3.9238261046360203 -4.12693515966364 -4.355220685300533 -4.675725642607348 -4.8904328470167675 -4.985198213916841 -4.946160540387855 -5.044886250979275 -5.351530005366378 -5.692119562822163 -5.895511499542022 -6.056471182426027 -6.166795042399246 -6.313327758979062 -6.35717442127611 -6.505687309701598 -6.73425571703073 -6.915865763448184 -7.2372193658317165 -7.422789755940516 -7.690395836798634 -7.931411038586282 -8.237206147896668 -8.455025050920717 -8.634654925492498 -8.709901455628078 -8.713861799319425 -8.39646854062724 -8.106231924389999 -7.256738202596209 -6.521245802774745 -5.209806277554627 -3.9951122910802543
-2.4715114966808676 -3.291868404174039 -3.2802702547922395 -3.412093123375625 -3.5925716430241224 -3.7402358863728935 -3.861309250651196 -3.899215397411225 -3.8669668844959766 -3.8338697265040107 -3.8347183715807276 -4.05734626337284 -4.33570184853604 -4.743900130436953 -4.9939675463762505 -5.144460606647412 -5.280243818922143 -5.516450031941729 -5.879670124776637 -6.1336978844072805 -6.251942431763193 -6.388574289114642 -6.371035624195823 -6.384613945423295 -6.416862458338544 -6.521245802774745 -6.710776536574891 -6.93142425652133 -7.235239193986043 -7.5418829483731455 -7.6912444818753505 -7.746972175246438 -7.823067350458736 -7.909912029976116 -7.956021745811078 -7.96677125011616 -7.865216722602351 -7.505674091766551 -7.191392531688994 -6.246850561302891 -5.48420151902648 -4.63753661415508 -3.6853568380785227
-2.6160640414150094 -3.2723495674095466 -3.273198212486264 -3.3855022443051563 -3.6590488407002932 -3.8465994026547667 -3.920714406021391 -3.9031757411025714 -3.8358498983496836 -3.73825571452722 -3.7419331765263273 -3.9832312600062156 -4.322123527308567 -4.79679900688565 -5.155210110952495 -5.319281492451129 -5.4726033696446805 -5.76255710418968 -6.163966225476856 -6.391403106037032 -6.499746794164579 -6.45307131494514 -6.410921942801525 -6.386594117268968 -6.4120534695704805 -6.430440779566018 -6.529166490157437 -6.739064705798794 -6.926615267753267 -7.161972835696135 -7.077956973101145 -7.064378651873672 -7.0301499671127505 -7.067207468796062 -7.042879643263506 -6.921806278985203 -6.633549834593637 -6.23808122884348 -5.5956569057686565 -5.048563712978382 -4.158052145809933 -3.6717785168510493 -3.689317181769869
-3.1393951720572053 -3.291868404174039 -3.3739040949233563 -3.5594744850321565 -3.74985386390902 -3.9178855890990008 -3.930615265249757 -3.8777163888010593 -3.7557943794460398 -3.6522596800865568 -3.6912973536155422 -3.9051559129482447 -4.302604690544074 -4.779260341966831 -5.167939787103251 -5.433565696115695 -5.640352213142422 -5.96283734229491 -6.313327758979062 -6.43553265002632 -6.5252061464660915 -6.418842630184217 -6.44995961633051 -6.354345604353719 -6.34557627189431 -6.3730157960414955 -6.378673429886276 -6.482208129245759 -6.425631790797954 -6.53991599446252 -6.304558426519652 -6.19508321162315 -6.036952345661534 -5.812344282023749 -5.686461928977383 -5.425645008733002 -5.09552207389006 -4.700053468139904 -3.7948320529750252 -2.990033638555 -2.5467580268164483 -3.1541050200536342 -4.846586184719719
