static/data/ASCData/20210116/ASCV/03.asc
ncols 97
nrows 97
xllcorner 99.0
yllcorner 2.0
cellsize 0.25
NODATA_value -32767
[rows 76 to 94 of 97, columns 0 to 42 of 97]
-0.7401869119304187 -0.634814189408941 -0.8399146671739601 -0.8866424518635441 -0.8154531423029028 -0.3096013523411658 -0.05275534119506409 0.25959951485074484 0.7723507092632929 0.9297825744590722 1.1395871916223714 0.9404452904285074 0.49104317324613334 -0.14244759905560755 -0.39176698716446134 -0.7267017123220154 -1.0556778609084145 -1.3272635088357947 -1.5587071672311832 -1.723665655464211 -1.8886241436972386 -2.1504879035348394 -2.368132753028606 -2.6180793597238967 -2.816280433038105 -3.018558427164156 -3.2569014900103554 -3.4569842190838758 -3.723552118319757 -4.008936575148759 -4.336971895855502 -4.689468741433303 -5.061409363190662 -5.401361837039715 -5.775497723849605 -6.081894003324258 -6.369160115912573 -6.580219170248747 -6.826088856132195 -7.0468697985581485 -7.291171437975503 -7.410029360105384 -7.383686179475014
-0.950305138386937 -0.9863702071070855 -1.1983700893229157 -1.1180861102589326 -1.0663405768778498 -1.2899440029427713 -1.0312163360373572 -0.15812806371654187 0.5340076464170931 0.8360133957866855 1.2120309383558876 1.174711432462864 0.6698004703807832 0.016552312606265218 -0.7549265487116967 -1.1036600827708731 -1.6229970723410134 -1.9560501417392557 -2.237357677756415 -2.3828723898098843 -2.5224285252921983 -2.6670024094660114 -2.8818247753208097 -3.0292211431335914 -3.2255405606884873 -3.359451728892865 -3.5683155181765085 -3.7655757636110607 -4.021480946877507 -4.300906827135353 -4.6386640359318765 -4.991160881509677 -5.317314546457108 -5.658207848185817 -5.923834919542042 -6.205142455559201 -6.447248829924025 -6.610325662397741 -6.835810744221974 -7.04875145431746 -7.293993921614471 -7.480591451079588 -7.454248270449218
-1.1212222031911194 -1.2733227104021811 -1.3749321214050347 -1.271441054642869 -1.656239657422194 -1.8798430834871154 -1.400334474155748 -0.5194059695044655 0.15422679232926706 0.6669779867418151 1.0213564880789279 1.3123859121858663 0.8592204834848682 0.17586583356135632 -0.5965538556362615 -1.3592516567441004 -1.913085668568296 -2.3828723898098843 -2.7773928806789883 -3.0323572360657782 -3.228676653620674 -3.351611496562398 -3.5030847851870224 -3.6504811529998036 -3.7442503316721902 -3.867185174613914 -3.972557897135392 -4.12779449727864 -4.327250007765723 -4.5624569776797355 -4.895510047077979 -5.163018774193516 -5.490113267020602 -5.735355734317613 -5.975580452923125 -6.217686827287949 -6.454148234374836 -6.611266490277396 -6.7853196480137665 -6.997946748816034 -7.273609317555256 -7.458952409847499 -7.53014171940814
-1.0011098438883637 -1.3702279820067544 -1.406293050726903 -1.6358550533629794 -2.0965471051012257 -1.7725887052063256 -1.1532103510994252 -0.6533171377088434 -0.18666650939944196 0.42487161237699134 0.6378123224724774 1.0028535397790255 0.9805872799604987 0.30664090883354733 -0.3585244020832805 -1.1817487967823255 -2.038215776562551 -2.534345678434508 -3.0088365390743768 -3.4491439867534086 -3.6893687053589206 -3.9258301124458077 -4.083889196228025 -4.220622848071371 -4.2949482505641985 -4.372096136695995 -4.447362367068479 -4.552735089589957 -4.6621847329232775 -4.867285210688296 -5.058586879551694 -5.316373718577452 -5.539036316762717 -5.769539147278449 -5.924775747421698 -6.153396922178119 -6.38170448764132 -6.552621552445503 -6.723538617249686 -6.917035551165613 -7.195206994250586 -7.441390289427252 -7.516656519799737
-0.673701741768058 -1.2363168138023763 -1.718647906772712 -2.172754163353366 -2.4032569938690984 -1.8026951973553191 -0.7862874780335654 -0.36636463441374767 -0.09383815860671163 0.25489537545246455 0.16990725699020137 0.3809663113263757 0.5155046981171907 0.4032325711449021 -0.0994831258846478 -0.750849627899854 -1.7440502595234253 -2.6406592288356423 -3.079085020755362 -3.5049664409463346 -3.923948456686496 -4.2080784763426236 -4.418823921385579 -4.567474726371235 -4.721770498634827 -4.810521928615715 -4.851604746027363 -4.930634287918471 -4.996178630201175 -5.11440933374462 -5.268705106008212 -5.454048198300454 -5.647545132216381 -5.801840904479974 -5.9551958488639105 -6.049905855415953 -6.255947161060628 -6.428745881624122 -6.601544602187618 -6.741100737669932 -6.954041447765418 -7.230331235091079 -7.443271945186565
-0.37608652250352703 -1.0644589211185378 -1.6816420101729073 -2.2715410907172515 -2.296002615588309 -1.4784231881672003 -0.498080537565595 -0.17004521685885177 0.15830371314111025 -0.00696838438513625 -0.29203923192091974 -0.31054218022082214 -0.3008202921310428 -0.24029369853983695 -0.25879664683973935 -0.5673881913669239 -1.271441054642869 -2.2646416862664402 -2.958972661452606 -3.3839132537639225 -3.7627532799720926 -4.069463168739965 -4.325054742713192 -4.560575321920424 -4.772575204136254 -4.945373924699749 -5.0692495955211285 -5.169918178644327 -5.213823479694942 -5.3028885189690484 -5.409202069370182 -5.565379497393087 -5.69333208902631 -5.813444448329065 -5.972757969284157 -6.008823038004305 -6.151515266418807 -6.22458623173876 -6.421846477173312 -6.552621552445503 -6.724479445129342 -7.022408273687091 -7.322218758004153
0.29001961629295714 -0.365110197240873 -1.1024056455979985 -1.6885414146237183 -1.73338754355399 -1.1356482306791789 -0.45793854803360334 -0.3419031095426903 -0.14244759905560755 -0.22179075023993455 -0.0380157044137861 -0.06749497797634207 -0.3701279459323721 -0.5303822947671195 -0.5194059695044655 -0.620074552627663 -1.0908021017489071 -1.908067919876797 -2.8526591110514725 -3.3036292746999396 -3.5576528022070733 -3.854640802885167 -4.137829994661638 -4.380877196906118 -4.618279431872661 -4.889551470506824 -5.104373836361622 -5.2470660647761225 -5.313551234938483 -5.387563028138093 -5.498894327230726 -5.668870564155252 -5.811562792569753 -5.9316751518725095 -6.073112943114135 -6.105414700315659 -6.1816217585678 -6.1904028187779225 -6.294834713419744 -6.392680812903974 -6.532236948386288 -6.787201303773078 -7.132798744900068
1.3252438932078325 0.8767826039051143 -0.18760733727909829 -1.0243169315865461 -1.410056362245527 -0.9854293792274293 -0.4159149027422999 -0.10951862326764594 0.09464102661771712 0.15140430869029897 0.4512147930073609 0.4305165796549275 -0.05965474564587492 -0.6163112411090386 -0.765589264681132 -0.9013820886448223 -1.2987250631528946 -1.8974052039073617 -2.954268522054326 -3.276345266189914 -3.4394220986636297 -3.7031675142605427 -3.94433306074571 -4.1757767191410995 -4.450184850707448 -4.768498283324411 -5.0284803874027 -5.240166660325311 -5.321391467268951 -5.43836773363952 -5.575101385482865 -5.721556925415991 -5.868326074642335 -6.017604098214429 -6.128935397307061 -6.153396922178119 -6.157160233696743 -6.188521163018612 -6.244030007918318 -6.366337632273605 -6.567361189226781 -6.790023787412046 -7.031189333897214
2.0672434809632376 1.7166282911447492 0.6904986837332165 -0.506861597775718 -1.1014648177183424 -1.3702279820067544 -0.9249027856362235 -0.19827005324853353 0.1034220868278406 0.2530137196931528 0.44149290491758153 0.2489367988813096 -0.42187347931345487 -0.9355655016056588 -1.020553620067922 -1.0908021017489071 -1.3564291731051323 -2.0281802791795527 -3.228676653620674 -3.409315606514636 -3.5673746902968526 -3.77529765170084 -4.024303430516475 -4.207137648462967 -4.444226274136292 -4.707030861853549 -4.954154984909872 -5.1749359273358255 -5.253965469226934 -5.394462432588904 -5.572278901843898 -5.724693018348178 -5.878047962732114 -6.022621846905928 -6.083148440497133 -6.128935397307061 -6.108550793247847 -6.163118810267898 -6.247166100850505 -6.390485547851443 -6.575201421557248 -6.743296002722463 -6.978502972636475
2.5078645379354887 2.16195348751528 1.195409645815297 -0.018571928234227375 -1.1162044544996206 -1.4150741109370262 -1.140665979370678 -0.3437847653020025 0.2774752445642097 0.49010234536647745 0.42079469156514815 -0.21300969002981152 -0.819216453821527 -1.072299153449005 -1.143488463009646 -1.1582280997909242 -1.4843817647383553 -2.3944759336589754 -3.6925047982911074 -3.794114209293961 -3.835824245292046 -4.017717635358882 -4.1641731752920075 -4.339794379494471 -4.483427435788627 -4.741214274814386 -4.936592864489626 -5.115350161624276 -5.2235453677847214 -5.345852992140008 -5.495131015712101 -5.636882416246946 -5.788042095578351 -5.897491738911673 -5.991260917584059 -5.991260917584059 -5.950178100172412 -6.015722442455116 -6.174722354116989 -6.35065716761267 -6.57708307731656 -6.743296002722463 -6.875952733753966
2.7684738606002144 2.3993557224818236 1.5105869855000744 0.40135091538558987 -0.6953407830001468 -1.3877901024270007 -1.1231038589504316 -0.35444748127143777 0.28625630477433317 0.595788677181174 0.4073094919567448 -0.30771969658185405 -0.8875832797432002 -1.1397251514910218 -1.1171452823792767 -1.1356482306791789 -1.6756834336017523 -2.6914639343370688 -4.192398011681689 -4.265782586294861 -4.261705665483018 -4.363315076485872 -4.503812039847842 -4.5401907178612095 -4.682569336982492 -4.83780593712574 -5.01185909486211 -5.168036522885014 -5.278426994097991 -5.380036405100844 -5.461888430630921 -5.598622082474267 -5.65036761585535 -5.756994775549702 -5.871148558281304 -5.847627861289902 -5.792119016390195 -5.69333208902631 -5.940456212082632 -6.252811068128441 -6.482373070764518 -6.690296032168505 -6.824207200372883
3.1397872637711366 2.755929488871467 2.0672434809632376 0.9950133074485583 0.016552312606265218 -0.6758970068205885 -1.087038790230283 -0.4093291075847074 -0.12802157156754834 0.20032735843241367 0.12192503512774255 -0.47550066845384986 -1.0381157404881682 -1.1739085644518583 -1.1513286953401132 -1.2519972784633107 -1.8008135415960072 -2.9774756097525086 -4.578137442340671 -4.684450992741803 -4.666888872321557 -4.768498283324411 -4.780415436466721 -4.81648050518687 -4.915894651137192 -5.043847242770415 -5.19532053139504 -5.349616303658632 -5.443385482331019 -5.511752308252692 -5.589841022264144 -5.605521486925078 -5.657267020306161 -5.694272916905966 -5.796823155788475 -5.7861604398190405 -5.6083439705640465 -5.089006980993906 -5.718734441777023 -6.04112479520583 -6.2490477566098175 -6.456029890134149 -6.592763541977495
3.539011894038521 3.5010651695590598 2.895485624353782 2.1378055719374416 1.1446049403138705 -0.002891463573293507 -0.5313231226467754 -0.6649206815579345 -0.6699384302494336 -0.49212196099444006 -0.4726781848148818 -0.9600270264767161 -1.1952339963907288 -1.3153463556934848 -1.3749321214050347 -1.4774823602875442 -2.0899613099436336 -3.2989251353016593 -4.854427229666331 -5.014681578501078 -5.01185909486211 -5.030362043162012 -5.0284803874027 -5.096847213324374 -5.208178512417006 -5.332054183238386 -5.485409127622322 -5.589841022264144 -5.699290665597465 -5.7510361989785475 -5.779261035368229 -5.772361630917418 -5.795882327908819 -5.85045034492887 -5.846687033410246 -5.920071608023418 -5.353379615177256 -4.126853669398985 -5.198143015034008 -5.970562704231626 -6.112314104766471 -6.07217211523448 -6.219882092340479
3.259899623073892 4.057721665022224 4.023538252061387 3.2987871754330085 2.5157047702659554 1.2822794200368728 -0.031116299962974825 -0.5263053739552763 -0.8292519512045249 -0.8524590389027076 -0.9296069250345038 -0.9637903379953403 -1.1143227987403084 -1.406293050726903 -1.5449083583295613 -1.6904230703830305 -2.2803221509273746 -3.5849368107170987 -5.161137118434203 -5.321391467268951 -5.257728780745557 -5.242048316084624 -5.272468417526836 -5.366237596199222 -5.48352747186301 -5.604580659045422 -5.7685983193987935 -5.811562792569753 -5.943278695721601 -5.945473960774131 -5.994083401223027 -5.98153902949428 -5.993142573343372 -6.033284562875362 -6.022621846905928 -6.031402907116051 -5.257728780745557 -3.9581318696473327 -5.317314546457108 -6.069349631595511 -5.9718171414045 -5.8554680936203685 -5.85045034492887
2.015497947582155 3.5145503691674636 4.181597335843604 4.07528378544247 3.4599823521474127 2.392456318031013 0.9141021097981379 -0.29109840404126386 -0.821411718874058 -0.9249027856362235 -1.068222232637162 -0.8643761920450175 -0.7960093661233445 -1.2598375107937778 -1.7957957929045083 -2.0193992189694296 -2.4540616993705253 -3.7862739769634937 -5.528373600793282 -5.5848232735726455 -5.431781938481928 -5.348675475778975 -5.372196172770377 -5.479450551051167 -5.6083439705640465 -5.712775865205868 -5.9053319712421395 -5.965858564833345 -6.108550793247847 -6.156219405817087 -6.238385040640382 -6.2490477566098175 -6.248106928730161 -6.263787393391095 -6.197302223228734 -5.978402936562093 -5.659148676065473 -5.242048316084624 -6.075308208166666 -6.297029978472276 -6.192284474537235 -6.032343734995706 -5.889651506581206
0.9520488342775986 2.16195348751528 3.162994351469319 3.7030295543918923 3.8780235400079173 3.454964603455913 2.087000866436015 0.52522658620697 -0.16784995180632079 -0.4629562967251024 -0.693459127240835 -0.7919324453115015 -0.8104353936114039 -1.4091155343658712 -2.239239333515727 -2.6290556849865507 -2.8495230181192857 -3.9424514049863983 -5.7745568959699485 -5.778320207488573 -5.511752308252692 -5.498894327230726 -5.535273005244093 -5.568515590325273 -5.62402443522498 -5.698349837717808 -5.882752102130395 -6.048965027536297 -6.206083283438858 -6.464810950344271 -6.5548168174980335 -6.607503178758773 -6.611266490277396 -6.541958836476068 -6.3857814084531626 -6.1094916211275025 -5.86707163746946 -5.921012435903074 -6.286994481089278 -6.476728103486582 -6.46763343398324 -6.325254814861957 -6.141479769035809
0.5584691712881504 1.4638592008104903 2.764710549081591 3.1328878593203253 3.454964603455913 3.417017878976453 2.7781957486899937 1.3368474370569237 0.5390253951085922 0.09087771509909315 -0.27259545574136146 -0.8154531423029028 -0.9882518628663977 -1.806772118167162 -2.7178071149674383 -3.1220494939263217 -3.2412210253494216 -3.865303518854602 -5.667929736275596 -6.086911752015757 -5.7303379856261145 -5.615243375014858 -5.65036761585535 -5.648485960096037 -5.58105996205402 -5.677651624365375 -5.909095282760764 -6.180680930688144 -6.223645403859104 -6.472651182674738 -6.619106722607864 -6.712875901280251 -6.70817176188197 -6.575201421557248 -6.3857814084531626 -6.220822920220135 -5.992201745463715 -6.087852579895413 -6.280408685931685 -6.483313898644173 -6.515615655845698 -6.420905649293656 -6.2430891800386625
0.863297404296711 0.8670607158153354 2.1230659351561636 2.7803910137425243 2.9121069168943716 3.152331635499883 2.7841543252611487 1.946190293780826 1.112303183112346 0.6757590469519381 -0.036134048654473894 -0.6846780670307115 -1.332908476113731 -2.222618040975137 -3.2421618532290775 -3.6279012838880584 -3.328090799570997 -3.4491439867534086 -4.533291313410398 -5.692391261146653 -5.915053859331919 -5.86236749807118 -5.864249153830492 -5.775497723849605 -5.68862794962803 -5.6952137447856215 -5.824107164298501 -6.028266814183864 -6.132698708825686 -6.329018126380582 -6.504952939876263 -6.5488582409268785 -6.485509163696705 -6.37700034824304 -6.266609877030064 -6.1270537415477495 -6.120154337096938 -6.21486434364898 -6.228663152550602 -6.327136470621269 -6.4093021054445645 -6.406166012512378 -6.211101032130356
2.0186340405143417 1.443474596751276 1.6306993448028297 2.334124989492338 2.4247580752325373 2.6348763016890553 2.589716563465565 1.8953855882793995 1.2910604802469958 1.0194748323196157 0.16394868041904642 -0.8135714865435908 -1.6248787281003256 -2.7002449945471922 -3.6796468172691412 -3.7442503316721902 -3.4384812707839734 -2.835096990631226 -3.5284871379377356 -4.5254510810799315 -5.856408921500025 -5.946414788653787 -5.9288526682335405 -5.838846801079779 -5.754799510497172 -5.719675269656679 -5.769539147278449 -5.840728456839091 -5.983420685253591 -6.068408803715855 -6.203260799799889 -6.107296356074972 -6.035166218634675 -5.956136676743567 -5.873030214040615 -5.972757969284157 -6.076249036046322 -6.135834801757872 -6.078130691805635 -6.143675034088339 -6.141479769035809 -6.132698708825686 -6.023562674785584
