static/data/ASCData/20210116/ASCV/09.asc
ncols 97
nrows 97
xllcorner 99.0
yllcorner 2.0
cellsize 0.25
NODATA_value -32767
[rows 0 to 18 of 97, columns 0 to 42 of 97]
1.0520213290139693 2.1368518753846915 3.0058847600572993 2.8791812260315024 2.258078311397845 1.9407717665320905 1.9298175705068057 1.9513608226898653 2.00613180281629 2.3614128939030334 2.8780858064289743 3.20926766626009 2.6425705918853475 2.339139361984954 2.381860726483565 2.04301092943475 1.5851255355778382 1.6720288240450993 2.8565425542459137 3.3597052916740036 2.970831332776387 1.7757285464177968 0.4922619121219074 -0.3289376499069556 -0.8006983587292282 -1.2275468638478326 -2.014423278330803 -2.9060948347889997 -3.3756647044062156 -3.2029535470742223 -2.892584659691148 -2.763325146592786 -2.932384905249684 -3.2489611703804195 -3.5848898484891585 -3.7097676831774073 -3.0974281253639773 -2.7118404252739463 -2.9159536112117563 -3.561520896968551 -4.295817170530153 -4.716458297901096 -4.457939271704371
1.35764339811942 1.9856839702357587 2.7988504551794127 2.678719438768788 2.060537643075206 1.7461522171495276 2.089018552740947 2.34206048092503 2.4844650292537342 2.7276481810150606 3.0471455650858723 3.268785464664138 2.6593670257907847 2.591816150301527 2.63380723506512 2.313579571259289 1.9163073954089538 2.0784294965831713 2.9248237094701905 3.4864088256997996 3.3848999425321593 2.0254842157942936 0.4181385190174791 -0.33477988778710754 -0.7389897211201233 -1.1139883650523785 -1.2556626336460641 -1.4959246664673147 -1.7537134129290208 -1.5565378844738915 -1.6003546685750314 -2.150255309044337 -2.5917094088633212 -3.0915858874838253 -3.6345488704704505 -3.7802396776067404 -3.5418033441230374 -3.0448479844426095 -2.8023951124163022 -3.014541375439321 -3.531214287965262 -3.6141010378899185 -3.3143212066646197
1.6778710619252508 2.1671584843879796 2.31284929152427 2.141598693662315 1.7158456081462385 1.58403011597531 2.0988773291637037 2.6045960456643598 2.704279229494453 3.0040590607197513 3.392567879749858 3.645609807933941 3.2326366177806976 3.0909623491870124 2.5264561140173263 2.126993098961935 2.103624147441327 2.675068040093693 3.506126378545313 3.292154416184746 3.1468287489159654 2.32745488622465 1.0852490569573336 0.6584005518387293 0.15925435295324464 -0.6455139150376912 -0.7820762254862439 -0.9197339555373252 -0.937260669177781 -0.7977772397891525 -1.3319768659555495 -1.6795900198245926 -2.1922463938079293 -2.7965528745361503 -3.3446278156679083 -3.7283898164203917 -3.7605221247612275 -3.356312291428212 -2.818096126719211 -2.897331477968772 -3.0828225306635972 -3.1207970768845854 -2.929463786309608
1.693572076228159 2.1496317707475234 2.1507271903500524 1.724608964966467 1.3185734322959042 1.5862209551803663 2.0784294965831713 2.481543910313658 2.650603668970556 2.9836112281392198 3.422874488753147 3.565644176949361 3.2337320373832266 2.985436927476767 2.6126291227495684 2.42202611190961 2.465112616275731 3.1621646233513645 4.050915060869485 3.254179869963758 2.439552825550066 1.7910644208531958 1.5705199408774582 1.1907744786675791 0.6094718095924567 -0.40525188221644104 -0.6247009425896497 -0.6794719227160746 -0.6718039854983755 -1.0026207054619816 -1.4685391764041023 -1.848284638613981 -1.6511091101588518 -2.1845784565902298 -2.6337004936269137 -3.1248136154271897 -3.3435323960653798 -2.8202869659242675 -2.2966763959156458 -2.384675103985435 -2.617999479324005 -3.2460400514403434 -3.209891204556903
1.4073024201007125 1.8702997721027566 2.074412958040567 1.6545021104046431 1.4171611965234683 1.6271166203414302 2.1507271903500524 2.409246216546778 2.507103701039323 2.8105349309397165 3.2490679118186256 3.433828684778432 3.013917837142508 2.607517164604435 2.438822545815047 2.2774307243758485 2.708295768037057 3.3761365857119308 4.125038453973913 3.1241900771303768 2.2493149545776165 1.6621700476223427 1.4317667912238483 0.9424793687611195 0.4228853372951029 -0.33770100672718373 -0.8328306670700645 -0.9003815425593218 -1.1746015830589553 -1.5185633382529036 -1.6989424328025962 -1.572969178511819 -1.3385493835707205 -1.155979449815971 -1.5926867313573319 -2.086720972097684 -2.2086776878458565 -1.84171212099881 -1.8260111066959017 -1.9392044656238465 -3.0134459558367928 -3.7576010058211518 -3.624690094047694
1.133082379601078 1.5723456402150053 1.861536415282529 1.8294041069416926 1.5920631930605187 1.5431344508142462 2.0119740406964426 2.2522360735176927 2.155474008627676 2.4600006581305975 2.8711481489462938 3.1241900771303768 2.791182517961713 2.4326151680673855 2.324533767284574 2.4621914973356547 2.8937868207318824 3.227524659635565 3.7657408243445665 2.7988504551794127 1.6446433339818864 1.0556727276890645 0.7686727918265981 0.30494516008953454 0.1515864157355451 0.0029744896591790138 -0.5633574448480543 -1.0329273144652698 -1.3075124948324133 -1.3053216556273561 -1.3191969705927171 -1.029275915790175 -0.9967784675818296 -0.8142085338270797 -0.9931270689067344 -1.4247223923029624 -1.3122593131100366 -1.2918114805295047 -1.4480913438235703 -2.2722120247925095 -3.3486443542105127 -3.847425413228488 -3.6287066325902986
1.1027757705977899 1.4189868958610163 1.383933468580104 1.3653113353371196 1.6223698020638069 1.5285288561138661 1.763678930789983 2.0400898104946736 1.9309129901093338 1.7308163427141285 2.1116572245265357 2.43663170660999 2.338043942382425 2.270858206760677 2.706104928832 2.8105349309397165 2.81564688908485 3.07051451660648 3.2070768270550327 1.8838099472006085 0.6291893624379701 -0.1854376819757224 -0.48704321253856886 -0.31542747480910416 -0.11606110714891793 0.0880520787888921 -0.011631105041201018 -0.4950762896237779 -0.2683244319003788 -0.12884100251175035 -0.10255093205106647 -0.3161577545441232 -0.4676907995605655 -0.9284973123575533 -1.1220214421375876 -1.5397414505684546 -1.5134513801077705 -1.6032757875151074 -1.9735276131697392 -2.7888849373184508 -3.206970085616827 -3.4764433078388373 -3.3212588641473
1.2842502847500108 1.1447668553613828 0.866530276319144 0.7726893303692033 1.1290658410584737 1.7443265178119796 1.9133862764688776 2.1945439744511916 2.0966864899586466 1.7187667270863147 1.4043813011606363 1.5296242757163943 1.6837132998054032 2.0225630968542183 2.580131674541223 2.5881647516264317 2.5410617087177063 2.692594753734149 2.576480275866128 0.8712770945967674 -0.29863104090366743 -1.1169094839924547 -1.4616015189214218 -1.2545672140435356 -0.74118056032518 -0.23034988567939108 -0.024411000404033434 0.1680177097734723 0.5393649550306328 1.0607846858341978 0.9914081110073929 0.47363977887892306 0.1125164499120288 -0.4089032808915358 -0.8591207375307484 -1.386382706214465 -2.101326566798064 -2.2831662208177947 -2.387596222925511 -2.699060529911114 -3.0214790329220014 -3.282919178058803 -3.169725819130858
1.568694241539911 1.3780912306999524 1.0030925867676967 0.8066473380475867 1.0801370988122012 1.7892387215156478 2.3059116340415895 2.2949574380163047 2.044106349037279 1.6201789628587497 1.32843220871866 1.3350047263338314 1.5325453946564704 1.890747604683289 2.2463938356375412 2.214991807031724 2.1211508610817824 2.1905274359085873 1.8801585485255132 0.5247593603302532 -0.36326079745284856 -0.664866328015695 -1.0223382583074945 -1.3221180895327929 -1.1227517218726066 -0.7966818201866239 -0.706857412779287 -0.5553243677628452 -0.4950762896237779 -0.04266799377950825 0.5382695354281046 0.7767058689118076 0.7033127555423984 0.46414614232367635 -0.02915781868165679 -0.36618191639292474 -1.0935405324718466 -1.3338025652930972 -1.380540468334313 -1.7234068039257324 -2.319315067701235 -2.8414650782398185 -2.9404179823348926
1.7728074274777206 1.3769958110974234 1.1425760161563256 1.1232236031783223 1.4189868958610163 1.988605089175835 2.5001660435566424 2.168984183725527 1.455135742744457 1.1308915403960218 1.1768991637022181 1.229479304623586 1.0158724821305296 1.217794828863282 1.6924766566256308 2.1262628192269157 2.202211911668891 1.8038443162160278 1.272565808989707 1.0019971671651686 0.9406536694235723 1.4065721403656934 1.7735377072127396 1.4726624563849122 0.7131715319651541 0.28522760724402163 -0.10620233072616125 -0.5673739833906586 -1.0018904257269625 -1.16401252690118 -0.9325138509001576 -0.6247009425896497 -0.09561327456838598 0.2472530610230339 0.3235672933325189 0.20234085731936524 -0.25846565547762257 -0.25371883719999877 -0.3015521598437432 -0.6688828665582993 -1.310433613772489 -1.905976737680482 -1.88552890509995
1.2083011923080353 0.7354450638832337 0.49445275132696453 0.6934539791196417 1.1710569258220667 1.7695211686701353 2.1613162465078273 1.974729774210474 1.5938888923980659 1.4200823154635445 1.5099067228708818 1.4912845896278966 0.9278737740607403 0.8595926188364635 1.2550390953492507 1.91922851434903 2.270858206760677 2.1613162465078273 1.8586152963424527 1.8312298062792407 1.96304529845017 2.380035027146018 2.563700380503296 2.132105057107068 1.5763621787576105 1.35764339811942 0.8654348567166159 0.43749093199548295 0.14647445759041222 0.07344648408851207 -0.013456804378748632 -0.23327100461946682 -0.2741666697805307 -0.015282503716296247 0.1975940390417419 0.15450753467562084 -0.17375320621541857 -0.2968053415661198 -0.4147455187716882 -0.8123828344895325 -1.373967950719142 -1.6346778161209243 -1.1855557790842406
0.5214731015226675 0.7160926509052303 0.7551626167287471 0.7913114636121876 0.7883903446721114 1.1144602463580937 1.0742948609320488 1.020619300408153 0.9534335647864052 1.1936955976076553 1.3525314399742876 1.4620734002271374 1.2265581856835097 1.1546256317841386 1.021714720010681 1.4445466865866812 1.6709334044425703 1.6691077051050232 1.7764588261528158 1.8925733040208361 2.1507271903500524 2.396831461051455 2.3654294324456377 1.512827841810957 1.2130480105856587 1.2568647946867988 1.033399195770985 0.7482249592460666 0.9307948930008156 1.120302484238246 1.118476784900698 0.543016353705728 0.3242975730675379 0.13004316355248458 0.19832431877676093 0.16327089149584895 -0.06822778450517353 -0.40123534367383673 -0.644418495435163 -0.9814425931464306 -1.1494069322008 -1.1132580853173595 -0.741910840060199
-0.22158652885916297 0.3925787282918143 0.6887071608420183 1.020619300408153 1.0666269237143493 0.9395582498210442 0.697470517662246 0.543016353705728 0.5645596058887885 0.8000748204324153 1.0100302442503772 1.103506050332809 1.2627070325669503 1.4230034344036206 1.2568647946867988 1.1155556659606227 1.2707401096521598 0.9034094029376036 0.8205226530129468 1.0392414336511373 1.7267998041715242 1.9601241795100939 1.7395796995343562 1.0246358389507573 0.7022173359398693 0.6741015661416383 0.5634641862862599 0.5948662148920767 0.7902160440096586 1.0852490569573336 1.0158724821305296 0.683595202696885 0.8847872696946193 0.6770226850817145 0.4601296037810716 0.31553421624731026 0.4239807568976315 0.21292991347714096 -0.0693232041077021 -0.5564197873653738 -0.7744082882685444 -0.9821728728814496 -0.9715838167236739
-0.37859667188824764 -0.13650893972944989 0.3166296358498384 0.9581803830640285 1.145497135096401 0.9698648588243324 0.6233471245578177 0.6379527192581977 0.8427961849310264 0.9056002421426608 1.0118559435879244 1.0166027618655478 1.091091294837486 1.1995378354878068 1.049100210073894 1.103506050332809 0.9045048225401318 0.3860062106766433 0.0646831272682844 0.20124543771683667 0.8614183181740107 1.3645810556021005 1.2988558794503908 0.808838177252643 0.5276804792703289 0.45027082735831536 0.522568521125196 0.4495405476232963 0.44552400908069156 0.6437949571383501 0.5871982776743772 0.5481283118508609 0.8029959393724915 0.5557962490685604 0.2706220125436416 0.11835868779218073 0.43968177120053964 0.5930405155545295 0.5002949892071165 -0.0857544981456293 -0.8043497574043235 -0.980347173543902 -1.204908192062244
-0.06822778450517353 -0.19127991985587478 0.04313987508522388 0.5557962490685604 0.9687694392218043 0.8964717454549231 0.5488585915858799 0.9903126914048639 1.3196688518984323 1.3313533276587362 1.1360034985411542 1.0410671329886845 0.9180149976379837 0.8322071287732515 0.46122502338360016 0.4659718416612235 0.34766652458814606 0.507962926424816 0.040218756145147694 -0.07114890344524927 0.31553421624731026 0.8625137377765397 1.0940124137775622 0.8544806606913302 0.5988827534346814 0.5557962490685604 0.7599094350063704 0.6233471245578177 0.46414614232367635 0.24141082314288198 0.2578421171808092 0.22863092778004912 0.2757339706887745 -0.1474631357547347 -0.3680076157304719 -0.4596577224753564 -0.07699114132540119 0.3750520146513585 0.5539705497310128 0.05957116912315108 -0.6035228302740991 -0.7820762254862439 -0.9880151107616015
0.3020240411494588 0.17605078685868136 0.21110421413959335 0.7131715319651541 0.8555760802938592 0.7774361486468266 0.5685761444313928 1.0783113994746532 1.4533100434069088 1.3390212648764357 1.119207064635717 0.8957414657199041 0.7989794008298872 0.5002949892071165 -0.23801782289709061 -0.38955086791353244 -0.3387964263297123 -0.14819341548975373 0.2706220125436416 0.13478998183010793 -0.03317435722426154 0.2344731656602015 0.6087415298574377 0.7861995054670543 0.5265850596678003 0.5988827534346814 0.8555760802938592 0.7785315682493548 0.4181385190174791 0.17312966791860562 -0.05836900808241685 -0.08100767986800594 -0.49215517068370174 -0.931418431297629 -1.0369438530078745 -0.7605329733031834 -0.3866297489734567 -0.2252379275342582 0.025613161444767663 -0.10036009284600933 -0.27051527110543594 -0.4421310088349002 -0.4355584912197292
0.5645596058887885 0.586102858071849 0.7051384548799455 0.7978839812273582 0.9056002421426608 1.1517045128440633 1.0304780768309088 0.8888038082372236 1.1097134280804704 1.0578635668941216 0.8566714998963874 0.5977873338321529 0.35679502127588325 0.1271220446124084 -0.6455139150376912 -1.0416906712854979 -1.0084629433421335 -0.8514528003130488 -0.3230954120268037 0.14647445759041222 -0.22158652885916297 -0.46184856168041355 -0.3669121961279438 -0.013456804378748632 0.2863230268465502 0.4269018758377072 0.6175048866776653 0.7646562532839938 0.4856893945067364 0.3235672933325189 0.021596622902163354 -0.4560063238002612 -1.0409603915504788 -1.2783013054316532 -1.175697002661484 -0.6805673423186032 -0.4490686663175807 -0.3738498536106243 -0.5133332829992527 -0.5261131783620852 -0.3260165309668799 -0.3201742930867275 -0.20296439561617863
0.7376359030882909 0.7657516728865228 0.7226651685204017 0.5762440816490924 0.8077427576501148 1.34303780341904 1.709273090531068 1.2648978717720074 0.7149972313027022 0.3575253010109023 0.31955075478991457 0.26770089360356586 -0.1178868064864651 -0.3318587688470318 -0.5399884933274461 -0.5388930737249176 -0.5691996827282062 -0.6794719227160746 -0.6473396143752388 -0.1178868064864651 0.22388410950242577 -0.3230954120268037 -0.53706737438737 -0.5144287026017813 -0.1562264925749628 0.21402533307966953 0.3703051963737347 0.7062338744824737 0.7080595738200217 0.5470328922483323 0.20234085731936524 -0.333684468184579 -0.6374808379524826 -0.7860927640288486 -0.3329541884495604 0.09791085521164877 0.13478998183010793 -0.18653310157825098 -0.5447353116050695 -0.3073943977238951 -0.045589112719584435 -0.024411000404033434 -0.2811043272632112
0.5685761444313928 0.9056002421426608 0.8008051001674343 0.5871982776743772 0.7500506585836137 1.2550390953492507 1.7158456081462385 1.6457387535844155 0.3126130973072341 -0.5593409063054495 -0.4636742610179607 -0.06640208516762591 0.055919770448056294 -0.04485883298456539 0.29399096406424974 0.684690622299414 0.4951830310619836 -0.04266799377950825 -0.3092200970614427 0.16619201043592513 1.0001714678276206 0.7540671971262181 0.10849991136942405 -0.3172531741466518 -0.20479009495372624 0.3235672933325189 0.7317936652081394 0.5276804792703289 0.5196474021851198 0.4269018758377072 0.26295407532594206 0.15268183533807367 0.26076323612088537 0.684690622299414 0.839144786255932 0.5755138019140733 0.45246166656337206 0.4670672612637521 0.5061372270872684 0.7989794008298872 0.7580837356688233 0.2578421171808092 -0.271245550840455
