static/data/ASCData/20210116/ASCV/12.asc
ncols 97
nrows 97
xllcorner 99.0
yllcorner 2.0
cellsize 0.25
NODATA_value -32767
[rows 19 to 37 of 97, columns 43 to 85 of 97]
0.1694074226204645 1.0377578624751944 1.223280805114781 1.1810872192019577 1.086393217229669 0.6879698143734743 0.04733590307115332 -0.7504771679674835 -1.492568938525828 -2.418251121071263 -3.5101309397313276 -4.26800504395172 -4.589127220708088 -4.629388275968414 -4.23096487311222 -3.844136654170999 -3.6057912070298643 -3.783584027059468 -4.375260495165231 -5.269055921944488 -6.149001545714191 -6.863715798695514 -7.3851769864272665 -7.906638174159021 -8.306027842341463 -8.71830104820721 -9.11962324704215 -9.394042599696537 -9.538338221749548 -9.732879640767447 -9.801162390488962 -9.757358362365725 -9.640118169447653 -9.181142139479928 -8.531811840241376 -7.683108795353686 -7.56780113308811 -7.328489420620727 -6.978057195634841 -6.475921314428045 -6.462393599860576 -6.897857173556271 -8.147882417278899
-0.8773800141480335 0.5024468717338886 0.8190598103010993 0.6383681942927524 0.3462339773238199 -0.1410858355471758 -0.8909077287155034 -1.7112669906999236 -2.721014256628921 -3.560054648254133 -4.23096487311222 -4.3852452368697925 -4.4660894358325285 -3.9868218340135977 -3.4701919729130832 -3.2173525458782306 -3.210266600152413 -3.4350843327260785 -4.167513450021945 -5.0316767401296 -5.783753252392506 -6.485906056132606 -7.182905444799385 -7.735609211413152 -8.1997386564542 -8.623607046234921 -8.987566985788277 -9.19853491535239 -9.262952603768912 -9.238795970612715 -9.03845695963733 -8.868716350659792 -8.386227864420034 -7.8090453762079886 -7.230896622669695 -6.752273197734929 -6.70557037363295 -6.739711748493707 -6.601857895282348 -6.905587296166253 -7.30916411409577 -8.12340369568062 -8.95729067223251
-1.2094531979352094 0.12656965982347668 0.3072612758318236 -0.05412195618487026 -0.5140642514788443 -1.310911057191233 -1.988585139333055 -2.6859066164419163 -3.4750232995443224 -4.107927088236661 -4.497332014714542 -4.441932802676332 -4.060902175692599 -3.644119731637695 -3.2231501378357175 -3.012182208271605 -3.048256113784858 -3.3394240654275418 -4.0061471405385545 -4.53276174334363 -5.037474332087087 -5.818860892579511 -6.576734996799904 -7.1204202870353575 -7.514978628586561 -7.768140144063496 -7.899874316875286 -8.137253498690173 -8.16044386652012 -7.983939400258848 -7.819674294796714 -7.549120003447317 -7.21930143875472 -6.862749533369266 -6.562885193790351 -6.387991169739491 -6.4359823476098015 -6.577701262126151 -6.975158399656099 -7.606773834580106 -8.236778827293701 -8.932167773750066 -9.54735669812786
-1.0171663980118884 -0.29246740332600485 -0.4741252846605999 -1.1273206452041427 -1.6645641665979443 -2.3080968738790086 -2.666581309916959 -3.312046547850519 -3.635101255259382 -4.082482101312134 -4.266072513299225 -4.160427504296127 -3.774887639123237 -3.4846859528068013 -3.1919075589537043 -2.8920432193747896 -2.931982186193034 -3.2192850765307264 -3.7024177396546487 -4.030625862136834 -4.450629190612563 -5.172429389319703 -5.906791037268064 -6.397009646117804 -6.490737382763846 -6.617640228944396 -6.568682785747838 -6.72908282990498 -6.736812952514963 -6.643085215868922 -6.625370351554379 -6.610876371660661 -6.420200013947753 -6.566750255095343 -6.454663477250593 -6.542271533497064 -6.650815338478905 -7.048272476008852 -7.565868602435614 -8.238711357946197 -8.772733994919172 -9.35378154443621 -9.664596891045932
-0.9360001106070697 -0.5894329469261761 -1.2249134431551751 -1.9769899554180808 -2.441763577343294 -2.795416686750005 -3.153579034345873 -3.2769389076635145 -3.599993615072377 -3.7951792109744416 -3.9233704109233223 -3.850900511454734 -3.659579976857661 -3.412538141780295 -3.1919075589537043 -2.8910769540485415 -2.739695386269713 -3.0266761881653226 -3.401909223191569 -3.704672358749227 -4.096009815879604 -4.649679847819619 -5.298365970174006 -5.526726675610579 -5.619488146930372 -5.573751588154641 -5.524794144958084 -5.56376684645008 -5.652663256464882 -5.872327573965225 -6.088448918602659 -6.239830486381488 -6.481718906385533 -6.62923541285937 -6.748408136429937 -6.836338281118492 -7.101094980510401 -7.572632459719349 -8.131133818290603 -8.594296998005403 -9.002383054124076 -9.191771058068653 -9.503230581562542
-0.7044185207496696 -0.7788209508707533 -1.4945014691783238 -2.012097595605086 -2.318725792467735 -2.721980521955169 -3.3371694463329633 -3.460529319650605 -3.500468286468849 -3.6753623105197093 -3.7336603185366624 -3.693721351718418 -3.6177084793869208 -3.4231670603690216 -3.190941293627456 -2.9339147168455293 -2.781566883740453 -2.8256930003057708 -3.1645300413766817 -3.4643943809555964 -3.7932466803219462 -4.23096487311222 -4.538559335301117 -4.713453359351977 -4.759189918127708 -4.713453359351977 -4.896077506012819 -4.9115377512327845 -5.36664871989552 -5.794382170981232 -6.152866607019183 -6.498467505373828 -6.759359143460746 -6.9184708338495575 -7.037643557420125 -7.195788982482689 -7.459257328106268 -7.951730556050586 -8.516029506579327 -8.826522764746969 -8.898026398889309 -8.978870597852046 -8.879345269248518
-0.7102161127071565 -0.8042659377952801 -1.2854660702667067 -1.4974002651570673 -1.8401023675329693 -2.864665701797767 -3.520759858320054 -3.611588798987351 -3.6302699286281426 -3.6850249637821877 -3.7143350120117056 -3.694687617044666 -3.582600839199916 -3.4495783126197956 -3.232812791098196 -2.988669751999574 -2.86369943647152 -2.901705872637268 -3.048256113784858 -3.308181486545528 -3.5375084573083497 -3.83930532753976 -3.9868218340135977 -4.005180875212306 -4.082482101312134 -4.346272535377795 -4.6097408810013745 -5.083532979304901 -5.612724289646637 -6.111639286432608 -6.573514112379078 -6.855985676085531 -6.961308596646546 -7.149730335264875 -7.323658093989488 -7.49146617231453 -7.7620204636639265 -8.250306541861171 -8.737626354732168 -8.907689052151788 -8.89190671848974 -8.747611096436728 -8.599128324636641
-0.6908908061821997 -0.8802788101267773 -1.2229809125026794 -1.6214043153588737 -2.4134197944400237 -3.446679516641052 -3.7826177617332197 -3.8061302180052508 -3.7826177617332197 -3.762004101439932 -3.7475101215462145 -3.8138603406152334 -3.620607275365664 -3.549103641223324 -3.3822618282245296 -3.2183188112044787 -3.104943679591398 -3.054053705742345 -3.087228815276854 -3.2904666222309844 -3.550069906549572 -3.711436216032962 -3.8119278099627376 -3.9397969214695356 -4.165580919369448 -4.5131143483765905 -5.014928141141304 -5.605960432362902 -6.096179041212642 -6.617640228944396 -6.978057195634841 -7.056968863945082 -7.1439327433073885 -7.229930357343447 -7.381311925122276 -7.642847740093359 -8.004230972110053 -8.386227864420034 -8.799145247169946 -8.977904332525798 -8.927014358676743 -8.734727558753423 -8.4165041779758
-0.7788209508707533 -0.9556475055741092 -1.2806347436354675 -2.12837152319691 -3.4643943809555964 -4.216148804776419 -4.183939960568158 -3.9484933094057664 -3.8921278320413086 -3.8882627707363175 -3.8528330421072297 -3.9104868732400178 -3.826743878298538 -3.7201326039691924 -3.5452385799183324 -3.39095821616076 -3.286601560925993 -3.2534264513914835 -3.3294393237229807 -3.524947008067128 -3.8277101436247856 -4.054138318408864 -4.241593791700946 -4.432914326298019 -4.706367413626159 -5.127337007428137 -5.6304391539611816 -6.11067302110636 -6.607977575681917 -6.969038719256529 -7.103027511162896 -7.23766047995343 -7.245390602563412 -7.2718018548141865 -7.478904723073308 -7.814842968165475 -8.097958708756094 -8.331472829265989 -8.668377339684405 -8.905756521499292 -8.955358141580014 -8.81202878485325 -8.335337890570981
-0.9134539196612863 -0.8909077287155034 -1.405605059163522 -3.6850249637821877 -4.591381839802666 -4.39973921676351 -4.202621090208949 -4.088279693269621 -4.049306991777625 -4.066699767650086 -4.092144754574613 -4.077650774680895 -4.020963208874354 -3.8695816410955257 -3.711436216032962 -3.5922634924623944 -3.5268795387196237 -3.5375084573083497 -3.699518943675905 -3.904689281282531 -4.176209837958175 -4.488635626778311 -4.781736109073491 -5.032643005455848 -5.308994888762731 -5.676175712736913 -6.113571817085104 -6.523912492298355 -6.944882086100332 -7.142000212654892 -7.30916411409577 -7.373581802512293 -7.334287012578214 -7.44089828690756 -7.708553782278212 -7.998433380152566 -8.229048704683718 -8.455476879467795 -8.55306967741883 -8.625539576887416 -8.578514664343356 -8.118572369049382 -7.3558669381977495
-0.37556622138331974 -1.1772443537269481 -2.12837152319691 -4.411656489120567 -4.788499966357226 -4.563038056899395 -4.34917133135654 -4.261241186667985 -4.1810411645894145 -4.1968234982514625 -4.257376125362994 -4.263173717320481 -4.1810411645894145 -4.025794535505594 -3.8715141717480215 -3.783584027059468 -3.7610378361136845 -3.8882627707363175 -4.070564828955077 -4.34917133135654 -4.6567657935454365 -4.936016472831064 -5.215267152116691 -5.483888912813591 -5.798247232286224 -6.1499678110404385 -6.487838586785102 -6.870479655979248 -7.080481320217114 -7.216080554333894 -7.389042047732259 -7.4995183833665955 -7.6038750386013625 -7.8158092334917235 -8.070581191179071 -8.318911380024767 -8.529557221146797 -8.530845574915128 -8.537609432198863 -8.555968473397572 -8.212300105695423 -7.727879088803169 -6.94584835142658
-1.3498837586832297 -2.7541893661634305 -4.0454419304726335 -4.974022908996812 -5.068716910969101 -4.757257387475212 -4.487669361452063 -4.372361699186488 -4.320827548453269 -4.454494251917554 -4.469310320253355 -4.418420346404302 -4.291517500223751 -4.171378511326936 -4.075718244028399 -3.991653160644837 -4.068632298302582 -4.222912662060154 -4.500552899135368 -4.782702374399739 -5.061953053685366 -5.358918597285537 -5.647831929833642 -5.864597451355242 -6.169293117565396 -6.467224926491815 -6.794466783647751 -7.069852401628387 -7.272768120140435 -7.426082218571759 -7.594212385338884 -7.763952994316423 -7.932083161083547 -8.111808511765647 -8.417470443302047 -8.728929966795937 -8.76017254567795 -8.765970137635437 -8.786583797928724 -8.636168495476143 -8.302162781036472 -7.923386773147317 -6.995449971507303
-2.4887884898873556 -3.874412967726765 -4.8889915602870015 -5.117674354165659 -4.924099200474007 -4.6567657935454365 -4.605875819696383 -4.492500688083303 -4.563038056899395 -4.653866997566693 -4.646781051840875 -4.5794645674456085 -4.42808299966678 -4.320827548453269 -4.242560057027194 -4.273802635909208 -4.352070127335283 -4.595246901107657 -4.8889915602870015 -5.205604498854212 -5.471005375130287 -5.731897013217205 -5.975073786989579 -6.202468227099905 -6.455629742576841 -6.753239463061177 -7.042474884051365 -7.324624359315735 -7.563936071783118 -7.7475264837702085 -7.916300827421499 -8.094093647451103 -8.235812561967453 -8.338236686549724 -8.644864883412374 -8.996585462166589 -9.027828041048604 -9.195636119373646 -9.211418453035694 -9.052306762646882 -8.714435986902219 -8.196839860475457 -6.3899237003919875
-2.78736447569794 -3.8637840491380384 -4.477040442863338 -4.658698324197932 -4.638084663904645 -4.667394712134163 -4.618437268937606 -4.74469593823399 -4.8149112186080005 -4.84325500151127 -4.849052593468757 -4.713453359351977 -4.575599506140618 -4.486703096125816 -4.4751079122108415 -4.507316756419103 -4.703468617647416 -4.947611656746037 -5.2671233912919915 -5.5766503841333845 -5.853002267440268 -6.092313979907651 -6.310045766755499 -6.508130158636307 -6.76225793943949 -7.0395760880726215 -7.329455685946975 -7.655731277776663 -7.917267092747746 -8.162376397172617 -8.329540298613495 -8.44098289957408 -8.431964423195765 -8.534710636220119 -8.882244065227262 -9.234930909307725 -9.45846028811306 -9.663630625719684 -9.677158340287153 -9.61853824382812 -9.214317249014437 -8.136287233363925 -6.322607215996721
-2.615691336067906 -3.4057742844965606 -4.017098147569364 -4.388144032848536 -4.591381839802666 -4.640983459883389 -4.816843749260496 -4.943746595441047 -5.015894406467552 -5.049391604444144 -5.010096814510065 -4.841322470858775 -4.751459795517725 -4.725048543266951 -4.720217216635712 -4.852917654773749 -5.050357869770392 -5.315758746046466 -5.63527048059242 -5.9154874252042955 -6.188940512532436 -6.438881143588544 -6.651781603805153 -6.838270811770987 -7.087245177500849 -7.365529591460227 -7.665393931039143 -7.994568318847574 -8.282515386069432 -8.56079980002881 -8.722166109512202 -8.715402252228467 -8.68995726530394 -8.809129988874506 -9.15666341788165 -9.555086820737843 -9.851086099011766 -10.036609041651353 -10.116486975287842 -10.044339164261334 -9.45846028811306 -8.268021406175714 -5.8694287779864815
-2.511978857717304 -3.3880594201820164 -4.128218660087866 -4.47124285090585 -4.615538472958862 -4.768852571390187 -4.9585626637768465 -5.125404476775641 -5.194653491823403 -5.180159511929686 -5.07354823760034 -5.033609270782096 -5.006231753205074 -4.977887970301803 -5.063885584337862 -5.203671968201716 -5.392093706820046 -5.650730725812386 -5.953493861370044 -6.266885915516428 -6.521979961645859 -6.739711748493707 -6.969038719256529 -7.199654043787681 -7.467309539158334 -7.762986728990175 -8.063817333895337 -8.307960372993959 -8.588177317605833 -8.836507506451529 -9.003349319450324 -9.011079442060307 -9.09900958674886 -9.227844963581907 -9.48680407101633 -9.846254772380528 -10.051103021545071 -10.24564444056297 -10.388007531963485 -10.078480539122094 -9.494534193626311 -8.07283581027365 -5.616589350951629
-2.9732095067796083 -3.6293036633018954 -4.21131747814518 -4.567869383530635 -4.725048543266951 -4.8519513894475015 -5.050357869770392 -5.235880812409978 -5.335406141013506 -5.315758746046466 -5.232982016431235 -5.264224595313248 -5.229761132010409 -5.310927419415227 -5.426235081680804 -5.561834315797585 -5.739627135827188 -5.951561330717548 -6.206333288404896 -6.5335751455608335 -6.830540689161005 -7.068886136302139 -7.3110966447482655 -7.557172214499383 -7.835456628458763 -8.107943450460654 -8.319877645351015 -8.549204616113837 -8.838440037104025 -9.087414402833886 -9.285498794714695 -9.336388768563747 -9.443644219777259 -9.636253108142663 -9.86751260955798 -10.036609041651353 -10.198619528018908 -10.30104365260118 -10.221165718964691 -9.829506173392232 -9.015910768691546 -7.206417901071416 -4.387177767522288
-3.255358982043979 -3.76909004716575 -4.1733110419794315 -4.454494251917554 -4.66449591615542 -4.865801192457053 -5.125404476775641 -5.332507345034762 -5.410452748018756 -5.4185049590708205 -5.403688890735021 -5.404655156061268 -5.49355156607607 -5.655562052443625 -5.7785998373191845 -5.903892241289322 -6.076531646245603 -6.280735718525981 -6.506197627983811 -6.8176571514777 -7.133303824718663 -7.426082218571759 -7.685041326006182 -7.925319303799812 -8.17139487355093 -8.391059191051273 -8.570784541733373 -8.742457681363407 -8.959545291327089 -9.243627297243954 -9.48197274438509 -9.611774386544383 -9.753493301060734 -9.929997767322007 -10.078480539122094 -10.15095043859068 -10.157714295874417 -10.126471716992402 -9.852052364338014 -9.258121277137672 -7.719182700866939 -5.19175469584466 -2.547408586346392
-3.2025364775424303 -3.5990273497461294 -3.972972031004045 -4.229032342459724 -4.531795478017382 -4.888025294960754 -5.211402090811699 -5.42333628570206 -5.491619035423574 -5.524794144958084 -5.554104193187602 -5.631405419287429 -5.79534843630748 -5.918386221183039 -6.115504347737599 -6.325506011975464 -6.493636178742589 -6.619572759596892 -6.786414572595686 -7.085312646848353 -7.409655708025546 -7.74269515713897 -8.040304877623306 -8.283481651395679 -8.479955601066075 -8.619419896487848 -8.755341219046711 -8.911554113456779 -9.130252165630875 -9.420453851947311 -9.5892281955986 -9.759290893018221 -9.890058800503763 -10.025658034620545 -10.097161668762883 -10.074615477817101 -9.901653984418736 -9.718063572431646 -9.279701202757208 -8.327607767960998 -6.399908442096548 -3.911453138566266 -1.707401929394932
