static/data/ASCData/20210116/ASCV/15.asc
ncols 97
nrows 97
xllcorner 99.0
yllcorner 2.0
cellsize 0.25
NODATA_value -32767
[rows 0 to 18 of 97, columns 43 to 85 of 97]
-4.078124240704513 -2.7948034954549827 -2.6220550835146246 -2.967879703243425 -3.0281941392909126 -3.0088541842539467 -4.186624666420374 -4.49114700929057 -4.174824015889344 -4.130899372246065 -4.6406219160169515 -4.268573628441417 -4.303647784186423 -3.695258690142201 -2.3349059205928904 -1.509843770965031 -2.210015702472821 -3.333044278009192 -4.204981233913088 -5.405369629597323 -5.698091321936488 -4.926787691394433 -3.738199946241228 -3.083919433465222 -3.2097930391295435 -3.2842026966446505 -2.847578626996534 -2.122166415186263 -1.608510321238367 -1.660957656931834 -0.500888150561952 -0.25110771432181345 -0.23439012606952048 -0.27044766935877895 -0.15342455159272994 0.5401914629533762 -0.435656776793202 -1.15615205088221 -2.733505671863243 -6.376956523318807 -11.312578607922175 -12.486415539911594 -11.548919414390863
-3.1416115027280362 -2.240172920496565 -2.4102989656522498 -3.2969867347199333 -3.6759187351052356 -3.4667849840275338 -3.6306829080696197 -4.1541728774600415 -3.897508728410135 -3.715909828571504 -4.1492559397387785 -4.103364521006995 -3.6074094028556436 -2.883636170285793 -1.8553405948457478 -1.3311950337591578 -1.7576574321166647 -2.372930238970654 -3.7411501088739856 -5.022504079035011 -5.3427606226132465 -4.566540054349929 -3.3241937901109195 -2.6309055714128973 -3.0888363711864844 -3.239294665457119 -2.752845626900209 -2.0654577334677016 -1.6796420202726319 -0.9014546769208094 0.01670149356295436 -0.06065832658490944 -0.430739839071939 -0.6034882510122976 -0.8037715141917259 -1.1981099194369844 -2.056607245569429 -2.8321722221365784 -4.545888915920626 -8.056582448902102 -12.447407833989576 -12.44052412117981 -11.626934826234894
-2.804637370897508 -2.391614602311452 -3.2979701222641857 -4.1708904657123345 -3.6474004963219127 -3.2147099768508065 -3.7031257904962214 -4.394447234105739 -3.9247157838011213 -3.0731021704784443 -3.2969867347199333 -3.9706072025329053 -3.620193440930926 -3.0147545095194617 -2.4971648653945553 -2.1015152767569605 -2.010715826837645 -1.9736748960041335 -3.1914364716368304 -4.3465890402854495 -4.766495521681273 -4.353472753095217 -3.2783023713791355 -2.5381393464050768 -3.1583290909803288 -2.9970535337229163 -2.489297765040535 -1.8927093215273434 -1.2538352136112931 -0.7323120193093766 -0.11048329549370361 0.15142558712554877 -0.00984997013186284 -0.45696350691867327 -1.266619251686576 -2.2890145018611063 -2.929527589017577 -4.724537653126499 -8.060515999079112 -11.654141881625883 -13.18560408387513 -12.21762294448257 -11.709867175800191
-3.3514008455019058 -3.589708427059098 -4.36232324099349 -4.085991341058533 -3.085886208553727 -2.9688630907876776 -4.203997846368836 -4.765512134137021 -4.075174078071756 -3.2432282156341294 -3.5507007211370816 -4.1492559397387785 -3.537916683061799 -2.695153557637395 -2.1991984394860435 -2.1611741211082798 -2.2703301385203085 -1.8661578578325253 -2.6571292392596306 -3.795892015504042 -4.359373078360733 -3.979457690431178 -3.429744053194023 -2.8495454020850395 -3.319276852389657 -2.8915032706398134 -2.424721982967953 -1.7891258335327453 -0.9512796458296036 -0.45499673183016753 -0.22455625062699536 -0.14359067615020482 -0.12293953772090216 -0.5516965070149986 -1.394459632439403 -2.766613052519744 -4.230549310063653 -8.34963193708935 -11.430585113232477 -12.510672432669821 -12.88468749533386 -12.246141183265895 -11.676759795143688
-4.220715434621128 -4.236449635329168 -3.894558565777378 -3.5536508837698397 -2.6181215333376144 -2.910187633980611 -4.282341054060952 -4.329215860336989 -3.6680516347512153 -3.354351008134663 -3.710009503305989 -4.260706528087397 -3.6395333959678924 -2.814471246340033 -2.0526736953924187 -1.9949816261296047 -2.0811919341757417 -1.7432344148009613 -2.506670944988996 -3.464818208939029 -4.0371497596939925 -4.260706528087397 -3.8680071020825597 -3.395653284993269 -3.287152859277408 -2.9141211841576213 -2.431605695777721 -1.7802753456344727 -0.7342787943978815 -0.045907513421122204 0.3661318676206813 -0.6785535002235727 -0.68150366285633 -1.2430179506245156 -2.1690412214622996 -4.123032271892045 -6.5362653054877144 -10.52160722649507 -12.302849864984456 -13.282303859059962 -12.747996626682761 -12.565414339299878 -12.041924369909456
-4.712737002595469 -4.018465396353195 -3.6749353475609827 -2.9141211841576213 -2.1395395951347242 -2.96197937797791 -4.470823666709351 -4.287257991782215 -3.159312478524581 -2.844628464363777 -3.3340276655534447 -4.0489504102250224 -3.7178766036600095 -3.192419859181083 -2.4296389206892157 -2.1660910588295423 -2.222799740548104 -2.2988483773036315 -2.8826527827415407 -3.744100271506743 -4.164006752902567 -4.388546908840224 -4.246939102467862 -3.6093761779441484 -3.321243627478162 -2.960012602889405 -2.4765137269652526 -1.4383842760826817 -0.36813083208786246 0.41989038670648515 0.7666983939795387 -0.35436340646832765 -1.4285504006401566 -1.9910480759525946 -4.678646234394716 -7.224636586464474 -9.537236294698303 -11.734451864406504 -13.518644665528647 -13.564536084260432 -13.125945239523812 -13.230512115062663 -13.404243914547273
-4.960878459595187 -3.917832070991354 -3.049828665264468 -2.25000679593909 -1.9317170274493596 -2.879047028412615 -4.533104877845343 -3.7342663960642177 -2.589931090402376 -2.571246727061578 -3.0242605891139025 -3.5556176588583446 -3.3907363472720062 -2.9013371460823385 -2.72072163378796 -2.464713076434222 -2.908220858892106 -3.1825859837385577 -3.403192589499205 -3.749017209228006 -4.182691116243364 -4.336755164842924 -4.207931396545845 -3.407126139676215 -3.3936865099047635 -3.0222938140253977 -2.112332539743738 -1.0515851753433596 -0.10753313286094635 0.3290909367871704 0.2841829055996383 0.017684881107207673 -1.1718862515902506 -4.397397396738496 -7.7412428430451286 -10.72844640663618 -12.021601027328238 -13.494059976922337 -13.950024001607417 -13.973625302669479 -14.135884247471143 -14.311582822044258 -14.876047272445202
-4.528187940124081 -3.16390162039776 -2.453240221751276 -2.592881253035133 -2.218866190371094 -2.7879197826452153 -3.956184185217202 -3.1484952155378036 -2.862329440160322 -3.0655628659725083 -3.3887695721835014 -3.1445616653607935 -2.586980927769618 -2.187397788955013 -2.240172920496565 -2.641722834399675 -3.2743688212021254 -3.0927699213634945 -2.837744751554009 -3.340911378363212 -3.8866914654233575 -4.050917185313527 -3.610359565488401 -3.1114542847042923 -3.273385433657873 -2.0264500275456854 -1.1453347878954325 -0.8555632581890249 -1.609468933772007e-05 -0.7139554518166635 -0.9316118949445533 -1.0020880022826502 -3.696242077686454 -7.274461555373268 -10.231507900940578 -12.454947138495513 -13.104638509398338 -13.766458326680283 -14.314532984677015 -14.781314272348876 -14.963896559731758 -15.51951052223443 -14.779347497260371
-3.464818208939029 -2.3965315400327145 -2.6161547582491096 -3.262568170671095 -3.7050925655847267 -3.5556176588583446 -3.6034758526786335 -2.9141211841576213 -2.8652796027930796 -3.2451949907226343 -3.678541101889909 -3.3241937901109195 -2.645656384576685 -2.5879643153138705 -2.8007038207204977 -3.095720083996252 -3.0488452777202157 -2.502081803115818 -2.321138494973355 -2.9033039211708433 -3.298953509808438 -3.1514453781705614 -2.6279554087801396 -2.529288858506804 -2.00874905174914 -0.44057371451446414 0.2081342688441108 0.10946771857077486 -0.7441126698404066 -1.6239167260983227 -1.8468179027955594 -3.782124589884507 -7.114169385660109 -10.186599869753046 -12.277281788833891 -12.626056571195448 -13.14561299040886 -13.941501309557228 -14.64659017878628 -15.236294909489704 -15.467718778237131 -15.848617553710938 -13.177736983521111
-2.5322390211395613 -1.9002486260332794 -2.5056875574447437 -3.521526890657591 -4.224648984798138 -4.396414009194244 -4.317415209805959 -3.5926585896918555 -2.695153557637395 -2.3847308895016845 -2.97378002850894 -3.4736686968373016 -3.6221602160194313 -3.7791744272517493 -3.7178766036600095 -3.337961215730455 -2.750878851811704 -2.460779526257212 -2.4863476024077777 -2.5633796267075577 -2.994103371090159 -3.0790024957439592 -2.46372968888997 -2.4552069968397814 -0.28814864515532435 1.0213957679409402 0.7060561620839669 -0.45106318165315784 -1.607526933694114 -3.1934032467253353 -4.210881559178603 -7.1748116175556795 -9.990250156750628 -11.630868376411906 -12.212050415065141 -12.92861213897714 -13.51176095271888 -14.104415846055062 -14.623972265268474 -15.213021404275729 -15.52737762258845 -14.045740389247996 -8.180489279477918
-2.116266089920748 -1.741267639712456 -2.5086377200775014 -3.6290439288291987 -4.207931396545845 -4.109264846272509 -3.615276503209664 -2.9491953399026274 -2.3866976645901894 -2.204115377207306 -2.329988982871628 -2.1592073460197745 -1.956957307751841 -1.7910926086212502 -1.8143661138352263 -1.9090991139315516 -1.7596242072051695 -1.3377509507208414 -1.9100825014758045 -2.002848726483625 -1.9248333146395922 -1.6993097711576821 -1.266619251686576 -1.1397622584780018 0.3389248122296955 0.542158238041881 0.052759036852213725 -1.3856091445411303 -3.3084595894028794 -5.8475662286628705 -7.752060106031905 -9.840775250024246 -11.021495894823431 -11.883926771132884 -12.57426482719815 -13.441284845380782 -13.535034457932856 -14.07425862803132 -14.539073140614672 -14.78721459761439 -14.675764009265773 -12.755863727036783 -5.609258647105678
-2.160190733564027 -1.7245500514601635 -2.129705719692199 -3.026227364202408 -3.2520787035324017 -2.5515789761765277 -2.6299221838686444 -2.368996688793644 -1.869108020465283 -1.7147161760176384 -1.8123993387467214 -1.0322452203063932 0.03014112333440533 0.246158587221875 0.6621315184406882 0.7840715739280002 0.4864329438675723 -0.34944646874706464 -0.9942209019286299 -1.4092104456031906 -1.2449847257130209 -0.8896540263897794 -0.6874039881218454 -1.0283116701293835 -0.9883205766631145 -0.867036112871971 -1.7442178023452137 -3.3399279908189596 -5.7774179171728575 -7.945459656401567 -9.314335118001067 -10.29378911207657 -11.434518663409486 -12.278265176378143 -13.029245464338981 -13.516677890440143 -13.576008938943378 -13.957891101961437 -14.16014114022937 -14.238156552073406 -13.398343589281758 -11.69642754602874 -4.696347210191261
-1.9559739202075885 -1.9658077956501137 -2.288031114316854 -2.291964664493864 -2.112332539743738 -2.1651076712852895 -1.9638410205616084 -1.7530682902434864 -1.09092067711346 -0.8309785695827125 -0.019356049726304114 0.5614981930788474 1.3370631696459965 1.376070875568013 1.6406021249719398 1.2957608927873911 0.8309463802040362 0.40612296108695034 0.15240897466980208 -0.21373898764021781 -0.668064033084879 -0.5333399395222846 -0.8847370886685164 -1.388559307173888 -1.8858256087175755 -2.898386983449581 -3.877840977525085 -5.652199903204704 -7.758616022993589 -8.591873068823553 -9.747025637472174 -10.748114157521233 -11.754775206987722 -12.622123021018439 -13.111194426360022 -13.405227302091525 -13.513727727807385 -13.439318070292277 -13.615344440713478 -13.303610589185432 -12.441507508724062 -10.452114506701225 -3.910292766485418
-1.984492158990911 -1.926800089728097 -2.1972316643975383 -1.9677745707386185 -1.78715905844424 -1.7461845774337186 -1.370202739681174 -1.0761698639496728 -0.29699913305359704 0.29500016858641587 0.9873049997401857 1.1092450552274977 1.3672203876697404 1.3672203876697404 1.406228093591757 1.1066226884428243 0.9053560377191436 0.7286740756017744 0.4484086254898081 0.05767597457347584 -0.5274396142567701 -1.3797088192756153 -2.050706920303914 -2.638772671766917 -3.484485959824079 -4.57997968412138 -6.147499429659887 -7.441309642048111 -8.385689480378609 -9.020630038117648 -10.071215731227419 -10.97265431345889 -11.780343283138286 -12.504772107404307 -13.099721571677076 -13.231495502606915 -13.247885295011123 -13.119061526714042 -13.030228851883233 -12.357263975766429 -11.196211081852294 -9.070455007026442 -3.789991690238527
-1.904182176210289 -1.8740249581865456 -1.212860732600772 -0.9902873517516193 -1.1758198017672608 -1.212860732600772 -0.8086884519129889 -0.7021548012856327 -0.1006494200511785 0.18354958023779755 0.5185569369798211 0.4923332691330877 0.5713320685213725 0.727690688057522 0.7188402001592493 0.5382246878648713 0.5195403245240735 0.14257509922727696 -0.3330566763428564 -0.9725863759550739 -1.7206165012831534 -2.623038471058877 -3.4998923646840354 -4.193180583382057 -5.091669002980772 -6.286157073399492 -7.080078617459355 -8.037242493865135 -8.711846349222359 -9.393661713237435 -10.24035838883885 -10.859236950021767 -11.537118763859832 -12.025534577505248 -12.577214989830907 -12.754880339492528 -12.655230401674942 -12.549680138591837 -12.08388223846423 -11.300777957391144 -9.976482731131092 -7.734359130235361 -3.7198433787485143
-1.3761030649466894 -0.7529631577386793 0.4726655182480375 0.543797217282302 -0.49793798792919386 -0.641512569390061 -0.8594968083660355 -0.8047549017359783 -0.5674307077230383 -0.3982880501116064 -0.3379736140641185 -0.24619077660055044 -0.17768144435095845 -0.35436340646832765 -0.4412293062106327 -0.48908750003092205 -0.5225226765355071 -1.0673193760514001 -1.6747250825513693 -2.3155659655559244 -2.812504471251528 -3.5926585896918555 -4.485246684025054 -5.328009809449459 -6.175689872595126 -6.816530755599681 -7.575050348066453 -8.223758331425028 -8.831164037924998 -9.450042599107913 -9.941408575386086 -10.58290505008681 -11.060503600745447 -11.486310407406785 -11.816400826427547 -12.105516764437786 -12.021601027328238 -11.868192570424846 -11.396494345031723 -10.243308551471607 -8.872138518935518 -6.212730803428637 -3.996175278683471
-0.04492412587686978 0.9296129304773721 1.4190121316670394 1.5586531629508968 -0.06065832658490944 -0.38583180788440785 -0.6483962821998288 -0.947346095652593 -0.8699862755047283 -0.8290117944942077 -1.050929583647191 -1.0155276320541011 -1.2928429195333098 -1.4852590823587182 -1.5927761205303264 -1.6367007641736055 -1.8651744702882729 -2.3634241593762133 -2.8711799280585946 -3.296003347175681 -3.749017209228006 -4.4032977220040115 -5.19525249097537 -5.924926048810735 -6.505780291615887 -7.0879457178133745 -7.602585199305524 -8.236214573652227 -8.780355681471951 -9.334002868886117 -9.798817381469473 -10.214790312688285 -10.654364544969159 -11.052636500391426 -11.386660469589199 -11.665942532156912 -11.561375656618061 -11.330935175414888 -10.553731219607318 -9.381861062706406 -7.5108023618419555 -4.559656341540161 -3.2684684959366104
0.9171566882501736 1.1180955431257704 0.9532142315394321 0.9610813318934524 0.6709820063389609 0.06849323756025338 -0.6123387389105703 -0.9725863759550739 -1.2049936322467518 -1.5839256326320537 -1.891725933983091 -2.613204595616352 -3.103587184350272 -3.126860689564248 -2.9210048969673887 -2.802670595809003 -3.0508120528087206 -3.4051593645877096 -3.800808953225305 -4.247922490012114 -4.747155566644307 -5.370951065548486 -6.00392484819902 -6.432681817493116 -6.945354523896761 -7.385584347873802 -7.844826331039727 -8.360449200076127 -8.918029937667303 -9.403167792831876 -9.869949080503737 -10.258714956331563 -10.649447607247897 -11.053619887935678 -11.21784560782585 -11.326018237693626 -11.183427043777012 -10.553731219607318 -9.61721848163084 -8.101490480089632 -5.923942661266482 -4.1610565902698085 -4.621937552676154
0.8925719996438604 0.8037393248130504 0.6660650686176979 0.5313409750551035 0.2920500059536586 -0.4376235518817069 -1.4728028401315196 -2.3221218825176075 -2.6738468275119236 -2.9852528831918863 -3.5418502332388093 -4.030266046884225 -4.183674503787617 -4.071240527894746 -3.9424167595976667 -4.043050084959507 -4.2813576665166995 -4.536055040478101 -4.875979334941387 -5.3191593215511865 -5.820359173271884 -6.3054970284364575 -6.746054648261584 -7.150226928949367 -7.514735912018965 -7.901207216910204 -8.31259100625584 -8.751837442688629 -9.300895488229616 -9.709001319094408 -10.077116056492933 -10.467848707409265 -10.795972351341522 -11.017562344646421 -11.152286438209014 -11.153269825753267 -10.570448807859611 -9.54084204902723 -8.29390664291504 -6.852588298888939 -5.459128148683128 -5.283101778261927 -7.08597894272487
