static/data/ASCData/20210116/ASCV/18.asc
ncols 97
nrows 97
xllcorner 99.0
yllcorner 2.0
cellsize 0.25
NODATA_value -32767
[rows 19 to 37 of 97, columns 0 to 42 of 97]
0.013305729956588408 -0.06201414705194175 0.47423762686349047 0.46329371311011425 -0.1321839470000592 -0.7408586795775394 -0.8570572932530922 -0.4312102963202493 0.6451558093059244 0.7591012642675468 0.28175349673058037 -0.4067474302832901 -0.7514807135146393 -0.5113583705729159 -0.6137161521486103 -0.6137161521486103 -0.44569488805265856 -0.2670515900196069 0.2524624334494856 1.071646565871319 0.8450431752131768 -0.02692924707788258 -0.7749779401027705 -0.8686449666390201 -0.8090972006280026 -0.8239036721766881 -0.7563089107587757 -1.1312988967200477 -1.5465238597157902 -1.5767805624457125 -1.5201297147811772 -1.4937355698465637 -1.555214614755236 -2.071831719877846 -3.6187861168991944 -4.340440664989469 -4.392263315409869 -4.424451297037445 -4.151819092651868 -3.146910306238916 -1.7064981284048475 -0.9693933491333357 -0.6323851814926051
-0.2905488166077381 -0.24355436343147563 -0.8834514381877048 -0.6909673080547947 -0.707383178684859 -1.0785106068508217 -0.9623119931752688 -0.30117085054483805 -0.28958317715891013 -0.14216222130460832 -0.42734773852494 -0.6227287870043314 -0.7759435795515977 -0.8960047510224598 -1.4106905772474159 -1.273891655330213 -0.6459041337761873 -0.4215539018319756 -0.44987932566424327 -0.18883479466459452 0.09120064549532447 -0.10997423967703135 -0.6352820998390865 -0.8834514381877048 -0.8647824088437108 -0.6520198502854271 -0.6665044420178363 -0.8853827170853599 -1.5072545221301468 -1.6108998229709441 -1.594162072524604 -1.6253844147033538 -2.4329808737392593 -3.3245879648231407 -4.416404301630551 -4.330462390684921 -4.205573021969922 -3.873393051573328 -3.5904606930669267 -2.9000284871554007 -2.0795568354684644 -1.5072545221301468 -1.1734651526521738
-0.06394542594959596 -0.4254164596272849 -1.1119861077435012 -1.048253904120899 -1.1918123021798923 -1.1918123021798923 -1.035700591286144 -0.5728374154815876 -0.5992315604162011 -0.715430174091753 -0.1849722368692852 0.09023500604649737 -1.057266538976621 -1.496632488193046 -1.6733445073284434 -1.2272190819702269 -0.43990105135969504 -0.4254164596272849 -0.6323851814926051 -0.597300281518546 -0.30213648999366516 -0.3121147642982143 -0.4302446568714213 -0.5297055201006344 -0.5258429623053251 -0.6713326392619727 -0.6645731631201821 -0.8979360299201149 -1.22013772601216 -1.4525349533632657 -1.6099341835221166 -2.2768691628455113 -3.1900422016198693 -3.9506442074795123 -4.403850988795796 -4.074567936745684 -3.9017184754055956 -3.6879902773984847 -3.4282332656639385 -2.9212725550296015 -2.369570549932933 -1.9810616116880788 -1.6205562174592174
0.8559870889665531 -0.3159773220935236 -1.1528648444105238 -1.1087673095807435 -1.0836606839112335 -1.1390240123106663 -1.0199284802886313 -0.6645731631201821 -0.43893541191086705 -0.7534119924122944 0.028755961137825636 0.28465041507706257 -0.7115676162964446 -1.5346143065135869 -1.432256524937892 -0.6069566760068188 -0.19784742952031564 -0.40191923303915367 -0.503311375166021 -0.5268086017541522 -0.43410721466673063 -0.39515975689736305 -0.25739519553133317 -0.3385089092328277 -0.48979242288243885 -0.6832421924641761 -0.7582401896564308 -1.143208449922251 -1.2709947369837318 -1.5062888826813188 -1.8960853401912758 -2.620636806628033 -3.681230801256693 -3.765241433304669 -3.8003263332787283 -3.855045902045609 -3.8003263332787283 -3.5824136976600323 -3.367719860204094 -2.955713695371109 -2.4819066058131765 -2.067969162082537 -1.7425486678277338
1.328506659259383 -0.06973926264255947 -0.8531947354577829 -0.9555525170334773 -0.9291583720988648 -0.43603849356438573 -0.3169429615423507 -0.3607186165558556 -0.2837893404659466 -0.3793876458998504 0.04066551434002896 0.11083531428814641 -0.14892169744639894 -0.9751871858262993 -0.48592986508712954 0.3413012627415979 -0.015019693875679252 -0.3265993560306235 -0.24645128177795694 -0.3784220064510224 -0.39419411744853505 -0.4672608357431347 -0.3294962743771057 -0.3275649954794515 -0.4778828696802355 -0.7778748584492527 -0.9046955060619055 -1.3344050607900577 -1.5600428119993723 -2.0055244777250376 -2.65282478825561 -3.377376254692367 -3.4507648528032426 -3.533809845402391 -3.66932124805449 -3.7945324965857643 -3.751400601204811 -3.58337933710886 -3.364822941857612 -2.856896591774448 -2.3824457425839634 -1.9446891924489171 -1.6195905780103899
0.7835641303045051 0.03261851893313494 -0.2300354111478926 -0.4234851807296307 -0.45181060456189837 0.04259679323768406 0.5044943295934132 0.2650157462842406 -0.02306668928257327 0.35482021502518 0.28175349673058037 -0.1878691552157674 -0.25449827718485185 0.21351497568011713 0.703737935868114 0.8472963339271073 0.37735180216448416 -0.19495051117383433 -0.24645128177795694 -0.3198398798888329 -0.25063571938954254 -0.29344573495421944 -0.45181060456189837 -0.44987932566424327 -0.6928985869524498 -0.9722902674798171 -1.1499679260640425 -1.5658366486923363 -2.2398529839737975 -3.013330182484472 -3.501621863774814 -3.373513696897058 -3.4469022950079333 -3.6644930508103535 -3.867599214880364 -3.8334799543551323 -3.8148109250111375 -3.7172813406795795 -3.360960384062303 -2.8295368073910074 -2.1986523674904994 -1.7612176971717286 -1.2983545213671723
-0.0005351021432691283 0.36190157098324693 0.2611531884889313 0.006224373998521493 0.07381913541643303 0.05128754827712978 0.41340234158737044 0.5698359322973943 0.22220573071956284 1.0484712190994632 0.7571699853698917 0.04259679323768406 0.33550742604863437 0.6956909404612199 0.8421462568666955 0.907809739386952 0.7935424046090542 -0.00536329938740554 -0.5660779393397961 -0.35685605876054627 -0.06491106539842306 0.0599783033165755 -0.2281041322502384 -0.5882876466628248 -0.8763700822296379 -1.3492115323387432 -1.528820469820623 -1.983958530034561 -3.5357411243000456 -3.9615881212328885 -3.6615961324638713 -3.540569321544182 -3.691852835193794 -3.912662389158972 -4.128321866063738 -4.069739739501547 -4.14795653485656 -3.8959246387126316 -3.5247972105466694 -2.909684881643674 -2.101122783158941 -1.1216425022317749 -0.5882876466628248
-0.2709141478149162 0.8463306944782802 1.0845217585223494 0.8746561183105479 0.6235898616154474 0.09506320329063378 -0.6430072154297051 -0.6021284787626824 0.4018146682014425 0.8521245311712438 0.5386135901186444 0.47423762686349047 0.5679046533997392 0.7005191377053563 0.8785186761058572 0.9602761494399026 0.8511588917224167 -0.01823849203843686 -0.8129597584233119 -0.6050253971091646 -0.11866499471647707 -0.03465436266850119 -0.16050937083232686 -0.5345337173447708 -1.0015813307609127 -1.5024263248860095 -2.201549285836981 -2.229874709669249 -4.1656599247517265 -4.262223869634457 -3.893993359814977 -3.8978559176102863 -4.109974716536018 -4.26125823018563 -4.419301219977033 -4.521015241920176 -4.607922792314634 -4.3365781071941605 -3.9644850395793707 -2.9859703981010313 -1.5796774807921943 -0.5532027466887657 -0.2271384928014113
-0.7299147658241631 1.2808684464505689 1.7923354745127664 2.0678645972448253 2.0347109761684212 1.1460008034310212 -0.19108795337852502 -0.7563089107587757 -0.20653818455976225 -0.1840065974204581 -0.09613340757717292 -0.046242036054428226 -0.3256337165817964 -0.6323851814926051 -0.6021284787626824 -0.4321759357690764 -0.5541683861375928 -0.8287318694208246 -1.2680978186372496 -1.2095156920750592 -0.7096363373987895 -0.5023457357171939 -0.268017229468434 -0.20653818455976225 -0.6813109135665218 -1.6195905780103899 -2.5414543718241935 -3.2524868859773686 -4.3697317282705646 -4.532602915306104 -4.386147598900629 -4.325634193440784 -4.39516023375635 -4.537752992366516 -4.724121405990187 -4.887314472842002 -4.991603533315351 -4.765000142657209 -4.097099523884988 -2.3853426609304456 -0.9359178482406554 -0.12252755251178638 0.17714255644095545
-0.8226161529115847 1.0413898631413963 2.11164025225833 2.397791408927489 2.279661516354282 1.3909513436168819 -0.0365856415661554 -1.0015813307609127 -0.6256257053508136 -0.6108192338021281 -0.07971753694710859 -0.4193007431180451 -0.9944999748028458 -1.252325707639737 -1.1284019783735655 -0.9368834876894825 -0.9497586803405138 -1.1831215471404466 -1.4048967405544515 -1.6546754779844486 -1.6282813330498356 -1.5014606854371824 -1.1615555994499696 -0.8119941189744839 -0.8676793271901921 -1.2758229342278682 -2.454546821429736 -4.105146519291882 -5.059198294733263 -4.879267477435107 -4.763068863759555 -4.72991524268315 -4.7035210977485375 -4.762103224310727 -4.933987046201988 -5.135161931374344 -5.284836045942577 -4.897936506779102 -3.8637366570850546 -1.8880383447843818 -0.7855999740398714 -0.7466525162705029 -0.9185363381617639
-0.6294882631461229 0.3509576572298707 1.6127265370308876 1.327541019810555 0.36962668657386555 -0.25836083498016116 0.3013881655234023 0.6956909404612199 -0.1849722368692852 -0.44183233025734925 -0.14699041854874473 -1.1403115315757688 -1.5268891909229683 -1.6469503623938304 -1.4155187744915523 -1.0981452756436436 -1.3208861085064756 -1.5845056780363311 -1.7193733210558784 -1.6978073733654018 -1.6636881128401702 -1.6080029046244624 -1.746733105439319 -1.5600428119993723 -1.3636961240711534 -1.7045668495071928 -1.8355719347314312 -3.045518164112049 -4.9262619306113695 -5.303183195470296 -5.107802146990903 -5.037632347042786 -5.004478725966382 -5.017997678249964 -5.18795022124357 -5.191812779038879 -5.140312008434757 -4.450845441972058 -2.909684881643674 -1.261338342495458 -0.9555525170334773 -1.1461053682687332 -1.4506036744656106
0.6734812331381921 0.47101882870073286 0.4781001846587998 0.24055288024728227 -0.4749859513337533 -0.1344371057139897 0.5530981818510545 1.2007203721979023 0.2505311545518305 -0.8570572932530922 -0.9214332565082461 -1.230116000316709 -1.3041483580601358 -1.391055908454594 -1.3852620717616295 -1.2700290975349047 -1.5590771725505452 -1.7055324889560204 -1.5902995147292946 -1.9994087612157978 -1.8481252475661862 -1.5033919643348375 -1.6958760944677471 -1.8577816420544595 -1.7045668495071928 -1.5729180046504032 -1.5787118413433672 -2.188995973002226 -4.352028338375397 -4.989672254417696 -5.314127109223672 -5.264235737700928 -5.20855052948522 -5.1947096973853615 -5.243635429459278 -5.199859774445774 -4.815857153628781 -3.487781031674956 -1.8101434292456453 -0.8345257061137881 -0.5873220072139969 -1.035700591286144 -1.3080109158554452
1.7572505745387081 1.1733605878144617 -0.05042647366601383 -0.20943510290624356 -0.21812585794568928 0.11276659318580151 -0.21329766070155287 0.12531990602055654 -0.10192724427013644 -1.3363363396877128 -1.2973888819183443 -1.0299067545931804 -0.9478274014428587 -0.8100628400768297 -0.8081315611791746 -1.2133782498703685 -1.4486723955679564 -1.4702383432584325 -1.4332221643867191 -1.8394344925267405 -1.9263420429211981 -1.6440534440473482 -1.5365455854112415 -1.6968417339165747 -1.834606295282604 -1.7934056787993056 -1.5989902697687408 -1.8677599163590082 -2.948632339413042 -3.353879028104236 -4.1254249477172555 -5.3199209459166354 -5.2690639349450645 -5.320886585365463 -5.378503072478826 -5.052116938775196 -4.419301219977033 -2.839515081695556 -1.4361190827332013 -0.6549167686319084 -1.4673414249119512 -1.925376403472371 -3.11085976681603
1.8258109754054468 1.33558801521745 0.3384043443951157 -0.15761245248584466 -0.16855636623922088 -0.4614669990501712 -0.7855999740398714 -0.14602477909991762 -0.04334511770794691 -1.3099421947530994 -1.0620947362207573 -0.7241209291311996 -0.44987932566424327 -0.3092178459517321 -0.3121147642982143 -0.716395813540581 -0.8383882639090974 -0.8580229327019193 -0.8148910373209661 -0.8599542115995735 -1.1049047517854342 -1.5542489753064088 -1.4486723955679564 -1.7174420421582237 -1.856816002605632 -2.246612460115589 -2.0843850327126012 -1.9205482062282342 -1.6830009018167167 -1.9350327979606439 -3.55215699493011 -4.748584272027145 -5.12936809468138 -5.181190745101779 -5.200825413894601 -4.773047138064103 -4.029826642283352 -2.673425096497259 -1.6820352623678891 -1.932135879614162 -2.7445605358942045 -3.8267204782133413 -5.015100759903482
1.2602681382089198 1.024973992511332 0.5582482589114663 -0.2728454267125704 -0.7447212373728487 -1.037631870183799 -0.557065304484075 0.3480607388833894 0.6548122037941972 -0.4202663825668731 -0.06008286815428665 0.2054679802732231 0.37831744161331127 -0.14312786075343542 -0.14602477909991762 0.007190013447349486 -0.10997423967703135 -0.01019149663154284 0.22606828851487215 0.37348924436917486 0.10600711704401 -0.5599622228305572 -1.2037218553820956 -1.4731352616049147 -1.9311702401653346 -2.42911831594395 -2.49381615901538 -2.208630641795048 -1.798233876043442 -1.5648710092435092 -3.240577332775165 -4.249670556799702 -4.630454379453938 -4.712533732604259 -4.752446829822454 -4.321771635645475 -3.721143898474889 -2.8424120000420383 -2.6743907359460866 -3.0426212457655666 -3.8257548387645137 -4.910811699430133 -5.624419252113514
0.6663998771801252 0.5640420956044299 -0.1849722368692852 -0.30310212944249226 -0.7942907290793171 -0.8100628400768297 -0.1273557497559228 -0.00536329938740554 0.40953978379206113 0.42241497644309156 1.3236784620152466 1.3011468748759425 -0.039482559912637605 -0.6088879549044739 -0.23389796894320192 0.12145734822524723 0.32456351229525815 0.5405448690162995 0.8852781522476478 1.0317334686531234 0.8276616651342854 0.37928308106213837 -0.4312102963202493 -1.2066187737285778 -1.7036012100583657 -2.123654370298245 -2.4046554499069916 -2.5523982855775698 -2.4410278691461538 -1.9009135374354122 -2.091466388670668 -3.2083893511475883 -4.0278953633856975 -4.152784732100695 -4.15471601099835 -3.7623445149581873 -3.475227718840201 -3.219333264900964 -3.1977673172104875 -3.7269377351678528 -4.48110214470198 -5.138058849720826 -5.69780785022439
-0.02982616542436478 -0.3793876458998504 -0.2651203111219518 -0.19688179007148854 -0.20943510290624356 -0.3169429615423507 -0.39097531928577745 -0.6391446576343958 -1.1615555994499696 -0.8364569850114432 0.8286273045831125 1.0346303869996056 -0.3687656119627496 -0.9037298666130784 -0.4749859513337533 0.0013961767543850812 0.22027445182190863 0.5073912479398945 0.7835641303045051 0.9026596623265402 0.8411806174178675 0.5025630506957581 -0.19591615062266143 -1.0553352600789658 -1.6195905780103899 -1.9302046007165075 -2.1490828757840306 -2.569779795656461 -2.591345743346938 -1.989752366727525 -1.4145531350427252 -1.7827836448622052 -2.7220289487549003 -3.2495899676308864 -3.3764106152435396 -3.3529133886554088 -3.167510614480565 -3.1440133878924343 -3.2866061465026 -3.7662070727534966 -4.448592283258128 -5.0649921314262265 -5.371743596337034
0.11662915098111082 -0.4173694642203909 -0.480136028394166 0.3519232966786978 0.5862518029274586 0.0609439427654026 -0.29344573495421944 -0.06587670484725017 -0.25739519553133317 -1.0530821013650353 -0.6175787099439196 0.11276659318580151 -0.25932647442898826 -0.8715418849855014 -0.9565181564823044 -0.5689748576862783 -0.16759072679039377 0.1079383959416651 -0.08840829198655431 -0.03368872321967409 -0.059117228705459546 -0.14023094240695322 -0.5161865678170523 -1.1284019783735655 -1.7367548311347698 -2.0991915042612863 -2.151014154681685 -2.144898438172446 -2.3657079921376236 -2.080522474917292 -1.4779634588490511 -1.2330129186631904 -1.4889073726024273 -1.9974774823181431 -2.483837884710831 -2.8823250972602334 -2.923203833927256 -2.9576449742687636 -3.256349443772678 -3.711487503986616 -4.206538661418749 -4.561893978587198 -4.786566090347685
0.4906534974935548 0.106972756492838 -0.3578216982093734 0.2856160545258897 1.0014767659232007 0.6197273038201381 -0.15761245248584466 0.11373223263462862 0.7027722964192868 0.26791266463072194 0.26308446738658553 0.2466685967565212 -0.15374989469053535 -0.6549167686319084 -0.8158566767697932 -0.6684357209154914 -0.6185443493927467 -0.34140582757930904 -0.5464432705469742 -0.8824857987388777 -1.08848888115537 -1.2455662314979454 -1.4741009010537418 -1.6978073733654018 -2.0190434300086197 -2.2945725527406786 -2.3814801031351363 -2.1741895014535406 -2.0190434300086197 -1.9604613034464298 -1.8490908870150133 -1.423243890082171 -0.8490102978461982 -0.6977267841965862 -1.037631870183799 -2.100157143710114 -2.6685968992531226 -2.7220289487549003 -3.046483803560876 -3.5276941288931516 -3.9741414340676435 -4.35782217506836 -4.687105227118473
