static/data/ASCData/20210116/ASCV/21.asc
ncols 97
nrows 97
xllcorner 99.0
yllcorner 2.0
cellsize 0.25
NODATA_value -32767
[rows 38 to 56 of 97, columns 0 to 42 of 97]
0.5502324623763482 0.19986270591777 -1.001302463252725 -1.253310218410431 -0.9330952360732887 -0.6430350278575805 -0.5461089681815388 -0.8099632417440956 -1.3430565699623211 -1.1039722894280866 -0.8422719283027753 -1.432084950701796 -1.7670183346934492 -1.0558682449962733 -0.5755457714905594 -0.6577534295120904 -0.7367302188777529 -1.1545892317033521 -1.462239724823231 -1.881175693867453 -2.298316735880637 -2.441910898363661 -2.548170578601099 -2.565760863505269 -2.60094143331361 -2.911463809683149 -3.0119797234212657 -2.87161642959411 -2.4096022118049807 -2.0746688278133276 -1.9515368334841345 -1.6176804057111043 -1.0774073693687276 -0.5784176547402193 -0.7396021021274137 -0.9944817405347806 -1.8800987376488303 -3.3461951366005036 -4.371457456729294 -4.970963085095918 -5.379129491953913 -5.684985058042754 -5.868426600614817
0.2917629699069044 0.11478316464657823 -0.59887982289405 -0.8411949720841534 -0.49154318643799044 0.4008945333940028 0.7214685011373536 -0.5482628806187844 -1.3050041169043203 -1.0727405590880288 -1.1262293846129552 -1.4984972508501944 -1.5717302737165366 -1.1262293846129552 -1.0170978211258577 -1.0142259378761969 -0.8440668553338133 -1.2698235470959789 -1.5121386962860819 -2.032667535287043 -2.4936047968575497 -2.9710553871136036 -3.0902385419745135 -3.1214702723145713 -3.1947032951809136 -3.3257329684466725 -3.2826547197017653 -2.861564838220298 -2.363652079810413 -2.128157653338254 -1.9429211837351534 -1.5462423098758 -1.0454576682162546 -0.6459069111072404 -0.40179683488609985 -0.5414421579008408 -1.2884907882187724 -3.000492190422624 -4.261248937023573 -4.844959207517064 -5.235894314877097 -5.445541792102311 -5.625393480612299
-0.034554764335767096 -0.043529399490955356 -0.08517170661103268 -0.31384541036524816 -0.04532432652199336 0.8367028165299804 0.900961204241133 -0.1429683570104494 -0.8325793223351718 -0.7309864523784322 -1.1682306771392401 -1.663630537705672 -1.709221684294032 -1.7522999330389393 -1.6420914133332185 -1.3186455623402074 -1.2238734151014112 -1.5570118720620267 -1.7239400859485419 -2.1985187929549355 -2.6117109954998368 -3.1430093966870247 -3.5529707305760576 -3.586356373353361 -3.596048979320965 -3.669282002187307 -3.2934242818879924 -2.728740237923501 -2.1421580841803487 -1.7454792103209957 -1.6596816982373888 -1.5921924418703677 -1.0949976542728974 -0.6760616852286754 -0.3921042289184964 -0.552211720087068 -0.9065303160139289 -2.096207952185781 -4.101859416667416 -4.784649659274194 -5.096966962674771 -5.305178498275156 -5.465285989443728
-0.1411734299794123 0.03975521474919841 0.09647490892999233 0.07780766780719972 0.35207251814977525 0.62346548524269 0.677313296173824 0.16970793179633503 -0.4789786972207253 -0.5249288292152929 -1.2278222545696948 -1.8129684666880168 -1.663630537705672 -1.7102986405126548 -1.8147633937190544 -1.4963433384129492 -1.5706533174979138 -1.8538928029956785 -2.0093334838835517 -2.3920119269008104 -2.7524332747332 -3.216242419553367 -3.628357665879645 -3.9263155530319196 -3.9399569984678067 -3.811081237639293 -3.3548107863494847 -2.6038133165632704 -1.6108596829931607 -0.9076072722325517 -0.5805715671774649 -0.5317495519332365 -1.3100299125912258 -0.9018635057332309 -0.3978479954178171 -0.45923449987930987 -0.3206661330831917 -1.0364830330610655 -3.3081426835425023 -4.680184906067795 -4.999322932186315 -5.3137941480241375 -5.472106712161671
-0.18604660575535714 0.08570534674376606 0.1840673480446373 0.20847835566675066 0.9293210513315309 1.2007140184244456 0.6949035810779938 0.2152990783846951 -0.4836455075014241 -0.49262014265661236 -0.9898149302540826 -1.5871666461834617 -1.3322870077760944 -1.3617238110851142 -1.467265520510137 -1.5706533174979138 -1.684092705859503 -1.9816916076055695 -2.1909800994245767 -2.5198107315107015 -2.8547441155023545 -3.266859361828633 -3.5493808765139825 -3.848056734478672 -4.076730438232888 -3.9446238087485055 -3.449582933588281 -2.451603504331265 -1.2260273275386568 0.07780766780719972 0.45869118379342044 -0.38312959376330724 -1.1624869106399185 -1.5013691340998552 -0.9779684118492336 -0.3576416299225702 0.11693707708382295 -0.4642602955662154 -1.9544087167337953 -3.4341465611213557 -5.092300152394073 -5.40748933904431 -5.610675078957789
-0.42333595925855416 -0.09594126879725984 0.02790869634434845 0.483820162227949 1.193893295706502 1.390258312902037 0.8101378964706205 0.24473588169371485 -0.3892323456688356 -0.1968161679415834 -0.358718586141193 -1.001302463252725 -0.8117581687751327 -0.7991936795578685 -1.0257134708748383 -1.1761283560758065 -1.581422879684141 -1.9339465485799643 -2.1938519826742375 -2.4652449497671522 -2.862641794438921 -3.1753180832457053 -3.4291207654344498 -3.698718805496327 -3.9202128011263913 -3.8918529540359943 -3.5091745110187356 -2.274623699070938 -1.3207994747774525 -0.005117961026747331 -0.1957392117229606 -1.0443807119976318 -1.476958126477741 -1.8725600441184715 -2.1048236019347626 -1.3139787520595085 -0.356923659110155 -0.22409905881335845 -0.7991936795578685 -1.5218313022536858 -3.6958469222466666 -5.646932604984753 -5.952429185667386
-0.5805715671774649 -0.3393333742059852 -0.0715302611751456 0.4360751032023442 1.3669242614985455 1.6569844697142537 1.2233300990155218 0.56602782024948 -0.07763301308067394 0.090372157024464 0.010318411440177755 -0.1781489268187908 0.11765504789623815 0.038678258530575604 -0.2894344027431339 -0.933813206885703 -1.5415754995951017 -1.8215841164369984 -2.155799529616236 -2.445859737831944 -2.60094143331361 -2.843974553316128 -3.0697763738206825 -3.3813757064088446 -3.6233318701927395 -3.581330577666455 -2.8303331078802403 -1.7892754298783178 -1.1176137348639736 -1.776710940661053 -1.722863129729919 -1.6069108435248776 -1.6183983765235195 -1.727888925416825 -2.275700655289561 -2.599146506282572 -1.6848106766719178 -0.887145104078721 -0.24348427074856627 -0.9417108858222694 -3.802106602484104 -6.045406405875144 -6.353774869807437
-1.1567431441405978 -0.2826136800251904 -0.10778778720210891 0.5222316006921579 1.489697270421531 1.6910880833039723 1.4232849702731327 1.447695977895247 0.5172058050052524 0.5688997034991408 1.3249229689722615 1.459542496300096 1.0161955196337598 0.5046413157879881 0.01426725090846137 -0.6929339993204309 -1.497420294631572 -1.8402513575597914 -1.9719990016379656 -1.9361004610172095 -1.9084585847392277 -1.8276868683425267 -1.9730759578565884 -2.347138751124865 -2.6135059225308743 -2.378370481464923 -1.5099847838488363 0.9099358393963222 0.49099987035210013 -0.9837121783485543 -1.7738390574113927 -1.3911606143941344 -0.5669301217415779 -0.20040602200365942 -0.7532435475633008 -1.9106124971764729 -2.0861563608119695 -1.8901503290226422 -0.9496085647588357 -1.1624869106399185 -4.188733884969646 -6.697682888954279 -6.909484278616739
-0.9104791554822125 -0.7112422550370168 -0.3723600315770801 0.5746434699984615 1.445901050864209 1.6587793967452917 1.454875686019398 1.15009707614918 0.4127410517988528 0.05339666018508549 0.16970793179633503 1.028760008851025 1.208611697361012 1.1411224409939908 1.2739470412907874 0.665466777768974 -1.0590991136521417 -2.027641739600137 -2.4533984313623027 -2.2954448526309768 -2.1909800994245767 -1.845277153246697 -1.8000449920645445 -1.8901503290226422 -2.008256527664929 -1.80219890450179 -0.5636992530857095 0.7857268888485072 1.235894588232786 0.3775604819905114 -0.6577534295120904 -1.1068441726777474 -1.2317710940379776 -1.0942796834604822 -1.0081231859706685 -1.083510121274256 -1.0081231859706685 -1.882252650086076 -1.9289207528930583 -2.1626202523341798 -4.589361598297282 -6.970152812265817 -7.4817070161115895
-0.46928609125312093 -0.9399159587912322 -0.680010524696959 0.3384310727138873 1.3238460127536387 1.5952389798465534 1.303383844599808 0.8022402175340542 0.22822255300816696 -0.4096945138226662 -0.6390861883892969 -0.34902598017358866 -0.07655605686205114 -0.25999759943411416 -0.3928221997309116 -0.8605801840193612 -1.9027148182399065 -1.7250170421671647 -2.249494720636409 -2.329548466220695 -2.206416471891502 -1.9623063956703617 -2.2767776115081837 -2.437962058895378 -1.9673321913572672 -1.220283561039336 -0.15086603594701575 0.8072660132209606 0.8901916420549068 0.7214685011373536 -0.14476328404148742 -1.1506403922350694 -1.613731566242821 -1.8879964165853966 -1.890868299835057 -1.5081898568177987 -1.3050041169043203 -1.7601976119755056 -2.427192496709151 -2.1899031432059544 -2.995466394735718 -5.453439471038878 -7.623506251563575
0.17042590260874935 -0.14871212350977103 -0.24563818318581188 -0.5845204066457477 0.675518369142786 1.7262686531123128 1.518057117511928 0.984963789293702 0.5886439008405562 0.42530554101611706 -0.08337677957999468 -0.40574567435438347 -0.9837121783485543 -1.0483295514659146 -1.071663602869406 -1.476958126477741 -1.5588067990930647 -1.7544538454761844 -1.9116894533950957 -1.3283381683078113 -1.1851029912309947 -2.127439682525839 -2.2046215448604642 -2.4505265481126424 -2.2484177644177863 -0.8469387385834741 0.19196502698120366 0.9293210513315309 0.8560880284651882 0.8600368679334718 0.8130097797202813 0.030062608781594058 -0.05609388870822052 -0.19179037225467788 -1.0239185438438012 -1.4945484113819116 -2.1733898145204065 -2.1985187929549355 -2.6468915653081777 -1.7659413784748264 -2.335292232720016 -5.099838845924432 -7.6389426240305
0.6109009960254257 0.465511906511364 0.20776038485433634 -0.08337677957999468 0.6324401203978791 1.6792415648991224 1.8842222318436388 1.4232849702731327 0.8611138241520946 0.8657806344327925 0.8578829554962262 0.4673068335424011 -0.12824995535593953 -0.8128351249937555 -0.8674009067373047 -1.3003373066236215 -1.3139787520595085 -1.5932693980889905 -1.6830157496408802 -1.2543871746290538 -0.9370440755415714 -1.6898364723588237 -1.6819387934222574 -1.9106124971764729 -1.544447382844762 -0.286562519493474 0.17150285882737215 0.6080291127757649 0.6801851794234839 0.9099358393963222 0.9634246649212486 0.9497832194853615 0.8618317949645098 0.5922337549026322 -0.20830370094022577 -0.9887379740354598 -1.8334306348418474 -1.9544087167337953 -2.3665239630600734 -1.7562487725072224 -2.3618571527793755 -5.128198693014829 -8.081571629884422
0.6841340188917675 0.9702453876391921 0.593310711121255 0.5326421774721775 1.238766471482447 2.046483635449456 2.258285025111916 1.6627282362135745 0.7954194948161106 0.9242952556446244 1.1450712804622736 0.9282440951129081 0.7839319618174692 0.09934679217965314 -0.7180629777549603 -1.1506403922350694 -1.3100299125912258 -1.5168055065667803 -1.293516583905678 -1.6245011284290478 -1.297106437967754 -1.2845419487504888 -1.2845419487504888 -1.1721795166075228 -0.8002706357764913 -0.21727833609541491 0.06129433912165183 0.13811721605006966 0.3434568684007937 0.5416168126273666 0.8539341160279434 0.8395746997796403 0.6841340188917675 0.4138180080174747 -0.038503603804049824 -0.6487787943569012 -1.280593109282206 -1.266951663846319 -1.5491141931254604 -1.295311510936716 -1.9221000301751148 -5.351128630269724 -8.313835187700713
0.3746885987408515 1.1353786744946701 0.5541813018446309 0.6080291127757649 1.4128743934931132 2.2213095282725375 2.5181904592061892 1.9312493200568293 0.49566668063279895 0.5190007320362904 0.4888459579148554 0.48094827897828907 0.4859740746651946 0.7290071946677124 -0.08912054607931541 -0.8831962646104374 -1.2141808091338078 -1.4349568339514565 -0.9417108858222694 -1.2170526923834677 -1.2005393636979198 -1.0199697043755176 -1.1312551802998607 -1.0188927481568948 -0.8081683147130576 -0.32856381201975804 -0.19071341603605507 -0.26322846808998257 -0.09019750229793821 -0.08912054607931541 0.26232616659788466 0.38438120470845494 0.22894052382058216 0.25945428334822473 -0.1411734299794123 -0.7133961674742615 -1.325466285058151 -1.0608940406831797 -0.7180629777549603 -0.4524137771613663 -1.3010552774360367 -4.732955760780306 -8.438044138248529
-0.14691719647873303 0.6579280842386153 0.006369571971895027 0.45653727135617483 1.345385137126092 2.331518047978258 2.636296657848476 1.7661160332013521 0.1822724210135993 -0.4477469668806675 -0.484722463720046 -0.3938991559495335 0.0006258054725742923 0.5229495715045731 0.9594758254529658 0.3082762985924523 -0.2678952783706805 -0.6369322759520513 -0.4875943469697068 0.09934679217965314 -0.2815367238065676 -0.8548364175200405 -0.9058123452015137 -0.9377620463539866 -0.7873471611530194 -0.5216979605594254 -0.46928609125312093 -0.6039056185809564 -0.4836455075014241 -0.5540066471181051 -0.6232908305161642 -0.40287379110472266 -0.06794040711306959 0.07565375536995411 0.14134808470593718 -0.43482349225719563 -1.3635187381161522 -1.2863368757815268 -0.7385251459087909 -0.3716420607646649 -1.056945201214896 -4.538385670615809 -8.454557466934077
-0.47215797450278174 -0.5170311502787266 -0.16558443760152564 0.2544284876613183 1.0082978406971934 1.9782764082700197 2.479061049929565 1.7086783682081421 0.20093966213639192 -0.6096493850802771 -0.7571923870315844 -0.9582242145078173 -0.6889851598521481 -0.4857994199386688 0.22606864057092135 1.0201443591020434 1.0065029136661563 1.3051787716308452 0.9917845120116455 0.7419306692911842 0.2339663195074877 -0.4642602955662154 -1.058022157433519 -1.2152577653524297 -1.1233575013632953 -0.9916098572851206 -0.7180629777549603 -0.6692409625107318 -0.5568785303677659 -0.7033445761004504 -1.0188927481568948 -1.2317710940379776 -0.8752985856738711 -0.24348427074856627 0.21242719513503427 0.15391257392320234 -1.0354060768424427 -1.209513998853109 -0.9916098572851206 -0.8218097601489447 -1.2698235470959789 -4.714288519657513 -9.00236919680681
-0.49154318643799044 -0.4994408653745568 -0.09809518123450456 0.16970793179633503 0.8384977435610184 1.9079152686533378 2.622655212412589 2.3745962967231655 1.4782097374228895 0.43715205942096613 -0.36553930885913655 -1.014943908688612 -1.097151566710143 -0.8735036586428331 -0.45528566041102625 0.22319675732126054 0.8629087511831317 0.9555269859846822 0.8883967150238687 0.270223845534451 0.08929520080584119 -0.36446235264051374 -1.0558682449962733 -1.527575068753007 -1.5728072299351594 -1.4048020598300215 -1.0608940406831797 -0.8968377100463245 -0.570519975803653 -0.5920591001761064 -0.8950427830152874 -1.4055200306424367 -1.5268570979405918 -1.0081231859706685 -0.4466700106620447 -0.4495418939117055 -1.4299310382645505 -0.5636992530857095 -0.43590044847581844 -0.16343052516428092 -0.4437981274123848 -4.12052665779021 -8.878160246258997
-0.5432370849318788 -0.5005178215931787 -0.17240516031947006 0.0024207325036122995 0.7789061661305627 1.9868920580190013 2.729273878056234 2.6441943367850422 2.2467974921132745 1.8160150046642025 1.249536033668674 0.302173546686924 -0.5374933184325581 -0.9212487176684387 -0.7963217963082085 -0.22122717556369764 0.05914042668440622 0.18514430426325923 0.5739254991860463 1.0212213153206662 0.7641877644760529 0.33663614568285016 -0.9262745133553443 -1.8833296063046983 -1.8158403499376772 -1.4877276886639677 -1.1068441726777474 -0.9086842284511745 -0.5130823108104439 -0.5461089681815388 -0.6721128457603927 -1.1732564728261456 -1.7720441303803551 -2.077540711062988 -2.367600919278696 -2.024769856350477 -1.7522999330389393 -0.3558467028915322 -0.6010337353312956 -0.6380092321706741 -0.8713497462055884 -4.310788923080215 -8.972214422685376
-0.7485767372826029 -0.40646364516679867 -0.652727633825184 -0.10383894773382618 1.277895880759071 2.509215824051 2.90194585844207 2.6811698336244207 2.3911096254087134 2.1111010085668163 1.8756065820946572 1.5593404392257977 0.8259332543437532 0.2379151589757713 -0.09019750229793821 -0.6067775018306163 -0.5044666610614623 -0.3235380163328525 0.22032487407160062 0.27704456825239454 0.20165763294880712 -0.49369709887523516 -1.1818721225751272 -1.4712143599784202 -0.6685229916983166 -0.2700491908079261 -0.2815367238065676 -0.47287594531519694 -0.3881553894502128 -0.7288325399411866 -0.8462207677710589 -0.9966356529720262 -1.4877276886639677 -2.1733898145204065 -2.5747354986604583 -1.9816916076055695 -1.211308925884147 -1.0325341935927819 -2.0229749293194392 -1.7113755967312776 -1.8481490364963578 -5.2581514100619655 -9.525769919057433
