static/data/seaWater_vo/2023/7/24/0.asc
ncols 137
nrows 93
xllcorner 108.0
yllcorner 17.0
cellsize 0.25
NODATA_value -32767
[rows 52 to 77 of 93, columns 58 to 115 of 137]
0.028548012 0.32570872 0.33625636 0.35229123 0.45400763 0.22599424 0.13794173 0.11553409 0.3258011 0.3044184 0.1829626 0.3117324 0.60558444 0.76252186 0.8966204 0.68342507 0.5608983 0.54165167 0.48900068 0.10419093 0.058176693 0.23392798 0.056485906 -0.052581232 -0.10053353 0.13363008 0.22317265 0.4385031 0.7002945 0.51189 0.59533197 0.43998843 0.4010419 0.4262409 0.32192412 0.059804652 -0.10221846 -0.17802942 -0.24908367 -0.21999553 -0.24626033 -0.22093034 -0.31109175 -0.2876714 0.1535307 0.2760278 0.26299846 0.23454864 0.26302415 0.32707253 0.13630618 -0.30252784 -0.17538337 -0.02341635 0.115769476 0.0858236 0.028756082 0.019675829
-0.020695278 0.07636549 0.1445186 0.39228317 0.30994153 0.21096152 0.09239598 0.3041029 0.55861217 0.4233676 0.3527921 0.3834639 0.73882085 0.71290815 0.83310723 0.7163798 0.5470728 0.4795154 0.19531886 0.16097127 0.24820518 0.20350096 0.047094952 -32767.0 -0.17575462 0.096167326 0.23335536 0.25558546 0.54039246 0.66126436 0.61690694 0.42159748 0.39042115 0.35896438 0.32709375 0.14480017 -0.017454475 -0.11918415 -0.176474 -0.26461655 -0.28461832 -0.4080976 -0.26217994 0.06929364 0.21420439 0.30532554 0.31704155 0.32417694 0.37539145 0.4020334 0.23067872 -0.22496755 -0.20522548 0.012014458 0.08309924 0.11889388 0.04769003 0.09417996
0.058003318 0.113338344 0.25964588 0.4326315 0.3797213 0.2427363 0.16146052 0.13682464 0.20445858 0.3828799 0.1581242 0.36572665 0.79129237 0.6222372 0.7158234 0.65368724 0.49511582 0.21123716 0.038811836 0.18109943 0.24569573 0.09464924 0.10938476 0.12052995 -0.18197942 0.043263424 0.28376737 0.35477993 0.37701437 0.69913036 0.63641864 0.42961216 0.35237023 0.3308547 0.2623663 0.15470132 0.006295292 -0.11728908 -0.22800398 -0.2958143 -0.43950427 -0.3170732 -0.0009134839 0.19624774 0.34784445 0.40419453 0.417901 0.49325076 0.5223689 0.51612085 0.3957128 -0.01574758 -0.26586732 -0.06718819 0.04038385 0.13669406 0.0870859 0.12144706
0.23724796 0.3641912 0.4401213 0.41765553 0.33657697 0.317386 0.37000278 0.48305544 0.48746416 0.43980315 0.44555616 0.72549856 0.6594674 0.4140602 0.62430096 0.56333685 0.42119354 0.29221556 0.21298578 0.16430154 0.1265635 -32767.0 0.11683332 0.20506552 -0.122230716 -0.030069971 0.056002688 0.4424064 0.37315628 0.4960939 0.60899824 0.47450975 0.29931194 0.29270926 0.21222359 0.09036966 -0.028878443 -0.16480494 -0.29840446 -0.45138222 -0.3701952 -0.026701443 0.19196926 0.3098051 0.4059108 0.4147026 0.42193854 0.4946043 0.6178487 0.5872473 0.5139067 0.2947328 -0.18865527 -0.24661055 -0.05828411 -0.025947101 0.032650888 0.13357489
0.33429357 0.4796403 0.5026072 0.4338356 0.3488415 0.29487535 0.3421208 0.39610767 0.42647198 0.50072753 0.5208541 0.60435975 0.55385506 0.5440091 0.52839524 0.4086779 0.26077968 0.17200544 0.19911015 0.26238114 0.21553305 0.114392854 0.11018772 -0.013430054 0.052512806 0.06567825 0.0823336 0.37500003 0.3599827 0.35369757 0.5473842 0.47138524 0.29574108 0.20991531 0.16376027 0.07879658 -0.07833153 -0.25514013 -0.468554 -0.43560195 -0.109945714 0.0019986203 0.10804111 0.40350693 0.51320237 0.4281223 0.41177088 0.47232524 0.5651563 0.5893423 0.5116928 0.40213913 0.14580601 -0.2903983 -0.24716145 -0.028367486 -0.059083547 0.034789834
0.46396253 0.6093378 0.6874644 0.50821525 0.21249971 0.1478221 0.09156239 0.38044307 0.30801836 0.33654046 0.3202414 0.5492735 0.6059934 0.5806418 0.32814834 0.12139265 0.10961272 0.032859385 0.3673761 0.47659642 0.23698574 0.030470608 0.0712127 0.14041035 0.17400742 0.18125443 0.21760249 0.25613192 0.29258674 0.32437998 0.5102423 0.36299282 0.3757327 0.17622867 0.10493545 0.014057772 -0.19416143 -0.43574437 -0.48990998 -0.22501986 -0.09852893 -0.10091883 0.038599502 0.20937961 0.58678335 0.60350746 0.38793507 0.40943813 0.60625243 0.55158514 0.5104072 0.4258584 0.28287306 0.026536748 -0.31946278 -0.21462709 0.027928006 0.1839586
0.3945401 0.8230124 0.782462 0.5937654 0.31366932 0.079949565 0.06421221 0.0507307 0.11709611 0.30892006 0.56391305 0.59298253 0.48548886 0.38285068 0.2327971 -0.080447435 0.08262107 0.27017316 0.45714688 0.40019014 0.3039192 0.03125829 -0.050828766 0.10709405 0.1563349 0.083694294 0.07757911 0.15296426 0.20224679 0.330626 0.4523161 0.27255026 0.32929325 0.2974521 0.08740788 -0.053664114 -0.27757528 -0.43990713 -0.33989656 -0.08569563 -0.06812881 -0.07838383 0.018363222 0.16214664 0.47360238 0.6411275 0.5248683 0.42155835 0.61351043 0.5063177 0.4274838 0.36792067 0.29701748 0.19423658 0.036724746 -0.14506516 -0.11607523 0.046312112
0.72502106 0.9975712 0.7206128 0.51361847 0.28734317 0.053766955 -0.07263354 0.14656018 0.44071278 0.48875016 0.48643032 0.38826972 0.11615091 0.39433616 0.28642347 -0.0045397356 0.15634713 0.2948455 0.34969333 0.40319118 0.2888805 0.045669243 -0.04320281 0.094804354 0.07278021 0.04443616 -0.028738894 0.018692633 0.14861065 0.31791043 0.44725278 0.27639613 0.081129946 0.32109308 0.15040424 -0.08963156 -0.2985188 -0.36540696 -0.25147164 -0.02725804 0.014960477 0.02125419 0.11743833 0.29687893 0.4807858 0.5956747 0.5161601 0.46696752 0.5595433 0.5942343 0.35021177 0.3692223 0.34089747 0.29723477 0.14963742 0.03612139 0.006151263 -0.01719015
1.2393948 0.85152197 0.56792945 0.27621892 0.07305065 -0.0984705 0.24214108 0.3031622 0.4477423 0.38738796 0.4496598 0.08333074 0.069256224 0.48700768 0.26034656 0.057693724 0.13486005 0.27896395 0.42291698 0.33887035 0.17170364 0.011754915 -0.0011866076 0.043312415 0.13592984 0.052339748 -0.08591874 -0.07300498 0.1705853 0.35264292 0.42373255 0.23982358 -0.038323425 0.10416696 0.18795499 0.020622693 -0.1433993 -0.23976462 -0.15963647 -0.0017753328 0.108469985 0.13220736 0.22367851 0.35184187 0.53458303 0.5551013 0.45864427 0.48952466 0.55236465 0.52337694 0.35929835 0.27951524 0.3726561 0.43340307 0.25027534 0.05253783 -0.04114817 -0.011319477
1.0955458 0.7048395 0.31530628 0.038360856 0.07437315 0.15148677 0.22704354 0.11884515 0.43460172 0.33021134 0.4080072 0.094153754 0.17448483 0.36761937 0.1999226 0.15528494 0.3476325 0.41025615 0.4472514 0.24302912 0.07448899 -0.0795547 -0.051529363 0.13261835 0.13984062 0.10453278 -0.08802609 -0.019194024 0.24326168 0.3809376 0.29866055 0.1760755 -0.0017207869 -0.079981975 0.073963016 0.07064855 0.0006351214 -0.033612814 -0.0012941461 0.10220604 0.1747857 0.21818338 0.30725482 0.39725608 0.4475383 0.44784096 0.47448033 0.49245355 0.4345943 0.33831424 0.25176287 0.13163002 0.30080837 0.55334735 0.33019155 0.08590009 -0.024017498 -0.096065246
0.84242165 0.3541482 0.058430538 0.033840027 0.25638855 0.09544896 0.19556263 0.26136124 0.45035788 0.3328596 0.41103667 0.37256724 0.30104917 0.25280854 0.15602438 0.26462692 0.38789803 0.33253855 0.33789277 0.13526371 -0.040771805 -0.14511652 0.07651644 0.11797941 0.10407693 0.056805167 -0.05215302 0.120862015 0.3265316 0.22604623 0.15538542 0.099676766 0.033990387 -0.049740992 0.031019224 0.07940162 0.12050261 0.13752148 0.14867143 0.19889079 0.24111651 0.26437244 0.2593398 0.2977856 0.29863554 0.30347425 0.34734473 0.39169696 0.33983514 0.2876862 0.18905453 0.12129934 0.17607145 0.59226555 0.35505453 0.15146144 -0.0136938 -0.11394002
0.4706568 0.04841612 -0.008423472 0.20221992 0.32679856 0.21556474 0.09743102 0.27561456 0.46533507 0.36650953 0.35353172 0.46962517 0.3794856 0.2007648 0.11852359 0.17569657 0.29169995 0.22302496 0.19553582 0.058424287 -0.0785761 -0.0041233557 0.07424647 0.047863603 0.03661172 0.016850978 0.10336593 0.24451512 0.15792276 0.14961731 0.095907435 0.11446722 0.13099378 0.056778595 0.04374348 0.048454538 0.06441807 0.06743456 0.08674328 0.11653192 0.13402398 0.17430134 0.17204832 0.18187353 0.19249833 0.18129988 0.23337618 0.23239867 0.31317982 0.30481285 0.16539848 0.031836245 0.04573726 0.6123484 0.3403164 0.14005423 -0.06551226 -0.17389658
0.093915805 -0.09028729 0.11543504 0.18286318 0.29707095 0.2898126 0.29301053 0.38109156 0.45463738 0.42759252 0.3658488 0.44197223 0.43265817 0.15348676 0.043473683 0.12705566 0.17538476 0.11472139 0.026821425 -0.013363372 -0.031095315 0.00057684595 -0.04892729 0.010340504 0.066937 0.10838975 0.10858116 0.0790314 0.12524433 0.14032747 0.16548279 0.17794712 0.12543201 0.116376616 0.13196298 0.12816726 0.08910864 0.06358075 0.059507385 0.08620086 0.14117374 0.14730185 0.17736357 0.19634522 0.19649777 0.18628457 0.1873028 0.07650124 0.21736433 0.30538335 0.18106423 -0.016182253 -0.035137888 0.57295895 0.28844592 0.11723455 -0.08495919 -0.24225166
-0.08681954 0.07197799 0.17460853 0.27150685 0.3397885 0.39189765 0.39525506 0.35376444 0.3346858 0.34297615 0.3581185 0.44097394 0.45988742 0.116030276 0.018602211 0.22277953 0.13979389 0.054895017 -0.123265184 -0.09903565 -0.08529395 -0.17515911 -0.058803555 0.045607172 0.12977235 0.14978506 0.1042475 0.09581131 0.17165403 0.24403974 0.28423193 0.26730627 0.2248371 0.18945853 0.19524048 0.2597377 0.26875362 0.13603036 0.118437715 0.068903856 0.122931235 0.102456786 0.13694523 0.15846287 0.13689712 0.119850434 0.09135898 0.04490815 0.28145936 0.25862062 0.21303497 -0.03390252 -0.039145973 0.49660254 0.20509373 0.074378595 -0.13615765 -0.31353953
-0.11687116 0.18387538 0.34436688 0.39678082 0.41632128 0.4230054 0.35862607 0.25740406 0.2063097 0.2051619 0.31338564 0.42414 0.40934476 0.049295384 0.13607846 0.15500414 0.13715477 -0.023623144 -0.19694075 -0.16345248 -0.2940531 -0.1999164 0.0065860935 0.15019463 0.18762241 0.2410523 0.20876448 0.16507703 0.1539103 0.18627024 0.20844953 0.19877566 0.200829 0.18893121 0.19901723 0.1850414 0.22784978 0.14980727 0.12905605 0.0825783 0.03468625 0.06546313 0.20312111 0.2543561 0.22509211 0.16841212 0.14312057 0.1735948 0.17163703 0.09683374 0.084902994 -0.03805276 -0.028878173 0.44508892 0.16109173 -0.025444308 -0.26215413 -0.18168205
-0.17095728 0.2361184 0.48025408 0.39577773 0.46662545 0.4137338 0.34097987 0.22675373 0.12541652 0.14210673 0.23837061 0.33704117 0.2958003 -0.0008513204 0.17111403 0.10455698 0.08306184 -0.11295358 -0.23199074 -0.37838924 -0.37098968 -0.08750874 0.12272269 0.19295467 0.17767929 0.17776862 0.23929398 0.22907677 0.17640316 0.17867461 0.15971737 0.12927282 0.12904544 0.15113786 0.11676704 0.16301535 0.20256059 0.14958331 0.15495384 0.052213136 -0.055882037 0.15243873 0.28757972 0.35977173 0.34777096 0.32945386 0.27095315 0.21814638 0.1554369 -0.007304348 -0.14031598 -0.12109228 0.024476878 0.326247 0.0040692883 -0.19121808 -0.30427808 0.120225556
-0.14325161 0.28589335 0.3500355 0.44657856 0.41625357 0.4308507 0.42652074 0.32220283 0.21002424 0.15827782 0.15906486 0.17198826 0.11356799 -0.09273786 0.14997612 0.10413198 0.027133323 -0.17578295 -0.34416023 -0.5326701 -0.31708845 -0.09449545 0.27746177 0.33815593 0.19329357 0.24270761 0.23111057 0.19547759 0.15438353 0.16743858 0.13551633 0.050852805 0.14980556 0.18013407 0.13308114 0.14583749 0.18214579 0.18327591 0.062987216 0.038673617 0.017795702 0.110916525 0.26268023 0.44787624 0.4812271 0.46570882 0.34798744 0.24457984 0.12638132 -0.034467388 -0.14686407 -0.17169525 -0.01608791 0.065938115 -0.23613669 -0.32198903 -0.11632858 0.11512774
-0.029675568 0.1376499 0.22468294 0.34128067 0.42351076 0.54491425 0.51106656 0.41514778 0.29647237 0.22955085 0.14087746 0.12300648 -0.0034972043 -0.19348896 0.12872021 0.10878954 0.020702958 -0.2319304 -0.50095487 -0.499454 -0.36949763 -0.22343333 0.305523 0.53115255 0.22105335 0.29806447 0.27125886 0.18107837 0.15878892 0.15619206 0.0976743 0.058243904 0.19893475 0.18398787 0.18214211 0.0888132 0.17875524 0.18278258 0.13278447 0.01613798 0.09179814 0.01275821 0.19260077 0.43764573 0.59714174 0.5499008 0.40956575 0.35649753 0.24794035 0.0328607 -0.11167533 -0.16238046 -0.1523291 -0.18810436 -0.42241508 -0.34909132 0.054626368 -0.026409212
0.033634584 -0.13403843 0.09928177 0.19314672 0.34183353 0.6410001 0.6913123 0.5584142 0.4362309 0.33749345 0.15355432 0.050421204 -0.122222215 -0.2574911 0.11305009 0.09390313 -0.017618591 -0.31506664 -0.5235622 -0.39963433 -0.23020436 -0.034955535 0.4084711 0.5726178 0.34506956 0.4110773 0.38762918 0.25103167 0.15588662 0.1369173 0.11572945 0.1526043 0.228476 0.12779501 0.13603932 0.06988394 0.09781027 0.22563702 0.15404527 0.06545406 0.04293635 -0.01854556 0.17705412 0.5223911 0.6736325 0.56606627 0.4369084 0.44260567 0.25452745 0.028590424 -0.09990113 -0.20344216 -0.23544383 -0.37595737 -0.48409557 -0.24993175 0.0728689 -0.076380536
0.051897295 -0.27662995 0.006891942 0.12653664 0.1887836 0.5138871 0.81772983 0.64596933 0.5807999 0.37239537 0.10222087 -0.08182805 -0.27632678 -0.24909037 0.058370117 0.05375743 -0.007603795 -0.30360284 -0.45299408 -0.32370937 -0.091410436 0.21266125 0.47942033 0.40340826 0.35198468 0.49139938 0.43620354 0.3093362 0.15423794 0.1055948 0.1676343 0.21141988 0.13440236 0.10497656 0.08084847 0.11966236 0.20540363 0.21315835 0.13180828 0.14203817 0.04415951 0.061389063 0.21785714 0.48946607 0.63117963 0.5236962 0.39581844 0.49456665 0.29803538 0.0831182 -0.08814041 -0.20833567 -0.32165122 -0.50792295 -0.40221858 -0.1118298 -0.012862553 -0.0871345
0.12464309 -0.052602135 -0.03180696 0.09575318 0.16589002 0.3951397 0.66178083 0.5686081 0.6238261 0.35390663 0.060140375 -0.16513625 -0.41406137 -0.1557858 0.03589431 0.03713336 -0.0163019 -0.16173208 -0.2745835 -0.16139351 0.0508455 0.20992646 0.3120866 0.28388354 0.46356156 0.5162481 0.4288366 0.2893221 0.14448696 0.07667546 0.14276007 0.18065366 0.15321395 0.10565028 0.0929347 0.121881 0.15746713 0.16723756 0.081098214 -0.02526381 0.12572445 0.17636916 0.27212203 0.4480405 0.53664297 0.38848042 0.26365232 0.3940037 0.3964691 0.15037842 -0.08481743 -0.24490859 -0.41359285 -0.45926932 -0.28221568 -0.067545965 -0.11714367 -0.10749734
0.2382899 0.28651398 0.2605204 0.2277124 0.15993983 0.18186353 0.35771814 0.43383974 0.58531886 0.26996046 0.003159933 -0.21872707 -0.46978077 -0.05712972 0.00042842462 0.00854306 -0.0009726056 -0.07938838 -0.1166609 -0.08788829 0.01348265 0.11424062 0.2398376 0.48578867 0.54899967 0.51171154 0.33904424 0.1814125 0.033094637 0.09216425 0.13008313 0.22924523 0.2721147 0.18644385 0.120276086 0.10034315 0.10695881 0.0771036 0.034716237 -0.07644966 0.0061454037 0.20845327 0.3451995 0.49590668 0.422626 0.26620224 0.163501 0.14623018 0.29955494 0.18499352 -0.05757343 -0.22725245 -0.33262402 -0.25069994 -0.11732348 -0.12307711 -0.10979761 -0.10291656
0.44906455 0.5258238 0.5432903 0.5084294 0.26098254 -0.066070065 0.024643706 0.33936775 0.49945876 0.1581998 -0.050560042 -0.28836882 -0.45303604 -0.010285465 -0.015580201 -0.0041401335 0.0041280566 0.013323189 0.0030773312 0.0025980372 0.004345039 0.16229732 0.4376734 0.5926237 0.60010064 0.5109433 0.3149075 0.17905505 -0.0242605 0.005817748 0.12688206 0.340998 0.35679367 0.28429517 0.2139044 0.1434455 0.07275887 0.1026013 0.04808945 -0.05190386 -0.12948385 0.23957321 0.38577834 0.49638277 0.33316344 0.23639192 0.15127428 0.12114739 0.03142085 0.07094597 -0.036831535 -0.2071853 -0.23470522 -0.102778055 -0.0903921 -0.12067021 -0.078100495 0.011249642
0.4289363 0.5297656 0.6478104 0.7060036 0.37053272 -0.096429355 -0.13283005 0.30422416 0.35683718 0.05222028 -0.0999894 -0.28680608 -0.4632731 -0.05889171 0.009501099 0.0021769418 0.060916875 0.11558223 0.107142106 0.09994449 0.17247282 0.3608411 0.5371534 0.5826127 0.5296962 0.42470673 0.26780447 0.16085191 0.041830547 -0.03782819 0.12936822 0.37630937 0.37619212 0.3498287 0.2204483 0.08100868 0.008766111 0.017559117 0.008656444 -0.028980741 -0.16834185 0.16347763 0.40805188 0.50848854 0.27317947 0.1904469 0.10574912 0.07570069 -0.031735107 -0.14795259 -0.10427433 -0.15906018 -0.075529024 -0.0884638 -0.1236799 -0.07553361 0.05692867 0.1763446
0.4212926 0.41479176 0.51163036 0.5832427 0.3082701 -0.064018354 0.032253835 0.3084198 0.15972634 -0.00058906805 -0.1531559 -0.27860954 -0.45877823 -0.23834272 -0.022413692 0.062653296 0.3195467 0.35433733 0.3092631 0.27990046 0.33026484 0.4184303 0.44486156 0.41270545 0.34631968 0.25555637 0.16117504 0.1018036 0.09279834 0.107772015 0.1854464 0.28747314 0.41036597 0.34130955 0.10507874 -0.029703572 -0.07058351 -0.063104235 -0.052797735 -0.067610115 -0.07176701 0.055611085 0.35931224 0.51174724 0.23661032 0.13196926 0.008759279 -0.04584243 0.16612327 0.068284065 -0.08549315 -0.17328736 -0.12060649 -0.07520006 -0.020684646 0.09737014 0.23304866 0.3115201
0.39369786 0.339996 0.31078503 0.3380955 0.26356226 0.13529567 0.2216553 0.18255185 0.053638354 -0.04400974 -0.116242394 -0.20410103 -0.38307536 -0.3395107 -0.0948953 0.39024588 0.49128217 0.4896698 0.43771583 0.38099477 0.36779848 0.34604546 0.2980532 0.25174385 0.17921862 0.16084906 0.15878096 0.13866027 0.14850937 0.17518587 0.23649223 0.3371031 0.32057315 0.20465124 0.04362813 -0.070825145 -0.09402791 -0.056333248 -0.058692638 -0.11351551 -0.088153034 0.02561082 0.26293346 0.4471445 0.16674992 0.100097865 -0.081052646 -0.01892975 0.28977352 0.2492929 0.045891788 -0.06453742 -0.026013143 0.009045133 0.092303514 0.18647085 0.25970146 0.27696797
