static/data/seaWater_vo/2023/7/24/12.asc
ncols 137
nrows 93
xllcorner 108.0
yllcorner 17.0
cellsize 0.25
NODATA_value -32767
[rows 0 to 24 of 93, columns 58 to 115 of 137]
-32767.0 -32767.0 -32767.0 -32767.0 -32767.0 -32767.0 -32767.0 -32767.0 -32767.0 -32767.0 -32767.0 -32767.0 -32767.0 -32767.0 -32767.0 -32767.0 -32767.0 -32767.0 -32767.0 -32767.0 -32767.0 -32767.0 0.12661593 -0.123318985 -0.27383882 -0.09068337 0.2422347 0.08147797 -0.060802445 -0.0029470082 0.07448965 0.055612985 0.08507233 0.07564868 0.03643721 -0.025867335 -0.0077219773 0.16262212 0.20122369 0.1426532 0.19057763 0.12348932 0.27657074 0.4746331 0.2468373 -0.03476694 -0.2055116 -0.06649432 0.003152818 -0.07163503 -0.09847937 -0.16373307 -0.122645006 0.01960605 -0.10843925 -0.23437327 -0.062007293 0.17904006
-32767.0 -32767.0 -32767.0 0.024295341 0.012711207 0.020443449 0.035033576 0.017707638 0.011833444 0.010993712 -32767.0 -32767.0 -32767.0 -32767.0 -32767.0 -32767.0 -32767.0 -32767.0 -32767.0 -32767.0 -32767.0 0.12566982 -0.08311152 -0.3494426 0.09246656 0.13727386 0.1240903 -0.002338229 -0.07579542 -0.11575817 -0.06128171 0.14712992 0.27458504 0.21061417 0.021941017 -0.08348783 0.04760949 0.16925271 0.09167272 0.20683794 0.120994136 0.06946716 0.32185802 0.4368516 0.10738862 -0.22332352 -0.23363025 -0.10937459 0.1192016 0.12605053 0.069377124 0.06669522 0.13363986 0.15499024 0.017661652 -0.14158541 -0.008968342 0.19076061
-32767.0 0.05598433 -32767.0 0.02008332 0.00572756 -0.058151234 0.02149917 0.015517244 0.07997386 0.023095198 0.00060996495 -0.009157125 -32767.0 -32767.0 -32767.0 -32767.0 -32767.0 -32767.0 -32767.0 -32767.0 -32767.0 0.09163348 -0.37041262 -0.09025512 0.2595848 0.11696179 -0.07249884 -0.0029793116 0.034085285 -0.07569596 -0.07819696 0.01362396 0.012455065 -0.12107097 -0.12914555 -0.2579506 0.1335797 0.14167693 0.090887435 0.07829072 0.1755679 0.2284769 0.31886208 0.27608868 -0.11990589 -0.23560037 -0.09973444 0.023671938 0.07202721 -0.106695436 -0.15079981 0.08213559 0.1793593 0.206892 -0.041969042 -0.21888727 -0.067784056 0.13280387
0.080181785 -32767.0 -0.057615936 -0.069816604 -0.009555817 0.0670335 -0.04418368 -0.010980307 -0.026298987 0.06282268 0.022406578 0.06995328 -32767.0 -32767.0 -32767.0 -32767.0 -32767.0 -32767.0 -32767.0 -32767.0 -0.08360246 0.06431014 -0.32567838 -0.005226879 0.19674742 0.058070034 0.090733185 0.19007407 0.1917479 0.10126999 -0.031593032 -0.019551618 0.01702263 -0.26562074 -0.29952347 -0.43806145 0.009787336 0.09471451 0.159112 0.39416808 0.4182849 0.3231294 0.2408171 0.004591632 -0.32149765 -0.34823456 -0.05692918 -0.087852456 -0.19625339 -0.23804569 0.007668959 0.2440566 0.20187052 0.023940058 -0.052092314 -0.30793375 0.054149374 0.06368337
0.034052357 -32767.0 -0.008562211 -0.114879295 0.11506246 0.043985825 -0.012037022 0.03496166 0.1884677 0.0365137 0.0497686 -32767.0 -32767.0 -32767.0 -32767.0 -32767.0 -32767.0 -32767.0 -32767.0 -32767.0 -32767.0 -32767.0 -0.051491063 -0.102467544 0.088538714 0.054740593 -0.037670642 0.1122543 0.20838231 0.31224823 0.11210186 0.13135749 -0.02364102 -0.217526 -0.34787 -0.2995312 -0.20678891 -0.037562266 0.27916208 0.5067132 0.36909193 0.2586233 0.13349295 -0.1646549 -0.41807607 -0.42240483 -0.1992322 -0.14740136 -0.22165151 -0.281047 -0.032996632 0.30798918 0.17426227 -0.10779213 -0.14468604 -0.17555092 -0.043186042 -0.03963769
0.10938854 0.13552348 0.073253095 -0.024969254 0.04597034 -0.021391295 0.0015866178 -0.06704875 0.054573156 0.11694434 0.0434277 -32767.0 -32767.0 -32767.0 -32767.0 -32767.0 -32767.0 -32767.0 -32767.0 -32767.0 -32767.0 -32767.0 -32767.0 -0.21800281 -0.10152705 -0.09430941 0.058874387 0.12989458 0.45441163 0.53657335 0.22656702 0.12013575 -0.059051108 -0.046083365 -0.13827953 -0.13215587 -0.18498512 -0.06911779 0.06350539 0.16280176 0.24359907 0.22269146 -0.038757987 -0.2605455 -0.49992955 -0.3399857 -0.12066624 0.030959317 0.0997677 0.06719512 0.15074538 0.21648794 0.06769565 -0.24468309 -0.28289306 -0.06827092 -0.018180683 0.05341439
0.15383194 0.12111018 0.14162447 0.060414225 0.008831697 -0.07749737 -0.062258434 -0.046732232 0.1639327 0.07445695 0.045530073 -32767.0 -32767.0 -32767.0 -32767.0 -32767.0 -32767.0 -32767.0 -32767.0 -32767.0 -32767.0 -32767.0 -32767.0 -32767.0 -0.24321316 -0.23544997 -0.03262452 0.16773477 0.48671257 0.64684355 0.40837723 0.19733363 0.061609626 -0.033009373 -0.12165163 -0.15391877 -0.10671475 -0.05791629 -0.018743876 0.052084785 -0.0658112 -0.11102818 -0.11980518 -0.21867535 -0.3064555 -0.11466836 0.062240567 0.29273388 0.37429968 0.24420495 0.14309579 0.1096626 -0.022902383 -0.24237335 -0.34408066 -0.10263354 -0.02601582 0.10009665
0.1223327 0.049920082 0.014954809 0.025873717 -0.01606837 -0.07236009 -0.031248858 0.15087198 0.17449602 -0.024644393 -32767.0 -32767.0 -32767.0 -32767.0 -32767.0 -32767.0 -32767.0 -32767.0 -32767.0 -32767.0 -32767.0 -32767.0 -32767.0 -32767.0 -32767.0 -0.27935982 -0.25680882 0.09462584 0.39677498 0.6964667 0.39545476 0.27579445 0.16306874 -0.13277552 -0.1683112 0.12115805 0.12340546 0.0644865 -0.025749572 -0.06780078 -0.15410097 -0.26017597 -0.18691815 -0.056262635 -0.0091961315 0.15566544 0.37933534 0.41736937 0.17068966 0.044261932 0.030132549 -0.04177385 -0.12347391 -0.17661886 -0.20016508 -0.21075833 -0.13905935 0.17266448
0.17760304 0.11110984 0.040860612 0.020680327 0.07923869 0.058388624 0.078511566 0.12671609 0.21720308 -32767.0 0.20294671 -32767.0 -32767.0 -32767.0 -32767.0 -32767.0 -32767.0 -32767.0 -32767.0 -32767.0 -32767.0 -32767.0 -32767.0 -32767.0 -32767.0 -0.107970245 -0.20578898 0.17257684 0.5747908 0.68568563 0.36698213 0.1079064 0.030244797 -0.26242283 -0.05603555 0.31852922 0.29526573 0.15306355 0.0348738 -0.014142331 0.002730883 -0.026706314 0.0083108805 0.09250562 0.18632889 0.2664505 0.19577113 0.02621025 -0.15054889 -0.039845612 -0.04154548 0.061262738 -0.03266427 -0.062185854 -0.08209353 -0.111990415 -0.02968867 0.23542744
0.21646963 0.15314847 0.104999535 0.1016264 0.1376396 0.20496543 0.22898649 0.117405824 0.10777374 -0.011871595 0.17646702 0.16089614 -0.004268772 0.019574339 -0.031867366 0.012696059 -32767.0 -32767.0 -32767.0 -32767.0 -32767.0 -32767.0 -32767.0 -32767.0 -32767.0 -32767.0 -0.0677581 0.049292993 0.49549544 0.737355 0.30489686 -0.19102024 -0.1423936 -0.16752627 -0.10860102 0.17407039 0.188243 0.13584521 0.11461095 0.14861001 0.17938629 0.22673348 0.26563847 0.13208242 0.006777265 0.0026673204 0.061843563 -0.13669048 -0.09327606 -0.050712246 -0.16305411 0.09699195 0.27391908 -0.10390854 -0.18931022 -0.09466996 -0.038476586 0.2557473
0.09145059 -0.01462853 0.16509046 0.1159315 0.096254386 0.17428762 0.20783477 0.16009173 0.13568361 0.06251775 0.20731126 0.13961378 0.04105588 0.022243947 0.015858617 0.032924958 -32767.0 -32767.0 -32767.0 -32767.0 -32767.0 -32767.0 -32767.0 -32767.0 -32767.0 -32767.0 -32767.0 -0.10988156 0.43126127 0.6841362 0.31828707 -0.18337606 -0.2867164 -0.15753096 -0.26088724 0.017206803 -0.038813453 -0.034229428 0.092053086 0.2104951 0.34821162 0.43423355 0.29398304 -0.108718805 -0.17926821 -0.00565594 -0.06022202 -0.14034057 -0.17263539 -0.12665874 -0.046392784 0.20729154 0.24494354 -0.021780675 -0.2831287 -0.23895483 -0.09725832 0.56629074
-32767.0 0.12689644 -0.033977542 0.040152635 0.084712416 0.056413304 0.055242565 0.096165 0.1372367 0.0899602 0.111410975 0.1388752 0.10836425 0.029638134 0.12222854 0.037409388 0.080503345 -0.15728174 -32767.0 -32767.0 -32767.0 -32767.0 -32767.0 -32767.0 -32767.0 -32767.0 -32767.0 -32767.0 0.3885829 0.82970023 0.40844756 -0.06747201 -0.18393509 -0.2486105 -0.26128373 -0.1539583 -0.085676566 0.026357695 0.088031545 0.12773126 0.37513104 0.354834 0.16737148 -0.12878367 -0.18467432 -0.11402033 -0.012783628 0.009693507 -0.057236128 -0.13527057 -0.11077223 0.11231055 0.11875393 0.49348325 -0.0020611032 -0.5646936 0.28531367 -32767.0
-32767.0 0.09733666 -0.0152496705 -0.01272128 0.05366799 0.037711214 0.07441531 0.08144178 0.020104598 0.06593496 0.05384717 0.036821116 0.105960615 0.02739051 0.08682817 0.030556656 -32767.0 -0.058674805 -32767.0 -32767.0 -32767.0 -32767.0 -32767.0 -32767.0 -32767.0 -32767.0 -32767.0 -32767.0 0.24549319 0.96238744 0.5550017 -0.122402474 -0.14151314 -0.20985256 -0.20413549 -0.18113941 -0.16111593 -0.050747164 0.035085574 0.13418695 0.22250697 0.28732514 0.08504613 -0.11402643 -0.18839368 -0.22922614 -0.03388641 0.0787096 0.08049129 0.035940245 -0.0061066 -0.24371819 -0.04498973 0.34281796 0.4668349 -0.17353731 0.015370634 -32767.0
0.12069288 0.06554374 0.12314936 0.035441414 -0.009722576 0.07201375 0.090051934 0.08266601 0.06628776 0.12562284 0.09772443 0.09222809 0.12171996 0.14567168 0.20029673 -32767.0 -32767.0 -32767.0 -32767.0 -32767.0 -32767.0 -32767.0 -32767.0 -32767.0 -32767.0 -32767.0 -32767.0 -32767.0 -0.047641926 0.9964616 0.68585944 -0.027545568 -0.2651991 -0.13535267 -0.23082829 -0.16025887 -0.13675985 -0.121153 -0.034370184 -0.02850686 -0.045213234 0.09788881 0.337036 -0.034511816 -0.06025382 -0.06640491 0.13313162 0.20326212 0.043008655 -0.19282588 -0.15362848 -0.21587692 -0.18321997 -0.0775447 0.25183946 0.26152053 0.09092682 0.07230475
0.075830616 0.065878764 0.03808167 -0.0284806 -0.008385871 0.12448168 0.15282297 0.15289213 0.11227941 0.14573103 0.14138086 0.15098535 0.19313344 0.11212123 0.1880577 0.111178145 -32767.0 -32767.0 -32767.0 -32767.0 -32767.0 -32767.0 -32767.0 -32767.0 -32767.0 -32767.0 -32767.0 -32767.0 -0.38872296 0.96952116 0.651439 0.21127695 -0.18030216 -0.19781747 -0.12514706 -0.15667786 -0.22664534 -0.16702743 -0.068331584 -0.037919506 0.016642237 0.18187068 0.34460425 0.10007733 -0.11158004 0.16085978 0.23269123 0.037706025 -0.01782883 -0.16292556 -0.20671059 -0.21303792 -0.18880747 -0.122823216 0.2380548 0.28587002 -0.007462006 -32767.0
0.053639162 0.05714534 0.039518014 0.022405278 0.00525143 0.13695414 0.17559329 0.2278596 0.23909639 0.3487795 0.42090857 0.4046065 0.3004528 0.19633764 0.08587958 0.17802714 0.1346696 -32767.0 -32767.0 -32767.0 -32767.0 -32767.0 -32767.0 -32767.0 -32767.0 -32767.0 -32767.0 -32767.0 -0.09129131 0.9037211 0.479372 0.07524552 0.07297577 -0.23970452 -0.36727458 -0.1420808 -0.06577172 0.08997851 0.13717705 0.08698064 0.024356402 0.023900302 0.11939623 -32767.0 -0.052190263 -0.001674759 0.25294435 0.076761514 0.061673895 -0.15798357 -0.14196731 -0.091496706 -0.11151018 -0.075194806 0.6320567 -32767.0 -32767.0 -32767.0
0.118959546 0.08767174 0.12307778 0.094684795 0.023852322 0.099173546 0.13133961 0.1787665 0.23950203 0.37672687 0.4768625 0.49128017 0.34878576 0.18340053 0.06596807 0.18584338 0.09694449 -32767.0 -32767.0 -32767.0 -32767.0 -32767.0 -32767.0 -32767.0 -32767.0 -32767.0 -32767.0 -32767.0 -32767.0 0.8646115 0.2816976 0.01323608 0.12688088 -0.11098588 -0.3683318 -0.08031658 0.22448806 0.19144772 0.015548655 -0.08095779 -0.12409662 -0.10635884 0.03825971 0.019527884 0.16363159 0.32205912 0.12121262 0.1394153 0.23370096 0.069956884 0.12005627 0.3802814 0.42326298 0.20932834 -0.08766935 -32767.0 -32767.0 -32767.0
0.108997986 0.055354055 0.071971215 0.08452475 0.073587656 0.0889111 0.10178763 0.102900535 0.120702714 0.17549573 0.20168863 0.22894295 0.2017868 0.10059943 0.03643946 0.11296744 0.05691777 -0.010573021 -32767.0 -32767.0 -32767.0 -32767.0 -32767.0 -32767.0 -32767.0 -32767.0 -32767.0 -32767.0 0.37062722 0.7217286 0.2319642 -0.12481523 0.17364658 -0.12300972 -0.016257871 0.27651948 0.24784838 0.1363554 0.08825644 0.17168678 0.037123505 0.14792314 0.39230424 0.22073492 0.33258525 0.3956747 0.11562125 0.09360967 0.25841433 0.033179753 -0.01316832 -32767.0 0.042246368 0.0029509005 -0.04056807 -32767.0 -32767.0 -32767.0
0.10466421 0.08006409 0.06340308 0.09468517 0.07447885 0.109010614 0.085210375 0.09057183 0.0948836 0.06718963 0.049941026 0.04482072 0.06145246 0.010736626 0.002956378 0.09030338 -0.00552012 -32767.0 -32767.0 -32767.0 -32767.0 -32767.0 -32767.0 -32767.0 -32767.0 -32767.0 -32767.0 -32767.0 0.4600159 0.51600045 0.21912184 -0.050081875 -0.03935748 -0.023356695 0.036313947 0.18552989 0.28900665 0.064400256 0.0021483146 0.104397334 0.3037403 0.15848699 -32767.0 -32767.0 0.1162978 0.12760542 -32767.0 -32767.0 -32767.0 -32767.0 -32767.0 -32767.0 -32767.0 -32767.0 -32767.0 -32767.0 -32767.0 -32767.0
0.101910576 0.0978811 0.07134217 0.05248054 0.05533455 -0.010642026 0.0070392126 0.043641057 0.07366686 0.13078004 0.028164923 0.069730654 0.07312494 -0.022679867 0.01757754 0.056553025 -32767.0 -32767.0 -32767.0 -32767.0 -32767.0 -32767.0 -32767.0 -32767.0 -32767.0 -32767.0 -32767.0 0.3934765 0.45149016 0.31455755 0.029588653 0.023873232 -0.1277029 0.17715394 0.24880593 0.25534603 0.21148172 0.022679415 -0.08635593 -0.010076762 0.09739306 -32767.0 -32767.0 -32767.0 -32767.0 -32767.0 -32767.0 -32767.0 -32767.0 -32767.0 -32767.0 -32767.0 -32767.0 -32767.0 -32767.0 -32767.0 -32767.0 -32767.0
0.10022619 0.083919324 0.0508339 0.038092755 -0.06838754 -0.036095403 0.013757358 0.045272425 -0.007995867 -0.041611187 -0.0021420456 0.075321965 0.040605426 -0.043667905 0.010868272 0.0075248037 -32767.0 -32767.0 -32767.0 -32767.0 -32767.0 -32767.0 -32767.0 -32767.0 0.05145704 -0.103423476 0.15511279 0.31906354 0.40927863 -0.05436392 -0.15699716 -0.0010898317 0.056209337 0.4136836 0.29676765 0.14456333 0.016214693 -0.013295234 0.10043383 -32767.0 -32767.0 -32767.0 -32767.0 -32767.0 -32767.0 -32767.0 -32767.0 -32767.0 -32767.0 -32767.0 -32767.0 -32767.0 -32767.0 -32767.0 -32767.0 -32767.0 -32767.0 0.03783257
0.13240434 0.10199645 0.08455524 0.031281427 -0.013787305 0.07103515 0.060674623 -0.025485948 -0.086690605 -0.07249312 -0.0028132037 0.055392012 0.012224494 0.031089744 -0.023238154 -0.0014653049 -32767.0 -32767.0 -32767.0 -32767.0 1.6640435e-05 0.022182025 -0.08395556 -0.022969035 -0.038549833 0.19487928 0.19790308 0.7311715 0.034588948 -0.10310038 -0.024817172 0.08007147 0.20659867 0.33299682 0.22378208 -0.03921202 0.139181 0.08399058 -32767.0 -32767.0 -32767.0 -32767.0 -32767.0 -32767.0 -32767.0 -32767.0 -32767.0 -32767.0 0.08575428 0.01622203 -32767.0 -32767.0 -32767.0 -32767.0 -32767.0 -32767.0 -32767.0 0.07075615
0.19563846 0.20001857 0.17867455 0.066286094 0.02436104 0.09223204 0.112491935 0.01628581 -0.059410036 -0.14685085 -0.10666178 0.029467497 0.05973895 -0.18619892 0.09889352 -32767.0 0.0020956807 -32767.0 -0.023902303 -32767.0 -0.019965198 -32767.0 -0.048619606 0.00910976 0.024158487 0.06636027 0.48367956 0.17545661 -0.30449656 0.06326161 0.12525149 0.17494518 0.3159849 0.18463798 -0.05335165 0.011751767 -32767.0 -32767.0 -32767.0 -32767.0 -32767.0 -32767.0 -32767.0 -32767.0 0.077326685 0.11360161 0.058326375 -0.05942315 0.023976777 0.057896156 -0.10620328 0.057831082 -32767.0 -32767.0 -32767.0 -32767.0 -32767.0 0.021052383
0.25420776 0.20075384 0.22570759 0.1494068 0.16040064 0.27131107 0.28530276 0.17835881 0.09808499 -0.0037691835 0.011166479 -0.015412474 0.08652784 0.053992696 -0.042544648 -0.1250689 0.009887192 -0.03266923 -0.11645689 0.038156778 0.0686614 0.11716202 0.08085173 0.077699445 0.071226165 0.14043182 0.21957096 -32767.0 -0.070422426 0.35824186 0.27518958 0.2043131 0.06439051 -0.03568945 -32767.0 -32767.0 -32767.0 -32767.0 -32767.0 0.0053722863 -0.033757716 -0.14199644 -0.2298817 -0.005633537 0.044667657 0.09220561 -32767.0 -32767.0 0.00020931452 0.13355492 -0.03761286 -32767.0 -32767.0 -32767.0 -32767.0 -32767.0 0.17480254 -0.008241716
0.19422108 0.2064249 0.26356018 0.30817077 0.30311438 0.2959769 0.29365057 0.2268224 0.16320932 0.0735952 0.12332629 -0.015882727 0.10214798 0.10781069 0.12668924 -0.011906252 -0.036329713 0.08595257 -0.050599005 0.070253745 0.29117423 0.24555299 0.17906035 0.15001342 0.061182857 -0.021095652 0.068342485 0.04075198 0.1843192 0.19634125 0.08656897 -0.081818484 -0.1708659 -0.11169781 -0.053806093 -32767.0 0.028141683 0.117155515 -32767.0 0.0047109835 -0.039301317 -0.12087913 -32767.0 -0.005376331 -0.02727303 -32767.0 -32767.0 -32767.0 -32767.0 0.028789192 -0.05192646 -32767.0 -32767.0 -32767.0 -32767.0 0.2513542 0.21752866 -0.0064068995
