static/data/seaWater_vo/2023/7/24/18.asc
ncols 137
nrows 93
xllcorner 108.0
yllcorner 17.0
cellsize 0.25
NODATA_value -32767
[rows 26 to 51 of 93, columns 58 to 115 of 137]
0.22517923 0.18692568 0.26451936 0.27160555 0.20517877 0.101625666 0.08187717 0.05975062 -0.009687729 -0.028126162 -0.016634185 -0.07247392 -0.036763325 0.032753736 -0.013833614 0.05046411 -32767.0 -32767.0 -0.09376786 0.21779561 0.22960098 0.18169071 0.15959896 0.14237264 0.092542924 0.06147281 -0.0037169307 -0.037110895 -0.07027935 -0.04933323 0.04835136 -32767.0 -32767.0 -32767.0 -32767.0 -32767.0 -32767.0 -0.20788972 -0.076909006 0.065348335 -32767.0 -32767.0 -32767.0 -32767.0 -32767.0 0.028939577 -32767.0 -0.18649966 0.044333275 0.047461614 -0.2066124 -0.074440844 0.02037414 -32767.0 -0.17556939 -0.34417155 -0.23220935 -0.0127456505
0.034525666 0.12684684 0.28044143 0.2827857 0.2425337 0.17313243 0.17039159 0.14258125 0.15799335 0.1340664 0.094749324 0.21499398 0.32453787 0.3422138 0.090085484 -32767.0 -32767.0 -0.07364592 0.13143842 0.26982823 0.24202806 0.21384047 0.13970208 0.040533498 -0.07199401 -0.09513676 -0.025009694 -0.1589603 -32767.0 -32767.0 -32767.0 -32767.0 -32767.0 -32767.0 -32767.0 -32767.0 -32767.0 -0.16520949 -0.109926425 0.07264564 -32767.0 -32767.0 -32767.0 -0.09773692 0.05684112 -0.0742083 -0.20667122 -0.042584714 0.11536049 0.047522794 -0.3567514 -0.08359866 -0.14647068 -0.3096424 -0.28468567 -0.22747068 -0.11626914 0.05436845
0.11500296 0.16561244 0.113377444 0.18112224 0.17447744 0.19601242 0.23141055 0.206038 0.15708382 0.13091004 0.08657901 0.1878603 0.31264758 0.2929903 0.22768708 0.12724614 0.13680921 0.114095874 0.15947631 0.29296598 0.2956897 0.16015801 0.04092741 -0.0830237 -0.20264578 -0.15952611 -32767.0 -0.17331491 0.13860908 -32767.0 -32767.0 -0.013386657 -32767.0 -32767.0 -32767.0 -32767.0 -32767.0 -32767.0 -0.07413159 0.028380744 -32767.0 -32767.0 -0.13425763 -0.108216114 0.111707285 0.17496969 0.08008284 -0.049198873 -0.16245772 -0.41095662 -0.28831524 -0.2867612 -0.3297667 -0.27546716 -0.18699469 -0.037222926 0.09657586 0.19832829
0.02233288 0.04947263 -0.017100174 0.06171176 0.12321504 0.100521535 0.032710977 0.076425865 0.045852505 0.11349125 0.13098168 0.0298063 0.2050747 0.33133152 0.24784277 0.17596617 0.09246143 0.10593101 0.20849791 0.25562018 0.17861749 0.16312803 0.05810655 -0.11895824 -0.22007015 -32767.0 -0.06734921 -0.09718828 0.13643272 0.015386803 0.072053134 -32767.0 -0.004051396 -32767.0 -32767.0 -32767.0 -32767.0 -32767.0 0.038482547 -0.08815055 -0.2918026 -0.14896199 0.0018618187 0.1151401 0.12771761 -0.022294663 -0.14347042 -0.0894236 -0.39091602 -0.5888395 -0.33693555 -0.3142571 -0.17294224 -0.12758614 -0.07275332 0.061173 0.105000295 0.11522687
-0.071157314 -0.12875944 0.07004918 0.123642705 0.07443678 0.014433993 0.084630415 0.12305481 0.03409615 -0.024668578 0.034857642 0.11777611 0.31094605 0.42012686 0.16554187 0.08755024 0.12390684 0.15944494 0.2531431 0.21976322 0.2078639 0.23601209 0.124405496 -0.025035793 -0.15606925 -0.1413449 0.023929147 0.017195564 0.15519369 0.14277773 0.10458774 -0.07404538 0.05685291 -32767.0 -32767.0 -32767.0 -32767.0 -0.03977458 0.038092602 -0.16807923 -0.33498296 -0.09194822 0.18076733 0.34190252 0.28749174 0.09088244 -0.113087304 -0.4250526 -0.5062057 -0.36957708 -0.46560284 -0.2440845 -0.11855812 -0.10677696 -0.14094564 -0.12027258 -0.07063572 -0.028703412
-0.0618525 -0.13905662 0.004742629 0.09589415 0.10305005 0.06585859 -0.02422164 0.0037693488 0.2048741 0.024230402 -0.014322659 0.09313316 0.16201167 0.1698939 0.0825038 0.044991136 0.17893374 0.22278425 0.24355838 0.19534336 0.24468832 0.25264797 0.20338468 0.08537998 0.019460013 -0.023752779 -0.09934188 -0.21022597 -0.30985412 0.1292366 0.13240263 -0.052101485 -0.11133657 -32767.0 -32767.0 -32767.0 -32767.0 -0.08878861 0.006824771 -0.46352714 -0.32369974 0.43404287 0.6308864 0.6788268 0.47044396 0.14364143 -0.08163107 -0.32749882 -0.66000444 -0.39624116 -0.16365597 -0.20690511 0.0068072537 0.12335698 -0.24493456 -0.32624272 -0.21014547 -0.20521651
0.029654315 -0.07308588 -0.031753555 0.16024803 -0.011437394 -0.0034696604 -0.050822314 -0.03356774 0.0060552633 0.044746153 0.06254932 0.10655262 0.08765809 0.06834398 0.14525428 0.14504899 0.21426268 0.21529034 0.21035856 0.2049277 0.2487591 0.2920054 0.24451724 0.20600414 0.13015294 0.04359202 -0.08540385 -0.22596325 -0.36178264 -0.30046293 0.1434746 -32767.0 -32767.0 -32767.0 -32767.0 -32767.0 -0.075253785 -0.037189834 -0.013526214 -0.31691435 -0.1721785 0.56473255 0.9174932 0.6896065 0.4002338 0.15724777 -0.08246523 -0.21279311 -0.34312487 -0.5113866 -0.5906642 -0.50057757 -0.33064073 -0.1994396 -0.23253776 -0.48140916 -0.280085 -0.32039088
-0.08885029 0.07606607 0.058013804 0.1325561 0.00013318588 -0.042677477 0.028878493 0.06957984 0.05840408 -0.010985326 -0.0061180517 0.029149817 0.18781771 0.16525257 0.27119088 0.17825404 0.17835268 0.20317566 0.23111084 0.25620446 0.34478876 0.38361484 0.34360123 0.2522979 0.15651777 0.05241666 -0.122662246 -0.24752228 -0.28979978 -0.5420669 -0.093287855 -32767.0 -32767.0 -32767.0 -32767.0 -32767.0 -0.11452196 0.033477046 0.19977383 0.2624807 0.5329503 0.6866101 0.6974299 0.56586456 0.32104433 0.13313563 -0.031465955 -0.1305625 -0.21415731 -0.35308796 -0.4862764 -0.64427495 -0.79960114 -0.8728902 -0.7182068 -0.59913796 -0.32647434 -0.33818096
-0.18582274 0.37492657 0.34814152 0.27120498 0.022218306 0.083970875 0.087579 0.10995426 0.25354302 0.19997223 0.014754187 -0.081082396 -0.035380166 0.13467465 0.22704455 0.21282773 0.09227193 0.18629731 0.21670887 0.2526912 0.33836383 0.35282773 0.35986522 0.2451568 0.14979742 0.08272862 -0.0662981 -0.25581887 -0.3273288 -0.2693228 0.016330771 0.039996944 -32767.0 0.030748775 -32767.0 -32767.0 0.29135945 0.72276527 0.58630574 0.6242984 0.6917532 0.587719 0.6088606 0.41511247 0.18236306 0.102132395 0.0011621625 -0.08478863 -0.18265113 -0.27883032 -0.39295825 -0.5503271 -0.773279 -1.0587566 -1.266825 -0.6982049 -0.42477208 -0.3235559
-0.0952487 0.29639417 0.33860496 0.28199002 0.15002136 0.078039706 0.057234623 0.12617266 0.3421788 0.18601596 0.09983232 -0.030126069 -0.11058994 0.052657653 0.13849574 0.19412318 0.10109889 0.15551457 0.19206817 0.27795985 0.37323153 0.4234756 0.36176214 0.22066142 0.21115078 0.12747619 -0.019639837 -0.23074849 -0.29608482 -0.32456195 -0.04356719 0.025811817 0.03193703 0.13106927 -32767.0 -0.15702371 0.76549906 0.7897669 0.63859844 0.7386547 0.7426118 0.6291266 0.47629496 0.30212352 0.17187612 0.0031319887 -0.04046723 -0.15220557 -0.0891094 -0.07762487 -0.12937741 -0.46235538 -0.7948461 -1.0496417 -1.3832183 -1.1030073 -0.5738878 -0.23542441
0.09344957 0.11208386 0.25168675 0.23036487 0.16474885 0.17416194 0.14522432 0.18464638 0.1157412 0.24264827 0.12905297 0.034426548 0.04158292 0.098010905 0.12806931 0.16707885 0.16118214 0.25234532 0.3729546 0.40879804 0.49686822 0.45580295 0.31421775 0.33643773 0.34685683 0.26216388 0.08899721 -0.1301119 -0.24766964 -0.17513897 -0.12465809 0.060766995 -0.044461716 -32767.0 0.70845383 0.15802577 0.40915552 0.37699652 0.7063696 0.85554516 0.8023433 0.69465363 0.42567757 0.28437054 0.12497837 0.0054968987 -0.042872056 -0.16448739 0.14668067 0.07437621 -0.024276134 -0.31367764 -0.7650679 -1.0427957 -1.2895324 -1.4182585 -0.5306473 -0.17853059
0.09273128 0.28501987 0.3175038 0.26349416 0.27939326 0.20601457 0.10412936 0.07340749 0.23134492 0.15022156 0.23483038 0.053573385 0.15734638 0.15426767 0.13087143 0.1641714 0.19049275 0.2987173 0.39176044 0.5362852 0.4408567 0.50540596 0.31598806 0.3020106 0.35569656 0.40432772 0.29974294 0.13385646 -0.04810453 -0.22200622 -0.019405534 -0.15918963 0.09758786 0.12862265 0.08635834 0.1857227 -0.022052888 0.14929312 0.6530682 0.98874927 0.9436632 0.7295697 0.45515797 0.3026127 0.17385203 0.1322428 -0.009052094 -0.12754159 0.08366568 0.045276474 0.03541922 -0.2188202 -0.6180957 -0.8987541 -1.1086291 -1.2418789 -0.7325215 -0.052823823
0.098519444 0.30535242 0.30834636 0.36715072 0.38253877 0.25149116 0.2230384 0.1992088 0.16307595 0.2573745 0.19198556 0.10399736 0.07262111 0.16205956 0.18206082 0.29220876 0.32565966 0.3298414 0.47392994 0.51544017 0.40630174 0.5416095 0.2832333 0.1668963 0.26252937 0.42970765 0.49595663 0.36709666 0.18186 -0.039081715 -0.17591883 -32767.0 0.017910376 -0.36990336 -32767.0 -0.068113916 -0.11483624 0.16423234 0.6262598 1.1303998 1.0733682 0.7695322 0.46888375 0.32176328 0.24761438 0.18029395 0.013556797 -0.123393245 -0.027503092 0.016935116 0.08073869 -0.13293758 -0.45549786 -0.71473086 -0.8771263 -0.8982289 -0.67807543 -0.31109795
-32767.0 0.3626242 0.34247768 0.48732013 0.44787037 0.28024518 0.25453994 0.23768352 0.25168464 0.22167777 0.23883025 0.22770494 0.22030258 0.21472351 0.24848993 0.31173825 0.4166788 0.43105888 0.46304798 0.43872222 0.37795064 0.4901471 0.34608853 0.21589205 0.26577982 0.45543945 0.58688134 0.5636944 0.318952 0.07665665 -0.2985095 -0.7896259 -32767.0 -0.8945574 0.077055514 -0.13601466 -0.14287199 0.22091535 0.35950255 1.1624951 1.1189369 0.7330501 0.50217456 0.31289095 0.2510096 0.13875389 0.035275064 -0.0026876258 0.028146835 -0.04443359 -0.012047792 -0.08455355 -0.3378942 -0.5166233 -0.6355739 -0.58966064 -0.40881127 -0.15295036
0.12631634 0.40437993 0.34657097 0.4640324 0.43508098 0.34943172 0.32646817 0.28266728 0.2035938 0.20777984 0.22385299 0.18115172 0.2618172 0.29078612 0.26503015 0.27688876 0.38306016 0.4625222 0.42578846 0.38583937 0.43946412 0.5395799 0.48392782 0.4248731 0.4816676 0.57077783 0.628141 0.5786738 0.315915 0.04744046 -0.111114025 -0.50421274 -0.6063341 -0.41890958 0.009951136 -0.06402584 0.017392784 0.1542952 0.5997737 1.2180842 1.0250465 0.5828267 0.49141333 0.28775936 0.19576943 0.10777807 0.0022723374 0.053483684 0.12528896 -0.0529216 -0.21954378 -0.12689969 -0.20807509 -0.3362599 -0.3486686 -0.2609943 -0.09549312 0.12488992
-0.021928776 0.32091138 0.45700607 0.6182579 0.466148 0.39134294 0.28329077 0.29892114 0.1927179 0.19340411 0.15031013 0.20374675 0.33294237 0.40587673 0.34648517 0.32809454 0.38023517 0.38321182 0.3173784 0.3890157 0.5819562 0.63715065 0.6420862 0.6060201 0.5216522 0.49694496 0.4527615 0.36309657 0.17279737 -0.13706477 0.30072924 -0.13202722 -0.25618106 -0.48012638 -0.1982186 -0.015006252 0.18439317 0.4067913 0.8023665 1.0162774 0.66651976 0.38298777 0.44782767 0.22271952 0.15203871 0.11178074 0.015631674 0.1092625 0.16783579 0.064789824 -0.116990626 -0.30204928 -0.28104013 -0.2569559 -0.16282348 -0.014673496 0.10472665 0.19373627
0.097570814 0.3842382 0.551897 0.61670196 0.5248451 0.48221174 0.18298772 0.18324462 0.25709867 0.2780193 0.20074677 0.18982735 0.21014372 0.33013266 0.3352145 0.33266833 0.346686 0.32023582 0.39686346 0.5544272 0.7250741 0.85012895 0.7310096 0.5443027 0.3821333 0.32263768 0.27347183 0.20410109 0.1155981 -0.19244254 -0.3093093 0.116221614 0.2941987 0.04169008 -0.05813566 0.10100306 0.361412 0.544 0.5327899 0.37881666 0.16071823 0.2863022 0.37285843 0.11485561 0.115664996 0.0071279905 -0.031168357 0.046658598 0.15707609 0.21606314 0.054178458 -0.19446446 -0.3811487 -0.2943733 -0.09735387 0.055044077 0.11659322 0.2125639
0.38433737 0.4205721 0.4905498 0.47818232 0.5090177 0.46182597 0.30575746 0.14685352 0.17034417 0.1988937 0.3422302 0.32590058 0.34382865 0.32855865 0.33108962 0.34555346 0.40218654 0.4043909 0.49886337 0.8357914 0.96831715 0.7844586 0.584225 0.40068248 0.29215527 0.23442332 0.2310255 0.123333395 -0.047887594 0.016848214 -0.11150404 -0.07696327 0.098100714 0.20656419 0.17131315 0.34029755 0.41908416 0.4687382 0.27296415 0.046385426 0.10936841 0.27368817 0.24325325 0.007804386 0.013356814 -0.040602498 0.0047242614 0.10389941 0.16137755 0.27678528 0.22511534 -0.06335861 -0.25477418 -0.3177668 -0.22881418 -0.039802533 0.21132213 0.3229601
0.541005 0.51848584 0.502844 0.51166844 0.42641678 0.32971904 0.27804872 0.27137086 0.2311381 0.2854024 0.27204254 0.36886352 0.2785188 0.37480843 0.3567811 0.38247347 0.28558576 0.5013487 0.775531 0.9410464 0.79098296 0.6703908 0.48549902 0.3690582 0.2754243 0.2634503 0.19384025 0.20614927 0.22763556 0.03880959 -0.043213878 -0.0804035 -0.0037514109 0.18059738 0.26675186 0.2636635 0.27875727 0.25015983 0.18846324 0.15339541 0.15898162 0.18064411 0.086547926 -0.04100069 -0.045631185 -0.046815533 -0.040122986 0.19052358 0.20709126 0.2942395 0.27674195 0.03782706 -0.13533646 -0.263366 -0.24063441 -0.001270766 0.24857631 0.16057277
0.5445464 0.5874596 0.5068125 0.45073166 0.33301306 0.17823675 0.050088055 0.15038045 0.32144162 0.35606435 0.26782256 0.3040081 0.3283964 0.33427486 0.3866513 0.22612971 0.526674 0.6544791 0.97098243 0.8449747 0.72718763 0.53415734 0.44486183 0.3946837 0.1595616 0.08379781 0.17077667 0.12931569 0.1373184 0.11656725 0.042382922 0.050418515 0.12026073 0.15418589 0.19660884 0.26367217 0.32897887 0.28563413 0.18198168 0.107616134 0.0364435 0.086848415 -0.020007 -0.037767705 -0.07117322 -0.036562495 -0.0028534995 0.22970882 0.24660008 0.29726127 0.19126527 0.06778096 -0.043913458 -0.21412437 -0.29900622 -0.08796576 0.13589126 -0.09341431
0.6897755 0.59864026 0.3801449 0.30847922 0.2756306 0.22372164 0.07374758 0.16900925 0.2548244 0.31888425 0.30138123 0.3351999 0.26600266 0.31492245 0.23625705 0.43695164 0.49335295 0.80413544 0.9430174 0.7826669 0.6678755 0.44628605 0.37495282 0.2747443 0.20257667 0.24609385 0.17959936 0.05543766 0.043673094 0.2731509 0.19806673 0.16172415 0.2788168 0.3609111 0.42623165 0.4110575 0.29350165 0.108254045 -0.053626977 -0.16847402 -0.17005795 -0.01834828 -0.09864488 -0.044297647 -0.13061062 -0.12686154 -0.027664425 0.067662165 0.16426717 0.23937857 0.3213718 0.16077282 0.06321825 -0.097263575 -0.34810323 -0.12763529 -0.18796583 -0.0075927004
0.6609865 0.45107773 0.21938911 0.23345603 0.33958077 0.3496051 0.18278982 0.16529532 0.25092292 0.36320978 0.3532637 0.2666796 0.22711648 0.16620913 0.21410532 0.3273244 0.40705115 0.8752667 0.89657265 0.7479168 0.57368344 0.33870178 0.1839619 0.19830944 0.18103327 0.34977058 0.14185584 -32767.0 0.033623394 0.28610948 0.34300262 0.3777908 0.41234016 0.5478213 0.4892331 0.2783404 0.12543054 -0.016608164 -0.15473196 -0.36559528 -0.36822623 -0.14517681 -0.14082433 -0.057883292 -0.12544167 -0.14965275 -0.15272295 -0.009638965 0.06067016 0.16439976 0.32300678 0.3443658 0.09701038 -0.08095173 -0.21074158 -0.30020618 -0.26588982 0.082358755
0.5108742 0.21518786 0.38382462 0.33359382 0.10823605 0.24742916 0.18749794 0.0925278 0.18870036 0.40643546 0.3537425 0.30176926 0.3003706 0.15526298 0.27339807 0.34949672 0.4792192 0.915519 0.88347024 0.6457168 0.48104858 0.2613362 0.16481152 0.083198436 0.04556551 0.22934523 0.42764968 0.29496998 0.21810195 0.46506044 0.38960737 0.40373084 0.5732426 0.4481035 0.22208504 0.12050476 -0.008622979 -0.16448249 -0.25483894 -0.419493 -0.47077864 -0.2469663 -0.17941508 -0.09125727 -0.11235557 -0.27791053 -0.08619676 0.15107685 0.08596904 0.052288085 0.13302185 0.37569582 0.31778425 0.002433707 -0.2773666 -0.3479944 -0.011700189 0.10054432
0.30221844 0.11925509 0.43890157 0.40832847 0.21443075 0.09067574 0.05456743 0.04425604 0.13010947 0.46651834 0.3405021 0.30528542 0.23292373 0.2280578 0.35887986 0.4798738 0.6809411 0.82185334 0.6618986 0.50999624 0.3589934 0.20964743 0.15583469 0.11362445 0.096135 0.19371657 -32767.0 0.3528306 0.5656651 0.45988834 0.34445268 0.5717331 0.45177844 0.2735763 0.24039708 0.12204829 -0.0360278 -0.26377854 -0.3757355 -0.4911428 -0.4273611 -0.29429471 -0.21468182 -0.1298859 -0.29444432 -0.2929619 0.1287739 0.17427298 0.14292601 0.022381932 -0.047416024 0.19755003 0.17826344 0.05742773 -0.13958241 -0.1211663 0.057594158 0.05243355
0.1406605 0.19684878 0.5736484 0.32502422 0.003744412 0.097283535 0.00903116 0.054319575 0.11116397 0.40113816 0.18693589 0.21062683 0.32783395 0.3853639 0.5425938 0.7852842 0.77076834 0.5157855 0.3991147 0.37118843 0.18144366 0.20056361 0.086104915 0.06115446 0.06300791 0.15010318 0.28360015 0.57632875 0.54692614 0.3967345 0.44856012 0.49183652 0.2639882 0.2944134 0.25932038 0.1184321 -0.13378902 -0.28581777 -0.4016006 -0.58309567 -0.40753174 -0.34674686 -0.22368467 -0.25470594 -0.45253038 0.03193759 0.10453123 0.12710322 0.19390485 0.17571342 -0.062070124 -0.12249575 0.05852369 0.00073640415 0.0051716683 0.027447265 0.08324725 0.08824443
0.027890014 0.29638058 0.32558447 0.2590957 0.21474634 0.04733348 0.062116854 0.047876053 0.13811839 0.13617107 0.20052335 0.31658825 0.4082475 0.71988624 0.6520262 0.6782506 0.57073456 0.38715315 0.305122 0.2535659 0.015285088 0.17737451 0.095765464 0.07182804 0.099493966 0.22034219 0.33552927 0.6204 0.5318964 0.39837548 0.47552893 0.3164778 0.2529957 0.27931052 0.26921555 0.10926142 -0.16398737 -0.33378845 -0.45302472 -0.5345272 -0.39169875 -0.37908804 -0.25822312 -0.4113429 -0.20174068 0.12783875 0.035885327 0.014542172 0.13666107 0.21144482 -0.018706996 -0.34990373 0.059144042 0.00802969 -0.029818015 -0.010491548 -0.035752445 0.014676559
