static/data/seaWater_vo/2023/7/24/6.asc
ncols 137
nrows 93
xllcorner 108.0
yllcorner 17.0
cellsize 0.25
NODATA_value -32767
[rows 0 to 25 of 93, columns 58 to 115 of 137]
-32767.0 -32767.0 -32767.0 -32767.0 -32767.0 -32767.0 -32767.0 -32767.0 -32767.0 -32767.0 -32767.0 -32767.0 -32767.0 -32767.0 -32767.0 -32767.0 -32767.0 -32767.0 -32767.0 -32767.0 -32767.0 -32767.0 -0.03520548 -0.23104273 -0.30674905 -0.18241298 0.1448494 0.042356573 -0.050889574 0.0028699012 0.12137036 0.13994808 0.1572214 0.13688266 0.15127838 0.06551495 0.06810184 0.054207586 0.021132931 0.012269085 -0.046712466 -0.14817354 0.13057335 0.33301684 0.066721484 -0.20707853 -0.26588634 -0.13919425 -0.09911746 0.09056847 0.15049368 0.18078128 0.15483281 0.19748706 -0.025239762 -0.15998666 0.103268415 0.25981385
-32767.0 -32767.0 -32767.0 0.018042369 0.03225019 0.03300789 0.051957794 0.03432985 0.037562866 0.039399818 -32767.0 -32767.0 -32767.0 -32767.0 -32767.0 -32767.0 -32767.0 -32767.0 -32767.0 -32767.0 -32767.0 0.1097339 -0.2698247 -0.6070888 0.06338538 0.13116533 0.057168078 0.02700647 0.0135830045 -0.11449717 -0.120416895 0.01871755 0.13476802 0.13482526 0.055796903 0.022184664 0.031386685 0.0007158723 -0.034597706 -0.078411914 -0.04586768 -0.043700658 0.29747713 0.40239045 -0.08040272 -0.37999025 -0.25138414 -0.020343019 0.16818117 0.16076222 0.09874846 0.11695198 0.07761627 0.011991238 -0.1642303 -0.2952863 -0.20476665 0.0916583
-32767.0 0.03841291 -32767.0 0.036983017 0.06913792 0.061708283 0.112890504 0.07086456 0.12824243 0.033535138 0.04297874 0.01826253 -32767.0 -32767.0 -32767.0 -32767.0 -32767.0 -32767.0 -32767.0 -32767.0 -32767.0 0.13076389 -0.55568665 -0.21519455 0.1310691 -0.0052953037 -0.0587165 0.0063591106 0.07906767 0.15170161 0.10499734 0.17287883 0.11766546 -0.11383267 -0.1932982 -0.14559203 -0.024958134 -0.029617172 -0.0477003 0.038724355 0.07389425 0.18732937 0.33508718 0.19248337 -0.27143916 -0.29612464 -0.25307745 -0.0057791113 0.15312703 0.012134744 -0.060111165 0.15151699 0.18383962 0.07183139 -0.049408704 -0.27656597 -0.17740785 -0.009636519
0.047851816 -32767.0 0.010743237 0.04784149 -0.058820665 0.06797345 0.13710551 0.21574304 0.08009939 0.118636444 0.04641884 0.04617523 -32767.0 -32767.0 -32767.0 -32767.0 -32767.0 -32767.0 -32767.0 -32767.0 -0.046436056 0.10313834 -0.54743695 -0.07019867 0.05097625 -0.097930424 -0.24218866 0.052947205 0.22853288 0.33687988 0.273138 0.40042326 0.16047691 -0.22405334 -0.2515536 -0.2707453 -0.01686609 -0.050738707 0.077099115 0.24866107 0.2406587 0.28683543 0.1872171 -0.03782981 -0.44318205 -0.23697706 -0.0909137 0.004908905 0.013040925 -0.03215883 0.051202506 0.2783221 0.3234066 0.059420947 -0.2238553 -0.3664492 -0.11263307 0.120276585
-0.0070300275 -32767.0 0.021997157 -0.1174137 -0.033037867 -6.473897e-05 0.077287816 0.18557997 0.3361365 0.011979513 0.04331964 -32767.0 -32767.0 -32767.0 -32767.0 -32767.0 -32767.0 -32767.0 -32767.0 -32767.0 -32767.0 -32767.0 -0.19673617 -0.39459386 -0.12929149 -0.07099897 -0.071152955 0.23122211 0.6258178 0.6597059 0.50053114 0.35462454 0.06652887 -0.119111344 -0.16633135 -0.19405803 -0.09583286 -0.1484176 0.053348247 0.26426372 0.36567995 0.21667165 -0.006932806 -0.27408767 -0.53612036 -0.3338862 -0.097906925 0.026554126 0.0583254 0.104904756 0.20627548 0.43699187 0.24622492 -0.12472015 -0.21878383 -0.21197063 -0.117203005 -0.023233041
-0.073307976 -0.030000273 -0.044092745 -0.04452317 0.04242687 0.046450164 0.12100972 0.17549323 0.24306674 0.2073715 0.016318226 -32767.0 -32767.0 -32767.0 -32767.0 -32767.0 -32767.0 -32767.0 -32767.0 -32767.0 -32767.0 -32767.0 -32767.0 -0.26117888 -0.2777098 -0.121350184 0.0692624 0.27189055 0.44132194 0.59484875 0.44382343 0.3233941 0.10397459 -0.020604815 -0.09078181 -0.11454425 -0.08958628 -0.08858597 0.027480759 0.18113333 0.14178903 0.012549076 -0.15088476 -0.32023162 -0.48554456 -0.2827036 -0.009088442 0.12928738 0.16988853 0.1759506 0.2504849 0.25937957 -0.0053625572 -0.39978686 -0.43876097 -0.29274487 -0.2705667 -0.18282478
-0.12561241 -0.075192325 -0.05702472 0.024418369 0.09349264 0.055902775 0.10611914 0.19363198 0.37684894 0.11968242 0.011014249 -32767.0 -32767.0 -32767.0 -32767.0 -32767.0 -32767.0 -32767.0 -32767.0 -32767.0 -32767.0 -32767.0 -32767.0 -32767.0 -0.18806264 -0.17425942 -0.058109924 0.039118897 0.32739177 0.50380003 0.39624837 0.29776147 0.14142525 -0.006967536 -0.037550487 -0.06733711 -0.10413083 -0.09008825 -0.066373326 -0.025174752 -0.101485744 -0.04217677 -0.12781294 -0.22547488 -0.31303006 -0.042332932 0.15553637 0.3322762 0.35364488 0.15257834 0.038252033 -0.07461417 -0.29313338 -0.5827363 -0.65781826 -0.34962395 -0.20157203 0.030845236
0.027787372 0.05410626 0.0975112 0.14951096 0.14602429 0.11346023 0.08228849 0.21227641 0.25273138 0.009546514 -32767.0 -32767.0 -32767.0 -32767.0 -32767.0 -32767.0 -32767.0 -32767.0 -32767.0 -32767.0 -32767.0 -32767.0 -32767.0 -32767.0 -32767.0 -0.1944899 -0.30128574 0.020328494 0.42410162 0.657438 0.4243267 0.2228421 0.11906731 -0.100251734 -0.18562034 -0.027856542 0.114797145 0.053310707 -0.05062206 -0.12008758 -0.24741013 -0.22122955 -0.11134003 -0.07740659 -0.009485518 0.14575668 0.32965195 0.29417574 0.06393925 -0.1433968 -0.1229011 -0.2620104 -0.35842744 -0.52052045 -0.6228909 -0.50318676 -0.31214392 0.049842183
0.018368257 0.101679996 0.16869986 0.18936649 0.12981707 0.063404396 -0.0027002133 0.04478308 0.28655237 -32767.0 0.18337142 -32767.0 -32767.0 -32767.0 -32767.0 -32767.0 -32767.0 -32767.0 -32767.0 -32767.0 -32767.0 -32767.0 -32767.0 -32767.0 -32767.0 -0.16560246 -0.25409225 -0.06038017 0.3717669 0.7436057 0.33625522 0.03336008 0.0077177435 -0.22771831 -0.08307903 0.24820477 0.2503136 0.16218844 0.018703017 -0.053308178 -0.077069305 -0.101642095 -0.044344436 0.08277383 0.21346842 0.2290492 0.123776 -0.047001746 -0.26183766 -0.23546532 -0.18981451 -0.22219501 -0.19288366 -0.27343422 -0.36635447 -0.41749766 -0.29070842 -0.017265484
-0.055444084 0.09418801 0.1507989 0.10437165 0.024671713 -0.12159369 -0.2369008 -0.16373517 -0.008821148 0.06322379 0.21554542 0.18412967 -0.015090029 -0.0008044954 0.031865265 -0.014704128 -32767.0 -32767.0 -32767.0 -32767.0 -32767.0 -32767.0 -32767.0 -32767.0 -32767.0 -32767.0 -0.10845694 -0.027867083 0.47720242 0.74343586 0.22251733 -0.20809726 -0.07499523 -0.08997066 -0.1364353 0.07288881 0.120469846 0.030334778 0.036585405 0.10207205 0.11332072 0.19319847 0.2465979 0.06534996 -0.07225015 -0.056376383 -0.059396278 -0.11217078 -0.22932188 -0.16505326 -0.2099869 -0.15704583 -0.11009651 -0.28323936 -0.366567 -0.29013854 -0.14033751 0.15308748
0.026260814 -0.112312496 0.15538424 -0.07328608 -0.07457997 -0.16040613 -0.29642668 -0.25229073 -0.12769258 -0.0593332 0.15508538 0.12617761 0.03393857 0.021841612 0.03163053 0.021246266 -32767.0 -32767.0 -32767.0 -32767.0 -32767.0 -32767.0 -32767.0 -32767.0 -32767.0 -32767.0 -32767.0 -0.026382692 0.40096164 0.7368408 0.27787527 -0.2344729 -0.21196586 -0.13980864 -0.2229658 -0.014324346 0.0045624888 0.076886274 0.090476006 0.21389282 0.3088925 0.38357306 0.2676219 -0.10383607 -0.08921787 -0.020738633 -0.10640349 -0.22442488 -0.248221 -0.18468948 -0.12185616 -0.031452514 0.13182533 0.027782831 -0.39786935 -0.42131346 -0.21840633 0.45727736
-32767.0 0.23092297 -0.106796905 -0.108714476 -0.09983242 -0.12973364 -0.17806706 -0.1866506 -0.05605981 0.014440328 0.12648895 0.1378467 0.10532325 0.042395137 0.110832036 0.025289008 0.06592537 -0.1310243 -32767.0 -32767.0 -32767.0 -32767.0 -32767.0 -32767.0 -32767.0 -32767.0 -32767.0 -32767.0 0.38512853 0.9103289 0.36410177 -0.11864903 -0.22694546 -0.22591521 -0.2929594 -0.17849533 0.012329865 0.11728467 0.10186777 0.14457886 0.35185948 0.39888042 0.16204517 -0.15772784 -0.14029936 -0.03165473 -0.103575386 -0.23425591 -0.16439588 -0.08497137 -0.14947875 -0.1489127 -0.00044659246 0.4771825 0.21880746 -0.48964882 -0.117871724 -32767.0
-32767.0 0.0056756213 -0.024511166 0.025749004 0.068969026 0.009931859 -0.0022153638 0.012768093 0.03240123 0.124648996 0.07046443 0.12072781 0.1604162 0.04727068 0.14259174 -0.028518919 -32767.0 -0.06129036 -32767.0 -32767.0 -32767.0 -32767.0 -32767.0 -32767.0 -32767.0 -32767.0 -32767.0 -32767.0 0.26331714 1.0949217 0.5812823 -0.06638807 -0.20118044 -0.2506257 -0.18055083 -0.10317673 -0.049096823 0.016702853 -0.03971905 0.03631188 0.15865137 0.25726688 0.24512617 -0.04975511 -0.19221191 -0.09916154 -0.12089169 -0.030762622 -0.097045265 -0.13952738 -0.14155301 -0.32543224 -0.1870304 0.27862462 0.4486633 -0.13536882 -0.2708605 -32767.0
0.072737396 0.020255558 0.15203685 0.15278628 0.079903096 0.13136832 0.18499269 0.22697055 0.17358755 0.13999502 0.13545227 0.14306028 0.13698749 0.19673526 0.2347792 -32767.0 -32767.0 -32767.0 -32767.0 -32767.0 -32767.0 -32767.0 -32767.0 -32767.0 -32767.0 -32767.0 -32767.0 -32767.0 0.056545507 1.3752961 0.78587717 0.022552527 -0.08621077 -0.061862614 -0.14065392 -0.02722533 -0.0648436 -0.028200805 -0.1071722 -0.11598693 0.007832154 0.14866292 0.36463183 -0.028294146 -0.113708705 -0.11413507 -0.03135856 0.0686704 -0.02548867 -0.17903177 -0.23550597 -0.22639316 -0.17538926 -0.09220307 0.35539386 0.18006109 -0.09200573 -0.012103427
0.098547466 0.10191856 0.13124882 0.17446122 0.10615332 0.19962841 0.23241143 0.23568417 0.20366973 0.23822969 0.29225317 0.24929808 0.1567953 0.0742501 0.14665554 0.057077773 -32767.0 -32767.0 -32767.0 -32767.0 -32767.0 -32767.0 -32767.0 -32767.0 -32767.0 -32767.0 -32767.0 -32767.0 -0.23063368 1.2991697 0.7930637 0.284588 -0.119128756 -0.13891503 -0.03474424 -0.0598608 -0.13954332 -0.1905376 -0.14217615 -0.1340215 -0.109628335 0.041765496 0.2724328 0.13955468 -0.17159334 0.028240478 0.029213928 -0.099025175 -0.10473027 -0.15075423 -0.17799696 -0.20699415 -0.13932094 -0.07484778 0.2659787 0.2470703 -0.05876499 -32767.0
0.18485448 0.16294897 0.14123608 0.1261579 0.0744337 0.16720746 0.15455088 0.15241915 0.16674952 0.20634536 0.21434984 0.14719239 0.07606021 0.069298424 0.044727627 0.11178258 0.1486217 -32767.0 -32767.0 -32767.0 -32767.0 -32767.0 -32767.0 -32767.0 -32767.0 -32767.0 -32767.0 -32767.0 -0.15250722 1.1538378 0.58559006 0.14101237 0.20815212 -0.08031842 -0.3154417 -0.13240556 -0.10068431 -0.02285607 -0.030635845 -0.05753964 -0.11686691 -0.10930075 0.03610504 -32767.0 -0.015740238 -0.07250001 0.13231549 -0.05251855 -0.20172042 -0.114350855 -0.049208507 -0.054920886 -0.06266878 0.046096403 0.59504604 -32767.0 -32767.0 -32767.0
0.19884875 0.16156752 0.105819486 0.07277287 0.07582091 0.15086553 0.14897966 0.119753025 0.043779053 0.030006384 -0.0101625705 -0.024424762 -0.05180893 -0.013836956 -0.044308722 0.12044183 0.11106316 -32767.0 -32767.0 -32767.0 -32767.0 -32767.0 -32767.0 -32767.0 -32767.0 -32767.0 -32767.0 -32767.0 -32767.0 1.0189204 0.34913874 0.14142373 0.2314333 -0.021570053 -0.33325744 -0.22387378 0.15355635 0.15668543 -0.018003715 -0.17463222 -0.19075797 -0.2329113 0.04181175 0.14141221 0.1364266 0.14120695 -0.08720318 0.21455698 0.1295493 -0.27991858 0.10346467 0.2989344 0.24462546 0.20114894 -0.060372382 -32767.0 -32767.0 -32767.0
0.181098 0.16412388 0.11569289 0.07740461 0.13478297 0.1886764 0.18349648 0.13948707 0.064480826 0.01886588 -0.01842489 -0.006644125 -0.047327098 -0.063391045 -0.12153294 0.13391064 0.031134924 -0.030691206 -32767.0 -32767.0 -32767.0 -32767.0 -32767.0 -32767.0 -32767.0 -32767.0 -32767.0 -32767.0 0.5990564 0.8322247 0.2709493 -0.08361048 0.14024971 -0.13557948 -0.17434748 0.1075639 0.14908347 -0.06861941 -0.2426305 -0.09060028 -0.0055936202 0.16562128 0.19750333 0.021183005 0.040657096 0.06611014 -0.1368772 -0.14592302 -0.2677961 -0.19956492 -0.08510675 -32767.0 0.015602548 0.124828234 0.044218857 -32767.0 -32767.0 -32767.0
0.0824315 0.13606195 0.17097673 0.18549554 0.24374019 0.25562322 0.20346335 0.12916525 0.12429549 0.09746738 0.106429935 0.064354666 0.06921921 0.011339136 0.03599298 0.067724325 -0.014979917 -32767.0 -32767.0 -32767.0 -32767.0 -32767.0 -32767.0 -32767.0 -32767.0 -32767.0 -32767.0 -32767.0 0.66616213 0.6115502 0.2932702 0.06683233 -0.044498187 -0.04550936 -0.054594215 0.037295196 0.2379761 -0.06798057 -0.16191995 -0.2245206 0.009806519 0.085568786 -32767.0 -32767.0 -0.06846709 0.009005325 -32767.0 -32767.0 -32767.0 -32767.0 -32767.0 -32767.0 -32767.0 -32767.0 -32767.0 -32767.0 -32767.0 -32767.0
0.01583036 0.09915079 0.18330745 0.32507724 0.30626675 0.20175882 0.1637155 0.13595037 0.0911084 0.1777341 0.116845116 0.06485569 0.1229611 -0.09233658 0.049678843 0.059790097 -32767.0 -32767.0 -32767.0 -32767.0 -32767.0 -32767.0 -32767.0 -32767.0 -32767.0 -32767.0 -32767.0 0.50951123 0.55378586 0.4310055 0.08968714 0.004853816 -0.12667513 0.14825445 0.15642834 0.19442204 0.09612751 -0.16302907 -0.3488687 -0.2695924 -0.03259956 -32767.0 -32767.0 -32767.0 -32767.0 -32767.0 -32767.0 -32767.0 -32767.0 -32767.0 -32767.0 -32767.0 -32767.0 -32767.0 -32767.0 -32767.0 -32767.0 -32767.0
0.007740977 0.059055977 0.21993448 0.31805795 0.28074348 0.25277787 0.3197077 0.31284076 0.2629066 0.18209003 0.14606701 0.18748918 0.061941758 -0.1140387 0.012194 0.012642504 -32767.0 -32767.0 -32767.0 -32767.0 -32767.0 -32767.0 -32767.0 -32767.0 0.037345022 0.033672247 0.34725648 0.53300804 0.46291187 0.14633708 -0.09640053 -0.05443674 0.07109893 0.27625194 0.23529464 0.077484034 -0.20518182 -0.18170388 -0.25363907 -32767.0 -32767.0 -32767.0 -32767.0 -32767.0 -32767.0 -32767.0 -32767.0 -32767.0 -32767.0 -32767.0 -32767.0 -32767.0 -32767.0 -32767.0 -32767.0 -32767.0 -32767.0 0.03086395
0.01901744 0.060535394 0.17995942 0.24495931 0.27649888 0.36006647 0.42102972 0.3952406 0.30041564 0.17646948 0.21339889 0.18379453 -0.022785189 -0.016097588 -0.028773392 0.03091933 -32767.0 -32767.0 -32767.0 -32767.0 0.012732731 0.07288136 0.015915312 -0.039788354 0.03329312 0.33874616 0.43801588 0.87898874 0.037416976 -0.043042164 -0.13394886 0.012844047 0.26938555 0.31234434 0.20092446 -0.008805101 -0.17086062 -0.1333209 -32767.0 -32767.0 -32767.0 -32767.0 -32767.0 -32767.0 -32767.0 -32767.0 -32767.0 -32767.0 0.15496795 0.023246348 -32767.0 -32767.0 -32767.0 -32767.0 -32767.0 -32767.0 -32767.0 0.21659143
-0.023847649 0.06745364 0.13914345 0.21766542 0.24621832 0.3731561 0.43007538 0.4662793 0.45026848 0.37094072 0.2819447 0.21417652 0.043163314 -0.24078542 0.10325498 -32767.0 0.030627402 -32767.0 0.019547977 -32767.0 0.010654613 -32767.0 -0.039442606 -0.07528608 0.014715831 0.21598853 0.6943016 0.22440618 -0.24107437 0.024844343 0.07716666 0.19537339 0.29366222 0.23614317 -0.10060334 -0.031401325 -32767.0 -32767.0 -32767.0 -32767.0 -32767.0 -32767.0 -32767.0 -32767.0 0.123663664 0.05014962 -0.00885326 -0.004170337 0.2254367 0.09164344 -0.03667523 0.14989339 -32767.0 -32767.0 -32767.0 -32767.0 -32767.0 0.045477338
-0.0045212274 -0.0076764077 0.09301034 0.18633138 0.2331917 0.257591 0.26963353 0.3769257 0.43841624 0.4285767 0.3109288 0.19651094 0.066957474 -0.009427499 -0.12878434 -0.16716178 0.016979758 -0.010031587 -0.055660777 -0.06468657 -0.0482508 0.012278821 0.045573972 0.1379343 0.18079184 0.2909156 0.3934226 -32767.0 0.10259482 0.32609043 0.23052587 0.1787414 0.049372952 0.05630622 -32767.0 -32767.0 -32767.0 -32767.0 -32767.0 0.2719438 0.1948995 0.178152 0.20693079 0.13939759 0.09973246 0.040063255 -32767.0 -32767.0 0.051849797 0.16743632 0.024309676 -32767.0 -32767.0 -32767.0 -32767.0 -32767.0 0.40784574 0.14348519
-0.16401157 -0.18668331 -0.09879108 0.0071324585 0.102730244 0.076450415 0.052081827 0.18500352 0.26984012 0.26791155 0.09440077 -0.17083089 0.06154661 0.05353616 0.11191913 -0.031365477 -0.10784384 -0.00479625 -0.07706364 0.008173481 0.12252382 0.12059073 0.10968036 0.13931122 0.13292481 0.16731536 0.26186287 0.19259456 0.22286099 0.1867769 0.06783877 -0.17754918 -0.1933652 0.018170364 0.0016228647 -32767.0 0.074218 0.09878318 -32767.0 0.008695363 0.1919284 -0.077824324 -32767.0 -0.009960777 -0.14379855 -32767.0 -32767.0 -32767.0 -32767.0 0.19449449 0.12345895 -32767.0 -32767.0 -32767.0 -32767.0 0.42956036 0.3510765 0.057636008
-0.11777777 -0.3297618 -0.35014153 -0.1739203 -0.026945291 -0.008765101 0.03264773 0.1052196 0.14907704 0.14136223 0.16319185 0.1425032 0.13824962 0.15572251 0.16158433 0.13936251 0.10000861 -0.028646303 -0.2855348 0.1479201 0.031402152 0.04063973 0.09502545 0.16778338 0.18247846 0.18975198 0.2162828 0.17084967 0.13706511 -32767.0 -0.01585222 -0.3043848 -32767.0 -32767.0 -0.018054748 -0.038824104 0.1753701 0.1263517 0.27126428 0.2715882 -0.28982636 -32767.0 -32767.0 -32767.0 -32767.0 -32767.0 -32767.0 -32767.0 -32767.0 0.0872419 0.055943422 0.14848697 -32767.0 -32767.0 0.34852204 0.19791286 -0.064869754 -0.19215387
