static/data/seaWater_uo/2023/7/10/0.asc
ncols 137
nrows 93
xllcorner 108.0
yllcorner 17.0
cellsize 0.25
NODATA_value -32767
[rows 52 to 77 of 93, columns 58 to 115 of 137]
0.30019727 0.41309845 0.20451441 0.09048536 0.112429865 0.17720349 0.26541623 0.247682 0.15523343 0.15765363 0.14202304 0.27480757 0.4553885 0.29657137 0.41600946 0.47649336 0.251778 0.18307634 0.11379343 0.026385408 -0.055893794 -0.09794127 -0.08525509 0.01863469 0.0018008151 0.07409781 0.07518846 -0.081075296 -0.16037676 -0.10440208 -0.14106068 -0.16832519 -0.078707 -0.12970197 -0.113775216 -0.22067189 -0.20668805 -0.3210301 -0.41525647 -0.43038398 -0.49912164 -0.36106417 -0.4790423 -0.6659412 -0.67800456 -0.3819553 -0.21722089 -0.33289546 -0.27400735 -0.16000877 -0.15109311 -0.12862366 0.1125138 0.2713539 0.29284748 0.17443183 0.0067291516 0.039332964
0.3042799 0.08956503 0.21929668 0.2592802 0.274693 0.15064116 0.17876111 0.24354115 0.24982107 0.2838388 0.35241777 0.3942964 0.29509807 0.41153497 0.5809004 0.49427524 0.22361879 0.16830027 -0.035129078 -0.13363734 -0.13718027 -0.0007355113 0.044094965 -32767.0 -0.012275518 0.035026688 0.0014637477 -0.17680368 -0.19245565 -0.17929707 -0.1478492 -0.12426508 -0.06779466 -0.11593141 -0.16866484 -0.2724194 -0.26833427 -0.33419976 -0.4033678 -0.45340836 -0.51208717 -0.56435287 -0.6990583 -0.6724246 -0.4014793 -0.22739781 -0.32812116 -0.24348979 -0.03273319 -0.024335494 -0.07992451 0.06195697 0.23230495 0.30502623 0.35863513 0.32887796 0.14721209 0.1237256
0.08611182 0.1508692 0.18135118 0.37262598 0.44100735 0.39611018 0.4428601 0.45083454 0.38389263 0.40469941 0.5197196 0.58867604 0.748381 0.8401997 0.7069001 0.43961176 0.18042776 0.033129428 -0.04110596 0.06911793 0.0958824 -0.032013357 -0.06603574 -0.029180326 -0.07713015 -0.10399776 -0.09318364 -0.20266186 -0.18485695 -0.1693541 -0.12398477 -0.09863342 -0.10429366 -0.19438104 -0.23093078 -0.29091665 -0.29911035 -0.34780172 -0.46424243 -0.58377355 -0.65782845 -0.65030056 -0.5111063 -0.27827632 -0.18137261 -0.28158006 -0.21680479 0.026065765 0.03602981 -0.04289196 -0.049186252 0.024139335 0.028345954 0.10500766 0.095821746 0.15653156 0.22187805 0.24059378
0.16498272 0.29901555 0.44192627 0.5233923 0.6548693 0.8061966 0.8116393 0.823056 0.8348028 0.7968915 0.8844532 0.9843025 1.0318056 0.84215385 0.5110676 0.23500898 0.05662566 0.023356365 0.18481754 0.10520589 0.036308832 -32767.0 -0.103802115 -0.102947995 -0.025722755 -0.08417441 -0.10730678 -0.15295874 -0.20463406 -0.10368113 -0.11265447 -0.1048566 -0.10530848 -0.19939116 -0.24617958 -0.27253777 -0.302162 -0.32378247 -0.4244722 -0.532135 -0.47112453 -0.32869026 -0.19446456 -0.16836692 -0.22982684 -0.22239532 -0.036365677 0.017005444 -0.07598119 -0.10021315 -0.022635566 -0.19496462 -0.077187695 -0.031472895 0.08771831 0.111588396 0.17965618 0.23905657
0.39246678 0.552905 0.54189324 0.6460733 0.58536065 0.6009499 0.62314117 0.6855658 0.8071939 0.9593194 1.0080719 0.8993784 0.68029106 0.4023652 0.12243505 -0.031740688 0.03919398 0.104602166 0.09566787 0.060010172 0.09692967 0.279636 0.15898126 0.02151722 0.011306462 0.14442007 0.017810473 -0.023415292 -0.067549124 -0.14238761 -0.10383571 -0.09773789 -0.07318221 -0.13814944 -0.25807482 -0.25431827 -0.27290517 -0.27196983 -0.25787294 -0.26128435 -0.20585595 -0.12001224 -0.11006936 -0.17663807 -0.20970626 -0.123845294 -0.051635396 -0.037547857 -0.071413 -0.13383432 -0.16204347 -0.28029075 -0.19588287 -0.12556247 -0.12628055 -0.054317318 0.09060186 0.19652036
0.06528172 0.19193985 0.3967833 0.6125263 0.6881046 0.47068676 0.25692376 0.44393817 0.33575448 0.33083498 0.2818333 0.17446193 0.0075866263 -0.10087928 -0.08901034 -0.023588674 0.09767232 0.16122827 0.24112938 0.31737402 0.33963588 0.33950454 0.36195937 0.36497718 0.38966888 0.34794068 0.19587924 0.17187938 0.042784512 -0.13330993 -0.13989496 -0.19622535 -0.07454317 -0.101196624 -0.15817894 -0.19272396 -0.1847268 -0.15638216 -0.14658295 -0.005066824 0.110006705 0.05230308 -0.08767296 -0.12540472 -0.10519274 -0.083185114 -0.037006054 -0.025686799 -0.09407614 -0.15418682 -0.23571193 -0.2785943 -0.28569824 -0.23996106 -0.21790121 -0.050782617 0.019981196 0.09104143
0.0015151019 0.3510594 0.5563604 0.61559147 0.654868 0.5180916 0.47508594 0.19735222 0.031365935 -0.030408971 -0.06922948 -0.09480302 -0.10592968 -0.099948116 -0.047006976 0.014114274 0.10481873 0.16845378 0.1319504 0.13505186 0.09108053 0.16150485 0.21908621 0.26307416 0.29425964 0.29514867 0.29132488 0.1307989 -0.019048834 -0.13352893 -0.15879866 -0.2554109 -0.0655538 -0.039346922 0.051245797 0.04428106 -0.075406715 -0.13791208 -0.06532658 0.03229517 0.13643692 0.19622749 0.10640684 -0.102460556 -0.09184578 -0.045180358 -0.04763366 -0.080622055 -0.13963546 -0.1805179 -0.15870515 -0.21816136 -0.18943463 -0.29834712 -0.10731334 -0.14807482 -0.09978516 -0.111520015
0.42755106 0.64594114 0.4745285 0.42968717 0.39230186 0.32256088 0.27345064 0.08213213 0.13366364 0.12070442 0.08594553 0.1352943 0.0049085277 -0.007933354 -0.010417565 0.030508297 0.12751909 0.11930101 0.01883543 -0.10813143 -0.1023752 -0.042454097 0.036568932 0.06911852 0.1524382 0.20798102 0.22989115 0.16775547 0.021813048 -0.13817373 -0.08700123 -0.20315236 -0.06257404 0.027825875 0.048704125 0.10870023 0.061433543 0.019176917 -0.029674912 0.02287789 0.13767868 0.23239876 0.20920049 0.12277363 -0.06561486 -0.06124857 -0.066538066 -0.07484319 0.015013858 -0.10474608 -0.09390226 -0.030134214 -0.08037626 -0.095403664 -0.12460387 0.04379867 0.005398166 -0.039073892
0.8510983 0.5470647 0.3386046 0.12891066 0.068346195 0.16769063 0.22913942 0.20241487 0.13133577 0.008307817 -0.0030890058 -0.019083606 0.002257226 0.031661708 0.041341253 0.10156563 0.13013756 0.059277788 -0.046159573 -0.0017481629 0.063403435 0.110660374 0.14004706 0.13129853 0.09523759 0.0615432 0.1275052 0.076849334 -0.019536342 -0.17202589 -0.032071922 -0.055513285 0.0160519 0.00895869 -0.027987448 0.0035966856 0.13802882 0.26636153 0.36846483 0.43419257 0.4083275 0.25764826 0.21961516 0.2471648 0.14139082 0.04185512 -0.03349023 0.046163652 0.043697998 -0.036113452 0.03591524 0.08545675 0.028014055 0.0021806282 0.012011552 -0.071217 0.056611016 0.1829778
0.60014546 0.33701912 0.14069505 -0.09910573 -0.14171898 -0.066698655 -0.010103335 0.060094956 0.037620403 -0.101357326 -0.14784482 -0.044808377 0.07713181 0.113306396 0.1481073 0.13157326 0.088663116 0.01842544 -0.04027134 0.026300885 0.015582743 0.0107671255 0.036742534 0.06719046 0.03799139 -0.022869239 0.014510486 -0.105438694 -0.19844727 -0.20960952 -0.014117419 0.10177798 0.23735237 0.08038567 -0.09263727 -0.15021904 0.041888773 0.1289961 0.14751093 0.2721103 0.4543273 0.63046473 0.6255255 0.3277026 0.18345293 0.23002261 0.2092095 0.18563542 0.05420234 0.016856544 0.07468371 0.095425464 0.022510743 0.021109374 0.017531384 0.008012046 0.023945147 -6.722148e-06
0.4442731 0.13996495 -0.12691598 -0.044393048 0.044740874 -0.08254407 -0.15893066 0.0069505116 -0.039253607 -0.103646375 -0.101087995 -0.047912862 0.1039652 0.19807759 0.22167738 0.15757409 0.09715529 0.018839074 -0.011675517 -0.008108417 -0.044865936 -0.07976781 -0.11756216 -0.107220106 -0.13704515 -0.10661312 -0.22480197 -0.34409472 -0.37510282 -0.18637826 0.06637594 0.25625777 0.20860474 0.1120885 -0.03707244 -0.10954237 0.14264889 0.10227362 0.18577667 0.17976242 0.27797002 0.3771571 0.51049733 0.66713697 0.51269925 0.24381322 0.2200179 0.16584234 0.11174335 0.05729877 0.058772616 0.004038732 0.007442304 0.1044083 -0.014397939 0.06269969 0.1059712 -0.044144604
0.3094091 0.0092030475 -0.13475107 -0.07235441 -0.07831893 -0.18064333 -0.10738787 -0.1068059 -0.06244225 0.0033075644 0.05425801 0.04953571 0.13766044 0.14311852 0.13505504 0.1041281 0.07137589 0.006218483 -0.021058012 -0.029593471 -0.10060945 -0.13374813 -0.17299424 -0.19359255 -0.2283828 -0.30751753 -0.42937303 -0.5090761 -0.351635 -0.1446748 0.12817177 0.07961989 0.01562697 0.09728954 0.06817145 0.2312993 0.14825669 -0.009870126 -0.003683997 0.0075443108 0.075405695 0.076417774 0.15542467 0.26582694 0.43317297 0.3982525 0.30669555 0.21694966 0.16015352 0.037257347 0.032062154 0.0014535902 0.01606109 0.041884303 -0.046856876 -0.053448737 -0.026933765 -0.057709675
0.19596702 -0.056671657 -0.18912812 -0.23993364 -0.34947997 -0.34745833 -0.32348076 -0.241622 -0.11386794 -0.03549286 -0.013854834 -0.0010591227 0.049912404 0.061977312 0.043107867 0.035346545 0.018834563 -0.026158834 -0.056747448 -0.05083402 -0.14232449 -0.1915657 -0.1830295 -0.2511284 -0.3377117 -0.4330053 -0.48564774 -0.42399606 -0.2040281 -0.1821478 0.071712255 -0.002625973 0.06342783 0.14086798 0.30325037 0.24367838 0.048304386 -0.08619469 -0.050538726 -0.05566187 -0.050298695 -0.099985875 -0.07834648 -0.05009184 7.383156e-05 0.07706529 0.08920016 0.05074626 -0.028618775 0.14201021 -0.03812967 0.064301714 0.0735938 -0.033711 -0.14679074 -0.20679998 -0.27838588 -0.21702768
0.16694371 -0.09607763 -0.15658183 -0.27841362 -0.37280846 -0.40460998 -0.314793 -0.24198002 -0.11024271 -0.07493527 -0.07075311 -0.075091094 -0.0077308086 -0.005288003 -0.018742071 -0.032831315 -0.038439497 -0.119758606 -0.09518951 -0.11461961 -0.17271847 -0.21909723 -0.25097483 -0.3154057 -0.40441236 -0.43267578 -0.35532248 -0.20466898 -0.07353481 -0.13741656 0.03765949 0.023411375 0.16177598 0.12320606 0.1218433 0.09509394 0.085674934 0.12215841 0.01047907 -0.12087809 -0.22438188 -0.31935513 -0.45112497 -0.46623793 -0.36621556 -0.1983125 -0.061931226 -0.056255504 0.13797438 0.04554148 0.012148497 0.14621402 0.02402444 -0.06230162 -0.24361756 -0.36963138 -0.5105093 -0.40953097
0.17041138 -0.06406796 -0.12095911 -0.16442536 -0.19743109 -0.16889523 -0.14646688 -0.16889098 -0.12857664 -0.089400485 -0.048028477 0.041591115 0.14031602 0.07392406 -0.018745651 -0.07742039 -0.1436322 -0.16567127 -0.13919884 -0.24823059 -0.19938868 -0.2161083 -0.24724586 -0.2597816 -0.2398085 -0.19557703 -0.0970238 0.022827752 0.054044314 -0.05999284 0.12906915 -0.013132842 0.0513368 -0.06545333 -0.1539004 -0.19848733 -0.12659365 -0.10389411 0.00029519593 -0.072289795 -0.18350397 -0.20247295 -0.21829268 -0.23456158 -0.046410795 -0.006206773 0.075906545 -0.077374905 -0.06502125 -0.104152225 -0.005648578 0.031082368 -0.06403433 -0.11896777 -0.26638672 -0.39547598 -0.47931564 -0.48755437
0.17463347 0.02973983 -0.024824757 -0.07186961 -0.0984885 -0.052988496 -0.08346875 -0.1318542 -0.13477798 -0.10650153 -0.014170631 0.15028389 0.18696946 0.12316138 -0.052250333 -0.13216087 -0.18425728 -0.215501 -0.31530946 -0.32864782 -0.21802521 -0.17826799 -0.23294435 -0.1851989 -0.111767404 0.03359265 0.14627714 0.23312876 0.23165959 0.12299785 0.17844442 0.013467398 -0.023227727 -0.1445059 -0.21652544 -0.210687 -0.14102197 -0.16108492 -0.132128 -0.009949852 -0.04433819 -0.09680546 -0.06272961 -0.16289292 -0.088713594 -0.09861098 -0.25259674 -0.3028459 -0.20830251 -0.045192562 0.086421534 0.048087824 -0.05237381 -0.17690012 -0.2696766 -0.2700776 -0.39108056 -0.30577797
0.3988724 0.22127083 0.023567548 0.00064577395 0.035639066 -0.01721618 -0.06656677 -0.0607454 -0.071042195 -0.03955423 0.06691358 0.0634117 0.0610791 0.0046351505 -0.13197765 -0.18638851 -0.21824194 -0.26105827 -0.3794662 -0.44922262 -0.38150504 -0.1931016 -0.12229837 -0.06479973 0.046274357 0.13403423 0.23871921 0.2852013 0.24277787 0.1474759 0.1953864 0.04173118 0.031459253 -0.006109115 -0.051450234 -0.066676855 -0.09959546 -0.084814675 -0.113077596 -0.09019423 0.028043766 -0.06980869 -0.106248595 -0.16608445 -0.26070186 -0.32057092 -0.3319746 -0.21945825 0.12809196 0.2829134 0.24545598 0.17568786 0.02479582 -0.15557718 -0.21602185 -0.2535026 -0.2733129 -0.20582786
0.52602273 0.4166158 0.073240854 0.048814848 0.03687739 0.0026377828 -0.005088202 0.051605877 -0.0060068723 -0.013040833 0.009260739 -0.04407388 -0.07506347 -0.12246133 -0.18482234 -0.23764978 -0.23192316 -0.22865255 -0.32167965 -0.41506627 -0.40774426 -0.32900068 -0.21033235 -0.1166217 -0.04215385 0.08348766 0.18558379 0.20540096 0.18731631 0.21822907 0.10891615 0.022196047 0.016966786 0.062918775 0.12886755 0.004639017 -0.09375345 -0.17722318 -0.072308235 -0.012478936 -0.067294054 0.04128342 -0.10340628 -0.054200888 -0.24357115 -0.25710905 -0.041065175 0.2585155 0.33175275 0.30220065 0.21636175 0.11544865 0.0676129 0.0064595602 -0.14492933 -0.26694855 -0.19036886 -0.15683854
0.16513127 0.21218419 0.12663949 0.09308149 0.024207797 -0.034557257 0.15681392 0.11060562 0.008056338 -0.017104473 -0.047319565 -0.08875752 -0.08902143 -0.15395309 -0.23072998 -0.27647564 -0.2475378 -0.18721017 -0.2317365 -0.32744598 -0.24133761 -0.21448453 -0.17805621 -0.15802851 -0.049712453 0.018533763 0.10414531 0.14112768 0.14874911 0.12722722 -0.018941369 0.0065793777 -0.028820112 0.110472344 0.17088379 0.16527733 0.09900412 0.059105862 0.06007767 0.04691107 -0.0022631157 -0.024126839 0.110377796 -0.06258157 -0.025116347 0.14822459 0.16309571 0.22701555 0.2628593 0.23657742 0.19111705 0.114393115 -0.0011188351 0.030353876 -0.045208488 -0.16109659 -0.101687066 -0.10672029
0.048960175 0.017974688 0.026421484 -0.0009701521 -0.08363507 0.0066409525 0.012912655 -0.032487426 -0.07036127 -0.05967834 -0.08408255 -0.048157364 -0.042757474 -0.17972545 -0.21595 -0.26879948 -0.28841978 -0.18805449 -0.13233173 -0.1634349 -0.17840001 -0.21874134 -0.3073786 -0.26290983 -0.17654152 -0.14423794 -0.0685314 -0.08302757 0.013180157 -0.012366387 -0.00024121479 0.09155679 0.07656898 0.0950861 0.17823157 0.27718985 0.33875966 0.30807638 0.22605775 0.14982276 0.029621221 0.020142116 0.06326961 0.046622727 -0.058615535 -0.057791784 -0.0066311113 0.13185202 0.13937233 0.110206 0.076293655 0.041185822 -0.059995424 -0.07790896 -0.05418716 -0.102210075 -0.050411664 0.04190712
0.050780997 -0.15685871 -0.017366065 -0.040496077 -0.07436467 -0.04975067 -0.10499977 -0.10937139 -0.038975473 -0.032205857 -0.037531495 0.096315585 0.0016449813 -0.13115838 -0.22131877 -0.30322158 -0.32762778 -0.20546535 -0.087113395 -0.082524024 -0.14379539 -0.2956569 -0.27097 -0.1800543 -0.17668612 -0.26742324 -0.23231182 -0.17890179 -0.10507975 -0.032370538 0.08302141 0.14864509 0.24215947 0.30892083 0.36238354 0.4062848 0.4776856 0.4467301 0.34741998 0.24845123 0.12523107 0.06020739 0.0088760005 0.004981 -0.1406883 -0.17990835 -0.074454054 -0.013276278 -0.06253249 -0.14858386 -0.14172082 -0.11093224 -0.16065428 -0.19454116 -0.18698233 -0.22628717 -0.13520785 0.04465127
0.05274226 -0.025528803 0.052059177 0.052401286 0.023783192 0.012525703 -0.07909882 -0.052353382 -0.021451162 0.059235077 0.17168131 0.16450216 0.0406285 -0.07730548 -0.18069658 -0.34437022 -0.34956977 -0.2038463 -0.25920078 -0.26259926 -0.2993682 -0.348684 -0.1667529 -0.13380486 -0.13488148 -0.14368573 -0.12068039 -0.07262422 0.033249393 0.18923022 0.2742397 0.35926098 0.40997118 0.47049642 0.5875235 0.6798598 0.64827305 0.59540457 0.4722699 0.35114297 0.31065908 0.18665071 0.056494236 -0.07634295 -0.18454419 -0.20779493 -0.15824391 -0.1670183 -0.2131971 -0.26381797 -0.32099962 -0.27623436 -0.27088577 -0.25924006 -0.38361207 -0.3942204 -0.22926782 -0.04707022
-0.028661598 -0.009003522 -0.05644637 0.08669611 0.09966417 -0.008251928 -0.07636946 -0.0022685898 0.0791501 0.26910436 0.30793625 0.13368125 -0.0022565578 -0.048444007 -0.15502416 -0.352583 -0.3137882 -0.29170763 -0.35979354 -0.3728995 -0.36877605 -0.25746098 -0.07439291 -0.036851835 -0.038762677 0.030985383 0.08038188 0.18995985 0.2613551 0.27921978 0.31140482 0.487618 0.6469855 0.755006 0.83399624 0.87160254 0.8547927 0.8328102 0.6731311 0.4286687 0.4575176 0.40457603 0.11940252 -0.008099837 -0.11931663 -0.18324338 -0.24583727 -0.23807319 -0.27107742 -0.3368629 -0.36417806 -0.35051134 -0.31490842 -0.39339623 -0.4043611 -0.35316554 -0.21580967 -0.029239345
-0.17253733 -0.20546342 -0.18775092 -0.121377915 -0.15034701 -0.11200804 -0.013509154 0.024169473 0.18668404 0.33218795 0.19537632 0.05479982 -0.09191476 -0.09491305 -0.20510544 -0.33704907 -0.26629245 -0.31952396 -0.39911717 -0.3823214 -0.3458162 -0.08742967 0.016899528 0.03109253 0.0059229205 0.023749618 0.014227391 0.14197834 0.1753703 0.3132545 0.53946537 0.4683007 0.58340335 0.708004 0.76621115 0.7924266 0.7330062 0.62834054 0.65666676 0.6122226 0.4779911 0.42426848 0.23850185 0.04560077 -0.08071676 -0.18284932 -0.19712877 -0.2627206 -0.26067615 -0.3986767 -0.4759863 -0.4174429 -0.38990527 -0.3423461 -0.12375274 -0.00034789622 0.09219579 0.25355512
-0.08479293 -0.22977608 -0.33270866 -0.40670043 -0.19848272 -0.0909285 -0.062375452 -0.035599563 0.18264331 0.108875 -0.0025939639 -0.008400031 -0.15528935 -0.220748 -0.27498117 -0.32258326 -0.21880217 -0.34618214 -0.41367704 -0.36237478 -0.16763592 -0.02087717 0.01737868 0.038903303 -0.057857547 0.03329491 1.6641356e-05 0.11872746 0.37894273 0.40518993 0.2832673 0.47648987 0.38909036 0.39646423 0.37670845 0.36355728 0.5163296 0.52564114 0.49338403 0.44406593 0.38459694 0.3136109 0.29664913 0.061884847 -0.038980458 -0.14282201 -0.18220975 -0.29028958 -0.2423504 -0.34134373 -0.465026 -0.44625458 -0.40315247 -0.3024782 -0.10973975 0.0090907 0.032422453 0.071912
-0.15063082 -0.24912912 -0.3767722 -0.14727286 -0.17765753 -0.12208526 -0.09676407 -0.04037492 0.0508382 -0.020286448 -0.034623038 -0.011123177 -0.1675085 -0.32802218 -0.33866176 -0.29873514 -0.24571496 -0.30642757 -0.4252887 -0.32023677 -0.19958204 -0.17757684 -0.14772025 -0.0417664 0.08449731 0.09007961 0.11705222 0.2968158 0.30391246 0.12899585 0.3646765 0.2885887 0.24155189 0.21377872 0.18943655 0.1539454 0.219292 0.30689907 0.31022865 0.36403462 0.33340836 0.28936338 0.2545074 0.097967364 0.008585497 -0.023222063 -0.13441002 -0.19328931 -0.19041172 -0.21678883 -0.28779277 -0.2793472 -0.18018092 -0.13335519 -0.1106669 -0.107041545 -0.16483532 -0.19798848
