static/data/seaWater_uo/2023/7/10/12.asc
ncols 137
nrows 93
xllcorner 108.0
yllcorner 17.0
cellsize 0.25
NODATA_value -32767
[rows 0 to 25 of 93, columns 58 to 115 of 137]
-32767.0 -32767.0 -32767.0 -32767.0 -32767.0 -32767.0 -32767.0 -32767.0 -32767.0 -32767.0 -32767.0 -32767.0 -32767.0 -32767.0 -32767.0 -32767.0 -32767.0 -32767.0 -32767.0 -32767.0 -32767.0 -32767.0 0.16107295 0.19220313 -0.104534544 -0.069481425 0.103925675 0.049685903 0.039049856 0.018631645 0.027091946 0.03589896 -0.041433353 -0.015995184 0.1434934 0.273152 0.2915068 0.070785575 -0.08704578 -0.23745148 -0.19549982 -0.0067333756 0.067228235 0.248416 0.31084466 0.18476935 0.19426106 0.17761022 -0.017160283 0.19140425 0.24739055 0.3336677 0.40503946 0.522887 0.46643877 0.43949878 0.54358786 0.6193318
-32767.0 -32767.0 -32767.0 0.06345576 -0.009597111 0.018404892 -0.019871157 -0.006964735 -0.008298645 0.006424468 -32767.0 -32767.0 -32767.0 -32767.0 -32767.0 -32767.0 -32767.0 -32767.0 -32767.0 -32767.0 -32767.0 0.07965401 0.028199945 -0.053865604 0.0885217 0.13190094 0.18050934 0.16013175 0.06305889 0.04766665 0.12012551 0.12236941 0.25493044 0.23640583 0.0029917634 0.12396359 0.098815545 -0.18364239 -0.264799 -0.33732894 -0.41993967 -0.21517798 -0.07667388 0.046637803 0.06395524 -0.12863326 -0.1964061 -0.18170862 0.060452968 0.12915528 0.24881625 0.31391853 0.3906326 0.32679152 0.38341922 0.41135272 0.4590034 0.5102465
-32767.0 0.03075315 -32767.0 -0.04308967 -0.071077146 -0.018042944 -0.044473153 -0.07127713 -0.061120037 -0.019100059 0.043395024 0.051536597 -32767.0 -32767.0 -32767.0 -32767.0 -32767.0 -32767.0 -32767.0 -32767.0 -32767.0 0.0006043818 0.06050332 0.080308095 0.20537776 0.21539578 0.2706344 0.32616654 0.30447575 0.3003954 0.35806227 0.46952915 0.43169162 0.2958849 0.082177 0.14521971 0.28675964 0.024940273 0.01697464 -0.09358914 0.17517582 0.36599842 0.29305342 0.21552998 0.11448566 -0.07638265 0.10243699 0.19431025 0.1549348 0.23571104 0.30480564 0.2657405 0.2624426 0.201083 0.038094915 0.11688626 0.14617819 0.15383026
0.0016505523 -32767.0 -0.07105568 -0.111148074 0.06988611 -0.097329594 -0.06213863 -0.08357483 -0.061041232 -0.0574755 -0.01314312 -0.005886833 -32767.0 -32767.0 -32767.0 -32767.0 -32767.0 -32767.0 -32767.0 -32767.0 0.13694704 0.025405422 0.042533062 0.06180972 0.22197567 0.29034021 0.22419435 0.2845354 0.33632836 0.32655275 0.4179474 0.36335233 0.32577464 0.37987757 0.20928171 0.25620967 0.50236493 0.44969335 0.36586842 0.41238528 0.5401128 0.379433 0.31649172 0.24881963 0.1374605 0.016852051 0.058521986 0.016385183 -0.08242401 -0.17843327 -0.03636485 0.1746189 0.23853652 0.082693 -0.03125422 0.016868198 -0.036752254 -0.14966872
-0.048855286 -32767.0 0.020993493 -0.06746316 0.033940766 0.014236969 -0.098581366 -0.053849798 0.014552251 -0.0077046347 -0.007505863 -32767.0 -32767.0 -32767.0 -32767.0 -32767.0 -32767.0 -32767.0 -32767.0 -32767.0 -32767.0 -32767.0 0.05814479 -0.037621357 0.0048709577 0.10586239 -0.13253449 -0.18953805 0.1902754 0.2244864 0.2066843 0.2636263 0.4035083 0.28265426 0.38718832 0.48405713 0.66793954 0.74760437 0.68322676 0.58378905 0.32719374 0.19861081 0.13276233 0.06731755 0.058085825 -0.022915592 -0.06334498 -0.0840616 -0.26441446 -0.33020693 -0.20761424 0.07813251 0.2922938 0.26986796 0.09194071 0.25051615 0.054122288 0.05851258
-0.012084021 -0.01044215 0.021549912 0.12975386 0.13684054 0.029324003 -0.058045622 -0.074053735 -0.09502861 -0.014250028 0.03330031 -32767.0 -32767.0 -32767.0 -32767.0 -32767.0 -32767.0 -32767.0 -32767.0 -32767.0 -32767.0 -32767.0 -32767.0 0.20518103 0.028706353 0.06916976 -0.07548204 -0.20199181 0.011983339 0.2976057 0.16159326 0.1917139 0.20838434 0.30225134 0.34952724 0.37702262 0.39563057 0.2815293 0.29391038 0.27464983 0.11683527 0.12625834 0.027218506 -0.2014972 -0.23763698 -0.33967412 -0.13470928 -0.08464221 0.1474784 0.121507026 0.036192175 0.05578201 0.21362974 0.20848413 -0.041652177 -0.0431244 -0.12839791 -0.031656254
-0.08984635 -0.045462728 0.0024161527 0.06511492 0.058811754 0.1059948 0.04188352 -0.029410167 0.05118762 0.055888534 -0.014337726 -32767.0 -32767.0 -32767.0 -32767.0 -32767.0 -32767.0 -32767.0 -32767.0 -32767.0 -32767.0 -32767.0 -32767.0 -32767.0 0.15017492 0.11596059 -0.06922076 -0.22931151 -0.25045443 0.2405369 0.017922604 -0.07786443 -0.012521879 -0.019875819 -0.0073205014 -0.11532432 -0.04379744 0.06017194 0.083386034 -0.03518293 0.007929199 0.05966481 -0.30835408 -0.5668835 -0.45102465 -0.04733991 0.33629116 0.53710556 0.69480723 0.5949133 0.15910184 -0.032813296 -0.0075764414 0.07501621 0.06947939 0.12071219 0.18648764 0.13996927
0.0039697513 0.026349047 0.07615502 0.09070855 0.13791205 0.178924 0.10997084 0.0971627 0.15914254 0.043815445 -32767.0 -32767.0 -32767.0 -32767.0 -32767.0 -32767.0 -32767.0 -32767.0 -32767.0 -32767.0 -32767.0 -32767.0 -32767.0 -32767.0 -32767.0 0.124507755 -0.02793625 0.008950071 -0.0213641 0.30406147 0.027266845 -0.1035768 -0.18139021 -0.25356764 -0.20195438 -0.16993083 -0.14153418 0.007838778 0.034944907 -0.01191912 -0.04965759 -0.06178072 -0.27118126 -0.045809925 0.18640102 0.36571738 0.4438486 0.42163858 0.39582407 0.21418656 0.024717847 -0.1372677 -0.15926683 -0.103114605 0.15749526 0.47496724 0.5198155 0.34233823
0.12585941 0.19637248 0.23234542 0.21021318 0.32218307 0.28619197 0.21103469 0.2214195 0.16720434 -32767.0 -0.0021893834 -32767.0 -32767.0 -32767.0 -32767.0 -32767.0 -32767.0 -32767.0 -32767.0 -32767.0 -32767.0 -32767.0 -32767.0 -32767.0 -32767.0 0.26666227 0.36473343 0.008451776 0.07351234 0.49102032 0.19672419 -0.17687207 -0.18556876 -0.100533225 0.0606519 0.23281577 0.12391404 0.07306725 0.038496733 0.04912729 -0.18506335 -0.010071956 0.3101999 0.47287735 0.4611977 0.3322645 0.3253013 0.32232174 0.36159354 0.1770916 -0.03352605 -0.25578678 -0.23509853 -0.10920509 0.13656124 0.28170484 0.16693744 0.091216564
0.12625685 0.2346974 0.24972564 0.19558027 0.2617868 0.23124364 0.20330782 0.21608213 0.19811104 -0.08630378 -0.17041698 -0.042776335 -0.10022689 -0.014986666 -0.0051369583 -0.022596117 -32767.0 -32767.0 -32767.0 -32767.0 -32767.0 -32767.0 -32767.0 -32767.0 -32767.0 -32767.0 0.32771224 0.18412326 -0.054977655 0.2406441 0.2937276 -0.16495818 -0.15655704 0.062651224 0.22604111 0.27730772 0.26315948 0.114011556 0.014015188 -0.16652507 -0.29443553 -0.15819472 0.16924164 0.3854823 0.4093643 0.3106153 0.19394441 0.15245654 -0.050400686 -0.17286582 -0.2260922 0.024765136 0.14208502 0.27152124 0.3663659 0.33424628 0.19930156 0.2274105
0.3994045 0.39127022 0.409682 0.2738463 0.20218047 0.1264316 0.11673194 0.23246211 0.3062248 0.3255999 0.12639658 0.07885141 0.064942285 0.015716512 -0.011780042 0.0018403162 -32767.0 -32767.0 -32767.0 -32767.0 -32767.0 -32767.0 -32767.0 -32767.0 -32767.0 -32767.0 -32767.0 0.1703699 -0.022456095 0.19334474 0.26732978 0.10913425 -0.17118396 -0.021349145 0.18123634 0.3103376 0.22980285 0.013663982 0.044376675 0.08213094 0.0028824788 -0.029975705 0.13466173 0.26303995 0.27544072 0.12636466 -0.026650079 -0.28060713 -0.40389353 -0.40648726 -0.13533737 0.17205155 0.29400587 0.23322055 0.28987637 0.4432071 0.3243005 0.46641767
-32767.0 0.11686168 0.17386524 0.296448 0.20492584 0.15131581 0.21860467 0.28852472 0.33606955 0.31055397 0.35841003 0.16786912 -0.007153646 0.04048887 0.03688097 0.0025220425 0.08768055 0.072399266 -32767.0 -32767.0 -32767.0 -32767.0 -32767.0 -32767.0 -32767.0 -32767.0 -32767.0 -32767.0 -0.0071045724 0.25489658 0.28322113 0.3922816 0.5284249 0.3363843 0.32583645 0.3866469 0.29452986 0.12708953 0.048655134 0.13070385 0.35261336 0.30439076 0.079080634 0.19113334 0.25375032 0.1663192 -0.09845581 -0.16341336 -0.063422054 -0.06852512 0.08680501 0.16448437 0.12230299 0.15780528 0.36471176 0.42345127 0.40145352 -32767.0
-32767.0 0.092079096 0.097664595 0.14051574 0.11316214 0.14645931 0.20828155 0.34441966 0.39008594 0.3881911 0.39425406 0.3619933 0.19154675 0.10296591 0.029557943 0.13159849 -32767.0 0.0072478745 -32767.0 -32767.0 -32767.0 -32767.0 -32767.0 -32767.0 -32767.0 -32767.0 -32767.0 -32767.0 0.14625674 0.3690955 0.35356057 0.25680745 0.3019719 0.41903698 0.3562836 0.3398794 0.41980752 0.26497373 0.2025725 0.24587266 0.23253047 0.21310122 -0.01228252 0.16012879 0.18541266 0.094998166 -0.13283473 -0.056937445 0.13908552 0.11056395 0.24510336 0.1404096 0.13010266 0.10627422 -0.09536508 -0.23296404 0.06424914 -32767.0
0.10869214 0.14031608 0.08159878 0.1389251 0.13053726 0.14380415 0.19644405 0.23147224 0.2200901 0.25013962 0.2916642 0.23879452 0.19995013 0.14604053 -0.018559996 -32767.0 -32767.0 -32767.0 -32767.0 -32767.0 -32767.0 -32767.0 -32767.0 -32767.0 -32767.0 -32767.0 -32767.0 -32767.0 0.10752868 0.30123234 0.38978457 0.3175575 0.26752958 0.2887133 0.27161154 0.35068837 0.34228495 0.39472553 0.29767507 0.2832745 0.22929177 0.2131197 0.2658524 0.12698321 0.16229834 0.24507222 0.21862394 0.2623848 0.28994986 0.29693565 0.3385419 0.4302328 0.40752995 0.318196 0.13616201 -0.06711023 0.12224452 0.08108828
0.034790292 0.039095055 0.044453688 0.06640291 0.16520992 0.22861773 0.3149226 0.20408003 0.17017855 0.14530727 0.14435717 0.19848199 0.16715042 0.10008862 0.031844843 -0.0574276 -32767.0 -32767.0 -32767.0 -32767.0 -32767.0 -32767.0 -32767.0 -32767.0 -32767.0 -32767.0 -32767.0 -32767.0 -0.0015816963 0.045992218 0.37488505 0.3569641 0.36577678 0.2909633 0.4435213 0.45280764 0.36907035 0.2835651 0.30431706 0.25627667 0.12382226 -0.14147937 0.06907583 0.10171514 -0.02834667 0.18541192 0.22861166 0.2500946 0.4168065 0.49685246 0.48973107 0.4230485 0.45365378 0.63706297 0.6264752 0.43240654 0.23676565 -32767.0
0.041568752 0.101095155 0.11218471 0.0755025 0.12558934 0.17194562 0.23420256 0.28043222 0.17917547 0.024194242 0.0067840763 0.11548153 0.15257323 0.06570842 -0.007896884 -0.10407739 -0.008211709 -32767.0 -32767.0 -32767.0 -32767.0 -32767.0 -32767.0 -32767.0 -32767.0 -32767.0 -32767.0 -32767.0 0.21820253 0.2416894 0.43483782 0.32844862 0.1578763 0.21152453 0.29583707 0.2624436 0.28027195 0.27747667 0.35540617 0.3354819 0.35923114 0.30918226 0.34865537 -32767.0 0.030096523 0.2885824 0.3328745 0.1446873 0.285032 0.40898487 0.30481717 0.12309351 -0.23256618 0.059766438 0.17822659 -32767.0 -32767.0 -32767.0
0.036641743 0.06702502 0.06042382 0.06376133 0.11875125 0.14456736 0.2354058 0.20878795 0.067000985 0.031097876 -0.052766033 -0.05600589 0.014211098 0.012390837 0.06695981 -0.025582453 0.0045173243 -32767.0 -32767.0 -32767.0 -32767.0 -32767.0 -32767.0 -32767.0 -32767.0 -32767.0 -32767.0 -32767.0 -32767.0 0.49998805 0.549385 0.3844277 0.2264243 0.21750268 0.15665983 0.21373643 0.2917423 0.28751248 0.34913775 0.46934125 0.62168247 0.46326655 0.4969312 0.10351803 0.26523167 0.13274789 0.292488 0.0576513 -0.100679204 0.3165316 0.6917527 0.74727046 0.6222147 0.2553194 0.071420126 -32767.0 -32767.0 -32767.0
-0.004343959 -0.007040744 0.06478451 0.124531515 0.18750699 0.18182087 0.14147325 0.14726758 0.089240246 0.014922185 -0.02300578 -0.12597285 -0.14659064 0.030582296 0.081181705 0.046344146 0.0041538533 -0.024007373 -32767.0 -32767.0 -32767.0 -32767.0 -32767.0 -32767.0 -32767.0 -32767.0 -32767.0 -32767.0 0.2576818 0.45057338 0.4792071 0.4628117 0.38355783 0.35114852 0.21619374 0.16275851 0.3355117 0.33556256 0.416646 0.15820889 0.22036605 0.4530383 0.6414128 0.6430638 0.6325968 0.7200103 0.66551983 0.75112545 0.91083956 0.5061636 0.440705 -32767.0 0.2115587 -0.08005692 -0.1145221 -32767.0 -32767.0 -32767.0
-0.0055399514 -0.011825794 0.06726879 0.10699639 0.13469204 0.13416526 0.084507816 0.040573526 0.07676484 0.04301566 0.034609213 0.030829651 0.0383375 0.075647585 -0.06387363 0.024888018 0.010893294 -32767.0 -32767.0 -32767.0 -32767.0 -32767.0 -32767.0 -32767.0 -32767.0 -32767.0 -32767.0 -32767.0 0.46336767 0.41951707 0.23791273 0.16991897 0.16866358 0.2585142 0.32600087 0.25398824 0.2341851 0.36180618 0.4500135 0.25361878 0.415496 0.48921093 -32767.0 -32767.0 0.14842 -0.011299454 -32767.0 -32767.0 -32767.0 -32767.0 -32767.0 -32767.0 -32767.0 -32767.0 -32767.0 -32767.0 -32767.0 -32767.0
0.012087146 -0.022375949 0.04107868 0.025022972 -0.1311032 -0.054690607 -0.021946106 -0.030749135 -0.032847136 -0.059317406 -0.07015873 -0.083410345 -0.08942974 -0.08716394 0.011153401 0.0100867385 -32767.0 -32767.0 -32767.0 -32767.0 -32767.0 -32767.0 -32767.0 -32767.0 -32767.0 -32767.0 -32767.0 0.3496741 0.5463354 0.4574117 0.2330623 0.11586687 0.08824116 0.07995708 0.22803384 0.35749164 0.23255569 0.24527341 0.43389338 0.46546948 0.5142609 -32767.0 -32767.0 -32767.0 -32767.0 -32767.0 -32767.0 -32767.0 -32767.0 -32767.0 -32767.0 -32767.0 -32767.0 -32767.0 -32767.0 -32767.0 -32767.0 -32767.0
0.117362276 0.04263668 -0.08785443 -0.1286279 -0.066574566 0.016984928 0.05593034 0.0153908115 -0.02412869 -0.11399255 -0.13229217 -0.15079805 -0.16863103 -0.1407823 -0.023630228 -0.0021664724 -32767.0 -32767.0 -32767.0 -32767.0 -32767.0 -32767.0 -32767.0 -32767.0 0.23238035 0.24138202 0.5227341 0.65661573 0.5828024 0.37606552 0.16721274 0.12570632 -0.0021360656 0.12989281 0.37057176 0.5518874 0.5232826 0.4483923 0.41825122 -32767.0 -32767.0 -32767.0 -32767.0 -32767.0 -32767.0 -32767.0 -32767.0 -32767.0 -32767.0 -32767.0 -32767.0 -32767.0 -32767.0 -32767.0 -32767.0 -32767.0 -32767.0 0.07313933
0.20772536 0.19154522 0.13801095 0.02542425 0.011908893 0.118523836 0.164049 0.105680875 -0.007975734 -0.15417627 -0.22304744 -0.16201384 -0.041853808 -0.13293935 -0.011548124 -0.013066208 -32767.0 -32767.0 -32767.0 -32767.0 0.10845571 0.14099583 0.23285392 0.34990832 0.3130653 0.38803956 0.3562253 0.54023516 0.21505791 0.009534635 0.06130134 0.22510722 0.3212972 0.4002529 0.36802983 0.3060744 0.3958236 0.20064534 -32767.0 -32767.0 -32767.0 -32767.0 -32767.0 -32767.0 -32767.0 -32767.0 -32767.0 -32767.0 -0.05119339 -0.029046144 -32767.0 -32767.0 -32767.0 -32767.0 -32767.0 -32767.0 -32767.0 0.042418353
0.26540673 0.14549996 0.19263327 0.14843833 0.13372831 0.14043687 0.107057795 0.055570744 0.06294289 0.060720738 -0.016943581 -0.03661102 -0.08161045 0.06263024 -0.13233571 -32767.0 -0.12219374 -32767.0 0.07819705 -32767.0 0.10313897 -32767.0 0.08216058 0.098153464 0.12837575 0.09763978 0.21861553 0.33517978 0.06673045 0.14333916 0.3095891 0.48446506 0.5779602 0.5937645 0.480203 0.19792148 -32767.0 -32767.0 -32767.0 -32767.0 -32767.0 -32767.0 -32767.0 -32767.0 0.10235017 0.065026455 0.05901064 -0.0067844708 -0.016473606 -0.087004304 -0.091170155 0.103720024 -32767.0 -32767.0 -32767.0 -32767.0 -32767.0 0.097133406
0.26218194 0.23553175 0.11739894 0.1434613 0.2014327 0.2429376 0.27036572 0.14480282 0.09935957 0.08747415 0.05232119 0.0779704 -0.00050017075 0.074400574 0.22905427 0.30173972 0.3027932 0.6058478 0.45117038 0.25254288 -0.020764362 -0.17028613 0.031049626 0.13056049 0.24614991 0.31880978 0.32896525 -32767.0 0.25953776 0.6966261 0.8173952 0.68296784 0.54321945 0.4314245 -32767.0 -32767.0 -32767.0 -32767.0 -32767.0 -0.004162495 0.09274882 0.06716119 0.21696566 0.18708025 0.12342234 0.15877417 -32767.0 -32767.0 0.08872353 -0.02265116 0.056362815 -32767.0 -32767.0 -32767.0 -32767.0 -32767.0 0.26663315 0.7395855
0.3372085 0.30718693 0.20849413 0.14364608 0.11809149 0.14239605 0.10754159 0.027813567 0.0094807595 -0.036332253 0.00870908 -0.079923235 -0.023036981 -0.090388514 -0.013379042 0.14069729 0.49457422 0.5353504 0.46762946 0.21562478 0.2104907 0.281941 0.10395408 0.20575516 0.29290783 0.20882934 0.15857762 0.39368224 0.60529923 0.6341664 0.38994053 0.2890376 0.33251536 0.2082748 0.027954122 -32767.0 0.029856069 0.038821254 -32767.0 0.0723079 0.2925859 0.16345675 -32767.0 -0.15541963 -0.18517734 -32767.0 -32767.0 -32767.0 -32767.0 0.0795223 -0.05396155 -32767.0 -32767.0 -32767.0 -32767.0 0.3270071 0.5913296 0.5418988
0.21106045 0.27642545 0.34395358 0.41600272 0.36856169 0.15269828 -0.0017762822 -0.14110947 -0.14707749 -0.19243598 -0.07176095 -0.07025696 -0.019843027 -0.054321907 -0.07701273 -0.025234343 0.23357244 0.44074684 0.32760116 0.28682187 0.3955036 0.26364386 0.22093777 0.33715475 0.43174073 0.36483046 0.34104198 0.4040968 0.30128238 -32767.0 0.284046 0.2958922 -32767.0 -32767.0 0.036087435 0.10879924 0.022589423 -0.09729113 -0.15209304 0.04390482 0.008994169 -32767.0 -32767.0 -32767.0 -32767.0 -32767.0 -32767.0 -32767.0 -32767.0 0.15655945 0.39697742 0.31085974 -32767.0 -32767.0 0.13813137 0.38010043 0.17135748 0.10322835
