static/data/seaWater_uo/2023/7/10/18.asc
ncols 137
nrows 93
xllcorner 108.0
yllcorner 17.0
cellsize 0.25
NODATA_value -32767
[rows 0 to 25 of 93, columns 58 to 115 of 137]
-32767.0 -32767.0 -32767.0 -32767.0 -32767.0 -32767.0 -32767.0 -32767.0 -32767.0 -32767.0 -32767.0 -32767.0 -32767.0 -32767.0 -32767.0 -32767.0 -32767.0 -32767.0 -32767.0 -32767.0 -32767.0 -32767.0 0.06677932 0.05328808 -0.09509778 -0.07058724 0.20616157 0.38350636 0.38019782 0.3115299 0.22445044 0.20625365 0.20478597 0.34974262 0.54370195 0.37857735 0.4292108 0.31562245 0.23560883 0.30332932 0.3928342 0.25159183 0.27615687 0.42060977 0.5450533 0.4229566 0.17703943 0.08781527 0.1514263 0.1827445 0.3059121 0.5006327 0.678094 0.6007087 0.4978706 0.50277567 0.47324488 0.30481735
-32767.0 -32767.0 -32767.0 0.006021098 -0.025477955 0.013591899 -0.01951364 -0.0058959466 -0.01241567 -0.010870608 -32767.0 -32767.0 -32767.0 -32767.0 -32767.0 -32767.0 -32767.0 -32767.0 -32767.0 -32767.0 -32767.0 0.013555693 -0.111677825 -0.12217795 0.07797532 0.17869201 0.17495541 0.32251814 0.3956473 0.36610782 0.13670437 0.14770485 0.30944607 0.4528364 0.40451106 0.2243371 0.03576821 0.07290475 -0.13516708 -0.1154713 -0.075393245 -0.024346136 0.20414786 0.22507 0.28869548 0.09498692 -0.15148695 -0.02670506 0.18034607 0.45239478 0.7200796 0.77743965 0.62088543 0.39801323 0.27329737 0.14530668 0.03297825 0.0840929
-32767.0 -0.020774037 -32767.0 -0.0502708 -0.103705004 -0.050781377 -0.04700158 -0.037653558 0.018772494 0.013871346 0.0042304667 0.08087946 -32767.0 -32767.0 -32767.0 -32767.0 -32767.0 -32767.0 -32767.0 -32767.0 -32767.0 -0.0011940124 -0.001659113 0.11711857 -0.017769549 0.107140206 0.25494072 0.377766 0.44821846 0.51587045 0.534765 0.53438383 0.59925205 0.45889142 0.3180017 0.24508423 -0.032095015 -0.062360756 -0.021749208 0.032471865 0.18763515 0.5763246 0.66296434 0.37467313 0.25185487 0.28684437 0.27386233 0.29729432 0.41408435 0.60897297 0.6411486 0.54576826 0.3991138 0.025482059 -0.13245857 -0.1638138 -0.11757506 -0.108264625
-0.054427676 -32767.0 -0.02057226 0.09014452 0.06720609 0.09338613 -0.005353705 0.04661205 0.07643537 0.05016172 0.042981047 0.022692012 -32767.0 -32767.0 -32767.0 -32767.0 -32767.0 -32767.0 -32767.0 -32767.0 0.011434667 -0.012253868 -0.02061943 0.14610316 -0.24608955 -0.13793713 0.091812626 0.22350717 0.349174 0.45733345 0.3852533 0.26767454 0.2538527 0.2804872 0.3777703 0.3674724 0.12499868 0.029616296 -0.004898433 0.014355887 0.39005008 0.6359939 0.65355015 0.46872342 0.2569933 0.2981771 0.33334672 0.26817483 0.31486848 0.25640306 0.22199148 0.16872416 0.06574869 0.057260055 -0.17051953 -0.19354719 -0.1455136 -0.096706755
0.106803946 -32767.0 0.020338869 0.06314302 0.11997924 0.24607322 0.29910907 0.12625846 0.04131887 0.048838813 0.06647794 -32767.0 -32767.0 -32767.0 -32767.0 -32767.0 -32767.0 -32767.0 -32767.0 -32767.0 -32767.0 -32767.0 0.23598509 0.3591185 -0.0035962418 -0.20563139 -0.30564153 -0.2781493 -0.077761136 0.11783504 0.27816877 0.42817065 0.50669503 0.50771004 0.696542 0.58489037 0.46453097 0.42108917 0.4179923 0.55518895 0.56998366 0.5651428 0.36637855 0.36023986 0.14362471 0.16030046 0.3121628 0.12308878 0.023635546 -0.11656986 0.21283036 0.2704464 0.12869835 0.17180513 0.23342551 0.20733298 0.16550688 0.069739215
0.15869439 0.18742578 0.18653958 0.2289958 0.23184824 0.24914043 0.22128806 0.12701437 0.110856846 0.057899933 0.032587606 -32767.0 -32767.0 -32767.0 -32767.0 -32767.0 -32767.0 -32767.0 -32767.0 -32767.0 -32767.0 -32767.0 -32767.0 0.3106805 0.06447275 -0.15295495 -0.14915915 -0.13979355 -0.09910008 0.0035922737 0.082080826 0.02681116 0.15567364 0.3552619 0.4755017 0.65114385 0.6864586 0.7207917 0.7141671 0.6105703 0.44689593 0.24456353 0.11554489 0.061791375 -0.14269237 -0.012488071 0.27763563 0.32871804 0.016448053 0.098926395 0.3377018 0.4826379 0.2254754 0.120847195 0.25843927 0.21838936 0.13401023 0.06728248
0.37352866 0.26775903 0.21687028 0.12188277 0.07722177 0.0596254 0.08543038 0.14411065 0.14223763 0.108295955 -0.006352231 -32767.0 -32767.0 -32767.0 -32767.0 -32767.0 -32767.0 -32767.0 -32767.0 -32767.0 -32767.0 -32767.0 -32767.0 -32767.0 0.17895955 0.05823641 0.13314599 0.11345507 -0.14531696 -0.10973646 -0.05078774 0.016432641 0.029938279 0.11542271 0.25741386 0.42870158 0.37812564 0.45430532 0.40006372 0.31502628 0.2675742 0.0868818 0.013521174 -0.31795838 -0.18701692 0.1355416 0.3752665 0.65585184 0.8103494 0.770836 0.48737293 0.40413886 0.1971477 0.14218706 0.32414642 0.31458348 0.16885214 0.24657145
0.2826829 0.1380754 0.016718037 -0.041752927 -0.11214816 -0.17944923 -0.07095674 0.033860445 0.08826248 0.01225986 -32767.0 -32767.0 -32767.0 -32767.0 -32767.0 -32767.0 -32767.0 -32767.0 -32767.0 -32767.0 -32767.0 -32767.0 -32767.0 -32767.0 -32767.0 0.05073206 0.15992752 -0.05507413 -0.06635468 -0.120993905 -0.020198856 0.09818651 0.19451794 0.19807656 0.16302715 0.07281739 -0.02095059 0.064025454 0.09587176 0.10575393 0.1670195 0.1632941 -0.025711931 -0.09990458 0.29261664 0.4727784 0.60280037 0.67882705 0.6149503 0.4667236 0.3765267 0.23697038 0.043161783 0.16349839 0.32789657 0.50707835 0.601303 0.60978556
0.13504693 0.041551225 -0.011401612 0.014329483 -0.060206376 -0.053271655 -0.013867648 -0.009403694 0.06135772 -32767.0 -0.01626179 -32767.0 -32767.0 -32767.0 -32767.0 -32767.0 -32767.0 -32767.0 -32767.0 -32767.0 -32767.0 -32767.0 -32767.0 -32767.0 -32767.0 0.2191018 0.011374228 0.10193786 0.17900637 0.05954708 0.106492214 0.08990425 0.22095606 0.22779684 0.24032062 0.099309675 -0.035392586 0.028131992 -0.034224678 0.049735438 0.17276794 0.21625362 0.348437 0.494733 0.4331744 0.4589642 0.51915103 0.42305565 0.46587664 0.44635615 0.3338934 0.14533745 0.17485458 0.23245133 0.40126806 0.46485135 0.3950482 0.35746095
0.09353446 0.0635613 0.080369174 0.11866647 0.08237694 0.011508393 -0.008005716 -0.03623102 -0.13548571 -0.24881637 -0.26434815 -0.15312615 -0.17416868 -0.0400184 -0.026568437 -0.016757403 -32767.0 -32767.0 -32767.0 -32767.0 -32767.0 -32767.0 -32767.0 -32767.0 -32767.0 -32767.0 0.1572046 0.17313671 0.034166366 0.1008794 0.06994304 0.08482956 0.119343214 0.25670704 0.35993162 0.24321899 0.13534823 0.075729415 -0.06340988 -0.2424938 -0.19380064 0.08608631 0.40009266 0.59050727 0.5590889 0.45510983 0.34168243 0.39685848 0.43765986 0.28943142 0.22384457 0.11695999 0.24236465 0.3532893 0.3722972 0.19220075 0.124859095 0.13969567
0.3051266 0.19843116 0.06490368 0.043764748 0.075085215 -0.014129933 -0.08366799 -0.120181635 -0.052060056 0.01777122 0.061554644 0.014318489 0.0022323136 -0.018845206 -0.027314618 -0.009770402 -32767.0 -32767.0 -32767.0 -32767.0 -32767.0 -32767.0 -32767.0 -32767.0 -32767.0 -32767.0 -32767.0 0.07404273 -0.19414039 -0.044438064 0.04300116 0.099424474 -0.03943013 -0.0011352757 0.2834582 0.1312018 0.14546545 0.15657198 0.021342095 -0.018711923 -0.10137693 0.056381684 0.34303942 0.40266228 0.3805984 0.2224335 0.19989997 0.19301343 0.20985153 0.1313071 0.0058443765 0.092163295 0.03009475 0.094691 0.14164218 0.17833637 0.11882425 0.28460217
-32767.0 0.030408883 0.18195547 0.19632992 0.18489146 0.15528105 0.024462035 -0.02953478 -0.028153304 0.12055324 0.13116153 -0.048210055 -0.09848351 -0.031729836 -0.01138642 -0.02614362 0.07593969 0.027470669 -32767.0 -32767.0 -32767.0 -32767.0 -32767.0 -32767.0 -32767.0 -32767.0 -32767.0 -32767.0 -0.14074108 0.049625088 0.07824122 0.12793352 0.34734148 0.24586771 0.2053985 0.2404583 0.11314677 0.07084024 0.14768893 0.21018773 0.25368807 0.28242153 0.2953152 0.3116497 0.28387156 0.12689918 0.17193769 0.029892428 0.100984715 0.30226922 0.20098487 0.05537399 -0.07805275 -0.15654103 0.038598195 0.46897456 0.34596732 -32767.0
-32767.0 0.016409442 0.12258272 0.15802084 0.19912013 0.22252633 0.20927681 0.086917385 0.14650226 0.2728925 0.2828768 0.1463425 0.06357029 0.02007683 0.0006760729 0.05732492 -32767.0 -0.030248486 -32767.0 -32767.0 -32767.0 -32767.0 -32767.0 -32767.0 -32767.0 -32767.0 -32767.0 -32767.0 -0.1326714 0.11790325 0.085766256 -0.03733841 0.077014156 0.25150394 0.27034852 0.28643173 0.32259256 0.30476594 0.33438066 0.31923398 0.39549544 0.2865157 0.20266472 0.31464657 0.4053813 0.161747 0.13572454 0.073353775 0.3175696 0.27563944 0.012294895 -0.013425442 -0.22821325 -0.23854333 -0.3048207 -0.1330054 0.1099142 -32767.0
0.14871001 0.28600964 0.20882279 0.1771898 0.19904351 0.16475144 0.15397976 0.22832029 0.3564443 0.41067877 0.3800151 0.29235777 0.13377278 -0.008175322 -0.022238303 -32767.0 -32767.0 -32767.0 -32767.0 -32767.0 -32767.0 -32767.0 -32767.0 -32767.0 -32767.0 -32767.0 -32767.0 -32767.0 -0.1134001 -0.04792849 -0.013500464 -0.18867804 -0.09067281 0.010645529 0.12918654 0.28469256 0.37447307 0.4137375 0.4943803 0.52601504 0.49532092 0.3323765 0.25738692 0.29575738 0.4851498 0.44111267 0.28004608 0.38434312 0.32383773 0.23142157 0.102639206 -0.1725304 -0.22155601 -0.088508375 -0.11317111 0.02384651 0.2034219 0.08462791
0.16756573 0.16540736 0.1895579 0.26246676 0.26880136 0.128494 0.095043905 0.14770402 0.24415475 0.41865617 0.41992313 0.25896585 0.22157332 0.18230627 0.017990032 -0.06822648 -32767.0 -32767.0 -32767.0 -32767.0 -32767.0 -32767.0 -32767.0 -32767.0 -32767.0 -32767.0 -32767.0 -32767.0 0.0067751124 -0.28958967 0.0010307676 -0.07399961 -0.012079023 -0.037051782 0.11554876 0.2588669 0.29467744 0.34378988 0.43703163 0.45485058 0.29299828 0.10308406 0.039263982 0.23056059 0.20633055 0.3814567 0.34976763 0.40374303 0.3559746 0.08591204 -0.08298069 -0.07117172 0.047912654 0.43230182 0.55699426 0.3808026 0.23167165 -32767.0
0.18651454 0.18951842 0.1960557 0.24899627 0.2632489 0.31711522 0.17937934 0.16133252 0.2330258 0.25351125 0.246723 0.24181363 0.22127965 0.15788652 0.022925152 -0.11983574 -0.024327263 -32767.0 -32767.0 -32767.0 -32767.0 -32767.0 -32767.0 -32767.0 -32767.0 -32767.0 -32767.0 -32767.0 0.26898026 0.030770866 0.17596644 -0.0681774 -0.0887339 -0.095796555 -0.10788343 -0.03187637 -0.024502993 0.086292 0.24581777 0.3292586 0.22282791 0.24845363 0.42494395 -32767.0 0.06527222 0.120204285 0.15766582 0.18751779 0.23265164 -0.014458149 0.044644736 -0.07961944 -0.04075853 0.040244102 0.0918096 -32767.0 -32767.0 -32767.0
0.14840281 0.22264348 0.14964338 0.14584608 0.21358031 0.30895543 0.27934775 0.24067593 0.28115222 0.18453796 0.17005998 0.16723633 0.1313722 0.12905572 0.12066325 -0.0246096 0.008854082 -32767.0 -32767.0 -32767.0 -32767.0 -32767.0 -32767.0 -32767.0 -32767.0 -32767.0 -32767.0 -32767.0 -32767.0 0.36141616 0.44857916 0.12095241 -0.001391172 -0.12752733 -0.27452707 -0.19306009 -0.09886878 0.02025593 0.13908446 0.274128 0.3270595 0.26156813 0.44496983 0.112053305 0.342811 0.34736776 0.2928998 0.14629625 -0.04186866 0.1137 0.44046727 0.53967446 0.6055461 0.38158137 0.07285898 -32767.0 -32767.0 -32767.0
0.115194164 0.11032702 0.12526576 0.1335631 0.19458526 0.25371015 0.29551393 0.2883013 0.32578015 0.27531183 0.21343888 0.19050384 0.14879864 0.035970468 0.0645633 0.030449893 0.0071220025 -0.025338115 -32767.0 -32767.0 -32767.0 -32767.0 -32767.0 -32767.0 -32767.0 -32767.0 -32767.0 -32767.0 0.11795331 0.31705722 0.2779547 0.141775 0.20341882 0.022111695 -0.082704574 -0.006966587 0.06403653 0.19522367 0.25609493 0.07542243 0.13211904 0.43144178 0.59365475 0.5968531 0.49880958 0.49341235 0.39975807 0.60715246 0.90438 0.72800356 0.47468516 -32767.0 0.2580843 -0.011766004 0.11980118 -32767.0 -32767.0 -32767.0
0.086292796 0.13118075 0.11219405 0.13832904 0.25257057 0.32177773 0.3279028 0.2860896 0.2979993 0.257915 0.25972348 0.19933149 0.21601148 0.115216695 -0.032542083 0.016783606 0.01641514 -32767.0 -32767.0 -32767.0 -32767.0 -32767.0 -32767.0 -32767.0 -32767.0 -32767.0 -32767.0 -32767.0 0.33907005 0.32582778 0.023858968 -0.2669939 -0.09502372 0.004917703 0.093619354 0.22670816 0.22984388 0.3181638 0.033973582 0.15557574 0.3499911 0.36880293 -32767.0 -32767.0 0.15785424 0.115897104 -32767.0 -32767.0 -32767.0 -32767.0 -32767.0 -32767.0 -32767.0 -32767.0 -32767.0 -32767.0 -32767.0 -32767.0
0.017818196 0.11446089 0.13371226 0.17094232 0.27670583 0.2514194 0.22020155 0.19400649 0.20305672 0.24758308 0.32196242 0.33778316 0.2333206 0.07408835 0.053159036 0.017137583 -32767.0 -32767.0 -32767.0 -32767.0 -32767.0 -32767.0 -32767.0 -32767.0 -32767.0 -32767.0 -32767.0 0.29675868 0.49668476 0.36937097 0.008551953 -0.12806055 0.084406294 0.16507307 0.2675461 0.39242035 0.39798182 0.36451635 0.064797364 0.22338387 0.22611223 -32767.0 -32767.0 -32767.0 -32767.0 -32767.0 -32767.0 -32767.0 -32767.0 -32767.0 -32767.0 -32767.0 -32767.0 -32767.0 -32767.0 -32767.0 -32767.0 -32767.0
-0.011614747 0.0032316057 0.013585157 0.059693698 0.10666719 0.15942523 0.1389757 0.1440024 0.14848231 0.26065937 0.27152592 0.36158934 0.25377685 0.06358429 0.05542784 0.0042087315 -32767.0 -32767.0 -32767.0 -32767.0 -32767.0 -32767.0 -32767.0 -32767.0 0.17709206 0.15169811 0.47958714 0.6579437 0.58854175 0.33523408 0.018141862 -0.065825246 0.13061966 0.24036606 0.32056454 0.49977162 0.37762642 0.31274176 0.14022374 -32767.0 -32767.0 -32767.0 -32767.0 -32767.0 -32767.0 -32767.0 -32767.0 -32767.0 -32767.0 -32767.0 -32767.0 -32767.0 -32767.0 -32767.0 -32767.0 -32767.0 -32767.0 0.015541393
-0.039961614 0.012546023 -0.0139964055 0.047147736 0.12439482 0.20045951 0.17489077 0.1294149 0.15871654 0.21033636 0.4078802 0.3981839 0.22936258 0.1363693 0.043389905 0.0031995042 -32767.0 -32767.0 -32767.0 -32767.0 0.013435324 -0.037123207 0.03427559 0.22563349 0.25974202 0.3706908 0.3514714 0.5073438 0.14809597 -0.151902 -0.12296369 0.12716454 0.27635077 0.31340605 0.23268434 0.21058282 0.35009277 0.12687051 -32767.0 -32767.0 -32767.0 -32767.0 -32767.0 -32767.0 -32767.0 -32767.0 -32767.0 -32767.0 -0.096801 -0.06106115 -32767.0 -32767.0 -32767.0 -32767.0 -32767.0 -32767.0 -32767.0 -0.10259431
0.03139834 0.10431266 0.1316896 0.1348103 0.19253881 0.23865141 0.26529992 0.18720283 0.26587877 0.40860075 0.38332003 0.26859024 0.13034613 0.23861687 -0.02417711 -32767.0 -0.07932319 -32767.0 0.0022917923 -32767.0 0.044039965 -32767.0 0.104185306 0.13289134 0.14053303 0.24991748 0.4327244 0.35528696 -0.13425434 -0.016548987 0.1951681 0.36812562 0.37119654 0.32868668 0.29992884 0.103058435 -32767.0 -32767.0 -32767.0 -32767.0 -32767.0 -32767.0 -32767.0 -32767.0 0.09074852 0.05150271 0.054320212 0.006903312 -0.15380369 -0.046528663 -0.035451904 0.07825917 -32767.0 -32767.0 -32767.0 -32767.0 -32767.0 0.03632925
0.19879928 0.22643347 0.23094767 0.2157465 0.27080277 0.35103866 0.38785264 0.44819498 0.5119451 0.40955603 0.33010522 0.22874069 0.15876637 0.11962102 0.20326847 0.33962932 0.37014556 0.6301615 0.42409432 0.111218646 0.110987805 0.19212583 0.26336598 0.3199369 0.37437034 0.36629623 0.34682223 -32767.0 0.088500105 0.44629055 0.5916991 0.5458525 0.30165946 0.045124233 -32767.0 -32767.0 -32767.0 -32767.0 -32767.0 -0.08031273 -0.05376705 -0.01574606 0.17005317 0.0945568 0.07042033 0.09985455 -32767.0 -32767.0 0.12969619 0.016139384 0.05494299 -32767.0 -32767.0 -32767.0 -32767.0 -32767.0 0.11206735 0.7385938
0.32758835 0.39352617 0.30759612 0.21463202 0.25230154 0.34699774 0.4013866 0.4878425 0.4870713 0.46045014 0.2998885 -0.029453002 0.07738501 0.082771845 0.10893102 0.18819816 0.42497116 0.3349311 0.13758609 0.16951098 0.43700054 0.4506221 0.4004386 0.4340733 0.41282868 0.23054105 0.16174354 0.33533767 0.46362975 0.4905798 0.30766332 0.113798745 0.16703114 0.10244042 0.024276376 -32767.0 0.006104799 -0.070530534 -32767.0 -0.05627255 0.091748886 -0.02894336 -32767.0 -0.07254159 -0.10551501 -32767.0 -32767.0 -32767.0 -32767.0 -0.07400297 -0.21601994 -32767.0 -32767.0 -32767.0 -32767.0 0.23466508 0.4251647 0.3266767
0.31880733 0.4397775 0.4432627 0.41072595 0.31640124 0.29426625 0.3082419 0.4104647 0.486783 0.5383151 0.45302236 0.2855099 0.26732445 0.24618241 0.19624606 0.24866351 0.22556117 0.24004371 0.13211899 0.13312468 0.33161888 0.3631517 0.464023 0.4710133 0.3589337 0.26558822 0.26636577 0.23845585 0.17173064 -32767.0 0.12761976 0.21472035 -32767.0 -32767.0 -0.0027051813 -0.014896095 -0.035759248 -0.06382199 -0.07290006 0.052860543 -0.1061497 -32767.0 -32767.0 -32767.0 -32767.0 -32767.0 -32767.0 -32767.0 -32767.0 -0.00037476048 0.1001257 0.16703808 -32767.0 -32767.0 -0.022187794 0.24683316 -0.039199743 -0.13574696
