static/data/seaWater_uo/2023/7/10/6.asc
ncols 137
nrows 93
xllcorner 108.0
yllcorner 17.0
cellsize 0.25
NODATA_value -32767
[rows 0 to 25 of 93, columns 58 to 115 of 137]
-32767.0 -32767.0 -32767.0 -32767.0 -32767.0 -32767.0 -32767.0 -32767.0 -32767.0 -32767.0 -32767.0 -32767.0 -32767.0 -32767.0 -32767.0 -32767.0 -32767.0 -32767.0 -32767.0 -32767.0 -32767.0 -32767.0 0.14092699 0.024194106 -0.14665177 -0.049388904 0.252089 0.4620946 0.2360063 0.16160615 0.052530646 0.094462335 0.12821494 0.20182805 0.10449933 -0.0679661 -0.11834261 0.04980061 0.09241104 0.22414929 0.34226072 0.30879685 0.32991564 0.41902345 0.37286422 -0.047566105 -0.06879577 -0.03281312 0.06921175 0.18714426 0.21246375 0.22554289 0.42862502 0.4901825 0.51842386 0.61369425 0.5322025 0.61891055
-32767.0 -32767.0 -32767.0 -0.00022106338 -0.022160998 -0.022344304 0.0016245092 0.014509477 0.010629095 0.0146593675 -32767.0 -32767.0 -32767.0 -32767.0 -32767.0 -32767.0 -32767.0 -32767.0 -32767.0 -32767.0 -32767.0 -0.09975162 0.049867153 -0.16071431 0.16036993 0.31745565 0.36444473 0.34572247 0.31811425 0.22847162 0.116504095 0.06660272 0.16927627 0.15959728 0.119331725 -0.23016188 -0.2542091 -0.11814687 -0.0747923 -0.2129982 -0.12091412 -0.08623571 0.04361955 0.26599592 0.31495684 0.1527171 -0.21343844 -0.19796051 -0.009970168 0.29473796 0.41003966 0.5088351 0.4703534 0.43077153 0.4029622 0.48379767 0.33149847 0.4201082
-32767.0 -0.008764743 -32767.0 -0.14861377 -0.21296048 -0.15314204 -0.10023999 -0.058958977 -0.034424856 0.0031423222 0.068759516 0.15580608 -32767.0 -32767.0 -32767.0 -32767.0 -32767.0 -32767.0 -32767.0 -32767.0 -32767.0 0.12436409 0.1900425 0.008380467 0.28130588 0.57923657 0.55852515 0.612889 0.67768323 0.7014219 0.6046088 0.5431897 0.5739181 0.25326452 0.046321914 -0.10999286 -0.13037704 -0.08481159 0.012440532 0.18036412 0.37092954 0.50757337 0.42229727 0.3755607 0.3061215 0.27831474 -0.062929764 0.10068111 0.19788592 0.34263363 0.49384215 0.563947 0.40925056 0.3519092 0.22632523 0.20017597 0.15950394 0.051923353
-0.045404587 -32767.0 -0.21775146 -0.11768337 -0.2756116 -0.2345437 -0.26724166 -0.19100444 0.010693207 0.045477815 0.030512847 0.046544187 -32767.0 -32767.0 -32767.0 -32767.0 -32767.0 -32767.0 -32767.0 -32767.0 -0.047303583 0.21122994 0.23883988 0.12164795 0.16826887 0.29585144 0.21292369 0.4393397 0.577426 0.5035946 0.4083557 0.3272498 0.21081623 0.19499972 0.12171436 -0.12248991 -0.019729981 0.092480004 0.1474076 0.37707683 0.33123317 0.38972932 0.40198177 0.35571203 0.2930649 0.26929796 0.083044715 0.15059416 -0.0046588965 -0.03184165 0.13923858 0.2262054 0.30178007 0.39202282 0.12103599 -0.11563255 0.018311666 -0.03714403
-0.12450284 -32767.0 -0.09334918 -0.1938961 -0.23961882 -0.2715704 -0.12176377 -0.08118944 0.0033362163 0.07215364 0.04712733 -32767.0 -32767.0 -32767.0 -32767.0 -32767.0 -32767.0 -32767.0 -32767.0 -32767.0 -32767.0 -32767.0 0.3614817 0.27073467 0.25336963 0.04048769 0.019460564 -0.020190118 0.13154858 0.33149683 0.4662245 0.44323456 0.42883652 0.14787814 0.29910803 0.21860808 0.1584054 0.2546477 0.32245034 0.19528979 0.18006371 0.26896456 0.22214305 0.064174354 0.19381021 0.117610864 0.090913065 0.059193537 -0.110483974 -0.30888987 -0.21880168 0.1013601 0.23192824 0.37185112 0.2792215 -0.01812907 0.14170069 0.17564388
-0.093187615 0.06409369 0.038278755 0.0077698976 0.062822856 -0.015951907 -0.051144224 0.096225195 0.059892938 0.08707157 0.04716069 -32767.0 -32767.0 -32767.0 -32767.0 -32767.0 -32767.0 -32767.0 -32767.0 -32767.0 -32767.0 -32767.0 -32767.0 0.33700222 0.3120702 -0.0396809 -0.014092339 -0.10510784 -0.0893282 0.16038574 0.31894702 0.4365405 0.50177324 0.35606045 0.15136176 0.12554361 0.12994838 0.124297604 0.035612296 0.037875444 0.16781239 0.08069017 -0.19881268 -0.1638597 -0.14323266 -0.13221672 -0.036002133 0.009875147 0.09438409 0.18740037 0.098040916 0.060283795 0.18710457 0.3055358 0.049341917 -0.096060544 -0.058563806 -0.037460487
-0.06416859 -0.014436302 7.639639e-06 0.07716347 0.15013987 0.17591213 0.26884168 0.23190181 0.14477688 0.11792057 0.018722216 -32767.0 -32767.0 -32767.0 -32767.0 -32767.0 -32767.0 -32767.0 -32767.0 -32767.0 -32767.0 -32767.0 -32767.0 -32767.0 0.23191513 0.15302925 0.048111547 0.13672683 -0.06479923 -0.089520276 0.10120465 0.09824952 -0.016156118 -0.06465082 -0.08768284 -0.16152179 -0.2059143 -0.07799594 0.07955462 0.1318453 0.10373339 -0.1550515 -0.28798902 -0.44659427 -0.5161647 -0.10766063 0.22574905 0.4025419 0.55126995 0.562336 0.38324636 0.09195298 0.15017977 0.24478157 0.04573575 -0.01843395 0.0058610607 0.031183707
0.0060226405 0.023833368 0.09880226 0.14843486 0.20040654 0.17940165 0.22756767 0.20252742 0.2652079 0.10988424 -32767.0 -32767.0 -32767.0 -32767.0 -32767.0 -32767.0 -32767.0 -32767.0 -32767.0 -32767.0 -32767.0 -32767.0 -32767.0 -32767.0 -32767.0 0.3659906 0.23336391 0.27093259 0.1256075 -0.058004588 0.008488272 0.06540862 -0.14704229 -0.1665297 -0.31886375 -0.4398612 -0.11205145 -0.020132562 0.064680815 0.18795885 0.0100537725 -0.23209976 -0.31007046 -0.362369 0.13404387 0.29627112 0.37286046 0.46581775 0.35021296 0.30787447 0.12294675 0.044266157 0.053644747 0.08198695 0.058194622 0.15602764 0.3617318 0.22281729
-0.06476745 -0.03426577 0.012952967 0.064797856 0.07908793 0.20635125 0.19904055 0.16323191 0.16728121 -32767.0 -0.0158321 -32767.0 -32767.0 -32767.0 -32767.0 -32767.0 -32767.0 -32767.0 -32767.0 -32767.0 -32767.0 -32767.0 -32767.0 -32767.0 -32767.0 0.29914916 0.33180356 0.24089155 0.117860265 -0.049293295 -0.034842953 0.19320157 -0.012846159 -0.13237615 -0.26747298 -0.18844202 -0.08588134 -0.013329679 -0.0026705852 -0.0653666 -0.1365567 -0.13480522 0.1105328 0.3433875 0.35764167 0.34788862 0.23846714 0.1504099 0.2497627 0.25601476 0.10962256 -0.122459054 -0.30579638 -0.15423355 -0.013892621 0.045564212 0.19399402 0.118962824
-0.02530366 -0.043733973 0.003988583 0.020207934 0.018025061 0.14988357 0.20391533 0.1349923 0.08750877 -0.20106107 -0.17254038 -0.13536157 -0.17704995 -0.12549262 -0.07056119 -0.036412213 -32767.0 -32767.0 -32767.0 -32767.0 -32767.0 -32767.0 -32767.0 -32767.0 -32767.0 -32767.0 0.26432687 0.25836238 0.057997603 -0.05541031 -0.028687162 0.08471827 0.07040947 -0.106589414 -0.1795219 -0.08770384 -0.02219639 -0.02488331 -0.06673732 -0.30097708 -0.36505073 -0.2044935 0.10685122 0.30965072 0.3003687 0.22468653 0.025700515 0.05081637 0.074795164 0.04267262 -0.17801212 -0.21564884 -0.14615352 -0.1286382 -0.04107246 -0.05270528 0.048032276 0.12268274
0.29099154 0.3716394 0.07245901 -0.025135256 0.027041143 0.13243501 0.17479903 0.06380549 0.08655529 0.042230655 -0.05363307 -0.020160256 -0.020443866 -0.067781955 -0.065289676 -0.03791532 -32767.0 -32767.0 -32767.0 -32767.0 -32767.0 -32767.0 -32767.0 -32767.0 -32767.0 -32767.0 -32767.0 0.16859645 0.053772625 -0.09634959 -0.025915395 0.011286588 -0.11027294 -0.1256769 -0.20540045 0.0065890746 -0.07310884 -0.12322028 -0.08144048 -0.12513402 -0.056419536 0.065264024 0.07333746 0.14722462 0.096839 -0.035674587 -0.08820797 -0.034685113 -0.27526027 -0.25395444 -0.16940269 -0.012318402 -0.075505406 -0.08174805 -0.01569753 0.10176505 0.2403672 0.47149935
-32767.0 -0.047232468 -0.11393312 -0.024212727 -0.06638621 0.025819564 0.061458107 -0.028137399 -0.17400894 -0.16417658 -0.16538636 -0.13629042 -0.047742426 -0.03274231 -0.032966 0.002442503 0.0968894 0.07299552 -32767.0 -32767.0 -32767.0 -32767.0 -32767.0 -32767.0 -32767.0 -32767.0 -32767.0 -32767.0 0.121013805 -0.08854501 -0.044794515 0.13647838 0.28856897 0.22946256 -0.026701283 -0.08837485 -0.06210785 -0.09570603 -0.10898131 -0.036275104 -0.021312235 0.104659386 0.17836967 0.033027492 -0.037633963 -0.05876941 -0.1575693 -0.10498698 -0.2702294 -0.25592592 -0.09435859 -0.027051795 0.05063364 0.08358952 0.18396178 0.16923708 0.17077793 -32767.0
-32767.0 -0.050298855 -0.056818623 0.023452198 -0.017073344 -0.059354786 -0.043305114 -0.04189414 -0.11249132 -0.22050768 -0.22008747 -0.138363 -0.02729744 0.06172922 -0.03306454 0.097052105 -32767.0 0.023864917 -32767.0 -32767.0 -32767.0 -32767.0 -32767.0 -32767.0 -32767.0 -32767.0 -32767.0 -32767.0 -0.013912479 0.1250851 0.03137432 0.028954893 0.15825543 0.29897103 0.19251625 0.13762212 0.15789993 0.15625276 0.018536065 -0.025114227 0.05826589 0.18445727 0.1664831 -0.14095397 -0.10831493 -0.028409315 -0.10244458 0.007938817 0.004448112 0.014080521 -0.009773698 0.08851671 0.14044398 0.049563624 -0.09326132 -0.17223857 0.06266538 -32767.0
-0.04003901 0.10478128 0.007431036 0.0401212 -0.046882384 -0.041332267 -0.052517574 -0.10039303 -0.2553927 -0.343841 -0.26720038 -0.084002964 -0.032723427 -0.0048834602 0.0024654884 -32767.0 -32767.0 -32767.0 -32767.0 -32767.0 -32767.0 -32767.0 -32767.0 -32767.0 -32767.0 -32767.0 -32767.0 -32767.0 -0.049931735 0.010155406 0.08464563 0.17839494 0.22938497 0.26352358 0.27784327 0.30498365 0.31764436 0.2600448 0.22857279 0.100905545 0.16665667 0.19695607 0.30864477 0.10893734 -0.056529794 0.043875568 0.08710839 0.178557 0.13735841 0.1425471 0.15240158 0.12662002 0.2313832 0.27305537 0.26565042 0.30280975 0.1012064 0.14484932
0.031485427 0.09285111 0.026855739 -0.032586712 -0.107403636 -0.1166859 -0.06859121 -0.13210283 -0.20427936 -0.25604165 -0.18271077 -0.107668884 -0.072135344 -0.013853606 0.053727742 -0.060373332 -32767.0 -32767.0 -32767.0 -32767.0 -32767.0 -32767.0 -32767.0 -32767.0 -32767.0 -32767.0 -32767.0 -32767.0 -0.044910733 -0.16251382 0.06376815 0.26095355 0.3259368 0.24807982 0.3828712 0.47037712 0.41092664 0.37653148 0.4054149 0.36939013 0.19759005 -0.017494619 -0.037613407 0.098272845 -0.101131484 -0.04165715 0.11597439 0.00707847 -0.1155896 -0.18568468 -0.01501606 0.013588194 0.2458072 0.6295441 0.6836487 0.39762035 0.27122468 -32767.0
0.028752938 -0.078625545 -0.020712735 -0.05119779 -0.13790824 -0.17914087 -0.16835164 -0.12424307 -0.089491166 -0.10882313 -0.12033566 -0.06698497 -0.0032836585 0.06388735 0.034119416 -0.06145363 0.011619614 -32767.0 -32767.0 -32767.0 -32767.0 -32767.0 -32767.0 -32767.0 -32767.0 -32767.0 -32767.0 -32767.0 0.10426564 0.094867215 0.08066054 0.24313986 0.20433131 0.18831192 0.26835358 0.27779007 0.29863873 0.40315008 0.52400285 0.4419992 0.2974857 0.31906137 0.3201828 -32767.0 0.010093827 -0.08315912 0.265937 -0.1291621 -0.38836676 -0.32942593 -0.22079486 -0.045978077 -0.1020724 0.14921997 0.27720395 -32767.0 -32767.0 -32767.0
-0.055190515 -0.16577767 -0.15098456 -0.11504206 -0.093875185 -0.10360567 -0.10520726 -0.123136185 -0.1405814 -0.08703895 -0.020525735 0.018758252 0.10000182 0.1745239 0.121833436 0.03596025 0.011333919 -32767.0 -32767.0 -32767.0 -32767.0 -32767.0 -32767.0 -32767.0 -32767.0 -32767.0 -32767.0 -32767.0 -32767.0 0.28916708 0.23767926 0.25858092 0.1635561 0.0722106 -0.041205794 0.17114046 0.27488714 0.33695155 0.31357992 0.3013496 0.48406607 0.37107086 0.44730526 0.19473232 0.16930157 0.30865362 0.2767723 0.06909093 -0.13356923 0.22480239 0.53636163 0.68552023 0.6693444 0.33228052 0.20161304 -32767.0 -32767.0 -32767.0
-0.054072212 -0.14776249 -0.1854344 -0.11379915 -0.10067435 -0.07517379 -0.15227874 -0.13002777 -0.14776887 -0.075544074 -0.010939302 0.005110538 0.03907574 0.06867092 0.11019685 0.1202342 0.028801737 -0.0059925453 -32767.0 -32767.0 -32767.0 -32767.0 -32767.0 -32767.0 -32767.0 -32767.0 -32767.0 -32767.0 0.23468982 0.33816516 0.17907628 0.24995498 0.2729712 0.2497274 0.19612415 0.20965903 0.34818593 0.4260786 0.39357144 0.21113764 0.31296 0.6077072 0.67362523 0.7058339 0.7220886 0.61357105 0.51907015 0.6587214 0.77065784 0.37396273 0.43759096 -32767.0 0.28221974 0.028400574 0.004069685 -32767.0 -32767.0 -32767.0
-0.017831435 -0.10834452 -0.18380816 -0.14926054 -0.16619058 -0.20413932 -0.17355405 -0.14342159 -0.15051652 -0.13681512 -0.04833172 0.049620006 0.090771765 -0.013461258 0.09928729 0.07844854 0.048654675 -32767.0 -32767.0 -32767.0 -32767.0 -32767.0 -32767.0 -32767.0 -32767.0 -32767.0 -32767.0 -32767.0 0.26877737 0.14477767 0.012466353 -0.034481183 0.10051915 0.25646737 0.3468891 0.3099313 0.3780622 0.35336697 0.60454273 0.62438875 0.62974507 0.4146084 -32767.0 -32767.0 0.16172412 -0.007854877 -32767.0 -32767.0 -32767.0 -32767.0 -32767.0 -32767.0 -32767.0 -32767.0 -32767.0 -32767.0 -32767.0 -32767.0
0.15786368 0.04461222 -0.022740174 -0.05475868 -0.08016675 -0.14621617 -0.14454047 -0.106626965 -0.09802289 -0.09793667 -0.08694755 -0.11275867 -0.05761407 0.025453234 0.10333315 0.041307315 -32767.0 -32767.0 -32767.0 -32767.0 -32767.0 -32767.0 -32767.0 -32767.0 -32767.0 -32767.0 -32767.0 0.28832737 0.31579396 0.2338371 0.18126994 0.06642981 0.110271424 0.21166928 0.353501 0.48243782 0.48638144 0.31590644 0.60790634 0.48464477 0.36753148 -32767.0 -32767.0 -32767.0 -32767.0 -32767.0 -32767.0 -32767.0 -32767.0 -32767.0 -32767.0 -32767.0 -32767.0 -32767.0 -32767.0 -32767.0 -32767.0 -32767.0
0.12885004 0.09950184 0.1200248 0.06286428 0.0058900514 -0.017565683 0.026247716 0.089321695 0.12519288 0.03167652 -0.04409432 -0.08600283 -0.097182125 0.12104487 0.012656261 0.013164691 -32767.0 -32767.0 -32767.0 -32767.0 -32767.0 -32767.0 -32767.0 -32767.0 0.19795449 0.14410277 0.4403241 0.5811227 0.38080224 0.25794792 0.20914532 0.1633444 0.021325205 0.080376975 0.38444126 0.59475726 0.478332 0.40581474 0.24231477 -32767.0 -32767.0 -32767.0 -32767.0 -32767.0 -32767.0 -32767.0 -32767.0 -32767.0 -32767.0 -32767.0 -32767.0 -32767.0 -32767.0 -32767.0 -32767.0 -32767.0 -32767.0 0.05803983
0.07546964 0.08073004 0.08529196 0.037867635 -0.08028482 -0.10538875 -0.01542152 0.08403431 0.058292963 -0.047331575 -0.14747253 -0.13366246 0.10916617 0.11254248 0.06779853 0.041184098 -32767.0 -32767.0 -32767.0 -32767.0 0.06347891 0.13271096 0.14001156 0.23629174 0.124060914 0.39954695 0.18782882 0.4452126 0.15563029 0.12632143 0.04792118 0.16481933 0.26133072 0.46898583 0.5448719 0.24173574 0.18596809 0.04261303 -32767.0 -32767.0 -32767.0 -32767.0 -32767.0 -32767.0 -32767.0 -32767.0 -32767.0 -32767.0 -0.04752431 -0.008769701 -32767.0 -32767.0 -32767.0 -32767.0 -32767.0 -32767.0 -32767.0 -0.05885991
-0.0010924295 -0.016049242 -0.07187556 -0.1233315 -0.20837002 -0.3111877 -0.29072553 -0.19544308 -0.10505418 -0.03099248 -0.059960205 -0.018914018 0.14775069 0.29217818 0.042546015 -32767.0 -0.029148996 -32767.0 0.0998102 -32767.0 0.052810326 -32767.0 0.061639693 0.08331034 0.15458694 0.14847894 0.06596462 0.2370685 0.020999195 0.12594403 0.19287607 0.31549683 0.4405958 0.6017803 0.3475272 0.14151561 -32767.0 -32767.0 -32767.0 -32767.0 -32767.0 -32767.0 -32767.0 -32767.0 0.113568135 0.13415162 0.15238512 0.07305036 0.11042208 0.05296022 0.04098386 0.15244654 -32767.0 -32767.0 -32767.0 -32767.0 -32767.0 0.029581187
-0.020271108 -0.040601876 -0.12247855 -0.17546432 -0.20116252 -0.22794165 -0.23918541 -0.2115877 -0.2015441 -0.15348925 -0.001208125 0.05757912 0.16247503 0.24326982 0.31849405 0.46718583 0.4330832 0.6009571 0.6080545 0.38977775 0.2735429 0.14115496 0.14658886 0.3311505 0.53087133 0.71115524 0.57054657 -32767.0 0.21505164 0.553378 0.6709467 0.5634896 0.46378842 0.17638305 -32767.0 -32767.0 -32767.0 -32767.0 -32767.0 0.08053305 0.0906656 0.082624204 0.20215379 0.19030538 0.20902084 0.23565306 -32767.0 -32767.0 0.075393446 0.11689143 0.23291345 -32767.0 -32767.0 -32767.0 -32767.0 -32767.0 0.28715223 0.7192491
0.04757456 -0.009214178 -0.13256168 -0.2185802 -0.18650009 -0.22527763 -0.25712603 -0.25017077 -0.29830357 -0.2788126 -0.17121151 0.1258661 0.08576621 0.19095223 0.35807246 0.5519848 0.7211259 0.7630866 0.8793289 0.7208217 0.5102354 0.3595539 0.31630203 0.35483578 0.4212258 0.48090628 0.4047224 0.45496008 0.5436832 0.5215318 0.29520574 0.19396646 0.24586748 0.09678479 -0.008332623 -32767.0 0.07846676 0.074737445 -32767.0 0.10151085 0.2762586 0.20022942 -32767.0 -0.14601545 -0.09874511 -32767.0 -32767.0 -32767.0 -32767.0 0.09697426 -0.07039321 -32767.0 -32767.0 -32767.0 -32767.0 0.39009982 0.59616184 0.49888816
-0.09376872 -0.20028734 -0.114943095 -0.051551923 -0.11352202 -0.13019726 -0.22427346 -0.20806108 -0.26183838 -0.21768957 -0.19299771 -0.05622051 0.063059315 0.23589344 0.28621712 0.3942682 0.5567278 0.5957361 0.41505697 0.45533574 0.6024622 0.6934766 0.6581538 0.6177044 0.65260893 0.6209917 0.5216068 0.41646826 0.24259646 -32767.0 0.16045484 0.275244 -32767.0 -32767.0 0.0069339247 -0.0013249309 0.10207714 0.2438801 0.03333321 0.010161491 0.025355197 -32767.0 -32767.0 -32767.0 -32767.0 -32767.0 -32767.0 -32767.0 -32767.0 0.18878935 0.46462008 0.3813892 -32767.0 -32767.0 0.19388834 0.33169818 0.15088068 0.08470023
