static/data/seaWater_uo/2023/7/25/12.asc
ncols 137
nrows 93
xllcorner 108.0
yllcorner 17.0
cellsize 0.25
NODATA_value -32767
[rows 25 to 49 of 93, columns 58 to 115 of 137]
0.11854208 0.13144998 0.21777335 0.28519854 0.33605993 0.25599235 0.27387595 0.31416637 0.32919484 0.27185717 0.21475586 0.22316349 0.19149901 0.24317062 0.2739038 0.21697927 0.29496133 0.3674248 0.34378123 0.22358526 0.4736611 0.6069673 0.5375142 0.48020467 0.47784695 0.45259845 0.3824448 0.32229123 0.19800217 -32767.0 0.011962162 -0.30605572 -32767.0 -32767.0 0.0039117998 0.12444382 0.16101183 0.17963241 -0.022304552 0.038214102 -0.06450131 -32767.0 -32767.0 -32767.0 -32767.0 -32767.0 -32767.0 -32767.0 -32767.0 -0.017591378 -0.10652776 0.034638774 -32767.0 -32767.0 0.19274466 0.1391356 -0.23563527 -0.17723076
0.112186596 0.042450365 0.067460276 0.10732446 0.13089569 0.15989232 0.14050235 0.22485948 0.25839278 0.23822963 0.217671 0.22893168 0.20687369 0.26841027 0.26645985 0.12600815 -32767.0 -32767.0 -0.046163563 0.13959806 0.30202144 0.2780707 0.29569376 0.3804188 0.3857353 0.3049891 0.21843933 0.14197573 0.11378838 -0.08605752 -0.123007745 -32767.0 -32767.0 -32767.0 -32767.0 -32767.0 -32767.0 0.03945126 0.064073294 0.07004422 -32767.0 -32767.0 -32767.0 -32767.0 -32767.0 -0.07655914 -32767.0 0.071277186 0.22574604 0.218406 0.32697746 0.034577005 0.05727588 -32767.0 0.20314416 -0.038967222 -0.11387469 0.03446685
0.047703873 -0.012617552 -0.041355297 -0.020376543 0.057711374 0.059444938 0.100846164 0.16509202 0.10335106 0.09165539 0.06734842 0.010970054 0.024494126 0.07644839 0.06417643 -32767.0 -32767.0 0.009359283 0.09169121 0.13143118 0.2170278 0.3224294 0.33814055 0.32699662 0.25588086 0.15060294 0.10416288 0.05941622 -32767.0 -32767.0 -32767.0 -32767.0 -32767.0 -32767.0 -32767.0 -32767.0 -32767.0 0.05625425 0.25466552 0.096659034 -32767.0 -32767.0 -32767.0 0.058220293 0.018949855 0.25226355 0.34866568 0.18389377 0.2614194 0.20682801 0.2961661 0.19483177 0.26015562 0.021164276 -0.16278726 -0.176086 -0.083977774 -0.03790395
0.23260492 0.12417803 0.019337967 0.026574703 0.02388639 -0.028407086 -0.044445243 -0.03784202 -0.092025764 -0.13402344 -0.09844188 -0.07358354 -0.11093736 -0.18367459 -0.16491711 -0.03733327 0.035576887 0.04467568 0.083607696 0.15550762 0.2180461 0.24946149 0.29800525 0.2652355 0.13486306 0.077102214 -32767.0 0.036416437 -0.07362107 -32767.0 -32767.0 -0.025584634 -32767.0 -32767.0 -32767.0 -32767.0 -32767.0 -32767.0 0.17327952 0.13584468 -32767.0 -32767.0 0.041819803 0.08791481 0.3891209 0.4810879 0.39390594 0.3382301 0.49926567 0.4460278 0.18793699 0.0611112 -0.11437829 -0.29482242 -0.32099158 -0.20487861 -0.08329076 0.023688218
0.25317737 0.2042126 0.15877822 0.21357353 0.10595062 0.117560364 0.14862068 -0.018060915 -0.054128278 -0.13367377 -0.04665082 -0.012002727 -0.00019403873 -0.19521248 -0.17346632 -0.14245108 -0.069749214 -0.011008745 0.07243259 0.15703204 0.18100607 0.22432451 0.22919428 0.15570521 0.10388793 -32767.0 -0.047570437 -0.067330875 -0.1143339 -0.06186138 -0.2904858 -32767.0 0.031282097 -32767.0 -32767.0 -32767.0 -32767.0 -32767.0 0.36330408 0.39410982 0.27837506 0.11483577 0.4220038 0.3462306 0.47876474 0.6226783 0.6887171 0.770876 0.42748547 0.1296641 0.044567578 -0.11871292 -0.18256949 -0.07211318 0.04392038 0.04567012 0.078094594 0.1466346
0.27090496 0.22978902 0.1903194 0.1651616 0.21261428 0.29463702 0.12060339 0.119692124 0.022677556 -0.0133202 0.0131586855 0.028246066 -0.13580106 -0.20153077 0.02114694 -0.067377664 -0.024535285 0.052983955 0.11729872 0.081462584 0.06640329 0.036043882 0.044296443 0.1488229 0.21177655 0.31086004 0.12128877 0.07388434 -0.18321235 -0.22582562 -0.23258248 -0.053552877 -0.035414632 -32767.0 -32767.0 -32767.0 -32767.0 0.2240177 0.23840904 0.045932345 -0.22728488 -0.27195668 -0.09309069 0.21643427 0.5318502 0.6770709 0.7195061 0.72594476 0.58560306 0.021871824 0.12968887 0.0036927257 0.11113561 0.26045403 0.353305 0.25820276 0.16885512 0.11959621
0.23683478 0.27113715 0.20797554 0.21725193 0.21551722 0.22092098 0.15059051 0.19945085 0.15627642 0.18946195 0.16804613 0.052252706 -0.06246538 0.016742408 0.017880412 0.03555724 0.00974511 0.04102841 0.028058965 0.04275545 -0.013837008 -0.054869276 -0.06952735 -0.016629403 0.06867745 0.15924874 0.25452518 0.33867 0.30033386 -0.20639347 -0.08487481 0.057216827 0.076407045 -32767.0 -32767.0 -32767.0 -32767.0 0.25790343 0.020548925 -0.04556401 -0.24407913 0.0758417 0.4494743 0.85451454 0.8700179 0.8179703 0.76739734 0.8369537 1.0042238 0.8607158 0.24008444 0.2701512 0.20562443 0.10269178 0.23768777 0.38084853 0.16033748 0.03860023
0.085398905 0.24926275 0.32894462 0.25740805 0.15868743 0.13812783 0.20883937 0.2504459 0.21060784 0.08329948 0.09832606 0.018357657 0.11227562 0.14546531 0.04204909 0.008260638 -0.019398874 -0.04707804 0.012611884 0.05223716 -0.02741734 0.04632652 0.09695406 0.10544557 0.13386089 0.18406709 0.19768274 0.20693001 0.22843996 0.19421525 -0.054322165 -32767.0 -32767.0 -32767.0 -32767.0 -32767.0 0.098901466 -0.057105508 -0.08634289 0.34274435 0.77097577 0.9375787 1.0782356 0.98115224 0.91250837 0.8393909 0.7703666 0.8498822 0.9300866 1.14592 1.4250546 1.2544967 0.9042219 0.5758484 0.29070044 0.34533247 0.14826123 0.074019246
0.10397356 0.16979381 0.16593406 0.25423092 0.1697443 0.16178304 0.16142273 0.041850675 0.08416279 0.12127548 0.10813208 0.041906632 -0.007394229 0.09350638 0.14853595 0.035843387 -0.018725727 0.03616928 0.012754548 -0.07221548 -0.0026536402 0.020193161 0.06947569 0.112121746 0.13824163 0.14774105 0.16739185 0.1437188 0.111938454 0.2847719 -0.0524324 -32767.0 -32767.0 -32767.0 -32767.0 -32767.0 0.12908645 0.3297986 0.6493688 0.86039186 0.9993673 1.0179391 0.97183865 0.88331646 0.83777475 0.7442009 0.6460798 0.6294956 0.74803966 0.9570119 1.1322325 1.2788503 1.3398902 1.1544255 0.7064233 0.30049032 0.16129863 0.15244901
0.09454137 0.11601502 0.07483048 -0.055539355 -0.061862897 0.014306055 0.0023201357 -0.061668485 -0.021740085 0.005273314 0.08753514 0.19870844 0.0789486 0.064578936 0.06268537 0.042590186 0.064265326 0.049433712 -0.012246942 0.04689643 0.0897539 0.09513538 0.04700699 0.082762346 0.10064516 0.08667327 0.089449435 0.116783544 0.15383199 0.034624044 -0.03443878 0.068362616 -32767.0 -0.060931813 -32767.0 -32767.0 -0.060242053 0.27342156 0.37036216 0.5135223 0.6297341 0.665872 0.66889393 0.71738327 0.6394309 0.5587522 0.52380186 0.5218301 0.5973493 0.6861204 0.76866204 0.85360473 0.955206 1.0332832 0.98235476 0.49237797 0.2043662 0.17064953
-0.044319075 -0.105069496 -0.28563845 -0.13251135 0.13315985 0.058776237 0.07151922 0.16058354 -0.052881103 -0.06372842 0.04404665 0.17448668 0.17406087 0.09728572 0.05570811 0.03268512 0.05972737 0.08049127 0.13024338 0.14074926 0.15846917 0.11324692 0.08374462 0.09788897 0.10787176 0.1114014 0.1334704 0.15368144 0.22823949 0.23799725 0.0066792085 0.07150628 0.16463313 0.08962521 -32767.0 -0.17244543 0.0642203 0.1561289 -4.419638e-05 0.08372573 0.29399282 0.47854605 0.56022173 0.51668 0.45653275 0.40663683 0.3618935 0.42058626 0.3660454 0.41057476 0.54437786 0.68008673 0.77052176 0.7881071 0.8656184 0.7002887 0.26629207 0.16379374
-0.11697892 -0.082352035 -0.13695702 -0.13292068 -0.16152495 0.010977704 -0.03932059 -0.10473072 -0.14111423 -0.18751822 -0.05795023 0.057403684 0.15637442 0.1096827 0.10651021 0.07754336 0.086529456 0.13073544 0.13251193 0.11586891 0.06529366 0.015535317 0.033264417 -0.029951802 -0.014894468 0.038984343 0.13684274 0.2682317 0.36224344 0.37655023 0.44828677 0.40737316 0.41207924 -32767.0 1.1118627 1.3763645 0.6441082 -0.09697129 -0.31595954 -0.21368288 0.09524787 0.24700625 0.29053852 0.31235006 0.32059002 0.314401 0.38578263 0.3412479 0.3004598 0.40767282 0.507286 0.5833389 0.6110951 0.66989535 0.6727731 0.74315447 0.34375843 0.28050068
-0.04268083 0.026936874 0.019119393 -0.079105884 -0.002756052 0.030093439 0.05090801 0.15158954 0.108270295 0.16561584 -0.09406582 0.03844867 0.06315124 0.037289616 0.02666926 0.09793571 0.12321415 0.109130636 0.06772999 -0.035362445 -0.029998297 -0.11241396 -0.09721015 -0.14802958 -0.14364564 -0.1521571 -0.059489578 0.15166138 0.39127272 0.50663036 0.19000116 0.27712497 0.056183476 0.19628601 0.37241286 -0.05737175 -0.17541252 -0.35549864 -0.35800114 -0.29742768 -0.050155688 0.1528169 0.16403933 0.2103082 0.17865136 0.19280457 0.25350365 0.26584062 0.28076318 0.26283175 0.35140476 0.36498082 0.37785214 0.48288712 0.5322713 0.6734275 0.60458106 0.48893565
-0.04940955 -0.18255343 0.016188271 0.04225538 0.06887077 0.0810906 0.0009490294 0.045748323 0.06564686 -0.037829213 0.07693231 0.09137124 0.12396521 0.055060178 0.10892922 0.14861292 0.1274064 0.07765047 0.061555855 -0.08044545 -0.06738736 -0.2047681 -0.12326023 -0.09666569 -0.110726684 -0.09336888 -0.05604842 0.0023087403 0.21200655 0.43644115 0.53534466 -32767.0 0.4427129 0.5527274 -32767.0 -0.10638952 -0.18491381 -0.07398766 0.047866963 -0.15355031 -0.012042731 0.25098038 0.16028193 0.14568552 0.09346163 0.16418017 0.14042486 0.12949882 0.18628512 0.14091425 0.16990748 0.16696051 0.15522498 0.2677946 0.43183777 0.5651149 0.79989433 0.9891911
-32767.0 -0.01625259 -0.089815475 -0.049908962 -0.051778574 -0.037844792 -0.009787544 -0.003569627 0.019583534 0.035049763 0.025818773 -0.0560246 0.0021938006 0.09027296 0.13236146 0.10460909 0.045747206 0.030589461 -0.06104722 -0.102213755 -0.055257075 -0.12667038 -0.04533822 0.06308035 0.18540627 0.19918224 0.13593985 0.10169783 0.2476718 0.43258044 0.42712492 0.44944113 -32767.0 -0.10969999 0.14674248 0.028891014 0.0059605422 0.107921556 0.20941082 0.24067101 0.34519875 0.42354575 0.2414914 0.1299507 0.10560896 0.051389903 -0.04628097 0.051080436 0.17640075 0.2222128 0.084532365 0.03520207 0.024976376 0.12508221 0.29999223 0.46170452 0.6653305 0.83076656
-0.012180396 -0.10553528 -0.116545066 -0.04318291 -0.018404445 -0.01702509 0.007141058 0.028278667 0.04542654 0.03800331 0.03769991 -0.016652498 -0.020482363 0.066821404 0.2010583 0.23644404 0.15303823 0.03378361 -0.03911412 -0.032828122 0.06174703 0.16512515 0.25477827 0.3551982 0.42082256 0.41963944 0.41547808 0.37532026 0.40710047 0.42504504 0.34978077 0.6183311 0.68244344 0.34210986 0.5255691 0.04888174 0.30214468 0.37095407 0.57791364 0.9922978 1.0204989 0.6652243 0.28894615 0.13197103 0.08050131 -0.0054894136 -0.0048955884 0.025945902 0.13269539 0.17314275 0.16922441 0.016429402 0.03054609 0.07892625 0.19516005 0.41243315 0.5508291 0.67722285
-0.024095308 -0.03939983 -0.062223636 -0.049183644 0.06975195 0.012230542 0.07304371 -0.021465046 0.060280006 0.078246444 0.087409094 0.07290687 0.121042974 0.12856792 0.08599974 0.0871716 0.09382939 0.023765167 0.037500076 0.116689414 0.24618383 0.34550372 0.5001039 0.64147085 0.72515416 0.7567953 0.7071693 0.5974693 0.47180238 0.48677272 -0.027967973 0.40916455 0.65288126 0.96119994 0.7964846 0.745346 0.7584442 0.94706464 1.1456324 0.98184645 0.65508705 0.39199525 0.14375883 0.118397646 0.040975895 0.0051194057 -0.021929536 -0.009869929 0.026889563 0.10992364 0.19079898 0.16164051 0.03609201 0.048222974 0.15349115 0.32041103 0.42796734 0.37580663
-0.09484649 -0.0938417 -0.1600763 -0.18872617 -0.15235358 -0.055064928 0.02187119 -0.012426142 -0.07377953 -0.068748675 -0.042494703 0.052346412 0.08975557 0.120335765 0.011543019 -0.057918355 0.021228615 0.07962801 0.18280761 0.23112907 0.3933273 0.6345335 0.7108006 0.7463132 0.77978975 0.7267521 0.6029906 0.4879828 0.40713543 0.4122693 0.19569832 -0.08219599 0.0825617 0.4728943 0.9230551 1.2128907 1.1847866 0.8469664 0.62729084 0.32469365 0.02235179 0.042812366 0.043599352 0.10036625 0.018642807 -0.023772864 -0.10929818 -0.07953161 -0.07249099 -0.030425094 0.13301267 0.2920392 0.297966 0.1596799 0.13095367 0.19654514 0.117871426 0.1265487
-0.011124093 0.01848168 0.051695637 0.03719723 0.033182606 -0.082112424 -0.09234403 0.056320447 0.037909072 -0.0067857467 -0.052255854 -0.003609193 0.07400079 0.07656614 0.025986984 0.08435236 0.09801787 0.1367831 0.15687953 0.2994239 0.52525544 0.5657023 0.60162544 0.571661 0.5211979 0.43011507 0.3583111 0.40265808 0.3495275 0.23953012 0.33472565 0.4243045 0.32714713 0.24524665 0.31549832 0.45981503 0.66610587 0.6744992 0.5264598 0.32565525 0.123952396 0.03135121 0.08122825 0.07481608 -0.055907097 -0.15794985 -0.1347316 -0.034187842 0.029618964 -0.040361077 0.07651524 0.20327969 0.3389835 0.42069098 0.35218677 0.26941007 0.15380451 0.14736599
0.09940228 0.12926841 0.14713807 0.24068934 0.44127142 0.48148814 0.34592137 0.056271005 0.09424154 0.15222554 0.084502645 -0.05445774 -0.033977523 -0.0137851145 0.03752631 0.063319 0.0044536972 0.09088503 0.17445722 0.3652525 0.37121132 0.4213042 0.39457244 0.4263691 0.44423056 0.31176788 0.11973109 0.089059316 0.24207352 0.42459655 0.48739064 0.512893 0.55968344 0.6028532 0.60750926 0.5990682 0.49240863 0.39295587 0.30573824 0.22322276 0.14074881 0.084536985 0.08667004 0.02267453 -0.0753656 -0.13452098 -0.048152495 -0.059801456 -0.05459695 0.01456842 0.069467716 0.16996558 0.22006467 0.30767193 0.2874342 0.18194944 0.11451289 0.07729357
0.13208264 0.26654842 0.37483498 0.38719103 0.21229896 0.13898352 0.25289327 0.23248748 0.07635648 -0.021377735 -0.032250755 -0.01702865 -0.02131767 -0.012653681 -0.013093747 -0.09657605 -0.054981485 -0.017806051 0.1445378 0.2731707 0.27164686 0.25114486 0.13534498 0.010815422 -0.05449978 -0.043085452 0.018323813 -0.03749286 -0.14386895 -0.11515113 0.009341019 0.08512972 0.15236792 0.2005982 0.20440654 0.25733545 0.3417523 0.42786193 0.47087976 0.4252362 0.2973457 0.099896416 0.04506734 -0.035109174 -0.06313767 -0.06950689 -0.018668717 -0.07123455 -0.13732302 -0.07777482 -0.04117313 0.056642003 0.20078048 0.18274297 0.03605036 -0.0030833194 0.0046753804 -0.31365913
0.21240593 0.25412086 0.2715265 0.03130069 -0.08224619 -0.0593632 -0.016055163 0.03517766 -0.07186073 -0.12715527 -0.04677076 -0.013078384 0.023130411 -0.002280631 0.020278279 -0.12041372 -0.0831492 -0.06829274 0.041199926 0.21397631 0.21781538 0.13940161 -0.11270424 -0.3529407 -0.3891823 -0.43723488 -0.46633837 -0.3630228 -0.21176668 -0.21328703 -0.32333237 -0.2708148 -0.017016686 0.21587928 0.3168875 0.46225417 0.5785927 0.60752136 0.57126814 0.4474568 0.27853754 0.048286475 -0.025795719 -0.004225227 0.05100038 0.033312052 -0.072793424 -0.11445547 -0.21990092 -0.3759546 -0.3428227 -0.14029616 -0.06676783 0.0192919 -0.015913954 -0.065413006 -0.2717662 -0.20897518
0.38625884 0.2581173 0.035697132 0.0027098677 0.023957822 -0.16104107 -0.07995617 -0.022150904 -0.1025236 -0.14510135 -0.124824904 -0.09328258 -0.040768765 0.02157874 -0.12458448 -0.03374704 0.04489387 0.06416275 0.21367967 0.261539 0.20719424 0.13731483 -0.028077107 -0.24195512 -0.39661676 -0.44272488 -0.13286982 -32767.0 -0.053344678 -0.14867413 0.08056988 0.2560977 0.29333547 0.34324193 0.48857713 0.48682475 0.4131059 0.34571156 0.29222545 0.27227813 0.18604976 0.013129271 -0.08633559 -0.06808449 -0.026859296 -0.103892356 -0.17429596 -0.2142774 -0.25418624 -0.35084602 -0.49881613 -0.43636176 -0.27033585 -0.35850686 -0.25682434 -0.27061847 -0.3642166 -0.3028074
0.33836517 0.17818595 0.0014961653 0.024576416 0.21140434 0.23488455 0.2781805 0.05075572 0.038084432 -0.10434688 -0.09920797 -0.06562425 -0.05420771 -0.013514836 0.010461437 0.05294864 0.16523242 0.46146613 0.5623485 0.35648334 0.2208519 0.11239712 -0.014078788 0.04052935 0.06626852 0.0083829565 -0.3307418 -0.4328196 -0.15765531 0.17095642 0.27867913 0.22582775 0.33683342 0.37202573 0.3334249 0.405263 0.39651802 0.32749572 0.23942657 0.120096646 0.057455022 -0.047524236 -0.12451884 -0.10507861 -0.118561156 -0.21637774 -0.19999959 -0.13160929 -0.11017747 -0.121207684 -0.30016306 -0.46883842 -0.4852056 -0.40382716 -0.43922585 -0.52324 -0.3437607 -0.30997452
0.20767339 0.065870665 -0.08793433 0.17229699 0.14387189 0.21350946 0.25375864 0.1872272 0.12245323 -0.035917852 -0.012132694 0.019248128 -0.039668288 0.033397134 0.13448833 0.26114744 0.5058123 0.56871474 0.38107052 0.30522606 0.20700228 0.06882446 -0.06956702 -0.15212092 -0.14363319 -0.13329151 -32767.0 -0.1803996 0.054967023 0.15372904 0.13793194 0.29732364 0.25257984 0.23439994 0.31900412 0.31617656 0.26581308 0.18159518 0.1282093 -0.0071338224 -0.08254573 -0.084121026 -0.14007232 -0.09826253 -0.1918413 -0.2525887 -0.12796079 -0.15057088 -0.07284 0.08346024 0.059521016 -0.25046584 -0.50730217 -0.66153026 -0.6219885 -0.44653326 -0.32026216 -0.31592035
