static/data/seaWater_uo/2023/7/25/18.asc
ncols 137
nrows 93
xllcorner 108.0
yllcorner 17.0
cellsize 0.25
NODATA_value -32767
[rows 50 to 74 of 93, columns 58 to 115 of 137]
-0.041829962 -0.08150843 -0.030949146 0.045440264 0.16177985 0.09648172 0.0025764662 -0.104367614 -0.13178425 -0.041589625 -0.078300186 -0.11111488 0.030781075 0.21114144 0.45274112 0.5306485 0.36890435 0.3596008 0.23625003 0.16904679 0.058991365 -0.13131411 -0.15402827 -0.18794407 -0.082784705 -0.04899658 -0.17424183 -0.15666357 -0.12681256 -0.04541996 0.035189744 0.05125461 -8.567801e-05 0.12728052 0.22694284 0.149439 0.10289771 0.023075338 -0.06750469 -0.16168195 -0.2752042 -0.30664733 -0.27312225 -0.28284985 -0.3697775 -0.21580753 -0.21311451 -0.19997066 -0.21124867 -0.10660118 -0.0024503893 -0.2252015 -0.38962707 -0.42477834 -0.36410362 -0.36442026 -0.37135726 -0.36257035
-0.10419558 -0.19775167 -0.27927667 -0.26641402 -0.1350342 -0.13326067 -0.10611479 -0.14919707 -0.23658524 -0.22384652 -0.19199651 -0.0698681 0.09288233 0.42528287 0.61799306 0.54419947 0.3477019 0.31899303 0.23585324 0.17294183 -0.060352594 -0.10541093 -0.108975835 -0.13237076 -0.08281628 -0.13748714 -0.15724817 -0.2241943 -0.24074695 -0.12283342 -0.03986753 -0.051873412 -0.05675735 0.025830055 0.042407982 -0.116605915 -0.08731772 -0.1561108 -0.23425198 -0.3784232 -0.32234246 -0.36375925 -0.30154434 -0.4017343 -0.24031624 -0.13355744 -0.12305573 -0.15345463 -0.14919148 -0.04888843 0.008452389 -0.13882212 -0.29950705 -0.295954 -0.2963783 -0.27876854 -0.24996147 -0.3076751
-0.087177224 -0.14835276 -0.2617933 -0.28890076 -0.39346793 -0.40530574 -0.40881154 -0.2294115 -0.15984513 -0.14114961 -0.09395351 0.06994182 0.2972989 0.46047264 0.4448037 0.22525443 0.1994143 0.20651951 0.0987474 -0.14275052 -0.12896498 -0.09805592 -0.035434987 0.06387939 -0.03179661 -0.12610929 -0.13098042 -0.14169814 -0.2490244 -0.19633396 -0.12577072 -0.09468842 -0.14751132 -0.144751 -0.15837425 -0.2185185 -0.25321352 -0.32685825 -0.44131577 -0.4245346 -0.45505366 -0.38854292 -0.49477452 -0.364172 -0.2897722 -0.31430593 -0.2982612 -0.28090653 -0.21865042 -0.0795218 0.061304964 -0.008541756 -0.11485544 -0.1994708 -0.20228668 -0.17965047 -0.2113999 -0.16105609
0.0012469201 0.013968711 -0.08263844 -0.25452465 -0.24939092 -0.25913757 -0.17206244 -0.17534398 -0.21108247 -0.1982324 -0.09049086 0.069621675 0.15675537 0.15929298 0.041818604 0.03149742 0.11237491 0.12297734 -0.06234341 -0.20104761 -0.00882246 0.075057685 0.13111366 -32767.0 0.04040081 -0.09669423 -0.13287984 -0.10444383 -0.16848513 -0.21405847 -0.18279356 -0.11864401 -0.19557537 -0.24820478 -0.29908827 -0.37798703 -0.4478687 -0.5124366 -0.48909956 -0.47774804 -0.5058467 -0.59309083 -0.50975853 -0.47641903 -0.47434583 -0.47861463 -0.46062747 -0.42151108 -0.34394112 -0.2251588 -0.002167813 0.12142239 0.015571831 -0.09472648 -0.12837836 -0.14165485 -0.119628675 -0.18446079
-0.028152231 0.062138766 0.16104041 0.088806055 -0.02006308 -0.0077507934 -0.001128859 -0.01678819 -0.044641003 -0.17726889 -0.10515713 0.015608546 0.13860118 0.14825483 0.07755804 0.06651194 0.078933865 0.101566724 -0.030292997 0.047031686 0.042361088 0.027660951 -0.0049888403 0.040818993 0.07716691 -0.036711063 -0.14184494 -0.19823982 -0.13682848 -0.2144417 -0.20550853 -0.1377643 -0.21801776 -0.25866565 -0.3415716 -0.4535191 -0.49346638 -0.5089965 -0.5208458 -0.5608006 -0.6639368 -0.59300524 -0.5955069 -0.53287977 -0.47641906 -0.41838545 -0.4214682 -0.42027238 -0.38863683 -0.32065624 -0.15696514 0.078292094 0.12870298 -0.04881731 -0.19592215 -0.13868606 -0.13965264 -0.22935553
-0.029552124 0.058903925 0.24594638 0.33698454 0.25380734 0.24320781 0.18325815 0.24138546 0.19835208 0.09487898 0.17036636 0.3402235 0.4107819 0.31148016 0.36106187 0.34128565 0.17783922 0.04162772 0.11558502 0.06285637 0.059286356 -32767.0 -0.010323083 -0.030525737 0.1606446 0.1038722 0.11523402 0.14295276 -0.031104615 -0.17690657 -0.20082797 -0.17193131 -0.19951446 -0.26551577 -0.28523758 -0.36845154 -0.43796676 -0.47396457 -0.55427474 -0.6682065 -0.6190157 -0.6432858 -0.57077575 -0.42319465 -0.26204747 -0.19145732 -0.2700813 -0.321894 -0.24310881 -0.24972056 -0.23293024 -0.06284379 0.11747942 0.010790531 -0.19157162 -0.2333954 -0.2268544 -0.24336693
0.04375055 0.4166774 0.67464215 0.74430585 0.7380468 0.62087435 0.63170666 0.70265615 0.7023386 0.75532997 0.77155393 0.71487606 0.43449646 0.53096294 0.59545755 0.5231342 0.35735893 0.07036739 -0.045193072 0.08146248 0.28539416 0.5152777 0.5393687 0.32890555 0.11407295 0.17143759 0.20944811 0.22124052 0.09853206 -0.14411324 -0.17422134 -0.21303 -0.14141925 -0.21949925 -0.2474143 -0.3132689 -0.37715197 -0.46473435 -0.57561916 -0.57166666 -0.6084598 -0.5932188 -0.5118726 -0.42164373 -0.29826343 -0.10707281 -0.117587484 -0.24581805 -0.17231156 -0.064834416 -0.16635826 -0.15079246 0.006565651 0.13164319 -0.040240962 -0.15302521 -0.21819775 -0.19141223
0.027625803 0.39203206 0.6591989 0.6662436 0.7728326 0.5714177 0.6643781 0.72959393 0.7090248 0.67538637 0.52155274 0.46871078 0.5449184 0.3884716 0.30655098 0.37672442 0.2705668 0.14989205 0.18181366 0.27682713 0.31975892 0.47731617 0.58118343 0.57507914 0.42835334 0.3062804 0.32920077 0.19734904 -0.04614722 -0.18607599 -0.15520917 -0.23262587 -0.1593443 -0.11241082 -0.17449236 -0.24876106 -0.3481894 -0.48833805 -0.48393542 -0.4923513 -0.47625694 -0.39872882 -0.27023584 -0.36748025 -0.29471025 -0.1526328 -0.13701281 -0.24650463 -0.23612753 -0.097193494 -0.066592984 -0.15770872 -0.12654105 0.055434953 0.27504623 0.12229977 0.024425976 0.049681753
0.10792692 0.5656388 0.6655393 0.59788585 0.52328354 0.4840963 0.46177706 0.28721112 0.15236335 0.19857775 0.44570798 0.47927275 0.36304277 0.13322124 0.19191475 0.15915626 0.128414 0.19107036 0.33027512 0.27543715 0.31102696 0.37168813 0.3281211 0.29135033 0.2728513 0.2887181 0.22142623 0.020898545 -0.2184884 -0.24867812 -0.14072315 -0.1817467 -0.23418559 -0.1264741 -0.14431891 -0.23788129 -0.32714948 -0.41587657 -0.40675345 -0.36743182 -0.29984355 -0.18210964 -0.16105506 -0.2443714 -0.24135381 -0.106969915 -0.13425457 -0.28160644 -0.24945496 -0.12554388 0.003025897 -0.1699004 -0.19674912 -0.06424647 0.11524028 0.35480982 0.38590202 0.3661802
0.72755975 0.55603635 0.43020934 0.29515043 0.2118581 0.101466775 -0.11135105 -0.058285724 0.1304089 0.26381183 0.27316123 0.25597498 0.050328944 0.10057931 0.20261303 0.1406173 0.15334916 0.22014086 0.17239963 0.2841919 0.3283298 0.2241651 0.08464435 0.055441685 0.17082983 0.15472868 0.06510673 -0.10865824 -0.22474259 -0.18872386 -0.09281666 -0.061613783 -0.22897318 -0.24005355 -0.19744773 -0.22395505 -0.2568402 -0.264784 -0.2588328 -0.2078765 -0.13142529 -0.090470575 -0.0742037 -0.16403072 -0.1361405 0.0030411102 -0.005729716 -0.11236548 -0.08486579 -0.04543636 0.055117216 -0.06197527 -0.23401006 -0.14305186 0.040414203 0.14444543 0.18661861 0.21747121
0.6226314 0.19455633 0.007742443 -0.12389626 -0.14339216 -0.17924227 -0.015557591 0.032933757 0.10935512 0.08683923 0.12535958 -0.034699447 -0.110324584 0.021644088 0.032773774 0.029852802 0.024656663 0.08250616 0.26017544 0.33124354 0.23798332 0.10919827 -0.0099513335 -0.09101813 -0.02121583 -0.00443558 -0.046185717 -0.13954355 -0.1617259 -0.052587453 0.06679148 0.020028062 -0.075555705 -0.26643384 -0.24579868 -0.1969743 -0.13881293 -0.11925867 -0.12645978 -0.10489789 -0.035125397 0.011475028 0.019956378 0.07818512 0.060657524 0.04229383 0.014398845 0.07007735 0.17216031 0.17234692 0.11049113 0.10067366 -0.13934578 -0.16345829 0.050148927 0.06599212 0.07603744 0.06095765
0.26363182 -0.09416338 -0.34392506 -0.35848603 -0.19044547 -0.019610247 0.039043885 -0.09254618 -0.017808236 0.052456155 -0.0987761 -0.13482416 0.14944085 0.20824675 0.13471258 0.016731337 0.0426091 0.14690857 0.23021676 0.1836273 0.04334607 -0.12724108 -0.19855009 -0.20158799 -0.13462423 -0.13477388 -0.148812 -0.19885348 -0.045526538 0.12536806 0.05571742 0.0077603045 0.019295268 -0.14951237 -0.20710064 -0.16376397 -0.082226984 0.010282909 0.041897472 0.007137736 0.008452966 0.10947934 0.16046833 0.18925919 0.096032314 0.10113703 0.19421996 0.2789641 0.2869399 0.22013278 0.15428525 0.1190313 0.040558748 -0.082868375 0.09287787 0.13266373 0.016847515 -0.011365142
-0.042091407 -0.23516513 -0.2570544 -0.14858635 -0.044126123 0.08940907 -0.0315739 -0.11963303 -0.06160456 0.03777326 0.03720461 0.035381965 0.20651585 0.2883169 0.2385121 0.21542919 0.17227507 0.16463673 0.11326783 -0.0019954755 -0.18888955 -0.26498225 -0.22320993 -0.14241754 -0.19163302 -0.27933413 -0.25605455 -0.066188134 0.06623891 0.000552024 -0.07138012 -0.045091126 0.015143555 0.070607 0.02170981 0.013611481 0.05841318 0.14854562 0.18140951 0.191544 0.21922028 0.23051792 0.24864487 0.30894172 0.41348967 0.4562841 0.45660588 0.37953126 0.24184465 0.16340668 0.17149864 0.1369791 0.09607474 0.0026846076 0.11974133 0.19354235 0.10860351 -0.043938216
-0.20237115 -0.31941894 -0.3612149 -0.3092063 -0.36327642 -0.462593 -0.20809273 0.0010454458 0.06821145 0.05644045 0.071520366 0.087250404 0.1306095 0.12972683 0.07173169 0.06252109 0.11397842 0.11441737 -0.0050793835 -0.15072733 -0.25983405 -0.17760377 -0.11694983 -0.15532672 -0.28296673 -0.27135926 -0.03742995 -0.061162643 -0.08588087 -0.11775635 -0.068455406 -0.016533662 0.036860265 0.111735694 0.22255176 0.3180644 0.36507225 0.41880995 0.42161733 0.45711666 0.47137216 0.5490184 0.6285206 0.672185 0.65249467 0.6266951 0.4621444 0.2810869 0.13462879 0.056349356 0.13999465 0.1087284 0.039635416 0.016999703 0.10868493 0.11044281 0.0054255505 -0.10098176
-0.2505948 -0.20107986 -0.18541276 -0.10171999 -0.051442936 0.04875591 0.11947796 0.18870598 0.1860073 0.13672563 0.0906556 0.06923893 0.056661014 -0.014145746 -0.07337949 0.053519454 0.08330496 0.03348503 -0.04433426 -0.15831164 -0.1140962 -0.15105073 -0.21494095 -0.21451227 -0.1322556 -0.1083209 -0.16587648 -0.18885836 -0.19259673 -0.17261583 -0.14726579 -0.1102687 -0.03153808 0.047522083 0.13953476 0.2551666 0.39970887 0.48631293 0.55214196 0.58311254 0.6170693 0.60812134 0.57411766 0.45972914 0.33330873 0.32277638 0.29028755 0.21036133 0.068584606 -0.01605172 0.038632438 0.12648603 0.045458782 -0.0072009033 0.07661754 0.012870317 -0.10767246 -0.1848037
-0.26074925 -0.13802947 0.123290434 0.16818273 0.17804879 0.21236752 0.23122944 0.2192822 0.17876291 0.15767966 0.10880497 0.101353034 0.057869226 0.0060336473 0.006372578 0.059431873 0.057585448 -0.026645357 -0.06673613 -0.10155202 -0.17366666 -0.2623347 -0.30757895 -0.31382385 -0.27211168 -0.21418263 -0.13691114 -0.08318027 -0.11822486 -0.16605568 -0.14534467 -0.16952868 -0.15576588 -0.09614494 -0.029594494 0.04905489 0.14156665 0.17669693 0.20036057 0.1894481 0.123272195 0.023809688 0.00093096273 0.12730771 0.24008268 0.29904577 0.1624135 0.16363661 0.1272982 0.01630975 0.083633706 0.12659596 0.05365061 0.017105788 0.0525668 -0.027010268 -0.1158017 -0.2734449
-0.23149037 -0.03314432 0.008135809 0.055530034 0.058209885 0.09847814 0.123014405 0.14637782 0.17637624 0.16118066 0.122238435 0.13013451 0.11315286 0.013383095 0.029390376 0.01912389 -0.036204126 -0.083223514 -0.1136754 -0.23159695 -0.33682984 -0.34755835 -0.23096463 -0.1275591 -0.06442097 -0.018783296 0.048985947 0.025640648 0.027157236 0.0018769202 -0.039716206 -0.049101647 -0.05753366 -0.123349205 -0.12302905 -0.08681592 -0.050925102 -0.03649505 -0.004002833 -0.03588233 -0.12662755 -0.031154627 0.040359575 0.10062362 0.21829265 0.36801934 0.42382178 0.47447932 0.54195964 0.5019966 0.32745153 0.12897208 0.06264118 0.021347098 0.0018247243 -0.11102711 -0.26091316 -0.24347618
-0.006216875 -0.05436609 -0.11479546 -0.17412974 -0.17526293 -0.1128123 -0.06116263 -0.025306601 0.06434182 0.12276721 0.14149137 0.16093086 0.11097527 -0.017367762 0.002768776 -0.04743473 -0.09841229 -0.14054997 -0.20526116 -0.36209273 -0.33470032 -0.20417465 -0.10387954 -0.021307664 0.064556964 0.13253692 0.20101397 0.23246714 0.18076596 0.13219099 0.07658113 0.064047 -0.018791547 -0.03408839 -0.00056544296 -0.07559106 -0.119924776 -0.007152915 0.023856653 -0.050414618 -0.043155476 -0.08627375 -0.11669472 -0.067518525 0.044702273 0.20881903 0.30988023 0.43191233 0.53276634 0.5448224 0.39644414 0.18819232 0.061190467 0.019039577 -0.031713754 -0.19237241 -0.28380585 -0.020808704
0.068512216 -0.026113776 -0.20466435 -0.31504712 -0.37927648 -0.3177737 -0.18011749 -0.10839621 0.05341194 0.15579027 0.18823579 0.14310111 0.07322829 -0.051336925 -0.014023486 -0.060190894 -0.119859554 -0.1726419 -0.27186486 -0.3380527 -0.34676537 -0.39636594 -0.29185668 -0.04034454 0.11490269 0.15685761 0.19592397 0.22870581 0.2289619 0.20322622 0.16183557 0.10548195 0.07284252 0.051933687 0.04802778 0.010268955 -0.09215624 -0.094660774 -0.010703018 -0.006640654 -0.023255752 -0.08674979 -0.18094538 -0.18598197 -0.08218073 -0.0052205594 0.07649554 0.24143513 0.37029985 0.3903384 0.37658206 0.29103822 0.1265634 0.055212352 -0.0276134 -0.20155849 -0.12270182 -0.08468209
0.10061967 -0.0150795365 -0.15606865 -0.2234119 -0.3411501 -0.42248982 -0.28476068 -0.10892398 0.03967768 0.16556512 0.22133432 0.16039383 0.037071016 -0.05726827 -0.015237961 -0.052521855 -0.09444804 -0.15316524 -0.23591967 -0.2480379 -0.2763089 -0.28232235 -0.24418439 -0.08261923 0.09824329 0.095626116 0.18947874 0.18574268 0.22448894 0.23401634 0.13163167 0.11450247 0.16657162 0.16897652 0.12074219 0.0674903 -0.002789185 -0.09885185 -0.044431765 0.0038518135 0.022646545 -0.004243088 -0.098439485 -0.20242989 -0.09022314 -0.039572638 -0.0118960235 0.1049547 0.188742 0.2427683 0.3160857 0.3316435 0.2410904 0.12643552 0.002458129 -0.17683232 -0.02683572 -0.10374166
-0.13500917 -0.08740902 -0.059767574 -0.0035502152 0.022681214 -0.03324412 -0.104420856 -0.038335465 0.034607127 0.11567265 0.13664986 0.09529316 -0.012983372 -0.044090375 -0.027490102 -0.047361966 -0.067327 -0.119803764 -0.14046286 -0.07370627 0.0337519 0.07680231 0.038704764 0.09780592 0.1261545 0.11805694 0.20212096 0.25277403 0.24533288 0.24676512 0.16712262 0.14921173 0.14612596 0.14819805 0.126196 0.010864023 0.055114992 0.0026202418 -0.041684266 -0.022761641 -0.0039989273 0.057192076 0.07310289 -0.011877843 0.026019784 -0.019208906 -0.08033219 -0.057445787 -0.027053313 0.025493836 0.1029116 0.17837079 0.1868302 0.0886164 -0.03422039 -0.1081135 -0.01246321 -0.07100689
-0.4619084 -0.14274065 0.16115382 0.31271654 0.45224002 0.46974078 0.2811158 0.114709556 0.058150403 0.061909486 0.049451 0.026321726 -0.0753718 -0.03216153 -0.04281275 -0.052117173 -0.0622181 -0.056183897 -0.0027018802 0.06734437 0.21514927 0.28011248 0.3141934 0.2239761 0.23581442 0.24048226 0.2928594 0.3404133 0.30741534 0.28644273 0.24036029 0.18346423 0.16238184 0.12937197 0.13611318 0.12242436 0.07986176 0.092175916 0.08382481 0.03899148 0.031212501 0.0747231 0.18067849 0.16403179 0.15420842 0.039492253 -0.10581516 -0.20526144 -0.20737104 -0.18062396 -0.12960513 -0.047810137 -0.011538065 -0.07517552 -0.10913104 -0.055263568 -0.01875944 -0.041811347
-0.38732243 -0.13831528 0.119232476 0.30750427 0.547625 0.7072203 0.58213663 0.30717543 0.14721271 0.08790055 0.0461741 -0.015193166 -0.08901602 -0.023535423 -0.05900086 -0.043743577 -0.004979342 0.0731894 0.17418174 0.2672476 0.3503402 0.4148145 0.42088714 0.2295245 0.25561345 0.35787547 0.41728482 0.4598456 0.39092872 0.32097307 0.22947273 0.19058336 0.15447266 0.20893082 0.293905 0.33925122 0.2915682 0.25805578 0.21411791 0.17401126 0.048006672 0.11967138 0.1726261 0.2201008 0.19827698 0.060072534 -0.024685252 -0.24646625 -0.32006368 -0.30015674 -0.28532818 -0.25049332 -0.24788974 -0.25664872 -0.15846172 0.0019078677 -0.016672319 -0.0022347888
0.003600348 0.11938685 0.11529365 0.25471053 0.4595692 0.55488753 0.46472698 0.32676023 0.20739046 0.12399297 0.059553903 -0.017705377 -0.052368727 -0.012947486 -0.04716189 -0.050705824 -0.00022264285 0.12815599 0.2811187 0.39717245 0.45210293 0.4083069 0.28905198 0.24689426 0.3639274 0.49217933 0.4951301 0.49211967 0.42575186 0.34357604 0.20281814 0.12337413 0.12143526 0.19015403 0.3049527 0.39041853 0.39362222 0.37469512 0.3081099 0.22794889 0.12557952 0.07522644 0.12844622 0.18734513 0.14345545 0.06359565 0.047646243 -0.028710082 -0.34956074 -0.45865124 -0.45494112 -0.46430954 -0.41633317 -0.2656042 -0.069851115 0.017254323 -0.0006290814 0.061606985
0.14784513 0.12340523 0.049921047 0.12396058 0.12158223 0.03926533 0.04441181 0.16431347 0.2470275 0.13694094 0.07718282 0.074510686 0.03001239 0.01888696 0.0108377375 -0.015474366 -0.006058876 0.094703995 0.21135572 0.29081368 0.3076314 0.3302756 0.4529409 0.6426323 0.7119561 0.6732074 0.57432866 0.5022852 0.45132056 0.42034 0.3247474 0.21810335 0.21918254 0.2952184 0.35166398 0.40385544 0.37173334 0.37006176 0.30090773 0.23426199 0.14502354 0.04926072 0.045101784 0.117331676 0.040106792 0.06444035 0.035173886 -0.030209044 -0.19679064 -0.42183298 -0.49391574 -0.43206048 -0.2824265 -0.09917414 0.015091127 0.0148159675 0.07928447 0.19765767
