static/data/seaWater_uo/2023/7/25/6.asc
ncols 137
nrows 93
xllcorner 108.0
yllcorner 17.0
cellsize 0.25
NODATA_value -32767
[rows 52 to 77 of 93, columns 58 to 115 of 137]
0.18384981 0.16608872 0.16775182 0.12605526 -0.05383876 -0.11381373 -0.1710571 -0.037447058 0.31633753 0.40780747 0.30659238 0.36582267 0.3230844 0.58623034 0.5658521 0.5091492 0.3589196 0.26382676 0.10562105 -0.03815279 0.03183756 0.110188164 0.045920823 0.16952404 0.032606956 0.048004128 0.059520826 -0.0715069 -0.0610133 -0.05866202 -0.051585868 -0.080320664 -0.11896568 -0.23754126 -0.37891266 -0.40422764 -0.44412073 -0.45404878 -0.38350263 -0.29871148 -0.29689085 -0.34203985 -0.46654525 -0.25332204 -0.13326044 -0.14413802 -0.1468787 -0.08647881 -0.0569141 -0.06272197 -0.0031472265 0.080562614 -0.0021263529 0.011473147 0.11808232 0.15100677 0.11988791 0.12912841
0.12516515 0.1752434 -0.02695233 0.087426126 0.27184808 0.16694851 0.12446403 0.102436826 0.026288876 0.23537157 0.24476375 0.18290895 0.43320036 0.37514782 0.28748885 0.33799884 0.24118982 0.12696008 -0.01946695 -0.055649925 0.13359699 0.18795034 0.06264079 -32767.0 0.10644037 0.048823502 0.12702946 0.13851784 0.032286424 -0.081966944 -0.13194697 -0.1538334 -0.16040677 -0.27572757 -0.41990823 -0.44331488 -0.48497376 -0.42100096 -0.3808427 -0.41365862 -0.45640403 -0.5571147 -0.3448789 -0.17267771 -0.15822504 -0.17196308 -0.17261504 -0.14968678 -0.11331786 -0.1452968 -0.02259759 0.13350731 0.21927163 0.12802409 0.19740604 0.1502954 0.08816734 0.14381766
0.23937254 0.32601732 0.4109107 0.4884307 0.50804335 0.49634647 0.42553088 0.3046035 0.22057301 0.3543301 0.35806745 0.42107365 0.32583976 0.17746453 0.1991846 0.2606952 0.1666374 0.006492991 0.058255903 0.18610911 0.10931543 0.07346113 0.025579767 0.07811158 0.15778065 0.07175011 0.036004324 0.009944238 0.11724062 -0.00962272 -0.14957455 -0.18371795 -0.18481308 -0.25798628 -0.3787443 -0.37338457 -0.37230083 -0.40306073 -0.45285243 -0.55351883 -0.5718064 -0.34130973 -0.18213396 -0.097803965 -0.05513032 -0.026357446 -0.043631297 -0.051285636 -0.061293792 -0.14039649 -0.16576248 0.110225506 0.28828067 0.26043433 0.2158411 0.17742698 0.13785014 0.16197495
0.39994594 0.46609205 0.56008965 0.58175075 0.6532777 0.68948495 0.71458375 0.76597774 0.6988287 0.6238099 0.63081217 0.6018131 0.4607443 0.41923115 0.39557627 0.33959535 0.16767167 0.006513733 0.15043987 0.06960324 0.0572089 -32767.0 -0.0053267074 0.05400372 0.2636222 0.24751882 0.19575648 0.05387127 0.1569311 0.086414285 -0.111719914 -0.16677718 -0.18204385 -0.2657948 -0.351795 -0.34340158 -0.37685186 -0.45229426 -0.5354079 -0.547868 -0.37267137 -0.20066743 -0.1865453 -0.14293183 -0.107496955 -0.06169623 0.02783415 0.04163422 0.006346563 -0.078344524 -0.14543289 -0.059348635 0.2207439 0.26736477 0.17774554 0.1793728 0.13460052 0.13386066
0.21411653 0.45064804 0.6473994 0.82576144 0.9518931 0.94126856 0.9892873 1.0328263 0.892851 0.8688312 0.8405087 0.6077335 0.53375936 0.6381609 0.61535174 0.4636244 0.2306038 0.068604074 -0.050972205 0.1418664 0.30739808 0.50062585 0.50217533 0.34301722 0.17604351 0.35533333 0.47051963 0.45743912 0.2580191 0.1162548 -0.07117955 -0.16723411 -0.18619835 -0.24118549 -0.32186636 -0.33816662 -0.3894194 -0.4836204 -0.51775956 -0.3407074 -0.20841925 -0.19580555 -0.17282651 -0.16504952 -0.14059769 -0.17160031 -0.008779208 0.052091196 -0.0018205066 -0.065415114 -0.09911211 -0.13548438 0.028508592 0.2907732 0.23027338 0.2011519 0.2644547 0.18465768
-0.032517716 0.32258797 0.8115306 0.8929065 0.88134253 0.6881509 0.76086247 0.8016652 0.77224857 0.72842 0.478708 0.5544504 0.59265137 0.4421572 0.38506433 0.33490437 0.19936837 0.22924599 0.2914596 0.23353331 0.22031152 0.36187142 0.49658516 0.5292832 0.49985698 0.4637664 0.36907294 0.22534806 0.15177538 0.09349065 -0.06680675 -0.13459666 -0.21439205 -0.22569793 -0.24839227 -0.3225519 -0.3890155 -0.4131465 -0.3125791 -0.13332203 -0.15096334 -0.15878461 -0.19693154 -0.11941234 0.0010805667 -0.14717562 -0.10097005 0.057286717 0.0638095 -0.070774704 -0.08113574 -0.12001407 -0.14382616 0.11331046 0.33662498 0.3229399 0.3485878 0.41823244
-0.046341248 0.47769937 0.6575284 0.6089047 0.6254192 0.4790278 0.42937803 0.28248912 0.22288448 0.3070168 0.53865623 0.46724388 0.3167502 0.13298173 0.102463745 0.07923429 0.1132832 0.27547407 0.27054515 0.15252872 0.16483471 0.18062185 0.19802454 0.24312949 0.3161335 0.22308928 0.11833309 0.0674879 0.07647937 0.07828782 -0.05833524 -0.06405085 -0.19511276 -0.22260474 -0.22940753 -0.27398622 -0.33773574 -0.26982674 -0.11695501 -0.01056628 -0.029513462 -0.05704495 0.00279339 0.117606424 0.12898435 -0.0020834345 -0.013523237 0.10754971 0.10611784 -0.031489752 -0.11276439 -0.08488276 -0.14835182 -0.12171341 0.1201397 0.325597 0.44296354 0.47597542
0.56097084 0.63136446 0.5464309 0.41810068 0.3061994 0.15678574 -0.050314635 0.05114357 0.28477246 0.2901563 0.27176237 0.22707547 0.051685233 0.13310903 0.08482747 0.04329999 0.12880512 0.1502381 0.117248915 0.15876387 0.1058034 -0.0035541877 -0.07441129 0.023044297 0.08033654 0.030091673 -0.005347442 0.020230392 0.06519803 0.06038601 -0.033683 -0.04941346 -0.10501577 -0.20774299 -0.20668122 -0.21318978 -0.17853206 -0.10650347 0.015602046 0.13504602 0.22570404 0.221333 0.23183596 0.24493304 0.2370113 0.08128568 0.108430505 0.15903936 0.17020445 0.02566531 -0.053812873 -0.02489161 -0.04187891 -0.046874844 0.014828829 0.10249345 0.20340908 0.21518068
0.78314155 0.46926185 0.25427142 0.08994708 -0.036526024 -0.04190257 0.14990196 0.17581375 0.16965115 0.07550634 0.081400946 -0.061475597 -0.04499796 0.017293477 -0.06594335 -0.056052998 -0.0350396 0.1013567 0.16161814 0.14207849 0.043669283 -0.09865567 -0.1153584 -0.1335055 -0.12682615 -0.11507358 -0.091934934 -0.03453859 0.069026366 0.09210197 0.0043450706 -0.054408748 -0.012984262 -0.11798365 -0.1628373 -0.08232084 -0.009169484 0.053928494 0.120343536 0.18817157 0.31754035 0.3586258 0.38150653 0.32914528 0.28067717 0.19166265 0.20768568 0.24618402 0.22549725 0.14344743 0.052697238 0.0123258745 0.045930356 0.012480028 0.013448637 0.07332322 0.08958967 0.07640917
0.48173994 0.12686945 -0.116402484 -0.23799616 -0.12522183 0.10304537 0.11926533 0.02451564 0.024489323 0.026272465 -0.12478547 -0.12834418 0.14554687 0.08101126 -0.0029544043 -0.020086534 0.13172278 0.14931756 0.09016315 0.0133132655 -0.1011144 -0.20431016 -0.20758477 -0.18729797 -0.22163002 -0.26975656 -0.194 -0.04950862 0.09552668 0.049428143 -0.06412565 -0.047345135 -0.014719393 0.025527675 -0.06780251 -0.019804873 0.13129131 0.24005128 0.28832522 0.34460154 0.39491597 0.38463655 0.37742388 0.31380537 0.36611727 0.34867343 0.37545216 0.33575654 0.2860861 0.17474326 0.13137212 0.079129845 0.09689234 0.07712171 0.0056976737 0.028072005 0.085039176 0.049258
0.013831844 -0.17784236 -0.23782867 -0.0295239 -0.007333427 0.011777048 0.007298092 -0.08339721 -0.0072416565 -0.02900121 0.014042825 0.043667074 0.1038074 0.113046564 0.10657819 0.15774809 0.2008309 0.07362738 -0.04133736 -0.16895948 -0.27065963 -0.2576178 -0.16217034 -0.18726055 -0.24560876 -0.30081093 -0.2143157 0.012047768 -0.016674502 -0.09707257 -0.136055 -0.118653096 -0.07800071 0.05986357 0.1344656 0.18690336 0.24883966 0.34594828 0.45596287 0.48700354 0.52291983 0.5451948 0.54152507 0.5797733 0.5419279 0.5116619 0.42400882 0.3591755 0.19722454 0.10210671 0.12614395 0.14594294 0.112599365 0.0930825 0.010770222 0.0111401845 0.0343711 0.037987173
-0.20965917 -0.31133702 -0.2707224 -0.20109805 -0.29967254 -0.444142 -0.23688477 0.0332403 0.06359521 -0.0010253558 0.05595285 0.07973404 0.047056705 0.0122747775 0.02836644 0.03295881 0.05226204 -0.018023064 -0.1644311 -0.2667937 -0.26117912 -0.16343737 -0.19819203 -0.2658267 -0.28975868 -0.1883524 -0.015821895 -0.11256879 -0.16679907 -0.16859809 -0.13125563 -0.10327206 -0.08156329 -0.023339253 0.10841682 0.19951147 0.326664 0.4302199 0.53179365 0.6288221 0.6544379 0.6523894 0.63228637 0.62331116 0.5737407 0.45107946 0.36527887 0.20650734 0.013306266 -0.016196076 -0.004696159 0.087177135 0.062624566 0.06454103 -0.059474804 -0.07349095 -0.05242991 -0.030897256
-0.23701859 -0.19719882 -0.16637044 -0.13960576 -0.0909436 -0.03737899 0.07197827 0.124165446 0.09329115 0.05492055 0.049451653 0.058165498 -0.0069189304 -0.094833985 -0.1359262 -0.049251113 -0.008711335 -0.027922466 -0.21962932 -0.25075597 -0.19501427 -0.26355228 -0.34835622 -0.31012467 -0.19278249 -0.16068175 -0.2429802 -0.29537502 -0.2556773 -0.23664045 -0.21999806 -0.14196874 -0.0937105 0.0013500698 0.11007119 0.19328292 0.30514055 0.3841293 0.46257168 0.51165646 0.54313785 0.5330869 0.4412257 0.3588498 0.26030195 0.13560615 0.13796002 0.014216502 -0.0427526 -0.07922286 -0.06538889 0.011369647 0.043116353 0.013277333 -0.10056086 -0.12047849 -0.10141519 -0.13030656
-0.16322969 -0.14248313 -0.026331447 0.033332173 0.07795182 0.09423906 0.1682765 0.1713407 0.11677939 0.049052518 0.044946674 0.038642228 -0.02390044 -0.08838406 -0.06149411 -0.070699655 -0.008967239 -0.052966293 -0.2594697 -0.23738298 -0.34539968 -0.41398853 -0.45699275 -0.4507302 -0.40898377 -0.33586338 -0.26302692 -0.2203325 -0.19761966 -0.19968498 -0.25860026 -0.25951827 -0.27107835 -0.18512066 -0.10769606 -0.06993587 -0.028617391 0.043713447 0.08311721 0.081417754 0.039283264 -0.06786788 -0.035074312 0.06420388 0.10465193 0.024169814 0.04337955 0.014986825 0.19224873 0.13016596 0.053994883 -0.025701454 0.075695716 0.0105606215 -0.107367106 -0.10985474 -0.17243949 -0.19601032
-0.1253447 -0.04655763 -0.055258997 -0.024890926 -0.0052062096 0.031842753 0.09485001 0.113363445 0.08385406 0.04718165 0.05907969 0.06079773 -0.009894996 -0.030412666 -0.041581903 -0.09618864 -0.06530894 -0.20916565 -0.25936222 -0.34131244 -0.45591548 -0.4526342 -0.33136395 -0.2855957 -0.27521262 -0.27399364 -0.23327613 -0.16964233 -0.09099767 -0.07020278 -0.11928327 -0.14103964 -0.19376281 -0.24453619 -0.25265965 -0.1840514 -0.17056394 -0.175444 -0.14829329 -0.11645146 -0.1637569 -0.12872505 -0.009194702 0.08384307 0.14480211 0.22968037 0.3569565 0.47337022 0.54963994 0.44309133 0.23894177 0.06860744 0.07016184 0.04632016 -0.091626436 -0.15587777 -0.254523 -0.09588033
0.010535925 -0.09397793 -0.20586824 -0.22496784 -0.25283802 -0.20817077 -0.09845907 0.013139268 0.062320706 0.1163645 0.1318181 0.09376814 0.030302744 -0.02626604 -0.079326384 -0.10605466 -0.16061333 -0.23139615 -0.31067923 -0.42196894 -0.38712734 -0.3423115 -0.29433388 -0.22679998 -0.21239328 -0.20261215 -0.12757987 -0.06419759 -0.024596127 -0.020640006 -0.02303275 -0.07205555 -0.15041652 -0.14236827 -0.13506718 -0.16813995 -0.16767173 -0.06966953 -0.14795537 -0.15542349 -0.17667069 -0.18849954 -0.21998796 -0.14286996 -0.061878785 0.06196918 0.18800339 0.3320222 0.41647634 0.3742021 0.2890666 0.12802453 0.06262877 0.026561001 -0.106183015 -0.22849488 -0.21594606 -0.081590235
0.08113564 -0.07388622 -0.28200167 -0.35166025 -0.40068316 -0.39812922 -0.2974132 -0.14476217 -0.01195686 0.06991642 0.08976895 0.07206808 0.017237715 -0.03195754 -0.10474061 -0.1187081 -0.16874216 -0.22023569 -0.34459594 -0.39191318 -0.44452986 -0.52324605 -0.41710728 -0.2684785 -0.20364057 -0.20292851 -0.1109357 -0.01670639 0.014867996 0.05658124 0.06497527 0.0029405185 -0.061594743 -0.040774383 -0.02930133 -0.050489046 -0.10260181 -0.17500216 -0.15088563 -0.10986109 -0.0991554 -0.2106097 -0.26637197 -0.25851077 -0.20515205 -0.114568725 -0.04798627 0.097310044 0.22039507 0.26848283 0.23609212 0.24164864 0.17112856 0.045356855 -0.12058175 -0.22934936 -0.12369199 -0.16021404
0.07719376 0.015059526 -0.24561395 -0.29213384 -0.37252614 -0.4580517 -0.33914804 -0.18857585 -0.016382962 0.13253026 0.12661655 0.06303057 -0.041441783 -0.09121508 -0.14758958 -0.13389511 -0.16162182 -0.20994227 -0.29408792 -0.27679813 -0.3430529 -0.30383393 -0.16959678 -0.17511714 -0.12203031 -0.11070652 -0.09163078 -0.0076913266 0.054757997 0.032547113 0.037840508 0.033476274 0.04730937 0.049780414 0.03951164 -0.056506827 -0.11113548 -0.1742714 -0.16939475 -0.10596487 -0.04658746 -0.09907746 -0.16373903 -0.20712441 -0.23633315 -0.20284867 -0.15234852 -0.04640502 0.07961028 0.17652252 0.19786581 0.2155713 0.20096444 0.036996096 -0.13029407 -0.14252593 -0.13294841 -0.20207639
0.026945328 -0.025069026 -0.12956773 -0.14150417 -0.13720375 -0.25002602 -0.26735422 -0.15702648 -0.061651614 0.050844803 0.027218409 -0.019822696 -0.11359137 -0.14789122 -0.20062678 -0.19868861 -0.18561369 -0.1959845 -0.18133323 -0.083652236 0.0300393 0.11993153 0.1978295 0.03738092 -0.023326453 0.052259937 0.013431004 0.03957325 0.051476706 0.027608557 0.012264642 0.056906488 0.049699564 -0.038017977 -0.04981941 -0.038744885 -0.14529344 -0.15574357 -0.16820757 -0.117490135 -0.13375397 -0.0683794 -0.060801994 -0.046398595 -0.1733385 -0.17051446 -0.17820911 -0.18045494 -0.09413318 -0.028078554 0.047479 0.055830564 0.019311927 -0.08460648 -0.18611568 -0.102680385 -0.1420678 -0.1625933
-0.38176852 -0.13464977 0.047295135 0.08501264 0.17085671 0.21327281 0.05610166 -0.058823638 -0.058625866 -0.052054033 -0.10616692 -0.1343449 -0.2056978 -0.19907647 -0.24160159 -0.28891003 -0.25761506 -0.19749278 -0.08003487 0.053131923 0.20447111 0.32880476 0.31608957 0.13233945 0.045241807 0.17438225 0.19389522 0.18322103 0.11900044 0.07138997 0.03768493 0.08818584 0.079671934 0.009956006 -0.027851837 -0.035330415 0.01708436 -0.05152691 -0.06666579 -0.083092466 -0.055665147 -0.049302835 -0.02584204 0.05365495 -0.08466336 -0.16753107 -0.21661201 -0.35096705 -0.29337597 -0.25628036 -0.18904191 -0.15481663 -0.18123826 -0.2603266 -0.24095644 -0.09576476 -0.14696819 -0.13075352
-0.50835866 -0.30294177 0.013192269 0.24308187 0.40198278 0.44385004 0.25314432 0.046078775 -0.042316254 -0.09938499 -0.16536239 -0.20035201 -0.27699652 -0.23231608 -0.235654 -0.27885187 -0.264571 -0.14897317 0.016120143 0.194201 0.33490047 0.37415826 0.28182244 0.16998541 0.23513742 0.3408791 0.35865852 0.30215803 0.2792837 0.111948855 0.08638264 0.15647991 0.1439125 0.13805543 0.1341668 0.18181461 0.20686069 0.12421024 0.0621025 0.024801722 -0.028952265 -0.031638637 0.05153574 0.09207981 -0.038213626 -0.154299 -0.19608107 -0.4395303 -0.4820469 -0.41374132 -0.37208307 -0.36028373 -0.3925233 -0.42914927 -0.24393088 -0.09413287 -0.15057476 -0.113851786
-0.0981228 -0.05929048 0.048451796 0.22219162 0.49354348 0.5950131 0.4252067 0.13517807 0.007489926 -0.10607706 -0.16276474 -0.254609 -0.2695454 -0.23717257 -0.23328085 -0.25384977 -0.19742875 -0.0733688 0.11014019 0.27463117 0.36587 0.2827906 0.17108588 0.3358712 0.4679358 0.4995071 0.4606245 0.33676583 0.30342534 0.18798962 0.07724873 0.054567527 0.13557751 0.20426054 0.24930277 0.28755718 0.31736538 0.22751604 0.1652028 0.09636784 0.022235326 -0.019559698 0.030422006 0.037977226 -0.05102291 -0.12329556 -0.17560755 -0.23732695 -0.5578469 -0.60699177 -0.58794874 -0.60004085 -0.5832723 -0.4373747 -0.15516627 -0.12809214 -0.12688713 -0.06968083
0.1474004 0.026076635 0.03507142 0.100100994 0.15661106 0.13527207 0.100744136 0.07605791 0.025003664 -0.13743395 -0.16226506 -0.2129441 -0.2101387 -0.25147676 -0.23043591 -0.21874027 -0.16616005 -0.07265043 0.051884953 0.14466467 0.21597578 0.24642731 0.40765324 0.632779 0.70497966 0.6366196 0.52843213 0.39399645 0.32885695 0.29011437 0.14830583 0.12903865 0.17773375 0.24913228 0.2901794 0.33024433 0.34402826 0.25417706 0.1915171 0.10752624 0.07170669 -0.0038572978 0.010371674 -0.033196643 -0.080211036 -0.15606196 -0.21789859 -0.21883683 -0.29918063 -0.5392366 -0.5775797 -0.558967 -0.42291293 -0.19045438 -0.12361695 -0.13235341 -0.029009685 0.095475204
-0.019665843 -0.066089794 -0.06714225 -0.13379423 -0.28880596 -0.35072663 -0.21943736 0.03987903 -0.013935307 -0.1593865 -0.15642898 -0.11594356 -0.10267154 -0.20831609 -0.15449588 -0.124712504 0.07386154 0.30940202 0.4669739 0.55736315 0.6480459 0.7803554 0.90433466 0.9121872 0.80840164 0.67831594 0.5131648 0.40236527 0.3582926 0.3436123 0.42907012 0.4728724 0.42065263 0.34996068 0.3449704 0.34959823 0.2838817 0.21665874 0.12624626 0.07117196 0.068807356 0.042568125 -0.029507054 -0.09105181 -0.12204165 -0.17724828 -0.20534822 -0.25264254 -0.22494507 -0.26640746 -0.4118902 -0.36326385 -0.23570576 -0.16201799 -0.15589237 -0.024532722 0.10608763 0.27680135
-0.17488748 -0.16807526 -0.13810346 -0.15032773 -0.29603246 -0.35078645 -0.120164536 0.0043552527 -0.15495507 -0.22864242 -0.19893943 -0.12015836 -0.02143368 -0.07525406 -0.051118284 0.19000208 0.47824588 0.67782235 0.7628154 0.8029157 0.8373208 0.84709716 0.77155596 0.64847684 0.51812446 0.40909255 0.31678978 0.2946819 0.3190792 0.3444868 0.43647075 0.46215782 0.42520556 0.45203266 0.3927359 0.30743167 0.20741743 0.16125113 0.13189131 0.10101575 0.08340929 0.12742454 0.0073566497 -0.11200924 -0.14299132 -0.1997399 -0.2989818 -0.42728603 -0.35383284 -0.13632926 -0.033515327 -0.14332362 -0.21230026 -0.22617002 -0.07779081 0.16591111 0.3305153 0.40337017
-0.2763058 -0.22375968 -0.20762107 -0.17018764 -0.15792394 -0.15198563 -0.22122733 -0.28158072 -0.3185074 -0.30922243 -0.279852 -0.23875058 -0.08276157 -0.001869349 0.1309394 0.3781658 0.50448376 0.5012067 0.45282584 0.4150395 0.36473444 0.31301436 0.29404303 0.26107606 0.2210165 0.19630696 0.20051211 0.20975365 0.27570185 0.3548201 0.4163902 0.4855277 0.5038395 0.40208057 0.27646837 0.1438088 0.06935238 0.09351263 0.12827323 0.14831156 0.1362254 0.11375085 0.018232532 -0.09308884 -0.14099954 -0.17832583 -0.18134382 -0.18359092 -0.18144219 -0.13278751 -0.013126837 0.14619139 0.18745935 0.1841659 0.18787912 0.1575711 0.17320953 0.044071507
