static/data/ASCData/20210131/ASCV/00.asc
ncols 97
nrows 97
xllcorner 99.0
yllcorner 2.0
cellsize 0.25
NODATA_value -32767
[rows 38 to 56 of 97, columns 0 to 42 of 97]
1.281283727062636 1.37780809264944 1.5664425997870648 1.4060591264797235 1.1179574377313068 0.35047101867525843 -0.37699310245455386 -0.6006471202776353 -1.0918031146812184 -1.3896160963087953 -0.865206280834149 -0.9464280030962153 -1.3369396894794117 -1.306628684432336 -1.265723541698904 -1.3437081663345838 -1.3634250336953029 -1.4843747722812062 -1.5655964945432725 -1.6944918363939432 -1.8351584423405656 -1.9455140432401123 -1.9717051058536048 -1.8566409993156774 -1.7421654559825475 -1.806613126907883 -1.833098471123774 -1.8840091883387649 -1.677717785057212 -1.665063676154064 -1.7939590180047347 -1.4805491114500218 -0.5185425532083725 0.37195357565037046 0.7783564685631017 0.7236200905169263 0.7000775623250228 -0.2363264965079317 -1.4864347434979976 -1.9540482097096774 -2.260689639409218 -2.6279530792029098 -2.945482928191206
0.9949477279286123 1.4022334656485391 1.600579265665325 1.3672139549630833 1.1541540748263577 1.0779351398050707 0.544696876258461 -0.3349108333115267 -1.058549293610155 -1.0997487179459857 -0.9064057051699796 -1.1945073939183963 -1.658295199298892 -1.7754192770536108 -1.8222100518350188 -1.8292728102925897 -1.6465239352029402 -1.7804220642943904 -1.8019046212695022 -1.785130569932771 -1.8663522921948374 -2.1144316830170187 -2.1847649859903298 -2.203304726941454 -2.130028607944155 -2.220667341482982 -2.15062832011207 -1.9072574349282694 -1.4843747722812062 -1.4649521865228858 -1.4581837096677137 -1.158310756823345 -0.5782817184953273 0.20009311984947598 0.6991947175178264 0.7000775623250228 0.7801221581774938 0.2810205605091438 -0.9814475137816716 -1.9299171183129764 -2.266575271457194 -2.5773366435903178 -2.879858130856275
0.37401354686716193 0.8066075023933852 1.3386686395304004 1.3516170300359471 1.4890465383561828 1.4090019425037115 1.0505669507819837 0.28013771570194734 -0.5500306846650433 -0.6992314570812304 -0.5841673505433032 -1.329288367817043 -1.9034317740970852 -2.339851390454493 -2.3828165044047163 -2.108546050969043 -1.9775907379015807 -2.0285014551165714 -2.0129045301894357 -1.940511255999333 -1.9160858830002332 -2.1426827168473026 -2.3878192916454957 -2.410184693427804 -2.4599182842331997 -2.5128889726649826 -2.199184784507871 -1.7265685310554115 -1.347828108768167 -1.1789104689912606 -1.188621761870421 -1.2265840885798647 -0.6533235271070192 0.05354088185487793 0.6103216735933916 0.4481725106716574 0.32810561689295037 0.0829690420947573 -0.9970444387088073 -1.9181458542170247 -2.3575082865984203 -2.6662096875147525 -2.7706796563663234
-0.06652601192382868 0.2704264228227875 0.7889506062494576 0.9970076991454038 1.1394399947064189 1.1550369196335541 0.7968962095142249 0.6550524771580077 -0.015615294708838157 -0.43084663569353276 -0.590052982591279 -1.40550730283833 -2.0820607067531514 -2.517597478303363 -2.4884635996658826 -2.2159588358446016 -2.17005090587039 -2.196241968483883 -2.137679929606523 -2.0167301910206197 -1.9687622898296169 -2.040272719212523 -2.283349322793925 -2.4463813305228554 -2.4990577373522394 -2.4914064156898705 -2.1612224577984263 -1.4855518986908014 -0.7960501042704329 -0.35168488464825787 -0.14951342380028798 -0.20513264665365982 -1.05972642001975 -0.36639896476819755 -0.1347993436803483 -0.26487181194061415 -0.2910628745541066 -0.43261232530792526 -1.2978002363603725 -1.8781235562907892 -2.3233716207201605 -2.7383086801024565 -2.841012959339635
-0.34285643657629405 0.09356317978111361 0.2763120548707634 0.3572394955304308 0.22245852163178448 0.2380554465589202 0.27837202608755485 0.2577723139196393 0.13564544892414077 -0.296065661794886 -0.7345452493690856 -1.5900218675423723 -2.1797621987495504 -2.3380857008401 -2.3086575406002208 -2.2277300999405534 -2.1877078020143177 -2.210956048603822 -2.1279686367273634 -1.9796507091183722 -1.9484568592641003 -1.975530766684789 -1.978473582708777 -2.1417998720401066 -2.3039490349618403 -2.3116003566242087 -1.9522825200952845 -1.1603707280401365 -0.18276724487135132 0.890477759077041 1.0711666629498993 0.15418518987526486 -0.7021742731052183 -1.2951517019387833 -1.2736691449636715 -1.0205869669007108 -0.6983486122740343 -0.811647029197569 -0.964084899240143 -1.4999716972083421 -2.5137718174721786 -2.9287088768544747 -3.0420072937780094
-0.7686819152473454 -0.26487181194061415 -0.21484393953281966 -0.5294309724971278 -0.7363109389834781 -0.593878643422463 -0.4502692214518529 -0.4279038196695448 -0.2666375015550071 -0.18953572172652366 -0.5615076671585961 -1.4540637672341306 -1.8625266313636533 -2.015847346213423 -2.1523940097264624 -2.1035432637282634 -2.1144316830170187 -2.1250258207033754 -1.9775907379015807 -1.8507553672677015 -1.8731207690500096 -1.8907776651939372 -1.84869539605091 -1.9102002509522573 -2.061755276187635 -1.921971515048209 -1.5243970702074419 -0.8048785523423967 -0.3272595116491579 0.7918934222734455 0.2821976869187388 -0.5185425532083725 -0.9932187778776234 -1.7627651681504628 -2.0752922298979795 -1.7471682432233269 -1.0197041220935144 -0.8584378039789766 -0.6621519751789826 -0.7042342443220098 -2.0243815126829885 -3.2715469436490667 -3.4172163368364683
-0.8710919128821248 -1.0079328579975626 -1.154485095992161 -1.3907932227183906 -1.398444544380759 -1.2042186867975566 -1.157427912016149 -1.2003930259663722 -0.8028185811256052 -0.2704631623861915 -0.08889141370613718 -0.6524406822998228 -1.2177556405079009 -1.6376954871309766 -1.8692951082188254 -2.0529268281156714 -2.1553368257504504 -2.074409385090783 -1.9004889580730973 -1.791016201980747 -1.7248028414410188 -1.8301556550997862 -1.8272128390757982 -1.9034317740970852 -1.807790253317478 -1.429638394235031 -0.9464280030962153 -0.6486150214686384 -0.8351895573894721 -1.5605937073024931 -1.4746634794020461 -1.1368281998482335 -1.1650792336785174 -1.3663678497192908 -1.9728822322632 -2.547025638543242 -1.6288670390590128 -1.1174056140899133 -0.7286596173211097 -0.8457836950758288 -2.410184693427804 -3.757994432414269 -3.8818869870241604
-0.8858059930020645 -1.4219870725726624 -1.5146857773282816 -1.7336312895129826 -1.8280956838829945 -1.7686508001984387 -1.7842477251255746 -1.8124987589558585 -1.230704031013448 -0.026503713997593437 0.35047101867525843 -0.32137387960118247 -0.9540793247585841 -1.2451238295309888 -1.5909047123495688 -2.057635333754052 -2.2383242376269097 -2.181822169966342 -2.0870634939939308 -1.8116159141486623 -1.624158533420632 -1.3790219586224388 -1.1759676529672727 -1.1182884588971094 -0.9443680318794239 -0.45615485349982876 -0.23161799086955082 0.040003928144533685 -0.10154552260928495 -0.964084899240143 -1.5226313805930491 -0.9140570268323485 0.15624516109205633 0.7206772744929384 0.3369340649649142 -0.8966944122908198 -1.5323426734722092 -2.1847649859903298 -1.645641090395744 -1.3955017283567712 -2.9746168068286862 -4.417185221787562 -4.446319100425042
-0.7189483244419494 -1.085034637826046 -2.0058417717318644 -2.293060615673085 -2.1347371135825353 -1.8154415749798465 -1.6944918363939432 -1.6933147099843482 -1.41521859571749 -1.1300597229930611 -1.2033358419903601 -1.1603707280401365 -1.319282793335484 -1.5040916396419253 -1.5273398862314298 -1.8183843910038344 -2.473749519545943 -2.6047048326134052 -2.5255430815681303 -2.020555851851804 -1.652409567250916 -1.239238197483013 -1.0126413636359435 -0.964084899240143 -0.6739232392749344 0.2810205605091438 1.0720495077570957 0.32398567445936743 0.16801642518800808 -0.12214523477720052 -0.6144783555903786 -0.7198311692491459 -0.6212468324455509 -0.2910628745541066 0.005867262266273876 -0.1671703199442156 -0.9679105600713269 -2.4240159287405474 -2.403416216572632 -2.318368833479381 -3.571419896493435 -4.824176677905091 -4.92894092835906
-0.5488535582554479 -0.989393117046439 -2.042038408826916 -2.2892349548419006 -1.8595838153396653 -1.4678950025468738 -1.2130471348695204 -1.064434925658131 -1.1515422799681732 -1.5138029325210853 -2.124142975896179 -2.318368833479381 -2.210956048603822 -2.118257343848203 -2.226552973530958 -2.451384117763635 -2.6885750892970606 -2.551734144181623 -2.4025333717654354 -1.9902448468047287 -1.5644193681336773 -1.3487109535753632 -1.2880889434812122 -1.185678945846433 -0.8378380918110615 -0.08889141370613718 0.4128587183838026 0.32692849048335537 -0.1474534525834965 -0.29400569057809456 -0.5644504831825841 -0.9278882621450917 -1.1115199820419375 -1.2930917307219918 -1.1259397805594782 -1.0947459307052063 -1.4658350313300823 -2.1835878595807348 -2.514654662279375 -2.240384208843701 -2.4728666747387464 -3.786245466244553 -5.083144488016027
-0.3634561487442096 -0.913174182025152 -1.6203328725894477 -2.0226158230685956 -1.6406383031549645 -1.28132046662604 -1.0361838918278465 -0.7089427499603906 -0.5235453404491519 -0.6650947912029705 -1.2754348345780642 -1.6894890491531638 -2.0214386966590006 -2.1338542687753392 -2.755965576246384 -3.01758192077891 -2.779508104438287 -2.5196574495201545 -2.0791178907291634 -1.696257526008336 -1.1494823087513812 -0.9670277152641309 -0.9014029179292002 -0.6103584131567956 -0.2030726754368679 -0.22867517484556288 0.15035952904408045 0.494080440645869 0.2683664516059956 0.1521252186584734 0.1874390109463282 -0.10360549382607642 -0.005904001829677874 0.018521371169421652 -0.5011799386668438 -1.1524251247753692 -1.912260222169049 -2.5078861854242027 -2.9034006590481787 -2.00701889814146 -2.0429212536341126 -3.596728114299731 -5.1855544856508065
-0.9982215651184028 -1.2636635704821126 -1.231586875820644 -1.598850315614336 -1.7092059165138829 -1.360482217671315 -1.164196388871321 -0.8546121431477922 -0.35933620631062624 -0.3740502864305659 -0.8057613971495932 -0.7607363119825781 -0.9649677440473394 -1.3790219586224388 -2.0137873749966317 -2.8086419830757676 -2.7032891694170003 -2.3995905557414474 -1.9493397040712968 -1.4649521865228858 -1.1494823087513812 -0.989393117046439 -0.8955172858812244 -0.6006471202776353 -0.22955801965275935 -0.197481324991291 0.12593415604498093 0.38166486852953074 0.37783920769834634 0.46671225162278107 0.5576452667640077 0.46082661957480564 0.5496996634992404 0.4540581427196333 -0.06652601192382868 -0.665977636010167 -1.398444544380759 -1.9640537841912362 -2.4990577373522394 -1.8857748779531578 -2.174759411508771 -3.742397507487133 -5.71790990439022
-1.1933302675088013 -1.3663678497192908 -1.306628684432336 -1.49320322035317 -1.6318098550830007 -2.0214386966590006 -1.8166187013894417 -1.1945073939183963 -0.6680376072269585 -0.6494978662758348 -0.9746790369264993 -0.7510250191034178 -0.42672669325994983 -0.8360724021966686 -1.594730373180753 -2.3878192916454957 -2.5020005533762273 -2.2189016518685896 -1.7989618052455143 -1.3866732802848074 -1.2177556405079009 -1.2851461274572242 -1.189504606677617 -1.0029300707567832 -0.6415522630110675 -0.34668209740747846 -0.013849605094445216 -0.0020783409984934664 0.040886772951730155 0.11033723111784477 0.32810561689295037 0.23717260175172372 0.17184208601919204 0.0741405940227935 -0.21690391074961113 -0.5821073793265117 -1.1203484301139013 -1.1515422799681732 -1.3878504066944026 -1.2510094615789644 -1.5576508912785052 -4.1240807457983655 -6.115190067628589
-0.7118855659843786 -1.0508979719477862 -1.4699549737636655 -1.6259242230350248 -2.6123561542757736 -3.0019849958517737 -2.256863978578034 -1.4990888524011456 -1.0108756740215505 -0.9258282909282998 -1.3048629948179433 -1.1203484301139013 -0.7539678351274057 -0.8799203609540887 -1.6406383031549645 -2.0761750747051755 -2.178879353942354 -2.015847346213423 -1.5499995696161366 -1.274551989770868 -1.3028030236011519 -1.3810819298392303 -1.233352565435037 -1.0470723111166018 -0.9346567390002636 -0.5782817184953273 -0.39170718257449355 -0.5020627834740403 -0.5859330401576957 -0.7059999339364027 -0.47469459445095286 -0.30871977069803425 -0.3740502864305659 -0.24898060541107947 -0.542085081400276 -0.8095870579807771 -1.3369396894794117 -1.0155841796599314 -0.4552720086926323 -0.419075371597581 -1.1992158995567772 -3.767705725293429 -6.259976616008794
-0.5526792190866323 -0.8272439541247048 -1.430815520644626 -1.6203328725894477 -2.675920980393913 -3.0528957130667647 -2.220667341482982 -1.6953746812011397 -1.3213427645522757 -1.213929979676717 -1.6376954871309766 -1.4219870725726624 -1.239238197483013 -1.2822033114332365 -1.370193510550475 -1.594730373180753 -1.7248028414410188 -1.725685686248215 -1.3681335393336835 -0.9885102722392425 -1.1465394927273937 -1.1406538606794179 -1.0470723111166018 -1.031475386189466 -0.9014029179292002 -0.8681490968581369 -0.8184155060527409 -1.0773833161636777 -1.3946188835495748 -1.5332255182794055 -1.4784891402332303 -1.2286440597966566 -0.739253755007466 -0.4882315481612971 -0.33402798850433024 -0.5694532704233635 -1.1515422799681732 -1.206278658014348 -0.6759832104917258 -0.54591074223146 -1.2636635704821126 -3.927794916998372 -6.460970950447169
-0.6397865733966746 -0.8466665398830249 -1.6953746812011397 -1.7521710304641063 -2.6847494284658766 -3.079086775680257 -2.2598067946020217 -1.7100887613210791 -1.7050859740802997 -1.8086730981246744 -2.074409385090783 -1.718917209393043 -1.6220985622038406 -1.8701779530260219 -1.9384512847825415 -1.601793131638324 -1.4590665544749102 -1.1494823087513812 -1.1759676529672727 -0.6592091591549947 -0.6592091591549947 -0.742196571031454 -0.986450301022451 -1.0470723111166018 -1.0441294950926143 -1.107400039608354 -1.2277612149894601 -1.6818377274907952 -2.115314527824215 -2.130028607944155 -2.1288514815345594 -2.004076082117472 -1.4346411814758104 -0.6933458250332545 -0.2325008356767473 -0.1436277917523121 -0.8028185811256052 -1.2042186867975566 -0.836955247003865 -0.67009757844375 -1.4884947147147893 -4.275341489431344 -7.113393262965289
-0.7130626923939736 -1.1418309870890129 -1.9169687278074297 -1.7147972669594598 -2.5558540866152057 -2.9189975839753144 -2.127085791920167 -1.8095559429318706 -2.225670128723762 -2.5605625922535866 -2.6856322732730726 -2.4758094907627344 -2.0732322586811875 -1.658295199298892 -1.5108601164970974 -1.505857329256318 -1.2774948057948556 -0.9679105600713269 -0.8019357363184088 -0.836955247003865 -0.36433899355140564 -0.39847565942966545 -0.7354280941762821 -1.0576664488029586 -1.2577779384341368 -1.4502381064029464 -1.6591780441060884 -2.1797621987495504 -2.403416216572632 -2.3937049236934715 -2.3322000687921243 -2.352505499357641 -2.1017775741138705 -1.4414096583309826 -0.8301867701486927 -0.6983486122740343 -1.3369396894794117 -0.7383709102002696 -0.012672478684850219 0.34281969701289006 -0.43673226774150864 -3.8009595463644925 -7.329101677523603
-0.6524406822998228 -0.7304253069355022 -1.0411866790686264 -1.1309425678002576 -1.8448697352197256 -2.047924040874892 -1.4122757796935022 -1.1768504977744692 -1.4590665544749102 -1.7665908289816472 -2.1144316830170187 -2.439612853667683 -2.369279550694372 -1.8751807402668013 -1.2412981686998044 -0.9025800443387952 -1.0226469381175023 -1.3634250336953029 0.4090330575526182 0.14447389699610458 0.40609024152863027 -0.2657546567478106 -0.8272439541247048 -1.3263455517930551 -1.7227428702242273 -1.9640537841912362 -2.270695213890777 -2.421955957523756 -2.191533462845502 -2.1367970847993267 -1.9072574349282694 -1.8183843910038344 -1.8280956838829945 -1.7980789604383178 -1.9337427791441608 -1.6915490203699552 -1.1444795215106018 0.12769984565937342 0.12769984565937342 -0.3437392813834905 -1.0353010470206505 -4.268573012576172 -7.956215772235428
-0.27340597841017944 -0.37905307367134533 -0.8192983508599374 -0.9629077728305475 -1.1924474227016049 -1.2218755829414842 -0.8466665398830249 -0.7333681229594902 -0.7510250191034178 -1.0576664488029586 -1.3242855805762637 -1.6915490203699552 -1.7577623809096834 -1.7374569503441668 -1.402564486814342 -1.2451238295309888 -1.2792604954092486 -1.8701779530260219 -0.9052285787603847 -0.9455451582890189 -1.0744405001396897 -1.0762061897540822 -1.5744249426152364 -2.1114888669930307 -2.2150759910374056 -2.343971332888076 -2.4354929112341 -2.504943369400215 -2.264809581842801 -2.2247872839165654 -1.89254335480833 -1.3916760675255868 -1.278377650602052 -1.6612380153228798 -2.090889154825115 -1.4169842853318828 -0.840780907835049 -0.41112976833281367 -1.5332255182794055 -1.5967903443975444 -1.8095559429318706 -5.060779086233719 -8.889677015044395
