static/data/ASCData/20210131/ASCV/03.asc
ncols 97
nrows 97
xllcorner 99.0
yllcorner 2.0
cellsize 0.25
NODATA_value -32767
[rows 19 to 37 of 97, columns 0 to 42 of 97]
1.791363853603725 1.8460463465843606 1.6409869979069764 1.7981991652263045 1.761942294880448 1.4974454538328077 1.4094779651248288 2.2210969234406774 2.0588325692698777 1.7883919789852118 2.431802833893235 2.512935010978635 1.571445131833777 0.8888055319613843 0.20438280731788394 -0.05060403495051502 0.06084126324371519 0.12443938007988953 0.2326156161937556 0.5363412022057652 0.7942999190926772 0.5384215144387241 0.5081083933298931 0.7755771089960461 0.9476486494079381 0.6623486860307084 0.09888125836067951 -0.04257997348053055 0.7200030536298567 1.5158710764675871 1.9886963282729755 1.8742791554602323 1.4133414021288955 0.3128562308936016 -0.829829559924574 -1.4215297964704745 -1.2224141970301163 -0.6033727139938978 0.22696905441858162 0.43083965324856033 0.5324777652016985 0.410333718380822 0.6097465052830313
1.6594126205417559 1.773829793354499 1.40739765289187 1.5833326303078281 1.8243516618692173 1.6397982480595714 1.1693504959489935 1.5530195091989976 1.644850434911043 1.851692908359535 2.1750328668537287 1.9230178992038423 1.1057523791128196 0.6332243147692824 -0.06308590834826888 -0.15699714629327355 0.1731781238234995 0.3333621657613399 0.32949872875727326 0.34019747738391937 0.4923574578517753 0.7494246123531334 0.7063324303846978 0.9434880249420199 1.1672701837160346 1.1809408069611935 0.5969674444234263 0.1710978115905406 0.7815208582330717 1.549156072194931 1.8187051000940428 1.572633881681182 0.34881591377760657 -1.0310254715978913 -1.661954453108161 -1.1724867034391009 -0.7047136384851846 0.08431907272996675 0.6896899325210262 0.473040272831442 0.4552090251203653 0.5696261979331085 1.0626601971443836
1.492393266981336 1.5851157550789359 1.185695806350814 0.9651827096571637 1.30308485378207 1.4270120253740544 1.1535995604708758 1.2582095470425267 1.3732210947789723 1.4825860807402438 1.5022004532224282 1.2210611143111167 0.8576008484669999 0.4837390214580881 0.06381313786222798 0.06381313786222798 0.34019747738391937 0.5452568260613035 0.6994971187621184 0.6222283786807852 0.6769108716614212 0.9250624023072405 1.020756765023353 1.1946114302063524 1.3372614118949673 1.3304261002723878 0.6272805655322569 -0.0015681037450536728 0.5256424535791191 1.1232864393620452 1.0677123839958553 0.484630583843642 -0.48420054179153404 -1.300574499497003 -1.300574499497003 -0.4996542898078007 0.19071218407272506 0.6917702447539851 0.9524036487975587 0.6956336817580517 0.6222283786807852 0.8302596019766821 1.3069482907861367
1.3860001556385777 1.3304261002723878 0.9904436439145226 0.7580430487468206 0.6272805655322569 0.8029183554863639 1.1476558112338502 1.2894142305369112 1.2278964259336962 1.1322020632175835 1.2151173650740907 1.2582095470425267 0.9895520815289687 0.6896899325210262 0.4483737134977859 0.46412464897590366 0.649569625171103 0.905448029825056 1.0335358258829581 1.1604348720934552 1.2718801702876856 1.3791648440159983 0.998467705384507 1.0501783237466298 1.0284836390314864 0.9993592677700609 0.15653562595982784 -0.40604023932464717 0.28254310978477104 0.6427343135485235 0.3636752868701709 -0.28597650473672953 -1.1412820199447165 -0.8084320626712818 -0.4030683647061344 0.10660813236881284 0.6106380676685852 0.9434880249420199 0.9916323937619276 0.807970542337836 0.8840505325717638 1.114668002968358 1.420176713751475
1.4163132767474083 1.1818323693467474 0.8626530353184716 0.9348695885483327 0.8029183554863639 0.5743811973227291 0.9191186530702149 1.1574629974749424 1.088218318863594 0.9378414631668459 1.0626601971443836 1.241567049178855 1.0168933280192864 0.7161396166257901 0.7327821144894617 0.7482358625057284 0.9357611509338866 1.1830211191941524 1.1223948769764913 1.3702492201604595 1.5372685737208798 1.5304332620982999 1.1488445610812552 0.9669658344282714 0.9455683371749792 0.5030562064784214 -0.4675580439278624 -0.9323592342632658 -0.13351933680702244 0.1369212534776434 -0.292811816359309 -0.9421664205043581 -0.6637017687497078 -0.3296630616288678 -0.03306997470128925 0.318502792668776 0.4944377700847342 0.6457061881670363 0.6427343135485235 0.4837390214580881 0.5607105740775702 0.5999393190419391 0.905448029825056
1.5235979504757204 1.266827983436214 0.8067817924904306 1.0267005142603787 1.443654523237726 1.2142258026885369 0.8225327279685488 0.9836083322919431 0.9024761552065432 0.845118975069246 0.9464598995605327 0.9916323937619276 0.7951914814782306 0.576461509555688 0.5931040074193596 0.6507583750185084 0.8400667882177744 0.9464598995605327 0.8870224071902766 1.1078326913457786 1.3586589091482595 1.3782732816304444 1.2843620436854395 1.1027805044943069 0.626389003146703 0.06470470024778185 -0.9665357923761633 -1.479184164069623 -0.8883754899092764 -0.5837583415117131 -0.9383029835002914 -0.7486973828391743 -0.47052991854637516 -0.16294089553029933 0.08818250973403341 0.10482500759770508 -0.03306997470128925 -0.07408184443676613 -0.19414557902468377 -0.3570043081191858 0.1817965602171867 0.2219168675671095 0.3205831049017349
1.5782804434563564 1.4427629608521721 0.8888055319613843 1.2445389237973679 1.8264319741021762 1.9515478955415655 1.5209232633190592 1.1215033145909374 0.8917774065798971 0.8284764772055744 1.2014467418289319 1.1595433097079013 0.7942999190926772 0.5841883835638213 0.5657627609290419 0.6350074395403902 0.44569902634112424 0.42697621624449367 0.6537302496370212 0.777657421229005 1.066820821610302 1.0647405093773425 1.0053030170070865 0.7550711741283078 0.20527436970343782 -0.5457183463947493 -1.3843813637390645 -1.9704350385097906 -1.8473994293033602 -1.392405425209049 -0.9712907917657836 -0.713629262340723 -0.3834539922239497 -0.09637090407561222 -0.1373827738110891 -0.2497196343908734 -0.7017417638666719 -0.9686161046091222 -1.0797642153415012 -0.5807864668932003 0.1954671834623456 1.1515192482379168 1.3889720302570905
1.5099273272305616 1.557774508588618 1.4044257782733571 1.5794691933037615 2.0490253830287855 2.275779416421313 1.9378772722964066 1.4504898348603055 1.1830211191941524 1.2706914204402806 1.9045922765690628 1.9494675833086066 1.480802955969136 1.1556798727038347 1.0570136353692092 0.9318977139298199 0.6427343135485235 0.6038027560460058 0.845118975069246 0.6849349331314056 0.6674008728821801 0.5188071419565397 0.2650090495355455 0.023692830512305196 -0.3064824396044681 -0.9772345410028094 -1.6812716381284942 -2.462577475335512 -2.4685212245725374 -1.5846857130268277 -0.9264154850262403 -0.5017346020407596 -0.21554307627797598 -0.12282058818037633 -0.26814525702565284 -0.6217983366286772 -1.0669851544818962 -1.4800757264551767 -1.5407019686728383 -0.6482480207334411 0.649569625171103 1.7708579187359863 2.0519972576472987
1.2335429877088702 1.5072526400739004 1.8478294713554684 1.9720538304093034 2.171169429849662 2.268944104798733 1.9886963282729755 1.4582167088684388 1.1642983090975219 1.2843620436854395 2.175924429239282 2.159579118837462 1.644850434911043 1.3928354672611571 1.3966989042652238 1.3304261002723878 1.1194230023579785 0.9639939598097587 0.9173355282991071 0.5072168309443397 0.20051937031381728 -0.1531337092892069 -0.3483858717254986 -0.42060242495535993 -0.6265533360182978 -1.1510892061858087 -1.8952466106614165 -2.6266249542774194 -2.586504646927496 -1.732982256490617 -0.9412748581188044 -0.45002398367863683 -0.2146515138924221 -0.24288432276829397 -0.5525536580173287 -0.9371142336528864 -1.210526698556065 -1.4441160435711717 -1.2241973218012239 -0.3599761827376986 0.49354620769918034 1.036507700501471 1.1488445610812552
1.2180892396926035 1.9661100811722778 2.5578103177181784 2.3890078393866507 2.250221294702103 2.134020997118252 1.8840863417013245 1.4035342158878032 0.9681545842756765 0.8204524157355899 1.6389066856740175 1.5081442024594542 0.9639939598097587 0.5990477566563852 0.6085577554356263 0.7942999190926772 1.0168933280192864 1.0053030170070865 0.7541796117427539 0.1624793751968534 -0.43040961119645216 -0.7947614394261227 -0.8102151874423893 -0.6431958338819694 -0.7085770754892513 -1.1062138994462654 -1.9157525455291549 -2.8902302329395053 -2.883394921316926 -1.8913831736573499 -0.99595735109944 -0.5035177268118673 -0.3257996246248014 -0.4324899234294113 -0.8289379975390201 -1.122856397309937 -1.2087435737849572 -1.1686232664350342 -0.6735089549908 0.1253309424654434 0.5306946404305908 0.37051059849275036 0.1390015657106023
1.0373992628870248 1.9426322716860267 2.6026856244577217 2.2659722301802208 1.6858623046465202 1.4837748305876488 1.5256782627086798 1.43295577461108 1.1839126815797063 0.7072239927702517 1.1907479932022857 1.0784111326225014 0.589240570415293 0.2834346721703249 0.30602091927102215 0.5824052587927135 0.8216411655829949 0.6370877517733491 0.19665593330975062 -0.4295180488108983 -0.7935726895787176 -1.0797642153415012 -1.094326400972214 -0.9626723553720966 -0.8562792440293379 -1.1079970242173731 -1.723472257711376 -2.52706715455724 -2.5954202707830345 -1.4949350995477408 -0.6452761461149283 -0.4743933555504418 -0.4761764803215496 -0.7341351972084613 -1.094326400972214 -1.136527020555096 -0.9323592342632658 -0.5269955362981185 0.09977282074623339 0.6388708765444568 0.35475966301463213 -0.020290913841684244 -0.4752849179359957
0.9708292714323381 1.6828904300280074 2.271618791955395 1.8243516618692173 1.1732139329530602 0.705440867999144 0.7268383652524362 1.292386105155424 1.3919439048756033 0.8528458490773794 0.8263961649726155 0.8772152209491844 0.79727179371119 0.5081083933298931 0.5081083933298931 0.7494246123531334 0.5960758820378724 0.2543103009088994 -0.3385786854844064 -0.7644483183172921 -0.9400861082713992 -0.8738133042785634 -0.9772345410028094 -1.2185507600260497 -1.1941813881542445 -1.1490088939528498 -1.4744291646800025 -2.036707842502626 -2.4390996658492607 -1.365955741104285 0.08818250973403341 0.2727359235436788 -0.14124621081515576 -0.5308589733021851 -0.6922317650874308 -0.660729894131195 -0.2740890062626784 0.37615716026792434 0.8067817924904306 0.5491202630653702 0.2082462443219506 -0.483011791944129 -0.9451382951228711
1.5030920156079821 1.7875004165996584 1.840102597347335 1.457325146482885 0.7874646074700977 0.31761123028322213 0.17704156082756617 0.6448146257814824 1.2697998580547267 1.1556798727038347 1.0480980115136709 1.1839126815797063 1.1271498763661119 0.9583473980345842 0.9553755234160715 0.6038027560460058 0.35178778839611935 -0.11687683894335077 -0.6580552069745336 -0.934439546496225 -0.8845120529052097 -0.7995164388157432 -0.9644554801432041 -1.2066632615519983 -1.3932969875946029 -1.3932969875946029 -1.4860194756922025 -1.8699856764040577 -2.321116243494302 -1.47621228945111 0.044198765380043525 1.0091664540111531 0.5990477566563852 0.15861593819278674 -0.021182476227238123 -0.10023434107967888 0.11849563084286396 0.4816587092251292 0.374374035496817 0.10660813236881284 -0.6286336482512567 -1.324943871368808 -2.4070034199693224
2.03832663440214 1.9066725888020217 1.7687776065030274 1.4787226437361771 0.807970542337836 0.06470470024778185 -0.07794528144083279 0.10096157059363842 0.7042521181517389 1.0531501983651426 1.3556870345297467 1.536377011335326 1.4249317131410955 1.255237672424014 0.8507655368444205 0.4983012070888009 0.04211845314708462 -0.40693180171020105 -0.8084320626712818 -0.9490017321269377 -0.8981826761503686 -0.85211861956342 -1.0164632859671785 -1.1062138994462654 -1.2916588756414646 -1.7243638200969298 -1.9469572290235393 -2.1032778339573133 -2.2390925040233487 -1.479184164069623 -0.16769589491991987 0.7999464808678511 1.069495508766963 0.6302524401507696 0.2765993605477455 0.11641531860990506 0.05311438923558187 -0.08359184321600721 -0.40990367632871383 -1.0328085963689988 -1.7671588146035142 -2.5368743407983323 -3.6177451395514413
2.0930091273827753 1.9993950768996211 1.7191473003738635 1.505172327840941 0.8341230389807488 0.09026282196699231 -0.21851495089648876 -0.07794528144083279 0.0774837611073873 0.38210090950495035 1.1330936256031374 1.7268741743819969 1.5461841975764181 1.114668002968358 0.7101958673887645 0.3693218486453449 -0.10320621569819188 -0.43338148581496494 -0.7564242568473074 -0.8776767412826301 -0.931467671877712 -0.9225520480221736 -0.8580623688004456 -0.9490017321269377 -1.1246395220810448 -1.661954453108161 -2.2780240615258665 -2.449798414475907 -2.3240881181128152 -1.392405425209049 -0.1989005784143043 0.5960758820378724 0.8656249099369844 0.6994971187621184 0.31671966789766826 -0.027126225464263687 -0.28865119189339117 -0.6538945825086155 -1.2438116942834085 -1.9225878571517343 -2.5564887132805167 -3.326798614399037 -3.5758417074304107
1.8956766527135245 2.2092094249666263 1.8626888444480323 1.34023328651348 0.6879068077499184 0.17704156082756617 -0.09845121630857134 -0.126684025184443 -0.23694057353126818 -0.2847877548893245 0.5666543233145958 1.4044257782733571 1.4415742110047671 0.9720180212797431 0.6516499374040619 0.3577315376331449 0.12235906784693062 -0.16769589491991987 -0.4256546118068316 -0.6637017687497078 -0.814078624446456 -0.7555326944617538 -0.5935655277528056 -0.5876217785157798 -0.725219573352923 -1.2476751312874752 -1.9683547262768315 -2.4655493499540246 -2.3707465496234663 -1.2447032566689624 -0.11984871356186355 0.625200253299298 0.9827167699063892 0.8332314765951949 0.4944377700847342 0.10482500759770508 -0.5299674109166312 -1.1032420248277526 -1.6628460154937148 -2.2301768801678103 -2.811178368087065 -3.1345183265812584 -3.2391283131529094
1.7589704202619352 2.3236265977793695 2.1634425558415287 1.480802955969136 0.7999464808678511 0.4046871566056476 0.16634281220092006 0.05192563938817685 -0.1902821420206171 -0.36681149436027805 -0.028909350235371445 0.6486780627855491 0.9229820900742816 0.819560853350036 0.5598190116920163 0.44272715172261146 0.30394060703806325 0.21329843117342273 -0.011375289986145898 -0.2984583781344834 -0.3629480573562114 -0.25061119677642707 -0.2761693184956373 -0.4431886720560574 -0.7585045690802665 -1.1950729505397983 -1.5291116576606383 -1.9205075449187754 -1.9478487914090932 -1.1843742019131522 -0.11004152732077133 0.7452639878872156 1.2513742354199473 1.4056145281207622 1.0900014436347014 0.5170240171854319 -0.25952682063196564 -0.9802064156213222 -1.5505091549139305 -1.9627081645016573 -2.2908031223854715 -2.576994648148255 -2.769274935966034
1.7396532352416019 2.8234959086132236 2.7376087321382037 1.944712583918986 1.1937198678207985 0.6887983701354723 0.29026998379290436 -0.07675653159342777 -0.2877596295078373 -0.5162967876714724 -0.7234364485818152 -0.3171811882311142 0.06381313786222798 0.256984988065561 0.2706556113107199 0.2296437415752428 0.26976404892516603 0.331281853528381 0.13989312809615617 -0.11895715117630967 -0.2663621322545451 -0.3091571267611295 -0.37661868060137027 -0.5154052252859185 -0.8247773730731021 -1.2818516894003724 -1.4744291646800025 -1.3415863692324799 -1.2681810661552135 -0.9733711039987427 -0.3543296209625242 0.4495624633451909 1.1672701837160346 1.5687704446771153 1.4953651415998488 0.8255046025870616 0.03141970452043852 -0.6666736433682205 -1.1941813881542445 -1.5778504014042483 -1.8824675498018113 -2.093470647716221 -2.2762409367547587
1.5521279468134437 2.937913081425967 3.031527131909121 2.2796428534253796 1.456433584097331 0.7639867979838462 0.22102530518155605 -0.23812932337867343 -0.5944570901383592 -1.1139407734543987 -0.8464720577882456 -0.5671158436480415 -0.5855414662828209 -0.4529958582971496 -0.2711171316441656 -0.15491683406031465 0.03141970452043852 0.11641531860990506 0.044198765380043525 -0.025045913231304784 -0.24496463500125287 -0.49579085280373403 -0.6170433372390567 -0.6960952020914974 -0.9900136018624144 -1.5347582194358127 -1.6794885133573865 -1.3766544897309312 -1.2036913869334853 -1.1062138994462654 -1.009627974344599 -0.4693411686989699 0.5170240171854319 1.430875462378121 1.7063682395142585 0.985688644524902 0.3910165333604887 -0.3650283695891703 -1.0464792196141577 -1.4352004197156334 -1.7205003830928631 -1.9558728528790779 -2.1490447030824105
