static/data/ASCData/20210131/ASCV/06.asc
ncols 97
nrows 97
xllcorner 99.0
yllcorner 2.0
cellsize 0.25
NODATA_value -32767
[rows 19 to 37 of 97, columns 43 to 85 of 97]
3.282489138102267 2.7207760746456873 2.252295798010252 1.6300682859647941 0.9739642644222126 0.045110910005353944 -0.7566331480932377 -1.4451659650518691 -1.981109717865337 -2.446115480706196 -2.7457922954884433 -2.965555292995424 -2.77619429119099 -2.581911061510905 -2.5651175781704505 -2.694253674202221 -3.0017481450222654 -3.1219084137513793 -3.2029804022915043 -3.0399677967626104 -2.857266279731115 -2.75969035066675 -2.7350792112884976 -2.798489088039524 -2.5017077014194244 -2.1423850664969426 -1.5357928665270801 -0.813383540071325 -0.3495359484953251 -0.25948813265254356 -0.25167047661474595 -0.38051702983030133 -0.48330472958653115 -0.51139038275936 -0.5533740911104961 -0.5339747224241091 -0.6188107675750254 -0.7233357242285434 -0.8866378725736521 -1.1286956669291675 -1.3397723799497068 -1.616864855067205 -1.8502363649362785
2.8137193186506164 1.8860241354986167 1.2913031909935584 0.32451972765256976 -0.5319479227106061 -1.3377455802362037 -1.9753188615410424 -2.5477450091975666 -2.805438115628678 -3.0408364252112543 -3.0301233410113095 -2.8034113159151746 -2.718575270764258 -2.883614676006655 -3.058498537000353 -3.298529531642365 -3.3387759830962134 -3.3112694155558136 -3.2380150830534866 -3.0729756778110895 -2.861030336341906 -2.781985147515284 -2.5309515258571125 -2.1148784989565432 -1.7888532878987553 -1.4703561900625508 -1.0563099628754848 -1.051677277816049 -1.0534145347133375 -1.0270661384377968 -0.864053532908903 -0.8912705576330877 -0.8591313050332525 -0.8883751294709404 -0.9488895780598193 -1.0418328220647481 -1.1159557830157194 -1.1970277715558442 -1.3299279241984059 -1.4147639693493224 -1.5357928665270801 -1.6316315386941562 -1.7497650077097666
2.0968113057029414 1.4551844249710961 0.49042776134361077 -0.8484182208333075 -1.6600067346832 -2.041913709270431 -2.5242920410841734 -2.8778238196823605 -3.089769161151544 -3.195162746253706 -3.100482245351489 -2.9400755251685275 -3.0573403657354943 -3.2605994227182356 -3.3552799236204525 -3.4696493360252716 -3.4676225363117688 -3.421585228533626 -3.5145284725385553 -3.265521650593886 -2.8346819400663654 -2.5074985577437188 -2.0291738253569824 -1.5826988027538667 -1.258700391409582 -1.154175434756064 -1.2398801083556243 -1.54679549354324 -1.723416611434226 -1.6756420467587954 -1.5389778375054421 -1.3895737443386407 -1.2957618718850676 -1.2859174161337668 -1.3299279241984059 -1.4217129969384759 -1.4987313860515945 -1.6023877142564684 -1.710676727520778 -1.775244775536663 -1.8201239120499464 -1.8826651603523283 -1.9921123448814968
1.6856605066780226 1.2209442866533786 -0.05536044722115796 -1.7312342674720238 -2.217666198712773 -2.5164743850463758 -2.7223393273750496 -2.975399748746725 -3.1334901263999684 -3.2029804022915043 -3.2996877029072245 -3.297660903193721 -3.4236120282471294 -3.5162657294358435 -3.5486945248518933 -3.6648011941540006 -3.6676966223161482 -3.512501672825052 -3.480362420225217 -3.130594698237821 -2.6609562503375264 -2.2263524831992147 -1.855158592811929 -1.4909137300137967 -1.4060776848628804 -1.455879049251814 -1.4998895573164535 -1.7477382079962636 -1.8983004724279238 -1.9423109804925631 -1.9460750371033546 -1.8962736727144207 -1.7937755157744057 -1.7196525548234345 -1.7460009510989751 -1.6353955953049477 -1.6657975910074945 -1.700832271769477 -1.795802315487909 -1.911040356341372 -2.0769483900324133 -2.147307294372593 -2.265440763388203
0.11344301463203044 -0.3318738367062266 -1.4830960739759989 -2.570039806046101 -2.6873046466130672 -2.414844856555005 -2.6209993416998936 -2.941233696433387 -3.0993240740866304 -3.347462267582655 -3.5116330443764077 -3.6540881099540554 -3.690280961980897 -3.753690838731923 -3.8582157953854415 -3.974322464687549 -3.7096803306672843 -3.5536167527275437 -3.160996693940368 -2.7938564029800883 -2.4617507927817917 -2.095479130270156 -1.8650030485632298 -1.775244775536663 -1.690119187569532 -1.6238138826563584 -1.6678243907209975 -1.6550845068075495 -1.7674271194988653 -1.9032227003035742 -2.0584176497946705 -2.097505929983659 -2.1930550593345206 -2.1198007268321937 -2.084766046070211 -1.9744502330923983 -1.857185392525432 -1.8308369962498914 -1.837786023839045 -1.953024064692508 -2.1287765541348502 -2.268336191550351 -2.386469660565961
-0.8348097084712152 -1.3377455802362037 -2.07492159031891 -2.3580944645769177 -2.118063469934905 -1.8279415680877442 -2.6082594577864455 -2.9284938125199385 -3.213693486491449 -3.529005613349292 -3.661037137543209 -3.8278137996828945 -3.8726929361961777 -4.01051531671439 -4.154128553556896 -3.9088857882230195 -3.6433750257541107 -3.2487281672534314 -2.795593659877377 -2.548613637646211 -2.3357996677283834 -2.097505929983659 -2.034964681681277 -1.9373887526169127 -1.921753440541317 -1.855158592811929 -1.804488599974351 -1.7410787232233247 -1.7790088321474544 -1.8768743040280338 -2.044809137432578 -2.2037681435344654 -2.3494081800904754 -2.384442860852458 -2.3494081800904754 -2.3719925197552247 -2.2634139636747004 -2.1539667791455317 -2.0789751897459166 -2.1198007268321937 -2.185237403296723 -2.332904239566236 -2.5202384416571673
1.063722537448779 0.594952717997129 0.01384028585416286 -0.24095739241480074 -0.645159163850566 -2.042782337719075 -2.881587876293152 -3.1696829784268097 -3.427376084857921 -3.6746456499053015 -3.7232888430293762 -3.896145904309571 -3.9957486330874388 -4.122857929405706 -3.987062348600997 -3.6549567384026997 -3.226433370404897 -2.821073427704273 -2.6198411704350346 -2.424689312306306 -2.300475444150186 -2.2185348271614167 -2.1551249504103906 -2.099532729697162 -2.1131412420592546 -2.1325406107456417 -2.084766046070211 -2.0807124466432048 -2.085634674518855 -2.1522295222482435 -2.289762359950241 -2.3873382890146053 -2.4637775924952945 -2.5242920410841734 -2.5593267218461557 -2.6111548859485927 -2.6053640296242984 -2.5173430134950197 -2.448142280419699 -2.446115480706196 -2.497943644808633 -2.464646220943939 -2.633449682797127
1.9963399484764293 1.6066153178514009 0.9172138724441252 0.3028040164364647 -1.0134576260757044 -2.5242920410841734 -3.1502836097404225 -3.347462267582655 -3.531032413062795 -3.7331332987806776 -3.832736027558545 -3.9763492644010516 -3.9401564123742103 -3.8582157953854415 -3.661037137543209 -3.3630975796582505 -2.9675820927089274 -2.68440921845092 -2.568013006332598 -2.4811501614681784 -2.4119494283928575 -2.365043492166071 -2.2732584194260013 -2.229247911361362 -2.25849173579905 -2.2996068157015417 -2.3688075487768625 -2.424689312306306 -2.4440886809926927 -2.5416646100570572 -2.6267901980241883 -2.7038085871373068 -2.8045694871800335 -2.8219420561529174 -2.8152825713799787 -2.8103603435043283 -2.808333543790825 -2.811228971952972 -2.830917883455574 -2.811228971952972 -2.5622221500083033 -2.383574232403814 -2.3641748637174267
1.063722537448779 0.9991544894328941 0.35289492364161346 -0.7624240044175322 -2.0291738253569824 -2.8844833044552995 -3.17460520630246 -3.346593639134011 -3.6442436542027545 -3.87587790717454 -3.9442100118012164 -3.908017159774375 -3.7351600984941804 -3.6306351418406626 -3.489917333160303 -3.3219824997557588 -3.1248038419135264 -2.9186493567686376 -2.7292883549642033 -2.50083907297078 -2.298738187252898 -2.2440145949883132 -2.2419877952748104 -2.2946845878258912 -2.3670702918795743 -2.4695684488195893 -2.5758306623703957 -2.652269965851085 -2.7625857788288974 -2.923571584644288 -3.0165148286492167 -3.142465953702625 -3.1667875502646625 -3.119012985589232 -3.09440184621098 -3.111195329551434 -3.119881614037876 -3.1120639580000784 -3.0544449375733467 -2.8581349081797587 -2.53876918189491 -2.340721895604034 -2.241119166826166
0.19943723104780586 0.030344226378402617 -0.4919910140729731 -1.8893246451252672 -2.8161511998286226 -3.0993240740866304 -3.297660903193721 -3.4948395610359535 -3.7371868982076837 -3.9129393876500256 -3.977217892849696 -3.9158348158121727 -3.677541078067449 -3.5660670938247776 -3.543772296976243 -3.5104748731115487 -3.479204248960358 -3.337617811831354 -3.0836887620110347 -2.7654812069910446 -2.499680901705921 -2.3250865835284382 -2.3386950958905306 -2.4684102775547303 -2.5963882023216414 -2.736237382553357 -2.8650839357689124 -3.0037749447357687 -3.1647607505511592 -3.252781766680438 -3.3688884359825453 -3.431429684284927 -3.4071080877228894 -3.392341404095938 -3.360202151496103 -3.308373987393666 -3.2750765635289723 -3.297660903193721 -3.2252751991400386 -2.9791638053575165 -2.7223393273750496 -2.437429196219754 -2.0778170184810576
-0.29075875680373464 -1.1092962982427805 -1.7448427798341162 -2.8424995961041635 -2.995957288697971 -3.249886338518291 -3.515397100987199 -3.742977754531978 -3.8524249390611467 -3.974322464687549 -3.9421832120877136 -3.801465403407354 -3.5680938935382804 -3.5565121808896913 -3.619053429192073 -3.7878568910452617 -3.794805918634415 -3.6100776018894165 -3.285789647728917 -2.911989871995699 -2.707862186564313 -2.666747106661821 -2.7947250314287326 -2.9227029561956437 -3.0631312220597886 -3.1922673180915586 -3.3025831310693716 -3.431429684284927 -3.54174549726274 -3.6520613102405526 -3.7664307226453713 -3.728211070905027 -3.717497986705082 -3.6676966223161482 -3.6413482260406074 -3.7096803306672843 -3.7730902074183104 -3.8385268838828397 -3.8697975080340306 -3.7264738140077385 -3.506710816500757 -3.2313555982805475 -2.891432332044453
-1.2526199922690726 -2.27991790419894 -2.931389240682086 -3.1549162947998584 -3.2174575431022405 -3.4363519121605774 -3.6425063973054663 -3.7478999824076284 -3.842580483309846 -3.886590991374485 -3.836789626985551 -3.691149590429541 -3.522346128576353 -3.5055526452358983 -3.522346128576353 -3.68738553381875 -3.7652725513805128 -3.6013913174029746 -3.3199557000422555 -2.983217404784523 -2.868847992379704 -2.9976945455952593 -3.1511522381890673 -3.3132962152693164 -3.4557512808469646 -3.5692520648031394 -3.6726188501917987 -3.770194779256163 -3.8825373919474786 -4.018332972752187 -4.083769649216717 -4.063212109265471 -4.096509533130165 -4.0661075374276185 -4.15123312539475 -4.252573111069905 -4.2155116305944205 -4.234042370832163 -4.326985614837092 -4.246782254745611 -4.060316681103323 -3.814205287320802 -3.3972636319715885
-2.632581054348483 -3.272181135366825 -3.3836551196094966 -3.145361381864772 -3.0828201335623904 -3.2733393066316836 -3.4322983127335713 -3.5388500691005924 -3.742977754531978 -3.782066034720967 -3.763535294483224 -3.665669822602645 -3.512501672825052 -3.459804880273971 -3.447933624809167 -3.382496948344637 -3.4586467090091118 -3.3952368322580857 -3.167656178713307 -3.1082999013892865 -3.149125438475564 -3.337617811831354 -3.5261101851871444 -3.689122790716038 -3.778012435293961 -3.8903550479852766 -3.8825373919474786 -3.955791724449806 -4.002697660676592 -4.107222617330111 -4.168605694367633 -4.1862678061567316 -4.210589402718769 -4.2574953389455565 -4.342620926912687 -4.330749671447883 -4.2858705349346 -4.336830070588393 -4.329012414550595 -4.1862678061567316 -3.884564191660982 -3.5573808093383352 -2.6276588264728327
-3.07789790568674 -3.3425400397070044 -3.0417050536598986 -2.944129124595534 -2.94326049614689 -3.0408364252112543 -3.200953602578001 -3.496866360749457 -3.700994046180842 -3.792779118920912 -3.7985699752452065 -3.711707130380787 -3.581702405900373 -3.493970932587309 -3.393210032544583 -3.326904727631409 -3.306347187680163 -3.243805939377781 -3.240910511215634 -3.2771033632424755 -3.486153276549511 -3.6923077616944004 -3.8651648229745947 -3.936392355763419 -4.025282000341342 -3.9890891483145 -3.980113321011843 -3.9314701278877684 -3.9430518405363575 -3.997775432800942 -4.035995084541287 -4.038890512703434 -4.008488517000886 -4.055394453227674 -4.067265708692478 -4.055394453227674 -4.048734968454735 -4.0924559337031585 -3.926547900012118 -3.711707130380787 -3.2936073037667146 -2.725234755537197 -1.7966709439365531
-2.768376635153192 -2.7428968673262957 -2.6560340224618764 -2.854370851568967 -2.94326049614689 -2.993930488984468 -3.274207935080328 -3.570989321700428 -3.7644039229318684 -3.8738511074610367 -3.8883282482717734 -3.780907863456108 -3.7096803306672843 -3.614999829765067 -3.513370301273696 -3.4919441328738063 -3.47138659292256 -3.5104748731115487 -3.521187957311494 -3.605155374013766 -3.821154314909956 -4.006751260103599 -4.114171644919264 -4.148337697232602 -4.110986673940902 -4.0750833647302755 -3.9754806359524077 -3.905990360060872 -3.8405536835963425 -3.845475911471993 -3.8249183715207473 -3.750795410569776 -3.7096803306672843 -3.6734874786404426 -3.6853587341052467 -3.6121044016029193 -3.6306351418406626 -3.543772296976243 -3.3434086681556487 -3.0017481450222654 -2.2440145949883132 -1.6892505591208877 -1.165757147404653
-2.3065558432906954 -2.4918632456681236 -2.740001439164148 -2.871743420541851 -2.9499199809198284 -3.170551606875454 -3.4676225363117688 -3.738055526656328 -3.895277275860927 -3.9442100118012164 -3.936392355763419 -3.8767465356231843 -3.896145904309571 -3.819996143645097 -3.845475911471993 -3.8307092278450416 -3.8590844238340853 -3.908017159774375 -3.9676629799146097 -4.073056565016772 -4.193216833745886 -4.303532646723698 -4.38257783555032 -4.350438582950485 -4.314245730923643 -4.221592029734929 -4.102300389454459 -3.9549230960011617 -3.8512667677962877 -3.7293692421698856 -3.6346887412676687 -3.5660670938247776 -3.4392473403227246 -3.382496948344637 -3.2869478189937764 -3.1989268028644977 -3.0330187691734567 -2.9079362725686924 -2.6696425348239687 -1.911040356341372 -1.0007177421622564 -0.48127792987302787 -0.0672317026859619
-1.9979032012057916 -2.330877439852733 -2.659798079072668 -2.955710837244123 -3.213693486491449 -3.4166630006579757 -3.703020845894345 -3.9890891483145 -4.101431761005816 -4.0750833647302755 -4.040917312416937 -4.063212109265471 -4.067265708692478 -4.118804329978699 -4.208852145821481 -4.275157450734655 -4.314245730923643 -4.3611516671504305 -4.396186347912412 -4.479285136166041 -4.571070208906111 -4.657933053770529 -4.637375513819284 -4.591627748857356 -4.508528960603728 -4.4002399473394185 -4.296583619134545 -4.154997182005541 -3.9520276678390145 -3.770194779256163 -3.6433750257541107 -3.4664643650469094 -3.253650395129082 -3.0428632249247576 -2.911989871995699 -2.739132810715504 -2.5338469540192596 -2.2361969389505156 -1.750633636158411 -0.8298874805955647 -0.08460427165884576 0.40935577280348623 0.40732897308998295
-1.9860319457409874 -2.4012363441929123 -2.8807192478445076 -3.252781766680438 -3.480362420225217 -3.7438463829806223 -4.009646688265746 -4.170632494081136 -4.1990076900701805 -4.173527922243284 -4.184241006443229 -4.227382886059225 -4.2928195625237535 -4.426588343614959 -4.54472181263057 -4.651273568997591 -4.7575357825483975 -4.824130630277786 -4.84642542712632 -4.927497415666444 -4.963690267693286 -4.966585695855434 -4.881749650704517 -4.765353438586195 -4.665750709808327 -4.622898373008548 -4.600314033343798 -4.512582560030735 -4.337698699037037 -4.0915873052545155 -3.7244470142942356 -3.431429684284927 -3.1334901263999684 -2.8621885076067652 -2.6062326580729422 -2.3357996677283834 -2.0094849138543807 -1.5525863498675345 -0.9674203182975621 -0.16393900330168232 0.7180084148883901 1.0559048814109815 0.5353068978568944
-2.0152757701786754 -2.4655148493925827 -2.9499199809198284 -3.365993007820398 -3.703020845894345 -4.03194148511428 -4.249677682907759 -4.336830070588393 -4.371864751350375 -4.426588343614959 -4.455832168052647 -4.482180564328187 -4.606104889668092 -4.726265158397206 -4.8776960512775105 -5.032022372319963 -5.140311385584273 -5.188375493075918 -5.237018686199993 -5.2868200505889265 -5.220514745675754 -5.139442757135628 -5.01349163208222 -4.906071247266555 -4.869878395239713 -4.869878395239713 -4.785042350088797 -4.501869475830789 -4.174686093508143 -3.7322646703320332 -3.410003515885037 -3.104246301962281 -2.749845894915449 -2.4753593051438836 -2.2547276791882584 -2.014407141730031 -1.6892505591208877 -1.1463577787182662 -0.6101244830885835 0.20928168679910653 1.2452658832154158 1.472846536760195 0.6624161941751616
