static/data/ASCData/20210131/ASCV/09.asc
ncols 97
nrows 97
xllcorner 99.0
yllcorner 2.0
cellsize 0.25
NODATA_value -32767
[rows 76 to 94 of 97, columns 0 to 42 of 97]
-1.5812761447253316 -2.272784979014926 -2.56656731005425 -2.524865157131295 -2.3216449641560004 -2.4700921801578617 -2.3421848305210373 -2.298304206923003 -1.7406157141025917 -1.3148803021727244 -1.140913858262786 -1.115394630354709 -1.205334348225858 -1.4496342739312278 -1.7474623362242712 -2.0365765158169955 -2.3851318238297523 -2.6652209106257176 -3.0296479335569124 -3.3978094776453873 -3.877384236259368 -4.492646596921172 -5.120357361440575 -5.744333604802697 -6.096001013779854 -6.323495594277466 -6.473810070857967 -6.545077182942719 -6.5883353863478735 -6.496528407898085 -6.475988541533047 -6.518935534841762 -6.567795519982836 -6.658357658046865 -6.647776514767906 -6.4787894324010065 -6.378268571250899 -7.057951421875775 -7.289491733627107 -7.083159439687412 -6.864689951986559 -6.7875098480694485 -6.768837242283051
-2.039377406684955 -2.477872432568861 -2.9154338281634464 -2.8118008660489395 -2.611692774038044 -2.545093813399893 -2.4134519426057888 -1.6603235092210817 -1.0531526110667166 -0.8605135613703805 -0.6681857217704843 -0.7307389511549165 -1.115394630354709 -1.3702756993390377 -1.9220512003270893 -2.222991363584532 -2.56283278889697 -2.8363864636676963 -3.13110242499634 -3.5079778517851334 -3.971992105577116 -4.552087725341204 -5.175130338414007 -5.588106136389837 -5.935727814113274 -6.132101384966889 -6.316648972155787 -6.483768793944046 -6.499329298766044 -6.434908808802972 -6.511155282430763 -6.558770427186077 -6.674229372965303 -6.761990620161372 -6.6975701301983 -6.563749788729116 -6.522670055999042 -7.0305649333890585 -7.25992677446531 -7.318745482692463 -7.1018320454738095 -6.930977702528271 -6.9163508279955925
-2.1087772581910667 -2.453286834950104 -2.735554392421149 -2.632232640403082 -2.8871137093874104 -2.8195811184599386 -2.569679411018649 -1.731901831402273 -1.0335463749909992 -0.5922504582391337 -0.13788371743678984 -0.27077042861665335 -0.7668393223419521 -1.487601905696903 -2.039377406684955 -2.4134519426057888 -2.774766864572584 -3.104649566798943 -3.341169240093314 -3.69843843080639 -4.084338950391942 -4.645761964369633 -5.07647673784254 -5.489452535818369 -5.821513708719808 -6.021933010827143 -6.2649880961467534 -6.460116826614609 -6.488436945390646 -6.513956173298722 -6.590202646926513 -6.731803240806696 -6.847884606778801 -6.93782432464995 -6.85971059044352 -6.705350382609299 -6.566861889693516 -6.988551570369664 -7.155671392157923 -7.244366269643312 -7.228805764821314 -7.057951421875775 -7.1379324166608455
-1.6117747341764477 -1.9320099234131682 -1.9279641921594486 -2.0343980451419155 -2.462311927746863 -2.748314006375187 -2.466980079193462 -2.231705246284851 -1.5881227668470106 -0.7590590699309531 -0.15748995351250739 -0.338303019544125 -1.067779485599395 -1.7521304876708705 -1.9447695373672067 -2.24166396937093 -2.883067978133691 -3.327475995849956 -3.6302834196860383 -3.9181527588930027 -4.246479410637162 -4.644828334080313 -5.040376366655504 -5.3354035380805875 -5.664352610017628 -5.983654168965028 -6.216128111005679 -6.4504693136249704 -6.560015267571837 -6.628170278692188 -6.7308696105173755 -6.895810961630555 -7.134197895503566 -7.243432639353992 -7.170298266690601 -6.942803686192989 -6.512088912720083 -6.85784332986488 -7.027764042521099 -7.219158251831675 -7.255258623018711 -7.25805951388667 -7.355779484168818
-0.5589509779200578 -0.7746195747529512 -0.8421521656804228 -1.2638418463565708 -2.0617845336286322 -2.3577453353430355 -2.048091289385274 -1.9649981936358043 -1.8968431825154526 -1.2240069540122556 -0.8371728041373834 -0.9037717647755352 -1.3478685723953603 -1.2405010891235737 -1.3715205397247974 -2.0988185351049875 -2.9387745853964438 -3.496463078216855 -3.8409726549758925 -4.126352313411337 -4.409553501171702 -4.709248824043385 -4.925228630972718 -5.1975374653576845 -5.534577999802163 -5.877220315982561 -6.13116775467757 -6.420281934270294 -6.515823433877362 -6.677030263833262 -6.8734038346868775 -7.149758400325564 -7.405573099599212 -7.58514132524507 -7.549040954058034 -7.094985423352131 -6.53449603966376 -6.7784847552726895 -7.09809752431653 -7.327459365392782 -7.340218979346821 -7.3470656014685 -7.455366715029606
0.15994434485625342 0.26824545841736014 -0.08435558084911632 -0.6087445933504516 -0.9874872807178848 -0.8860327892784574 -0.70241883237888 -0.9797070283068858 -1.1468268500951453 -1.3556488248063594 -1.4788880229965842 -1.6839754765505188 -1.6799297452967994 -1.311768201208325 -1.3568936651921193 -2.1965385053871356 -3.1790287798480943 -3.730804280836146 -3.885164488670367 -4.1898391730850895 -4.51194162290045 -4.67408208314567 -4.867343553034885 -5.1262703532729335 -5.427210516530376 -5.738731823066778 -6.002326774751426 -6.259075104314394 -6.466963448736288 -6.706284012898618 -6.995398192491343 -7.293226254784386 -7.571448081001711 -7.768755282144648 -7.752261147033329 -7.248412000897032 -6.4719428102793275 -6.490615416065725 -7.039278816089378 -7.414286982299531 -7.432025957796609 -7.530679558368076 -7.6526739161725414
-0.00997636779996558 0.3522721844561496 0.5094332831583304 0.7232346194125838 0.9361023253775174 0.875727566668165 0.36409816812086815 -0.36351103735576196 -0.7699514233063518 -1.1788814900284612 -1.131266345273147 -1.5990151202224094 -1.9631309330571645 -1.6702822323071604 -1.2473477112452527 -1.4788880229965842 -2.3655255877540347 -3.5023760700492144 -4.040458326793908 -4.155606062476694 -4.50229410991081 -4.722942068286743 -4.9056223948970015 -5.096082973918257 -5.336337168369908 -5.615492624876553 -5.841119944795525 -6.074527517125497 -6.359595965464502 -6.619456395991869 -6.968945334293946 -7.3732072495694565 -7.727986759511013 -7.924049120268188 -7.921248229400229 -7.578294703123391 -6.833257732246123 -6.723089358106376 -7.154737761868603 -7.379120241401815 -7.388145334198574 -7.474039320816003 -7.536592550200436
-0.33332365800108565 -0.19950331653190223 0.032970625508749185 0.4920055177576923 1.1296750053631737 1.1520821323068509 0.7282139809556232 0.2508176930167223 -0.34110391041208465 -0.9162201686331337 -0.3361245488690453 -0.4621646379272297 -0.8801197974460981 -0.9417393965412105 -0.7453658256875948 -0.8879000498570971 -1.496315788397222 -2.611692774038044 -3.94180472622244 -4.2639071760378 -4.557067086884244 -4.815682677025852 -4.965063523317033 -5.115689209993975 -5.285609922650194 -5.507191511315447 -5.71912558699106 -5.994546522340427 -6.240402498527996 -6.592069907505152 -6.968011704004626 -7.299139246616745 -7.597900939199109 -7.798009031210004 -7.83442061249348 -7.820727368250121 -7.3439535005040995 -7.130152164249846 -7.306919499027744 -7.595100048331148 -7.807967754296082 -7.807967754296082 -7.497380078049001
-0.5032443706573047 -0.4086365013395563 -0.4123710224968359 -0.4269978970295141 0.21067159057596707 0.8433617166384091 0.7282139809556232 0.3737456811105071 -0.39587688738551796 -0.7609263305095928 -0.11454296020379273 -0.34110391041208465 -0.897858772943176 -1.02576612258 -1.0304342740265995 -1.1213076221870684 -1.180126330414221 -2.139898267835062 -4.050105839783546 -4.5909889873962 -4.801989432782493 -5.017969239711827 -5.167350086003009 -5.23861719808776 -5.3715039092676236 -5.467979039164011 -5.653771466738669 -5.819646448141168 -6.0558549113390985 -6.428062186681293 -6.836369833210522 -7.185858771512599 -7.441673470786248 -7.613461444021106 -7.658586908004901 -7.692820018613297 -7.699666640734976 -7.540327071357716 -7.705268422470895 -7.8979074721672315 -8.051022839615692 -7.74448089462233 -7.34301987021478
-0.6927713193892413 -0.5813581048637351 -0.6681857217704843 -0.8517996786700617 -0.9604120023276081 -0.3460832719551241 0.14718473090221496 -0.12419047319343146 -0.26392380649497427 -0.3236761450114468 -0.34110391041208465 -0.8421521656804228 -1.3049215790866457 -1.3245278151623632 -1.3039879487973258 -1.092987503411032 -1.2230733237229359 -2.469158549868542 -4.467127369013095 -4.952303909362995 -5.0833233599642185 -5.259157064452797 -5.3410053198165075 -5.409471541033299 -5.436858029520016 -5.518706284883725 -5.617359885455193 -5.669331971560666 -5.8703736938608815 -6.182828630686603 -6.592069907505152 -7.033365824257018 -7.293226254784386 -7.412419721720891 -7.475906581394644 -7.478707472262603 -7.751327516744009 -7.719895297003573 -7.971041844830622 -8.144697078644121 -8.115443329578763 -7.799253871595764 -7.235652386942993
-0.8458866868377024 -0.6918376890999214 -0.7014852020895601 -0.994333902839564 -1.1359344967197464 -1.3136354617869646 -0.8458866868377024 -0.1674486765985862 0.11793098183685857 0.196044716043289 -0.5178712451899828 -0.9604120023276081 -1.0587543928026362 -1.1116601091974296 -1.4835561744431836 -1.2990085872542865 -1.4748422917428647 -2.855681489646974 -5.007076886336428 -5.348785572227507 -5.4259656761446164 -5.467045408874692 -5.549204874334841 -5.617359885455193 -5.646924844616989 -5.595886388800836 -5.64101185278463 -5.593085497932876 -5.668398341271347 -5.940707175656313 -6.313848081287827 -6.753276737461053 -7.1086786675954885 -7.235652386942993 -7.396859216898894 -7.405573099599212 -7.881102126959473 -7.74821541577961 -8.085255950224088 -8.189822542627915 -8.163369684430519 -7.83442061249348 -7.276732119673068
-1.3400883199843614 -0.9993132643826034 -0.5676648606203767 -0.8175665680616658 -1.2650866867423305 -1.4427876518095486 -1.148694110673785 -0.32460977530076673 0.180484211221291 0.17457121938893172 -0.6498243260805265 -1.0802278894569934 -1.0901866125430721 -1.02576612258 -1.3976621878257542 -1.5187229153408992 -1.6320033904450453 -3.222909403446129 -5.4994112589044475 -5.72597220911274 -5.659373248474588 -5.694539989372304 -5.752113857213696 -5.819646448141168 -5.858858920292604 -5.790392699075812 -5.734686091813058 -5.653771466738669 -5.647858474906309 -5.789459068786492 -6.159487873453606 -6.520802795420401 -6.876204725554838 -7.167186165726202 -7.353912223590179 -7.549040954058034 -7.83442061249348 -7.250279261475671 -8.169282676262878 -8.244595519601349 -8.141896187776162 -7.812947115839122 -7.465014228019244
-2.047157659095954 -1.6799297452967994 -0.962279262906248 -0.48083724371362746 -0.9691258850279272 -1.35004704307044 -1.1253533534407878 -0.4319772585725534 -0.14006218811186955 -0.27170405890597327 -1.0746261077210741 -1.6067953726334083 -1.3547151945170395 -1.181993590992861 -1.0960996043754314 -1.2171603318905766 -1.8959095522261327 -3.5929382081132433 -5.7561595884674155 -5.88406693810424 -5.8059532038978094 -5.892780820804559 -5.9347941838239535 -5.997347413208386 -6.0297132632381425 -6.033447784395421 -5.973073025686069 -5.8420535750848455 -5.852012298170924 -5.9154991578446765 -6.158554243164287 -6.512088912720083 -6.861577851022159 -7.174032787847881 -7.349866492336459 -7.708380523435295 -7.189904502766319 -5.873485794825282 -7.479952312648363 -8.38993063463881 -8.224055653236311 -8.07467480694513 -7.8527820081834365
-1.877236946439735 -2.3655255877540347 -1.6575226183531222 -0.8147656771937062 -0.6613390996488051 -0.9974460038039636 -0.8558454099237811 -0.21506382135390023 0.16087797514557334 -0.07252959718439778 -0.9544990104952489 -1.285315343010928 -1.10761437794371 -0.986553650428565 -0.7755532050422711 -1.1048134870757504 -2.217078371752173 -3.7052850529280694 -5.650659365774269 -5.901805913601318 -5.955334050188991 -6.010107027162425 -6.096001013779854 -6.1937209840620016 -6.275569239425712 -6.272768348557752 -6.252228482192715 -6.04714102863878 -6.102847635901533 -6.103781266190853 -6.330342216399145 -6.53262877908512 -6.853797598611161 -7.205465007588317 -7.415220612588851 -7.441673470786248 -6.424016455427574 -5.036330635401785 -7.1018320454738095 -8.144697078644121 -7.856827739437157 -7.722073767678653 -7.9884696102312605
-1.1390465976841462 -2.5706130413079693 -2.297059366537243 -1.4259823066017907 -0.9280461522978523 -0.8819870580247379 -0.7248259593225573 -0.09400309383875527 0.5729201428320825 0.5943936394864398 -0.22191044347557942 -0.5384111115550203 -0.7453658256875948 -1.0802278894569934 -1.2834480824322883 -1.6214222471660866 -2.555052536485971 -3.6632716899086746 -5.6917390985043435 -5.954400419899671 -5.975873916554029 -6.096934644069174 -6.178160479240004 -6.2933082149227895 -6.412501681859295 -6.4289958169706125 -6.495283567512325 -6.386048823661898 -6.434908808802972 -6.401609328483896 -6.529516678120721 -6.713130635020297 -6.981704948247985 -7.285446002373387 -7.3439535005040995 -7.0442581776324165 -6.466963448736288 -5.818712817851848 -7.029631303099738 -7.26303887542971 -7.049237539175456 -7.127351273381887 -7.50422670017068
-0.35479715465544304 -1.311768201208325 -1.51312113360498 -1.520901386015979 -1.2719333088640097 -0.962279262906248 -0.5773123736100155 0.012430759143711612 0.6989602318902668 0.8455401873134887 -0.07937621930607697 -0.7727523141743113 -1.0385257365340386 -1.3089673103403652 -1.5090754023512605 -1.8283769612986611 -2.56283278889697 -3.479657733009097 -5.683025215804025 -5.947553797777992 -5.896826552058278 -6.178160479240004 -6.2864615928011105 -6.3938290760728975 -6.572463671429435 -6.61167614358087 -6.6076304123271505 -6.638129001778267 -6.6935243989445805 -6.785331377394368 -6.821742958677844 -6.986684309791024 -7.172165527269241 -7.295093515363026 -7.226004873953355 -6.806804874048726 -6.194654614351322 -6.518935534841762 -7.2160461508672755 -7.116458920006488 -6.881184087097877 -6.806804874048726 -6.93875795493927
-0.6644512006132048 -0.7444321953982749 -0.6283508294261693 -1.0002468946719234 -1.3861474142574757 -1.181993590992861 -0.7033524626682 -0.18581007228854385 -0.04825520966208097 0.027057633676389914 -0.34017028012276485 -0.49639774853562557 -0.896925142653856 -1.5734958923143325 -1.9886501609652412 -2.363658327175395 -2.9484220983860827 -3.1927220240914527 -5.23861719808776 -6.080440508957856 -5.939773545366993 -6.032514154106102 -6.168201756153925 -6.334387947652864 -6.551923805064398 -6.6574240277575445 -6.717176366274018 -6.865623582275879 -6.7738166038260905 -6.880250456808557 -6.983572208826624 -7.18305788064464 -7.353912223590179 -7.351733752915099 -7.17714488881228 -6.765102721125771 -6.259075104314394 -6.758256099004092 -7.340218979346821 -7.25805951388667 -6.919151718863552 -6.763857880740011 -6.758256099004092
-1.0463059889450377 -0.7453658256875948 -0.5041780009466246 -0.6261723587510895 -1.0491068798129972 -1.3372874291164016 -1.0696467461780348 -0.8900785205321768 -0.7982715420823883 -0.48768386583530654 -0.14473033955846892 -0.17989708045618458 -0.9887321211036447 -1.6547217274851624 -2.062718163917952 -2.4084725810627496 -2.914500197874127 -2.994481192659197 -4.364428037187908 -5.649725735484949 -5.922034569869916 -5.9652927732750705 -6.088220761368855 -6.192787353772682 -6.352749343342822 -6.500262929055364 -6.560015267571837 -6.745496485050054 -6.795290100480448 -6.8519303380325205 -7.045191807921737 -7.221959142699635 -7.355779484168818 -7.364493366869137 -7.163451644568922 -6.766969981704411 -6.597982899337512 -6.93969158522859 -7.406506729888532 -7.533480449236037 -7.1780785191016 -6.798090991348407 -6.714997895598938
-1.5062745114833007 -1.173279708292542 -0.8156993074830261 -0.8069854247827072 -1.0960996043754314 -1.4446549123881884 -2.2074308587625344 -2.1321180154240635 -1.5803425144360117 -0.9681922547386073 -0.18581007228854385 0.19977923720056845 -0.7161120766222384 -1.6077290029227282 -1.9945631527976004 -2.182845261143777 -2.6683330115901174 -2.9132553574883673 -3.8724048747163287 -4.740681043783821 -5.88313330781492 -6.003260405040745 -5.937906284788354 -6.0206881704413835 -6.018820909862743 -6.1009803753228935 -6.221107472548718 -6.391028185204937 -6.6235021272455885 -6.745496485050054 -6.93689069436063 -7.0803585488194525 -7.205465007588317 -7.199552015755958 -7.026519202135339 -6.900790323173594 -6.898611852498515 -7.210133159034917 -7.527567457403677 -7.572692921387471 -7.240631748486033 -6.864689951986559 -6.670183641711583
