static/data/ASCData/20210131/ASCV/12.asc
ncols 97
nrows 97
xllcorner 99.0
yllcorner 2.0
cellsize 0.25
NODATA_value -32767
[rows 0 to 18 of 97, columns 43 to 85 of 97]
-0.7109515950482337 0.22839831978475134 0.9227547771230388 1.344618511329469 1.349618377808953 -0.2550262704503212 -1.1984385767978865 -1.3046857394869136 -1.0500050406882167 -0.9806318932853814 -1.294998498182914 -1.4015581525269085 -2.011854354678878 -1.9384188157614621 -1.2765614905398182 -0.36721077458373486 0.33870787398835855 0.47464174389931946 -0.10346781779097403 -1.1806265524647261 -1.6046777282559306 -1.294998498182914 -0.71970136138733 -0.549705901084887 -0.05878151113058916 0.2537101438371371 0.6290126214533761 0.9208798271932325 0.9218173021581356 0.5918261145122169 0.2490227690126211 0.6718239781839547 1.1446238521501244 1.368055385452049 1.2968072881194073 0.992127924525874 0.7099479600900173 0.2068363955919782 -0.7372008940655227 -2.285284552775638 -4.160234482581996 -5.101459347344787 -4.997087134585566
0.0868396000843713 0.018403927646439278 -0.08315586021807175 -0.3243994178531564 -0.2931502523563838 0.2683972516206202 0.3152709998657791 -0.26971337823380426 -0.7706375011470694 -1.0878165309393115 -1.5674912213147711 -1.5146801316252254 -1.896544933995787 -1.572178596139287 -0.5731427752074665 0.5262028669689943 0.9627537089589079 1.2783702804763113 0.3583948482513254 -0.32221197626838227 -0.36033595817444486 -0.01753261267484929 0.34370774046784225 0.7108854350549204 0.9668161004734882 1.5389883207193948 1.8974162489673767 1.8261681516347354 1.4580529820827537 0.7908832987266584 1.1405614606355439 1.7939815111730595 1.8846040911137 1.6980465730979675 1.573049911110877 1.4755525147609467 0.6033883057460226 -0.5547057675643705 -1.2403124585635619 -2.3468454088042803 -4.384915982503791 -5.187394552460912 -4.602722666016295
0.04871561817830872 -0.5831425081664336 -1.038130357799443 -0.9237584120812552 0.25277266887223393 0.7596341332298858 0.09965175793804815 0.03996585183921242 -0.1309670834281339 -0.2619010868596111 -0.8721972890115803 -1.2774989655047213 -1.186563893909113 -0.5253315519974043 0.8399444885565913 1.9246030229495692 2.0174130444749836 1.3427435613996628 0.455892244601256 0.5537021326061541 0.6993232438211147 1.2508710148391513 1.7089837810218382 1.9658519214053087 1.8739793748447973 2.1845960798827173 1.9471024221072453 1.6777346155250652 1.3827424932355319 1.011814898788841 1.4658652734569468 1.6524227914726795 1.6377356836891965 1.2802452304061176 1.1543110934541239 1.0858754210161918 0.8477567799307845 -0.7206388363522331 -2.2655975785126716 -3.5586880467691224 -4.607410040840811 -4.857403364814992 -3.9111786335727174
-0.23627677115225765 -1.1006286887929881 -1.4903057825377428 -0.9403204697945448 -0.03909453686762243 -0.11909240053936032 -0.5868924080260464 -0.32908679267767227 0.7461969920662735 0.755884233370273 0.9843156331516808 0.9190048772634262 1.125874352852061 0.8790059454275571 1.8202308101903486 0.7665089496391758 0.16902490534088332 0.375894380929518 0.6580743453653747 0.970566000333101 1.6680473742210657 2.220532620204006 2.245219460946456 2.575210648592375 2.422714720968125 2.0527246014863367 1.8564798421666047 1.5917994104089406 1.316494262382374 1.3202441622419867 1.6971090981330645 1.8524174506520241 1.7558575292669971 1.4571155071178508 1.153373618489221 0.8721311290182673 0.6758863696985352 -0.5390811848159842 -2.114351617508292 -3.3321315969175207 -4.245232212733217 -3.8671173102222682 -2.91995510401509
-0.5275189935821785 -1.2296877422946593 -1.6134274945950269 -1.1075035052022781 -0.7540754434337799 -0.7862620838954557 -0.6525156555692688 0.06340272596179186 1.1249368778871576 1.7783569284246732 2.0633493177552396 2.3408419073665803 2.529274375312119 2.2930306841565185 1.6355482421044223 0.5730766152141532 -0.004095471511237014 0.5224529671093815 1.234308957125862 1.6249235258355195 2.3008429755307116 2.3142801166943237 2.3077177919400014 2.3964654219508357 2.190533421327104 1.8242932017049291 1.7283582636298371 1.4814898562053331 1.2293090906463782 1.1355615941560604 1.451178165673464 1.226496665751669 1.1405614606355439 1.2449336733947645 1.0565012054492255 0.8818183703222667 0.11527634068643444 -0.9571950191628019 -1.7099874159800543 -2.891518363413027 -3.1055751470659194 -2.5712144170711078 -1.9627931648489447
-0.8359482570353242 -1.154377253447437 -1.5381170057478049 -1.422807585064714 -1.1346902791844704 -0.781262217415972 -0.31158725999947967 0.40433112153158113 1.1824353424012193 1.8377303428685412 1.8855415660786035 2.0877236668427224 2.1892834547072333 2.2411570694318756 1.5821121691049411 1.4893021475795267 1.1511861769044467 1.5624251948419743 2.1933458462218134 2.447089070055607 1.8955412990375704 1.908978440201183 1.862104691956024 1.7002340146827417 1.8867915326984743 2.1524094394210413 2.0564745013459493 1.7371080299689332 1.4539905905681736 0.965878625508585 1.1327491692613507 0.8565065462698808 0.4668294525251263 0.5712016652843469 0.524327917039188 0.612138072085119 -0.2840879943623197 -0.9893816596244777 -1.7440490063715366 -1.9002948338553995 -1.9727928978079121 -1.6249896858288326 -1.375933836819555
-1.1718767861256298 -1.5224924229994186 -0.8856344301751926 -0.7237637529019105 -0.6943895373349442 -0.4181469143434743 -0.1603412989951002 0.5527646576412509 1.3105569209379873 1.985226404013308 1.8867915326984743 1.7227334138404178 1.289932471710117 1.4814898562053331 0.8611939210943967 0.8143201728492379 1.6814845153846782 2.0577244679658206 2.3895906055415455 2.086786191877819 1.4383660078197873 1.3621180440076621 1.3993045509488216 1.418054050246885 2.0577244679658206 2.515524742493539 2.5967725727851483 2.250844310735875 1.8699169833302172 1.2774328055114084 1.3252440287214702 1.1308742193315444 0.694323377341631 0.18464948808926962 -0.011907762885430162 0.15027540604281964 -0.3712731660983153 -1.005006242372864 -1.3468721129075565 -1.4696813333098728 -1.418120210240198 -1.2843737819140113 -0.8790721054208703
-1.370308987030136 -0.4443962133607633 0.31933339138035965 0.48839137671789945 0.5527646576412509 0.2205860284105582 0.6065132222956998 1.1015000037645781 1.1299367443666415 1.9011661488269898 2.6111471889136637 2.3142801166943237 1.2439961984298615 0.5712016652843469 -0.04971925313652503 0.1043391327625639 1.4277412915508845 1.8142934687459618 1.7039839145423543 1.1464988020799307 0.8896306616964599 0.9471291262105214 1.372117776966629 1.9246030229495692 1.9033535904117636 1.7196084972907406 1.9539772385165355 2.264593943554455 1.9796015542238887 1.527426129485589 1.4493032157436576 1.302744629563794 0.7461969920662735 0.19902410421778505 0.10652657434733792 -0.03909453686762243 -0.5340813183365007 -1.0478175991034424 -1.3809337032990388 -1.539054480712708 -1.5274922894789023 -1.357496829176459 -0.24221411259664438
-0.7256387028317168 0.3358954490936491 0.7821335323875621 0.6971358022363404 0.3496450819122291 0.8555690713049776 1.4989893888835262 1.112124720033481 0.38370667230371114 0.22746084481984796 1.158060993313737 2.141472231497171 2.135847381707752 2.0449123101121436 2.120222798959366 2.176783788508524 2.140534756532268 2.126785123713688 2.0039759033113715 1.8230432350850583 1.8877290076633773 2.068349184234723 2.1377223316375584 1.688359331793968 1.91210335675086 1.5555503784326845 1.5086766301875256 1.8514799756871212 1.822105760120155 0.8611939210943967 0.6074506972606032 -0.03628211197291287 -0.5390811848159842 -0.47658285382243903 -0.15627890748051965 -0.36346087472412214 -0.8653224726022904 -1.4121828687958113 -1.7118623659098606 -1.8612333769844338 -1.9981047218602979 -1.822171920113468 -0.5431435763305648
-0.5118944108337922 -0.2753382280232234 -0.47470790389263273 -0.8515728397837105 -0.9315707034554483 0.2940215673279737 1.0886878459109015 1.6992965397178383 1.376805151791145 0.8349446220771078 0.9540039426198114 1.5449256621637817 2.203970562490716 2.4902129184411534 2.688332627690692 2.7333314260060444 2.5927101812705677 2.602397422574567 2.7255191346318512 2.7948922820346866 2.7939548070697833 2.738331292485528 2.5555236743294083 1.945227472177439 1.9561646801013093 1.5586752949823617 1.3114943959028902 0.9461916512456182 0.13090092343482074 -0.5665804504531442 -0.7275136527615231 -0.7784497925212626 -0.651265688949398 -0.4112720979341843 -0.31158725999947967 -0.71282654497804 -1.3731214119248456 -1.91810685818856 -2.224661171711899 -2.4296556973707277 -2.633712748064653 -2.5812141500300747 -1.8193594952187584
-0.4200218642732806 -0.814386332842551 -1.2999983646623976 -1.6181148694195429 -1.2284377756747882 0.5018285178815117 1.0955626623201917 1.458990457047657 1.761794870711384 1.8877290076633773 2.106473166140786 1.9236655479846658 2.054599551416143 2.6248968217322433 2.9102017027177776 2.986137174874935 2.9658252173020325 2.63083416317663 2.3086552669049047 2.1033482495911087 1.9902262704927915 1.931477839358859 1.7821068282842858 1.7646072956060932 1.6267984757653262 1.1355615941560604 0.6902609858270506 0.19027433787868875 -0.395647515185798 -0.4687705624482459 -0.7931369003047457 -0.9443828613091252 -0.8887593467248699 -0.7675125845973921 -0.9953190010688645 -1.4999930238417423 -2.3340332509506037 -2.6933986541634884 -2.925892445459477 -3.103700197136113 -3.272445690818685 -3.34181883822152 -1.8946699840659806
0.32620820778964943 -0.1590913323752292 -0.549705901084887 -0.6759525296918483 0.021528844196116448 1.358368144148049 1.4793024146205593 1.4246163750012073 1.4805523812404302 1.3046195794936004 1.344618511329469 1.6571101662971954 2.579898023416891 2.6602083787435964 2.663020803638306 2.7205192681523678 2.493962818300766 2.378965889272643 2.18834597974233 1.9158532566104727 1.6561726913322925 1.5118015467372028 1.618986184391133 0.9871280580463905 0.6199503634593121 0.28308435940410337 -0.011907762885430162 -0.41908438930837744 -0.6112667571135291 -0.6981394371945568 -1.010943583817251 -1.2218754509204661 -1.2978109230776234 -1.559678929940578 -1.8924825424812064 -2.4471552300489203 -3.094637939142049 -3.3849426866070664 -3.399317302735582 -3.530251306167059 -3.8927416259296215 -4.237419921359024 -2.174974998572031
1.3261815036863736 1.7949189861379629 1.4199290001766913 1.2118095579681856 1.5674250613214582 1.8349179179738315 1.4061793673581113 1.5408632706492011 1.7421078964484171 1.6317983422448097 1.5439881871988788 2.0799113754685292 2.324279849653291 2.663020803638306 2.6395839295157266 2.48521305196167 2.201158137596007 1.913040831715763 1.6992965397178383 1.5771123026254577 1.0730632631625152 0.8399444885565913 0.15215035597262594 -0.5234566020675979 -0.6484532640546885 -0.8778221388009995 -1.2218754509204661 -1.4940556823973554 -1.5431168722272885 -1.422807585064714 -1.665926092629605 -1.910294566814367 -2.237473329565576 -2.5312154852352386 -2.8868309885885113 -3.4296289932674515 -3.7821195800710465 -3.793056787994917 -3.752120381194145 -3.792119313030014 -4.260856795481604 -4.8174044329791235 -2.4640297794171775
1.8955412990375704 2.1542843893508477 2.3367795158519997 1.9939761703524042 2.133659940122978 2.0720990840943356 1.7774194534597703 2.108348116070592 2.0770989505738195 2.0917860583573025 1.999913511796791 2.1102230660003984 1.8202308101903486 2.0711616091294327 2.262718993624649 2.021475435989564 1.8542924005818309 1.4158666086621108 0.9949403494205836 0.7549467584053698 0.16683746375610908 -0.766575109632489 -1.3446846713227825 -1.789985279651792 -1.864358293534111 -2.1299762002566784 -2.5187158190365295 -2.5109035276623364 -2.3955941069792455 -2.281222161261058 -2.4746544956860803 -2.729647686139745 -3.0615138237154698 -3.4874399494364807 -3.705246632948986 -4.037112770524711 -4.066486986091678 -3.975551914496069 -3.711808957703308 -3.849617777544075 -4.629909439998488 -4.921776645738344 -2.220598780197319
2.065536759340014 2.1542843893508477 2.3008429755307116 2.020537961024661 2.2539692272855523 2.0977233998016893 2.117097882409688 2.34365433226129 2.3427168572963866 2.144597148046848 2.162096680725041 1.748982712857707 1.5146139716319125 1.5936743603387469 1.3477434278791467 1.0408766227008392 0.970566000333101 0.3915189636779043 -0.2753382280232234 -0.8984465880288695 -1.4640564835204537 -2.011854354678878 -2.4171560311720186 -2.6180881653162666 -2.7393349274437444 -2.9630789524006365 -3.049951632481664 -3.042139341107471 -3.0780758814287594 -3.0458892409670835 -3.1818231108780446 -3.156198795170691 -3.5421259890558328 -3.584937345786411 -3.65243554325944 -3.7305584570013717 -3.5858748207513145 -3.428691518302548 -3.5186891149332533 -3.745245564784855 -4.1211730257110295 -4.023363137706132 -1.6387393186474126
2.2724062349286482 2.3261547995830973 2.376778447687869 2.2930306841565185 1.9346027559085361 1.7986688859975755 1.6024241266778434 1.8289805765294447 2.135847381707752 1.6221111009408102 1.5996117017831337 1.336806219955276 1.092750237425482 0.5965134893367326 0.20996131214165537 -0.43158405550708645 -0.7100141200833305 -1.3378098549134925 -1.9815426641470082 -2.606525974082461 -2.560589700802205 -2.8505819566122548 -2.9980780177570217 -3.0430768160723742 -3.1349493626328857 -3.142761654007079 -3.2227595176788166 -3.20994735982514 -3.3368189717420367 -3.3133820976194572 -3.1386992624924983 -3.0449517660021805 -2.297784218974347 -2.2499729957642853 -2.0031045883397813 -1.9002948338553995 -1.7656109305643095 -1.8046723874352755 -1.9071696502646895 -2.2743473448517677 -2.5165283774517557 -2.1905995813204173 -1.5587414549756748
2.3702161229335466 2.4492765116403814 2.5555236743294083 2.486150526926573 1.7714821120153834 1.02431456498755 0.7918207736915616 0.8886931867315567 1.4686776983516565 0.8643188376440741 0.614325513669893 0.403393646566678 -0.19440288938658234 -0.7675125845973921 -1.2853112568789145 -2.016541729503394 -2.5849640498896878 -2.930579820283993 -3.387755111501776 -3.38588016157197 -3.2218220427139137 -3.149323978761401 -3.1358868375977886 -3.1671360030945612 -2.9433919781376696 -2.9218300539448965 -2.603713549187751 -2.560589700802205 -2.5049661862179495 -2.404343873318342 -1.978417747597331 -1.2375000336688524 -0.2978376271808997 0.16496251382630278 0.5362025999279615 0.6680740783243421 0.7480719419960798 0.6386998627573758 0.33495797412874595 -0.08784323504258762 -0.6543906054990752 -0.7628252097728763 -1.3593717791062656
2.5642734406685044 2.4208397710383185 2.4286520624125116 2.426777112482705 1.995226136972275 1.194310025289993 0.42558055406938655 0.1512128810077228 0.2596474852815239 -0.040969486797428734 -0.4443962133607633 -1.064379656816732 -1.789985279651792 -2.398406531873955 -2.8965182298925107 -3.198385168591334 -3.4796276580622876 -3.589937212265895 -3.5586880467691224 -3.4502534424953213 -3.312444622654554 -3.34463126311623 -3.142761654007079 -2.797770866922709 -2.352470258593699 -1.7987350459908886 -1.2031259516224024 -0.6668902716977843 -0.3418989505313491 -0.2619010868596111 0.05371548465779219 0.6162004635996995 0.9383793598714251 1.1455613271150278 1.1768104926118004 1.147436277044834 1.1483737520097375 1.006815032309357 0.7186977264291136 0.23714808612384763 -0.4581458461793432 -1.3115605558962034 -2.325283484611507
2.6111471889136637 2.108348116070592 2.0039759033113715 1.9011661488269898 1.4530531156032702 0.7274474927682099 -0.18471564808258278 -0.8556352312982909 -0.9962564760337677 -1.1650019697163398 -1.7021751246058612 -2.3702822829268597 -2.8693314559103182 -3.2627584495146857 -3.600561928534798 -3.7149338742529854 -3.784307021655821 -3.7218086906622756 -3.595874553710282 -3.4111919856243555 -3.1924478271469474 -2.9424545031727662 -2.4199684560667283 -1.8468587608559184 -1.220625484300595 -0.6134541986983031 -0.10346781779097403 0.2683972516206202 0.531202733448478 0.5946385394069263 0.5808889065883464 0.5537021326061541 0.47932911872383543 0.3740194309997117 0.2840218343690065 0.19902410421778505 0.1318383983997239 -0.03409467038813874 -0.37596054092283127 -0.8809470553506767 -1.4990555488768391 -2.2402857544602854 -2.8602691979162542
