static/data/ASCData/20210131/ASCV/15.asc
ncols 97
nrows 97
xllcorner 99.0
yllcorner 2.0
cellsize 0.25
NODATA_value -32767
[rows 19 to 37 of 97, columns 0 to 42 of 97]
0.3599767632110653 0.810248477461901 1.7007993258894107 1.933353916706251 1.600267914234214 0.8365925522028708 0.2848810099264607 1.1745234419835924 1.750762226260216 1.2798997409474728 1.2029871549221116 1.0603657847727213 0.5652788629165573 0.07019194106039306 -0.7776633379593374 -0.7201303011687129 -0.3879527150670541 -0.0636480708420073 0.45687450938474883 1.0037411643524752 0.6824645746953557 -0.17205242437381552 -0.5196730887719051 -0.32648320733812364 -0.1202726912622536 -0.0899921455829773 0.3160699719761151 1.0594573684023432 1.1160819888225892 0.9761858677843336 0.8387121904004202 0.6745916328187438 0.5779966921018531 -0.5099833141545368 -1.8753331188330957 -2.1545197499960214 -0.9242211790470337 0.7790595154122466 2.124726965399276 2.3669713308334845 2.1822600021899 1.7516706426305946 1.4322108857142315
0.2936623681734507 0.4556632875575777 0.6803449364978063 0.3932853634582689 0.013264515183354142 -0.36251705669646217 -0.009143088619310236 0.5885948830895997 1.0485563719578035 1.494891615270333 1.0876182758840696 0.6785281037570499 0.4332556837549135 0.30456336461799016 -0.8927294115405866 -0.6556327388718548 -0.3128569617824495 -0.05971159990370123 -0.03821241247141538 0.1080426231594882 0.538934788175587 0.45778292575512713 0.13650633609800766 0.37753947970504553 0.6570289163247638 0.8150933647705851 0.9019985308701075 1.3658964906766171 1.4449287148995278 1.2420490588483777 0.7399976114859803 0.34453368491463454 -0.46425969017882984 -1.4132519917673425 -2.1593646373047055 -1.6927414283870608 -0.5081664814137802 0.9001816981293509 1.9666625169534548 2.201033940511052 2.1619720365847854 1.7477341716922885 1.217521816848164
0.6482475580777738 0.22341150219753003 -0.20536102462101935 -0.44851380642560634 -0.766762341514798 -0.7052928337858676 -0.3479823947704097 0.14922416528330373 0.4480931511377588 1.29382879195994 0.9313706601790053 0.8514300195857161 0.9383351856852384 0.26550146069172387 -0.7122573592921011 -0.48363923941356657 -0.03821241247141538 -0.023677750545362697 0.2361293313828261 0.20584878570355003 0.5574059210399454 0.6246287324479383 0.5368151499780376 0.7469621369922137 1.1814879674898255 1.0367469591428857 1.254766888033674 1.361051603367933 1.233267700601388 1.0691471430197115 0.6697467455100596 0.004483156936363919 -0.7316369085268377 -1.3956892752733625 -1.680023599201765 -1.2736586761858797 -0.2843932488439299 0.9870868642288733 1.8640114671007086 2.1431980982636345 2.0847566451026314 1.6805113602842956 1.1139623506250398
1.4303940529734753 0.397221834396575 -0.7043844174154893 -0.9027219916147478 -1.056849969122263 -0.9699448030227407 -0.5081664814137802 0.028101982566199446 0.40115830533488084 1.378614319861913 0.995868222475863 0.8550636850672293 0.79480539916547 0.4381005710635977 -0.3558553366470215 -0.10664644570657922 0.16194199446859958 0.17465982365389565 0.5779966921018531 0.7000272911893357 0.8844358143761271 0.8941255889934954 0.5425684536571 0.7527154406712764 0.8804993434378214 0.7878408736592364 1.0222122972168333 0.9861784478584947 0.9059350018084131 0.700935707559714 0.37753947970504553 0.04475628268980114 -0.660477626180539 -1.1165026441104369 -1.2600324306302055 -1.0919754021102233 -0.26895017054749915 0.8229663066471968 1.490046727961649 1.8855106545329947 2.02207591554653 1.6111689106787532 1.1727066092428358
1.989978537126497 1.049464788328182 0.0056943787635350684 -0.3137653781528277 -0.46789335566034307 -0.40854348612896185 0.05444605730716945 0.1734486018267245 0.5065346042987615 1.31139150845392 0.8980620599318014 0.7908689282271639 0.23219286044452025 -0.12330074583018114 0.32878780116141093 0.5789051084722314 0.28185295535853294 0.2839725935560824 0.7136535367450101 0.8717179851908312 1.0446199010194979 1.1130539342546617 0.7605883825478881 0.4871550550640249 0.6140305414601916 0.5955594085958333 0.6246287324479383 0.5828415794105373 0.5153159625457517 0.3581599304703087 0.24006580232113195 -0.09392861652128337 -0.6029445893899144 -1.0598780236901906 -1.3390646548531162 -1.2227873594446959 -0.48273082304318826 0.526216958990291 1.144242896304316 1.4988280862086392 1.6366045690493454 1.6266119889751842 1.1881496875392663
2.10322777796699 1.7183620423833907 1.2390210042804501 0.7848128190913088 0.747870553362592 0.807220422893973 0.6685355236828887 0.5955594085958333 0.4402202092611469 0.9801223387226397 0.7681585189677069 0.7966222319062266 0.16951213088841866 0.4156929672609333 0.8689927360796965 0.9265257728703211 0.49290835874308736 0.29759883911175655 0.556497504669567 0.6179670123984977 0.8484019650177885 1.051584426525731 0.940152018425995 0.6667186909421321 0.6570289163247638 0.7224348949920001 0.4393117928907686 0.3024437264204407 0.12560533965346843 0.11288751046817236 0.03203845350450529 -0.2825764161031733 -0.7931064162557682 -1.3645003132237081 -1.6497430535224888 -1.5694996074724072 -0.8966658824788925 0.1549774689623662 0.8426486613387263 1.160897196427918 1.3592347706271763 1.3504534123801861 1.2574921371448087
2.1189736617202133 2.2252583770544723 1.8249495631744426 2.1365363782141937 1.8806657672243106 1.3289542249479 1.0152477717106 0.9383351856852384 0.5398432045459653 0.7996502864741541 1.2986736792686242 0.9156247764257814 1.0291768227230669 1.1675589164773588 1.1881496875392663 1.1929945748479505 0.9138079436850248 0.52500573716312 0.3160699719761151 0.38844047614958477 0.6285652033862443 0.7027525403004706 0.6891262947447965 0.6736832164483657 0.6667186909421321 0.4801905295577913 0.20584878570355003 -0.06970417997786238 -0.13299052044754944 -0.12723721676848698 -0.27076700328825565 -0.5977968966244375 -1.0804687947520983 -1.645806582584183 -2.054896754711203 -2.0109899634762525 -1.4123435753969642 -0.3479823947704097 0.4217490763967886 1.0603657847727213 1.2956456247006967 1.2820193791450223 1.1802767456626546
2.249785619054686 2.5026281754766417 1.7574239463096568 1.9781691243115798 1.9430436913236193 1.5642340648758755 1.3210812830712884 1.2311480624038385 0.7224348949920001 1.2048039876628682 1.6226755180368782 1.3982966745534424 1.3689245452445447 1.2653650790214204 1.1754318583539705 1.3453057196147091 1.3259261703799725 0.9128995273146467 0.5153159625457517 0.414784550890555 0.36300481777899285 0.33181585572933847 0.19010290195032642 0.23219286044452025 0.3024437264204407 0.08169854841851798 -0.5012019559075467 -0.5802341801304574 -0.30286438170828833 -0.36948158220269567 -0.6077894766985985 -0.9896271577142701 -1.432934346458872 -1.8801780061417799 -2.284423290960116 -2.3507376859977303 -1.9495204557473222 -1.0704762146779372 0.18616643101202057 0.9440884893643011 1.03281048820458 0.960742789487903 1.083681804945764
1.9772607079412012 2.4714392134269874 1.860074996162403 1.950916633200231 1.8025419593717784 1.3855788453681466 1.106089408748428 0.8308392485238085 0.2536920478768063 0.7039637621276418 1.2293312296630818 0.8914003398823607 0.5934397703982839 0.7751230444739405 1.067027504822162 1.3540870778616994 1.7244181515192458 1.5905781396168457 0.9489333766729853 0.41175649632262745 0.2839725935560824 -0.13117368770679283 -0.46516810654920815 -0.41914167711670847 -0.3382926201530413 -0.6183876676863452 -0.8206617128239095 -0.5647911018340265 -0.5529816890191088 -0.7267920212181536 -1.0940950403077725 -1.474721499496273 -1.8156804438449217 -2.149674862687337 -2.467923397776529 -2.678978801161083 -2.669289026543715 -2.0500518674025185 -0.5569181599574147 0.4156929672609333 0.6131221250898133 0.5982846577069683 0.7066890112387765
1.490046727961649 1.8846022381626166 1.972415820632517 2.1404728491524994 1.860074996162403 1.3843676235409756 1.067027504822162 0.5876864667192214 -0.08242200916315845 0.043545060862630214 0.6785281037570499 0.05141800273924191 -0.48939254309262903 -0.8694133913675439 -0.8597236167501756 -0.3585805857581563 0.12772497785101766 0.44506509656983106 -0.5069552595866091 -0.5735724600810166 -0.9006023534171983 -0.8800115823552905 -0.6965114755388775 -0.2423032903497362 -0.07545748365692484 -0.28832971978223576 -0.44669697368484973 -0.4933290140309349 -0.6429149096865588 -0.9787261612697307 -1.445652175644168 -1.8283982730302177 -2.101831600514081 -2.3704200406892597 -2.727730479704718 -3.1407571227700437 -3.1029064406709486 -2.643853368173123 -1.6085615113986733 -0.5042300104754743 -0.1290540495092436 -0.12632880039810868 -0.21414238286800935
0.8405290231411768 1.1881496875392663 1.937290387644557 1.9215445038913332 1.5194188572705467 1.037958180970057 0.7957138155358481 0.5513498119040903 0.07776207748021213 -0.12239232945980283 -0.06667612540993484 -0.9856906867759642 -1.4202165172735761 -1.424152988211882 -1.2227873594446959 -0.7579809832678079 -0.42398656442539273 -0.5187646724015268 -0.9230099572198627 -1.3439095421618004 -1.2618492633709621 -1.2209705267039395 -1.1086297022338252 -0.707412471983417 -0.3010475489675317 -0.38401624412874824 -0.27167541965863395 -0.3155822108935843 -0.6077894766985985 -1.231568717691686 -1.6221877569543475 -1.6878965410783766 -1.777526956289034 -1.7639007107333597 -2.016743267155315 -2.5051684689620384 -2.665352555605409 -2.4240166065415787 -2.1075849041931436 -1.073504269245865 -0.9251295954174119 -1.032625532578842 -0.9396642573434646
1.2008675167245622 1.1499961999833783 2.020259082805773 2.0584125703616616 1.5642340648758755 0.8338673030917361 0.5613423919782514 0.8084316447211444 0.4626278130638113 -0.3068008526465942 -0.8548787294414915 -1.2972775018157152 -1.2648773179388897 -1.2521594887535938 -1.0392872526282828 -0.6810683972424467 -1.0940950403077725 -1.1370934151723446 -1.3087841091738401 -0.9417838955410138 -0.8557871458118698 -1.082285627492855 -1.1358821933451735 -1.343001125791422 -1.0559415527518847 -0.5902267602046184 -0.27954836153524576 -0.2102059119297035 -0.7491996250208179 -1.3693452005323923 -1.3702536169027706 -1.1507196607280188 0.004483156936363919 0.2839725935560824 0.7624052152886447 0.4508184002488935 -0.27167541965863395 -0.6925750046005716 -0.7728184506506532 -0.9045388243555043 -0.7131657756624793 -0.9457203664793197 -0.9163482371704219
1.5817967813698555 1.7253265678896244 1.8367589759893603 1.9693877660645895 1.8140485667299033 1.083681804945764 0.28881748086476655 0.35604029227275946 0.2212918639999808 -0.5656995182044048 -0.966916748454813 -0.9493540319608329 -0.8285346547005212 -0.7755436997617882 -0.5687275727723324 -1.009915123319385 -1.4299062918909444 -1.402653800779596 -0.9202847081087278 -0.2659221159795715 -0.28136519427600226 -0.6017333675627433 -0.9426923119113921 -1.1507196607280188 -1.3693452005323923 -1.0607864400605689 -0.47667471390733307 -0.26107722867088734 -0.6438233260569372 -0.9436007282817704 -0.9290660663557179 0.049601169998485295 1.2078320422307958 2.1550075110785523 2.603159587131838 2.428440838562415 1.6187390470985725 0.9207724691912584 0.12166886871516258 -0.22201532474462105 -1.2591240142598272 -1.5022767960644143 -2.4718598687148345
1.6287316271727337 2.082637006905082 1.838575808730117 1.933353916706251 1.7780147173715648 0.8462823268202395 0.04566469906017945 0.08472660298644574 0.011447682442597529 -0.6420064933161805 -0.3655451112643898 -0.26985858691787734 -0.36736194400514643 -0.31679343272075533 -0.5547985217598654 -0.9944720450229543 -1.1095381186042035 -1.0489770272456511 -0.15055323694152967 0.4305304346437786 0.27307159711154294 -0.4875757103518725 -0.8285346547005212 -1.0716874365051083 -1.2921298090502382 -1.752091297918442 -1.334219767544432 -0.9230099572198627 -0.7267920212181536 -0.7970428871940741 -0.2765203069673181 0.700935707559714 1.4879270897640995 2.433285725871099 2.7067190533549628 2.5777239287612463 1.9987598953734873 1.288681099194463 0.35604029227275946 -0.6320139132420194 -1.6691226027572255 -2.6807956339018397 -3.6515899283794315
1.6814197766546741 2.082637006905082 1.873701241718077 2.0378217992997536 1.7780147173715648 0.8444654940794829 -0.00036173037232023475 0.15709710715991543 0.0983528485421199 -0.40763506975858355 0.41872102182886084 0.8238747230175749 0.49199994237270905 -0.32648320733812364 -0.5647911018340265 -0.6183876676863452 -0.5929520093157533 -0.33617298195549206 0.33575232666764454 0.7681585189677069 0.4871550550640249 -0.32557479096774533 -0.7815998088976432 -1.0247525907022303 -1.3654087295940864 -1.9689000049820589 -2.192673237551909 -1.8050822528571753 -1.3254384092974418 -0.9221015408494844 -0.27863994516486745 0.6658102745717538 1.454921294973689 1.732291093395858 1.9276006130271883 1.950008216829853 1.528200215517537 0.9089630563763407 0.08472660298644574 -0.9514736701583821 -1.9495204557473222 -2.963010319632693 -3.442654163192426
1.8073868466804626 2.0856650614730095 2.0251039701144578 2.2125405478691764 1.843420696038801 0.9813335605498106 0.25066399330887856 -0.09120336741014845 -0.2277686284236835 -0.23564157030029542 1.0252403517847613 1.493983198899955 0.7263713659303059 -0.10967450027450676 -0.5060468432162308 -0.5538901053894871 -0.5266376142781386 -0.1944600281764799 0.3990386671373314 0.5955594085958333 0.3687581214580553 0.01720098612165999 -0.5538901053894871 -1.0980315112460786 -1.4259698209526386 -1.7151490321897251 -2.1087961260203145 -2.110612958761071 -1.8801780061417799 -1.29122139267986 -0.34313750746172555 0.5534694501016395 1.1560523091192338 1.3416720541331963 1.3807339580594624 1.4839906188257939 1.1209268761312734 0.5837499957809156 -0.0960482547188326 -0.9475371992200763 -1.931957739253342 -2.6087279351851627 -2.9690664287685484
1.493983198899955 1.8503852215450347 1.8797573508539325 2.0787005359667763 1.690201134901664 0.8804993434378214 0.17465982365389565 -0.3782629404496858 -0.8975742988492708 -0.6741038717362132 0.5213720716816068 1.178459912921898 0.7926857609679205 0.0992612649124982 -0.42519778625256377 -0.6916665882301933 -0.7737268670210316 -0.5108917305249151 0.07291719017152798 0.28881748086476655 0.2264395567654578 -0.05214146348388238 -0.5656995182044048 -1.1964432847037259 -1.6476234153249396 -1.8565591805119446 -1.9183314936976679 -2.1351402007612847 -2.047023812834591 -1.5392190617931312 -0.6029445893899144 0.3835955888409006 1.084590221316142 1.4137397528498734 1.3328906958862061 1.1675589164773588 0.9177444146233309 0.43537532195246276 -0.13601857501547698 -0.8303514874412778 -1.5031852124347926 -2.1251476206871236 -2.496387110715048
1.52305252275206 2.294600826660015 2.046603157546744 2.0299488574231415 1.4500764076650048 0.5574059210399454 0.0329468698748836 -0.07454906728654653 -0.3243635691405743 -0.7210387175390911 -0.49817390133961914 0.5025981333604557 0.24279105143226687 -0.14964482057115136 -0.43397914449955377 -0.7982541090212452 -1.0226329525046811 -0.8118803545769194 -0.6380700223778747 -0.4230781480550144 -0.413388373437646 -0.5217927269694544 -0.8733498623058499 -1.3626834804829515 -1.8411161022155138 -2.1702656337492447 -2.174202104687551 -1.9855543051056608 -1.9613298685622398 -1.6164344532752852 -0.9944720450229543 -0.1935516118061016 0.7224348949920001 1.4958000316407116 1.705644213198095 1.1754318583539705 0.7039637621276418 0.30728861372912486 -0.17023559163305912 -0.7110461374649301 -1.244286546876982 -1.6809320155721432 -2.0061450761675683
1.4655194859614353 2.117762439893043 1.9197276711505766 1.5142711645050697 1.0252403517847613 0.294570784543829 -0.23261351573236788 -0.12723721676848698 -0.24351451217690712 -0.17417206257136497 0.09653601580136328 0.8132765320298285 0.2291648058765925 -0.1290540495092436 -0.4348875608699321 -0.9690363866523624 -1.3566273713470962 -1.3908443879646784 -1.1446635515921637 -1.1634374899133149 -1.265785734309268 -1.4144632135945137 -1.6700310191276038 -1.9280212683150362 -2.238396861527616 -2.5275760727647025 -2.6126644061234687 -2.273825099972369 -2.0109899634762525 -1.8595872350798721 -1.80780750196831 -1.3136289964825243 -0.1457083496328455 1.2263031750951543 2.0496312121146714 1.5896697232464672 1.063091033883856 0.3717861760259831 -0.2189872701766935 -0.6320139132420194 -1.1107493404313744 -1.6028082077196109 -1.9689000049820589
