static/data/ASCData/20210131/ASCV/18.asc
ncols 97
nrows 97
xllcorner 99.0
yllcorner 2.0
cellsize 0.25
NODATA_value -32767
[rows 57 to 75 of 97, columns 43 to 85 of 97]
-9.856600062554957 -9.096815840054461 -9.226557487392444 -8.840086495439916 -8.696269103343568 -8.468915226050829 -8.261756982541835 -7.993399848779074 -7.768799921547755 -7.514824526994629 -7.279514793968902 -7.001977826668076 -6.639680396365786 -6.476585353839501 -6.249231476546763 -6.081240522800178 -5.873164295937376 -5.664170085720767 -5.510866865635085 -5.3535857176829085 -5.3652135068311235 -5.361541573415898 -5.456093858857965 -5.457011842211772 -5.4873052928873856 -5.437734191781836 -5.334002072801703 -5.273415171450476 -5.192632636315506 -5.221702109186045 -5.166011119055118 -5.286266938403767 -5.169071063567806 -5.132963718318084 -4.931619369383197 -4.601757350915403 -3.95825101989706 -3.137879896045337 -2.2287703813256536 -1.727551470147316 -1.4160491187556508 -2.374117745678346 -3.5176190100699505
-10.161370536018708 -9.689527092162177 -9.565599339398304 -9.160156691467108 -8.866402018249035 -8.63598819644361 -8.351719351214868 -8.083974206354647 -7.878957924004532 -7.622228579389987 -7.386000863010453 -7.160176957974059 -6.847756623228587 -6.683743597348497 -6.43772405852836 -6.1865026140366535 -5.978732381625121 -5.7960536942176315 -5.646728401998444 -5.4903652374000735 -5.464049714590955 -5.4787374482518585 -5.538100371798011 -5.56166194454571 -5.55676603332541 -5.5050529710609775 -5.394588974152931 -5.337062017314392 -5.219866142478431 -5.1877367250952044 -5.120111951364794 -4.952120997618208 -4.825439294792915 -4.543006416271787 -4.33401220605518 -4.027405765883815 -3.482429648174035 -2.950305297417546 -2.4239948412351646 -1.965921147685732 -2.7189734922583133 -3.6721462079607075 -4.845940923027925
-10.472872887410375 -10.172080341813118 -9.854764095847344 -9.480532881945571 -9.09773382340827 -8.7715437383557 -8.489416854285842 -8.321425900539255 -8.118245584896755 -7.911393335839028 -7.684651447448828 -7.446281769910412 -7.1035679844893265 -6.892737807565105 -6.593781228675462 -6.342865778635024 -6.156515157812309 -5.974754453758626 -5.794217727510018 -5.652542296572552 -5.628062740471046 -5.661110141208079 -5.711905220118704 -5.731488864999909 -5.724756987071995 -5.622248845896938 -5.513926810147773 -5.317478372433187 -5.198446530889614 -5.076354744833352 -4.900407935353776 -4.666016185681856 -4.460081919977935 -4.179791002615691 -4.018531926797019 -3.718963359004838 -3.423066724627883 -3.002018359681978 -2.6544086630405914 -2.0800570780090037 -3.4766157535999276 -4.982414448293822 -6.154373196653427
-10.618220251763066 -10.388724413311447 -10.082117973140083 -9.719820542837791 -9.253179004652832 -8.925764941795187 -8.736354376459783 -8.568363422713198 -8.478707048491433 -8.291132449863643 -8.032261144090214 -7.710966970257947 -7.320518050438924 -6.981476198433064 -6.695371386496712 -6.494333032013093 -6.307676416739109 -6.128975657198114 -5.927937302714495 -5.829101094954665 -5.83307902282116 -5.886934046244473 -5.896725868685075 -5.901621779905376 -5.795135710863825 -5.692627569688768 -5.4992390764868695 -5.245263681933744 -5.116440017949568 -4.8820482682776465 -4.627154890370715 -4.407450874359697 -4.20335257536339 -4.041175516190912 -3.8789984570184344 -3.699379714123633 -3.389713329439581 -3.3370822838213425 -2.8820685347845982 -2.1972529528449645 -4.759956482221385 -6.231483798373171 -6.947510814342225
-10.726542287512231 -10.398516235752048 -10.200231831329848 -9.775511532968718 -9.356605129181695 -9.136901113170676 -8.972888087290587 -8.923928975087573 -8.848654340075443 -8.61242662369591 -8.315612005965148 -7.83520071747309 -7.393650724292174 -7.019725504841668 -6.821441100419468 -6.6142828569104735 -6.431910163954252 -6.2590232989873655 -6.088890384081898 -6.006883871141853 -5.988524204065723 -6.033199393950972 -6.001069976567745 -5.9444610030830125 -5.829101094954665 -5.6387725462654545 -5.418150546900631 -5.164175152347505 -5.034433505009522 -4.6895777584295555 -4.500167193094152 -4.304942733184641 -4.12012208461827 -3.9980302985620075 -3.9631469311173615 -3.7639445433413554 -3.5176190100699505 -3.816575588959594 -3.2413060205742 -2.79027019940395 -5.756886404455222 -7.2345336096323845 -7.808579200212702
-10.559775311570721 -10.295090111223185 -10.20726970370903 -9.756845871441321 -9.55397155025009 -9.322333750639586 -9.225639504038636 -9.19626403671683 -9.065604406025042 -8.78714945537041 -8.42974793628842 -7.876203973943113 -7.33214583958714 -6.909261507933622 -6.7804378439494455 -6.645494290939894 -6.464957564691286 -6.276464982709689 -6.1075560456092965 -6.042073233037768 -6.000151993213938 -6.029527460535746 -5.980568348332734 -5.886016062890667 -5.738526737379092 -5.542078299664506 -5.345935856401188 -5.131127751610472 -4.847776889735538 -4.629908840432134 -4.480583548212946 -4.231504064880122 -4.173977108041583 -4.145519624073582 -4.17214114133397 -4.159289374380679 -4.055863249851816 -3.543016549525263 -3.047917527372302 -3.6828560137551167 -6.66721989697998 -8.119163568250562 -8.333971673041276
-10.485418659912394 -10.291112183356692 -10.023673032947737 -9.772451588456029 -9.657397674778952 -9.482674843104451 -9.410154158153741 -9.364254990463415 -9.19840599787571 -8.874051879530755 -8.458205420256421 -7.851724417841607 -7.180678586209071 -6.807671350112371 -6.703327242229702 -6.5558379167181275 -6.340111828573605 -6.1396854629925235 -5.980568348332734 -5.889687996305892 -5.832161039467353 -5.770656154762319 -5.733630826158791 -5.604501167723346 -5.497097115327988 -5.345935856401188 -5.140613579599806 -4.973846603658295 -4.793003882958418 -4.761792448928999 -4.473851670285033 -4.46405984784443 -4.470791725772345 -4.426728524789633 -4.470791725772345 -4.339826100629287 -3.616455217829781 -2.730601281406529 -3.699379714123633 -6.169978913668137 -8.154352930146477 -8.428829952934613 -8.51267243258227
-10.258064782619659 -10.096805706800986 -10.005925354774146 -9.87893765749758 -9.67300339179366 -9.556725500311508 -9.467987109443548 -9.364254990463415 -9.183718264214807 -8.83886251763484 -8.323261867246869 -7.789301549782766 -7.2198458759714805 -6.886923912990998 -6.662323985759679 -6.458225686763372 -6.224751920445257 -6.045133177550456 -5.96312666461041 -5.843788828615568 -5.818391289160256 -5.633876635045153 -5.573289733693926 -5.43651021397676 -5.3193143391408 -5.1788628860084085 -5.045143310803931 -5.004140054333909 -4.821461366926419 -4.7100793866645665 -4.621340995796607 -4.7480226986219005 -4.463141864490623 -4.533214593831185 -4.207024508778616 -3.245283948440695 -2.8918603572252004 -4.888780146205561 -7.007791721242183 -7.784405638562466 -8.423016058360506 -8.330299739626051 -8.389662663172203
-10.091909795580683 -10.151578713578107 -10.046928611244166 -9.799073105716417 -9.623126296236844 -9.541119783296796 -9.419945980594342 -9.27949452746195 -9.054894600230632 -8.689537225415654 -8.253189137906308 -7.83795466753451 -7.311644211352128 -6.913239435800117 -6.618260784776968 -6.447515880968963 -6.255045371120871 -6.076344611579876 -5.992196137480949 -5.8223692170267505 -5.815637339098837 -5.599605256503045 -5.513926810147773 -5.38204320165091 -5.304932599931165 -5.211910286745442 -5.162339185639892 -5.119193968010988 -5.04024739958363 -5.1963045697307315 -5.035351488363329 -5.015767843482124 -4.963136797863886 -4.900407935353776 -4.075446894733021 -2.6993898473771085 -3.188674974955962 -6.837046817434179 -8.240337370953016 -8.076324345072926 -8.183728397468283 -8.21310386479009 -8.097743956661743
-10.00990328264064 -10.011739249348253 -9.935546630982316 -9.765719710528117 -9.585182984279509 -9.397608385651719 -9.289286349902554 -9.113339540422977 -8.868237984956648 -8.521546271669067 -8.121305529409444 -7.74921627666655 -7.288082638604429 -6.904365596713321 -6.5647117558049235 -6.378973123884745 -6.198436397636138 -6.025549532669251 -5.98148633168654 -5.850826700994752 -5.8193092725140625 -5.6271447571172395 -5.572371750340119 -5.460989770078267 -5.401626846532114 -5.3740873459179195 -5.3272701948737895 -5.416008585741749 -5.42090449696205 -5.43651021397676 -5.262705365656067 -5.281371027183465 -4.95426295877709 -4.450290097537334 -3.3349403226624608 -2.5372127882046307 -5.4992390764868695 -8.132933318557658 -8.055822716837914 -8.187706325334778 -8.126201440629744 -8.006863604634901 -7.878957924004532
-9.873123762923473 -9.865473901641753 -9.826306611879343 -9.624044279590649 -9.442589569988236 -9.269702705021349 -9.135983129816871 -8.954222425763188 -8.621300462782706 -8.310716094744848 -7.9621884147496536 -7.606622862375277 -7.187716458588254 -6.78716972187736 -6.472913420424275 -6.3116543446056035 -6.136931512931104 -6.05982091121136 -6.006883871141853 -5.919981446981506 -5.884792085085591 -5.744340631953199 -5.690485608529887 -5.589813434062442 -5.582163572780722 -5.559825977838098 -5.617352934676637 -5.710069253411091 -5.740362704086705 -5.747094582014619 -5.764842260188211 -4.666016185681856 -3.85666086207581 -3.363397806630462 -2.4267487912965846 -5.117358001303375 -7.968002309323761 -8.338867584261578 -7.935566897489266 -8.127119423983551 -7.901601513398425 -7.856620329061908 -7.76482199368126
-9.71217068155607 -9.700236897956586 -9.66321156935306 -9.46706912608974 -9.329371623018769 -9.142715007744787 -9.001039576807319 -8.627114357356813 -8.29419239437633 -8.099579923369356 -7.76482199368126 -7.43373599740839 -7.0714385671060995 -6.683743597348497 -6.448433864322769 -6.287174788504098 -6.254127387767064 -6.182830680621428 -6.161105074581341 -6.093786295302199 -6.02065362144895 -5.960066720097722 -5.886934046244473 -5.856640595568859 -5.844706811969375 -5.872246312583569 -5.933751197288603 -5.998316026506326 -6.073284667067188 -6.07818057828749 -5.470781592518869 -3.784446171576367 -2.7471249817750456 -2.344742278356539 -4.919991580234981 -7.5928531120681795 -8.313470044806266 -8.13782922977796 -7.973816203897869 -7.912311319192835 -7.742178404287367 -7.724736720565044 -7.643648190978805
-9.542037766650605 -9.547851661224712 -9.526432049635893 -9.382002668637007 -9.290204333256359 -9.073254267306762 -8.782253544150109 -8.40649235799199 -8.070510450498817 -7.8896677297989415 -7.565619605905255 -7.248303359939482 -6.929763136168633 -6.672115808200282 -6.450269831030382 -6.374077212664444 -6.341029811927411 -6.372241245956832 -6.359389479003541 -6.292070699724399 -6.161105074581341 -6.169978913668137 -6.088890384081898 -6.09103234524078 -6.063492844626586 -6.09103234524078 -6.154373196653427 -6.188644575195536 -6.128975657198114 -5.802785572145545 -4.11736813455685 -2.885740468199824 -2.4209348967224766 -4.917237630173562 -7.494322898759617 -7.975652170605482 -8.147621052218561 -7.878039940650726 -7.794197461003067 -7.602644934508782 -7.696279236597043 -7.629878440671708 -7.805825250151283
-9.375270790709095 -9.410154158153741 -9.48542879316587 -9.369150901683717 -9.20911580367012 -9.017563277175835 -8.730540481885676 -8.358451229142783 -8.032261144090214 -7.763904010327454 -7.434653980762197 -7.128965523944639 -6.878968057258008 -6.689557491922605 -6.595923189834344 -6.541150183057224 -6.551859988851633 -6.593781228675462 -6.517588610309524 -6.44047800858978 -6.26575517691528 -6.340111828573605 -6.244335565326462 -6.275546999355883 -6.2385216707523545 -6.206086258917859 -6.272487054843194 -6.123161762624007 -5.949356914303314 -4.95701690883851 -2.827295528007478 -3.0041603208408594 -5.010871932261823 -7.275536866102407 -7.977794131764363 -8.04113498317701 -7.871308062722812 -7.677919569520913 -7.41017442466069 -7.337959734161248 -7.53808010529106 -7.695361253243236 -7.935566897489266
-9.191674119947798 -9.245223148919841 -9.340081428813178 -9.303974083563457 -9.210033787023928 -9.051834655717943 -8.696269103343568 -8.302760239011857 -7.999213743353181 -7.736364509713259 -7.447505747715487 -7.152527096692339 -6.983618159591947 -6.8762141071965885 -6.813485244686479 -6.772481988216456 -6.757794254555552 -6.698431331009401 -6.595923189834344 -6.518812588114599 -6.362449423516229 -6.392742874191843 -6.279524927222377 -6.28136089392999 -6.239439654106161 -6.177934769401126 -6.056760966698672 -5.852662667702364 -5.564721889058399 -4.757814521062503 -3.9775286703269965 -5.095938389714557 -6.6142828569104735 -7.498300826626113 -7.932812947427846 -7.865494168148704 -7.573269467186975 -7.267581010369417 -7.218009909263867 -7.329085895074452 -7.474739253878413 -7.759008099107152 -7.90833339132634
-8.952386459055575 -9.052752639071752 -9.171172491712785 -9.253179004652832 -9.16505260268741 -8.95911833698349 -8.632010268577115 -8.291132449863643 -7.975652170605482 -7.6681277470803115 -7.466783398145424 -7.238511537498879 -7.13386143516494 -7.034413238502572 -7.022479454903087 -6.960974570198053 -6.856630462315383 -6.749226409920025 -6.604491034469871 -6.453329775543071 -6.316550255825905 -6.136013529577298 -6.0959282564610815 -5.9970920487012505 -5.909271641187098 -5.811659411232341 -5.6739619081613695 -5.485469326179772 -5.1788628860084085 -4.91509566901468 -5.207014375525141 -6.198436397636138 -7.070520583752293 -7.641812224271192 -7.763904010327454 -7.544199994316436 -7.299098438850106 -7.300016422203913 -7.357543379042452 -7.419048263747486 -7.461887486925122 -7.5839792729813835 -7.5197204382149305
-8.715852748224773 -8.835190584219614 -8.988493804305296 -8.999203610099705 -9.001957560161125 -8.855692212454628 -8.509918482520852 -8.09101207873383 -7.7238187372112375 -7.45729757015609 -7.341019678673936 -7.239429520852686 -7.250139326647094 -7.193530353162362 -7.167214830353243 -7.0888802508284225 -6.938636975255429 -6.766668093642348 -6.553695955559245 -6.307676416739109 -6.193540486415837 -5.871328329229763 -5.771574138116125 -5.623166829250745 -5.5255545992959885 -5.40529877994734 -5.247099648641357 -5.1320457349642785 -5.035351488363329 -5.283206993891079 -5.811659411232341 -6.427014252733952 -6.871318195976287 -7.139675329739048 -7.16507286919436 -7.091022211987305 -7.079088428387821 -7.162318919132941 -7.18863444194206 -7.424862158321594 -7.3449976065404305 -7.364275256970367 -7.288082638604429
-8.435561830862529 -8.389662663172203 -8.68280534748774 -8.786231472016603 -8.767565810489204 -8.55489966685737 -8.138747213131765 -7.762680032522378 -7.59009916200676 -7.438631908628691 -7.29022459976331 -7.294202527629805 -7.321436033792731 -7.356625395688646 -7.2724769215897185 -7.140899307544124 -6.978722248371645 -6.7715640048626495 -6.547882060985137 -6.167224963606718 -5.87989617386529 -5.612457023456336 -5.459153803370653 -5.328188178227596 -5.24618166528755 -5.138777612892192 -5.092878445201868 -5.114298056790687 -5.156219296614515 -5.3477718231088005 -5.805845516658234 -6.214960098004655 -6.4716894426192 -6.459143670117178 -6.530440377262814 -6.680683652835809 -6.674869758261701 -6.71403704802411 -6.7978795276717685 -6.956078658977752 -6.968012442577236 -6.980558215079259 -7.104485967843133
-8.117327601542948 -8.088870117574947 -8.244315298819512 -8.349883384507256 -8.31255206145246 -8.116409618189142 -7.790219533136573 -7.594995073227062 -7.424862158321594 -7.392732740938367 -7.322354017146537 -7.419966247101293 -7.338877717515054 -7.369171168190668 -7.218009909263867 -7.092858178694917 -6.923949241594525 -6.703327242229702 -6.349597656562938 -5.955170808877421 -5.558602000033022 -5.392753007445318 -5.219866142478431 -5.050957205378039 -4.923969508101477 -4.773420238077214 -4.732416981607191 -4.63113281823721 -4.560754094445379 -4.994348231893307 -5.360623590062091 -5.609397078943648 -5.873164295937376 -5.902539763259183 -5.901621779905376 -5.9680225758307115 -6.128057673844308 -6.249231476546763 -6.376219173823326 -6.511774715735417 -6.7278067983312075 -6.847756623228587 -6.941390925316848
