static/data/ASCData/20210131/ASCV/21.asc
ncols 97
nrows 97
xllcorner 99.0
yllcorner 2.0
cellsize 0.25
NODATA_value -32767
[rows 76 to 94 of 97, columns 43 to 85 of 97]
-8.111640408960525 -8.071498866483834 -8.073660334155656 -8.008198741809052 -7.912476602056943 -7.61079747128981 -7.364698937798096 -7.073518364294098 -7.018864110306603 -7.001263587836053 -7.02750998099389 -7.112733563482865 -7.00713042865957 -6.932096622337755 -6.810745651619758 -6.602009630740964 -6.440825898642251 -6.214180574196933 -5.998342588110725 -5.741436716259901 -5.531465570997209 -5.3449617890285825 -5.048223155797043 -4.751175741469528 -4.25619964462233 -3.8285378266975822 -3.279525038054837 -2.8419822250589037 -2.3470061282117047 -2.9611717281050787 -3.7170678510507704 -4.257125987910253 -4.563745616212978 -4.9768947226269225 -5.176058529530506 -5.625335024173472 -5.941835647547382 -6.225914255843966 -6.658516571304307 -6.91542244315513 -7.086178389229055 -7.1448467974642185 -7.1673878174703605
-7.7531455565340766 -7.690771775147217 -7.763026551605262 -7.62438383951269 -7.506120679754439 -7.306956872850855 -7.070739334430327 -7.1068667226593485 -7.055917841823549 -7.049124657712109 -7.0920452300525705 -7.050051001000032 -6.90862925904369 -6.757017740920187 -6.560015401688426 -6.352823286289505 -6.136985300203296 -5.910339975757979 -5.66732925322601 -5.390970172328791 -5.182851713641946 -4.953427359332857 -4.639088203630768 -4.356862281910032 -3.8733110856138913 -3.4691166309832093 -2.9142370015169483 -1.6361920452782972 -0.7268317176332558 -0.8500353749271001 -1.9045228176801787 -2.850010533554242 -3.8763988965736367 -4.297267530386945 -4.935826836862308 -5.394984326576459 -5.9896967174234375 -6.322562738883999 -6.708230327756208 -6.9493883637123295 -7.103778911699603 -7.131260429241338 -7.156580479111251
-7.438806400831987 -7.417191724113769 -7.548114908806977 -7.318690554497889 -7.0892662001888 -6.955255204535846 -7.101926225123756 -7.1380536133527785 -7.103778911699603 -7.066725180182658 -7.038317319352999 -6.932096622337755 -6.756091397632264 -6.501346993453262 -6.308976370661119 -6.054849528674067 -5.8393203236838325 -5.636142362532581 -5.386956018081121 -5.214038604335375 -5.062735867307847 -4.914520941240064 -4.86264571711634 -4.611606686089034 -4.383108675067868 -3.9789142204371863 -2.4445809545396617 -1.0411708733353449 0.244902391398644 0.3258030385439754 -0.44367945262459607 -1.6877584883060466 -2.8694637426006384 -3.9721210363257464 -4.611606686089034 -5.314701241623077 -5.968082040705219 -6.476026943583349 -6.810745651619758 -6.98675087632525 -7.203515205699382 -7.2130874196745935 -7.164300006510615
-7.337217420256361 -7.373344808485383 -7.460112296454231 -7.19456055391612 -6.938889806449195 -6.875280900678439 -7.056844185111473 -7.222968414745779 -7.216175230634339 -7.030597791953636 -6.92900881137801 -6.803026124220395 -6.628256023898801 -6.389877017806451 -6.136985300203296 -5.853833035194636 -5.516026516198482 -5.324582236694263 -5.176058529530506 -5.117390121295341 -5.137152111437713 -5.188718554465462 -5.33322810738155 -5.168339002131142 -4.94478148864557 -3.503082551540409 -1.769894259835276 -0.5014215175718364 0.4459188848780742 -0.25408785969622416 -0.15064619254475087 -1.16036037638152 -2.558829960050244 -3.7044078261158138 -4.207412231458352 -4.883951612738584 -5.9143541300056475 -6.491465998382076 -7.041405130312745 -7.176033688157648 -7.3470984153275465 -7.266815330374165 -7.19178152405235
-7.433865903296394 -7.501180182218846 -7.493460654819482 -7.2649626437983175 -7.096985727588163 -6.99354406043669 -7.084325702653207 -7.236554782968659 -7.159359508975022 -6.943521522888814 -6.80611393518014 -6.77554460667866 -6.654502417056637 -6.442678585218098 -6.150571668426176 -5.76984457708956 -5.376148679722012 -5.077557359914625 -4.930886339326715 -4.805829995457024 -4.943546364261672 -5.131285270614196 -5.118316464583265 -4.805829995457024 -3.8655915582145273 -2.020933290862583 -0.34703096958456287 0.555227392853064 -0.022810818811288325 -1.12639445582432 -0.6663106228222446 -0.970151221261199 -2.342065630676112 -2.9074438174055075 -3.2884796898380992 -4.282446037780167 -5.583340795120933 -6.480658660022967 -7.1448467974642185 -7.33443839039259 -7.265888987086241 -7.306030529562932 -7.27669632544535
-7.362537470126274 -7.374271151773307 -7.475860132348933 -7.373344808485383 -7.398664858355296 -7.384152146844492 -7.355744286014834 -7.302942718603187 -7.164300006510615 -6.924068313842417 -6.745284059273154 -6.754238711056416 -6.715023511867648 -6.530681197570844 -6.31175540052489 -6.009149926469834 -5.645714576507792 -5.264061141883252 -4.934900493574384 -4.612533029376957 -4.378168177532276 -3.9816932503009577 -3.510184516747824 -2.8324100110836925 -1.7621747324359125 -0.25717567065596963 0.7018984134409738 -0.03547084374624476 -1.1066324656819488 -1.3156772676567172 -1.2443488344865967 -0.9056159722025187 -0.7533868918870669 -0.8735027382211658 -1.4601868205728055 -2.8987979467182203 -4.975042036051075 -6.658516571304307 -7.225747444609549 -7.287503663804459 -7.319616897785812 -7.285342196132637 -7.231614285433066
-7.351730131767165 -7.215248887346415 -7.253228962151284 -7.291209036956154 -7.501180182218846 -7.521868515649141 -7.413486350962074 -7.306030529562932 -7.175107344869724 -6.890102393285217 -6.5677349290877896 -6.502273336741186 -6.631035053762572 -6.731697691050274 -6.698658113780998 -6.6047886606047355 -6.4553386101530545 -6.084183732791649 -5.499352337015856 -4.939840991109977 -4.380329645204098 -3.6800141195338245 -2.7873279710714094 -1.2267483120160478 0.005597042018369969 0.43819935747871064 0.16369296315733817 -0.721891220097663 -1.3079577402573537 -1.268742541068586 -1.164374530629189 -1.0238791319607703 -0.6789706477572011 -0.7042906976271139 -1.0167771667533556 -1.7807015981943852 -3.1788624007671347 -5.441610272068616 -7.385078490132416 -7.252302618863361 -7.211234733098746 -7.171093190622055 -7.140832643216549
-7.596902321970955 -7.227908912281372 -7.186841026516757 -7.26310995722247 -7.3020163753152625 -7.264036300510393 -7.161520976646844 -7.077532518541767 -6.985515751941352 -6.7619582384557795 -6.413344381100516 -6.268834828184428 -6.353749629577428 -6.6205364964994375 -6.767825079279296 -6.9123346321953845 -6.891028736573141 -6.831433985050053 -6.449471769329538 -6.032617289763899 -5.1868658678896145 -4.002381583731252 -2.6585662540500232 -1.0627855500535632 0.20784865988169843 0.6490968460293263 0.39898415828994316 -0.24544198900893682 -0.6283305480173753 -0.803100648338969 -0.7533868918870669 -1.0365391568957265 -0.976944405372639 -0.8948086338434095 -1.1566550032298255 -1.5589967712846604 -2.3537993123231447 -3.7924104384685604 -6.53654803839436 -7.048198314424185 -7.035538289489229 -7.065798836894734 -7.0043513987958
-7.64476339184701 -7.345863290943648 -7.27669632544535 -7.153492668151506 -7.054065155247701 -6.875280900678439 -6.752386024480569 -6.66623609870367 -6.593981322245626 -6.587188138134186 -6.281494853119384 -5.962215199881703 -6.00822358318191 -6.156438509249693 -6.238574280778923 -6.314843211484636 -6.2679084848965045 -6.208313733373417 -5.992475747287208 -5.470018132898274 -4.101809096635057 -2.1731623711780346 -0.8790607979487076 -0.30411039724410077 0.6237767961594134 0.620688985199668 0.3943524418503248 0.05037030093467931 -0.5091410449712002 -0.6996589811874957 -1.0041171418183992 -1.2406434613349022 -1.352730999173663 -1.3246319194399792 -2.089173913072958 -2.7873279710714094 -3.272731853943397 -4.028627976889089 -6.136058956915373 -6.74157868612146 -6.676117093774856 -6.6946439595333285 -6.64585654636935
-7.638896551023493 -7.447452271519275 -7.369330654237714 -7.060858339359141 -6.640916048833757 -6.445766396177843 -6.303109529837602 -6.224061569268119 -6.316695898060483 -6.3197837090202285 -6.2669821416085805 -5.898606294110946 -5.696663457343592 -5.22391959940656 -5.140857484589407 -4.641867233494539 -4.538425566343066 -3.6136261838992976 -3.0803612311512545 -2.109553465407278 -1.1683886848768583 -0.022810818811288325 0.07013229107705032 0.5144682881844238 0.5221878155837874 0.523114158871711 0.3140693568969426 -0.1311929834983544 -0.599922687187717 -0.6564296277510591 -0.9747829377008173 -1.248362988734266 -1.4388809249505616 -1.602843686913046 -2.326626575877385 -3.3860545161660562 -4.221924942969155 -4.5276182279839565 -5.5549329342912745 -6.054849528674067 -6.136058956915373 -6.143778484314736 -6.0795520163520305
-7.7444996858467885 -7.594123292107184 -7.427999062472878 -7.060858339359141 -6.593981322245626 -6.396670201917891 -6.255248459961548 -6.2219001015962965 -6.31175540052489 -6.220047415020449 -6.191639554190791 -5.859699876018153 -5.385103331505274 -4.725855691599616 -4.186723898028057 -3.6574730995276825 -2.316745580806199 -1.353966123557561 -0.3334446013616828 0.6617568709642827 0.8942690362331167 0.6870769208341956 0.42152517829608493 0.1442397541109417 0.14701878397471257 0.045738584495061074 -0.17226086926296919 -0.4581921641353998 -0.787352812444267 -0.9349501763201007 -0.9201286837133223 -1.1242329881524982 -1.4330140841270453 -1.6164300551359263 -2.130241798837573 -3.18874339583832 -4.547071437030353 -4.861719373828417 -4.86264571711634 -5.280426539969903 -5.4203043764463725 -5.437904898916922 -5.380162833969681
-7.743573342558865 -7.604930630466294 -7.366551624373943 -7.120453090882229 -6.780485104214253 -6.623315526363208 -6.578542267446899 -6.546120252369572 -6.367644778896283 -6.218194728444602 -6.043424628123009 -5.7797255721607455 -5.2853670375054955 -4.651748228565725 -4.1153954648579365 -2.9982254596220246 -1.6565715976126174 -0.5656479855345422 0.3912646308905794 0.8297337871744364 0.8522748071805784 0.39033828760265576 0.3628567700609211 0.05160542531857748 -0.3275777605381664 -0.430093084401716 -0.5783080104694986 -0.7972338075154526 -0.9241428379609915 -1.0822387590999596 -0.8596075889023111 -0.9936185845552645 -1.4046062232973868 -2.6156456817095606 -3.129148644315233 -3.6361672039054396 -4.911433130280319 -4.671201437612121 -4.3929896701390545 -4.645881387742208 -4.723076661735845 -4.735736686670801 -4.79131728394622
-7.4455995849434276 -7.288430007092383 -7.050051001000032 -7.015776299346857 -6.749298213520824 -6.796232940108954 -6.72397816365091 -6.6047886606047355 -6.371350152047977 -6.151806792810074 -5.90570825931836 -5.685856118984483 -5.3079080575116375 -4.778657259011263 -4.083282230876583 -2.8549510310898345 -1.6516311000770245 -0.5480474630639931 -0.07931775937463048 0.06611813682938128 0.08063084834018497 0.08557134587577775 0.41658468076049227 0.3149957001848662 -0.19264042159728928 -0.48258587071738906 -0.6107300255468261 -0.6369764187046626 -0.7181858469459685 -0.5032742041476836 -0.36061733780744293 -0.7113926628345285 -2.7814611302478927 -4.057962181006671 -4.649586760893903 -5.149812136372669 -5.207245420223935 -4.6251930543119135 -4.200619047346911 -4.003307927019176 -4.094089569235693 -4.229644470368519 -4.27657919695665
-7.034611946201305 -6.613434531292023 -6.384936520270858 -6.400684356165559 -6.158599976921515 -6.219121071732526 -6.310829057236966 -6.271922639144173 -6.191639554190791 -5.931954652476197 -5.66053606911457 -5.370281838898496 -5.002214772496836 -4.273800167092879 -3.262850858872212 -1.883216922057935 -0.9747829377008173 -0.7141716926982994 -0.04627818210535395 0.33568403361516086 0.27794196866792054 0.16678077411708359 0.1238602017766216 0.13065338588806164 -0.06974554539941946 -0.30318405395617715 -0.29330305888499164 -0.3099772380676172 0.14918025164653448 0.4409783873424815 0.41565833747256864 -1.4669800046842454 -3.609612029651628 -4.70238832830555 -5.24831330598855 -5.49348549619234 -5.348049599988328 -4.769702607228002 -4.120335962393529 -3.7386825277689884 -3.7306542192736503 -3.8019826524437708 -3.827302702313684
-6.551060749905164 -6.00143039907047 -5.359783281635361 -5.154752633908262 -5.109670593895978 -5.176058529530506 -5.2551064900999895 -5.4045565405516705 -5.5472134068919114 -5.3742959931461645 -5.204466390360164 -4.678920965011485 -3.7189205376266177 -2.5307308803165602 -1.1291734856880908 -0.07931775937463048 0.24397604811072038 0.35019674512596466 0.6188362986238207 0.8924163496572695 0.4539471933734125 0.2331687097516113 0.032769778464130095 -0.18677358077377287 -0.3655578353430357 -0.33714997451337736 -0.020958132235441074 0.4490066958378196 0.8044137373045235 1.1882286396008856 -0.025589848675059312 -2.572725109369099 -4.478830814819978 -5.22391959940656 -5.61638037239021 -5.917441940965393 -5.6596097258266465 -5.0519285289487375 -4.312706585185672 -4.052095340183154 -3.8958521056200333 -3.8235973291619896 -3.81958317491432
-6.570513958951561 -6.122472588692492 -5.535479725244879 -5.167412658843218 -5.068602708131364 -5.198599549536648 -5.305129027647866 -5.215273728719273 -4.831458826422911 -3.975826409477441 -3.2307376248908586 -2.2259639385896826 -0.8225538573853655 -0.02682497305895748 0.480193586531249 0.8013259263447781 0.588575751218315 0.4771057755715036 0.853201150468502 1.0514386140841612 0.7204252791994468 0.10811236588191964 0.06426545025353392 0.07105863436497395 -0.11637149089157617 -0.09907974951700149 0.27423659551622603 0.6521846569890717 0.787739558121898 0.875742170474644 -0.024663505387135576 -2.3587398098587373 -4.401635540826342 -5.414437535622856 -5.8244988310770545 -5.873286244241033 -5.457358107963318 -5.046061688125222 -4.77371676147567 -4.569612457036495 -4.260213798869999 -4.045302156071714 -3.842124194920462
-6.937654682065297 -6.689703461997736 -6.134206270339526 -5.618541840062032 -5.3069817142237135 -5.2699279827067675 -4.776804572435416 -4.108602280746497 -2.6761667765205717 -1.4104730641209033 -0.3439431586248174 0.3091288593613498 0.5407146813422603 0.7429662992055885 1.155806624523558 1.0699654798426341 0.7438926424935122 0.3474177152621938 0.3569899292374046 0.8152210756636327 1.1314129179415688 0.8473343096449855 0.6521846569890717 0.4987204522897217 0.07013229107705032 -0.10587293362844152 -0.05585039608056486 0.19210082398699646 0.04944395764675569 0.02227122120099556 0.12663923164039248 -1.0831651023878832 -3.4709693175590566 -4.981835220162515 -5.398689699728154 -5.338168604917143 -5.06366221059577 -4.5050772079778145 -4.293253376139275 -4.234584967904111 -4.185797554740133 -4.021834792777648 -3.8294641699855054
-6.849034507520602 -6.82649348751446 -6.51678604825199 -5.958201045634033 -5.466003978650606 -4.363655466021473 -3.2971255605253864 -1.4212804024800123 -0.058938207040310386 0.2331687097516113 0.8121332647038872 1.0261185642142483 0.8599943345799419 0.9331754543259096 1.1842144853532164 1.1440729428765253 0.900135877056633 0.5700488854598422 0.5786947561471296 0.6978842591933048 1.0573054549076777 1.020251723390732 0.6481705027414026 0.08773281354759954 -0.2296941531142349 -0.2883625613493989 -0.2296941531142349 -0.14200032185746359 -0.14477935172123446 -0.4115662186432432 -0.3099772380676172 -0.9417433604315406 -2.566858268545582 -4.192590738851573 -4.828371015463166 -4.7443825573580884 -4.350995441086516 -3.7630762343509776 -3.6407989203450573 -3.6222720545865847 -3.646665761168574 -3.7112010102272537 -3.5395187208654058
-6.589040824710033 -6.602935974028888 -6.4846728142706365 -5.9446146774111535 -5.070764175803185 -3.9193194689140984 -1.6896111748818938 0.17450030151644724 0.6463178161655554 0.8170737622394799 0.9294700811742151 1.0094443850316228 0.8365269712858765 0.7614931649640615 0.9733169968026008 0.9439827926850188 0.722277965775294 0.7105442841282612 0.6413773186299625 0.6929437616577119 0.8562889614282474 0.6364368210943698 0.3112903270331717 -0.13520713774602355 -0.3488836561604101 -0.4075520643955741 -0.3204757953307518 -0.2463683322968605 -0.0706718886873432 -0.18492089419792562 -0.430093084401716 -0.34023778547312283 -1.6476169458293555 -3.452442451800583 -4.182092181588438 -4.627354521983736 -4.329380764368297 -4.103970564306878 -3.9134526280905826 -3.8001299658679235 -3.5228445416827805 -3.4036550386366056 -2.9525258574177915
