static/data/ASCData/20210104/ASCU/00.asc
ncols 97
nrows 97
xllcorner 99.0
yllcorner 2.0
cellsize 0.25
NODATA_value -32767
[rows 38 to 56 of 97, columns 43 to 85 of 97]
-7.038822379380084 -8.217560080590733 -9.04288809400573 -8.889579300630636 -8.402141986724857 -8.035094400132033 -7.92552093738235 -7.848396268322487 -7.863209848050449 -8.132675917387653 -8.33183626706358 -8.587664437603612 -8.731332647346223 -8.830795254091107 -8.931433541766783 -8.917795642969612 -8.851487238473021 -8.842552063399014 -8.747792180377292 -8.703821713565723 -8.692300040443975 -8.76542739433915 -8.816216810549305 -8.893341479609168 -8.870062997179513 -8.812219495384616 -8.648329573632408 -8.442115138371737 -8.144432726695559 -7.776209459171945 -7.5681139344220085 -7.285950511032267 -6.43428724476756 -5.78695732427426 -5.430490866058552 -5.050510789227031 -4.726493124701143 -4.102441686637496 -3.379633050387439 -2.5613591225571857 -2.120008501138397 -1.4510460515185488 -0.10136434297094654
-7.638419654083286 -8.566267044663224 -9.061463852712222 -8.642451168978454 -8.317257823521777 -8.143492181950926 -8.000764516952948 -7.836639459014581 -7.847455723577854 -8.118097473845848 -8.374866189130515 -8.613999690453323 -8.693240585188608 -8.72051638278295 -8.673724281737485 -8.68548109104539 -8.80939786115072 -8.853368327962286 -8.861127822105505 -8.839730429165115 -8.839730429165115 -8.82303575994789 -8.8465493785637 -8.800697822262869 -8.78800046821033 -8.677486460716015 -8.502780274400532 -8.299622609559917 -7.972548174613975 -7.6142006269090015 -7.245036814640754 -6.818264636763768 -6.274159501993882 -5.5868564298537 -4.879801918076237 -4.404121413478363 -3.9568923874056208 -3.4149034783111567 -2.823065697751172 -2.495050718060596 -2.153162703386691 -2.069219084928243 -0.9128193214026146
-8.003821287373004 -8.489142375603361 -8.833852024511163 -8.425655605340669 -8.221557395755422 -8.085883816342188 -8.081886501177499 -7.923639847893085 -8.036034944876667 -8.267408952056254 -8.388504087927686 -8.52911552725024 -8.611178056219424 -8.678427005460646 -8.652091752610938 -8.668786421828164 -8.789881557699594 -8.828914164601843 -8.849371012797599 -8.848430468052966 -8.84161151865438 -8.79670050709818 -8.738151596744808 -8.672783736992852 -8.591661752768301 -8.47926665578472 -8.218500625335366 -8.002645606442213 -7.64053587975871 -7.289947826196955 -6.791929383914059 -6.2186673620605655 -5.664921643658196 -4.879801918076237 -4.171806861554141 -3.6608559290325493 -3.187291650110098 -2.878792973870646 -2.6239053480752452 -2.5632402120464506 -2.3417419246855027 -2.169857372603918 -1.145369009512994
-7.917761443239131 -8.3367741269729 -8.516418173197703 -8.210741131192147 -8.044734983764517 -8.093643310485405 -8.089645995320717 -8.213797901612203 -8.32807408808505 -8.42165829017598 -8.47056661689687 -8.513596538963805 -8.56532649991859 -8.638453853813767 -8.703821713565723 -8.72051638278295 -8.691124359513184 -8.728275876926167 -8.745911090888027 -8.741913775723338 -8.767308483828415 -8.716519067618261 -8.635632219579868 -8.47550447680619 -8.392501403092375 -8.106340664537944 -7.843693544599324 -7.503686619414685 -7.1100686437859935 -6.687293781073697 -6.1053317203323525 -5.516550710192423 -4.855347754715793 -4.072109118623099 -3.522360715385417 -3.0125854637946157 -2.5554807179032326 -2.3132904461603703 -2.315171535649635 -2.207949434761533 -1.9657591630186708 -1.9598807583647178 -0.9363329400184264
-7.708725373744564 -8.11315961393653 -8.210741131192147 -7.980307668757192 -7.944096696088842 -8.027099769802657 -8.094583855230038 -8.218500625335366 -8.418836655942084 -8.51547762845307 -8.511480313288383 -8.51547762845307 -8.507718134309853 -8.550512920190629 -8.636572764324502 -8.723573153203006 -8.69418112993324 -8.55545078009995 -8.559448095264639 -8.543693970792045 -8.590721208023668 -8.554510235355318 -8.496901869746578 -8.318198368266408 -8.041913349530619 -7.7548120662315565 -7.322161483700617 -6.947119266778418 -6.439225104676881 -5.938385028160088 -5.330793123127509 -4.708857910739285 -4.012619663525095 -3.4304224665975926 -2.8797335186152786 -2.472477644189417 -2.0165485792288242 -1.814331459132842 -1.7616609534334235 -1.4402297869552751 -0.941270799927747 -1.1159769862432292 -1.3729808377140533
-7.49310549103757 -7.87684774684762 -7.972548174613975 -7.823942104962043 -7.821120470728145 -7.8973045950433765 -7.993005022809729 -8.15807062549273 -8.356290430424023 -8.41672043026666 -8.409901480868074 -8.316317278777143 -8.285984710762746 -8.402141986724857 -8.56532649991859 -8.644332258467719 -8.597540157422253 -8.451990858190378 -8.369928329221194 -8.348530936280806 -8.338655216462165 -8.317257823521777 -8.290922570672066 -7.972548174613975 -7.667811677353052 -7.32310202844525 -6.8904514459143105 -6.356222030963066 -5.797773588837533 -5.218633162330086 -4.555549117364191 -3.9500734380070353 -3.3855114550413923 -2.86703616456274 -2.4842344534973226 -2.042883832078534 -1.831966673094701 -1.6012980744735865 -1.536870759466262 -1.2615262854751048 -0.5262554313586674 -1.2264909937375452 -1.7292121597436032
-7.3816509387986216 -7.606205996579625 -7.71672000407394 -7.632541249429334 -7.7644526498640385 -7.798547396856966 -7.9050640891865935 -8.05931342730632 -8.185346423087072 -8.232138524132537 -8.185346423087072 -8.087764905831452 -8.074127007034281 -8.18934373825176 -8.333717356552844 -8.330895722318946 -8.298682064815285 -8.312319963612456 -8.244835878185075 -8.27422790145484 -8.19428159816108 -8.139494866786238 -7.9412750618549435 -7.569054479166642 -7.181550044378062 -6.834724169794837 -6.4519224587294195 -5.9362688024846655 -5.314333590096441 -4.699922735665276 -4.023200791902211 -3.613123283242451 -3.073015463637252 -2.7097300560229587 -2.41580982332531 -2.2850741038213958 -2.20207103010758 -2.1980737149428924 -2.4353261267764337 -2.6326053869630957 -2.0379459721692132 -2.227465738212657 -2.0661623145081878
-7.16297428567157 -7.339561561476318 -7.445137709061314 -7.356256230693544 -7.496867670016099 -7.55941389553416 -7.699084790112082 -7.88554778573547 -8.017459186170175 -8.06918914712496 -8.03297817445661 -7.985245528666512 -7.657935957534411 -7.612084401233577 -7.696028019692026 -7.629719615195437 -7.59938704718104 -7.747993116832971 -7.9617319100507 -8.10422443886252 -7.930458797291671 -7.873790976427564 -7.630660159940069 -7.321220938955985 -6.929484052816559 -6.517525454667535 -6.101334405167664 -5.604256507629401 -4.9968997387829805 -4.680406432214152 -4.136536433630424 -3.721521065061344 -3.2771136732224995 -3.023166592171731 -2.9187661255175263 -2.955917642930509 -3.273351494243969 -3.73704005334778 -4.399183553569042 -4.867104564023698 -5.02817285154201 -4.499821841244717 -3.446176591070187
-7.006608721876422 -7.154039110597562 -7.190250083265912 -7.080911756702387 -7.179433818702639 -7.375772534144668 -7.5876302378731335 -7.794785217878436 -7.937277746690256 -8.002645606442213 -7.938218291434888 -7.458775607858485 -6.988973507914563 -7.117122729370737 -7.226461055934262 -7.22058265128031 -7.315342534302031 -7.519440743887278 -7.684506346570279 -7.751755295811501 -7.5311975531951845 -7.414805141046916 -7.209766386717036 -6.937243546959777 -6.5574986063144145 -6.186453704556904 -5.842684600393733 -5.458707208397525 -4.9294156533556 -4.571068105650627 -4.1306580289764705 -3.902105656030779 -3.8259215317155486 -3.7360995086031474 -3.7819510649039803 -4.058471219825928 -4.787863669288413 -5.453063939929731 -6.265459463106032 -6.564317555713 -6.954878760921636 -6.8904514459143105 -6.263578373616767
-6.7479589171024905 -6.872816231952452 -6.920784013928708 -6.895389305823631 -7.004727632387157 -7.258674713437925 -7.451956658459899 -7.64053587975871 -7.846515178833222 -7.937277746690256 -7.844634089343957 -7.208825841972404 -6.755718411245709 -6.8944487610789995 -6.956759850410901 -6.9842707841914 -7.039762924124716 -7.083733390936285 -7.225520511189631 -7.370834674235348 -7.274193701724361 -7.075033352048434 -6.962638255064853 -6.762537360644295 -6.52434440406612 -6.2038537823326045 -5.909933549634955 -5.51937234442632 -5.0603865090456726 -4.690282152032793 -4.524276004605161 -4.544732852800918 -4.528038183583691 -4.688401062543528 -4.8983776767827285 -5.503853356139885 -6.264518918361398 -6.716685804343461 -7.3816509387986216 -7.72048218305247 -7.830996190546786 -7.598446502436406 -6.598412302705928
-6.537041758118658 -6.6981100456369695 -6.723504753742047 -6.76935631004288 -6.87187568720782 -7.279131561633681 -7.462772923023172 -7.594449187271719 -7.790787902713747 -7.860153077630393 -7.795725762623068 -7.341677787151741 -6.683531602095167 -6.541744481841821 -6.655080123570034 -6.673655882276526 -6.468617127946645 -6.411008762337907 -6.838721484959525 -7.072211717814537 -7.207885297227771 -7.095490200244191 -7.007549266621054 -6.884573041260358 -6.6708342480426275 -6.47049821743591 -6.194213198700121 -5.889476701439199 -5.465761293982269 -5.240971100015107 -5.344666158110838 -5.416852967261381 -5.594615923996918 -5.804592538236118 -6.24688370439954 -6.848362068592008 -7.308523584903446 -7.795725762623068 -8.080005411688234 -8.264587317822357 -8.315376734032512 -8.02427813556876 -7.196128487919865
-6.42558720587971 -6.552560746405094 -6.665896388133308 -6.833783625050204 -6.915846154019388 -7.286891055776899 -7.442316074827415 -7.571170704842064 -7.686387436059544 -7.777150003916576 -7.775268914427311 -7.517324518211856 -6.80556728271123 -6.204794327077236 -6.288973081721843 -6.49307129130709 -6.300729891029749 -6.5076497348488935 -6.966635570229542 -7.157095881017618 -7.322161483700617 -7.267374752325775 -7.1493363868744 -7.025184480582913 -6.954878760921636 -6.757599500734974 -6.554441835894359 -6.271337867759984 -6.083699191205805 -6.10439117558772 -6.259581058452078 -6.420649345970389 -6.6346232753742775 -6.923605648162606 -7.364015724836762 -7.781147319081265 -8.19804377713961 -8.62293486552733 -8.750848950797346 -8.919676732458877 -8.739092141489442 -8.55545078009995 -8.61799700561801
-6.252762109053492 -6.304492070008279 -6.615106971923154 -6.9539382161770025 -7.04681700970946 -7.206944752483139 -7.364015724836762 -7.445137709061314 -7.560354440278791 -7.724479498217159 -7.6913252959688645 -7.466535102001702 -6.887629811680414 -6.310370474662232 -6.223370085783728 -6.424646661135077 -6.464619812781958 -6.671774792787261 -7.151217476363665 -7.376713078889301 -7.477351366564975 -7.436437670173463 -7.325923662679147 -7.198009577409131 -7.129820083423276 -7.155214791528353 -6.955819305666267 -6.896329850568264 -6.786050979260106 -7.027065570072178 -7.167912145580891 -7.334858837753155 -7.583868058894604 -7.870969342193666 -8.11315961393653 -8.527234437760976 -8.740973230978707 -9.096499144449782 -9.103318093848367 -9.191259027471503 -8.778124748391688 -8.181584244108542 -8.195222142905711
-5.992936623348772 -6.037847634904972 -6.487192886653137 -6.9177272435086525 -7.1735554140486855 -7.259615258182558 -7.250915219294708 -7.331802067333101 -7.522262378121177 -7.72048218305247 -7.534019187429083 -7.213763701881724 -6.781113119350786 -6.5194065441568 -6.371976155435659 -6.314367789826919 -6.3543409414738 -6.475436077345231 -6.925721873838029 -7.458775607858485 -7.58292751414997 -7.54671654148162 -7.526259693285864 -7.397405063271215 -7.407045646903698 -7.4314998102641425 -7.57798965424065 -7.5681139344220085 -7.564351755443479 -7.820179925983513 -7.942215606599577 -8.05555124832779 -8.285984710762746 -8.383566228018365 -8.625756499761227 -8.764486849594517 -8.950009300473274 -9.016317704969863 -8.887463074955214 -8.758608444940565 -7.723538953472525 -6.941240862124465 -5.017356586978737
-5.640467480297751 -5.758505845749127 -6.352459851984535 -6.853299928501328 -7.190250083265912 -7.085849616611707 -7.075973896793067 -7.187428449032015 -7.378829304564723 -7.556357125114104 -7.278191016889049 -6.94805981152305 -6.64426385900676 -6.415946622247228 -6.197975377678651 -6.129785883692797 -6.241945844490219 -6.3592788013831205 -6.588771719073445 -7.248798993619284 -7.625722300030748 -7.7146037783985175 -7.712722688909253 -7.652292689066616 -7.669692766842317 -7.739057941758961 -7.939393972365679 -8.123740742313645 -8.180408563177751 -8.367106694987298 -8.441174593627105 -8.50677758956522 -8.57802385397113 -8.66290801717421 -8.62669704450586 -8.7118163438951 -8.629753814925916 -8.568148134152489 -8.205803271282827 -7.655114323300513 -6.429584521044398 -5.027232306797377 -3.106169665885547
-5.236268376291945 -5.5915591535768625 -6.3035515252636465 -6.796632107637222 -7.047757554454092 -6.931365142305824 -6.928543508071926 -7.065157632229793 -7.209766386717036 -7.378829304564723 -6.992970823079251 -6.773353625207568 -6.577014909765539 -6.373857244924924 -6.214670046895877 -6.3543409414738 -6.556558061569783 -6.594650123727398 -6.6346232753742775 -6.9734545196281275 -7.641476424503342 -7.979367124012558 -8.115981248170426 -8.075067551778913 -7.898245139788008 -7.887428875224735 -7.988067162900409 -8.19310591723029 -8.423774515851404 -8.545810196467468 -8.572145449317176 -8.639394398558398 -8.710875799150466 -8.62669704450586 -8.481382881460142 -8.290922570672066 -8.119978563335113 -7.726360587706424 -7.235161094822113 -6.3670382955263385 -5.262603629141655 -3.790886239977989 -2.2838984228906054
-5.144330127504121 -5.579802344268957 -6.256759424218181 -6.7272669327205765 -6.9579355313416915 -6.863175648319969 -6.789813158238636 -6.710807399689508 -6.682355921164376 -6.796632107637222 -6.7479589171024905 -6.725385843231312 -6.411949307082539 -6.623807010811005 -6.982154558515978 -7.095490200244191 -7.075973896793067 -7.01060603704111 -6.91302451978549 -7.089611795590238 -7.879669381081516 -8.451990858190378 -8.653267433541728 -8.436471869903942 -8.041913349530619 -7.724479498217159 -7.72048218305247 -8.038856579110563 -8.358171519913288 -8.43059346524999 -8.481382881460142 -8.469626072152236 -8.40308253146949 -8.249773738094396 -8.044734983764517 -7.785850042804427 -7.372950899910771 -6.783934753584683 -6.219607906805198 -5.080843357241429 -3.9959249943078685 -2.627667527053775 -1.344529359188921
-5.017356586978737 -5.444128764855722 -6.080877556971908 -6.65813689399009 -6.832843080305572 -6.704928995035555 -6.567139189946898 -6.407951991917852 -6.273218957249249 -6.256759424218181 -6.4655603575265905 -6.5154092289921115 -6.439225104676881 -7.022362846349015 -7.453837747949164 -7.4949865805268345 -7.520381288631912 -7.639595335014077 -7.749874206322236 -7.9549129606521145 -8.518299262686968 -8.802578911752134 -8.70687848398578 -8.221557395755422 -7.820179925983513 -7.527200238030497 -7.438318759662728 -7.596565412947141 -7.8143015213295595 -7.9589102758168035 -7.9168208984945 -7.884607240990837 -7.775268914427311 -7.629719615195437 -7.389410432941839 -7.003787087642524 -6.379735649578877 -5.659983783748875 -4.864047793603643 -3.98322764025533 -2.9881313004341714 -1.8865182682833848 -1.1775826670166563
-4.989140244639763 -5.588737519342965 -6.152123821377818 -6.633682730629645 -6.651082808405346 -6.533044442953971 -6.2899136264664754 -6.087696506370493 -5.941206662393985 -5.955785105935789 -6.405130357683953 -6.70681008452482 -7.064217087485161 -7.573051794331329 -7.865090937539714 -7.963612999539965 -8.075067551778913 -8.277284671874895 -8.405198757144912 -8.572145449317176 -8.929552452277518 -8.977285098067615 -8.491964009837258 -7.9617319100507 -7.58292751414997 -7.343558876641006 -7.225520511189631 -7.285009966287634 -7.1667364646501 -7.246917904130019 -7.103249694387408 -7.124882223513955 -6.926662418582661 -6.659077438734722 -6.3884356884667275 -5.990114989114874 -5.415912422516747 -4.830893591355348 -4.031195422231586 -3.330019315108076 -2.8543388105102014 -2.614970173001237 -3.1287427397567265
