static/data/ASCData/20210104/ASCU/03.asc
ncols 97
nrows 97
xllcorner 99.0
yllcorner 2.0
cellsize 0.25
NODATA_value -32767
[rows 0 to 18 of 97, columns 0 to 42 of 97]
1.1900784685154306 0.8033075024563461 1.0807430925168875 1.4010231661057668 1.5279177566651034 1.3129929704409875 0.38235459871891564 0.7740421448550228 1.6606654187447045 1.341321836599068 0.33272055222707175 -0.18000851294810705 0.15291419512454363 0.48396392031070956 0.4038939019134893 1.0758265124398658 1.8325115985796732 1.8716101163350407 2.051416473437569 2.7729831304557893 2.553375887015461 1.7388624542554396 0.5200188408755393 -0.6908645952368011 -0.6283537914003752 -0.9914783485175911 -1.1420193480187968 -0.9495703564324964 -0.7044437211638153 -0.7376891673989183 -1.111817498974231 -0.9788357140338197 -0.9018092928271373 -1.0970677587431643 -1.1780742685836265 -0.9292016675419759 -1.0570327495445548 -1.106900918897209 -0.9720461510703129 -0.926158070351438 -0.9554234279527614 -0.8109696228326309 0.04638829345572759
0.8335093515009113 0.6403579913321789 0.8405330373252289 1.083552566846615 1.2544622552383409 1.3385123622693404 0.8531756718089998 1.0924492355574174 2.42062822493586 2.632509413969438 1.432161506593574 -0.21512694206969485 0.07588777391786117 1.4743036215394794 0.9948200025994032 1.4185823806665603 2.360926895429161 3.0279429258785147 3.5542511169807076 4.067916673599129 3.9166733055154914 2.94599992459481 1.1217145931587398 -0.5843386935679855 -0.013078913190160524 -0.2933239775804295 -0.7786606680407702 -1.0277673919432315 -0.9233485960217114 -0.8460880519542187 -1.117670570494496 -1.2260694550497964 -1.0696753840283262 -1.2319225265700608 -1.449656787123904 -1.3890189661739627 -1.3227621965645673 -1.3363413224915814 -1.0804450356256132 -0.7493953104394473 -0.567715970450434 -0.3050301206209589 0.21846859615150693
0.5719941159754889 0.6139021080605831 0.838425931577933 0.9995024598156155 1.1587060051668123 1.3717578085044435 1.6363166412204038 1.6264834810663586 2.5582924670924836 3.0932632040446677 2.1647319380698917 0.6841389663037587 1.1549600393938428 2.6362553797424075 1.8786338021593583 2.1696485181469143 3.2182848117175196 4.083602905273438 4.035841841668079 3.8569719760087926 3.9166733055154914 3.114802507239242 1.343428942346363 -0.2551619512683043 0.13137489192996954 0.19482218720963784 0.026956096008449393 -0.49443551501672145 -1.0785720527391285 -1.0656952953945464 -0.8392984889907114 -1.2307519122660078 -1.1410828565755544 -1.2728940272119131 -1.4564463500874107 -1.3265081623375368 -1.0188707232324297 -1.0795085441823709 -1.0336204634634965 -0.759228470593492 -0.4700867374924207 -0.12241428918870323 -0.03742769071446128
0.5523277956673995 0.5542007785538843 0.8424060202117136 0.9000002439711166 1.0336843974939605 1.2612518182018482 1.6276540953704117 1.6470862928176908 1.7173231510608655 2.282729859918426 2.4810319230249904 1.6646455073784843 1.8833162593755697 2.5025712262195645 2.2192825646387577 2.6128430936613496 3.604119286333362 3.6333846439346846 3.5006369818550835 3.6675665816130305 3.5114066334523706 2.6392989769329454 1.3277427106720543 0.2887054543946821 0.27793580279739505 -0.11562472622519637 -0.13412043222923264 -0.40757593365599476 -0.9085988557906446 -1.0804450356256132 -0.8402349804339537 -1.0804450356256132 -1.0912146872228998 -1.1869709372944288 -1.205466643298465 -1.0638223125080617 -0.5686524618936764 -0.6508295860381916 -0.728792498688116 -0.8079260256420935 -0.5550733359666626 -0.6693252920422275 -0.8304018202799095
0.6139021080605831 0.46359523142018855 0.9372257788399994 0.9976294769291307 0.725110466945611 0.7808317078185301 1.0102721114129016 1.3951700945855023 1.4956088018732423 1.5464134626691397 1.7163866596176236 1.8491343216972247 1.8940859109728567 1.9067285454566285 2.4918015746222775 2.8717829777178556 2.7788362019760537 2.56508203005599 2.8600768346773258 3.908713128247932 3.5884330546590526 1.7465885086621888 0.3980408303932248 0.5387486697403858 0.5483477070336198 -0.18586158446837153 -0.5199549068450748 -0.7524389076299851 -0.6040050138760749 -0.7210664442813668 -0.815886202909653 -0.8987656956365999 -0.9409078105825048 -0.9418443020257472 -0.9526139536230342 -0.954486936509519 -0.4115560222897745 -0.3275059152587749 -0.6850115237165366 -0.7826407566745504 -1.0823180185120975 -1.2494817411308548 -1.5325362798508508
0.6803930005307892 0.22713114200149853 0.7290905555793907 1.1676026738776146 0.8941471724508521 0.43409575095805497 0.39616784750674006 0.9781972794818516 1.4576808984219278 1.5084855592178243 1.0786359867695925 1.2212168090032378 1.499588890507023 1.3813568457976775 2.105030608563193 2.5250470208573805 2.4332708594196317 1.8891693308958342 2.3581174210994345 3.6694395644995152 3.191126559863492 1.3453019252328478 0.10210953432864667 0.37158494712162904 0.38141810727567327 -0.22098001358995933 -0.6028343995720218 -0.5627993903734119 -0.4143654966195016 -0.4094489165424795 -0.6449765145179267 -0.8030094455650709 -1.0120811602689224 -1.0130176517121647 -0.9739191339567972 -1.0130176517121647 -0.5569463188531474 -0.36754092445738484 -0.7952833911583217 -1.2581442869808463 -1.5580556716792042 -1.4016616006577345 -1.5550120744886669
0.7887918850860896 0.2018458730339554 0.45165496551884843 0.9351186730927044 1.185161888438408 0.7330706442131705 0.155957792315081 0.6471475542956862 1.2202803175599959 1.2242604061937756 0.7525028416604487 0.41958013358779844 0.9917764054088662 1.3141635847450397 1.8404717758472326 2.238948884946847 2.236841779199551 1.7320728912919323 1.7838140435310716 2.700873289326129 2.2426948507198166 1.3726942999476863 0.14799761504752107 0.13043840048672717 -0.12545788637924105 -0.4476109428546047 -0.6449765145179267 -0.6136040511693084 -0.59019176508825 -0.5482837730031558 -0.5969813280517573 -0.8910396412298507 -1.129376713535025 -1.157705579693106 -1.111817498974231 -1.2485452496876124 -0.9622129909162682 -0.8783970067460789 -1.2436286696105903 -1.7025094767993347 -1.54822251152516 -1.205466643298465 -0.9526139536230342
0.8473226002887353 0.4664047057499152 0.5982158763862744 1.0114427257169547 1.31018349611126 1.0357915032412555 0.2280676334447409 0.5005866434282602 0.838425931577933 0.9194324414183956 0.7066147609415747 0.1793700783961394 0.4820909374242248 1.4213918549962878 1.6255469896231167 1.5620996943434484 1.4986523990637801 1.5288542481083454 1.140210299162776 1.6138408465825878 1.7280928026581526 1.1411467906060189 0.84919558317522 0.7993274138225654 -0.005352858783411296 -0.6126675597260665 -0.7767876851542854 -1.01114466882568 -1.0228508118662094 -1.0530526609107747 -0.9046187671568644 -1.0853616157026353 -1.1059644274539666 -1.182990848660649 -1.380356420323971 -1.5463495286386753 -1.5433059314481374 -1.5159135567332993 -1.6399986729629088 -1.5913011179143073 -1.397915634884765 -0.836254891800174 -0.32165284373851044
0.5319591067768785 0.5104198035823053 0.8110335568630953 1.1041553785979463 1.1500434593168203 0.8658183062927716 0.33061344647977675 0.46148812567289355 0.5649704301511713 0.772169161968538 0.8023710110131033 0.5190823494322965 0.2702097483906458 1.0348550117980135 1.1891419770721878 1.1793088169181436 1.1978045229221799 1.2270698805235032 0.8072875910901258 1.196868031478937 1.545476971225897 1.4839026588327133 1.4438676496341039 1.589492069058287 0.9683641193278074 0.05130487353275015 -0.6770513464489767 -1.0560962581013125 -1.223962349302501 -1.2855366616956845 -1.3002864019267513 -1.2738305186551555 -1.1663681255430975 -1.2787470987321776 -1.5697618147197336 -1.8275310844721866 -1.8315111731059666 -1.8050552898343706 -1.4622994216076757 -1.2806200816186624 -1.1186070619377384 -0.7493953104394473 -0.07371673414010171
0.1412080520840142 0.502459626314745 0.8676912891792563 1.073953529553381 1.007462637083175 0.6567465915889201 0.1587672666448081 0.3570693297513725 0.4654682143066733 0.5532642871106423 0.7134043239050811 0.9224760386089326 0.8356164572482063 0.43620285670535 0.7262810812496632 1.2671048897221127 1.477113095869206 1.1207781017154979 0.9030438411616544 1.2692119954694077 1.1978045229221799 0.9810067538115792 1.018232288680462 1.355135085386892 1.2329229520437677 0.7426696815064044 0.040535221935463106 -0.5208913982883172 -0.8725439352258144 -1.117670570494496 -1.503270922249528 -1.4838387248022493 -1.2328590180133032 -1.3236986880078097 -1.6938469309493431 -2.0335592019855007 -2.164433881178617 -2.322700935086572 -1.70063649391285 -1.104793813149914 -0.8177591857961377 -0.6761148550057343 -0.06973664550632197
-0.006289350226653667 0.5396851611836277 0.8199302255738976 0.8110335568630953 0.6256082511011121 0.3090741432852031 -0.03836418215770365 0.18615964135964624 0.43315925951481216 0.42051662503104126 0.41958013358779844 0.6949086179010457 1.196868031478937 0.3493432753446233 0.15478717801102793 0.35519634686488777 0.58065666182548 0.5446017412606503 0.7398602071766778 1.040708083318278 0.9107698955684036 0.5221259466228343 0.1842866584731615 0.26131307967984396 0.3610494183851527 0.47717435734720226 0.15385068656778556 -0.2415828253412906 -0.6557461661152137 -1.0462630979472678 -1.595983575130519 -1.6165863868818504 -1.4487202956806615 -1.4505932785671463 -1.5404964571184108 -1.6498318331169533 -1.5805314663170207 -1.714215619839864 -1.2202163835295319 -0.7728075965205057 -0.535641138519384 -0.3666044330141425 0.2428173736758077
-0.17134596709811545 0.45469856270938624 0.8248468056509193 0.6881190549375384 0.15689428375832337 -0.22987668230076164 -0.22215062789401196 -0.00909882455638078 0.20863543599746226 0.2301747391920359 0.2231510533677188 0.2856618572041447 0.7857482878955517 0.5612244643782018 0.2055918388069249 0.07963373969083065 -0.15378675253732155 -0.09314893158738036 0.340446606633821 0.45469856270938624 0.693035635014561 0.5963428934997896 0.19482218720963784 -0.4094489165424795 -0.34108504118578864 -0.005352858783411296 0.14518814071779396 -0.2045914133332185 -0.7093603012408374 -1.2035936604119803 -1.4320975725631104 -1.4105582693685363 -1.442867224160397 -1.4681524931279402 -1.434907046892837 -1.0034186144189308 -0.7669545250002412 -1.0481360808337525 -1.2630608670578685 -0.9514433393189812 -0.6360798458071248 -0.2563325655723574 0.13254550623402261
-0.24064633389804824 0.08946689984487532 0.5338320896633633 0.6684527346294491 0.22900412488798327 -0.3001135405439368 -0.34717223556686383 -0.18094500439134942 -0.10087498599412958 -0.0774626999130712 -0.1907781645453941 -0.17509193287108493 0.20278236447719777 0.42051662503104126 0.20067525872990233 -0.05498690527525518 -0.2738917801331513 -0.3246964409290478 -0.02080496759690975 -0.18305211013864442 0.03374565897195625 0.10515313151918448 0.12060524033268294 -0.40851242509923713 -0.5658429875639492 -0.2191070307034746 -0.16338578983055552 -0.4389483970046131 -0.9203049988311736 -1.1420193480187968 -1.2747670100983979 -1.2532277069038242 -1.4545733672009264 -1.4564463500874107 -1.1321861878647521 -0.6770513464489767 -0.28068134309665815 -0.6761148550057343 -1.0902781957796575 -1.3098854392199852 -1.016997740345945 -0.6887574894895061 -0.5002885865369859
-0.3598148700506356 -0.22987668230076164 0.19482218720963784 0.6567465915889201 0.4010844275837626 -0.17719903861837993 -0.4291152368505684 -0.4115560222897745 -0.3773740846114295 -0.4017228621357303 -0.5424307014828909 -0.5920647479747347 -0.31181968358446577 -0.046324359425263584 -0.08916884295360061 -0.15659622686704866 -0.33921205829930434 -0.4389483970046131 -0.3481087270101062 -0.5365776299626264 -0.730899604435411 -0.35887837860739324 0.0836138283246104 -0.2963675747709673 -0.4155361109235547 -0.18492509302512916 -0.34108504118578864 -0.7866208453083301 -0.9633836052203208 -1.116499956190443 -1.180181374330922 -1.1879074287376712 -1.3344683396050967 -1.31971859937403 -1.194696991701178 -0.7767876851542854 -0.3977427735019501 -0.5658429875639492 -1.104793813149914 -1.4145383580023165 -1.290453241772707 -1.1956334831444204 -1.0912146872228998
-0.48179288053294966 -0.4007863706924879 -0.06575655687254223 0.29853861454872677 0.2563964996028214 0.010333372890897863 -0.45065454004514205 -0.6840750322732942 -0.6351433543638825 -0.663472220521963 -0.7620379449232186 -0.7807677737880656 -0.7318360958786534 -0.5248714869220974 -0.501459200841039 -0.5042686751707657 -0.5267444698085821 -0.5023956922842814 -0.5510932473328825 -0.5473472815599134 -1.0151247574594602 -0.8929126241163354 -0.5384506128491111 -0.4799198976464649 -0.17719903861837993 -0.12545788637924105 -0.4202185681397661 -0.9467608821027698 -1.1438923309052815 -1.23964858097681 -1.2778106072889353 -1.2719575357686708 -1.3049688591429631 -1.2738305186551555 -1.1752647942538994 -0.9359912305054827 -0.6332703714773977 -0.5981519423558099 -0.781704265231308 -1.217172786338994 -1.1635586512133704 -1.3480474655321104 -1.2436286696105903
-0.5492202644463982 -0.4494839257410894 -0.29824055765745205 0.040535221935463106 0.3462996781540859 0.1383985777542871 -0.4956061293207741 -0.8879960440393129 -0.8100331313893885 -0.7971563740448064 -0.8910396412298507 -0.9135154358676667 -0.9076623643474022 -0.8608377921852854 -0.785450231004277 -0.793410408271837 -0.6850115237165366 -0.6615992376354782 -0.4867094606099722 -0.43988488844785545 -0.7327725873218958 -1.138975750828259 -0.7718711050772633 -0.26593160286559137 0.06886408809354361 -0.1409099951927395 -0.5852751850112279 -1.0579692409877972 -1.5004614479198009 -1.582404449203505 -1.54822251152516 -1.5383893513711153 -1.4145383580023165 -1.3157385107402502 -1.1762012856971418 -1.0209778289797247 -0.7112332841273221 -0.2415828253412906 -0.31579977221824596 -0.8069895341988511 -0.8783970067460789 -1.0998772330728914 -1.282493064505147
-0.59019176508825 -0.5911282565314924 -0.43098821973705315 -0.18796869021566698 0.17538998976235964 0.24188088223256532 -0.3860366304614211 -0.8968927127501152 -0.9046187671568644 -0.9144519273109091 -0.9467608821027698 -0.943717284912232 -0.9144519273109091 -1.0052915973054155 -0.9643200966635632 -0.9455902677987167 -0.881206481075806 -0.759228470593492 -0.5042686751707657 -0.21419045062645248 -0.34717223556686383 -0.7835772481177927 -1.0998772330728914 -0.49068954924375197 0.17445349831911727 0.03374565897195625 -0.7358161845124336 -1.094024161552627 -1.6418716558493935 -1.9485726035112585 -1.9047916285396793 -1.6566213960804603 -1.4573828415306531 -1.3274446537807791 -1.1429558394620392 -0.9692366767405858 -0.567715970450434 -0.046324359425263584 0.09133988273135962 -0.4583805944518913 -0.6477859888476538 -0.8997021870798423 -1.1928240088146933
-0.5920647479747347 -0.6927375781232858 -0.501459200841039 -0.3684774159006272 -0.14301710094003495 -0.02665803911717468 -0.25726905701559977 -0.7124038984313752 -0.8879960440393129 -0.988668874187864 -1.0092716859391957 -0.9397371962784522 -0.8538141063609679 -0.9203049988311736 -0.8851865697095862 -0.8528776149177255 -0.9856252769973266 -0.8676273551487923 -0.5276809612518241 -0.2015478161426807 -0.22004352214671696 -0.21231746773996774 -0.7924739168285946 -0.6751783635624924 -0.0599034853522773 0.29853861454872677 -0.43309532548434815 -0.7426057474759404 -1.3040323676997208 -1.828467575915429 -2.027706130465236 -1.7092990397628416 -1.2152998034525093 -1.2094467319322448 -0.9809428197811147 -0.5403235957355959 -0.2973040662142097 -0.3977427735019501 -0.41342900517625925 -0.47687630045592755 -0.7170863556475866 -1.0345569549067388 -1.4466131899333665
-0.5541368445234203 -0.6887574894895061 -0.5824657106815008 -0.5141018353248104 -0.36473145012765773 -0.28559792317368027 -0.4232621653303039 -0.6262466856530802 -0.781704265231308 -0.9292016675419759 -1.0638223125080617 -1.044390115060783 -0.8861230611528286 -0.7884938281948148 -0.813779097162358 -0.8294653288366671 -0.9837522941108419 -0.9572964108392461 -0.7220029357246092 -0.4956061293207741 -0.5325975413288466 -0.28349081742638527 -0.5433671929261332 -0.5344705242153314 -0.03836418215770365 0.513229277912032 0.2748922056068577 -0.08916884295360061 -0.6323338800341554 -1.3822294032104558 -1.7640837891925183 -1.5346433855981458 -0.9914783485175911 -0.889166658343366 -0.9252215789081957 -0.8100331313893885 -1.2436286696105903 -1.7249852714371507 -1.553139091602182 -0.9846887855540842 -1.0453266065040254 -1.5365163684846306 -2.0600150852570964
