static/data/ASCData/20210104/ASCU/06.asc
ncols 97
nrows 97
xllcorner 99.0
yllcorner 2.0
cellsize 0.25
NODATA_value -32767
[rows 57 to 75 of 97, columns 0 to 42 of 97]
-3.7285392090298255 -4.007796296108092 -4.019732732235691 -4.2998225939275105 -3.582248468582265 -2.6945107305342586 -2.368340673559147 -2.779453741116713 -3.5186800064143493 -3.739365279006021 -3.5361682732989723 -2.6437114791074965 -1.275462789039134 0.7401293672981311 3.0202662592075504 1.9823514991820672 -2.6242800714579153 -3.933679355501832 -3.575308680135986 -3.987532113844957 -3.7246529274999096 -3.741308419770979 -4.2823343270428875 -4.3056520162223855 -4.391705392956244 -4.322307508493455 -4.273451397831651 -3.9786491846337197 -4.093849672841951 -4.137709135822433 -3.9786491846337197 -3.9658799738925667 -3.725763293651314 -3.366282252134063 -2.777510600351755 -2.441624839551853 -2.210113496983986 -2.987369802967231 -3.386824025935049 -2.223715482338693 -1.2812922113340084 -1.7951141478965036 -2.81942692256728
-3.7102181675316492 -4.160194050388378 -4.297879453162553 -4.61822008784279 -4.122164009702769 -3.2394229193360835 -3.004025295238301 -3.369335759050426 -3.6377667761524966 -3.669967394543231 -3.285225523081525 -2.3702838143241047 -1.0148043349968958 0.35233398892006207 2.5916649247653614 2.9666910924022774 -0.6153501120290779 -3.425964432772062 -4.024451788379161 -4.413079941370784 -4.463879192797545 -4.400588322167481 -4.058595547534853 -4.061649054451216 -3.8154253603772386 -3.7277064344162723 -3.835967134178224 -3.776562545078076 -3.922853285525637 -3.748248208217258 -3.5869675247257344 -3.22665370859493 -2.9707143106961618 -2.1309999086964058 -1.4317468248493366 -2.272571593000497 -2.7414237004311044 -2.896597370089902 -3.44456306580809 -2.5762567354096646 -2.5859724392344554 -3.0909114465857135 -3.4961950918484055
-3.9531107631514133 -4.478591544303657 -4.812534164338601 -4.964931918618888 -4.469986206630271 -3.845960429540866 -3.6163922277379577 -3.6211112838814272 -3.7304823497947837 -3.628051072327706 -3.028453350569203 -2.336972829781966 -1.7023985742542165 -0.36052108028171403 0.17273226393036234 0.5202768693200133 -0.3047251811736311 -3.1133963611516573 -4.277337679361567 -4.293160397019083 -4.426959518263342 -4.005853155343133 -3.6613620568698453 -3.2793961007866503 -3.0334499982505236 -2.855513822487931 -2.922135791572209 -3.032339632099119 -3.154479908753629 -3.02068078750937 -2.9074234400660974 -2.540169835489014 -1.893659143833665 -1.0528343756825045 -0.5079221868806796 -1.3456934481154772 -2.713109363570286 -3.6094524392916787 -4.685674831540622 -4.903306597215931 -4.87915613342288 -4.097735954371867 -4.475815628925146
-4.476648403538699 -5.002961959304496 -5.668071283995873 -5.625044595628943 -4.84584514888074 -4.219876231026377 -3.9972478176697477 -3.9531107631514133 -3.865391837190447 -3.743251560535937 -3.2149948640051815 -3.0734231797010905 -2.6631428867570777 -2.662310112143524 -2.1290567679314476 -1.8858865807738325 -2.266742170705623 -3.128108712657769 -3.5070211618246008 -3.4884225287885733 -4.136876361208881 -3.584191609347223 -2.954336409962943 -2.571537679266195 -2.2120566377489443 -2.0185753358666867 -1.8703414546541677 -1.94751190217679 -1.986374717475952 -1.9033748476584555 -1.8017763448049313 -1.6016328460142457 -0.9551221543588966 -0.9151489729083297 -0.5292967352952189 -1.357629884243077 -3.3371351406596914 -5.487359192854768 -7.019664481793166 -7.235353106703517 -6.124986955298881 -5.343844367785719 -5.204215824246587
-4.982420185503511 -5.833238249017313 -6.398692211620124 -5.550927655022685 -4.883042414952795 -4.551875710296363 -4.2998225939275105 -4.222652146404888 -4.067478476746091 -3.9855889730799987 -3.9367328624181948 -3.951167622386455 -4.165190698069699 -4.261792553241902 -4.200444823376796 -4.112448305877979 -3.499248598764768 -3.1172826426815736 -1.760970388740811 -2.6084573538003992 -3.7521344897471742 -3.4054226589710765 -2.794998867236378 -2.403317207328393 -2.017742561253133 -1.4142585579647136 -1.140830893181322 -1.0489480941525882 -0.9667809989486451 -0.8116073292898474 -0.765804725544406 -0.7014034887629372 -0.9523462389803852 -1.0264631795866443 -2.006083716663384 -3.061764335111342 -5.391590112296119 -7.871315319920521 -8.629972992867739 -7.580121796714655 -6.445327589979119 -5.756067801494691 -5.606445962592916
-5.1534165728198245 -6.526384319031656 -6.341785946360636 -5.447386011404202 -5.0812427729785234 -4.834186304290991 -4.518564725754224 -4.437507996701686 -4.292050030867678 -4.274561763983055 -4.469986206630271 -4.601564595571721 -4.838072585820908 -4.909413611048656 -4.771728208274481 -4.394758899872607 -3.5803053278173067 -2.747253122725979 -1.1982923415165119 -3.036225913629035 -4.573250258710902 -4.069421617511049 -3.1797407386980843 -2.7902798110929083 -2.445511121081769 -1.6826895750667843 -0.9306940990279946 -0.7130623333526858 -0.711119192587728 -0.520691397621833 -0.4698921461950709 -0.8352026100071961 -1.3545763773267143 -2.3106016336861055 -3.669967394543231 -5.666128143230916 -7.761944254007165 -8.92199929068716 -8.28048524671313 -7.381921438688929 -6.6884977771367335 -6.134980250661522 -5.984525637146195
-4.935784807144516 -6.228528598917363 -6.097782984589467 -5.703325409302971 -5.34884101546704 -5.013788029280692 -4.701219957660287 -4.467765474327462 -4.308705523138748 -4.44555815129937 -4.504129965785964 -4.619330453994195 -4.7051062391902025 -4.750076068322091 -4.7881061090077 -4.5782469063922235 -4.054709266004937 -3.6533119022721614 -3.601679876231846 -4.954105848642692 -5.643643228664971 -4.575193399475861 -3.384048110556537 -2.8321961333084333 -2.711166222805328 -2.5371163285726515 -1.9289132691407622 -1.3584626588566306 -1.1769177931019725 -1.1377773862649592 -1.1350014708864475 -1.4786597947461824 -2.35473868820444 -3.8720540340988747 -5.979528989464873 -8.056746467205096 -8.871200039260396 -8.755999551052165 -8.200261292274146 -7.385807720218844 -6.755952520834565 -6.41229419697483 -6.339842805595678
-5.253071934908391 -5.970923651791487 -5.9259538226596 -5.837957305160782 -5.538158444281531 -5.190613838891879 -4.873049119590154 -4.514678444224308 -4.2881637493377625 -4.241250779440916 -4.19433780954407 -4.26373569400686 -4.350621845354273 -4.439451137466643 -4.607671609404446 -4.7353637168159795 -4.9416142294393905 -5.0695839283887745 -5.4376703075794115 -5.675011072442152 -5.542044725811447 -4.629046157818985 -3.624997565411343 -3.0656506166412583 -3.018737646744412 -3.2460851162445112 -2.952393269197985 -2.367230307407742 -2.2609127484107483 -2.3936015035036022 -2.4863170771458893 -2.8829953847351955 -3.9775388184823153 -5.682783635501984 -7.486573448458815 -8.725742073426389 -9.149624351725109 -8.822343928598592 -8.00511444116478 -7.153463603037425 -6.712093057854082 -6.51278233367695 -6.3390100309821245
-5.191446613505433 -6.06752550696369 -6.229638965068768 -6.045040592397747 -5.759954083024606 -5.372158704646537 -4.853617711940573 -4.432788940558216 -4.150478346563587 -3.9794819592472734 -3.9064753847924187 -3.70799743522884 -3.7773953196916294 -4.102732602053187 -4.484420966598531 -5.126212602110411 -5.577298851118544 -5.65058301711125 -5.711097972362802 -5.671124790912236 -5.284439778685572 -4.433621715171769 -3.5939073131720134 -3.136714050331155 -3.1250552057414063 -3.12116892421149 -2.8496844001930564 -2.724768208160035 -3.0334499982505236 -3.4892553034021265 -3.8370775003296287 -4.571307117945944 -5.605613187979362 -6.787320364611746 -8.199428517660591 -8.906454164567494 -9.251222854578632 -8.806798802478927 -7.9101781352196845 -7.121262984646691 -6.686554636371776 -6.463093448401592 -6.39563870470376
-5.13093165825388 -5.965094229496613 -6.117214392239049 -5.704158183916524 -5.43267365989809 -5.071527069153733 -4.561591414121153 -4.131046938914006 -3.801823375022532 -3.575308680135986 -3.4728774026689084 -3.3476836190980355 -3.3976500959112443 -3.7060542944638817 -4.3242506492584125 -5.0254468738704405 -5.642810454051418 -5.732472520777343 -5.563696865763838 -5.177011853537174 -4.762845279063244 -4.030281210674035 -3.1339381349526434 -2.78833667032795 -2.854681047874377 -2.877165962440321 -2.8291426263920707 -3.3351919998947333 -3.924796426290595 -4.592959257898334 -5.144533643608588 -5.815472390594838 -6.599668485024363 -7.725579762548664 -8.799859014032648 -9.489396394054927 -9.482456605608649 -8.759885832582082 -7.93071990902067 -7.275603879691934 -6.905296768198489 -6.83617647527355 -6.793982561520174
-4.903306597215931 -5.114276165982812 -4.969928566300208 -4.575193399475861 -4.561591414121153 -4.232645441767531 -4.048879843710063 -3.628051072327706 -3.3615631959905934 -3.202225653264028 -3.034282772864077 -2.981540380672357 -3.0401121951589514 -3.4081985743495884 -4.03139157682544 -4.822249868163392 -5.414075026862063 -5.447386011404202 -5.13093165825388 -4.637929087030223 -4.080247687487244 -3.3615631959905934 -2.3663975327941884 -2.02662549046437 -2.724768208160035 -2.9893129437321893 -3.657475775339929 -4.604618102488083 -5.245299371848558 -5.837124530547229 -6.2784950757305715 -6.581069851988335 -7.360546890274389 -8.358488468849306 -9.397513595026194 -9.644570063713726 -9.235400136921116 -8.31851528739874 -7.9357165567019905 -7.473804237717662 -7.388861227135207 -7.296145653492921 -6.775383928484146
-4.340906141529482 -3.9747629031038034 -3.9658799738925667 -3.645539339212329 -3.617225002351511 -3.6474824799772874 -3.4728774026689084 -3.3007706492011897 -3.080085376609518 -2.985426662202273 -2.8410790625196705 -2.8027714302962106 -2.782229656495225 -3.1467073456937964 -3.725763293651314 -4.515788810375712 -5.071527069153733 -5.0870721952733975 -4.580190047157181 -4.093016898228397 -3.4767636841988243 -2.6631428867570777 -1.687686222748105 -2.1543175978759033 -2.883828159348749 -3.9356224962667903 -4.8028184605138105 -5.880983993527712 -6.447270730744076 -6.887808501313866 -6.986353497251027 -7.289205865046641 -7.8566029684144105 -8.84593920931594 -9.152400267103621 -9.044139567341668 -8.206090714569019 -7.262834668950781 -7.22674776903013 -7.732519550994942 -7.642579892731167 -7.222861487500214 -6.706263635559208
-3.807652797317406 -3.430683488915532 -3.7060542944638817 -3.3596200552256352 -2.9404568330703853 -2.9707143106961618 -3.3007706492011897 -3.2149948640051815 -3.14754012030735 -3.123112064976448 -3.023456702887882 -2.8996508770062652 -2.839968696368266 -3.0684265320197697 -3.648592846128692 -4.214879583345056 -4.769785067509523 -4.725648012991188 -4.183789331105727 -3.7060542944638817 -3.1661387533433776 -2.349742040523119 -2.225658623103651 -2.6925675897693004 -4.167133838834657 -5.289158834829041 -5.929840104189516 -6.7129258324676355 -7.240349754384837 -7.513777419168228 -7.603717077432005 -7.718917565640236 -8.287147443621558 -8.567514896851229 -8.727685214191347 -8.066462171029887 -7.306694131931264 -6.536377614394299 -6.649634961837571 -7.274493513540531 -7.452152097765271 -7.032433692534319 -6.988296638015985
-3.6621948314833985 -3.477596458812378 -3.631104579244069 -3.1572558241321405 -2.698397012064175 -2.9074234400660974 -3.292998086141357 -3.4062554335846302 -3.4326266296804904 -3.7060542944638817 -3.594740087785567 -3.3487939852494404 -3.2149948640051815 -3.4240212920071045 -3.816535726528643 -4.3311904377046915 -4.56547769565107 -4.473872488160188 -4.106618883583105 -3.6633051976348034 -3.3068776630339154 -3.3332488591297755 -3.3732220405803424 -4.2765049047480135 -5.811586109064923 -6.5930062881159355 -6.956096019625251 -7.305861357317712 -7.818572927728802 -8.071458818711207 -7.960144612032893 -8.01483014498957 -8.075345100241124 -8.260776247525698 -8.005947215778335 -7.251175824361033 -7.177891658368326 -6.847835319863298 -6.597725344259405 -6.853664742158173 -7.121262984646691 -7.276436654305488 -7.314466694991097
-3.6427634238338173 -3.7227097867349515 -3.7160475898265233 -3.384048110556537 -3.1925099494392377 -3.508964302589559 -3.880936963310112 -3.8154253603772386 -3.9658799738925667 -4.517731951140671 -4.500243684256048 -4.029448436060482 -3.776562545078076 -3.8351343595646705 -4.21099330181514 -4.586019469452055 -4.739249998345896 -4.558815498742642 -4.325361015409817 -4.108562024348062 -4.250133708652154 -4.584076328687098 -5.113443391369257 -5.950381877990502 -6.700434213264334 -7.235353106703517 -7.542091756029047 -7.924057712112242 -8.204147573804061 -8.123090844751523 -8.022602708049403 -7.980686385833879 -7.932663049785628 -7.751950958644523 -7.32251684958878 -6.621320624976753 -6.894748289760145 -7.036319974064236 -6.802865490731411 -6.9494338227168235 -7.2042628544641865 -7.490459729988732 -7.776379013975426
-3.8154253603772386 -4.078304546722286 -4.806704742043727 -4.942447004052944 -4.63487558011386 -4.935784807144516 -5.349673790080594 -5.0451558730578725 -5.260844497968224 -5.482640136711299 -5.1545269389712285 -4.758958997533328 -4.430845799793258 -4.446390925912922 -4.643758509325097 -4.864443781916768 -5.0509852953527465 -5.058757858412579 -4.962156003240376 -5.1464767843735455 -5.476810714416425 -5.88986692273895 -6.415070112353342 -6.872263375194201 -7.24812231744467 -7.598720429750683 -7.928776768255712 -8.188602447684396 -8.101716296336983 -8.01483014498957 -7.867429038390606 -7.738348973289817 -7.6084361335754735 -7.4560383792951885 -7.242292895149795 -6.821464123767439 -6.58218021813974 -6.810638053791243 -7.000233074143585 -7.166232813778578 -7.352774327214556 -7.7236366217837045 -8.048973904145264
-4.964931918618888 -4.2881637493377625 -4.96298877785393 -5.28638291945053 -5.314697256311348 -6.225752683538852 -7.023550763323082 -6.494183700640923 -6.526384319031656 -6.8117484199426475 -6.422009900799621 -5.820469038276159 -5.334128663960929 -5.241413090318642 -5.366329282351663 -5.56175372499888 -5.7463520976699005 -5.833238249017313 -5.945385230309181 -6.292097061085279 -6.775383928484146 -7.042982170972664 -7.3183529765210125 -7.496289152283605 -7.678944384189668 -7.883806939123824 -8.071458818711207 -8.23246191066488 -8.016773285754528 -7.803860576222689 -7.589837500539447 -7.477690519247579 -7.350831186449598 -7.170119095308495 -7.031323326382915 -6.897524205138656 -6.203267768972907 -5.9395558080143065 -6.054756296222537 -6.35955180478311 -6.792039420755216 -7.255894880504503 -7.48546308230741
-6.076408436174928 -4.619330453994195 -3.545883977123763 -3.9542211293028178 -4.419186955203509 -5.569526288058712 -7.473804237717662 -8.09588687404211 -7.84688726458962 -7.473804237717662 -7.259781162034418 -6.765668224659356 -6.552755515127517 -6.503066629852159 -6.493350926027369 -6.493350926027369 -6.642695173391292 -6.717922480148957 -7.087952000104551 -7.411346141701152 -7.633974555057781 -7.733629917146347 -7.779432520891788 -7.8926898683350615 -7.871315319920521 -7.927943993642158 -8.013719778838166 -8.092833367125747 -7.789148224716579 -7.444379534705439 -7.32723590573225 -7.328346271883655 -7.2345203320899625 -7.027437044852999 -6.80980527917769 -6.437555026919286 -5.609499469509279 -4.979644270124999 -4.489417614279852 -4.842791641964378 -5.424068322224704 -5.768559420697993 -5.628098102545307
-6.99912270799218 -6.299036849531557 -5.0812427729785234 -4.656250128528399 -4.746189786792174 -4.710102886871524 -6.2179801204790195 -8.130863407811356 -8.219970291461577 -7.987348582742307 -8.149462040847384 -7.496289152283605 -7.388861227135207 -7.448265816235356 -7.483519941542452 -7.453262463916676 -7.489349363837327 -7.57151645904127 -7.898519290629935 -8.108656084783263 -8.202204433039103 -8.018716426519488 -7.980686385833879 -7.877977516828949 -7.838004335378383 -7.8263454907886345 -7.85160632073309 -7.606492992810516 -7.250065458209628 -6.963035808071529 -6.99412606031086 -7.025493904088041 -7.160403391483703 -7.047978818653984 -6.682668354841859 -6.173010291347131 -5.251128794143432 -4.301765734692469 -3.741308419770979 -3.850679485684336 -4.368387703776747 -4.327304156174775 -4.050822984475021
