static/data/ASCData/20210104/ASCU/09.asc
ncols 97
nrows 97
xllcorner 99.0
yllcorner 2.0
cellsize 0.25
NODATA_value -32767
[rows 57 to 75 of 97, columns 0 to 42 of 97]
-3.5236323886356935 -3.7385191453555904 -3.7491835005277934 -4.229879309914858 -3.519899864325422 -2.4446662540880224 -1.5267318826406222 -1.5843194005705201 -1.9162474553053481 -1.1486804917860143 0.01933300844955399 1.3785050751468666 1.9607788675491684 1.4547552146281206 2.5662476324510117 2.1599357003900646 -0.7580984836040678 -2.3254920850386505 -2.4054747488301755 -2.0482188505613643 -1.1593448469582177 -1.1545458871307264 -2.1447312648698045 -2.4739932308115815 -2.7112751333931056 -3.1029235770922723 -3.3479371371736435 -3.525765259670134 -3.442583289326948 -3.3255419913120168 -3.147713868815526 -2.750200029771648 -2.3694825501239896 -2.2668381315915322 -1.603781848759791 -1.0236409273919307 -0.6242608261929163 -1.8399973158240945 -2.2415102880575493 -1.6888300812581125 -1.1097555954074725 -1.8567936752203147 -3.2532909850203393
-3.682797889580828 -3.872356802766742 -3.9750012212991988 -4.5148842018919915 -4.213082950518638 -3.147713868815526 -2.6448895224461397 -2.6779490234799703 -2.5139845627073445 -1.6858973835857565 -0.5773376634352219 0.6402650883510925 1.4646197431624084 2.6011733956399774 3.7449254878587834 5.055308129643267 2.8581843552900774 -1.6437731806555536 -3.329274515622288 -2.602765319515937 -2.344954533227922 -2.22684679969577 -2.1927208631447193 -2.51585082486248 -2.675016325807614 -2.8939022157170875 -2.8429799197698165 -3.097858008385476 -3.0970581817475606 -2.732603843737512 -2.530514313224259 -2.074613129612567 -1.6917627789304683 -1.0500352064431335 -0.24940874188996975 -0.4610961920582053 -0.7287715068805087 -1.5568586860020965 -2.3870787361581245 -2.0783456539228387 -2.51585082486248 -3.2698207355372544 -4.286400392327535
-4.02858960603952 -4.004061589143452 -4.3919775085323485 -4.855610349643888 -4.554075707149839 -3.831299035353759 -3.3362063464842198 -3.0831945200236963 -2.79125779718463 -2.166326584093516 -1.1468142296308788 -0.13609996818530945 0.8463537520539215 1.9869065377210657 3.211707729248617 4.493829829826762 3.630550278636903 -1.2201316714397765 -3.7718452552687256 -2.439600685381226 -2.45239791158787 -2.5833028713266657 -2.545177801586039 -2.61342967468814 -2.767796215805783 -2.585169133481801 -2.435868161070955 -2.7014106048588173 -2.58037017365431 -2.3470874042623624 -2.16232745090394 -1.69656173875796 -1.105756462217896 -0.46322906309264633 0.2614138708585694 0.15690319017097698 -1.0471025087707777 -2.555842156758242 -3.897684646300725 -4.437834235772823 -4.839080599126973 -4.577537288528687 -5.567722666267764
-4.38104654448084 -4.342921474740213 -5.2571233218773425 -5.509068712820646 -4.729770958611889 -4.006194460177894 -3.591084435099879 -3.2951485790712374 -2.9914810655427475 -2.563840423137395 -1.802938681600688 -1.2355949864394713 -0.2901999004236475 0.5309554478360083 1.756556466001474 2.6022398311571977 1.9637115652215242 -0.2806019807686644 -1.9935640303038222 -1.2171989737674207 -2.5785039114991744 -2.7688626513230035 -2.616362372360496 -2.683814418824682 -2.5763710404647338 -2.394810393657972 -2.3841460384857687 -2.5579750277926827 -2.2473756834022613 -2.282568055470532 -2.0812783515951945 -1.5355299756576897 -0.9436582636004056 -0.7277050713632884 -0.1771577355982923 -0.5472108600737471 -2.5510431969307508 -5.087293465760005 -6.690679265900774 -7.164443244425906 -6.260105925823065 -5.997229570828253 -6.431002217457623
-4.516750464047127 -5.135016455155615 -5.971101900656355 -5.240593571360428 -4.54314474309833 -4.0773790309523505 -3.6420067310471502 -3.480708359067575 -3.214099479762492 -3.0296061352833745 -2.885903949337935 -2.461196004604938 -2.1585949265936684 -1.3987596205741823 -0.6341253547272041 0.06225703801767235 1.3131858997171215 1.3649080223023078 1.2926570160106299 -0.7189069783462205 -3.0754628625238487 -3.0013455940770357 -2.815785814080698 -2.5411786683964626 -2.374281509951481 -2.0031619499588054 -2.1409987405595334 -2.414272841847243 -2.1681928462486515 -2.102873670818906 -1.9613043559079073 -1.4670114936762833 -1.3030470329036574 -1.0929592360112519 -1.8146694722901116 -2.8029885878740544 -5.4437495373909 -7.903483057859596 -8.680914549913219 -7.648604969243937 -6.728804335641401 -6.823450487794705 -7.307878821492041
-4.46129581715167 -5.808737093159559 -5.744484353247034 -4.993447140244616 -4.54314474309833 -4.169092485433299 -3.840097128370827 -3.715057563976743 -3.7014605111321837 -3.70545964432176 -3.856626878887742 -3.7102586041492516 -3.524698824152914 -3.018941780111171 -2.2396440259024137 -1.2385276841118276 0.21848984129045101 1.2702618701490036 1.285725185148698 -2.9621540888191884 -4.973984692055344 -3.992330798454029 -2.873373332010596 -2.494522114518073 -2.2649718694363967 -1.8245340008243998 -1.4563471385040803 -1.8967850071160772 -1.9173138908225686 -1.8157359078073319 -1.7493502968603662 -2.1018072353016857 -2.172191979438228 -2.7699290868402238 -3.9358097160413514 -5.867391046606677 -8.208217006905306 -9.028572528527047 -8.222880495267086 -7.413455937696853 -7.192703785632245 -7.507035654332938 -8.01492556940912
-4.174957880778011 -5.580253283595103 -5.483740869286663 -5.030505774468022 -4.569539022149534 -4.2728033394829765 -4.099774176813978 -4.039253961211724 -4.1896213691397906 -4.467961039134297 -4.519683161719483 -4.446632328789891 -4.057916582763079 -3.5276315218252696 -2.91816362373385 -2.09994097314655 -1.3939606607466906 -1.5011374302273341 -2.563840423137395 -4.54314474309833 -5.086227030242784 -3.855827052249827 -2.7971231925293423 -2.536379708568971 -2.4084074465025314 -1.9807668040971782 -1.6994944364303157 -1.5920510580703673 -1.410490411263606 -1.500337603589419 -2.0804785249572793 -3.322609293639661 -4.690579453354042 -5.856726691434474 -7.153512280374398 -8.640923218017456 -9.062698465078096 -8.756098253877251 -8.138098871648069 -7.571555003124768 -7.48570694398853 -7.983732330530426 -8.511884520433796
-3.9896647096609783 -4.867341140333311 -4.908398907746294 -4.781493081197075 -4.578337115166601 -4.513817766374771 -4.4642285148240255 -4.413306218876755 -4.535413085598483 -4.636991068613719 -4.4826245274960765 -4.372248451463772 -4.110705140865486 -3.773711517423861 -3.5441612723421847 -3.2708871710544747 -3.3351399109669995 -3.8528943545774705 -4.5764708530114655 -4.41143995672162 -3.7814431749237087 -2.683814418824682 -2.0335553621995848 -2.0042283854760257 -2.1076726306463978 -2.3665498524516333 -2.6496884822736315 -2.3537526262449893 -1.9319773791843482 -2.1263352521977534 -3.06186580967929 -4.614595922752093 -6.310761612891031 -7.661402195450581 -8.691578905085422 -9.271719826453282 -9.09389170395679 -8.682780812068353 -7.878155214325613 -7.326541443043396 -7.622477299072038 -8.588134659915049 -9.218931268350875
-4.026723343884385 -4.852944260850837 -5.110755047138852 -4.981716349555192 -4.876139233350379 -4.769762290507651 -4.657519952320211 -4.6780488360267025 -4.615395749390008 -4.539412218788059 -4.436767800255603 -4.137099419916689 -3.97980018112669 -4.023790646212029 -4.0120598555226055 -4.301063880689315 -4.645789161630788 -4.879071931022735 -5.003311668778903 -4.423970574048958 -3.2532909850203393 -1.8967850071160772 -0.9649869739448125 -1.1457477941136585 -2.139932305042313 -2.6155625457225806 -3.1037234037301875 -3.0959917462303403 -2.792324232701851 -3.3655333232077793 -4.583402683873398 -5.921246040226304 -7.2796182802857015 -8.424170199142424 -9.496471111707466 -9.609779885412127 -9.124285116197571 -8.33325657129939 -7.2726864494237695 -6.913297680120518 -7.72378867320797 -8.89766756878825 -9.690828984720872
-4.2112166883635025 -4.935859622314718 -5.233661740498495 -5.013976023951107 -4.97585095421048 -4.958254768176345 -4.839080599126973 -4.75029984231838 -4.614595922752093 -4.360517660774349 -4.237610967414706 -4.053117622935588 -4.012859682160521 -4.094975216986486 -4.399709166032196 -4.730837394129109 -4.977717216365615 -5.112621309293988 -4.8625421805058195 -3.8998175173351655 -2.69261251184175 -1.1497469273032346 -0.24940874188996975 -1.355835591006064 -2.7395356745994444 -2.93495998313007 -3.0743964270066284 -3.7385191453555904 -4.119503233882554 -5.073429804036141 -6.055883524275371 -7.121252605978483 -7.676065683812361 -8.755031818360031 -9.689762549203651 -9.806004020580668 -8.97578397042464 -7.9064157555319525 -6.847978504690772 -6.609630166592028 -7.538228893211633 -9.207200477661452 -10.078478295230463
-4.114437665175757 -4.265871508621045 -4.316793804568315 -4.136032984399469 -4.628192975596652 -4.650588121458279 -4.699377546371109 -4.568739195511618 -4.490622793875229 -4.264005246465908 -4.048052054228791 -3.963270430609775 -3.9387424137137073 -4.145897512933757 -4.453297550772517 -4.730837394129109 -4.931860489125142 -4.803088400420786 -4.387978375342772 -3.4359180673443213 -2.1359331718527366 -0.6095973378311368 0.08945114370679086 -1.0404372867881508 -3.2375610611413395 -3.558024934066049 -3.927011623024284 -5.351769474030647 -6.1252018328946924 -6.811719697105281 -7.468910584592311 -7.403591409162566 -7.943740998634663 -8.61852807215583 -9.444482380242976 -9.753215462478261 -8.940591598356368 -7.709391793725496 -6.618428259609097 -6.39101088556186 -7.059932563738314 -8.68571350974071 -9.5401949679135
-3.611613318806371 -3.191704333900865 -3.3868620335521857 -3.323409120277576 -3.8049047563025558 -4.438634062410738 -4.5042198467197885 -4.365583229481145 -4.246409060431773 -4.0275231705223 -3.8265000755262677 -3.7590480290620816 -3.7883750057856407 -3.998196193798741 -4.339188950429942 -4.614595922752093 -4.600732261028228 -4.392777335170264 -3.790241267940776 -3.014942646921595 -1.7941405885836201 -0.7434349952422883 -0.06278252637641168 -1.292382677731454 -3.4564469510508125 -4.5911343413732455 -5.39389367696085 -7.0841939717550755 -7.7141907535529874 -8.073579522856239 -7.981599459495985 -7.908548626566393 -7.81870143424058 -8.471093361900117 -8.981649365769352 -9.349836228089671 -8.900600266460605 -7.713124318035767 -6.602698335730096 -6.240376868754488 -6.890902534258891 -7.459312664937327 -8.300996896903476
-2.770728913478139 -2.3724152477963454 -3.11172167010934 -3.014942646921595 -2.990414630025527 -3.62521037165093 -4.314660933533874 -4.2218810435357055 -4.014992553194961 -3.782509610440929 -3.6185451496683028 -3.52869795734249 -3.566556418203812 -3.8811548957838093 -4.2218810435357055 -4.331457292930095 -4.286400392327535 -3.963270430609775 -3.330340951139508 -2.6907462496866144 -2.0970082754741943 -1.240393946266963 -1.8010724194455523 -3.03147239743851 -4.490622793875229 -5.7092919811787635 -6.8021217774502984 -7.933876470100376 -8.322592216127186 -8.453497175865982 -8.415372106125355 -8.197552651733103 -8.10663902389007 -7.951472656134511 -8.36738250785044 -8.65851940405159 -8.52361531112322 -7.636874178554512 -6.797056208743502 -6.3752809616828605 -6.658419591504859 -7.226829722183295 -7.702459962863564
-1.9095822333227213 -1.8487954088411622 -2.7072760002035294 -2.487590283656141 -2.368416114606769 -3.081328257868561 -3.8654249719048095 -4.085110688452198 -3.9680693904372664 -3.822500942336691 -3.573488249065744 -3.4524478178612363 -3.578287208893235 -3.8899529888008773 -4.173091618622875 -4.278668734827688 -4.020857948539673 -3.6369411623403534 -3.123452460798764 -2.738469239082224 -2.619295070032852 -3.207434257779865 -3.8782221981114535 -4.809753622403413 -6.137999059101337 -6.973018069084857 -7.761113916310682 -8.073579522856239 -8.555075158881218 -8.732636672498405 -8.606797281466404 -8.323392042765102 -7.950406220617291 -7.712057882518547 -7.613679206054972 -7.731786939587122 -7.8664244236361895 -7.496371299160734 -6.927161341844382 -6.761064010037316 -7.0812612740827205 -7.535562804418582 -8.00026208104734
-1.622444470311147 -1.758148389877434 -2.026623531337653 -2.0236908336652966 -2.2103170491788546 -2.9837494080429003 -3.8371644306984707 -4.103773310003554 -4.202418595346434 -4.0989743501760625 -3.885953855611301 -3.6926624181151158 -3.811836587164488 -4.086177123969418 -4.341055212585077 -4.360517660774349 -4.133100286727113 -3.661469179236421 -3.148780304332747 -3.123452460798764 -3.943541373541199 -4.772694988180007 -5.336306159030952 -6.083344238843795 -6.901566889431095 -7.614479032692886 -7.954405353806866 -8.327391175954677 -8.744367463187828 -8.625193294138455 -8.43083542112505 -8.183955598888543 -7.857626330619121 -7.299080728474973 -6.8714400860696205 -7.101790157789212 -7.528630973556649 -7.367332601577074 -7.459312664937327 -7.307878821492041 -7.30307986166455 -7.625143387865089 -8.0295890577709
-2.2668381315915322 -2.006094647631161 -2.5657066852925303 -3.3156774627777286 -3.3578016657079317 -3.5393623125146934 -4.202418595346434 -4.7033766795606855 -5.007044193089175 -4.871340273522888 -4.483690963013297 -4.20535129301879 -4.157628303623181 -4.423170747411043 -4.596999736717957 -4.510885068702415 -4.324525462068163 -3.972068523626843 -3.7579815935448613 -4.2530742824144 -5.099024256449429 -5.743417917729814 -6.165193164790455 -6.61442912641952 -7.206300838476804 -7.687796474501784 -7.956271615962002 -8.424170199142424 -8.453497175865982 -8.545210630346931 -8.328457611471897 -7.920279417255816 -7.490505903816023 -6.913297680120518 -6.278501938495115 -6.598965811419825 -7.661402195450581 -7.6888629100190045 -7.743517730276546 -7.605680939675818 -7.450514571920261 -7.56382334562492 -7.93201020794524
-4.02858960603952 -2.995480198732324 -3.3108785029502372 -3.9494067688859107 -4.038454134573809 -4.6380575041309395 -5.551992742388764 -5.557858137733476 -5.5647899685954085 -5.688763097472272 -5.114487571449123 -4.786292041024566 -4.592200776890466 -4.682047969216279 -4.857743220678328 -4.899600814729227 -4.774561250335142 -4.615395749390008 -4.831348941627125 -5.341105118858444 -6.02175758772432 -6.480858077887673 -6.798122644260722 -7.020741058480466 -7.333206665026024 -7.6779319459674955 -8.023723662426189 -8.468960490865676 -8.251141036473424 -8.381246169574304 -8.09304197104551 -7.522765578211938 -6.91916307546523 -6.295298297891335 -5.736486086867882 -6.077478843499083 -7.180972994942821 -7.427052990541412 -7.5784868339867 -7.86749085915341 -7.811769603378648 -7.758181218638326 -7.919212981738596
-5.704493021351272 -3.972068523626843 -2.424137370381531 -2.493455679000853 -2.8976347400273585 -4.217082083708214 -6.485657037715165 -7.103923028823653 -6.61549556193674 -6.133999925911761 -5.6517044632488656 -5.454413892563104 -5.363500264720071 -5.274719507911478 -5.318709972996817 -5.396826374633206 -5.413356125150122 -5.604781300491171 -6.023623849879456 -6.370482001855369 -6.881038005724603 -7.2833508045959725 -7.408390368990057 -7.48570694398853 -7.524631840367073 -7.812836038895869 -8.10877189492451 -8.306062465610271 -7.956271615962002 -7.844029277774563 -7.561690474590479 -7.0988574601168555 -6.51685027659386 -5.927111435571016 -5.544261084888917 -5.9084488140196605 -6.586168585213182 -6.868507388397264 -6.9796832910674835 -7.505169392177802 -7.831232051567918 -7.81763499872336 -7.80297151036158
-6.2462422640992 -5.4162888228224775 -4.023790646212029 -2.862708976838393 -2.9016338732169347 -3.298081276743593 -5.110755047138852 -7.139915227529839 -7.103923028823653 -6.530447329438418 -6.503253223749301 -6.14972984979076 -6.104672949188201 -6.1292009660842695 -6.186788484014167 -6.220114593927303 -6.380079921510352 -6.586168585213182 -6.939691959171721 -7.22283058899372 -7.584352229331412 -7.748316690104037 -7.808836905706292 -7.69552813200163 -7.737652334931834 -7.832298487085138 -7.923212114928171 -7.900550360187241 -7.6595359332954445 -7.495304863643514 -7.141781489684973 -6.681881172883706 -6.184922221859031 -5.6477053300592885 -5.5695889284229 -5.794340213677085 -5.644772632386934 -6.3136943105633865 -6.596832940385385 -6.973817895722772 -7.286283502268329 -7.237494077355499 -7.182839257097957
