static/data/ASCData/20210104/ASCU/12.asc
ncols 97
nrows 97
xllcorner 99.0
yllcorner 2.0
cellsize 0.25
NODATA_value -32767
[rows 76 to 94 of 97, columns 43 to 85 of 97]
-6.238718684064931 -6.143180343648653 -6.034683345356761 -5.941940009580321 -5.809050243522571 -5.761281073314432 -5.686070039369701 -5.760264707990855 -5.71046280713556 -5.4401096310639625 -5.134437759998049 -5.064054461340311 -4.9603851983354135 -4.895083726295563 -4.765243056208546 -4.860781396624825 -5.204566967324892 -5.524976135582678 -5.827598910677859 -6.06314157441693 -5.739683310188411 -5.601203534850986 -5.51227156903796 -5.490673805911939 -5.363882231795655 -5.171535094308625 -4.924304229348414 -4.458554819819055 -3.094338464247244 -3.265087838608253 -3.4653118073530074 -3.7084772110189084 -3.704665841055493 -3.7359190747554996 -3.833490145818933 -4.004493611510837 -4.106892417861263 -4.128490180987283 -4.23088898733771 -4.275863152906012 -4.46821029039304 -4.71239205938252 -4.843249094793114
-6.404894414469842 -6.286741945603965 -6.208481815688502 -6.0384947153201765 -5.834459376612006 -5.57579440176155 -5.498550637169664 -5.5219270396119455 -5.471362864763968 -5.1969442273980615 -4.850109560727262 -4.671483355108528 -4.533765853763786 -4.428317951442627 -4.355901922137734 -4.441022517987344 -4.31016548257675 -4.612788257671931 -4.920492859384999 -5.295531663785072 -5.483813339977792 -5.520148400295685 -5.466281038146081 -5.315096696263938 -5.1969442273980615 -5.095307695040318 -4.827749523608558 -3.324799301368427 -1.7377448486022633 -1.4107293057412238 -1.8228654444518735 -2.3569654219918155 -3.0981498342106595 -3.128386702587088 -3.1997863665684028 -3.3657080056424187 -3.4584513414188596 -3.4604840720660146 -3.572792440321321 -3.6205616105294607 -3.8784643113872344 -4.36962285400603 -4.504545350710934
-6.132254416420196 -5.951595480154307 -5.857073505061605 -5.652021801029857 -5.453576471601363 -5.208632428619202 -5.170518728985048 -5.193895131427329 -5.156797797116752 -4.913632393450851 -4.543421324337771 -4.296444550708454 -4.160759780010867 -4.04260731114499 -3.9684126425238375 -3.8637270141953617 -3.732869978784767 -3.461500437389592 -3.694756279150613 -4.0113540774449845 -4.38537651652148 -4.657762423240232 -4.904739196869549 -4.692064752910971 -4.362762388071882 -4.262142221037716 -3.5161300735318792 -1.9496570185681585 -0.8890798034151057 -0.0162760817929839 -0.025931552366969424 -0.6410866644622115 -1.6109532744859785 -2.592253994399991 -2.663653658381306 -2.6519654571601654 -2.7436924276130292 -2.8092479909837733 -2.9126631626577777 -2.9332445604602206 -3.18504906937653 -3.7074608456953313 -3.9066684491165082
-5.2035506020013145 -5.014252560485017 -4.888223260361416 -4.840454090153276 -4.780742627393102 -4.841470455476854 -4.79344719393782 -4.746694389053258 -4.685204286976823 -4.474054391003611 -4.115785614442565 -3.76920503910266 -3.6177666058896225 -3.5229905394660266 -3.4292308383660086 -3.3032015382424067 -3.077568436408216 -2.7612247294447396 -2.6176631274894273 -2.718283294523593 -2.737848327002459 -3.007439229081373 -3.396961239342425 -3.0727407011212233 -2.6773745902496016 -2.1735114810860883 -1.2750445350436364 -0.9233821330858443 -0.5054018937646241 0.3460581560623712 0.9378368657153326 0.5795680891542871 -0.7211254336939348 -1.8365863763201689 -2.1529300832836453 -2.1049068217446116 -2.201715618815362 -2.286582123334078 -2.4575855890259812 -2.5180593257788386 -2.646121356549595 -2.6176631274894273 -2.8539680652211805
-3.9790844784214006 -3.9996658762238435 -3.881513407357967 -4.025837283305963 -4.236987179279175 -4.290600450097884 -4.275863152906012 -4.23495444863202 -4.0415909458214125 -3.7699673130953433 -3.422370372431861 -3.04047110209764 -2.9146958933049323 -2.8920817648553343 -2.7241273951341634 -2.5327966229707113 -2.3521376867048227 -2.263205720891797 -2.157757818570638 -1.960582945796616 -1.5748723054989795 -1.3959920085493511 -1.6322969462811046 -1.388115177291626 -0.9477749008517025 -0.5328437575012148 -0.4439117916881896 -0.47033729010120284 -0.23098325639871709 0.6204767934282787 0.8364544246884837 0.7836034278624573 -0.36082392648573425 -1.096164238094008 -1.4214011416387868 -1.679303842496561 -1.9184037848681523 -2.0238516871893113 -2.201715618815362 -2.3208844530048163 -2.187994686947067 -1.9722711470177563 -1.8520859475047247
-2.9068190620472074 -3.210458202465966 -3.3258156666920047 -3.4985977717001684 -3.694756279150613 -3.7699673130953433 -3.7232145082107815 -3.5326460100400126 -3.2084254718188108 -2.8432962293236175 -2.4916338273658254 -2.194855152881215 -2.0797517799860703 -2.0152125819389033 -1.811177243230733 -1.6246742063542738 -1.519988578025798 -1.5405699758282412 -1.6607551753412728 -1.6381410468916748 -1.2115217023200469 -0.7955741936459817 -1.1098851699623031 -0.9683562986541454 -0.4594113628727454 -0.24851555823042748 -0.46246045884347753 -0.60017796018822 -0.17330452428569743 0.5325611929388305 0.6860323567990232 0.7612433907437532 0.6225095240754337 0.45353878903068523 0.25814255557292354 -0.39995399144346555 -1.4478266400518003 -1.8696182493364355 -2.0474821809624864 -2.0063193853576005 -1.79059584542829 -1.5913882420071128 -1.3256087098916138
-2.429127359965813 -2.7241273951341634 -2.800354794402471 -2.7965434244390557 -2.8257639274919066 -2.863877627126061 -2.8842049335976094 -2.813059360947189 -2.570910322604865 -2.195871518204792 -1.746638045183566 -1.4839076090387993 -1.3032486727729102 -1.1823011992671955 -1.013330464222447 -0.7955741936459817 -0.5503760593329257 -0.45763272355648477 -0.6860608300305131 -1.0717714703281493 -0.852998834428107 -0.8618920310094094 -1.4234338722859419 -0.8697688622671342 -0.2787524266068564 -0.33744752404345313 -0.6118661614093606 -0.4937136925434835 -0.4820254913223434 -0.5404664974280458 0.17048104641436979 0.29346125056723915 0.5190943524014298 0.5805844544778642 0.5218893570412675 0.07570497999077386 -0.6606516969410774 -1.065927369717579 -1.6762547465258286 -1.823881809775451 -1.7085243455494121 -1.6373787728989917 -1.2681840691094888
-2.2037483494625167 -2.4359878258999608 -2.3462935860942524 -2.175290120402349 -2.100079086457619 -2.116849114296646 -2.2182315553234955 -2.2027319841389397 -2.0063193853576005 -1.6305183069648441 -1.190940304517604 -0.778804165806954 -0.5277619308833277 -0.5132787250223494 -0.357012556522319 -0.19693501805887292 0.05029584690133815 0.38315549037294794 0.3889995909835182 -0.2271718864353014 -0.5785801970621995 -1.0318791313777353 -1.4849239743623766 -0.959463102072843 -0.3188988568881652 -0.29730109376214475 -0.504385528441047 -0.48685322660933616 -0.5658756305174815 -0.5884897589670794 -0.0005224192775337144 0.054107216864753394 0.49851295459898637 0.8069798303047375 0.7279574263965922 0.30133808182496447 -0.3412588940068684 -0.6245707279540782 -1.308076408059903 -1.6714270112388359 -1.7026802449388418 -1.6137482791258164 -1.22803763882818
-2.0670472134413522 -2.1488646219893353 -1.9321247167364477 -1.6930247743648563 -1.5484468070859663 -1.398024739196506 -1.4742521384648135 -1.5484468070859663 -1.4066638444469142 -1.1421547689858866 -0.6939376612882384 -0.13341218533528343 0.1341459860964762 0.11458095361761078 0.10390911772004774 0.20351291943063643 0.3646068232176596 0.6880650874461782 0.5462821248071261 -0.19973002269871065 -0.9498076314988575 -0.9498076314988575 -0.8824734288118523 -0.7856646317411018 -0.20760685395643597 0.06986087938020358 -0.005350154564526477 -0.16644405835155007 -0.34634072062475596 -0.3100056603068624 0.07163951869646423 0.0863768158883369 0.5307825536225699 0.7876688891567665 0.40170415752823585 -0.17152588496943721 -1.020953204149278 -1.2270212735046027 -1.509316742128235 -1.8081281472600008 -1.845225481570577 -1.8256604490917114 -1.4966121755835171
-1.901887848360019 -1.7789076442071494 -1.5797000407859723 -1.364738774849345 -1.096164238094008 -0.9233821330858443 -0.81005739950696 -0.876629328201282 -0.8247946966988331 -0.5524087899800807 -0.05337341610356017 0.4741201868331282 0.7259246957494376 0.6761227948941433 0.5892235597282727 0.3460581560623712 0.47310382150955066 0.13617871674363125 -0.2241227904645693 -0.8062460295435447 -1.3004536681330723 -0.9614958327199981 -0.589506124290657 -0.5033691631174695 -0.15577222245398703 0.13821144739078628 0.29244488524366163 0.14507191332493363 -0.23098325639871709 -0.1722881589621199 0.26424074751438775 0.22993841784364966 0.3900159563070953 0.43219511723555915 0.08154908060134414 -0.610849796085783 -1.5309145052542554 -1.9575338498258836 -1.9908198141730444 -2.127520950194209 -2.1430205213787654 -2.1440368867023425 -1.9361901780307575
-1.597232342617683 -1.4595148412729406 -1.3012159421257554 -1.09921333406474 -0.7925250976752496 -0.4652554634833157 -0.34710299461743865 -0.2563923894881528 -0.20074638802228817 0.00151031136962132 0.45353878903068523 0.9281813951413471 1.2679015045471043 1.1675354288438329 0.7025482933071565 0.4525224237071077 0.004305316009459048 -0.3491357252645937 -1.0318791313777353 -1.5240540393201079 -1.5669954742412544 -1.0074863636118767 -0.6138988920565152 -0.48583686128575865 -0.15780495310114162 0.27008484812495803 0.44185058780954467 0.3031167211412247 -0.10800305224584728 -0.1313794546881284 0.08053271527776662 0.09222091649890718 -0.14789539119626172 -0.12248625810682601 -0.18702545615399302 -0.8677361316199796 -2.0454494503153313 -2.635195429321138 -2.495699288660135 -2.536607992934127 -2.56303349134714 -2.583614889149583 -2.379325459110519
-1.191956669841181 -1.1304665677647465 -1.0356905013411506 -0.8629083963329869 -0.5414828627516233 -0.17635362025642998 0.16438285447290513 0.25534755093308537 0.34809088670952626 0.5297661882989928 0.8735517589990596 1.3080479348284126 1.6868981091919015 1.5003950723154422 0.9408859616860652 0.29346125056723915 -0.15577222245398703 -0.8080246688598054 -1.5337095098940934 -1.7026802449388418 -1.5512418117258042 -0.9673399333305683 -0.43400222978330927 -0.2914569931515745 -0.2701133213564484 0.1577764798696517 0.25229845496235326 0.12347415019891317 0.13719508206720876 -0.0162760817929839 -0.2553760241645753 -0.3082270209906022 -0.5854406629963473 -1.2084726063493143 -1.2730118043964815 -1.473235773141236 -2.6001308256577165 -3.079601167055371 -2.9154581672976154 -2.934006834452904 -2.9459491270049387 -2.9594159675423395 -2.803149799042309
-0.6997817618988087 -0.6537912310069296 -0.6891099260012457 -0.6235543626305011 -0.3023829203800319 0.17225968573063 0.533577558262408 0.842298525299054 0.9487627929437896 1.0346456627860836 1.391135800030868 1.6800376432577537 1.85993430553096 1.6713985380073457 0.9037886273754885 0.23095478316722717 -0.21243458924342873 -0.8519824691045295 -1.5385372451810861 -1.488735344325792 -1.1772193726493083 -0.6733562634857955 -0.14611675188000106 -0.11969125346698783 -0.13036308936455088 -0.334398428072721 -0.3745448583540294 -0.1722881589621199 0.3333535895176536 0.12449051552249069 -0.5768015577459389 -0.672339898162218 -1.6236578410306963 -2.3394331201601046 -2.6039421956211317 -2.7914615978211685 -3.038692462781379 -3.2846528710871183 -3.19673727059767 -3.1578612969708337 -3.1558285663236787 -3.1479517350659534 -2.993718297213078
-0.21548368521416128 -0.17152588496943721 -0.209639584603591 -0.1949022874117179 0.04140265032003532 0.49546385862825426 1.0003433331153446 1.3979962659650158 1.5989825087024534 1.6332848383731924 1.718151342891908 1.8647620408179528 1.797427838130948 1.3685216715812705 0.629369990009581 0.08434408524118187 -0.3364311587198756 -0.7338300002386524 -1.3375510024436486 -1.330690536509501 -0.8989893653199856 -0.43806769107761934 -0.2017627533458657 -0.07674981854584129 0.018026247877754642 -0.33160342343288285 -0.8423269985305439 -0.5795965623857771 0.13922781271436335 0.13617871674363125 -0.5727360964516293 -1.4066638444469142 -2.3960954869495463 -2.993718297213078 -3.258227372674105 -3.2251954996578385 -3.249588267423697 -3.3385202332367223 -3.301422898926146 -3.3100620041765545 -3.3258156666920047 -3.2465391714529646 -3.04631520270821
0.4827592920835362 0.533577558262408 0.40170415752823585 0.27770758805178897 0.47208745618597314 0.8832072295730451 1.4066353712154238 1.804034212734201 2.021028209317983 2.027888675252131 1.920408042283817 1.8324924417943689 1.367505306257693 0.7279574263965922 0.2251106825566569 -0.15297721781414886 -0.3432916246540234 -0.5806129277093546 -0.8519824691045295 -0.7544113980410958 -0.7241745296646669 -0.030759287653962186 0.2670357521542259 0.09425364714606221 -0.14611675188000106 -0.49269732721990644 -0.7104535977963717 -0.5572365252670735 -0.3199152222117423 0.36079545325424434 -0.6832658253906754 -2.2779430180836697 -3.195720905274093 -3.3883221340920167 -3.3148897394635473 -3.312094734823709 -3.4096658058871427 -3.5326460100400126 -3.350208434457863 -3.430247203689586 -3.3618966356790034 -3.120763962660257 -2.9281627338423335
1.0326129321389286 1.0951193995389406 1.0834311983178 1.1761745340942409 1.249352837391816 1.4574536373942961 1.8637456754943753 2.1450247787944305 2.1361315822131277 1.7572814078496388 1.262057403936534 1.0219410962413655 0.44083422248596715 -0.03558702294095539 -0.10393759095153765 -0.1001262209881224 0.0863768158883369 0.027681718451740167 -0.46347682416705505 -0.5785801970621995 -0.38343805493533223 0.4947015846355711 0.6685000549673124 0.5356102889095631 0.03276354506962731 -0.49574642319063855 -0.7035931318622239 -0.7279858996280821 -0.6128825267329381 0.6059935875673004 -0.4751650253881956 -2.368653623212956 -3.331659767302575 -3.3481757038107083 -3.1997863665684028 -3.2955787983155758 -3.448795870844874 -3.5229905394660266 -3.3588475397082713 -3.396961239342425 -3.2955787983155758 -3.1146657707187924 -2.9116467973342
1.550196973170737 1.8784829726862484 2.090395142652143 2.191777583678992 2.1361315822131277 2.1714502772074433 2.126476111639142 2.181105747781429 1.7105286029650766 0.9124277326258965 -0.036603388264532466 -0.07268435725153166 -0.3110220256304399 -0.2797687919304339 -0.09047075041413644 0.19385744885665046 0.43397375655181936 0.3051494517883797 -0.421551754569486 -0.8814570634882748 -0.5181064603093422 0.2886335152802464 0.5991331216331526 0.5180779870778522 -0.4116421926646061 -1.0102813682517149 -0.8794243328411202 -0.7925250976752496 -0.46246045884347753 0.11381867962492764 -0.12858445004829022 -1.2592908725281862 -2.706595093302453 -3.1586235709635164 -3.0679129658342306 -3.2379000662025565 -3.448795870844874 -3.3392825072294055 -3.223162769010684 -3.241711436165972 -3.2320559655919863 -3.0435201980683724 -2.7543642635105923
2.2143917121285903 2.572660488689636 3.0473030948002973 3.174348760247477 3.148939627158041 2.8656277932108316 2.2728327182342922 1.3022038342178424 0.8334053287177512 -0.023898821719814833 -0.7777878004833765 -0.5836620236800867 -0.6733562634857955 -0.5318273921776373 -0.2660478600621383 0.10492548304362526 0.3559677179672516 0.1255068808460682 -0.5092132637280398 -0.7955741936459817 -0.5747688270987843 0.05817267815906302 0.3813768510566873 -0.1313794546881284 -0.7516163934012576 -0.8588429350386768 -0.7506000280776801 -0.6695448935223798 -0.40300308741419766 -0.5757851924223614 -0.5640969912012213 -1.0689764656883116 -2.0708585834047675 -2.588442624436576 -2.635195429321138 -2.8041661643658866 -3.2066468325025506 -3.0981498342106595 -2.8793771983106167 -2.970341894770797 -3.045552928715527 -3.031831996847232 -2.728192856428473
3.0081730298425664 3.4398742010320817 3.9007958752744485 3.983883740476903 3.912484076495588 3.6167217673345555 1.898810279157797 0.8598308271307649 0.5277334576518378 0.017009882554177125 -0.240892818303597 -0.4487395269751824 -0.5397042234353626 -0.5122623596987719 -0.28078515725401143 0.08840954653549193 0.33919769012822387 0.10289275239647022 -0.48685322660933616 -0.5923011289304947 -0.43908405640119685 -0.04930795480925054 0.14888328328834932 -0.25258101952473755 -0.5953502249012272 -0.7094372324727942 -0.7973528329622424 -0.7777878004833765 -0.6919049306410834 -0.9419308002411322 -0.8080246688598054 -0.6138988920565152 -1.3433951030542188 -1.9829429829153193 -2.078735414662493 -2.462413324312974 -2.903769966076475 -2.7426760622894517 -2.366620892565801 -2.5513452901259996 -2.6440886259024405 -2.696939622728467 -2.590475355083731
