static/data/ASCData/20210104/ASCU/15.asc
ncols 97
nrows 97
xllcorner 99.0
yllcorner 2.0
cellsize 0.25
NODATA_value -32767
[rows 19 to 37 of 97, columns 43 to 85 of 97]
-2.3901864867156326 -1.7758885733551881 -1.764192116512834 -2.7525427196917667 -3.9614884989175003 -4.944926590222645 -5.675487284596089 -5.9566701070862855 -5.858887727884204 -5.393134816421659 -5.221196900839051 -5.114759143573628 -5.067973316204211 -5.128560962647606 -5.1851718137646 -5.174411073469635 -5.273129169219104 -5.541679818319557 -5.897018177190279 -6.13445625109007 -6.355051427136871 -6.482074948444838 -6.533773287688044 -6.546405461077786 -6.4996196337083685 -6.484882098087002 -6.484882098087002 -6.4586820347601295 -6.387333648021769 -6.27411194578778 -6.152000936353602 -6.020064903171845 -5.8151429792938 -5.535831589898381 -5.225173696165452 -4.802229816745923 -4.417650315769316 -3.9752903179914783 -3.4976070205497316 -2.9761789745175795 -2.593236977498902 -2.44094910941145 -2.8737180125785566
-3.12940255915242 -2.483056354043925 -2.7916088855452297 -4.743747532534152 -5.777948246535113 -6.372596112400402 -6.342419253747128 -6.424294451643608 -6.299376292567265 -6.095390085236607 -5.947780799886097 -5.885321720347925 -5.86005737356844 -5.883450287253148 -5.901930689064068 -5.841343042620673 -5.908714634032633 -6.064979297446486 -6.165568826290732 -6.340313891515505 -6.429206963517396 -6.508508940908558 -6.515292885877123 -6.555294768277975 -6.537750083014444 -6.517164318971901 -6.495642838381968 -6.432248042296409 -6.3805497030532035 -6.31902634006242 -6.1686099050697445 -6.011409525108503 -5.801341160219821 -5.545422684509111 -5.278977397640281 -4.936037283022455 -4.602220404741665 -4.306300046630103 -3.9205508999692604 -3.762414803460631 -3.6470877389950185 -3.7858077171453397 -4.075879846835725
-4.122665674205142 -2.690083640153595 -3.0026129669813004 -5.4506813840860415 -6.372596112400402 -6.4586820347601295 -6.670387903606741 -6.622666359689935 -6.503596429034769 -6.44979272755994 -6.410726561706477 -6.455640955981117 -6.414703357032877 -6.384292569242756 -6.39131044334817 -6.334465663094328 -6.311072749409619 -6.31013703286223 -6.344290686841905 -6.479969586213214 -6.597168083773603 -6.671557549290976 -6.69775761261785 -6.727232683860583 -6.7223201719867935 -6.67530041548053 -6.539621516109221 -6.4731856412446485 -6.455640955981117 -6.4009015379589 -6.366747883979225 -6.1978510471756305 -5.916668224685434 -5.675487284596089 -5.4506813840860415 -5.205757577807144 -4.969255220454741 -4.86983533729473 -4.826792376114867 -4.781877981840227 -4.88433894377925 -4.992882063276297 -5.175346790017023
-4.914749731569371 -3.16472585881633 -3.1109221573415002 -5.52296548737179 -6.244636874545047 -6.358092505915883 -6.512251807098112 -6.600209162552615 -6.63833961185869 -6.646994989922033 -6.696821896070461 -6.8336704411260065 -6.754602392871691 -6.721384455439406 -6.68325400613333 -6.531901854593267 -6.4507284441073285 -6.415639073580266 -6.435055191938574 -6.527925059266867 -6.643252123732479 -6.731911266597525 -6.824781133925817 -6.844431181420972 -6.866888378558292 -6.766298849714046 -6.639275328406079 -6.557166201372752 -6.5805591150574605 -6.555294768277975 -6.577751965415295 -6.440903420359751 -6.176329566585698 -6.0308256434668115 -5.821926924262365 -5.809060821735775 -5.6930319698596215 -5.7037927101545876 -5.7487071044292275 -5.8043822389988335 -5.944037933696543 -6.010239879424268 -5.942868288012308
-5.986846965739559 -4.566897105077755 -4.313083991598669 -5.474308226907597 -5.995736272939748 -6.329787080357386 -6.483946381539615 -6.650971785248433 -6.6891022345545075 -6.834606157673394 -6.888175930011377 -7.084676404962928 -6.958588600202349 -6.923499229675286 -6.769105999356211 -6.618689564363535 -6.554359051730587 -6.519035752066677 -6.411662278253866 -6.469442775055095 -6.596232367226214 -6.743841652576725 -6.866888378558292 -6.894024158432554 -6.917651001254109 -6.889345575695613 -6.763257770935033 -6.669452187059353 -6.708518352912815 -6.773082794682612 -6.807236448662286 -6.704775486723262 -6.6109699028475815 -6.465465979728695 -6.478098153118437 -6.465465979728695 -6.485817814634391 -6.510380374003335 -6.598337729457839 -6.686061155775496 -6.761386337840257 -6.68325400613333 -6.614946698173982
-5.30237031132499 -4.704681366680688 -4.506543387771208 -4.507479104318596 -4.509350537413373 -5.025866071571736 -6.516228602424512 -6.68325400613333 -6.892152725337777 -7.07485138121535 -7.161639090985619 -7.338489518442015 -7.194857028417905 -7.110876468289801 -6.93121889119124 -6.802323936788497 -6.737993424155548 -6.562078713246541 -6.41844622322243 -6.425464097327843 -6.570968020446729 -6.7924989130409195 -6.950868938686396 -6.969349340497315 -6.95765288365496 -6.929347458096464 -6.915545639022486 -6.825716850473205 -6.839518669547183 -6.925370662770064 -6.965372545170915 -7.023153041972145 -6.977069002013269 -7.0123923016771785 -7.025024475066921 -7.141287256079922 -7.173335547827973 -7.21450707591306 -7.295446557262151 -7.3686663770952885 -7.283750100419797 -7.178248059701762 -7.0348494988144985
-2.9850682817177687 -2.3043344934927523 -2.052392813108442 -1.6479293354998328 -2.0318070490658986 -4.5631542388882025 -6.290720914503923 -6.921393867443663 -7.131462232332344 -7.410773621727764 -7.547388237646461 -7.624584852806 -7.479080929687113 -7.379427117390255 -7.187137366901951 -7.046545955656853 -6.84536689796836 -6.616818131268758 -6.46827312937086 -6.452833806338952 -6.616818131268758 -6.905954544411755 -7.0416334437830645 -7.084676404962928 -7.071810302436338 -7.084676404962928 -7.0785942474049035 -7.058242412499207 -7.00747978980339 -7.011222655992944 -7.07087458588895 -7.22807496585019 -7.314160888209918 -7.370771739326912 -7.5356917808041075 -7.6999100348707605 -7.775937004346063 -7.818044248978539 -7.764240547503709 -7.8257639104944925 -7.76330483095632 -7.646106333395931 -7.495689898403255
-2.3960347151368095 -1.4214859310318548 -1.0874351236142181 -0.6167697002778838 -1.8893442047260243 -4.806206612072323 -6.669452187059353 -7.289598328840974 -7.537797143035731 -7.860853281021555 -7.897112297232853 -7.857110414832001 -7.684236782702006 -7.545516804551685 -7.350185975284369 -7.166551602859408 -6.9527403717811715 -6.713430864786604 -6.529796492361643 -6.474121357792036 -6.734016628829147 -7.013328018224567 -7.053329900625418 -7.110876468289801 -7.172399831280584 -7.21450707591306 -7.239771422692545 -7.240707139239934 -7.2467892967979575 -7.310184092883517 -7.303400147914952 -7.433230818865084 -7.634409876553577 -7.823892477399715 -8.001444692266652 -8.153966489490951 -8.220402364355525 -8.25362030178781 -8.17829511972305 -8.262275679851152 -8.215489852481735 -8.058289472520494 -7.890328352264287
-1.3697875917886493 -1.3356339378089748 -0.3540672795986075 -0.4869390293277518 -2.755349869333932 -5.675487284596089 -7.19204987877574 -7.612888395963645 -7.87652653319031 -8.106946732984689 -8.102034221110898 -8.026007251635598 -7.784826311546253 -7.657802790238286 -7.486800591203067 -7.265269698608877 -7.059178129046596 -6.869695528200458 -6.694014746428296 -6.678341494259541 -6.888175930011377 -6.9859583092134585 -7.122572925132156 -7.229010682397579 -7.320009116631095 -7.396971802653786 -7.422470078570118 -7.394164653011621 -7.425277228212283 -7.508322071792998 -7.519082812087964 -7.6442349003011545 -7.909744470622596 -8.086594898078992 -8.2182970021239 -8.377602744316764 -8.491760163098142 -8.496672674971931 -8.49760839151932 -8.592349691942388 -8.558196037962714 -8.450822564149902 -8.264147112945928
-0.6899895201110211 -0.15499358414173825 0.6165047091799467 -1.258437322649437 -4.087576303678079 -6.309201316314843 -7.49288274876109 -7.9488106364760585 -8.232098821197878 -8.292686467641273 -8.221338080902912 -8.032791196604162 -7.819915682073315 -7.6655224517542395 -7.49288274876109 -7.275094722356455 -7.105028239868624 -6.989935104539859 -6.933090324286017 -6.937067119612418 -7.063154924372997 -7.131462232332344 -7.293575124167375 -7.3766199677480895 -7.435102251959861 -7.455688016002404 -7.44399155916005 -7.415686133601553 -7.457559449097181 -7.449839787581227 -7.66949924708064 -7.853133619505601 -8.067880567131224 -8.207536261828935 -8.273036420146118 -8.397018862675072 -8.589542542300224 -8.683114197039057 -8.716332134471344 -8.850139600747877 -8.88429325472755 -8.86581285291663 -8.89715935725414
-0.3051760899975666 -0.2544134673017493 -0.21441158490089807 -2.640256734005166 -5.4663546362547955 -7.166551602859408 -7.7223672320080805 -8.106946732984689 -8.265316758630163 -8.287773955767484 -8.176423686628272 -7.935242746538928 -7.725174381650246 -7.485864874655678 -7.395100369559009 -7.425277228212283 -7.315096604757306 -7.166551602859408 -7.083506759278693 -7.044440593425229 -7.135439027658745 -7.182224855028162 -7.2467892967979575 -7.351121691831757 -7.390187857685221 -7.401884314527575 -7.365859227453123 -7.3129912425256824 -7.32281626627326 -7.380362833937643 -7.594407994152726 -7.760263752177308 -7.946939203381282 -8.03372691315155 -8.092443126500168 -8.254556018335197 -8.510240564909061 -8.80733056870486 -8.932248727781204 -9.12266704517473 -9.321974669768446 -9.574852066700144 -10.021188859804383
-1.2516533776808714 -2.0493517343294303 -3.1909259221432036 -4.962471275486176 -6.942915348033594 -7.381532479621878 -7.896176580685465 -8.124491418248219 -8.277948932019907 -8.229057742418867 -8.066944850583837 -7.814067453652138 -7.5806061750787475 -7.426446873896519 -7.459664811328804 -7.498730977182268 -7.4283183069912955 -7.263164336377254 -7.118830058942603 -7.08935498769987 -7.103156806773848 -7.147135484501099 -7.207723130944494 -7.262228619829865 -7.2680768482510425 -7.208658847491883 -7.172399831280584 -7.128421153553333 -7.170528398185808 -7.3317055734734495 -7.453816582907628 -7.6138241125110335 -7.6879796488915595 -7.7448244291454005 -7.867871155126967 -8.096185992689723 -8.4831047850348 -8.775048347819961 -9.051318658436369 -9.403849867664926 -9.597309263837465 -9.61298251600622 -9.533680538615059
-3.604044777815155 -4.799422667103758 -5.9049717678430795 -6.8481740476105255 -7.378491400842866 -7.800499563715007 -7.9555945814446245 -8.183207631596837 -8.2222737974503 -8.166598662880695 -7.982964290455733 -7.777808437440839 -7.568909718236394 -7.611952679416257 -7.637217026195742 -7.582711537310371 -7.51136315057201 -7.289598328840974 -7.140117610395687 -7.088419271152482 -7.0493531052990175 -7.087483554605093 -7.091460349931493 -7.132397948879733 -7.126549720458556 -7.06689779056255 -6.999526199150589 -6.968413623949926 -7.0680674362467855 -7.20561776871287 -7.270182210482666 -7.312055525978294 -7.370771739326912 -7.384339629264043 -7.508322071792998 -7.9263534393387385 -8.31701509787337 -8.75259115068264 -9.096233052711009 -9.457653569139755 -9.306301417599691 -9.045470430015191 -7.387380708043056
-6.165568826290732 -7.0348494988144985 -7.3686663770952885 -7.642129538069531 -7.905767675296195 -7.973139266708156 -8.128468213574621 -8.145077182290763 -8.184143348144225 -8.177359403175661 -8.01126971601423 -7.8491568241792 -7.746695862240178 -7.82669962704188 -7.839331800431623 -7.782720949314629 -7.469255905939535 -7.247725013345346 -7.170528398185808 -7.116724696710978 -7.047481672204242 -7.03952808155144 -7.021047679740521 -6.965372545170915 -6.960460033297126 -6.90478489872752 -6.837413307315559 -6.861975866684503 -6.9555475214233375 -7.011222655992944 -7.043504876877841 -6.992742254182024 -6.98502259266607 -6.999526199150589 -7.338489518442015 -7.757456602535143 -8.166598662880695 -8.61784796785872 -8.910727247191272 -9.138340297343484 -8.737853615061276 -7.575693663204959 -5.917603941232823
-7.953723148349847 -8.077705590878804 -7.967291038286978 -8.073728795552402 -8.1099878117637 -8.153966489490951 -8.2182970021239 -8.234905970840042 -8.224145230545076 -8.239818482713833 -8.127532497027232 -7.970332117065991 -7.977116062034556 -8.039575141572728 -8.03466262969894 -7.7448244291454005 -7.431359385770308 -7.21450707591306 -7.176376626606985 -7.125614003911167 -7.095203216121046 -7.035785215361887 -6.974261852371104 -6.896129520664178 -6.7896917633987535 -6.734016628829147 -6.708518352912815 -6.749689880997902 -6.778931023103788 -6.806300732114897 -6.797411424914708 -6.586407343478637 -6.6069931075211805 -6.861975866684503 -7.20164097338647 -7.553236466067639 -7.958635660223636 -8.241689915808609 -8.436085028528536 -8.46064758789748 -7.684236782702006 -6.469442775055095 -5.337459681852053
-8.417604626717615 -8.385322405832719 -8.273036420146118 -8.193032655344414 -8.171511174754484 -8.159814717912129 -8.233034537745267 -8.320991893199771 -8.336431216231677 -8.326840121620947 -8.23116310465049 -8.110923528311089 -8.23116310465049 -8.26321139639854 -8.162621867554293 -7.8442443123054115 -7.406796826401363 -7.169592681638419 -7.1237425708163915 -7.040697727235676 -7.119765775489991 -7.015199451319344 -6.9263063793174515 -6.770041715903599 -6.64793070646942 -6.58944842225765 -6.583600193836473 -6.566991225120329 -6.576816248867907 -6.599273446005228 -6.483010664992226 -6.268263717366603 -6.470378491602483 -6.736823778471313 -7.020111963193132 -7.360946715579335 -7.423405795117507 -7.622713419711222 -7.679324270828217 -7.365859227453123 -6.552253689498963 -5.82473407390453 -4.776029753419049
-8.525913817077818 -8.401931374548862 -8.413627831391217 -8.190927293112791 -8.118643189827043 -8.159814717912129 -8.234905970840042 -8.324734759389324 -8.395147429580296 -8.35304018494782 -8.402867091096251 -8.341343728105468 -8.468367249413433 -8.503456619940497 -8.313974019094358 -7.897112297232853 -7.437207614191484 -7.146199767953711 -7.080699609636527 -6.991806537634636 -7.051458467530642 -6.938002836159805 -6.8336704411260065 -6.690037951101896 -6.557166201372752 -6.488858893413403 -6.4586820347601295 -6.429206963517396 -6.383356852695368 -6.353179994042094 -6.236917213029093 -6.177265283133087 -6.358092505915883 -6.570032303899342 -6.799516787146332 -6.807236448662286 -6.696821896070461 -6.670387903606741 -6.498683917160981 -6.125566943889881 -5.498636857139694 -4.569938183856768 -3.128466842605032
-8.67820168516527 -8.626503345922064 -8.490824446550754 -8.237947049619056 -8.047528732225528 -8.055248393741483 -8.162621867554293 -8.30812579067318 -8.438190390760159 -8.511410210593297 -8.577612156321022 -8.574805006678858 -8.594221125037166 -8.56895677825768 -8.255491734882586 -7.845413957989647 -7.4322951023176955 -7.136374744206133 -7.065026357467772 -7.060113845593984 -6.968413623949926 -6.933090324286017 -6.838582952999795 -6.671557549290976 -6.498683917160981 -6.385462214926992 -6.355051427136871 -6.3501389152630825 -6.2612458432611895 -6.17937064536471 -6.051411407509355 -6.028954210372035 -6.094220439552371 -6.208611787470596 -6.228027905828904 -6.046498895635566 -5.734905285355249 -5.542615534866946 -5.197803987154343 -4.762227934345072 -3.872595426915608 -2.4781438421701365 -1.0406492962448008
-8.715396417923955 -8.673523102428327 -8.364736641790175 -8.169639741659708 -8.01126971601423 -7.993725030750699 -8.097355638373958 -8.153030772943563 -8.20964162406056 -8.367777720569187 -8.432108233202136 -8.585565746973824 -8.52404238398304 -8.401931374548862 -8.053376960646705 -7.639322388427366 -7.2984876360411635 -7.085612121510316 -7.052394184078031 -7.103156806773848 -6.980110080792281 -6.888175930011377 -6.719279093207781 -6.577751965415295 -6.432248042296409 -6.319962056609809 -6.26522263858759 -6.217267165533938 -6.120654432016092 -6.100302597110396 -5.918539657780211 -5.87362526350557 -5.8151429792938 -5.769058939334924 -5.5180529754980014 -5.137216340710948 -4.652983027437482 -4.241735604860308 -3.8344649776095334 -3.215488481512147 -2.303398776945364 -1.5269879717498902 -0.5629659988030542
