static/data/ASCData/20210104/ASCU/18.asc
ncols 97
nrows 97
xllcorner 99.0
yllcorner 2.0
cellsize 0.25
NODATA_value -32767
[rows 76 to 94 of 97, columns 43 to 85 of 97]
-5.888552148468049 -5.553421240542843 -5.634651933714604 -5.8640091850231055 -6.095538379999301 -6.496913569789177 -6.696949581583807 -6.643302572991762 -6.419809569586035 -6.140497613920569 -5.735212925528843 -5.763448193208866 -6.591610313700642 -7.189329211050069 -7.2683879605541355 -7.171736467341746 -6.877655294735959 -6.677619282941329 -6.2477916311046595 -5.657022953491854 -5.114037036568319 -4.869910568319497 -4.652064618449775 -4.578870116848483 -4.5006801448114935 -4.841675300639474 -4.870779345786575 -4.7361188383895385 -3.7311605033474606 -3.928590182740858 -3.9001377206940644 -4.166852403086905 -4.465711851761618 -5.076028022383671 -5.820135922935684 -6.416768848451263 -6.453909085168833 -6.38462408216939 -6.453909085168833 -6.282108341054227 -5.798633680625511 -5.457855719164301 -4.979376529171282
-5.950018154263793 -5.585783201191486 -5.477403212173549 -5.789728711587966 -6.019303157263236 -6.019303157263236 -6.21065139438709 -6.117040622309473 -5.893330424536976 -5.515412226358196 -5.168770016994211 -5.324063989234342 -6.201963619716313 -6.765365807116172 -6.8318272833476135 -6.739085288737074 -6.664804815301935 -6.467592330275306 -6.223465862026485 -5.7195749311214445 -5.177457791664988 -4.832770331601928 -4.556499097071233 -4.18726867356323 -4.09452667895269 -3.5973687734175015 -3.581730779010104 -2.8180753854488447 -1.7077777825236007 -1.7644655122504178 -1.853298008259108 -2.518347159307053 -3.814345945820146 -4.417711896705578 -4.940281543152787 -5.531050220765593 -5.890506897768974 -5.874868903361575 -5.88073315126435 -5.6101089702696605 -5.066254275879048 -4.5006801448114935 -4.0076489322449245
-6.002796385388761 -5.679393973269104 -5.3738014992245375 -5.589692699793336 -5.819049951101836 -5.748896170635316 -5.710669962083898 -5.617059190006281 -5.276064034178301 -4.8649150978838005 -4.667702612857173 -4.927467075513392 -5.722398457889447 -6.121818898378399 -6.16590935483259 -6.17351115766952 -6.09944787860115 -5.911791945712376 -5.680479945102951 -5.32102326809957 -4.85818207251395 -4.497856618043492 -4.045657946429571 -3.6071425199221254 -2.935360343504328 -2.4382024379691396 -1.951904250772422 -1.2312533418315066 -0.6003037063663594 -0.16482900099368436 -0.01453049918925009 -0.826837430906858 -2.2996324319702537 -3.594545246649499 -4.1168976987299395 -4.634471874741453 -5.033023537763327 -5.133584529577567 -5.098399042160921 -4.730254590486764 -4.157947434049358 -3.5660927846027057 -2.829803881254393
-5.923520441517924 -5.733258176227918 -5.312335493428794 -5.313204270895872 -5.552552463075765 -5.493909984048024 -5.4461272233587525 -5.322109239933417 -4.956788315027263 -4.62078862963498 -4.4626711306268465 -4.6453315930799235 -5.0818922702864455 -5.433312755719357 -5.526054750329897 -5.550597713774841 -5.382706468262084 -5.184408011401609 -4.786942320213582 -4.4168431192385 -4.020246205517551 -3.557405009931929 -3.032011836716717 -2.3689174349696964 -1.6248095344176845 -1.1081041358732489 -0.5572992217460153 -0.4812811933767205 -0.32881074790459186 0.47871790774408884 0.766717638080332 0.30887191293040717 -0.7293171602273909 -2.2253519585351142 -3.3512875558677555 -3.8805902276848174 -4.149259659378583 -4.2420016539891225 -4.29087038651224 -3.897314193926062 -3.265495780993837 -2.6267271483249908 -1.9217142337914734
-5.743900700199619 -5.686344193005724 -5.420715482446731 -5.3181997413315685 -5.2293672453228774 -5.140317554947417 -5.13944877748034 -5.053439808239652 -4.783032821611732 -4.537820381529063 -4.403159874132027 -4.448119108053296 -4.667702612857173 -4.92073405014354 -4.993928551744833 -4.859268044347797 -4.61687913103313 -4.200083141202625 -3.7155225089400625 -3.2468170654516677 -2.821116106583616 -2.1706189781092218 -1.796610278532291 -1.165877837433913 -0.6335344444820796 -0.3366297451082909 -0.5281951765989139 -0.5963942077645097 0.28736967062023533 0.7628081394784822 0.6848353618082625 0.9524188216681808 0.18094443090322265 -0.854203921119804 -2.0446462453829617 -2.889532332115982 -3.2956857979747856 -3.393423263021022 -3.414925505331194 -3.1130253355217086 -2.6297678694597626 -2.1237049948870284 -1.9382210056659488
-5.399213240136559 -5.371846749923613 -5.322978017400494 -5.111213509800317 -5.007611796851306 -5.019340292656855 -5.016299571522083 -4.838634579504702 -4.495901868742567 -4.134490442438262 -3.917730464402387 -3.9920109378375264 -4.380571659988008 -4.5545443477703085 -4.376662161386159 -4.1364451917391865 -3.816300695121071 -3.3942920404880996 -2.9186363772630832 -2.3337319475530514 -1.7390537713383962 -1.1267828514154186 -0.8757061634299759 -0.6237606979774561 -0.45282873132992707 -0.654167909325174 -0.91871064805032 -0.5231997061632172 0.5275866402672071 0.6915683871781146 0.6535593729934672 0.9426450751635569 1.1457218080929588 0.7102471027202841 -0.06709153594744821 -1.0427286314756554 -1.9784019635182903 -2.336772668687823 -2.611089153917593 -2.6501841399360875 -2.4655689281820856 -2.301587181271178 -2.206890437359714
-4.770218353972337 -4.946145791055562 -4.944191041754637 -4.9548335657263385 -4.952010038958336 -4.852317824611175 -4.745892584894162 -4.570182342177707 -4.2439564032900465 -3.7615677146951785 -3.3806087953816264 -3.4216585307010456 -4.030019952022174 -4.25373014979467 -3.9939656871384512 -3.6051877706212005 -3.1775320624522245 -2.788754145934974 -2.451885683075613 -1.917804735189624 -1.2488460855398291 -0.7977333857597566 -0.7156339151209181 -0.7136791658199932 -0.7047741967824472 -0.8201044055370059 -0.6765389291024237 0.06279069538066118 0.3186456594350311 0.4465731414622156 0.6935231364790395 0.7189348773910607 0.9895590583857503 1.08621055159814 0.7893058522243508 0.19940595207862266 -0.05145354154005055 -0.43523598762160454 -1.9490807240044195 -2.79374961637067 -2.79374961637067 -2.611089153917593 -2.245985423378208
-4.222454160979875 -4.5905986126540315 -4.660969587487322 -4.76544007790341 -4.810399311824678 -4.719612066515063 -4.611014883130356 -4.429440392511126 -4.051522194332346 -3.526129021117134 -2.970545830920973 -2.739016635944778 -3.3161020684511104 -3.803486227481675 -3.745929720287781 -3.3699662714099254 -2.85326087286549 -2.4138766688909654 -2.1384742118273485 -1.8619857829298845 -1.3318143336457453 -0.8405206760133308 -0.8854799099345998 -0.8826563831665974 -0.8016428843616059 -0.7801406420514341 -0.5720684386863355 -0.12182451637334024 0.33428365384242875 0.5432246346746048 0.8088533452335982 0.6446544039559212 0.9993328048903742 0.9739210639783527 0.6505186518586954 0.6359666292851447 0.7745366352840306 0.2510982113697433 -1.5535697821173169 -2.866075340504885 -3.0535140790268893 -2.7624736275558748 -2.0261847242075612
-4.017422678749548 -4.307377158386716 -4.467666601062543 -4.57604659008048 -4.601241136625733 -4.549548877334612 -4.40598340090003 -4.1707619016887545 -3.807395726083525 -3.3806087953816264 -2.895396580018756 -2.5153064381722814 -2.8113423600789926 -3.272228806363689 -3.6247352636304475 -3.249857786586439 -2.581767914403722 -2.1121936934482495 -2.05637474118851 -1.8426554842874068 -1.3659138492285432 -0.5748919654543378 -0.5983489570654346 -0.7595071772083397 -0.6619869065288726 -0.5670729682506388 -0.4119961903772773 -0.18915477007185855 0.3859759131335494 0.6359666292851447 0.7764913845849555 0.4806726570450137 0.7239303478267574 0.7502108662058564 0.6251069109466738 0.6466091532568461 0.339061929911356 -0.2156524828177271 -1.8016057489679875 -3.1686270934146785 -3.3317400628585085 -2.823070855884541 -2.0407367467811124
-3.939232706712559 -4.089531208516993 -4.235051434252501 -4.347340921872288 -4.2995581611830165 -4.250689428659898 -4.0788886845452925 -3.8445359628010944 -3.6140927396587466 -3.2272695724424203 -2.878672613777511 -2.54180415091815 -2.645188669500391 -2.8113423600789926 -3.076971070637986 -2.932319622369556 -2.3074514291739523 -2.0555059637214326 -1.9049902675502286 -1.5301127905062202 -1.0349096342719564 -0.4235074918160562 -0.5164666807933656 -0.7175886644218425 -0.27125424071069704 -0.12768876427611442 -0.05145354154005055 0.06083594607973675 0.35860942292060294 0.8234053678071489 0.8761835989321165 0.4533061668320677 0.5499576600444569 0.3957496596381729 0.2823742001845386 0.2658674283100635 -0.08381550218869283 -0.86310889015735 -2.266401693854533 -3.469441291390317 -3.622780514329523 -3.0808805692398353 -2.083741231401456
-3.7400654723850066 -3.86104273467557 -3.9012236925279113 -3.990056188536602 -3.923594712305161 -3.9216399630042367 -3.7546174949585573 -3.6082284917559724 -3.378654046080702 -3.229224321743345 -2.9303648730686316 -2.6365008948296147 -2.557442145325548 -2.6208629004222166 -2.3991074519506452 -2.2605374459517593 -2.2283926796698856 -1.9899132649570692 -1.5896240470010394 -1.1951990769477838 -0.9499866368651158 -0.5192902075613679 -0.6268014191122275 -0.8366111774114815 -0.3796342297286346 0.3175596876011837 0.3918401610363236 0.1985371746115452 0.35383114685167616 1.0147536049310024 0.9239663596213874 0.5460481614426071 0.28736967062023533 0.1153517321388593 -0.05145354154005055 -0.06622275848037029 -0.37290120435878293 -1.2195248460259582 -2.6286818976259156 -3.7283369765794583 -3.9188164362362343 -3.3875590151182475 -2.385424206844172
-3.431432277205669 -3.502672029506037 -3.4557580462838438 -3.533079240853755 -3.5369887394556043 -3.5641380353017813 -3.601278272019351 -3.454889268816766 -3.3161020684511104 -3.2018578315303987 -2.821984884050694 -2.513351688871357 -2.3708721842706213 -2.444066685871914 -2.1443384597301227 -1.7468727685420953 -1.714728002260222 -1.551615032816392 -1.1550181190954423 -0.935434614291565 -0.9363033917586425 -0.6072539261029806 -0.8103306590323824 -0.9753983777771371 -0.3659509846221618 0.3323289045415039 0.49435590215148695 0.31560493830025926 0.5275866402672071 1.033432320473172 0.968925593542656 0.7532515873406282 0.384889941299702 -0.5368829512696904 -0.7039054193153698 -0.4480504552610003 -0.6698059037325717 -1.3424568576174465 -2.821984884050694 -3.9861466899347526 -4.302598882317788 -3.7869794556071996 -2.7713785965934203
-3.035921335318567 -3.076971070637986 -2.990962101397298 -3.062201853697666 -3.1492967947722006 -3.399287510923796 -3.4646630153213898 -3.4216585307010456 -3.3102378205483363 -2.8317586305553175 -2.3180939531456537 -1.8708907519674305 -1.8787097491711295 -2.0789629553325293 -2.154112206234746 -1.6384927795241577 -0.9402128903604918 -0.6609009346950256 -0.6061679542691336 -0.41590568897912705 -0.5251544554641421 -0.5583851935798623 -0.8201044055370059 -0.7692809237129632 -0.23324522652604962 0.29214794668916255 0.47980387957793624 0.5186816712296611 0.9220116103204625 1.0597128388522714 1.0275680725703977 0.8077673733997508 -0.3464034916129144 -1.299669567363872 -1.4451897930993793 -1.187380079744085 -1.0203576116984057 -1.5086105481960481 -2.895396580018756 -4.233096684951576 -4.627738849371601 -4.33192012183166 -3.3024188233446377
-2.774202123361423 -2.6795053794499584 -2.6219488722560635 -2.6169534018203673 -2.814165886846995 -3.195124806160547 -3.396246789789024 -3.3289165360905058 -2.9392698421061776 -2.3152704263776513 -1.4899318326538786 -0.7321406869953937 -1.087687865396924 -1.7312347741346974 -1.8776237773372824 -1.3709093196642397 -0.6159417007737571 -0.21760723211865196 -0.039725045734502196 0.12903497724533253 -0.09054852755854492 -0.3025302295254928 -0.4606477285336261 -0.46368844966839795 0.12230195187548087 0.6105548883731231 0.620328634877747 0.6348806574512977 1.1535408052966583 1.3722555326334573 0.8440388326502433 -0.30926325489534445 -1.3365926097146723 -1.8787097491711295 -1.957768498675196 -1.7264564980657704 -1.516429545399747 -1.679542514843577 -2.8688988672728875 -4.343431423270438 -5.054525780073499 -4.7741278525741855 -3.8375857430644733
-2.3786911814743203 -2.2155782120304903 -2.1814786964476927 -2.248808950146211 -2.6247723990240663 -3.058292355095816 -3.1532062933740503 -2.825025605185466 -2.3621844095998448 -1.8756690280363577 -1.0349096342719564 0.30496241432855786 -0.5290639540659914 -1.1471991218917434 -1.0329548849710317 -0.9128464001475458 -0.7078149179172191 -0.2936252604879468 0.03346945586679029 0.4063921836098743 0.03542420516771516 -0.24388775049775102 -0.2986207309236435 -0.44023145805730124 0.10079970956530859 0.6524734011596203 0.7990795987289743 0.8557673284557916 0.83035558754377 0.9454686019315592 0.6731068660027142 -0.8767921352638233 -1.8619857829298845 -2.2926822122336326 -2.4010622012515697 -2.2303474289708105 -1.974492464916441 -2.011415507267241 -2.8113423600789926 -4.1531691579804315 -5.031068788462402 -4.940281543152787 -4.122761946632714
-2.024229974906637 -1.8717595294345082 -1.7418772981063986 -1.9030355182493037 -2.4323381900663654 -2.6365008948296147 -2.391288454746946 -1.8074699968707617 -1.2859863222573988 -0.9645386594386665 -0.5505661963761637 0.3362384031433536 -0.3503129902147637 -0.4773716947748712 0.018700238926470547 0.07842868978805928 -0.1580959756238327 -0.16678375029460923 0.04606672913941656 0.4426636428603663 0.4133424033464954 0.26282670717529166 -0.06231325987852099 -0.28993295625286697 -0.055363040141899855 0.429849175220971 0.72284437599291 0.5734146516555536 0.37424741732800104 0.4924011528505621 0.45439213866591466 -0.5935706809965073 -1.573117275126564 -2.393243204047871 -2.8269803544863903 -2.7088266189638293 -2.421695666094664 -2.3991074519506452 -2.885622833514132 -3.6677397482507916 -4.54672535056661 -4.819087086495455 -4.3171509048913395
-1.33376908294667 -1.3094433138684956 -1.3767735675670139 -1.7166827515611467 -2.1882117218175443 -2.113062470915327 -1.3943663112753364 -0.7536429293055655 -0.42937173971883036 -0.2684307139426947 -0.5095164610567444 -0.48019522154287353 -0.6678511544316468 -0.16091950239183506 0.22481769299064425 0.40552340614279636 0.23741496626327008 -0.0818607528877684 -0.14441273051735948 0.120347202574556 0.2600031804072893 0.23850093809711703 0.4142111808135729 0.1731254336995236 0.0714784700514377 0.40747815544372123 0.8409981115154714 0.9543735709691052 0.8205818410391466 0.3907541892024762 0.4991341782204137 0.4231161498511189 -0.5748919654543378 -2.193207192253241 -3.0348353634847194 -2.978364828124672 -2.5535326467236983 -2.4694784267839354 -2.912772129360309 -3.438165302575521 -4.008517709712002 -4.322146375327035 -4.141440662174883
-0.6413534416857787 -0.6413534416857787 -0.680448427704273 -1.0262218596011798 -1.4100043056827343 -1.1882488572111627 -0.5388377005706153 -0.27624971114639374 -0.15027697842013366 -0.2986207309236435 -0.4645572271354754 -0.8064211604305331 -0.8209731830040838 -0.30730850559442 0.13598519698195366 0.30496241432855786 0.2932339185230095 0.06083594607973675 -0.1053177444988651 0.05388572634311517 0.2678221776109879 0.4192066512492696 0.4524373893649898 0.11252820537085695 0.037378954468640035 0.21222041971801797 0.5745006234894006 0.9543735709691052 0.9817400611820517 0.4680753837723879 0.4152971526474203 0.5910073953638761 0.23350546766142077 -1.4217328014882826 -2.8465278474956377 -2.9275413463006292 -2.5398494016172255 -2.4607906521131584 -2.753785852885098 -3.2420387893827405 -3.699884514532665 -3.777205709102576 -3.654056503144319
0.5705911248875513 0.4806726570450137 0.35383114685167616 0.14771369278750202 0.06474544468158605 0.09993093209823112 -0.10618652196594258 0.11339698283793487 0.07842868978805928 -0.021263524559101743 -0.3123039760301163 -0.5231997061632172 -0.471507446872097 -0.05058476407297263 0.23741496626327008 -0.07208700638314447 -0.10140824589701536 -0.06122728804467403 -0.1580959756238327 0.06279069538066118 0.3946636878043259 0.5147721726278118 0.27759592411561185 0.01196721355661845 -0.05644901197574681 0.09602143349638181 0.3323289045415039 0.7979936268951273 0.9817400611820517 0.7141566013221334 0.6077313616051208 0.6183738855768222 0.3312429327076569 -0.6589461853941012 -2.0583294904894345 -2.675595880848109 -2.4138766688909654 -2.4041029223863415 -2.6569171653059396 -3.0446091099893433 -3.2088080512670203 -3.272228806363689 -3.2615862823919874
