static/data/ASCData/20210104/ASCU/21.asc
ncols 97
nrows 97
xllcorner 99.0
yllcorner 2.0
cellsize 0.25
NODATA_value -32767
[rows 0 to 18 of 97, columns 43 to 85 of 97]
-0.7835246439122572 -1.1518227484931554 -1.0473176112912874 -0.8812094458441084 -0.8939700731234941 -1.0970400555178603 -0.5111512547419155 -0.7835246439122572 -0.6497580682938664 0.09431850858343216 0.7457705322776014 0.06395701609109983 0.8150739390535771 1.5239487855049831 1.4469450001983435 0.47229708903145085 -0.5883750508637164 0.19596350518819605 0.9673214231455614 0.6881276987052027 0.7114488451123564 1.0630261277409558 1.2720364021446913 1.321978857186426 0.5972632320433684 0.08155788130404629 0.04349601028104999 0.36779195182958313 0.7486306728747052 0.9156188815825317 0.09519855184407966 0.20476393779466928 0.8082536037835601 0.6285047677963478 -0.5452529310919987 0.0503163455510669 0.2692271066370844 -0.5344724011490691 -0.6878199393168622 -1.1399421644744165 -2.9770324710756713 -4.818743004795324 -5.468214931153037
-0.7874848385851698 -1.3324516277410152 -1.27282869683216 -1.1575430296873628 -1.2836092267750896 -1.5315614154624684 -0.3305223754940556 0.15878167742584726 0.014234571864527368 -0.12151210109032018 -0.5287521199548615 -1.3929546019105175 -0.5159914926754756 0.7926328359070705 1.2456351043252725 1.0817270470297111 0.5103589600544467 0.25844657669415483 0.4967182895144133 0.5103589600544467 0.4399554992026622 0.4731771322920979 0.5572212636839158 1.34530000359358 0.28088767984066143 0.3033287829871676 0.4430356506149278 -0.06782946219083419 -0.9447925714258762 0.5288398685280402 0.9380599847290383 0.36669189775377387 0.033815534413929704 -0.33448257016696825 -0.8539281047640417 0.17440244530233695 0.23006518153827926 -0.2436181035051339 -0.7679038760357675 -1.930001001720537 -3.8315544771642065 -5.325647922928173 -6.049263493995422
-0.36572410591994764 -0.7309420590885805 -1.5502623347512237 -1.91834042851696 -1.7308912139990835 -1.6255060335365685 -0.12635233902388032 -0.12151210109032018 -0.6752793228526381 -1.3353117683381188 -1.2200261011933216 -0.9857145830459759 -0.14593330157328266 0.5103589600544467 0.726189569728199 0.6364251571421735 0.380552579108969 0.1539414394922871 0.6392852977392773 0.5044186680450773 0.39507329290964943 0.2973884909777982 0.4078339201890353 1.440124664928327 0.33171017814304316 0.4049737795919315 0.6645865414828873 0.14316090954935756 -0.8891298351899342 0.21158427306468575 1.0562057924709394 0.2661469552248188 -0.053088737574991995 0.09145836798632834 0.09145836798632834 0.2164245109982459 0.04745620495396308 -0.7415025782163482 -2.091268929234156 -3.449615702043275 -4.69179676444695 -5.470195028489494 -6.218231800039705
-0.6653788361703561 -0.4671490917095502 -1.2162859173355705 -1.838256491798055 -1.7473920251362207 -0.8090458984710289 -0.12437224168742356 -0.35296347864056177 -0.8490878668304815 -1.24752745308855 -0.184875215856926 -0.17805488058690955 0.10509903852636171 0.9312396494590214 1.117808820716251 0.5376403011345134 -0.23085747622574804 -0.4788096649131268 0.512339057390903 0.380552579108969 0.477137326965011 0.4674568510978907 0.06505707016690909 0.6813073634351863 0.5444606364045299 0.4887979001685876 0.7114488451123564 0.21444441366178957 -0.6878199393168622 -0.22117700035862775 0.7710717760212118 0.2817677231013085 0.512339057390903 0.7486306728747052 0.3570114218866536 0.10905923319927435 -0.6997005233356011 -2.3216202527085885 -3.6157238674904546 -4.538449226279156 -5.473055169086598 -5.584380641558481 -6.448583123514137
-1.3645732067546419 -0.9164111762700005 -0.014146823291348642 -0.5500931690255588 -1.4857991659088086 -0.5892550941243639 -0.08917051126153153 -0.4631888970366371 -0.9388522794165068 -0.5883750508637164 0.25250628468478586 -0.053088737574991995 -0.4271071233500976 0.5455606904803392 1.6871968103550583 1.143110064459861 -0.8743891105740915 -1.0228964108083247 -0.43986775062948347 -0.06672940811502492 0.07385750277338232 0.6744870281651698 0.32664992939432125 0.11873970906639508 0.7250895156523898 0.6901077960416595 0.6401653409999248 0.14316090954935756 -0.7289619617521241 -0.48871015159540887 0.5356602037980567 0.32973008080658683 0.5259797279309364 0.7057285639181492 0.512339057390903 -0.7085009559420743 -2.161452379270779 -3.6614861170441144 -4.39192202338138 -5.280765716635161 -5.757309142275677 -5.593181074164955 -6.848122763848015
-1.8782984601575077 -1.1995650953832717 -0.29532064506816313 -0.16243411271041985 -1.4633580627623022 -0.863608580631162 -0.22491718421637863 -0.5170915467512849 -0.8479878127546723 -0.49641053012607284 0.035795631750386026 0.22808508420182294 -0.2944406018075161 0.07583760010983864 1.2192338065058528 0.953680752605528 -0.9643735339752788 -1.1157409748066156 -1.1243213965979268 -0.6127962513466794 0.3834127197060728 0.9860223424343166 0.6645865414828873 0.16560201269586416 0.5728420315604055 0.6276247245357003 0.5776822694939656 0.22808508420182294 -0.6028957646643973 -0.6145563378679739 0.5963831887827209 0.43313516393264573 -0.14483324749747384 0.035795631750386026 -0.7426026322921575 -2.4936687101651374 -3.7602709730517745 -4.447584759617322 -5.179120720030396 -5.335328398795293 -5.735748082389819 -5.1819808606275 -7.1673584566478254
-2.0092048951787946 -1.3383919197503844 -0.052208694314344495 0.2067440351311256 -1.3089104705186996 -0.7562433028321904 -0.14307316097617928 -0.41830669074362437 -0.8011255091252032 -0.9340120414829467 -0.46142881051534257 0.7613913001540911 0.5328000632009533 0.4674568510978907 -0.19873589721212115 -0.558893601632032 -0.774724211305784 -0.9672336745723826 -0.8891298351899342 -0.4134664528100642 0.5884627994368952 1.0777668523567985 0.785812500637054 0.5776822694939656 0.42543478540198176 0.5600814042810196 0.502438570708621 0.1519613421558308 -0.5307322172913178 -0.6585585009003396 0.6773471687622732 0.9235392709283579 0.2564664793576985 -1.5834839678406596 -2.761201861401919 -4.556050091492103 -4.822703199468236 -5.295286430435841 -5.398911524377061 -5.542358575862572 -4.982871072906047 -4.259255501838798 -6.342097888975813
-1.4065952724505508 -1.9086599526498398 -0.6809996040468458 0.3180695076030102 -0.5423927904948949 -0.38420501439354116 0.053396496963332485 -0.21237656775215452 -0.40466602020359144 -0.4955304868654258 -0.6616386523126052 0.31608941026655346 0.6304848651328041 0.43313516393264573 -0.3705643438535082 -1.023776454068972 -1.1274015480101924 -0.8891298351899342 -0.5404126931584385 -0.1331726742938968 -0.050228596977888174 0.24282580881766513 0.7026484125058836 1.0192439755237523 0.7495107161353527 0.6832874607716426 0.637305200402821 0.3649318112324793 -0.3069812182717402 -0.42028678808008113 0.6773471687622732 0.9605010878755444 -0.3773846791235247 -2.3255804473815016 -4.397862315390749 -5.803071391829337 -5.473935212347245 -5.393851275628339 -5.422232670784215 -5.036553711805532 -4.061905800638639 -3.2573262495918387 -4.03066426488566
-0.9848345397853286 -1.9194404825927691 -0.9300518468100338 0.2388656141447525 -0.25527867670871096 -0.7855047412487135 0.05141639962687572 0.4478758885484879 0.1704422506294243 -0.44382794530239655 -1.0081556861924823 -0.8334670989539918 0.21048421898887693 0.2624067713670679 -0.35010333804345795 -1.056998087158408 -1.1450024132231387 -0.7309420590885805 -0.1663943073833325 -0.33250247283051193 -0.49267034626832196 -0.28850030979814667 0.4302750233355419 1.0749067117596947 0.9380599847290383 1.1862321842315793 1.0553257492102919 0.7006683151694268 0.4615165590885213 0.20850412165242016 0.6764671255016261 -0.4290872206865539 -2.1986342070331277 -4.18005160838054 -5.9876604657501105 -6.086225310942608 -5.665344621538034 -5.2981465710329445 -5.00135198137964 -4.627333595604535 -3.924179030347336 -2.845025981978575 -2.043306571528878
-0.8275268069446224 -0.3637440085834913 0.16164181802295108 0.10025880059280157 -0.5619737530442976 -0.9808743451124158 -0.2513184820357979 -0.0005061527513152697 -0.38816520906645424 -0.7826446006516097 -0.7113610965391777 -0.8099259417316764 -0.39696564167292747 -0.4251270260136413 -0.7122411397998252 -0.97295395576659 -0.9340120414829467 -0.5188516332725794 -0.13119257695744047 -0.5452529310919987 -0.935992138819403 -0.8519480074275854 -0.2612189687180799 0.3209296482001136 0.7671115813482987 0.8696366212137101 0.6676666928951529 0.47427718636790717 0.46547675376143394 0.18232283464816268 -0.5668139909778578 -2.565832257538217 -4.626453552343888 -6.044423256061862 -6.5229467790388345 -6.083365170345505 -5.7493887529298515 -5.206402061110463 -4.858784973154776 -4.591251821917995 -4.017023594345627 -2.7103793630995368 -0.9447925714258762
0.2408457114812088 -0.0033662933484190916 -0.23965790883222127 -0.6966203719233355 -0.8724090132376352 -0.4994906815383384 -0.33624265668826325 -0.5111512547419155 -0.6332572571567292 -0.4994906815383384 0.0045540959974066375 -0.1723345993927019 -0.3490032839676491 -0.8666887320434276 -0.9711938692452955 -0.7982653685280994 -0.7406225349557007 -1.1254214506737361 -0.8735090673134445 -0.9808743451124158 -1.0550179898219514 -0.9115709383364403 -0.4975105842018821 -0.11865196049321636 0.54930087433809 0.7701917327605643 0.7193692344581821 0.4643766996856251 -0.029767591167838336 -1.8987594659675575 -3.7708314921795423 -5.218062634314039 -5.994480801020126 -6.513046292356552 -6.392040344017548 -6.208331313357423 -5.8695146580082085 -5.385270853837028 -4.8559248325576725 -4.197652473593487 -3.4311347935696817 -2.495428796686432 -0.11865196049321636
0.07275744869757306 -0.9164111762700005 -1.7064700135161208 -1.9163603311805035 -1.4233160944028496 -1.11266082339435 0.114779514393482 0.28374782043776525 0.003454041921597817 -0.22887737888929172 -0.005346390684875413 -0.24933838469934155 -0.29818078566526696 -0.8607484400340581 -1.040497276021271 -0.8871497378534774 -0.8059657470587633 -1.1819642301703255 -1.120581212740176 -0.8979302677964072 -0.8314870016175355 -0.39696564167292747 0.17154230470523357 -0.04538835904432803 0.1422808662887105 0.4243347313261725 0.22522494360471912 -0.3050011209352834 -2.116570172977766 -4.3098579893260185 -5.680085346153876 -6.040463061388948 -6.532627254905956 -6.437802593571208 -6.281594914806311 -6.179069874940899 -5.726067606522697 -5.185061012039766 -4.388181839523629 -3.6185840080875584 -2.73964080151606 -1.7630127930127104 0.7506107702111615
-0.36066385717122573 -0.943692517350067 -1.6712682830902286 -1.6791886724360543 -1.4877792632452649 -1.3500524929539612 0.3277499834701305 0.6293848110569953 0.4117941148619484 0.18408292116945768 0.24282580881766513 -0.31974184555112606 -0.37254444118996455 -0.5384325958219818 -0.7542632054957341 -0.8919899757870375 -0.9916548750553453 -1.6497072232043695 -1.2288265337997948 -0.7485429243015265 -0.33624265668826325 0.06505707016690909 0.07781769744629496 -0.2874002557223374 -0.46142881051534257 -0.8070658011345726 -1.2026452467955373 -2.795303537752002 -4.625353498268078 -5.94673845413001 -6.4281221177040875 -6.676074306391467 -6.6078709536913 -6.514146346432362 -6.203491075423862 -5.95751898407294 -5.4154123355141985 -4.718198062266369 -3.9105383598073025 -2.9407306865739695 -2.005244700505882 -0.7309420590885805 0.8491756154036603
-0.6321572030809204 -0.6633987388338998 -0.8979302677964072 -0.9544730472929965 -1.1234413533372796 -1.251267636946301 0.005434139258054138 0.9840422450978599 0.8023133117741912 0.5220195332580237 0.6958280772358667 -0.10985152788674313 -0.35692367331347485 -0.4944304327896165 -0.36748419244124264 -0.6097160999344138 -1.402635077777638 -1.6596077098866517 -1.1166210180672629 -0.3734244844506116 -0.45944871317888625 -1.1410422185502258 -1.6684081424931247 -2.0307659550646537 -2.4212851519768965 -2.867687095940243 -4.0715862765057595 -5.313767338909434 -6.13704780924499 -6.568709028592495 -6.753298102513268 -6.662433635851433 -6.551108163379549 -6.326477121099323 -6.005261330963056 -5.612762036714357 -4.9388689098736815 -4.21129314413352 -3.3792122411914907 -2.3997240920910374 -1.466218203359406 -0.11073157114739063 0.7946129332435272
-0.37254444118996455 -0.0803700786550583 -0.44954822649660375 -0.49355038952896946 -0.7679038760357675 -1.1555629323509062 -0.19279560520275174 0.8190341337264897 0.7301497644011117 0.3706520924266865 0.5600814042810196 -0.07068960278793801 -0.27089944458520065 -0.23481767089866068 -0.11667186315676004 -0.44756812916014743 -1.3069303731822433 -1.2299265878756038 -0.7162013344727383 -1.8782984601575077 -2.386083421551004 -3.491637767739184 -4.291377080852425 -4.589271724581538 -4.915327752651366 -5.625302653178581 -5.889095620557612 -6.658693451993682 -6.776839259735583 -6.662433635851433 -6.683114652476645 -6.467284042802893 -6.270814384863382 -5.970059600537164 -5.615622177311461 -5.221142785726306 -4.459465343636061 -3.767971351582439 -2.971092179066302 -2.0637675773389277 -1.2074854847290974 0.059116778157539684 0.8042934091106475
-0.2893803530587937 0.04349601028104999 -0.28564016920104285 -0.18993546460564836 -0.8266467636839754 -1.1654634190331885 -0.5989355699914842 0.3530512272137405 0.31498935619074464 -0.06584936485437787 0.16560201269586416 -0.18113503199917513 -0.3626439545076825 -0.39014530640291056 -0.2689193472487439 -0.610816154010223 -1.0941799149207567 -1.167443516369645 -2.3764029456838838 -3.54048016870511 -4.604012449197381 -5.715287076579768 -6.32955727251159 -6.527787016972395 -6.828541801298613 -6.939867273770497 -7.16053812137781 -7.062853319445958 -6.895865110738132 -6.674314219870172 -6.466183988727083 -6.238692805849754 -5.949598594727114 -5.63124294518795 -5.228843164256969 -4.887166368310652 -4.141109694096897 -3.5013182436063044 -2.7035590278295203 -1.815815388651549 -0.9516129066958929 0.010274377191614281 0.8971379731089386
-0.5608736989684884 -0.3861851117299979 -0.308081272347549 -0.05792897550855214 -0.7014606098568956 -0.9505128526200837 -0.45944871317888625 0.12269990373930773 0.18408292116945768 -0.3919053929242051 -0.35010333804345795 -0.6224767272137997 -0.7230216697427547 -0.7542632054957341 -1.0433574166183746 -1.4710584412929661 -1.7924942422443952 -2.7992637324249148 -4.199632570929943 -5.364589837211817 -6.390060246681092 -6.958348182244091 -7.25822292330966 -7.387149260994491 -7.3919894989280515 -7.43291151054815 -7.335446719431461 -7.158558024041353 -6.883104483458745 -6.550228120118901 -6.2602538657356135 -5.936837967447728 -5.64202347513088 -5.363709793951169 -4.963290110356644 -4.648894655490394 -4.037484600155676 -3.3715118626608267 -2.677157730010101 -1.8362763944615987 -0.9164111762700005 -0.14681334483393016 0.7583111487418255
-0.7474428702257176 -0.5901351373850114 -0.4095062581371516 -0.29818078566526696 -0.4251270260136413 -0.689800036653319 -0.9135510356728969 -0.6497580682938664 -0.3782647223841722 -0.9661336204965734 -1.209465582065554 -1.491519447103016 -1.741671743942013 -2.0032646031694252 -2.290378716955609 -2.5238101918423075 -3.0639367430645925 -4.373441114907786 -5.62046241524502 -6.579489558535425 -7.10399534188122 -7.531696366555812 -7.650722217558359 -7.59417943806177 -7.4993547767270226 -7.386049206918681 -7.2494224907031874 -7.018851156413593 -6.750437961916164 -6.3792797167381625 -6.097005840885538 -5.778650191346374 -5.483835699029527 -5.196721585243342 -4.822703199468236 -4.408642845333679 -3.9613608581096846 -3.372391905921474 -2.7055391251659766 -1.9623425915493256 -1.0189362161354119 -0.31886180229047856 0.4791174243014673
-1.24752745308855 -0.8823094999199173 -0.8567882453611455 -0.5756144235843306 -0.5071910600690024 -0.9456726146865235 -1.7649928903491667 -2.3216202527085885 -2.2142549749096174 -2.3178800688508376 -2.6283153290441756 -2.927090016033936 -3.247425762909556 -3.5013182436063044 -3.630244581291135 -3.7367298158294595 -4.418323321200798 -5.470195028489494 -6.414481447164054 -7.056032984175941 -7.420370894083927 -7.648742120221902 -7.681083710050691 -7.616620541208276 -7.4399518566333285 -7.251402588039644 -7.044372410972365 -6.802140503479193 -6.6078709536913 -6.238692805849754 -5.934857870111271 -5.663584535016739 -5.390111091770589 -5.099036783311491 -4.778701036435871 -4.292477134928234 -3.9309993656173523 -3.4007733010773498 -2.832485365514351 -2.209414736976057 -1.4642381060229495 -0.7474428702257176 0.015334625940336188
