static/data/seaWind_vo/2023/7/22/0.asc
ncols 137
nrows 93
xllcorner 108.0
yllcorner 17.0
cellsize 0.25
NODATA_value -32767
[rows 0 to 18 of 93, columns 88 to 131 of 137]
5.022419792113474 5.151421616715663 5.2759751025384665 5.304444470726536 5.285761447853115 5.174552978368469 4.983274410854879 4.697691061218308 4.264422864106127 3.7813332726648246 3.3195957073645745 2.9103485396610775 2.528681072389772 2.1745933055506597 1.843636900364353 1.913030985322772 2.1318892532685556 2.533129411169158 2.7422013338002924 2.5260120691221406 2.0580468295307504 1.292042891720509 0.5100249343044785 -0.2728826908674291 -0.9143331428548671 -1.427671437995993 -1.8636086383758053 -2.057556209157028 -2.2443864378912335 -2.376057265761054 -2.4926037417809632 -2.811104798384989 -3.106474493336209 -3.375154155611114 -3.384050833169885 -2.6776546350034143 -1.3146836329995928 0.9174927664962214 2.2279733709032894 2.600744160615823 1.542039531121993 0.8738990464582401 0.4904522436751808 0.4201684909608845
4.4325700699669115 4.867617602590847 5.220815701674082 5.303554802970659 5.275085434782589 5.1718839751008385 4.985943414122509 4.654097341180327 4.185242433833059 3.6843594872742136 3.2822296616177336 3.073157738986599 2.878320500449499 2.7368633272650293 2.778677711791256 2.907679536393446 2.9984256474929167 3.0642610614278274 2.6576828969919615 2.042922477680839 1.3338572762467358 0.5616256641453541 -0.15277754382401154 -0.8111316831731159 -1.1669987855239832 -1.5015138617337982 -1.8066699019996668 -2.0637838834481683 -2.311111519582021 -2.460575702569385 -2.5637771622511365 -2.855588186178848 -3.086012134951034 -3.1892135946327858 -3.1518475488859443 -2.317339193873161 -0.8769670971080261 1.0073492098398154 2.4023482510552143 2.443272967825564 1.9023549722522461 1.0865296401128832 0.7964979516969264 0.7787045965793831
3.7679882563266673 4.383638343393667 4.980605407587246 5.194125668997767 5.211919024115311 5.128290255062857 4.937011687549266 4.533102526381032 4.060688948010255 3.6176344055834257 3.445038860943255 3.448597531966764 3.4530458707461493 3.492191252004745 3.5153226136575517 3.482404906690096 3.3000230167352766 2.8338371126556408 2.1639172924801335 1.408589367740418 0.7048621728415783 0.05629437880712285 -0.4766166069633009 -0.9365748367517965 -1.2817659260321377 -1.5913703050773922 -1.852042957549402 -2.026417837701327 -2.282642151393951 -2.4837070642221915 -2.6527439378388533 -2.8146634694084978 -2.931209945428407 -2.9169752613343722 -2.7390417101589386 -1.7408344880647566 -0.3814221570844438 1.196848441841652 1.953955702093122 1.8685475975289136 1.4068100322286636 0.9210514375197301 0.8187396455938556 0.9281687795667473
3.962825494863767 4.272429873909021 4.800002853144182 5.097151883607156 5.251954073129783 5.202132678800662 4.990391752901896 4.624738305236379 4.229725821626917 3.995743201831222 4.053571605963238 4.1131793456070085 4.1096206745835 3.9939638663194676 3.697704503612371 3.292016006932382 2.9317005658021293 2.251104732556096 1.5749572380894483 0.8810163885052573 0.2929460018704493 -0.18480558303558947 -0.6331981319976823 -0.933905833484165 -1.2230478541442444 -1.437457783310642 -1.5913703050773922 -1.7808695370792287 -1.9659204303016797 -2.1483023202564993 -2.3351325489907047 -2.485486399733946 -2.531749123039558 -2.4730310511516653 -2.1287296296272014 -0.9846168955691637 0.3739057676552717 1.7110764047386549 1.9050239755198777 1.6327856422214642 1.1238956858597242 1.0562809364130594 1.1470270475125306 1.3623266444348052
4.531323190869277 4.773312820467867 5.005516104751807 5.002847101484177 5.121172913015839 5.098041551363033 4.934342684281634 4.7270500971622536 4.601606943583573 4.445915086305069 4.574027243151381 4.533102526381032 4.480612128784278 4.036667918601571 3.3729757727172043 2.9228038882433576 2.3178298142468834 1.6906140463534802 1.0633982784600768 0.5482806478071967 0.04028035920133366 -0.31202807212602446 -0.537114014362948 -0.7924486602996952 -0.971271879231006 -1.0486729739923195 -1.1856818083974034 -1.3395943301641533 -1.3573876852816968 -1.5495559205511653 -1.8289115958965962 -2.03798351852773 -2.078018567542203 -1.8991953486108923 -1.4454647931135365 -0.3867601636197069 0.7929392806734179 2.034915467877944 2.2342010451944296 1.68438637206234 1.1425787087331447 1.1852827610152488 1.3632163121906824 1.5687295637983083
5.138076600377506 5.179890984903732 5.3462588552527635 5.0517788280574205 4.857831257276198 4.835589563379268 4.816016872749971 4.927225342234617 4.810678866214708 4.7564091331062 4.763526475153218 4.616731295433485 4.112289677851131 3.591834040662988 2.921024552731603 2.30626413342048 1.705738398203392 1.1737170801888457 0.7546835671706995 0.24668327856483696 -0.008651367371910634 -0.1171908335889249 -0.3342697660229539 -0.3716358117697949 -0.47839594247505524 -0.5709213890862803 -0.6687848422327689 -0.7853313182526778 -0.8778567648639033 -1.0895976907626692 -1.3511600109905566 -1.4588098094516941 -1.5620112691334453 -1.3983124020520465 -0.8778567648639033 0.10522610538036714 1.2884842206970002 1.8205055387115467 1.6834967043064628 1.218200467982704 1.0251425649573587 1.1345716989302503 1.3125052501056838 1.5963092642305003
5.462805331272672 5.503730048043021 5.360493539346797 5.094482880339524 4.89163863199953 4.73772611023278 4.710146409800588 4.81957554377348 4.697691061218308 4.635414318306905 4.412997379337614 3.9227904458492944 3.4156798249993088 2.835616448167395 2.250215064800219 1.6345649777332185 1.201296780621038 0.7867116063822777 0.39525779379632375 0.29383566962632646 0.1283574670331733 0.08476374699519207 0.14081281561545378 0.11323311518326173 -0.0015340253248932179 -0.15366721157988872 -0.25331000023813166 -0.30669006559076184 -0.5513486984569829 -0.7630896243557488 -0.9783892212780234 -1.156322772453457 -1.2524068900881913 -1.0922666940303007 -0.59939075727435 0.30629101820860694 0.8561056913406968 1.345422957073139 1.06873628499534 0.9806591771635003 0.7849322708705233 0.937065457125519 1.191510435306389 1.4753144494312056
5.417432275722936 5.272416431514958 5.053558163569175 4.896086970778915 4.699470396730062 4.550006213742698 4.443246083037438 4.409438708314105 4.164780075447884 3.9130041005346454 3.533115968775095 2.987749634422391 2.5144463882957377 1.9877630768164543 1.4601900975812936 1.0580602719248138 0.698634498550438 0.41394081666974425 0.25735929163536264 0.20842756506211835 0.20753789730624117 0.33120171537316767 0.3712367643876402 0.37212643214351737 0.2137655715973814 0.11412278293913891 0.19330321321220678 0.15415783195361143 -0.06203143272454037 -0.40455351873725 -0.7079302234913643 -1.033548622142408 -0.8636220807698689 -0.5486796951893513 -0.30313139456725313 0.06163238534238591 0.38013344194641197 0.8071739647674525 0.5749706804835117 0.5847570257981605 0.655930446268334 0.7822632676028918 1.0304805714926215 1.2413318296355105
5.16832530407733 4.968150059004966 4.708367074288834 4.441466747525683 4.235953495918057 4.033998915333941 3.8845347323465758 3.650552112550881 3.327602717167469 3.0224466769016005 2.5687161214042447 2.0624951683101362 1.6683723524565508 1.2048554516445464 0.8169603100821012 0.5678533384364943 0.26536630143825723 0.10522610538036714 0.07052906290115768 0.0465080334924739 0.050956372271859784 0.17106151931527735 0.25735929163536264 0.16394417726825994 -0.025555054733576554 -0.07359711355094367 0.13814381234782225 0.31429802801150153 0.23244859447080213 -0.1287565144153282 -0.604728763809613 -0.726613246364785 -0.4116708607842674 0.09277075679808666 -0.057583093945154484 -0.27911036515856935 -0.08160412335383826 0.30896002147623847 0.4682105497782516 0.5020179245015839 0.5900950323334235 0.6790618079211403 0.7315522055178931 0.804504961499821
4.769754149444358 4.580254917442521 4.328478942529283 4.043785260648589 3.7920092857353507 3.466390887084307 3.1968215570535254 2.9414869111167783 2.631882532071524 2.324947156293901 1.8854512848905798 1.4335000649049787 1.0509429298777966 0.5900950323334235 0.3071806859644841 0.0954397600657182 -0.10295614949489007 -0.18569525079146665 -0.20437827366488737 -0.22750963531769353 -0.25686867126164037 -0.25686867126164037 -0.4232365416106707 -0.5753697278656662 -0.6456534805799627 -0.6243014544389105 -0.4152295318077761 -0.1910332573267297 -0.187474586303221 -0.42501587712242506 -0.5878250764479467 -0.6127357736125072 -0.48462361676619503 -0.3636288019669003 -0.4525955775546171 -0.33960777255821695 -0.05135541965401469 0.2751526467529062 0.32853271210553614 0.3418777284436938 0.5171422763514957 0.7226555279591216 0.6639374560712286 0.364119422340623
4.406769705046473 4.233284492650426 3.910335097267014 3.5838270308600935 3.367637766181941 2.9655079405254616 2.7101732945887145 2.485977020107668 2.1701449667712738 1.8347402228055814 1.461969433093048 1.0456049233425335 0.646144100953685 0.2787113177764149 -0.002423693080770395 -0.22750963531769353 -0.4152295318077761 -0.4855132845220722 -0.5228793302689136 -0.5682523858186488 -0.6714538455004004 -0.8458287256523254 -1.0522316450158282 -1.141198420603545 -1.0540109805275826 -0.933905833484165 -0.7337305884118024 -0.5397830176305796 -0.3787531538168123 -0.43302288692531965 -0.6287497932182964 -0.891201781202061 -1.131412075288896 -0.971271879231006 -0.5869354086920695 -0.18925392181497536 0.0038039812103698445 -0.0015340253248932179 0.11768145396264762 0.370347096631763 0.6755031368976316 0.8267466553967502 0.7279935344943846 0.4086028101344812
3.885424400102453 3.6478831092832493 3.2626569709884357 2.89700352332292 2.7110629623445917 2.372989215111268 2.141675598583204 1.9254863339050525 1.621219961395061 1.387237341599366 1.123006018103847 0.8036152937439438 0.44774819139307676 0.1363644768360679 -0.19281259283848406 -0.46683026164865193 -0.604728763809613 -0.6572191614063656 -0.7177165688060132 -0.791558992543818 -0.8894224456903066 -0.9677132082074973 -1.0166449347807416 -0.9579268628928483 -0.7826623149850462 -0.48729262003382656 -0.187474586303221 0.03405268491019342 0.10433643762448996 -0.3422767758258485 -0.828925038290659 -1.1581021079652114 -1.018424270292496 -0.4276848803900566 -0.12608751114769667 -0.06114176496866319 -0.3040210623231303 -0.42946421590181094 -0.3218144174406734 0.038501023689579306 0.6648271238271057 0.8890233983081519 0.8605540301200825 0.5607359963894769
3.2955746779558908 2.9236935559992347 2.5820611377424023 2.2769050974765337 2.028687793586804 1.7564494602883904 1.5838539156482199 1.3952443514022606 1.165710070385951 0.9673141608253426 0.7431178863442964 0.5420529735160564 0.31162902474387 0.07675673719229748 -0.15900521811515178 -0.39832584444610974 -0.6091771025889989 -0.8351527125817992 -0.9134434750989899 -0.9552578596252168 -0.9855065633250408 -0.9285678269489019 -0.6990335459325925 -0.4890719555455809 -0.19815059937374713 -0.09672847520374983 0.07319806616878921 0.0874327502628236 0.03138368164256233 -0.4339125546811968 -0.604728763809613 -0.6429844773123312 -0.17235023445330944 0.21109656832974988 0.3836921129699207 0.29739434064983516 0.16394417726825994 0.16750284829176865 0.4281755007637791 0.8231879843732415 1.1746067479447229 0.9922248579899033 0.7609112414618397 0.0660807241217718
2.6719175810859963 2.303595130152849 1.9850940735488227 1.6879450430858487 1.3329676084908586 1.1728274124329685 0.9868868514546405 0.8409813394907848 0.6968551630386837 0.5767500159952661 0.4833349016281634 0.3125186924997472 0.23066925895904777 0.05451504329536849 -0.15277754382401154 -0.34672511460523436 -0.6038390960537359 -0.7995660023467126 -0.8876431101785522 -0.9258988236812704 -0.8422700546288167 -0.5611350437716318 -0.3698564762580405 -0.20615760917664172 -0.003313360836647572 -0.04868641638638316 -0.19370226059436124 -0.24708232594699142 -0.4223468738547935 -0.47750627471917806 -0.46238192286926605 0.10611577313624432 0.6230127393008786 0.8036152937439438 0.9041477501580637 0.8774577174817488 0.8561056913406968 0.7600215737059626 1.0037905388163066 1.2199798034944584 1.3543196346319109 0.9539691444871852 0.1728408548270317 -0.6536604903828569
1.9503970310696133 1.7804704896970742 1.4566314265577849 1.1212266825920927 0.7546835671706995 0.603440048671581 0.47710722733702315 0.34009839293193944 0.3454363994672023 0.33209138312904485 0.24401427529720543 0.17906852911817195 0.11323311518326173 -0.002423693080770395 -0.03801040331585703 -0.21416461897953631 -0.4009948477137413 -0.382311824840321 -0.441919564484091 -0.23462697736471094 -0.018437712686559138 0.38013344194641197 0.6150057294979843 0.76713891575298 0.6007710454039497 0.006472984478001376 -0.12430817563594232 -0.004203028592524749 0.14526115439483966 0.09721909557747255 0.2333382622266793 0.745786889611928 0.5758603482393889 0.5162526085956185 0.6319094168596504 0.8036152937439438 0.8427606750025392 0.7920496129175407 0.847209013781925 1.0260322327132358 0.9762108383841144 0.35522274478185123 -0.5059756429072473 -1.8911883388079977
1.3205122599085783 1.2413318296355105 0.9833281804311318 0.6452544331978078 0.32586370883790483 0.14704048990659402 0.024266339595544917 0.12212979274203306 0.18796520667694372 0.22088291364439883 0.2867183275793095 0.22444158466790753 0.18707553892106654 0.17106151931527735 0.13458514132431354 0.1657235127800143 0.09721909557747255 0.24579361080895978 0.6835101467005262 0.8961407403551693 1.3418642860496304 1.7608977990677763 2.002887428666366 2.208400680273992 1.9575143731166305 1.1461373797566534 0.7760355933117515 0.8970304081110465 1.2359938231002474 0.772476922288243 0.8988097436228009 0.5607359963894769 0.24668327856483696 0.21910357813264447 0.3036220149409754 0.47354855631351445 0.37212643214351737 0.3836921129699207 0.43707217832255063 0.3347603863966764 0.22711058793553907 -0.42857454814593376 -1.6607643900358111 -3.051315092471824
0.8819060562611345 0.9584174832665711 0.7013035018180696 0.42550649749614755 0.16483384502413712 -0.018437712686559138 0.00825231998975573 0.1070054408921215 0.2822699887999236 0.4424101848578137 0.5082455987927241 0.5509496510748282 0.5242596183985131 0.528707957177899 0.4237271619843932 0.45486553344009395 0.5642946674129856 0.8107326357909612 1.2484491716825277 1.674600026747691 2.1532412794096074 2.5562607728219646 3.1452208272126496 3.3525134143320297 2.940597243360901 2.0322464646103127 1.6612550104095336 1.4833214592341002 1.6479099940713762 1.0144665518868325 0.6826204789446491 0.34365706395544815 0.14615082215071684 0.32497404108202765 0.4086028101344812 0.23244859447080213 -0.03356206453647115 -0.03978973882761139 -0.29512438476435854 -0.39832584444610974 -0.5869354086920695 -0.9677132082074973 -2.2034617211208833 -3.186544591365154
0.646144100953685 0.7840426031146461 0.6701651303623686 0.4005958003315868 0.2635869659265029 0.1657235127800143 0.19864121974746984 0.4050441391109727 0.6176747327656158 0.8338639974437676 0.8810163885052573 0.9272791118108701 0.8934717370875378 0.9762108383841144 0.8445400105142935 0.7262141989826303 0.82051898110561 1.0100182131074467 1.4121480387639265 1.8267332130026868 2.1398962630714498 2.4708526682577565 3.0909510941041423 3.1639038500860703 2.6345515353391553 1.8685475975289136 1.6559170038742708 1.4601900975812936 1.123006018103847 0.7448972218560508 0.4335135072990419 0.296504672893958 0.20308955852685573 0.4753278918252688 0.6327990846155276 0.44329985261369087 0.0046936489662470215 -0.3378284370464626 -0.6385361385329453 -1.16788845327986 -1.3378149946523994 -1.4356784477988875 -1.9534650817193993 -2.8591468572023566
0.6657167915829827 0.8374226684672761 0.7529042316589452 0.6167850650097386 0.46198287548711137 0.43173417178728757 0.4949005824545665 0.7119795148885955 1.0135768841309554 1.1550340573154252 1.1550340573154252 1.1132196727891983 1.0518325976336735 1.2262074777855985 1.2164211324709497 1.123006018103847 1.1141093405450755 1.372112989749454 1.8124985289086522 2.3009261268852175 2.4361556257785466 2.481528681328282 2.358754531017233 2.2938087848382 1.732428430879707 1.5002251465957661 1.2706908655794569 0.9272791118108701 0.46643121426649725 0.3409880606878166 0.2555799561236083 0.10522610538036714 0.2911666663586949 0.7475662251236823 0.9166030987403442 0.6906274887475434 0.4201684909608845 -0.3084694011025162 -1.405429744099064 -2.1545299945476395 -1.9054230229020326 -1.7061374455855467 -2.2381587636000932 -3.1687512362476107
