static/data/seaWind_vo/2023/7/22/12.asc
ncols 137
nrows 93
xllcorner 108.0
yllcorner 17.0
cellsize 0.25
NODATA_value -32767
[rows 19 to 37 of 93, columns 86 to 128 of 137]
2.9904186376900226 3.297354013467645 2.85607880655257 2.6870419329359083 2.5740541279395077 2.3863342314494256 1.9806457347694368 1.4601900975812936 0.9779901738958687 0.5749706804835117 0.21999324588852165 -0.19726093161786995 -0.2817793684262009 -0.2595376745292719 -0.10651482051839878 0.6666064593388599 1.0820813013334973 1.2217591390062128 1.7662358056030394 1.854312913434879 2.1390065953155726 2.3445198469231987 2.382775560425917 2.5544814373102103 2.4032379188110915 2.0126737739810148 1.2520078427060364 0.8721197109464858 1.1897310997946347 1.699510723912252 2.1852693186211853 1.7511114537531276 1.1897310997946347 0.6763928046535088 0.5518393188307054 0.7466765573678051 0.8552160235848196 0.9272791118108701 0.9797695094076231 1.5811849123805886 1.324070930932087 0.4157201521814986 -0.791558992543818
2.897893191078797 2.7377529950209065 2.3338438338526726 2.3596441987731103 2.1906073251564484 1.8178365354439152 1.1728274124329685 0.931727450590256 0.6470337687095622 0.34009839293193944 -0.046907080874628804 0.02070766857203621 0.23155892671492495 0.5242596183985131 0.9682038285812198 1.1265646891273557 0.9557484799989395 0.41305114891386707 -0.255089335749886 -0.25419966799400884 0.24579361080895978 1.0011215355486751 2.003777096422243 1.7973741770587401 1.424603387346207 1.1950691063298977 1.4593004298254164 1.1434683764890219 2.0313567968544355 3.1505588337479127 3.703932177903511 2.4708526682577565 1.6069852773010265 0.9913351902340262 0.667496127094737 0.7244348634708759 0.9121547599609583 0.9628658220459569 0.5527289865865825 0.5153629408397415 -0.1776882409885725 -1.288883268079155 -2.401857630681492
2.5740541279395077 2.066053839333645 1.811608861152775 1.7511114537531276 1.47709378494296 0.9139340954727126 0.18262720014168066 0.33209138312904485 0.6781721401652632 0.7226555279591216 0.661268452803597 1.2804772108941058 1.435279400416733 1.3507609636084021 1.2413318296355105 1.1550340573154252 0.45130686241658524 -0.28622770720558677 -0.5967217540067185 0.8222983166173643 1.991321747839963 3.2003802280770337 3.443259525431501 2.255553071335482 1.392575348134629 1.0936469821599006 1.1354613666861275 1.2048554516445464 2.4139139318816176 4.053571605963238 4.789326840073656 3.05714371938081 1.9379416824873328 1.2778082076264743 0.5909847000893007 0.476217559581146 0.4966799179663208 0.21109656832974988 -0.4641612583810204 -0.8654014162816233 -1.437457783310642 -2.2684074672999164 -3.0095007079455978
2.1950556639358343 1.3703336542376996 1.090977978892269 1.0064595420839382 1.0242528972014815 0.6327990846155276 0.27604231450878336 0.4050441391109727 0.863223033387714 1.4317207293932244 1.5553845474601506 1.7778014864294427 1.3596576411671737 1.0740742915306027 0.8062842970115753 0.8703403754347314 0.40771314237860423 0.28493899206755513 0.21643457486501294 1.5740675703335711 4.24129150245332 5.945005254958097 5.834686453229327 2.2546634035796047 1.4023616934492777 0.9948938612575349 0.9112650922050811 0.931727450590256 1.2849255496734917 2.4397142968020553 3.46550121932843 3.2706639807913302 2.171924302283028 1.5553845474601506 0.990445522478149 0.6061090519392125 0.14081281561545378 -0.26576534882041214 -0.8244766995112731 -1.3591670207934512 -1.8956366775873836 -2.3796159367845626 -2.9436652940106875
1.6114336160804124 0.6505924397330709 0.2582489593912398 0.23244859447080213 0.7413385508325421 0.7982772872086807 0.6523717752448253 0.7475662251236823 0.76713891575298 1.2831462141617374 1.5135701629339238 1.519797837225064 0.8116223035468384 0.2956150051380808 0.1852962034093122 0.3009530116733439 0.4166098199373758 0.9726521673606057 0.7902702774057864 1.594529928718746 3.6247517476304427 6.476136905216766 6.370266442267383 3.1434414917008953 1.3907960126228747 0.8080636325233297 1.0447152555866563 0.9966731967692892 1.07496395928648 1.4975561433281346 2.183489983109431 2.321388485270392 2.0358051356338214 1.5971989319863775 1.1924001030622662 0.6977448307945608 0.17017185155940018 -0.4152295318077761 -1.0104172604896013 -1.5789149564951117 -1.9881621241986092 -2.3600432461552647 -2.726586361576658
1.63723398100085 0.15237849644185708 -0.4321332191694425 -0.2764413618909378 0.28493899206755513 0.47710722733702315 0.7066415083533326 0.7876012741381548 1.0811916335776202 2.433486622510915 2.7012766170299427 1.8365195583173357 0.6763928046535088 0.14259215112720813 0.27337331124115183 0.4717692208017603 0.8142913068144699 1.196848441841652 0.9966731967692892 1.0509429298777966 2.921024552731603 5.374728223440832 5.438784301863988 2.7066146235652058 1.1416890409772675 0.6692754626064914 0.5740810127276346 0.7173175214238585 0.8107326357909612 1.0367082457837618 1.313394917861561 1.4192653808109439 1.3053879080586666 1.0562809364130594 0.8009462904763123 0.3481054027348338 -0.12786684665945103 -0.6865781973503124 -1.3324769881171363 -1.8102285730231755 -2.2079100599002692 -2.5246317809925407 -2.7025653321679743
1.7608977990677763 0.2715939757293975 -0.2630963455527806 -0.019327380442436315 0.46287254324298854 0.49223157918693516 0.7235451957149988 0.8961407403551693 1.621219961395061 3.5313366332633405 4.511750500239979 3.645214106015618 0.9397344603931506 0.4308445040314104 0.6061090519392125 0.5669636706806171 0.9246101085432386 0.5998813776480725 0.4744382240693916 0.5162526085956185 1.2520078427060364 3.3738654404730815 3.731511878335703 2.4664043294783706 0.8961407403551693 0.19508254872396114 -0.12252884012418797 0.11679178620677044 0.3160773635232559 0.5438323090278108 0.5349356314690392 0.46287254324298854 0.38458178072579785 0.15415783195361143 -0.10295614949489007 -0.3938775056667243 -0.7283925818765393 -1.2817659260321377 -1.6483090414535306 -2.1047086002185176 -2.4792587254428056 -2.6482955990594674 -2.8271188179907782
2.124771911221538 1.1835034255034944 0.7119795148885955 0.8721197109464858 1.1630410671183196 1.1354613666861275 0.9877765192105175 0.9824385126752546 1.6701516879683052 4.201256453438848 5.1763323138802235 4.32314093599402 1.1247853536156014 0.6256817425685102 0.44774819139307676 0.40949247789035836 -0.08961113315673286 -0.6029494282978587 -0.7684276308910118 -0.4828442812544407 0.2555799561236083 1.5393705278543615 2.08651619771882 1.2324351520767387 0.6408060944184222 -0.04779674863050598 -0.2995727235437444 -0.11274249480953902 0.0349423526660706 -0.02644472248945373 -0.04423807760699727 -0.23017863858532506 -0.47839594247505524 -0.7159372332942588 -0.9543681918693396 -1.1545434369417027 -1.41610575716959 -1.6687713998387057 -2.037093850771853 -2.2301517537971987 -2.5139557679220155 -2.5833498528804344 -2.5833498528804344
2.7528773468708185 1.991321747839963 1.8294022162703183 1.6763793622594454 1.7733531476500568 1.4130377065198036 1.27602887211472 1.1514753862919165 1.2093037904239323 3.3747551082289586 4.372072662567264 3.6843594872742136 1.3338572762467358 0.28049065328816924 -0.2524203324822545 -0.9143331428548671 -1.5824736275186204 -1.4241127669724847 -1.2702002452057344 -0.8102420154172387 -0.13053584992708256 0.8240776521291187 1.096315985427532 0.6666064593388599 0.1657235127800143 -0.1056251527625216 -0.2221716287824309 -0.08516279437734697 -0.11185282705366184 -0.21594395449129067 -0.3858704958638297 -0.6785711875474179 -0.9579268628928483 -1.2114821733178411 -1.453471802916431 -1.6491987092094078 -1.8146769118025614 -1.9685894335693113 -2.045990528330625 -2.152750659035885 -2.176771688444568 -2.126950294115447 -2.1456333169888677
3.8925417421494704 3.259098299964927 2.9601699339901986 2.638999874118541 1.949507363313736 1.5180185017133097 1.2733598688470884 1.0767432947982343 0.8009462904763123 1.535811856830853 2.70216628478582 3.0509160450896697 1.6114336160804124 -0.1919229250826069 -1.2452895480411739 -1.8742846514463314 -1.9445684041606275 -1.3395943301641533 -0.8102420154172387 -0.2221716287824309 0.36145041907299147 0.6897378209916663 0.35522274478185123 -0.11452183032129337 -0.33960777255821695 -0.33871810480233977 -0.32715242397593647 -0.3378284370464626 -0.33249043051119953 -0.37964282157268947 -0.546900359677597 -0.7737656374262749 -1.0255416123395134 -1.2621932354028398 -1.4570304739399398 -1.6394123638947589 -1.772862527276334 -1.862718970619928 -1.876953654713963 -1.8191252505819473 -1.7239308007030902 -1.6838957516886173 -1.6545367157446709
5.504619715798899 4.887190293220144 3.721725533021054 2.0464811487043475 1.4406174069519961 1.0135768841309554 0.8463193460260479 0.8676713721670999 0.894361404843415 1.1763860834564772 1.7991535125704945 1.960183376384262 1.0349289102720074 -0.6340877997535594 -1.5032931972455525 -1.7479518301117731 -1.4178850926813444 -0.731951252900048 -0.20882661244427325 0.17106151931527735 0.4344031750549191 0.49223157918693516 0.17550985809466324 -0.28000003291444653 -0.5335553433394393 -0.5931630829832097 -0.6296394609741736 -0.5166516559777734 -0.4241262093665479 -0.42590554487830223 -0.5646937147951405 -0.7381789271911883 -0.9694925437192516 -1.1278534042653874 -1.2497378868205598 -1.4347887800430104 -1.618060337753707 -1.7159237909001956 -1.707916781097301 -1.608273992439058 -1.5148588780719554 -1.4739341613016057 -1.4116574183902042
6.235036943374054 5.541096093789863 3.9494804785256092 1.769794476626548 1.0206942261779728 0.7422282185884193 0.5918743678451779 0.3934784582845694 0.1283574670331733 0.29383566962632646 0.5064662632809698 0.5207009473750044 0.04828736900422825 -0.5477900274334742 -1.123405065486002 -1.0869286874950377 -0.7444066014823281 -0.3662978052345318 -0.05669342618927731 0.2582489593912398 0.4148304844256214 0.4157201521814986 0.1772891936064176 -0.1545568793357659 -0.4232365416106707 -0.5700317213304031 -0.5878250764479467 -0.5219896625130365 -0.5575763727481231 -0.6171841123918931 -0.7239442430971534 -0.8520563999434656 -0.9516991886017085 -1.01397593151311 -1.1385294173359135 -1.41610575716959 -1.6020463181479179 -1.7159237909001956 -1.7497311656235275 -1.6901234259797575 -1.5922599728332694 -1.5290935621659902 -1.4659271514987116
6.636277101274656 5.711912302918279 4.112289677851131 1.827622880758564 0.9050374179139409 0.39080945501693787 -0.1251978433918195 -0.4081121897607587 -0.7043715524678555 -0.7479652725058368 -0.5219896625130365 -0.3493941178728659 -0.5940527507390869 -0.821807696243642 -0.816469689708379 -0.7283925818765393 -0.40188451546961845 -0.08160412335383826 0.17817886136229477 0.3525537415142197 0.4833349016281634 0.5082455987927241 0.41749948769325296 0.18618587116518936 -0.013989373907173253 -0.17679857323269532 -0.2897863782290955 -0.4490369065311084 -0.531776007827685 -0.7043715524678555 -0.838711383605308 -0.9890652343485495 -0.9837272278132865 -1.0495626417481967 -1.1847921406415263 -1.4072090796108183 -1.618060337753707 -1.7417241558206338 -1.7657451852293167 -1.6803370806651086 -1.5984876471244092 -1.5646802724010769 -1.5335419009453761
6.3293417254970326 5.399638920605392 3.845389351087981 1.63723398100085 0.5536186543424597 -0.021996383710067846 -0.5255483335365447 -1.0620179903304772 -1.5068518682690613 -1.565569940156954 -1.373401704887486 -1.1972474892238067 -1.1073910458802128 -0.8956501199814468 -0.7621999565998716 -0.35028378562874307 -0.003313360836647572 0.19330321321220678 0.3836921129699207 0.5429426412719336 0.6292404135920189 0.6799514756770175 0.6977448307945608 0.6577097817800883 0.4575345367077255 0.21554490710913576 0.012700658769141615 -0.23373730960883377 -0.509534313930756 -0.6901368683738212 -0.8947604522255697 -0.9774995535221462 -0.9267884914371476 -0.8823051036432892 -0.9979619119073209 -1.0637973258422315 -1.2177098476089814 -1.2951109423702953 -1.2248271896559988 -1.1438674238711766 -1.109170381391967 -1.118956726706616 -1.0895976907626692
6.017068343184148 5.032206137428123 3.4832945744459733 1.562501889507168 0.6950758275269293 0.09010175353045513 -0.6091771025889989 -1.2043648312708242 -1.9854931209309776 -2.2995458387556176 -2.1082672712420263 -1.712365119876687 -1.4392371188223962 -0.8226973639995192 -0.20971628020015043 0.20219989077097855 0.47087955304588314 0.587426029065792 0.7021931695739467 0.6505924397330709 0.7368902120531562 0.8534366880730653 0.9228307730314842 0.8854647272846432 0.7466765573678051 0.507355931036847 0.18796520667694372 -0.14832920504462566 -0.419677870587162 -0.5362243466070709 -0.6874678651061896 -0.5985010895184728 -0.40900185751663587 -0.36451846972277746 -0.3289317594876908 -0.3716358117697949 -0.45437491306637146 -0.382311824840321 -0.31202807212602446 -0.29868305578786725 -0.2586480067733947 -0.2728826908674291 -0.26487568106453496
5.799989410750118 4.8124582017264625 3.4468181964550095 1.627447635686201 1.0562809364130594 0.6176747327656158 -0.08338345886559262 -1.01397593151311 -1.9792654466398374 -2.422319989066667 -2.6189365631155206 -2.222144743994304 -1.4178850926813444 -0.27555169413506064 0.36234008682886865 0.7858219386264005 1.0464945910984107 1.1007643242069178 1.0393772490513933 0.9859971836987633 0.8480986815378022 0.9504104734636765 1.005569874328061 0.9771005061399916 0.8392020039790304 0.624792074812633 0.3036220149409754 -0.012210038395418898 -0.15188787606813436 -0.2684343520880432 -0.0842731266214698 0.1808478646299263 0.4005958003315868 0.6363577556390363 0.6728341336300001 0.5740810127276346 0.48066589836053186 0.5536186543424597 0.5278182894220218 0.5331562959572849 0.5927640356010551 0.5794190192628976 0.5865363613099148
5.511737057845917 4.937011687549266 3.5633646724749184 2.0838471944511885 1.679048365527077 1.2724702010912112 0.46998988529000596 -0.49618929759259833 -1.4961758551985351 -2.187447701515094 -2.412533643752018 -2.1491919880123764 -1.2541862255999452 0.12746779927729612 0.9539691444871852 1.3801199995523485 1.5909712576952373 1.6657033491889195 1.5696192315541855 1.3747819930170855 1.2253178100297213 1.117668011568584 1.1105506695215668 1.0918676466481463 0.990445522478149 0.7769252610676287 0.5651843351688628 0.40682347462272705 0.2929460018704493 0.43618251056667345 0.6924068242592978 1.090088311136392 1.3996926901816462 1.6434616552919903 1.6363443132449729 1.4851007947458545 1.281366878649983 1.0954263176716548 1.0705156205070943 1.1105506695215668 1.1568133928271795 1.144358044244899 1.1843930932593716
5.234160718012239 4.786657836806024 4.1727870852507785 3.105185778198177 2.516225723807492 1.7751324831618112 0.9335067861020103 0.05540471105124567 -0.9330161657282878 -1.612722331218444 -1.8591602995964194 -1.6242880120448473 -0.8734084260845174 0.40682347462272705 1.255566513729545 1.801822515838126 2.034025800122067 2.260891077870745 2.2377597162179383 2.0304671290985583 1.7511114537531276 1.5536052119483963 1.4699764428959425 1.4326103971491015 1.3391952827819988 1.254676845973668 1.1212266825920927 1.0518325976336735 1.0820813013334973 1.2520078427060364 1.5233565082485727 1.9610730441401392 2.221745696612149 2.2342010451944296 2.187938321888817 1.875664939575931 1.5135701629339238 1.2858152174293689 1.244890500659019 1.2947118949881404 1.292042891720509 1.286704885185246 1.2991602337675263
4.994840091681281 4.514419503507611 3.970832504666661 3.2946850102000136 2.444162635581441 1.6514686650948849 0.8516573525613109 0.13013680254492765 -0.5264380012924219 -0.9899549021044267 -1.2319445317030162 -1.1145083879272302 -0.5282173368041763 0.4308445040314104 1.2208694712503356 1.8454162358761073 2.3569751955054787 2.745760004823801 2.7938020636411682 2.638999874118541 2.340071508143813 2.0358051356338214 1.8934582946934744 1.8552025811907562 1.7947051737911088 1.759118463556022 1.7973741770587401 1.8516439101672475 1.8552025811907562 1.8391885615849672 1.9895424123282086 2.3196091497586377 2.3329541660967954 2.2235250321239035 1.9299346726844382 1.4593004298254164 1.0349289102720074 0.8925820693316606 0.8819060562611345 0.9432931314166593 0.8916924015757834 0.8534366880730653 0.835643332955522
