static/data/seaWind_vo/2023/7/22/18.asc
ncols 137
nrows 93
xllcorner 108.0
yllcorner 17.0
cellsize 0.25
NODATA_value -32767
[rows 19 to 37 of 93, columns 86 to 128 of 137]
6.607807733086586 7.031289584884119 6.242154285421071 5.727036654768191 5.267078424979695 4.87295560912611 4.6274073085040115 4.161221404424375 3.7920092857353507 3.5268882944839546 3.5535783271602694 2.992197973201777 2.44772130660495 2.0162324450045235 1.9210379951256666 2.2057316770063604 2.2822431040117968 2.0847368622070657 2.0829575266953113 1.7982638448146173 2.0162324450045235 2.1167649014186436 1.8765546073318082 1.8151675321762837 1.6176612903715524 1.1772757512123544 0.17639952585054042 -0.18925392181497536 -0.6073977670772446 -1.0976047005655638 -1.3137939652437156 -0.7381789271911883 -0.2328476418529566 -0.011320370639541721 -0.15900521811515178 -0.2186129577589222 -0.24886166145874578 -0.24530299043523707 -0.25331000023813166 -1.2266065251677531 -1.8956366775873836 -2.152750659035885 -1.757738175426422
7.171857090312711 6.792858626309037 5.912087547990641 5.4459016439110055 5.09270354482777 4.837368898891023 4.7226017583828686 4.347161965402703 4.1630007399361295 3.8178096506557884 2.9539422596990583 2.5455847597514385 2.251994400311973 1.9859837413047 1.6977313884004976 1.3907960126228747 0.5705223417041259 -0.42946421590181094 -0.9445818465546911 -0.7764346406939064 -0.10918382378603031 0.6488131042213166 1.3934650158905062 0.43707217832255063 -0.1251978433918195 -0.3547321244081285 -0.1919229250826069 -0.15188787606813436 -0.04156907433936574 0.06163238534238591 0.3071806859644841 -0.029113725757085263 -0.19281259283848406 -0.2150542867354135 0.11145377967150738 0.07853607270405183 0.07497740168054357 -0.10918382378603031 -0.8049040088819757 -2.2230344117501812 -2.986369346292791 -3.3022013996291855 -3.2790700379763797
6.805313974891318 6.246602624200457 5.697677618824244 5.110496899945313 4.90765265160532 4.87295560912611 4.662994018739099 4.166559410959638 4.102503332536482 3.831154666993946 2.6781452553771365 2.2653394166501304 1.9263760016609297 1.404141028961032 0.6274610780802645 0.024266339595544917 -0.4864029522779494 -1.003299918442584 -0.689247200617944 0.7911599451616635 1.8552025811907562 2.283132771767674 1.2351041553443702 0.08565341475106925 -0.34672511460523436 -0.33960777255821695 0.24668327856483696 0.348995070490711 0.7013035018180696 1.2786978753823515 1.6906140463534802 0.7804839320911374 0.14526115439483966 -0.030893061268839617 -0.08160412335383826 -0.30669006559076184 -0.5593557082598775 -1.250627554576437 -2.2888698256850915 -3.4080718625785686 -3.8217673690614515 -3.993473245945745 -4.232793872276703
6.646953114345182 5.957460603540377 5.29999613194715 4.668332025274361 4.808009862947076 4.922777003455231 4.221718811824022 2.9041208653699373 2.8418441224585353 2.813374754270466 2.13366858878031 1.8036018513498804 1.2644631912883169 0.6354680878831591 0.08832241801870078 -0.17235023445330944 -0.7070405557354871 -0.8360423803376764 -0.32359375295242776 1.3881270093552431 3.9236801136051715 4.825803218064619 3.4032244764170283 0.9112650922050811 0.5269286216661446 0.6737238013858773 1.0287012359808674 0.9477414701960449 0.6043297164274581 0.8445400105142935 1.3311882729791042 0.9788798416517459 0.36145041907299147 0.00825231998975573 -0.21683362224716785 -0.6527708226269802 -1.305786955440821 -2.071790893251063 -2.9570103103488443 -3.569101726392336 -3.953438196931273 -3.9472105226401326 -4.013045936575043
6.420087836596505 5.646966556739246 4.8569415895203205 4.080261638639553 4.0331092475780626 3.8703000482525414 3.076716410010108 1.8925686269375972 1.4788731204547143 1.7012900594240061 1.4308310616373472 1.0722949560188486 -0.040679406583488564 -0.5041963073954929 -0.29779338803199007 -0.040679406583488564 0.04917703676010543 0.4379618460784278 0.5989917098921953 1.6906140463534802 3.4797359034224646 5.6905602767772265 4.610503621142345 2.081178191183557 0.9361757893696419 0.8641127011435912 0.4468585236371996 -0.15277754382401154 0.09810876333334972 0.296504672893958 0.8925820693316606 0.6835101467005262 0.2520212851000996 -0.1287565144153282 -0.5122033171983875 -1.0451143029688108 -1.6616540577916883 -2.336911884502459 -3.0628807732982275 -3.618923120721458 -3.6465028211536494 -3.513942325527952 -3.394726846240411
6.08557276038669 5.253733408641537 4.3871970144171755 3.162124514574316 2.584730141010034 2.1301099177568013 2.0304671290985583 1.3151742533733153 1.7377664374149702 2.622985854512752 2.5544814373102103 1.318732924396824 0.06252205309826309 -0.1545568793357659 0.21643457486501294 0.9263894440549929 0.97443150287236 1.2119727936915639 1.1034333274745494 1.266242526800071 2.9281418947786206 5.269747428247326 4.573137575395505 2.013563441736892 0.3009530116733439 -0.08694212988910133 -0.7150475655383817 -1.0735836711568805 -0.896539787737324 -0.030893061268839617 0.6603787850477199 0.3650090900965002 -0.043348409851120095 -0.46149225511338887 -0.9543681918693396 -1.4570304739399398 -1.9881621241986092 -2.4445616829635957 -3.031742401842527 -3.255049008567696 -3.2781803702205026 -3.1269368517213834 -2.9739139977105107
5.496612705996004 4.662994018739099 3.5953927116864968 2.2172973578327637 1.4450657457313818 1.1221163503479699 1.02158389393385 1.217310800226827 2.357864863261356 3.7635399175472815 4.240401834697443 3.0010946507605483 0.9050374179139409 0.878347385237626 1.1559237250713024 0.9468518024401678 0.9513001412195536 0.677282472409386 0.5118042698162328 0.667496127094737 1.8365195583173357 3.9930741985635905 3.7074908489270197 2.1025302173246088 0.3836921129699207 -0.7177165688060132 -1.3929743955167835 -1.4089884151225727 -0.6412051418005769 0.22800025569141624 0.37746443867878043 -0.03267239678059397 -0.4161191995636533 -0.8458287256523254 -1.343153001187662 -1.723041132947213 -2.1038189324626404 -2.5388664650865755 -2.755055729764728 -2.9374376197195473 -2.9739139977105107 -2.8689332025170047 -2.715020680750255
5.203022346556539 3.689697493809476 2.60786150266284 1.4948871400605033 1.2315454843208615 0.9432931314166593 0.9424034636607821 1.0233632294456043 1.9415003535108415 4.510860832484102 5.024199127625228 3.7635399175472815 1.0358185780278846 0.783152935358769 0.3667884256082543 0.15771650297712014 0.18351686789755783 -0.09761814295962701 -0.26576534882041214 0.23066925895904777 1.434389732660856 2.8800998359612535 2.9361489045815152 1.7048487304475148 0.6701651303623686 -0.509534313930756 -1.076252674424512 -0.6340877997535594 0.09366042455396384 0.10077776660098126 0.03405268491019342 -0.3458354468493572 -0.6705641777445233 -1.1011633715890725 -1.427671437995993 -1.7435034913323881 -2.0691218899834314 -2.2924284967086 -2.5077280936308752 -2.6385092537448185 -2.6981169933885885 -2.590467194927452 -2.470362047884034
4.843596573182163 3.2146149121710685 1.806270854617512 0.9504104734636765 1.0260322327132358 0.6683857948506142 0.7262141989826303 1.12834402463911 1.4530727555342764 3.777774601641316 4.5669099011043635 3.555357662672024 0.9931145257457805 -0.22395096429418526 -0.8787464326197805 -1.0913770262744236 -0.9570371951369712 0.14881982541834837 0.5349356314690392 0.9788798416517459 1.5722882348218168 2.6265445255362607 2.594516486324683 1.8747752718200539 0.9477414701960449 0.3454363994672023 0.050956372271859784 0.38102310970228914 0.17906852911817195 0.012700658769141615 -0.3191454141730419 -0.6465431483358399 -0.9935135731279354 -1.2177098476089814 -1.4792721678368688 -1.6242880120448473 -1.8155665795584386 -1.9917207952221179 -2.116274281044921 -2.255952118717637 -2.2853111546615827 -2.251503779938251 -2.1607576688387797
5.654083898786263 4.163890407692007 2.553591769554333 1.334746944002613 0.8169603100821012 0.23244859447080213 0.3925887905286922 1.1674894058977054 1.1470270475125306 2.027798125830927 2.9228038882433576 2.9379282400932696 1.4076996999845408 -0.6180737801477703 -1.7007994390502836 -1.7541795044029134 -0.7773243084497836 0.8836853917728889 1.3525402991201565 1.679048365527077 2.103419885080486 2.575833463451262 2.3649822053083733 1.8774442750876854 1.525135843760327 1.238662826367879 0.884575059528766 0.4459688558813224 0.04028035920133366 -0.3520631211404974 -0.7088198912472414 -1.0050792539543383 -1.2185995153648586 -1.3315873203612592 -1.3538290142581881 -1.3805190469345034 -1.3965330665402922 -1.4250024347283614 -1.505962200513184 -1.6189500055095842 -1.7007994390502836 -1.7835385403468602 -1.8787329902257173
6.939653806028771 5.854259143858625 3.7848919436883333 1.4815421237223458 0.7582422381942082 0.3890301195051835 0.603440048671581 1.1621513993624424 1.016245887398587 1.2840358819176145 1.954845369848999 2.066053839333645 0.8285259909085045 -1.0388866286776706 -1.6136119989743212 -1.0735836711568805 0.21198623608562706 1.1826137577476172 1.4335000649049787 1.694172717376989 1.9770870637459281 2.1737036377947825 2.220856028856272 2.0224601192956637 1.7920361705234773 1.482431791478223 0.9779901738958687 0.45486553344009395 0.02604567510729927 -0.3894291668873384 -0.7986763345908354 -1.0593489870628456 -1.2283858606795075 -1.2817659260321377 -1.236392870482402 -1.1625504467445973 -1.0637973258422315 -1.0317692866306536 -1.055790316039337 -1.145646759382931 -1.3831880502021345 -1.607384324683181 -1.842256612234753
6.844459356149914 6.092690102433707 4.295561235561827 1.5660605605306768 0.7991669549645579 0.7982772872086807 0.8890233983081519 0.7342212087855247 0.9459621346842906 0.9646451575577113 1.1559237250713024 1.1381303699537588 0.5731913449717574 0.13814381234782225 -0.1332048531947141 0.3151876957673787 1.154144389559548 1.4851007947458545 1.6060956095451493 1.7466631149737417 1.7938155060352317 1.8463059036319844 1.901465304496369 1.721752417809181 1.4984458110840118 1.2840358819176145 1.0180252229103413 0.6755031368976316 0.2991736761615895 -0.08961113315673286 -0.3947671734226015 -0.5931630829832097 -0.7710966341586434 -0.8422700546288167 -0.8226973639995192 -0.8111316831731159 -0.7710966341586434 -0.7737656374262749 -0.8725187583286402 -1.0264312800953905 -1.3129042974878384 -1.5931496405891465 -1.867167309399314
6.5544276677339575 6.396956474943698 4.853382918496812 2.171924302283028 0.9085960889374496 0.6666064593388599 0.3383190574201851 0.14259215112720813 0.6105573907185984 0.9610864865342026 1.090088311136392 1.080301965821743 0.7537938994148223 0.6843998144564034 0.8134016390585928 1.1754964157006 1.414817042031558 1.6185509581274296 1.7137454080062864 1.711966072494532 1.7288697598561984 1.7235317533209353 1.6683723524565508 1.525135843760327 1.3480919603407706 1.1425787087331447 0.9263894440549929 0.7128691826444726 0.4041544713550955 0.20308955852685573 -0.01754804493068196 -0.14388086626523977 -0.1251978433918195 -0.1581155503592746 -0.11185282705366184 -0.11808050134480208 -0.17946757650032685 -0.34761478236111154 -0.47839594247505524 -0.6714538455004004 -0.8938707844696925 -1.178564466350386 -1.4285611057518701
5.838245124252836 5.733264329059331 4.914769993652337 2.4761906747930196 0.9504104734636765 0.16394417726825994 -0.17679857323269532 -0.4232365416106707 0.13102647030080483 0.5260389539102674 0.8623333656318368 0.8863543950405204 1.1034333274745494 1.3845683383317344 1.566950228286554 1.8027121835940032 2.0126737739810148 1.9859837413047 1.9610730441401392 1.922817330637421 1.7564494602883904 1.7075177337151464 1.6336753099773413 1.535811856830853 1.3525402991201565 1.096315985427532 0.8721197109464858 0.6532614430007024 0.46287254324298854 0.2662559691941344 0.2813803210440464 0.29472533738220363 0.35433307702597405 0.4450791881254452 0.48867290816342646 0.507355931036847 0.39614746155220093 0.2671456369500116 0.29383566962632646 0.20219989077097855 0.1728408548270317 -0.10829415603015313 -0.3591804631875144
5.641628550203983 5.561558452175038 4.759967804129709 3.0304536867044947 1.4432864102196274 0.56607400292474 -0.35295278889637416 -0.6545501581387341 -0.434802222437074 -0.00687203186015628 0.348995070490711 1.1674894058977054 1.5642812250189224 1.9859837413047 2.30626413342048 2.54202608872793 2.643448212897927 2.5446950919955613 2.4174726029051263 2.038474138901453 1.8721062685524223 1.754670124776636 1.7137454080062864 1.6221096291509383 1.4477347489990133 1.1932897708181434 0.9557484799989395 0.6915171565034206 0.4984592534780752 0.39525779379632375 0.4148304844256214 0.4646518787547429 0.4717692208017603 0.5634049996571084 0.5162526085956185 0.5215906151308816 0.4610932077312342 0.5269286216661446 0.5536186543424597 0.5518393188307054 0.544721976783688 0.35433307702597405 0.4655415465106201
5.580241475048458 5.500171377019512 4.528654187601646 3.037571028751512 1.711966072494532 0.9041477501580637 -0.01754804493068196 -0.47394760369566935 -0.6162944446360159 -0.19726093161786995 0.4753278918252688 1.2956015627440176 1.8845616171347028 2.3765478861347766 2.7003869492740655 2.9913083054458998 3.0927304296158966 2.946824917652041 2.628323861048015 2.245766726020833 1.93883135024321 1.8036018513498804 1.7279800921003212 1.6808277010388313 1.5064528208869064 1.4388380714402418 1.2368834908561246 0.990445522478149 0.7956082839410492 0.6924068242592978 0.5562876576100912 0.5278182894220218 0.5011282567457067 0.5082455987927241 0.4610932077312342 0.43618251056667345 0.4717692208017603 0.5518393188307054 0.41394081666974425 0.3819127774581663 0.2182139103767673 0.2662559691941344 0.3783541064346576
5.7750787135855575 5.082917199513121 3.936135462187452 2.732414988485644 2.0847368622070657 1.372112989749454 0.6683857948506142 0.31785669903501024 -0.057583093945154484 0.11145377967150738 0.7787045965793831 1.2564561814854223 1.7813601574529514 2.2849121072794283 2.698607613762311 2.9913083054458998 3.1203101300480887 2.973514950328356 2.6301031965597694 2.292919117082323 1.991321747839963 1.7279800921003212 1.566950228286554 1.5482672054131332 1.6238889646626926 1.6052059417892721 1.6016472707657634 1.5384808600984845 1.3374159472702445 1.1363510344420047 0.9281687795667473 0.7849322708705233 0.7404488830766649 0.7546835671706995 0.8311949941761361 0.8142913068144699 0.8827957240170117 0.8854647272846432 0.7475662251236823 0.51892161186325 0.22888992344729342 0.32853271210553614 0.2920563341145721
6.007281997869498 5.3560452005674115 4.6176209631893625 3.5927237084188652 3.284008997129488 2.6906006039594166 1.9459486922902274 1.1621513993624424 0.7404488830766649 0.7279935344943846 0.7609112414618397 1.1043229952304265 1.4868801302576087 1.9726387249665422 2.3809962249141625 2.6567932292360843 2.7751190407677475 2.7626636921854675 2.558040108333719 2.203952341494606 1.8623199232377736 1.5375911923426073 1.4130377065198036 1.4637487686048023 1.562501889507168 1.743104443950233 1.8658785942612823 1.922817330637421 1.8854512848905798 1.700400391668129 1.4139273742756808 1.1950691063298977 1.1470270475125306 1.1550340573154252 1.2484491716825277 1.3053879080586666 1.3907960126228747 1.365885315458314 1.244890500659019 1.0785226303099886 0.8347536651996448 0.6719444658741229 0.5109146020603557
6.0748967473161635 5.66742891512442 5.1416352714010145 4.402321366267088 3.6799111484948277 3.117641126780457 2.533129411169158 1.9005756367404918 1.3516506313642793 0.915713430984467 0.7840426031146461 0.8872440627963976 1.2146417969591954 1.6123232838362895 1.9904320800840858 2.274236094208902 2.4352659580226694 2.444162635581441 2.303595130152849 2.1114268948833805 1.8267332130026868 1.535811856830853 1.3854580060876116 1.4744247816753284 1.7021797271798833 1.9530660343372448 2.182600315353554 2.3320644983409182 2.3320644983409182 2.1301099177568013 1.8009328480822488 1.47709378494296 1.3178432566409468 1.2778082076264743 1.2680218623118253 1.2564561814854223 1.2778082076264743 1.2084141226680551 1.0705156205070943 0.8925820693316606 0.6603787850477199 0.476217559581146 0.28493899206755513
