static/data/seaWind_vo/2023/7/22/6.asc
ncols 137
nrows 93
xllcorner 108.0
yllcorner 17.0
cellsize 0.25
NODATA_value -32767
[rows 38 to 56 of 93, columns 0 to 42 of 137]
-0.6251911221947877 -1.273758916229243 -1.8831813290051032 -1.6056049891714266 -0.9143331428548671 -0.14832920504462566 0.37657477092290326 0.40682347462272705 0.06519105636589462 -0.3218144174406734 -0.5780387311332977 -0.49174095881321245 -0.060252097212786015 0.7324418732737703 1.504673485375152 2.0598261650425047 2.1372272598038182 2.194165996179957 2.2021730059828517 2.1487929406302215 2.0642745038218906 2.123882243465661 2.2715670909412706 2.50110137195758 2.765332695453099 3.0268950156809864 2.929921230290375 2.7519876791149414 2.479749345816528 2.1051992205922403 1.4948871400605033 0.8276363231526274 0.5215906151308816 0.6790618079211403 1.266242526800071 1.89167895918172 2.0882955332305744 2.043812145436716 1.8774442750876854 1.8053811868616347 1.5767365736012027 1.6167716226156752 1.578515909112957
-0.7088198912472414 -0.8022350056143441 -0.626970457706542 0.11679178620677044 0.6425854299301765 0.5162526085956185 0.07675673719229748 -0.44369889999584533 -0.5202103270012821 -0.3191454141730419 -0.06914877477155779 0.2662559691941344 0.6176747327656158 0.8463193460260479 1.3641059799465596 1.6968417206446205 1.8471955713878616 1.9637420474077707 2.0358051356338214 2.0100047707133832 2.0464811487043475 2.1372272598038182 2.2546634035796047 2.3703202118436364 2.522453398098632 2.6621312357713474 2.65501389372433 2.506439378492843 2.1479032728743443 1.6060956095451493 1.1087713340098124 0.7173175214238585 0.5803086870187746 0.7182071891797357 1.1612617316065652 1.599867935254009 1.7413251084384789 1.5909712576952373 1.472645446163574 1.63723398100085 1.6959520528887433 1.8979066334728603 2.1007508818128544
-0.5050859751513701 -0.1990402671296243 0.6319094168596504 1.0874193078687604 0.9584174832665711 0.4379618460784278 -0.11185282705366184 -0.06559010374804908 0.43618251056667345 0.7013035018180696 0.6692754626064914 0.9673141608253426 1.3107259145939294 1.5562742152160278 1.875664939575931 1.9379416824873328 2.028687793586804 1.9681903861871566 1.9788663992576825 1.9895424123282086 2.0687228426012765 2.1763726410624136 2.2537737358237275 2.1959453316917115 2.0989715463011 1.9575143731166305 1.9468383600461046 1.953955702093122 1.795594841546986 1.2778082076264743 0.7715872545323659 0.39080945501693787 0.10878477640387585 0.2920563341145721 0.8552160235848196 1.4601900975812936 1.6550273361183936 1.594529928718746 1.3427539538055075 1.434389732660856 1.424603387346207 1.5589432184836594 1.5544948797042735
0.2146552393532586 0.5411633057601792 1.080301965821743 0.7039725050857011 0.43262383954316475 0.14970949317422555 0.3890301195051835 0.5616256641453541 1.037597913539639 1.1924001030622662 1.1372407021978816 1.0393772490513933 1.2804772108941058 1.5927505932069916 2.0117841062251376 2.1274409144891697 2.2021730059828517 2.156799950433116 2.1923866606682028 2.227083703147412 2.2849121072794283 2.2769050974765337 2.299146791373463 1.9156999885904036 1.525135843760327 1.201296780621038 0.8222983166173643 0.809842968035084 1.1852827610152488 0.8392020039790304 0.32497404108202765 -0.06914877477155779 -0.292455381496727 0.03138368164256233 0.5892053645775464 1.2164211324709497 1.7137454080062864 1.7439941117061102 1.6310063067097098 1.7626771345795307 1.727090424344444 1.397913354669892 1.2368834908561246
0.6888481532357891 1.017135555154464 0.6924068242592978 0.2146552393532586 0.1924135454563296 0.33565005415255356 0.5749706804835117 0.757352570438331 1.0838606368452517 1.160372063850688 1.2475595039266505 1.1496960507801621 1.3427539538055075 1.6915037141093574 2.1318892532685556 2.299146791373463 2.3756582183788995 2.3720995473553907 2.3943412412523197 2.410355260858109 2.491315026642931 2.4841976845959137 2.251994400311973 1.806270854617512 1.471755778407697 1.2617941880206853 0.8819060562611345 0.7973876194528036 0.8151809745703471 0.17995819687404913 -0.11096315929778466 -0.5068653106631245 0.18974454218869807 0.7262141989826303 1.0464945910984107 0.9895558547222718 1.4877697980134859 1.8498645746554931 1.996659754375226 2.075840184648294 1.748442450485496 1.4183757130550667 1.3525402991201565
0.6621581205594742 0.7920496129175407 0.44774819139307676 0.3525537415142197 0.646144100953685 0.7706975867764887 0.847209013781925 1.0251425649573587 1.1105506695215668 1.0998746564510407 1.22264880676209 1.4762041171870828 1.6826070365505856 2.0366948033896985 2.3178298142468834 2.474411339281265 2.437045293534424 2.4352659580226694 2.3498578534584613 2.3293954950732867 2.4183622706610035 2.416582935149249 2.1737036377947825 1.8463059036319844 1.699510723912252 1.5482672054131332 1.5215771727368184 1.4415070747078733 0.5803086870187746 -0.12697717890357385 -0.3556217921640057 0.14881982541834837 0.9299481150785016 1.5322531858073443 1.4174860452991895 1.287594552941123 1.3267399341997184 1.6870553753299715 2.0580468295307504 1.699510723912252 1.344533289317262 1.652358332850762 1.6559170038742708
0.4868935726516721 0.6176747327656158 0.7822632676028918 0.9254997762991157 1.2039657838886693 1.1799447544799857 1.2573458492412994 1.3525402991201565 1.3463126248290163 1.3881270093552431 1.7715738121383025 2.0269084580750496 2.001108093154612 2.251104732556096 2.3809962249141625 2.3080434689322344 2.2706774231853935 2.123882243465661 1.9850940735488227 1.969969721698911 2.034025800122067 2.0313567968544355 1.9397210179990871 1.7342077663914615 1.5980885997422547 1.4610797653371708 1.435279400416733 1.4165963775433124 0.5918743678451779 0.422837494228516 0.8952510725992922 1.4005823579375234 1.3747819930170855 1.7021797271798833 1.5002251465957661 1.604316274033395 1.641682319780236 1.6594756748977793 1.8925686269375972 1.2680218623118253 1.1941794385740205 1.5037838176192748 1.9459486922902274
1.0722949560188486 1.3374159472702445 1.504673485375152 1.3765613285288398 1.4690867751400654 1.4219343840785754 1.4370587359284874 1.471755778407697 1.6612550104095336 2.0971922107893457 2.4922046943988083 2.4495006421167043 2.310712472199866 2.1381169275596954 1.9904320800840858 1.8943479624493516 1.6114336160804124 1.38278900281998 1.397023686914015 1.5162391662015553 1.5527155441925191 1.5678398960424311 1.4851007947458545 1.3916856803787518 1.1416890409772675 0.82051898110561 0.7867116063822777 0.7653595802412256 1.381899335064103 2.208400680273992 2.4993220364458257 2.30626413342048 1.9993287576428573 1.7617874668236535 1.721752417809181 2.0260187903191724 2.162137956968379 2.1025302173246088 1.8356298905614585 1.392575348134629 1.5749572380894483 2.0322464646103127 2.358754531017233
1.5980885997422547 1.9477280278019817 1.7715738121383025 1.334746944002613 1.4192653808109439 1.4210447163226982 1.4913284690369946 1.774242815405934 2.241318387241447 2.4023482510552143 2.3080434689322344 2.1051992205922403 1.8792236105994398 1.7288697598561984 1.5180185017133097 1.132792363418496 0.7475662251236823 0.6265714103243873 0.9539691444871852 1.2217591390062128 1.3480919603407706 1.4050306967169093 1.366774983214191 1.2938222272322633 1.2039657838886693 1.3320779407349814 1.551825876436642 1.8258435452468098 2.3863342314494256 2.7101732945887145 2.5838404732541567 2.3196091497586377 2.1523516116537302 2.0847368622070657 2.107868223859872 2.2493253970443416 2.315160810979252 2.098081878545223 1.652358332850762 1.1505857185360393 1.2217591390062128 1.6354546454890957 2.057157161774873
2.1817106475976766 2.3124918077116203 1.8721062685524223 1.0260322327132358 1.2858152174293689 1.4495140845107677 1.6345649777332185 1.9281553371726838 2.354306192237847 2.3178298142468834 2.251104732556096 2.056267494018996 1.7804704896970742 1.6363443132449729 1.5963092642305003 1.2048554516445464 0.9281687795667473 0.9877765192105175 1.3098362468380522 1.3712233219935768 1.4068100322286636 1.3276296019555955 1.1790550867241087 1.1897310997946347 1.3338572762467358 1.5073424886427835 1.599867935254009 1.6407926520243588 1.8463059036319844 2.1772623088182907 2.19950400271522 2.0322464646103127 1.8676579297730367 1.9326036759520697 2.0366948033896985 2.0624951683101362 2.029577461342681 1.736876769659093 0.8151809745703471 -0.494409962080844 -0.642094809556454 0.18173753238580348 1.4139273742756808
2.684372929668277 2.463735326210739 1.9584040408725076 1.361436976678928 1.8667682620171595 2.109647559371626 2.274236094208902 2.44772130660495 2.504660042981089 2.4708526682577565 2.3178298142468834 1.8471955713878616 1.334746944002613 1.1301233601508645 1.3845683383317344 1.4361690681726103 1.6870553753299715 1.8996859689846146 1.785808496232337 1.6452409908037446 1.5838539156482199 1.4797627882105915 1.4068100322286636 1.589191922183483 1.4254930551020841 1.265352859044194 1.111440337277444 1.2110831259356867 1.7813601574529514 2.1870486541329397 2.2057316770063604 2.0793988556718026 1.9352726792197013 1.6221096291509383 1.6452409908037446 1.9308243404403154 2.1016405495687316 1.8089398578851434 1.144358044244899 0.7217658602032444 0.835643332955522 1.4174860452991895 2.1149855659068892
2.6941592749829253 2.3845548959376712 1.8463059036319844 1.6345649777332185 1.953955702093122 2.1692552990153966 2.1309995855126784 2.389003234717057 2.590957815301174 2.5313500756574037 2.1487929406302215 1.361436976678928 1.1950691063298977 1.22264880676209 1.334746944002613 1.525135843760327 1.8338505550497042 1.9201483273697895 1.7448837794619874 1.7502217859972504 1.7875878317440914 1.8685475975289136 1.796484509302863 1.5811849123805886 0.9566381477548167 0.6390267589066678 1.0553912686571822 1.5909712576952373 2.165696627991888 2.4868666878635453 2.500211704201703 2.28758111054706 1.7671254733589166 1.3756716607729627 1.4913284690369946 2.279574100744165 2.3089331366881116 1.2199798034944584 0.6007710454039497 0.8089533002792069 1.7893671672558458 2.64255854514205 2.5073290462487203
2.751098011359064 2.4468316388490727 1.8810029461111941 1.59008158993936 1.7751324831618112 1.6443513230478675 1.6621446781654108 2.082067858939434 2.2493253970443416 2.081178191183557 1.4076996999845408 0.8294156586643817 1.1639307348741967 1.387237341599366 1.5455982021455017 1.9379416824873328 2.219076693344518 2.1114268948833805 1.9326036759520697 1.9637420474077707 1.9904320800840858 2.1025302173246088 1.896127297961106 1.4228240518344526 0.9771005061399916 1.037597913539639 1.5491568731690104 2.141675598583204 2.686152265180031 2.7244079786827493 2.7564360178943272 2.2377597162179383 1.4708661106518197 1.1772757512123544 1.8338505550497042 2.532239743413281 2.0624951683101362 1.0509429298777966 0.5527289865865825 0.8596643623642053 1.8649889265054052 2.310712472199866 2.221745696612149
2.373878882867145 2.070502178113031 1.8098295256410206 1.5171288339574325 1.4165963775433124 1.3000499015234035 1.5055631531310292 1.8890099559140885 1.976197395990051 1.4788731204547143 0.8080636325233297 0.7653595802412256 1.058949939680691 1.234214487588493 1.9263760016609297 2.316940146491006 2.4495006421167043 2.3009261268852175 2.1398962630714498 2.2119593512975007 2.194165996179957 2.066943507089522 1.8552025811907562 1.6861657075740943 1.434389732660856 1.4806524559664687 2.0402534744132073 2.6398895418744184 2.906789868637569 2.8694238228907274 2.6567932292360843 1.986873409060577 1.4593004298254164 1.9317140081961925 2.590068147545297 2.3703202118436364 1.627447635686201 1.1078816662539352 1.3694439864818224 1.6639240136771651 1.7359871019032158 1.9957700866193488 1.6665930169447967
1.7724634798941796 1.457521094313662 1.2991602337675263 1.4210447163226982 1.3205122599085783 1.4895491335252402 1.8107191933968978 2.1016405495687316 1.8614302554818964 1.3641059799465596 0.9922248579899033 1.0340392425161302 0.757352570438331 0.894361404843415 1.7137454080062864 2.264449748894253 2.3978999122758284 2.2279733709032894 2.123882243465661 2.219076693344518 2.1487929406302215 2.0206807837839094 2.024239454807418 1.8979066334728603 1.349871295852525 1.2279868132973528 1.8267332130026868 2.7368633272650293 3.00376365402818 2.7795673795471334 2.4183622706610035 1.9326036759520697 2.2324217096826753 2.7066146235652058 2.516225723807492 2.0963025430334685 1.4744247816753284 1.5411498633661158 1.8569819167025106 2.075840184648294 2.1479032728743443 1.7778014864294427 1.22264880676209
1.6674826847006738 1.3480919603407706 1.3222915954203327 1.472645446163574 1.5811849123805886 1.8400782293408444 2.345409514679076 2.5171153915633693 2.220856028856272 1.471755778407697 1.1078816662539352 1.186172428771126 0.6817308111887719 1.0571706041689366 2.0785091879159254 2.6043028316393313 2.08028852342768 1.9237069983932982 1.8249538774909326 1.9512866988254904 1.901465304496369 2.368540876331882 2.405017254322846 1.7306490953679528 0.757352570438331 0.7315522055178931 1.7466631149737417 2.6772555876212594 3.0793854132777394 2.8845481747406394 2.5402467532161754 2.3916722379846886 2.7804570473030106 2.7155113011239775 2.469073332746002 1.9859837413047 1.6719310234800595 1.8178365354439152 1.9263760016609297 2.14612393736259 1.8987963012287374 1.4744247816753284 0.9993422000369208
2.2066213447622376 1.9094723142992636 1.875664939575931 1.875664939575931 1.9397210179990871 2.2448770582649558 2.8996725265905514 2.95661126296669 2.050929487483733 1.308056911326298 1.2422214973913877 1.4361690681726103 1.4966664755722574 2.6292135288038923 3.461052880549044 2.8756514971818676 2.14612393736259 1.717304079029795 1.4699764428959425 1.652358332850762 2.220856028856272 2.760884356673713 2.416582935149249 1.5020044821075205 0.5918743678451779 1.1843930932593716 2.255553071335482 3.11052378473344 3.461942548304921 3.306250691026417 3.037571028751512 2.8987828588346742 2.9236935559992347 2.764443027697222 2.4503903098725814 2.0304671290985583 1.8943479624493516 1.969969721698911 1.991321747839963 1.7653461378471622 1.4059203644727865 1.1123300050333211 0.9682038285812198
2.4281486159756525 2.264449748894253 2.178151976574168 2.151461943897853 2.2938087848382 2.638999874118541 3.5357849720427263 3.492191252004745 2.5678264536483675 2.1648069602360107 2.2706774231853935 2.515336056051615 2.8213817640733607 3.831154666993946 3.650552112550881 2.6950489427388025 1.9299346726844382 1.5874125866717286 1.7075177337151464 2.1923866606682028 2.787574389350028 2.7377529950209065 2.034025800122067 1.0767432947982343 0.624792074812633 1.621219961395061 2.9014518621023058 3.741298223650352 3.741298223650352 3.3658584306701873 3.0491367095779154 2.9655079405254616 2.8373957836791495 2.6683589100624876 2.437934961290301 2.1968349994475886 1.93883135024321 1.736876769659093 1.499335478839889 1.2199798034944584 1.1292336923949873 1.148806383024285 1.0669569494835855
2.3374025048761813 2.0455914809484703 1.8347402228055814 1.8516439101672475 2.2172973578327637 2.939707575605024 3.8872037356142073 3.529557297751586 2.7573256856502044 2.64878621943319 3.00376365402818 3.174579863156596 2.850740800017307 2.750208343603187 2.4397142968020553 2.1772623088182907 2.2955881203499544 2.7208493076592406 2.807147079979326 2.6897109362035394 2.596295821836437 2.1692552990153966 1.6052059417892721 1.3427539538055075 1.7778014864294427 2.584730141010034 3.4984189262958854 3.8275959959704373 3.444149193187378 2.7946917313970454 2.685262597424154 2.74931867584731 2.759994688917836 2.7306356529738895 2.5989648251040687 2.298257123617586 1.7617874668236535 1.4699764428959425 1.4165963775433124 1.5180185017133097 1.6826070365505856 1.7262007565885669 1.4103687032521721
