static/data/precipitation/2023/7/18/12.asc
ncols 137
nrows 93
xllcorner 108.0
yllcorner 17.0
cellsize 0.25
NODATA_value -32767
[rows 66 to 87 of 93, columns 0 to 48 of 137]
5.641697720369653 4.426766731253243 4.937589988040823 4.057317262290116 2.5160116301883444 1.2684984009092675 0.681465836622569 0.4478677418970033 0.48376343021180535 0.4749275684727793 0.21592637124750666 0.39650929553890213 0.42080791532123074 0.44731550053831587 0.25292654227969047 0.4169422258104051 0.50309187776593 0.7527049718934857 0.2844042997249795 0.13198568472673824 0.061298790814508924 0.018776206195437323 0.0016567240760691215 0.0011044827173782579 0.0033134481521347736 0.0298210333692199 0.035895688314802054 0.040313619184318555 0.04362706733645333 0.06682120440140368 0.11762740940081742 0.28495654108366686 0.2993148164095877 0.3556434349958962 0.4313005011363259 0.48707687836394353 0.6124356667864088 0.29600136825745293 0.3186432639637124 0.20156809592158584 0.13585137423756388 0.19162775146517805 0.14413499461790255 1.0509153055856952 0.6058087704821358 0.2496130941275522 0.12259758162902132 0.07123913527091671 0.06626896304271282
4.112541398159045 2.953939027628942 2.6457883494803247 2.0118152697050364 1.2607670218876197 0.5124799808636504 1.7947844157401514 1.861053378782864 1.590455113025118 0.6151968735798562 0.05632861858630503 0.016567240760677338 0.033134481521358145 0.0690301698361602 0.12370206434639958 0.28771774787711424 0.3208522293984689 0.20377706135634235 0.7841827293387748 0.8239441071644025 0.3760763652673992 0.03092551608659816 0.0016567240760691215 0.0005522413586908637 0.0016567240760691215 0.01822396483674646 0.03644792967349292 0.05356741179286112 0.09608999641193272 0.13750809831362953 0.24132947374721353 1.2867223657460138 1.1840054730298082 0.6897494570029077 0.5505846346132091 0.7245406626003315 0.5467189451023834 0.34404636646341924 0.5500323932545216 0.3981660196149678 0.10547809950965312 0.09277654825979795 0.3976137782562804 0.47824101662491403 0.4760320511901575 0.3490165386916232 0.17616499342187897 0.0077313790216512746 0.006074654945582153
2.1841145736160894 1.2237668508554358 0.9879597906951171 1.640709076665841 1.2624237459636853 0.7433168687957653 1.4888427030262905 1.1475575433563188 0.9614522054780319 0.19825464776945106 0.06516448032533456 0.02705982657577599 0.029268792010532507 0.05522413586892677 0.08891085874897231 0.10492585815096225 0.10050792728144922 0.07455258342305149 0.3998227436910369 0.5864803229280111 0.5152411876570944 0.15241861499824122 0.0298210333692199 0.0033134481521347736 0.0033134481521347736 0.07179137662960758 0.0811794797273245 0.12370206434639958 0.1728515452697442 0.4649872240163715 0.8532128991749315 1.4231259813422652 0.9448849647173512 0.6411522174382505 0.8543173818923098 0.9189296208589569 0.5798534266237415 0.4136287776582669 0.4489722246143815 0.42633032890812206 0.23028464657342748 0.24629964597541742 0.21150844037799363 0.22586671570391445 0.2987625750509003 0.21813533668226318 0.15186637363955036 0.0 0.0022089654347565157
0.8460337615119711 0.291031196029249 0.3280313670614293 0.7974365219473173 1.1917368520514595 0.7212272144481967 0.7245406626003315 0.33410602200701145 0.4373751560819081 0.4456587764622467 0.053015170434170256 0.029268792010532507 0.061298790814508924 0.08228396244470276 0.05908982537975241 0.061298790814508924 0.07620930749912061 0.047492756847278966 0.07510482478174235 0.21592637124750666 0.1435827532592117 0.1728515452697442 0.12922447793329087 0.07455258342305149 0.16953809711760942 0.1750605107045007 0.13198568472673824 0.4031361918431717 0.76485428178465 1.4341708085160512 1.5451713216125955 1.5136935641673066 1.076318408085402 1.2657371941158235 1.2237668508554358 1.1944980588449068 1.341946501614944 1.106139441454622 0.7770035916758143 0.5102710154288904 0.21758309532357578 0.19935913048682932 0.08725413467290666 0.1032691340748966 0.16567240760678378 0.19162775146517805 0.12977671929198173 0.0016567240760691215 0.0016567240760691215
0.3296880911374984 0.21923981939964143 0.155732063150376 0.33631498744177146 0.5483756691784525 0.6665553199379572 0.36116584858278744 0.25955343858395996 0.4892858437987001 0.8123470386319255 0.09056758282504143 0.04473155005383159 0.2446429218993483 0.2501653354862431 0.2220010261930888 0.21923981939964143 0.4136287776582669 0.33465826336570237 0.23304585336687486 0.019328447554124717 0.09001534146635404 0.17450826934581332 0.17671723478056983 0.15131413228086296 0.28606102380104514 0.17671723478056983 0.13088120200936 0.5743310130368467 0.7819737639040147 1.3552002942234866 1.1204977167805428 1.0078404796079292 0.9117504831959965 1.2044384033013147 1.1674382322691308 1.4557082215049324 1.9853076844879511 1.7384557971538428 1.1790353008016077 0.6058087704821358 0.12646327113984349 0.1502096495634847 0.103821375433584 0.10879154766178789 0.14910516684610645 0.1380603396723204 0.0817317210860119 0.008835861739029532 0.0027612067934473794
0.4931515333095257 0.1551798217916886 0.06295551489057805 0.0695824111948476 0.08946310010766317 0.47050963760326275 0.5781967025476724 0.47658429254884493 0.9509596196629333 1.6495449384048704 0.4324049838537042 0.15849326994382337 0.41859894988647073 0.4340617079297733 0.4075541227126882 0.442345328310112 0.7433168687957653 0.5533458414066563 0.28274757564891034 0.06185103217319979 0.030373274727910765 0.09332878961848881 0.13032896065066912 0.14965740820479384 0.2573444731492035 0.26562809352954214 0.21868757804095404 0.1507618909221721 0.23249361200818747 0.263971369453473 0.14634396005265907 0.10989603037916615 0.2253144743452236 0.5450622210263177 0.7803170398279491 1.2530356428659684 1.7671723478056844 1.9090983769888306 1.3077075373762077 0.7223316971655749 0.18886654467173414 0.22144878483440142 0.09719447912931445 0.103821375433584 0.09277654825979795 0.08062723836863364 0.08891085874897231 0.04970172228203548 0.02264189570625949
0.5378830833633573 0.17229930391105333 0.048597239564657224 0.0640599976079563 0.05798534266237415 0.7549139373282422 0.794123073795179 0.5086142913528248 0.7897051429256661 2.573996972850719 1.1006170278677272 0.6267939421123296 0.6742866989596086 0.6571672168402404 0.6428089415143196 0.6952718705897989 0.46719618945112795 0.17671723478056983 0.12756775385722174 0.12370206434639958 0.09277654825979795 0.033134481521358145 0.04528379141252245 0.08338844516208102 0.19383671689993803 0.2374637842363879 0.15628430450906686 0.025955343858397734 0.04197034326038421 0.016567240760677338 0.006626896304273017 0.0077313790216512746 0.06185103217319979 0.15738878722644511 0.39595705418021127 0.609122218634274 0.9896165147711827 1.1878711625406337 1.1933935761275285 0.6925106637963551 0.30483722999648244 0.31919550532240326 0.12038861619426133 0.08946310010766317 0.08338844516208102 0.1032691340748966 0.12370206434639958 0.11486620260737004 0.06626896304271282
0.5124799808636504 0.18444861380221764 0.05743310130368676 0.10161240999882748 0.05688085994499589 0.15297085635692861 1.278990986724366 1.278990986724366 0.39098688195200737 1.6964854538934586 1.6550673519917618 1.1856621971058772 1.290035813898152 2.2763388805172 2.660146624806247 1.4899471857436688 0.25844895586658173 0.25347878363837784 0.6439134242316978 0.4892858437987001 0.12922447793329087 0.008835861739029532 0.021537412988881233 0.07620930749912061 0.12149309891163959 0.06847792847746934 0.019328447554124717 0.011044827173786048 0.012149309891164306 0.006074654945582153 0.0016567240760691215 0.006626896304273017 0.0342389642387364 0.0911198241837323 0.1457917186939682 0.1750605107045007 0.2904789546705582 0.29489688554007465 0.6770479057530525 0.8598397954792045 0.6196148044493692 0.4964649814616605 0.1408215464657643 0.0911198241837323 0.05798534266237415 0.07234361798829497 0.12149309891163959 0.18776206195435588 0.10547809950965312
0.5196591185266108 0.28771774787711424 0.12425430570508697 0.2220010261930888 0.18113516565008286 0.10106016864013662 1.5678132173188586 1.6291120081333674 0.25844895586658173 1.1773785767255387 3.042849886377916 1.4888427030262905 0.9078847936851708 2.561295421600865 3.734256067456889 1.8301278626962625 0.7698244540128505 0.6643463545032008 0.5069575672767557 0.214269647171441 0.008835861739029532 0.01270155124985517 0.0342389642387364 0.10989603037916615 0.15904551130251077 0.10713482358571877 0.037552412390871176 0.008835861739029532 0.020432930271502975 0.029268792010532507 0.011044827173786048 0.024298619782328612 0.0469405154885881 0.06847792847746934 0.08449292787945928 0.09277654825979795 0.07841827293387713 0.0982989618466927 0.09001534146635404 0.3296880911374984 0.7858394534148404 0.9796761703147784 0.263971369453473 0.07179137662960758 0.021537412988881233 0.02374637842363775 0.0469405154885881 0.07841827293387713 0.10768706494440963
0.30980740222468284 0.16180671809595815 0.07179137662960758 0.14247827054183343 0.11376171988999179 0.14413499461790255 0.7543616959695514 0.7361377311328049 0.16014999401988902 0.48707687836394353 3.1825669501263016 2.3669064633422416 2.4497426671456317 3.247179189092947 2.544728180840188 0.1032691340748966 0.2739117139098808 0.2518220595623122 0.18113516565008286 0.10768706494440963 0.016567240760677338 0.0171194821193682 0.05080620499941374 0.0817317210860119 0.11431396124867918 0.0690301698361602 0.022089654347572096 0.008835861739029532 0.016567240760677338 0.023194137064950354 0.03700017103218031 0.07565706614042975 0.08283620380339016 0.06792568711878194 0.0690301698361602 0.051358446358104604 0.04528379141252245 0.05964206673844327 0.06074654945582153 0.28771774787711424 0.753809454610864 1.0636168568355469 0.17616499342187897 0.04417930869514072 0.012149309891164306 0.008835861739029532 0.01546275804329908 0.0469405154885881 0.13971706374838605
0.12370206434639958 0.07897051429256799 0.05080620499941374 0.12646327113984349 0.16732913168284944 0.12646327113984349 0.28274757564891034 0.28606102380104514 0.10768706494440963 0.34404636646341924 2.705982657577457 2.631430074154404 1.8980535498150444 1.9262178591081986 1.505409943786968 0.010492585815095185 0.07179137662960758 0.19383671689993803 0.1336424088028039 0.05798534266237415 0.01546275804329908 0.01988068891281558 0.047492756847278966 0.08835861739028492 0.09940344456407096 0.08394068652077188 0.04417930869514072 0.01546275804329908 0.012149309891164306 0.013806033967233428 0.0938810309771762 0.15186637363955036 0.12038861619426133 0.07565706614042975 0.05743310130368676 0.03534344695611466 0.040313619184318555 0.047492756847278966 0.04473155005383159 0.04970172228203548 0.3252701602679854 0.7659587645020283 0.12756775385722174 0.04141810190169681 0.021537412988881233 0.011044827173786048 0.0027612067934473794 0.025955343858397734 0.04638827412990071
0.03147775744528902 0.022089654347572096 0.05356741179286112 0.13143344336804738 0.1850008551609085 0.1452394773352808 0.19604568233469455 0.07510482478174235 0.2098517163019245 0.10879154766178789 1.7125004532954486 2.0499199234545946 1.143691853845493 0.7074211804809633 0.9007056560222104 0.009388103097716927 0.04197034326038421 0.1678813730415403 0.12425430570508697 0.04638827412990071 0.037552412390871176 0.02264189570625949 0.03810465374956204 0.07123913527091671 0.08228396244470276 0.06019430809713067 0.07731379021649887 0.014358275325920822 0.008835861739029532 0.00994034445640779 0.07620930749912061 0.14910516684610645 0.12756775385722174 0.09608999641193272 0.06074654945582153 0.028716550651841644 0.03092551608659816 0.03700017103218031 0.048597239564657224 0.053015170434170256 0.048597239564657224 0.26783705896429866 0.03700017103218031 0.03700017103218031 0.05080620499941374 0.037552412390871176 0.0022089654347565157 0.0033134481521347736 0.017671723478055595
0.0016567240760691215 0.0044179308695130315 0.01822396483674646 0.08559741059683754 0.18776206195435588 0.15683654586775425 0.07841827293387713 0.06516448032533456 0.31422533309419937 0.028716550651841644 0.7217794558068841 0.8079291077624124 0.4484199832556941 0.8471382442293494 0.6301073902644644 0.014358275325920822 0.051910687716792 0.10106016864013662 0.13032896065066912 0.040313619184318555 0.0342389642387364 0.022089654347572096 0.024850861141019476 0.051358446358104604 0.0690301698361602 0.07786603157518973 0.09167206554241969 0.040313619184318555 0.03147775744528902 0.00994034445640779 0.054119653151548514 0.08449292787945928 0.09277654825979795 0.12038861619426133 0.08891085874897231 0.0392091364669403 0.03644792967349292 0.024298619782328612 0.043074825977762465 0.05467189451023938 0.04197034326038421 0.027612067934463386 0.048597239564657224 0.05743310130368676 0.2501653354862431 0.17947844157401374 0.040313619184318555 0.006626896304273017 0.017671723478055595
0.0 0.0 0.0 0.0171194821193682 0.11983637483557394 0.13088120200936 0.051910687716792 0.20598602679109887 0.598077391460488 0.03368672288004554 0.11210499581392266 0.04417930869514072 0.6671075612966482 1.0663780636289941 0.6312118729818427 0.013806033967233428 0.020432930271502975 0.04417930869514072 0.15186637363955036 0.04473155005383159 0.0298210333692199 0.020432930271502975 0.023194137064950354 0.018776206195437323 0.03644792967349292 0.06737344576009108 0.0867018933142158 0.0867018933142158 0.0469405154885881 0.021537412988881233 0.02374637842363775 0.054119653151548514 0.11376171988999179 0.14137378782445517 0.12259758162902132 0.06461223896664717 0.03147775744528902 0.01988068891281558 0.03534344695611466 0.04970172228203548 0.03644792967349292 0.061298790814508924 0.08228396244470276 0.1971501650520728 0.5047486018419991 0.35177774548507057 0.06626896304271282 0.02374637842363775 0.016014999401989943
0.0 0.0 0.0 0.008283620380338669 0.027612067934463386 0.0392091364669403 0.02540310249970687 0.20101585456289844 0.6041520464060701 0.02264189570625949 0.013806033967233428 0.02098517163019384 0.654406010046793 0.897944449228763 0.4622260172229241 0.0033134481521347736 0.007179137662960411 0.00994034445640779 0.12646327113984349 0.04362706733645333 0.029268792010532507 0.02374637842363775 0.02374637842363775 0.019328447554124717 0.008283620380338669 0.0298210333692199 0.07510482478174235 0.10658258222703137 0.06516448032533456 0.03534344695611466 0.03147775744528902 0.0469405154885881 0.10658258222703137 0.18058292429139547 0.1678813730415403 0.09443327233586707 0.02816430929315425 0.0298210333692199 0.0347912055974238 0.054119653151548514 0.05246292907548286 0.07676154885781147 0.16346344217202727 0.2717027484751243 0.6290029075470861 0.4340617079297733 0.12977671929198173 0.038656895108249434 0.02816430929315425
0.0 0.0 0.0 0.01270155124985517 0.022089654347572096 0.016014999401989943 0.0016567240760691215 0.0 0.008835861739029532 0.0 0.0 0.0 0.08394068652077188 0.29379240282269636 0.25568774907313435 0.007179137662960411 0.004970172228203895 0.008835861739029532 0.04638827412990071 0.06019430809713067 0.050253963640722876 0.03644792967349292 0.03644792967349292 0.025955343858397734 0.012149309891164306 0.006626896304273017 0.03644792967349292 0.07289585934698584 0.11707516804212656 0.06240327353188718 0.043074825977762465 0.06019430809713067 0.10989603037916615 0.18113516565008286 0.23470257744294398 0.16843361440023116 0.07123913527091671 0.043074825977762465 0.054119653151548514 0.17174706255236594 0.15959775266120163 0.09001534146635404 0.1728515452697442 0.35453895227851445 0.6599284236336843 0.3860167097238035 0.20377706135634235 0.0640599976079563 0.10934378902047875
0.0 0.0 0.0 0.0 0.0 0.0 0.0 0.0 0.0011044827173782579 0.0 0.0 0.0016567240760691215 0.00994034445640779 0.16014999401988902 0.162358959454649 0.012149309891164306 0.0 0.0033134481521347736 0.017671723478055595 0.0982989618466927 0.12370206434639958 0.0690301698361602 0.06461223896664717 0.05080620499941374 0.012149309891164306 0.006074654945582153 0.008283620380338669 0.016014999401989943 0.11707516804212656 0.0982989618466927 0.07897051429256799 0.11652292668343917 0.155732063150376 0.19383671689993803 0.2634191280947856 0.27059826575774604 0.1380603396723204 0.06185103217319979 0.08891085874897231 0.3125686090181302 0.26894154168167694 0.13419465016149476 0.3214044707571598 0.7018987668940719 0.5605249790696167 0.2269711984212927 0.11928413347688308 0.13585137423756388 0.17395602798712245
0.0 0.0 0.0 0.0 0.0 0.0 0.0 0.0005522413586908637 0.0016567240760691215 0.0 0.0011044827173782579 0.006074654945582153 0.048597239564657224 0.18941878603042153 0.162358959454649 0.006074654945582153 0.0 0.0033134481521347736 0.02098517163019384 0.10161240999882748 0.09664223777062358 0.10161240999882748 0.17009033847629682 0.13198568472673824 0.018776206195437323 0.011597068532473442 0.004970172228203895 0.010492585815095185 0.1457917186939682 0.10216465135751487 0.1281199952159126 0.2021203372802767 0.2269711984212927 0.21923981939964143 0.26949378304036775 0.3280313670614293 0.19162775146517805 0.0640599976079563 0.10547809950965312 0.4313005011363259 0.3860167097238035 0.1629112008133364 0.3208522293984689 0.6875404915681511 0.27501619662725907 0.014358275325920822 0.006626896304273017 0.0016567240760691215 0.0
0.0 0.0 0.0 0.0 0.0 0.0 0.0005522413586908637 0.0016567240760691215 0.0 0.0 0.0011044827173782579 0.0077313790216512746 0.008835861739029532 0.13088120200936 0.13198568472673824 0.008283620380338669 0.0027612067934473794 0.008283620380338669 0.01988068891281558 0.09940344456407096 0.11320947853130092 0.13529913287887302 0.12756775385722174 0.07068689391222932 0.022089654347572096 0.02098517163019384 0.008283620380338669 0.009388103097716927 0.07731379021649887 0.09332878961848881 0.1927322341825563 0.30041929912696597 0.30207602320303506 0.24629964597541742 0.2518220595623122 0.2672848176056113 0.1850008551609085 0.06847792847746934 0.10823930630309703 0.26949378304036775 0.2601056799426509 0.12977671929198173 0.30373274727910415 0.7002420428180028 0.26176240401871653 0.0033134481521347736 0.0016567240760691215 0.0 0.0
0.0 0.0 0.0 0.0 0.0 0.0 0.0 0.0 0.0 0.0011044827173782579 0.0016567240760691215 0.006626896304273017 0.007179137662960411 0.006626896304273017 0.0077313790216512746 0.004970172228203895 0.0022089654347565157 0.0038656895108256373 0.010492585815095185 0.07565706614042975 0.1607022353785799 0.11431396124867918 0.050253963640722876 0.012149309891164306 0.05908982537975241 0.12370206434639958 0.08394068652077188 0.09553775505324533 0.054119653151548514 0.10492585815096225 0.18831430331304327 0.27888188613808473 0.2717027484751243 0.17064257983498768 0.14137378782445517 0.1259110297811561 0.11707516804212656 0.051358446358104604 0.09608999641193272 0.19328447554124717 0.13585137423756388 0.03810465374956204 0.24574740461673003 0.5770922198302941 0.2855087824423577 0.0005522413586908637 0.0 0.0 0.0
0.0 0.0 0.0 0.0 0.0 0.0011044827173782579 0.0016567240760691215 0.0005522413586908637 0.0 0.004970172228203895 0.012149309891164306 0.011597068532473442 0.054119653151548514 0.03700017103218031 0.006626896304273017 0.004970172228203895 0.005522413586894759 0.0022089654347565157 0.007179137662960411 0.06682120440140368 0.1728515452697442 0.07676154885781147 0.016567240760677338 0.006074654945582153 0.054119653151548514 0.10492585815096225 0.04970172228203548 0.05964206673844327 0.0392091364669403 0.07068689391222932 0.15297085635692861 0.2247622329865362 0.19991137184552019 0.11320947853130092 0.06350775624926544 0.0640599976079563 0.14137378782445517 0.06792568711878194 0.08228396244470276 0.04362706733645333 0.019328447554124717 0.023194137064950354 0.23138912929080574 0.40258395048448425 0.27777740342070645 0.0 0.0 0.0 0.0
0.0 0.0 0.0 0.0 0.0 0.0011044827173782579 0.0022089654347565157 0.0022089654347565157 0.0016567240760691215 0.008835861739029532 0.02540310249970687 0.011044827173786048 0.03644792967349292 0.03644792967349292 0.006626896304273017 0.012149309891164306 0.01270155124985517 0.013806033967233428 0.008283620380338669 0.055776377227617635 0.13529913287887302 0.06792568711878194 0.029268792010532507 0.01822396483674646 0.03700017103218031 0.08007499700994625 0.025955343858397734 0.06461223896664717 0.051910687716792 0.04970172228203548 0.10437361679227486 0.14137378782445517 0.11707516804212656 0.10989603037916615 0.04914948092334462 0.06461223896664717 0.14137378782445517 0.10713482358571877 0.06626896304271282 0.027612067934463386 0.010492585815095185 0.014358275325920822 0.017671723478055595 0.13640361559625128 0.17009033847629682 0.0 0.0 0.0 0.0
