static/data/precipitation/2023/7/18/18.asc
ncols 137
nrows 93
xllcorner 108.0
yllcorner 17.0
cellsize 0.25
NODATA_value -32767
[rows 20 to 39 of 93, columns 46 to 91 of 137]
0.0 0.0 0.0 0.0 0.0 0.0 0.0 0.0 0.0 0.0 0.0 0.0 0.0 0.0 0.0 0.0 0.0 0.0 0.0 0.0 0.0 0.0 0.0 0.0 0.0 0.0 0.0005522413586908637 0.0011044827173782579 0.010492585815095185 0.01546275804329908 0.0033134481521347736 0.0027612067934473794 0.0022089654347565157 0.0016567240760691215 0.0016567240760691215 0.0022089654347565157 0.023194137064950354 0.03644792967349292 0.012149309891164306 0.02540310249970687 0.0817317210860119 0.21206068173668102 0.4340617079297733 0.5113754981462721 0.5119277395049595 0.5886892883627676
0.0 0.0 0.0 0.0 0.0 0.0 0.0 0.0 0.0 0.0 0.0 0.0 0.0 0.0 0.0 0.0 0.0 0.0 0.0 0.0 0.0 0.0 0.0 0.0 0.0 0.0 0.0005522413586908637 0.004970172228203895 0.007179137662960411 0.005522413586894759 0.0077313790216512746 0.0022089654347565157 0.0016567240760691215 0.0022089654347565157 0.0033134481521347736 0.0044179308695130315 0.010492585815095185 0.018776206195437323 0.0342389642387364 0.14192602918314604 0.24519516325803917 0.3628225726588566 0.4694051548858845 0.4202556739625399 0.37828533070215564 0.4611215345055458
0.0 0.0 0.0 0.0 0.0 0.0 0.0 0.0 0.0 0.0 0.0 0.0 0.0 0.0 0.0 0.0 0.0 0.0 0.0 0.0 0.0 0.0 0.0 0.0 0.0 0.0 0.0005522413586908637 0.0038656895108256373 0.0027612067934473794 0.0022089654347565157 0.0022089654347565157 0.0022089654347565157 0.0011044827173782579 0.0016567240760691215 0.0016567240760691215 0.0038656895108256373 0.01822396483674646 0.033134481521358145 0.12425430570508697 0.18831430331304327 0.2683893003229895 0.2711505071164369 0.29489688554007465 0.3230611948332289 0.37552412390870826 0.5025396364072426
0.0 0.0 0.0 0.0 0.0 0.0 0.0 0.0 0.0 0.0 0.0 0.0 0.0005522413586908637 0.0 0.0 0.0 0.0 0.0 0.0 0.0 0.0 0.0 0.0 0.0 0.0 0.0005522413586908637 0.0016567240760691215 0.0022089654347565157 0.0005522413586908637 0.0 0.0 0.0 0.0 0.0005522413586908637 0.0016567240760691215 0.0022089654347565157 0.026507585217085128 0.15462758043299774 0.3064939540725481 0.26176240401871653 0.3059417127138607 0.2821953342902195 0.2545832663557561 0.2904789546705582 0.3230611948332289 0.4489722246143815
0.0 0.0 0.0 0.0 0.0 0.0 0.0 0.0 0.0 0.0 0.0 0.0 0.0 0.0005522413586908637 0.0005522413586908637 0.0 0.0 0.0 0.0 0.0 0.0 0.0 0.0 0.0 0.0005522413586908637 0.0005522413586908637 0.0027612067934473794 0.0022089654347565157 0.0011044827173782579 0.0 0.0011044827173782579 0.0005522413586908637 0.0005522413586908637 0.0022089654347565157 0.0044179308695130315 0.0044179308695130315 0.06792568711878194 0.21316516445406275 0.3998227436910369 0.4003749850497243 0.38822567515856343 0.3561956763545836 0.3219567121158472 0.29213567874662727 0.30704619543123896 0.5191068771679199
0.0 0.0 0.0 0.0 0.0 0.0 0.0 0.0 0.0 0.0 0.0 0.0 0.0 0.0005522413586908637 0.0005522413586908637 0.0 0.0 0.0 0.0 0.0 0.0 0.0 0.0 0.0 0.0005522413586908637 0.0005522413586908637 0.006074654945582153 0.03644792967349292 0.03534344695611466 0.0038656895108256373 0.004970172228203895 0.0044179308695130315 0.0016567240760691215 0.0038656895108256373 0.004970172228203895 0.03644792967349292 0.1032691340748966 0.2717027484751243 0.44289756966879934 0.4749275684727793 0.42301688075598726 0.39098688195200737 0.41086757086482295 0.3561956763545836 0.5428532555915577 1.2204534027033012
0.0 0.0 0.0 0.0 0.0 0.0 0.0 0.0 0.0 0.0 0.0 0.0 0.0 0.0 0.0 0.0 0.0 0.0 0.0 0.0 0.0 0.0 0.0 0.0 0.0005522413586908637 0.0016567240760691215 0.016014999401989943 0.05467189451023938 0.05908982537975241 0.006074654945582153 0.007179137662960411 0.008835861739029532 0.005522413586894759 0.0044179308695130315 0.004970172228203895 0.07289585934698584 0.20432930271503322 0.37441964119133003 0.508062049994134 0.43627067336452985 0.4147332603756486 0.4384796387992863 0.46995739624457533 1.106139441454622 1.760545451501415 2.449190425786944
0.0 0.0 0.0 0.0 0.0 0.0 0.0 0.0 0.0 0.0 0.0 0.0 0.0 0.0 0.0 0.0 0.0 0.0 0.0 0.0 0.0 0.0 0.0 0.0 0.0005522413586908637 0.0038656895108256373 0.013253792608542564 0.02098517163019384 0.017671723478055595 0.0011044827173782579 0.0011044827173782579 0.0022089654347565157 0.004970172228203895 0.005522413586894759 0.024850861141019476 0.162358959454649 0.2882699892358016 0.3556434349958962 0.4594648104294802 0.36116584858278744 0.27501619662725907 0.31312085037682114 1.8395159657939795 3.5332402128939924 4.205870187777532 5.285502044015068
0.0 0.0 0.0 0.0 0.0 0.0 0.0 0.0 0.0 0.0 0.0 0.0 0.0 0.0 0.0 0.0 0.0 0.0 0.0 0.0 0.0 0.0 0.0 0.0005522413586908637 0.0011044827173782579 0.0005522413586908637 0.0077313790216512746 0.014358275325920822 0.014358275325920822 0.0033134481521347736 0.0033134481521347736 0.0033134481521347736 0.008835861739029532 0.04141810190169681 0.10106016864013662 0.2440906805406609 0.32029998803978155 0.32637464298536367 0.2772251620620156 0.35122550412637965 0.3479120559742449 0.9647656536301668 3.0080586807804903 7.78108074393191 9.902239802657421 10.077300313361922
0.0 0.0 0.0 0.0 0.0 0.0 0.0 0.0 0.0 0.0 0.0 0.0 0.0 0.0 0.0 0.0 0.0 0.0 0.0 0.0 0.0 0.0 0.0011044827173782579 0.0016567240760691215 0.0016567240760691215 0.004970172228203895 0.013806033967233428 0.012149309891164306 0.011597068532473442 0.019328447554124717 0.037552412390871176 0.029268792010532507 0.05080620499941374 0.11928413347688308 0.22752343977998357 0.2871655065184234 0.322508953474538 0.29379240282269636 0.22034430211702316 0.3296880911374984 0.6494358378185892 2.0642781987805154 5.231382390863518 10.83497545748361 13.323375019737492 13.482972772398693
0.0 0.0 0.0 0.0 0.0 0.0 0.0 0.0 0.0 0.0 0.0 0.0 0.0 0.0 0.0 0.0 0.0 0.0 0.0 0.0 0.0 0.0 0.0005522413586908637 0.0011044827173782579 0.0022089654347565157 0.0033134481521347736 0.006074654945582153 0.006626896304273017 0.007179137662960411 0.008835861739029532 0.004970172228203895 0.021537412988881233 0.11652292668343917 0.22586671570391445 0.214269647171441 0.28495654108366686 0.3214044707571598 0.43295722521239155 0.5743310130368467 0.508062049994134 0.29710585097483116 2.1636816433445865 6.346909935415857 11.860487660569596 13.334972088269964 11.875950418612897
0.0 0.0 0.0 0.0 0.0 0.0 0.0 0.0 0.0 0.0 0.0 0.0 0.0 0.0 0.0 0.0 0.0 0.0 0.0 0.0 0.0 0.0 0.0 0.0 0.0005522413586908637 0.0011044827173782579 0.0016567240760691215 0.0033134481521347736 0.008835861739029532 0.013253792608542564 0.010492585815095185 0.15849326994382337 0.22255326755177968 0.19107551010649065 0.207642750867168 0.27888188613808473 0.33631498744177146 0.43571843200583893 0.63397307977529 1.338633053462806 0.6566149754815496 1.8096949324247595 5.694160649445133 8.933608459516432 7.656826438226823 7.1266747338851175
0.0 0.0 0.0 0.0 0.0 0.0 0.0 0.0 0.0 0.0 0.0 0.0 0.0 0.0 0.0 0.0 0.0 0.0 0.0 0.0 0.0 0.0 0.0 0.0 0.0 0.0 0.0022089654347565157 0.008283620380338669 0.013806033967233428 0.02816430929315425 0.0911198241837323 0.17671723478056983 0.17616499342187897 0.15683654586775425 0.22255326755177968 0.27059826575774604 0.3307925738548767 0.4241213634733655 0.6466746310251417 0.8526606578162441 0.6096744599929614 1.7213363150344745 3.393523149145606 5.094978775267267 3.527717799307099 3.0301483351280623
0.0 0.0005522413586908637 0.0011044827173782579 0.0 0.047492756847278966 0.33631498744177146 0.36061360722409663 0.19604568233469455 0.0 0.0 0.0 0.0 0.0 0.0 0.0 0.0 0.0 0.0 0.0 0.0 0.0 0.0 0.0 0.0 0.0 0.0022089654347565157 0.012149309891164306 0.0171194821193682 0.050253963640722876 0.08504516923815014 0.13253792608542564 0.1209408575529522 0.12038861619426133 0.16677689032416204 0.24022499102983527 0.24740412869279568 0.22310550891046707 0.315882057170265 0.49425601602690394 0.4627782585816149 0.3528822282024488 2.2929061212778774 4.030809677073031 4.337855872504268 2.3343242231795744 1.604813388351039
0.0 0.004970172228203895 0.008835861739029532 0.0044179308695130315 0.5113754981462721 0.800749970099452 0.8024066941755177 0.6880927329268385 0.35730015907196183 0.0 0.0 0.0 0.0 0.0 0.0 0.0 0.0 0.0 0.0 0.0 0.0 0.0 0.0 0.0 0.0005522413586908637 0.0038656895108256373 0.014358275325920822 0.051358446358104604 0.08394068652077188 0.10989603037916615 0.12204534027033045 0.11155275445523527 0.162358959454649 0.21150844037799363 0.23525481880163138 0.21040395766061537 0.18113516565008286 0.18831430331304327 0.3727629171152609 0.6577194581989277 0.8189739349361985 2.763968000239831 4.088242778376716 4.140153466093508 2.077531991389058 1.0956468556395267
0.0005522413586908637 0.004970172228203895 0.01270155124985517 0.2026725786389641 0.7836304879800838 0.7803170398279491 0.7112868699917889 0.8195261762948859 0.3578524004306527 0.0 0.0 0.0 0.0 0.0 0.0 0.0 0.0 0.0 0.0 0.0 0.0 0.0 0.0 0.0005522413586908637 0.0011044827173782579 0.0016567240760691215 0.037552412390871176 0.08559741059683754 0.11376171988999179 0.10713482358571877 0.12425430570508697 0.1728515452697442 0.2247622329865362 0.2369115428777005 0.21758309532357578 0.2098517163019245 0.15407533907430687 0.15959775266120163 0.3561956763545836 0.8537651405336223 1.0293778925968105 2.2089654347571055 3.3835828046891985 2.71757972610993 1.1365127161825326 0.45339015548389805
0.0 0.0 0.0005522413586908637 0.5113754981462721 0.33521050472438974 0.13088120200936 0.16401568353071466 0.025955343858397734 0.0016567240760691215 0.0011044827173782579 0.0011044827173782579 0.0005522413586908637 0.0 0.0 0.0 0.0 0.0 0.0 0.0 0.0 0.0 0.0 0.0005522413586908637 0.0005522413586908637 0.00994034445640779 0.011044827173786048 0.09277654825979795 0.11155275445523527 0.12425430570508697 0.16014999401988902 0.1629112008133364 0.2253144743452236 0.25568774907313435 0.24740412869279568 0.21868757804095404 0.19549344097600369 0.14634396005265907 0.266180334888233 0.5748832543955376 0.5627339445043733 0.8697801399356122 1.953829927042662 2.488399562253881 2.2989807762234595 0.7863916947735312 0.5815101506998072
0.0 0.0 0.0005522413586908637 0.0033134481521347736 0.0044179308695130315 0.0027612067934473794 0.0011044827173782579 0.0 0.0005522413586908637 0.0005522413586908637 0.0011044827173782579 0.0011044827173782579 0.0005522413586908637 0.0 0.0 0.0 0.0 0.0 0.0 0.0 0.0005522413586908637 0.0005522413586908637 0.0011044827173782579 0.0038656895108256373 0.013806033967233428 0.04804499820596636 0.08283620380339016 0.12259758162902132 0.13916482238969866 0.13640361559625128 0.20543378543241148 0.29268792010531813 0.3230611948332289 0.3015237818443442 0.2369115428777005 0.214269647171441 0.19107551010649065 0.30704619543123896 0.4992261882551079 0.19549344097600369 1.1044827173785527 1.7075302810672446 1.6357389044376371 0.4522856727665163 0.26562809352954214 0.26286688673609476
0.0 0.0 0.0005522413586908637 0.0027612067934473794 0.0016567240760691215 0.0 0.0 0.0 0.0 0.0 0.0005522413586908637 0.0 0.0 0.0 0.0 0.0 0.0 0.0 0.0 0.0 0.0005522413586908637 0.004970172228203895 0.008835861739029532 0.018776206195437323 0.0342389642387364 0.05356741179286112 0.15904551130251077 0.18444861380221764 0.1750605107045007 0.1800306829327046 0.2700460243990552 0.4710618789619536 0.5533458414066563 0.5180023944505417 0.4340617079297733 0.48376343021180535 0.5533458414066563 0.47768877526622316 0.214269647171441 0.19825464776945106 1.060303408683412 0.9785716875974002 0.3943003301041456 0.25844895586658173 0.2888222305944925 0.17450826934581332
0.0 0.0 0.0 0.0 0.0005522413586908637 0.0 0.0005522413586908637 0.0011044827173782579 0.0 0.0005522413586908637 0.0005522413586908637 0.0 0.0 0.0 0.0 0.0 0.0005522413586908637 0.0022089654347565157 0.010492585815095185 0.025955343858397734 0.03700017103218031 0.0469405154885881 0.06295551489057805 0.07123913527091671 0.12314982298770871 0.207642750867168 0.3059417127138607 0.29268792010531813 0.24574740461673003 0.25789671450789087 0.45615136227734193 0.7913618670017352 0.8996011733048321 1.1994682310731106 1.0266166858033665 1.1227066822152993 1.4888427030262905 1.115527544552339 0.837197899772945 0.7394511792849432 0.7112868699917889 0.22862792249736183 0.11928413347688308 0.214269647171441 0.2269711984212927 0.1336424088028039
