static/data/precipitation/2023/7/18/6.asc
ncols 137
nrows 93
xllcorner 108.0
yllcorner 17.0
cellsize 0.25
NODATA_value -32767
[rows 42 to 62 of 93, columns 0 to 45 of 137]
0.0938810309771762 0.11155275445523527 0.6847792847747037 0.8515561750988658 0.7770035916758143 0.9951389283580775 1.1039304760198654 0.7013465255353811 0.5102710154288904 0.331897056572255 0.6317641143405335 0.5428532555915577 0.09719447912931445 0.033134481521358145 0.008283620380338669 0.007179137662960411 0.0077313790216512746 0.04197034326038421 0.09553775505324533 0.10934378902047875 0.14855292548741558 0.331897056572255 1.0233032376512317 1.3944094306904236 0.50309187776593 0.2048815440737206 0.1209408575529522 0.13640361559625128 0.12149309891163959 0.14689620141134646 0.12756775385722174 0.1579410285851325 0.214269647171441 0.9487506542281767 0.25513550771444693 0.21206068173668102 0.2468518873341083 0.21923981939964143 1.2353639193879127 2.054890095682799 2.1990250903007014 2.25314474345225 4.082168123431134 6.3259247637856655 2.0167854419332403 0.1855530965195959
0.37552412390870826 0.6278984248297079 1.2651849527571326 1.0879154766178754 1.055885477813899 1.2668416768332018 1.1254678890087466 0.6897494570029077 0.5041963604833083 0.37552412390870826 0.7146003181439237 0.5770922198302941 0.0938810309771762 0.013253792608542564 0.005522413586894759 0.006074654945582153 0.07123913527091671 0.10823930630309703 0.1480006841287282 0.14137378782445517 0.17892620021532635 0.2269711984212927 0.965870136347545 0.8151082454253729 0.36834498624574785 0.0811794797273245 0.13088120200936 0.14689620141134646 0.2048815440737206 0.18444861380221764 0.16567240760678378 0.14413499461790255 0.19383671689993803 0.155732063150376 0.23470257744294398 0.18776206195435588 0.14910516684610645 0.10989603037916615 0.07510482478174235 0.103821375433584 0.1159706853247483 0.05688085994499589 2.0432930271503253 5.194934461190027 1.8886654467173276 0.03147775744528902
1.0255122030859882 1.278990986724366 1.2701551249853367 1.2530356428659684 1.1089006482480692 0.9686313431409923 0.8267053139578463 0.7874961774909095 0.7256451453177097 0.6107789427103396 0.33686722880045883 0.19880688912813846 0.11155275445523527 0.019328447554124717 0.016567240760677338 0.09608999641193272 0.16180671809595815 0.13419465016149476 0.12756775385722174 0.09774672048800184 0.12701551249853435 0.17561275206319157 0.1971501650520728 0.17009033847629682 0.07068689391222932 0.11210499581392266 0.162358959454649 0.2440906805406609 0.34459860782211016 0.24629964597541742 0.1750605107045007 0.15297085635692861 0.16567240760678378 0.03644792967349292 0.1850008551609085 0.162358959454649 0.12370206434639958 0.10989603037916615 0.05246292907548286 0.1728515452697442 0.16898585575891856 0.10989603037916615 0.022089654347572096 0.0469405154885881 0.10271689271620574 4.52782689989338
1.5065144265043462 1.3778421899297462 1.3215135713434412 1.211617540964275 0.9885120320538044 0.7957797978712482 0.7212272144481967 0.7659587645020283 0.9686313431409923 0.8377501411316324 0.49094256787476576 0.27777740342070645 0.17947844157401374 0.06626896304271282 0.09001534146635404 0.21923981939964143 0.16843361440023116 0.04197034326038421 0.07123913527091671 0.07510482478174235 0.11817965075950482 0.13640361559625128 0.1281199952159126 0.11541844396605744 0.12646327113984349 0.20046361320420758 0.2590011972252726 0.36944946896312614 0.3009715404856568 0.15959775266120163 0.10658258222703137 0.12425430570508697 0.15738878722644511 0.10658258222703137 0.15462758043299774 0.10823930630309703 0.06792568711878194 0.08228396244470276 0.0938810309771762 0.1778217174979481 0.12756775385722174 0.07455258342305149 0.0033134481521347736 3.8043907200104274 0.3771808479847774 8.842488635332698
1.6859928680783633 1.4811113240046394 1.1884234038993247 1.0459451333574912 0.8819294498267766 1.3424987429736315 1.2944537447676652 0.7631975577085809 0.8311232448273629 0.7974365219473173 0.6538537686881056 0.4815544647770488 0.3075984367899264 0.162358959454649 0.27059826575774604 0.18113516565008286 0.08062723836863364 0.5809579093411198 0.5920027365149059 0.6063610118408267 0.08725413467290666 0.09664223777062358 0.08946310010766317 0.1032691340748966 0.12259758162902132 0.10271689271620574 0.08559741059683754 0.0817317210860119 0.023194137064950354 0.06626896304271282 0.06074654945582153 0.06571672168402543 0.08338844516208102 0.08062723836863364 0.12314982298770871 0.07013465255353846 0.02098517163019384 0.01270155124985517 0.009388103097716927 0.012149309891164306 0.008835861739029532 0.004970172228203895 2.1576069883990043 17.49997641550449 2.2581149156804536 0.058537584021065014
1.796441139816217 1.5059621851456588 1.2038861619426238 1.0045270314557944 0.8775115189572601 0.8432725547185271 0.8587353127618262 0.9227953103697826 1.049258581509626 1.0719004772158855 0.9377058270543908 0.712943594067858 0.4578080863534111 0.24298619782328265 0.12038861619426133 0.20598602679109887 0.9691835844996798 2.8898790300209853 6.0586399461800555 1.466200807320031 0.13474689152018215 0.03810465374956204 0.029268792010532507 0.019328447554124717 0.08007499700994625 0.0867018933142158 0.07510482478174235 0.06350775624926544 0.05246292907548286 0.048597239564657224 0.030373274727910765 0.040313619184318555 0.0695824111948476 0.05964206673844327 0.0298210333692199 0.014910516684611685 0.014910516684611685 0.024298619782328612 0.01546275804329908 0.026507585217085128 0.02374637842363775 0.025955343858397734 0.0392091364669403 0.4920470505921475 0.0171194821193682 0.006626896304273017
1.6003954574815258 1.554559424710316 1.466200807320031 1.5722311481883717 1.1447963365628713 1.0812885803136059 1.1193932340631645 1.2027816792252455 1.2486177119964554 1.206647368736071 1.099512545150349 0.9642134122714758 0.7709289367302321 0.4031361918431717 1.7224407977518528 2.17748767731182 3.625464519795103 5.585921343142035 3.454269698601426 1.0420794438466656 0.016567240760677338 0.01546275804329908 0.014358275325920822 0.012149309891164306 0.06792568711878194 0.08062723836863364 0.07510482478174235 0.06461223896664717 0.051910687716792 0.07123913527091671 0.0740003420643641 0.05356741179286112 0.02705982657577599 0.016567240760677338 0.01988068891281558 0.09940344456407096 5.229173425428762 10.388764439662674 1.491603909819738 0.12535878842246523 0.017671723478055595 0.016014999401989943 0.012149309891164306 0.007179137662960411 0.007179137662960411 0.0817317210860119
1.7616499342187932 1.6799182131327812 1.5363354598735697 1.444111152972459 1.2486177119964554 1.2701551249853367 1.2276325403662616 1.2243190922141267 1.2237668508554358 1.1983637483557326 1.1111096136828258 0.9161684140655095 1.2624237459636853 0.6267939421123296 0.8902130702071153 0.9360491029783251 1.4512902906354195 1.0216465135751627 0.7604363509151335 0.5323606697764626 0.01546275804329908 0.013253792608542564 0.019328447554124717 0.023194137064950354 0.02705982657577599 0.04252258461907507 0.043074825977762465 0.04362706733645333 0.050253963640722876 0.07013465255353846 0.05743310130368676 0.06737344576009108 0.02705982657577599 0.01270155124985517 0.012149309891164306 0.05522413586892677 1.2911402966155303 3.133417469202957 0.42798705298419115 0.011597068532473442 0.008283620380338669 0.0016567240760691215 0.0038656895108256373 0.022089654347572096 0.010492585815095185 0.22310550891046707
1.7500528656863197 1.7931276916640821 1.7058735569911756 1.5788580444926412 1.4822158067220177 1.2464087465616989 1.1304380612369505 0.9967956524341431 0.8134515213493038 0.9310789307501212 0.9691835844996798 0.5693608408086464 0.6455701483077635 0.49149480923345656 0.37386739983263917 0.36668826216967876 0.21868757804095404 0.18444861380221764 0.07841827293387713 0.028716550651841644 0.017671723478055595 0.016014999401989943 0.8300187621099846 1.5959775266120093 0.01988068891281558 0.029268792010532507 0.05356741179286112 0.17450826934581332 0.21703085396488492 0.07344810070567323 0.05964206673844327 0.055776377227617635 0.0469405154885881 0.025955343858397734 0.008835861739029532 0.008835861739029532 1.798097863892286 4.216362773592628 2.1808011254639545 0.007179137662960411 0.0 2.285726983614917 1.6981421779695278 1.455155980146245 5.931624433681521 4.828798440379035
1.5076189092217245 1.5302608049279873 1.5529027006342468 1.437484256668186 1.2955582274850435 1.017780824064337 0.9465416887934203 0.7990932460233829 0.5853758402106328 0.3534344695611362 0.3501210214090014 0.16732913168284944 0.15407533907430687 0.18665757923697415 0.25292654227969047 0.25292654227969047 0.29600136825745293 0.263971369453473 0.06461223896664717 0.022089654347572096 0.009388103097716927 0.016014999401989943 0.8322277275447411 1.1492142674323844 0.014910516684611685 0.02264189570625949 0.07455258342305149 0.1905232687477998 0.21095619901930276 0.10492585815096225 0.061298790814508924 0.061298790814508924 0.04638827412990071 0.026507585217085128 0.010492585815095185 0.5246292907548147 2.955595751705009 3.9137345090309044 2.805938343500215 0.7516004891761074 2.467966631982378 4.06228743451832 3.3305676342550283 3.9137345090309044 7.401690930512376 7.337078691545731
1.28396115895257 1.3690063281907165 1.4037975337881405 1.3237225367781977 1.1817965075950516 1.0089449623253075 0.9238997930871607 0.8493472096641093 0.5180023944505417 0.28495654108366686 0.331897056572255 0.3230611948332289 0.6461223896664543 0.7228839385242624 0.6566149754815496 0.23580706016032224 0.27888188613808473 0.20377706135634235 0.02540310249970687 0.005522413586894759 0.025955343858397734 0.03202999880397989 0.011044827173786048 0.009388103097716927 0.008835861739029532 0.02705982657577599 0.07510482478174235 0.12922447793329087 0.1502096495634847 0.10271689271620574 0.06019430809713067 0.06240327353188718 0.03644792967349292 0.016567240760677338 0.011597068532473442 0.5268382561895713 1.8036202774791774 0.9305266893914304 0.6825703193399473 0.9305266893914304 2.651863004425907 2.9881779918676763 2.784400930511334 3.8850179583790627 4.127451914843655 4.062839675877009
1.272916331778784 1.4695142554721659 1.4993352888413858 1.391648223896976 1.309364261452277 1.2469609879203862 1.1574978878127231 1.033795823466327 0.645017906949076 0.3970615368975895 0.4649872240163715 0.7527049718934857 1.473932186341679 1.3574092596582432 0.6527492859707239 0.2220010261930888 0.17892620021532635 0.06571672168402543 0.02264189570625949 0.004970172228203895 0.037552412390871176 0.02816430929315425 0.0022089654347565157 0.01270155124985517 0.023194137064950354 0.04362706733645333 0.04362706733645333 0.10216465135751487 0.11873189211819568 0.0469405154885881 0.06074654945582153 0.07841827293387713 0.05356741179286112 0.025955343858397734 0.02098517163019384 0.013253792608542564 0.03258224016266728 0.025955343858397734 0.07510482478174235 0.06847792847746934 0.022089654347572096 0.4644349826576806 0.925004275804539 1.5556639074276943 1.2734685731374713 2.2404431922023944
1.417603567755374 1.6926197643826328 1.5943208025359437 2.075323025954302 2.0907857839976005 1.466200807320031 1.5495892524821122 1.1911846106927686 0.5721220476020903 0.2893744719531799 0.2871655065184234 0.5500323932545216 1.6252463186225419 0.5605249790696167 0.2319413706494966 0.48431567157049615 0.45062894869045067 0.09995568592275836 0.06461223896664717 0.03976137782562769 0.0044179308695130315 0.0038656895108256373 0.008283620380338669 0.019328447554124717 0.11486620260737004 0.038656895108249434 0.026507585217085128 0.013806033967233428 0.014910516684611685 0.016567240760677338 0.048597239564657224 0.10547809950965312 0.054119653151548514 0.0342389642387364 0.035895688314802054 0.011044827173786048 0.02540310249970687 0.07841827293387713 0.155732063150376 0.16567240760678378 0.09332878961848881 0.06295551489057805 0.27943412749677554 0.3219567121158472 1.02219875493385 1.9229044109560605
1.5899028716664272 2.3464735330707387 2.218353537854826 3.3576274608308023 4.209735877288358 2.9682973029548627 2.2741299150824434 1.1541844396605883 0.48762911972263095 0.4136287776582669 0.5362263592872882 0.4578080863534111 1.4308573603639165 0.42080791532123074 0.4478677418970033 1.1298858198782598 1.1817965075950516 0.2297324052147401 0.1927322341825563 0.0690301698361602 0.01822396483674646 0.008283620380338669 0.01270155124985517 0.22807568113867097 0.5025396364072426 0.2672848176056113 0.18334413108483938 0.11873189211819568 0.011597068532473442 0.01546275804329908 0.02540310249970687 0.014910516684611685 0.01546275804329908 0.0171194821193682 0.012149309891164306 0.0038656895108256373 0.01546275804329908 0.10934378902047875 0.33631498744177146 0.38159877885429044 0.22586671570391445 0.11983637483557394 0.26562809352954214 0.27280723119250255 0.2904789546705582 0.3208522293984689
1.9886211326400858 2.2835180181801604 2.291801638560499 2.445876977634806 3.2355821205604722 4.515677590002216 4.896171886139129 1.6396045939484627 0.5213158426026765 0.2501653354862431 0.45062894869045067 0.794123073795179 0.3236134361919163 2.560190938883487 2.4083245652439347 1.1613635773235487 0.14910516684610645 0.11486620260737004 0.08725413467290666 0.02374637842363775 0.008835861739029532 0.0077313790216512746 0.04362706733645333 0.42080791532123074 1.896949067097666 0.4649872240163715 0.06240327353188718 0.009388103097716927 0.006626896304273017 0.0005522413586908637 0.0005522413586908637 0.0077313790216512746 0.0469405154885881 0.04473155005383159 0.040313619184318555 0.06461223896664717 0.013806033967233428 0.1408215464657643 0.9310789307501212 0.857630830044448 0.3600613658654092 0.28329981700759777 0.3280313670614293 0.3600613658654092 0.1678813730415403 0.10768706494440963
3.1461190204528107 2.1636816433445865 2.3729811182878238 2.8865655818688505 3.5503596950133605 3.70388279272898 3.0262826456172367 1.744530452099425 0.7460780755892127 0.37386739983263917 0.32692688434405104 0.4517334314078289 3.609449520393113 3.9722720930519677 1.863814585576308 0.4451065351035559 0.2197920607583323 0.21040395766061537 0.11983637483557394 0.05246292907548286 0.019328447554124717 0.0171194821193682 0.0695824111948476 0.4694051548858845 2.192398193996428 0.3821510202129813 0.023194137064950354 0.009388103097716927 0.010492585815095185 0.009388103097716927 0.013253792608542564 0.014910516684611685 0.01988068891281558 0.020432930271502975 0.03092551608659816 0.05356741179286112 0.03534344695611466 0.19991137184552019 0.577644461188985 0.7499437651000384 0.5920027365149059 0.555002565482722 1.2447520224856297 0.6361820452100465 0.35398671091982703 0.22089654347571056
2.1984728489420102 1.621932870470407 1.7798738990555396 2.5265042160034414 3.258224016266733 3.075984367899272 1.814112863294276 1.5799625272100195 1.2171399545511663 0.7018987668940719 0.33134481521356757 0.3561956763545836 1.9935913048682898 2.536444560459849 1.365140638679891 0.14634396005265907 0.15186637363955036 0.17229930391105333 0.05743310130368676 0.04528379141252245 0.03644792967349292 0.05688085994499589 0.679256871187809 4.170526740821419 2.758997828011627 0.5113754981462721 0.045836032771209845 0.0347912055974238 0.06074654945582153 0.10050792728144922 5.431846004067726 7.4143924817622295 10.533451675639267 4.500767073317607 0.07676154885781147 0.15738878722644511 0.08835861739028492 0.31035964358337376 0.3186432639637124 0.6510925618946583 0.7996454873820737 0.525733773472193 1.6086790778618645 0.6174058390146127 0.3236134361919163 0.1579410285851325
1.5667087346014767 1.0266166858033665 1.0647213395529251 1.3485733979192136 1.916277514651791 2.0035316493246977 1.3220658127021285 1.1503187501497627 1.0464973747161785 0.6262417007536387 0.25513550771444693 0.2882699892358016 0.6516448032533456 0.6864360088507728 0.11376171988999179 0.08449292787945928 0.09443327233586707 0.09608999641193272 0.051358446358104604 0.058537584021065014 0.13419465016149476 0.1480006841287282 0.08228396244470276 1.5976342506880785 1.0542287537378299 0.5743310130368467 1.143691853845493 2.8843566164340926 3.110223332138007 9.007056560222104 11.175708375794894 6.0718937387885985 4.539976209784545 0.8725413467290561 0.25955343858395996 0.3628225726588566 0.16512016624809292 0.36834498624574785 0.33024033249618934 0.7764513503171234 0.949855136945555 0.9752582394452619 1.26794615955058 2.171965263724925 0.4136287776582669 0.22255326755177968
1.1856621971058772 0.7499437651000384 0.4694051548858845 0.7317198002632919 0.7996454873820737 0.8741980708051253 0.9178251381415786 0.7527049718934857 0.6864360088507728 0.6383910106448031 0.2844042997249795 0.12756775385722174 0.16677689032416204 0.09774672048800184 0.06737344576009108 0.0392091364669403 0.05246292907548286 0.054119653151548514 0.05080620499941374 0.1452394773352808 0.4544946382012763 0.30980740222468284 0.19880688912813846 1.12325892357399 3.6337481401754417 3.977794506638861 4.43670707570965 5.892967538573272 4.345035010167231 9.209729138861068 6.4551492417189555 2.7413261045335697 0.9305266893914304 0.8156604867840638 0.2567922317905126 0.3125686090181302 0.18665757923697415 0.36944946896312614 2.1178456105733767 2.39120508312457 1.4231259813422652 1.7842918299250528 2.2260849168764736 2.5126981820362095 1.0503630642270043 0.40203170912579345
1.4844247721567776 0.6510925618946583 0.3330015392896332 0.2650758521708547 0.3330015392896332 0.4368229147232172 0.6350775624926683 0.4318527424950133 0.508062049994134 0.4594648104294802 0.5124799808636504 0.29379240282269636 0.2440906805406609 0.05964206673844327 0.03700017103218031 0.7344810070567392 0.7477347996652818 0.2805386102141538 0.11486620260737004 0.19328447554124717 0.5108232567875813 0.3661360208109914 5.157382048799156 6.79588216003024 6.718016128455052 7.911409704582579 7.511586960891543 4.534453796197652 2.9832078196394725 3.2808659119729926 0.43627067336452985 0.30207602320303506 0.24850861141017394 0.13419465016149476 0.992929962923321 1.1470053019976278 0.2098517163019245 0.7074211804809633 2.488399562253881 2.0261735450309573 1.055885477813899 1.7108437292193794 2.398936462146218 1.9190387214452382 1.0409749611292873 0.39098688195200737
2.5093847338840733 1.1249156476500557 0.7455258342305253 0.6764956643943651 0.3998227436910369 0.4959127401029696 0.6251372180362604 0.24850861141017394 0.3650315380936131 0.9708403085757489 1.0912289247700102 0.9758104808039527 1.0382137543358398 0.4395841215166646 1.112214096400204 1.9173819973691693 4.024735022127449 3.354314012678668 4.00043640234512 3.7651815835434888 3.8198534780537283 6.095640117212238 11.365679403184005 9.327356548261884 4.995575330703198 6.336417349600762 4.832664129889862 2.051576647530664 1.189527886616703 0.38546446836511605 0.1457917186939682 0.12038861619426133 0.12646327113984349 0.3622703313001657 1.2977671929198 2.071457336443476 0.5102710154288904 1.8831430331304326 1.6114402846553084 1.3590659837343089 0.557211530917482 0.9167206554242003 1.2806477108004317 1.2541401255833466 0.5113754981462721 0.2220010261930888
