static/data/pressure/2023/7/10/0.asc
ncols 137
nrows 93
xllcorner 108.0
yllcorner 17.0
cellsize 0.25
NODATA_value -32767
[rows 19 to 37 of 93, columns 0 to 42 of 137]
100.06827177719623 100.12449179230312 100.19352600025941 100.25173131285003 100.24270723337861 100.15400053217465 100.07720561587293 100.02946823546917 100.02802438275373 100.00429105374391 99.98497952367511 99.97324822036227 99.99950829162408 100.04273363229213 100.07774706064122 100.10102918567746 100.14524717508736 100.15923449826805 100.11772373269957 100.04778711679613 99.97171412685212 99.92948143492592 99.88797066935743 99.87046395518288 99.8820147769063 99.89149006035127 99.90222871492226 99.92000615148093 99.95177091122032 99.967021605527 99.98949156341081 100.01376633718891 100.0347924423573 100.05220891573713 100.06773033242794 100.08577849137077 100.10878989402286 100.14723247257108 100.17475591495888 100.18179469694658 100.15995642462576 100.1352304468741 100.1339670757481
100.0585257713671 100.07549104077336 100.0949830524316 100.10301448316118 100.06628647971252 100.01972222964002 99.96449486327501 99.91802085399723 99.88896331809929 99.91026014565182 99.93047408366778 99.95249283757802 99.99147686089452 100.08451512024477 100.1000365369356 100.06800105481209 100.02423426937574 99.99671082698794 99.94798079784232 99.89753619359713 99.87299069743489 99.86550071147362 99.86225204286391 99.87253949346132 99.89203150511956 99.90421401240597 99.92154024499108 99.94202490539118 99.96404365930142 99.98723554354295 100.01123959493691 100.0335290712313 100.05103578540584 100.06773033242794 100.08198837799277 100.09651714594175 100.11149711786429 100.14596910144508 100.17078531999147 100.17547784131659 100.15129330833322 100.14073513535166 100.14253995124594
100.11248976660615 100.07648368951521 100.0597891424931 100.01096887255277 99.95402693108815 99.90800412578396 99.88571464948957 99.86847865769917 99.9057481059161 99.96602895678514 99.99246950963638 100.01349561480477 100.03650701745687 100.09525377481575 100.08577849137077 100.04778711679613 100.00699827758534 99.96052426830758 99.92578156234265 99.92325482009065 99.94951489135246 99.93850551439733 99.91775013161309 99.91026014565182 99.90547738353196 99.91675748287123 99.93624949452948 99.96025354592344 99.98200157744954 100.00898357506905 100.03271690407887 100.05374300924726 100.07377646567379 100.08803451123862 100.10148038965103 100.11276048899029 100.12349914356126 100.14326187760365 100.1557151072742 100.15923449826805 100.15526390330062 100.16121979575176 100.16221244449362
99.9702702741367 99.93453491942992 99.90773340339982 99.86550071147362 99.85548398326034 99.89022668922529 99.9082748481681 100.03370955282072 100.1402839313781 100.18152397456244 100.18549456952987 100.19623322410084 100.16798785535534 100.11754325111013 100.10120966726689 100.0469749496437 100.0067275552012 99.98398687493325 99.99851564288223 100.01196152129462 100.042462909908 99.98470880129096 99.95853897082387 99.93101552843606 99.93173745479378 99.94247610936475 99.95727559969787 99.97875290883982 100.00104238513423 100.02621956685945 100.05004313666399 100.0719716497795 100.09399040368974 100.10897037561229 100.12404058832955 100.13604261402654 100.14822512131293 100.16049786939405 100.17096580158089 100.17502663734302 100.17629000846902 100.18423119840386 100.18928468290785
99.95826824843972 99.90475545717425 99.88020996101201 99.87651008842874 99.89302415386142 99.95077826247847 100.0790104317672 100.24803144026674 100.32870671074116 100.34422812743199 100.32699213564159 100.31399746120276 100.26228948583157 100.20697187867181 100.14750319495522 100.09353919971618 100.04372628103398 100.02802438275373 100.01223224367877 100.02071487838188 100.03172425533701 100.0054641840752 99.97351894274641 99.95095874406789 99.95375620870401 99.963231492149 99.97748953771384 99.99671082698794 100.01872958089818 100.04300435467627 100.06574503494424 100.08821499282804 100.11050446912243 100.12900383203883 100.14822512131293 100.16401726038791 100.17899723231045 100.19352600025941 100.20426465483041 100.21401066065953 100.22420787046221 100.2317880972182 100.23350267231777
100.21825197801108 100.1557151072742 100.14452524872965 100.1429911552195 100.16979267124961 100.18603601429815 100.31679492583889 100.36850290121009 100.36227628637481 100.36128363763295 100.38799491286834 100.3787903518075 100.32347274464775 100.28151077510567 100.2227640177468 100.18152397456244 100.14001320899395 100.11898710382556 100.04652374567013 100.03298762646301 99.98452831970154 99.97703833374025 99.95998282353929 99.96350221453315 99.96476558565915 99.9784821864557 99.99598890063022 100.01475898593077 100.0335290712313 100.05572830673096 100.0790104317672 100.10400713190303 100.12575516342912 100.14849584369708 100.16952194886547 100.18747986701358 100.21220584476524 100.22853942860849 100.26400406093114 100.28845931629867 100.30578554888378 100.30172471312164 100.30073206437979
100.42174497009141 100.41948895022357 100.41804509750813 100.38149757564892 100.34901088955183 100.36525423260038 100.38727298651062 100.36597615895809 100.34747679604169 100.34828896319412 100.37500023842951 100.35803496902325 100.32248009590589 100.2867447411991 100.28728618596739 100.24676806914074 100.2272760574825 100.18296782727786 100.10554122541315 100.03127305136344 99.97270677559398 99.96278028817544 99.96151691704944 99.96476558565915 99.97776026009798 99.99301095440465 100.01123959493691 100.02928775387973 100.04796759838555 100.06953514832223 100.09299775494789 100.11853589985199 100.14272043283538 100.16546111310333 100.18702866304001 100.20724260105595 100.23377339470191 100.27627680901226 100.31345601643447 100.36877362359422 100.40098958730717 100.3967482699556 100.38375359551677
100.3909728590939 100.40126030969131 100.44647094784307 100.35225955816155 100.31147071895076 100.32329226305832 100.34720607365755 100.33899416133858 100.34323547869013 100.336016215113 100.32049479842217 100.28403751735767 100.25398733271788 100.21852270039523 100.22122992423665 100.23350267231777 100.22177136900494 100.16221244449362 100.10048774090917 100.02603908527003 99.99851564288223 99.98001627996582 99.97902363122397 99.97902363122397 99.99346215837822 100.00826164871134 100.02450499175988 100.042462909908 100.06195492156624 100.08451512024477 100.10824844925457 100.13324514939039 100.15779064555262 100.17953867707872 100.2010159862207 100.22122992423665 100.24803144026674 100.29026413219296 100.34224282994828 100.41001366677857 100.44845624532678 100.4702945176476 100.4587436959242
100.19397720423298 100.25525070384388 100.34504029458441 100.28304486861582 100.27320862199198 100.28728618596739 100.3142681835869 100.31074879259305 100.30677819762563 100.30127350914807 100.2892714834511 100.26427478331529 100.18396047601972 100.12548444104497 100.10120966726689 100.11546771283172 100.1250332370714 100.08776378885447 100.04147026116614 100.02423426937574 100.01900030328233 100.01250296606291 100.00970550142677 100.00645683281705 100.00474225771748 100.01972222964002 100.03822159255643 100.0572624002411 100.07648368951521 100.09796099865717 100.12124312369342 100.14750319495522 100.17096580158089 100.19271383310699 100.2100400656921 100.22673461271421 100.25146059046588 100.28322535020524 100.33249682411915 100.39124358147805 100.42824230731082 100.4587436959242 100.48202582096043
100.112219044222 100.1429911552195 100.19126998039157 100.21671788450095 100.22547124158821 100.24676806914074 100.26228948583157 100.23223930119177 100.1997526150947 100.1972258728427 100.19921117032641 100.20074526383655 100.14199850647766 100.10048774090917 100.0642109414341 100.03975568606657 100.02928775387973 100.02721221560131 100.01872958089818 100.01403705957306 100.02197824950788 100.03921424129828 100.04300435467627 100.03596557268858 100.02603908527003 100.03127305136344 100.0507650630217 100.07097900103764 100.09200510620603 100.11447506408986 100.1384791154838 100.16401726038791 100.18522384714572 100.20300128370441 100.21879342277937 100.23223930119177 100.25100938649231 100.27799138411183 100.31345601643447 100.3590276177651 100.3942215277036 100.43022760479454 100.45946562228191
100.25922129881128 100.1780045835686 100.1205211973357 100.0949830524316 100.10274376077703 100.13604261402654 100.18098252979415 100.22122992423665 100.21373993827538 100.181975178536 100.14001320899395 100.10373640951889 100.0859589729602 100.08650041772849 100.07179116819007 100.04372628103398 100.0092542974532 100.0067275552012 100.00853237109548 100.01250296606291 100.02125632315017 100.04147026116614 100.05996962408253 100.06321829269224 100.05753312262524 100.05545758434683 100.06773033242794 100.08523704660249 100.10626315177086 100.12927455442296 100.15075186356493 100.17403398860117 100.19325527787527 100.21049126966567 100.22772726145607 100.23648061854334 100.25425805510203 100.28304486861582 100.31977287206446 100.35523750438712 100.3897094879679 100.42571556505884 100.45323900744664
100.30073206437979 100.25371661033374 100.19875996635284 100.1537298097905 100.14127658011994 100.1620319629042 100.19451864900127 100.23846591602705 100.25976274357957 100.25777744609586 100.22953207735034 100.19749659522684 100.14876656608122 100.10075846329332 100.05049434063756 100.02026367440831 100.01548091228848 100.0130444108312 100.01701500579861 100.03370955282072 100.05699167785696 100.07350574328964 100.06727912845437 100.06375973746053 100.06024034646667 100.06727912845437 100.08875643759633 100.10851917163872 100.1282819056811 100.14822512131293 100.16852930012361 100.19045781323914 100.20525730357225 100.21924462675294 100.23449532105963 100.25128010887646 100.27429151152855 100.3052441041155 100.33971608769629 100.37003699472022 100.40477970068517 100.43753710916639 100.4657824779119
100.33800151259672 100.31796805617019 100.3557789491554 100.36372013909023 100.35677159789725 100.34197210756413 100.34648414729983 100.27402078914442 100.22095920185251 100.23323194993363 100.261206596295 100.26427478331529 100.23404411708606 100.15147378992265 100.09101245746419 100.03777038858286 100.02378306540217 100.02603908527003 100.0310023289793 100.04778711679613 100.08298102673463 100.11853589985199 100.110955673096 100.09245631017961 100.08424439786063 100.08000308050906 100.10229255680346 100.12349914356126 100.14596910144508 100.16753665138175 100.18522384714572 100.20146719019426 100.21599595814324 100.22700533509835 100.24054145430547 100.25877009483771 100.29396400477623 100.32870671074116 100.37400758968765 100.417774375124 100.45522430493035 100.47877715235073 100.50404457487069
100.30371001060536 100.37346614491936 100.44629046625364 100.52073912189279 100.58020780560939 100.5662204824287 100.51351985831566 100.39846284505516 100.32401418941603 100.32329226305832 100.35397413326112 100.32572876451559 100.27546464185983 100.22095920185251 100.17601928608488 100.12277721720355 100.04228242831856 100.03975568606657 100.04977241427984 100.05951842010896 100.07846898699893 100.106533874155 100.1429911552195 100.12999648078068 100.13802791151025 100.12846238727055 100.14046441296752 100.15228595707508 100.17448519257474 100.19677466886912 100.21373993827538 100.22574196397235 100.23422459867548 100.2452339756306 100.26147731867914 100.27853282888012 100.3092146990829 100.34323547869013 100.38799491286834 100.45197563632064 100.50422505646011 100.53228994361619 100.57271781964812
100.28475944371539 100.35496678200298 100.47525776135689 100.60502402415578 100.66295861436224 100.66350005913053 100.60926534150734 100.5437505245449 100.54176522706119 100.54302859818719 100.5277779038805 100.46424838440176 100.37824890703921 100.32220937352174 100.27699873536997 100.17547784131659 100.07052779706407 100.05329180527369 100.0757617631575 100.08550776898663 100.08550776898663 100.08776378885447 100.12404058832955 100.16320509323548 100.17322182144873 100.18874323813958 100.21022054728152 100.2234859441045 100.25497998145974 100.28024740397969 100.30154423153222 100.2867447411991 100.29396400477623 100.26653080318314 100.27772066172768 100.29603954305465 100.31471938756047 100.34874016716769 100.38501696664277 100.44827576373736 100.50278120374469 100.56197916507715 100.60249728190378
100.24676806914074 100.28376679497353 100.38952900637848 100.52100984427693 100.60276800428792 100.60321920826149 100.57452263554241 100.56197916507715 100.61395786283246 100.64852008720797 100.63354011528543 100.54754063792288 100.49150110440543 100.42129376611784 100.28873003868281 100.18549456952987 100.10626315177086 100.0597891424931 100.08352247150292 100.12449179230312 100.13171105588025 100.114745786474 100.11546771283172 100.1549931809165 100.19677466886912 100.22826870622436 100.25849937245357 100.2905348545771 100.32202889193232 100.38348287313262 100.42021087658128 100.40171151366488 100.36426158385852 100.33673814147072 100.31697540742833 100.32527756054202 100.34251355233242 100.35478630041354 100.3897094879679 100.42724965856897 100.46677512665376 100.5265145327545 100.5867051428288
100.1997526150947 100.23575869218563 100.2452339756306 100.33502356637115 100.43221290227825 100.48346967367587 100.45251708108893 100.47300174148903 100.56549855607099 100.58625393885524 100.54754063792288 100.486267138312 100.5080151698381 100.39476297247188 100.26102611470557 100.17249989509102 100.13198177826439 100.08054452527735 100.08397367547649 100.12422106991897 100.16997315283903 100.15652727442662 100.14326187760365 100.1620319629042 100.20245983893612 100.24252675178917 100.26653080318314 100.30127350914807 100.36200556399066 100.43320555102011 100.49303519791557 100.52678525513865 100.48698906466971 100.47101644400531 100.4369956643981 100.41551835525614 100.38799491286834 100.40026766094945 100.40252368081731 100.41723293035571 100.44629046625364 100.49276447553143 100.55250388163216
100.1984892439687 100.21897390436881 100.19903068873698 100.2464973467566 100.35000353829369 100.41073559313628 100.45576574969864 100.49204254917372 100.56098651633529 100.5297632013642 100.48274774731814 100.4324836246624 100.4299568824104 100.32275081829003 100.23575869218563 100.15327860581694 100.1282819056811 100.10148038965103 100.1000365369356 100.12151384607755 100.16374653800376 100.16473918674562 100.16546111310333 100.18323854966201 100.21373993827538 100.24974601536631 100.26725272954086 100.30677819762563 100.36949554995194 100.43501036691438 100.48996701089528 100.56423518494499 100.62478675819817 100.63597661674271 100.58652466123938 100.50124711023454 100.45522430493035 100.4369956643981 100.43076904956283 100.42878375207911 100.45053178360521 100.49745699685654 100.55421845673173
100.19695515045855 100.20949862092381 100.23377339470191 100.29324207841852 100.41624028161385 100.51721973089894 100.59997053965178 100.64175202760443 100.65970994575254 100.62821590839731 100.58047852799353 100.50521770520197 100.33321875047686 100.21527403178553 100.16221244449362 100.14497645270322 100.11772373269957 100.11149711786429 100.12277721720355 100.13929128263624 100.15751992316848 100.17222917270689 100.18450192078801 100.20300128370441 100.22853942860849 100.25723600132757 100.2854813700731 100.32275081829003 100.36877362359422 100.42147424770727 100.44701239261136 100.51451250705752 100.58201262150368 100.60547522812935 100.56775457593885 100.49095965963714 100.45946562228191 100.44403444638579 100.45053178360521 100.45350972983078 100.46424838440176 100.4964643481147 100.54799184189645
