static/data/pressure/2023/7/10/12.asc
ncols 137
nrows 93
xllcorner 108.0
yllcorner 17.0
cellsize 0.25
NODATA_value -32767
[rows 0 to 18 of 93, columns 0 to 42 of 137]
99.96458510406971 99.97333846115698 99.99634986380909 100.03136329215816 100.05635999229396 100.05112602620055 100.03659725825159 100.03361931202602 99.99941805082936 99.95538054300887 99.92289385691178 99.92289385691178 99.92009639227565 99.91765989081838 99.95862921161859 100.05383325004196 100.1633855748249 100.23485628423849 100.26662104397785 100.26409430172585 100.18738962621886 100.11239952581143 100.10436809508188 100.13965224581509 100.14109609853051 100.10409737269774 100.08415415706591 100.112850729785 100.14109609853051 100.12386010674012 100.08839547441747 99.98940132261609 99.88436103756887 99.78861555437719 99.7816670131842 99.81659020073856 99.87515647650802 99.93985912631804 99.97108244128913 99.99066469374209 100.00311792341263 100.01909054407705 100.02712197480659
100.04264339149742 100.03885327811942 100.06186468077152 100.09038077190118 100.12990623998597 100.11808469587842 100.10716555971801 100.09516353402104 100.07540079997864 100.0316340145423 99.98687458036409 99.95059778088903 99.92839854538936 99.93733238406604 99.98335518937026 100.09290751415318 100.17764362038973 100.20958886171853 100.19262359231227 100.13333539018511 100.0776568198465 100.04183122434499 100.1244015515084 100.19415768582242 100.19984285588941 100.11258000740087 100.12963551760183 100.17286085826989 100.19740635443212 100.10536074382372 100.01936126646119 99.93534708658234 99.83590173080738 99.78040364205822 99.77914027093222 99.81659020073856 99.84790375650437 99.87262973425602 99.89636306326585 99.92262313452764 99.95438789426701 99.97839194566097 99.99337191758352
100.11041422832771 100.08911740077518 100.08361271229764 100.08388343468178 100.0936294405109 100.07287405772664 100.05960866090368 100.0476066352067 100.02640004844888 100.00690803679063 99.9798357983764 99.94933440976303 99.9101699048571 99.92415722803779 99.9823625406284 100.08613945454962 100.1391108010468 100.12990623998597 100.05816480818825 99.99337191758352 99.9754139994354 100.00059118116064 100.11736276952071 100.19415768582242 100.21464234622252 100.16834881853418 100.19758683602156 100.19614298330613 100.13658405879482 99.96684112393757 99.86838841690447 99.80188095120016 99.76515294775153 99.75260947728626 99.76641631887752 99.79565433636489 99.81261960577115 99.83887967703295 99.86613239703662 99.88887307730457 99.91215520234081 99.93688118009247 99.96187788022829
100.11763349190485 100.09065149428532 100.05608926990982 100.04165074275556 100.02441475096516 100.01737596897748 100.01539067149376 100.0156613938779 99.97685785215083 99.965126548838 99.95862921161859 99.94536381479561 99.90358232684297 99.92433770962721 99.98985252658966 100.08361271229764 100.13035744395954 100.12115288289871 100.04688470884899 100.00284720102849 100.00889333427435 100.07666417110464 100.13784742992081 100.17141700555447 100.14190826568294 100.08758330726504 100.08216885958221 100.0381313517617 99.96214860261243 99.85133290670349 99.78608881212519 99.73636613423771 99.73338818801214 99.74484876894086 99.75811416576383 99.77264293371279 99.79033012947676 99.81640971914915 99.84537701425238 99.87461503173974 99.90484569796897 99.93588853135061 99.96214860261243
100.09588546037875 100.06610599812309 100.03109256977402 100.00465201692278 99.9888598778478 99.98064796552883 99.98633313559581 99.98660385797994 99.9580877668503 99.95213187439916 99.94590525956389 99.92884974936293 99.92135976340165 99.95565126539302 100.06610599812309 100.1621222036989 100.21635692132209 100.20191839416783 100.10364616872417 100.03208521851587 100.07341550249492 100.16735616979233 100.268155137488 100.1659123170769 100.10039750011445 99.92135976340165 99.87136636313004 99.83391643332367 99.80991238192972 99.75486549715411 99.7048720968825 99.7048720968825 99.71615219622176 99.73185409450201 99.7503534574184 99.76641631887752 99.78690097927762 99.81090503067158 99.83887967703295 99.87362238299788 99.90737244022097 99.93787382883433 99.96214860261243
100.05491613957854 100.02712197480659 100.00465201692278 99.97785050089269 99.98037724314469 99.96936786618956 99.97333846115698 99.96738256870586 99.94635646353747 99.93291058512506 99.90358232684297 99.88039044260145 99.9011458253857 100.0156613938779 100.13586213243711 100.21464234622252 100.25660431576459 100.24108289907375 100.09516353402104 99.97216533082569 100.01114935414219 100.0981414802466 100.19334551866999 100.09308799574261 99.93661045770833 99.76361885424139 99.71633267781118 99.70036005714678 99.68258262058811 99.66291012734044 99.68041684151498 99.68438743648238 99.71136943410191 99.74033672920514 99.75883609212154 99.77760617742207 99.7976396338486 99.82110224047427 99.84483556948409 99.87515647650802 99.9056578651214 99.93083504684664 99.95565126539302
99.99788395731922 99.98488928288039 99.96241932499657 99.9478905570476 99.9491539281736 99.94058105267575 99.94112249744404 99.93534708658234 99.92587180313735 99.89564113690814 99.86640311942077 99.84609894061009 99.92388650565364 100.03885327811942 100.12665757137626 100.1588735350892 100.19885020714756 100.17863626913159 100.04914072871684 99.94283707254361 99.95159042963088 100.034882683152 100.04887000633269 99.92514987677964 99.76786017159294 99.65785664283645 99.63836463117819 99.62239201051379 99.63060392283278 99.63836463117819 99.65686399409459 99.69359199754324 99.72310073741474 99.7528801996704 99.77787689980622 99.79709818908033 99.8168609231227 99.83689437954924 99.86062770855905 99.88309766644288 99.90159702935925 99.92686445187921 99.94563453717976
99.92839854538936 99.9343544378405 99.91784037240781 99.89762643439184 99.88914379968871 99.88887307730457 99.89690450803413 99.89961173187555 99.89816787916013 99.87741249637588 99.85214507385592 99.8480842380938 99.93913719996033 100.05491613957854 100.11158735865901 100.10166087124045 100.10490953985015 100.09209534700075 100.01611259785147 99.95862921161859 100.00762996314835 100.04363604023928 99.97234581241513 99.83111896868755 99.71633267781118 99.63565740733677 99.61616539567852 99.6084046873331 99.62509923435522 99.64359859727162 99.6798753967467 99.71335473158562 99.74286347145714 99.77183076656037 99.79736891146446 99.8181242942487 99.83833823226466 99.85990578220134 99.8793977938596 99.8986190831337 99.91441122220867 99.92785710062107 99.94364923969604
99.8768710516076 99.88309766644288 99.87389310538202 99.84934760921979 99.84564773663651 99.86162035730091 99.87010299200404 99.86288372842691 99.86541047067891 99.85313772259778 99.83761630590695 99.85783024392292 99.93760310645018 100.08361271229764 100.10933133879115 100.10509002143958 100.08884667839104 100.06285732951338 99.97090195969969 99.95014657691546 100.02640004844888 100.05888673454596 99.97063123731556 99.89311439465614 99.78040364205822 99.70288679939878 99.62690405024951 99.6198652682618 99.64441076442404 99.67085131727528 99.7023453546305 99.73465155913814 99.76416029900967 99.7918642229869 99.8168609231227 99.8386089546488 99.86062770855905 99.884631759953 99.90466521637954 99.92190120816993 99.93633973532418 99.94734911227933 99.96287052897014
99.84889640524622 99.85187435147178 99.85088170272992 99.85512302008149 99.86360565478462 99.88409031518474 99.87416382776617 99.86315445081105 99.84266979041095 99.83463835968138 99.81586827438086 99.8181242942487 99.87984899783316 100.0546454171944 100.15616631124777 100.18233614171487 100.07882995017778 99.9524025967833 99.85810096630706 99.87235901187188 99.95962186036044 100.01160055811576 100.0073592407642 99.95438789426701 99.90141654776983 99.76461150298324 99.67364878191141 99.63240873872705 99.65884929157829 99.6876361050921 99.7195813464209 99.75089490218669 99.78265966192605 99.80991238192972 99.83536028603909 99.86062770855905 99.88490248233714 99.91062110883067 99.9330910667145 99.9504172992996 99.96584847519571 99.98136989188654 99.99734251255094
99.89834836074955 99.90286040048525 99.91991591068621 99.9330910667145 99.92839854538936 99.91811109479194 99.89708498962356 99.86911034326218 99.83788702829109 99.82010959173242 99.79583481795433 99.79664698510675 99.86008626379078 100.03208521851587 100.11438482329514 100.07161068660065 99.89085837478828 99.7963762627226 99.80133950643187 99.86559095226833 99.99084517533151 100.08108597004563 100.09561473799461 100.04887000633269 99.96711184632171 99.79258614934461 99.68113876787268 99.63710126005219 99.66841481581798 99.70008933476264 99.73465155913814 99.7688528203348 99.79989565371645 99.82687765133598 99.85340844498192 99.8793977938596 99.90637979147911 99.93408371545635 99.95889993400272 99.98037724314469 99.99887660606107 100.01484922672547 100.03091208818459
99.94112249744404 99.95438789426701 99.97685785215083 99.9856112092381 99.95285380075687 99.93236914035678 99.91684772366595 99.89464848816628 99.85313772259778 99.81162695702929 99.80034685769002 99.83463835968138 99.94283707254361 100.0328973856683 99.99959853241879 99.89112909717242 99.79511289159662 99.83833823226466 99.90908701532054 99.98037724314469 100.02685125242245 100.13234274144325 100.17989964025759 100.13586213243711 99.96016330512872 99.76614559649337 99.66760264866556 99.64359859727162 99.68014611913084 99.71091823012834 99.7483681599347 99.78608881212519 99.81740236789099 99.84790375650437 99.87641984763403 99.9031311228694 99.9286692677735 99.95664391413487 99.98290398539669 100.00564466566463 100.0221587310973 100.03840207414585 100.05563806593625
99.895370414524 99.91738916843424 99.94834176102118 99.97234581241513 99.95339524552516 99.92912047174707 99.90989918247296 99.88409031518474 99.82841174484612 99.79989565371645 99.81261960577115 99.88760970617857 100.00411057215449 100.01539067149376 99.9408517750599 99.85837168869121 99.94166394221233 100.02964871705859 100.02964871705859 99.97261653479926 99.98136989188654 100.10139014885631 100.14560813826623 100.09083197587475 99.89816787916013 99.73988552523157 99.65659327171045 99.65289339912717 99.69314079356967 99.73059072337603 99.77183076656037 99.81009286351915 99.84285027200038 99.87434430935559 99.89834836074955 99.9145917037981 99.93137649161493 99.96214860261243 99.99463528870952 100.02035391520303 100.03713870301985 100.0591574569301 100.07783730143592
99.85665711359164 99.87741249637588 99.90583834671082 99.92641324790564 99.92966191651536 99.88733898379442 99.87109564074589 99.85837168869121 99.82308753795797 99.80386624868387 99.8226363339844 99.89212174591428 99.97739929691912 99.962599806586 99.8998824542597 99.90258967810111 100.02558788129645 100.05491613957854 99.97360918354111 99.9056578651214 99.9421151461859 100.02360258381273 100.0521186749424 99.97785050089269 99.82660692895183 99.70766956151863 99.66633927753956 99.66660999992371 99.71362545396977 99.7599189816581 99.79836156020632 99.83138969107169 99.86441782193705 99.89365583942443 99.91314785108267 99.92884974936293 99.96314125135429 100.01710524659333 100.0513967485847 100.08316150832407 100.10139014885631 100.11889686303086 100.12241625402469
99.84140641928495 99.90033365823327 99.92659372949507 99.93534708658234 99.93263986274093 99.89365583942443 99.89311439465614 99.88409031518474 99.86586167465248 99.816138996765 99.83066776471398 99.87010299200404 99.96241932499657 99.93715190247661 99.86008626379078 99.85810096630706 99.96837521744771 100.00212527467079 99.93363251148278 99.90340184525354 99.91738916843424 99.97938459440283 99.98335518937026 99.91386977744038 99.78536688576747 99.69990885317321 99.6626394049563 99.69314079356967 99.75008273503425 99.79285687172876 99.8213729628584 99.85286700021364 99.88336838882702 99.91612579730824 99.9408517750599 99.99734251255094 100.05284060130012 100.1108654323013 100.14714223177637 100.1768314532373 100.20137694939955 100.20787428661896 100.20715236026125
99.81415369928129 99.88436103756887 99.93733238406604 99.94689790830574 99.9274058966475 99.9056578651214 99.90538714273725 99.92812782300521 99.91486242618224 99.85133290670349 99.85413037133964 99.89437776578214 100.00284720102849 99.87614912524988 99.79908348656403 99.78509616338333 99.90060438061741 99.9580877668503 99.99409384394123 99.96458510406971 99.93209841797264 100.00690803679063 100.01087863175805 99.93733238406604 99.7816670131842 99.69314079356967 99.68258262058811 99.71335473158562 99.79736891146446 99.83184089504526 99.86008626379078 99.87362238299788 99.90060438061741 99.93733238406604 99.98191133665483 100.03840207414585 100.1006682224986 100.14912752926007 100.18558481032458 100.22159088741552 100.25416781430731 100.26409430172585 100.26138707788442
99.78816435040362 99.86486902591062 99.91838181717608 99.9491539281736 99.91765989081838 99.89663378564998 99.93110576923078 99.95411717188287 100.0015838299025 99.89266319068257 99.895370414524 99.88887307730457 99.98813795149009 99.82462163146812 99.78112556841593 99.76713824523523 99.92884974936293 99.95483909824058 99.99084517533151 100.00365936818092 99.97866266804512 100.07666417110464 100.0553673435521 99.98164061427069 99.7893374807349 99.70685739436621 99.69611873979522 99.73934408046328 99.83184089504526 99.86838841690447 99.887158502205 99.90060438061741 99.91062110883067 99.94816127943174 99.99283047281523 100.0316340145423 100.08514680580777 100.12864286885997 100.1724096542963 100.20841573138725 100.25633359338045 100.2726671772237 100.26986971258756
99.7836523106679 99.8603569861749 99.94184442380175 99.97839194566097 99.92235241214351 99.86586167465248 99.90610906909497 99.98308446698611 100.07864946858835 99.93787382883433 99.82065103650069 99.8021516735843 99.83887967703295 99.75513621953826 99.72716157317689 99.84239906802681 100.02360258381273 99.9926499912258 99.94491261082204 99.95510982062473 100.00889333427435 100.1096020611753 100.07359598408436 99.95538054300887 99.77941099331636 99.71308400920148 99.70884269184992 99.74936080867654 99.8404137705431 99.89365583942443 99.91161375757252 99.91260640631438 99.91233568393024 99.94509309241147 99.97315797956755 100.01033718698977 100.06159395838739 100.11239952581143 100.15788088634734 100.20264032052555 100.25236299841302 100.26436502410999 100.25858961324829
99.77959147490579 99.84691110776251 99.93191793638321 99.98687458036409 99.93715190247661 99.85864241107534 99.83111896868755 99.8986190831337 99.97938459440283 99.83887967703295 99.70063077953093 99.64964473051745 99.67184396601712 99.67635600575284 99.76984546907666 99.91513314856638 100.06141347679795 99.99914732844522 99.94184442380175 99.89509969213985 99.96061450910229 100.01340537401005 99.93263986274093 99.80612226855173 99.74566093609327 99.73284674324387 99.72490555330903 99.74764623357699 99.83138969107169 99.88788042856271 99.90989918247296 99.91260640631438 99.91314785108267 99.93209841797264 99.96016330512872 99.99887660606107 100.05834528977768 100.11510674965285 100.17213893191219 100.21816173721638 100.24938505218745 100.2446022900676 100.23990976874248
