static/data/pressure/2023/7/10/18.asc
ncols 137
nrows 93
xllcorner 108.0
yllcorner 17.0
cellsize 0.25
NODATA_value -32767
[rows 0 to 18 of 93, columns 43 to 85 of 137]
100.18991636847085 100.20119646781012 100.2081450090031 100.21067175125509 100.1716877279386 100.15869305349976 100.14244971045123 100.13541092846353 100.13369635336396 100.14217898806709 100.16347581561962 100.17665097164787 100.18793107098715 100.19289431469642 100.21473258701724 100.2374732672852 100.26544791364657 100.2559726302016 100.25118986808174 100.2496557745716 100.26292117139457 100.27447199311797 100.28593257404667 100.30822205034104 100.34747679604169 100.3839340771062 100.41019414836799 100.40793812850016 100.41894750545528 100.4466514294325 100.50115686943982 100.55945242282516 100.6052045057452 100.53192898043734 100.38943876558376 100.26716248874614 100.22547124158821 100.19397720423298 100.15968570224162 100.12972575839655 100.11393361932157 100.10220231600874 100.09516353402104
100.1896456460867 100.18865299734486 100.18143373376773 100.16645376184519 100.15995642462576 100.16573183548748 100.18098252979415 100.16067835098347 100.1454276566768 100.13865959707323 100.14966897402836 100.15715895998963 100.16744641058705 100.17989964025759 100.19496985297484 100.2048963403934 100.20967910251323 100.20570850754584 100.20868645377138 100.21671788450095 100.22790774304549 100.24469253086232 100.26571863603071 100.29089581775595 100.32617996848916 100.34919137114126 100.36191532319594 100.36092267445409 100.3839340771062 100.42192545168085 100.47047499923704 100.52218297460823 100.52146104825052 100.45540478651978 100.29594930225993 100.23269050516535 100.20841573138725 100.20390369165155 100.18017036264173 100.17015363442847 100.16347581561962 100.15192499389622 100.13920104184152
100.18594577350343 100.181975178536 100.17015363442847 100.15391029137993 100.15264692025393 100.16067835098347 100.17466567416416 100.15544438489006 100.13992296819923 100.1307184071384 100.13198177826439 100.13721574435782 100.14642030541864 100.15914425747334 100.16392701959319 100.16744641058705 100.16870978171305 100.17340230303816 100.18098252979415 100.1934357594647 100.20922789853967 100.23269050516535 100.25714576053286 100.28214246066868 100.30614651206264 100.3219386511376 100.33646741908657 100.35469605961883 100.38068540849649 100.411457519494 100.44620022545894 100.49465953222041 100.48166485778158 100.41416474333542 100.28593257404667 100.24739975470375 100.24045121351075 100.24667782834602 100.22565172317763 100.2131984935071 100.20390369165155 100.19397720423298 100.18865299734486
100.18269710489372 100.17042435681262 100.1537298097905 100.13721574435782 100.13116961111197 100.13441827972167 100.13622309561596 100.1307184071384 100.12241625402469 100.12196505005112 100.12196505005112 100.12746973852869 100.13495972448996 100.14443500793494 100.14596910144508 100.14723247257108 100.14921777005479 100.15941497985747 100.1724096542963 100.186396977477 100.20471585880398 100.22817846542964 100.25416781430731 100.28142053431097 100.30289784345293 100.31769733378604 100.33294802809273 100.35397413326112 100.37265397776694 100.40089934651245 100.43898096188181 100.49718627447241 100.4952009769887 100.43744686837167 100.34540125776327 100.2784425880854 100.25543118543331 100.24622662437245 100.25389709192316 100.24821192185617 100.24496325324645 100.23142713403935 100.22917111417149
100.17096580158089 100.15589558886363 100.13017696237011 100.112219044222 100.10797772687043 100.10897037561229 100.11140687706957 100.11140687706957 100.11591891680528 100.11772373269957 100.12196505005112 100.12494299627669 100.13116961111197 100.12990623998597 100.13243298223797 100.1352304468741 100.14443500793494 100.15797112714205 100.17195845032275 100.18991636847085 100.20994982489738 100.23296122754948 100.25822865006943 100.28466920292068 100.30443193696307 100.3199533536539 100.33592597431829 100.35117666862497 100.36489326942151 100.39395080531946 100.43816879472938 100.489425566127 100.50991022652711 100.53544837143119 100.50440553804954 100.41867678307113 100.32942863709887 100.28647401881496 100.26418454252057 100.2547092590756 100.25064842331345 100.2559726302016 100.25543118543331
100.1307184071384 100.119167585415 100.09642690514703 100.0904710126959 100.0937196813056 100.0948928116369 100.10148038965103 100.10671435574443 100.110955673096 100.11447506408986 100.11871638144143 100.12115288289871 100.12295769879297 100.12322842117712 100.1281916648864 100.1384791154838 100.1486763252865 100.16645376184519 100.18522384714572 100.20372321006212 100.22339570330978 100.24442180847818 100.26914778622985 100.2899031690141 100.30822205034104 100.3244653933896 100.339174642928 100.35144739100912 100.37066868028323 100.40541138624816 100.4491781716845 100.48067220903972 100.51370033990509 100.53896776242505 100.56865698388599 100.5624303690507 100.47291150069432 100.42697893618482 100.3174266114019 100.29847604451193 100.26842585987214 100.28268390543697 100.28114981192682
100.0814469332245 100.07016683388524 100.07567152236278 100.07792754223064 100.08189813719807 100.0892076415699 100.09597570117346 100.1019315936246 100.10617291097616 100.10969230197 100.11321169296386 100.11718228793129 100.11889686303086 100.12593564501854 100.13622309561596 100.14642030541864 100.16266364846719 100.18296782727786 100.20218911655198 100.22195185059437 100.24144386225261 100.26165780026857 100.28069860795325 100.30091254596921 100.32121672477989 100.34720607365755 100.36191532319594 100.37066868028323 100.39340936055117 100.4281520665161 100.4529682850625 100.46948235049518 100.50196903659226 100.52669501434393 100.56017434918287 100.56793505752827 100.59942909488349 100.56594976004456 100.43519084850381 100.31796805617019 100.28791787153038 100.30416121457893 100.31065855179833
100.0444482073917 100.05040409984284 100.05789408580411 100.06619623891781 100.07522031838921 100.08442487945005 100.09119293905361 100.09741955388888 100.10292424236646 100.10797772687043 100.11239952581143 100.11772373269957 100.12620636740269 100.13541092846353 100.1474129541605 100.16239292608304 100.17845578754216 100.19894044794226 100.21897390436881 100.23918784238477 100.25822865006943 100.2771792169594 100.29667122861765 100.31571203630233 100.33818199418614 100.36742001167352 100.39268743419346 100.40414801512216 100.4254448426747 100.44493685433294 100.46370693963347 100.47742354043001 100.49790820083012 100.52344634573421 100.5546696607053 100.58390767819267 100.60042174362535 100.61720653144218 100.51397106228923 100.42246689644912 100.31345601643447 100.3174266114019 100.33168465696673
100.02242945348145 100.02991943944274 100.041199538782 100.05193819335298 100.06619623891781 100.07747633825707 100.08442487945005 100.0961561827629 100.10418761349246 100.11014350594357 100.11691156554714 100.12539420025026 100.13694502197367 100.14642030541864 100.15914425747334 100.17394374780645 100.19145046198099 100.21022054728152 100.22971255893978 100.2496557745716 100.269418508614 100.28746666755681 100.30740988318864 100.32690189484687 100.35018401988312 100.37716601750263 100.40243344002259 100.4249033979064 100.44493685433294 100.46090947499734 100.47417487182031 100.49366688347857 100.51243696877908 100.53914824401447 100.58065900958296 100.59392440640595 100.60114366998306 100.62397459104574 100.5936536840218 100.51866358361437 100.40496018227459 100.33394067683459 100.34440860902141
99.99995949559765 100.00717875917476 100.02170752712374 100.03722894381457 100.05293084209484 100.06773033242794 100.08641017693377 100.09967557375674 100.11140687706957 100.11591891680528 100.12295769879297 100.12846238727055 100.14118633932523 100.15291764263807 100.16491966833505 100.17917771389988 100.19614298330613 100.2151837909908 100.2349465250332 100.2547092590756 100.27447199311797 100.29369328239208 100.31246336769262 100.33168465696673 100.35045474226726 100.37166132902509 100.39467273167718 100.41497691048785 100.43546157088795 100.45369021142021 100.47616016930402 100.49772771924069 100.52218297460823 100.54997713938016 100.59419512879009 100.60547522812935 100.61070919422276 100.6416617868097 100.69770132032717 100.62839638998673 100.51866358361437 100.38772419048419 100.38339263233792
99.98895011864252 99.99995949559765 100.0162028386462 100.03046088421102 100.04742615361727 100.06619623891781 100.1019315936246 100.1327037046221 100.15048114118079 100.14669102780279 100.13541092846353 100.13694502197367 100.14515693429266 100.15797112714205 100.16943170807076 100.18116301138359 100.19821852158455 100.22014703470009 100.2407219358949 100.26021394755314 100.27997668159554 100.30046134199564 100.31697540742833 100.33421139921872 100.35216931736683 100.36940530915723 100.3871827457159 100.40523090465874 100.42517412029055 100.44764407817436 100.47273101910488 100.49592290334641 100.52218297460823 100.55322580798988 100.58544177170282 100.60294848587735 100.62271121991975 100.65790512985825 100.71168864350787 100.7164714056277 100.65221995979125 100.51270769116323 100.41317209459356
99.99616938221965 100.01096887255277 100.02594884447531 100.04372628103398 100.0687229811698 100.10346568713474 100.13640357720539 100.16573183548748 100.18594577350343 100.1946991305907 100.18594577350343 100.18341903125145 100.18522384714572 100.19018709085499 100.19496985297484 100.19966237429998 100.21022054728152 100.22817846542964 100.24992649695574 100.26968923099814 100.28891052027224 100.30840253193048 100.32419467100546 100.33989656928571 100.35595943074483 100.37039795789909 100.38943876558376 100.40847957326844 100.42968616002625 100.45522430493035 100.47516752056217 100.491952308379 100.51297841354737 100.54293835739247 100.57046179978028 100.5949170551478 100.62343314627746 100.66142452085211 100.68344327476234 100.71439586734928 100.70717660377215 100.63796191422642 100.46343621724932
100.00889333427435 100.02865606831674 100.04598230090184 100.07097900103764 100.10148038965103 100.14642030541864 100.15445173614822 100.17015363442847 100.17989964025759 100.1972258728427 100.19542105694842 100.19072853562328 100.18847251575544 100.19045781323914 100.20092574542598 100.20967910251323 100.22321522172035 100.24045121351075 100.262469967421 100.28114981192682 100.29946869325379 100.31814853775961 100.33547477034472 100.35090594624083 100.36489326942151 100.37797818465506 100.39467273167718 100.41190872346756 100.43266410625182 100.45639743526164 100.47390414943618 100.48996701089528 100.50819565142754 100.53571909381533 100.56071579395115 100.58264430706667 100.61097991660691 100.65591983237454 100.67017787793937 100.69490385569104 100.70564251026201 100.67893123502664 100.51370033990509
100.037409425404 100.05392349083668 100.07467887362093 100.09570497878931 100.11447506408986 100.14669102780279 100.15418101376407 100.15968570224162 100.16916098568662 100.17665097164787 100.17665097164787 100.1749363965483 100.18017036264173 100.187660348603 100.20065502304183 100.21771053324281 100.23323194993363 100.2521825168236 100.27239645483957 100.29143726252423 100.3104780702089 100.33042128584073 100.34639390650513 100.36191532319594 100.37617336876077 100.39016069194147 100.40342608876445 100.42147424770727 100.4426808344651 100.46668488585904 100.48671834228557 100.51090287526897 100.53265090679506 100.55042834335373 100.56964963262784 100.59572922230024 100.62993048349686 100.66792185807151 100.65673199952697 100.640939860452 100.640939860452 100.66043187211025 100.56315229540841
100.0892076415699 100.08992956792761 100.10166087124045 100.10815820845987 100.1256649226344 100.13865959707323 100.1524664386645 100.15914425747334 100.16672448422933 100.16771713297119 100.17069507919675 100.17989964025759 100.186396977477 100.1972258728427 100.21247656714938 100.2298930405292 100.2509191456976 100.27023067576641 100.28972268742467 100.30596603047321 100.3244653933896 100.34522077617383 100.36020074809637 100.37545144240308 100.38790467207362 100.40044814253888 100.41416474333542 100.43140073512582 100.45269756267835 100.47191885195247 100.50115686943982 100.52768766308579 100.55692568057316 100.57046179978028 100.58120045435125 100.59870716852578 100.63146457700701 100.65140779263882 100.63164505859643 100.6199137552836 100.63669854310042 100.65844657462654 100.56793505752827
100.15697847840019 100.13342563097981 100.12241625402469 100.12918431362826 100.13721574435782 100.1441642855508 100.15797112714205 100.17268037668045 100.18017036264173 100.17439495178002 100.18098252979415 100.19018709085499 100.20273056132027 100.21545451337495 100.23440508026492 100.26066515152671 100.28169125669511 100.30244663947936 100.32266057749533 100.33890392054386 100.34720607365755 100.3641713430638 100.37842938862863 100.39070213670976 100.4031553663803 100.41190872346756 100.42589604664826 100.44322227923338 100.4607289934079 100.47967956029787 100.50972974493767 100.53147777646377 100.56071579395115 100.57695913699969 100.59942909488349 100.61720653144218 100.63796191422642 100.64915177277098 100.63092313223872 100.64247395396214 100.6594392233684 100.66891450681337 100.5879685139548
100.1896456460867 100.16789761456062 100.1524664386645 100.15165427151207 100.15968570224162 100.15544438489006 100.16167099972533 100.17647049005845 100.18946516449728 100.18594577350343 100.19397720423298 100.20868645377138 100.22141040582609 100.24342915973632 100.27041115735585 100.29667122861765 100.32094600239576 100.34215258915356 100.36245676796423 100.37265397776694 100.38095613088063 100.3897094879679 100.39990669777059 100.4121794458517 100.42120352532314 100.4286935112844 100.44141746333909 100.45441213777792 100.47191885195247 100.49366688347857 100.51595635977294 100.53770439129904 100.56017434918287 100.58291502945082 100.6217185711779 100.6799238837685 100.70067926655273 100.68822603688218 100.64815912402912 100.65970994575254 100.67622401118521 100.68145797727863 100.60691908084478
100.1761997676743 100.187660348603 100.17547784131659 100.17340230303816 100.16789761456062 100.15968570224162 100.16221244449362 100.17421447019059 100.18693842224529 100.19614298330613 100.21121319602338 100.22691509430364 100.25146059046588 100.27871331046954 100.3072294015992 100.33366995445044 100.35794472822855 100.37518072001893 100.38943876558376 100.39945549379702 100.40847957326844 100.41642076320328 100.42472291631698 100.43392747737782 100.44241011208095 100.44971961645278 100.45946562228191 100.47246029672074 100.48771099102743 100.50991022652711 100.5271462183175 100.5521429184533 100.57416167236356 100.60664835846063 100.66214644720982 100.7246833179467 100.74697279424109 100.72170537172113 100.66340981833581 100.67342654654908 100.68822603688218 100.70645467741444 100.64969321753925
100.17439495178002 100.20345248767798 100.18567505111929 100.16618303946105 100.15544438489006 100.16140027734119 100.17042435681262 100.18116301138359 100.19415768582242 100.20769380502954 100.22646389033007 100.25245323920774 100.27871331046954 100.3104780702089 100.33547477034472 100.36191532319594 100.37770746227092 100.39169478545162 100.39972621618116 100.4109160747257 100.42093280293899 100.4344689221461 100.44520757671708 100.4542316561885 100.46370693963347 100.47191885195247 100.48193558016573 100.49465953222041 100.50991022652711 100.52840958944348 100.54745039712817 100.57894443448339 100.61242376932233 100.63868384058414 100.68019460615264 100.7279319865564 100.74814592457237 100.69643794920118 100.66422198548823 100.6831725523782 100.71746405436956 100.74047545702166 100.68272134840463
