static/data/pressure/2023/7/10/6.asc
ncols 137
nrows 93
xllcorner 108.0
yllcorner 17.0
cellsize 0.25
NODATA_value -32767
[rows 38 to 56 of 93, columns 43 to 85 of 137]
100.48211606175515 100.49014749248471 100.54708943394931 100.58887092190196 100.59563898150552 100.55891097805687 100.55241364083744 100.5590914596463 100.56784481673355 100.57515432110542 100.58508080852395 100.59988029885707 100.61684556826332 100.63534493117972 100.65438573886439 100.67135100827065 100.68515784986191 100.6991451730426 100.71538851609112 100.73136113675552 100.75013122205607 100.76989395609846 100.788664041399 100.80590003318939 100.82241409862208 100.83712334816047 100.85210332008302 100.86789545915798 100.88459000618009 100.90110407161278 100.9204156016816 100.94062953969757 100.95985082897167 100.98159886049777 101.00163231692432 101.0221169773244 101.04160898898266 101.05740112805762 101.07211037759602 101.084112403293 101.09458033547985 101.10414585971955 101.11208704965438
100.58490032693453 100.60339968985092 100.61666508667389 100.61061895342806 100.58688562441824 100.56513759289213 100.5546696607053 100.55809881090444 100.56838626150184 100.58083949117238 100.5969023526315 100.60809221117606 100.62659157409246 100.64689575290312 100.66611704217722 100.68064581012621 100.69941589542674 100.71764453595898 100.73785847397495 100.75816265278563 100.77666201570202 100.79434921146598 100.81140472166696 100.82584324882122 100.83910864564419 100.85390813597729 100.86591016167428 100.88260470869639 100.90065286763922 100.91834006340318 100.93837351982971 100.95786553148795 100.97862091427221 100.99991774182475 101.01940975348299 101.03709694924694 101.05460366342149 101.06859098660219 101.08140517945158 101.09259503799613 101.1031532109777 101.11461379190638 101.12490124250378
100.58363695580853 100.60339968985092 100.5866149020341 100.57560552507898 100.59211959051166 100.59960957647293 100.5866149020341 100.58309551104024 100.59311223925351 100.61486027077962 100.63841311819999 100.63191578098058 100.63516444959029 100.65483694283796 100.67784834549008 100.6901210935712 100.715117793707 100.73839991874324 100.75960650550105 100.78090333305359 100.7995831775594 100.81384122312424 100.82737734233136 100.84037201677019 100.85065946736759 100.86437606816415 100.87809266896069 100.89433601200922 100.91211344856791 100.93088353386844 100.95163891665268 100.97239429943693 100.99360088619474 101.01462699136314 101.03339707666368 101.05063306845408 101.0661544851449 101.07941988196787 101.09160238925428 101.10360441495126 101.11515523667467 101.12914255985535 101.1415957895259
100.54708943394931 100.55963290441458 100.56315229540841 100.62514772137703 100.66313909595168 100.64139106442556 100.60890437832849 100.61837966177346 100.65240044138068 100.67586304800636 100.69688915317475 100.65709296270582 100.65411501648025 100.66440246707765 100.68885772244519 100.70591323264615 100.73488052774938 100.75816265278563 100.77837659080159 100.79859052881756 100.81411194550839 100.82485060007936 100.83685262577633 100.84786200273146 100.85914210207072 100.87340014763555 100.88991421306822 100.90687948247448 100.92709342049045 100.94685615453284 100.96788225970123 100.98990101361147 101.01083687798514 101.02960696328569 101.04810632620207 101.0648911140189 101.07887843719959 101.0924145564067 101.10558971243496 101.11813318290022 101.13212050608091 101.14583710687745 101.15883178131628
100.54564558123388 100.53012416454305 100.52335610493951 100.58589297567639 100.66638776456136 100.65158827422826 100.63408156005372 100.69391120694918 100.72811246814584 100.73235378549738 100.73966328986923 100.68515784986191 100.65934898257368 100.66963643317108 100.70158167449988 100.72287850205241 100.75184579715564 100.77233045755574 100.79263463636642 100.8066219595471 100.81889470762822 100.83062601094106 100.84316948140632 100.85408861756673 100.87015147902584 100.88558265492195 100.90363081386478 100.92339354790717 100.94360748592312 100.96562623983338 100.98710354897533 101.00885158050143 101.02861431454383 101.04738439984436 101.0641691876612 101.08014180832558 101.09412913150626 101.10865789945524 101.12183305548349 101.13464724833291 101.14890529389774 101.16135852356828 101.17263862290754
100.5443822101079 100.4983594048037 100.488162195001 100.50359337089711 100.58490032693453 100.6288475939603 100.68633098019319 100.74940929569836 100.77187925358217 100.77386455106588 100.74435581119437 100.67658497436408 100.65158827422826 100.68109701409976 100.71358370019686 100.7368658252331 100.76411854523677 100.78388127927914 100.79786860245984 100.81185592564053 100.82241409862208 100.83784527451819 100.85083994895702 100.86834666313155 100.88486072856423 100.90263816512292 100.92384475188074 100.94387820830727 100.9650847950651 100.98737427135947 101.00885158050143 101.02888503692797 101.04864777097036 101.06389846527705 101.08041253070972 101.09584370660583 101.10937982581295 101.12390859376193 101.1370837497902 101.1498979426396 101.16289261707843 101.17263862290754 101.18364799986267
100.51983671394565 100.49114014122657 100.50061542467155 100.51586611897822 100.52236345619765 100.58887092190196 100.69661843079061 100.80265136457967 100.8251213224635 100.782347185769 100.72865391291411 100.66088307608382 100.66413174469352 100.69364048456504 100.72838319052997 100.74940929569836 100.7745864774236 100.788664041399 100.80283184616911 100.82088000511193 100.83333323478247 100.85083994895702 100.86915883028398 100.88666554445852 100.90615755611677 100.9248374006226 100.94685615453284 100.96833346367481 100.98990101361147 101.01038567401157 101.03141177917996 101.04991114209636 101.06588376276076 101.08140517945158 101.09512178024812 101.1109139193231 101.12390859376193 101.1370837497902 101.15016866502374 101.16135852356828 101.17336054926525 101.18166270237896 101.1863552237041
100.5360800569942 100.56459614812385 100.5911269417698 100.56613024163399 100.53635077937834 100.5443822101079 100.69959637701616 100.81916543001236 100.86166884432272 100.81916543001236 100.7183664623167 100.67062908191294 100.67983364297378 100.71611044244884 100.74940929569836 100.76709649146231 100.78640802153114 100.80165871583782 100.81862398524407 100.83685262577633 100.85309596882487 100.87340014763555 100.89207999214138 100.91112079982605 100.93115425625258 100.95064626791084 100.9715821322845 100.99333016381061 101.013092897853 101.03339707666368 101.05108427242764 101.06660568911848 101.08266855057758 101.09584370660583 101.10883838104466 101.12363787137778 101.13636182343248 101.14890529389774 101.15937322608457 101.17011188065555 101.18012860886883 101.18436992622038 101.18716739085653
100.64509093700885 100.63985697091543 100.60989702707035 100.56983011421727 100.53436548189462 100.52660477354922 100.68091653251034 100.78063261066944 100.8238579513375 100.7963345089497 100.68759435131919 100.6813677364839 100.72134440854227 100.75888457914334 100.77738394205974 100.79588330497613 100.80987062815682 100.8263846935895 100.84389140776403 100.86139812193858 100.87836339134483 100.89839684777137 100.91689621068775 100.93584677757771 100.9556095116201 100.9766356167885 100.99766172195689 101.01661228884686 101.03511165176324 101.05189643958008 101.06841050501275 101.08239782819344 101.09512178024812 101.10811645468695 101.12084040674165 101.13383508118048 101.14583710687745 101.15558311270658 101.16514863694628 101.17408247562297 101.18310655509438 101.1863552237041 101.18816003959839
100.73885112271681 100.66359029992525 100.59609018547907 100.55539158706301 100.55286484481101 100.59536825912137 100.71484707132285 100.73858040033267 100.74408508881022 100.74787520218823 100.71764453595898 100.73614389887538 100.76962323371431 100.79164198762456 100.80012462232769 100.82060928272779 100.83315275319305 100.85038874498345 100.86762473677383 100.88413880220652 100.90336009148064 100.92158873201288 100.94162218843942 100.96237757122367 100.9824110276502 101.00036894579831 101.01814638235699 101.03565309653153 101.05234764355365 101.0674178562709 101.08059301229916 101.09286576038028 101.10486778607725 101.11759173813195 101.13040593098134 101.14141530793646 101.15161251773917 101.16036587482643 101.16884850952957 101.17687994025911 101.18436992622038 101.19240135694994 101.1991694165535
100.6268622964766 100.66241716959397 100.65934898257368 100.64662503051898 100.61684556826332 100.60159487395664 100.67983364297378 100.69364048456504 100.69941589542674 100.71764453595898 100.75238724192391 100.76565263874689 100.786137299147 100.80265136457967 100.81763133650222 100.83865744167062 100.85237404246716 100.87015147902584 100.88765819320038 100.90408201783835 100.92583004936445 100.94460013466498 100.96409214632324 100.98313295400791 101.00208352089788 101.0208536061984 101.03790911639938 101.05261836593779 101.06588376276076 101.07914915958374 101.08889516541285 101.10035574634155 101.11262849442267 101.12463052011964 101.13609110104834 101.14511518051974 101.15440998237531 101.16235117231014 101.1691192319137 101.17633849549082 101.18265535112081 101.19384520966537 101.20061326926893
100.59338296163766 100.66837306204508 100.715117793707 100.68308231158348 100.6108896758122 100.57840298971512 100.60159487395664 100.65438573886439 100.67784834549008 100.71286177383915 100.74588990470451 100.76935251133017 100.79209319159814 100.81384122312424 100.83315275319305 100.85237404246716 100.86861738551569 100.88684602604795 100.90588683373262 100.92438619664902 100.94514157943327 100.96436286870738 100.98340367639206 101.0028956880503 101.02013167984069 101.03637502288923 101.05135499481179 101.06389846527705 101.07562976858988 101.08564649680315 101.09611442898998 101.10640187958738 101.1178624605161 101.12959376382892 101.14087386316818 101.14809312674531 101.15612455747485 101.16189996833657 101.1691192319137 101.17633849549082 101.18364799986267 101.19384520966537 101.19637195191736
100.60908485991791 100.69833300589016 100.72838319052997 100.6991451730426 100.66259765118339 100.70013782178445 100.63489372720615 100.65934898257368 100.68687242496148 100.72558572589384 100.74814592457237 100.77936923954344 100.80165871583782 100.82584324882122 100.84714007637375 100.86789545915798 100.88684602604795 100.90308936909649 100.92185945439702 100.94189291082355 100.96138492248181 100.98087693414006 100.99910557467231 101.01760493758871 101.03466044778968 101.04783560381793 101.06164244540919 101.07283230395373 101.08339047693529 101.09088046289656 101.1006264687257 101.1109139193231 101.12210377786764 101.13383508118048 101.1428591606519 101.14890529389774 101.156395279859 101.16108780118414 101.16758513840357 101.17408247562297 101.18139197999481 101.18933316992965 101.19438665443364
100.63913504455772 100.72540524430441 100.73641462125953 100.70834973410344 100.72188585331055 100.78712994788886 100.70383769436773 100.67884099423193 100.70636443661972 100.73785847397495 100.76041867265349 100.79335656272413 100.81510459425024 100.84010129438605 100.86184932591215 100.88233398631225 100.90065286763922 100.91734741466134 100.93665894473014 100.95633143797782 100.97609417202021 100.9958569060626 101.01462699136314 101.0304191304381 101.04566982474479 101.05866449918362 101.0681397826286 101.07914915958374 101.08763179428685 101.09566322501641 101.1045970636931 101.11515523667467 101.12616461362978 101.13509845230648 101.14358108700961 101.14935649787131 101.15486118634888 101.16009515244228 101.16487791456214 101.17110452939741 101.17561656913311 101.18238462873667 101.18933316992965
100.68461640509362 100.72008103741626 100.7310904143714 100.67983364297378 100.68615049860377 100.7560871145072 100.72260777966827 100.69688915317475 100.72287850205241 100.75437253940763 100.77684249729145 100.8091487017991 100.83134793729877 100.85490078471915 100.87664881624526 100.8954189015458 100.91310609730976 100.9306128114843 100.95010482314255 100.96986755718493 100.98935956884318 101.00912230288557 101.0259070907024 101.04115778500908 101.0541524594479 101.0641691876612 101.07364447110616 101.08266855057758 101.09060974051242 101.09990454236798 101.1071238059451 101.11759173813195 101.12787918872935 101.13690326820077 101.14385180939375 101.1498979426396 101.15386853760702 101.16108780118414 101.165870563304 101.16785586078771 101.17191669654983 101.17787258900097 101.18563329734639
100.71114719873958 100.7196298334427 100.68840651847162 100.63489372720615 100.63038168747043 100.69111374231304 100.69986709940031 100.71737381357484 100.74291195847894 100.77341334709232 100.79615402736027 100.8263846935895 100.84885465147332 100.8706026829994 100.8891020459158 100.90787213121634 100.92583004936445 100.943336763539 100.96309949758138 100.98286223162377 101.00208352089788 101.01814638235699 101.03366779904782 101.04738439984436 101.05839377679948 101.06759833786033 101.07689313971588 101.08609770077672 101.09358768673799 101.10288248859355 101.1096505481971 101.11912583164208 101.12959376382892 101.13735447217434 101.14358108700961 101.15016866502374 101.15585383509072 101.16433646979385 101.16559984091985 101.16758513840357 101.16966067668199 101.17660921787497 101.18310655509438
100.66738041330322 100.66286837356753 100.6403984156837 100.64012769329956 100.65312236773839 100.68434568270948 100.70410841675186 100.72739054178811 100.75689928165963 100.78685922550471 100.81510459425024 100.84316948140632 100.86464679054829 100.88359735743825 100.90191623876521 100.91861078578731 100.93512485122 100.95488758526238 100.9753722456625 100.99441305334717 101.01011495162743 101.02608757229183 101.03863104275709 101.04909897494393 101.06010835189905 101.0694031537546 101.0783369924313 101.08763179428685 101.09539250263227 101.10360441495126 101.11362114316452 101.12183305548349 101.1313985797232 101.13915928806861 101.14538590290388 101.15260516648102 101.163343821052 101.16785586078771 101.16758513840357 101.16514863694628 101.165870563304 101.1748946427754 101.18012860886883
100.60385089382449 100.63209626257 100.64987369912869 100.66386102230938 100.68236038522576 100.69734035714832 100.71412514496515 100.74489725596266 100.77341334709232 100.80283184616911 100.8354087730609 100.85941282445486 100.87710002021883 100.89559938313522 100.91211344856791 100.92835679161645 100.94559278340684 100.96589696221753 100.98538897387577 101.00063966818246 101.01408554659486 101.02735094341783 101.04034561785666 101.04964041971222 101.06010835189905 101.06985435772818 101.07860771481545 101.08763179428685 101.09809972647369 101.10513850846138 101.11560644064824 101.1250817240932 101.13536917469062 101.14637855164574 101.15540263111714 101.16036587482643 101.1691192319137 101.16659248966171 101.16063659721057 101.15883178131628 101.16388526582028 101.17462392039126 101.17940668251111
100.6551076652221 100.68615049860377 100.67938243900021 100.65835633383182 100.67261437939665 100.71141792112373 100.73190258152381 100.76186252536891 100.79037861649857 100.8213312090855 100.85562271107686 100.8743927963774 100.8896434906841 100.90363081386478 100.9178888594296 100.93485412883587 100.95434614049411 100.97013827956907 100.98565969625992 101.00235424328203 101.01661228884686 101.02816311057026 101.0393529691148 101.05135499481179 101.05785233203119 101.0681397826286 101.07788578845773 101.0873610719027 101.09710707773183 101.10558971243496 101.11984775799979 101.13609110104834 101.15016866502374 101.15991467085286 101.16514863694628 101.16614128568814 101.17137525178155 101.162080449926 101.15459046396474 101.15486118634888 101.16135852356828 101.17083380701328 101.17760186661683
