static/data/ASCData/20210125/ASCV/03.asc
ncols 97
nrows 97
xllcorner 99.0
yllcorner 2.0
cellsize 0.25
NODATA_value -32767
[rows 57 to 75 of 97, columns 0 to 42 of 97]
0.1353417328250146 0.31598351706921224 0.6441885250661372 1.081717002488772 1.5865755994933342 1.8784176509216224 2.0522560432916874 2.030907468790101 1.8981240273846256 1.816014125455445 1.6304457470954967 1.1715686951712752 0.6479421205828999 0.06707321436389568 -0.4847053266001988 -0.75918699876346 -0.4272283952497722 -0.6967834732972826 -0.7415920197786355 -0.9954289165997028 -1.0726122244131326 -0.6390719422270585 0.005373488057111242 0.4663619374595116 0.784713757224935 0.6617835040509619 0.23598501261821037 -0.38124685016943105 -0.6156119702472926 -0.9916753210829402 -1.6645073174626268 -2.020864291835271 -2.1039125926436424 -1.9016876341780602 -1.617587373503095 -1.659580723346876 -1.2455122179040075 -0.37632025605368025 -0.789450362617358 -1.281640574752847 -1.841160906470264 -4.779756996655743 -8.064856872982364
-0.09128159649952416 0.3180949145473908 0.45674334894780766 0.8131003233204519 1.3991304233750046 1.7184206420196186 2.1538377219640745 2.1256857555883553 1.885455642515552 1.7163092445414396 1.526048871785538 1.1530353173072603 0.6735134900408448 0.1745198860312236 -0.3793700524110497 -0.7073404606881772 -0.4779019347260667 -0.23767182165326362 -0.05210344329331518 -0.2756769762604845 -0.4739137394895063 -0.1351517441016865 0.2897083484518743 0.7427204073811542 0.7633651827233481 0.5972685811066054 0.2526415927238441 -0.2904567586077369 -0.5316252705597306 -0.8929088390481257 -1.5657408354278122 -2.020864291835271 -2.1079007878802027 -2.0081959069661974 -1.7395792277978777 -0.8802404541790522 -0.28857996084935555 0.5015518954291605 0.06496181688571667 -0.87343706230492 -3.457318376156338 -6.4036562570951405 -8.43106703558651
0.03376005415262817 0.43117197948986274 0.4048968108725248 0.6197901542071806 1.216377241652628 2.150084126447312 2.5855012063917666 2.478054534724439 2.1998192670444157 1.8561306775408448 1.512207488317476 1.1774336881662164 0.8297569034260859 0.33850509016978747 -0.05304184217250585 -0.38124685016943105 -0.5013619067058326 -0.19966666704604275 0.03962504714756965 0.0328216552734375 -0.07157522003652095 -0.01597508644447565 0.40677360863090617 0.6763286866784164 0.6948620645424317 0.4400867688421737 0.11586995608180883 -0.35286028407391434 -0.5902752005091454 -0.9564853631132914 -1.5648024365486215 -2.0199258929560804 -2.261094404908074 -2.16631611810982 -1.5502572539211668 -0.308990136471752 0.609936965975679 0.9245351902243402 0.36290346102874405 -1.9955275220971238 -4.588323625300853 -6.829454748527891 -8.809007184180539
0.4820801186859549 0.7251254283963295 0.6753902877992262 0.9644171425899419 1.7564257966268395 2.6910710803007136 2.9350547888902794 2.8189279275904378 2.5923045982658985 2.222340840144991 1.8150757265762543 1.4723255359518743 1.1295753453274944 0.8940372266506442 0.5024902943083511 0.18906506865867856 -0.028643471313549274 -0.03755826066586021 -0.25526680063808804 -0.2855301644919861 0.11094336196605803 0.08466819334872011 0.3073033274366985 0.5777968043633999 0.48583371420271715 0.2134634395176349 -0.042484854781611237 -0.4457617731137873 -0.6381335433478679 -0.9672769502239836 -1.5404040656896651 -1.932889396911149 -2.17429250858294 -2.235757635169927 -1.6262675631356083 -0.27380017850210314 0.6899354704266807 0.5698204138902792 -0.75918699876346 -3.337203319619937 -5.7817323999115455 -8.024740320896965 -8.617573812825649
0.7408436096227728 1.1969054649094224 1.3590138712896047 1.8570690764200355 2.550311248422118 2.8473144936859542 2.9850245292071804 2.9946431177188844 2.8405111018118223 2.6382861433462406 2.333541107329081 1.9635773492081727 1.6402989353269983 1.4390123757406068 1.1802488848037884 0.9137436031136479 0.7476470014969048 0.5885883914740921 -0.434970186003095 -0.6508019282169415 0.1196235515985713 0.39129002712426053 0.5698204138902792 0.3366282924114061 0.21534023727601626 0.08161839699135065 -0.11661836623767141 -0.45256516498791943 -0.6498635293377508 -0.9515587689975405 -1.1469803355889905 -1.5805206177750648 -1.888080850429796 -1.9779325431122994 -1.671310709336759 -0.5403054601922439 -0.30500194123519186 -1.071673825533942 -2.733812840300357 -4.795240578162389 -6.968103182928308 -7.96914018730492 -8.420275448475818
0.7788487642299937 1.617777362226423 2.182224288059591 2.5629796332911914 2.8198663264696284 2.9770481387340597 3.023029683814401 3.045551256914976 2.956637963111664 2.8853196482931756 2.6645613119635776 2.380461051288613 2.115832567356853 1.8706758601682993 1.5748456135034512 1.3442340889423525 1.1997206615469944 0.9986687016804001 0.15293671180983903 0.13721853058339573 1.0064104924337232 1.183298681161158 0.7476470014969048 0.248653397487284 -0.18207168806121832 -0.25245160400051603 -0.16846490431295424 -0.5072268997007741 -0.8255787194661975 -0.8938472379273164 -0.9086270202745689 -1.0012939095946443 -1.2377704271506849 -1.4406991847756598 -1.1526107288641345 -1.1106173790203533 -1.8383457098326923 -3.0892314157938108 -4.49542213626098 -6.109702808188674 -7.252438043323071 -8.013948733786272 -8.205382105141162
0.8199037151945838 1.787627559359928 2.5700176248851214 2.9742329420964877 3.111004578738523 3.156751524099067 3.1949912784260857 3.191003083189525 3.130476355481729 3.059158040663241 2.8043827449629832 2.607084380613151 2.354185882671275 2.0259808746743495 1.7700325803751038 1.6822922851707791 1.6733774958184682 1.4751407325894463 1.297548744702618 1.2710389763654828 1.7789473697274147 1.7681557826167225 1.1422437301965676 0.36290346102874405 -0.227818633421762 -0.53068687168054 -0.44177357787722715 -0.5238834798064078 -0.7573102010050787 -0.7913271603757392 -0.7523836068893278 -0.7903887614965487 -0.9848719292088081 -1.3607006803246582 -1.9359391932685184 -2.528772685197203 -3.3939764518109703 -4.317830148374152 -5.442735804803928 -6.592274431812458 -7.404693261471752 -7.779583613708412 -7.869435306390915
0.8335104989428481 1.9194726018862125 2.7877261648573493 3.13540294959748 3.2222048459226142 3.2193896492850422 3.1987448739428483 3.1520595297031138 3.149948132224935 3.0992745927486407 2.8667862704291602 2.6481393315777417 2.3717808616560996 2.1538377219640745 2.1216975603517945 2.151960924205693 2.0513176444124968 1.696837467798234 1.5788338087400116 1.4167254023598288 1.6020591809999798 1.56898062050851 1.1002503803527868 0.42741838397310006 -0.20740845779936556 -0.6439985363428093 -0.7113286559247376 -0.6995986699348546 -0.7024138665724264 -0.7854621673807978 -0.9496819712391592 -1.2600574005314624 -1.7240956462912322 -2.2259044469384253 -2.8694114783434044 -3.5091649142316212 -4.105752001677068 -4.950545592668439 -5.981845960898949 -6.761186230066773 -7.295369792046043 -7.490556758917696 -7.530673311003095
0.5083552873032928 1.369805458400297 2.4801659322026177 3.1002129916278314 3.4213800080308268 3.3793866581870455 3.170592907567129 3.0903598033963293 3.0474280546733574 2.960626158348224 2.791714360093909 2.660807716446816 2.4907229195935123 2.4907229195935123 2.4996377089458237 2.433245988243086 2.2260944356617536 1.9586507550924217 1.827744111445328 1.6060473762365401 1.401007221133386 1.201832059025173 0.6772670855576071 0.03563685191100929 -0.4797787324844478 -0.7922655592549299 -0.8910320412897444 -1.0306188745693516 -0.9719689446199369 -1.0766004196496928 -1.4514907718863523 -1.9427425851426505 -2.3851976566810356 -2.825541330741242 -3.3791966694637177 -3.934963405664372 -4.57166704519522 -5.377282482980381 -6.116506200062806 -6.744529649961139 -7.041298295505178 -7.190738317016287 -7.223113078348364
-0.08635500238377336 0.39903181787758357 1.5671038227501286 2.890246242408926 3.3629646778012097 3.4185648113932547 3.148071334466554 2.9214480051420146 2.8785162564190427 2.87077446566572 2.8022713474848038 2.745732815013568 2.8003945497264224 2.7867877659781586 2.772007983630906 2.6880212839433435 2.308204337590934 2.011435692046895 1.7700325803751038 1.5133804869164644 1.2710389763654828 0.9128052042344572 0.39621662124001156 -0.21233505191511637 -0.723997040793811 -0.8138487334763146 -0.8305053135819483 -1.0092703000677647 -1.2631071968888319 -1.594127401523329 -2.1008627962862727 -2.5238460910814524 -2.8030197576406666 -3.2278798501942276 -3.7278118530830393 -4.267860408057251 -4.860693899985936 -5.483790755768518 -6.107826010430292 -6.494446348656834 -6.770804818578477 -6.895846469230629 -6.952619601421663
-0.5374902635546721 -0.2620701925122202 0.509293686182483 1.8873324402739333 3.3805596567860334 3.4722881472269185 3.111004578738523 2.834646108816881 2.794529556731481 2.8071979416005544 2.8423878995702037 2.946784774880162 3.032882872045903 3.0572812429048595 3.035698068683475 2.734941227902876 2.305389140953362 1.8863940413947426 1.5748456135034512 1.3404804934255898 1.0465270445191226 0.6861818749099184 0.15786330592558984 -0.44763857087216863 -0.723997040793811 -0.7415920197786355 -0.7922655592549299 -1.1117903776193416 -1.6577039255884947 -2.219101055064293 -2.6430227487386633 -2.8752764713383456 -3.1556231364965486 -3.5208949002215038 -3.991501938135608 -4.469146967643642 -5.005207327381294 -5.533525896365622 -5.918269436833784 -6.257266031941401 -6.464182984802936 -6.59415122957084 -6.7201312791021826
-0.7005370688140451 -0.3939152350385047 0.15974010368397096 1.1598387091813922 2.659869317567625 3.3805596567860334 3.023029683814401 2.71546945115967 2.699751269933227 2.6880212839433435 2.8383997043336437 2.9449079771217805 3.0436744591565956 3.069011228894743 2.963441354985796 2.659869317567625 2.162752511316385 1.732027425767883 1.3188973192042053 1.1197221570959923 0.8541552742850425 0.5728702102476488 0.05041663425826193 -0.4007186269126368 -0.6752002990758981 -0.9750187409773065 -1.2288556377983737 -1.7240956462912322 -2.234819236290736 -2.7171562601947237 -2.9067128337912322 -3.1389665563909146 -3.397730047327733 -3.760186614415116 -4.156660140873161 -4.61178359728062 -5.0169373133711765 -5.407545846834279 -5.724959267720512 -5.9466560029293 -6.1566227521482055 -6.355797914256418 -6.4799011660293795
-0.6576053200910736 -0.21608864743187906 0.07669180287559962 0.9508103588416776 1.9781225318356273 2.6988128710540362 2.762389395119202 2.475239338086867 2.5036259041823836 2.482042729960999 2.6342979481096798 2.680279493190021 2.7602779976410226 2.7926527589731 2.6870828850641537 2.4616325543386024 1.981172328192997 1.5708574182668913 1.0981389828746078 0.885357037018131 0.7096418468896843 0.4527551537112473 0.0825567958705411 -0.36764006642116676 -0.9203570062644518 -1.3196457293600679 -1.8871424515506052 -2.3586878883439004 -2.66437132324025 -2.9212580164186868 -3.101899800662885 -3.326646332229042 -3.58540982316586 -3.855903300092561 -4.248388631314045 -4.585273828943484 -4.897760655713966 -5.210247482484448 -5.4486007977988695 -5.682027518997541 -5.934926016939417 -6.134101179047629 -6.273922612047035
-0.6048203831366001 -0.1274099533483637 0.06613481548470501 0.24185000561315184 1.2105122486576867 1.998532707458024 2.1939542740494735 2.1899660788129136 2.2106108541551075 2.237824421651636 2.275125777099464 2.316884527223447 2.36966946417792 2.4067362199059508 2.3717808616560996 2.1665061068331477 1.8570690764200355 1.45871875220361 1.0113370865494737 0.7319288202704619 0.5688820150110885 0.23199681738165 -0.13210194774431705 -0.6371951444686772 -1.2063340646977982 -1.7074390661855985 -2.2064326701952197 -2.490532930870185 -2.7319360425419763 -2.974981352252351 -3.1370897586325333 -3.360663291599703 -3.5912748161608015 -3.8549649012133704 -4.159475337510732 -4.42035022592573 -4.713365275953006 -5.012010719255426 -5.242622243816525 -5.462207581547133 -5.710414085093057 -5.91052764608046 -6.0648942617073205
-0.7064020618089866 -0.24072161801063308 0.0405634460267601 0.02109166928355455 0.40677360863090617 1.1187837582168016 1.652967320196072 1.8190639218128146 1.9262759937603449 2.030907468790101 2.0161276864428483 2.0660974267597494 2.0660974267597494 2.0191774828002176 1.995717510820452 1.9262759937603449 1.720297439778 1.3803624457911916 1.015325281786034 0.7115186446480657 0.37651024477700834 -0.032631666550109406 -0.5266986764439796 -1.0540788465491175 -1.5286740796997822 -1.9739443478757392 -2.241622628164868 -2.486779335353422 -2.7131680649581633 -2.8665962817058324 -3.015097904337751 -3.2142730664459633 -3.436908200533942 -3.687929900717437 -3.9886867414980367 -4.27091020441462 -4.57565524043178 -4.810020360509641 -5.034532292356001 -5.275700804307995 -5.520857511496549 -5.701499295740746 -5.79440078478062
-0.8675720693099785 -0.5921519982675267 -0.2386102205324543 0.08349519474973177 0.45674334894780766 0.9440069669675457 1.3784856480328107 1.5992439843624078 1.7545489988684582 1.895074231027256 1.972257538840686 2.0133124898052763 1.9799993295940086 1.9506743646193014 1.873725656525669 1.7350772221252526 1.540594054412993 1.2398372136323939 0.9350921776152348 0.6343353368346356 0.20173345352775196 -0.28154196925542596 -0.7502722094111489 -1.1772436994428888 -1.575594023659314 -1.9213940106410636 -2.168427515587999 -2.3744060695703437 -2.5062511120966278 -2.696746084572327 -2.879264666574906 -3.064833044934854 -3.2884065779020237 -3.556084858191153 -3.842061916624499 -4.120531784024321 -4.444748596784686 -4.652838548245209 -4.876412081212378 -5.099047215300358 -5.3352891331366 -5.512177321864035 -5.592175826315037
-1.227917238919183 -1.0080973014687764 -0.7993035508488597 -0.1928632751719106 0.48395691644433625 1.0387852537658 1.3130323262092636 1.3794240469120014 1.5680422216293193 1.80146894282799 1.9614659517299937 2.0299690699109103 1.9663925458457443 1.859884273057607 1.701764061913985 1.5251104729063474 1.3287505074357069 1.0641220235039472 0.7994935395721876 0.4459517618371154 0.011238481052052718 -0.45256516498791943 -0.8870438460531842 -1.267095392125392 -1.6145375771457253 -1.893007444545547 -2.0971092007695105 -2.2747011886563384 -2.3861360555602262 -2.5559862526937316 -2.7387394344161082 -2.933926401287761 -3.1790831084763145 -3.4613065713928988 -3.734849844676969 -3.99736693113055 -4.279590394047133 -4.473135162880203 -4.643923758892899 -4.790313984046638 -4.930135417046043 -5.07371044556221 -5.206493886967685
-1.5950658004025198 -1.1985922739444757 -0.9095654191537595 -0.5393670613130532 -0.039435058424241554 0.6003183774639751 1.192917269672862 1.396080627017635 1.596194188005038 1.859884273057607 2.0219926794377896 2.054367440769867 1.983987524830569 1.8033457405863713 1.6069857751157308 1.369805458400297 1.132390541965066 0.8677620580333063 0.6509919169402696 0.33076329941646443 -0.043423253660801686 -0.4868167240783776 -0.8694488670683598 -1.209383861055168 -1.461343960117854 -1.696647479074906 -1.8998108364196789 -2.0891328102963898 -2.188837691210395 -2.334289517484944 -2.585311217668439 -2.8548662957159494 -3.0833664227988695 -3.2816031860278914 -3.514091508347372 -3.753383222540984 -3.96123857428171 -4.11959338514513 -4.168390126863043 -4.257303420666356 -4.349970309986431 -4.5268584987138665 -4.782572193293315
-1.6429241432412423 -1.3850990511836148 -1.0247538815744102 -1.0639320347806192 -0.7298620337887525 -0.23767182165326362 0.39410522376183255 0.9233621916253518 1.233033821758262 1.7418806139993845 2.2038074622809756 2.1831626869387817 1.8990624262638163 1.7144324467830587 1.4713871370726836 1.216377241652628 0.95761375071581 0.7300520225120806 0.48888351056008683 0.206660047643503 -0.15861171608145241 -0.5229450809272171 -0.8743754611841106 -1.125397161367606 -1.3696154696769691 -1.5629256387902404 -1.7630391997776436 -1.9662025571224164 -2.1147041797543347 -2.258279208270502 -2.4954595249859355 -2.7446044274110495 -2.946594786156834 -3.1516349412599887 -3.325473333630054 -3.536613081447947 -3.667285125375243 -3.7944381735055748 -3.837369922228546 -3.8469885107402506 -3.9565465798857566 -4.208272079228645 -4.475950359517775
