static/data/ASCData/20210125/ASCV/06.asc
ncols 97
nrows 97
xllcorner 99.0
yllcorner 2.0
cellsize 0.25
NODATA_value -32767
[rows 0 to 18 of 97, columns 43 to 85 of 97]
-3.125599893262567 -2.4898457693860467 -2.2143962821048295 -2.1236056689786182 -2.0835962462450337 -2.2623196565879145 -3.2135326904792363 -3.6323126372236247 -3.459524690692869 -3.1996832749176107 -3.2955300238837806 -3.5259139525914547 -4.466355218823734 -4.51427859330682 -3.2935515359464054 -1.583478462075226 -0.24558095242360034 0.6557302190472618 0.8548980047430184 0.34224979696983526 0.09318014885361903 0.2455237200314988 0.5374606067908414 0.6234149160701357 0.5932979330234267 0.4114968747779626 0.36862963613483624 0.36950896410700285 0.1811129460702885 -0.3774801482486043 -0.71052561770674 -0.8072516946450765 -0.9096934034024962 -1.0807226939889185 -1.2994555270653838 -1.4654286818118474 -0.8892490280496208 -0.2847110471850183 -0.20161455381526538 -0.8501189332882029 -2.2447330971445805 -4.081649231000806 -5.043414200558128
-2.521941240370131 -2.2115384661952877 -1.8325481101914423 -1.750550776786898 -2.150864836115786 -2.678241787422761 -2.7857396320201393 -3.1236214053251916 -3.3111380953897394 -3.399070892606409 -3.7074951788438772 -4.00734601735272 -4.2115699388884345 -3.5083273931481207 -2.3482739658672087 -1.0367562953805838 0.15077613103053755 1.115618748490443 1.6489311636095434 1.680147306621461 1.7445580805826713 1.7133419375707537 1.3442440212537838 1.0940752131723595 0.8784200279984771 0.5970350769051351 0.5825261653643845 0.6429799634508448 0.43106192215867134 -0.26228818389476727 -0.60412693307457 -0.5269659035169423 -0.48783580875552435 -0.5962129813250696 -0.5249874155795675 -0.08158628561451176 0.1811129460702885 0.016019119295991313 -0.5817040697843194 -2.195930394689329 -4.0620841836200965 -5.079686479410004 -5.198835419638591
-3.0024939771592294 -2.6158095013989255 -2.231103513575997 -2.151963996080994 -2.3706968291574597 -2.510290144738922 -2.4762161858174627 -2.8629006615777666 -3.0592106313639813 -2.982049601806354 -2.9633638823978115 -2.685056579207053 -2.287600335787707 -1.5425897113694749 -0.6957968741729479 0.35192240466366886 0.8636912844646849 1.2338883607468634 1.4858158247726219 1.5961714852795414 1.5893566934952497 1.3950252116464106 1.1204550523373595 1.0208711594894821 0.8148885820094334 0.6078068445641769 0.4594202492610471 0.41347536271533736 0.28069683891816677 -0.025968791374967992 -0.2651459998043091 -0.33263442166810275 -0.2583312080200173 0.13318957158720357 0.644079123416053 1.3930467237090354 1.0687945339725666 0.27673986304341636 -1.7193346337749804 -3.6362696130983747 -5.185205836070008 -5.718298419196066 -5.80425272847536
-3.416657452049743 -2.6010807578651334 -2.0512809432679076 -0.7201982254005737 -0.3022976066283518 0.009204327511699528 0.023933071045491694 -0.33461290960547796 -0.6637014031888633 -0.6177565166431536 -0.21920111325859937 0.3110336539579177 0.2719035591964998 -0.07477149383021997 0.7045329215025133 1.0747299977846922 1.4906521286195384 1.3919475637438272 1.327536789782617 1.2679623196683232 1.0043837600113563 0.8060953022877668 1.072751509847317 1.0931958852001924 0.9105154989825617 0.8256603496684756 0.6537517311098866 0.4066605709310456 0.2435452320941236 0.13121108364982836 -0.08554326148926172 -0.19985589787093216 0.00524735163694956 0.4574417613236723 0.931179706328479 1.169477586785653 0.5834054933365511 -0.7241552012753236 -2.7554028169803884 -4.743783194042327 -6.043429936904701 -6.266119745855917 -6.324814887998043
-2.8793880610558924 -1.8316687822192756 0.13231024361503696 1.5161526398123724 2.1811444187634357 2.1947740023320192 2.1967524902693945 1.892065347913635 1.5541835746085817 1.2270735689625716 1.4886736406821632 1.8812935802545927 1.5550629025807488 1.1644214509456945 0.9428308019596878 1.291484342923782 1.380296468112618 1.2455394563780726 1.1644214509456945 0.931179706328479 0.6673813146784706 0.6761745944001376 0.9476671058066044 1.116717908455651 0.9936119923523141 0.8353329573623092 0.5932979330234267 0.35192240466366886 0.247502207968874 0.12835326774028655 0.05031291021049267 0.2719035591964998 0.45854092128888047 0.5218525352848826 0.8412684211744343 0.4534847854489219 -0.9233229869710802 -2.38916271657296 -4.11770167785964 -6.058158680438494 -6.633459006228554 -6.8238335122026434 -7.009371714329815
-1.1128181649730027 -0.0580642623590526 1.909651907356968 2.6577401796777838 3.180060995144801 2.863722757157832 2.864602085129999 2.5434275432961138 2.0932116215467658 1.7650024559355475 1.5249459195340394 1.628266956263626 1.5062602001254972 1.6069432529385836 1.3842534439873684 1.2807125752647397 1.2954413187985323 1.1479340514675695 1.0931958852001924 0.8900711236296859 0.8148885820094334 0.8236818617311004 0.8735837241515605 0.9555810575561048 0.8373114452996844 0.6058283566268021 0.3626941723227106 0.20551429729791426 0.10790889238741119 0.05031291021049267 0.22595867265078962 0.5462538865125084 0.7893880708165995 0.8529195168056432 0.5862633092460929 0.019976095170741726 -1.9780768895850303 -4.308076183833729 -6.039692793022993 -6.742715506770265 -7.202604036213447 -7.434087124886329 -7.937942052937846
1.3178641820887829 2.146850627848934 2.096069437456308 2.7261079295137445 2.9301120190564176 2.712258513952119 2.6302611805475746 2.2679780560148965 1.8197406222029238 1.7504935443947969 1.4946091044942889 1.2622466878492395 1.3442440212537838 1.6673970510250444 1.5805634137735827 1.4798803609604962 1.2259744089973634 1.0327420871137325 0.9769047608811472 1.0404362068701904 0.978883248818522 0.8909504516018525 0.8559971647082265 0.6546310590820537 0.5950565889677599 0.4114968747779626 0.2534376717809992 0.0980164527005356 -0.06795670204592774 -0.012339207806384422 0.2622309515026662 0.6722176185253872 0.9105154989825617 0.4086390588684208 0.061964005841701475 -0.9897122488696657 -3.4047865244254925 -5.821839287918694 -6.795475185100267 -7.443979564573205 -7.821870760611841 -8.169425141610727 -8.813093217236748
3.481890321591018 2.8226141744590394 2.5775015022175727 2.6274033646380333 2.854929477436165 2.5346342635744468 2.18312290670081 2.0189084078986803 1.9153675391760516 1.9476828421531782 1.963290913659137 1.6937768901900445 1.521868271631456 1.4926306165569136 1.3558951168849922 1.0268066233016069 0.7260764568205973 0.5590041421089254 0.6214364281327609 0.8353329573623092 0.9164509627946869 0.8461047250213514 0.5346027908812996 0.3158699578048343 0.4114968747779626 0.3714874520443776 0.1811129460702885 0.08240838119457683 -0.14907470747830542 0.07955056528503501 0.4633772251357975 0.7572925998325148 0.20155732142316385 -0.3902304038450213 -1.6353588124330611 -3.2994869997585305 -5.389209925612681 -6.632359846263345 -7.547520433295832 -8.06214712900639 -8.35892031961265 -9.114702711689924 -9.425325317857808
3.6450056604279406 2.9037321798914166 2.616631596978991 2.6087176452294902 2.5159485441659046 2.246434520696812 2.0532021988131812 1.875358116442467 1.6205728365071672 1.4359139623521613 1.5053808721533302 1.7718172477198393 1.8313917178341321 1.697733866064795 1.4007408434654942 1.0032846000461477 0.7317920886396809 0.6898041779687212 0.8412684211744343 0.9799824087837306 0.9808617367558972 0.7289342727301391 0.3079560060553339 0.08548602909716019 0.016019119295991313 -0.025968791374967992 0.12637477980291179 0.2446443920593322 0.3626941723227106 0.65287240313772 0.9896550164775642 0.45150629751154714 -0.5942344933876944 -2.1079975974726595 -3.6822144996440844 -5.179270372257882 -6.413627013186879 -7.411664261596078 -8.131394206814518 -8.697901252882911 -9.190105085303218 -10.099110376530538 -9.545573418051605
3.0424461675007124 2.2963363831172727 1.988791424851971 1.8852505561293422 1.7533513603043382 1.9408680503688864 2.078482878012974 1.8324908777993412 1.4174480749366611 1.151891027342319 1.2435609684406974 1.548248110796457 1.7309284970140877 1.707406473758629 1.4759233850857458 1.1927797780480707 1.054065790438775 1.1371622838085274 0.9751461049368135 0.7328912486048891 0.47414899279483924 0.29432642248675034 0.21914388086649783 0.04833442227311746 -0.0376198870061768 0.18506992194503846 0.5374606067908414 0.9281020584258957 1.2884066950211985 1.4038184913680776 0.7025544335651381 -0.6089632369214866 -2.292436639634624 -3.9273271718855507 -5.16849860459884 -6.129384246183996 -7.126542166621027 -7.998615683017347 -8.581610128563865 -9.200657020969219 -9.951822941192617 -9.977982948364577 -7.412763421561287
2.2923794072425223 1.4847166648074128 1.0940752131723595 1.0424146948075657 1.1235327002399438 1.2279528969347386 1.3354507415321168 1.5326400392904982 1.7318078249862547 1.7085056337238371 1.6049647650012084 1.3295152777199912 1.1011098369496923 1.1312268199964017 1.1136402605530678 1.115618748490443 1.0679152060003996 0.904799867163478 0.4642565531079641 0.19188471372933025 0.03470483870453389 0.01887693520553313 0.22200169677603965 0.242665904121957 0.23870892824720702 0.28267532685554153 0.5170162314379656 0.9652536652499384 1.504281712188122 1.3227004859356994 -0.9057364275277462 -2.6705476676663022 -4.220363218610101 -5.409654300965556 -6.094211127297328 -6.868679238783145 -7.672385005343504 -8.368812759299525 -8.866732223538916 -9.438954901426392 -10.19781494140625 -10.078666001177663 -6.298435048833043
1.7944599430031318 1.1831071703542366 0.8852348197827693 0.7913665587539747 0.7377275524518061 0.8472038849865595 1.0852819334506925 1.389089747834285 1.4935099445290798 1.311049390304491 1.125511188177318 0.8080737902251416 0.6810108982470542 0.8676482603394353 1.0239488073920655 0.983719552665439 0.7142055291963469 0.4642565531079641 0.23958825621937363 0.18594924991720507 0.08350754115978543 0.1791344581329133 0.3822592197034198 0.5141584155284238 0.45150629751154714 0.34708610081675184 0.26904574328695796 0.5093221116815072 0.00436802366478295 -0.8969431478060792 -2.8912589886801427 -4.190026403570351 -5.457577675448642 -6.043429936904701 -6.604001519160969 -7.298450785179616 -7.877488254851384 -8.501591283096696 -8.946751069006085 -9.500507859478061 -9.968310340670742 -9.831574840998822 -5.462413979295558
1.8412841575210082 2.0101151281770133 1.7122427776055456 1.311049390304491 1.0259272953294407 0.7309127606675143 0.9349168502101874 1.2494964322528221 1.187943474201154 0.9769047608811472 0.7005759456277634 0.6117638204389273 0.5805476774270093 0.8140092540372668 0.9780039208463553 0.9780039208463553 0.7964226945939328 0.489757064300798 0.6469369393255948 0.776857647213224 0.9173302907668535 1.0024052720739811 0.9808617367558972 0.9272227304537286 0.657708706984637 0.029648702864575327 -0.19985589787093216 -1.1627200273934628 -2.0249011041029066 -3.0943837502506493 -4.188927243605143 -5.258409889752885 -5.813925336169194 -6.37559607839067 -6.837463095771227 -7.466402427863455 -7.997516523052138 -8.293410385686231 -8.697901252882911 -8.95268653281821 -9.32969840088468 -8.721203444145328 -4.27004524903752
2.088375317699849 2.306008990811106 2.1176129727743915 1.7680801038381309 1.2415824805033222 0.8656697724020601 0.8988644033513529 1.1195757243651934 1.1274896761146933 0.7142055291963469 0.43391973806821316 0.5150377435005908 0.5873624692113015 0.8089531181973082 0.9300805463632704 1.0384577189328152 1.2543327360997396 0.9496455937439796 1.2083878495540294 1.7581876641512548 2.246434520696812 2.1536654196332266 1.8645863487834249 1.2963206467706985 0.498550344022465 -0.5425739750229015 -1.7408781690930644 -2.875650917174184 -3.7905916722136297 -4.461518914976818 -5.158825996905007 -5.664659412893897 -6.129384246183996 -6.510353090125216 -6.967383803658856 -7.436065612823704 -7.826707064458757 -8.024995522182348 -8.13820899859881 -8.20767590839998 -7.747567546963756 -6.309206816492084 -2.699785322740845
2.184002234672977 2.247533680662021 2.0200075678638885 1.8012747347874236 1.4829580088630796 1.2670829916961561 1.1615636350361531 1.0531864624666079 1.1059461407966098 0.6069275165920103 0.29916272633366736 0.3725866120095862 0.8540186767708513 1.0160348556425647 1.1116617726156934 1.195637593957612 1.477901873023121 0.9995474561644393 1.2991784626802407 1.1635421229735283 1.7445580805826713 1.424262866720953 0.9388738260849374 0.05998551790432627 -1.0532436948587092 -2.577778566602716 -3.3999502205785754 -4.357978046254189 -4.8473240627649545 -5.1733349084457565 -5.6147575504734375 -5.89218552569203 -6.249632346377791 -6.536732929290217 -6.9381461485843126 -7.243712618912239 -7.35406827941916 -7.44595805251058 -7.104998631302944 -6.807126280731476 -5.110023294449755 -2.9244536196294355 -0.08840107739880354
2.227968633281312 2.146850627848934 1.918445187078635 1.8804142522824256 1.7806105274415063 1.5873782055578745 1.2699408076056984 1.1283690040868604 1.071652349882108 0.5845046533017597 0.28465381479291674 0.48294227251650623 1.0239488073920655 1.265104503758781 1.3686453724814096 1.151891027342319 1.1351837958711521 0.47414899279483924 -0.22711506500809975 -0.36385056468002075 -0.49267211260244137 -0.8793565883627452 -1.4322340508625546 -2.241655449241997 -3.278822792412613 -3.9312841477603007 -4.711467891065201 -5.038577896711211 -5.296440824549094 -5.554303752386978 -5.798317264663235 -6.061016496348035 -6.2153385554632905 -6.483973250960215 -6.669511453087388 -6.801410648912392 -6.795475185100267 -6.507275442222633 -6.151807109474246 -4.887333485498539 -2.797390727651348 -0.2262357370359327 1.3051139264923655
1.9213030029881772 1.8421634854931743 1.96241158568697 2.0013218484553463 1.848978277277466 1.5091180160350386 1.1635421229735283 0.8480832129587261 0.7924657187191828 0.5950565889677599 0.5493315344150917 0.6898041779687212 0.41061754680579554 0.5541678382620088 0.6097853325015521 0.4321610821238795 0.054050054092201094 -0.6412785398986127 -1.4546569141528054 -1.7690166642023986 -1.9976419369657392 -2.28672100781554 -2.7993692155887233 -3.53184941640358 -4.083627718938181 -4.611004670245156 -4.923385932357374 -5.186964492014341 -5.403938669146473 -5.652788485269648 -5.866685014499195 -5.972204371159199 -6.097288775199911 -6.152906269439455 -6.2329251149066245 -6.1713721568549555 -5.926259484613489 -5.514294329653392 -4.634306861507573 -3.240791857616404 -1.7164768178654386 0.21914388086649783 0.6937611538434716
1.6909190742805031 1.813805158390799 2.0219860558012637 2.1068412051153493 1.8940438358510092 1.4906521286195384 0.8852348197827693 0.4690928569548807 0.26508876741220755 0.24156674415674884 0.06482182175124285 -0.49069362466506616 -1.1646985153308378 -1.5766636702909342 -1.6909763066726045 -1.7017480743316464 -1.9321320030393205 -2.2475909130541223 -2.445879370777712 -2.6030592458025086 -2.7565019769455965 -3.106034845881858 -3.594281702427415 -4.01525996910222 -4.443932355533484 -4.7593912655482855 -5.004503937789751 -5.207628699360258 -5.406796485056015 -5.62157234225773 -5.706647323564857 -5.7466567462984415 -5.7466567462984415 -5.7475360742706085 -5.735884978639399 -5.530781729131519 -5.087380599166463 -4.404802260772065 -3.4604040186650358 -2.4858887935112963 -1.4078326996349289 -0.864847676821995 -1.3042918309123006
1.5150534798471642 1.8773366043798423 2.1508076037236843 2.1879592105477275 1.813805158390799 1.150791867377111 0.3246632375265013 -0.4010021715040635 -0.8540759091629528 -1.2447173607980069 -2.036772031727157 -2.6322969008770514 -2.9945800254097295 -3.18121738750211 -3.2524429532476127 -3.216390506388778 -3.175281923689985 -3.1656093159961514 -3.210455042576653 -3.28761607213428 -3.4223730838688264 -3.6666064281381257 -3.9477715472384265 -4.208492290985851 -4.515157921278986 -4.790607408560203 -5.01615503342096 -5.201693235548133 -5.364808574385055 -5.428340020374098 -5.379537317918847 -5.386352109703139 -5.405917157083848 -5.37074403819718 -5.245659634156468 -4.983839730443834 -4.38435788541919 -3.6391274290079165 -2.9009315963739764 -2.3599250614984175 -2.1559209719557444 -2.299471263411957 -2.827727542691099
