static/data/ASCData/20210125/ASCV/09.asc
ncols 97
nrows 97
xllcorner 99.0
yllcorner 2.0
cellsize 0.25
NODATA_value -32767
[rows 19 to 37 of 97, columns 43 to 85 of 97]
1.0270162405467178 1.5610964433405394 1.4790892896212293 0.9829115528321313 0.4791533228420879 -0.15462185113991334 -0.7415357944251668 -1.2698731993394847 -1.7269999105479599 -2.188950571975218 -2.7133828743314736 -3.1438630033790527 -3.294324307822043 -3.2934054601613227 -3.0687472071151474 -2.775864515260471 -2.513074084294393 -2.338263316842308 -2.305184801056368 -2.3256291615074 -2.434972033133146 -2.6116204959066724 -2.704424109639448 -2.960323183150122 -3.1888865387543595 -3.460406022497283 -3.741573406677772 -3.9827709176169175 -4.085452143702439 -4.210415425560434 -4.308961837172713 -4.489745114419483 -4.649854319300038 -4.611722141380136 -4.504216965075831 -4.301151632056589 -3.9857571725142593 -3.5872069996767193 -3.2679074375763273 -2.9789298482797135 -2.9320686175829653 -2.9495267231366555 -3.240571719669891
0.40679406956034425 0.6705033481871432 0.339488478412564 -0.4066158220925251 -0.9066986614396861 -1.5023416575017847 -1.9955331393935416 -2.463226598700303 -2.8362787489528474 -3.23965287200917 -3.503362150635969 -3.543332023877313 -3.5940983571321237 -3.457419767599941 -3.2669885899156066 -3.1224997952672995 -2.913461952453374 -2.680993494291074 -2.6401047733890093 -2.673183289174949 -2.7698920054657874 -2.9456216205785934 -3.0522079492221774 -3.157645718289861 -3.37242635898329 -3.6499183525208974 -3.9329234320228275 -4.082465888805098 -4.161486787627065 -4.229022090690026 -4.304137886953931 -4.424277218593144 -4.398779196008148 -4.303219039293211 -4.156662837408282 -3.958421454607823 -3.755356121588581 -3.6145427175831557 -3.3802365640994148 -3.2913380529247016 -3.266069742254886 -3.360711051309103 -3.5424131762165922
-0.07353354508132481 0.020188916312171568 -0.4955143332672387 -1.4437651191308494 -1.9847366793800751 -2.3559511343111783 -2.818820643399157 -3.1771712310801727 -3.4672973799526874 -3.688969378101521 -3.712399993449895 -3.5940983571321237 -3.423192692238101 -3.3958569743316644 -3.3549682534295995 -3.332456485741946 -3.2504493320226366 -3.0999880275796463 -3.0669095117937064 -3.057950747101681 -3.1351339506022073 -3.3802365640994148 -3.5541284838907794 -3.6947121759810244 -3.858726483419643 -4.059035273456724 -4.135069917381349 -4.159649092305624 -4.263019454136686 -4.2963276818378064 -4.340202657637213 -4.384077633436619 -4.356741915530183 -4.23568373623025 -4.101991401595409 -3.9662316597239475 -3.8812382511072965 -3.7826918394950173 -3.681159172985396 -3.6117861746009945 -3.590193254574061 -3.646932097623555 -3.7346820492223682
-0.4964331809279594 -0.6928368684069774 -1.3861074284206347 -2.3929347526551807 -2.662616541076663 -2.953431825694718 -3.1888865387543595 -3.526792765984343 -3.6526748955030586 -3.7346820492223682 -3.6937933283203037 -3.5180637132074977 -3.306958463156951 -3.287432950366639 -3.3147686682730755 -3.4555820722785002 -3.4505284101445373 -3.5355218187611883 -3.5003758957386273 -3.58835555925262 -3.739735711356331 -3.948543842255077 -4.107734199474913 -4.241656246024934 -4.166310737845848 -4.242575093685653 -4.183079707653998 -4.211334273221155 -4.325501095065684 -4.376267428320494 -4.436911373928051 -4.432087423709268 -4.4164670134770185 -4.4624093965130465 -4.333311300181808 -4.237751143466871 -4.1761883501985935 -4.080398481568476 -4.006201532965291 -3.960259149929264 -3.974960712500793 -4.000458735085788 -4.004363837643851
-1.7483631186597126 -2.0952281105817216 -2.80710533572497 -3.2747987950317317 -3.2327615145537663 -3.028777333873803 -3.2640023350182648 -3.2991482580408262 -3.425260099474722 -3.5024433029752484 -3.5375892259978095 -3.491646842961782 -3.360711051309103 -3.313849820612355 -3.335442740639288 -3.4760264327295323 -3.6604851006191836 -3.746397356896555 -3.9349908392594486 -4.08637099136316 -4.325501095065684 -4.435992526267331 -4.551078195772579 -4.511108322531236 -4.435992526267331 -4.339283809976492 -4.2797884239448365 -4.28553122182434 -4.387982735994681 -4.483772604624799 -4.596101731147886 -4.601844529027391 -4.6654747295322885 -4.711417112568316 -4.676271189545755 -4.581400168576358 -4.509270627209794 -4.422209811356522 -4.356741915530183 -4.281626119266278 -4.311029244409335 -4.376267428320494 -4.380172530878557
-2.5902572877949193 -2.9077191545738703 -3.373345206644011 -3.2348289217903874 -2.7494476450147554 -2.536504699642767 -3.041411489208711 -3.076557412231272 -2.970200795502868 -3.0483028466641153 -3.3303890785053247 -3.484755485506378 -3.4712024825107495 -3.415382487121976 -3.4330703045908466 -3.5325355638638465 -3.7172239436686776 -3.9359096869201693 -4.167459297421749 -4.424277218593144 -4.6615696269742255 -4.727037522800566 -4.720146165345161 -4.6489354716393185 -4.554064450669921 -4.456436886718363 -4.398779196008148 -4.395792941110806 -4.491582809740924 -4.601844529027391 -4.758278343265064 -4.864634959993468 -4.927116600922465 -4.931940551141249 -4.8979431876945885 -4.886227880020401 -4.820759984194062 -4.767926243702631 -4.695796702336066 -4.612640989040857 -4.676271189545755 -4.753224681131101 -4.858892162113965
-1.2367946835535448 -1.4632906319211612 -1.6615320147216206 -1.4338875067781034 -1.2698731993394847 -2.454497545923458 -2.991564003614621 -2.9642282857081845 -2.8167532361625356 -2.805956776149069 -3.138120205499549 -3.432151456930126 -3.5120912034128144 -3.475107585068812 -3.503362150635969 -3.5872069996767193 -3.7806244322583957 -4.011025483184074 -4.283693526502899 -4.580481320915638 -4.798248216506408 -4.844190599542436 -4.779641551376817 -4.687986497219942 -4.612640989040857 -4.572671115799512 -4.507203219973173 -4.517080832325919 -4.607817038822073 -4.705444602773632 -4.913563597926838 -5.040364575106274 -5.143964648852517 -5.163490161642828 -5.211270240000297 -5.219080445116422 -5.153612549290083 -5.093198315597705 -5.023825317213304 -5.043350830003616 -5.144883496513237 -5.225052954911105 -5.33232841930023
0.6431676302807068 0.6987579137543003 0.4097803244576861 0.01031130395942581 -1.2016487605309836 -2.7152205696529146 -3.320741178067759 -3.2483819247860155 -3.053126796882898 -2.979848695940434 -3.0276287742979027 -3.2249513094376416 -3.287432950366639 -3.418368742019318 -3.510253508091373 -3.72112904622674 -3.9329234320228275 -4.146785225055536 -4.384077633436619 -4.606898191161353 -4.780560399037538 -4.81777372929672 -4.791356859051004 -4.744495628354256 -4.728875218122006 -4.71807875810854 -4.750468138148939 -4.793424266287625 -4.80031562374303 -4.878417674904277 -5.097103418155768 -5.287534595840103 -5.44856264838138 -5.569620827681312 -5.628427077967428 -5.641980080963056 -5.604996462619054 -5.5404474144534355 -5.475898366287816 -5.51494939186844 -5.525745851881906 -5.59994280048509 -5.6233734158334645
0.5524314237845522 0.9840601124080317 1.0336778860869416 -0.03356367183998055 -1.7309050131060222 -3.2201273592188584 -3.559871281770283 -3.2991482580408262 -3.13995790082099 -3.0852864650081173 -3.0159134666237155 -3.0423303368694317 -3.1038931301377084 -3.2747987950317317 -3.524725358747722 -3.8617127383169847 -4.1635541948636865 -4.38614504067324 -4.581400168576358 -4.708430857670974 -4.795261961609066 -4.832475291868249 -4.804220726301092 -4.801234471403751 -4.839366649323653 -4.914482445587558 -4.986611986954122 -5.041513134682175 -5.157517651848145 -5.327504469081447 -5.4740606709663755 -5.7561469028075845 -6.007222026099476 -6.169398638216654 -6.260134844712808 -6.27966035750312 -6.206382256560656 -6.083486381939282 -6.071771074265095 -6.040530253800596 -5.972994950737635 -5.994587870764568 -5.919242362585483
-0.4534770527892733 -0.3441341811635277 -0.26511328234155984 -1.3314359926077617 -2.692708801965261 -3.325565128286542 -3.3294702308446045 -2.978011000618993 -2.8362787489528474 -2.89095018476572 -2.9164482073507156 -2.85695282131906 -2.9329874652436856 -3.1507543608344566 -3.558033586448842 -4.007120380626012 -4.390050143231303 -4.6234374490543235 -4.763102293483847 -4.791356859051004 -4.779641551376817 -4.695796702336066 -4.654678269518822 -4.749319578573038 -4.896794628118688 -5.113642676048738 -5.270995337947133 -5.402849977260532 -5.597186257502929 -5.774753567937176 -5.984710258411822 -6.253243487257404 -6.464348737307951 -6.665346663090572 -6.801106404962034 -6.814889119872842 -6.754245174265286 -6.675224275443318 -6.650874812434223 -6.543369636129919 -6.474915485406237 -6.275755254945057 -5.9222286174828245
-0.19183518139909594 -0.8821194865154114 -1.37829722330451 -2.6371185184916675 -3.1840625885355767 -3.4477718671623756 -3.194629336633863 -2.93987882269909 -2.8491426162029354 -2.847075208966314 -2.7875798229346582 -2.7512853403361963 -2.942865077596432 -3.332456485741946 -3.7523698666912386 -4.2083480183238136 -4.589210373692483 -4.847176854439778 -4.974896679279935 -4.9222926507036835 -4.838218089747752 -4.724970115563944 -4.741509373456914 -4.845109447203157 -5.026811572110645 -5.23194431236651 -5.406755079818595 -5.559054079583026 -5.837235208866174 -6.066717412131132 -6.318711383083743 -6.505237458210016 -6.722085506140067 -6.8968962735921515 -7.0053202975571764 -7.023926962686768 -7.016116757570643 -7.082503501057703 -7.1438365824108 -7.198737730138853 -7.351955577564005 -7.267881016608075 -6.960296762181869
-0.3861714616414931 -1.5374875805243458 -2.6986813117599446 -3.4838366378456573 -3.6292442801546847 -3.3627784585457245 -3.1498355131737363 -3.08919156756618 -3.010170668744212 -2.97295733848503 -2.937811415462469 -3.02280482407912 -3.225870157098362 -3.607881072042932 -4.044333710885194 -4.476881247169395 -4.7817089586134385 -5.024744164874025 -5.104913623271893 -5.06678144535199 -4.929184008159087 -4.837299242087032 -4.842123192305815 -4.902767137913371 -5.105832470932613 -5.356907594224504 -5.538380007216814 -5.6897601593205245 -5.9516317426258825 -6.2045445612392145 -6.44482322451764 -6.620552839630445 -6.765041634278752 -6.908611581266339 -7.020021860128706 -7.086408603615766 -7.285568834076945 -7.462217296850471 -7.742695545285421 -8.066819057604595 -8.336271134110898 -8.655570696211289 -8.180985879449125
-1.0452149462933096 -2.638037366152388 -3.5258739183236223 -3.697698430878366 -3.3862090738940984 -3.224032461776921 -3.3303890785053247 -3.270893692473669 -3.273879947371011 -3.2378151766877292 -3.2679074375763273 -3.406653434345131 -3.584450456694558 -3.9067362736922915 -4.308961837172713 -4.588291526031762 -4.891970677899905 -5.114561523709458 -5.2133376472369175 -5.23378200768795 -5.111804980727297 -5.022906469552583 -4.95146606393156 -5.00131354952565 -5.137073291397112 -5.387229567028283 -5.534474904658751 -5.683098513780301 -5.906608207250575 -6.202477154002594 -6.459295075173988 -6.604932429398196 -6.727828304019569 -6.784567147069064 -6.895977425931431 -7.161524399879671 -7.391006603144628 -7.9262353655143505 -8.347986441785086 -8.867594793922557 -9.342179610684724 -9.61760419698571 -8.283667105534647
-2.0168963475052943 -3.3499145912956365 -3.4994570480779066 -3.348995743634916 -3.171198721285489 -3.325565128286542 -3.4330703045908466 -3.5208202561896593 -3.523806511087001 -3.5442508715380336 -3.5980034596901858 -3.7484647641331765 -3.9524489448131392 -4.221211885573901 -4.420372116035081 -4.698553245318228 -4.907591088132154 -5.130181933941708 -5.308897803951856 -5.350935084429821 -5.3245182141841045 -5.245497315362138 -5.130181933941708 -5.112723828388018 -5.248483570259479 -5.419389235153503 -5.567783132359871 -5.655762795873864 -5.854923026335044 -6.181113945890841 -6.380274176352021 -6.471010382848175 -6.506156305870736 -6.56289514892023 -6.844062533100719 -7.11075806662486 -7.579600085507522 -8.217280362047585 -8.760089617618252 -9.417295406948629 -9.854896605366791 -9.865693065380258 -8.525783464134513
-2.744623694795972 -3.187967691093639 -3.1390390531602694 -3.141106460396891 -3.309025870393572 -3.457419767599941 -3.6156912771590566 -3.7034412287578693 -3.7806244322583957 -3.8166892029416775 -3.9193704290271993 -4.062021528354065 -4.320677144846901 -4.487677707182861 -4.645949216741977 -4.740590525796193 -4.949628368610119 -5.107899878169235 -5.295344800956228 -5.409511622800756 -5.488762233537904 -5.455454005836784 -5.389067262349724 -5.369541749559412 -5.4740606709663755 -5.645885183521118 -5.671383206106114 -5.744431595133397 -5.83149241098667 -6.095201689613469 -6.205463408899935 -6.182951641212282 -6.220164971471464 -6.3793553286913 -6.660522712871789 -7.138093784531296 -7.644838269418681 -8.278613443400683 -8.875404999038683 -9.446698532091686 -9.560865353936215 -9.498383713007218 -7.447745446194123
-2.477928161271832 -2.7728782603631292 -3.074719716909831 -3.2747987950317317 -3.4525958173811584 -3.6499183525208974 -3.838282122968611 -3.9896622750723214 -4.05306276366204 -4.1341510697206285 -4.257276656257183 -4.378334835557116 -4.6360716043892305 -4.763102293483847 -4.841204344645094 -4.900699730676751 -4.98385544397196 -5.114561523709458 -5.21632390213426 -5.360812696782567 -5.554000417449063 -5.644966335860397 -5.66449184865071 -5.705380569552775 -5.801170438182892 -5.845045413982298 -5.841140311424236 -5.729959744477049 -5.742593899811957 -5.829425003750049 -5.940835282612416 -5.941754130273137 -6.009289433336097 -6.1790465386542195 -6.552098688906764 -7.065734531249553 -7.4895530147569085 -8.056022597591129 -8.604804362956479 -8.775710027850502 -8.707485589042001 -7.677227649459081 -5.559054079583026
-2.2661337754757445 -2.7064915168760693 -3.0825299220259557 -3.4594871748365623 -3.707346331315932 -3.867685248111668 -4.062940376014786 -4.244642500922275 -4.372362325762432 -4.486758859522141 -4.593115476250545 -4.659502219737605 -4.810882371841316 -4.8850793204445 -4.955371166489623 -4.963181371605748 -5.0511610351197405 -5.197717237004669 -5.222985547674484 -5.281562086045419 -5.501396388872811 -5.684017361441022 -5.752241800249522 -5.744431595133397 -5.74741785003074 -5.74741785003074 -5.66541069631143 -5.545271364672217 -5.48278972374322 -5.510125441649657 -5.69963777167327 -5.763038260262989 -5.869624588906573 -6.136090410515534 -6.504318610549295 -6.821780477328246 -7.153714194763546 -7.445678038957501 -7.776692908732081 -7.629217859186432 -6.850035042895403 -5.182096826772419 -2.9290823626856235
-2.3626127798514025 -2.8479940566270345 -3.2630834873575445 -3.7181427913293983 -3.974960712500793 -4.164473042524407 -4.381321090454457 -4.579562473254917 -4.692810447438725 -4.760116038586506 -4.900699730676751 -5.010272314217676 -4.948709520949398 -4.910577343029496 -4.865553807654189 -4.85108195699784 -4.986611986954122 -5.209432544678856 -5.3500162367691 -5.469236720747592 -5.534474904658751 -5.6029290553824325 -5.56479687746253 -5.421226930474943 -5.405606520242694 -5.423294337711564 -5.347029981871758 -5.218161597455701 -5.113642676048738 -5.174286621656295 -5.389986110010444 -5.51494939186844 -5.69871892401255 -5.9594419477420075 -6.2045445612392145 -6.381193024012741 -6.524762971000327 -6.669251765648634 -6.701641145689034 -6.300104717954152 -4.977882934177277 -2.755190442894259 -1.0794420216551501
-2.688803699407199 -3.2378151766877292 -3.697698430878366 -4.0199842478761 -4.3167720422888385 -4.563942063022667 -4.743576780693536 -4.900699730676751 -5.0346217772267705 -5.112723828388018 -5.19863608466539 -5.18393452209386 -5.073672802807394 -5.038526879784833 -4.976964086516556 -4.944804418391337 -4.9643299311816484 -5.06770029301271 -5.212418799576198 -5.422375490050844 -5.4497112079572805 -5.424213185372285 -5.322680518862664 -5.0755104981288355 -4.9670864741638105 -4.95054721627084 -4.930102855819808 -4.8940380851365255 -4.836380394426311 -4.878417674904277 -5.003380956762271 -5.206446289781514 -5.386081007452383 -5.603847903043153 -5.801170438182892 -5.919242362585483 -5.884096439562922 -5.850099076116262 -5.737769949593174 -5.269846778371232 -3.9515300971524185 -2.1811403668590934 -0.7973557898139403
