static/data/ASCData/20210125/ASCV/12.asc
ncols 97
nrows 97
xllcorner 99.0
yllcorner 2.0
cellsize 0.25
NODATA_value -32767
[rows 19 to 37 of 97, columns 43 to 85 of 97]
1.5797562733575212 1.1178231812035682 0.9362342059926059 0.6862266358561864 0.4099704223835845 0.10617464868941529 -0.27959434722676413 -0.5696203408101499 -0.669236093799102 -0.8704039751050852 -1.2503638450370278 -1.585356776794692 -1.7688821273337332 -1.8293400681326437 -1.7561881112941042 -1.561905120043513 -1.470034868366877 -1.3977435227852615 -1.3869858820737115 -1.463149978311485 -1.6027841547474027 -1.7542517359660252 -1.8351491941168807 -2.033520088837861 -2.217045439376902 -2.5412807304230163 -2.8782100375087594 -3.1858785618590866 -3.379300941852754 -3.7082695948119504 -3.866406913271734 -3.9378376475964254 -3.938698258853349 -3.8197187525836074 -3.6594299059815136 -3.3840343037658362 -3.1467207496690452 -2.932858852323433 -2.836255238733715 -2.7609517537528654 -2.803121705342141 -2.8655160214691304 -3.3283097248800075
0.3396154521300483 0.3103546693946324 0.30346977933924046 -0.1350116560635337 -0.4162163842634481 -0.7219485332856963 -1.0139109021971606 -1.2796246277724435 -1.5832052486523818 -1.8900131617457852 -2.112696324474868 -2.260936613480026 -2.387016162619391 -2.2942852996858307 -2.135932828411816 -1.9816682606081903 -2.000386555446287 -1.9319679605208298 -2.0188896974701533 -2.112696324474868 -2.1877846566414867 -2.278579144246968 -2.343124988516267 -2.475874274896793 -2.6632723760919923 -2.8939161929476223 -3.1828664224598526 -3.3743524271254413 -3.5529292629371696 -3.736669766290442 -3.7639941736977787 -3.8001398464885865 -3.6839573268038475 -3.5090380888340458 -3.3186278482396125 -3.1858785618590866 -3.071632417502427 -3.0120350879604403 -2.925113351011117 -2.8724009115245224 -2.8878919141491544 -2.9640560103869276 -3.2454758914010733
-0.7103302813172223 -0.424177038389995 -0.3264976607291219 -0.8118824096342534 -1.0969598884903262 -1.438837710303382 -1.7581244866221832 -2.04621410487749 -2.31580058110893 -2.567744526573429 -2.6994180488828 -2.814739957310615 -2.758154767167863 -2.7669760325513333 -2.631214606771574 -2.5550505105338 -2.573553652557666 -2.5296624784545427 -2.515892698343759 -2.506210821703364 -2.566668762502274 -2.691672547570484 -2.821624847366007 -2.9789015545688664 -3.1467207496690452 -3.3186278482396125 -3.4259891025408806 -3.5755203084314244 -3.7043968441557924 -3.6955755787723215 -3.619411482534548 -3.507101713505967 -3.4085617245881696 -3.2874306901761177 -3.2024453285548735 -3.1779179077325397 -3.1779179077325397 -3.163287516364832 -3.1039053396370764 -3.0109593238892853 -2.9728772757703985 -3.0744294040874296 -3.3263733495519285
-1.2865095178278354 -1.0735082317391473 -1.0892143871780102 -1.577396122668145 -1.7189666744321417 -2.0150169468139953 -2.319673331765088 -2.6251903279731055 -2.8977889436037803 -3.0813142941428215 -3.161351141036753 -3.1916876878433236 -3.067759666846269 -3.1067023262220794 -3.0823900582139765 -3.1185357310047843 -3.1252054682459454 -3.0998174361666875 -3.0100987126323613 -2.956310509074612 -3.0178442139446773 -3.166299655764066 -3.4681590541301563 -3.6536207799972766 -3.6886906887169295 -3.7794851763224107 -3.7054726082269474 -3.7982034711605075 -3.715154484867342 -3.5862779491429744 -3.4582620246755305 -3.2913034408322757 -3.1974968138275606 -3.2971125668165127 -3.28355793951996 -3.3644553976708154 -3.3958677085485407 -3.379300941852754 -3.3293854889511625 -3.280545800120726 -3.3225005988957705 -3.4259891025408806 -3.5989719651826033
-1.6292479508978155 -1.5130654312130765 -1.7142333125190596 -2.0012471667032115 -2.0530989949328817 -2.395837428002862 -2.700493812953955 -3.0090229485612063 -3.2824821754488047 -3.3743524271254413 -3.4290012419401146 -3.4328739925962726 -3.381237317180833 -3.3909191938212278 -3.4074859605170147 -3.4436316333078225 -3.5382988715694617 -3.5129108394902038 -3.5959598257833694 -3.5697111824471874 -3.625220608518785 -3.737530377547366 -4.044338290640769 -4.1497631696139585 -4.183972467076687 -4.004104714379572 -3.9290163822129545 -3.7728154390812496 -3.6262963725899398 -3.4913955580671043 -3.3762888024535203 -3.2570941433695473 -3.3625190223427364 -3.4621347753316885 -3.5228078689448297 -3.6037053270956854 -3.616399343135314 -3.5950992145264453 -3.5677748071191084 -3.589074935727977 -3.6624420453807476 -3.7728154390812496 -3.945583148908741
-1.4201194154652852 -1.3674069759786907 -1.577396122668145 -1.6077326694747156 -1.7335970657998496 -2.1897210319695657 -3.028601854656227 -3.3382067543346334 -3.4466437727070565 -3.5148472148182828 -3.5208714936167507 -3.5628262923917955 -3.5793930590875824 -3.4778409307705513 -3.4885985714821013 -3.597896201111448 -3.6927785921873184 -3.8870615834379096 -4.02949274645883 -4.133196402918172 -4.1867694536616895 -4.237545517820205 -4.2825124559944845 -4.334364284224154 -4.192578579645927 -4.012925979763043 -3.847903771247868 -3.6544813912542007 -3.5744445443602695 -3.5090380888340458 -3.4905349468101803 -3.5716475577752664 -3.706333219483871 -3.746351642930837 -3.8070247365439784 -3.7667911602827817 -3.7689426884250916 -3.82251573916861 -3.845106784662865 -3.9066404895329305 -4.010989604434965 -4.106732606767759 -4.222915126452498
-0.6135115149132733 -0.4465529310700189 -0.6096387642571153 -0.6380389357356071 -1.0803931217945393 -2.327418833077404 -3.1936240631714026 -3.4367467432524306 -3.5393746356406166 -3.6301691232460978 -3.6282327479180188 -3.6555571553253556 -3.5666990430479535 -3.4640711506597675 -3.4660075259878464 -3.5843415738148954 -3.7932549564331945 -4.0247593845457486 -4.276703330010247 -4.429892133742718 -4.480668197901234 -4.4202102571023225 -4.302091362089505 -4.13706915357433 -4.008192617849962 -3.8917949453509917 -3.732797015634284 -3.6721239220211426 -3.61553873187839 -3.6917028281161635 -3.9016919748056176 -4.015938119162278 -4.075535448704263 -4.101784092040446 -4.043262526569614 -3.965162055003762 -3.9828045857707037 -4.099847716712366 -4.210221110412869 -4.340173410208392 -4.482604573229312 -4.5490867928266905 -4.622453902479461
0.1804023695991095 0.5369105827798735 0.18922363498258044 -0.41148302235036605 -1.661520873032465 -2.8685281608683644 -3.270863923480331 -3.4074859605170147 -3.5578777776644825 -3.6566329193965106 -3.6906270640450085 -3.7648547849547027 -3.6097296058941533 -3.5559414023364035 -3.5432473862967746 -3.6770724367484555 -3.9105132401890885 -4.169342075708979 -4.3997707397503785 -4.546289806241688 -4.5275715114035915 -4.357815940975334 -4.209360499155945 -4.054020167281164 -3.94751952423682 -3.8558644253744148 -3.8070247365439784 -3.7982034711605075 -3.8636099266867308 -4.07252330930503 -4.354803801576099 -4.457216541150054 -4.475934835988151 -4.417198117703089 -4.342970396793395 -4.36556144228765 -4.460228680549289 -4.569526310178635 -4.6652693125114295 -4.800170127034265 -4.816736893730052 -4.823621783785445 -4.710236250685709
0.9069734232571904 1.0612379910608158 0.5515409741475814 -0.9476438354140133 -2.559783872446882 -3.4320133813393485 -3.3967283198054647 -3.2278333606341314 -3.4193193652997196 -3.715154484867342 -3.8244521144966894 -3.7943307205043495 -3.6458752786849606 -3.614462967807235 -3.6613662813095926 -3.8431704093347863 -4.088229464743893 -4.326403630097608 -4.52950788673167 -4.609759886439832 -4.543277666842454 -4.474859071916996 -4.372446332343041 -4.255188048587147 -4.188705828989769 -4.160520810325508 -4.1458904189578005 -4.193654343717082 -4.397834364422299 -4.589105216273657 -4.684848218606451 -4.811788379002739 -4.829430909769681 -4.7825275962673235 -4.7941458482357975 -4.895697976552829 -5.0198411503641145 -5.109559873898441 -5.179914844151977 -5.1370994341200085 -5.04910193309953 -4.922161772703242 -4.658599575270269
0.34241243871505134 0.3796338755770141 -0.051102058513444515 -2.233612206072689 -3.6047810911668403 -3.6516844046691976 -3.3782251777815993 -3.156617779123671 -3.2405273766737603 -3.4455680086359015 -3.6370540133014897 -3.731721251563129 -3.832412768623236 -3.9075011007898546 -4.071662698048106 -4.251315297930989 -4.384064584311515 -4.5082077581228015 -4.582220326218264 -4.5568322941390065 -4.543277666842454 -4.538329152115141 -4.5120805087789595 -4.559844433538241 -4.545214042170533 -4.512941120035883 -4.500247103996254 -4.583296090289419 -4.7941458482357975 -4.94561342945442 -5.067605075123396 -5.150654061416562 -5.212187766286627 -5.310942908018655 -5.45638621043881 -5.54911707337237 -5.607638638843202 -5.677132997839814 -5.639050949720927 -5.4817742425180676 -5.394852505568744 -5.111711402040751 -4.644829795159485
0.026998413052408132 -0.6087781530001912 -1.098896263818405 -3.4221163518847226 -4.229800016507889 -4.133196402918172 -3.7074089835550263 -3.4475043839639805 -3.2385910013456813 -3.3177672369826885 -3.5443231503679296 -3.8108974872001364 -4.081344574688501 -4.330276380753766 -4.512941120035883 -4.6663450765825845 -4.759075939516145 -4.722069655468413 -4.69754223464608 -4.552098932225925 -4.499386492739331 -4.4279557584146385 -4.557908058210161 -4.703351360630316 -4.7941458482357975 -4.7786548456111655 -4.828355145698526 -4.951422555438658 -5.112572013297675 -5.234563658966651 -5.3733372241456445 -5.436807304343789 -5.573429341380473 -5.810742895477263 -5.986522744703989 -6.141002465321845 -6.244490968966955 -6.264930486318901 -6.2279242022711685 -6.179084513440733 -6.16337835800187 -6.0099744014551675 -5.715215045958701
-0.9584014761255633 -2.1897210319695657 -3.3820979284377573 -4.543277666842454 -4.9064556172643785 -4.552098932225925 -4.083280950016579 -3.6624420453807476 -3.4320133813393485 -3.4847258208259433 -3.6712633107642185 -4.084356714087734 -4.522838149490509 -4.813724754330819 -5.000262244269094 -5.112572013297675 -5.024789665091427 -4.955295306094815 -4.755203188859987 -4.586308229688654 -4.49056522735586 -4.455280165821976 -4.612556873024835 -4.82254601971429 -4.9191496333040075 -4.896773740623984 -4.929907274015557 -5.07255358985071 -5.298248891979027 -5.501353148613088 -5.761903206646827 -5.866467474363093 -5.9729681174074365 -6.204472545519991 -6.478792383664513 -6.672214763658181 -6.8507915994699085 -6.957292242514253 -7.081435416325538 -7.193745185354119 -7.208375576721828 -7.1965421719391225 -6.695666420409359
-2.0530989949328817 -3.7521607689150738 -4.889888850568592 -5.211327155029704 -4.853743177777784 -4.548226181569767 -4.2902579573068 -3.8694190526709678 -3.6985877181715554 -3.724836361507737 -3.934825508197191 -4.422146632430402 -4.879131209857042 -5.159475326800033 -5.336330940097913 -5.384094864857195 -5.296097363836717 -5.119456903353067 -4.922161772703242 -4.755203188859987 -4.6652693125114295 -4.6818360792072165 -4.775642706211932 -4.953358930766736 -5.0110198849806435 -4.98864399230062 -4.96712871087752 -5.103750747914204 -5.416367786991844 -5.671108719041346 -6.020732042166718 -6.2064089208480695 -6.295267033125471 -6.514938056455321 -6.791409422742153 -7.138020606468291 -7.346073377829666 -7.759166781153183 -8.008098587218448 -8.242400001916003 -8.29123969074644 -8.128153857559344 -6.279560877686609
-3.0724930287593506 -4.628263028463698 -5.217996892270865 -5.1067628873134385 -4.809852003674661 -4.63299639037678 -4.374382707671121 -4.1613814215824325 -3.9905500870830197 -4.064777807992714 -4.3117732387299 -4.700554374045313 -5.045229182443372 -5.300185267307105 -5.447564945055339 -5.496404633885776 -5.505225899269247 -5.329446050042521 -5.169157203440427 -5.00800774558141 -4.929907274015557 -4.974013600932912 -5.0198411503641145 -5.078362715834946 -5.1360236700488535 -5.183787594808136 -5.16334807745619 -5.230690908310493 -5.537498821403896 -5.861518959635779 -6.210281671504227 -6.357661349252461 -6.316782314548571 -6.537313949135344 -7.030659352167023 -7.380067522478164 -7.827370223264409 -8.305009470857225 -8.66818742127915 -8.955416428277532 -8.922067742071729 -8.099968838895084 -6.244490968966955
-3.731721251563129 -4.713248390084942 -5.048241321842607 -4.972937836861757 -4.958307445494049 -4.770694191484619 -4.664408701254506 -4.450546803908894 -4.389013099038828 -4.492501602683938 -4.694530095246845 -4.905595006007455 -5.127202404665383 -5.27953059714093 -5.434870929015711 -5.548041309301215 -5.556862574684686 -5.526741180692346 -5.380222114201036 -5.251345578476668 -5.181851219480056 -5.205302876231235 -5.237575798365885 -5.292224613180558 -5.414431411663765 -5.462195336423047 -5.487583368502305 -5.530613931348505 -5.7472728152791195 -6.075380856981392 -6.3430309578847535 -6.373367504691323 -6.306024673837022 -6.509128930471084 -7.003119791945455 -7.579299028456068 -8.083402072199297 -8.498431850850892 -8.902703988790938 -9.03437751110031 -8.559965555720957 -7.591132433238773 -4.855679553105864
-3.7347333909623632 -4.487553087956625 -4.851806802449705 -4.922161772703242 -4.957231681422894 -4.980683338174073 -4.920225397375162 -4.879131209857042 -4.817597504986976 -4.889888850568592 -5.0237139010202725 -5.119456903353067 -5.217996892270865 -5.301045878564029 -5.34214006608215 -5.459183197023813 -5.51684415123772 -5.525665416621191 -5.468004462407284 -5.379146350129881 -5.394852505568744 -5.3782857388729575 -5.430998178359552 -5.528677556020425 -5.665299593057108 -5.770724472030298 -5.814830798947653 -5.818703549603811 -5.97382872866436 -6.144875215978004 -6.328400566517045 -6.39187064671519 -6.477931772407588 -6.674151138986259 -7.110696199060954 -7.695696700955038 -8.051129150064646 -8.40957373857349 -8.697448204014567 -8.337282392991874 -7.594144572638007 -5.287491251267476 -2.551177759877642
-3.8978192241494596 -4.308976252144896 -4.637084293847169 -4.859767456576252 -4.942601290055187 -4.989504603557544 -5.058783809739925 -5.087183981218417 -5.134087294720775 -5.219933267598943 -5.276733610555926 -5.3744129882167995 -5.375273599473724 -5.358706832777937 -5.354834082121778 -5.315676269931737 -5.334179411955603 -5.335255176026758 -5.2668365811013 -5.359567444034861 -5.495328869814621 -5.508022885854249 -5.528677556020425 -5.605702263515123 -5.702521029919072 -5.802136782908024 -5.857646208979622 -5.900676771825821 -5.949516460656257 -6.032565446949423 -6.239542454239643 -6.428016319505997 -6.618426560100431 -6.91340106841113 -7.290348798943838 -7.625341730701502 -7.902673708245258 -8.050053385993493 -8.005086447819213 -7.299170064327309 -5.6155992929697485 -2.692748311641639 -0.17610584358165404
-3.845106784662865 -4.226787877108656 -4.472922696588918 -4.690657344590687 -4.847073440536623 -4.976810587517916 -5.111711402040751 -5.232627283638571 -5.311803519275579 -5.353758318050623 -5.38301910078604 -5.425189052375315 -5.408407132865298 -5.37226146007449 -5.2610274551170635 -5.160551090871188 -5.121393278681145 -5.123329654009225 -5.183787594808136 -5.399801020296057 -5.565683840068157 -5.643784311634009 -5.601829512858965 -5.565683840068157 -5.6194720436259065 -5.690687625136366 -5.7307060485833325 -5.761042595389903 -5.781482112741848 -5.928001179233158 -6.056877714957526 -6.203396781448835 -6.440710335545626 -6.766021390662895 -7.09692641895017 -7.343061238430432 -7.468065023498642 -7.494528819649055 -7.2004149225952805 -6.262994110990822 -3.960213540276449 -0.9153709132793639 0.7555058420385676
-3.8782403180544387 -4.1652541722385905 -4.380191833655357 -4.574474824905948 -4.7659608295715366 -4.947549804782499 -5.099877997258046 -5.2367151871089614 -5.333318800698679 -5.395713116825668 -5.442616430328026 -5.440680054999946 -5.3849554761141185 -5.246397063749356 -5.081374855234181 -5.033395777660667 -5.041356431787214 -5.047165557771452 -5.131075155321541 -5.284479111868242 -5.389043379584507 -5.520716901893879 -5.487583368502305 -5.37226146007449 -5.323636924058285 -5.333318800698679 -5.403673770952215 -5.504150135198092 -5.58138999550702 -5.696496751120604 -5.702521029919072 -5.877225115074642 -6.147672202563006 -6.43296483423331 -6.676087514314338 -6.844982473485672 -6.82949147086104 -6.714169562433225 -6.282573017085843 -5.19562099959084 -3.0189199780158322 -0.7142030319733803 0.3923278916166426
