static/data/ASCData/20210125/ASCV/15.asc
ncols 97
nrows 97
xllcorner 99.0
yllcorner 2.0
cellsize 0.25
NODATA_value -32767
[rows 38 to 56 of 97, columns 0 to 42 of 97]
0.35053577510120126 0.5762435649742419 0.7119045821335357 0.23827273825335338 -0.43743257195295504 -0.8262171942997112 -0.9774768649999692 -0.9892940267734271 -0.8203086134129824 0.2042393123457953 0.007838083670929308 -0.45610368755501796 -0.6678672265353791 -1.2870865034645596 -1.7304664132046905 -1.626002703127325 -1.6883973172911813 -1.7841163276561882 -1.75291902057426 -1.5702256995566048 -1.469779824482215 -1.6132401684119906 -1.9334852524726929 -2.0017884475232783 -1.8807807109630719 -1.9951708369301417 -2.079072685521691 -1.8075143079676343 -1.4988500424449207 -1.5789703992689634 -1.7058867167158986 -1.4442547550515463 -0.7158449033356171 -0.1259321876046111 0.25599848091354005 0.7296303247937224 1.4932553185945556 1.0312042932523617 -0.35447609630328225 -1.2509259884377792 -1.8710906383088366 -2.482274245232066 -3.0731323339049483
-0.3367503536430956 0.18178670497622607 0.34273644833071915 -0.15902024057029251 -0.9169729967198661 -1.262743150211237 -1.3426271637998106 -1.432673936513558 -1.251871361379656 -0.8240901051804892 -0.6298159656248452 -1.0635058027107411 -1.3516082067476385 -1.867072803305861 -1.7030505978902688 -1.4121120750277416 -1.6718532908083406 -1.776317000885706 -1.6297841948948313 -1.4941231777355375 -1.4286561015105823 -1.9003971995070115 -2.2558574256526174 -2.390573069870035 -2.3154159209908443 -2.286109359792669 -2.275237570961088 -1.9590103219033614 -1.691233436116811 -1.7441743208619014 -1.6855611984655514 -1.3797330517684676 -0.791947425156684 -0.26844715859251034 0.19525826939796742 0.7412111433317108 1.3349053508302227 0.7608276318756504 -0.48044704080834055 -1.6531821752062774 -2.2792554059640637 -2.7441425501318877 -3.2860775890626552
-0.4932095755236747 -0.05857436549590256 -0.02737705841397453 -0.41899779958636074 -0.8845939734605923 -1.2372180807805684 -1.7694630470571007 -1.935375998356446 -1.785061700598065 -1.485378478023179 -1.1062839283306576 -1.161115558959501 -1.5664442077890983 -1.3563350714570215 -1.1845135392709472 -1.1923128660414293 -1.4598534085925103 -1.8427294500525382 -1.8172043806218696 -1.5175211580469838 -1.370988352056109 -1.8231129615085986 -2.418934258126333 -2.560503856172356 -2.657168239479239 -2.6210077244524586 -2.3425953930697965 -2.0273135169539467 -1.6356927757815602 -1.5926783069261743 -1.647509937555018 -1.4863238509650556 -0.8983018811178032 -0.19919859060004885 0.33304637567648365 0.43467396692821936 0.6504553409115563 0.23141878442474795 -0.7382975107051863 -1.907251153335617 -2.6512596585925103 -3.1161468027603343 -3.539910223956525
-0.35920296101266525 -0.17769135617235587 -0.1758006102886025 -0.23914059739433569 -0.7002462497946529 -0.8836486005187156 -1.4099849859085192 -2.060401569919628 -2.0771819396379376 -1.9793358401537087 -1.4629258706536095 -1.1972760739862816 -1.286141130522683 -1.0760319941906062 -0.6737758074221079 -0.6825205071344662 -1.0878491559640637 -1.6182033763568429 -1.9334852524726929 -1.6699625449245874 -1.426765355626829 -1.5106672042183784 -2.1102699926036195 -2.8445884252062776 -2.94716138939989 -2.804646418411991 -2.4120803042977275 -1.856437357709749 -1.3145023187789813 -1.320174556430241 -1.4754520621334746 -1.3173384376046111 -1.1533162321890191 -0.4627212981481543 -0.16894665645999707 -0.13774934937806904 -0.21668799002476602 -0.3320234889337126 -1.0018202182532918 -1.8817260839049483 -2.6356610050515465 -3.4656984480192112 -3.8906435853927483
-0.5281883743731095 -0.338877442762318 -0.2129064982572597 -0.21196112531538303 -0.45610368755501796 -0.6395060382790807 -0.9970933535439088 -1.734247904972197 -2.0058062825262537 -2.3104527130459918 -1.786952446481818 -0.9824400729448213 -0.9677867923457342 -0.5156621828932444 -0.11222427994740025 -0.052665784609173816 -0.4414504069559304 -1.1336997436450793 -1.6718532908083406 -1.6777618716950695 -1.5487184651289119 -1.522484365991836 -1.7997149811971525 -2.534978786741687 -3.1504165719033614 -3.023263911220957 -2.479438126406436 -1.6104040495863607 -1.1648970507270076 -1.3319917182036987 -1.413057447969618 -1.299849038179894 -1.1355904895288327 -1.230364126951963 -1.0663419215363708 -0.68157513419259 -0.6619586456486499 -0.669757972419132 -0.8271625672415879 -1.7089591787769975 -2.8642049137502172 -3.695187729659759 -4.242085976535378
-1.1240096709908443 -0.5936554505980651 -0.4168707104671383 -0.856469128439763 -1.0613787135915187 -1.1240096709908443 -1.4364554282810642 -1.774426255001953 -1.6621632181541053 -2.1112153655454957 -1.535010557471701 -0.6728304344802312 -0.9216998614292491 -0.4305786181243496 -0.1308953955494636 -0.07228227315311342 -0.29775371979068543 -0.9540788846885233 -1.4043127482572595 -1.48230601596208 -1.588896815158668 -1.6347474028396836 -1.7704084199989774 -2.1102699926036195 -2.7538326227861227 -3.0194824194534506 -2.525288714087452 -1.8592734765353789 -1.5038132503897728 -1.6170216601794971 -1.4754520621334746 -1.4667073624211158 -1.6278934490110781 -1.8261854235696975 -1.861164222419132 -1.3036305299474003 -0.8047099598720187 -0.6844112530182196 -0.9462795579180412 -1.3984041673705307 -2.6063544438533714 -3.999834160179497 -4.6152719453411715
-1.712740670544504 -1.0850130371384337 -0.8418158478406754 -1.4941231777355375 -1.5839336072138157 -1.6992691061227623 -2.0849812664084197 -2.0634740319807268 -1.6004776336966564 -1.3095391108341292 -0.3660569148412707 -0.18147284793986218 -0.7567322830717806 -0.9110644158331374 -0.7713855636708677 -0.9375348582056824 -1.1658424236688842 -1.785061700598065 -1.7968788623715226 -1.5184665309888603 -1.4180206559144704 -1.5945690528099277 -2.002970163700624 -2.210006837971602 -2.286109359792669 -2.610372278856347 -2.2508942177077653 -2.610372278856347 -1.7314117861465672 -1.936557714533792 -1.8105867700287335 -1.4121120750277416 -1.4685981083048691 -1.9100872721612467 -2.2811461518478167 -2.204098257084873 -1.5506092110126652 -1.16702413984623 -1.131808997761326 -1.1377175786480551 -2.469748053752201 -4.13573152057426 -5.000984105626829
-1.6113494225282374 -1.1492983971860435 -0.983385445886698 -1.9549924869003859 -1.911978018045 -1.6425467296101657 -1.8465109418200447 -1.8592734765353789 -1.7323571590884437 -0.6444692462239328 0.12317358257987587 0.24914452708493462 0.26072534562292304 -0.4022174298680512 -1.1287365357002273 -1.5165757851051072 -1.8124775159124866 -1.797824235313399 -1.6649993369797351 -2.066310150806357 -1.8252400506278208 -1.647509937555018 -2.1180693193741016 -2.752887249844246 -2.8426976793225243 -2.2265508644544427 -1.471670570365968 -1.6699625449245874 -2.1502119993979063 -1.776317000885706 -1.3211199293721176 -0.34573139659092345 0.1347544011178643 -0.3856734033852103 -1.0937577368507925 -1.4033673753153828 -1.6356927757815602 -1.7675723011733475 -1.3719337249979855 -0.9970933535439088 -2.655277493595486 -4.785202731643492 -5.581915778410007
-0.4208885454701141 -0.9578603764560296 -1.1464622783604135 -1.471670570365968 -1.6687808287472417 -1.737320367033296 -1.8465109418200447 -1.9141051071642223 -1.452999454763905 -1.0613787135915187 -1.5068857124508719 -0.9462795579180412 0.24418131914008212 0.032181436924251905 -1.1630063048432544 -1.941284579243175 -1.833039377398303 -2.1473758805722762 -1.9852444210404374 -1.737320367033296 -1.704941343774022 -1.978390467211832 -2.205989002968626 -2.4520223110920143 -2.487237453176918 -1.776317000885706 -0.9316262773189536 -1.7460650667456545 -1.0947031097926692 -1.2615614340338912 -0.5496956088008025 0.5117218616911634 0.9229590914074892 0.41411210544240307 -0.2615932047639049 -0.6045272394296459 -1.1689148857299831 -1.6815433634625758 -1.9805175563310544 -2.0086424013518833 -3.2558256549226035 -5.103557069820441 -6.045857549635954
1.0224595935400025 0.6133494529428991 0.4384554586957261 0.5722257299712665 0.8076235924985427 0.605550126172417 -0.22755977885634682 -0.7598047451328793 -1.5428098842421831 -1.3055212758311536 -1.1259004168745972 -1.0585425947658886 -0.6366699194534506 -0.7226988571642226 -1.2958312031769184 -1.4960139236192909 -1.8202768426829687 -1.9930437478109195 -1.7938064003104235 -1.530283692762318 -1.2714878499235955 -1.4364554282810642 -1.5359559304135777 -1.726448578201715 -1.8573827306516257 -1.4492179629963986 -0.9160276237779894 -1.5468277192451587 -1.4071488670828893 -1.8153136347381165 -0.6279252197410923 0.9161051375788842 1.4667848762220101 1.1505576271642841 0.39071412513095716 -0.5820746320600763 -0.9110644158331374 -0.9961479806020326 -1.626002703127325 -1.4404732632840398 -2.2187515376839606 -4.304716933934705 -6.202080428281064
1.1954628419034226 2.24813561268303 1.7685951879161186 1.8624234523973726 1.9952483507310363 1.6376610354662082 0.8986157381541666 0.6944151827088185 0.4278200130996139 0.2569438538554163 -0.032103923123357525 -0.612326566200128 -1.278341803752201 -1.253762107263409 -1.1904221201576761 -1.445200127993423 -1.463871243595486 -1.4383461741648176 -1.5449369733614056 -1.1414990704155614 -0.8250354781223654 -1.1308636248194497 -1.42369289356573 -2.0556747052102446 -2.2499488447658886 -1.6210394951824727 -1.3875323785389497 -1.6297841948948313 -1.6562546372673765 -1.3641343982275034 -0.12404144172085818 1.2179154492729927 1.6201716360414906 1.3585396743771385 0.6875612288802131 -0.30460767361929086 -0.8954657622921731 -1.0370353603381957 -1.48230601596208 -0.7694948177871148 -1.418966028856347 -3.886625750389773 -6.012533153434804
0.7773716583584913 2.346690741873667 2.3516539498185187 2.3790697651329404 2.495114293748295 2.149580483492393 1.8867668056506952 1.6778393854959637 1.432751450314452 1.1855364260137184 0.9971708673448036 0.48548776255408743 -0.13278614143321654 -0.39749056515866776 -0.34573139659092345 -0.2372498515105823 -0.06920981109201474 -0.26372029388312734 -0.7401882565889397 -0.7236442301060992 -0.9004289702370256 -1.1767142125004653 -1.5359559304135777 -2.1492666264560296 -2.1395765538017946 -1.7295210402628138 -2.0585108240358747 -2.1015252928912607 -1.7205399973149862 -0.708045576565135 0.5117218616911634 1.1396858383327029 1.5294158336213357 1.3096166246350238 0.6700718294554959 0.06456046018352612 -0.6161080579676343 -0.859305247265393 -1.1405536974736847 -0.691265206846825 -1.4442547550515463 -3.909078357759342 -6.232332362421116
0.33706421067945946 1.8231904753094934 1.9560153736431571 2.3544900686441492 2.501022874635024 3.53715161893179 3.2892275649246487 2.3712704383624583 1.6700400587254816 1.4814381568210981 1.3429410208361743 1.1415765842164562 0.9357216261228238 0.6747986941648789 0.6464375059085805 0.7598822589337741 1.175846353359483 0.8418933616415698 0.7988788927861843 0.19147677763046111 -0.4941549484655514 -1.304575902889277 -1.6727986637502172 -2.1414672996855475 -2.135795062034288 -2.1171239464322245 -2.490073572002548 -2.527179459971205 -1.6219848681243494 -0.6775572991896142 0.27065176151262715 0.8964886490349446 0.9229590914074892 0.7031598824211773 0.4200206863291318 -0.015559896640517046 -0.5244068826056032 -0.2372498515105823 -0.3232787892213538 -0.4773745787472419 -1.2421812887254207 -3.880717169503044 -6.209879755051546
0.1338090281759876 1.2540759642997727 1.617335517215861 2.1524166023180227 3.34193210643427 4.37995159661479 4.47472523403792 3.4414326085667835 1.752051161433278 1.552813813932782 1.303708043748295 1.3115073705187772 1.1094339041926515 1.063583316511635 1.035222128255337 1.168992399530878 1.5937011936689451 1.4062810079419075 1.8546241256268905 1.360430420260892 0.36329830981653544 -0.5057357670035398 -1.786952446481818 -2.256802798594494 -2.1074338737779894 -2.0594561969777514 -2.3281784557061784 -2.55648602116938 -1.6104040495863607 -1.0887945289059404 -0.22661440591447057 0.14657156289132223 0.1728056620283982 0.37109763658701755 0.14562618994944554 -0.14247621408745204 -0.5047903940616636 0.1924221505723378 0.5391376770055851 0.2529260188524409 -0.6952830418498008 -3.336891384688523 -6.235404824482215
0.08890381343684872 0.5039225349206813 1.3887916085171899 1.7383432537760672 3.0067973985390113 4.430765392240657 4.594787597656249 3.5489687807052475 1.6485328242977886 1.197353587787176 1.1786824721851126 1.1437036733356782 1.0860359238812052 1.121251065966109 1.3271060240597414 1.5634492595288938 1.6083544742680331 1.6397881245854302 1.7062005737522625 1.9659417895328613 1.437478315023835 0.5322837231769797 -0.9160276237779894 -1.5380830195328001 -1.2596706881501378 -1.1112471362755096 -1.4539448277057816 -2.007697028410007 -1.834930123282056 -1.4785245241945735 -0.9276084423159778 -0.5019542752360335 -0.0741730190368668 0.22456483059614252 0.4708344819549999 0.2949951147659502 -0.19518075559707304 -0.018396015466146665 0.29215899594032013 0.41694822426803313 -0.41096212958040956 -3.3777787644246864 -6.416916429322525
-0.20699791737053053 -0.1356222602588466 0.5712803570293898 0.9903169135161978 2.5440373434904098 4.0235459975273065 4.25988923299646 3.297026891695131 1.752051161433278 0.9092511837502784 0.7929703118994555 0.7315210706774757 0.962901098201776 1.1337772574459741 1.2001897066128056 1.2101161225025105 1.396590935287672 1.7246353461188564 1.7979017491142937 1.7648136961486118 1.940416720102193 1.2157883601537698 0.16500633525791608 -0.5225161367218498 -0.29089976596208 -0.08977167257783103 -0.20699791737053053 -0.8231447322386125 -2.0516568702072693 -1.476397435075351 -1.0760319941906062 -0.7236442301060992 -0.2372498515105823 0.17398737820574395 0.557572449372179 0.5800250567417486 -0.23039589768197688 -0.5955461964818181 -0.46177592520627764 -0.06235585726340931 -0.7333343027603343 -3.944293499844246 -7.465807708334625
-0.7186810221612467 -0.2051071714867776 -0.019577731643492413 0.6046047532305403 2.2705882200525993 3.644687791070255 3.8614145379954676 3.3544582979141353 2.5490005514352614 1.9706686542422442 1.574321048360475 1.0401853362001896 0.9707004249722582 1.1309411386203436 1.1661562807052475 1.098798458596539 1.1309411386203436 1.240368056642562 1.2110614954443868 1.5655763486481167 1.4502408497391697 1.2500581292967974 0.8515834342958053 1.0165510126532737 1.5478506059879296 1.3672843740894969 0.6015322911694416 -0.09851637229018939 -1.0585425947658886 -0.933517023202707 -0.5702574702866188 -0.1883268017684676 -0.019577731643492413 0.043998598697709834 0.16122484349040977 0.17682349703137357 -0.41994317252823743 -0.3095708815641429 -0.1845453100009613 -0.10347958023504189 -0.9344623961445833 -4.0253592296101655 -7.467698454218378
-0.22259657091149476 0.09764851314920753 0.0773229948988603 0.7910795660157022 2.241281658854424 3.287100475805426 3.3634393408619623 2.841829820181542 2.432719679584438 2.1075113875788842 1.9560153736431571 1.579047913069858 1.183645680129965 1.0165510126532737 0.9257952102331197 0.8125868004433952 0.5958600535181819 0.7286849518518457 1.2784193175530953 1.6270255898700965 1.190499633958571 1.068310181221019 0.8886893222644625 1.1006892044802923 1.4599309223934052 1.218860822214869 0.8702545498978687 0.4698891090131232 0.17398737820574395 -0.22165119796961807 0.050852552526315264 0.6339113144287154 0.608386244998047 -0.22755977885634682 -1.5009771315641431 -1.5867697260394455 -1.3270285102588464 0.05463404429382157 -0.10442495317691813 -0.786984217211832 -1.26463389609499 -4.0976802596637265 -7.903279037188027
0.007838083670929308 0.3682615177613875 0.30870302242316106 0.804787473672913 2.0763140804969558 3.0391764217982846 2.812523258983367 2.1923586091123095 1.9874490239605542 1.9160733668488703 2.012737750155754 1.9111101589040178 1.5509230680490287 1.2500581292967974 0.9784997517427403 0.4415279207568248 0.15153477083617428 0.5986961723438116 0.9940984052837045 0.8945979031511913 0.6554185488564084 0.6476192220859263 0.7206492818458945 0.9638464711436532 1.3495586314293107 1.2803100634368487 0.9697550520303819 0.4384554586957261 0.753973678047045 0.605550126172417 1.1533937459899137 1.7529965343751543 1.5272887445021137 0.07826836784073699 -1.3594075335181204 -1.5574631648412707 -1.0516886409372832 -0.43743257195295504 -1.3915502135419253 -1.4511087088801518 -1.6023683795804096 -4.662067905964063 -8.815327582863489
