static/data/ASCData/20210125/ASCV/18.asc
ncols 97
nrows 97
xllcorner 99.0
yllcorner 2.0
cellsize 0.25
NODATA_value -32767
[rows 38 to 56 of 97, columns 0 to 42 of 97]
0.715927396447761 0.3399603264219726 0.1475009929563904 -0.13376760454410563 -0.372162764234643 -0.5938325718125048 -0.6407106713959205 -0.31845318280238777 -0.7928878187873112 -0.3594420738954245 -0.1747564956371428 -0.05178982235803131 -0.11515770571450812 -0.7813449701461685 -1.4286867674086166 -1.5370482036315882 -1.2246845853018917 -1.190527176057694 -1.014557626365173 -1.2256268586603523 -1.62303064759112 -1.8213791895470812 -1.9629557616557898 -2.0713171978787615 -2.121022117537559 -2.370017852510779 -2.46966326016799 -2.270608013193183 -1.8614258072816576 -1.7186713934748732 -1.774501089963665 -1.4404651843893743 -0.512797062984891 0.5743508243390525 1.184472823942306 1.0956635599073925 1.6327593742299475 1.4219257102743832 0.14561644623946934 -0.8074930558434508 -1.609367683893441 -2.4600049582437684 -3.380841597799412
0.3173457658189176 0.22170501993516467 0.21581581144478568 -0.46097202826955685 -0.7509566543358135 -0.7763980350142505 -0.6854686559228003 -0.5811118814732863 -0.9853471522528934 -0.5712180112094498 -0.5752226729829073 -0.6864109292812608 -0.5693334644925283 -1.1924117227746152 -1.474622593633572 -1.3563672871467638 -1.2256268586603523 -1.3125515759783448 -1.2470635775653316 -1.5292744484242882 -1.8915785547523976 -2.3330336231911994 -2.4677787134510685 -2.557530250844443 -2.6689540754824117 -2.7949831371765197 -2.7568210661588646 -2.2392774240243676 -1.7167868467579521 -1.5770948213661646 -1.3935870848059584 -1.0399990070436096 -0.40514233178076475 0.5116896460014213 1.2577345775626192 1.0633906973801155 1.6659745101156842 1.3232225759756329 0.2930822268385569 -0.909258578557198 -1.72856526373871 -2.4600049582437684 -3.3106422325940956
-0.027290715038055247 0.03819728337495798 0.22358956665208574 -0.4268146190253592 -1.01762001478017 -1.049892877307446 -0.890648679727601 -0.7090254898843158 -1.049892877307446 -0.8124399909753692 -0.9384690526694777 -1.0772188047028042 -1.162965680322721 -1.3641410423540639 -1.6317466761568808 -1.3094891875633479 -1.2979463389222052 -1.5292744484242882 -1.4852231689162538 -1.7714387015486681 -2.0293860334272638 -2.479557130431826 -2.863297955664915 -2.957054154831747 -3.073189346262019 -3.1424464381088746 -2.7323219588388885 -2.10735915383988 -1.4892278306897115 -1.2480058509237921 -1.1806333057938576 -1.0722718695708862 -0.4414198560814988 0.2480886739720618 0.8690468171976127 0.7715215245969378 1.1446617745473446 0.7274702450889037 0.16516861842752695 -1.003957051082491 -1.9111307269404556 -2.6416281480870536 -3.2861431252741196
-0.082884843187232 0.05657161386494014 0.23819480370822532 -0.2508450693328381 -0.8465974002195669 -1.2802787134510685 -1.121976789229684 -1.2392898223580313 -1.5810994831396223 -1.0859348332685648 -1.7099553649091126 -1.5087800028777696 -1.5674365194419433 -1.7627226729829073 -1.499121700953548 -1.184637967567315 -1.4023031133717192 -1.6875763726456727 -1.7059507031356549 -1.8760310443377972 -2.1181952974621776 -2.523372841600245 -2.9082915085314096 -3.281196190142201 -3.3994514966290095 -3.2333758172003244 -2.68944852102893 -1.816432254415163 -0.9003069816518221 -0.4637988483449389 -0.3017278306897113 -0.21480311337171898 -0.8418860334272638 -0.1629780786563848 0.0975605049579773 0.10651210186335325 0.22759422842554322 0.23348343691592222 -0.11138861228066554 -0.9540165630840778 -1.8701418358474184 -2.805583712459202 -3.4500986896462678
-0.105499403790287 0.05280252043109801 0.21487353808632514 -0.21786550178671593 -0.8487175152761033 -1.2831055335264503 -1.457897241520896 -1.780154730114429 -2.0927539167837406 -1.256721879489553 -2.132800534518317 -1.6649618120426177 -1.6845139842306758 -1.3504780786563848 -1.0868771066270257 -1.220679923528434 -1.427744494050156 -1.7655494930582893 -1.7949955355101836 -1.8807424111301003 -2.1709626055359723 -2.5537611574106003 -2.8896816097018125 -3.262586291312604 -3.4717709768908622 -3.3075798441790987 -2.642570421445514 -1.4911123774066328 -0.39548402985654363 0.5079205525675787 0.7187542165231431 -0.10361485707336549 -0.7314044821477554 -1.016677741421709 -0.8661495724076245 -0.5137393363433516 -0.3759318576684856 -0.03600674360381584 0.03607716831842156 -0.7813449701461685 -2.062601169313001 -2.9989853192832445 -3.6288950594141713
-0.4404775827230383 -0.12410930261988407 0.010871355979600317 -0.19713548790058244 -0.8720387808980035 -1.3662611574106003 -1.5165537580850696 -1.4805118021239507 -1.7664917664167499 -0.9853471522528934 -1.3964139048813402 -1.3408197767321635 -1.2979463389222052 -0.9179746071229591 -0.8074930558434508 -0.892533226444522 -1.6279775827230383 -1.9393989276942742 -1.703123883060273 -1.8593056922251212 -2.185567842592112 -2.493220094129505 -2.807703827515738 -3.0430365987912786 -3.2373804789737823 -3.16600327207039 -2.595692321862098 -1.6044207487615227 -0.7090254898843158 0.22759422842554322 0.005924420847681855 -0.76862427980695 -1.2187953768115127 -1.6543612367599358 -1.6680242004576147 -0.9745110086305964 -0.5274023000410306 -0.3408321750658274 -0.10832622386566859 -0.20208242303250046 -1.6357513379303386 -3.378957051082491 -4.115108112379852
-1.1024246170416259 -0.44236212943995934 -0.1747564956371428 -0.3573219588388885 -0.9335221175375592 -1.4472966662382138 -1.7481174359267677 -1.6543612367599358 -0.7012517346770157 0.06646548412877706 -0.21786550178671593 -0.1309407844687236 -0.03812685866035226 -0.17287194892022129 -0.3759318576684856 -0.8555489971249428 -1.6161991657422805 -2.1806209074601934 -1.7323343571725522 -1.9219668705627526 -2.0468180905587854 -2.3964015065476763 -2.672723168916254 -2.855524200457615 -2.8856769479283546 -2.7782577850638437 -2.4385682393387893 -2.2011153530067125 -1.653418963401475 -1.8338643115466844 -1.6279775827230383 -1.3290413597514057 -1.429629040767077 -1.7928754204536472 -2.1005276719910406 -2.0126606813145873 -1.2998308856391263 -1.0350520719116911 -0.4637988483449389 -0.2489605226159166 -1.5742680012907828 -3.546917277228097 -4.736301823945018
-1.4482389395966744 -0.33776978665083046 -0.11727782077104454 -0.20208242303250046 -0.5606174359267677 -1.3094891875633479 -2.0654279893883825 -1.904299245091616 -0.48240874717453597 0.5029736174356603 0.32511952102621766 0.37506000902463077 0.4462016475884081 0.15127008639023298 -0.5264600266825701 -1.2334006138676525 -1.6416405464207173 -1.8838047995450975 -2.2147783167043915 -2.1973462595728694 -1.757775737850989 -1.6406982730622568 -1.876973317696258 -2.1005276719910406 -2.095580736859122 -1.907126065166998 -1.6981769479283548 -1.8505896636593604 -0.6640319370178211 -1.14647589654966 -1.5516534406877278 -1.2362274339430344 -0.6621473903008996 -0.49889853094759706 -0.9754532819890569 -1.6326889495153414 -1.9033569717331553 -1.9276205107135165 -1.23740527564111 -0.8310498898049663 -2.2138360433459305 -4.385776134597666 -5.579165343088045
-0.8173869261072872 -0.5780494930582893 -0.23529755891823756 0.38094921751500976 0.6827122605620244 0.6464347362612903 0.02241420462074295 -0.7997193006361507 -0.7109100366012369 -0.496071710872215 -1.3544827404298425 -1.287110195299908 -0.2703972415208957 -0.027290715038055247 -0.9813424904794359 -1.9561242798069503 -1.7881640536613441 -2.1542372534232963 -1.890636281393937 -2.2724925599101042 -1.8779155910547185 -1.9170199354308344 -2.0008822643338298 -1.9502350713165713 -2.0107761345976662 -2.141516563084078 -1.5742680012907828 -1.9872193006361507 0.31546121910199654 1.350548503370991 0.7001443176935456 0.2372525303497648 0.0049821474892213224 -0.16015125858100276 -0.4687457834768569 -0.7031362813939368 -1.2538950594141711 -1.7813325718125046 -2.0927539167837406 -2.124084505952556 -3.1122936906381344 -5.024401903294354 -6.336988691630001
-0.42375223061036227 -0.8798125361053035 -0.4795819270991539 0.6348918876201477 1.201198176054982 1.1533778031131057 0.9717546132698205 0.41015969162728894 -0.8760434426714614 -0.628932254415163 -1.0946508618343258 -1.0946508618343258 -0.6963047995450973 -1.039056733685149 -1.6913454660795153 -1.7763856366805864 -1.7763856366805864 -2.0381020619930243 -1.8428159084520603 -1.6708510205329967 -1.5478843472538855 -1.3448244385056212 -1.5584849225365673 -1.7012393363433518 -1.697234674569894 -1.5165537580850696 -1.2939416771487475 -0.7627350713165715 1.09283673983201 2.2440592155312764 1.9071964898816036 1.209914204620743 0.7969629052753748 0.11711267714603535 -0.5801696081148258 -0.8915909530860615 -1.1104339405885413 -1.1815755791523181 -1.8875738929789398 -1.7900486003782654 -2.3349181699081205 -4.397554551578424 -6.5751482829809245
0.04974013201610061 -0.07416881462147096 0.25680470253782284 0.6542084914685904 1.1865929389988423 1.104615156812768 0.9295878804787074 0.977643821760199 0.3691708005342518 0.4688162081914631 0.4511485827203261 0.4629269997010841 -1.0154998997236335 -1.1368175946254384 -0.9697996418382933 -1.0350520719116911 -1.7723809749071289 -2.07626413301068 -1.683571710872215 -1.0722718695708862 -1.0595511792316676 -1.6065408638180592 -1.8338643115466844 -1.9853347539192296 -1.8955832165258553 -1.6143146190253592 -1.4795695287654902 0.435601072305726 1.5342918082708126 2.2695005962097134 2.2002435043628576 1.6054334468345894 1.5380609017046547 1.0419539784751368 0.1807161288421275 -0.624927592641705 -1.2578997211876286 -1.2880524686583685 -1.7704964281902076 -1.016677741421709 -1.4326914291820743 -3.85456952876549 -6.285163656914667
0.4111019649857499 0.7286480867869796 0.7675168628234803 1.0869475313416315 1.2695129945433772 1.1971935142815244 1.245249455563016 1.2480762756383976 1.126994149076208 1.2256972833749584 1.445246975896283 1.371042948917509 0.3123988306869996 -0.016690139755373146 0.12889109412679334 -0.23152846548439499 -0.7919455454288507 -1.0567243591562856 -1.1377598679838994 -0.9804002171209754 -1.1229190625881444 -1.6904031927210545 -1.6298621294399596 -1.7754433633221258 -1.9189044821477557 -1.5888732383469224 -0.9530742897256173 0.8643354504053091 1.5771652460807708 1.8711545339204854 1.892591252825464 1.7411208104529186 1.6669167834741447 1.4610300546504984 0.6709338435812664 -0.19925560295711886 -0.8993647082933616 -1.1073715521735443 -1.4706179318601142 -1.014557626365173 -1.6258574676665019 -4.039961812042618 -6.540990873736726
0.5390155733967794 1.1884774857157634 0.9863598503259601 1.0332379499093758 1.2344133119407186 2.2002435043628576 2.2626691143608735 1.8761014690524034 1.4101472932936252 1.4160365017840038 1.623101072305726 1.5274603264219726 1.3514907767294515 1.0273487414189972 0.7510270790504192 0.3887229727223098 0.15527474816369047 0.0068666942061423875 -0.037184585301891726 -0.470630330193778 -0.757788136184653 -1.5292744484242882 -1.4755648669920325 -1.6006516553276802 -1.7431705007948495 -1.1778064857184756 -0.3653312823858035 0.5722307092825161 1.1034373151146921 1.3173333674852534 1.4092050199351647 1.2636237860529986 1.1307632425100502 0.9199295785544859 0.576235371055974 -0.11609997907296865 -0.5653288027190708 -0.41503620204460123 -0.5752226729829073 -0.8164446527488267 -1.4454121195212926 -4.019467366496099 -6.521438701548668
0.3837760375903918 1.1825882772253848 0.680592145505488 0.7802375531626988 1.8360548513178268 2.8028273170984255 3.2862135499887257 2.8994103363406394 1.4989565573285386 1.5020189457435356 1.472572903291641 1.4082627465767041 1.3017858570706533 1.3057905188441108 1.0282910147774578 0.7510270790504192 0.4688162081914631 0.4999112290206633 0.9649231314209805 0.6709338435812664 0.2480886739720618 -0.5342337818898701 -1.044003668817067 -1.1697971621715606 -1.2020700246988367 -0.6572004551689816 -0.24990279597437715 0.04785558529917955 0.5166365811333393 0.567283774150598 0.6464347362612903 0.5840091262632741 0.45020630936186556 0.5976720899609531 0.32135042759237553 -0.13965681303448418 -0.4687457834768569 0.062460822355319134 0.5312418181894789 0.14561644623946934 -1.1083138255320049 -3.6854314609218086 -6.419908747174537
0.03607716831842156 0.7491425323334981 0.11028119529719582 0.53995784675524 1.6991896460014209 2.99033971543209 3.5029364224346686 2.90718409154794 1.3182756408437148 1.6172118638153474 1.330054057824472 1.2822336848825957 1.1620938316788658 1.226639556733419 1.2704552679018377 1.138772566056966 0.967749951496363 0.9022619530833493 1.2841182315995168 1.4443047025378224 1.1679830401692453 0.7646900427480983 -0.022343779906136785 -0.6718056922251212 -0.6270477076982415 -0.3818210661588646 -0.23152846548439499 -0.41103154027114375 -0.06827960613109241 0.03513489495996103 -0.01857468647229421 -0.08594723160222895 0.016524996130363956 0.302740528762778 0.6085082335832501 0.2518577674059044 -0.2734596299358927 -0.15614659680754528 0.43159641053226805 0.5663415007921375 -0.7158569717331553 -3.5087552062104415 -6.26749603144353
-0.2216345952205585 -0.31539079438739037 0.008751240923063897 0.41699117347612846 1.60637572019305 2.9316831988679164 3.486446638661608 2.8438162081914626 1.445246975896283 1.6523115464180052 1.4365309473305228 1.1611515583204053 1.2256972833749584 1.087889804700092 1.0245219213436156 1.1913043057911459 1.2918919868068173 1.399546718010943 1.4393577674059044 1.184472823942306 1.501076672385075 0.9034397947814252 -0.3700426491781066 -1.0927663151174043 -1.0030147777240304 -0.769566553165411 -0.8543711554268669 -0.9052539167837406 -0.4451889495153414 -0.12410930261988407 -0.2001978763155794 -0.41503620204460123 -0.36038434725388546 -0.04872743394303436 0.429711863815347 0.5253526096991004 -0.2703972415208957 -0.6875887709793367 -0.3740473109515645 0.05869172892147656 -0.507850127852973 -3.3994514966290095 -6.934625569233651
-0.3007855573312508 -0.31162170095354824 0.156217021522151 0.4911952004549027 1.633701647588408 3.0244971246762873 3.71683247480523 3.543925313527706 2.8692575888698997 2.411077168318422 2.05371999712223 1.2549077574872376 0.8028521137657538 0.5927251548290347 0.5868359463386561 0.9112135499887257 1.380936819181346 1.4033158114447852 0.9444286858744624 1.094721286548932 1.2763444763922172 0.8037943871242144 -0.4100892669126832 -1.0831080131931832 -1.152365105040039 -1.3193830578271843 -0.7881764519950081 -1.013615353006712 -0.27840656506781114 0.04974013201610061 0.14349633118293292 -0.01268547798191566 -0.3241068229531514 -0.4159784754030622 -0.23718210563515907 -0.26757042144551413 -0.999952389309033 -0.4072624468373012 0.012755902696521382 -0.0009070610011576719 -0.6795794474324213 -3.389557626365173 -6.891516563084078
0.009693514281524429 0.15127008639023298 0.3592769302704153 0.5039158907941212 1.628048007437644 3.0673705624862455 3.84568835657472 3.9267238654023338 3.60352410345034 3.0928119431646826 2.554773855483667 1.9912943871242144 1.5156819094412146 1.1620938316788658 0.9696344982132841 0.9960181522501816 0.967749951496363 1.111446638661608 1.5712760375903914 1.7715091262632745 1.247134002279937 0.9903645120994176 0.3983812746465314 0.03325034824303996 0.16304850337099053 0.6709338435812664 0.581182306187892 0.5185211278502608 1.12204721394429 1.1738722486596238 0.8125104156899754 0.5116896460014213 -0.12410930261988407 -0.9412958727448593 -1.763664946341368 -1.8329220381882239 -1.4286867674086166 0.1592794099371484 0.2372525303497648 -0.3594420738954245 -0.8223338612392057 -3.427719697382828 -7.240157705714508
0.14066951110755088 0.35362329011965166 0.1835429489175091 0.4930797471718238 1.7792828814705741 3.183505753916518 3.7988102569913043 3.7910365017840038 3.5389783783957878 3.1484060713138593 2.759718310948853 2.5557161288421275 2.30954721394429 2.0235672496514905 1.5675069441565492 0.5712884359240555 0.015582722771903423 0.9434864125160018 1.118278120510447 0.8829453492349062 0.6582131532420479 0.5771776444144345 0.8652777237637697 0.9062666148568068 1.3663315821252064 1.7978927803001712 2.5321592948806115 2.6221464006136017 2.803769590456887 2.5048333674852534 1.892591252825464 1.331938604541394 0.4989689556622028 -1.016677741421709 -1.9471726829015743 -1.6826294375137545 -1.0322252518363095 -0.44825133793033833 -1.3389352300152422 -1.4286867674086166 -1.4637864500112747 -4.092729120116413 -8.011644017954143
