static/data/ASCData/20210125/ASCV/21.asc
ncols 97
nrows 97
xllcorner 99.0
yllcorner 2.0
cellsize 0.25
NODATA_value -32767
[rows 19 to 37 of 97, columns 0 to 42 of 97]
0.027800013475364427 -0.08939414764861153 0.06686473385002278 -0.04739392805504794 -0.39716995036918723 -0.6841714509252048 -0.7214297102420759 -0.20771734693370458 0.9289982736791926 0.6449322723420798 0.16057490122275864 -0.04558746699726024 -0.15691062968342617 -0.3581052299945289 -0.9937537147035687 -0.39897641142697493 0.019896746347543015 0.14973613487603243 0.4417054033409662 0.9935792564951025 0.7982556546218098 0.1829298568128812 -0.10226518268534868 0.1458974051282338 0.5394801080937244 0.7219326749302799 0.4584151681255024 0.8431913734342777 0.9007723196512605 0.7571586655571401 0.40376972112742493 -0.04061969908834406 -0.3463632331189088 -0.7458169345222094 -1.7809191206345498 -2.084630385975103 -2.0758238883183884 -2.202727777627973 -1.8931455138496094 -1.7915320793490523 -1.3609169246989143 -0.7848816548968682 -0.41862167543041595
-0.13252340540329222 -0.18920112109138065 -0.0417487372494616 -0.5690095584912402 -1.0924316499852207 -1.1940450844857775 -0.5845902851146589 -0.27207252211739075 -0.000651748184791856 -0.04942619674505888 -0.35110519339560176 -0.27026606105960305 -0.2153948064293023 -0.27500802133629554 -1.1071091460797455 -0.6227517749604239 -0.0417487372494616 0.16825236071835636 0.11451014424917272 0.14386513643822285 0.16351040044166343 0.25225279990548355 0.14680063565712764 0.5902868253440028 0.9994502549329121 0.9944824870239963 0.7278036733680904 0.8470301031820768 0.8314493765586577 0.6264160464997564 0.06776796437891663 -0.4859123498330069 -1.1012381476419355 -1.6558216923827531 -2.045565665600445 -1.4293366372626226 -0.9253340021398602 0.22989784431536098 0.8939980906845562 1.1947738568062047 1.1058056497101618 1.1428381013948097 0.7826749279983907
-0.012393745060411465 -0.3267179691154678 -0.28765324874080944 -0.5787192866768494 -1.2204645774559224 -1.2739809862928824 -0.8659465948650902 -0.6186872375804016 -0.3687181887090314 -0.39423445115028244 0.11563918241029025 0.15357486462383152 0.02576774478535304 -0.5084931130553532 -1.058334697519478 -0.5581707921445145 0.10096168631576541 0.11270368319138502 0.1937686231596074 0.06867119490781048 0.13618767694262512 0.23667207328206485 0.3811889579050791 0.8050298835885132 1.0385149753075713 1.0053212533707225 0.6799324553367163 0.6214482785908402 0.4437376720309776 0.2278655756253496 -0.15781386021232002 -0.885366051236308 -1.512433845920856 -1.9039842801963356 -1.7750481221967398 -0.8950757794219166 0.2493173006865783 1.2670322991177128 1.7981318501072905 1.966132728481544 1.8568418344853899 1.5824855613338857 1.1692575943649541
0.3529630038771465 -0.39423445115028244 -0.5416868349922019 -0.6764939914296071 -0.8386238713660514 -0.9605599927667199 -0.9860762552079709 -0.6139452773037091 -0.38158922374576854 -0.3355244667721826 0.2895110592223542 0.2619625280910922 -0.0171357053371044 -0.1745236249968558 -0.523170609149878 -0.09639418424753865 0.2122848490019309 0.1303166785048151 0.40557618218521263 0.4525441696876924 0.567706062121657 0.5412865691515121 0.18789762472179738 0.4837056229345298 0.47783462449671976 0.49838311902905463 0.12918764034369756 -0.0972974147764325 -0.17542685552574966 -0.3208469706776578 -0.6715262235206914 -1.0104634794881044 -1.676370186915088 -1.567982523447827 -1.1491093656733091 -0.2788467510840942 0.794191117241787 1.5910662513583778 1.7023894140445432 1.7346799054524982 1.5766145628960762 1.295258253145645 0.9486435376826337
0.24841407015768446 -0.36284719027122136 -0.5416868349922019 -0.511428612274258 -0.6735584922107023 -0.24181429939944676 -0.2673305618406978 -0.3901699137702601 -0.45768639580507475 -0.3131695111820605 -0.03881323803055636 -0.12258786958545986 -0.17926558527354874 -0.3355244667721826 0.14386513643822285 0.5726738300305731 0.25338183806660064 0.1458974051282338 0.4572861299643849 0.549189836279333 0.7189971757113747 0.6164805106819244 0.2619625280910922 0.10592945422468159 0.10005845578687156 0.03163874322316307 -0.34342773390000403 -0.6920747180530262 -0.7428814353033046 -0.866849825393984 -1.0231087068926183 -1.3629491933889253 -1.5074660780119398 -1.399078414544679 -1.1050768773897341 -0.2741047908074017 0.6234805472808516 1.170160824893848 1.2397095756186736 1.0432569355842634 0.8840625548667247 0.7395456702437095 0.3929309547806987
-0.2291690719949333 -0.28087901977410556 -0.34342773390000403 -0.3619439597423275 -0.3219760088387753 0.11067141450137408 0.5168993448713786 0.18880085525069124 -0.27500802133629554 0.11451014424917272 -0.12258786958545986 -0.36284719027122136 -0.2614595634028878 0.3362532390926103 0.8167718804641333 0.9066433180890701 0.5150928838135909 0.1321231395626028 0.13121990903370895 0.16644589966056866 0.5744802910883609 0.49838311902905463 0.5218671127802947 0.3656082312816604 0.12918764034369756 -0.03384547012164019 -0.515267342022057 -0.8815273214885089 -1.1685288220445265 -1.2739809862928824 -1.3424006988565909 -1.4537238615427563 -1.5982407461657708 -1.641144196288228 -1.4381431349193377 -0.7711073893312368 -0.07878118893410901 0.3050917858457729 0.3245112422169907 0.08628419022124056 0.10480041606356405 -0.03971646855945021 -0.09232964686751632
-0.39897641142697493 0.0237354760953421 -0.07674892024409763 -0.2321045712138381 -0.19891084927698932 -0.09526514608642156 0.30983374612246584 0.506286386156876 0.14883290434713858 1.0667409293355035 0.1038971855346702 -0.11987817799877876 0.5101251159046747 0.9466112689926223 1.0414504745264757 1.1557091364315464 1.0599667003687991 0.3949632234707101 -0.2829112884641165 -0.13049113671328127 0.43402794384536847 0.6496742326187728 0.7630296639949496 0.8041266530596194 0.5130606151235795 0.010187018161934347 -0.590461283552469 -1.0718831554528858 -1.5641437937000282 -1.521240343577571 -1.4011106832346902 -1.5591760257911123 -1.8825325551351069 -1.9304037731664803 -1.7409511697309974 -1.1188511429553651 -0.7584621619267233 -0.588429014862458 -0.6841714509252048 -0.6559454968972727 -0.4859123498330069 -0.23007230252382715 -0.23978203070943582
-0.61010654755591 0.07657446203563145 -0.06320046231069032 -0.17158812577795102 -0.04942619674505888 -0.2564917954939716 -0.5748805569290503 -0.16865262655904578 0.30802728506467814 0.9457080384637284 -0.02413574193603152 0.16351040044166343 0.7278036733680904 0.9125143165268805 0.8978368204323552 1.0179664807752364 1.238580537457556 0.3890922250329001 -0.410718408302595 -0.15194286177451 0.36764049997167136 0.47015716500112203 0.696642220121253 0.862610829805496 0.5756093292494779 -0.011264706899294374 -0.523170609149878 -1.3385619691087918 -1.4860143529507113 -1.2780455236729047 -1.3247877035431608 -1.7612738566311088 -2.1589210969766217 -2.3257929371897585 -2.1489855611587894 -1.7154349072897463 -1.4431109028282538 -1.2261097682615087 -1.0718831554528858 -0.8180753768337166 -0.40687967855479634 -0.13726536567998515 -0.23978203070943582
-0.8980112786408214 -0.2847177495219042 -0.20862057746259843 0.34799523596823034 0.9183853149646901 0.5130606151235795 -0.44210566918165606 -0.6236550054893177 -0.20184634849589456 -0.5572675616156206 -0.24565302914724585 -0.1363621351510913 -0.4077829090836902 -0.5484610639589054 -0.44978312867725334 -0.2632660244606755 -0.23594330096163718 -0.7437846658321985 -1.6881121837907078 -0.9117855442064524 -0.24181429939944676 -0.31700824092985913 -0.19507211952919068 -0.08758768659082383 -0.3980731808980811 -0.8345593339860291 -0.9802052567701609 -1.1626578236067164 -1.144141597764393 -1.1247221413931752 -1.50159507957413 -1.9918234491312614 -2.4294386403803268 -2.7184724096263553 -2.7223111393741544 -2.3989546100301595 -2.097275613379617 -1.5582727952622184 -0.8033978807391917 0.001380520505219529 0.3920277242518053 0.6496742326187728 0.535415570713702
-0.945882496672195 -0.3082017432731443 -0.3093307814342614 0.23463980459205347 0.7786103906183688 0.3488984664971242 -0.5026221146175431 -0.5719450577101455 -0.6900424493630148 -0.5484610639589054 -0.11874913983766122 -0.23684653149053103 -0.940011498234385 -1.2272388064226263 -0.953785763800016 -0.6363002328938316 -0.774042888550142 -1.1226898727031642 -1.2701422565450833 -1.935145733443173 -1.5142403069786436 -1.231077536170425 -0.947914765362206 -0.7995591509913931 -0.9517534951100051 -1.0240119374215122 -1.2164000400759 -1.2642712581072737 -1.4243688693537067 -1.3708524605167467 -1.756531896354416 -2.335502665375367 -2.83950530049813 -3.1061841141540363 -3.114990611810751 -2.889408787219515 -2.6891174174373056 -2.109920840784131 -1.044560431953847 -0.0015549787136857063 0.20731708109301472 -0.17045908761683348 -0.5543320623967154
-0.7399459360843994 -0.5143641114931632 -0.8286883355482191 -0.5611062913634193 -0.4509121668383709 -0.6344937718360439 -0.38158922374576854 -0.14313636411779473 -0.23007230252382715 -0.6071710483370052 -0.23684653149053103 -0.8941725488930228 -1.2017225439813752 -1.5298210336020623 -1.315077975357552 -0.8912370496741175 -1.0748186546717906 -1.1940450844857775 -1.238980803298246 -1.693079951699624 -1.6226279704459043 -1.3579814254800096 -1.3482716972944004 -1.250722800173866 -1.0621734272672767 -1.051334660920551 -0.9117855442064524 -1.0133989787070097 -1.5356920320398724 -1.9868556812223452 -2.4165676053435896 -2.9731834187744184 -3.4087663413334726 -3.592347946331145 -3.6246384377391 -3.544476728299772 -3.3825726559955513 -2.9196670099374584 -2.213566543974699 -1.1861418173579565 -0.776075157240153 -0.9946569452324625 -1.1344318695787838
0.2992207874079629 -0.5807515553668603 -0.9585277240767089 -0.8198818378915043 -0.6823649898674171 -0.22826584146603945 0.20347835134521608 0.4123504111519165 0.14680063565712764 -0.9449792661433012 -0.43126690283492986 -0.9126887747353463 -0.5924935522424803 -0.7643331603645334 -0.7769783877690468 -0.5954290514613851 -1.3121424761386469 -1.6851766845718028 -1.7095639088519365 -1.4821756232029124 -1.4117236419491928 -1.3667879231367244 -1.4214333701348016 -1.5036273482641411 -1.315981205886446 -0.774042888550142 -0.511428612274258 -0.8463013308616492 -1.2965617495152282 -1.9342425029142791 -2.6979239150940204 -3.260410726962659 -3.7086388769262273 -3.9292529336085478 -4.064060090045953 -4.002640414081172 -3.9292529336085478 -3.6275739369580053 -3.183184516742236 -2.466471092064974 -1.785886888543466 -1.1423351367066052 -1.1940450844857775
1.0315149387086433 -0.13432986646107992 -0.7300104002665675 -0.49584788565083926 -0.29939524561642905 0.14499417459933994 -0.18129785396355969 -0.02594220299381922 0.04812270037547561 -0.7379136673943885 -0.37368595661794757 -0.38633118402246147 -0.19100758214916835 -0.002684016874802797 -0.014200206118199166 -0.1501364007167223 -0.6812359517063 -0.8004623815202869 -0.8180753768337166 -0.7584621619267233 -1.058334697519478 -1.1832063181390513 -1.3550459262611043 -1.4352076357004326 -1.4449173638860415 -1.0777541538906954 -0.6606874571739652 -0.61010654755591 -0.7690751206412259 -1.2818842534207033 -2.162759826724421 -3.0542483587426403 -3.5036055468673255 -3.752671365209802 -3.910736707766224 -4.017317910175697 -4.03380186732801 -3.821994308302404 -3.645186932271435 -3.0016351804345742 -2.626568703311407 -1.9927266796601553 -2.66653665421496
0.5412865691515121 0.19760735290740605 -0.16074935943122481 -0.34726646364780267 -0.1501364007167223 -0.35404069261450655 -0.6794294906485123 0.051058199594380405 0.3441565062204317 -0.2409110688705529 -0.25445952680396067 -0.2056850782436932 -0.2194593438093242 -0.027071241154936754 0.23283334353426577 0.09599391840684923 0.12151018084810028 0.17615562784617733 0.308930515593572 0.24841407015768446 -0.10610391243314732 -0.7613976611456281 -0.9382050371765973 -1.4234656388248128 -1.4352076357004326 -1.8893067841018105 -1.568885753976721 -0.9555922248578037 -0.67536495326849 -0.9214952723920615 -1.5201113054164537 -2.408890145847992 -2.400083648191277 -2.646213967314848 -3.0327966336814116 -3.300378677866212 -3.6052189813678828 -3.563218761774319 -3.4175728389901874 -3.2624429956526706 -2.892118478806196 -3.5230250032385433 -4.198867246483359
-0.410718408302595 -0.0015549787136857063 0.22199457718753957 -0.36104072921343366 -0.5845902851146589 -0.7887203846446669 -0.4274281730871312 0.5198348440902834 1.0247407097419399 0.3001240179368567 0.10480041606356405 -0.07787795840521516 -0.11400717956096873 -0.26529829315068687 -0.005619516093708032 0.20551062003522702 0.23960757250096965 0.36944696102945906 0.6916744522123364 0.938933809497025 1.0100632136474146 0.2883820210612371 -0.38158922374576854 -0.8677530559228779 -1.5318533022920735 -2.1686308251622304 -2.2858249862862063 -1.736886632350975 -1.3335942011998756 -0.9860762552079709 -1.4575625912905552 -1.244851801736056 -1.236045304079341 -1.119754373484259 -1.5171758061975487 -2.1363403337542755 -2.7546016307821093 -2.941118734998687 -3.0650871250893665 -3.0650871250893665 -3.6792838847371776 -4.311093639698418 -4.426481339764607
-0.5416868349922019 -0.40010544958809247 -0.4215571746493212 -0.47326712242849345 -0.756429893236712 -0.6051387796469938 0.028703244004258277 0.05692919803219043 0.6858034537745268 0.5374478394037134 0.6429000036520693 0.46609262762110015 -0.1110716803420635 -0.48997688721302923 -0.2632660244606755 0.16644589966056866 0.22583330693533865 0.36176950153386134 0.8000621156795975 1.238580537457556 1.444742905677575 1.2327095390197464 0.49047985190123367 -0.44797666761946564 -1.230174305641531 -1.7115961775419477 -2.025920401597004 -2.1002111125985223 -1.9997267162590826 -1.5221435741064648 -0.9488179958910998 -0.6656552250828813 -0.2711692915884969 -0.15691062968342617 -0.20952380799149228 -0.8024946502102979 -1.6549184618538593 -2.2652764917538715 -2.5875039829367488 -3.2683139940904806 -3.9606401944876084 -4.374545584353211 -4.3659648943287195
-0.2056850782436932 -0.66949395483068 -0.4488798981483595 -0.416589406740405 -0.42246040517821504 -0.34726646364780267 -0.2564917954939716 -0.5669772898012293 -1.0474959311727519 -0.5933967827713742 0.4281569454075589 0.35680173362494516 -0.08555541790081245 -0.5299448381165819 -0.3161050104009653 0.21025258031191996 0.185865356031786 0.235768842753171 0.5412865691515121 0.9183853149646901 1.092257191776754 1.0872894238678383 0.49341535112013846 -0.5044285756753308 -1.2751100244539995 -1.6481442328871554 -1.766241624540025 -2.141308101663192 -2.2067923150079953 -1.641144196288228 -1.143238367235499 -0.4147829456826173 0.20731708109301472 0.5150928838135909 0.5227703433091886 0.25518829912438834 -0.49178334827081693 -1.404949412982489 -2.31021221056634 -3.0533451282137465 -3.6813161534271885 -3.9841241882388485 -3.7750263207999244
0.1038971855346702 -0.6744617227395961 -0.7925591143924655 -0.4274281730871312 -0.5552352929256092 -0.7144296736431484 -0.39423445115028244 -0.11694267877987352 -0.6665584556117752 -1.1423351367066052 -0.5405577968310844 -0.020071204556009192 -0.19303985083917974 -0.44504116840056085 -0.28381451899301036 0.07250992465560913 0.18970408577958509 0.21905907796863477 -0.19507211952919068 -0.03768419986943927 0.13709090747151897 0.17999435759397642 -0.15781386021232002 -0.8268818744904318 -1.5562405265722072 -2.0191461726303004 -2.0591141235338526 -1.9234037365675531 -2.064985121971662 -1.8287903386659234 -1.1899805471057552 -0.8697853246128888 -0.39423445115028244 0.3647050007527666 0.7844813890561784 0.7483521679004252 0.21815584743974092 -0.7661396214223211 -1.772112622977835 -2.599245979812369 -3.1587972924621024 -3.3218304029274406 -3.168507020647711
0.7189971757113747 0.1702846294083673 -0.8815273214885089 -1.1617545930778226 -1.052463699081668 -0.8815273214885089 -0.5660740592723355 -0.11491041008986258 -0.22623357277602807 -0.36104072921343366 0.12151018084810028 0.093058419187944 -0.2321045712138381 -0.4782348903374096 -0.4459443989294547 -0.17926558527354874 0.04812270037547561 0.038412972189866945 -0.49968661539863835 -1.0152054397647974 -1.1100446452986503 -1.150012596202203 -1.2994972487341334 -1.5700147921378382 -2.0173397115725127 -2.3501801614698925 -2.487019586597309 -2.1833083212567557 -1.9724039927600439 -1.9333392723853853 -1.8893067841018105 -1.4936918124463088 -0.8110753402347894 0.011993479219722047 0.769803892961654 0.8147396117741219 0.7571586655571401 -0.15691062968342617 -1.4155623716969916 -2.479116319469488 -3.133506837653075 -3.5171540048007333 -3.639315933833625
