static/data/seaWater_vo/2023/7/12/0.asc
ncols 137
nrows 93
xllcorner 108.0
yllcorner 17.0
cellsize 0.25
NODATA_value -32767
[rows 0 to 25 of 93, columns 58 to 115 of 137]
-32767.0 -32767.0 -32767.0 -32767.0 -32767.0 -32767.0 -32767.0 -32767.0 -32767.0 -32767.0 -32767.0 -32767.0 -32767.0 -32767.0 -32767.0 -32767.0 -32767.0 -32767.0 -32767.0 -32767.0 -32767.0 -32767.0 0.050485272 0.059415292 0.0062184157 -0.113893494 0.16929452 0.28135413 0.2888854 0.32856578 0.16626579 0.12520348 0.17787471 0.23706926 0.09427447 -0.08368009 -0.033384252 -0.14054437 -0.25279164 -0.4098774 -0.3058664 -0.20133534 -0.21617182 -0.18816638 -0.39969528 -0.30577618 -0.18029352 -0.3192473 -0.59393585 -0.3111941 -0.14027485 0.04222826 0.1082943 -0.13213837 -0.2019345 0.009820331 0.103097744 -0.047334574
-32767.0 -32767.0 -32767.0 -0.019740073 -0.031652287 -0.014137469 -0.001027106 -0.013522065 -0.014516168 -0.020258749 -32767.0 -32767.0 -32767.0 -32767.0 -32767.0 -32767.0 -32767.0 -32767.0 -32767.0 -32767.0 -32767.0 -0.14874831 -0.15295817 -0.18585786 0.0010503829 0.04207738 0.14957823 0.23828326 0.25602028 0.17269164 0.086830884 0.09345103 0.171694 0.10861744 -0.24283952 -0.2329055 -0.12431584 -0.25587776 -0.35199857 -0.44703245 -0.43765134 -0.18984993 0.16921812 0.19127305 -0.29838142 -0.52280587 -0.28371578 -0.30908135 -0.18086757 0.088836014 0.15620324 0.097075135 0.025720276 -0.08115566 -0.22751665 -0.1544326 -0.021460395 0.03395539
-32767.0 -0.010956195 -32767.0 -0.040105574 -0.046498973 0.018448029 -0.009369638 -0.016096104 0.03928699 -0.022950588 -0.035329793 -0.030113388 -32767.0 -32767.0 -32767.0 -32767.0 -32767.0 -32767.0 -32767.0 -32767.0 -32767.0 -0.34229866 -0.32770747 -0.18491136 -0.06666849 -0.07954217 -0.07884192 -0.107209735 0.04620326 0.1256808 0.07410551 0.18041934 0.05019986 -0.30038837 -0.42479566 -0.2666727 -0.22192666 -0.28077987 -0.3217292 -0.22381759 0.05144541 0.24968423 0.118310876 -0.1165832 -0.43352178 -0.67978483 0.011126986 -0.031452462 0.08293839 0.23133431 0.1430325 -0.110892266 -0.42941174 -0.52086586 -0.30137503 -0.18234244 -0.20211448 -0.1212202
-0.09589501 -32767.0 -0.056976154 0.009362515 0.14430206 0.06773399 0.17275232 0.1067363 -0.050738275 -0.0047260667 -0.020150619 -0.019738488 -32767.0 -32767.0 -32767.0 -32767.0 -32767.0 -32767.0 -32767.0 -32767.0 -0.04174058 -0.2615913 -0.26822725 -0.1568864 -0.10229669 0.0036668796 -0.045800515 -0.026171144 0.031647038 -0.070974946 -0.20199482 -0.1768458 -0.24826759 -0.5847168 -0.50276977 -0.22948404 -0.15020762 -0.20853695 -0.20122743 -0.08992962 0.4062141 0.32493845 0.09105674 -0.21111032 -0.4851123 -0.6839222 -0.1357423 -0.06657856 0.053499136 0.30660203 0.25909084 -0.11294934 -0.4589649 -0.76637137 -0.3452744 -0.11876209 -0.11665684 0.02035684
0.057076365 -32767.0 -0.088369414 -0.008187334 0.10347279 0.25746742 0.11139393 0.017130055 0.13939051 0.010442298 -0.0013860123 -32767.0 -32767.0 -32767.0 -32767.0 -32767.0 -32767.0 -32767.0 -32767.0 -32767.0 -32767.0 -32767.0 -0.31509396 -0.042350203 -0.14346373 -0.037863176 -0.06950649 0.51352984 0.65183556 0.32952267 -0.02681209 -0.124259345 -0.16594072 -0.25844827 -0.35120174 -0.21379626 -0.06743431 0.031091198 -0.0407487 0.24584837 0.47869304 0.33238047 -0.09781892 -0.37504816 -0.56079435 -0.5582185 -0.3951581 -0.1497795 -0.10891836 0.2098763 0.43800926 0.132204 -0.32832038 -0.79013157 -0.44480363 -0.06651073 -0.040903643 -0.09610243
-0.05148107 -0.09947994 -0.016130049 0.004355495 0.07295808 0.04436452 -0.02622347 -0.07735296 0.07612016 0.10657355 0.048190877 -32767.0 -32767.0 -32767.0 -32767.0 -32767.0 -32767.0 -32767.0 -32767.0 -32767.0 -32767.0 -32767.0 -32767.0 -0.058886874 -0.1747968 -0.0334745 0.08772162 0.4461528 0.91242564 0.4992022 0.18396147 -0.067092344 -0.23403172 -0.32355186 -0.30287623 -0.30363208 -0.24688685 -0.08502322 0.10884953 0.27934876 0.39908496 0.020208536 -0.39955187 -0.61196977 -0.6968831 -0.6305275 -0.38807404 -0.3162303 -0.2167973 0.11515059 0.40166172 0.10199917 -0.33876884 -0.7130974 -0.55402374 -0.009346416 0.08515555 -0.018585732
0.077486426 0.039537724 -0.012375506 -0.021246035 -0.014738948 -0.07548817 -0.11950031 -0.11241745 -0.022393268 0.16251554 0.021838913 -32767.0 -32767.0 -32767.0 -32767.0 -32767.0 -32767.0 -32767.0 -32767.0 -32767.0 -32767.0 -32767.0 -32767.0 -32767.0 -0.43229654 -0.2788496 0.15987897 0.29181397 0.9055873 0.6335287 0.22417943 -0.07642405 -0.15027012 -0.3162282 -0.411436 -0.35525775 -0.12749556 0.009611154 0.07690812 0.089240305 0.07508782 -0.37046546 -0.5708655 -0.66331816 -0.54201424 -0.21207057 -0.015558277 -0.08902932 -0.03438829 0.15696262 0.18813042 -0.092434876 -0.4203464 -0.72683644 -0.445799 0.008742885 0.1363813 0.16169545
0.020311287 -0.03651021 -0.06521038 -0.047782607 -0.11442218 -0.14002633 -0.10811282 -0.016159436 0.16728678 -0.04344274 -32767.0 -32767.0 -32767.0 -32767.0 -32767.0 -32767.0 -32767.0 -32767.0 -32767.0 -32767.0 -32767.0 -32767.0 -32767.0 -32767.0 -32767.0 -0.38854408 0.048531387 0.1440281 0.39885572 0.76592594 0.2603733 -0.15755133 -0.15992108 -0.2103385 -0.1968479 -0.054755997 0.086610116 0.047067363 0.0034603225 0.015916875 -0.05227531 -0.48269862 -0.60794336 -0.45054877 -0.084520824 0.20783073 0.22265188 0.05493176 -0.027263695 -0.06484884 -0.06007681 -0.3119566 -0.4544512 -0.5125158 -0.29026535 0.09216824 0.11941608 0.14266458
-0.11494869 -0.14766897 -0.09099444 0.051342905 0.06000583 0.019869048 0.021989506 0.08729329 0.114869654 -32767.0 0.11797577 -32767.0 -32767.0 -32767.0 -32767.0 -32767.0 -32767.0 -32767.0 -32767.0 -32767.0 -32767.0 -32767.0 -32767.0 -32767.0 -32767.0 -0.2356098 -0.26143363 0.10843365 0.4634281 0.730688 0.19917001 -0.09741295 -0.19968408 -0.2301438 -0.13371529 -0.078715965 0.22523817 0.17487486 0.111906 0.021539653 -0.21179865 -0.44458884 -0.5183859 -0.35661462 0.07938735 0.23337848 0.19607946 0.030065512 -0.097640045 -0.26251477 -0.37762064 -0.4227999 -0.25798312 -0.22414362 0.12999535 0.27529818 0.15505686 0.091142215
-0.0750835 0.054041676 0.107556626 0.16456662 0.22273083 0.14269857 0.023693172 -0.05552032 0.002378772 0.005494476 0.3098123 0.09227667 -0.08569694 -0.0031539397 0.055756226 0.023729438 -32767.0 -32767.0 -32767.0 -32767.0 -32767.0 -32767.0 -32767.0 -32767.0 -32767.0 -32767.0 -0.19981037 -0.1147986 0.38921076 0.5877449 0.1725867 -0.0008890289 -0.2843928 -0.26644325 -0.123101786 -0.08341676 0.07962512 0.027966022 -0.08543563 -0.068782106 -0.05003625 -0.18457901 -0.2185337 -0.13333808 0.021696234 0.08893664 0.044903535 -0.09498667 -0.2634273 -0.4781039 -0.4797524 -0.23838635 0.102419 0.13747418 0.20418772 0.20208812 0.02589657 0.16630766
-0.21884356 -0.21820906 -0.033859476 0.10868507 0.12359183 0.11271771 0.04934887 0.067435056 0.06521075 0.057880227 0.1383007 0.061203763 0.033367336 0.055009373 0.026161332 0.030588105 -32767.0 -32767.0 -32767.0 -32767.0 -32767.0 -32767.0 -32767.0 -32767.0 -32767.0 -32767.0 -32767.0 -0.13178791 0.5442574 0.58025384 0.15230268 -0.09972569 -0.23112983 -0.12945735 -0.23009059 -0.16367748 -0.012384227 -0.066664375 -0.26683858 -0.24806851 0.03189092 0.047512535 0.008417269 -0.09503181 -0.14565393 -0.17879291 -0.06295118 -0.16117656 -0.4530206 -0.49757043 -0.40805542 -0.10451567 0.050766688 0.067046106 0.16972393 0.0905527 -0.009179046 0.3803665
-32767.0 -0.014410819 -0.13964519 0.047491614 0.1689065 0.10064946 0.07660995 0.07044853 0.19924279 0.24031018 0.20533115 0.14441922 0.06559007 0.05079595 0.10103025 0.07685062 0.1022993 -0.044795036 -32767.0 -32767.0 -32767.0 -32767.0 -32767.0 -32767.0 -32767.0 -32767.0 -32767.0 -32767.0 0.46873355 0.7174179 0.11726185 -0.15578339 -0.26911858 -0.08573506 -0.16219985 -0.18288879 -0.11499339 -0.055294808 -0.12736335 -0.08386463 0.1861567 0.34921446 0.06789099 -0.13231678 -0.2820896 -0.22986342 -0.115849786 -0.23492835 -0.14443 -0.13472684 -0.10287425 -0.02544548 -0.029837573 0.15161595 0.23114061 0.34881178 0.23674482 -32767.0
-32767.0 -0.024303231 0.022600295 -0.0015911851 0.1706557 0.14420031 0.102536425 0.1717233 0.2502791 0.30674073 0.28213817 0.19063614 0.16734433 0.041407548 0.054238554 0.09569875 -32767.0 -0.027487833 -32767.0 -32767.0 -32767.0 -32767.0 -32767.0 -32767.0 -32767.0 -32767.0 -32767.0 -32767.0 0.7108825 0.72725135 0.117015816 -0.09363523 -0.233009 -0.33949643 -0.27163672 -0.19946976 -0.21390294 -0.18020888 0.04727585 0.1662168 0.3741814 0.28524265 0.032129988 0.026845492 -0.33326682 -0.27196595 -0.18403794 -0.07264335 -0.05932774 -0.11366397 -0.04862593 -0.10657648 -0.16670576 -0.1051744 -0.06216863 0.2868069 0.40179637 -32767.0
-0.0006069215 0.064903185 -0.0258985 -0.08680688 0.082768135 0.09529355 0.12103787 0.21169116 0.22582439 0.288472 0.27768737 0.13692558 0.075651966 0.088215254 0.34993693 -32767.0 -32767.0 -32767.0 -32767.0 -32767.0 -32767.0 -32767.0 -32767.0 -32767.0 -32767.0 -32767.0 -32767.0 -32767.0 0.22703886 0.7479089 0.37180778 0.009812292 -0.048185293 -0.18187979 -0.2752919 -0.19916762 -0.14161894 -0.19591816 -0.04712794 0.14005072 0.33231512 0.18658595 0.06944018 -0.076570414 -0.31434217 -0.33128026 -0.18556215 -0.008640735 -0.13385995 -0.31045967 -0.21066046 -0.15456235 -0.20689559 -0.01751922 0.08137916 0.085862845 0.39974838 0.050847564
-0.03495173 -0.036935538 -0.004305277 -0.04329209 -0.007294568 0.08305913 0.090009235 0.12839437 0.20767464 0.25687465 0.15593676 0.08530036 0.090010576 0.06564029 0.13926433 0.093281664 -32767.0 -32767.0 -32767.0 -32767.0 -32767.0 -32767.0 -32767.0 -32767.0 -32767.0 -32767.0 -32767.0 -32767.0 -0.19601206 0.75103563 0.5611089 0.19493054 -0.04431689 -0.07433014 -0.1081272 -0.22185935 -0.26307684 -0.15707722 -0.09030316 -0.046110958 0.01003734 -0.029037239 0.21168245 0.009662917 -0.25421232 -0.30251366 -0.11198356 0.06108171 0.04035333 -0.17682068 -0.23608056 -0.10465127 0.24254608 0.48808205 0.58897245 0.21092705 0.0705968 -32767.0
-0.027523397 -0.021378791 0.002317195 -0.00047211035 0.039419003 0.19275898 0.22771312 0.17165035 0.0909364 0.026569378 0.004734784 0.009988105 0.04276249 0.07616201 0.033269953 0.22541817 0.11508981 -32767.0 -32767.0 -32767.0 -32767.0 -32767.0 -32767.0 -32767.0 -32767.0 -32767.0 -32767.0 -32767.0 -0.35411698 0.80810124 0.5979041 0.13343751 0.094536535 0.119482085 0.13098988 0.038890857 -0.09708082 -0.048487727 -0.0918797 -0.15808514 -0.11482301 0.009963675 0.26540148 -32767.0 -0.18584795 0.0007220912 0.0005789357 -0.041554928 0.06821219 0.021233963 0.02789445 0.0032311147 -0.08972192 0.49427417 0.58583564 -32767.0 -32767.0 -32767.0
-0.015562623 0.0036953446 0.031617317 0.0349438 0.052594498 0.15600891 0.22303385 0.21341205 0.102048546 -0.0041663414 -0.047602598 -0.028733522 -0.0089545 0.035799086 -0.009589819 0.12602007 0.10393952 -32767.0 -32767.0 -32767.0 -32767.0 -32767.0 -32767.0 -32767.0 -32767.0 -32767.0 -32767.0 -32767.0 -32767.0 0.8007599 0.58859104 0.035623 0.05572974 0.13768436 0.16064681 0.07661109 -0.116690464 0.05607135 0.09049357 0.06923771 0.03144906 0.092151 0.15219751 -0.06486617 -0.08881235 0.08138547 0.026381247 -0.17800139 -0.11324825 0.10055481 0.024904937 -0.015634378 0.121752396 0.46677056 0.3018116 -32767.0 -32767.0 -32767.0
0.012901757 0.022984074 0.06967836 0.10636359 0.10718144 0.14060399 0.1405744 0.12101974 0.12674876 0.06920819 -0.0051377947 -0.0021768021 0.011330161 0.05868133 0.024391407 0.16679029 0.08336195 0.022449156 -32767.0 -32767.0 -32767.0 -32767.0 -32767.0 -32767.0 -32767.0 -32767.0 -32767.0 -32767.0 0.5860283 0.80821586 0.5374906 0.0025378207 -0.090092264 -0.047116995 -0.050265506 0.122093596 0.16453393 0.18012245 0.061878923 0.07777641 0.13630898 0.2426103 0.13771328 -0.005878009 -0.03239172 -0.041054703 0.053457055 0.0040082214 0.072536655 0.11954621 0.17582157 -32767.0 0.15990575 0.045725685 0.08118519 -32767.0 -32767.0 -32767.0
-0.020747963 -0.00760462 0.07997919 0.12063679 0.17429443 0.13976482 0.13306643 0.12294699 0.14692755 0.059005592 0.02196374 0.04394641 0.08986956 0.06718252 0.06501401 0.09577916 0.015297166 -32767.0 -32767.0 -32767.0 -32767.0 -32767.0 -32767.0 -32767.0 -32767.0 -32767.0 -32767.0 -32767.0 0.53406227 0.62446195 0.3063692 0.090743616 -0.003866119 -0.008245978 0.007704979 0.07060351 0.07083564 0.19469662 0.08623785 -0.027764626 0.38677436 0.22050753 -32767.0 -32767.0 -0.0044595096 -0.018739002 -32767.0 -32767.0 -32767.0 -32767.0 -32767.0 -32767.0 -32767.0 -32767.0 -32767.0 -32767.0 -32767.0 -32767.0
-0.009839559 0.021479085 0.07351796 0.05211073 0.039242674 0.0056445673 0.018713987 -0.011404563 0.048762634 0.10063384 0.080838434 0.09357345 0.09127813 -0.12395987 0.024007503 0.0466035 -32767.0 -32767.0 -32767.0 -32767.0 -32767.0 -32767.0 -32767.0 -32767.0 -32767.0 -32767.0 -32767.0 0.3786351 0.4947772 0.36402127 -0.025207197 -0.039584417 0.012109901 0.013380716 0.17938888 0.18706849 0.15077698 0.0780802 0.12716502 0.19927657 0.1743804 -32767.0 -32767.0 -32767.0 -32767.0 -32767.0 -32767.0 -32767.0 -32767.0 -32767.0 -32767.0 -32767.0 -32767.0 -32767.0 -32767.0 -32767.0 -32767.0 -32767.0
0.087552026 0.041347545 0.041625224 -0.021832401 -0.10978356 -0.041574724 0.048774704 0.03621206 -0.012957131 0.01601738 -0.0452636 -0.0610161 -0.052533932 -0.11405385 -0.0423526 0.0081150625 -32767.0 -32767.0 -32767.0 -32767.0 -32767.0 -32767.0 -32767.0 -32767.0 0.08758759 -0.107947275 0.08873568 0.26697543 0.22741151 0.000101200305 -0.24552053 -0.21457027 0.05923094 0.20833704 0.37569347 0.3975133 0.22436726 0.12650001 0.17718157 -32767.0 -32767.0 -32767.0 -32767.0 -32767.0 -32767.0 -32767.0 -32767.0 -32767.0 -32767.0 -32767.0 -32767.0 -32767.0 -32767.0 -32767.0 -32767.0 -32767.0 -32767.0 -0.013375415
0.19545767 0.14564335 0.1341049 0.1285151 0.0443227 0.081393026 0.09477459 0.0027065454 -0.084142014 -0.06300022 0.0003710324 0.025805887 -0.16499665 -0.14391351 -0.06828035 0.022258995 -32767.0 -32767.0 -32767.0 -32767.0 0.0038118078 0.07561858 -0.07541177 -0.032847263 -0.08413608 0.114966765 0.18451847 0.62400955 0.06700063 -0.30093354 -0.13952933 -0.06045054 0.193872 0.45994705 0.5600626 -0.016216025 0.29842785 -0.014799641 -32767.0 -32767.0 -32767.0 -32767.0 -32767.0 -32767.0 -32767.0 -32767.0 -32767.0 -32767.0 -0.04832975 -0.07390158 -32767.0 -32767.0 -32767.0 -32767.0 -32767.0 -32767.0 -32767.0 -0.0033106722
0.31383651 0.23865838 0.19742706 0.18021823 0.18322718 0.15608756 0.15286551 0.081060015 -0.006777743 0.10175236 0.08758619 0.048879214 -0.06131138 -0.39315727 0.14787091 -32767.0 0.009905912 -32767.0 -0.014700028 -32767.0 0.0068338867 -32767.0 -0.048011396 -0.11775003 -0.14634314 -0.08964995 0.2869324 0.15556929 -0.23847172 -0.10431902 0.011134407 0.121410355 0.37017196 0.5529934 0.23407632 0.0061442037 -32767.0 -32767.0 -32767.0 -32767.0 -32767.0 -32767.0 -32767.0 -32767.0 0.059001002 -0.021783978 -0.04082713 -0.097217724 0.038265675 -0.04901428 -0.07555228 -0.0054044947 -32767.0 -32767.0 -32767.0 -32767.0 -32767.0 -0.04524988
0.21847709 0.22999842 0.15180689 0.16204624 0.21419144 0.23022395 0.17120181 0.1386218 0.123838596 0.11453545 0.05937073 -0.053625744 0.043308392 -0.06143 -0.25682595 -0.1661956 0.033004873 0.0021035634 -0.03936723 -0.018768452 -0.07906902 -0.103860416 -0.06745849 -0.1364887 -0.19589318 0.0013394691 0.24336609 -32767.0 -0.10820563 0.19973485 0.156207 0.16258942 0.27615017 0.3425422 -32767.0 -32767.0 -32767.0 -32767.0 -32767.0 0.078016356 -0.0008773223 0.09961587 0.10278515 -0.04909898 0.11596315 0.0019664485 -32767.0 -32767.0 -0.11345782 -0.12087321 0.013389725 -32767.0 -32767.0 -32767.0 -32767.0 -32767.0 0.37750703 0.43999636
0.18196067 0.13452302 0.03979377 0.13471454 0.11808679 0.07420737 -0.049159694 -0.07755874 -0.039231118 -0.035283346 -0.062081356 -0.24035059 -0.043389227 -0.14487524 -0.1273416 -0.15307058 -0.122381054 0.11193773 0.12369626 -0.15943447 -0.12959345 -0.056071997 -0.00675988 -0.037641678 -0.020016197 0.024427595 0.016509779 -0.04604403 0.09705842 0.11319953 0.10091439 0.08746356 0.1884709 0.076256044 0.054811575 -32767.0 -0.076591164 -0.026230266 -32767.0 -0.06975496 0.1370635 0.025817227 -32767.0 0.042129196 0.04011753 -32767.0 -32767.0 -32767.0 -32767.0 -0.20251542 0.1582327 -32767.0 -32767.0 -32767.0 -32767.0 0.18673386 0.50955725 0.43563238
0.056595866 0.10577089 0.06321233 0.16932309 0.17059703 0.02005178 -0.1004111 -0.21142988 -0.26521206 -0.20084845 -0.16580503 -0.08711407 -0.02466762 0.03886334 -0.051695086 -0.035100527 0.19502775 0.07066009 -0.109204665 -0.01805586 0.102559924 0.05849126 0.06362025 0.08389681 0.081290096 0.004426298 0.045211967 0.13392724 0.1448477 -32767.0 0.11920707 0.10188044 -32767.0 -32767.0 0.03026899 -0.081527814 -0.04759906 -0.13140458 -0.005605628 0.21034472 -0.028146315 -32767.0 -32767.0 -32767.0 -32767.0 -32767.0 -32767.0 -32767.0 -32767.0 -0.062409807 0.09366235 -0.05815129 -32767.0 -32767.0 0.3099511 0.43525723 0.23539257 0.17725429
