static/data/seaWater_vo/2023/7/12/18.asc
ncols 137
nrows 93
xllcorner 108.0
yllcorner 17.0
cellsize 0.25
NODATA_value -32767
[rows 26 to 51 of 93, columns 58 to 115 of 137]
0.09667695 -0.10100735 -0.10122135 -0.15001993 -0.01190715 -0.0054866527 -0.042104088 -0.045747116 -0.18746234 -0.20766862 -0.15041274 -0.034295157 0.046244167 0.06513402 0.049216177 0.12265076 -32767.0 -32767.0 -0.20223935 0.21290833 0.28058967 0.28168333 0.34639868 0.31677192 0.2979585 0.21037522 0.17442757 0.15244673 0.09501944 0.013707954 0.0147135435 -32767.0 -32767.0 -32767.0 -32767.0 -32767.0 -32767.0 -0.18781556 -0.0658373 0.2050393 -32767.0 -32767.0 -32767.0 -32767.0 -32767.0 0.0054145614 -32767.0 -0.15159306 0.12651956 0.10682886 -0.19454862 -0.32878938 -0.16967303 -32767.0 0.14231703 -0.033646885 -0.1360627 -0.03168199
-0.023261853 -0.08991262 -0.010630069 -0.15811068 -0.11481826 -0.035197802 -0.04516814 0.017905403 0.017423714 0.03008584 0.11821657 0.17401025 0.2691022 0.28612563 0.23778076 -32767.0 -32767.0 0.12874746 0.21459238 0.38487214 0.49185538 0.35397342 0.30514705 0.3193959 0.21515802 0.11939142 0.09553515 -0.069221795 -32767.0 -32767.0 -32767.0 -32767.0 -32767.0 -32767.0 -32767.0 -32767.0 -32767.0 -0.14555739 -0.2610028 0.20367399 -32767.0 -32767.0 -32767.0 -0.119463325 0.08599151 -0.20647763 -0.08669453 0.0367408 0.1031175 -0.077419795 -0.3018353 -0.5206746 -0.18418725 0.021771422 -0.08190933 -0.13222754 -0.16217993 -0.026378406
-0.02572567 0.067928106 -0.060887344 -0.011154623 0.03306959 -0.012831235 0.0577047 0.15311034 0.23044918 0.20404701 0.27145335 0.36765513 0.4606525 0.44388357 0.34875837 0.2543636 0.25297195 0.3266974 0.38729858 0.41425586 0.40563872 0.4019429 0.3795833 0.29890347 0.16155148 0.111033924 -32767.0 -0.20193586 0.01964253 -32767.0 -32767.0 -0.019333972 -32767.0 -32767.0 -32767.0 -32767.0 -32767.0 -32767.0 -0.26887742 0.008740795 -32767.0 -32767.0 0.017613092 0.21446092 -0.07730043 -0.50041866 -0.12425924 0.0669554 -0.041799277 -0.11693088 -0.29544836 -0.42514336 -0.0977019 -0.15054381 -0.08120992 -0.09411778 -0.091072604 -0.003554387
0.034602184 0.108295545 -0.0154698035 0.008894088 0.13825071 0.21459249 0.18844172 0.15478821 0.24866757 0.27604023 0.3205995 0.41519576 0.4229456 0.35869434 0.3670768 0.33292937 0.2533685 0.46189398 0.41433433 0.341733 0.35694882 0.343771 0.27430165 0.19667211 0.07553601 -32767.0 -0.012342512 -0.046046767 0.06685379 -0.06683916 0.059432648 -32767.0 0.05194701 -32767.0 -32767.0 -32767.0 -32767.0 -32767.0 -0.07520262 0.051585846 -0.07099512 -0.22891997 0.011891404 0.13153408 -0.23539776 -0.48480585 -0.111809045 -0.008661584 0.06171555 0.0052178428 -0.2190914 -0.3023562 -0.22863421 -0.22221 -0.17922945 -0.11548061 -0.049403224 0.013459426
0.07130159 0.033764884 0.115314506 0.12518212 0.06405054 0.16235366 0.20281774 0.17949441 0.1996737 0.2440112 0.2293111 0.30308306 0.3051411 0.3601598 0.34814465 0.28945914 0.37071887 0.37269154 0.3638559 0.29415902 0.23714419 0.1968257 0.105669625 0.09430915 -0.017063027 -0.036242917 0.08361469 0.067331 -0.13793175 -0.015206525 -0.006894443 -0.021994794 -0.026232095 -32767.0 -32767.0 -32767.0 -32767.0 0.10551941 0.26983327 -0.072526425 -0.27278528 -0.38819504 -0.23795171 -0.14661144 -0.2489706 -0.22824551 -0.036798935 0.11005294 0.12445031 0.018351577 -0.16458547 -0.32208905 -0.33632 -0.2979321 -0.20343007 -0.0940325 -0.12268641 -0.04567016
0.044885404 0.007911255 0.09168193 0.15517232 0.12346918 0.17952558 0.10880449 0.113088824 0.10747355 -0.00043155067 0.053595133 0.11638223 0.17068708 0.35713303 0.30582473 0.2784391 0.257097 0.21142554 0.18473189 0.11615494 0.10007458 0.1165497 0.1262967 0.071746066 0.055474125 0.02461506 0.03745047 -0.00882473 -0.15726899 -0.11101793 -0.07540793 0.024339711 0.004172441 -32767.0 -32767.0 -32767.0 -32767.0 0.23072307 -0.1411921 -0.14477533 -0.14751104 -0.21411921 -0.16250448 -0.104718074 -0.09348175 0.027290538 0.18079866 0.20874012 0.13556217 0.033926073 -0.13729762 -0.37164465 -0.5467503 -0.55389416 -0.41825223 -0.19318853 -0.1852001 0.059230812
0.08084029 0.093573555 0.13123327 0.1767246 0.22186789 0.24401648 0.21487635 0.1278927 0.12204626 0.13037667 0.10652942 0.1259595 0.030201625 0.09221068 0.044433855 0.098347075 0.08120656 0.11964567 0.12491892 0.10691073 0.16217026 0.2249356 0.22141147 0.18433236 0.0776148 0.023269322 -0.045776714 -0.078635775 -0.17574081 -0.17896536 -0.049058933 -32767.0 -32767.0 -32767.0 -32767.0 -32767.0 0.14953388 0.0001932013 -0.1638997 0.0106470445 0.31724268 0.25735933 0.1272383 0.095645905 0.14803247 0.24618526 0.2574228 0.16152923 -0.00821519 -0.17568152 -0.31201646 -0.5071689 -0.7418656 -0.85270655 -0.7772356 -0.39918095 -0.19842635 0.1778318
0.1426831 0.27200955 0.32025474 0.36565727 0.23016524 0.19481927 0.21693541 0.16754551 0.06622992 0.06828282 0.19272247 0.10409051 0.18112227 0.09077287 -0.08649791 -0.06399935 0.007277701 0.07209368 0.095944166 0.2099259 0.22130643 0.23031431 0.26675525 0.24603748 0.18034136 0.13426045 -0.033383235 -0.2608142 -0.30602595 -0.21508013 -0.07974657 -32767.0 -32767.0 -32767.0 -32767.0 -32767.0 0.052595075 0.006186685 -0.06572146 0.7415603 0.7231388 0.5191361 0.39770192 0.3298311 0.23469447 0.14323168 0.077865034 -0.00042311847 -0.08180383 -0.20351604 -0.4233875 -0.6893152 -0.9557455 -1.09579 -1.0778978 -0.58546674 -0.20113061 0.26052025
0.21286699 0.30355307 0.38922974 0.3742498 0.2071519 0.13954003 0.15025643 0.15784268 0.13620059 0.101007685 0.033063598 -0.013163915 0.02152851 0.08516043 0.054280855 -0.0067125135 0.03163917 0.06439767 0.15941511 0.29705158 0.24479507 0.261284 0.2688785 0.17909804 0.20709184 0.16254446 0.043525442 -0.27498853 -0.4225491 -0.19394022 -0.09690576 0.013200933 -32767.0 0.21162497 -32767.0 -32767.0 0.116044655 0.28682616 0.7007327 0.6673728 0.59449786 0.51771575 0.49457088 0.38659513 0.31976452 0.22404608 0.124195315 0.060242012 -0.046650596 -0.22085355 -0.45693874 -0.76441157 -1.121031 -1.2792032 -1.2733116 -0.639122 -0.15130933 0.28303802
0.3010253 0.3863895 0.41156247 0.3590729 0.179384 0.08876421 0.093251996 0.028815588 -0.033738945 -0.039520428 -0.077042125 -0.04796569 -0.037146814 0.11509694 0.17724538 0.070853904 0.06240773 0.11852447 0.18505284 0.25201988 0.26807848 0.27077582 0.25397325 0.21394357 0.29763022 0.16055857 0.045408405 -0.2942454 -0.37208062 -0.19733618 -0.054263286 -0.047431245 -0.0013226353 0.031775028 -32767.0 0.07782591 0.6977133 0.63989186 0.6456002 0.6791445 0.4198145 0.57299715 0.5180762 0.4423008 0.3379449 0.23547308 0.17594568 0.15937594 0.05829023 -0.18063281 -0.47556147 -0.82054454 -1.2163794 -1.4222655 -1.3936259 -0.591679 -0.035844576 0.284105
0.28152093 0.23305403 0.29495266 0.36312777 0.29574934 0.16202636 0.023953794 -0.04251571 -0.05228616 -0.064112745 -0.08099802 -0.002310706 0.038465537 0.06994668 0.14771706 0.12388529 0.061416447 0.20526655 0.23442143 0.21102743 0.22348899 0.31268573 0.28224775 0.28863794 0.28427297 0.13854651 -0.06708431 -0.311218 -0.1947876 -0.098523304 0.015490202 0.11016237 -0.023152262 -32767.0 0.683178 0.30175504 0.19503345 0.8063633 0.68163145 0.5564292 0.45836204 0.4612439 0.50673044 0.42947996 0.27261567 0.19683181 0.1356248 0.09394311 0.17193723 -0.03439136 -0.39963338 -0.90685034 -1.3313944 -1.5118545 -1.442443 -0.49209085 0.01798359 0.35068402
0.14390583 0.4007864 0.2246615 0.42242256 0.3563797 0.20571104 0.02662248 -0.070282616 0.037389897 0.018029913 -0.008574639 -0.0653332 -0.059741348 0.013755957 0.030349148 0.08570662 0.12058049 0.13268445 0.23026383 0.27379978 0.3482945 0.40071645 0.30870256 0.25738782 0.19697863 0.020996388 -0.052359115 -0.31029496 -0.021078737 0.08104756 0.118437536 0.11610257 0.037887003 0.09193934 0.12767105 0.015677594 0.8004969 0.789459 0.71339226 0.53418505 0.445023 0.32945165 0.5002227 0.32311076 0.05618837 0.36691043 0.27919117 0.16132164 0.060190324 -0.01817145 -0.35023063 -0.9268614 -1.355513 -1.4819009 -1.4293591 -0.42002794 0.20052208 0.2830046
0.10955174 0.177864 0.35388243 0.3912876 0.39832452 0.2876373 0.12588954 0.04925493 0.116542295 0.08747278 0.07050561 -0.0064222193 -0.00912394 -0.0042588543 0.004567275 0.06805945 0.12427677 0.17171197 0.23316944 0.32745785 0.40497532 0.3657256 0.38654992 0.36417842 0.28709525 0.11268383 -0.2204994 -0.23584342 0.0110497335 0.13440268 0.30352563 -32767.0 -0.0042176554 -0.34190348 -32767.0 0.61400694 0.7030575 0.8953315 0.681339 0.41883105 0.33893666 0.2844264 0.44997755 0.17059529 0.14369589 0.43115622 0.3204655 0.32898447 -0.016754303 -0.11911103 -0.42480153 -0.83043426 -1.2780815 -1.4252092 -1.4051847 -0.37152985 0.2799413 0.5127634
-32767.0 0.37200475 0.356548 0.4329399 0.42839244 0.347952 0.3075294 0.31556898 0.1937416 0.20127216 0.2175645 0.118104905 0.089972384 0.07543285 0.04885171 0.115835644 0.1217676 0.21204376 0.23835096 0.31223968 0.3914442 0.47493044 0.5589752 0.50989676 0.3763572 0.12475824 -0.15004458 -0.42176077 -0.19016965 0.13210586 0.26405996 0.02417226 -32767.0 -0.34965023 0.31092155 0.5637899 0.70257133 0.8768782 0.584995 0.40852547 0.2815172 0.19251068 0.40452898 0.16894159 0.15110973 0.38063332 0.41859096 0.2624869 -0.07617717 -0.31756622 -0.43702254 -0.68180054 -1.0889269 -1.3265126 -1.3352696 -0.41943008 0.26115695 0.8741907
0.3690972 0.3086574 0.43107986 0.38521513 0.38522142 0.3295547 0.29175162 0.29967985 0.23969758 0.14552768 0.05980115 0.203994 0.19298773 0.18347095 0.1850465 0.22295816 0.3201616 0.35801095 0.41109884 0.39360186 0.52688074 0.71701807 0.736631 0.64024353 0.3550574 0.06840424 -0.2418487 -0.42389393 -0.4972241 0.116667524 -0.1303197 0.014771159 0.082213745 0.25424019 0.44357538 0.5675347 0.7339841 0.6048413 0.56696093 0.41871983 0.29660848 0.15023747 0.25819406 0.27971616 0.063275814 0.30711555 0.31374165 0.21042806 0.00034327467 -0.35616407 -0.58972406 -0.39317265 -0.7778645 -1.1043952 -1.1465443 -0.41073075 0.37464774 0.79203886
0.21969658 0.507862 0.35276625 0.38270208 0.1883276 0.11888768 0.18003519 0.08889866 0.073102586 0.0902269 0.05758599 0.11039741 0.24804857 0.2958338 0.2659883 0.23485555 0.27747187 0.40428355 0.4387765 0.5788093 0.6918788 0.8904262 0.80264723 0.5386706 0.22600004 -0.05413761 -0.30219316 -0.47470358 -0.37896678 -0.11562289 -0.1944928 -0.0018134317 0.2869072 0.2882115 0.46423325 0.57649535 0.5087238 0.58655465 0.42038336 0.3595821 0.28924206 0.21154743 0.17736754 0.1870843 0.04041581 0.19748089 0.14623411 0.14769779 0.14239891 -0.13396141 -0.45397213 -0.57205117 -0.4882244 -0.69615406 -0.8629468 -0.38452694 0.21141456 0.7178085
0.41285506 0.36203304 0.28093013 0.34017548 0.3315478 0.38440892 0.15457828 0.20750391 0.12395335 0.06498477 0.12724915 0.13936475 0.23091638 0.26264897 0.23090912 0.16151413 0.2100082 0.38007957 0.53285205 0.47839674 0.8201413 0.9496571 0.7490828 0.4433974 0.21586485 0.011261183 -0.23670942 -0.45362663 -0.47229847 -0.50089866 -0.13148066 0.018140707 0.074546754 0.45827317 0.56338364 0.41418904 0.39054555 0.29478675 0.14584869 0.23869233 0.22096336 0.2508495 0.26036564 0.19071275 0.08355611 -0.12259273 0.08549778 0.1021218 0.05150543 0.05082901 -0.15352795 -0.4057377 -0.4266097 -0.36040625 -0.33129436 -0.2218993 0.16563393 0.4893893
0.3557702 0.3633551 0.31184953 0.30193865 0.27840313 0.28544644 0.18015182 0.22404927 0.09551262 0.09974662 0.16360861 0.116498135 0.16387789 0.16125889 0.048774846 0.10953368 0.23876835 0.38609245 0.2621153 0.43077198 0.9217051 0.9544195 0.6638561 0.3890456 0.3155594 0.048010226 -0.19447911 -0.25720698 -0.605865 -0.106827356 -0.007963097 0.08047665 0.21890996 0.47071445 0.41028455 0.17726555 0.105622746 0.23620218 0.26999325 0.23236452 0.22985893 0.28337133 0.21196648 0.09637147 0.04474169 -0.071299314 -0.20624323 0.11672869 0.09888466 -0.018856782 -0.046559725 -0.0970803 -0.25475162 -0.3326796 -0.19224036 -0.007820841 0.09721635 0.21687812
0.48440486 0.3795774 0.33000937 0.16686542 0.33934742 0.30791682 0.12912233 0.2828158 0.066263326 0.09921147 0.12267405 0.034662247 0.07434386 0.044481926 -0.058276016 0.0013966255 0.14428884 0.17919262 0.085310556 0.38111073 0.98206824 0.9418416 0.5676663 0.39726084 0.3027957 0.08514781 -0.17178378 -0.28961405 -0.10767852 -0.13317846 -0.073992 -0.01093767 0.03139366 0.22892396 0.28118396 0.16713057 0.21848205 0.29448146 0.3358952 0.30741474 0.26485837 0.20651953 0.17403585 0.0916777 -0.06129702 -0.0921315 -0.07064471 -0.027926415 0.09151208 0.062404383 0.016624613 -0.07397838 -0.089809574 -0.08916628 -0.12922521 -0.11497806 -0.0176065 0.14156309
0.48606536 0.4220632 0.30585635 0.4130181 0.05987641 0.15787771 0.2470249 0.2475791 0.17193097 0.14419381 0.04209738 0.0012995356 -0.008179605 -0.032359462 -0.043613426 -0.047371324 0.04327064 0.17893071 0.2434725 0.6320291 1.0439147 0.8104382 0.42467427 0.3418452 0.26803425 0.13232803 -0.021064054 -0.059281964 -0.03765062 -0.046513338 -0.01715112 0.0358738 0.09374038 0.11557586 0.16929184 0.26236305 0.39649886 0.43436152 0.32766297 0.241872 0.1314279 0.082497105 0.012161038 0.075204074 0.02507528 -0.1209668 -0.15531822 -0.07313952 0.03859291 0.083906144 0.18290107 0.09477313 0.011212482 -0.041461747 -0.018732527 0.029647127 0.032595914 -0.019869853
0.52651703 0.46300647 0.32943028 0.22126435 0.37344545 -0.12655003 0.26807794 0.17760883 0.15847267 0.22529241 0.120560825 0.029282248 -0.009618194 0.0003577657 0.03528723 -0.010516259 0.09708463 0.33536 0.65962356 0.9116931 0.8454769 0.5563749 0.20731394 0.22346625 0.13110574 0.22446011 0.12750643 -0.01834287 -0.102694355 -0.061112486 -0.09279665 -0.01793384 0.2902444 0.28130716 0.3337828 0.41218957 0.39443555 0.31168061 0.25904253 0.17251886 0.068673685 -0.05812184 -0.177445 -0.13384625 0.0020434018 -0.056046136 -0.25694942 -0.25241223 -0.049088273 0.14306486 0.09283128 0.023302719 0.022694511 -0.013179908 -0.073591545 -0.14133942 -0.102169245 0.13024074
0.66277635 0.33733475 0.48131514 0.028517593 0.33984828 0.007847761 0.013583692 0.08260351 0.18194441 0.20753655 0.22560836 0.04104446 -0.010710857 0.0059883175 0.15568371 0.25363117 0.4354026 0.6797308 0.7348358 0.705728 0.5025761 0.2540861 0.043837916 0.12048503 -0.11010348 0.24249184 0.19013599 -32767.0 -0.17573167 -0.06840557 -0.10993952 0.33643302 0.34042382 0.39992145 0.45709023 0.41628265 0.40316725 0.36586386 0.27947965 0.17972341 0.08366968 -0.06968375 -0.22710378 -0.29876685 -0.10410959 -0.027297204 -0.26948658 -0.29796094 -0.058412705 -0.04733333 0.0032704934 0.017660208 -0.031104883 -0.091754705 -0.16496143 -0.037934445 0.12788187 0.15641718
0.7574578 0.4009986 0.3128006 0.18580589 0.18384905 0.014826418 -0.036291942 0.065416485 0.18246716 0.2405211 0.25666884 0.0357404 -0.050560296 0.060034484 0.22099313 0.42549735 0.6354928 0.7863453 0.6993817 0.46212047 0.24051633 0.11765131 0.11859344 -0.0027880261 -0.16412714 0.10591851 0.22002205 -0.058588028 -0.20153785 0.23264042 0.2948532 0.25859332 0.38344932 0.44639927 0.45587644 0.46723107 0.37385228 0.25525206 0.1784439 0.123947576 0.02416198 -0.07811116 -0.25139332 -0.4064727 -0.15306067 -0.11611788 -0.44700783 -0.37362537 -0.25335416 -0.07224218 -0.084684074 -0.1019599 -0.046674315 -0.00097406853 0.013909625 0.08380547 0.18419175 0.06885526
0.61790425 0.44063413 0.19828519 0.2343373 0.08710898 -0.027389947 -0.043437656 0.07669997 0.15398861 0.23732333 0.16977131 0.020515466 0.05434494 0.17173089 0.30386707 0.6284677 0.92001003 0.7990709 0.5008492 0.21580611 0.12305944 0.14019209 -0.011273724 -0.029161464 -0.24258636 0.05068733 -32767.0 -0.04501502 0.30472976 0.23651434 0.22233266 0.34748942 0.40407503 0.45080355 0.49357986 0.4275955 0.31980553 0.34801313 0.42673427 0.122470796 -0.12052125 -0.20923258 -0.33153027 -0.43038955 -0.15307076 -0.4002085 -0.5701426 -0.50062597 -0.23024935 -0.07373398 0.057538617 0.08070901 0.019186981 -0.0181384 -0.03894199 -0.028888779 -0.15496649 -0.12035183
0.48579273 0.2892185 0.33119637 0.17447402 0.013039851 -0.0010736636 0.04495336 0.063080475 0.021506818 0.16130933 0.10869585 0.022398615 0.105076045 0.40281186 0.35572705 0.87637 1.0335789 0.6659851 0.28427383 0.048721887 0.10145378 -0.022864737 -0.06686088 -0.13977991 -0.27245733 -0.046567112 -0.111883774 0.26505622 0.20079714 0.15088955 0.30372977 0.3529915 0.40215164 0.47287536 0.44533637 0.3258459 0.3776173 0.37468934 0.22581825 -0.0052915085 -0.14042516 -0.2841577 -0.4527521 -0.35402697 -0.42850804 -0.6564601 -0.6316193 -0.19158103 -0.0588384 -0.04535265 0.066080004 0.047426857 0.062225062 0.046106417 -0.07668605 -0.14801702 -0.30785322 -0.073952466
0.28778952 0.4364239 0.256275 -0.0032266877 -0.0006375463 0.013868352 -0.011435015 -0.045802843 0.036396373 0.034649365 0.09898944 -0.0027378448 0.38271478 0.439739 0.6116823 1.1962252 0.9312411 0.4023264 0.03267878 0.056131534 -0.048046537 -0.049707495 -0.05447387 -0.17825708 -0.057887442 -0.108981095 0.20332615 0.18121913 0.0504037 0.21765062 0.3482939 0.3296002 0.3890084 0.41986632 0.33991086 0.26067674 0.3296405 0.3558409 0.10025831 -0.071878605 -0.22506341 -0.38760638 -0.39342996 -0.4438353 -0.70109683 -0.74448234 -0.2826323 -0.098059684 -0.092141606 -0.049601864 0.093333796 0.19367822 0.124197505 0.018276999 -0.19863257 -0.18596652 -0.24069838 -0.011236296
