static/data/seaWater_vo/2023/7/12/6.asc
ncols 137
nrows 93
xllcorner 108.0
yllcorner 17.0
cellsize 0.25
NODATA_value -32767
[rows 52 to 77 of 93, columns 58 to 115 of 137]
0.33272278 0.20950596 0.04171958 -0.029925067 0.0051371665 -0.026501607 -0.009685658 -0.012902161 0.0079038255 0.017537162 0.015547516 -0.09913863 0.06494268 0.12230172 0.77125716 1.0989188 0.68600076 0.28629392 0.09234937 0.19373386 0.047515344 0.09878785 0.039549973 -0.08269765 -0.09967477 -0.24385361 0.11514594 0.16106598 0.10726791 0.3224507 0.5252905 0.37501258 0.44146264 0.49569035 0.43476903 0.36936802 0.27972874 0.2745137 0.18505248 -0.011641969 -0.1398588 -0.15588671 -0.19854422 -0.41542938 -0.6480458 -0.6705763 -0.29025793 -0.12980382 0.021786867 0.16941333 0.29433018 0.6810509 0.47068566 0.18344197 -0.121040754 -0.167106 -0.33357263 0.11193598
0.23811355 0.13142341 0.11651754 -0.060891718 -0.11284239 0.014249108 0.07941179 0.03156608 0.018039651 0.0213907 0.044173725 0.14759392 0.3427627 0.6512688 0.965545 0.7851712 0.40446866 0.069107406 -0.0155537445 0.11148416 0.038643982 0.24408455 0.07924591 -32767.0 -0.22323579 -0.11901198 0.02865695 0.12846574 0.10550023 0.35078907 0.5858664 0.42005 0.43380287 0.44097355 0.38006443 0.310991 0.23805493 0.17125472 0.096134745 0.024793094 -0.051211912 -0.18767905 -0.4015956 -0.642403 -0.65703785 -0.34777763 -0.299056 -0.16733113 0.2565684 0.32374808 0.7387329 0.7350142 0.5411563 0.22154243 -0.109130874 -0.4078159 -0.42356744 0.15412876
0.122888006 0.17029166 0.14236917 0.13398857 0.044559665 -0.0008344771 0.011438276 0.07283821 0.11412588 0.11336386 0.21321581 0.47879392 0.767486 0.7717519 0.67013663 0.5480795 0.24868378 -0.048430555 -0.049311396 0.16419013 0.21827292 0.122558154 0.11320069 0.044845257 -0.12770641 -0.060973685 -0.005903564 0.16927977 0.12154901 0.37672 0.61252916 0.42341536 0.40096667 0.41512212 0.34643692 0.25825858 0.19285136 0.14792378 0.055922408 -0.05118944 -0.21434046 -0.39708257 -0.57552946 -0.5737009 -0.36334765 -0.3565088 -0.34221455 0.12746191 0.3495533 0.43818507 0.8377706 0.7617199 0.5550794 0.26416016 0.020744566 -0.40742892 -0.5549555 -0.18150854
0.15677367 0.20354319 0.15227546 0.12832619 0.06995514 0.10534438 0.18729044 0.40508515 0.4616299 0.46821848 0.5685546 0.5966279 0.53111386 0.51962 0.50146693 0.42631832 0.110024355 0.16111943 0.19252197 0.16818911 0.1984117 -32767.0 0.12534083 -0.06882771 -0.14085312 -0.035625767 -0.010933351 0.16358599 0.2456818 0.3383323 0.65999824 0.49130636 0.39498618 0.38108698 0.2469941 0.16599204 0.09790364 -0.013150221 -0.167075 -0.3024114 -0.3852479 -0.37467045 -0.27298912 -0.17358336 -0.2747926 -0.42085055 -0.10166221 0.35449123 0.39835632 0.5521155 0.8147446 0.7524672 0.65326405 0.31701332 0.100899465 -0.13440368 -0.49646568 -0.4897932
0.20034306 0.27009156 0.16046007 0.13451779 0.13550566 0.15213785 0.16418426 0.20020026 0.2548658 0.39848876 0.55791354 0.48106518 0.45777124 0.44273412 0.4189116 0.33140963 0.22048643 0.2731609 0.27051088 0.17304553 0.158407 0.050460048 -0.020109368 0.04023942 -0.114484824 -0.06619144 0.008283748 0.03130365 0.20863494 0.3174841 0.5953516 0.49915698 0.35134467 0.34724268 0.2496023 0.12882237 -0.0077667385 -0.15019427 -0.24511223 -0.2917868 -0.2413745 -0.10338797 -0.064832665 -0.15235731 -0.25770706 -0.2052762 0.12770316 0.48177958 0.41475454 0.69778955 0.7435804 0.6430338 0.74464434 0.3837018 0.16114937 -0.068083756 -0.20785396 -0.2896892
0.35454193 0.40663418 0.3264881 0.1973469 0.028557358 0.04860953 0.0697089 0.28124592 0.3066537 0.47983202 0.41250867 0.43102664 0.3948345 0.41682187 0.37089896 0.31868777 0.32079446 0.31424588 0.29568022 0.22838922 0.21268052 0.14302924 0.043433126 -0.06478492 -0.14446077 -0.08511196 -0.08276068 -0.028264714 0.1314321 0.20697919 0.42503408 0.621135 0.42942977 0.29174834 0.22190572 0.09498121 -0.030600447 -0.1257242 -0.16471528 -0.0880044 -0.00745889 0.043353416 -0.04210756 -0.15572062 -0.144185 0.05283779 0.27617553 0.37445506 0.4004966 0.63702047 0.5599031 0.49645248 0.5314294 0.5604653 0.20851958 0.042814165 0.019963568 -0.016355086
0.48744753 0.70086193 0.4824892 0.35541603 0.19801821 0.09796921 0.14551966 0.1363527 0.2425687 0.2513751 0.48320842 0.37386093 0.2578781 0.3179689 0.3641594 0.29560098 0.28614473 0.35738304 0.25416753 0.18278423 0.2297361 0.25427344 0.19121468 0.06688956 -0.0577228 -0.18025722 -0.1814454 -0.06796799 0.1288474 0.098989956 0.25310144 0.64479446 0.5592557 0.43739015 0.1751755 0.04726932 -0.031230805 -0.08941201 -0.18214484 -0.196311 -0.07848583 0.031698152 -0.035529003 -0.09032443 -0.034602422 0.10492573 0.23639244 0.2331813 0.41663066 0.50884855 0.49250862 0.5178898 0.39067167 0.6027732 0.4339659 0.10196114 0.11341812 0.07152384
0.67133677 0.79190516 0.5882938 0.4339682 0.18761003 0.14198512 0.16328454 0.051293306 0.20505498 0.35865995 0.3995931 0.33163482 0.06674648 0.32114804 0.3621371 0.29606727 0.27870017 0.37984768 0.19061625 0.10335707 0.36475638 0.25478336 0.22208548 0.15272771 0.027026368 -0.1408746 -0.23826157 -0.20002995 0.059374716 0.035345715 0.14533167 0.6255626 0.588682 0.3999215 0.21445343 0.05871368 -0.03356511 -0.013161421 -0.067122325 -0.09992428 -0.13066936 -0.16215056 -0.07965552 -0.0026093568 0.088559985 0.17514922 0.17168207 0.3031512 0.42849314 0.48070443 0.45175064 0.5520077 0.35043398 0.5188153 0.575831 0.27772415 0.04015243 0.10020164
0.91005915 0.66387266 0.55422723 0.3210332 0.15764028 0.20891067 0.23219569 0.098457724 0.20084505 0.31210038 0.45642766 0.12708811 -0.0029540593 0.42277673 0.4536702 0.34346253 0.2837683 0.31347516 0.15130024 0.2336329 0.37641254 0.29975715 0.24081835 0.10362943 0.06240026 -0.06538133 -0.21452887 -0.27326357 -0.0299514 -0.018233456 0.1278541 0.6385853 0.5562154 0.36337787 0.14916801 0.06762984 0.045089573 0.0455876 -0.015042279 -0.073205404 -0.12460705 -0.11993291 -0.103916705 -0.09524461 0.015458475 0.17211281 0.20053035 0.29820684 0.34079444 0.35939336 0.4354504 0.560346 0.39005023 0.54725397 0.56920475 0.3672699 0.18788402 -0.02142423
0.86950165 0.571103 0.40322965 0.08243666 0.26342887 0.3406094 0.2262116 0.034416795 0.2061872 0.2922369 0.4143974 0.107094124 0.24673262 0.5278997 0.48692316 0.3365424 0.24335685 0.25600663 0.14903083 0.32053193 0.36050785 0.31261915 0.18975604 0.006984027 -0.041738868 -0.00069570186 -0.19391026 -0.29616815 -0.045406118 0.06920555 0.43874893 0.65894943 0.39879996 0.20556106 0.1752485 0.28309453 0.22295688 0.19269587 0.20605582 0.18738936 0.09281802 -0.02181536 -0.12458058 -0.05659038 0.015843347 0.07291199 0.15339872 0.20736678 0.26018795 0.2680184 0.3300105 0.5150262 0.51988906 0.59141266 0.5007844 0.2851401 0.16933529 0.03695682
0.6486644 0.36422282 0.22607085 0.23618817 0.3101333 0.106120996 0.15835762 0.054004744 0.35051906 0.32208532 0.32549506 0.33377805 0.42615235 0.49202573 0.43494356 0.32511312 0.21648054 0.22567087 0.14510119 0.30301386 0.35647863 0.31030074 0.20409593 -0.0498735 -0.03344536 -0.05604533 -0.23892535 -0.23672816 -0.02743361 0.29145148 0.59875786 0.5258709 0.30610538 0.12703621 0.082223415 0.3721755 0.35735598 0.3384918 0.48147258 0.33650982 0.18958147 0.030133404 -0.04849464 -0.08693447 -0.08505593 -0.0071274084 0.09888249 0.22938022 0.1668726 0.12269795 0.3324431 0.4331 0.5588648 0.64896554 0.4972988 0.27394506 0.022752557 0.040998135
0.55062383 0.20249285 0.17601559 0.21190554 0.26255554 0.2840411 0.13225639 0.21546964 0.26238 0.2898894 0.28389224 0.36137074 0.5284893 0.48639604 0.42077437 0.29591602 0.22267036 0.18271941 0.101231344 0.25735694 0.3205378 0.24614835 0.11373042 -0.029148748 -0.0551318 -0.18769541 -0.31015956 -0.20277399 0.20771854 0.50781405 0.63036793 0.35600168 0.36865485 0.23616144 0.13425347 0.46430188 0.27130497 0.342692 0.5356975 0.36924684 0.16725324 0.12889482 0.013578673 -0.077738434 -0.023075866 -0.02232694 0.008591575 0.09818773 0.11097219 0.11164042 0.37318742 0.35621193 0.59394014 0.62446713 0.40984815 0.2556684 -0.08388553 -0.1429864
0.44770426 0.07131788 0.12552719 0.18459105 0.23229204 0.23208465 0.2656276 0.29182842 0.22727865 0.24527772 0.3738205 0.6783934 0.6043713 0.37670487 0.27011955 0.25742188 0.15812953 0.101689614 0.07448336 0.21561563 0.25036755 0.13470723 0.055372093 -0.036047157 -0.16235037 -0.3442539 -0.3821295 0.022533465 0.38490495 0.581306 0.64153016 0.36252668 0.35567334 0.37077573 0.40529594 0.41459572 0.3039246 0.48349756 0.44971249 0.30096185 0.1438314 0.09148461 0.11157131 0.087319724 0.036183797 -0.006808275 -0.055722382 0.014687202 0.1430873 0.21420941 0.42234474 0.36178663 0.59273165 0.568795 0.29764766 0.15045586 -0.19916415 -0.23840362
0.37108922 -0.10709355 0.00461833 0.07513075 0.18800175 0.26330772 0.35523173 0.29111904 0.22754371 0.33981574 0.6957823 0.87107176 0.6305069 0.28529203 0.13040255 0.15453747 0.04120139 0.020386409 0.13315412 0.17893045 0.19767 0.08147225 0.016702179 -0.1129143 -0.29878533 -0.40065467 -0.29794082 0.20198056 0.42221132 0.48174787 0.6535043 0.4237242 0.39618886 0.36539856 0.32376218 0.3373688 0.37769106 0.32907215 0.3165395 0.3202775 0.17968167 0.104780324 0.18314706 0.17389587 0.021419372 -0.035879463 0.033692356 0.117476486 0.1666482 0.32934445 0.39794895 0.44884756 0.47473055 0.41748077 0.13887416 0.041436832 -0.19895577 -0.22602184
0.50510126 -0.27777183 -0.09278428 0.016241174 0.17084597 0.2728206 0.31034046 0.3449528 0.24209946 0.47594288 0.7923163 0.8757317 0.6550032 0.26910996 0.08101821 0.028412856 -0.041777164 0.10082488 0.09471451 0.11755966 0.1516717 0.059844635 -0.04059483 -0.19781911 -0.28611904 -0.20992672 0.035017997 0.26127425 0.30318624 0.33486325 0.55589414 0.3698565 0.22746871 0.226316 0.3056796 0.37197208 0.4201101 0.33339536 0.13916941 0.30975196 0.0790433 -0.01316291 0.23209341 0.16504024 0.1156706 0.035128612 0.026284005 0.13694511 0.24071598 0.34715274 0.37787536 0.43056712 0.33686313 0.31586674 -0.04716104 -0.041849054 -0.19574703 -0.2514727
0.63989395 -0.3120579 -0.17670882 0.082091056 0.23166914 0.26654515 0.20230226 0.34988245 0.3583224 0.44610202 0.7407698 0.8404069 0.57007253 0.21062379 0.06319552 -0.07306048 0.0010117404 0.14931807 0.063768364 0.08719562 0.07975009 0.006080733 -0.11349039 -0.17072466 -0.14456831 -0.0148547655 0.17771448 0.291075 0.31918392 0.27366775 0.48256686 0.32075408 0.09105085 0.13288334 0.25944144 0.45657003 0.48909575 0.38547146 0.33409536 0.11220615 0.17304365 0.12675826 0.1172239 0.27988824 0.19184679 0.16497168 0.08841468 0.17758021 0.34730136 0.40780607 0.35261852 0.2677994 0.132513 0.15994625 -0.18187666 -0.20434263 -0.23799399 -0.02260273
0.58724135 -0.20924744 -0.4812538 0.10725964 0.22861043 0.19716808 0.16047376 0.29170826 0.37319127 0.40024748 0.64364207 0.7689753 0.5054036 0.2055073 -0.007951667 -0.16182224 -0.021026812 0.21465538 0.01855333 -0.01681219 -0.018637031 0.006842373 -0.052947674 -0.08249773 0.024296425 0.18803185 0.32600245 0.32752213 0.25594446 0.23220502 0.4290941 0.3131674 0.18285711 0.07949519 0.21806231 0.3162882 0.45938787 0.4663542 0.3455828 0.25927398 0.0074629993 0.12356521 0.11873665 0.27709988 0.12345347 0.09919935 0.17711078 0.36699498 0.46200332 0.40350243 0.32270026 0.19341746 0.03289464 -0.016774151 -0.32949436 -0.3682378 -0.08301822 -0.024238173
0.42209715 -0.15556863 -0.6877782 0.014551144 0.2378248 0.18872413 0.34298962 0.31881028 0.29056686 0.32958773 0.55952924 0.7052282 0.4886506 0.22943512 -0.04792756 -0.20703915 -0.17743601 0.19047698 0.21131347 -0.078364156 -0.13153483 -0.03748607 0.042932495 0.16061766 0.175923 0.24189812 0.21674952 0.22253828 0.20189661 0.26948288 0.35993564 0.19844098 0.18391784 0.10355448 0.18546611 0.24949421 0.24992868 0.36239475 0.3751666 0.24841161 0.19477557 0.0016947947 0.08195354 0.05958424 0.09126754 0.15605569 0.28627694 0.4162841 0.50687 0.45684338 0.302737 0.095622145 -0.095043324 -0.18789451 -0.37752095 -0.5061396 -0.08566712 -0.06339556
0.28523773 -0.02358948 -0.67104405 -0.049553946 0.19331884 0.47828484 0.46270764 0.2860793 0.20274885 0.36287567 0.4979867 0.6961135 0.50762284 0.22754824 -0.06642003 -0.26095027 -0.33380052 0.08989291 0.21822454 0.06734296 -0.05308365 -0.011897032 0.0339645 0.081790924 0.1570555 0.14416888 0.104319 0.10876769 0.13951017 0.21188958 0.18912654 0.2088958 0.27934775 0.20521188 0.19275309 0.2558925 0.26939943 0.25702146 0.32336828 0.2689724 0.14601408 0.059666317 -0.04114869 0.04795347 0.16262054 0.32458037 0.40273178 0.5366529 0.49602026 0.34740806 0.22219694 -0.036886144 -0.22171676 -0.29837257 -0.33465204 -0.6257519 -0.21154417 -0.18381415
0.35345867 0.001349237 -0.67183733 -0.03901564 0.08009962 0.54204524 0.3829469 0.26471594 0.2700694 0.35088623 0.5580159 0.62264645 0.43284848 0.17779326 -0.041672803 -0.31268823 -0.44684774 -0.10208134 0.17917152 0.110203214 0.0013205361 -0.010948967 0.07433059 0.15528885 0.15311879 0.10225529 0.10964053 0.11073573 0.1318051 0.10186068 0.062196326 0.2553811 0.3163369 0.32697958 0.3411191 0.32188356 0.25625834 0.26541993 0.26091808 0.25101137 0.22241427 0.06520989 -0.013686805 0.013590339 0.325459 0.38764393 0.5428284 0.48199442 0.30800357 0.25244996 0.1757291 -0.050063945 -0.20190561 -0.28006417 -0.29585427 -0.69093096 -0.3838463 -0.15464292
0.35500923 -0.057051174 -0.5931266 0.0537838 0.1924675 0.5066544 0.37324032 0.37340033 0.38558507 0.5494637 0.61545193 0.46421576 0.31207448 0.15246207 -0.050144207 -0.3292155 -0.4844232 -0.21255887 0.033075646 0.09656795 0.0035044022 0.019734846 0.11675049 0.16617908 0.1871285 0.24536651 0.23858349 0.20270969 0.16658503 0.16421305 0.22096413 0.29155064 0.27514598 0.26167497 0.25680986 0.22015473 0.15919437 0.1587131 0.17236595 0.20375347 0.21801172 0.08404501 -0.012934468 -0.034745224 0.14400873 0.42830735 0.5746629 0.38990963 0.29436716 0.21449775 0.121960215 -0.079024814 -0.18264167 -0.24316515 -0.34542942 -0.613793 -0.5585716 -0.15181628
0.1960929 -0.10218261 -0.38768557 0.010094587 0.3557003 0.4128929 0.42421925 0.34112146 0.55350137 0.6811008 0.5454327 0.2813389 0.25608855 0.15528835 -0.07874409 -0.3347647 -0.41696092 -0.17613928 -0.06570383 0.018719295 -0.035921745 -0.01924571 0.16680282 0.24123555 0.23215711 0.21856633 0.21696019 0.24387474 0.22168855 0.25154185 0.3293016 0.39591372 0.41194746 0.38879922 0.3058149 0.20772707 0.08607492 -0.027014673 -0.03301278 0.039635237 0.124662176 0.05050808 -0.03642128 -0.10975456 0.041656077 0.45783538 0.5529079 0.31481114 0.26760674 0.14053161 0.047192253 -0.115377426 -0.09443835 -0.16710714 -0.31904832 -0.5760039 -0.5628632 -0.2741711
0.12148744 0.007963209 -0.1948127 0.0072555705 0.34005684 0.42355692 0.313889 0.51067173 0.723914 0.59948754 0.41876632 0.22465485 0.20614912 0.088794805 -0.15212402 -0.36283672 -0.3200922 -0.17946042 -0.19960254 -0.17452662 -0.16823559 -0.0020835751 0.20694718 0.29751816 0.27004856 0.23543388 0.21967192 0.25287274 0.2821198 0.31138426 0.37896478 0.40750787 0.39846677 0.43101123 0.39149588 0.25601295 0.03929412 -0.16291331 -0.21062988 -0.14974569 0.0030163443 0.038313843 -0.10143269 -0.17894451 0.042220227 0.39904082 0.5551689 0.3228928 0.27567795 0.15539493 -0.00800089 -0.102832526 -0.11799204 -0.15847604 -0.2885813 -0.40099308 -0.40487537 -0.32031876
0.11211932 -0.071719766 -0.08839286 -0.022228755 0.36389455 0.41247708 0.4172586 0.69163823 0.65986425 0.46017823 0.35952994 0.31047675 0.21178742 -0.020718973 -0.28853402 -0.37858653 -0.22114655 -0.2691918 -0.31448647 -0.2971052 -0.10387225 0.14474472 0.25162026 0.23080032 0.2248612 0.14744289 0.22597086 0.31306237 0.41088963 0.4715209 0.40643254 0.43730292 0.4773956 0.43545812 0.37012425 0.21524999 -0.0039163246 -0.2236782 -0.37671164 -0.30219188 -0.23269863 -0.16178882 -0.11501247 -0.22731097 -0.044847224 0.32602748 0.5128471 0.33618104 0.21522546 0.15898274 0.007505025 -0.13440774 -0.2536051 -0.1378011 -0.046402603 -0.08224442 -0.13621986 -0.20141509
0.045474093 -0.073020935 -0.18590318 0.19622432 0.45941505 0.5885089 0.5664484 0.6816951 0.5088265 0.3424454 0.29973894 0.24491678 0.14525461 -0.12206476 -0.35816708 -0.33333442 -0.2189048 -0.31370053 -0.30557075 -0.20899254 0.031949423 0.14815708 0.19395086 0.2185826 0.19504324 0.16854425 0.22309817 0.37088016 0.44218406 0.3360104 0.49889892 0.51220477 0.46347034 0.35751912 0.25964248 0.22661003 0.03752627 -0.09496241 -0.36127067 -0.3468857 -0.31129345 -0.34569964 -0.16350704 -0.29971537 -0.12665589 0.15690145 0.4125155 0.31125024 0.14396156 0.09898835 0.025798924 -0.10567986 -0.20162739 0.015632525 0.120881565 0.046728306 0.035731856 0.038158156
0.12517816 -0.08192405 -0.19610459 0.34015784 0.5354497 0.62844294 0.6446243 0.66000766 0.45747545 0.31766924 0.18872717 0.1574332 0.051556777 -0.17691517 -0.3891081 -0.30834112 -0.2547991 -0.28523266 -0.22735202 -0.08595919 0.029430851 0.17149498 0.27567434 0.3125025 0.26890907 0.18311569 0.19280142 0.33514935 0.3320094 0.44803786 0.4584066 0.3940713 0.36131313 0.2790446 0.17039636 0.19689275 0.026623279 -0.06916818 -0.33961987 -0.3083437 -0.28076693 -0.29845086 -0.28338096 -0.3884951 -0.2383834 0.03437236 0.30388108 0.28504622 0.07411907 0.03461376 0.007321088 -0.050845582 -0.035410244 0.03535138 0.068958074 0.07518695 0.07705823 0.09227975
