static/data/precipitation/2023/7/26/0.asc
ncols 137
nrows 93
xllcorner 108.0
yllcorner 17.0
cellsize 0.25
NODATA_value -32767
[rows 63 to 83 of 93, columns 46 to 91 of 137]
0.00994034445640779 0.050253963640722876 0.0 0.0 0.0 0.11320947853130092 0.27612067934463735 0.5671518753738863 0.9564820332498281 2.814221963880554 8.716025364192856 7.586139544314595 3.3587319435481806 2.251488019376181 1.9356059622059156 1.1508709915084534 0.7825260052627057 0.5991818741778663 0.40865860543006644 0.11817965075950482 0.07841827293387713 0.06461223896664717 0.038656895108249434 0.0298210333692199 0.021537412988881233 0.02264189570625949 0.018776206195437323 0.01546275804329908 0.020432930271502975 0.04362706733645333 0.16401568353071466 0.30041929912696597 0.4042406745605499 0.6069132531995141 0.4964649814616605 0.43019601841894767 0.5389875660807355 0.571017564884712 0.8289142793926063 0.9840941011842914 0.9962434110754558 0.7123913527091672 0.5213158426026765 0.5538980827653438 1.0166763413469586 1.0470496160748695
0.0 0.0 0.0 0.0 0.0 0.0640599976079563 0.9664223777062358 2.167547332855412 1.3375285707454276 2.3906528417658794 7.630871094368427 6.370104072480808 2.4917130104060177 2.1874280217682243 1.866023551011068 1.3104687441696552 1.1878711625406337 0.9227953103697826 0.609122218634274 0.37883757206084306 0.1855530965195959 0.09940344456407096 0.06350775624926544 0.05246292907548286 0.04417930869514072 0.0298210333692199 0.026507585217085128 0.021537412988881233 0.012149309891164306 0.019328447554124717 0.054119653151548514 0.1259110297811561 0.09940344456407096 0.11762740940081742 0.13032896065066912 0.21095619901930276 0.40092722640841516 0.602495322330001 0.9537208264563807 1.2867223657460138 0.986303066619048 0.7195704903721276 0.6301073902644644 0.5467189451023834 0.661032906351066 0.6367342865687374
0.0 0.0 0.0 0.0 0.0 0.2645236108121639 1.6070223537857955 3.527717799307099 2.441459046765293 2.2222192273656516 5.907325813899194 5.002202227007469 2.12226354144289 1.8157695873703417 1.3645883973212036 1.105587200095931 1.074109442650642 0.8885563461310462 0.6317641143405335 0.46001705178816754 0.2418817151059044 0.15352309771561948 0.16456792488940553 0.14689620141134646 0.10658258222703137 0.08449292787945928 0.05522413586892677 0.0298210333692199 0.0171194821193682 0.012149309891164306 0.012149309891164306 0.01546275804329908 0.0077313790216512746 0.013253792608542564 0.010492585815095185 0.017671723478055595 0.04362706733645333 0.0817317210860119 0.1551798217916886 0.11817965075950482 0.16843361440023116 0.23967274967114788 0.2744639552685717 0.266180334888233 0.40258395048448425 0.48376343021180535
0.1209408575529522 0.0 0.0 0.0 0.6599284236336843 1.371767534984164 2.5215340437752376 3.8413908910426096 3.1483279858875672 2.793789033609051 6.069684773353842 4.885127058965343 1.8422771725874267 1.5915595957424964 0.9343923789022559 0.8134515213493038 0.731167558904601 0.6102267013516522 0.46333049994030234 0.4252258461907438 0.3053894713551698 0.28992671331187075 0.27888188613808473 0.2915834373879399 0.35177774548507057 0.3898823992346291 0.15352309771561948 0.1380603396723204 0.0740003420643641 0.028716550651841644 0.019328447554124717 0.013253792608542564 0.006074654945582153 0.004970172228203895 0.0033134481521347736 0.0044179308695130315 0.004970172228203895 0.021537412988881233 0.02264189570625949 0.04638827412990071 0.06571672168402543 0.12038861619426133 0.14192602918314604 0.12425430570508697 0.3285836084201202 0.598077391460488
0.0 0.0 0.0 0.0 0.0817317210860119 0.7030032496114502 1.4772456344938172 2.4127424961134514 3.4454338368623985 7.038868357853521 6.4551492417189555 3.9054508886505657 1.7627544169361715 1.4071109819402787 0.7643020404259592 0.7659587645020283 0.5434054969502486 0.43350946657108247 0.4070018813539973 0.37662860662608655 0.3296880911374984 0.4495244659730724 0.49756946417903875 0.5423010142328704 0.5555548068414129 0.39153912331069823 0.3219567121158472 0.23580706016032224 0.19438895825862543 0.13032896065066912 0.054119653151548514 0.03147775744528902 0.017671723478055595 0.004970172228203895 0.0022089654347565157 0.0016567240760691215 0.0016567240760691215 0.0016567240760691215 0.0016567240760691215 0.009388103097716927 0.011044827173786048 0.040313619184318555 0.05246292907548286 0.08559741059683754 0.12314982298770871 0.3379717115178371
0.0 0.0 0.0 0.3462553318981758 0.36668826216967876 1.7058735569911756 2.804281619424148 3.38247832197182 5.721220476020908 8.20741107284003 3.6315391747406833 1.6859928680783633 1.7853963126424308 1.0117061691187548 0.8377501411316324 0.9885120320538044 0.7212272144481967 0.5086142913528248 0.47327084439671013 0.3628225726588566 0.3561956763545836 0.41804670852778336 0.4478677418970033 0.50309187776593 0.5848235988519455 0.5423010142328704 0.5964206673844188 0.5527936000479655 0.4313005011363259 0.23249361200818747 0.14192602918314604 0.12535878842246523 0.08559741059683754 0.0347912055974238 0.006074654945582153 0.0044179308695130315 0.0016567240760691215 0.0016567240760691215 0.0005522413586908637 0.0005522413586908637 0.0016567240760691215 0.0016567240760691215 0.01270155124985517 0.018776206195437323 0.03368672288004554 0.17229930391105333
0.0 0.0 0.3125686090181302 0.1629112008133364 0.6301073902644644 0.8708846226529905 2.8810431682819577 4.508498452339256 8.33111313718643 6.632970959216904 3.294119704581535 2.2735776737237527 2.4204738751350994 1.65617183470914 1.8163218287290326 1.8582921719894168 1.7914709675880132 1.4733799449829914 1.2370206434639819 0.9990046178689032 0.8134515213493038 0.4522856727665163 0.37552412390870826 0.4246736048320529 0.5091665327115122 0.6030475636886918 0.6869882502094603 0.7510482478174165 0.6218237698841257 0.4832111888531179 0.24519516325803917 0.17229930391105333 0.11762740940081742 0.09940344456407096 0.061298790814508924 0.013253792608542564 0.006626896304273017 0.004970172228203895 0.0027612067934473794 0.0022089654347565157 0.0005522413586908637 0.0 0.0005522413586908637 0.0044179308695130315 0.012149309891164306 0.06461223896664717
0.0 0.025955343858397734 0.3722106757565735 0.0640599976079563 0.43350946657108247 0.9238997930871607 2.3238316373644756 5.161799979668671 8.687308813541014 4.884574817606653 1.8107994151421378 2.013471993781102 2.3381899126903964 2.1780399186705073 2.603265764861251 2.6446838667629464 2.5684745592638256 2.377399049157337 2.341503360842535 1.9781285468249907 1.604261146992348 1.0249599617272973 0.7504960064587257 0.3396284355939062 0.42577808754943114 0.4622260172229241 0.557211530917482 0.7411079033610088 0.6875404915681511 0.6207192871667475 0.4484199832556941 0.25071757684493046 0.10989603037916615 0.11320947853130092 0.10437361679227486 0.0690301698361602 0.0469405154885881 0.01546275804329908 0.01270155124985517 0.006074654945582153 0.0016567240760691215 0.0011044827173782579 0.0 0.0022089654347565157 0.0022089654347565157 0.01270155124985517
0.07289585934698584 0.10823930630309703 0.15131413228086296 0.1899710273891124 0.48376343021180535 1.0591989259660337 2.449190425786944 4.420139834948971 6.502641998566233 3.1174024698009672 2.212278882909244 2.1907414699203627 2.206204227963662 2.1261292309537154 2.377399049157337 2.407220082526557 2.2194580205722043 2.0029794079660066 1.9924868221509116 1.8107994151421378 1.4198125331901303 1.2342594366705346 1.1182887513457862 0.5047486018419991 0.2601056799426509 0.2965536096161403 0.34128515966997186 0.5423010142328704 0.5527936000479655 0.6030475636886918 0.4417930869514211 0.3506732627676923 0.2098517163019245 0.0740003420643641 0.09056758282504143 0.10106016864013662 0.10050792728144922 0.06571672168402543 0.030373274727910765 0.02264189570625949 0.00994034445640779 0.007179137662960411 0.004970172228203895 0.0005522413586908637 0.0005522413586908637 0.0005522413586908637
0.21150844037799363 0.3462553318981758 0.34128515966997186 0.4451065351035559 0.5798534266237415 1.4623351178092054 2.6673257624692073 4.573110691305901 3.937480887454544 2.1835623322574023 1.7069780397085537 1.68820183351312 1.7218885563931654 1.6826794199262252 1.7826351058489869 1.4164990850379957 1.0719004772158855 0.7018987668940719 0.6825703193399473 0.5445099796676268 0.1949411996173163 0.22862792249736183 0.7792125571105708 1.0150196172708896 0.5699130821673337 0.23083688793211835 0.2545832663557561 0.2882699892358016 0.3407329183112845 0.4224646393972964 0.342941883746041 0.27943412749677554 0.26065792130133825 0.11873189211819568 0.05688085994499589 0.12425430570508697 0.1386125810310078 0.11265723717261353 0.07289585934698584 0.051910687716792 0.03258224016266728 0.02264189570625949 0.0077313790216512746 0.0033134481521347736 0.0005522413586908637 0.0
0.6417044587969413 0.7891529015669752 0.8753025535225035 1.2033339205839328 1.3938571893317362 1.7898142435119473 2.341503360842535 2.5358923191011584 1.999665959813872 1.7942321743814604 1.900262515249801 1.927322341825577 1.8246054491093713 1.6605897655786566 1.2287370230836396 0.8200784176535768 0.49094256787476576 0.3324492979309458 0.2783296447793973 0.23415033608425312 0.15904551130251077 0.19880688912813846 0.16953809711760942 0.7869439361322186 0.6687642853727138 0.36061360722409663 0.3528822282024488 0.2882699892358016 0.3219567121158472 0.31091188494206456 0.2904789546705582 0.26065792130133825 0.25513550771444693 0.23138912929080574 0.08891085874897231 0.15131413228086296 0.13198568472673824 0.12977671929198173 0.12314982298770871 0.09222430690111055 0.06737344576009108 0.0298210333692199 0.019328447554124717 0.012149309891164306 0.006626896304273017 0.0005522413586908637
1.240886332974804 1.4087677060163444 1.6545151106330744 2.144353195790462 1.9173819973691693 1.8737549300327159 2.027278027748335 2.2818612941040914 2.8274757564890964 2.790475585456916 2.6976990371971166 2.592773179046154 2.2884881904083643 1.740112521229912 1.1050349587372437 0.7654065231433373 0.35950912450671835 0.2590011972252726 0.24022499102983527 0.2126129230953719 0.1800306829327046 0.15849326994382337 0.1971501650520728 0.25568774907313435 0.48376343021180535 0.9111982418373056 1.1701994390625783 0.7355854897741175 0.5130322222223378 0.41307653629957947 0.33024033249618934 0.25568774907313435 0.207642750867168 0.1971501650520728 0.1899710273891124 0.11486620260737004 0.10161240999882748 0.18444861380221764 0.19880688912813846 0.10437361679227486 0.11652292668343917 0.06516448032533456 0.0740003420643641 0.048597239564657224 0.02098517163019384 0.008835861739029532
1.70421683291511 2.221666986006961 2.586698524100572 2.1084575074756597 1.9670837196512045 2.274682156441131 3.0091631634978686 3.6227033130016557 3.9965707128342967 4.674170859946038 4.419035352231592 3.366463322569832 2.5060712857319385 1.7903664848706349 1.2602147805289288 0.9636611709127885 0.6847792847747037 0.5340173938525317 0.3810465374955996 0.26562809352954214 0.19935913048682932 0.19659792369338194 0.18223964836746112 0.3379717115178371 0.4241213634733655 0.7306153175459136 1.2381251261813602 1.9576956165534878 1.9908300980748423 1.532469770362744 0.8813772084680858 0.5058530845593774 0.27777740342070645 0.24519516325803917 0.24795637005148655 0.21150844037799363 0.20432930271503322 0.1678813730415403 0.12535878842246523 0.09664223777062358 0.12204534027033045 0.07179137662960758 0.11376171988999179 0.09167206554241969 0.05964206673844327 0.03976137782562769
2.223875951441717 2.898162650401324 3.3681200466458994 2.7855054132287123 3.0776410919753396 3.6309869333819944 4.364915699080044 5.446204279393647 6.068028049277772 5.375517385481421 4.566483795001631 3.813226581749457 3.255462809473286 2.6684302451865856 2.1294426791058503 1.751157348403698 1.4949173579718726 1.2546923669420376 1.0006613419449688 0.5677041167325771 0.3230611948332289 0.1927322341825563 0.20156809592158584 0.19438895825862543 0.20432930271503322 0.4213601566799181 0.9713925499344398 2.1272337136710937 3.0284916110519933 3.2217760865932403 2.0935469907910482 0.8195261762948859 0.36171808994147486 0.2418817151059044 0.23580706016032224 0.21647861260619752 0.2369115428777005 0.1927322341825563 0.13916482238969866 0.13032896065066912 0.09056758282504143 0.1159706853247483 0.0938810309771762 0.07289585934698584 0.05964206673844327 0.06019430809713067
2.8037293780654586 4.0109289881602175 3.989391575171336 3.8601670972380453 4.615633275924975 5.247397390265508 6.654508372205785 6.484418033729488 5.60469754933747 4.49745362516547 4.05510829685536 4.092660709246231 3.844152097836055 3.476359352948998 2.920252304748896 2.4061155998091786 2.1542935402468695 1.7793216576968487 1.2762297799309188 0.9885120320538044 0.5290472216243278 0.315882057170265 0.23083688793211835 0.12204534027033045 0.0988512032053801 0.1579410285851325 0.4550468795599637 1.4954695993305602 2.6717436933387204 3.1902983291479514 2.4016976689396654 1.3679018454733385 0.6290029075470861 0.42909153570156944 0.30318050592041335 0.21703085396488492 0.2253144743452236 0.21813533668226318 0.18941878603042153 0.17837395885663548 0.11983637483557394 0.09498551369455446 0.06847792847746934 0.02816430929315425 0.03534344695611466 0.04473155005383159
3.672405035283691 5.264516872384875 5.037545673963582 5.286606526732447 6.022192016506563 7.905335049636997 8.786160016746393 8.526606578162435 6.600388719054236 4.699573962445745 3.3195228070812424 3.2510448786037727 3.370329012080656 3.1715221229525175 3.3725379775154143 2.9937004054545695 2.580071627796301 2.1040395766061435 1.236468402105291 0.9123027245546839 0.5853758402106328 0.5036441191246209 0.35453895227851445 0.1855530965195959 0.13971706374838605 0.07620930749912061 0.2070905095084806 0.6726299748835395 1.6639032137307912 2.519325078340481 2.891535754097053 1.818530794163789 1.255244608300725 0.9912732388472518 0.5781967025476724 0.3506732627676923 0.30483722999648244 0.15959775266120163 0.162358959454649 0.18334413108483938 0.12480654706377783 0.07510482478174235 0.04252258461907507 0.016014999401989943 0.013806033967233428 0.016014999401989943
4.850888094726608 6.285058903242659 6.232595974167178 6.48220906829473 10.06349427939469 11.951607484753326 13.57574932065849 13.266494159792495 8.814324326039547 5.938251329985793 3.8408386496839206 2.098517163019252 2.218353537854826 1.8825907917717453 2.0847111290520184 2.9782376474112704 2.851222134912736 2.348130257146804 1.453499256070176 0.986303066619048 0.7212272144481967 0.6389432520034939 0.4627782585816149 0.29324016146400556 0.14247827054183343 0.048597239564657224 0.11707516804212656 0.20101585456289844 0.9360491029783251 1.9013669979671792 2.2752343977998217 2.669534727903964 2.1051440593235213 1.75723200334928 1.256901332376794 0.715704800861302 0.6505403205359673 0.36889722760443877 0.16125447673727075 0.18223964836746112 0.13474689152018215 0.08504516923815014 0.03258224016266728 0.016014999401989943 0.0077313790216512746 0.0044179308695130315
5.785832714987553 6.715254921661605 6.872091467529359 9.578626366465505 13.167090715228424 18.261517249137004 20.398691307264507 17.672275719415545 11.245843028348434 7.709289367302304 4.524513451741244 2.5530118012205265 0.7908096256430442 0.4544946382012763 0.5273904975482586 1.7020078674803498 2.4469814603521844 2.2945628453539464 1.879829584978298 1.2453042638443206 0.9829896184669131 0.8741980708051253 0.6974808360245555 0.35122550412637965 0.1579410285851325 0.06461223896664717 0.07123913527091671 0.14910516684610645 0.33741947015914975 1.3568570182995523 2.2669507774194795 2.661251107523625 3.0931038500186387 2.7694904138267225 2.071457336443476 1.5876939062316706 1.3568570182995523 0.7179137662960584 0.46995739624457533 0.17119482119367507 0.12370206434639958 0.08338844516208102 0.0298210333692199 0.02098517163019384 0.006074654945582153 0.0016567240760691215
6.46729855161012 7.008495083125612 8.33829227484939 11.524172673127827 17.349214524582315 23.343794473154418 21.996325557952584 17.55354382729735 12.511580222464254 8.854637945223862 5.876952539171284 3.6072405549583566 1.7252020045453003 0.17174706255236594 0.2297324052147401 0.46001705178816754 1.0183330654230278 1.7136049360128267 1.798097863892286 1.225423574931505 1.2950059861263525 1.245856505203008 0.8780637603159509 0.41638998445171427 0.22089654347571056 0.12701551249853435 0.045836032771209845 0.10823930630309703 0.23138912929080574 0.5522413586892782 1.5705744241123025 2.477354735080095 3.0400886795844686 3.59619572778457 2.5679223179051367 2.628668867360958 1.972606133238096 1.269602883626649 0.5605249790696167 0.23580706016032224 0.11983637483557394 0.07510482478174235 0.035895688314802054 0.03976137782562769 0.004970172228203895 0.0044179308695130315
5.468846175099908 8.050574526972277 9.446640681738769 13.703317074515713 19.03355066858461 18.613847235980764 13.252688125825264 9.547148609020216 8.71271191604072 8.562502266477235 7.7170207463239535 6.368999589763429 2.8650281688799675 0.3639270553762348 0.08559741059683754 0.23304585336687486 0.6157491149385436 0.9443327233586638 0.7405556620023214 0.8388546238490107 1.2370206434639819 1.4700664968308532 1.022750996292541 0.4611215345055458 0.30318050592041335 0.07179137662960758 0.0469405154885881 0.10106016864013662 0.23415033608425312 0.37165843439788265 0.7250929039590224 1.667216661882926 2.8959536849665675 3.6022703827301528 3.2134924662129016 2.5093847338840733 2.353652670733699 1.7594409687840367 0.8366456584142541 0.37165843439788265 0.24795637005148655 0.11376171988999179 0.04252258461907507 0.01988068891281558 0.0077313790216512746 0.012149309891164306
4.849231370650538 8.224530554959399 10.431287024281747 13.973915340273459 15.167308916400986 11.200559236935911 5.139710325321099 2.287383707690986 5.303173767493124 9.255012930273589 9.11805707331865 6.057535463462678 3.1185069525183455 1.121602199497921 0.103821375433584 0.13088120200936 0.4174944671690925 0.8189739349361985 0.4859723956465653 0.20322481999765496 0.6107789427103396 1.1337515093890853 1.1414828884107366 0.7278541107524662 0.3860167097238035 0.14965740820479384 0.10658258222703137 0.09940344456407096 0.25292654227969047 0.29600136825745293 0.3479120559742449 0.9907209974885645 2.2570104329630754 3.501210214090014 4.129660880278411 3.1157457457249 2.1946071594311847 1.9146207905757218 1.1370649575412202 0.5152411876570944 0.23856826695376615 0.13529913287887302 0.09719447912931445 0.06240327353188718 0.009388103097716927 0.01546275804329908
