static/data/precipitation/2023/7/26/12.asc
ncols 137
nrows 93
xllcorner 108.0
yllcorner 17.0
cellsize 0.25
NODATA_value -32767
[rows 60 to 79 of 93, columns 47 to 93 of 137]
0.0 0.0 0.0 0.0 0.0027612067934473794 0.048597239564657224 0.16953809711760942 0.4881813610813218 1.811903897859516 2.1907414699203627 1.112214096400204 0.8670189331421649 0.7924663497191133 0.7703766953715413 0.8852428979789113 0.8780637603159509 1.0249599617272973 0.9592432400432754 0.7411079033610088 0.6405999760795631 0.6218237698841257 0.4235691221146747 0.41307653629957947 0.3622703313001657 0.3059417127138607 0.22586671570391445 0.18389637244353024 0.1430305119005243 0.12977671929198173 0.09553775505324533 0.10106016864013662 0.16401568353071466 0.07510482478174235 0.06019430809713067 0.0298210333692199 0.07620930749912061 0.11155275445523527 0.5185546358092326 1.1111096136828258 1.6136492500900683 1.8776206195435414 1.8941878603042188 1.744530452099425 1.755575279273211 1.0509153055856952 0.4395841215166646 0.09940344456407096
0.0 0.0 0.0 0.0 0.2468518873341083 0.29268792010531813 0.37110619303919523 0.8079291077624124 3.109671090779318 4.416274145438147 3.336090047841921 1.1083484068893785 0.9697358258583706 0.796332039229939 0.7388989379262523 0.7217794558068841 0.6770479057530525 0.6113311840690305 0.6063610118408267 0.5323606697764626 0.4865246370052527 0.4616737758642367 0.45007670733175975 0.6825703193399473 0.6477791137425235 0.5290472216243278 0.6549582514054839 0.5682563580912646 0.401479467767106 0.36834498624574785 0.19438895825862543 0.20101585456289844 0.13143344336804738 0.0640599976079563 0.033134481521358145 0.014358275325920822 0.03644792967349292 0.08946310010766317 0.26783705896429866 0.7543616959695514 0.9443327233586638 0.9603477227606537 1.0183330654230278 1.1884234038993247 1.0481540987922477 0.5014351536898644 0.16125447673727075
0.0 0.0 0.0 0.0 0.28606102380104514 0.6207192871667475 0.6168535976559218 2.7855054132287123 4.472602764024452 5.470502899175975 3.7071962408811148 1.4153946023206174 0.8261530725991589 0.6207192871667475 0.4169422258104051 0.3871211924411817 0.3396284355939062 0.370001710321817 0.401479467767106 0.3976137782562804 0.37552412390870826 0.3821510202129813 0.41086757086482295 0.6665553199379572 0.8775115189572601 0.8736458294464344 1.1453485779215586 0.965870136347545 0.8029589355342086 0.679256871187809 0.43571843200583893 0.18223964836746112 0.17616499342187897 0.08780637603159405 0.033134481521358145 0.013253792608542564 0.006626896304273017 0.02098517163019384 0.05522413586892677 0.12867223657460347 0.3125686090181302 0.4346139492884607 0.7018987668940719 0.6720777335248486 0.7913618670017352 0.295449126898762 0.1899710273891124
0.0 0.0 0.0 0.0 0.266180334888233 0.6400477347208722 1.7577842447079675 6.286715627318727 5.280531871786865 2.929640407846613 1.7329333835669516 1.1044827173785527 0.28992671331187075 0.20322481999765496 0.13088120200936 0.07234361798829497 0.11265723717261353 0.1905232687477998 0.21537412988881927 0.2888222305944925 0.33465826336570237 0.32637464298536367 0.2805386102141538 0.22862792249736183 0.4241213634733655 0.7990932460233829 0.9890642734124954 0.9167206554242003 0.929974448032743 0.742212386078387 0.5875848056453893 0.17726947613925723 0.162358959454649 0.14468723597658995 0.07897051429256799 0.014358275325920822 0.0077313790216512746 0.0077313790216512746 0.004970172228203895 0.016014999401989943 0.04086586054300595 0.13088120200936 0.22420999162784533 0.46333049994030234 0.4053451572779282 0.29765809233352203 0.2021203372802767
0.0 0.0 0.0 0.012149309891164306 0.10989603037916615 1.1243634062913683 2.691072140892845 7.234361798829525 8.616621919628786 3.5669269357740396 0.925004275804539 0.48707687836394353 0.04473155005383159 0.01822396483674646 0.0077313790216512746 0.0027612067934473794 0.005522413586894759 0.01988068891281558 0.06682120440140368 0.14855292548741558 0.2871655065184234 0.32416567755060716 0.3081506781486172 0.20046361320420758 0.07344810070567323 0.1402693051070769 0.25955343858395996 0.6361820452100465 0.8868996220549805 0.8117947972732381 0.39098688195200737 0.1678813730415403 0.17947844157401374 0.1971501650520728 0.13640361559625128 0.06461223896664717 0.008835861739029532 0.011597068532473442 0.0038656895108256373 0.0016567240760691215 0.0027612067934473794 0.016014999401989943 0.06461223896664717 0.11817965075950482 0.12038861619426133 0.16512016624809292 0.23856826695376615
0.0 0.0 0.0 0.08283620380339016 0.7819737639040147 3.3979410800151193 7.916379876810783 11.22375337400086 6.769926816171845 3.2902540150707114 1.0730049599332638 0.1430305119005243 0.06792568711878194 0.03147775744528902 0.008835861739029532 0.0027612067934473794 0.0027612067934473794 0.011597068532473442 0.03258224016266728 0.05908982537975241 0.11431396124867918 0.16512016624809292 0.2048815440737206 0.19383671689993803 0.12977671929198173 0.12314982298770871 0.08559741059683754 0.3042849886377916 0.46056929314685846 0.5196591185266108 0.4970172228203479 0.23635930151900963 0.48431567157049615 0.6008385982539319 0.4550468795599637 0.19438895825862543 0.024850861141019476 0.0171194821193682 0.004970172228203895 0.0016567240760691215 0.0016567240760691215 0.004970172228203895 0.016014999401989943 0.0469405154885881 0.11044827173785701 0.10603034086834051 0.12701551249853435
0.0 0.0 0.05080620499941374 0.3528822282024488 1.1365127161825326 4.416274145438147 10.259539961729384 9.611208606628173 4.739887581630062 3.307373497190078 1.6633509723721005 0.6648985958618882 0.7217794558068841 0.11652292668343917 0.09719447912931445 0.05632861858630503 0.01988068891281558 0.011597068532473442 0.009388103097716927 0.022089654347572096 0.04362706733645333 0.08504516923815014 0.14413499461790255 0.17561275206319157 0.14192602918314604 0.17450826934581332 0.11431396124867918 0.14137378782445517 0.36834498624574785 0.5312561870590843 0.41086757086482295 0.2424339564645918 0.5864803229280111 0.814556004066682 0.7400034206436306 0.4970172228203479 0.2634191280947856 0.15849326994382337 0.054119653151548514 0.01822396483674646 0.0016567240760691215 0.0038656895108256373 0.0077313790216512746 0.02264189570625949 0.0469405154885881 0.08559741059683754 0.15462758043299774
0.0 0.0 0.05908982537975241 0.3672405035283696 1.263528228681067 3.750823308217568 7.767826951323368 9.777985496952335 5.570458585098735 3.808256409521253 2.975476440617823 2.2487268125827367 1.4822158067220177 0.5886892883627676 0.4313005011363259 0.12370206434639958 0.06019430809713067 0.04086586054300595 0.0171194821193682 0.01822396483674646 0.026507585217085128 0.051358446358104604 0.08283620380339016 0.11707516804212656 0.19438895825862543 0.2717027484751243 0.21537412988881927 0.21095619901930276 0.33741947015914975 0.4174944671690925 0.4070018813539973 0.9470939301521111 0.7361377311328049 0.8957354837940066 0.8957354837940066 0.6969285946658681 0.36447929673492224 0.16014999401988902 0.0982989618466927 0.07510482478174235 0.043074825977762465 0.005522413586894759 0.006626896304273017 0.02098517163019384 0.24298619782328265 0.28606102380104514 0.4235691221146747
0.006626896304273017 0.05798534266237415 0.2048815440737206 0.8725413467290561 3.9236748534873125 6.9560321540501295 8.270366587730608 9.199236553045973 7.214481109916711 4.407990525057807 3.8154355471842134 3.296880911374983 1.9090983769888306 1.1608113359648613 0.598077391460488 0.3164342985289559 0.13750809831362953 0.09553775505324533 0.07234361798829497 0.05356741179286112 0.04197034326038421 0.028716550651841644 0.05743310130368676 0.09995568592275836 0.17947844157401374 0.27059826575774604 0.3749718825500209 0.3578524004306527 0.3147775744528868 0.37110619303919523 0.6836748020573256 0.9796761703147784 1.12325892357399 1.0669303049876815 0.9515118610216242 0.6207192871667475 0.48044998205967054 0.20322481999765496 0.09608999641193272 0.08780637603159405 0.08228396244470276 0.05246292907548286 0.02098517163019384 0.0640599976079563 0.25292654227969047 0.31091188494206456 0.4798977407009831
0.07455258342305149 0.2993148164095877 0.6085699772755832 3.1969252254522225 6.202774940797957 7.21669007535147 7.602706785075273 8.059410388711306 7.7993047087686564 5.039202398039651 3.803286237293049 3.4150605621344874 1.777664933620783 1.2359161607466 0.6654508372205791 0.4451065351035559 0.2601056799426509 0.162358959454649 0.12701551249853435 0.09608999641193272 0.08394068652077188 0.045836032771209845 0.024850861141019476 0.0392091364669403 0.1032691340748966 0.18776206195435588 0.3164342985289559 0.331897056572255 0.33686722880045883 0.2739117139098808 0.5848235988519455 0.7676154885780939 1.1425873711281147 1.3999318442773183 0.6897494570029077 0.37938981341953393 0.5605249790696167 0.370001710321817 0.15352309771561948 0.11817965075950482 0.13088120200936 0.13750809831362953 0.08559741059683754 0.14413499461790255 0.27777740342070645 0.35122550412637965 0.5025396364072426
0.22862792249736183 0.5472711864610742 0.8554218646096914 2.0085018215529016 5.919475123790357 8.436038995337393 6.682120440140249 6.044281670854135 5.661026167923777 3.4255531479495844 2.929640407846613 2.047710958019838 1.392200465255667 1.0547809950965172 0.5748832543955376 0.498673946896417 0.35177774548507057 0.26231464537740734 0.20046361320420758 0.08780637603159405 0.08283620380339016 0.06682120440140368 0.0342389642387364 0.030373274727910765 0.01988068891281558 0.09332878961848881 0.16567240760678378 0.18113516565008286 0.23083688793211835 0.19162775146517805 0.32029998803978155 0.4555991209186545 0.7803170398279491 1.3054985719414511 0.9614522054780319 0.690301698361595 0.6720777335248486 0.6505403205359673 0.363374814017544 0.1430305119005243 0.12370206434639958 0.16512016624809292 0.1402693051070769 0.1032691340748966 0.2126129230953719 0.33686722880045883 0.3898823992346291
0.419703432603849 0.6836748020573256 1.049810822868317 1.162468060040927 2.403354393015731 4.867455335487286 5.577085481403007 3.8612715799554236 3.205208845832563 2.575653696926788 2.005740614759454 1.6125447673726867 1.090124442052632 0.9338401375435685 0.5599727377109259 0.5329129111351534 0.45007670733175975 0.363374814017544 0.23249361200818747 0.08007499700994625 0.06792568711878194 0.06295551489057805 0.027612067934463386 0.01988068891281558 0.009388103097716927 0.008835861739029532 0.05743310130368676 0.061298790814508924 0.15904551130251077 0.11044827173785701 0.11431396124867918 0.22807568113867097 0.4578080863534111 1.0442884092814222 1.2237668508554358 1.132094785313016 1.0945423729221484 1.171856163138644 0.9509596196629333 0.18113516565008286 0.08946310010766317 0.1430305119005243 0.09940344456407096 0.06185103217319979 0.045836032771209845 0.18334413108483938 0.1800306829327046
0.992929962923321 1.2657371941158235 1.889217688076015 1.9748150986728525 2.9738197165417555 3.4818817665358894 3.318970565722553 2.8534311003474926 2.3641452565487944 1.827918897261506 1.4971263234066292 1.1646770254756835 0.821182900370955 0.6687642853727138 0.5759877371129158 0.5262860148308803 0.4892858437987001 0.5119277395049595 0.39264360602807646 0.1728515452697442 0.15904551130251077 0.04473155005383159 0.03258224016266728 0.02098517163019384 0.011597068532473442 0.009388103097716927 0.006626896304273017 0.022089654347572096 0.1032691340748966 0.10106016864013662 0.09940344456407096 0.11044827173785701 0.30704619543123896 0.8924220356418717 1.1823487489537425 1.1414828884107366 1.4209170159075086 1.5103801160151717 1.2187966786272355 0.25071757684493046 0.1336424088028039 0.11817965075950482 0.06295551489057805 0.019328447554124717 0.011597068532473442 0.008835861739029532 0.008835861739029532
1.6175149396008905 3.159372813061353 2.9003716158360824 3.0108198875739376 3.249940395886395 3.421687458438759 3.1345219519203353 2.6463405908390136 2.1946071594311847 1.7406647625885994 1.335871846669362 1.0023180660210378 0.6914061810789733 0.4787932579836049 0.5036441191246209 0.43571843200583893 0.5196591185266108 0.5362263592872882 0.46995739624457533 0.34735981461555404 0.2805386102141538 0.05522413586892677 0.025955343858397734 0.019328447554124717 0.01822396483674646 0.02098517163019384 0.013253792608542564 0.019328447554124717 0.15352309771561948 0.14137378782445517 0.10879154766178789 0.07620930749912061 0.0811794797273245 0.19383671689993803 0.4710618789619536 1.4314096017226072 1.7528140724797636 1.6633509723721005 1.324827019495576 0.22144878483440142 0.10492585815096225 0.11376171988999179 0.06682120440140368 0.01822396483674646 0.0027612067934473794 0.0016567240760691215 0.0038656895108256373
4.300855701472088 3.9921527819647817 4.037988814735992 4.330676734841308 4.228512083483793 3.7071962408811148 3.0146855770847614 2.425444047363303 1.906337170195383 1.4783501172111955 1.1271246130848158 0.8962877251526974 0.7002420428180028 0.4379273974405955 0.3622703313001657 0.3186432639637124 0.2650758521708547 0.3501210214090014 0.4274348116255003 0.33741947015914975 0.2148218885301284 0.09719447912931445 0.07234361798829497 0.04197034326038421 0.04197034326038421 0.06847792847746934 0.04473155005383159 0.02264189570625949 0.0298210333692199 0.08891085874897231 0.15738878722644511 0.15904551130251077 0.07510482478174235 0.0640599976079563 0.5599727377109259 1.2491699533551428 2.150427850736044 2.227741640952543 1.1994682310731106 0.3672405035283696 0.10989603037916615 0.12867223657460347 0.08283620380339016 0.02374637842363775 0.0016567240760691215 0.0011044827173782579 0.0011044827173782579
4.2550196687008786 4.441125006579163 4.577528622175414 4.263855530439906 3.894958302835469 3.375851425667549 2.84017730773895 2.356413877527143 2.067591646932654 1.3226180540608194 0.7913618670017352 0.5180023944505417 0.419703432603849 0.4241213634733655 0.6124356667864088 0.38546446836511605 0.3053894713551698 0.2070905095084806 0.1734037866284316 0.21371740581275014 0.27667292070332816 0.11928413347688308 0.08559741059683754 0.07897051429256799 0.07897051429256799 0.07731379021649887 0.07455258342305149 0.10658258222703137 0.045836032771209845 0.028716550651841644 0.12701551249853435 0.21813533668226318 0.14855292548741558 0.03258224016266728 0.1728515452697442 0.5312561870590843 1.4512902906354195 1.850008551609078 1.324827019495576 0.5853758402106328 0.1402693051070769 0.05080620499941374 0.045836032771209845 0.03534344695611466 0.011597068532473442 0.0016567240760691215 0.0011044827173782579
4.607901896903325 5.401472729339817 6.4860747578055555 6.668314406173017 7.565706614043091 7.500542133717756 6.487731481881624 5.031471019018 4.271586909461556 3.0527902308343218 1.8654713096523772 0.6521970446120364 0.370001710321817 0.2297324052147401 0.331897056572255 0.2805386102141538 0.3661360208109914 0.27059826575774604 0.12756775385722174 0.11431396124867918 0.09277654825979795 0.061298790814508924 0.03258224016266728 0.033134481521358145 0.03258224016266728 0.043074825977762465 0.0811794797273245 0.07179137662960758 0.1480006841287282 0.10658258222703137 0.18389637244353024 0.2601056799426509 0.10658258222703137 0.047492756847278966 0.11541844396605744 0.5428532555915577 1.3424987429736315 1.8036202774791774 1.445767877048528 0.7792125571105708 0.1551798217916886 0.09940344456407096 0.07068689391222932 0.0469405154885881 0.0171194821193682 0.006626896304273017 0.0027612067934473794
5.71238461428188 7.548587131923725 10.578183225693097 13.62213759478839 15.810117857915303 13.787257761036484 10.265614616674966 7.350884725512962 6.174058390146115 4.556543450545222 3.610554003110491 2.1106664729104163 0.8498994510227966 0.18886654467173414 0.1728515452697442 0.1629112008133364 0.16401568353071466 0.1209408575529522 0.07068689391222932 0.030373274727910765 0.014358275325920822 0.006626896304273017 0.006626896304273017 0.008835861739029532 0.012149309891164306 0.01546275804329908 0.06847792847746934 0.05743310130368676 0.08007499700994625 0.06295551489057805 0.15849326994382337 0.17064257983498768 0.05908982537975241 0.05743310130368676 0.11928413347688308 0.20598602679109887 0.6466746310251417 1.6887540748718073 1.5584251142211383 0.8830339325441549 0.23083688793211835 0.09608999641193272 0.0867018933142158 0.03810465374956204 0.0342389642387364 0.025955343858397734 0.022089654347572096
6.9113006039963 10.107121346731144 16.315418701115995 20.76648405215156 18.684534129892988 15.390414425311453 11.446858882911329 7.802065915562102 6.076863911016802 5.229173425428762 4.377617250329898 4.388109836144993 2.829684721923855 0.954825309173759 0.5456144623850051 0.06461223896664717 0.033134481521358145 0.008835861739029532 0.009388103097716927 0.0038656895108256373 0.0038656895108256373 0.0 0.0 0.0038656895108256373 0.011597068532473442 0.0077313790216512746 0.05522413586892677 0.043074825977762465 0.030373274727910765 0.047492756847278966 0.10768706494440963 0.0867018933142158 0.025955343858397734 0.0640599976079563 0.08946310010766317 0.08559741059683754 0.1971501650520728 0.9642134122714758 1.5457235629712864 0.9067803109677925 0.30980740222468284 0.09553775505324533 0.11707516804212656 0.030373274727910765 0.04197034326038421 0.03700017103218031 0.027612067934463386
7.612094888172992 12.671730216484146 18.891072398042777 16.43967300682108 14.351096188258236 12.863357967949323 10.316973063033068 7.297317313720103 4.859723956465635 4.309691563211116 4.44388621337261 4.455483281905086 3.1461190204528107 1.2684984009092675 0.5561070482001003 0.02374637842363775 0.0 0.0011044827173782579 0.0 0.0 0.0 0.0 0.0 0.0 0.005522413586894759 0.0077313790216512746 0.025955343858397734 0.01988068891281558 0.043074825977762465 0.06019430809713067 0.04197034326038421 0.02098517163019384 0.014358275325920822 0.05246292907548286 0.06571672168402543 0.09608999641193272 0.09056758282504143 0.24298619782328265 0.8267053139578463 0.8973922078700757 0.2987625750509003 0.09443327233586707 0.11265723717261353 0.03644792967349292 0.06185103217319979 0.04970172228203548 0.022089654347572096
