static/data/precipitation/2023/7/26/18.asc
ncols 137
nrows 93
xllcorner 108.0
yllcorner 17.0
cellsize 0.25
NODATA_value -32767
[rows 63 to 83 of 93, columns 46 to 91 of 137]
0.0 0.0 0.0 0.0 0.0016567240760691215 0.2882699892358016 0.6218237698841257 1.4971263234066292 4.229616566201171 5.91781839971429 3.4310755615364776 1.626903042698611 0.9073325523264835 0.5804056679824289 0.5323606697764626 0.1971501650520728 0.1430305119005243 0.15352309771561948 0.15407533907430687 0.14634396005265907 0.1728515452697442 0.21647861260619752 0.24629964597541742 0.23138912929080574 0.19880688912813846 0.15241861499824122 0.09277654825979795 0.19162775146517805 0.7725856608062978 1.2961104688437344 1.650097179763558 1.5302608049279873 0.7891529015669752 0.40092722640841516 0.14468723597658995 0.03644792967349292 0.025955343858397734 0.03368672288004554 0.10216465135751487 0.322508953474538 0.29268792010531813 0.2369115428777005 0.21758309532357578 0.23967274967114788 0.22752343977998357 0.29324016146400556
0.0 0.0016567240760691215 0.0016567240760691215 0.0016567240760691215 0.11652292668343917 0.23580706016032224 1.0387659956945308 2.5126981820362095 5.924445296018561 9.092101729460252 3.9971229541929856 0.9967956524341431 0.627346183471017 0.3053894713551698 0.27888188613808473 0.18389637244353024 0.11541844396605744 0.15462758043299774 0.17671723478056983 0.09498551369455446 0.14468723597658995 0.1728515452697442 0.12370206434639958 0.09719447912931445 0.09277654825979795 0.10050792728144922 0.13032896065066912 0.20046361320420758 0.16567240760678378 0.6102267013516522 1.1856621971058772 1.4518425319941102 0.6461223896664543 0.4887336024400092 0.18334413108483938 0.03644792967349292 0.03147775744528902 0.054119653151548514 0.12977671929198173 0.14468723597658995 0.13088120200936 0.07897051429256799 0.04086586054300595 0.061298790814508924 0.0867018933142158 0.1728515452697442
0.0 0.0022089654347565157 0.013253792608542564 0.014910516684611685 0.3219567121158472 0.7687199712954722 2.4530561152977666 5.615190135152567 7.648542817846483 8.37639692859895 3.961779507236871 1.0172285827056495 0.32692688434405104 0.22862792249736183 0.11707516804212656 0.07234361798829497 0.06185103217319979 0.054119653151548514 0.04473155005383159 0.040313619184318555 0.048597239564657224 0.055776377227617635 0.07013465255353846 0.07455258342305149 0.06792568711878194 0.055776377227617635 0.043074825977762465 0.05964206673844327 0.09443327233586707 0.11707516804212656 0.2567922317905126 0.498673946896417 0.32029998803978155 0.4931515333095257 0.2374637842363879 0.06461223896664717 0.035895688314802054 0.05743310130368676 0.1629112008133364 0.15297085635692861 0.12038861619426133 0.07234361798829497 0.040313619184318555 0.04141810190169681 0.03644792967349292 0.09608999641193272
0.0 0.008283620380338669 0.12480654706377783 0.17616499342187897 0.4848679129291836 1.132094785313016 3.277000222462169 7.043838530081725 7.430959722522909 5.603040825261402 3.2852838428425075 1.2276325403662616 0.5920027365149059 0.5246292907548147 0.13419465016149476 0.10547809950965312 0.0695824111948476 0.0347912055974238 0.02098517163019384 0.028716550651841644 0.03147775744528902 0.04141810190169681 0.04197034326038421 0.07565706614042975 0.0982989618466927 0.06019430809713067 0.047492756847278966 0.05522413586892677 0.04197034326038421 0.03258224016266728 0.08725413467290666 0.09940344456407096 0.10658258222703137 0.3291358497788076 0.32029998803978155 0.17837395885663548 0.08283620380339016 0.08559741059683754 0.11762740940081742 0.09608999641193272 0.06350775624926544 0.04970172228203548 0.04638827412990071 0.050253963640722876 0.02374637842363775 0.055776377227617635
0.022089654347572096 0.11376171988999179 0.35177774548507057 0.566599634015199 0.7952275565125573 1.381155638081881 2.951177820835496 5.7781013359659035 10.45337667862932 5.7576684056944005 3.2792091878969254 1.6755002822632648 0.9956911697167649 0.39540481282152384 0.17561275206319157 0.1430305119005243 0.19383671689993803 0.12977671929198173 0.023194137064950354 0.016567240760677338 0.013806033967233428 0.01988068891281558 0.024298619782328612 0.07179137662960758 0.0938810309771762 0.0469405154885881 0.04970172228203548 0.029268792010532507 0.029268792010532507 0.024298619782328612 0.024850861141019476 0.0298210333692199 0.03258224016266728 0.13529913287887302 0.36834498624574785 0.3578524004306527 0.21813533668226318 0.1921799928238689 0.1800306829327046 0.11210499581392266 0.09608999641193272 0.08062723836863364 0.1032691340748966 0.14468723597658995 0.0392091364669403 0.02540310249970687
0.23028464657342748 0.415285501734336 1.1249156476500557 1.8223964836746147 2.046054233943769 5.081172741300035 7.460780755892128 7.562393165890956 9.755895842604762 6.402686312643475 3.338851254635367 1.8715459645979593 1.4004840856360057 0.7250929039590224 0.3810465374955996 0.2092994749432371 0.1977024064107602 0.16512016624809292 0.0911198241837323 0.014910516684611685 0.006626896304273017 0.008835861739029532 0.014910516684611685 0.061298790814508924 0.08946310010766317 0.051358446358104604 0.10989603037916615 0.0171194821193682 0.01546275804329908 0.016014999401989943 0.01546275804329908 0.006626896304273017 0.007179137662960411 0.05467189451023938 0.11652292668343917 0.19328447554124717 0.34846429733293227 0.3799420547782213 0.39153912331069823 0.23856826695376615 0.17837395885663548 0.15131413228086296 0.18279188972615198 0.13750809831362953 0.04417930869514072 0.02705982657577599
0.5428532555915577 1.0459451333574912 1.657828558785209 1.7627544169361715 2.5839373173071265 5.466637209665151 7.8550810859962725 6.931733534267803 5.784728232270175 5.264516872384875 3.1383876414311596 2.150427850736044 1.826262173185437 1.1315425439543287 0.7118391113504763 0.3075984367899264 0.19438895825862543 0.1386125810310078 0.1480006841287282 0.058537584021065014 0.008835861739029532 0.004970172228203895 0.008283620380338669 0.019328447554124717 0.05908982537975241 0.04914948092334462 0.0938810309771762 0.03092551608659816 0.013253792608542564 0.010492585815095185 0.007179137662960411 0.0005522413586908637 0.0005522413586908637 0.00994034445640779 0.04086586054300595 0.12922447793329087 0.28992671331187075 0.5467189451023834 0.627346183471017 0.4848679129291836 0.30980740222468284 0.27225498983381513 0.19162775146517805 0.0982989618466927 0.02816430929315425 0.01988068891281558
0.9343923789022559 1.2143787477577188 1.5849326994382233 1.3905437411795978 1.8019635534031118 5.034232225811447 5.900146676236234 4.477020694893967 2.5585342148074197 3.0527902308343218 1.853321999761213 1.730172176773504 1.5799625272100195 1.1878711625406337 0.7825260052627057 0.37165843439788265 0.2512698182036213 0.18831430331304327 0.12370206434639958 0.07952275565125538 0.01822396483674646 0.006626896304273017 0.006626896304273017 0.006626896304273017 0.016567240760677338 0.03202999880397989 0.04638827412990071 0.050253963640722876 0.04638827412990071 0.026507585217085128 0.010492585815095185 0.0077313790216512746 0.0005522413586908637 0.0016567240760691215 0.007179137662960411 0.05080620499941374 0.1778217174979481 0.46333049994030234 0.6604806649923751 0.7190182490134401 0.534569635211219 0.4235691221146747 0.21647861260619752 0.0690301698361602 0.014910516684611685 0.01822396483674646
1.0393182370532181 1.2502744360725244 1.282304434876501 1.3237225367781977 1.523081667265027 2.0747707845956143 2.798759205837255 2.8987148917600134 1.7958888984575296 1.9549344097600403 1.4822158067220177 1.3115732268870333 1.0547809950965172 0.6632418717858225 0.5483756691784525 0.349568780050314 0.24795637005148655 0.19383671689993803 0.12370206434639958 0.09222430690111055 0.05246292907548286 0.023194137064950354 0.007179137662960411 0.005522413586894759 0.019328447554124717 0.0342389642387364 0.05908982537975241 0.07565706614042975 0.10989603037916615 0.054119653151548514 0.038656895108249434 0.010492585815095185 0.0022089654347565157 0.0005522413586908637 0.0016567240760691215 0.018776206195437323 0.07123913527091671 0.3534344695611362 0.6052565291234484 0.7350332484154266 0.7593318681977552 0.48431567157049615 0.23580706016032224 0.0811794797273245 0.025955343858397734 0.01546275804329908
1.3303494330824672 1.4264394294944034 1.3408420188975658 1.5407533907430826 1.884247515847811 2.4502949085043224 2.3597273256792812 2.0979649216605614 1.7450826934581158 1.4579171869396925 0.9691835844996798 0.7168092835786801 0.47050963760326275 0.23912050831245701 0.207642750867168 0.2070905095084806 0.21371740581275014 0.15849326994382337 0.20874723358454625 0.20322481999765496 0.11817965075950482 0.08007499700994625 0.030373274727910765 0.009388103097716927 0.026507585217085128 0.04197034326038421 0.06516448032533456 0.11376171988999179 0.15904551130251077 0.09056758282504143 0.0817317210860119 0.04528379141252245 0.004970172228203895 0.0038656895108256373 0.0027612067934473794 0.0171194821193682 0.04362706733645333 0.10658258222703137 0.3147775744528868 0.5544503241240346 0.8366456584142541 0.5075098086354466 0.3059417127138607 0.1402693051070769 0.03534344695611466 0.020432930271502975
1.7202318323170964 1.7682768305230627 1.8748594127500942 2.5270564573621304 2.6838930032298847 2.233264054539434 1.6909630403065674 1.5517982179168686 1.4855292548741559 1.4269916708530908 1.2397818502574258 0.9631089295540975 0.5732265303194685 0.28329981700759777 0.162358959454649 0.20874723358454625 0.1281199952159126 0.16898585575891856 0.25513550771444693 0.2915834373879399 0.2418817151059044 0.1678813730415403 0.04252258461907507 0.014910516684611685 0.017671723478055595 0.028716550651841644 0.054119653151548514 0.11486620260737004 0.11817965075950482 0.18334413108483938 0.13695585695494214 0.07123913527091671 0.033134481521358145 0.010492585815095185 0.008835861739029532 0.03644792967349292 0.07344810070567323 0.12867223657460347 0.1855530965195959 0.27888188613808473 0.4649872240163715 0.6510925618946583 0.4031361918431717 0.18886654467173414 0.06074654945582153 0.024298619782328612
2.201786297094145 2.2470700885066677 2.455817322091214 2.732490242794542 2.58062386915499 2.43483215046102 2.3519959466576297 2.2862792249736046 2.224428192800408 1.988068891281395 1.837307000359223 1.5175592536781322 1.0122584104774457 0.49094256787476576 0.17671723478056983 0.1032691340748966 0.1402693051070769 0.29213567874662727 0.3804942961369122 0.3556434349958962 0.26231464537740734 0.17174706255236594 0.048597239564657224 0.012149309891164306 0.0038656895108256373 0.018776206195437323 0.05522413586892677 0.10658258222703137 0.15904551130251077 0.2650758521708547 0.16125447673727075 0.10106016864013662 0.10437361679227486 0.05743310130368676 0.024298619782328612 0.10106016864013662 0.12038861619426133 0.11210499581392266 0.1480006841287282 0.24298619782328265 0.31753878124633417 0.4688529135271971 0.4721663616793319 0.26783705896429866 0.08835861739028492 0.02705982657577599
3.3012988422444973 3.57300159071962 4.049033641909777 4.422348800383728 4.957470676953638 4.901142058367331 4.55046879559964 4.233482255711995 3.890540371965954 3.6806886556640297 2.8379683423041935 2.411638013396073 2.2520402607348715 1.7125004532954486 0.370001710321817 0.07179137662960758 0.09719447912931445 0.28606102380104514 0.30318050592041335 0.24353843918197005 0.2634191280947856 0.1778217174979481 0.03147775744528902 0.004970172228203895 0.0016567240760691215 0.010492585815095185 0.040313619184318555 0.08559741059683754 0.1480006841287282 0.13143344336804738 0.1452394773352808 0.13419465016149476 0.10934378902047875 0.058537584021065014 0.0469405154885881 0.13143344336804738 0.11486620260737004 0.11486620260737004 0.15683654586775425 0.21150844037799363 0.2612101626600291 0.3893301578759417 0.3567479177132744 0.22752343977998357 0.09498551369455446 0.013253792608542564
5.918370641072979 7.3967207582841725 10.377167371130199 10.466078229879173 10.258987720370694 9.422894303315129 8.71933881234499 7.049913185027307 5.458353589284811 4.1771536371256905 3.215701431647658 2.914177649803314 3.340507978711436 3.001431784476219 0.7869439361322186 0.46056929314685846 0.16014999401988902 0.19328447554124717 0.1977024064107602 0.10437361679227486 0.08559741059683754 0.10658258222703137 0.03644792967349292 0.005522413586894759 0.0005522413586908637 0.006626896304273017 0.020432930271502975 0.05798534266237415 0.05632861858630503 0.10989603037916615 0.15683654586775425 0.19383671689993803 0.1629112008133364 0.09332878961848881 0.07068689391222932 0.11983637483557394 0.07234361798829497 0.18720982059566502 0.29324016146400556 0.22420999162784533 0.21537412988881927 0.16622464896547118 0.16843361440023116 0.18389637244353024 0.09277654825979795 0.019328447554124717
7.664005575889783 9.337849134076981 9.7592092907569 8.886115702669152 8.391859686642249 8.961772768809583 10.809020113625214 9.975687903363095 6.436373035523521 4.716141203206424 3.251597119962462 2.834102652793368 4.977351365866451 3.957361576367358 1.428096153570469 0.862048760913961 0.39043464059332 0.09774672048800184 0.162358959454649 0.06737344576009108 0.04086586054300595 0.037552412390871176 0.006074654945582153 0.0016567240760691215 0.0016567240760691215 0.0016567240760691215 0.011597068532473442 0.023194137064950354 0.025955343858397734 0.10823930630309703 0.18610533787828676 0.1551798217916886 0.14468723597658995 0.13253792608542564 0.09498551369455446 0.08228396244470276 0.08891085874897231 0.1430305119005243 0.534569635211219 0.30704619543123896 0.2021203372802767 0.14634396005265907 0.12149309891163959 0.17947844157401374 0.07068689391222932 0.02374637842363775
7.823051087192295 6.863255605790331 5.547816689392474 4.0683620894639025 4.143466914245643 7.34481007056738 10.584810121997368 12.458012810671395 7.9257679799085 5.402024970698506 3.374746942950171 2.7021169680666315 4.1611386377237 3.8369729601730946 1.9858599258466385 1.132647026671707 0.31035964358337376 0.05467189451023938 0.12259758162902132 0.10989603037916615 0.05522413586892677 0.013806033967233428 0.0016567240760691215 0.006074654945582153 0.009388103097716927 0.0016567240760691215 0.008835861739029532 0.012149309891164306 0.03368672288004554 0.11707516804212656 0.16512016624809292 0.11486620260737004 0.1032691340748966 0.14413499461790255 0.11320947853130092 0.07676154885781147 0.09277654825979795 0.11707516804212656 0.39650929553890213 0.4611215345055458 0.2567922317905126 0.1507618909221721 0.1408215464657643 0.10768706494440963 0.05743310130368676 0.03368672288004554
6.764404402584951 4.750932408803847 2.3718766355704455 0.8902130702071153 1.5313652876453656 4.737678616195305 10.707959944985076 15.014338060044057 9.869105321136065 5.775340129172456 3.5067326276769073 2.2570104329630754 3.717688826696212 4.347243975601987 2.4950264585581525 1.0249599617272973 0.2512698182036213 0.03700017103218031 0.11873189211819568 0.1457917186939682 0.04417930869514072 0.0027612067934473794 0.0016567240760691215 0.005522413586894759 0.013253792608542564 0.004970172228203895 0.006074654945582153 0.012149309891164306 0.035895688314802054 0.06295551489057805 0.11044827173785701 0.11762740940081742 0.10603034086834051 0.15186637363955036 0.10879154766178789 0.1800306829327046 0.48431567157049615 0.32747912570274196 0.16567240760678378 0.23028464657342748 0.3434941251047319 0.23635930151900963 0.0817317210860119 0.027612067934463386 0.0690301698361602 0.04528379141252245
6.489388205957691 4.808917751466222 2.573996972850719 2.358622842961903 3.00087954311753 4.129660880278411 9.433386889130226 16.26406025475789 11.089558723839366 6.270700627916738 3.4310755615364776 2.1211590587255116 2.5474893876336333 3.178701260615478 2.296771810788703 0.6251372180362604 0.315882057170265 0.021537412988881233 0.13695585695494214 0.22310550891046707 0.09498551369455446 0.0016567240760691215 0.0005522413586908637 0.0016567240760691215 0.008835861739029532 0.004970172228203895 0.0016567240760691215 0.010492585815095185 0.02540310249970687 0.045836032771209845 0.09664223777062358 0.1032691340748966 0.11928413347688308 0.18279188972615198 0.13253792608542564 0.3258224016266728 1.0117061691187548 0.525733773472193 0.2821953342902195 0.1480006841287282 0.2612101626600291 0.2601056799426509 0.02705982657577599 0.016567240760677338 0.06571672168402543 0.06019430809713067
6.699239922259617 6.466194068892742 6.077968393734181 5.886340642269 5.789698404498377 6.423671484273667 10.034225487384159 15.989596299489321 10.443436334172912 6.542403376391863 3.5177774548506933 2.047710958019838 2.2161445724200695 2.33598094725564 1.574440113623128 0.43903188015797373 0.07786603157518973 0.04473155005383159 0.20156809592158584 0.2821953342902195 0.09774672048800184 0.0038656895108256373 0.0005522413586908637 0.0016567240760691215 0.0044179308695130315 0.0033134481521347736 0.0022089654347565157 0.0044179308695130315 0.014910516684611685 0.02705982657577599 0.07455258342305149 0.10437361679227486 0.1336424088028039 0.17947844157401374 0.1336424088028039 0.3407329183112845 1.3430509843323224 0.8178694522188202 0.342941883746041 0.19162775146517805 0.23801602559507876 0.22807568113867097 0.026507585217085128 0.006074654945582153 0.025955343858397734 0.09608999641193272
6.757225264921991 6.724643024759324 6.7240907834006345 6.733478886498352 6.841165951442761 9.507387231194588 14.61396307499433 15.545594247103141 8.434382271261326 5.927206502812008 3.4200307343626912 1.916277514651791 1.4800068412872611 1.3640361559625127 0.9459894474347329 0.20653826814978973 0.0469405154885881 0.09443327233586707 0.28495654108366686 0.14910516684610645 0.033134481521358145 0.0038656895108256373 0.0005522413586908637 0.0 0.0011044827173782579 0.0044179308695130315 0.005522413586894759 0.004970172228203895 0.0033134481521347736 0.0171194821193682 0.09167206554241969 0.12701551249853435 0.09608999641193272 0.0938810309771762 0.0817317210860119 0.207642750867168 1.3806033967231937 1.0785273735201586 0.5340173938525317 0.1855530965195959 0.21592637124750666 0.27501619662725907 0.04804499820596636 0.0022089654347565157 0.008283620380338669 0.08228396244470276
6.7240907834006345 7.023957841168912 7.705975919150168 9.158922933861655 11.863248867363042 14.987830474826971 15.81453578878482 11.921234210025416 6.988062152854107 4.978455848583829 2.740773863174881 1.2657371941158235 0.800749970099452 0.6400477347208722 0.3324492979309458 0.08228396244470276 0.0298210333692199 0.16622464896547118 0.155732063150376 0.03976137782562769 0.006074654945582153 0.0027612067934473794 0.0005522413586908637 0.0 0.0005522413586908637 0.0027612067934473794 0.012149309891164306 0.0038656895108256373 0.0005522413586908637 0.00994034445640779 0.0811794797273245 0.10603034086834051 0.05522413586892677 0.03368672288004554 0.0740003420643641 0.10879154766178789 1.3502301219952828 1.1840054730298082 0.5489279105371399 0.14468723597658995 0.0867018933142158 0.12370206434639958 0.06295551489057805 0.0044179308695130315 0.009388103097716927 0.05688085994499589
