static/data/precipitation/2023/7/26/6.asc
ncols 137
nrows 93
xllcorner 108.0
yllcorner 17.0
cellsize 0.25
NODATA_value -32767
[rows 57 to 75 of 93, columns 86 to 128 of 137]
1.5457235629712864 0.9487506542281767 0.4141810190169577 0.5207636012439891 0.9509596196629333 1.3800511553645027 1.4474246011245937 1.0393182370532181 0.47327084439671013 0.43350946657108247 0.3457030905394884 0.07565706614042975 0.17229930391105333 0.1159706853247483 0.22420999162784533 0.685883767492082 0.44731550053831587 0.21206068173668102 0.13253792608542564 0.09222430690111055 0.038656895108249434 0.009388103097716927 0.009388103097716927 0.01270155124985517 0.0171194821193682 0.0171194821193682 0.014910516684611685 0.022089654347572096 0.04086586054300595 0.058537584021065014 0.05632861858630503 0.08835861739028492 0.11707516804212656 0.12259758162902132 0.20598602679109887 0.09774672048800184 0.0392091364669403 0.004970172228203895 0.0022089654347565157 0.0016567240760691215 0.0011044827173782579 0.0 0.0
1.484977013515465 1.1210499581392335 1.1089006482480692 1.3347673639519837 1.3933049479730453 2.118950093290755 2.7396693804575025 2.944550924531223 2.3508914639402514 0.7295108348285353 0.4224646393972964 0.155732063150376 0.2490608527688648 0.20598602679109887 0.7747946262410543 1.7726947613925792 1.7323811422082607 0.7112868699917889 0.4252258461907438 0.12867223657460347 0.033134481521358145 0.025955343858397734 0.0044179308695130315 0.0077313790216512746 0.013253792608542564 0.01988068891281558 0.02705982657577599 0.027612067934463386 0.024850861141019476 0.03810465374956204 0.04197034326038421 0.047492756847278966 0.07068689391222932 0.09222430690111055 0.12867223657460347 0.08394068652077188 0.054119653151548514 0.02374637842363775 0.013806033967233428 0.006626896304273017 0.0022089654347565157 0.013253792608542564 0.0171194821193682
1.0730049599332638 1.614201491448756 1.7644111410122405 1.3866780516687758 1.1950503002035942 1.6887540748718073 2.793236792250362 2.976028681976512 2.700460243990564 1.814112863294276 1.5921118371011838 0.7703766953715413 0.6405999760795631 0.5224203253200548 1.1365127161825326 2.5209818024165482 2.409981289320004 1.4838725307980867 0.5213158426026765 0.21040395766061537 0.03147775744528902 0.014910516684611685 0.006074654945582153 0.004970172228203895 0.00994034445640779 0.013253792608542564 0.017671723478055595 0.017671723478055595 0.019328447554124717 0.028716550651841644 0.04362706733645333 0.0469405154885881 0.040313619184318555 0.04970172228203548 0.05356741179286112 0.04914948092334462 0.033134481521358145 0.022089654347572096 0.009388103097716927 0.0038656895108256373 0.0011044827173782579 0.006074654945582153 0.016567240760677338
0.821182900370955 1.344707708408388 1.3275882262890233 0.902914621456967 0.6323163556992208 0.8526606578162441 1.703664591556419 2.439802322689224 2.2404431922023944 2.3343242231795744 2.4486381844282534 1.8991580325324227 1.3115732268870333 1.162468060040927 1.520872701830267 2.892087995455742 2.6137583506763464 1.6666644205242387 0.7295108348285353 0.19825464776945106 0.017671723478055595 0.0077313790216512746 0.005522413586894759 0.0044179308695130315 0.0038656895108256373 0.006626896304273017 0.008835861739029532 0.00994034445640779 0.0171194821193682 0.019328447554124717 0.03258224016266728 0.0347912055974238 0.027612067934463386 0.02705982657577599 0.02374637842363775 0.0298210333692199 0.03700017103218031 0.025955343858397734 0.008835861739029532 0.0022089654347565157 0.0011044827173782579 0.0016567240760691215 0.008835861739029532
0.5102710154288904 0.6687642853727138 0.6516448032533456 0.5478234278197616 0.5279427389069495 0.5643906685804424 0.6096744599929614 1.3480211565605262 1.6070223537857955 1.7423214866646684 2.3503392225815607 2.1465621612252184 1.730724418132195 1.8257099318267493 2.1846668149747805 2.8550878244235616 2.4674143906236874 1.6755002822632648 0.9829896184669131 0.45062894869045067 0.019328447554124717 0.008835861739029532 0.011597068532473442 0.013253792608542564 0.009388103097716927 0.0011044827173782579 0.0027612067934473794 0.0033134481521347736 0.008835861739029532 0.008835861739029532 0.012149309891164306 0.014910516684611685 0.01822396483674646 0.018776206195437323 0.014358275325920822 0.02264189570625949 0.03147775744528902 0.028716550651841644 0.011597068532473442 0.005522413586894759 0.0033134481521347736 0.0033134481521347736 0.006626896304273017
0.07620930749912061 0.22862792249736183 0.49259929195083485 0.5202113598852982 0.897944449228763 0.5704653235260246 0.5500323932545216 0.5527936000479655 0.7317198002632919 0.9642134122714758 1.6186194223182688 1.3706630522667858 2.1852190563334677 2.2724731910063745 1.9554866511187277 2.3006375002995285 2.0935469907910482 1.927322341825577 1.266289435474511 0.5047486018419991 0.03644792967349292 0.016567240760677338 0.01988068891281558 0.02540310249970687 0.020432930271502975 0.011044827173786048 0.0005522413586908637 0.0005522413586908637 0.0005522413586908637 0.0011044827173782579 0.0022089654347565157 0.004970172228203895 0.008835861739029532 0.011044827173786048 0.00994034445640779 0.013253792608542564 0.019328447554124717 0.016567240760677338 0.01546275804329908 0.011597068532473442 0.0077313790216512746 0.006074654945582153 0.00994034445640779
0.028716550651841644 0.0469405154885881 0.27501619662725907 0.5864803229280111 0.8659144504247867 0.4440020523861776 0.4368229147232172 0.42080791532123074 0.46774843080981887 0.5969729087431097 0.8581830714031353 1.0547809950965172 1.6837839026436034 2.311130086114624 2.233264054539434 1.5556639074276943 1.8246054491093713 1.8527697584025256 1.215483230475097 0.46001705178816754 0.03368672288004554 0.019328447554124717 0.018776206195437323 0.03147775744528902 0.03700017103218031 0.04528379141252245 0.0298210333692199 0.0016567240760691215 0.0 0.0 0.0 0.0 0.0016567240760691215 0.010492585815095185 0.009388103097716927 0.008835861739029532 0.011044827173786048 0.012149309891164306 0.012149309891164306 0.01546275804329908 0.014358275325920822 0.00994034445640779 0.004970172228203895
0.0011044827173782579 0.0022089654347565157 0.014358275325920822 0.06461223896664717 0.15738878722644511 0.3451508491807975 0.27612067934463735 0.35950912450671835 0.4539423968425854 0.44731550053831587 0.6626896304271317 0.6256894593949514 1.3066030546588294 1.8715459645979593 2.1073530247582815 1.6887540748718073 1.9582478579121751 1.6793659717740903 1.1348559921064636 0.53512187656991 0.16953809711760942 0.016567240760677338 0.021537412988881233 0.04970172228203548 0.04638827412990071 0.08891085874897231 0.11320947853130092 0.030373274727910765 0.00994034445640779 0.0011044827173782579 0.0011044827173782579 0.0 0.0 0.0005522413586908637 0.004970172228203895 0.0044179308695130315 0.0038656895108256373 0.008283620380338669 0.014358275325920822 0.0171194821193682 0.012149309891164306 0.0077313790216512746 0.006074654945582153
0.0005522413586908637 0.0016567240760691215 0.005522413586894759 0.016014999401989943 0.023194137064950354 0.1778217174979481 0.2496130941275522 0.42798705298419115 0.5594204963522386 0.5102710154288904 0.5185546358092326 0.8421680720011488 0.9885120320538044 1.4728277036243007 2.4624442183954867 3.469732456644727 3.080402298768785 2.238234226767638 1.0293778925968105 0.2871655065184234 0.05743310130368676 0.033134481521358145 0.026507585217085128 0.08504516923815014 0.08338844516208102 0.061298790814508924 0.10161240999882748 0.1949411996173163 0.09940344456407096 0.02264189570625949 0.0027612067934473794 0.0 0.0 0.0 0.0 0.0022089654347565157 0.0033134481521347736 0.0033134481521347736 0.004970172228203895 0.008283620380338669 0.0038656895108256373 0.0011044827173782579 0.0
0.0 0.0005522413586908637 0.0038656895108256373 0.008835861739029532 0.012149309891164306 0.14468723597658995 0.10989603037916615 0.4042406745605499 0.6864360088507728 0.5599727377109259 0.5157934290157852 0.800749970099452 1.039870478411909 1.771590278675201 2.8865655818688505 3.831450546586202 3.3990455627324994 2.5762059382854767 0.839959106566389 0.09553775505324533 0.08891085874897231 0.0740003420643641 0.0911198241837323 0.09277654825979795 0.10658258222703137 0.14744844277003732 0.25347878363837784 0.4070018813539973 0.22310550891046707 0.2645236108121639 0.06847792847746934 0.0005522413586908637 0.0 0.0 0.0 0.0033134481521347736 0.0044179308695130315 0.0038656895108256373 0.0027612067934473794 0.0011044827173782579 0.0005522413586908637 0.0 0.0005522413586908637
0.0011044827173782579 0.0005522413586908637 0.0005522413586908637 0.0027612067934473794 0.010492585815095185 0.04970172228203548 0.16180671809595815 0.6163013562972344 0.866466691783474 0.5406442901568012 0.8708846226529905 1.0404227197705964 1.277334262648297 1.861053378782864 2.736355932305366 3.6889722760443684 3.502314696807394 2.452503873939079 0.941019275206529 0.20432930271503322 0.1330901674441165 0.14468723597658995 0.18720982059566502 0.19107551010649065 0.1728515452697442 0.24574740461673003 0.4136287776582669 0.5240770493961239 0.6151968735798562 0.42688257026681287 0.2733594725511934 0.18610533787828676 0.15407533907430687 0.0 0.0011044827173782579 0.0033134481521347736 0.005522413586894759 0.007179137662960411 0.006074654945582153 0.0016567240760691215 0.0016567240760691215 0.05356741179286112 0.02540310249970687
0.0033134481521347736 0.0005522413586908637 0.0005522413586908637 0.0005522413586908637 0.0038656895108256373 0.019328447554124717 0.12646327113984349 0.622928252601504 1.0409749611292873 0.8394068652077015 0.8250485898817806 0.9802284116734659 1.2453042638443206 1.4303051190052256 2.2100699174744873 3.294119704581535 3.3261497033855134 2.358070601603212 1.200020472431798 0.43903188015797373 0.23083688793211835 0.22862792249736183 0.2810908515728412 0.2871655065184234 0.29489688554007465 0.39485257146283304 0.5561070482001003 0.5837191161345672 0.7847349706974621 0.6317641143405335 0.4169422258104051 0.27777740342070645 0.17947844157401374 0.17947844157401374 0.0171194821193682 0.11652292668343917 0.06461223896664717 0.008283620380338669 0.005522413586894759 0.0027612067934473794 0.0005522413586908637 0.02374637842363775 0.06185103217319979
0.006074654945582153 0.0016567240760691215 0.0005522413586908637 0.0005522413586908637 0.0005522413586908637 0.0022089654347565157 0.06240327353188718 0.34735981461555404 1.0426316852053565 0.9664223777062358 0.7565706614043078 0.6770479057530525 0.7206749730895058 0.7035554909701376 0.8741980708051253 2.2923538799191867 2.597191109915669 2.071457336443476 1.162468060040927 0.3528822282024488 0.28661326515973595 0.3064939540725481 0.38877791651725085 0.4324049838537042 0.47824101662491403 0.555002565482722 0.6571672168402404 0.5677041167325771 0.6996898014593155 0.6223760112428166 0.4611215345055458 0.23580706016032224 0.2700460243990552 0.2512698182036213 0.05632861858630503 0.15131413228086296 0.12977671929198173 0.04086586054300595 0.010492585815095185 0.014910516684611685 0.00994034445640779 0.007179137662960411 0.04141810190169681
0.008283620380338669 0.0038656895108256373 0.0016567240760691215 0.0011044827173782579 0.0005522413586908637 0.0011044827173782579 0.0022089654347565157 0.06350775624926544 0.6356298038513591 0.8857951393375987 0.6527492859707239 0.33465826336570237 0.13088120200936 0.08504516923815014 0.11376171988999179 1.159706853247483 1.5981864920467659 1.4325140844399855 1.2745730558548496 0.46995739624457533 0.3661360208109914 0.41638998445171427 0.5174501530918543 0.5848235988519455 0.629555148905777 0.7587796268390679 0.8885563461310462 0.6842270434160129 0.4224646393972964 0.3860167097238035 0.4760320511901575 0.370001710321817 0.2446429218993483 0.24740412869279568 0.07234361798829497 0.15904551130251077 0.16953809711760942 0.26231464537740734 0.28992671331187075 0.12149309891163959 0.058537584021065014 0.045836032771209845 0.025955343858397734
0.0342389642387364 0.006074654945582153 0.0022089654347565157 0.0005522413586908637 0.0 0.0 0.0005522413586908637 0.0033134481521347736 0.1850008551609085 0.508062049994134 0.5599727377109259 0.24629964597541742 0.02816430929315425 0.01988068891281558 0.04362706733645333 0.14855292548741558 0.6521970446120364 0.7996454873820737 0.7781080743931925 0.6444656655903852 0.4103153295061321 0.49977842961379526 0.7284063521111571 0.7979887633060047 0.9934822042820084 1.1663337495517525 1.2712596077027147 0.6433611828730069 0.2805386102141538 0.31698653988764675 0.41583774309302685 0.4313005011363259 0.16401568353071466 0.24740412869279568 0.1435827532592117 0.2319413706494966 0.4959127401029696 0.6157491149385436 0.5682563580912646 0.3528822282024488 0.19935913048682932 0.08891085874897231 0.06461223896664717
0.12314982298770871 0.027612067934463386 0.005522413586894759 0.0022089654347565157 0.0 0.0 0.0 0.0011044827173782579 0.008283620380338669 0.13529913287887302 0.26949378304036775 0.2446429218993483 0.011044827173786048 0.0022089654347565157 0.013253792608542564 0.01546275804329908 0.024850861141019476 0.08449292787945928 0.1800306829327046 0.45725584499472016 0.3639270553762348 0.7250929039590224 1.0658258222703034 1.3170956404739247 1.5308130462866747 1.4159468436793048 1.4507380492767321 0.47437532711408836 0.315882057170265 0.358956883148031 0.46001705178816754 0.5770922198302941 0.3727629171152609 0.3258224016266728 0.30373274727910415 0.3379717115178371 0.6654508372205791 0.8896608288484243 0.4324049838537042 0.598077391460488 0.26562809352954214 0.18334413108483938 0.10547809950965312
0.24629964597541742 0.054119653151548514 0.022089654347572096 0.007179137662960411 0.0044179308695130315 0.0 0.0 0.0 0.0016567240760691215 0.00994034445640779 0.011044827173786048 0.007179137662960411 0.004970172228203895 0.0 0.0011044827173782579 0.0011044827173782579 0.0016567240760691215 0.018776206195437323 0.07786603157518973 0.25789671450789087 0.6477791137425235 1.159706853247483 1.523081667265027 1.7765604509034048 1.5175592536781322 0.8084813491210998 0.4313005011363259 0.3186432639637124 0.3197477466810906 0.5610772204283042 0.5881370470040802 0.2739117139098808 0.27998636885546296 0.4793454993422923 0.8692278985769214 0.9084370350438618 0.9227953103697826 0.9570342746085154 0.6820180779812564 0.5875848056453893 0.4313005011363259 0.29268792010531813 0.2148218885301284
1.1144230618349606 0.21095619901930276 0.051910687716792 0.01822396483674646 0.004970172228203895 0.0 0.0 0.0 0.0 0.0005522413586908637 0.0016567240760691215 0.0016567240760691215 0.0 0.0 0.0 0.0 0.0 0.008283620380338669 0.07013465255353846 0.2982103336922094 0.9918254802059427 1.9499642375318365 1.9278745831842643 1.1933935761275285 0.4589125690707893 0.2888222305944925 0.36116584858278744 0.43350946657108247 0.5113754981462721 0.4981217055377296 0.471614120320641 0.49259929195083485 0.4887336024400092 0.38380774428904696 0.9896165147711827 1.277334262648297 1.180139783518986 0.8515561750988658 0.50309187776593 0.4384796387992863 0.525733773472193 0.3650315380936131 0.39595705418021127
2.1576069883990043 0.8250485898817806 0.15904551130251077 0.04197034326038421 0.019328447554124717 0.0044179308695130315 0.0 0.0 0.0 0.0 0.0 0.0 0.0 0.0 0.0 0.0 0.0 0.004970172228203895 0.048597239564657224 0.24795637005148655 1.2464087465616989 2.393966289918014 2.3492347398641824 1.2894835725394613 0.34238964238735015 0.315882057170265 0.36834498624574785 0.49039032651607833 0.6510925618946583 0.681465836622569 0.7013465255353811 0.7554661786869297 0.794123073795179 0.7096301459157197 0.7626453163498901 0.6593761822749968 0.45118119004913804 0.21813533668226318 0.17671723478056983 0.13971706374838605 0.28329981700759777 0.2744639552685717 0.29765809233352203
