static/data/ASCData/20210128/ASCV/00.asc
ncols 97
nrows 97
xllcorner 99.0
yllcorner 2.0
cellsize 0.25
NODATA_value -32767
[rows 0 to 18 of 97, columns 0 to 42 of 97]
-0.9112549985346274 -0.5158182529255448 -0.5206172425567228 -0.2991438710778498 0.06030045229739622 0.3650362938772109 1.0964023136687668 0.6481766821167243 0.6013865332127368 0.08669489526887642 -0.8946984843070624 -1.7637955065134319 -1.5929514756434884 0.137564185359365 0.390470938922455 0.2469811489502276 0.007511566354436283 -0.4582303773514065 -1.6291838473588838 -2.493481879934075 -2.5393122309118263 -1.9552751927974414 -1.157443166614068 -0.5762855222783898 -0.5597290080508253 -1.2980535628075889 -1.7004488433818798 -2.712075857634241 -3.7424189314481975 -4.043075631841511 -4.08722633644835 -4.016681188870031 -3.645719290379957 -3.4494406144647694 -3.2951530978223906 -2.849806860049055 -2.0039849375539003 -1.533444004216879 -1.5694364264507152 -2.0450162989004737 -2.741349694384428 -3.193654467122972 -2.6681651025089606
-1.0499457988756769 -0.697460010465639 -0.81167596368768 -0.7843217227899641 -0.23075826883356054 1.013379793049384 1.637488394584107 0.8523736909233559 0.9353962115427379 0.8768485380423643 1.242051648975024 1.7039544009759249 1.6794795538569156 -0.04911651129346639 -0.18564776630048563 -0.09974585190239615 -0.06663282344726662 -0.6624273861580385 -2.081248670615869 -2.5421916246905334 -2.1935450279854383 -1.7227641451668583 -1.5802341531208661 -1.6164665248362615 -1.2980535628075889 -0.8702236371880536 -1.3781966896482647 -1.9756708987299487 -2.7295921697880416 -3.391852738890631 -3.5149468229303515 -3.5684555573179884 -3.382014810146716 -3.4592785432086846 -3.7637744353069404 -3.5881314148058188 -3.063601848118043 -2.2014633608768825 -1.5773547593421595 -1.1701604891366904 -1.4504214835974962 -1.8703330763255874 -1.8321811087577209
-0.9280514622437508 -0.7228946555108835 -1.1252899360851742 -1.0928967560747216 -0.6895416775741952 0.08669489526887642 0.785907684531538 0.736238141848844 1.3836218430947804 1.6833187455618583 1.9393448423852142 2.620801370012517 1.7704204073677428 0.8358171766957909 0.5632345656448701 0.40126866559260677 -0.41623921807859743 -1.53536360006935 -2.357670473371732 -1.8684134804731163 -1.6008698085349322 -1.4065107284722158 -1.41226951602963 -2.013822866297815 -2.2832861340884705 -2.2736881548261136 -1.9015265089282456 -2.1477146770076865 -2.307760981207479 -2.846927466270348 -2.4855635470426307 -2.058693419349331 -2.183707099241523 -3.3009118853798043 -4.002044270494937 -4.23455531812552 -3.957173717443421 -3.2433240098056664 -2.558748138918098 -2.120360436109971 -1.9727915049512417 -2.152513666638865 -2.5011602633439596
-1.0852183726648366 -0.7756835414538434 -0.8282324779152446 -0.5374137062658466 -0.15349453577159178 -0.015763533356778048 0.6268211782579813 1.0143395909756192 0.6081051186963862 0.7897468762364808 0.23618342228007672 0.5759518881674923 0.2966506916329221 0.4979683066608471 0.3415212446844378 -0.0968664581236891 -0.9846795398916535 -1.6231851103199109 -1.9142438314508678 -0.9815601966313876 -0.7716044002673419 -0.7032187980230531 -1.3136502791089182 -1.9065654480409828 -2.125159425741149 -2.469966830741302 -2.2657698219346702 -1.9463970619797617 -2.036378117564353 -1.8518569662455515 -1.5315244083644077 -1.4065107284722158 -1.7755530311098184 -2.8517264559015265 -3.854715288817767 -4.118419769051008 -4.0042038158289674 -3.4532798061697116 -2.7696637332083793 -2.379025977230475 -2.246333913928398 -3.083277705605874 -3.4249657673457605
-1.0928967560747216 -0.7979988432388221 -0.46998790194779305 -0.1525347378453561 -0.046956965959436214 -0.13213903191284881 0.18915332389453043 0.5721126964625496 0.20379024226962406 -0.02560146210069325 -0.5294953733744028 0.36887548558215366 0.6774505188669107 0.37487422262112613 -0.5333345650793451 -0.9347700477274001 -0.8390302045853955 -1.181918013733077 -0.9952373170802455 0.04374393806983168 0.2673768548827349 -0.32937750575427227 -0.9611644906988803 -1.4612192102676471 -1.5108887529503416 -1.5060897633191632 -1.5977504652746668 -1.3498826508243131 -1.8508971683193158 -1.6711750066316928 -1.4972116325014837 -1.8703330763255874 -2.205302552581825 -2.4572495082186796 -3.402650465560782 -3.622204241187184 -3.5881314148058188 -2.8702025659815624 -2.0440565009742375 -1.6711750066316928 -2.602658894043379 -3.7287418109993395 -4.291183395773423
-0.8018380349437648 -1.0343490825743475 -0.6847426879430167 0.20690958552988992 0.312247407934251 -0.16141286866303606 -0.2228399359421167 -0.050076309219702075 -0.050076309219702075 -0.2794680135900194 -0.5676473409422691 0.3405614467582021 1.186383369253357 0.6872884476108263 -0.41144022844741945 -1.0696216563635073 -0.9729220152952669 -0.5285355754481671 -0.2521137726923035 0.5154846188146474 0.5953877961737639 -0.0030462108341557936 -0.5011813345504512 -1.0098742354553387 -1.3829956792794427 -1.0266706991644625 -1.1730398829153974 -1.813704998677685 -2.315679314098923 -2.323357697508808 -2.3096805770599502 -2.7902993886224454 -2.8810002926517133 -3.132947248288568 -2.889878423469393 -3.0412865463330645 -3.1144711382085317 -2.159472201604073 -1.3556414383817272 -1.538242993848057 -2.470926628667537 -4.129217495721159 -4.770602459928123
-0.5352541609318164 -0.9338102498011649 -0.5978809756186916 0.3319232654220814 0.7458361211111999 0.4411002795313852 0.08861449112134778 -0.21012261341949445 -0.02944065380563554 0.10613080327514801 -0.2237997338683524 -0.46902810402155737 0.37079508143462503 0.6844090538321197 0.10325140949644096 -0.5782051181308612 -0.8692638392618179 -0.36536992798810886 -0.20916281549325877 0.10421120742267664 0.1716370117407302 -0.17413019118565787 -0.6144374898462566 -0.8167149028004168 -1.4084303243246872 -1.1663212974317476 -1.4650584019725899 -2.102844123956171 -2.435654054878378 -2.469966830741302 -2.8176536295201613 -3.573494496430725 -3.542301063828067 -3.3772158205155374 -3.0813581097534026 -3.0578430605606295 -3.17205901378267 -2.2247384605880964 -1.7707540414786402 -1.9953467562177791 -2.9776999337199537 -4.581282318978144 -4.889857352262902
-0.44071406519760625 0.29569089370668644 0.36407649595097524 0.14428277084301433 0.26833665280897057 0.4754130553943092 0.4547773999802427 -0.32145917286282844 0.22154650390498354 0.4490186124228295 0.5222032042982967 -0.13597822361779155 -0.11246317442501841 0.679370114719382 0.2635376631777926 -0.14677595028794244 -0.46014997320387785 -0.5510908267147046 -0.6163570856987279 -0.39560356266453134 -0.8733429804483195 -1.2491038685695717 -1.6212655144674397 -1.530564610438172 -1.0998552910399297 -0.739451169738448 -1.175919276694104 -1.4640986040463542 -1.728762882205831 -1.4045911326197444 -1.8986471151495388 -3.209251183424301 -3.995325685011288 -3.8400783704426735 -3.6788323188350867 -3.69562878254421 -3.9202214972833493 -3.1603014891862835 -2.804936306997539 -3.388973345111924 -4.425075206483294 -5.192673597990245 -5.142764105825992
-0.15349453577159178 0.6052257249176796 0.5730724943887857 0.32400493253063756 0.07901651185899139 -0.3341764953854507 -0.4875042141015937 -0.36632972591434454 -0.25715271180504073 -0.2228399359421167 0.2635376631777926 0.875888740116129 0.06917858311507574 0.14932170995575156 0.22826508938863288 -0.14773574821417812 -0.6497100636354163 -0.7747237435276078 -0.4289565406012197 -0.595001581839985 -1.5060897633191632 -2.7228735843043923 -3.3479419837653506 -3.0177714971402914 -1.990547766586601 -1.496251834575248 -1.3899542142446513 -1.3966727997283006 -1.0120337807893693 -0.3478536158343082 -0.18276837252177858 -1.8127452007514493 -3.1701394179301987 -3.6944290351364155 -3.661316006681286 -3.7532166581183484 -4.169049109659938 -3.8429577642213806 -3.7112254988455393 -4.381164451358014 -5.360638235081481 -5.935797142378187 -5.690568772224982
-1.2083124567045567 -0.8975778780857695 -0.5549300184196468 -0.24035624809591694 -0.1573337274765345 -0.41527942015236174 -0.6408319328177363 0.25849872406505536 0.585789816911408 0.161799082996815 0.0905340869738187 0.730239404809871 -0.26867028691986805 -1.0266706991644625 -0.35673174665198815 -0.4932630016590074 -1.062663121398299 -1.004115447897925 -0.37904704843696635 -0.8243932862103023 -1.7637955065134319 -3.0705603830832517 -3.9406172032158566 -3.8897479131253676 -3.659396410828815 -3.3594595588801783 -3.059762656413101 -2.5743448552194272 -1.895767721370832 -1.2258287688583573 -0.8956582822332981 -1.390914012170887 -2.2854456794225007 -2.9856182666113975 -3.4465612206860623 -3.8645532175616824 -4.357649402165241 -3.9307792744719414 -3.5264643980451793 -4.050034166806719 -5.0119916383763865 -5.580192010707883 -5.59194953530427
-0.6573884470453013 0.17763574877970312 0.28489316703653556 -0.3713686650270813 -0.7833619248637285 -0.6710655674941592 -1.059783727619592 -0.4270369447487483 -0.050076309219702075 -0.09590666019745342 -0.04119817840202211 0.18531413218958814 1.1043206465602102 1.1717464508782642 0.3004898833378644 -0.7072979392095542 -1.1720800849891617 -1.136807511200002 -1.1329683194950593 -1.380116285500736 -1.742440002654689 -2.9426673094123528 -3.769773172345913 -3.465997128692334 -2.614416418639765 -2.6261739432361515 -3.098874421907203 -3.3752962246630664 -3.252202140623346 -3.754176456044584 -4.151532797506138 -3.7580156477495263 -3.3028314812322757 -3.388973345111924 -3.5811728798406106 -4.108581840307093 -4.865382505143893 -3.897666246016812 -3.140865581180012 -3.8088849378400154 -4.96496153999084 -5.232505211929023 -4.881939019371457
-0.21516155253223168 0.045663533922303046 0.5320411330422115 0.12772625661544978 -0.41144022844741945 -0.7219348575846478 -1.4278662323309588 -0.8234334882840666 -0.38504578547593926 -0.09110767056627544 -0.021762270395750516 -0.08222953974859593 0.9901046933381696 1.58182011486244 -0.12422069902140498 -0.966923278256294 -0.7305730389207685 -0.5167780508517805 -1.2229493750796503 -1.7405204068022175 -2.324317495435044 -3.188615528010235 -3.7081061555852735 -2.7902993886224454 -2.037337915490588 -2.1448352832289794 -2.617295812418472 -3.0998342198334385 -4.133056687426102 -5.221947434740432 -5.485651914973673 -4.9006550789330525 -4.7989164987520745 -4.492501010801348 -4.350690867200033 -4.076428609778199 -4.758125086887061 -3.9835681604149014 -3.4141680406756096 -4.223757591455369 -5.341922175519887 -5.265858189865712 -4.41715687359185
0.08861449112134778 -0.4680683060953217 -0.11846191146399088 0.15124130580822293 -0.23459746053850328 -0.5158182529255448 -1.1358477132737663 -0.4025620976297395 -0.23651705639097464 0.010630909614702144 -0.10670438686760475 -0.11054357857254704 -0.22475953179458807 -0.19932488674934357 -0.7120969288407326 0.057421058518689616 0.42358396737758497 -0.30586245656149913 -0.6036397631761057 -0.8606256579256972 -2.0227009971154946 -2.850766657975291 -2.94554670319106 -2.091086599359784 -1.6486197553651554 -1.538242993848057 -1.9552751927974414 -2.73655070475325 -3.8439175621476163 -5.204191173105072 -5.314567934622171 -5.092854613661739 -5.681930590888861 -5.399510051094024 -4.821471750018612 -4.497300000432526 -4.463947022495837 -3.867432611340389 -3.475835057436249 -4.491301263393553 -5.561715900627847 -5.310728742917228 -4.433713387819415
-0.07551095426494614 -0.6885818796479595 -0.7257740492895906 -0.5431724938232603 -0.027521057953164618 -0.06063408640829415 -0.4680683060953217 -0.452231640312434 -0.3780872505107311 -0.3526526054654866 -0.43471532815863334 -0.40544149140844654 -0.6252352165164075 -1.0451468092444984 -0.6067591064363715 -0.6554688511928299 -0.3771274525844954 -0.491343405806536 -0.0939870643449825 0.15891968921810795 -0.5362139588580521 -1.2639807364262237 -1.6349426349162974 -1.3165296728876248 -1.2951741690288818 -1.4249868385522517 -1.8312213108314852 -2.1798679075365803 -3.1838165383790566 -4.285424608216009 -4.438752326932152 -4.590160449795824 -5.202271577252601 -5.205390920512867 -4.979598458365934 -4.598798631131944 -4.325496171636347 -3.841997966295145 -3.656517017050108 -4.597838833205709 -5.345041518780152 -5.106531734110597 -4.278466073250801
-0.26483109521492576 -0.31066144619267755 -0.37904704843696635 -0.636992741112794 -0.13789781947026292 0.17067721381449452 -0.06471322759479525 -0.8771821721532622 -0.9290112601699865 -0.8956582822332981 -0.8918190905283554 -0.7336923821810344 -0.282347407368726 -0.5520506246409402 -0.4659087607612915 -1.1096932197838454 -1.2853362402849666 -1.0422674154657918 -0.17005104999915677 0.17763574877970312 0.1922726671547963 -0.004006008760391477 0.22058670597874785 -0.010004745799363945 -1.0139533766418403 -1.586232890159839 -2.041177107195531 -2.0793290747633977 -2.9220316539982867 -3.1818969425265853 -3.5178262167090586 -3.764734233233176 -4.202402087596626 -4.168089311733702 -4.139775272909751 -4.0929851240057635 -4.3547700083865335 -3.9883671500460793 -4.15537198921108 -4.767723066149417 -5.142764105825992 -4.7941175091208965 -4.08506679111432
-0.24443538928241848 0.2721758445139133 -0.1623726665892713 -0.5918822385797191 -0.22763892557329468 0.07493737067248984 0.0720579768937828 -0.7286534430682972 -0.9885187315965962 -1.094816351927193 -1.0696216563635073 -1.1096932197838454 -0.6749047591991015 -0.2629114993624544 -0.09782625604992479 -0.7804825310850219 -0.6564286491190656 -0.4387944693451349 -0.714016524693204 -0.5374137062658466 -0.17988897874307197 0.48213164087795857 0.8778083359686004 1.2770842732826253 0.2664170569564992 -1.3868348709843854 -2.038297713416824 -2.3058413853550075 -3.1583818933338126 -3.3145890058286622 -3.185736134231528 -3.4201667777145826 -3.476794855362485 -3.30187168330604 -3.291313906117448 -3.5499794472379524 -3.85183589503906 -4.360528795943948 -4.6662244354499975 -5.108691279444627 -5.220027838887961 -4.814753164534963 -4.156331787137316
0.049502725627245336 0.06030045229739622 -0.8469485374768397 -0.9484471681762581 -0.6252352165164075 -0.21012261341949445 0.0065517684282005995 -0.13501842569155587 -0.6895416775741952 -0.7960792473863507 -0.9280514622437508 -1.0187523662730187 -1.0139533766418403 -0.9748416111477383 0.028147221768502373 0.06725898726260482 0.24482160361619743 0.40318826144507725 -0.07647075219118182 -0.6456309224489147 -0.714016524693204 0.20882918138236128 0.9745079770368408 1.5779809231574973 1.2516496282373808 -0.3634503321356375 -1.8254625232740715 -2.9417075114861175 -3.800966604948571 -4.3274157674888185 -4.150572999579902 -3.949495334033536 -3.674993127130144 -3.521665408414001 -3.204212244311564 -3.297072693674862 -3.7500973148580825 -4.3370137467511745 -5.007912497189885 -5.387032678052961 -5.308809147064757 -4.630951861660838 -4.076428609778199
-0.16333246451550698 -0.25499316647101056 -0.47862608328391376 -0.9933177212277742 -0.9983566603405114 -0.5285355754481671 -0.28426700322119736 -0.20916281549325877 -0.42511734889627695 -0.7862413186424355 -1.0715412522159786 -0.9395690373585786 -0.5626084018295323 -0.5177378487780162 -0.1426968091014409 -0.026561260026928935 0.200910848490917 0.7487155148899065 1.1100794341176243 0.3777536163998332 -0.452231640312434 -0.050076309219702075 0.518364012593354 0.90204323360605 0.6930472351682404 -0.22092034008964534 -1.502250571614221 -2.6115370248610583 -4.061791691403106 -5.00695269926365 -5.292252632837192 -5.122368399893484 -4.8332292746149985 -4.704376403017864 -3.552858841016659 -3.266839058998439 -3.9758897770050163 -5.443660755700864 -6.283483941157046 -6.174066977566184 -5.5343616597301315 -4.722852513097901 -4.15537198921108
-0.226679127647059 -0.47862608328391376 0.03702535258618189 0.16683802210955223 -0.27658861981131233 -0.7814423290112575 -0.8898994946758845 -0.8186344986528882 0.04086454429112463 0.024308030063560082 -0.19356609919192946 -0.1525347378453561 -0.07647075219118182 -0.5842038551698341 -0.6153972877724923 -0.5431724938232603 -0.42511734889627695 0.12292726698427181 0.8151815212817244 1.0438533772073653 0.6853688517583549 -0.1026252456811032 -0.19836508882310788 0.1073305506829425 0.1267664586892141 -0.48558461824912236 -1.3781966896482647 -2.458209306144915 -4.282305264955744 -5.493330298383558 -5.775510888696836 -5.500288833348766 -5.202271577252601 -4.442591518637094 -3.6202846453347126 -4.535451968000393 -6.844005930078659 -8.956281216241736 -9.58230941362893 -9.225744484032392 -7.656474874637125 -5.699446903042661 -5.0177504259338
