static/data/ASCData/20210128/ASCV/06.asc
ncols 97
nrows 97
xllcorner 99.0
yllcorner 2.0
cellsize 0.25
NODATA_value -32767
[rows 0 to 18 of 97, columns 0 to 42 of 97]
1.106459544458919 1.4998920517453245 2.0517828930008752 2.004842324890152 1.60733982614906 1.4521374853436644 1.759828839317998 1.9706543966707821 2.212954554606479 1.4678747856351206 -0.003834124379681114 -1.0419532780884992 0.14648422668009076 2.1258567374761776 2.7735280442986943 2.5447945245452877 2.0645355328922275 1.9150311801233935 2.182565285078149 1.922899830269122 1.7050196210615471 1.5118306933457397 1.1680520818065157 0.5518553755669107 -0.17965775522215743 -0.7480998950601014 -1.0528065886343314 -1.3507299631174163 -1.5352362423965578 -1.5040329745772913 -1.457906404757506 -2.037201855141282 -2.361444507698009 -2.57118473399621 -2.671035191017863 -2.57118473399621 -2.169069578273139 -2.1337963189991855 -2.361444507698009 -2.807515571131699 -3.3409557844593354 -3.786212849602088 -3.9140105812792583
1.3653110009770097 1.191386699480054 1.794016767537368 1.9345671391058907 1.6396284250229103 1.5167146830913643 2.0371309237640025 2.445215400287281 2.8231819400458757 2.301680368318654 1.0703722868940284 0.01841516223927453 1.2383272675907762 2.87392116684764 3.2901456262802924 2.979469611905855 2.5342125467631016 2.1727973055869008 1.8330886855023634 1.6211777970949957 1.6152084762947885 1.265731876719002 0.5420873960756625 -0.21493101449611096 -0.9355908347393473 -1.2286302194768077 -1.3868172206823073 -1.5683388395613451 -1.6915239142565368 -1.5360502406874952 -1.5382209027966618 -1.975609317793686 -2.315317937878224 -2.6669651995631765 -3.0096584800478174 -3.051715058412916 -2.99012252106532 -2.6924704793458814 -2.5722700650507933 -2.6240946229071405 -2.9629892447007404 -3.221569368455185 -3.364290402132874
1.4070962465784618 1.1590981006062036 1.3769783098137784 1.57315189792969 1.6043551657489568 1.6211777970949957 2.2080705648608543 2.699182867059746 2.9764849515057508 3.1786278604218694 2.498125289198211 2.423780111959263 2.829151260846083 3.6133029477824365 3.329217544245287 2.8250812693913963 2.188534605878357 1.9180158405234975 1.8965805521954797 1.6854836620790499 1.5897031965120831 0.9336205740165466 0.0791937012959325 -0.9014029065199765 -1.7148585319300755 -2.0244492152499296 -1.9794079764847274 -2.0127819064131605 -1.8046696766968342 -1.5821768105072809 -1.684469262401746 -1.793002367860065 -2.1348816500537686 -2.6669651995631765 -3.095670966123535 -3.3849116921699545 -3.460884865990778 -3.1681168140169627 -2.7529776856388937 -2.6865011585456737 -2.8720927688793987 -3.2676959382749704 -3.6348091674877336
1.3680243286134672 1.3262390830120143 1.4013982585419003 1.466789454580537 1.5096600312365736 1.9014645419411043 2.3779248749031234 2.655226959349127 2.8272519315005624 3.1064533452920866 3.5810143489085853 3.636637565455974 3.455929944867874 3.3661188001011144 3.0752500774728215 2.3377676258835454 1.7090896125162338 1.9041778695775617 2.0213936234725463 1.6895536535337365 1.4678747856351206 0.7938842007389617 -0.2957881780625584 -1.3027040639521101 -1.8358729445161006 -2.149533619290642 -2.1894195355465738 -2.131896989653665 -1.9189007701917147 -1.7265258407668447 -1.8914961610634893 -2.02634854459545 -2.1845355458009497 -2.654212559671824 -2.9608185825915743 -3.2335080100556 -3.4307669292260945 -3.1797841228537322 -2.6962691380369224 -2.4024157550085246 -2.5850227049421455 -3.73248896240022 -4.211933955762343
1.1688660800974526 1.388645618650548 1.582919877420938 1.6309457765862447 1.6114098176037475 1.9785230468165098 2.4354474207960317 2.4872719786523794 2.628907681275485 2.917877074558259 3.383755429738091 3.656173524438472 3.3525521619188243 2.9903229224516865 2.3847081939942676 1.6651337048056147 1.654280394259783 1.995074345398904 2.0311616029637944 1.4746581047262657 1.2665458750099399 0.6845370969897058 -0.3975379644297323 -1.2636321459871156 -1.6386140253456065 -1.8857981730269273 -2.171782905909597 -2.1327109879446025 -2.211940154929175 -2.0567378141237795 -2.2021721754379264 -2.4395883436279986 -2.5733553961053763 -2.5369968057768397 -2.823252871423155 -2.930700645826891 -3.138812875543217 -2.891628727861896 -2.3663284974436336 -2.095809732088774 -2.9941925125200073 -4.236353904490465 -4.69626293887009
0.9930424492549763 1.4521374853436644 1.6787003429879048 1.6895536535337365 1.6708316928421763 1.8124673954652826 2.226521192788768 2.308463687409799 2.36327290566625 2.6533276300036066 3.0440468096535547 3.377786108937885 3.1688598809306203 2.9659029737235647 2.3475356053747936 1.4998920517453245 1.4893100739631384 1.8309180233931963 1.6933523122247776 1.000097101109767 0.690506417789913 0.10632697766051269 -0.31749479915422185 -1.1084298051817196 -1.524382931850726 -1.7704817484774638 -2.1055777115800227 -2.4102844051542527 -2.488428241084242 -2.389663115117172 -2.4903275704297627 -2.7958482622949297 -2.9404686253181396 -2.9043813677532486 -2.6905711500003604 -2.731542397310876 -2.8965127176075205 -2.738325716402021 -2.2637647127855223 -2.4629229613015373 -3.3632050710782906 -4.345701008239721 -4.698162268215611
1.0703722868940284 1.4393848454523122 1.4393848454523122 1.46082013378033 1.6700176945512393 1.7451768700811252 1.929683149360267 2.195317924969502 2.2284205221342894 2.1622153278047147 2.5312278863629984 2.9637323116143985 2.979469611905855 3.172929872385307 2.9197764039037795 2.0205796251816084 1.0654882971484039 1.299919804938373 0.9843598008183108 0.282150608502989 -0.05864334263613191 -0.48626377814190747 -0.8642303179005024 -1.03028596925173 -1.4277884679928223 -1.7002065626932024 -2.0977090614342946 -2.4013304239539415 -2.452069650755705 -2.353575857552281 -2.4374176815188324 -2.9852385313196956 -3.1407122048887377 -3.1914514316905014 -2.966787903391782 -2.935584635572515 -3.091872307432494 -3.0215971216482327 -2.9296153147723074 -3.1339288857975927 -3.5439126916663914 -4.32507971820264 -4.443380803152207
1.3905449479960685 1.3202697622118071 1.1699514111520362 1.1973560202802611 1.4931087326541794 1.8086687367742416 1.9090618593231863 2.2186525426430403 2.301680368318654 2.12314340983972 1.9394511288515153 2.1738826366414834 2.6034024014927803 3.2432050581695684 3.0321081680531385 1.732424230189772 0.6747691174984567 0.5282494251297267 0.2840499378485095 -0.217915674896215 -0.6973606682583373 -1.185488310057126 -1.6103954179264437 -1.6112094162173811 -1.3368919921714806 -1.3368919921714806 -1.7745517399321509 -2.0293332049955537 -2.0781731024517973 -1.7246265114213242 -1.8016850162967306 -2.619210633161516 -3.2275386892553923 -3.305682525185382 -3.39359434060662 -3.4589855366452573 -3.726519641600013 -3.6757804147982487 -3.667097766361583 -3.9579664889898774 -4.335933028748472 -4.649322370759368 -4.599668475012186
1.7061049521161298 1.538963969710319 1.388645618650548 1.3086024533750376 1.398413598141797 1.7090896125162338 2.10442144914816 2.066434862237748 2.1405087067130513 2.1434933671131544 1.988291026307759 1.8691759430672539 2.4842873182522753 3.0380774888533466 2.243072491371162 0.8193894805216662 -0.23636630282412874 -0.41029060432108455 0.10741230871509533 -0.3055561575538066 -1.0956771652903674 -2.0097972460130564 -2.5155615174488215 -2.459124302610496 -1.9981299371762873 -1.8106389974970418 -1.9921606163760797 -2.1788375577643877 -1.9932459474306627 -1.4345717870839674 -0.9619101128129897 -1.7452478014584045 -2.6455299112351582 -3.139626873834154 -3.4101456391890137 -3.677679744143769 -3.986456429172686 -4.028241674774138 -4.030412336883305 -4.409192874932837 -4.967867035279533 -5.295908346527301 -5.143690666122009
1.8016140849194509 1.5430339611650066 1.614123145240205 1.6787003429879048 1.732424230189772 1.885727241649648 2.1679133158412762 1.8358020131388209 1.7166869298983167 1.8691759430672539 1.9345671391058907 1.7481615304812284 1.9345671391058907 2.134810718676489 1.3007338032293099 0.06942572180468431 -0.752983884805726 -0.64363678105647 0.2539320010838262 -0.19620905380455067 -1.1993262810030614 -2.174767566309701 -2.737240385347438 -2.8495721494967974 -2.930700645826891 -2.731542397310876 -2.8856594070616883 -2.9179480059355383 -2.62219529356162 -2.1034070494708565 -1.8144376561880828 -2.2588807230398977 -2.601574003524539 -2.9296153147723074 -3.3252184841678796 -3.8185014484759376 -4.3467863392943045 -4.192397996779846 -3.8163307863667715 -4.161194728960579 -4.87317190076715 -5.230517150488664 -5.0313589019726495
1.3905449479960685 1.1113435342045435 1.195185358171095 1.4100809069785658 1.613309146949268 1.872160603467358 2.0341462633638985 2.096552799002432 2.097638130057015 2.182565285078149 2.2216372030431444 2.1288413978762817 1.9277838200147466 1.4130655673786698 0.33994448715954384 -0.5654929451264801 -0.9404748244849719 -0.6222014927284523 -0.34381407722786417 -0.6601880796388633 -1.210993589839831 -2.083871090488359 -2.6835164981455697 -2.771428313566808 -2.5996746741790187 -2.214924815329279 -2.7470083648386865 -3.2793632471117395 -3.3632050710782906 -3.510810094501604 -3.6806644045438732 -3.7284189709455333 -3.561549321303368 -3.5702319697400338 -3.6904323840351214 -4.129991461141312 -4.548929248210422 -3.654345126470231 -3.0606690396132272 -3.8497047162952045 -4.958913054079222 -5.149388654158571 -4.573349196938544
1.1748354008976598 1.2879811633379576 1.4423695058524162 1.4784567634173067 1.3319370710485767 1.4776427651263697 1.664048373751032 1.9687550673252616 2.0097263146357767 2.1182594200940956 2.1942325939149185 2.3749402145030194 2.5176612481807084 2.096552799002432 0.6913204160808499 -0.10341324863768886 -0.09174593980091927 0.1611361959169635 -0.5272350254524234 -1.1260664348186964 -1.7246265114213242 -2.2607800523854187 -2.607543324324747 -2.0594511417602375 -1.8516102448075569 -1.5829908087982183 -2.3476065367520733 -3.0704370191044763 -4.025528347137681 -4.6943636095245695 -4.6200184322856215 -4.344615677185137 -4.56846520719292 -4.564395215738233 -4.477568731371578 -4.0887488810671515 -4.246121883981713 -3.472552174827547 -3.184668112599357 -4.05266162350226 -5.078028137319726 -4.96868103357047 -4.190498667434325
1.0489369985660106 1.3555430214857607 1.6122238158946844 1.6797856740424884 1.5603992580383377 1.4003129274873176 1.4882247429085558 1.7383935509899802 1.9627857465250536 2.0878701505657666 2.185549945478253 2.260709121008139 2.5176612481807084 2.4354474207960317 1.3965142687962757 0.7656655933197989 0.6932197454263713 -0.04480537169019616 -0.5741755935631456 -0.9746627527043419 -1.7208278527302832 -2.204071504783447 -2.022549885904409 -1.457906404757506 -1.3075880536977347 -1.4210051489016777 -2.1044923805254396 -2.7763123033124324 -3.683649064943977 -4.634670401522494 -4.603467133703228 -4.420046185478669 -4.965967705934013 -4.948331076297036 -4.477568731371578 -4.083864891321527 -3.915909910624779 -3.3897956819155786 -3.268509936565908 -4.092818872521838 -5.0009696324443205 -4.853635941784653 -4.267557172309731
1.1512294504604759 1.2244892966448413 1.4581068061438716 1.8064980746650754 1.6483110734595758 1.432601526361167 1.4111662380331493 1.7459908683720622 2.1122900992938876 2.2449718207166827 2.2870283990817812 2.1689986468958597 2.222722534097727 2.0810868314746216 1.756844178917894 1.4374855161067916 0.5917412918228431 -0.14736915634830794 -0.48626377814190747 -0.6173175029828277 -0.6523194294931356 -0.6582887502933428 -1.0273013088516265 -0.9510568022671579 -1.1884729704572297 -1.6160934059630052 -2.3006659686413506 -2.485443580684138 -3.135828215143113 -4.024443016083097 -4.146542759723706 -4.155225408160372 -4.749986826071958 -4.593699154211979 -4.32507971820264 -3.9842857670635197 -3.766676890619591 -3.4473182278084877 -3.603605899668467 -4.4219455148241895 -4.977635014770781 -4.8438679622934036 -4.420046185478669
1.2000693479167195 1.109444204859023 1.2461959177365047 1.5663685788385449 1.6152084762947885 1.462990795889496 1.3672103303225303 1.8944098900863136 2.2449718207166827 2.308463687409799 2.1622153278047147 2.0401155841641057 2.0409295824550435 1.770410817100184 1.5869898688756257 1.4461681645434572 0.697289736881058 0.2911045897033002 -0.05457335118144524 -0.26458491024329156 0.23738070250143206 0.8524920776864535 0.6747691174984567 0.08787634973259806 -1.2207615693310796 -1.9598720175022297 -2.432533691773208 -2.305549958386975 -2.971671893137406 -3.39359434060662 -3.691517715089705 -3.7989654894934404 -4.166892716997141 -4.0059923881551835 -3.9121112519337378 -3.76477756127407 -3.9500978388441492 -3.847805386949684 -4.2314699147448405 -4.818362682510699 -5.116286056993784 -4.878869888803711 -4.51555531828199
1.0771556059851735 1.082039595730798 1.2266599587540075 1.5528019406562548 1.6328451059317652 1.487410744617618 1.3533723593765945 1.9082478610322484 2.1122900992938876 1.9619717482341166 1.8241347043020522 1.8094827350651785 1.8710752724127744 1.695251641570298 1.4092669086876288 1.2304586174450485 0.925751923870819 0.5214661060385817 0.3768457430153722 -0.008718114125305654 0.04880443176760352 1.1015755547132953 0.9433885535077957 0.8457087585953085 -0.48626377814190747 -1.8282756271340186 -2.2889986598045815 -2.3077206204961414 -3.350723763950584 -3.673881085452728 -3.7186509914542842 -3.8174161174213546 -3.827184096912603 -3.6483758056700233 -3.6288398466875256 -3.7685762199651114 -3.9940537465547683 -4.555712567301567 -5.0655468301920195 -5.355601554529376 -5.415023429767806 -5.111402067248159 -4.712000239161546
1.1034748840588158 1.2060386687169267 1.384846959959507 1.5918738586212502 1.657265054659887 1.6591643840054076 1.5118306933457397 1.7109889418617543 1.6591643840054076 1.6162938073493711 1.5937731879667707 1.5547012700017753 1.5888891982211462 1.5644692494930243 1.1816187199888049 0.9129992839794658 0.6375965288789827 0.6991890662265785 0.7089570457178267 0.40126569174349314 -0.48246511945086645 0.09384567053280612 0.5665073448037834 0.694305076480954 0.0946596688237431 -1.2696014667873228 -2.0819717611428383 -2.713905767673899 -3.8429213972040595 -4.5038880094452205 -4.555712567301567 -4.431713494315439 -4.182630017288597 -3.9053279328425927 -3.770475549310632 -3.975603118626854 -4.498190021408659 -5.096750098011286 -5.741165411670053 -5.931641011749403 -5.820394578654627 -5.336879593837817 -4.917127808477769
1.3593416801768017 1.3398057211943044 1.1620827610063076 1.3018191342838934 1.5088460329456357 1.6895536535337365 1.7899467760826813 1.667847032442073 1.2383272675907762 1.3349217314486799 1.392444277341589 1.4130655673786698 1.3769783098137784 1.3465890402854495 1.1463454607148513 1.2451105866819212 1.0888229148219422 1.242125926281818 1.728625571498731 1.7647128290636225 0.37006242392422717 -0.24911894271548096 0.05260309045864453 0.030353803839689775 -0.37691667439265153 -1.0674585578712041 -1.8418422653163082 -2.803716912440658 -3.942500521462067 -4.973565023316095 -5.464948658278632 -5.3751375135118735 -4.951315736697139 -4.739404848289772 -4.148442089069227 -4.484352050462723 -5.163226625104507 -6.252899003906027 -7.000963433277488 -6.896500319273857 -6.286272933834459 -5.708062814505267 -5.157257304304299
1.2890664943925403 1.3777923081047163 1.1278948327869376 1.1512294504604759 1.3701949907226334 1.654280394259783 1.8184367162654897 1.5986571777123944 0.9238525945252984 0.9189686047796739 1.0741709455850694 1.2635612146098358 1.4130655673786698 1.4209342175243975 1.2608478869733775 1.2079379980624472 1.1973560202802611 1.5566005993472958 2.151362017258883 2.4091281427223894 1.6219917953859335 0.3426578147960013 -0.3622647051557788 -0.6932906768036506 -0.9081862256111215 -1.2275448884222246 -1.7870330470598574 -2.996091841865528 -4.1191381505954805 -5.058492178337229 -5.488283275952171 -5.439443378495928 -5.165939952740964 -4.420046185478669 -3.711053674072202 -4.964882374879429 -7.077207939861957 -8.821334944577139 -9.483386887872882 -9.349619835395504 -8.10148912262484 -6.524503100315469 -5.899352412875553
