static/data/ASCData/20210128/ASCV/09.asc
ncols 97
nrows 97
xllcorner 99.0
yllcorner 2.0
cellsize 0.25
NODATA_value -32767
[rows 19 to 37 of 97, columns 43 to 85 of 97]
-5.7085916238795 -4.153820733164136 -2.070811490087175 0.35001446484678933 2.1457922868267456 2.2629524717478926 1.5873190480338861 0.22413267807047088 -0.9009539612467439 -1.3608730990761577 -2.0327271619862564 -2.5836416791713006 -3.538657082312657 -4.462565438837232 -5.332690583921579 -5.8277868492335205 -5.823716768367774 -5.9106420668576565 -6.080713303033514 -6.302241990154888 -6.438008259033736 -6.429286657178563 -6.475220426949138 -6.720297439079476 -7.0034587793107335 -7.391279341804058 -7.809334790728645 -8.19686463316013 -8.485840374628168 -8.853019812730919 -9.238805334791369 -9.612962054378258 -9.96647764957457 -10.254581230857092 -10.555185774798694 -10.634261631618923 -10.759271258209722 -10.908701369995008 -10.993882348113855 -10.943878497477534 -10.475237757792948 -9.088503062820568 -6.552261243336492
-6.158916999668225 -2.7807498810981923 0.08429632832587597 1.7893694910120423 1.4759732643495207 1.3099721090394096 0.49072297477690086 -0.5299951623400858 -1.3666875003129388 -2.0173189987087854 -3.1490921994482983 -4.152076412793102 -5.017259316826184 -5.6460868105841 -6.252528859580407 -6.45574218280592 -6.447892741136265 -6.555168443954883 -6.76623120885005 -6.950838448117861 -6.997644378073952 -7.012471101227745 -7.140387928436937 -7.368893897042449 -7.67938292308658 -7.993651309934618 -8.354144186615068 -8.663761052473681 -8.914652465840803 -9.227176532317806 -9.584471488318027 -9.942057164380088 -10.199925859231346 -10.428431827836857 -10.543556972325131 -10.564198096715705 -10.689207723306506 -10.81014726903156 -10.889223125851789 -10.786598944022597 -10.282781076855482 -9.10013186529413 -7.197950500681074
-5.810052925461338 -1.7565431032391365 0.7102166214654018 1.3547429985626271 0.7523710304320668 -0.18723620943181807 -0.8881622785258241 -1.7478215013839642 -2.72812954990532 -3.589533093134494 -4.68903636700987 -5.450722929028243 -6.028092971840643 -6.450799941754655 -6.718262398646603 -6.870599711050277 -6.912754120016943 -6.996772217888434 -7.124689045097627 -7.267141875398773 -7.327902368323139 -7.445062553244286 -7.621820350842443 -7.82677799443899 -8.117788776339902 -8.425370601765643 -8.722195784903336 -9.033847691194822 -9.280959743758036 -9.584471488318027 -9.880424511270204 -10.211554661704909 -10.439188470124904 -10.533672490222603 -10.583676340858922 -10.60024738438375 -10.700836525780069 -10.820903911319608 -10.921493052715926 -10.812182309464434 -10.17637753422238 -9.021056008473902 -7.495647844004285
-5.112906217171239 -0.7241961636485872 0.8012120008210317 0.14592898143575983 -0.5573228481529586 -1.505360969810177 -2.535672868967853 -3.3610271245289827 -4.330578530762293 -5.230066402092386 -5.8667433375199565 -6.374631285552818 -6.720297439079476 -6.901997477728897 -7.07381303427579 -7.044450308030043 -7.1188746438608455 -7.225278186493947 -7.322960127271875 -7.456691355717849 -7.5532104162484215 -7.667463400551178 -7.895097208971172 -8.11197437510312 -8.41955620052886 -8.723358665150691 -9.03181265076195 -9.34520887742447 -9.631568138335957 -9.96357044895618 -10.210682501519392 -10.433083348826283 -10.623795709392715 -10.70955812763524 -10.712465328253632 -10.746770295550643 -10.811019429217078 -10.834567754226043 -10.837474954844435 -10.642111073288577 -10.026947422437097 -8.966400636848157 -7.867769523158299
-4.6910714074427435 -0.3052685545384817 0.19854931262863218 -1.2817972422559296 -1.877482648964191 -2.812147647776812 -3.845366747552879 -4.773054464881362 -5.744640911547545 -6.236829976241097 -6.690062552648213 -6.880484193152806 -7.0642192722351 -7.174402175672109 -7.27121195626452 -7.2427213902042915 -7.223243146061073 -7.330809568941531 -7.452621274852103 -7.573851540638996 -7.721246611991406 -7.820963593202208 -8.070982846383812 -8.365772989088631 -8.673354814514372 -8.97512223870333 -9.284739104561943 -9.637382539572739 -9.957756047719398 -10.296444919761917 -10.483087199462602 -10.667694438730415 -10.738048693695472 -10.824973992185353 -10.842417195895699 -10.87672216319271 -10.842417195895699 -10.83543991441156 -10.714500368686505 -10.42145454635272 -9.849317464653424 -8.96843567728103 -7.8686416833438155
-4.1674845760705725 -1.3600009388906402 -1.1314949702851287 -2.339436827226479 -2.7417933928117564 -3.717449920343687 -5.015224276393311 -5.9449470341546675 -6.3920744892631625 -6.826700981712577 -7.056369830565445 -7.121781844479236 -7.275863477253946 -7.289818040222221 -7.399128783473713 -7.405815344896011 -7.386337100752794 -7.42820078965762 -7.552338256062905 -7.673568521849798 -7.835499596294161 -7.9791153068426635 -8.261404486888404 -8.55445030922219 -8.898081422315975 -9.20072100669045 -9.518187314218718 -9.871702909415031 -10.205740260468128 -10.510414885275477 -10.673508839967196 -10.820031751134088 -10.87061704189409 -10.820031751134088 -10.837474954844435 -10.848231597132479 -10.80433286779478 -10.724384850789034 -10.559255855664441 -10.22027626356008 -9.66180302476722 -8.790514999435517 -8.032898518282892
-4.0796871173951725 -2.5475923915032554 -2.4135704429954425 -2.665624736609919 -3.0551896194742776 -4.552397937945505 -5.88447726129214 -6.457777223238793 -6.820014420290279 -6.998516538259469 -7.233999788349119 -7.311040604736473 -7.4264564692865855 -7.42529358903923 -7.432270870523367 -7.453784155099458 -7.492740643385894 -7.540709453589342 -7.647112996222442 -7.759330940092324 -7.930274336453699 -8.133487659679211 -8.41664899991047 -8.731208106820347 -9.09141026343896 -9.414690972204008 -9.741751041772966 -10.049332867198705 -10.337436448481228 -10.58164130042605 -10.768283580126734 -10.884280884800525 -10.8796293638111 -10.801425667176389 -10.699964365594553 -10.696766444914322 -10.657809956627887 -10.518264326945133 -10.262430672526747 -9.931300522092041 -9.426319774677571 -8.836448769206092 -8.11866093652542
-3.2534607016485255 -2.771156119057503 -2.839475333589685 -2.990940485807842 -3.981133016431726 -5.650156891449847 -6.5141769152355735 -6.84152770486637 -6.996772217888434 -7.158703292332799 -7.327902368323139 -7.406978225143368 -7.438957431945665 -7.471227358809802 -7.481111840912331 -7.517161128580376 -7.574723700824513 -7.662811879561753 -7.756423739473934 -7.8834684064976095 -8.106159973866339 -8.335538102657368 -8.612885041651843 -8.963493436229767 -9.311194630189298 -9.605984772894118 -9.865888508178251 -10.169690972800083 -10.341506529346976 -10.54064977170674 -10.740955894313862 -10.80724006841317 -10.779912382600298 -10.645018273906967 -10.508379844842603 -10.428431827836857 -10.365927014541457 -10.213589702137782 -9.988863094336178 -9.742913922020323 -9.325730633281253 -8.738766828428163 -8.046562361189329
-2.476075256290843 -2.577827277934519 -2.6557402545073905 -3.3784703282393274 -5.163782227993077 -6.67843375017465 -7.065091432420617 -6.98892277621878 -7.086604716996709 -7.214521544205901 -7.249698671688429 -7.393314382236931 -7.506404486292331 -7.552338256062905 -7.585480343112559 -7.630541952697615 -7.715432210754624 -7.839569677159909 -7.9712658651730095 -8.109939334670248 -8.347166905130932 -8.633526166042419 -8.875695977554367 -9.151007876115969 -9.469346343829756 -9.753670564308369 -9.98217653291388 -10.190041377128818 -10.34034364909962 -10.477272798225822 -10.567105297334095 -10.619725628526968 -10.516229286512257 -10.386277418870192 -10.303422201246056 -10.225218504611345 -10.09235943635089 -9.949906606049742 -9.802511534697333 -9.544642839846073 -9.195778765639187 -8.829762207783793 -8.213435676684957
-2.3315873855568237 -2.5952704816448633 -2.6784164193308384 -4.870736405659291 -6.5385974004300556 -7.083697516378318 -7.210451463340154 -7.154923931528891 -7.200857701299465 -7.300283962448427 -7.397093743040839 -7.47529743967555 -7.5142539279619855 -7.623564671213478 -7.758458779906807 -7.839569677159909 -7.937251617937838 -8.069819966136455 -8.234076801075531 -8.41374179929208 -8.630618965424027 -8.879475338358274 -9.126587390921486 -9.3736994434847 -9.615869254996648 -9.805418735315723 -9.998747576438706 -10.190913537314334 -10.363891974108583 -10.46244607507203 -10.409825743879157 -10.372613575963754 -10.284816117288354 -10.213589702137782 -10.143235447172726 -10.046425666580316 -9.972292050811351 -9.889146113125378 -9.787684811543539 -9.678374068292047 -9.253632057945161 -8.568986312314145 -7.756423739473934
-2.2437899268814236 -2.4635742936317633 -3.2261330158356527 -6.039721774314205 -7.265397555027739 -7.550303215630031 -7.385464940567276 -7.313947805354864 -7.274119156882911 -7.381394859701529 -7.458726396150722 -7.538674413156468 -7.63839139436727 -7.816021352150944 -7.968358664554618 -8.097147651949328 -8.208493435633693 -8.369843069954378 -8.546600867552534 -8.748651310530692 -8.964365596415284 -9.163799558836889 -9.314973990993206 -9.554236601886764 -9.747565443009748 -9.920543879803997 -10.072009032022153 -10.24876682962031 -10.323772605574792 -10.332784927491803 -10.247603949372955 -10.21736906294169 -10.25254619042422 -10.298479960194792 -10.21736906294169 -10.108930479875717 -10.067938951156407 -10.100208878020544 -10.000491896809741 -9.884494592135951 -9.47428858488102 -8.819877725681264 -8.034933558715766
-2.2876886562191237 -3.4587090653069117 -5.330655543488705 -7.2165565846387745 -7.944810339545653 -7.777064863864508 -7.556408336928651 -7.4020359840921035 -7.38430206031992 -7.504660165921296 -7.525882730435549 -7.634321313501523 -7.783751425286807 -7.968358664554618 -8.177386389016913 -8.32885154123507 -8.505609338833226 -8.671610494143337 -8.86203213464793 -9.042569293049995 -9.198976686319416 -9.382421045339871 -9.538828438609293 -9.695817272002394 -9.877517310651815 -10.001654777057098 -10.148177688223992 -10.211554661704909 -10.257488431475483 -10.254581230857092 -10.233067946281 -10.19207641756169 -10.264174992897782 -10.325807646007664 -10.416512305301456 -10.386277418870192 -10.378427977200538 -10.435118389259156 -10.358077572871803 -10.201670179602381 -9.939149963761697 -9.824896979458941 -8.935293590231376
-2.887444143793132 -5.245765285431696 -7.031949345370963 -7.986092588326802 -8.037840759334157 -7.886375607115999 -7.664556199932786 -7.511346727343595 -7.529952811301296 -7.606121467503133 -7.664556199932786 -7.781716384853933 -7.909923932124965 -8.13726702048312 -8.35036482581116 -8.5954418379415 -8.773071795725173 -8.94401519208655 -9.121645149870222 -9.264388700233209 -9.408876570967227 -9.570807645411591 -9.741751041772966 -9.89118115355825 -9.975199251429743 -10.099336717835026 -10.250511149991345 -10.3208654049564 -10.317958204338009 -10.315923163905136 -10.354007492006055 -10.24876682962031 -10.317086044152493 -10.424361746971112 -10.517101446697776 -10.651995555391105 -10.66275219767915 -10.87352424251248 -10.830788393422136 -10.847359436946963 -10.89794472770696 -10.824973992185353 -9.754542724493884
-4.364011337873786 -6.608951655395111 -7.671533481416924 -8.028828437417145 -8.081739488671857 -7.948880420411401 -7.729096053661061 -7.701768367848188 -7.720374451805888 -7.73898053576359 -7.8296851950573805 -7.919517694165654 -8.053248922611628 -8.278847690598749 -8.468397170917825 -8.71434634323368 -8.999542723897811 -9.171649000506543 -9.325730633281253 -9.444925858635273 -9.59929821147182 -9.759484965545148 -9.934207722710433 -10.07288119220767 -10.156027129893646 -10.224346344425829 -10.37464861639663 -10.455759513649731 -10.464481115504903 -10.475237757792948 -10.561290896097315 -10.401104142023986 -10.388312459303066 -10.49675104236904 -10.76334133907547 -10.899979768139834 -11.138370218847875 -11.426473800130395 -11.384319391163732 -11.656724089106943 -11.772139953657055 -11.841331328374753 -10.765376379508343
-5.917619348341795 -7.086604716996709 -7.775029823431634 -8.020106835561974 -8.004407952222664 -7.867769523158299 -7.899167289836919 -7.872711764209563 -7.851198479633472 -7.8686416833438155 -7.945973219793009 -8.025921236798755 -8.191922392108866 -8.362865788470241 -8.537588545635524 -8.816098364877357 -9.101294745541487 -9.340557356435045 -9.506558511745155 -9.598135331224464 -9.74669328282423 -9.920543879803997 -10.093522316598245 -10.230160745662609 -10.325807646007664 -10.394126860539847 -10.475237757792948 -10.550534253809268 -10.645018273906967 -10.656937796442369 -10.742700214684895 -10.601119544569269 -10.578734099807658 -10.738920853880987 -11.006383310772936 -11.282858089581893 -11.576776072101197 -11.922442225627856 -11.898021740433375 -12.234094131919342 -12.267236218968996 -12.33555543350118 -10.846196556699606
-6.465335944846609 -7.261327474161991 -7.779972064482899 -7.848291279015081 -7.816893512336462 -7.9224248947840445 -7.974173065791399 -7.993651309934618 -7.945973219793009 -7.9712658651730095 -8.0180717951291 -8.157908144873694 -8.286697132268404 -8.427405642198515 -8.647190008948854 -8.923374067695974 -9.194906605453669 -9.426319774677571 -9.608019813326992 -9.723144957815265 -9.855131865890204 -10.014155739716177 -10.184226975892036 -10.33365708767732 -10.447037911794558 -10.549371373561911 -10.627575070196624 -10.736885813448115 -10.8796293638111 -10.877594323378226 -10.902886968758224 -10.86393048047179 -10.936029055807879 -11.093308609262818 -11.33460626058925 -11.624744882304645 -11.787838836996364 -12.098327863040495 -12.196881964003941 -12.474228902998417 -12.383524243704628 -12.30037830601865 -10.79154118507386
-6.8717625912976334 -7.312203484983829 -7.5709443400206045 -7.685197324323361 -7.833755275923128 -7.905853851259217 -8.00847803308841 -8.084646689290247 -8.120695976958293 -8.123603177576683 -8.182328630068177 -8.351236985996678 -8.390193474283114 -8.56695127188127 -8.75853579263322 -8.970470717713905 -9.249561977079415 -9.500744110508375 -9.64988350223182 -9.785649771110666 -9.93507988289595 -10.087417195299626 -10.2769666756187 -10.439188470124904 -10.571756818323522 -10.68223044182237 -10.779912382600298 -10.899979768139834 -11.08371484722213 -11.166570064846265 -11.141277419466267 -11.14912686113592 -11.222388316719368 -11.32762897910511 -11.525900061279359 -11.691901216589471 -11.813131482376363 -12.11577106675084 -12.190195402581644 -12.393118005745315 -12.079721779082796 -11.838424127756364 -9.94118500419457
-7.088639757429582 -7.368893897042449 -7.5532104162484215 -7.6686262807985335 -7.80148534905899 -7.9224248947840445 -8.0805766084245 -8.211691356313922 -8.278847690598749 -8.333503062224494 -8.41374179929208 -8.506481499018744 -8.558229670026098 -8.768129554673909 -8.960586235611377 -9.163799558836889 -9.393177687627917 -9.60220541209021 -9.74378608220584 -9.883331711888594 -10.032761823673878 -10.232195786095483 -10.401104142023986 -10.539777611521224 -10.67845108101846 -10.833695594040526 -10.959577380816846 -10.99853386910328 -11.016267792875464 -11.121799175323048 -11.243901601295459 -11.295649772302813 -11.361061786216606 -11.45961588718005 -11.595382156058898 -11.67940025393039 -11.734055625556136 -12.042509611167393 -12.068092976609233 -11.989017119789004 -11.335478420774766 -10.202833059849738 -7.862827282107035
-7.292725240840612 -7.491868483200377 -7.775029823431634 -7.750609338237153 -7.848291279015081 -8.025049076613238 -8.161687505677602 -8.27216112917645 -8.407927398055298 -8.607070640415063 -8.71434634323368 -8.775106836158047 -8.898081422315975 -9.059140336574822 -9.262353659800334 -9.471381384262628 -9.6304052580886 -9.783905450739631 -9.97926933229549 -10.11677992154537 -10.246731789187436 -10.447910071980075 -10.620597788712484 -10.772062940930642 -10.915678651479144 -11.077900445985348 -11.188083349422357 -11.14912686113592 -11.097378690128565 -11.167732945093622 -11.288672490818676 -11.332571220156375 -11.364841147020513 -11.433160361552694 -11.529970142145107 -11.614860400202115 -11.661666330158207 -11.756441070317745 -11.550320546473841 -11.074702525305117 -9.77489312882262 -7.466575837820377 -4.662580841382514
