static/data/ASCData/20210128/ASCV/12.asc
ncols 97
nrows 97
xllcorner 99.0
yllcorner 2.0
cellsize 0.25
NODATA_value -32767
[rows 0 to 18 of 97, columns 43 to 85 of 97]
-2.2630185344135425 -1.293188389200444 -0.98964034375006 -1.3186793930172236 -1.5129384221037143 -1.2571493838043075 -1.5715384308779194 -1.7640394597011841 -1.7590584589553768 -1.7904094636495764 -2.003127495499942 -2.0951295092754445 -1.7757594614560253 -1.917278482645731 -1.4162484076262754 -1.1097703617371817 -1.7640394597011841 -1.9808594921657439 -2.4924375687645566 -3.1320566645350083 -3.230797679319544 -2.7628766092575145 -2.133219514978678 -1.870398475626367 -2.668237595087173 -3.1223876630872645 -3.2709386853298748 -3.130298664271782 -2.725958603729765 -2.177169521559332 -1.5354994254817833 -1.7619884593940869 -2.0315484997554316 -2.231667529719343 -2.2609675341064457 -1.4601984142069293 -1.5187984229811349 -1.566850430175983 -1.3676104003436849 -1.9181574827773442 -3.600856734728651 -4.2141058265507105 -4.061745803737776
-0.6740792965009641 -0.3617412497344503 -0.6283712896570846 -1.359699399159167 -1.6778974468031023 -1.8742074761966903 -1.4408604113114416 -1.6447884418456762 -1.3274693943333542 -1.1584083690197717 -1.6389284409682556 -2.059969504010921 -2.0198284980005905 -1.7482174573321485 -1.2064603762146202 -1.0851583580520154 -1.7795684620263486 -1.65445744329342 -2.6858175977194345 -3.4065977056421604 -3.597047734158328 -3.2445686813814825 -2.876267626235602 -2.790418613381391 -3.350048697175052 -3.5569067281479967 -3.5870857326667127 -3.4086487059492576 -3.0549976529969283 -1.93690948558509 -1.9436484865941237 -2.41625755735809 -2.9193386326846427 -3.0286276490485355 -2.5627575792936033 -1.798027464790223 -1.6242784387747045 -1.5891184335101811 -1.8167794675979687 -2.9632886392652966 -4.603795884899176 -4.327496843528797 -4.5794768812578805
-0.08632120849568459 -0.3412312466634777 -1.5149894224108111 -2.2893885383619352 -2.190647523577399 -1.9251894838302488 -1.786307463035382 -1.8636594746173332 -1.5032694206559705 -1.0813493574816917 -1.368489400475298 -1.5677294303075962 -1.5404804262275906 -1.6137304371953474 -1.4308984098198265 -1.3333293952107748 -1.7025094504882685 -1.8900294785657255 -2.8997076297452837 -3.642755741002208 -3.8440467711416035 -3.6058377354744584 -3.2562886831363236 -3.2014976749324413 -3.756146757980295 -3.8431677710099903 -3.7728477604809436 -3.5607157287183204 -2.7540866079413835 -1.720968453252143 -2.069638505458665 -2.3664475499000153 -2.7933486138201014 -3.0374176503646666 -2.879197626674312 -1.9582984887876749 -1.478950417014675 -1.8909084786973387 -3.383157702132478 -4.773735910344371 -5.023664947766357 -4.368516849670741 -5.030696948819262
-0.5346112756183556 -1.082228357613305 -2.2190685278328885 -2.4103975564806692 -1.914348482207021 -1.5208494232882317 -2.15665951848836 -2.341249546127107 -2.1165185124780295 -1.7200894531205302 -2.0930785089683472 -1.98261749242897 -1.642737441538579 -1.0587883541036227 -1.0148383475229688 -1.315749392578513 -1.6907894487334274 -2.231667529719343 -2.931937634571097 -3.6184367373609128 -3.9817567917609855 -3.8118167663157903 -3.6720557453893106 -3.66326574407318 -4.080497806545522 -3.9896677929455038 -3.929016783864201 -3.598805734421554 -2.761118608994288 -1.9407184861554132 -2.3371475455129125 -2.7004675999129857 -2.9290076341323865 -3.142897666158236 -2.3060895408625837 -1.9495084874715443 -1.7464594570689225 -3.4915677183647578 -4.882145926576651 -5.361493998349651 -5.106876960225729 -4.970045939737959 -5.665335043843906
-1.6096284365811528 -2.0218794983076878 -1.9603494890947721 -2.080479507081893 -1.597029434694699 -1.50033942021726 -2.0558675033967266 -2.1068495110302856 -1.894717479267662 -1.806817466106354 -2.134098515110291 -2.3148795421787143 -2.219947527964502 -1.6916684488650406 -1.1420003665629945 -1.3948594044236904 -1.9591774889192881 -2.4262195588497044 -3.18684767273889 -3.725967753461579 -4.082255806808748 -4.092217808300363 -3.9679857896990476 -4.098956809309397 -4.128256813696499 -4.084306807115845 -3.99435579364744 -3.655647742932533 -2.96416763939691 -2.4074675560419587 -2.6808365969736268 -2.7933486138201014 -2.985556642599495 -2.4827685673168127 -1.814728467290872 -2.0734475060289883 -2.9621166390898126 -4.670306894857899 -5.580365031121308 -6.003164094427199 -5.764076058628442 -6.0989751087730255 -6.812723215642847
-2.006057495938652 -2.0394595009399494 -1.9779294917270338 -2.1068495110302856 -1.6799484471101995 -1.7121784519360124 -2.178048521690945 -2.0822375073451194 -1.5911694338172784 -1.5032694206559705 -1.695477449435364 -2.1926985238844963 -2.5677385800394106 -2.550158577407149 -1.9984394947980055 -1.7912884637811897 -2.385199552707761 -2.922268633123353 -3.619315737492526 -4.118587812248755 -4.201506824664256 -4.211175826112 -4.127377813564886 -4.187735822602318 -4.147887816635858 -4.219965827428131 -4.130307814003596 -3.5782957313505817 -2.923147633254966 -2.5149985721426256 -2.2483685322199913 -2.20236752533224 -1.5949784343876017 -1.0910183589294355 -2.4593285638071305 -3.361768698929893 -4.532596874238516 -5.618455036824542 -6.5296851732634345 -6.929044233059644 -6.866635223715115 -7.694653347694637 -8.89976252813617
-1.8548694733012026 -1.6682284453553584 -2.2844075376161275 -2.5141195720110128 -2.036529500501239 -1.796269464526997 -2.398677554725828 -1.989649493481875 -1.5023904205243572 -1.7561284585166663 -1.840219471107651 -2.174239521120622 -2.628096589076842 -2.6477275920162007 -2.2190685278328885 -2.01103849668446 -2.7757686111878397 -3.4845357173118536 -3.8800857765377392 -4.065847804351971 -4.139097815319728 -4.200627824532643 -4.148766816767472 -3.9562657879442065 -4.247507831552007 -4.344197846029446 -3.7825167619286875 -3.1906566733092134 -2.6740975959645934 -2.222877528403212 -1.4798294171462882 -0.5091202718015762 0.08479081712499514 -1.5100084216650038 -3.544307726261543 -5.374386000279976 -5.964195088592353 -6.705485199586051 -7.336314294040371 -7.743584355021099 -8.636062488652247 -9.748290655186665 -11.31671989002827
-1.5275884242972655 -1.2445503819178532 -1.972948490981226 -2.5355085752135977 -2.2609675341064457 -1.9114184817683104 -2.047077502080596 -1.7757594614560253 -1.7687274604031207 -2.1839085225683657 -2.715117602106537 -2.648606592147814 -2.4807175670097155 -2.2404575310354735 -1.8976474797063725 -2.0930785089683472 -3.0930876587001617 -3.460216713670558 -3.481605716873143 -3.679966746573828 -3.9758967908835654 -4.10569581031843 -3.9269657835571037 -3.7825167619286875 -4.301126839580405 -4.019846797464219 -3.43794871033636 -2.7297676043000885 -2.1554875183128757 -1.575640431492114 -0.7435203068983975 0.3268088533624631 -1.3049083909552852 -3.4212477078357115 -5.027766948380552 -6.4406131599266425 -6.769945209237677 -7.488674316853306 -8.23758242898765 -9.258101581790436 -10.236721728319665 -11.977727989001306 -12.895697126449233
-1.6837574476805228 -1.4426184115746676 -1.7121784519360124 -2.0412175012031755 -1.9632794895334822 -2.2650695347206398 -2.023637498570914 -2.006057495938652 -1.7921674639128025 -1.776638461587638 -2.4484875621839026 -3.010168646284661 -2.922268633123353 -2.923147633254966 -3.0336086497943433 -3.2709386853298748 -3.526727723629281 -3.567747729771225 -3.513835721698956 -3.7581977582873924 -4.057936803167452 -4.030687799087447 -3.665316744380277 -3.808007765745467 -4.101886809748107 -3.8097657660086934 -3.3128376916034314 -2.6263385888136157 -1.5472194272366244 0.23509983963083148 0.2016978346295346 -1.3881204034146566 -3.701355749776413 -5.489535017521289 -6.372344149704693 -6.680873195900885 -7.288262286845523 -8.301163438507663 -9.522680621405973 -10.737751803339123 -11.803099962854175 -13.478767213752578 -12.92323913057311
-2.2483685322199913 -1.9427694864625105 -1.9163994825141182 -1.9934584940521982 -1.9720694908496132 -2.5032785703877845 -2.5217375731516594 -2.1420095162948085 -1.6565084436005173 -1.5023904205243572 -1.9533174880418676 -2.738557605616219 -3.310786691296334 -3.821485767763534 -3.9583167882513037 -3.7385667553480335 -3.415387706958291 -3.4584587134073317 -3.7121967513996412 -3.8821367768448365 -4.001387794700345 -3.8988377793454854 -3.62341773810672 -3.8255877683777286 -3.8021477648680464 -3.3948777038873192 -2.7971576143904247 -1.752319457946343 -0.3216002437241192 0.23978784033276845 -1.3840184028004625 -3.708387750829318 -5.521765022347102 -6.332203143694363 -6.459365162734389 -7.0383332494235376 -8.045081400164385 -9.257222581658823 -10.507160768812623 -11.893929976454192 -13.12833916128283 -12.813657114165347 -9.089040556476853
-2.0001974950612316 -1.4534594131978955 -1.2093903766533307 -1.4953584194714526 -2.1428885164264218 -2.2258075288419223 -2.066708505019955 -1.8683474753192697 -1.9662094899721927 -2.15665951848836 -2.397798554594215 -2.5012275700806876 -3.2140966768188957 -3.9603677885584005 -4.224067828042325 -3.9679857896990476 -3.4417577109066837 -3.0031366452317565 -3.4241777082744216 -3.8666077745196725 -3.894735778731291 -3.5539767277092866 -3.1349866649737184 -3.3890177030098987 -3.3919477034486087 -2.388129553146471 -1.3743494013527187 -0.6819902976854824 -0.4601892644751153 -2.275617536299997 -4.10276580987972 -5.630175038579383 -6.207385125005305 -6.475773165191166 -6.727753202920249 -7.642792339929466 -8.753262506200658 -10.157611716474488 -11.425129906260551 -12.615589084508532 -13.571648227659692 -12.824498115788575 -7.084334256311289
-1.7288794544366608 -1.3107683918327058 -1.3412403963952926 -1.7649184598327974 -2.4338375599903515 -2.343007546390333 -2.180099521998042 -1.9884774933063905 -1.9298774845321853 -1.9163994825141182 -2.133219514978678 -2.6439185914458774 -3.3772977012550576 -4.24838683168362 -4.530545873931419 -4.195646823786835 -3.4728157155570125 -2.9298866342639998 -3.3723167005092503 -3.963297788997111 -3.8566457730280574 -3.1487576670356567 -2.71306660179944 -3.209408676116959 -2.517049572449723 -2.1185695127851263 -1.489498418594032 -1.0119083470842583 -2.3810975520935664 -4.052955802421645 -5.27564498549544 -5.864575073676204 -6.395784153214375 -6.7406452048505745 -7.192744272543568 -8.258092432058621 -9.467010613070478 -10.830339817202365 -12.099909007295526 -13.207449173128007 -13.570476227484209 -13.296228186420928 -6.849055221082854
-2.0822375073451194 -1.8900294785657255 -1.9319284848392826 -2.1311685146715806 -2.4367675604290615 -2.353848548013561 -2.4270985589813177 -2.2961275393709686 -2.1625195193657807 -2.1487485173038423 -2.198558524761917 -2.7863166127671963 -3.536396725077025 -4.583285881828203 -4.815634916617928 -4.373497850416548 -3.77753576118288 -3.283537687216329 -3.350048697175052 -4.013107796455186 -3.8449257712732163 -3.1261966636575877 -2.2914395386690325 -2.41625755735809 -1.798027464790223 -1.754077458209569 -1.5598184291230783 -2.7845586125039703 -4.079325806370038 -4.8440559208734175 -5.661526043273582 -6.213245125882726 -6.615534186117646 -6.987644241833849 -7.813904365550146 -8.92525353195295 -10.233791727880956 -11.181060869715985 -12.408438053491716 -13.278648183788665 -13.745397253675211 -13.401708202214497 -6.37439515001179
-2.6184275876290983 -2.385199552707761 -2.825578618645914 -2.701346600044599 -2.3137075420032303 -2.2835285374845147 -2.3274785440651686 -2.2152595272625653 -2.540489575959405 -2.432079559727125 -2.275617536299997 -2.978817641590461 -3.7160057519699645 -4.575374880643686 -4.512965871299158 -4.323687842958474 -4.9934859432476415 -3.735636754909323 -3.695495748898993 -4.710154900824358 -5.354754997340617 -3.8988377793454854 -2.3898875534096975 -1.9553684883489644 -1.7306374546998868 -2.0207074981322037 -3.0579276534356383 -4.124447813126176 -4.8440559208734175 -5.496274018530324 -6.193614122943367 -6.645713190636362 -7.07056325424935 -7.683812346071409 -8.601781483519336 -9.639001638822771 -10.866378822598502 -11.72486895114061 -12.559919076173038 -13.174047168126709 -13.552017224720334 -12.837097117675029 -6.63692318932023
-3.3471186967363415 -3.238708680504062 -3.465197714416366 -3.1584266684834006 -2.5920575836807056 -2.317809542617425 -2.2240495285786963 -2.4358885602974487 -2.9826266421607843 -2.9474666368962614 -2.782507612196873 -3.3547366978769886 -3.597926734289941 -4.027757798648737 -4.367637849539128 -4.494506868535282 -5.704304049678752 -4.057936803167452 -4.226997828481036 -6.078465105702054 -6.74826320599122 -4.293215838395888 -2.3450585466974303 -1.8870994781270154 -2.703397600351696 -3.3412586958589214 -3.939857785487429 -4.83907492012761 -5.462286013441284 -6.226723127900793 -6.787525211869938 -7.363563298120377 -7.853752371516604 -8.440631459390271 -9.317580590696256 -10.199510722748045 -11.05389885067596 -11.85876997118967 -12.505128067969155 -13.036337147507327 -13.187818170188647 -12.359800046209127 -7.189814272104858
-3.645685741440918 -3.8050777653067565 -3.894735778731291 -3.5841557322280027 -2.956256638212392 -2.5970385844265134 -2.2161385273941785 -2.430907559551641 -3.286467687655039 -3.3019966899802036 -3.2513076823905163 -3.563645729157031 -3.751165757234488 -4.520876872483675 -4.9105669308321405 -5.209426975580588 -5.875416075299432 -4.304935840150728 -4.967994939430862 -6.822685217134461 -6.639853189758941 -3.7590767584190052 -1.995509494359295 -2.397798554594215 -3.4291587090202293 -4.063796804044873 -4.641885890602409 -5.406616005105789 -6.046235100876241 -6.84788322090737 -7.304963289346172 -7.929932382923072 -8.509193469656092 -9.096072557529759 -9.7641126575557 -10.496319767189394 -11.200398872611473 -11.92703898141162 -12.574569078366588 -12.938768132898275 -13.00615814298861 -11.978899989176792 -7.956302386871464
-3.8704167750899954 -4.129135813828112 -4.178066821154574 -3.929016783864201 -3.1458276665969462 -2.033599500062529 -1.6808274472418123 -2.3383195456883965 -3.284416687347942 -3.3450676964292447 -3.753216757541585 -4.052076802290032 -4.556915877879812 -5.391966002912238 -6.386994151898245 -6.786353211694454 -6.316674141369198 -4.769926909774048 -5.343034995585776 -6.085204106711087 -5.532606023970331 -3.4065977056421604 -2.303159540423873 -3.011926646547887 -3.9093857809248425 -4.496264868798509 -4.997294943817964 -5.821504067227163 -6.512105170631173 -7.320492291671336 -7.827382367568212 -8.32050144140315 -8.872513524056165 -9.460271612061444 -10.094030706954475 -10.70552179851331 -11.3568608960386 -12.04130899852132 -12.569588077620782 -12.927927131275046 -12.46615906213431 -10.893920826722379 -6.9993642435886905
-4.157556818083602 -4.034496799657771 -4.180117821461671 -4.1751368207158635 -2.7863166127671963 -1.696649449610848 -1.4505294127591855 -2.103919510591575 -3.7611277587261025 -3.9378067851803316 -4.658586893103058 -6.078465105702054 -6.785474211562841 -6.938713234507388 -7.249293281010677 -6.998485243457077 -5.790446062576835 -4.551055877002391 -4.776665910783081 -5.254255982292855 -4.959204938114731 -3.5325877245067017 -3.098068659445969 -3.709266750960931 -4.469894864850117 -5.025715948073454 -5.553995027172916 -6.215003126145952 -6.952484236569326 -7.705494349317865 -8.222053426662486 -8.680891495364513 -9.18192157038397 -9.768800658257636 -10.384100750386793 -10.886009825537862 -11.526800921483797 -12.03251899720519 -12.51802006989948 -12.573690078234975 -11.840017968381925 -9.414270605173694 -6.1156761112736735
-4.809774915740507 -3.8460977714487004 -3.6175577372292995 -3.230797679319544 -1.2357603806017226 0.10705882045919335 -0.3069502415305676 -2.2258075288419223 -4.432976859322367 -5.41540600642192 -5.769936059505862 -6.674134194891851 -7.035403248984827 -6.901795228979639 -6.62520318756539 -6.194786123118851 -4.940745935350856 -4.16546781926812 -4.339216845283638 -4.713084901263069 -4.607604885469499 -3.9797057914538887 -4.0031457949635705 -4.544316875993357 -5.035384949521198 -5.546084025988398 -6.07465610513173 -6.643955190373135 -7.4250933073332925 -8.008163394636636 -8.471103463952858 -8.959241537041988 -9.460271612061444 -10.014920695109298 -10.710209799215246 -11.269839883008906 -11.748308954650293 -12.037499997950995 -12.259008031117492 -12.07852000409294 -10.917360830232061 -8.37148344903671 -6.261004133033703
