static/data/ASCData/20210128/ASCV/18.asc
ncols 97
nrows 97
xllcorner 99.0
yllcorner 2.0
cellsize 0.25
NODATA_value -32767
[rows 19 to 37 of 97, columns 0 to 42 of 97]
0.03477168069002179 0.05144588967633368 1.0495163989998808 0.7145434506141441 -0.041453274675976814 -0.6458933504297955 -0.886180612071831 -0.4925501785021025 0.10593482261374731 0.4429920471227735 0.419469502302797 0.2262273303007145 0.03685595681331044 0.025839068733068515 -0.2424370437074188 -0.5122019248073997 -0.4389545067603846 -0.18884137196570094 0.37272216639474287 1.2397810336829798 0.9292238913129145 0.07288415837302153 -0.32074627519670695 -0.5247075815471334 -0.521730044228149 -0.37731948425740924 -0.521730044228149 -1.2580750232129736 -1.7347787479823644 -1.8255936362113867 -1.7883744197240827 -1.6204413149333665 -1.5278399043129536 -1.42213732948901 -3.309002728529379 -4.919254910636104 -6.623299518290835 -7.7434490576927395 -7.755359206968677 -7.159553989439913 -6.154635144282702 -5.529650061027891 -5.354868620403511
-0.21802123769174742 -0.08522307326504652 -0.6205842832184292 -0.4594995142613767 -0.5735391935784762 -0.9397762838135488 -0.6068876115511008 -0.21712797649605253 -0.0745039389167026 -0.43776349183279084 -0.5598425219111487 -0.5443593278524297 -0.48093778295806366 -0.43299943212241576 -1.0588777765729223 -1.144928605091569 -0.4916569173064076 -0.12154902855665561 0.08836735243173965 0.3911828977724463 0.5689418757158107 0.318828740921127 -0.21534145410466188 -0.5327469323083909 -0.6304101563710773 -0.8459838582655426 -0.8206747910541754 -1.5227780908706805 -2.168308181626483 -2.1313867188710773 -1.8696611885323549 -1.7133404792856775 -1.7737844868610595 -2.8430181381083317 -4.87250757472805 -6.44375401795608 -7.839325759364035 -8.29250693931345 -8.179956028655843 -7.561819281234696 -6.932963399465205 -6.420231473136104 -5.762195725640567
0.01124913587004528 -0.30109452889141064 -0.711399171447451 -0.9984337689975402 -1.0005180451208293 -1.1410578065768897 -0.7620173058701845 -0.3237238125156914 -0.43389269331811153 -1.2092434111816308 -1.0112371794691728 -0.27667872287573925 -0.29633046918103556 -0.8403265373594726 -1.3471033890506052 -1.039523783999524 -0.3138979393630432 -0.05812748366228959 0.15685071076837964 0.24974987512069013 0.34919962157476725 0.1910923899366992 -0.1626390435586389 -0.4583084993337829 -1.0082596421501884 -1.2396142918352706 -1.2553952396258876 -2.015858270894485 -2.5217418613899225 -2.212375733947451 -1.834228494436441 -2.2445331369924815 -2.9543780338383456 -4.467264745614283 -6.318697450558739 -7.656504967978398 -8.382130812614879 -8.592047193603273 -8.339254275221503 -7.861657289256417 -7.342077027093652 -6.877283451600198 -6.197511681676076
0.8705664061289227 -0.22099877501073184 -0.6994890221715133 -0.8215680522498712 -1.4027833369156122 -1.4554857474616347 -0.9144672166021821 -0.3987577529540962 -0.5032693128504464 -1.1264678737138665 -0.5863426040501087 -0.11172315540400746 -0.21236391678567745 -0.89392220910119 -1.2854683665476294 -0.3597520140754016 0.14791809881142637 0.04549081503836572 0.255407196026761 0.4965877188644914 0.4927169203498112 0.3024522856667131 -0.0218015283706805 -0.4985052531400713 -1.044287843709899 -1.3110751874908946 -1.5061038818843682 -2.262100607174489 -2.729871719986927 -2.6655569138968658 -2.4642753911335253 -2.916265556155346 -4.1391401330622095 -5.5129758520415795 -7.053255907152172 -8.131124416624498 -8.63819902204753 -8.648918156395874 -8.537558260665861 -8.122489558399444 -7.571645154387344 -7.0511716310288834 -5.755347389806904
1.3365509965499704 0.19585644964707427 -0.40560608878775994 -0.399651014149792 -0.9817595600112279 -0.3666003499090653 0.17531144214608219 0.006485076159671088 -0.15579070772497516 -0.26804386465068397 0.19198565113239408 0.09640670319299716 -0.5756234697017657 -1.2571817620172783 -0.4076903649110495 0.5210035248801628 0.46145277850047606 0.21163739743769128 0.26136227066472895 0.5629868010778418 0.5308293980328109 0.4078571067587582 0.08271003152566969 -0.44967364110872854 -0.9963494928742511 -1.3197100457159494 -1.6966662702993651 -2.175156517460147 -3.0091647205076573 -3.3304409972260665 -3.6448689381108115 -4.098943379255921 -4.700703671422654 -6.076623666525313 -7.289374616547629 -8.223130319781115 -8.625395611575897 -8.645940619076889 -8.587283133892898 -8.12546709571843 -7.5737294305106335 -6.086449539677961 -4.787350007405098
0.8550832120702045 0.37361542759043864 -0.03162740152332866 -0.07152640159771906 0.64129603256713 1.2585395187925812 1.381511810066634 0.900044025586868 0.5162394651697877 0.6442735698861135 0.7583132492032139 -0.17127390178369328 -0.6613765444885145 -0.4309151559991271 0.419469502302797 0.8413865404028762 0.6022902936884345 0.2631487930561196 0.09729996438869293 0.3521771588937517 0.4477561068331486 0.42244703962178143 0.032687404566733136 -0.500291775531462 -0.8870738732675263 -1.1127712020465386 -1.8491161810313628 -2.163544121916108 -3.6850656919171 -4.596192111526304 -4.756383619287662 -4.56105717116229 -5.1643062319885145 -6.2582534429833565 -7.446588586990002 -8.020955535822079 -8.458355767980876 -8.5110581785269 -8.419350029102182 -7.9438373192603855 -6.4750181598054155 -4.984760731653759 -3.2503452433453877
0.09819322558438781 0.26910386769408845 0.12469330772334875 0.6910209057941676 1.5387257805090062 1.6128664597517162 1.51907403420371 1.5366415043857176 1.0465388616808964 1.2624103173072605 1.1724886902739335 0.4400145098037891 0.12171577040436432 0.22801385269210517 0.12558656891904363 0.3551546962127352 0.5778744876727631 0.24468806167841706 -0.15281317040599074 0.23218240493868247 0.49777873379208515 0.509391129336124 0.0582942255099983 -0.35290367824173785 -0.7212250446000992 -0.991585433163876 -1.7853968824050983 -2.4741012642861735 -5.073491343759493 -5.607661538785281 -4.84035017168302 -4.780799425303333 -5.601110956683515 -6.65664793626346 -7.395970452567269 -7.824735826501012 -8.201692051084429 -8.143927827096132 -8.104028827021741 -7.027649086208907 -5.170261306626483 -2.8215798694116447 -0.9719336868585797
-0.17722897642166213 0.38939637538105565 0.8169707343872048 1.857024519908431 2.1919974682941676 1.8951369975914307 1.740900564468042 1.8862043856344775 1.2555619814735968 1.5357482431900218 1.782883840665721 1.9019853334250945 1.286826123322932 0.5894868832168019 0.16965412124001222 0.06990662105403711 0.3307388901970638 -0.016144207464610538 -0.47289843219680616 -0.08820061058403095 0.4087503679544531 0.3628962932420947 0.2515363975120808 0.04757509116165437 -0.2668528497230902 -0.9055346046452293 -1.4906206878256496 -2.6411411078811944 -5.524886001317516 -5.5921783447265625 -4.919254910636104 -5.293233597900536 -6.140045211419679 -6.769794354384864 -7.306048825533942 -7.6487633709490375 -7.936988983426721 -7.87624722211944 -7.466240333295299 -5.688948307593553 -2.9868331906152745 -0.7795847760521921 0.04072675532799064
-0.49731423821247756 0.07586169569200596 0.9253530927982343 1.9380135349848047 2.3560597745702045 2.4516387225096015 2.2232616101435037 1.328809399520611 0.5055203308214438 0.9185047569645706 2.095227505427177 1.9791035499867888 1.756383758526761 1.0387972646515378 0.05144588967633368 -0.5863426040501087 -0.6857923505041859 -0.7533824476451301 -1.1517769409252332 -1.1047318512852806 -0.4758759695157906 0.004400800036381547 0.32091301704441566 0.5445260697001393 0.3941604350914307 -0.3666003499090653 -1.4152889936553463 -3.007080444384368 -5.216115381338842 -5.538582672984845 -5.439728433994564 -5.800308203323567 -6.449709092594049 -7.0404524966805395 -7.504352810978299 -7.777690736861059 -7.953365438681135 -7.911382162483456 -6.977924212981868 -3.962274416314541 -1.3488899114419954 0.05710321058240453 0.5445260697001393
-0.1545996927973814 -0.2102796406623888 0.5406552711854591 0.8571674881934932 1.4351074818083518 2.116665774123865 2.2202840728245192 1.5798157955109904 0.40100877092509446 0.49867199498778003 1.8317154526970638 1.7164847584523706 1.6843273554073397 1.2290618993346358 0.2759522035277522 -0.49731423821247756 -0.6557192235824436 -1.14284432896828 -1.2220468216532634 -1.5599973073579845 -1.744604621135013 -1.708278665843404 -1.113664463242234 -0.046217334386351894 0.5603070174907554 0.4147054425924219 -0.9320346867841898 -3.538570855823071 -5.385239501057152 -5.590094068603273 -5.742543979335271 -6.158505942797381 -6.710243608005178 -7.225953071653263 -7.647870109753343 -7.966168849152767 -8.218068506338842 -8.194843715250764 -6.749547100615771 -3.314957803167348 -1.2280018962912318 -0.8441973358741519 -1.0082596421501884
-0.22486957352541204 -0.2698303870420746 -0.5881291264414994 -0.053065670220015626 0.6597567639448325 1.2731294516556044 1.751619698816386 1.6724172061314029 1.0632130706672092 0.8041673239155722 1.3824050712623288 1.7915186988907754 1.8853111244387817 1.6480014001157315 0.8863473539195397 0.30542982298569754 -0.12929062558601423 -0.8459838582655426 -1.057984515377227 -1.095203731864531 -1.868470173604761 -2.0003750768357667 -2.0042458753504464 -1.242591829154255 -0.34903287972705854 -0.12541982707133492 -0.24154378251172393 -1.9360602707457053 -4.966300000276056 -6.011117845507657 -6.073646129206328 -6.446731555275065 -6.980901750300854 -7.432891915322674 -7.847067356393394 -8.218068506338842 -8.399698282796885 -8.260051782536522 -6.262124241498036 -2.938894839779627 -1.4739464788393373 -1.2679008963656218 -1.3471033890506052
0.9068923614205318 0.15297991225369945 -0.48867937998742317 -0.4437185664707597 0.16846310631241845 0.46651459194274914 0.9205890330878592 1.8442211094367984 1.6569340120726839 1.2242978396242608 1.0387972646515378 1.6423440792096606 2.4361555284508825 2.243806617644495 1.6051248627223567 0.9467913614949213 0.05233915087202945 -0.4603927754570716 -0.6673316191264824 -1.144928605091569 -1.6996438076183495 -1.7463911435264037 -1.9750660096244 -2.35887057004148 -1.673143725479389 -0.8459838582655426 -0.4955277158210869 -1.1821478215788734 -4.480961417281611 -5.778572180894981 -6.345197532697699 -6.6596254735824445 -7.097918966936938 -7.57253841558304 -7.928949632665463 -8.234742715325154 -8.203478573475818 -7.487678601991986 -5.521908463998532 -2.8296192201729022 -1.45637900865733 -1.3518674487609799 -1.3110751874908946
1.5699899223583413 0.6597567639448325 -0.06676234188734398 -0.05127914782862497 -0.020015005979289846 0.27297466620876776 0.24766559899740148 0.9304149062405083 1.3999725414443365 1.3198767875636577 1.1519436827729423 1.5729674596773258 2.2497616922824637 2.4185880582688757 1.7819905794700261 0.9185047569645706 0.10593482261374731 -0.23171790935907577 -0.463370312776056 -0.8540232090268001 -1.0931194557412418 -1.184827605165959 -1.6743347404069828 -2.0608190844111487 -2.4741012642861735 -1.9807233305304703 -1.5659523819959533 -1.5686321655830393 -3.312873527044059 -4.155516588316623 -5.388217038376136 -6.909440854645229 -7.34803210173162 -7.586235087250367 -7.933118184912042 -7.874460699728051 -7.725881587510733 -6.370506599909065 -4.340123902093652 -1.9759592708200953 -1.9973975395167822 -1.9074759124834557 -3.221165377619341
1.5494449148573501 1.0620220557396154 0.48110452480577237 0.08449655391706035 0.11278315844741105 -0.28442031990509786 -0.310027140848363 0.17441818095038641 0.7809425328274946 1.0200387795419363 1.2761069889745889 1.507461638659671 1.3725791981096807 1.5405123029003969 1.3237475860783379 0.4635370546237656 -0.10785235688932726 -0.44074102915177527 -0.7006800370991071 -0.642915813110811 -0.7474273730071612 -0.6750732161558419 -1.163389336469272 -1.8568577780607223 -2.275797278841817 -3.1467269446447332 -3.000529862282603 -2.574742025667844 -2.692652503499623 -3.1634011536310456 -5.6401166955622095 -7.161638265563202 -7.094048168422258 -7.326593833034934 -7.543358549856993 -7.222975534334279 -6.694760413946459 -4.893945843424738 -3.134221287904999 -2.4702304657714937 -2.4934552568595714 -3.934881072979885 -5.252441336630451
1.1900561604559412 1.1421178096202933 0.942920562980242 0.2994747483477287 -0.3901228947290418 -0.7876241268134496 -0.5199435218367583 0.027923344856358057 0.16548556899343403 0.26910386769408845 0.9604880331622496 1.228168638138941 0.9009372867825629 0.37748622610511795 0.16072150928305895 -0.053065670220015626 -0.5893201413690932 -0.8918379329779014 -1.1097936647275541 -0.8891581493908154 -0.7212250446000992 -0.5911066637604838 -0.7063373580051779 -1.400699060792323 -2.0783865545931564 -3.1625078924353502 -3.5942508036880776 -3.5061156990461417 -3.667498221735092 -3.285480183709403 -5.908690561734597 -7.306942086729637 -7.239649743320591 -6.678979466155842 -6.9612500039955565 -6.137960935296389 -5.241722202282107 -3.643975676915116 -2.9436588994900017 -2.6655569138968658 -3.718116356157826 -5.161626448401428 -6.231753360844396
0.6695826370974807 0.8071448612345566 0.7770717343128153 -0.01703746866030542 -0.5961684772027578 -0.5443593278524297 -0.10695909569363238 -0.08254328967796098 -0.5824718055354294 -0.669415895249772 0.4840820621247568 0.8434708165261657 0.4438853083184684 -0.16055476743535024 -0.4076903649110495 -0.5297693949894065 -0.9213155524358458 -1.1946534783186076 -1.2854683665476294 -1.0853778587118827 -0.8176972537351919 -0.5083311262927195 -0.6077808727467966 -0.9448380972558224 -1.4447666131132912 -2.2766905400375124 -3.022861392174985 -3.7904705130091454 -4.4770906187669315 -3.7904705130091454 -4.801046679072426 -6.423209010455088 -7.012165892150189 -6.379141458134121 -5.713364113609225 -4.863574962771097 -3.9476844834515177 -3.13213701178171 -2.967181444309978 -3.671369020249772 -4.683136201240647 -5.712173098681631 -6.62240625709514
0.5865093458978183 0.4391212486080933 0.4956944576687956 0.21550819595237058 0.0463840762340606 -0.022694789566375384 -0.25226291686006785 -0.6146292085804603 -1.0005180451208293 -0.8635513284475502 -0.04919487170533632 0.24974987512069013 0.17144064363140288 -0.15072889428270209 -0.45265117842771296 -0.7143767087664354 -1.1196195378802023 -1.3596090457903394 -1.353951724884269 -1.0180855153028365 -0.8558097314181907 -0.558055999519758 -0.6548259623867487 -1.031484433238266 -1.4974690236593138 -2.0959540247751636 -2.8090742126719106 -3.3450309300890897 -4.028673498527891 -3.797318848842809 -3.9819261626198372 -4.789434283528387 -5.706515777775561 -5.5549591282392585 -4.365730723036918 -3.6195598708994448 -3.0707997430106326 -2.8918497501396745 -3.3098959897250744 -3.9750778267861735 -4.957367388319104 -5.990572838006665 -6.819816981343801
1.0992412722269194 0.6773242341268402 1.070061406500873 1.0024713093599287 0.831560667250228 0.33639621110313467 -0.18497057345102164 -0.0745039389167026 0.10206402409906801 -0.40947688730244014 -0.5169659845177739 -0.11946475243336607 0.13243490475270825 0.008271598551061743 -0.37642622306171436 -0.8001297835531842 -1.081507060197203 -1.1535634633166238 -1.5549354939157114 -1.5141432326456257 -1.388193404052589 -1.1741084708176155 -1.256288500821583 -1.715127001677068 -2.2933647490238247 -2.727787443863638 -3.062760392249375 -3.0559120564157114 -3.3813568853806983 -3.5784698558974606 -3.159530355116366 -3.115760556527296 -3.687745475504186 -3.9554260804808767 -3.279822862803333 -2.8930407650672683 -2.706349175166951 -2.7962708022002776 -3.396840079439417 -4.234719081001607 -5.178002903655842 -6.024814517174985 -6.7444852871734975
1.6753947434503873 1.006342107874608 1.6813498180883553 1.5893439149317397 1.4097984145969846 0.8893248912385241 0.18513731529873034 -0.16918962566040463 -0.3362294692554251 -0.8001297835531842 -0.2552404541790514 0.2429015392870264 0.1508956361304108 -0.09504894641769468 -0.4993985143357671 -0.9320346867841898 -1.1732152096219202 -1.3286426576729022 -1.7338854867866695 -2.021813345532454 -2.166521659235092 -2.340112084931879 -2.435988786603174 -2.5443711450142037 -2.8558215485799643 -3.2327777731633804 -3.3393736091830193 -3.077648078844297 -2.610770227227554 -2.7170683095152945 -2.699500839333287 -2.3743537641001984 -1.5394522998569928 -0.848961395584527 -0.7033598206861935 -1.303035836729637 -1.9780435469433844 -2.5443711450142037 -3.3107892509207697 -4.288612506475223 -5.229812053006169 -6.102825994932375 -6.869541854570839
