static/data/ASCData/20210128/ASCV/21.asc
ncols 97
nrows 97
xllcorner 99.0
yllcorner 2.0
cellsize 0.25
NODATA_value -32767
[rows 19 to 37 of 97, columns 43 to 85 of 97]
-3.0257667570725495 -1.7796361101084242 -1.428040706838316 -2.093261601630825 -3.2700298901266978 -4.903633022327268 -6.803324512444842 -8.167550554214829 -8.628272081799214 -8.594188853931193 -8.75533674709666 -8.880308582612734 -8.922464153923181 -8.879411655563576 -8.667437896279132 -8.10596156350595 -7.42908061707438 -7.010215685117389 -6.8003347556143146 -6.88703770369963 -7.254478818171537 -7.9732163602305 -8.712284248737054 -9.2220377883421 -9.53865303669503 -9.9126716161941 -10.272937314272738 -10.543510307435534 -10.825743352237389 -11.08824400195776 -11.336393818891594 -11.432066037468495 -11.325630694301694 -10.893909807973431 -10.423322082848303 -9.361659432327764 -8.502403319233979 -7.46525667472377 -6.814984564083902 -6.57670094469081 -7.3148719061482055 -8.534692693003683 -9.677078777948482
-2.8296387089899038 -1.6860567213128936 -1.7757494262287379 -3.3890222119817173 -5.171216258659536 -6.5073385862225575 -7.367491626365501 -8.301192684539437 -8.700624197097994 -8.744573622506758 -8.810049297095324 -9.050126770586733 -9.086302828236123 -8.89884507496201 -8.541569133713898 -7.883224679631603 -7.313974979099047 -7.007225928286861 -7.111867417355345 -7.2795927755479735 -7.678127361057374 -8.337368742188826 -8.979867485069322 -9.365546116207451 -9.734781084777675 -10.033756767830488 -10.344093526839309 -10.65472926153118 -10.86191940988678 -11.014098032560662 -10.987788172452014 -11.030840670811621 -10.829630036117077 -10.420332326017775 -9.818793251715515 -9.039363645996833 -8.323615860768397 -7.832398813512626 -7.372574212977399 -7.582455142480473 -8.349925720877044 -9.253430235062645 -9.881279169473554
-2.809906313908418 -1.5697551806053496 -2.201490798895944 -4.470118281900689 -6.092360338145253 -6.998555633478329 -7.896080634002875 -8.405834173607921 -8.732913570867698 -8.84801920884303 -8.84233867086503 -8.985846998730377 -8.95834123588952 -8.720057616496426 -8.385204851477276 -7.816852077993879 -7.326531957787266 -7.110671514623134 -7.2484993045104815 -7.604878318709435 -8.032712521158011 -8.660561455568917 -9.207387979872513 -9.581406559371581 -9.938981476302747 -10.23377149979282 -10.483715170824972 -10.716318252240061 -10.819763838576334 -10.870589704695313 -10.784484707976102 -10.684028878470357 -10.664595459071924 -10.362630019188583 -9.863639604173438 -9.248347648450748 -8.6480044768807 -8.20163378208285 -8.17622084902336 -8.48865043781355 -8.992723439440592 -9.58648914598348 -10.104912980397057
-2.7689466453301828 -1.9653000092842214 -2.792565724291355 -5.465408330783504 -6.690012728567826 -7.476019799313672 -8.034506375256328 -8.556218942183486 -8.752346990266131 -8.888081950372108 -8.932031375780872 -8.99661012332028 -8.867751603924518 -8.498516635354292 -8.165457724433459 -7.728953227176351 -7.2795927755479735 -7.363604942485814 -7.551361671442981 -7.921194591379311 -8.415401395465612 -8.9350211326114 -9.38019592467704 -9.745544209367576 -10.031663938049117 -10.309113371922129 -10.514210690496359 -10.708544884480688 -10.757277920818296 -10.747411723277553 -10.66848214295161 -10.565933483664494 -10.514210690496359 -10.431992377656835 -10.015220275481212 -9.54822025855272 -8.972991044359107 -8.476093459125332 -8.371451970056848 -8.788523047915522 -9.337442402000487 -9.749430893247263 -10.0191069593609
-3.20545114258729 -2.8589383259290795 -3.985777675355132 -6.023894906726159 -7.022772663805608 -7.698756683188018 -8.259336088912043 -8.602859148739725 -8.799286172505422 -8.925154935070658 -8.939804743540245 -8.881205509661893 -8.673417409940189 -8.308966052298809 -8.038393059136013 -7.601888561878907 -7.524752835651281 -7.608765002589121 -7.929266934821737 -8.292522389730905 -8.786430218134152 -9.13802562140426 -9.56406596975452 -9.87051604488365 -10.157532700614354 -10.326752937222246 -10.531551280113423 -10.61855320388179 -10.706452054699318 -10.725885474097751 -10.661605702241395 -10.578490462352715 -10.442755502246737 -10.360836165090266 -9.924331667833158 -9.456434723855505 -8.832472473324284 -8.351121623609256 -8.276676678529105 -8.640231109121327 -9.14878874599416 -9.372422556917666 -9.642098623031302
-2.8969082376767865 -3.288566382475972 -4.483871163321119 -5.457335987341078 -5.915366733777988 -6.771932065724297 -8.30597629546828 -8.650695258028176 -8.796296415674895 -8.94877401403183 -8.874329068951678 -8.713480151469266 -8.435133790547097 -8.181004459952206 -7.968133773618602 -7.894884731270663 -7.817749005043037 -8.009093442196837 -8.360688845466946 -8.688964145458936 -9.06985916566822 -9.375412313748193 -9.695615270297758 -9.985920658542039 -10.164409141324567 -10.333330402249405 -10.42930159650936 -10.478034632846967 -10.671471899782137 -10.769834899506513 -10.711235665628163 -10.621542960712318 -10.456508383667167 -9.906692102533043 -9.469290678226777 -8.915587713212968 -8.268006383720573 -8.025836080447796 -8.102074879626262 -8.31972917688871 -8.459350820874374 -8.605848905570252 -8.575652361581918
-2.1216642915208426 -2.565942156537323 -3.378259087391816 -3.534623369628437 -4.140049127810384 -6.655630525016753 -8.334378985358299 -8.70750063780821 -8.758326503927186 -8.85967926048209 -8.897051220863693 -8.720057616496426 -8.326605617598926 -8.143931475253655 -8.038393059136013 -8.015072955857894 -8.146921232084186 -8.362781675248316 -8.729923814037171 -9.043549305559571 -9.268080043532233 -9.572736264563051 -9.793380318656027 -9.973064704170767 -10.15095523558719 -10.218224764274073 -10.291473806622012 -10.439765745416208 -10.60689315224273 -10.792557051418527 -10.802124273276217 -10.633203012351379 -10.195801588045112 -9.534766352815343 -8.855792576602404 -8.267109456671415 -7.843161938102527 -7.717293175537292 -7.722076786466137 -7.672446823079371 -7.725066543296665 -7.553155525541298 -7.500535805324002
-1.6821700374332074 -2.435887734409349 -2.9857040155434724 -3.3743724035121296 -4.755341083533073 -7.311882149317677 -8.471010872513434 -8.776862996276462 -8.894061464033165 -8.99362036648975 -8.833369400373442 -8.636045449558587 -8.27189306760026 -8.212396906672751 -8.170241335362304 -8.334378985358299 -8.52781625229347 -8.702717026879364 -8.987640852828694 -9.26030667577286 -9.422351495987485 -9.654655601719522 -9.817896324666357 -10.023890570289744 -10.113583275205588 -10.12434639979549 -10.225998132033446 -10.452621699787478 -10.624532717542847 -10.86072350715457 -10.869692777646154 -10.474147948967282 -9.975157533952137 -9.300369417301937 -8.67042765310966 -8.158581283723244 -7.7651292848257425 -7.540598546853079 -7.397987146036888 -7.231756666259524 -6.972245773369682 -6.625433981028419 -6.368613869286053
-1.394854406019454 -2.2651726193861927 -2.7103474114518313 -4.3343833217947125 -6.827541542772121 -8.564889236992016 -8.931134448731713 -8.853998722504087 -8.960434065670889 -8.9350211326114 -8.677304093819874 -8.661458382618076 -8.458453893825215 -8.363678602297474 -8.415401395465612 -8.602859148739725 -8.77985275310699 -8.934124205562242 -9.17330475200449 -9.434908474675703 -9.698605027128284 -9.865732433954808 -9.91924908122126 -9.94675484406212 -10.03076701099996 -10.191914904165426 -10.382362414270068 -10.577593535303555 -10.845176771635822 -11.049377163160894 -10.836506476827292 -10.44096164814842 -9.855866236414064 -9.163438554463749 -8.503300246283137 -7.921194591379311 -7.453596623084711 -7.280788678280185 -7.168373821452327 -6.913646539491331 -6.569824503980596 -6.25141540152935 -5.892046630499868
-1.9213505838754577 -2.119571461739473 -3.080479307071214 -6.824551785941592 -8.626478227700897 -8.699727270048836 -8.791512804746048 -8.884195266492423 -8.915587713212968 -8.835462230154814 -8.714377078518424 -8.607941735351623 -8.543362987812214 -8.590302170051507 -8.751450063216971 -8.928144691901185 -9.125468642716042 -9.318905909651212 -9.45254803997582 -9.533570450083133 -9.756307333957476 -9.972167777121609 -10.089366244878311 -10.142882892144765 -10.218224764274073 -10.36860953284964 -10.556067286123753 -10.75249430988945 -11.036521208789623 -11.050274090210053 -10.774917486118412 -10.31778366673066 -9.60891232221244 -8.899742002011168 -8.232727253120341 -7.639260522260508 -7.234746423090051 -7.11665102828419 -7.054165110526153 -6.869697114082567 -6.459502476934108 -5.856767499899636 -5.244465301007475
-1.9282270245856723 -2.1333243431599023 -4.135265516881539 -7.977103044110187 -8.760120358025503 -8.740686938627071 -8.728129959938853 -8.817822664854697 -8.732913570867698 -8.73082074108633 -8.752346990266131 -8.665345066497762 -8.696737513218308 -8.814832908024169 -8.9457842572013 -9.106932150366767 -9.312926395990155 -9.533570450083133 -9.674387996801006 -9.770060215377907 -9.933898889690848 -10.098933466736002 -10.19759544214343 -10.265163946513365 -10.359939238041108 -10.494478295414872 -10.616759349783473 -10.794350905516843 -10.936065379283878 -10.968354753053582 -10.772824656337042 -10.177265095695837 -9.498590295165952 -8.76609987168656 -8.10596156350595 -7.632384081550294 -7.315768833197364 -7.154620940031898 -7.1528270859335805 -6.9800191411290555 -6.500462145512343 -5.921346247439044 -5.283631115487394
-3.2553800816571097 -4.839353250470913 -7.037422472275195 -8.700624197097994 -9.013053785888184 -8.807956467313954 -8.702717026879364 -8.70750063780821 -8.675211264038506 -8.822606275783542 -8.770883482615407 -8.772976312396775 -8.795399488625737 -8.905721515672223 -9.074642776597063 -9.26030667577286 -9.540446890793346 -9.770060215377907 -9.904599272751673 -10.007147932038787 -10.060963554988295 -10.169491727936464 -10.266957800611682 -10.331536548151089 -10.437074964268731 -10.542314404703323 -10.646955893771807 -10.713328495409531 -10.869692777646154 -10.972241436933269 -10.76505128857767 -10.186832317553527 -9.54822025855272 -8.797193342724054 -8.256346332081513 -7.858708673621273 -7.662580625538627 -7.505319416252847 -7.435060130735437 -7.125321323092722 -6.776715676653142 -6.562948063270381 -5.834344323670676
-5.414582464664526 -7.313974979099047 -8.732913570867698 -9.094076195995497 -8.778656850374778 -8.592096024149823 -8.585518559122661 -8.591199097100665 -8.766996798735718 -8.867751603924518 -8.897051220863693 -8.985846998730377 -8.983754168949009 -9.131448156377097 -9.287513462930667 -9.459424480686035 -9.738667768657361 -9.886062780402398 -10.007147932038787 -10.141985965095607 -10.17427533886531 -10.209554469465541 -10.272937314272738 -10.354856651429209 -10.500457809075929 -10.605996225193572 -10.712431568360373 -10.783587780926943 -10.892115953875114 -10.940848990212723 -10.758174847867455 -10.347083283669836 -9.754214504176108 -9.221140861292941 -8.679994874967349 -8.334378985358299 -8.105064636456792 -8.130178593833227 -8.049156183725914 -7.764232357776583 -7.42908061707438 -7.095124779104388 -5.774848162743165
-6.974936554517157 -8.352915477707572 -8.74158386567623 -8.666540969229974 -8.5257234225121 -8.519145957484938 -8.51316644382388 -8.70750063780821 -8.883298339443265 -8.938907816491087 -9.035476962117144 -9.125468642716042 -9.171211922223122 -9.328473131508902 -9.481847656914995 -9.654655601719522 -9.829556376305415 -9.976054461001295 -10.061860482037453 -10.1889251473349 -10.226895059082604 -10.268153703343893 -10.336320159079936 -10.449631942956952 -10.595233100603672 -10.745617869179236 -10.851156285296879 -10.890023124093744 -10.96925168010274 -10.918425813983763 -10.754288163987766 -10.41644564213809 -10.121655618648015 -9.589179927130955 -9.295286830690038 -8.949670941080988 -8.82768886239544 -8.92126825119097 -8.76609987168656 -8.528713179342628 -8.071878335637928 -7.233849496040893 -5.910583122849143
-7.769912895754587 -8.219273347382966 -8.329595374429454 -8.359791918417788 -8.473103702294804 -8.451577453115 -8.598972464860038 -8.793306658844367 -8.990630609659224 -9.037569791898516 -9.153871332606059 -9.191841244353768 -9.318905909651212 -9.437898231506232 -9.599046124671698 -9.829556376305415 -10.004457150891312 -10.043323989688178 -10.128233083675177 -10.189822074384058 -10.241544867552193 -10.373393143778483 -10.506437322736986 -10.617656276832632 -10.724091619999434 -10.874476388574998 -10.970148607151899 -11.001541053872444 -11.008118518899606 -10.89689956480396 -10.70256537081963 -10.455611456618009 -10.228987888863974 -10.165605044056779 -9.87141297193281 -9.69083165936891 -9.616685689971813 -9.609809249261598 -9.403815003638211 -9.083313071405595 -8.376534556668744 -7.46734950450514 -5.6869493119256385
-7.630291251768924 -7.998629293289989 -8.183097289733574 -8.20163378208285 -8.352018550658414 -8.5523322583038 -8.688964145458936 -8.849215111575242 -9.046240086707046 -9.195727928233453 -9.271069800362762 -9.340432158831014 -9.501281076313429 -9.575726021393578 -9.796370075486553 -10.008343834770999 -10.082489804168096 -10.098036539686841 -10.151852162636349 -10.193708758263742 -10.315989812632344 -10.518097374376044 -10.671471899782137 -10.867599947864782 -10.959385482561999 -11.023964230101406 -11.106780494307035 -11.028747841030249 -10.996458467260545 -10.806010957155905 -10.60988290907326 -10.454415553885795 -10.559953970003438 -10.542314404703323 -10.513014787764147 -10.3910327090786 -10.17218250908394 -10.053190187228921 -9.843309257725846 -9.256419991893175 -8.562796407210648 -7.5854448993110015 -5.714455074766497
-7.627301494938395 -7.717293175537292 -7.89877141515035 -8.114631858314482 -8.491640194644077 -8.720057616496426 -8.872535214853361 -9.022919983428928 -9.180181192714706 -9.298276587520569 -9.350896307737862 -9.469290678226777 -9.544333574673033 -9.709368151718186 -9.947651771111278 -10.082489804168096 -10.147068551707505 -10.16052245744488 -10.14975933285498 -10.243637697333563 -10.435879061536522 -10.612872665903787 -10.855939896225724 -11.09990405359682 -11.185112123266872 -11.22218510796542 -11.202452712883934 -11.055057701138898 -10.903776005514175 -10.758174847867455 -10.677152437760142 -10.732761914807966 -10.901683175732805 -11.00333490797076 -11.017984716440349 -10.909755519175231 -10.671471899782137 -10.293267660720328 -9.745544209367576 -8.906618442721383 -8.255449405032355 -6.9907822657189564 -4.521841075068826
-7.522062054503805 -7.722076786466137 -7.975907141377975 -8.217180517601596 -8.546352744642743 -8.749357233435603 -8.941000646272457 -9.11470551812614 -9.256419991893175 -9.384082608556724 -9.457331650904663 -9.524003228225443 -9.624459057731187 -9.831350230403734 -9.998477637230256 -10.091160098976628 -10.130325913456547 -10.144078794876975 -10.193708758263742 -10.363825921920792 -10.52377791235405 -10.747411723277553 -10.964169093490842 -11.115749764798618 -11.1722561688956 -11.195875247856772 -11.159699190207382 -11.020974473270876 -10.939055136114405 -10.922312497863448 -10.886136440214058 -11.01499495960982 -11.25626833583344 -11.388116612059731 -11.361806751951082 -11.176142852775286 -10.779701097047257 -10.167398898155096 -9.3069468823291 -8.408524954755396 -6.9223168342998616 -4.361889084635571 -1.8648441797784758
-7.482896240023887 -7.600991634829748 -7.966339919520285 -8.290429559949535 -8.617508957209314 -8.82768886239544 -8.998403977418597 -9.127262496814359 -9.24954355118296 -9.39305187904831 -9.458527553636877 -9.552106942432406 -9.72999747384883 -9.882176096522713 -10.028674181218591 -10.158728603346564 -10.169491727936464 -10.136305427117602 -10.237658183672506 -10.397909149788815 -10.558160115905121 -10.841290087756136 -10.958488555512838 -11.060140287750794 -11.09990405359682 -11.09990405359682 -11.082563463979756 -11.069707509608484 -11.09033683173913 -11.15850328747517 -11.246402138292698 -11.352837481459499 -11.408745934190375 -11.447612772987242 -11.362703679000242 -11.085254245127231 -10.439765745416208 -9.587386073032638 -8.279666435359633 -5.914469806728829 -2.839205930847594 -0.06889725168022753 0.7661418310862791
