static/data/seaWater_uo/2023/7/9/0.asc
ncols 137
nrows 93
xllcorner 108.0
yllcorner 17.0
cellsize 0.25
NODATA_value -32767
[rows 52 to 77 of 93, columns 58 to 115 of 137]
0.7703774 0.28401527 0.23282479 0.119645394 0.15186258 0.20818152 0.21803434 0.15136603 0.14367966 0.13273226 0.11723024 0.25467739 0.57168555 0.4321968 0.50595313 0.5215671 0.3417643 0.30313116 0.19855049 0.070977464 -0.03889933 -0.040079772 -0.02582814 0.047627334 0.016016029 0.15665086 0.16254628 0.07215816 -0.06381537 -0.04005461 -0.034630515 -0.09277686 -0.072163805 -0.15666999 -0.14026605 -0.18463217 -0.28825295 -0.39038226 -0.5206409 -0.59161323 -0.65586776 -0.59619534 -0.6887128 -0.83777976 -0.8093234 -0.4972009 -0.2836373 -0.44817516 -0.3842726 -0.3195625 -0.21732564 -0.24555609 -0.13906918 0.040425416 0.10109364 0.062091243 -0.012447696 -0.0482642
0.39381662 0.26658472 0.29553413 0.17026487 0.12633084 0.08966672 0.19005547 0.20598409 0.21666501 0.26175788 0.43269727 0.59011316 0.39962757 0.4512044 0.58047926 0.43921655 0.28196356 0.2921471 0.05448313 -0.08569151 -0.13069704 -0.00029983858 0.079758234 -32767.0 0.075495385 0.05454939 0.09194048 -0.030827273 -0.12116762 -0.06401416 -0.09814344 -0.17462663 -0.1188342 -0.19105063 -0.16420363 -0.29298982 -0.41426915 -0.46663028 -0.517471 -0.5973925 -0.6912193 -0.7788529 -0.8810938 -0.83448833 -0.50699645 -0.30769208 -0.43012464 -0.37266412 -0.22295816 -0.067650564 -0.06105732 -0.10880102 0.13846372 0.30473602 0.34850183 0.25592914 0.17886451 0.17086524
0.19154958 0.1844751 0.26303098 0.4241629 0.44463807 0.4617317 0.408831 0.32010928 0.31199917 0.37978104 0.4292719 0.44166955 0.6045469 0.72251093 0.6926777 0.41295812 0.25744814 0.07350255 -0.009793549 0.084272854 0.11582498 -0.02492606 -0.07171819 -0.026926622 -0.003245344 0.0072248527 0.014242354 -0.06731852 -0.13694404 -0.095221065 -0.10754331 -0.12216617 -0.12952226 -0.19767596 -0.21485007 -0.38991252 -0.45284548 -0.4759761 -0.57748663 -0.7375407 -0.8194149 -0.82865614 -0.7042188 -0.44738632 -0.3310764 -0.43389094 -0.36022943 -0.18538387 -0.02307209 -0.030766843 -0.0693632 0.11607291 0.21385938 0.2863508 0.24654281 0.30375883 0.28879473 0.304068
0.1951553 0.37327683 0.48326835 0.6053165 0.7298569 0.775294 0.76057357 0.6800309 0.6623683 0.70674783 0.8680852 0.9428046 0.9774731 0.9326896 0.65336245 0.34372482 0.20430687 0.11976896 0.27039176 0.17364225 0.10425046 -32767.0 -0.018006617 -0.05100763 0.1366877 0.034072563 0.0037373984 -0.016472416 -0.12038496 -0.063482895 -0.030416002 -0.13343272 -0.18151581 -0.18775152 -0.22890717 -0.39908785 -0.4340353 -0.50056595 -0.57648057 -0.64397866 -0.65734255 -0.56411445 -0.40303382 -0.3047935 -0.36299035 -0.34344965 -0.22061376 -0.115027584 -0.09643023 -0.08849054 -0.037273098 0.039857544 -0.0022449994 0.06474143 0.055401012 0.11343322 0.26318103 0.31079906
0.44505662 0.5996032 0.65489113 0.78706414 0.890867 0.9200136 1.031595 1.0496784 0.98377883 1.0370804 1.0885296 1.0738776 0.9511394 0.6253359 0.3534583 0.21792947 0.19767667 0.14322232 0.16947415 0.12733357 0.19478203 0.4298578 0.37091988 0.24516067 0.076339625 0.2658205 0.2149346 0.14274576 0.018963624 -0.094111145 -0.07207386 -0.12003467 -0.1584992 -0.13847059 -0.28867817 -0.32649314 -0.45434785 -0.4712969 -0.47551322 -0.4058083 -0.30407453 -0.23957609 -0.21790859 -0.29208958 -0.34088534 -0.25073114 -0.15335345 -0.11617274 -0.10849113 -0.12572916 -0.043722905 -0.1593948 -0.13513945 -0.10409808 -0.022527482 0.05363107 0.10965862 0.26509374
0.20704187 0.46092492 0.5088351 0.50409 0.6292148 0.57861125 0.63478315 0.73499 0.8670059 0.8682902 0.7613338 0.5883231 0.3315424 0.14313349 0.1081414 0.17739058 0.23788229 0.28293356 0.33673418 0.3984049 0.42965233 0.45628327 0.45030424 0.44782606 0.47025335 0.49880993 0.297103 0.21593653 0.08647931 -0.09071788 -0.10779665 -0.17022496 -0.122451775 -0.20718326 -0.25002244 -0.2754293 -0.36666894 -0.41987222 -0.41666093 -0.3443657 -0.14696433 -0.037319638 -0.10110048 -0.27169105 -0.27552092 -0.21671438 -0.13915014 -0.10684659 -0.124617614 -0.118034415 -0.08361228 -0.21136618 -0.20925981 -0.12805949 -0.20167556 -0.065052934 -0.0116922 0.111830205
-0.16487923 0.15511568 0.4935014 0.6490688 0.5693806 0.41349256 0.4160023 0.27887452 0.20874445 0.13934872 0.0809504 0.005574104 -0.0025277932 0.07114553 0.109452374 0.1352144 0.2292652 0.27003497 0.24354473 0.2737319 0.2812374 0.31829002 0.32210273 0.32603273 0.340626 0.3457596 0.37436563 0.25482655 0.03798161 -0.11877117 -0.18197225 -0.2816077 -0.19626758 -0.26306945 -0.21886957 -0.13073276 -0.18879971 -0.27383617 -0.3607467 -0.33679414 -0.23258574 -0.11134018 -0.053753756 -0.17874365 -0.30557832 -0.26350966 -0.18059161 -0.16033378 -0.12999502 -0.115345344 -0.0981775 -0.19275403 -0.17937739 -0.18692239 -0.027593771 -0.1515779 -0.10209709 -0.083882436
0.24604355 0.52346337 0.5718354 0.67828745 0.6030857 0.42327464 0.17551963 0.054494534 0.055823136 0.051732264 0.060307235 0.14832292 0.047986552 0.026445365 0.07770086 0.10607263 0.17631112 0.17638625 0.091993265 -0.0077274586 -0.000649541 0.04797783 0.11355667 0.1663156 0.17959435 0.20527434 0.21908602 0.25401086 0.087262586 -0.12774417 -0.1576943 -0.29083952 -0.23659725 -0.19785835 -0.16230178 -0.13406558 -0.16047353 -0.18821742 -0.19436517 -0.2130638 -0.20802337 -0.12366719 -0.08716625 -0.07703302 -0.10040802 -0.16645512 -0.14136831 -0.033681486 0.021809716 -0.018780025 -0.08363918 -0.0747953 -0.046609636 -0.046565015 0.06264966 0.21316484 0.07807446 0.034502905
0.7808304 0.7945562 0.6928089 0.5145465 0.48145053 0.52034754 0.29991028 0.31920564 0.19236235 0.0791383 0.07968209 0.110566325 0.078557044 0.10177392 0.07295016 0.1348025 0.21312828 0.12913413 -0.031787243 -0.014171286 0.11609695 0.15540034 0.24104379 0.22240497 0.17645001 0.088533394 0.10984555 0.069825456 -0.0511613 -0.19409424 -0.10969959 -0.20389692 -0.21713547 -0.14580302 -0.27186584 -0.30632743 -0.20578004 -0.089330755 -0.0071612517 0.043846056 0.08384106 0.052179225 -0.06187513 -0.07414118 -0.0433856 -0.030892652 0.05420633 0.10972499 0.08464879 0.03571104 0.100904174 0.025943197 0.055947345 0.032541577 0.114774756 0.14671555 0.24639463 0.2693167
0.6885527 0.65676886 0.5195427 0.25991258 0.21857147 0.2566298 0.23220415 0.26330537 0.15177022 -0.009828942 -0.09134517 0.019831443 0.14008573 0.08184053 0.11825614 0.14405437 0.17101835 0.10346813 -0.014991893 0.09917285 0.087622546 0.12509272 0.12714113 0.106667586 0.11461272 -0.001203618 -0.009796479 -0.1365798 -0.28416643 -0.26862174 -0.09148967 -0.114729136 -0.05997958 -0.09060623 -0.31727102 -0.3011767 -0.21274793 -0.15951028 -0.11219182 0.00632001 0.19905616 0.372153 0.30754292 0.13329887 0.010449811 0.09450802 0.12514848 0.10221999 0.010735756 0.108462185 0.16378157 0.09969445 0.14355165 0.079606 0.1322762 0.16669436 0.19947892 0.17359264
0.5146086 0.41579026 0.16779241 0.28038546 0.26962698 0.04429807 0.03082981 0.15159617 0.021926338 -0.09424785 -0.13133983 -0.079369746 0.06619387 0.12527597 0.18590707 0.17545047 0.164296 0.09559146 0.05401889 0.061221622 0.026923504 0.01962078 0.03796963 0.0022032359 -0.04764441 -0.10326644 -0.17942427 -0.37806404 -0.42471167 -0.2616966 -0.063363835 0.046000354 0.11270322 0.00858272 -0.2748395 -0.3315663 -0.20837826 -0.21679878 0.00430324 0.11767331 0.15478352 0.13279839 0.24066755 0.3688292 0.21748197 0.13252051 0.10246097 0.03403421 0.08433229 0.12477438 0.1833726 0.08488188 0.12277202 0.15271455 0.13355295 0.2898655 0.36274382 0.18587784
0.3352875 0.28338534 0.17378666 0.1919184 0.20841354 0.020521766 0.049816605 0.0069134617 -0.023030724 -0.003955935 0.061526235 0.07410907 0.13162757 0.19660237 0.25155824 0.22955419 0.17747775 0.11404568 0.052847005 0.025257247 -0.028315466 -0.024938906 -0.039546426 -0.072026856 -0.13379288 -0.21013132 -0.35150713 -0.5197573 -0.4113102 -0.18962574 -0.09234195 0.07025375 0.026076442 -0.034933936 -0.14211276 -0.14896654 -0.08179895 -0.10089302 -0.14887355 -0.10251979 -0.049146567 0.009734063 0.038851477 0.13537863 0.12854591 0.082912095 0.046251178 0.10991718 -0.02282701 0.23172641 0.14058895 0.044751942 0.035636634 0.10352032 0.16401045 0.15187353 0.14179294 0.16881295
0.22771552 0.19995886 0.10881273 0.108417876 -0.06484623 -0.20993051 -0.20155628 -0.1388163 -0.035321046 0.038780544 0.09463911 0.10498361 0.19390099 0.16518344 0.18624884 0.21610427 0.17348185 0.109807245 0.028221158 0.035124414 -0.03151523 -0.03871351 -0.0932313 -0.1356155 -0.20236774 -0.3141834 -0.4326404 -0.46074378 -0.2696009 -0.16889565 -0.1009805 -0.032519788 -0.14216748 -0.17352492 -0.10890547 0.012982859 -0.11488386 -0.25475296 -0.28070056 -0.17272156 -0.0976741 -0.1462358 -0.23841919 -0.23775889 -0.27891484 -0.19870605 -0.08204986 -0.0887069 0.23094955 0.2099339 -0.007865164 0.053145096 0.120496616 0.043543227 0.042339917 -0.008633672 -0.1113718 -0.001956126
0.12672055 0.12951191 0.10042122 -0.028499246 -0.14506909 -0.27663505 -0.2482982 -0.14986484 -0.041014995 0.052100483 0.076217264 0.052088935 0.16327819 0.17053273 0.1271549 0.17430131 0.13113035 0.04497333 -0.026048005 0.037942994 -0.05070251 -0.097102284 -0.12872368 -0.19941533 -0.244261 -0.2791732 -0.33898994 -0.29038742 -0.16405693 -0.20133077 -0.16924037 -0.008765114 -0.10027327 -0.01147154 -0.0751034 -0.061459415 -0.09258353 -0.06390666 -0.1488905 -0.2739951 -0.26923665 -0.4185695 -0.45787376 -0.5201128 -0.44779497 -0.30024388 -0.06265644 0.17684396 0.18532506 0.13382767 0.051736534 0.18542899 0.19264245 0.06187485 -0.04689815 -0.13609815 -0.26320004 -0.15749434
0.10283022 0.050701424 0.09272804 -0.019390402 -0.09554715 -0.097861744 -0.05397345 -0.016251957 0.017569838 0.03883394 -0.01428937 0.00044933826 0.14045702 0.204691 0.15696439 0.14145857 0.09093467 -0.04033312 0.0005257405 -0.01849364 -0.061937507 -0.103633106 -0.1781838 -0.19932438 -0.2201342 -0.16357332 -0.14354552 -0.10162899 -0.12367078 -0.23002198 -0.124825224 0.039745536 -0.038373563 -0.113788515 -0.21779484 -0.25012055 -0.21366337 -0.11402489 -0.07742569 -0.13813014 -0.25907984 -0.30090773 -0.32414392 -0.20216383 -0.22874369 -0.006393752 0.060256597 -0.01954673 -0.045957454 -0.05313881 0.057284057 0.21726055 0.053387772 0.031034019 -0.04431915 -0.119426996 -0.19413131 -0.28419873
0.19176285 0.03832315 0.10739166 0.036563113 -0.03172353 0.026232138 0.064353354 0.0033680012 0.023311075 -0.021297513 -0.006986333 0.08395389 0.23707145 0.24166745 0.1980264 0.13839126 0.06628043 -0.07358729 -0.051506188 -0.10096877 -0.07938733 -0.05675876 -0.12912081 -0.19062363 -0.18485974 -0.074169874 -0.0016466989 0.025145486 -0.047341853 -0.13920087 -0.0477678 0.06820525 -0.019776046 -0.19158138 -0.35490516 -0.40589923 -0.36250478 -0.29155493 -0.28302526 -0.16438559 -0.14130571 -0.1491155 -0.21741691 -0.25614706 -0.17233652 -0.1491819 -0.22350639 -0.31461817 -0.2407006 0.0146635575 0.18161312 0.1644936 0.046212126 -0.028012967 0.010770138 -0.06820544 -0.13313815 -0.27824172
0.2112249 0.13956542 0.13566245 0.11424856 0.09094147 0.080096915 0.057638746 0.0575957 0.04413659 -0.016966535 0.048980672 0.28265303 0.35799906 0.24083862 0.113793194 0.08652474 0.046945088 -0.052764148 -0.17219451 -0.30402985 -0.21965261 -0.11466072 -0.013989821 0.004265218 0.008214602 0.053831335 0.07889391 0.07834679 -0.010609226 -0.11210141 0.061786674 0.120931886 0.053709667 -0.10559941 -0.27328134 -0.2922748 -0.26958573 -0.2234228 -0.2545066 -0.25280887 -0.11399831 -0.12944336 -0.16738364 -0.22230774 -0.2677457 -0.29328182 -0.32467166 -0.19233002 0.07604554 0.33927208 0.43079555 0.37744734 0.18987916 -0.042523302 0.08335302 -0.046002463 -0.11133854 -0.19903652
0.39415357 0.31766132 0.20544294 0.18694198 0.1305884 0.10959099 0.1269084 0.14479992 0.11078346 0.09349259 0.15576272 0.24671525 0.17698342 0.08194332 0.0033519114 0.009295656 0.002313772 -0.060649857 -0.16598968 -0.29219773 -0.27120826 -0.21102604 -0.18229415 -0.11227114 -0.01797132 -0.00697183 0.02341107 0.020756774 0.010583959 0.07188555 0.14555055 0.03952283 0.09814503 0.048918623 -0.040602278 -0.07924828 -0.25678793 -0.31213647 -0.22304422 -0.12044801 -0.20215122 -0.0691205 -0.15194663 -0.15718083 -0.19582485 -0.2557565 0.00082735077 0.41210192 0.49622154 0.42501613 0.398753 0.4041034 0.4179201 0.24596521 0.11676104 0.10236739 -0.039525498 -0.11574459
0.47811317 0.374921 0.27347738 0.23774253 0.13049415 0.09202293 0.27740642 0.21947812 0.1645806 0.1393019 0.20822291 0.06556479 -0.0050042123 -0.04255715 -0.10484362 -0.054905914 -0.060586438 -0.088803835 -0.12876117 -0.16468549 -0.19780649 -0.11521032 -0.014513883 0.0012073147 -0.0010160513 0.039476033 0.08405565 0.103877254 0.13705099 0.086176604 -0.046066176 -0.07712281 -0.034403972 0.1025282 0.064048216 -0.0020609524 -0.16647479 -0.2067303 -0.17748134 -0.104108736 -0.03953557 -0.19996925 0.026105369 -0.21779463 -0.09283931 0.12996852 0.23147742 0.29209098 0.32855478 0.29525945 0.28363347 0.2854533 0.2600773 0.30281276 0.21444476 0.18022329 0.15131988 0.094018
0.14103684 0.16147475 0.20091811 0.12910908 0.026157876 0.15366988 0.24834082 0.14363211 0.15974267 0.16754855 0.14398651 -0.024486428 -0.058250807 -0.1501731 -0.1703442 -0.14412737 -0.14568779 -0.13692418 -0.07091745 -0.008886545 -0.10995659 -0.07702494 -0.092116624 -0.1483749 -0.10875685 -0.0015598645 -0.032397393 -0.119369805 -0.1643781 -0.18440466 -0.121564515 0.039369825 0.08301592 0.104887925 0.14690061 0.17081581 0.12322385 0.08341527 0.049759414 0.0044256947 0.06256927 0.0018375475 -0.092208035 0.013326441 0.0051085236 -0.0744965 0.006937857 0.14229706 0.2034865 0.14776437 0.11660262 0.13134275 0.1585426 0.13845171 0.13870114 0.06822741 0.15850958 0.1904625
0.015373832 0.011354319 0.19644843 0.10219528 0.012212513 0.13105783 0.12009795 0.07774351 0.18375555 0.17648119 0.10115568 -0.026806794 -0.070105 -0.1951133 -0.22980532 -0.23012805 -0.21402106 -0.15296766 -0.026443198 0.02798836 0.0024853484 -0.042968743 -0.17798056 -0.123596326 0.036968153 -0.036581255 -0.09624492 -0.107523404 -0.0958505 -0.022604141 0.011711069 0.023590155 0.116957046 0.20177245 0.29866627 0.33819154 0.36712766 0.34836975 0.25929496 0.20423332 0.17441149 0.08491133 -0.119062245 -0.1191997 -0.1348166 -0.24802235 -0.08613862 0.0033696129 -0.016662851 -0.1087197 -0.09427933 -0.059235573 0.04682915 0.06012669 -0.0046399524 -0.08970906 0.060517423 0.20333974
0.19451879 0.18922931 0.17757992 0.20493814 0.10791281 0.13136443 0.12302057 0.1281757 0.20086841 0.19538663 0.11122042 -0.010875291 -0.07238841 -0.18339868 -0.24521917 -0.29198617 -0.23187374 -0.15671778 -0.103150755 -0.12894943 -0.12808876 -0.19077551 -0.15337297 0.00018083525 0.048856862 0.0030770008 0.0051002293 0.043557175 0.07070439 0.120558575 0.22910869 0.3305172 0.36264962 0.4060684 0.50615066 0.5387423 0.5500039 0.5173709 0.46135554 0.33534676 0.23802073 0.14021648 0.030189227 -0.08961255 -0.18903662 -0.23903641 -0.16430947 -0.16272911 -0.17219129 -0.18493403 -0.18818247 -0.16082421 -0.08573497 -0.10877931 -0.18089029 -0.07246328 0.08829733 0.17877239
0.028235681 0.074692756 0.12814796 0.16650338 0.21982463 0.20358108 0.14764738 0.06714637 0.11507466 0.24282601 0.12936564 -0.02684805 -0.06091292 -0.18590488 -0.23984338 -0.30566072 -0.21235177 -0.14033042 -0.12718382 -0.1816118 -0.17396075 -0.16338114 -0.12737082 0.019820452 0.07661007 0.11949781 0.18548943 0.25273356 0.2840962 0.275374 0.29547715 0.36145154 0.53150535 0.66878176 0.7063453 0.72068393 0.6385197 0.5045754 0.3996262 0.33396488 0.24886668 0.15349683 0.11709321 -0.02196124 -0.08517833 -0.16554938 -0.19127941 -0.22723714 -0.22892886 -0.19735204 -0.2218008 -0.22140443 -0.19447406 -0.25777015 -0.19710347 -0.11126099 0.116680816 0.2957131
-0.11257587 -0.07868396 -0.035164673 -0.037514336 0.021790432 0.0699008 -0.030524576 0.006405326 0.21174292 0.17232355 0.14699024 -0.04403892 -0.15872768 -0.26090902 -0.3153946 -0.296378 -0.17294897 -0.15228221 -0.09174691 -0.15076402 -0.18473415 -0.13848414 -0.0074423086 0.046767514 0.0617947 0.064842016 0.08135998 0.08840044 0.098934226 0.19330622 0.34727398 0.4743667 0.3315694 0.36832136 0.46126705 0.47682485 0.49854115 0.5122554 0.41702098 0.18841772 0.12737688 0.15669945 0.08921547 0.05425492 -0.029420951 -0.11507289 -0.1554308 -0.21367463 -0.2574256 -0.22998072 -0.29975685 -0.33442754 -0.32980406 -0.3017576 -0.031934753 0.18710849 0.22550984 0.32357854
-0.18703206 -0.19286464 -0.27041033 -0.26602715 -0.06869707 -0.095754944 -0.14389177 0.08933131 0.0807978 0.19145046 0.13515791 -0.08786239 -0.23196681 -0.33084288 -0.36308858 -0.2328887 -0.12255027 -0.10969189 -0.106606096 -0.14575197 -0.08278477 0.055770103 0.024445431 -0.04003699 -0.06220247 0.012064672 0.010269165 0.10791154 0.23010914 0.31460744 0.23457792 0.12107261 0.27565596 0.4006711 0.4399765 0.43592313 0.40648684 0.32705903 0.2914895 0.20236227 0.12335832 0.062102597 0.07982073 0.09632324 0.019711062 -0.067383654 -0.10602612 -0.2423235 -0.25462347 -0.18605661 -0.23948851 -0.24727352 -0.14231145 -0.06390485 0.047452286 0.13502426 0.13059781 0.12583303
-0.22817233 -0.29283834 -0.25435314 -0.06318686 -0.069035165 -0.18921459 -0.09884572 -0.040076826 0.0495073 0.031999595 -0.08533325 -0.12336417 -0.23048435 -0.30190995 -0.33609843 -0.24836208 -0.12020387 -0.091155306 -0.10722997 -0.10869417 -0.045729272 -0.054432735 -0.08782081 -0.037144452 -0.0040987185 0.028606392 0.010956664 0.09587767 0.25266647 0.08633372 0.073507994 0.088867985 -0.003748259 0.008984993 0.08303793 0.033885196 0.102470905 0.12034804 0.12970059 0.21114725 0.10391728 0.023610884 0.04690165 0.068100885 0.046298172 -0.02831568 -0.06370181 -0.191161 -0.21266136 -0.118257 -0.13129553 -0.11377959 -0.071585126 0.00089461653 -0.0308269 -0.07267421 -0.11078021 -0.17222427
