static/data/seaWater_uo/2023/7/9/12.asc
ncols 137
nrows 93
xllcorner 108.0
yllcorner 17.0
cellsize 0.25
NODATA_value -32767
[rows 26 to 51 of 93, columns 58 to 115 of 137]
0.24041489 -0.02724908 -0.07976971 -0.042865712 -0.059961807 -0.162196 -0.24609958 -0.30047944 -0.39264265 -0.4162231 -0.3419787 -0.27623343 -0.21882531 -0.18894435 -0.0803694 0.09578443 -32767.0 -32767.0 -0.003393915 0.13778232 0.2111444 0.3281936 0.38288018 0.41682303 0.33513027 0.26806176 0.25364316 0.20912993 0.26705125 0.09961189 0.044740446 -32767.0 -32767.0 -32767.0 -32767.0 -32767.0 -32767.0 -0.052336823 0.03809314 -0.017188132 -32767.0 -32767.0 -32767.0 -32767.0 -32767.0 0.076207355 -32767.0 0.08441342 0.2561331 0.3133728 0.3303631 0.27446786 0.22541903 -32767.0 0.23073792 -0.053540032 -0.08801697 -0.06473991
0.120985836 0.17826216 0.16356367 0.0069051906 -0.00044789835 -0.11617353 -0.1817299 -0.28494656 -0.31541893 -0.32961047 -0.26959983 -0.20667262 -0.12082943 -0.086340904 -0.0450882 -32767.0 -32767.0 0.016150126 0.13090722 0.01657036 -0.0075821877 0.20637217 0.34162542 0.38170063 0.3325824 0.2031204 0.15123744 -0.010438329 -32767.0 -32767.0 -32767.0 -32767.0 -32767.0 -32767.0 -32767.0 -32767.0 -32767.0 -0.06897 0.06661426 0.02113642 -32767.0 -32767.0 -32767.0 0.093170896 0.37515673 0.4649529 0.2670782 0.048915476 0.25194073 0.29038888 0.22974204 0.13715054 0.047908142 0.046154078 -0.08498559 -0.110437505 -0.09571608 -0.1384065
0.11811868 0.0073307855 0.07413954 0.07991437 0.07287553 0.012288007 -0.01802691 -0.06224714 -0.08009761 -0.116149716 -0.093454614 -0.083902605 -0.05988697 -0.13351247 -0.089523554 0.027613292 0.10171745 0.20276964 0.22060688 0.13634658 0.07175574 0.14240976 0.22446534 0.21681471 0.20388745 0.06732446 -32767.0 0.10805205 -0.038297314 -32767.0 -32767.0 0.029387679 -32767.0 -32767.0 -32767.0 -32767.0 -32767.0 -32767.0 0.2966576 0.13193893 -32767.0 -32767.0 0.044257764 0.31193313 0.14924245 0.11370888 0.239087 0.30032393 0.24460723 0.17676957 0.1265321 0.07915223 -0.020693863 -0.2040891 -0.21352582 -0.107014395 -0.004817618 -0.027210087
0.28090096 0.29034773 0.03231392 0.123020865 0.20552066 0.08423757 0.08688687 0.0543342 -0.0018518942 0.04696029 0.019029137 -0.033838257 -0.08796963 -0.16463764 -0.14738804 -0.094328485 -0.00890552 0.0820014 0.2068274 0.073396906 0.007719098 0.0848107 0.1724342 0.26986527 0.15481532 -32767.0 0.009103768 0.055566836 0.010294431 -0.059582185 -0.06851618 -32767.0 -0.019992013 -32767.0 -32767.0 -32767.0 -32767.0 -32767.0 0.1762351 0.5874169 0.46758837 0.4236686 0.21769238 0.18082939 0.07943986 0.019017462 0.070024826 0.20156834 0.27350822 0.26142052 0.27249777 0.31291923 0.17218904 0.015898935 -0.03320245 -0.034180865 -0.006556543 0.10807108
0.24626267 0.2003607 0.22411494 0.05748297 0.16740492 0.20023862 0.07221134 0.09046846 0.106246874 0.053777795 -0.031122051 -0.023193011 -0.11126955 -0.090405166 0.038142946 -0.0097619835 0.00775849 0.054816637 0.22935182 0.19635586 0.20459966 0.20762928 0.15338443 0.22208822 0.23531455 0.29393384 0.26148573 0.26943204 0.119682364 0.11755512 0.013596887 -0.039449017 0.022188436 -32767.0 -32767.0 -32767.0 -32767.0 0.21703885 0.57331294 0.42956996 0.35011297 0.27384585 0.19697207 0.13455729 0.07449973 0.15812391 0.45070606 0.697796 0.80274737 0.7499054 0.6262266 0.46728975 0.54742485 0.29367444 0.17416424 0.12810437 0.039284743 0.078816235
0.041064117 0.059190437 0.098849274 0.02577715 0.15974061 0.13305391 0.16620657 0.024667492 -0.046506796 -0.014619462 -0.01965087 0.054521143 0.19616772 0.23030798 0.16746931 0.06929594 0.061024718 0.1004425 0.045264505 0.14781356 0.19503197 0.19381705 0.15622991 0.1585663 0.19555922 0.21754643 0.20115216 0.20757109 0.18754944 0.16772358 0.064981915 0.09988364 0.04183526 -32767.0 -32767.0 -32767.0 -32767.0 0.38499066 0.29221013 0.20749865 0.119828485 0.16547781 0.15151422 0.28136295 0.65075475 1.0337394 1.2216855 1.2605335 1.2537949 1.231165 1.133202 0.808343 0.5647988 0.4940953 0.21365535 0.17043895 0.049889766 0.069927394
-0.02203803 0.034940228 0.10342895 0.09345693 0.1565282 -0.012451785 0.095280915 0.06911449 0.04329402 0.049438294 -0.018543024 -0.029279161 0.09172616 0.17992151 0.20228827 0.13916858 0.07790884 0.009217458 0.06379247 0.12236058 0.06570255 -0.031978082 0.0045297197 0.095490694 0.16204642 0.22009102 0.25868478 0.20553881 0.18196495 0.10903275 0.101186685 -32767.0 -32767.0 -32767.0 -32767.0 -32767.0 0.16119875 0.14447565 -0.050142806 0.07032039 0.370074 0.5588971 0.79775834 1.0409752 1.1400906 1.0733751 1.0680454 1.1000473 1.0834072 1.01673 1.0376223 0.96233845 0.64031684 0.49525583 0.21294579 0.12568885 -0.013585436 0.13773552
0.0817476 0.06589019 0.12306484 0.11457018 0.09461201 0.103752464 0.16963466 0.15731417 0.16075018 0.10550189 0.028114181 0.07797299 0.0048393523 0.009993894 0.1471807 0.18829297 0.09859854 -0.10886676 -0.11001061 -0.11639693 -0.11958204 -0.03980798 0.10283214 0.24404147 0.3436143 0.3597811 0.3780469 0.31291744 0.20744283 0.17552306 -0.02049607 -32767.0 -32767.0 -32767.0 -32767.0 -32767.0 0.15150645 0.10683051 0.5015549 0.7694099 0.8170426 0.9157667 1.0702544 1.2116283 1.2451433 1.1187682 0.9745339 0.8694217 0.7550004 0.7480382 0.80339545 0.8240867 0.6329655 0.41791686 0.24074438 0.08460225 0.041578356 0.263405
0.18053868 0.20696412 0.23644634 0.21428882 0.094520174 0.00734 -0.017595828 -0.019114537 -0.020005295 -0.014811979 0.008522894 -0.03249632 -0.01656915 -0.08366094 -0.03369498 0.07874918 0.125812 0.007141046 -0.118318625 0.004287394 0.07544952 0.18423758 0.25356096 0.20201194 0.18790594 0.19773984 0.22034186 0.22503826 0.17264095 0.027721327 0.13635373 0.0976891 -32767.0 -0.044640128 -32767.0 -32767.0 0.021651475 0.19785044 0.5678253 0.7425613 0.9698182 1.0348566 1.0041951 1.0471591 1.0995034 1.0658556 0.87041265 0.60015756 0.36419275 0.39933196 0.48886955 0.59937847 0.53182125 0.3389406 0.19722345 0.15260151 0.19156878 0.38805768
0.34319195 0.27689484 0.1634153 0.08845935 0.10459679 0.047766376 0.06978188 -0.058915354 -0.061229046 0.0070382487 0.08204824 0.063750744 0.040623643 -0.020136217 -0.05040282 0.010647422 0.101550765 0.10772909 0.054426324 0.06855659 0.1703507 0.23401146 0.1894004 0.11778943 0.07388846 0.035129417 -0.0064879768 -0.007981713 0.07833777 0.18261334 0.13551281 0.1554643 0.14934173 0.08219509 -32767.0 0.18106206 0.23700514 0.59298307 0.7241979 0.76398253 0.7375829 0.6610111 0.6891282 0.5873016 0.5509669 0.51163894 0.49876437 0.38061893 0.6474819 0.64331007 0.46055248 0.4149554 0.40822187 0.2737187 0.15920675 0.22062193 0.3460296 0.4483135
0.20583719 0.22195543 0.22703981 0.1634037 0.12777728 0.052337173 -0.064565144 -0.005624105 0.05515204 0.09016094 0.05443098 -0.03920696 -0.034062948 -0.06330522 -0.1195722 -0.03800184 0.043110404 0.09022362 0.1249008 0.029464077 0.17495841 0.18370834 0.1723427 0.0735632 0.037411902 -0.04567059 -0.14554982 -0.041202936 0.0817994 0.27486613 0.33816063 0.36746266 0.44089198 -32767.0 1.1452765 1.3408146 1.0602769 0.7019929 0.7909088 0.69353586 0.54216176 0.48302457 0.42242345 0.27927452 0.22701108 0.18297859 0.08232321 0.5044755 0.640383 0.43528378 0.28289932 0.25087973 0.25074172 0.20091292 0.1287673 0.28086337 0.41655546 0.37576053
0.021792416 0.032972865 0.08868862 0.12449494 -0.009870398 0.039302688 0.11745287 0.0928459 -0.024242787 -0.012075188 0.057613056 0.0038953002 -0.10028011 -0.085240126 -0.11263535 -0.04846315 0.012788773 0.0045094267 -0.011040168 -0.01385495 -0.0036933525 0.07851837 0.08100564 0.050955754 0.07190873 0.010498557 -0.011832661 0.12362761 0.1990293 0.27485844 0.3927638 0.49644578 0.51633877 0.6431749 0.43328312 0.031170566 0.25642955 0.6756345 0.65110433 0.46839824 0.4064503 0.32457837 0.27127683 0.20893043 0.063623875 -0.122221 0.26275226 0.26792347 0.2458932 0.040793855 0.04109884 0.029557556 0.11311515 0.15912017 0.13211279 0.22346383 0.26548865 0.2598243
0.086654946 0.021549158 0.07690916 0.021219183 -0.044905294 -0.12404026 -0.040330116 -0.0066569615 0.001681041 -0.036917478 -0.045306437 0.10085828 -0.011348439 -0.053233083 -0.02975884 0.039742734 0.109173976 0.09182216 0.03180399 0.0020026194 0.02373425 0.14224897 0.16200802 0.2245716 0.21790878 0.1353052 0.19915386 0.15968198 0.15845183 0.15541695 0.3494335 -32767.0 0.37544137 0.33576554 -32767.0 0.5017284 0.79119694 0.47951716 0.37408337 0.3765479 0.28493813 0.14012007 0.13198505 0.028680587 -0.15371667 0.06018877 0.002840592 -0.058129318 -0.10374218 -0.24005608 -0.17148936 -0.10194418 0.0907082 0.21813256 0.15790708 0.1338218 0.20400816 0.28829256
-32767.0 0.13394709 -0.0065486245 -0.033452384 -0.068238065 -0.06770744 -0.07017095 -0.03337021 -0.047474332 0.0237805 -0.05139563 0.035002787 0.12574379 0.078935035 0.05911928 0.13864338 0.22753567 0.19120638 0.17291084 0.13194051 0.1918807 0.31336024 0.38492775 0.46058828 0.45699036 0.53028286 0.29784316 0.13281433 0.06860179 0.2023265 0.5115148 0.25697064 -32767.0 0.16697304 0.58823663 0.70492095 0.33507735 0.27124113 0.32731453 0.17817329 0.08465688 0.009029114 0.011372747 -0.14716019 -0.035147127 -0.06882234 -0.13073525 -0.29396427 -0.32442975 -0.29942623 -0.1320605 -0.049804218 0.24611174 0.40785447 0.31412384 0.1609471 0.24096899 0.57805634
0.057744335 0.05097966 0.047150344 0.056661263 -0.075049214 -0.11757485 0.062196635 0.13462847 0.1510671 0.15638529 0.15306976 0.044631485 0.114867486 0.23137654 0.28109896 0.27514067 0.27506146 0.1482388 0.10794591 0.13752387 0.28607908 0.38600165 0.5400038 0.68417734 0.7687952 0.773673 0.7376286 0.60828537 0.40034172 0.3948489 0.20136431 -0.010252168 0.5413784 0.39255568 0.4058331 0.38077393 0.3201773 0.2624615 0.13264011 -0.021175887 -0.10548843 -0.08793794 -0.009443039 -0.00016086263 0.025502866 -0.20574923 -0.108446434 -0.2834579 -0.42141816 -0.2042649 -0.054578975 0.08357271 0.3539813 0.5897995 0.69777524 0.5493689 0.7198462 0.9134798
0.14143236 0.17697266 -0.15251186 -0.27112395 -0.09053915 0.031018935 0.076364055 0.15320322 0.14162718 0.11514721 0.18057606 0.1745727 0.12216953 0.17399931 0.14437263 0.12918557 0.14084572 0.08149747 0.054751243 0.14762431 0.3090883 0.51061213 0.73264056 0.90981793 0.97010094 0.9881418 1.0589865 1.0557119 0.99421406 1.0535606 0.9586617 0.89213467 0.7976505 0.76099324 0.6133859 0.4725493 0.51998913 0.36295804 0.17819643 0.058199953 0.033123013 -0.026713094 0.045582637 0.114692256 0.16186084 -0.15183797 -0.2720763 -0.15133823 -0.17678687 -0.095460795 0.0059713265 0.06817497 0.32795376 0.6907392 0.972542 1.0710639 1.1156387 0.857482
0.07264611 -0.09654992 -0.15031 -0.13128856 -0.11541685 0.0010449465 0.12557869 0.2260634 0.18021676 0.14945126 0.09565456 0.10003903 0.1669749 0.14687745 0.06803374 0.015434204 0.024733972 -0.0050089965 0.11185525 0.21393743 0.36494973 0.6101223 0.69367963 0.7194028 0.77100736 0.8477565 0.9306722 1.0017356 1.074617 1.3345273 1.2990736 1.2476887 1.135673 0.98098326 0.9723783 0.7043658 0.5793369 0.38436756 0.2576499 0.298582 0.27703446 0.21017924 0.16394722 0.21767375 0.24359263 0.24911533 -0.12486971 -0.12984173 -0.05932283 0.1305416 0.18515493 0.16517904 0.25654852 0.5315957 0.77446306 0.90159774 0.7824267 0.5618042
0.087077245 -0.019328913 -0.1068859 0.032535665 0.1504383 0.09213564 0.26253027 0.12733695 0.2550481 0.17103975 0.1025155 0.12616897 0.1374934 0.098168395 0.07046106 -0.020556873 0.051737666 0.08440112 0.15759678 0.24159655 0.41499677 0.4577585 0.4798704 0.53176403 0.52928764 0.5011105 0.5245867 0.6482702 0.9161176 0.9206773 0.71476096 0.72185177 0.69751084 0.5675679 0.4072543 0.37623185 0.36817914 0.28738478 0.24200039 0.2826152 0.32033178 0.30208805 0.29089916 0.29820827 0.32242903 0.30908385 0.32072288 0.1893537 0.12935548 0.12707408 0.2168811 0.3772834 0.4732447 0.4858027 0.5088822 0.521738 0.46305957 0.43390086
0.14602412 0.102426566 0.10937703 0.11500483 0.07009082 0.17224757 0.059457026 0.2635848 0.33830646 0.29002756 0.18457627 0.14046831 0.10523206 0.06915477 0.10117626 0.12624693 0.1889619 0.17877758 0.14422493 0.2892788 0.34325975 0.3444965 0.36482093 0.3743251 0.29841763 0.17570177 0.18314822 0.33461216 0.092866294 0.2650739 0.3346634 0.365046 0.48858133 0.46991992 0.42942375 0.37200525 0.293764 0.29121006 0.33327734 0.37542522 0.3791575 0.3529084 0.34024003 0.28821367 0.30632338 0.32265547 0.2559985 0.2093492 0.1701905 0.15682222 0.18991531 0.23887227 0.3517268 0.5051438 0.5154729 0.4328489 0.3814002 0.1857048
0.1557441 0.22504617 0.24694099 0.25400722 0.46966144 0.20003617 0.38989916 0.23558313 0.21482962 0.2763082 0.14482751 0.1365308 0.04721791 0.04115284 0.06444519 0.062082075 0.055191237 -0.017016621 0.1719545 0.35756844 0.36312127 0.33277744 0.2878549 0.2163319 0.16346292 0.1588247 0.14339226 0.19972226 0.2809301 0.28012297 0.33231544 0.262463 0.11888157 0.13072328 0.22447099 0.2045057 0.29091957 0.3675187 0.34842652 0.30172953 0.26782715 0.24092679 0.19530715 0.16579352 0.19915037 0.31613365 0.29641384 0.21105014 0.10791236 0.09664489 0.11885341 0.16498 0.17127924 0.19278027 0.21513896 0.18600756 0.051295247 0.009755556
0.45948932 0.32434767 0.41776377 0.375001 0.28404775 0.2943495 0.18672487 0.11477609 0.12463151 0.14719559 0.12228955 0.052541092 -0.086483374 0.10913684 0.086686596 0.014263229 -0.040569365 0.11352883 0.4109987 0.43964428 0.45274353 0.3029677 0.24164173 0.1299221 -0.0857514 -0.1733432 -0.08060218 0.021114342 -0.18329003 0.06433617 -0.05913897 -0.14513448 -0.15532847 -0.02830638 0.14511822 0.2693797 0.2982403 0.3710891 0.43879902 0.47781467 0.45169222 0.34572685 0.24056822 0.1186728 0.10705955 0.24347487 0.2619017 0.15792401 0.054927345 -0.03148314 -0.034219693 -0.06276691 -0.058395743 -0.03575471 -0.039622445 -0.061462738 -0.13705161 0.0078883935
0.66400176 1.0240906 0.5091732 0.51626104 0.7480477 0.31915975 0.18629143 0.09152686 0.051623452 0.1844654 0.17456506 0.01182536 -0.016928317 0.13040523 0.12312203 0.05624983 0.17036532 0.45821306 0.59931374 0.6018678 0.40505207 0.31814417 0.25337717 0.16214801 -0.057223827 -0.17654632 -0.056792177 -32767.0 -0.09933411 -0.18279073 -0.23087649 0.021678062 0.092990644 0.13896248 0.17322016 0.26083353 0.3861674 0.5000462 0.5747768 0.5238984 0.55019236 0.4978672 0.32815683 0.17334457 0.03876322 0.020265073 0.11203194 -0.020922229 -0.14994921 -0.25132826 -0.2185283 -0.15624672 -0.17108957 -0.1674031 -0.18391353 -0.20082535 -0.09397128 0.08016153
0.45179117 0.545994 0.75343424 0.5833684 0.4169391 0.27175507 0.17863725 0.19651091 0.2835494 0.37509948 0.28926063 0.19724026 0.08359389 0.13210113 0.13997202 0.30450726 0.5266364 0.7227852 0.71863 0.52149993 0.3646739 0.304216 0.27573097 0.16268878 0.21472733 0.073246635 -0.11273566 -0.09611626 -0.2605368 -0.03584193 0.092282176 0.20742291 0.12510782 0.14937511 0.16409446 0.2855628 0.43078607 0.43826693 0.42818227 0.39519382 0.36026236 0.34258246 0.29206812 0.14595701 -0.057930537 -0.0682991 -0.052409817 -0.21288985 -0.37941027 -0.362402 -0.37844023 -0.46994025 -0.3786515 -0.27653447 -0.1900428 0.021917718 0.18647455 0.17204963
0.22495247 0.3568778 0.35742792 0.38214967 0.29999265 0.32985252 0.2595629 0.19940576 0.26480788 0.31291002 0.30571803 0.3107356 0.23596461 0.22171709 0.2893013 0.47751996 0.7369319 0.6792065 0.547216 0.37488464 0.3366531 0.32142767 0.21630915 0.08731811 0.005593759 -0.0055707535 -32767.0 -0.23123582 -0.051479705 0.12704091 0.17713696 0.089193664 0.12991586 0.16056028 0.20060351 0.30083135 0.2427386 0.23896609 0.245043 0.2170542 0.13472149 0.11401607 0.09529283 -0.0068497984 -0.14952153 -0.117753334 -0.303971 -0.48053083 -0.4893598 -0.40501577 -0.32726988 -0.19985357 -0.053417932 0.066301726 0.15437369 0.25548476 0.19690065 0.15241162
0.36655754 0.26033035 0.2437733 0.19119346 0.23775496 0.29469112 0.2423567 0.22363202 0.27174684 0.2423331 0.26585776 0.22084014 0.20898353 0.2255323 0.44650462 0.60549074 0.5940238 0.51433516 0.3438256 0.3516195 0.3601267 0.22446877 0.14199303 0.040053524 -0.006007874 0.009901971 -0.2998939 -0.09377423 0.11132076 0.09893946 0.0016836595 0.087627314 0.14858554 0.16663352 0.20085801 0.12740612 0.1230897 0.017296828 0.01996509 -0.09342287 -0.07502703 -0.055945337 -0.15780766 -0.20603572 -0.16886076 -0.33738184 -0.5140407 -0.6031157 -0.4174135 -0.19004524 -0.094900444 -0.099041216 -0.047134135 0.036819227 0.096108615 0.1357687 0.05914574 -0.015633307
0.39418888 0.13392688 0.21080866 0.20036349 0.15579739 0.17152561 0.1880553 0.2924062 0.20482144 0.14706127 0.11859582 0.09073337 0.06303613 0.26702142 0.34385702 0.3443159 0.43702924 0.33384058 0.30721962 0.3319814 0.19734246 0.11095191 0.092794746 0.083939075 0.08731219 -0.038110293 -0.049704555 0.014070971 0.09791059 -0.021491641 0.026905255 0.1183113 0.16341522 0.17796299 0.12126542 0.028175823 0.022685893 -0.1360563 -0.19102746 -0.2932763 -0.26815882 -0.30875003 -0.25457004 -0.2813337 -0.39895734 -0.56544423 -0.65163004 -0.41787982 -0.2297869 -0.20161286 -0.20972314 -0.09881693 -0.010741277 -0.011527959 0.11194152 0.15203513 0.0045287623 -0.16229711
