static/data/seaWater_uo/2023/7/9/18.asc
ncols 137
nrows 93
xllcorner 108.0
yllcorner 17.0
cellsize 0.25
NODATA_value -32767
[rows 0 to 25 of 93, columns 58 to 115 of 137]
-32767.0 -32767.0 -32767.0 -32767.0 -32767.0 -32767.0 -32767.0 -32767.0 -32767.0 -32767.0 -32767.0 -32767.0 -32767.0 -32767.0 -32767.0 -32767.0 -32767.0 -32767.0 -32767.0 -32767.0 -32767.0 -32767.0 -0.06435105 -0.06224064 -0.39842293 -0.26705474 -0.1016699 -0.13447574 -0.13690065 -0.024116086 -0.055823497 0.0267649 0.076163344 0.009886558 0.1442112 0.30006552 0.39367762 0.13342997 -0.10743666 -0.18713811 -0.12093103 0.10972059 0.22920729 0.37228984 0.3412418 0.11291455 0.19232267 0.034511253 0.065163076 0.20994511 0.2276469 0.32334298 0.4737216 0.5718207 0.38744983 0.45473215 0.47138423 0.57614917
-32767.0 -32767.0 -32767.0 -0.043237127 -0.054323558 -0.025501594 -0.02725827 -0.016771728 -0.005473979 0.025137883 -32767.0 -32767.0 -32767.0 -32767.0 -32767.0 -32767.0 -32767.0 -32767.0 -32767.0 -32767.0 -32767.0 -0.22736566 -0.20554411 -0.40101692 -0.20507534 -0.07777753 0.11126235 0.124784596 0.030122818 -0.04895539 0.0059011555 0.13900475 0.14814283 0.108496174 0.031410888 0.18910648 0.18236765 -0.10050044 -0.21409798 -0.27803427 -0.32396337 -0.17891848 -0.08616232 0.0693804 0.07254245 -0.06915441 -0.21569106 -0.077514715 0.13710652 0.13025354 0.2114159 0.2929593 0.34627786 0.3221578 0.32815975 0.29883742 0.37816662 0.43256497
-32767.0 -0.058117345 -32767.0 -0.10218753 -0.15689047 -0.124131195 -0.092771016 -0.079577476 0.0222272 0.036368657 0.031168109 -0.03783586 -32767.0 -32767.0 -32767.0 -32767.0 -32767.0 -32767.0 -32767.0 -32767.0 -32767.0 -0.2388333 -0.09485242 -0.09555073 -0.033646416 0.032446947 0.27391148 0.2519709 0.3007744 0.30538487 0.34822625 0.3863118 0.29417655 0.1433126 0.112432346 0.29409805 0.34222218 0.11705252 0.08580687 0.029384954 0.2268865 0.33559275 0.19255579 0.14402778 0.09280835 -0.09329968 0.11033353 0.16873191 0.10147197 0.24577023 0.34827483 0.2934844 0.34188926 -0.022440154 -0.013964925 0.07586822 0.15394184 0.19679691
-0.020768998 -32767.0 -0.12240332 -0.19955625 -0.0800816 -0.15722145 -0.12123812 -0.109656796 -0.024447015 0.022513889 0.0748965 -0.052029695 -32767.0 -32767.0 -32767.0 -32767.0 -32767.0 -32767.0 -32767.0 -32767.0 0.08738304 -0.08353726 -0.15498114 -0.070613965 0.16507298 0.2452452 0.12548153 0.23339808 0.25211176 0.36060444 0.40834162 0.3990659 0.36237347 0.22883451 0.23052765 0.35664907 0.5278057 0.523404 0.34965217 0.41797712 0.50713456 0.40762848 0.33715057 0.27091944 0.07701512 -0.07404952 0.11088475 -0.024163626 -0.04802673 -0.086708196 0.09275669 0.14414467 0.33699912 -0.069717474 -0.088239506 0.028030053 -0.013788706 -0.09862103
-0.05740143 -32767.0 -0.06451178 -0.1516216 -0.057796437 -0.050278164 -0.14589232 -0.0986118 -0.01763513 0.033449724 0.024156405 -32767.0 -32767.0 -32767.0 -32767.0 -32767.0 -32767.0 -32767.0 -32767.0 -32767.0 -32767.0 -32767.0 0.016367536 -0.077763446 0.024490152 0.020513296 0.0040757935 -0.20703134 -0.06369183 0.09925048 0.22933525 0.31299832 0.3808178 0.35627863 0.40017375 0.53444344 0.754088 0.79950225 0.7699957 0.5809873 0.2811789 0.31533173 0.26355076 0.21883684 0.05611655 -0.10680537 -0.027077569 -0.12571217 -0.20013116 -0.33692622 -0.0990765 0.195341 0.21579379 0.08142914 0.019855382 0.12992917 -0.030733764 0.0012467031
-0.010531463 -0.022174546 -0.029757353 0.027179994 0.056748785 -0.031643912 -0.11630181 -0.10819376 -0.12740904 -0.07306091 0.04739379 -32767.0 -32767.0 -32767.0 -32767.0 -32767.0 -32767.0 -32767.0 -32767.0 -32767.0 -32767.0 -32767.0 -32767.0 0.18511516 0.07073176 -0.044965073 -0.016513769 -0.30304295 -0.13275377 0.009818216 -0.04495787 -0.0039033655 0.026441043 0.24283952 0.34111083 0.36615938 0.31995654 0.35358918 0.4167653 0.22486442 0.14639293 0.2427345 0.21517123 -0.09478921 -0.23999926 -0.29210258 -0.1897901 -0.05398319 0.2061516 0.06973109 -0.041848157 0.21072069 0.2157159 0.17955256 0.010764167 -0.088547796 -0.09158412 -0.07302003
-0.14234832 -0.1307877 -0.10651568 -0.079024255 -0.09788332 -0.028908549 -0.04493346 -0.11943199 -0.037347678 0.040062953 0.04894435 -32767.0 -32767.0 -32767.0 -32767.0 -32767.0 -32767.0 -32767.0 -32767.0 -32767.0 -32767.0 -32767.0 -32767.0 -32767.0 0.11187037 0.059646115 -0.15414436 -0.2968055 -0.2880404 0.056713924 -0.20696276 -0.17115666 -0.105265565 -0.06106609 -0.005465723 -0.07961944 0.02124709 0.14123558 0.051747315 -0.063497186 0.07480351 0.116025195 -0.18022235 -0.5176666 -0.46213973 0.0065478203 0.45297462 0.5858387 0.7616609 0.5910109 0.20899482 0.15787664 0.099718586 0.0719884 0.15595627 0.17858452 0.33481938 0.24503559
-0.07764346 -0.03964565 -0.028596463 -0.04569515 0.020728525 0.013619952 0.011843866 0.009288919 0.14994316 0.08077588 -32767.0 -32767.0 -32767.0 -32767.0 -32767.0 -32767.0 -32767.0 -32767.0 -32767.0 -32767.0 -32767.0 -32767.0 -32767.0 -32767.0 -32767.0 0.020534009 -0.033523086 -0.18112858 -0.1210969 0.07679887 -0.12258259 -0.16254117 -0.17392719 -0.2564609 -0.13660134 -0.16203001 -0.15944375 -0.05363578 -0.025889117 -0.083562285 0.054677892 0.016748875 -0.2223671 -0.030694993 0.36816818 0.4337473 0.5479082 0.56711155 0.5129354 0.27943447 0.1416335 -0.0011603413 0.009376683 -0.07932735 0.22749563 0.6479551 0.5280915 0.4560939
0.04523782 0.097146004 0.083083175 0.092258215 0.1768409 0.15611787 0.10737596 0.17085178 0.25395513 -32767.0 -0.04675764 -32767.0 -32767.0 -32767.0 -32767.0 -32767.0 -32767.0 -32767.0 -32767.0 -32767.0 -32767.0 -32767.0 -32767.0 -32767.0 -32767.0 0.20406738 0.17142391 -0.054429874 0.057099707 0.31417388 -0.031166058 -0.225345 -0.0887972 -0.04413975 0.060405396 0.18113172 0.0122049 0.04910781 -0.015117404 0.00854766 -0.07048109 0.05619935 0.33001283 0.49273333 0.42440233 0.41496286 0.43932474 0.34831762 0.38823926 0.25211993 0.074473895 -0.09424294 -0.06875817 0.06633705 0.2778919 0.37915266 0.2601396 0.2473191
0.0971914 0.16950509 0.16429377 0.16526675 0.17461653 0.15840803 0.11932723 0.19322291 0.16905916 0.017326444 -0.17469294 -0.15628281 -0.18961437 -0.11198344 -0.06034779 -0.029066298 -32767.0 -32767.0 -32767.0 -32767.0 -32767.0 -32767.0 -32767.0 -32767.0 -32767.0 -32767.0 0.3081535 0.014734286 -0.20271286 0.28407902 0.17272782 -0.20700084 -0.23272224 0.013686976 0.18991448 0.19528894 0.11813 0.11681874 0.002959423 -0.13447496 -0.22112852 -0.09910732 0.19392177 0.409509 0.42968473 0.37495467 0.26461986 0.18371741 0.032594904 -0.07106818 -0.018899536 0.21180348 0.35634965 0.44436318 0.5572669 0.47495112 0.32090187 0.33836493
0.40295863 0.3485145 0.3977779 0.21190286 0.13173611 0.080998234 0.05996809 0.18939872 0.33216807 0.30883843 0.104118854 -0.009667203 -0.034377825 -0.050759986 -0.045147125 -0.02236827 -32767.0 -32767.0 -32767.0 -32767.0 -32767.0 -32767.0 -32767.0 -32767.0 -32767.0 -32767.0 -32767.0 0.043072518 -0.23364517 0.09566918 0.224623 0.0105230175 -0.1801497 -0.061237168 0.1400154 0.30422735 0.19955619 -0.042052943 -0.04470184 0.018073756 -0.055636153 0.0041243574 0.18247952 0.40720642 0.41099146 0.18866901 -0.010103505 -0.15697794 -0.15209937 -0.1699661 0.048578106 0.2780461 0.3094781 0.3533248 0.42873386 0.47826308 0.43939736 0.62027705
-32767.0 0.07409834 0.18989807 0.24465372 0.14147043 0.12780328 0.17644784 0.3006737 0.37876582 0.33039024 0.3606589 0.14700784 -0.08611413 -0.008712343 -0.029356938 -0.0015475759 0.10087713 0.036319125 -32767.0 -32767.0 -32767.0 -32767.0 -32767.0 -32767.0 -32767.0 -32767.0 -32767.0 -32767.0 -0.061318 0.16682038 0.17370288 0.26859713 0.44804496 0.298149 0.20962447 0.31048614 0.15660171 0.07941796 0.02141271 0.11160671 0.27228242 0.36813638 0.2058597 0.3948545 0.42679918 0.23545882 -0.028046148 -0.05333081 0.072798364 0.089609 0.16242369 0.14705467 0.17766172 0.29361543 0.4058238 0.7228389 0.610618 -32767.0
-32767.0 0.05413885 0.15113962 0.1375986 0.1003979 0.14552745 0.21835165 0.3510025 0.4402551 0.42249125 0.43224743 0.32186407 0.15530586 0.039734807 0.109171726 0.09074783 -32767.0 -0.031458642 -32767.0 -32767.0 -32767.0 -32767.0 -32767.0 -32767.0 -32767.0 -32767.0 -32767.0 -32767.0 0.006300397 0.22080159 0.1397077 0.06615484 0.13644005 0.2694234 0.22432047 0.29117015 0.38148418 0.20012565 0.20120057 0.2105908 0.20343861 0.21558495 0.15622939 0.39171955 0.37172434 0.14440377 -0.17204502 -0.0074264137 0.16109121 0.23058604 0.27190465 0.19631813 0.1451805 0.112920865 0.074840315 0.15046486 0.3847444 -32767.0
0.18322259 0.23730265 0.1526386 0.18689568 0.21713327 0.20552313 0.22882152 0.26662156 0.3039409 0.32617262 0.34499162 0.2067861 0.15734462 0.10156492 -0.028046511 -32767.0 -32767.0 -32767.0 -32767.0 -32767.0 -32767.0 -32767.0 -32767.0 -32767.0 -32767.0 -32767.0 -32767.0 -32767.0 0.036826115 0.10788101 0.18074825 0.07487382 0.07237691 0.075053886 0.15524967 0.30289054 0.35869414 0.29341403 0.22129026 0.26481444 0.20940877 0.20595546 0.23482914 0.08121516 0.3339934 0.35088044 0.27710825 0.28026968 0.38732368 0.4759579 0.40543514 0.3864804 0.305328 0.24297339 0.14794001 0.16558583 0.103941545 0.14850879
0.13106713 0.13665594 0.17019235 0.14860503 0.21086305 0.25122884 0.35980603 0.29808772 0.21586986 0.24103607 0.2492834 0.21494141 0.17739435 0.13175721 -0.0034644117 -0.06462334 -32767.0 -32767.0 -32767.0 -32767.0 -32767.0 -32767.0 -32767.0 -32767.0 -32767.0 -32767.0 -32767.0 -32767.0 0.03826386 -0.057324976 0.20919055 0.20695493 0.036348503 0.15949272 0.306493 0.31425306 0.23085265 0.17412056 0.21342002 0.182138 0.060758986 -0.16751629 0.17413454 0.16475974 0.07150789 0.29203567 0.2583948 0.3107476 0.5705118 0.5626679 0.45991656 0.38685012 0.44738528 0.66578025 0.5614931 0.44841293 0.19734228 -32767.0
0.14436577 0.2521089 0.25810495 0.2141745 0.19606301 0.24475314 0.23419937 0.29480338 0.23293398 0.12990022 0.087110594 0.113028236 0.1393718 0.08366792 -0.025286155 -0.1305414 -0.019475553 -32767.0 -32767.0 -32767.0 -32767.0 -32767.0 -32767.0 -32767.0 -32767.0 -32767.0 -32767.0 -32767.0 0.098196074 0.17283572 0.1768286 -0.060160566 -0.06606533 0.023881286 0.053693652 0.02721411 0.07298484 0.109898575 0.20292367 0.24352892 0.2560228 0.1214548 0.20260225 -32767.0 0.11722462 0.19221821 0.17121471 0.2028841 0.41584772 0.40217993 0.24848297 0.07639458 -0.068677545 0.37130657 0.37939525 -32767.0 -32767.0 -32767.0
0.12136234 0.23000048 0.20876083 0.19400832 0.24792603 0.25367984 0.31491238 0.24109909 0.14395434 0.113247454 -0.0031503085 -0.014975892 0.004771961 0.033651005 0.093120724 -0.025510931 0.016432317 -32767.0 -32767.0 -32767.0 -32767.0 -32767.0 -32767.0 -32767.0 -32767.0 -32767.0 -32767.0 -32767.0 -32767.0 0.24917151 0.2947649 0.0020437175 0.0141740795 0.037249617 -0.06846177 -0.00445775 0.024464214 0.08728979 0.13324575 0.3825495 0.47572768 0.24133897 0.27736047 0.02694211 0.12192726 0.058692526 0.31159124 0.00763019 -0.1387263 0.3432901 0.64328194 0.5098285 0.38283643 0.29041436 0.27445954 -32767.0 -32767.0 -32767.0
0.11038335 0.12254524 0.22912611 0.3129801 0.3475002 0.3286711 0.23342939 0.19920813 0.17811702 0.17168167 0.077097796 -0.08614823 -0.0907379 0.096648544 0.08209012 0.047716547 0.028457751 -0.0031146724 -32767.0 -32767.0 -32767.0 -32767.0 -32767.0 -32767.0 -32767.0 -32767.0 -32767.0 -32767.0 0.15528797 0.35266215 0.32547984 0.29254562 0.20511386 0.16558345 0.10207329 0.08534141 0.15278396 0.2181524 0.0693195 0.0151218325 0.124158144 0.35220608 0.45795062 0.5543121 0.58792347 0.5902175 0.6304455 0.77638483 0.9677472 0.4342309 0.41910866 -32767.0 0.22807474 0.14751703 0.08930516 -32767.0 -32767.0 -32767.0
0.10687427 0.12722804 0.22960572 0.25314486 0.29977 0.32722554 0.2628718 0.21366516 0.265731 0.18951559 0.18046385 0.15003277 0.11322204 0.16914597 -0.021942547 0.06874883 0.03603824 -32767.0 -32767.0 -32767.0 -32767.0 -32767.0 -32767.0 -32767.0 -32767.0 -32767.0 -32767.0 -32767.0 0.3396692 0.22012062 0.060310937 -0.014238693 -0.038064796 0.036314663 0.13023552 0.086641856 0.11276341 0.28561613 0.17269984 -0.07784977 0.2267444 0.5294793 -32767.0 -32767.0 0.16563487 0.03497527 -32767.0 -32767.0 -32767.0 -32767.0 -32767.0 -32767.0 -32767.0 -32767.0 -32767.0 -32767.0 -32767.0 -32767.0
0.053369768 0.0850708 0.17582932 0.18987592 0.09773248 0.12124466 0.1396488 0.13150755 0.17220932 0.16964613 0.16598281 0.13167723 0.02169811 -0.08049912 0.0010286293 0.0069522504 -32767.0 -32767.0 -32767.0 -32767.0 -32767.0 -32767.0 -32767.0 -32767.0 -32767.0 -32767.0 -32767.0 0.37622467 0.45344734 0.20947967 -0.02491335 -0.07995888 -0.112802014 -0.06239334 0.084308244 0.17247225 0.050339695 0.21299109 0.27300328 0.30657864 0.3995896 -32767.0 -32767.0 -32767.0 -32767.0 -32767.0 -32767.0 -32767.0 -32767.0 -32767.0 -32767.0 -32767.0 -32767.0 -32767.0 -32767.0 -32767.0 -32767.0 -32767.0
0.10208183 0.084031254 0.06585177 0.04217823 0.11866677 0.16294685 0.13778205 0.112162225 0.045375135 0.112110354 0.1064681 0.15526804 0.073615454 -0.12884866 -0.011121858 -0.0025046307 -32767.0 -32767.0 -32767.0 -32767.0 -32767.0 -32767.0 -32767.0 -32767.0 0.16739877 0.1523404 0.31869188 0.41500494 0.42784745 0.08446642 -0.04348053 -0.07378827 -0.1886494 0.00536823 0.23649603 0.4711842 0.5085106 0.36504808 0.360389 -32767.0 -32767.0 -32767.0 -32767.0 -32767.0 -32767.0 -32767.0 -32767.0 -32767.0 -32767.0 -32767.0 -32767.0 -32767.0 -32767.0 -32767.0 -32767.0 -32767.0 -32767.0 -0.03273732
0.18081072 0.20334266 0.16947982 0.13952346 0.18256001 0.2696312 0.25965983 0.17173919 0.08689945 0.03980841 0.106436975 0.09773323 0.11302586 -0.0041976753 0.03696688 -0.010048042 -32767.0 -32767.0 -32767.0 -32767.0 0.07620694 0.010372236 0.0672793 0.20246524 0.20097607 0.28990373 0.2742423 0.46832573 0.09047 -0.1976069 -0.13285394 0.08025076 0.25110003 0.31445736 0.21993023 0.25234324 0.34137172 0.2774321 -32767.0 -32767.0 -32767.0 -32767.0 -32767.0 -32767.0 -32767.0 -32767.0 -32767.0 -32767.0 -0.091309465 -0.10149286 -32767.0 -32767.0 -32767.0 -32767.0 -32767.0 -32767.0 -32767.0 -0.14638942
0.25738743 0.24869142 0.3367104 0.37388095 0.32872766 0.3710124 0.34169877 0.2221006 0.24623181 0.29797307 0.23926055 0.17037551 0.05186336 0.20206845 -0.007948138 -32767.0 -0.08267116 -32767.0 0.0055274623 -32767.0 0.08547846 -32767.0 0.026533628 0.053094298 0.048359804 0.11350969 0.29315096 0.32105368 0.0297767 0.024919096 0.27190256 0.3602352 0.25138053 0.31794396 0.4490634 0.1324717 -32767.0 -32767.0 -32767.0 -32767.0 -32767.0 -32767.0 -32767.0 -32767.0 0.10567206 0.066446714 0.098657876 0.061401065 -0.07881389 -0.025185384 -0.07107548 0.110365696 -32767.0 -32767.0 -32767.0 -32767.0 -32767.0 0.08881221
0.31127775 0.37252486 0.31734625 0.31016287 0.36692274 0.43388274 0.4672952 0.41167158 0.35926017 0.35809135 0.2383833 0.17822 0.079859525 0.078277916 0.15456876 0.3590633 0.3583317 0.38534623 0.38457173 0.11770299 0.03902934 -0.102164805 -0.00031580357 0.052199934 0.18959296 0.25274694 0.27232343 -32767.0 0.16430414 0.6362202 0.67430943 0.55588144 0.29214573 0.17919654 -32767.0 -32767.0 -32767.0 -32767.0 -32767.0 -0.05419504 -0.018375808 0.0044193063 0.19518729 0.12624463 0.15529257 0.15078221 -32767.0 -32767.0 0.1690987 0.08992477 0.07707599 -32767.0 -32767.0 -32767.0 -32767.0 -32767.0 0.18478997 0.79659146
0.30357388 0.38728577 0.34014693 0.29840335 0.3394937 0.39075142 0.3833554 0.32873958 0.35907912 0.24255496 0.12067194 -0.01710022 0.0375918 0.015009427 -0.02077455 0.116765484 0.43555698 0.40837798 0.28892773 0.2868758 0.3902792 0.21916059 0.18312445 0.16715074 0.1463 0.13521627 0.14744109 0.42476982 0.5598305 0.56398076 0.3415123 0.17887732 0.2682947 0.17539217 0.016818888 -32767.0 -0.09464198 -0.084587954 -32767.0 -0.049679246 0.006750383 0.019155867 -32767.0 -0.034813404 -0.02896782 -32767.0 -32767.0 -32767.0 -32767.0 0.031969167 -0.14789554 -32767.0 -32767.0 -32767.0 -32767.0 0.25017163 0.46944943 0.3882536
0.22666131 0.350559 0.44843662 0.49713138 0.45313892 0.29390284 0.24932347 0.18302917 0.22188485 0.1584084 0.18971443 0.10170792 0.04217068 -0.0572562 -0.09166411 0.028487338 0.24898311 0.2784975 0.15203805 0.06282038 0.11436109 0.21902479 0.28002518 0.31111646 0.24708463 0.2327033 0.30438673 0.31008223 0.26098144 -32767.0 0.23538369 0.21448764 -32767.0 -32767.0 -0.0034590599 -0.15470237 -0.09055869 -0.35643378 -0.3078925 -0.060862023 -0.11325146 -32767.0 -32767.0 -32767.0 -32767.0 -32767.0 -32767.0 -32767.0 -32767.0 0.018922905 0.2008284 0.2763285 -32767.0 -32767.0 0.009467877 0.2008716 0.0042972267 0.07520761
