static/data/seaWater_uo/2023/7/9/6.asc
ncols 137
nrows 93
xllcorner 108.0
yllcorner 17.0
cellsize 0.25
NODATA_value -32767
[rows 0 to 25 of 93, columns 58 to 115 of 137]
-32767.0 -32767.0 -32767.0 -32767.0 -32767.0 -32767.0 -32767.0 -32767.0 -32767.0 -32767.0 -32767.0 -32767.0 -32767.0 -32767.0 -32767.0 -32767.0 -32767.0 -32767.0 -32767.0 -32767.0 -32767.0 -32767.0 -0.015622368 -0.2893455 -0.21290685 0.06892086 0.29766282 0.4224818 0.5422744 0.3299036 0.28760916 0.18873692 -0.0017144158 0.2854196 0.47458762 0.3817926 0.27737665 0.42371982 0.26308766 0.29931453 0.26729265 0.30406755 0.41087437 0.5859367 0.49188614 0.20723914 -0.38104412 -0.15341099 -0.008311857 -0.048963718 0.22394513 0.3776781 0.29555517 0.23270118 0.32431766 0.27361366 0.18875876 0.09512039
-32767.0 -32767.0 -32767.0 -0.048022952 -0.09210286 -0.08620773 -0.08207464 -0.06429827 -0.038408175 0.011671002 -32767.0 -32767.0 -32767.0 -32767.0 -32767.0 -32767.0 -32767.0 -32767.0 -32767.0 -32767.0 -32767.0 -0.12925518 -0.17966531 -0.08822124 0.036063895 0.034549195 0.07930438 0.1698602 0.26332924 0.26370075 0.31212848 0.21630594 0.28467765 0.38986784 0.44438413 0.41146764 -0.0083079 -0.10206626 -0.21148455 -0.2702244 -0.31411552 -0.1622877 0.04681932 0.120581806 0.20294696 0.03907144 -0.1279151 -0.13136663 0.041243136 0.15789223 0.4575403 0.36326537 0.116567805 -0.046455756 0.01748084 -0.16721214 -0.2850612 -0.28264937
-32767.0 -0.05981292 -32767.0 -0.04275016 -0.11885512 -0.060707517 -0.066632636 -0.072663985 -0.07936425 -0.049059644 0.008509295 0.103168935 -32767.0 -32767.0 -32767.0 -32767.0 -32767.0 -32767.0 -32767.0 -32767.0 -32767.0 0.080694035 0.004369624 0.23893456 0.08317108 -0.06162347 0.1399876 0.25031012 0.37684304 0.57159096 0.6573788 0.6232053 0.49492404 0.40024656 0.3267997 0.23175284 -0.06505343 -0.2654357 -0.19371842 -0.04903429 0.18313083 0.4010208 0.37205738 0.10193235 0.077671334 0.27182338 0.21997635 0.2861048 0.4025658 0.4414529 0.32072392 0.1866906 0.0069962908 0.03502934 -0.35870752 -0.42465356 -0.38267672 -0.40848127
-0.06270748 -32767.0 -0.09870949 0.034243334 0.042037357 0.06379059 -0.075019956 -0.0895496 0.063331015 0.03703304 0.025251621 0.09789419 -32767.0 -32767.0 -32767.0 -32767.0 -32767.0 -32767.0 -32767.0 -32767.0 -0.052937936 0.06563144 0.12365856 0.21783447 0.019635227 0.022812419 0.12287505 0.31013885 0.5062291 0.46989822 0.5006857 0.36371097 0.526069 0.55898285 0.43832347 0.090863094 0.019810766 -0.062399484 -0.17507264 0.14336036 0.40443996 0.52660227 0.42911288 0.12153375 0.046802692 0.23712751 0.13816455 0.25431192 0.20651999 0.22871518 0.04559716 -0.06788156 -0.06725971 0.11647206 -0.18114737 -0.28303763 -0.39834133 -0.30915278
0.0327747 -32767.0 -0.07088715 -0.025279095 0.01969171 0.15644467 0.24657133 0.13316303 0.029039497 0.13186887 0.14040908 -32767.0 -32767.0 -32767.0 -32767.0 -32767.0 -32767.0 -32767.0 -32767.0 -32767.0 -32767.0 -32767.0 0.1830256 0.15790439 -0.04054176 -0.12373691 -0.22158945 0.16528337 0.31551442 0.36870223 0.59753 0.6899629 0.626497 0.514463 0.79288274 0.5954168 0.33727324 0.240093 0.24635427 0.3523414 0.38695 0.19176471 0.10458352 0.04337588 -0.0923573 0.10220049 0.13059263 0.06268196 -0.2151599 -0.22990109 -0.0041213995 -0.037665576 -0.14868625 0.20979288 0.23253156 0.2579215 -0.00076288823 -0.04022516
0.12684223 0.14176108 0.14131477 0.20331886 0.25747135 0.26249534 0.21738364 0.15018746 0.14649501 0.09820061 0.02325028 -32767.0 -32767.0 -32767.0 -32767.0 -32767.0 -32767.0 -32767.0 -32767.0 -32767.0 -32767.0 -32767.0 -32767.0 0.3100132 0.1905831 -0.04356749 -0.27497637 -0.21499327 -0.011307096 0.28001988 0.47421408 0.47096944 0.58646804 0.5483404 0.5363842 0.551346 0.5713748 0.4405616 0.3569878 0.4185685 0.09496944 -0.17856131 -0.29671884 -0.28026596 -0.346786 -0.08185516 0.11221553 0.039010745 -0.1915695 -0.21804114 0.25633508 0.07389209 -0.07107502 0.07694759 0.21768062 0.09156639 -0.012104667 -0.044080216
0.26322743 0.20426027 0.19584715 0.13461374 0.100082494 0.15591076 0.10630478 0.1508385 0.27136543 0.17332217 0.05076155 -32767.0 -32767.0 -32767.0 -32767.0 -32767.0 -32767.0 -32767.0 -32767.0 -32767.0 -32767.0 -32767.0 -32767.0 -32767.0 0.097347856 0.050737914 0.060192578 -0.01441666 -0.22167858 0.0067598447 0.30125552 0.32349017 0.3933682 0.48140913 0.37968934 0.29958653 0.15377618 0.15439385 0.19956967 0.1715616 -0.14390156 -0.24647099 -0.35427275 -0.4490979 -0.2541147 -0.012952058 0.27238163 0.5667075 0.4985283 0.5726642 0.4751484 0.21118398 0.041981008 0.09675023 0.26907113 0.06600242 0.092222385 0.2809691
0.15497506 0.06369866 -0.011733739 -0.0390853 -0.0751531 -0.13225394 -0.049142577 0.068449184 0.20886728 0.15581453 -32767.0 -32767.0 -32767.0 -32767.0 -32767.0 -32767.0 -32767.0 -32767.0 -32767.0 -32767.0 -32767.0 -32767.0 -32767.0 -32767.0 -32767.0 0.21381898 0.19455563 0.0813298 0.00030230917 0.05660799 0.1385716 0.38279715 0.34080136 0.27829412 0.092670366 -0.015147146 -0.11828042 -0.07852739 0.025330285 0.022092884 -0.25986868 -0.18723683 -0.23682265 -0.14121954 0.18770823 0.37485573 0.49793193 0.47146627 0.4633314 0.406037 0.31463352 0.12332929 0.07161368 0.20166795 0.25648347 0.34221125 0.46842515 0.5651869
0.0112725 0.0013447963 0.006940255 -0.0050927345 -0.017358433 -0.016237041 -0.080806054 -0.025048727 0.08532482 -32767.0 -0.03511602 -32767.0 -32767.0 -32767.0 -32767.0 -32767.0 -32767.0 -32767.0 -32767.0 -32767.0 -32767.0 -32767.0 -32767.0 -32767.0 -32767.0 0.18461214 0.25899562 0.17069754 0.13931063 0.023809813 0.18480194 0.3510477 0.32288355 0.2511021 0.061850537 0.09076055 -0.011234606 -0.16308309 -0.13788922 -0.15013471 -0.22666709 -0.055997442 0.17872168 0.33259448 0.25681955 0.33275926 0.16115198 0.23637494 0.23007059 0.35516837 0.390168 0.010127638 0.0100714415 0.1424854 0.2318766 0.23219745 0.28010488 0.18493125
-0.038789704 -0.108009465 -0.049531486 -0.008109886 0.041064747 -0.03796202 -0.061281443 -0.14075252 -0.2703933 -0.28834513 -0.30346486 -0.18884946 -0.17161283 -0.094725326 -0.091079764 -0.07368366 -32767.0 -32767.0 -32767.0 -32767.0 -32767.0 -32767.0 -32767.0 -32767.0 -32767.0 -32767.0 0.21127266 0.12835766 0.106066 -0.08534086 0.23689127 0.16147545 0.17262629 0.29348364 0.1169544 0.033824667 0.050737813 -0.008107363 -0.13407664 -0.23365626 -0.36491042 -0.13535483 0.14790407 0.29729548 0.33485425 0.09729035 0.21247181 0.28451338 0.32954636 0.28169915 0.07594385 -0.1139149 -0.09698428 0.031590924 0.0980798 -0.045395885 -0.0041755065 0.040276892
0.03028183 -0.09903435 -0.04012365 -0.08892687 0.014731279 -0.16276237 -0.27803737 -0.37220022 -0.27878872 -0.157094 -0.05217525 -0.07564456 -0.03469029 -0.08744532 -0.14454028 -0.16904365 -32767.0 -32767.0 -32767.0 -32767.0 -32767.0 -32767.0 -32767.0 -32767.0 -32767.0 -32767.0 -32767.0 0.09982854 -0.025003329 -0.19114022 0.18887061 0.098505855 -0.05197143 -0.043554083 0.15883544 0.099236876 0.0770824 -0.010504058 -0.1529675 -0.17415884 -0.15996936 -0.051707022 0.15696605 0.06803027 0.021548677 0.028549546 0.18998486 0.14671361 0.20990571 0.10545794 -0.06554143 -0.123770095 -0.17843275 -0.20321947 -0.25166 -0.20322637 -0.12253341 0.16004053
-32767.0 -0.14920162 -0.09345631 0.010101109 0.029074978 -0.06499369 -0.2585702 -0.34336904 -0.34853217 -0.22450702 -0.14786597 -0.08451998 -0.00930798 -0.03743518 -0.12608394 -0.08535208 -0.08470385 0.042144615 -32767.0 -32767.0 -32767.0 -32767.0 -32767.0 -32767.0 -32767.0 -32767.0 -32767.0 -32767.0 0.02488485 -0.18091674 0.12774691 0.18403886 0.4256792 0.2833367 0.13465342 0.18193364 0.10621873 0.002501802 0.043607313 0.0663423 0.10511501 0.048376046 0.032473717 -0.10963044 -0.09473047 -0.018297164 0.16028208 -0.13962077 -0.09357948 0.034656208 -0.07102679 -0.22384888 -0.2874415 -0.34672946 -0.23112087 0.081753254 0.035709474 -32767.0
-32767.0 -0.10786934 -0.052823655 -0.10157251 0.013929177 -0.0018970498 -0.06310682 -0.23564903 -0.24258545 -0.15041716 -0.13596933 -0.08266165 -0.0039870786 -0.040069386 -0.06133118 0.022424132 -32767.0 0.058895264 -32767.0 -32767.0 -32767.0 -32767.0 -32767.0 -32767.0 -32767.0 -32767.0 -32767.0 -32767.0 0.12855807 -0.056455947 0.016048837 0.12343489 0.24265513 0.301533 0.26232767 0.2553685 0.42001125 0.38125086 0.4060542 0.2757508 0.28041938 -0.03520372 -0.11602348 -0.15192471 -0.055460915 -0.06518403 0.04921529 -0.08945638 0.026977886 -0.13061315 -0.31217927 -0.3038675 -0.34498662 -0.28157002 -0.18715605 0.19439498 0.26445022 -32767.0
0.10334344 0.16644181 0.065067634 -0.008455798 -0.055565655 -0.07941774 -0.11209394 -0.096109636 -0.009849213 0.025400326 0.0042596413 0.023248067 0.0015270384 -0.032034677 -0.027090497 -32767.0 -32767.0 -32767.0 -32767.0 -32767.0 -32767.0 -32767.0 -32767.0 -32767.0 -32767.0 -32767.0 -32767.0 -32767.0 0.12474173 -0.045836013 0.0067811077 0.07160228 0.09043827 0.19007163 0.3095024 0.373571 0.37632683 0.47777683 0.5486088 0.46021017 0.24297732 0.0051137675 0.10576815 0.050118133 0.03023179 0.24401033 0.2506141 -0.037724916 -0.15309134 -0.20759986 -0.24874413 -0.26421574 -0.18599963 -0.17861684 -0.16163127 -0.13886441 0.1806035 0.19507965
0.071153544 0.12662058 0.090679705 0.07283963 0.026196554 -0.10510629 -0.2138734 -0.18884633 -0.049124584 0.13250145 0.1195187 0.0395534 0.075452745 0.039902043 0.039836697 -0.08246913 -32767.0 -32767.0 -32767.0 -32767.0 -32767.0 -32767.0 -32767.0 -32767.0 -32767.0 -32767.0 -32767.0 -32767.0 0.05525226 -0.06878632 0.101000085 0.35502747 0.115559414 0.16790833 0.20526803 0.26303864 0.29890686 0.34043232 0.37387276 0.2948265 0.16716248 0.10159783 0.003639372 0.0014111507 -0.14667767 -0.05054778 -0.03072401 -0.17831136 -0.4088153 -0.32225397 -0.34508914 -0.21369341 -0.10524978 0.07180931 0.104301244 0.22135726 0.25502956 -32767.0
0.11478432 0.059716754 0.042883344 0.050327238 0.024500692 -0.011753079 -0.08029217 -0.097381145 -0.00979075 0.04648194 0.049748436 0.11904272 0.09869956 0.07332039 0.035466317 -0.036551904 -0.047620032 -32767.0 -32767.0 -32767.0 -32767.0 -32767.0 -32767.0 -32767.0 -32767.0 -32767.0 -32767.0 -32767.0 0.24088758 0.14267105 0.06609854 0.044861045 0.14647116 0.026997704 -0.05865422 0.024558306 0.06285499 0.15330116 0.26165843 0.32428288 0.20448272 0.36511934 0.07952134 -32767.0 -0.15415692 -0.35870117 -0.3352002 -0.17939505 -0.3102274 -0.43949786 -0.29901084 -0.12915489 0.034746192 0.38371143 0.24562553 -32767.0 -32767.0 -32767.0
0.036070097 -0.008432644 -0.06402673 -0.06828795 -0.016106874 0.021944705 0.008088342 -0.058483697 -0.049387045 -0.006860615 0.06689708 0.14642237 0.105230354 0.02363 0.016640823 -0.0038392574 -0.008595625 -32767.0 -32767.0 -32767.0 -32767.0 -32767.0 -32767.0 -32767.0 -32767.0 -32767.0 -32767.0 -32767.0 -32767.0 0.15076408 0.25936776 0.17717105 0.21279056 -0.040096223 -0.1790015 -0.06129481 0.108291924 0.19211397 0.22266605 0.15567477 0.24579868 0.2624754 0.26476097 0.07350013 0.18285389 0.1914416 0.09018898 -0.1699859 -0.18175066 0.092460796 0.26735637 0.38537037 0.30261365 0.23634195 0.21491425 -32767.0 -32767.0 -32767.0
0.011855783 0.028697422 -0.0071294196 -0.019859942 0.019031577 -0.002252113 -0.007748147 0.04330916 0.006810289 0.0069788075 -0.008095434 0.03245545 0.066160515 -0.07151107 -0.019162506 0.026861561 0.021585394 -0.015200065 -32767.0 -32767.0 -32767.0 -32767.0 -32767.0 -32767.0 -32767.0 -32767.0 -32767.0 -32767.0 0.046734743 0.24562839 0.23998232 0.24543408 0.20799667 0.11887272 0.023414006 0.16254085 0.350171 0.33494914 0.27025115 0.07432111 0.28769478 0.4773338 0.49948603 0.43283105 0.39005166 0.32877055 0.20590569 0.37220153 0.5750284 0.3124643 0.31454375 -32767.0 0.20044884 -0.09528237 0.034151826 -32767.0 -32767.0 -32767.0
0.053074803 0.069652684 0.08512894 0.020619757 0.04746321 0.012929454 -0.02296376 -0.011921746 -0.03468497 -0.031774554 -0.059171762 -0.023225764 0.02341367 -0.08912386 0.02983009 0.086581364 0.058105122 -32767.0 -32767.0 -32767.0 -32767.0 -32767.0 -32767.0 -32767.0 -32767.0 -32767.0 -32767.0 -32767.0 0.4123581 0.3099494 0.051130112 -0.07953271 -0.03670107 0.11285202 0.30694377 0.43661582 0.3967172 0.116407186 0.30882517 0.40375522 0.38994658 0.42091268 -32767.0 -32767.0 0.025782917 -0.10331442 -32767.0 -32767.0 -32767.0 -32767.0 -32767.0 -32767.0 -32767.0 -32767.0 -32767.0 -32767.0 -32767.0 -32767.0
0.095210664 0.1213927 0.16529523 0.18207335 0.14422981 0.055629488 -0.0020991256 -0.042497814 -0.027840497 -0.010944415 -0.010639254 -0.0029479028 0.034873635 0.10723519 0.15362471 0.068489656 -32767.0 -32767.0 -32767.0 -32767.0 -32767.0 -32767.0 -32767.0 -32767.0 -32767.0 -32767.0 -32767.0 0.4194711 0.5222514 0.3873866 0.05439996 -0.035379544 0.38761368 0.49115577 0.5876627 0.5925945 0.4616278 0.15267266 0.26311925 0.33754945 0.29047957 -32767.0 -32767.0 -32767.0 -32767.0 -32767.0 -32767.0 -32767.0 -32767.0 -32767.0 -32767.0 -32767.0 -32767.0 -32767.0 -32767.0 -32767.0 -32767.0 -32767.0
-0.018542694 -0.02425062 -0.016844243 0.02359175 0.03303831 0.020646892 0.0096345665 -0.0029732315 0.04406623 0.009038984 0.07905918 0.03673522 0.049352672 0.22912018 0.042566013 0.042289313 -32767.0 -32767.0 -32767.0 -32767.0 -32767.0 -32767.0 -32767.0 -32767.0 0.21899699 0.13432242 0.5584561 0.6814053 0.6797161 0.32022306 0.22492816 0.3346958 0.38205075 0.41804978 0.45778522 0.58778006 0.4299339 0.2094217 0.016856687 -32767.0 -32767.0 -32767.0 -32767.0 -32767.0 -32767.0 -32767.0 -32767.0 -32767.0 -32767.0 -32767.0 -32767.0 -32767.0 -32767.0 -32767.0 -32767.0 -32767.0 -32767.0 0.032980394
-0.0863936 -0.06677986 -0.08933534 -0.1071428 -0.09281418 -0.09114709 -0.08792284 -0.0019762754 0.013044408 0.033071734 0.13004945 0.19618422 0.20932287 0.14506005 0.048882097 0.02180625 -32767.0 -32767.0 -32767.0 -32767.0 0.038194038 0.15710159 0.12634777 0.18561001 0.17406893 0.46986938 0.41808885 0.4647184 0.17823394 0.17951609 0.27394783 0.46763042 0.56892824 0.52290505 0.33964825 0.0983891 -0.030787116 -0.004137774 -32767.0 -32767.0 -32767.0 -32767.0 -32767.0 -32767.0 -32767.0 -32767.0 -32767.0 -32767.0 -0.15914464 -0.12769063 -32767.0 -32767.0 -32767.0 -32767.0 -32767.0 -32767.0 -32767.0 -0.12757613
-0.1390264 -0.10371705 -0.10964088 -0.15723653 -0.19227661 -0.21343322 -0.21856043 -0.097228974 0.023474954 0.12625532 0.1693538 0.14481646 0.2577953 0.29231238 0.02175266 -32767.0 -0.086608864 -32767.0 0.036092997 -32767.0 0.065234534 -32767.0 0.24205172 0.25384638 0.26741853 0.2878214 0.27617714 0.24716912 -0.011126798 0.1751598 0.2829814 0.47116417 0.5067208 0.4604347 0.31559792 0.022278138 -32767.0 -32767.0 -32767.0 -32767.0 -32767.0 -32767.0 -32767.0 -32767.0 0.0937095 0.06584852 -0.03613469 -0.06532632 -0.05300621 -0.05504344 -0.020273183 0.103467904 -32767.0 -32767.0 -32767.0 -32767.0 -32767.0 0.055755217
-0.10556958 -0.16070788 -0.13351445 -0.11683586 -0.103697926 -0.11957724 -0.13054468 -0.014270613 0.120274186 0.11391513 0.03746335 0.17169309 0.22821742 0.35215342 0.31993696 0.2841773 0.16702223 0.4101103 0.3796467 0.36323276 0.40463912 0.38456073 0.39333737 0.5814904 0.68789303 0.5567655 0.48000202 -32767.0 0.033737127 0.48639613 0.69720495 0.6375214 0.41766235 0.121477254 -32767.0 -32767.0 -32767.0 -32767.0 -32767.0 0.05699972 0.09561609 0.051474843 0.1616062 0.12743744 0.09696003 0.09931235 -32767.0 -32767.0 0.103363425 0.0274182 0.15198809 -32767.0 -32767.0 -32767.0 -32767.0 -32767.0 0.28685555 0.57482076
0.032090526 -0.07172289 -0.12419286 -0.18244399 -0.13645446 -0.12920216 -0.050626423 0.017708337 0.07926118 0.024045017 0.024549274 -0.002705047 0.19282296 0.29855928 0.4904125 0.4671087 0.60842574 0.6774223 0.69888276 0.6698738 0.6911608 0.640879 0.56698334 0.5082142 0.5478633 0.5172458 0.5264744 0.5754454 0.58566874 0.5367823 0.36310357 0.21967699 0.2817439 0.17632508 0.031791024 -32767.0 0.10536539 0.042433497 -32767.0 0.14553416 0.2624245 0.17474146 -32767.0 -0.15523674 -0.08946676 -32767.0 -32767.0 -32767.0 -32767.0 0.084558725 -0.01161165 -32767.0 -32767.0 -32767.0 -32767.0 0.41069233 0.62722576 0.51473606
0.040653776 -0.06210322 -0.04392079 -0.06766872 -0.079407275 -0.030036464 0.010796202 0.12493898 0.17561105 0.15393434 0.16236301 0.22488537 0.32685858 0.4839558 0.51911724 0.49552915 0.532554 0.50284725 0.43661398 0.49939135 0.6919329 0.69909775 0.66097033 0.66233724 0.63169867 0.51877046 0.45988324 0.31680065 0.18387537 -32767.0 0.16844673 0.3122583 -32767.0 -32767.0 0.0093803955 0.108969904 0.18159519 0.36801088 0.0866005 0.02399169 0.02282327 -32767.0 -32767.0 -32767.0 -32767.0 -32767.0 -32767.0 -32767.0 -32767.0 0.2364433 0.33886454 0.30031684 -32767.0 -32767.0 0.19409859 0.3402479 0.144146 0.13238648
