static/data/salinity/2023/7/22/0.asc
ncols 137
nrows 93
xllcorner 108.0
yllcorner 17.0
cellsize 0.25
NODATA_value -32767
[rows 54 to 80 of 93, columns 0 to 60 of 137]
-32767.0 -32767.0 -32767.0 -32767.0 -32767.0 -32767.0 -32767.0 -32767.0 -32767.0 -32767.0 -32767.0 -32767.0 -32767.0 -32767.0 -32767.0 -32767.0 -32767.0 -32767.0 -32767.0 -32767.0 -32767.0 -32767.0 -32767.0 -32767.0 -32767.0 -32767.0 -32767.0 -32767.0 -32767.0 -32767.0 -32767.0 -32767.0 -32767.0 -32767.0 -32767.0 -32767.0 -32767.0 -32767.0 -32767.0 -32767.0 -32767.0 -32767.0 -32767.0 -32767.0 -32767.0 -32767.0 -32767.0 -32767.0 34.141754 34.163147 33.941708 33.74256 33.267075 32.496304 32.502163 32.831387 32.86738 32.891212 33.389065 33.503193 33.398136
-32767.0 -32767.0 -32767.0 -32767.0 -32767.0 -32767.0 -32767.0 -32767.0 -32767.0 -32767.0 -32767.0 -32767.0 -32767.0 -32767.0 -32767.0 -32767.0 -32767.0 -32767.0 -32767.0 -32767.0 -32767.0 -32767.0 -32767.0 -32767.0 -32767.0 -32767.0 -32767.0 -32767.0 -32767.0 -32767.0 -32767.0 -32767.0 -32767.0 -32767.0 -32767.0 -32767.0 -32767.0 -32767.0 -32767.0 -32767.0 -32767.0 -32767.0 -32767.0 -32767.0 -32767.0 -32767.0 -32767.0 33.307224 -32767.0 34.035034 34.076973 33.688675 33.247272 32.410877 32.226303 32.453342 32.987877 33.456654 33.289017 33.38953 33.531357
-32767.0 -32767.0 -32767.0 -32767.0 -32767.0 -32767.0 -32767.0 -32767.0 -32767.0 -32767.0 -32767.0 -32767.0 -32767.0 -32767.0 -32767.0 -32767.0 -32767.0 -32767.0 -32767.0 -32767.0 -32767.0 -32767.0 -32767.0 -32767.0 -32767.0 -32767.0 -32767.0 -32767.0 -32767.0 -32767.0 -32767.0 -32767.0 -32767.0 -32767.0 -32767.0 -32767.0 -32767.0 -32767.0 -32767.0 -32767.0 -32767.0 -32767.0 -32767.0 -32767.0 -32767.0 -32767.0 -32767.0 33.208115 33.901173 34.035503 33.954422 33.475456 33.114365 32.499516 32.38377 32.37108 32.64248 33.01147 33.097214 33.009262 33.39507
-32767.0 -32767.0 -32767.0 -32767.0 -32767.0 -32767.0 -32767.0 -32767.0 -32767.0 -32767.0 -32767.0 -32767.0 -32767.0 -32767.0 -32767.0 -32767.0 -32767.0 -32767.0 -32767.0 -32767.0 -32767.0 -32767.0 -32767.0 -32767.0 -32767.0 -32767.0 -32767.0 -32767.0 -32767.0 -32767.0 -32767.0 -32767.0 -32767.0 -32767.0 -32767.0 -32767.0 -32767.0 -32767.0 -32767.0 -32767.0 -32767.0 -32767.0 -32767.0 -32767.0 -32767.0 -32767.0 -32767.0 33.848866 33.906948 33.777283 33.879326 33.42661 32.47527 32.29075 32.552486 32.422794 33.050293 32.97215 32.975327 33.889267 34.191975
-32767.0 -32767.0 -32767.0 -32767.0 -32767.0 -32767.0 -32767.0 -32767.0 -32767.0 -32767.0 -32767.0 -32767.0 -32767.0 -32767.0 -32767.0 -32767.0 -32767.0 -32767.0 -32767.0 -32767.0 -32767.0 -32767.0 -32767.0 -32767.0 -32767.0 -32767.0 -32767.0 -32767.0 -32767.0 -32767.0 -32767.0 -32767.0 -32767.0 -32767.0 -32767.0 -32767.0 -32767.0 -32767.0 -32767.0 -32767.0 -32767.0 -32767.0 -32767.0 -32767.0 -32767.0 31.484877 -32767.0 33.231716 33.763752 33.686462 33.642803 33.266346 32.288387 32.53605 32.57361 32.587414 33.03978 32.85451 33.693466 34.08522 34.192436
-32767.0 -32767.0 -32767.0 -32767.0 -32767.0 -32767.0 -32767.0 -32767.0 -32767.0 -32767.0 -32767.0 -32767.0 -32767.0 -32767.0 -32767.0 -32767.0 -32767.0 -32767.0 -32767.0 -32767.0 -32767.0 -32767.0 -32767.0 -32767.0 -32767.0 -32767.0 -32767.0 -32767.0 -32767.0 -32767.0 -32767.0 -32767.0 -32767.0 -32767.0 -32767.0 -32767.0 -32767.0 -32767.0 -32767.0 -32767.0 -32767.0 -32767.0 -32767.0 -32767.0 -32767.0 -32767.0 33.525276 33.77906 33.73262 33.676826 32.71217 32.04238 32.324753 32.525566 32.59214 32.45972 32.665707 32.688843 33.88622 34.176197 34.18745
-32767.0 -32767.0 -32767.0 -32767.0 -32767.0 -32767.0 -32767.0 -32767.0 -32767.0 -32767.0 -32767.0 -32767.0 -32767.0 -32767.0 -32767.0 -32767.0 -32767.0 -32767.0 -32767.0 -32767.0 -32767.0 -32767.0 -32767.0 -32767.0 -32767.0 -32767.0 -32767.0 -32767.0 -32767.0 -32767.0 -32767.0 -32767.0 -32767.0 -32767.0 -32767.0 -32767.0 -32767.0 -32767.0 -32767.0 -32767.0 -32767.0 -32767.0 -32767.0 -32767.0 33.2112 33.78708 33.749027 33.631878 33.62133 33.403687 32.608658 32.353184 -32767.0 -32767.0 -32767.0 -32767.0 32.768883 33.26829 34.053337 34.159428 34.2411
-32767.0 -32767.0 -32767.0 -32767.0 -32767.0 -32767.0 -32767.0 -32767.0 -32767.0 -32767.0 -32767.0 -32767.0 -32767.0 -32767.0 -32767.0 -32767.0 -32767.0 -32767.0 -32767.0 -32767.0 -32767.0 -32767.0 -32767.0 -32767.0 -32767.0 -32767.0 -32767.0 -32767.0 -32767.0 -32767.0 -32767.0 -32767.0 -32767.0 -32767.0 -32767.0 -32767.0 -32767.0 -32767.0 -32767.0 -32767.0 -32767.0 -32767.0 -32767.0 33.730495 33.838623 33.686726 33.349335 33.431763 32.95227 32.319412 32.471973 32.49444 -32767.0 -32767.0 -32767.0 -32767.0 32.761906 33.837162 34.250683 34.143597 34.275906
-32767.0 -32767.0 -32767.0 -32767.0 -32767.0 -32767.0 -32767.0 -32767.0 -32767.0 -32767.0 -32767.0 -32767.0 -32767.0 -32767.0 -32767.0 -32767.0 -32767.0 -32767.0 -32767.0 -32767.0 -32767.0 -32767.0 -32767.0 -32767.0 -32767.0 -32767.0 -32767.0 -32767.0 -32767.0 -32767.0 -32767.0 -32767.0 -32767.0 -32767.0 -32767.0 -32767.0 -32767.0 -32767.0 -32767.0 -32767.0 -32767.0 33.351833 33.14431 33.59061 33.705486 32.697975 32.521282 32.689 32.62577 32.343224 32.513954 -32767.0 -32767.0 -32767.0 -32767.0 -32767.0 33.800117 34.228718 34.330276 34.226185 34.217907
-32767.0 -32767.0 -32767.0 -32767.0 -32767.0 -32767.0 -32767.0 -32767.0 -32767.0 -32767.0 -32767.0 -32767.0 -32767.0 -32767.0 -32767.0 -32767.0 -32767.0 -32767.0 -32767.0 -32767.0 -32767.0 -32767.0 -32767.0 -32767.0 -32767.0 -32767.0 -32767.0 -32767.0 -32767.0 -32767.0 -32767.0 -32767.0 -32767.0 -32767.0 -32767.0 -32767.0 -32767.0 -32767.0 -32767.0 -32767.0 -32767.0 33.49256 33.50169 33.600346 33.313995 32.71844 32.713455 32.597492 32.60861 32.796886 32.47306 -32767.0 -32767.0 -32767.0 -32767.0 33.603477 34.12963 34.347576 34.33444 34.247036 34.201294
-32767.0 -32767.0 -32767.0 -32767.0 -32767.0 -32767.0 -32767.0 -32767.0 -32767.0 -32767.0 -32767.0 -32767.0 -32767.0 -32767.0 -32767.0 -32767.0 -32767.0 -32767.0 -32767.0 -32767.0 -32767.0 -32767.0 -32767.0 -32767.0 -32767.0 -32767.0 -32767.0 -32767.0 -32767.0 -32767.0 -32767.0 -32767.0 -32767.0 -32767.0 -32767.0 -32767.0 -32767.0 -32767.0 -32767.0 33.2618 33.41609 33.361523 33.337196 33.507404 32.58951 32.193703 32.710945 32.248672 32.29275 32.438137 -32767.0 -32767.0 -32767.0 -32767.0 -32767.0 34.08103 34.266315 34.245094 34.31862 34.25098 34.256382
-32767.0 -32767.0 -32767.0 -32767.0 -32767.0 -32767.0 -32767.0 -32767.0 -32767.0 -32767.0 -32767.0 -32767.0 -32767.0 -32767.0 -32767.0 -32767.0 -32767.0 -32767.0 -32767.0 -32767.0 -32767.0 -32767.0 -32767.0 -32767.0 -32767.0 -32767.0 -32767.0 -32767.0 -32767.0 -32767.0 -32767.0 -32767.0 -32767.0 -32767.0 -32767.0 -32767.0 -32767.0 -32767.0 33.05692 33.283634 33.364708 33.43622 32.995808 32.54596 31.836073 32.01767 32.755955 32.226364 32.09886 32.34441 -32767.0 -32767.0 -32767.0 -32767.0 -32767.0 34.12994 34.299168 34.339016 34.342125 34.27792 34.368664
-32767.0 -32767.0 -32767.0 -32767.0 -32767.0 -32767.0 -32767.0 -32767.0 -32767.0 -32767.0 -32767.0 -32767.0 -32767.0 -32767.0 -32767.0 -32767.0 -32767.0 -32767.0 -32767.0 -32767.0 -32767.0 -32767.0 -32767.0 -32767.0 -32767.0 -32767.0 -32767.0 -32767.0 -32767.0 -32767.0 -32767.0 -32767.0 -32767.0 -32767.0 -32767.0 -32767.0 32.83495 33.00931 32.93091 32.795464 32.928738 32.550587 32.17381 31.56527 31.692173 32.793354 -32767.0 32.763176 31.885017 -32767.0 -32767.0 -32767.0 -32767.0 -32767.0 33.821537 34.1279 34.332626 34.303528 34.32368 34.27539 34.500263
-32767.0 -32767.0 -32767.0 -32767.0 -32767.0 -32767.0 -32767.0 -32767.0 -32767.0 -32767.0 -32767.0 -32767.0 -32767.0 -32767.0 -32767.0 -32767.0 -32767.0 -32767.0 -32767.0 -32767.0 -32767.0 -32767.0 -32767.0 -32767.0 -32767.0 -32767.0 -32767.0 -32767.0 -32767.0 -32767.0 -32767.0 -32767.0 -32767.0 -32767.0 -32767.0 32.62394 33.258377 31.7654 31.850533 32.47924 33.662262 33.37773 32.119785 31.636942 31.670607 33.012554 -32767.0 33.529114 31.558516 -32767.0 -32767.0 -32767.0 -32767.0 -32767.0 33.84141 34.314224 34.35583 34.305172 34.310646 34.30764 34.528072
-32767.0 -32767.0 -32767.0 -32767.0 -32767.0 -32767.0 -32767.0 -32767.0 -32767.0 -32767.0 -32767.0 -32767.0 -32767.0 -32767.0 -32767.0 -32767.0 -32767.0 -32767.0 -32767.0 -32767.0 -32767.0 -32767.0 -32767.0 -32767.0 -32767.0 -32767.0 -32767.0 -32767.0 -32767.0 -32767.0 -32767.0 -32767.0 -32767.0 -32767.0 -32767.0 31.698435 31.716736 32.53717 33.54081 33.726562 33.59698 32.79363 32.104134 31.470306 32.807335 32.834663 33.238422 33.376705 30.342632 -32767.0 -32767.0 -32767.0 -32767.0 -32767.0 34.1105 34.29274 34.318687 34.29953 34.265297 34.30685 34.417465
-32767.0 -32767.0 -32767.0 -32767.0 -32767.0 -32767.0 -32767.0 -32767.0 -32767.0 -32767.0 -32767.0 -32767.0 -32767.0 -32767.0 -32767.0 -32767.0 -32767.0 -32767.0 -32767.0 -32767.0 -32767.0 -32767.0 -32767.0 -32767.0 -32767.0 -32767.0 -32767.0 25.025629 -32767.0 28.708225 -32767.0 29.839306 29.682236 30.64031 31.402763 32.62137 33.34984 33.789223 33.767082 33.61547 33.571 32.837696 32.94834 32.51979 33.14554 33.30703 33.447987 33.728207 32.822357 -32767.0 -32767.0 -32767.0 -32767.0 33.570248 34.182606 34.29503 34.318268 34.30141 34.259842 34.2785 34.36037
-32767.0 -32767.0 -32767.0 -32767.0 -32767.0 -32767.0 -32767.0 -32767.0 -32767.0 -32767.0 -32767.0 -32767.0 -32767.0 -32767.0 -32767.0 -32767.0 -32767.0 -32767.0 -32767.0 -32767.0 -32767.0 -32767.0 -32767.0 7.0929627 -32767.0 -32767.0 29.236275 29.304453 28.424498 29.059217 29.980938 31.651735 32.598846 33.03914 33.69859 33.811317 33.75652 33.667587 33.603912 33.586384 33.365185 33.27085 33.341503 33.35585 33.524952 33.701733 33.89878 33.983356 33.802475 31.110815 -32767.0 -32767.0 32.354 33.857697 34.339508 34.337124 34.31428 34.322884 34.32601 34.299316 34.334473
-32767.0 -32767.0 -32767.0 -32767.0 -32767.0 -32767.0 -32767.0 -32767.0 -32767.0 -32767.0 -32767.0 -32767.0 -32767.0 -32767.0 -32767.0 -32767.0 -32767.0 -32767.0 -32767.0 -32767.0 -32767.0 -32767.0 -32767.0 21.006285 8.050161 24.778488 27.27279 28.609348 32.51024 33.729187 33.789253 33.745224 33.725067 33.774544 33.76995 33.68885 33.574097 33.57897 33.57074 33.525093 33.48203 33.47192 33.636055 33.949097 34.17046 34.220726 34.22074 34.195564 34.10702 33.64709 32.529785 -32767.0 32.442017 34.235336 34.36071 34.321003 34.356476 34.296543 34.33449 34.350105 34.364853
-32767.0 -32767.0 -32767.0 -32767.0 -32767.0 -32767.0 -32767.0 -32767.0 -32767.0 -32767.0 -32767.0 -32767.0 -32767.0 -32767.0 -32767.0 -32767.0 -32767.0 -32767.0 -32767.0 -32767.0 14.283164 17.423658 17.448334 25.651949 29.475132 -32767.0 33.63173 34.026203 33.876915 33.84453 33.83882 33.828007 33.742596 33.651333 33.5785 33.53778 33.523895 33.548996 33.639214 33.657066 33.728043 33.953236 34.26761 34.237373 34.17276 34.19257 34.24411 34.25682 34.265827 34.102165 33.764317 -32767.0 33.272266 34.22999 34.364014 34.322964 34.296185 34.30944 34.339317 34.36927 34.395073
-32767.0 -32767.0 32.428764 -32767.0 -32767.0 -32767.0 -32767.0 -32767.0 -32767.0 -32767.0 -32767.0 -32767.0 -32767.0 -32767.0 -32767.0 -32767.0 29.469252 -32767.0 24.041353 23.957554 23.565659 29.30868 31.111702 30.930056 31.913298 33.66897 33.79106 33.815517 33.809414 33.822685 33.84399 33.800335 33.757008 33.683163 33.64879 33.615475 33.598755 33.890034 34.110634 34.214066 34.241432 34.22665 34.224037 34.06571 34.220284 34.26414 34.307575 34.26842 34.23655 34.257393 34.17189 34.102844 34.167206 34.230373 34.355713 34.289715 34.30133 34.24427 34.24789 34.306007 34.363873
-32767.0 31.672848 31.885359 31.721739 31.644497 -32767.0 31.81355 31.775007 -32767.0 -32767.0 -32767.0 -32767.0 -32767.0 32.655014 32.18165 31.384083 31.683048 30.46358 32.117558 31.399464 32.55611 33.049946 33.652912 33.761684 33.804523 33.80501 33.794674 33.79566 33.8337 33.841446 33.83431 33.842594 33.893223 33.9081 33.986965 34.08726 34.09375 34.147583 34.262306 34.250893 34.235863 34.226856 34.007347 34.036972 34.147293 34.285698 34.238316 34.234257 34.271767 34.234516 34.042496 34.131927 34.376907 34.352943 34.33709 34.297703 34.294724 34.33588 34.34989 34.350716 34.35131
32.24231 32.68693 32.64505 32.50746 32.200703 32.086105 31.99315 31.939384 -32767.0 -32767.0 -32767.0 32.903057 33.31741 33.51717 33.644184 33.770805 33.80822 33.78145 33.77034 33.791676 33.760944 33.747124 33.732487 33.778927 33.863834 33.85136 33.843533 33.848526 33.854023 33.86074 33.90741 34.09264 34.164684 34.25355 34.228924 34.21183 34.130478 34.217197 34.191486 34.212452 34.198574 34.13599 34.13483 34.07343 34.006092 34.00364 34.070614 34.05513 34.000206 34.023907 34.060074 34.294407 34.259434 34.291595 34.32477 34.249138 34.228416 34.331505 34.397057 34.36244 34.339455
32.775593 32.914917 32.90785 32.905186 32.719994 32.447865 32.08413 -32767.0 -32767.0 30.964668 -32767.0 33.285023 33.737373 33.79466 33.815437 33.901886 33.887947 33.831287 33.766438 33.75272 33.738174 33.65908 33.637306 33.781914 33.90377 33.912712 33.8908 33.88528 33.86186 34.0087 34.1871 34.200626 34.2531 34.272488 34.291008 34.320606 34.221764 34.24259 34.1871 34.23824 34.171272 34.105682 34.13602 34.13952 34.09815 34.041756 34.016434 34.01119 34.064625 34.022083 34.270317 34.22027 34.334415 34.324894 34.335213 34.212067 34.254063 34.337547 34.46134 34.36173 34.316074
32.956802 32.990402 32.963833 32.95817 32.845985 32.50502 32.267204 31.961935 -32767.0 -32767.0 32.426968 32.991077 33.553356 33.859627 33.90442 33.884296 33.84818 33.768127 33.68211 33.633003 33.58314 33.572098 33.591557 33.597916 33.91349 33.948452 33.93363 33.890022 33.898857 34.08198 34.11105 34.186054 34.27149 34.324432 34.394203 34.342308 34.275692 34.202396 34.19919 34.266575 34.213757 34.211086 34.259544 34.31985 34.305725 34.274982 34.2198 34.146656 33.99374 34.18947 34.109333 34.29407 34.337715 34.302563 34.27438 34.284107 34.358124 34.4251 34.522266 34.430557 34.322475
33.139854 33.01267 32.95301 32.901672 32.927624 32.63878 32.415817 32.13663 -32767.0 -32767.0 32.538193 32.69564 33.141186 34.007 33.967438 33.91696 33.959404 33.881542 33.768703 33.688313 33.6056 33.526627 33.658035 33.65044 33.84723 33.917484 33.934895 33.907837 33.942802 34.009483 34.043354 34.154263 34.326675 34.38048 34.34886 34.27392 34.23117 34.211514 34.23659 34.26474 34.302544 34.367752 34.3624 34.306152 34.246986 34.17359 34.13611 34.127502 34.00929 34.09924 34.023438 33.991585 34.179226 34.329433 34.342457 34.342434 -32767.0 34.47809 34.52691 34.5645 34.51129
33.19577 33.152885 33.115807 32.894375 32.90295 32.722507 32.59531 32.348553 32.30778 32.51886 32.597446 32.598274 33.21324 33.89586 33.83557 33.797005 33.495533 33.3389 33.41521 33.456802 33.466312 33.484398 33.66993 33.704044 33.85457 33.89402 33.91595 33.9404 33.88774 33.90369 33.97365 34.07976 34.350166 34.32209 34.31917 34.252934 34.24286 34.34135 34.346188 34.364082 34.354923 34.36352 34.36012 34.29686 34.119446 33.999958 33.991035 33.994064 34.301834 34.002922 33.98744 33.802765 33.59523 33.8337 34.192093 34.403587 34.40617 34.460617 34.47185 34.510254 34.55175
33.35749 33.323174 33.300724 33.08326 32.89062 32.740494 32.618458 32.581036 32.52199 -32767.0 -32767.0 -32767.0 33.1539 33.413998 33.765743 33.664986 33.39858 33.38074 33.515644 33.606335 33.599625 33.53586 33.693333 33.74915 33.842216 33.907967 33.930107 33.817577 33.85308 33.91216 33.96898 34.10121 34.344963 34.29931 34.26579 34.267494 34.293957 34.30823 34.26249 34.232533 34.2218 34.233955 34.30521 34.282116 34.081123 33.884705 33.893497 33.955235 34.277554 34.08334 34.032204 33.730595 33.52654 33.66329 34.13279 34.320965 34.38953 34.48011 34.50929 34.515465 34.59064
