static/data/salinity/2023/7/22/12.asc
ncols 137
nrows 93
xllcorner 108.0
yllcorner 17.0
cellsize 0.25
NODATA_value -32767
[rows 54 to 80 of 93, columns 62 to 123 of 137]
33.668785 33.97567 34.054615 34.096523 34.1796 34.345703 34.2781 34.189552 34.1384 34.08056 34.232197 34.315796 34.313473 34.533398 34.55502 34.557293 34.554146 34.542664 34.468277 34.458565 34.39799 34.38322 34.370464 34.387707 34.4015 34.485806 34.636955 34.30264 34.322094 34.492687 34.53906 34.49714 34.4732 34.465065 34.42833 34.406727 34.36547 34.27993 34.341805 34.336296 34.260178 34.18053 34.21437 34.30406 34.471912 34.66097 34.64935 34.653145 34.647717 34.59581 34.61503 34.572956 34.697838 34.739723 34.663155 34.744205 34.708252 34.736717 34.77017 34.754948 34.776947 34.846607
33.687473 33.81321 33.892838 33.95864 34.043358 34.13705 34.104877 34.20355 34.171318 34.33063 34.397484 34.341873 34.42595 34.576015 34.58165 34.57476 34.59299 -32767.0 34.567604 34.516693 34.372555 34.386074 34.400196 34.385 34.35234 34.373245 34.65068 34.376434 34.326633 34.39896 34.554882 34.521255 34.487507 34.449986 34.43075 34.36248 34.324978 34.483955 34.4087 34.36259 34.275784 34.251545 34.233025 34.266415 34.313072 34.47814 34.670048 34.6709 34.653618 34.620823 34.62884 34.65314 34.621716 34.649338 34.66772 34.718964 34.70777 34.764854 34.734116 34.782005 34.802673 34.753025
33.58672 33.89667 34.166664 34.277973 34.215218 34.178032 34.11999 34.161526 34.348618 34.43967 34.445694 34.4058 34.49888 34.584644 34.591293 34.587173 34.571064 34.618427 34.632965 34.633038 34.587635 34.436783 34.40794 34.416836 34.354534 34.332165 34.555298 34.582703 34.28105 34.335567 34.434544 34.49862 34.47147 34.406784 34.340733 34.3566 34.575497 34.43417 34.35891 34.40592 34.455353 34.394497 34.28136 34.317028 34.383236 34.34947 34.51855 34.6637 34.647903 34.66956 34.629345 34.646202 34.651745 34.63801 34.663124 34.694767 34.696495 34.722958 34.784977 34.833862 34.842766 34.788532
34.188984 34.259953 34.12268 34.19147 34.127052 34.05181 34.133366 34.325794 34.427856 34.4455 34.483837 34.48546 34.507244 34.555653 34.5709 34.59066 34.609695 34.58851 34.60236 34.585403 34.577126 34.60687 34.53112 34.417263 34.364044 34.3082 34.489174 34.73302 34.294056 34.28827 34.312878 34.36041 34.35979 34.309574 34.346527 34.591812 34.52844 34.40063 34.502945 34.570713 34.52284 34.466427 34.47984 34.32582 34.43553 34.451694 34.408356 34.66721 34.69681 34.66189 34.68447 34.64522 34.62735 34.68064 34.686737 34.709946 34.697575 34.712967 34.881943 34.873238 34.843662 34.815044
34.170998 34.054646 34.132824 34.24077 34.348335 34.434685 34.482506 34.4453 34.436096 34.488945 34.50311 34.53856 34.48951 34.517998 34.623375 34.664825 34.635628 34.619125 34.59726 34.603157 34.576717 34.57849 34.647743 34.43572 34.32408 34.289215 34.50352 34.73542 34.50812 34.414677 34.31702 34.28519 34.2848 34.32627 34.49953 34.62047 34.489487 34.4474 34.56976 34.63425 34.61747 34.4666 34.411076 34.375065 34.433205 34.50548 34.432316 34.601902 34.72605 34.7151 34.689278 34.67188 34.682404 34.694912 34.70711 34.713943 34.67966 34.807743 34.97178 34.975983 34.952873 35.0324
34.023014 34.14648 34.30641 34.472286 34.531116 34.395054 34.402573 34.4487 34.534473 34.52089 34.530296 34.530914 34.524147 34.628246 34.63584 34.628647 34.63562 34.609592 34.60803 34.56888 34.659218 34.680077 34.675583 34.55974 34.29521 34.358795 34.562958 34.73637 34.72896 34.34605 34.477318 34.394753 34.364872 34.436104 34.569317 34.59931 34.505215 34.502693 34.56677 34.59576 34.629906 34.496937 34.364613 34.375996 34.42744 34.510136 34.501156 34.50286 34.709206 34.71532 34.700867 34.70704 34.688484 34.67494 34.672924 34.667946 34.694454 34.84487 34.97052 35.067745 35.147236 35.12644
34.10637 34.289997 34.479282 34.49839 34.391968 34.3449 34.431095 34.469044 34.533546 34.553658 34.592724 34.60394 34.619644 34.608356 34.606815 34.585743 34.58526 34.58344 34.573895 34.673294 34.59889 34.621536 34.659824 34.597973 34.329384 34.49845 34.613174 34.75834 34.76501 34.558517 34.409424 34.50459 34.553883 34.569687 34.60733 34.612736 34.52443 34.46316 34.48404 34.57152 34.592747 34.450294 34.33605 34.373966 34.41817 34.49424 34.56407 34.491573 34.648746 34.70904 34.692867 34.713055 34.70811 34.68939 34.712296 34.68055 34.757843 34.732597 34.99851 34.99579 35.077126 35.060307
34.2447 34.42777 34.487118 34.443447 34.29098 34.373222 34.44384 34.535877 34.546833 34.575294 34.628468 34.592632 34.64423 34.71406 34.704815 34.627533 34.568428 34.56287 34.657425 34.655796 34.551003 34.576595 34.6434 34.546883 34.439407 34.586075 34.71154 34.783787 34.76285 34.722572 34.416546 34.377766 34.450817 34.506756 34.553772 34.579075 34.589703 34.58356 34.56703 34.527954 34.430325 34.3165 34.31034 34.383457 34.451443 34.51896 34.57524 34.56138 34.59464 34.70135 34.698914 34.7737 34.800514 34.73986 34.733685 34.68516 34.717445 34.916 34.933395 34.99247 35.06788 35.00178
34.47651 34.461098 34.47716 34.40679 34.272457 34.34812 34.404625 34.540443 34.564674 34.58851 34.57983 34.594597 34.566788 34.65817 34.663136 34.705822 34.634315 34.63649 34.699295 34.561966 34.547554 34.59759 34.651375 34.473614 34.59041 34.7205 34.802032 34.77356 34.746147 34.745155 34.64395 34.463795 34.354946 34.308865 34.303295 34.31148 34.317642 34.32822 34.33662 34.346535 34.37322 34.43597 34.534367 34.556187 34.545074 34.542583 34.55753 34.57689 34.561752 34.695793 34.71606 34.84223 34.870853 34.781536 34.721897 34.71967 34.697636 34.913563 34.92539 34.933617 34.942154 34.97203
34.373608 34.318573 34.325127 34.317623 34.297123 34.284462 34.363297 34.3523 34.500614 34.554554 34.60805 34.508324 34.578667 34.612255 34.62959 34.70725 34.692886 34.667206 34.584797 34.577038 34.662212 34.644695 34.600872 34.66907 34.761364 34.80836 34.781643 34.766636 34.756176 34.751785 34.738235 34.72088 34.704365 34.6916 34.699356 34.698727 34.677776 34.65371 34.644516 34.64807 34.62755 34.57491 34.51469 34.450302 34.46222 34.46483 34.462784 34.520084 34.55504 34.682022 34.731182 34.89943 34.883915 34.794888 34.706966 34.741016 34.993996 34.868053 34.84328 34.905243 34.993614 34.97386
34.311237 34.372303 34.358097 34.36869 34.361237 34.302036 34.331963 34.362537 34.395134 34.502087 34.58424 34.552025 34.593777 34.621887 34.624317 34.65227 34.665585 34.602757 34.624172 34.654842 34.67609 34.731613 34.73989 34.747932 34.77507 34.719624 34.714447 34.705685 34.690033 34.6727 34.668613 34.670914 34.66959 34.655434 34.6253 34.606163 34.604465 34.607216 34.58684 34.509186 34.452698 34.48648 34.51868 34.564445 34.573746 34.536564 34.4881 34.513836 34.567554 34.667423 34.72692 34.86678 34.83243 34.729748 34.734562 34.735195 35.020443 34.88854 34.750576 34.695316 34.694244 34.75471
34.33842 34.32852 34.343224 34.363846 34.367268 34.31416 34.32864 34.375965 34.43502 34.44487 34.60168 34.513603 34.6138 34.6528 34.631535 34.636036 34.621555 34.64354 34.654865 34.64457 34.630085 34.675243 34.75025 34.73983 34.739956 34.741573 34.72899 34.719948 34.69998 34.646107 34.600746 34.561676 34.546413 34.535686 34.526566 34.520054 34.52815 34.553932 34.611614 34.60949 34.57217 34.591614 34.63242 34.674507 34.673107 34.54015 34.481274 34.530018 34.557407 34.65047 34.69548 34.803364 34.75217 34.728 34.73547 35.039658 35.005 34.936718 34.80525 34.696327 34.844406 34.824203
34.333187 34.3191 34.318295 34.311016 34.30508 34.3193 34.354992 34.40711 34.44146 34.464996 34.612347 34.52826 34.63371 34.67087 34.62975 34.626553 34.656277 34.656693 34.566257 34.575306 34.59714 34.576805 34.589703 34.65728 34.764786 34.77102 34.760277 34.73733 34.720856 34.737106 34.71032 34.634666 34.552204 34.521717 34.515488 34.51368 34.492558 34.51904 34.650505 34.61218 34.59219 34.57846 34.57629 34.579002 34.604023 34.636295 34.501797 34.511772 34.47126 34.635212 34.6606 34.761078 34.73852 34.737133 34.818405 35.039806 34.905743 34.89587 34.880707 34.766277 34.867188 34.65375
34.308075 34.30301 34.2843 34.268353 34.280964 34.34896 34.383533 34.429436 34.42975 34.48821 34.601505 34.543068 34.650394 34.67973 34.64533 34.661915 34.660088 34.55982 34.595997 34.626312 34.62981 34.58684 34.624813 34.681957 34.65915 34.714428 34.773846 34.768852 34.751545 34.722824 34.705566 34.742607 34.702934 34.606327 34.54455 34.523773 34.563095 34.56468 34.588585 34.56478 34.543293 34.53108 34.55443 34.562706 34.565304 34.577946 34.610825 34.628937 34.631073 34.598743 34.654118 34.73391 34.729984 34.70634 35.059845 34.928246 34.89674 34.900314 34.89174 34.80951 34.833885 34.63629
34.306362 34.248775 34.287624 34.343082 34.345467 34.33722 34.369446 34.39071 34.45699 34.516575 34.594654 34.54068 34.655052 34.68775 34.672832 34.670322 34.57709 34.564682 34.527424 34.58365 34.62718 34.627823 34.71658 34.724422 34.72764 34.674557 34.720516 34.72428 34.723316 34.720467 34.720222 34.710617 34.740612 34.717037 34.603363 34.54248 34.603676 34.611324 34.55697 34.564247 34.53981 34.54428 34.572407 34.572624 34.56755 34.568382 34.576115 34.580925 34.587658 34.607117 34.676086 34.727898 34.707153 34.934265 35.017426 34.85137 34.809334 34.814957 34.86049 34.861042 34.852406 34.68445
34.263252 34.248363 34.299213 34.431732 34.529263 34.54051 34.548843 34.563778 34.602226 34.543694 34.588108 34.54387 34.64898 34.68862 34.67689 34.625698 34.548298 34.516148 34.514885 34.553623 34.63075 34.702106 34.715664 34.716713 34.719955 34.701157 34.676907 34.688644 34.706776 34.714626 34.707138 34.707607 34.72717 34.741924 34.72213 34.61097 34.587727 34.6397 34.57258 34.594307 34.54857 34.54754 34.57965 34.592415 34.58634 34.564507 34.559 34.587692 34.609875 34.618668 34.726482 34.705135 34.706398 35.012177 34.935368 34.854164 34.8426 34.77026 34.748726 34.749535 34.737473 34.720024
34.262657 34.261604 34.288002 34.473366 34.567528 34.55614 34.586548 34.62381 34.661396 34.54882 34.576694 34.55494 34.629463 34.693157 34.6657 34.597626 34.536564 34.515087 34.512665 34.614025 34.63695 34.702248 34.69584 34.68486 34.71248 34.727932 34.699745 34.712284 34.675346 34.702583 34.704773 34.708755 34.69851 34.700012 34.732643 34.71262 34.613308 34.591114 34.587845 34.613255 34.569218 34.536884 34.598785 34.616188 34.58664 34.56965 34.56574 34.59917 34.630405 34.637764 34.728462 34.65525 34.88098 34.97724 34.86992 34.89865 34.908905 34.909283 34.91889 34.86311 34.816437 34.815804
34.319427 34.324 34.2602 34.411022 34.55844 34.56735 34.618286 34.664967 34.657322 34.542717 34.547623 34.565716 34.60842 34.680603 34.66154 34.61637 34.5543 34.53735 34.58241 34.664986 34.689663 34.662266 34.650524 34.670994 34.672993 34.695625 34.68857 34.676773 34.66771 34.684505 34.69181 34.685925 34.676487 34.676872 34.680824 34.737274 34.68419 34.61672 34.59003 34.6283 34.575233 34.528446 34.606316 34.637512 34.606953 34.594246 34.596333 34.625973 34.63308 34.70716 34.668907 34.844032 34.971203 34.882874 34.865837 34.89051 34.87729 34.839054 34.81658 34.760845 34.6585 34.58097
34.414886 34.4003 34.341007 34.325104 34.55458 34.610424 34.661995 34.678753 34.622944 34.56059 34.51386 34.548588 34.579506 34.6358 34.680515 34.676735 34.656223 34.661392 34.665905 34.659954 34.653893 34.588566 34.55663 34.639877 34.624878 34.647434 34.655224 34.641777 34.625835 34.629383 34.642902 34.649345 34.650234 34.664753 34.667267 34.69503 34.73473 34.674152 34.64873 34.60424 34.592392 34.520912 34.601086 34.657627 34.64806 34.618008 34.61457 34.626495 34.6883 34.698433 34.820667 34.984882 34.937065 34.86752 34.781116 34.7146 34.716705 34.711304 34.6801 34.6386 34.596397 34.612957
34.398315 34.3826 34.359413 34.305473 34.549213 34.636147 34.676937 34.65557 34.596066 34.592033 34.523045 34.541065 34.55139 34.584393 34.61817 34.636185 34.635063 34.633274 34.666897 34.607136 34.534286 34.476894 34.476383 34.539703 34.60447 34.601704 34.589417 34.549194 34.53403 34.54112 34.560337 34.584476 34.58888 34.615704 34.624947 34.662743 34.73417 34.687122 34.633877 34.62507 34.58208 34.511124 34.593224 34.647957 34.671406 34.679825 34.684032 34.696213 34.695072 34.783745 34.971523 34.957436 34.885242 34.81551 34.746212 34.719307 34.752502 34.713047 34.655106 34.62977 34.641903 34.663452
34.327675 34.25113 34.277866 34.363003 34.550117 34.651203 34.679424 34.64145 34.60052 34.60818 34.543983 34.55671 34.570625 34.589718 34.61852 34.642765 34.66058 34.632797 34.552364 34.485554 34.400536 34.320995 34.322823 34.39944 34.58217 34.58299 34.579815 34.545475 34.522346 34.516953 34.54502 34.551 34.557686 34.59537 34.633778 34.64462 34.71543 34.691772 34.64268 34.634712 34.553627 34.50444 34.5908 34.61935 34.62334 34.652504 34.69819 34.703175 34.75035 34.817394 34.958298 34.912354 34.896065 34.879726 34.857655 34.811096 34.741005 34.675095 34.66534 34.66599 34.663513 34.649113
34.337837 34.30299 34.28858 34.45693 34.56362 34.677673 34.680035 34.6333 34.628822 34.601852 34.58334 34.54684 34.56789 34.57817 34.578957 34.596073 34.582634 34.532127 34.449932 34.299107 34.217976 34.17665 34.226288 34.299717 34.42088 34.57487 34.542606 34.51538 34.442047 34.387215 34.497425 34.528996 34.54807 34.585636 34.641453 34.672443 34.678413 34.700165 34.654915 34.631367 34.519783 34.502026 34.58423 34.599842 34.620655 34.62353 34.64526 34.6874 34.704926 34.67101 34.74905 34.809555 34.771908 34.71126 34.6664 34.644302 34.638866 34.628273 34.620586 34.622475 34.620678 34.599346
34.330414 34.292023 34.292862 34.53298 34.601856 34.69881 34.687336 34.66309 34.624836 34.613953 34.622795 34.52325 34.587337 34.575127 34.53386 34.49486 34.42578 34.315804 34.20058 34.149734 34.121143 34.134365 34.22521 34.278862 34.34453 34.416473 34.443527 34.389835 34.236076 34.21256 34.3786 34.455105 34.52436 34.577312 34.609467 34.668896 34.688683 34.669693 34.66153 34.62826 34.496426 34.510754 34.579563 34.610386 34.59583 34.59748 34.622803 34.632927 34.64821 34.666206 34.676094 34.67418 34.66578 34.646618 34.625107 34.589806 34.557507 34.542263 34.539562 34.55119 34.562122 34.56882
34.30795 34.330616 34.4907 34.569374 34.669693 34.669083 34.681725 34.67221 34.62981 34.622066 34.63104 34.553528 34.513878 34.30743 34.239887 34.205658 34.165504 34.12553 34.095165 34.079903 34.102917 34.29122 34.38925 34.39994 34.40489 34.420963 34.31016 34.221848 34.201668 34.17538 34.23862 34.332207 34.487423 34.53924 34.570137 34.59939 34.65883 34.703114 34.68102 34.62204 34.479446 34.525948 34.572544 34.601955 34.587673 34.586433 34.626934 34.63861 34.642166 34.641888 34.63826 34.634388 34.620895 34.586113 34.51457 34.472626 34.473854 34.48757 34.50691 34.537052 34.54852 34.540234
34.52077 34.583485 34.572765 34.636765 34.686996 34.681572 34.67537 34.664875 34.65751 34.650074 34.62683 34.427296 34.241974 34.27183 34.137753 33.978615 33.941227 33.958908 34.043358 34.201046 34.44323 34.47954 34.483307 34.450535 34.30375 34.221165 34.29592 34.36248 34.320156 34.198357 34.16814 34.239567 34.413864 34.49426 34.53494 34.56122 34.57603 34.64102 34.677666 34.59618 34.470913 34.555004 34.56359 34.59444 34.591213 34.61535 34.63731 34.607635 34.612434 34.611027 34.604023 34.570316 34.504444 34.469925 34.455902 34.42853 34.372093 34.423447 34.477196 34.48803 34.523426 34.540363
34.624325 34.612064 34.64465 34.683918 34.64045 34.64728 34.651707 34.647415 34.632862 34.58913 34.362587 34.25218 34.27918 34.070335 33.907616 33.966606 34.02079 34.24435 34.49301 34.466564 34.470078 34.48037 34.32596 34.20154 34.31602 34.430378 34.421963 34.401207 34.38113 34.359936 34.281193 34.304737 34.42182 34.45539 34.468796 34.50214 34.54879 34.57751 34.655533 34.547817 34.5338 34.589424 34.57289 34.60449 34.63536 34.653194 34.604614 34.610706 34.52883 34.488674 34.48345 34.47526 34.45605 34.503113 34.658604 34.612404 34.34053 34.31662 34.40933 34.496162 34.492523 34.517044
34.64814 34.67901 34.68697 34.673283 34.611977 34.60395 34.599728 34.592762 34.568554 34.375908 34.23693 34.290497 34.239616 33.912994 33.94623 34.115482 34.4589 34.42866 34.504093 34.477627 34.451614 34.25729 34.23053 34.41643 34.44385 34.4314 34.41286 34.423878 34.380985 34.37675 34.358646 34.36843 34.3868 34.39996 34.425922 34.472206 34.53571 34.564453 34.630917 34.516262 34.645203 34.585606 34.57662 34.65077 34.63963 34.62065 34.63563 34.513004 34.4745 34.460293 34.457813 34.479202 34.53937 34.659916 34.714405 34.6937 34.341297 34.29454 34.441986 34.55294 34.545456 34.50575
