static/data/salinity/2023/7/22/18.asc
ncols 137
nrows 93
xllcorner 108.0
yllcorner 17.0
cellsize 0.25
NODATA_value -32767
[rows 56 to 83 of 93, columns 0 to 60 of 137]
-32767.0 -32767.0 -32767.0 -32767.0 -32767.0 -32767.0 -32767.0 -32767.0 -32767.0 -32767.0 -32767.0 -32767.0 -32767.0 -32767.0 -32767.0 -32767.0 -32767.0 -32767.0 -32767.0 -32767.0 -32767.0 -32767.0 -32767.0 -32767.0 -32767.0 -32767.0 -32767.0 -32767.0 -32767.0 -32767.0 -32767.0 -32767.0 -32767.0 -32767.0 -32767.0 -32767.0 -32767.0 -32767.0 -32767.0 -32767.0 -32767.0 -32767.0 -32767.0 -32767.0 -32767.0 -32767.0 -32767.0 33.272606 33.928883 33.953133 33.901875 33.755596 33.346146 32.612576 32.41827 32.45766 32.524284 32.927177 33.05489 32.996292 33.131447
-32767.0 -32767.0 -32767.0 -32767.0 -32767.0 -32767.0 -32767.0 -32767.0 -32767.0 -32767.0 -32767.0 -32767.0 -32767.0 -32767.0 -32767.0 -32767.0 -32767.0 -32767.0 -32767.0 -32767.0 -32767.0 -32767.0 -32767.0 -32767.0 -32767.0 -32767.0 -32767.0 -32767.0 -32767.0 -32767.0 -32767.0 -32767.0 -32767.0 -32767.0 -32767.0 -32767.0 -32767.0 -32767.0 -32767.0 -32767.0 -32767.0 -32767.0 -32767.0 -32767.0 -32767.0 -32767.0 -32767.0 33.78168 33.886414 33.778587 33.716152 33.725395 32.41479 32.331497 32.537094 32.495815 33.07576 33.06354 33.602753 34.021103 34.080784
-32767.0 -32767.0 -32767.0 -32767.0 -32767.0 -32767.0 -32767.0 -32767.0 -32767.0 -32767.0 -32767.0 -32767.0 -32767.0 -32767.0 -32767.0 -32767.0 -32767.0 -32767.0 -32767.0 -32767.0 -32767.0 -32767.0 -32767.0 -32767.0 -32767.0 -32767.0 -32767.0 -32767.0 -32767.0 -32767.0 -32767.0 -32767.0 -32767.0 -32767.0 -32767.0 -32767.0 -32767.0 -32767.0 -32767.0 -32767.0 -32767.0 -32767.0 -32767.0 -32767.0 -32767.0 31.534748 -32767.0 33.27372 33.88667 33.66134 33.688225 32.778313 32.139866 32.27521 32.601162 32.74829 32.968708 32.95587 33.91007 34.02356 34.118935
-32767.0 -32767.0 -32767.0 -32767.0 -32767.0 -32767.0 -32767.0 -32767.0 -32767.0 -32767.0 -32767.0 -32767.0 -32767.0 -32767.0 -32767.0 -32767.0 -32767.0 -32767.0 -32767.0 -32767.0 -32767.0 -32767.0 -32767.0 -32767.0 -32767.0 -32767.0 -32767.0 -32767.0 -32767.0 -32767.0 -32767.0 -32767.0 -32767.0 -32767.0 -32767.0 -32767.0 -32767.0 -32767.0 -32767.0 -32767.0 -32767.0 -32767.0 -32767.0 -32767.0 -32767.0 -32767.0 33.568752 33.93109 33.675194 33.519093 32.9493 32.22175 32.573685 32.54213 32.61607 32.60853 32.67252 32.67757 33.537754 34.18887 34.163578
-32767.0 -32767.0 -32767.0 -32767.0 -32767.0 -32767.0 -32767.0 -32767.0 -32767.0 -32767.0 -32767.0 -32767.0 -32767.0 -32767.0 -32767.0 -32767.0 -32767.0 -32767.0 -32767.0 -32767.0 -32767.0 -32767.0 -32767.0 -32767.0 -32767.0 -32767.0 -32767.0 -32767.0 -32767.0 -32767.0 -32767.0 -32767.0 -32767.0 -32767.0 -32767.0 -32767.0 -32767.0 -32767.0 -32767.0 -32767.0 -32767.0 -32767.0 -32767.0 -32767.0 33.231762 33.788494 33.842846 33.610313 33.633816 33.00893 32.960938 32.55703 -32767.0 -32767.0 -32767.0 -32767.0 32.786446 33.128147 34.10975 34.325478 34.176617
-32767.0 -32767.0 -32767.0 -32767.0 -32767.0 -32767.0 -32767.0 -32767.0 -32767.0 -32767.0 -32767.0 -32767.0 -32767.0 -32767.0 -32767.0 -32767.0 -32767.0 -32767.0 -32767.0 -32767.0 -32767.0 -32767.0 -32767.0 -32767.0 -32767.0 -32767.0 -32767.0 -32767.0 -32767.0 -32767.0 -32767.0 -32767.0 -32767.0 -32767.0 -32767.0 -32767.0 -32767.0 -32767.0 -32767.0 -32767.0 -32767.0 -32767.0 -32767.0 33.73365 33.869476 33.7055 33.365505 32.89931 33.26785 32.694996 32.28774 32.433075 -32767.0 -32767.0 -32767.0 -32767.0 32.800037 34.08059 34.317608 34.376877 34.268936
-32767.0 -32767.0 -32767.0 -32767.0 -32767.0 -32767.0 -32767.0 -32767.0 -32767.0 -32767.0 -32767.0 -32767.0 -32767.0 -32767.0 -32767.0 -32767.0 -32767.0 -32767.0 -32767.0 -32767.0 -32767.0 -32767.0 -32767.0 -32767.0 -32767.0 -32767.0 -32767.0 -32767.0 -32767.0 -32767.0 -32767.0 -32767.0 -32767.0 -32767.0 -32767.0 -32767.0 -32767.0 -32767.0 -32767.0 -32767.0 -32767.0 33.393707 33.129784 33.573967 33.74791 33.196346 32.762474 32.56381 32.635555 32.535316 32.680298 -32767.0 -32767.0 -32767.0 -32767.0 -32767.0 34.026043 34.238472 34.336567 34.381767 34.250183
-32767.0 -32767.0 -32767.0 -32767.0 -32767.0 -32767.0 -32767.0 -32767.0 -32767.0 -32767.0 -32767.0 -32767.0 -32767.0 -32767.0 -32767.0 -32767.0 -32767.0 -32767.0 -32767.0 -32767.0 -32767.0 -32767.0 -32767.0 -32767.0 -32767.0 -32767.0 -32767.0 -32767.0 -32767.0 -32767.0 -32767.0 -32767.0 -32767.0 -32767.0 -32767.0 -32767.0 -32767.0 -32767.0 -32767.0 -32767.0 -32767.0 33.52538 33.45485 33.60181 33.30404 32.24559 32.62445 32.73441 32.661144 32.712997 32.491203 -32767.0 -32767.0 -32767.0 -32767.0 33.913506 34.13474 34.325645 34.2988 34.328415 34.230923
-32767.0 -32767.0 -32767.0 -32767.0 -32767.0 -32767.0 -32767.0 -32767.0 -32767.0 -32767.0 -32767.0 -32767.0 -32767.0 -32767.0 -32767.0 -32767.0 -32767.0 -32767.0 -32767.0 -32767.0 -32767.0 -32767.0 -32767.0 -32767.0 -32767.0 -32767.0 -32767.0 -32767.0 -32767.0 -32767.0 -32767.0 -32767.0 -32767.0 -32767.0 -32767.0 -32767.0 -32767.0 -32767.0 -32767.0 33.2729 33.36564 33.40859 33.343624 33.370872 33.080917 32.126907 32.71291 32.28955 32.379475 32.307617 -32767.0 -32767.0 -32767.0 -32767.0 -32767.0 34.05279 34.33814 34.32082 34.310154 34.257683 34.32721
-32767.0 -32767.0 -32767.0 -32767.0 -32767.0 -32767.0 -32767.0 -32767.0 -32767.0 -32767.0 -32767.0 -32767.0 -32767.0 -32767.0 -32767.0 -32767.0 -32767.0 -32767.0 -32767.0 -32767.0 -32767.0 -32767.0 -32767.0 -32767.0 -32767.0 -32767.0 -32767.0 -32767.0 -32767.0 -32767.0 -32767.0 -32767.0 -32767.0 -32767.0 -32767.0 -32767.0 -32767.0 -32767.0 33.055244 33.35419 33.371204 33.445206 33.092648 32.329567 31.857943 31.93887 32.721046 32.16821 31.965647 32.32095 -32767.0 -32767.0 -32767.0 -32767.0 -32767.0 34.17454 34.36647 34.329235 34.34323 34.26886 34.382984
-32767.0 -32767.0 -32767.0 -32767.0 -32767.0 -32767.0 -32767.0 -32767.0 -32767.0 -32767.0 -32767.0 -32767.0 -32767.0 -32767.0 -32767.0 -32767.0 -32767.0 -32767.0 -32767.0 -32767.0 -32767.0 -32767.0 -32767.0 -32767.0 -32767.0 -32767.0 -32767.0 -32767.0 -32767.0 -32767.0 -32767.0 -32767.0 -32767.0 -32767.0 -32767.0 -32767.0 32.865013 33.099888 32.963802 32.770046 33.08315 32.7932 32.437576 31.63558 31.612185 32.68918 -32767.0 32.678627 31.84705 -32767.0 -32767.0 -32767.0 -32767.0 -32767.0 33.87038 34.295895 34.320633 34.340763 34.318108 34.31785 34.426125
-32767.0 -32767.0 -32767.0 -32767.0 -32767.0 -32767.0 -32767.0 -32767.0 -32767.0 -32767.0 -32767.0 -32767.0 -32767.0 -32767.0 -32767.0 -32767.0 -32767.0 -32767.0 -32767.0 -32767.0 -32767.0 -32767.0 -32767.0 -32767.0 -32767.0 -32767.0 -32767.0 -32767.0 -32767.0 -32767.0 -32767.0 -32767.0 -32767.0 -32767.0 -32767.0 32.783848 33.045956 31.721388 31.965273 32.344482 33.565186 33.514084 32.425884 31.619373 31.520962 33.114895 -32767.0 33.397213 31.133173 -32767.0 -32767.0 -32767.0 -32767.0 -32767.0 33.772755 34.316845 34.33214 34.306057 34.312473 34.433765 34.443783
-32767.0 -32767.0 -32767.0 -32767.0 -32767.0 -32767.0 -32767.0 -32767.0 -32767.0 -32767.0 -32767.0 -32767.0 -32767.0 -32767.0 -32767.0 -32767.0 -32767.0 -32767.0 -32767.0 -32767.0 -32767.0 -32767.0 -32767.0 -32767.0 -32767.0 -32767.0 -32767.0 -32767.0 -32767.0 -32767.0 -32767.0 -32767.0 -32767.0 -32767.0 -32767.0 31.443037 31.83511 32.824738 33.625732 33.705498 33.719646 33.23525 32.442223 31.671835 33.282608 33.066265 33.351486 33.37679 31.271421 -32767.0 -32767.0 -32767.0 -32767.0 -32767.0 34.12555 34.327633 34.31653 34.287285 34.3057 34.363712 34.38854
-32767.0 -32767.0 -32767.0 -32767.0 -32767.0 -32767.0 -32767.0 -32767.0 -32767.0 -32767.0 -32767.0 -32767.0 -32767.0 -32767.0 -32767.0 -32767.0 -32767.0 -32767.0 -32767.0 -32767.0 -32767.0 -32767.0 -32767.0 -32767.0 -32767.0 -32767.0 -32767.0 25.100492 -32767.0 28.657974 -32767.0 29.936865 29.746 30.741922 31.5283 32.61377 33.298885 33.802895 33.8199 33.735046 33.676468 33.020966 33.046776 32.898075 33.266804 33.344 33.426422 33.81238 32.840183 -32767.0 -32767.0 -32767.0 -32767.0 33.628185 34.214664 34.344154 34.333473 34.31638 34.266018 34.300556 34.33354
-32767.0 -32767.0 -32767.0 -32767.0 -32767.0 -32767.0 -32767.0 -32767.0 -32767.0 -32767.0 -32767.0 -32767.0 -32767.0 -32767.0 -32767.0 -32767.0 -32767.0 -32767.0 -32767.0 -32767.0 -32767.0 -32767.0 -32767.0 8.177806 -32767.0 -32767.0 29.395338 29.78192 29.114475 29.422607 29.262453 31.449612 32.654976 32.805763 33.392647 33.81774 33.844883 33.76912 33.638992 33.690624 33.533394 33.409645 33.384335 33.386868 33.533463 33.734978 33.89576 34.015198 33.84218 30.795385 -32767.0 -32767.0 32.431507 34.039455 34.36577 34.325974 34.33343 34.311172 34.32943 34.292423 34.343174
-32767.0 -32767.0 -32767.0 -32767.0 -32767.0 -32767.0 -32767.0 -32767.0 -32767.0 -32767.0 -32767.0 -32767.0 -32767.0 -32767.0 -32767.0 -32767.0 -32767.0 -32767.0 -32767.0 -32767.0 -32767.0 -32767.0 -32767.0 20.81696 7.456447 24.673502 27.188482 28.155167 31.724613 33.475594 33.81258 33.80269 33.76263 33.74705 33.76109 33.739487 33.633953 33.56604 33.600113 33.603783 33.55324 33.504456 33.624542 33.879345 34.123276 34.194103 34.230175 34.188786 34.203907 33.698147 32.607807 -32767.0 32.451546 34.20165 34.34748 34.362972 34.367107 34.304493 34.309204 34.326607 34.369812
-32767.0 -32767.0 -32767.0 -32767.0 -32767.0 -32767.0 -32767.0 -32767.0 -32767.0 -32767.0 -32767.0 -32767.0 -32767.0 -32767.0 -32767.0 -32767.0 -32767.0 -32767.0 -32767.0 -32767.0 14.181149 17.916965 17.713284 25.200352 29.711828 -32767.0 33.124954 34.003628 33.85716 33.815224 33.846115 33.83798 33.77194 33.68733 33.608093 33.57716 33.547226 33.567352 33.665504 33.695328 33.76308 33.960194 34.276596 34.255924 34.129524 34.16686 34.17887 34.213676 34.240295 34.119423 33.63448 -32767.0 33.3276 34.162888 34.35344 34.38003 34.296677 34.33788 34.339096 34.364254 34.39544
-32767.0 -32767.0 32.412342 -32767.0 -32767.0 -32767.0 -32767.0 -32767.0 -32767.0 -32767.0 -32767.0 -32767.0 -32767.0 -32767.0 -32767.0 -32767.0 29.416155 -32767.0 24.38898 24.270407 22.3688 29.224566 31.002337 30.639635 32.02075 33.625896 33.77517 33.82969 33.818935 33.821953 33.848957 33.818542 33.80836 33.7584 33.711395 33.677135 33.631607 33.80303 34.087986 34.23672 34.27991 34.23905 34.19868 34.085247 34.254898 34.27628 34.31123 34.28365 34.255905 34.262974 34.134926 34.060158 34.171238 34.326534 34.2924 34.319946 34.303352 34.22788 34.306416 34.3243 34.338974
-32767.0 31.745094 31.9589 31.752783 31.661789 -32767.0 31.833344 31.79596 -32767.0 -32767.0 -32767.0 -32767.0 -32767.0 32.678925 32.045258 31.10288 31.371857 29.72492 31.457947 30.484299 32.26288 32.693638 33.381073 33.730587 33.775066 33.79898 33.828457 33.81622 33.854473 33.857704 33.873074 33.90608 33.966953 33.978695 34.02595 34.1325 34.06461 34.121075 34.22892 34.242958 34.240067 34.21099 34.020557 34.048435 34.234924 34.2434 34.238422 34.24098 34.245 34.265453 34.07222 34.226105 34.258816 34.293983 34.34091 34.312325 34.30627 34.347935 34.383064 34.411777 34.370296
32.30538 32.71806 32.7347 32.52715 32.254604 32.117752 32.000263 31.92482 -32767.0 -32767.0 -32767.0 32.923767 33.291553 33.436596 33.527542 33.758137 33.728268 33.800056 33.582306 33.774647 33.757698 33.73976 33.73051 33.734978 33.829895 33.88476 33.86976 33.871853 33.87377 33.96137 34.044273 34.215115 34.250023 34.272297 34.24049 34.224285 34.135963 34.22657 34.199986 34.22171 34.187103 34.2054 34.07055 34.070747 33.99745 34.08286 34.129932 34.10925 34.04153 34.045498 34.134853 34.193863 34.33146 34.342896 34.304337 34.292095 34.28441 34.331303 34.444534 34.436237 34.34211
32.76269 32.97718 32.956444 32.924023 32.753506 32.450672 32.092743 -32767.0 -32767.0 30.981985 -32767.0 33.269512 33.70717 33.796917 33.820972 33.853096 33.887207 33.83831 33.770805 33.738068 33.723618 33.663635 33.626675 33.74497 33.914764 33.92825 33.906746 33.8952 33.919487 34.13155 34.153633 34.206623 34.268715 34.284023 34.320137 34.335583 34.227474 34.236423 34.195038 34.22164 34.145668 34.096886 34.153545 34.13712 34.08098 34.034576 34.029915 34.02507 34.088936 33.98623 34.136196 34.304516 34.31441 34.326927 34.306892 34.235977 34.249542 34.336292 34.52309 34.463623 34.33333
33.043476 33.059406 32.99769 32.97829 32.8833 32.529926 32.282787 31.978863 -32767.0 -32767.0 32.449833 32.920807 33.500668 33.82994 33.882168 33.875065 33.806545 33.73368 33.6666 33.623764 33.58718 33.576115 33.62907 33.61115 33.941418 33.962376 33.94643 33.91073 33.959274 34.072617 34.09708 34.23764 34.319016 34.373383 34.397423 34.3456 34.284115 34.183865 34.23535 34.230446 34.21378 34.226616 34.31548 34.320374 34.29073 34.250168 34.197243 34.136734 33.988014 34.192223 34.054066 34.189262 34.30422 34.305073 34.256504 34.309784 34.354298 34.46363 34.545547 34.541492 34.40489
33.157486 33.038124 32.973896 32.918438 32.944794 32.677006 32.43172 32.146667 -32767.0 -32767.0 32.5645 32.635113 33.07824 33.997536 33.959225 33.919163 33.943497 33.887444 33.771873 33.687935 33.613293 33.534878 33.68793 33.66618 33.89182 33.93851 33.93645 33.94457 33.96468 33.994923 34.038654 34.1818 34.381386 34.350086 34.3505 34.246426 34.210968 34.23582 34.24665 34.27099 34.34607 34.375267 34.332447 34.281174 34.175285 34.08369 34.072052 34.117096 33.99268 34.000496 33.856403 33.652714 33.715363 34.18481 34.364666 34.36114 -32767.0 34.471817 34.51033 34.56538 34.6158
33.200253 33.161682 33.16277 32.893192 32.92427 32.760906 32.629803 32.329845 32.32625 32.516514 32.581432 32.575783 33.107197 33.885906 33.86631 33.79557 33.587437 33.35909 33.3503 33.44786 33.51001 33.515995 33.679104 33.74284 33.8856 33.92236 33.956936 33.88968 33.870453 33.928406 34.011234 34.216927 34.352573 34.350063 34.273094 34.226227 34.29861 34.32683 34.360283 34.36531 34.36626 34.372128 34.33484 34.194324 34.031334 33.915245 33.95299 34.006496 34.212093 33.982395 33.891346 33.566105 33.54526 33.63377 34.186947 34.4085 34.412563 34.502743 34.51707 34.552048 34.610905
33.388023 33.35041 33.333183 33.18769 32.90333 32.773052 32.638493 32.606796 32.529396 -32767.0 -32767.0 -32767.0 33.216835 33.26146 33.86491 33.70208 33.43881 33.384007 33.54736 33.565575 33.61192 33.608074 33.71026 33.808685 33.891758 33.941338 33.861893 33.85251 33.930206 33.97641 34.064228 34.251007 34.33614 34.323498 34.272396 34.275665 34.340424 34.303574 34.264015 34.23107 34.21836 34.26264 34.32266 34.203056 34.02199 33.745182 33.88282 33.996616 34.102932 34.019073 33.99138 33.50575 33.51155 33.79536 34.156155 34.39358 34.41079 34.463776 34.4533 34.44354 34.613876
33.20835 33.230484 33.27967 33.072445 32.792404 -32767.0 -32767.0 -32767.0 -32767.0 -32767.0 -32767.0 -32767.0 33.20947 33.472927 33.42453 33.333256 33.281292 33.62932 33.625717 33.610283 33.619938 33.58104 33.743607 33.859158 33.926674 33.913803 33.812737 33.873882 33.972458 34.045822 34.081444 34.19021 34.345406 34.26317 34.21869 34.240093 34.259365 34.23589 34.23014 34.18054 34.14178 34.136055 34.19738 34.2944 34.065956 33.63682 33.746056 33.88714 34.28862 34.077793 33.52276 33.434536 33.44087 33.941605 34.119022 34.28702 34.422157 34.41717 34.43585 34.428623 34.54275
33.220448 33.295616 33.10584 32.846764 33.044426 -32767.0 -32767.0 -32767.0 -32767.0 -32767.0 -32767.0 -32767.0 33.44933 33.526806 33.61327 33.666233 33.67898 33.634052 33.60519 33.612537 33.605442 33.675644 33.772896 33.864902 33.898556 33.870724 33.810555 33.82955 33.859497 33.937782 34.002956 34.051697 34.18205 34.3211 34.189663 34.169384 34.147003 34.16485 34.232113 34.168648 34.074505 34.075405 34.15597 34.292774 34.025757 33.637947 33.55978 33.75742 33.6372 33.56619 33.403442 33.454884 33.43197 33.965202 34.098385 34.44997 34.437107 34.42142 34.425198 34.431255 34.55395
33.16013 32.99847 32.858597 -32767.0 -32767.0 -32767.0 -32767.0 -32767.0 -32767.0 -32767.0 -32767.0 33.44508 33.56276 33.651768 33.644115 33.63184 33.63885 33.657677 33.65364 33.583088 33.61598 33.691742 33.76791 33.82216 33.86796 33.824265 33.784515 33.776367 33.79103 33.816177 33.858257 33.914288 33.934494 33.999767 34.22792 34.258038 34.207226 34.245472 34.246788 34.17687 34.041508 34.019474 34.18836 34.24432 33.922226 33.68834 33.594376 33.5006 33.511894 33.429646 33.488937 33.701984 33.50847 33.65099 34.016193 34.06768 34.35651 34.345722 34.39646 34.42906 34.63646
