static/data/salinity/2023/7/22/6.asc
ncols 137
nrows 93
xllcorner 108.0
yllcorner 17.0
cellsize 0.25
NODATA_value -32767
[rows 27 to 53 of 93, columns 61 to 121 of 137]
30.124756 30.06118 30.120583 30.074984 29.96482 29.900139 30.099216 30.492022 31.83933 32.798195 33.107227 32.946205 -32767.0 -32767.0 32.47731 32.620552 32.921555 32.89414 32.768414 32.781445 32.766968 33.081886 33.123016 32.848827 32.996975 -32767.0 -32767.0 -32767.0 -32767.0 -32767.0 -32767.0 -32767.0 -32767.0 -32767.0 31.876356 32.782566 33.221786 -32767.0 -32767.0 -32767.0 33.357494 33.635525 33.864235 33.829678 32.42442 33.77064 33.73801 32.494537 32.71585 33.688305 33.862484 33.9945 33.95731 33.91231 34.039215 34.03803 33.993744 33.981846 33.996902 33.976116 33.988796
30.803581 30.494158 30.206732 30.061466 29.808355 29.81898 30.302357 30.95545 32.12653 33.315956 33.001034 32.860725 32.805542 32.74795 32.926624 32.924538 32.881 32.776203 32.576847 32.510143 32.71461 33.095913 32.866295 -32767.0 32.929214 32.996212 -32767.0 -32767.0 26.367035 -32767.0 -32767.0 -32767.0 -32767.0 -32767.0 -32767.0 32.301373 32.9628 -32767.0 -32767.0 33.791843 33.949574 33.850033 33.94456 33.949856 33.902786 33.83206 33.050785 33.430473 33.75527 33.856255 33.939198 33.98141 33.929085 33.89441 33.980865 34.017776 33.976337 33.99089 33.953884 33.97061 34.025208
30.6756 31.008915 30.851107 30.556967 30.178905 29.889381 30.228868 30.951546 32.30584 33.40422 33.175148 32.936447 32.95508 32.89461 32.881283 32.841763 32.769142 32.62369 32.424145 32.405327 32.47442 32.999104 -32767.0 33.148678 33.33838 33.269554 32.996838 31.312077 -32767.0 27.81732 -32767.0 -32767.0 -32767.0 -32767.0 -32767.0 34.000828 34.246532 34.155914 33.47695 33.677402 33.67263 33.727898 33.916267 34.003365 33.89109 33.551083 32.849564 33.58324 33.76786 33.81439 33.846516 33.875618 33.88212 33.865017 34.020298 33.983776 33.924618 33.954403 33.921032 33.977646 34.06644
30.092983 30.37509 30.196064 30.648664 30.079685 30.049557 30.201767 30.698114 31.872215 33.05311 33.18729 33.007755 33.060963 32.9612 32.88893 32.893364 32.638184 32.443737 32.699078 32.677437 32.487347 32.464855 32.802284 32.907608 33.180668 33.32698 33.014767 30.49772 29.132156 28.277512 -32767.0 -32767.0 -32767.0 -32767.0 33.923588 33.895103 33.823044 33.952927 33.803963 33.518253 33.438137 33.458725 33.702576 33.921852 34.05617 33.744728 32.78635 33.228252 33.742386 33.630093 33.754414 33.806763 33.874584 33.963463 33.94629 33.942204 33.924313 33.9185 33.883526 33.996277 34.084034
28.178072 27.728313 28.162405 29.553848 28.569431 28.64198 29.664621 30.539806 31.63805 32.423325 32.629745 32.99698 33.25716 33.18394 33.03428 32.99839 32.611904 32.618217 32.784267 32.83056 32.788322 32.631912 32.57864 32.503067 32.5469 33.03572 33.19997 31.876648 29.342896 28.932266 -32767.0 -32767.0 -32767.0 -32767.0 33.8686 33.741295 33.59282 33.63219 33.62392 33.491947 33.551556 33.611458 33.508656 33.421925 33.420753 33.50267 33.719128 33.924706 33.896896 33.660587 33.768154 33.85035 33.88908 33.960205 33.979156 33.85461 33.866756 33.85738 33.842175 33.98396 34.095955
27.178865 27.979345 28.696682 28.466257 28.420164 27.597614 28.423937 29.223145 30.815346 30.417536 31.51591 31.425482 32.788 33.193687 33.152428 33.001072 32.703068 32.77581 32.85029 32.977467 33.07954 33.129757 32.89512 32.830624 32.844707 32.52394 32.973515 33.00774 -32767.0 -32767.0 -32767.0 -32767.0 -32767.0 33.863724 34.05086 33.69119 33.76382 33.946907 33.59599 33.380577 33.79758 34.055733 33.960926 33.757915 33.589226 33.465504 33.398075 33.43211 33.6337 33.91712 33.819687 33.84218 33.9179 33.973713 33.96189 33.784695 33.835415 33.801216 33.80906 33.916462 34.065536
28.832958 29.678017 29.93854 29.072464 28.42465 27.632008 27.01737 27.197292 27.809275 29.11823 30.877186 30.458607 32.00099 32.6978 32.98042 32.995304 32.937347 32.859657 32.878628 33.14625 33.416714 33.468925 33.27492 32.922626 32.859768 32.635532 32.70247 32.94186 -32767.0 -32767.0 -32767.0 -32767.0 -32767.0 33.775284 34.01579 34.06107 33.903637 33.46542 33.399475 33.635994 33.942127 34.13121 34.190838 34.218918 34.16466 33.959843 33.74711 33.535477 33.387115 33.47782 33.868866 33.840008 33.906334 33.941418 33.88863 33.73406 33.79409 33.759018 33.73503 33.79853 34.035843
30.338146 30.642904 31.182476 30.360909 29.889349 30.017332 29.222094 28.374262 28.633293 29.243715 29.86196 30.826378 31.815815 32.84153 32.97727 32.835186 32.76568 32.920223 33.450676 33.85192 33.805244 33.761612 33.70594 33.347027 32.983997 32.64054 32.78799 33.00781 32.93838 -32767.0 33.140717 -32767.0 -32767.0 33.429077 33.40623 33.400105 33.478237 33.78381 33.83776 34.00843 34.192883 34.240974 34.26478 34.30333 34.303173 34.255493 34.08674 34.071693 33.619072 33.3985 33.474495 33.817528 33.86833 33.894962 33.82616 33.71653 33.76107 33.80477 33.6901 33.69603 34.017235
32.5715 32.087414 31.622183 30.790167 30.597383 30.079962 29.83653 29.766191 29.475836 29.516418 30.220985 31.496368 32.51086 32.935417 32.725983 32.75659 33.184765 33.981506 33.80715 33.643276 33.83157 33.84776 33.840843 33.760887 33.16909 32.919193 32.67962 33.016495 33.164875 33.393757 33.19966 -32767.0 33.312878 33.39054 33.390266 33.77085 34.198505 34.319183 34.082054 34.250298 34.242527 34.33689 34.277657 34.242344 34.297493 34.30028 34.341373 34.31867 33.709602 33.566605 33.41069 33.642467 33.833954 33.8757 33.781593 33.741814 33.65679 33.709473 33.697853 33.676514 33.949203
32.26827 33.553448 33.20753 32.716404 32.01539 30.685774 30.91332 30.638153 30.461184 30.365484 30.709509 31.544962 32.495693 32.58906 32.74623 33.227894 33.74556 33.906803 33.568676 33.841656 33.767235 33.717297 33.78422 33.791256 33.83534 33.30654 32.680008 32.698296 33.20502 33.326576 -32767.0 33.337585 33.33029 33.383167 33.429893 33.56148 34.105507 34.11333 34.19845 34.22881 34.301407 34.361366 34.15552 34.08725 34.142986 34.353996 34.37963 34.0675 33.73866 33.708008 33.88834 33.41587 33.736984 33.8749 33.83842 33.86918 33.76237 33.644104 33.6849 33.626118 33.857933
34.001488 34.0817 33.94698 33.768486 33.438343 32.61554 31.005915 31.427702 31.681046 32.05365 31.808653 32.030148 32.33046 32.573082 32.923355 33.331257 33.68435 33.854324 33.544514 33.851486 33.623375 33.8587 34.062996 34.109203 34.056973 33.881298 33.44803 33.000645 32.837933 33.324642 33.346268 33.533787 33.382267 33.213367 33.83177 33.92463 34.089706 34.104797 34.16813 34.223877 34.281437 34.361042 34.252018 34.101433 33.9344 34.05504 34.120758 34.147907 34.19952 34.221764 34.373985 34.152836 33.629066 33.794224 33.896736 33.887123 33.780354 33.66358 33.625317 33.58328 33.867226
34.20201 34.154343 34.0252 33.88017 33.278687 32.681854 31.72404 31.029322 31.292002 31.66803 32.8291 32.87083 32.432854 32.330288 32.742447 33.404507 33.843063 33.781704 33.495724 33.783302 33.62001 33.875065 34.099358 34.220394 34.214302 34.168396 33.924828 33.521206 -32767.0 32.959244 32.976204 -32767.0 33.24626 33.24269 33.797432 33.90994 33.699715 34.122856 34.157524 34.22215 34.185863 34.175056 34.254692 34.127003 34.0636 33.90653 33.91892 34.034252 33.9071 34.005623 34.074116 34.354683 33.96378 33.711945 33.833103 33.790745 33.49469 33.690212 33.562897 33.49994 34.21847
34.186478 34.075405 34.03533 33.921413 33.642025 33.45226 32.65591 31.609547 30.920055 30.86706 31.310247 31.922085 32.765823 33.466694 33.811962 33.76558 33.748848 33.622936 33.49528 33.703228 33.60282 33.803288 34.071957 34.26455 34.21924 34.195263 34.19212 34.005478 33.281372 -32767.0 32.957657 33.315296 33.15815 33.085007 33.02581 33.352043 33.891365 34.194492 34.107468 34.134796 34.225235 34.018623 34.12304 34.05606 34.098297 34.124058 34.157665 33.969566 33.87845 33.93129 33.849136 33.890663 33.994183 33.964714 33.605274 33.31667 33.652706 33.738083 33.656193 33.85488 34.274204
34.0334 33.98729 34.005013 33.935184 33.7317 33.62063 33.56029 33.42276 32.886528 32.391068 32.657806 33.60892 33.71225 33.656845 33.68629 33.759033 33.69064 33.59171 33.54543 33.542564 33.601166 33.93378 34.20481 34.31003 34.253117 34.221542 34.22982 34.07594 33.943672 33.17207 33.135956 33.36044 33.32082 33.328407 33.02148 33.127163 33.658066 34.17783 34.133278 33.907516 34.05606 34.15605 34.051327 33.967625 33.92369 33.922333 34.082428 34.18347 34.11417 33.85613 33.66129 33.57058 33.742462 33.658123 33.8478 34.006527 33.975914 33.758713 33.793995 34.244778 34.341938
33.85876 33.788284 33.826233 33.68655 33.709774 33.622784 33.54682 33.515995 33.469997 33.463367 33.543438 33.6178 33.592968 33.600315 33.628548 33.71697 33.73097 33.78339 33.707413 33.75593 33.99328 34.29 34.30661 34.317337 34.227295 34.276535 34.208733 34.137943 34.103672 33.569614 33.17774 33.31075 33.125393 33.090195 33.136673 33.84181 34.09919 34.25698 34.115864 33.97348 33.923447 33.979908 33.70606 33.588078 33.92594 33.68665 33.88053 34.028564 34.140083 34.01122 33.8841 33.792904 33.86518 34.078487 34.07579 33.88076 33.84259 33.901398 33.918476 34.367638 34.304256
33.94424 33.63175 33.671906 33.475327 33.46645 33.44928 33.475716 33.48852 33.252907 33.372646 33.43374 33.452744 33.5113 33.71233 33.687252 33.712234 33.7977 33.749863 34.134968 34.404198 34.35141 34.315937 34.348095 34.279762 34.192104 34.24369 34.208515 34.169155 34.07835 34.15696 33.415337 33.141174 33.097534 33.43806 34.107536 33.998913 34.247444 34.300625 34.2726 34.276814 34.3143 34.22574 33.929104 33.961662 33.779972 33.73951 33.726387 33.83833 33.78964 33.842365 33.861633 33.997543 33.956326 33.94112 33.9445 33.989067 34.043076 33.98603 34.251907 34.280636 34.150925
33.647743 33.214752 33.42079 33.525818 33.519722 33.573795 33.51079 33.408115 33.38902 33.331337 33.572502 33.671494 33.701344 33.696198 33.78277 33.78228 33.913525 34.24322 34.395164 34.381462 34.3657 34.400043 34.38468 34.25027 34.21524 34.23136 34.259953 34.200703 34.12995 34.00061 33.88433 33.764744 34.005653 34.17138 34.168133 34.240627 34.353333 34.297268 34.35017 34.347515 34.45108 34.46511 34.117348 34.056667 34.00174 34.016304 34.0152 33.900513 33.849728 33.967724 34.07221 34.040783 33.994785 34.03915 34.109707 34.07925 33.907047 33.896515 34.433346 34.23011 34.211376
33.93509 33.57328 33.145805 33.35445 33.557804 33.614468 33.580364 33.431484 33.235504 33.375057 33.630436 33.66087 33.747322 33.838768 33.846764 34.051674 34.286034 34.423836 34.4028 34.43612 34.474888 34.44883 34.262207 34.267593 34.26199 34.2502 34.229923 34.200764 34.148735 34.148457 34.149483 34.149277 34.159935 34.24522 34.31318 34.421055 34.430317 34.4343 34.49718 34.418217 34.506622 34.522102 34.188374 34.09152 34.083652 34.164215 34.154083 34.10958 33.97915 34.03771 34.03576 34.095108 34.164474 34.157642 34.04839 33.904583 34.01517 34.585617 34.59088 34.369705 34.232826
33.606686 33.436054 33.451645 33.080692 33.191746 33.263275 33.41352 33.550606 33.45579 33.52873 33.62249 33.710075 33.92789 33.96737 34.022205 34.33349 34.39265 34.440975 34.462162 34.498535 34.435036 34.290623 34.33114 34.312935 34.313797 34.236702 34.171616 34.169388 34.17941 34.203743 34.239136 34.277634 34.399235 34.50629 34.573116 34.597427 34.605026 34.57567 34.53482 34.490906 34.555756 34.56688 34.172318 34.17773 34.18829 34.293827 34.169353 34.13868 34.005978 34.030228 34.045834 34.03937 34.09472 34.054024 33.93831 34.076866 34.60796 34.458 34.537308 34.391445 34.222496
33.006084 32.921967 32.97161 32.860657 33.085117 33.345352 33.473072 33.562023 33.51398 33.595585 33.643993 33.83469 34.06227 34.00496 34.288113 34.31162 34.406742 34.508156 34.476234 34.507355 34.30149 34.342606 34.357674 34.300896 34.360886 34.301228 34.301624 34.34253 34.307583 34.403774 34.576866 34.62665 34.494972 34.362873 34.31799 34.375263 34.49708 34.507317 34.487553 34.53589 34.562576 34.588478 34.40965 34.195827 34.26375 34.260483 34.184063 34.10599 34.008274 33.992897 34.02257 34.051704 34.01179 33.95719 34.017025 34.672523 34.45061 34.333393 34.39028 34.349068 34.16626
32.828556 32.71879 32.6777 32.80096 33.132103 33.536587 33.50978 33.51766 33.50777 33.626007 33.7407 33.816593 33.9244 34.240936 34.15474 34.311367 34.48391 34.514675 34.411903 34.472977 34.330555 34.353996 34.35562 34.350464 -32767.0 34.330284 34.522144 34.47449 34.608807 34.632313 34.495266 34.26272 34.257236 34.279274 34.247105 34.221035 34.312172 34.43151 34.451344 34.54661 34.59126 34.590103 34.558037 34.490013 34.314934 34.191093 34.17354 34.09074 34.05716 34.150883 34.05434 33.918736 33.910072 33.946033 34.622505 34.63687 34.405285 34.359104 34.344482 34.210342 34.22118
33.94192 33.491116 33.06728 33.028416 33.277874 33.287144 33.166203 33.515335 33.618317 33.685207 33.828194 33.912025 34.268887 33.80703 34.29983 34.36478 34.537712 34.49526 34.407463 34.470127 34.33914 34.348087 34.36684 34.410038 34.384045 34.511242 34.580593 34.61813 34.624996 34.448086 34.291306 34.2917 34.29411 34.326424 34.310707 34.248886 34.283398 34.392715 34.411186 34.53988 34.589275 34.58166 34.483624 34.393433 34.240784 34.45251 34.224133 34.18123 34.43646 34.587425 34.52506 34.250816 34.257294 34.540264 34.69891 34.654514 34.58769 34.31835 34.293724 34.336285 34.39597
33.855915 33.25154 33.30574 33.13778 33.108406 33.499405 33.218006 33.408882 33.6352 33.78665 33.835484 33.9992 34.152943 33.860794 34.35244 34.354023 34.55393 34.496666 34.471397 34.49701 34.365368 34.34194 34.384384 -32767.0 34.551144 34.535866 34.61667 34.60788 34.56047 34.282604 34.296844 34.379875 34.511307 34.49891 34.425735 34.279785 34.241623 34.384586 34.404175 34.53165 34.555363 34.540493 34.444176 34.267563 34.63558 34.44094 34.562553 34.50784 34.406013 34.59421 34.588036 34.562817 34.43352 34.58813 34.65929 34.700634 34.675682 34.5898 34.419254 34.41416 34.394764
33.8018 33.341175 33.125164 33.22111 33.223618 33.379177 33.061153 33.44049 33.665688 33.8196 33.803787 33.776455 33.821976 34.27022 34.307243 34.391182 34.557987 34.518677 34.510845 34.537067 34.50181 34.432575 34.454964 34.51729 34.50307 34.595284 34.567104 34.603176 34.39517 34.288822 34.359737 34.557446 34.53893 34.487366 34.430664 34.325203 34.269413 34.423283 34.407898 34.513184 34.51204 34.42155 34.315964 34.60462 34.422844 34.48929 34.643795 34.651283 34.642666 34.511967 34.593494 34.611866 34.51857 34.51582 34.635284 34.666073 34.67023 34.70437 34.660854 34.516342 34.500908
34.294827 33.908184 33.447556 33.240467 33.133804 33.05855 33.422386 33.690388 33.72529 33.65784 33.706017 33.975384 34.267143 34.308735 34.27105 34.466022 34.559452 34.54405 34.49361 34.411156 34.38204 34.36188 34.432407 34.51194 34.50781 34.521667 34.620335 34.547916 34.2931 34.298508 34.453568 34.529377 34.456966 34.45422 34.417534 34.35873 34.360943 34.43709 34.40343 34.476852 34.433617 34.350487 34.46876 34.316124 34.395718 34.53534 34.640553 34.674507 34.676933 34.589607 34.623688 34.573135 34.5778 34.58207 34.58363 34.73637 34.683342 34.780323 34.744804 34.676044 34.75053
34.30411 33.958443 33.71403 33.68582 33.683044 33.844875 33.82812 33.758865 33.650414 34.06985 34.13709 34.177467 34.329937 34.28795 34.326263 34.532593 34.57964 34.548164 34.529205 34.48111 34.348335 34.347263 34.427013 34.44018 34.510456 34.478085 34.652615 34.54637 34.24924 34.292805 34.499775 34.512115 34.424423 34.414917 34.40433 34.386116 34.44191 34.362507 34.34368 34.39899 34.30728 34.468864 34.226807 34.26552 34.512608 34.57386 34.66107 34.670864 34.65482 34.62221 34.642605 34.58777 34.574276 34.66234 34.65586 34.72118 34.75674 34.7954 34.7334 34.724163 34.818474
33.96945 34.383 34.093227 34.08035 34.34231 34.24655 34.34213 34.375057 34.29602 34.182907 34.047672 34.212692 34.329655 34.245968 34.501244 34.580036 34.586765 34.544613 34.566204 34.539482 -32767.0 34.385967 34.439857 34.39297 34.475945 34.43907 34.623882 34.56788 34.265663 34.312622 34.528393 34.5127 34.496628 34.424194 34.423435 34.427193 34.43018 34.34969 34.332985 34.14489 34.37247 34.260838 34.177753 34.266777 34.498264 34.65642 34.671776 34.64456 34.588585 34.60596 34.628838 34.559566 34.54775 34.66201 34.77489 34.742325 34.685123 34.733734 34.763695 34.758163 34.723507
