static/data/seaWind_uo/2023/7/8/0.asc
ncols 137
nrows 93
xllcorner 108.0
yllcorner 17.0
cellsize 0.25
NODATA_value -32767
[rows 19 to 37 of 93, columns 43 to 85 of 137]
1.9545209341337482 1.9000642124620932 1.8872508661864091 1.599751409125758 1.4171612246972662 1.5525021947341746 1.6702248136420175 1.5749255507166207 1.330671137336402 1.0720017093960386 0.8421623105759637 0.7516680525039479 0.7500663842194877 0.8733948421229423 0.9222457247989864 0.8525731544249564 0.5898995557734423 0.20710083578739402 -0.588127467447221 -1.1943589131155026 -1.5331117552788884 -1.5643442868258672 -1.280849000476367 -1.1975622496844236 -1.103864655043487 -0.9661211825798881 -0.9741295240021903 -0.9813370312822622 -0.9965528799846366 -1.0165737335403924 -0.7683151494490221 -0.3743047514717506 -0.11963949424253872 -0.42555813657448516 -0.8115601931294543 -0.8027510175649217 -0.6545967012523299 -0.6049449844340558 -0.6169574965675093 -0.471205682681608 0.03171815863897409 1.144076782196759 1.811171622674538
1.6518056283707225 1.5837347262811536 1.5068546486270518 1.492439634066908 1.6149672578281318 1.8704333491995748 2.0442143580635332 2.076247723752743 1.9449109244269853 1.6534072966551832 1.3010402740738836 1.1032342409430176 0.9991258024530878 0.9791049488973322 1.024752495004455 1.1496826211923707 1.274612747380286 1.4844312926446053 1.2914302643671207 0.9839099537507137 0.6827963162721487 0.38408518122027413 0.3208192839840862 0.2022958309340126 0.1174074118576085 0.06855652918156485 -0.22615043515915856 -0.3518813954893041 -0.36949974661836915 -0.28541216168419536 -0.017132724037069558 0.17746997252487562 0.08217070959947836 -0.6537958671100996 -1.0213787383937736 -1.175138893701977 -1.142304693870538 -0.9124652950504628 -0.7595059738844896 -0.520857399499882 -0.02514106545937178 0.8870090225408562 1.5220704973294263
1.4219662295506477 1.3835261907235967 1.4523979269553964 1.5725230482899302 1.7158723597491403 1.8624250077772726 2.1411152892733907 2.260439576465695 2.27885876173699 2.0746460554682824 1.7158723597491403 1.3731153468746036 1.1640976357525146 1.0167441535821529 0.9839099537507137 1.0079349780176203 1.059188363120355 1.268206074242444 1.461207102519929 1.7414990523005076 1.7422998864427384 1.7230798670292127 1.7190756963180616 1.599751409125758 1.4307754051151802 1.272210244953595 1.0559850265514341 0.8277472960158194 0.6411529408761769 0.06695486089710423 -0.03875524587728574 0.15264411411573864 0.12461491913768041 -0.4984340435174359 -1.0229804066782342 -1.4778541994650027 -1.5755559648170903 -1.160723879141833 -0.23335794243923091 0.4625669271588362 1.4115553857016545 2.2075845230785 2.570362389508792
1.3659078395945317 1.3402811470431644 1.635788945526118 1.7951549398299336 1.9713384511205834 2.040210187352382 2.260439576465695 2.261240410607925 2.212389527931881 2.2268045424920255 2.0922644065973475 1.7270840377403638 1.3538953274610783 1.1000309043740963 0.9670924367638789 0.7933114278999196 0.7989172668955313 0.8413614764337334 1.034362504711218 1.3322728056208621 1.6550089649396438 1.8480099932171279 2.0394093532101523 2.2396178887677087 2.169945318393679 2.2356137180565576 2.152326967264614 1.919284231875618 1.5797305555700025 1.0503791875558224 0.8381581398648126 0.7044188381123644 0.5738828729288379 -0.1508720257895173 -0.36469474176498773 -0.5144507263620404 0.15664828482688975 0.8773990128340934 1.896860875893172 2.8066084614667095 3.6915301886311096 4.087943089035072 4.484355989439035
1.6069589164058296 1.6157680919703625 1.865628344346193 2.1058785870152614 2.2316095473454065 2.3893738733647614 2.5503415359530366 2.296477112866055 2.2548337374700833 2.328510478555264 2.3789630295157687 2.1010735821618796 1.6822373257754708 1.3234636300563296 1.034362504711218 0.8517723202827261 0.6803938138454577 0.6691821358542347 0.7740914084863944 0.9542790904881953 1.3050444447850347 1.6790339892065504 2.0602310409081386 2.439826424325265 2.8434468320092994 3.0396511968557056 3.1133279379408862 3.0660787235493028 3.0756887332560656 2.8034051248977883 2.543934862815195 2.342124658973178 1.7511090620072705 0.946270749065893 0.8253447935891289 1.242579381691077 1.9889568022496484 2.6088024283358435 3.271092263960241 3.734775232311542 4.300164136726082 4.691772032276663 5.273177619535808
1.9361017488624532 2.0065751533787126 2.176351991531521 2.2171945327852627 2.3765605270890773 2.5239140092594394 2.6128065990469946 2.337319654119797 2.2540329033278526 2.431818082902963 2.6456407988784334 2.410195561062747 2.022591836223318 1.6125647554014413 1.2545918938245304 1.0752050459649594 0.847768149571575 0.7652822329218618 0.8253447935891289 0.9799057830395626 1.32426446419856 1.7911507691187825 2.260439576465695 2.8794843684096603 3.4368649314018973 3.8140578123923343 4.192051527525001 4.316981653712917 4.326591663419679 4.296159966014931 4.039092206359028 3.5385708674651366 2.831434319875846 1.864827510203963 1.8207816323813009 2.27805792759476 2.6360307891716714 3.0660787235493028 3.4857158140779414 3.6250609548260004 3.882929548624134 4.439509277474141 5.092189103391776
2.013782660658785 2.1467211282690024 2.098671079735189 2.1387127868467 2.2187962010697233 2.359743010102243 2.475863960725626 2.363747180813394 2.27965959587922 2.5463373652418855 2.7921934469065657 2.5503415359530366 2.1691444842514493 1.7591174034295727 1.4740204487956121 1.3362769763320133 1.1000309043740963 0.9222457247989864 0.9831091196084834 1.1881226600194212 1.6830381599177016 2.1515261331223843 2.817820139457932 3.496126657926934 4.127984796146583 4.550825223244143 4.931221440803501 5.065761576698179 4.982474825906236 4.928818938376809 4.461932633456588 3.959008792136005 2.9819911386151285 2.1923686743761253 2.1787544939582113 2.5903832430645486 2.9331402559390853 3.061273718695922 3.0708837284026838 3.205423864297362 3.406433233997149 4.001453001674207 4.61248945219587
1.7134698573224498 1.7991591105410847 1.6710256477842482 1.7094656866112987 1.793553271545473 2.0658368799037494 2.495083980139151 2.4238097414806608 2.4077930586360563 2.638433291598362 2.719317539963615 2.2620412447501557 1.883246695475258 1.640593950379499 1.4443895855330942 1.3835261907235967 1.1713051430325865 0.9935199634574765 0.9446690807814324 1.2081435135751772 1.815976627527919 2.6440391305939737 3.3271506539163567 3.9926438261096746 4.586061925502273 4.96485647477717 5.209110888157388 5.323630170496312 5.153853332343504 4.524397696550546 3.978228811549531 3.4504791118198113 2.4294155804762725 2.35013300039548 2.9683769581972155 3.3776032048768605 3.356781517178875 3.3583831854633357 3.195013020448369 3.1181329427942672 3.315938975925133 3.6827210130665775 4.180839849533777
1.274612747380286 1.1088400799386289 1.047976685129132 1.1240559286410035 1.3659078395945317 1.7751340862741771 2.4069922244938264 2.6128065990469946 2.6264207794649086 2.6864833401321753 2.493482311854691 1.8864500320441793 1.285824425371509 1.034362504711218 1.1344667724899962 1.3210611276296391 1.0888192263828733 0.8021206034644521 0.6675804675697741 0.9919182951730159 1.829590807945833 2.715313369252464 3.3647898586011773 3.9742246408383797 4.433903438478529 4.706187046836806 4.950441460217025 5.306812653509477 5.14264165435228 3.9894404895407543 3.3639890244589474 2.77377426163527 2.9811903044728987 3.6939326910578 4.347413351117666 4.309774146432845 4.158416493551332 3.8052486368278022 3.5161475114826897 3.4440724386819697 3.524155852904992 3.819663651387946 4.091947259746222
0.9526774222037346 0.7917097596154594 0.9206440565145257 1.084014221529492 1.299438605789423 1.5452946874541023 1.896860875893172 2.234012049772097 2.6952925156967082 3.0364478602867844 2.7793801006308816 1.9401059195736043 1.2642019035312928 0.8741956762651726 0.9518765880615048 1.2129485184285587 1.0872175580984127 0.8197389545935172 0.7292446965215018 1.1528859577612915 1.910475056311086 2.49027897528577 3.006016162882036 3.293515619942687 3.5113425066293087 3.922971255735645 4.518791857554934 5.056151566991415 5.35486270204329 5.102599947240769 5.060155737702567 5.3292360094919236 5.81293983139898 5.832159850812506 5.547863730320776 5.265169278113504 4.972063982057241 4.5123851844170915 4.166424834973634 3.9670171335583073 3.9878388212562936 4.1391964741378064 4.371438375384573
0.915038217518914 0.9726982757594906 1.0639933679737363 1.1008317385163267 1.1480809529079101 1.3042436106428044 1.563713872725398 2.1186919332909446 2.9067127292454873 3.662700159510822 3.79804112954773 2.872276861129588 1.8848483637597186 1.1432759480545287 0.9326565686479791 1.2081435135751772 1.232168537842084 1.1833176551660403 1.2818202546603579 1.7535115644339618 2.0698410506149005 2.1723478208203697 2.261240410607925 2.418203902485049 2.7617617495018165 3.4368649314018973 4.2641266003257225 5.03372821100897 5.593511276427899 5.840969026377039 6.133273488291071 6.435187959911866 6.600159793211294 6.33908786284424 6.113252634735316 5.913044099177759 5.687208871068835 5.311617658362858 4.947238123648106 4.5972736034934965 4.383450887518025 4.316180819570686 4.405874243500472
1.0423708461335202 1.1456784504812196 1.0367650071379084 0.9254490613679072 0.7877055889043083 0.910233212665533 1.4115553857016545 2.026596006934469 2.776977598204191 3.5842184135722595 4.1968565323783835 3.6691068326486636 2.624018277038218 1.640593950379499 1.232168537842084 1.497244638920289 1.4908379657824473 1.4884354633557568 1.649403125944032 1.869632515057344 1.7951549398299336 1.7631215741407238 1.7895491008343218 2.0922644065973475 2.696894183981168 3.447275775250891 4.25531742476119 5.044939889000192 5.74486892930941 6.2013443903806404 6.573732266517695 6.858829221151657 7.0862661175450405 7.216001248586338 6.996572693615255 6.733899094963741 6.439192130623017 6.123663478584309 5.675997193077611 5.209911722299619 4.770253778215224 4.564439403662057 4.205665707942915
1.4692154439422311 1.5749255507166207 1.1032342409430176 0.348848478962144 0.03972650006127676 0.17186413352926388 1.0864167239561828 1.8007607788255444 2.503893155703684 3.124539615932109 3.4929233213580138 3.4216490826995236 2.612005764904764 2.062633543334829 1.7110673548957593 1.9264917391556904 1.9545209341337482 1.96012677312936 1.9633301096982811 1.865628344346193 1.7727315838474866 1.7999599446833145 1.910475056311086 2.27965959587922 2.9283352510857035 3.6514884815195985 4.367434204673421 5.1146124593742215 5.8681973872128665 6.587346446935609 7.0878677858295 7.647650851248429 7.959976166718217 7.967984508140519 7.630833334261595 7.350541384481016 7.051830249429141 6.721886582830287 6.284631141172584 5.7160389001891225 5.225127571001993 4.658937832445224 4.241703244343276
2.2011778499406582 1.8319933103725234 0.24474004047221465 -0.48722236552621245 -0.5993391454384442 -0.19571873775440984 0.8966190322476191 1.8984625441776326 2.606399925909153 3.0132236701621076 2.868272690418437 2.643238296451743 2.3293113126974947 1.8760391881951857 1.932898412293532 2.3749588588046175 2.5415323603885045 2.800201788328868 2.8034051248977883 2.3581413418177823 2.0970694114507284 2.133907781993319 2.336518819977566 2.6664624865764197 3.254274746973406 3.852497851219385 4.559634398808676 5.150649995774582 5.924255777168982 6.6586206855941 7.4098031110060525 7.981598688558433 8.417252461931676 8.458095003185418 8.152977194995703 7.819029357685698 7.501098203220298 7.072651937127127 6.5833422762244584 6.038775059507904 5.453365301537609 4.859146368002779 4.418687589776155
2.5327231848239715 1.5621122044409375 -0.0019168753346954226 -0.9412953241707509 -1.0582171089363641 -0.6233641697053511 0.7588755597840202 1.8151757933856891 2.6176116039003756 2.9155219048100203 2.7929942810487955 1.896860875893172 1.582133057996693 1.4155595564128056 1.7815407594120196 2.4926814777124604 3.123738781789879 3.3832090438724722 3.5073383359181576 3.0941079185273606 2.8210234760268533 2.7617617495018165 2.961169450917143 3.1926105180216786 3.65789515465744 4.219279888360829 4.547621886675222 5.098595776529617 5.820948172821282 6.616176476055898 7.375367242890153 8.06969044420376 8.515755061425995 8.584626797657794 8.380414091389087 8.044063751652391 7.679684216937638 7.260047126408999 6.7090732365546035 6.1925352148161075 5.605523788561351 5.083379927827243 4.586061925502273
2.463050614449942 1.370712844447913 0.3120101084195537 -0.630571676985423 -1.4017749559531312 -1.4233974777933474 -0.016331889894839247 1.6910465013400038 2.495083980139151 2.440627258467496 2.3877722050803007 1.3835261907235967 0.6323437653116444 0.46096525887437556 1.4355804099685616 2.3805646978002284 3.0180286750154894 3.2887106150893053 3.4440724386819697 3.432860760690746 3.5561892185942017 3.4977283262113947 3.823667822099097 4.063918064768165 4.405874243500472 4.6421203154583885 4.971263147915012 5.278783458531418 5.912243265035528 6.681044041576547 7.291279657955979 7.988005361696276 8.35799073540664 8.418053296073907 8.240268116498797 8.024843732238866 7.659663363381883 7.272860472684684 6.7266915876836695 6.210954400087402 5.746470597593872 5.253957600122282 4.733415407672634
2.2276053766342554 1.5268755021828073 0.6956096625478323 0.15664828482688975 -0.6682108816702437 -1.9087029679848646 -1.199964752111114 0.6435554433028674 1.7326898767359755 1.635788945526118 1.2730110790958253 0.5322394975328657 -0.22134543030577714 -0.24697212285714443 0.8405606422915031 1.7535115644339618 2.1987753475139677 2.4702581217300144 3.0036136604553447 3.407234068139379 3.787630285698737 4.496368501572487 4.85994720214501 5.233936746566526 5.454166135679838 5.624743807974877 5.785711470563152 6.089227610468409 6.4984538571480535 6.935709298805758 7.50830571050037 7.737344275178215 8.056076263785846 8.088109629475055 8.020839561527715 7.805415177267784 7.534733237193967 7.145527844070077 6.680243207434316 6.280626970461432 5.8145414996834415 5.358066038612211 4.887175562980838
2.053023533628066 1.6894448330555432 1.197732669726184 0.7300455306637317 0.18387664566271722 -1.2864548394719786 -1.4370116582112613 -0.5256624043532634 0.5338411658173263 0.5002061318436568 -0.005120211903616223 -0.6081483210029768 -0.6802233938036972 -0.5512890969046307 0.05093817805249978 0.9094323785233027 1.4427879172486335 2.1363102844200097 2.7657659202129676 3.6026375988435544 4.494766833288027 5.297202643802715 5.884214070057471 6.328677018995247 6.573732266517695 6.708272402412373 6.858829221151657 7.00938603989094 7.232818765573173 7.482679017949003 7.54594491518519 7.68769255835994 7.750157621453898 7.722128426475841 7.651655021959581 7.538737407905119 7.316906350507345 7.023000220308852 6.681044041576547 6.304651994728339 5.941874128298046 5.498212013502501 5.073769918120481
1.8047649495366955 1.7118681890379892 1.2690069083846742 0.8661873348428704 0.32962845954861875 -0.5536915993313214 -0.8091576907027636 -0.6049449844340558 -0.47681152167721974 -0.5368740823444866 -0.8700210855122608 -0.9332869827484487 -0.7482942958932663 -0.3454747223514625 -0.01793355817929987 0.7933114278999196 1.5981497408412975 2.4886773070013093 3.4528816142465018 4.505978511279251 5.349256863047678 6.0395758936501345 6.573732266517695 6.885256747845254 7.127909492941013 7.284872984818136 7.4146081158594335 7.53953824204735 7.568368271167637 7.548347417611881 7.470666505815549 7.392985594019217 7.373765574605692 7.40179476958375 7.358549725903318 7.272059638542453 7.145527844070077 6.944518474370291 6.665027358731942 6.403955428364888 6.088426776326179 5.74326726102495 5.283588463384801
