static/data/seaWind_uo/2023/7/8/18.asc
ncols 137
nrows 93
xllcorner 108.0
yllcorner 17.0
cellsize 0.25
NODATA_value -32767
[rows 0 to 18 of 93, columns 0 to 42 of 137]
1.0415700119912898 0.9670924367638789 1.0511800216980527 1.0335616705689876 1.4860329609290654 1.6381914479528086 1.7014573451889965 1.932898412293532 2.1419161234156214 2.413398897631668 2.403788887924905 1.905670051457704 1.027154997431146 -0.13805867951383366 -0.746692627608806 -0.3198480298000952 0.9791049488973322 1.7014573451889965 2.1539286355490748 2.184360332953823 1.2818202546603579 1.5653155410098578 2.0834552310328145 2.687284174274405 2.6552508085851962 2.4206064049117404 2.5951882479179296 2.529519848255051 2.360543844244473 2.0746460554682824 1.8424041542215162 1.915280061164467 1.9977659778141805 1.752710730291731 1.5837347262811536 1.3122519520651066 0.8717931738384821 0.8445648130026542 0.6219329214626512 0.2575533867478983 -0.06758527499757383 -0.2053287474611727 -0.3783089221829017
0.41371604448279253 0.42332605418955493 0.9542790904881953 1.3811236882969062 1.5484980240230235 1.6069589164058296 1.6662206429308664 1.694249837908925 1.5252738338983467 1.7631215741407238 1.8632258419195025 1.6389922820950393 0.5907003899156726 -0.7130575936351364 -1.740527798116517 -1.3232932100145691 0.5594678583686936 1.8736366857684952 1.9665334462672015 1.4099537174171943 0.9582832611993464 0.7748922426286247 1.232168537842084 2.228406210776486 2.670466657287571 1.8952592076087114 2.367751351524545 2.4166022342005893 2.1234969381443265 1.416360390555036 1.1000309043740963 1.002329139022009 1.2193551915664003 1.2834219229448185 1.3210611276296391 1.3514928250343878 1.2577952303934512 1.1608942991835938 0.9046273736699213 0.45856275644768507 0.23032502591207038 0.06855652918156485 0.02531148550113249
-0.33426304436023946 0.21671084549415642 0.9975241341686276 1.5605105361564768 1.74790572543835 1.2105460160018677 1.3058452789272645 1.5717222141477003 1.462808770804389 1.4371820782530218 1.3763186834435248 1.1809151527393493 0.5618703607953841 -0.5568949359002422 -1.5162942382920537 -1.0662254503586663 0.4265293907584762 1.470016278084461 1.5757263848588514 1.896860875893172 1.090420894667334 0.09978906072854343 1.896860875893172 1.8616241736350418 1.5172654924760445 1.2714094108113652 1.4604062683776986 1.6838389940599314 1.884047529617488 1.6734281502109387 1.4099537174171943 1.1312634359210754 0.780498081624236 0.6187295848937304 0.5931028923423631 0.7132280136768969 1.0119391487287714 1.1520851236190612 1.1528859577612915 1.1568901284724427 1.2241601964197817 1.1945293331572633 1.1232550944987731
-1.7573453151033518 -0.8051535199916124 0.45295691745207334 1.2145501867130188 1.645398955232881 1.003129973164239 1.0896200605251036 1.4572029318087774 1.6117639212592114 1.267405240100214 1.0647942021159666 1.168902640605896 0.6171279166092698 -0.33826721507139057 -1.2175831032401792 -0.8804319293612537 0.45295691745207334 1.4315762392574105 1.4099537174171943 1.0367650071379084 0.4265293907584762 0.20389749921847278 2.1050777528730307 2.0057743192364828 1.3338744739053228 0.7428588769394153 0.9734991099017205 1.2513885572556092 1.462808770804389 1.391534532145899 1.207342679432947 0.9582832611993464 0.8221414570202077 0.5690778680754565 0.5426503413818589 0.7428588769394153 1.1224542603565428 1.3266669666252509 1.6325856089571968 2.0970694114507284 2.7401392276616003 3.0933070843851307 2.934741924223546
-1.9006946265625624 -1.4001732876686708 -0.2878146641108863 0.6011112337646654 1.176110147885968 0.903826539527691 1.0712008752538082 1.3931362004303596 1.4363812441107915 1.2409777134066164 1.0816117191028014 1.0607900314048155 -0.3550847320582253 -1.0293870798160758 -0.9653203484376578 -0.576915789455998 0.7164313502458182 1.496443804778059 1.3522936591766177 0.6115220776136585 0.07576403646163676 0.05654401704811152 1.8255866372346818 1.910475056311086 1.3074469472117252 1.3538953274610783 0.9158390516611443 1.1160475872187012 1.1777118161704285 1.2297660354153934 1.07680671424942 1.0047316414486995 0.9983249683108579 0.9887149586040951 1.0511800216980527 1.1456784504812196 1.514862990049354 2.0442143580635332 2.4702581217300144 3.9838346505451425 4.920810596954507 5.255559268406742 4.9480389577903345
-2.439656004283505 -1.7629511540989635 -1.0381962553806083 -0.1468678550783662 0.47217693686559903 0.8141331155979055 0.9694949391905694 1.1600934650413635 1.2738119132380556 1.2281643671309328 1.1753093137437376 0.9526774222037346 -0.6169574965675093 -1.1759397278442074 -1.0718312893542778 -0.3318605419335485 0.26636256231243083 0.9975241341686276 1.2986377716471926 0.571480370502147 0.04373067077242787 0.09017905102178103 1.002329139022009 1.2089443477174076 1.4291737368307196 1.6437972869484203 1.2593968986779118 1.1216534262143125 1.168902640605896 1.1945293331572633 1.3699120103056828 1.3402811470431644 1.5268755021828073 1.5316805070361883 1.5941455701301463 1.8175782958123796 2.014583494801015 2.535125687250663 3.343167336760961 4.835922177878103 5.613532129983653 5.658378841948547 5.349256863047678
-2.546967779342355 -1.9719688652210525 -1.25602314206723 -0.6369783501232649 -0.04115774830397623 0.3776785080824321 0.5770862094977587 0.7644813987796315 1.0720017093960386 1.437982912395252 1.3851278590080573 0.37287350322905066 -0.5200565653576519 -1.0806404649188104 -0.7707176518757128 0.2063000016451637 0.7428588769394153 0.8485689837138053 1.197732669726184 0.564272863222075 0.8998223688165399 1.0599891972625852 1.3074469472117252 1.5525021947341746 1.7727315838474866 1.6205730968237435 1.445190419675324 1.3074469472117252 1.2033385087217958 1.3715136785901434 1.5533030288764045 1.7390965498738171 1.833594978656984 1.9032675490310136 2.212389527931881 2.4526397706009493 2.566358218797641 2.7297283838126076 3.541774204034057 4.571646910942128 4.738220412526015 4.783867958633138 4.526800198977236
-2.6022253351562408 -2.288298351401992 -1.6748593984536386 -0.746692627608806 -0.1740962159141941 0.2014949967917823 0.4913969562791243 0.5314386633906358 0.811730613171215 1.1488817870501404 1.1008317385163267 -0.07719528470433668 -0.6978417449327621 -0.6369783501232649 -0.1244444990959197 0.9358599052168999 1.278616918091437 1.0872175580984127 1.1536867919035219 0.6443562774450977 0.8757973445496332 1.7046606817579177 1.7551132327184216 2.1683436501092186 2.1186919332909446 1.6461997893751108 1.4644104390888497 1.2914302643671207 1.0992300702318665 1.4427879172486335 1.8231841348079914 2.0754468896105123 1.9304959098668415 2.0698410506149005 2.31409546399512 2.598391584486851 2.7025000229767797 2.7473467349416727 2.794595949333256 3.464093292237725 3.477707472655639 3.4817116433667903 3.3599848537477963
-3.16521173714409 -2.793624695149265 -2.0104089040481035 -0.9773328605711111 -0.30623384938218123 0.30640426942394194 0.6171279166092698 0.854174822709417 0.694808828405602 0.9791049488973322 0.7180330185302783 0.16305495796473135 -0.8235727052629076 -0.415147292725492 0.4457494101720014 1.2714094108113652 1.928093407440151 1.5204688290449657 0.93505907107467 0.5626711949376144 0.6819954821299183 1.532481341178419 2.1291027771399373 2.256435405754544 2.1859620012382837 1.6077597505480603 1.5076554827692816 1.3290694690519413 1.1753093137437376 1.3939370345725899 1.9208859001600787 2.113086094295333 1.865628344346193 1.8976617100354018 2.0618327091925983 2.2404187229099395 2.4550422730276398 2.3309129809819544 2.2260037083497948 1.964130943840511 1.9745417876895037 2.080251894463894 2.386971370938071
-3.1419875470194136 -3.1379833763082625 -2.4020167995986843 -1.4946717164518375 -0.6994434132172225 0.24554087461444496 1.1448776163389893 1.5452946874541023 1.1785126503126588 1.2329693719843142 0.9718974416172603 0.2591550550323585 -1.0109678945447806 -0.4007322781653482 0.5002061318436568 1.353094493318848 1.4507962586709358 1.204940177006256 0.4881936197102035 0.16065245553804086 0.5979078971957446 1.6165689261125924 1.681436491633241 1.609361418832521 1.726283203598134 1.3939370345725899 1.3899328638614383 1.5228713314716562 1.554904697160865 1.3723145127323737 1.335476142189783 1.4243687319773382 1.3410819811853947 1.5701205458632397 1.7134698573224498 1.9481142609959066 2.2596387423234643 2.016985997227706 1.645398955232881 1.3074469472117252 1.07680671424942 1.3450861518965458 1.685440662344392
-2.6646903982501984 -2.8072388755671787 -3.0474891182362467 -2.6598853933968174 -0.8323818808274401 0.1110007387197669 1.0679975386848874 1.7102665207535295 1.6109630871169807 1.6253781016771254 1.3002394399316533 0.5979078971957446 -0.6353766818388045 -0.49442987280628437 0.36406432766451813 1.1184500896453917 1.2489860548289187 0.8549756568516473 0.28398091344149545 0.0845732120261693 1.003129973164239 1.7358932133048968 1.5829338921389229 1.2561935621089906 1.3410819811853947 1.2906294302248904 1.384327024865827 1.4748212829378424 1.5044521462003613 1.3082477813539555 1.0671967045426571 0.9158390516611443 0.9734991099017205 1.2946336009360415 1.699054842762306 2.0610318750503684 2.3293113126974947 2.0618327091925983 1.654208130797413 1.2281643671309328 0.9791049488973322 1.2257618647042423 1.5885397311345346
-2.228235790734725 -2.5325527647822113 -2.2690783319884664 -1.658842715609034 -1.0005570506957877 -0.4375706487079385 0.3856868495047343 1.1520851236190612 1.5933447359879165 1.5308796728939584 0.7076221746812856 -0.13485534294491286 -0.16448620620743126 1.027154997431146 1.5757263848588514 1.5973489066990676 1.2161518549974795 0.6203312531781906 0.867789003127331 1.1536867919035219 0.6507629505829393 1.0015283048797787 1.3450861518965458 1.5212696631871956 1.278616918091437 1.3691111761634525 1.7591174034295727 1.932898412293532 1.3410819811853947 0.8974198663898494 0.6491612822984791 0.5698787022176863 0.6587712920052415 1.020748324293304 1.518867160760505 2.0554260360547567 2.620814940469297 2.6576533110118876 2.210787859647421 1.6157680919703625 1.200135172152875 1.1929276648728027 1.4427879172486335
-2.424440155581131 -2.1313348595248676 -1.778967836943568 -1.153516371861761 -0.45438816569477325 -0.19651957189664016 0.08617488031062948 0.5698787022176863 0.8717931738384821 0.2943917572904886 -0.4744090192505288 -0.8115601931294543 -0.13005033809153144 0.9518765880615048 1.3290694690519413 1.2017368404373352 0.3344334644019997 1.7318890425937457 1.6998556769045359 0.9783041147551019 -0.0852036261266389 0.16385579210696166 0.6283395946004933 0.9879141244618648 1.506053814484821 1.4123562198438848 1.5372863460318 1.3947378687148198 0.9230465589412162 0.36886933251789955 0.017303144078830268 -0.07399194813541543 0.18707998223163802 0.6019120679068957 1.1288609334943849 1.7150715256069105 2.257236239896774 2.398983883071524 2.220397869354183 1.8039641153944657 1.6229755992504349 1.5741247165743908 1.5813322238544623
-1.967163860367671 -1.6676518911735665 -1.2287947812314024 -0.6265675062742719 -0.02193772889045098 -0.06278027014419241 0.1462374409778966 0.2599558891745888 0.4705752685811384 -0.16768954277635206 -1.0333912505272271 -1.3785507658284546 -0.206129581603403 0.8741956762651726 0.903826539527691 0.15584745068465944 -0.1997229084655614 0.9358599052168999 1.4860329609290654 1.0119391487287714 0.2054991675029334 0.7460622135083366 1.0047316414486995 1.2241601964197817 1.936902583004683 1.487634629213526 0.7020163356856739 0.2911884207215678 -0.3126405225200233 -0.5608991066113933 -0.7867343347203173 -0.5953349747272931 -0.36309307348052755 -0.08760612855332939 0.2615575574590494 0.7917097596154594 1.2690069083846742 1.3875303614347478 1.299438605789423 1.402746210137122 1.6101622529747508 1.9184833977333882 1.928093407440151
-1.2335997860847836 -0.5304674092066448 -0.1436645185094454 0.002888129518686 0.3456451423932232 -0.029946070312753204 0.12941992399106184 0.32562428883746763 0.6019120679068957 0.3416409716820721 -0.6513933646834089 -1.6188010084975226 -0.7474934617510363 0.5474553462352403 0.47538027343451983 -0.23736211315038203 -0.2862129958264257 0.9006232029587702 1.4644104390888497 1.762320739998494 1.3987420394259709 1.6173697602548232 1.2762144156647466 1.4347795758263313 2.108281089441952 1.380322854154676 0.5154219805460309 -0.6217625014208905 -1.3048740247432737 -1.591572647661695 -1.5875684769505438 -1.39696995109975 -1.1479105328661494 -0.8820335976457143 -0.588127467447221 -0.28861549825311617 0.31441261084624417 0.6379496043072557 1.051980855840283 1.2233593622775514 1.7358932133048968 2.0962685773084986 2.0970694114507284
-0.8716227537967214 -0.09241113340671081 0.7580747256417899 0.9166398858033746 0.6107212434714282 -0.5152515605042705 -0.3510805613470742 0.4345377321807784 0.8461664812871148 0.5730820387866076 -0.6057458185762861 -1.57395429653263 -0.9893453727045647 0.4625669271588362 0.3816826787935832 -0.4752098533927591 -0.3863172636052039 0.7772947450553152 1.0687983728271178 1.3603020005989204 1.2089443477174076 1.631784774814967 1.2954344350782718 1.4564020976665475 2.077048557894973 1.4820287902179148 0.4129152103405622 -0.7306759447642015 -1.9495455092386063 -2.365979263198324 -2.3603734242027126 -2.188194083623214 -2.0007988943413406 -1.7141002714229197 -1.3577290781304687 -1.0518104357985223 -0.3126405225200233 0.8341539691536615 1.2561935621089906 1.6878431647710825 1.9937618071030294 2.193169508518356 1.9793467925428856
-1.1134746647502498 -0.45118482912585245 0.40170353234933875 1.249786888971149 0.7244396916681204 -0.5440815896245585 -1.0269845773893853 -0.2389637814348422 0.8781998469763237 0.5090153074081893 -0.6722150523813948 -1.1975622496844236 -0.5544924334735515 0.6627754627163926 -0.39192310260081564 -1.2504173030716184 -0.026742733743832403 0.6115220776136585 0.9062290419543815 0.05253984633695996 -0.3190471956578649 0.7604772280684804 1.4556012635243172 1.6173697602548232 1.8688316809151142 1.824785803092452 0.7516680525039479 -0.5144507263620404 -1.9831805432122758 -2.4620793602659514 -2.8512847533898413 -2.677503744525882 -2.6078311741518525 -2.207414103036739 -1.8502420756020581 -1.2760439956229856 -0.48161652653060116 0.9174407199456049 1.6245772675348946 2.057828538481447 2.3973822147870636 2.1723478208203697 1.9577242707026694
-1.5395184284167303 -0.9685236850065786 0.15905078725358024 1.1272592652099243 0.8413614764337334 0.0813698754572485 -0.5785174577404584 -1.0590179430785942 0.44975358088315254 0.2287233576276102 -0.10602531382462477 -0.5753141211715374 -0.2349596107236911 -0.33906804921362044 -1.4490241703447146 -1.2055705911067258 0.7893072571887685 1.074404211822729 0.719634686814739 -0.2677938105551303 -1.1094704940390985 0.921444890656756 1.5773280531433111 1.4940413023513677 1.4507962586709358 1.6646189746464066 1.5981497408412975 0.3856868495047343 -0.7130575936351364 -1.4986758871629886 -1.9751722017899733 -2.6959229297971774 -2.6598853933968174 -2.1929990884765953 -1.9831805432122758 -1.4097832973754336 -0.4752098533927591 0.9582832611993464 1.6229755992504349 1.838399983510365 2.5471381993841162 2.1603353086869164 1.9849526315384964
-1.666050222889106 -1.2832515029030578 -0.33826721507139057 0.9222457247989864 1.2714094108113652 0.9751007781861811 -0.04916608972627845 -0.8323818808274401 -0.2942213372487279 0.5170236488304916 0.23032502591207038 -0.6105508234296675 -1.0430012602339898 -1.9054996314159438 -1.729316120125294 -0.8772285927923329 0.7692864036330129 1.0311591681422971 0.9030257053854607 0.8085272766022942 -0.08600446026886921 0.9222457247989864 1.0712008752538082 1.1472801187656798 1.1312634359210754 1.6421956186639597 1.8736366857684952 2.0786502261794335 1.762320739998494 0.6419537750184068 -0.20052374260779127 -1.0638229479319756 -1.8902837827135694 -2.0040022309102614 -1.832623724472993 -1.5379167601322696 -0.6882317352259995 1.0407691778490595 1.6277806041038159 1.7767357545586377 1.9881559681074177 1.5132613217648934 1.3026419423583437
