static/data/seaWind_uo/2023/7/8/6.asc
ncols 137
nrows 93
xllcorner 108.0
yllcorner 17.0
cellsize 0.25
NODATA_value -32767
[rows 0 to 18 of 93, columns 43 to 85 of 137]
2.6080015941936128 2.7081058619723914 2.2396178887677087 1.4483937562442453 1.0848150556717222 0.7708880719174735 -0.31504302494671377 -1.1663297181374446 -1.4041774583798219 -1.1262880110259332 -0.4479814925569312 0.18467747980494753 0.4009026982071089 -0.39192310260081564 -0.7098542570662154 -0.711455925350676 -0.4984340435174359 -0.43196480971232676 -0.4343673121390177 -0.4383714828501688 0.014900641652139335 0.46176609301660587 0.7604772280684804 0.9614865977682672 0.5386461706707077 -0.10122030897124334 -0.7242692716263597 -0.7122567594929061 -0.6746175548080855 -0.7731201543024033 -1.6252076816353644 -2.3948092923186124 -2.7848155195847326 -2.5477686134845854 -2.4212368190122096 -2.558980291475809 -3.013053250120347 -3.186834258984306 -3.1051491764768233 -2.888923958074662 -3.089132493632219 -3.2837351901941636 -3.411868652951
3.190208015594988 2.5743665602199433 1.6101622529747508 0.39209352264257635 0.9054282078121516 1.002329139022009 0.3272259571219278 -0.920473636472765 -1.5531326088346442 -1.6540377107556528 -1.4370116582112613 -0.7899376712892381 -0.49042570209513325 -0.7675143153067918 -0.9549095045886649 -0.7322776130486619 -0.4007322781653482 -0.5160523946465008 -0.6049449844340558 -0.4103422878721106 0.2127066747830053 1.1320642700633057 1.8816450271907974 2.251630400901162 1.7455032230116587 1.140072611485608 0.2895867524371072 -0.6706133840969344 -1.2504173030716184 -1.8542462463132092 -2.6246486911386873 -3.484744559893951 -3.362216936132726 -3.0506924548051675 -3.0675099717920027 -3.7778498559502136 -4.181470263634248 -4.315209565386695 -3.902779982138129 -3.525587101147692 -3.2693201756340198 -3.417474491946612 -3.6785464223136657
2.48947814114354 2.1323061137088586 1.6734281502109387 1.3442853177543155 1.88805170032864 1.936902583004683 1.1745084796015077 -0.5592974383269329 -1.5299084187099674 -1.9831805432122758 -2.3851992826118495 -1.966363026225441 -1.4041774583798219 -0.7442901251821152 -1.160723879141833 -1.1222838403147821 -0.9148677974771535 -0.8844361000724048 -0.9028552853437002 -0.7306759447642015 -0.28140799097304425 0.5506586828041611 1.5484980240230235 2.4574447754543303 3.176593835177074 3.262283088395708 2.306087122572818 -0.2838104933997352 -1.5227009114298955 -2.426041823865591 -3.27092184391848 -4.455355540276985 -4.246337829154896 -3.7962690412215085 -3.7522231633988463 -4.147835229660578 -4.218308634176838 -4.023705937614893 -3.8315057434796387 -3.80107404607489 -3.741011485407623 -3.492752901316253 -3.3742294482661794
0.8597806617050288 1.406750380848273 1.6245772675348946 2.189165337807205 2.435822253614114 2.2628420788923855 1.2417785475488468 -0.36549557590721804 -1.2904590101831297 -1.8758687681534254 -2.7055329395039402 -2.927363996901713 -2.675902076241422 -1.6548385448978828 -1.7317186225519845 -1.525103413856586 -1.2784464980496764 -1.1823464009820492 -1.160723879141833 -1.001357884838018 -0.6642067109590926 0.23593086490768211 1.2121476842863284 2.296477112866055 3.6691068326486636 4.084739752466151 3.1077220989452745 -0.17169371348750317 -1.301670688174353 -1.987985548065657 -2.6038270034407014 -3.818692397203955 -3.914792494271582 -3.596060505663952 -3.273324346345171 -3.3878436286840934 -3.6889572661626584 -4.324018740951228 -4.175063590496405 -3.909987489418201 -3.4743337160449577 -3.097140835054521 -2.9393765090351662
-0.013929387468148757 0.5842937167778306 1.4059495467060432 1.915280061164467 2.282862932448141 2.1499244648379237 1.2329693719843142 -0.390321434316355 -1.2311972836580931 -1.793382851503712 -2.2546633174283226 -3.3966528042486255 -3.330984404585747 -2.959397362590922 -2.4348509994301235 -2.132135693667098 -1.517895906576514 -1.3224923758723388 -1.2856540053297485 -1.1391013573016169 -0.8235727052629076 0.11180157286199677 1.207342679432947 2.369353019809006 4.138395639995576 4.398666736220401 3.2526730786889453 -0.21734125959462602 -0.881232763503484 -1.4690450239004702 -1.524302579714356 -2.090492318271126 -2.344356741358108 -2.398012628887533 -2.2010074298988975 -2.3195308829489707 -3.1275725324592694 -4.076560991002088 -4.22231280488799 -3.920398333267194 -3.464723706338195 -2.7535829880377536 -2.522141920933218
-1.163927215710754 -0.2053287474611727 0.6371487701650254 1.2481852206866884 1.762320739998494 1.6285814382460457 1.0615908655470458 -0.5641024431803143 -1.5050825603008304 -2.5085277405153046 -2.7671971684556675 -3.682550593024817 -3.9195974991249636 -3.6489155590511473 -3.147593386015025 -2.497316062524081 -1.8726654315845046 -1.5259042479988163 -1.4137874680865847 -1.266433985916223 -1.0173745676826225 -0.33586471264469964 0.7668839012063224 2.1323061137088586 4.027880528367804 3.985436318829603 2.144318625842312 -0.8508010660987353 -1.199964752111114 -1.2376039567959347 -1.3601315805571594 -1.329699883152411 -1.6516352083289618 -1.7517394761077403 -2.0392389331683916 -2.037637264883931 -2.8480814168209205 -2.6158395155741547 -2.8520855875320716 -2.828060563265165 -3.2653160049228687 -2.446863511563577 -2.0112097381903338
-2.4292451604345118 -1.4674433556160098 -0.4479814925569312 0.6195304190359607 1.141674279770068 1.1769109820281982 0.6187295848937304 -0.8475977295298145 -2.108110669400191 -3.1147591861835857 -3.461520369769274 -3.7418123195498536 -3.9796600597922307 -3.9636433769476263 -3.6393055493443844 -2.9858248892845194 -2.295505858682064 -1.7485361395388193 -1.6155976719286018 -1.4770533653227726 -1.3032723564588133 -0.7659126470223314 -0.1764987183408846 1.1408734456278382 2.831434319875846 2.0922644065973475 0.24474004047221465 -1.3961691169575197 -1.2400064592226254 -1.2784464980496764 -1.6180001743552923 -1.1871514058354304 -1.4898667115984563 -1.7381252956898265 -2.13934320094717 -2.2058124347522785 -2.2682774978462366 -2.050450611159615 -2.185791581196523 -2.7191471199218538 -3.158004229864018 -2.225032454165804 -1.1839480692665096
-1.9295246556828505 -2.6518770519745147 -2.040840601452852 -0.3823130928940528 0.5850945509200609 0.7676847353485523 0.03972650006127676 -1.1383005231593868 -2.45887602369703 -3.354208594710424 -3.8563316018887757 -4.1246110395359015 -4.199088614763313 -4.195084444052162 -3.960440040378705 -3.4671262087648858 -2.7768071781624304 -2.0816831427065936 -1.669253559458027 -1.5963776525150764 -1.5691492916792487 -1.344114897712555 -1.0574162747941338 -0.24136628386153314 1.130462601778845 0.755672223215099 -0.2942213372487279 -1.1927572448310422 -0.9957520458424063 -1.1559188742884516 -1.8806737730068068 -1.4906675457406864 -1.613195169501911 -1.605987662221839 -1.955952182376448 -2.2450533077215598 -2.273883336841848 -2.330742560940194 -2.301912531819906 -2.7728030074512793 -2.7535829880377536 -1.96235885551429 -0.7306759447642015
-0.803551851707152 -2.7319604661975374 -2.6014245010140105 -1.2536206396405394 0.036523163492355515 0.4937994587058152 -0.48321819481506134 -1.5331117552788884 -2.681507915237033 -3.391046965253014 -3.938817518538489 -4.175063590496405 -4.312807062960005 -4.285578702124177 -4.089374337277771 -3.749820660972156 -3.104348342334593 -2.2947050245398337 -1.8470387390331373 -1.7341211249786754 -1.5795601355282416 -1.4626383507626284 -1.4057791266642823 -1.1334955183060054 -0.39512643916973644 0.033319826923434714 -0.48161652653060116 -0.6449866915455671 -0.24857379114160505 -0.23015460587030967 -1.146308864581689 -1.6828677398759408 -1.6404235303377388 -1.4049782925220522 -1.7389261298320566 -1.931126323967311 -1.7989886904993235 -2.0080064016214125 -1.8830762754334973 -2.101703996262349 -1.9415371678163038 -1.8430345683219862 -0.22454876687469838
-0.5376749164867167 -2.407622638594296 -2.7151429492107026 -1.698083588578315 -0.5512890969046307 0.2935909231482583 -0.07559361641987605 -1.1030638209012567 -1.8158062074861583 -2.4388551701412746 -3.0066465769825053 -3.5944588373794915 -3.7818540266613647 -3.9123899918448917 -4.164652746647413 -3.83550991419079 -3.298951038896538 -2.31712838052228 -1.92712215325616 -1.6332160230576669 -1.3961691169575197 -1.050208767514062 -1.0662254503586663 -0.9933495434157158 -0.9613161777265067 -0.6473891939722578 -0.6890325693682295 -0.41754979515218293 0.08937821687955072 0.4962019611325057 -0.39672810745419707 -1.0189762359670829 -1.280849000476367 -1.0846446356299615 -1.5803609696704717 -1.252819805498309 -0.9324861486062186 -0.9244778071839161 -1.3224923758723388 -1.7084944324273081 -2.0032013967680316 -1.9319271581095414 0.15264411411573864
-1.4674433556160098 -3.471130379476037 -3.082725820494377 -1.8334245586152234 -0.42155396586333405 0.5506586828041611 0.847768149571575 0.6475596140140185 0.36566599594897875 0.3560559862422159 -0.2133370888834749 -1.2023672545378048 -1.976773870074434 -2.3948092923186124 -2.9441815138885477 -3.4182753260888417 -3.2380876440870408 -2.24585414186379 -1.8342253927574537 -1.5018792237319096 -1.1086696598968684 -0.5745132870293073 -0.3206488639423255 -0.22695126930138887 -0.3286572053646277 -0.6241650038475812 -0.6049449844340558 -0.4920273703795939 -0.2677938105551303 -0.009124382614767335 -0.029145236170522892 -0.11963949424253872 -0.3502797272048439 -0.8219710369784472 -0.8403902222497424 -0.33746638092916026 0.21350750892523562 0.27677340616142354 -0.21413792302570522 -0.8924444414947073 -1.3505215708503968 -1.2087739276756466 0.4097118737716414
-1.4322066533578799 -3.2164651222468246 -2.693520427370487 -1.4049782925220522 -0.09561446997563161 0.4937994587058152 0.1430341044089758 -0.02514106545937178 -0.006721880188076401 0.2895867524371072 0.5130194781193405 0.2575533867478983 0.1726649676714942 0.5378453365284774 0.0036889636609163112 -1.2960648491787414 -2.214621610316811 -2.040840601452852 -1.7036894275739267 -1.3953682828152894 -0.9420961583129812 -0.170092045203043 0.3015992645705605 0.4593635905899154 0.2951925914327189 -0.22775210344361918 -0.4487823266991615 -0.4127447902988015 -0.07799611884656654 0.6179287507515001 1.272210244953595 0.9943207975997068 0.20389749921847278 -0.8884402707835561 -0.5697082821759258 -0.08760612855332939 0.4305335614696273 0.8053239400333729 0.712427179534667 0.036523163492355515 -0.8227718711206775 -1.6780627350225594 -0.733078447190892
0.4193218834784038 -0.5080440532241983 -0.5568949359002422 -0.21413792302570522 0.5002061318436568 0.18147414323602673 -0.6033433161495954 -0.6610033743901718 -0.4655998436859963 -0.40313478059203867 -0.3895206001741247 -0.2085320840300935 0.015701475794369646 0.6099204093291979 0.5514595169463914 -0.48001485824614054 -1.3625340829838501 -1.4906675457406864 -1.4418166630646425 -1.3697415902639223 -1.0045612214069388 -0.33666554678692995 0.15744911896912006 0.42733022490070605 0.4625669271588362 0.06455235847041374 -0.34387305406700186 -0.00031520705023480033 0.7076221746812856 2.211588693789651 2.3965813806448337 1.735092379162666 0.45295691745207334 -0.49042570209513325 -0.24697212285714443 -0.061178601859731785 0.24874421118336576 0.4713761027233687 0.5450528438085493 0.09818739244408325 -0.6786217255192366 -1.884677943717958 -1.4322066533578799
0.7476638817927967 0.5162228146882613 0.5018078001281174 0.6491612822984791 0.5482561803774706 0.2591550550323585 -0.4143464585832617 -0.6001399795806746 -0.48722236552621245 -0.958913675299816 -1.163927215710754 -0.9741295240021903 -0.6569992036790206 -0.2389637814348422 -0.12364366495368984 -0.13725784537160335 -0.683426730372618 -0.934087816890679 -1.2015664203955747 -1.146308864581689 -1.0141712311137017 -0.6097499892874372 -0.1476686892205965 0.21831251377861705 0.2823792451570353 0.02210814893221169 -0.5464840920512493 -0.30943718595110203 0.5002061318436568 2.0834552310328145 2.684080837705485 2.2131903620741116 1.0375658412801387 0.39769936163818764 0.054942348763650894 0.019705646505520757 -0.3510805613470742 -0.28140799097304425 0.001286461234225822 0.21110500649854513 -0.3719022490450601 -1.6844694081604012 -1.8934871192824905
1.2658035718157534 1.0375658412801387 1.0503791875558224 1.1713051430325865 1.0992300702318665 0.5002061318436568 -0.3598897369116063 -0.5416790871978678 -0.5368740823444866 -0.8323818808274401 -0.7619084763111803 -0.2317562741547703 0.13502576298667357 0.3200184498418559 0.29919676214387003 0.2975950938594094 0.1430341044089758 -0.15807953306958922 -0.49442987280628437 -0.7875351688625476 -0.7066509204972946 -0.8211702028362171 -0.591330804016142 -0.23976461557707252 -0.09000863098002032 -0.22935377172807936 -0.7474934617510363 -0.9461003290241323 -0.2101337523145541 1.1456784504812196 2.522312340974979 2.2139911962163414 2.0882602358861964 1.6910465013400038 1.1088400799386289 -0.09401280169117143 -0.6049449844340558 -0.9100627926237721 -0.36549557590721804 -0.1997229084655614 -0.6874309010837691 -1.9183129776916275 -2.0456456063062336
2.0474176946324545 1.7895491008343218 1.71266902318022 1.833594978656984 1.4283729026884893 0.48659195142574285 -0.6674100475280136 -0.5288657409221844 -0.5096457215086589 0.0325189927812044 0.2591550550323585 0.7853030864776174 0.995922465884167 1.1544876260457517 1.1544876260457517 1.1544876260457517 1.0007274707375484 0.7468630476505664 0.37287350322905066 0.07256069989271596 -0.43116397557009645 -0.6986425790749924 -0.6818250620881576 -0.8307802125429797 -0.6858292327993087 -0.6497916963989485 -1.050208767514062 -1.2472139665026976 -0.9957520458424063 0.08937821687955072 1.5901413994189952 2.80981179803563 2.70169918883455 2.9988086556019637 2.373357190520157 1.161695133325824 -0.4383714828501688 -1.1599230449996027 -0.6497916963989485 -0.49442987280628437 -0.9813370312822622 -2.0968989914089677 -2.1057081669735003
2.8930985488275742 2.723321710674766 2.5407315262462737 1.9232884025867691 1.5172654924760445 0.4145168786250224 -0.8451952271031238 -0.7058500863550643 -0.00031520705023480033 0.7780955791975455 0.9134365492344538 1.1104417482230895 1.3218619617718694 1.5004479754892102 1.6614156380774854 1.6614156380774854 1.6638181405041759 1.5004479754892102 1.180114318597119 0.7973155986110707 0.2911884207215678 -0.23095544001253998 -0.7066509204972946 -0.8556060709521167 -1.036594587096148 -0.983739533708953 -1.2752431614807556 -1.146308864581689 -0.8932452756369373 -0.471205682681608 1.0279558315733763 2.251630400901162 3.2254447178531183 3.6907293544888797 3.1613779864746996 2.13550945027778 0.5306378292484055 -0.9989553824113273 -0.6978417449327621 -0.5432807554823285 -0.7555018031733385 -1.8021920270682446 -1.7757645003746472
3.074887899113835 3.4232507509839833 2.893899382969804 2.133907781993319 0.9190423882300651 0.16545746039142228 -0.7210659350574387 -0.24537045457268425 0.42492772247401556 0.8101289448867544 0.890212359109777 1.0968275678051755 1.3987420394259709 1.5925439018456857 1.7759349204164079 1.8103707885323073 1.8207816323813009 1.8888525344708698 1.7951549398299336 1.4195637271239567 1.0239516608622248 0.4041060347760297 -0.22134543030577714 -0.6746175548080855 -0.8900419390680165 -0.9781336947133414 -0.9012536170592396 -0.7482942958932663 -0.26699297641290043 -0.029946070312753204 1.4435887513908638 2.458245609596561 3.472902467802258 3.428055755837365 2.907513563387718 1.946512592711446 1.0407691778490595 -0.573712452887077 -0.3502797272048439 -0.19411706946994967 -0.39832977573865724 -1.0926529770522637 -1.0998604843323359
3.0796929039672167 3.6290651255371524 2.8794843684096603 1.051980855840283 -0.5809199601671491 -0.683426730372618 -0.31103885423556266 0.04533233905688805 0.3608609910955973 0.5346419999595566 0.7276430282370412 1.144076782196759 1.4708171122266913 1.6838389940599314 1.7318890425937457 1.771129915563026 1.7551132327184216 1.8976617100354018 1.896860875893172 1.8624250077772726 1.5629130385831673 1.002329139022009 0.5290361609639449 0.0325189927812044 -0.31424219080448346 -0.5745132870293073 -0.42235480000556436 -0.12284283081145952 0.4041060347760297 1.3082477813539555 2.5135031654104467 3.2839056102359243 3.118933776936498 2.5319223506817417 1.9665334462672015 1.3258661324830205 0.5610695266531542 -0.21573959131016585 0.008493968514297734 0.17026246524480326 0.20069416264955198 -0.2934205031064976 -0.5112473897931191
