static/data/thetao/2023/7/16/0.asc
ncols 137
nrows 93
xllcorner 108.0
yllcorner 17.0
cellsize 0.25
NODATA_value -32767
[rows 0 to 26 of 93, columns 61 to 121 of 137]
-32767.0 -32767.0 -32767.0 -32767.0 -32767.0 -32767.0 -32767.0 -32767.0 -32767.0 -32767.0 -32767.0 -32767.0 -32767.0 -32767.0 -32767.0 -32767.0 -32767.0 -32767.0 -32767.0 22.026539 21.396267 20.689388 21.18714 21.095936 21.092419 21.603262 22.186365 22.909597 23.119234 23.021746 23.14982 23.117476 22.753149 23.044355 22.715488 23.10545 23.35996 23.273966 23.149038 22.703781 22.23407 22.175507 22.146132 22.348207 22.577185 22.035257 21.684502 20.715975 20.360023 20.48247 20.880796 21.29309 21.010904 21.083996 21.42914 21.535818 21.556606 21.432545 21.48606 21.14933 20.891115
24.765276 25.162031 25.579113 25.78755 25.989948 26.165283 26.678438 -32767.0 -32767.0 -32767.0 -32767.0 -32767.0 -32767.0 -32767.0 -32767.0 -32767.0 -32767.0 -32767.0 21.630606 19.71743 20.813236 21.647127 22.143854 22.371912 22.334686 22.13576 22.640905 22.981337 23.196375 23.247332 22.726288 22.529013 22.446093 22.586674 22.422838 22.560547 22.912588 22.525928 22.538126 21.901312 21.511827 22.491146 21.894148 21.257385 21.461084 21.549948 21.068573 21.249643 21.470953 21.472042 21.50478 21.556057 21.839615 21.415375 21.393833 20.965006 20.45815 20.474142 21.429747 21.661871 21.612036
25.401554 24.465233 23.573084 23.528797 24.027271 24.861542 25.822636 25.595528 25.466393 -32767.0 -32767.0 -32767.0 -32767.0 -32767.0 -32767.0 -32767.0 -32767.0 -32767.0 22.183163 21.024277 22.389053 23.276106 22.510202 20.881067 20.19921 20.479933 20.95373 21.206015 21.374987 21.18123 21.064379 21.289402 22.210882 22.52371 22.469969 22.298975 22.716053 23.351585 22.130863 21.375423 21.446842 22.66263 21.488613 21.01894 20.809414 21.138039 21.364677 21.629581 21.713617 21.61094 21.434422 21.209913 21.030611 21.588493 22.228945 20.792076 19.701265 20.305067 20.64719 21.333622 21.424269
23.375149 23.051907 23.276218 23.053026 22.94248 22.87693 23.419209 24.33775 24.696714 -32767.0 -32767.0 -32767.0 -32767.0 -32767.0 -32767.0 -32767.0 -32767.0 24.940714 22.905083 22.630598 22.640251 23.090504 20.67489 20.451864 20.418774 20.346876 19.420794 19.262335 20.429644 20.539148 20.445654 20.425508 22.152937 22.502773 22.547852 22.311903 22.265068 22.426384 21.107044 21.657597 21.852873 22.41039 22.637903 21.752848 20.883606 21.351797 21.91169 21.858898 21.633482 21.755728 20.997818 21.071749 21.106672 21.883783 22.0078 21.531363 20.79739 20.654737 20.853138 21.387732 22.312155
23.317432 23.407753 23.385864 23.333685 23.100256 23.342829 23.40404 24.13006 -32767.0 -32767.0 -32767.0 -32767.0 -32767.0 -32767.0 -32767.0 -32767.0 -32767.0 -32767.0 -32767.0 24.129927 22.691187 22.971869 20.144194 20.652946 20.973324 21.185894 19.083342 21.072115 22.21838 22.178076 21.354696 21.193987 20.563318 21.422474 21.80336 21.85447 21.445427 20.3826 22.22792 22.109257 22.058659 22.356928 22.782154 22.335443 20.924719 21.551323 21.656635 22.05576 21.859673 21.61116 21.13617 21.168404 21.036898 21.193539 21.439957 21.975409 21.539297 21.757448 22.23002 22.595959 22.680433
23.502253 23.519634 23.464241 23.340015 23.199472 22.992163 23.579008 24.11177 -32767.0 -32767.0 -32767.0 -32767.0 -32767.0 -32767.0 -32767.0 -32767.0 -32767.0 -32767.0 -32767.0 -32767.0 24.313187 22.706839 20.09278 20.471378 21.102581 20.433031 19.335318 21.554533 23.261759 23.294483 22.994661 22.313211 21.492552 21.297215 20.999498 20.643927 20.538546 21.634417 22.197304 21.842081 22.079588 22.20596 22.469313 22.20908 20.907068 21.097599 21.26329 21.51044 21.487074 21.50906 21.514757 21.55936 21.381895 21.061144 21.553432 21.907066 21.950508 22.057941 22.321583 22.784378 22.695757
23.908157 23.802631 23.629955 23.408203 23.351809 23.120056 23.974245 24.73843 -32767.0 -32767.0 -32767.0 -32767.0 -32767.0 -32767.0 -32767.0 -32767.0 -32767.0 -32767.0 -32767.0 -32767.0 -32767.0 23.453974 22.342125 21.505217 21.330828 21.337797 19.683641 21.7283 23.295778 22.97158 22.854155 22.822208 22.4074 21.523159 20.962244 21.497242 22.288973 23.036037 21.9917 22.125916 22.203033 22.150713 21.743872 21.58971 21.644321 21.694294 21.81098 21.552069 21.71437 21.63802 21.5802 21.670464 21.59132 21.53387 21.913748 22.377743 22.386875 21.706604 22.167278 22.556805 22.71605
23.909615 23.902588 23.81294 23.683292 23.570686 23.790716 24.338526 -32767.0 -32767.0 -32767.0 -32767.0 -32767.0 -32767.0 -32767.0 -32767.0 -32767.0 -32767.0 -32767.0 -32767.0 -32767.0 -32767.0 -32767.0 23.029171 22.668228 22.127726 21.775255 18.957989 21.268093 23.179432 22.61598 22.449837 22.01094 21.64033 22.197458 22.395658 21.665665 21.735779 22.260748 22.052813 22.303469 22.166117 21.36094 21.937826 22.584486 22.659214 22.450912 22.106487 22.19091 22.1548 21.774097 21.5283 21.851727 22.063704 22.090096 22.103807 22.00803 22.251999 22.20431 22.077173 22.774967 22.840405
23.855358 24.04409 24.036314 23.979736 23.815914 23.790382 -32767.0 25.768154 -32767.0 -32767.0 -32767.0 -32767.0 -32767.0 -32767.0 -32767.0 -32767.0 -32767.0 -32767.0 -32767.0 -32767.0 -32767.0 -32767.0 23.234018 22.944761 22.811123 21.560663 18.091553 21.318134 23.024052 22.581285 22.157785 22.204271 21.888556 21.45392 21.407896 21.624157 22.143896 22.356533 22.033747 22.250767 22.493563 22.620136 22.834345 22.790422 22.468344 22.347282 22.315254 22.762424 22.47583 22.24842 22.600666 22.92173 23.009352 22.702057 22.71095 23.005457 22.894741 22.64331 22.39387 22.816963 -32767.0
23.824001 24.00115 24.252056 24.148405 23.814713 23.738913 24.223534 24.70916 25.524538 26.05094 25.507406 25.530863 26.44381 -32767.0 -32767.0 -32767.0 -32767.0 -32767.0 -32767.0 -32767.0 -32767.0 -32767.0 -32767.0 22.760342 22.616892 18.290424 17.283464 21.481216 22.504032 22.856974 22.482641 22.529078 22.24886 21.145712 21.486397 21.8367 22.028913 22.220802 22.185097 22.203085 22.21416 22.267246 22.548296 22.471415 22.592968 22.55206 22.581789 23.029816 23.429163 23.29361 23.149622 23.217115 23.37611 23.40364 23.562202 23.602028 23.510511 23.559994 23.23457 23.116043 23.048536
23.840374 24.070965 24.55235 24.551998 24.273434 23.915117 23.629805 23.215076 23.444336 24.063438 23.663834 24.029213 24.36668 -32767.0 -32767.0 -32767.0 -32767.0 -32767.0 -32767.0 -32767.0 -32767.0 -32767.0 -32767.0 -32767.0 22.307426 18.54902 17.423801 18.746214 21.474651 22.759209 22.513437 22.51944 22.225967 21.10859 20.523191 21.927925 22.139456 22.200281 22.28869 22.187136 22.828613 22.416355 22.818462 22.698406 22.796518 22.896826 22.988052 23.345062 23.63214 23.620405 23.905312 23.936062 23.876295 24.025684 24.09834 24.562044 -32767.0 24.451632 24.043869 23.602545 23.656393
23.792665 23.852818 24.587133 24.634872 24.3712 24.030794 23.725597 23.541315 22.802946 23.007328 22.866224 23.495543 23.627954 24.470089 25.736622 -32767.0 -32767.0 -32767.0 -32767.0 -32767.0 -32767.0 -32767.0 -32767.0 -32767.0 -32767.0 18.025702 16.036678 18.819452 19.893278 22.241747 22.20494 22.358593 21.98356 20.675163 20.657495 20.837381 21.332325 22.290594 22.636314 22.506052 22.98613 22.753517 23.188965 23.25694 23.291725 23.367043 23.439835 23.538462 23.97048 24.124212 23.969933 24.005667 23.990112 24.125055 -32767.0 -32767.0 24.446018 24.421343 24.338411 24.0579 25.332798
23.460482 23.649986 24.291798 24.631247 24.620407 24.411188 24.286457 23.969208 23.366428 22.469843 23.071672 24.080551 24.817844 -32767.0 25.553375 -32767.0 -32767.0 -32767.0 -32767.0 -32767.0 -32767.0 -32767.0 -32767.0 -32767.0 -32767.0 17.848013 16.289219 17.127901 19.933092 21.341759 22.374437 22.25884 21.48873 21.162315 20.982693 21.398685 22.067558 22.800251 23.431723 23.572672 23.328497 22.907862 23.247955 23.484983 23.725962 23.778618 23.698387 23.540586 23.878069 24.173395 24.182072 24.16374 24.14095 24.217367 -32767.0 24.608995 24.722057 24.821558 -32767.0 -32767.0 -32767.0
23.854012 23.731405 24.40056 24.561447 24.584827 24.559826 24.453094 24.127365 23.74639 23.432829 22.69651 23.80938 -32767.0 -32767.0 -32767.0 -32767.0 -32767.0 -32767.0 -32767.0 -32767.0 -32767.0 -32767.0 -32767.0 -32767.0 -32767.0 17.661713 16.236311 17.340912 19.51629 20.758177 21.269901 21.29827 21.685925 21.77836 21.381771 21.643377 22.180891 22.919966 23.354103 23.65621 23.424192 23.207928 23.52405 23.743422 23.855791 23.952501 24.065683 24.034147 23.70741 24.214119 24.25381 24.426846 24.374733 24.788385 25.27103 -32767.0 24.876432 -32767.0 -32767.0 -32767.0 -32767.0
24.362911 24.246737 24.744856 24.806103 24.718166 24.4921 24.277143 24.229956 24.086107 23.141142 22.804216 22.856651 25.098133 -32767.0 -32767.0 -32767.0 -32767.0 -32767.0 -32767.0 -32767.0 -32767.0 -32767.0 -32767.0 -32767.0 -32767.0 17.544046 15.955295 17.479471 18.827711 20.71696 21.311745 21.192116 21.29183 21.820757 22.022238 22.12577 22.341599 22.719183 22.828947 23.479868 23.400848 23.802557 23.681519 23.839027 23.949581 24.2429 24.392197 24.168226 23.891752 24.21 24.273035 24.659397 25.213547 25.454226 -32767.0 -32767.0 -32767.0 -32767.0 -32767.0 -32767.0 -32767.0
24.728765 24.479624 24.64944 24.67215 24.628866 24.57936 24.569393 24.306185 23.839798 23.447622 22.868116 22.537462 23.81889 25.683062 -32767.0 -32767.0 -32767.0 -32767.0 -32767.0 -32767.0 -32767.0 -32767.0 -32767.0 -32767.0 -32767.0 18.342283 16.553177 17.186562 19.365736 20.566343 21.964088 22.223228 22.054077 21.939137 22.17912 22.768017 22.660536 22.487526 22.454756 23.183777 -32767.0 23.987478 24.263817 24.383965 24.471052 24.72617 24.58246 24.524584 24.401144 24.288282 24.26702 24.821817 -32767.0 -32767.0 -32767.0 -32767.0 -32767.0 -32767.0 -32767.0 -32767.0 -32767.0
24.672005 24.546276 24.47 24.525908 24.681372 24.647453 24.438887 23.88233 23.16655 23.00756 23.034317 22.543276 22.315762 24.68403 -32767.0 -32767.0 -32767.0 -32767.0 -32767.0 -32767.0 -32767.0 -32767.0 -32767.0 -32767.0 -32767.0 -32767.0 15.880698 18.620209 21.431366 21.135622 22.261475 22.214619 22.52331 22.46635 23.347298 23.19522 22.339613 22.210655 22.902626 23.491808 23.703218 24.03699 24.109493 24.200806 24.43289 24.64428 24.720793 24.785246 24.862183 24.834188 24.860003 25.057575 -32767.0 -32767.0 -32767.0 -32767.0 -32767.0 -32767.0 -32767.0 -32767.0 -32767.0
24.977657 24.852554 24.820433 24.975464 24.928577 24.742674 24.433012 24.01866 22.955027 22.315567 21.990166 21.95743 21.977737 25.074368 24.093122 -32767.0 -32767.0 -32767.0 -32767.0 -32767.0 -32767.0 -32767.0 -32767.0 -32767.0 -32767.0 14.890199 16.894691 20.37183 23.206064 22.112099 22.697744 22.854435 22.75683 22.868317 23.099089 23.335247 23.33035 23.028399 23.750648 24.335587 24.731794 24.76476 24.686281 24.690693 24.880373 25.099138 25.415236 24.955431 -32767.0 25.586805 26.257017 26.425 -32767.0 -32767.0 -32767.0 -32767.0 -32767.0 -32767.0 -32767.0 -32767.0 -32767.0
25.494411 25.53641 25.390879 25.258114 24.92667 24.643507 24.46196 24.053362 23.392794 22.707409 22.177608 21.367582 23.118994 25.580467 -32767.0 -32767.0 -32767.0 -32767.0 -32767.0 -32767.0 -32767.0 -32767.0 -32767.0 -32767.0 -32767.0 15.399707 18.481575 20.926302 23.380154 23.055984 22.905249 23.168175 22.936663 23.44622 23.956703 23.753412 23.76395 24.086954 24.447384 -32767.0 -32767.0 25.30611 25.991072 -32767.0 -32767.0 -32767.0 -32767.0 -32767.0 -32767.0 -32767.0 -32767.0 -32767.0 -32767.0 -32767.0 -32767.0 -32767.0 -32767.0 -32767.0 -32767.0 -32767.0 -32767.0
25.651287 25.537704 25.422857 25.216284 24.645588 24.216621 23.313345 23.063992 22.967384 22.336311 21.788118 21.59658 23.408789 -32767.0 -32767.0 -32767.0 -32767.0 -32767.0 -32767.0 -32767.0 -32767.0 -32767.0 -32767.0 -32767.0 16.44434 17.490942 20.51618 22.884583 23.423054 23.427761 23.41258 23.810465 24.05689 24.065012 24.206009 24.499857 24.340374 24.553476 -32767.0 -32767.0 -32767.0 -32767.0 -32767.0 -32767.0 -32767.0 -32767.0 -32767.0 -32767.0 -32767.0 -32767.0 -32767.0 -32767.0 -32767.0 -32767.0 -32767.0 -32767.0 -32767.0 -32767.0 -32767.0 -32767.0 -32767.0
25.713667 25.642305 25.448074 24.858477 24.374155 23.898405 23.375698 22.639246 22.360407 21.77831 21.397919 20.977644 25.345787 -32767.0 -32767.0 -32767.0 -32767.0 -32767.0 -32767.0 -32767.0 -32767.0 20.465046 20.931541 19.155123 19.401596 22.215199 24.104767 24.263266 23.306736 23.56369 23.792112 24.139713 24.895678 24.897232 24.61197 24.606373 -32767.0 -32767.0 -32767.0 -32767.0 -32767.0 -32767.0 -32767.0 -32767.0 -32767.0 -32767.0 -32767.0 -32767.0 -32767.0 -32767.0 -32767.0 -32767.0 -32767.0 -32767.0 27.244179 -32767.0 -32767.0 -32767.0 -32767.0 -32767.0 -32767.0
25.697083 25.625132 25.383379 25.04739 24.70313 24.15289 23.595833 22.571722 22.444944 21.862078 21.18657 21.69827 22.88363 -32767.0 -32767.0 -32767.0 -32767.0 27.356638 21.99968 23.385801 20.52171 20.400778 19.801893 20.442202 20.888615 24.051348 24.07746 24.015507 23.718544 23.866043 24.390497 25.320282 24.641726 24.8961 25.083733 -32767.0 -32767.0 -32767.0 -32767.0 -32767.0 -32767.0 -32767.0 -32767.0 -32767.0 -32767.0 26.173649 26.447073 -32767.0 -32767.0 -32767.0 -32767.0 -32767.0 -32767.0 -32767.0 26.753784 -32767.0 -32767.0 -32767.0 -32767.0 -32767.0 21.425732
25.461994 25.233871 24.882557 24.536144 24.317972 24.185455 23.797195 23.2801 22.895018 22.321033 21.190626 19.854567 -32767.0 25.498564 -32767.0 22.441074 -32767.0 23.240543 -32767.0 16.693151 17.807745 19.036142 19.661293 18.86038 22.462498 24.0453 23.662617 23.815094 23.73615 24.487246 25.729765 25.68043 25.231684 -32767.0 -32767.0 -32767.0 -32767.0 -32767.0 -32767.0 -32767.0 -32767.0 25.992376 26.154133 26.048817 26.542864 25.64543 25.675758 23.874805 25.039188 -32767.0 -32767.0 -32767.0 -32767.0 -32767.0 26.725111 26.018862 23.819633 23.669006 23.766375 24.470926 23.40851
25.06963 25.010971 24.718721 24.425858 24.13087 23.775816 23.506292 23.568926 23.41745 23.100182 21.973679 21.017254 20.369806 19.805065 19.291376 19.11724 17.762224 17.691704 18.04614 18.665985 18.4273 18.44037 19.079517 20.71645 -32767.0 23.683968 23.834095 24.473055 25.286379 25.854263 25.762642 -32767.0 -32767.0 -32767.0 -32767.0 -32767.0 24.585064 24.539244 23.765514 24.59865 25.998663 26.229477 27.16634 -32767.0 -32767.0 27.033033 26.016195 24.172112 -32767.0 -32767.0 -32767.0 -32767.0 -32767.0 21.31622 20.66654 21.936665 24.46644 26.48592 26.653048 26.741877 26.866968
24.898046 24.786146 24.655695 24.456018 24.234108 23.953512 23.836033 23.587843 22.438734 22.763306 22.221869 21.724785 21.08821 20.86644 20.22653 21.370638 20.031927 19.037058 19.113663 20.348177 21.508556 20.03611 21.973722 24.07152 24.752478 25.300175 25.849176 25.868822 25.677935 25.701937 26.1136 28.093483 -32767.0 26.783535 25.719866 -32767.0 24.038399 24.412943 25.364754 -32767.0 27.43381 26.801744 -32767.0 -32767.0 -32767.0 -32767.0 25.08758 24.592428 -32767.0 -32767.0 -32767.0 -32767.0 21.095303 24.116756 25.970778 26.340923 26.601068 26.824886 27.060112 27.256723 27.37304
25.431652 25.17175 24.52766 24.269129 24.223574 24.117231 24.075092 24.082193 24.195715 24.290754 24.26477 24.173904 24.064909 24.658417 25.722607 25.47404 24.378218 25.17861 25.158163 24.712994 24.42014 23.69041 24.718493 25.264275 25.763657 25.998466 -32767.0 25.686655 25.963966 -32767.0 -32767.0 28.367609 27.256552 27.111883 25.62339 24.717667 24.86348 25.505371 -32767.0 -32767.0 -32767.0 -32767.0 -32767.0 -32767.0 -32767.0 -32767.0 24.07335 24.232122 24.542656 -32767.0 -32767.0 21.365788 24.161312 26.632013 26.751667 26.765814 26.831434 26.946707 27.220863 27.536152 27.671303
25.02755 24.845102 24.735474 24.722803 24.436543 24.402641 24.474148 24.617758 24.660448 24.741064 24.825926 25.05997 25.5201 -32767.0 -32767.0 25.71612 24.475035 24.799765 25.129637 25.357086 25.78017 26.43738 26.63034 26.530714 26.294104 26.008774 25.86554 25.767187 -32767.0 -32767.0 -32767.0 -32767.0 -32767.0 -32767.0 25.885937 24.710842 24.600075 -32767.0 -32767.0 -32767.0 -32767.0 -32767.0 26.282999 -32767.0 24.786034 24.98049 25.12858 25.09098 24.556261 23.814669 -32767.0 24.386734 26.600725 26.890825 26.965775 27.002981 27.028645 27.14066 27.452393 27.62633 27.74513
