static/data/thetao/2023/7/16/12.asc
ncols 137
nrows 93
xllcorner 108.0
yllcorner 17.0
cellsize 0.25
NODATA_value -32767
[rows 54 to 80 of 93, columns 0 to 60 of 137]
-32767.0 -32767.0 -32767.0 -32767.0 -32767.0 -32767.0 -32767.0 -32767.0 -32767.0 -32767.0 -32767.0 -32767.0 -32767.0 -32767.0 -32767.0 -32767.0 -32767.0 -32767.0 -32767.0 -32767.0 -32767.0 -32767.0 -32767.0 -32767.0 -32767.0 -32767.0 -32767.0 -32767.0 -32767.0 -32767.0 -32767.0 -32767.0 -32767.0 -32767.0 -32767.0 -32767.0 -32767.0 -32767.0 -32767.0 -32767.0 -32767.0 -32767.0 -32767.0 -32767.0 -32767.0 -32767.0 -32767.0 -32767.0 27.467396 26.839542 27.730217 28.09546 28.948488 29.038681 29.651373 29.616997 29.710314 28.879883 28.656776 28.82137 29.005348
-32767.0 -32767.0 -32767.0 -32767.0 -32767.0 -32767.0 -32767.0 -32767.0 -32767.0 -32767.0 -32767.0 -32767.0 -32767.0 -32767.0 -32767.0 -32767.0 -32767.0 -32767.0 -32767.0 -32767.0 -32767.0 -32767.0 -32767.0 -32767.0 -32767.0 -32767.0 -32767.0 -32767.0 -32767.0 -32767.0 -32767.0 -32767.0 -32767.0 -32767.0 -32767.0 -32767.0 -32767.0 -32767.0 -32767.0 -32767.0 -32767.0 -32767.0 -32767.0 -32767.0 -32767.0 -32767.0 -32767.0 30.835737 -32767.0 27.120455 27.891872 28.443539 28.994024 29.16861 29.82121 29.643995 28.875578 29.121935 28.853678 28.194523 28.402168
-32767.0 -32767.0 -32767.0 -32767.0 -32767.0 -32767.0 -32767.0 -32767.0 -32767.0 -32767.0 -32767.0 -32767.0 -32767.0 -32767.0 -32767.0 -32767.0 -32767.0 -32767.0 -32767.0 -32767.0 -32767.0 -32767.0 -32767.0 -32767.0 -32767.0 -32767.0 -32767.0 -32767.0 -32767.0 -32767.0 -32767.0 -32767.0 -32767.0 -32767.0 -32767.0 -32767.0 -32767.0 -32767.0 -32767.0 -32767.0 -32767.0 -32767.0 -32767.0 -32767.0 -32767.0 -32767.0 -32767.0 31.238087 26.469097 27.391088 28.112495 28.697012 28.904182 29.206875 29.845081 29.27581 29.193375 28.750305 28.45435 29.35839 29.609545
-32767.0 -32767.0 -32767.0 -32767.0 -32767.0 -32767.0 -32767.0 -32767.0 -32767.0 -32767.0 -32767.0 -32767.0 -32767.0 -32767.0 -32767.0 -32767.0 -32767.0 -32767.0 -32767.0 -32767.0 -32767.0 -32767.0 -32767.0 -32767.0 -32767.0 -32767.0 -32767.0 -32767.0 -32767.0 -32767.0 -32767.0 -32767.0 -32767.0 -32767.0 -32767.0 -32767.0 -32767.0 -32767.0 -32767.0 -32767.0 -32767.0 -32767.0 -32767.0 -32767.0 -32767.0 -32767.0 -32767.0 28.425606 25.977251 27.315296 28.438114 29.433907 29.296429 29.388613 29.80792 28.538605 29.20622 29.230465 29.40414 29.698061 29.899992
-32767.0 -32767.0 -32767.0 -32767.0 -32767.0 -32767.0 -32767.0 -32767.0 -32767.0 -32767.0 -32767.0 -32767.0 -32767.0 -32767.0 -32767.0 -32767.0 -32767.0 -32767.0 -32767.0 -32767.0 -32767.0 -32767.0 -32767.0 -32767.0 -32767.0 -32767.0 -32767.0 -32767.0 -32767.0 -32767.0 -32767.0 -32767.0 -32767.0 -32767.0 -32767.0 -32767.0 -32767.0 -32767.0 -32767.0 -32767.0 -32767.0 -32767.0 -32767.0 -32767.0 -32767.0 31.67994 -32767.0 29.175892 27.306038 28.09438 29.149874 29.71803 30.232683 29.921608 29.710543 29.57609 29.636417 29.60144 29.761023 29.976652 30.170849
-32767.0 -32767.0 -32767.0 -32767.0 -32767.0 -32767.0 -32767.0 -32767.0 -32767.0 -32767.0 -32767.0 -32767.0 -32767.0 -32767.0 -32767.0 -32767.0 -32767.0 -32767.0 -32767.0 -32767.0 -32767.0 -32767.0 -32767.0 -32767.0 -32767.0 -32767.0 -32767.0 -32767.0 -32767.0 -32767.0 -32767.0 -32767.0 -32767.0 -32767.0 -32767.0 -32767.0 -32767.0 -32767.0 -32767.0 -32767.0 -32767.0 -32767.0 -32767.0 -32767.0 -32767.0 -32767.0 29.08749 27.343805 28.37538 28.639084 29.530775 30.255281 31.147491 30.023926 29.761295 29.841066 29.662481 29.683924 29.807184 30.042109 30.419815
-32767.0 -32767.0 -32767.0 -32767.0 -32767.0 -32767.0 -32767.0 -32767.0 -32767.0 -32767.0 -32767.0 -32767.0 -32767.0 -32767.0 -32767.0 -32767.0 -32767.0 -32767.0 -32767.0 -32767.0 -32767.0 -32767.0 -32767.0 -32767.0 -32767.0 -32767.0 -32767.0 -32767.0 -32767.0 -32767.0 -32767.0 -32767.0 -32767.0 -32767.0 -32767.0 -32767.0 -32767.0 -32767.0 -32767.0 -32767.0 -32767.0 -32767.0 -32767.0 -32767.0 29.614496 28.012957 27.828304 28.760632 29.030548 29.533104 30.123468 30.482334 -32767.0 -32767.0 -32767.0 -32767.0 29.6541 29.564625 30.011852 30.457207 30.11338
-32767.0 -32767.0 -32767.0 -32767.0 -32767.0 -32767.0 -32767.0 -32767.0 -32767.0 -32767.0 -32767.0 -32767.0 -32767.0 -32767.0 -32767.0 -32767.0 -32767.0 -32767.0 -32767.0 -32767.0 -32767.0 -32767.0 -32767.0 -32767.0 -32767.0 -32767.0 -32767.0 -32767.0 -32767.0 -32767.0 -32767.0 -32767.0 -32767.0 -32767.0 -32767.0 -32767.0 -32767.0 -32767.0 -32767.0 -32767.0 -32767.0 -32767.0 -32767.0 27.89057 28.555353 29.512936 29.886658 29.822443 30.017841 30.331915 30.124628 31.234583 -32767.0 -32767.0 -32767.0 -32767.0 29.72344 29.521704 30.292198 30.46356 29.903688
-32767.0 -32767.0 -32767.0 -32767.0 -32767.0 -32767.0 -32767.0 -32767.0 -32767.0 -32767.0 -32767.0 -32767.0 -32767.0 -32767.0 -32767.0 -32767.0 -32767.0 -32767.0 -32767.0 -32767.0 -32767.0 -32767.0 -32767.0 -32767.0 -32767.0 -32767.0 -32767.0 -32767.0 -32767.0 -32767.0 -32767.0 -32767.0 -32767.0 -32767.0 -32767.0 -32767.0 -32767.0 -32767.0 -32767.0 -32767.0 -32767.0 30.835957 30.879759 29.064209 27.965176 30.468378 30.835371 30.498476 30.236282 30.215212 30.743298 -32767.0 -32767.0 -32767.0 -32767.0 -32767.0 29.861122 30.03151 30.409767 30.420076 29.511839
-32767.0 -32767.0 -32767.0 -32767.0 -32767.0 -32767.0 -32767.0 -32767.0 -32767.0 -32767.0 -32767.0 -32767.0 -32767.0 -32767.0 -32767.0 -32767.0 -32767.0 -32767.0 -32767.0 -32767.0 -32767.0 -32767.0 -32767.0 -32767.0 -32767.0 -32767.0 -32767.0 -32767.0 -32767.0 -32767.0 -32767.0 -32767.0 -32767.0 -32767.0 -32767.0 -32767.0 -32767.0 -32767.0 -32767.0 -32767.0 -32767.0 28.474243 28.729105 28.322975 28.670626 30.985527 30.938707 31.066364 30.479946 31.691484 32.128914 -32767.0 -32767.0 -32767.0 -32767.0 29.900352 30.807714 30.723885 30.765778 30.462973 29.506441
-32767.0 -32767.0 -32767.0 -32767.0 -32767.0 -32767.0 -32767.0 -32767.0 -32767.0 -32767.0 -32767.0 -32767.0 -32767.0 -32767.0 -32767.0 -32767.0 -32767.0 -32767.0 -32767.0 -32767.0 -32767.0 -32767.0 -32767.0 -32767.0 -32767.0 -32767.0 -32767.0 -32767.0 -32767.0 -32767.0 -32767.0 -32767.0 -32767.0 -32767.0 -32767.0 -32767.0 -32767.0 -32767.0 -32767.0 29.468515 28.107273 27.99205 28.397459 26.783812 27.778185 30.878523 31.102652 30.825186 31.42089 32.156757 -32767.0 -32767.0 -32767.0 -32767.0 -32767.0 30.693691 30.749424 30.749664 30.794218 30.38385 29.616125
-32767.0 -32767.0 -32767.0 -32767.0 -32767.0 -32767.0 -32767.0 -32767.0 -32767.0 -32767.0 -32767.0 -32767.0 -32767.0 -32767.0 -32767.0 -32767.0 -32767.0 -32767.0 -32767.0 -32767.0 -32767.0 -32767.0 -32767.0 -32767.0 -32767.0 -32767.0 -32767.0 -32767.0 -32767.0 -32767.0 -32767.0 -32767.0 -32767.0 -32767.0 -32767.0 -32767.0 -32767.0 -32767.0 27.168419 25.251173 25.610249 25.934282 26.466059 25.557276 29.459206 30.866516 30.985607 30.551138 31.509054 32.49455 -32767.0 -32767.0 -32767.0 -32767.0 -32767.0 30.50523 30.538483 30.485031 30.435009 30.183174 29.927902
-32767.0 -32767.0 -32767.0 -32767.0 -32767.0 -32767.0 -32767.0 -32767.0 -32767.0 -32767.0 -32767.0 -32767.0 -32767.0 -32767.0 -32767.0 -32767.0 -32767.0 -32767.0 -32767.0 -32767.0 -32767.0 -32767.0 -32767.0 -32767.0 -32767.0 -32767.0 -32767.0 -32767.0 -32767.0 -32767.0 -32767.0 -32767.0 -32767.0 -32767.0 -32767.0 -32767.0 26.815016 24.968037 24.848242 25.027071 24.05542 24.879114 26.327335 28.57678 30.538214 30.403902 -32767.0 31.116446 31.087126 -32767.0 -32767.0 -32767.0 -32767.0 -32767.0 30.339163 30.680319 30.665648 30.419737 30.006617 30.032938 30.304981
-32767.0 -32767.0 -32767.0 -32767.0 -32767.0 -32767.0 -32767.0 -32767.0 -32767.0 -32767.0 -32767.0 -32767.0 -32767.0 -32767.0 -32767.0 -32767.0 -32767.0 -32767.0 -32767.0 -32767.0 -32767.0 -32767.0 -32767.0 -32767.0 -32767.0 -32767.0 -32767.0 -32767.0 -32767.0 -32767.0 -32767.0 -32767.0 -32767.0 -32767.0 -32767.0 25.882177 25.483362 26.62498 27.499578 28.032234 27.213003 27.467428 28.845814 29.502993 29.846493 30.981878 -32767.0 31.185875 30.658379 -32767.0 -32767.0 -32767.0 -32767.0 -32767.0 30.131025 30.56089 30.631313 30.41262 29.921457 30.013958 30.438896
-32767.0 -32767.0 -32767.0 -32767.0 -32767.0 -32767.0 -32767.0 -32767.0 -32767.0 -32767.0 -32767.0 -32767.0 -32767.0 -32767.0 -32767.0 -32767.0 -32767.0 -32767.0 -32767.0 -32767.0 -32767.0 -32767.0 -32767.0 -32767.0 -32767.0 -32767.0 -32767.0 -32767.0 -32767.0 -32767.0 -32767.0 -32767.0 -32767.0 -32767.0 -32767.0 26.961285 27.33999 28.529467 28.752232 29.087206 28.29498 28.639576 29.208359 29.606525 28.574474 28.990768 30.744305 30.902807 30.647839 -32767.0 -32767.0 -32767.0 -32767.0 -32767.0 30.367891 30.69946 30.674501 30.334375 29.879454 30.019587 30.405685
-32767.0 -32767.0 -32767.0 -32767.0 -32767.0 -32767.0 -32767.0 -32767.0 -32767.0 -32767.0 -32767.0 -32767.0 -32767.0 -32767.0 -32767.0 -32767.0 -32767.0 -32767.0 -32767.0 -32767.0 -32767.0 -32767.0 -32767.0 -32767.0 -32767.0 -32767.0 -32767.0 32.140316 -32767.0 28.373194 -32767.0 27.333458 26.533838 26.737492 27.575838 28.181753 28.937914 29.53671 29.813015 29.82871 29.341646 30.25144 30.48682 29.337433 30.162283 30.343704 30.33097 30.443436 30.597767 -32767.0 -32767.0 -32767.0 -32767.0 30.220968 30.49046 30.42589 30.146578 30.199791 29.837984 30.073719 30.416323
-32767.0 -32767.0 -32767.0 -32767.0 -32767.0 -32767.0 -32767.0 -32767.0 -32767.0 -32767.0 -32767.0 -32767.0 -32767.0 -32767.0 -32767.0 -32767.0 -32767.0 -32767.0 -32767.0 -32767.0 -32767.0 -32767.0 -32767.0 32.927673 -32767.0 -32767.0 26.344128 26.328794 26.612566 27.02055 27.736036 28.01228 28.550146 28.735893 29.228704 29.917704 30.227951 30.221869 30.350887 30.353113 30.19373 30.342842 30.43712 30.276543 30.087551 30.09275 30.208008 30.380043 30.420134 30.533161 -32767.0 -32767.0 29.509895 30.234472 30.341898 30.572227 30.367693 30.101042 29.86002 30.081589 30.359472
-32767.0 -32767.0 -32767.0 -32767.0 -32767.0 -32767.0 -32767.0 -32767.0 -32767.0 -32767.0 -32767.0 -32767.0 -32767.0 -32767.0 -32767.0 -32767.0 -32767.0 -32767.0 -32767.0 -32767.0 -32767.0 -32767.0 -32767.0 31.727264 31.699133 27.516443 27.944439 29.617306 30.122967 30.187075 30.148338 30.249125 30.025013 30.27825 30.207315 30.077524 30.053404 30.148663 30.23548 30.192978 30.004488 30.051325 30.08549 30.047491 30.035429 30.034203 30.160505 30.198433 30.283543 30.380497 30.49154 -32767.0 29.118654 30.334974 30.148943 30.0806 30.073074 30.134985 29.810476 29.939575 30.33008
-32767.0 -32767.0 -32767.0 -32767.0 -32767.0 -32767.0 -32767.0 -32767.0 -32767.0 -32767.0 -32767.0 -32767.0 -32767.0 -32767.0 -32767.0 -32767.0 -32767.0 -32767.0 -32767.0 -32767.0 33.34272 32.51359 31.331 28.093254 27.318867 -32767.0 29.668854 29.631756 29.618156 29.82172 29.959076 30.036304 30.036272 29.99413 29.984991 29.970856 29.979733 29.941397 29.941837 29.956503 29.935097 29.790176 29.940422 30.009546 29.984224 30.108257 30.427967 30.41867 30.225662 30.374672 30.45918 -32767.0 30.36251 30.067892 30.079718 29.969862 30.048178 30.130108 29.789562 29.960121 30.400595
-32767.0 -32767.0 33.206493 -32767.0 -32767.0 -32767.0 -32767.0 -32767.0 -32767.0 -32767.0 -32767.0 -32767.0 -32767.0 -32767.0 -32767.0 -32767.0 32.95174 -32767.0 32.690075 30.842295 28.53955 28.094526 27.875156 28.373493 29.438433 29.500362 29.310286 29.30061 29.65526 29.808027 29.961208 30.046864 30.01157 29.840332 29.84127 29.790987 29.734669 29.658472 29.614294 29.60628 29.708235 29.816456 29.866539 29.942564 29.986267 30.205254 30.20351 29.92253 29.766933 29.883854 30.346123 30.187962 30.001629 30.173082 30.13398 30.19302 30.114994 30.114176 29.915691 30.023998 30.4398
-32767.0 32.625523 32.53842 32.674553 32.973564 -32767.0 33.550003 33.239685 -32767.0 -32767.0 -32767.0 -32767.0 -32767.0 32.55828 30.582747 30.003038 29.72832 29.930449 30.348278 29.613394 28.538174 28.802055 29.33569 29.497715 29.322104 29.186316 29.215723 29.33081 29.622114 29.771149 29.812372 29.839527 29.749722 29.632174 29.616768 29.487514 29.396418 29.438358 29.522045 29.708433 29.772478 29.702156 29.787392 29.971941 29.748772 29.829586 29.969414 29.838743 29.901716 30.089373 29.951 29.959284 29.969715 30.001734 30.189629 30.189754 30.031015 29.494246 30.13393 30.142002 30.274363
32.165104 30.966516 31.333166 31.727486 31.955278 32.4568 32.917854 33.480232 -32767.0 -32767.0 -32767.0 31.66806 30.737684 30.34849 30.09611 30.092056 29.85183 29.739904 29.671078 29.35083 29.294369 29.440361 29.265848 29.308504 29.228367 29.12357 29.177279 29.386703 29.591251 29.714348 29.651592 29.431175 29.44848 29.49193 29.337002 29.256258 29.414064 29.656212 29.83163 29.954971 29.70551 29.677565 29.74517 29.98205 29.97682 30.030071 30.1329 29.915768 29.954046 30.029469 29.9638 29.981676 29.849688 30.074345 30.165436 30.152496 29.774788 29.404755 29.682285 30.054476 29.861969
31.120684 31.443289 31.442411 31.0527 31.311705 31.850859 32.80026 -32767.0 -32767.0 32.392612 -32767.0 30.233665 30.266724 30.41063 30.426933 30.205494 30.052654 29.817272 29.695892 29.447212 29.0032 29.011541 28.903461 28.72115 28.707117 28.772633 29.431295 29.675987 29.666574 29.595514 29.3823 29.380295 29.305155 29.228456 29.357248 29.163889 29.198156 29.525557 29.665823 29.583347 29.61549 29.667728 29.706884 29.864717 29.97173 30.020739 30.042637 30.007214 29.935995 30.012386 29.947754 29.947598 29.860495 29.913286 30.153027 29.935606 29.318289 29.677885 29.796936 29.598856 29.474087
31.363934 31.253855 31.371222 31.416698 31.073864 31.812986 32.6218 33.39846 -32767.0 -32767.0 32.02231 29.929232 30.52182 30.575785 30.301384 29.767096 29.620167 29.497383 28.864714 28.051657 27.337837 27.788818 28.28149 29.262314 29.421894 29.256876 29.710642 29.764576 29.688334 29.370115 29.325523 29.115047 29.012644 28.896498 29.325155 29.75076 29.167606 29.081808 29.184618 29.40899 29.439508 29.42383 29.537859 29.663984 29.698624 29.635014 29.640509 29.939508 30.052532 29.97554 29.799738 29.854362 29.793737 29.887075 30.16749 29.953617 29.662271 30.039078 30.00485 29.978535 29.991789
31.103266 30.866081 31.058525 31.26349 31.256037 31.48835 32.038982 32.67523 -32767.0 -32767.0 31.993242 31.579496 30.925201 30.272379 29.630816 28.645735 27.713482 27.427471 26.88627 27.174824 27.46357 28.13641 29.20065 29.998857 29.791145 29.97695 29.84079 29.716524 29.682917 29.430626 29.295977 29.132246 28.91001 28.867815 29.134977 29.122028 28.924417 28.936783 29.092901 29.269701 29.286951 29.31865 29.386068 29.460285 29.527533 29.611628 29.71613 29.88578 29.859581 29.678276 29.758028 29.600554 29.826874 29.779348 29.595058 30.024279 -32767.0 30.055283 30.24177 30.099873 29.9824
31.084328 30.811749 30.889704 31.205587 31.413013 31.31619 31.393318 32.05592 32.15695 31.824514 31.57305 31.468048 31.358685 29.673979 28.139843 27.68199 27.888542 28.169703 28.19938 28.228865 28.30456 28.55008 29.368692 30.339956 29.958918 29.751127 29.815771 29.912142 29.814907 29.705067 29.62698 29.361599 29.053907 28.823074 29.088858 28.913252 28.92179 29.044348 29.14792 29.281668 29.383331 29.414316 29.4328 29.456772 29.466429 29.429892 29.624233 29.606005 29.774792 29.41643 29.880037 29.35954 29.649696 29.717644 30.001732 29.704182 30.202385 30.485254 30.45456 30.267086 30.11497
30.885109 30.849092 30.758797 31.121305 31.514479 31.573185 31.962524 32.279423 32.162247 -32767.0 -32767.0 -32767.0 31.474062 30.273266 28.729265 28.910215 29.426939 29.790354 29.962305 30.033558 30.034294 29.68798 29.586813 30.241888 29.673405 29.63033 30.110659 30.058447 29.977407 29.952312 29.74693 29.437801 29.142792 28.873636 28.919746 29.033545 28.89519 28.942474 29.094286 29.311756 29.35332 29.398172 29.358877 29.486506 29.380487 29.367342 29.683384 29.832483 29.730833 29.444616 29.78892 29.716515 29.67949 29.961607 29.905994 29.672802 29.81255 30.404102 30.372456 30.313799 30.358318
