static/data/thetao/2023/7/16/18.asc
ncols 137
nrows 93
xllcorner 108.0
yllcorner 17.0
cellsize 0.25
NODATA_value -32767
[rows 0 to 26 of 93, columns 61 to 121 of 137]
-32767.0 -32767.0 -32767.0 -32767.0 -32767.0 -32767.0 -32767.0 -32767.0 -32767.0 -32767.0 -32767.0 -32767.0 -32767.0 -32767.0 -32767.0 -32767.0 -32767.0 -32767.0 -32767.0 21.924301 21.12451 20.174469 21.033596 21.13446 20.950687 21.365616 22.16073 22.969395 23.27405 23.206863 23.30314 23.275269 22.956953 23.123167 22.816774 23.168663 23.485703 23.444246 23.305408 22.85107 22.34023 22.221262 22.371603 22.570322 22.673178 22.680655 22.218042 21.44906 21.115074 21.048708 21.145454 21.44534 21.820473 21.691927 21.91071 21.97275 21.990717 22.135336 21.811565 21.491716 21.153786
24.944532 25.29424 25.768652 26.017494 26.271101 26.389149 26.826921 -32767.0 -32767.0 -32767.0 -32767.0 -32767.0 -32767.0 -32767.0 -32767.0 -32767.0 -32767.0 -32767.0 22.164648 20.341145 20.697004 21.405525 22.080534 22.384607 22.410103 22.450218 22.579397 23.101606 23.334146 23.400394 23.336807 22.97211 22.798826 22.680912 22.541313 22.842972 23.192625 23.01318 23.260244 22.631643 21.831036 22.543093 22.275404 22.26776 22.513088 22.15683 21.637856 21.64084 21.828531 21.949276 21.949675 22.004316 22.124207 22.333305 22.315247 21.321882 21.060677 21.225891 21.743332 21.827467 21.79578
25.58983 24.857687 24.008635 24.05869 24.483122 25.093723 25.928236 25.655893 25.509125 -32767.0 -32767.0 -32767.0 -32767.0 -32767.0 -32767.0 -32767.0 -32767.0 -32767.0 22.451982 20.75864 22.149157 23.112494 22.754293 20.880487 20.449745 20.554514 20.86671 21.29308 21.291817 21.034624 21.480597 22.082865 22.475945 22.687216 22.56266 22.613575 23.045897 23.189291 22.575228 21.611515 21.528957 22.565771 21.179888 21.191442 21.20014 21.391563 21.849201 22.031977 22.069973 22.177393 22.017061 21.750917 22.107254 22.271303 22.38284 21.084837 20.417883 20.68436 20.997519 21.69841 21.959908
23.840261 23.591816 23.670774 23.60151 23.298103 23.047491 23.422117 24.390854 24.761564 -32767.0 -32767.0 -32767.0 -32767.0 -32767.0 -32767.0 -32767.0 -32767.0 25.046686 23.467499 23.080223 22.746552 23.229652 21.061253 20.776161 21.372974 21.617619 20.244925 19.574078 19.559708 20.527887 20.280544 20.911312 22.283188 22.621317 22.726717 22.493584 22.449133 22.347876 21.169373 21.85918 21.85106 22.077372 22.402195 21.856325 21.314434 21.763697 22.32591 22.373642 21.96457 22.062424 21.396414 21.50755 21.639828 22.25771 22.262136 21.76828 21.112507 21.081184 21.144606 21.760021 22.620361
23.612022 23.852789 23.77634 23.660843 23.370743 23.5345 23.618645 24.138674 -32767.0 -32767.0 -32767.0 -32767.0 -32767.0 -32767.0 -32767.0 -32767.0 -32767.0 -32767.0 -32767.0 24.288233 22.793253 23.255253 20.591599 21.068014 21.344145 21.173098 19.709665 19.993973 21.774452 22.19056 21.287504 21.129534 20.805523 21.459606 21.667978 21.605299 21.633764 20.725529 22.545666 22.40541 22.256514 22.173645 23.009706 22.561602 21.512615 21.913677 21.908167 21.612871 21.824438 21.952713 21.3016 21.412678 21.51065 21.69741 21.867624 22.377459 21.979206 22.185905 22.539486 22.942223 23.056684
23.96588 23.946209 23.758844 23.608816 23.44537 23.11929 23.883823 24.28127 -32767.0 -32767.0 -32767.0 -32767.0 -32767.0 -32767.0 -32767.0 -32767.0 -32767.0 -32767.0 -32767.0 -32767.0 24.452168 23.004217 20.497715 20.85985 21.526274 21.26346 20.386625 21.555048 23.210457 23.20413 22.993345 22.53971 21.899208 21.586245 21.466488 21.300608 20.957916 21.977783 22.55212 22.069416 22.357931 22.586893 22.924149 22.701843 21.66047 21.311749 21.36379 21.655218 21.81915 21.756392 21.874315 21.521255 21.709187 21.452604 21.903044 22.236727 22.267393 22.338448 22.58887 23.040892 22.979471
24.295313 24.120213 23.928719 23.65605 23.626644 23.320766 24.044825 24.905247 -32767.0 -32767.0 -32767.0 -32767.0 -32767.0 -32767.0 -32767.0 -32767.0 -32767.0 -32767.0 -32767.0 -32767.0 -32767.0 23.804361 22.57138 21.750225 21.844444 21.589033 20.549269 22.21265 23.407106 23.11989 23.085869 23.057585 22.506392 22.183107 21.309595 21.858778 22.467003 23.15835 22.281954 22.39047 22.446758 22.45038 22.069277 21.989319 22.118164 22.229265 22.43664 22.393015 22.055668 21.912212 21.902195 21.712124 21.91005 21.821493 22.203695 22.412579 22.492426 22.262154 22.47809 22.736496 23.015928
24.216251 24.157774 24.043713 23.910563 23.889822 24.223143 24.61513 -32767.0 -32767.0 -32767.0 -32767.0 -32767.0 -32767.0 -32767.0 -32767.0 -32767.0 -32767.0 -32767.0 -32767.0 -32767.0 -32767.0 -32767.0 23.226 22.78947 22.609646 22.01973 19.234499 21.670992 23.243654 22.711605 22.73273 22.331583 21.771908 22.294024 22.325016 21.524797 21.765623 22.43309 22.307676 22.503862 22.058887 21.772308 22.31812 22.893238 22.984797 22.901796 22.615583 22.394512 22.35269 22.085344 21.829445 22.018614 22.178698 22.355553 22.393225 22.549742 22.417137 22.487087 22.23682 22.944912 23.169044
24.144817 24.297148 24.27996 24.256922 24.179014 24.268595 -32767.0 26.040194 -32767.0 -32767.0 -32767.0 -32767.0 -32767.0 -32767.0 -32767.0 -32767.0 -32767.0 -32767.0 -32767.0 -32767.0 -32767.0 -32767.0 23.10247 23.410652 22.722467 20.886744 17.506058 21.717224 23.181877 22.40557 22.279041 22.330162 21.981066 21.574373 21.586134 22.34992 22.312311 22.498186 22.260197 22.359396 22.451853 22.565716 22.636047 22.833015 22.794645 22.540226 22.45969 22.81624 22.183546 22.301336 22.77971 23.237999 23.358677 23.096006 23.029337 23.419996 23.20532 22.972206 22.54854 22.97929 -32767.0
24.150433 24.339258 24.593298 24.437843 24.247246 24.365522 24.412582 25.011805 25.689407 26.041374 25.571815 25.624823 26.41466 -32767.0 -32767.0 -32767.0 -32767.0 -32767.0 -32767.0 -32767.0 -32767.0 -32767.0 -32767.0 22.65244 22.730997 17.987936 17.444172 21.445463 22.508303 22.934408 22.389631 22.557627 22.49938 21.385736 21.989845 22.113945 22.408934 22.438948 22.412594 22.397243 22.421724 22.33676 22.372847 22.638515 22.847523 22.743279 22.745966 23.130722 23.448656 23.513811 23.437422 23.459393 23.693075 23.755157 23.9167 23.887234 23.788145 23.720438 23.208923 23.184814 23.446392
24.235266 24.531013 24.973507 24.921646 24.71464 24.52194 24.27174 23.73827 23.726374 24.38819 23.907726 23.943726 24.35098 -32767.0 -32767.0 -32767.0 -32767.0 -32767.0 -32767.0 -32767.0 -32767.0 -32767.0 -32767.0 -32767.0 22.583286 17.102388 17.453676 18.300495 21.270493 22.826113 22.726667 22.689024 22.586773 21.50194 20.957867 22.25336 22.197966 22.004612 22.6815 22.540562 22.65639 22.632793 22.907682 22.90249 22.917786 22.961779 23.09071 23.47787 23.855583 23.936977 24.138573 24.245848 24.28028 24.306725 24.514202 24.597078 -32767.0 24.472324 24.131548 23.977837 24.15011
24.311277 24.406998 25.05759 25.116693 24.935762 24.58487 24.279469 24.006212 23.148296 23.283337 23.04769 23.590958 23.527761 24.478512 25.684221 -32767.0 -32767.0 -32767.0 -32767.0 -32767.0 -32767.0 -32767.0 -32767.0 -32767.0 -32767.0 18.799316 16.742695 17.33463 19.463432 22.151964 22.504848 22.415684 22.49413 21.13494 20.761621 20.8871 21.38849 22.83617 23.294287 22.785326 23.096567 22.889835 23.319511 23.45821 23.550505 23.657606 23.77564 23.919292 24.448336 24.476656 24.356491 24.46301 24.39128 24.41782 -32767.0 -32767.0 24.847523 24.717695 24.65296 24.129812 25.397617
24.029266 24.340496 24.775248 25.068272 25.102125 24.920332 24.67192 24.345188 23.734175 22.937937 23.451834 23.926823 24.875505 -32767.0 25.463194 -32767.0 -32767.0 -32767.0 -32767.0 -32767.0 -32767.0 -32767.0 -32767.0 -32767.0 -32767.0 18.433233 16.683704 17.318796 19.812727 21.24068 22.291512 22.130203 21.919847 21.463514 21.014027 21.439608 22.12217 23.155043 23.69133 23.702936 23.553688 23.034042 23.397793 23.731436 23.970184 24.07843 23.943241 23.974611 24.518206 24.726233 24.73712 24.827639 24.700378 24.485449 -32767.0 24.985266 25.22783 25.134338 -32767.0 -32767.0 -32767.0
24.264547 24.303738 24.892853 24.97511 25.012228 24.929255 24.768751 24.453857 24.094069 23.798773 23.054613 23.936594 -32767.0 -32767.0 -32767.0 -32767.0 -32767.0 -32767.0 -32767.0 -32767.0 -32767.0 -32767.0 -32767.0 -32767.0 -32767.0 18.142052 16.516336 17.62778 19.384468 20.892164 21.650406 21.78295 22.016592 22.004248 21.7304 21.566338 22.191624 23.025412 23.370724 23.775415 23.599014 23.342377 23.573782 23.861292 24.106274 24.215693 24.412403 24.434721 24.311148 24.664131 24.944754 25.13344 24.875942 24.853502 25.495918 -32767.0 25.751657 -32767.0 -32767.0 -32767.0 -32767.0
24.643965 24.670464 25.083918 25.132053 25.073277 24.872318 24.597162 24.503052 24.396523 23.67913 23.12414 23.02441 24.980778 -32767.0 -32767.0 -32767.0 -32767.0 -32767.0 -32767.0 -32767.0 -32767.0 -32767.0 -32767.0 -32767.0 -32767.0 18.173384 16.777012 16.84484 18.63212 20.693367 21.359354 21.396133 21.353495 21.743229 22.0264 22.237246 22.36792 22.65467 22.90699 23.327911 23.59745 23.79577 23.75862 24.066725 24.313814 24.694937 24.95739 24.778782 24.506182 24.759155 24.660643 25.226196 25.466314 25.901663 -32767.0 -32767.0 -32767.0 -32767.0 -32767.0 -32767.0 -32767.0
25.01303 24.79862 24.947155 24.984253 24.95475 24.823212 24.785015 24.573534 24.102028 23.75891 23.203121 22.720583 23.963694 25.723572 -32767.0 -32767.0 -32767.0 -32767.0 -32767.0 -32767.0 -32767.0 -32767.0 -32767.0 -32767.0 -32767.0 18.958973 16.34528 17.390795 19.721264 20.002527 21.79788 22.299654 22.085876 22.056156 22.383244 23.314316 23.255959 22.893929 22.645296 23.17299 -32767.0 24.228899 24.649734 24.804855 25.101566 25.461971 25.312351 25.237755 25.002876 24.872244 24.859005 25.422998 -32767.0 -32767.0 -32767.0 -32767.0 -32767.0 -32767.0 -32767.0 -32767.0 -32767.0
24.933952 24.825018 24.87388 24.888168 24.874208 24.860048 24.641829 24.134714 23.426325 23.100517 23.343512 22.802052 22.397396 24.659307 -32767.0 -32767.0 -32767.0 -32767.0 -32767.0 -32767.0 -32767.0 -32767.0 -32767.0 -32767.0 -32767.0 -32767.0 16.350582 18.988058 22.22532 21.066195 22.538656 22.568682 22.677225 22.47282 23.340393 23.589426 23.030083 22.503365 22.906883 23.75624 23.995642 24.4932 24.46811 24.68011 25.24274 25.268106 25.422417 25.42176 25.497858 25.22404 25.11191 25.48992 -32767.0 -32767.0 -32767.0 -32767.0 -32767.0 -32767.0 -32767.0 -32767.0 -32767.0
25.257097 25.15313 25.069916 25.162992 25.129997 24.949516 24.651045 24.252712 23.281935 22.554865 22.260015 22.349838 21.993937 25.017168 24.738924 -32767.0 -32767.0 -32767.0 -32767.0 -32767.0 -32767.0 -32767.0 -32767.0 -32767.0 -32767.0 14.980011 17.702719 20.81545 23.555552 22.164364 22.981157 23.188683 23.052254 23.020164 23.22821 23.40861 23.645538 23.242914 23.929974 24.532919 24.66124 24.831871 24.77214 25.016945 24.90451 25.598736 25.478539 25.549015 -32767.0 25.814037 27.014122 27.067036 -32767.0 -32767.0 -32767.0 -32767.0 -32767.0 -32767.0 -32767.0 -32767.0 -32767.0
25.739988 25.71096 25.603561 25.47021 25.146732 24.826286 24.606812 24.26082 23.69298 22.999628 22.475927 21.862623 23.602882 25.659008 -32767.0 -32767.0 -32767.0 -32767.0 -32767.0 -32767.0 -32767.0 -32767.0 -32767.0 -32767.0 -32767.0 16.329905 19.168547 21.661167 23.662062 23.236923 22.928865 23.344955 23.428793 23.678423 24.398308 24.058512 23.981583 24.444693 24.798313 -32767.0 -32767.0 25.838732 26.34125 -32767.0 -32767.0 -32767.0 -32767.0 -32767.0 -32767.0 -32767.0 -32767.0 -32767.0 -32767.0 -32767.0 -32767.0 -32767.0 -32767.0 -32767.0 -32767.0 -32767.0 -32767.0
25.892958 25.76238 25.642456 25.358086 24.798439 24.350784 23.359238 23.153543 23.139677 22.594082 21.790985 21.648016 23.797104 -32767.0 -32767.0 -32767.0 -32767.0 -32767.0 -32767.0 -32767.0 -32767.0 -32767.0 -32767.0 -32767.0 17.367796 19.207232 22.285807 22.180326 23.788742 23.60462 23.689388 24.194822 24.386482 24.707483 24.469648 24.86936 24.765554 24.916069 -32767.0 -32767.0 -32767.0 -32767.0 -32767.0 -32767.0 -32767.0 -32767.0 -32767.0 -32767.0 -32767.0 -32767.0 -32767.0 -32767.0 -32767.0 -32767.0 -32767.0 -32767.0 -32767.0 -32767.0 -32767.0 -32767.0 -32767.0
25.944704 25.852938 25.642488 25.091057 24.613426 24.17869 23.78054 22.830849 22.597378 22.198397 21.688875 21.374435 25.490622 -32767.0 -32767.0 -32767.0 -32767.0 -32767.0 -32767.0 -32767.0 -32767.0 21.184664 21.584044 20.587105 20.55991 23.53399 24.324574 23.803701 23.483028 23.89387 24.02384 24.60159 25.266357 25.232227 25.028212 24.936937 -32767.0 -32767.0 -32767.0 -32767.0 -32767.0 -32767.0 -32767.0 -32767.0 -32767.0 -32767.0 -32767.0 -32767.0 -32767.0 -32767.0 -32767.0 -32767.0 -32767.0 -32767.0 27.38963 -32767.0 -32767.0 -32767.0 -32767.0 -32767.0 -32767.0
25.827795 25.78351 25.635422 25.388882 25.04954 24.589186 24.132423 23.359247 23.030499 22.397087 21.591026 21.88842 23.0608 -32767.0 -32767.0 -32767.0 -32767.0 27.741842 23.178274 24.078756 21.802868 21.3501 21.445688 20.021639 21.481226 24.340824 24.23785 24.218552 24.028591 24.196907 24.487858 25.981142 25.111338 25.485048 25.459871 -32767.0 -32767.0 -32767.0 -32767.0 -32767.0 -32767.0 -32767.0 -32767.0 -32767.0 -32767.0 26.597647 26.698551 -32767.0 -32767.0 -32767.0 -32767.0 -32767.0 -32767.0 -32767.0 26.91855 -32767.0 -32767.0 -32767.0 -32767.0 -32767.0 21.852276
25.59623 25.438446 25.246344 24.909693 24.665115 24.508282 24.084743 23.738506 23.515438 22.783428 21.724024 20.80292 -32767.0 25.776531 -32767.0 23.94348 -32767.0 23.686354 -32767.0 19.036781 18.992329 19.50669 19.867458 19.070374 22.569332 24.294659 23.824121 23.9887 24.157764 24.610106 26.000523 26.204247 25.879547 -32767.0 -32767.0 -32767.0 -32767.0 -32767.0 -32767.0 -32767.0 -32767.0 26.073174 26.272587 26.37809 26.610256 25.86373 25.842278 24.545689 25.34143 -32767.0 -32767.0 -32767.0 -32767.0 -32767.0 26.909338 26.37278 23.691895 23.225353 23.639568 23.846127 23.160418
25.30451 25.35968 25.188408 24.944304 24.694366 24.275326 24.041208 24.040663 23.783253 23.766424 22.7686 21.737228 20.89572 20.862953 21.20552 20.099604 20.326647 19.202505 19.358307 19.797163 19.720926 19.502802 19.289488 22.77895 -32767.0 24.313046 24.015614 25.143135 25.651958 26.164852 26.477922 -32767.0 -32767.0 -32767.0 -32767.0 -32767.0 25.012213 24.859596 24.040642 24.665857 25.616735 26.65796 27.426506 -32767.0 -32767.0 27.27813 26.322628 24.654198 -32767.0 -32767.0 -32767.0 -32767.0 -32767.0 21.55674 21.573095 22.947525 25.622486 26.788733 26.81992 26.94053 27.0114
25.37092 25.165686 25.00597 24.872366 24.657894 24.425053 24.336466 24.187115 23.133667 23.568382 23.0648 22.25611 21.795803 21.144737 21.960785 22.859602 22.19336 21.645794 19.589857 21.18678 22.075087 23.569014 21.618237 23.296227 24.732925 25.645962 26.120296 25.957865 26.074268 26.564432 26.880953 28.53179 -32767.0 26.75044 25.929089 -32767.0 24.677639 24.571796 25.101265 -32767.0 27.568407 26.952824 -32767.0 -32767.0 -32767.0 -32767.0 25.543135 24.74183 -32767.0 -32767.0 -32767.0 -32767.0 20.782318 23.246473 25.592402 26.28609 26.686172 26.952795 27.104599 27.339487 27.512053
25.844221 25.619278 24.961512 24.70602 24.702208 24.593668 24.625618 24.7772 24.91354 24.786657 24.72324 24.71229 24.510696 25.072664 26.48885 26.23398 25.647453 24.265434 25.067158 25.497177 25.09556 24.656252 24.909536 25.739565 25.853136 26.197163 -32767.0 25.89383 26.31347 -32767.0 -32767.0 28.829823 27.453415 27.129526 25.601368 24.820621 24.895184 25.511127 -32767.0 -32767.0 -32767.0 -32767.0 -32767.0 -32767.0 -32767.0 -32767.0 24.717356 24.413918 24.919617 -32767.0 -32767.0 21.53745 23.701555 26.42973 26.684809 26.765078 26.952383 27.075102 27.387964 27.507792 27.609577
25.309347 25.143032 25.096579 25.15241 24.99647 24.878944 24.978584 25.151003 25.296284 25.283792 25.302217 25.380032 25.74423 -32767.0 -32767.0 25.834984 24.972729 25.634077 25.886826 26.119705 26.512354 26.834587 26.839277 26.784319 26.491774 26.17699 26.128618 26.188656 -32767.0 -32767.0 -32767.0 -32767.0 -32767.0 -32767.0 25.43877 24.705326 24.766138 -32767.0 -32767.0 -32767.0 -32767.0 -32767.0 27.051565 -32767.0 24.756374 25.203594 25.548347 25.316992 25.175575 23.98596 -32767.0 24.654207 26.778042 26.91068 27.001934 27.045637 27.100414 27.268196 27.502 27.641788 27.822863
