static/data/precipitation/2023/7/14/0.asc
ncols 137
nrows 93
xllcorner 108.0
yllcorner 17.0
cellsize 0.25
NODATA_value -32767
[rows 22 to 43 of 93, columns 49 to 97 of 137]
0.44731550053831587 1.1613635773235487 1.7229930391105437 3.00087954311753 4.141257948810886 5.800190990313474 6.997450255951827 7.83409591436608 4.103153295061326 2.1388307822035704 0.5235248080374331 0.27612067934463735 0.18334413108483938 0.1977024064107602 0.3434941251047319 0.1728515452697442 0.11762740940081742 0.06461223896664717 0.01822396483674646 0.021537412988881233 0.16567240760678378 0.4136287776582669 0.6163013562972344 0.7979887633060047 1.0890199593352536 1.1994682310731106 1.240886332974804 1.4297528776465382 1.0525720296617607 0.7416601447196997 0.49425601602690394 0.4992261882551079 0.21150844037799363 0.2501653354862431 0.4815544647770488 0.6361820452100465 0.6996898014593155 0.6383910106448031 0.5638384272217516 0.47658429254884493 0.315882057170265 0.21592637124750666 0.04362706733645333 0.014358275325920822 0.01270155124985517 0.0 0.0 0.0 0.03202999880397989
0.9233475517284699 1.538544425308326 2.081397680899884 2.6711914519800315 2.664012314317071 3.011372128932627 3.5608522808284575 3.667434863055487 1.25193116014859 0.4594648104294802 0.2915834373879399 0.2739117139098808 0.41086757086482295 0.13419465016149476 0.21150844037799363 0.08338844516208102 0.008283620380338669 0.008835861739029532 0.04141810190169681 0.07068689391222932 0.16898585575891856 0.3125686090181302 0.2993148164095877 0.29710585097483116 0.3799420547782213 0.40976308814744467 0.45118119004913804 0.5019873950485518 0.3042849886377916 0.09608999641193272 0.0988512032053801 0.10934378902047875 0.1336424088028039 0.1905232687477998 0.318091022605025 0.4451065351035559 0.45283791412520713 0.3567479177132744 0.2739117139098808 0.162358959454649 0.07620930749912061 0.04528379141252245 0.014910516684611685 0.0016567240760691215 0.0016567240760691215 0.02374637842363775 0.004970172228203895 0.0011044827173782579 0.025955343858397734
0.6477791137425235 1.225975816290196 1.4049020165055186 1.398275120201249 1.3060508133001387 1.25193116014859 1.0873632352591847 0.7930185910778008 0.41307653629957947 0.18665757923697415 0.1159706853247483 0.2418817151059044 0.2904789546705582 0.058537584021065014 0.0016567240760691215 0.0016567240760691215 0.0016567240760691215 0.0342389642387364 0.026507585217085128 0.07013465255353846 0.0640599976079563 0.07786603157518973 0.05688085994499589 0.047492756847278966 0.0298210333692199 0.0298210333692199 0.030373274727910765 0.025955343858397734 0.022089654347572096 0.0016567240760691215 0.0005522413586908637 0.0005522413586908637 0.061298790814508924 0.18941878603042153 0.3247179189092946 0.3407329183112845 0.2821953342902195 0.16953809711760942 0.11265723717261353 0.022089654347572096 0.007179137662960411 0.0027612067934473794 0.0016567240760691215 0.00994034445640779 0.018776206195437323 0.02264189570625949 0.011597068532473442 0.0 0.0
0.5594204963522386 0.557211530917482 0.7366899724914957 0.7344810070567392 0.8366456584142541 0.7101823872744106 0.5494801518958308 0.2545832663557561 0.13971706374838605 0.06792568711878194 0.0022089654347565157 0.0016567240760691215 0.0 0.0 0.0016567240760691215 0.0016567240760691215 0.03258224016266728 0.08338844516208102 0.038656895108249434 0.01270155124985517 0.006626896304273017 0.0 0.0 0.0 0.0005522413586908637 0.0011044827173782579 0.0011044827173782579 0.0005522413586908637 0.0 0.0 0.0 0.0005522413586908637 0.03202999880397989 0.162358959454649 0.19549344097600369 0.18941878603042153 0.11155275445523527 0.06792568711878194 0.011044827173786048 0.0005522413586908637 0.0 0.0 0.0011044827173782579 0.009388103097716927 0.022089654347572096 0.025955343858397734 0.014910516684611685 0.0 0.0
0.8559741059683789 0.8338844516208067 0.6461223896664543 0.4859723956465653 0.35453895227851445 0.2247622329865362 0.08062723836863364 0.03976137782562769 0.0044179308695130315 0.0005522413586908637 0.0 0.0 0.0011044827173782579 0.0016567240760691215 0.0038656895108256373 0.004970172228203895 0.03644792967349292 0.07897051429256799 0.04528379141252245 0.0038656895108256373 0.0 0.0 0.0 0.005522413586894759 0.006074654945582153 0.004970172228203895 0.0044179308695130315 0.0016567240760691215 0.0 0.0 0.0011044827173782579 0.0016567240760691215 0.0077313790216512746 0.025955343858397734 0.05632861858630503 0.05522413586892677 0.01988068891281558 0.011044827173786048 0.008835861739029532 0.0011044827173782579 0.03368672288004554 0.1507618909221721 0.15131413228086296 0.0016567240760691215 0.009388103097716927 0.037552412390871176 0.014910516684611685 0.0 0.004970172228203895
1.1210499581392335 0.4760320511901575 0.23359809472556572 0.16677689032416204 0.1032691340748966 0.0298210333692199 0.012149309891164306 0.0011044827173782579 0.0 0.0 0.0 0.0 0.0011044827173782579 0.0044179308695130315 0.014358275325920822 0.012149309891164306 0.005522413586894759 0.0005522413586908637 0.0 0.0 0.0 0.0 0.0 0.013253792608542564 0.03258224016266728 0.0342389642387364 0.017671723478055595 0.0033134481521347736 0.0011044827173782579 0.0 0.0011044827173782579 0.0033134481521347736 0.0027612067934473794 0.0038656895108256373 0.0044179308695130315 0.0027612067934473794 0.0005522413586908637 0.04141810190169681 0.0342389642387364 0.016567240760677338 0.07952275565125538 0.4241213634733655 0.2446429218993483 0.040313619184318555 0.0033134481521347736 0.0005522413586908637 0.0 0.0 0.004970172228203895
0.7571229027629988 0.13916482238969866 0.051358446358104604 0.011597068532473442 0.0016567240760691215 0.0011044827173782579 0.0005522413586908637 0.0 0.0 0.0 0.0 0.0005522413586908637 0.0016567240760691215 0.0016567240760691215 0.0016567240760691215 0.0011044827173782579 0.0005522413586908637 0.0 0.0 0.0 0.0 0.0 0.0 0.0033134481521347736 0.035895688314802054 0.06074654945582153 0.05964206673844327 0.006074654945582153 0.0016567240760691215 0.0 0.0 0.0 0.0005522413586908637 0.0 0.0 0.0 0.0011044827173782579 0.058537584021065014 0.11431396124867918 0.12977671929198173 0.0817317210860119 0.09995568592275836 0.11762740940081742 0.07841827293387713 0.007179137662960411 0.0005522413586908637 0.0005522413586908637 0.0005522413586908637 0.005522413586894759
0.16456792488940553 0.024850861141019476 0.006074654945582153 0.0005522413586908637 0.0005522413586908637 0.0005522413586908637 0.0005522413586908637 0.0 0.0 0.0 0.0 0.0005522413586908637 0.0016567240760691215 0.0038656895108256373 0.0011044827173782579 0.0 0.0 0.0 0.0 0.0 0.0 0.0 0.0 0.0 0.0022089654347565157 0.0022089654347565157 0.0 0.0 0.0 0.0 0.0 0.0 0.0 0.0 0.0 0.0 0.0005522413586908637 0.0033134481521347736 0.033134481521358145 0.17450826934581332 0.5489279105371399 0.19880688912813846 0.06682120440140368 0.013253792608542564 0.0027612067934473794 0.012149309891164306 0.006074654945582153 0.0016567240760691215 0.0011044827173782579
0.016567240760677338 0.0077313790216512746 0.0 0.0 0.0005522413586908637 0.0 0.0 0.0 0.0 0.0 0.0 0.0 0.0005522413586908637 0.004970172228203895 0.1259110297811561 0.0861496519555284 0.0 0.0 0.0 0.0 0.0 0.0 0.0 0.0 0.0 0.0 0.0 0.0 0.0 0.0 0.0 0.0 0.0011044827173782579 0.0005522413586908637 0.0 0.0005522413586908637 0.0005522413586908637 0.0 0.06185103217319979 0.25292654227969047 0.5677041167325771 0.23967274967114788 0.06792568711878194 0.006626896304273017 0.0077313790216512746 0.01546275804329908 0.004970172228203895 0.0005522413586908637 0.0005522413586908637
0.008835861739029532 0.0 0.0 0.0 0.0 0.0 0.0 0.0 0.0 0.0 0.0 0.0 0.0016567240760691215 0.008283620380338669 0.0469405154885881 0.04417930869514072 0.0 0.0 0.0 0.0 0.0 0.0 0.0 0.0 0.0 0.0 0.0 0.0 0.0 0.0 0.0 0.0 0.007179137662960411 0.0027612067934473794 0.0005522413586908637 0.0016567240760691215 0.004970172228203895 0.0038656895108256373 0.0016567240760691215 0.1480006841287282 0.18389637244353024 0.3727629171152609 0.16456792488940553 0.03092551608659816 0.0077313790216512746 0.014910516684611685 0.005522413586894759 0.0005522413586908637 0.006074654945582153
0.0 0.0 0.0 0.0 0.0 0.0 0.0 0.0 0.0 0.0 0.0 0.0 0.0016567240760691215 0.0033134481521347736 0.0027612067934473794 0.0 0.0 0.0 0.0 0.0 0.0 0.0 0.0 0.0 0.0 0.0 0.0 0.0 0.0005522413586908637 0.0 0.0 0.0016567240760691215 0.012149309891164306 0.00994034445640779 0.016014999401989943 0.02374637842363775 0.0690301698361602 0.053015170434170256 0.04638827412990071 0.12149309891163959 0.2993148164095877 0.39098688195200737 0.1971501650520728 0.06185103217319979 0.02816430929315425 0.018776206195437323 0.007179137662960411 0.0011044827173782579 0.006074654945582153
0.0 0.0 0.0 0.0 0.0 0.0 0.0 0.0 0.0 0.0 0.0 0.0 0.0 0.0 0.0 0.0 0.0 0.0 0.0 0.0 0.0 0.0 0.0 0.0 0.0 0.0 0.0 0.0 0.0 0.0 0.0005522413586908637 0.0016567240760691215 0.011597068532473442 0.014358275325920822 0.020432930271502975 0.03976137782562769 0.06571672168402543 0.07068689391222932 0.06019430809713067 0.13419465016149476 0.23912050831245701 0.2253144743452236 0.1259110297811561 0.25955343858395996 0.207642750867168 0.03534344695611466 0.006626896304273017 0.0005522413586908637 0.007179137662960411
0.0 0.0 0.0 0.0 0.0 0.0 0.0 0.0 0.0 0.0 0.0 0.0 0.0 0.0 0.0 0.0 0.0 0.0 0.0 0.0 0.0 0.0 0.0 0.0 0.0 0.0 0.0 0.0 0.0 0.008835861739029532 0.009388103097716927 0.0016567240760691215 0.008283620380338669 0.011044827173786048 0.01546275804329908 0.03258224016266728 0.03810465374956204 0.06792568711878194 0.05743310130368676 0.0392091364669403 0.06295551489057805 0.05080620499941374 0.19383671689993803 0.3285836084201202 0.21592637124750666 0.025955343858397734 0.0005522413586908637 0.013806033967233428 0.020432930271502975
0.0 0.0 0.0 0.0 0.0 0.0 0.0 0.0 0.0 0.0 0.0 0.0 0.0 0.0 0.0 0.0 0.0 0.0 0.0 0.0 0.0 0.0 0.0 0.0 0.0 0.0 0.0 0.0 0.0 0.009388103097716927 0.019328447554124717 0.0077313790216512746 0.011597068532473442 0.01546275804329908 0.01988068891281558 0.016014999401989943 0.038656895108249434 0.05356741179286112 0.04086586054300595 0.024850861141019476 0.051910687716792 0.04528379141252245 0.12867223657460347 0.12314982298770871 0.006626896304273017 0.0005522413586908637 0.011044827173786048 0.026507585217085128 0.033134481521358145
0.0 0.0 0.0 0.0 0.0 0.0 0.0 0.0 0.0 0.0 0.0 0.0 0.0 0.0 0.0 0.0 0.0 0.0 0.0 0.0 0.0 0.0 0.0 0.0 0.0 0.0 0.0 0.0 0.0005522413586908637 0.0038656895108256373 0.008835861739029532 0.016567240760677338 0.012149309891164306 0.012149309891164306 0.011597068532473442 0.009388103097716927 0.016014999401989943 0.007179137662960411 0.0044179308695130315 0.0038656895108256373 0.009388103097716927 0.019328447554124717 0.013806033967233428 0.0044179308695130315 0.0 0.0005522413586908637 0.024850861141019476 0.033134481521358145 0.03534344695611466
0.0 0.0 0.0 0.0 0.0 0.0 0.0 0.0 0.0 0.0 0.0 0.0 0.0 0.0 0.0 0.0 0.0 0.0 0.0 0.0 0.0 0.0 0.0 0.0 0.0 0.0 0.0 0.0005522413586908637 0.0016567240760691215 0.006074654945582153 0.00994034445640779 0.007179137662960411 0.0033134481521347736 0.004970172228203895 0.004970172228203895 0.006626896304273017 0.0298210333692199 0.0171194821193682 0.00994034445640779 0.006074654945582153 0.0 0.0 0.0 0.0 0.0 0.0 0.0005522413586908637 0.004970172228203895 0.008283620380338669
0.0 0.0 0.0 0.0 0.0 0.0 0.0 0.0 0.0 0.0 0.0 0.0 0.0 0.0 0.0 0.0 0.0 0.0 0.0 0.0 0.0 0.0 0.0 0.0 0.0 0.0005522413586908637 0.0011044827173782579 0.0016567240760691215 0.0016567240760691215 0.0044179308695130315 0.007179137662960411 0.0022089654347565157 0.0016567240760691215 0.016014999401989943 0.038656895108249434 0.05908982537975241 0.033134481521358145 0.029268792010532507 0.029268792010532507 0.023194137064950354 0.0016567240760691215 0.0005522413586908637 0.0011044827173782579 0.0005522413586908637 0.0 0.0 0.0016567240760691215 0.0033134481521347736 0.0044179308695130315
0.0 0.0 0.0 0.0 0.0 0.0 0.0 0.0 0.0 0.0 0.0 0.0 0.0 0.0 0.0 0.0 0.0 0.0 0.0 0.0 0.0 0.0 0.0 0.0005522413586908637 0.0016567240760691215 0.0022089654347565157 0.005522413586894759 0.00994034445640779 0.012149309891164306 0.012149309891164306 0.014358275325920822 0.02816430929315425 0.045836032771209845 0.06737344576009108 0.08338844516208102 0.05632861858630503 0.03644792967349292 0.033134481521358145 0.03976137782562769 0.04804499820596636 0.019328447554124717 0.011597068532473442 0.007179137662960411 0.0011044827173782579 0.0 0.0 0.0011044827173782579 0.0016567240760691215 0.004970172228203895
0.0 0.0 0.0 0.0 0.0 0.0 0.0 0.0 0.0 0.0 0.0 0.0 0.0 0.0 0.0 0.0 0.0 0.0 0.0 0.0 0.0 0.0005522413586908637 0.0011044827173782579 0.0033134481521347736 0.006074654945582153 0.013806033967233428 0.0171194821193682 0.030373274727910765 0.07179137662960758 0.07179137662960758 0.07897051429256799 0.0640599976079563 0.07676154885781147 0.07952275565125538 0.05522413586892677 0.04197034326038421 0.03810465374956204 0.03700017103218031 0.0469405154885881 0.05688085994499589 0.05632861858630503 0.06792568711878194 0.054119653151548514 0.0027612067934473794 0.0 0.0 0.0016567240760691215 0.0038656895108256373 0.005522413586894759
0.0 0.0 0.0 0.0 0.0 0.0 0.0 0.0 0.0 0.0 0.0 0.0 0.0 0.0 0.0 0.0 0.0 0.0 0.0 0.0 0.0005522413586908637 0.0011044827173782579 0.004970172228203895 0.008835861739029532 0.01988068891281558 0.0469405154885881 0.05080620499941374 0.06737344576009108 0.10161240999882748 0.13143344336804738 0.08559741059683754 0.07952275565125538 0.0640599976079563 0.04970172228203548 0.04362706733645333 0.04638827412990071 0.050253963640722876 0.08559741059683754 0.10713482358571877 0.0988512032053801 0.07013465255353846 0.06682120440140368 0.04362706733645333 0.00994034445640779 0.0 0.0 0.0016567240760691215 0.0027612067934473794 0.004970172228203895
0.0 0.0 0.0 0.0 0.0 0.0 0.0 0.0 0.0 0.0 0.0 0.0 0.0 0.0 0.0005522413586908637 0.0 0.0 0.0 0.0 0.0 0.0005522413586908637 0.005522413586894759 0.00994034445640779 0.04362706733645333 0.058537584021065014 0.0867018933142158 0.1032691340748966 0.11928413347688308 0.16843361440023116 0.1734037866284316 0.12259758162902132 0.0988512032053801 0.08283620380339016 0.051358446358104604 0.06682120440140368 0.0640599976079563 0.09553775505324533 0.13088120200936 0.16677689032416204 0.16567240760678378 0.10934378902047875 0.07179137662960758 0.048597239564657224 0.014910516684611685 0.0 0.0 0.0016567240760691215 0.0027612067934473794 0.0038656895108256373
0.0 0.0 0.0 0.0 0.0 0.0 0.0 0.0 0.0 0.0 0.0 0.0 0.0 0.0 0.0005522413586908637 0.0 0.0 0.0 0.0 0.0005522413586908637 0.0077313790216512746 0.013253792608542564 0.07344810070567323 0.11210499581392266 0.12646327113984349 0.15904551130251077 0.1778217174979481 0.21813533668226318 0.2700460243990552 0.19825464776945106 0.18334413108483938 0.15683654586775425 0.11928413347688308 0.08559741059683754 0.09995568592275836 0.08780637603159405 0.12259758162902132 0.18720982059566502 0.22255326755177968 0.27059826575774604 0.12701551249853435 0.09167206554241969 0.08062723836863364 0.04362706733645333 0.0005522413586908637 0.0 0.0016567240760691215 0.0027612067934473794 0.0038656895108256373
