static/data/precipitation/2023/7/14/12.asc
ncols 137
nrows 93
xllcorner 108.0
yllcorner 17.0
cellsize 0.25
NODATA_value -32767
[rows 0 to 23 of 93, columns 53 to 105 of 137]
0.0 0.0 0.0 0.0 0.0 0.0 0.0 0.0 0.0 0.0 0.0 0.0 0.0 0.0 0.0 0.004970172228203895 0.0347912055974238 0.0740003420643641 0.11431396124867918 0.155732063150376 0.15904551130251077 0.28771774787711424 0.3307925738548767 0.07179137662960758 0.008283620380338669 0.0022089654347565157 0.0022089654347565157 0.08394068652077188 0.1209408575529522 0.030373274727910765 0.010492585815095185 0.0016567240760691215 0.0 0.0 0.0005522413586908637 0.0011044827173782579 0.0 0.0 0.0005522413586908637 0.0022089654347565157 0.0077313790216512746 0.0342389642387364 0.06350775624926544 0.037552412390871176 0.043074825977762465 0.06682120440140368 0.12480654706377783 0.30704619543123896 0.7350332484154266 0.9255565171632264 0.5522413586892782 0.7687199712954722 1.6208283877530287
0.0 0.0 0.0 0.0 0.0 0.0 0.0 0.0 0.0 0.0 0.0 0.0 0.0 0.0 0.0 0.0 0.0005522413586908637 0.0011044827173782579 0.02264189570625949 0.09498551369455446 0.20377706135634235 0.4688529135271971 0.2468518873341083 0.017671723478055595 0.0016567240760691215 0.0027612067934473794 0.0027612067934473794 0.0011044827173782579 0.0011044827173782579 0.0005522413586908637 0.0 0.0011044827173782579 0.0011044827173782579 0.0005522413586908637 0.0 0.0 0.0 0.0 0.0 0.0 0.016567240760677338 0.054119653151548514 0.0171194821193682 0.012149309891164306 0.023194137064950354 0.047492756847278966 0.1927322341825563 0.7985410046646956 1.8251576904680586 0.7449735928718344 0.32637464298536367 0.4451065351035559 0.6151968735798562
0.0 0.0 0.0 0.0 0.0 0.0 0.0 0.0 0.0 0.0 0.0 0.0 0.0 0.0 0.0 0.0 0.0 0.0 0.0 0.04252258461907507 0.09553775505324533 0.0811794797273245 0.03644792967349292 0.0033134481521347736 0.0011044827173782579 0.0011044827173782579 0.0011044827173782579 0.0 0.0 0.0 0.0 0.0 0.0 0.0 0.0 0.0 0.0 0.0 0.0 0.0011044827173782579 0.0022089654347565157 0.0044179308695130315 0.004970172228203895 0.004970172228203895 0.008283620380338669 0.013806033967233428 0.02540310249970687 0.14137378782445517 0.17009033847629682 0.3153298158115776 0.3931958473867639 0.7510482478174165 1.6103358019379301
0.0 0.0 0.0 0.0 0.0 0.0 0.0 0.0 0.0 0.0 0.0 0.0 0.0 0.0 0.0 0.0 0.0 0.0 0.0016567240760691215 0.02816430929315425 0.0695824111948476 0.12646327113984349 0.061298790814508924 0.0038656895108256373 0.0011044827173782579 0.0016567240760691215 0.0016567240760691215 0.0016567240760691215 0.0011044827173782579 0.0005522413586908637 0.0 0.0 0.0 0.0 0.0 0.0 0.0 0.0 0.0005522413586908637 0.0038656895108256373 0.0077313790216512746 0.0171194821193682 0.013806033967233428 0.011044827173786048 0.006626896304273017 0.0077313790216512746 0.012149309891164306 0.029268792010532507 0.06461223896664717 0.43627067336452985 0.9907209974885645 1.5766490790578847 2.61154938524159
0.0 0.0 0.0 0.0 0.0 0.0 0.0 0.0 0.0 0.0 0.0 0.0 0.0 0.0 0.0 0.0 0.0 0.0 0.0 0.02540310249970687 0.08338844516208102 0.2440906805406609 0.17009033847629682 0.05798534266237415 0.008283620380338669 0.004970172228203895 0.0016567240760691215 0.0016567240760691215 0.0011044827173782579 0.0005522413586908637 0.0 0.0 0.0 0.0 0.0 0.0 0.0 0.0005522413586908637 0.0016567240760691215 0.008283620380338669 0.023194137064950354 0.038656895108249434 0.040313619184318555 0.03534344695611466 0.029268792010532507 0.03534344695611466 0.09222430690111055 0.12977671929198173 0.3556434349958962 0.4931515333095257 0.9393625511304599 1.053676512379139 1.1812442662363642
0.0 0.0 0.0 0.0 0.0 0.0 0.0 0.0 0.0 0.0 0.0 0.0 0.0 0.0 0.0 0.0 0.0 0.0 0.0 0.022089654347572096 0.0811794797273245 0.21316516445406275 0.38822567515856343 0.31422533309419937 0.3230611948332289 0.022089654347572096 0.019328447554124717 0.0044179308695130315 0.0005522413586908637 0.0 0.0 0.0 0.0 0.0 0.0 0.0 0.0005522413586908637 0.0011044827173782579 0.004970172228203895 0.021537412988881233 0.03644792967349292 0.07731379021649887 0.11541844396605744 0.11265723717261353 0.207642750867168 0.4174944671690925 0.4136287776582669 0.868675657218234 1.5164547709607539 1.2447520224856297 0.9835418598256006 1.0564377191725864 0.7527049718934857
0.0 0.0 0.0 0.0 0.0 0.0 0.0 0.0 0.0 0.0 0.0 0.0 0.0 0.0 0.0 0.0 0.0 0.0 0.0 0.022089654347572096 0.03700017103218031 0.09940344456407096 0.2645236108121639 0.2810908515728412 0.3197477466810906 0.1259110297811561 0.1457917186939682 0.10879154766178789 0.0469405154885881 0.0 0.0 0.0 0.0005522413586908637 0.0005522413586908637 0.0044179308695130315 0.010492585815095185 0.011044827173786048 0.01546275804329908 0.020432930271502975 0.03368672288004554 0.037552412390871176 0.07179137662960758 0.11983637483557394 0.22365775026915793 0.3252701602679854 0.6698687680900921 0.9415715165652163 1.3988273615599365 2.502757837579802 1.5854849407969143 1.3237225367781977 1.2491699533551428 0.8603920368378919
0.0 0.0 0.0 0.0 0.0 0.0 0.0 0.0 0.0 0.0 0.0 0.0 0.0 0.0 0.0 0.0 0.0 0.0 0.0 0.0027612067934473794 0.007179137662960411 0.03092551608659816 0.0298210333692199 0.04086586054300595 0.15959775266120163 0.36889722760443877 0.2297324052147401 0.44621101782093764 0.21206068173668102 0.033134481521358145 0.014910516684611685 0.02098517163019384 0.023194137064950354 0.04362706733645333 0.11873189211819568 0.2545832663557561 0.0469405154885881 0.053015170434170256 0.05908982537975241 0.058537584021065014 0.06626896304271282 0.08228396244470276 0.12922447793329087 0.8095858318384817 0.7687199712954722 1.2176921959098572 1.762202175577484 2.259219398397832 2.466862149265 1.4656485659613403 1.4871859789502215 1.3347673639519837 0.9990046178689032
0.0 0.0 0.0 0.0 0.0 0.0 0.0 0.0 0.0 0.0 0.0 0.0 0.0 0.0 0.0 0.0 0.0 0.0 0.0016567240760691215 0.0016567240760691215 0.0016567240760691215 0.0 0.0011044827173782579 0.0033134481521347736 0.23304585336687486 0.21150844037799363 0.33024033249618934 0.8775115189572601 0.3379717115178371 0.08891085874897231 0.06461223896664717 0.10879154766178789 0.09332878961848881 0.11983637483557394 0.42301688075598726 0.7758991089584326 0.36447929673492224 0.18279188972615198 0.18886654467173414 0.26286688673609476 0.22365775026915793 0.25071757684493046 0.4075541227126882 1.552350459275556 1.3535435701474177 1.7108437292193794 2.4077723238852475 2.9362673041508844 1.733485624925639 1.371767534984164 1.3005283997132473 1.1050349587372437 0.8857951393375987
0.0 0.0 0.0 0.0 0.0 0.0 0.0 0.0 0.0 0.0 0.0 0.0 0.0 0.0 0.0 0.0 0.0 0.0005522413586908637 0.0022089654347565157 0.005522413586894759 0.0038656895108256373 0.0016567240760691215 0.011597068532473442 0.014910516684611685 0.23580706016032224 0.22144878483440142 0.3291358497788076 1.1083484068893785 1.2419908156921824 0.8162127281427511 0.21813533668226318 0.28495654108366686 0.23856826695376615 0.7880484188495969 1.3739765004189206 1.3176478818326156 0.7841827293387748 0.6218237698841257 0.8073768664037216 1.003974790097107 0.8813772084680858 0.7427646274370779 0.9476461715107986 1.085706511183119 1.0542287537378299 1.2237668508554358 1.3988273615599365 2.4221305992111684 1.1249156476500557 0.9426759992825946 0.8084813491210998 0.7344810070567392 0.7571229027629988
0.0 0.0 0.0 0.0 0.0 0.0 0.0 0.0 0.0 0.0 0.0 0.0 0.0 0.0 0.0 0.0 0.0 0.0 0.0 0.0011044827173782579 0.008283620380338669 0.025955343858397734 0.03976137782562769 0.08228396244470276 0.28495654108366686 0.35453895227851445 1.0879154766178754 2.134412851334054 2.5635043870356236 1.9676359610098921 1.1674382322691308 0.539539807439423 0.5925549778735932 0.9134072072720656 1.6075745951444862 2.277995604593266 2.1073530247582815 2.1371740581275014 2.4707278387758236 2.5480416289923227 2.3238316373644756 1.7793216576968487 1.3325583985172238 1.205542886018693 1.2110652996055842 2.654624211219354 3.417269527569244 0.8990489319461413 0.9967956524341431 1.0636168568355469 0.9713925499344398 0.7659587645020283 0.6571672168402404
0.0 0.0 0.0 0.0 0.0 0.0 0.0 0.0 0.0 0.0 0.0 0.0 0.0 0.0 0.0 0.0 0.0 0.0 0.0 0.0011044827173782579 0.01822396483674646 0.14137378782445517 0.2711505071164369 0.3501210214090014 0.7405556620023214 1.981994236335813 4.456587764622464 7.985962288005631 8.285829345773909 7.3674519662736415 5.355636696568605 1.6357389044376371 2.0825021636172623 3.7668383076195564 5.617399100587323 6.098953565364372 4.8718732663568 3.8678984762596946 3.241104534147365 2.701012485349253 2.180248884105264 2.072561819160854 2.139383023562258 2.0322481999765394 1.9085461356301396 1.8560832065546602 1.7097392465020012 1.2486177119964554 1.7887097607945692 1.532469770362744 0.9796761703147784 0.6864360088507728 0.4589125690707893
0.0 0.0 0.0 0.0 0.0 0.0 0.0 0.0 0.0 0.0 0.0 0.0 0.0 0.0 0.0 0.0 0.0005522413586908637 0.0016567240760691215 0.0038656895108256373 0.01546275804329908 0.0740003420643641 0.14137378782445517 0.8084813491210998 2.3354287058969527 4.578633104892795 6.186759941395968 8.013022114581405 9.454372060760418 8.20851555555741 7.518213857195813 6.0763116696581125 2.830789204641233 1.755575279273211 2.819744377467447 4.703439651956571 6.174058390146115 5.141919290755857 4.172183464897486 3.547046246861224 3.2930152218641573 2.4900562863299487 1.8384114830766012 1.55732063150376 1.188975645258012 0.9062280696091017 0.8112425559145473 0.8051679009689651 0.7930185910778008 1.0360047889010835 1.076318408085402 0.8289142793926063 0.5743310130368467 0.33410602200701145
0.0 0.0 0.0 0.0 0.0 0.0 0.0 0.0 0.0 0.0 0.0 0.0 0.0 0.0 0.0 0.0016567240760691215 0.051358446358104604 0.19549344097600369 0.39595705418021127 0.19162775146517805 0.7819737639040147 1.6462314902527357 2.5651611111116908 3.501210214090014 3.707748482239804 4.5543344851104655 3.4205829757213806 3.5845986592520953 2.7860576545874016 3.043954369095294 1.9913823394335333 1.1497665087910751 1.7439782107407376 2.2260849168764736 2.8258190324130292 3.9231226121286213 3.1792535019741672 3.0925516086599494 2.778878516924441 2.5701312833398946 2.467966631982378 1.7235452804692346 1.0426316852053565 0.6671075612966482 0.4235691221146747 0.4174944671690925 0.4622260172229241 0.4313005011363259 0.3655837794523005 0.40258395048448425 0.6875404915681511 1.1873189211819464 0.446763259179625
0.0 0.0 0.0 0.0 0.0 0.0 0.0 0.0 0.0 0.0 0.0 0.0 0.0005522413586908637 0.0011044827173782579 0.11486620260737004 0.2816430929315321 0.4103153295061321 0.5135844635810287 0.6477791137425235 1.629664249492055 3.075432126540583 3.6309869333819944 2.463548701112865 2.2376819854089507 2.0758752673129925 2.3221749132884097 1.5164547709607539 0.8239441071644025 0.46830067216850624 0.6140923908624745 0.591450495156215 0.19549344097600369 0.5456144623850051 0.8962877251526974 1.5048577024282805 2.0062928561181415 2.231055089104678 2.146009919866531 2.393966289918014 2.486742838177814 2.2459656057892894 1.6291120081333674 0.9647656536301668 0.46001705178816754 0.24022499102983527 0.21150844037799363 0.32637464298536367 0.5163456703744727 0.48376343021180535 0.16732913168284944 0.3804942961369122 0.7924663497191133 0.3661360208109914
0.0 0.0 0.0 0.0 0.0 0.0 0.0 0.0 0.0 0.0 0.0 0.0 0.03147775744528902 0.14855292548741558 0.2645236108121639 0.39098688195200737 0.7620930749912026 0.8747503121638162 1.6125447673726867 2.778326275565752 3.9954662301169184 3.407881424471527 2.2349207786155034 1.3054985719414511 0.8642577263487174 1.132094785313016 1.714157177371514 0.5583160136348603 0.36116584858278744 0.06682120440140368 0.03644792967349292 0.04970172228203548 0.41804670852778336 0.7665110058607156 0.7891529015669752 0.9095415177612399 1.340289777538875 1.9400238930754286 2.195711642148563 2.3812647386681625 2.00960630427028 1.3933049479730453 0.8156604867840638 0.31201636765944285 0.11652292668343917 0.05908982537975241 0.17450826934581332 0.3081506781486172 0.30980740222468284 0.0 0.0 0.20046361320420758 0.0016567240760691215
0.0 0.0 0.0 0.0 0.0 0.0 0.0 0.0 0.0 0.0016567240760691215 0.0016567240760691215 0.0038656895108256373 0.05688085994499589 0.17395602798712245 0.2904789546705582 0.3661360208109914 0.8968399665113848 1.6639032137307912 2.4044588757331127 3.0765366092579614 2.9881779918676763 2.398936462146218 1.8754116541087849 1.2016771965078672 0.8013022114581394 1.0950946142808358 1.6799182131327812 0.39650929553890213 0.40092722640841516 0.10603034086834051 0.040313619184318555 0.05522413586892677 0.4727186030380227 0.525733773472193 0.5483756691784525 0.4031361918431717 0.7985410046646956 1.4004840856360057 1.5860371821556016 1.6545151106330744 1.3077075373762077 0.9785716875974002 0.39927050233234607 0.13143344336804738 0.05964206673844327 0.0016567240760691215 0.0 0.0 0.0 0.0 0.0 0.0 0.0
0.0 0.0 0.0 0.0 0.0 0.0 0.0 0.0 0.0022089654347565157 0.0044179308695130315 0.006074654945582153 0.010492585815095185 0.03202999880397989 0.05798534266237415 0.16014999401988902 0.5334651524938407 1.5446190802539081 2.3315630163861267 2.409429047961313 2.747953000837841 2.1051440593235213 1.7660678650883062 1.3463644324844573 0.900153414663523 0.6472268723838326 0.7328242829806701 0.7151525595026145 0.05632861858630503 0.043074825977762465 0.04362706733645333 0.03644792967349292 0.23083688793211835 0.22144878483440142 0.2446429218993483 0.1457917186939682 0.26231464537740734 0.5544503241240346 0.6317641143405335 0.7560184200456205 0.7030032496114502 0.4721663616793319 0.1905232687477998 0.10492585815096225 0.004970172228203895 0.0 0.0 0.0 0.0 0.0 0.0 0.0 0.0 0.0
0.0 0.0 0.0 0.0 0.0 0.0 0.0011044827173782579 0.0011044827173782579 0.006626896304273017 0.008283620380338669 0.0077313790216512746 0.01822396483674646 0.03810465374956204 0.06847792847746934 0.49259929195083485 1.0404227197705964 2.2973240521473905 2.399488703504909 2.296771810788703 1.8527697584025256 1.5330220117214313 1.2110652996055842 0.9244520344458482 0.5743310130368467 0.39264360602807646 0.2882699892358016 0.15959775266120163 0.008835861739029532 0.009388103097716927 0.017671723478055595 0.07620930749912061 0.571017564884712 0.525733773472193 0.36116584858278744 0.14689620141134646 0.25071757684493046 0.3291358497788076 0.3490165386916232 0.3053894713551698 0.15628430450906686 0.037552412390871176 0.01546275804329908 0.0 0.0 0.0 0.0 0.0 0.0 0.0 0.0 0.0 0.0005522413586908637 0.0038656895108256373
0.0 0.0 0.0016567240760691215 0.0016567240760691215 0.0016567240760691215 0.020432930271502975 0.02264189570625949 0.004970172228203895 0.012149309891164306 0.01988068891281558 0.0342389642387364 0.0469405154885881 0.06792568711878194 0.4798977407009831 1.1409306470520457 2.0278302691070262 2.0234123382375095 1.853321999761213 1.601499940198904 1.4021408097120749 1.1343037507477762 0.8714368640116779 0.6035998050473792 0.4169422258104051 0.32747912570274196 0.2634191280947856 0.18831430331304327 0.024298619782328612 0.025955343858397734 0.0298210333692199 0.047492756847278966 0.05522413586892677 0.043074825977762465 0.054119653151548514 0.07897051429256799 0.12756775385722174 0.10768706494440963 0.0740003420643641 0.0298210333692199 0.0027612067934473794 0.0011044827173782579 0.0 0.0 0.0 0.0 0.0 0.0 0.0 0.0 0.0 0.0016567240760691215 0.004970172228203895 0.016567240760677338
0.0005522413586908637 0.010492585815095185 0.01988068891281558 0.0171194821193682 0.017671723478055595 0.12756775385722174 0.18279188972615198 0.01270155124985517 0.025955343858397734 0.04362706733645333 0.07455258342305149 0.11983637483557394 1.2243190922141267 1.7428737280233593 1.8632623442176206 1.574992354981819 1.5540071833516251 1.4021408097120749 1.1204977167805428 0.7179137662960584 0.5864803229280111 0.45836032771209845 0.3186432639637124 0.20377706135634235 0.29489688554007465 0.3733151584739518 0.36834498624574785 0.15407533907430687 0.06461223896664717 0.025955343858397734 0.0171194821193682 0.004970172228203895 0.0027612067934473794 0.0027612067934473794 0.0038656895108256373 0.009388103097716927 0.16677689032416204 0.10934378902047875 0.0 0.0 0.0 0.0 0.0 0.0 0.0 0.0 0.0 0.0 0.0016567240760691215 0.0038656895108256373 0.008835861739029532 0.014910516684611685 0.035895688314802054
0.013253792608542564 0.014910516684611685 0.01546275804329908 0.011597068532473442 0.009388103097716927 0.5936594605909715 1.6208283877530287 2.1553980229642478 2.243756640354533 2.160920436551139 2.062069233345759 1.8317845867723317 1.7362468317190862 1.661142006937344 1.188975645258012 1.1580501291714138 0.9796761703147784 0.6693165267314047 0.37662860662608655 0.3760763652673992 0.3064939540725481 0.24629964597541742 0.21316516445406275 0.10989603037916615 0.1032691340748966 0.13971706374838605 0.14689620141134646 0.12977671929198173 0.054119653151548514 0.014910516684611685 0.0033134481521347736 0.0005522413586908637 0.0 0.0 0.0005522413586908637 0.0005522413586908637 0.0005522413586908637 0.0 0.0 0.0 0.0 0.0 0.0 0.0 0.0 0.0 0.0 0.0 0.0005522413586908637 0.0005522413586908637 0.0022089654347565157 0.0022089654347565157 0.007179137662960411
0.014358275325920822 0.016014999401989943 0.01546275804329908 0.012149309891164306 0.01546275804329908 0.4224646393972964 1.2684984009092675 1.974262857314165 2.477354735080095 2.4298619782328195 2.243204398995842 1.8814863090543672 1.365692880038582 1.112214096400204 0.866466691783474 0.7438691101544561 0.4865246370052527 0.3081506781486172 0.3015237818443442 0.2092994749432371 0.13253792608542564 0.07620930749912061 0.029268792010532507 0.0298210333692199 0.024298619782328612 0.038656895108249434 0.038656895108249434 0.03258224016266728 0.006074654945582153 0.006074654945582153 0.0 0.0 0.0 0.0 0.0 0.0 0.0 0.0 0.0 0.0 0.0 0.0 0.0 0.0 0.0 0.0 0.0 0.0 0.0 0.0 0.0 0.0 0.0016567240760691215
0.013806033967233428 0.014358275325920822 0.0171194821193682 0.02374637842363775 0.04362706733645333 0.18665757923697415 0.5527936000479655 1.0260644444446756 1.4153946023206174 1.6230373531877853 1.4209170159075086 1.1044827173785527 0.6582716995576187 0.6328685970579118 0.5505846346132091 0.45836032771209845 0.2816430929315321 0.21813533668226318 0.13750809831362953 0.06792568711878194 0.02264189570625949 0.0016567240760691215 0.0016567240760691215 0.0022089654347565157 0.0 0.0 0.0 0.0 0.0 0.0 0.0 0.0 0.0 0.0 0.0 0.0 0.0 0.0 0.0 0.0 0.0 0.0 0.0 0.0 0.0 0.0 0.0 0.0 0.0 0.0 0.0 0.0 0.0
