static/data/precipitation/2023/7/14/18.asc
ncols 137
nrows 93
xllcorner 108.0
yllcorner 17.0
cellsize 0.25
NODATA_value -32767
[rows 66 to 87 of 93, columns 50 to 99 of 137]
0.0005522413586908637 0.0 0.0005522413586908637 0.0 0.0 0.14247827054183343 0.07952275565125538 0.016567240760677338 0.03700017103218031 0.04914948092334462 0.03147775744528902 0.06461223896664717 0.058537584021065014 0.12038861619426133 0.1678813730415403 0.13143344336804738 0.12701551249853435 0.08891085874897231 0.10658258222703137 0.11044827173785701 0.10216465135751487 0.07841827293387713 0.027612067934463386 0.016014999401989943 0.021537412988881233 0.038656895108249434 0.05522413586892677 0.07179137662960758 0.051910687716792 0.10492585815096225 0.20543378543241148 0.3556434349958962 0.530151704341706 0.6709732508074704 0.7355854897741175 0.8217351417296425 0.3810465374955996 0.16567240760678378 0.20653826814978973 0.1750605107045007 0.15352309771561948 0.09277654825979795 0.09995568592275836 0.08338844516208102 0.06019430809713067 0.08338844516208102 0.17229930391105333 0.20543378543241148 0.21150844037799363 0.21206068173668102
0.0005522413586908637 0.0 0.0 0.0 0.0011044827173782579 0.016567240760677338 0.004970172228203895 0.008835861739029532 0.026507585217085128 0.0469405154885881 0.05798534266237415 0.07013465255353846 0.10216465135751487 0.14137378782445517 0.12480654706377783 0.07179137662960758 0.07786603157518973 0.05908982537975241 0.1159706853247483 0.1032691340748966 0.06792568711878194 0.07676154885781147 0.058537584021065014 0.0469405154885881 0.03202999880397989 0.05688085994499589 0.09608999641193272 0.103821375433584 0.06240327353188718 0.2424339564645918 0.2369115428777005 0.16014999401988902 0.2446429218993483 0.525733773472193 1.318200123191303 1.4391409807442552 1.3585137423756215 0.8924220356418717 0.2468518873341083 0.10658258222703137 0.0690301698361602 0.08228396244470276 0.06792568711878194 0.05246292907548286 0.04362706733645333 0.06792568711878194 0.12259758162902132 0.16512016624809292 0.1899710273891124 0.18720982059566502
0.0 0.0 0.0 0.007179137662960411 0.028716550651841644 0.033134481521358145 0.02264189570625949 0.03368672288004554 0.045836032771209845 0.040313619184318555 0.07510482478174235 0.03810465374956204 0.07179137662960758 0.07344810070567323 0.047492756847278966 0.0392091364669403 0.04197034326038421 0.02816430929315425 0.05356741179286112 0.06792568711878194 0.08780637603159405 0.08283620380339016 0.10547809950965312 0.06074654945582153 0.055776377227617635 0.1032691340748966 0.14468723597658995 0.09443327233586707 0.06350775624926544 0.14468723597658995 0.13695585695494214 0.07179137662960758 0.16456792488940553 0.5075098086354466 1.0984080624329706 1.5678132173188586 1.6263508013399202 1.4512902906354195 0.8957354837940066 0.20046361320420758 0.050253963640722876 0.05080620499941374 0.047492756847278966 0.03534344695611466 0.07123913527091671 0.11873189211819568 0.09443327233586707 0.07786603157518973 0.10934378902047875 0.15186637363955036
0.0 0.0044179308695130315 0.038656895108249434 0.3771808479847774 0.918377379500266 0.12370206434639958 0.05356741179286112 0.05798534266237415 0.06516448032533456 0.04252258461907507 0.07179137662960758 0.025955343858397734 0.040313619184318555 0.04473155005383159 0.027612067934463386 0.022089654347572096 0.02264189570625949 0.016567240760677338 0.03644792967349292 0.06792568711878194 0.11652292668343917 0.08394068652077188 0.08394068652077188 0.07068689391222932 0.07068689391222932 0.21206068173668102 0.15462758043299774 0.11541844396605744 0.08780637603159405 0.055776377227617635 0.03976137782562769 0.0347912055974238 0.04197034326038421 0.2518220595623122 0.6428089415143196 1.148662026073697 1.6484404556874923 1.7528140724797636 1.3314539157998455 0.5610772204283042 0.19107551010649065 0.0298210333692199 0.028716550651841644 0.03534344695611466 0.07841827293387713 0.1330901674441165 0.1110005130965444 0.08338844516208102 0.07731379021649887 0.12646327113984349
0.0 0.004970172228203895 0.1435827532592117 0.5743310130368467 1.4004840856360057 0.3252701602679854 0.09222430690111055 0.0690301698361602 0.05467189451023938 0.0298210333692199 0.04804499820596636 0.02264189570625949 0.04638827412990071 0.03976137782562769 0.035895688314802054 0.03202999880397989 0.025955343858397734 0.02264189570625949 0.03258224016266728 0.04086586054300595 0.08228396244470276 0.09940344456407096 0.061298790814508924 0.07897051429256799 0.1480006841287282 0.3230611948332289 0.21206068173668102 0.1480006841287282 0.11707516804212656 0.050253963640722876 0.027612067934463386 0.02098517163019384 0.04528379141252245 0.17561275206319157 0.46001705178816754 0.733376524339361 1.344707708408388 1.7384557971538428 1.621932870470407 0.9967956524341431 0.31201636765944285 0.026507585217085128 0.024298619782328612 0.0342389642387364 0.07841827293387713 0.11044827173785701 0.11707516804212656 0.10768706494440963 0.08228396244470276 0.09608999641193272
0.0016567240760691215 0.04914948092334462 0.18941878603042153 0.29324016146400556 0.6969285946658681 0.13253792608542564 0.07897051429256799 0.05356741179286112 0.04914948092334462 0.024298619782328612 0.030373274727910765 0.024298619782328612 0.05246292907548286 0.05798534266237415 0.05467189451023938 0.07344810070567323 0.06461223896664717 0.051910687716792 0.0298210333692199 0.028716550651841644 0.030373274727910765 0.047492756847278966 0.08449292787945928 0.08504516923815014 0.31698653988764675 0.4810022234183614 0.35122550412637965 0.16346344217202727 0.13088120200936 0.10879154766178789 0.12756775385722174 0.11376171988999179 0.1728515452697442 0.2987625750509003 0.34404636646341924 0.5461667037436959 0.8526606578162441 1.4512902906354195 1.464544083243962 1.1177365099870953 0.4313005011363259 0.03092551608659816 0.025955343858397734 0.10216465135751487 0.19438895825862543 0.22752343977998357 0.22862792249736183 0.2220010261930888 0.08394068652077188 0.05743310130368676
0.022089654347572096 0.08062723836863364 0.14965740820479384 0.23028464657342748 0.04970172228203548 0.05467189451023938 0.025955343858397734 0.027612067934463386 0.0298210333692199 0.024298619782328612 0.02705982657577599 0.019328447554124717 0.0298210333692199 0.04970172228203548 0.06792568711878194 0.08946310010766317 0.10989603037916615 0.09995568592275836 0.04252258461907507 0.04362706733645333 0.040313619184318555 0.10050792728144922 0.15683654586775425 0.24022499102983527 0.6190625630906783 0.76485428178465 0.5688085994499554 0.331897056572255 0.2821953342902195 0.2634191280947856 0.4241213634733655 0.38877791651725085 0.4224646393972964 0.4644349826576806 0.5014351536898644 0.4125242949408886 0.415285501734336 0.8896608288484243 0.8493472096641093 0.6533015273294147 0.4373751560819081 0.05467189451023938 0.0938810309771762 0.3125686090181302 0.4970172228203479 0.5036441191246209 0.5008829123311735 0.4318527424950133 0.2126129230953719 0.19162775146517805
0.0469405154885881 0.1032691340748966 0.1159706853247483 0.08062723836863364 0.06626896304271282 0.045836032771209845 0.04141810190169681 0.045836032771209845 0.03810465374956204 0.027612067934463386 0.018776206195437323 0.013253792608542564 0.025955343858397734 0.026507585217085128 0.04914948092334462 0.09608999641193272 0.09719447912931445 0.11652292668343917 0.06792568711878194 0.08228396244470276 0.17947844157401374 0.2672848176056113 0.3291358497788076 0.49039032651607833 0.9669746190649232 1.1762740940081604 0.6643463545032008 0.2683893003229895 0.35730015907196183 0.6897494570029077 0.7714811780889196 0.6991375601006246 0.5312561870590843 0.5478234278197616 0.6842270434160129 0.6151968735798562 0.539539807439423 0.2374637842363879 0.1971501650520728 0.06350775624926544 0.0469405154885881 0.04362706733645333 0.0911198241837323 0.5152411876570944 0.7002420428180028 0.6864360088507728 0.6505403205359673 0.5881370470040802 0.5229725666787456 0.5920027365149059
0.15131413228086296 0.3390761942352154 0.3357627460830806 0.08228396244470276 0.10934378902047875 0.1380603396723204 0.12977671929198173 0.11707516804212656 0.09332878961848881 0.05743310130368676 0.023194137064950354 0.023194137064950354 0.019328447554124717 0.01546275804329908 0.04528379141252245 0.15352309771561948 0.3064939540725481 0.3330015392896332 0.14137378782445517 0.1728515452697442 0.22365775026915793 0.22310550891046707 0.2645236108121639 0.5367786006459756 0.9713925499344398 1.2176921959098572 0.814556004066682 0.4522856727665163 0.4103153295061321 0.5091665327115122 0.4136287776582669 0.2783296447793973 0.5467189451023834 0.7819737639040147 1.076318408085402 1.3596182250929998 1.1668859909104434 1.1000647865090398 0.3843599856477378 0.09277654825979795 0.04970172228203548 0.038656895108249434 0.09332878961848881 0.5130322222223378 0.7190182490134401 0.9581387573258972 0.9255565171632264 0.7698244540128505 0.7206749730895058 0.6737344576009177
0.21371740581275014 0.24077723238852614 0.2501653354862431 0.24629964597541742 0.29489688554007465 0.21150844037799363 0.16567240760678378 0.1480006841287282 0.12425430570508697 0.09443327233586707 0.09222430690111055 0.04197034326038421 0.02374637842363775 0.02264189570625949 0.16401568353071466 0.49149480923345656 0.913959448630753 0.498673946896417 0.16677689032416204 0.13088120200936 0.16843361440023116 0.2810908515728412 0.3998227436910369 0.32692688434405104 0.6538537686881056 0.913959448630753 1.2834089175938792 1.371767534984164 1.3485733979192136 1.1276768544435032 1.1315425439543287 0.6599284236336843 1.019437548140406 1.3756332244949896 1.6550673519917618 1.886456481282571 1.9300835486190209 2.095755956225805 2.0786364741064363 1.013362893194824 0.23359809472556572 0.26562809352954214 0.42688257026681287 0.9691835844996798 1.0371092716184618 1.1492142674323844 1.2734685731374713 1.0801840975962242 0.5527936000479655 0.15297085635692861
0.44344981102749026 0.7797647984692582 0.9421237579239072 1.0619601327594812 0.981332894390844 0.6604806649923751 0.3534344695611362 0.2297324052147401 0.11044827173785701 0.0938810309771762 0.12425430570508697 0.05964206673844327 0.06682120440140368 0.05522413586892677 0.11873189211819568 0.1507618909221721 0.25568774907313435 0.21813533668226318 0.18113516565008286 0.21095619901930276 0.30041929912696597 0.36779274488705704 0.349568780050314 0.39650929553890213 0.4125242949408886 0.9984523765102122 1.4131856368858609 2.0747707845956143 2.2945628453539464 2.0598602679110027 1.7169183841649616 1.0752139253680237 1.2138265063990314 1.532469770362744 1.583828216720845 1.6125447673726867 1.9753673400315432 2.6369524877412966 2.7021169680666315 2.2111744001918656 1.2878268484633921 0.3490165386916232 0.349568780050314 0.4848679129291836 0.8438247960772145 0.9056758282504143 1.0547809950965172 0.9084370350438618 0.4313005011363259 0.0640599976079563
1.9648747542164482 2.3901006004071883 2.56571335247038 2.136069575410123 1.5700221827536152 1.1133185791175824 0.8156604867840638 0.4478677418970033 0.20432930271503322 0.12756775385722174 0.12535878842246523 0.103821375433584 0.1452394773352808 0.11983637483557394 0.10161240999882748 0.09222430690111055 0.09995568592275836 0.10823930630309703 0.13971706374838605 0.22144878483440142 0.27943412749677554 0.4981217055377296 0.498673946896417 0.5478234278197616 0.6444656655903852 1.2834089175938792 1.9008147566084919 2.513250423394899 2.7556843798594906 2.5474893876336333 2.150427850736044 1.3999318442773183 1.0619601327594812 1.5247383913410926 1.475588910417748 1.2983194342784907 1.719679590958409 2.566265593829069 3.049476782682187 2.735803690946677 1.5032009783522113 0.4169422258104051 0.2468518873341083 0.4070018813539973 0.4892858437987001 0.4445542937448685 0.8753025535225035 0.7792125571105708 0.4417930869514211 0.0695824111948476
2.9732674751830666 3.18477591556106 3.1544026408331494 2.477354735080095 1.4888427030262905 0.8951832424353191 0.6582716995576187 0.3600613658654092 0.24629964597541742 0.08835861739028492 0.0690301698361602 0.08283620380339016 0.12314982298770871 0.15131413228086296 0.17726947613925723 0.2026725786389641 0.13032896065066912 0.08062723836863364 0.12977671929198173 0.25347878363837784 0.3976137782562804 0.5638384272217516 0.5290472216243278 0.7212272144481967 0.7488392823826601 1.4275439122117817 2.2045475038875924 2.7048781748600788 2.63474352230654 2.4215783578524777 2.095755956225805 1.4104244300924136 1.0978558210742833 1.3132299509630991 1.3529913287887267 1.3424987429736315 1.7163661428062706 2.162577160627208 2.6866542100233324 2.84128179045633 1.9300835486190209 0.9934822042820084 0.7477347996652818 0.726749628035088 0.3418374010286628 0.4274348116255003 0.48542015428787444 0.4395841215166646 0.5075098086354466 0.13971706374838605
2.0239645795962007 2.235473019974194 2.015128717857171 1.4325140844399855 0.8278097966752246 0.4567036036360328 0.2855087824423577 0.18113516565008286 0.06792568711878194 0.04804499820596636 0.029268792010532507 0.029268792010532507 0.054119653151548514 0.1032691340748966 0.1502096495634847 0.1899710273891124 0.11541844396605744 0.06571672168402543 0.12535878842246523 0.2496130941275522 0.509718774070203 0.6737344576009177 0.6394954933621813 0.7052122150462068 0.7041077323288285 1.1994682310731106 1.9781285468249907 2.3304585336687484 2.2597716397565195 2.083054404975953 1.750605107045007 1.269602883626649 1.2232146094967484 1.3679018454733385 1.502096495634833 1.4921561511784254 1.5992909747641442 2.046054233943769 2.408876806602626 2.7352514495879876 2.5110414579601423 1.8124561392182068 1.381707879440572 0.6891972156442168 0.3042849886377916 0.29489688554007465 0.3528822282024488 0.4412408455927337 0.6687642853727138 0.40258395048448425
1.0459451333574912 0.6223760112428166 0.26783705896429866 0.18665757923697415 0.23580706016032224 0.19107551010649065 0.20874723358454625 0.10547809950965312 0.06185103217319979 0.04252258461907507 0.029268792010532507 0.025955343858397734 0.02098517163019384 0.03147775744528902 0.04804499820596636 0.08725413467290666 0.050253963640722876 0.1402693051070769 0.20046361320420758 0.3075984367899264 0.598077391460488 0.8802727257507075 0.8289142793926063 0.6163013562972344 0.7289585934698445 1.1497665087910751 1.7174706255236525 2.0709050950847887 1.953829927042662 1.796441139816217 1.552350459275556 1.2430952984095605 1.3253792608542634 1.557872872862451 1.7202318323170964 1.8489040688916998 1.9560388924774186 1.943337341227567 2.2260849168764736 2.4519516325803883 2.580071627796301 2.317204741060206 2.025621303672266 1.2972149515611124 0.9747059980865745 0.9653178949888576 0.5180023944505417 0.6234804939601948 0.9962434110754558 0.8355411756968758
0.4141810190169577 0.1778217174979481 0.07897051429256799 0.10768706494440963 0.14634396005265907 0.12867223657460347 0.17174706255236594 0.14192602918314604 0.10216465135751487 0.0695824111948476 0.051358446358104604 0.033134481521358145 0.027612067934463386 0.02264189570625949 0.03092551608659816 0.07234361798829497 0.08559741059683754 0.2247622329865362 0.3252701602679854 0.4136287776582669 0.609122218634274 0.9481984128694894 0.8272575553165372 0.5461667037436959 0.744421351513147 0.9829896184669131 1.55732063150376 1.7644111410122405 1.6114402846553084 1.6920675230239455 1.5070666678630371 1.4131856368858609 1.5424101148191518 1.7837395885663652 2.1167411278559984 2.2978762935060812 2.478459217797475 2.35917508432059 1.8577399306307258 1.6948287298173894 1.7379035557951554 2.35917508432059 2.612653867958968 2.8098040330110408 2.463548701112865 1.9643225128577573 1.2193489199859229 0.9487506542281767 1.4540514974288667 1.2861701243873265
0.39595705418021127 0.20322481999765496 0.09167206554241969 0.051358446358104604 0.22918016385604922 0.1678813730415403 0.19659792369338194 0.22918016385604922 0.14137378782445517 0.09940344456407096 0.08449292787945928 0.07179137662960758 0.04638827412990071 0.04141810190169681 0.03810465374956204 0.05467189451023938 0.0861496519555284 0.20653826814978973 0.2888222305944925 0.27059826575774604 0.37165843439788265 0.6682120440140265 0.8289142793926063 0.3335537806483241 0.35453895227851445 0.6764956643943651 0.8880041047723587 1.0072882382492419 1.1751696112907821 1.4496335665593503 1.7174706255236525 1.7704857959578226 1.7876052780771874 1.8582921719894168 2.244861123071911 2.6838930032298847 3.043954369095294 3.018551266595587 2.233264054539434 1.4159468436793048 1.0293778925968105 1.4684097727547876 2.5982955926330473 2.924670235618409 2.232711813180747 1.8814863090543672 2.2962195694300123 2.1946071594311847 2.1040395766061435 1.8014113120444208
0.5677041167325771 0.3434941251047319 0.20322481999765496 0.13640361559625128 0.08725413467290666 0.08394068652077188 0.5677041167325771 0.25513550771444693 0.03976137782562769 0.0342389642387364 0.02374637842363775 0.038656895108249434 0.04970172228203548 0.03644792967349292 0.02374637842363775 0.0469405154885881 0.05688085994499589 0.07179137662960758 0.09056758282504143 0.10161240999882748 0.14634396005265907 0.3147775744528868 0.5041963604833083 0.42798705298419115 0.4544946382012763 0.6179580803733 0.7527049718934857 0.8714368640116779 1.0553332364552082 1.335871846669362 1.6898585575891856 1.8919788948694622 2.1355173340514324 1.9560388924774186 2.03059147590047 2.233816295898125 2.757893345294249 3.1980297081696025 2.7910278268156055 1.8444861380221833 1.1144230618349606 1.0509153055856952 1.5170070123194448 2.0554423370414896 1.936710444923294 2.015680959215862 2.4917130104060177 2.8225055842608944 3.434389009688612 2.4121902547547607
0.5373308420046664 0.3462553318981758 0.2319413706494966 0.2070905095084806 0.12701551249853435 0.1855530965195959 0.22586671570391445 0.1502096495634847 0.03976137782562769 0.019328447554124717 0.014358275325920822 0.0171194821193682 0.02098517163019384 0.02264189570625949 0.013253792608542564 0.02705982657577599 0.04417930869514072 0.06074654945582153 0.07952275565125538 0.10437361679227486 0.1855530965195959 0.363374814017544 0.7355854897741175 0.7400034206436306 0.7206749730895058 0.6930629051550424 0.8554218646096914 1.016124099988268 1.1834532316711208 1.552350459275556 1.9212476868799948 2.6745049001321677 2.279100087310644 2.0593080265523116 2.079740956823818 2.03059147590047 2.0377706135634304 2.316652499701515 2.457474046167283 2.0709050950847887 1.703112350197728 1.5346787357975005 1.4844247721567776 1.6456792488940448 1.8450383793808742 2.0896813012802227 2.4282052541567505 3.2797614292556143 4.7365741334779266 3.666330380338109
0.28771774787711424 0.17395602798712245 0.10658258222703137 0.12204534027033045 0.14192602918314604 0.20432930271503322 0.32747912570274196 0.13971706374838605 0.04417930869514072 0.0347912055974238 0.010492585815095185 0.0077313790216512746 0.008835861739029532 0.012149309891164306 0.00994034445640779 0.010492585815095185 0.02374637842363775 0.027612067934463386 0.05356741179286112 0.10934378902047875 0.18665757923697415 0.30925516086599547 0.6660030785792664 1.4142901196032391 1.0299301339555014 1.0155718586295805 1.1961547829209724 1.4054542578642095 1.7235452804692346 2.153189057529491 2.8015204126307003 2.9749241992591338 2.8302369632825437 2.3878916349724317 2.2940106039952557 1.9654269955751356 1.7655156237296188 1.6368433871550154 1.753918555197142 2.006845097476832 2.047710958019838 2.073666301878236 2.083054404975953 2.104591817964834 1.823500966391993 2.0664871642152756 2.767833689750655 3.541523833274333 4.600170517881676 4.847022405215783
0.2634191280947856 0.02705982657577599 0.045836032771209845 0.043074825977762465 0.06847792847746934 0.12370206434639958 0.16401568353071466 0.13088120200936 0.08559741059683754 0.08835861739028492 0.016014999401989943 0.005522413586894759 0.0077313790216512746 0.0077313790216512746 0.0033134481521347736 0.004970172228203895 0.017671723478055595 0.02264189570625949 0.0469405154885881 0.0982989618466927 0.20156809592158584 0.33410602200701145 0.514688946298407 0.8902130702071153 0.9233475517284699 1.0730049599332638 1.4164990850379957 2.079740956823818 2.4436680122000496 2.7435350699683263 3.1759400538220306 3.1902983291479514 2.9003716158360824 2.5480416289923227 2.523190767851305 2.0963081975844955 1.646783731611423 1.5910073543838055 1.6401568353071536 1.8930833775868405 2.072009577802167 2.120606817366824 2.3381899126903964 2.697146795838427 2.553564042579216 2.77943075828313 3.332776599689785 2.7832964477939557 2.919147822031518 3.3929709077869172
0.8383023824903233 0.0033134481521347736 0.012149309891164306 0.006626896304273017 0.019328447554124717 0.06074654945582153 0.054119653151548514 0.02264189570625949 0.1899710273891124 0.19328447554124717 0.019328447554124717 0.013806033967233428 0.0077313790216512746 0.008835861739029532 0.0016567240760691215 0.0005522413586908637 0.02374637842363775 0.08394068652077188 0.10879154766178789 0.22144878483440142 0.3506732627676923 0.5295994629830152 0.6687642853727138 0.726749628035088 0.783078246621393 1.0299301339555014 2.0559945784001767 2.7253111051315817 3.0395364382257792 3.173178847028585 3.2223283279519297 3.1615817784961098 3.121268159311793 2.566265593829069 2.606579213013386 2.1852190563334677 1.7367990730777771 1.7428737280233593 1.7356945903603953 2.243756640354533 2.675609382849546 2.721445415620756 2.083054404975953 2.4856383554604355 2.935715062792195 3.1654474680069353 3.4454338368623985 2.9633271307266584 2.4442202535587403 2.544728180840188
