static/data/ASCData/20210108/ASCU/00.asc
ncols 97
nrows 97
xllcorner 99.0
yllcorner 2.0
cellsize 0.25
NODATA_value -32767
[rows 38 to 56 of 97, columns 0 to 42 of 97]
-1.9130679686710201 -0.5068429590623116 -0.1698138245279932 -0.2577215121386245 -0.7285491271379376 -1.5069046526937644 -2.2527790326578665 -2.7772452367077345 -1.9726664009494144 -1.3290033323427581 -2.731354443853371 -1.966706557721575 -1.1218987801753388 -1.35045876796298 -1.9920358914398923 -2.580868402350426 -3.1580792189666727 -3.5937437589217334 -4.021362510519211 -4.465668823154639 -5.1337672489954365 -5.284253290498382 -4.922788798729922 -4.617048841141759 -4.439445512952146 -4.438551536467969 -4.200157807354394 -3.852400955009964 -3.24688088306148 -3.157185242482497 -2.8955481247803467 -2.074281727984076 -0.6865322323816698 0.08705541859188548 -2.3847895601545095 -5.1337672489954365 -6.851394067258754 -8.009689598589343 -8.605375929211892 -9.166793161274365 -9.379857556669624 -9.24784702917298 -9.162919263176269
-1.8427418185825153 -0.38854007098969934 -0.04495510890475751 -1.0408449122767227 -1.713711212699792 -2.627951163850357 -3.386639206754314 -3.630694786934338 -2.974516047549219 -2.063554010173965 -2.308503566838165 -1.935417380775418 -1.8203924064781174 -1.9267756080950509 -2.3105895119679087 -2.917003560400569 -3.5848039940799743 -3.968617897952832 -4.291045416578944 -4.687374991230265 -5.208861273666214 -5.533970721744852 -5.24015045061237 -4.82415339330918 -4.599467303619633 -4.315480773813086 -4.015700659452763 -3.9295809248104843 -3.0916269669762633 -2.6580483721509465 -2.3740618423443984 -1.8007249238262473 -1.2938402572985055 -0.835826305239047 -0.8075170499068098 -2.4247205097810336 -3.726648262902552 -6.0095662113264385 -7.456914139207239 -8.555611238259432 -8.867013046914042 -9.077097520695382 -9.05266216346124
-1.8594293796204655 -0.9139002515237433 -0.785167637802412 -1.7187770794434554 -2.945312815732806 -3.8622346963358987 -4.375973182575656 -4.526161231917209 -4.203137728968313 -3.577056197883783 -3.32704077447592 -2.942332894118886 -2.773371338609639 -2.5224619387175995 -2.8982300542328745 -3.386639206754314 -4.023448455648955 -4.230553007816374 -4.499937921714716 -4.75472121970485 -4.831901189505371 -5.1298933508973406 -5.1882998145301675 -4.78034854558456 -4.581885766097507 -4.3047530560029745 -3.791908546247394 -3.5731822997856875 -2.742976138147658 -2.0906712968606347 -1.6785481376555396 -1.7715216920098342 -1.2968201789124254 -1.683614004399203 -1.5596492652601432 -1.3036739986244408 -1.6377232115448395 -3.3145251036974575 -6.535224384021873 -7.845495917662367 -8.432540475604549 -8.641432980740321 -8.769569610138868
-2.1335821681010785 -1.6055400581145067 -1.5370018609943534 -2.1121267324808564 -3.3428343590296943 -4.55357651076527 -5.070294918618947 -5.145388943289724 -4.924874743859665 -4.999968768530442 -4.655191837799933 -4.08006696631343 -3.562454581975577 -3.312439158567713 -3.3115451820835373 -3.7966764208296655 -4.233234937268902 -4.428717795142035 -4.600659272265202 -4.533015051629224 -4.527353200562777 -4.654297861315756 -4.7118103484644065 -4.63671632379363 -4.438551536467969 -4.111356143259586 -3.577056197883783 -3.276382107039285 -2.718540780913516 -1.8543635128768021 -0.2684492299487353 -0.3739384550814928 -2.6091776576826633 -3.0242807385016777 -2.074281727984076 -1.412143145371118 -1.0918015718747496 -1.390687709750896 -4.8622963899673515 -7.122864926286839 -7.722723147168876 -8.350592631221758 -8.478431268458912
-2.005743530863923 -1.654112780421398 -1.8495956382945304 -2.2840682096040235 -3.4510055136149798 -4.6641316026416915 -5.480332132694299 -5.555724149526467 -5.387656570501395 -5.7127660185800355 -5.46394256381774 -4.500831898198891 -3.9471624623326105 -3.618179116155875 -3.616987147510307 -3.8965037948959753 -4.276443800670737 -4.47639654096475 -4.583971711227251 -4.320248648395357 -4.318162703265614 -4.42663185001229 -4.207011627066409 -4.131917602395632 -4.074107123085589 -3.7332040904531754 -3.2480728517070476 -2.8934621796506033 -2.6845696745148317 -1.6892758554656504 0.25095110735746906 0.7706494368250656 -1.4675696873900244 -3.4521974822605475 -2.409224917388651 -1.624015572120809 -1.3358571520547735 -0.8936367845490893 -2.411012870357003 -4.791970239878847 -7.019461646283826 -7.647331130336708 -8.136634259342323
-1.2363277701498554 -1.4344925574755156 -1.7557281074560598 -2.255758954271786 -3.459945278456739 -4.856336546739512 -5.710978065611684 -6.081084330060511 -5.822129141810889 -5.934472186655661 -5.632606127165595 -4.608407068461393 -3.850613002041612 -3.5225236323490527 -3.623840967222322 -3.9248130502282126 -4.196283909256298 -4.324122546493453 -4.425737873528115 -4.193303987642378 -4.171848552022157 -3.934646791554148 -3.6521502225545595 -3.394387002950505 -3.3416423903841266 -3.1241081125679884 -2.6455327013724834 -1.6943417222093138 -2.068321884756237 -1.4353865339596916 0.25899689571505236 0.9980174559671391 -0.07505231720534655 -2.1317942151327265 -2.549877217565661 -1.965812581237399 -1.6570927020353177 -0.6659707732456239 -0.644515337625402 -1.349564791478804 -4.204925681936665 -6.953903370777592 -7.675640385668945
-1.2166602874979853 -1.2548032841561576 -1.045910779020386 -1.9109820235412764 -3.4521974822605475 -4.870938162647718 -5.6689611708554155 -6.066482714152304 -6.176739813867334 -6.222630606721697 -5.439507206583599 -4.250816474791028 -3.5409991463553547 -3.2793620286532046 -3.4325299996086773 -3.7635992909151565 -4.028216330231226 -4.048777789367272 -4.188536113060106 -4.03030227536097 -3.7615133457854126 -3.5243115853174043 -3.2108238315330517 -2.901209975846794 -2.612157579296583 -2.370187944246303 -1.5000508329817492 0.014643323373636496 -0.7324230252360333 -1.461907836323577 -0.3387753800372404 0.5030524758950761 0.17973098078478822 -0.7881475594163317 -1.814432563250278 -2.2840682096040235 -1.9881619933417967 -1.0760079873209754 -0.19812307986023026 -0.4627401191763001 -2.956934510027093 -5.971721206829658 -7.226566198451245
-1.3650603838711866 -1.2732787981624596 -1.0146216020742294 -1.7372525934497576 -3.157185242482497 -4.382827002287671 -5.0750627932012184 -5.50476748992844 -5.9070569078076005 -5.795905831608396 -4.77438870235672 -3.993053255186974 -3.646488371488112 -3.2400270633494648 -2.9706421494511233 -3.122022167438244 -3.5409991463553547 -3.8193238250954553 -4.011528769193276 -3.842567213684029 -3.4647131530390105 -2.9774959691631384 -2.5966619869042002 -2.3132714414204365 -1.9199217883830355 -1.1972907970075073 -0.14061059271157994 0.7363803382649889 0.38385561133828805 -0.6591169535336086 -1.1257726782734343 -0.6191860039070844 0.051892343547632835 0.08586344994631756 -0.5878968269609277 -1.6377232115448395 -2.4920667382556188 -2.3984971995785402 -1.5730589125227818 -0.8045371282928901 -2.5224619387175995 -5.280081400238894 -6.790901658496184
-1.3242354577604867 -1.0858417286469102 -0.8250985874289362 -1.2324538720517597 -2.208974184933247 -2.973622071065043 -3.3848512537859623 -3.4608392549409146 -3.7412498788107587 -3.679565501402621 -2.98524376535933 -2.8183681549798263 -2.9628943532549323 -2.7528098794735927 -2.520375993587856 -2.6026218301320396 -2.9551465570587405 -3.228405369055178 -3.3145251036974575 -2.9813698672612343 -2.587722222062441 -1.9306495061931463 -1.400223458915439 -1.1123630310107955 -0.8113909480049055 -0.20795682118616532 0.5262958644836497 0.4160387647686208 0.31948930447762214 -0.45409834649593295 -1.5596492652601432 -1.470549609003944 -0.6123321841950693 -0.17577366775583259 -0.6844462872519261 -1.6296774231872564 -3.3017114407576025 -3.5535148171338173 -2.5457053273061736 -1.3877077881369764 -2.2724465153097366 -4.560430330477286 -6.364176883382882
-1.5069046526937644 -1.070346136254528 -0.9961460880679271 -1.129944568532922 -1.3260234107288384 -1.8379739440002436 -2.0087234524778426 -2.0418005823923515 -2.4765711458632365 -2.693211447195199 -2.106464881414409 -1.6865939260131226 -1.8573434344907218 -2.0283909351297127 -1.9297555297089706 -1.9100880470571004 -2.1201725208384397 -2.3132714414204365 -2.5936820652902806 -2.4569036632113663 -2.287048131217943 -1.8504896147787064 -1.409163223757198 -0.9726047073179614 -0.5420060341065642 -0.18352146395202373 -0.16504594994572153 -0.37215050211314105 -0.7568583824701749 -0.5771691091508167 -1.2011646951056028 -1.2548032841561576 -0.6796784126696545 -0.4949232726066328 -1.036971014178627 -2.110338779512505 -3.6220530142539706 -3.9853054589907826 -3.077919327552233 -1.843635795066691 -1.3886017646211521 -3.3484962100961417 -5.849544420658949
-1.099549368070941 -0.8027491753245384 -0.746130664660064 -0.8924448159035214 -1.077199955966543 -1.4052893256591026 -1.6189497053771453 -2.0039555778955713 -2.4324683059772245 -3.0370944014415326 -2.8955481247803467 -2.45898960834111 -2.5838483239643457 -2.733440388983115 -2.5379575311099822 -2.4187606665531938 -2.0644479866581413 -2.002763609250003 -2.1609974469491395 -2.2205958792275338 -2.0850094457941872 -1.7655618487819948 -1.381747944909137 -0.9413155303718046 -0.5262124495527898 -0.9246279693338543 -1.3006940770105209 -1.482469295459623 -1.6690123884909964 -1.5742508811683498 -1.511672527276036 -1.563523163358239 -1.3290033323427581 -1.191330953779668 -1.9473370672310968 -3.2793620286532046 -4.457027050474272 -4.370907315831992 -3.5564947387477375 -2.309397543322341 -1.5575633201303996 -2.5975559633883765 -5.059567200808836
-0.8602616624731886 -0.9910802213242637 -0.3173199444170185 -0.43562283248963074 -1.3349631755705975 -1.6982156203074095 -2.518588040619504 -2.9482927373467254 -3.1267900420205157 -3.6747976268203493 -3.8133639818676155 -3.6941671173108275 -3.82915756642139 -3.687313297598812 -3.475440870849121 -2.784993032903926 -2.3856835366386853 -1.9383973023893377 -1.824266304576213 -1.883864736854607 -1.8984663527628136 -1.61209588566513 -1.4568419695799135 -1.0271372728526922 -1.047698731988738 -1.4833632719437988 -2.186326780667457 -2.3758497953127504 -2.4169727135848422 -2.5224619387175995 -2.4414080708189836 -2.45898960834111 -2.236389463781308 -2.2441372599774994 -2.850551308410159 -3.942394587750339 -4.7597870864485134 -4.382827002287671 -3.6804594778867967 -2.5233559152017757 -1.2908603356845858 -2.316251363034356 -4.602447225233553
-1.2127863893998896 -1.260763127383997 -0.22851828032221122 -0.15610618510396246 -1.099549368070941 -3.7644932673993328 -4.604533170363297 -4.164994732310141 -3.7966764208296655 -3.9453745093642585 -4.226381117556887 -4.21177950164868 -4.228467062686631 -4.083046887927349 -3.47067299626685 -2.7823111034513976 -2.2977758490280538 -1.8105586651521823 -1.5408757590924491 -1.8671771758166567 -1.9580647850412078 -1.8212863829622934 -1.6746742395574439 -1.8719450503989283 -1.8984663527628136 -2.215828004645262 -2.843697488698144 -2.956934510027093 -3.0370944014415326 -3.254926671419063 -3.3103532134379696 -3.325252821507568 -3.2742961619095414 -3.280256005137381 -3.345516288482222 -4.1688686304082365 -4.699294677685944 -4.21177950164868 -3.312439158567713 -2.5820603709959937 -1.3632724309028348 -1.9461450985855289 -4.21773934487652
-1.7625819271680752 -1.5361078845101777 -0.023499673284535616 -0.0479350305186772 -2.4881928401575233 -5.156116661099834 -6.2703093525444125 -5.634692072295339 -3.917065254032021 -3.6846313681462846 -3.8690885160479143 -3.654236167684304 -3.5594746603616567 -3.275190138393717 -2.661922270249042 -2.3526064067241768 -1.8904205644052305 -1.7244389305099028 -1.6395111645131912 -2.580868402350426 -3.2051619804666043 -3.0439482211535482 -2.4452819689170795 -2.6425527797585637 -2.733440388983115 -2.9980574282991848 -3.357435974937901 -3.3437283355138705 -3.5594746603616567 -3.88964997518396 -3.9754717176648477 -3.9403086426205953 -3.88964997518396 -3.602385531602101 -3.6628779403646705 -4.069339248503319 -4.831901189505371 -4.563410252091206 -2.7948267742298607 -2.2518850561736907 -1.7616879506838992 -2.3445606183665935 -3.830051542905566
-1.95687281639564 -2.0018696327658274 -0.2139166644140047 0.1856908240126276 -2.3672080226323833 -5.378716805659637 -6.593630847654699 -5.759848780079967 -3.8035302405416807 -3.148245477640738 -3.080899249166152 -2.621097344138342 -2.4637574829233815 -2.2831742331198477 -2.015577272189858 -1.783143386304121 -1.6973216438232337 -1.805492798408519 -2.034946762680336 -3.7481036985227743 -4.662939633996123 -3.830051542905566 -3.136623783346451 -3.1670189838084317 -3.2793620286532046 -3.3711436143619316 -3.7138345999626976 -3.6005975786337485 -4.044009914785001 -4.350643848857338 -4.613174943043664 -4.5282471770469535 -4.207011627066409 -3.8056161856714246 -3.40720066589036 -3.6014915551179247 -5.120059609571406 -5.515495207738551 -3.2704222638114455 -1.975646322563334 -1.5057126840481967 -1.7098373146016963 -2.963788329739108
-1.8513835912628824 -1.8093666965066144 -0.33400750545496893 0.29982182182575245 -1.4499881498678981 -4.368225386379464 -5.8593781619848855 -5.069400942134771 -3.883690131956121 -3.1014607083021986 -3.054675938963659 -2.9092557642043775 -2.8711127675462054 -2.511734220907489 -2.2012263887370556 -1.9413772240032574 -1.8066847670540866 -1.7685417703959145 -1.824266304576213 -3.1854944978147337 -4.33574424078774 -3.700126960538667 -3.2793620286532046 -3.3064793153398737 -3.6250329358678903 -3.731416137484824 -3.8249856761619028 -3.7069807802506825 -4.410242281135733 -4.645358096473997 -4.969573568068461 -5.232402654416179 -4.98149325452414 -4.515433514107098 -3.810384060253696 -3.2009900902071164 -4.8143196519832445 -5.569133796789106 -3.602385531602101 -1.6854019573675547 -0.5887908034451035 -0.8623476076029324 -2.5486852489200933
-1.5447496571905448 -2.0018696327658274 -0.9285018674319498 0.24797118574354937 -0.9061524553275521 -3.5302714285452437 -5.3018348280205085 -5.342659754131208 -5.031257945476598 -4.8143196519832445 -4.883751825587574 -4.543742769439335 -3.654236167684304 -2.761749644315352 -2.4238265332968574 -2.4774651223474122 -2.027198966484145 -0.9550231697958352 -1.4744235071020397 -2.095737163604298 -2.6044097831003916 -2.8740926891601246 -2.9226654114670163 -3.275190138393717 -3.7743270087252676 -3.863128672820075 -3.7430378317791106 -3.5976176570198293 -4.065465350405223 -4.141453351560175 -4.454941105344528 -5.0896644091094245 -5.803653627804586 -5.868019934665252 -4.815511620628812 -3.376805465428379 -2.6374869130149 -3.224531470957082 -2.355288336176704 -0.15998008320205814 0.7402542363630844 -0.484195554796522 -2.59964190851812
-1.2041446167195224 -2.1639773685630592 -1.824266304576213 -0.19126926014821488 -0.7723539748625573 -3.067191609742122 -4.877791982359734 -5.212735171764309 -5.187405838045992 -5.3936164137292355 -5.52443497258031 -5.39451039021341 -4.33574424078774 -2.682483729385088 -1.5000508329817492 -1.5536894220323039 -1.7938711041142321 -0.7586463354385267 -1.1278586234031782 -1.1943108753935876 -1.2059325696878744 -1.4774034287159594 -1.8808848152406874 -2.70393916500531 -3.4831886670453125 -3.7177084980607935 -3.5311654050294194 -3.367269716263836 -3.0898390140079117 -2.9101497406885533 -3.0487160957358195 -3.7460177533930303 -4.786010396651007 -5.197239579371926 -4.327102468107373 -2.6717560115749768 -1.2041446167195224 -2.7146668828154206 -2.437534172720888 -0.332815536809401 0.6162894972240247 -0.3563569175593666 -2.2617187974996256
-1.219640209111905 -2.0194511702879536 -2.139542011328918 -0.6260398236190998 -1.191330953779668 -3.4218022817985663 -5.016656329568392 -5.304516757473036 -5.3018348280205085 -5.513707254770199 -5.44427508116587 -5.190385759659911 -4.362265543151626 -3.034114479827613 -1.905320172474829 -1.6365312428992715 -1.662158568778981 -1.461907836323577 -1.3847278665230567 -0.7431507430461443 -0.35158904297709515 -0.7470246411442398 -1.2402016682479509 -2.0310728645822405 -2.9891176634574252 -3.3738255438144593 -3.1631450857103363 -2.8290958727899373 -2.3359188456862263 -2.023325068386049 -1.9902479384715406 -2.7674114953817996 -3.8953118262504076 -4.547914659698822 -3.908125489190262 -2.3847895601545095 -0.7812937397043165 -2.314463410066004 -1.8203924064781174 -0.42668306764787167 -0.04972298348702897 -0.8426801249510624 -2.3222112062621956
