static/data/ASCData/20210108/ASCU/03.asc
ncols 97
nrows 97
xllcorner 99.0
yllcorner 2.0
cellsize 0.25
NODATA_value -32767
[rows 38 to 56 of 97, columns 43 to 85 of 97]
-9.651396495933241 -9.797003748433891 -9.751037537350353 -9.635693753016506 -9.46496211184908 -9.337056133181843 -9.239413622681408 -9.094662883430763 -8.989311753680294 -8.92878481734669 -8.970753966596877 -9.154333306514362 -9.266536542264863 -9.306792665015042 -9.309647709181721 -9.278527727764914 -9.165182474347743 -9.020717239513766 -8.872254942846439 -8.75976620267927 -8.677826435095572 -8.475689308094672 -8.298962074177219 -8.068560009926191 -8.23358156276026 -8.318376374510638 -8.34578479851076 -8.424869521927778 -8.04115158592607 -7.726525718758002 -7.5869140590073805 -7.476709354173556 -7.4404502932567285 -7.2637230593392745 -7.064440976505053 -6.796066824837192 -6.414061915335489 -5.90043946974987 -5.182681366246673 -4.237376242659129 -3.0859369302373336 -1.4982468691469286 0.5799397797789942
-9.249120772848118 -9.40928875059883 -9.389588945848743 -9.38587738843206 -9.267678559931532 -9.128923413430915 -9.030424389680476 -8.985314691846941 -8.911083543513278 -8.910227030263275 -8.921076198096657 -9.122071307430884 -9.220855835597991 -9.248264259598113 -9.227707941598021 -9.251975817014795 -9.253974347931472 -9.091807839264083 -8.674971390928892 -8.712086965095725 -9.08695426418073 -8.989311753680294 -8.712943478345728 -8.364342585594176 -8.505952776261474 -8.63100371076203 -8.611303906011944 -8.148501246593215 -7.56064765267393 -7.210048229005702 -7.079287206171786 -6.982501208921355 -6.913123635671046 -6.727545764836886 -6.446323914418967 -6.163103533084373 -5.703155917832324 -5.2226519845801835 -4.406394857326548 -3.3731543734052796 -2.172893805733267 -1.4240157208132647 0.36609697169470845
-8.9384919675134 -9.086097750930724 -9.109509113097495 -9.121214794180881 -8.999018903847002 -8.891669243179859 -8.871112925179766 -8.82914377592958 -8.936493436596724 -8.963901860596847 -8.896522818263215 -9.02442879693045 -9.187451818847842 -9.289091391181628 -9.253117834681468 -9.272532135014888 -9.273388648264891 -8.974751028430228 -8.569334756761755 -8.785176095762719 -9.356470433515263 -9.416997369848865 -9.162327430181064 -8.828287262679577 -8.680681479262251 -8.79888030776278 -8.556772562428367 -8.138794096426505 -7.610325421174151 -7.222610423339091 -6.747245569586974 -6.4543180380856695 -6.365240660085273 -6.069458084417288 -5.785095685416022 -5.426787642497759 -4.9951049644958365 -4.522595154910399 -3.7051960099900914 -2.667958464235472 -1.622155785980814 -1.2372958323124332 -1.177910913645502
-8.672972860012218 -8.777467476512683 -8.791171688512744 -8.822291669929548 -8.738353371429175 -8.790029670846073 -8.771471883762656 -8.871112925179766 -8.980461116763587 -9.02557081459712 -8.961903329680172 -8.99530734643032 -9.217715287014645 -9.31649981518175 -9.234560047598052 -9.253974347931472 -9.34961832751523 -9.053835751847247 -8.804875900512805 -8.939633985180073 -9.320496877015103 -9.455254961682368 -9.297942028098333 -9.157188350681041 -9.005871009847034 -8.675827904178897 -8.433720158844485 -8.26955511926042 -7.876986546342006 -7.388773993839831 -6.403498251918776 -6.057752403333903 -5.80194044599943 -5.505015852664775 -5.051920343412757 -4.690471751911147 -4.332163708992884 -3.8339585019073317 -3.1504609284042875 -2.0392777387326717 -1.0040387238947277 -1.7363575526479893 -1.6895348283144473
-8.43172162792781 -8.498244157011438 -8.462841609344615 -8.540213306261627 -8.618156012011973 -8.700381284012341 -8.79317021942942 -8.893667774096535 -9.01472164676374 -9.04213007076386 -9.053835751847247 -9.048982176763893 -9.258827923014827 -9.220855835597991 -9.130921944347591 -9.059545840180606 -9.154333306514362 -9.33305907134849 -9.186595305597839 -9.10351352034747 -9.166038987597748 -9.23341802993138 -9.305650647348369 -9.195445942514546 -8.798023794512774 -8.467980688844637 -8.261846500010385 -8.11338420334306 -7.780486053508243 -7.1769297166722215 -6.064604509333933 -5.691450236748938 -5.396524174330958 -4.983399283412451 -4.5294472609104295 -4.17485077540885 -3.837099050490679 -3.315482481238356 -2.801860035652735 -1.5459261067304744 -0.40248091797538166 -1.3409339355628946 -2.6191372089852543
-8.138794096426505 -8.26270301326039 -8.24614375709365 -8.41516237176107 -8.50509626301147 -8.63671379909539 -8.747204008345882 -8.899377862429894 -9.034135947097159 -9.070395008013989 -9.136917537097617 -9.073250052180668 -9.227707941598021 -9.106654068930816 -8.90537345517992 -8.81543956392952 -8.853697155763022 -9.044128601680537 -9.238271605014734 -9.23341802993138 -9.134919006180942 -9.098659945264114 -9.241412153598084 -9.068396477097313 -8.611303906011944 -8.076268629176226 -7.865280865258621 -7.685698587174487 -7.307690739506137 -6.576228424002879 -5.685740148415579 -5.328288618747321 -4.869197516745276 -4.490333155826922 -4.170853713575499 -3.8351005195740036 -3.5079124580725463 -2.9474672881533834 -2.5577537594016477 -1.2538550884791735 -0.21890157805789734 -1.8008815508149434 -3.1670201845710277
-7.876130033092002 -7.9298048634255744 -7.942367057758964 -8.238435137843616 -8.380901841760917 -8.59103309242852 -8.760908220345943 -8.901376393346569 -9.013865133513736 -9.04498511493054 -9.111507644014171 -9.012723115847065 -9.131778457597594 -9.002159452430352 -8.738353371429175 -8.497102139344769 -8.493105077511416 -8.670117815845538 -8.856552199929702 -9.168037518514423 -9.231419499014706 -9.206009605931259 -9.11436268818085 -8.91508060534663 -8.407168248094367 -7.806752459841693 -7.412185356006602 -7.199199061172321 -6.684720102336696 -5.988374830083594 -5.333142193830676 -5.001100557245864 -4.544864499410498 -4.255077516492541 -3.958152923157885 -3.6221142247397218 -3.340892374321802 -2.684517720402212 -2.2023007606500644 -1.1944701698122424 -0.7071141305600719 -2.0215764648992596 -3.4922097151558096
-7.602616801924117 -7.716818568591292 -7.688553631341167 -8.012886648675945 -8.242146695260299 -8.505952776261474 -8.668119284928864 -8.843704501179644 -9.001017434763678 -9.009868071680385 -9.020717239513766 -8.879963562096473 -8.788031139929398 -8.769473352845981 -8.593888136595199 -8.257849438177036 -8.144504184759864 -8.351780391260787 -8.682680010178927 -9.109509113097495 -9.269677090848209 -9.142627625430976 -8.748060521595885 -8.383756885927596 -7.9552147565090205 -7.455296522923461 -6.999060465088096 -6.604493361253005 -6.125131445667536 -5.89073231958316 -5.335140724747351 -4.871196047661952 -4.478627474743536 -4.27734686099264 -4.000122072408072 -3.5761480136561836 -3.1230525044041655 -2.4629662930678924 -2.035280676899321 -1.6064530430640773 -1.5205162136470278 -2.4132885245676707 -3.852516288990748
-7.364220614006388 -7.613465969757499 -7.572353333757316 -7.803897415675014 -8.001180967592559 -8.247285774760321 -8.518514970594863 -8.787174626679393 -8.92878481734669 -8.910227030263275 -8.877965031179798 -8.679824966012248 -8.463983627011288 -8.403456690677684 -8.250997332177004 -7.9863347379258265 -7.990331799759177 -8.301817118343898 -8.720652097595764 -9.110365626347498 -9.24027013593141 -9.035277964763832 -8.484539945011377 -7.993186843925857 -7.592909651757407 -7.181783291755576 -6.705276420336787 -6.189655443834491 -5.816501171249495 -5.739414978749152 -5.258911045497012 -4.887755303828692 -4.598824834160738 -4.371277814076391 -4.022676921324839 -3.512766033155901 -2.9083531830698757 -2.339913889484011 -2.480667566901304 -2.5908722717351287 -3.0859369302373336 -4.3886935834931355 -5.853616745416327
-7.293986527506076 -7.473568805590209 -7.489271548506945 -7.688553631341167 -7.812462548175052 -7.999182436675883 -8.252139349843677 -8.497102139344769 -8.613302436928619 -8.645564436012096 -8.580183924595138 -8.39860311559433 -8.286114375427161 -8.145646202426535 -7.9863347379258265 -7.946364119592315 -8.073413585009547 -8.442570795761192 -8.792028201762747 -9.019575221847095 -9.182598243764488 -9.045841628180545 -8.674971390928892 -8.240433668760291 -7.766781841508181 -7.236314635339152 -6.534259274752692 -5.958111361916792 -5.672892449665522 -5.554693621164995 -5.201239153330088 -4.846642667828509 -4.566562835077262 -4.339015814992915 -3.980422267657984 -3.4316827788222066 -2.8409741407362423 -2.7755936293192844 -3.467941839739035 -3.926747437324412 -4.588832179577361 -5.512724471914809 -5.932701468833346
-7.049880251254988 -7.141812673422065 -7.393627568923186 -7.447302399256759 -7.689410144591171 -7.932659907592254 -8.137652078759833 -8.231583031843584 -8.325228480510669 -8.374049735760886 -8.366341116510853 -8.350638373594116 -8.196465988593427 -8.051715249342784 -7.927806332508899 -7.902396439425452 -8.152498308426566 -8.516801944094855 -8.728646221262466 -8.907371986096596 -9.044128601680537 -8.917079136263304 -8.598741711678553 -8.302673631593901 -7.84872160909188 -7.225750971922438 -6.508849381669245 -5.8838802135831285 -5.544129957748282 -5.342849343997385 -5.199240622413413 -4.819519748245055 -4.460926200910125 -4.221673499742392 -3.8673625186574805 -3.340892374321802 -3.3214780739883825 -3.652377692906523 -4.462924731826799 -5.06248400682947 -5.869319488333064 -6.7783655510037795 -7.137815611588714
-6.719837145586852 -6.834038912254027 -7.2628665460892705 -7.316541376422843 -7.602616801924117 -7.806752459841693 -8.029445904842685 -8.1299434595098 -8.231583031843584 -8.256992924927031 -8.370052673927535 -8.482541414094703 -8.258991455843706 -8.068560009926191 -7.910105058675486 -7.795046778758308 -8.042008099176075 -8.391751009594298 -8.618156012011973 -8.791171688512744 -8.899377862429894 -8.745205477429206 -8.42087246009443 -8.081122204259582 -7.664000251507724 -7.043028145254958 -6.424911083168872 -5.841911064332942 -5.501018790831424 -5.25091692183031 -5.092747474996272 -4.697323857911178 -4.34101434590959 -3.9795657544079805 -3.628966330739752 -3.7011989481567404 -3.845664182990717 -4.698180371161181 -5.267761682413718 -5.855615276333003 -6.796066824837192 -7.831020335258468 -8.494247095178089
-6.390650553168719 -6.499142231502535 -6.985356253088034 -7.198342547922317 -7.442448824173404 -7.488415035256942 -7.715962055341288 -8.125946397676447 -8.230441014176915 -8.196465988593427 -8.298962074177219 -8.519656988261534 -8.316377843593962 -8.09682494717632 -7.732521311508029 -7.614322483007503 -7.800756867091666 -8.153354821676569 -8.515659926428183 -8.682680010178927 -8.701237797262344 -8.515659926428183 -8.207029652010142 -7.777345504924895 -7.3593670389230335 -6.929682891837786 -6.315562891585051 -5.89073231958316 -5.529283728081549 -5.159270004079901 -4.898604471662074 -4.522595154910399 -4.271636772659281 -3.908189650240996 -3.837099050490679 -3.9170402871577017 -4.612243541744132 -5.531282258998225 -5.73827296108248 -6.208213230917906 -6.932823440421133 -7.547799953923873 -8.17962122801002
-5.912145150833254 -6.175951231834429 -6.621052617419745 -6.928826378587782 -7.181783291755576 -7.209191715755698 -7.523532078507098 -7.935514951758933 -8.12708841534312 -8.09368439859297 -8.177908201510013 -8.410308796677715 -8.26270301326039 -8.033157462259368 -7.620318075757529 -7.430743143090019 -7.6171775271741815 -8.013743161925948 -8.422870991011104 -8.472834263927993 -8.442570795761192 -8.23643660692694 -7.956071269759025 -7.515823459257064 -7.1269664437553315 -6.69642578342008 -6.3192744490017345 -5.93355798208335 -5.404232793580992 -4.932579497245558 -4.686474690077795 -4.3935471585764905 -4.176849306325526 -3.9415936669911447 -3.869075545157488 -4.535157349243788 -5.313442389080588 -5.936698530666697 -5.950402742666759 -6.169099125834399 -5.899582956499865 -6.286155936668253 -4.885756772912016
-5.32429155691397 -5.83106189649956 -6.273593742334864 -6.578226954919554 -6.907413547337687 -7.112405718505267 -7.3790668436731215 -7.554652059923903 -7.7179605862579646 -8.009746100092597 -8.140792627343181 -8.258991455843706 -8.104533566426353 -7.911247076342159 -7.711108480257933 -7.529242166840457 -7.602616801924117 -7.96492190667573 -8.130799972759803 -8.099679991342999 -8.118237778426414 -7.889834245092063 -7.575208377923995 -7.2071931848390225 -6.842889549170733 -6.555672106002787 -6.213923319251265 -5.731420855082449 -5.142710747913161 -4.669915433911055 -4.587119153077353 -4.311607390992792 -4.038094159824908 -3.87021756282416 -4.37984294657643 -5.153274411329875 -5.731420855082449 -6.185658382001139 -5.992371891916945 -5.620074132581953 -4.87690613599531 -3.6552327370732023 -2.1317811697330837
-4.661350301411017 -5.416223979081046 -5.8593268337496855 -6.2841574057515786 -6.669017359419959 -6.901417954587661 -7.119257824505298 -7.2383131662558275 -7.397624630756537 -7.823311716008433 -8.04115158592607 -8.006891055925918 -7.863282334341945 -7.802755398008342 -7.689410144591171 -7.6622872250077165 -7.689410144591171 -7.730522780591353 -7.7587877178414795 -7.613465969757499 -7.6171775271741815 -7.418180948756629 -7.202339609755668 -6.880005123337565 -6.582224016752906 -6.300716661918319 -5.903294513916548 -5.360550617830798 -4.982542770162447 -4.62223619632751 -4.596826303244063 -4.259931091575895 -3.985561347158007 -4.221673499742392 -4.898604471662074 -5.659188237665461 -6.123989428000865 -6.073455146250639 -5.700300873665644 -4.894607409828723 -3.7463086459902746 -2.2060123180667475 -0.40819100630874017
-4.3233130720761785 -5.1866784280800236 -5.553837107914992 -6.157393444751014 -6.5108479125859215 -6.808629019170581 -7.032178977421577 -7.069294551588408 -7.135817080672038 -7.465860186340175 -7.681701525341136 -7.705112887507907 -7.6437294379243 -7.556650590840579 -7.489271548506945 -7.498122185423652 -7.516679972507068 -7.518678503423743 -7.4941251235903 -7.2685766344226295 -7.112405718505267 -7.0353195260049235 -6.87115448642086 -6.543966424919402 -6.2070712132512345 -5.876171594333094 -5.496165215748068 -5.085038855746237 -4.789256280078253 -4.726730812827975 -4.718736689161273 -4.279345391909315 -4.061505521991679 -4.508890942910337 -5.3125858758305835 -5.9698170430001785 -6.152539869667659 -5.784239172166018 -5.200382640080084 -4.151439413242079 -2.8164207609028 -1.2852605743126468 0.474588650028525
-4.086915415075125 -5.1972420914967365 -5.473610366831301 -6.02634691750043 -6.417202463918837 -6.758951250670359 -6.954236271671229 -7.08014371942179 -7.229462529339122 -7.3536569505896745 -7.367361162589736 -7.352514932923003 -7.295985058422751 -7.278283784589339 -7.341951269506289 -7.365362631673061 -7.408188294173251 -7.478707885090232 -7.512682910673717 -7.366219144923064 -7.214045290839053 -6.947384165671199 -6.671015890336634 -6.341829297918501 -5.968960529750174 -5.540132895914931 -5.163267065913253 -4.95313581524565 -4.775552068078192 -4.858348348911894 -4.646504071744284 -4.3935471585764905 -4.490333155826922 -5.047923281579406 -5.6571897067487855 -5.977525662250212 -5.83106189649956 -5.331143662914 -4.6153840903274785 -3.6455255869064924 -2.3576151633174227 -0.931806106477739 0.3064265486111091
-4.215963411409033 -5.249203895330302 -5.508727410081457 -6.110285216000804 -6.5254086378359855 -6.857450274420798 -6.989353314921386 -7.084140781255141 -7.142669186672069 -7.158371929588805 -7.150377805922103 -7.082142250338466 -7.075290144338435 -7.1164027803386185 -7.181783291755576 -7.2080496980890265 -7.25886948425592 -7.344806313672969 -7.34880337550632 -7.283137359672694 -7.077288675255111 -6.708131464503467 -6.4337617200855775 -6.072313128583968 -5.691450236748938 -5.308588813997233 -5.0556319008294395 -4.887755303828692 -4.789256280078253 -4.912308683662134 -4.726730812827975 -4.9083116218287834 -5.013662751579252 -5.310587344913909 -5.74512506708251 -5.850761701249648 -5.664041812748817 -5.162125048246581 -4.270494754992609 -3.185577971654444 -2.093809082316248 -1.1016812343951625 -1.1396533218119982
