static/data/ASCData/20210108/ASCU/06.asc
ncols 97
nrows 97
xllcorner 99.0
yllcorner 2.0
cellsize 0.25
NODATA_value -32767
[rows 57 to 75 of 97, columns 0 to 42 of 97]
-4.866039750711832 -4.7362398669700525 -5.005656432383661 -6.09750251327039 -6.66687679321332 -6.840579578808936 -7.060366776909511 -6.961926108777615 -6.637699088254559 -6.073233207276655 -5.21971716502504 -3.9402611681417907 -2.4636511461633597 -0.9453197329822141 0.6564544626043609 0.08108102837084474 -2.8876822789752636 -3.714747504582019 -3.6443937860833238 -3.5876745091541427 -3.129829961249843 -2.9100427631492676 -3.133647604889307 -3.051568266640829 -3.157098844388872 -2.871048260260456 -2.642535019555391 -2.40802262455974 -2.491192718133779 -2.385662140385736 -2.3308516852762873 -2.3436680603516313 -2.47346794409341 -2.8426886217958653 -2.5915422080854063 -2.316399177212602 -1.992172156689545 -2.5623645031266453 -3.144282469313528 -2.97739690450267 -2.556638037667449 -2.817328560476568 -3.5994001289039255
-4.978387549244632 -4.757782284649886 -5.195175170199914 -6.256752790802321 -6.754682596920993 -6.920750095237682 -6.7890413896761705 -6.632790689289533 -6.137587771484763 -5.470590889904109 -4.572081190473097 -3.3856120850939364 -1.9695389836841506 -0.6551788163829435 0.9258710280179694 1.009859188086179 -1.4061638580318074 -3.348526404024857 -3.753742007470831 -3.7556508292905626 -3.652301762193642 -3.346617582205125 -2.8876822789752636 -2.79087774383171 -2.435291507698769 -2.0947031572922947 -1.8972764433657232 -1.8738252038661583 -1.9362709462545349 -1.695214019305517 -1.675580423445416 -1.63276827691714 -1.7440253201243792 -1.2586392002496596 -0.8962357433319614 -1.5828662207727167 -2.0505275666070673 -2.5222792449122724 -3.606217349688683 -3.563405203160407 -3.802553308289693 -4.068152230063838 -4.296665470768902
-4.985204770029389 -5.017382052133444 -5.512584969938214 -5.99497151266764 -6.49017443047241 -6.425547177432912 -6.2949292271969615 -5.952159366139365 -5.474408533543573 -4.888672923717226 -4.085877004104207 -3.1483728017843826 -2.4541070370646993 -1.1678338193966922 -0.8436067988736351 -0.7781614793399652 -1.3641697779977024 -3.311440722955777 -3.951986787891573 -3.6610278047981315 -3.6179429694384657 -3.2255437410678356 -2.7644269271868516 -2.3074004457767225 -1.9479965660043175 -1.549598183343101 -1.33390131771338 -1.4920608399197495 -1.4372503848103007 -1.1716514630361563 -1.180650194472036 -1.1318388936531738 -0.8220643811938022 -0.3388597719702049 -0.018450395086611726 -0.8027034741650914 -2.474558699418971 -3.9402611681417907 -5.421779589085246 -5.915891751564455 -6.117136109130492 -5.180449973304838 -5.374877110086117
-5.038924469813277 -5.365060312156066 -5.765367516637014 -5.984336648243419 -5.747915431428035 -5.684378933714098 -5.551579472827026 -5.175541574339813 -4.969661506640143 -4.6083488050480055 -4.062425764604641 -3.7294727014770945 -3.2078189670274666 -3.1688244641386545 -2.843506688290036 -2.655078705799345 -2.8484150872550615 -3.2841718398167483 -3.3152583665952413 -2.902134787038949 -3.3798856196347407 -2.9823053034676947 -2.4121129570305944 -1.9550864756204651 -1.608226282092014 -1.2351879607500944 -0.9363210015463344 -1.1269304946881484 -1.0456692229338416 -0.7947954980547729 -0.7928866762350408 -0.43457355178819723 -0.12479903932882563 -0.3544030353594514 -0.10925577593957891 -1.5594149812731515 -4.178591206776906 -6.684328878422298 -8.183572073406124 -8.613056982845833 -7.400137060821815 -6.461814792007821 -6.1356789496650315
-5.155089911985541 -5.647293252645018 -5.774366248072894 -5.269346532338074 -5.037015647993544 -4.978387549244632 -4.8153196280732375 -4.783960412463354 -4.653069773396013 -4.549720706299093 -4.408195202807532 -4.24785416995004 -4.280031452054094 -4.309481845844246 -4.302664625059489 -4.20095169095091 -3.6288505226940773 -3.092744280180763 -1.7508425409091364 -2.0349843032178208 -3.1415555809996256 -2.9100427631492676 -2.315308421887041 -1.7712942032634085 -1.4334327411708365 -1.1318388936531738 -0.7811610564852582 -0.8504240196583925 -0.7800703011596972 -0.5651915020241471 -0.4236659985325857 -0.033175591981687624 -0.2840493168607561 -0.6071855820582521 -2.250953857678932 -4.386652785127699 -7.327056454009217 -9.532018344631117 -10.079032140400043 -8.962644064688186 -7.6990040200255745 -6.922658917057413 -6.645334375533487
-5.0408332916330085 -5.551579472827026 -5.101370212201654 -4.6746121910758465 -4.615166025832763 -4.607258049722445 -4.580807233077587 -4.653069773396013 -4.629891222727839 -4.657978172361039 -4.62089249129196 -4.494092184695473 -4.582988743728708 -4.679520590040872 -4.645434486117085 -4.3964695830577485 -3.6806614006582326 -2.935402824468565 -1.4920608399197495 -2.883591946504409 -4.208859667061228 -3.6013089507236575 -2.6384446870845366 -2.0505275666070673 -1.6404035641960681 -1.2790908626039315 -1.0653028187939424 -0.9949491002952472 -0.9237773153023809 -0.8798744134485441 -0.7928866762350408 -1.288907660533982 -1.8719163820464262 -3.412062901738795 -5.772457426253162 -8.202114913940663 -10.00267926761076 -10.507698983345582 -9.807434064335311 -8.874020194486341 -8.07804149565808 -7.430678209937527 -7.080818439263783
-4.890581745536958 -5.2088096117694285 -4.959844708710092 -4.856222952781781 -4.759691106469618 -4.691246209790655 -4.6923369651162155 -4.734331045150321 -4.774416303364694 -4.817228449892969 -4.660159683012161 -4.5906240310076365 -4.542903485514335 -4.5947143634784915 -4.749874308539567 -4.725332313714441 -4.4267380433420715 -4.241036949165283 -4.134688304923069 -4.8864914130661035 -5.129729850666244 -3.9667119847866488 -3.0837455487448837 -2.6512610621598807 -2.2703147647076425 -2.0077154200787914 -1.784110578338752 -1.5564154041278584 -1.700940484764713 -1.742934564798818 -2.36112014556061 -4.053699722000152 -6.224575508698266 -8.146486392337044 -9.64736572030921 -10.816382740479392 -10.57205354755369 -10.289820607064739 -9.923599506507577 -9.259602202072216 -8.426537822174874 -7.767448916704538 -7.450039116966238
-4.8025032529978935 -4.898217032815886 -4.786959989608647 -4.694245786935948 -4.648434063262378 -4.752873885684861 -4.889490990211397 -4.9216682723154515 -4.91103340789123 -4.8554048862876105 -4.758600351144056 -4.697245364081241 -4.6874285661511905 -4.755873462830154 -4.987113591849122 -5.245077226344337 -5.532218565798315 -5.645384430825286 -5.645384430825286 -5.263620066878877 -4.550538772793264 -3.291807127095676 -2.4881931409884857 -2.2694966982134717 -2.2850399616027186 -2.517370845947247 -2.53891326362708 -2.582816165480917 -2.832871823865815 -3.11810434150006 -4.529269043944821 -6.8465787330995225 -9.063266243471205 -10.38553438688273 -10.793749567473998 -10.880737304687502 -10.642407266052386 -10.31927100085489 -9.795708444585529 -9.242150116863236 -8.634599400525666 -8.190389294190881 -7.857163542231944
-4.073060629028863 -4.62089249129196 -5.28516248455871 -5.18235879512457 -4.978387549244632 -4.8864914130661035 -4.757782284649886 -4.796776787538698 -4.84558808835756 -4.7362398669700525 -4.708970983831024 -4.607258049722445 -4.679520590040872 -5.029107671883226 -5.368059889301359 -5.726373013748202 -6.001788733452398 -5.890531690245158 -5.620024369505988 -4.990113168994414 -4.024249328210001 -2.7840605230469526 -1.934362124434803 -1.9687209171899798 -2.807511762546518 -3.162007243353897 -3.2607206003171827 -3.5135031470159834 -3.9462603224323765 -5.121821874555925 -7.022463029346261 -8.856295420445973 -10.270459700036028 -10.527332579205682 -10.799748721764585 -10.694218144016542 -10.46870448045677 -10.07494180792919 -9.788891223800771 -9.28223537507761 -8.746947199058466 -8.325915643391856 -7.971692851415867
-4.102511022819014 -4.657160105866868 -5.285980551052881 -5.33097420823228 -5.122912629881487 -4.795686032213136 -4.623892068437252 -4.717697026435513 -4.752873885684861 -4.641344153646231 -4.667794970291089 -4.732422223330588 -4.914032985036523 -5.2088096117694285 -5.549670651007293 -5.912892174419162 -6.01351435320218 -5.843629211246029 -5.327156564592816 -4.496819073009377 -3.5789484665496536 -2.4560158588844314 -1.6376766758821653 -2.382662563240443 -3.4862342638769546 -3.8963582662879537 -4.017432107425243 -4.7185150929296835 -5.690378088004684 -7.3455992945437565 -8.916832341014619 -10.358265503743702 -10.455070038887255 -10.6560417076219 -10.540967020775197 -10.396441940138343 -10.203923625176797 -9.758622763516449 -9.455938160673226 -9.108259900650603 -8.683410701344528 -8.435536553610753 -8.056499077978247
-4.1180542862082605 -4.03297537081449 -4.265578943990409 -4.447189705696343 -4.988204347174682 -4.70597140668573 -4.699972252395144 -4.751783130359299 -4.702971829540437 -4.6746121910758465 -4.717697026435513 -4.867948572531564 -5.084736193486846 -5.411962791155196 -5.752823830393061 -5.970702206673905 -6.014605108527742 -5.709738995033395 -5.108187432986411 -4.326115864559053 -3.4079725692679403 -2.3796629860951497 -2.03416623672365 -2.792786565651442 -4.322025532088199 -4.834953223933338 -5.768367093782308 -7.159080133872797 -8.125762041151381 -9.089717060116064 -10.261460968600149 -10.299637404994789 -10.397260006632514 -10.448252818102498 -10.335905019569697 -10.286002963425274 -10.055580900900479 -9.520292724881335 -9.195247637864107 -8.977369261583263 -8.849478199661217 -8.584970033212633 -7.911973997341393
-3.8709982049686564 -3.383703263274205 -3.670844602728182 -3.9511687213974023 -4.504727049119695 -5.079827794521821 -5.077100906207917 -4.898217032815886 -4.8153196280732375 -4.732422223330588 -4.832771713282216 -4.993930812633878 -5.275345686628659 -5.600390773645888 -5.893531267390451 -6.1092281330201725 -6.110318888345734 -5.823995615385927 -5.234169673088726 -4.6386172653323285 -3.776375180476225 -3.2713554647414043 -2.947128444218347 -3.8982670881076853 -5.408145147515732 -6.4890836751468495 -7.829076592598744 -9.277326976112585 -9.59173719870559 -10.012496065540812 -10.042764525825135 -10.084758605859239 -10.172837098398304 -10.218648822071872 -10.154294257863764 -10.067306520650261 -9.716628683482345 -9.313321901856103 -9.079082195691841 -9.160070778614758 -9.03108896136715 -8.718587560593877 -8.05840789979798
-3.6141253257990016 -3.383703263274205 -3.8494557872888233 -4.030248482500586 -4.573171945798658 -5.148272691200784 -5.530037055147193 -5.295797348982932 -5.179631906810667 -4.981387126389925 -5.0888265259577 -5.279163330268124 -5.563305092576808 -5.847446854885492 -6.140587348630056 -6.333923730085774 -6.351375815294752 -6.291929650051668 -5.887532113099865 -5.504676993827895 -5.188357949415157 -4.834953223933338 -5.489133730438649 -6.441363129653548 -7.309331679968848 -8.370909300571254 -9.277326976112585 -9.909965064938062 -9.7880731573066 -9.74007992298191 -9.800616843550554 -9.853518476840271 -9.941324280547946 -10.021494796976691 -9.981409538762318 -9.631822456919963 -9.286871085211244 -9.183522018114324 -9.221425765677575 -9.291779484176269 -9.046632224756397 -8.734130823983122 -8.18057249626083
-3.653119828687813 -3.9149011068224935 -4.172864741317709 -3.43551414123836 -4.1169635308827 -5.678652468254902 -6.304473336295622 -5.986245470063151 -5.8640808736003 -5.681652045400194 -5.65820080590063 -5.8357212351357095 -6.080868494555582 -6.345649349835556 -6.559437393645545 -6.738048578206186 -6.8904816349533595 -6.919932028743511 -6.994921457375841 -7.002829433486159 -7.071274330165123 -7.481398332576122 -8.215749355510178 -8.936465936874718 -9.746079077272496 -9.810433641480605 -10.040037637511231 -9.67654342526797 -9.62009683717018 -9.626914057954938 -9.484297799137815 -9.511566682276845 -9.575103179990784 -9.70299424191283 -9.625823302629378 -9.158161956795027 -9.071174219581524 -9.313321901856103 -9.3386819631754 -9.084808661151039 -8.848387444335655 -8.41399413593092 -7.823077438308157
-4.0605169427849095 -4.637526510006767 -4.760509172963789 -4.037883769779515 -4.346567526913326 -5.979428249278394 -7.285062373975111 -7.077000795624319 -6.780042658240291 -6.675602835817809 -6.5681634362500345 -6.563255037285009 -6.728504469107526 -6.931384959661903 -7.146263758797453 -7.350507693508781 -7.579020934213847 -7.82498626012789 -8.186298961720025 -8.444262596215243 -8.850568954986777 -9.326956343425618 -9.775256782231256 -10.284094141605543 -10.406258738068393 -10.193288760752575 -9.917873041048379 -9.729445058557689 -9.662908983698458 -9.305413925745784 -9.127893496510705 -9.024271740582392 -9.02918013954742 -8.995912102117803 -8.903197899445104 -8.832026114452237 -8.934557115054988 -9.270509755327828 -9.237241717898211 -8.861203819411 -8.416993713076213 -7.939242880480422 -7.421679478501648
-4.587897142693734 -5.016563985639273 -5.50958539279292 -5.779274647037919 -5.81717839460117 -6.696054498172081 -7.901339132917172 -7.934334481515397 -7.62974105685244 -7.48903361985505 -7.220707809767003 -7.319148477898898 -7.459855914896289 -7.639557854782491 -7.743997677204973 -7.87188873912702 -8.220657754475203 -8.604330940241343 -8.979278083402995 -9.449939006382639 -9.84179285709049 -10.230374441821654 -10.481248166700723 -10.483156988520456 -10.302636982140083 -10.068124587144432 -9.865244096590054 -9.752896298057253 -9.4510297617082 -9.043905336442494 -8.672775836920307 -8.421629423209849 -8.262651834509308 -8.17948174093527 -8.2460178157945 -8.478348700139028 -9.006819655373414 -9.242150116863236 -9.008728477193147 -8.569154080991996 -8.085949471768398 -7.5711129581035275 -7.07809155094988
-5.295797348982932 -5.114186587276997 -5.680561290074634 -6.348376238149458 -6.4667231909728455 -7.11517723201896 -8.065225120582737 -7.971692851415867 -7.718637615885676 -8.063316298763004 -7.90024837759161 -7.910065175521661 -7.936515992166519 -8.061407476943272 -8.23729177319001 -8.416993713076213 -8.645506953781277 -9.051540623721422 -9.449120939888468 -9.752896298057253 -10.040037637511231 -10.262551723925709 -10.467613725131208 -10.455070038887255 -10.224375287531068 -9.909965064938062 -9.617915326519059 -9.415034835964681 -9.109350655976165 -8.708770762663825 -8.186298961720025 -7.936515992166519 -7.9062475318821965 -7.90024837759161 -7.980418894020356 -8.361092502641203 -9.015545697977904 -8.906197476590396 -8.545702841492432 -8.243018238649206 -7.812442573883936 -7.278245153190355 -6.795858610460928
-5.707012106719492 -5.239078072053751 -4.803594008323455 -5.324156987447522 -5.879896825820937 -6.791768277990074 -8.146486392337044 -8.567245259172264 -8.17075569833078 -8.098493158012353 -8.089767115407863 -8.185480895225854 -8.383725675646597 -8.491165075214372 -8.617147315316688 -8.756763996988516 -8.899380255805639 -9.1336199619699 -9.580011578955808 -9.789981979126333 -10.035947305040377 -10.185380784642257 -10.259552146780416 -10.216740000252141 -9.966684341867243 -9.643548076669747 -9.328865165245348 -9.09762503622638 -8.700044720059337 -8.178663674441097 -7.71372921692065 -7.443221896181481 -7.365232890403857 -7.421679478501648 -7.659191450642592 -8.316371534293195 -8.840752157056727 -8.595604897636854 -8.304645914543412 -8.00277937819436 -7.553660872894549 -7.029280250131018 -6.658968817103001
-6.021422329312498 -6.098593268595951 -5.377876687231409 -5.121821874555925 -5.633658811075503 -6.067234052986068 -7.071274330165123 -8.090585181902034 -8.127943551802504 -8.221475820969374 -8.553610817602749 -8.477530633644857 -8.65805064002523 -8.782124058307813 -8.748037954384028 -8.798758077022622 -8.877837838125807 -9.116167876760922 -9.473390245882204 -9.64736572030921 -9.81534204044563 -9.872061317374811 -9.948141501332703 -9.934507059763188 -9.717719438807906 -9.50584021681765 -9.17943168564347 -8.804484542481818 -8.394360540070819 -7.896430733952146 -7.477308000105268 -7.132629317227939 -6.9218408505632425 -7.009646654270917 -7.537844920673912 -8.120853642186356 -8.402268516181138 -8.196115759650077 -8.014504997944142 -7.868889161981727 -7.457947093076557 -6.9305668931677324 -6.521260957250904
