static/data/ASCData/20210108/ASCU/12.asc
ncols 97
nrows 97
xllcorner 99.0
yllcorner 2.0
cellsize 0.25
NODATA_value -32767
[rows 0 to 18 of 97, columns 43 to 85 of 97]
0.307107370990793 -0.6665384806221346 -1.0063633648884585 -1.0210631690424725 -1.3695349969288046 -1.8335876378692468 -1.1965961245286398 -0.802295495456264 -0.632238937596102 -0.38118934116186276 0.06297532945256057 0.08257506832457917 0.5385572285530138 0.8141064985772761 1.1637312522796095 0.7798069555512437 -0.6253213827000954 -1.458310284760889 -1.1908314954486343 -0.8902060889263479 -0.46247061118994015 -0.16847452810966024 -0.19585651623968614 -0.15780996431164995 -0.4817821186079585 -0.7553137684542193 -0.7270670859621924 -0.4575706764719356 -0.09411081297758939 0.41173538879289273 0.8559000594073161 0.735995774543202 0.6498145697971198 0.4048178338968862 0.03271102678253168 0.790471519349254 0.7184136558491852 -0.05519956668755199 -1.2406955369906818 -3.177322676418527 -5.770829299512998 -7.3901136080865415 -7.273956332124431
0.15376823746264723 -1.0317277328404826 -1.53267399989296 -1.744524118583162 -2.1010664271815016 -1.7768060414311928 -1.0063633648884585 -0.46909993463194644 -0.704585032550171 -0.8979883381843552 -0.6763383500581439 -0.480052729883957 0.06989288434856711 0.46534643923694397 0.8979818516913562 0.5610392819650349 -0.9213350859583775 -1.7984234004812132 -1.7240596853491423 -1.1029209019785504 -0.47889980406795596 -0.20162114531969166 -0.21026808893969973 -0.011100154225510028 -0.5131993470939886 -0.6011099405640723 -0.43883563196191777 -0.4077066349298879 -0.5541282135620276 0.04164620185654 0.7143784154931812 0.6109033235070829 0.38435340066286683 0.13820373894663218 0.011381899186511557 0.39790027900087965 0.13042148968862488 -0.6576033055481261 -1.7903529197692056 -3.755226741689078 -6.461431863297657 -7.579481673364723 -7.746655916684881
-0.7573313886322213 -1.4917451334249212 -2.0024912699134076 -2.3362632936457257 -2.2339411274756285 -1.5081743263029366 -0.9282526408543841 -1.2222487239346642 -1.4614808307548923 -1.3090063915887469 -0.7054497269121718 -0.18000378626967084 0.24283175674873192 0.49676366772297387 0.5708391514010445 0.14223897930263618 -1.0288454183004798 -2.1587127179815564 -1.64796658149307 -0.8861708485703439 -0.29529636786978086 -0.21430332929570373 -0.3938715251378748 -0.24744994650573515 -0.41145364383189165 -0.4477708070359261 -0.2073857743996972 -0.18692134116567782 -0.4379709375999168 0.05605777455655403 0.3561067181708397 0.23014957277271986 0.24571407128873446 0.5962035193530686 0.6293501365631005 -0.1771214717296683 -1.1879491809086316 -2.2446056912736383 -4.225908706071527 -6.3167396733895185 -7.210545412244371 -7.583516913720726 -7.88126000570301
-1.3928817447028268 -1.3568528129527926 -1.7260773055271443 -1.8188878337152328 -1.8794164390552903 -1.2349309079106763 -1.0161632343244678 -1.2992065221527376 -1.4427457862448745 -1.2055312996026484 -0.40078908003388136 -0.049146706153546216 0.07681043924457365 0.7769246410112407 0.8812644273593402 0.2993251217327857 -1.1216559464885685 -2.404862379697791 -1.6770779583470976 -0.9662991927824203 -0.19182127588368214 -0.02695288419552533 -0.43220630851991126 -0.5327990859660072 -0.3099961720237947 -0.2641673708377512 -0.02695288419552533 0.16472103271465732 0.08747500304258393 -0.16732160229365878 -0.2866494242497728 -0.1926859702456829 0.21141452826270202 0.5414395430930163 0.22409671223871408 -0.9662991927824203 -2.2708347535876636 -5.114814510208374 -6.821721180798 -7.009359857352179 -7.183163424114345 -7.8247666407189564 -8.391141447829495
-2.0073912046314124 -1.7964057803032114 -0.6137921245400844 -0.6498210562901188 -1.4712807001909014 -1.235795602272677 -0.8685887298763273 -0.7651136378902286 -0.9221997803203783 -1.0297101126624808 -0.4535354361159316 -0.2543675014017417 -0.5131993470939886 0.28174300303876887 0.8227534421972846 0.2330318873127224 -1.1372204450045833 -2.262187809967655 -1.659495839653081 -1.0259631037604773 -0.2347677625297231 0.3385245994768229 -0.038482142355536375 -0.6751854242421429 -0.377442332259859 -0.2445676319657326 0.2494610801907382 0.4584288843409374 0.2220790920607123 -0.3860892758798675 -0.44488849249592355 -0.2964492936857819 0.08949262322058571 0.04654613657454476 -0.3022139227657874 -2.1333483500295323 -3.6831688781890093 -6.389950462705588 -7.213427726784373 -7.342267186722497 -7.4682243321206165 -8.468099246047569 -9.3382700056744
-2.265070124507658 -1.9857738455813918 -0.801142569640263 -0.14685716905963941 -0.9965634954524492 -1.2308956675546725 -0.7475315191962117 -0.6011099405640723 -0.857924166078317 -0.9651462669664193 -0.5549929079240283 -0.11457524621160875 -0.3120137922017969 -0.033582207637531614 0.5082929258829849 -0.23765007706972607 -1.4828099583509124 -2.0463024509214494 -1.7027305577531222 -1.0611273411485107 -0.09411081297758939 0.480910937752959 0.15290354310064602 -0.5982276260240695 -0.5247286052539994 -0.21026808893969973 0.28577824339477287 0.747525032703213 0.5201104154969962 -0.24255001178773083 -0.4134712640098934 -0.3001963025877856 -0.7406139643002052 -0.7826957565842454 -2.3402985340017297 -4.836382925644108 -5.99276751909321 -6.754275020561936 -7.579481673364723 -7.638280889980779 -7.971188219351095 -8.895834723783977 -10.050201697055076
-1.9497449138313576 -1.8500168307472624 -1.0873564034625356 -0.41548888418789565 -0.759349008810223 -1.041527602276492 -0.6890205340341562 -0.8002778752782622 -1.0640096556885135 -1.2300309731926717 -0.7164025221641821 0.19873234428668995 0.5621922077810364 0.43709975674491686 -0.3607249079278434 -1.179014005834623 -1.8794164390552903 -2.0376555073014413 -1.6790955785250996 -1.0980209672605459 -0.1312926705436248 0.29356049265278017 -0.008217839685507489 -0.3226783559998072 -0.6195567536200899 -0.2388030028857271 0.2875076321187744 0.7553072819612203 0.7924891395272557 0.03472864696053346 -0.43307100288191225 -0.380324646799862 -0.9046176616263615 -3.239580670482587 -5.2056074182184595 -7.927088806889054 -7.689009625884827 -7.733973732708869 -7.5013709493306475 -7.552099685234697 -8.057945887005179 -8.53266309174363 -9.353834504190413
-1.6087671037490325 -1.8782635132392893 -1.1458673886245914 -0.5247286052539994 -0.6616385459041301 -0.9495817684504044 -0.4944643025839708 -0.6146568189020851 -0.8354421126662956 -1.024810177944476 -1.0423922966384929 -0.25811451030374544 0.47312868849495127 0.44891724635892816 -0.4301886883419095 -1.5171095013769453 -2.2806346230236727 -2.011138213533416 -1.2063959939646491 -0.7728958871482361 -0.6653855548061336 -0.3987714598558796 -0.18317433226367408 -0.06788175066356406 -0.4944643025839708 -0.22785020763371655 0.2886605579347754 0.7826892700912462 0.9331460890793899 0.10505712173660076 -0.8089248188982703 -0.6968027832921635 -2.4544381897858383 -5.063797542850326 -7.226974605122386 -8.73961327571583 -7.803149281668936 -7.500506254968647 -7.340249566544494 -7.352931750520506 -7.791331792054924 -7.442859964168592 -6.48593153688768
-0.9769637565804306 -1.268077525120708 -1.1421203797225878 -0.7847133767622474 -0.8305421779482909 -1.1421203797225878 -0.6429035013941122 -0.7230318456061886 -0.8334244924882936 -0.7982602551002602 -0.9291173352163848 -1.0501745458965002 -0.04251738271153993 0.19988527010269097 -0.591310071128063 -1.728959620067147 -2.16245972688356 -1.6586311452910802 -0.8236246230522843 -0.9017353470863587 -1.024810177944476 -0.9495817684504044 -0.6039922551040751 -0.23188544798972055 -0.28174948953176804 0.07853982796857517 0.46534643923694397 0.8668528546593266 0.9740749555474286 0.3287247300408138 -1.4165167239308494 -3.053094919744409 -5.3422291274145906 -7.32554976239048 -8.57474488402767 -8.166320913709281 -7.642027898882782 -7.453524527966603 -7.189792747556351 -7.05230634399822 -6.85285017783003 -6.063960688231278 -4.014058587381324
-0.5180992818119932 -0.9613992580644157 -1.2729774598387125 -1.2925771987107313 -1.169502367852614 -1.1331852046485793 -1.3323531393627692 -1.5413209435129684 -1.515956575560944 -1.0542097862525042 -0.3716777031798535 -0.3987714598558796 -0.3079785518457929 -0.47111755480994844 -0.9925282550964454 -1.5433385636909702 -1.7007129375751202 -1.3499352580567858 -0.9340172699343896 -0.954481703168409 -1.0873564034625356 -1.1282852699305748 -0.9809989969364343 -0.648956361928118 -0.0794110088235751 0.4105824629768917 0.7135137211311804 0.9487105875954045 0.8648352344813248 -0.746666824834211 -3.517147560684851 -6.328557163003531 -8.095127744571213 -8.562062700051658 -8.202638076913317 -7.95447079501908 -7.753285240126888 -7.25233897307441 -6.8352680591360135 -6.458549548757654 -5.857875198621082 -4.844165174902116 -2.15179516308555
-0.8325597981262929 -1.5747557921770001 -1.9076631215473174 -1.7768060414311928 -1.47992764381091 -1.4009522254148346 -1.590320290693015 -1.6946600770411144 -1.6401843322350627 -1.2063959939646491 -0.4224064390839022 -0.0629818159455593 -0.12437511564761783 -0.5864101364100582 -1.0640096556885135 -1.349070563694785 -1.3891347358008233 -1.5600559880229863 -1.2222487239346642 -0.9740814420404278 -0.9605345637024147 -1.0092456794284612 -0.9095175963443662 -0.8775239049503358 -0.16443928775365624 0.40078259354088264 0.9956923145974494 1.0913851573255404 0.030693406604529905 -4.2757727476135745 -7.410578041320561 -8.745666136249834 -8.607891501237702 -8.346177341005454 -8.045263703029166 -7.899995050213028 -7.521835382564667 -6.90559653391208 -6.393121008699592 -5.684936326220917 -4.735790148198012 -4.146933287675451 -0.7221671512441876
-1.562073608200988 -2.1575597921655554 -2.210306148247606 -1.9964384093794019 -1.744524118583162 -1.5707205518209963 -1.279606783280719 -1.080438848566529 -1.1009032818005486 -1.1147383915925617 -0.6653855548061336 -0.5287638456100034 -0.12351042128561707 -0.6158097447180864 -1.1058032165185532 -1.3531058040507888 -1.2464601660706873 -1.432945916808865 -1.236660296634678 -0.8775239049503358 -0.7679959524302313 -0.48869967350396526 -0.15377472395564595 -0.6195567536200899 -0.6616385459041301 -0.0794110088235751 0.5103105460609867 0.4742816143109523 -1.6782308841630988 -6.209517572501417 -8.54159826681764 -8.654873228239747 -8.494616539815596 -8.225984824687337 -7.998570207481122 -7.469089026482617 -7.106782088804272 -6.482760990893677 -5.830493210491056 -5.0542859048683155 -3.976876729815289 -3.377355305494718 0.2973075015547839
-1.7396241838651574 -1.9310098693213398 -2.0823313826714838 -2.14113059928754 -1.897863252111308 -1.6156846586450393 -1.0259631037604773 -0.8403420473843004 -1.0034810503484557 -1.0472922313564974 -0.7884603856642509 -0.7728958871482361 -0.4837997387859605 -0.815842373794277 -1.2513601007886919 -1.3588704331307944 -1.3597351274927953 -1.4173814182928501 -0.9446818337323997 -0.5610457684580341 -0.478035109705955 -0.24744994650573515 -0.27771424917576404 -0.5659457031760389 -0.7994131809162612 -0.7512785280982155 -0.3627425281058452 -1.4574455903988883 -3.8206552817471406 -7.141946326192305 -8.432070314297535 -8.665537792037757 -8.356841904803463 -8.056216498281177 -7.633380955262774 -7.106782088804272 -6.668382047269854 -5.880357252033104 -5.248553904864501 -4.538639833661825 -3.535594373740869 -2.4028447595197893 0.9077817211273658
-1.5318093055309592 -1.4672454598348978 -1.9027631868293127 -1.9759739761453825 -1.842234581489255 -1.672178023629093 -1.0795741542045283 -0.5082994123759839 -0.533663780328008 -0.8853061542083431 -0.7328317150421979 -0.9077882076203645 -0.91355283670037 -1.210431234320653 -1.2055312996026484 -1.351088183872787 -1.9338921838613423 -1.477910023632908 -0.8939530978283514 -0.5541282135620276 -0.9827283856604361 -1.4868451987069164 -1.8266700829732403 -1.8675989494412792 -2.0532200058174563 -2.008255898993413 -2.26708774468566 -3.504465376708839 -5.548314617024786 -7.720138622916856 -8.562062700051658 -8.564945014591661 -8.177273708961291 -7.7720202846369055 -7.420377910756571 -6.813938931539993 -6.157635910781368 -5.34136443305259 -4.763172136328039 -3.954682907857268 -3.1156411452624684 -1.8335876378692468 0.7740423264712382
-1.3911523559788253 -1.266924599304707 -1.460327904938891 -1.4214166586488541 -1.535556314432963 -1.9468625992913546 -1.282777329274722 -0.3382428545158218 -0.28174948953176804 -0.8363068070282964 -0.8657064153363245 -1.111856077052559 -1.1470203144405926 -1.1830492461906268 -1.1556672580606009 -1.4087344746728419 -2.1889770206515853 -1.479062949448909 -0.9348819642963904 -1.81600551917523 -2.490755352989873 -3.0375304212283942 -3.5093653114268437 -3.513977014690848 -3.6497340295249776 -3.7163154953990407 -4.2973901066635944 -5.428122100706672 -6.868702907800045 -8.040363768311162 -8.501534094711602 -8.313030723795421 -7.970035293535094 -7.497623940428644 -7.081417720852247 -6.442696818787639 -5.59414341821083 -4.893164522082163 -4.1771975903454805 -3.4955302016348306 -2.8931264627742563 -1.5940672995950185 0.6832494184611515
-1.3706879227448057 -1.182184551828626 -1.1605671927786054 -0.8089248188982703 -1.223113418296665 -1.7485593589391657 -1.6986953173971182 -0.7385963441222034 -0.5598928426420331 -1.0717919049465208 -1.1723846823926167 -1.24934248061069 -1.2562600355066966 -1.4251636675508577 -1.381352486542816 -1.7007129375751202 -2.224141258039619 -1.6373020176950597 -2.052067080001455 -2.9340553292422955 -3.674233703115001 -4.122433614085428 -4.517022474611804 -4.622515186775905 -4.798336373716072 -5.181972438990438 -5.783511483489011 -6.642152984955829 -7.668545192650807 -8.28074880094739 -8.320812973053428 -8.12337442706324 -7.746655916684881 -7.27280340630843 -6.630335495341818 -6.0610783736912754 -5.208489732758463 -4.523940029507811 -3.8022084686911226 -3.1839519998605335 -2.68704097316406 -1.49059220760892 0.15780347781865078
-1.5269093708129544 -1.4136344093908466 -1.0317277328404826 -0.3958891453158766 -0.7083320414521745 -1.2749950800167145 -1.3891347358008233 -1.323706195742761 -1.2035136794246464 -1.4730100889149031 -1.6713133292670923 -1.6067494835710305 -1.6782308841630988 -1.8949809375713054 -2.2817875488396737 -2.6391945518000144 -2.8060805636661734 -2.8833265933382473 -3.3433439939226854 -3.928165614089243 -4.52278710369181 -4.91161133513818 -5.252300913766504 -5.41457522236866 -5.680036391502912 -6.094224990901306 -6.678181916705864 -7.497623940428644 -8.040363768311162 -8.160556284629276 -8.126544973057243 -7.844078148136974 -7.463324397402611 -7.012242171892182 -6.338357032439539 -5.81377578615904 -5.036703786174299 -4.336301352953631 -3.6938334419870196 -3.112758830722466 -2.744687263964115 -1.8402169613112531 -1.27009514529871
-1.7211773708091398 -1.3355236853567722 -0.8363068070282964 -0.2924140533297783 -0.06499943612356152 -0.702567412372169 -1.6917777625011117 -2.0200733886074245 -1.927262860419336 -2.0589846348974614 -2.5435017090719234 -2.7835985102541523 -3.0121660532763697 -3.181069685320531 -3.399837358906739 -3.4546013351667915 -3.5110947001508457 -3.804226088869125 -4.26107294345956 -4.756254581432032 -5.173325495370429 -5.601060973106836 -5.825593275773051 -5.964232605147183 -6.229982005735437 -6.67414667634986 -7.2416744092764 -7.708321133302845 -8.053045952287174 -8.01788171489914 -7.921324177809048 -7.641163204520781 -7.267903471590426 -6.813938931539993 -6.234881940453441 -5.6117255369048475 -5.032668545818295 -4.436894130399727 -3.8022084686911226 -3.246498225378593 -2.7533342075841234 -3.153687697190505 -4.521057714967808
-2.322716415307713 -1.4877098930689172 -0.6400211868541095 -0.12841035600362183 0.02002884280651962 -1.067756664590517 -2.787633750610156 -4.08236944197939 -4.287590237227585 -4.013193893019324 -4.173162349989476 -4.18786215414349 -4.21927938262952 -4.2114971333715125 -4.147797982037452 -4.170280035449474 -4.35590109182565 -4.577551079951862 -4.924293519114192 -5.293518011688544 -5.633342895954868 -5.946650486453166 -6.09710730544131 -6.338357032439539 -6.5542423914857455 -6.9292315131401025 -7.373396183754526 -7.71322106802085 -7.914406622913042 -7.794502338048927 -7.60888128167275 -7.3558140650605095 -7.018871495334188 -6.616788617003805 -6.194817768347403 -5.654672023550888 -5.208489732758463 -4.542386842563828 -3.983794284711296 -3.7024803856070276 -3.881183887087198 -5.191772308426447 -7.138199317290302
