static/data/ASCData/20210108/ASCU/15.asc
ncols 97
nrows 97
xllcorner 99.0
yllcorner 2.0
cellsize 0.25
NODATA_value -32767
[rows 38 to 56 of 97, columns 0 to 42 of 97]
-1.5061497355548683 0.3601332374558668 0.7202033190369024 -0.29919241359970816 -1.8996376926003644 -2.3695953826906626 -1.8325008797303217 -1.7873415885621318 -1.421250268158671 -0.6508327608293483 -3.1282714743162554 -3.586186686761703 -3.6430873936336226 -4.375270034440544 -5.271832495099678 -5.580420984748977 -5.563862577987307 -5.436814438834132 -5.458490898594864 -5.121602586480165 -5.634010010268563 -5.931158146155253 -5.386236032725759 -4.795251442304712 -4.85185108723551 -5.371483997610817 -5.176997983646478 -4.752199584724371 -4.879247723877546 -5.135150373830623 -4.845227724530842 -3.922171813053037 -2.27867467647204 -0.4163055086958811 -0.3792748899379652 -1.4347980555091278 -2.8070383831398638 -4.206374285471513 -4.887978520170062 -5.581324170572341 -6.408642384773582 -7.229939360152399 -8.055150140765793
-1.456474515269859 1.062209684150662 1.4331179956120632 -0.7670426701021573 -2.399701576802789 -2.9915893530472006 -2.53066352119054 -2.1937752090758424 -1.7825245975041915 -1.4182396487474582 -3.0424688210966946 -3.5813696957037626 -4.094981367256644 -4.8157236543009585 -5.432900633599556 -5.71921053960588 -5.842043811583357 -5.799293015944138 -5.811937617471231 -5.342280989322054 -5.569582754868611 -5.87335425345997 -5.431094261952828 -4.997565066738204 -5.076443295311975 -5.264004884630525 -4.884064714935485 -4.875333918642969 -4.376474282205029 -3.997437298333354 -3.597928102465432 -3.037350768097633 -2.72304210156703 -1.216227086255088 0.30443677834843275 0.3288227955792551 -0.9251001891908226 -2.923248292412673 -3.8851411942951213 -4.7494900272542795 -5.677965053672267 -7.082419009002979 -8.043408725062063
-1.5705769909548195 0.6675174793406806 1.362067377507444 -0.7504842633404876 -2.503266884548505 -3.0960578466162803 -3.0734782010321853 -2.825704223489382 -2.7034730753941476 -2.8431658160744155 -3.9164516361717334 -4.321681008920958 -4.7612314429580085 -5.111667542423164 -5.721016911252608 -5.831506643644113 -5.93507195138983 -5.868537262402029 -5.910384872217886 -5.570787002633097 -5.448555854537862 -5.7941749629450765 -6.044357436016849 -5.617451603506892 -5.290498335449197 -5.320604529561323 -4.732931620492609 -4.641107728450623 -3.8393797792446884 -3.0403613875088458 -2.6098428117054335 -3.0490921838013625 -2.754352543443642 -1.9369693732994016 -0.23265772461190815 0.718396947390175 0.1617334182569521 -1.3002233678279214 -2.643862811052137 -3.756286683495219 -5.403697625310793 -6.812968571699445 -8.000356867481722
-1.8177488446153798 0.19093642654571497 0.7954688043172191 -1.2932989431821325 -3.0256093523939036 -3.1008748376742203 -3.088230236147127 -3.433849344554342 -3.4964702283075653 -4.176268091359386 -4.928019758339191 -5.289294087684711 -5.400687005899581 -5.746607176247917 -5.7053616903143025 -5.813743989117959 -5.84716186458242 -5.73095195530961 -5.711382929136728 -5.60962399303774 -5.435008067187405 -5.65960027526387 -5.909481686394521 -5.833313015290841 -5.508166118879872 -5.338367184087478 -4.799165247539289 -4.647731091155292 -3.822520310541898 -2.8949484699472734 -1.5470941595473606 -2.0044072481105655 -3.9417408392259192 -3.1448298810779254 -0.9377447907179157 0.022040677576684153 -0.0824278159923959 0.07683395086075473 -1.2475375281316996 -2.993395724693928 -4.657666135212293 -6.74071370583034 -7.93111262102383
-1.8129318535574395 0.09640297703363698 0.2475360714765129 -1.8635102596658122 -2.5520389190101502 -2.628207590113831 -3.2757918254656766 -3.7406314625569133 -4.0940781814332805 -4.90664436051958 -5.599990010921859 -5.691813902963846 -5.732758326956338 -5.699641513432999 -5.658697089440507 -5.6273866475638945 -5.668331071556387 -5.5063597472331445 -5.411525235779946 -5.352818157261298 -5.14869816118108 -5.3049493086230175 -5.336259750499629 -5.2600910793959486 -5.167364001530598 -5.01803727873445 -4.41440808678631 -4.265081363990161 -3.8177033194839574 -2.834435019781899 -1.126209565859829 -0.8254486866796831 -2.764889711382886 -4.066681544791246 -1.8108244199695904 -0.9067354107824253 -0.8206316956217428 0.47814951837540365 0.2652987260026678 -1.5579323894277262 -4.261167558755584 -6.346021501020359 -7.724885191355763
-1.3872302688119675 -0.6390913451256188 -0.31785825394922673 -1.3742846053437532 -2.2142474210720886 -2.7483313046212166 -3.3724327085656034 -3.9935234930987775 -4.3264979999788995 -5.056874269139093 -5.665320452145174 -5.589151781041494 -5.456383465007015 -5.442835677656557 -5.451566473949074 -5.406708244722005 -5.41724541266125 -5.266112318218374 -5.183019222468904 -5.0490466586699405 -4.775682416131829 -4.679944718855267 -4.689879762912268 -4.541456225939484 -4.514962775120813 -3.945654644460496 -3.0490921838013625 -2.373509187925239 -2.9623863447584373 -2.2874054727645565 -0.8450177128525656 -0.1829825043268989 -1.3176849604129548 -2.932882274528553 -2.7405036941520633 -2.116703352148798 -1.2954063767699813 0.5181907565445321 0.929441368116183 0.42154987344460526 -2.591176971355915 -5.952533543974862 -7.523775814686756
-1.0051826655290796 -1.1653476182055937 -1.1391552293280436 -1.4633989399156482 -2.4496778590289194 -3.150851119900351 -3.3694220891543907 -3.854733938241873 -4.316864017863018 -5.09902294089607 -5.332345945265052 -5.012016039912025 -4.936750554631708 -5.0607880743736695 -5.106850551365223 -5.143881170123139 -5.123408958126893 -5.052057278081152 -5.052057278081152 -4.934040997161616 -4.610700472397375 -4.463180121247954 -4.142850215894926 -3.842992522538144 -3.4133771325580957 -2.694742279101631 -1.2336886788401213 0.32009199928673837 -0.8832525793749664 -2.671259447694172 -1.6888943338154774 -0.6390913451256188 -1.150896645031773 -2.3491231706944165 -2.8901314788893333 -2.9106036908855795 -2.2865022869411926 -0.42895011022297425 1.1061647275543671 0.9682783585208266 -1.6789592897584755 -5.239618867399702 -7.069774407475886
-1.016924081232809 -1.149692397267288 -0.9272076227786714 -1.53746017743148 -2.6059290064708573 -3.1908923580694792 -3.2170847469470294 -3.3820666906814836 -4.087153756787492 -4.978899226388685 -4.513156403474085 -4.046209332795 -4.209384904882726 -4.451438705544225 -4.658569321035657 -4.836195866297205 -4.883161529112122 -4.907547546342945 -4.959330200215803 -4.886172148523334 -4.568852862581519 -3.9486652638717086 -3.273684391877828 -2.7405036941520633 -2.247364234595428 -1.4164332771007304 0.008492890226226901 1.0143408355123804 0.3288227955792551 -2.5150083002522345 -3.1382065183732575 -2.269943880179523 -1.6449392904117723 -1.9836339741731979 -2.5950907765904914 -2.7025698895707837 -3.4612459811963774 -2.6242937848792542 -0.673111344472322 0.45466668696794477 -1.4194438965119431 -4.612807905985224 -6.557065921746367
-1.0961033717477022 -1.1361446099168309 -1.0970065575710661 -1.4760435414427415 -2.1946783948992064 -2.45449485008686 -2.2016028195449953 -1.720204775692089 -1.9056589314227896 -3.3510573107459933 -3.2161815611236655 -3.059027227858364 -3.4495045654926475 -3.643990579456986 -3.689751994507419 -3.8041555321335006 -3.910430397349308 -4.020016943917449 -4.098895172491221 -3.822520310541898 -3.519953059715024 -2.899765461005214 -2.2151506068954525 -1.788545836326617 -1.3393614201736863 -0.3880056862304819 0.7174937615668111 0.19485023178029115 -2.166378572433807 -3.6135833234037382 -3.9486652638717086 -3.2962640374619228 -2.254288659241217 -1.9369693732994016 -2.4758702479064696 -2.7531482956791566 -3.8186065053073213 -3.4142803183814596 -2.080575919214246 -0.9506904541861303 -2.00320300034608 -4.495393748947929 -6.432125216181041
-1.2767405364204625 -1.6157362821230095 -1.1135649643327359 -1.4077024808082137 -1.9505171606498586 -2.1937752090758424 -1.8138350393808031 -1.3080509782970744 -1.7795139780929787 -2.3852506036289682 -2.8226936040781694 -2.6977528985128436 -2.994599972458413 -3.0051371403976574 -2.9075930714743667 -2.787469356966981 -2.8880240453014845 -3.067758024150881 -3.30981182481238 -3.2297293484741227 -2.9798479373434708 -2.5520389190101502 -2.0257826459301755 -1.5139773460240211 -1.0238485058785982 -0.3431474570034132 -0.30009559942307185 -1.1274138136243141 -3.171323331896597 -3.322757488280594 -3.6731935877457493 -3.5482528821804236 -2.775727941263252 -2.28349166752998 -2.5258465301326 -3.2688674008198877 -4.37436684861718 -3.587390934526188 -2.717020862744605 -1.7241185809266657 -1.7759012347995236 -3.966126856456742 -6.285508050854984
-1.4682159309735885 -1.6079086716538566 -1.5139773460240211 -1.6088118574772203 -2.161561581375867 -2.4066260014485783 -2.026685831753539 -1.690700705462205 -1.7795139780929787 -2.210333615837512 -2.8049309495520145 -2.7856629853202537 -3.0189859896892357 -3.111713067554586 -2.9271620976472494 -2.7426111277399126 -2.673366881282021 -2.7191282963324537 -2.8392520108398394 -2.976837317932258 -2.6820976775745375 -2.30005007429165 -1.8002872520303461 -1.1478860256205603 -0.6047702838377942 -0.7348290424021817 -0.8919833756674831 -1.5618461946623026 -2.7700077643819476 -3.170420146073233 -3.653624561572867 -3.631345977929893 -3.589197306172916 -3.2709748344077365 -3.637066154811197 -4.577583658874036 -5.613537798272317 -4.576680473050672 -3.7942204880764985 -2.511094495017658 -2.2238814031879692 -3.455525804315073 -5.7387795657787635
-1.2210440773130282 -1.697625130107994 -1.8469518529041427 -1.9321523822414612 -2.648679802110077 -2.904582452063154 -2.6537978551091386 -2.297340516821558 -1.8391242424349896 -2.050168663160998 -2.6604212178138065 -3.0024275829275657 -3.26706102917316 -3.3411222666889913 -3.1517543057237143 -2.8226936040781694 -2.743514313563276 -2.5598665294793035 -2.508083875606445 -2.599004581825068 -2.407529187271942 -2.027589017576903 -1.6166394679463734 -0.9711626661823765 -0.6086840890723708 -0.687863379587264 -0.9777860288870444 -1.809018048322863 -2.8440690018977794 -3.7180518169728183 -4.170246852536962 -4.38610826432091 -4.342153220917204 -4.093174995609917 -4.365636052324664 -5.263101698807161 -6.107881505593436 -5.19867444340721 -4.363528618736815 -3.0852196167359143 -2.0531792825722106 -3.2748886396423127 -5.55513178169479
-1.2210440773130282 -1.7102697316350874 -2.0354166280460557 -1.9788169831152576 -2.7347835172707597 -4.454449324955437 -4.2163093295285154 -2.9533544865247996 -2.0793716714497608 -1.703345306989298 -2.172098749315111 -2.7055805089819964 -3.119540678023739 -3.191795543892843 -2.9310759028818256 -2.604724758706372 -2.481891486728895 -2.3178127288178043 -2.1350681305571952 -2.2446546771253364 -2.2238814031879692 -1.9682798151760132 -1.5579323894277262 -1.187024077966325 -0.8275561202675319 -0.8949939950786958 -1.3598336321699325 -2.6547010409325025 -3.7075146490335738 -4.668203303151538 -5.1107643565998 -5.320604529561323 -5.030681880261543 -4.778693035543043 -4.619431268689892 -5.290498335449197 -5.96608133132532 -5.217039221815607 -4.118464198664103 -3.320650054692745 -2.2961362690570732 -3.0502964315658474 -5.313981166856655
-1.5784046014239723 -1.8234690214966838 -2.108875741679645 -1.9339587538881888 -4.104013225490283 -5.825485404821688 -5.514187357702298 -4.036575350679119 -2.1624647671992308 -1.3459847828783542 -1.5501047789585733 -1.8577900827845082 -2.24074087189076 -2.553243166774635 -2.291319277999133 -2.088403529683399 -1.9505171606498586 -1.9378725591227652 -1.8294902603191092 -2.2904160921757692 -2.8353382056052627 -2.5384911316596934 -1.6867869002276286 -1.3158785887662274 -1.2327854930167574 -1.27372991700925 -2.437033257501826 -3.792414116429771 -4.748285779489795 -5.545196737637788 -5.963371773855228 -5.84716186458242 -5.556938153341518 -5.064701879608246 -4.883161529112122 -4.989737456269051 -5.795379210709561 -5.310067361622078 -3.6936657997419955 -3.2104613842423615 -2.783555551732405 -3.5383178381234215 -5.0942059498381305
-1.6967219442846302 -2.2211718457178775 -1.9300449486536124 -1.5356538057847524 -3.938730219814707 -6.369504332427818 -6.067840267424309 -4.322584194744323 -2.3069744989374388 -1.2102058474326625 -1.0413100984636317 -0.9389490384824009 -1.4633989399156482 -1.8490592864919915 -1.8674240649003888 -1.6584870777622294 -1.4682159309735885 -1.44955009062407 -1.472129736208165 -2.5902737855325513 -3.3254670457506856 -2.643862811052137 -1.757235394450005 -1.47092548844368 -1.4233577017465198 -2.1067683080917963 -3.6352597831644697 -4.426149502490039 -5.259187893572585 -6.075667877893461 -6.4953482238165074 -6.3285599084353255 -5.926040093156192 -5.372387183434181 -4.696804187558058 -4.531521181882482 -5.765875140479677 -6.097043275713071 -4.285553575986407 -3.1303789079041047 -2.6116491833521613 -3.20052634018536 -4.627258879159045
-1.5248155759043867 -2.049265477337634 -1.05515894775521 -0.8149115187404388 -3.3498530629815084 -5.933867703625344 -5.979930180616899 -4.135022605425773 -2.648679802110077 -1.5765982297772447 -1.2463332803672147 -0.6809389549414748 -1.2415162893092744 -1.6645083165846546 -1.7924596415611933 -1.7141835368696636 -1.4477437189773423 -0.7553012543984279 -0.4689913483921029 -1.487784957146471 -2.4692468852018017 -1.99838600928814 -1.6088118574772203 -1.3929504456932718 -2.0754578662151846 -3.2104613842423615 -4.053133757440788 -4.532725429646967 -5.549110542872365 -6.40081477430443 -6.802130341819079 -7.011067328957238 -6.719037246069609 -5.9730057559711085 -4.914471970988734 -4.222029506409819 -5.529541516699482 -6.174115132640115 -4.167236233125749 -2.318715914641168 -1.479957346677318 -2.3352743214028377 -4.4279558741367655
-1.1888304496130526 -2.044448486279694 -0.9389490384824009 -0.034558967354114234 -1.8334040655536856 -4.254243134109795 -5.014123473499874 -4.387914635967638 -3.632249163753257 -2.777835374851101 -2.1106821133263725 -1.5609430088389389 -1.4983221250857153 -1.371575047873662 -1.536556991608116 -1.8921111440723326 -1.4164332771007304 -0.0559343651737243 0.44503270485206414 0.5817148261211198 -0.18207931850353498 -0.578577894960244 -0.9916348781786226 -1.940883178533978 -3.17915094236575 -4.057047562675365 -4.2172125153518785 -4.411397467375096 -5.251360283103432 -5.87335425345997 -6.169298141582175 -6.72385423712755 -7.276603961026196 -6.8939542338610655 -5.358839396083724 -4.013995705095024 -3.733707037911124 -3.9739544669258953 -2.5511357331867863 -0.48585081709489386 -0.061955603996149744 -2.00320300034608 -4.539348792351635
-1.8881973388377562 -1.9008419403648493 -1.457377701093223 0.11988580844109586 -0.13812427509983038 -1.500429558673564 -2.7844587375557683 -3.6984827907999356 -3.933010042933403 -3.679214826568175 -3.1878817386582665 -2.9106036908855795 -2.6029183870596446 -1.809018048322863 -1.1409616009747712 -1.2719235453625224 -1.354715579170871 -0.548170638906996 -0.16160710650728882 1.2211703890626913 1.3834427753270542 0.5073525266641665 -0.731818422990969 -2.5354805122484807 -4.03928490814921 -4.511048969886236 -4.443611095075072 -4.341250035093841 -4.4505355197208605 -4.679041533031903 -4.629366312746894 -4.979802412212049 -5.859806466109513 -6.152739734820505 -5.050250906434425 -3.3480466913347806 -2.0170518496376584 -3.2131709417124528 -2.899765461005214 -1.1605306271476534 -0.4485191363958567 -1.99838600928814 -4.415311272609673
-1.397767436751212 -1.62537026423889 -1.5648568140735153 -0.03365578153075033 0.6596898688715278 -0.23265772461190815 -1.3607368179932962 -2.4406460007952813 -3.5952185449953413 -4.085347385140764 -4.029650926033329 -4.065778358967881 -3.8276383635409594 -2.9027760804164267 -1.9435927360040695 -1.3529092075241431 -1.3489954022895667 -1.25235451918964 -0.892886561490847 0.2692125312372444 0.9176999524124536 0.1051337733261537 -1.5404707968426927 -3.2026337737732087 -4.054036943264152 -4.361722247090087 -4.317767203686382 -4.196740303355632 -4.054036943264152 -3.911634645113793 -3.845099956125993 -4.093174995609917 -4.892795511228003 -5.471135500121957 -4.7494900272542795 -3.1204438638471026 -1.3420709776437776 -2.826607409312746 -2.8693582049519657 -1.4329916838624004 -0.972969037829104 -2.391873966333636 -4.4496323338974975
