static/data/ASCData/20210108/ASCU/18.asc
ncols 97
nrows 97
xllcorner 99.0
yllcorner 2.0
cellsize 0.25
NODATA_value -32767
[rows 38 to 56 of 97, columns 43 to 85 of 97]
-8.066561061757902 -8.274644143468644 -8.497306294598609 -8.503933144334619 -8.519506241214245 -8.671923785142495 -9.01651997141506 -9.288220810591506 -9.506906851879863 -9.716977988511408 -9.539047073099516 -9.420095120338122 -9.198426996668559 -9.009893121679049 -8.918111252835299 -8.843890535791976 -8.77265190112986 -8.71201622604536 -8.525470405976655 -8.220635318120156 -7.793866195121056 -7.497977354408171 -7.43667899435007 -7.5350877129298315 -7.772660275965821 -7.942307629207699 -7.922095737512866 -7.898570420950027 -8.048005882497073 -8.220635318120156 -8.276300855902646 -8.286241130506662 -8.231569620184572 -7.992340344714581 -7.71103057342092 -7.364446332227552 -7.071208231409071 -6.5967257903106935 -5.937685584064413 -4.971822235040829 -3.9582455679179676 -2.22167959459632 -0.4122182741785536
-8.124214654461197 -8.253106881826609 -8.283259048125458 -8.389619986388432 -8.573183724075934 -8.798827957587102 -9.126194334546039 -9.387623556631668 -9.593718583421605 -9.586097706225193 -9.43765627213855 -9.282256645829095 -9.123212252164835 -8.964830543474175 -8.824341329070744 -8.725601268004183 -8.549989749999895 -8.447273579091727 -8.377028971890011 -8.15039071091844 -7.831970581103119 -7.621236759497973 -7.56457719425508 -7.720639505538136 -7.91215546290885 -7.8876361188856094 -7.835946690944724 -7.873057049466386 -8.000955249371394 -8.124214654461197 -8.210032358542538 -8.153372793299646 -7.81440942930269 -7.5781622362139025 -7.281279368040615 -6.923760824782829 -6.3273443485418515 -5.797859054634584 -5.165988932305948 -4.045057299459709 -2.7677320128436156 -1.5155887552243625 0.09473573062627749
-8.13879372388042 -8.192471206742109 -8.255094936747412 -8.51652415883304 -8.790213052930289 -8.98537377765581 -9.082125783801567 -9.33991023853239 -9.374038514672845 -9.361447500174425 -9.300811825089927 -9.15137636354288 -9.082125783801567 -8.936666432096128 -8.801810039968307 -8.641771618843645 -8.46185264851095 -8.142769833722028 -8.068549116678705 -8.04005366281386 -7.880015241689197 -7.781275180622635 -7.788233372845447 -7.902546530791634 -7.819379566604698 -7.793203510147455 -7.860466034967965 -7.96086280846853 -8.075175966414717 -8.068549116678705 -8.014871633817018 -7.831970581103119 -7.476771435252936 -7.059611244371052 -6.760740321276962 -6.288245935099387 -5.660351922612358 -5.0626100764241775 -4.556650099079748 -3.513583950631638 -2.2461989386195604 -1.1053867565652902 -0.21871426188703658
-8.104665447739965 -8.201086111398922 -8.389619986388432 -8.844884563252378 -9.05296764496312 -9.062576577080335 -9.156346500844888 -9.12023016978363 -9.153364418463685 -9.089083976024378 -9.044021397819504 -8.959197721198565 -8.977752900459397 -8.787230970549084 -8.619240329741208 -8.459201908616546 -8.142769833722028 -7.822361648985902 -7.781275180622635 -7.797842304962662 -7.8253437313671075 -7.8253437313671075 -7.866430199730375 -7.875045104387189 -7.792209482687053 -7.775311015860225 -7.8458869655487415 -8.04701185503667 -8.124214654461197 -7.997973166990191 -7.785251290464242 -7.539063822771438 -7.05861721691065 -6.640794341055165 -6.1388104735523426 -5.662339977533161 -5.026493745362918 -4.4473070784355695 -3.9668604725747816 -3.0059672608532058 -1.824399952922469 -1.3263921952612525 -0.44535252285860794
-7.9582120685741256 -8.260727759023021 -8.483389910152987 -9.02248413617747 -9.137791321584059 -9.118242114862827 -8.94925744659455 -8.913141115533291 -8.812412999545925 -8.718974418268171 -8.693461046784531 -8.659332770644074 -8.671923785142495 -8.382993136652422 -8.214008468384144 -8.058608842074689 -7.742176767180171 -7.53409368546943 -7.490356477211758 -7.531442945575026 -7.625212869339579 -7.677896324740866 -7.807782579566679 -7.788233372845447 -7.7216335329985375 -7.70506640865851 -7.864442144809572 -8.073187911493914 -7.9999612219109935 -7.8339586360239215 -7.573192098911894 -7.149405058294 -6.653385355553586 -6.162335790115181 -5.659357895151956 -5.068574241186588 -4.449295133356372 -3.9532754306159594 -3.437706521154314 -2.44732382810749 -1.1855716383710215 -0.8595306313592871 -0.9738437893054744
-7.888630146346011 -8.300820199925887 -8.465828758352558 -9.014863258981057 -9.094716798299988 -8.994320024799423 -8.786236943088682 -8.562580764498316 -8.438658674434912 -8.276300855902646 -8.288229185427467 -8.22361740050136 -8.189489124360904 -7.881009269149598 -7.625212869339579 -7.48538633990975 -7.483398284988946 -7.341915043125115 -7.281279368040615 -7.298840519841044 -7.365440359687954 -7.490356477211758 -7.6318397190755904 -7.623224814418776 -7.606657690078749 -7.683529147016475 -7.831970581103119 -7.9376688343924915 -7.849531732903547 -7.626869581773582 -7.249139146820963 -6.761734348737364 -6.190499901493228 -5.706077185790833 -5.176923234370365 -4.567584401144166 -4.0274961476592805 -3.507951128356029 -3.071241730752913 -2.1564051246966134 -0.76377265267393 -1.0000198457627174 -1.1825895559898167
-8.002943304292199 -8.319375379186717 -8.373052862048405 -8.873048674630425 -8.865427797434013 -8.769669818748655 -8.4923361572966 -8.218978605686152 -8.01652834625102 -7.847875020469544 -7.8097706344874815 -7.6904873392392865 -7.719645478077734 -7.484392312449349 -7.183533334434455 -7.144766263478791 -7.266700298621392 -7.417129787628838 -7.3916164161451965 -7.2792913131198125 -7.252121229202167 -7.362458277306748 -7.430714829587661 -7.4814102300681435 -7.605663662618348 -7.693469421620491 -7.694463449080893 -7.730579780142152 -7.617260649656366 -7.409177567945625 -6.9492741962664715 -6.390630763520755 -5.817408261355816 -5.340937765336634 -4.8068136766141585 -4.323384988372166 -3.869114438968621 -3.3310142404045386 -2.8114692211012873 -2.0702560781284722 -1.6434869551293723 -1.4579351625210681 -1.4814604790839068
-7.91811962767126 -8.191477179281707 -8.267685951245832 -8.564568819419119 -8.542037530316682 -8.405193083268058 -8.097707255517154 -7.8028124422646705 -7.597711442935134 -7.417129787628838 -7.3604702223859455 -7.242180954598151 -7.246157064439758 -7.183533334434455 -7.230583967560133 -7.261730161319384 -7.34489712550632 -7.520508643510608 -7.660335172940437 -7.621236759497973 -7.464843105728116 -7.375049291805169 -7.420111870010043 -7.5264728082730175 -7.61924870457717 -7.634821801456795 -7.587108483357516 -7.497977354408171 -7.33893296074391 -7.122234974376354 -6.5450363623698085 -5.956240763325243 -5.449286758520412 -5.054657856740965 -4.631864843583472 -4.254134408630852 -4.056654286497729 -3.677929824084708 -3.1739579016610815 -3.108352089274574 -3.791911639544095 -3.675941769163904 -3.1222684737201964
-7.860466034967965 -8.007913441594207 -8.147408628537235 -8.155360848220448 -8.16795186271887 -8.076169993875117 -7.816397484223493 -7.514875821234998 -7.246157064439758 -7.00990987135097 -6.955238361028881 -6.877041534143952 -6.936683181768051 -7.073196286329875 -7.351523975242331 -7.48538633990975 -7.539063822771438 -7.606657690078749 -7.663979940295243 -7.675908269820062 -7.583132373515911 -7.474783380332132 -7.484392312449349 -7.541051877692241 -7.561595111873875 -7.514875821234998 -7.437673021810472 -7.272664463383801 -7.041056065110221 -6.486388742206112 -5.944312433800423 -5.605680412290268 -5.251143951413687 -4.95989390551601 -4.730604904650034 -4.4784532721948205 -4.286274629850505 -3.9599022803519697 -4.367122196629838 -4.989383386841258 -5.711047323092841 -5.843915660299859 -5.759754668652521
-7.957218041113723 -7.819379566604698 -7.898570420950027 -7.8339586360239215 -7.886642091425208 -7.760731946441002 -7.476771435252936 -7.1669662100944285 -6.88764449372157 -6.668958452433212 -6.624227216715139 -6.663988315131204 -6.8439072854638985 -7.096721602892713 -7.322365836403883 -7.522496698431411 -7.599699497855937 -7.56457719425508 -7.544033960073446 -7.576174181293099 -7.52846086319382 -7.467825188109321 -7.457222228531704 -7.434690939429267 -7.302816629682651 -7.228595912639329 -7.117264837074346 -6.899572823246389 -6.531451320410986 -5.96684372290286 -5.4668479103208405 -5.206081373208813 -4.987395331920455 -5.045048924623749 -4.9542610832404 -4.823380800954186 -4.6288827612022665 -4.823380800954186 -5.791232204898573 -6.547024417290611 -6.680886781958031 -6.707062838415274 -6.0645897565090205
-7.749134959402983 -7.58909653827832 -7.727597697760947 -7.61328453981476 -7.626206896799981 -7.4071895130248215 -7.134825988874775 -6.8680952870003384 -6.604678009993906 -6.530457292950585 -6.5400662250678 -6.725618017676105 -6.8213759963614615 -7.05861721691065 -7.287243532803025 -7.446287926467286 -7.43667899435007 -7.389628361224393 -7.43667899435007 -7.461861023346912 -7.420111870010043 -7.422099924930846 -7.390622388684795 -7.109312617391134 -6.944304058964463 -6.8820116714459605 -6.817399886519855 -6.489370824587317 -6.0059421363453245 -5.458895690637627 -4.982425194618447 -4.847568802490625 -5.072219008541394 -5.156380000188731 -5.281296117712536 -5.1885202214083845 -5.385006316081107 -5.874067826598709 -6.805802899481836 -7.365440359687954 -7.348873235347926 -7.0927454930511065 -6.551000527132218
-7.476771435252936 -7.492344532132561 -7.700427613843303 -7.595723388014331 -7.488368422290955 -7.266700298621392 -7.04006203764982 -6.772668650801782 -6.559615431789032 -6.525487155648577 -6.608322777348712 -6.796856652338222 -6.8525221901207125 -7.026476995690998 -7.228595912639329 -7.257754051477777 -7.2481451193605615 -7.26570627116099 -7.322365836403883 -7.280285340580214 -7.218986980522113 -7.201094486234884 -7.157357277977212 -6.883999726366764 -6.668958452433212 -6.605672037454307 -6.481418604904104 -6.130858253869129 -5.547032792126572 -5.017547498219304 -4.659366269987917 -4.816422608731374 -5.023511662981714 -5.084147338066213 -5.212045537971223 -5.60071027498826 -5.8780439364403145 -6.739203059634927 -7.523490725891812 -7.8995644484104295 -7.602681580237142 -7.462855050807313 -7.8253437313671075
-7.370079154503161 -7.419117842549642 -7.709042518500117 -7.671932159978456 -7.536081740390233 -7.306792739524258 -7.079160451092284 -6.763722403658167 -6.549012472211415 -6.605672037454307 -6.697453906298058 -6.874059451762748 -6.950268223726873 -7.052653052148241 -7.06458138167306 -7.096721602892713 -7.082142533473489 -7.097715630353115 -7.091751465590705 -7.031447132993006 -6.96087118330449 -6.851528162660311 -6.83893714816189 -6.757758238895757 -6.544042334909407 -6.32038615631904 -6.188511846572424 -5.756772586271316 -5.187526193947982 -4.791903264708134 -4.702109450785187 -4.884679161012286 -5.0400787873217405 -5.096738352564634 -5.17394115198916 -5.562605889006198 -6.338941335579871 -7.356494112544339 -7.91811962767126 -8.038065607893056 -7.66232322786124 -7.4297208021272585 -7.749134959402983
-7.105667850036328 -7.313419589260268 -7.717988765643732 -7.703078353737707 -7.587108483357516 -7.368091099582358 -7.138802098716382 -6.822370023821863 -6.573200473747854 -6.6348301762927555 -6.699441961218861 -6.908187727903204 -6.986384554788132 -6.908187727903204 -6.884993753827166 -6.948280168806069 -6.932707071926444 -6.885656438800767 -6.853516217581114 -6.770680595880978 -6.742185142016131 -6.5831407483518705 -6.5881108856538795 -6.5741945012082565 -6.54603038983021 -6.322374211239843 -5.789244149977769 -5.330997490732618 -5.051013089386159 -4.918144752179141 -4.977455057316438 -4.928747711756758 -5.0556518842013665 -4.928747711756758 -5.005950511181285 -5.834969413156244 -6.712032975717282 -7.783263235543439 -8.074181938954315 -7.935680779471689 -7.1513931132148025 -6.796856652338222 -5.104690572247847
-6.689501686614845 -7.115276782153543 -7.7216335329985375 -7.648406843415617 -7.544033960073446 -7.287243532803025 -7.043044120031025 -6.784265637839801 -6.560609459249434 -6.5400662250678 -6.555639321947425 -6.724623990215703 -6.7004359886792635 -6.568561678932647 -6.526481183108978 -6.617269024492327 -6.8283341885842725 -6.8008327621798275 -6.724623990215703 -6.581152693431068 -6.609316804809114 -6.480424577443703 -6.434699314265227 -6.466839535484881 -6.428735149502818 -6.044046522327387 -5.4598897180980295 -5.052669801820161 -4.938687986360775 -5.237227566968064 -5.209063455590018 -4.936699931439971 -4.7531361937524705 -4.648431967923499 -5.154391945267928 -6.0490166596293955 -7.1202469194555515 -8.155360848220448 -7.983394097570967 -7.444299871546483 -6.378039749022335 -4.930735766677562 -3.135853515679019
-6.3359592531986655 -7.052653052148241 -7.649400870876019 -7.589759223251921 -7.4141477052476334 -7.128861824112366 -6.919122029967622 -6.684531549312837 -6.542054279988603 -6.559615431789032 -6.407197887860782 -6.346893555263083 -6.1739327771532 -6.142786583393949 -6.1388104735523426 -6.380027803943138 -6.69248376899605 -6.959877155844088 -6.983402472406927 -6.591755653008685 -6.503949894006541 -6.4171381624647985 -6.3359592531986655 -6.349544295157488 -6.2080610532936555 -5.797859054634584 -5.2716871855953205 -4.861485186936248 -4.922783546994348 -5.289248337395749 -5.02748777282332 -4.633852898504275 -4.4247757893331325 -4.623249938926658 -5.330003463272217 -6.422770984740408 -7.41812381508924 -7.733561862523357 -7.326341946245489 -6.556633349407828 -5.314430366392591 -3.6474463152990575 -1.9698593046279074
-6.370087529339122 -7.254109284122971 -7.714012655802125 -7.48538633990975 -7.197449718880078 -6.953250306108077 -6.839931175622292 -6.710044920796479 -6.576182556129059 -6.549012472211415 -6.376051694101531 -6.2150192455164674 -5.834969413156244 -5.820390343737021 -5.944312433800423 -6.255111686419333 -6.6278719840699445 -6.941321976583258 -7.038073982729017 -6.641788368515567 -6.46087537072247 -6.406203860400381 -6.311439909175426 -6.2150192455164674 -6.039076385025379 -5.693486171292412 -5.292893104750555 -5.097732380025035 -5.150415835426322 -5.205087345748411 -4.735575041952042 -4.296877589428123 -4.130875003541051 -4.553668016698543 -5.516549283340923 -6.558621404328631 -7.133831961414374 -7.059611244371052 -6.5967257903106935 -5.5635999164665995 -4.226632982226407 -2.7541469708847934 -1.537126016866398
-6.3565024873802995 -7.2792913131198125 -7.56457719425508 -7.171936347396437 -6.9337010993868455 -6.825352106203068 -6.795862624877819 -6.809779009323442 -6.757758238895757 -6.610310832269516 -6.349544295157488 -6.210049108214459 -5.755778558810914 -5.6845399241487975 -5.90521402035796 -6.2892399625597895 -6.652391328093184 -6.870083341921141 -6.867101259539936 -6.6262152716359415 -6.611304859729917 -6.392618818441559 -6.254117658958932 -6.122243349212315 -5.9834108472428875 -5.683545896688396 -5.35054669745385 -5.314430366392591 -5.3233766135362055 -5.078183173303803 -4.368116224090239 -3.880048741033039 -4.046051326920111 -4.848562829951027 -5.890634950938735 -6.663988315131204 -6.873065424302347 -6.496329016810129 -5.85650667479828 -4.85651504963424 -3.5801837904785474 -2.5029893658899818 -2.0304949797124068
-6.466839535484881 -7.094733547971909 -7.318389726562276 -7.0185247760077845 -6.880023616525158 -6.860474409803926 -6.913157865205212 -6.921110084888425 -6.847883395305505 -6.668958452433212 -6.301830977058209 -6.063595729048619 -5.6689668272691724 -5.551008901968179 -5.812438124053807 -6.288245935099387 -6.666970397512408 -6.833967010859882 -6.808784981863041 -6.720647880374097 -6.642782395975969 -6.373069611720327 -6.364454707063512 -6.139804501012744 -5.864458894481492 -5.561611861545797 -5.3770540963978934 -5.416152509840358 -5.230600717232053 -4.759763043488482 -3.985415651835612 -3.725643142183986 -4.0390931346973 -5.120263669127472 -6.176914859534405 -6.756764211435356 -6.8594803823435235 -6.248153494196521 -5.236564881994463 -3.931738168973924 -2.991388191433982 -2.7727021501456237 -3.662025384718282
