static/data/ASCData/20210108/ASCU/21.asc
ncols 97
nrows 97
xllcorner 99.0
yllcorner 2.0
cellsize 0.25
NODATA_value -32767
[rows 76 to 94 of 97, columns 0 to 42 of 97]
-7.615206866197183 -7.273575044014084 -6.177871919014084 -4.585002200704225 -2.9403884242957745 -3.042060959507042 -3.147364656690141 -5.092759683098592 -5.268568441901408 -5.481294014084507 -6.992159991197183 -7.925671214788732 -7.640625 -7.724746919014084 -8.114189040492956 -8.697293133802816 -9.224719410211268 -9.750027508802816 -10.095593089788732 -10.241142165492956 -10.147337147887324 -10.057768485915492 -9.83203125 -10.109512544014084 -10.236300616197184 -10.238418794014084 -10.026298415492956 -9.664090008802816 -9.265569982394366 -8.822265625 -8.444322183098592 -8.243095290492956 -8.079995598591548 -8.175918794014084 -8.35263534330986 -8.637681558098592 -8.728460607394366 -8.680650308098592 -8.510893485915492 -8.37109375 -8.200126540492956 -7.968639964788732 -7.770439040492957
-8.314508142605632 -8.068496919014084 -7.262681558098591 -5.300643705985915 -3.6747909330985915 -2.8114821742957745 -2.899537852112676 -3.074136223591549 -3.153416593309859 -3.095620598591549 -4.613143705985916 -6.171819982394366 -7.692369058098591 -7.801606514084507 -8.510893485915492 -9.092787191901408 -9.613253741197182 -10.156112455985916 -10.505006602112676 -10.685656910211268 -10.499862455985916 -10.004814040492956 -9.777261223591548 -9.785128741197182 -9.91494278169014 -9.76455215669014 -9.523382482394366 -9.080078125 -8.689425616197184 -8.307548415492956 -8.279406910211268 -8.079995598591548 -7.966824383802816 -8.058511223591548 -8.280314700704224 -8.548718089788732 -8.652206205985916 -8.574136223591548 -8.415878080985916 -8.263671875 -8.095730633802816 -7.955023107394366 -7.758637764084507
-8.694267165492956 -8.48154159330986 -7.686619718309859 -5.642578125 -4.671847491197183 -3.807630941901408 -3.067479093309859 -3.010893485915493 -2.8692781690140845 -2.029269366197183 -2.348509022887324 -3.1806503080985915 -5.161146566901408 -7.412164392605633 -8.121148767605632 -8.990206866197184 -9.494030589788732 -10.084094410211268 -10.490179357394364 -10.746176276408448 -10.51953125 -9.943386883802816 -9.481321522887324 -9.490096830985916 -9.446220290492956 -9.278279049295774 -9.029241857394366 -8.54599471830986 -8.211927816901408 -8.058511223591548 -8.092704665492956 -8.020384022887324 -7.908120598591549 -7.911146566901408 -8.135673415492956 -8.315415933098592 -8.451281910211268 -8.461872799295774 -8.46005721830986 -8.306640625 -8.120240977112676 -7.979533450704225 -7.767715669014084
-8.885810959507042 -8.697293133802816 -7.555595290492957 -5.993287852112676 -5.242242517605634 -3.933511223591549 -3.099554357394366 -3.0127090669014085 -2.846583406690141 -1.757840008802817 -1.2715669014084507 -1.1541593309859155 -1.929715008802817 -4.566543794014084 -7.54500440140845 -8.606514084507042 -8.983549735915492 -9.473756602112676 -9.990289392605632 -10.511663732394364 -10.361273107394364 -9.89557658450704 -9.395384022887324 -9.109430017605632 -8.988391285211268 -8.772337147887324 -8.569294674295774 -8.243095290492956 -8.034303477112676 -7.934446522887323 -7.932630941901408 -7.879979093309859 -7.805540272887323 -7.813407790492957 -7.928697183098591 -8.08877090669014 -8.247029049295774 -8.423745598591548 -8.512709066901408 -8.470648107394366 -8.256712147887324 -8.079087808098592 -7.854560959507042
-8.933621258802816 -8.771429357394366 -8.317231514084508 -7.279324383802816 -6.462010343309859 -4.621011223591549 -2.3935959507042255 -2.172700264084507 -2.383912852112676 -1.8280424735915493 -1.6797700264084507 0.26259903169014054 0.42569872359154903 -1.403196522887324 -5.006822183098592 -7.789200044014084 -8.478515625 -8.684584066901408 -9.255886883802816 -10.08681778169014 -10.119195642605632 -9.644421214788732 -9.237428477112676 -8.94148877640845 -8.728460607394366 -8.5 -8.176826584507042 -7.987400968309859 -7.890569982394366 -7.952299735915492 -7.955023107394366 -7.908120598591549 -7.820367517605633 -7.760755941901408 -7.876953125 -8.04580215669014 -8.061537191901408 -8.211927816901408 -8.362318441901408 -8.41103653169014 -8.35263534330986 -8.216769366197184 -8.049735915492956
-8.53328565140845 -8.359292473591548 -8.26064590669014 -7.591906910211267 -6.315553477112676 -3.823365977112676 -1.4921599911971832 -1.49609375 -2.394503741197183 -2.079197843309859 -2.348509022887324 -0.375880281690141 0.863253741197183 -0.25302596830985924 -2.9140625 -5.464953785211268 -6.84267715669014 -8.140514964788732 -8.847683758802816 -9.309446522887324 -9.707966549295774 -9.544866857394366 -9.240151848591548 -8.971748459507042 -8.734512544014084 -8.477607834507042 -8.035211267605632 -7.718694982394366 -7.839733714788732 -7.970758142605633 -8.009793133802816 -7.962890625 -7.862428477112676 -7.770439040492957 -7.729588468309859 -7.794949383802816 -7.847601232394366 -7.977415272887323 -8.090889084507042 -8.21102002640845 -8.115096830985916 -7.952299735915492 -7.869993397887323
-7.034220950704225 -7.0390625 -6.855386223591549 -6.368205325704225 -5.319404709507042 -3.177624339788732 -1.166868397887324 -1.1299515845070425 -1.4842924735915495 -0.8545884683098592 -2.1318496919014085 -0.6415602992957747 0.7062059859154926 0.15124339788732377 -0.8028444102112677 -1.596555897887324 -3.0626375440140845 -6.458076584507042 -8.412246919014084 -8.520576584507042 -9.271621919014084 -9.412026848591548 -9.052844410211268 -8.615289392605632 -8.340834066901408 -8.195284991197184 -7.979533450704225 -7.710827464788732 -7.943221830985915 -8.079995598591548 -8.222518705985916 -8.214953785211268 -8.040960607394366 -7.814315580985915 -7.641532790492957 -7.65242627640845 -7.667858714788732 -7.67391065140845 -7.833076584507042 -7.991334727112676 -7.891477772887323 -7.778306558098591 -7.80947403169014
-4.201309419014084 -4.453069982394366 -4.652481294014084 -4.394668794014084 -3.809446522887324 -2.116114656690141 -0.9620103433098592 -1.109375 -1.1650528169014085 -0.659110915492958 -1.8779709507042255 -0.425808758802817 0.619058098591549 0.21781470070422504 -0.7616912411971832 -1.113308758802817 -1.7315140845070423 -3.064453125 -6.773382482394366 -8.065470950704224 -8.59773877640845 -8.694267165492956 -8.388644366197184 -8.075154049295774 -7.927789392605633 -7.692369058098591 -7.629731514084507 -7.626100352112676 -7.880886883802816 -7.923855633802816 -8.02734375 -8.052761883802816 -7.979533450704225 -7.947155589788732 -7.846693441901408 -7.780424735915492 -7.627008142605633 -7.562555017605633 -7.674818441901408 -7.764689700704225 -7.770439040492957 -7.749862455985915 -7.701144366197183
-2.538237235915493 -2.5255281690140845 -2.362428477112676 -2.108549735915493 -1.703977772887324 -1.4119718309859155 -0.7471665933098592 -1.2646071742957747 -1.374147227112676 -1.4083406690140845 -1.7950594190140845 -0.15316901408450723 0.41298965669014054 0.3349196742957745 -0.34773877640845097 -0.891505281690141 -0.4854203345070425 -0.5704500440140847 -5.090944102112676 -7.519586267605633 -7.893595950704225 -7.876953125 -7.68359375 -7.722628741197183 -7.626100352112676 -7.399455325704225 -7.399455325704225 -7.522612235915492 -7.634875660211267 -7.634875660211267 -7.68359375 -7.767715669014084 -7.922947843309859 -7.923855633802816 -7.785266285211267 -7.67391065140845 -7.467842209507042 -7.517468089788732 -7.640625 -7.686619718309859 -7.655149647887323 -7.605523767605633 -7.541070642605633
-1.5947403169014085 -1.0606569102112677 -0.42671654929577474 -0.47846060739436624 -0.5928422095070425 -0.28903499119718323 -0.418849031690141 -1.0996919014084507 -1.3623459507042255 -1.775390625 -1.7460387323943662 0.38091439260563353 0.519503741197183 0.3739546654929575 -0.22367407570422548 -0.543821522887324 -0.31929467429577474 0.13369278169014076 -3.826089348591549 -6.571247799295774 -7.33016065140845 -7.305650308098591 -7.370103433098591 -7.42275528169014 -7.521401848591549 -7.362235915492957 -7.342869718309859 -7.392495598591549 -7.436674735915493 -7.317451584507042 -7.33681778169014 -7.430622799295774 -7.580105633802816 -7.568304357394366 -7.455133142605633 -7.396429357394366 -7.366169674295774 -7.562555017605633 -7.580105633802816 -7.572238116197183 -7.453014964788732 -7.413072183098591 -7.565580985915492
-1.0440140845070425 -0.125027508802817 0.5458296654929575 0.06530589788732377 -0.06057438380281699 0.330078125 0.2099471830985915 -0.6630446742957747 -0.9580765845070424 -1.6083571742957747 -1.5762819102112677 0.636608714788732 0.686537191901408 0.49499339788732355 0.03897997359154903 -0.29992847711267623 -0.12411971830985924 0.2889249559859155 -2.985475352112676 -6.098591549295774 -6.972793794014084 -7.147392165492957 -7.210029709507042 -7.310491857394366 -7.404296875 -7.350737235915493 -7.301716549295774 -7.240289392605633 -7.210029709507042 -7.062362455985915 -6.988226232394366 -7.075071522887324 -7.095648107394366 -7.083846830985915 -7.023327464788732 -7.011828785211267 -7.267523107394366 -7.420031910211267 -7.421847491197183 -7.193386883802816 -7.099581866197183 -7.510810959507042 -7.672700264084507
-0.698145906690141 -0.050891285211267734 0.42569872359154903 0.009628080985915277 0.10948503521126751 0.49892715669014054 0.637819102112676 -0.16103653169014098 -0.6902783890845072 -1.381712147887324 -1.5557053257042255 0.27349251760563353 0.5772997359154926 0.909248459507042 0.4532350352112675 -0.21489876760563398 0.06258252640845052 0.6172425176056335 -2.563352772887324 -5.931558098591549 -6.844795334507042 -7.066296214788732 -7.197320642605633 -7.298690580985915 -7.242104973591549 -7.189453125 -7.120158450704225 -7.030287191901408 -6.953125 -6.792143485915493 -6.709837147887324 -6.637819102112676 -6.657185299295774 -6.594850352112676 -6.519503741197183 -6.53523877640845 -6.646594410211267 -6.432658450704225 -7.033313160211267 -6.79305127640845 -7.217897227112676 -7.628823723591549 -7.692369058098591
-0.5020631602112677 -0.651243397887324 -0.2605908890845072 0.34278719190140805 0.37698063380281654 0.25684969190140805 0.2774262764084505 0.04019036091549277 -0.6397447183098592 -1.263699383802817 -1.592622139084507 -0.22458186619718323 0.7851837588028165 1.1788622359154926 0.7177046654929575 -0.08205875880281699 0.07801496478873227 0.640542473591549 -2.5076749559859155 -5.874064700704225 -6.716796875 -7.156167473591549 -7.242104973591549 -7.14345840669014 -7.070229973591549 -6.832086267605633 -6.780342209507042 -6.672012544014084 -6.634793133802817 -6.494085607394366 -6.417831205985915 -6.312527508802817 -6.258665272887324 -6.196330325704225 -6.029296875 -6.081040933098591 -5.506712147887324 -4.772612235915492 -6.100709727112676 -6.747964348591549 -7.209121919014084 -7.665135343309859 -7.714761223591549
-0.5214293573943662 -0.9432493397887325 -0.4600022007042255 0.287109375 0.401490977112676 0.24807438380281654 0.09465779049295753 -0.18736245598591572 -0.6309694102112677 -1.016477772887324 -1.3163512323943662 -1.156277508802817 -5.501760563397795e-05 0.8817121478873235 0.5322128080985915 -0.21671434859154948 -0.031222491197183233 0.2989106514084505 -2.633857834507042 -5.849554357394366 -6.593639964788732 -7.009710607394366 -7.005776848591549 -6.878080985915493 -6.680787852112676 -6.34853653169014 -6.273492517605633 -6.099499339788732 -6.19148877640845 -6.120075924295774 -6.038979973591549 -5.935491857394366 -5.886773767605633 -5.82625440140845 -5.628961267605634 -5.625027508802816 -4.92391065140845 -4.396484375 -5.851672535211267 -6.550671214788732 -6.966741857394366 -7.417913732394366 -7.626100352112676
-0.4775528169014085 -0.9765349911971832 -0.3779984595070425 -0.03999779929577474 -0.16224691901408472 -0.3574218750000002 -0.3592374559859157 -0.3985750440140847 -0.6025253080985917 -1.051881602112676 -0.8155534771126761 -1.2198228433098592 -0.3789062500000002 0.3104093309859155 -0.019421214788732488 -0.537164392605634 -0.16012874119718323 -0.049680897887324216 -3.028444102112676 -5.707939040492958 -6.294069102112676 -6.679577464788732 -6.701061839788732 -6.49227002640845 -6.205105633802817 -5.853488116197183 -5.731541593309859 -5.456178477112676 -5.540905589788732 -5.561482174295774 -5.572375660211268 -5.465861575704225 -5.383857834507042 -5.333021566901408 -5.208049075704225 -5.136636223591549 -5.336047535211268 -5.488253741197183 -6.213880941901408 -6.390597491197183 -6.766725352112676 -7.077189700704225 -7.249064700704225
0.031112455985915277 -0.10535871478873249 -0.13380281690140872 -0.009738116197183233 -0.2841934419014087 -0.705105633802817 -0.715696522887324 -0.44426716549295797 -0.6787797095070425 -0.8213028169014086 -0.7928587147887325 -1.3369278169014085 -1.073365977112676 -0.322320642605634 -0.24031690140845097 -0.5792253521126762 -0.3779984595070425 -0.694212147887324 -3.256904709507042 -5.101534991197183 -5.713990977112676 -6.183621258802817 -6.238391285211267 -6.012654049295774 -5.72548965669014 -5.390514964788732 -5.111218089788732 -4.960827464788732 -4.908175616197183 -4.984430017605634 -4.981404049295774 -4.90908340669014 -4.842814700704225 -4.800753741197183 -4.791070642605634 -4.841906910211268 -5.128768705985915 -5.658313160211268 -5.874972491197183 -6.163044674295774 -6.614216549295774 -6.743122799295774 -6.759765625
-0.361355633802817 0.037164392605633534 -0.5029709507042255 -0.23335717429577474 -0.05573283450704247 -0.457884022887324 -0.8085937500000001 -0.5840669014084507 -0.623101892605634 -0.9405259683098592 -0.8358274647887325 -0.9834947183098592 -1.3916978433098592 -1.1689865757042255 -0.8963468309859156 -0.8905974911971832 -0.8612455985915494 -1.1826034330985915 -2.8974196742957745 -4.507840008802816 -5.212890625 -5.519421214788732 -5.662246919014084 -5.518513424295774 -5.213798415492958 -4.893650968309859 -4.64461377640845 -4.526298415492958 -4.357449383802816 -4.453069982394366 -4.375907790492958 -4.247909330985916 -4.171049735915493 -4.138671875 -4.17195752640845 -4.533258142605634 -4.75203565140845 -5.03798965669014 -5.266450264084507 -5.72548965669014 -6.26259903169014 -6.47078565140845 -6.53523877640845
-0.5274812940140847 0.10464348591549277 -0.18857284330985924 -0.46968529929577474 -0.09386003521126773 0.04382152288732377 -0.2557493397887325 -0.440333406690141 -0.5810409330985917 -1.596555897887324 -1.5771897007042255 -1.310601892605634 -1.689453125 -1.6837037852112677 -1.3729368397887325 -1.192286531690141 -1.0585387323943662 -1.313325264084507 -1.875852772887324 -3.346775968309859 -4.378025968309859 -4.792886223591549 -4.982311839788732 -4.949328785211268 -4.633720290492958 -4.378025968309859 -4.165905589788732 -4.134738116197183 -4.079968089788732 -4.110227772887324 -3.926854093309859 -3.744085607394366 -3.6033780809859155 -3.5958131602112675 -3.812472491197183 -4.164090008802816 -4.32900528169014 -4.419784330985916 -4.803779709507042 -5.376898107394366 -5.882840008802817 -6.21297315140845 -6.330985915492957
-0.8651793573943664 -0.10929247359154948 0.24504841549295753 -0.08508472711267623 0.15033560739436602 0.30556778169014054 0.18452904929577452 -0.008830325704225483 -0.7529159330985917 -2.633857834507042 -2.977607834507042 -2.373019366197183 -2.465916593309859 -2.165135343309859 -1.807465889084507 -0.9813765404929579 -0.8155534771126761 -1.0927321742957747 -1.102415272887324 -1.983274647887324 -3.420912191901408 -3.9785981514084505 -4.256987235915493 -4.229450924295774 -4.161064040492958 -3.948338468309859 -3.8360750440140845 -3.927761883802817 -3.992215008802817 -3.8182218309859155 -3.607311839788732 -3.264772227112676 -3.111355633802817 -3.164915272887324 -3.460854973591549 -4.018540933098592 -4.052734375 -4.079060299295774 -4.58984375 -5.049790933098592 -5.46102002640845 -5.802651848591549 -5.842897227112676
