static/data/ASCData/20210110/ASCV/03.asc
ncols 97
nrows 97
xllcorner 99.0
yllcorner 2.0
cellsize 0.25
NODATA_value -32767
[rows 19 to 37 of 97, columns 0 to 42 of 97]
1.3443149272513608 1.6256714605294427 1.69711308810162 1.9331938574039178 1.8688081930487455 1.3854747126838909 0.7233901641549059 0.25946058263681593 0.40881180406342565 0.3726499925762736 0.39028990061878677 0.2574025933651898 -0.03453788473839925 -0.1330273713090966 -0.562853130611662 -0.9221192577441752 -0.6642826018561112 -0.20152901420752212 0.4820174224398537 1.4333964628660514 1.293747190862824 0.13245324473072273 -0.5784350493825485 -0.583433023327927 -0.45142771147645533 -0.5843150187300528 -1.404570742706904 -2.3353698904168363 -2.7572576911002704 -2.7572576911002704 -2.6966940068209766 -2.472079177746312 -2.221886482010003 -2.3109680176246936 -3.953537454850023 -5.423235793258725 -6.570711811424191 -7.126368914763349 -6.777686732456344 -6.318755124883632 -5.506143361058536 -4.964010187218639 -4.530656446307571
1.2614073594515505 1.4742622498312068 1.6159695111060604 1.7517968030334101 1.9314298665996663 1.692997109558367 1.3181490636549666 0.6510665411806027 0.5475790806645273 0.25946058263681593 0.1442131834257312 -0.02365994144551653 -0.19270906018626555 -0.3488222463625048 -0.9494611152100703 -1.2240556837385217 -0.7630660868941836 -0.3108964440711022 -0.07951965024680785 0.33266620101324484 0.7263301488286578 0.3570680738053875 -0.4320238126296907 -0.9074193343754144 -0.9847409312950961 -1.3616469664701225 -2.0266714996728603 -2.777543585349161 -3.0109783684450817 -2.8986709539077493 -2.5588087256220002 -2.3353698904168363 -2.7513777217527666 -3.8694538931807108 -5.444697681377116 -6.220853635247685 -6.9476178465992176 -6.745346901045069 -6.340217013002023 -5.749280093577839 -5.202442944259938 -4.748215312165231 -4.301043643287527
1.2622893548536762 1.3160910743833405 1.4410404230178067 1.4119345747476606 1.7429768490121536 1.994933535552713 1.7244549455675147 1.0212106116059996 0.6022627955963173 0.19007694433626465 -0.020719956771764636 0.13362923860022402 -0.05217779278091239 -0.5228693390486328 -1.0470686063786419 -1.07852644238779 -0.5208113497770062 -0.25033275979180747 -0.030421906195146953 -0.02365994144551653 0.22241677574753904 0.05454365087629043 -0.41144391991342566 -0.8039318738593386 -1.2308176484881517 -1.9249480299610355 -2.643774282693437 -3.4378641430738948 -3.3967043576413642 -3.0092143776408307 -3.010096373042956 -3.4446261078235247 -4.251357902301116 -5.463219584821754 -6.5148521026229 -6.893816127069553 -6.770924767706713 -6.309935170862375 -5.8771694268860575 -5.412357849965842 -4.966950171892391 -4.601804075412373 -4.218136075487717
1.377536754064761 1.1873197456729958 1.2534694008324196 1.3581328552179963 1.6277294498010688 1.966415684217317 1.7068150375250015 1.1579198989354742 0.7175101948074021 0.2712205213318244 0.24387866386592982 0.3132623021664802 0.10128940718894963 -0.5069934218103711 -0.9641610385788311 -0.5040534371366188 -0.08128364105105934 0.029847779616772208 0.17949299951075748 0.13245324473072273 0.11775332136196237 0.02132182406289118 -0.1935910555883913 -0.6545806524327293 -1.3146072116900882 -2.078415229930898 -3.0450821906606067 -3.8400540464431896 -3.7445045445462446 -3.67717889551732 -3.9514794655783962 -4.8293588891607895 -5.97477691805463 -6.457228403017358 -6.997303587585629 -7.096969068025827 -6.76680878916346 -6.165287924913769 -5.749280093577839 -5.266828608615111 -4.830240884562915 -4.471856752832528 -4.294281678537898
1.4625023111361974 1.1961396996942524 1.1802637824559907 1.713577002274632 1.9831735968577044 1.708579028329253 1.4469203923653113 1.1529219249900962 0.8230556445951036 0.5034793105582445 0.6119647450196997 0.48789739178735836 -0.11362347246233284 -0.7230822953311544 -0.40174197049004423 0.059247626354293814 0.28298046002683286 0.3120863082969798 0.3288442209373663 0.2788644814835797 0.16861505621787387 0.03984372750753007 -0.1750691521437524 -0.5813750340563004 -1.2425775871831601 -2.2824501662892978 -3.3831804281421043 -4.023803088552699 -4.2660578256698765 -4.688827621755436 -5.791321874412495 -6.670083293397014 -6.762986809087582 -7.245438294050311 -7.364507673337274 -7.322465892502617 -6.90263608109081 -6.349918962425404 -5.87334744681018 -5.119535376460128 -4.6829476524079325 -4.342203428720057 -4.164334355958053
1.4489783816369375 1.3396109517733574 1.1873197456729958 1.8423483309849766 2.373603561531991 2.098420996068789 1.3357889716974798 1.0026887081613607 0.8239376399972294 0.6578285059302331 0.754554001696679 0.3864679205429091 -0.21711093297840822 -0.4534857007480819 -0.13214537590697084 0.2838624554289586 0.4449736155505768 0.30444234814522364 0.21565481099790862 0.22712075122554243 0.13157124932859698 0.03866773363802878 -0.2776746172577029 -0.6848624945723762 -1.2872653542241932 -2.3324299057430844 -3.69070282501658 -4.362489322968948 -5.310928378721393 -6.634215480377238 -7.645864206615355 -7.543258741501404 -7.637044252594098 -7.79609742344409 -7.877241000439649 -7.5500207062510345 -7.14959479368599 -6.58923371486883 -5.948611054458235 -5.188625016293303 -4.549178349752209 -4.2084341260643345 -3.708342733059093
1.4439804076915594 1.5709877455976526 1.4195785348994168 1.9722956535648217 2.522072787556475 2.2486542128975238 1.4704402697553283 0.9547669579792002 0.7145702101336493 0.684288367994002 0.889499298221903 0.5652189887070396 0.1130493458839581 -0.16830718739412287 -0.11538746326658433 0.2624005673105678 0.3191422715139849 0.08747147922231502 -0.16036922877499205 0.11481333668820959 0.14215519415410505 0.1568551175228654 -0.20829097895715165 -0.6369407443902162 -1.228759659216525 -2.3685917172302355 -3.8030102395539123 -4.974006135109396 -7.337165815871378 -8.3890923321399 -8.228863167420407 -8.146837595022722 -8.204461294628263 -8.319708693839349 -8.325588663186853 -7.9542685988919555 -7.473875103200854 -6.704481114079915 -6.13206609810037 -5.3791360231524425 -4.497434619494172 -3.363482530827965 -2.7551997018286443
1.6100895417585557 1.8338223754310947 1.914671953959279 2.187208533216104 2.2536521868429027 1.976411632108075 1.4683822804837021 1.017388631530121 0.7427940630016705 0.8189396660518513 1.1629178728808531 0.9371270499366879 0.6246066791168339 0.4646715128647161 0.41469177341092944 0.3250222408614887 0.18125699031500808 -0.18976907551251365 -0.5313952946025138 -0.15860523797074055 0.12657327538321805 0.07100756504930228 -0.05776376366104152 -0.4367277881076945 -1.2658034661058024 -2.617608419097043 -4.0990666962007545 -5.542305172545687 -8.444658042473815 -9.049118891397258 -8.766880362717052 -8.685736785721492 -8.755120424022042 -8.794222220182945 -8.755120424022042 -8.335290612610235 -7.880180985113402 -7.23750033543118 -6.788270677281851 -5.576408994761213 -3.728922625775358 -2.50412501069021 -2.1936626291419827
1.7068150375250015 1.9890535662052091 2.2330722941266377 2.2380702680720166 2.101360980742541 1.854108269679985 1.4780842299070844 1.03591053497476 0.715452205535775 0.7498500262186756 1.3610728398917482 1.229067528040277 0.944183013153693 0.8445175327134944 0.7974777779334605 0.5572810300879087 0.08188550834218589 -0.469067619518968 -0.977684968078091 -0.9603390585029534 -0.5725550800350443 -0.2679726678343206 -0.06187974220429471 -0.19476704945789258 -1.0726464730402858 -2.709335940918111 -4.448630873909885 -6.235553558616446 -9.052940871473137 -9.40838501852977 -9.16142630593459 -8.992377187193842 -9.024717018605116 -9.167306275282094 -9.180830204781355 -8.79334022478082 -8.502281742079358 -8.311770735220218 -7.7716955506519465 -5.344150205534792 -3.0247962964117168 -1.6097816729348047 -1.2581595059540467
1.8708661823203725 2.0543212259625063 2.3609616274348566 2.1472247416530745 1.82000444746446 1.5659897716522737 1.3316729931542266 1.0035707035634864 0.6901683373415066 0.5905028569013089 1.2849272368415674 1.3063891249599582 1.0729543418640368 0.8521614928652506 0.6998702867648889 0.5425811067191484 0.3414861550345014 0.02514380413876882 -0.3938040118709134 -1.194655837001 -1.621247613162438 -1.643003499748204 -1.2990252929192017 -0.8177498018259737 -1.0150227734347435 -2.126336980113058 -4.226956029508973 -7.407431449574055 -9.784409058302671 -9.429846906648162 -9.04412091745188 -9.101744617057422 -9.35076131892423 -9.477768656830323 -9.446604819288549 -9.280495685221553 -9.31871548598033 -9.567732187847138 -8.500223752807731 -4.854642757355058 -2.360653758611105 -1.6800473066374808 -1.872322304300872
1.711519013003005 1.9361338420776697 2.258356162320906 1.9293718773280402 1.215543598541017 0.8992012476452844 0.9938687541401041 0.9391850392083141 0.9000832430474102 0.6792903940486239 1.0056286928351126 0.9821088154450957 0.8648034269623848 0.7427940630016705 0.5955008308466869 0.5025973151561187 0.3814699465975302 0.3797059557932787 -0.04129984948802967 -0.8733155121598895 -1.7970586966528166 -1.948467907351053 -2.0119715763040995 -1.6321255564553208 -1.1243902032983235 -1.6935712361367408 -3.016858337792586 -5.72282023151407 -9.344881349576724 -9.890836503492501 -9.315775501306579 -9.287257649971183 -9.558030238423756 -9.739427292794264 -9.722963378621252 -9.780587078226795 -9.981682029911441 -10.321544258197191 -8.427018134431302 -4.617385994183259 -2.531466868156105 -2.1966026138157346 -2.642010291889186
1.544527883533883 1.8250024214098381 2.0640231753858886 1.580689695021034 0.8365795740943636 0.3423681504366263 0.40704781325917416 0.8112957059000951 1.0456124843981423 0.8112957059000951 0.684288367994002 0.7330921135782882 0.8201156599213517 0.7469100415449228 0.7280941396329093 0.650184545778477 0.48495740711360646 0.3179662776444836 -0.3811620777737792 -1.1232142094288227 -1.7738328177301748 -1.825576547988213 -2.091057164028032 -2.5491067761986184 -2.213066527988747 -1.757956900491913 -2.3421318551664663 -4.022627094683198 -8.02659222186626 -9.020895038529238 -9.455424773309806 -9.450426799364427 -9.794111007726055 -9.983740019183069 -10.047243688136115 -10.078407525677887 -10.295084396133422 -10.24539865514701 -8.449362017951819 -5.00134799257529 -2.847809219051837 -2.575566638262387 -2.9583526427849183
1.6724172168421019 1.8355863662353462 1.7379788750667746 1.2828692475699413 0.5758029335325476 0.0807095144726846 -0.17301116287212626 0.15509112671861391 0.7839538484342006 0.829817609344734 0.686346357265629 0.741030072197419 0.8159996813780985 0.8621574407560075 0.8445175327134944 0.6510665411806027 0.3952878745641657 -0.12244342648358941 -0.8800774769095194 -1.3419490691559832 -1.5568619488072657 -1.651529455302085 -2.105757087396793 -2.5638066995673787 -2.872505090311355 -2.643774282693437 -2.576448633664513 -3.378182454196726 -5.661374551832649 -6.312875155536127 -7.61852234914946 -9.85085271192947 -10.199534894236477 -10.191596935617346 -10.249220635222887 -10.061943611504876 -10.35476608501059 -9.750305236087147 -7.740531713110174 -4.592984121391116 -3.4240462151072597 -3.1615055837411923 -4.868460685321693
1.8893880857650105 1.854108269679985 1.6286114452031946 1.1970216950963781 0.4870153963852326 -0.39880198581629145 -0.6545806524327293 -0.31971639809235874 0.3082643282211013 0.5349371465673931 0.7524960124250519 0.8492215081914978 0.7898338177817044 0.834815583290113 0.6725284292989935 0.47819544236397604 0.02014583019339078 -0.5540331765904054 -1.1173342400813184 -1.0861704025395458 -1.2052397818265077 -1.5236401219938664 -1.9799257433602007 -2.642892287291312 -2.9533546688395393 -3.749208520024248 -3.7962482748042823 -3.7327446058512357 -3.905615704667863 -4.323387526808044 -7.567660614293548 -9.802930961747311 -10.14279319003306 -10.131033251338051 -10.135149229881304 -9.730901337240383 -9.923176334903774 -8.906529634720279 -6.794150646629355 -4.565642263925222 -3.402584326988869 -4.695589586505067 -6.409600651302573
1.8696901884508712 1.8591062436253631 1.582747684292661 1.194963705824752 0.2526986178871855 -0.6351767535859651 -0.7433681895800444 -0.33235833218949296 -0.12626540655946705 -0.0804016456489336 0.5143572538511281 0.976228846097591 0.8424595434418682 0.4049898239875471 0.24299666846380408 0.14039120334985355 -0.30119449464771986 -0.6545806524327293 -0.9876809159688484 -0.7736500317196917 -0.8215717819018518 -1.254337525878169 -1.7697168391869216 -2.4347413723896594 -2.9398307393402794 -3.9582414303280262 -4.34514341339381 -4.348083398067562 -4.369545286185953 -4.175212299250935 -7.644688212745853 -10.025781800017725 -10.3665260237056 -9.815572895844445 -9.896716472840005 -9.235513919713146 -9.109682575676553 -8.01983025711663 -5.9339111310894745 -3.918257638764997 -4.29045969846202 -5.586110944184594 -7.268958171440328
1.5183620199374888 1.898208039786267 1.6189094957798122 1.0691323617881592 0.10628738113432856 -0.5910769834796827 -0.6222408210214554 -0.32148038889661024 -0.4220278647389337 -0.6478186876830994 0.186254964260387 0.8171756752475998 0.6451865718330989 0.14627117269735823 -0.14772729467785783 -0.21799292838053397 -0.44672373599845194 -0.6654585957256121 -0.766006071567936 -0.7054423872886417 -0.8165738079564728 -0.9818009466213442 -1.4369105741181776 -1.776772802403927 -2.1907226444682304 -2.9318927807211486 -3.505189792102819 -4.541240391133078 -5.549949132697443 -4.966068176490265 -6.158525960164139 -8.876247792580632 -10.601724797605772 -10.028721784691477 -9.35869927754336 -8.92799152283867 -8.387034342868272 -7.0414033576919115 -5.213320887552821 -4.541240391133078 -5.06955563700634 -6.471928326386118 -8.045114125310898
0.9976907342159818 1.7388608704689004 1.882626121015381 1.2311255173119031 0.2388806899205509 -0.39292201646878766 -0.448487726802703 -0.2785566126598287 -0.4925874969089854 -0.6828045053007501 -0.10274552916945012 0.3970518653684163 0.37088600177202213 0.01632385011751225 -0.3470582555582542 -0.5919589788818085 -0.8186317972280994 -0.9603390585029534 -0.9847409312950961 -0.8712575228882629 -0.8880154355286503 -0.9027153588974111 -1.14673408681884 -1.4789523549528334 -1.8117586200215774 -2.3333119011452097 -3.105645874939901 -4.27752376589751 -5.87334744681018 -5.151581209404026 -5.074553610951719 -7.173996666478134 -9.595956040715159 -10.238636690397382 -9.147608377967956 -8.469059915265959 -7.864599066342515 -6.369322861272169 -5.128355330481384 -4.926084384927235 -6.019758683563038 -7.439771280985328 -8.568725395706156
0.7595519756420579 1.9705316627605702 2.191030513291982 1.5562878222288914 0.5943248369771865 -0.14860929007998358 -0.3782220931000264 -0.24445279044430368 -0.25797671994356364 -0.7033843980170151 -0.5978389482293127 -0.16448520731824523 -0.04717981883553435 -0.24445279044430368 -0.6184188409455778 -0.9612210539050792 -1.1135122600054408 -1.1908338569251224 -1.4642524315840726 -1.4213286553472915 -1.3587069817963706 -1.298143297517076 -1.4310306047706733 -1.799998681326569 -2.2865661448325505 -2.793125504120047 -3.3461366212528274 -3.5578155177629824 -4.853760761952932 -4.767031214077244 -4.2560618777791195 -5.316808348068897 -7.5209148579808875 -9.270793735798172 -9.546270299728747 -8.589011289955046 -7.3674476580110255 -6.050040525702684 -5.293288470678879 -5.768977990891979 -6.824432488769002 -7.872243026494271 -8.790400240107068
0.5593390193595358 2.1245868596651833 2.4568051277991767 1.8423483309849766 0.9168411556877976 0.03778573823590303 -0.48376754288772883 -0.6848624945723762 -0.7718860409154402 -1.283443374148315 -0.5948989635555604 -0.21123096363090443 -0.48376754288772883 -0.7601261022204318 -1.0179627581084958 -1.2796213940724375 -1.3881068285338918 -1.4298546109011725 -1.6271275825099423 -1.8646783441491164 -1.9749277694148222 -2.110755061342172 -2.221886482010003 -2.4173954628145213 -2.831345304878825 -3.423164219705134 -3.904733709265737 -3.880037838006219 -3.9582414303280262 -4.032623042573956 -4.078486803484489 -4.595042110662743 -5.011049941998673 -5.959194999283743 -7.637926247996224 -8.100973834112189 -7.0960870726237015 -6.004176764792151 -5.768977990891979 -6.699483140134536 -7.642924221941602 -8.360574480804503 -9.041180932778127
