static/data/ASCData/20210110/ASCV/06.asc
ncols 97
nrows 97
xllcorner 99.0
yllcorner 2.0
cellsize 0.25
NODATA_value -32767
[rows 19 to 37 of 97, columns 43 to 85 of 97]
-3.1375230094706286 -2.2575522313893566 -2.1735630579957994 -2.623862906926872 -3.368861609870427 -4.128889954368619 -5.0047349484937165 -5.809557518801805 -6.323217621345561 -6.347382927374586 -6.68039263240869 -6.821258684626656 -6.837761820451355 -6.829804951393019 -6.81919579264857 -6.695127575109314 -6.679508535846653 -6.71958757999235 -6.8601589333563044 -7.210850569631158 -7.6452366804455565 -7.899267092604317 -8.12765870446399 -8.360176100279839 -8.450059250753647 -8.577074456833026 -8.670788692408994 -8.69613279385407 -8.669904595846958 -8.54672047486974 -8.252905717419296 -7.575982449752623 -6.6102543051537195 -5.265543434294763 -4.086748018244834 -3.6502990154523474 -3.5751508076791647 -3.3874276376732135 -3.2957762940753312 -3.327898469162692 -3.4802577766871456 -3.766410363933266 -4.161896226018017
-3.1873271157987384 -2.414921419432022 -2.5360426484311525 -3.688315167619958 -4.622805233693539 -5.249924395032101 -5.597374343912818 -6.137557343317698 -6.441391861804567 -6.47145114491384 -6.591688277350933 -6.706915529269813 -6.745815777999461 -6.688349501467027 -6.579900323190434 -6.535106097380536 -6.766444697780335 -6.901122074064039 -7.17666550256571 -7.478437129074492 -7.6688125887665555 -7.865966122100906 -8.153297504763076 -8.295637051251106 -8.45772142095797 -8.620100489518848 -8.726486775817355 -8.771281001627251 -8.56322361069444 -7.997991208698498 -7.0661534323110295 -6.213589647652919 -5.170650403302743 -4.0858639216827966 -3.9411667843626677 -3.988023902150652 -3.8300653163999616 -3.6296700956714743 -3.505601878132219 -3.45108259013991 -3.576034904241202 -3.723384331247443 -3.9314417221802556
-3.4245596932787863 -2.563449641854313 -3.0066767182890866 -4.593630047146303 -5.389611651834018 -5.574977231007869 -5.907986936041974 -6.173805302361233 -6.390408960060407 -6.368011847155459 -6.246006521594291 -6.293747735944313 -6.425772822541905 -6.514477177599662 -6.481176207096252 -6.584910203708645 -6.8689998989766785 -7.102401391354564 -7.295723839586753 -7.519400269782227 -7.672643673868718 -7.84857888971417 -8.062235558873219 -8.230213905660335 -8.43738720003111 -8.600355666300011 -8.646328687525958 -8.46950937511847 -7.899267092604317 -6.893459903859714 -5.867023795334239 -5.033026038478915 -4.535869071759857 -4.1872403274630905 -4.1032511540695324 -4.107376938025707 -3.957964619041379 -3.8554094178450353 -3.7773142215317277 -3.6591399810727223 -3.6376269647298107 -3.6726961283572965 -3.7938173573564264
-3.6765272134594587 -2.956872611960977 -3.4392946359794103 -5.374876709133393 -5.953075860705884 -6.00965804067628 -5.879695846056776 -6.13667324675566 -6.031171057019192 -5.914765009684261 -5.803663541721555 -5.924784770720685 -6.121054207492999 -6.368011847155459 -6.468504156373715 -6.665952388562078 -6.955936060910361 -7.234131779098144 -7.389438075162722 -7.521463161760314 -7.673822469284768 -7.810268038692547 -7.979425180895712 -8.191313656930687 -8.406149121505786 -8.515482396344417 -8.242885956382871 -7.903098177706479 -6.810354827028195 -5.648357245656977 -4.795793460998866 -4.412979649636652 -4.173684180178516 -4.249716484513737 -4.244117206287499 -4.109145131149782 -3.9930337826688644 -3.9765306468441652 -3.9052135241731447 -3.7743672329916027 -3.6921462527221203 -3.6502990154523474 -3.667686247839084
-4.033112826814563 -3.6122828632847375 -4.101482960945458 -5.56436807226342 -6.084806248449463 -6.331763888111924 -6.200917596930381 -5.776256548298394 -5.671638455123963 -5.497766131256599 -5.4090617761988415 -5.665744478043714 -5.990207916311457 -6.279012793243689 -6.5153612741617 -6.713693602912101 -7.034915353785706 -7.313405770827502 -7.497003156877279 -7.604273539737822 -7.746907785079863 -7.827065873371259 -8.008600367442948 -8.265577768141831 -8.48041323271693 -8.224319928580083 -7.9511340909105135 -6.842477002115555 -5.615940371715604 -4.661116084715162 -4.196081293083465 -4.034881019938637 -4.140383209675106 -4.217594309426376 -4.255610461593986 -4.120933085310282 -3.9959807712089894 -3.9567858236253293 -3.8757436387718966 -3.7781983180937653 -3.665918054715009 -3.5153269403146306 -3.5330088715553796
-3.622007925467149 -3.8191614588015 -4.317202522082595 -4.970549881428268 -5.293834524279961 -5.796590769225256 -6.301704605002651 -5.875864760954613 -5.413776957863042 -5.268490422834888 -5.2617123491926 -5.577040122985957 -5.972525985070708 -6.233334470871754 -6.492080064694714 -6.744931681437423 -7.067332227727079 -7.413898080045758 -7.613998601920233 -7.8143938226487215 -7.956733369136751 -8.04573242304852 -8.230213905660335 -8.487191306359218 -8.416758280250235 -8.160075578405364 -7.070279216267204 -5.797769564641306 -4.781058518298242 -4.098535972405333 -3.8739754456478215 -3.9559017270632917 -4.054625843157473 -4.1990282816235895 -4.237044433791199 -4.221425394528538 -4.098535972405333 -3.9520706419611296 -3.831833509524037 -3.738119273948067 -3.5828129778834894 -3.3983314952716754 -3.3806495640309264
-2.8952805514723683 -3.1375230094706286 -3.66002407763476 -3.8913626780345583 -4.319265414060682 -5.881758738034863 -6.416931856921531 -5.80661053026168 -5.2487455996160515 -5.23312656035339 -5.332734773009609 -5.73411461217461 -6.037949130661479 -6.267519537937202 -6.399249925680782 -6.63766129857688 -6.947095095289987 -7.314289867389539 -7.721563683634789 -8.002706390362698 -8.247011740339046 -8.409096110045912 -8.575011564854938 -8.658116641686458 -8.482181425841006 -7.522347258322352 -6.275181708141527 -5.173597391842868 -4.288911432097397 -3.899319547092895 -3.8786906273120216 -3.947060761442917 -4.158949237477892 -4.334884453323344 -4.36405963987058 -4.337831441863469 -4.265335523776399 -4.134489232594856 -3.8592405029471974 -3.65413010055451 -3.554521887898291 -3.433400658899161 -3.4012784838118
-2.346551285301126 -3.0555967280551584 -3.588706954963739 -4.031934031398512 -5.084893036785111 -6.495027053234839 -6.419878845461656 -5.758574617057645 -5.369866828615182 -5.34835381227227 -5.5487490330007585 -5.961622127472246 -6.068303112624765 -6.291979542820238 -6.438444873264443 -6.63766129857688 -6.927644970925162 -7.2703797381416795 -7.663802708248343 -8.062235558873219 -8.421768160768448 -8.633656636803423 -8.754777865802552 -8.671672788971033 -7.902214081144441 -6.762613612678173 -5.669870261999888 -4.73331730394822 -4.189303219441178 -3.996864867771027 -4.027218849734313 -4.186356230901053 -4.450111705242224 -4.556497991540731 -4.537931963737944 -4.4901907493879225 -4.439207847643763 -4.268282512316523 -3.9638585961216286 -3.763463375393141 -3.56630984205879 -3.3544213660238156 -3.258644238469759
-2.089573884602242 -3.2391941141049347 -3.7967643458965514 -4.8621007031516745 -6.533927301964487 -7.128629589361676 -6.451116923986978 -5.631559410978266 -5.3884328564179675 -5.4765478137677 -5.669870261999888 -5.991092012873494 -6.14138842841986 -6.3279328030097615 -6.449938128570929 -6.663005400021953 -6.952104975808199 -7.246803829820681 -7.572151364650461 -7.999759401822573 -8.539942401227453 -8.781006063809663 -8.63454073336546 -8.040722542530307 -7.034031257223669 -6.012605029216405 -5.231358367229315 -4.6678941583574485 -4.348440600607918 -4.2724082962726975 -4.312487340418396 -4.64431825003645 -4.876835645852299 -4.89716986677916 -4.861216606589637 -4.838819493684689 -4.742158269568594 -4.541763048840107 -4.259736245550161 -3.8875315929323957 -3.545680922277916 -3.304617259695706 -3.1843801272586134
-2.354213455505451 -2.9998986446467995 -4.349324697169956 -7.554469433409713 -8.38168911662275 -7.292776851046629 -6.299641713024563 -5.632738206394316 -5.377823697673518 -5.455034797424789 -5.651304234197102 -5.896198981881475 -6.206811574010631 -6.415753061505481 -6.545715256124986 -6.76349770924021 -7.092676329172153 -7.436295192950707 -7.743076699977701 -8.016557236501285 -8.309487897389692 -8.388467190265036 -8.028050491807772 -7.343465053936775 -6.487070184176502 -5.7868657070428435 -5.223401498170978 -4.829978528064314 -4.578011007883642 -4.56828594570123 -4.806402619743316 -5.1149523198943845 -5.2575865652364255 -5.371045624031232 -5.4149557532790915 -5.331850676447571 -5.182438357463242 -5.02536386827459 -4.755714416853168 -4.52909099811757 -4.274176489396773 -3.950007749983042 -3.5253467013510553
-2.6981270181380177 -3.5427339337377917 -5.677532432204213 -9.33857629560128 -8.876783191363721 -7.433348204410582 -6.1941395232880945 -5.623897240773942 -5.475369018351651 -5.64629435367889 -5.905039947501849 -6.154060479142396 -6.320270632805437 -6.577837431212346 -6.816248804108445 -7.056428370128618 -7.349359031017025 -7.67765355438693 -7.985319157975962 -8.072255319909644 -8.132668584982202 -8.038954349406232 -7.50672821905969 -6.8631059218964285 -6.263393753981028 -5.687257494386625 -5.339807545505908 -4.9929469943332165 -4.8856766114726735 -4.964655904348018 -5.206898362346279 -5.469475041271401 -5.6737013471020505 -5.822229569524342 -5.846394875553365 -5.7809717299625945 -5.714664487809785 -5.633622302956353 -5.5281201132198845 -5.567315060803544 -5.578808316110031 -5.368098635491107 -4.960824819245857
-4.234097445251075 -6.393355948600532 -8.987295261618401 -10.759614169649469 -9.511564522906607 -7.2851146808423035 -6.041780215763641 -5.715548584371823 -5.64629435367889 -5.933331037487047 -6.14138842841986 -6.482355002512302 -6.599350447555257 -6.858390740232229 -7.1159575386391385 -7.33580288373245 -7.572151364650461 -7.908992154786729 -8.15123461278499 -8.21665775837576 -8.048679411588644 -7.763410920904562 -7.2644857610614295 -6.656227326379667 -6.075965282829089 -5.715548584371823 -5.395210930060255 -5.232242463791352 -5.216623424528691 -5.4120087647389665 -5.648357245656977 -5.903271754377775 -6.125769389157199 -6.265456645959115 -6.384514982980158 -6.387461971520283 -6.431372100768143 -6.43343499274623 -6.674793354182453 -6.855443751692104 -6.957998952888448 -7.0057401672384705 -6.446991140030804
-5.841679693889166 -8.913915246969292 -11.117967976128647 -11.551469990381008 -9.068337446471833 -6.893459903859714 -5.996985989953743 -5.672817250540013 -5.7927596841230935 -6.026161176500979 -6.205043380886556 -6.56634417590586 -6.821258684626656 -7.201125507448746 -7.430401215870457 -7.530009428526677 -7.764589716320613 -7.987087351100037 -8.21076378129551 -8.261451984185657 -8.073139416471681 -7.702997655832004 -7.185506468186085 -6.59846635099322 -6.107203361354412 -5.745902566335109 -5.604447116409117 -5.490103961052275 -5.654251222737227 -5.898261873859562 -6.192371330164019 -6.432550896184193 -6.669783473664241 -6.915857016764663 -7.036094149201756 -7.202009604010783 -7.269495641579642 -7.607220528277947 -7.949071198932426 -8.119112437697629 -8.172747629127901 -8.019504225041409 -6.408090891301157
-7.327846014674114 -10.066187766158098 -11.474553589483751 -11.012465786392179 -8.449175154191607 -6.56516538048981 -5.670754358561926 -5.859361625129915 -5.979304058712994 -6.0603462435664275 -6.213589647652919 -6.475576928870015 -7.024306195041257 -7.447199050549169 -7.63963740221932 -7.739245614875539 -7.8143938226487215 -8.036007360866108 -8.170684737149813 -8.203985707653223 -8.042785434508396 -7.678537650948968 -7.167824536945336 -6.654164434401579 -6.162901444762771 -5.9501288721657595 -5.808378723385755 -5.927437060406798 -6.165848433302896 -6.4705670483518025 -6.833930735349194 -7.065269335748992 -7.3416968608127 -7.587770403913122 -7.851525878254295 -8.01832542962536 -8.329822118316553 -8.738274729977853 -8.955762484239065 -9.035920572530461 -8.899180304268668 -7.845631901174045 -6.228324590353543
-8.630709648263299 -10.19320297223748 -11.153037139756133 -10.243891175127626 -7.531188223942726 -5.7780247414224695 -5.839616801911078 -6.029108165041104 -6.162017348200734 -6.231271578893667 -6.304651593542776 -6.507699103957376 -7.204956592550909 -7.632564629723021 -7.8143938226487215 -7.961743249654963 -8.036891457428146 -8.049563508150683 -8.165969555485614 -8.129721596442078 -7.952018187472551 -7.608104624839984 -7.158099474762924 -6.657111422941703 -6.386577874958245 -6.173805302361233 -6.237165555973917 -6.387461971520283 -6.754656743619836 -7.107411271872777 -7.472543151994243 -7.7292258538391145 -8.014494344523197 -8.334831998834765 -8.599471569737975 -8.842598124298272 -9.21273988493795 -9.490051506563695 -9.58081875359954 -9.50478644926432 -8.83876703919611 -7.630796436598946 -5.746786662897146
-8.955762484239065 -10.260689009806336 -10.718651028941734 -9.095449741040982 -6.465557167833591 -5.704939425627374 -5.822229569524342 -6.150229394040235 -6.279012793243689 -6.418700050045606 -6.47262994032989 -6.79090470266337 -7.411835188067672 -7.770483693400862 -8.008600367442948 -8.170684737149813 -8.242001859820833 -8.241117763258796 -8.1774628107921 -8.137678465500414 -7.91871721696914 -7.514390389264015 -7.109179464996852 -6.829804951393019 -6.6043603280734695 -6.614085390255882 -6.711630710934013 -6.96654521965481 -7.359084093199437 -7.722447780196827 -8.047795315026608 -8.33777898737489 -8.67845086261332 -9.023248521807924 -9.308517012492008 -9.565199714336877 -9.653314671686612 -9.854299290123123 -9.826892296699963 -9.415787395352549 -8.598587473175936 -7.63374342513907 -5.8074946268237175
-9.4098934182723 -9.927679304772232 -9.845458324502749 -7.992097231618248 -6.081859259909338 -5.512501073957223 -5.812209808487918 -6.168795421843021 -6.360054978097121 -6.499742234899038 -6.676561547306528 -7.077057289909491 -7.523231354884389 -7.9128232398888905 -8.20015462255106 -8.356345015177677 -8.42088406420641 -8.358113208301752 -8.193081850054762 -8.085811467194217 -7.873038894597206 -7.49494026489919 -7.228237802017894 -7.041693427427993 -7.029021376705456 -7.097391510836353 -7.321067941031826 -7.655256441481981 -7.973531203815462 -8.285027892506655 -8.568233491212652 -8.861164152101058 -9.217749765456162 -9.521289585089018 -9.75292288434283 -9.791823133072477 -9.814220245977426 -9.768541923605492 -9.414903298790513 -8.82697908503561 -7.900151189166354 -7.044640415968118 -5.5163321590593855
-9.45969752460041 -9.855183386685162 -9.073052628136033 -6.912910028224538 -5.681363517306375 -5.620066155671779 -5.980188155275032 -6.240996641076079 -6.371842932257621 -6.55455622174536 -6.829804951393019 -7.208787677653071 -7.660855719708218 -8.041901337946358 -8.289743074170856 -8.432377319512897 -8.488959499483293 -8.415874183688198 -8.218720650353848 -8.05162640012877 -7.830012861911383 -7.6160614938983215 -7.430401215870457 -7.366156865695736 -7.481384117614617 -7.702113559269966 -7.978246385479662 -8.290921869586906 -8.533164327585165 -8.79957209161245 -9.05360250377121 -9.316179182696331 -9.57109369141713 -9.770310116729565 -9.847521216480835 -9.766479031627405 -9.528067658731306 -9.16293577860984 -8.442102381695308 -7.5556482288257625 -6.035002142121354 -4.621921137131501 -3.2683693006521706
-9.54869657851218 -9.418734383892675 -8.11203966520133 -6.438444873264443 -5.8074946268237175 -5.940403809983347 -6.187361449645808 -6.3220388259295115 -6.486186087614464 -6.829804951393019 -7.161046463303048 -7.453977124191455 -7.834728043575582 -8.136499670084365 -8.400255144425536 -8.567349394650613 -8.5741274682929 -8.450943347315683 -8.275302830324243 -8.086695563756255 -7.997991208698498 -7.871860099181156 -7.755748750700238 -7.809383942130509 -7.975299396939537 -8.24877993346312 -8.547604571431778 -8.811360045772949 -9.02619551034805 -9.175607829332378 -9.309401109054043 -9.49299849510382 -9.57109369141713 -9.644473706066236 -9.606162855044614 -9.418734383892675 -8.930418382793992 -8.306540908849566 -7.2703797381416795 -5.758574617057645 -3.7499072281085666 -1.9101022825086402 -0.9207982295887369
