static/data/ASCData/20210110/ASCV/09.asc
ncols 97
nrows 97
xllcorner 99.0
yllcorner 2.0
cellsize 0.25
NODATA_value -32767
[rows 76 to 94 of 97, columns 0 to 42 of 97]
-1.8312782954804407 -2.120224203458101 -2.200404465692395 -1.9358096003192244 -1.7199168201550323 -1.6614149251174175 -1.2492289844463054 -0.8869329847209766 -0.30102314254222673 -0.1504624279022746 -0.46613508995803254 -1.1553883812387609 -2.0361834100791927 -2.9894376388646897 -3.5548569695835646 -4.119385408499835 -4.55681328357804 -4.9758293947357775 -5.316743991198628 -5.64964056143805 -5.914235426811221 -6.306821747825061 -6.554786632882971 -6.801860626138277 -7.027553216131105 -7.33698963556864 -7.754223963121171 -8.130180303819749 -8.61244973296232 -9.112536998156955 -9.559764683063795 -9.831189718923591 -10.129044544927282 -10.303065410369122 -10.45540790861428 -10.660313023213032 -10.958167849216725 -11.201381311327417 -11.509035947159747 -11.919143140291451 -12.343801566199009 -12.646704779084121 -12.844779723196247
-2.132993652628748 -2.5567611867337026 -2.8059139275284166 -2.3518560721349506 -2.140714714917976 -2.0881520985643833 -1.6759661578932712 -0.9121749191280686 -0.3390345261199661 -0.0940392804040675 -0.050979509944909296 -0.5920477980592942 -1.6925961382085322 -2.6690135538617143 -3.822421474298746 -4.396749723043653 -4.872188981699598 -5.3108047125146065 -5.574508686085174 -5.84593372194497 -6.029457433281243 -6.253962167537267 -6.504005800134584 -6.787309393362424 -7.018644298105072 -7.354807471620706 -7.805895687672161 -8.20620307097523 -8.78142221152274 -9.289230539006603 -9.627175496127442 -9.892661253303217 -10.000162197484011 -10.172995207189045 -10.407299751273705 -10.620222892095885 -10.917186826296975 -11.177030268722929 -11.4416251340961 -11.75521904861245 -12.182847113862017 -12.579293966020472 -12.782417297014018
-2.277615088584678 -2.682673894834964 -2.8819366946838954 -2.352746963937554 -2.574282058851567 -2.521719442497974 -2.0724130100517253 -1.3392090565092354 -0.6906398242140561 -0.1448201131524538 0.3160679127276378 0.33685538812171334 -0.8848542371815684 -2.478659672038816 -3.632067592475847 -4.460300004962686 -4.934848371816027 -5.490467892706266 -5.777632017078719 -5.982537131677471 -6.074298987345608 -6.261980193760696 -6.469854947701458 -6.753158540929299 -7.135054160311899 -7.485471602669184 -7.9377476744574444 -8.346963975786545 -8.893674578650751 -9.322490499637125 -9.62628460432484 -9.780408886175206 -9.887018938553396 -10.070542649889669 -10.334246623460237 -10.595871849491395 -10.887787396811067 -11.097740898291239 -11.277404078482895 -11.569616589736768 -12.007044464814975 -12.403491316973428 -12.65442584137335
-2.320377895109635 -2.4943987605514737 -2.470047717946984 -2.41718813765919 -2.8136349898176447 -2.6595107079672795 -2.085182459222372 -1.722886459497043 -1.0713475878598526 -0.22589126718935137 0.6219407649547595 0.7897253877783754 -0.19263130655882854 -1.7647583742193969 -3.1916700780556315 -4.061774405264824 -4.723707014599053 -5.382076056722868 -5.9082961481271985 -6.156557997119309 -6.246241105248038 -6.38581415432255 -6.593094980394911 -6.911440317858479 -7.295117720846287 -7.711164192662013 -8.123350133333126 -8.545038919898673 -8.960194499911795 -9.325460138979135 -9.56659485355042 -9.724876630479601 -9.879000912329968 -10.053912669574409 -10.32147717428959 -10.638040728147951 -10.886896505008464 -10.917186826296975 -11.116449626145906 -11.466867068503191 -11.88885281900294 -12.204228517124498 -12.442690556287971
-2.4240183081458153 -2.4210486688038046 -2.465890222868169 -2.824325691448884 -3.5117971991244064 -3.2032516714894745 -2.0557830297364643 -1.7130866496684072 -1.1770667484354407 -0.47177740470785334 0.25578423408481665 0.8494151385527937 0.33269789304289876 -0.4756379358524674 -2.061722308420486 -3.6555277432777338 -4.430009683674175 -5.148662404440811 -5.875333151430878 -6.3789839838359255 -6.65545740657714 -6.741279983561254 -6.9553909801202405 -7.294226829043684 -7.678795123834094 -8.120380493991114 -8.425065490481431 -8.81943359510048 -9.140748571906059 -9.292200178348613 -9.506905102776 -9.705277010822329 -9.898600531987238 -10.106772249862203 -10.352658387380703 -10.627053062582512 -10.818594800142215 -10.839085311602089 -11.008057790162509 -11.29225227519295 -11.645639356892246 -11.95151220911937 -12.118405940140383
-2.07627354119634 -2.4210486688038046 -2.837986032422134 -3.5245666482950533 -3.842021093956018 -3.023588491297815 -1.7894063807580873 -1.3282213909437952 -0.7140999750159418 -0.7414206569624424 -0.45514742439259237 0.07879372930096729 0.42178707330322496 -0.18283149673019317 -1.583313410422531 -3.047048642099701 -4.038314254462938 -5.135002063467562 -5.84593372194497 -6.417292331347866 -7.001123425987208 -7.255918481531743 -7.443599687946831 -7.695425104149355 -8.024758107178364 -8.411405149508182 -8.750240998431625 -8.99434535234492 -9.222710617745559 -9.337041732412978 -9.54224381094593 -9.761997122254737 -9.925921213933737 -10.090142269546941 -10.314647003802964 -10.577460085570928 -10.633883233069135 -10.56647242000549 -10.510049272507281 -10.720002773987453 -11.18267258347275 -11.582089074973215 -11.682759848667384
-0.21401270982130693 -0.6437195226102839 -1.51768438096409 -2.7901748390157586 -3.272741232092529 -2.4367877573164622 -1.1340069779762825 -0.6787612668460126 -0.846842853603829 -1.2492289844463054 -0.9151445584700797 -0.6594586111229415 -0.5344367948242832 -0.9932460731649662 -1.632906387434113 -2.3830372852260653 -3.4972459663485527 -5.167074168361279 -6.195460272499652 -6.570525721395628 -7.211076927467378 -7.633062677967127 -7.86825811385439 -8.118301746451706 -8.41912621179741 -8.701241949288445 -8.998205883489534 -9.186777981707227 -9.331399417663157 -9.370301693043501 -9.618266578101409 -9.849898446778258 -9.93186049261776 -9.987392748313365 -10.160225758018399 -10.42779026273358 -10.500249462678646 -10.431947757812395 -10.106772249862203 -10.172995207189045 -10.630913593727126 -11.08229877371278 -11.285422104706326
0.8152642861196693 1.0448174072571108 0.5592813748383296 -0.7628020602249208 -1.8645382561109627 -1.6320154956315096 -1.2637802172221586 -1.1135164665164075 -1.3849415023762033 -1.2296293647890333 -0.5911569062566908 -0.6594586111229415 -0.7132090832133384 -1.0576872468866028 -1.5919253645143625 -2.13091490508934 -3.073478432243598 -4.210256372365369 -6.039257243109879 -6.663178468866368 -7.157326455376981 -7.707303661517399 -8.121271385793717 -8.4161565724554 -8.72173246074832 -8.970885201543034 -9.045126185093306 -9.202220106285683 -9.37327133238551 -9.500074932289376 -9.689537922309672 -9.804759928779694 -9.925921213933737 -10.108554033467408 -10.254066361225942 -10.431947757812395 -10.538260846256385 -10.598841488833408 -10.423929731588967 -10.372258007037976 -10.563799744597679 -10.920156465638986 -11.104571068777862
1.0418477679151001 1.5330261150837021 1.4264160627055107 1.0477870465991224 0.05147304735446667 -0.5480971357975326 -0.5237460931930435 -1.0285847813348958 -1.1485582107521362 -0.7188513979631592 -0.143632257415649 -0.27756299174034016 -0.6731189520961918 -0.818631279854726 -1.043136014110749 -1.6447849448021565 -2.3479955409903366 -3.6846302088294403 -6.174969761039777 -6.593985872197514 -7.004983957131822 -7.690673681202138 -8.191651838199377 -8.64778844113225 -8.952473437622567 -9.14965748993209 -9.241419345600228 -9.386040781556158 -9.41633110284467 -9.555013260116578 -9.695477200993693 -9.806838676319101 -9.881970551671976 -10.023622348285897 -10.193485718648919 -10.434620433220203 -10.514800695454499 -10.488370905310603 -10.336028407065443 -10.053912669574409 -10.150722912123964 -10.502031246283853 -10.812655521458192
0.7333022402801683 1.326042252945543 1.8190023837193516 1.6503268690931323 1.8914615836644169 1.346532764405418 0.7594350664898641 0.14828328990402184 -0.3244832933441124 -0.40852408672302065 -0.351803975290613 -0.8575335552350687 -1.2756587745902022 -1.3460392269958605 -1.5245145514507152 -1.2248779418418159 -1.7032868398397714 -3.4191444516536666 -6.192490633157641 -6.588937485316096 -6.99340236369798 -7.581390953416137 -8.096029451386626 -8.554838729727308 -8.946534158938546 -9.17103889319457 -9.419003778252478 -9.62895727973265 -9.655387069876546 -9.730518945229422 -9.812777955003124 -9.837128997607612 -9.906321594276466 -9.982641325366146 -10.200315889135545 -10.137062571150713 -10.194673574385725 -10.233575849766067 -10.026591987627908 -9.649744755126726 -9.35961099141226 -9.712107181308955 -10.331276984118226
0.31131648978042037 0.8865356303279306 1.5680678593194308 2.1735773211554523 2.4215422062133616 2.5643818585640856 1.9861930786745647 1.1169796432679755 0.43544741427647526 -0.3028049261474335 -0.9053447486414439 -1.4054320138360783 -1.6349851349735207 -1.7306075217862715 -1.844938636453691 -1.5559927284760309 -1.5381748924239655 -3.2032516714894745 -6.187739210210424 -6.716928940956765 -7.081303688221502 -7.467950730551321 -7.97486816623258 -8.406356762626764 -8.800130939377407 -9.217959194798341 -9.515814020802033 -9.742397502597466 -9.86355878775151 -9.92889085327575 -9.846037915633644 -9.861480040212102 -9.814559738608331 -9.894740000842624 -9.933939240157168 -9.728737161624215 -9.84188042055483 -9.55293451257717 -9.553825404379772 -9.371192584846103 -9.085216316210454 -9.285370007861989 -9.884940191013989
0.05830321784109138 0.5203790994579869 1.329902784090157 2.0348951638835437 2.5260735110521457 2.6686161994686683 2.651095327350804 1.858201623033895 0.8503060303553971 0.03603092277600961 -0.8997024338916226 -1.5518352333972154 -1.6964566693531462 -2.0020325576460674 -2.1154727805108835 -1.8410781053090766 -1.7813883545346578 -3.295013527157611 -6.310682278969675 -6.848780927742049 -7.0821945800241055 -7.460229668262093 -7.776496258186253 -8.208281818514637 -8.627297929672373 -9.07838614572383 -9.47097246673767 -9.712998073111557 -9.924139430328532 -9.966902236853489 -9.862370932014706 -9.715076820650964 -9.668156519047193 -9.73259769276883 -9.719828243598183 -9.40059201433201 -9.230728643968988 -8.085041785821184 -9.35367171272824 -9.283291260322581 -9.35961099141226 -9.559764683063795 -9.69458630919109
-0.009107595222555886 0.19698537511300085 1.017496725310611 1.9000735377562492 2.3689795898597694 2.594672179852597 2.636544094574951 2.3894701013196444 1.267243393973727 0.6044198928368951 -0.82249181099934 -1.6712147349460533 -1.9797602625809856 -2.316517363965021 -2.1790230624299167 -1.86928967905818 -1.9952023871594422 -3.553966077780961 -6.465994416556844 -6.7882002851650265 -7.0207230456444805 -7.416279006000331 -7.681764763176105 -7.979619589179798 -8.37517554953565 -8.792112913153979 -9.25597057837608 -9.587085365010296 -9.949381364735626 -9.927999961473146 -9.846037915633644 -9.691616669849079 -9.916121404105102 -10.053912669574409 -9.79792975829307 -9.572534132234441 -8.409326401968775 -6.126267675830798 -8.649570224737456 -10.183685908820284 -10.178934485873068 -10.019761817141283 -10.118353843296045
-0.12017210661376332 -0.27548424420093287 0.6492614469012601 1.661017570724372 2.3464103308604862 2.569133281511303 2.6891067109285434 2.6071446650890433 1.655969183842953 0.8200157090668867 -1.112625574713804 -2.1816957378377264 -2.459060052381544 -2.542209953957849 -2.239603705006939 -1.7442678627595214 -1.8850287675708381 -3.6944300186580765 -6.54914431813315 -6.74543747864007 -6.960142403067458 -7.301947891332912 -7.616432697651865 -7.948438376088683 -8.255202120118408 -8.582159411673809 -9.072446867039808 -9.366441161898885 -9.889988577895407 -9.963932597511478 -9.929781745078353 -9.956211535222248 -10.252284577620735 -10.581320616715544 -10.358597666064725 -10.002240945023418 -8.431004769165455 -6.4161044756110615 -9.555013260116578 -11.112589095001292 -10.9513376787301 -10.749105239539158 -10.49341929219202
-0.5979870767433164 -0.9688950305604767 0.2020337619944188 1.7322889149326333 2.539733852025396 2.5495336618540314 2.5094435307368848 2.669804055205473 2.2204976227592246 0.9872064040220998 -1.0110639092170315 -1.788218525021283 -1.8360297184276582 -2.011832367474703 -2.0548921379338614 -1.7267469906416575 -1.86928967905818 -3.642758294107087 -6.913222101463685 -7.045964980051572 -7.056952645617013 -7.346789445397276 -7.630983930427719 -7.875088284341015 -8.137901366108979 -8.428926021626047 -8.891892795045544 -9.295169817690624 -9.809808315661112 -9.865340571356716 -9.939581554906988 -10.149535056387158 -10.43877792829902 -10.681694426475511 -10.616362360951271 -10.109444925270012 -9.52264419128866 -8.926934539281273 -10.665361410094452 -10.941537868901465 -10.814734268997599 -10.639822511753158 -10.15547433507118
0.45890756507836183 0.6249104042967701 1.1306399842412258 2.0417253343701685 2.8025469337933595 2.859267045225768 2.5409217077622 2.3063201997433396 2.0438040819095757 0.9753278466540563 -0.6339197127816476 -1.2492289844463054 -1.5188722367008944 -1.9191796200039635 -2.118442419852894 -1.948579049489871 -2.250294406638178 -3.9171529693088933 -7.010032344013241 -7.156435563574378 -7.014783766960458 -7.4299393469735815 -7.668104422202855 -7.836186008960672 -8.183930775910147 -8.580377628068602 -8.905553136018796 -9.518783660144045 -9.84188042055483 -9.95324189588024 -9.975811154879523 -10.178043594070463 -10.29118685300108 -10.303065410369122 -10.254957253028547 -9.77357871568858 -9.56956449289243 -10.017683069601876 -10.355628026722716 -10.026591987627908 -9.752197312426102 -9.372380440582909 -8.704211588630457
0.6492614469012601 1.2948610398544282 1.7596095968791339 2.2870175440202685 2.866988107514996 3.0329909467334053 2.6015023503392225 2.096366698263169 1.7830697476810196 0.9557282269967846 -0.06077931977354556 -0.47860757519447805 -0.982555371533727 -1.6465667284073633 -1.865429147913566 -1.9456094101478603 -2.5704215277069524 -3.6154376121605862 -6.256931806879278 -7.179895714376263 -7.156435563574378 -7.304026638872319 -7.464090199406707 -7.673152809084273 -8.098702126794436 -8.61244973296232 -8.92604364747867 -9.410391824160648 -9.537195424064512 -9.595994283036328 -9.534522748656702 -9.62895727973265 -9.786348164859227 -9.82257776483176 -9.651526538731932 -9.224789365284966 -8.9337647097679 -8.979794119569068 -8.582159411673809 -8.01584918915233 -7.465871983011914 -7.184647137323481 -6.847890035939446
0.5331485486286338 0.9441466335629416 1.5309473675442948 1.8338505804294059 2.373731012806987 2.9088600222373495 2.6911854584679515 1.9725327377013144 1.324854397208738 0.7879436041731687 0.42178707330322496 0.13165330958876087 -0.5011768341937612 -1.300900708997295 -1.8155392069677831 -1.9396701314638385 -2.3468076852535322 -2.907475593025189 -4.29221841820487 -6.084098797174244 -6.862441268715299 -7.097933668536763 -7.364310317515141 -7.8391556483026825 -8.280444054525502 -8.65640039522408 -8.913274198308024 -9.096797909644296 -9.25300093903407 -9.176978171878591 -9.1253064473276 -9.179056919417999 -9.240528453797623 -9.238449706258216 -8.861602473757033 -8.392696421653513 -7.887857733511661 -7.272548461847004 -6.736528560614037 -6.002136751334743 -5.440577951760482 -5.234484981424926 -4.9387089029606415
0.5358212240364439 0.5331485486286338 0.8152642861196693 1.1921115186208517 1.7869302788256336 2.3446285472552795 2.7018761600991903 2.0749852950006904 1.1766693940423947 0.8348639057769409 0.6296618272439876 0.3808060503834749 -0.3616037851192484 -1.5001635088462262 -2.0225230691059424 -2.2200040853496668 -2.585269724417007 -2.5567611867337026 -3.3000619140390297 -4.547013473749404 -6.662287577063765 -7.096745812799959 -7.549912776390821 -8.016740080954934 -8.290243864354137 -8.553947837924705 -8.837251431152545 -8.943564519596535 -9.042156545751297 -8.831312152468522 -8.773701149233512 -8.57443834938458 -8.603837778870489 -8.379036080680264 -8.003079739981684 -7.5977239697971966 -6.903422291635049 -6.114389118462754 -5.456317040273141 -4.781318017834064 -4.29221841820487 -4.0715742150934595 -3.9073531594802575
