static/data/ASCData/20210110/ASCV/12.asc
ncols 97
nrows 97
xllcorner 99.0
yllcorner 2.0
cellsize 0.25
NODATA_value -32767
[rows 0 to 18 of 97, columns 0 to 42 of 97]
0.12678584179626373 0.6483657674157985 1.712808803867854 2.063271920374995 1.7548076226881424 1.4443568943814116 1.6804583623441172 2.3408046555523105 2.277238875716197 0.9531409796657337 -0.33889025066383294 -0.3604572116796567 0.09557050348388696 0.6756082444884184 0.631622995048251 0.4755463034863663 0.25193097084861105 -0.16408435611452177 -1.050032412580348 -1.7404589408895585 -1.688527968969877 -1.0488973093689888 -0.5088719565648674 -0.5128448178046243 -0.5664784445413447 -1.0480459819604695 -1.7872819483581242 -2.7129586172215214 -3.368196945978598 -3.4865314557627904 -3.617352100871934 -3.6153656702520554 -3.5217196553149246 -3.4865314557627904 -3.4045202487420907 -3.084137367335967 -2.4413851739038415 -2.0917733848052196 -2.216067186449048 -2.6701084709927128 -3.228579250981421 -3.6193385314918123 -3.588974520587955
0.05953097652323347 0.6855403975878112 1.9579910975214325 2.4480719090257512 2.2440371067839413 2.2908601142525074 2.743198743979133 2.6220264761665426 2.6208913729551835 2.4724766280699733 2.867208769820122 3.144457729194597 2.7752654097000296 1.8288731072293283 0.9287362606215117 0.2587415901167667 0.02434277697109888 -0.5332766756090894 -1.9240618853269034 -1.8448884363346014 -1.0156955404367336 -0.6076259359531146 -1.0108713517884569 -1.6445427195297095 -1.5889226621731103 -1.6388672034729135 -1.780471329089969 -2.3341179204304003 -3.033341498627645 -3.319387507890154 -3.364224084738841 -3.3917503376143 -3.334143849637823 -3.48738278317131 -3.680634104905207 -3.431762725814711 -3.0401521178957998 -2.8213609739063212 -2.5285043453756573 -2.469762754187821 -2.7589302972815672 -2.882940323122556 -2.829306696385835
0.374805893478241 1.1679592624154553 1.9324512752658514 2.3924518516691524 2.2908601142525074 2.24602353740382 2.862100805369006 3.2420766053714853 3.151268348462752 3.511663618069286 3.965704902612951 3.8524783572798755 2.919707293345483 2.3308725024529178 1.585961019998467 0.6980265329127624 -0.3644300729194141 -1.2892554143742916 -2.021680761503791 -0.8976448064553804 -0.24921709696645866 -0.5537085334135541 -1.280458364486258 -2.391724408406878 -2.6457037519484907 -2.8381037462738687 -2.5049509537399546 -2.6621627485131985 -2.488491957175247 -2.47089785739918 -2.447344465763477 -2.4913297152036447 -2.6601763178933204 -3.3381167108775798 -3.698228204681274 -3.6846069661449645 -3.4990175910877412 -3.4297762951948325 -3.065408164348541 -2.9161420920548116 -2.8224960771176804 -2.810577493398409 -2.7677273471696004
1.1551893512876648 1.3867504064049339 1.9568559943100734 2.172809380271154 2.1092436004350414 2.327183417016 2.763630601783598 2.8288990364367503 2.7020512525673634 3.0576223335256216 3.5505409030583372 3.481299607165429 1.8016306301567084 2.248861295432218 1.558434767123007 0.3867244771975118 -0.7549055776269658 -1.185677246337768 -1.1357327050379649 -0.15727373684636703 -0.3281067701559208 -0.6096123665729931 -1.3936849098193345 -2.300916151498145 -2.757795194070208 -3.058597545080386 -2.7061479979533662 -2.2081214639695337 -1.9697497895841094 -1.7784848984700905 -1.929737401383699 -2.1621497839094874 -2.4152778000425807 -3.0429898759241976 -3.494193402439465 -3.5586105096840974 -3.5722317482204073 -3.4541810142390545 -3.0393007904872804 -2.6593249904848006 -2.5373013952636905 -2.9161420920548116 -2.9413981385075525
1.452018841058086 1.561556300954245 2.0272323934143417 2.2187810603312004 2.172809380271154 2.4160052433048547 2.4120323820650977 2.3944382822890304 2.2919952174638665 2.6004595151507184 3.0877025686266393 3.408085450032763 1.816386971904377 2.274401117687799 1.8776825453177715 0.6980265329127624 -0.3732271228074473 -0.6916235735936924 -0.15642240943784724 0.1571498527001216 -0.06646547993763363 -0.661259562689835 -1.4365350560481427 -1.96889846217559 -2.3505769169951085 -2.47089785739918 -2.286159809750476 -1.8213350446988992 -1.8664553973504256 -1.703284310717546 -1.906467785550836 -2.2665792793545303 -2.4765733734559756 -2.5089238149797115 -2.93089843380248 -3.108542086380189 -3.1017314671120344 -2.796956254862099 -2.3301450591906434 -1.9776955120636237 -2.5841244027322565 -3.114501378239825 -3.1221633249164995
1.2400383163367623 1.9108843142500271 2.324061883184762 1.9091816594329885 1.8632099793729422 2.1855792913989447 2.1600394691433635 2.065258350994873 2.0516371124585637 2.3612365133567748 2.821237089760076 3.2293066942436948 2.408059520825341 2.6308235260545763 2.2656040677997655 1.3535486374726782 0.2800247753297507 -0.07526252982566728 0.1395557529240543 0.08081416173621747 -0.2568790436431332 -0.8525244538038539 -1.1192737084732571 -1.597719712061144 -1.9141297322275106 -1.9649256009358331 -1.8681580521674643 -2.0773008188603903 -2.123272498920436 -2.0021002311078457 -2.1161781038494416 -2.411304938802824 -2.3233344399224887 -2.3565362088547444 -2.3029025821180236 -2.4657898929480635 -2.174919695037278 -1.703284310717546 -1.3516860909990456 -1.954142120427921 -2.5625574417164323 -3.117339136268223 -3.0781780754763317
1.121987582355409 2.1580530385234846 1.8563993601047875 1.4199521753371895 1.346454242401684 1.6943633766832669 2.1648636577916403 1.943234755773764 1.9792742827344165 1.8836418371774073 2.3132784026768505 2.6992134945389656 2.46282825077342 2.712834733075276 2.4267887238127663 1.5516241478548523 0.7079586860121552 0.31237521685348657 -0.08207314909382202 -0.3204448234792463 -0.5596678252731899 -0.9561026218403774 -1.1865285737462874 -1.1533268048140317 -1.3409026104911335 -1.46775039436052 -1.6076518651605367 -1.8244565785301368 -1.9825197007119 -1.8789415326753764 -1.7705391759905766 -2.2773627598624424 -2.098867779876214 -2.1153267764409223 -2.0469368079565324 -2.058571615872964 -1.6076518651605367 -1.2061091041422327 -1.4660477395434812 -2.1105025877926455 -2.6689733677813536 -3.084137367335967 -3.011774537611821
1.301617665552997 1.789995822240277 1.3084282848211517 1.0927586746629112 1.0887858134231543 1.429600552633742 2.2380778149243064 2.3652093745965326 2.295684302900783 2.09760879251861 1.9568559943100734 1.945221186393642 2.269293153236683 2.305616456000176 2.075190504094266 1.3944123530816084 0.5984212261159954 0.10039469213216279 -0.1865026445388649 -0.36130853908817606 -0.9004825644837786 -1.3593480376757197 -1.6436913921211902 -1.402481959707368 -0.8136471688148026 -0.54604658673688 -0.7852695885308232 -0.906441856343414 -1.0957203168375544 -0.6592731320699565 -0.34484954252346833 -1.4092925789755228 -1.9132784048189913 -1.9708848927954685 -2.0957462460449765 -2.1105025877926455 -1.9629391703159547 -1.880927963295255 -2.146542114753299 -2.7177828058697977 -3.271713173013069 -3.4385733450828657 -3.362521429921802
1.2596188467327076 1.4471946524098094 1.3884530612219725 1.3359545376966118 1.20314746196759 1.2048501167846286 2.4736117312813324 1.7488483308285065 1.9364241365056083 2.0419887351620103 2.018435343526308 1.8563993601047875 2.0800146927425427 1.8220624879611726 1.9188300367295419 1.1560406786961845 0.19716224090053203 -0.40160470309142626 -0.15642240943784724 -0.46403537971618025 -1.1416919968976003 -1.7960789982461578 -2.188540933573588 -2.218904944477446 -1.6777444884619648 -1.272512642006744 -1.2705262113868652 -1.0781262170614871 -0.5449114835255209 0.32996931662955387 0.8328200392616631 -0.22963656657051335 -1.0713155977933324 -1.5097492131808088 -1.7696878485820573 -1.958114981667678 -2.1349073068368676 -2.3721438780109327 -2.489343284583766 -2.9777214412710458 -3.526543843963201 -3.7629290877287467 -3.8858040103583757
1.2655781385923435 1.2820371351570516 1.6855663267952332 1.3816424419538178 1.0155716562904882 1.399236541729885 1.9196813641380608 2.244888434192461 1.967639474817986 1.9364241365056083 2.140458938747418 2.0272323934143417 0.7519439354523225 0.5896241762279626 1.5448135285866975 1.6523645578629784 1.1171633937071332 0.7431468855642889 0.6083533792153881 0.06435516517151019 -0.3457008699319877 -0.8457138345356987 -1.2813096918947773 -1.5588424270720926 -2.0645309077325997 -2.1445556841334206 -2.1309344455971106 -1.9209403514956653 -1.531316174196633 -1.0508837399888673 -0.6201120712780654 -0.959224155671615 -0.9416300558955482 -1.1357327050379649 -1.5753014236368004 -2.1065297265528886 -2.787307877565546 -2.6681220403728343 -2.3085780981748196 -2.5441120145318457 -3.2158093398536303 -3.7725774650252992 -3.800955045309278
1.7499834340398657 1.5700695750394384 1.4452082217899314 1.1092176712276185 1.125960443595167 1.9188300367295419 1.9540182362816756 1.7556589500966622 1.8339810716804443 2.091649500658974 2.4267887238127663 2.2556719147003728 1.6083793084228102 1.431586983253621 1.508774001626044 1.3075769574126328 1.2176200279124192 1.735227092292197 1.4979905211181324 0.9363982072981862 0.8739675306734327 0.46674925359833264 0.010721538434789402 -0.2568790436431332 -0.7676754887547563 -1.3848878599313008 -1.9649256009358331 -2.341779867107075 -2.300916151498145 -2.44337160452372 -2.446493138354958 -2.190527364193467 -1.6544748726291023 -1.4189409562720758 -1.5253568823369972 -2.1837167449253116 -2.8661975507550084 -2.262890193917613 -1.829280767178413 -2.5069373843598335 -3.544137943739268 -3.935748551658179 -3.240214058897852
1.688404084823632 1.5243816707822324 1.120001151735531 0.941222395946463 1.4012229723497631 2.122864838971351 1.6708099850475646 1.2704023272406202 1.4656400795943956 1.8027657333680676 2.0380158739222534 1.992044193862207 2.0856902087993383 2.0360294433023753 1.3211981959489423 0.9276011574101526 0.7235663551683436 1.040827702743229 0.6815675363480542 0.39637285449406523 0.5439362719707557 0.7607409853403562 0.5371256527026009 0.41879114291840835 0.11515103387983228 -0.34768730055186614 -1.055707928637144 -1.5792742848765577 -2.315672493245814 -2.908196369575297 -2.6865674675574205 -2.5889485913805323 -2.4657898929480635 -2.325320870542367 -2.3077267707663003 -2.252106713409701 -2.4561415156515105 -1.978546839472143 -2.0253698469407087 -2.800929116101856 -3.642608147324675 -3.5918122786163527 -2.607394018565119
1.0771510055067228 0.7763486544965446 0.9295875880300315 1.0252200335870407 1.3572377229095958 1.8632099793729422 1.580853055547351 1.4480459798183292 1.3895881644333317 1.7028766507684612 1.6716613124560835 1.5516241478548523 1.4208035027457093 1.196053066896595 0.9315740186499095 1.0419628059545882 0.9460465845947397 0.42361533156668507 0.40119704314234106 0.28711917040074564 0.28995692842914345 0.4755463034863663 0.33082064403807276 0.1736088492648289 0.3367799358977086 0.03399115426765231 -0.6496247547734035 -0.7844182611223038 -1.3681450875637533 -2.1621497839094874 -2.306875443357781 -2.5040996263314352 -2.778510827677513 -2.6865674675574205 -2.493316145823523 -2.346887831558191 -2.1553391646413327 -1.999262473079448 -2.166122645149245 -2.8605220346982123 -3.5762046094601643 -3.366210515358719 -2.780497258297391
0.4471687232023873 0.18155457174434364 0.8152259394855959 0.994004695274664 1.2556459854929507 1.635621785495431 1.4304518800422619 1.481247748750584 1.095596432691309 0.9111421608454453 1.1883911202199204 1.176756312303489 1.0848129521833965 0.7567681241005992 0.41112919624173383 0.27151150124455725 0.06236873455163128 -0.12407196791411135 0.3163480780932435 0.6991616361241215 0.6523386286555564 0.45483066987906184 0.36231975815328976 0.14636637219220905 0.16112271393987854 -0.13882830966177995 -0.676015904437504 -0.5381008642573657 -0.48162947949224755 -1.2920931724026894 -1.8585096748709118 -2.352563347614987 -2.5253828115444197 -2.5880972639720135 -2.49728900706328 -2.4325881240158083 -2.286159809750476 -2.2257155637456005 -2.5285043453756573 -3.2529839700256424 -3.544989271147787 -3.443397533731142 -3.1309603748045327
0.4256017621865631 0.39921061252246304 0.684405294376452 0.8084153202174411 1.3387922957250096 1.4540052716779641 1.1776076397120088 1.0115987950507312 0.5359905494912418 0.20879704881696348 0.225539821184511 0.5984212261159954 0.840765761741177 0.5879215214109239 0.2644171061735623 -0.25120352758633757 -0.5812347862890141 -0.7092176733697597 -0.0244666611173443 0.39722418190258413 0.6395687175277658 0.5252070689833301 0.605231845384151 0.41595338489001055 0.3563604662936539 0.0115728658433083 -0.40046959988006714 -0.5920182667969258 -0.5800996830776546 -0.8264170799425932 -1.5673557011572865 -2.034166896828742 -2.206135033349655 -2.310564528794698 -2.3224831125139693 -2.4533037576231127 -2.599732071888445 -2.5957592106486875 -2.978572768679565 -3.526543843963201 -3.662188677720621 -3.5421515131193893 -3.261781019913676
0.763578743368754 1.1004206213395857 0.8796430467302283 1.1795940703318868 1.1912288782483182 1.250821796844674 0.9031964383659306 0.5419498413508776 0.11316460325995337 -0.15443597881796922 -0.16919232056563782 -0.24921709696645866 -0.05000648337292546 0.15119056084048577 0.29478111707742016 -0.3360524926354347 -0.2968914318435436 -0.452116795996909 -0.7892424497705806 -0.636854843645613 0.035126257479011436 0.28995692842914345 0.43638524269447565 0.9159663494937211 0.8739675306734327 0.6043805179756312 0.227526251804389 -0.6553002708301991 -0.8896990839758665 -1.0381138288610767 -1.4189409562720758 -1.834956283235209 -2.1632848871208465 -2.2665792793545303 -2.386900219758602 -2.582989299520897 -2.7413361975055004 -2.928912003182602 -3.4189928146869204 -3.6457296811559132 -3.774563895645178 -3.585001659348198 -3.312576888621999
1.020395844938764 1.4372624993104166 1.6404459741437067 1.665985796399288 1.5476512866150953 1.352413534261319 0.9207905381419978 0.37792742730947815 -0.1708949753826765 -0.3096613429713342 -0.3720920195960882 -0.5108583871847459 -0.6584218046614372 -0.6008153166849595 -0.31051267037985397 -0.40841532235958145 -0.2052318475262913 -0.03439881421673707 -0.3544979198200213 -0.906441856343414 -0.6212471744894246 -0.2960401044350247 0.07513864567942186 0.6679462978117447 0.9520058764543746 0.7539303660722014 0.5379769801111207 -0.4356577994322013 -0.7685268161632757 -1.4033332871158875 -1.8000518594859147 -2.132920876216989 -2.386900219758602 -2.531342103404055 -2.7413361975055004 -2.803766874130254 -2.8449143655420235 -3.0009910571039087 -3.450208152999297 -3.631824666816763 -3.7765503262650566 -3.5461243743591466 -3.3321574190179444
1.1171633937071332 1.457978132917722 1.8212111605526538 1.3143875766807875 1.278348049720134 1.3612105841493527 0.8132395088657169 0.17871681371594494 -0.3144855316196109 -0.34002535387519206 -0.555694964033433 -0.7197173780748316 -0.7188660506663123 -0.670907939986388 -0.45325189920826814 -0.3408766812837114 -0.20125898628653438 0.07911150691917879 0.3416041245459853 0.006748677195032471 -0.6036530747133573 -0.47481886022409237 -0.1524495481980903 0.22156695994475406 0.47157344224660935 0.46873568421821155 0.3728194628583621 0.14352861416381124 -0.10250500689828712 -1.070464270384813 -1.972871323415347 -2.4093185081829454 -2.5245314841359 -2.8125639240182876 -2.575327352844223 -2.467776323567942 -2.7081344285732447 -3.537327324471113 -3.9218435373190292 -4.094946777051302 -3.9482346869831297 -3.6545267310439464 -3.680634104905207
1.0604082331391753 1.6932282734719077 1.814400541284499 1.3407787263448876 1.1699456930353342 1.1375952515115983 0.7363362662961341 -0.0028997001015209634 -0.06845191055751254 -0.011696749989553723 -0.10647786813804405 -0.23446075521879006 -0.2756082466305596 -0.2600005774743712 -0.39564541123179087 -0.632881982405856 -0.6544489434216798 -0.2716353853908027 0.4091427656218558 0.893548061069378 0.26952507062467834 -0.4992235792683144 -0.6504760821819229 -0.5361144336374872 -0.291215915786748 0.0115728658433083 0.2987539783171771 0.8348064698815412 0.5467740299991535 -0.3771999840472047 -1.3057144109389993 -1.7696878485820573 -1.733364545818564 -1.7980654288660363 -1.7628772293139021 -2.478559804075854 -4.4814494205190964 -6.377071783488898 -6.810681210228098 -6.525486528374108 -5.523474168546808 -4.385816974962087 -4.600635257711809
