static/data/ASCData/20210110/ASCV/15.asc
ncols 97
nrows 97
xllcorner 99.0
yllcorner 2.0
cellsize 0.25
NODATA_value -32767
[rows 0 to 18 of 97, columns 42 to 83 of 97]
-3.672149084016474 -2.6670438317008465 -2.10662532117943 -2.219841181890827 -2.3906084384638513 -2.036179896736783 -1.5185318224841162 -2.038066827748639 -2.225816463428373 -2.267643434191195 -2.4503612538393114 -2.7277401125822345 -2.3663928238116916 -2.4931316901080613 -2.2695303652030514 -1.6562777863496496 -1.3505949624288767 -1.8194973188752472 -2.231477256463943 -2.0537912528474442 -2.861397725922078 -3.2931904391352687 -2.941592293925985 -2.167007113558842 -1.8732748527131609 -2.297834330380901 -2.4601103974005705 -2.1037949246616447 -1.5138144949544747 -1.075417523199786 -0.8672261348916055 -1.165990211768904 -1.157499022215549 -1.1213328444882973 -0.8458409167572305 -0.19139034414495892 0.3268867071116599 -0.6065151667534154 -0.6750736601842062 -1.642754780764677 -4.818459673719372 -9.420998900139647
-2.793153720993264 -1.9893211099423431 -1.5480937416698697 -1.6896135675591166 -2.0481304598118744 -2.0078759315589334 -1.8946600708475358 -1.7295536073100815 -2.030519103701213 -1.9298827830688596 -1.8742183182190892 -2.1094557176972146 -2.374255036361094 -2.1846184696695037 -1.8770487147368744 -1.3996551687371488 -1.2619092048716154 -1.6631965333931236 -1.673889142460311 -1.8566069621084273 -2.8242880826888985 -3.239412905297355 -2.820514220665185 -2.0783213560015805 -1.806917778796203 -2.3516118642188144 -2.4123081451002024 -2.071402608958106 -1.7304970728160098 -1.564447143772627 -0.9971098862077361 -0.835148307690043 -1.28738277353168 -1.4053159617727187 -1.0958592758282326 -0.8332613766781862 -0.9757246680733611 -1.4581500301047043 -1.6836382860215706 -3.0460024765820513 -6.467951866584035 -10.699394660672509
-3.084999050827088 -1.9081830764325085 -1.615394281092756 -2.2148093658592094 -2.689687003843126 -2.380859294902592 -2.1993994292623804 -2.295003933863116 -2.7676801523331998 -2.504138787677225 -1.9651054952901834 -2.159144901009439 -2.787178439455718 -2.3185905715113235 -2.1075687866853583 -1.9081830764325085 -1.8037728937764421 -1.7053379926579217 -1.3867611401561288 -1.7276666762982251 -2.5909376142226295 -3.030278051483246 -2.7736554338707453 -2.1270670738078765 -1.8867978582981335 -2.541248430910405 -2.310728358961921 -1.860380824132141 -1.5713658908161015 -1.4072028927845754 -1.1222763099942257 -1.1074953504013485 -1.1288805685357235 -1.1056084193894922 -0.965975524512102 -1.0791913852234991 -1.511927563942618 -1.6163377465986843 -3.030278051483246 -6.481474872169008 -10.146523874198518 -11.814570888679771
-3.6447885843445524 -2.328339715072583 -2.6767929752621056 -3.1796600899218954 -2.972726655621619 -2.2931170028512593 -2.2333641874757997 -2.859510794910222 -3.268660335981133 -2.8975639036493304 -2.3780288983848075 -2.5969128957601755 -2.979645402665094 -2.346894536689173 -1.9289393175629312 -1.7411896818831973 -1.7861615376657802 -1.8352217439740524 -1.3222909972510273 -1.7081683891757065 -2.5255240058116 -3.0626703671867848 -2.861397725922078 -2.537160080384716 -2.262926106661553 -2.6865421188233647 -2.4308629667167927 -2.0324060347130692 -1.752196779452361 -1.4043724962667903 -1.2666265324012569 -1.1534106716898598 -1.1584424877214774 -0.9335832088085634 -0.8115616700418351 -1.271658348432875 -1.60941899955521 -2.566407511068493 -6.661362295299338 -9.865371153431882 -11.37806084793694 -12.01490006443855
-4.2492354851426235 -3.299794697676767 -3.455152017652962 -3.2501055143645425 -2.999143689787612 -2.334943973614081 -2.414195076112059 -3.206077124087888 -3.1739992968863255 -2.8154824046335674 -2.511686511724651 -2.7217648310446885 -2.968952793597906 -2.6786799062739624 -2.2295903254520866 -1.9405753921360471 -1.98554724791863 -2.0195120061320493 -1.4443125360177556 -1.936801530112334 -2.604460619807602 -3.136889653653145 -3.2714907324989175 -3.0469459420879796 -2.6582381536455157 -2.558859787021067 -2.4053893980567285 -2.4267746161911035 -2.1484522919422515 -1.5518676036935832 -1.260022273859759 -0.9228905997413759 -1.0118908458006133 -0.8036994574924328 -1.0392513454725343 -1.5295389200532798 -2.663269969677133 -4.666247238762937 -8.683837851507661 -11.086215518103117 -12.521541041122052 -12.02464920799981
-4.563723987118728 -4.119351733826493 -3.658311589929525 -3.4532650866411054 -2.9472530869615547 -2.398470651013254 -2.662326504171205 -3.600760194067898 -3.3859645472182196 -2.6006867577838886 -2.2968908648749724 -2.414195076112059 -2.7189344345269033 -2.8271184792066832 -2.6006867577838886 -2.3116718244678496 -2.3720536168472615 -2.383060714416425 -2.0195120061320493 -2.4123081451002024 -2.965807908578145 -3.1387765846650018 -3.274635617518679 -3.399487552803192 -2.96297751206036 -2.6651569006889897 -2.535273149372859 -2.556658367507234 -2.063540396408704 -1.4628673576343458 -0.9103110596623316 -0.26560963061131915 -0.3517794801527714 -0.8389221697137561 -1.0744740576938576 -3.350741834996896 -5.48360285539883 -7.590990307140701 -10.08111026578749 -12.48851974841456 -12.706145791782028 -12.188497717529359
-4.537306952952735 -4.587939601770888 -3.873107236779204 -3.265829939463348 -2.7393761871553504 -2.523637074799743 -2.830263364226444 -3.769640519629066 -3.0519777581195973 -2.262926106661553 -2.228646859946158 -2.28902865232557 -2.4582234663887137 -2.8057332610723082 -2.604460619807602 -2.4981635061396785 -2.5714393271001112 -2.8742917545030986 -2.7551006122541555 -2.8242880826888985 -2.838125576775847 -3.0236737929417483 -3.191610652996987 -3.412381581384212 -3.048832873099836 -2.9472530869615547 -2.7745988993766737 -2.172982395096388 -1.6408678497528202 -1.0879970632788303 -0.5624867764767609 0.06240187694975674 0.13756462892204535 -0.4395217722041047 -2.9123448632422075 -5.806897035430265 -8.815608533835649 -10.328298228340707 -12.108617638027429 -12.565569431398707 -12.736336687971733 -12.153589493810012
-4.537306952952735 -4.414027460178102 -3.487544333356501 -2.9485110409694593 -3.0126666953725847 -2.9161187252659206 -3.1164479010246984 -3.4708764427517673 -2.697234727890552 -2.297834330380901 -2.3975271855073257 -2.738432721649422 -2.611379366851076 -2.787178439455718 -2.7032100094280986 -2.6025736887957454 -2.726796647076306 -3.1796600899218954 -2.9551152995109575 -2.613266297862933 -2.775542364882602 -3.127140510091886 -3.3029395826965278 -3.0469459420879796 -2.8214576861711134 -3.0626703671867848 -2.7003796129103135 -2.0000137190095306 -1.412234708816193 -0.8722579509232231 -0.6486566260182136 -0.5558825179352631 -0.5675185925083785 -2.6428282170486863 -5.39082874731588 -8.08505174374516 -10.606620552589558 -11.582163885719432 -12.302028066742732 -12.64356257988878 -12.187554252023432 -11.468004559502106
-4.666247238762937 -3.7158629857911523 -2.8623411914280066 -2.709185290965644 -3.0246172584476763 -3.4523216211351775 -3.5988732630560416 -3.296020835653054 -2.747238399704753 -2.3692232203294763 -2.4453294378076933 -2.8761786855149554 -3.053864689131454 -3.0450590110761233 -3.1972714460325573 -3.3359608754040186 -3.4287349834869696 -3.296964301158982 -2.7764858303885305 -2.5890506832107727 -3.1856353714594414 -3.426848052475113 -3.1192782975424835 -2.591881079728558 -2.662326504171205 -2.783404577432005 -2.30758347394216 -1.7304970728160098 -1.299018848104796 -1.1552976027017166 -0.7159571654410994 -0.8848374910022674 -2.6104359013451477 -5.291135892189455 -7.893528246041713 -9.99242450823023 -11.062628880454909 -11.976532467197465 -12.62029043074255 -12.42499307101539 -11.730602458652154 -10.403460980312996
-4.310560743027964 -2.6855986533174363 -1.8418260025155506 -1.909441030440413 -2.5255240058116 -3.112359550499009 -3.11550443551877 -2.956058765016886 -2.6104359013451477 -2.3418627206575553 -2.380859294902592 -2.750068796222538 -3.13972005017093 -3.582205372451308 -3.9718566263997004 -4.009909735138809 -3.6847286240955177 -3.1466387972144045 -2.6494324755901846 -2.946309621455627 -3.517735229546207 -3.7023399802061796 -3.420872770937567 -3.006062436831086 -3.0283911204713894 -2.546909223945975 -2.0207699601399534 -1.6886701020531882 -1.3468211004051636 -0.9562263809508429 -1.2707148829269466 -2.499106971645607 -5.211884789691477 -7.747291092622824 -9.383889256906468 -10.299050797656928 -11.468948025008036 -12.522484506627983 -12.731619360442089 -12.087861396897006 -10.826448015470856 -9.000213284495622
-3.415211977901997 -1.6446417117765337 -0.9191167377176628 -1.1974390619665143 -2.0273742186814516 -2.6035171543016737 -2.5909376142226295 -2.5714393271001112 -2.358530611262289 -2.444385972301765 -2.6280472574558096 -2.7236517620565452 -2.783404577432005 -3.4932051263920707 -4.017771947688211 -4.142623882972725 -3.8466902026132113 -3.224631945704478 -2.5849623326850835 -3.0548081546373824 -3.6535942623998836 -3.7334743419018137 -3.3623779095700117 -2.9308996848587974 -2.911401397736279 -2.3818027604085206 -1.679864423997857 -1.157499022215549 -1.272601813938803 -2.02265689115181 -4.00016059157755 -5.760981714141754 -7.6611212430813715 -8.856492039092542 -9.882982509542543 -10.81638438340762 -11.920868002347696 -12.541039328244572 -12.382851611750592 -11.551029524023797 -9.868201549949667 -7.621181203330407
-2.750068796222538 -2.1037949246616447 -1.7040800386500172 -1.9688793573138965 -2.5390470113965726 -2.585905798191012 -2.4189124036417007 -2.4289760357049364 -2.32613829555875 -2.267643434191195 -2.255063894112151 -2.4239442196733183 -2.896620438143402 -3.4950920574039275 -4.0517367059016305 -4.049849774889774 -3.6611419864473103 -3.135946188147217 -2.840012507787703 -3.2862716920917947 -3.6806402735698285 -3.579374975933523 -2.8371821112699185 -2.3126152899737775 -2.604460619807602 -2.5283544023293847 -1.887741323804062 -2.036179896736783 -2.634966004499284 -4.531331671415189 -6.414174332746121 -7.603569847219745 -8.52250524999392 -9.547108789432066 -10.243386332807159 -11.146597310482528 -11.816457819691628 -12.194472999066907 -11.757962958324073 -10.676751488530229 -9.042983720764372 -6.96390023420035
-3.060783436174928 -2.853535513372676 -2.8742917545030986 -3.048832873099836 -2.8098216115979975 -2.6642134351830613 -2.202229825780165 -1.9893211099423431 -1.9726532193376096 -2.173925860602316 -2.2519190090923895 -2.5928245452344862 -3.0195854424160586 -3.5255974420956093 -4.136963089937154 -4.070291527518221 -3.5900675850007104 -3.2384694397914267 -3.0900308668587058 -3.1280839755978143 -3.685672089601446 -3.5743431599019053 -2.840012507787703 -2.401615536033015 -2.620185044906407 -2.7032100094280986 -2.9425357594319133 -3.36332137507594 -5.215029674711238 -6.950377228615378 -7.850757809772962 -8.64358332325472 -9.500250002637625 -9.995254904748013 -10.63964184529705 -10.998158737549808 -11.334032457660285 -11.507001133747142 -10.683670235573704 -9.678879471760052 -8.603643283503754 -6.749104587350672
-3.6504493773801228 -3.589124119494782 -3.6633434059611427 -3.750142232506547 -3.4658446267201497 -3.082168654309303 -2.4248876851792467 -1.9132148924641261 -1.6613096023812672 -2.014794678602408 -2.425831150685175 -2.8242880826888985 -3.3224378698190464 -3.7627217725855915 -4.196401416810638 -3.7539160945302603 -3.622145412202273 -4.868148857031596 -3.7208948018227694 -3.491318195380214 -4.336034311688028 -5.1320047101895465 -4.488246746644463 -4.469691925027872 -4.457112384948828 -4.594858348814362 -4.866261926019739 -6.127989795947867 -7.446325596231693 -8.185688064377512 -8.860580389618232 -9.46188240539654 -10.021671938914006 -10.338990837407895 -10.617313161656746 -10.925826382095304 -10.77361394713887 -10.526425984585652 -9.658437719131605 -8.869386067673563 -7.462050021330498 -5.139866922738949
-4.044188981854204 -3.9482699887514925 -4.110546055771162 -4.109602590265234 -3.888831661878009 -3.557675269297172 -2.9787019371591654 -2.1993994292623804 -2.28336785929 -2.763906290309486 -2.861397725922078 -3.2167697331550755 -3.7844214792219426 -3.7960575537950585 -3.812725444399792 -4.013683597162522 -4.267790306759214 -6.146544617564457 -4.563723987118728 -4.332260449664315 -5.649652784442213 -6.802882121188585 -6.136795474003198 -6.53525240600692 -6.476757544639366 -6.865465333081829 -7.211088196753568 -7.610488594263219 -8.566533640270574 -8.88007867674075 -9.454334681349115 -9.81945583214337 -10.17388437387044 -10.429878014478987 -10.38301922768455 -10.4902598068584 -10.05689465113533 -9.163118328519243 -8.44262517049199 -6.695327053512758 -4.995202211829941 -2.644715148060543
-4.2158997039331565 -4.12123866483835 -4.236341456561603 -4.116206848806732 -4.060542383956961 -3.7208948018227694 -3.1897237219851307 -2.8915886221117844 -3.0195854424160586 -3.7658666576053523 -3.5196221605580633 -3.7394496234393597 -4.01871541319414 -3.973743557411557 -5.095838532462294 -5.421019643505586 -5.7600382486358255 -6.858546586038356 -5.49901279199566 -5.823250437533022 -7.142844191824754 -7.362357166204074 -6.608528226967353 -7.385000338346353 -7.551993732895664 -8.045111703994195 -8.341988849859636 -8.72755175328234 -9.179786219123976 -9.351811429704906 -9.775427441866716 -9.877007228004999 -10.267601947459319 -10.235524120257757 -10.153442621241993 -9.582017013151413 -8.863410786136015 -7.701375771334313 -6.267622690825257 -4.484472884620749 -2.7793162269063156 -0.3810269108365496
-4.143567348478653 -4.282256777850114 -4.392642242043727 -4.329115564644554 -4.3253417026208405 -3.756117514044093 -2.9485110409694593 -2.729627043594091 -3.379989265680673 -4.217786634945013 -4.071549481526125 -4.168097451632789 -4.469691925027872 -5.376047787723003 -6.73149323124001 -7.997309451693827 -8.279405637966391 -8.015864273310417 -7.353551488148742 -7.372106309765332 -7.417078165547915 -7.223667736832612 -7.286250948725856 -8.100776168843964 -8.285380919503938 -8.678806035476043 -8.946435750657708 -9.212178534827515 -9.6427132940328 -9.752155292720484 -10.040226760530595 -10.116332978008813 -9.95437139949112 -9.828261510198702 -9.163118328519243 -8.370292815037486 -7.167059806476914 -5.745257289042948 -4.1564613770596734 -2.825231548194827 -1.2345487051996944 -0.5499072363977171
-4.6797702443479094 -4.9200394598576525 -4.738265105715465 -4.704300347502046 -4.503027706237339 -3.5450957292181275 -2.7403196526612783 -2.9787019371591654 -3.7325308763958853 -4.944569563011789 -5.0820010383753464 -5.557822141865191 -7.292226230263402 -8.502063497365473 -8.856492039092542 -9.110598748689235 -8.59986942148004 -7.9347262398005824 -7.710181449389644 -7.665209593607061 -7.685651346235508 -7.91711488368992 -8.389791102160004 -8.687611713531375 -8.875046860709132 -9.251175109072552 -9.551826116961706 -9.836123722748106 -10.028590685957479 -10.04714550757407 -10.09966508740408 -9.794925728989234 -9.388921072938086 -8.685724782519518 -7.793206413911335 -6.670167973354669 -5.139866922738949 -3.970913160893772 -2.8702034039774094 -1.930826248574788 -1.5109840984366896 -1.327322813282645
-6.013830469730541 -5.944328510793822 -4.844876707885364 -4.473780275553562 -4.054881590921392 -3.270547266992989 -3.181861509435728 -4.529444740403332 -6.628026514089871 -8.111468777911153 -8.179712782839967 -8.173108524298469 -8.974739715835558 -9.300864292384777 -9.08418171452324 -8.716859144215153 -8.399540245721262 -8.014920807804488 -7.979698095583165 -8.059578175085095 -8.293243132053341 -8.622198105120344 -8.887940889290153 -9.074432570961982 -9.444585537787855 -9.671960724716579 -9.856565475376552 -9.981417410661065 -10.006890979321128 -9.986449226692681 -9.589879225700816 -8.884796004270392 -8.100776168843964 -7.208257800235783 -6.252212754228427 -5.3175529263554475 -3.986323097490601 -3.0255607239536046 -2.225816463428373 -1.8984339328712494 -2.012907747590551 -2.374255036361094
