static/data/ASCData/20210110/ASCV/18.asc
ncols 97
nrows 97
xllcorner 99.0
yllcorner 2.0
cellsize 0.25
NODATA_value -32767
[rows 76 to 94 of 97, columns 43 to 85 of 97]
-10.416610251625151 -10.72326962314408 -10.750666602528511 -10.879556937359819 -11.164734586406864 -11.406948790510139 -11.456761480300017 -11.402901509464712 -11.491941692464117 -11.376749847325026 -10.901972647765263 -10.862122495933361 -10.816045757877724 -10.728250892123068 -10.2653042063884 -9.786791055094394 -9.506594675026339 -9.23604950360507 -8.826028800772145 -8.158850086898982 -7.867757180939389 -7.689988144251766 -7.796462768677627 -7.77716035138405 -8.113084678154532 -7.415707021096257 -4.456833247577571 -2.7937120672180575 -1.6031887812400005 -1.5066766947721142 -2.2722354709802843 -2.7000019445508516 -2.5848100994117615 -3.012265243671142 -3.087606936978331 -3.1237211370759916 -3.152986092327544 -3.2361110184144013 -3.409832774056597 -3.3111413824104035 -3.207780051096409 -3.1196738560305644 -3.208714039029969
-9.985107826320341 -10.07196870414144 -10.245690459783635 -10.676570226466069 -10.900104671898141 -10.862122495933361 -10.918784430569346 -11.069156487872537 -11.152904072581768 -10.843442737262158 -10.45863970863536 -10.387345296373597 -10.238841214937526 -10.122715381864877 -9.576021111420978 -9.094394667015106 -8.714572907367295 -8.441225772145346 -8.260343442345857 -7.687186180451086 -6.9782893388789 -6.496662894473028 -6.593486310252102 -6.957741604340576 -7.263466987925945 -5.49760713487481 -2.530950128576457 -0.38340054001039103 0.7376963095730247 0.9064367962362327 0.5686444935986303 -0.14803558075322254 -1.1374401317046519 -1.5926035846596518 -2.2105922673653113 -2.2566690054209477 -2.6187449943311147 -2.796514031018738 -3.0016800470907934 -2.9820663004860295 -2.8942714347313716 -3.037794247188454 -3.129636393988539
-10.260322937409413 -9.65976869613021 -9.788659030961515 -10.393260553286146 -10.636408745322981 -10.555463124414432 -10.556397112347991 -10.706769169651183 -10.315116896178276 -9.931247855485037 -9.748808879129614 -9.679382442734973 -9.515311895739565 -9.27403167956985 -8.714572907367295 -8.12678316784675 -7.747895396132497 -7.689988144251766 -7.577909592224543 -7.442170012547129 -6.86683344547405 -6.215532526471411 -5.699971187146185 -5.896108653193825 -4.378689590469702 -2.613141066729754 -1.11191112818734 0.6916195715173892 1.1564342331191773 1.5764174739100767 1.8176976900797923 1.3519490405444436 0.25606986516715313 -0.44410975569180344 -1.0620984383974634 -1.8239212628713926 -2.258536981288068 -2.6657557203203113 -2.795580043085178 -2.898007386465612 -3.1218531612088714 -3.3005561858300547 -3.396134284364381
-10.700853912738635 -9.788659030961515 -9.647315523682739 -10.076949973120428 -10.377694087726809 -10.395128529153265 -10.33473064278304 -9.927511903750798 -9.432186969652708 -8.922540887240032 -8.713638919433734 -8.692157196961851 -8.718308859101537 -8.437178491099917 -7.905116698281796 -7.308298408736834 -6.920693416309355 -6.8951644127920435 -6.951826347428028 -6.9536943232951485 -6.687196432919308 -5.742000644156394 -4.886467697015259 -3.7622575543199757 -1.8924137113324733 -0.3376351312659418 0.9777312084979943 1.1439810606717078 1.295287105908459 1.544350554857843 1.4562443597919987 1.254191636831811 1.289371848995911 0.5773617143118592 -0.4098635314612631 -1.37280509096182 -2.0269079737651405 -2.440975957643492 -2.8074105569102734 -3.1539200802611047 -3.449994255199685 -3.470541989738009 -3.5405910847550235
-10.68715542304642 -10.233237287336166 -10.047685017868876 -10.072902692075 -9.836603744884272 -9.87769921396092 -9.609956006340333 -9.090658715280867 -8.494774413669465 -8.024044495155128 -7.960533315673034 -7.978279086410678 -7.973297817431691 -7.71053587879009 -7.279967441418842 -6.74883963653428 -6.314223918117604 -6.241061529988723 -6.304261380159629 -6.046480710497017 -5.632412726618664 -4.382425542203943 -2.947820076255489 -1.7252298712251988 -0.33078588641983364 0.7903109631635825 0.9584287912044172 0.8597373995582229 1.166396771077153 1.2414271350731543 1.181029248702929 1.4045636941350015 1.56085100835074 1.1418017554934012 0.25606986516715313 -0.6140955595997584 -1.3572386254024837 -2.0574182462614403 -2.7575978671203965 -3.1492501405933035 -3.2703572426449417 -3.2750271823127424 -2.968367810793813
-10.810130500965178 -10.926567663349015 -10.968597120359224 -10.452724451722812 -9.717364618699754 -9.137358111958875 -8.721422152213403 -8.346270332233393 -7.943098874246577 -7.6501379924198645 -7.653873944154105 -7.648270016552743 -7.201823784310973 -6.856248248893702 -6.367772559641722 -5.963667113721346 -5.764416354561838 -5.766284330428959 -5.7398213389780866 -5.387396558714708 -4.9568281213434595 -3.9029784029763777 -2.2242907570575277 -0.6256147441136672 0.6262404161681756 0.815839966680894 0.4680851260853167 0.4923688123578813 0.7747444976042459 0.8656526564707709 1.1975297021958253 1.5188215513405314 1.4584236649703062 1.0627241104519713 0.5754937384447381 -0.06428799604399238 -0.9400573484122647 -1.7859390869066112 -2.504487137125585 -3.01631252471657 -3.0916542180237583 -2.62777354435553 -2.0652014790411086
-10.857141226954374 -11.072892439606779 -10.980116304873132 -10.122715381864877 -9.383619597107579 -8.787735295496176 -8.424413989341263 -8.232012475027863 -7.948080143225566 -7.484199469557337 -7.193106563597745 -7.372743576152487 -6.770321359006164 -6.172569081527643 -5.538702603951459 -5.194061056467748 -4.975196550703477 -4.750728117337845 -4.481116933850136 -4.1666743295515385 -3.2164972718096374 -1.359106601269604 0.07954614572427676 0.42418769320798777 0.5228790848541811 0.1555104976538395 -0.25855748622451236 -0.35818286580426584 0.0014024886164074601 0.7797257665832333 0.7551307509994816 0.9571834739596703 1.0375064362458462 0.8360763719080317 0.4593679053720878 -0.019145245921916576 -0.5456031111386777 -1.4637132498283454 -2.443155262821799 -2.6685576841209917 -2.4792694629194596 -1.940981083877603 -1.4920442171463377
-10.663805724707414 -10.846244701062838 -10.773082312933957 -9.87769921396092 -9.301428658954283 -8.77808408684939 -8.441225772145346 -8.175350540391879 -7.842539506733264 -7.472368955732241 -7.034951273514885 -7.012535563109441 -6.33850760439017 -5.670706231894632 -5.013490055979445 -4.312065117875742 -3.772220092277951 -3.0290770264752256 -2.5231668957967885 -1.4363162704439132 0.11659433375549799 1.5773514618436364 2.175103739322159 1.6916093190491663 0.40270597073610315 -0.2087447964346354 -0.44691171949248387 -0.4487796953596046 -0.5378198783590094 0.03938466458118839 0.3099298360024578 0.5119825589626457 0.6349576368814036 0.469953101952437 -0.025060502834464593 -0.5913685198831269 -0.9568691312163482 -1.2996427028329385 -2.3892952919864947 -2.2429705157287314 -1.7576081195886188 -1.3777863599408078 -1.120939678211755
-10.661937748840295 -10.830678235503502 -10.727316904189507 -9.854349515621916 -9.279946936482398 -8.61899480883297 -8.249758245765506 -7.894220172390261 -7.56109780942046 -7.274052184506294 -6.793671057345168 -6.467397939221476 -5.956817868875238 -5.163862113282636 -4.218354995208536 -3.4842404794302255 -2.5816968062998944 -1.735192409183174 -0.19504630674241907 1.2825226041498032 2.6066061646269674 2.4543661314566565 2.55492549896997 1.4369419424984216 0.41640446042831947 0.42418769320798777 0.39492273795643484 0.42418769320798777 0.26105113414614056 0.14679327694061062 0.08919735437106535 0.11846230962261828 0.25420188930003285 0.040318652514748976 -0.503573654128469 -1.0144650537858935 -1.4811476912548023 -1.8640827440144805 -2.28499997273894 -1.873733952661269 -1.359106601269604 -1.0378147521248984 -0.809299037713838
-10.737902100769855 -10.856207239020813 -10.701787900672194 -9.824773231059176 -9.19215207072774 -8.514388160274228 -7.908852650016037 -7.54864463697299 -7.2908639673103774 -7.002573025151465 -6.37555579242139 -5.8014645425930595 -5.446860457151374 -4.61779050146111 -3.6479996971144457 -2.79059877410619 -1.8805831975073772 -0.5446691232051175 1.0091754689278538 1.9525032818236472 2.8089702168983424 2.511962054026201 2.1595372737628225 1.2980890697091398 0.8634733512924644 0.8693886082050115 0.8939836237887633 0.7131012939892729 0.4310369380540955 0.10196185612972197 -0.3952310538354866 -0.49298845754812026 -0.43632652291213514 -0.6863239597950797 -1.1959700422077573 -1.3444741236438276 -1.781891805861184 -1.997643018513588 -2.0094735323386836 -1.5378096258907874 -1.0757969280896793 -0.8074310618467178 -0.6433605148513108
-10.932482920261563 -11.014362529103671 -10.654154516060625 -9.75472413604216 -9.036798744445562 -8.299570935555383 -7.6766009838707365 -6.955873628473455 -6.684394469118627 -6.516276641077792 -5.976120286168815 -5.194061056467748 -4.92444987298004 -4.220534300386842 -3.6990577041490695 -2.8316942431828385 -1.5689425570094602 -0.2146600533471834 1.0891871019028434 1.8684443678032299 2.4777158297956605 2.2551153722971486 1.8939733713205413 1.4525084080577582 1.0384404241794067 0.8725019013168795 0.8606713874917835 0.6380709299932716 0.34604403610011847 -0.006692073474447113 -0.6119162544214509 -0.8833954137762801 -0.903009160381044 -1.14428937655076 -1.4098532789930411 -1.5748578139220082 -2.0318892427441284 -2.160779577575435 -1.8211192990707117 -1.2700664182701993 -0.8279787963850418 -0.6256147441136672 -0.4646574902301275
-11.164734586406864 -11.041759508488106 -10.48323472421911 -9.666617940976316 -8.850312487044711 -8.133632412692856 -7.284948710397829 -6.563287367066989 -5.967403065455587 -5.815163032285276 -5.648290521489188 -4.901100174641035 -4.539646844353241 -4.119974932873529 -3.769106799166084 -3.1333723457227802 -1.8696866716158418 -0.3435503881784894 0.9154653462606479 1.6143996498748576 2.21308591528694 1.8556798660445732 1.4982738168022074 1.0686393673645194 0.8939836237887633 0.7277337716150498 0.7903109631635825 0.68103437493704 0.25326790136647226 0.02381819902185267 -0.23520778788550745 -0.8600457154372751 -0.8874426948217073 -1.7096634056658622 -1.9752273081081433 -2.302434414165397 -2.781881553392962 -2.493901940545236 -1.8933476992660334 -1.1763562956029934 -0.6333979768933355 -0.41671277630737125 -0.1987822584766601
-11.087524917232553 -10.859009202821493 -10.161942875074406 -9.576955099354539 -8.763451609223612 -8.137368364427097 -7.247900522366608 -6.295544159446401 -5.623695505905436 -5.340385832725512 -5.318904110253627 -4.711500624128316 -4.196873272736651 -3.8572129942319284 -3.766304835365403 -3.055228688614911 -1.591358267414905 0.026620162822532656 0.5951074850495024 1.1555002451856167 1.5471525186585238 1.18383121250361 0.9210692738620088 0.68103437493704 0.48769887269008017 0.3743750034181108 0.5431154900813189 0.6467881507064996 0.10881110097582969 0.24641865652036454 0.42885763287578804 -0.29062440527674527 -1.588556303614224 -2.522232907863229 -3.1694865458204413 -3.5337418399089158 -3.3914643446965798 -2.90205466751104 -1.9820765529542514 -1.0642777435757704 -0.5154041679535646 -0.3248706295072856 -0.07674116849146184
-11.004711320456884 -10.517169619138464 -9.811386070678147 -9.255663250209832 -8.563266862130543 -7.952750082893367 -7.09161320815087 -6.17848433844019 -5.650158497356308 -5.313300182652267 -4.784040353634825 -4.067048949971785 -3.6707267368310768 -3.299622197896494 -2.808344544843834 -1.408919291059481 -0.08763769438299729 0.2875141255970126 0.5910602040040747 0.766027276891017 0.9855144412776626 0.7921789390307028 0.7619799958455902 0.6116079385423996 0.4603018933056484 0.2355221306288291 0.1505292286748512 0.19069070981793956 0.3273642774289147 0.7327150405940372 0.7784804493384865 -0.2663407190041802 -1.7155786625784102 -2.644273997848427 -3.297442892718187 -3.5486856468458785 -3.3120753703439636 -2.6287075322890905 -1.6754171814353218 -0.9391233604787046 -0.6657762252567556 -0.46372350229656734 -0.26447274313705993
-10.582860103798865 -10.010325500526466 -9.246634700185417 -8.573852058710894 -7.945900838047258 -7.314213665649382 -6.609986763744998 -6.095359412353333 -5.7046411268139865 -5.030924497405902 -4.1753915502647665 -3.652980966093433 -3.258526728819846 -2.246706467462972 -0.7731848376161774 0.48956684855720045 0.9123520531487808 0.730847064726917 0.5891922281369544 0.6937988766956957 0.6399389058603919 0.6427408696610719 0.44255612256800436 0.3734410154845502 0.4397541587673244 0.3858941879320197 0.2884481135305732 0.4562546122602207 0.6449201748393794 0.8743698771839998 0.3205150325828061 -0.6374452579387628 -1.6657659727885332 -2.348199822909846 -2.7681830637007456 -2.93723487967514 -2.615009042596874 -1.8883664302870455 -1.2408014630186464 -1.02909753141167 -0.8970939034684959 -0.7837700341965261 -0.6969091563754284
-9.756592111909281 -9.151990589584653 -8.477339972243007 -7.862153253338027 -7.109981637510887 -6.205881317824622 -5.435341272637465 -4.868721926277615 -4.399237325008026 -3.8326179786481767 -3.2059120752292882 -2.827958291448598 -2.2000070707849626 -1.168573062823325 -0.09043965818367816 0.6536373955526074 0.949400241180002 0.9876937464559692 0.8332744081073509 0.622504464433935 0.4438014398127512 0.5480967590603063 0.4447354277463118 0.11254705271007026 -0.09137364611723786 -0.016343282121235703 0.24828663238748483 0.5705124694657506 0.8351423839744712 0.6134759144095199 0.40862122764865116 -0.2868884535425047 -1.212470495700654 -1.9851898460661186 -2.3600303367349422 -2.3151989159240527 -1.9646421115277946 -1.611906001953229 -1.4148345479720286 -1.2809629441617347 -1.0085497968733454 -0.8513284947240467 -0.8102330256473982
-8.410715499649047 -7.571060347378435 -6.655129513867074 -5.967403065455587 -5.452775714063922 -4.626507722174339 -3.5026089087902426 -2.543714630335113 -1.7233618953580785 -1.2965294097210713 -0.7672695807036294 -0.3317198743533938 0.17792620805928383 0.49454811753618877 0.9328997876871048 0.9210692738620088 0.9954769792356375 0.8479068857331278 0.68103437493704 0.8127266735690268 0.7943582442090102 0.5882582402033947 0.37126171030624366 -0.01727727005479629 -0.08950567025011757 0.04903587322797698 0.2825328566180252 0.5823429832908467 0.4406881467008841 0.2121724322898242 0.2980993221773618 0.16235974249994722 -0.5611695766980143 -1.2672644544695184 -1.7242958832916386 -1.8640827440144805 -1.6607847038095458 -1.614085307131536 -1.523177148265011 -1.3992680824126924 -1.1050618833412322 -0.8874426948217073 -0.718390878847313
-6.2251837351182 -5.363112872442143 -4.43223823199382 -3.8581469821654886 -3.4129460671684644 -2.989849533265698 -1.9820765529542514 -1.1695070507568852 -0.5122908748416974 -0.3248706295072856 0.22306895818135963 0.5051333141165371 0.7258657957479295 1.0997722984831926 1.266022150656906 1.1243673140669443 0.6508354317519274 0.38713950517676654 0.2025212236430356 0.3108638239360175 0.4534526484595398 0.2747496238383569 0.0001571713716606027 0.021638893843545226 0.01105369726319605 0.16235974249994722 0.33047757054078186 0.26105113414614056 0.12033028548973856 0.009185721396075763 0.08826336643750565 0.026620162822532656 -0.4556289402057123 -1.093542698827323 -1.4693171774297067 -1.6031887812400005 -1.6794644624807495 -1.7361263971167347 -1.7224279074245183 -1.4985821326812592 -1.2000173232531846 -0.8911786465559484 -0.6881919356621999
-4.532797599507133 -3.3777658550043634 -2.5670643286741175 -2.3376146263294975 -2.276905410648085 -1.9861238339996787 -1.4126552427937216 -0.6393132338058836 -0.5200741076213657 -0.2517082413784042 0.022884211088292084 0.13807605622738262 0.12033028548973856 0.4475373915469927 0.6897515956502689 0.6788550697587326 0.23956941167425683 0.1399440320945029 0.011987685196756637 0.11846230962261828 0.201587235709475 -0.11783663756810991 -0.26042546209163264 -0.16266805837899945 -0.006692073474447113 0.11752832168905769 0.04623390942729699 0.04903587322797698 0.0783008284795299 0.045299921493736406 0.025686174888972957 -0.23302848270720045 -0.6305960130926551 -1.1159584092327677 -1.4889309240344706 -1.6228025278447644 -1.7302111402041866 -1.7800238299940636 -1.7224279074245183 -1.4742984464086941 -1.2420467802633932 -0.9528218501709209 -0.6931732046411878
