static/data/salinity/2023/7/11/12.asc
ncols 137
nrows 93
xllcorner 108.0
yllcorner 17.0
cellsize 0.25
NODATA_value -32767
[rows 54 to 80 of 93, columns 62 to 123 of 137]
33.330032 33.50411 33.655167 33.738354 33.774094 33.842052 33.92135 33.96027 34.030926 34.170307 34.202557 34.12982 34.16266 34.220955 34.526012 34.57035 34.593273 34.49176 34.397583 34.349865 34.29283 34.226387 34.23236 34.359726 34.487164 34.521667 34.563705 34.563496 34.601257 34.625355 34.33111 34.449257 34.36586 34.220455 34.169323 34.177387 34.182453 34.186264 34.220173 34.289684 34.413284 34.63519 34.702576 34.688354 34.590042 34.60603 34.534985 34.65484 34.659687 34.757317 34.77276 34.773026 34.6662 34.52521 34.588703 34.64463 34.67772 34.631435 34.59664 34.647537 34.66477 34.758755
33.65488 33.725636 34.173042 34.29556 34.26603 34.258816 34.244385 34.24675 34.17156 34.188858 34.209393 34.213562 34.183525 34.43563 34.48579 34.579514 34.646465 -32767.0 34.440605 34.366196 34.275627 34.25818 34.272404 34.313545 34.40899 34.492188 34.587444 34.57206 34.59188 34.719852 34.409798 34.4685 34.313896 34.164608 34.1623 34.19607 34.216526 34.244713 34.30542 34.40735 34.575687 34.662445 34.6874 34.604343 34.53957 34.582577 34.457035 34.65269 34.656616 34.737625 34.754974 34.78532 34.7218 34.64462 34.594063 34.621628 34.615383 34.584084 34.570335 34.65795 34.72287 34.817604
34.200054 34.22917 34.26937 34.229824 34.202606 34.176617 34.212162 34.226997 34.25204 34.22147 34.2141 34.206642 34.228603 34.36297 34.466385 34.523308 34.587624 34.614235 34.56441 34.447044 34.338802 34.282795 34.28524 34.29929 34.344997 34.409126 34.618526 34.58986 34.603695 34.67624 34.68558 34.351395 34.360268 34.21125 34.17116 34.216705 34.26277 34.314796 34.39547 34.520817 34.62033 34.634945 34.613026 34.552334 34.535263 34.507793 34.350277 34.591183 34.650227 34.676926 34.75631 34.778664 34.797043 34.734905 34.70407 34.7063 34.69418 34.668983 34.665684 34.674202 34.770737 34.85189
34.244762 34.27943 34.197063 34.297264 34.281597 34.25076 34.254707 34.27004 34.266872 34.432957 34.576374 34.585236 34.656303 34.70996 34.716778 34.740734 34.750427 34.727306 34.67106 34.641304 34.636547 34.577385 34.408382 34.288162 34.30385 34.34753 34.632004 34.5989 34.61961 34.635223 34.683266 34.60406 34.376747 34.31825 34.222305 34.258125 34.30729 34.338 34.39141 34.542076 34.6273 34.628223 34.57385 34.51267 34.49667 34.36994 34.255978 34.473515 34.67368 34.636612 34.67721 34.743404 34.77988 34.788982 34.768448 34.744144 34.717926 34.691143 34.678444 34.675297 34.75114 34.97181
34.286995 34.370728 34.3639 34.345303 34.220474 34.291473 34.45455 34.568115 34.492386 34.678085 34.66807 34.694244 34.67237 34.642517 34.71628 34.765594 34.76753 34.729958 34.702805 34.682518 34.67834 34.65929 34.65927 34.52091 34.369343 34.343075 34.620834 34.62919 34.59263 34.68035 34.672474 34.657505 34.433773 34.32931 34.348007 34.265785 34.27978 34.302494 34.284092 34.3353 34.401413 34.427517 34.46471 34.519817 34.41736 34.230377 34.29504 34.505253 34.670033 34.64925 34.639122 34.669525 34.74773 34.75919 34.74748 34.719975 34.688087 34.67421 34.68514 34.682266 34.703568 35.033195
34.45503 34.406555 34.318325 34.247086 34.23696 34.2441 34.616055 34.678413 34.69723 34.6343 34.56137 34.580547 34.613148 34.643806 34.765835 34.7999 34.73693 34.717655 34.723633 34.747166 34.74051 34.71424 34.688812 34.673237 34.469547 34.37603 34.5902 34.632122 34.583336 34.709217 34.70702 34.691307 34.669003 34.459343 34.25465 34.193203 34.28304 34.296284 34.263523 34.247185 34.242386 34.32515 34.475418 34.45747 34.3097 34.12522 34.435715 34.55511 34.637917 34.656036 34.627693 34.655186 34.657715 34.726936 34.719624 34.695236 34.62168 34.630856 34.69794 34.7209 34.69768 35.060493
34.150055 34.168858 34.18546 34.159878 34.218975 34.482178 34.651474 34.672802 34.65782 34.593685 34.550205 34.56137 34.60843 34.658134 34.785957 34.80873 34.710175 34.695778 34.67385 34.670795 34.72549 34.75452 34.739193 34.708622 34.531666 34.4324 34.59938 34.602016 34.60977 34.662384 34.67521 34.62609 34.596054 34.548717 34.521576 34.49954 34.425274 34.208 34.10968 34.252686 34.276226 34.225967 34.247227 34.24037 34.180916 34.063995 34.499535 34.557423 34.660683 34.638237 34.615627 34.671803 34.651016 34.660683 34.703957 34.660583 34.550407 34.620964 34.644302 34.79066 34.8278 35.06625
34.198883 34.33318 34.202488 34.131058 34.29644 34.650974 34.61492 34.578735 34.60044 34.53828 34.588085 34.584484 34.603676 34.65673 34.78234 34.764874 34.702377 34.677525 34.67238 34.663296 34.698597 34.740654 34.75488 34.709267 34.558235 34.46486 34.637352 34.585957 34.655174 34.625423 34.68236 34.652996 34.610878 34.50263 34.465767 34.48285 34.45271 34.40361 34.372837 34.29424 34.096825 34.120365 34.176144 34.15409 34.091938 34.085068 34.530136 34.597996 34.662823 34.65669 34.615902 34.71773 34.720387 34.67973 34.67234 34.696415 34.573174 34.636475 34.70085 34.641804 35.04634 35.02889
34.37858 34.36353 34.252357 34.263912 34.52604 34.544094 34.51621 34.537777 34.58708 34.59639 34.572655 34.572166 34.60547 34.66148 34.75962 34.754116 34.688236 34.689648 34.68494 34.67602 34.705856 34.726643 34.75667 34.677696 34.53357 34.61065 34.56055 34.67226 34.666935 34.63241 34.719807 34.670414 34.61283 34.552795 34.511265 34.455994 34.42949 34.45553 34.483692 34.43689 34.35694 34.289257 34.174965 34.127495 34.16375 34.265457 34.534203 34.634525 34.673058 34.640205 34.641087 34.80498 34.825565 34.698254 34.682617 34.715107 34.57548 34.62375 34.62819 34.89419 35.117916 35.02835
34.528034 34.52994 34.55069 34.552914 34.512592 34.508488 34.58444 34.60371 34.59796 34.61285 34.590336 34.581085 34.58556 34.644207 34.782543 34.739426 34.692085 34.69381 34.692524 34.699444 34.70748 34.726765 34.71667 34.566505 34.60236 34.580357 34.634144 34.670437 34.668854 34.65851 34.692284 34.66602 34.609142 34.55411 34.528893 34.423115 34.368202 34.318016 34.395306 34.462658 34.398285 34.358624 34.360126 34.319424 34.322685 34.48924 34.532635 34.64263 34.667103 34.620693 34.74764 34.850853 34.84105 34.71672 34.685078 34.700718 34.557434 34.588783 34.687412 35.009426 35.137962 35.06447
34.57733 34.577076 34.54426 34.50695 34.51675 34.601574 34.611282 34.62172 34.62316 34.633865 34.597076 34.578514 34.578865 34.68011 34.794846 34.724125 34.69001 34.690956 34.69438 34.695896 34.70751 34.720592 34.612583 34.533066 34.529312 34.57431 34.659092 34.679295 34.67042 34.668434 34.669235 34.66012 34.599377 34.60894 34.534523 34.384827 34.299564 34.28092 34.334095 34.362453 34.343937 34.361908 34.385315 34.389206 34.435307 34.56715 34.552116 34.617798 34.653248 34.61338 34.80347 34.825184 34.841496 34.699238 34.65337 34.640266 34.55519 34.538708 34.935177 35.02845 35.137062 35.04873
34.623753 34.628002 34.578167 34.484795 34.580395 34.650368 34.64132 34.609013 34.644314 34.654625 34.614044 34.605614 34.6314 34.749607 34.782566 34.69001 34.675453 34.682003 34.68386 34.689194 34.69563 34.635048 34.523457 34.524693 34.497013 34.56275 34.654854 34.696693 34.712162 34.653484 34.60951 34.610752 34.60626 34.580616 34.52668 34.44982 34.34351 34.367565 34.413177 34.436745 34.455 34.481583 34.516514 34.533123 34.566013 34.613937 34.633404 34.6586 34.64332 34.622208 34.78336 34.790993 34.761307 34.636692 34.64243 34.449116 34.55539 34.89555 35.012135 35.03753 35.092678 34.98866
34.63046 34.6238 34.571877 34.456375 34.58125 34.64218 34.58915 34.652206 34.72953 34.702988 34.62908 34.617092 34.68796 34.77337 34.647717 34.671947 34.659435 34.668922 34.665028 34.654587 34.61498 34.550198 34.50306 34.493908 34.500374 34.558125 34.62769 34.707455 34.690865 34.664116 34.679127 34.652744 34.622215 34.593563 34.54883 34.539692 34.431976 34.471394 34.504772 34.51986 34.546307 34.56277 34.60429 34.62881 34.675777 34.67131 34.643787 34.635094 34.64331 34.625717 34.767044 34.658596 34.65079 34.571175 34.42918 34.77188 34.959568 35.02035 35.015892 35.0406 35.026554 34.935574
34.600216 34.574333 34.56099 34.443108 34.40512 34.50731 34.57788 34.688046 34.721767 34.67944 34.62633 34.628647 34.72697 34.610687 34.65732 34.656216 34.639328 34.657013 34.655888 34.619278 34.576717 34.557877 34.57788 34.594933 34.58309 34.572994 34.607952 34.718082 34.71408 34.711014 34.70549 34.639576 34.64849 34.62357 34.598297 34.570744 34.556625 34.487617 34.51455 34.52865 34.70683 34.68425 34.688828 34.678272 34.63107 34.62871 34.619637 34.60304 34.616383 34.63042 34.768967 34.582172 34.512547 34.501694 34.868412 34.95991 35.01477 34.97656 35.01292 35.023045 34.890877 34.79323
34.426716 34.50253 34.55355 34.465992 34.352573 34.46927 34.56454 34.683693 34.710693 34.666397 34.62518 34.63155 34.73136 34.50197 34.54887 34.63218 34.64682 34.615353 34.61398 34.619785 34.61792 34.611374 34.607925 34.600163 34.587486 34.57665 34.631653 34.73997 34.731464 34.714886 34.73036 34.69142 34.672417 34.64713 34.63807 34.60874 34.5693 34.57334 34.507538 34.557056 34.71718 34.704353 34.69349 34.643932 34.638508 34.61744 34.57958 34.566772 34.592487 34.64068 34.741096 34.557327 34.4724 34.809494 34.85078 34.950626 35.021267 35.00833 35.0006 34.950825 34.832462 34.864635
34.386494 34.50271 34.484707 34.39471 34.353733 34.543858 34.545517 34.666225 34.725727 34.678093 34.642925 34.635086 34.723072 34.48581 34.537533 34.535557 34.56369 34.593407 34.59729 34.59808 34.590755 34.588894 34.597004 34.58897 34.58436 34.582745 34.746048 34.76788 34.74788 34.725384 34.70174 34.7049 34.67609 34.66547 34.644028 34.640438 34.60275 34.574924 34.58348 34.529972 34.576286 34.5935 34.609108 34.658222 34.605465 34.54948 34.535492 34.546745 34.577053 34.632687 34.63789 34.61054 34.503586 34.793774 34.752277 34.799816 34.887024 34.993317 35.023724 35.02144 34.943535 34.849438
34.409176 34.462906 34.314224 34.325436 34.40751 34.56838 34.542126 34.663853 34.730556 34.690765 34.642807 34.63031 34.719208 34.53064 34.541096 34.565426 34.58755 34.574665 34.568977 34.594887 34.642563 34.69354 34.71606 34.720192 34.734882 34.752205 34.753513 34.77148 34.767788 34.730625 34.713398 34.69312 34.696156 34.677135 34.677746 34.657055 34.63178 34.598774 34.58204 34.598278 34.601185 34.63655 34.666637 34.58478 34.535774 34.506958 34.490482 34.520905 34.563572 34.603176 34.614025 34.67744 34.508938 34.68592 34.68432 34.650227 34.767506 34.813698 34.82388 34.836994 34.822224 34.800213
34.49088 34.39367 34.296463 34.421432 34.51278 34.491997 34.582024 34.680576 34.734947 34.69927 34.646385 34.629612 34.707043 34.620193 34.52878 34.56194 34.62207 34.680573 34.69827 34.75944 34.773735 34.789646 34.794277 34.761196 34.703896 34.71872 34.726124 34.77697 34.75639 34.738472 34.743786 34.74062 34.732254 34.71002 34.717995 34.67894 34.65279 34.61234 34.58883 34.593445 34.603394 34.67107 34.618855 34.54279 34.509026 34.528522 34.498272 34.5131 34.55303 34.591602 34.62361 34.68236 34.538834 34.530334 34.656277 34.62716 34.637733 34.790985 34.940536 34.949474 34.921165 34.84472
34.499226 34.359283 34.314102 34.396687 34.460022 34.52401 34.63017 34.68605 34.735817 34.71081 34.66257 34.635643 34.70932 34.699398 34.60564 34.593636 34.60537 34.72785 34.732933 34.736115 34.745293 34.786625 34.802612 34.81079 34.79475 34.784195 34.789448 34.772926 34.752644 34.72911 34.712894 34.694134 34.67849 34.69302 34.713676 34.69868 34.6567 34.626747 34.59062 34.582577 34.639137 34.66459 34.57863 34.533497 34.56757 34.55444 34.513042 34.527317 34.561283 34.612778 34.624695 34.661137 34.577595 34.50574 34.570538 34.634533 34.61403 34.714226 34.786247 34.826035 34.87546 34.828392
34.401234 34.300972 34.39665 34.48255 34.471176 34.558243 34.665108 34.68331 34.732376 34.719982 34.67968 34.64868 34.727993 34.743084 34.64042 34.617115 34.623325 34.743347 34.73665 34.756557 34.76021 34.76554 34.76464 34.772243 34.775394 34.767246 34.743046 34.699444 34.656116 34.61455 34.60312 34.59295 34.58832 34.59025 34.608692 34.639233 34.652016 34.550182 34.591576 34.569035 34.6565 34.65626 34.56453 34.54092 34.595013 34.588924 34.528854 34.54257 34.57998 34.587685 34.58515 34.62221 34.614826 34.564873 34.561283 34.673405 34.681126 34.748386 34.79092 34.771034 34.724415 34.689865
34.30841 34.400593 34.510696 34.383366 34.504578 34.662445 34.6279 34.698524 34.727787 34.726055 34.687756 34.686165 34.746864 34.64335 34.629143 34.610626 34.705414 34.750317 34.785294 34.783638 34.77761 34.73658 34.700237 34.681614 34.672688 34.675323 34.675163 34.61388 34.59811 34.700916 34.686108 34.65244 34.665234 34.640015 34.567406 34.553642 34.596157 34.541626 34.5451 34.563126 34.63262 34.65157 34.567677 34.54664 34.591724 34.595993 34.570133 34.549526 34.562584 34.57566 34.5837 34.58947 34.58918 34.55154 34.588894 34.67033 34.666245 34.642982 34.63659 34.631386 34.65227 34.68582
34.42845 34.460323 34.524807 34.355988 34.617504 34.671223 34.652752 34.744957 34.71972 34.720364 34.692745 34.71849 34.70401 34.650593 34.64697 34.668697 34.74536 34.76859 34.77929 34.766987 34.7708 34.732147 34.78747 34.729736 34.71744 34.66361 34.52953 34.69702 34.75038 34.58431 34.563625 34.55091 34.522274 34.631756 34.668564 34.555183 34.54407 34.563072 34.454716 34.565933 34.59606 34.647808 34.594265 34.544952 34.59447 34.59902 34.595863 34.57031 34.566936 34.56334 34.572166 34.571186 34.575478 34.581112 34.590405 34.59898 34.606873 34.612972 34.626244 34.65332 34.68981 34.724117
34.401917 34.4151 34.453835 34.461285 34.639885 34.712036 34.719486 34.744957 34.71259 34.71351 34.701557 34.733063 34.687218 34.677452 34.69649 34.731655 34.76847 34.766262 34.725727 34.72008 34.74882 34.757942 34.7876 34.717308 34.661083 34.534767 34.746605 34.720036 34.65529 34.59198 34.55904 34.585846 34.59503 34.62649 34.71085 34.587826 34.54276 34.47583 34.405033 34.538452 34.56838 34.63341 34.60911 34.545372 34.55238 34.581856 34.611977 34.599358 34.58531 34.58189 34.595787 34.5838 34.57562 34.582943 34.60525 34.636967 34.654827 34.674305 34.69449 34.711517 34.72495 34.740677
34.38577 34.408623 34.38151 34.5937 34.666702 34.743107 34.742107 34.740337 34.71137 34.71699 34.710854 34.72888 34.675446 34.6799 34.711437 34.747475 34.754612 34.683636 34.657314 34.666435 34.690613 34.733894 34.724834 34.7087 34.544403 34.697514 34.742672 34.65493 34.599957 34.568893 34.604324 34.57669 34.62796 34.697342 34.720272 34.679295 34.588062 34.504772 34.429157 34.489628 34.557514 34.616016 34.617638 34.552227 34.530064 34.572964 34.559704 34.582413 34.590603 34.59141 34.593796 34.623844 34.62928 34.60454 34.54665 34.499146 34.481747 34.448658 34.435585 34.445103 34.51479 34.652782
34.385902 34.40748 34.344604 34.63373 34.723053 34.741108 34.74989 34.735443 34.705963 34.717747 34.718445 34.71983 34.690342 34.682747 34.71434 34.748768 34.69074 34.63844 34.629078 34.629543 34.637306 34.66832 34.66979 34.617756 34.56593 34.764236 34.65027 34.575768 34.569237 34.565506 34.586365 34.588463 34.586113 34.6024 34.703598 34.7174 34.70147 34.63644 34.51407 34.469727 34.557957 34.602585 34.59537 34.555176 34.544773 34.56119 34.588467 34.642998 34.620407 34.633476 34.65122 34.624023 34.53929 34.46526 34.570015 34.567524 34.447567 34.40399 34.428524 34.43512 34.419056 34.39399
34.37072 34.42561 34.356785 34.611195 34.72546 34.719353 34.719143 34.724182 34.719604 34.71556 34.71472 34.724876 34.708523 34.677933 34.701828 34.67005 34.61708 34.5835 34.56005 34.580254 34.60942 34.62943 34.650635 34.530804 34.76848 34.659786 34.57359 34.561157 34.55897 34.560722 34.5614 34.55024 34.554955 34.56999 34.593327 34.677418 34.70794 34.668037 34.556007 34.475574 34.554974 34.596924 34.561043 34.584473 34.574337 34.59316 34.672863 34.646957 34.665928 34.669785 34.590816 34.477425 34.519394 34.648926 34.616116 34.450226 34.434814 34.599545 34.57311 34.476868 34.447483 34.38836
34.38801 34.41343 34.454136 34.590153 34.683575 34.626972 34.69795 34.706272 34.727604 34.739826 34.72923 34.72745 34.72071 34.697598 34.677776 34.61341 34.558044 34.53591 34.544136 34.563824 34.571217 34.589962 34.552677 34.563396 34.687893 34.585327 34.5703 34.56312 34.50928 34.497646 34.50316 34.512596 34.53979 34.529694 34.548565 34.608715 34.684235 34.66618 34.549335 34.48479 34.558567 34.5746 34.54537 34.66012 34.66515 34.69633 34.678223 34.695763 34.64462 34.513954 34.50316 34.57779 34.690495 34.709053 34.57124 34.421825 34.495914 34.592705 34.49584 34.42381 34.486347 34.58103
