static/data/salinity/2023/7/11/18.asc
ncols 137
nrows 93
xllcorner 108.0
yllcorner 17.0
cellsize 0.25
NODATA_value -32767
[rows 54 to 80 of 93, columns 61 to 121 of 137]
33.361553 33.34119 33.482216 33.654316 33.743916 33.77668 33.825066 33.903065 33.950203 34.044495 34.19886 34.21174 34.1477 34.163628 34.212196 34.516182 34.572067 34.585224 34.4914 34.401535 34.353943 34.299274 34.237003 34.23677 34.37275 34.492268 34.523468 34.572052 34.56237 34.615513 34.59297 34.35427 34.408916 34.319134 34.192352 34.17958 34.190258 34.184715 34.181087 34.222424 34.287003 34.41847 34.643 34.709396 34.64725 34.580757 34.61258 34.514126 34.63363 34.65792 34.752872 34.7694 34.738457 34.649662 34.52177 34.61307 34.69583 34.652348 34.62725 34.600864 34.652885
33.612324 33.66874 33.719627 34.125023 34.294315 34.27561 34.258514 34.25061 34.239456 34.17053 34.22504 34.224277 34.213524 34.19122 34.448418 34.492245 34.568848 34.64519 -32767.0 34.444427 34.350224 34.277424 34.24402 34.2667 34.325268 34.418514 34.496403 34.60145 34.57035 34.597473 34.71358 34.38934 34.454117 34.278847 34.156178 34.186783 34.203094 34.223537 34.26193 34.320595 34.415276 34.577682 34.674755 34.671192 34.584923 34.536728 34.580814 34.447926 34.625046 34.655144 34.730663 34.752495 34.781803 34.70854 34.60639 34.593502 34.619453 34.611336 34.58868 34.56781 34.65027
34.220093 34.211384 34.233368 34.27422 34.241856 34.216236 34.184593 34.217564 34.243465 34.24471 34.229183 34.23824 34.216724 34.22669 34.355747 34.45976 34.514034 34.58372 34.60815 34.557907 34.41509 34.310665 34.278946 34.28203 34.30281 34.350586 34.42795 34.627934 34.588734 34.605488 34.688427 34.654755 34.369713 34.30463 34.162037 34.185963 34.229805 34.270916 34.320118 34.399532 34.52743 34.621166 34.641087 34.60849 34.548588 34.53114 34.510086 34.34876 34.551544 34.64884 34.6714 34.759815 34.777718 34.786285 34.72328 34.685886 34.696995 34.690487 34.65933 34.653847 34.674812
34.304153 34.219303 34.26682 34.204323 34.321068 34.29787 34.2555 34.263046 34.302673 34.269978 34.44514 34.616543 34.596405 34.653187 34.70907 34.713593 34.737007 34.747334 34.7217 34.662983 34.633057 34.61434 34.526608 34.33359 34.284344 34.30686 34.35727 34.64003 34.59375 34.620125 34.63688 34.691666 34.557285 34.414608 34.27786 34.205822 34.26694 34.3154 34.355007 34.429905 34.56325 34.615223 34.62227 34.58953 34.506767 34.501484 34.391834 34.235477 34.47381 34.672493 34.631706 34.666924 34.74376 34.782757 34.787132 34.767498 34.748035 34.726006 34.70367 34.685856 34.674305
34.43371 34.33246 34.35405 34.3678 34.364483 34.27563 34.25617 34.46116 34.569023 34.5251 34.67034 34.654808 34.6867 34.665604 34.64171 34.714443 34.766075 34.766506 34.733444 34.71429 34.68586 34.672657 34.653706 34.638596 34.4667 34.353046 34.33805 34.63921 34.620426 34.597473 34.68533 34.67002 34.665718 34.358253 34.369385 34.31238 34.255882 34.29923 34.304497 34.306908 34.39228 34.46172 34.460888 34.457127 34.51383 34.434822 34.25666 34.282074 34.52881 34.66274 34.64409 34.63455 34.66204 34.746037 34.760525 34.75219 34.731037 34.703262 34.674755 34.671272 34.68874
34.442566 34.436947 34.40339 34.338028 34.29572 34.223152 34.2396 34.598045 34.670925 34.706264 34.632706 34.558887 34.5707 34.608307 34.63947 34.765823 34.79816 34.743355 34.720196 34.724796 34.746414 34.73503 34.705597 34.693096 34.657784 34.471962 34.362938 34.60838 34.625687 34.59037 34.71658 34.708492 34.685837 34.6572 34.408546 34.24036 34.216972 34.294197 34.280697 34.251984 34.24866 34.258205 34.318565 34.463642 34.47458 34.332382 34.141014 34.40956 34.54841 34.630386 34.65435 34.62057 34.64973 34.649544 34.731472 34.719524 34.69428 34.62488 34.629402 34.699097 34.733246
34.422855 34.14425 34.180836 34.19233 34.17013 34.221226 34.423748 34.652283 34.66287 34.660706 34.58916 34.548355 34.569912 34.60732 34.648937 34.78278 34.82027 34.714066 34.69815 34.677654 34.67312 34.728382 34.752445 34.72061 34.707565 34.534435 34.422558 34.608475 34.60271 34.617813 34.678963 34.6692 34.628525 34.602634 34.554 34.52495 34.486416 34.372154 34.171375 34.14146 34.29381 34.266174 34.221737 34.253113 34.25539 34.190662 34.058006 34.47957 34.55981 34.654797 34.63688 34.617687 34.66532 34.653908 34.65085 34.69947 34.662533 34.545086 34.610413 34.648617 34.796432
34.278103 34.198177 34.333557 34.213997 34.133858 34.26852 34.634674 34.614693 34.575596 34.613052 34.54196 34.59237 34.592064 34.60325 34.64633 34.77525 34.777515 34.706215 34.679485 34.672176 34.661934 34.69902 34.74581 34.752354 34.706245 34.55316 34.463932 34.64248 34.590244 34.656494 34.641888 34.67883 34.64628 34.59884 34.49465 34.456306 34.46052 34.42929 34.39009 34.357845 34.266247 34.098118 34.138016 34.18204 34.163548 34.09375 34.05927 34.510235 34.588192 34.659336 34.65681 34.606113 34.70814 34.726913 34.678764 34.668156 34.696842 34.569447 34.637085 34.69585 34.693104
34.359497 34.393665 34.3679 34.251755 34.259106 34.52367 34.5377 34.511158 34.54098 34.590843 34.59665 34.57023 34.567 34.604374 34.65066 34.75803 34.760033 34.6892 34.68843 34.68409 34.671562 34.703705 34.73109 34.760067 34.69057 34.548264 34.596786 34.567303 34.67387 34.67003 34.63922 34.717323 34.6692 34.602802 34.543365 34.507347 34.463852 34.428864 34.455887 34.469044 34.419186 34.337486 34.271587 34.178802 34.12586 34.14427 34.23419 34.530296 34.615433 34.671528 34.640717 34.622177 34.798553 34.8264 34.709225 34.67694 34.70947 34.577053 34.63009 34.646965 34.87122
34.477432 34.538895 34.538948 34.54963 34.55019 34.50633 34.51188 34.592285 34.59697 34.606186 34.625156 34.59462 34.580173 34.58573 34.63862 34.774048 34.739124 34.69121 34.694336 34.691914 34.69677 34.710648 34.72899 34.72137 34.58079 34.597626 34.581738 34.64008 34.674328 34.668533 34.658558 34.69856 34.665203 34.607803 34.546516 34.528988 34.424652 34.373215 34.325134 34.374516 34.468887 34.431583 34.373306 34.360687 34.322952 34.326973 34.434914 34.536926 34.629623 34.668232 34.624966 34.73 34.841724 34.84066 34.72868 34.694206 34.70205 34.561123 34.597855 34.654957 34.989296
34.56607 34.586994 34.56867 34.535217 34.501717 34.521725 34.61159 34.60476 34.625523 34.620136 34.634056 34.60639 34.57526 34.577473 34.67162 34.78942 34.72371 34.69022 34.69223 34.69528 34.697853 34.708527 34.730434 34.63081 34.547035 34.520782 34.58027 34.664375 34.681435 34.67274 34.666836 34.6677 34.66329 34.60019 34.60414 34.530956 34.38047 34.293823 34.280926 34.341763 34.384945 34.3699 34.349575 34.382713 34.376507 34.391483 34.550903 34.566265 34.604897 34.657257 34.616253 34.788506 34.82421 34.83593 34.707424 34.653923 34.668213 34.54985 34.53678 34.898064 35.017227
34.5871 34.62655 34.622746 34.565254 34.481438 34.602715 34.645508 34.63064 34.605465 34.669106 34.672283 34.620888 34.602592 34.621647 34.74374 34.782692 34.693146 34.677616 34.683716 34.68634 34.693707 34.70723 34.65544 34.53191 34.54473 34.50091 34.562683 34.66946 34.698746 34.710766 34.65101 34.610836 34.612225 34.605247 34.583492 34.523544 34.417797 34.336903 34.360893 34.39958 34.411995 34.418163 34.44653 34.487442 34.513737 34.552635 34.611263 34.636967 34.660133 34.64859 34.624363 34.775078 34.78881 34.763165 34.637993 34.653942 34.483974 34.517063 34.847878 34.999794 35.035477
34.620228 34.630894 34.622856 34.56606 34.449623 34.58751 34.62109 34.581505 34.664566 34.730892 34.708935 34.631996 34.614346 34.69212 34.770996 34.65437 34.673283 34.661602 34.671265 34.670692 34.663727 34.633083 34.565002 34.507473 34.495865 34.503353 34.5581 34.652122 34.70887 34.67855 34.66996 34.665863 34.640984 34.615097 34.585163 34.54017 34.531307 34.41577 34.472393 34.508354 34.51673 34.546272 34.557613 34.598923 34.62223 34.673313 34.67011 34.64391 34.631565 34.63436 34.628418 34.77003 34.65744 34.65063 34.591187 34.430374 34.695854 34.947876 35.015083 35.009808 35.03924
34.544594 34.602695 34.570488 34.559513 34.442818 34.382633 34.4723 34.565628 34.69421 34.712463 34.6768 34.624603 34.629734 34.734955 34.60759 34.656994 34.659065 34.646507 34.662666 34.646946 34.609585 34.561523 34.53519 34.556015 34.58656 34.58715 34.576973 34.62497 34.71846 34.707626 34.71849 34.693024 34.63478 34.647396 34.621773 34.591732 34.562485 34.550865 34.47739 34.508595 34.536648 34.703213 34.6853 34.686043 34.674282 34.633587 34.632126 34.622875 34.599777 34.606915 34.636536 34.769188 34.58885 34.514725 34.512974 34.861736 34.968945 34.999348 34.983334 35.01618 35.01762
34.42065 34.425545 34.49127 34.552727 34.47595 34.360836 34.463825 34.549088 34.68612 34.707428 34.66383 34.622837 34.635193 34.728645 34.499718 34.55339 34.63398 34.641663 34.612064 34.62257 34.62768 34.6205 34.61545 34.61295 34.608704 34.59435 34.587257 34.63117 34.7423 34.73156 34.715527 34.72584 34.683487 34.666256 34.64592 34.635403 34.603058 34.56398 34.56388 34.5039 34.561264 34.7137 34.702374 34.691574 34.644478 34.641888 34.619225 34.577236 34.565784 34.585068 34.639572 34.73901 34.55707 34.474712 34.818672 34.85792 34.957058 35.011013 35.009125 35.003227 34.936348
34.403397 34.38585 34.49404 34.483185 34.38773 34.356426 34.53168 34.532597 34.666313 34.724953 34.67782 34.640556 34.634563 34.717724 34.481586 34.536373 34.534496 34.56524 34.59988 34.601616 34.59826 34.594223 34.58999 34.601063 34.594902 34.589672 34.58069 34.737072 34.766384 34.750565 34.728443 34.704597 34.703274 34.67821 34.662426 34.643196 34.638805 34.601795 34.572144 34.577637 34.5266 34.581062 34.59232 34.611477 34.66071 34.59034 34.54375 34.529293 34.541653 34.57427 34.627716 34.64443 34.60851 34.504795 34.804886 34.76612 34.812256 34.896603 34.996853 35.020092 35.014626
34.402405 34.404102 34.471153 34.315468 34.332233 34.414837 34.56284 34.539906 34.666935 34.730984 34.68936 34.64017 34.628536 34.718132 34.510822 34.54148 34.563828 34.581497 34.568493 34.561966 34.58341 34.625298 34.683952 34.71283 34.716663 34.729664 34.75358 34.756893 34.767326 34.766 34.730846 34.715343 34.69495 34.69133 34.678265 34.678677 34.65505 34.63293 34.596687 34.581043 34.592678 34.597027 34.635765 34.664845 34.57754 34.53289 34.507355 34.48933 34.51607 34.563644 34.600018 34.611736 34.689938 34.50842 34.71648 34.684242 34.658516 34.781506 34.81918 34.825718 34.835823
34.42239 34.482014 34.407246 34.30071 34.41161 34.491158 34.480984 34.590443 34.679306 34.733513 34.700123 34.64323 34.62824 34.70733 34.59809 34.52735 34.56285 34.622078 34.67748 34.690754 34.749287 34.77136 34.79048 34.797287 34.772068 34.712547 34.719147 34.730003 34.773678 34.753708 34.74002 34.74486 34.74067 34.73115 34.70976 34.715183 34.678368 34.65133 34.61476 34.58703 34.590824 34.60057 34.667995 34.613075 34.538475 34.519173 34.539608 34.497433 34.512848 34.55436 34.588642 34.621975 34.683647 34.5329 34.548428 34.664425 34.62891 34.63549 34.777653 34.935295 34.947956
34.40768 34.500687 34.370552 34.319637 34.40807 34.47167 34.52505 34.62086 34.67402 34.7347 34.710255 34.654934 34.634407 34.703705 34.685432 34.5885 34.58731 34.601078 34.722527 34.7323 34.737347 34.744255 34.778988 34.80077 34.810005 34.794918 34.77934 34.788116 34.775314 34.754242 34.72746 34.707394 34.69782 34.686066 34.688004 34.71548 34.697853 34.666786 34.624218 34.592308 34.580795 34.63453 34.66225 34.579746 34.53513 34.580753 34.55371 34.51151 34.53015 34.566154 34.610073 34.624355 34.66063 34.58212 34.502457 34.558083 34.635906 34.61129 34.689793 34.775528 34.820732
34.390026 34.407486 34.310246 34.419754 34.495583 34.444916 34.56531 34.663536 34.671032 34.733 34.71906 34.670685 34.647636 34.72317 34.73895 34.652172 34.6162 34.612423 34.738407 34.736412 34.75605 34.76233 34.765995 34.76102 34.768524 34.774635 34.76865 34.746918 34.705173 34.661083 34.61685 34.608715 34.605457 34.59607 34.59417 34.60857 34.64166 34.65868 34.559967 34.592194 34.566616 34.648804 34.65448 34.56406 34.545006 34.592346 34.58946 34.52626 34.54716 34.582382 34.58731 34.586403 34.629467 34.609985 34.565037 34.537712 34.66436 34.672356 34.729153 34.781006 34.773697
34.35085 34.32307 34.41927 34.53976 34.369106 34.563465 34.655647 34.622616 34.690506 34.729485 34.72536 34.680595 34.682705 34.747498 34.657066 34.627457 34.607246 34.697186 34.749157 34.782467 34.78362 34.780586 34.74396 34.708168 34.695377 34.683857 34.68224 34.68255 34.623848 34.591396 34.71157 34.69251 34.645893 34.643497 34.66245 34.59543 34.561596 34.58138 34.573833 34.53669 34.560112 34.623524 34.648087 34.567 34.548744 34.58734 34.594517 34.56465 34.550526 34.56733 34.573338 34.589287 34.59484 34.593864 34.56002 34.56208 34.661472 34.67118 34.64658 34.6348 34.631298
34.33731 34.436817 34.471222 34.50633 34.368813 34.6285 34.679398 34.661316 34.744083 34.72073 34.720707 34.686863 34.720078 34.704517 34.65075 34.64389 34.663963 34.741405 34.767 34.776913 34.756744 34.776054 34.735092 34.79472 34.740788 34.723736 34.686848 34.537975 34.689114 34.76525 34.602512 34.585346 34.56641 34.53898 34.531155 34.68605 34.592392 34.53441 34.580013 34.45891 34.561012 34.5871 34.641575 34.590588 34.544888 34.59314 34.598366 34.589954 34.56404 34.568638 34.563953 34.56907 34.570637 34.574295 34.577793 34.584892 34.592983 34.601177 34.613 34.62812 34.6548
34.420788 34.40161 34.41508 34.4505 34.50152 34.639732 34.72791 34.721233 34.746193 34.71359 34.713993 34.69506 34.734356 34.684845 34.679554 34.69744 34.72983 34.767483 34.7602 34.70754 34.702938 34.73537 34.754444 34.79327 34.723137 34.694073 34.5442 34.70931 34.741234 34.661716 34.587288 34.577187 34.558826 34.59983 34.59215 34.700893 34.628 34.539543 34.54608 34.43293 34.528088 34.563972 34.625034 34.60994 34.548447 34.55104 34.578693 34.60721 34.59302 34.579784 34.57671 34.592342 34.58069 34.57576 34.58243 34.604565 34.635895 34.649494 34.661686 34.682552 34.70673
34.414955 34.393883 34.40933 34.369125 34.61558 34.674255 34.745316 34.74421 34.74019 34.71341 34.713043 34.70855 34.73177 34.673283 34.687145 34.716133 34.74942 34.753284 34.680332 34.656734 34.658947 34.687454 34.725597 34.737247 34.713676 34.564728 34.673805 34.743397 34.65318 34.595695 34.565575 34.595665 34.58209 34.606464 34.687355 34.715862 34.683487 34.580288 34.49049 34.436996 34.47207 34.553642 34.607727 34.619656 34.556656 34.529545 34.572212 34.55996 34.583607 34.590794 34.592182 34.597004 34.62096 34.62353 34.593178 34.53189 34.49826 34.48868 34.455544 34.442432 34.43961
34.38074 34.385918 34.412273 34.35445 34.62826 34.726833 34.741875 34.752056 34.736137 34.705894 34.72242 34.716614 34.722927 34.68862 34.687138 34.728195 34.74643 34.68322 34.63234 34.622635 34.61611 34.63194 34.660545 34.667526 34.639767 34.552887 34.761917 34.64363 34.57157 34.5621 34.558613 34.578823 34.5853 34.58221 34.597683 34.704178 34.71994 34.695347 34.62783 34.519882 34.457504 34.554447 34.59757 34.59678 34.560577 34.5419 34.5619 34.597458 34.64551 34.61771 34.63794 34.64629 34.61632 34.52412 34.489048 34.599117 34.551796 34.43711 34.414165 34.443245 34.44741
34.306072 34.374966 34.425247 34.400345 34.606647 34.721577 34.714832 34.72042 34.72518 34.719032 34.716526 34.72245 34.724503 34.70505 34.683083 34.698082 34.660995 34.61669 34.57509 34.55537 34.576794 34.603306 34.622753 34.655647 34.54478 34.74935 34.651436 34.574146 34.564632 34.55393 34.549107 34.551476 34.54111 34.55124 34.564873 34.59604 34.677597 34.705048 34.674637 34.56643 34.468758 34.55245 34.595314 34.560787 34.592327 34.57049 34.601524 34.67184 34.645493 34.669453 34.658653 34.569332 34.48134 34.544353 34.663353 34.58444 34.44268 34.46039 34.609272 34.557938 34.46572
34.328407 34.39624 34.407925 34.527252 34.59736 34.673817 34.62262 34.699875 34.71155 34.73311 34.741188 34.730293 34.72065 34.71876 34.698925 34.676 34.609547 34.546955 34.514263 34.52127 34.553745 34.569614 34.590473 34.561413 34.56065 34.680557 34.584957 34.570854 34.554684 34.49694 34.485085 34.492706 34.51271 34.53496 34.525608 34.551914 34.615417 34.69091 34.669647 34.55893 34.482574 34.557175 34.575256 34.55211 34.66096 34.672005 34.69253 34.682796 34.694427 34.62507 34.50582 34.518295 34.595127 34.708004 34.690006 34.554726 34.416927 34.517727 34.581806 34.502567 34.448273
