static/data/thetao/2023/7/10/0.asc
ncols 137
nrows 93
xllcorner 108.0
yllcorner 17.0
cellsize 0.25
NODATA_value -32767
[rows 54 to 80 of 93, columns 0 to 60 of 137]
-32767.0 -32767.0 -32767.0 -32767.0 -32767.0 -32767.0 -32767.0 -32767.0 -32767.0 -32767.0 -32767.0 -32767.0 -32767.0 -32767.0 -32767.0 -32767.0 -32767.0 -32767.0 -32767.0 -32767.0 -32767.0 -32767.0 -32767.0 -32767.0 -32767.0 -32767.0 -32767.0 -32767.0 -32767.0 -32767.0 -32767.0 -32767.0 -32767.0 -32767.0 -32767.0 -32767.0 -32767.0 -32767.0 -32767.0 -32767.0 -32767.0 -32767.0 -32767.0 -32767.0 -32767.0 -32767.0 -32767.0 -32767.0 25.68233 25.266792 24.408371 26.143877 27.527975 28.218843 28.425703 29.01391 29.67034 29.451118 29.405807 29.268612 29.39899
-32767.0 -32767.0 -32767.0 -32767.0 -32767.0 -32767.0 -32767.0 -32767.0 -32767.0 -32767.0 -32767.0 -32767.0 -32767.0 -32767.0 -32767.0 -32767.0 -32767.0 -32767.0 -32767.0 -32767.0 -32767.0 -32767.0 -32767.0 -32767.0 -32767.0 -32767.0 -32767.0 -32767.0 -32767.0 -32767.0 -32767.0 -32767.0 -32767.0 -32767.0 -32767.0 -32767.0 -32767.0 -32767.0 -32767.0 -32767.0 -32767.0 -32767.0 -32767.0 -32767.0 -32767.0 -32767.0 -32767.0 30.203592 -32767.0 25.04392 25.821112 26.994215 28.488102 28.427547 29.784897 29.493181 29.244751 29.37257 29.429037 29.454903 29.456676
-32767.0 -32767.0 -32767.0 -32767.0 -32767.0 -32767.0 -32767.0 -32767.0 -32767.0 -32767.0 -32767.0 -32767.0 -32767.0 -32767.0 -32767.0 -32767.0 -32767.0 -32767.0 -32767.0 -32767.0 -32767.0 -32767.0 -32767.0 -32767.0 -32767.0 -32767.0 -32767.0 -32767.0 -32767.0 -32767.0 -32767.0 -32767.0 -32767.0 -32767.0 -32767.0 -32767.0 -32767.0 -32767.0 -32767.0 -32767.0 -32767.0 -32767.0 -32767.0 -32767.0 -32767.0 -32767.0 -32767.0 30.097488 25.839998 24.88564 26.528526 27.588257 28.773249 29.360352 29.771 29.136353 29.651134 29.90491 29.874605 29.889753 29.919653
-32767.0 -32767.0 -32767.0 -32767.0 -32767.0 -32767.0 -32767.0 -32767.0 -32767.0 -32767.0 -32767.0 -32767.0 -32767.0 -32767.0 -32767.0 -32767.0 -32767.0 -32767.0 -32767.0 -32767.0 -32767.0 -32767.0 -32767.0 -32767.0 -32767.0 -32767.0 -32767.0 -32767.0 -32767.0 -32767.0 -32767.0 -32767.0 -32767.0 -32767.0 -32767.0 -32767.0 -32767.0 -32767.0 -32767.0 -32767.0 -32767.0 -32767.0 -32767.0 -32767.0 -32767.0 -32767.0 -32767.0 28.869778 24.57504 24.858435 26.325699 27.835943 28.987995 29.757019 29.301891 29.92663 29.979595 30.0309 30.037226 29.907022 29.884733
-32767.0 -32767.0 -32767.0 -32767.0 -32767.0 -32767.0 -32767.0 -32767.0 -32767.0 -32767.0 -32767.0 -32767.0 -32767.0 -32767.0 -32767.0 -32767.0 -32767.0 -32767.0 -32767.0 -32767.0 -32767.0 -32767.0 -32767.0 -32767.0 -32767.0 -32767.0 -32767.0 -32767.0 -32767.0 -32767.0 -32767.0 -32767.0 -32767.0 -32767.0 -32767.0 -32767.0 -32767.0 -32767.0 -32767.0 -32767.0 -32767.0 -32767.0 -32767.0 -32767.0 -32767.0 30.704504 -32767.0 28.293194 25.561739 25.471529 27.255888 28.055086 28.77116 29.58642 28.855488 29.257402 29.780724 29.670908 29.361437 29.45003 29.53593
-32767.0 -32767.0 -32767.0 -32767.0 -32767.0 -32767.0 -32767.0 -32767.0 -32767.0 -32767.0 -32767.0 -32767.0 -32767.0 -32767.0 -32767.0 -32767.0 -32767.0 -32767.0 -32767.0 -32767.0 -32767.0 -32767.0 -32767.0 -32767.0 -32767.0 -32767.0 -32767.0 -32767.0 -32767.0 -32767.0 -32767.0 -32767.0 -32767.0 -32767.0 -32767.0 -32767.0 -32767.0 -32767.0 -32767.0 -32767.0 -32767.0 -32767.0 -32767.0 -32767.0 -32767.0 -32767.0 27.43406 25.502184 25.01583 26.244684 27.503204 28.34151 28.572512 29.384968 29.667225 29.75052 29.688854 29.765703 28.917248 29.053074 29.668842
-32767.0 -32767.0 -32767.0 -32767.0 -32767.0 -32767.0 -32767.0 -32767.0 -32767.0 -32767.0 -32767.0 -32767.0 -32767.0 -32767.0 -32767.0 -32767.0 -32767.0 -32767.0 -32767.0 -32767.0 -32767.0 -32767.0 -32767.0 -32767.0 -32767.0 -32767.0 -32767.0 -32767.0 -32767.0 -32767.0 -32767.0 -32767.0 -32767.0 -32767.0 -32767.0 -32767.0 -32767.0 -32767.0 -32767.0 -32767.0 -32767.0 -32767.0 -32767.0 -32767.0 28.585453 26.599771 25.427368 25.326393 26.226242 27.06104 28.605776 28.52918 -32767.0 -32767.0 -32767.0 -32767.0 30.178036 29.386799 29.939955 29.550707 29.616816
-32767.0 -32767.0 -32767.0 -32767.0 -32767.0 -32767.0 -32767.0 -32767.0 -32767.0 -32767.0 -32767.0 -32767.0 -32767.0 -32767.0 -32767.0 -32767.0 -32767.0 -32767.0 -32767.0 -32767.0 -32767.0 -32767.0 -32767.0 -32767.0 -32767.0 -32767.0 -32767.0 -32767.0 -32767.0 -32767.0 -32767.0 -32767.0 -32767.0 -32767.0 -32767.0 -32767.0 -32767.0 -32767.0 -32767.0 -32767.0 -32767.0 -32767.0 -32767.0 26.913866 25.657257 25.805357 26.167116 26.471115 27.5166 27.631172 28.653208 28.750044 -32767.0 -32767.0 -32767.0 -32767.0 30.271255 29.923624 29.757797 29.601978 29.521326
-32767.0 -32767.0 -32767.0 -32767.0 -32767.0 -32767.0 -32767.0 -32767.0 -32767.0 -32767.0 -32767.0 -32767.0 -32767.0 -32767.0 -32767.0 -32767.0 -32767.0 -32767.0 -32767.0 -32767.0 -32767.0 -32767.0 -32767.0 -32767.0 -32767.0 -32767.0 -32767.0 -32767.0 -32767.0 -32767.0 -32767.0 -32767.0 -32767.0 -32767.0 -32767.0 -32767.0 -32767.0 -32767.0 -32767.0 -32767.0 -32767.0 29.200573 29.09425 25.868927 26.091017 27.544922 27.236593 29.195646 29.10019 28.856321 28.77914 -32767.0 -32767.0 -32767.0 -32767.0 -32767.0 29.816261 29.52827 29.460615 29.679127 29.319946
-32767.0 -32767.0 -32767.0 -32767.0 -32767.0 -32767.0 -32767.0 -32767.0 -32767.0 -32767.0 -32767.0 -32767.0 -32767.0 -32767.0 -32767.0 -32767.0 -32767.0 -32767.0 -32767.0 -32767.0 -32767.0 -32767.0 -32767.0 -32767.0 -32767.0 -32767.0 -32767.0 -32767.0 -32767.0 -32767.0 -32767.0 -32767.0 -32767.0 -32767.0 -32767.0 -32767.0 -32767.0 -32767.0 -32767.0 -32767.0 -32767.0 27.217377 25.95507 24.794601 27.464104 28.755434 29.417742 28.23505 28.652748 28.254148 30.934746 -32767.0 -32767.0 -32767.0 -32767.0 29.412313 29.607016 29.371471 29.497103 29.405012 29.310038
-32767.0 -32767.0 -32767.0 -32767.0 -32767.0 -32767.0 -32767.0 -32767.0 -32767.0 -32767.0 -32767.0 -32767.0 -32767.0 -32767.0 -32767.0 -32767.0 -32767.0 -32767.0 -32767.0 -32767.0 -32767.0 -32767.0 -32767.0 -32767.0 -32767.0 -32767.0 -32767.0 -32767.0 -32767.0 -32767.0 -32767.0 -32767.0 -32767.0 -32767.0 -32767.0 -32767.0 -32767.0 -32767.0 -32767.0 28.034363 26.428503 24.806969 24.955278 25.420237 28.777306 29.61821 28.616203 27.287386 29.441788 31.073698 -32767.0 -32767.0 -32767.0 -32767.0 -32767.0 29.463076 29.861942 29.350111 29.445276 29.114012 29.406279
-32767.0 -32767.0 -32767.0 -32767.0 -32767.0 -32767.0 -32767.0 -32767.0 -32767.0 -32767.0 -32767.0 -32767.0 -32767.0 -32767.0 -32767.0 -32767.0 -32767.0 -32767.0 -32767.0 -32767.0 -32767.0 -32767.0 -32767.0 -32767.0 -32767.0 -32767.0 -32767.0 -32767.0 -32767.0 -32767.0 -32767.0 -32767.0 -32767.0 -32767.0 -32767.0 -32767.0 -32767.0 -32767.0 26.577272 24.83404 23.681618 23.803444 24.62156 28.234934 29.687912 29.871237 28.320951 29.135815 30.614964 31.152695 -32767.0 -32767.0 -32767.0 -32767.0 -32767.0 29.539984 29.407635 29.228266 29.474218 28.89948 29.360891
-32767.0 -32767.0 -32767.0 -32767.0 -32767.0 -32767.0 -32767.0 -32767.0 -32767.0 -32767.0 -32767.0 -32767.0 -32767.0 -32767.0 -32767.0 -32767.0 -32767.0 -32767.0 -32767.0 -32767.0 -32767.0 -32767.0 -32767.0 -32767.0 -32767.0 -32767.0 -32767.0 -32767.0 -32767.0 -32767.0 -32767.0 -32767.0 -32767.0 -32767.0 -32767.0 -32767.0 26.319628 24.491714 22.998817 23.17333 24.137539 25.556698 27.363321 29.284082 30.386824 29.01343 -32767.0 30.106432 30.612286 -32767.0 -32767.0 -32767.0 -32767.0 -32767.0 29.545889 29.515926 29.451395 29.271235 29.530779 28.758694 29.387922
-32767.0 -32767.0 -32767.0 -32767.0 -32767.0 -32767.0 -32767.0 -32767.0 -32767.0 -32767.0 -32767.0 -32767.0 -32767.0 -32767.0 -32767.0 -32767.0 -32767.0 -32767.0 -32767.0 -32767.0 -32767.0 -32767.0 -32767.0 -32767.0 -32767.0 -32767.0 -32767.0 -32767.0 -32767.0 -32767.0 -32767.0 -32767.0 -32767.0 -32767.0 -32767.0 25.057829 23.070284 23.08943 23.954153 24.656654 26.083109 27.338076 28.748135 29.274488 29.691849 29.511658 -32767.0 31.033562 30.756985 -32767.0 -32767.0 -32767.0 -32767.0 -32767.0 29.408613 30.11814 29.451075 29.589191 29.505663 29.047195 29.428764
-32767.0 -32767.0 -32767.0 -32767.0 -32767.0 -32767.0 -32767.0 -32767.0 -32767.0 -32767.0 -32767.0 -32767.0 -32767.0 -32767.0 -32767.0 -32767.0 -32767.0 -32767.0 -32767.0 -32767.0 -32767.0 -32767.0 -32767.0 -32767.0 -32767.0 -32767.0 -32767.0 -32767.0 -32767.0 -32767.0 -32767.0 -32767.0 -32767.0 -32767.0 -32767.0 23.583626 24.672066 26.332325 26.9685 26.963253 27.389322 28.325075 27.388191 26.170704 20.749517 22.492426 30.317965 31.02408 30.735392 -32767.0 -32767.0 -32767.0 -32767.0 -32767.0 29.54421 29.530647 29.520718 29.696089 29.889826 29.586428 29.364101
-32767.0 -32767.0 -32767.0 -32767.0 -32767.0 -32767.0 -32767.0 -32767.0 -32767.0 -32767.0 -32767.0 -32767.0 -32767.0 -32767.0 -32767.0 -32767.0 -32767.0 -32767.0 -32767.0 -32767.0 -32767.0 -32767.0 -32767.0 -32767.0 -32767.0 -32767.0 -32767.0 31.338442 -32767.0 28.061789 -32767.0 26.973665 26.764912 25.658773 25.901804 26.158194 26.48286 27.126375 28.122536 28.464123 29.469538 27.698988 29.154587 26.990734 28.49382 29.638102 30.94577 30.993103 30.629185 -32767.0 -32767.0 -32767.0 -32767.0 28.193014 29.33657 29.504786 29.541752 30.186893 30.209719 29.960855 29.164892
-32767.0 -32767.0 -32767.0 -32767.0 -32767.0 -32767.0 -32767.0 -32767.0 -32767.0 -32767.0 -32767.0 -32767.0 -32767.0 -32767.0 -32767.0 -32767.0 -32767.0 -32767.0 -32767.0 -32767.0 -32767.0 -32767.0 -32767.0 31.598574 -32767.0 -32767.0 25.381214 26.013071 26.43198 26.744457 26.972353 27.237906 27.331257 27.300503 27.559723 27.75933 28.180202 28.659723 28.902954 29.56497 29.671179 29.69591 29.981434 29.915468 30.351786 30.479813 30.461985 30.444668 30.524893 30.596708 -32767.0 -32767.0 28.438667 28.190145 30.160088 29.54276 29.701506 30.403671 30.196455 30.079214 29.30047
-32767.0 -32767.0 -32767.0 -32767.0 -32767.0 -32767.0 -32767.0 -32767.0 -32767.0 -32767.0 -32767.0 -32767.0 -32767.0 -32767.0 -32767.0 -32767.0 -32767.0 -32767.0 -32767.0 -32767.0 -32767.0 -32767.0 -32767.0 31.43292 31.781116 28.088926 26.951654 27.970612 28.594725 28.75952 28.731827 28.843132 29.15388 29.040012 28.961468 29.030691 29.285803 29.371931 29.587704 29.727877 29.860987 30.120623 30.327667 30.441273 30.294487 30.447706 30.4217 30.525158 30.5109 30.595066 30.40706 -32767.0 28.737036 29.31405 30.076025 29.478516 29.913761 30.500322 29.903744 30.144915 29.486963
-32767.0 -32767.0 -32767.0 -32767.0 -32767.0 -32767.0 -32767.0 -32767.0 -32767.0 -32767.0 -32767.0 -32767.0 -32767.0 -32767.0 -32767.0 -32767.0 -32767.0 -32767.0 -32767.0 -32767.0 32.141785 31.03455 30.144196 29.163563 27.340265 -32767.0 28.778732 29.667824 29.754442 29.734426 30.03085 30.241108 30.338705 30.375288 30.327219 30.379017 30.319277 30.35421 30.368885 30.35511 30.312756 30.315136 30.343493 30.37835 30.478796 30.527218 30.564333 30.601524 30.603174 30.587767 30.42851 -32767.0 28.501005 29.840244 30.346949 30.291594 30.531765 30.239765 29.881523 30.01411 29.46346
-32767.0 -32767.0 31.81656 -32767.0 -32767.0 -32767.0 -32767.0 -32767.0 -32767.0 -32767.0 -32767.0 -32767.0 -32767.0 -32767.0 -32767.0 -32767.0 31.688639 -32767.0 31.149664 31.438826 29.409071 27.097948 27.34711 28.346708 29.181774 29.871077 30.162891 30.301138 30.271969 30.247957 30.254475 30.297695 30.35244 30.35072 30.30882 30.282736 30.305182 30.322874 30.337381 30.341085 30.361727 30.38328 30.424324 30.534388 30.568094 30.575546 30.56152 30.637339 30.641632 30.62873 30.64194 30.6388 30.50444 30.527905 30.421787 30.314594 30.30686 29.9453 29.949146 29.603798 29.510345
-32767.0 31.303343 31.517258 31.569489 31.866133 -32767.0 32.631924 32.38331 -32767.0 -32767.0 -32767.0 -32767.0 -32767.0 31.911057 31.34516 29.715593 29.056734 28.90548 29.033964 29.02291 29.02417 29.244032 29.583067 29.846329 29.979122 29.905262 29.969019 29.995623 30.009726 30.079878 30.200161 30.246136 30.235529 30.23761 30.269302 30.28823 30.324562 30.352335 30.386866 30.411478 30.409782 30.421736 30.49235 30.599417 30.560543 30.669336 30.729141 30.717466 30.723818 30.66645 30.635464 30.620176 30.587343 30.5487 30.426912 30.118402 29.854357 29.80149 29.806656 29.77301 29.496689
31.051401 29.822588 29.883661 30.690516 31.312542 31.71918 32.149532 32.57392 -32767.0 -32767.0 -32767.0 31.008545 29.587334 28.828575 28.627428 28.90902 29.038532 29.160275 29.257795 29.364084 29.519678 29.64742 29.650879 29.593271 29.62634 29.63981 29.739435 29.791685 30.032206 30.13379 30.188435 30.192894 30.208134 30.238382 30.28276 30.334194 30.392244 30.386854 30.411064 30.450525 30.425886 30.432917 30.553768 30.646343 30.77486 30.78536 30.712736 30.769419 30.640335 30.738949 30.794493 30.816614 30.7276 30.474192 30.098122 30.060556 29.849407 29.817352 29.745634 29.710588 29.550959
29.238806 29.983225 30.25943 29.876846 30.395933 31.126316 32.098473 -32767.0 -32767.0 31.813177 -32767.0 28.169296 28.37035 29.008747 29.043022 29.112448 29.23555 29.26646 29.308619 29.36062 29.350403 29.350765 29.488014 29.686226 29.765736 29.741074 29.89073 29.983442 30.08835 30.169437 30.215096 30.237364 30.265749 30.3148 30.387892 30.378584 30.335443 30.283745 30.269236 30.443008 30.527756 30.489788 30.689331 30.85437 30.774256 30.739582 30.688026 30.820158 30.764093 30.90226 30.86992 30.700867 30.553764 30.712078 30.509893 30.30174 29.903349 29.7042 29.721085 29.610762 29.388775
30.283323 30.330296 30.364445 30.399693 30.359 30.854677 32.1902 32.750908 -32767.0 -32767.0 31.135773 29.743937 29.293104 29.290419 29.237844 29.332485 29.39576 29.449202 29.466568 29.458958 29.559929 29.665827 29.595793 29.582533 29.778263 29.938759 30.056849 30.139769 30.10405 30.161774 30.231161 30.293684 30.33537 30.308006 30.343 30.450672 30.405447 30.315313 30.50957 30.671453 30.643513 30.554459 30.799137 30.717348 30.709509 30.689898 30.758986 30.78855 30.792543 30.965391 30.863356 30.794432 30.748184 30.743979 30.724745 30.485367 30.089611 29.787098 29.593271 29.58528 29.73284
30.118597 30.06897 30.261436 30.502375 30.618748 30.850529 31.437057 32.067436 -32767.0 -32767.0 31.031828 30.771133 30.138126 29.492556 29.124186 28.554323 28.373201 28.272705 28.280172 28.487745 28.570154 28.61066 28.94308 29.812317 30.178501 30.223757 30.181112 30.123394 30.09951 30.21281 30.287971 30.39477 30.31879 30.366457 30.372036 30.31441 30.362093 30.42813 30.668726 30.61832 30.559393 30.707712 30.749796 30.71235 30.752308 30.918722 31.011318 30.930918 30.8981 31.020739 31.076677 30.776518 30.9046 30.883118 30.707207 30.524708 -32767.0 30.307224 29.697584 29.819515 29.818542
29.797699 29.906223 30.205761 30.55216 30.825727 31.027243 31.071264 31.40332 31.526518 31.27646 31.020502 30.958282 30.496906 29.48902 27.65772 26.663752 26.906088 27.20756 27.428507 27.706066 28.138079 28.86914 29.329239 30.255352 30.262428 30.18601 30.107527 30.060003 30.194881 30.33158 30.394402 30.434637 30.37439 30.36502 30.354439 30.349802 30.373589 30.46419 30.710503 30.592575 30.638615 30.701572 30.788797 30.788866 30.763128 31.00598 31.123383 31.090538 31.156683 31.231548 31.243668 30.705578 30.788563 30.526821 30.807697 30.78675 30.69348 30.81715 30.716854 29.895575 29.850838
29.776464 29.939592 29.940605 30.443064 31.092333 31.193007 31.394892 31.62269 31.409208 -32767.0 -32767.0 -32767.0 29.866396 28.44136 26.250647 27.650114 28.74797 29.072287 29.060846 28.656727 28.285461 29.374353 29.938662 30.239697 30.162453 30.084906 30.105854 30.093552 30.369843 30.45211 30.45617 30.456606 30.513376 30.501406 30.409063 30.395916 30.417963 30.467325 30.691717 30.768517 30.709976 30.785423 30.831871 30.780241 30.749327 30.866028 31.144623 31.183615 31.11899 31.041855 31.18571 31.129177 30.721413 30.569866 30.675705 30.619259 30.62858 30.749434 30.72333 30.645046 29.895452
