static/data/thetao/2023/7/10/12.asc
ncols 137
nrows 93
xllcorner 108.0
yllcorner 17.0
cellsize 0.25
NODATA_value -32767
[rows 54 to 80 of 93, columns 0 to 60 of 137]
-32767.0 -32767.0 -32767.0 -32767.0 -32767.0 -32767.0 -32767.0 -32767.0 -32767.0 -32767.0 -32767.0 -32767.0 -32767.0 -32767.0 -32767.0 -32767.0 -32767.0 -32767.0 -32767.0 -32767.0 -32767.0 -32767.0 -32767.0 -32767.0 -32767.0 -32767.0 -32767.0 -32767.0 -32767.0 -32767.0 -32767.0 -32767.0 -32767.0 -32767.0 -32767.0 -32767.0 -32767.0 -32767.0 -32767.0 -32767.0 -32767.0 -32767.0 -32767.0 -32767.0 -32767.0 -32767.0 -32767.0 -32767.0 26.08481 25.682007 25.060242 26.4792 27.558441 28.617811 28.677734 29.321814 29.779545 29.52498 29.508247 29.385622 29.566113
-32767.0 -32767.0 -32767.0 -32767.0 -32767.0 -32767.0 -32767.0 -32767.0 -32767.0 -32767.0 -32767.0 -32767.0 -32767.0 -32767.0 -32767.0 -32767.0 -32767.0 -32767.0 -32767.0 -32767.0 -32767.0 -32767.0 -32767.0 -32767.0 -32767.0 -32767.0 -32767.0 -32767.0 -32767.0 -32767.0 -32767.0 -32767.0 -32767.0 -32767.0 -32767.0 -32767.0 -32767.0 -32767.0 -32767.0 -32767.0 -32767.0 -32767.0 -32767.0 -32767.0 -32767.0 -32767.0 -32767.0 30.646427 -32767.0 25.883877 26.370058 27.440893 28.666359 28.947475 29.971794 29.626682 29.444565 29.56086 29.617697 29.593039 29.587082
-32767.0 -32767.0 -32767.0 -32767.0 -32767.0 -32767.0 -32767.0 -32767.0 -32767.0 -32767.0 -32767.0 -32767.0 -32767.0 -32767.0 -32767.0 -32767.0 -32767.0 -32767.0 -32767.0 -32767.0 -32767.0 -32767.0 -32767.0 -32767.0 -32767.0 -32767.0 -32767.0 -32767.0 -32767.0 -32767.0 -32767.0 -32767.0 -32767.0 -32767.0 -32767.0 -32767.0 -32767.0 -32767.0 -32767.0 -32767.0 -32767.0 -32767.0 -32767.0 -32767.0 -32767.0 -32767.0 -32767.0 30.548777 27.087667 25.239977 26.300802 27.681538 28.948616 29.505934 30.005426 29.538841 30.175968 30.054422 29.939299 30.00467 29.95096
-32767.0 -32767.0 -32767.0 -32767.0 -32767.0 -32767.0 -32767.0 -32767.0 -32767.0 -32767.0 -32767.0 -32767.0 -32767.0 -32767.0 -32767.0 -32767.0 -32767.0 -32767.0 -32767.0 -32767.0 -32767.0 -32767.0 -32767.0 -32767.0 -32767.0 -32767.0 -32767.0 -32767.0 -32767.0 -32767.0 -32767.0 -32767.0 -32767.0 -32767.0 -32767.0 -32767.0 -32767.0 -32767.0 -32767.0 -32767.0 -32767.0 -32767.0 -32767.0 -32767.0 -32767.0 -32767.0 -32767.0 29.118011 25.834515 25.281322 26.921017 28.019121 29.087477 29.834087 29.840057 29.994383 29.789782 29.805998 29.94837 29.754385 29.830616
-32767.0 -32767.0 -32767.0 -32767.0 -32767.0 -32767.0 -32767.0 -32767.0 -32767.0 -32767.0 -32767.0 -32767.0 -32767.0 -32767.0 -32767.0 -32767.0 -32767.0 -32767.0 -32767.0 -32767.0 -32767.0 -32767.0 -32767.0 -32767.0 -32767.0 -32767.0 -32767.0 -32767.0 -32767.0 -32767.0 -32767.0 -32767.0 -32767.0 -32767.0 -32767.0 -32767.0 -32767.0 -32767.0 -32767.0 -32767.0 -32767.0 -32767.0 -32767.0 -32767.0 -32767.0 31.12822 -32767.0 28.834375 26.22361 25.746317 27.316088 28.41701 28.588871 29.6886 29.79871 29.652273 29.851439 29.636545 29.127605 29.157684 29.437582
-32767.0 -32767.0 -32767.0 -32767.0 -32767.0 -32767.0 -32767.0 -32767.0 -32767.0 -32767.0 -32767.0 -32767.0 -32767.0 -32767.0 -32767.0 -32767.0 -32767.0 -32767.0 -32767.0 -32767.0 -32767.0 -32767.0 -32767.0 -32767.0 -32767.0 -32767.0 -32767.0 -32767.0 -32767.0 -32767.0 -32767.0 -32767.0 -32767.0 -32767.0 -32767.0 -32767.0 -32767.0 -32767.0 -32767.0 -32767.0 -32767.0 -32767.0 -32767.0 -32767.0 -32767.0 -32767.0 27.851683 26.130096 25.646467 26.445217 27.495792 28.97009 29.02106 29.659924 29.956932 30.179811 29.693779 29.804317 29.878563 30.060843 29.764431
-32767.0 -32767.0 -32767.0 -32767.0 -32767.0 -32767.0 -32767.0 -32767.0 -32767.0 -32767.0 -32767.0 -32767.0 -32767.0 -32767.0 -32767.0 -32767.0 -32767.0 -32767.0 -32767.0 -32767.0 -32767.0 -32767.0 -32767.0 -32767.0 -32767.0 -32767.0 -32767.0 -32767.0 -32767.0 -32767.0 -32767.0 -32767.0 -32767.0 -32767.0 -32767.0 -32767.0 -32767.0 -32767.0 -32767.0 -32767.0 -32767.0 -32767.0 -32767.0 -32767.0 29.065342 26.788923 26.067055 25.840942 26.222696 27.508154 28.169617 28.752092 -32767.0 -32767.0 -32767.0 -32767.0 29.870962 29.795355 29.82718 29.77445 29.742655
-32767.0 -32767.0 -32767.0 -32767.0 -32767.0 -32767.0 -32767.0 -32767.0 -32767.0 -32767.0 -32767.0 -32767.0 -32767.0 -32767.0 -32767.0 -32767.0 -32767.0 -32767.0 -32767.0 -32767.0 -32767.0 -32767.0 -32767.0 -32767.0 -32767.0 -32767.0 -32767.0 -32767.0 -32767.0 -32767.0 -32767.0 -32767.0 -32767.0 -32767.0 -32767.0 -32767.0 -32767.0 -32767.0 -32767.0 -32767.0 -32767.0 -32767.0 -32767.0 27.289114 25.84508 26.600868 27.04527 26.693039 28.110062 28.260532 29.024305 29.193478 -32767.0 -32767.0 -32767.0 -32767.0 30.187307 29.681501 29.46458 29.688208 29.631783
-32767.0 -32767.0 -32767.0 -32767.0 -32767.0 -32767.0 -32767.0 -32767.0 -32767.0 -32767.0 -32767.0 -32767.0 -32767.0 -32767.0 -32767.0 -32767.0 -32767.0 -32767.0 -32767.0 -32767.0 -32767.0 -32767.0 -32767.0 -32767.0 -32767.0 -32767.0 -32767.0 -32767.0 -32767.0 -32767.0 -32767.0 -32767.0 -32767.0 -32767.0 -32767.0 -32767.0 -32767.0 -32767.0 -32767.0 -32767.0 -32767.0 29.595366 29.38645 26.335188 26.139776 28.292252 28.576153 28.557657 29.43517 29.211504 29.33514 -32767.0 -32767.0 -32767.0 -32767.0 -32767.0 29.534447 29.670633 29.477839 29.521563 29.453106
-32767.0 -32767.0 -32767.0 -32767.0 -32767.0 -32767.0 -32767.0 -32767.0 -32767.0 -32767.0 -32767.0 -32767.0 -32767.0 -32767.0 -32767.0 -32767.0 -32767.0 -32767.0 -32767.0 -32767.0 -32767.0 -32767.0 -32767.0 -32767.0 -32767.0 -32767.0 -32767.0 -32767.0 -32767.0 -32767.0 -32767.0 -32767.0 -32767.0 -32767.0 -32767.0 -32767.0 -32767.0 -32767.0 -32767.0 -32767.0 -32767.0 27.517105 26.435638 25.940222 26.617989 29.20438 29.61597 29.162918 28.79644 28.878536 31.262207 -32767.0 -32767.0 -32767.0 -32767.0 29.70771 29.895384 29.637285 29.58779 29.347506 29.530909
-32767.0 -32767.0 -32767.0 -32767.0 -32767.0 -32767.0 -32767.0 -32767.0 -32767.0 -32767.0 -32767.0 -32767.0 -32767.0 -32767.0 -32767.0 -32767.0 -32767.0 -32767.0 -32767.0 -32767.0 -32767.0 -32767.0 -32767.0 -32767.0 -32767.0 -32767.0 -32767.0 -32767.0 -32767.0 -32767.0 -32767.0 -32767.0 -32767.0 -32767.0 -32767.0 -32767.0 -32767.0 -32767.0 -32767.0 28.363352 26.046432 25.510876 25.907139 26.024881 29.124216 29.799911 28.926939 27.107956 30.383598 31.243357 -32767.0 -32767.0 -32767.0 -32767.0 -32767.0 29.637754 29.58602 29.332184 29.661228 29.20784 29.591982
-32767.0 -32767.0 -32767.0 -32767.0 -32767.0 -32767.0 -32767.0 -32767.0 -32767.0 -32767.0 -32767.0 -32767.0 -32767.0 -32767.0 -32767.0 -32767.0 -32767.0 -32767.0 -32767.0 -32767.0 -32767.0 -32767.0 -32767.0 -32767.0 -32767.0 -32767.0 -32767.0 -32767.0 -32767.0 -32767.0 -32767.0 -32767.0 -32767.0 -32767.0 -32767.0 -32767.0 -32767.0 -32767.0 26.983227 24.978119 24.259182 24.22778 24.611568 28.276983 29.76986 30.282532 28.976517 29.81087 30.85482 31.52496 -32767.0 -32767.0 -32767.0 -32767.0 -32767.0 29.593037 29.649868 29.45401 29.670576 29.108213 29.579777
-32767.0 -32767.0 -32767.0 -32767.0 -32767.0 -32767.0 -32767.0 -32767.0 -32767.0 -32767.0 -32767.0 -32767.0 -32767.0 -32767.0 -32767.0 -32767.0 -32767.0 -32767.0 -32767.0 -32767.0 -32767.0 -32767.0 -32767.0 -32767.0 -32767.0 -32767.0 -32767.0 -32767.0 -32767.0 -32767.0 -32767.0 -32767.0 -32767.0 -32767.0 -32767.0 -32767.0 26.6381 24.711115 23.256073 23.269325 24.131786 25.780989 27.210852 29.410917 30.627546 30.135798 -32767.0 30.73204 30.94629 -32767.0 -32767.0 -32767.0 -32767.0 -32767.0 29.16406 29.399277 29.497622 29.72967 29.621946 29.107265 29.575857
-32767.0 -32767.0 -32767.0 -32767.0 -32767.0 -32767.0 -32767.0 -32767.0 -32767.0 -32767.0 -32767.0 -32767.0 -32767.0 -32767.0 -32767.0 -32767.0 -32767.0 -32767.0 -32767.0 -32767.0 -32767.0 -32767.0 -32767.0 -32767.0 -32767.0 -32767.0 -32767.0 -32767.0 -32767.0 -32767.0 -32767.0 -32767.0 -32767.0 -32767.0 -32767.0 25.463013 23.151512 23.228603 24.332756 24.666824 26.096159 27.474611 28.995064 29.73843 30.881016 30.30012 -32767.0 31.387419 31.186768 -32767.0 -32767.0 -32767.0 -32767.0 -32767.0 29.117302 29.767475 29.716072 29.826273 29.892637 29.643467 29.561518
-32767.0 -32767.0 -32767.0 -32767.0 -32767.0 -32767.0 -32767.0 -32767.0 -32767.0 -32767.0 -32767.0 -32767.0 -32767.0 -32767.0 -32767.0 -32767.0 -32767.0 -32767.0 -32767.0 -32767.0 -32767.0 -32767.0 -32767.0 -32767.0 -32767.0 -32767.0 -32767.0 -32767.0 -32767.0 -32767.0 -32767.0 -32767.0 -32767.0 -32767.0 -32767.0 24.063118 24.776745 26.559265 27.44843 27.72407 27.532011 28.474833 27.613682 27.325274 21.866762 23.579441 30.485977 31.534266 31.208483 -32767.0 -32767.0 -32767.0 -32767.0 -32767.0 29.882935 29.485697 29.676086 30.35507 30.33353 30.115131 29.445137
-32767.0 -32767.0 -32767.0 -32767.0 -32767.0 -32767.0 -32767.0 -32767.0 -32767.0 -32767.0 -32767.0 -32767.0 -32767.0 -32767.0 -32767.0 -32767.0 -32767.0 -32767.0 -32767.0 -32767.0 -32767.0 -32767.0 -32767.0 -32767.0 -32767.0 -32767.0 -32767.0 31.872044 -32767.0 28.044838 -32767.0 27.042767 27.016165 26.093697 26.433401 26.73394 27.024729 27.52332 28.270782 28.835613 29.655508 28.319431 29.448603 28.873135 29.30939 30.058107 31.234774 31.602362 31.201351 -32767.0 -32767.0 -32767.0 -32767.0 28.812067 29.791302 29.954943 29.916641 30.51209 30.471218 30.345907 29.5551
-32767.0 -32767.0 -32767.0 -32767.0 -32767.0 -32767.0 -32767.0 -32767.0 -32767.0 -32767.0 -32767.0 -32767.0 -32767.0 -32767.0 -32767.0 -32767.0 -32767.0 -32767.0 -32767.0 -32767.0 -32767.0 -32767.0 -32767.0 32.076206 -32767.0 -32767.0 25.687845 26.238676 27.058899 27.281712 27.458757 27.697006 27.783928 27.741634 27.854813 28.189837 28.404375 28.964811 29.295414 29.783283 29.96119 30.129005 30.249865 30.548141 30.841055 30.913246 31.02594 30.969728 31.114445 31.287659 -32767.0 -32767.0 29.223185 28.708227 30.585663 29.66097 29.835875 30.567928 30.293358 30.220766 29.86122
-32767.0 -32767.0 -32767.0 -32767.0 -32767.0 -32767.0 -32767.0 -32767.0 -32767.0 -32767.0 -32767.0 -32767.0 -32767.0 -32767.0 -32767.0 -32767.0 -32767.0 -32767.0 -32767.0 -32767.0 -32767.0 -32767.0 -32767.0 31.892458 32.20279 28.441675 27.819227 28.319025 29.012497 29.431282 29.458393 29.264355 29.451187 29.555342 29.44308 29.447004 29.632473 29.781013 30.060827 30.077595 30.281261 30.420357 30.72611 30.838291 30.868574 30.879265 30.97246 31.044586 31.032085 31.099108 31.061533 -32767.0 28.784653 29.530127 30.382992 29.87644 30.134817 30.66792 30.198847 30.29096 30.048094
-32767.0 -32767.0 -32767.0 -32767.0 -32767.0 -32767.0 -32767.0 -32767.0 -32767.0 -32767.0 -32767.0 -32767.0 -32767.0 -32767.0 -32767.0 -32767.0 -32767.0 -32767.0 -32767.0 -32767.0 32.56987 31.427723 30.529957 29.379168 27.767567 -32767.0 29.098299 30.084839 30.353327 30.367773 30.491856 30.60969 30.686615 30.71932 30.672592 30.669888 30.670414 30.673992 30.716028 30.712887 30.722513 30.76672 30.830229 30.87763 30.957031 31.039276 31.097517 31.1294 31.125431 31.096197 31.055182 -32767.0 28.91396 30.87716 30.584343 30.672525 30.878325 30.492937 30.190235 30.298805 29.927847
-32767.0 -32767.0 32.21741 -32767.0 -32767.0 -32767.0 -32767.0 -32767.0 -32767.0 -32767.0 -32767.0 -32767.0 -32767.0 -32767.0 -32767.0 -32767.0 32.109035 -32767.0 31.62883 31.914425 30.169949 27.542318 27.518091 28.517014 29.473404 30.224073 30.397915 30.57336 30.576237 30.571428 30.5746 30.601665 30.653994 30.67331 30.672304 30.647789 30.651644 30.678057 30.712656 30.737837 30.778437 30.857512 30.965767 31.023993 31.109032 31.131598 31.157887 31.240814 31.265781 31.157164 30.957033 31.040297 31.085701 30.834547 30.829033 30.606075 30.562443 30.169554 30.202997 29.948753 29.896498
-32767.0 31.638817 31.789026 31.931587 32.27191 -32767.0 33.069145 32.740864 -32767.0 -32767.0 -32767.0 -32767.0 -32767.0 32.26143 31.833454 30.0369 29.512054 29.329302 29.485868 29.469011 29.580603 29.581028 29.899809 30.191452 30.339813 30.31728 30.311531 30.34518 30.32164 30.374084 30.514057 30.570675 30.57422 30.609922 30.629478 30.660418 30.69695 30.729612 30.764267 30.807808 30.860182 30.93608 31.013311 31.147657 31.140396 31.309486 31.40726 31.387068 31.22737 31.129211 31.097174 31.06986 31.025648 30.895718 30.762838 30.384892 30.134556 30.133022 30.137945 30.15841 29.920563
31.277443 30.175692 30.212626 30.945257 31.535938 31.993347 32.44714 33.02782 -32767.0 -32767.0 -32767.0 31.227585 29.89912 29.278553 29.031082 29.289568 29.4193 29.528883 29.657661 29.759148 29.89827 30.042805 30.091015 30.055067 30.051203 30.059305 30.11335 30.187172 30.346329 30.460443 30.545162 30.570349 30.583591 30.61675 30.660137 30.699156 30.794416 30.846775 30.855019 30.922703 30.928318 30.971964 31.23774 31.339275 31.43684 31.521381 31.467655 31.407118 31.460627 31.440205 31.376902 31.279522 31.245245 31.128828 30.681606 30.554913 30.210135 30.157831 30.121029 30.089478 29.915672
29.590887 30.298307 30.633747 30.295437 30.74998 31.525114 32.41816 -32767.0 -32767.0 32.110767 -32767.0 29.115772 28.882034 29.376919 29.516848 29.479565 29.583803 29.654314 29.723269 29.825607 29.85643 29.844154 29.930458 30.14091 30.216434 30.218616 30.270636 30.37624 30.466408 30.531357 30.593359 30.630283 30.684229 30.733065 30.80476 30.854284 30.804655 30.802794 30.887878 31.014288 31.043869 31.076036 31.346909 31.5246 31.609547 31.549545 31.459387 31.43599 31.430975 31.51916 31.27611 31.212265 31.01437 31.101439 30.963337 30.763186 30.265257 30.079552 30.093979 29.987782 29.835384
30.532894 30.568916 30.64613 30.765854 30.718967 31.23213 32.660023 33.230347 -32767.0 -32767.0 31.610535 30.255001 29.910969 29.750072 29.630753 29.709295 29.77139 29.852364 29.911377 29.9331 29.990362 30.084734 29.993576 29.92277 30.173092 30.330147 30.482718 30.554197 30.505682 30.589548 30.653393 30.73628 30.788477 30.806686 30.83756 31.065632 30.964378 30.93092 31.137707 31.23774 31.194225 31.187037 31.436848 31.421757 31.503263 31.440681 31.428514 31.388494 31.355204 31.554949 31.248102 31.189674 31.241247 31.14743 31.110107 30.822847 30.453379 30.126879 29.974648 29.95341 30.05225
30.359324 30.26487 30.530375 30.81026 31.083544 31.384474 32.23395 32.713486 -32767.0 -32767.0 31.518623 31.249937 30.95107 29.926659 29.599567 28.973824 28.713644 28.74744 28.697004 28.776337 28.957006 28.96802 29.297344 30.140654 30.638226 30.67094 30.639973 30.599623 30.556446 30.681791 30.782167 30.898077 30.836016 30.858656 30.936497 30.938028 30.94373 31.105032 31.243977 31.20401 31.16734 31.346071 31.413458 31.399351 31.414679 31.64077 31.61751 31.534739 31.55819 31.667398 31.379063 31.130024 31.066315 31.177689 31.060093 30.854757 -32767.0 30.75898 30.375418 30.117043 30.088022
30.06999 30.125383 30.441612 30.856304 31.289923 31.750471 32.25029 32.213657 32.084972 31.802654 31.144297 31.207355 30.794266 29.84605 28.287786 27.177275 27.478884 27.821623 28.053558 28.266941 28.609829 29.361591 29.861961 30.690699 30.732094 30.660322 30.601534 30.603758 30.690504 30.858238 30.91321 30.986313 30.950756 30.947697 30.920454 30.926865 30.971497 31.195593 31.29262 31.235754 31.24311 31.33584 31.420942 31.385145 31.4051 31.604338 31.710854 31.646898 31.688627 31.685255 31.712132 31.158962 31.141909 31.014782 31.132504 31.060614 30.880669 30.919264 31.090635 30.413109 30.072657
29.988344 30.175915 30.198496 30.754133 31.496952 32.032608 32.2432 31.985039 31.90581 -32767.0 -32767.0 -32767.0 30.33555 29.479624 27.218157 28.306705 29.231178 29.652508 29.504936 29.443708 29.018808 29.806122 30.379877 30.714756 30.663666 30.589556 30.618214 30.655712 30.915617 31.016773 31.013968 31.027512 31.034828 31.058327 31.017372 31.01928 31.093613 31.209114 31.390575 31.274223 31.329525 31.398 31.447792 31.365713 31.325577 31.357315 31.536173 31.668047 31.451218 31.31953 31.441944 31.538082 31.202965 30.843801 30.879488 30.980194 30.861883 31.01836 31.066738 31.001245 30.155767
