static/data/thetao/2023/7/10/18.asc
ncols 137
nrows 93
xllcorner 108.0
yllcorner 17.0
cellsize 0.25
NODATA_value -32767
[rows 54 to 80 of 93, columns 61 to 121 of 137]
29.389776 29.442163 29.48376 29.474215 29.457014 29.433397 29.368006 29.318161 29.40007 29.551924 29.663033 29.94602 29.964691 29.88914 29.382994 29.041918 28.94599 29.08779 29.18694 28.864006 28.9021 28.795 28.628231 28.64754 28.729841 28.915464 29.019926 29.13405 29.241268 29.132107 28.903793 28.74664 28.653658 28.403479 28.452003 28.454626 28.398178 28.363785 28.38183 28.358562 28.341944 28.472872 28.830414 29.075535 29.119116 28.960575 29.277845 29.156538 29.40036 29.735538 29.7453 29.613546 29.719255 29.616499 28.751143 28.566166 28.600481 28.83235 28.709227 28.770279 28.818314
29.461302 29.44305 29.544552 29.713072 29.75323 29.713226 29.607397 29.604738 29.764277 30.018877 30.203764 29.96997 29.977322 29.700783 29.108051 29.100996 29.066137 28.930902 -32767.0 28.527304 28.789944 28.697634 28.54451 28.55287 28.701313 28.718653 29.018278 29.170267 29.350863 29.177317 29.036655 28.907352 28.700125 28.46684 28.494907 28.487713 28.370634 28.348515 28.316195 28.316477 28.471464 28.756697 28.978865 29.058064 29.003738 29.067415 29.261929 29.07741 29.40513 29.74074 29.68336 29.461535 29.573404 29.726961 29.412209 28.958637 28.864716 28.734804 28.666113 28.69914 28.901268
29.822483 29.920776 29.717512 29.795273 29.899595 29.940533 30.014935 30.073267 29.990889 29.95586 29.916536 29.817894 29.65847 29.565298 29.291239 29.172623 29.048998 29.071161 28.99631 28.816214 28.566565 28.790863 28.8562 28.590406 28.648956 28.744822 28.895264 29.263218 29.403141 29.264097 29.181513 29.121864 28.766703 28.641493 28.524773 28.523073 28.42602 28.378057 28.36646 28.439173 28.654171 28.893204 29.016932 28.974087 28.941729 29.247385 29.127703 29.013685 29.31746 29.70977 29.854124 29.448738 29.423553 29.555561 29.633879 29.469982 29.2044 29.024227 28.920855 29.010303 29.036613
29.732231 29.768534 29.905144 30.016953 29.761654 29.866531 29.938524 29.827713 29.763958 29.735054 29.554636 29.3931 29.292196 29.190771 29.248363 29.381632 29.46469 29.425682 29.247063 29.106554 29.13131 29.154232 29.068613 28.77298 28.88879 28.972397 28.962515 29.327366 29.441133 29.47641 29.364428 29.309532 29.233704 28.684462 28.600082 28.583551 28.53877 28.44631 28.34767 28.427 28.579796 28.80802 28.973152 29.009089 29.09764 29.07389 29.080824 28.999977 29.10224 29.658136 29.879011 29.748343 29.45861 29.455793 29.484652 29.532011 29.465677 29.33341 29.216253 29.075626 28.979834
29.417868 29.709852 29.703337 30.11408 29.70405 29.758768 29.453957 29.317091 29.497307 29.382252 29.109562 29.206057 29.357712 29.450571 29.484898 29.505968 29.583326 29.46765 29.357443 29.31698 29.284212 29.223387 29.206127 29.13733 28.970058 28.967525 29.028482 29.329512 29.426355 29.545794 29.593082 29.616217 29.473503 29.120829 28.65183 28.697474 28.591497 28.639788 28.442713 28.281948 28.386843 28.598919 28.709352 28.827133 29.02768 28.910013 28.999163 29.087936 29.026875 29.63623 29.737068 29.933031 29.717232 29.532547 29.519796 29.479666 29.361423 29.226612 29.146074 28.98216 28.920391
29.64998 29.560593 29.730091 29.91626 29.77953 29.442965 29.187387 29.095417 29.293964 29.159616 29.169203 29.234789 29.343414 29.394075 29.539204 29.553675 29.39607 29.395119 29.4051 29.43303 29.398869 29.361467 29.284147 29.25232 29.219542 29.017782 29.01171 29.327576 29.48434 29.525864 29.709122 29.64503 29.450563 29.32591 29.14983 28.926327 28.675634 28.603954 28.525928 28.445845 28.418377 28.403086 28.726963 28.906374 28.860296 28.971642 28.871046 29.120462 29.027302 29.463465 29.66175 29.899591 29.892206 29.757334 29.514647 29.268356 29.173546 28.7459 28.747272 28.825361 28.99495
29.44587 29.640388 29.963097 30.004309 29.946932 29.664925 29.245068 29.3795 29.364397 29.083008 29.172815 29.221666 29.29863 29.366762 29.54161 29.485748 29.465593 29.382137 29.332552 29.320662 29.330128 29.40501 29.452772 29.38664 29.243 29.108303 29.009043 29.34097 29.480108 29.58783 29.709118 29.707146 29.627632 29.50839 29.391176 29.31077 29.21617 29.038525 28.726366 28.453306 28.53694 28.436441 28.523333 28.699415 28.772589 28.795042 28.911358 29.1213 29.098766 29.40797 29.64943 29.794563 29.803562 29.715778 29.743536 29.496613 28.959887 28.498302 28.566402 28.64435 29.070889
29.602556 29.684673 29.235426 29.545311 29.910248 29.517761 29.34264 29.313543 29.270264 29.106352 29.259977 29.375706 29.396698 29.417608 29.538322 29.49201 29.474064 29.329487 29.336996 29.336563 29.286999 29.341227 29.43485 29.431213 29.323793 29.147055 29.051506 29.325584 29.548101 29.634157 29.680094 29.775543 29.79711 29.784092 29.62927 29.568817 29.523485 29.42589 29.301298 29.092882 28.733639 28.412233 28.513063 28.564388 28.658674 28.692106 28.75136 29.21081 29.11001 29.440466 29.698833 29.737642 29.692604 29.668558 29.61198 29.452675 29.076921 28.558577 28.54485 28.744553 28.600676
29.576366 29.350132 29.090166 29.608807 29.490004 29.03247 29.205559 29.283072 29.269827 29.349915 29.550829 29.62369 29.58207 29.48336 29.56952 29.494133 29.46919 29.388224 29.385946 29.331306 29.318357 29.360708 29.470554 29.413712 29.27682 29.116367 29.283218 29.542858 29.59451 29.746452 29.629831 29.70746 29.697752 29.750322 29.536415 29.495562 29.468931 29.440216 29.394318 29.356115 29.258255 29.000658 28.619963 28.50353 28.575562 28.75855 28.87914 29.100145 29.268574 29.71274 29.704462 29.729822 29.758778 29.807976 29.555845 29.444122 29.194523 28.613892 28.45093 28.46934 29.27758
29.338266 29.006031 28.898005 28.7137 29.072268 29.225285 29.261377 29.457478 29.585466 29.672634 29.742111 29.794003 29.737751 29.590685 29.630508 29.550182 29.538866 29.40093 29.382433 29.307192 29.363499 29.42562 29.458836 29.37342 29.175114 29.211472 29.496626 29.456728 29.771152 29.638966 29.575184 29.602827 29.651995 29.689167 29.428268 29.472775 29.452307 29.438656 29.30795 29.319048 29.294245 29.250965 29.078873 28.824451 28.862072 28.810274 29.20832 29.039097 29.33068 29.776718 29.754366 29.706985 29.68864 29.783262 29.611952 29.303015 29.061602 28.51705 28.357216 28.670784 29.564371
28.942122 28.98043 29.150772 29.191654 29.164722 29.271196 29.466206 29.55653 29.703438 29.689991 29.72461 29.789286 29.850319 29.725164 29.678328 29.634464 29.546467 29.3942 29.416018 29.347897 29.383635 29.466173 29.415459 29.237339 29.127626 29.414093 29.515251 29.51895 29.777277 29.703978 29.62245 29.692293 29.736767 29.575329 29.560131 29.663328 29.46204 29.496342 29.496271 29.451143 29.392305 29.341846 29.217453 28.934265 28.791819 28.713562 29.33897 29.013998 29.46771 29.763342 29.756956 29.67497 29.63422 29.768028 29.54518 29.144747 28.830881 28.283844 28.397469 29.490944 29.658691
28.786776 29.02839 29.101421 29.121922 29.051609 29.418295 29.55521 29.59241 29.568825 29.677485 29.679817 29.782 29.957415 29.870745 29.755228 29.678673 29.480219 29.413067 29.40306 29.449326 29.46634 29.429989 29.278086 29.17228 29.237005 29.385036 29.48897 29.455627 29.715004 29.80055 29.738817 29.711695 29.73044 29.637066 29.704046 29.717096 29.430862 29.272526 29.267218 29.194042 29.09749 29.135485 29.218576 29.132383 29.134317 29.337643 29.381422 29.310915 29.653727 29.731264 29.766489 29.619328 29.433926 29.5598 29.235722 28.906391 28.336761 28.54925 29.464045 29.625017 29.785883
28.759146 28.862356 28.955162 28.976461 29.138792 29.442564 29.50604 29.48757 29.78923 29.82652 29.798634 29.754395 29.983912 29.922949 29.734034 29.443604 29.393421 29.416147 29.392654 29.491364 29.452219 29.32436 29.229208 29.213118 29.269573 29.360228 29.424013 29.43164 29.719439 29.795307 29.724024 29.837715 29.926144 29.97361 29.83008 29.688524 29.561567 29.279083 29.208378 29.170654 29.35739 29.198456 29.345644 29.43201 29.48563 29.484951 29.576508 29.69243 29.742645 29.77117 29.778667 29.627497 29.142263 29.003353 28.711678 28.34968 29.075062 29.636318 29.694794 29.882397 29.891762
29.05334 28.826553 28.909649 28.983751 29.10911 29.396978 29.52687 29.515308 29.927904 29.752407 29.819778 29.743608 29.980227 29.91013 29.586306 29.407104 29.389872 29.470987 29.41646 29.521948 29.515285 29.427704 29.397726 29.43911 29.449507 29.423454 29.442818 29.419085 29.639791 29.771132 29.814129 30.04431 29.94372 29.908295 29.960701 29.866371 29.734087 29.54642 29.239996 29.228924 29.143366 29.535645 29.68343 29.54887 29.46605 29.48251 29.738909 29.965721 30.093403 29.997374 29.787008 29.704317 29.108839 28.672665 28.5539 29.41643 29.75417 29.696388 29.832767 29.825718 29.819359
29.428774 29.289322 29.180168 29.0353 29.087427 29.419395 29.512005 29.572922 29.89201 29.709322 29.802944 29.77308 29.964472 29.880863 29.454245 29.338081 29.451252 29.524117 29.462866 29.495438 29.498135 29.501171 29.507042 29.493515 29.47314 29.48981 29.420496 29.403141 29.562426 29.733084 29.740913 29.824253 29.823673 29.787888 29.882874 29.831259 29.81737 29.646826 29.393066 29.24306 29.15537 29.566772 29.489965 29.347454 29.538256 29.842905 30.145472 30.260174 30.252724 30.23933 29.86202 29.782898 29.29083 28.672745 29.085793 29.614855 29.725248 29.750555 29.81565 29.865866 29.998423
29.536812 29.531351 29.342367 29.103085 29.271397 29.538277 29.475412 29.6133 29.911325 29.741089 29.816042 29.844322 29.934353 29.854109 29.338778 29.258137 29.373688 29.429539 29.510864 29.599386 29.639534 29.650637 29.598448 29.593296 29.470835 29.375416 29.40821 29.522451 29.63655 29.687794 29.720194 29.749033 29.82288 29.907734 30.003172 29.909664 29.765966 29.742926 29.60949 29.305695 29.194666 29.235735 29.372171 29.547157 29.88752 30.17848 30.213448 30.28065 30.271997 30.238773 30.076368 29.809116 29.429506 28.785233 29.214825 29.389685 29.246788 29.52514 29.776218 29.859238 29.911283
29.45927 29.500854 29.100286 29.484854 29.695335 29.589933 29.510378 29.716375 29.985144 29.895462 29.964579 29.887396 29.951918 29.90428 29.457151 29.29402 29.403683 29.542662 29.581423 29.573069 29.54222 29.592031 29.583841 29.545343 29.559473 29.559786 29.632164 29.517252 29.683039 29.649748 29.776 29.675219 29.764557 29.864769 29.914042 29.880919 29.783962 29.710104 29.675398 29.609125 29.277119 29.328266 29.654375 29.93855 30.09511 30.192907 30.264252 30.312914 30.341248 30.222311 30.22262 29.99841 29.580019 28.930738 28.991539 29.197752 28.907097 28.853445 29.00444 29.234577 29.525867
29.431093 29.334127 29.372717 29.756891 29.70028 29.558352 29.615627 29.881073 30.01984 29.916908 30.000463 29.950478 29.939152 29.916517 29.582096 29.338495 29.443007 29.590681 29.66583 29.612694 29.605112 29.702528 29.674711 29.61851 29.574984 29.478376 29.511595 29.555174 29.663568 29.683819 29.692368 29.697989 29.743044 29.812487 29.886644 29.832552 29.772419 29.723318 29.76054 29.673128 29.518154 29.604013 29.794615 30.063927 30.155308 30.26779 30.320177 30.277287 30.31058 30.236687 30.17268 30.083569 29.796516 29.076204 28.801847 29.16413 28.97201 28.868082 29.031385 29.262234 29.256554
29.50013 29.131725 29.506691 29.798965 29.801779 29.757166 29.759373 30.137188 30.01157 29.897825 30.038317 30.012978 29.963968 29.883446 29.659557 29.493122 29.501291 29.571955 29.613577 29.645748 29.689493 29.749311 29.65639 29.698797 29.672157 29.648726 29.59009 29.618874 29.67435 29.777897 29.82562 29.786985 29.716242 29.717518 29.737846 29.771278 29.765764 29.740557 29.728092 29.797117 29.691395 29.796556 29.99248 30.071066 30.182056 30.265604 30.235044 30.237278 30.271471 30.18112 30.050016 29.97448 29.836868 29.253574 28.928009 28.963896 29.027512 28.896746 29.004185 29.044695 29.193281
29.556925 29.339705 29.698305 29.856537 29.805271 29.908747 30.162876 30.087433 29.922932 29.902937 30.042225 30.018385 30.002148 29.86573 29.719952 29.60909 29.601696 29.591633 29.635998 29.682285 29.669893 29.647116 29.65375 29.707174 29.74003 29.747173 29.778618 29.829128 29.871857 29.841604 29.783949 29.766825 29.763542 29.698118 29.619358 29.670057 29.728777 29.699022 29.754673 29.80478 29.66379 29.827835 29.93986 30.074183 30.170689 30.17371 30.100056 30.163858 30.223833 30.140585 30.066494 29.960083 29.704193 29.334986 28.940214 28.884016 29.097073 29.052248 29.145124 29.2509 29.257418
29.635109 29.705822 29.897297 29.864935 30.015482 30.181078 30.059704 29.94315 29.790785 29.903992 30.007345 30.018665 30.006107 29.854599 29.723248 29.65965 29.589672 29.609991 29.656393 29.634237 29.72422 29.790064 29.788658 29.822886 29.867542 29.895407 29.894732 29.77478 29.696537 29.731892 29.80903 29.915182 29.946627 29.856974 29.76015 29.745495 29.62838 29.600458 29.669579 29.727346 29.7954 29.888811 29.876936 30.040485 30.15217 30.092865 30.07564 30.055666 30.119446 30.113962 29.843355 29.226934 28.906538 28.795156 28.80107 28.85722 29.100069 29.317488 29.504103 29.653334 29.706448
29.641188 29.912611 29.848211 29.925848 30.123436 30.088137 29.99549 29.869204 29.717133 29.977629 29.994793 30.019394 29.977324 29.856573 29.778706 29.732788 29.63438 29.658152 29.620256 29.72343 29.796837 29.789368 29.653456 29.770533 29.846933 29.74667 29.669195 29.713934 29.683228 30.081081 30.205181 30.063892 30.027693 30.148949 30.018766 29.821627 29.716375 29.729101 29.842705 29.76185 29.849085 29.881634 29.835356 30.022356 30.145838 30.075338 29.981953 30.050016 30.072641 29.955051 29.472874 28.89723 29.44016 29.645964 29.695011 29.72652 29.790367 29.81835 29.810892 29.745436 29.734163
29.83966 29.863045 29.883194 29.941223 30.124933 29.994173 29.92747 29.747303 29.753166 30.006561 30.020733 30.027264 29.983816 29.877512 29.838987 29.757067 29.711914 29.689793 29.758791 29.959328 29.928522 29.885052 29.81604 29.868198 29.764847 29.715387 29.665861 29.703209 30.128359 30.080353 30.157282 30.046 30.029808 29.901348 30.085136 29.961876 29.85342 29.82269 29.998352 29.876335 29.804314 29.830221 29.887253 30.015701 30.069077 30.093225 29.913155 29.903933 29.846638 29.858065 29.83585 29.784805 29.868269 29.907179 29.880968 29.910532 29.906544 29.921791 29.878757 29.80514 29.745804
29.718317 29.831148 29.85868 29.834978 30.057503 29.962154 29.83003 29.70658 29.819082 30.026272 30.014172 30.01042 29.968685 29.874588 29.804426 29.798803 29.770308 29.79041 29.922066 30.0734 30.09677 30.01882 29.823767 29.853024 29.77576 29.697237 29.730688 30.043291 30.153936 30.049524 30.091436 29.987139 29.980299 30.072744 30.037264 30.020708 29.976206 29.99386 30.056854 30.064726 29.826908 29.825203 29.957663 29.977568 30.04714 30.064156 29.979958 29.904066 29.969124 30.024237 30.055227 30.007545 29.95009 29.904192 29.969505 30.03781 30.071016 30.036583 30.027126 30.019539 30.013208
29.811953 29.82589 29.920895 29.874432 30.002129 29.925814 29.895044 29.855814 29.892162 30.033646 30.064753 30.046082 29.96023 29.883604 29.861073 29.803238 29.779993 29.886675 30.055016 30.088 30.053427 29.981794 29.904146 29.894922 29.766203 29.650497 30.038864 30.151878 30.068981 30.05837 30.051493 29.976885 29.955664 29.996225 30.07263 30.132324 30.010862 29.990097 30.03447 30.079966 29.871685 29.847532 29.949121 29.912786 30.031435 30.008482 29.998426 29.946167 30.123632 30.086897 30.007973 29.936623 30.115503 30.216728 30.194618 29.962978 29.910791 29.973133 29.997576 29.983335 29.978605
29.89079 29.924944 29.921705 30.030954 29.992287 30.01676 30.103806 29.959208 29.96355 29.997194 30.058992 30.042814 30.044506 29.977627 29.872383 29.829197 29.939425 30.047178 29.992031 29.891182 29.86846 29.902369 29.846634 29.747099 29.779976 30.01198 30.207163 30.096746 30.028038 29.947235 29.942383 29.950754 29.955132 29.991758 29.874165 30.038616 30.06777 29.913857 29.946672 30.043343 29.866768 29.845001 29.855145 29.965218 30.031563 29.937931 29.971952 30.12702 30.045362 29.97172 30.014181 30.274458 30.217482 30.02569 29.914833 29.931244 29.934477 29.964546 29.838242 29.93445 29.983398
29.942648 30.019732 29.911354 30.151045 29.983027 30.09817 30.218449 30.042364 29.943598 29.990559 30.04374 30.011501 30.020103 29.965338 29.890127 29.924263 30.028889 29.89445 29.795874 29.858921 29.992968 29.939026 29.829542 29.894299 29.794493 30.186596 30.140686 30.076408 29.987446 29.888855 29.874569 29.916445 30.040209 30.040651 29.83439 29.989656 30.120392 29.915897 30.002964 30.025229 29.84239 29.842436 29.863472 30.00059 30.056618 30.026543 30.004229 29.999674 29.935389 30.084574 30.24284 30.042564 29.970793 29.956852 29.986212 29.912308 29.922588 29.830868 29.918348 29.941843 30.028912
