static/data/thetao/2023/7/10/6.asc
ncols 137
nrows 93
xllcorner 108.0
yllcorner 17.0
cellsize 0.25
NODATA_value -32767
[rows 54 to 80 of 93, columns 61 to 121 of 137]
29.549837 29.60122 29.614466 29.617033 29.5855 29.562994 29.482279 29.42361 29.48951 29.597195 29.808485 30.086454 30.248875 29.915657 29.373394 29.406206 29.32499 29.426743 29.567602 29.100313 29.231989 29.086487 28.9971 29.007168 29.158491 29.402306 29.441584 29.438927 29.397572 29.29609 29.038109 29.01382 28.934052 28.611492 28.571142 28.62815 28.618616 28.57612 28.599365 28.631172 28.690306 28.84445 29.122013 29.39149 29.46474 29.336502 29.554403 29.626442 29.954573 30.258577 30.124063 30.00863 30.081303 30.030638 29.315292 28.978765 28.940865 29.178219 29.078207 29.12624 29.267143
29.652699 29.631535 29.78088 29.886667 29.862593 29.772654 29.592289 29.66628 29.75756 30.087528 30.299744 30.158863 30.228352 29.924997 29.349442 29.477093 29.312195 29.358637 -32767.0 28.911936 29.136583 29.00605 28.93986 28.972878 29.122772 29.283367 29.34173 29.372303 29.510763 29.325514 29.173084 29.138983 28.904896 28.649544 28.623003 28.709724 28.659035 28.645283 28.62966 28.653885 28.784643 29.057589 29.317865 29.350342 29.340393 29.43202 29.647034 29.54068 30.0603 30.13671 30.006979 29.828125 29.95188 30.029268 29.787136 29.316866 29.216326 29.053612 29.004711 29.13222 29.307034
30.117447 30.08667 29.875387 29.995405 30.062216 30.168161 30.20006 30.230831 30.239388 30.21253 30.09409 30.1021 29.96061 29.85864 29.64911 29.480013 29.395493 29.450695 29.296413 29.130817 28.975704 29.14673 29.259987 29.014616 29.0868 29.187445 29.168285 29.432314 29.561008 29.389055 29.342829 29.306852 28.978971 28.860218 28.712101 28.789557 28.77854 28.720171 28.682604 28.699648 28.864805 29.147957 29.307064 29.300478 29.351173 29.634075 29.555948 29.393528 29.916737 30.110054 30.131021 29.783838 29.772099 29.937294 29.967747 29.77274 29.618837 29.467274 29.417398 29.419655 29.393726
30.05687 30.073126 30.04942 30.135204 30.055382 30.148552 30.281681 30.156109 30.136923 30.070255 29.87009 29.757465 29.652761 29.6328 29.644121 29.733517 29.752104 29.642183 29.500504 29.43768 29.45434 29.482077 29.322515 29.134048 29.237753 29.327442 29.19143 29.515537 29.645515 29.619492 29.515314 29.471199 29.41132 28.9078 28.902744 28.8834 28.861898 28.772802 28.641878 28.621473 28.85674 29.02699 29.224943 29.269009 29.474417 29.448101 29.444517 29.3638 29.678041 30.085032 30.296652 30.025448 29.811117 29.864254 29.8946 29.871813 29.745619 29.635149 29.602436 29.372423 29.344751
29.8284 29.81778 30.136662 29.836794 29.976015 29.874348 29.72079 29.682795 29.81333 29.622526 29.40921 29.506453 29.707663 29.893244 29.938211 29.942707 29.940357 29.785019 29.664932 29.62548 29.58697 29.536072 29.491457 29.455124 29.241785 29.284792 29.248777 29.519987 29.65125 29.704876 29.730364 29.801868 29.708763 29.426212 28.88249 28.956964 28.826174 28.853527 28.799887 28.745989 28.722721 28.975716 29.103746 29.240065 29.413498 29.321974 29.357027 29.46165 29.430473 30.069338 30.198395 30.33834 29.993612 29.92628 29.87728 29.81277 29.632683 29.52937 29.434937 29.3737 29.312372
29.817331 29.92535 30.212282 29.770105 29.923624 29.469198 29.255354 29.291721 29.430378 29.437391 29.530815 29.65083 29.802387 29.867638 29.960869 29.915205 29.730118 29.69095 29.727573 29.760256 29.753735 29.683002 29.595425 29.52473 29.420395 29.318464 29.225883 29.51514 29.693579 29.708899 29.840042 29.856693 29.682737 29.553427 29.424744 29.188026 28.899155 28.871132 28.867405 28.779991 28.787584 28.890802 29.136297 29.285555 29.255514 29.323051 29.286459 29.481419 29.383112 29.968716 30.092083 30.30831 30.294014 30.081963 29.85078 29.607899 29.479223 29.13215 29.109718 29.144224 29.413172
29.691053 29.87622 30.202936 30.162683 29.947924 29.720356 29.384462 29.594229 29.603329 29.356792 29.513622 29.653751 29.763653 29.818348 29.905811 29.831257 29.701511 29.643984 29.647772 29.616907 29.605919 29.662817 29.693506 29.640423 29.53879 29.350624 29.244411 29.548325 29.707191 29.759407 29.867252 29.9018 29.830767 29.727524 29.637268 29.604156 29.539602 29.392986 29.012657 28.748373 28.872536 28.839046 29.025927 29.100046 29.149439 29.16997 29.318895 29.545326 29.399652 29.869741 30.117989 30.257437 30.214714 30.060068 29.982758 29.814758 29.258495 28.869179 28.969524 29.072893 29.425755
29.828823 29.838875 29.379606 29.915998 29.934736 29.537445 29.62346 29.537317 29.476368 29.398254 29.569675 29.673973 29.720074 29.806189 29.892574 29.837051 29.761166 29.62625 29.621517 29.609404 29.586815 29.574419 29.649729 29.66188 29.541828 29.3922 29.346388 29.562445 29.780153 29.86727 29.829279 30.010056 30.016104 30.047552 29.922548 29.901913 29.843817 29.759758 29.646772 29.489544 29.082401 28.77043 28.948454 29.016085 29.07725 29.050827 29.213747 29.544556 29.447853 29.830305 30.113375 30.143148 30.067247 30.01855 29.952372 29.733927 29.409346 28.874317 28.90497 29.084518 28.856775
29.682936 29.406313 29.348585 29.77335 29.592081 29.265127 29.53378 29.563316 29.550354 29.642374 29.80684 29.875168 29.796396 29.836752 29.871107 29.82449 29.771683 29.670773 29.656948 29.610521 29.584015 29.620684 29.685383 29.618448 29.510872 29.341465 29.542088 29.799177 29.873585 29.915186 29.813858 29.94742 29.980478 30.063494 29.908224 29.867752 29.765854 29.733862 29.691324 29.66077 29.650248 29.377827 29.040195 28.930788 28.982904 29.174023 29.52831 29.277285 29.67787 30.014849 30.046011 30.055967 30.120754 30.10816 29.837076 29.712463 29.484093 28.92687 28.850836 28.842525 29.698187
29.331316 29.14106 29.008251 28.885637 29.30076 29.463558 29.500864 29.637463 29.827686 29.959698 29.995382 30.009789 29.849373 29.868446 29.913801 29.819187 29.798817 29.696587 29.645063 29.536995 29.553486 29.625603 29.66937 29.567497 29.344187 29.482138 29.715567 29.876404 30.011786 29.913559 29.803427 29.802565 29.97381 30.01452 29.77461 29.855167 29.805386 29.749945 29.65539 29.559147 29.631458 29.56224 29.350174 29.15751 29.139435 29.055883 29.680511 29.27325 29.712343 30.127602 30.058271 30.04572 30.065338 30.1764 29.882957 29.565063 29.272192 28.857254 28.781853 29.147257 29.955753
29.041058 29.075535 29.27674 29.396849 29.405455 29.51121 29.716131 29.876678 29.956995 30.029282 30.037882 30.05705 30.014769 30.018234 29.92472 29.882723 29.843943 29.690205 29.643776 29.610397 29.624496 29.685442 29.568651 29.441027 29.365717 29.656898 29.837925 29.89064 30.006721 29.973904 29.915709 29.96471 30.05472 29.912552 29.880846 29.93808 29.843296 29.85293 29.796871 29.769701 29.709253 29.607769 29.363598 29.218382 29.119738 29.44812 29.471811 29.407911 29.807026 30.081675 30.053701 29.981075 29.99749 30.133331 29.85522 29.460144 29.019985 28.68031 28.761047 29.897982 30.028992
28.930655 29.151842 29.32146 29.340551 29.292582 29.62139 29.863098 29.941376 29.99666 29.933935 29.992693 30.165304 30.321272 30.138407 29.986736 29.97552 29.76848 29.658632 29.580334 29.68228 29.688017 29.592976 29.463402 29.437054 29.48503 29.668442 29.785994 29.858532 29.95579 30.079247 29.98443 30.086754 30.044806 29.941221 30.010927 30.028421 29.826054 29.608837 29.584265 29.508469 29.372267 29.361427 29.490692 29.514038 29.572165 29.692444 29.61132 29.638786 30.010376 29.991564 30.045328 29.925892 29.784027 29.784748 29.41737 29.138382 28.71666 29.107393 29.914783 29.971998 30.075048
28.887655 29.024303 29.132475 29.197388 29.36507 29.730417 29.871737 29.870035 29.924065 29.980783 29.974106 30.167324 30.286018 30.155779 30.02311 29.682224 29.59229 29.62498 29.599367 29.666798 29.672726 29.554703 29.47603 29.524086 29.575138 29.67872 29.736994 29.84197 29.974749 30.057438 30.04987 30.047886 30.2159 30.23748 30.157324 29.990509 29.817451 29.63909 29.515675 29.51063 29.580343 29.543415 29.59585 29.72619 29.777943 29.84778 29.933374 30.046368 30.023283 29.984554 30.05254 29.872107 29.439823 29.26529 28.95596 28.773893 29.58735 29.98173 29.997005 30.187458 30.18911
29.188837 28.979292 29.071516 29.187918 29.451534 29.770021 29.870632 29.885225 30.16824 30.041143 30.101164 30.125555 30.261587 30.152592 29.914968 29.665821 29.593296 29.64757 29.603039 29.65871 29.709044 29.719852 29.745384 29.793879 29.796917 29.738396 29.725233 29.844202 29.985153 30.056227 30.072393 30.300068 30.354588 30.285099 30.254833 30.170061 29.978508 29.848291 29.47993 29.545725 29.410582 29.76798 29.979584 29.874115 29.838406 29.868858 30.02331 30.202406 30.236252 30.08756 30.069172 29.886919 29.415468 29.054934 28.815445 29.655827 30.040827 30.016008 30.11805 30.124159 30.116253
29.584965 29.383808 29.336952 29.247408 29.445139 29.778343 29.880993 29.955236 30.217625 30.162487 30.186079 30.09971 30.242254 30.099653 29.718073 29.607954 29.68275 29.689203 29.66453 29.699078 29.723206 29.805754 29.849642 29.821747 29.773987 29.75454 29.701387 29.79461 29.934055 29.99394 30.006176 30.14927 30.130829 30.056349 30.06709 30.104828 30.11123 29.873877 29.721111 29.4834 29.419136 29.888275 29.829811 29.681173 29.883083 30.07785 30.381144 30.4807 30.451712 30.325615 30.084532 30.015375 29.525759 29.000208 29.16438 29.839882 30.028309 30.05071 30.06106 30.142786 30.217154
29.68434 29.689987 29.52198 29.373095 29.566692 29.885454 29.85669 30.0288 30.235374 30.066444 30.125126 30.139528 30.228794 30.070879 29.59854 29.446476 29.589012 29.687597 29.714733 29.800108 29.889046 29.91137 29.892595 29.888227 29.797579 29.707697 29.756975 29.85922 29.980503 30.025227 29.950428 29.992361 30.07375 30.155508 30.291859 30.12791 30.039845 30.012527 29.852783 29.60661 29.494253 29.524591 29.710302 29.828403 30.113657 30.441061 30.477093 30.495392 30.473377 30.48734 30.21625 30.041874 29.53414 29.047579 29.282944 29.627789 29.493525 29.704136 30.034105 30.104664 30.141058
29.639917 29.66958 29.353163 29.715448 29.919474 29.925716 29.778208 30.062609 30.272398 30.137676 30.215433 30.187199 30.255299 30.126492 29.725365 29.499004 29.658014 29.79485 29.82201 29.83474 29.852201 29.940681 29.90507 29.870342 29.861824 29.909143 29.963915 29.870125 30.032293 29.98932 30.021687 29.963192 30.018925 30.134922 30.217773 30.23905 30.044205 29.962471 29.969778 29.890806 29.549973 29.646513 29.85834 30.224754 30.341055 30.454905 30.483318 30.563364 30.550303 30.455976 30.390123 30.167694 29.636955 29.125866 29.130276 29.440193 29.254206 29.11436 29.205988 29.49762 29.79012
29.716545 29.513578 29.692766 30.159706 30.131132 29.832722 29.805628 30.094658 30.2582 30.211885 30.272852 30.227194 30.218647 30.12205 29.809042 29.582916 29.65593 29.834644 29.899797 29.922314 30.008663 30.077662 30.069407 29.981592 29.924725 29.855232 29.847336 29.862804 29.979364 29.986935 29.989368 29.983725 30.025051 30.090488 30.118334 30.095726 30.03197 29.973093 29.996943 29.974401 29.836733 29.88231 30.109762 30.288727 30.376102 30.422714 30.529852 30.49168 30.519226 30.416132 30.37137 30.168839 29.931055 29.223484 29.077818 29.372108 29.213696 29.134298 29.311312 29.519451 29.490595
29.77373 29.418943 29.962938 30.308737 30.122255 29.94535 29.91394 30.214216 30.24421 30.172935 30.33491 30.306263 30.250599 30.120901 29.908043 29.745361 29.751493 29.818817 29.890316 29.999767 30.084097 30.10813 30.09145 30.056467 30.043543 30.026047 29.994682 29.985323 29.947165 29.996368 29.98606 29.933777 29.889713 29.919592 29.93576 29.975819 29.985811 29.957323 29.98925 30.053413 29.915743 30.092867 30.203846 30.319479 30.386677 30.4829 30.474682 30.454065 30.47007 30.38736 30.252806 30.206886 30.002018 29.432714 29.102306 29.279863 29.226185 29.183502 29.266565 29.28616 29.439688
29.92364 29.653898 30.213728 30.370092 30.19178 30.086262 30.155516 30.3969 30.169764 30.121288 30.339514 30.328468 30.268932 30.112844 29.974112 29.883505 29.870312 29.8886 29.979483 30.019163 30.130592 30.10472 30.068563 30.064938 30.0912 30.085085 30.073212 30.070904 30.114927 30.097626 30.03647 29.96769 29.886955 29.829264 29.843637 29.911064 29.919771 29.94734 29.995647 30.037622 29.913824 30.103266 30.194584 30.306244 30.370459 30.423738 30.35015 30.378973 30.411839 30.345083 30.276827 30.141758 29.658117 29.35245 29.040659 29.215721 29.37231 29.385672 29.45831 29.450016 29.449772
30.051765 30.162922 30.379148 30.315863 30.215847 30.369957 30.447243 30.202135 30.002392 30.056316 30.243568 30.288744 30.273176 30.123686 29.996595 30.008802 29.925982 29.970215 30.031977 30.074844 30.117609 30.187326 30.192236 30.19848 30.199596 30.218632 30.19153 30.098627 30.014948 29.962976 30.048836 30.12651 30.080404 29.962072 29.956274 29.868145 29.788885 29.90752 29.915148 29.964508 30.00844 30.120483 30.136026 30.289488 30.342373 30.334726 30.281816 30.251802 30.309227 30.30953 30.090202 29.364296 29.062916 29.03266 29.015879 29.172476 29.433067 29.593765 29.69501 29.790882 29.858892
30.107662 30.331457 30.336542 30.359453 30.525593 30.435604 30.22934 30.11046 29.97478 30.115204 30.191917 30.240492 30.266596 30.180454 30.104387 30.064932 30.043066 30.04928 30.049057 30.056845 30.200745 30.123426 30.056534 30.150326 30.179296 30.110611 30.044495 29.974028 30.011112 30.28671 30.415247 30.266178 30.271141 30.305325 30.10088 29.979824 29.944265 29.976154 30.074213 29.933903 30.068007 30.120373 30.062695 30.22595 30.30675 30.311707 30.19773 30.243748 30.26249 30.2032 29.858984 29.373508 29.697693 29.842548 29.863413 29.87592 29.948568 30.0007 29.997324 29.929863 29.867872
30.311626 30.322098 30.25813 30.394457 30.428541 30.333115 30.262957 29.990248 29.905033 30.135853 30.183441 30.203644 30.256847 30.221987 30.175213 30.152233 30.16246 30.121613 30.047152 30.243393 30.161228 30.054417 30.116753 30.168905 30.120901 30.070366 29.904879 30.042774 30.328094 30.321386 30.333672 30.269926 30.170229 30.150331 30.15096 30.106415 30.084995 30.13116 30.214434 30.083763 30.03276 30.066408 30.087826 30.208914 30.27635 30.315794 30.10793 30.075092 30.02431 30.00411 29.992981 29.958544 30.047636 30.073484 30.04609 30.045311 30.055752 30.073305 30.031862 29.957373 29.898125
30.182812 30.206497 30.211561 30.178946 30.416235 30.199114 30.079212 29.883257 29.92283 30.12336 30.190582 30.18316 30.192701 30.204184 30.207666 30.271238 30.237446 30.265873 30.399279 30.450838 30.377857 30.323391 30.145472 30.159641 30.063713 29.93003 30.061995 30.275396 30.35627 30.302652 30.279684 30.170277 30.197319 30.291075 30.274284 30.176817 30.134256 30.121544 30.213455 30.23828 30.001091 30.047682 30.146421 30.172825 30.22653 30.260035 30.158218 30.080463 30.120443 30.191877 30.205618 30.151337 30.110697 30.084965 30.111307 30.144966 30.19943 30.213886 30.21066 30.196434 30.155298
30.142101 30.119684 30.14711 30.034418 30.336113 30.114035 30.008375 29.9871 30.035017 30.163717 30.240957 30.266102 30.22693 30.196598 30.197748 30.295618 30.29832 30.453136 30.524382 30.622772 30.446718 30.300226 30.152735 30.097622 29.992218 29.9503 30.252424 30.337017 30.303999 30.261261 30.227032 30.159065 30.166546 30.19468 30.237492 30.294409 30.198242 30.092484 30.123182 30.23635 29.987968 30.02752 30.127157 30.112968 30.2083 30.216593 30.180258 30.107708 30.251823 30.235897 30.194983 30.113247 30.23266 30.36055 30.362942 30.22095 30.079473 30.093796 30.143301 30.13495 30.124058
30.174536 30.154713 30.136354 30.027323 30.25088 30.059721 30.107302 30.149904 30.151262 30.157265 30.236364 30.233215 30.343668 30.285095 30.19972 30.24694 30.385578 30.464922 30.527405 30.508566 30.405533 30.214405 30.082497 30.067165 29.930233 30.261423 30.40519 30.322224 30.236563 30.191092 30.149693 30.134104 30.12824 30.14932 30.060064 30.208454 30.216377 30.085905 30.081924 30.191032 29.970402 30.01082 30.032465 30.146627 30.19191 30.1479 30.142406 30.281069 30.262972 30.156366 30.147558 30.398476 30.380085 30.26248 30.113789 30.072964 30.07095 30.137434 30.013243 30.037792 30.082758
30.251637 30.272333 30.19835 30.140553 30.244688 30.173096 30.273026 30.274351 30.145857 30.173738 30.246902 30.289148 30.286152 30.234015 30.2018 30.245716 30.406908 30.349072 30.239681 30.280684 30.363005 30.274899 30.156864 30.12212 30.049793 30.416117 30.374054 30.265324 30.191978 30.076426 30.088425 30.095192 30.16526 30.20503 30.024164 30.161287 30.17688 29.974373 30.131115 30.160864 29.941668 29.987768 30.039972 30.167349 30.218885 30.177963 30.184216 30.1717 30.110216 30.19083 30.404234 30.245314 30.181982 30.12477 30.114002 30.088285 30.054893 30.042902 30.021431 30.136818 30.164074
