static/data/ASCData/20210112/ASCU/00.asc
ncols 97
nrows 97
xllcorner 99.0
yllcorner 2.0
cellsize 0.25
NODATA_value -32767
[rows 0 to 18 of 97, columns 0 to 42 of 97]
-0.6224945647202853 -1.0979838339624988 -1.1001041874485287 -1.0786356084024757 -1.0325179200813244 -0.9018511365047295 -0.9506192666834181 -0.9007909597617147 -0.6235547414633 -0.6039414717175231 -0.5824728926714702 -0.34128268363556424 -0.5337047624927815 0.08755880891399093 0.31708707377673173 0.2927030086873872 0.2866069924150514 0.36585520395542037 -0.0200491305020285 0.3306043272501724 0.22617691806319806 0.6772821222160674 1.171589528646797 1.1596625402878789 1.4498859236882269 1.5084606887398038 1.067957252017084 0.6070454129913259 0.5171954340208074 0.7321462686670923 0.26222292732570684 0.6579338966560444 0.9147617126514205 1.0806793729332633 1.4302726539424495 1.9264353696734555 1.6285257048862491 1.6831248071515197 1.6237549095426815 1.1294475031119524 0.6597892059563204 0.7037865407914419 0.803443154634849
-0.8626245970131756 -1.1859785036327415 -1.1653050571439496 -1.0306626107810484 -1.000447573605122 -1.1117661316216934 -0.926235201594074 -0.998327220119092 -0.9204042295074917 -0.7796657668722542 -0.6214343879772701 -0.544306529922931 -0.8157117761347634 0.3080755714611043 0.31496672029070183 -0.0160734677157226 -0.06007080255084363 0.23783886223636275 -0.21909731400308896 0.02792386711939887 0.15488003209544132 0.6831130943026498 1.19093775420682 1.197828903036418 1.5513978468319096 1.3451934703154982 1.3375071889286398 0.6547533664269993 0.24181452502266865 0.7369170640106595 0.9333148056541831 0.47425827592870107 0.4888357061451569 0.805298463935125 1.1723846612040583 1.379384170277731 1.9176889115435816 1.3327363935850722 1.4840766236504597 1.7016779001542823 1.6616562281054672 1.496798744566639 0.7758785593164599
-1.2249399989385417 -1.4544682638012825 -1.2798041453895663 -1.172196205973547 -1.2649616709873566 -1.3948333220066904 -1.231831147768139 -1.9564619516188706 -2.0659252003351662 -1.5726779706474516 -1.1332347106677467 -0.8265785877506668 -0.884093176059229 0.19384152740124128 -0.012097804929416256 -0.35002914176543776 -0.26494995813848643 0.12466499491951488 -0.48758707417163016 -0.3264402092333549 0.06317474382464638 0.9614094893440792 1.4946783910806087 1.1745050146900886 1.2749567610907566 1.3072921517527134 1.3852151423643133 0.6528980571267233 -0.08816548624074061 0.22140612271963045 1.1246767077683848 0.0493924461654518 -0.08816548624074061 0.2272370948062128 0.6870887570889561 1.184046605377223 1.2291041169553591 0.35896405512582286 0.6743666361727763 1.195973593736141 1.6725230397213706 1.3364470121856251 0.37937245742886105
-1.4701058707607533 -1.681081042620732 -1.5268253265120542 -1.3587873127441814 -1.426108535925632 -1.6487456519587755 -1.3696541243600848 -1.9047783353968908 -2.58037596488318 -2.198712337397791 -1.7309093495424357 -1.334403247654837 -1.1623895711006584 -0.8032546994043375 -0.884093176059229 -0.5872436880150373 -0.331476048762676 -0.03939735606205197 -0.3646065719818936 -0.03356638397546963 0.5161352572777922 1.3004010029231163 1.6823296745942584 1.6139482746697928 1.0825346822335393 0.8707643778162999 1.1480005961147142 1.1723846612040583 0.6139365618209229 0.245790187808975 1.2749567610907566 0.3306043272501724 0.24181452502266865 0.4596808457122452 0.647067085040141 1.0289957567112835 1.1305076798549671 0.3541932597822557 0.3735414853422787 0.7565303337564364 1.182191296076947 0.6362002734242376 -0.2991406581007192
-1.4780571963333655 -1.6985739588804791 -1.7287889960564058 -1.5551850543877046 -1.4955501125931125 -1.6800208658777172 -1.6166753054825729 -1.5315961218556216 -2.0677805096354422 -2.304995055885042 -1.870587635434658 -1.7425712937156004 -1.5679071753038842 -1.6672987449615375 -1.8636964866050607 -1.5366319613849426 -0.5901591740583285 -0.26017916279491926 -0.23181943491926882 0.27096938545558036 0.8707643778162999 1.1159302496385108 1.4684390166909886 1.6001659770105987 1.3306160400990428 0.9839382451331473 0.8882572940760469 0.9341099382114444 0.6725113268725003 0.2866069924150514 1.1745050146900886 1.1625780263311696 0.8853418080327553 0.6666803547859179 0.8540665941138137 0.9380856009977498 1.189082444906544 0.6889440663892321 0.5161352572777922 0.877655526645897 0.8129847453219838 0.22803222736347406 -0.5803525391854403
-1.3420895290416957 -1.5559801869449659 -1.6468903426584995 -1.7025496216667853 -1.6429146798721932 -1.4544682638012825 -1.5864602683066462 -1.4202775638390497 -1.3412943964844344 -1.579569119477049 -1.7876288052937366 -1.7876288052937366 -1.6694190984475676 -1.868467281948628 -2.082357939851898 -1.884104888908099 -0.9349816597239475 -0.4311326626060832 -0.28350305114124863 0.25162115989555733 1.0737882241036663 1.318954095925878 1.239705884385509 1.3375071889286398 1.3481089563587898 1.1217612217250932 0.9995758520926183 0.8219962476376108 0.5601325921129137 0.17343312509820308 0.9370254242547351 1.2799926006200777 1.0104426637085218 0.7907210337186692 0.89700375220592 0.9566386940005125 1.3316762168420575 1.0239599171819624 0.8834864987324793 1.150916082158005 1.0865103450198457 0.5866370106882877 0.04462165082188463
-1.2493240640278858 -1.4661302079744472 -1.7221628914125622 -1.793459777380319 -1.6850567054070384 -1.2816594546898423 -1.292261222119992 -1.4563235731015587 -1.2416377826410274 -1.0463002177405194 -1.2416377826410274 -1.4563235731015587 -1.463214721931156 -1.427168712668647 -1.619590791525864 -1.481767814933918 -1.156558599014076 -0.6439631437663382 -0.484671588128339 0.09736544378687917 0.9712161242169679 1.3022563122233923 1.2192974820824705 1.2495125192583978 1.1159302496385108 1.0952568031497196 1.3491691331018045 1.101087775236302 0.6794024757020973 0.3327246807362023 0.7838298848890721 0.928278966124862 0.7838298848890721 0.5874321432455489 0.6870887570889561 1.099232465936025 1.5288690910428415 1.1403143147278558 1.2993408261801007 1.572866425877963 1.6831248071515197 1.184046605377223 1.1148700728954961
-1.3606426220444576 -1.6126996426962668 -1.8764186075212403 -2.02298804224306 -1.9964836236676857 -1.5461735520720774 -1.252239550071177 -1.3969536754927203 -1.3919178359633992 -1.0746599456161694 -0.7338131227368567 -0.8032546994043375 -1.3831713778335257 -1.2660218477303715 -1.389002349920108 -1.2718528198169539 -1.0139648270785626 -0.7738347947856719 -0.7563418785259248 -0.11864556760242095 0.8188157174085662 1.1705293519037823 1.1578072309876029 1.180335986776671 1.3727580656338874 1.415695223725994 1.4255018585988828 1.2709810983044503 0.9468320591276238 0.7936365197619604 0.7954918290622368 0.8911727801193376 0.6460069082971258 0.38917909230174974 0.45358482943990897 0.9664453288734003 1.3335315261423335 0.9478922358706385 1.2436815471718154 1.3677222261045663 1.3891908051506197 1.5259536049995508 1.4801009608641533
-1.6800208658777172 -1.8363969354724252 -1.5952067264365197 -1.6487456519587755 -1.7348850123287418 -1.4788523288906268 -1.1175971037082757 -1.1605342618003822 -1.3147899779090602 -1.172196205973547 -0.8305542505369727 -0.6301808461071436 -1.4144465917524673 -1.389002349920108 -1.522849663725748 -1.3012727244356193 -0.965196696899874 -0.8589139784126232 -0.9622812108565828 -0.21141103261623062 0.7663369686293251 1.0385373473984187 1.01812894509538 1.2709810983044503 1.6656318908917727 1.2829080866633693 1.1130147635952201 1.085450168276831 1.2145266867389037 1.4088040748963961 1.0639815892307776 1.0446333636707545 0.648922394340417 0.4400675759664683 0.5834564804592426 0.7475188314408094 0.5611927688559284 0.3356401667794935 0.905750210335794 0.9897692172197297 0.8042382871921103 0.9584940033007885 0.6772821222160674
-1.391122703406138 -1.8305659633858429 -1.6858518379642995 -1.7796774797211243 -1.7767619936778332 -1.2962368849062982 -1.0317227875240635 -1.4359151707985205 -1.3216811267386575 -1.2005559338491973 -1.1976404478059062 -1.1976404478059062 -0.9182838760214618 -1.2034714198924885 -1.7534381053315038 -1.4544682638012825 -0.9349816597239475 -0.9924962480325097 -1.0550466758703925 -0.22015749074610413 0.4440432387527742 0.6422962896965734 0.7045816733487031 1.011237796265783 1.4244416818558672 1.3658669168042903 1.403768235367075 1.4575722050750852 1.4284173446421735 1.317098786625602 1.3560602819314016 1.5670354537913807 1.2367903983422175 0.976251963746289 0.9370254242547351 0.8638732289867024 0.18429993671410694 -0.11758539085940578 0.8559219034140901 1.2680656122611595 0.8882572940760469 0.2672587668550279 -0.06192611185112007
-1.3940381894494291 -1.829505786642828 -1.814928356426372 -1.8735031214779492 -1.6887673240075907 -0.9662568736428891 -0.9331263504236711 -1.5366319613849426 -1.3402342197414194 -1.0873820665323493 -1.0746599456161694 -1.232891324511154 -0.8255184110076517 -0.9310059969376412 -1.1743165594595768 -0.8149166435775022 -0.5170069787902958 -0.9877254526889421 -1.0394090689109219 -0.4515410649091214 0.09524509030084927 0.46339146431279765 0.7310860919240771 0.9253634800815704 0.5415794991101515 0.8482356220272314 1.1363386519415495 1.074848400846681 0.8707643778162999 0.8726196871165759 1.1392541379848402 1.2338749122989268 1.1753001472473499 1.1323629891552431 1.1705293519037823 0.9712161242169679 0.3266286644638665 -0.18199112799756545 0.414623334134109 0.7231347663514649 0.45862066896923004 0.10796721121702912 0.5805409944159514
-1.4555284405442974 -1.9554017748758556 -1.9946283143674095 -1.9670637190490203 -1.6908876774936206 -1.1674254106299795 -0.6596007507258088 -1.2212293803379892 -1.4133864150094524 -1.0131696945213013 -0.7483905529533126 -0.8705759225857879 -1.1801475315461591 -0.8705759225857879 -0.544306529922931 -0.36858223476819996 -0.5570286508391109 -0.9487639573831421 -0.6625162367691 -0.8870086621025202 -0.3831596649846558 0.3101959249471342 0.7915161662759305 1.0719329148033903 0.4048166992612203 0.29853398077396953 0.41276802483383257 0.44298306200975945 0.6979555687048595 1.083594858976555 1.2436815471718154 0.706702026834733 0.6441515989968498 0.9675055056164159 1.1745050146900886 1.0963169798927344 0.5161352572777922 0.07669199729808751 -0.024819925845596114 0.19887736693056235 0.18111940648506186 0.07881235078411741 1.0014311613928943
-1.5628713357745632 -1.9925079608813796 -2.0463119305893893 -1.9145849702697793 -1.6235664543121702 -1.081551094445767 -0.5686905950122756 -1.0932130386189316 -1.4905142730637915 -1.0921528618759164 -0.5559684740960957 -0.6683472088556823 -0.9917011154752484 -0.8218077924070992 -0.6421078344660622 -0.6370719949367407 -0.8080254947479046 -0.5930746601016197 -0.4944782230012277 -0.7571370110831861 -0.6527096018962117 -0.054239830464261285 0.39129944578777964 0.6939799059185532 0.3531330830392405 0.013346436902943015 0.08252296938466985 0.32477335516359007 0.6481272617831557 1.05921079388721 1.0104426637085218 0.5240865828504044 0.19596188088727118 0.4440432387527742 0.6441515989968498 0.6226830199507964 0.5230264061073897 0.43132111783659477 0.24950080640952743 0.10796721121702912 0.06503005312492283 0.09630526704386444 0.7135931756643301
-1.9175004563130704 -2.003374772497283 -1.9906526515811034 -1.9670637190490203 -1.7658951820619297 -1.2641665384300955 -0.8480471667967198 -1.212217878022362 -1.3577271360011665 -1.0873820665323493 -0.6977671134743479 -0.6254100507635765 -0.680009153028847 -0.5472220159662222 -0.9037064458050059 -0.8589139784126232 -0.7025379088179151 -0.6937914506880416 -0.6977671134743479 -0.5403308671366251 0.09524509030084927 0.10319641587346151 0.32079769237728417 0.5073887991479187 0.19304639484398045 -0.2026645744863571 -0.1223561862029734 0.17237294835518835 0.7750834267591986 0.8697042010732843 0.6539582338697381 0.3764569713855699 0.2545366459388485 0.08172783682740858 -0.017928777015998598 0.07589686474082624 0.2553317784961098 0.4488140340963418 0.45172952013963297 0.21822559249058582 0.05522341825203414 -0.1244765396890033 0.2134547971470182
-2.0423362678030834 -1.9524862888325645 -1.9164402795700555 -2.0706959956787334 -1.943739830702691 -1.6421195473149321 -1.2591306989007742 -1.3216811267386575 -1.4653350754171859 -1.1107059548786786 -0.9681121829431651 -0.8899241481458113 -0.7298374599505508 -0.6108326205471206 -0.8440715040104139 -0.8324095598372492 -0.6585405739827941 -0.7385839180804243 -0.7640281599127836 -0.41549505564661215 0.629574168780394 0.8209360708945961 0.7416878593542271 0.5895524967315788 0.21928576923360055 -0.13428317456189154 -0.13136768851860037 0.05336810895175814 0.6528980571267233 0.7310860919240771 0.45172952013963297 0.2661985901120132 0.16760215301162118 -0.047348681634664214 -0.14011414664847388 -0.19948404425731203 0.23492337619307158 0.6303693013376552 0.5728547130290931 0.17449330184121825 0.015201746203219013 -0.2212176674891193 -0.032506207232454454
-1.8851650656511139 -1.9516911562753032 -1.942679653959676 -2.1663769467358343 -2.2914778024116007 -2.0044349492402977 -1.372569610403376 -1.1928696524623388 -1.481767814933918 -1.4438664963711327 -1.2856351174761487 -1.086321889789334 -0.9408126318105299 -0.7884122250021277 -0.6614560600260853 -0.7112843669477886 -0.7581971878262013 -0.8284338970509428 -0.9193440527644765 -0.8127962900914723 0.16760215301162118 1.1275921938116755 0.8697042010732843 1.0395975241414335 0.6703909733864704 0.1821795832280766 0.13447162979240312 0.07960748334137868 0.03481501594899594 0.21239462040400348 0.23995921572239265 0.06688536242519882 -0.1761601559109831 -0.2797924325406962 -0.16635352103809442 -0.0004358607562515715 0.45464500618292414 0.8071537732354015 0.7074971593919943 0.043561474078869455 -0.025880102588610843 -0.2368552744485899 -0.13905396990545915
-2.055058388719263 -2.2347583466603 -2.1096574909845334 -1.8138681796833571 -2.0335898096732095 -2.2063986187846494 -1.614554951996543 -0.9895807619892185 -1.1303192246244556 -1.31691033139509 -1.3929780127064142 -1.1634497478436734 -0.9447882945968358 -0.9135130806778942 -0.7738347947856719 -0.7825812529155454 -0.8822378667589525 -0.7094290576475126 -0.6694073855986975 -1.1205125897515669 -0.8334697365802639 0.2876671691580661 1.2291041169553591 1.4684390166909886 1.1530364356440352 0.5630480781562044 0.5015578270613363 0.3531330830392405 -0.09028583972677051 -0.2903941999708457 -0.2641548255812256 -0.37547338359779703 -0.5024295485738399 -0.6050016484605383 -0.054239830464261285 0.20576851576015986 0.4731980991856859 0.782769708146057 0.6216228432077817 -0.08525000019744944 -0.1470052954780714 0.05734377173806404 0.10796721121702912
-2.1223796119007132 -2.5337281881905214 -2.2456251582762032 -1.7709310215912508 -1.8676721493913668 -2.1252950979440044 -1.9095491307404582 -1.2962368849062982 -0.9095374178915883 -0.926235201594074 -1.2405776058980122 -1.2914660895627308 -1.0394090689109219 -1.0325179200813244 -0.9975320875618308 -0.8305542505369727 -1.2289156617248478 -0.9924962480325097 -0.30788711623059273 -0.3606309091955877 -1.3733647429606373 -0.8589139784126232 0.7692524546726163 1.5855885467941424 1.294570030836534 0.6939799059185532 0.555361796769346 0.7554701570134217 0.5124246386772398 -0.07650354206757592 -0.6381321716797559 -0.8363852226235551 -0.6858401251154294 -1.0139648270785626 -0.08445486764018817 0.691064419875262 0.5990940874187136 -0.12156105364571212 -0.3852800184706857 -0.44968575560884494 -0.45445655095241255 0.03773050199228711 -0.04443319559137304
-2.0306743236299187 -2.2122295908712317 -2.037565472459516 -1.7014894449237703 -1.6283372496557376 -1.6694190984475676 -1.5843399148206163 -1.5461735520720774 -1.5530647009016747 -1.4125912824521911 -1.829505786642828 -1.9145849702697793 -1.3831713778335257 -1.019795799165145 -0.9917011154752484 -0.8862135295452589 -1.2601908756437894 -1.214338231508392 -0.5355600717930575 0.10505172517373795 -0.6068569577608143 -0.9720878457294715 -0.03754204676177553 1.2643549936606067 1.6052018165399198 0.9362302916974738 0.9391457777407655 0.7652767918863099 0.8540665941138137 0.44298306200975945 -0.19948404425731203 -0.5951950135876496 -0.4740698206981895 -0.33041587201966083 0.20179285297385352 0.19967249948782362 -0.8509626528400109 -1.9856168120517823 -2.15471500256267 -1.718187228626256 -1.350040854614308 -0.680009153028847 -0.8371803551808163
