static/data/ASCData/20210112/ASCU/03.asc
ncols 97
nrows 97
xllcorner 99.0
yllcorner 2.0
cellsize 0.25
NODATA_value -32767
[rows 19 to 37 of 97, columns 43 to 85 of 97]
-2.20112619293354 -1.6306744501093142 -1.2858874606345458 -1.0319825219967602 -0.8846201005831213 -1.7420948175196265 -3.091718945344539 -4.230311870378491 -4.603339045141588 -4.556614374937263 -4.7704695962570565 -4.80050688424555 -4.751728382383893 -4.686262498306405 -4.5712479254957605 -4.384605973635629 -4.32607177140164 -4.4608544739141145 -4.7419726820115615 -4.968664351189686 -5.139389107705487 -5.2284740558423035 -5.242080690572134 -5.280076576232794 -5.185343591038311 -5.104217240573661 -5.022320703237509 -4.958908650817355 -4.888564916553701 -4.651090631174579 -4.345583172146303 -4.04289973164686 -3.7507421783912482 -3.5261043408704573 -3.3571766870548223 -3.089665113687206 -2.869905126352581 -2.6521989706752884 -2.4627330002863244 -2.2000992771048735 -1.9431135909810888 -1.8162894861407792 -2.5310229028926448
-2.4801905693736543 -1.7166786507601313 -1.3875521276725267 -1.4265749291618526 -2.019362091259574 -2.9186836282142385 -3.9812847819268713 -4.85827089960804 -5.021293787408842 -5.04876378582567 -5.201004057425475 -5.243107606400801 -5.181492656680812 -5.066221354913001 -4.936316502586692 -4.796655949888051 -4.785103146815553 -4.87495828182387 -5.026171637595008 -5.198950225768142 -5.2382297562146345 -5.278279473532628 -5.224366392527637 -5.170710040479815 -5.088813503143664 -4.930411736571859 -4.804614547560217 -4.666751097561742 -4.551479795793931 -4.412846158923957 -4.186411218702999 -3.924547682393049 -3.694261807814592 -3.465773035936302 -3.3132760353793307 -3.116108196275368 -2.936397926258735 -2.7859547573590966 -2.600339721327632 -2.443221599541661 -2.2997101124855215 -2.431412067511997 -3.5563983578161182
-2.681466071792283 -1.8309230366992764 -1.4481401615638485 -1.821167336326945 -2.6922486879932808 -3.805425446267738 -4.655198294489244 -5.122958454446824 -5.252863306773133 -5.342718441781448 -5.4246149791175995 -5.432573576789765 -5.366080776883611 -5.242080690572134 -5.15813032157865 -5.055438738712002 -5.024374534894841 -5.049533972697171 -5.127836304632989 -5.231298074371136 -5.236175924557302 -5.221542373998805 -5.1365650891766546 -5.029252385081008 -4.884713982196201 -4.690370161621072 -4.491918677731276 -4.402063542722959 -4.289872988441147 -4.23724355222199 -4.118121316096679 -3.944059083137712 -3.751769094219915 -3.4783527548374664 -3.2996694006495 -3.164886698137025 -3.0680998812852103 -2.9489776451598995 -2.718691770581443 -2.5115115021479815 -2.544886266579642 -3.000836894507556 -4.3278688741018065
-2.900199143298242 -2.026293773103073 -1.819113504669612 -2.5251181368778126 -3.4755287363086333 -4.461881389742781 -4.8777823003527025 -5.19227527288181 -5.321153209379453 -5.436424511147264 -5.4970125450385865 -5.512416282468584 -5.421790960588767 -5.3044658271636225 -5.22642022418497 -5.12398537027549 -5.074950139456666 -5.059289673069502 -5.094461540201328 -5.173790787965814 -5.164035087593483 -5.096515371858661 -4.983297901748183 -4.814370247932548 -4.616175492999918 -4.4071981218662915 -4.308357473357143 -4.219529254177493 -4.11118963425318 -4.106311784067015 -4.101433933880849 -3.998999079971368 -3.8133840439399034 -3.524307238170291 -3.308398185193165 -3.247810151301843 -3.2028825837976846 -3.0175242767233863 -2.7194619574529426 -2.4470725338991604 -2.606244487342464 -3.329963417595161 -4.988175751934349
-3.164886698137025 -2.3669730992631757 -2.5877600024264673 -3.330990333423827 -4.051628516190525 -4.525293442162936 -4.942221268601524 -5.15813032157865 -5.288035173904959 -5.3835383459709405 -5.43822161384743 -5.460813762078093 -5.37301245872711 -5.271347791689129 -5.1999771415968095 -5.097542287687328 -5.066221354913001 -5.050560888525837 -5.0135919186938445 -5.069302102399 -5.075977055285332 -4.948126034616356 -4.822072116647547 -4.610270726985086 -4.412075972052457 -4.351487938161135 -4.253674205480653 -4.135578885184009 -4.041872815818193 -4.065235150920356 -4.124796268983012 -4.033914218146029 -3.876796096360058 -3.587719290590446 -3.448058737891805 -3.3874707040004832 -3.2293256663858463 -2.957963158660731 -2.5330767345499776 -2.2362980600653666 -2.4686377663011565 -3.6092845229924415 -5.270320875860462
-2.9207374598715714 -2.4853251485169867 -2.8984020405980755 -3.4090359364024794 -3.5946509724339446 -4.059330384905524 -4.736067915996729 -4.951976968973856 -5.145293873720319 -5.23412209289997 -5.285981342247625 -5.297790874277291 -5.258511343830798 -5.256714241130632 -5.182519572509479 -5.0895836900151625 -5.058519486198002 -5.020266871580176 -4.961732669346187 -4.965583603703687 -4.968664351189686 -4.809492397746382 -4.674709695233908 -4.473434192815279 -4.428506625311121 -4.3689455072484655 -4.263429905852985 -4.120945334625512 -4.102460849709516 -4.153293183228506 -4.172804583973169 -4.027239265259697 -3.8827008623748904 -3.7399595621902506 -3.59952882262011 -3.4501125695491384 -3.2596196833315076 -2.7274205551251076 -2.225515443864369 -2.010633306715909 -2.4080497324098347 -3.602352841148943 -5.12398537027549
-2.156198625429382 -1.8542853718014387 -2.1834118948890433 -2.446045618070494 -2.5936647684412995 -3.6121085415212746 -4.359189806876134 -4.685492311434906 -4.883687066367536 -5.016415937222677 -5.1052441564023265 -5.112175838245825 -5.152225555563818 -5.217691439641305 -5.135538173347987 -5.021293787408842 -4.96070575351752 -4.916805101842028 -4.9031984671121975 -4.8903620192538675 -4.825152864133546 -4.652117547003245 -4.550709608922431 -4.535049142535267 -4.492945593559941 -4.439289241512119 -4.329922705759139 -4.229284954549825 -4.23724355222199 -4.338651490302804 -4.249823271123154 -4.041872815818193 -3.805425446267738 -3.7029905923582573 -3.658063024854099 -3.5212264906842914 -3.0575739940413786 -2.4226832829683316 -1.9831633082990812 -1.9510721886532538 -2.4255073014971646 -3.574112655860615 -4.9822709859195164
-1.7177055665887977 -1.2088687734845602 -1.4794610943381759 -1.8347739710567756 -2.5849359838976347 -3.623918073550939 -4.180506452688167 -4.467529426800446 -4.67753371376274 -4.795629034059385 -4.869053515809037 -4.906022485641031 -4.930411736571859 -4.970461453889852 -4.912954167484529 -4.844664264878209 -4.811289500446549 -4.816167350632714 -4.797682865716718 -4.722461281266899 -4.6726558635765745 -4.560465309294763 -4.496026341045941 -4.532995310877935 -4.575098859853259 -4.531198208177768 -4.462651576614281 -4.39821260836546 -4.41489999058129 -4.524266526334269 -4.313235323543309 -3.980257866098205 -3.7664026447784122 -3.7068415267157566 -3.6503611561391005 -3.296845382120667 -2.6922486879932808 -2.1854657265463766 -1.9500452728245874 -2.010633306715909 -2.4773665508448213 -3.495040137053296 -4.301682520470811
-1.1844795225537315 -0.5115929258200249 -0.509539094162692 -1.414765397132188 -2.8190727928335906 -3.72250199310292 -4.013632630529866 -4.168696920658503 -4.406171206037625 -4.5555874591085965 -4.614121661342586 -4.6757366110625735 -4.691140348492571 -4.707827730708401 -4.715786328380567 -4.690370161621072 -4.691140348492571 -4.691140348492571 -4.62670138024375 -4.583827644396925 -4.491918677731276 -4.4071981218662915 -4.383579057806962 -4.4451940075269505 -4.538900076892767 -4.556614374937263 -4.538900076892767 -4.600515026612755 -4.659049228846744 -4.610270726985086 -4.304506538999644 -3.9969452483140353 -3.8144109597685696 -3.669872556883764 -3.3700131349131532 -2.8737560607100803 -2.371850949449341 -2.1053662919103915 -2.1161489081113896 -2.225515443864369 -2.5682486016818045 -3.1736154826806904 -3.6208373260649394
-0.7028559989091554 -0.07592388550827334 0.07837021774886388 -1.3708647454566965 -2.8493668097792515 -3.574112655860615 -3.885524880903723 -4.028266181088362 -4.146361501385007 -4.248796355294488 -4.330949621587806 -4.390510739650461 -4.451868960413283 -4.467529426800446 -4.5145108259619375 -4.516564657619271 -4.522212694676936 -4.498850359574774 -4.395388589836627 -4.357392704175967 -4.276266353711316 -4.314262239371976 -4.334800555945305 -4.3504610223324685 -4.416953822238623 -4.468556342629113 -4.511686807433105 -4.6218235300575845 -4.669831845047742 -4.608216895327754 -4.400266440022793 -4.040845899989527 -3.7127462927305888 -3.451909672249305 -3.002890726164889 -2.4940539330606515 -2.268389179711194 -2.2606873109961954 -2.2917515148133565 -2.3328281479600155 -2.583909068068968 -3.0496153963692136 -3.5368869570714554
-0.44612704174253714 -0.38451209202254866 -0.5085121783340254 -1.7682811711506217 -2.847569707079085 -3.5253341539989576 -3.7897649798805744 -3.9022122631195533 -3.9147919820207173 -4.017483564887365 -4.0975829995233495 -4.158171033414671 -4.221583085834826 -4.210800469633829 -4.263429905852985 -4.2996286888134785 -4.308357473357143 -4.278063456411482 -4.1923159847178315 -4.124796268983012 -4.126850100640344 -4.176655518330668 -4.14533458555634 -4.202071685090163 -4.260605887324152 -4.324017939744307 -4.436465222983286 -4.5417240954216 -4.5935833447692564 -4.575098859853259 -4.344556256317636 -3.960746465353542 -3.5605060211307844 -3.1081495986032026 -2.6501451390179556 -2.355420296190678 -2.296629364999522 -2.4979048674181508 -2.5720995360393037 -2.6288366355731263 -2.858352323280083 -3.3738640692706525 -4.019280667587531
-1.2235023240430576 -1.7585254707782902 -2.3112629155580193 -2.659130652518787 -3.322004819922996 -3.5623031238309504 -3.780009279508243 -3.8144109597685696 -3.8485559110717302 -3.858311611444061 -3.8827008623748904 -3.909914131834552 -3.939181232951546 -3.947139830623711 -3.9666512313683744 -4.010551883043866 -4.0310901996171955 -3.9969452483140353 -3.965624315539708 -3.893483478575888 -3.9227505796928828 -3.9948914166567024 -4.011578798872533 -4.174601686673335 -4.212854301291161 -4.2585520556668195 -4.377674291792131 -4.48704082754511 -4.5458317587362655 -4.49987727540344 -4.240067570750822 -3.8788499280173907 -3.3386922021388257 -2.8632301734662486 -2.5400084163934764 -2.3407867456321805 -2.50175580177565 -2.629606822444626 -2.770294290971933 -2.9656650273757297 -3.2488370671305096 -3.8318685288558996 -4.294750838627312
-2.711760088737944 -3.377715003628152 -3.748945075691082 -3.5643569554882832 -3.52815817252779 -3.7176241429167547 -3.7068415267157566 -3.7399595621902506 -3.748945075691082 -3.7332846093039183 -3.7068415267157566 -3.686303210142427 -3.6542120904966 -3.6747504070699293 -3.6901541444999264 -3.775131429322077 -3.7956697458954065 -3.7869409613517417 -3.7479181598624156 -3.709922274201756 -3.738162459490084 -3.8259637628410674 -3.935330298594047 -4.101433933880849 -4.262659718981485 -4.30938438918581 -4.397185692536794 -4.500904191232107 -4.5935833447692564 -4.485243724844944 -4.218502338348827 -3.755620028577414 -3.2136651999986827 -2.770294290971933 -2.449126365556493 -2.532049818721311 -2.67941224013495 -2.7713212068005992 -2.9872302597777254 -3.2439592169443436 -3.56538387131695 -4.1571441175860055 -4.054452534719358
-4.07704468295002 -4.455976623727949 -4.331976537416472 -3.976406931740706 -3.8485559110717302 -3.736108627832751 -3.7253260116317533 -3.693234891985926 -3.7019636765295907 -3.6200671391934396 -3.5574252736447844 -3.418791636774811 -3.3268826701091614 -3.3564065001833225 -3.4362492058621408 -3.522253406512958 -3.6013259253202765 -3.5925971407766113 -3.5818145245756137 -3.56538387131695 -3.595677888262611 -3.6726965754125964 -3.8249368470124008 -4.051628516190525 -4.212854301291161 -4.301682520470811 -4.387429992164462 -4.591529513111923 -4.724515112924232 -4.511686807433105 -4.264456821681652 -3.7332846093039183 -3.1756693143380232 -2.7322984053112735 -2.708936070209111 -2.793913355031262 -2.9207374598715714 -3.0134166134087206 -3.296845382120667 -3.587719290590446 -3.890402731089889 -4.287048969912314 -4.1794795368595015
-4.949152950445023 -4.799736697374051 -4.455976623727949 -4.171777668144502 -3.9841088004557044 -3.8200589968262353 -3.723528908931587 -3.6922079761572593 -3.630593026437271 -3.5574252736447844 -3.3445969681536583 -3.111230346089202 -3.011619510708554 -3.0329280141533834 -3.1464022132210285 -3.3397191179674923 -3.418791636774811 -3.4783527548374664 -3.4783527548374664 -3.460895185750136 -3.498891071410796 -3.5368869570714554 -3.7350817120040847 -3.9687050630257072 -4.174601686673335 -4.262659718981485 -4.388456907993128 -4.62670138024375 -4.747877448026394 -4.477285127172778 -4.246999252594321 -3.7312307776465854 -3.202112396926185 -2.9831225964630597 -2.959760261360897 -3.1366465128486976 -3.266551365175006 -3.3913216383579825 -3.7155703112594214 -3.997972164142702 -4.181533368516834 -4.48318989318761 -3.6493342403104343
-5.054411822883337 -4.83773258303471 -4.4765149403012785 -4.1923159847178315 -3.969475249897207 -3.7566469444060804 -3.656009193196766 -3.5594791053021178 -3.4714210729939676 -3.3895245356578165 -3.1297148310051988 -2.8503937256079177 -2.7692673751432664 -2.777225972815432 -3.0193213794235527 -3.222393984542348 -3.352298836868657 -3.4236694869609767 -3.4539635039066376 -3.4110897680598122 -3.463719204278969 -3.4372761216908074 -3.6444563901242684 -3.909914131834552 -4.104257952409682 -4.222610001663493 -4.367918591419799 -4.576125775681926 -4.635686893744582 -4.3787012076207965 -4.1101627184245135 -3.6873301259710933 -3.5340629385426223 -3.325085567408995 -3.3456238839823245 -3.5497234049297863 -3.6072306913351087 -3.7479181598624156 -4.139429819541508 -4.301682520470811 -4.359189806876134 -4.085773467493685 -3.205963331283684
-4.954800987502688 -4.6374839964447485 -4.336854387602638 -4.120945334625512 -3.941235064608879 -3.668845641055097 -3.457814438264137 -3.358203602883489 -3.322004819922996 -3.2157190316560156 -2.9510314768172323 -2.6501451390179556 -2.603420468813631 -2.797764289388761 -3.007768576351055 -3.187222117410521 -3.323031735751662 -3.385673601300317 -3.416737805117478 -3.4198185526034774 -3.4685970544651346 -3.4149407024173115 -3.58284144040428 -3.896307497104721 -4.164845986301003 -4.295777754455979 -4.3817819551067965 -4.510659891604439 -4.566370075309595 -4.37690410492063 -4.014402817401365 -3.8026014277389053 -3.783090026994242 -3.7674295606070785 -3.76049787876358 -3.7391893753187504 -3.7127462927305888 -3.991040482299203 -4.3435293404889705 -4.334800555945305 -3.985135716284371 -3.5065929401257945 -2.2614574978676956
-4.539926992721433 -4.301682520470811 -4.178452621030834 -3.9422619804375456 -3.680398444127595 -3.410062852231146 -3.2293256663858463 -3.199031649440186 -3.1843980988816885 -3.014443529237387 -2.776199056986765 -2.6180540193721282 -2.6111223375286294 -2.925615310057737 -3.123810064990366 -3.2770772524188376 -3.3718102376133197 -3.400307151858814 -3.427520421318476 -3.4626922884503024 -3.4313713556759753 -3.4773258390087998 -3.611081625692608 -3.912994879320551 -4.215678319819994 -4.392307842350627 -4.475488024472612 -4.566370075309595 -4.638510912273414 -4.43158737279712 -4.089624401851184 -3.9948914166567024 -4.070113001106522 -4.158941220286172 -4.1414836511988415 -4.019280667587531 -3.993094313956536 -4.322991023915641 -4.415926906409957 -4.024158517773697 -3.4264935054898094 -2.5505343036373076 -1.0653572864284206
-3.8973344129333873 -3.785914045523075 -3.81518114664007 -3.7245558247602535 -3.4773258390087998 -3.2634706176890065 -3.1345926811913642 -3.106352495903036 -3.0906920295158726 -2.990054278306558 -2.7079091543804448 -2.6180540193721282 -2.6863439219784486 -2.9910811941352247 -3.2272718347285134 -3.377715003628152 -3.4675701386364683 -3.498891071410796 -3.4755287363086333 -3.433425187333308 -3.3620545372409882 -3.5556281709446185 -3.729433674946419 -4.0087547803437 -4.300655604642145 -4.459827558085448 -4.474461108643945 -4.408995224566458 -4.417724009110122 -4.3689455072484655 -4.3435293404889705 -4.412846158923957 -4.528117460691769 -4.529144376520435 -4.392307842350627 -4.266510653338985 -4.254701121309321 -4.311438220843143 -4.155090285928672 -3.5448455547436204 -2.9186836282142385 -1.7536476205921243 -0.12881005068459705
