static/data/ASCData/20210112/ASCU/06.asc
ncols 97
nrows 97
xllcorner 99.0
yllcorner 2.0
cellsize 0.25
NODATA_value -32767
[rows 76 to 94 of 97, columns 0 to 42 of 97]
-6.818271905370702 -6.9248250625109975 -6.667966474209112 -5.8866758666859935 -5.077109980033468 -4.886623889056402 -4.774415676090225 -5.573266720125291 -5.4735591568794835 -5.340814162229842 -5.675652994025464 -5.613149745423614 -5.537848212584244 -6.010789460338238 -6.704873154335918 -7.99124953746541 -8.824030916455765 -9.280304631249267 -9.327033250442078 -9.331795402716505 -9.224646976541905 -9.264530001840228 -9.202919656789835 -9.18238287510637 -9.055590570799762 -9.017493352604347 -9.099640479338207 -8.86212813465118 -8.451987770016185 -7.912078755903067 -7.7763574160819084 -7.937377689860959 -8.108219902706015 -8.134709374732513 -8.126970877286569 -8.186497780716902 -8.21477305984631 -8.007619435908751 -8.142447872178455 -8.263585120659183 -8.374900430073904 -8.243048338975719 -7.779333761253425
-6.8191648089221575 -6.870953214906547 -6.8504164332230815 -6.092638952554945 -5.288132852693997 -4.864301300270027 -4.754771797958215 -4.474400082801347 -4.22438708839395 -4.147299748451669 -4.577083991218672 -4.941388640212308 -5.488143248219915 -5.959001054353848 -7.107275021524968 -8.39722301886028 -9.275244844457688 -9.639549493451327 -9.59371377780997 -9.437455656305346 -9.242207413053855 -9.121963068124582 -9.055590570799762 -8.96094279434553 -8.83891264231335 -8.72640679483002 -8.746943576513484 -8.462702612633645 -8.271323618105125 -7.774273974461847 -7.752844289226927 -7.913864563005977 -8.178759283270958 -8.208820369503275 -7.811478289105805 -7.727545355269036 -7.811478289105805 -7.879934228050688 -8.061491283513202 -8.172806592927925 -8.276383404896706 -8.028156217592215 -7.564441639869924
-6.991197559835819 -6.990007021767212 -6.909943336653415 -6.13281961237042 -5.765538618205266 -5.341707065781296 -4.708043178765404 -4.304450773507748 -4.067236063337871 -3.743112074159709 -3.666024734217428 -4.247007311697477 -5.000022640091187 -6.147403703710851 -7.296868208950578 -8.39543721175737 -9.272268499286172 -9.482398468395246 -9.355308529571486 -9.101426286441118 -8.913916540635569 -8.78891004343187 -8.673725485294176 -8.57788717077134 -8.560326734259391 -8.432641526401328 -8.350494399667468 -8.071313222579207 -7.9245794056234375 -7.686471791902106 -7.686471791902106 -7.834991415960786 -8.100481405260071 -8.051669344447198 -7.606408106788309 -7.273355082095597 -7.495092797373586 -7.878743689982081 -8.135602278283967 -8.210903811123337 -7.958807375095879 -7.710877822308543 -7.405207173193784
-7.331096178423019 -7.309368858670948 -6.994173905007336 -6.513494159807398 -6.27419600801746 -5.427723441238127 -4.613097767794023 -4.373799616004085 -4.372906712452631 -3.906215789558821 -3.148438308890684 -3.4678001457944196 -4.455946742737945 -5.626840933212591 -7.055486615540579 -8.034108907935249 -8.811530266735396 -9.04279228656224 -8.780278642434471 -8.529075109958466 -8.43829658222721 -8.42073614571526 -8.310313739851994 -8.335910308327037 -8.350494399667468 -8.25584662321324 -8.168937344204954 -8.044823750552709 -7.855230563127099 -7.701055883242538 -7.659982319875608 -7.790048603870885 -7.81237119265726 -7.752844289226927 -7.4501499852836846 -7.086738239841503 -7.467710421795633 -7.944223283755448 -8.142447872178455 -8.071313222579207 -7.754927730846989 -7.4364587974947085 -7.165909021403846
-7.76951182218742 -7.795703659696767 -7.573073040867322 -7.175730960469851 -6.539090728282441 -5.480404750773972 -4.465768681803949 -4.2996886212333205 -4.208910093502063 -3.674656135214826 -2.580849284682461 -2.235295610269379 -2.9647978118081073 -4.164860184963617 -5.956917612733786 -7.545690665289369 -8.292753303340046 -8.351387303218925 -8.037085253106767 -7.951068877649935 -8.10941044077462 -8.093635811365584 -8.002857283634325 -8.049585902827136 -8.136495181835421 -8.12875668438948 -8.080837527128061 -8.102564846880131 -7.925769943692044 -7.751951385675472 -7.65135091887821 -7.540928513014943 -7.439435142666225 -7.26859292982117 -7.0703683413981615 -7.252818300412131 -7.668018451838703 -7.896304126494029 -7.954045222821452 -7.940354035032476 -7.701948786793992 -7.384670391510319 -7.008757996347767
-8.095719252985644 -7.88558928387657 -7.715639974582969 -6.943278402574401 -5.800659491229163 -4.61428830586263 -3.924669129622224 -3.9862794746726187 -4.074974560783814 -3.7392428254367376 -2.7439530000815724 -2.2549394884013885 -2.291846168528195 -3.301720085223791 -4.812512894285637 -6.213776201035673 -7.156087082337841 -7.7763574160819084 -7.5388450713948805 -7.547774106909431 -7.91981725334901 -7.858206908298616 -7.690341040625078 -7.611170259062735 -7.655220167601182 -7.787965162250823 -7.811478289105805 -7.915948004626039 -7.791834410973795 -7.6230756397488015 -7.498962046096557 -7.27037873692408 -6.929587214785425 -6.735231875085388 -6.962922280706411 -7.4266368584287035 -7.665042106667186 -7.742129446609467 -7.814454634277322 -7.740046004989406 -7.502831294819529 -7.174838056918396 -6.762614250663341
-7.766535477015903 -7.3992544828507505 -6.862321813909149 -5.765538618205266 -4.66101692505544 -3.654119353531361 -2.845744004947442 -2.4793559143337434 -2.797824847686024 -2.9841440554229655 -2.5448355081071092 -1.879919996790292 -1.1397029526341034 -1.593595591290391 -2.396315884048429 -3.2517174863423115 -4.6455399301635545 -6.60159397688429 -7.106382117973513 -7.214721082216719 -7.652243822429665 -7.537059264291971 -7.336751234248901 -7.267402391752563 -7.311452300291009 -7.484377954756126 -7.781119568356336 -7.906126065560034 -7.620099294577285 -7.373955548892859 -7.249841955240615 -6.990007021767212 -6.706063692404524 -6.744160910599938 -7.231388615177212 -7.525153883605904 -7.442411487837742 -7.49211645220207 -7.508783985162562 -7.400445020919357 -7.171861711746879 -6.7733290932808 -6.251873419231085
-6.771245651660739 -6.4804567284035635 -5.947095673667781 -4.785130518707685 -3.6130457901644317 -2.6052553150888973 -1.9022425855766667 -1.7331861798345214 -2.0858830826592434 -2.165053864221586 -2.241248300612412 -1.831107935977419 -0.9629080494460149 -1.1063678867131168 -1.8837892455132634 -2.521322381252128 -3.584770511035024 -4.786916325810594 -6.271517297363095 -6.777198342003772 -7.27037873692408 -7.406100076745239 -7.195077204084709 -7.040009620648692 -7.117096960590973 -7.351335325589332 -7.771297629290331 -7.835884319512242 -7.533190015568999 -7.156087082337841 -6.826010402816645 -6.468551347717497 -6.393547449395277 -6.896252148864438 -7.402230828022267 -7.406100076745239 -7.307583051568038 -7.274247985647051 -7.170671173678272 -7.009650899899222 -6.715587996953378 -6.241158576613626 -5.569099836885168
-5.622971684489619 -5.23336810153809 -4.769355889298646 -3.98121968788104 -2.8034799035119056 -1.6638373373381838 -0.9385020190395784 -1.296853977690182 -1.6093702206994291 -1.9549238951125112 -2.510607538634668 -2.0361781182949157 -1.13553606939398 -1.067377764966249 -1.4043000383819326 -1.9912353062050143 -2.3603021074730774 -3.265408674131288 -5.625948029661136 -6.395333256498187 -6.837915783502712 -7.406100076745239 -7.193291396981799 -6.944171306125856 -7.029294778031232 -7.323060046459925 -7.679626198007618 -7.814454634277322 -7.602538858065337 -7.1551941787863855 -6.476587479680592 -6.169726292497226 -6.484325977126535 -7.056677153609185 -7.265616584649653 -7.1923984934303435 -6.998043153730307 -6.8876207478670395 -6.873036656526608 -6.497124261364057 -6.133712515921875 -5.589636618568633 -4.963711228998683
-4.21188643867358 -3.9931250685671067 -3.614236328233038 -3.0058713751750368 -2.3594092039216226 -1.226612231642389 -0.4765732484201959 -0.7527780803369402 -0.7938516437038696 -1.668004220578307 -2.4784630107822885 -1.53615212948012 -0.7292649534819586 -0.8632004862002074 -1.211730505784806 -1.6111560278023391 -2.061477052252807 -2.816278187749427 -5.042882010561026 -5.928642333604378 -6.436406819865117 -6.990007021767212 -7.050724463266151 -6.81618846375064 -6.950123996468889 -7.24002001617461 -7.553726797252464 -7.784095913527852 -7.597479071273758 -7.239127112623155 -6.6599303422460165 -6.497124261364057 -6.793865874964266 -6.956969590363378 -7.0605464023321565 -6.85547622001466 -6.702194443681553 -6.648322596077102 -6.537007286662379 -6.104544333241011 -5.543800902927277 -5.000915543642641 -4.42469511843702
-2.6629964114163203 -2.728476005189686 -2.4433421377583917 -2.3787554475364807 -1.7382459666260999 -0.7587307706799733 -0.00958469100923498 0.0841701818935392 0.21602227299172627 -1.057555825900244 -2.383815234328059 -1.2361365361912426 -0.31049318784956736 -0.48044249714316734 -1.2138139474048677 -1.6043104339078509 -2.06742974259584 -2.770442472108071 -4.512497300996761 -5.594696405360211 -6.105437236792467 -6.556651164794389 -6.623916565670665 -6.66409722548614 -6.803687814030271 -7.159063427509357 -7.466817518244178 -7.740046004989406 -7.47068676696715 -7.1668019249553 -6.902204839207472 -6.737315316705449 -6.808449966304697 -6.967684432980837 -6.829879651539617 -6.628678717945092 -6.680467123929482 -6.460812850271553 -6.237289327890654 -5.6152331870436765 -5.054489756729941 -4.580953239941643 -4.0097926015276
-1.3739413176324629 -1.438528007854374 -1.5429977233746082 -1.5593676218179497 -1.2087541606132894 -0.22953659918431457 0.36335135898180004 0.4600825770560908 0.45502279026451253 -0.6599161109856209 -2.318335640554693 -1.1885150134469762 -0.21971466011830976 -0.4753827103515891 -1.209944698681896 -1.8572997734867653 -2.3269670415520913 -2.7040699747832497 -4.163074377860707 -5.341707065781296 -5.855424242385069 -6.27419600801746 -6.391464007775216 -6.431644667590691 -6.677788413275117 -7.058462960712095 -7.3992544828507505 -7.632599944297655 -7.298654016053488 -7.029294778031232 -6.804580717581725 -6.643560443802675 -6.714695093401923 -6.733446067982478 -6.571235256134821 -6.584926443923798 -6.554567723174328 -5.797683146057646 -5.647377714896056 -5.061335350624429 -4.719650924934319 -4.246114408146021 -3.8437125409569712
-0.8623075826487524 -0.4590128119082477 -0.7792675523634383 -0.9197510444590236 -0.5664588725999984 0.04220371497515463 0.614257256940653 0.09101577578802766 -0.2762652183771259 -0.878677481092094 -2.367147701367566 -1.2891154802442388 -0.06226600054507947 -0.28221790872015906 -0.991183328575423 -1.7263405859400331 -2.5359064725925595 -2.750798593976061 -4.001756469564505 -5.120862254054762 -5.64827061844751 -6.066447115045599 -6.1991921096952405 -6.338782698239371 -6.5926649413697405 -6.961731742637804 -7.351335325589332 -7.406992980296693 -7.086738239841503 -6.827200940885252 -6.642369905734069 -6.448014566034032 -6.281041601911949 -6.272410200914551 -6.266457510571517 -6.502779317189938 -5.893521460580482 -4.353560468837772 -4.646432833715009 -4.925614010803271 -4.566369148601211 -4.218732032568068 -3.8446054445084266
-1.162025541420478 -0.24293015245613958 -0.05661094471919781 -0.14352022372748374 -0.058396751822107795 0.3320997346808756 0.6133643533891981 0.0841701818935392 -0.8914757653296155 -1.2754242924552621 -2.231426361546407 -1.6775285251271603 -0.5185397153385805 -0.41496290336980124 -1.021244414807741 -1.755806403138048 -2.655257913970377 -2.6415667261814004 -3.876749972360806 -4.924721107251815 -5.556599187164798 -5.918820394538373 -6.1247834804073245 -6.291756444529408 -6.54593632217693 -6.921848717339481 -7.3281198332515025 -7.0879287779101094 -6.779281783623834 -6.447121662482577 -6.285208485152071 -6.024183013610062 -5.796790242506191 -5.652139867170482 -5.643508466173084 -5.874770485999927 -5.089610629753837 -3.7097770082387225 -4.434517057503024 -4.783939980639078 -4.601490021625108 -4.320225402916785 -3.9118708453847026
-0.8992142627755588 -0.6435462125422793 -0.5018721823780872 -0.12774559431844557 0.07524114637898927 0.3547199579844018 0.5585996022332917 0.05470436469552453 -1.0185657041533762 -1.4608505966407488 -1.8671217125527704 -1.9921282097564692 -1.6462769008262357 -1.3709649724609463 -1.5019241600076785 -2.0379639253978254 -2.4677481681648286 -2.4061378231144337 -3.927645474793741 -4.80745310749406 -5.464630121364934 -5.865246181451074 -6.115259175858472 -6.342651946962343 -6.608439570778779 -6.909050433101959 -7.159063427509357 -6.737315316705449 -6.459027043168644 -6.065256576976992 -5.717619460943848 -5.383673532699682 -5.112230853057364 -4.982462203579239 -4.9580561731728015 -4.942281543763763 -4.899422173293924 -4.741080610169238 -5.029190822772049 -4.768462985747192 -4.524402681682827 -4.217541494499462 -3.761565414223112
-0.8271867096248561 -1.1873244753783696 -1.3230458151995284 -0.6015797456238947 -0.12893613238705215 0.11929105491743575 0.06750264893304614 -0.611104050172748 -1.2078612570618343 -1.0849382014781972 -1.5174011548995652 -2.335896077066641 -2.203151082416999 -1.4843637234957303 -1.2510182620488257 -1.7507466163464698 -2.0936215801051867 -2.1433265444695144 -3.8359740435110283 -4.709828985868314 -5.28694231462539 -5.7947068008861295 -6.138474668196301 -6.424799073696202 -6.694158311718458 -6.854285681946053 -6.817379001819247 -6.428668322419174 -5.855424242385069 -5.630710181935562 -5.286049411073936 -4.927697452423332 -4.598513676453591 -4.369037463729658 -4.246114408146021 -4.184504063095627 -4.4824362147644425 -4.929483259526242 -4.833049675969103 -4.5300577375087085 -4.2723062456553675 -3.854427383574431 -3.3552942983110907
-1.1230354196736103 -1.5897263425674195 -1.5632368705409214 -1.0048745163643995 -0.7646834610230067 -0.4881809945891107 -0.35245965476795194 -1.0146964554304043 -1.4656127489151756 -1.0879145466497138 -1.4950785661131902 -2.5671580968934844 -2.6424596297328553 -2.0418331741207973 -1.6748498144727952 -1.7888438345418827 -2.040940270569342 -1.9814133671390093 -3.2880288974348146 -4.488091270590324 -5.200033035617105 -5.693213430537412 -6.180441135114686 -6.479266190334957 -6.573021063237731 -6.63373850473667 -6.362295825094352 -5.983407084760285 -5.302716944034429 -5.17771044683073 -4.801798051668178 -4.456839646289399 -4.157121687517673 -3.869904378466318 -3.6737632316633713 -3.749957668054197 -4.173789220478167 -4.546725270469202 -4.334809494257217 -4.015447657353482 -3.7693039116690557 -3.460954551899931 -3.1805828367430635
-1.3144144142021301 -1.5293065355856317 -1.3807869115269513 -0.9197510444590236 -0.8191505776617611 -0.9629080494460149 -0.9441570748654601 -1.3173907593736467 -1.7147328397711183 -1.5700824644354097 -1.8016421187794043 -2.585016167922584 -2.9665836189110175 -2.51269098025473 -2.025165641160304 -1.9784370219674927 -1.926648615983103 -1.8543234283152488 -2.0439166157408586 -3.568400612591682 -4.840788173415046 -5.491119593391431 -6.018527957784181 -6.353366789579803 -6.417953479801714 -6.364081632197263 -6.019420861335636 -5.542015095824366 -4.920851858528843 -4.717567483314257 -4.470530834078376 -4.135692002282754 -3.791924134972582 -3.4695859528973294 -3.2585630802368 -3.282076207091781 -3.629713323124925 -3.6972763585183523 -3.553518886734099 -3.4365485214934948 -3.291898146157786 -3.3320788059732607 -3.1308778723787363
-1.4715654392582087 -1.7870580274389727 -1.297746881241637 -0.7566473290599116 -0.8006972375983579 -0.9792779478893564 -1.1962535108929195 -1.441206718508739 -1.7129470326682084 -1.9626623925584545 -2.198091295625421 -2.842767659775925 -3.1258180855871576 -2.7811573147255304 -2.2695235797418203 -1.6209779668683442 -1.4831731854271237 -1.4275155307197624 -1.1718474804864831 -2.615077254154902 -4.68066080318745 -5.344683410952813 -5.881616079894415 -6.215859642655734 -6.193239419352207 -6.099484546449434 -5.681605684368497 -5.176519908762123 -4.66786251894993 -4.372906712452631 -4.16009803268919 -3.917823535727736 -3.5663171709716206 -3.156176806336627 -2.959738025016529 -2.896341872863225 -3.0534928979193032 -2.9540829691906474 -2.921640806821116 -2.8368149694328917 -3.169867994125604 -3.2439789888963686 -3.191297679360524
