static/data/ASCData/20210112/ASCU/09.asc
ncols 97
nrows 97
xllcorner 99.0
yllcorner 2.0
cellsize 0.25
NODATA_value -32767
[rows 76 to 94 of 97, columns 43 to 85 of 97]
-7.270588882951788 -7.030466092954763 -6.663290991288427 -6.395812440405666 -6.850829929805091 -7.338066426469938 -7.4866993939491095 -7.414358604051271 -6.8742343030073325 -6.272711516419849 -5.697632632021913 -5.319515226001282 -5.136839533864305 -4.804922968450697 -4.475741979125662 -4.333188069621099 -4.4611522399866015 -4.965106146081623 -5.728635827692415 -5.98456416842342 -5.832283766159485 -5.382129523139746 -5.0140425627772185 -4.834102446728815 -4.9328871388161994 -5.173921787509415 -4.969057533765119 -4.571487142225741 -4.213126674622587 -6.481527157847641 -7.939589213057422 -8.690656825820266 -8.514972050354089 -7.969984502930462 -7.392777948241413 -6.910404697956251 -5.879092512563968 -4.521638866833953 -3.7365285294133033 -4.198536935483528 -4.664192776338516 -4.803099251058314 -5.060851309181702
-7.172108143763134 -6.887912183450201 -6.700373244933537 -6.515873835404178 -6.980617817562976 -7.406455828684281 -7.5441464918091565 -7.077274839359246 -6.530463574543237 -5.9113115198293915 -5.383953240532129 -5.1641952947500425 -5.156596472281782 -4.899756272854585 -4.898540461259663 -4.759026080742404 -4.7386612365274665 -5.228633309280889 -5.497327671758572 -5.616477208060893 -5.545048276859246 -5.292159465115544 -5.11161144326968 -5.300974099178727 -5.413436671708979 -5.505230447125562 -5.274530196989181 -3.5413907684283794 -2.7863717679820392 -4.209175286939091 -5.6994563494142945 -7.048095361081128 -8.27059391977484 -7.711016633212152 -7.199463904648871 -6.718914371756092 -5.74717695451497 -4.424981845037683 -3.432879583581623 -3.9210279389426623 -4.542307663947621 -4.768752573501778 -5.028632301916279
-7.082138085738933 -6.738367357274838 -6.5401900673026105 -6.438669799126654 -7.037457009625562 -7.424085096810645 -7.185786024206003 -6.718002513059901 -6.085172577903187 -5.465108664493148 -5.179088986787832 -5.043222041055339 -5.149605555610982 -5.086991258472517 -5.121337936029054 -5.154468801990669 -5.13319209907954 -5.166322965041155 -5.3234666136847775 -5.311612450634291 -5.354773762254009 -5.374226747772756 -5.556902439909733 -5.783347349463888 -6.259945494673172 -6.351739270089756 -4.469966874049784 -2.522540651884043 -1.3927477273031066 -1.727703821704019 -2.6954898512616468 -4.469966874049784 -6.143835487358155 -7.414358604051271 -6.90250192258926 -6.431982835354585 -5.5392731717833685 -4.584253163972418 -3.4903266814416707 -3.8489911019435548 -4.55598554439049 -4.74838772928684 -5.046261570042643
-6.975754571183289 -6.5997648354537715 -6.234717404078548 -6.2882131142551 -6.955389726968352 -7.094904107485609 -6.8216504515269705 -6.300979136001778 -5.6553831790983855 -5.25902859915393 -5.109483772978567 -5.033495548295965 -5.084255682383944 -5.063586885270276 -5.018905809156905 -5.090030787459822 -5.317691508608899 -5.347782845583209 -5.2483902476983655 -5.190639196939587 -5.280609254963789 -5.494288142771268 -5.663285954465376 -5.807967534261051 -6.34687602371007 -5.153556943294477 -2.910384550664047 -1.4669122345933268 -0.8088542088419879 -0.7064220819698392 -1.060831161889498 -2.2766427568111407 -4.87422422936123 -6.442621186810149 -6.511922447720682 -5.8958099219941404 -5.67301244722475 -4.928935751132704 -3.7863768048050903 -3.818595812070514 -4.4201185986579965 -4.751123305375414 -5.035319265688347
-6.654476357225246 -6.447484433189835 -6.195507480142325 -6.2052339729016985 -6.382134559962797 -6.516785694100369 -6.3490036940011825 -5.867542302412212 -5.44443986737948 -5.172098070117032 -5.149605555610982 -5.094894033839508 -5.0921584577509345 -4.961154758398127 -4.803099251058314 -5.00036468233435 -5.342919599203523 -5.462980994202035 -5.251125823786939 -5.065714555561389 -5.077264765713144 -5.011914892486106 -5.006139787410229 -5.158420189674164 -4.68881296113568 -3.093972101497215 -1.4571857418339538 -0.7833221653486331 -0.8653894480058439 -0.6945679189193532 -1.1486735496225868 -1.0705576546488715 -3.699446275768193 -5.227721450584697 -5.448391255062976 -5.808879392957243 -6.017695034385035 -5.271794620900607 -3.969052496942067 -3.858717594702928 -4.011909855663055 -4.445650642151351 -4.32650110584903
-6.267848270040163 -6.207361643192812 -6.052953570637762 -5.789426407438496 -5.738362320451788 -5.919214295196381 -5.808879392957243 -5.471795628265218 -5.180912704180214 -5.139879062851609 -5.193678725926892 -5.269666950609494 -5.041094370764226 -4.788205559020524 -4.552946015403186 -4.8167771315011825 -5.406445755038179 -5.653559461706003 -5.221034486812629 -4.747171917691919 -4.469055015353593 -4.172093033293981 -4.159327011547305 -3.9113014461832893 -2.852633499905269 -1.2170629518369294 -0.31462679550634 -1.011894745193902 -1.316759502620504 -0.5930476507433964 -0.8878819625118943 0.03887042571712751 -0.4562688463147113 -1.1653909590527594 -1.8723854014996946 -3.4170740328476414 -5.373314889076564 -5.514956939884936 -3.871179663550875 -3.1271029674588298 -3.0881969964213374 -2.9611446847520257 -2.6222372026676175
-6.023774092359643 -5.749304624806083 -5.189727338243396 -4.864497736601857 -4.9514282656387545 -5.126201182408741 -5.127113041104932 -5.099757280219195 -5.099757280219195 -5.183952233167519 -5.275746008584102 -5.341095881811141 -5.0325836895997735 -4.797020193083705 -4.621335417617528 -4.794284616995132 -5.33319310644415 -5.657510849389498 -5.2012775483951526 -4.39276283777226 -3.698534417072002 -3.427104478505745 -3.1751275254582345 -2.1106844741043367 -0.8167569842089786 0.022153016286954763 -0.04319685694008335 -1.0286121546240747 -1.5881894411867608 -1.0957857452434954 -0.6808900384764849 0.09844519386828798 0.6492078463677919 0.4078692447758461 -0.2210093026973734 -1.2745100496969768 -2.3751234959997936 -3.016768065219691 -1.957188260245479 -0.962046469802115 -1.3498903685821186 -1.4444197200872764 -1.1663028177489507
-5.613437679073589 -4.980607743916874 -4.181819526053355 -3.819507670766705 -4.027715406397037 -4.31859833048204 -4.676958798085193 -4.830455011944051 -5.077264765713144 -5.288208077432049 -5.406445755038179 -5.369363501393069 -5.180912704180214 -4.8353182583237375 -4.670271834313125 -4.631973769073093 -4.857506819931057 -4.73349403724905 -4.278476547849625 -3.7951914388682724 -3.1985318986604763 -2.745338126653434 -2.2726913691276454 -1.2659993685325255 -0.25414016865898814 0.08081592574192431 -0.8167569842089786 -1.6641776658693632 -1.7413817021468876 -1.2784614373804721 -0.7121971870457173 -0.04988382071215236 0.4686598245219282 0.5592377883435904 0.2525493135246064 0.1558922917283354 -0.35262090784764144 -0.2708575780891609 0.9227654552251621 1.4577225569906846 0.4616689078511289 -0.0599142663702561 -0.11948903452141657
-4.9258962221454 -4.117381511522508 -3.4024842937085817 -3.296100779152938 -3.4444297937333785 -3.7784740294380996 -4.2043120405594046 -4.671183693009316 -4.971793109853692 -5.356597479646392 -5.5012790594420675 -5.532586208011299 -5.497327671758572 -5.162371577357659 -4.8733123706650385 -4.602794290794973 -3.950511370119512 -3.672090514882456 -3.4933662104289747 -2.9854609166504584 -2.442601039517945 -1.7550595825897561 -1.1623514300654554 -0.3763292339486135 0.28780784977733376 -0.2854473172282206 -1.1468498322302043 -1.102776661914295 -0.9845389843081653 -0.9787638792322872 -0.5276977775163578 0.016377911211077123 0.11121121561496539 0.5428243318121484 1.355290430118536 1.430366796104947 1.4665371910538663 1.9139558579850307 3.1100105144891965 3.2762727500947313 2.6385795685583298 1.903013553630736 1.626720368684793
-4.283339794229311 -3.4562839567838646 -2.886980177461805 -2.938652170245975 -3.139868989205507 -3.4964057394162786 -3.9544627578030074 -4.424069986341491 -4.988510519283865 -5.428026410848038 -5.781523632071506 -5.890946675614454 -5.825292849488685 -5.59975979863072 -5.194590584623083 -4.393674696468451 -3.7435194460841026 -3.259930384204019 -2.9064331629805515 -1.8644826261327039 -1.4249667345685302 -1.0091591691053283 -0.40459685353054153 0.261363947587788 0.09631752357717493 -0.4787613608207617 -0.714932763134291 -0.5216187195417499 -0.42101031006198397 -0.7228355385012817 -0.301860773759663 0.017289769907268493 -0.011889708370850904 0.2525493135246064 1.0847723502484707 2.512439115585209 3.067153155768209 3.7625973880633885 4.5914769429012185 4.6571307690269865 4.372934808714053 3.725211181519548 3.27505693849981
-3.6827288663380204 -2.916159655739925 -2.5353066736307204 -2.723757470843575 -3.003090184776822 -3.4681381198343506 -3.9271069969172707 -4.641700261832466 -5.227721450584697 -5.788210595843575 -6.1517382627251465 -6.305842382381464 -6.099762317042246 -5.8341074835518665 -5.125289323712549 -4.328324823241413 -3.366313898759663 -2.8459465361331997 -1.7736007094123112 -0.6690358754259988 -0.6495828899072524 -0.5365124115795399 -0.024655730117528307 0.23613585699316397 0.0613629402231779 -0.4152352049861059 -0.6301299043885065 0.00361188946439972 0.03795856702093614 -0.454445128922329 -0.2188816324062608 -0.052923349699456335 -0.38787944410036923 -0.12830366858459819 0.683250571025598 2.099367126210581 4.048617065768704 4.937375341656425 5.449839928915898 5.469596867333374 5.233121512121116 4.917618403238949 4.473543218193818
-3.0714795869911646 -2.488497927226237 -2.234697256786344 -2.5450331663900934 -3.1116013696235787 -3.57148210540269 -4.100664102092335 -4.8167771315011825 -5.772708998008325 -6.328334896887515 -6.379095030975494 -6.411314038240917 -6.000369719157401 -5.4046220376457965 -4.663280917642325 -3.6945830293885065 -2.7316602462105655 -1.2580965931655348 -0.04897196201596099 0.0826396431343066 -0.21401838602657408 -0.19365354181163674 -0.04410871563627472 0.1765610888420035 -0.10945858886331283 -0.5872725456675183 -0.6517105601983655 0.048596918476500495 0.4002704223075857 -0.02951897649721502 -0.23742275922881584 -0.5295214949087406 -0.895784737878885 -0.7881854117283198 0.02428068657806781 1.690246524519449 3.7820503735821345 5.014275425035219 5.546496950712168 5.611238918141746 5.536770457952796 5.277194682437026 5.072938334490189
-2.631963695426991 -2.1067330864208413 -2.0432069305861855 -2.522540651884043 -3.197620039964285 -3.6125157467312956 -4.197625076787336 -5.255989070166626 -6.2952040309259 -6.330158614279897 -6.161464755484519 -5.783347349463888 -5.140790921547801 -4.425893703733874 -3.592150902516358 -2.52770785116246 -1.1839320858753144 0.38659254186471737 1.0865960676408526 0.5154685709264113 0.21455520118330496 0.014554193818694827 -0.023743871421336937 0.16288320839913517 -0.11462578814172986 -0.5666037485538507 -0.6428959261351834 -0.40946009991022825 0.36683560344724064 0.1558922917283354 -0.7228355385012817 -1.0647825495729935 -1.8684340138161992 -1.6584025607934856 -0.3635632122019361 1.413953339573505 2.985997731807189 4.235244145589176 4.91883421483387 5.174458602666146 5.276282823740834 5.309413689702449 5.126737997565472
-2.313725010456251 -2.0255776624598214 -2.1790738763186788 -2.6544562099330413 -3.1046104529527794 -3.5684425764153858 -4.342002703684281 -5.400670649962301 -5.845049787906161 -5.602799327618024 -4.976656356233379 -4.303096732646789 -3.83804879758926 -3.3957973299365127 -2.3167645394435548 -0.9641741400932275 0.31516361066307086 0.8446495602514461 0.9744374480093314 0.8717013682384525 0.7625822775942352 0.4051336686872724 0.12276142576672067 0.28598413238495146 0.07291315037493362 -0.35961182451844076 -0.8340822994366119 -0.8663013067020353 -0.2872710346206033 -0.47298625574488407 -1.3489785098859275 -1.241379183735362 -1.9523250138657926 -1.5237514266559136 -0.2629548027221702 0.9735255893131405 2.1492154016023686 3.201804289905781 4.036762902718218 4.436157011649978 4.745885015456267 4.908803769175767 5.075977863477494
-2.2483751372292127 -2.0851524306109823 -2.5772521736555167 -2.873302297018937 -2.9240624311069157 -2.990324163030145 -3.6495980003764057 -4.4201185986579965 -4.610697066161964 -4.017684960738933 -3.3009640255326245 -2.506127195352601 -2.1720829596478795 -1.9055162674613093 -0.9866666545992779 0.06409851631175156 0.4978393028000476 0.6188125564947509 0.8160779877707873 0.943130299440099 1.0057445965785639 1.1619763865259949 0.961671426262654 0.4294499005857051 -0.00793832068735556 -0.48848785358013513 -0.9407697668909858 -1.0079433575104066 -0.8000395747788058 -1.0745090423323669 -1.6818069339957271 -1.8039959992853523 -1.9963981841817022 -1.3410757345189368 -0.2355990418364331 0.7449530094678716 1.590549973735874 2.4276362568394245 3.217609840639762 3.7215637467347826 4.1793168122227815 4.60819435233139 4.921569790922444
-2.448376144593823 -2.5392580613142153 -2.8614481339684508 -2.7052163440210197 -2.5568873294405794 -2.4046069271766437 -2.712207260691819 -3.154458728344567 -3.2179848841792227 -2.620413485275235 -1.8243608435002898 -0.627090375401202 0.2057405671201229 0.21364334248711359 0.31030036428338414 0.4215471252187144 0.35437353459929355 0.44799102740826013 0.511517183242916 0.3385679838653126 0.9625832849588458 1.6042278541787423 1.3610655351944136 0.2947987664481331 -0.33134420493651273 -0.7951763283991191 -1.2717744736084031 -1.3176713613166953 -0.9258760748531958 -1.0872750640790438 -1.5392530244911646 -1.8812000355628764 -1.89852535079051 -1.2824128250639675 -0.3684264585816228 0.5145567122302204 1.3504271837388493 2.162893282045237 2.8729272534794768 3.4030211088653126 3.989042297617544 4.403026145688363 4.706675091520044
-2.6526324925406586 -2.6778605831352826 -2.6663103729835274 -2.44655242720144 -2.390929046733775 -2.109468662509415 -1.879984223967955 -1.9708661406883476 -1.561745538997215 -0.7814984479562508 0.09145427719748866 0.8610630167828881 1.333709774308677 1.3191200351696168 1.1236783212859627 0.6844663826205197 0.45984519045874617 0.4206352665225235 0.4960155854076653 0.4695716832181196 0.8385705022768377 1.5604586367615636 1.7321920245442448 0.3482944766246856 -0.48939971227632606 -0.7717719551968778 -1.12131778873685 -1.430741839644408 -1.011894745193902 -0.746239911703523 -1.0030801111307204 -1.408553278037088 -1.8419901116266535 -1.7170654702484547 -0.7912249407156238 0.3932795056367864 1.3416125496756677 2.2458724233986396 2.9148727535042727 3.4391915038142318 3.869892761315223 4.223389982538691 4.460777196447141
-2.8088642824880896 -2.912208268056429 -2.5784679852504384 -2.156581361812629 -2.1018698400411546 -1.6067305680093158 -1.1058161909015989 -0.2921342810002896 0.25862837149921436 0.8893306363648166 1.5565072490780678 1.5653218831412494 1.4957166693319857 1.3200318938658087 1.0331003574643005 0.7194209659745168 0.5583259296473995 0.5027025491797343 0.8093910239987183 1.0388754625401782 0.8270202921250824 1.2799101112333946 1.252554350347657 0.3513340056119896 -0.33711931001239037 -0.4134114875937236 -0.8234439479810476 -1.4258785932647213 -1.2112878467610515 -0.6799781797802935 -0.42587355644167024 -0.8684289769931484 -1.7930536949310574 -1.7930536949310574 -1.0061196401180243 0.19996546204424526 1.3443481257642413 2.303623474157417 3.0173048803764213 3.531897137927007 3.8209563446196273 4.067158192591259 4.309408652879396
-2.8429070071458957 -2.7872836266782306 -2.4660054127201865 -1.8812000355628764 -1.5374293070987821 -1.0957857452434954 -0.30398844405077563 0.508477654255612 1.0534652016792383 1.6042278541787423 1.9118281876939176 2.055293955894672 1.8756577927449993 0.8963215530356159 0.5154685709264113 0.6999679804557708 0.5847698318369452 0.6121255927226819 0.9127350095670579 1.1443471183996308 0.8346191145933424 0.9078717631873716 0.3972308933202817 -0.11462578814172986 0.09631752357717493 0.0075632771478950644 -0.5979108971230827 -1.1380351981670225 -1.2550570641782306 -0.8702526943855307 -0.4845364658966398 -0.3985177955559336 -1.179068839495628 -1.6526274557176077 -0.9222286400684307 0.15498043303214448 1.3385730206883637 2.3270278473596586 3.0455724999583498 3.5583410401165527 3.8826587830619004 4.157128250615461 4.31913514563877
