static/data/ASCData/20210112/ASCU/12.asc
ncols 97
nrows 97
xllcorner 99.0
yllcorner 2.0
cellsize 0.25
NODATA_value -32767
[rows 57 to 75 of 97, columns 43 to 85 of 97]
-2.927149520491465 -3.1067021290054964 -3.229791653081153 -3.424306978971353 -3.644795323703206 -3.810796791952027 -3.8723415539898554 -3.786517665643526 -3.6233393516166235 -3.5013790892297343 -3.5236820075828925 -3.597930963619355 -3.793293235776131 -3.9807506761115343 -4.21224932230887 -4.609749436755028 -5.039433509331058 -5.3725657075174675 -5.497349124126275 -5.471093789862431 -5.426205637733924 -5.267826685884282 -5.356756043874722 -5.520781304168201 -5.6712554241964686 -5.831328268579261 -5.973897556786157 -5.924210042480387 -5.654598814287148 -5.383293693560759 -5.1018252176354615 -4.8968642211241615 -4.735662115052603 -4.544252258806512 -4.1752660020017345 -3.6301149217492283 -3.118559376737555 -2.9418299224454425 -2.9037173404495396 -2.9223501583142033 -2.6380585281669875 -2.1389248617317564 -1.8978274911798967
-3.4787938554543847 -3.477946909187809 -3.536386201581527 -3.646771531658549 -3.7766366258668103 -3.896902995720548 -3.749252029914199 -3.6566525714352647 -3.5883322392648314 -3.5414678791809804 -3.694765153431167 -3.8079736377301083 -3.915535813585212 -4.094241475832668 -4.404788440243728 -4.898840429079505 -5.32174893152293 -5.415477651690632 -5.503277747992304 -5.587407743805483 -5.605758246247954 -5.51005331812491 -5.588254690072058 -5.73477639418964 -5.869440850575163 -6.027819802424805 -6.05887449886591 -5.979826180652186 -5.6458470361992 -5.378212015961305 -5.121587297188892 -4.921143347432663 -4.805958655178379 -4.544252258806512 -4.1634087542696765 -3.6049888491741515 -3.186879708907988 -2.9994222685725846 -2.9875650208405258 -2.7131544304700252 -2.237735259498912 -1.808898133189457 -2.625354334168353
-4.00728832579757 -3.971151951757011 -3.950542925937004 -4.042295438149362 -4.095935368365819 -3.861613567946564 -3.711421763340488 -3.584379823354145 -3.521988115049741 -3.694765153431167 -3.8568142057693025 -3.9251345379397353 -3.9847030920222206 -4.226929724262847 -4.754294932917266 -5.245523767531124 -5.4778693599950365 -5.571598080162738 -5.6331428422005665 -5.7503037424101935 -5.8352806844899465 -5.83725689244529 -5.87339326648585 -5.883274306262566 -6.017091816381513 -6.137922817079635 -6.169259828942932 -5.943689806611626 -5.6450000899326245 -5.402773457691998 -5.164499241362057 -5.000473981068579 -4.871455833126893 -4.61172564471037 -4.155503922448304 -3.601883379530041 -3.282584637031033 -3.11178380660495 -2.9025880787607723 -1.8823001429593438 -1.5920798889460985 -1.974899601438278 -2.8128117745037566
-4.627252992930924 -4.513197562365407 -4.455322900816073 -4.544252258806512 -4.350019248338504 -4.02676808992881 -3.6741561276111607 -3.5471141876248176 -3.7269491115610407 -3.9319101080723406 -4.009264533752914 -3.9807506761115343 -4.041448491882787 -4.388131830334407 -4.925095763343349 -5.364660875696095 -5.598135729848774 -5.73477639418964 -5.7971681024940445 -5.860689072487215 -5.9230807807916195 -5.9993059447834245 -6.025843594469461 -6.01201013878206 -6.125500938503192 -6.246331939201314 -6.089364564462633 -5.8090253502261024 -5.6458470361992 -5.370589499562124 -5.204588031313303 -5.226890949666461 -5.041409717286401 -4.634028563063528 -4.177242209957078 -3.757156861735571 -3.407650369062033 -3.144814711001399 -2.6948039280275538 -1.1457392064607475 -1.30891752048765 -1.9319876572651133 -3.805997429774765
-5.296340543525662 -5.081498507237646 -5.014025121333789 -4.878231403259498 -4.536629742407332 -4.053023424192654 -3.7249729036056975 -3.748405083647623 -3.962400173669063 -4.1634087542696765 -4.2396339182614815 -4.063751410235945 -4.048224062015392 -4.413540218331676 -5.005273343245841 -5.439756777999133 -5.7181197842803195 -5.8762164207077685 -5.934091082257103 -5.922233834525044 -5.880168836618455 -5.97897923438561 -6.024714332780693 -6.209348618894179 -6.317757741015858 -6.254236771022686 -6.036571580512753 -5.730823978278954 -5.616486232291246 -5.285612557482371 -5.396844833825968 -5.4965021778597 -5.18002658958261 -4.761070503049871 -4.348889986649737 -3.936991785671794 -3.521988115049741 -3.2309209147699205 -2.4212402839236287 -0.8625768380022993 -1.2993187961331265 -2.824669022235815 -4.680045976880804
-5.944819068300394 -5.61253381638056 -5.503277747992304 -5.010072705423102 -4.47000330277005 -4.082384228100609 -3.903678565853153 -3.9446143020709745 -4.150704560271042 -4.3596179726930275 -4.416363372553594 -4.143082043871861 -4.059798994325259 -4.428220620285653 -5.038586563064482 -5.452460971997768 -5.7415519643222455 -5.904730278349147 -5.975026818474924 -6.05125198246673 -5.902754070393804 -5.880168836618455 -6.091058456995784 -6.342036867324358 -6.4047108910509545 -6.311829117149829 -6.148933118545118 -5.916305210659015 -5.512029526080252 -5.303116113658267 -5.68198341023976 -5.646976297887968 -5.347157319520199 -4.956432775206647 -4.585187995024334 -4.1752660020017345 -3.8449569580372436 -2.7563486900653817 -1.6166413306767913 -0.6926229538427915 -1.9593722532177251 -3.7150918638289823 -5.378212015961305
-6.368574517010394 -6.056898290910567 -5.5365909678109455 -4.97506559307131 -4.552157090627885 -4.275770292302042 -4.126425433962541 -4.158609392092414 -4.344090624472475 -4.510092092721296 -4.465203940592788 -4.1721605323576245 -4.240480864528058 -4.592245880579131 -5.105777633546148 -5.461212750085716 -5.628343480023304 -5.696663812193737 -5.7709127682302 -6.050122720777962 -6.042217888956589 -5.92618625043573 -6.222899759159388 -6.534575985259216 -6.564783735433746 -6.408663306961641 -6.219229658670894 -5.918281418614358 -5.414348390001864 -5.431004999911185 -5.760184782186909 -5.8674646426198205 -5.556917678208761 -5.129209813588073 -4.777727112959191 -4.1809123104455725 -2.900894186227621 -1.3772378526580833 -0.7338410054828053 -1.373285436747397 -3.018055086437248 -4.659436951060797 -5.977849972696843
-6.347118544923813 -5.95921715483218 -5.390916209959939 -5.14981883940808 -4.788455099002483 -4.554980244849804 -4.533524272763222 -4.6625424207049075 -4.7669991269159 -4.670164937104088 -4.362723442337138 -4.1693373781357055 -4.556956452805147 -4.930177440942803 -5.295211281836894 -5.52670992803423 -5.63229589593399 -5.719249045969088 -5.805072934315417 -5.910658902215177 -5.925056988746963 -6.077507316730574 -6.351070960834498 -6.473878169487963 -6.345142336968469 -6.166436674721014 -6.072707954553312 -5.877345682396536 -5.464318219729826 -5.649799452109887 -5.775712130407462 -6.004387622382879 -5.6625036461085205 -5.274884571439079 -4.594222088534474 -3.240519639124444 -1.550297206461701 -1.5237595567756652 -2.182119121327113 -2.7329165100234567 -4.149857614004466 -5.381317485605416 -6.229957644714185
-6.473031223221388 -6.239556369068708 -5.780511492584724 -5.493396708215589 -5.042256663552976 -4.783655736825221 -4.706301311144648 -4.801159293001117 -4.784502683091796 -4.566837492581863 -4.19869818204366 -4.134047950361722 -4.641933394884901 -5.098155117146967 -5.377365069694729 -5.493396708215589 -5.5950302602046635 -5.711344214147715 -5.805072934315417 -5.729977032012378 -5.7562323662762225 -5.898801654483119 -6.062826914776597 -6.183093284630335 -6.049275774511386 -5.8762164207077685 -5.766960352319514 -5.560870094119447 -5.554941470253417 -5.965145778698209 -5.897954708216543 -5.934938028523678 -5.766960352319514 -5.441732985954476 -4.423138942686199 -2.369576561662516 -0.9594110278141117 -2.4740332678735095 -3.406521107373265 -3.933039369761108 -4.886136235080871 -5.792368740316782 -6.011163192515484
-6.841170533759589 -6.559984373256484 -6.133123454902373 -5.7562323662762225 -5.330500709610878 -5.012048913378446 -4.851976068995654 -4.680045976880804 -4.6069262825331085 -4.313882874297945 -4.119367548407744 -4.157480130403647 -4.526748702630616 -4.9671607612499376 -5.207411185535221 -5.346028057831432 -5.504407009681072 -5.6303196879786475 -5.575550496073424 -5.43778057004379 -5.450484764042424 -5.516828888257514 -5.735623340456216 -6.01201013878206 -5.90360101666038 -5.6625036461085205 -5.499325332081618 -5.601805830337268 -5.85984212622064 -6.141028286723746 -6.181964022941567 -6.285573782885985 -5.488597346038327 -4.722957921053968 -2.991517436751212 -1.1655012860141785 -1.8918988673138675 -3.479923117143152 -4.178936102490229 -4.909568415122796 -5.535461706122178 -5.707391798237029 -5.841209308355976
-7.1263091101733815 -6.878436169488917 -6.430966225314799 -5.949618430477655 -5.452460971997768 -5.106906895234915 -4.8706088868603175 -4.699525741012042 -4.458428370460183 -4.1546569761817285 -4.332515692162608 -4.477908134591423 -4.660566212749564 -4.811040332777832 -5.045362133197087 -5.1721217577612375 -5.328524501655536 -5.399667988047887 -5.343204903609513 -5.12723360563273 -5.135985383720678 -5.249476183441811 -5.522757512123544 -5.761031728453484 -5.619591701935356 -5.380188223916648 -5.461212750085716 -5.669279216241126 -6.181964022941567 -6.5246949454825005 -6.639879637736785 -5.600111937804117 -4.323481598652468 -2.6479395679437028 -1.0443879698938652 -2.431121323700345 -3.4545147291458833 -4.374298374647005 -4.8762551953041555 -5.413501443735289 -5.523886773812311 -5.667303008285783 -5.435804362088447
-7.35978396432606 -7.074645387912269 -6.529776623081954 -5.96232262447629 -5.468270635640512 -5.08347471519299 -4.854799223217572 -4.86355100130552 -4.623300577020237 -4.362723442337138 -4.587164202979677 -4.81979211086578 -4.911544623078139 -4.9719601234272 -5.033504885465028 -5.153771255318766 -5.075569883371617 -5.141067061320132 -5.084321661459565 -4.909568415122796 -4.962361399072677 -5.168451657272744 -5.410395974091179 -5.462342011774483 -5.313844099701558 -5.108883103190259 -5.195553937803163 -5.8440324625778945 -6.437741795447403 -6.644961315336238 -5.749456796143617 -4.133201004095146 -2.3938556879710173 -0.7775998959225454 -2.172238081550397 -3.5832505616653774 -4.418339580508937 -4.959255929428566 -5.349980473742118 -5.554941470253417 -5.587407743805483 -5.431004999911185 -5.196683199491931
-7.586200932923942 -7.086220320222136 -6.4515752511348055 -5.85673665657653 -5.421123960134469 -5.044232871508319 -5.041409717286401 -5.050161495374349 -4.947680997118699 -4.690773962924094 -4.734815168786026 -4.9349768031200645 -5.094202701236281 -5.284483295793603 -5.315820307656901 -5.096178909191623 -5.016848275555708 -4.931024387209378 -4.862704055038945 -4.8706088868603175 -4.9437285812080125 -5.182002797537953 -5.281660141571685 -5.280530879882917 -4.8821838191701845 -4.676093560970117 -5.184825951759872 -5.913482056437095 -6.205396202983492 -5.840080046667209 -3.815878469551481 -2.417287868012943 -1.1477154144160906 -2.1067409036018825 -3.5033552971850774 -4.392931192511669 -5.0990020634135425 -5.196683199491931 -5.494525969904356 -5.609710662158641 -5.643870828243857 -5.422253221823237 -5.0549608575516105
-7.585353986657367 -7.0003964318758065 -6.285573782885985 -5.707391798237029 -5.30509232161361 -5.174097965716581 -5.178050381627267 -5.23281957353249 -5.157723671229452 -4.9262250250321165 -4.844071237174282 -4.962361399072677 -5.2189861178450885 -5.568774925940819 -5.546189692165469 -5.264156585395789 -5.025882369065847 -4.925095763343349 -4.886983181347446 -4.9671607612499376 -5.007249551201184 -5.228867157621805 -5.23281957353249 -4.8412480829523625 -4.475931926636079 -4.614548798932289 -5.208258131801798 -5.698640020149081 -5.755385420009647 -4.477061188324847 -2.3676003537071733 -2.050277819163508 -3.2396726928578685 -4.147881406049123 -4.614548798932289 -5.201482561669192 -5.325701347433617 -5.348004265786774 -5.448508556087081 -5.6243910641126185 -5.6537518680205725 -5.479845567950379 -5.120458035500125
-7.531714056440911 -6.794306173675739 -6.013986346737402 -5.578373650295343 -5.397691780092544 -5.378212015961305 -5.3666370836514385 -5.398821041781312 -5.411525235779946 -5.2336665197990655 -5.0521377033296915 -5.211363601445909 -5.454437179953111 -5.677184048062498 -5.6450000899326245 -5.388940002004596 -5.165346187628633 -5.052984649596267 -5.020800691466394 -5.045362133197087 -5.108883103190259 -5.254275545619073 -5.062018743106408 -4.632334670530377 -4.399706762644274 -4.589140410935021 -5.0549608575516105 -5.4750462057731175 -5.173251019450005 -3.9290869538504216 -3.0784705867863087 -3.9389679936271373 -4.777727112959191 -5.200635615402617 -5.590230898027402 -5.66532680033044 -5.488597346038327 -5.237618935709753 -5.33530007178814 -5.618462440246589 -5.686782772417022 -5.59305405224932 -5.294364335570319
-7.06278814018021 -6.502392027129343 -6.027819802424805 -5.7121911604142905 -5.59898267611535 -5.693840657971819 -5.667303008285783 -5.6331428422005665 -5.637942204377828 -5.534614759855602 -5.394868625870625 -5.548165900120813 -5.711344214147715 -5.7971681024940445 -5.677184048062498 -5.398821041781312 -5.100978271368886 -4.947680997118699 -4.931024387209378 -4.8968642211241615 -5.184825951759872 -5.147842631452737 -4.933000595164722 -4.760223556783295 -4.631205408841609 -4.687950808702176 -4.917473246944168 -4.9584089831619895 -4.540299842895826 -4.071656242057317 -4.4680270948147065 -5.245523767531124 -5.622414856157275 -5.901624808705037 -5.886097460484484 -5.5922071059827445 -5.342075641920745 -5.272908363483737 -5.260204169485102 -5.457260334175029 -5.675207840107155 -5.660527438153178 -5.367484029918014
-6.9388516698379785 -6.532599777303873 -6.0707317465979695 -5.763007936408828 -5.6625036461085205 -5.728847770323611 -5.7562323662762225 -5.751433004098961 -5.737599548411559 -5.722072200191006 -5.771759714496776 -5.905577224615723 -5.890049876395171 -5.847137932222006 -5.566798717985476 -5.189907629359325 -4.843224290907706 -4.679199030614228 -4.702631210656153 -4.811040332777832 -5.152641993629999 -5.032657939198453 -4.968007707516514 -4.962361399072677 -4.983817371159258 -4.933847541431297 -4.743566946873975 -4.309083512120683 -3.981879937800302 -4.591116618890363 -5.728847770323611 -6.106868120638529 -5.975026818474924 -5.998458998516849 -5.8177771283140505 -5.432134261599953 -5.173251019450005 -5.0549608575516105 -5.12723360563273 -5.377365069694729 -5.635119050155909 -5.692711396283052 -5.4897266077270945
-7.124332902218038 -6.714128593773247 -6.343166129013126 -6.083435940596603 -5.634272103889334 -5.6303196879786475 -5.821729544224738 -5.898801654483119 -5.8587128645318725 -5.832457530268028 -5.947642222522312 -6.130300300680454 -6.0080577228713725 -5.683112671928527 -5.328524501655536 -4.9671607612499376 -4.6975495330567 -4.6625424207049075 -4.755141879183841 -4.988616733336521 -5.070770521194356 -5.007249551201184 -5.023906161110505 -5.003297135290498 -5.036610355109139 -4.8412480829523625 -4.3333626384291835 -4.038343022238677 -4.1605856000477575 -4.860727847083602 -6.045323358600701 -6.452422197401381 -6.154579426988955 -5.942842860345051 -5.793215686583358 -5.450484764042424 -5.091097231592171 -4.910415361389372 -5.089121023636827 -5.324572085744849 -5.457260334175029 -5.534614759855602 -5.486621138082985
-7.201405012476419 -6.825643185539037 -6.4368948491808275 -6.089364564462633 -5.637942204377828 -5.6243910641126185 -5.85673665657653 -6.021891178558775 -5.965145778698209 -6.036571580512753 -6.210195565160754 -6.324533311148462 -6.000435206472193 -5.511182579813677 -5.100978271368886 -4.802006239267692 -4.73679137674137 -4.737638323007945 -5.006120289512417 -5.18595521344864 -5.073593675416274 -5.231690311843723 -5.2189861178450885 -5.1018252176354615 -5.041409717286401 -4.602973866622422 -4.10976882405322 -3.9965603397542795 -4.016887050152095 -5.234795781487834 -6.205396202983492 -6.4106395149169835 -6.152603219033612 -5.930138666346416 -5.731670924545529 -5.374259600050618 -5.137114645409445 -5.091097231592171 -5.090250285325594 -5.303116113658267 -5.4750462057731175 -5.585431535850139 -5.516828888257514
