static/data/ASCData/20210112/ASCU/15.asc
ncols 97
nrows 97
xllcorner 99.0
yllcorner 2.0
cellsize 0.25
NODATA_value -32767
[rows 76 to 94 of 97, columns 43 to 85 of 97]
-6.374580646993556 -6.201828882138445 -6.017274201672116 -5.747684879188595 -5.698863728251281 -5.551327283111046 -5.5768108509079966 -5.732126490428353 -6.0612668871321125 -6.374580646993556 -6.836503844323527 -7.215538384292895 -7.337591261636179 -6.875668064306208 -6.784731964483409 -7.2828686528932565 -7.857187796611878 -7.550580238802263 -7.252556619618989 -7.096436235852414 -6.856085954314867 -6.697014841645487 -6.531774023088424 -6.338635403995754 -6.03471032700687 -5.739905684808474 -5.381526247158741 -4.974325658571693 -4.067915389246505 -5.085648612632051 -5.485070006838978 -5.834597257780297 -5.841571707914199 -5.691084533871161 -5.722469559473719 -6.045708498371869 -6.280962066350026 -6.019151938246628 -5.104157730295099 -4.8667581776603575 -5.010539149651568 -5.235062794346798 -5.238818267495822
-6.014323472769311 -5.748757871516888 -5.696985991676769 -5.469511618078735 -5.398157628247276 -5.442150313707273 -5.470316362324954 -5.648969584985675 -5.974354508540411 -6.417768588207334 -6.98216255288925 -7.29172083960167 -7.294671568504475 -6.961507450569618 -7.200784739778872 -7.675583845048353 -7.353149650396421 -7.031788448072783 -7.05619902354144 -7.069074931480952 -6.923416222915229 -6.5864966318313485 -6.449958358056113 -6.472222948868184 -6.197000416661128 -6.333538690436364 -5.976232245114923 -4.205794903432106 -2.8455088792391425 -3.010481449714132 -3.4576510025300795 -4.422539353747215 -5.7672669891799355 -5.608195876510555 -5.436248855901663 -5.753586336994205 -6.065022360281137 -5.9625515929291915 -5.297564597469843 -4.863807448757553 -4.9558165409086445 -5.188119379983997 -5.199922295595215
-5.787653843417496 -5.510553574635928 -5.450734252333614 -5.249548190778748 -5.241768996398627 -5.334582832795938 -5.442955057953492 -5.621876528696286 -5.824940326825663 -6.265403677589783 -6.8882757241636465 -7.169667962258385 -7.189250072249726 -7.225195315247527 -7.461521875553977 -7.2624817986556955 -6.939242859757545 -6.898200903200353 -7.010328601506931 -7.110921632284365 -6.977334087411933 -6.526140813364888 -6.3659967083672155 -6.421524061356358 -6.549478396505252 -6.686284918362562 -5.124812832614731 -3.158822639100586 -1.745691742739211 -0.8336482636904874 -0.8210406038330489 -2.416580196004169 -4.12961244812333 -5.4558309658930035 -5.283883945284112 -5.195093830117898 -5.46146417561654 -5.782020633693959 -5.416666745910323 -4.821960747954141 -4.731024648131342 -4.980227116377302 -5.3659678583984975
-5.780947641365667 -5.564203191050558 -5.249548190778748 -5.087526349206564 -5.13742049247217 -5.2820062087096 -5.366772602644717 -5.4595864390420275 -5.635288932799944 -5.9655023218319965 -6.564232041019276 -6.878618793209013 -6.956678985092301 -7.1618887678782635 -7.410822988042151 -7.072025660383757 -6.705867028353902 -6.748786721485606 -7.023204509446442 -6.949972783040472 -6.728131619165973 -6.355266785084289 -6.259502219784173 -6.219533255555273 -6.320931030578926 -4.934356694342792 -2.9919723320510845 -1.8004143514821342 -1.1373050925972976 0.22003020269286155 0.7551851264288039 -0.5133600536951413 -3.123682140349003 -4.673619558567687 -4.915579328597672 -4.720294724848416 -5.025024546083518 -5.416666745910323 -5.3882324492105695 -4.688104954999638 -4.494698087824894 -4.996858497465837 -5.4558309658930035
-5.873761477762978 -5.450734252333614 -4.976203395146205 -4.870781898891455 -4.9480373465285235 -5.104157730295099 -5.276104750903991 -5.396279891672764 -5.503579124502025 -5.752513344665912 -6.197805160907348 -6.504680966799036 -6.5864966318313485 -6.924489215243522 -7.194078537727043 -6.8853249952608415 -6.57979042977952 -6.751737450388411 -6.979211823986445 -6.567182769922081 -6.422597053684651 -6.074947539317844 -6.025053396052236 -5.758414802471522 -4.545665223418792 -2.7741548894076833 -1.634368788678852 -1.1861262435346116 -0.9275350924160912 0.29728565032992993 1.158630241866827 0.8860901904805032 -1.9557299910024906 -3.6958552994110407 -4.031970146248702 -4.143293100309061 -4.560150619850742 -5.201800032169727 -5.33646056937045 -4.695884149379759 -4.4702875123562364 -5.163708804515339 -5.546498817633729
-5.753586336994205 -5.241768996398627 -4.66959583733659 -4.527960850001964 -4.695884149379759 -4.930332973111695 -5.0708949681180275 -5.180340185603875 -5.304270799521672 -5.523965978739585 -5.956650135123582 -6.332733946190144 -6.472222948868184 -6.663752079468416 -6.690040391511586 -6.486976593382208 -6.392285020410385 -6.565036785265496 -6.592398089636958 -6.093456656980891 -5.874566222009197 -5.526916707642389 -5.249548190778748 -4.198820453298204 -2.7095071016280534 -1.5200951057156884 -1.1520587371113211 -1.4342557194522791 -0.6305844655611099 0.3165995122391969 1.023701456584031 1.2337397048473107 0.4778166095651626 -0.6871848108785454 -1.4771754125839838 -2.318937894129541 -3.8892621665857847 -5.348263484981669 -5.422568203715933 -4.762409673733901 -4.688104954999638 -4.9606450063859615 -4.988811055003643
-5.641190390605553 -5.099329264817783 -4.384448126092827 -4.203648918775521 -4.356013829393072 -4.5612236121790355 -4.726196182654025 -4.988811055003643 -5.300515326372648 -5.604172155279458 -5.967380058406508 -6.28981425305844 -6.549478396505252 -6.634513038522442 -6.482148127904891 -6.257624483209661 -6.070119073840527 -6.041684777140772 -6.010299751538213 -5.706642922631403 -5.35604267936179 -4.961717998714255 -3.9557876909399265 -1.827775655853596 -0.8433051946451209 -1.0573671641394977 -1.3288342231975296 -1.2730386221263135 -0.7056939285415931 -0.05438758526797516 0.7267508297290495 1.2463473647047487 1.0422105742470786 0.603893208139545 -0.00556643433066073 -1.0251773942907192 -2.3551513852094166 -4.172532141255035 -5.187046387655704 -4.6492089830990295 -4.356013829393072 -4.258371527518444 -4.103324136080161
-5.3474587407354495 -4.938112167491816 -4.358964558295877 -4.105201872654673 -4.088570491566138 -4.346356898438438 -4.695884149379759 -5.008393164994983 -5.328681374990329 -5.647091848411163 -6.006544278389189 -6.276133600872709 -6.398186478215994 -6.215509534324176 -6.121622705598572 -5.942969482937851 -5.707715914959696 -5.513236055456659 -5.4625371679448325 -5.425518932618738 -5.029048267314616 -4.059331450620164 -2.741965119558905 -1.1579601949169305 -0.6120753478980623 -0.9050022535219462 -1.329638967443749 -1.2164382768088782 -1.0611226372885219 -0.5192615115007508 0.3343038856560252 0.5843110981482047 0.8187599218801411 0.9300828759405002 0.4182655353449225 -0.16973426055943097 -0.9664310643166985 -2.2223685845832057 -3.897041360965906 -4.133367921272354 -3.6470341484737263 -3.527932000033246 -3.2945561686296023
-5.168537269992656 -4.841542857945481 -4.486114149198552 -4.120760261414916 -4.070061373903091 -4.3678167450042915 -4.7516797504509745 -5.0816248914009545 -5.3552379351155714 -5.529867436545194 -5.81018668231164 -5.95477239854907 -5.949943933071753 -5.788726835745788 -5.836474994354809 -5.54569407338751 -5.123739840286439 -4.975398650899985 -5.07786941825193 -4.806402359193898 -3.9294993788967574 -2.0115255920737063 -1.076949274130838 -1.2271682000918043 -0.7652450027618332 -0.7555880718071997 -0.9752832510251126 -0.9763562433534052 -0.8355260002649993 -0.3931849129263685 0.3010411234789543 0.4397253819107747 0.5961140137594234 0.7522343975259993 0.5558768014484503 0.006236481280557982 -1.1099437882258358 -1.9294416789593214 -2.9694394931569397 -3.419559774875692 -3.0193336364225463 -2.855165810193776 -2.5729688278528178
-5.039778190597542 -4.823033740282433 -4.543519238762207 -4.233960952049787 -4.209550376581131 -4.4625083179761145 -4.677375031716711 -4.988811055003643 -5.142248957949487 -5.352287206212766 -5.652993306216772 -5.7624385237026186 -5.707715914959696 -5.405936822627398 -5.333778088549719 -4.858174239034017 -4.443999200313067 -4.187285785769059 -4.041627077203336 -3.144337242668636 -2.081806589576873 -0.6120753478980623 -0.6287067289865975 -0.8677157701137777 -0.498606409181118 -0.43234913290904897 -0.34355901774283515 -0.3483874832201517 -0.5093363324640441 -0.15202988714260313 0.5931632848566188 0.48264507504247955 0.4397253819107747 0.5395136684419879 0.3909042309734607 -0.025953288568220767 -1.150181000536809 -1.5796461799359285 -1.8004143514821342 -2.001600413037 -1.8248249269507915 -1.655023890998485 -1.4712739547783744
-4.961717998714255 -4.782796527971461 -4.540568509859402 -4.387398854995632 -4.348234635012951 -4.361915287198682 -4.569002806559157 -4.77421258934512 -4.942940632969133 -5.328681374990329 -5.636361925128236 -5.713617372765305 -5.493922193547392 -5.064993510312418 -4.5612236121790355 -4.09634968594626 -3.527127255787027 -3.235005094409362 -2.5796750299046467 -1.7526661928731129 -1.0621956296168145 -0.1480061659115055 -0.4146447594922207 -1.0552211794829125 -0.6794056164984239 0.2599991669217614 0.37641883454151026 -0.00556643433066073 -0.22338387697406192 0.18784043284408325 0.5432691415910123 0.44160311848528666 0.24551377048981138 0.3410100877078541 0.6516413667485663 0.2396123126842018 -0.2545006544945476 -0.6013454246151357 -0.15685835261991965 -0.05036386403687754 0.03145180099543454 0.04030398770384824 0.20447181393261848
-4.745778292645365 -4.720294724848416 -4.49872180905599 -4.412882422792581 -4.289756553121004 -4.237984673280884 -4.192114251246375 -4.397055785950265 -4.915579328597672 -5.345312756078865 -5.648969584985675 -5.697790735922989 -5.238818267495822 -4.532789315479281 -3.9820760029830957 -3.419559774875692 -2.8492643523881664 -2.2290747866350342 -1.5689162566530024 -1.1539364736858333 -0.7212523173018357 -0.1549806160454077 -0.4948509360320936 -1.1002868572712023 -0.7330552329130544 0.2074225428354235 0.49149726175089326 0.004358744706045581 0.14787146861518297 0.405657875487484 0.15082219751798798 0.1586013918981095 0.014015675660679516 0.24256304158700637 0.5529260725456457 1.023701456584031 0.7758402287484367 0.9319606125150122 1.5306903317022917 1.7444840531145958 1.7648709073521558 1.7326811375033766 1.5003782984280254
-4.511329468913429 -4.585634187647692 -4.426563074978312 -4.295658010926613 -4.108957345803698 -3.9265486499939533 -3.8844337011084678 -4.216524826715032 -4.762409673733901 -5.2769094951502105 -5.620803536367994 -5.538719623253609 -4.890364008882795 -4.172532141255035 -3.49761996675898 -2.8599942756710925 -1.9517062697713932 -1.2448725735086323 -1.087679197413764 -0.6450698619930599 -0.05250984869346276 -0.5152377902696537 -0.7048891842953733 -0.7282267674357379 -0.5037031227405078 0.05800836112067653 0.3509352667445609 0.1057565197296979 0.6350099856600306 0.1663805862782306 -0.6139530844725742 -0.4049878285375872 -0.5133600536951413 -0.22418862122028127 0.5539990648739384 1.1154423006530494 1.6975406387517942 2.1058142196671343 2.7316369951438024 2.9357737856014725 2.906534744655499 2.5470823146774726 2.3303378643623645
-4.199893445626497 -4.425490082650019 -4.388471847323924 -4.177360606732352 -3.799399059091278 -3.6821746472253096 -3.8804099798773706 -4.247641604235518 -4.70956480156549 -5.239891259824114 -5.495799930121904 -5.1540518735607055 -4.717343995945611 -4.2642729853240535 -3.2583426775497264 -2.0748321394429707 -1.2086590824287566 -0.7652450027618332 -0.48009729151807035 0.09609958877506442 0.5110793717422335 -0.4830480204208749 -0.900978532290849 -0.6735041586928143 -0.34060828884003014 0.19266889832139977 0.6478858935995424 0.572508182536986 0.5033001773621124 -0.30815027090917857 -1.112089772882421 -1.0884839416599836 -1.1421335580746144 -0.6608964988353763 0.1789882461356691 1.1398528761217066 1.976786892189947 2.7268085296664855 3.28852001352767 3.3284889777565705 3.166467136184385 2.8274015604439184 2.677987378729172
-3.906966540002613 -4.13041719236955 -4.332676246252708 -4.111908074706502 -3.7672092892424995 -3.7583571025340854 -3.918501207531758 -4.121833253743209 -4.515353190144526 -5.135542755897658 -5.4558309658930035 -5.204750761072532 -4.696957141708051 -3.9265486499939533 -2.79937020912256 -1.6040567554045857 -0.7526373429043947 -0.2700590432547907 0.03359778565201976 0.45930749190211495 0.36354292660199894 -0.09542954182516761 -0.6335351944639145 -0.692013276355862 -0.44602978509477964 -0.04365766198504861 0.45823449957382234 0.6908055867312468 0.23183311830408027 -0.13432551372577484 -1.2671371643207041 -1.7974636225793297 -1.7194034306960417 -1.0533434429084005 -0.1667835316566264 0.8058840139406298 1.784453017343496 2.490481969360037 3.081432494167195 3.175051074810726 2.995324859821713 2.8402774683834298 2.776702672932092
-3.8940906320631012 -4.029019417345898 -4.247641604235518 -3.916623470957246 -3.6540085986076285 -3.804495772650668 -4.019094238309191 -4.309338663112344 -4.801305645634509 -5.23694053092131 -4.95367055625206 -4.681398752947809 -3.8415140079767633 -2.658808214116227 -1.9079818323934692 -1.2282411924200969 -0.7545150794789071 -0.44790752166929204 -0.2105079690345506 0.17415978065835214 0.25517070144444487 0.23076012597578766 -0.3609951430775902 -0.5954439668095266 -0.5093363324640441 -0.3776265241661254 -0.008517163233465741 0.5100063794139409 0.23666158378139723 0.16450284970371865 -0.8162121383557324 -1.7271826250761633 -1.7526661928731129 -1.1568872025886379 -0.3883564474490515 0.44750457629089624 1.2825608557846242 1.9416463934383636 2.389084194336385 2.486726496211013 2.5256224681116204 2.5433268415284487 2.581418069182836
-3.817103432508106 -3.7398479848710378 -3.795643585942254 -3.7076582150222595 -3.732068790490916 -3.9850267318859007 -4.170654404680523 -4.342333177207342 -4.406980964986972 -4.342333177207342 -2.9557588409712086 -2.4069232650495356 -1.8425293003676195 -1.768224581633356 -1.254529504463266 -0.7955570360360995 -0.4782195549435584 -0.6938910129303739 -0.738956690718664 -0.34731449089185906 0.10978024096079553 0.09690433302128376 -0.2282123424513789 -0.596248711055746 -0.7019384553925687 -0.4626611661833153 0.04808318208396978 0.3900994867272414 0.5070556505111363 0.4778166095651626 0.04808318208396978 -0.4116940305894161 -1.1158452460314454 -1.365852458523625 -0.7633672661873208 -0.015223365285294665 0.6975117887830757 1.2922177867392581 1.679031521088746 1.871365395935198 2.1076919562416463 2.263007595762003 2.5004071483967434
-3.5201528056531246 -3.4498718081499584 -3.314138278620942 -3.407756859264473 -3.57675315097056 -3.8629738545426155 -3.6695669873678716 -2.681341053010372 -2.4713028047470926 -2.570018098950013 -1.9820183030456597 -1.6491224331928755 -0.9956701052626724 -0.932363557893408 -0.8269420616386585 -0.3229039154232023 -0.06994597402821778 -0.3199531865203973 -0.6949640052586665 -0.6042961535179407 -0.24189299463710956 -0.10723245743638632 -0.35026521979466363 -0.7019384553925687 -0.7456628927704929 -0.35428894102576125 0.15377292642079254 0.6028202158112523 0.6545920956513709 0.471915151759553 0.3820520442650466 0.023672606615313008 -1.0007668188220622 -1.3757776375603314 -1.0426135196254742 -0.28105721461979005 0.3520082590728535 0.82546612393197 1.1996721984240204 1.5199604084193656 1.7699676209115451 2.080330651870185 2.358772161062119
-3.3229904653293563 -3.0778117183144937 -3.010481449714132 -3.136289800206441 -3.2779247875410666 -3.5759484067243408 -2.8455088792391425 -1.850308494747741 -1.4664454893010577 -1.5825969088387333 -1.3425148753832605 -0.8569858468308515 -0.18234192041686947 -0.2644258335312544 -0.19119410712528362 0.012942683332386906 0.2111780159844474 -0.12949704824845787 -0.24484372353991413 -0.5045078669867276 -0.4157177518205133 0.01991713346628865 -0.23304080792869541 -0.6236100154272077 -0.7545150794789071 -0.3872834551207589 0.17603751723286454 0.7836194231285583 0.7307745509601467 0.3284024278504156 0.09314885987225985 -0.1265463193456533 -0.9127814479020677 -1.472346947106667 -1.1812977780572949 -0.5798855780492835 0.06176383426970089 0.5472928628221094 1.0199459834350066 1.3920060732704713 1.868414667032393 2.2160641813992004 2.5559345013858867
