static/data/ASCData/20210112/ASCU/18.asc
ncols 97
nrows 97
xllcorner 99.0
yllcorner 2.0
cellsize 0.25
NODATA_value -32767
[rows 76 to 94 of 97, columns 0 to 42 of 97]
-6.839137570271133 -6.4366866164101015 -5.377204984779853 -3.8371418558028494 -2.392775533444267 -3.192695963561536 -3.5676176990802824 -4.987600999478555 -5.215175871108116 -5.425971028700474 -6.514030610800331 -6.940602403589843 -6.191545481647844 -5.718042926160532 -5.468969045920805 -5.573580075621491 -5.828421982561506 -6.392902050094275 -6.981765139587355 -7.5187159887778385 -7.931916446943955 -8.23159165232712 -8.287436638107184 -8.456282510606536 -8.418265970991 -8.429802024391575 -8.394669498126182 -8.392834216903363 -8.446581738428778 -8.31286839219482 -8.100762319443305 -7.627259763955994 -7.172110020696872 -7.198590506911833 -7.231625568922576 -7.240539792004839 -7.040231955685734 -7.020830411330218 -6.983600420810174 -6.9738996486324165 -7.022665692553037 -7.000117951815545 -6.754190267957794
-7.542312461642656 -7.301890621453362 -6.595045167636201 -4.843138148939514 -3.417124638809121 -2.673049194471917 -3.007070377024982 -3.17119695495137 -3.3625905681882124 -3.286295305925307 -4.660396575753103 -5.800106215123726 -6.790371526350512 -6.324472278786308 -6.328405024263778 -6.435900067314607 -6.763891040135553 -7.321554348840708 -7.714042347492152 -8.217171585576398 -8.507932567877301 -8.579246352535412 -8.630109860710682 -8.520779536437034 -8.477781519216702 -8.323355713468072 -8.25413939306461 -8.139827591186167 -8.1057437970481 -7.899667934028706 -7.538379716165187 -7.069596455250838 -6.867453337708913 -6.90153713184698 -7.270690840665438 -7.327322375540996 -7.203309801484796 -7.0441647011632025 -6.964985425550152 -6.904421145197125 -6.949516626672106 -6.850935806703541 -6.6047459398139585
-8.062745779827768 -7.924050955989015 -7.302939353580687 -5.453238064010928 -4.577284554662585 -3.832160378198055 -3.1066999291208726 -3.138948442036121 -3.1544172409141673 -2.4142745420544327 -2.776611492045277 -3.8489400922352575 -5.33997499425981 -6.964198876454659 -6.967082889804803 -7.311853576662951 -7.656624263521099 -8.091061547265548 -8.309722195812844 -8.705356390846262 -8.730788144933898 -8.780602920981844 -8.701423645368793 -8.592093321095145 -8.384968725948426 -8.216122853449074 -8.035478744517315 -7.820488658415655 -7.664227571444206 -7.369271660634004 -7.001166683942871 -6.695461268827586 -6.49331815128566 -6.646695224906965 -7.036299210208264 -7.240539792004839 -7.231625568922576 -7.036299210208264 -6.8771541098866695 -6.794304271827982 -6.677108456599395 -6.577478904503504 -6.417285072054586
-8.330434655327517 -8.380249431375463 -7.46208445390228 -6.116561134544094 -5.458219541615723 -4.1496640297457486 -3.2923255156574265 -3.241462007482156 -3.2571929893920335 -2.337192730696033 -1.665217620112434 -2.086283569233488 -3.343975572928191 -5.229858120890668 -7.477815435812158 -7.890753710946441 -8.18099032718368 -8.604678106623046 -8.620409088532924 -8.811802701769768 -8.766969403326616 -8.74547039471645 -8.654492882670992 -8.488531023521785 -8.266724178592513 -7.946598696726506 -7.7122070662693325 -7.455267695074667 -7.201474520261977 -6.917268113756858 -6.582198199076467 -6.327356292136452 -6.331289037613922 -6.482568646980576 -6.698607465209561 -6.967082889804803 -7.040231955685734 -6.900750582751487 -6.708308237387318 -6.575381440248854 -6.441668094014895 -6.417285072054586 -6.295107779221204
-8.373170489516017 -8.553028049352283 -8.437667515346515 -7.762021842317278 -7.18181079287463 -5.3255549275090885 -3.055049871850108 -2.8479252767033882 -2.919239061361499 -2.3350952664413827 -1.7530489357759165 -0.30894479644916517 -0.5588052257843854 -2.6282158960287663 -5.9015710484424355 -8.15844258644619 -8.475946237993883 -8.53624833531508 -8.49351250112658 -8.675991891281159 -8.58711184349035 -8.51186531335477 -8.407516466685916 -8.247322634236998 -8.04701479791789 -7.732657342752173 -7.410434396631516 -7.152708476341356 -7.000117951815545 -6.887903614191753 -6.491482870062841 -6.256042507478341 -6.321588265436164 -6.503281106495249 -6.599764462209164 -6.633061707251738 -6.678943737822214 -6.643811211556821 -6.610513966514247 -6.54418165946093 -6.504067655590743 -6.492531602190166 -6.218025967862804
-8.1828256084065 -8.291369383584653 -8.502164541177013 -8.237621862059239 -7.31578632214042 -4.900556232910566 -2.55585337924333 -2.5149528262776486 -2.86051006223129 -2.178047630374439 -2.3264432263909502 -0.7591130621034918 0.3708958050893729 -1.2981613755486263 -4.566535050357501 -6.995398657242582 -7.5491292204702685 -8.174960117451562 -8.125145341403616 -8.120426046830652 -8.1828256084065 -8.061697047700443 -7.985663968469369 -7.9190694783842215 -7.763857123540097 -7.582164282481012 -7.301890621453362 -7.039183223558408 -6.996447389369907 -6.894720373019366 -6.51979863750062 -6.2736087706110375 -6.394737331317094 -6.633061707251738 -6.592161154286057 -6.429083308486994 -6.4083708489723215 -6.529499409678378 -6.6427624794294955 -6.603697207686633 -6.449533584969834 -6.207276463557721 -5.824489237084036
-7.46208445390228 -7.5111126808547315 -7.468901212729895 -6.999331402720052 -5.98363433740563 -3.764779339017413 -1.6135675628416697 -1.3802246645118206 -1.6916981063273944 -1.0100222235660374 -1.9866540171375968 -0.9748896973006445 0.5515399140211326 0.13073614793191002 -1.2530658940736443 -2.6554829313392205 -4.179815078406347 -6.726923232647341 -7.797154368582671 -7.678909821226759 -7.7491748737575445 -7.66711158479435 -7.714042347492152 -7.831238162720739 -7.777490641195323 -7.569579496953109 -7.293238581402928 -7.065663709773368 -6.991465911765113 -6.84883834244889 -6.72875851387016 -6.525566664200909 -6.445600839492364 -6.545230391588255 -6.591112422158732 -6.462118370497736 -6.23742751221832 -6.2972052434758545 -6.489385405808191 -6.386085291266662 -6.03240038132625 -5.57751282109896 -5.166147644155664
-5.139929340972535 -5.029550284571561 -4.985503535223905 -4.6270993307105295 -3.7432803304072473 -2.0411880877585054 -1.071635236046391 -1.0530202407863691 -1.2795463802886047 -0.851925855371769 -1.7630118909855055 -0.6272349970923523 0.5232241465833529 0.4401121254928335 -0.7522963032758785 -1.7852974486911652 -2.8704730174408795 -4.046101732172389 -6.651676702511759 -7.204358533612121 -7.301890621453362 -7.52081345303249 -7.796105636455346 -7.887869697596297 -7.763857123540097 -7.5187159887778385 -7.305823366930831 -7.016897665852748 -6.890787627541897 -6.765988504390203 -6.70044274643238 -6.6398784660793515 -6.567515949293915 -6.496464347667635 -6.421217817532055 -6.296156511348529 -6.10764691146183 -6.090080648329134 -6.06281361301868 -5.868535986431693 -5.427019760827799 -4.970034736345858 -4.5872475098721734
-2.1038498323661843 -1.7375801368978703 -1.919272977956955 -1.9992388026654988 -1.3946447312625416 -1.0802872760968234 -0.4895889053809248 -0.989571947083197 -1.2415298406730675 -1.513938010745779 -1.6819973341496366 -0.4182751207228135 0.0691231354515569 0.13650417463219844 -0.45052363363806247 -1.3849439590847838 -1.4426242260876678 -1.9523080399676978 -5.764973688858333 -6.985697885064825 -7.050981459990815 -7.410434396631516 -7.716139811746801 -7.875284912068395 -7.767789869017566 -7.401520173549253 -7.199377056007327 -6.926968885934615 -6.754190267957794 -6.656395997084722 -6.543132927333605 -6.502232374367924 -6.5069516689408875 -6.453466330447304 -6.314771506608551 -6.130981201294816 -5.819507759479242 -5.645680409375096 -5.5628305713164075 -5.37038822595224 -4.936737491303284 -4.526683229519145 -4.172998319578733
-0.14193420517263267 0.3307818012191852 -0.4093608976405494 -0.6838665319679111 -0.8663459221224898 -0.5763714889170819 -0.44842616938341173 -0.6917320229228503 -1.0548555220091882 -1.7902789262959597 -1.6321825581016913 0.20493394594016534 0.40786361257758497 -0.012940153511637575 -0.553037199084097 -0.7630458075809612 -0.925074921252699 -1.3713104414295567 -5.150678845277618 -6.79797483427362 -7.294287313530255 -7.4817481812896265 -7.503247189899794 -7.656624263521099 -7.592127237690601 -7.2452590865778035 -7.069596455250838 -6.850935806703541 -6.626244948424125 -6.553095882543194 -6.481782097885083 -6.4044381034948525 -6.394737331317094 -6.322636997563489 -6.244506454077765 -6.003298064792977 -5.688678426595427 -5.474737072621094 -5.137045327622391 -4.9259879869982015 -4.663280589103248 -4.266859844974336 -4.01385321925714
0.6988867779103178 1.1170687136812272 0.3171482835639581 -0.6985487817504636 -0.9006918992923891 -0.9006918992923891 -0.7570155978488415 -0.2659467792288335 -0.46205968703863887 -1.5060725197908402 -1.5333395551012945 0.5182426689785582 0.7379520496531802 0.29460054282646686 -0.2913785333164687 -0.5265567128691369 -0.7648810888037803 -1.1534363419777538 -4.654628549052815 -6.814754548310823 -7.362454901806389 -7.367436379411185 -7.382118629193737 -7.337285330750586 -7.265971546092475 -7.072480468600982 -6.9094026228019185 -6.762842308008227 -6.541297646110786 -6.483617379107902 -6.518749905373295 -6.4395706297602455 -6.278590248215832 -6.208325195685046 -6.121280429117057 -5.9015710484424355 -5.746358693598312 -5.353870694946869 -5.047116547704258 -4.72882634706107 -4.467954230388936 -4.261878367369541 -4.010969205906996
1.5056239668552007 1.531055720942836 0.6286217253795319 -0.4992896775586826 -1.1633992971873428 -1.1623505650600177 -0.6691842821853591 -0.10758822800273338 -0.1642197628782922 -1.188831051274978 -1.5784350365762767 0.3074475113862003 0.6716197425998636 0.8084792852157978 0.22250020907286183 -0.5480557214793027 -0.772746579758719 -0.854809868721913 -4.338173629632447 -6.7452760448755305 -7.187841002606749 -7.197541774784508 -7.0735292007283075 -7.028433719253325 -6.964985425550152 -6.816589829533642 -6.714076264087607 -6.609727417418753 -6.445600839492364 -6.42016908540473 -6.466051115975206 -6.347806568619293 -6.18682618707488 -6.085099170724339 -5.950337092363056 -5.847823526917021 -5.612645347364353 -4.6868770619680635 -4.9288720003483455 -4.610581799705159 -4.482636480171488 -4.275511885024768 -4.108763476780068
2.4890725192543735 1.870844930196189 0.8425630793538654 -0.16343321378279851 -0.8763088773320789 -1.0118575047888565 -0.49430819995388786 -0.06668767503705197 -0.28639705571167395 -1.1369188109723822 -1.7063803561099466 -0.16028701740082285 0.6881372736052351 0.9332784083674919 0.5221754144560276 -0.3411933093644137 -0.7512475711485531 -0.806830373896787 -4.2503423139689644 -6.669242965644456 -7.010867456120629 -7.063828428550549 -6.890787627541897 -6.702278027655199 -6.636994452729207 -6.526615396328234 -6.457399075924773 -6.375335786961578 -6.3058572835262865 -6.2678407439107495 -6.304022002303467 -6.1663759105920395 -6.09112938045646 -6.017718131543697 -5.87823675860945 -5.889772812010028 -5.091163297051915 -3.238577994132012 -4.112434039225705 -4.751111904766731 -4.583314764394704 -4.32060736649975 -4.174047051706059
2.400192471463566 1.9898760266475954 0.9967267020706649 0.03792335466363328 -0.6993353308459573 -0.8878449307326557 -0.5011249587815017 -0.13511744634501888 -0.2570325561465694 -1.0695377717917407 -1.4143084586498884 -1.026539754571409 -0.006123394684023786 0.5895564536366695 0.26549822629319353 -0.43584138385550997 -0.8293781146342778 -1.1605152838371986 -4.240379358759375 -6.520847369627946 -6.929852899284759 -6.955284653372395 -6.704375491909849 -6.501183642240599 -6.4026028222720335 -6.2327082176453565 -6.230610753390707 -6.124164442467202 -6.1370114110269345 -5.961086596668139 -6.016931582448204 -5.953483288745032 -5.920186043702458 -5.982585605278304 -5.88610224956439 -5.673209627717381 -4.618447290660097 -2.775562759917952 -4.007036460429526 -4.735643105888684 -4.5919668044451365 -4.3253266610727135 -4.1478287485229295
1.2722810685253516 1.1805170073843994 0.5827396948090562 -0.2111505255760937 -0.957323434167948 -1.1290533200174435 -0.702481527227933 -0.2706660738017965 -0.3029145867170455 -0.991407228306016 -0.8985944350377388 -1.2024645689302051 -0.6799337864904418 -0.16343321378279851 -0.31864556862692295 -0.7853313652866212 -0.9290076667301688 -1.505023787663515 -4.448552686033421 -6.538413632760642 -6.896817837274017 -6.853819820053685 -6.59688044885902 -6.4348513351872825 -6.36930557722946 -6.2004597047301075 -6.182893441597411 -5.989402364105919 -5.993335109583388 -5.744261229343661 -5.6273275971469054 -5.5997983788046195 -5.677928922290345 -5.790405442945968 -5.725908417115471 -5.338139713036991 -4.6242153173603855 -3.6798320367040747 -4.442522476301301 -4.632080808315324 -4.508068234259124 -4.306973848844523 -4.094081226997515
0.4411608576201589 0.6823692469049467 0.015375613926142062 -0.6780985052676232 -1.3576769237743296 -1.557984760093436 -1.1594665517098734 -0.6877992774453809 -0.7043168084507521 -0.9659754742183808 -0.877095426427573 -1.387827972434928 -1.1702160560149564 -0.5792555022672263 -0.4544563791155318 -0.7591130621034918 -0.9436899165127208 -1.6594495934121456 -4.411322695513377 -6.2972052434758545 -6.749208790353 -6.886068332968934 -6.592161154286057 -6.347806568619293 -6.330240305486597 -6.253158494128197 -6.197575691379964 -6.030565100103431 -5.753175452425925 -5.605828588536739 -5.47185305927095 -5.493352067881116 -5.584329579926573 -5.608712601886884 -5.477883269003069 -5.122363077839839 -4.458253458211178 -4.111647490130212 -4.453271980606384 -4.576498005567091 -4.512000979736593 -4.285474840234357 -4.03430349573998
0.1451562146826313 0.2673335075160126 0.04762412684139106 -0.8713273997272846 -1.6290363617197159 -1.7766454086407326 -1.3293611563365502 -0.8157445969790507 -0.7365653213660011 -1.1974830913254106 -0.9806577240009329 -1.2404811085457423 -1.5189194883505734 -1.2677481438561966 -0.991407228306016 -0.9709569518231751 -1.1282667709219498 -1.4085404319496 -4.03823624121745 -6.2736087706110375 -6.633061707251738 -6.6750109923447445 -6.457399075924773 -6.247390467427909 -6.220909981212948 -6.2033437180802515 -6.074349666419256 -5.911271820620193 -5.566763316793876 -5.492303335753791 -5.3929359666897305 -5.389003221212262 -5.436720533005557 -5.353870694946869 -5.149630113150293 -4.938834955557935 -4.451436699383565 -4.235660064186412 -4.368324678293045 -4.471886975866405 -4.370422142547696 -4.193710779093405 -4.06471672743241
-0.8204638915520142 0.39239481369953877 0.3024660337814056 -0.9085573902473278 -1.5304555417511503 -1.5763375723216262 -1.271680889333666 -1.0150037011708322 -0.8498283911171187 -2.148683130809335 -2.545103874938247 -2.1554998896369484 -1.9064260093972218 -1.812826667033451 -1.4591417570930392 -1.248346599500681 -0.9376597067806012 -1.0218204599984455 -2.8264262680932224 -5.332371686336703 -6.172143937292328 -6.31660678783137 -6.16034570085992 -6.029516367976106 -5.977866310705341 -6.0363331268037195 -5.937752306835154 -5.7287924304656155 -5.456384260392904 -5.317689436554151 -5.34600520399193 -5.303007186771598 -5.182927358192867 -5.056817319882016 -4.742459864716298 -4.508068234259124 -4.330308138677508 -4.1554320564460365 -4.233562599931762 -4.327424125327364 -4.238544077536556 -4.112434039225705 -3.9876349160740108
-1.17703281484257 0.14227220133248686 0.5368576642385801 -0.6075712697050055 -1.1261693066672995 -1.1917150646251222 -1.3372266472914889 -1.0433194686086114 -1.1429490207045019 -3.357609090583418 -4.292291599061971 -3.6389314837383937 -3.0694699386008293 -2.3888427879667975 -1.9798372583099833 -1.0344052455263477 -0.6956647684003197 -0.9845904694784022 -1.8977739693467892 -3.4669394148570665 -5.2259253754131985 -5.614480628587172 -5.8646032409542235 -5.751340171203106 -5.77467446103609 -5.791191992041462 -5.7335117250385785 -5.506199036440849 -5.29723916007131 -5.074383583014712 -5.074383583014712 -4.948535727735693 -4.822425689424842 -4.59878356327275 -4.289407585711826 -4.102733267047947 -4.0177859647346095 -3.947520912203823 -4.055015955254652 -4.109550025875561 -4.036400959994631 -3.9163211314158994 -3.895870854933059
