static/data/ASCData/20210112/ASCU/21.asc
ncols 97
nrows 97
xllcorner 99.0
yllcorner 2.0
cellsize 0.25
NODATA_value -32767
[rows 38 to 56 of 97, columns 0 to 42 of 97]
-1.2551173528452653 0.8736369579599779 0.9156701702347099 0.6189055630902174 0.5728209568612947 0.6872728360671911 0.1314722279766105 -0.9036589273191944 -0.41445310735062924 -0.2189733490609127 -1.7005174756841406 -0.18580256106097348 0.37658156220516714 -0.05008086359557451 -0.5998043807548683 -0.8851744424031982 -1.124459897822605 -1.322471777333691 -1.7514131122336651 -1.995509597973674 -2.7660340856363783 -3.0706482685671155 -2.8549115405064436 -2.6693070549800675 -2.649809721575523 -2.8078140857889733 -2.8030030554683716 -2.79236814633862 -2.96024778331541 -3.3332292392231206 -3.3314567543681624 -2.6136003881099414 -1.0687532309524785 0.5006555020522669 0.7672878666624636 1.6198530818975363 2.1001964775913087 0.24085986473976817 -2.051975901210211 -2.8392123889339533 -3.076472147376265 -3.2727115420323925 -3.666456391955332
-1.2687908074406602 0.9693511401277406 1.049366170723013 0.9528923521888397 0.9255454429980499 0.9918870189979283 0.3882293198234663 -0.5266260774572928 -0.6469018354723386 -0.46028450145741484 -1.0257071701891989 -0.4367357740986799 -0.39672825880104323 -0.6271512899456577 -0.8626385635330105 -1.2034620799293299 -1.409576747348798 -1.5853059601118333 -1.9699351736378432 -2.1664277804161074 -2.764008388659283 -3.265874814734695 -3.1349641475898977 -2.94454863174292 -2.8966915406590386 -2.712353115743347 -2.5667561455146077 -2.824526085850011 -2.5414349333009136 -2.292274205118166 -2.4748401451788986 -2.1400937197138656 -1.6379740815163166 -0.3010140766332805 0.5601603507544475 1.3347362323713425 1.74190132476754 0.9802392613796287 -1.0609036551662334 -2.514088024110124 -2.710327418766252 -2.8771942072544943 -3.2932217239254844
-1.4037528685396485 0.9050352611049584 1.0103715039139245 0.9371932006163495 1.0377184131047144 1.1022875042496332 0.6715736844947009 -0.21821371269450163 -0.8947965030444016 -0.8099704421285274 -1.2756275347383577 -1.138133352418 -1.1682655949522953 -1.1713041404179387 -1.3997014745854575 -1.4728797778830327 -1.665320990707106 -1.781545354767961 -2.039315295103364 -2.237580386736587 -2.515860508965083 -2.993418571315349 -3.2306783297576604 -3.0463399048419695 -2.848834449575157 -2.6098022062778874 -2.296325599072357 -2.4201463267973202 -1.7073542029818378 -1.125219534189016 -1.2376457164178167 -2.251253841331982 -1.7757214759588114 -0.6312026838998488 0.6100431388154246 0.9761878674254381 1.1617923529518142 1.1959759894403006 0.2682067739305576 -1.4437603838372848 -2.419386690430909 -2.5842277819420563 -2.903528267956736
-1.545298444814197 0.7799484727693105 0.9235197460209545 0.9402317460819929 1.0387312615932616 0.8445175639142302 0.410765198693654 -0.5785345624953653 -1.096100140143268 -1.2756275347383577 -1.9944967494851262 -1.8567493550426317 -1.8068665669816548 -1.8109179609358457 -1.6420254754705077 -1.7121652333024397 -1.8078794154702025 -1.9476525068897925 -2.0403281435919123 -2.1838994168435564 -2.3783663266447252 -2.6098022062778874 -2.847061964720199 -2.886056631529287 -2.6908300853617075 -2.436858326858358 -2.1428790530573725 -2.017032628355314 -1.6164510511346768 -1.1262323826775638 -0.04628268176352046 -1.0766028067387237 -2.8303499646591606 -1.7035560211497838 0.32087489533504066 0.755640109044164 1.0777259284023502 1.6841689609203185 1.3149856868446617 -0.13212159116794275 -1.128258079654659 -2.0091830525690684 -2.330509235560844
-1.4437603838372848 0.6110559873039727 0.846290048769188 0.8678130791508285 0.8394533214714914 0.6452396237924591 -0.23087431880134845 -1.3558957774557672 -1.5052909295165608 -1.9572745675309964 -2.7756561462775817 -2.5209247514078217 -2.3695039023699325 -2.017032628355314 -1.8478869307678387 -1.8109179609358457 -1.8666246278059722 -1.9896857191645245 -2.049190567866705 -2.1264202651184716 -2.177062689545859 -2.351779053820347 -2.3411441446905954 -2.380138811499684 -2.3616543265836873 -2.14389190154592 -1.8010426881725052 -1.4827550506463734 -1.963098446340146 -1.504278081028013 0.10817671274001217 -0.36659601626674787 -2.12236887116428 -2.6966539641708573 -0.6760212295180867 0.1930027736558868 0.9245325945095026 1.701893809469904 2.1462810838202313 0.8103339274257428 -0.2326468036563072 -1.1145846250592646 -1.8314281428289378
-1.1176231705249076 0.1294465309995152 0.5006555020522669 0.7505758666014253 0.6743590178382068 0.1676815614421927 -0.7433756540065124 -2.1380680227367703 -2.2902485081410706 -3.0159544501855367 -3.5208594217265925 -2.9632863287810536 -2.2786007505227714 -1.8792852339128192 -1.7893949305542058 -1.7787600214244546 -1.900808264294459 -1.9309405068287546 -2.0608383254850042 -2.102871537759736 -2.0314657193171195 -1.9152413552562644 -1.8820705672563256 -1.6878568695772935 -1.6420254754705077 -1.509089111348615 -1.0824266855478735 -0.39090437999189387 -1.7650865668290598 -1.0082355337617503 0.3064418043732351 0.07880410657212744 -1.3353855955626748 -2.190736144141254 -1.7043156575161946 -0.97101335180762 0.19097707667879105 1.146093201379324 1.6158016879433448 1.9224415678511773 0.8804736852576753 -0.5081415925412966 -1.4533824444784884
-1.165480261608789 -0.4017925012437824 0.18920459182383276 0.5378776840063972 0.3218877438235883 -0.3068379554424303 -1.372354565394668 -2.8440234192545555 -3.753308149848302 -4.2250423333894185 -3.6272085130241067 -2.329496387072296 -1.7610351728748688 -1.6291116572415238 -1.6478493542796573 -1.7210276575772325 -1.8129436579129412 -1.941828628080643 -2.0960348104620383 -2.020830810187368 -1.9425882644470538 -1.7736957789817158 -1.3733674138832157 -1.0657146854868351 -0.7805978359606423 -0.5248535926023346 0.0005615608318132459 0.7956476243418007 -0.465095531778017 -1.1809262010591426 0.15299525835825056 0.24288556171686349 -0.8059190481743363 -1.6673466876842016 -2.012981234401123 -2.0608383254850042 -1.058877958189138 0.3259391377777794 0.8278055638531918 1.7251893247065024 2.0718367199119716 0.6599259268764013 -1.1672527464637477
-1.7258386878978345 -0.9525288668916239 -0.09793795467945587 0.07196737927442998 -0.18478971257242582 -0.848965108937616 -1.8752338399586281 -2.99746996526954 -4.211368878794024 -4.585363183190283 -2.5715671758352094 -1.9104303249356627 -1.1594031706775025 -0.9836739579144673 -1.1986510496087281 -1.4202116564785494 -1.6701320210277077 -2.007157355591973 -2.351779053820347 -2.3353202658814456 -2.1917489926298015 -1.4700944445395263 -0.6995699568768221 -0.32152425852637245 -0.08730304554970436 0.4497598655027426 1.0534175646772037 1.1354582922495724 1.1969888379288487 -0.09515262133594948 -0.9894978367236167 -1.340196625883277 -1.4123620806923043 -1.4027400200511004 -1.3450076562038786 -1.4711072930280742 -2.2991109324158634 -1.3634921411198753 -0.3157003797172231 1.3805676264781286 2.546609448918731 1.5514858089205625 -0.6633606234112399
-1.3617196562649165 -1.3655178380969706 -0.5433380775183307 -0.4671212287551123 -0.5580243806022733 -0.845166927105562 -1.3039872924176947 -1.2102988072270273 -1.694693596874991 -2.875421722399536 -1.8830834157448733 -1.3039872924176947 -1.1467425645706557 -0.7327407448767609 -0.465095531778017 -0.6965314114111787 -1.1682655949522953 -1.5070634143715194 -1.9203055976990033 -1.9349919007829457 -1.6594971118979565 -1.0072226852732027 -0.3752052284194036 -0.16731807614497685 -0.03640740900017958 0.47330859286147753 1.1450803528907758 1.1481188983564192 1.2623175654401781 0.39329356226620504 -1.1302837766317548 -1.6399997784934122 -1.152566443379805 -0.7084323811516149 -0.716028744815723 -0.6332283808769441 -1.6751962634704467 -2.481676872476596 -1.3039872924176947 0.3385997438846262 1.6823964760653598 1.2349706562493892 -0.6243659566021513
-1.635948384539221 -1.4769311718372238 -1.2054877769064256 -0.8742863211513097 -0.5881566231365691 -0.6438632900066956 -0.2493588037173451 0.25453331933516266 0.703731624006092 -0.8157943209376768 -1.257143049822361 -1.2454952922040619 -1.2229594133338741 -0.8793505635940484 -0.5324499562664426 -0.49750668341154514 -0.8021208663422823 -1.0414063217616891 -1.446545717180791 -1.5002266870738221 -1.3080386863718858 -0.9925363821892601 -0.8127557754720338 -0.5256132289687452 -0.06679286365661241 0.4284900472432396 0.903009564127863 0.9197215641889005 0.8835122307233187 0.5437015628155466 -0.6096796535182087 -1.120408503868414 -0.8195925027697308 -0.5929676534571708 -0.6623477749226923 -0.8783377151055007 -1.5258011114096528 -2.14389190154592 -1.5490966266462511 -0.5998043807548683 0.38443113799141226 0.24668374354891753 -0.848965108937616
-1.6594971118979565 -1.6126528693026227 -1.051028382402893 -0.649687168815845 -0.3929300769689892 -0.006275166465884219 0.5368648355178491 0.8903489580210153 1.072914898081748 -1.194599655654537 -1.6779815968139529 -1.4779440203257714 -1.5863188086003812 -1.4857935961120166 -1.4027400200511004 -1.2951248681429015 -1.0383677762960462 -1.0902762613341186 -1.099898321975322 -1.2541045043567176 -1.141931534250054 -1.0920487461890769 -0.9084699576397965 -0.29721589480122645 0.2897298043121972 0.39025501680056207 0.42646435026614427 0.9040224126164103 0.8179302910898509 0.33454834993043514 -0.600817229243416 -1.047230200570839 -1.1723169889064864 -1.1439572312271493 -1.1986510496087281 -1.8557365065540838 -2.7455239037432864 -2.667281358002972 -2.3968508115607214 -1.7640737183405122 -0.5597968654572321 0.1099491975949709 -0.9132809879603982
-1.5959408692415848 -1.3665306865855182 -0.33139953128971333 0.07095453078588232 -0.05008086359557451 0.31606386501443895 0.20085234944213193 0.35404568333497943 -0.10477468197715334 -1.871435658126574 -2.4221720237744155 -2.148702931866522 -2.2423914170571893 -2.168200265271066 -2.0707135982483447 -1.5891041419438874 -1.347033353180974 -1.0735642612730802 -0.7874345632583397 -0.9953217155327665 -1.0188704428915019 -0.9983602609984095 -0.9553142002351303 -0.34887116771716187 0.3150510165258913 0.44013780486153875 0.2927683497778406 0.7994458061738547 0.39810459258680675 -0.555998683625178 -1.3412094743718246 -1.7650865668290598 -1.896756870340268 -1.8499126277449343 -1.863586082340329 -2.825538934338559 -3.810787301573387 -3.523644755070099 -3.237515057055358 -2.4447079026446032 -0.6301898354113007 0.03398556095388905 -1.0902762613341186
-1.8314281428289378 -1.232834686097215 0.10032713695376705 0.7184179270900342 0.5768723508154858 -0.8342788058536734 -0.9808886245709609 -1.3128497166924875 -1.60379044502783 -2.2854374778204685 -2.77666899476613 -2.701464994491459 -2.600939782003094 -2.519911902919274 -2.069700749759797 -1.5941683843866263 -1.2123245042041226 -0.9153066849374936 -0.398753955778139 -0.6155035323273585 -0.758061957090455 -1.005196988296107 -0.9573398972122256 -0.7365389267088149 -0.08831589403825202 0.17932931906049188 0.09526289451102832 0.29074265280074485 -0.5413123805412354 -1.661522808875052 -2.2737897202021697 -2.692602570216666 -2.717164146063949 -2.665255661025877 -2.564730448537512 -3.366653239345197 -4.433942334152393 -4.059948029756135 -3.298285966368223 -2.3099990536677515 -0.5149783198389937 -0.3108893493966214 -1.4270483837762467
-2.4221720237744155 -1.6263263238980175 0.46267368373172646 1.0425294434253156 -0.15465747003813002 -1.5675811115622478 -3.045327056353422 -3.4846500882610103 -2.3322817204158026 -2.3596286296065916 -2.560932266705458 -2.642972994277826 -2.3968508115607214 -2.1135064468894873 -1.6632952937300105 -1.1497811100362991 -0.7084323811516149 -0.5775217140068176 -0.05109371208412217 -0.3645703192896521 -0.8704881393192556 -1.1507939585248468 -0.7494527449377988 -0.5286517744343886 -0.5306774714114839 -0.2523973491829885 -0.44661104686202036 -0.5375141987091814 -1.483767899134921 -2.5637176000489643 -3.1564871779715378 -3.556055906703627 -3.580364270428773 -3.275750087498036 -3.2238416024599634 -3.479839057940408 -4.763877729296825 -4.485597607068328 -2.4105242661561164 -1.665320990707106 -1.140918685761506 -0.9368297153191336 -1.4379365050281352
-3.051150935162571 -2.069700749759797 0.2828930770144997 0.8131192607692497 -0.5648611078999708 -2.915429237697172 -4.561814455831547 -4.3577254853891745 -2.6850062065525577 -1.9896857191645245 -1.9699351736378432 -1.8889072945540228 -2.0256418405079697 -1.7668590516840184 -1.3948904442648558 -0.8041465633193776 -0.09515262133594948 -0.11642243959545251 0.302390410419044 -0.33139953128971333 -0.964176624509923 -0.9788629275938652 -0.5443509260068788 -0.39495577394608494 -0.46914692573220806 -0.604868623197607 -0.935816866830586 -1.30601298939479 -2.1127468105230767 -2.961260631803958 -3.927011665634242 -4.317717970091538 -4.320756515557181 -3.9290373626113375 -3.349941239284159 -3.2278929964141545 -4.813760517357801 -5.082418578945093 -2.5021870543696885 -1.4584466869212271 -0.964176624509923 -0.6438632900066956 -0.9563270487236779
-3.3051226936659206 -2.255305235286173 -0.5461234108618371 0.25250762235806734 -1.2698036559292079 -3.7717926347642985 -4.973030942181936 -4.3402538489617255 -2.952398207529165 -2.1175578408436784 -2.063876870950647 -1.8010426881725052 -2.1975728714389513 -2.2669529929044723 -2.0560272951644025 -1.4475585656693388 -0.4035649860987407 0.5269895627545087 1.0377184131047144 0.3608824106326769 -0.4769965015184532 -0.4924424409688064 -0.23948353095400465 -0.07945346976345924 -0.25619553101504255 -0.5529601381595346 -1.260941231654415 -1.7248258394092866 -2.2737897202021697 -3.2063699660325145 -4.2425139698168675 -5.001390699861273 -5.164459306517461 -4.746406092869376 -3.7150731194056243 -2.937711904445223 -4.350888758091477 -4.909474699525564 -2.778694691743225 -1.0198832913800495 0.007398288129510711 0.13628325829721222 -0.7502123813042099
-2.895931904292628 -3.3304439058796147 -1.8119308094243936 -0.38508050118274406 -1.7931931123862601 -4.190858696900932 -5.207252155158604 -4.920362820777452 -4.546115304259057 -4.162498939221595 -4.191618333267343 -3.6760784525965358 -2.96607166212456 -2.504212751346784 -2.7776818432546775 -2.849847298063705 -1.3012019590741883 0.8103339274257428 1.2048384137150934 1.4585569600963058 0.8062825334715522 0.43709925939589533 0.4117780471822017 0.3882293198234663 0.10893634910642325 -0.4701597742207557 -1.2660054740971538 -1.7425506879588724 -2.061851173973552 -2.6662685095144245 -3.307908027009427 -4.363549364198324 -5.500218580471042 -5.580486823188451 -4.108817969328564 -2.466230933026243 -1.3422223228603722 -2.512062327133029 -1.6273391723865651 0.44494883518214046 1.233957807760841 0.31327853167093256 -1.0383677762960462
-2.3558304477745375 -3.869532513909157 -2.8419977222774597 -1.1467425645706557 -2.275815417179265 -4.402544031007412 -5.2123163976013425 -4.895801244930169 -4.7590666989762225 -4.74438039589228 -4.752229971678525 -4.929984881418656 -4.3265803943663315 -3.0101305713763873 -2.367478205392837 -2.421159175285868 -1.542259899348554 -0.18200437922891943 -0.2982287432897741 1.1511574438220626 1.069116716249694 0.9009838671507668 0.9928998674864755 0.926558291486598 0.39607889560971143 -0.4455981983734727 -1.1935868071659894 -1.5470709296691556 -1.4994670507074113 -1.7015303241726882 -1.6058161420049255 -2.2542923867976254 -3.73279796795521 -4.575487910426942 -3.476800512474765 -1.1771280192270885 0.08842616721333085 -2.302149477881507 -1.7415378394703245 0.10311247029727344 0.9098462914255596 0.2066762282512813 -1.0062098367846546
-2.555868024262719 -3.750269604382659 -3.25802523894845 -1.8830834157448733 -2.7472963885982447 -4.609671546915429 -5.205479670303645 -4.925173851098054 -4.686901244167195 -4.934036275372847 -4.76007954746477 -4.9163114268232615 -4.585363183190283 -3.3461430574521045 -2.4553428117743543 -2.091223780141437 -1.4738926263715804 -1.1399058372729582 -1.0393806247845938 0.4165890775028034 0.5778851993040335 0.45963513826608304 0.6216908964337233 0.7047444724946392 0.45482410794548134 -0.35874644048050275 -1.0013988064640529 -1.1918143223110307 -1.0725514127845326 -0.9525288668916239 -0.6818451083272365 -0.988484988235069 -2.4183738419423615 -3.791289968168843 -3.221056269116457 -1.739512142493229 -0.4134402588620816 -2.2542923867976254 -0.8254163815788806 0.27225816788474866 0.3454364711823237 -0.2941773493355835 -1.2523320195017589
