static/data/thetao/2023/7/14/0.asc
ncols 137
nrows 93
xllcorner 108.0
yllcorner 17.0
cellsize 0.25
NODATA_value -32767
[rows 0 to 26 of 93, columns 61 to 121 of 137]
-32767.0 -32767.0 -32767.0 -32767.0 -32767.0 -32767.0 -32767.0 -32767.0 -32767.0 -32767.0 -32767.0 -32767.0 -32767.0 -32767.0 -32767.0 -32767.0 -32767.0 -32767.0 -32767.0 21.501997 21.13627 21.30745 22.229353 22.350407 22.28039 22.577 22.68663 23.424767 23.412989 23.232538 23.48142 23.424604 23.595644 23.715807 23.86803 24.041952 24.083784 23.928267 23.838776 23.793482 23.714502 23.911144 23.551792 23.359852 23.239468 22.75115 22.070993 21.96953 22.665966 23.052254 23.392075 23.09866 22.406092 22.73337 23.01245 22.941786 22.934181 22.930698 22.891832 22.816372 22.172262
24.630993 24.653452 25.510544 25.689348 25.809088 26.005447 26.560694 -32767.0 -32767.0 -32767.0 -32767.0 -32767.0 -32767.0 -32767.0 -32767.0 -32767.0 -32767.0 -32767.0 21.456312 20.83192 21.631895 22.707062 22.732208 22.60522 22.537422 22.810934 23.11773 23.314276 23.466595 23.31687 22.776073 23.028727 23.636723 23.714048 23.768059 23.858799 23.881248 23.667385 23.4661 23.613245 24.047016 23.996696 23.324041 23.040232 22.643106 22.444496 23.096048 23.534348 23.477081 23.422007 23.493347 23.490992 23.244387 22.938541 22.483704 22.197968 22.35688 22.734581 23.028791 23.063961 23.107313
25.07591 23.678493 22.930223 22.944365 23.296074 24.44965 25.74458 25.59319 24.861197 -32767.0 -32767.0 -32767.0 -32767.0 -32767.0 -32767.0 -32767.0 -32767.0 -32767.0 21.950447 21.869848 22.395239 23.175713 21.407566 21.001465 20.913664 21.179312 21.578827 21.994747 22.128244 21.510963 21.419533 22.803932 23.780107 24.050047 24.106215 23.980661 24.192184 23.89418 23.43794 24.006935 24.408844 24.175694 23.085556 23.53236 23.536266 23.671593 23.381365 23.356478 23.42174 23.483036 23.495243 23.195206 22.813374 22.59412 22.564022 21.913511 22.005306 22.36052 22.81738 22.94055 23.18067
22.952242 22.894905 23.044662 23.127523 22.581324 22.500433 23.089956 24.934776 25.082449 -32767.0 -32767.0 -32767.0 -32767.0 -32767.0 -32767.0 -32767.0 -32767.0 24.762638 23.038029 21.856535 22.283865 22.196968 20.299517 20.650139 20.801607 20.531805 21.81551 22.399757 22.08415 21.906103 22.140509 22.616333 23.78593 24.071707 24.113897 24.076462 23.968182 23.263746 23.782885 24.307396 24.424688 24.313322 23.729656 23.52594 23.586552 23.34612 23.453575 23.530687 23.506239 23.518147 23.16657 22.861908 22.933384 22.93927 22.895605 22.503855 22.143204 22.419043 22.834188 23.052397 23.184927
23.051832 23.037315 23.068188 23.154623 22.967989 22.82792 22.68225 23.819023 -32767.0 -32767.0 -32767.0 -32767.0 -32767.0 -32767.0 -32767.0 -32767.0 -32767.0 -32767.0 -32767.0 23.269693 22.639723 21.116858 20.211037 20.331026 20.692541 19.824856 22.295784 23.103912 22.705963 22.186207 22.541628 22.099094 22.767399 23.376112 23.433006 23.576113 23.117764 23.675268 24.453632 24.383379 24.411327 24.259495 24.093754 23.717615 23.583303 23.298122 23.312372 23.555534 23.729568 23.535496 23.227379 22.79717 22.717867 22.514572 22.720943 22.874401 22.501862 22.581627 22.950188 23.03079 23.009398
23.537937 23.422775 23.237381 23.051605 22.91908 22.869223 23.408628 24.469685 -32767.0 -32767.0 -32767.0 -32767.0 -32767.0 -32767.0 -32767.0 -32767.0 -32767.0 -32767.0 -32767.0 -32767.0 22.77442 23.058006 20.463406 20.945518 21.4883 19.541199 22.023275 23.787361 23.898186 23.80065 23.55137 23.274807 22.450636 22.26004 22.347559 22.279518 23.193983 24.428156 24.472912 24.367834 24.213005 24.07706 24.190231 23.626402 23.549082 23.39388 23.359982 23.650278 23.638533 23.716059 23.502613 23.047379 22.786825 22.65014 22.7098 22.898943 22.963385 22.788292 22.997702 23.294947 23.098866
23.563103 23.456358 23.232958 23.14153 22.913311 22.637857 23.708866 24.754124 -32767.0 -32767.0 -32767.0 -32767.0 -32767.0 -32767.0 -32767.0 -32767.0 -32767.0 -32767.0 -32767.0 -32767.0 -32767.0 23.862537 22.132925 21.44805 21.805239 19.947754 21.013971 23.608759 23.539036 23.475222 23.503977 23.63012 22.955257 23.045227 23.600016 24.1642 24.450357 24.277042 24.30584 24.40346 24.137354 23.689245 23.474659 23.700771 23.752773 23.812891 23.841743 23.56941 23.689096 23.609287 23.442154 23.202177 22.753408 22.792498 22.813124 22.76284 22.87103 22.938623 22.750166 23.124739 23.054874
23.580889 23.56493 23.439686 23.27819 23.124195 23.137445 23.987991 -32767.0 -32767.0 -32767.0 -32767.0 -32767.0 -32767.0 -32767.0 -32767.0 -32767.0 -32767.0 -32767.0 -32767.0 -32767.0 -32767.0 -32767.0 23.553892 22.208845 21.963247 21.16738 19.832502 23.150354 23.57006 23.431349 23.257376 23.434242 23.8205 23.89006 23.915476 23.539135 23.730295 23.858852 24.06947 24.027203 23.70408 23.746933 24.126215 24.108524 23.903135 23.79735 23.73852 23.74783 23.648754 23.305088 23.414862 23.102663 23.021141 22.976734 22.942978 23.0055 22.779018 22.973215 22.699337 23.007202 23.117609
23.310036 23.548553 23.60175 23.52659 23.220842 23.25387 -32767.0 25.512026 -32767.0 -32767.0 -32767.0 -32767.0 -32767.0 -32767.0 -32767.0 -32767.0 -32767.0 -32767.0 -32767.0 -32767.0 -32767.0 -32767.0 24.014498 22.72934 21.932625 19.802502 20.252998 22.69827 23.72432 23.406492 23.445621 23.794472 23.570705 23.310516 23.495201 23.647465 24.016632 24.272291 24.062542 23.863102 23.903551 23.997076 24.057148 23.919165 23.913155 23.870144 23.701353 23.685713 23.416332 23.006971 23.02729 23.011515 23.249786 23.320433 23.254292 23.285156 23.224262 23.209541 22.594309 22.797205 -32767.0
23.291767 23.505789 23.778378 23.590973 23.204865 22.943193 22.690031 23.742682 25.289001 26.08156 25.593672 25.68465 26.643864 -32767.0 -32767.0 -32767.0 -32767.0 -32767.0 -32767.0 -32767.0 -32767.0 -32767.0 -32767.0 23.67776 21.645468 19.598518 20.964067 22.277683 23.627705 23.448015 23.309404 23.596607 23.513767 23.2871 23.28067 23.231218 23.375893 23.510246 23.650871 23.83418 23.882132 23.838175 23.753708 23.820538 23.366201 23.601933 23.654964 23.665066 23.673819 23.345095 23.2789 23.272194 23.348791 23.499882 23.638607 23.682367 23.586212 23.614712 23.090036 23.15465 23.600258
23.240973 23.461575 24.03058 23.961952 23.663887 23.313204 23.134207 22.758766 23.630661 23.864664 23.490454 24.025597 24.454268 -32767.0 -32767.0 -32767.0 -32767.0 -32767.0 -32767.0 -32767.0 -32767.0 -32767.0 -32767.0 -32767.0 21.609901 17.855364 21.369993 21.860577 23.476528 23.411644 23.349106 23.133265 23.237078 23.127172 22.954353 23.409138 23.422533 23.380663 23.405542 23.61502 23.79659 23.89211 23.849606 23.250917 23.405535 23.605251 23.617867 23.685226 23.671423 23.780596 24.087072 24.185799 24.263317 24.263548 24.128027 24.318296 -32767.0 24.372366 23.585428 23.448826 23.528843
23.021696 23.053492 23.886986 24.021496 23.838398 23.379036 22.99475 23.063293 22.71363 22.609007 22.708836 23.134396 23.77068 24.988192 25.641806 -32767.0 -32767.0 -32767.0 -32767.0 -32767.0 -32767.0 -32767.0 -32767.0 -32767.0 -32767.0 17.150967 18.052032 22.107101 22.221153 23.334206 23.09186 23.05298 23.114515 23.09354 23.004053 23.200197 23.314442 23.202072 23.530823 23.430458 23.51673 23.83209 23.62177 23.333578 23.570768 23.52124 23.489626 23.44161 23.853773 24.16321 24.476652 24.206861 24.21021 24.274939 -32767.0 -32767.0 24.382317 24.234558 23.72152 24.254444 24.864115
23.131195 23.085493 23.776854 24.139435 24.014208 23.836979 23.8033 23.573484 23.079601 22.332672 22.602108 22.735472 23.91402 -32767.0 26.01325 -32767.0 -32767.0 -32767.0 -32767.0 -32767.0 -32767.0 -32767.0 -32767.0 -32767.0 -32767.0 17.25381 17.687649 20.13526 22.2614 22.151024 22.81685 23.197647 23.047295 22.88438 23.142118 23.077116 23.042088 23.483547 23.604801 23.51483 23.665604 23.755724 23.74191 23.845743 23.856133 23.797026 23.464514 23.176205 23.993895 24.129507 24.128538 24.190447 24.241789 24.36047 -32767.0 24.344551 24.591084 24.830185 -32767.0 -32767.0 -32767.0
23.65831 23.606682 23.877506 23.9092 23.974802 24.112936 24.185495 24.00677 23.648626 23.038748 22.472694 23.726067 -32767.0 -32767.0 -32767.0 -32767.0 -32767.0 -32767.0 -32767.0 -32767.0 -32767.0 -32767.0 -32767.0 -32767.0 -32767.0 18.203527 16.922272 20.108675 21.816496 22.405241 22.031574 22.705603 23.206 23.016296 23.08621 23.262373 23.325699 23.571495 23.709826 23.672619 23.841461 23.557049 23.787107 23.859043 23.95619 23.907516 23.808216 23.478258 24.170021 24.290897 24.23876 24.294573 24.450941 24.665022 25.068974 -32767.0 24.75739 -32767.0 -32767.0 -32767.0 -32767.0
24.122059 23.89218 24.244833 24.346207 24.33768 24.281755 24.196554 24.197042 23.800186 22.827137 22.694958 23.444172 25.420513 -32767.0 -32767.0 -32767.0 -32767.0 -32767.0 -32767.0 -32767.0 -32767.0 -32767.0 -32767.0 -32767.0 -32767.0 17.78527 15.414858 18.943523 21.397114 22.502884 22.171982 22.167883 22.479448 22.846836 22.872948 22.859386 23.044308 23.389557 23.552711 23.794071 23.846678 23.907055 23.732841 23.74872 23.817577 24.099585 23.916431 23.961914 23.930285 24.084291 24.65407 24.706968 24.985403 25.190693 -32767.0 -32767.0 -32767.0 -32767.0 -32767.0 -32767.0 -32767.0
24.123505 24.018517 24.26059 24.467716 24.545414 24.541674 24.560562 24.058641 23.52438 23.233227 22.775167 22.575457 23.941898 26.170485 -32767.0 -32767.0 -32767.0 -32767.0 -32767.0 -32767.0 -32767.0 -32767.0 -32767.0 -32767.0 -32767.0 18.925732 16.081024 18.91377 21.486933 22.645224 23.113773 23.329453 23.204014 22.818577 22.993029 23.136387 23.10756 23.090284 23.418121 23.30989 -32767.0 23.973278 24.140892 24.052933 24.092863 24.263466 24.148634 24.150455 23.867987 24.071241 24.693346 24.839544 -32767.0 -32767.0 -32767.0 -32767.0 -32767.0 -32767.0 -32767.0 -32767.0 -32767.0
24.393755 24.304876 24.238956 24.44039 24.656116 24.575514 24.348799 23.557583 22.853704 22.91959 22.852213 22.754107 22.8291 25.283358 -32767.0 -32767.0 -32767.0 -32767.0 -32767.0 -32767.0 -32767.0 -32767.0 -32767.0 -32767.0 -32767.0 -32767.0 17.442753 20.98812 22.735573 22.652199 22.897438 22.893444 23.192162 23.281958 23.098312 22.96529 23.062399 23.151447 23.144026 23.456692 23.641735 23.8467 24.042356 23.906515 24.147272 24.436588 24.521652 24.499447 24.515867 24.574554 24.75788 25.101995 -32767.0 -32767.0 -32767.0 -32767.0 -32767.0 -32767.0 -32767.0 -32767.0 -32767.0
24.857763 24.748264 24.908415 25.021873 24.701763 24.676266 24.380875 23.96895 22.942314 22.350908 21.941116 21.998518 22.27384 25.323189 23.792416 -32767.0 -32767.0 -32767.0 -32767.0 -32767.0 -32767.0 -32767.0 -32767.0 -32767.0 -32767.0 13.569107 18.237858 22.660706 23.398563 22.575123 22.953602 23.204048 23.172966 23.216825 23.391685 23.64077 22.923582 23.245998 23.699545 24.217943 24.314636 24.38353 24.334 24.229074 24.131323 24.39527 24.828009 24.67981 -32767.0 25.221958 25.6506 25.929605 -32767.0 -32767.0 -32767.0 -32767.0 -32767.0 -32767.0 -32767.0 -32767.0 -32767.0
25.389706 25.466383 25.270758 25.083057 24.66431 24.516445 24.291279 23.996593 23.24486 22.658676 21.956423 21.616287 23.75577 25.952208 -32767.0 -32767.0 -32767.0 -32767.0 -32767.0 -32767.0 -32767.0 -32767.0 -32767.0 -32767.0 -32767.0 15.000793 19.984434 22.800686 23.435154 22.867224 22.774902 22.80044 23.171318 23.598879 23.613972 23.67751 23.960247 24.213995 24.515556 -32767.0 -32767.0 24.900293 25.341496 -32767.0 -32767.0 -32767.0 -32767.0 -32767.0 -32767.0 -32767.0 -32767.0 -32767.0 -32767.0 -32767.0 -32767.0 -32767.0 -32767.0 -32767.0 -32767.0 -32767.0 -32767.0
25.46524 25.38574 25.333925 24.778679 24.324398 24.090399 23.133747 22.871592 22.816483 21.678215 21.879742 21.253872 24.051352 -32767.0 -32767.0 -32767.0 -32767.0 -32767.0 -32767.0 -32767.0 -32767.0 -32767.0 -32767.0 -32767.0 16.761671 19.622524 22.667747 22.52974 23.736338 23.67779 23.699575 23.87008 23.920893 23.982895 23.998522 23.900017 23.970778 24.568838 -32767.0 -32767.0 -32767.0 -32767.0 -32767.0 -32767.0 -32767.0 -32767.0 -32767.0 -32767.0 -32767.0 -32767.0 -32767.0 -32767.0 -32767.0 -32767.0 -32767.0 -32767.0 -32767.0 -32767.0 -32767.0 -32767.0 -32767.0
25.644686 25.623907 25.349771 24.81952 24.331272 24.005203 23.265318 22.404263 22.060165 21.244373 21.19366 20.742556 25.53601 -32767.0 -32767.0 -32767.0 -32767.0 -32767.0 -32767.0 -32767.0 -32767.0 19.530336 21.654509 17.72229 20.950983 24.37007 24.185106 23.733135 23.790178 23.8083 23.937843 23.908125 24.322126 24.390219 24.449015 24.425919 -32767.0 -32767.0 -32767.0 -32767.0 -32767.0 -32767.0 -32767.0 -32767.0 -32767.0 -32767.0 -32767.0 -32767.0 -32767.0 -32767.0 -32767.0 -32767.0 -32767.0 -32767.0 26.393557 -32767.0 -32767.0 -32767.0 -32767.0 -32767.0 -32767.0
25.490036 25.314209 25.22111 24.93405 24.654629 24.28955 23.238945 22.303766 22.146484 21.436453 20.92609 21.334486 22.6418 -32767.0 -32767.0 -32767.0 -32767.0 27.266132 20.678541 22.736246 20.485704 20.983515 19.578619 21.183481 24.085363 23.827282 23.581774 23.193136 23.751057 24.045666 24.172873 24.739408 24.366476 24.37895 24.650799 -32767.0 -32767.0 -32767.0 -32767.0 -32767.0 -32767.0 -32767.0 -32767.0 -32767.0 -32767.0 25.450668 25.904894 -32767.0 -32767.0 -32767.0 -32767.0 -32767.0 -32767.0 -32767.0 26.43147 -32767.0 -32767.0 -32767.0 -32767.0 -32767.0 20.120857
25.156395 25.054873 24.802757 24.38835 24.08516 24.015882 23.38603 22.93801 22.867264 21.689314 20.985226 18.766165 -32767.0 25.246351 -32767.0 22.251778 -32767.0 22.884552 -32767.0 18.712029 20.409164 20.404392 20.48705 22.021461 24.402828 23.842207 23.971228 23.866226 24.09928 24.375378 25.308294 25.249878 24.85584 -32767.0 -32767.0 -32767.0 -32767.0 -32767.0 -32767.0 -32767.0 -32767.0 25.033316 25.545498 25.610348 25.883347 25.648325 25.217926 24.889801 25.521803 -32767.0 -32767.0 -32767.0 -32767.0 -32767.0 26.982407 26.59114 24.725014 25.353756 25.442856 25.849306 24.996521
24.837906 24.71054 24.436262 24.173824 23.887972 23.61153 23.479588 23.546474 23.307257 22.551043 21.033636 20.563372 18.458406 18.140196 17.220314 16.587578 18.044285 17.325851 17.839336 18.301798 18.578848 19.133804 20.28325 21.903666 -32767.0 23.755772 24.078545 24.850967 25.35397 25.663078 25.345028 -32767.0 -32767.0 -32767.0 -32767.0 -32767.0 24.616291 24.844984 23.808374 24.408678 24.907696 25.119526 26.581316 -32767.0 -32767.0 26.376436 25.651361 24.42605 -32767.0 -32767.0 -32767.0 -32767.0 -32767.0 22.726091 22.393227 24.73136 26.98786 26.732803 26.861103 26.892395 26.998575
24.634495 24.213968 24.262892 24.18444 23.924263 23.890966 23.680872 23.57587 22.139044 22.373135 22.252897 21.885553 20.889942 19.907253 19.435783 21.33761 19.813396 19.661531 19.243187 19.052004 21.392384 21.979954 23.356697 23.89017 24.65268 25.174583 25.542679 25.618208 25.396696 25.233366 25.62181 27.633968 -32767.0 26.575613 26.071754 -32767.0 24.375937 24.955173 25.009352 -32767.0 27.103487 26.805517 -32767.0 -32767.0 -32767.0 -32767.0 25.458628 24.945276 -32767.0 -32767.0 -32767.0 -32767.0 22.324352 24.765327 26.425283 26.499372 26.750166 26.851055 26.965649 27.128496 27.241348
25.007088 24.369328 24.051342 24.27711 24.122286 24.006298 23.907194 23.992985 24.1675 24.274311 24.117826 24.418919 24.770538 25.167208 25.966862 25.806398 25.097525 24.467915 22.606607 23.153553 24.603579 25.337687 25.70219 25.949207 25.892582 25.821754 -32767.0 25.360773 25.382988 -32767.0 -32767.0 27.859583 26.7892 26.127121 25.583092 25.480787 25.27715 25.491861 -32767.0 -32767.0 -32767.0 -32767.0 -32767.0 -32767.0 -32767.0 -32767.0 24.841324 24.05486 24.248283 -32767.0 -32767.0 21.599628 24.093393 26.342106 26.6349 26.656322 26.726067 26.732647 26.896881 27.262228 27.499006
24.756908 24.51445 24.484453 24.396112 24.304893 24.397842 24.503712 24.515545 24.570288 24.608625 24.753286 25.129845 25.487337 -32767.0 -32767.0 24.464985 24.286125 24.296494 24.911997 25.751408 26.242249 26.380095 26.306877 26.197073 26.003445 25.8744 25.587996 25.45029 -32767.0 -32767.0 -32767.0 -32767.0 -32767.0 -32767.0 25.895636 25.471292 25.244997 -32767.0 -32767.0 -32767.0 -32767.0 -32767.0 26.606653 -32767.0 25.076014 25.00102 25.648176 25.346405 24.28475 23.191214 -32767.0 23.610529 26.18491 26.765654 26.874525 26.897177 26.895802 26.868158 26.990679 27.418005 27.703888
