static/data/thetao/2023/7/14/12.asc
ncols 137
nrows 93
xllcorner 108.0
yllcorner 17.0
cellsize 0.25
NODATA_value -32767
[rows 54 to 80 of 93, columns 0 to 60 of 137]
-32767.0 -32767.0 -32767.0 -32767.0 -32767.0 -32767.0 -32767.0 -32767.0 -32767.0 -32767.0 -32767.0 -32767.0 -32767.0 -32767.0 -32767.0 -32767.0 -32767.0 -32767.0 -32767.0 -32767.0 -32767.0 -32767.0 -32767.0 -32767.0 -32767.0 -32767.0 -32767.0 -32767.0 -32767.0 -32767.0 -32767.0 -32767.0 -32767.0 -32767.0 -32767.0 -32767.0 -32767.0 -32767.0 -32767.0 -32767.0 -32767.0 -32767.0 -32767.0 -32767.0 -32767.0 -32767.0 -32767.0 -32767.0 27.134043 26.627136 28.183472 27.599688 29.197134 29.362352 29.48199 29.48277 29.793085 29.337431 29.1319 29.281662 29.538233
-32767.0 -32767.0 -32767.0 -32767.0 -32767.0 -32767.0 -32767.0 -32767.0 -32767.0 -32767.0 -32767.0 -32767.0 -32767.0 -32767.0 -32767.0 -32767.0 -32767.0 -32767.0 -32767.0 -32767.0 -32767.0 -32767.0 -32767.0 -32767.0 -32767.0 -32767.0 -32767.0 -32767.0 -32767.0 -32767.0 -32767.0 -32767.0 -32767.0 -32767.0 -32767.0 -32767.0 -32767.0 -32767.0 -32767.0 -32767.0 -32767.0 -32767.0 -32767.0 -32767.0 -32767.0 -32767.0 -32767.0 31.27843 -32767.0 28.212433 28.268475 28.039999 28.670958 29.349249 29.81756 29.897148 28.85631 28.685564 28.898228 29.14061 29.22203
-32767.0 -32767.0 -32767.0 -32767.0 -32767.0 -32767.0 -32767.0 -32767.0 -32767.0 -32767.0 -32767.0 -32767.0 -32767.0 -32767.0 -32767.0 -32767.0 -32767.0 -32767.0 -32767.0 -32767.0 -32767.0 -32767.0 -32767.0 -32767.0 -32767.0 -32767.0 -32767.0 -32767.0 -32767.0 -32767.0 -32767.0 -32767.0 -32767.0 -32767.0 -32767.0 -32767.0 -32767.0 -32767.0 -32767.0 -32767.0 -32767.0 -32767.0 -32767.0 -32767.0 -32767.0 -32767.0 -32767.0 31.361729 28.205917 27.990013 28.745968 28.733961 28.51397 29.31312 29.983301 28.974972 28.466307 29.216486 29.139984 29.159883 29.457108
-32767.0 -32767.0 -32767.0 -32767.0 -32767.0 -32767.0 -32767.0 -32767.0 -32767.0 -32767.0 -32767.0 -32767.0 -32767.0 -32767.0 -32767.0 -32767.0 -32767.0 -32767.0 -32767.0 -32767.0 -32767.0 -32767.0 -32767.0 -32767.0 -32767.0 -32767.0 -32767.0 -32767.0 -32767.0 -32767.0 -32767.0 -32767.0 -32767.0 -32767.0 -32767.0 -32767.0 -32767.0 -32767.0 -32767.0 -32767.0 -32767.0 -32767.0 -32767.0 -32767.0 -32767.0 -32767.0 -32767.0 29.05563 26.70419 28.090235 28.709578 29.507158 29.419937 29.317232 30.06638 28.878334 29.246395 29.607918 28.979982 29.224422 29.715855
-32767.0 -32767.0 -32767.0 -32767.0 -32767.0 -32767.0 -32767.0 -32767.0 -32767.0 -32767.0 -32767.0 -32767.0 -32767.0 -32767.0 -32767.0 -32767.0 -32767.0 -32767.0 -32767.0 -32767.0 -32767.0 -32767.0 -32767.0 -32767.0 -32767.0 -32767.0 -32767.0 -32767.0 -32767.0 -32767.0 -32767.0 -32767.0 -32767.0 -32767.0 -32767.0 -32767.0 -32767.0 -32767.0 -32767.0 -32767.0 -32767.0 -32767.0 -32767.0 -32767.0 -32767.0 31.59282 -32767.0 29.661047 27.290829 28.34854 28.705046 29.84607 30.158184 30.055407 30.147797 30.002176 30.020288 29.672659 28.370798 29.049711 29.751905
-32767.0 -32767.0 -32767.0 -32767.0 -32767.0 -32767.0 -32767.0 -32767.0 -32767.0 -32767.0 -32767.0 -32767.0 -32767.0 -32767.0 -32767.0 -32767.0 -32767.0 -32767.0 -32767.0 -32767.0 -32767.0 -32767.0 -32767.0 -32767.0 -32767.0 -32767.0 -32767.0 -32767.0 -32767.0 -32767.0 -32767.0 -32767.0 -32767.0 -32767.0 -32767.0 -32767.0 -32767.0 -32767.0 -32767.0 -32767.0 -32767.0 -32767.0 -32767.0 -32767.0 -32767.0 -32767.0 28.508856 27.232553 28.340376 28.774143 29.561256 30.557962 30.169641 29.946463 30.025507 30.164745 29.922075 29.919596 29.654593 30.3617 30.026936
-32767.0 -32767.0 -32767.0 -32767.0 -32767.0 -32767.0 -32767.0 -32767.0 -32767.0 -32767.0 -32767.0 -32767.0 -32767.0 -32767.0 -32767.0 -32767.0 -32767.0 -32767.0 -32767.0 -32767.0 -32767.0 -32767.0 -32767.0 -32767.0 -32767.0 -32767.0 -32767.0 -32767.0 -32767.0 -32767.0 -32767.0 -32767.0 -32767.0 -32767.0 -32767.0 -32767.0 -32767.0 -32767.0 -32767.0 -32767.0 -32767.0 -32767.0 -32767.0 -32767.0 29.503117 26.876581 27.252783 27.990553 28.659067 29.481049 30.112452 30.1177 -32767.0 -32767.0 -32767.0 -32767.0 30.057436 30.066883 30.292799 30.418718 30.079073
-32767.0 -32767.0 -32767.0 -32767.0 -32767.0 -32767.0 -32767.0 -32767.0 -32767.0 -32767.0 -32767.0 -32767.0 -32767.0 -32767.0 -32767.0 -32767.0 -32767.0 -32767.0 -32767.0 -32767.0 -32767.0 -32767.0 -32767.0 -32767.0 -32767.0 -32767.0 -32767.0 -32767.0 -32767.0 -32767.0 -32767.0 -32767.0 -32767.0 -32767.0 -32767.0 -32767.0 -32767.0 -32767.0 -32767.0 -32767.0 -32767.0 -32767.0 -32767.0 26.586002 26.677408 28.040718 28.662642 29.595507 29.17603 30.465504 30.49352 31.019934 -32767.0 -32767.0 -32767.0 -32767.0 30.04244 30.381136 30.518417 30.320612 30.04203
-32767.0 -32767.0 -32767.0 -32767.0 -32767.0 -32767.0 -32767.0 -32767.0 -32767.0 -32767.0 -32767.0 -32767.0 -32767.0 -32767.0 -32767.0 -32767.0 -32767.0 -32767.0 -32767.0 -32767.0 -32767.0 -32767.0 -32767.0 -32767.0 -32767.0 -32767.0 -32767.0 -32767.0 -32767.0 -32767.0 -32767.0 -32767.0 -32767.0 -32767.0 -32767.0 -32767.0 -32767.0 -32767.0 -32767.0 -32767.0 -32767.0 30.372894 30.297142 28.499765 28.75481 28.809792 29.578598 30.620539 30.874762 30.667253 31.453861 -32767.0 -32767.0 -32767.0 -32767.0 -32767.0 30.590935 30.733578 30.770216 30.383703 29.73977
-32767.0 -32767.0 -32767.0 -32767.0 -32767.0 -32767.0 -32767.0 -32767.0 -32767.0 -32767.0 -32767.0 -32767.0 -32767.0 -32767.0 -32767.0 -32767.0 -32767.0 -32767.0 -32767.0 -32767.0 -32767.0 -32767.0 -32767.0 -32767.0 -32767.0 -32767.0 -32767.0 -32767.0 -32767.0 -32767.0 -32767.0 -32767.0 -32767.0 -32767.0 -32767.0 -32767.0 -32767.0 -32767.0 -32767.0 -32767.0 -32767.0 27.846338 28.705349 28.629654 28.461342 29.84366 30.70935 30.836878 30.504444 31.976772 31.751324 -32767.0 -32767.0 -32767.0 -32767.0 30.916822 31.054281 30.957718 30.84496 30.399105 29.675226
-32767.0 -32767.0 -32767.0 -32767.0 -32767.0 -32767.0 -32767.0 -32767.0 -32767.0 -32767.0 -32767.0 -32767.0 -32767.0 -32767.0 -32767.0 -32767.0 -32767.0 -32767.0 -32767.0 -32767.0 -32767.0 -32767.0 -32767.0 -32767.0 -32767.0 -32767.0 -32767.0 -32767.0 -32767.0 -32767.0 -32767.0 -32767.0 -32767.0 -32767.0 -32767.0 -32767.0 -32767.0 -32767.0 -32767.0 29.083853 26.909922 26.968138 27.951344 27.341417 29.730959 30.482464 30.950588 31.069176 31.48359 32.186695 -32767.0 -32767.0 -32767.0 -32767.0 -32767.0 31.0215 30.929665 30.995634 30.846693 30.45769 29.710524
-32767.0 -32767.0 -32767.0 -32767.0 -32767.0 -32767.0 -32767.0 -32767.0 -32767.0 -32767.0 -32767.0 -32767.0 -32767.0 -32767.0 -32767.0 -32767.0 -32767.0 -32767.0 -32767.0 -32767.0 -32767.0 -32767.0 -32767.0 -32767.0 -32767.0 -32767.0 -32767.0 -32767.0 -32767.0 -32767.0 -32767.0 -32767.0 -32767.0 -32767.0 -32767.0 -32767.0 -32767.0 -32767.0 27.772638 25.849058 26.72445 27.266237 27.85052 27.23896 30.419483 30.944748 31.183628 30.861864 31.973383 32.244553 -32767.0 -32767.0 -32767.0 -32767.0 -32767.0 31.071827 30.982332 30.906694 30.809776 30.71441 29.668467
-32767.0 -32767.0 -32767.0 -32767.0 -32767.0 -32767.0 -32767.0 -32767.0 -32767.0 -32767.0 -32767.0 -32767.0 -32767.0 -32767.0 -32767.0 -32767.0 -32767.0 -32767.0 -32767.0 -32767.0 -32767.0 -32767.0 -32767.0 -32767.0 -32767.0 -32767.0 -32767.0 -32767.0 -32767.0 -32767.0 -32767.0 -32767.0 -32767.0 -32767.0 -32767.0 -32767.0 26.949194 25.971727 25.62334 24.95545 23.932583 25.290655 26.421968 28.977003 30.972399 31.375553 -32767.0 31.244091 31.322002 -32767.0 -32767.0 -32767.0 -32767.0 -32767.0 30.21799 31.136116 30.8697 30.840101 30.517017 30.698915 29.976036
-32767.0 -32767.0 -32767.0 -32767.0 -32767.0 -32767.0 -32767.0 -32767.0 -32767.0 -32767.0 -32767.0 -32767.0 -32767.0 -32767.0 -32767.0 -32767.0 -32767.0 -32767.0 -32767.0 -32767.0 -32767.0 -32767.0 -32767.0 -32767.0 -32767.0 -32767.0 -32767.0 -32767.0 -32767.0 -32767.0 -32767.0 -32767.0 -32767.0 -32767.0 -32767.0 25.640636 24.795769 25.092289 27.943495 27.856972 26.027142 27.20045 29.367285 29.876284 30.494007 31.896757 -32767.0 31.473345 31.105852 -32767.0 -32767.0 -32767.0 -32767.0 -32767.0 30.562744 30.794981 31.012499 30.5533 30.287811 30.49493 30.285246
-32767.0 -32767.0 -32767.0 -32767.0 -32767.0 -32767.0 -32767.0 -32767.0 -32767.0 -32767.0 -32767.0 -32767.0 -32767.0 -32767.0 -32767.0 -32767.0 -32767.0 -32767.0 -32767.0 -32767.0 -32767.0 -32767.0 -32767.0 -32767.0 -32767.0 -32767.0 -32767.0 -32767.0 -32767.0 -32767.0 -32767.0 -32767.0 -32767.0 -32767.0 -32767.0 27.254847 28.198162 28.865534 29.317356 29.568743 28.295158 28.945238 28.943232 29.77186 26.830173 30.187286 31.367376 31.271307 30.999165 -32767.0 -32767.0 -32767.0 -32767.0 -32767.0 30.78637 30.688862 30.871817 30.32423 30.201283 30.546598 30.408812
-32767.0 -32767.0 -32767.0 -32767.0 -32767.0 -32767.0 -32767.0 -32767.0 -32767.0 -32767.0 -32767.0 -32767.0 -32767.0 -32767.0 -32767.0 -32767.0 -32767.0 -32767.0 -32767.0 -32767.0 -32767.0 -32767.0 -32767.0 -32767.0 -32767.0 -32767.0 -32767.0 32.597107 -32767.0 29.52448 -32767.0 28.207745 28.43786 27.80212 28.018545 28.440598 28.92051 29.440413 29.86111 30.020779 29.877937 29.332884 30.316753 30.362873 30.16206 30.63053 31.257885 31.047935 30.91882 -32767.0 -32767.0 -32767.0 -32767.0 30.422602 30.842575 30.464113 30.63205 29.89997 29.984247 30.412024 30.481956
-32767.0 -32767.0 -32767.0 -32767.0 -32767.0 -32767.0 -32767.0 -32767.0 -32767.0 -32767.0 -32767.0 -32767.0 -32767.0 -32767.0 -32767.0 -32767.0 -32767.0 -32767.0 -32767.0 -32767.0 -32767.0 -32767.0 -32767.0 32.80657 -32767.0 -32767.0 26.402014 27.486559 27.971025 28.383253 28.688389 28.89617 29.17612 29.292788 29.718113 30.193377 30.52357 30.778687 30.830156 30.976242 30.710764 30.72268 30.861044 30.940165 31.247164 30.964796 30.888334 30.85271 30.866255 31.089619 -32767.0 -32767.0 29.619719 29.984673 30.53004 30.479506 30.479977 29.85754 29.865978 30.1443 30.533287
-32767.0 -32767.0 -32767.0 -32767.0 -32767.0 -32767.0 -32767.0 -32767.0 -32767.0 -32767.0 -32767.0 -32767.0 -32767.0 -32767.0 -32767.0 -32767.0 -32767.0 -32767.0 -32767.0 -32767.0 -32767.0 -32767.0 -32767.0 32.25912 32.93761 28.693533 28.66735 29.928837 30.713081 31.195337 31.354006 31.522928 31.542511 31.403692 31.470118 31.36219 31.297188 31.33404 31.288792 31.248919 31.137619 31.081135 31.04438 30.961145 30.918839 30.805973 30.748962 30.816507 30.726372 30.782398 30.945692 -32767.0 28.791653 30.099846 30.333052 30.316635 30.33905 29.938124 29.851196 30.025522 30.498026
-32767.0 -32767.0 -32767.0 -32767.0 -32767.0 -32767.0 -32767.0 -32767.0 -32767.0 -32767.0 -32767.0 -32767.0 -32767.0 -32767.0 -32767.0 -32767.0 -32767.0 -32767.0 -32767.0 -32767.0 33.38765 32.176064 31.570553 29.464273 27.965649 -32767.0 30.87616 31.690796 31.693476 31.527082 31.484581 31.376554 31.472708 31.52064 31.48042 31.400726 31.359953 31.295828 31.202307 31.159521 31.047802 30.914371 30.745148 30.743462 30.773592 30.796215 30.8068 30.797249 30.74117 30.788519 30.819902 -32767.0 29.518215 30.700169 30.150742 30.22247 30.27587 29.857113 29.94479 30.136171 30.34635
-32767.0 -32767.0 32.91465 -32767.0 -32767.0 -32767.0 -32767.0 -32767.0 -32767.0 -32767.0 -32767.0 -32767.0 -32767.0 -32767.0 -32767.0 -32767.0 32.84428 -32767.0 32.530926 31.756708 30.723577 28.154518 27.928513 28.55942 30.538794 31.43645 31.548214 31.425959 31.336878 31.426321 31.437567 31.43823 31.365227 31.269468 31.185963 31.101767 31.054205 31.031706 31.011003 30.912104 30.803122 30.642159 30.664148 30.536 30.705395 30.73384 30.630358 30.596777 30.478716 30.39127 30.528128 30.411362 30.146755 30.219273 30.116821 30.025919 30.308064 29.735695 29.942135 30.265152 30.118013
-32767.0 32.52796 32.53027 32.626553 32.929764 -32767.0 33.6249 33.286247 -32767.0 -32767.0 -32767.0 -32767.0 -32767.0 32.744965 31.886238 30.455868 30.048628 29.929625 30.23163 30.68487 30.74265 30.96581 31.305435 31.428587 31.373152 31.361847 31.311394 31.229366 31.237814 31.305777 31.251528 31.210123 31.095299 31.055359 31.038929 30.99349 30.913364 30.885075 30.795013 30.65831 30.596802 30.650375 30.610989 30.62673 30.594522 30.522318 30.210768 30.039616 30.352552 30.206606 29.996958 30.006388 30.16619 30.245127 30.285484 30.13995 30.508144 29.5751 29.716133 29.999012 29.713428
32.211506 31.073566 31.44964 31.809866 32.35252 32.785954 33.281796 33.584698 -32767.0 -32767.0 -32767.0 31.703695 30.485094 30.099663 30.070852 30.293358 30.333166 30.47574 30.59802 30.86388 31.083857 31.284124 31.331976 31.369068 31.319176 31.26183 31.282467 31.234774 31.228008 31.169676 31.121662 31.040194 31.048773 31.004938 30.955963 30.863142 30.774788 30.675247 30.66111 30.669226 30.677164 30.581026 30.587278 30.4967 30.457102 30.503407 30.466814 30.477085 30.31319 30.200895 30.325745 30.256384 30.237778 30.2939 30.309053 30.377848 29.915115 29.520021 29.604193 29.697245 29.60394
31.007784 31.776478 31.766085 31.56684 32.01018 32.560513 33.18539 -32767.0 -32767.0 32.36764 -32767.0 29.396015 29.99669 30.7539 30.782574 30.708761 30.615032 30.652689 30.834616 31.011461 31.205421 31.276436 31.190838 31.109331 31.114597 30.911377 30.975138 31.077038 31.174244 31.059715 31.003895 30.977306 31.000978 30.910767 30.845297 30.823261 30.712719 30.815071 30.725758 30.70539 30.541622 30.519772 30.377289 30.386253 30.389482 30.345509 30.438648 30.427874 30.331285 30.416218 30.513348 30.492956 30.338919 30.285023 30.46427 30.298029 29.645948 29.636292 29.567223 29.515226 29.556744
31.532463 31.453945 31.534552 31.753784 31.998999 32.427914 33.054626 33.669464 -32767.0 -32767.0 31.944962 30.924479 30.772705 31.080843 30.809807 30.730642 30.366373 30.647558 30.854315 30.786537 30.4948 30.379137 30.257265 30.497488 30.493177 30.603157 30.993792 31.10963 31.0493 30.9827 30.961874 30.98432 30.891508 30.786007 30.728737 31.082275 30.76088 30.584919 30.54397 30.455694 30.522495 30.368732 30.493195 30.409893 30.37536 30.315643 30.206747 30.345377 30.369057 30.394753 30.351942 30.359474 30.276037 30.269876 30.270153 30.012978 30.168243 30.124956 30.322735 30.013645 29.582664
31.291796 31.039024 31.224173 31.510775 31.915714 32.291187 32.106327 33.023132 -32767.0 -32767.0 31.919842 31.602947 31.429502 30.806948 30.153824 29.47925 29.184368 29.347462 29.577019 29.679173 29.848667 29.977669 30.213367 30.76817 30.903038 31.215448 31.163824 31.120605 30.973194 30.976141 30.924883 30.839346 30.765501 30.708431 30.606058 30.70149 30.562862 30.411745 30.41251 30.492685 30.227858 30.281199 30.314564 30.265312 30.263174 30.209677 30.203472 30.451193 30.262083 30.191662 30.09178 30.255323 30.209438 30.167353 30.23813 30.361984 -32767.0 30.34054 30.42142 30.449404 29.956884
31.058031 30.847881 30.874802 31.278858 31.769268 32.03404 32.15738 32.51622 32.568325 32.297012 31.556381 31.542353 31.740152 31.184317 29.51498 29.35489 29.648321 29.960701 30.086828 30.141844 30.092379 30.134605 30.396042 31.197285 31.293303 31.201794 31.07471 30.981926 31.05694 30.997839 30.952911 30.805853 30.707678 30.662027 30.58553 30.683235 30.518282 30.44607 30.421776 30.30247 30.347994 30.286049 30.140558 30.109571 30.126581 30.119383 30.129534 30.352472 30.245558 30.073494 30.043592 30.21934 30.158903 30.235643 30.168167 30.05695 30.34034 30.384563 30.5327 30.548737 30.41893
30.725533 30.660236 30.725859 31.004206 31.732582 32.203854 32.41065 32.561703 32.515614 -32767.0 -32767.0 -32767.0 31.240963 30.939577 29.46851 30.1822 30.930746 31.322165 31.296572 31.15672 31.067041 30.689167 30.54567 31.287235 31.186255 31.041054 30.948065 31.04809 31.049065 30.970474 30.906565 30.859982 30.830702 30.718506 30.546421 30.63442 30.544971 30.392334 30.314547 30.27679 30.294807 30.277897 30.191515 30.136633 30.077883 30.010874 30.31907 30.098646 29.943209 30.196594 30.14658 30.140383 29.999418 30.034906 30.289885 30.02499 29.96947 30.373156 30.50006 30.598988 30.259554
