static/data/thetao/2023/7/14/18.asc
ncols 137
nrows 93
xllcorner 108.0
yllcorner 17.0
cellsize 0.25
NODATA_value -32767
[rows 54 to 80 of 93, columns 0 to 60 of 137]
-32767.0 -32767.0 -32767.0 -32767.0 -32767.0 -32767.0 -32767.0 -32767.0 -32767.0 -32767.0 -32767.0 -32767.0 -32767.0 -32767.0 -32767.0 -32767.0 -32767.0 -32767.0 -32767.0 -32767.0 -32767.0 -32767.0 -32767.0 -32767.0 -32767.0 -32767.0 -32767.0 -32767.0 -32767.0 -32767.0 -32767.0 -32767.0 -32767.0 -32767.0 -32767.0 -32767.0 -32767.0 -32767.0 -32767.0 -32767.0 -32767.0 -32767.0 -32767.0 -32767.0 -32767.0 -32767.0 -32767.0 -32767.0 26.884588 26.371012 27.76774 27.743483 28.784924 29.199457 29.41879 29.38951 29.683767 29.073788 29.019278 29.178251 29.460087
-32767.0 -32767.0 -32767.0 -32767.0 -32767.0 -32767.0 -32767.0 -32767.0 -32767.0 -32767.0 -32767.0 -32767.0 -32767.0 -32767.0 -32767.0 -32767.0 -32767.0 -32767.0 -32767.0 -32767.0 -32767.0 -32767.0 -32767.0 -32767.0 -32767.0 -32767.0 -32767.0 -32767.0 -32767.0 -32767.0 -32767.0 -32767.0 -32767.0 -32767.0 -32767.0 -32767.0 -32767.0 -32767.0 -32767.0 -32767.0 -32767.0 -32767.0 -32767.0 -32767.0 -32767.0 -32767.0 -32767.0 31.057549 -32767.0 27.457767 27.938175 27.879705 28.341238 29.246277 29.732063 29.626638 28.5707 28.55173 28.778664 29.028423 29.095528
-32767.0 -32767.0 -32767.0 -32767.0 -32767.0 -32767.0 -32767.0 -32767.0 -32767.0 -32767.0 -32767.0 -32767.0 -32767.0 -32767.0 -32767.0 -32767.0 -32767.0 -32767.0 -32767.0 -32767.0 -32767.0 -32767.0 -32767.0 -32767.0 -32767.0 -32767.0 -32767.0 -32767.0 -32767.0 -32767.0 -32767.0 -32767.0 -32767.0 -32767.0 -32767.0 -32767.0 -32767.0 -32767.0 -32767.0 -32767.0 -32767.0 -32767.0 -32767.0 -32767.0 -32767.0 -32767.0 -32767.0 31.143204 27.464203 27.205269 28.084595 28.248005 28.467125 29.288153 29.919724 28.48241 28.391933 29.228916 28.861628 28.896128 29.19762
-32767.0 -32767.0 -32767.0 -32767.0 -32767.0 -32767.0 -32767.0 -32767.0 -32767.0 -32767.0 -32767.0 -32767.0 -32767.0 -32767.0 -32767.0 -32767.0 -32767.0 -32767.0 -32767.0 -32767.0 -32767.0 -32767.0 -32767.0 -32767.0 -32767.0 -32767.0 -32767.0 -32767.0 -32767.0 -32767.0 -32767.0 -32767.0 -32767.0 -32767.0 -32767.0 -32767.0 -32767.0 -32767.0 -32767.0 -32767.0 -32767.0 -32767.0 -32767.0 -32767.0 -32767.0 -32767.0 -32767.0 28.419579 25.536884 27.447247 28.0722 29.185005 29.29985 29.251144 29.935152 28.915722 29.35423 29.098389 28.10526 28.766775 29.403772
-32767.0 -32767.0 -32767.0 -32767.0 -32767.0 -32767.0 -32767.0 -32767.0 -32767.0 -32767.0 -32767.0 -32767.0 -32767.0 -32767.0 -32767.0 -32767.0 -32767.0 -32767.0 -32767.0 -32767.0 -32767.0 -32767.0 -32767.0 -32767.0 -32767.0 -32767.0 -32767.0 -32767.0 -32767.0 -32767.0 -32767.0 -32767.0 -32767.0 -32767.0 -32767.0 -32767.0 -32767.0 -32767.0 -32767.0 -32767.0 -32767.0 -32767.0 -32767.0 -32767.0 -32767.0 31.431562 -32767.0 29.481712 26.459352 27.816994 28.269585 29.688637 29.565039 29.76964 29.986788 29.865154 29.809473 29.342573 29.118935 29.549868 29.433414
-32767.0 -32767.0 -32767.0 -32767.0 -32767.0 -32767.0 -32767.0 -32767.0 -32767.0 -32767.0 -32767.0 -32767.0 -32767.0 -32767.0 -32767.0 -32767.0 -32767.0 -32767.0 -32767.0 -32767.0 -32767.0 -32767.0 -32767.0 -32767.0 -32767.0 -32767.0 -32767.0 -32767.0 -32767.0 -32767.0 -32767.0 -32767.0 -32767.0 -32767.0 -32767.0 -32767.0 -32767.0 -32767.0 -32767.0 -32767.0 -32767.0 -32767.0 -32767.0 -32767.0 -32767.0 -32767.0 28.188082 25.917667 27.566914 27.92389 29.313145 30.147282 29.866676 29.68782 29.797256 30.003687 29.781658 29.846712 29.666046 30.152967 29.982052
-32767.0 -32767.0 -32767.0 -32767.0 -32767.0 -32767.0 -32767.0 -32767.0 -32767.0 -32767.0 -32767.0 -32767.0 -32767.0 -32767.0 -32767.0 -32767.0 -32767.0 -32767.0 -32767.0 -32767.0 -32767.0 -32767.0 -32767.0 -32767.0 -32767.0 -32767.0 -32767.0 -32767.0 -32767.0 -32767.0 -32767.0 -32767.0 -32767.0 -32767.0 -32767.0 -32767.0 -32767.0 -32767.0 -32767.0 -32767.0 -32767.0 -32767.0 -32767.0 -32767.0 29.308695 26.508778 26.277185 27.296268 27.618647 28.898851 29.612652 29.788754 -32767.0 -32767.0 -32767.0 -32767.0 29.90533 29.792772 29.937294 30.074575 29.905695
-32767.0 -32767.0 -32767.0 -32767.0 -32767.0 -32767.0 -32767.0 -32767.0 -32767.0 -32767.0 -32767.0 -32767.0 -32767.0 -32767.0 -32767.0 -32767.0 -32767.0 -32767.0 -32767.0 -32767.0 -32767.0 -32767.0 -32767.0 -32767.0 -32767.0 -32767.0 -32767.0 -32767.0 -32767.0 -32767.0 -32767.0 -32767.0 -32767.0 -32767.0 -32767.0 -32767.0 -32767.0 -32767.0 -32767.0 -32767.0 -32767.0 -32767.0 -32767.0 26.382599 26.511341 27.852798 27.775036 28.589792 28.739542 29.76488 29.995796 30.936487 -32767.0 -32767.0 -32767.0 -32767.0 29.817202 30.091824 30.413954 30.078897 29.85501
-32767.0 -32767.0 -32767.0 -32767.0 -32767.0 -32767.0 -32767.0 -32767.0 -32767.0 -32767.0 -32767.0 -32767.0 -32767.0 -32767.0 -32767.0 -32767.0 -32767.0 -32767.0 -32767.0 -32767.0 -32767.0 -32767.0 -32767.0 -32767.0 -32767.0 -32767.0 -32767.0 -32767.0 -32767.0 -32767.0 -32767.0 -32767.0 -32767.0 -32767.0 -32767.0 -32767.0 -32767.0 -32767.0 -32767.0 -32767.0 -32767.0 30.201153 30.173101 28.154806 28.08526 28.516378 29.254492 29.91536 30.0647 29.783684 30.761929 -32767.0 -32767.0 -32767.0 -32767.0 -32767.0 30.46529 30.70354 30.572628 30.220911 29.547503
-32767.0 -32767.0 -32767.0 -32767.0 -32767.0 -32767.0 -32767.0 -32767.0 -32767.0 -32767.0 -32767.0 -32767.0 -32767.0 -32767.0 -32767.0 -32767.0 -32767.0 -32767.0 -32767.0 -32767.0 -32767.0 -32767.0 -32767.0 -32767.0 -32767.0 -32767.0 -32767.0 -32767.0 -32767.0 -32767.0 -32767.0 -32767.0 -32767.0 -32767.0 -32767.0 -32767.0 -32767.0 -32767.0 -32767.0 -32767.0 -32767.0 27.776873 28.36772 27.731667 28.742086 29.611273 30.429388 30.344765 29.562548 31.356081 31.651117 -32767.0 -32767.0 -32767.0 -32767.0 30.513338 30.669981 30.660227 30.664808 30.242939 29.42743
-32767.0 -32767.0 -32767.0 -32767.0 -32767.0 -32767.0 -32767.0 -32767.0 -32767.0 -32767.0 -32767.0 -32767.0 -32767.0 -32767.0 -32767.0 -32767.0 -32767.0 -32767.0 -32767.0 -32767.0 -32767.0 -32767.0 -32767.0 -32767.0 -32767.0 -32767.0 -32767.0 -32767.0 -32767.0 -32767.0 -32767.0 -32767.0 -32767.0 -32767.0 -32767.0 -32767.0 -32767.0 -32767.0 -32767.0 28.967278 27.241879 26.80504 27.817581 26.587997 29.614662 30.23909 30.584656 30.17706 31.268246 31.896408 -32767.0 -32767.0 -32767.0 -32767.0 -32767.0 30.45094 30.609903 30.809809 30.662336 30.330929 29.46107
-32767.0 -32767.0 -32767.0 -32767.0 -32767.0 -32767.0 -32767.0 -32767.0 -32767.0 -32767.0 -32767.0 -32767.0 -32767.0 -32767.0 -32767.0 -32767.0 -32767.0 -32767.0 -32767.0 -32767.0 -32767.0 -32767.0 -32767.0 -32767.0 -32767.0 -32767.0 -32767.0 -32767.0 -32767.0 -32767.0 -32767.0 -32767.0 -32767.0 -32767.0 -32767.0 -32767.0 -32767.0 -32767.0 27.520317 25.847569 26.217104 27.04808 27.306484 26.513973 30.233099 30.809383 30.857094 30.17125 31.844017 32.10878 -32767.0 -32767.0 -32767.0 -32767.0 -32767.0 30.663095 30.672287 30.643106 30.532114 30.599276 29.461754
-32767.0 -32767.0 -32767.0 -32767.0 -32767.0 -32767.0 -32767.0 -32767.0 -32767.0 -32767.0 -32767.0 -32767.0 -32767.0 -32767.0 -32767.0 -32767.0 -32767.0 -32767.0 -32767.0 -32767.0 -32767.0 -32767.0 -32767.0 -32767.0 -32767.0 -32767.0 -32767.0 -32767.0 -32767.0 -32767.0 -32767.0 -32767.0 -32767.0 -32767.0 -32767.0 -32767.0 26.64768 25.976992 25.496681 24.336535 23.815228 24.750315 25.976389 28.806137 30.695467 31.150017 -32767.0 31.14848 31.20118 -32767.0 -32767.0 -32767.0 -32767.0 -32767.0 29.241167 30.560148 30.68082 30.696579 30.190176 30.438442 29.844263
-32767.0 -32767.0 -32767.0 -32767.0 -32767.0 -32767.0 -32767.0 -32767.0 -32767.0 -32767.0 -32767.0 -32767.0 -32767.0 -32767.0 -32767.0 -32767.0 -32767.0 -32767.0 -32767.0 -32767.0 -32767.0 -32767.0 -32767.0 -32767.0 -32767.0 -32767.0 -32767.0 -32767.0 -32767.0 -32767.0 -32767.0 -32767.0 -32767.0 -32767.0 -32767.0 25.350399 24.388893 24.993746 27.721249 28.097668 25.99831 27.13694 29.088379 29.513016 30.059895 31.672157 -32767.0 31.242601 30.882616 -32767.0 -32767.0 -32767.0 -32767.0 -32767.0 30.134628 30.526337 30.744114 30.427553 30.097776 30.260416 30.18387
-32767.0 -32767.0 -32767.0 -32767.0 -32767.0 -32767.0 -32767.0 -32767.0 -32767.0 -32767.0 -32767.0 -32767.0 -32767.0 -32767.0 -32767.0 -32767.0 -32767.0 -32767.0 -32767.0 -32767.0 -32767.0 -32767.0 -32767.0 -32767.0 -32767.0 -32767.0 -32767.0 -32767.0 -32767.0 -32767.0 -32767.0 -32767.0 -32767.0 -32767.0 -32767.0 26.74967 27.914438 28.594477 29.02667 29.220797 28.112343 28.637215 28.847801 29.05269 26.746626 29.002697 31.132355 31.123652 30.726536 -32767.0 -32767.0 -32767.0 -32767.0 -32767.0 30.770401 30.533949 30.657757 30.101105 29.971958 30.325327 30.285717
-32767.0 -32767.0 -32767.0 -32767.0 -32767.0 -32767.0 -32767.0 -32767.0 -32767.0 -32767.0 -32767.0 -32767.0 -32767.0 -32767.0 -32767.0 -32767.0 -32767.0 -32767.0 -32767.0 -32767.0 -32767.0 -32767.0 -32767.0 -32767.0 -32767.0 -32767.0 -32767.0 32.28396 -32767.0 29.054432 -32767.0 27.808796 28.443487 27.628223 27.844263 28.26879 28.683035 29.16146 29.575413 29.752764 29.507187 29.094664 30.186388 30.218779 30.028322 30.542692 31.061035 30.84523 30.756613 -32767.0 -32767.0 -32767.0 -32767.0 30.107172 30.605694 30.318165 30.481531 29.84299 29.846214 30.24686 30.351793
-32767.0 -32767.0 -32767.0 -32767.0 -32767.0 -32767.0 -32767.0 -32767.0 -32767.0 -32767.0 -32767.0 -32767.0 -32767.0 -32767.0 -32767.0 -32767.0 -32767.0 -32767.0 -32767.0 -32767.0 -32767.0 -32767.0 -32767.0 32.668407 -32767.0 -32767.0 26.186121 26.568737 27.593641 27.919302 28.285192 28.570116 28.782772 29.008608 29.395657 29.898645 30.252314 30.678694 30.666626 30.792635 30.468596 30.347912 30.725052 30.958443 31.0475 30.800741 30.76576 30.759743 30.741018 30.789722 -32767.0 -32767.0 29.425455 29.618168 30.466604 30.398512 30.34531 29.797728 29.785973 30.021856 30.436058
-32767.0 -32767.0 -32767.0 -32767.0 -32767.0 -32767.0 -32767.0 -32767.0 -32767.0 -32767.0 -32767.0 -32767.0 -32767.0 -32767.0 -32767.0 -32767.0 -32767.0 -32767.0 -32767.0 -32767.0 -32767.0 -32767.0 -32767.0 32.116253 32.75541 28.667837 27.96776 29.503801 30.369715 30.878643 31.09763 31.203344 31.182852 31.056 31.135015 31.190231 31.076647 31.094698 31.061369 31.04555 30.8956 30.843414 30.841959 30.8288 30.710608 30.67088 30.594158 30.610552 30.570177 30.62369 30.702759 -32767.0 28.646397 30.146975 30.289303 30.270521 30.149397 29.949871 29.781195 29.942997 30.439995
-32767.0 -32767.0 -32767.0 -32767.0 -32767.0 -32767.0 -32767.0 -32767.0 -32767.0 -32767.0 -32767.0 -32767.0 -32767.0 -32767.0 -32767.0 -32767.0 -32767.0 -32767.0 -32767.0 -32767.0 33.219448 31.96805 31.383749 29.369057 27.674076 -32767.0 30.477684 31.271217 31.250671 31.09992 31.04422 30.996202 31.076391 31.21604 31.255342 31.16512 31.109066 31.026121 30.913889 30.935545 30.863974 30.75787 30.570004 30.589872 30.657812 30.697445 30.613333 30.67764 30.597775 30.661606 30.638603 -32767.0 29.689735 30.474 29.688656 30.02944 30.01946 29.899376 29.882507 30.059433 30.315649
-32767.0 -32767.0 32.80469 -32767.0 -32767.0 -32767.0 -32767.0 -32767.0 -32767.0 -32767.0 -32767.0 -32767.0 -32767.0 -32767.0 -32767.0 -32767.0 32.680656 -32767.0 32.39097 31.335548 29.984472 27.999117 27.800001 28.382738 30.110195 31.028862 31.107504 30.995775 30.955952 30.984564 31.020374 31.093357 31.075119 31.040577 30.980192 30.881657 30.824236 30.764372 30.746489 30.707336 30.61815 30.510435 30.545345 30.422064 30.61186 30.674234 30.543655 30.458416 30.297348 30.238756 30.394598 30.324768 30.054253 30.130537 30.167158 29.949715 30.100552 29.732124 29.884548 30.222406 30.100548
-32767.0 32.25178 32.281147 32.453907 32.796463 -32767.0 33.482277 33.134094 -32767.0 -32767.0 -32767.0 -32767.0 -32767.0 32.61979 31.707165 30.172337 29.728065 29.59897 29.86562 30.26591 30.228174 30.447166 30.809118 30.953531 30.916258 30.968254 30.955114 30.884005 30.935947 31.008303 30.970701 30.977497 30.900211 30.883112 30.843958 30.777506 30.682152 30.61709 30.580456 30.497118 30.499735 30.527958 30.518745 30.52411 30.491327 30.393684 30.001532 29.974302 30.29201 29.93993 29.979847 30.015438 29.951862 30.108099 30.214695 30.082937 30.411217 29.513195 29.688025 30.00577 29.681553
31.86395 30.761963 30.996834 31.369196 31.964499 32.39127 32.944653 33.43444 -32767.0 -32767.0 -32767.0 31.565506 30.20209 29.767601 29.80878 29.998579 30.00016 30.04212 30.131859 30.300001 30.502785 30.727674 30.790928 30.890053 30.92413 30.888165 30.93821 30.934046 30.977112 30.942112 30.92817 30.858128 30.872478 30.827051 30.785881 30.675545 30.574173 30.462757 30.54088 30.57661 30.578526 30.477602 30.456097 30.381813 30.391562 30.371607 30.366669 30.350843 30.156849 30.163006 30.349558 30.365387 30.272982 30.205105 30.257494 30.320406 29.836323 29.441692 29.526407 29.721823 29.54808
30.74073 31.320814 31.431446 31.220394 31.252047 31.977438 32.83557 -32767.0 -32767.0 32.25174 -32767.0 29.223665 29.690004 30.367754 30.426985 30.282288 30.144007 30.14201 30.269053 30.454565 30.64321 30.730892 30.795458 30.66017 30.707167 30.48407 30.689886 30.858501 30.970081 30.88779 30.856613 30.831055 30.835352 30.75209 30.702421 30.637877 30.520517 30.61017 30.610926 30.622124 30.438818 30.407938 30.27855 30.31155 30.267342 30.269152 30.370438 30.300182 30.18788 30.328745 30.400764 30.307648 30.22844 30.219076 30.385265 30.177332 29.550726 29.566175 29.543991 29.436094 29.494081
31.170313 31.101826 31.20047 31.378511 31.315838 31.767422 32.66959 33.52819 -32767.0 -32767.0 31.774393 30.733059 30.51993 30.773516 30.417583 30.210491 29.772646 29.966206 30.162766 30.108395 29.807657 29.800362 29.822903 30.200111 30.225092 30.296225 30.784582 30.940706 30.886356 30.8457 30.834389 30.866373 30.758902 30.676014 30.608498 30.828962 30.596247 30.45085 30.442118 30.344728 30.417562 30.271545 30.363684 30.281612 30.264948 30.181465 30.061115 30.238392 30.25393 30.25501 30.098824 30.193937 30.19074 30.210268 30.212166 29.960262 30.094679 30.070187 30.200191 30.162127 29.515358
31.000654 30.746902 30.92254 31.199596 31.517519 31.628218 31.729088 32.816658 -32767.0 -32767.0 31.743137 31.43822 31.237219 30.411581 29.681553 28.758913 28.382238 28.554771 28.817759 29.088247 29.299505 29.621035 29.919056 30.527792 30.687317 31.012533 30.983852 30.931767 30.82651 30.866053 30.831364 30.731045 30.658455 30.594526 30.50867 30.586946 30.442282 30.278555 30.309647 30.36036 30.105738 30.175514 30.185022 30.109907 30.129171 30.07471 30.099625 30.336658 30.159136 30.116776 30.069426 30.168598 30.11502 29.978039 30.09829 30.294954 -32767.0 30.236988 30.329395 30.310213 30.072763
30.862791 30.662624 30.637726 31.044767 31.45026 31.580296 31.77864 32.300175 32.41947 32.13278 31.466986 31.39206 31.546534 30.74802 29.009731 28.883698 29.121748 29.376705 29.644974 29.809704 29.711348 29.870914 30.110918 31.041557 31.057173 30.997412 30.896671 30.823454 30.912502 30.873901 30.839596 30.703495 30.617489 30.54226 30.476145 30.534163 30.371815 30.325937 30.291496 30.154821 30.217495 30.11152 29.995512 29.988379 30.009539 29.997389 30.045036 30.204838 30.057917 29.940584 30.030128 30.09916 29.98726 30.148891 30.127125 29.900448 30.135801 30.290432 30.428545 30.453754 30.399113
30.553589 30.519766 30.55606 30.815199 31.491663 31.798275 32.101814 32.458115 32.304802 -32767.0 -32767.0 -32767.0 31.119995 30.584024 29.115372 29.876335 30.591965 30.870771 30.928864 30.891592 30.815058 30.40247 30.368961 31.076654 30.99271 30.862755 30.783312 30.904678 30.916529 30.862837 30.801437 30.764862 30.74944 30.568796 30.43045 30.492388 30.385519 30.254948 30.12898 30.151918 30.153883 30.134672 30.050413 30.012812 29.956232 29.893456 30.200718 29.85693 29.88281 30.108627 30.049963 29.967983 29.862665 29.738447 30.175386 29.938723 29.757946 30.273542 30.443222 30.527573 30.26393
