static/data/thetao/2023/7/14/6.asc
ncols 137
nrows 93
xllcorner 108.0
yllcorner 17.0
cellsize 0.25
NODATA_value -32767
[rows 54 to 80 of 93, columns 0 to 60 of 137]
-32767.0 -32767.0 -32767.0 -32767.0 -32767.0 -32767.0 -32767.0 -32767.0 -32767.0 -32767.0 -32767.0 -32767.0 -32767.0 -32767.0 -32767.0 -32767.0 -32767.0 -32767.0 -32767.0 -32767.0 -32767.0 -32767.0 -32767.0 -32767.0 -32767.0 -32767.0 -32767.0 -32767.0 -32767.0 -32767.0 -32767.0 -32767.0 -32767.0 -32767.0 -32767.0 -32767.0 -32767.0 -32767.0 -32767.0 -32767.0 -32767.0 -32767.0 -32767.0 -32767.0 -32767.0 -32767.0 -32767.0 -32767.0 27.040575 26.56354 28.185799 27.761738 29.74555 29.443886 29.51538 29.592432 29.856672 29.43197 29.302755 29.534843 29.678205
-32767.0 -32767.0 -32767.0 -32767.0 -32767.0 -32767.0 -32767.0 -32767.0 -32767.0 -32767.0 -32767.0 -32767.0 -32767.0 -32767.0 -32767.0 -32767.0 -32767.0 -32767.0 -32767.0 -32767.0 -32767.0 -32767.0 -32767.0 -32767.0 -32767.0 -32767.0 -32767.0 -32767.0 -32767.0 -32767.0 -32767.0 -32767.0 -32767.0 -32767.0 -32767.0 -32767.0 -32767.0 -32767.0 -32767.0 -32767.0 -32767.0 -32767.0 -32767.0 -32767.0 -32767.0 -32767.0 -32767.0 31.237661 -32767.0 28.583792 28.550976 28.80717 29.713177 29.662128 29.913706 29.98818 28.933659 28.823782 29.13193 29.282963 29.314444
-32767.0 -32767.0 -32767.0 -32767.0 -32767.0 -32767.0 -32767.0 -32767.0 -32767.0 -32767.0 -32767.0 -32767.0 -32767.0 -32767.0 -32767.0 -32767.0 -32767.0 -32767.0 -32767.0 -32767.0 -32767.0 -32767.0 -32767.0 -32767.0 -32767.0 -32767.0 -32767.0 -32767.0 -32767.0 -32767.0 -32767.0 -32767.0 -32767.0 -32767.0 -32767.0 -32767.0 -32767.0 -32767.0 -32767.0 -32767.0 -32767.0 -32767.0 -32767.0 -32767.0 -32767.0 -32767.0 -32767.0 31.33377 28.312855 28.237156 28.812405 29.260605 29.507254 29.840675 30.061043 29.072361 28.563755 29.44593 29.270334 29.31769 29.498459
-32767.0 -32767.0 -32767.0 -32767.0 -32767.0 -32767.0 -32767.0 -32767.0 -32767.0 -32767.0 -32767.0 -32767.0 -32767.0 -32767.0 -32767.0 -32767.0 -32767.0 -32767.0 -32767.0 -32767.0 -32767.0 -32767.0 -32767.0 -32767.0 -32767.0 -32767.0 -32767.0 -32767.0 -32767.0 -32767.0 -32767.0 -32767.0 -32767.0 -32767.0 -32767.0 -32767.0 -32767.0 -32767.0 -32767.0 -32767.0 -32767.0 -32767.0 -32767.0 -32767.0 -32767.0 -32767.0 -32767.0 28.896254 27.525858 28.180857 28.93751 29.51712 29.67465 29.609781 30.27361 29.30443 29.230385 29.728733 29.333017 29.618856 29.88499
-32767.0 -32767.0 -32767.0 -32767.0 -32767.0 -32767.0 -32767.0 -32767.0 -32767.0 -32767.0 -32767.0 -32767.0 -32767.0 -32767.0 -32767.0 -32767.0 -32767.0 -32767.0 -32767.0 -32767.0 -32767.0 -32767.0 -32767.0 -32767.0 -32767.0 -32767.0 -32767.0 -32767.0 -32767.0 -32767.0 -32767.0 -32767.0 -32767.0 -32767.0 -32767.0 -32767.0 -32767.0 -32767.0 -32767.0 -32767.0 -32767.0 -32767.0 -32767.0 -32767.0 -32767.0 31.546736 -32767.0 29.725409 27.40906 28.54201 28.720993 29.985434 30.522999 30.217188 30.543915 30.211906 30.228367 29.91449 28.740883 29.440111 29.964651
-32767.0 -32767.0 -32767.0 -32767.0 -32767.0 -32767.0 -32767.0 -32767.0 -32767.0 -32767.0 -32767.0 -32767.0 -32767.0 -32767.0 -32767.0 -32767.0 -32767.0 -32767.0 -32767.0 -32767.0 -32767.0 -32767.0 -32767.0 -32767.0 -32767.0 -32767.0 -32767.0 -32767.0 -32767.0 -32767.0 -32767.0 -32767.0 -32767.0 -32767.0 -32767.0 -32767.0 -32767.0 -32767.0 -32767.0 -32767.0 -32767.0 -32767.0 -32767.0 -32767.0 -32767.0 -32767.0 28.536936 27.27883 28.191742 29.389051 29.905033 30.719074 30.474777 30.20049 30.362831 30.2954 29.989145 30.163168 29.502731 29.714079 30.012764
-32767.0 -32767.0 -32767.0 -32767.0 -32767.0 -32767.0 -32767.0 -32767.0 -32767.0 -32767.0 -32767.0 -32767.0 -32767.0 -32767.0 -32767.0 -32767.0 -32767.0 -32767.0 -32767.0 -32767.0 -32767.0 -32767.0 -32767.0 -32767.0 -32767.0 -32767.0 -32767.0 -32767.0 -32767.0 -32767.0 -32767.0 -32767.0 -32767.0 -32767.0 -32767.0 -32767.0 -32767.0 -32767.0 -32767.0 -32767.0 -32767.0 -32767.0 -32767.0 -32767.0 29.477804 26.843212 27.484169 28.279026 28.995415 30.026857 30.770166 30.68225 -32767.0 -32767.0 -32767.0 -32767.0 30.285011 30.261778 30.609533 30.428976 29.9966
-32767.0 -32767.0 -32767.0 -32767.0 -32767.0 -32767.0 -32767.0 -32767.0 -32767.0 -32767.0 -32767.0 -32767.0 -32767.0 -32767.0 -32767.0 -32767.0 -32767.0 -32767.0 -32767.0 -32767.0 -32767.0 -32767.0 -32767.0 -32767.0 -32767.0 -32767.0 -32767.0 -32767.0 -32767.0 -32767.0 -32767.0 -32767.0 -32767.0 -32767.0 -32767.0 -32767.0 -32767.0 -32767.0 -32767.0 -32767.0 -32767.0 -32767.0 -32767.0 26.51893 26.68699 28.059046 29.188839 29.740137 29.918633 30.830101 30.996164 31.051914 -32767.0 -32767.0 -32767.0 -32767.0 30.300335 30.698845 30.56297 30.377808 29.968489
-32767.0 -32767.0 -32767.0 -32767.0 -32767.0 -32767.0 -32767.0 -32767.0 -32767.0 -32767.0 -32767.0 -32767.0 -32767.0 -32767.0 -32767.0 -32767.0 -32767.0 -32767.0 -32767.0 -32767.0 -32767.0 -32767.0 -32767.0 -32767.0 -32767.0 -32767.0 -32767.0 -32767.0 -32767.0 -32767.0 -32767.0 -32767.0 -32767.0 -32767.0 -32767.0 -32767.0 -32767.0 -32767.0 -32767.0 -32767.0 -32767.0 30.654629 30.446493 28.878489 29.021973 28.799019 29.91737 30.669786 30.9017 30.86102 31.603859 -32767.0 -32767.0 -32767.0 -32767.0 -32767.0 30.77191 30.90026 30.795172 30.283533 29.733725
-32767.0 -32767.0 -32767.0 -32767.0 -32767.0 -32767.0 -32767.0 -32767.0 -32767.0 -32767.0 -32767.0 -32767.0 -32767.0 -32767.0 -32767.0 -32767.0 -32767.0 -32767.0 -32767.0 -32767.0 -32767.0 -32767.0 -32767.0 -32767.0 -32767.0 -32767.0 -32767.0 -32767.0 -32767.0 -32767.0 -32767.0 -32767.0 -32767.0 -32767.0 -32767.0 -32767.0 -32767.0 -32767.0 -32767.0 -32767.0 -32767.0 28.050734 28.791752 28.713701 28.195366 29.99899 30.728971 30.385286 30.816748 31.669857 31.871012 -32767.0 -32767.0 -32767.0 -32767.0 31.128561 31.168076 31.100887 30.869772 30.372835 29.800049
-32767.0 -32767.0 -32767.0 -32767.0 -32767.0 -32767.0 -32767.0 -32767.0 -32767.0 -32767.0 -32767.0 -32767.0 -32767.0 -32767.0 -32767.0 -32767.0 -32767.0 -32767.0 -32767.0 -32767.0 -32767.0 -32767.0 -32767.0 -32767.0 -32767.0 -32767.0 -32767.0 -32767.0 -32767.0 -32767.0 -32767.0 -32767.0 -32767.0 -32767.0 -32767.0 -32767.0 -32767.0 -32767.0 -32767.0 29.365921 26.613377 26.999826 27.93601 26.89042 29.810854 30.556187 31.147667 31.245699 32.325607 32.49909 -32767.0 -32767.0 -32767.0 -32767.0 -32767.0 31.926922 31.439514 31.049894 30.984453 30.427225 29.843616
-32767.0 -32767.0 -32767.0 -32767.0 -32767.0 -32767.0 -32767.0 -32767.0 -32767.0 -32767.0 -32767.0 -32767.0 -32767.0 -32767.0 -32767.0 -32767.0 -32767.0 -32767.0 -32767.0 -32767.0 -32767.0 -32767.0 -32767.0 -32767.0 -32767.0 -32767.0 -32767.0 -32767.0 -32767.0 -32767.0 -32767.0 -32767.0 -32767.0 -32767.0 -32767.0 -32767.0 -32767.0 -32767.0 28.312784 26.151377 27.043879 27.053335 27.536226 27.32979 30.639324 31.052765 31.154106 30.938026 32.154373 32.22641 -32767.0 -32767.0 -32767.0 -32767.0 -32767.0 31.448898 31.184454 31.125433 30.956844 30.651016 29.780928
-32767.0 -32767.0 -32767.0 -32767.0 -32767.0 -32767.0 -32767.0 -32767.0 -32767.0 -32767.0 -32767.0 -32767.0 -32767.0 -32767.0 -32767.0 -32767.0 -32767.0 -32767.0 -32767.0 -32767.0 -32767.0 -32767.0 -32767.0 -32767.0 -32767.0 -32767.0 -32767.0 -32767.0 -32767.0 -32767.0 -32767.0 -32767.0 -32767.0 -32767.0 -32767.0 -32767.0 27.68585 27.217255 26.4503 25.045721 24.574135 25.657513 26.951572 29.033518 31.181725 31.120667 -32767.0 31.141603 31.345705 -32767.0 -32767.0 -32767.0 -32767.0 -32767.0 30.97228 31.323317 31.043438 30.941177 30.688278 30.826712 29.961437
-32767.0 -32767.0 -32767.0 -32767.0 -32767.0 -32767.0 -32767.0 -32767.0 -32767.0 -32767.0 -32767.0 -32767.0 -32767.0 -32767.0 -32767.0 -32767.0 -32767.0 -32767.0 -32767.0 -32767.0 -32767.0 -32767.0 -32767.0 -32767.0 -32767.0 -32767.0 -32767.0 -32767.0 -32767.0 -32767.0 -32767.0 -32767.0 -32767.0 -32767.0 -32767.0 26.231607 25.269085 25.856554 28.016962 27.477179 26.185 27.528057 29.861162 29.888449 30.380072 31.681608 -32767.0 31.6441 31.15334 -32767.0 -32767.0 -32767.0 -32767.0 -32767.0 30.953264 31.06206 31.00351 30.741543 30.438778 30.61178 30.242783
-32767.0 -32767.0 -32767.0 -32767.0 -32767.0 -32767.0 -32767.0 -32767.0 -32767.0 -32767.0 -32767.0 -32767.0 -32767.0 -32767.0 -32767.0 -32767.0 -32767.0 -32767.0 -32767.0 -32767.0 -32767.0 -32767.0 -32767.0 -32767.0 -32767.0 -32767.0 -32767.0 -32767.0 -32767.0 -32767.0 -32767.0 -32767.0 -32767.0 -32767.0 -32767.0 27.519056 28.625174 29.012918 29.391094 29.471722 28.270184 29.155027 29.116331 29.948853 26.612896 28.97318 31.407663 31.326271 31.159933 -32767.0 -32767.0 -32767.0 -32767.0 -32767.0 30.847502 30.927649 30.997208 30.385963 30.375029 30.678682 30.472303
-32767.0 -32767.0 -32767.0 -32767.0 -32767.0 -32767.0 -32767.0 -32767.0 -32767.0 -32767.0 -32767.0 -32767.0 -32767.0 -32767.0 -32767.0 -32767.0 -32767.0 -32767.0 -32767.0 -32767.0 -32767.0 -32767.0 -32767.0 -32767.0 -32767.0 -32767.0 -32767.0 32.914658 -32767.0 29.993252 -32767.0 28.978695 28.863771 28.05379 28.185116 28.795984 29.132534 29.485203 29.804144 29.909838 29.86057 29.300272 30.346598 30.15266 29.917751 30.710712 31.265911 31.115173 31.011219 -32767.0 -32767.0 -32767.0 -32767.0 30.339808 30.93508 30.633982 30.867495 30.054623 30.118147 30.544779 30.528318
-32767.0 -32767.0 -32767.0 -32767.0 -32767.0 -32767.0 -32767.0 -32767.0 -32767.0 -32767.0 -32767.0 -32767.0 -32767.0 -32767.0 -32767.0 -32767.0 -32767.0 -32767.0 -32767.0 -32767.0 -32767.0 -32767.0 -32767.0 32.75499 -32767.0 -32767.0 26.62224 28.310905 28.594383 29.14885 29.240904 29.482876 29.699171 29.908182 30.082478 30.280125 30.547426 30.531061 30.715313 30.829239 30.639156 30.687939 30.764462 30.770405 31.062979 30.904024 30.854786 30.881685 30.905087 31.145247 -32767.0 -32767.0 29.655125 30.36147 30.503572 30.630043 30.719751 29.957663 29.913311 30.200356 30.457354
-32767.0 -32767.0 -32767.0 -32767.0 -32767.0 -32767.0 -32767.0 -32767.0 -32767.0 -32767.0 -32767.0 -32767.0 -32767.0 -32767.0 -32767.0 -32767.0 -32767.0 -32767.0 -32767.0 -32767.0 -32767.0 -32767.0 -32767.0 32.28056 33.04154 28.788572 29.195736 30.594181 31.153053 31.556805 31.620703 31.700354 31.665432 31.438234 31.424843 31.277212 31.195892 31.269999 31.218025 31.18073 31.098587 31.043442 31.018475 31.015284 30.913628 30.839209 30.756855 30.850826 30.785603 30.850616 31.233746 -32767.0 29.014038 30.120327 30.440409 30.35623 30.530163 29.871304 29.887602 30.060083 30.404177
-32767.0 -32767.0 -32767.0 -32767.0 -32767.0 -32767.0 -32767.0 -32767.0 -32767.0 -32767.0 -32767.0 -32767.0 -32767.0 -32767.0 -32767.0 -32767.0 -32767.0 -32767.0 -32767.0 -32767.0 33.392227 32.23652 31.737247 29.607843 27.975178 -32767.0 31.117035 31.837542 31.77772 31.575977 31.59085 31.464695 31.417109 31.405054 31.372522 31.291037 31.252861 31.20176 31.131187 31.11987 31.014553 30.896938 30.757935 30.786682 30.834116 30.818844 30.855522 30.845097 30.819956 31.041271 31.30218 -32767.0 29.33126 30.779556 30.370935 30.366337 30.484232 29.855062 29.94962 30.182835 30.324978
-32767.0 -32767.0 32.82061 -32767.0 -32767.0 -32767.0 -32767.0 -32767.0 -32767.0 -32767.0 -32767.0 -32767.0 -32767.0 -32767.0 -32767.0 -32767.0 32.864212 -32767.0 32.478886 32.220486 31.636559 28.270485 28.015352 28.764425 30.650362 31.45034 31.533085 31.364893 31.189104 31.280796 31.324228 31.303818 31.214582 31.137001 31.073198 30.990557 30.966215 31.000805 31.01236 30.927006 30.828424 30.692373 30.72267 30.580215 30.745682 30.751078 30.675907 30.690166 30.673887 30.629635 30.613617 30.501791 30.221672 30.096926 30.033215 30.2184 30.476917 29.739271 29.929577 30.268164 30.02427
-32767.0 32.379658 32.428196 32.516514 32.84331 -32767.0 33.643566 33.385586 -32767.0 -32767.0 -32767.0 -32767.0 -32767.0 32.752243 32.071365 30.61792 30.464258 30.334349 30.532166 30.85184 30.883566 31.013653 31.224203 31.306656 31.260742 31.258972 31.19005 31.084919 31.063257 31.12916 31.107872 31.080452 30.990364 30.950577 30.959143 30.929533 30.902542 30.937645 30.840366 30.69134 30.62168 30.714777 30.639366 30.667856 30.659147 30.596159 30.435137 30.093973 30.288527 30.419865 30.066322 30.078468 30.321804 30.333048 30.19737 30.236208 30.534466 29.615273 29.738886 29.998457 29.670126
32.182648 30.834246 31.38327 31.775858 32.30746 32.862625 33.369526 33.55676 -32767.0 -32767.0 -32767.0 31.873766 30.779177 30.479418 30.440214 30.679836 30.697428 30.715767 30.807787 30.969082 31.064342 31.161772 31.195997 31.227682 31.209171 31.135983 31.14634 31.092659 31.090614 31.049437 31.03332 30.970547 30.993404 30.941925 30.896605 30.859913 30.801357 30.762562 30.747845 30.718393 30.729103 30.634668 30.67177 30.5848 30.51061 30.569632 30.53125 30.555796 30.457613 30.242134 30.276571 30.066252 30.24387 30.328543 30.352152 30.429531 29.936462 29.565512 29.659283 29.671225 29.61661
30.716791 31.61037 31.612059 31.62126 31.8405 32.34743 33.30661 -32767.0 -32767.0 32.45798 -32767.0 29.692192 30.499922 31.112309 31.107449 30.96867 30.873682 30.815825 30.905178 30.945091 31.067717 31.138071 31.097088 31.04441 31.019566 30.802183 30.9113 30.979681 31.089876 31.013027 30.965103 30.943481 30.948433 30.862413 30.82282 30.786438 30.73463 30.913288 30.886179 30.775293 30.600763 30.589489 30.491055 30.426762 30.493517 30.41255 30.483953 30.536482 30.431372 30.452248 30.56844 30.385717 30.356321 30.33562 30.545351 30.374569 29.735601 29.657072 29.587336 29.566809 29.615965
31.320158 31.206738 31.346607 31.61163 31.890837 32.365128 33.11346 33.580486 -32767.0 -32767.0 31.910757 31.25455 31.259428 31.579508 31.183935 31.013613 30.591295 30.740286 30.835009 30.66834 30.314863 30.230003 30.164444 30.444695 30.394403 30.630276 30.983294 31.074501 31.05492 30.988485 30.974312 30.976366 30.909124 30.807093 30.73458 31.11523 30.775265 30.673656 30.67012 30.543602 30.586798 30.470465 30.5467 30.541252 30.470901 30.438074 30.338568 30.412983 30.439428 30.497978 30.533352 30.560963 30.359442 30.336384 30.332676 30.070831 30.19007 30.171225 30.387102 29.82463 29.665613
31.00584 30.768959 31.010143 31.324339 31.898014 32.169304 32.370995 33.12636 -32767.0 -32767.0 31.85648 31.729364 31.897596 31.332346 30.514761 29.861408 29.23882 29.346092 29.491035 29.525604 29.644672 29.881687 30.10685 30.760754 30.964518 31.261621 31.190483 31.13666 31.017923 31.027996 30.964808 30.88414 30.809671 30.745232 30.64987 30.680395 30.628866 30.47088 30.511583 30.609375 30.371485 30.380816 30.438822 30.419224 30.39209 30.342701 30.296375 30.553883 30.381693 30.275772 30.15953 30.3498 30.309362 30.344967 30.347612 30.432697 -32767.0 30.440422 30.45726 30.612648 29.85461
30.85867 30.600998 30.70527 31.153725 31.7156 32.2688 32.346622 32.694347 32.674725 32.535885 31.887098 31.857027 32.088097 31.638239 29.859867 29.600636 29.801449 30.019382 30.215763 29.985996 30.14066 30.15108 30.356054 31.2227 31.356379 31.275984 31.158306 31.108824 31.19283 31.110207 31.038593 30.912125 30.75912 30.727846 30.635147 30.735392 30.578451 30.51598 30.548075 30.454113 30.46343 30.455503 30.296812 30.244902 30.255026 30.249117 30.251348 30.49098 30.37059 30.211958 30.118866 30.299135 30.26437 30.348806 30.325085 30.201395 30.445957 30.50321 30.63161 30.640423 30.372488
30.466175 30.4215 30.537428 30.933115 31.70124 32.15249 32.432697 32.629124 32.568604 -32767.0 -32767.0 -32767.0 31.18225 31.3606 29.663559 30.28268 31.138126 31.521242 31.275465 31.18931 31.059937 30.720173 30.620785 31.326694 31.30013 31.13256 31.064768 31.234676 31.196566 31.096127 31.021852 30.97219 30.966398 30.823296 30.588364 30.693417 30.644222 30.57745 30.514843 30.427366 30.455984 30.436043 30.360247 30.293549 30.233828 30.158548 30.449997 30.355549 30.020166 30.226633 30.247766 30.276022 30.109219 30.149824 30.368193 30.135025 30.186813 30.473505 30.561893 30.649546 30.256151
