static/data/seaWind_uo/2023/7/31/12.asc
ncols 137
nrows 93
xllcorner 108.0
yllcorner 17.0
cellsize 0.25
NODATA_value -32767
[rows 19 to 37 of 93, columns 42 to 83 of 137]
-3.330984404585747 -3.655322232188989 -3.8315057434796387 -4.127013541962592 -5.005528595989151 -5.7463001775521105 -5.875234474451177 -5.546892476136784 -5.397136491539731 -5.35469228200153 -5.4003398281086525 -5.538884134714482 -5.56531166140808 -5.5172616128742655 -5.421962349948869 -5.121649546612534 -4.866984289383321 -4.643551563701088 -4.4433430281435315 -4.195885278194392 -4.042125122886189 -3.902779982138129 -3.741011485407623 -3.571234647254815 -3.3197727265945236 -2.9938332307068216 -2.6158395155741547 -2.126529854671486 -1.524302579714356 -0.97332868985996 -0.5248615702110331 0.28798508415264656 0.7180330185302783 0.9815074513240232 1.4564020976665475 0.9999266365953181 0.694808828405602 0.497002795274736 0.42813105904293636 -0.5152515605042705 -1.0702296210698174 -1.2496164689293883
-3.0402816109561748 -3.4735328819027274 -3.995676742636835 -5.272206365351816 -6.187559789920965 -6.475059246981616 -5.811167743072758 -5.53007495914995 -5.46440655948707 -5.520464949443186 -5.642191739062181 -5.802358567508226 -5.864823630602183 -5.839997772193047 -5.725478489854124 -5.5172616128742655 -5.2746088677785075 -4.999121922851309 -4.676385763532528 -4.4345338525789995 -4.2006902830477735 -3.9844650646456117 -3.814688226492804 -3.6401063834866143 -3.420677828515532 -3.1211658593214278 -2.708736276072861 -2.291501687970913 -1.8766696022956557 -1.5050825603008304 -1.1511138694350704 -0.15727869892735935 0.5682770339332261 1.0575866948358943 1.4011445418526618 1.1360684407744568 0.8934156956786983 0.6267379263160326 0.2687650647391213 -0.4199522975788734 -1.3064756930277344 -1.96235885551429
-2.816048051131711 -3.0859291570632976 -3.3830386238307115 -4.312006228817775 -5.2706046970673555 -5.791947723659233 -6.046612980888446 -5.7062584704405985 -5.578125007683763 -5.632581729355419 -5.907267840140386 -6.072239673439812 -6.197169799627728 -6.197169799627728 -5.977741244656646 -5.699851797302758 -5.521265783585417 -5.339476433299155 -5.00392692770469 -4.747660002191018 -4.460160545130367 -4.207096956185615 -3.9860667329300723 -3.6569239004734495 -3.4511095259202813 -3.178825917562004 -2.7167446174951633 -2.291501687970913 -1.9711680310788222 -1.6180001743552923 -1.0029595531224784 -0.25578129842167696 0.35525515209998604 0.7436597110816456 1.0824125532450317 0.6980121649745228 0.44334690774531094 0.15424578240019882 -0.5152515605042705 -1.1559188742884516 -1.8238145489084605 -2.35156424863818
-2.5541752866224274 -2.768798836740128 -3.3045568778921495 -3.6160813592197076 -4.357653774924898 -4.808523397000515 -5.3514889454326084 -5.421962349948869 -5.715868480147362 -5.88724698658463 -6.09866720013341 -6.252427355441613 -6.357336628073773 -6.34532411594032 -6.194767297201038 -5.970533737376574 -5.814371079641679 -5.622170885506425 -5.308243901752176 -5.053578644522965 -4.7404524949109454 -4.420118838018855 -4.212702795181227 -3.9155933284138125 -3.5792429886771173 -3.2436934830826525 -2.8104422121361 -2.3211325512334313 -1.9295246556828505 -1.3849574389662964 -0.7410867886131944 -0.13966034779829428 0.17506747009818469 0.4994052977014265 0.5658745315065352 0.5146211464038011 0.12541575327991072 -0.4992348776596658 -1.1759397278442074 -1.6700543936002572 -2.0848864792755144 -2.5765986426048735
-2.5661877987558808 -2.698325432223868 -3.4102669846665394 -3.7289989732741695 -3.970850884227698 -4.106992688406836 -4.147034395518348 -4.378475462622884 -5.455597383922538 -6.036202137039453 -6.460644232421473 -6.73533034320644 -6.656848597267878 -6.532719305222193 -6.367747471922766 -6.222796492179095 -5.9489112155363575 -5.762316860396715 -5.4996432617452005 -5.268202194640665 -5.047972805527353 -4.617124037007491 -4.386483804045186 -4.141428556522737 -3.8947716407158266 -3.4246819992266837 -2.9826215527155986 -2.5093285746575344 -2.0392389331683916 -1.6268093499198248 -1.0974579819056451 -0.6081483210029768 -0.27019631298182123 -0.2918188348220374 -0.403935614734269 -0.5801191260249188 -1.0590179430785942 -1.5963776525150764 -2.041641435595082 -2.3819959460429287 -2.591814491307248 -2.8512847533898413
-2.582204481600485 -2.6967237639394077 -3.380636121404021 -3.73060064155863 -3.9500291965297123 -3.8603357725999268 -3.5984630080906426 -3.749019826829925 -4.883000972227926 -6.232406501885858 -6.8658663083899665 -6.983588927297811 -6.91391635692378 -6.687280294672627 -6.509495115097517 -6.390170827905212 -6.109078043982403 -5.925687025411682 -5.71186430943621 -5.304239731041026 -5.115242873474692 -4.774888363026846 -4.562667315335835 -4.354450438355976 -4.074158488575398 -3.5448071205612175 -3.0851283229210678 -2.7920230268648045 -2.397211794745303 -2.299510029393215 -2.231439127303646 -1.803793695352705 -1.7469344712543589 -1.7421294664009777 -1.7349219591209055 -2.0136122406170243 -2.428444326292282 -2.832064733976316 -3.1339792055971114 -3.2517018245049547 -3.175622580993083 -3.2877393609053147
-2.8072388755671787 -2.9369740066084757 -3.3862419603996328 -3.73060064155863 -3.950830030671942 -3.946825859960791 -3.641708051771075 -3.762634007247839 -5.075201166363181 -6.428610866732264 -7.1757891214330645 -7.066875678089755 -6.992398102862342 -6.7713678796067995 -6.593582700031691 -6.475059246981616 -6.247622350588232 -6.069837171013122 -5.841599440477507 -5.401140662250883 -5.120848712470304 -4.822137577418429 -4.609115695585189 -4.393691311325258 -4.0885735031355415 -3.5480104571301387 -3.0466882840940164 -2.7527821538955233 -2.6006236668717806 -2.643067876409982 -2.7599896611755956 -3.0675099717920027 -3.0114515818358867 -2.816048051131711 -2.772002173309049 -3.100344171623442 -3.9059833187070496 -4.312006228817775 -4.350446267644825 -3.699368110011651 -3.614479690935247 -3.298951038896538
-3.6833514271670467 -3.571234647254815 -3.3814369555462513 -3.7193889635674067 -3.9083858211337406 -3.901178313853668 -3.7354056464120116 -3.7682398462434508 -5.040765298247281 -6.463046734848163 -7.367188481426089 -7.283100896491915 -6.998804776000185 -6.776973718602411 -6.62801856814759 -6.500685939532984 -6.3212990916734135 -6.065032166159741 -5.835993601481896 -5.5805275101104534 -5.225757985102463 -4.832548421267422 -4.635543222278786 -4.429728847725618 -4.100586015268995 -3.6393055493443844 -3.1123566837568952 -2.726354627201926 -2.560581959760269 -2.2674766637040062 -2.1913974201921347 -2.56298446218696 -2.891326460501353 -2.6718979055302707 -3.0474891182362467 -4.086171000708851 -4.903021825783682 -5.303438896898795 -5.215347141253471 -4.159847741794032 -3.535997944996685 -3.211660117393443
-4.8029175580049035 -4.586692339602742 -3.4278853357956045 -3.6072721836551755 -3.811484889923883 -3.9372158502540286 -3.853128265319855 -3.708978119718414 -4.031714279037195 -5.32025641388563 -7.296715076909829 -7.5489778317123495 -7.138149916748244 -6.83783711341191 -6.724118665215217 -6.531918471079962 -6.472656744554926 -6.127497229253699 -5.814371079641679 -5.556502485843547 -5.353090613717069 -5.166496258577427 -4.973495230299942 -4.765278353320083 -4.391288808898567 -4.051735132592951 -3.7426131536920835 -3.34139524843474 -3.0611032986541606 -2.2466549760060204 -1.778967836943568 -2.122525683960335 -2.4708885358304835 -2.5309510964977506 -3.48234205746726 -4.669979090394686 -5.1176453759013825 -5.4363773645090125 -5.1817121072798 -4.230321146310292 -3.4695287111915762 -2.631856198418759
-3.2028509418289106 -3.359013599563805 -3.330984404585747 -3.5912555008105707 -3.7241939684207885 -3.748218992687695 -3.8555307677465454 -3.7033722807228022 -3.8955724748580565 -5.154483746443972 -7.397620178830838 -7.749987201412138 -7.086896531645509 -6.788185396593635 -6.776973718602411 -6.538325144217804 -6.511897617524207 -6.366145803638306 -6.102671370844561 -5.843201108761968 -5.677428441320311 -5.747901845836571 -5.679830943747001 -5.4812240764739055 -5.218550477822391 -5.015138605695913 -4.773286694742385 -4.653161573407852 -4.5690739884736775 -4.421720506303315 -4.598704851736196 -4.999121922851309 -5.185716277990952 -5.058383649376346 -5.212143804684549 -5.431572359655631 -5.482024910616135 -5.254588014222751 -4.794909216582601 -4.198287780621082 -3.4310886723645253 -2.4740918723994048
-2.8192513877006324 -2.9473848504574685 -3.142788381161644 -3.605670515370715 -3.699368110011651 -3.577641320392657 -3.772244016954602 -3.7065756172917235 -3.794667372937048 -4.778892533737997 -6.66485693869018 -7.675509626184725 -7.283901730634145 -6.917920527634932 -6.776172884460182 -6.7937912355892465 -6.6944878019526985 -6.534320973506654 -6.490275095683991 -6.602391875596222 -6.566354339195863 -6.527914300368812 -6.436619208154566 -6.332510769664636 -6.282058218704131 -6.123493058542547 -5.931292864407293 -5.9393012058295955 -6.117086385404705 -6.361340798784925 -6.4926775981106815 -6.589578529320539 -6.531117636937733 -6.334112437949097 -6.149119751093915 -6.054621322310748 -5.938500371687365 -5.731885162991967 -5.448389876642466 -5.1088362003368495 -4.431330516010078 -3.490350398889562
-2.6646903982501984 -2.872106441087827 -2.9513890211686196 -3.073115810787614 -3.203651775971141 -3.3566110971371144 -3.58805216424165 -3.6152805250774778 -3.5303921060010737 -4.0341167814638865 -4.761274182608932 -6.27725321385075 -6.985991429724502 -7.1037140486323445 -6.80740541600716 -6.634425241285431 -6.838637947554139 -6.731326172495288 -6.7985962404426274 -6.985190595582271 -7.1613741068729215 -7.084494029218819 -6.948352225039681 -6.812210420860541 -6.7713678796067995 -6.679271953250325 -6.587976861036079 -6.575163514760394 -6.642433582707733 -6.7889862307358655 -6.828227103705146 -6.7889862307358655 -6.720915328646296 -6.678471119108094 -6.706500314086153 -6.682475289819246 -6.678471119108094 -6.572761012333704 -6.534320973506654 -6.117887219546935 -5.596544192955058 -4.932652689046201
-2.2178249468857323 -2.5341544330666714 -2.902538138492576 -3.0010407379868935 -3.1339792055971114 -3.30535771203438 -3.65932640290014 -3.7145839587140257 -3.614479690935247 -3.4455036869246696 -3.798671543648199 -4.61392070043857 -6.154725590089526 -6.688081128814856 -7.182195794570907 -6.931534708052846 -6.988393932151192 -7.109319887627956 -7.211826657833425 -7.398421012973067 -7.682717133464799 -7.603434553384005 -7.338358452305801 -7.1485607605972366 -7.003609780853566 -6.905107181359249 -6.781778723455794 -6.643234416849964 -6.638429411996583 -6.639230246138814 -6.756952865046657 -6.860260469394355 -7.075684853654286 -7.078888190223207 -7.023630634409322 -7.164577443441841 -7.195809974988821 -7.231046677246951 -7.225440838251339 -6.873874649812269 -6.540727646644495 -5.9537162203897385
-2.0528531135863055 -2.337950068220266 -2.806438041424949 -3.1267716983170395 -3.267718507349559 -3.44790618935136 -3.6160813592197076 -3.7041731148650325 -3.853128265319855 -3.7145839587140257 -3.7866590315147457 -3.8555307677465454 -4.925445181766128 -6.247622350588232 -6.953157229893062 -7.277495057496303 -7.320740101176735 -7.448072729791342 -7.551380334139042 -7.693127977313791 -8.096748384997825 -8.11036256541574 -7.888531508017966 -7.729165513714152 -7.535363651294437 -7.275893389211843 -6.9459497226129905 -6.796994572158168 -6.562350168484711 -6.4926775981106815 -6.633624407143202 -6.941144717759608 -7.1621749410151505 -7.271088384358462 -7.237453350384792 -7.3952176764041475 -7.6202520703708405 -7.7011363187360935 -7.731568016140843 -7.581812031543789 -7.263880877078389 -7.006012283280256
-2.0007988943413406 -2.213019942032351 -2.7599896611755956 -3.1684150737130112 -3.606471349512945 -3.7890615339414366 -3.7826548608035946 -3.825899904484027 -3.9308091771161866 -3.812285724066113 -3.87154745059115 -3.9908717377834537 -4.567472320189217 -5.892051991438011 -7.291109237914217 -7.560990343845804 -7.573002855979258 -7.7684063866834325 -7.8717139910311325 -8.017465804917032 -8.43710289544567 -8.453119578290275 -8.543613836362292 -8.392256183480779 -8.21847517461682 -7.918162371280484 -7.572202021837027 -7.1661791117263025 -6.90991218621263 -6.841040449980831 -7.049257326960689 -7.3327526133101895 -7.283901730634145 -7.331150945025728 -7.3960185105463765 -7.581812031543789 -7.808448093794944 -8.067918355877538 -8.11676923855358 -8.026274980481565 -7.975822429521061 -7.716352167438467
-1.899893792420332 -2.0928948206978166 -2.6743004079569612 -3.313366053456682 -3.751422329256616 -4.644352397843319 -5.032756956824978 -5.0944211857767066 -3.9348133478273377 -3.816289894777264 -3.6873555978781978 -4.01089259133921 -4.629937383283174 -6.3485274525092406 -7.751588869696597 -7.751588869696597 -7.712347996727317 -7.918162371280484 -8.201657657629985 -8.3610236519338 -8.701378162381646 -8.702178996523877 -8.793474088738122 -8.802283264302655 -8.648523108994452 -8.35862114950711 -7.971818258809909 -7.564193680414725 -7.3775993252750816 -7.33515511573688 -7.51294029531199 -7.563392846272494 -7.51454196359645 -7.492919441756234 -7.65709044091343 -7.836477288773002 -8.105557560562358 -8.372235329925024 -8.471538763561572 -8.3954595200497 -8.357019481222649 -8.417882876032147
-1.7885778466503308 -1.9463421726696852 -2.535756101351132 -3.175622580993083 -3.749019826829925 -4.734045821773104 -5.996160429927941 -6.652043592414497 -5.111238702763541 -3.7570281682522273 -3.5127737548720086 -3.5904546666683403 -4.328022911662379 -6.073841341724274 -7.6915263090293315 -7.724360508860769 -7.720356338149619 -8.032681653619408 -8.316977774111137 -8.604477231171789 -8.882366678525678 -8.901586697939203 -9.006495970571363 -9.010500141282513 -8.71579317694179 -8.2577160475861 -7.8717139910311325 -7.6835179676070275 -7.556185338992423 -7.533761983009976 -7.563392846272494 -7.6290612459353735 -7.827668113208469 -7.847688966764224 -8.050300004748472 -8.284944408421929 -8.553223846069054 -8.782262410746899 -8.910395873503736 -8.831914127565174 -8.864748327396613 -8.92641255634834
-1.4826592043183842 -1.5923734818039252 -2.226634122450265 -2.8560897582432228 -3.3678227751283374 -3.7354056464120116 -4.477778896259432 -5.81517191378391 -5.1817121072798 -3.8915683041469054 -3.4919520671740227 -3.403860311528698 -4.233524482879212 -5.67262343646693 -7.235050847958101 -7.36798931556832 -7.528956978156595 -7.825265610781779 -8.224081013612432 -8.597269723891717 -8.99368262429568 -9.259559559516115 -9.339642973739137 -9.193891159853235 -8.819100781289489 -8.124777579975884 -7.741978859989835 -7.577807860832639 -7.554583670707961 -7.572202021837027 -7.652285436060049 -7.861303147182138 -8.098350053282285 -8.372235329925024 -8.623697250585314 -8.89277752237467 -9.133027765043739 -9.330032964032375 -9.45656475850475 -9.516627319172017 -9.573486543270363 -9.712831684018422
-1.2255914446624814 -1.1238855085992427 -1.4834600384606145 -2.117720679106954 -2.7215496223485447 -3.152398390868407 -3.3189718924522937 -4.096581844557844 -4.1422293906649665 -4.269562019279572 -4.356052106640437 -4.585891505460513 -5.687038451027074 -6.670462777685792 -6.985991429724502 -6.87307381567004 -7.114925726623568 -7.327146774314578 -7.7595972111188996 -8.43470039301898 -9.038529336260572 -9.414120548966547 -9.433340568380073 -9.218717018262373 -8.940026736766255 -8.301761925408764 -7.945390732116312 -7.756393874549978 -7.675509626184725 -7.72355967471854 -7.9125565322848725 -8.085536707006602 -8.338600295951354 -8.741419869493157 -9.162658628306257 -9.474183109633815 -9.70081917188497 -9.823346795646193 -9.943471916980728 -10.122057930698068 -10.265407242157279 -10.434383246167856
