static/data/seaWind_uo/2023/7/31/18.asc
ncols 137
nrows 93
xllcorner 108.0
yllcorner 17.0
cellsize 0.25
NODATA_value -32767
[rows 19 to 37 of 93, columns 84 to 125 of 137]
-1.6988844227205453 -2.107309835257961 -2.7527821538955233 -3.2621126683539474 -3.6048696812284846 -3.6577247346156794 -3.534396276712225 -3.426283667511144 -3.2589093317850266 -2.9441815138885477 -2.7423713100465306 -2.546967779342355 -2.228235790734725 -1.895889621709181 -1.513891735865363 -1.040598757807299 -0.708252588781755 -0.644185857403337 -0.7154600960618271 -0.6265675062742719 -0.170092045203043 -0.06358110428642272 0.4041060347760297 0.890212359109777 0.9799057830395626 0.3304292936908486 0.139830767840055 -0.06278027014419241 -0.8267760418318286 -0.8972494463480885 -0.8860377683568654 -0.8820335976457143 -1.0638229479319756 -0.9901462068467948 -0.5793182918826887 -0.009124382614767335 0.5594678583686936 0.5506586828041611 0.5266336585372544 0.6988129991167531 1.274612747380286 2.346128829684329
-3.515176257298699 -4.024506771757123 -4.304798721537702 -4.293587043546479 -4.04933263016626 -3.737808148838702 -3.274926014629631 -2.780010514731351 -2.203409932325588 -1.7277144518408334 -1.4290033167889589 -1.2448114640760068 -1.1383005231593868 -0.9525070021619741 -0.9637186801531974 -1.051009601656292 -1.316085702734497 -1.0766362942076593 -0.6610033743901718 -0.2717979812662814 -0.24136628386153314 -0.287013829968656 -0.07639445056210636 0.42172438590509476 1.313052786207337 0.27517173787696336 -0.06278027014419241 -0.17489705005642397 -0.4856206972417523 -0.5328699116333355 -0.6922359059371506 -0.9116644609082325 -1.2071722593911862 -1.276844829765216 -0.9196728023305349 -0.3510805613470742 0.23993503561883323 -0.056373597006350806 -0.07158944570872494 0.3088067718506329 1.2826210888025882 2.5599515456597994
-4.528231447219936 -4.939860196326272 -5.049574473811813 -4.9871094107178555 -4.862980118672171 -4.168656917358565 -3.4310886723645253 -2.518137750222067 -1.8374287293263745 -1.3329032197213317 -1.0133703969714714 -0.8307802125429797 -0.7346801154753526 -0.733078447190892 -0.8940461097791677 -0.9324861486062186 -0.47681152167721974 -0.3526822296315344 -0.323051366369016 -0.31183968837779297 -1.121483006172552 -2.2010074298988975 -1.7525403102499704 -0.5320690774911052 0.744460545223876 0.3160142791307048 -0.19011289875879855 -0.5512890969046307 -0.6233641697053511 -0.17169371348750317 -0.1508720257895173 -0.24296795214599332 -0.5705091163181562 -0.5865257991627606 -0.5432807554823285 -0.24136628386153314 0.05974735361703232 0.2311258600543007 0.5074136391237287 1.380322854154676 2.670466657287571 3.199818025301751
-4.703614124368356 -5.365103125850522 -5.552498315132396 -5.682233446173692 -5.610158373372972 -4.9670885571621 -4.468969720694899 -3.737808148838702 -2.312323375668899 -0.7603068080267197 -0.6762192230925459 -0.9909470409890251 -0.8900419390680165 -0.4479814925569312 -0.33906804921362044 -0.31504302494671377 -0.5040398825130472 -0.9725278557177299 -0.8588094075210377 -0.8403902222497424 -1.4290033167889589 -2.3371492340780358 -1.831822890330763 -0.6009408137229046 0.7853030864776174 0.5154219805460309 -0.056373597006350806 -0.6089491551452069 -0.6393808525499556 0.07736570474609739 0.48739278556797316 0.4457494101720014 0.5522603510886217 0.5482561803774706 0.5306378292484055 0.5650736973643053 0.8958181981053888 1.18251682102381 1.4852321267868356 2.251630400901162 2.817820139457932 2.8010026224710978
-4.36886545291612 -5.197728790124405 -5.819976918637291 -6.118688053689166 -6.175547277787512 -5.821578586921752 -5.377115637983976 -4.5690739884736775 -3.249299322078264 -1.814204539201698 -1.2728406590540648 -0.9645195142954275 -0.6537958671100996 -0.15888036721181953 -0.4495831608413918 -1.1086696598968684 -1.3032723564588133 -1.4562316776247866 -0.9380919876018301 -0.3014288445287998 -0.5865257991627606 -1.0582171089363641 -0.5328699116333355 -0.10522447968239446 0.2903875865793375 0.002087295376455689 -0.6177583307097394 -1.0309887481005364 0.2943917572904886 1.074404211822729 1.2770152498069764 1.339480312900934 1.3338744739053228 1.051980855840283 0.7845022523353871 0.7132280136768969 0.9302540662212886 1.2169526891397098 1.5172654924760445 1.6101622529747508 1.941707587858065 2.0378076849256916
-3.884360796866834 -4.779693367880227 -5.442784037646854 -5.759914357970024 -5.940902874114055 -5.339476433299155 -4.356052106640437 -3.6433097200555355 -4.313607897102235 -3.546408788845678 -2.9265631627594826 -1.698083588578315 -1.1374996890171565 -0.4119439561565712 -0.6810242279459273 -1.2936623467520507 -1.4338083216423403 -1.163927215710754 -0.6465883598300277 -0.04996692386850876 -0.16448620620743126 0.3504501472466046 0.35925932281113715 -0.02514106545937178 -0.7154600960618271 -1.0061628896913994 -0.7699168177334825 -0.6057458185762861 0.8709923396962518 1.5276763363250372 1.6566106332241044 1.2553927279667603 1.047976685129132 0.5738828729288379 0.3088067718506329 0.16465662624919197 0.34003930339761146 0.6395512725917163 1.0239516608622248 1.2778160839492068 1.3619036688833805 1.9312967440090714
-3.3277810680168263 -4.0301126107527345 -4.503405588810798 -4.822137577418429 -4.343238760364754 -3.551213793699059 -2.3155267122378196 -2.7071346077884004 -3.380636121404021 -3.938817518538489 -3.419076160231072 -2.126529854671486 -1.513891735865363 -0.785933500578087 -0.7739209884446336 -1.386559107250757 -1.485862540887305 -0.7579043056000292 -0.25177712771052585 -0.3462755564936928 -0.4143464585832617 0.1174074118576085 0.360060156953367 -0.2093329181723238 -1.8238145489084605 -2.0472472745906938 -1.811001202632777 -0.83158104668521 0.3224209522685464 0.822942291162438 0.6315429311694141 0.2279225234853799 0.013298973367679157 -0.27660298611966283 -0.48321819481506134 -0.39512643916973644 -0.21814209373685634 0.2983959280016397 0.8141331155979055 1.0912217288095638 1.4780246195067637 2.1058785870152614
-2.631055364276529 -2.95299068945308 -3.309361882745531 -3.030671601249412 -2.4708885358304835 -1.8566487487399 -0.9565111728731253 -1.5395184284167303 -2.305916702531057 -2.762392163602286 -2.1986049274722066 -2.1305340253826373 -1.5843651403816228 -1.3841566048240663 -1.3120815320233459 -1.955952182376448 -1.7132994372806893 -0.983739533708953 -0.9236769730416861 -1.478655033607233 -1.4818583701761538 -0.9268803096106069 -0.6722150523813948 -1.407380794948743 -3.4070636480976186 -3.417474491946612 -2.5053244039463833 -1.3625340829838501 -1.089449640483343 -0.9260794754683768 -1.1166780013191706 -1.040598757807299 -1.1487113670083797 -0.9100627926237721 -0.6770200572347762 -0.5857249650205303 -0.27820465440412345 0.3264251229796975 0.8221414570202077 1.0551841924092038 1.4419870831064032 1.8392008176525958
-2.38760178503854 -2.3924067898919215 -1.8294203879040722 -1.6724568960269477 -1.6876727447293223 -1.4233974777933474 -0.7282734423375108 -1.499476721305219 -2.237845800441488 -2.10490733283127 -1.5803609696704717 -2.1529573813650837 -3.0779208156409954 -3.09313666434337 -2.6638895641079685 -2.171376566636379 -2.185791581196523 -2.6470720471211338 -3.0426841133828653 -3.6713389150335933 -3.6681355784646725 -3.2020501076866807 -2.9145506506260292 -3.4310886723645253 -4.61392070043857 -4.324018740951228 -3.4527111942047415 -2.6999271005083285 -2.651076217832285 -2.5021210673774625 -2.3011116976776758 -2.122525683960335 -1.7349219591209055 -1.2408072933648557 -0.8243735394051379 -0.3510805613470742 0.03171815863897409 0.36967016666012986 0.6051154044758165 0.8317514667269705 0.9606857636260373 1.285824425371509
-2.726354627201926 -2.877712280083439 -2.4909093893862395 -2.107309835257961 -1.8942879534247206 -1.8013911929260145 -0.9380919876018301 -1.6956810861516245 -2.504523569804153 -2.3523650827804103 -1.1967614155421933 -1.6684527253157966 -3.457516199058123 -5.188118780417643 -4.979901903437783 -3.670538080891363 -4.0437267911706485 -4.801315889720443 -5.156886248870664 -5.040765298247281 -4.996719420424618 -4.820535909133969 -4.599505685878426 -4.388085472329646 -4.557061476340223 -4.528231447219936 -4.249541165723817 -3.8307049093374084 -3.464723706338195 -3.056298293800779 -2.744773812473221 -2.3787926094740075 -1.8726654315845046 -1.39696995109975 -0.8371868856808216 -0.2637896398439792 0.13502576298667357 0.3208192839840862 0.3216201181263161 0.2279225234853799 0.1734658018137245 0.2095033382140845
-3.4350928430756764 -3.7882606997992063 -4.005286752343598 -3.5416037839922967 -2.5133327453686856 -1.0173745676826225 -0.4888240338106731 -1.793382851503712 -3.0226632598271097 -3.136381708023802 -1.951948011665297 -1.965562192083211 -4.1918811074832405 -6.828227103705146 -7.779618064674656 -6.857857966967664 -6.679271953250325 -6.501486773675214 -6.041807976035064 -5.7823377139524705 -5.634984231782109 -5.465207393629301 -5.232164658240305 -4.922241845197208 -4.714024968217348 -4.576281495753749 -4.3088028922488535 -3.924402503978345 -3.479138720898339 -3.030671601249412 -2.6919187590860263 -2.366780097340554 -1.9959938894879594 -1.6155976719286018 -1.2039689228222652 -0.8620127440899585 -0.6618042085324018 -0.576915789455998 -0.6465883598300277 -0.7434892910398849 -0.7979460127115405 -0.7619084763111803
-4.881399303943466 -4.525828944793245 -4.304798721537702 -3.6969656075849606 -2.3747884387628564 -0.6065466527185164 -0.4680023461126872 -1.5803609696704717 -2.5061252380886136 -2.288298351401992 -1.4097832973754336 -3.149995888441716 -5.579726675968223 -7.58261286568602 -7.810850596221634 -7.7147504991540075 -7.289507569629757 -6.916318859350472 -6.579968519613777 -6.673666114254713 -6.259634862721686 -6.025791293190459 -5.770325201819017 -5.478821574047215 -5.176907102426419 -4.810125065284975 -4.456156374419216 -4.045328459455109 -3.6721397491758236 -3.34139524843474 -3.0394807768139445 -2.7463754807576817 -2.5101294087997648 -2.2370449662992575 -1.9319271581095414 -1.7797686710857983 -1.6772619008803291 -1.676461066738099 -1.7797686710857983 -1.7693578272368051 -1.6468302034755806 -1.5114892334386723
-6.3397182769447085 -5.913674513278227 -5.470012398482682 -4.5602648129091445 -3.214062619820134 -1.7477353053965892 -1.7557436468188914 -2.6358603691299103 -2.768798836740128 -2.225032454165804 -2.2218291175968834 -4.89581431850361 -7.050058161102919 -7.868510654462211 -7.746783864843216 -7.670704621331344 -7.613845397232998 -7.347968462012563 -7.237453350384792 -7.075684853654286 -6.782579557598023 -6.591981031747229 -6.34932828665147 -6.0161812834836965 -5.775130206672399 -5.414754842668796 -5.03756196167836 -4.644352397843319 -4.232723648736982 -4.028510942468275 -3.7610323389633784 -3.535997944996685 -3.292544365758696 -3.09313666434337 -2.9305673334706337 -2.7864171878691932 -2.722350456490775 -2.6919187590860263 -2.6831095835214938 -2.5437644427734343 -2.4028176337409146 -2.2026090981833577
-7.577007026690408 -7.137349082606013 -6.471855910412696 -5.527672456723259 -4.037320118032807 -2.4516685164169583 -2.4484651798480375 -2.453270184701419 -2.5501711159112763 -3.2444943172248824 -4.7268383144930315 -6.931534708052846 -7.471296919916018 -8.00545329278358 -7.951797405254155 -7.93337821998286 -7.853294805759836 -7.740377191705374 -7.618650402086381 -7.4096326909642904 -7.363184310714939 -7.146158258170546 -6.889090498514644 -6.613603553587446 -6.438220876439026 -6.13230223410708 -5.763117694538945 -5.448389876642466 -5.053578644522965 -4.805320060431594 -4.583489003033821 -4.359255443209358 -4.209499458612306 -4.036519283890577 -3.87074661644892 -3.718588129425177 -3.6369030469176935 -3.55521796441021 -3.453512028346972 -3.3157685558833725 -3.105950010619053 -2.878513114225669
-8.517186309668695 -8.087138375291062 -7.460085241924796 -6.752147860193276 -5.296231389618724 -3.4431011844979786 -3.0114515818358867 -2.9866257234267497 -3.409466150524309 -4.257549507146119 -6.691284465383777 -7.8677098203199805 -8.402667027329771 -8.158412613949553 -8.160014282234012 -8.18964514549653 -8.074325029015379 -7.961407414960917 -7.930975717556169 -7.839680625341922 -7.766804718398973 -7.586617036397172 -7.3287484425990375 -7.246262525949325 -7.0764856877965165 -6.805803747722701 -6.506291778528595 -6.180352282640893 -5.819976918637291 -5.522066617727647 -5.292227218907572 -5.111238702763541 -4.974296064442171 -4.8341500895518825 -4.7172283047862695 -4.5650698177625255 -4.392089643040797 -4.288782038693098 -4.151839400371729 -3.9844650646456117 -3.7738456852390625 -3.551213793699059
-9.229928696253596 -8.917603380783808 -8.409874534609845 -7.699534650451634 -6.283659886988593 -4.412911330738783 -3.8811574602979126 -4.19027943919878 -4.61392070043857 -6.16833977050744 -8.161615950518474 -8.872756668818916 -8.664539791839056 -8.419484544316607 -8.32338444724898 -8.43710289544567 -8.313774437542216 -8.171225960225236 -8.144798433531639 -8.29055024741754 -8.160014282234012 -7.979025766089983 -7.823663942497317 -7.7644022159722805 -7.5481769975701205 -7.366387647283858 -7.066875678089755 -6.750546191908814 -6.423005027736652 -6.109878878124633 -5.81677358206837 -5.633382563497648 -5.559705822412468 -5.4724149009093725 -5.367505628277213 -5.219351311964621 -5.046371137242892 -4.917436840343826 -4.765278353320083 -4.596302349309505 -4.408907160027632 -4.193482775767701
-10.142078784253824 -10.006737814216915 -9.484593953482808 -9.31481711533 -7.814053932790555 -6.751347026051045 -6.6184085584408265 -7.142954921601625 -7.110120721770187 -8.92320921977942 -9.409315544113166 -9.055346853247407 -8.88797251752129 -8.766245727902295 -8.558028850922437 -8.723801518364093 -8.57084219719812 -8.427492885738909 -8.4298953881656 -8.662938123554596 -8.556427182637975 -8.387451178627398 -8.232890189176963 -8.055105009601853 -7.79723641580372 -7.623455406939762 -7.419242700671054 -7.114925726623568 -6.885086327803492 -6.547134319782337 -6.246821516446002 -6.085053019715496 -6.019384620052618 -5.991355425074559 -5.8992594987180835 -5.7511051824054915 -5.597345027097289 -5.466008227771531 -5.322658916312321 -5.168097926861886 -4.979901903437783 -4.774888363026846
-11.347334168310315 -11.280864934505205 -11.410600065546502 -11.573970230561468 -11.729332054154133 -11.624422781521973 -11.570766893992548 -11.08706307208549 -10.668226815699082 -10.287830598139726 -9.7016200060272 -9.437344739091225 -9.333236300601294 -9.206704506128919 -8.977665941451075 -9.048940180109565 -8.883167512667908 -8.797478259449274 -8.840723303129705 -8.883167512667908 -8.790270752169201 -8.600473060460638 -8.391455349338548 -8.191246813780992 -7.942187395547391 -7.715551333296238 -7.542571158574509 -7.426450207951126 -7.236652516242563 -6.905107181359249 -6.705699479943922 -6.55914683191579 -6.4694534079860055 -6.464648403132624 -6.372552476776148 -6.270045706570679 -6.137908073102691 -5.9352970351184435 -5.77753270909909 -5.6373867342088 -5.479622408189445 -5.276210536062967
-11.852660512057588 -11.730933722438593 -11.829436321932912 -12.015229842930323 -12.272297602586226 -12.325953490115651 -12.503738669690762 -11.882291375320106 -11.059834711249664 -10.285428095713035 -10.131667940404832 -10.120456262413608 -9.966696107105404 -9.757678395983316 -9.620735757661947 -9.384489685704029 -9.166662799017407 -9.096990228643378 -9.092185223789997 -8.940026736766255 -8.89117585409021 -8.760639888906683 -8.566037192344739 -8.353015310511498 -8.098350053282285 -7.944589897974081 -7.850892303333145 -7.757194708692209 -7.593023709535013 -7.356777637577096 -7.170183282437453 -7.016423127129249 -6.900302176505868 -6.883484659519032 -6.776973718602411 -6.670462777685792 -6.535922641791114 -6.3357141062335565 -6.194767297201038 -6.059426327164129 -5.9128736791359975 -5.74469850926765
