static/data/thetao/2023/7/11/18.asc
ncols 137
nrows 93
xllcorner 108.0
yllcorner 17.0
cellsize 0.25
NODATA_value -32767
[rows 54 to 80 of 93, columns 0 to 60 of 137]
-32767.0 -32767.0 -32767.0 -32767.0 -32767.0 -32767.0 -32767.0 -32767.0 -32767.0 -32767.0 -32767.0 -32767.0 -32767.0 -32767.0 -32767.0 -32767.0 -32767.0 -32767.0 -32767.0 -32767.0 -32767.0 -32767.0 -32767.0 -32767.0 -32767.0 -32767.0 -32767.0 -32767.0 -32767.0 -32767.0 -32767.0 -32767.0 -32767.0 -32767.0 -32767.0 -32767.0 -32767.0 -32767.0 -32767.0 -32767.0 -32767.0 -32767.0 -32767.0 -32767.0 -32767.0 -32767.0 -32767.0 -32767.0 26.140549 25.552423 25.375452 26.247221 27.483181 28.572092 28.829115 29.467451 29.52231 29.29155 29.248892 29.273296 29.439835
-32767.0 -32767.0 -32767.0 -32767.0 -32767.0 -32767.0 -32767.0 -32767.0 -32767.0 -32767.0 -32767.0 -32767.0 -32767.0 -32767.0 -32767.0 -32767.0 -32767.0 -32767.0 -32767.0 -32767.0 -32767.0 -32767.0 -32767.0 -32767.0 -32767.0 -32767.0 -32767.0 -32767.0 -32767.0 -32767.0 -32767.0 -32767.0 -32767.0 -32767.0 -32767.0 -32767.0 -32767.0 -32767.0 -32767.0 -32767.0 -32767.0 -32767.0 -32767.0 -32767.0 -32767.0 -32767.0 -32767.0 30.63987 -32767.0 26.70328 25.810452 26.938118 28.355312 29.126081 29.789324 29.550282 29.533934 29.497368 29.525158 29.540806 29.561352
-32767.0 -32767.0 -32767.0 -32767.0 -32767.0 -32767.0 -32767.0 -32767.0 -32767.0 -32767.0 -32767.0 -32767.0 -32767.0 -32767.0 -32767.0 -32767.0 -32767.0 -32767.0 -32767.0 -32767.0 -32767.0 -32767.0 -32767.0 -32767.0 -32767.0 -32767.0 -32767.0 -32767.0 -32767.0 -32767.0 -32767.0 -32767.0 -32767.0 -32767.0 -32767.0 -32767.0 -32767.0 -32767.0 -32767.0 -32767.0 -32767.0 -32767.0 -32767.0 -32767.0 -32767.0 -32767.0 -32767.0 30.22474 27.519596 25.376158 26.989065 28.36063 28.702538 29.358725 29.931744 29.59227 29.211988 29.109552 29.266138 29.26808 29.372927
-32767.0 -32767.0 -32767.0 -32767.0 -32767.0 -32767.0 -32767.0 -32767.0 -32767.0 -32767.0 -32767.0 -32767.0 -32767.0 -32767.0 -32767.0 -32767.0 -32767.0 -32767.0 -32767.0 -32767.0 -32767.0 -32767.0 -32767.0 -32767.0 -32767.0 -32767.0 -32767.0 -32767.0 -32767.0 -32767.0 -32767.0 -32767.0 -32767.0 -32767.0 -32767.0 -32767.0 -32767.0 -32767.0 -32767.0 -32767.0 -32767.0 -32767.0 -32767.0 -32767.0 -32767.0 -32767.0 -32767.0 28.30473 26.434149 25.932985 26.60118 28.552895 28.62523 29.737045 29.882547 29.19058 28.68278 28.486073 29.341446 29.528217 29.567686
-32767.0 -32767.0 -32767.0 -32767.0 -32767.0 -32767.0 -32767.0 -32767.0 -32767.0 -32767.0 -32767.0 -32767.0 -32767.0 -32767.0 -32767.0 -32767.0 -32767.0 -32767.0 -32767.0 -32767.0 -32767.0 -32767.0 -32767.0 -32767.0 -32767.0 -32767.0 -32767.0 -32767.0 -32767.0 -32767.0 -32767.0 -32767.0 -32767.0 -32767.0 -32767.0 -32767.0 -32767.0 -32767.0 -32767.0 -32767.0 -32767.0 -32767.0 -32767.0 -32767.0 -32767.0 31.05494 -32767.0 28.676348 26.607193 26.351425 26.414137 28.809227 29.214912 29.243963 29.931725 29.663658 29.122934 28.963541 29.408092 29.375072 29.296844
-32767.0 -32767.0 -32767.0 -32767.0 -32767.0 -32767.0 -32767.0 -32767.0 -32767.0 -32767.0 -32767.0 -32767.0 -32767.0 -32767.0 -32767.0 -32767.0 -32767.0 -32767.0 -32767.0 -32767.0 -32767.0 -32767.0 -32767.0 -32767.0 -32767.0 -32767.0 -32767.0 -32767.0 -32767.0 -32767.0 -32767.0 -32767.0 -32767.0 -32767.0 -32767.0 -32767.0 -32767.0 -32767.0 -32767.0 -32767.0 -32767.0 -32767.0 -32767.0 -32767.0 -32767.0 -32767.0 27.91034 26.819998 26.590538 26.45105 27.16264 28.133577 29.016115 29.281584 29.674564 29.812084 29.645405 29.818604 29.157774 29.23276 29.256834
-32767.0 -32767.0 -32767.0 -32767.0 -32767.0 -32767.0 -32767.0 -32767.0 -32767.0 -32767.0 -32767.0 -32767.0 -32767.0 -32767.0 -32767.0 -32767.0 -32767.0 -32767.0 -32767.0 -32767.0 -32767.0 -32767.0 -32767.0 -32767.0 -32767.0 -32767.0 -32767.0 -32767.0 -32767.0 -32767.0 -32767.0 -32767.0 -32767.0 -32767.0 -32767.0 -32767.0 -32767.0 -32767.0 -32767.0 -32767.0 -32767.0 -32767.0 -32767.0 -32767.0 29.07845 26.564558 26.663294 27.054018 27.40144 28.068998 28.525434 28.968796 -32767.0 -32767.0 -32767.0 -32767.0 29.980019 29.607815 29.223253 29.288813 29.370775
-32767.0 -32767.0 -32767.0 -32767.0 -32767.0 -32767.0 -32767.0 -32767.0 -32767.0 -32767.0 -32767.0 -32767.0 -32767.0 -32767.0 -32767.0 -32767.0 -32767.0 -32767.0 -32767.0 -32767.0 -32767.0 -32767.0 -32767.0 -32767.0 -32767.0 -32767.0 -32767.0 -32767.0 -32767.0 -32767.0 -32767.0 -32767.0 -32767.0 -32767.0 -32767.0 -32767.0 -32767.0 -32767.0 -32767.0 -32767.0 -32767.0 -32767.0 -32767.0 26.83695 25.39607 26.029896 27.534456 28.466648 27.715973 29.575235 29.339857 29.367146 -32767.0 -32767.0 -32767.0 -32767.0 29.875452 29.210762 29.365675 29.262957 29.322927
-32767.0 -32767.0 -32767.0 -32767.0 -32767.0 -32767.0 -32767.0 -32767.0 -32767.0 -32767.0 -32767.0 -32767.0 -32767.0 -32767.0 -32767.0 -32767.0 -32767.0 -32767.0 -32767.0 -32767.0 -32767.0 -32767.0 -32767.0 -32767.0 -32767.0 -32767.0 -32767.0 -32767.0 -32767.0 -32767.0 -32767.0 -32767.0 -32767.0 -32767.0 -32767.0 -32767.0 -32767.0 -32767.0 -32767.0 -32767.0 -32767.0 29.657066 29.741549 26.970833 26.78932 27.213272 28.946983 29.321934 28.807611 29.294403 29.53435 -32767.0 -32767.0 -32767.0 -32767.0 -32767.0 29.289545 29.478146 29.34529 29.39729 29.271397
-32767.0 -32767.0 -32767.0 -32767.0 -32767.0 -32767.0 -32767.0 -32767.0 -32767.0 -32767.0 -32767.0 -32767.0 -32767.0 -32767.0 -32767.0 -32767.0 -32767.0 -32767.0 -32767.0 -32767.0 -32767.0 -32767.0 -32767.0 -32767.0 -32767.0 -32767.0 -32767.0 -32767.0 -32767.0 -32767.0 -32767.0 -32767.0 -32767.0 -32767.0 -32767.0 -32767.0 -32767.0 -32767.0 -32767.0 -32767.0 -32767.0 27.296093 27.218216 26.206837 27.191296 29.186537 29.011194 28.561592 28.916151 30.181524 31.15314 -32767.0 -32767.0 -32767.0 -32767.0 28.756407 29.530657 29.634384 29.5382 29.39256 29.470678
-32767.0 -32767.0 -32767.0 -32767.0 -32767.0 -32767.0 -32767.0 -32767.0 -32767.0 -32767.0 -32767.0 -32767.0 -32767.0 -32767.0 -32767.0 -32767.0 -32767.0 -32767.0 -32767.0 -32767.0 -32767.0 -32767.0 -32767.0 -32767.0 -32767.0 -32767.0 -32767.0 -32767.0 -32767.0 -32767.0 -32767.0 -32767.0 -32767.0 -32767.0 -32767.0 -32767.0 -32767.0 -32767.0 -32767.0 28.410454 26.43822 26.260769 26.143623 25.674904 28.841051 29.742496 29.807028 27.79039 30.607574 31.140476 -32767.0 -32767.0 -32767.0 -32767.0 -32767.0 28.215958 29.648888 29.797031 29.598454 29.35668 29.472128
-32767.0 -32767.0 -32767.0 -32767.0 -32767.0 -32767.0 -32767.0 -32767.0 -32767.0 -32767.0 -32767.0 -32767.0 -32767.0 -32767.0 -32767.0 -32767.0 -32767.0 -32767.0 -32767.0 -32767.0 -32767.0 -32767.0 -32767.0 -32767.0 -32767.0 -32767.0 -32767.0 -32767.0 -32767.0 -32767.0 -32767.0 -32767.0 -32767.0 -32767.0 -32767.0 -32767.0 -32767.0 -32767.0 27.15055 25.085829 24.7783 25.235754 24.767082 27.576248 29.79854 30.126453 29.73204 29.44113 30.980656 31.422447 -32767.0 -32767.0 -32767.0 -32767.0 -32767.0 29.26361 29.744503 30.168753 29.866533 29.45661 29.407928
-32767.0 -32767.0 -32767.0 -32767.0 -32767.0 -32767.0 -32767.0 -32767.0 -32767.0 -32767.0 -32767.0 -32767.0 -32767.0 -32767.0 -32767.0 -32767.0 -32767.0 -32767.0 -32767.0 -32767.0 -32767.0 -32767.0 -32767.0 -32767.0 -32767.0 -32767.0 -32767.0 -32767.0 -32767.0 -32767.0 -32767.0 -32767.0 -32767.0 -32767.0 -32767.0 -32767.0 26.610882 24.675781 23.62918 23.047323 23.945364 25.083015 26.704391 29.23211 30.76346 29.660275 -32767.0 30.605669 31.107414 -32767.0 -32767.0 -32767.0 -32767.0 -32767.0 29.968218 30.001724 29.998877 30.187883 30.453398 29.73268 29.460281
-32767.0 -32767.0 -32767.0 -32767.0 -32767.0 -32767.0 -32767.0 -32767.0 -32767.0 -32767.0 -32767.0 -32767.0 -32767.0 -32767.0 -32767.0 -32767.0 -32767.0 -32767.0 -32767.0 -32767.0 -32767.0 -32767.0 -32767.0 -32767.0 -32767.0 -32767.0 -32767.0 -32767.0 -32767.0 -32767.0 -32767.0 -32767.0 -32767.0 -32767.0 -32767.0 25.376146 23.123516 23.297167 25.439047 25.020922 25.88715 27.469591 28.891123 29.21967 30.11568 29.62646 -32767.0 31.1825 31.009539 -32767.0 -32767.0 -32767.0 -32767.0 -32767.0 30.422491 29.75525 30.136024 30.187569 30.352592 30.326015 29.526035
-32767.0 -32767.0 -32767.0 -32767.0 -32767.0 -32767.0 -32767.0 -32767.0 -32767.0 -32767.0 -32767.0 -32767.0 -32767.0 -32767.0 -32767.0 -32767.0 -32767.0 -32767.0 -32767.0 -32767.0 -32767.0 -32767.0 -32767.0 -32767.0 -32767.0 -32767.0 -32767.0 -32767.0 -32767.0 -32767.0 -32767.0 -32767.0 -32767.0 -32767.0 -32767.0 25.357258 26.416962 27.123758 27.851488 27.974926 27.524303 28.518782 27.94168 27.391272 22.733757 24.958817 30.397856 31.015858 30.821203 -32767.0 -32767.0 -32767.0 -32767.0 -32767.0 30.872814 30.064817 30.357204 30.338465 30.527466 30.49457 29.545715
-32767.0 -32767.0 -32767.0 -32767.0 -32767.0 -32767.0 -32767.0 -32767.0 -32767.0 -32767.0 -32767.0 -32767.0 -32767.0 -32767.0 -32767.0 -32767.0 -32767.0 -32767.0 -32767.0 -32767.0 -32767.0 -32767.0 -32767.0 -32767.0 -32767.0 -32767.0 -32767.0 31.788202 -32767.0 28.317976 -32767.0 27.404978 27.38292 26.785126 26.856735 27.300688 27.541475 28.047735 28.578764 28.601454 29.282417 28.50378 29.56165 29.520758 29.374208 30.281622 31.125805 31.246372 30.849197 -32767.0 -32767.0 -32767.0 -32767.0 29.30874 30.514238 30.538834 30.936373 30.67494 30.535822 30.424133 29.821344
-32767.0 -32767.0 -32767.0 -32767.0 -32767.0 -32767.0 -32767.0 -32767.0 -32767.0 -32767.0 -32767.0 -32767.0 -32767.0 -32767.0 -32767.0 -32767.0 -32767.0 -32767.0 -32767.0 -32767.0 -32767.0 -32767.0 -32767.0 32.028404 -32767.0 -32767.0 25.47847 26.106092 26.992418 27.382277 27.628834 27.883377 27.970211 27.983154 28.154518 28.475422 28.581745 29.000505 29.252625 29.586357 29.687227 30.09606 30.191908 30.36669 30.579922 30.655071 30.743147 30.66285 30.754385 30.754679 -32767.0 -32767.0 29.17234 30.062532 31.150286 30.790646 30.415165 30.542656 30.279507 30.180534 30.11728
-32767.0 -32767.0 -32767.0 -32767.0 -32767.0 -32767.0 -32767.0 -32767.0 -32767.0 -32767.0 -32767.0 -32767.0 -32767.0 -32767.0 -32767.0 -32767.0 -32767.0 -32767.0 -32767.0 -32767.0 -32767.0 -32767.0 -32767.0 31.808159 32.14455 28.137312 27.497381 28.401577 28.718056 29.356451 29.67187 29.738955 29.689932 29.549545 29.461603 29.775288 29.87644 29.9025 30.087725 30.135204 30.198915 30.271336 30.57576 30.828363 30.63385 30.71864 30.591846 30.680618 30.585445 30.666899 30.793032 -32767.0 28.580822 30.51725 30.492369 30.20237 30.598936 30.085186 30.053398 30.197802 30.149487
-32767.0 -32767.0 -32767.0 -32767.0 -32767.0 -32767.0 -32767.0 -32767.0 -32767.0 -32767.0 -32767.0 -32767.0 -32767.0 -32767.0 -32767.0 -32767.0 -32767.0 -32767.0 -32767.0 -32767.0 32.5452 31.29784 30.436342 29.347466 27.28238 -32767.0 29.219032 30.107344 30.65878 30.673697 30.59546 30.592752 30.625336 30.648932 30.743374 30.732754 30.699244 30.753809 30.745295 30.758434 30.713823 30.764864 30.745575 30.765627 30.825478 30.800798 30.791828 30.772572 30.725336 30.722664 30.610224 -32767.0 28.876122 30.835817 30.606197 30.605871 30.3312 30.080477 29.952953 30.229433 29.976728
-32767.0 -32767.0 32.16333 -32767.0 -32767.0 -32767.0 -32767.0 -32767.0 -32767.0 -32767.0 -32767.0 -32767.0 -32767.0 -32767.0 -32767.0 -32767.0 31.988632 -32767.0 31.582462 31.958242 30.312979 27.275017 27.24532 28.26198 29.331095 30.14648 30.421518 30.48093 30.426666 30.47246 30.591808 30.666147 30.730421 30.786154 30.781898 30.779772 30.766613 30.732704 30.7275 30.744007 30.74383 30.751143 30.76722 30.81889 30.880636 30.852371 30.829573 30.834791 30.793396 30.823374 30.623564 30.687706 30.692286 30.748043 30.83417 30.572292 29.935955 29.839624 29.95651 29.987335 29.723358
-32767.0 31.566721 31.721767 31.860016 32.13933 -32767.0 33.000847 32.75881 -32767.0 -32767.0 -32767.0 -32767.0 -32767.0 32.23298 31.585386 29.358393 29.009474 28.98211 29.151539 29.318348 29.531282 29.637705 29.807076 30.131409 30.316088 30.320803 30.306705 30.298948 30.300224 30.440924 30.54525 30.670855 30.669252 30.671776 30.651365 30.651127 30.654264 30.69914 30.717003 30.693789 30.7205 30.779957 30.868845 30.892622 30.86153 30.944828 30.882854 30.782179 30.850168 30.870012 30.779219 30.709 30.678997 30.761 30.80545 30.262407 29.920631 29.882597 29.90897 29.762878 29.685846
31.123909 30.163885 30.194368 30.791716 31.420603 31.925987 32.455677 32.98726 -32767.0 -32767.0 -32767.0 31.098948 29.603207 28.908293 28.821495 29.142849 29.25627 29.385836 29.535856 29.678965 29.791218 29.986422 30.131014 30.116386 30.078302 30.076376 30.120354 30.248793 30.375895 30.445707 30.591438 30.627806 30.626272 30.643005 30.65239 30.678698 30.830101 30.776762 30.77289 30.798756 30.754662 30.724663 30.947151 30.958916 30.988632 30.90195 30.897718 30.842476 30.86206 30.590397 30.520018 30.583185 30.584682 30.663292 30.706652 30.274734 29.928404 29.785799 29.806858 29.800962 29.547
29.291256 30.336979 30.384289 30.255333 30.59032 31.419289 32.3572 -32767.0 -32767.0 32.057537 -32767.0 28.183266 28.837511 29.24493 29.415792 29.520626 29.470705 29.515852 29.618029 29.768753 29.869688 29.897924 29.942026 30.075193 30.182396 30.22981 30.229551 30.375828 30.488724 30.504446 30.621012 30.68269 30.68514 30.78828 30.838282 30.875006 30.762835 30.728987 30.824797 30.909498 30.894728 30.883852 30.984062 31.051008 30.999973 30.823328 30.86083 30.755457 30.92571 30.552368 30.405157 30.329922 30.463993 30.478949 30.564228 30.309038 30.109087 29.75355 29.77206 29.680027 29.69271
30.541582 30.545237 30.556696 30.701427 30.478113 30.965475 32.368088 33.209282 -32767.0 -32767.0 31.513014 29.714325 30.00464 29.937738 29.55929 29.618113 29.585688 29.712187 29.791948 29.822128 29.877346 29.89072 29.81444 29.679396 29.861305 30.168238 30.38453 30.528528 30.51091 30.582354 30.664425 30.771435 30.78184 30.799051 30.866186 30.99996 30.815905 30.857456 30.978344 30.982275 30.841497 31.07864 31.0336 30.96136 30.924238 30.931068 30.849152 30.83336 30.919798 30.73335 30.455256 30.349735 30.609625 30.563868 30.547945 30.51365 30.167068 29.886042 29.697264 29.623096 29.737215
30.394901 30.18063 30.400635 30.620932 30.822058 30.903717 31.645607 32.48147 -32767.0 -32767.0 31.383959 31.140282 30.734417 29.855019 29.2619 28.45012 28.057892 28.199715 28.353056 28.52982 28.586924 28.724806 29.185987 29.468163 30.4148 30.580648 30.601126 30.596811 30.544468 30.621733 30.725605 30.851767 30.826887 30.827248 30.807013 30.83634 30.829128 30.945541 30.866993 30.822006 30.96495 30.967196 30.896975 30.909952 31.12079 31.00947 30.863985 30.926708 30.941519 30.919775 30.767458 30.399263 30.575623 30.577385 30.645844 30.55092 -32767.0 30.618704 30.629068 29.84517 29.776495
30.20415 30.071194 30.298317 30.640867 30.972569 31.225914 31.430614 31.943695 32.035732 31.675234 31.167376 31.181604 31.135588 29.54409 27.51721 27.138824 27.717459 28.139317 28.3271 28.290264 28.3366 28.611477 29.610735 30.406332 30.647135 30.601213 30.542082 30.53104 30.570707 30.7897 30.84614 30.913454 30.852316 30.833357 30.800266 30.842728 30.863544 30.96939 30.896566 30.881868 30.983181 30.937366 30.917358 30.846102 30.897802 31.022552 31.032127 31.02068 30.819147 30.883617 30.828192 30.864511 30.378641 30.540495 30.636013 30.699238 30.697645 30.800646 30.721289 30.727083 29.870443
29.89449 30.020214 30.090126 30.55996 31.100576 31.506401 31.715261 32.074993 31.858866 -32767.0 -32767.0 -32767.0 30.35872 29.7921 27.633993 28.575575 29.530628 29.952572 29.962639 29.833174 29.251816 29.036757 30.025833 30.630178 30.564154 30.518286 30.534042 30.540419 30.809792 30.874872 30.907936 30.916565 30.919647 30.877232 30.80407 30.818897 30.873228 30.991602 30.894901 30.907162 30.922628 30.954292 30.886908 30.853926 30.791908 30.727459 30.730614 31.012922 30.957384 30.669334 30.66192 30.781733 30.775028 30.587877 30.52579 30.686035 30.81056 30.906982 30.806433 30.872904 30.14821
