static/data/thetao/2023/7/11/6.asc
ncols 137
nrows 93
xllcorner 108.0
yllcorner 17.0
cellsize 0.25
NODATA_value -32767
[rows 54 to 80 of 93, columns 0 to 60 of 137]
-32767.0 -32767.0 -32767.0 -32767.0 -32767.0 -32767.0 -32767.0 -32767.0 -32767.0 -32767.0 -32767.0 -32767.0 -32767.0 -32767.0 -32767.0 -32767.0 -32767.0 -32767.0 -32767.0 -32767.0 -32767.0 -32767.0 -32767.0 -32767.0 -32767.0 -32767.0 -32767.0 -32767.0 -32767.0 -32767.0 -32767.0 -32767.0 -32767.0 -32767.0 -32767.0 -32767.0 -32767.0 -32767.0 -32767.0 -32767.0 -32767.0 -32767.0 -32767.0 -32767.0 -32767.0 -32767.0 -32767.0 -32767.0 26.330612 25.94701 25.559782 26.95313 27.766684 28.876156 28.992235 29.639795 29.87094 29.567015 29.442574 29.379229 29.58461
-32767.0 -32767.0 -32767.0 -32767.0 -32767.0 -32767.0 -32767.0 -32767.0 -32767.0 -32767.0 -32767.0 -32767.0 -32767.0 -32767.0 -32767.0 -32767.0 -32767.0 -32767.0 -32767.0 -32767.0 -32767.0 -32767.0 -32767.0 -32767.0 -32767.0 -32767.0 -32767.0 -32767.0 -32767.0 -32767.0 -32767.0 -32767.0 -32767.0 -32767.0 -32767.0 -32767.0 -32767.0 -32767.0 -32767.0 -32767.0 -32767.0 -32767.0 -32767.0 -32767.0 -32767.0 -32767.0 -32767.0 30.782017 -32767.0 26.456207 26.044306 27.319159 28.557821 29.262337 30.075027 29.863548 29.79865 29.824488 29.710371 29.69644 29.701298
-32767.0 -32767.0 -32767.0 -32767.0 -32767.0 -32767.0 -32767.0 -32767.0 -32767.0 -32767.0 -32767.0 -32767.0 -32767.0 -32767.0 -32767.0 -32767.0 -32767.0 -32767.0 -32767.0 -32767.0 -32767.0 -32767.0 -32767.0 -32767.0 -32767.0 -32767.0 -32767.0 -32767.0 -32767.0 -32767.0 -32767.0 -32767.0 -32767.0 -32767.0 -32767.0 -32767.0 -32767.0 -32767.0 -32767.0 -32767.0 -32767.0 -32767.0 -32767.0 -32767.0 -32767.0 -32767.0 -32767.0 30.674597 27.871828 25.52751 26.940872 27.796284 29.014399 29.659122 30.235394 29.96 30.126642 29.567188 29.600876 29.656168 29.718805
-32767.0 -32767.0 -32767.0 -32767.0 -32767.0 -32767.0 -32767.0 -32767.0 -32767.0 -32767.0 -32767.0 -32767.0 -32767.0 -32767.0 -32767.0 -32767.0 -32767.0 -32767.0 -32767.0 -32767.0 -32767.0 -32767.0 -32767.0 -32767.0 -32767.0 -32767.0 -32767.0 -32767.0 -32767.0 -32767.0 -32767.0 -32767.0 -32767.0 -32767.0 -32767.0 -32767.0 -32767.0 -32767.0 -32767.0 -32767.0 -32767.0 -32767.0 -32767.0 -32767.0 -32767.0 -32767.0 -32767.0 28.60223 26.644741 25.700954 27.496408 28.772686 29.000608 30.068316 30.215265 29.611134 29.789879 28.972523 28.912056 29.358084 29.51389
-32767.0 -32767.0 -32767.0 -32767.0 -32767.0 -32767.0 -32767.0 -32767.0 -32767.0 -32767.0 -32767.0 -32767.0 -32767.0 -32767.0 -32767.0 -32767.0 -32767.0 -32767.0 -32767.0 -32767.0 -32767.0 -32767.0 -32767.0 -32767.0 -32767.0 -32767.0 -32767.0 -32767.0 -32767.0 -32767.0 -32767.0 -32767.0 -32767.0 -32767.0 -32767.0 -32767.0 -32767.0 -32767.0 -32767.0 -32767.0 -32767.0 -32767.0 -32767.0 -32767.0 -32767.0 31.218664 -32767.0 29.027647 26.839928 25.999384 26.96516 28.976242 28.989887 29.866129 30.093575 29.991295 30.074816 28.85264 29.655704 29.542566 29.781534
-32767.0 -32767.0 -32767.0 -32767.0 -32767.0 -32767.0 -32767.0 -32767.0 -32767.0 -32767.0 -32767.0 -32767.0 -32767.0 -32767.0 -32767.0 -32767.0 -32767.0 -32767.0 -32767.0 -32767.0 -32767.0 -32767.0 -32767.0 -32767.0 -32767.0 -32767.0 -32767.0 -32767.0 -32767.0 -32767.0 -32767.0 -32767.0 -32767.0 -32767.0 -32767.0 -32767.0 -32767.0 -32767.0 -32767.0 -32767.0 -32767.0 -32767.0 -32767.0 -32767.0 -32767.0 -32767.0 28.0593 27.049713 26.657375 26.468996 27.283527 28.986263 29.373146 29.807186 30.12036 30.480125 29.845888 29.89724 29.696552 29.507805 29.641012
-32767.0 -32767.0 -32767.0 -32767.0 -32767.0 -32767.0 -32767.0 -32767.0 -32767.0 -32767.0 -32767.0 -32767.0 -32767.0 -32767.0 -32767.0 -32767.0 -32767.0 -32767.0 -32767.0 -32767.0 -32767.0 -32767.0 -32767.0 -32767.0 -32767.0 -32767.0 -32767.0 -32767.0 -32767.0 -32767.0 -32767.0 -32767.0 -32767.0 -32767.0 -32767.0 -32767.0 -32767.0 -32767.0 -32767.0 -32767.0 -32767.0 -32767.0 -32767.0 -32767.0 29.212828 27.04333 26.848507 27.075787 26.953424 27.709198 28.277695 29.112434 -32767.0 -32767.0 -32767.0 -32767.0 30.023882 29.906935 29.442318 29.44673 29.657377
-32767.0 -32767.0 -32767.0 -32767.0 -32767.0 -32767.0 -32767.0 -32767.0 -32767.0 -32767.0 -32767.0 -32767.0 -32767.0 -32767.0 -32767.0 -32767.0 -32767.0 -32767.0 -32767.0 -32767.0 -32767.0 -32767.0 -32767.0 -32767.0 -32767.0 -32767.0 -32767.0 -32767.0 -32767.0 -32767.0 -32767.0 -32767.0 -32767.0 -32767.0 -32767.0 -32767.0 -32767.0 -32767.0 -32767.0 -32767.0 -32767.0 -32767.0 -32767.0 27.161137 25.915226 26.534718 27.972132 28.440243 28.275362 29.688938 29.458797 29.520079 -32767.0 -32767.0 -32767.0 -32767.0 30.178778 29.3347 29.567991 29.523771 29.575146
-32767.0 -32767.0 -32767.0 -32767.0 -32767.0 -32767.0 -32767.0 -32767.0 -32767.0 -32767.0 -32767.0 -32767.0 -32767.0 -32767.0 -32767.0 -32767.0 -32767.0 -32767.0 -32767.0 -32767.0 -32767.0 -32767.0 -32767.0 -32767.0 -32767.0 -32767.0 -32767.0 -32767.0 -32767.0 -32767.0 -32767.0 -32767.0 -32767.0 -32767.0 -32767.0 -32767.0 -32767.0 -32767.0 -32767.0 -32767.0 -32767.0 29.719858 29.691502 27.14619 26.461964 28.124495 29.40741 28.880112 29.41712 29.496933 29.583248 -32767.0 -32767.0 -32767.0 -32767.0 -32767.0 29.648527 29.750174 29.483196 29.577475 29.470703
-32767.0 -32767.0 -32767.0 -32767.0 -32767.0 -32767.0 -32767.0 -32767.0 -32767.0 -32767.0 -32767.0 -32767.0 -32767.0 -32767.0 -32767.0 -32767.0 -32767.0 -32767.0 -32767.0 -32767.0 -32767.0 -32767.0 -32767.0 -32767.0 -32767.0 -32767.0 -32767.0 -32767.0 -32767.0 -32767.0 -32767.0 -32767.0 -32767.0 -32767.0 -32767.0 -32767.0 -32767.0 -32767.0 -32767.0 -32767.0 -32767.0 27.590416 27.151638 26.877144 27.322636 29.31546 29.53872 28.915648 29.459671 29.927073 31.330236 -32767.0 -32767.0 -32767.0 -32767.0 29.66458 29.789742 29.786303 29.623001 29.597399 29.711645
-32767.0 -32767.0 -32767.0 -32767.0 -32767.0 -32767.0 -32767.0 -32767.0 -32767.0 -32767.0 -32767.0 -32767.0 -32767.0 -32767.0 -32767.0 -32767.0 -32767.0 -32767.0 -32767.0 -32767.0 -32767.0 -32767.0 -32767.0 -32767.0 -32767.0 -32767.0 -32767.0 -32767.0 -32767.0 -32767.0 -32767.0 -32767.0 -32767.0 -32767.0 -32767.0 -32767.0 -32767.0 -32767.0 -32767.0 28.481358 26.363981 26.328182 26.335094 26.442287 29.218752 29.969296 29.89551 27.789223 31.062008 31.37542 -32767.0 -32767.0 -32767.0 -32767.0 -32767.0 29.252533 29.913506 29.986065 29.758158 29.524202 29.737513
-32767.0 -32767.0 -32767.0 -32767.0 -32767.0 -32767.0 -32767.0 -32767.0 -32767.0 -32767.0 -32767.0 -32767.0 -32767.0 -32767.0 -32767.0 -32767.0 -32767.0 -32767.0 -32767.0 -32767.0 -32767.0 -32767.0 -32767.0 -32767.0 -32767.0 -32767.0 -32767.0 -32767.0 -32767.0 -32767.0 -32767.0 -32767.0 -32767.0 -32767.0 -32767.0 -32767.0 -32767.0 -32767.0 27.318478 25.330702 25.055523 25.114147 25.26647 27.850513 30.098484 30.45425 29.788494 29.928421 31.176306 31.60824 -32767.0 -32767.0 -32767.0 -32767.0 -32767.0 29.116737 30.070776 30.081112 29.907492 29.608448 29.689505
-32767.0 -32767.0 -32767.0 -32767.0 -32767.0 -32767.0 -32767.0 -32767.0 -32767.0 -32767.0 -32767.0 -32767.0 -32767.0 -32767.0 -32767.0 -32767.0 -32767.0 -32767.0 -32767.0 -32767.0 -32767.0 -32767.0 -32767.0 -32767.0 -32767.0 -32767.0 -32767.0 -32767.0 -32767.0 -32767.0 -32767.0 -32767.0 -32767.0 -32767.0 -32767.0 -32767.0 26.796944 25.22842 24.09811 23.89178 24.88435 26.396748 27.398306 29.634386 31.033442 30.578264 -32767.0 30.610846 31.141106 -32767.0 -32767.0 -32767.0 -32767.0 -32767.0 29.474813 29.8058 30.20256 30.483948 30.143114 29.812296 29.791763
-32767.0 -32767.0 -32767.0 -32767.0 -32767.0 -32767.0 -32767.0 -32767.0 -32767.0 -32767.0 -32767.0 -32767.0 -32767.0 -32767.0 -32767.0 -32767.0 -32767.0 -32767.0 -32767.0 -32767.0 -32767.0 -32767.0 -32767.0 -32767.0 -32767.0 -32767.0 -32767.0 -32767.0 -32767.0 -32767.0 -32767.0 -32767.0 -32767.0 -32767.0 -32767.0 25.686157 23.845028 24.035889 25.391163 25.406149 26.205208 27.925112 29.190918 29.577116 30.754519 30.726658 -32767.0 31.454067 31.262423 -32767.0 -32767.0 -32767.0 -32767.0 -32767.0 30.518671 30.056177 30.394644 30.705526 30.83815 30.209667 29.954044
-32767.0 -32767.0 -32767.0 -32767.0 -32767.0 -32767.0 -32767.0 -32767.0 -32767.0 -32767.0 -32767.0 -32767.0 -32767.0 -32767.0 -32767.0 -32767.0 -32767.0 -32767.0 -32767.0 -32767.0 -32767.0 -32767.0 -32767.0 -32767.0 -32767.0 -32767.0 -32767.0 -32767.0 -32767.0 -32767.0 -32767.0 -32767.0 -32767.0 -32767.0 -32767.0 25.00542 25.816135 27.285212 28.329287 28.507523 27.489532 28.940575 28.037954 28.369808 24.89005 25.517464 30.408651 31.444538 31.185371 -32767.0 -32767.0 -32767.0 -32767.0 -32767.0 30.783241 30.452711 30.434753 30.682825 30.850681 30.700949 29.855991
-32767.0 -32767.0 -32767.0 -32767.0 -32767.0 -32767.0 -32767.0 -32767.0 -32767.0 -32767.0 -32767.0 -32767.0 -32767.0 -32767.0 -32767.0 -32767.0 -32767.0 -32767.0 -32767.0 -32767.0 -32767.0 -32767.0 -32767.0 -32767.0 -32767.0 -32767.0 -32767.0 32.059643 -32767.0 28.848385 -32767.0 27.855305 27.749474 27.19511 27.286448 27.59703 27.727617 28.261326 28.781042 29.103006 29.518652 28.690052 29.680988 30.118176 30.021095 30.66974 31.32059 31.48373 31.015343 -32767.0 -32767.0 -32767.0 -32767.0 29.589611 30.985651 30.863522 31.152884 30.882427 30.876656 30.830782 29.927351
-32767.0 -32767.0 -32767.0 -32767.0 -32767.0 -32767.0 -32767.0 -32767.0 -32767.0 -32767.0 -32767.0 -32767.0 -32767.0 -32767.0 -32767.0 -32767.0 -32767.0 -32767.0 -32767.0 -32767.0 -32767.0 -32767.0 -32767.0 32.135586 -32767.0 -32767.0 25.9358 27.28775 27.598705 28.065798 28.165386 28.265406 28.273989 28.290592 28.60067 28.800356 28.976797 29.392097 29.64429 30.112097 30.387054 30.45696 30.72646 30.93741 31.296364 31.15994 31.342186 31.026882 31.066372 31.147446 -32767.0 -32767.0 29.852787 30.975882 31.568863 30.700285 30.722673 31.11352 30.759651 30.666704 30.133514
-32767.0 -32767.0 -32767.0 -32767.0 -32767.0 -32767.0 -32767.0 -32767.0 -32767.0 -32767.0 -32767.0 -32767.0 -32767.0 -32767.0 -32767.0 -32767.0 -32767.0 -32767.0 -32767.0 -32767.0 -32767.0 -32767.0 -32767.0 31.936718 32.299427 28.517704 27.970934 28.602734 29.066618 29.57358 29.819277 29.788294 29.795534 29.672068 29.875093 30.06764 30.123953 30.205177 30.386118 30.529173 30.581635 30.856777 31.251724 31.43732 31.49435 31.486128 31.466463 31.29728 31.072477 31.055443 31.217773 -32767.0 29.27215 31.03709 31.054918 30.62805 31.265469 30.991142 30.556347 30.594671 30.154444
-32767.0 -32767.0 -32767.0 -32767.0 -32767.0 -32767.0 -32767.0 -32767.0 -32767.0 -32767.0 -32767.0 -32767.0 -32767.0 -32767.0 -32767.0 -32767.0 -32767.0 -32767.0 -32767.0 -32767.0 32.658867 31.455297 30.58852 29.568628 27.892157 -32767.0 29.379837 30.31761 30.814077 30.775478 30.760475 30.805037 30.859041 30.94229 31.021805 31.000305 31.073282 31.063108 31.110676 31.201305 31.238682 31.38983 31.479712 31.60053 31.683975 31.61581 31.672306 31.29238 31.22938 31.04508 30.904356 -32767.0 29.579243 31.498447 31.027588 31.032875 30.794857 30.643148 30.45124 30.58105 30.115456
-32767.0 -32767.0 32.216206 -32767.0 -32767.0 -32767.0 -32767.0 -32767.0 -32767.0 -32767.0 -32767.0 -32767.0 -32767.0 -32767.0 -32767.0 -32767.0 32.12193 -32767.0 31.679186 32.05029 30.52121 27.81113 27.560898 28.529243 29.581776 30.385283 30.608019 30.737947 30.693735 30.74749 30.819698 30.882984 30.951475 31.010506 31.022594 31.030157 31.069912 31.168846 31.27282 31.340475 31.404337 31.508623 31.642666 31.768385 31.834454 31.80723 31.700407 31.407827 31.275576 31.125013 30.980112 30.944725 30.910196 30.911207 31.021637 30.90325 30.682678 30.34271 30.435621 30.171267 30.054337
-32767.0 31.597597 31.755655 31.898039 32.208076 -32767.0 33.06796 32.81318 -32767.0 -32767.0 -32767.0 -32767.0 -32767.0 32.30984 32.00453 29.992277 29.473951 29.379347 29.589909 29.613066 29.854166 29.87021 30.072529 30.366632 30.51288 30.537374 30.549002 30.539623 30.566864 30.666084 30.745096 30.861073 30.919128 30.979343 31.024578 31.087996 31.224766 31.314754 31.401836 31.411661 31.45679 31.580729 31.803236 31.877958 31.860003 31.949667 31.678102 31.34069 31.251804 31.21918 31.143858 31.082571 31.050325 31.039312 30.943268 30.478346 30.462069 30.41857 30.310263 30.170506 30.043144
31.129215 30.184082 30.150658 30.872093 31.507803 32.009823 32.518955 33.068104 -32767.0 -32767.0 -32767.0 31.239538 29.92031 29.220713 29.125713 29.416653 29.532454 29.66804 29.827028 29.929388 30.058538 30.24255 30.317919 30.26524 30.261503 30.299608 30.363579 30.50366 30.629635 30.736847 30.858162 30.92562 31.004925 31.097939 31.190002 31.299162 31.433569 31.482618 31.480734 31.516018 31.491762 31.614016 31.907164 31.91189 32.011467 31.867584 31.510433 31.347713 31.295717 31.226639 30.935953 30.920311 31.132032 30.967485 30.933115 30.478136 30.27002 30.30549 30.180975 30.132593 29.901827
29.390945 30.350687 30.485989 30.285236 30.715687 31.559647 32.453735 -32767.0 -32767.0 32.21879 -32767.0 29.165665 29.350868 29.6282 29.739697 29.719189 29.677467 29.790722 29.884876 30.004932 30.093132 30.0836 30.11759 30.306358 30.41088 30.461224 30.470926 30.646946 30.757086 30.823414 30.938763 31.054012 31.13033 31.295603 31.429337 31.525389 31.532875 31.439384 31.588697 31.7039 31.673437 31.652428 31.86817 31.971638 31.946903 31.655651 31.446556 31.22762 31.22049 31.20171 30.835304 30.842253 30.845459 30.80124 30.812405 30.651133 30.402782 30.171305 30.083033 29.948702 29.94167
30.580647 30.584871 30.626377 30.754173 30.630688 31.178215 32.58084 33.299908 -32767.0 -32767.0 31.639158 30.5853 30.461802 30.073778 29.8118 29.872553 29.850359 29.954912 30.04415 30.084036 30.151352 30.1722 30.060083 29.916952 30.210966 30.454302 30.66416 30.829008 30.81863 30.926197 31.042288 31.210049 31.325104 31.43917 31.545773 31.560755 31.626623 31.644512 31.787134 31.73299 31.595848 31.76696 31.85078 31.805407 31.749681 31.558737 31.337788 31.21277 31.20239 31.148043 30.698334 30.634172 30.708273 30.878834 30.886654 30.769878 30.509295 30.16 29.979492 29.85297 29.965384
30.420946 30.250542 30.502106 30.76811 31.06178 31.334324 32.041843 32.720444 -32767.0 -32767.0 31.522106 31.35647 31.067947 30.158543 29.568327 28.985023 28.589521 28.751663 28.798456 28.819725 28.899628 28.938822 29.301296 29.825632 30.706614 30.835411 30.88969 30.91278 30.90127 31.082853 31.242039 31.436867 31.47269 31.557518 31.632833 31.65022 31.623167 31.77521 31.66299 31.572285 31.546486 31.691986 31.679037 31.587805 31.686703 31.62214 31.385977 31.238337 31.251167 31.236824 30.83016 30.68228 30.72654 30.908625 30.8215 30.734087 -32767.0 30.89336 30.677986 30.004145 30.09098
30.175512 30.133112 30.421257 30.82738 31.339436 31.834808 31.99656 32.233006 32.246983 32.09381 31.463642 31.502031 31.356678 29.87366 27.99865 27.247759 27.81615 28.348188 28.423168 28.31419 28.58158 28.94838 29.824934 30.618017 30.902554 30.893242 30.879196 30.872583 31.083324 31.323782 31.457035 31.561378 31.592714 31.624323 31.634619 31.642908 31.64768 31.802963 31.577534 31.447685 31.579397 31.455402 31.460405 31.44902 31.427876 31.482447 31.456188 31.31194 31.05 31.007614 31.210842 30.980354 30.43358 30.798914 30.887125 30.911526 30.867846 30.882372 30.860207 30.565758 30.148146
29.944216 30.131636 30.182388 30.728748 31.612253 32.325554 32.118458 32.30556 32.168198 -32767.0 -32767.0 -32767.0 30.45428 30.119776 27.671247 28.791426 29.751408 30.095577 30.052513 29.666811 29.583807 29.371222 30.207848 30.822926 30.833895 30.843502 30.864576 30.996735 31.390667 31.550388 31.579952 31.64037 31.697197 31.717867 31.705532 31.61464 31.631401 31.677479 31.561949 31.398499 31.391079 31.396124 31.457825 31.40601 31.234291 31.12646 31.163383 31.305656 31.182611 31.096859 30.88927 31.109379 30.976776 30.826986 30.687296 30.849266 30.914436 31.04461 31.013103 31.071638 30.38823
