static/data/precipitation/2023/7/31/0.asc
ncols 137
nrows 93
xllcorner 108.0
yllcorner 17.0
cellsize 0.25
NODATA_value -32767
[rows 57 to 75 of 93, columns 86 to 128 of 137]
0.5638384272217516 0.4666439480924406 0.3357627460830806 0.33134481521356757 0.38546446836511605 0.31422533309419937 0.2744639552685717 0.2562399904318252 0.2512698182036213 0.23580706016032224 0.20598602679109887 0.3075984367899264 0.30373274727910415 0.2844042997249795 0.3396284355939062 0.5494801518958308 0.4114198122235103 0.20156809592158584 0.17450826934581332 0.2297324052147401 0.4346139492884607 0.8322277275447411 0.8940787597179409 1.344707708408388 2.1846668149747805 2.773908344696237 2.851222134912736 2.7507142076312885 2.439802322689224 1.9295313072603335 1.4811113240046394 1.3634839146038253 1.3899914998209104 1.4750366690590573 1.5495892524821122 1.2375728848226693 0.941019275206529 0.5643906685804424 0.2650758521708547 0.1607022353785799 0.08725413467290666 0.11817965075950482 0.06682120440140368
0.3457030905394884 0.39871826097365864 0.4666439480924406 0.2882699892358016 0.29765809233352203 0.2496130941275522 0.2253144743452236 0.2253144743452236 0.2418817151059044 0.34128515966997186 0.21316516445406275 0.4047929159192408 1.0144673759122023 1.0917811661287011 1.2502744360725244 1.494365116613182 1.41263339552717 1.4164990850379957 1.090124442052632 0.39209136466938566 0.28274757564891034 0.35398671091982703 0.509718774070203 0.9012578973809013 1.299423916995869 2.0140242351397926 2.6452361081216353 2.67340041741479 2.7247588637728923 2.5115936993188317 1.9571433751947969 1.4071109819402787 1.2690506422679584 1.2596625391702414 1.449081325200663 1.3297971917237799 0.9062280696091017 0.49370377466821314 0.20819499222585885 0.14965740820479384 0.10161240999882748 0.10271689271620574 0.13529913287887302
0.2446429218993483 0.32637464298536367 0.35730015907196183 0.2805386102141538 0.2772251620620156 0.30704619543123896 0.4660917067337497 0.4810022234183614 0.8289142793926063 1.1508709915084534 1.1000647865090398 1.0774228908027803 1.4921561511784254 2.0554423370414896 2.35917508432059 2.71868420882731 2.758445586652938 3.2753434983861016 3.2742390156687216 2.454160598015145 0.9377058270543908 0.3749718825500209 0.20432930271503322 0.3009715404856568 0.5743310130368467 0.8140037627079946 1.341946501614944 1.9405761344341195 2.2299506063872996 2.3934140485593267 2.4801159418735423 1.938367168999363 1.4385887393855676 1.2353639193879127 1.2182444372685446 1.2309459885183998 0.8957354837940066 0.5240770493961239 0.2446429218993483 0.10934378902047875 0.07731379021649887 0.07897051429256799 0.0817317210860119
0.23580706016032224 0.33134481521356757 0.4688529135271971 0.3451508491807975 1.0023180660210378 0.3832555029303596 0.47327084439671013 1.186214438464568 1.594873043894631 1.4965740820479418 1.2182444372685446 1.3933049479730453 1.9864121672053294 2.5259519746447525 2.986521267791609 3.411747113982353 3.5448372814264677 3.8767343379987227 3.909868819520079 3.8463610632708134 2.3983842207875306 1.2745730558548496 0.4235691221146747 0.18776206195435588 0.10106016864013662 0.3280313670614293 0.4147332603756486 0.8813772084680858 1.1674382322691308 1.7726947613925792 2.005740614759454 2.409981289320004 1.9466507893797016 1.5987387334054568 1.2464087465616989 1.1392739229759765 0.8465860028706619 0.46995739624457533 0.1678813730415403 0.07013465255353846 0.05467189451023938 0.054119653151548514 0.05467189451023938
0.25071757684493046 0.42301688075598726 0.5605249790696167 0.5113754981462721 1.2756775385722279 0.5119277395049595 0.4638827412989932 1.1784830594429168 1.3099165028109643 1.0730049599332638 0.796332039229939 1.6241418359051636 2.4022499102983526 3.1825669501263016 3.644240725990537 3.7265246884352394 3.677375207511895 3.6436884846318476 3.5625090049045247 3.4984490072965686 3.438254699199438 2.4966831826342197 1.4060064992229004 0.3307925738548767 0.1927322341825563 0.0817317210860119 0.16843361440023116 0.2672848176056113 0.42080791532123074 1.033795823466327 1.4120811541684826 1.81687407008772 2.42765301279806 2.2349207786155034 1.75723200334928 1.240886332974804 0.9189296208589569 0.49370377466821314 0.1905232687477998 0.07289585934698584 0.04417930869514072 0.04528379141252245 0.04417930869514072
0.2700460243990552 0.42909153570156944 0.6096744599929614 0.6361820452100465 0.7041077323288285 0.6245849766775731 0.6251372180362604 0.7179137662960584 0.7631975577085809 0.627346183471017 0.6599284236336843 2.0935469907910482 3.7210022748483467 4.494692418372025 4.192616395168989 4.074436744409485 3.566374694415349 3.3990455627324994 3.3377467719179887 3.219014879799795 3.169313157517759 2.945103165889914 2.341503360842535 0.9636611709127885 0.28329981700759777 0.16732913168284944 0.12149309891163959 0.2319413706494966 0.3291358497788076 0.557211530917482 0.8537651405336223 1.340289777538875 1.9797852709010564 2.3553093948097645 2.2150400897026876 1.5258428740584709 0.9896165147711827 0.5770922198302941 0.2645236108121639 0.09277654825979795 0.03700017103218031 0.04970172228203548 0.047492756847278966
0.26673257624692037 0.25292654227969047 0.37552412390870826 0.6394954933621813 0.4710618789619536 0.6737344576009177 0.8162127281427511 0.8626010022726518 0.8189739349361985 0.6825703193399473 1.0531242710204516 3.5845986592520953 4.988396193040238 4.695708272934921 4.258333116853013 3.9568093350086686 3.3946276318629844 3.2990898768097394 3.340507978711436 3.1417010895832957 2.9036850639882172 2.7385648977401242 2.3519959466576297 1.8014113120444208 0.7974365219473173 0.22144878483440142 0.11707516804212656 0.30925516086599547 0.5240770493961239 0.4970172228203479 0.9327356548261903 1.3397375361801842 1.3612749491690688 1.475588910417748 1.8146651046529634 1.4888427030262905 0.925004275804539 0.5406442901568012 0.20432930271503322 0.07897051429256799 0.040313619184318555 0.05246292907548286 0.06019430809713067
0.2418817151059044 0.2440906805406609 0.3291358497788076 0.5196591185266108 0.5781967025476724 0.8178694522188202 0.9504073783042459 1.3574092596582432 1.3612749491690688 1.7075302810672446 2.9130731670859356 4.806156544672776 3.8447043391947444 3.2808659119729926 2.938476269585643 2.8506698935540467 2.9318493732813713 3.106909883985872 3.271477808875276 3.3001943595271177 3.079297816051407 2.7694904138267225 2.3641452565487944 1.8041725188378681 1.3309016744411581 0.6400477347208722 0.10989603037916615 0.2418817151059044 0.897944449228763 1.5153502882433758 1.6097835605792428 1.4987830474826984 1.4153946023206174 1.0614078914007903 0.8311232448273629 0.8675711745008557 0.8311232448273629 0.5075098086354466 0.1855530965195959 0.11265723717261353 0.04804499820596636 0.04473155005383159 0.040313619184318555
0.2545832663557561 0.23028464657342748 0.266180334888233 0.37883757206084306 0.6383910106448031 1.5678132173188586 3.2758957397447905 4.525617934458622 5.8355344372695885 7.699901264204586 8.2913517593608 7.015674220788573 4.615081034566286 2.914177649803314 2.17748767731182 2.0742185432369236 2.309473362038555 2.328249568233992 2.42765301279806 2.652967487143285 2.8180876533913795 2.7435350699683263 2.413294737472139 1.9891733739987767 1.475588910417748 1.030482375314192 0.5527936000479655 0.09332878961848881 0.25568774907313435 2.840729549097639 2.6154150747524154 1.980337512259747 1.6346344217202589 1.3496778806365919 0.7146003181439237 0.6185103217319909 0.7168092835786801 0.5699130821673337 0.28661326515973595 0.12480654706377783 0.12867223657460347 0.0347912055974238 0.014358275325920822
0.3307925738548767 0.2650758521708547 0.3053894713551698 0.5610772204283042 1.0393182370532181 3.785614513814992 6.29168579954693 7.990932460233835 9.721104637007338 11.439679745248368 11.27014164813076 10.521302365748102 8.358725205120894 4.782962407607826 2.304503189810351 1.4153946023206174 1.5595295969385163 1.7544707965558328 1.7373513144364645 1.9709494091620303 2.3177569824188935 2.4221305992111684 2.4502949085043224 2.2470700885066677 1.6622464896547222 1.0984080624329706 0.6803613539051907 0.46001705178816754 0.14965740820479384 1.9571433751947969 3.6138674512626277 3.0500290240408763 2.0328004413352265 1.9008147566084919 1.0343480648250143 0.685883767492082 0.6267939421123296 0.7455258342305253 0.6577194581989277 0.24132947374721353 0.08946310010766317 0.06461223896664717 0.04362706733645333
0.3214044707571598 0.30318050592041335 0.39264360602807646 0.6378387692861156 2.3315630163861267 5.563279447435775 7.712602815454439 9.26937120559951 10.569347363954067 9.49026774907522 9.358834305707173 8.167649695014402 7.319406968067673 4.500767073317607 2.2023385384528362 0.9912732388472518 0.6278984248297079 0.7002420428180028 0.654406010046793 0.9227953103697826 1.3458121911257663 1.8709937232392684 2.1935026767138064 2.2205625032895826 1.9604568233469317 1.3441554670497007 0.8609442781965827 0.7090779045570323 0.24519516325803917 0.48983808515738747 2.4480859430695627 3.9037941645744967 3.5420760746330218 2.098517163019252 1.3866780516687758 0.848242726946731 0.6102267013516522 0.6930629051550424 0.7803170398279491 0.5991818741778663 0.3324492979309458 0.16125447673727075 0.0982989618466927
0.24850861141017394 0.35950912450671835 0.4638827412989932 1.2574535737354848 3.1853281569197494 6.3447009699811 8.047261078820142 9.438909302717118 7.820842121757538 5.325815663199386 4.011481229518906 3.7591069285979066 3.41340383805842 4.079959157996377 2.4248918060046156 1.3634839146038253 0.5273904975482586 0.37441964119133003 0.36834498624574785 0.534569635211219 0.5826146334171889 0.9415715165652163 1.547380287047352 1.9124118251409652 1.7931276916640821 1.5280518394932274 1.1066916828133093 0.8471382442293494 0.46774843080981887 0.2871655065184234 1.3281404676477107 3.199134190886981 4.462110178209357 3.072670919747136 2.353100429375008 1.3286927090064016 0.941019275206529 0.4489722246143815 0.41638998445171427 0.6869882502094603 0.8250485898817806 0.4246736048320529 0.13088120200936
0.38656895108249434 0.3998227436910369 0.6869882502094603 1.9013669979671792 3.969510886258522 6.640702338238554 8.38247158354453 8.67405502093247 4.322945355819658 1.8317845867723317 1.1017215105851088 1.2762297799309188 1.4391409807442552 2.20730871068104 3.1560593649092166 2.013471993781102 0.9653178949888576 0.4688529135271971 0.2717027484751243 0.1778217174979481 0.2048815440737206 0.3197477466810906 0.7560184200456205 1.171856163138644 1.453499256070176 1.4258871881357125 1.26794615955058 0.970288067217058 0.6472268723838326 0.2512698182036213 0.8896608288484243 2.7545798971421123 5.196591185266095 4.2986467360373295 3.59619572778457 2.5342355950250908 1.7345901076430172 0.9564820332498281 0.4992261882551079 0.6632418717858225 1.1768263353668478 0.8344366929794976 0.5047486018419991
0.609122218634274 0.5826146334171889 0.9476461715107986 2.4685188733410692 4.2782138057658265 6.425880449708425 8.288590552567355 8.316202620501818 2.0841588876933312 0.4694051548858845 0.7212272144481967 0.9476461715107986 0.9945866869993867 3.023521438823791 4.1975865673971935 3.3068212558313888 1.3783944312884335 0.6891972156442168 0.21592637124750666 0.08504516923815014 0.05688085994499589 0.0911198241837323 0.263971369453473 0.43903188015797373 0.9172728967828878 1.3077075373762077 1.3988273615599365 1.0890199593352536 0.8432725547185271 0.43516619064715156 0.08228396244470276 1.6937242471000111 5.199352392059541 5.457801347926122 4.80284309652064 4.029152952996964 2.9390285109443317 1.7721425200338883 1.1519754742258317 1.1574978878127231 1.4435589116137681 1.3524390874300394 0.981885135749535
0.9338401375435685 1.0890199593352536 1.5170070123194448 2.700460243990564 4.512916383208769 5.999550120800303 7.921902290397674 8.280306932187017 4.480334143046102 2.836311618228126 1.0464973747161785 1.2508266774312118 2.3818169800268496 5.440681865806756 6.416492346610706 5.588130308576791 3.412299355341042 0.8294665207512937 0.32637464298536367 0.13419465016149476 0.03644792967349292 0.018776206195437323 0.0988512032053801 0.2540310249970687 0.43295722521239155 0.897944449228763 1.2977671929198 1.1276768544435032 0.929974448032743 0.5224203253200548 0.15959775266120163 0.7582273854803769 4.134078811147926 5.915057192920844 5.742757889009789 5.048038259778679 4.030809677073031 2.8009681712720114 1.953829927042662 1.6970376952521495 1.7660678650883062 1.8516652756851437 1.4789023585698828
1.360722707810378 1.859396654706795 2.7225498983381344 3.5763150388717566 4.161690879082389 5.404233936133263 7.062614736277161 8.069902974526402 7.691617643824247 5.398711522546369 3.4377024578407487 3.3852395287652657 4.868007576845974 7.010151807201679 7.8887678088763185 7.393407310132037 3.962331748595562 1.0442884092814222 0.46553946537505886 0.22310550891046707 0.08007499700994625 0.02264189570625949 0.024298619782328612 0.09498551369455446 0.30925516086599547 0.539539807439423 0.9465416887934203 0.9481984128694894 1.0360047889010835 0.6278984248297079 0.1949411996173163 0.7057644564048976 2.9053417880642844 6.0100427066153985 5.938803571344482 5.487070139936654 4.489170004785131 3.423344182514826 2.493369734482085 1.64236580074191 1.708082522425932 1.7732470027512666 1.8179785528050982
1.8770683781848505 2.289040431767052 3.303507807679254 3.99325726468216 4.326258803971795 4.670857411793904 5.568249619663977 7.084152149266042 7.516004891761057 7.578960406651635 7.303944210024374 6.926211120680909 6.808031469921405 6.660583027151367 7.439243342903247 9.152296037557383 5.501980656621265 1.464544083243962 0.39374808874545475 0.3285836084201202 0.14137378782445517 0.061298790814508924 0.01546275804329908 0.012149309891164306 0.1032691340748966 0.4213601566799181 0.6555104927641713 0.7295108348285353 0.8504516923814875 0.8764070362398818 0.5467189451023834 0.1551798217916886 1.2353639193879127 5.089456361680374 5.784728232270175 5.205979288363811 4.6250213790226935 3.9253315775633797 2.634191280947851 1.4275439122117817 1.2640804700397543 1.1994682310731106 1.5672609759601677
1.9692926850859611 2.206756469322349 3.071014195671068 3.928092784356825 4.615633275924975 5.030366536300622 5.112098257386635 4.979560331301208 5.7134890969992576 6.25358114579737 6.598731994978167 6.540746652315794 5.865907711997497 4.688529135271961 5.840504609497791 9.191505174024321 6.900808018181203 2.63474352230654 0.370001710321817 0.2468518873341083 0.21040395766061537 0.09719447912931445 0.028716550651841644 0.006074654945582153 0.01546275804329908 0.07068689391222932 0.26231464537740734 0.7587796268390679 0.5743310130368467 0.7455258342305253 0.6383910106448031 0.05688085994499589 0.37883757206084306 3.0986262636055315 5.002754468366159 5.7112801315645 5.372203937329284 4.392527767014507 3.126790572898686 1.117184268628408 0.6847792847747037 0.8653622090660957 0.9934822042820084
1.936710444923294 2.072561819160854 2.42765301279806 3.2604329817014897 4.10812346728953 4.713932237771666 5.135292394451584 4.828798440379035 4.580289828968862 4.3135572527219415 4.2312732902772385 3.7071962408811148 2.8688938583907935 2.753475414424734 5.442890831241512 9.91052342303776 7.562393165890956 2.8473564454019105 0.3125686090181302 0.10934378902047875 0.14634396005265907 0.10547809950965312 0.04141810190169681 0.008835861739029532 0.008835861739029532 0.0469405154885881 0.21206068173668102 0.42798705298419115 0.4981217055377296 0.6698687680900921 0.7543616959695514 0.5102710154288904 0.2711505071164369 1.5678132173188586 4.1771536371256905 5.11651618825615 4.703991893315259 3.947973473269639 3.3195228070812424 0.7002420428180028 0.34018067695259363 0.34735981461555404 0.49259929195083485
