static/data/precipitation/2023/7/31/18.asc
ncols 137
nrows 93
xllcorner 108.0
yllcorner 17.0
cellsize 0.25
NODATA_value -32767
[rows 40 to 59 of 93, columns 45 to 89 of 137]
0.0 0.0 0.0 0.0 0.0 0.0 0.0 0.0 0.0 0.05743310130368676 0.051358446358104604 0.04473155005383159 0.05356741179286112 0.06461223896664717 0.22144878483440142 0.2915834373879399 0.3804942961369122 0.5378830833633573 0.8327799689034285 1.0768706494440894 1.0730049599332638 1.0912289247700102 1.0984080624329706 1.1188409927044736 1.1100051309654475 0.8184216935775077 0.45007670733175975 0.4213601566799181 0.4395841215166646 0.4384796387992863 0.23912050831245701 0.12480654706377783 0.11376171988999179 0.0982989618466927 0.1551798217916886 0.22034430211702316 0.25292654227969047 0.315882057170265 0.2987625750509003 0.18113516565008286 0.13529913287887302 0.12756775385722174 0.15462758043299774 0.23359809472556572 0.24519516325803917
0.0016567240760691215 0.0 0.0 0.0 0.0 0.0 0.0 0.0 0.0027612067934473794 0.03700017103218031 0.05356741179286112 0.047492756847278966 0.03810465374956204 0.06019430809713067 0.19825464776945106 0.26783705896429866 0.37773308934346483 0.5577637722761695 0.8156604867840638 1.0531242710204516 1.0564377191725864 1.0481540987922477 1.0564377191725864 1.3220658127021285 0.9907209974885645 0.7847349706974621 0.6323163556992208 0.557211530917482 0.5837191161345672 0.7085256631983415 0.5389875660807355 0.3727629171152609 0.3147775744528868 0.13750809831362953 0.10492585815096225 0.1507618909221721 0.17450826934581332 0.22034430211702316 0.2253144743452236 0.1734037866284316 0.12314982298770871 0.09056758282504143 0.10106016864013662 0.12756775385722174 0.12756775385722174
0.0016567240760691215 0.0 0.0 0.0 0.0 0.0 0.0 0.0 0.0016567240760691215 0.02098517163019384 0.0342389642387364 0.028716550651841644 0.04970172228203548 0.07620930749912061 0.1800306829327046 0.2269711984212927 0.33686722880045883 0.5770922198302941 0.8526606578162441 1.0365570302597744 1.0326913407489486 1.0233032376512317 1.4744844277003697 1.5164547709607539 1.1608113359648613 0.9592432400432754 0.8079291077624124 0.6875404915681511 0.6439134242316978 0.7350332484154266 0.8068246250450342 0.6405999760795631 0.5748832543955376 0.26783705896429866 0.22807568113867097 0.09443327233586707 0.11817965075950482 0.12204534027033045 0.11817965075950482 0.08559741059683754 0.0695824111948476 0.03700017103218031 0.03258224016266728 0.0392091364669403 0.04086586054300595
0.0 0.0 0.0 0.0 0.0 0.0 0.0 0.0 0.0 0.019328447554124717 0.030373274727910765 0.06295551489057805 0.09167206554241969 0.09443327233586707 0.16953809711760942 0.21813533668226318 0.32416567755060716 0.5654951512978207 0.8013022114581394 0.902914621456967 0.9305266893914304 1.3529913287887267 1.8455906207395616 1.6953809711760803 1.335871846669362 1.1254678890087466 0.8896608288484243 0.7764513503171234 0.5864803229280111 0.5638384272217516 0.6582716995576187 0.6008385982539319 0.5522413586892782 0.3214044707571598 0.22420999162784533 0.07620930749912061 0.06571672168402543 0.06792568711878194 0.0469405154885881 0.025955343858397734 0.012149309891164306 0.03147775744528902 0.03147775744528902 0.028716550651841644 0.03644792967349292
0.0 0.0 0.0 0.0 0.0 0.0011044827173782579 0.0011044827173782579 0.0027612067934473794 0.0027612067934473794 0.043074825977762465 0.06682120440140368 0.09940344456407096 0.14137378782445517 0.12370206434639958 0.22310550891046707 0.291031196029249 0.3976137782562804 0.4567036036360328 0.6058087704821358 0.7190182490134401 1.6153059741661342 2.0388750962808087 1.8632623442176206 1.8212920009572364 1.4369320153094987 1.2475132292790772 1.0117061691187548 0.7946753151538699 0.5682563580912646 0.5273904975482586 0.46830067216850624 0.4103153295061321 0.24519516325803917 0.19659792369338194 0.0640599976079563 0.05632861858630503 0.045836032771209845 0.0392091364669403 0.02264189570625949 0.024850861141019476 0.045836032771209845 0.06571672168402543 0.08559741059683754 0.09608999641193272 0.09553775505324533
0.0 0.0 0.0 0.0 0.0 0.0016567240760691215 0.0027612067934473794 0.005522413586894759 0.0077313790216512746 0.1032691340748966 0.10106016864013662 0.11817965075950482 0.17616499342187897 0.18665757923697415 0.3396284355939062 0.39650929553890213 0.44731550053831587 0.42633032890812206 0.5130322222223378 0.7527049718934857 1.6230373531877853 2.207860952039727 2.282413535462782 1.5832759753621577 1.5705744241123025 1.4010363269946966 1.2243190922141267 0.9868553079777388 0.7466303169479036 0.6742866989596086 0.5848235988519455 0.35122550412637965 0.10106016864013662 0.06792568711878194 0.08228396244470276 0.07731379021649887 0.05798534266237415 0.04362706733645333 0.054119653151548514 0.08283620380339016 0.10989603037916615 0.13529913287887302 0.1336424088028039 0.1899710273891124 0.18389637244353024
0.0 0.0 0.0 0.0 0.0 0.0 0.0 0.0 0.0011044827173782579 0.043074825977762465 0.10768706494440963 0.12204534027033045 0.10603034086834051 0.18389637244353024 0.25347878363837784 0.37883757206084306 0.49977842961379526 0.6284506661883987 0.726749628035088 1.0393182370532181 1.5313652876453656 1.9715016505207177 2.060964750628381 1.7025601088390407 1.523081667265027 1.3894392584622197 1.2701551249853367 1.225423574931505 1.0481540987922477 0.8487949683054185 0.679256871187809 0.4241213634733655 0.10989603037916615 0.08283620380339016 0.10768706494440963 0.07510482478174235 0.054119653151548514 0.05356741179286112 0.03810465374956204 0.06571672168402543 0.1927322341825563 0.2496130941275522 0.21813533668226318 0.15904551130251077 0.23249361200818747
0.0027612067934473794 0.0016567240760691215 0.0 0.0 0.0 0.0 0.0 0.0011044827173782579 0.0027612067934473794 0.15241861499824122 0.1336424088028039 0.0867018933142158 0.08394068652077188 0.14965740820479384 0.18389637244353024 0.3396284355939062 0.4451065351035559 0.5643906685804424 0.9918254802059427 1.335871846669362 1.54130563210177 1.4971263234066292 1.2762297799309188 1.2950059861263525 1.1586023705301014 1.1298858198782598 1.2121697823229625 1.3944094306904236 1.563947527808033 1.3778421899297462 1.075766166726711 0.6140923908624745 0.14689620141134646 0.09719447912931445 0.07510482478174235 0.043074825977762465 0.02098517163019384 0.014358275325920822 0.012149309891164306 0.03700017103218031 0.2612101626600291 0.4578080863534111 0.498673946896417 0.30704619543123896 0.29379240282269636
0.0011044827173782579 0.0011044827173782579 0.0 0.0 0.0 0.0016567240760691215 0.03644792967349292 0.07841827293387713 0.10603034086834051 0.1507618909221721 0.10603034086834051 0.0811794797273245 0.12038861619426133 0.13419465016149476 0.11817965075950482 0.24298619782328265 0.3230611948332289 0.43019601841894767 0.7239884212416405 0.8984966905874539 1.1359604748238419 1.15307995694321 1.0023180660210378 1.1740651285734038 0.9984523765102122 1.0796318562375369 1.3159911577565464 1.5297085635692966 1.4601261523744489 1.484977013515465 1.028825651238123 0.5025396364072426 0.1457917186939682 0.09995568592275836 0.11431396124867918 0.10989603037916615 0.13750809831362953 0.16512016624809292 0.17616499342187897 0.12756775385722174 0.2319413706494966 0.3015237818443442 0.3053894713551698 0.20322481999765496 0.24132947374721353
0.0 0.0 0.0 0.0 0.0 0.0011044827173782579 0.08891085874897231 0.13529913287887302 0.11265723717261353 0.1430305119005243 0.08007499700994625 0.04473155005383159 0.061298790814508924 0.1032691340748966 0.17174706255236594 0.22034430211702316 0.1971501650520728 0.266180334888233 0.8984966905874539 1.3883347757448414 1.232050471235778 1.0326913407489486 1.0890199593352536 1.2607670218876197 1.1713039217799563 1.0956468556395267 1.1033782346611745 1.365692880038582 1.3237225367781977 1.2121697823229625 0.7455258342305253 0.2545832663557561 0.09443327233586707 0.09332878961848881 0.1551798217916886 0.27059826575774604 0.266180334888233 0.26894154168167694 0.2821953342902195 0.2987625750509003 0.21813533668226318 0.18223964836746112 0.1551798217916886 0.10768706494440963 0.12756775385722174
0.0 0.0 0.0 0.0 0.0011044827173782579 0.05080620499941374 0.13419465016149476 0.18223964836746112 0.09553775505324533 0.11928413347688308 0.05908982537975241 0.1032691340748966 0.08891085874897231 0.06847792847746934 0.14413499461790255 0.1927322341825563 0.14137378782445517 0.25955343858395996 0.419703432603849 0.7908096256430442 1.241438574333495 1.502096495634833 1.1635725427583052 1.2922447793329086 1.2071996100947584 0.8780637603159509 0.773690143523676 0.8802727257507075 1.116632027269717 0.9194818622176477 0.5693608408086464 0.17064257983498768 0.09056758282504143 0.10658258222703137 0.17616499342187897 0.14965740820479384 0.1905232687477998 0.19549344097600369 0.20432930271503322 0.2297324052147401 0.19659792369338194 0.1336424088028039 0.1032691340748966 0.07897051429256799 0.08891085874897231
0.0 0.0 0.0 0.0 0.02264189570625949 0.07344810070567323 0.15462758043299774 0.1551798217916886 0.09940344456407096 0.12756775385722174 0.05632861858630503 0.0811794797273245 0.09443327233586707 0.07841827293387713 0.09940344456407096 0.1551798217916886 0.1380603396723204 0.25347878363837784 0.4274348116255003 0.7284063521111571 1.121602199497921 1.3325583985172238 0.9089892764025491 1.0089449623253075 1.0879154766178754 0.7725856608062978 0.5682563580912646 0.7134958354265454 0.9194818622176477 0.7085256631983415 0.3622703313001657 0.15628430450906686 0.08559741059683754 0.08891085874897231 0.11155275445523527 0.09608999641193272 0.103821375433584 0.10879154766178789 0.10879154766178789 0.1209408575529522 0.10879154766178789 0.09277654825979795 0.06295551489057805 0.06682120440140368 0.07510482478174235
0.11652292668343917 0.0 0.0 0.009388103097716927 0.04362706733645333 0.07731379021649887 0.06792568711878194 0.06847792847746934 0.09056758282504143 0.11652292668343917 0.05908982537975241 0.051358446358104604 0.0640599976079563 0.07068689391222932 0.08504516923815014 0.12204534027033045 0.162358959454649 0.25844895586658173 0.5864803229280111 0.8880041047723587 0.9719447912931272 0.9719447912931272 0.6720777335248486 0.5654951512978207 0.6444656655903852 0.6654508372205791 0.4892858437987001 0.661032906351066 0.7819737639040147 0.5969729087431097 0.39264360602807646 0.18610533787828676 0.10879154766178789 0.0867018933142158 0.07344810070567323 0.06185103217319979 0.0695824111948476 0.061298790814508924 0.06295551489057805 0.06792568711878194 0.06461223896664717 0.048597239564657224 0.05908982537975241 0.06295551489057805 0.14137378782445517
0.13640361559625128 0.0 0.0077313790216512746 0.030373274727910765 0.04197034326038421 0.05632861858630503 0.04473155005383159 0.04473155005383159 0.07179137662960758 0.09056758282504143 0.07068689391222932 0.06571672168402543 0.08228396244470276 0.08504516923815014 0.09332878961848881 0.11155275445523527 0.15186637363955036 0.22034430211702316 0.5538980827653438 0.9233475517284699 0.997347893792834 0.9515118610216242 0.5815101506998072 0.3622703313001657 0.3490165386916232 0.37938981341953393 0.3578524004306527 0.48044998205967054 0.6571672168402404 0.7295108348285353 0.5218680839613674 0.27280723119250255 0.1905232687477998 0.11652292668343917 0.08007499700994625 0.061298790814508924 0.043074825977762465 0.03258224016266728 0.0392091364669403 0.05356741179286112 0.0695824111948476 0.1457917186939682 0.15904551130251077 0.21537412988881927 0.3490165386916232
0.030373274727910765 0.0011044827173782579 0.009388103097716927 0.0695824111948476 0.02098517163019384 0.04197034326038421 0.054119653151548514 0.05632861858630503 0.0867018933142158 0.12204534027033045 0.0695824111948476 0.06019430809713067 0.0867018933142158 0.11652292668343917 0.11376171988999179 0.12977671929198173 0.11044827173785701 0.16677689032416204 0.37773308934346483 0.7400034206436306 1.0006613419449688 0.8438247960772145 0.4313005011363259 0.39264360602807646 0.322508953474538 0.1905232687477998 0.15352309771561948 0.401479467767106 0.6389432520034939 0.7753468675997452 0.6533015273294147 0.4031361918431717 0.2297324052147401 0.10989603037916615 0.07068689391222932 0.04086586054300595 0.024850861141019476 0.033134481521358145 0.03810465374956204 0.13253792608542564 0.2844042997249795 0.4484199832556941 0.5246292907548147 0.5969729087431097 0.5417487728741794
0.005522413586894759 0.0016567240760691215 0.01822396483674646 0.14468723597658995 0.02098517163019384 0.03258224016266728 0.06185103217319979 0.09332878961848881 0.14137378782445517 0.13640361559625128 0.04473155005383159 0.0469405154885881 0.05632861858630503 0.08504516923815014 0.13143344336804738 0.12867223657460347 0.09167206554241969 0.1551798217916886 0.2440906805406609 0.5643906685804424 1.1403784056933584 0.8222873830883333 0.6930629051550424 0.4694051548858845 0.27556843798594993 0.16953809711760942 0.12701551249853435 0.2871655065184234 0.6372865279274248 0.8642577263487174 0.7543616959695514 0.4760320511901575 0.24298619782328265 0.08946310010766317 0.03644792967349292 0.011597068532473442 0.014358275325920822 0.0342389642387364 0.14965740820479384 0.42633032890812206 0.7803170398279491 0.8189739349361985 0.8394068652077015 0.8775115189572601 0.8819294498267766
0.016014999401989943 0.011597068532473442 0.033134481521358145 0.02374637842363775 0.013253792608542564 0.06295551489057805 0.09167206554241969 0.08283620380339016 0.06295551489057805 0.07344810070567323 0.02374637842363775 0.008835861739029532 0.0077313790216512746 0.027612067934463386 0.061298790814508924 0.06019430809713067 0.07510482478174235 0.12314982298770871 0.16567240760678378 0.32416567755060716 0.6234804939601948 0.7256451453177097 0.9089892764025491 0.5561070482001003 0.2844042997249795 0.22034430211702316 0.2545832663557561 0.25955343858395996 0.5732265303194685 0.8200784176535768 0.8184216935775077 0.6008385982539319 0.3042849886377916 0.09277654825979795 0.030373274727910765 0.013253792608542564 0.04197034326038421 0.1905232687477998 0.4865246370052527 0.7284063521111571 1.0547809950965172 1.1751696112907821 1.1508709915084534 1.0481540987922477 0.941019275206529
0.0 0.006626896304273017 0.019328447554124717 0.004970172228203895 0.009388103097716927 0.025955343858397734 0.06019430809713067 0.08891085874897231 0.11431396124867918 0.11265723717261353 0.16401568353071466 0.043074825977762465 0.0016567240760691215 0.013253792608542564 0.03644792967349292 0.048597239564657224 0.06461223896664717 0.12370206434639958 0.15462758043299774 0.2871655065184234 0.5445099796676268 0.6560627341228621 0.8515561750988658 0.7593318681977552 0.4644349826576806 0.2269711984212927 0.2098517163019245 0.50530084320069 0.5815101506998072 0.7781080743931925 0.837197899772945 0.6654508372205791 0.33686722880045883 0.17616499342187897 0.05246292907548286 0.027612067934463386 0.13143344336804738 0.41086757086482295 0.7455258342305253 0.8819294498267766 1.0879154766178754 1.3143344336804772 1.5584251142211383 1.630768732209433 1.6793659717740903
0.0 0.005522413586894759 0.008835861739029532 0.0038656895108256373 0.06682120440140368 0.04473155005383159 0.07620930749912061 0.10106016864013662 0.09608999641193272 0.12370206434639958 0.12756775385722174 0.07510482478174235 0.022089654347572096 0.009388103097716927 0.026507585217085128 0.08283620380339016 0.07344810070567323 0.09719447912931445 0.15904551130251077 0.23470257744294398 0.3490165386916232 0.5561070482001003 0.48044998205967054 0.5997341155365536 0.43571843200583893 0.17064257983498768 0.1927322341825563 0.5588682549935476 0.6753911816769869 0.7803170398279491 0.8813772084680858 0.9211385862937134 0.726749628035088 0.2518220595623122 0.09167206554241969 0.07510482478174235 0.2717027484751243 0.5809579093411198 0.9620044468367194 1.3524390874300394 1.641261318024532 1.9748150986728525 2.274682156441131 2.6739526587734788 2.954491268987631
0.0 0.0016567240760691215 0.005522413586894759 0.004970172228203895 0.040313619184318555 0.03147775744528902 0.0469405154885881 0.06792568711878194 0.1734037866284316 0.06461223896664717 0.1209408575529522 0.09332878961848881 0.048597239564657224 0.02098517163019384 0.019328447554124717 0.048597239564657224 0.09719447912931445 0.10989603037916615 0.15352309771561948 0.22144878483440142 0.2700460243990552 0.5218680839613674 0.5113754981462721 0.53512187656991 0.42909153570156944 0.2717027484751243 0.23635930151900963 0.2672848176056113 0.7477347996652818 0.8029589355342086 1.0205420308577844 1.1050349587372437 0.9890642734124954 0.6074654945582049 0.3125686090181302 0.3197477466810906 0.5008829123311735 0.7239884212416405 1.049258581509626 1.344707708408388 1.5418578734604609 1.8627101028589297 2.3343242231795744 2.773356103337548 3.3891052182760917
