static/data/precipitation/2023/7/31/6.asc
ncols 137
nrows 93
xllcorner 108.0
yllcorner 17.0
cellsize 0.25
NODATA_value -32767
[rows 57 to 75 of 93, columns 86 to 128 of 137]
1.6523061451983179 1.171856163138644 0.7217794558068841 0.40589739863661906 0.1899710273891124 0.19935913048682932 0.18058292429139547 0.4649872240163715 1.023855479009919 1.4369320153094987 1.593216319818562 1.255244608300725 0.6301073902644644 0.3578524004306527 0.46995739624457533 0.4252258461907438 0.3705539516805044 0.34018067695259363 0.8123470386319255 0.9194818622176477 0.841615830642458 0.6312118729818427 0.2844042997249795 0.25844895586658173 0.18334413108483938 0.12038861619426133 0.08504516923815014 0.10879154766178789 0.08835861739028492 0.05356741179286112 0.13640361559625128 0.3810465374955996 0.6124356667864088 0.5842713574932545 0.46001705178816754 0.36889722760443877 0.2070905095084806 0.09608999641193272 0.05522413586892677 0.02264189570625949 0.02816430929315425 0.07123913527091671 0.1629112008133364
1.938367168999363 1.4402454634616333 0.9636611709127885 0.7532572132521731 0.2739117139098808 0.2446429218993483 0.25568774907313435 1.272916331778784 2.1183978519320674 2.0410840617155688 1.5711266654709934 1.023855479009919 0.6919584224376641 0.4103153295061321 0.36447929673492224 0.39264360602807646 0.26783705896429866 0.2512698182036213 0.41638998445171427 0.40921084678875386 0.33686722880045883 0.32029998803978155 0.34128515966997186 0.3197477466810906 0.24574740461673003 0.16456792488940553 0.10492585815096225 0.10603034086834051 0.2700460243990552 0.09167206554241969 0.3280313670614293 0.7090779045570323 0.9481984128694894 1.0293778925968105 0.7952275565125573 0.66379411314451 0.45339015548389805 0.29379240282269636 0.12646327113984349 0.05467189451023938 0.0347912055974238 0.03092551608659816 0.0811794797273245
1.9510687202492147 1.4794545999285738 0.9868553079777388 1.0591989259660337 0.7317198002632919 0.42080791532123074 0.3330015392896332 1.4474246011245937 2.5789671450789227 2.289040431767052 1.3596182250929998 0.6759434230356742 0.36447929673492224 0.2650758521708547 0.23912050831245701 0.24740412869279568 0.18776206195435588 0.1971501650520728 0.23525481880163138 0.23967274967114788 0.28606102380104514 0.3059417127138607 0.18941878603042153 0.4517334314078289 0.40865860543006644 0.26176240401871653 0.17561275206319157 0.13695585695494214 0.22752343977998357 0.11652292668343917 0.31753878124633417 0.6488835964599017 1.1177365099870953 1.532469770362744 1.4733799449829914 1.0061837555318636 0.7620930749912026 0.3998227436910369 0.1971501650520728 0.1336424088028039 0.12646327113984349 0.11707516804212656 0.040313619184318555
2.086367853128088 1.604813388351039 1.142035129769424 1.25193116014859 0.6980330773832464 0.4859723956465653 0.6477791137425235 2.7971024817611876 3.9656451967476967 2.7225498983381344 1.5396489080257043 0.8791682430333292 0.50309187776593 0.39153912331069823 0.19383671689993803 0.17450826934581332 0.18886654467173414 0.2070905095084806 0.2440906805406609 0.2512698182036213 0.2943446441813838 0.2816430929315321 0.17064257983498768 0.30704619543123896 0.5953161846670406 0.4522856727665163 0.331897056572255 0.2904789546705582 0.19880688912813846 0.15186637363955036 0.29600136825745293 0.6516448032533456 1.1459008192802496 1.9372626862819846 2.1117709556277946 1.678813730415403 1.3640361559625127 0.9890642734124954 0.43627067336452985 0.28495654108366686 0.2264189570626053 0.17229930391105333 0.09664223777062358
2.1404875062796362 1.8003068293270426 1.3364240880280494 1.0453928919988003 0.5014351536898644 0.5423010142328704 3.109671090779318 5.263412389667496 5.799086507596096 4.461557936850668 3.0605216098559715 1.6600375242199656 1.2353639193879127 0.6488835964599017 0.45062894869045067 0.4544946382012763 0.6378387692861156 0.419703432603849 0.2711505071164369 0.2783296447793973 0.27943412749677554 0.26065792130133825 0.24519516325803917 0.31312085037682114 0.6776001471117433 0.8189739349361985 0.6974808360245555 0.5378830833633573 0.32692688434405104 0.23912050831245701 0.18665757923697415 0.5428532555915577 0.941019275206529 1.640709076665841 2.1874280217682243 2.413294737472139 2.0979649216605614 1.6523061451983179 1.0984080624329706 0.6069132531995141 0.3771808479847774 0.31035964358337376 0.24629964597541742
2.298428534864769 1.9759195813902342 1.4104244300924136 0.8515561750988658 0.7576751441216896 2.4674143906236874 5.9702813287897705 7.218346799427537 7.6286621289336685 6.821285262529948 5.610219962924363 3.433284526971234 2.1686518155727903 1.5501414938407996 0.814556004066682 0.8035111768928994 1.1939458174862159 0.9167206554242003 0.7493915237413474 0.36668826216967876 0.36889722760443877 0.29986705776827854 0.28329981700759777 0.4931515333095257 1.1381694402585982 1.2856178830286356 1.0282734098794322 0.8454815201532837 0.5356741179285973 0.27059826575774604 0.1905232687477998 0.37552412390870826 0.7637497990672717 0.9697358258583706 1.584380458079536 2.367458704700929 2.680027313719061 2.243204398995842 1.7820828644902962 1.2684984009092675 0.598077391460488 0.5312561870590843 0.473823085755401
2.3724288769291326 2.1946071594311847 1.6550673519917618 1.630768732209433 1.6340821803615715 5.723981682814353 8.120709179525814 9.01644466331982 8.169858660449162 7.465198686761643 7.1134209412765745 5.275009458199972 3.6481064155013625 2.317204741060206 1.4695142554721659 1.0111539277600674 1.1574978878127231 1.584380458079536 1.229841505801018 0.773690143523676 0.43627067336452985 0.29268792010531813 0.31035964358337376 0.370001710321817 1.2557968496594158 1.6081268365031738 1.2707073663440274 0.9934822042820084 0.7256451453177097 0.3396284355939062 0.2148218885301284 0.3534344695611362 0.42633032890812206 0.530151704341706 0.7284063521111571 1.6964854538934586 2.3641452565487944 2.6872064513820213 2.254249226169628 1.6224851118290946 0.7195704903721276 0.6069132531995141 0.7587796268390679
2.2260849168764736 2.1195023346494457 1.9499642375318365 2.101830611171387 3.2908062564294007 7.850663155126758 9.140698969024909 8.355411756968756 7.0178831862233295 5.90235564167099 5.8427135749325485 5.554443585696745 4.79511171749899 3.315657117570418 1.9935913048682898 1.4319618430812948 0.9741537567278836 1.4479768424832846 1.3408420188975658 0.8294665207512937 0.37110619303919523 0.21758309532357578 0.2540310249970687 0.2197920607583323 1.1337515093890853 1.7252020045453003 1.6948287298173894 1.1204977167805428 0.9156161727068222 0.6847792847747037 0.36834498624574785 0.18334413108483938 0.15352309771561948 0.2440906805406609 0.25955343858395996 0.6897494570029077 1.7025601088390407 2.2989807762234595 2.229398365028612 1.5043054610695896 0.49756946417903875 0.21647861260619752 0.6047042877647575
2.201786297094145 2.3459212917120476 2.4519516325803883 2.871655065184239 4.347796216960676 8.634293643106842 8.862921565604204 7.649647300563861 6.432507346012696 5.61960806602208 4.79511171749899 5.175053772277213 5.291024457601962 4.449408626959504 3.011924370291316 1.7610976928601023 1.417603567755374 1.703664591556419 0.9829896184669131 0.4749275684727793 0.36944946896312614 0.37441964119133003 0.24132947374721353 0.2518220595623122 0.7239884212416405 1.5584251142211383 2.045501992585082 1.6627987310134131 0.8824816911854639 0.8648099677074084 0.39650929553890213 0.1750605107045007 0.442345328310112 0.9857508252603606 1.0547809950965172 0.6196148044493692 0.5025396364072426 1.5628430450906547 2.343712326277291 1.5065144265043462 0.25071757684493046 0.07565706614042975 0.21813533668226318
2.3299062923100577 2.6673257624692073 2.992043681378502 3.580180728382582 4.613424310490219 8.037320734363734 8.199127452459692 6.561179582587297 3.7927936514779526 1.5689177000362369 2.8595057552930747 4.934276539888687 5.79522081808527 5.731160820477314 4.296990011961262 2.037218372204743 1.0188853067817152 2.7866098959460905 1.8787251022609197 0.8084813491210998 0.16401568353071466 0.1380603396723204 0.19162775146517805 0.23470257744294398 0.39540481282152384 0.9067803109677925 1.5048577024282805 1.8643668269349989 1.4231259813422652 1.1392739229759765 0.4379273974405955 0.1386125810310078 0.28992671331187075 0.7383466965675649 1.8836952744891236 1.2248713335728176 0.5538980827653438 1.5700221827536152 2.741878345892259 2.323279396005788 0.5411965315154921 0.12922447793329087 0.030373274727910765
2.815878687956623 3.151641434039702 3.6221510716429663 4.209183635929668 4.7630817186950125 5.712936855640569 7.312227830404713 4.575319656740658 1.058646684607343 1.1878711625406337 2.342055602201222 3.880047786150859 7.120600078939535 7.448631446000964 5.568249619663977 2.6557286939367324 0.6477791137425235 2.9467598899659815 3.1792535019741672 1.538544425308326 0.2253144743452236 0.13640361559625128 0.15352309771561948 0.20432930271503322 0.2501653354862431 0.4865246370052527 0.9238997930871607 1.6081268365031738 1.9775763054662998 1.4093199473750353 0.712943594067858 0.21371740581275014 0.2269711984212927 0.4384796387992863 1.4231259813422652 1.4568127042223107 0.5400920487981138 0.8990489319461413 1.7185751082410308 2.111218714269104 1.0072882382492419 0.23083688793211835 0.08228396244470276
3.4156128034931768 3.652524346370877 4.074436744409485 4.697917238369677 5.265069113743565 7.077525252961771 4.638275171631236 2.893744719531811 3.064939540725486 3.8524357182163955 4.737126374836616 2.6474450735563937 5.882474952758177 8.186978142568528 6.6826726814989375 2.935162821433506 0.66379411314451 1.9571433751947969 5.6383842722175155 3.8187489953363483 0.8283620380339154 0.21813533668226318 0.27225498983381513 0.15849326994382337 0.21923981939964143 0.2634191280947856 0.7140480767852363 1.6081268365031738 2.2895926731257426 2.2376819854089507 1.3601704664516907 0.7245406626003315 0.13971706374838605 0.3639270553762348 0.5411965315154921 1.3767377072123679 0.8084813491210998 0.46995739624457533 1.1541844396605883 1.5258428740584709 1.3032896065066948 0.4395841215166646 0.11486620260737004
3.6911812414791267 3.928092784356825 4.337303631145579 5.013247054181255 5.739444440857654 7.7302745389324965 7.614856094966437 6.854419744051303 6.069684773353842 6.282297696449212 5.208740495157259 2.2608761224738974 4.280975012559274 7.6612443690963365 7.010704048560369 2.7711471379027914 0.8079291077624124 1.2403340916161167 4.4753639708179 5.976908225094042 2.4044588757331127 0.3479120559742449 0.2915834373879399 0.18941878603042153 0.162358959454649 0.2844042997249795 0.4694051548858845 1.2508266774312118 2.142696471714393 2.650206280349839 2.1603681951924516 1.099512545150349 0.32637464298536367 0.23967274967114788 0.23249361200818747 0.9238997930871607 0.9106460004786182 0.6174058390146127 0.8112425559145473 1.1613635773235487 1.4811113240046394 0.6394954933621813 0.18389637244353024
3.404567976319391 3.8187489953363483 4.110332432724286 4.7630817186950125 5.620160307380769 7.193495938286519 9.108668970220931 9.245624827175872 8.362038653273029 6.27677528286232 3.3211795311573113 2.2945628453539464 3.5845986592520953 6.779867160628251 5.683668063630036 2.159815953833761 0.8813772084680858 1.4004840856360057 3.1726266056698957 6.494910619544584 4.033018642507788 0.7753468675997452 0.2220010261930888 0.18058292429139547 0.13916482238969866 0.27280723119250255 0.25955343858395996 0.9846463425429823 1.6534106279156962 2.3547571534510774 2.4359366331784016 1.4159468436793048 0.3578524004306527 0.2965536096161403 0.28992671331187075 0.33410602200701145 0.4649872240163715 0.6853315261333912 0.8062723836863434 1.1784830594429168 1.4264394294944034 0.6163013562972344 0.22752343977998357
2.8015204126307003 3.5674791771327286 3.7165843439788335 3.962331748595562 4.821067061357386 5.473264105969423 6.951614223180616 7.733587987084631 7.377392310730047 4.734365168043171 3.2797614292556143 2.4392500813305364 2.888774547303607 5.049142742496057 3.8574058904445976 2.013471993781102 0.7488392823826601 0.5953161846670406 2.1040395766061435 5.194934461190027 4.781857924890447 0.949855136945555 0.42080791532123074 0.37110619303919523 0.24629964597541742 0.3810465374955996 0.4451065351035559 1.0464973747161785 1.5661564932427894 1.3783944312884335 1.4573649455810016 1.2044384033013147 0.21316516445406275 0.3075984367899264 0.3672405035283696 0.2888222305944925 0.7366899724914957 1.0984080624329706 0.8222873830883333 1.2326027125944654 1.3253792608542634 0.577644461188985 0.18665757923697415
2.0852633704107095 3.059969368497282 3.532135730176614 3.6122107271865587 3.7215545162070356 4.1561684654954965 4.470946039948385 5.0143515368986336 5.05466515608295 4.35994552685184 2.9003716158360824 2.3133390515493804 2.729729036001095 3.2703733261578978 2.4999966307863564 1.2585580564528631 0.6604806649923751 0.5025396364072426 1.0525720296617607 3.3222840138746896 3.6746140007184476 1.5788580444926412 1.0188853067817152 0.6129879081450962 0.5086142913528248 0.7979887633060047 1.1392739229759765 1.4882904616675998 1.162468060040927 0.7615408336325118 0.39485257146283304 0.18279188972615198 0.24519516325803917 0.4346139492884607 0.5113754981462721 0.6372865279274248 1.1359604748238419 1.4733799449829914 1.1254678890087466 1.4336185671573638 1.1017215105851088 0.4638827412989932 0.13750809831362953
1.5219771845476453 2.4580262875259704 3.0870291950730566 3.3432691855048815 3.35928418490687 3.343821426863571 3.3995978040911883 3.4675234912099686 3.3134481521356602 2.4646531838302432 2.096860438943183 2.1106664729104163 2.2084131933984184 2.2752343977998217 1.8085904497073813 1.016124099988268 0.5075098086354466 0.33741947015914975 0.7587796268390679 2.057651302476246 2.679475072360372 2.3696676701356854 1.5788580444926412 0.9156161727068222 0.6709732508074704 0.8565263473270697 1.5258428740584709 1.5672609759601677 1.1961547829209724 0.6405999760795631 0.24574740461673003 0.17892620021532635 0.2418817151059044 0.539539807439423 1.4098721887337227 1.614201491448756 1.9311880313364025 1.989725615357464 1.1387216816172891 0.9807806530321567 0.9879597906951171 0.4318527424950133 0.09995568592275836
1.8726504473153376 1.9759195813902342 2.517668354264414 2.919700063390207 3.0660440234428643 3.041745403660536 2.983760060998163 2.826371273771718 2.3442645676359786 1.9350537208472247 1.7876052780771874 1.8356502762831572 1.9311880313364025 2.013471993781102 1.9853076844879511 1.0531242710204516 0.47658429254884493 0.33686722880045883 0.5533458414066563 1.1635725427583052 1.9256656177495077 2.3718766355704455 2.26032388111521 1.604813388351039 0.8957354837940066 0.7747946262410543 1.5087233919391028 1.425334946777025 1.505409943786968 0.8548696232510006 0.21923981939964143 0.17616499342187897 0.18279188972615198 0.32692688434405104 1.261871504604998 2.425996288721994 2.9473121313246704 2.417712668341655 1.2806477108004317 1.2657371941158235 0.6262417007536387 0.2672848176056113 0.103821375433584
2.32935405095137 2.45084714986301 2.693833347686293 2.996461612248015 2.998118336324084 2.8688938583907935 2.847908686760601 2.8020726539893914 2.5270564573621304 2.496130941275531 2.393966289918014 2.2835180181801604 2.257562674321763 2.2426521576371545 2.2675030187781706 1.5396489080257043 0.6080177359168923 0.21316516445406275 0.3258224016266728 0.6593761822749968 1.2027816792252455 2.0200988900853747 2.323279396005788 1.9278745831842643 1.085154269824428 0.4384796387992863 0.7792125571105708 1.1933935761275285 1.6710823513937516 1.1387216816172891 0.4544946382012763 0.2783296447793973 0.162358959454649 0.2297324052147401 1.5490370111234213 3.318970565722553 4.258333116853013 3.5752105561543783 1.3783944312884335 1.2905880552568396 1.0321390993902577 0.509718774070203 0.19107551010649065
