static/data/seaWater_uo/2023/7/13/0.asc
ncols 137
nrows 93
xllcorner 108.0
yllcorner 17.0
cellsize 0.25
NODATA_value -32767
[rows 52 to 77 of 93, columns 58 to 115 of 137]
0.124143794 0.08351743 0.045201454 0.017629074 -0.0026803042 0.0148148695 0.09973277 0.22009982 0.20099938 0.12613025 0.13504791 0.23627965 0.55118126 0.73466873 0.750901 0.49048367 0.18983415 -0.008726306 -0.10400502 -0.14367373 -0.12779367 -0.05119792 -0.028163372 0.09878157 0.017691683 0.15218695 0.01638183 -0.10778665 -0.10246336 -0.12662955 -0.10397601 -0.10706287 -0.16474152 -0.16180496 -0.20312928 -0.18400183 -0.28595066 -0.49162298 -0.5429157 -0.5341757 -0.51055115 -0.45504472 -0.5138342 -0.7474088 -0.70830446 -0.31832683 -0.33045608 -0.41821128 -0.30133742 -0.19953008 -0.14913699 -0.008470956 0.14393187 0.16784227 0.09570057 -0.112791 0.010566224 0.060231373
0.023049613 0.0039855987 -0.023755318 0.2240972 0.39272475 0.33053693 0.28640446 0.2727996 0.22256652 0.28397712 0.38244155 0.5552518 0.736608 0.75252414 0.5572646 0.23394342 0.026965065 -0.105570614 -0.13998444 -0.15860696 -0.043832913 -0.03947284 0.028357526 -32767.0 0.04842575 0.096207194 0.0020136419 -0.1056359 -0.081644535 -0.13730754 -0.16124177 -0.1653182 -0.20121951 -0.21931978 -0.26962715 -0.24556832 -0.32122487 -0.39483523 -0.4954644 -0.4882559 -0.53259677 -0.6641447 -0.86994344 -0.7618104 -0.40749732 -0.36124724 -0.37475425 -0.30811948 -0.23687416 -0.3431117 -0.2295415 -0.060431786 0.0007368332 0.047883533 0.087067336 0.017726632 0.006421776 -0.19023995
0.28186086 0.15048294 0.07008994 0.0592174 0.13321428 0.19620943 0.23172739 0.33390227 0.38421077 0.42725605 0.53375113 0.5938645 0.5435057 0.38692015 0.23429215 0.086594455 -0.07070324 -0.08245742 0.06846001 0.18184721 0.08495857 -0.011811152 -0.027377855 -0.021285137 -0.031574637 -0.0011111335 -0.03960584 -0.10998794 -0.051322713 -0.18278088 -0.23871557 -0.2207777 -0.2440262 -0.24352063 -0.31307554 -0.3914022 -0.52403885 -0.561247 -0.6658187 -0.7664997 -0.8745113 -0.9040321 -0.65954673 -0.36541638 -0.4075741 -0.33328402 -0.28002232 -0.28150162 -0.21582294 -0.32929638 -0.23785654 -0.186024 -0.11755712 -0.00312495 0.0621323 0.15554348 0.11012653 -0.22318459
0.23390904 0.20835026 0.24143566 0.24866606 0.27089667 0.30268028 0.19889759 0.16070585 0.16813649 0.15435424 0.1790332 0.2988567 0.29740474 0.21468948 0.15171506 0.046374418 0.01877604 -0.043414444 0.1097936 0.08397969 -0.08838798 -32767.0 -0.02520136 -0.029449347 -0.02403364 -0.051665824 -0.017782204 -0.15723763 -0.17655435 -0.23566847 -0.30323693 -0.25116524 -0.24018648 -0.25679407 -0.27716377 -0.41786617 -0.5824791 -0.70146805 -0.7673443 -0.76949716 -0.64183146 -0.42688635 -0.31085363 -0.3600519 -0.3328346 -0.05340839 -0.2269104 -0.2690673 -0.191594 -0.2970081 -0.19512087 -0.25917545 -0.2037511 -0.04535597 0.005004431 0.16529372 0.33914036 0.13508919
0.30627775 0.5605737 0.6408771 0.57704884 0.43953806 0.2798368 0.2167411 0.25430715 0.24081966 0.3792285 0.47138008 0.3608373 0.28360552 0.22584498 0.17142028 0.10132212 0.057976544 0.13354835 0.17589566 0.16628312 0.2225362 0.26457053 0.24715263 0.029170642 0.14890625 0.017094482 0.02211387 -0.034455065 -0.17371234 -0.26026273 -0.34142733 -0.27476817 -0.20127353 -0.22373183 -0.21171029 -0.27820808 -0.30639452 -0.29386866 -0.3178212 -0.30287042 -0.301305 -0.3070758 -0.32856375 -0.33357722 -0.124133125 -0.014671967 -0.2135237 -0.14666988 -0.15559219 -0.30475122 -0.115000226 -0.16778083 -0.3141915 -0.12947129 -0.07551995 0.052248653 0.32218307 0.55450964
0.14886007 0.47283393 0.6665713 0.6390871 0.72314006 0.5897178 0.71055657 0.8161912 0.7966326 0.72927374 0.47550893 0.33527043 0.27217424 0.16986437 0.10740965 0.08918975 0.0928437 0.14922185 0.13325912 0.10336384 0.13802426 0.21854271 0.32170734 0.43081388 0.38874775 0.23668388 0.13977836 0.08371241 -0.03448286 -0.17822093 -0.2742038 -0.35222685 -0.2296947 -0.15632139 -0.16494872 -0.1418438 -0.19887061 -0.16717933 -0.18159552 -0.20725174 -0.24814458 -0.26974133 -0.28327364 -0.2520537 -0.078535855 -0.11613426 -0.12421523 0.012198484 -0.11708351 -0.1434744 -0.017019905 -0.09262759 -0.24124613 -0.30040509 -0.00012906844 0.12603681 0.12452978 0.31983092
0.09867237 0.53766596 0.51695037 0.5202193 0.6026091 0.56869614 0.65268695 0.61559606 0.56522214 0.38572514 0.26136866 0.26437032 0.22529401 0.04684587 0.07510568 0.077972256 0.14799477 0.1255965 0.06228702 -0.025720632 -0.067935094 -0.029926829 0.016818782 0.14060484 0.3276781 0.3958864 0.25862196 0.10451801 0.0033480488 -0.12067043 -0.1631964 -0.30666608 -0.2759308 -0.18826543 -0.07072158 -0.08287367 -0.123247094 -0.08662416 -0.040495537 -0.16232185 -0.24564892 -0.19674177 -0.15574636 -0.137103 -0.075898774 -0.032698642 0.057457894 0.02399773 -0.12275398 -0.05928858 -0.01176789 -0.029777497 -0.08916168 -0.23525493 -0.119973406 0.10751034 0.13944054 0.15350732
0.4097704 0.4930403 0.38743812 0.33315298 0.2742909 0.23836024 0.34958622 0.35376936 0.19773689 0.1513375 0.15766041 0.31975928 0.15677515 0.056700725 0.13589245 0.18414626 0.20546816 0.09362771 0.033168994 -0.0015467907 0.08829904 0.12973182 0.07190898 0.024489217 0.08600422 0.18279712 0.23063882 0.13198873 -0.058163047 -0.10066403 -0.08120495 -0.18332006 -0.2026309 -0.20798421 -0.16052021 -0.12549552 -0.05264299 -0.014170021 0.07784172 0.134748 0.07342355 -0.09907268 -0.13240331 -0.05800125 -0.011412828 0.010822634 0.006391761 -0.038976878 -0.075745136 0.027959956 -0.0028405576 -0.017656665 -0.016656885 -0.057360258 -0.005101198 0.06674731 0.13791476 0.13064672
0.68646324 0.43337664 0.2521068 0.044371944 -0.063019775 0.12535928 0.21150526 0.18928424 0.10126135 0.07621698 0.1489338 0.10052639 -0.021682428 0.170073 0.16047198 0.23667422 0.22501129 0.08546889 0.04335745 0.04470327 0.114649765 0.052699186 0.09575424 0.077991165 -0.014586396 -0.023983685 0.0017965388 0.013464808 -0.10592275 -0.10274999 -0.016553339 0.030632349 -0.016140243 -0.16355869 -0.17149158 -0.10768914 0.0010446373 0.10130458 0.15014467 0.20108686 0.27697277 0.29921147 0.27458417 0.19030872 0.08159901 0.028231263 0.0008514039 0.007320124 0.050436057 0.12943916 0.056985907 -0.014588759 -0.06526154 0.02058271 0.15794915 0.21182448 0.15475495 0.19972958
0.6408312 0.3771053 0.11613082 -0.0036047027 0.13216767 0.26736882 0.09155825 -0.025036367 0.00077664637 0.08098431 0.043711662 0.03579574 0.16371955 0.2148483 0.17624263 0.20684895 0.14875862 0.06264093 0.02356208 0.05267386 0.031528898 0.08945751 0.10676442 0.069158494 -0.032421067 -0.15151356 -0.19577435 -0.18727322 -0.18760946 -0.17022087 0.058525972 0.17091462 0.06698311 -0.114395835 -0.22935092 -0.19939655 -0.073206834 -0.050661124 0.01693874 0.18743548 0.32322848 0.4076665 0.4181773 0.3856951 0.26699957 0.24606292 0.19505817 0.18281397 0.1947351 0.18182015 0.15002885 -0.001742519 -0.030290462 0.09826164 0.26189914 0.28408924 0.20736815 0.15655532
0.521757 0.26613447 0.080171965 0.2274002 0.23588525 0.07455076 -0.037011918 0.047727637 0.063609995 0.01471099 -0.051246226 -0.013279243 0.09709563 0.15555057 0.15714718 0.18500759 0.08726728 0.03207324 -0.014937863 0.027547872 -0.03849704 0.0049660625 -0.08325816 -0.14101875 -0.23793931 -0.33085167 -0.39033455 -0.39431107 -0.33082443 -0.13479376 0.093522355 0.05458757 -0.107556246 -0.112145185 -0.123425834 -0.22851343 -0.15009339 -0.15473552 -0.051075265 0.13510099 0.3119514 0.3836415 0.45147854 0.48868206 0.475939 0.3850536 0.31484088 0.23370278 0.25492412 0.28662184 0.16445364 0.056686558 0.097718686 0.19817913 0.34858063 0.23178333 0.19040409 0.10888851
0.38487205 0.14164607 0.089866824 0.060353965 -0.09033187 -0.2167789 -0.08756738 -0.0035998924 -0.12332625 -0.1427915 -0.057146866 0.18371238 0.35280323 0.3333307 0.19626059 0.116411485 0.04614168 -0.02618533 -0.04715605 -0.063929774 -0.10716902 -0.1258131 -0.2592696 -0.33792475 -0.3518541 -0.4563927 -0.5816464 -0.58161205 -0.27618286 -0.1751738 -0.032266766 -0.0926896 -0.25327843 -0.20712711 -0.033612132 0.03846277 -0.09283826 -0.102666594 0.00019363478 0.13134737 0.17495446 0.18648972 0.3251966 0.41818595 0.4721987 0.44068474 0.40970623 0.2914615 0.29235357 0.33416232 0.18508217 0.1381033 0.26501456 0.2967053 0.32258144 0.14313571 0.04517069 0.055791415
0.180228 0.07367789 -0.02891705 -0.19916765 -0.3365761 -0.35931978 -0.23472507 -0.19022577 -0.22917743 -0.17126353 -0.0042449143 0.23161764 0.29354814 0.25056276 0.14541095 0.0332092 -0.027895974 -0.05629662 -0.07970822 -0.16515058 -0.14523791 -0.16432185 -0.29888096 -0.3215773 -0.38659677 -0.5797279 -0.6794284 -0.4724074 -0.28179488 -0.2758239 -0.120687455 -0.07850491 -0.117841914 -0.105015054 -0.022841295 -0.0068014995 -0.1320245 -0.03812307 -0.03856005 -0.043915972 -0.046444222 -0.05008373 0.0026484116 0.10147271 0.18357705 0.23742507 0.2592309 0.2362076 0.2341564 0.15942335 0.19504593 0.20505792 0.2695264 0.27664852 0.19268218 0.031143934 -0.123724006 -0.113613665
0.11007745 0.107865505 -0.05456773 -0.18192974 -0.30825356 -0.28817323 -0.2843128 -0.2543175 -0.21803266 -0.17321092 -0.023991073 0.038132336 -0.03957472 -0.0006219866 -0.020961339 -0.053394597 -0.102482714 -0.10970007 -0.1069826 -0.20020038 -0.14895098 -0.13864313 -0.19952404 -0.2881361 -0.4279492 -0.5289649 -0.39760962 -0.24256082 -0.14317372 -0.2125932 -0.19252795 -0.1664111 -0.17601565 -0.19424553 -0.24095665 -0.20901296 -0.11408943 -0.06942216 -0.18016599 -0.23393057 -0.33883023 -0.43021914 -0.45958823 -0.3493723 -0.25600865 -0.15798587 -0.07147844 -0.073435545 0.05968547 0.22739324 0.18479407 0.14979686 0.24504554 0.19463919 0.09012862 -0.15113147 -0.1833169 -0.15172201
0.24038614 0.24498901 0.07501153 -0.023717184 -0.10281814 -0.14442608 -0.2287814 -0.23721908 -0.08134264 -0.13790302 -0.0540171 -0.14343369 -0.24326669 -0.20084102 -0.13350087 -0.15009123 -0.21805578 -0.14046696 -0.19541755 -0.21053828 -0.19171971 -0.18322982 -0.24403669 -0.2888124 -0.36221594 -0.28964502 -0.08453227 0.013151286 -0.027296092 -0.14252695 -0.26464212 -0.19374947 -0.29550964 -0.3603437 -0.41037035 -0.36376724 -0.27258977 -0.17845161 -0.09195268 -0.22913599 -0.1922877 -0.15940243 -0.18620428 -0.19843078 -0.17741476 -0.15845683 -0.09110465 0.070857614 0.10921039 0.12354547 0.21747543 0.28945148 0.2851061 0.17108046 0.06529248 -0.09650635 -0.167112 -0.3502275
0.33451253 0.3313983 0.13912947 0.0031994923 0.0105462 -0.02222992 -0.054523263 -0.16049343 -0.09138907 -0.049475923 -0.036598343 -0.1873155 -0.24050696 -0.17836645 -0.12837055 -0.22417618 -0.22162706 -0.15971342 -0.18511856 -0.22672343 -0.23828168 -0.27585292 -0.28326914 -0.3162885 -0.24601534 -0.07980278 -0.0032902593 0.013266569 0.020921992 -0.05942757 -0.20036374 -0.11330923 -0.11500271 -0.20495492 -0.3310162 -0.40474275 -0.33177042 -0.24937402 -0.122155465 -0.031309847 -0.09409621 -0.030006904 -0.024912016 0.01643467 -0.0356384 -0.030873172 -0.019348279 -0.15553638 0.09883353 0.3499211 0.44120058 0.34089923 0.24885206 0.14132866 0.056832634 -0.13991037 -0.36103597 -0.20992799
0.27928093 0.2396821 0.19219917 -0.025564536 -0.037652507 0.0072227335 0.05569966 0.12899326 0.10452107 0.05348856 0.047895372 -0.1382072 -0.17100818 -0.07541207 -0.06327689 -0.16415069 -0.24663724 -0.19741905 -0.099649765 -0.1585184 -0.23963141 -0.24607648 -0.2232002 -0.16377099 -0.051260196 0.0063989596 0.027620668 0.062045336 0.025982076 -0.037048843 -0.08893304 0.014017155 0.015338731 0.015436461 -0.10932662 -0.202359 -0.26006082 -0.2608715 -0.15483709 -0.010156566 0.058942117 -0.0635627 -0.055561505 -0.0826292 -0.13414714 -0.20521602 -0.0712002 0.24426112 0.43513024 0.4516583 0.42567015 0.2855242 0.16386491 0.11903305 0.06533771 -0.18073508 -0.21987848 -0.09693885
-0.07461397 -0.040187888 0.14419557 0.016244624 -0.021880597 -0.052524805 0.19760872 0.2426352 0.11780971 0.10313066 0.14104159 -0.035142712 -0.061549157 -0.046508294 0.02573538 -0.037564937 -0.15793277 -0.25006732 -0.122606225 -0.011996916 -0.045735486 -0.12329832 -0.1616926 -0.111843936 -0.046121437 0.10421624 0.15979435 0.09032298 0.029504312 0.0002738225 0.03785871 0.10764829 0.080171525 0.15267083 0.09180765 0.019892894 -0.054914556 -0.16977651 -0.14070788 -0.014324753 0.090730436 0.123604186 0.008132207 -0.044864558 -0.050122406 0.1498274 0.35981408 0.4286287 0.40970582 0.3308978 0.2698036 0.20666565 0.09232483 0.075756304 0.1034182 -0.056391664 -0.15621547 -0.19550985
-0.007078032 -0.007608082 0.081377216 0.022701008 -0.040434204 0.002176869 0.06681089 0.027354661 0.06030806 0.14335863 0.18873587 0.120035805 0.07505174 -0.01419434 0.061497793 0.05308359 -0.03773098 -0.22661355 -0.19845225 -0.085735515 -0.043853622 -0.055018228 -0.05890461 0.006533535 0.095965244 0.17175747 0.21338658 0.18545122 0.19415556 0.20359287 0.1034892 0.0064061 0.025625246 0.040545445 0.12585825 0.12362897 0.13773929 0.04896475 -0.058363155 -0.010680386 0.06993337 0.13071246 0.15816683 0.08955435 0.08917699 0.24188377 0.35598648 0.3383892 0.22409397 0.12784946 0.0641827 0.059747797 0.026801765 0.060664125 0.12366077 0.0961152 -0.10730186 -0.21733639
0.0068360893 0.06411056 -0.025283163 -0.007464752 -0.057035018 0.024597924 0.020596797 -0.011668802 0.0841541 0.21723458 0.3086978 0.28696218 0.17595838 0.052907016 0.019107161 0.06700177 0.0015357407 -0.17761362 -0.19593051 -0.11486863 -0.07603028 -0.09844779 -0.10734856 -0.028480178 -0.012727823 0.016151821 0.050370395 0.106752284 0.14195742 0.122287616 -8.740093e-05 0.028823705 0.0140823545 0.10480732 0.14770453 0.17010327 0.20246278 0.15027462 0.09263003 0.02356459 0.054174203 0.11251895 0.16549706 0.055807076 0.07518926 0.1783794 0.25446695 0.20511432 0.06458063 0.015492445 -0.021671006 -0.09208396 -0.02692955 0.054750193 0.14004095 0.2455236 0.018807026 0.004680377
-0.049405955 -0.10063739 -0.17188175 -0.0690924 -0.0039485395 0.040363993 -0.009809155 0.0037562607 0.19502334 0.3514886 0.35140327 0.27365807 0.1363822 0.031106919 -0.049604353 0.0017114192 0.002584464 -0.083058745 -0.17082049 -0.11828158 -0.09017806 -0.13537277 -0.11791258 -0.0430646 -0.10169184 -0.07247753 -0.09843824 -0.07653576 -0.040247325 -0.004174717 0.015388948 0.15496974 0.3160623 0.4605773 0.5575156 0.5555216 0.5403087 0.4398689 0.29109955 0.12471512 0.077415496 0.16408728 0.14952636 0.09692382 0.050071765 0.12006232 0.13907762 0.04987802 -0.004052744 -0.08059134 -0.099110276 -0.10804201 -0.03628054 0.053914107 0.15594666 0.28201032 0.21360534 0.117681935
-0.19189811 -0.312565 -0.17189853 -0.0581656 0.0130044455 -0.013707907 0.011609393 0.090249255 0.28244546 0.26149112 0.18195623 0.066060685 0.051141787 -0.06317672 -0.09898554 -0.10695594 -0.04780903 -0.035243172 -0.047379132 -0.06314513 -0.07997089 -0.14217526 -0.10741885 -0.03545905 -0.01259797 0.045827284 0.040321406 0.070121616 0.17135797 0.2990392 0.38383418 0.46981782 0.59672797 0.68651587 0.71779054 0.7561574 0.7890928 0.7626875 0.5990806 0.38520932 0.18287265 0.1863543 0.16315879 0.13222343 0.08465004 0.048387337 0.027283128 -0.025140505 -0.058352247 -0.13766369 -0.12412629 -0.13828216 -0.09150869 -0.05242305 0.0172549 0.14273612 0.24233273 0.24713676
-0.19474155 -0.2688927 -0.06294251 0.021895884 0.011382395 0.020251587 0.018204307 0.15509929 0.25015715 0.12538564 -0.025719924 -0.013412722 -0.033452418 -0.097060814 -0.17300227 -0.21672581 -0.12182061 0.040587105 0.055015605 -0.05018562 -0.09637398 -0.100200824 -0.023529803 0.1255832 0.12181649 0.13630165 0.07370286 0.08795347 0.20487833 0.3351428 0.48091683 0.5269595 0.5321264 0.5704516 0.6180887 0.67423666 0.75970316 0.81744355 0.81567997 0.6717125 0.46439743 0.30978236 0.23908167 0.1821155 0.119065106 0.042193405 -0.042687234 -0.10006133 -0.15602909 -0.17770147 -0.16213392 -0.17020713 -0.23030737 -0.2799101 -0.21149479 -0.056794032 0.18631609 0.37580162
-0.19136408 -0.2131155 -0.13391884 -0.10810058 -0.08443726 -0.0372036 0.073772475 0.19526763 0.19239941 0.07622089 0.0052058576 -0.001633378 -0.033730675 -0.09965813 -0.24735337 -0.22940052 -0.041739866 -0.03961378 -0.10555435 -0.11546179 -0.038633898 0.05589691 0.24333535 0.194117 0.16062835 0.14096212 0.13297486 0.14308314 0.25014126 0.3663406 0.32744154 0.42564413 0.4692412 0.4643378 0.4738672 0.502347 0.5353167 0.5990964 0.67845625 0.68957376 0.58483243 0.49705246 0.35475433 0.2566951 0.16234954 0.04838342 -0.07623207 -0.10176203 -0.17512943 -0.21413654 -0.18388632 -0.206142 -0.32155296 -0.3538697 -0.20733953 0.035433486 0.23384969 0.38048258
-0.18461323 -0.15116982 -0.23633313 -0.13132444 -0.06398622 -0.07907131 0.029339366 0.17563452 0.12557085 0.049713183 0.04568319 -0.0609363 -0.105043195 -0.16251573 -0.23832141 -0.16880888 -0.076203875 -0.13282633 -0.11699172 -0.021753639 0.110339634 0.16866314 0.13903134 0.167424 0.16711475 0.1713777 0.19679767 0.21814103 0.27825993 0.20541096 0.37426424 0.41902524 0.36032712 0.33000666 0.35255295 0.36314225 0.28784585 0.304088 0.40455678 0.4882376 0.52750665 0.5145652 0.40061206 0.28665027 0.20367739 0.12330339 -0.015065846 -0.032791782 -0.10095803 -0.18657549 -0.23428658 -0.14986639 -0.015066214 -0.022246825 0.11688887 0.20640728 0.25378966 0.35824656
0.04919636 0.047375973 0.022613706 -0.059857756 0.011241706 -0.020943033 0.03691963 0.08174365 0.06437424 -0.021110365 -0.011776844 -0.14272638 -0.19426566 -0.24455322 -0.23268911 -0.13082238 -0.111612506 -0.12646772 -0.06625498 -0.020405943 0.06801338 0.18986388 0.25971666 0.30527455 0.26408517 0.2228565 0.18558165 0.24367522 0.17134254 0.27737063 0.28175685 0.2705192 0.2135978 0.13073139 0.2243425 0.2475927 0.1977669 0.15924436 0.15681979 0.23714936 0.3534067 0.39536786 0.40008935 0.34847227 0.21019644 0.18143351 0.04441378 0.022236735 -0.027473513 -0.08127181 -0.110443026 -0.09093259 0.015610487 0.0794217 0.07913127 0.0016704223 0.0027600108 0.018469738
