static/data/seaWater_uo/2023/7/13/12.asc
ncols 137
nrows 93
xllcorner 108.0
yllcorner 17.0
cellsize 0.25
NODATA_value -32767
[rows 52 to 77 of 93, columns 58 to 115 of 137]
0.034635462 0.021378761 0.015075646 0.025520368 0.019686658 -0.017019263 0.020049209 0.11206614 0.1555677 0.15125431 0.09235165 0.047374006 0.18498822 0.46658012 0.61358917 0.42711228 0.25200886 0.108390816 0.048941858 0.033263825 -0.010268347 0.08886069 0.019742964 0.13871494 0.07041503 -0.020589102 -0.020106109 -0.0017998519 -0.057855766 0.05302775 0.07597692 0.052326508 0.01395424 -0.04623957 -0.06990782 -0.12661387 -0.1463193 -0.2354074 -0.3428275 -0.35294253 -0.32755703 -0.23643267 -0.25634834 -0.4313548 -0.6354691 -0.61242276 -0.24585544 -0.16910335 -0.18759237 -0.09737854 0.17866647 0.13085133 0.19293565 0.19484971 0.13445744 -0.074836075 -0.2592404 0.18665914
-0.052466102 -0.02433244 0.0129416855 0.12074696 0.28025967 0.1523658 0.17963599 0.2711369 0.19770229 0.20401813 0.294989 0.40174547 0.60238475 0.6684187 0.47274244 0.30321 0.17594585 0.06873597 -0.01875037 -0.0687418 -0.019810637 0.09940537 0.092087775 -32767.0 0.10841764 0.11222124 0.024013367 0.011686407 -0.049278896 0.0041221445 0.05968018 0.03789226 -0.03986413 -0.118994534 -0.15928851 -0.18223795 -0.14958026 -0.18602183 -0.2202674 -0.28069684 -0.3004831 -0.4469348 -0.5668633 -0.6930795 -0.6445299 -0.3242303 -0.31859222 -0.21374753 -0.09682761 0.14010188 0.05388441 0.0020255186 0.11530811 0.07489019 0.18485457 0.05176553 -0.19205084 0.045654863
0.09365591 0.138898 0.04266711 0.033559714 0.039930694 0.110535525 0.122275606 0.22348426 0.39760485 0.5255385 0.5914019 0.5489494 0.4724098 0.38660583 0.325232 0.22583205 0.13015273 0.102093324 0.11579113 0.17742938 0.25146228 0.10388941 0.009692241 0.040378004 0.060455643 0.114359654 0.026955588 0.06933421 0.04921879 0.012816201 0.0055037676 -0.01581477 -0.048614483 -0.15688623 -0.2256213 -0.2559711 -0.28652602 -0.40170443 -0.4679047 -0.5607904 -0.6110846 -0.6972116 -0.7544753 -0.60468024 -0.3435568 -0.38943353 -0.25518706 -0.06286869 0.008316893 0.13962379 -0.025032897 -0.06128201 -0.015947567 0.07171398 0.13870537 0.2111765 -0.2068957 -0.40611967
0.21910839 0.23179957 0.22709973 0.3257954 0.30605283 0.3110895 0.37343672 0.3892487 0.4074786 0.2743704 0.2604881 0.45897198 0.44747213 0.35141346 0.32998192 0.21515507 0.15198131 0.044931997 0.26025698 0.17123164 0.10443748 -32767.0 0.011961447 0.05501888 0.034188837 0.14090085 0.063517205 0.07580383 0.104788795 0.032597493 -0.03124043 -0.032676164 -0.051726636 -0.12964892 -0.20287436 -0.28915432 -0.43865204 -0.605429 -0.7070278 -0.74510807 -0.7527334 -0.68998426 -0.48005152 -0.22852397 -0.34513524 -0.40991268 -0.06533127 0.01803526 0.059285864 0.14591764 -0.044394203 -0.07339519 -0.10123283 0.024213262 0.18461277 0.30937356 0.12109019 -0.36461884
0.15948626 0.3219145 0.50678825 0.58116484 0.5518798 0.4357948 0.35935262 0.3233011 0.3060988 0.29918373 0.4756017 0.46131113 0.46722895 0.35790658 0.29782647 0.23739712 0.19933413 0.21090087 0.23133966 0.2603569 0.27702314 0.31519476 0.2202568 0.0092752 0.14302872 0.1013836 0.1517636 0.12814836 0.04981192 0.08338419 -0.077443115 -0.051248915 0.008099688 -0.022281801 -0.11569014 -0.13212869 -0.25580445 -0.46119523 -0.5441899 -0.51631194 -0.37531856 -0.19852653 -0.08454841 -0.0724622 -0.2850373 -0.22074242 0.09913545 0.04180953 0.06007754 0.12999952 -0.06736784 -0.078737855 -0.15129715 -0.13507362 0.006546298 0.20958325 0.5037471 0.58468217
-0.08697858 0.27162084 0.5846932 0.69671756 0.80058223 0.70170856 0.7312531 0.7320406 0.7726992 0.74793094 0.5340194 0.4523301 0.39815116 0.28748965 0.18338102 0.14513394 0.13441649 0.13741657 0.24125846 0.25653255 0.22595192 0.28256658 0.38195148 0.49976954 0.38249567 0.25539488 0.2430735 0.22688863 0.15050985 0.13154548 -0.107076146 -0.0458416 0.024913229 0.098976366 0.037971545 -0.034476962 0.0110472515 -0.025700483 -0.09050272 -0.058642477 0.0141359335 0.029648619 0.10535762 0.11253754 0.05952276 0.15598966 0.1752216 0.050957892 0.113236666 0.06603978 -0.077933386 -0.083380535 -0.08066604 -0.1893128 -0.09960264 0.07905559 0.22639246 0.40337434
-0.15049756 0.28798032 0.4788952 0.6428859 0.7629587 0.773657 0.7398889 0.6437645 0.49845207 0.35115704 0.33864975 0.3323901 0.26703447 0.17928493 0.14135684 0.13690808 0.14967407 0.16668345 0.22143342 0.13860269 0.0149318995 0.0891692 0.13725747 0.26121953 0.45193645 0.5030834 0.36615208 0.30139738 0.2719714 0.22364911 -0.034984924 -0.016291324 0.0026557674 0.060461964 0.09826357 0.04159981 0.06526169 0.117646076 0.110629946 0.11311056 0.1062143 0.06160521 0.08236338 0.16132876 0.18514086 0.21726127 0.15906432 0.07991229 0.15990278 0.037248883 0.0025067658 -0.024462914 -0.029018141 -0.040829312 -0.20538424 -0.0074879234 0.117965326 0.20343883
0.16449627 0.32799423 0.4072073 0.4762702 0.3522494 0.19997412 0.19517376 0.24742126 0.19165343 0.24387185 0.26507786 0.34109202 0.1839521 0.08143823 0.24332811 0.27258518 0.2609586 0.27473003 0.22246487 0.19787262 0.22737306 0.21681383 0.19793344 0.13182972 0.20744358 0.3458572 0.3981292 0.30927303 0.28756058 0.23567888 0.14774063 0.10118302 0.07141459 0.04639285 0.03376839 0.06558843 0.021868456 0.07777709 0.19338204 0.28515226 0.24650833 0.14484015 0.081178434 0.11046499 0.20030087 0.23442212 0.15788957 0.09730625 0.13846111 0.045376368 0.018894335 -0.0061472342 -0.010650255 0.055125225 -0.023885235 -0.04552918 0.0471675 0.14326353
0.5591895 0.3412144 0.3691689 0.17037523 -0.01196643 0.11129441 0.1911514 0.101922736 0.07759894 0.14819537 0.21504305 0.12519173 0.04689832 0.16591632 0.34039712 0.2972242 0.24749634 0.25555143 0.21491975 0.17560744 0.23765418 0.18715249 0.15081692 0.120466955 0.10117533 0.13404904 0.22087803 0.19556521 0.20379667 0.18826844 0.22336437 0.33423054 0.09336266 0.028807864 0.0028553386 0.07587188 0.18878067 0.24028079 0.3544472 0.43032622 0.4538569 0.45679227 0.4321031 0.3300743 0.3188455 0.36712542 0.26232454 0.22487083 0.20667934 0.09946863 0.048725408 0.02524914 0.035127223 0.110860355 0.04892362 0.07848517 0.05284551 0.098086864
0.72513765 0.43090883 0.31208625 0.055686064 0.09237759 0.19961332 0.052447233 -0.08800057 0.016893059 0.14089318 0.06849512 0.048724234 0.19823171 0.33544528 0.28527007 0.20087306 0.19362058 0.18967848 0.18486057 0.13879465 0.17339186 0.10569395 0.07979444 0.02737079 -0.020144453 -0.015438571 0.019033127 0.015817158 0.080845326 0.13281035 0.31079856 0.22288333 0.10691285 0.02886893 -0.055240437 0.020358985 0.16820367 0.23144643 0.2759232 0.41365865 0.53790224 0.6497107 0.6839054 0.6430532 0.62689555 0.5483733 0.50759816 0.42887038 0.2849836 0.14927875 0.09618184 0.09878209 0.06739447 0.086069025 0.06410982 0.13153103 0.16465849 0.059126202
0.44039124 0.35965487 0.1560599 0.128035 0.20463994 0.12509471 -0.016861085 -0.018722845 0.05013935 0.031761404 -0.015323444 0.07511384 0.29614156 0.3909187 0.31749 0.13614811 0.118276946 0.13341773 0.077193506 0.09842388 0.104711846 0.00729694 0.018303743 -0.054728694 -0.07855218 -0.14211598 -0.18674067 -0.15500683 -0.0570814 0.19854988 0.19245468 0.066227406 0.032508224 0.05834022 0.119602144 0.10827901 0.0949374 0.15424387 0.30788726 0.35126895 0.40761217 0.48053673 0.59751475 0.70060545 0.7513156 0.67351955 0.5738475 0.48143378 0.3337116 0.21998125 0.17636186 0.15257841 0.16812055 0.13914242 0.0914417 0.1382366 0.16795658 0.076035544
0.32973295 0.178345 -0.036748536 -0.033065945 -0.09624293 -0.19738325 -0.0599187 0.005265877 -0.07528184 -0.09018442 0.018817062 0.28162813 0.41918686 0.4009721 0.27732372 0.08334007 0.039185956 0.031598687 -0.03797508 0.05665691 -0.051576547 -0.120225824 -0.15896787 -0.16844645 -0.21130441 -0.32572493 -0.36827254 -0.23900057 -0.059681598 0.11290464 -0.036993276 -0.0012317373 0.05381492 0.1253516 0.19224735 0.27156362 0.13884361 0.24052294 0.20871076 0.15418789 0.17721353 0.25567293 0.3160405 0.4145434 0.5165486 0.5941823 0.5851607 0.6160269 0.5654689 0.2896926 0.16581337 0.26705852 0.2392611 0.15103115 0.07031329 0.106020145 0.07060499 -0.052035958
0.17159727 0.045265198 -0.21790737 -0.32156712 -0.3350271 -0.27529606 -0.19831695 -0.16435437 -0.1537281 -0.07090245 0.039605934 0.1518603 0.2019281 0.15267576 0.07135365 -0.008253008 -0.06991068 -0.12627214 -0.035352804 -0.032561496 -0.19156021 -0.25969064 -0.24061055 -0.2755022 -0.36155942 -0.42534167 -0.34821814 -0.15441622 -0.03641865 0.01616758 -0.07180065 -0.026379813 0.046964426 0.14740847 0.16315725 0.15723184 0.16444702 0.20543595 0.06774826 -0.04003175 -0.062033817 -0.03460426 0.012734593 0.10105415 0.19701497 0.31078747 0.3344442 0.33385855 0.3206005 0.15790956 0.29421803 0.25716713 0.18453592 0.08526195 -0.007454865 -0.08960153 -0.15835664 -0.24759676
0.13613422 0.08540538 -0.18200819 -0.2931373 -0.3078243 -0.30398655 -0.26136723 -0.1812709 -0.16986798 -0.07348059 -0.09125899 -0.048689727 -0.020038854 -0.11069487 -0.09913843 -0.15789752 -0.2079461 -0.14187337 -0.067992575 -0.14691886 -0.26841584 -0.2917584 -0.29880413 -0.33278468 -0.39090136 -0.31342512 -0.16772029 0.05170331 0.07291284 -0.02463879 -0.11964123 -0.10851044 -0.1242573 -0.1364489 -0.10509209 -0.030058121 0.01349889 -0.034315262 -0.07519125 -0.1910883 -0.34760112 -0.44804162 -0.36222303 -0.29834542 -0.21943128 -0.16183397 -0.12559222 -0.0216687 0.12382734 0.23219797 0.21823122 0.20961224 0.13972598 0.02318765 -0.15287314 -0.26223952 -0.3426476 -0.31925872
0.1922907 0.22512244 -0.035961967 -0.12519263 -0.12597297 -0.15046136 -0.2695992 -0.19827187 -0.13117339 -0.10990518 -0.1824152 -0.15096077 -0.15934846 -0.24665244 -0.18905699 -0.25222215 -0.23945233 -0.1792558 -0.17502366 -0.24881692 -0.2984343 -0.30672455 -0.32301167 -0.32476628 -0.22605182 0.01822802 0.2580342 0.25983596 0.18327159 0.05567932 -0.09943099 -0.201481 -0.20316611 -0.17330113 -0.10242797 -0.13383712 -0.108884804 -0.10192393 -0.042779084 -0.12190315 -0.07967016 0.021139374 -0.11369896 -0.120874934 -0.14826068 -0.15893406 -0.044181187 -0.0046626665 0.06589613 0.22461605 0.30677015 0.33290234 0.20696278 0.036039595 -0.2018766 -0.30172247 -0.4126318 -0.42322117
0.3200842 0.3208661 0.091884956 -0.016111799 0.04866639 -0.06169016 -0.10303744 -0.14623046 -0.12987153 -0.047734905 -0.17950137 -0.15304025 -0.10395995 -0.1943533 -0.19469976 -0.23394622 -0.3297362 -0.3279404 -0.24150658 -0.26697525 -0.32035393 -0.34312645 -0.32102993 -0.2245155 -0.04516635 0.21646383 0.34800625 0.35826513 0.18786873 0.13992907 0.022112865 -0.13903789 -0.08840456 -0.064422205 -0.061283346 -0.10709402 -0.1521233 -0.14174308 -0.0729764 0.0062884497 -0.048926342 0.0038387547 -0.052055724 -0.031770438 -0.0018724554 -0.006331013 -0.14174083 0.013896079 0.20890275 0.3310197 0.42777446 0.37365165 0.2637632 0.04732495 -0.16962372 -0.3341097 -0.42836237 -0.22544965
0.059367016 0.19631098 0.120657444 -0.053196363 -0.024288174 -0.034465306 0.04011015 0.15284587 0.15082735 0.043569222 -0.10597827 -0.0632248 -0.07331183 -0.06645145 -0.10954938 -0.11884781 -0.27245384 -0.37049392 -0.2720441 -0.2772763 -0.31950453 -0.30201098 -0.23610586 -0.0899273 0.12803717 0.28374752 0.32956415 0.25424042 0.14799559 0.15750496 0.14992692 -0.0068454132 -0.003072472 0.016578035 -0.000213431 -0.02897454 -0.13240945 -0.14961459 -0.11033237 -0.046841826 0.05724043 -0.025892375 -0.046619624 -0.15817365 -0.14636122 -0.13114949 0.04092269 0.22078598 0.3162696 0.4431419 0.45049852 0.3593672 0.22878203 0.024317836 -0.14989881 -0.26723388 -0.21148846 -0.22507198
-0.07667913 0.019760668 0.05482939 -0.021803074 -0.046411972 0.011533459 0.17621881 0.19023317 0.14567512 0.099631764 0.011218323 0.063998125 -0.0012186035 0.044967 -0.01501794 0.005822378 -0.12079639 -0.2925057 -0.32278115 -0.28217825 -0.2369781 -0.16759682 -0.039570317 0.10566447 0.23279095 0.18734294 0.12936048 0.16101825 0.0967588 0.14786391 0.1383468 -0.019931046 0.06622033 0.046635497 0.09581902 0.049176842 0.028967975 -0.045893215 -0.07426618 -0.122253165 -0.0130269155 0.124088354 0.064162105 -0.08095123 -0.052524768 0.0848229 0.17164896 0.29601634 0.3542831 0.2997752 0.22539638 0.16027321 0.08381261 -0.033541728 -0.08285389 -0.12730418 -0.21547216 -0.30438626
-0.06419905 -0.05396084 0.047763 0.032253835 -0.019363265 0.061474416 0.044990733 0.09852801 0.16761282 0.15440334 0.21030793 0.2361681 0.09242249 0.0774816 0.06415982 0.060131945 -0.022947384 -0.17630917 -0.2851443 -0.36609587 -0.2987512 -0.17827064 -0.06401852 -0.043364335 0.026254136 0.114216976 0.17096238 0.20695111 0.15665065 0.18647939 0.084742665 0.022016259 0.03646761 0.050195925 0.096956044 0.17930984 0.17262502 0.10867127 0.054629825 -0.06663929 -0.06274001 0.03765306 0.12594923 0.08953708 0.09243959 0.10356908 0.20225503 0.25545743 0.15288098 0.110504344 0.09427399 0.02256025 -0.040704183 -0.09089479 -0.0077057374 -0.09109677 -0.21846329 -0.3090086
-0.012560395 -0.014154386 0.0029293557 -0.0150668975 -0.05637216 0.04267208 0.050697275 0.11465939 0.1275844 0.2773245 0.413099 0.3269419 0.13389862 0.06039242 0.09811625 0.074540846 0.034738693 -0.12752837 -0.2816125 -0.26991835 -0.21848127 -0.18682937 -0.16247137 -0.10419523 -0.031784836 0.013861457 0.098727524 0.15212022 0.114047654 0.07526954 0.052770093 0.053873256 0.10799322 0.19702868 0.28430992 0.35048854 0.34553927 0.23816805 0.17874664 0.06576294 0.016395258 -0.013802281 0.03404153 0.098786235 0.113538176 0.035011947 0.13838276 0.105090655 0.0980316 0.059427906 -0.024262976 -0.08487787 -0.07754003 -0.058878563 0.0074638873 0.026064716 -0.07147354 -0.045460094
-0.052279554 -0.13777855 -0.14321563 -0.059421383 -0.010335541 0.09533217 0.05341946 0.04987055 0.19419695 0.41831046 0.3544886 0.20989001 0.07510011 0.031700697 0.08942088 0.058995027 0.08212105 -0.017572109 -0.15074132 -0.2421471 -0.21738757 -0.22142597 -0.21654035 -0.12879227 -0.04221348 -0.029019034 0.022875521 -0.009312379 0.009463825 0.019309308 0.15557201 0.25013372 0.37397254 0.43482164 0.48044336 0.53658295 0.5377234 0.47691575 0.32782304 0.22579694 0.11251419 -0.0066789184 0.0928489 0.07279731 0.0063108923 0.00046468814 0.06053274 0.029301638 0.05272481 0.019508565 -0.11483555 -0.1297276 -0.053786363 0.018293954 0.087325215 0.16581927 0.09253462 0.017130995
-0.2210781 -0.34737065 -0.1695071 -0.015986644 0.10054111 0.106829256 0.048237327 0.1523617 0.28093418 0.2583359 0.1538547 -0.021161035 -0.031659707 0.013370719 -0.010234962 -0.009295811 0.010128685 0.10438021 0.025346728 -0.08924841 -0.11499217 -0.083535075 -0.06515387 0.008620359 0.102519706 0.1376797 0.14036584 0.15105765 0.19635917 0.29800525 0.39389676 0.47879866 0.54062194 0.5308158 0.5608855 0.63912225 0.68280244 0.66891867 0.5586199 0.36148477 0.14573906 0.06720707 0.1155459 0.08459187 -0.020616675 -0.06893225 -0.029802844 -0.064362526 -0.016919404 -0.05019308 -0.15415211 -0.14581011 -0.092274584 0.008278111 0.080558814 0.103780515 0.15892458 0.13260993
-0.22976637 -0.3000398 -0.08978211 0.029548516 0.027572965 0.07616571 0.1441688 0.23650189 0.19398476 0.106637925 -0.044831134 -0.11451568 -0.06941325 -0.070737675 -0.09661425 -0.13241374 -0.059938483 0.07803364 0.05586844 0.015864668 -0.0031268566 0.053631723 0.16923943 0.25303766 0.3121046 0.28677437 0.23283145 0.2637416 0.30194387 0.37269315 0.44125783 0.45338666 0.4713682 0.5211866 0.56989014 0.5813568 0.65148455 0.70665705 0.6942507 0.5623519 0.3740622 0.18433723 0.12512515 0.14354672 -0.010584199 -0.10570149 -0.07312593 -0.088153854 -0.095853 -0.07658031 -0.13775757 -0.12134118 -0.1636931 -0.19067027 -0.12231253 -0.036944818 0.103999004 0.13458015
-0.17877626 -0.212494 -0.11389319 -0.18137902 -0.029314576 0.065165214 0.10234042 0.15338543 0.084735066 0.06866334 -0.05297051 -0.091009505 -0.074417524 -0.1547519 -0.16586347 -0.22700234 -0.11180666 0.028319784 0.044637803 0.016639141 0.06775035 0.1998331 0.3103945 0.3310589 0.34634882 0.36239675 0.36494526 0.33881837 0.3207927 0.38062438 0.37597737 0.38279837 0.48835483 0.4975568 0.43087786 0.4085566 0.47174507 0.5751872 0.64199424 0.59412074 0.47867393 0.30823505 0.19878513 0.17633109 0.050481994 -0.051393386 -0.09592111 -0.076329924 -0.14505449 -0.15279911 -0.11948285 -0.23303282 -0.39845082 -0.4229119 -0.3089611 -0.13172668 0.027009478 0.15923771
-0.07127634 -0.082646534 -0.21982302 -0.14588258 -0.036485493 0.058052238 0.06990377 0.09175992 -0.0069030956 0.033371393 -0.06443018 -0.12469198 -0.12872806 -0.19925322 -0.21316512 -0.21464774 -0.105882555 -0.03252815 -0.017332409 0.042800177 0.17305325 0.29199678 0.3253724 0.34140894 0.38164812 0.38255498 0.3311624 0.28551018 0.3362004 0.31339428 0.32266712 0.42627326 0.4054061 0.37658504 0.2958822 0.20501575 0.2928082 0.4039207 0.485951 0.5009819 0.44176596 0.30895373 0.22277683 0.16046573 0.08816536 -0.029642718 -0.08618529 -0.07639221 -0.11115432 -0.20086738 -0.1648669 -0.12387988 -0.12990183 -0.05601008 0.0041787885 0.11892798 0.23573206 0.34171548
0.3405437 0.17898658 0.11074377 0.085000224 0.039939534 0.09283325 0.11190047 0.018189969 -0.10006493 -0.018545013 -0.13150279 -0.18207283 -0.2082851 -0.21754892 -0.18935387 -0.19404356 -0.086539 -0.0011630527 0.06354516 0.19454624 0.26566777 0.3402497 0.47344014 0.52438664 0.5514016 0.45715743 0.37012124 0.3210617 0.32270056 0.2719283 0.3270521 0.28153032 0.25974777 0.31939062 0.2287912 0.15146938 0.1833241 0.2709032 0.30480444 0.29006943 0.27840045 0.2602087 0.1794443 0.13547218 0.10563143 0.012760507 -0.031835962 -0.03858345 -0.05654818 -0.13610564 -0.118675284 -0.025573228 0.07170407 0.10448053 0.06942581 0.024261054 0.025411762 0.019658959
