static/data/seaWater_uo/2023/7/13/6.asc
ncols 137
nrows 93
xllcorner 108.0
yllcorner 17.0
cellsize 0.25
NODATA_value -32767
[rows 0 to 25 of 93, columns 58 to 115 of 137]
-32767.0 -32767.0 -32767.0 -32767.0 -32767.0 -32767.0 -32767.0 -32767.0 -32767.0 -32767.0 -32767.0 -32767.0 -32767.0 -32767.0 -32767.0 -32767.0 -32767.0 -32767.0 -32767.0 -32767.0 -32767.0 -32767.0 0.0050972262 0.030342843 -0.20496404 -0.026385643 0.2090271 0.2168132 0.142049 0.043365803 0.15009254 0.23972604 0.17215216 0.14201364 0.16463497 0.3021956 0.4241207 0.32425407 0.28608695 0.34873462 0.32792133 0.2817039 0.23978126 0.19070813 0.15308614 0.1960104 0.19823419 0.019846866 0.013619447 0.19546276 0.15204796 0.1698979 0.22650959 0.36310983 0.48247954 0.45782843 0.47337455 0.5050614
-32767.0 -32767.0 -32767.0 -0.08143286 -0.11039905 -0.10747618 -0.1086928 -0.070113055 -0.04560164 -0.0067840386 -32767.0 -32767.0 -32767.0 -32767.0 -32767.0 -32767.0 -32767.0 -32767.0 -32767.0 -32767.0 -32767.0 0.13938013 -0.023912247 -0.15965305 0.15766537 0.45532957 0.6195718 0.58086604 0.16948304 0.22539279 0.26132408 0.2093347 0.41960222 0.49297276 0.26997876 0.20879658 0.16074243 0.04877706 -0.05884516 -0.067595184 0.10250704 0.24939136 0.3429655 0.19338624 0.015379101 -0.12808779 -0.36332235 -0.27828428 -0.03956696 0.21921779 0.49332875 0.6482448 0.5686703 0.4024386 0.28576484 0.2689389 0.22802591 0.1365235
-32767.0 -0.12615217 -32767.0 -0.10256438 -0.101927 -0.046159882 -0.107473016 -0.10763309 -0.1151557 -0.10162967 -0.07201435 0.00796324 -32767.0 -32767.0 -32767.0 -32767.0 -32767.0 -32767.0 -32767.0 -32767.0 -32767.0 0.13251367 0.042262226 0.14479224 0.39004585 0.429201 0.5423182 0.62143767 0.67812747 0.7303542 0.6761286 0.6832873 0.63488 0.37432972 0.34840807 0.07082234 0.06420149 0.13642053 0.16330461 0.27838662 0.22888431 0.1618869 0.23886554 0.20801246 0.15504926 0.16515505 -0.19492343 0.0053435056 0.15330389 0.25802377 0.25712955 0.21570097 0.2744096 0.062311497 0.055838957 0.086526714 -0.043121997 -0.12032258
-0.11019848 -32767.0 -0.06519313 -0.097190656 -0.09583339 -0.03328856 -0.0529477 -0.10382395 -0.034384675 -0.08012938 -0.07610353 -0.065537296 -32767.0 -32767.0 -32767.0 -32767.0 -32767.0 -32767.0 -32767.0 -32767.0 -0.11215734 0.1533256 0.25518316 0.20129557 0.21576773 -0.09349565 -0.07811124 -0.021976357 0.14972001 0.29010218 0.4234677 0.45300445 0.17061386 -0.057244495 0.26411343 0.26660407 0.18699664 0.08484466 0.22681388 0.31633055 0.19101484 0.21038541 0.24705166 0.20179889 0.089777574 0.28779894 0.030681906 0.034016103 -0.023945872 -0.12637022 -0.22256806 -0.1037332 0.046802852 0.02717637 -0.12088511 -0.13258387 -0.026810598 0.026939938
-0.022978362 -32767.0 -0.034385797 -0.05620509 -0.015694894 0.02401659 0.12349427 0.077773295 -0.04036844 -0.010897686 -0.07885057 -32767.0 -32767.0 -32767.0 -32767.0 -32767.0 -32767.0 -32767.0 -32767.0 -32767.0 -32767.0 -32767.0 0.15419015 0.15629806 -0.10052554 -0.19615597 -0.1871009 -0.17955667 -0.027153688 0.08212808 0.1592393 0.39256644 0.4380225 0.48935008 0.32045627 0.57503945 0.48539582 0.4107854 0.24931343 0.20243345 0.20822197 0.28515968 0.17569959 0.038015496 -0.0109924385 0.10163452 0.07379508 -0.14927174 -0.14499094 -0.083500415 -0.048039883 -0.15484606 0.029424055 0.3399085 0.22060756 0.07142352 0.10047287 0.15164784
0.10951045 0.18565874 0.19008026 0.21521175 0.15417537 0.1269913 0.16646147 0.17195673 0.0070907297 0.013573103 -0.023453007 -32767.0 -32767.0 -32767.0 -32767.0 -32767.0 -32767.0 -32767.0 -32767.0 -32767.0 -32767.0 -32767.0 -32767.0 0.19860838 0.18526421 -0.10025898 -0.031893235 -0.30058253 -0.14238854 0.0030369852 0.075146735 -0.007862877 0.0016413699 0.07452293 0.36546177 0.36299515 0.2930251 0.22571847 0.2481686 0.18367602 0.2320078 0.045058638 -0.1409381 -0.14769225 -0.21752857 -0.13960087 -0.047728147 -0.014389864 0.20692722 0.20186792 0.326763 -0.001730944 -0.12798373 0.13069957 0.2124947 -0.10442334 -0.10761079 -0.035004027
0.14239898 0.22264199 0.2491973 0.14371884 0.10841195 0.13339356 0.16133834 0.14932159 0.1723223 0.14334232 0.03792298 -32767.0 -32767.0 -32767.0 -32767.0 -32767.0 -32767.0 -32767.0 -32767.0 -32767.0 -32767.0 -32767.0 -32767.0 -32767.0 0.17960112 0.16269739 -0.07549273 -0.042603124 -0.0424225 -0.08627175 0.04981773 -0.042241544 -0.2472383 -0.378172 -0.22825073 -0.07256327 0.04330498 0.08743942 0.1466336 0.18846716 0.10862726 -0.08481914 -0.22426254 -0.420803 -0.34223956 0.010881355 0.2642567 0.4558545 0.61146015 0.56554794 0.2913569 -0.014709106 -0.23247226 -0.14746311 0.039257348 0.01655343 0.02846718 -0.023133349
0.23473911 0.24025413 0.17773265 0.085896 0.058176894 -0.010893146 -0.04433684 0.042092558 0.055483498 0.00034938287 -32767.0 -32767.0 -32767.0 -32767.0 -32767.0 -32767.0 -32767.0 -32767.0 -32767.0 -32767.0 -32767.0 -32767.0 -32767.0 -32767.0 -32767.0 0.26687795 0.01588275 -0.0099896975 -0.1014967 -0.107605815 0.04463733 -0.005399786 -0.24495193 -0.3637436 -0.39511806 -0.3023643 -0.17345314 -0.12028445 0.1686471 0.34999618 0.16207339 0.011545168 -0.06579989 -0.1080713 0.11292524 0.27817726 0.29662082 0.3512594 0.2456704 0.155117 0.015758224 -0.24002387 -0.36705008 -0.1313865 0.1740855 0.32218382 0.4207187 0.3935255
0.18567921 0.16834891 0.08847783 -0.026543375 -0.024289839 0.0008751238 -0.0073322267 -0.06261915 0.024557786 -32767.0 -0.021747176 -32767.0 -32767.0 -32767.0 -32767.0 -32767.0 -32767.0 -32767.0 -32767.0 -32767.0 -32767.0 -32767.0 -32767.0 -32767.0 -32767.0 0.16924036 0.13714337 0.13745536 0.05516479 0.004984714 0.101460144 0.106106564 0.07716166 -0.039029412 -0.17435105 -0.19001421 -0.20173955 0.06686757 0.18165335 0.07618412 0.03782209 0.09969344 0.35152704 0.5103025 0.53066885 0.48677477 0.36144683 0.2405609 0.14544147 0.05472025 -0.06502917 -0.102586925 -0.0774668 0.036913466 0.015576222 -0.008225111 0.012086673 0.020811062
0.06869219 0.14074504 0.13718979 0.042731464 0.023481224 0.0041875723 0.040592838 0.08937027 -0.050884057 -0.17214206 -0.27804443 -0.16679893 -0.14471063 -0.08892394 -0.075498074 -0.025187865 -32767.0 -32767.0 -32767.0 -32767.0 -32767.0 -32767.0 -32767.0 -32767.0 -32767.0 -32767.0 0.04911344 0.10587873 0.019240506 0.111417435 0.13685742 0.1269872 0.31264886 0.3371862 0.12714083 0.05430545 0.06910525 0.24526246 -0.111760244 -0.15325199 -0.07826904 0.2822632 0.51600164 0.60863656 0.61585087 0.4210549 0.24327259 0.11088897 -0.06809403 -0.089144364 -0.054480243 0.056209974 -0.008116462 0.013558599 -0.00210183 -0.067318685 0.0058535226 -0.019827113
0.103685156 0.16630575 0.37147903 0.18730403 0.12321479 0.08568659 0.020040521 -0.008919042 -0.021842513 -0.060847223 0.0015134532 -0.056925494 -0.055075772 -0.051967733 -0.037323773 -0.040937632 -32767.0 -32767.0 -32767.0 -32767.0 -32767.0 -32767.0 -32767.0 -32767.0 -32767.0 -32767.0 -32767.0 -0.02039771 -0.0638587 0.16079721 0.2527469 0.25639838 0.30569166 0.29567635 0.15261278 0.15132293 0.34270066 0.35275358 0.18556318 0.043983635 -0.028994936 0.13195989 0.29940894 0.38111755 0.3025589 0.11896237 0.00703899 -0.13626872 -0.20810486 -0.17027391 -0.26886404 -0.17814946 -0.09183508 -0.07840084 0.039613843 0.19817324 0.25261435 0.4193308
-32767.0 0.22650367 0.3011912 0.309801 0.23089913 0.1548772 0.12245307 0.05863981 -0.068045996 -0.055566758 0.03478668 -0.10669081 -0.066026255 -0.06294154 -0.018162487 -0.05362906 0.029095728 0.06481199 -32767.0 -32767.0 -32767.0 -32767.0 -32767.0 -32767.0 -32767.0 -32767.0 -32767.0 -32767.0 -0.04409118 0.040255286 0.23257753 0.32188636 0.34554535 0.12551618 0.22859378 0.27265114 0.3558583 0.17355391 0.23653246 0.20143023 0.20397682 0.25995764 0.16286376 0.14390123 0.13635848 0.02038505 0.010727671 -0.14020316 -0.19625336 -0.16082974 -0.20436263 -0.22605637 -0.41835958 -0.4575617 -0.41654357 -0.29552105 -0.050222736 -32767.0
-32767.0 0.1776834 0.26005453 0.29669556 0.2156205 0.20177494 0.16438401 0.128284 0.13483521 0.12334076 0.109301314 0.06325159 0.0020972495 0.006510011 0.037850983 0.06973968 -32767.0 -0.006164796 -32767.0 -32767.0 -32767.0 -32767.0 -32767.0 -32767.0 -32767.0 -32767.0 -32767.0 -32767.0 -0.1004853 0.07484196 0.25701296 0.28830764 0.33784002 0.51890695 0.43454027 0.3819606 0.42682537 0.298988 0.21772379 0.117787026 0.20258918 0.13866153 0.17197861 0.04655141 0.11060798 0.013665934 0.019263994 0.017298143 0.06773424 0.0017107227 -0.19533305 -0.24297543 -0.21036837 -0.07325544 0.1943163 0.36729446 0.1815843 -32767.0
0.29334855 0.36631748 0.22331277 0.28339761 0.2927105 0.2259107 0.1772538 0.20161106 0.20816089 0.20438537 0.25983945 0.22944695 0.115004145 0.035949677 0.02501151 -32767.0 -32767.0 -32767.0 -32767.0 -32767.0 -32767.0 -32767.0 -32767.0 -32767.0 -32767.0 -32767.0 -32767.0 -32767.0 -0.146862 0.045190725 0.2986644 0.34588453 0.22834751 0.21754755 0.37366417 0.37688982 0.37291443 0.3852513 0.45675388 0.31012052 0.114528455 -0.23652576 -0.15649483 0.15300061 0.1938826 0.25518602 0.18753043 0.21350591 0.12218244 0.14896044 -0.12707928 -0.14851426 0.039774626 0.18534555 0.33162183 0.40382475 0.19413778 0.19849992
0.24550931 0.20069458 0.2199276 0.2506369 0.26385787 0.17150706 0.12766637 0.12352303 0.17946443 0.35142094 0.38450074 0.2612308 0.23573212 0.18034486 0.10164173 -0.103854775 -32767.0 -32767.0 -32767.0 -32767.0 -32767.0 -32767.0 -32767.0 -32767.0 -32767.0 -32767.0 -32767.0 -32767.0 -0.17747937 -0.095515445 0.28068507 0.37539434 0.23285118 0.09958943 0.24785253 0.43301213 0.41699794 0.44122723 0.48429132 0.3951619 0.28990746 0.2065562 0.121010825 0.03941525 0.120836094 0.10818462 0.26569858 0.2291502 -0.101477906 -0.039795388 -0.09727064 -0.012914082 -0.14498195 -0.1548891 0.09471416 0.16156632 0.15571481 -32767.0
0.20205858 0.20720892 0.22261336 0.23379965 0.17475179 0.122582085 0.09250955 0.1542574 0.24845709 0.31491864 0.3248446 0.25279006 0.26751867 0.18208851 0.08317817 -0.070935756 -0.033524875 -32767.0 -32767.0 -32767.0 -32767.0 -32767.0 -32767.0 -32767.0 -32767.0 -32767.0 -32767.0 -32767.0 0.113630526 0.2756292 0.30860856 0.3727261 0.13273649 0.10656326 0.22701627 0.26789352 0.249633 0.29835713 0.40841237 0.410197 0.27718216 0.17902772 0.35037342 -32767.0 -0.042003185 0.017125795 0.09092587 -0.06535458 -0.27256265 -0.25743264 -0.24110574 -0.22636825 -0.14349693 0.30222586 0.3333099 -32767.0 -32767.0 -32767.0
0.12136229 0.12770855 0.12910601 0.17956814 0.18048288 0.20593366 0.2084533 0.20957768 0.23114356 0.22629924 0.2348219 0.2154221 0.1813451 0.17411253 0.13867104 0.030417344 -0.025462013 -32767.0 -32767.0 -32767.0 -32767.0 -32767.0 -32767.0 -32767.0 -32767.0 -32767.0 -32767.0 -32767.0 -32767.0 0.39874178 0.33927172 0.43295336 0.14395428 -0.025618186 -0.0014861617 0.055085205 0.023997772 0.122685045 0.20849219 0.11849734 0.2066934 0.33549184 0.3990955 0.00037907998 0.18670206 0.15483585 0.13262923 0.17654294 0.07745629 -0.036700066 0.1074336 0.29441458 0.4917481 0.54357624 0.4600818 -32767.0 -32767.0 -32767.0
0.08796272 0.07274195 0.09855475 0.15141855 0.19491935 0.20618534 0.2766403 0.29344803 0.30995357 0.2552147 0.2547628 0.23113778 0.19170983 0.11414766 0.07601642 0.060877316 -0.011717279 -0.051686864 -32767.0 -32767.0 -32767.0 -32767.0 -32767.0 -32767.0 -32767.0 -32767.0 -32767.0 -32767.0 0.22200748 0.23141414 0.19175845 0.27539253 0.20974486 -0.023107601 -0.035183687 0.0023727668 0.07412561 0.053541888 0.32241127 0.03133088 -0.031653196 0.3281657 0.5321522 0.6039134 0.6216024 0.5906477 0.41345552 0.49503607 0.6303757 0.718277 0.65192556 -32767.0 0.19023557 0.14857627 -0.015680961 -32767.0 -32767.0 -32767.0
0.07820102 0.07154278 0.101259924 0.13763005 0.20454055 0.23748413 0.27419728 0.27648208 0.24615933 0.17062952 0.16034572 0.2515629 0.33690712 0.14748526 0.0038038606 0.058726333 0.032213196 -32767.0 -32767.0 -32767.0 -32767.0 -32767.0 -32767.0 -32767.0 -32767.0 -32767.0 -32767.0 -32767.0 0.29150915 0.18701127 0.044200834 0.02604382 0.08417273 0.1314328 0.20158622 0.14571716 0.20951709 0.29553264 0.18497749 0.21863829 0.33475202 0.39832142 -32767.0 -32767.0 0.023064025 -0.0078027993 -32767.0 -32767.0 -32767.0 -32767.0 -32767.0 -32767.0 -32767.0 -32767.0 -32767.0 -32767.0 -32767.0 -32767.0
0.069004565 0.050528523 0.11853549 0.24641907 0.34959754 0.30336168 0.22980767 0.15925404 0.10825513 0.12329514 0.24646953 0.2725059 0.308477 0.09935623 0.11226147 0.055474564 -32767.0 -32767.0 -32767.0 -32767.0 -32767.0 -32767.0 -32767.0 -32767.0 -32767.0 -32767.0 -32767.0 0.40541503 0.55712754 0.37985972 0.13542868 0.033050664 0.06397666 0.07937573 0.1361573 0.2471475 0.32310963 0.5632114 0.23911844 0.31001833 0.3347813 -32767.0 -32767.0 -32767.0 -32767.0 -32767.0 -32767.0 -32767.0 -32767.0 -32767.0 -32767.0 -32767.0 -32767.0 -32767.0 -32767.0 -32767.0 -32767.0 -32767.0
0.11548677 0.08680351 0.070378974 0.16608225 0.25098953 0.25753498 0.2552969 0.19144894 0.18539196 0.22369023 0.31044748 0.38126603 0.29747978 0.123204134 0.0600481 0.039383333 -32767.0 -32767.0 -32767.0 -32767.0 -32767.0 -32767.0 -32767.0 -32767.0 0.19877264 0.15480986 0.4622812 0.62101686 0.6639998 0.5850795 0.20673016 0.04400096 0.07707804 0.1399225 0.3084044 0.5169381 0.22522485 0.09816609 0.18445732 -32767.0 -32767.0 -32767.0 -32767.0 -32767.0 -32767.0 -32767.0 -32767.0 -32767.0 -32767.0 -32767.0 -32767.0 -32767.0 -32767.0 -32767.0 -32767.0 -32767.0 -32767.0 0.07881581
0.09714286 0.1252824 0.12869178 0.13935381 0.18981478 0.24481557 0.2580426 0.26681867 0.3303968 0.27756417 0.38294062 0.31679577 0.23348421 0.18456993 0.028161516 0.033792015 -32767.0 -32767.0 -32767.0 -32767.0 0.014087092 0.119168684 0.19903441 0.3459378 0.27854168 0.27784827 0.3222681 0.39170977 -0.15663381 -0.2706792 -0.06272919 0.15646105 0.24658076 0.22661716 0.37023166 0.24422407 0.21004559 0.24261849 -32767.0 -32767.0 -32767.0 -32767.0 -32767.0 -32767.0 -32767.0 -32767.0 -32767.0 -32767.0 -0.018526046 0.036820304 -32767.0 -32767.0 -32767.0 -32767.0 -32767.0 -32767.0 -32767.0 0.10583147
0.22269244 0.1369375 0.20229355 0.26698977 0.31713754 0.33606613 0.32080168 0.33417407 0.39113918 0.4780538 0.47649193 0.40205827 0.24970046 0.31014177 0.114672996 -32767.0 -0.06462147 -32767.0 -0.012322335 -32767.0 0.0025483589 -32767.0 0.1960141 0.16270205 0.18292727 0.21195142 0.31447792 0.21619272 -0.11986657 -0.03443803 0.14788394 0.31550825 0.43336037 0.5196011 0.24036828 -0.0021330323 -32767.0 -32767.0 -32767.0 -32767.0 -32767.0 -32767.0 -32767.0 -32767.0 0.07495326 0.1457873 0.14631277 0.08399533 -0.089345135 -0.11184194 -0.120471105 0.04153725 -32767.0 -32767.0 -32767.0 -32767.0 -32767.0 0.021113677
0.4016191 0.37595418 0.36838126 0.37944597 0.48532766 0.5520636 0.53985775 0.5208139 0.52928424 0.45307684 0.32662672 0.3254697 0.2710274 0.3261034 0.36151755 0.48945355 0.45516676 0.6674939 0.5338013 0.41661087 0.21858685 0.11108622 0.18444288 0.20901619 0.22899038 0.19757488 0.23907432 -32767.0 0.015007025 0.38381615 0.46703127 0.48865983 0.40470967 0.3111247 -32767.0 -32767.0 -32767.0 -32767.0 -32767.0 0.07837866 0.078096405 0.06850968 0.19881976 0.23947713 0.19794126 0.18042336 -32767.0 -32767.0 0.009022194 0.015481204 -0.18253532 -32767.0 -32767.0 -32767.0 -32767.0 -32767.0 0.22999913 0.6497416
0.37106967 0.5188964 0.45759287 0.37404066 0.35990685 0.38727337 0.39531508 0.45247617 0.5029002 0.46115345 0.34505227 0.1939619 0.24327809 0.2162764 0.27828634 0.3942555 0.57559884 0.63062257 0.628205 0.5921491 0.43378413 0.32501936 0.19230509 0.19557494 0.28260025 0.29668972 0.2457277 0.34233367 0.397481 0.36383763 0.28156605 0.14786133 0.24338679 0.14645675 0.030375673 -32767.0 0.10242663 0.029813185 -32767.0 0.062058847 0.21618566 0.20573558 -32767.0 -0.07507562 -0.124235556 -32767.0 -32767.0 -32767.0 -32767.0 -0.08163948 -0.21923074 -32767.0 -32767.0 -32767.0 -32767.0 0.3472759 0.52114916 0.32540205
0.3304823 0.46440774 0.48374146 0.47921064 0.41513157 0.2636315 0.20731035 0.23539571 0.34401962 0.3898284 0.3629222 0.31315082 0.27088162 0.26342008 0.30657938 0.36705533 0.45662206 0.32540295 0.41935322 0.42150193 0.4183469 0.43197924 0.30109265 0.27653515 0.29785904 0.20681494 0.15036313 0.08992276 0.036590178 -32767.0 0.16909026 0.22899713 -32767.0 -32767.0 0.026022028 -0.036023602 -0.21919245 -0.16173397 -0.029896436 0.02861544 0.0071489904 -32767.0 -32767.0 -32767.0 -32767.0 -32767.0 -32767.0 -32767.0 -32767.0 -0.19849657 0.02941074 0.117207326 -32767.0 -32767.0 0.20331435 0.29065827 0.13145445 -0.1365302
