static/data/pressure/2023/7/17/12.asc
ncols 137
nrows 93
xllcorner 108.0
yllcorner 17.0
cellsize 0.25
NODATA_value -32767
[rows 19 to 37 of 93, columns 0 to 42 of 137]
100.83297227160364 100.9139182644622 100.99784220354631 101.05866449918362 101.03854080196237 100.95263156539454 100.8947872159828 100.86591016167428 100.87511472273512 100.83739407054462 100.81185592564053 100.80039534471183 100.8456059828636 100.92203993598645 100.98475728831278 101.02798262898082 101.08266855057758 101.0879927574657 101.04936969732807 100.99414233096303 100.94640495055927 100.9127451341309 100.86762473677383 100.83910864564419 100.83378443875604 100.84037201677019 100.84091346153846 100.84488405650589 100.86076643637557 100.86401510498528 100.87123436856241 100.88089013359682 100.89171902896251 100.90191623876521 100.9127451341309 100.92691293890103 100.94541230181741 100.98602065943875 101.02473396037111 101.05054282765936 101.05451342262677 101.04846728938094 101.05884498077305
100.7982295656387 100.83865744167062 100.87673905703997 100.8941555304198 100.85625439663987 100.79904173279112 100.74372412563137 100.7017621560893 100.68227014443106 100.70609371423558 100.73984377145867 100.78009116590115 100.84199635107504 100.95696312354082 100.99603738765204 100.98448656592863 100.95533878923597 100.93079329307373 100.8891020459158 100.84858392908917 100.83315275319305 100.83315275319305 100.82846023186792 100.83261130842477 100.84325972220104 100.84452309332704 100.8456059828636 100.84903513306274 100.85553247028216 100.86013475081258 100.8693393118734 100.87998772564968 100.8878386747898 100.89821636618194 100.90940622472648 100.92140825042345 100.93259810896801 100.96670912936995 101.00208352089788 101.02509492354997 101.02437299719226 101.0259070907024 101.0393529691148
100.82900167663621 100.80391473570567 100.80174895663254 100.75915530152749 100.69761107953245 100.6512273110494 100.63823263661057 100.63029144667573 100.6741484729068 100.73758775159081 100.77341334709232 100.80409521729511 100.84100370233318 100.92691293890103 100.94820976645356 100.93350051691516 100.8992090149238 100.86383462339586 100.83703310736576 100.84316948140632 100.87854387293426 100.89009469465766 100.87935604008669 100.86852714472099 100.85011802259932 100.84073297994904 100.84190611028032 100.84578646445303 100.85011802259932 100.85914210207072 100.86762473677383 100.8762878530664 100.88422904300124 100.89433601200922 100.90471370340134 100.91491091320405 100.92537884539088 100.94586350579098 100.96472383188623 100.98177934208721 100.98999125440618 101.00415905917629 101.01733421520457
100.68624073939847 100.63128409541758 100.58183213991424 100.53635077937834 100.53535813063648 100.60339968985092 100.63561565356386 100.78379103848442 100.90038214525508 100.93584677757771 100.92384475188074 100.93602725916713 100.92465691903317 100.94135146605528 100.95389493652053 100.9197839161186 100.88666554445852 100.87276846207254 100.8909971026048 100.9108500774419 100.95533878923597 100.91897174896617 100.90074310843393 100.86527847611129 100.8507497081623 100.84316948140632 100.83965009041248 100.8417256286909 100.84452309332704 100.85390813597729 100.86184932591215 100.86951979346284 100.87899507690783 100.88865084194224 100.89776516220836 100.90751116803749 100.91897174896617 100.9312444970473 100.9472171177117 100.95696312354082 100.96562623983338 100.98141837890834 100.99549594288375
100.69228687264433 100.60403137541392 100.54952593540659 100.53445572268934 100.56477662971328 100.64879080959211 100.79877101040698 100.9536242141364 101.02274866288741 101.02347058924512 100.98990101361147 100.9753722456625 100.96526527665452 100.9926082374529 100.99486425732074 100.97961356301407 100.92799582843759 100.91734741466134 100.90733068644805 100.91626452512476 100.93359075770987 100.91626452512476 100.88928252750523 100.85787873094472 100.84515477889003 100.83784527451819 100.83423564272962 100.83549901385561 100.83928912723361 100.84650839081075 100.85336669120902 100.86103715875971 100.8705124422047 100.87989748485496 100.89009469465766 100.89875781095022 100.90976718790533 100.92113752803931 100.93178594181559 100.94062953969757 100.95028530473198 100.96400190552852 100.97600393122549
100.94450989387028 100.8481327251156 100.8238579513375 100.82990408458335 100.86753449597913 100.87385135160912 101.00650531983887 101.02834359215969 101.00650531983887 100.98809619771718 101.01408554659486 101.00849061732258 100.9990153338776 101.03745791242581 101.05559631216335 101.05135499481179 101.00840037652786 101.00045918659303 100.94685615453284 100.93512485122 100.88486072856423 100.8724074988937 100.85408861756673 100.84524501968475 100.83225034524592 100.82936263981506 100.82909191743093 100.83071625173578 100.83288203080892 100.83802575610761 100.8442523709429 100.85273500564601 100.86139812193858 100.86961003425755 100.87953652167612 100.88711674843209 100.89623106869823 100.90678924167977 100.91445970923047 100.92312282552302 100.93350051691516 100.94261483718127 100.95272180618925
101.0694031537546 101.07788578845773 101.07346398951674 101.0611010006409 101.03339707666368 101.03971393229365 101.0476551222285 100.99621786924146 100.9676115373171 100.97528200486778 101.00136159454017 100.99829340751988 100.99621786924146 101.03402876222668 101.0655227995819 101.06191316779334 101.0554158305739 101.04160898898266 100.98403536195507 100.92465691903317 100.86545895770071 100.84596694604247 100.8360404586239 100.82710661994722 100.82349698815864 100.82250433941678 100.82322626577451 100.82503108166878 100.82710661994722 100.83161865968292 100.83712334816047 100.84524501968475 100.85228380167244 100.86049571399143 100.86735401438969 100.87303918445669 100.88179254154397 100.88774843399509 100.89514817916165 100.90426249942777 100.91211344856791 100.92122776883403 100.92601053095387
100.96878466764838 100.99053269917447 101.05559631216335 100.9970300363939 100.95723384592496 100.96824322288009 100.98250126844492 100.95858745784567 100.9562411971831 100.95948986579282 100.96291901599196 100.94541230181741 100.94108074367114 100.94351724512842 100.97591369043079 101.00271520646086 101.01246121229 100.98647186341233 100.9421636332077 100.88296567187525 100.86040547319672 100.84091346153846 100.83053577014635 100.8212409682908 100.81889470762822 100.81645820617094 100.81727037332337 100.81889470762822 100.8225945802115 100.82846023186792 100.83297227160364 100.83838671928648 100.84524501968475 100.85147163452001 100.85751776776587 100.86139812193858 100.864737031343 100.87087340538355 100.87565616750341 100.88513145094838 100.8903654170418 100.89171902896251 100.89614082790351
100.73000752483483 100.80138799345369 100.9171669330719 100.8980358845925 100.89334336326736 100.90877453916349 100.94947313757956 100.93701990790899 100.92952992194773 100.93386148009401 100.9409002620817 100.93665894473014 100.88459000618009 100.85472030312972 100.84966681862575 100.87827315055011 100.90209672035463 100.88720698922681 100.85309596882487 100.83974033120718 100.83685262577633 100.83820623769704 100.83721358895518 100.82548228564235 100.81140472166696 100.80824629385197 100.81339001915067 100.81727037332337 100.82078976431721 100.82521156325821 100.82909191743093 100.83459660590847 100.83965009041248 100.8455157420689 100.84966681862575 100.8513813937253 100.85246428326187 100.85309596882487 100.85634463743457 100.86329317862757 100.86500775372714 100.86500775372714 100.86654184723729
100.63390107846429 100.67062908191294 100.72721006019869 100.77945948033816 100.8052683476264 100.84695959478432 100.88666554445852 100.86636136564786 100.83676238498161 100.83874768246532 100.85553247028216 100.8807096520074 100.84641815001604 100.82151169067494 100.80427569888454 100.79795884325456 100.79786860245984 100.80499762524225 100.80265136457967 100.80138799345369 100.8110437584881 100.83288203080892 100.8429889998169 100.83522829147148 100.81699965093922 100.80463666206339 100.80671220034182 100.81203640722995 100.81799229968108 100.82403843292693 100.82891143584149 100.83378443875604 100.83685262577633 100.83965009041248 100.84334996299575 100.8417256286909 100.84001105359133 100.83974033120718 100.84145490630675 100.8442523709429 100.84723031716847 100.85345693200372 100.85724704538173
100.78875428219371 100.7221565756947 100.66386102230938 100.65113707025469 100.6709900450918 100.71872742549556 100.78009116590115 100.83486732829262 100.83901840484947 100.82439939610579 100.8047269028581 100.79254439557171 100.79489065623427 100.80626099636825 100.8066219595471 100.79552234179728 100.77196949437689 100.77214997596631 100.77909851715931 100.78965669014084 100.80445618047396 100.82584324882122 100.84163538789618 100.83937936802833 100.82476035928464 100.80959990577267 100.8065317187524 100.80824629385197 100.81302905597181 100.81925567080708 100.82286530259564 100.82864071345735 100.83161865968292 100.83387467955076 100.83703310736576 100.82990408458335 100.82665541597365 100.82864071345735 100.83423564272962 100.83703310736576 100.84028177597547 100.8481327251156 100.85228380167244
100.74525821914152 100.75112387079793 100.71872742549556 100.69779156112187 100.70022806257916 100.73289523026567 100.76971347450903 100.80725364511011 100.82909191743093 100.85625439663987 100.86302245624343 100.87078316458884 100.86076643637557 100.82936263981506 100.78514465040514 100.75897481993806 100.75698952245435 100.76484047159448 100.77214997596631 100.79092006126685 100.81754109570751 100.84371092617461 100.84001105359133 100.82972360299392 100.81239737040882 100.80247088299025 100.80635123716296 100.80851701623611 100.81248761120352 100.81799229968108 100.82178241305907 100.82873095425207 100.82927239902035 100.82809926868907 100.8244896369005 100.81835326285993 100.81636796537622 100.81708989173394 100.82015807875422 100.8251213224635 100.83252106763007 100.83622094021334 100.83197962286178
100.70374745357302 100.72910511688768 100.81266809279296 100.864737031343 100.88540217333252 100.90011142287094 100.91445970923047 100.82485060007936 100.75960650550105 100.79877101040698 100.87421231478798 100.92916895876887 100.93999785413456 100.87836339134483 100.82421891451635 100.76799889940946 100.75058242602964 100.75933578311691 100.77070612325089 100.78947620855142 100.81465339027667 100.84623766842661 100.8468693539896 100.83721358895518 100.82178241305907 100.80626099636825 100.80553907001054 100.8066219595471 100.80887797941496 100.81447290868724 100.81835326285993 100.82376771054278 100.82476035928464 100.82196289464851 100.81754109570751 100.80761460828896 100.80608051477881 100.80716340431539 100.81014135054096 100.81564603901852 100.81934591160179 100.81248761120352 100.80508786603697
100.64788840164498 100.7036572127783 100.79976365914882 100.90597707452734 101.01589036248915 101.03285563189539 101.01877806792 100.9159035619459 100.84136466551205 100.8750244819404 100.95416565890467 100.99684955480446 100.9715821322845 100.93647846314072 100.90272840591763 100.8493960962416 100.76186252536891 100.74940929569836 100.7670062506676 100.786137299147 100.80102703027482 100.80824629385197 100.82349698815864 100.81934591160179 100.83450636511375 100.82322626577451 100.81636796537622 100.80427569888454 100.80590003318939 100.80987062815682 100.81988735637007 100.82584324882122 100.82295554339036 100.81916543001236 100.81537531663439 100.80553907001054 100.80147823424839 100.79489065623427 100.79534186020784 100.80147823424839 100.80003438153297 100.79236391398227 100.7797302027223
100.63011096508629 100.68678218416676 100.79850028802284 100.9152718763829 101.01426602818428 101.0117392859323 100.98827667930661 100.95308276936811 100.98701330818061 101.02608757229183 101.09701683693713 101.10441658210367 101.03601405971038 101.01336362023714 100.97952332221935 100.89433601200922 100.78397152007386 100.75247748271863 100.7650209531839 100.78415200166329 100.7963345089497 100.7816252594113 100.78938596775671 100.79588330497613 100.81059255451453 100.81934591160179 100.81916543001236 100.80797557146782 100.8104120729251 100.81636796537622 100.8455157420689 100.8589616204813 100.85508126630859 100.82051904193308 100.81140472166696 100.80364401332153 100.79299559954528 100.78640802153114 100.77548888537073 100.78126429623245 100.77891803556987 100.7689013073566 100.75635783689134
100.59563898150552 100.62424531342988 100.7189981478797 100.81384122312424 100.88278519028583 100.88025844803383 100.84127442471733 100.85065946736759 100.95163891665268 101.06290581653519 101.13401556276992 101.09449009468513 101.07283230395373 101.04603078792366 100.96264829360781 100.87664881624526 100.79597354577085 100.74616062708866 100.7586138567592 100.78478368722628 100.80436593967924 100.78478368722628 100.75897481993806 100.76547215715746 100.7745864774236 100.78965669014084 100.79001765331971 100.77729370126502 100.7797302027223 100.8148338718661 100.86491751293242 100.88828987876337 100.8980358845925 100.86329317862757 100.83378443875604 100.81348025994538 100.80111727106954 100.77539864457603 100.76348685967376 100.76186252536891 100.75500422497063 100.74498749675737 100.73289523026567
100.5213708074558 100.5489844906383 100.53797511368319 100.59636090786321 100.6741484729068 100.71638116483298 100.67387775052265 100.70654491820916 100.86275173385928 100.95840697625624 100.96147516327653 100.92934944035831 101.01137832275343 100.98502801069691 100.90011142287094 100.8213312090855 100.78126429623245 100.73677558443838 100.72991728404011 100.75509446576534 100.78884452298843 100.77909851715931 100.74498749675737 100.73614389887538 100.74291195847894 100.75004098126135 100.73397811980225 100.71908838867441 100.72721006019869 100.7682696217936 100.82999432537807 100.90038214525508 100.91310609730976 100.94811952565884 100.91409874605162 100.862210289091 100.80183919742726 100.77612057093374 100.7554554289442 100.74625086788338 100.73650486205423 100.72450283635726 100.71223008827614
100.49474977301512 100.49790820083012 100.45450237857264 100.47751378122473 100.56784481673355 100.62226001594617 100.67324606495964 100.73027824721898 100.86699305121086 100.88603385889552 100.87421231478798 100.85562271107686 100.92014487929745 100.89235071452552 100.82999432537807 100.75915530152749 100.74336316245251 100.72396139158897 100.71376418178629 100.7196298334427 100.74291195847894 100.7413778649688 100.72459307715198 100.71502755291228 100.71241056986558 100.713222737018 100.69246735423376 100.67649473356936 100.68461640509362 100.70961310522944 100.7484166469565 100.83288203080892 100.92285210313888 100.98963029122733 100.97591369043079 100.87258798048312 100.79777836166512 100.76610384272047 100.74372412563137 100.73298547106039 100.72513452192027 100.713222737018 100.70501082469902
100.47841618917187 100.4759796877146 100.48274774731814 100.52552188401265 100.63615709833215 100.73397811980225 100.82439939610579 100.8896434906841 100.96833346367481 100.97871115506692 100.97591369043079 100.95985082897167 100.86112739955443 100.76041867265349 100.71602020165413 100.7087106972823 100.70464986152015 100.69661843079061 100.70058902575802 100.70501082469902 100.70609371423558 100.70708636297744 100.69986709940031 100.6953550596646 100.69111374231304 100.68236038522576 100.66936571078693 100.65221995979125 100.64879080959211 100.66223668800453 100.67396799131735 100.73334643423924 100.81086327689867 100.85408861756673 100.84578646445303 100.78009116590115 100.74986049967193 100.73136113675552 100.73100017357669 100.72991728404011 100.71908838867441 100.7131324962233 100.70979358681886
