static/data/pressure/2023/7/17/18.asc
ncols 137
nrows 93
xllcorner 108.0
yllcorner 17.0
cellsize 0.25
NODATA_value -32767
[rows 0 to 18 of 93, columns 86 to 128 of 137]
101.09196335243313 101.09602418819527 101.10026550554683 101.11262849442267 101.12174281468879 101.13022544939192 101.13988121442632 101.14358108700961 101.14628831085103 101.14899553469246 101.14836384912945 101.14701023720875 101.14701023720875 101.14908577548717 101.1512515545603 101.15540263111714 101.16027563403172 101.16614128568814 101.17354103085468 101.18265535112081 101.18987461469794 101.19646219271208 101.20314001152093 101.2048545866205 101.20765205125662 101.21026903430334 101.21378842529718 101.21802974264875 101.22308322715273 101.2285879156303 101.235626697618 101.24248499801627 101.24871161285155 101.25187004066655 101.25547967245511 101.2606233977538 101.26116484252209 101.26396230715824 101.26847434689394 101.27433999855035 101.2784910751072 101.28516889391605 101.2983440499443
101.10116791349398 101.1052287492561 101.11335042078038 101.12183305548349 101.12986448621307 101.1377154353532 101.14484445813561 101.14953697946073 101.15215396250746 101.15459046396474 101.15440998237531 101.15323685204402 101.15612455747485 101.15666600224314 101.15883178131628 101.16478767376742 101.16938995429784 101.17525560595425 101.18139197999481 101.18599426052525 101.19113798582394 101.19691339668564 101.20341073390507 101.20566675377292 101.21053975668748 101.21685661231747 101.22308322715273 101.22976104596158 101.23698030953872 101.24537270344712 101.25259196702426 101.25908930424366 101.26513543748952 101.26901579166223 101.27235470106665 101.27623505523935 101.28065685418034 101.28562009788962 101.29103454557246 101.29671971563945 101.2983440499443 101.30565355431617 101.32460412120612
101.11461379190638 101.11578692223766 101.12174281468879 101.12796942952406 101.13338387720691 101.1377154353532 101.14322012383074 101.14628831085103 101.14701023720875 101.15098083217616 101.1537782968123 101.15612455747485 101.1615390051577 101.16785586078771 101.17372151244412 101.18012860886883 101.18148222078953 101.18590401973053 101.19149894900279 101.1966426743015 101.20422290105749 101.21062999748219 101.21414938847605 101.21902239139061 101.22461732066287 101.23084393549816 101.23779247669114 101.24501174026827 101.25241148543483 101.25990147139609 101.26666953099966 101.27289614583493 101.27885203828606 101.28598106106848 101.29112478636718 101.29671971563945 101.30366825683245 101.30872174133643 101.31160944676728 101.31314354027742 101.3187384695497 101.32550652915326 101.33525253498239
101.1243597977355 101.12363787137778 101.12625485442449 101.12986448621307 101.13464724833291 101.13816663932676 101.14222747508889 101.14583710687745 101.15052962820259 101.15847081813743 101.16316333946257 101.16839730555598 101.17290934529169 101.18283583271025 101.1908672634398 101.19420617284422 101.19122822661865 101.19321352410236 101.19871821257993 101.20566675377292 101.21541275960205 101.2229027455633 101.22876839721972 101.23923632940657 101.2446507770894 101.24798968649384 101.25484798689212 101.26116484252209 101.26703049417851 101.27352783139794 101.28083733576977 101.28814684014162 101.29473441815574 101.29996838424917 101.30637548067388 101.31251185471443 101.31765558001314 101.32676990027925 101.33209410716739 101.33904264836038 101.35447382425649 101.36620512756932 101.37838763485573
101.12715726237164 101.1307668941602 101.13924952886332 101.14376156859903 101.1512515545603 101.15838057734271 101.16189996833657 101.16614128568814 101.1716459741657 101.17588729151726 101.17886523774283 101.18337727747853 101.18283583271025 101.18590401973053 101.19240135694994 101.1927623201288 101.19366472807593 101.19601098873851 101.20413266026279 101.21297625814476 101.22389539430516 101.23508525284971 101.24248499801627 101.25123835510354 101.2580064147071 101.26296965841638 101.27163277470893 101.27641553682878 101.28173974371691 101.29049310080418 101.29428321418217 101.30123175537517 101.30799981497871 101.31314354027742 101.32090424862284 101.3290259201471 101.33308675590925 101.34508878160622 101.34734480147407 101.34725456067936 101.3563688809455 101.37622185578259 101.3910213461157
101.1370837497902 101.14195675270474 101.15233444409688 101.15991467085286 101.16713393443 101.17588729151726 101.17949692330582 101.18373824065739 101.18897220675079 101.1896038923138 101.19258183853937 101.1947476176125 101.19384520966537 101.19610122953321 101.19691339668564 101.19709387827507 101.19953037973235 101.20566675377292 101.21360794370776 101.22299298635804 101.23066345390872 101.24158259006913 101.24862137205683 101.25746496993881 101.2644135111318 101.27226446027194 101.27948372384905 101.2848981715319 101.29265887987732 101.30222440411703 101.30610475828973 101.31350450345627 101.3212652118017 101.32541628835854 101.33173314398853 101.33949385233394 101.34229131697008 101.35808345604507 101.3603394759129 101.35988827193933 101.39038966055271 101.40934022744268 101.41150600651581
101.15549287191186 101.15621479826957 101.16388526582028 101.17137525178155 101.17823355217982 101.18563329734639 101.19014533708209 101.19628171112265 101.20115471403722 101.20241808516322 101.20440338264693 101.20647892092533 101.20638868013062 101.20774229205134 101.20846421840905 101.20891542238262 101.21360794370776 101.21983455854304 101.22777574847787 101.23824368066472 101.24600438901012 101.25340413417669 101.26026243457495 101.26829386530451 101.27370831298735 101.28137878053806 101.28913948888348 101.29753188279189 101.3052925911373 101.31224113233029 101.31909943272856 101.3264991778951 101.33462084941938 101.33823048120796 101.3449985408115 101.35501526902478 101.35826393763448 101.37216102002046 101.37360487273588 101.37351463194118 101.42964440625335 101.47079420864299 101.47295998771612
101.17390199403354 101.17245814131812 101.17588729151726 101.18608450131995 101.19258183853937 101.19799628622222 101.20440338264693 101.2094568671509 101.21423962927075 101.21784926105933 101.22001504013247 101.22028576251661 101.22100768887432 101.2235344311263 101.22398563509988 101.22588069178887 101.23084393549816 101.23625838318101 101.24510198106299 101.25827713709124 101.26802314292037 101.27740818557064 101.2822811884852 101.28697370981034 101.2950953813346 101.30050982901744 101.30872174133643 101.31503859696642 101.32261882372241 101.32821375299467 101.33651590610839 101.34301324332779 101.34996178452079 101.35402262028292 101.37026596333146 101.383982564128 101.38479473128044 101.38659954717471 101.37865835723987 101.389036048632 101.46537976096013 101.51483171646346 101.50851486083349
101.18788931721424 101.19339400569179 101.19303304251294 101.20620819854119 101.2145103516549 101.21974431774832 101.22470756145759 101.22903911960387 101.23400236331315 101.23959729258543 101.24185331245327 101.24086066371142 101.24221427563212 101.24474101788412 101.24501174026827 101.24925305761984 101.25322365258725 101.25836737788595 101.26802314292037 101.28435672676362 101.29870501312317 101.30736812941574 101.31052655723072 101.31521907855584 101.32334075008012 101.32875519776296 101.33435012703524 101.33886216677095 101.34590094875864 101.35302997154106 101.35835417842921 101.36358814452261 101.36810018425832 101.3749584846566 101.39408953313598 101.40979143141624 101.40654276280654 101.39363832916241 101.38614834320114 101.42973464704805 101.4919105546061 101.538655286268 101.54163323249357
101.20250832595792 101.21288601735004 101.21784926105933 101.22434659827873 101.23463404887615 101.24726776013613 101.25241148543483 101.25764545152823 101.26414278874766 101.27163277470893 101.26928651404637 101.26865482848336 101.26973771801994 101.27253518265609 101.2732571090138 101.27749842636534 101.2796642054385 101.28336407802176 101.29626851166589 101.312963058688 101.32785278981582 101.3385012035921 101.3416596314071 101.34824720942122 101.35275924915692 101.35672984412435 101.35862490081333 101.36773922107946 101.37378535432532 101.377034022935 101.37748522690858 101.38362160094914 101.38623858399586 101.39372856995712 101.4012185559184 101.41610828704623 101.41222793287352 101.41746189896693 101.42251538347094 101.49371537050037 101.55047683037554 101.59397289342775 101.58251231249905
101.21766877946989 101.22651237735187 101.23914608861186 101.2459141482154 101.26224773205867 101.2791227606702 101.28598106106848 101.28408600437947 101.28652250583677 101.28787611775748 101.28462744914776 101.28751515457863 101.29085406398303 101.29428321418217 101.29870501312317 101.30303657126944 101.30709740703159 101.31440691140342 101.32785278981582 101.3424717985595 101.35709080730321 101.36837090664247 101.37161957525217 101.37847787565043 101.38037293233944 101.38109485869715 101.38641906558529 101.38885556704257 101.38813364068486 101.38885556704257 101.40085759273954 101.39896253605055 101.39598458982498 101.39535290426198 101.39688699777211 101.40708420757483 101.41520587909909 101.43226138930005 101.47810371301482 101.54749888414997 101.58188062693606 101.57691738322679 101.54695743938169
101.25566015404453 101.24807992728854 101.26829386530451 101.27686674080235 101.28913948888348 101.30096103299103 101.30727788862102 101.30484138716373 101.3040292200113 101.30285608968002 101.3008707921963 101.3040292200113 101.30935342689942 101.3162117272977 101.32541628835854 101.32848447537881 101.33552325736653 101.34472781842736 101.35402262028292 101.3666563315429 101.3788388388293 101.38804339989014 101.39047990134742 101.39661627538797 101.39562362664611 101.39399929234126 101.39986494399768 101.39372856995712 101.40735492995897 101.42603477446478 101.43975137526132 101.39733820174568 101.38885556704257 101.39878205446112 101.41610828704623 101.42783959035906 101.45012906665345 101.49127886904309 101.57159317633865 101.65389278111792 101.67121901370302 101.63512269581737 101.5636519864038
101.29590754848702 101.2765960184182 101.29374176941388 101.30375849762716 101.31323378107214 101.31973111829156 101.32424315802727 101.3245138804114 101.32487484359025 101.32415291723255 101.32198713815941 101.32541628835854 101.33110145842554 101.33904264836038 101.34833745021592 101.35275924915692 101.36024923511819 101.36873186982132 101.37387559512003 101.38497521286986 101.39327736598355 101.39787964651397 101.40338433499154 101.40545987326996 101.40221120466026 101.40139903750783 101.41285961843651 101.40302337181268 101.41412298956251 101.41583756466208 101.3930066435994 101.39499194108312 101.47810371301482 101.54163323249357 101.57989532945234 101.57159317633865 101.59595819091145 101.64297364495751 101.71146640814553 101.81064104153633 101.75171380258801 101.65136603886592 101.51239521500618
101.32848447537881 101.2983440499443 101.31016559405185 101.32153593418585 101.33200386637267 101.33904264836038 101.34572046716922 101.34671311591107 101.34653263432165 101.34427661445379 101.34147914981766 101.34599118955336 101.35113491485207 101.35853466001863 101.36746849869532 101.37721450452445 101.38425328651215 101.39066038293686 101.39562362664611 101.4031136126074 101.40401602055454 101.4069939667801 101.41421323035723 101.40915974585324 101.40915974585324 101.41304010002594 101.41791310294052 101.40302337181268 101.41475467512551 101.41890575168237 101.40464770611754 101.4862253845391 101.61265273793356 101.7477432076206 101.69188415569256 101.6754603310546 101.70551051569439 101.758030658218 101.67573105343874 101.70163016152168 101.64396629369936 101.51988520096747 101.40473794691225
101.34075722345995 101.31215089153557 101.32171641577527 101.33516229418767 101.34572046716922 101.35600791776663 101.3641295892909 101.36449055246975 101.36403934849618 101.36196381021776 101.36214429180718 101.36683681313232 101.37189029763631 101.37622185578259 101.383982564128 101.39165303167871 101.39571386744083 101.40148927830255 101.40609155883297 101.4102426353898 101.41186696969466 101.41520587909909 101.42062032678194 101.41520587909909 101.4190862332718 101.4235080322128 101.40816709711139 101.41141576572109 101.43785631857233 101.53071409633314 101.54695743938169 101.62772295065083 101.78041037530711 101.90485243121786 101.71101520417196 101.70884942509882 101.72635613927335 101.65100507568707 101.5169072547419 101.51465123487404 101.49588114957349 101.39129206849985 101.34716431988464
101.33173314398853 101.32216761974884 101.33326723749867 101.34734480147407 101.35916634558161 101.36936355538433 101.37739498611387 101.37838763485573 101.37802667167686 101.38046317313415 101.38172654426015 101.38560689843285 101.387772677506 101.39228471724171 101.39796988730869 101.40383553896511 101.40798661552196 101.41177672889995 101.41637900943037 101.41890575168237 101.41664973181452 101.41989840042422 101.42278610585508 101.42377875459694 101.42747862718021 101.4248616441335 101.40915974585324 101.43370524201548 101.55562055567425 101.64947098217692 101.6883647646987 101.71886615331208 101.87047068843178 101.903859782476 101.73303395808219 101.74250924152717 101.72265626669007 101.64658327674607 101.4530167720843 101.37315366876231 101.35447382425649 101.35212756359392 101.33462084941938
101.34490830001678 101.33525253498239 101.34653263432165 101.35934682717104 101.37125861207332 101.38109485869715 101.38858484465842 101.39084086452628 101.39427001472541 101.39670651618269 101.39887229525583 101.4012185559184 101.40338433499154 101.40509891009111 101.40979143141624 101.41439371194666 101.41240841446294 101.41610828704623 101.41809358452994 101.42089104916607 101.41872527009293 101.4242299585705 101.42765910876963 101.43027609181634 101.42413971777579 101.42152273472908 101.4300053694322 101.49741524308364 101.61960127912656 101.66237541582105 101.68989885820885 101.70902990668824 101.77950796735996 101.8129873021989 101.75270645132987 101.77535689080311 101.7554136751713 101.72012952443808 101.53964793500985 101.42152273472908 101.32595773312683 101.32361147246426 101.33010880968368
101.36051995750233 101.35221780438864 101.36187356942304 101.37288294637817 101.38425328651215 101.39427001472541 101.40148927830255 101.4057305956541 101.4088890234691 101.41276937764181 101.41484491592023 101.41710093578808 101.41773262135108 101.41935695565594 101.41926671486122 101.41701069499337 101.41421323035723 101.41989840042422 101.41971791883479 101.42558357049121 101.44399269261288 101.45103147460058 101.44796328758031 101.44038306082433 101.43271259327362 101.43848800413534 101.463213981887 101.53721143355257 101.53639926640014 101.56464463514565 101.55516935170068 101.62645957952483 101.69341824920271 101.76795714563656 101.74187755596418 101.76164029000657 101.73835816497032 101.7100225554301 101.61283321952298 101.45373869844201 101.35023250690493 101.32009208147042 101.32460412120612
101.37613161498787 101.3666563315429 101.37938028359758 101.39002869737385 101.40166975989197 101.40988167221094 101.41520587909909 101.41791310294052 101.42323730982865 101.42783959035906 101.42865175751149 101.42702742320662 101.42802007194848 101.44516582294416 101.44236835830804 101.44002209764547 101.45924338691958 101.46953083751698 101.4766598602994 101.49037646109595 101.51447075328461 101.50634908176035 101.4874887556651 101.4728697469214 101.47422335884212 101.48270599354524 101.49633235354707 101.50959775037006 101.48099141844567 101.43722463300934 101.41827406611937 101.50391258030307 101.59451433819603 101.67627249820703 101.73862888735447 101.71796374536494 101.67437744151802 101.60877238376086 101.52773615010759 101.39436025552013 101.33398916385639 101.30962414928356 101.33272579273039
