static/data/pressure/2023/7/29/0.asc
ncols 137
nrows 93
xllcorner 108.0
yllcorner 17.0
cellsize 0.25
NODATA_value -32767
[rows 0 to 18 of 93, columns 0 to 42 of 137]
101.0387212835518 101.05992787030962 101.0846538480613 101.11244801283324 101.13591061945891 101.14267867906246 101.1454761436986 101.15720744701143 101.15395877840173 101.14493469893031 101.14141530793646 101.14439325416203 101.14096410396289 101.13121809813377 101.13816663932676 101.17967740489524 101.23192682503472 101.26143556490624 101.28390552279005 101.28968093365177 101.26044291616438 101.21721757549632 101.21144216463462 101.22967080516686 101.24546294424184 101.23571693841272 101.23716079112815 101.27894227908077 101.30818029656814 101.29843429073902 101.27614481444463 101.19772556383808 101.10847741786581 101.01318313864772 100.98665234500176 100.98665234500176 101.00045918659303 101.02617781308655 101.03240442792182 101.03366779904782 101.04467717600293 101.07039580249646 101.09439985389041
101.07039580249646 101.08293927296172 101.10721404673981 101.13491797071705 101.16893875032427 101.1672241752247 101.16623152648285 101.1672241752247 101.1716459741657 101.16045611562114 101.1442127725726 101.12490124250378 101.10992127058124 101.11145536409138 101.13672278661134 101.2049448274152 101.26721097576794 101.29897573550731 101.29464417736102 101.25890882265423 101.21893215059589 101.18870148436667 101.23391212251843 101.29771236438131 101.32072376703341 101.2682036245098 101.27343759060322 101.30366825683245 101.3231602684907 101.24997498397755 101.18689666847239 101.12571340965621 101.0501818644805 100.99847388910932 100.98042573016649 100.98466704751806 100.98195982367663 100.98168910129249 100.98223054606078 100.98466704751806 101.007407727786 101.03565309653153 101.06516183640305
101.09945333839441 101.11569668144294 101.13022544939192 101.14322012383074 101.15594407588543 101.14520542131446 101.14466397654617 101.14818336754003 101.14493469893031 101.13943001045276 101.12796942952406 101.11064319693895 101.08492457044544 101.089165887797 101.12390859376193 101.20142543642136 101.26170628729038 101.28318359643234 101.25520895007097 101.21414938847605 101.19366472807593 101.19772556383808 101.27343759060322 101.3231602684907 101.33272579273039 101.28372504120063 101.30772909259458 101.31016559405185 101.26964747722522 101.13446676674349 101.05920594395191 101.00939302526972 100.98223054606078 100.9606629961241 100.95615095638838 100.95967034738224 100.95470710367296 100.96120444089239 100.96995779797965 100.97690633917264 100.98917908725376 101.01020519242215 101.03619454129982
101.10414585971955 101.12896207826591 101.13419604435934 101.13997145522103 101.13672278661134 101.13690326820077 101.14240795667831 101.14791264515588 101.1237281121725 101.11768197892665 101.11172608647553 101.10396537813011 101.0719298960066 101.07572000938458 101.11190656806495 101.18094077602125 101.24392885073169 101.2682036245098 101.24293620198983 101.21369818450248 101.20846421840905 101.24347764675812 101.30222440411703 101.31314354027742 101.27641553682878 101.2254294878153 101.22371491271574 101.1922208753605 101.13545941548534 101.04693319587079 100.99847388910932 100.96147516327653 100.95272180618925 100.94243435559184 100.93720038949843 100.93593701837243 100.93539557360414 100.94189291082355 100.9524510838051 100.96346046076023 100.97816971029863 100.99919581546703 101.0246437195764
101.10667260197152 101.13690326820077 101.13970073283689 101.13573013786949 101.13121809813377 101.1269767807822 101.13040593098134 101.13347411800163 101.11768197892665 101.11064319693895 101.10414585971955 101.08393192170358 101.06272533494577 101.07364447110616 101.13419604435934 101.20593747615706 101.2772277039812 101.30294633047474 101.25945026742252 101.20990807112447 101.21947359536418 101.26721097576794 101.36241501419133 101.30745837021043 101.25340413417669 101.12842063349764 101.07842723322601 101.0494599381228 101.02518516434469 100.98565969625992 100.9446903754597 100.93196642340502 100.92366427029131 100.9159035619459 100.91491091320405 100.91617428433004 100.92140825042345 100.92673245731159 100.93566629598828 100.94893169281127 100.9709504467215 100.9926984782476 101.01670252964156
101.12390859376193 101.14520542131446 101.14141530793646 101.13744471296906 101.13591061945891 101.1224647410465 101.12472076091436 101.12020872117866 101.10865789945524 101.09764852250012 101.07093724726474 101.04368452726108 101.03493117017382 101.09972406077856 101.17065332542384 101.24447029549998 101.30123175537517 101.32541628835854 101.24095090450612 101.16072683800529 101.16893875032427 101.21144216463462 101.29040286000948 101.24122162689027 101.15368805601759 101.03646526368397 100.98791571612776 100.96021179215053 100.93819303824029 100.91671572909833 100.90796237201106 100.89623106869823 100.88819963796865 100.89343360406208 100.89271167770437 100.90345033227534 100.91220368936263 100.91644500671418 100.9204156016816 100.93395172088873 100.95741432751439 100.98394512116035 101.008671098912
101.13672278661134 101.15143203614974 101.14664927402988 101.13591061945891 101.13248146925977 101.11470403270108 101.09791924488427 101.09268527879084 101.08546601521373 101.06696665229732 101.04016513626723 101.00722724619658 101.03240442792182 101.0974680409107 101.19447689522836 101.24239475722156 101.29518562212931 101.2854396163002 101.20891542238262 101.1377154353532 101.14069338157874 101.18292607350496 101.20422290105749 101.13591061945891 101.0481965669968 100.96896514923779 100.93647846314072 100.90841357598462 100.89045565783651 100.87340014763555 100.86518823531657 100.86491751293242 100.85869089809715 100.86618088405842 100.87845363213954 100.8896434906841 100.89966021889737 100.90417225863305 100.90796237201106 100.91996439770803 100.94793904406941 100.97446983771536 101.00072990897716
101.1454761436986 101.156395279859 101.14890529389774 101.13464724833291 101.11822342369494 101.09647539216884 101.07220061839074 101.05920594395191 101.05243788434835 101.03971393229365 101.0157098808997 100.99197655188989 101.02870455533854 101.13194002449148 101.21496155562846 101.23643886477043 101.24221427563212 101.23616814238629 101.1844601670151 101.13618134184306 101.16045611562114 101.20097423244779 101.17065332542384 101.09539250263227 101.01616108487327 100.94396844910199 100.90868429836877 100.8749342411457 100.85968354683901 100.84217683266446 100.8391988864389 100.84398164855875 100.84244755504861 100.85345693200372 100.86419558657471 100.87565616750341 100.88567289571667 100.89189951055194 100.89641155028765 100.90841357598462 100.93747111188256 100.96743105572766 100.99314968222117
101.14367132780431 101.15314661124931 101.14818336754003 101.12896207826591 101.1121772904491 101.0949412986587 101.0686812273969 101.03547261494211 101.02392179321869 101.01516843613143 100.99170582950575 100.9869230673859 101.0169732520257 101.1384373617109 101.19772556383808 101.23670958715458 101.231204898677 101.21541275960205 101.13915928806861 101.10793597309753 101.14773216356646 101.19998158370593 101.17065332542384 101.13194002449148 101.0494599381228 100.96490431347567 100.88314615346468 100.84723031716847 100.83640142180276 100.82439939610579 100.82421891451635 100.82990408458335 100.83441612431905 100.84569622365832 100.85444958074558 100.86320293783285 100.86816618154212 100.87565616750341 100.88341687584882 100.89966021889737 100.92718366128516 100.95741432751439 100.98195982367663
101.13717399058491 101.13672278661134 101.13672278661134 101.1364520642272 101.1281499111135 101.11614788541652 101.08320999534587 101.04720391825494 101.01372458341599 100.99721051798332 100.97239429943693 100.95542903003067 100.97067972433736 101.08690986792915 101.1844601670151 101.24618487059955 101.20241808516322 101.1121772904491 101.03420924381611 101.0394432099095 101.09268527879084 101.15468070475944 101.16045611562114 101.13545941548534 101.09521202104284 100.97266502182107 100.8819730231334 100.82945288060978 100.82169217226436 100.81140472166696 100.80941942418325 100.81465339027667 100.82214337623793 100.83044552935164 100.83865744167062 100.84542550127418 100.84795224352618 100.85544222948744 100.86915883028398 100.88747771161094 100.91319633810448 100.93990761333986 100.96490431347567
101.16117804197886 101.15422950078587 101.15919274449514 101.16469743297272 101.15495142714359 101.12715726237164 101.09169263004898 101.05315981070608 101.0157098808997 100.9901717359956 100.96021179215053 100.94171242923413 100.95443638128882 101.05920594395191 101.1384373617109 101.13997145522103 101.03447996620025 100.96589696221753 100.97167237307922 101.02292914447683 101.11723077495309 101.16072683800529 101.16839730555598 101.14367132780431 101.09196335243313 100.95218036142096 100.86067619558087 100.81095351769339 100.80445618047396 100.79019813490913 100.78722018868356 100.7906493388827 100.79741739848627 100.80445618047396 100.81239737040882 100.81970687478065 100.82593348961592 100.8366721441869 100.8526447648513 100.87340014763555 100.89966021889737 100.92592029015917 100.94893169281127
101.17967740489524 101.17868475615339 101.17444343880183 101.16469743297272 101.14069338157874 101.11398210634337 101.08519529282958 101.05144523560651 101.00840037652786 100.96418238711796 100.93864424221385 100.94243435559184 100.99540570208903 101.07346398951674 101.07093724726474 101.01146856354815 100.94541230181741 100.97194309546336 101.02022192063541 101.06543255878718 101.0789686779943 101.1096505481971 101.13573013786949 101.12345738978836 101.03845056116766 100.90796237201106 100.83170890047764 100.79389800749242 100.782978871332 100.76465999000504 100.75942602391163 100.76168204377949 100.76745745464117 100.77819610921216 100.78965669014084 100.79994414073825 100.80842677544139 100.82169217226436 100.83892816405475 100.85923234286544 100.88116085598097 100.9069697232692 100.92916895876887
101.14114458555233 101.13789591694263 101.13320339561749 101.12390859376193 101.10766525071338 101.08041253070972 101.0489184933545 101.01219048990586 100.96264829360781 100.9287177547953 100.91671572909833 100.94893169281127 101.01841710474113 101.0559572753422 101.01246121229 100.95615095638838 100.99820316672518 101.07644193574231 101.06696665229732 101.00118111295075 100.97943308142463 101.03447996620025 101.06317653891934 101.04494789838708 100.95696312354082 100.86591016167428 100.79895149199642 100.76646480589932 100.74995074046663 100.73839991874324 100.73668534364367 100.73993401225337 100.74742399821466 100.75915530152749 100.76944275212489 100.77792538682802 100.78568609517343 100.80192943822196 100.82241409862208 100.84289875902218 100.85814945332886 100.88720698922681 100.91247441174676
101.09990454236798 101.09692659614241 101.0949412986587 101.08745131269743 101.08194662421987 101.04070658103551 101.011197841164 100.97997452619292 100.93593701837243 100.90372105465948 100.89271167770437 100.92122776883403 100.9767258575832 100.9952252204996 100.95389493652053 100.93521509201472 101.00569315268643 101.05189643958008 100.98719378977005 100.9126548933362 100.91220368936263 100.95840697625624 100.97771850632506 100.94622446896985 100.87719026101354 100.80689268193125 100.76420878603147 100.73343667503396 100.71692260960127 100.71592996085941 100.71367394099157 100.71692260960127 100.72540524430441 100.73542197251767 100.74543870073094 100.75446278020235 100.78171550020602 100.81447290868724 100.83495756908734 100.855893433461 100.87294894366198 100.9044429810172 100.92222041757589
101.05315981070608 101.08095397547801 101.07914915958374 101.07220061839074 101.05893522156776 101.01868782712528 101.0021737616926 100.97446983771536 100.94044905810813 100.8884703603528 100.8743927963774 100.88143157836511 100.938914964598 100.93593701837243 100.86392486419058 100.8411841839226 100.9031796098912 100.96246781201839 100.91039887346834 100.88098037439154 100.86870762631041 100.89568962392994 100.9031796098912 100.87547568591397 100.81266809279296 100.74796544298295 100.70771804854044 100.69318928059147 100.68145797727863 100.6819091812522 100.68497736827247 100.68867724085575 100.69743059794303 100.70970334602416 100.7221565756947 100.75870409755392 100.8009367894801 100.8404622575649 100.86789545915798 100.8884703603528 100.91797910022433 100.94947313757956 100.96373118314438
100.99847388910932 101.03339707666368 101.0554158305739 101.04864777097036 101.0157098808997 100.98322319480263 100.96697985175409 100.96797250049595 100.9434270043337 100.88314615346468 100.85670560061344 100.86392486419058 100.93097377466316 100.83820623769704 100.76619408351517 100.73722678841195 100.79967341835412 100.86293221544872 100.88991421306822 100.86121764034915 100.83116745570935 100.85147163452001 100.85923234286544 100.83369419796134 100.7554554289442 100.68515784986191 100.65492718363268 100.6403984156837 100.64021793409428 100.643466602704 100.64644454892957 100.65591983237454 100.66494391184594 100.6799238837685 100.69968661781087 100.73614389887538 100.77819610921216 100.81745085491279 100.84542550127418 100.8884703603528 100.92889823638473 100.96219708963424 100.97564296804664
100.95615095638838 100.9926984782476 101.01471723215785 101.01516843613143 100.97140165069507 100.93747111188256 100.93341027612044 100.93467364724644 100.95741432751439 100.86446630895885 100.8379355153129 100.80165871583782 100.86365414180644 100.7464313494728 100.71069599476601 100.68145797727863 100.77819610921216 100.7797302027223 100.80689268193125 100.80292208696382 100.782978871332 100.81772157729694 100.8194361523965 100.79389800749242 100.6979720427113 100.63218650336472 100.60168511475135 100.59193910892223 100.5949170551478 100.59969981726763 100.60818245197078 100.61792845779989 100.62514772137703 100.643466602704 100.66322933674638 100.68416520112005 100.71764453595898 100.75464326179177 100.79416872987656 100.83739407054462 100.89298240008851 100.92592029015917 100.93945640936627
100.92519836380146 100.9606629961241 101.00172255771902 101.00542243030229 100.94893169281127 100.8884703603528 100.88693626684267 100.90092359002337 100.95118771267913 100.8359502178292 100.72441259556255 100.67766786390064 100.69490385569104 100.63967648932599 100.61567243793203 100.6856992946302 100.80364401332153 100.75446278020235 100.70392793516244 100.69472337410161 100.72071272297927 100.77521816298659 100.76917202974074 100.71791525834313 100.63191578098058 100.57840298971512 100.55566230944716 100.54420172851847 100.54817232348589 100.5571964029573 100.56567903766042 100.57497383951598 100.58020780560939 100.59789500137336 100.61422858521661 100.63471324561672 100.66647800535608 100.70816925251401 100.7484166469565 100.78415200166329 100.8379355153129 100.86672232882671 100.87890483611311
100.87845363213954 100.90516490737491 100.95118771267913 100.98195982367663 100.93864424221385 100.86518823531657 100.81546555742909 100.81889470762822 100.8391988864389 100.7304587288084 100.60845317435492 100.54717967474403 100.54690895235989 100.54266763500833 100.5764176922314 100.66322933674638 100.76718673225703 100.72621741145683 100.66765113568736 100.61964303289946 100.63994721171014 100.67369726893322 100.63543517197444 100.57722985938383 100.54817232348589 100.5329216291792 100.50765420665925 100.49745699685654 100.50269096294997 100.51189552401081 100.52064888109808 100.5303948869272 100.54068233752461 100.5534062895793 100.57091300375384 100.59293175766409 100.63065240985458 100.67568256641692 100.71421538575986 100.74742399821466 100.77918875795402 100.79516137861842 100.80869749782553
