static/data/pressure/2023/7/29/12.asc
ncols 137
nrows 93
xllcorner 108.0
yllcorner 17.0
cellsize 0.25
NODATA_value -32767
[rows 38 to 56 of 93, columns 43 to 85 of 137]
100.38600961538462 100.41696220797157 100.48346967367587 100.53797511368319 100.56152796110358 100.53896776242505 100.55521110547359 100.59654138945264 100.64148130522028 100.68145797727863 100.72423211397312 100.76420878603147 100.80725364511011 100.85246428326187 100.89677251346652 100.93521509201472 100.96652864778052 100.99423257175775 101.02004143904598 101.04395524964522 101.06624472593961 101.08447336647187 101.09972406077856 101.11298945760151 101.12796942952406 101.14701023720875 101.1659608040987 101.18373824065739 101.19953037973235 101.21478107403904 101.23201706582944 101.24979450238811 101.26576712305251 101.27948372384905 101.29247839828788 101.30700716623687 101.32225786054356 101.33498181259824 101.34553998557979 101.35149587803093 101.3564591217402 101.36079067988648 101.36250525498605
100.48328919208643 100.53752390970962 100.55800857010972 100.55349653037402 100.5355386122259 100.53571909381533 100.54997713938016 100.58598321647109 100.6307426506493 100.67523136244336 100.72450283635726 100.76529167556804 100.8097803873621 100.85571295187158 100.89848708856609 100.93350051691516 100.96373118314438 100.99170582950575 101.017514696794 101.04097730341965 101.06272533494577 101.0840221624983 101.09674611455299 101.10748476912396 101.11975751720509 101.13627158263776 101.15025890581845 101.16776561999299 101.18473088939925 101.20196688118963 101.22254178238447 101.23923632940657 101.2547577460974 101.26775242053623 101.27903251987549 101.29121502716188 101.30420970160073 101.31675317206599 101.32749182663696 101.33498181259824 101.3385012035921 101.3424717985595 101.34445709604321
100.49420832824684 100.55448917911588 100.53526788984176 100.51595635977294 100.52128056666108 100.55178195527445 100.56928866944898 100.60195583713549 100.645993344956 100.70022806257916 100.75653831848078 100.78848355980956 100.82476035928464 100.86852714472099 100.9057063521432 100.9325078681733 100.9612946816871 100.98674258579646 101.0117392859323 101.03447996620025 101.05821329521005 101.07978084514673 101.09295600117498 101.10297272938826 101.11371138395924 101.12878159667649 101.14024217760517 101.15350757442816 101.17002163986085 101.18825028039309 101.21099096066105 101.22822695245144 101.24374836914227 101.25647232119697 101.26648904941023 101.27695698159707 101.28697370981034 101.29671971563945 101.30700716623687 101.31576052332413 101.32054328544399 101.32478460279555 101.32821375299467
100.47002379526346 100.50278120374469 100.50521770520197 100.54952593540659 100.57578600666841 100.58399791898738 100.5885099587231 100.63047192826515 100.6979720427113 100.7567188000702 100.81672892855508 100.82376771054278 100.85147163452001 100.8737611108144 100.9082330943952 100.93025184830545 100.95948986579282 100.98421584354449 101.00524194871286 101.02753142500725 101.05027210527521 101.06823002342333 101.08302951375644 101.09674611455299 101.10847741786581 101.12147209230464 101.1295035230342 101.14222747508889 101.15675624303786 101.17471416118597 101.19601098873851 101.2145103516549 101.2304829723193 101.24320692437398 101.25304317099783 101.26278917682694 101.27127181153008 101.28047637259091 101.28895900729405 101.29726116040774 101.30375849762716 101.30926318610472 101.31350450345627
100.47697233645646 100.48076244983444 100.48301846970229 100.52723645911222 100.58553201249752 100.5885099587231 100.60728004402363 100.6952648188699 100.76276493331605 100.82322626577451 100.88125109677569 100.87574640829811 100.86302245624343 100.8852216917431 100.90751116803749 100.92898847717944 100.95723384592496 100.97825995109335 100.99928605626174 101.02022192063541 101.04278211931394 101.0597473887202 101.07499808302687 101.08871468382341 101.10152887667283 101.11398210634337 101.12147209230464 101.13121809813377 101.1454761436986 101.16000491164758 101.17949692330582 101.19799628622222 101.2145103516549 101.22723430370958 101.23851440304885 101.24871161285155 101.25674304358111 101.26675977179437 101.2752424064975 101.2822811884852 101.28895900729405 101.2944636957716 101.29996838424917
100.47552848374103 100.45477310095679 100.45522430493035 100.48446232241771 100.54402124692905 100.57551528428426 100.64202274998857 100.73352691582866 100.8047269028581 100.86446630895885 100.91003791028947 100.89577986472466 100.88098037439154 100.88621434048495 100.90751116803749 100.9287177547953 100.95299252857339 100.97401863374178 100.99323992301589 101.01453675056842 101.03601405971038 101.05297932911664 101.06850074580747 101.0814954202463 101.09403889071156 101.10495802687196 101.11425282872752 101.1237281121725 101.13500821151177 101.14926625707659 101.16478767376742 101.18103101681596 101.19754508224865 101.2119836094029 101.2235344311263 101.23526573443915 101.24401909152641 101.25421630132911 101.26224773205867 101.26928651404637 101.27650577762348 101.28201046610106 101.28751515457863
100.44277107525981 100.4395224066501 100.47498703897274 100.50422505646011 100.5399604111669 100.58878068110724 100.67703617833764 100.76601360192575 100.83721358895518 100.86726377359498 100.90074310843393 100.88801915637923 100.88152181915983 100.88675578525323 100.9057063521432 100.92673245731159 100.94929265599012 100.96670912936995 100.98602065943875 101.00722724619658 101.02798262898082 101.04576006553951 101.06272533494577 101.07572000938458 101.08573673759787 101.09548274342698 101.1064921203821 101.11822342369494 101.12977424541835 101.14078362237346 101.15422950078587 101.16803634237714 101.18202366555782 101.19646219271208 101.2094568671509 101.22172961523204 101.2317463434453 101.24176307165855 101.24979450238811 101.25746496993881 101.26603784543666 101.27154253391423 101.27370831298735
100.45621695367221 100.51902454679322 100.57750058176798 100.60150463316192 100.6192820697206 100.64797864243968 100.75301892748692 100.83423564272962 100.87547568591397 100.90029190446036 100.89271167770437 100.87800242816597 100.87448303717211 100.88422904300124 100.90245768353348 100.92222041757589 100.94198315161827 100.95948986579282 100.97726730235149 100.99775196275161 101.0169732520257 101.03827007957823 101.05550607136863 101.06976411693347 101.07978084514673 101.08772203508157 101.09972406077856 101.11199680885967 101.12472076091436 101.13627158263776 101.14646879244046 101.157026965422 101.1710142886027 101.18328703668382 101.19601098873851 101.20846421840905 101.21929311377475 101.22849767483558 101.23698030953872 101.24573366662598 101.2547577460974 101.25746496993881 101.25845761868067
100.58129069514595 100.63372059687487 100.65023466230754 100.66223668800453 100.68028484694736 100.73199282231853 100.86248101147514 100.92673245731159 100.95651191956725 100.9484804888377 100.89722371744008 100.87646833465583 100.88125109677569 100.8922604737308 100.90326985068592 100.91897174896617 100.93620774075657 100.95254132459982 100.96923587162193 100.9862913818229 101.00370785520272 101.02599733149711 101.04395524964522 101.05902546236248 101.07102748805946 101.07978084514673 101.0917828708437 101.10396537813011 101.11750149733723 101.13103761654435 101.14150554873117 101.15152227694445 101.16126828277358 101.17200693734456 101.18328703668382 101.19501833999665 101.20575699456764 101.21396890688662 101.22254178238447 101.23075369470344 101.23670958715458 101.23950705179071 101.25051642874583
100.7445362927838 100.71475683052813 100.68046532853678 100.67748738231121 100.7177347767537 100.79750763928098 100.88125109677569 100.9140085052569 100.9299811259213 100.92925919956359 100.88350711664354 100.87177581333069 100.88422904300124 100.89677251346652 100.90272840591763 100.91373778287276 100.92853727320588 100.94396844910199 100.95976058817696 100.9754624864572 100.99197655188989 101.01228073070057 101.0309605752064 101.04846728938094 101.06254485335633 101.07003483931761 101.0814954202463 101.09421937230098 101.1090188626341 101.1237281121725 101.13401556276992 101.1442127725726 101.15224420330216 101.1615390051577 101.17146549257627 101.17976764568996 101.18951365151908 101.19772556383808 101.20548627218349 101.21270553576062 101.21676637152275 101.22497828384174 101.24528246265241
100.67026811873407 100.71547875688584 100.7477849613935 100.8047269028581 100.85147163452001 100.87854387293426 100.89126782498894 100.88747771161094 100.866000402469 100.85670560061344 100.85625439663987 100.87177581333069 100.88747771161094 100.90029190446036 100.9057063521432 100.9140085052569 100.92402523347016 100.9377418342667 100.95073650870555 100.96472383188623 100.98078669334535 101.00000798261945 101.01823662315171 101.0347506885844 101.04846728938094 101.0572206464682 101.07021532090704 101.08302951375644 101.09828020806312 101.11398210634337 101.12499148329849 101.13545941548534 101.14276891985718 101.14971746105017 101.158290336548 101.16451695138328 101.17354103085468 101.18076029443182 101.18770883562482 101.1947476176125 101.19953037973235 101.20548627218349 101.2170370939069
100.62550868455588 100.71629092403828 100.82223361703265 100.89577986472466 100.89550914234052 100.8897337314788 100.87827315055011 100.8507497081623 100.8244896369005 100.82322626577451 100.83874768246532 100.86699305121086 100.88901180512109 100.90074310843393 100.9057063521432 100.91229393015733 100.92023512009217 100.93052257068959 100.94324652274427 100.95524854844125 100.97049924274793 100.98773523453832 101.00452002235515 101.02103408778784 101.03303611348483 101.04350404567165 101.05622799772634 101.07003483931761 101.08627818236614 101.10152887667283 101.11298945760151 101.12327690819892 101.13049617177606 101.13726423137962 101.14403229098318 101.14971746105017 101.158290336548 101.16397550661499 101.17047284383442 101.1775116258221 101.18373824065739 101.19122822661865 101.19204039377108
100.63146457700701 100.76953299291961 100.8762878530664 100.89722371744008 100.89072638022066 100.92077656486046 100.87096364617827 100.83351371637191 100.81203640722995 100.81149496246167 100.83098697411992 100.86148836273328 100.88477048776952 100.89947973730793 100.9057063521432 100.91175248538904 100.91879126737675 100.92573980856973 100.93503461042528 100.94703663612226 100.9612946816871 100.97753802473564 100.99152534791632 101.00551267109701 101.01823662315171 101.03177274235883 101.04449669441351 101.0584840175942 101.07373471190088 101.08672938633973 101.09927285680497 101.10928958501825 101.11650884859537 101.12273546343064 101.1282401519082 101.13347411800163 101.14276891985718 101.14926625707659 101.15522214952772 101.16000491164758 101.1659608040987 101.17327030847055 101.17471416118597
100.67171197144951 100.80878773862024 100.85724704538173 100.87574640829811 100.89027517624709 100.94550254261213 100.87673905703997 100.81275833358767 100.79173222841928 100.80201967901668 100.82151169067494 100.85345693200372 100.87872435452368 100.89379456724095 100.90272840591763 100.90877453916349 100.91427922764105 100.92050584247632 100.92853727320588 100.93927592777685 100.95353397334168 100.96878466764838 100.98322319480263 100.99504473891018 101.00749796858072 101.02103408778784 101.03303611348483 101.04702343666551 101.0597473887202 101.07174941441717 101.08375144011416 101.09250479720141 101.09972406077856 101.10549947164024 101.11127488250195 101.11822342369494 101.12670605839807 101.13374484038577 101.14177627111532 101.1467395148246 101.14971746105017 101.1537782968123 101.15549287191186
100.73325619344453 100.83279179001421 100.88125109677569 100.83649166259747 100.8487644106786 100.89947973730793 100.8429889998169 100.7809935738483 100.7802716474906 100.79073957967742 100.81248761120352 100.84623766842661 100.87078316458884 100.88720698922681 100.89623106869823 100.90471370340134 100.91003791028947 100.91473043161461 100.92095704644989 100.93178594181559 100.94496109784384 100.96021179215053 100.9754624864572 100.98746451215419 100.9990153338776 101.01020519242215 101.02247794050326 101.03402876222668 101.04648199189722 101.05749136885234 101.06723737468147 101.07572000938458 101.0827587913723 101.08871468382341 101.09476081706927 101.1032434517724 101.11100416011782 101.12129161071522 101.12923280065006 101.13347411800163 101.13600086025363 101.13699350899549 101.13870808409504
100.79254439557171 100.86446630895885 100.864737031343 100.81627772458151 100.78352031610028 100.8065317187524 100.77747418285445 100.7682696217936 100.7682696217936 100.78352031610028 100.80599027398411 100.83874768246532 100.85950306524958 100.87728050180826 100.8922604737308 100.9012845532022 100.90552587055377 100.90877453916349 100.91373778287276 100.92402523347016 100.93701990790899 100.95199987983153 100.96670912936995 100.97898187745106 100.98926932804847 101.00000798261945 101.01047591480629 101.02220721811912 101.0322239463324 101.04278211931394 101.05153547640121 101.05875473997834 101.06597400355547 101.07229085918544 101.0777053068683 101.08645866395558 101.09629491057942 101.10802621389224 101.11371138395924 101.11777221972137 101.11849414607909 101.12102088833109 101.1224647410465
100.76998419689318 100.82078976431721 100.83053577014635 100.80201967901668 100.75978698709048 100.75220676033449 100.75347013146049 100.75473350258649 100.76321613728962 100.77774490523859 100.79877101040698 100.82900167663621 100.8487644106786 100.86852714472099 100.88377783902769 100.89424577121451 100.89902853333436 100.90173575717577 100.90678924167977 100.91626452512476 100.92826655082173 100.94324652274427 100.95777529069325 100.96878466764838 100.9785306734775 100.98773523453832 100.99802268513574 101.00849061732258 101.01823662315171 101.02698998023897 101.03574333732625 101.04224067454565 101.04900873414921 101.05577679375277 101.06128148223033 101.06904219057576 101.0814954202463 101.09097070369127 101.09521202104284 101.09629491057942 101.09629491057942 101.10053622793097 101.10125815428869
100.72549548509912 100.77945948033816 100.78072285146416 100.75401157622878 100.72648813384097 100.72675885622512 100.73903160430623 100.74850688775122 100.7567188000702 100.77070612325089 100.79299559954528 100.81826302206522 100.83703310736576 100.85778849015001 100.87601713068226 100.88801915637923 100.8935238448568 100.89424577121451 100.90101383081806 100.90922574313706 100.91996439770803 100.93277859055745 100.94703663612226 100.9575045683091 100.96625792539638 100.97573320884135 100.98547921467049 100.99603738765204 101.00623459745472 101.01228073070057 101.02049264301955 101.02753142500725 101.03447996620025 101.0412480258038 101.04729415904964 101.05225740275893 101.06326677971404 101.06823002342333 101.07147869203303 101.0744566382586 101.0777053068683 101.08176614263044 101.08176614263044
100.782978871332 100.77729370126502 100.74246075450537 100.70320600880473 100.6914747054919 100.71051551317657 100.72847343132469 100.7420095505318 100.75500422497063 100.76926227053546 100.78595681755758 100.8052683476264 100.82503108166878 100.8455157420689 100.86401510498528 100.87854387293426 100.88675578525323 100.88774843399509 100.89198975134666 100.9012845532022 100.91229393015733 100.92402523347016 100.93602725916713 100.94902193360598 100.95578999320954 100.96553599903866 100.97446983771536 100.98349391718678 100.99296920063175 101.0002787050036 101.00578339348115 101.01372458341599 101.01977071666184 101.02599733149711 101.03375803984254 101.03745791242581 101.04648199189722 101.04873801176508 101.05225740275893 101.05676944249463 101.05902546236248 101.0610107598462 101.06498135481361
