static/data/pressure/2023/7/29/18.asc
ncols 137
nrows 93
xllcorner 108.0
yllcorner 17.0
cellsize 0.25
NODATA_value -32767
[rows 57 to 75 of 93, columns 43 to 85 of 137]
100.88386807982239 100.84741079875789 100.79813932484399 100.74489725596266 100.71583972006471 100.72612717066212 100.72937583927182 100.72035175980041 100.70961310522944 100.70158167449988 100.69183566867076 100.69183566867076 100.70735708536158 100.73388787900753 100.75689928165963 100.77539864457603 100.78965669014084 100.80463666206339 100.81384122312424 100.81835326285993 100.82313602497979 100.82710661994722 100.82764806471549 100.83188938206706 100.8341454019349 100.8398305720019 100.84759128034732 100.85408861756673 100.85914210207072 100.86762473677383 100.86861738551569 100.87358062922497 100.87466351876155 100.87340014763555 100.87385135160912 100.86961003425755 100.86888810789983 100.86690281041612 100.86591016167428 100.86609064326372 100.86690281041612 100.86708329200556 100.8693393118734
100.83838671928648 100.79561258259199 100.75464326179177 100.71385442258101 100.71412514496515 100.72865391291411 100.72161513092641 100.71213984748144 100.70212311926817 100.68939916721347 100.67586304800636 100.67559232562222 100.68714314734562 100.71638116483298 100.75112387079793 100.77413527345003 100.78839331901486 100.79714667610213 100.80860725703081 100.81239737040882 100.81663868776036 100.82033856034364 100.82241409862208 100.82160193146964 100.82764806471549 100.8308967333252 100.83640142180276 100.84235731425389 100.8443426117376 100.8513813937253 100.85210332008302 100.855893433461 100.857156804587 100.85688608220286 100.85661535981872 100.85562271107686 100.85309596882487 100.85210332008302 100.85065946736759 100.84984730021517 100.84984730021517 100.84858392908917 100.8513813937253
100.77936923954344 100.74913857331421 100.71213984748144 100.70961310522944 100.7171030911907 100.7196298334427 100.71484707132285 100.70961310522944 100.69111374231304 100.6741484729068 100.67712641913236 100.69761107953245 100.70383769436773 100.71340321860744 100.74688255344637 100.77314262470817 100.79010789411443 100.79461993385013 100.80165871583782 100.80734388590481 100.80941942418325 100.81212664802467 100.81636796537622 100.81239737040882 100.81934591160179 100.8213312090855 100.8263846935895 100.83035528855692 100.83234058604063 100.83613069941862 100.83784527451819 100.8398305720019 100.8410939431279 100.84136466551205 100.84010129438605 100.84010129438605 100.83739407054462 100.83910864564419 100.83739407054462 100.83459660590847 100.83360395716662 100.83116745570935 100.83513805067676
100.73415860139167 100.7131324962233 100.70690588138801 100.70437913913601 100.71286177383915 100.71087647635544 100.71538851609112 100.69941589542674 100.68263110760991 100.71286177383915 100.73488052774938 100.78460320563686 100.7528384458975 100.75112387079793 100.7516653155662 100.77765466444387 100.78884452298843 100.79615402736027 100.79660523133384 100.80364401332153 100.80562931080524 100.80689268193125 100.81086327689867 100.80689268193125 100.81014135054096 100.81284857438239 100.81609724299209 100.81988735637007 100.82115072749608 100.82187265385379 100.82439939610579 100.82214337623793 100.82340674736393 100.82313602497979 100.8213312090855 100.82286530259564 100.82088000511193 100.82214337623793 100.81961663398593 100.8169094101445 100.81564603901852 100.81411194550839 100.81790205888636
100.69959637701616 100.70464986152015 100.69833300589016 100.70437913913601 100.71340321860744 100.70483034310959 100.71683236880656 100.69833300589016 100.7573504856332 100.78758115186243 100.90913550234234 100.94414893069141 100.84984730021517 100.76014795026934 100.76059915424291 100.77837659080159 100.78460320563686 100.79714667610213 100.79037861649857 100.79741739848627 100.80310256855326 100.80463666206339 100.80463666206339 100.80283184616911 100.80238064219554 100.80508786603697 100.80833653464667 100.80959990577267 100.81140472166696 100.80761460828896 100.81014135054096 100.80716340431539 100.8053585884211 100.8053585884211 100.80265136457967 100.80463666206339 100.80265136457967 100.80238064219554 100.80012462232769 100.79813932484399 100.79741739848627 100.79786860245984 100.79985389994354
100.68434568270948 100.69165518708132 100.6978818019166 100.70464986152015 100.7131324962233 100.7004085441686 100.71286177383915 100.71908838867441 100.78785187424657 101.06037907428319 101.21938335456946 101.1428591606519 100.89785540300308 100.79362728510827 100.77512792219188 100.79434921146598 100.78189598179544 100.79335656272413 100.78658850312057 100.79110054285628 100.79741739848627 100.80066606709597 100.79859052881756 100.79859052881756 100.79308584033998 100.7963345089497 100.79561258259199 100.7963345089497 100.79841004722813 100.79290535875056 100.79434921146598 100.79010789411443 100.78812259663071 100.787400670273 100.784873928021 100.78559585437871 100.78288863053729 100.78261790815314 100.7816252594113 100.77991068431173 100.7803618882853 100.78090333305359 100.78216670417957
100.67838979025835 100.68416520112005 100.69391120694918 100.70437913913601 100.70816925251401 100.70212311926817 100.71935911105855 100.73659510284895 100.84984730021517 101.14358108700961 101.42738838638549 101.24690679695726 100.9171669330719 100.79985389994354 100.78216670417957 100.7995831775594 100.78460320563686 100.786137299147 100.78388127927914 100.787400670273 100.79516137861842 100.80012462232769 100.79362728510827 100.79209319159814 100.78541537278929 100.787400670273 100.78586657676286 100.78288863053729 100.78415200166329 100.77738394205974 100.77639129331789 100.77187925358217 100.76989395609846 100.76908178894602 100.76736721384646 100.76664528748874 100.76438926762091 100.76366734126319 100.76312589649491 100.76366734126319 100.76411854523677 100.76339661887906 100.76258445172662
100.67062908191294 100.67766786390064 100.68985037118705 100.7004085441686 100.70338649039415 100.71565923847527 100.71890790708498 100.72513452192027 100.8213312090855 101.06841050501275 101.32884543855768 101.06335702050876 100.85065946736759 100.77566936696017 100.78460320563686 100.79660523133384 100.784873928021 100.78189598179544 100.77991068431173 100.78135453702716 100.78586657676286 100.78685922550471 100.78216670417957 100.78135453702716 100.77963996192759 100.77936923954344 100.77666201570202 100.77341334709232 100.7701646784826 100.76366734126319 100.76059915424291 100.7560871145072 100.75365061304991 100.75238724192391 100.75040194444021 100.74958977728778 100.74814592457237 100.74688255344637 100.74661183106222 100.74733375741994 100.74787520218823 100.74661183106222 100.7439046072208
100.6653951158195 100.6761337703905 100.68416520112005 100.68840651847162 100.6933697621809 100.71087647635544 100.70311576801001 100.75509446576534 100.90615755611677 101.15089059138145 101.31287281789328 100.91662548830362 100.77160853119803 100.79516137861842 100.8066219595471 100.78983717173028 100.78541537278929 100.77891803556987 100.77485719980774 100.77738394205974 100.77738394205974 100.7758498485496 100.77512792219188 100.77061588245617 100.77187925358217 100.76863058497246 100.76583312033632 100.76213324775306 100.75590663291777 100.75085314841378 100.7439046072208 100.73966328986923 100.73659510284895 100.73460980536524 100.73316595264981 100.73163185913967 100.72937583927182 100.72883439450355 100.72937583927182 100.72937583927182 100.7278417457617 100.72612717066212 100.72188585331055
100.65835633383182 100.66683896853493 100.67333630575436 100.6741484729068 100.67514112164865 100.69508433728046 100.69237711343904 100.81465339027667 101.1403324183999 101.39336760677827 101.26739145735738 100.8743927963774 100.7701646784826 100.8091487017991 100.80887797941496 100.78216670417957 100.78983717173028 100.76790865861474 100.77115732722446 100.77287190232403 100.77088660484031 100.76808914020417 100.76610384272047 100.75915530152749 100.76159180298477 100.75717000404377 100.75437253940763 100.75013122205607 100.74164858735294 100.73839991874324 100.72838319052997 100.72441259556255 100.72008103741626 100.71683236880656 100.71565923847527 100.71259105145501 100.71259105145501 100.71087647635544 100.71087647635544 100.71033503158715 100.70862045648758 100.70636443661972 100.70113047052631
100.65140779263882 100.6563710363481 100.66512439343536 100.66683896853493 100.65709296270582 100.68885772244519 100.67333630575436 100.78911524537257 101.1256231688615 101.28390552279005 101.02789238818612 100.83965009041248 100.80066606709597 100.81014135054096 100.79714667610213 100.77684249729145 100.78063261066944 100.75662855927548 100.76709649146231 100.76159180298477 100.76041867265349 100.75888457914334 100.75365061304991 100.75040194444021 100.74859712854592 100.74489725596266 100.74083642020052 100.7356024541071 100.72711981940398 100.72287850205241 100.71241056986558 100.70789853012987 100.70284504562588 100.6991451730426 100.69887445065845 100.69364048456504 100.6946331333069 100.69183566867076 100.69138446469718 100.69111374231304 100.68840651847162 100.68533833145133 100.68010436535792
100.64716647528726 100.64689575290312 100.65664175873225 100.65862705621596 100.64788840164498 100.6813677364839 100.66016114972611 100.7586138567592 101.05063306845408 101.19889869416936 100.92140825042345 100.79786860245984 100.80608051477881 100.78758115186243 100.77891803556987 100.76989395609846 100.7663745651046 100.75211651953978 100.76014795026934 100.75383109463935 100.7528384458975 100.75238724192391 100.74164858735294 100.74191930973709 100.73614389887538 100.73361715662338 100.72865391291411 100.7208932045687 100.71358370019686 100.70636443661972 100.6971598755589 100.69183566867076 100.68587977621962 100.68208966284162 100.68064581012621 100.67559232562222 100.67586304800636 100.67261437939665 100.67189245303894 100.67062908191294 100.66683896853493 100.6653951158195 100.6588977786001
100.64590310416128 100.64662503051898 100.65610031396396 100.65610031396396 100.65285164535426 100.67135100827065 100.65564910999039 100.71385442258101 100.92258138075474 101.07535904620573 100.8443426117376 100.7771132196756 100.81609724299209 100.78261790815314 100.7758498485496 100.76484047159448 100.75762120801734 100.75040194444021 100.75184579715564 100.74534845993622 100.74209979132651 100.73912184510095 100.73063921039783 100.73136113675552 100.72233705728412 100.72116392695284 100.7131324962233 100.70591323264615 100.69815252430074 100.68966988959761 100.68091653251034 100.67459967688036 100.66837306204508 100.66440246707765 100.66160500244153 100.6576344074741 100.65790512985825 100.65212971899653 100.65240044138068 100.6493322543604 100.6460835857507 100.64337636190928 100.63660830230572
100.64590310416128 100.64833960561855 100.6551076652221 100.66115379846796 100.66016114972611 100.66963643317108 100.66034163131553 100.6971598755589 100.8954189015458 100.9465854321487 100.80012462232769 100.77214997596631 100.79588330497613 100.76186252536891 100.7598772278852 100.75717000404377 100.74886785093007 100.7484166469565 100.74309244006837 100.73839991874324 100.73587317649124 100.72964656165597 100.72314922443655 100.72008103741626 100.7118691250973 100.7106057539713 100.69986709940031 100.69183566867076 100.68208966284162 100.67288510178079 100.66584631979309 100.6576344074741 100.65140779263882 100.64716647528726 100.64310563952513 100.63940576694185 100.63814239581586 100.63263770733829 100.63236698495415 100.62785494521846 100.6243355542246 100.62063568164132 100.61233352852763
100.65140779263882 100.65537838760625 100.66187572482568 100.66963643317108 100.67189245303894 100.6773971415165 100.67938243900021 100.70437913913601 100.76041867265349 100.80635123716296 100.78460320563686 100.77061588245617 100.76908178894602 100.75265796430806 100.75058242602964 100.74661183106222 100.73758775159081 100.7426412360948 100.7343390829811 100.73163185913967 100.72441259556255 100.7183664623167 100.71340321860744 100.70862045648758 100.70383769436773 100.6991451730426 100.68786507370334 100.67884099423193 100.66936571078693 100.65790512985825 100.65240044138068 100.64112034204142 100.63633757992157 100.63137433621229 100.62713301886073 100.62388435025103 100.61937231051532 100.61513099316375 100.61233352852763 100.60691908084478 100.60312896746677 100.59663163024736 100.58814899554423
100.65736368508996 100.66088307608382 100.66413174469352 100.6710802858865 100.67983364297378 100.68533833145133 100.69436241092275 100.70789853012987 100.74489725596266 100.76465999000504 100.76312589649491 100.75789193040148 100.7451679783468 100.73488052774938 100.72991728404011 100.72684909701984 100.72766126417226 100.73208306311324 100.72639789304627 100.72441259556255 100.71611044244884 100.71033503158715 100.70564251026201 100.69959637701616 100.6978818019166 100.68840651847162 100.67838979025835 100.66837306204508 100.65664175873225 100.64536165939299 100.63733022866343 100.62586964773475 100.62162833038317 100.61413834442189 100.61016774945449 100.60664835846063 100.60087294759893 100.59762427898922 100.59058549700153 100.58562225329224 100.57885419368868 100.5719056524957 100.56089627554059
100.66088307608382 100.66566583820365 100.66738041330322 100.67135100827065 100.68109701409976 100.68885772244519 100.7004085441686 100.71259105145501 100.72441259556255 100.73415860139167 100.73587317649124 100.73190258152381 100.72513452192027 100.72008103741626 100.71583972006471 100.71538851609112 100.71737381357484 100.71809573993255 100.7196298334427 100.71538851609112 100.70816925251401 100.70266456403644 100.6978818019166 100.69264783582318 100.68858700006105 100.67766786390064 100.66909498840279 100.65610031396396 100.64391780667756 100.63363035608015 100.62235025674089 100.6128749732959 100.60664835846063 100.59915837249936 100.59410488799537 100.59013429302794 100.58363695580853 100.58083949117238 100.5719056524957 100.56558879686571 100.55638423580487 100.54483341408147 100.53364355553691
100.66061235369968 100.66837306204508 100.6710802858865 100.67315582416494 100.67911171661606 100.68741386972977 100.6946331333069 100.7004085441686 100.70762780774572 100.71340321860744 100.71412514496515 100.71286177383915 100.7106057539713 100.70708636297744 100.70338649039415 100.70266456403644 100.70510106549372 100.70916190125587 100.71033503158715 100.70338649039415 100.69941589542674 100.69391120694918 100.68786507370334 100.68362375635176 100.6786605126425 100.66909498840279 100.65790512985825 100.64391780667756 100.63110361382815 100.62036495925717 100.6083629335602 100.60186559634079 100.59184886812751 100.58562225329224 100.57984684243053 100.57416167236356 100.56865698388599 100.56333277699785 100.55259412242688 100.54366028375019 100.53138753566905 100.51812213884608 100.50440553804954
100.65934898257368 100.66710969091908 100.67162173065479 100.6748703992645 100.67784834549008 100.68263110760991 100.68533833145133 100.68615049860377 100.69066253833947 100.69436241092275 100.6971598755589 100.70140119291044 100.70013782178445 100.69941589542674 100.69941589542674 100.6986037282743 100.69734035714832 100.6978818019166 100.6971598755589 100.6946331333069 100.68966988959761 100.68335303396762 100.67766786390064 100.6736070281385 100.66665848694551 100.65808561144767 100.6460835857507 100.63435228243786 100.62235025674089 100.6096263046862 100.59735355660507 100.58887092190196 100.57939563845696 100.57289830123756 100.56613024163399 100.55936218203044 100.55439893832116 100.54483341408147 100.53508740825234 100.52209273381351 100.50711276189097 100.49141086361071 100.47390414943618
