static/data/salinity/2023/7/15/18.asc
ncols 137
nrows 93
xllcorner 108.0
yllcorner 17.0
cellsize 0.25
NODATA_value -32767
[rows 0 to 26 of 93, columns 61 to 121 of 137]
-32767.0 -32767.0 -32767.0 -32767.0 -32767.0 -32767.0 -32767.0 -32767.0 -32767.0 -32767.0 -32767.0 -32767.0 -32767.0 -32767.0 -32767.0 -32767.0 -32767.0 -32767.0 -32767.0 32.154633 31.908026 32.23238 33.125484 33.274246 33.19082 33.32306 33.360615 33.525387 33.71412 33.845818 33.850544 33.73584 33.619576 33.773914 33.734108 33.714283 33.813465 33.87466 33.8806 33.536068 33.34755 33.471977 33.584885 33.718487 33.780262 33.825497 33.852955 33.63662 33.553318 33.562176 33.61416 33.674217 33.730923 33.69977 33.742386 33.90577 33.93196 33.94054 33.942944 33.864693 33.82336
30.066895 29.950508 29.873772 29.69105 29.47276 29.201656 28.836971 -32767.0 -32767.0 -32767.0 -32767.0 -32767.0 -32767.0 -32767.0 -32767.0 -32767.0 -32767.0 -32767.0 32.552105 32.576786 32.711876 33.10156 33.209225 33.296776 33.326202 33.37631 33.449375 33.438915 33.547527 33.63957 33.621445 33.660423 33.641098 33.76251 33.569534 33.722797 33.753716 33.53473 33.59443 33.544563 33.54012 33.636696 33.8159 33.926174 33.878994 33.860493 33.7519 33.842087 34.03278 34.116295 34.089085 34.05928 33.992676 34.005844 33.784626 33.731285 33.68875 33.704605 33.70077 33.74792 33.722294
30.036266 29.881556 29.769566 29.56416 29.364594 29.137081 28.717081 28.292942 27.84429 -32767.0 -32767.0 -32767.0 -32767.0 -32767.0 -32767.0 -32767.0 -32767.0 -32767.0 32.37099 32.732788 32.893524 32.957687 33.190968 33.235363 33.285122 33.340378 33.34711 33.297626 33.26449 33.233814 33.32032 33.57893 33.633377 33.876945 33.825996 33.623806 33.788433 33.921535 33.59279 33.58453 33.631737 33.772266 33.87764 33.789238 33.79739 33.807564 34.077988 34.073048 34.140003 34.14925 34.156162 34.10994 34.077023 33.766827 33.932163 33.799038 33.667942 33.5999 33.58645 33.649216 33.694134
30.090935 30.013254 30.025349 29.774994 29.74349 29.329885 29.159122 28.91411 28.277548 -32767.0 -32767.0 -32767.0 -32767.0 -32767.0 -32767.0 -32767.0 -32767.0 31.778458 32.49756 32.8651 32.8014 32.95486 33.255665 33.22528 33.369114 33.344345 33.40932 33.211113 32.837013 32.941868 32.94841 33.500755 33.65705 34.019894 33.984703 33.931156 33.92107 33.630253 33.643845 33.857983 33.825665 33.936913 33.78644 33.796562 33.873505 34.057106 34.10991 34.13155 34.220173 34.242706 34.234425 33.93561 33.76433 33.707714 33.90695 33.876957 33.62975 33.60374 33.628006 33.73725 33.814304
30.27396 30.326754 30.230528 30.192324 29.983719 28.930782 28.660479 28.92247 -32767.0 -32767.0 -32767.0 -32767.0 -32767.0 -32767.0 -32767.0 -32767.0 -32767.0 -32767.0 -32767.0 32.224354 32.91571 33.10695 33.37153 33.417557 33.40811 33.153954 33.202164 32.801407 32.521645 32.49789 32.63745 33.346344 33.490734 33.54116 33.601604 33.602634 33.594418 33.688686 33.905724 34.114925 34.124527 34.04126 33.923298 33.82981 33.937485 34.163868 34.180134 34.132137 34.122242 34.227467 34.077515 33.954247 33.988438 33.997707 34.026604 34.013374 33.81386 33.742245 33.80105 33.818523 33.84289
30.241251 30.144846 29.982063 30.04506 29.989902 29.831535 28.224907 28.623802 -32767.0 -32767.0 -32767.0 -32767.0 -32767.0 -32767.0 -32767.0 -32767.0 -32767.0 -32767.0 -32767.0 -32767.0 32.585102 32.977627 33.43729 33.518303 33.319294 33.165188 33.201237 32.786694 33.173103 33.320927 33.093582 32.837795 32.73406 33.140812 33.411842 33.618916 33.74085 33.685963 34.08181 34.21216 34.223755 34.208412 33.99269 33.873566 33.943348 34.124245 34.15245 34.084835 34.102592 34.186905 34.27772 33.99736 33.935715 34.01133 34.039474 33.99348 34.045593 33.982265 33.84347 33.73139 33.930927
29.432295 29.527739 29.695618 29.769003 29.789396 29.429312 27.639545 28.54642 -32767.0 -32767.0 -32767.0 -32767.0 -32767.0 -32767.0 -32767.0 -32767.0 -32767.0 -32767.0 -32767.0 -32767.0 -32767.0 32.76251 33.044506 33.39805 33.242695 33.06974 32.906395 32.803844 33.475933 33.36649 33.45116 33.527294 33.327248 33.406303 33.579067 33.633484 33.747334 33.97327 34.149677 34.181217 34.134533 33.9669 33.961082 34.027313 34.040634 34.04818 34.035683 34.064724 34.1325 34.2294 34.269108 34.141365 33.96848 33.988293 33.954563 33.951923 34.073486 34.124474 33.917595 33.760586 33.983074
29.234499 29.447268 29.694294 29.7534 29.703308 28.587523 27.252586 -32767.0 -32767.0 -32767.0 -32767.0 -32767.0 -32767.0 -32767.0 -32767.0 -32767.0 -32767.0 -32767.0 -32767.0 -32767.0 -32767.0 -32767.0 32.74895 33.089012 33.187405 33.001045 32.9412 32.67587 33.48306 33.384495 33.528065 33.47294 33.45552 33.84053 33.972286 33.856678 33.97816 33.992477 34.101425 34.129128 34.012825 34.101913 34.06686 33.97649 33.977695 34.00226 34.065422 34.09388 34.235622 34.300365 34.330414 34.116184 33.99134 34.034946 34.039158 34.102894 34.152515 34.147213 34.08127 33.79112 34.037594
29.062925 29.258041 29.398508 29.562998 28.851444 28.268747 -32767.0 24.465006 -32767.0 -32767.0 -32767.0 -32767.0 -32767.0 -32767.0 -32767.0 -32767.0 -32767.0 -32767.0 -32767.0 -32767.0 -32767.0 -32767.0 32.671227 32.66451 32.736294 32.892635 32.94948 32.43762 33.411552 33.410233 33.56591 33.868893 33.81491 33.761143 33.826862 33.891834 34.137436 34.115616 34.03457 34.09855 34.023487 33.999 33.991875 34.031803 34.052162 34.045708 34.09179 34.146713 34.255768 34.23204 34.1177 34.132812 34.183937 34.192623 34.17483 34.14745 34.138123 34.145134 34.12588 33.95568 -32767.0
28.951992 29.038727 29.139227 29.252462 29.036469 28.94992 27.996782 26.700697 23.405169 20.85373 22.073494 21.206842 17.175955 -32767.0 -32767.0 -32767.0 -32767.0 -32767.0 -32767.0 -32767.0 -32767.0 -32767.0 -32767.0 32.79872 32.73097 33.02798 33.17084 32.236477 33.19368 33.53159 33.48268 33.672626 33.724426 33.88268 33.84092 33.775013 33.867973 33.90841 33.918446 33.956676 33.960827 33.945488 33.950268 33.86224 34.03354 34.21964 34.239857 34.23337 34.246964 34.22515 34.177025 34.154865 34.118034 34.099907 34.07378 34.081398 34.077354 34.063595 34.111977 34.100353 34.040306
28.870745 28.95612 29.143929 29.185635 29.344915 29.35178 29.449276 29.503778 29.051193 28.564053 27.90202 26.214947 24.07658 -32767.0 -32767.0 -32767.0 -32767.0 -32767.0 -32767.0 -32767.0 -32767.0 -32767.0 -32767.0 -32767.0 32.50676 32.903507 33.41049 32.548862 32.603317 33.604053 33.462265 33.488308 33.754097 33.855602 33.77337 33.830654 33.857597 33.7974 33.677437 33.68213 33.64008 33.716816 33.72917 34.327248 34.32206 34.322792 34.331245 34.344055 34.291245 34.129425 34.01634 33.937687 33.882282 33.874096 33.81266 33.614464 -32767.0 33.773174 33.981396 33.972393 33.979908
28.32592 28.65014 29.187998 29.564878 29.984867 30.332539 30.190113 29.940115 29.769459 29.309444 28.811958 28.626068 24.988966 20.237352 17.412077 -32767.0 -32767.0 -32767.0 -32767.0 -32767.0 -32767.0 -32767.0 -32767.0 -32767.0 -32767.0 33.01459 33.52779 32.880592 32.545612 33.384808 33.721363 33.591293 33.674328 33.72197 33.763172 33.903885 33.903805 33.625175 33.677273 33.80563 33.63228 33.704586 34.188038 34.3059 34.35657 34.327713 34.280342 34.19556 34.05104 33.886135 33.91033 33.992146 34.029034 33.761402 -32767.0 -32767.0 33.764473 33.797436 33.8892 33.641876 32.51348
28.441456 28.775955 29.260553 29.505325 29.975094 30.233341 30.297796 30.311348 30.141088 29.624853 29.323652 29.324034 28.604044 -32767.0 17.575537 -32767.0 -32767.0 -32767.0 -32767.0 -32767.0 -32767.0 -32767.0 -32767.0 -32767.0 -32767.0 33.058075 33.58488 33.35502 32.61202 32.66979 33.478123 33.63836 33.73703 33.706207 33.53783 33.650642 33.640163 33.52147 33.8212 33.72929 33.634533 33.711685 34.189754 34.203064 34.121395 34.10211 34.153572 34.255013 34.08752 34.0052 34.01691 34.000103 33.878326 33.612385 -32767.0 33.769917 33.693718 33.61936 -32767.0 -32767.0 -32767.0
29.273146 29.13372 29.504309 29.575663 29.71836 29.977007 30.24621 30.263695 30.306063 30.237852 29.864334 28.723206 -32767.0 -32767.0 -32767.0 -32767.0 -32767.0 -32767.0 -32767.0 -32767.0 -32767.0 -32767.0 -32767.0 -32767.0 -32767.0 33.10216 33.791134 33.8041 32.812733 32.715984 33.06224 33.21763 33.272655 33.57148 33.588413 33.442448 33.47444 33.416553 33.635258 33.658142 33.67857 33.713467 33.92063 34.067608 33.977425 33.94908 33.95741 34.023327 34.17122 34.03646 34.001835 33.747 33.715687 33.382042 33.203987 -32767.0 33.67803 -32767.0 -32767.0 -32767.0 -32767.0
29.32948 29.35904 29.825006 30.297441 30.582499 30.603231 30.87095 30.825409 30.71818 30.17192 29.930672 29.598585 26.268478 -32767.0 -32767.0 -32767.0 -32767.0 -32767.0 -32767.0 -32767.0 -32767.0 -32767.0 -32767.0 -32767.0 -32767.0 32.95631 33.80898 33.726448 33.12718 32.824184 33.191525 33.095837 32.934372 33.33862 33.546547 33.521984 33.498367 33.444378 33.313084 33.364094 33.482735 33.697445 33.678093 33.684875 33.744057 33.874065 33.91996 33.92362 34.17595 34.117447 34.028408 33.68985 33.0972 33.156708 -32767.0 -32767.0 -32767.0 -32767.0 -32767.0 -32767.0 -32767.0
29.340591 29.413595 29.848545 30.446028 30.732727 30.823412 30.820002 30.80319 30.77105 30.498928 30.315435 30.168825 27.513226 24.622217 -32767.0 -32767.0 -32767.0 -32767.0 -32767.0 -32767.0 -32767.0 -32767.0 -32767.0 -32767.0 -32767.0 32.83682 33.91278 33.595 32.916706 32.60933 32.92034 33.086445 33.104958 32.983707 33.119614 33.607296 33.74106 33.468464 33.27662 33.427975 -32767.0 33.694775 33.729816 33.73408 33.843513 33.924404 33.89334 33.923435 34.11272 34.20063 34.058945 33.5154 -32767.0 -32767.0 -32767.0 -32767.0 -32767.0 -32767.0 -32767.0 -32767.0 -32767.0
29.430544 29.452412 29.816286 30.03738 30.275755 30.622652 31.11484 31.229807 31.024803 30.761032 30.602947 30.427273 29.3347 24.9527 -32767.0 -32767.0 -32767.0 -32767.0 -32767.0 -32767.0 -32767.0 -32767.0 -32767.0 -32767.0 -32767.0 -32767.0 33.657238 32.841377 32.29921 32.29572 33.703426 33.873524 33.79033 33.653313 33.877907 33.740635 33.929752 34.04826 33.481922 33.514793 33.683716 33.73328 33.679855 33.544147 33.697117 33.75089 33.646324 33.75052 33.740734 33.607437 33.35126 33.176056 -32767.0 -32767.0 -32767.0 -32767.0 -32767.0 -32767.0 -32767.0 -32767.0 -32767.0
29.410015 29.453861 29.586945 29.877096 30.222607 30.574947 31.08455 31.352148 31.286673 30.98259 30.858421 30.41697 29.598635 23.883253 25.246893 -32767.0 -32767.0 -32767.0 -32767.0 -32767.0 -32767.0 -32767.0 -32767.0 -32767.0 -32767.0 34.202797 33.12523 32.200615 32.16465 32.112656 33.788795 33.727 33.463882 33.551292 33.475185 33.361652 33.45736 33.89916 33.307304 32.772495 32.62677 32.652252 32.8123 32.868023 32.88371 33.063244 32.953762 33.052677 -32767.0 33.023796 32.50374 31.95817 -32767.0 -32767.0 -32767.0 -32767.0 -32767.0 -32767.0 -32767.0 -32767.0 -32767.0
29.937489 30.187874 30.313349 30.540586 30.83711 30.833927 31.02892 31.384838 31.709337 31.776594 31.695238 30.746788 28.078444 23.352373 -32767.0 -32767.0 -32767.0 -32767.0 -32767.0 -32767.0 -32767.0 -32767.0 -32767.0 -32767.0 -32767.0 34.017014 32.491932 32.09815 32.210964 32.05921 32.295555 32.908512 32.72123 32.801247 32.88944 32.97601 33.027786 32.622097 32.78093 -32767.0 -32767.0 32.915794 32.758595 -32767.0 -32767.0 -32767.0 -32767.0 -32767.0 -32767.0 -32767.0 -32767.0 -32767.0 -32767.0 -32767.0 -32767.0 -32767.0 -32767.0 -32767.0 -32767.0 -32767.0 -32767.0
30.18125 30.242859 30.5653 31.045742 31.177402 31.22681 31.58888 31.666706 31.789534 31.75088 31.52869 29.875212 27.169254 -32767.0 -32767.0 -32767.0 -32767.0 -32767.0 -32767.0 -32767.0 -32767.0 -32767.0 -32767.0 -32767.0 33.745533 32.907143 31.914833 32.14171 32.440437 32.698807 32.7587 32.813564 32.658337 32.664547 32.769997 32.90755 32.77163 32.665447 -32767.0 -32767.0 -32767.0 -32767.0 -32767.0 -32767.0 -32767.0 -32767.0 -32767.0 -32767.0 -32767.0 -32767.0 -32767.0 -32767.0 -32767.0 -32767.0 -32767.0 -32767.0 -32767.0 -32767.0 -32767.0 -32767.0 -32767.0
30.077179 30.348333 31.03703 31.412395 31.418322 31.48502 31.620577 31.697023 31.80983 31.793028 31.195255 29.634083 21.643951 -32767.0 -32767.0 -32767.0 -32767.0 -32767.0 -32767.0 -32767.0 -32767.0 32.229916 31.941586 32.824783 31.784351 31.62736 32.07293 32.01405 32.033054 32.710335 32.54291 32.400063 32.576702 32.626083 32.799484 32.744827 -32767.0 -32767.0 -32767.0 -32767.0 -32767.0 -32767.0 -32767.0 -32767.0 -32767.0 -32767.0 -32767.0 -32767.0 -32767.0 -32767.0 -32767.0 -32767.0 -32767.0 -32767.0 30.05372 -32767.0 -32767.0 -32767.0 -32767.0 -32767.0 -32767.0
30.048452 30.243372 30.609362 30.909325 31.095213 31.29018 31.46403 31.750937 31.775888 31.7322 31.227837 29.58285 28.620289 -32767.0 -32767.0 -32767.0 -32767.0 28.442215 31.890913 31.28458 31.797663 31.78407 32.319275 31.348413 31.734549 31.53695 31.649841 31.745922 31.733688 32.094547 32.60148 32.767384 32.785877 32.821686 32.663338 -32767.0 -32767.0 -32767.0 -32767.0 -32767.0 -32767.0 -32767.0 -32767.0 -32767.0 -32767.0 30.0613 29.852247 -32767.0 -32767.0 -32767.0 -32767.0 -32767.0 -32767.0 -32767.0 29.828598 -32767.0 -32767.0 -32767.0 -32767.0 -32767.0 34.142464
30.192406 30.384054 30.674417 30.943968 31.07714 31.151833 31.278744 31.546623 31.613197 31.563745 30.81483 30.35217 -32767.0 28.514683 -32767.0 30.964687 -32767.0 30.600912 -32767.0 32.692493 32.037636 31.69891 31.417599 31.349018 32.053112 31.751484 32.29834 32.33569 32.37683 32.631172 32.63914 32.72315 32.73019 -32767.0 -32767.0 -32767.0 -32767.0 -32767.0 -32767.0 -32767.0 -32767.0 31.405403 31.335377 31.067995 30.211748 30.793322 30.768444 30.996695 30.062614 -32767.0 -32767.0 -32767.0 -32767.0 -32767.0 30.406214 31.404495 33.142315 33.710266 33.840332 33.81427 33.8929
30.60573 30.459335 30.45208 30.638702 30.816357 30.959713 31.0747 31.213642 31.328756 31.504139 31.511755 31.367285 30.556164 30.63938 30.804125 30.949572 31.197882 31.687956 31.549477 31.268913 31.264427 31.379381 31.587076 31.94669 -32767.0 32.434975 32.488293 32.627586 32.906326 32.925686 32.928535 -32767.0 -32767.0 -32767.0 -32767.0 -32767.0 31.346666 31.750023 32.15319 31.704483 31.277512 31.07633 30.898184 -32767.0 -32767.0 30.188618 30.685894 31.924267 -32767.0 -32767.0 -32767.0 -32767.0 -32767.0 34.319687 34.43717 34.35772 34.093502 33.834206 33.844788 33.87259 33.873573
30.77907 30.628645 30.570238 30.489002 30.55161 30.736837 30.98812 31.380316 31.799267 31.746277 31.666922 31.68679 31.53965 31.477726 31.540625 31.659859 31.483322 31.474133 31.55116 31.561766 31.876596 31.469849 32.341713 32.566402 32.65122 32.812084 33.123962 33.15328 33.16976 33.141003 32.585938 31.133615 -32767.0 31.11866 31.579964 -32767.0 32.46836 32.70612 32.386673 -32767.0 30.641314 30.817205 -32767.0 -32767.0 -32767.0 -32767.0 31.025208 31.625345 -32767.0 -32767.0 -32767.0 -32767.0 34.396687 34.22636 33.909218 33.807453 33.800602 33.74104 33.786133 33.85063 33.942505
29.293722 30.285595 30.559572 30.43954 30.548422 30.735415 30.941793 31.1436 31.296494 31.439646 31.6379 31.791065 31.916857 31.938692 32.030354 32.0847 32.107693 32.17899 32.260002 32.46257 32.235374 32.478233 32.89498 32.935955 32.958664 33.11916 -32767.0 33.14374 33.16053 -32767.0 -32767.0 31.578625 31.40499 31.36077 32.00536 33.292484 33.235855 32.710224 -32767.0 -32767.0 -32767.0 -32767.0 -32767.0 -32767.0 -32767.0 -32767.0 31.647917 32.09579 32.638206 -32767.0 -32767.0 34.384083 34.178192 33.753624 33.752365 33.726536 33.70873 33.722538 33.76805 33.956253 34.054497
30.083082 30.234898 30.219418 30.309399 30.59837 30.703901 30.864494 30.975798 31.12301 31.33877 31.597445 31.837154 32.199795 -32767.0 -32767.0 32.374557 32.79447 32.98348 32.97425 32.973824 32.979706 32.94454 32.95457 32.99968 33.091972 33.051353 33.14987 33.069572 -32767.0 -32767.0 -32767.0 -32767.0 -32767.0 -32767.0 31.890276 32.90275 33.55698 -32767.0 -32767.0 -32767.0 -32767.0 -32767.0 33.2919 -32767.0 32.225048 31.838509 32.978233 33.174076 32.720325 33.47763 -32767.0 34.01355 33.785187 33.70188 33.725048 33.795853 33.85667 33.797337 33.893494 34.041523 34.0979
