static/data/salinity/2023/7/15/6.asc
ncols 137
nrows 93
xllcorner 108.0
yllcorner 17.0
cellsize 0.25
NODATA_value -32767
[rows 54 to 80 of 93, columns 0 to 60 of 137]
-32767.0 -32767.0 -32767.0 -32767.0 -32767.0 -32767.0 -32767.0 -32767.0 -32767.0 -32767.0 -32767.0 -32767.0 -32767.0 -32767.0 -32767.0 -32767.0 -32767.0 -32767.0 -32767.0 -32767.0 -32767.0 -32767.0 -32767.0 -32767.0 -32767.0 -32767.0 -32767.0 -32767.0 -32767.0 -32767.0 -32767.0 -32767.0 -32767.0 -32767.0 -32767.0 -32767.0 -32767.0 -32767.0 -32767.0 -32767.0 -32767.0 -32767.0 -32767.0 -32767.0 -32767.0 -32767.0 -32767.0 -32767.0 34.2701 34.05849 33.75022 33.271385 32.93194 32.494896 32.65341 32.919647 33.22492 33.948647 34.248646 34.261257 34.298862
-32767.0 -32767.0 -32767.0 -32767.0 -32767.0 -32767.0 -32767.0 -32767.0 -32767.0 -32767.0 -32767.0 -32767.0 -32767.0 -32767.0 -32767.0 -32767.0 -32767.0 -32767.0 -32767.0 -32767.0 -32767.0 -32767.0 -32767.0 -32767.0 -32767.0 -32767.0 -32767.0 -32767.0 -32767.0 -32767.0 -32767.0 -32767.0 -32767.0 -32767.0 -32767.0 -32767.0 -32767.0 -32767.0 -32767.0 -32767.0 -32767.0 -32767.0 -32767.0 -32767.0 -32767.0 -32767.0 -32767.0 33.19044 -32767.0 33.95058 33.535973 32.44449 32.62574 32.598736 32.846405 33.24105 34.211895 34.10134 33.988575 34.07842 34.1907
-32767.0 -32767.0 -32767.0 -32767.0 -32767.0 -32767.0 -32767.0 -32767.0 -32767.0 -32767.0 -32767.0 -32767.0 -32767.0 -32767.0 -32767.0 -32767.0 -32767.0 -32767.0 -32767.0 -32767.0 -32767.0 -32767.0 -32767.0 -32767.0 -32767.0 -32767.0 -32767.0 -32767.0 -32767.0 -32767.0 -32767.0 -32767.0 -32767.0 -32767.0 -32767.0 -32767.0 -32767.0 -32767.0 -32767.0 -32767.0 -32767.0 -32767.0 -32767.0 -32767.0 -32767.0 -32767.0 -32767.0 33.230328 34.04476 33.7751 33.41226 32.07049 32.3237 32.673824 32.88709 33.684032 33.886333 33.796856 34.22174 34.222824 34.24946
-32767.0 -32767.0 -32767.0 -32767.0 -32767.0 -32767.0 -32767.0 -32767.0 -32767.0 -32767.0 -32767.0 -32767.0 -32767.0 -32767.0 -32767.0 -32767.0 -32767.0 -32767.0 -32767.0 -32767.0 -32767.0 -32767.0 -32767.0 -32767.0 -32767.0 -32767.0 -32767.0 -32767.0 -32767.0 -32767.0 -32767.0 -32767.0 -32767.0 -32767.0 -32767.0 -32767.0 -32767.0 -32767.0 -32767.0 -32767.0 -32767.0 -32767.0 -32767.0 -32767.0 -32767.0 -32767.0 -32767.0 33.87929 34.11335 33.551556 32.944874 31.940895 32.569675 32.508545 32.956356 33.64766 33.574585 33.84124 34.01721 34.073845 34.091213
-32767.0 -32767.0 -32767.0 -32767.0 -32767.0 -32767.0 -32767.0 -32767.0 -32767.0 -32767.0 -32767.0 -32767.0 -32767.0 -32767.0 -32767.0 -32767.0 -32767.0 -32767.0 -32767.0 -32767.0 -32767.0 -32767.0 -32767.0 -32767.0 -32767.0 -32767.0 -32767.0 -32767.0 -32767.0 -32767.0 -32767.0 -32767.0 -32767.0 -32767.0 -32767.0 -32767.0 -32767.0 -32767.0 -32767.0 -32767.0 -32767.0 -32767.0 -32767.0 -32767.0 -32767.0 31.484709 -32767.0 33.56873 33.822666 33.66563 32.363525 31.653076 32.67942 32.65475 32.556236 33.33091 33.208153 33.474773 33.622894 34.151836 34.16445
-32767.0 -32767.0 -32767.0 -32767.0 -32767.0 -32767.0 -32767.0 -32767.0 -32767.0 -32767.0 -32767.0 -32767.0 -32767.0 -32767.0 -32767.0 -32767.0 -32767.0 -32767.0 -32767.0 -32767.0 -32767.0 -32767.0 -32767.0 -32767.0 -32767.0 -32767.0 -32767.0 -32767.0 -32767.0 -32767.0 -32767.0 -32767.0 -32767.0 -32767.0 -32767.0 -32767.0 -32767.0 -32767.0 -32767.0 -32767.0 -32767.0 -32767.0 -32767.0 -32767.0 -32767.0 -32767.0 33.493263 33.90645 33.601 33.372288 32.458332 31.618666 32.67848 32.50633 32.519505 32.65492 32.844612 33.077484 33.848305 34.180504 34.203983
-32767.0 -32767.0 -32767.0 -32767.0 -32767.0 -32767.0 -32767.0 -32767.0 -32767.0 -32767.0 -32767.0 -32767.0 -32767.0 -32767.0 -32767.0 -32767.0 -32767.0 -32767.0 -32767.0 -32767.0 -32767.0 -32767.0 -32767.0 -32767.0 -32767.0 -32767.0 -32767.0 -32767.0 -32767.0 -32767.0 -32767.0 -32767.0 -32767.0 -32767.0 -32767.0 -32767.0 -32767.0 -32767.0 -32767.0 -32767.0 -32767.0 -32767.0 -32767.0 -32767.0 33.155693 33.615562 33.730923 33.66863 33.399548 32.17246 32.068874 32.180176 -32767.0 -32767.0 -32767.0 -32767.0 32.971916 33.5868 34.100204 34.14713 34.308964
-32767.0 -32767.0 -32767.0 -32767.0 -32767.0 -32767.0 -32767.0 -32767.0 -32767.0 -32767.0 -32767.0 -32767.0 -32767.0 -32767.0 -32767.0 -32767.0 -32767.0 -32767.0 -32767.0 -32767.0 -32767.0 -32767.0 -32767.0 -32767.0 -32767.0 -32767.0 -32767.0 -32767.0 -32767.0 -32767.0 -32767.0 -32767.0 -32767.0 -32767.0 -32767.0 -32767.0 -32767.0 -32767.0 -32767.0 -32767.0 -32767.0 -32767.0 -32767.0 33.587887 33.62016 33.62356 33.118683 33.04148 31.918882 31.981133 31.813147 32.76671 -32767.0 -32767.0 -32767.0 -32767.0 33.512573 33.982292 34.02641 34.14436 34.394978
-32767.0 -32767.0 -32767.0 -32767.0 -32767.0 -32767.0 -32767.0 -32767.0 -32767.0 -32767.0 -32767.0 -32767.0 -32767.0 -32767.0 -32767.0 -32767.0 -32767.0 -32767.0 -32767.0 -32767.0 -32767.0 -32767.0 -32767.0 -32767.0 -32767.0 -32767.0 -32767.0 -32767.0 -32767.0 -32767.0 -32767.0 -32767.0 -32767.0 -32767.0 -32767.0 -32767.0 -32767.0 -32767.0 -32767.0 -32767.0 -32767.0 33.291122 33.192646 33.6166 33.407494 32.54724 31.86116 32.044067 31.78882 32.318375 32.576206 -32767.0 -32767.0 -32767.0 -32767.0 -32767.0 33.998535 34.0316 33.972958 34.195984 34.46268
-32767.0 -32767.0 -32767.0 -32767.0 -32767.0 -32767.0 -32767.0 -32767.0 -32767.0 -32767.0 -32767.0 -32767.0 -32767.0 -32767.0 -32767.0 -32767.0 -32767.0 -32767.0 -32767.0 -32767.0 -32767.0 -32767.0 -32767.0 -32767.0 -32767.0 -32767.0 -32767.0 -32767.0 -32767.0 -32767.0 -32767.0 -32767.0 -32767.0 -32767.0 -32767.0 -32767.0 -32767.0 -32767.0 -32767.0 -32767.0 -32767.0 33.626465 33.673573 33.843266 32.459137 31.93336 31.931692 32.268253 32.410065 32.517117 32.75065 -32767.0 -32767.0 -32767.0 -32767.0 33.760406 33.91259 34.136444 34.22572 34.26547 34.622135
-32767.0 -32767.0 -32767.0 -32767.0 -32767.0 -32767.0 -32767.0 -32767.0 -32767.0 -32767.0 -32767.0 -32767.0 -32767.0 -32767.0 -32767.0 -32767.0 -32767.0 -32767.0 -32767.0 -32767.0 -32767.0 -32767.0 -32767.0 -32767.0 -32767.0 -32767.0 -32767.0 -32767.0 -32767.0 -32767.0 -32767.0 -32767.0 -32767.0 -32767.0 -32767.0 -32767.0 -32767.0 -32767.0 -32767.0 33.359024 33.585876 33.656937 33.653328 33.780285 32.064312 31.667938 31.830029 32.44069 32.25677 32.618324 -32767.0 -32767.0 -32767.0 -32767.0 -32767.0 33.87948 33.82256 34.25058 34.31885 34.25991 34.62573
-32767.0 -32767.0 -32767.0 -32767.0 -32767.0 -32767.0 -32767.0 -32767.0 -32767.0 -32767.0 -32767.0 -32767.0 -32767.0 -32767.0 -32767.0 -32767.0 -32767.0 -32767.0 -32767.0 -32767.0 -32767.0 -32767.0 -32767.0 -32767.0 -32767.0 -32767.0 -32767.0 -32767.0 -32767.0 -32767.0 -32767.0 -32767.0 -32767.0 -32767.0 -32767.0 -32767.0 -32767.0 -32767.0 33.41663 33.646214 33.725212 33.764374 33.878532 33.604702 32.177273 31.454046 31.930994 32.72663 31.739765 32.454895 -32767.0 -32767.0 -32767.0 -32767.0 -32767.0 33.833843 33.91855 34.09408 34.38669 34.315037 34.58996
-32767.0 -32767.0 -32767.0 -32767.0 -32767.0 -32767.0 -32767.0 -32767.0 -32767.0 -32767.0 -32767.0 -32767.0 -32767.0 -32767.0 -32767.0 -32767.0 -32767.0 -32767.0 -32767.0 -32767.0 -32767.0 -32767.0 -32767.0 -32767.0 -32767.0 -32767.0 -32767.0 -32767.0 -32767.0 -32767.0 -32767.0 -32767.0 -32767.0 -32767.0 -32767.0 -32767.0 33.323742 33.440056 33.70724 33.88944 33.896534 33.71533 33.405003 32.58682 31.811007 31.934467 -32767.0 32.25247 32.10073 -32767.0 -32767.0 -32767.0 -32767.0 -32767.0 33.762093 33.905857 34.034084 34.160145 34.410114 34.397987 34.41704
-32767.0 -32767.0 -32767.0 -32767.0 -32767.0 -32767.0 -32767.0 -32767.0 -32767.0 -32767.0 -32767.0 -32767.0 -32767.0 -32767.0 -32767.0 -32767.0 -32767.0 -32767.0 -32767.0 -32767.0 -32767.0 -32767.0 -32767.0 -32767.0 -32767.0 -32767.0 -32767.0 -32767.0 -32767.0 -32767.0 -32767.0 -32767.0 -32767.0 -32767.0 -32767.0 33.509697 33.81037 33.620686 32.881836 32.98958 33.112263 32.807713 32.535778 32.290993 32.203465 31.762064 -32767.0 32.11688 32.093678 -32767.0 -32767.0 -32767.0 -32767.0 -32767.0 33.958862 34.153225 34.143806 34.27882 34.404076 34.36884 34.305115
-32767.0 -32767.0 -32767.0 -32767.0 -32767.0 -32767.0 -32767.0 -32767.0 -32767.0 -32767.0 -32767.0 -32767.0 -32767.0 -32767.0 -32767.0 -32767.0 -32767.0 -32767.0 -32767.0 -32767.0 -32767.0 -32767.0 -32767.0 -32767.0 -32767.0 -32767.0 -32767.0 -32767.0 -32767.0 -32767.0 -32767.0 -32767.0 -32767.0 -32767.0 -32767.0 33.013317 32.66032 32.11361 31.230625 31.343683 31.577446 32.201412 32.390285 32.39054 32.903458 31.835222 32.26785 32.886467 31.049612 -32767.0 -32767.0 -32767.0 -32767.0 -32767.0 34.079327 34.25513 34.12712 34.364517 34.399235 34.32186 34.284687
-32767.0 -32767.0 -32767.0 -32767.0 -32767.0 -32767.0 -32767.0 -32767.0 -32767.0 -32767.0 -32767.0 -32767.0 -32767.0 -32767.0 -32767.0 -32767.0 -32767.0 -32767.0 -32767.0 -32767.0 -32767.0 -32767.0 -32767.0 -32767.0 -32767.0 -32767.0 -32767.0 24.432547 -32767.0 29.417145 -32767.0 30.375767 30.645971 31.64428 31.733286 31.345924 30.806484 30.310436 30.090588 30.233536 31.068815 31.602232 31.232931 31.746386 31.561369 31.491337 32.30659 33.22439 32.511047 -32767.0 -32767.0 -32767.0 -32767.0 33.635 33.903473 34.07091 34.21748 34.384407 34.366283 34.308144 34.262596
-32767.0 -32767.0 -32767.0 -32767.0 -32767.0 -32767.0 -32767.0 -32767.0 -32767.0 -32767.0 -32767.0 -32767.0 -32767.0 -32767.0 -32767.0 -32767.0 -32767.0 -32767.0 -32767.0 -32767.0 -32767.0 -32767.0 -32767.0 7.4294934 -32767.0 -32767.0 29.843924 28.570168 29.01037 29.379923 29.090689 29.28603 29.453703 29.67423 29.671017 30.0691 30.792955 31.030746 30.951126 31.071213 30.589718 30.624458 31.079048 31.76204 32.730038 33.128574 33.391323 33.569435 33.731106 31.20211 -32767.0 -32767.0 32.55684 33.645527 34.096195 34.115276 34.325962 34.31445 34.340786 34.307884 34.244934
-32767.0 -32767.0 -32767.0 -32767.0 -32767.0 -32767.0 -32767.0 -32767.0 -32767.0 -32767.0 -32767.0 -32767.0 -32767.0 -32767.0 -32767.0 -32767.0 -32767.0 -32767.0 -32767.0 -32767.0 -32767.0 -32767.0 -32767.0 17.901302 10.479296 26.413198 27.908216 28.316427 30.886026 31.763224 32.350132 32.606136 33.137825 32.66674 33.135803 33.022224 32.70978 32.80855 32.795586 32.435165 32.2575 32.446716 33.169804 33.453045 33.616398 33.632515 33.706356 33.977512 34.205326 34.137474 32.091404 -32767.0 33.288074 33.790066 34.31479 34.192585 34.33122 34.284145 34.288853 34.254353 34.224
-32767.0 -32767.0 -32767.0 -32767.0 -32767.0 -32767.0 -32767.0 -32767.0 -32767.0 -32767.0 -32767.0 -32767.0 -32767.0 -32767.0 -32767.0 -32767.0 -32767.0 -32767.0 -32767.0 -32767.0 13.329069 21.875765 22.785488 27.044828 28.775425 -32767.0 32.975975 33.654564 33.699654 33.65245 33.790817 33.801907 33.79588 33.73993 33.431126 33.325977 33.273235 33.199486 33.13844 33.08384 33.173504 33.384014 33.782784 34.341427 34.358505 34.333427 34.26142 34.238262 34.187244 34.238514 34.04642 -32767.0 33.339703 34.20633 34.32727 34.3371 34.38973 34.294025 34.24418 34.204334 34.18705
-32767.0 -32767.0 32.569786 -32767.0 -32767.0 -32767.0 -32767.0 -32767.0 -32767.0 -32767.0 -32767.0 -32767.0 -32767.0 -32767.0 -32767.0 -32767.0 31.68979 -32767.0 30.374289 28.897108 24.586746 31.197056 31.362764 31.770908 32.639034 33.65134 33.703125 33.75881 33.734955 33.78143 33.674477 33.597256 33.547474 33.446384 33.39345 33.338932 33.320156 33.371685 33.504906 33.582832 33.695793 34.166264 34.26627 34.308475 34.254696 34.230152 34.112732 34.090935 34.15164 34.21738 34.130753 34.129242 34.33386 34.42469 34.314228 34.257225 34.36541 34.351685 34.21201 34.17339 34.19632
-32767.0 32.033653 32.139168 32.04604 31.877857 -32767.0 32.069366 32.03319 -32767.0 -32767.0 -32767.0 -32767.0 -32767.0 32.53718 32.602222 33.355156 33.54275 33.477623 33.33458 33.376186 32.077724 33.630795 33.752544 33.71235 33.646885 33.731525 33.808647 33.715523 33.702152 33.794647 33.593727 33.48457 33.45112 33.41979 33.424847 33.50583 33.631218 33.847866 33.946102 33.979595 34.13868 34.298103 34.178474 34.139336 34.067738 34.129997 34.218773 33.95779 34.11556 34.22644 33.949963 34.026436 34.341805 34.401817 34.241783 34.27993 34.313255 34.388783 34.25865 34.184208 34.293346
32.44062 32.94 32.852226 32.59392 32.24288 32.20187 32.125504 32.034626 -32767.0 -32767.0 -32767.0 33.06433 33.532837 33.55132 33.53584 33.382565 33.359478 33.448383 33.513874 33.556164 33.539654 33.58 33.6405 33.73212 33.82227 33.806076 33.803436 33.770653 33.77933 33.756756 33.574398 33.476807 33.415764 33.593033 33.880905 33.79782 34.004406 34.07842 34.097916 34.07422 34.144012 34.2045 34.15803 34.08697 34.028873 34.01841 33.907417 33.823967 33.965385 33.93729 33.929882 33.989388 34.315334 34.24384 34.28485 34.34235 34.368114 34.389435 34.363148 34.276775 34.35517
32.95083 33.07245 33.039715 32.99352 32.83779 32.458622 32.288033 -32767.0 -32767.0 31.251698 -32767.0 33.434704 33.284847 33.13693 33.135883 33.254814 33.410404 33.384907 33.435387 33.52955 33.65553 33.725227 33.778423 33.81102 33.820747 33.85214 33.955128 33.829803 33.875626 33.79951 33.74673 33.55316 33.909706 34.065002 33.94494 33.896103 34.032505 34.11316 34.066475 34.044083 34.29475 34.1559 34.172375 34.116936 34.073322 34.08076 33.97734 33.855663 33.87113 33.90255 34.12902 34.1461 34.328255 34.287037 34.260098 34.326805 34.43972 34.426624 34.3978 34.37455 34.341766
33.168938 33.0815 32.982613 32.925037 32.919716 32.623245 32.40169 32.408066 -32767.0 -32767.0 32.885128 33.058884 33.057278 32.943886 33.013863 33.404297 33.731377 33.70221 33.74416 33.88406 34.00241 33.970085 33.940323 33.849495 33.835873 33.905132 33.91085 33.886562 33.89851 33.787857 33.64794 34.008408 34.123676 34.106487 34.067226 34.084606 34.14104 34.102734 34.07134 34.20528 34.139206 34.00726 34.002445 34.09086 34.086678 34.05529 34.048706 33.931572 33.867306 33.93724 34.077915 34.244358 34.330944 34.352154 34.29867 34.35102 34.369514 34.34513 34.357533 34.354565 34.361958
33.128082 33.167458 32.95589 32.88733 32.899055 32.870827 32.653812 32.51266 -32767.0 -32767.0 32.817493 32.82533 32.86638 32.97252 33.489765 33.74739 33.850697 33.809895 33.792355 33.807674 33.846714 33.89214 33.78734 33.908173 33.949215 34.00448 33.97535 33.9587 33.885876 33.71731 33.875637 34.106506 34.12154 34.11312 34.082466 34.169945 34.23817 34.225357 34.246666 34.1459 34.151257 34.04397 34.014072 34.052597 34.093307 34.161438 34.234528 34.031986 33.81533 33.846825 34.155693 34.204014 34.342056 34.38805 34.359386 34.328274 -32767.0 34.335068 34.303448 34.33306 34.375935
33.2018 33.251175 33.13179 32.91298 32.71397 32.844418 32.782677 32.51242 32.593395 32.653687 32.74503 32.788536 32.808323 32.845306 33.629875 33.575806 33.56615 33.579414 33.587257 33.595795 33.611034 33.64289 33.67942 34.020733 34.089264 34.078613 34.0386 33.96337 33.801476 33.741493 33.917492 34.026222 34.051758 34.101234 34.094185 34.252663 34.16867 34.105022 34.064472 34.071815 34.065166 34.2169 34.2536 34.31851 34.338673 34.32245 34.14464 33.748604 34.047165 34.213184 34.257957 34.28232 34.404995 34.319946 34.3181 34.376118 34.359375 34.269466 34.30004 34.33707 34.35618
33.36784 33.334778 33.291466 32.918392 32.787468 32.774998 32.894314 32.94445 32.888714 -32767.0 -32767.0 -32767.0 32.918026 32.96736 33.478954 33.568794 33.565018 33.604244 33.636707 33.69278 33.7146 33.677357 33.71188 34.042255 33.909504 33.940437 33.946957 33.805443 33.82268 33.830444 33.88351 33.91605 33.909138 34.09752 34.05881 34.22481 34.15095 33.993763 33.935566 33.967163 34.118652 34.28511 34.271336 34.268005 34.25529 34.206375 33.884785 34.08777 34.063477 34.147015 34.271694 34.280746 34.35977 34.438343 34.42506 34.34656 34.365063 34.29013 34.279247 34.33029 34.33674
