static/data/salinity/2023/7/14/0.asc
ncols 137
nrows 93
xllcorner 108.0
yllcorner 17.0
cellsize 0.25
NODATA_value -32767
[rows 0 to 26 of 93, columns 62 to 123 of 137]
-32767.0 -32767.0 -32767.0 -32767.0 -32767.0 -32767.0 -32767.0 -32767.0 -32767.0 -32767.0 -32767.0 -32767.0 -32767.0 -32767.0 -32767.0 -32767.0 -32767.0 -32767.0 32.389404 32.212627 32.35002 32.967464 33.06384 33.258774 33.338474 33.27893 33.5779 33.706177 33.82699 33.778877 33.62845 33.669807 33.798744 33.680992 33.758465 33.877907 33.900143 33.691467 33.17688 33.242397 33.55224 33.75716 33.783833 33.79194 33.902622 33.685574 33.63529 33.66331 33.66474 33.751507 33.8051 33.667072 33.698193 33.89032 33.889603 33.85309 33.80146 33.772583 33.797436 33.574265 33.670544 33.68719
29.976507 29.827196 29.696434 29.47055 29.239042 28.851627 -32767.0 -32767.0 -32767.0 -32767.0 -32767.0 -32767.0 -32767.0 -32767.0 -32767.0 -32767.0 -32767.0 32.67642 32.632763 32.48632 33.17219 33.289455 33.339996 33.35901 33.414738 33.42886 33.51618 33.646835 33.65176 33.63556 33.641804 33.611134 33.619183 33.43963 33.44967 33.373238 33.386253 33.345543 33.29719 33.389736 33.562237 33.948223 33.945793 33.9136 33.785904 33.755184 33.951218 34.02608 34.010624 34.008274 33.968544 33.95866 33.84683 33.558186 33.541824 33.54578 33.628048 33.667816 33.648907 33.765007 33.709694 33.66986
29.918785 29.881727 29.726526 29.5082 29.183952 28.763123 28.28355 27.90103 -32767.0 -32767.0 -32767.0 -32767.0 -32767.0 -32767.0 -32767.0 -32767.0 -32767.0 32.567207 32.76549 33.01489 33.061504 33.289555 33.319965 33.25865 33.175747 33.164433 33.287556 33.398354 33.3481 33.397953 33.60179 33.77886 33.894928 33.94104 33.856636 33.896908 33.519924 33.327408 33.57972 33.816273 33.46913 33.91475 33.737976 33.75013 33.95322 34.102367 34.028645 34.089252 34.13332 34.0309 34.017857 33.662796 33.642952 33.87239 33.609413 33.55242 33.543945 33.58613 33.651314 33.733383 33.77203 33.79859
30.172058 30.202578 30.108084 29.793097 29.485445 29.215643 28.677778 28.004007 -32767.0 -32767.0 -32767.0 -32767.0 -32767.0 -32767.0 -32767.0 -32767.0 31.88208 32.48815 32.87923 32.914486 33.160015 32.964397 32.943554 32.899483 32.768616 32.36203 32.291748 32.376083 33.122734 33.3625 33.50161 33.669254 33.915688 33.8555 33.799377 33.63826 33.440933 33.57619 33.9913 34.01604 33.65425 33.792065 33.82815 33.917324 34.172096 34.134785 34.042725 34.139374 34.1063 33.949207 33.811066 33.74268 33.807255 33.93987 33.816875 33.603813 33.619816 33.70326 33.7955 33.867104 33.87928 33.895348
30.322844 30.207876 30.167696 30.033651 29.209639 29.121597 28.973219 -32767.0 -32767.0 -32767.0 -32767.0 -32767.0 -32767.0 -32767.0 -32767.0 -32767.0 -32767.0 -32767.0 32.791656 33.046764 33.324356 33.21315 33.30465 33.137672 32.792824 32.222713 32.415993 32.266624 32.512024 32.89112 33.44215 33.51575 33.44946 33.42687 33.42073 33.517002 33.57827 34.101566 34.14579 34.048042 33.826206 33.746708 33.827152 33.995125 34.197945 34.178 34.104233 34.032402 34.18163 33.997513 33.914646 34.00952 34.015083 34.045444 34.013126 33.749046 33.724056 33.82788 33.82196 33.810772 33.856388 33.881397
29.846231 29.87365 29.997261 29.987146 29.946339 28.290825 28.861137 -32767.0 -32767.0 -32767.0 -32767.0 -32767.0 -32767.0 -32767.0 -32767.0 -32767.0 -32767.0 -32767.0 -32767.0 32.91281 32.88218 33.46537 33.4988 33.257942 32.864273 32.272087 33.128616 33.584366 33.506607 33.383835 33.195923 33.39893 33.532295 33.54692 33.620865 33.48664 33.972588 34.148422 34.030647 33.985657 33.98036 33.786846 33.85224 33.980576 34.112953 34.11948 34.10414 34.059193 34.091938 34.13674 33.952206 33.98734 34.003258 34.021873 33.959663 33.9836 33.809723 33.80974 33.711617 33.90175 33.897266 33.847847
29.449518 29.640888 29.69963 29.77736 29.739586 27.426718 28.786438 -32767.0 -32767.0 -32767.0 -32767.0 -32767.0 -32767.0 -32767.0 -32767.0 -32767.0 -32767.0 -32767.0 -32767.0 -32767.0 32.59416 33.34481 33.42711 33.22837 32.98481 32.501606 33.030117 33.457947 33.381546 33.41737 33.33848 33.3593 33.524216 33.552902 33.704464 34.02181 34.00351 34.08998 34.000618 33.934875 33.977882 34.103912 34.022995 34.048088 34.05596 34.02938 33.970463 34.13457 34.17167 34.217724 33.993687 33.967438 33.930634 33.892403 33.94371 34.03746 33.99757 33.810722 33.683056 33.99212 33.985218 33.91046
29.492489 29.709574 29.732882 29.752127 29.24236 27.41698 -32767.0 -32767.0 -32767.0 -32767.0 -32767.0 -32767.0 -32767.0 -32767.0 -32767.0 -32767.0 -32767.0 -32767.0 -32767.0 -32767.0 -32767.0 32.818 33.28187 33.13204 32.97488 32.72629 32.637707 33.569874 33.373882 33.374664 33.516483 33.90927 34.064842 34.031258 33.93105 34.008896 33.94473 34.092945 34.002827 34.032097 34.091637 33.973682 33.927444 33.96594 33.915897 33.941196 34.089684 34.231766 34.259235 34.159046 34.020863 34.0396 34.05039 34.023487 34.01596 34.076973 34.10143 33.896965 33.790375 34.031914 -32767.0 33.967133
29.175196 29.35369 29.537996 29.150309 28.501492 -32767.0 24.578043 -32767.0 -32767.0 -32767.0 -32767.0 -32767.0 -32767.0 -32767.0 -32767.0 -32767.0 -32767.0 -32767.0 -32767.0 -32767.0 -32767.0 32.52189 33.062096 33.124203 33.08372 32.597977 32.447353 33.64213 33.455956 33.565384 33.737045 33.7398 33.70475 33.905792 33.961533 34.158173 34.09693 34.11136 34.01229 33.923153 33.918743 33.972088 34.038227 33.933044 34.037125 34.17845 34.272373 34.250446 34.223576 34.140297 34.133076 34.119976 34.107307 34.103683 34.082344 34.093143 34.098778 33.983727 33.812572 -32767.0 -32767.0 33.76081
28.959389 29.063818 29.167194 29.063524 29.048008 29.589327 28.73778 24.029392 21.31016 22.434303 20.782408 17.766014 -32767.0 -32767.0 -32767.0 -32767.0 -32767.0 -32767.0 -32767.0 -32767.0 -32767.0 -32767.0 32.73253 33.05122 33.007378 32.412037 32.414448 33.598206 33.70246 33.558426 33.59497 33.73542 33.546898 33.834732 33.758938 33.67947 33.667076 33.657005 33.78649 33.959404 33.92715 33.850704 33.98026 34.307526 34.275772 34.289703 34.31943 34.211185 34.106144 34.122246 34.12056 34.08775 34.080006 34.044025 34.042416 34.05907 34.04185 34.040764 34.019623 33.8182 33.871937 32.95709
28.873844 29.053009 29.167149 29.34875 29.337498 29.177671 29.604958 29.019564 28.3372 27.584509 26.035717 24.100513 -32767.0 -32767.0 -32767.0 -32767.0 -32767.0 -32767.0 -32767.0 -32767.0 -32767.0 -32767.0 -32767.0 33.05702 32.977024 32.267838 32.240013 33.406387 33.738613 33.698532 33.580055 33.555817 33.370674 33.80719 33.82297 33.81676 33.641224 33.6454 33.506733 33.51816 33.591038 33.898952 34.29729 34.29677 34.280384 34.29815 34.29083 34.098568 34.00822 33.948936 33.88958 33.824257 33.83458 33.887592 33.739197 -32767.0 33.810272 33.99786 33.91197 33.829464 33.407578 -32767.0
28.79916 29.156685 29.555334 29.899164 30.261751 30.26357 29.974205 29.622532 29.520515 28.927584 28.528904 24.470839 19.511267 18.437147 -32767.0 -32767.0 -32767.0 -32767.0 -32767.0 -32767.0 -32767.0 -32767.0 -32767.0 -32767.0 33.15658 32.764175 32.170326 32.378056 33.582157 33.531372 33.598625 33.386814 33.300255 33.766106 33.8 33.80387 33.620464 33.555016 33.546257 33.586494 33.651524 34.26426 34.24973 34.261574 34.294395 34.253647 34.180576 34.051052 33.933094 33.770905 33.967205 33.901257 33.75297 -32767.0 -32767.0 33.719368 33.871185 33.99174 33.577778 32.734364 -32767.0 -32767.0
29.087528 29.324667 29.504906 30.025578 30.237144 30.291615 30.309797 30.167095 29.742151 29.403738 29.267128 28.518349 -32767.0 17.878431 -32767.0 -32767.0 -32767.0 -32767.0 -32767.0 -32767.0 -32767.0 -32767.0 -32767.0 -32767.0 33.190823 32.87918 32.32681 32.584347 32.551926 32.948055 33.426968 33.455338 33.30362 33.350674 33.59734 33.57656 33.47498 33.770603 33.58309 33.5842 33.655357 34.10819 34.08864 34.09863 34.07757 34.24038 34.246433 34.04266 33.95538 33.94678 33.925606 33.870453 33.69327 -32767.0 33.745773 33.65217 33.561886 -32767.0 -32767.0 -32767.0 -32767.0 -32767.0
29.394583 29.624805 29.723953 29.90727 30.17579 30.398415 30.406794 30.387152 30.09507 29.855402 29.409683 -32767.0 -32767.0 -32767.0 -32767.0 -32767.0 -32767.0 -32767.0 -32767.0 -32767.0 -32767.0 -32767.0 -32767.0 -32767.0 32.948555 33.055023 32.21029 32.341965 33.034157 32.60668 32.760284 33.331722 33.369186 33.20919 33.24618 33.349285 33.39935 33.77706 33.73903 33.653244 33.654934 33.834618 33.98967 33.97078 33.901443 33.926395 34.202015 34.008865 33.94588 33.910736 33.69944 33.38433 33.369 33.12765 -32767.0 33.598125 -32767.0 -32767.0 -32767.0 -32767.0 -32767.0 -32767.0
29.459412 29.938793 30.51564 30.775633 30.803345 30.93972 30.881578 30.72014 30.184048 30.099072 29.52096 27.189629 -32767.0 -32767.0 -32767.0 -32767.0 -32767.0 -32767.0 -32767.0 -32767.0 -32767.0 -32767.0 -32767.0 -32767.0 33.061615 33.562073 32.495174 32.22968 32.703293 32.798233 32.564472 32.64361 32.953228 33.162678 33.175606 33.19046 33.255707 33.393658 33.59929 33.665695 33.66057 33.61296 33.751335 33.901524 33.878277 33.887554 34.02731 34.150467 34.06988 33.640884 33.139927 33.00647 33.178875 -32767.0 -32767.0 -32767.0 -32767.0 -32767.0 -32767.0 -32767.0 -32767.0 -32767.0
29.487991 30.06462 30.429811 30.601622 30.735025 30.865034 30.918142 30.886703 30.683575 30.531141 29.943354 28.25769 25.611017 -32767.0 -32767.0 -32767.0 -32767.0 -32767.0 -32767.0 -32767.0 -32767.0 -32767.0 -32767.0 -32767.0 32.800632 33.216076 32.468464 31.956245 32.480312 32.999676 33.54425 33.484028 33.103115 33.33568 33.67964 33.479267 33.23991 33.290054 33.557636 -32767.0 33.636723 33.61133 33.70311 33.83958 33.92204 33.875168 34.028194 34.178066 33.95136 33.79462 32.713516 -32767.0 -32767.0 -32767.0 -32767.0 -32767.0 -32767.0 -32767.0 -32767.0 -32767.0 -32767.0 -32767.0
29.535234 29.810265 30.048239 30.314508 30.807459 31.283775 31.33354 31.029308 30.787355 30.718214 30.43484 29.495047 25.317923 -32767.0 -32767.0 -32767.0 -32767.0 -32767.0 -32767.0 -32767.0 -32767.0 -32767.0 -32767.0 -32767.0 -32767.0 32.847164 31.988417 31.970194 32.47762 33.83939 33.79676 33.818016 33.733597 33.770702 33.633537 33.781067 33.53903 33.62395 33.413883 33.708946 33.72152 33.70604 33.63772 33.70503 33.833458 33.799915 33.775654 33.77215 33.625134 33.274017 32.479008 -32767.0 -32767.0 -32767.0 -32767.0 -32767.0 -32767.0 -32767.0 -32767.0 -32767.0 -32767.0 -32767.0
29.577068 29.716337 30.167442 30.548126 30.782438 31.269012 31.545141 31.410282 31.225222 31.017618 30.408003 29.05291 24.532682 25.660248 -32767.0 -32767.0 -32767.0 -32767.0 -32767.0 -32767.0 -32767.0 -32767.0 -32767.0 -32767.0 34.57258 32.547436 31.842548 32.087593 32.15145 33.797077 33.796036 33.348377 33.541855 33.27905 33.14763 33.831898 33.58061 33.154778 32.802895 32.826145 32.88145 32.94086 32.987003 33.2116 33.25215 33.02895 33.094692 -32767.0 32.726376 32.387 31.806217 -32767.0 -32767.0 -32767.0 -32767.0 -32767.0 -32767.0 -32767.0 -32767.0 -32767.0 -32767.0 -32767.0
30.423061 30.637781 30.938828 31.07448 30.983091 31.281034 31.680304 31.918755 31.892889 31.726282 30.234022 26.98269 23.684061 -32767.0 -32767.0 -32767.0 -32767.0 -32767.0 -32767.0 -32767.0 -32767.0 -32767.0 -32767.0 -32767.0 33.627304 31.814384 31.69782 32.11339 32.206566 32.581413 32.584415 32.65137 32.81568 32.884987 32.905727 32.873375 32.60026 32.826275 -32767.0 -32767.0 32.77278 32.678623 -32767.0 -32767.0 -32767.0 -32767.0 -32767.0 -32767.0 -32767.0 -32767.0 -32767.0 -32767.0 -32767.0 -32767.0 -32767.0 -32767.0 -32767.0 -32767.0 -32767.0 -32767.0 -32767.0 -32767.0
30.372898 30.85624 31.370802 31.33224 31.420479 31.735914 31.843445 31.92437 31.663326 31.271027 29.681507 26.021624 -32767.0 -32767.0 -32767.0 -32767.0 -32767.0 -32767.0 -32767.0 -32767.0 -32767.0 -32767.0 -32767.0 33.32087 31.855171 31.61363 31.342707 32.78074 32.7708 32.83384 32.644997 32.51213 32.601116 32.57916 32.533607 32.583813 32.792866 -32767.0 -32767.0 -32767.0 -32767.0 -32767.0 -32767.0 -32767.0 -32767.0 -32767.0 -32767.0 -32767.0 -32767.0 -32767.0 -32767.0 -32767.0 -32767.0 -32767.0 -32767.0 -32767.0 -32767.0 -32767.0 -32767.0 -32767.0 -32767.0 -32767.0
30.540836 31.256184 31.529257 31.523615 31.548065 31.741373 31.787174 31.871164 31.603891 30.848122 29.507816 21.757713 -32767.0 -32767.0 -32767.0 -32767.0 -32767.0 -32767.0 -32767.0 -32767.0 32.482037 31.572186 32.696735 31.363344 32.024746 31.604225 31.469954 32.485844 32.48339 32.294792 32.51471 32.75567 32.772163 32.831234 32.660637 -32767.0 -32767.0 -32767.0 -32767.0 -32767.0 -32767.0 -32767.0 -32767.0 -32767.0 -32767.0 -32767.0 -32767.0 -32767.0 -32767.0 -32767.0 -32767.0 -32767.0 -32767.0 30.163671 -32767.0 -32767.0 -32767.0 -32767.0 -32767.0 -32767.0 -32767.0 34.02873
30.354965 30.610611 30.829975 31.111176 31.217325 31.589594 31.796198 31.74735 31.718678 30.735834 29.597982 28.563105 -32767.0 -32767.0 -32767.0 -32767.0 28.480015 32.07006 31.097084 31.592167 31.535402 32.148632 31.011356 32.19606 31.546696 31.447466 31.362492 32.0203 32.174633 32.251408 32.713726 32.763733 32.840553 32.62243 -32767.0 -32767.0 -32767.0 -32767.0 -32767.0 -32767.0 -32767.0 -32767.0 -32767.0 -32767.0 29.962193 29.86637 -32767.0 -32767.0 -32767.0 -32767.0 -32767.0 -32767.0 -32767.0 29.870193 -32767.0 -32767.0 -32767.0 -32767.0 -32767.0 34.24616 34.261642 33.906227
30.440754 30.749662 31.113113 31.198355 31.246986 31.534586 31.618828 31.586163 31.635782 30.989178 30.525146 -32767.0 28.590096 -32767.0 30.748877 -32767.0 30.545523 -32767.0 31.482643 31.04817 31.177454 31.000217 31.595665 32.164497 31.777973 32.069084 32.31173 32.45579 32.53668 32.669018 32.72085 32.703575 -32767.0 -32767.0 -32767.0 -32767.0 -32767.0 -32767.0 -32767.0 -32767.0 31.541151 31.378517 30.952698 30.264252 30.869738 30.660818 30.204947 29.433664 -32767.0 -32767.0 -32767.0 -32767.0 -32767.0 29.746538 31.277664 32.995796 33.676846 33.882885 33.835373 33.79444 33.916813 33.88618
30.491177 30.560356 30.635336 30.851093 30.96398 31.139147 31.301437 31.465683 31.641161 31.610374 31.294281 30.911959 30.801373 31.009892 31.155577 30.91822 31.123968 31.17396 31.238089 31.290823 31.4031 31.346031 31.722746 -32767.0 31.840597 32.32582 32.71856 32.56372 32.710793 32.96994 -32767.0 -32767.0 -32767.0 -32767.0 -32767.0 30.644358 30.713291 31.638884 31.383009 31.492382 31.39629 30.888325 -32767.0 -32767.0 30.144945 30.85937 30.764706 -32767.0 -32767.0 -32767.0 -32767.0 -32767.0 33.9797 34.02086 34.198765 33.758354 33.799282 33.881935 33.932198 33.919376 33.952206 33.93333
30.761112 30.600994 30.545877 30.642632 30.82593 31.144665 31.46787 31.841192 31.807362 31.722527 31.982431 31.695026 31.40718 31.543232 31.450361 31.461555 31.53876 31.207176 31.368938 31.914402 31.929304 32.151104 32.16628 32.546722 32.757458 32.92894 33.02617 33.08664 33.090855 32.615635 31.071983 -32767.0 31.051077 30.80316 -32767.0 31.151646 32.065346 31.785442 -32767.0 30.677095 30.701561 -32767.0 -32767.0 -32767.0 -32767.0 31.163446 31.66417 -32767.0 -32767.0 -32767.0 -32767.0 34.23304 34.160305 33.81838 33.755215 33.85607 33.86093 33.818737 33.871315 33.967594 34.02771 34.0995
30.391378 30.42658 30.430946 30.557034 30.759249 30.993229 31.169674 31.351055 31.583736 31.809374 31.876923 31.971535 32.110176 32.201355 32.31966 32.444496 32.392277 31.802086 32.15239 32.590984 32.778477 32.921936 33.0105 33.085228 33.031353 -32767.0 33.162495 33.251316 -32767.0 -32767.0 31.605017 31.200933 31.375048 31.85364 32.84857 32.725136 32.58809 -32767.0 -32767.0 -32767.0 -32767.0 -32767.0 -32767.0 -32767.0 -32767.0 31.644535 32.59711 32.81931 -32767.0 -32767.0 34.347507 34.16086 33.80364 33.70656 33.70677 33.702785 33.695484 33.72595 33.837708 33.89087 34.010532 34.109325
30.46027 30.34977 30.458738 30.591848 30.637657 30.793108 31.008915 31.21788 31.419937 31.609533 31.851923 32.22828 -32767.0 -32767.0 32.51175 32.69286 32.785877 32.879265 32.912975 32.900932 32.898636 32.95791 33.048523 33.035355 32.97287 33.262875 33.04263 -32767.0 -32767.0 -32767.0 -32767.0 -32767.0 -32767.0 31.529522 32.84992 33.446995 -32767.0 -32767.0 -32767.0 -32767.0 -32767.0 33.139206 -32767.0 31.77276 32.300747 33.718174 33.8075 33.14965 33.75847 -32767.0 34.02246 33.89573 33.7316 33.8023 33.745632 33.73132 33.705254 33.70018 33.86929 34.003468 34.074142 34.142265
