static/data/salinity/2023/7/14/12.asc
ncols 137
nrows 93
xllcorner 108.0
yllcorner 17.0
cellsize 0.25
NODATA_value -32767
[rows 0 to 26 of 93, columns 61 to 121 of 137]
-32767.0 -32767.0 -32767.0 -32767.0 -32767.0 -32767.0 -32767.0 -32767.0 -32767.0 -32767.0 -32767.0 -32767.0 -32767.0 -32767.0 -32767.0 -32767.0 -32767.0 -32767.0 -32767.0 32.281025 32.14722 32.366947 33.020027 33.02952 33.165592 33.345512 33.270298 33.541424 33.69702 33.81136 33.780495 33.647507 33.61153 33.781857 33.71732 33.71225 33.819767 33.876476 33.84096 33.326477 33.33663 33.4797 33.811844 33.803112 33.836403 33.826294 33.77285 33.55844 33.625523 33.672504 33.73123 33.777344 33.72177 33.659927 33.791637 33.817078 33.76873 33.807934 33.71995 33.678604 33.531002
30.071566 30.010464 29.848932 29.689837 29.47966 29.24625 28.848066 -32767.0 -32767.0 -32767.0 -32767.0 -32767.0 -32767.0 -32767.0 -32767.0 -32767.0 -32767.0 -32767.0 32.60211 32.4665 32.742313 33.164253 33.25228 33.319767 33.34937 33.386395 33.40977 33.47186 33.60715 33.60809 33.601524 33.628525 33.56515 33.7614 33.57809 33.56018 33.56294 33.440067 33.436485 33.408154 33.633183 33.633663 33.86666 33.94249 33.921432 33.78985 33.75128 34.010757 34.0615 33.99699 33.971813 33.9729 33.98919 33.922512 33.550823 33.512516 33.48621 33.417725 33.547848 33.619133 33.666134
30.016481 29.921751 29.861885 29.713514 29.47834 29.145517 28.737709 28.266148 27.89042 -32767.0 -32767.0 -32767.0 -32767.0 -32767.0 -32767.0 -32767.0 -32767.0 -32767.0 32.39696 32.793015 33.005642 32.9771 33.22406 33.20579 33.198414 33.149963 33.15432 33.228336 33.327602 33.316463 33.40608 33.58185 33.614254 33.901054 33.93187 33.7829 33.81004 33.738117 33.539078 33.644974 33.902653 33.90899 33.879753 33.755135 33.81927 33.985287 34.130558 34.123215 34.11022 34.22349 34.103306 34.02058 33.788254 33.588634 33.87057 33.605724 33.518105 33.492474 33.530403 33.559406 33.63613
30.234568 30.106821 30.178707 29.950615 29.805239 29.438143 29.189905 28.694551 28.042358 -32767.0 -32767.0 -32767.0 -32767.0 -32767.0 -32767.0 -32767.0 -32767.0 31.876566 32.621174 32.827618 32.922405 32.98621 33.086147 32.91587 32.980488 33.009716 32.780132 32.474205 32.482483 32.69138 33.36645 33.37514 33.628586 34.00401 33.930454 33.936325 33.89465 33.55852 33.668274 34.023857 34.138477 34.15194 33.84531 33.81156 33.970623 34.150246 34.15563 34.115032 34.08916 34.21336 34.039486 33.72558 33.695972 33.741676 33.92355 33.8142 33.59181 33.572952 33.617302 33.71703 33.811176
30.278467 30.334507 30.208658 30.175468 29.997602 29.132477 29.095495 28.933252 -32767.0 -32767.0 -32767.0 -32767.0 -32767.0 -32767.0 -32767.0 -32767.0 -32767.0 -32767.0 -32767.0 32.757465 32.96207 33.162163 33.23436 33.257755 33.264874 33.10417 32.818848 32.420597 32.562557 32.39977 32.89305 33.274197 33.556316 33.59894 33.56167 33.521976 33.538013 33.63194 34.062004 34.212303 34.198433 34.156227 33.93966 33.859386 34.015778 34.19487 34.182564 34.145695 34.126026 34.184383 33.957653 33.922184 33.97042 33.98229 34.017338 33.998043 33.778866 33.65647 33.744385 33.783947 33.7616
30.028568 29.968548 29.896894 30.008356 29.981234 29.867199 28.268991 28.82009 -32767.0 -32767.0 -32767.0 -32767.0 -32767.0 -32767.0 -32767.0 -32767.0 -32767.0 -32767.0 -32767.0 -32767.0 32.809345 32.959843 33.439854 33.506176 33.38855 33.235687 33.000896 32.741898 33.57735 33.6197 33.55257 33.508545 33.35802 33.587246 33.688858 33.72581 33.74394 33.852173 34.168743 34.189594 34.15573 34.10979 33.92266 33.912148 34.02089 34.136562 34.12915 34.115295 34.080738 34.1242 34.186604 33.94336 33.971832 33.971573 34.002182 33.936207 33.953564 33.845966 33.78396 33.65446 33.83803
29.349892 29.447386 29.64024 29.712683 29.773972 29.286942 27.5154 28.730959 -32767.0 -32767.0 -32767.0 -32767.0 -32767.0 -32767.0 -32767.0 -32767.0 -32767.0 -32767.0 -32767.0 -32767.0 -32767.0 32.617264 33.292194 33.45205 33.32602 33.135822 33.11198 32.737236 33.565926 33.392414 33.447098 33.601906 33.498375 33.55152 33.61644 33.75294 33.95038 34.04392 34.139553 34.124954 34.054962 34.01728 34.09282 34.02621 34.012833 34.02487 34.031113 34.000797 34.133953 34.191776 34.264286 33.993618 33.96728 33.93978 33.88708 33.927483 33.980644 34.038113 33.800217 33.654564 33.97035
29.16385 29.38288 29.666092 29.722206 29.716612 29.145674 27.328213 -32767.0 -32767.0 -32767.0 -32767.0 -32767.0 -32767.0 -32767.0 -32767.0 -32767.0 -32767.0 -32767.0 -32767.0 -32767.0 -32767.0 -32767.0 32.8302 33.20684 33.28444 33.22038 33.259777 32.70323 33.590855 33.454266 33.439827 33.4784 33.815487 34.08835 34.118507 33.961136 34.026524 34.011314 34.08751 34.07739 34.005928 34.12176 34.028683 33.962822 34.014935 34.03324 34.001568 34.085514 34.221115 34.242165 34.14983 33.994843 34.03283 34.058865 34.050488 34.052216 34.073437 34.083897 33.874 33.73159 33.905807
28.995415 29.167374 29.319124 29.491114 29.082588 28.68041 -32767.0 24.59419 -32767.0 -32767.0 -32767.0 -32767.0 -32767.0 -32767.0 -32767.0 -32767.0 -32767.0 -32767.0 -32767.0 -32767.0 -32767.0 -32767.0 32.653305 32.73461 33.243847 33.132973 33.16545 32.59608 33.41848 33.56586 33.587574 33.858288 33.847977 33.821327 33.93152 33.89604 34.094223 34.147846 34.11077 34.040966 33.929203 33.916225 33.953453 34.017628 33.998047 34.147217 34.13773 34.24702 34.23846 34.22234 34.152557 34.1327 34.12365 34.109154 34.095806 34.076187 34.10125 34.09891 33.97169 33.8338 -32767.0
28.896753 28.96098 29.04684 29.14595 29.150476 28.951986 29.562492 27.38245 23.65833 21.150976 22.166546 20.89913 17.516638 -32767.0 -32767.0 -32767.0 -32767.0 -32767.0 -32767.0 -32767.0 -32767.0 -32767.0 -32767.0 32.67333 33.04406 33.07604 32.91395 32.415848 33.286858 33.772408 33.618286 33.73196 33.847828 33.853226 33.83901 33.81573 33.74875 33.720142 33.709682 33.76731 33.870296 33.903564 33.83372 33.910305 34.292953 34.27518 34.281326 34.321346 34.25297 34.10804 34.102146 34.10138 34.078568 34.078667 34.052982 34.048378 33.99971 34.041634 34.034016 33.9957 33.731953
28.687267 28.869728 29.035 29.208506 29.434378 29.509394 29.337784 29.635826 29.097672 28.411589 27.614569 25.891495 23.992783 -32767.0 -32767.0 -32767.0 -32767.0 -32767.0 -32767.0 -32767.0 -32767.0 -32767.0 -32767.0 -32767.0 32.93303 33.262653 33.25708 32.3606 32.874477 33.743782 33.756454 33.6404 33.755512 33.705997 33.798897 33.862465 33.8533 33.692474 33.664078 33.622234 33.598473 33.595875 33.822422 34.279522 34.309258 34.31091 34.350624 34.33596 34.167976 34.016426 33.915672 33.812626 33.783237 33.79248 33.72016 33.69286 -32767.0 33.771156 34.006557 33.874893 33.753532
28.085274 28.68887 29.118425 29.515354 29.871208 30.30757 30.353765 29.984842 29.732752 29.440426 28.87514 28.468113 24.363058 19.502718 18.046888 -32767.0 -32767.0 -32767.0 -32767.0 -32767.0 -32767.0 -32767.0 -32767.0 -32767.0 -32767.0 33.134186 33.595886 32.889194 32.61149 33.503887 33.639618 33.755733 33.69479 33.482338 33.77613 33.898598 33.87327 33.612453 33.669643 33.610325 33.633015 33.661205 34.20723 34.29034 34.270134 34.282593 34.247444 34.199356 34.069374 33.897743 33.878696 33.96285 33.92515 33.85616 -32767.0 -32767.0 33.71871 33.78381 33.987335 33.5054 32.544155
28.966053 28.877703 29.28017 29.43826 29.959959 30.173635 30.242987 30.282078 30.14268 29.660357 29.3161 29.200577 28.500406 -32767.0 17.762302 -32767.0 -32767.0 -32767.0 -32767.0 -32767.0 -32767.0 -32767.0 -32767.0 -32767.0 -32767.0 32.977264 33.591137 32.806667 32.518093 32.8426 33.08346 33.50471 33.623295 33.55809 33.393456 33.610336 33.615433 33.511982 33.81716 33.69801 33.635624 33.667736 34.120438 34.140358 34.1096 34.06804 34.137123 34.268658 34.09426 33.988155 33.95368 33.928814 33.894 33.59004 -32767.0 33.72892 33.653828 33.531982 -32767.0 -32767.0 -32767.0
29.303513 29.30578 29.559277 29.671051 29.882296 30.19585 30.34742 30.338692 30.315874 30.069027 29.81249 29.349922 -32767.0 -32767.0 -32767.0 -32767.0 -32767.0 -32767.0 -32767.0 -32767.0 -32767.0 -32767.0 -32767.0 -32767.0 -32767.0 33.24932 33.813606 33.31177 32.546432 32.808945 33.248497 32.95294 33.29821 33.509205 33.43778 33.35639 33.407463 33.4085 33.75019 33.747185 33.689934 33.689877 33.807404 34.020187 33.95397 33.95732 33.89703 34.13468 34.094204 33.969505 33.940716 33.603256 33.23216 33.378975 33.1959 -32767.0 33.604984 -32767.0 -32767.0 -32767.0 -32767.0
29.330095 29.402174 29.890892 30.477966 30.744764 30.799444 30.896448 30.791779 30.557114 30.005283 29.97509 29.193905 26.777803 -32767.0 -32767.0 -32767.0 -32767.0 -32767.0 -32767.0 -32767.0 -32767.0 -32767.0 -32767.0 -32767.0 -32767.0 33.411373 33.581314 33.659973 32.709526 32.76337 33.08774 32.79099 32.74851 33.11509 33.353237 33.363064 33.289585 33.279434 33.33682 33.544884 33.66834 33.670876 33.628113 33.695976 33.861717 33.90774 33.90645 33.93359 34.150414 34.127373 33.807877 33.451103 32.904934 33.19807 -32767.0 -32767.0 -32767.0 -32767.0 -32767.0 -32767.0 -32767.0
29.377256 29.451504 30.008608 30.431376 30.632145 30.782074 30.852678 30.815174 30.764233 30.494991 30.39999 29.995333 27.84386 25.193197 -32767.0 -32767.0 -32767.0 -32767.0 -32767.0 -32767.0 -32767.0 -32767.0 -32767.0 -32767.0 -32767.0 33.20944 33.620697 33.54868 32.595596 32.53803 32.967407 33.397472 33.524185 33.173832 33.19483 33.70347 33.829727 33.347843 33.272163 33.51287 -32767.0 33.67564 33.68467 33.69429 33.8396 33.903175 33.90384 33.99159 34.156166 34.071648 33.90729 33.314655 -32767.0 -32767.0 -32767.0 -32767.0 -32767.0 -32767.0 -32767.0 -32767.0 -32767.0
29.455044 29.518158 29.816385 30.070478 30.35386 30.813496 31.20438 31.255342 30.99851 30.740911 30.666056 30.381739 29.400366 25.024326 -32767.0 -32767.0 -32767.0 -32767.0 -32767.0 -32767.0 -32767.0 -32767.0 -32767.0 -32767.0 -32767.0 -32767.0 33.847816 32.835148 32.22296 32.21366 33.69186 33.897976 33.86921 33.77223 33.810627 33.63306 33.93329 33.530956 33.662735 33.36975 33.644253 33.711666 33.68635 33.68157 33.67345 33.804707 33.799553 33.774044 33.727222 33.642307 33.497227 32.873707 -32767.0 -32767.0 -32767.0 -32767.0 -32767.0 -32767.0 -32767.0 -32767.0 -32767.0
29.464956 29.513712 29.686634 30.079952 30.449816 30.781246 31.245426 31.458487 31.245104 31.027683 30.828032 30.383593 29.231077 24.140915 25.687693 -32767.0 -32767.0 -32767.0 -32767.0 -32767.0 -32767.0 -32767.0 -32767.0 -32767.0 -32767.0 34.64517 33.363693 32.137383 32.169823 32.03996 33.64078 33.86565 33.39245 33.538006 33.377495 33.317642 33.75695 33.696648 33.274628 32.711876 32.706512 32.845573 32.86842 32.910828 33.118507 33.10901 33.175423 33.097458 -32767.0 32.788666 32.565926 31.722616 -32767.0 -32767.0 -32767.0 -32767.0 -32767.0 -32767.0 -32767.0 -32767.0 -32767.0
30.199274 30.32735 30.502424 30.754053 30.928549 30.89659 31.1901 31.60883 31.848188 31.843937 31.704298 30.390303 27.463476 23.590523 -32767.0 -32767.0 -32767.0 -32767.0 -32767.0 -32767.0 -32767.0 -32767.0 -32767.0 -32767.0 -32767.0 34.02825 32.715862 31.807617 32.18619 32.149548 32.644806 32.724827 32.63446 32.841156 32.87636 33.000446 32.912502 32.620796 32.814762 -32767.0 -32767.0 32.82091 32.696674 -32767.0 -32767.0 -32767.0 -32767.0 -32767.0 -32767.0 -32767.0 -32767.0 -32767.0 -32767.0 -32767.0 -32767.0 -32767.0 -32767.0 -32767.0 -32767.0 -32767.0 -32767.0
30.228249 30.363426 30.750011 31.217274 31.22252 31.310637 31.661028 31.791796 31.87996 31.715662 31.419159 29.71877 26.752802 -32767.0 -32767.0 -32767.0 -32767.0 -32767.0 -32767.0 -32767.0 -32767.0 -32767.0 -32767.0 -32767.0 33.880527 32.468376 32.158554 31.873682 32.556 32.785946 32.85321 32.78936 32.66596 32.660122 32.823086 32.584396 32.59475 32.774155 -32767.0 -32767.0 -32767.0 -32767.0 -32767.0 -32767.0 -32767.0 -32767.0 -32767.0 -32767.0 -32767.0 -32767.0 -32767.0 -32767.0 -32767.0 -32767.0 -32767.0 -32767.0 -32767.0 -32767.0 -32767.0 -32767.0 -32767.0
30.1557 30.510378 31.248104 31.541384 31.493698 31.516932 31.699274 31.759054 31.88212 31.74825 31.02734 29.563665 21.710714 -32767.0 -32767.0 -32767.0 -32767.0 -32767.0 -32767.0 -32767.0 -32767.0 32.710266 31.680702 33.090843 32.043987 32.072716 31.714615 31.954454 32.20338 32.668274 32.466522 32.49744 32.709892 32.809246 32.769104 32.75412 -32767.0 -32767.0 -32767.0 -32767.0 -32767.0 -32767.0 -32767.0 -32767.0 -32767.0 -32767.0 -32767.0 -32767.0 -32767.0 -32767.0 -32767.0 -32767.0 -32767.0 -32767.0 30.127878 -32767.0 -32767.0 -32767.0 -32767.0 -32767.0 -32767.0
30.151987 30.354706 30.704964 30.947832 31.230799 31.3112 31.542871 31.768103 31.78789 31.73439 30.930923 29.572624 28.621529 -32767.0 -32767.0 -32767.0 -32767.0 28.446115 32.152344 31.32625 31.872862 31.823538 32.58778 31.512941 32.095226 31.807804 31.540798 31.523249 31.855114 32.21243 32.284447 32.652 32.790215 32.8377 32.62413 -32767.0 -32767.0 -32767.0 -32767.0 -32767.0 -32767.0 -32767.0 -32767.0 -32767.0 -32767.0 29.895844 29.886297 -32767.0 -32767.0 -32767.0 -32767.0 -32767.0 -32767.0 -32767.0 29.649822 -32767.0 -32767.0 -32767.0 -32767.0 -32767.0 34.25187
30.242926 30.466583 30.792267 31.079575 31.12394 31.131683 31.42409 31.69606 31.642933 31.644648 31.014784 30.745258 -32767.0 28.569788 -32767.0 30.858866 -32767.0 30.576702 -32767.0 32.251495 31.470407 31.464725 31.337442 31.343006 32.174126 31.964134 32.24832 32.43385 32.651245 32.716682 32.664593 32.73936 32.708843 -32767.0 -32767.0 -32767.0 -32767.0 -32767.0 -32767.0 -32767.0 -32767.0 31.471844 31.307964 30.942186 30.291418 30.833868 30.604797 30.687727 29.966173 -32767.0 -32767.0 -32767.0 -32767.0 -32767.0 29.831432 31.161802 33.101894 33.606377 33.843468 33.827457 33.8508
30.478119 30.479029 30.597782 30.745678 31.02313 31.121683 31.272568 31.308832 31.456432 31.649332 31.650654 31.45061 31.002878 31.030977 31.178255 31.214134 31.350842 31.453766 31.33842 31.37914 31.510868 31.537254 31.578917 31.673841 -32767.0 32.478466 32.36903 32.791866 32.83989 32.720703 32.943172 -32767.0 -32767.0 -32767.0 -32767.0 -32767.0 30.945528 31.50985 31.998566 31.452797 31.392601 31.390081 30.874653 -32767.0 -32767.0 30.127304 30.834635 31.326664 -32767.0 -32767.0 -32767.0 -32767.0 -32767.0 34.249226 34.307503 34.297195 33.934704 33.83608 33.887928 33.942444 33.930344
30.81101 30.686602 30.63274 30.580322 30.634075 30.818798 31.065193 31.500393 31.944542 31.851435 31.736588 31.921524 31.627182 31.421911 31.514503 31.547007 31.451687 31.598358 31.647093 31.285078 31.976063 32.183983 32.2443 32.431355 32.550102 32.88088 33.082798 33.050087 33.102043 33.135464 32.632446 31.094818 -32767.0 31.070055 30.991213 -32767.0 31.678432 32.52511 32.123554 -32767.0 30.668613 30.733297 -32767.0 -32767.0 -32767.0 -32767.0 31.347372 31.89259 -32767.0 -32767.0 -32767.0 -32767.0 34.272102 34.207584 33.872375 33.77388 33.846462 33.750385 33.72754 33.78932 33.839653
29.923735 30.700281 30.60584 30.501902 30.58563 30.719858 30.970566 31.20159 31.407812 31.639145 31.84965 31.990671 32.01352 32.058853 32.12562 32.15569 32.31584 32.526215 32.410255 31.620161 32.59524 32.81117 32.91712 32.998775 33.11643 33.0926 -32767.0 33.149204 33.257637 -32767.0 -32767.0 31.595053 31.296803 31.434612 32.016502 33.05635 32.725468 32.599346 -32767.0 -32767.0 -32767.0 -32767.0 -32767.0 -32767.0 -32767.0 -32767.0 31.584692 32.64591 32.853138 -32767.0 -32767.0 34.365166 34.23017 33.815647 33.70818 33.70816 33.697277 33.681675 33.711273 33.853344 33.945107
30.16465 30.310831 30.3065 30.421627 30.645006 30.684603 30.841667 31.007107 31.183174 31.403744 31.612602 31.777298 32.226337 -32767.0 -32767.0 32.487034 32.728218 32.83151 32.85669 32.92149 32.95151 32.94931 32.944702 33.052032 33.072033 33.009533 33.220966 33.07903 -32767.0 -32767.0 -32767.0 -32767.0 -32767.0 -32767.0 31.733894 32.93131 33.534092 -32767.0 -32767.0 -32767.0 -32767.0 -32767.0 33.42873 -32767.0 31.809872 32.24007 33.561066 33.54561 32.842102 33.74337 -32767.0 34.07215 33.92795 33.731506 33.762527 33.750286 33.75942 33.731365 33.73105 33.93277 34.002094
