static/data/salinity/2023/7/14/6.asc
ncols 137
nrows 93
xllcorner 108.0
yllcorner 17.0
cellsize 0.25
NODATA_value -32767
[rows 54 to 80 of 93, columns 0 to 60 of 137]
-32767.0 -32767.0 -32767.0 -32767.0 -32767.0 -32767.0 -32767.0 -32767.0 -32767.0 -32767.0 -32767.0 -32767.0 -32767.0 -32767.0 -32767.0 -32767.0 -32767.0 -32767.0 -32767.0 -32767.0 -32767.0 -32767.0 -32767.0 -32767.0 -32767.0 -32767.0 -32767.0 -32767.0 -32767.0 -32767.0 -32767.0 -32767.0 -32767.0 -32767.0 -32767.0 -32767.0 -32767.0 -32767.0 -32767.0 -32767.0 -32767.0 -32767.0 -32767.0 -32767.0 -32767.0 -32767.0 -32767.0 -32767.0 34.291855 34.10724 33.982246 33.73562 32.1689 32.031757 32.691074 32.900238 33.20746 33.94244 34.134197 34.226086 34.159233
-32767.0 -32767.0 -32767.0 -32767.0 -32767.0 -32767.0 -32767.0 -32767.0 -32767.0 -32767.0 -32767.0 -32767.0 -32767.0 -32767.0 -32767.0 -32767.0 -32767.0 -32767.0 -32767.0 -32767.0 -32767.0 -32767.0 -32767.0 -32767.0 -32767.0 -32767.0 -32767.0 -32767.0 -32767.0 -32767.0 -32767.0 -32767.0 -32767.0 -32767.0 -32767.0 -32767.0 -32767.0 -32767.0 -32767.0 -32767.0 -32767.0 -32767.0 -32767.0 -32767.0 -32767.0 -32767.0 -32767.0 33.15421 -32767.0 33.97949 33.74285 33.297493 32.476425 32.2879 32.837627 33.007 34.123756 34.274307 34.17 34.251408 34.285465
-32767.0 -32767.0 -32767.0 -32767.0 -32767.0 -32767.0 -32767.0 -32767.0 -32767.0 -32767.0 -32767.0 -32767.0 -32767.0 -32767.0 -32767.0 -32767.0 -32767.0 -32767.0 -32767.0 -32767.0 -32767.0 -32767.0 -32767.0 -32767.0 -32767.0 -32767.0 -32767.0 -32767.0 -32767.0 -32767.0 -32767.0 -32767.0 -32767.0 -32767.0 -32767.0 -32767.0 -32767.0 -32767.0 -32767.0 -32767.0 -32767.0 -32767.0 -32767.0 -32767.0 -32767.0 -32767.0 -32767.0 33.187916 33.962803 33.937874 33.644817 33.11682 32.568943 32.43953 32.88724 33.809353 34.235977 33.89366 34.090164 34.224552 34.259357
-32767.0 -32767.0 -32767.0 -32767.0 -32767.0 -32767.0 -32767.0 -32767.0 -32767.0 -32767.0 -32767.0 -32767.0 -32767.0 -32767.0 -32767.0 -32767.0 -32767.0 -32767.0 -32767.0 -32767.0 -32767.0 -32767.0 -32767.0 -32767.0 -32767.0 -32767.0 -32767.0 -32767.0 -32767.0 -32767.0 -32767.0 -32767.0 -32767.0 -32767.0 -32767.0 -32767.0 -32767.0 -32767.0 -32767.0 -32767.0 -32767.0 -32767.0 -32767.0 -32767.0 -32767.0 -32767.0 -32767.0 33.71592 34.02746 33.826385 33.593365 32.40998 32.19494 32.263718 32.924786 33.749165 33.94341 33.660934 34.076855 34.219803 34.23493
-32767.0 -32767.0 -32767.0 -32767.0 -32767.0 -32767.0 -32767.0 -32767.0 -32767.0 -32767.0 -32767.0 -32767.0 -32767.0 -32767.0 -32767.0 -32767.0 -32767.0 -32767.0 -32767.0 -32767.0 -32767.0 -32767.0 -32767.0 -32767.0 -32767.0 -32767.0 -32767.0 -32767.0 -32767.0 -32767.0 -32767.0 -32767.0 -32767.0 -32767.0 -32767.0 -32767.0 -32767.0 -32767.0 -32767.0 -32767.0 -32767.0 -32767.0 -32767.0 -32767.0 -32767.0 31.522306 -32767.0 33.52448 33.96741 33.44364 33.28484 31.765585 32.405186 32.280148 32.624413 33.32762 33.3681 33.38978 34.109203 34.166073 34.275856
-32767.0 -32767.0 -32767.0 -32767.0 -32767.0 -32767.0 -32767.0 -32767.0 -32767.0 -32767.0 -32767.0 -32767.0 -32767.0 -32767.0 -32767.0 -32767.0 -32767.0 -32767.0 -32767.0 -32767.0 -32767.0 -32767.0 -32767.0 -32767.0 -32767.0 -32767.0 -32767.0 -32767.0 -32767.0 -32767.0 -32767.0 -32767.0 -32767.0 -32767.0 -32767.0 -32767.0 -32767.0 -32767.0 -32767.0 -32767.0 -32767.0 -32767.0 -32767.0 -32767.0 -32767.0 -32767.0 33.489 33.822914 33.815865 32.776054 32.365532 31.60438 32.551983 32.410538 32.60277 32.723278 32.837948 33.26227 33.89957 34.125423 34.32222
-32767.0 -32767.0 -32767.0 -32767.0 -32767.0 -32767.0 -32767.0 -32767.0 -32767.0 -32767.0 -32767.0 -32767.0 -32767.0 -32767.0 -32767.0 -32767.0 -32767.0 -32767.0 -32767.0 -32767.0 -32767.0 -32767.0 -32767.0 -32767.0 -32767.0 -32767.0 -32767.0 -32767.0 -32767.0 -32767.0 -32767.0 -32767.0 -32767.0 -32767.0 -32767.0 -32767.0 -32767.0 -32767.0 -32767.0 -32767.0 -32767.0 -32767.0 -32767.0 -32767.0 33.15541 33.64074 33.725456 33.673416 33.321606 32.255856 32.040398 32.39807 -32767.0 -32767.0 -32767.0 -32767.0 32.976475 33.426228 34.10806 34.23734 34.414413
-32767.0 -32767.0 -32767.0 -32767.0 -32767.0 -32767.0 -32767.0 -32767.0 -32767.0 -32767.0 -32767.0 -32767.0 -32767.0 -32767.0 -32767.0 -32767.0 -32767.0 -32767.0 -32767.0 -32767.0 -32767.0 -32767.0 -32767.0 -32767.0 -32767.0 -32767.0 -32767.0 -32767.0 -32767.0 -32767.0 -32767.0 -32767.0 -32767.0 -32767.0 -32767.0 -32767.0 -32767.0 -32767.0 -32767.0 -32767.0 -32767.0 -32767.0 -32767.0 33.609886 33.625786 33.70846 33.385162 32.785248 32.15103 31.84033 31.656174 32.683876 -32767.0 -32767.0 -32767.0 -32767.0 33.224567 34.064514 34.12472 34.2687 34.438663
-32767.0 -32767.0 -32767.0 -32767.0 -32767.0 -32767.0 -32767.0 -32767.0 -32767.0 -32767.0 -32767.0 -32767.0 -32767.0 -32767.0 -32767.0 -32767.0 -32767.0 -32767.0 -32767.0 -32767.0 -32767.0 -32767.0 -32767.0 -32767.0 -32767.0 -32767.0 -32767.0 -32767.0 -32767.0 -32767.0 -32767.0 -32767.0 -32767.0 -32767.0 -32767.0 -32767.0 -32767.0 -32767.0 -32767.0 -32767.0 -32767.0 33.31136 33.256294 33.506874 33.700245 32.864155 32.241184 31.80787 31.73471 32.203114 32.6238 -32767.0 -32767.0 -32767.0 -32767.0 -32767.0 33.936264 34.13494 34.09741 34.30524 34.451538
-32767.0 -32767.0 -32767.0 -32767.0 -32767.0 -32767.0 -32767.0 -32767.0 -32767.0 -32767.0 -32767.0 -32767.0 -32767.0 -32767.0 -32767.0 -32767.0 -32767.0 -32767.0 -32767.0 -32767.0 -32767.0 -32767.0 -32767.0 -32767.0 -32767.0 -32767.0 -32767.0 -32767.0 -32767.0 -32767.0 -32767.0 -32767.0 -32767.0 -32767.0 -32767.0 -32767.0 -32767.0 -32767.0 -32767.0 -32767.0 -32767.0 33.61311 33.627422 33.740837 32.934475 31.909964 31.949696 32.370255 32.538166 32.615692 32.76937 -32767.0 -32767.0 -32767.0 -32767.0 33.868492 34.068714 33.943237 34.12896 34.351166 34.568565
-32767.0 -32767.0 -32767.0 -32767.0 -32767.0 -32767.0 -32767.0 -32767.0 -32767.0 -32767.0 -32767.0 -32767.0 -32767.0 -32767.0 -32767.0 -32767.0 -32767.0 -32767.0 -32767.0 -32767.0 -32767.0 -32767.0 -32767.0 -32767.0 -32767.0 -32767.0 -32767.0 -32767.0 -32767.0 -32767.0 -32767.0 -32767.0 -32767.0 -32767.0 -32767.0 -32767.0 -32767.0 -32767.0 -32767.0 33.364952 33.665466 33.705143 33.649963 33.835613 32.11966 31.692226 31.855736 32.355595 32.377747 32.61298 -32767.0 -32767.0 -32767.0 -32767.0 -32767.0 33.773624 34.06891 33.921516 34.17704 34.354683 34.636723
-32767.0 -32767.0 -32767.0 -32767.0 -32767.0 -32767.0 -32767.0 -32767.0 -32767.0 -32767.0 -32767.0 -32767.0 -32767.0 -32767.0 -32767.0 -32767.0 -32767.0 -32767.0 -32767.0 -32767.0 -32767.0 -32767.0 -32767.0 -32767.0 -32767.0 -32767.0 -32767.0 -32767.0 -32767.0 -32767.0 -32767.0 -32767.0 -32767.0 -32767.0 -32767.0 -32767.0 -32767.0 -32767.0 33.390892 33.687866 33.664158 33.77885 33.863297 33.47371 31.958876 31.406713 32.073902 32.59181 31.787102 32.46144 -32767.0 -32767.0 -32767.0 -32767.0 -32767.0 33.922688 33.90442 34.11057 34.289837 34.26034 34.61567
-32767.0 -32767.0 -32767.0 -32767.0 -32767.0 -32767.0 -32767.0 -32767.0 -32767.0 -32767.0 -32767.0 -32767.0 -32767.0 -32767.0 -32767.0 -32767.0 -32767.0 -32767.0 -32767.0 -32767.0 -32767.0 -32767.0 -32767.0 -32767.0 -32767.0 -32767.0 -32767.0 -32767.0 -32767.0 -32767.0 -32767.0 -32767.0 -32767.0 -32767.0 -32767.0 -32767.0 33.271694 33.46204 33.671627 33.867107 33.894928 33.723667 33.4322 32.73924 31.782381 31.932905 -32767.0 32.33264 31.932238 -32767.0 -32767.0 -32767.0 -32767.0 -32767.0 33.660973 33.821667 34.26066 34.327072 34.34208 34.24569 34.49512
-32767.0 -32767.0 -32767.0 -32767.0 -32767.0 -32767.0 -32767.0 -32767.0 -32767.0 -32767.0 -32767.0 -32767.0 -32767.0 -32767.0 -32767.0 -32767.0 -32767.0 -32767.0 -32767.0 -32767.0 -32767.0 -32767.0 -32767.0 -32767.0 -32767.0 -32767.0 -32767.0 -32767.0 -32767.0 -32767.0 -32767.0 -32767.0 -32767.0 -32767.0 -32767.0 33.513954 33.73686 33.641968 33.17862 33.227936 33.221474 32.965977 32.346703 32.10844 32.10824 31.706573 -32767.0 32.056988 31.619152 -32767.0 -32767.0 -32767.0 -32767.0 -32767.0 33.65384 33.860046 34.088226 34.3177 34.38753 34.381596 34.364002
-32767.0 -32767.0 -32767.0 -32767.0 -32767.0 -32767.0 -32767.0 -32767.0 -32767.0 -32767.0 -32767.0 -32767.0 -32767.0 -32767.0 -32767.0 -32767.0 -32767.0 -32767.0 -32767.0 -32767.0 -32767.0 -32767.0 -32767.0 -32767.0 -32767.0 -32767.0 -32767.0 -32767.0 -32767.0 -32767.0 -32767.0 -32767.0 -32767.0 -32767.0 -32767.0 32.949192 32.709488 32.448162 31.732994 31.61284 32.08847 32.42953 32.497417 32.389427 33.40487 32.31474 32.299206 32.515812 31.236046 -32767.0 -32767.0 -32767.0 -32767.0 -32767.0 34.01965 34.111614 34.117855 34.39855 34.360687 34.361767 34.28843
-32767.0 -32767.0 -32767.0 -32767.0 -32767.0 -32767.0 -32767.0 -32767.0 -32767.0 -32767.0 -32767.0 -32767.0 -32767.0 -32767.0 -32767.0 -32767.0 -32767.0 -32767.0 -32767.0 -32767.0 -32767.0 -32767.0 -32767.0 -32767.0 -32767.0 -32767.0 -32767.0 24.43517 -32767.0 29.48171 -32767.0 30.442255 30.316473 31.678211 31.85278 31.386097 30.979216 30.641403 30.185259 30.364769 31.106565 31.975418 31.461609 32.05572 31.867643 31.442173 32.63374 33.118446 32.745213 -32767.0 -32767.0 -32767.0 -32767.0 33.738113 33.967598 34.1831 34.154842 34.42109 34.381645 34.27554 34.26887
-32767.0 -32767.0 -32767.0 -32767.0 -32767.0 -32767.0 -32767.0 -32767.0 -32767.0 -32767.0 -32767.0 -32767.0 -32767.0 -32767.0 -32767.0 -32767.0 -32767.0 -32767.0 -32767.0 -32767.0 -32767.0 -32767.0 -32767.0 7.673931 -32767.0 -32767.0 29.97332 29.130625 28.84053 28.940989 29.13395 29.379427 29.501291 29.625298 29.705603 29.95749 30.065735 29.968369 30.268053 30.367767 30.294369 30.47356 30.715351 31.023 31.647572 32.77196 33.45287 33.542362 33.63672 31.669842 -32767.0 -32767.0 33.028778 33.604206 34.16842 34.17868 34.12197 34.410763 34.349434 34.266903 34.20818
-32767.0 -32767.0 -32767.0 -32767.0 -32767.0 -32767.0 -32767.0 -32767.0 -32767.0 -32767.0 -32767.0 -32767.0 -32767.0 -32767.0 -32767.0 -32767.0 -32767.0 -32767.0 -32767.0 -32767.0 -32767.0 -32767.0 -32767.0 17.93984 11.007821 25.909792 28.030922 29.52325 31.09433 31.937094 32.264065 32.708538 32.7853 32.549255 32.600784 32.099625 31.97259 32.14363 32.055687 31.744177 31.238272 31.445261 32.52599 33.241337 33.497883 33.568058 33.75909 33.96274 34.128628 33.988575 31.326635 -32767.0 33.69455 33.61102 34.162853 34.214157 34.12935 34.386143 34.326405 34.20466 34.142113
-32767.0 -32767.0 -32767.0 -32767.0 -32767.0 -32767.0 -32767.0 -32767.0 -32767.0 -32767.0 -32767.0 -32767.0 -32767.0 -32767.0 -32767.0 -32767.0 -32767.0 -32767.0 -32767.0 -32767.0 13.103166 21.513731 22.357832 27.643454 29.96618 -32767.0 32.95248 33.637844 33.60292 33.63328 33.77816 33.75241 33.738796 33.376343 33.236008 33.220448 33.250385 33.169502 33.05582 32.930378 32.99915 33.271683 33.395462 33.82938 34.070923 34.156765 34.272385 34.239456 34.18531 34.195858 33.43437 -32767.0 33.429577 33.907673 34.247265 34.271748 34.196712 34.35714 34.235672 34.173527 34.135506
-32767.0 -32767.0 32.582672 -32767.0 -32767.0 -32767.0 -32767.0 -32767.0 -32767.0 -32767.0 -32767.0 -32767.0 -32767.0 -32767.0 -32767.0 -32767.0 31.647718 -32767.0 30.637037 29.199284 23.03138 31.376358 31.660822 32.132145 33.215572 33.646366 33.68633 33.741222 33.761997 33.824368 33.639923 33.595806 33.538948 33.43322 33.38921 33.364033 33.35096 33.37378 33.39733 33.362244 33.38565 33.690384 34.282986 34.280666 34.27632 34.272137 34.20694 34.05407 34.021675 34.122284 34.008423 33.906418 34.23748 34.37433 34.375324 34.35978 34.255478 34.369568 34.230297 34.13977 34.221096
-32767.0 32.061626 32.114223 32.034084 31.859638 -32767.0 32.061756 32.04442 -32767.0 -32767.0 -32767.0 -32767.0 -32767.0 32.45994 32.60872 33.33373 33.512413 33.51911 33.499367 33.56773 33.53266 33.78039 33.75411 33.687885 33.593895 33.71672 33.775322 33.708782 33.701355 33.784275 33.567448 33.498703 33.47488 33.43916 33.46021 33.499992 33.571125 33.717854 33.788994 33.790695 33.971195 34.23171 34.267776 34.241467 34.19018 34.041424 34.056656 34.278023 34.071823 34.066574 34.430202 34.326088 34.307205 34.268684 34.303623 34.354023 34.278095 34.407265 34.323757 34.21041 34.324383
32.48832 32.96024 32.89033 32.599648 32.233444 32.18833 32.14982 32.043133 -32767.0 -32767.0 -32767.0 33.061954 33.543167 33.5882 33.517292 33.350517 33.339546 33.409492 33.50613 33.53706 33.54081 33.619633 33.676662 33.781322 33.827705 33.791718 33.765877 33.710957 33.803703 33.7364 33.549263 33.46323 33.43719 33.554764 33.83735 33.813435 33.997612 34.10963 34.12415 34.12363 34.078613 34.307434 34.225765 34.135612 34.05561 34.043636 33.95684 33.833492 33.80708 34.26895 34.235085 34.408527 34.353214 34.25518 34.28756 34.31837 34.388107 34.40871 34.353123 34.311462 34.324818
32.992836 32.99817 33.03047 33.001152 32.830467 32.43953 32.29788 -32767.0 -32767.0 31.245932 -32767.0 33.500546 33.249443 33.12139 33.12205 33.223293 33.362774 33.355904 33.41075 33.515736 33.66834 33.759052 33.81553 33.79541 33.784554 33.910484 33.93389 33.790863 33.89008 33.762768 33.681725 33.521214 33.79278 34.07845 33.902046 33.88482 34.001762 34.11756 34.073734 34.049488 34.144817 34.25192 34.169018 34.16113 34.097218 34.053425 34.078495 33.858482 33.845333 33.97636 34.00112 34.21655 34.4084 34.264034 34.222347 34.284126 34.423077 34.425373 34.342655 34.345043 34.313995
33.149235 33.054756 32.96684 32.93232 32.937546 32.62806 32.434795 32.43412 -32767.0 -32767.0 32.88426 33.048153 33.02411 32.938618 33.039497 33.41521 33.701656 33.65215 33.683826 33.836777 33.96357 33.97187 33.95217 33.89719 33.907356 33.93343 33.898464 33.913235 33.906048 33.804783 33.634724 33.893215 34.131817 34.09812 34.07078 34.12857 34.119823 34.170315 33.955414 34.09291 34.36702 34.149097 34.105 34.037914 34.105183 34.087006 33.993587 33.838203 33.86182 33.878593 33.863056 33.87911 34.428123 34.29733 34.28767 34.349377 34.332104 34.31902 34.328472 34.412983 34.37444
33.11641 33.160454 32.99137 32.881092 32.899265 32.875553 32.66946 32.528072 -32767.0 -32767.0 32.829903 32.826923 32.874096 32.982277 33.50055 33.774277 33.86949 33.834667 33.843025 33.885265 33.909435 33.894985 33.854977 33.927174 33.951546 34.017044 33.98964 33.973316 33.896618 33.73132 33.740337 34.08875 34.121346 34.126034 34.069984 34.13033 34.244896 34.19803 34.24231 34.28987 34.11305 34.19263 34.01249 33.958874 34.03107 34.07381 34.16187 34.05938 33.802437 33.906734 34.116005 34.00083 34.394493 34.304813 34.304306 34.292614 -32767.0 34.360138 34.332314 34.267094 34.34317
33.206516 33.26307 33.129143 32.901684 32.839554 32.851143 32.741234 32.51638 32.613216 32.682228 32.766468 32.80753 32.80595 32.87576 33.626396 33.603554 33.598488 33.6043 33.608402 33.61834 33.661278 33.717735 33.779404 34.02874 34.08909 34.087387 34.056637 33.989433 33.790894 33.73281 33.844875 34.005848 34.074837 34.125637 34.132614 34.11585 34.333504 34.236523 34.148445 34.034294 34.082138 34.065163 34.16385 34.26424 34.307266 34.27042 34.284973 33.89551 33.72443 33.95595 34.2073 34.119225 34.33863 34.293983 34.33907 34.34577 34.269394 34.250763 34.29482 34.294056 34.314533
33.3408 33.31461 33.27019 32.91786 32.792706 32.784557 32.924942 32.958694 32.91406 -32767.0 -32767.0 -32767.0 32.950493 32.94541 33.579845 33.586998 33.565575 33.60753 33.66978 33.702168 33.698242 33.696808 33.840122 34.053623 33.93118 33.940952 33.972755 33.795975 33.84472 33.813953 33.89304 33.920498 33.914223 34.003788 34.166016 34.087986 34.28861 34.259094 34.10574 33.97922 33.97928 34.196526 34.31423 34.319683 34.335125 34.26875 34.10589 33.651745 34.131985 34.161243 34.18571 34.065685 34.27241 34.244812 34.270866 34.3262 34.33831 34.25939 34.251057 34.260014 34.31159
