static/data/ASCData/20210129/ASCV/00.asc
ncols 97
nrows 97
xllcorner 99.0
yllcorner 2.0
cellsize 0.25
NODATA_value -32767
[rows 57 to 75 of 97, columns 0 to 42 of 97]
-0.4984100650544443 -0.34508887334568694 -0.37635437126276683 0.45278258311518016 1.3688015461280898 1.5945745166639265 0.6755492557743743 -0.26782701791597985 -0.8976464230725423 -0.4124299457824745 0.03971725486452726 0.04272355274116979 -0.7082496568440773 -1.282452551282757 -1.9309110032745016 -1.1282294702110067 -0.8185807889168495 -1.3098098619602019 -1.2794462534061148 -1.2872626278853847 -1.301993487480932 -1.8314025435576413 -2.3596090804836938 -2.5081201955898234 -2.4074092167223062 -2.4398772337900434 -2.6085305446696765 -2.7140516001398214 -2.5814738637798955 -2.6202551063885817 -2.530667429664641 -1.925199037308881 -1.465235462182609 -2.103773131181434 -2.3175209102107015 -2.1984715142956666 -2.1215102886536235 -2.4086117358729635 -2.7696681108577037 -2.5393856935069037 -3.7533287760950653 -8.660508800138295 -13.27667918972255
-0.290374251990797 -0.14276502624765985 -0.03934837929116508 0.7759596048542274 1.4412533249551691 1.6646212571896921 1.611109154985459 1.002634464753057 1.1090574095861943 1.4968698356730519 1.7076113168256768 1.6814565252988887 1.0994372563809396 0.6052018854609447 -0.038446489928172234 -0.6231714269350999 -0.6505287376125448 -0.9271081422636369 -1.1643050447307144 -1.3431797683909315 -1.5061211133049444 -2.0676975566617264 -2.4398772337900434 -2.5793694552662463 -2.6957131830923036 -2.855648230129674 -2.8391135918081414 -2.9007426982793083 -2.7161560086534706 -2.916375447237848 -2.7913134555695285 -2.4582156508375617 -2.002160262950924 -1.546104875064287 -1.5178456750238492 -1.5199500835374988 -1.8419245861258893 -1.7718778456001236 -1.8761963819196117 -2.5237529445483635 -6.927979333829336 -11.817722830188043 -13.741452841451451
0.005445459070805292 -0.10368315385131055 0.13050745073912484 0.9019234858855398 1.5633090187468461 1.8200468574120992 1.7761549084131216 2.091515555672899 2.4002623476040634 2.4059743135696836 2.464597122164209 2.3455477262491735 1.7301585509004944 1.2410338863707917 0.9891061243081669 0.4149032298694868 -0.1596002943568573 -0.5041220310200649 -1.2015831384010789 -1.2776424746801291 -1.5352822027083746 -2.0081728587042087 -2.375241829442234 -2.383058203921504 -2.5060157870761737 -2.915172928087191 -2.9620711749628112 -3.094949541110401 -2.753133472536171 -2.8664709024855863 -2.6800804341337634 -2.3265398038406286 -1.4514064919500544 -0.9866328402211542 -0.9162854699077245 -1.1222168744577221 -1.1652069340937072 -1.329350798158377 -2.2005759228093162 -5.878180115305844 -10.237612666224848 -12.243414609520592 -14.079360722786046
0.07398905065825012 -0.1827487880070029 0.36409679575423226 1.0759881329431291 1.4595917420026874 1.7166302104556035 1.9342861767245063 2.300453258099539 2.7907804417798987 2.863833480182307 3.175586569990113 3.134400289080114 2.4273190284938444 1.8717551808903465 1.6198274188277217 1.4060796397984543 0.8688542092424747 0.1665830252588325 -0.7599579803223246 -0.8029480399583098 -0.9397345933455346 -1.3128161598368444 -1.5842848580976443 -1.5921012325769142 -2.1593896418993164 -2.5676448935473415 -2.855648230129674 -3.005061234598796 -2.691804995852668 -2.457313761474569 -2.2766352590883665 -1.304999785357574 -0.4289645841040075 0.05053992722043965 0.046631739980805165 -0.8898300485932724 -0.845036210231302 -2.0499603991895365 -5.306983518743807 -9.29904646913712 -11.736552787518699 -13.744459139328093 -14.110626220703125
0.0709827527816076 0.1365200464924099 0.751608592053425 1.2293093246518865 1.591568218787284 1.9012169000814412 2.145328287664796 2.273095947422094 2.755606756623184 3.113957463518946 3.6941729537109103 3.7867669283114926 3.552576323721058 2.9392915568860287 2.673534824590849 2.4685053094038434 2.124584832315964 1.4060796397984543 0.7302638771292642 0.43714983415664044 0.5856609492627696 0.19694663381292 -0.18665697524663738 -0.9319182188662647 -1.6077339815354539 -2.1437568929407766 -2.517740348795079 -2.5511102552258085 -2.482566663638364 -2.1224121780166163 -1.2403643810097646 -0.2999944051960526 -0.04325656653079957 0.37672324683612946 0.023182616542994694 -1.1907604660451665 -2.3695298634766138 -4.721957951949215 -8.349056340118153 -10.654586181715135 -12.595151461087742 -13.39963677287722 -13.768810152128896
0.24594928920218972 0.8697560986054675 1.4039752312848046 1.6598111805870648 1.8386859042472814 2.180501972821511 2.6149120159963237 2.827757905662599 2.876760561051868 3.0974228251974134 3.5769273365218606 3.7176220771487207 3.8093141623863103 3.7488875750658 3.5573864003236855 3.397150723498651 3.0622491400406986 2.7721413949447165 2.422508951891216 1.9177515384029737 1.949017036320054 1.2975522864516673 0.16387735716985485 -0.770780652678237 -1.2355543044071369 -1.5443010963383013 -1.8575573350844294 -1.8849146457618744 -1.7336978625667667 -1.1955705426477943 -0.3264498265105047 -0.0567849069756905 -0.12623038792612729 -0.7082496568440773 -1.6086358708984467 -3.133129524143758 -5.147649731281765 -7.725850790290204 -9.76382012086602 -11.387822233828192 -12.45235231194723 -13.188895291724595 -13.43000038143131
0.3824352128017505 1.6276437933069916 2.138413802548519 2.349455913488809 2.571921956360339 2.9528198973309188 3.3962488341356583 3.6499803749242687 3.5113900428110583 3.2603641701114263 3.337626025541133 3.4693018725380664 3.574822928008211 3.6647112345198156 3.707701294155801 3.6911666558342677 3.581737413124488 3.3589707404652938 3.0613472506777057 2.3933478624877864 2.200042909019686 1.3657952482514473 0.28984123820116725 -0.5080302182596999 -0.923199955024002 -1.1838459809288895 -1.3723408577943617 -1.4036063557114415 -1.2103014022433416 -0.8732954102717394 -0.5940103375316697 -0.8333116485123968 -1.441786338744799 -2.209294186651579 -3.4298511245683536 -5.282632505943004 -7.175097019289334 -9.083194281594203 -10.56469787520353 -11.583231595809941 -12.291214745759206 -12.679929061209055 -12.894879359388977
0.5748382769068572 2.0337946364413666 2.9480098207282905 3.451865344853541 3.82494691134485 4.197126588473167 4.473405363336595 4.527218095328492 4.392235320667253 4.234104052355868 3.9370818221436084 3.8631268943782073 3.742874979312515 3.743776868675508 3.695074843073903 3.6265312514864583 3.6499803749242687 3.6051865365622984 3.5973701620830285 3.094416527320771 2.4528725604453037 1.6159192315880864 0.6316573067753968 -0.21521680507473917 -0.7073477674810844 -0.9388327039825417 -1.223829742688232 -1.3762490450339966 -1.2962815215153114 -1.1516785936488168 -1.259003427844947 -1.8879209436385165 -2.8255852513632504 -3.7560344441840434 -5.071590395002715 -6.808929937914302 -8.440748425355743 -9.736462810188575 -10.735756224384478 -11.362569331664396 -11.91933569841855 -12.40455217570862 -12.72592541872168
0.5279400300312371 2.2908331048942836 3.7194258558747055 4.3005432354296635 4.6393530061272505 4.84047433407462 4.807405057431555 4.860917159635789 4.903005329908781 4.959824359777319 4.61019191672382 4.189310213993898 3.9830781796562365 3.898300579534923 3.837573362426748 3.7720360687159458 3.831861396461128 3.8814653114257256 3.758507728271055 3.249842127543178 2.5418589775939155 1.732262959414144 0.8249622602434972 0.011458054824090347 -0.5901021502920347 -1.0209046360148766 -1.393685572718522 -1.5812785602210018 -1.5247601601401266 -1.8557535563584442 -2.4994019317475606 -3.3646144606452157 -4.150761355387178 -5.0382204885719855 -6.396766499026642 -7.715028117934292 -8.981581413363694 -9.944498623252223 -10.51779962832791 -11.104628973848488 -11.59585804689184 -12.089191528448842 -12.453254201310223
0.19003214869664298 1.9742699384838494 3.2134659232358063 3.9752618051769657 4.579828308169733 4.969444512982576 4.85610708303316 4.925552563983598 5.071959270576078 5.314266879433448 5.209647713326295 4.808306946794548 4.340526997189005 4.163756682042439 4.06725452020222 4.071162707441855 4.163756682042439 4.121668511769445 3.703793106916166 3.0613472506777057 2.3326206453796114 1.428326244085607 0.5474809662294122 -0.1526858092405794 -0.7347050781585294 -1.2220259639622468 -1.499206628188667 -1.8596617435980791 -2.227933233486761 -2.982814630311643 -3.8898146996946257 -4.635977832677245 -5.25317078675191 -6.215186107277447 -7.304067198197289 -8.423011267883552 -9.22088272434442 -9.884973925294705 -10.39484204517324 -10.881261041613964 -11.382110267862572 -11.874241230268916 -12.228683749925043
-0.1205184219605071 1.2019520139744415 1.8053159978165523 2.5875547053188788 4.403959882386158 4.85610708303316 4.893385176703524 4.913828002264693 5.161847577087683 5.39122810507549 5.448949024307022 5.279093194276732 4.87384424050535 4.579828308169733 4.479117329302215 4.406064290899807 4.387425244064626 4.007429192457038 3.4431470810112783 2.7321576331853734 1.9255679128822436 1.0426182265124 0.22430394449036495 -0.47015086501400694 -0.895842644346557 -1.3371671726376468 -2.127222254619244 -3.059775855953686 -3.5979031758726583 -4.280633423658125 -5.023790258764103 -5.4915702083696445 -6.122291502889199 -7.000130482868752 -7.949519352312391 -8.704400749137273 -9.391941073525366 -10.065652427680908 -10.484730351684846 -10.916434726770678 -11.274785433666441 -11.759100021593516 -12.033575017730959
0.02709080378263007 0.7555167792930595 0.9891061243081669 1.5524863463909346 3.3806160851771185 4.8425787425882705 4.880458095833963 4.87955620647097 5.184394811162499 5.311260581556804 5.468489960505198 5.389424326349505 5.272178709160454 4.980267185338488 4.756598623316299 4.6745266912839645 4.284910486471122 3.804504085783683 3.0914102294441284 2.336528832619247 1.5007780229126864 0.6304547876247399 -0.18575508588364542 -0.74041704412415 -1.1652069340937072 -1.996448296985304 -3.1310251156301088 -4.352784572697541 -4.703318905114033 -5.183725305801473 -5.600999451079424 -6.0735894772875945 -6.759025393162039 -7.623336032696701 -8.278708969804722 -8.974967558035079 -9.585246026993467 -10.189812529986234 -10.58033062416207 -10.907415833140753 -11.26185835279688 -11.55677617449549 -11.829447391906946
0.278116676482262 0.8523195709209421 0.38063143407576483 0.9695651881099918 2.8073150801014313 4.270179626875575 4.6805392870372495 4.687153142365863 5.050614555651918 5.129680189807609 5.273080598523447 5.249631475085638 5.170565840929945 4.998605602386005 4.774035151000825 4.474307252699588 4.050419252093023 3.506579966208431 2.742980305541286 1.9781781257234838 1.1246901585447349 0.25256314453080275 -0.7004332823648074 -1.255095240605312 -2.0364320587446465 -2.9281000089567533 -4.053056674396303 -4.884899296863228 -5.12239682911797 -5.560715059532417 -6.042323979370514 -6.674247793040726 -7.360585598278163 -7.947414943798741 -8.605794178783405 -9.18089896258508 -9.711209908024781 -10.159448921432148 -10.4447465899255 -10.772733688267177 -11.048110573767612 -11.343028395466222 -11.591047970289212
0.06136259957635204 0.6920838940959069 0.03671095698788562 0.046631739980805165 1.862135027685091 3.689062247320619 4.251540580040394 4.421697039858347 4.740063984994767 4.866929755389072 4.901201551182795 4.8570089723961525 4.728339423275863 4.568103746450828 4.360067933387181 4.046511064853388 3.6394583323560203 3.0974228251974134 2.4264171391308516 1.6528966954707869 0.8189496644902121 -0.10097748576233201 -1.1291313595739996 -2.1007668333047915 -2.986722817551278 -3.784594274012145 -4.573446836843085 -4.884899296863228 -5.370416403940959 -5.925078362181464 -6.463205682100437 -7.066569665942547 -7.638968781655241 -8.206257190977643 -8.772643710937054 -9.23861988181661 -9.688662673949963 -9.973960342443316 -10.241520853464483 -10.50517317724601 -10.77363557763017 -10.99038965453608 -11.24051363787272
-0.3586172137905774 0.21348127213445256 -0.061895613365981816 -0.38507263510502954 0.5838571705367848 2.4615908242875664 3.864930673104193 4.20374044380178 4.34653959294229 4.5593854826085645 4.512487235732945 4.380510758948348 4.2193731927603215 4.024264460566235 3.8327632858241207 3.606088425925291 3.2390194551872655 2.7243412587061036 2.1414201004251616 1.3249095971291123 0.46360525547109255 -0.43768284794626977 -1.3849673088762593 -2.354799003881066 -3.237448060463246 -3.9622664785217054 -4.5773550240827205 -5.09684329716651 -5.637075025599132 -6.144838736964017 -6.668235197287442 -7.210270704446049 -7.781467301008086 -8.342141855001875 -8.866440204688292 -9.239521771179604 -9.598774367438358 -9.767728308105657 -10.114655083070177 -10.337121125941707 -10.478717755931559 -10.648573585961849 -10.866530182018417
-0.47375842246597744 -0.6926169078855371 -0.425958286227365 -0.07241765593423022 0.7498048133274393 2.2634757942168386 3.6099966131649257 3.9361799327806155 4.085592937249738 4.167664869282073 4.02817264780587 3.87966153269974 3.6373539238423707 3.4422451916482855 3.236915046673616 2.9958099569669034 2.748692271506906 2.350357802851801 1.7947939552483039 1.0877126946620344 0.2994613914064228 -0.5961147460453193 -1.484776398380784 -2.3644191570863216 -3.255185217935436 -4.062676827601559 -4.68888867530615 -5.283534395305997 -5.763038906630444 -6.298159928672774 -6.8314771719891185 -7.369303862120427 -7.947414943798741 -8.48674478286837 -8.882072953646833 -9.176990775345443 -9.435833022524346 -9.690767082463612 -10.032583151037842 -10.16035081079514 -10.265871866265286 -10.44745225801448 -10.656389960441121
-0.6000229332849543 -0.9454465593111547 -0.9953511040634169 -0.1223222006864928 1.2028539033374344 2.741777786390629 3.714615779272078 3.6656131238828085 3.7545995410314204 3.8679369709808347 3.6842521707179907 3.4293181107787234 3.078783778362231 2.8854788248941308 2.7321576331853734 2.491052543478661 2.1910240153897593 1.8465022787265513 1.395256967442542 0.7350739537318924 0.05354622509708218 -0.7208761079259749 -1.596009419816549 -2.4807628849123784 -3.336355260604778 -4.100856810634915 -4.700613237025054 -5.235734259067384 -5.81955730671132 -6.366402890472555 -6.887093682707001 -7.487451368672469 -8.145830603657133 -8.697486264020995 -9.029682179389969 -9.212164460502159 -9.451465771482885 -9.728646435709305 -9.938786657286602 -10.143816172473606 -10.31096633441492 -10.512989551725283 -10.693668054111484
-0.5110365161363419 -0.7277905930422524 -0.719974218562982 -0.24046970723853534 0.704710345177805 2.2839186197780066 3.6451702983216405 3.8210387241052155 3.7046949962791587 3.6647112345198156 3.3737016000608406 3.0084364080488015 2.693977650152016 2.314282228332094 2.0485254960369144 1.786977580769034 1.5055880995153146 1.1355128309006473 0.8345824134487527 0.38754591919204184 -0.18876138376028706 -0.9084690954284547 -1.711150628491949 -2.564638595670699 -3.3225262903722235 -4.01307291263696 -4.661531364628705 -5.23753803779337 -5.793101885396867 -6.349868252151022 -6.9808901764582405 -7.749299913728013 -8.411286706164649 -8.810823693970411 -9.034492255992598 -9.20524997538588 -9.467098520441425 -9.719928171867043 -9.977868529682953 -10.279700836497838 -10.44745225801448 -10.571612360319808 -10.649776105112508
-0.23265333275926459 -0.3303580137501396 -0.3011969243467094 -0.611747495003859 -0.017703034579340304 0.9900080136711598 2.3572722879680787 3.447055268250913 3.607290945075948 3.6033827578363127 3.527022791769598 2.9215543994138384 2.2721940580591014 1.9000143809307843 1.475224490961227 1.1412247968662674 0.7437922175741551 0.39806796176029025 0.044527331467155484 -0.15569210711722192 -0.5597385417379472 -1.0999702701705694 -1.836212620160269 -2.5255567232743488 -3.2660078902913483 -3.9505419168028 -4.568636760240458 -5.141937765316145 -5.740491672555628 -6.363697222383577 -7.16126804905678 -7.931782194840201 -8.522820357388078 -8.876360987681213 -8.93588568563873 -9.12618434123019 -9.41418767781252 -9.76592452937967 -10.096016036234996 -10.36147213874251 -10.501264990006376 -10.498258692129735 -10.552071424121632
