static/data/ASCData/20210129/ASCV/03.asc
ncols 97
nrows 97
xllcorner 99.0
yllcorner 2.0
cellsize 0.25
NODATA_value -32767
[rows 19 to 37 of 97, columns 0 to 42 of 97]
0.8455514724328861 1.2654436927646273 1.52048933770687 1.7988623282230982 1.6405474095943156 1.0088428914507857 0.3379484327429587 0.12986851022300705 0.3494565898927915 0.5457173239885904 0.8464845662558451 1.1581379031242935 1.285038663046775 1.096553710808971 0.6191207047280658 0.3603426844939852 0.3818038424220518 0.5908168587649625 1.1180148687370384 1.8738208653341726 1.9901465619297802 1.0604740829878736 0.33483811999976076 0.11213972758677748 0.22535511143918807 0.32519615049584694 -0.045864159767684765 -0.6290477991173256 -0.8760066309272534 -0.6669936145843418 -0.4405628468795215 -0.225640236324534 -0.12113372815307821 -0.6837893033976115 -2.366157466193455 -3.754912106031399 -4.7219083378916835 -5.075239865518985 -4.524403478698605 -3.5011105861864356 -2.3195027750454837 -1.6075521881274422 -1.062625395519138
0.803562250399712 1.1914182494765129 1.3708832947590421 1.6377481281254376 1.575230841987156 1.0075987663535058 0.3631419659628632 0.3516338088130304 0.5867734521988055 0.4912868509826245 0.5740211699516928 0.5926830464108814 0.703099148794414 0.9099349462170858 0.5534931058465862 0.3818038424220518 0.49688541392038044 0.6698188024421938 0.7606399345435779 1.0682498648458685 1.282239381577897 1.187374842910355 0.5370084483076356 0.16314885657522638 0.1230258221879712 -0.06452603622687336 -0.3848882487762757 -0.8427262845750336 -0.8809831313163703 -0.5802158890491156 -0.2150651729976607 -0.10371597679116906 -0.9982419217349379 -2.2529420823410446 -3.7238089785994184 -4.520671103406767 -5.167927185266288 -4.797799968825716 -4.002181969115647 -2.837058815513645 -1.9142290246067732 -1.2725715056850087 -0.8585888795653438
0.7264264943683996 1.0303040493788522 1.092821335517134 1.0996640235521689 1.1932844371224318 0.8212910330359406 0.3768273420329349 0.5027950081324573 0.7236272128995207 0.4900427258853446 0.37496115438701594 0.4639160988424811 0.7363794951466334 0.7920540932498792 0.6013919220918362 0.609167703949832 0.8387087843978502 0.802629156576752 0.9062025709252488 0.7811679986486855 0.8838083191742223 0.9609440752055347 0.7214499939792827 0.41695037642019006 0.09161166348167082 -0.1640560440092118 -0.5068125083096406 -1.1447376519395678 -1.1298081507722166 -0.7550154652168479 -0.7394639015008573 -1.2588861296149374 -2.281245928304147 -3.4942678981513997 -4.479614975196553 -4.847876003991205 -4.5859876710139265 -3.796901328064573 -2.759923059482332 -1.778308357729017 -1.1036815237293527 -0.7363535887576593 -0.5428921361307384
0.8943833825010961 0.9600109813825757 0.898426789067253 0.9861376084254392 0.9569006686393768 0.6747953028313107 0.4315688463132208 0.6464914568682083 0.7509979650396641 0.48444416294758863 0.5780645765178507 0.801696062753793 0.9335733230653913 0.6346722684440556 0.5310988540955597 1.0225282675208565 1.2439825348365607 1.044922519271883 1.1015302111980878 1.0632733644567516 1.0225282675208565 1.0791359594470622 0.8340433152830533 0.4735580683463949 0.0682843179076853 -0.1827179204684004 -0.6190947983390913 -1.3652588254323117 -1.35157344936224 -1.2666619114729323 -1.5167310560260585 -2.410323907146868 -3.5626947785017573 -3.916959399952019 -4.408388813377316 -4.082117006615837 -3.2345567840943596 -2.2237051425549827 -1.5966660935262489 -0.7587478405086854 -0.3351232448851067 -0.09873947640205216 -0.16996563822128818
1.2558017232607135 1.0508321134839598 0.9805390454876823 1.4119394229692572 1.3827024831831949 0.6502238321600462 0.40606428181899634 0.7861444990378024 0.898426789067253 0.6365384560899745 0.9236203222871575 1.1257906505950332 0.7665495287556547 0.467648474134319 0.7771245920825285 1.2694870993307843 1.4570389577456293 1.1805321548753192 1.0576748015189947 1.2051036255465846 1.1553386216554147 1.142586339408303 0.897493695244294 0.51461419655661 0.1093404461178995 -0.3593836842820517 -0.9189289467833865 -1.5664960599172275 -1.7472052302970362 -1.9786124983909736 -2.768631935163287 -3.664090973930015 -3.8174293921696805 -4.172005044894262 -3.6827528503892033 -3.0155907669732147 -1.9220048064647686 -1.1319853696924556 -0.6701039273275402 -0.2393256123946057 0.18554310832625287 -0.021603720370739765 -0.09282988218997579
1.5742977481641969 1.2928144449047698 1.132633338630069 1.6592092860535042 1.7490973243319292 1.0144414543885416 0.42472615827818494 0.8340433152830533 1.0156855794858206 0.8377756905748903 1.1257906505950332 1.138542932842145 0.7021660549714541 0.4511638165953693 0.7606399345435779 1.187374842910355 1.3484890430080156 0.9783618265674443 0.7236272128995207 0.9326402292424323 1.0654505833769905 1.1111721807020025 0.9012260705361319 0.5183465718484479 0.002967750300525207 -0.5214309782026718 -1.3378880732921687 -1.924804087933647 -2.461955098683956 -3.251974535456269 -3.9863193741253364 -4.09486928886295 -4.248207707102615 -3.8681274898838094 -3.2118515010690136 -2.1484355741695893 -1.3752118262105455 -0.8427262845750336 -0.4318539711985667 -0.08101069376582304 -0.15721335597417596 -0.3643601846711686 -0.48255206891269564
1.7080411961217141 1.4324674870743639 1.2175448765193764 1.705863977201476 1.901191617474315 1.6268620335242447 1.0293709555558923 0.7419780580843893 0.8446183786099262 0.9892479211686371 1.3612413252551283 1.2449156286595198 0.752864152685583 0.5018619143094973 0.5398077297765145 0.899359882890213 0.9052694771022889 0.5398077297765145 0.28911652267474874 0.5877065460217645 0.8455514724328861 0.9861376084254392 0.7158514310415258 0.2782304280735559 -0.225640236324534 -0.8965346950323605 -1.7655560754819049 -2.4806169751431444 -3.6955051326363155 -4.399368906422042 -4.4413581284552155 -4.478681881373593 -4.119129728259894 -3.6388974407101107 -3.036118831078322 -1.9338239948889213 -1.5568540904133137 -1.1475369334084458 -0.797004687250022 -0.7344874011117404 -0.7276447130767045 -0.3397887139999036 -0.4023060001381853
1.7304354478727406 1.4968509608585645 1.27726288118878 1.5898493118801875 2.047687347678945 2.0312026901399953 1.5761639358101158 1.0595409891649137 0.7948533747187572 1.2079029070154625 1.7714915760829548 1.4501962697105935 1.042745300351644 0.8153814388238647 0.7149183372185668 0.5693557008368959 0.3905127181030066 0.040913565767541904 -0.17991863899952198 0.07232772447384228 0.4511638165953693 0.5771314826948917 0.44712041002921143 0.05055553527145573 -0.49530435115980787 -1.2675950052958918 -2.2423670190141713 -3.1017464299598014 -4.647571863329249 -4.939630229915549 -4.764830653747817 -4.457220723445526 -3.93157786984505 -3.2861879756314476 -2.7658326536944084 -2.3916620306876792 -2.2286816429440997 -2.0420628783522146 -2.1036470706675363 -1.7235668534487307 -0.8427262845750336 -0.14259488608114523 0.04775625380257775
1.5438166832808555 1.526398931918946 1.373060513679281 1.4187821110042922 1.9248299943226206 2.287181428905197 2.089676569712119 1.5351078075999007 0.947258699135463 1.1289009633382312 1.9618427159666778 1.6396143157713565 1.2461597537567988 1.047721800740761 0.900292976713172 0.5839741707299275 0.08290278780071603 -0.3360563387080657 -0.5851923894382325 -0.7724332165787571 -0.41910168895145494 -0.07416800573078719 0.12986851022300705 0.035937065378425004 -0.5323170728038651 -1.5605864657051511 -2.736284682634027 -3.6485394102140245 -5.098567211092971 -5.307580227435882 -4.887688007104141 -4.350536996353832 -3.8174293921696805 -3.4208645174119248 -3.284321787985529 -3.1767049670708754 -3.175771873247916 -3.2336236902714 -3.148401121107773 -2.069433630492358 -0.9609181688165607 -0.29593330432081055 -0.1485044802932216
1.4666809272495431 1.804460891160855 1.707108102298755 1.3662178256442452 1.6582761922305451 2.091853788632358 2.138508479780329 1.8172131734079668 1.0760256467038642 0.9189548531723606 1.9372712452954133 1.7938858278339813 1.378970107891357 1.0623402706337925 0.8203579392129816 0.5534931058465862 0.28911652267474874 0.08290278780071603 -0.15939057489441488 -0.75097205865069 -1.231515377474794 -1.5860910301993756 -1.3018084454710706 -0.7599919656059648 -0.7587478405086854 -1.3661919192552712 -2.602541234676509 -4.276511553065718 -5.786257358614067 -5.8761453968924915 -5.400578578457505 -4.801843375391874 -4.331253057346004 -4.09393619503999 -4.0556793482986535 -3.8818128659538806 -3.60748328200381 -3.2765460061275338 -2.8096880633735015 -1.5907564993141725 -0.8271747208590434 -0.9307481352075393 -1.2647957238270138
1.2586010047295915 1.8837738661124064 1.9431808395074892 1.376792888971118 0.9783618265674443 1.2430494410136008 1.712706665236511 1.8221896737970837 1.4676140210725022 1.1161486810911194 1.713639759059471 1.7304354478727406 1.42282551757045 1.1453856208771809 0.8788318187851054 0.6679526147962758 0.517413478025488 0.45303000424128737 0.08383588162367506 -0.488461663124772 -1.6240368456663923 -2.249209707049207 -2.2501428008721662 -1.7002395078747452 -1.251110347756942 -1.6025756877383253 -1.9823448736828113 -3.4687633336571753 -5.84690845710643 -6.33305033886829 -5.836022362505236 -5.284252881861897 -4.80868606342691 -4.417097689058271 -4.227679642997508 -3.6709336619650506 -3.05571380136047 -2.35838168433546 -1.570539466483385 -0.7929612806838642 -1.111457305587348 -1.540058401600044 -2.094938194986582
1.5310644010337437 2.0859441944202812 1.954066934108683 1.1786659672294002 0.7080756491835309 0.5457173239885904 0.9531682933475398 1.7039977895555571 1.8427177379021913 1.615042845100092 1.4480190507903545 1.5018274612476814 1.521422431529829 1.3114763213639584 1.1690239977254864 0.9668536694176115 0.6250302989401417 0.3640750597858222 -0.26171986414563175 -0.8641874425031006 -1.6728687557346023 -2.0439290659981335 -2.267560552234076 -2.427741658508777 -2.116399352914649 -1.6280802522325497 -1.56245265335107 -2.776407717021282 -5.654380098302468 -6.224811455404996 -6.043169191202229 -5.488289397815691 -4.87306953721111 -4.412121188669154 -3.3144918215945505 -2.3048843051524526 -1.3095842273290659 -0.7335543072887809 -0.4150582823852971 -0.6984077732906426 -1.085952741093124 -1.8946340543246256 -2.424009283216939
2.3689826540513073 2.5537352309972734 1.7957520154799003 1.0234613613438164 0.40233190652715933 0.2362412060403818 0.10623013337470155 0.7391787766155113 1.663874755168302 1.859202395441141 1.5615454659170842 1.5456828709267745 1.5565689655279673 1.472590521461619 1.328894072725868 0.8327991901857734 0.38367003006797074 -0.16218985636329286 -0.7335543072887809 -1.1652657160446749 -1.466966052134889 -1.8165652044703537 -2.300840898586295 -2.4628881925069153 -2.5117201025751252 -2.166164356805818 -1.994164062106964 -2.761789247128251 -4.652548363718366 -4.925011760022518 -5.240397472182804 -5.573200935704999 -4.953315605985621 -3.454144863764144 -2.219661735988825 -0.7851854988258693 -0.07821141229694462 0.044956972333698886 -0.6299808929402846 -1.0088169850618112 -1.9434659643928351 -2.7577458405620936 -4.1474335742229975
2.967717857116938 2.81842284544343 1.9951230623188971 1.1229913691261553 0.4959523200974214 -0.39670743720042845 -0.5282736662377077 0.07015050555360336 1.0554975825987567 1.5556358717050083 1.7372781359077765 1.7441208239428123 1.5379070890687796 1.4520624573565124 1.038079831236847 0.5410518548737935 -0.09003060072109736 -0.6564185512574685 -1.0380539248478735 -1.1749076855485892 -1.371168419644388 -1.6280802522325497 -2.111422852525532 -2.411257000969827 -2.4610220048609963 -3.070332271253501 -3.125073775533787 -3.2460649412441924 -3.618369376605003 -3.8594186142028546 -5.425772111677409 -5.753910106084807 -3.9757443107984627 -2.467864692896032 -1.2694611929418107 0.039047378121622955 -0.057683348191837513 -0.4697997866655834 -1.3378880732921687 -2.2401898000939324 -3.177949092168155 -4.557683825050824 -5.952348059100845
2.956831762515745 2.8806291003073916 2.3730260606174642 1.4803663033196148 0.2685884585696412 -0.6250043925511677 -0.7002739609365616 -0.039021471732648916 0.37091774782085807 0.7295368071115975 1.4511293635335525 1.8738208653341726 1.5593682469968462 0.9724522323553675 0.5584696062357031 0.18461001450329295 -0.4228340642432924 -0.821265126646967 -1.116433805976465 -1.1708642789824313 -1.3173600091870612 -1.6007095000924068 -1.783284858118134 -2.083119006562429 -2.4025481252888725 -3.2267810022363643 -3.7567782936773177 -3.8544421138137377 -3.806854328842807 -3.774507076313547 -5.4901555854616095 -5.449410488525714 -3.669067474319132 -1.6660260676995664 -0.5528451369089722 -0.22657333014749348 -0.8221982204699265 -1.420000329712598 -2.2902658352594214 -3.2637937238804215 -4.4677957867724 -5.850640832398268 -6.879843319122513
2.659174832991688 2.961808262904862 2.5584007001120703 1.6806704439815716 0.4287695648443428 -0.3693366850602855 -0.3643601846711686 -0.13761838569202833 -0.21786445446653868 -0.12206682197603769 0.8299999087168954 1.4862758975316908 1.3164528217530753 0.662043020584199 0.1678143256900233 -0.15721335597417596 -0.583948264340953 -0.8996450077755584 -1.113323493233267 -1.2256057832627176 -1.378011107679424 -1.471631521249686 -1.5792483421643397 -1.689664444547872 -1.966793309966821 -2.694295460600853 -3.4883583039393233 -4.2929962106046675 -4.453177316879369 -4.12597241629493 -4.587853858659845 -4.655347645187244 -3.318535228160708 -1.2392911593327893 -0.7267116192537451 -0.9220392595265849 -1.6377222217364635 -2.261650958021999 -3.0917934291815676 -4.190355890079131 -5.402444766103423 -6.401477219218648 -7.298802445631296
2.2626099582339325 2.8740974435466757 2.870054036980518 2.0613727237490167 0.9071356647482078 0.11898241562181333 -0.1348191042231499 -0.13295291657723096 -0.3506748086010969 -0.2393256123946057 0.1951850778301667 0.752864152685583 0.8231572206818596 0.40326500035011836 -0.129842603834033 -0.4999698202746048 -0.9015111954214774 -1.1982350311225747 -1.3378880732921687 -1.3584161373972758 -1.445504894206822 -1.4551468637107363 -1.5350819012109271 -1.6983733202288263 -1.9950971559299235 -2.6134273292777026 -3.5353240263616144 -4.315390462355694 -4.654414551364285 -4.182580108221136 -3.93157786984505 -3.5430998082196097 -2.554642418431259 -1.4346187996056288 -1.0732004588460118 -1.6815776314155566 -2.128840603887441 -2.6544834574879173 -3.5088863680444304 -4.575412607687054 -5.566358247669963 -6.453108410755736 -6.9737747639670955
2.242081894128825 3.489317304151257 3.4199573299779393 2.584838358429254 1.4082070476774193 0.40824150073923526 -0.050840660156801665 -0.07727831847398559 -0.15534716832825746 -0.5099228210528386 -0.6016770469771822 -0.07230181808486869 0.13577810443508298 -0.05270684780272061 -0.4620240048075881 -0.84863587878711 -1.0744445839432908 -1.2794141937200445 -1.6806445375925971 -1.8800155844315944 -1.9425328705698761 -1.8974333357935036 -1.9580844342858663 -2.168030544451737 -2.521673103353359 -3.028343049220327 -3.597841312499896 -3.8192955798155994 -4.330008932248725 -4.131882010507007 -3.213095626166293 -2.261650958021999 -1.520463431317896 -1.1347846511613335 -1.3332226041773714 -1.9882544678948877 -2.446403534967965 -3.028343049220327 -3.829248580593833 -4.7247076193605615 -5.4416347066677195 -5.892630054431441 -6.2148584546267625
2.242081894128825 3.77546607652548 3.823053861496411 2.967717857116938 1.7500304181548882 0.5027950081324573 -0.2676294583577081 -0.5761724824829582 -0.851746191530308 -1.4678991459578485 -0.6729032087964182 -0.13388601040019044 -0.41319209473937857 -0.6847223972205709 -0.944433511277611 -1.2383580655098299 -1.376144920033505 -1.5683622475631465 -1.9677264037897804 -2.3048843051524526 -2.5272716662911154 -2.6162266107465806 -2.6554165513108767 -2.7170007436261985 -2.984487639541234 -3.478716334435409 -3.836091268628869 -3.776373263959466 -3.536257120184574 -3.293963757489443 -2.7042484613790867 -1.8535779261144105 -0.9951316089917399 -0.5323170728038651 -0.8859596317054872 -1.8174982982933128 -2.592899265172595 -3.2022095315650994 -3.912293930837222 -4.605582641296075 -5.14957634008142 -5.524369025636789 -5.886720460219365
