static/data/ASCData/20210129/ASCV/06.asc
ncols 97
nrows 97
xllcorner 99.0
yllcorner 2.0
cellsize 0.25
NODATA_value -32767
[rows 19 to 37 of 97, columns 43 to 85 of 97]
0.32912056723993377 0.8046968036399154 1.1463607840009553 0.7831081455401794 0.07130818645468118 -1.0234557945739615 -2.0547053177149746 -2.973631242916781 -3.501145410397287 -3.879103366694115 -4.440408477287251 -4.7276314937446084 -4.546161614065668 -4.3740781074735695 -4.285220442251467 -4.358434152328833 -4.672877650738032 -4.90722409880618 -5.105589450041436 -5.265783550723535 -5.461958748238528 -5.638735441374047 -5.813634859892199 -6.125262446375344 -6.356480103414546 -6.74413731190111 -7.236296140754511 -7.682774620585285 -7.973752186277379 -8.122056881049478 -8.168050109175002 -7.767564857469755 -7.013839098596362 -5.591803575939839 -3.9269738694370075 -3.140708683862564 -3.210167844705193 -3.1923337358401938 -3.4395082271270265 -3.8847351905462197 -4.449481971271198 -5.1875637749998535 -6.1750102237356055
0.3065932718315141 0.5400010825909787 0.5897488599512402 -0.3839309082571436 -1.5487798083342041 -2.535287619761272 -3.380061197577029 -4.166952141357261 -4.695404946146452 -5.071485627825911 -5.178803160118802 -4.823372499230394 -4.592780600396982 -4.446353180242251 -4.4638744100043555 -4.6806996283104 -4.961039304504073 -5.129055382758541 -5.291126758058008 -5.440682969241687 -5.5724050715603655 -5.757003742268253 -5.998233530600086 -6.26668380088376 -6.557661366575854 -6.958146618281102 -7.418078899536347 -7.7491049903989655 -7.973752186277379 -7.997218118994483 -7.539163112356606 -6.9231041587568924 -5.796113630130094 -4.459181223460934 -3.9238450784080605 -3.880042004002799 -3.898501871073588 -3.95826177972648 -4.161320317505156 -4.467003201033303 -4.992327214793546 -5.677845329235888 -6.420933198610859
0.10353473405283697 0.0847619878791539 -0.3010179459900417 -1.6241836721318332 -2.746168135112316 -3.486440092561235 -4.369384920930148 -5.029559828038018 -5.438492815521423 -5.583042961058786 -5.346819238373269 -4.781446699442501 -4.418194060981725 -4.475763815914355 -4.705104198336188 -4.984505237221177 -5.233557003125378 -5.368407896473005 -5.530479271772473 -5.637796804065363 -5.711010514142728 -5.95411757709193 -6.221942089169814 -6.516674204096645 -6.868350315750316 -7.280412094262669 -7.58515634048213 -7.847661907810805 -7.974690823586062 -7.774448197733438 -7.07923083110136 -6.152482928327185 -5.380923060588794 -4.753913338387766 -4.497039594911196 -4.559615415490141 -4.541155548419352 -4.527388867891984 -4.728570131053293 -5.078368968089595 -5.531417909081156 -6.129016995610081 -6.7685418819268985
0.2596614063973055 -0.19839360024057218 -1.0644429570531702 -2.7968545497812616 -3.7746017463272765 -4.430709225097514 -4.975744622340125 -5.651563484592731 -5.420971585759318 -5.265783550723535 -5.0010878296745975 -4.572443458708825 -4.40255010583699 -4.711048901291188 -5.012664356481703 -5.2773600775306395 -5.50982925098142 -5.6406127159914154 -5.778279521265095 -5.873081889442196 -5.98728276199877 -6.210991320568499 -6.474748404308752 -6.788253265409266 -7.140868014371621 -7.483470632041344 -7.732522397945546 -7.94934761625159 -7.835146743695015 -7.4512440844431875 -6.719732741875321 -5.944418324902193 -5.304893438585376 -5.195385752572222 -5.149392524446697 -5.048958332417491 -4.971677194002494 -5.01579314751065 -5.206023642070643 -5.626220277258258 -6.158427631282185 -6.679684216704796 -7.13085588307899
-0.49813178081371845 -1.0528664302460653 -2.3350449939086477 -3.9035079367199033 -4.658172332901979 -5.082123517324332 -5.627158914566943 -5.357457127871689 -5.126239470832488 -4.769557293532501 -4.5821427108985615 -4.559615415490141 -4.7345148340082925 -5.080246242706964 -5.40845642164353 -5.672839263589572 -5.845861407490355 -5.977583509809034 -6.087091195822188 -6.157488993973501 -6.356480103414546 -6.539201499505065 -6.812657835435054 -7.137739223342674 -7.491292609613713 -7.750982265016335 -8.00097266822922 -7.903354388126065 -7.697479938421337 -7.232541591519775 -6.575182596337958 -5.942541050284825 -5.6690847143548355 -5.559577028341682 -5.507951976364052 -5.407204905231951 -5.4269162887143185 -5.528289118052209 -5.774524972030358 -6.178764772970342 -6.674991030161376 -7.0567035356929395 -7.508813839375817
-1.526565392028679 -1.9386271705410314 -3.0606116335215146 -3.963893603578585 -4.298048485470151 -4.80585126946829 -5.565521731296681 -5.2961328237043235 -4.826188411156447 -4.490469133750407 -4.547100251374352 -4.787078523294606 -5.153459952784329 -5.539239886653524 -5.861505362635091 -6.10179651365824 -6.275444415764812 -6.356480103414546 -6.467865064045068 -6.508852226524277 -6.74413731190111 -6.967845870470838 -7.295117412098721 -7.625204865652655 -7.878011180791592 -8.137700836194213 -8.16992738379237 -8.005978733875535 -7.709056465228441 -7.221903702021354 -6.626181890109798 -6.210052683259814 -5.958185005429561 -5.842732616461408 -5.791107564483778 -5.868388702898775 -5.91907511756772 -6.168126883471921 -6.474748404308752 -6.795136605672949 -7.049820195429255 -7.3927356922018745 -7.623014711932392
-1.0713262973168542 -1.4189349806328937 -2.0362454506441856 -2.3009411716931227 -2.9191902790130992 -4.771747447252765 -5.498252724174316 -5.006093895320913 -4.497039594911196 -4.621252598760402 -4.729508768361977 -5.162220567665381 -5.628097551875626 -6.046104033342979 -6.359608894443493 -6.593016705202958 -6.724738807521637 -6.795136605672949 -6.849577569576632 -6.884932908203736 -7.178726385821882 -7.54010174966529 -7.876133906174225 -8.159289494293951 -8.374237437982625 -8.4055253482721 -8.3876912394071 -8.21685924922658 -7.873005115145277 -7.3176447075071405 -6.8702275903676835 -6.499152974334541 -6.301726260407969 -6.188464025160078 -6.172820070015343 -6.25010120843034 -6.512919654861909 -6.841755592004263 -7.092058874320044 -7.315454553786878 -7.521641882594501 -7.6377200297684436 -7.813558085595279
-0.26660124467162216 -0.8876662639176507 -1.4179963433242095 -1.8212975069555095 -3.2383269639657186 -5.064602287562227 -5.245133529932483 -4.6806996283104 -4.525511593274616 -4.779256545722238 -5.193508477954854 -5.770770422795621 -6.189715541571657 -6.66998496451506 -6.954079189943471 -7.1220952681979375 -7.251001458590564 -7.295117412098721 -7.299810598642141 -7.4240236024913475 -7.7491049903989655 -8.151467516721581 -8.478739058349465 -8.717778692961033 -8.803820446257085 -8.779415876231294 -8.645503620192352 -8.441506445104991 -7.993150690656851 -7.477525929086345 -7.086114171365044 -6.663101624251376 -6.487263568424541 -6.4540983835176995 -6.4756870416174355 -6.645580394489272 -6.9640913212361015 -7.258823436162932 -7.475648654468976 -7.692473872775021 -7.751920902325018 -7.760994396308965 -7.794159581215807
-0.4415006631897733 -1.0284618602202769 -1.4883941414755224 -2.5431095973336397 -4.279275739296468 -5.2188516852893265 -4.966045370150389 -4.585897260133298 -4.784262611368554 -5.275482802913272 -5.802996970393778 -6.404350606157439 -6.856460909840316 -7.281350731571353 -7.4728327425429235 -7.570451022646078 -7.625204865652655 -7.663063237102916 -7.768816373881334 -8.01880677709422 -8.360470757455259 -8.730606736179718 -9.044111597280232 -9.15455792060207 -9.174895062290226 -9.14454578930944 -8.983413051318657 -8.627982390430248 -8.173994812130003 -7.670885214675285 -7.128978608461622 -6.814535110052423 -6.742260037283741 -6.755088080502425 -6.877110930631368 -7.103635401127148 -7.331098508931614 -7.528525222858185 -7.741283012826598 -7.8301406780487 -7.903354388126065 -8.04602725904606 -8.059793939573428
-0.9787140828600158 -1.4336402984689456 -1.9658476524928723 -3.9657708781959533 -5.196324389880906 -5.152521315475645 -4.895647571999076 -4.9015922749540755 -5.258900210459851 -5.9024925251143 -6.5194901160226975 -7.017593647831099 -7.4143243503016105 -7.672136731086864 -7.776325472350807 -7.817625513932911 -7.831079315357384 -7.92682032084317 -8.224681226798948 -8.580111887687355 -8.942425888839447 -9.174895062290226 -9.431768805766797 -9.53345451420758 -9.51280449341653 -9.409241510358376 -9.19836099500733 -8.758765855440242 -8.214043337300527 -7.594855592671866 -7.179665023130567 -6.978483759969259 -7.009771670258731 -7.152444541178726 -7.35738035357477 -7.526335069137922 -7.643664732723444 -7.812619448286595 -7.876133906174225 -7.833269469077647 -7.871127840527908 -7.73346103525423 -7.441544832253451
-1.4230024089705249 -2.1876789364452325 -3.1447761122001956 -5.2188516852893265 -5.471658000428264 -5.315531328083797 -5.241378980697746 -5.394689741116162 -5.831156089654303 -6.4728711296913835 -7.018532285139783 -7.464072127661872 -7.772570923116071 -7.866434653984488 -7.947470341634221 -7.940587001370538 -7.98251280115843 -8.230625929753948 -8.586056590642354 -9.013762324299444 -9.401419532786008 -9.627944003281788 -9.797837356153625 -9.874179857259936 -9.745273666867309 -9.548785590249423 -9.14266851469207 -8.65927030071972 -8.066364400734217 -7.457188787398188 -7.238486294474775 -7.296994686716088 -7.4208948114624 -7.6905965981576525 -7.892716498627644 -8.037266644165008 -8.190577404583422 -8.252214587853683 -8.20434408511079 -8.106412925904742 -7.919936980579486 -7.709056465228441 -7.15932788144241
-2.5947346493112695 -3.9826663497522685 -5.318347240009849 -6.090845745056924 -5.97664487250035 -5.6690847143548355 -5.578349774515365 -5.854622022371407 -6.301726260407969 -6.844884383033211 -7.304816664288457 -7.708117827919757 -7.906483179155012 -7.993150690656851 -8.003162821949482 -8.026628754666588 -8.229687292445263 -8.516597429799726 -8.987480479656288 -9.463056716056268 -9.806597971034677 -10.050956550395457 -10.220849903267293 -10.130114963427822 -9.958970094144409 -9.485584011464688 -9.02346157648918 -8.427739764577623 -7.892716498627644 -7.45531151278082 -7.458127424706872 -7.618321525388971 -7.940587001370538 -8.207159997036843 -8.492192859773937 -8.684613508054193 -8.76783934942419 -8.779415876231294 -8.739367351060771 -8.662086212645773 -8.59106265628867 -8.631111181459195 -7.904293025434749
-4.229527961936206 -5.865259911869828 -6.832056339814528 -6.751020652164794 -6.100544997246661 -5.82239547477325 -5.904369799731668 -6.18189356399929 -6.575182596337958 -7.064525513265308 -7.439667557636083 -7.79509821852449 -7.915243794036065 -8.009733283110272 -8.038205281473692 -8.225619864107632 -8.431807192915254 -8.918959956122343 -9.403296807403375 -9.8644806050702 -10.167973334878084 -10.404509936666496 -10.51276610626807 -10.383859915875444 -9.939571589764935 -9.464933990673636 -8.872028090688133 -8.287257047377892 -7.924004408917117 -7.688719323540284 -7.860489951029487 -8.126124309387109 -8.451205697294728 -8.843868971427607 -9.129840471473386 -9.341972503236011 -9.400480895477322 -9.463995353364954 -9.42676274012048 -9.367315710570484 -9.25780802455733 -9.051933574852601 -7.123033905506622
-5.614330871348258 -6.927797345300313 -7.304816664288457 -6.952201915326102 -6.348658125842178 -6.057680560150084 -6.139654885108501 -6.392774079350334 -6.786375990791898 -7.157450606825041 -7.5382244750479215 -7.798852767759227 -7.919936980579486 -8.039143918782376 -8.174933449438686 -8.364225306689995 -8.827286378974188 -9.315690658592853 -9.764672171246783 -10.179862740788083 -10.49618351381465 -10.73459739022043 -10.779339101934376 -10.4160864634736 -9.970859500054406 -9.42676274012048 -8.834169719237872 -8.4824936075842 -8.20622135972816 -8.16523419724895 -8.42085642431394 -8.646442257501036 -8.928972087414973 -9.320383845136273 -9.631072794310736 -9.842891946970465 -9.95709281952704 -10.043134572823089 -9.926743546546252 -9.834131332089413 -9.519687833680214 -8.102658376670005 -6.168126883471921
-6.507913589215592 -7.107389950361886 -7.365202331147138 -7.129917245770306 -6.657469800399271 -6.308609600671653 -6.286395184366127 -6.541078774122433 -6.886810182821105 -7.249124183973196 -7.639910183488707 -7.860489951029487 -8.057603785853164 -8.202153931390527 -8.36328666938131 -8.734361285414455 -9.197422357698647 -9.659231913571261 -10.101642965064402 -10.46301832890781 -10.820326264413584 -11.04591209760068 -10.976765815860947 -10.564704037348594 -9.971798137363091 -9.425824102811795 -9.059755552424967 -8.769716624041559 -8.737490076443402 -8.75594994351419 -8.948370591794447 -9.022522939180497 -9.300046703448118 -9.509988581490477 -9.821303288870729 -9.904529130240725 -10.053772462321508 -9.980558752244143 -9.772494148819153 -9.450228672837586 -8.384875327481048 -6.715978192640584 -4.743275448889345
-6.515735566787961 -7.060770964030572 -7.3586318699863495 -7.1464998382237255 -6.73756685074032 -6.5507780263121695 -6.48851508483612 -6.658408437707955 -6.979735276380838 -7.431845580063715 -7.819502788550279 -8.094836399097638 -8.339820736664207 -8.457150400249727 -8.690558211009193 -9.080092694113127 -9.546908315632056 -9.999018619314931 -10.385737190492812 -10.769639849744639 -11.125070510633048 -11.267743381553041 -11.185769056594623 -10.725836775339378 -10.13199223804519 -9.619183388400735 -9.26187545289496 -9.135785174428387 -9.205244335271015 -9.254992112631276 -9.341033865927326 -9.346665689779432 -9.388904368670218 -9.55379165589574 -9.494344626345741 -9.542215129088634 -9.12608592223865 -8.91019934124129 -8.433684467532624 -7.3517485297226655 -5.933780435403772 -4.493285045676459 -2.8234492735273133
-6.635881142299535 -6.748204740238741 -6.9180980931105776 -6.961901167515839 -6.84081695469558 -6.652463734752955 -6.679684216704796 -6.896509435010841 -7.271651479381616 -7.7031117622734415 -8.108603079625006 -8.427739764577623 -8.586056590642354 -8.727790824253665 -8.963075909630497 -9.280335319965749 -9.732445623648626 -10.24118704495545 -10.638856384734645 -11.00680220973884 -11.318429796221988 -11.461102667141981 -11.424808691206193 -10.94047183992516 -10.31064620579808 -9.812542673989675 -9.53533178882495 -9.452105947454953 -9.462118078747585 -9.520626470988898 -9.583202291567844 -9.458989287718637 -9.408302873049692 -9.22871026798812 -8.975591073746287 -8.4055253482721 -7.709056465228441 -6.680622854013481 -5.645618781637731 -3.975783009488585 -2.212083506471021 -1.0372224751013293 -0.753128249672919
-6.533256796550065 -6.553906817341117 -6.639635691534272 -6.756965355119794 -6.784185837071634 -6.831117702505844 -6.967845870470838 -7.219713548301092 -7.579211637527131 -8.01755526068264 -8.446512510751308 -8.656454388793668 -8.75782721813156 -8.935542548575762 -9.163318535483121 -9.465872627982321 -9.882001834832305 -10.404509936666496 -10.962999135333579 -11.408226098752774 -11.445458711997244 -11.444520074688562 -11.42387005389751 -10.972698387523316 -10.334112138515183 -9.795960081536256 -9.488399923390741 -9.390781643287587 -9.413308938696007 -9.550975743969687 -9.54127649177995 -9.356677821072061 -9.116386670048914 -8.693374122935246 -8.06260985149948 -7.223780976638723 -6.052987373606663 -4.488278980030144 -2.904484961177047 -1.333206106439739 0.268422021278357 0.9658295416306988 0.5750435421151874
-6.249162571121655 -6.352725554179809 -6.581127299292959 -6.730683510476637 -6.912153390155577 -7.1192793562718855 -7.304816664288457 -7.586094977790815 -7.968746120631063 -8.37110864695368 -8.66114757533709 -8.766587833012611 -8.97371379912892 -9.135785174428387 -9.336966437589695 -9.674875868715997 -10.077238395038613 -10.566581311965962 -11.173879650684624 -11.595953560489608 -11.428876119543824 -11.244277448835938 -11.160112970157256 -10.784345167580693 -10.194568058624135 -9.667992528452313 -9.37513768814285 -9.356677821072061 -9.467749902599689 -9.504043878535477 -9.378892237377588 -9.117325307357596 -8.644564982883669 -8.049781808280796 -7.204069593156355 -6.1193177434203445 -4.467003201033303 -2.4736504364910106 -0.6495652666147653 0.5409397198996624 1.5027300821980472 1.3484806844709478 0.3094091837575661
