static/data/ASCData/20210129/ASCV/12.asc
ncols 97
nrows 97
xllcorner 99.0
yllcorner 2.0
cellsize 0.25
NODATA_value -32767
[rows 19 to 37 of 97, columns 43 to 85 of 97]
2.2684587976306867 1.4619041860704804 1.2137335363596478 0.9812271232023457 0.7127851085398857 0.34360055290570113 -0.044012516320871775 -0.4374612815183676 -0.7648745396764709 -1.2277373727386305 -1.752028584442085 -2.2901411813398314 -2.591754520468591 -2.8605036770242576 -3.0684387387250416 -3.213102570425292 -3.5644728962535006 -3.667058288584464 -3.691629640040982 -3.7902221877602607 -4.077092716015109 -4.415255940435439 -4.664962299612305 -4.992375557770408 -5.288153200928244 -5.637680675397214 -5.896601291370274 -6.023450893264548 -5.989358143118629 -6.158286184382192 -6.366221246082976 -6.277457238946304 -6.011779501322702 -5.274638957627159 -4.615205312912855 -4.053749932131417 -3.740158059167605 -3.483387436446991 -3.5850514030983343 -3.651394052030933 -4.072485587617012 -4.832968915196247 -5.977686751176783
1.2674833676707813 0.6657923988792946 0.5205142833926315 0.14457260610790446 -0.3182902269542547 -0.7568888504531026 -1.2179088321560232 -1.6135075906059644 -2.049956220852367 -2.491319121390073 -2.820268089014209 -3.024517447996516 -3.249959597610069 -3.362373530523639 -3.537137267758124 -3.8964932828097014 -4.2364993585892705 -4.132992540578687 -4.106578337762931 -4.21991369635612 -4.4502701162609775 -4.770619110875332 -5.103560923111152 -5.4122385257836605 -5.6484306416594405 -5.84377288573876 -6.044950825789002 -6.048022244721066 -5.961101088943634 -5.895679865690655 -5.4933239855901705 -5.184646382917662 -4.5295127247082485 -3.85564341101324 -3.7198866942159774 -3.7109795793129896 -3.757050863293961 -4.062657047034405 -4.225749392327043 -4.509855643543034 -4.99913267942095 -5.748251756951546 -6.429799617976716
0.2674293633904954 -9.122559234508998e-05 -0.10851231389423166 -0.7003747421031106 -1.2833300554090026 -1.812535537403761 -2.2081342958537022 -2.531247567506915 -2.8856893122671883 -3.2462738948915915 -3.5107230649423675 -3.7011510387303823 -3.813564971643953 -3.8713076475667703 -3.981571587227895 -4.290249189900404 -4.477605744756354 -4.277349230385732 -4.23742078426889 -4.500948528640047 -4.928797185876667 -5.340060180880139 -5.598673654959992 -5.884929899428427 -6.0811935691873655 -6.193300360207729 -6.108529197682742 -5.816437257243384 -5.473666904424956 -5.077146720295396 -4.641619515728612 -4.230663662618348 -3.97850016829583 -3.799743586449661 -3.8547219853336205 -4.05958562810234 -4.339084750920233 -4.624112427815843 -4.910368672284279 -5.250989031850261 -5.642594945688518 -6.184700387197948 -6.726498686814172
-0.4804611465672739 -0.7823816275892401 -1.0548164868633845 -1.8066998414328377 -2.2852269110485275 -2.694339912799554 -2.792011034839213 -3.0761172860552035 -3.368209226494562 -3.6603011669339214 -3.88789330979992 -4.0380856955778865 -4.225749392327043 -4.461020082523205 -4.5295127247082485 -4.534119853106346 -4.619198157524539 -4.629026698107147 -4.678783684806596 -5.00005410510057 -5.504995377532016 -5.866194243942832 -6.1152863193332845 -6.35362842846151 -6.293121475499834 -6.263635853752012 -5.84469431141838 -5.449402694861645 -4.746047759418814 -4.2705921087351895 -4.048835661840114 -3.9327360262080653 -3.877143343537693 -4.137906810869992 -4.330177636017245 -4.541184116650094 -4.81269755024462 -4.994218409129647 -5.242389058840479 -5.593759384668688 -5.985365298506945 -6.393556874578352 -6.767655700503839
-1.2501587309427031 -1.6122790230331385 -2.153463038862949 -2.7130755682851486 -2.987353278918532 -3.035267414258742 -3.133859961978021 -3.257023861153818 -3.5488086596999704 -3.8799076205765513 -4.107499763442551 -4.272434960094428 -4.573434015436774 -4.835118908448692 -4.883954469468522 -4.888868739759825 -4.873204503206296 -4.8830330437889025 -5.243310484520099 -5.601745073892056 -6.06952217724552 -6.249200184771308 -6.485392300647089 -6.41812822603487 -6.356392705500369 -5.928851190156953 -5.508988222143701 -4.927875760197048 -4.26967068305557 -4.020578607665118 -4.020578607665118 -4.02825715499528 -4.247249324851497 -4.508934217863414 -4.6864622321367575 -4.897468712769607 -5.010804071362797 -5.1533179098106014 -5.394731437870892 -5.752858885349642 -6.129107704527576 -6.441471009918562 -6.8146484101644305
-1.5204435969644021 -1.924949470317331 -2.5155833309533846 -2.730582656197918 -2.6347543855174975 -2.727511237265853 -3.2432024759595266 -3.3663663751353234 -3.7033010319828277 -4.07432843897625 -4.319427669755019 -4.543026968009333 -4.867368807235372 -4.986539861799485 -5.013875490294861 -4.976711321216878 -4.961047084663347 -5.34866015388992 -5.781423081417845 -6.2227859819555515 -6.592891963269355 -6.625141862056035 -6.568320611812837 -6.395706867830797 -5.920865500933585 -5.492402559910551 -5.090046679810067 -4.491427129950646 -4.282263500677035 -4.20517088548221 -4.240185061307748 -4.359356115871861 -4.586948258737859 -4.74727632699164 -4.924804341264983 -5.122296578596748 -5.1984677681119535 -5.406402829812738 -5.708016168941497 -6.118357738265349 -6.417206800355251 -6.681655970406027 -6.968833640554082
-1.1445019196796755 -1.4258438938568077 -1.8389497402195176 -1.869356787646959 -1.8555354024526673 -2.7130755682851486 -3.3095451248921255 -3.600715639651865 -3.957000235771377 -4.34983471718246 -4.560534055922102 -4.825290367866085 -5.077146720295396 -5.1192251596646825 -5.033225429566869 -5.049811091800019 -5.370160086414374 -5.815515831563764 -6.3742069353063435 -6.854576856281272 -7.027497742156519 -6.866248248223119 -6.59688480788104 -6.0870292651582885 -5.588845114377385 -5.141646517868756 -4.738369212088652 -4.5596126302424835 -4.433684454027828 -4.410341670144136 -4.572205447863949 -4.6846193807775185 -4.784133354176417 -4.944461422430198 -5.109396619082076 -5.313645978064382 -5.5802451413676035 -5.888615602146905 -6.2286216779264745 -6.738477220649225 -7.0225834718652145 -7.142675952108947 -7.430775047936622
-0.6837890798699613 -1.088909237009303 -1.3954368464293663 -1.7511071587624656 -2.413305080515628 -3.279445219357891 -3.6200655789238727 -3.878986194896932 -4.250013601890355 -4.5841839816990015 -4.853547422041081 -5.186489234276901 -5.297981741510852 -5.222731977675265 -5.135810821897833 -5.344667309278236 -5.781423081417845 -6.320457103995211 -6.8711625185144225 -7.146668796720631 -7.140833100749708 -6.8429054643394265 -6.38587832724819 -5.9033584130208165 -5.435581309667353 -5.0157183416541 -4.823447516506846 -4.761711995972345 -4.680626536165835 -4.782290502817179 -4.914975800682376 -4.950297118401121 -5.051961085052464 -5.162225024713589 -5.304738863161394 -5.504073951852397 -5.82626579782599 -6.1444647991879 -6.554806368511752 -7.22959710788638 -7.543188980850192 -7.545031832209431 -7.575131737743666
0.35035767455624356 -0.17209068578797204 -0.8662313644346078 -2.2394627689607627 -3.5392872610105695 -4.082006986306412 -4.115178310772713 -4.258920716793343 -4.635783819757689 -4.93555430752721 -5.182803531558423 -5.475509755784195 -5.504073951852397 -5.41315995146328 -5.407324255492357 -5.720916128456169 -6.244285914480004 -6.734484376037541 -7.038247708418745 -7.115340323613571 -7.040090559777984 -6.668141727104942 -6.135864826178119 -5.6730019931159585 -5.367395809375515 -5.243310484520099 -5.162225024713589 -5.024625456557088 -5.043053970149477 -5.164067876072828 -5.1738964166554355 -5.44448842457034 -5.610345046901838 -5.632766405105911 -5.679759114766501 -5.849608581709683 -6.0606150623425314 -6.234457373897397 -6.582141997007128 -7.176768702254866 -7.57912458235535 -7.73945265060913 -7.69245994094854
-0.011762617534191833 0.025401551543792422 -1.090752088368542 -3.680879673778755 -4.579269711407697 -4.422013062085981 -4.408191676891691 -4.607526765582693 -4.889790165439445 -5.183724957238042 -5.463838363842349 -5.7863373517091485 -5.856672845253431 -5.696344776999651 -5.772515966514858 -6.17671469797458 -6.7314129571054755 -7.144518803468186 -7.218847141624153 -7.0849332761861294 -6.862255403611434 -6.486313726326708 -6.063686481274597 -5.729516101465951 -5.465988357094794 -5.388895741899969 -5.3858243229679035 -5.392581444618447 -5.471824053065717 -5.574409445396681 -5.919022649574346 -6.199443198071859 -6.259950151033535 -6.3057142931213 -6.299878597150377 -6.299878597150377 -6.315542833703907 -6.406456834093024 -6.537299280598983 -6.959005099971474 -7.4267822033249375 -7.451353554781456 -7.128854566914656
-0.5323681265191684 -0.8075672628321713 -2.1494701942512653 -4.479448596115593 -4.808704705632935 -4.693526495680507 -4.83788318548755 -5.057796781023387 -5.168060720684513 -5.441417005638276 -5.7617660002526305 -6.1134434679740455 -6.252885887489786 -6.245207340159624 -6.40154256380172 -6.827241227785896 -7.2870326419159905 -7.401596568082006 -7.338939621867885 -7.026576316476899 -6.747077193659006 -6.3837283339957445 -6.03727227845884 -5.776508811126542 -5.635837824037975 -5.573180877823854 -5.654266337630364 -5.755930304281708 -6.017615197293625 -6.3057142931213 -6.737248653076399 -6.941498012058705 -7.081247573467651 -7.0849332761861294 -7.006919235311685 -6.8711625185144225 -6.890819599679636 -6.752912889629929 -6.767655700503839 -7.086161843758955 -7.394532304538258 -7.456267825072759 -7.2170042902649145
-1.7188572599757856 -3.048781657559827 -4.496034258348742 -5.215974856024722 -5.309653133452698 -5.23532479529673 -5.313645978064382 -5.410088532531216 -5.517588195153482 -5.7617660002526305 -6.057543643410467 -6.4383995909864975 -6.632820409386197 -6.724655835454933 -6.980505032495928 -7.362282405751578 -7.563460345801819 -7.636867258278167 -7.311603993372509 -6.956240822932616 -6.657391760842715 -6.41812822603487 -6.125114859915891 -5.958029670011569 -5.854522852000986 -5.953115399720265 -6.072286454284378 -6.362228401471292 -6.6954773556003175 -7.122097445264114 -7.4872891562866135 -7.714881299152612 -7.876130793086013 -7.867223678183024 -7.882887914736555 -7.844802319978951 -7.724709839735219 -7.561617494442581 -7.557624649830896 -7.59478881890888 -7.7569597385219 -7.762795434492823 -7.41695366274233
-3.214945421784531 -4.961047084663347 -5.927929764477334 -5.785108784136323 -5.565502330493692 -5.55782378316353 -5.737501790689318 -5.833944345156152 -5.902436987341197 -6.099622082779755 -6.355471279820749 -6.711141592153848 -6.899419572689418 -7.1377616818176435 -7.39084660181978 -7.626117292015941 -7.827295232066183 -7.713959873472993 -7.389618034246954 -6.999240687981523 -6.688413092056569 -6.477713753316927 -6.322299955354449 -6.198214630499033 -6.252885887489786 -6.352707002781891 -6.635891828318261 -6.944262289097564 -7.316518263663813 -7.705052758570005 -8.045058834349573 -8.258829592021282 -8.414243389983758 -8.601599944839709 -8.620335600325303 -8.743192357607894 -8.636921262558452 -8.728449546733984 -8.686678249257902 -8.595764248868786 -8.398579153430228 -8.193408368768303 -6.740320072008464
-4.492348555630265 -5.853601426321367 -6.089793542197147 -5.802923013942299 -5.718766135203724 -5.929772615836573 -6.1094506233623616 -6.199443198071859 -6.267628698363697 -6.430721043656336 -6.707148747542164 -6.954090829680171 -7.179840121186931 -7.462103521043682 -7.742216927647989 -7.977487617844149 -7.9464662866302955 -7.8331309280371055 -7.520460480752913 -7.121176019584494 -6.86440539686388 -6.725577261134553 -6.6045633552112015 -6.594734814628594 -6.650327497298965 -6.870241092834803 -7.154347344050793 -7.463024946723301 -7.826373806386563 -8.084987280466416 -8.355579288381321 -8.53617872158673 -8.70418533717067 -8.892770459599447 -9.202369487951575 -9.326147670913786 -9.511661374410497 -9.678746564314821 -9.552818388100164 -9.449311570089582 -9.081969865814637 -8.027551746436805 -6.566477760453598
-5.392581444618447 -5.862508541224354 -5.852680000641747 -5.775587385446922 -5.919944075253966 -6.1094506233623616 -6.3419570365196645 -6.431642469335955 -6.540063557637841 -6.7218915584160746 -7.039169134098365 -7.225604263274695 -7.545031832209431 -7.8653808268237855 -8.13873711177755 -8.209994031001452 -8.179894125467218 -7.989466151679202 -7.6857028192979975 -7.348768162450493 -7.180761546866551 -7.134690262885579 -7.072340458564664 -7.060669066622818 -7.124247438516559 -7.3438538921591885 -7.620281596045018 -7.915137813523234 -8.199244064739226 -8.370322099255233 -8.554914377072324 -8.642756958529375 -8.839020628288313 -9.109305494310014 -9.418904522662142 -9.720825003684109 -9.99510271431749 -10.097688106648453 -10.030424032036235 -9.864260267811531 -9.191619521689349 -8.002980394980288 -5.705251891902639
-5.436502735346973 -5.750094608310785 -5.729516101465951 -5.722758979815408 -5.915029804962662 -6.2267788265672355 -6.472799483025623 -6.594734814628594 -6.70223447725086 -6.988490721719296 -7.295018331139359 -7.561617494442581 -7.998066124688983 -8.274493828574812 -8.38875061284762 -8.444343295517992 -8.360493558672625 -8.165151314593306 -7.915137813523234 -7.645467231287949 -7.595710244588499 -7.587110271578718 -7.555781798471657 -7.560696068762962 -7.617210177112953 -7.759724015560757 -8.036151719446586 -8.258829592021282 -8.488264586246519 -8.60067851916009 -8.741349506248655 -8.830113513385328 -8.96402737882335 -9.214962305573042 -9.397404590137688 -9.723589280722965 -9.92292436941397 -9.999095558929174 -10.14068797169736 -9.652332361499063 -8.917956094842378 -6.936583741767402 -4.597698225000086
-5.392581444618447 -5.52649531005647 -5.506838228891255 -5.695423351320032 -6.072286454284378 -6.306635718800919 -6.423963922005793 -6.5480492468612095 -6.790998484387532 -7.142675952108947 -7.566531764733885 -7.957216252892522 -8.387829187168002 -8.642756958529375 -8.693435370908444 -8.61634275571362 -8.523585903965264 -8.318415119303339 -8.004823246339527 -7.896709299930846 -7.963973374543064 -7.9541448339604575 -7.972880489446052 -8.013730361242514 -8.07239446284495 -8.157165625369938 -8.313500849012033 -8.542014417557652 -8.700192492558987 -8.825199243094023 -8.960034534211665 -8.96679165586221 -9.04511283862986 -9.068455622513552 -9.123126879504305 -9.057705656251326 -9.163055325621148 -9.26471929227249 -9.20114092037875 -8.574264316344333 -7.241268499828226 -4.266599264123505 -1.4746794548766373
-5.215053430345103 -5.356645843113289 -5.44448842457034 -5.773437392194476 -6.136786251857738 -6.363456969044117 -6.477713753316927 -6.59688480788104 -6.855498281960892 -7.2833469391975125 -7.759724015560757 -8.382914916876697 -8.93362033139591 -9.15046250799968 -9.098862669940994 -8.953277412561125 -8.83502778367663 -8.642756958529375 -8.320257970662576 -8.184501253865314 -8.192486943088682 -8.232415389205524 -8.226579693234601 -8.271422409642746 -8.395507734498164 -8.523585903965264 -8.642756958529375 -8.777285107753812 -8.85345629726902 -8.893691885279068 -8.845777749938858 -8.776363682074194 -8.714935303432899 -8.554914377072324 -8.236408233817208 -7.852480867309113 -7.560696068762962 -7.407432264052929 -7.223761411915457 -6.723734409775314 -4.55377693427156 -0.7909816005990216 1.4775684226240111
-5.099568078499468 -5.2061463154421155 -5.535095283066251 -5.966936784914557 -6.3496355838498255 -6.593813388948974 -6.696398781279937 -6.820484106135353 -7.134690262885579 -7.668195731385228 -8.166994165952545 -8.862363412172007 -9.417061671302903 -9.535311300187395 -9.49323286081811 -9.389726042807526 -9.269633562563794 -9.072448467125238 -8.790185067268485 -8.572421464985094 -8.474750342945434 -8.434514754935385 -8.429907626537288 -8.511914512023417 -8.623099877364162 -8.718928148044583 -8.792949344307344 -8.790185067268485 -8.759778019841043 -8.685756823578282 -8.523585903965264 -8.320257970662576 -8.010966084203655 -7.7256312654148385 -7.337096770508646 -6.899419572689418 -6.476792327637307 -6.236300225256636 -6.106379204430297 -5.271567538695095 -3.126181414647859 -1.090752088368542 -0.13400509103036917
