static/data/ASCData/20210129/ASCV/15.asc
ncols 97
nrows 97
xllcorner 99.0
yllcorner 2.0
cellsize 0.25
NODATA_value -32767
[rows 0 to 18 of 97, columns 0 to 42 of 97]
-0.31505392378239083 0.8254818737833389 1.6399818501788195 1.678009536373179 1.2826984729108784 1.1214492919161883 1.7210486230737727 2.0715518702450453 1.7932717480165499 1.794156112811768 2.632239150413053 3.939919894274924 3.5764459634404595 2.427066517922552 2.4350258010795107 1.9934329800008177 1.3958971666987408 1.6323173552869328 3.49361046095507 4.265955715445173 3.6917081750838285 2.009056758049663 0.34026038947390713 -0.4429920308238815 -0.5231744389236175 -0.6608405587125024 -0.538798216972463 -0.30031451052876346 0.024836945846269387 0.38890045321087907 0.5433695041089006 0.6020323688583398 0.16043954777964675 -0.11400832700290575 -0.15292037799248348 -0.25255881158700877 -0.8745620508901077 -1.5620082850393153 -1.8874545296794203 -1.8933502949808716 -1.7730766828312672 -1.689946392080806 -1.5729154508469998
-0.2817428498291923 0.5286300908552723 1.5052636130406603 1.6898010669760817 1.4474851130864383 1.731661000616385 2.503416678576344 2.5461609770118656 2.0901235309446164 2.083343400847948 2.8099964742518058 3.797242373979806 2.6313547856178348 1.4006137789399018 1.9406658805528298 1.8722750030559956 1.5306154038369 2.266112125192935 2.859815691049068 4.48675212598452 4.9495697021484375 3.413428052855334 1.4563287610386153 0.4926659225164203 0.1418678870800747 -0.3112216763364479 -0.49959137771781315 -0.6030620587582813 -0.3129904059268833 0.2689216293263481 0.26214149922967955 0.01894118054481808 -0.05622982704868473 0.01805681574959994 0.29633693797809624 0.2435698385301075 -0.3513128803863159 -0.4429920308238815 -0.6578926760617767 -0.8005701963568956 -0.9146532549399757 -1.12365813487642 -0.9538600941946265
0.36177993282420395 0.8938727512801732 1.2874150851520385 1.473131692147751 1.4934720824377576 1.8274671867649666 2.28055675018149 2.0600551279072157 2.0267440539540162 2.199489977286536 2.7864134130460005 3.068820570985512 1.7346088832671107 1.8528189775612072 2.0989671788967934 1.8215714214635153 1.4300926054471574 2.1390583829466614 3.7102798357833997 3.899828690225055 4.099105557414106 3.3276446677192197 1.8637261433688916 1.1624248607612744 0.8803124910868352 0.8098580957344934 0.7824427870827453 0.35382064966724514 -0.2917656508416586 -0.06802135765158646 -0.9547444589898437 -0.6393210153622055 -0.45360440836649385 0.25241348648228445 0.6459558203541507 0.35971641496869644 -0.40968095687068296 -0.45950017366794516 0.26597374667562246 0.43695094041770677 0.38890045321087907 -0.0748014877482559 -0.4126288395214077
0.8997685165816236 1.267074694862032 1.5639264777900994 1.5365111691383513 1.5559671946331397 1.9671968244093598 2.320647954231358 2.3303759669787523 1.5568515594283578 1.7219329878689908 1.9710290718553027 2.1800339517917475 2.004340145808502 1.8080111612701781 2.1888775997439236 2.2728922552896034 2.060939492702434 2.5199248214204077 4.191669072646889 3.9027765728757817 2.90845575478604 2.174138186490296 1.4407049829897698 0.8254818737833389 0.10885160139194827 -0.0650734750008608 0.17016756052704096 0.35971641496869644 -0.10428031425551154 -0.5983454465171203 -1.1958812598191972 -0.33274121968674475 -0.11282917394261549 0.4681984965153978 0.4006919838137817 0.010097532592641123 -0.6089578240597326 -0.7545832270055763 -0.42442037012431033 -0.5962819286616119 -0.766374757608479 -0.8884170993485183 -0.6021776939630632
0.656568197896763 1.2034004296063596 1.802999760763944 1.7573075796776978 1.4955356002932652 1.8236349393190237 2.364571405727169 2.4933938775638778 1.7814802174136473 1.624358072129974 1.8811186510081725 2.4017147271263113 2.463325474526476 2.249309194083798 1.989600732554874 2.087175648293891 2.1935942119850846 2.6449150458111728 4.386229327594778 3.971167450372615 2.881335234399365 0.6176561469071853 -0.21747900804337394 -0.24283079883961456 -0.44210766602866425 -0.19006369939162582 0.17134671358733122 0.3859525705601543 0.4416675526588678 -0.03972168420462108 0.012161050448149524 0.5082897005652658 0.5931887209061628 0.27186951197707376 0.18697049163617674 -0.28675425033542545 -0.9010929947466382 -1.0962428262246724 -1.0670587879824889 -1.2722314204729899 -1.5817590987991768 -1.4830050299998696 -0.8073503264535646
0.12742326209151944 0.8549607002905955 1.5432912992350198 1.6703450414812933 1.4085730620968606 1.3637652458058316 1.8793499214177372 2.052095844750257 1.5854460211403962 1.42802908759165 2.110758709499696 2.7192016886094574 2.6116039718579733 2.337156097075421 2.0403043141473542 2.0373564314966286 2.1437749951878224 2.3684036531731127 3.8517782030182293 3.3031772417181973 1.8881935693699141 -0.38049691862849944 -0.8217949514421199 -0.717439905606434 -0.024982270950992813 0.7912864350349222 1.0539427792145721 1.0383190011657266 1.0931496184692229 1.1019932664213998 1.3938336488432324 1.3625860927455413 0.7912864350349222 0.4699672261058332 0.35382064966724514 -0.08570865355594037 -0.6979838801116456 -1.1490099256726602 -1.07177540022365 -1.67432261403196 -1.9850294454184372 -1.54756366005076 -1.0425913619814664
-0.09337314844782707 0.611760381605734 1.0336023889245656 1.1809965214608455 1.3334020545033578 1.200452546955634 1.2738548249587014 1.723112140929281 1.2738548249587014 1.2249199729566564 1.9220942198532578 2.5004687959256184 2.423234270476608 1.9689655539997952 2.1254981227533243 2.0862912834986735 1.9719134366505209 2.1614622910921764 2.7327619488027954 2.257268477240758 0.8069102130837678 0.366496545065365 0.09706007078904655 -0.008474128106930046 0.3880160884156618 0.8676365956887153 0.6371121724019737 0.5872929556047115 1.0170942460805028 1.186892286762296 1.4984834829439908 1.6057864114304028 0.9973434323206414 0.8372734043862415 0.7270225932491048 0.8549607002905955 0.48264312150395305 -0.15675262543842727 -0.3356891023374704 -0.967420354387964 -1.3942737622130292 -0.9683047191831817 -1.3727542188627324
0.07259264478802407 0.8997685165816236 0.9516512512343942 1.0598385445160234 1.3782098707943868 1.4583922788941228 1.4085730620968606 2.0288075718095246 2.129330370199267 1.9241577377087662 1.8147912913668467 1.9338857504561604 2.0913026840049067 2.226905285938284 2.14112190080217 2.0647717401483767 2.0199639238573477 1.945677281059063 2.0913026840049067 2.3636870409319517 2.1302147349944844 1.8481023653200461 2.1225502401025986 1.8666740260196173 0.47291510875655884 -0.24283079883961456 -0.472176069066065 -0.37283242373661274 0.25624573392822825 0.06492814989613738 0.25241348648228445 1.0509948965638465 1.3587538452995984 1.1624248607612744 1.1273450572176396 1.4162375569887473 1.7903238653658242 1.321610523900456 0.8694053252791507 0.9271838252333717 0.7718304095401338 0.053136619293234766 -1.3317786500176467
0.6869313891992368 1.4631088911352839 1.4427685008452773 1.3764411412039514 1.115553526614737 0.8372734043862415 1.990485097350092 2.2952961634351174 2.2560893241804676 2.2319166864445172 2.297359681290626 2.2463613114330734 2.1838661992376904 2.4300144005732776 1.8870144163096239 1.9574688116619656 2.2944117986399 2.101030696752302 2.221893885432051 1.9427293984083374 2.4836658648164827 3.6604606189861375 4.404506200029276 3.801074621425748 2.218061637986107 1.8401430821630864 1.2473238811021705 0.9036007640275674 0.6214883943531282 -0.1381809647388561 -0.6891402321594686 -0.26906695443107154 0.5277457260600551 0.9787717716210702 1.0940339832644401 0.9407440854267097 1.245555151511736 0.8900405038342294 0.9516512512343942 1.084305970517046 0.6996072845973567 -0.32478193652978593 -0.6752851837010585
0.7992457181918811 1.1653727434119991 1.3596382100948157 1.3381186667445188 0.9702229119339654 0.7308548406950477 2.4524183087187916 2.333323849629478 2.04325219679808 1.8265828219697493 1.8304150694156922 1.9477407989145705 1.695696832277533 1.7573075796776978 1.8528189775612072 1.9447929162638449 2.239581181336404 2.749270091646858 2.963286372089536 2.329491602183535 2.4350258010795107 3.578509481295967 4.403621835234059 3.783682113786467 2.747501362056423 2.542328729565922 1.749348296520739 1.6986447149282586 1.8616626255133832 1.45456003144818 1.1214492919161883 0.8060258482885505 1.0568906618652978 1.271791307103193 1.2738548249587014 1.089317371023279 0.8266610268436292 0.5843450729539859 0.36177993282420395 -0.06006207449462764 -0.5025392603685388 -0.5777102679620407 0.1439314049355831
0.4681984965153978 1.2485030341624608 1.0336023889245656 0.11062033098238366 -0.3639887757844358 0.5931887209061628 2.3168157067854143 2.177970433936239 2.2864525154829414 1.990485097350092 1.5939948808275002 1.5120437431373288 1.3127668759482791 1.320726159105238 1.231700103053325 1.5736544905374936 2.2826202680369976 3.225942716269186 3.3049459713086318 3.0549655225271017 2.8315160176021026 3.1165762699272666 2.9105192726415483 2.2201251558416155 2.020848288652566 2.3754785715348534 2.0951349314508505 2.2746609848800388 2.8763238338931316 4.022755396760314 3.7368107796399315 2.2767245027355463 1.6665127940353495 1.4710681742922427 1.1809965214608455 1.022695223116881 0.986731054778029 1.0394981542260169 0.9124444119797444 0.8157538610359447 0.5725535423510832 0.31579296347288466 0.4015763486089998
0.2338418257827133 1.1391365878205422 1.2552831642591302 0.5354102209519409 0.06286463204062898 0.5746170602065916 1.7785323347629216 1.3334020545033578 1.4085730620968606 1.726944388375224 1.686853184325356 1.700413444518694 1.6302538374314253 1.5306154038369 1.4047408146509177 1.3988450493494664 1.383221271300621 2.0187847707970574 1.6234737073347558 1.8000518781132184 2.088354801354181 2.4261821531273338 2.163525808947684 1.3460779499014786 1.254398799463912 1.4984834829439908 1.3675974932517754 1.7015925975789843 2.854804290542835 4.003299371265523 4.054002952858005 2.6976821452591606 2.2103971430942204 1.9515730463605143 1.6252424369251912 1.1653727434119991 0.9652115114277322 0.9672750292832397 1.2747391897539186 1.2016317000159242 0.8284297564340646 0.4124835144166843 -0.21364676059743104
0.11179948404267392 0.1400991574896402 0.5648890474591974 0.9985225853809316 0.7131675447906947 0.7308548406950477 1.7278287531704422 1.0940339832644401 1.1134900087592294 1.4407049829897698 1.5656952073805348 1.4006137789399018 0.9056642818830749 0.6135291111961694 0.9204036951367032 1.1898401694130216 1.2122440775585366 0.6155926290516769 0.26214149922967955 0.41159914962146615 0.8744167257853839 1.3012701336104495 1.6809574190239047 1.316893911659295 1.0061870802728174 0.7426463712979503 0.7641659146482471 1.1860079219670787 2.2776088675307644 2.686774979451476 2.9865746450302684 2.039419949352137 1.9291691382149994 1.6390974853836013 1.4094574268920779 1.227867855607382 1.4516121487974543 1.6281903195759169 1.5403434165842942 1.1420844704712678 0.7612180319975215 0.30016918542403914 -0.046501814301289635
-0.1364122351484207 -0.44977216092055095 -0.10811256170145445 0.3069493155207077 0.7980665651315908 0.9643271466325141 1.526783156390957 0.7485421365994016 0.44461543530959347 0.46318709600916463 0.8520128176398698 0.8039623304330421 0.46318709600916463 -0.1110604443521801 0.2453385681205429 0.558108917362528 0.1937506217328453 -0.037658166349113564 0.0404607238951149 0.3871317236204437 0.5306936087107799 0.509174065360483 0.7836219401430355 0.8440535344829101 0.5539818816515121 0.2668581114708397 0.8237131441929035 1.2396593862102847 1.5043792482454421 1.95452092901124 2.2504883471440884 1.8215714214635153 1.7776479699677044 0.8918092334246648 1.0433304016719598 1.4973043298837005 2.0500323268947485 2.417338505175157 2.017016041206622 1.5960583986830077 1.1986838173651986 0.8968206339308988 0.8782489732313268
-0.18711581674090016 -0.25049529373150037 -0.15793177849871753 -0.22131125548931774 0.326405341015497 0.7553222666960702 0.9056642818830749 0.26803726453112997 -0.168544156041329 -0.33067770183123635 -0.2106988779467054 0.15660730033370296 0.42515940981480416 -0.011422010757655698 0.0383972060396065 -0.3238975717345678 -0.5895017985649433 -0.39995294412328786 0.11062033098238366 0.446678953165101 0.6615795984029962 0.2494656038315588 -0.10811256170145445 -0.09838454895406024 -0.01319074034809109 -0.0016939980102614882 0.8039623304330421 1.3528580799981471 1.4719525390874608 1.8227505745238055 2.0013922631577765 1.9173776076120976 1.6323173552869328 0.8850291033279962 1.03065450627384 1.6205258246840302 2.186814081888416 2.601875959110579 2.5511723775180988 2.087175648293891 1.6839053016746304 1.6898010669760817 1.7543596970269721
0.031617075942937944 0.39007960627116933 -0.06212559235013604 -0.2360506687429451 0.41926364451335285 0.8655730778332069 0.6489037030048763 0.3166773282681028 -0.2546223294425163 -0.467459456824904 -0.3657575053748712 -0.5202265562728918 -0.31711744163789923 0.02778482849699504 0.20053075182951474 -0.5016548955733207 -0.38432916607444234 -0.20067607693423817 -0.4235360053290931 -0.293534380432094 0.4564069659124952 0.22676690742097172 -0.3374578319279058 -0.5054871430192645 -0.4108601099309732 -0.38256043648400695 0.3647278154749296 0.9271838252333717 1.5424069344398026 1.88318216886368 1.8312994342109103 1.7708678398710358 1.5960583986830077 1.3266219244066892 1.2650111770065244 1.3266219244066892 1.8890779341651314 2.1352261355007185 2.182097469647255 1.9330013856609431 1.7307766358211678 1.829530704620475 1.7239965057244984
0.40570338432001574 0.5990844862076141 -0.059177709699410386 -0.15675262543842727 0.5619411648084718 0.9719916415244008 0.6379965371971918 1.1497489653631536 0.13892000442934993 -0.08570865355594037 -0.37371678853183 -0.6001141761075557 -0.8082346912487823 -0.6549447934110519 -0.15793177849871753 -0.2457786814903402 0.00714964994191547 0.3491040374260841 0.012161050448149524 -0.6245816021085782 -0.059177709699410386 0.31579296347288466 -0.10133243160478589 -0.21629985498308368 -0.4155767221721334 -0.4205881226783674 -0.05446109745824934 0.14098352228485744 1.4837440696903634 1.7425681664240695 1.615514424177797 1.5960583986830077 1.4701838094970254 1.2434916336562276 1.303038863200885 1.1848287689067885 1.0209264935264457 1.2054639474618671 1.3139460290085694 1.3507945621426387 1.3988450493494664 1.5344476512828429 1.4474851130864383
-0.027045788806501214 0.6945958840911226 0.4340030577669811 0.4428467057191581 0.7043238968385177 0.9280681900285899 0.8820812206772706 1.4115209447475863 0.870584478339441 0.1557229355384857 -0.4087965920754648 -0.7613633571022453 -0.8571695432508268 -0.5464627118643497 -0.44387639561909964 -0.24872656414106498 0.0404607238951149 0.6683597284996656 1.1146691618195197 0.3909639710663875 -0.15380474278770162 0.5784493076525346 0.7004916493925739 0.19080273908211964 -0.44004414817315585 -0.33274121968674475 0.07848841008947538 0.42899165726074706 0.7853906697334709 1.2620632943557988 1.4221333222901986 1.5032000951851519 1.5453548170905282 1.1986838173651986 1.2249199729566564 1.0424460368767425 0.35971641496869644 -0.2339871508874376 -0.03087803625244412 1.1683206260627248 1.1185014092654626 1.3012701336104495 1.3997294141446837
-0.02203438830026805 0.6244362770038538 1.5158759905832717 1.9123662071058636 1.7015925975789843 1.2025160648111424 1.0471626491179036 1.9114818423106463 1.6078499292859103 0.9230567895223558 0.3031170680747648 0.07937277488469263 0.12535974423601193 -0.06212559235013604 -0.44387639561909964 -0.6667363240139537 -0.5172786736221662 0.3069493155207077 1.3313385366478503 1.593110516032283 0.2972213027733135 -0.1647119085953861 0.23678970843343894 0.16633531308109717 0.2739330298325813 0.9631479935722238 1.2131284423537538 1.0795893582758849 1.142968835266485 1.0551219322748624 0.9545991338851199 0.781558422287528 0.3821203231142105 0.3107815629666515 -0.7389594489567308 -1.0092802880282674 -1.4838893947950873 -1.8111043690256277 -1.2536597597734187 0.12447537944079379 0.9799509246813596 1.28063495505537 1.5491870645364711
