static/data/ASCData/20210129/ASCV/18.asc
ncols 97
nrows 97
xllcorner 99.0
yllcorner 2.0
cellsize 0.25
NODATA_value -32767
[rows 0 to 18 of 97, columns 43 to 85 of 97]
-0.8954183516118852 -0.370039528871815 -0.20781625908312096 -0.4480485329232091 -0.95481157060556 -1.5183084294161975 -1.59838585402956 -0.7917018348617364 -0.578950005630662 -0.8336612234045315 -1.040798768253119 -1.6090234454911139 -1.577997137061582 -0.989974720159029 -0.10616816289494047 0.3663181911890705 0.0823535968959277 -0.013384726258055757 -0.5006455129275582 -1.2310934599542467 -1.685259517632249 -1.5895211944782655 -1.137423557362232 -1.3348099767043955 -1.0857130433130129 -0.34640043673502907 -0.10735011750178014 -0.05238922828375259 0.43368960377891064 1.1691608578846662 0.9221323450552523 0.7161767548135041 0.8606707054996088 0.8721947629162914 0.4984016185033626 0.5090392099649161 -0.8670514410477419 -1.351357341200146 -1.5398791009910147 -3.779092103648073 -8.389306047624771 -9.603173428848734 -6.753776360410887
-0.46755078393605753 -0.6912356932803956 -0.8827123395883625 -1.0475950072424451 -1.2059769245589118 -0.33369442471150634 -0.8717792594750988 -1.0212965172402706 -1.2996468271509265 -1.5038294854824157 -1.5038294854824157 -0.9022145906012109 -0.9725408897081493 -0.25745835257037175 0.5226316879435684 0.47860387883880406 -0.3133057077435284 -0.8191822794707502 -0.6052484956328361 -1.2272521074820193 -1.6737354602155654 -1.6149332185253105 -1.1873611395011925 -1.2127731635482375 -0.8827123395883625 -0.2946899226858095 -0.25479895470498315 -0.3375357771837342 0.24546333263975129 1.222939792495855 0.6739218776189988 0.2552144581461757 0.17011372645374578 0.13288215633830802 -0.37979065437823945 -1.1746551274776702 -1.4335031863754772 -1.222524289054662 -2.248756376442886 -5.646284893802461 -9.911959069885503 -9.672613262000544 -6.893247004017924
-0.7166477173274406 -0.8708927935199693 -0.9882017882487704 -0.9616078095948861 -0.4725740910151246 -0.2116576115553488 -0.7039417053039179 -1.2213423344478227 -0.8963048175670143 0.19345732993882248 0.3382467692766369 -0.4344560549445573 -0.9107837615007961 -0.4196816223590658 -0.3913147117949225 -0.6120447346221622 -0.7479695144086822 -1.0975325893814056 -0.7887469483446381 -0.8708927935199693 -1.2127731635482375 -1.203908503996943 -0.9323544330756133 -0.09937192390561478 0.15829418038535348 0.9005616734804347 1.4377600422888976 1.3869359941948076 0.4014813407425395 0.7805932808862455 0.5950264076124752 0.3382467692766369 0.16538590802638886 -0.415840269886838 -1.3454475681659495 -1.7145128941515217 -1.5457888740252113 -2.785954745251349 -5.972504365290108 -9.478181729175478 -10.925485145250205 -9.326891539500048 -7.147367244488375
-0.9051694771183092 -1.0963506347745664 -1.1521979899477235 -0.7048281712590474 -0.28996210425845215 -0.6844394542910694 -1.193270912535389 -1.111125067360058 -0.20486137256602266 0.7132218682964053 0.267920470169698 -0.1942237811044687 0.0022761722825652697 0.38788886276388723 0.11160697341520098 -1.127672431855808 -1.298760361195797 -1.4264114587344414 -0.9226033075691888 -0.7662898108146914 -0.573926698551595 -0.5328537759639289 -0.441252293933883 0.4065046478216061 0.8692398763991935 1.5665930944343822 2.0343516300910354 1.483560783303921 0.5208587560333093 0.33410992815269935 0.6993339016660434 0.3607039068065836 -0.10528169693981138 -0.736149968340289 -1.4500505508712278 -1.8055233988781478 -2.7020359681657586 -6.572050839609345 -9.553531335361484 -10.74671451096576 -11.021223468404187 -9.189193827803269 -7.829946029938072
-1.142446864441299 -1.3221039646808732 -1.466597915366978 -1.0467085412873156 -0.5594477546178132 -0.872961214081938 -1.0289792221847263 -0.6353883381072385 0.2103001830862823 0.14381523645157124 -0.06627719491411455 0.004049104192824338 0.5657730310932028 0.9171090379761848 0.5743422019927875 -0.6031800750708673 -0.5612206865280722 -0.8874401580157198 -0.8513905425071209 -0.126852368514629 0.027688196329609838 -0.6170680417012293 -0.6336154061969794 -0.126852368514629 1.1085856842841517 1.6700141225328204 1.4085066657696252 0.8331902608905946 0.15829418038535348 -0.03200051131577464 0.15563478251996443 -0.4226365088761641 -0.8827123395883625 -1.051436359714673 -1.5614497725658318 -3.0211637120123704 -4.995027905434005 -8.785851818219358 -10.864909971649691 -11.976242790730344 -11.002607683346469 -9.62681252098552 -8.598512013035329
-1.4547783692985847 -1.10728371488783 -1.2517776655739348 -0.989974720159029 -0.5290124234917011 -0.9226033075691888 -0.7772228909279546 -0.4480485329232091 0.23748513904358592 0.17100019240887576 0.3790242032125928 0.43782644490284817 0.31076632466762266 0.14086034993447338 -0.2027929520040539 -0.09730350334364601 0.03152954880183767 -0.6463214182205022 -1.0954641688194369 -0.43031921382061933 -0.18831400807027254 -0.8336612234045315 -0.7692446973317897 -0.3065094687542027 0.9815255640489271 1.0276217937156602 0.7649323823456253 0.45614674130885735 -0.09464410547825786 -0.03288697727090373 -0.2087027250382505 -0.8132725064365536 -1.7216046217925576 -1.8915105965257069 -3.641394391951294 -6.104292303952691 -8.010489596132775 -10.146281570691395 -12.230363031200795 -12.079959307480493 -11.083867062566672 -10.101367295631501 -9.211650965333217
-1.4110460488455305 -0.7781093568830841 -0.34846885729699784 -0.0455929892944269 -0.24888918167078655 -1.0221829831954001 -0.934422853637582 -0.512465058995951 0.27767159567612243 0.3997084088322804 0.5489301779457421 0.6009361806466718 -0.5408319695600943 -0.7225574903616372 -0.8632100885755141 -0.7018732847419491 -0.2858252631345146 -0.8268649844152054 -1.112011533315187 -1.4060227417664635 -1.0378438817360212 -0.6882808067632973 -0.44598011236124036 0.18370620443239805 0.4082775797318652 0.32347233669114583 0.390843749280986 0.10274231386390564 -0.0807561388478959 -0.07100501334147147 -0.4001793713462174 -0.7928837894685756 -1.7742016017969062 -4.222325081212811 -6.564368134664889 -9.543780209855061 -10.571194251850123 -11.978311211292313 -12.304530682779962 -12.10537133152754 -11.180491851675784 -10.127665785633676 -9.008650261608565
-0.6052484956328361 -0.1561057450339014 0.2561009241013057 0.11160697341520098 -0.15906063155099925 -0.9530386386953009 -0.4391838733719142 -0.24888918167078655 -0.6805981018188416 -0.7955431873339638 -0.6209093941734571 -0.197178667621567 -0.7857920618275398 -0.9137386480178944 -1.0124318576889761 -0.6315469856350107 -0.19215536054249993 0.09092276779551245 -0.0515027623286235 -0.39929290539108786 -0.42470492943813287 -0.2196358051515137 0.01291376374411879 0.4836271859178707 -0.015453146820024521 -0.07780125233079715 0.1340641109451477 -0.05445764884572135 -0.02520427232644895 -0.812386040481424 -1.6823046311151506 -1.6932377112284143 -3.5592485467759625 -6.183483262610924 -8.840517218785674 -11.085639994476931 -11.498733129567267 -12.05159239691635 -12.34264871885053 -12.027066838824435 -11.043680605934135 -9.825971872237943 -7.69815809127549
-0.1150328224462358 0.06551074374846788 -0.49887258101729914 -1.076848383761718 -1.1179213063493836 -0.8797574530712642 -0.07898320693763683 -0.8649830204857731 -1.5064888833478043 -1.2606423251252292 -0.7438326732847447 -1.0535047802766417 -0.37683576786114115 -0.08282455940986466 0.5040159028858486 1.0039827015788738 1.1301563558589693 1.3526593105964677 1.1691608578846662 0.8370316133628224 0.9182909925830245 1.2288495655300515 1.3928457672290042 1.3751164481264144 1.1047443318119248 1.051851863155866 0.527654995022635 -0.12980725503172685 -0.934422853637582 -1.6258662986385737 -2.213593226889417 -3.510492919243841 -6.264447153179416 -8.987079590033748 -10.76355736411322 -11.078843755487604 -11.430475251022298 -12.025293906914175 -12.199041234119552 -11.861002216563513 -10.824132537713734 -9.28995545803632 -6.286017824754233
0.0031626382376943596 -0.9471288656611043 -1.5809520235786803 -1.5788836030167115 -1.1725867069157014 -0.6522311912546988 -1.1344686708451337 -1.1903160260182908 -0.14724108548260695 0.8352586814525633 0.47978583344564374 -0.6315469856350107 -0.7145792967654718 0.18281973847726896 1.0013233037134857 1.255148055532226 1.0119608951750392 0.9395661755061315 0.6594429336852174 0.7014023222280121 0.6446685010997264 0.7463165972879056 1.2560345214873552 1.781413344227425 1.7237930571440092 0.7667053142558835 -0.3561515622414535 -1.284872394565435 -2.003796284175441 -2.7097186731102143 -3.8405537432037167 -6.52802303050458 -9.114139710268974 -10.473387508134172 -10.591582968818102 -11.077070823577346 -11.55930830316778 -11.79865411105274 -11.791857872063414 -11.437271490011623 -10.39035519700371 -7.945186604104904 -3.3512245359722455
-0.40224779190818616 -1.34456110221082 -1.6403452425723555 -1.2030220380418135 -0.6424800657482743 -0.36501622179274795 -0.7497424463189408 -0.6336154061969794 -0.24888918167078655 0.28328588005860933 0.5598632580590062 0.1866610909494959 0.10953855285323222 0.8284624424632376 1.4377600422888976 1.0793323077648793 0.162431021509291 -0.07898320693763683 0.13879192937250462 0.14765658892379907 0.18961597746659464 0.23364378657135898 0.10067389330193688 -0.004815555358471002 0.32938210972534243 -0.1561057450339014 -0.872961214081938 -1.7331286792092406 -3.0477576906662547 -5.709814953920073 -7.13850258493708 -8.999785602057273 -9.83276811122727 -10.287820634860402 -10.530121329262458 -11.129667803581693 -11.316121142810594 -11.397380522030797 -11.212700114712156 -10.513573964766708 -9.249769001403784 -7.224489782584639 -2.695239729176433
0.16036260094732224 0.03152954880183767 0.4531918547917586 0.7501579497601334 0.43959937681310723 0.3772512713023337 0.5598632580590062 0.6730354116638688 0.5802519750269841 -0.0807561388478959 -0.13955838053815128 0.23157536600939022 0.9942315760724494 1.1399074813653938 1.0636714092242583 0.7755699738071788 0.6047775331188996 -0.09730350334364601 0.02355135520567231 0.4124144208558027 0.4874685383900985 0.1349505769002768 -0.39042824583979296 -1.0378438817360212 -1.0047491527445205 -1.298760361195797 -1.9772023055215566 -3.113060682694126 -5.4979495906441285 -7.542731060476122 -8.368917330656794 -8.957826213514476 -9.664930557056088 -10.014493632028813 -10.433496540153346 -10.656885960845973 -10.858113732660364 -10.837725015692387 -10.35726046801221 -9.550576448844385 -8.163848206370176 -6.220419344074652 -2.362224018699459
0.7090850271724678 0.6378722621103998 1.0734225347306827 1.3771848686883832 1.3127683426156418 0.9708879725873736 1.0432826922562803 1.0488969766387672 1.0246669071985615 0.5645910764863631 0.5235181538986975 0.5607497240141353 1.187776642942385 0.8556473984205413 0.7950722248200268 0.7424752448156786 0.47476252636657623 0.20734529656918443 0.40266329534937917 0.476830946928545 -0.126852368514629 -0.6268191672076537 -1.1823378324221259 -1.8386181278696485 -2.25968945655615 -3.0134810070679148 -3.872762006240088 -5.474310498507342 -7.355391255292092 -7.805420471846157 -8.455790994259482 -9.05445100262359 -9.438290761194652 -9.78312601774002 -10.028086110007465 -10.299640180928794 -10.496731111619248 -10.08866128360798 -9.592535837387182 -8.415900026278656 -6.83385378502425 -3.956680783325678 -2.003796284175441
1.2530796349702573 1.447511167795322 1.1543864252991751 1.2403736229467341 1.1993007003590685 1.1428623678824916 1.3399532985729454 1.4259404962205044 1.2991758646369895 1.152613493388916 1.087015012709335 0.5743422019927875 0.6399406826723686 0.34681594017622164 0.6780587187429363 0.5031294369307195 0.3946851017532138 0.33410992815269935 0.22477912702006364 -0.3404906637008325 -1.2370032329884433 -2.2877608784685832 -3.071101294151331 -3.58081921835078 -4.204004784806802 -4.887470036211629 -6.124681020920669 -7.07024470639211 -7.536821287441925 -7.877815191515063 -8.463769187855647 -8.970532225537998 -9.201899839826792 -9.573033586374333 -9.964556049889852 -10.147168036646525 -10.058521441133577 -9.495911048278069 -8.734141304170137 -7.0770409453814365 -4.490037799661914 -1.264483677597457 -0.8307063368874332
1.5352712973531402 1.6936532146696068 1.4268269621756344 1.2716954200279762 0.787389519875572 0.6467369216616952 1.1056307977670539 1.4085066657696252 1.086128546754205 0.5391790524393185 0.20054905757985786 -0.4471620669680796 -0.4725740910151246 -0.28996210425845215 0.02177842329541324 -0.09848545795048569 -0.09050726435432033 -0.3133057077435284 -0.8776890325092954 -1.8279805364080945 -2.923652456948128 -3.809231946122475 -4.6510791148437685 -5.07096848892343 -5.513315000533039 -6.119953202493312 -6.49492830151308 -7.08856500279812 -7.431331838781517 -7.974439980624177 -8.439243629763732 -8.847313457775002 -9.185352475331042 -9.384511826583465 -9.694183933575362 -9.67852303503474 -9.07011190116421 -8.433333856729536 -6.640308718154314 -4.659057308439934 -2.3397668811695125 0.4895369589520673 0.09210472240235212
1.2521931690151273 1.5559555029728278 1.5314299448809123 1.2805600795792706 0.426006898834455 0.22773401353716238 -0.2565718866152422 0.09594607487457996 -0.12478394795266023 -0.8132725064365536 -1.3014197590611856 -1.41193251480066 -1.405136275811334 -1.3797242517642894 -1.1052152943258613 -1.1442197963515581 -1.1873611395011925 -1.568246011555158 -2.1991142829556356 -3.151178718764694 -3.6422808579064236 -4.299447619309076 -4.95395498284634 -5.388323300859783 -5.791665310443695 -6.07119757496119 -6.424602002406141 -6.86783497997088 -7.302498786636033 -7.847379860388951 -8.244812096938666 -8.695136802144441 -8.909070585982356 -9.06922543520908 -8.994762294978205 -8.776987158668064 -7.921547511968118 -6.3513208167821045 -4.523132528653414 -2.7779765516551835 -0.5827913581028894 0.6641707521125744 -0.32098841268798406
0.7472030632430355 0.893765434491109 0.9933451101173203 0.90942633303173 0.38197908972969064 -0.19215536054249993 -1.049663427804414 -1.6131602866150514 -1.4615746082879109 -1.6276392305488327 -1.8267985818012553 -1.706830189207066 -1.619070059649248 -1.588634728523136 -1.893283528435966 -2.0398458996840394 -2.3258789145391505 -2.7076502525482455 -3.148223832247595 -3.5914568098123336 -3.9510664989431916 -4.252760412338923 -4.7518407450768185 -5.20689326870995 -5.476378919069311 -5.736999909877378 -6.079766745860775 -6.558458361630692 -7.062266512795945 -7.539776173959023 -7.979167799051534 -8.320161703124672 -8.486226325385594 -8.383691763242286 -8.301545918066953 -7.671564112621605 -5.906019418655397 -4.003663478947541 -2.4957848892723007 -0.8445943035177952 -0.49591769450020085 -0.4090440308975123 -1.5534715789696665
1.0802187737200093 0.9992548831515169 0.9844804505660258 0.7726150872900801 0.39675352231518257 -0.17649446200187935 -0.8883266239708494 -1.335696442659525 -1.5135806109888401 -1.6229114121214758 -1.710671541679294 -1.9118993134936852 -2.197045862393667 -2.3563142456652626 -2.384681156229406 -2.2821465940860968 -2.370793189599044 -2.720356264571768 -3.269374179448624 -3.740087601622376 -4.07310331209935 -4.352340087965135 -4.685355798442108 -4.9811399388036435 -5.246784236690777 -5.511542068622781 -5.8649464960677316 -6.283949404192264 -6.74875305333182 -7.10511236729387 -7.506681444967523 -7.878701657470193 -8.00369335714345 -7.955824195566457 -6.988985327171909 -5.356115037823412 -3.3778185146261297 -2.0398458996840394 -1.0721205653343606 -0.9530386386953009 -1.1959303104007777 -2.0856466406990624 -3.269374179448624
1.411461552286723 0.9759112796664402 0.7386338923434508 0.4591016278259552 0.15356636195799567 -0.4637094314638297 -1.5056024173926748 -2.4656450467978983 -2.769407380755599 -2.6393923740032754 -2.330902221618218 -2.408024759714482 -2.535084879949707 -2.6092525315288735 -2.654166806588767 -2.7088322071550848 -2.584726973436958 -2.858053976268547 -3.465578644183948 -3.9930258874859867 -4.354408508527103 -4.7370663124913275 -5.02132639543618 -5.3250887293938804 -5.54670521817625 -5.728430738977792 -5.957729932704617 -6.314384735318376 -6.818192886483629 -7.125796572913558 -7.437241611815714 -7.508454376877782 -7.144412357971277 -6.179346421486986 -4.537906961238905 -2.725379571650835 -1.776270022358875 -1.3708595922129945 -1.481372347952469 -1.949130883609123 -2.5876818599540563 -3.54654253475244 -4.537906961238905
