static/data/ASCData/20210129/ASCV/21.asc
ncols 97
nrows 97
xllcorner 99.0
yllcorner 2.0
cellsize 0.25
NODATA_value -32767
[rows 76 to 94 of 97, columns 43 to 85 of 97]
-10.994900313755704 -11.154003226958785 -11.365947942550548 -11.547573591197985 -11.671737389160462 -11.562299995142372 -11.049763387274007 -10.318063238350947 -9.448050393558056 -8.491989149246983 -8.016412927748844 -7.824103417416264 -7.656049160639144 -7.4441044450473814 -7.236202271714862 -7.050534080808181 -6.917707692290183 -6.701142928402142 -6.399107271032953 -5.96164644797911 -5.544687089240002 -5.123973941260167 -4.794795500150345 -4.564370591373469 -4.249918554208033 -4.295830284152298 -3.8182327915245375 -3.6149506664882964 -3.16680598174931 -4.161848883560229 -5.105204995056537 -5.598395150684236 -5.361040169462942 -5.037925541741986 -4.880555146650009 -5.104338736000985 -5.411860700722003 -5.5311156973696844 -5.490979027795768 -5.558547234128836 -5.7419054008873776 -6.025172112052935 -6.3563718242923795
-10.818183466423061 -11.030994441070378 -11.28394208529161 -11.415902214754055 -11.517543277272177 -11.129747973403324 -10.614035082331268 -9.933444217685786 -9.074115234578038 -8.840514042597471 -8.644450743024164 -8.369846622414128 -8.131625382137283 -7.906109274675202 -7.77703667539793 -7.5925234965653186 -7.412052859991951 -7.187403011585423 -6.7048967176428675 -6.226432965959555 -5.8923457235349375 -5.544687089240002 -5.19991598513024 -4.845616031409405 -4.527121451984725 -3.8485518584688636 -3.3426565700263993 -1.7781927156991904 -0.8279065317584657 -1.285002560071491 -3.026183261731342 -4.240100951578442 -5.160934327630393 -4.83955221802054 -4.762455162076397 -4.985083739353303 -5.397423049796133 -5.5807812165546755 -5.597528891628684 -5.770203196702082 -5.9567376466643145 -6.143272096626547 -6.466675477366023
-10.602484961590573 -10.871891527867296 -11.199048697847497 -11.442178739439138 -11.420811016068852 -10.959672445496583 -10.123732456888744 -9.44314159224326 -9.161896152207323 -9.062276360818824 -9.159874881077702 -8.687474942783254 -8.341548826599423 -8.172628310766752 -8.088601182378191 -7.771261615027582 -7.590790978454214 -7.438329384677033 -6.955823090734478 -6.656963716568981 -6.350308010903515 -6.071083841997201 -5.749701732387347 -5.345447506463004 -4.733291107206141 -4.053566501616209 -2.2292249306233503 -0.5036368919634389 0.7276059789947049 0.5693693248471754 -0.8368578753325049 -2.7253026164362235 -3.9216063721537626 -4.9510108831682516 -4.873913827224109 -5.224459991704219 -5.665963357017304 -6.069062570867579 -6.171569892441251 -6.2879373589037595 -6.432313868162453 -6.542906274254612 -6.294867431348177
-10.44136077725787 -10.710767343534593 -11.109246509088589 -11.56027872401275 -11.392513220254147 -10.53000795394271 -9.685405374779348 -9.182397616522058 -8.951972707745183 -9.04292990857816 -9.181531357466506 -8.706821395023919 -8.471487684932248 -8.337795037358697 -7.899179202230785 -7.51831397080635 -7.249773663585179 -7.119834805252355 -7.118968546196802 -7.003756091808365 -6.712693049142837 -6.359259354477554 -6.043652305238048 -5.410128182610899 -4.743974968891284 -2.858129004954222 -0.7713109401290574 0.2990964995149006 1.0001888284751188 0.02449237890486433 0.08513051279351602 -1.441217943089398 -3.491941880599889 -4.700950769132193 -5.03301674042719 -5.404064369222033 -6.081767703682344 -6.485155670551135 -6.789790105086979 -6.767267369642623 -6.788923846031428 -6.460900416995674 -6.109199240441495
-10.370038781684075 -10.62385268496086 -10.945234794570712 -11.300689760365618 -10.970645060200242 -10.115936125388775 -9.379615928169434 -8.931471243430448 -8.64935954433896 -8.679389858264768 -8.894222104041704 -8.590742681579929 -8.337795037358697 -7.944224673119498 -7.3883751124735255 -6.9197289634198045 -6.658984987698602 -6.529046129365778 -6.594593064569225 -6.613073257754338 -6.536842460865747 -6.2018889593855775 -5.747969214276243 -4.938305750353487 -3.4266836984149593 -1.2234981671272873 0.38312362790346066 1.0666020227341186 0.47783461797716376 -0.5729376164076121 -0.16983840255733806 -0.7733322112586793 -3.0897089258051675 -3.9862870483016577 -4.266377476263524 -5.192119653630271 -6.144427108700617 -6.424517536662483 -6.743878375142715 -6.786902574901806 -6.543772533310165 -6.233363038403972 -5.565188553554736
-10.353291106610067 -10.562348292016656 -10.836663659608176 -10.942347264385539 -10.685357077905064 -9.888398746797073 -9.096637970022394 -8.569086205191125 -8.225470113155433 -7.999954005693354 -8.151260587396465 -8.153281858526087 -7.870881406416081 -7.420715450547473 -6.931567837179017 -6.488043200736309 -6.0858102459415875 -5.767315666516908 -5.630735488758184 -5.547574619425175 -5.48520396742542 -4.9510108831682516 -4.298717814337472 -3.0807575822311284 -1.4325553525338766 0.08022171147871981 0.7481074433094395 0.13306351386740234 -0.6052779544815592 -0.26541565168659353 -0.012468007465361364 -0.24289291624223708 -1.1591062439979098 -1.5339076620334797 -1.8778125070876892 -3.3054074306376564 -5.424565833536768 -6.482268140365961 -6.484289411495583 -6.44039895268094 -6.231341767274351 -5.646328151758122 -4.7812241082800275
-10.437318234998628 -10.529141694887157 -10.651284221720012 -10.671785686034747 -10.467637301942952 -9.763368689779043 -8.987200576004303 -8.399299430302902 -7.934407070489907 -7.468648451621359 -7.295685393529444 -7.316186857844178 -7.157083944641098 -6.8914311676051 -6.441265211736492 -6.025172112052935 -5.723425207702265 -5.50945922098088 -5.396268037722065 -5.246982727148574 -4.853412362909374 -4.349538345596532 -3.5026257422850327 -1.5662480001074273 0.07646792223799403 0.5098862030325937 0.06867159073802442 -0.6072992256111811 -0.6569647447961717 -0.2506892477422067 -0.03701201403933929 0.00023712534940356633 -0.310461122575306 -0.7704446810735055 -1.0320549158502592 -1.6823267135514173 -3.10818911899028 -4.9510108831682516 -6.125946915515504 -5.900142055034907 -5.555370950925145 -4.766497704335641 -3.778096121950621
-10.512394019813149 -10.436451975943076 -10.409886698239475 -10.406999168054302 -10.33971971473975 -9.794842768797439 -9.08277782513356 -8.366092833173402 -7.682325685324226 -7.254682464899974 -6.909045101734661 -6.832814304846071 -6.574091600254491 -6.307572564162941 -5.957892658738384 -5.712741346017122 -5.50281790155498 -5.438425978425602 -5.391359236407268 -5.4323621650367375 -4.992013811797721 -4.260602415893176 -3.1044353297495544 -1.2350482878679832 0.13883857423775003 0.5918920602915319 0.6311624708098971 0.48649720853268574 0.38312362790346066 0.44838181008839006 0.5459803303472675 0.48072214816233805 -0.0702186111688392 -0.8738182617027306 -1.4363091417746028 -1.8983139714024237 -2.5809261071775293 -3.4139785656001944 -5.222438720574597 -5.348335036648177 -4.835798428779814 -4.062229092171731 -3.132733125564258
-10.541846827701923 -10.505752700387248 -10.318063238350947 -10.16386912646266 -10.153185264777518 -9.736225906038408 -9.048704968948508 -8.343570097729046 -7.690122016824196 -7.1325399380671195 -6.645413595828286 -6.318256425848085 -6.034989714682527 -5.810339866275999 -5.645461892702571 -5.4130157127960725 -5.375766573407329 -5.367103982851808 -5.100296193741741 -4.692288178576672 -3.5115770858590714 -1.8356545663841506 -0.866021930202761 -0.3396251774455621 0.7053719965688656 0.7931529141981515 0.8321345716979986 0.41604147201444297 0.1807077619227715 -0.19698118629797268 -0.41181343207490917 -0.5556124352965686 -0.682375010425702 -1.3612333569600819 -2.6256828250477247 -3.506668284544276 -3.9236276432833845 -4.133551087745525 -5.155159267260045 -5.105204995056537 -4.558306777984604 -3.8375792437652025 -3.0302258039905854
-10.542713086757473 -10.546755629016717 -10.270418990295576 -10.024112665500244 -9.976468417444876 -9.571059179446463 -9.023294703318978 -8.325089904543933 -7.598587309954183 -6.9647744343085165 -6.436356410421697 -5.898409536923802 -5.545842101314071 -5.346602518537074 -5.198183467019136 -5.1335027908712405 -5.087591060926976 -4.43818552228137 -3.797731327209803 -2.1570366759940036 -0.769289668999436 0.14663490573771965 0.14576864668216727 0.5979558736803976 0.7853565826981819 0.8497485058275598 0.11920336897856787 -0.49006550009312155 -0.4753390961487347 -0.5302021696670383 -0.8894109247026694 -1.0643952539242068 -1.262479824627135 -1.143513580997971 -2.310364528826737 -3.758749669709956 -4.680449304817459 -4.939172009409039 -5.134657802945311 -5.016557818371699 -4.549644187429082 -3.9120775225426887 -3.6698137400066004
-10.37292631186925 -10.419704300869066 -10.144233921203478 -9.899371361500734 -9.80350535935296 -9.509554786502258 -8.9589027801896 -8.288995777229259 -7.560471911509889 -6.767267369642623 -6.220657905589207 -5.51061423305495 -5.227347521889392 -5.0133815351680076 -4.777181566020784 -4.693154437632224 -3.8465305873392417 -3.1454382583790235 -1.5038773481076713 0.2228657026263101 0.9690035024752413 0.7209646595688048 0.5061324137918679 0.1290209716081585 0.2962089693297263 0.2696436916261269 -0.42769484809336555 -0.8963409971470866 -0.8290615438325353 -0.767268397869814 -0.9442739982209729 -1.0124197105910766 -1.3415981517008992 -1.2526622219975438 -1.6551839298107827 -3.0897089258051675 -4.83291089859464 -5.271237980704035 -4.912895484723956 -4.8349321697242615 -4.425480389466605 -4.279082609078289 -4.055587772745831
-10.043747870759427 -10.158094066092312 -9.972425875185632 -9.864143493241611 -9.72063324303847 -9.479235719557932 -8.832717711097501 -8.16281070813716 -7.308390526344208 -6.501903345625143 -5.916889730108915 -5.281055583333626 -5.148229194815627 -4.914916755853578 -4.618078652817703 -3.581744069358797 -2.7351202190658146 -1.3854886105155422 0.3048715598852483 1.0489880886045575 1.2101122729372604 0.6328949889210009 0.6533964532357355 0.1154495797378412 -0.5065244221486127 -0.5330896998522121 -0.5429073024818036 -0.8590918577583437 -0.8738182617027306 -0.9333013835173123 -0.8573593396472394 -0.9295475942765865 -1.3854886105155422 -2.645318030306907 -3.047550985101629 -3.5418961528033974 -5.131770272760137 -5.021177866667977 -4.659081581447172 -4.5984434475585205 -4.409021467411114 -4.389386262151931 -4.542714114984665
-9.871939824741581 -9.972425875185632 -9.97040460405601 -10.133550059518335 -9.94614935050055 -9.509554786502258 -8.782185932856958 -7.68636822758347 -6.78314878566108 -6.044807317312118 -5.49300029892539 -5.162955598760014 -5.195007183815445 -4.933396949038691 -4.015451103171914 -2.750712882065754 -1.1357172494980015 0.32450676514443044 0.7735177089389693 0.9845961654751796 0.9973012982899454 0.3712847541442472 0.6906455926244788 0.450403081218012 -0.28995965826057146 -0.6384845516110591 -0.7028764747404366 -0.6815087513701497 -0.6679373594998328 -0.6552322266850674 -0.6659160883702109 -1.0213710541651158 -3.0429309368053503 -4.43154420285547 -5.140432863315658 -5.6471944108136745 -5.471632575555103 -4.842728501224231 -4.597577188502968 -4.505753728614439 -4.520480132558826 -4.7165434321321325 -4.792774229020723
-9.919872825815467 -10.099477203333283 -10.239233664295698 -10.48120869381327 -10.07897573901855 -9.418886338687798 -8.234132703710955 -7.071035545122916 -6.171569892441251 -5.40117683903686 -4.97555488974223 -4.743974968891284 -4.887485219094426 -4.452911926225757 -3.094617727119963 -1.1238783757387885 0.44058547858842045 0.8116331073832641 0.966115972290067 0.8965264948273766 0.802970516827743 0.2852363546260661 0.3184429517555656 0.34009942814436966 0.10476571805269819 -0.17157092066844237 -0.16002079992774698 -0.21661639155715484 0.02853492116410772 -0.15799952879812507 -0.7196241498144449 -1.995912491661301 -4.178596558634238 -5.415903242981247 -6.095627848571178 -6.154244711330208 -5.608212753313827 -5.108092525241711 -4.841573489150162 -4.754658830576428 -4.741953697761662 -4.726361034761724 -4.403246407040767
-10.176574259277425 -10.296695514980659 -10.197941982647713 -10.184370590777394 -9.728429574538438 -8.691228732023982 -7.360077316658821 -6.266569635533472 -5.492134039869837 -4.928488147723895 -4.6111485803732855 -4.270420018522768 -3.937199035153702 -2.804420943509988 -1.0222373132206677 0.5627280054212762 1.2063584836965338 1.1465866088634349 0.8869976452163031 0.768608907624174 0.6643690679393965 0.3184429517555656 0.031422451349281566 -0.33875891839001016 -0.6278006899259156 -0.43549117959333516 0.09696938655272858 0.48649720853268574 0.7521499855686824 0.3683972239590738 -1.274318698386348 -3.5710602076736535 -5.360173910407391 -5.9677102613679756 -6.181387495070842 -6.270323424774198 -5.862026656590611 -5.6278479585730095 -5.300690788592808 -5.116177609760197 -4.8542786219649265 -4.489006053540431 -4.030177507116301
-10.158094066092312 -10.04461412981498 -9.78704643729747 -9.424661399058147 -8.675636069024042 -7.654027889509523 -6.6745776506985415 -5.966555249293906 -5.36797024190736 -4.776315306965232 -4.165891425819473 -3.4616228136555636 -2.2000608757530946 -0.5417522904077341 0.500068600403003 1.1162675419191088 1.1203100841783526 0.8399309031979683 0.555797932976859 0.6574389954949793 0.7276059789947049 0.40247008014412566 0.11140703747859826 -0.27234572413101077 -0.7548520180735663 -0.5778464177224074 0.2823488244408918 0.9288668329013237 0.7481074433094395 0.2667561614409526 -1.3485282241453165 -3.8953298474686804 -5.7245802197763345 -6.290824889088933 -6.355216812218311 -6.288803617959311 -5.898409536923802 -5.791859673090886 -5.73613034051703 -5.54266581811038 -5.074885928112211 -4.440206793410992 -3.763369718006234
-9.62101345164997 -9.146303489207385 -8.62279426663536 -8.095531254822609 -7.62775136482444 -6.822130443160927 -5.947208797053241 -5.276146782018831 -4.731269836076519 -3.8875335159687108 -2.1697418088087685 -1.2665223668863783 -0.4617677042784174 0.0753129101639245 0.8096118362536431 0.9014352961421719 0.7844903236426304 0.5254788660325329 0.3877436761997388 0.34876201869989165 0.6086397353655406 0.7853565826981819 0.4368316893476947 -0.0009178867246659728 -0.3748530457046835 -0.25184425981627623 0.24914222731139235 0.6767854477356443 0.2823488244408918 -0.4196097635748788 -1.2526622219975438 -2.4911239184186216 -4.910874213594335 -6.412967415921788 -6.614228269828407 -6.490930730921483 -6.339624149218372 -5.9140021999237415 -5.610234024443448 -5.28509812559287 -4.912895484723956 -4.330769399392902 -3.817077779450468
-8.58958766950586 -7.956929805934262 -7.383755064177247 -6.969683235623313 -6.737237055716815 -6.015354509423345 -4.733291107206141 -3.1803773736196272 -2.505561569344491 -1.9040890317727714 -0.5056581630930603 0.021604848719690484 0.19456790681160596 0.4553118825328073 0.5918920602915319 0.6533964532357355 0.5324089384769501 0.34876201869989165 0.3155554215703913 0.18475030418201444 0.29130016801493097 0.2990964995149006 -0.14933693824260352 -0.2850508569457757 -0.44906257146365247 -0.2665706637606631 0.07155912092319872 0.021604848719690484 0.05394518679363758 -0.5700500862224378 -1.2234981671272873 -2.3386623246414406 -4.473413390540491 -6.114974300811843 -6.635595993198694 -6.4978608033659 -6.385535879162636 -5.99600805718268 -5.654990742313644 -4.97439987766816 -4.545601645169839 -4.20487308331932 -3.7772298628950685
-7.91968066654552 -6.6745776506985415 -6.196980158070781 -6.048561106552844 -5.891479464479385 -5.275280522963278 -3.5800115512476927 -2.024210287476005 -1.496947275663254 -0.9881644570356163 -0.5691838271668859 -0.2195039217423287 -0.0075592061505656005 0.32450676514443044 0.4475155510328377 0.1261334414229851 0.002258396479025482 0.24134589581142274 0.23268330525590075 0.06549530753433297 0.00889971590492511 -0.08090247285398222 -0.5319346877781426 -0.6405058227406806 -0.663028558185037 -0.49584056046346925 -0.2937134475012977 -0.2001574695016637 0.08108797053427219 -0.07108487022439114 -0.7184691377403754 -1.8729037057728934 -3.619859467803092 -5.514368022295676 -6.1395183073858215 -6.4617666760512265 -6.287071099848207 -5.941144983664376 -5.438425978425602 -4.625874984317672 -4.067137893486526 -3.7674122602654774 -3.622746997988266
