static/data/thetao/2023/7/30/0.asc
ncols 137
nrows 93
xllcorner 108.0
yllcorner 17.0
cellsize 0.25
NODATA_value -32767
[rows 27 to 53 of 93, columns 61 to 121 of 137]
26.152582 25.732199 25.598885 25.687786 25.515223 25.791931 26.160261 26.34905 26.32739 26.66399 27.059084 27.790329 -32767.0 -32767.0 28.028765 28.170765 28.47178 28.923683 29.289484 29.40094 29.400917 29.468536 29.444427 29.194979 29.13328 -32767.0 -32767.0 -32767.0 -32767.0 -32767.0 -32767.0 -32767.0 -32767.0 -32767.0 27.630714 26.813374 27.648672 -32767.0 -32767.0 -32767.0 28.825087 28.784664 28.522587 28.569906 28.429163 28.76862 28.73128 28.52388 28.50976 28.601389 29.200544 29.293468 29.036245 29.086342 29.180702 29.153904 29.088755 29.202831 28.896597 29.057343 29.5681
26.154657 26.28666 26.048527 25.665154 25.590364 25.57827 26.127352 26.342579 26.28716 26.363 26.77722 27.463614 27.9516 28.158968 28.263042 28.377256 28.624216 29.149015 29.351372 29.519556 29.57698 29.510767 29.33712 -32767.0 29.10657 28.960835 -32767.0 -32767.0 30.489073 -32767.0 -32767.0 -32767.0 -32767.0 -32767.0 -32767.0 26.804453 28.104939 -32767.0 -32767.0 28.608324 28.783058 28.88755 28.982332 29.013975 29.063206 29.13847 29.188667 29.090466 28.205986 28.840588 29.060097 29.029293 28.791006 28.755089 28.951479 29.100124 29.12024 29.238985 28.811714 29.075861 29.629593
26.271736 26.480314 26.528765 26.484962 26.341774 26.06794 25.70588 25.923798 25.969625 26.035378 26.605108 27.669489 27.857006 28.074457 28.281239 28.58357 28.796946 29.037006 29.074938 29.514473 29.555374 29.460882 -32767.0 28.976662 28.9278 29.083008 29.087397 29.399511 -32767.0 29.833914 -32767.0 -32767.0 -32767.0 -32767.0 -32767.0 28.235802 28.762835 28.635342 28.73249 28.954473 29.058132 29.247206 29.379942 29.446133 29.462786 29.363117 29.146442 29.257063 28.263779 28.829546 28.936907 28.84009 28.563974 28.45894 28.522642 28.95503 29.063555 29.10601 28.747992 29.111992 29.66965
26.18075 26.317322 26.701365 26.566696 26.201307 26.185076 26.071297 25.802994 25.77076 25.91093 26.496721 27.842846 28.186153 28.471891 28.55406 28.67569 28.843998 28.863085 29.112839 29.276909 29.567045 29.475378 29.201618 28.904701 28.87062 28.822073 29.19238 29.491982 29.397394 30.213795 -32767.0 -32767.0 -32767.0 -32767.0 28.342667 29.09497 28.6947 28.330057 29.16783 29.505718 29.49242 29.468567 29.447304 29.492521 29.55326 29.594671 29.531082 29.23631 28.449396 28.792664 28.878628 28.395002 28.194016 28.208195 28.362072 28.860575 29.10241 28.964994 28.687769 29.155834 29.667992
26.305212 26.491192 26.811623 26.560587 26.454412 26.397194 26.307396 26.09358 26.080423 25.941269 26.401743 27.251894 28.10164 28.582058 28.591026 28.717424 28.71161 28.862879 28.975124 29.041452 29.416996 29.527302 29.504318 29.475515 29.466028 29.517618 29.449709 28.957376 29.188753 29.043097 -32767.0 -32767.0 -32767.0 -32767.0 28.665813 28.996672 28.499102 28.888666 29.518318 29.350456 29.454313 29.565052 29.586191 29.586483 29.50725 29.481894 29.589455 29.345833 28.88368 29.141945 28.770369 28.404722 27.414646 27.54247 28.1489 28.801569 29.01413 28.908085 28.5821 29.182793 29.66765
26.190079 26.280548 26.593071 26.942158 26.773046 26.75598 26.616182 26.700348 26.458696 26.206465 26.391407 26.906752 28.008461 28.560955 28.546013 28.629108 28.699848 28.832869 28.908407 29.04324 29.208078 29.405294 29.417288 29.431187 29.508617 29.446363 29.503754 29.067001 -32767.0 -32767.0 -32767.0 -32767.0 -32767.0 28.687313 28.889418 29.535923 29.57584 29.53058 29.321793 29.359837 29.414299 29.524588 29.566795 29.696087 29.765734 29.578653 29.557716 29.658821 29.40829 29.062775 28.92613 28.612923 27.444923 27.09265 27.838182 28.379572 28.557058 28.604742 28.475903 29.195143 29.631252
25.942188 26.328125 26.746328 27.069113 27.083807 26.999609 27.24533 26.89634 26.46316 26.314703 26.505041 27.034199 28.08262 28.524828 28.467857 28.553728 28.724947 28.731194 28.904291 29.129816 29.162298 29.136402 29.084524 29.172548 29.378725 29.342215 29.26765 28.94993 -32767.0 -32767.0 -32767.0 -32767.0 -32767.0 28.34641 29.226501 29.407116 29.385656 29.389467 29.39778 29.34021 29.331486 29.512056 29.645477 29.692665 29.721024 29.789444 29.719526 29.626034 29.641846 29.336624 29.002869 28.682308 27.663212 27.015505 27.524279 27.939533 28.218761 28.45169 28.454699 29.266783 29.590475
26.245605 26.574562 26.418236 26.737268 26.854319 27.524042 27.497244 27.259245 26.443457 26.348202 26.438562 27.145267 27.831642 28.082445 28.272211 28.42072 28.587982 28.59925 28.87728 29.002798 29.040096 28.965939 28.94847 29.057129 29.15238 29.241137 29.116453 28.92146 29.359661 -32767.0 29.204683 -32767.0 -32767.0 29.071638 29.33823 29.412245 29.38115 29.430931 29.391108 29.261057 29.270336 29.456665 29.673117 29.631027 29.617886 29.690954 29.612284 29.680767 29.697697 29.76951 29.499987 29.257084 28.633623 27.548662 27.9883 28.348728 28.468315 28.486685 28.956062 29.380188 29.561613
26.48944 26.66464 26.891174 27.00955 26.804811 27.11391 26.74851 26.989645 26.810926 26.332321 26.471237 26.922909 27.31752 27.686302 28.134546 28.407188 28.369608 28.68704 28.882812 28.94834 28.885637 28.875093 28.871378 28.886911 29.005306 29.034054 29.082188 29.039743 29.02881 29.080675 29.206789 -32767.0 28.407898 29.12678 29.170277 29.38725 29.454847 29.300217 29.321396 29.349709 29.364428 29.505701 29.630758 29.643911 29.722572 29.704943 29.666945 29.640278 29.654423 29.756317 29.719728 29.595402 29.44217 28.992414 28.784737 29.08226 29.278881 29.36721 29.258581 29.426065 29.497099
25.855791 26.417997 26.823687 27.225784 26.770704 26.92709 27.178917 27.438818 26.648058 26.465698 26.574318 27.253508 27.64879 27.963287 28.137417 28.161556 28.575794 28.806171 28.917778 28.898863 28.929193 28.938086 28.983395 28.988379 28.96907 28.99842 29.023329 29.034788 28.992125 28.94403 -32767.0 28.892075 28.91441 28.58025 29.157368 29.226593 29.36874 29.346079 29.329443 29.35956 29.45493 29.534105 29.594568 29.607727 29.668352 29.616222 29.656271 29.662228 29.674252 29.743242 29.731092 29.652386 29.646618 29.586226 29.487661 29.41405 29.451193 29.410755 29.41294 29.384544 29.366556
25.405598 26.090975 27.024693 27.33761 27.405664 27.277458 27.5446 27.74998 27.360283 26.968628 27.2143 27.504862 27.65641 27.776876 28.005516 28.295631 28.671843 28.82463 28.851652 28.866316 28.971115 29.050255 29.099049 29.215256 29.350626 29.407473 29.495043 29.51935 29.19795 28.805452 28.994146 28.57205 28.525509 29.14006 29.161787 28.985525 28.983381 29.304792 29.30292 29.369564 29.449379 29.547728 29.631264 29.636408 29.63512 29.51579 29.613 29.70662 29.735569 29.717247 29.674997 29.616621 29.620886 29.579956 29.548038 29.578064 29.510818 29.458601 29.524933 29.32358 29.149082
24.62816 26.086134 27.266989 27.606071 27.88428 27.7416 27.882984 27.957788 27.876617 27.521198 27.49898 27.515371 27.595922 27.747257 28.05166 28.30637 28.488834 28.83617 28.877392 28.955776 29.046692 29.083838 29.125998 29.223385 29.402328 29.58953 29.641554 29.666739 -32767.0 29.344616 29.401781 -32767.0 28.29432 28.709164 28.992622 29.222717 29.00896 29.163086 29.29673 29.345152 29.504242 29.538807 29.683554 29.640331 29.568808 29.563093 29.462515 29.619001 29.540562 29.5491 29.62796 29.655943 29.681747 29.627378 29.652035 29.564638 29.428095 29.533758 29.404797 29.322187 29.008081
25.28673 26.888214 27.467382 28.186361 27.973232 28.06587 28.22386 28.288307 28.25286 28.143631 27.973896 27.844076 28.234995 28.436083 28.509918 28.518192 28.656515 28.858995 29.026197 29.15457 29.252966 29.323832 29.390432 29.314623 29.324041 29.446692 29.46771 29.539736 29.712654 -32767.0 29.750315 28.034147 28.764084 29.409613 29.517586 29.383636 29.420683 29.48331 29.311188 29.48073 29.535685 29.541061 29.696352 29.630562 29.517447 29.46875 29.418787 29.414251 29.56943 29.499708 29.432173 29.524332 29.643482 29.686407 29.646784 29.569975 29.518446 29.573668 29.318758 29.15211 28.89048
26.461008 27.287542 27.763437 28.202644 28.47885 28.37683 28.409765 28.651306 28.714231 28.452864 28.40115 28.434273 28.530952 28.556993 28.634327 28.76203 28.87624 29.019943 29.315083 29.532885 29.33184 29.322016 29.408962 29.476498 29.631634 29.516422 29.565237 29.390253 29.351374 29.395931 29.472187 29.50318 29.36919 29.125813 29.27582 29.308027 29.326147 29.43427 29.440678 29.665895 29.500854 29.553 29.675997 29.525076 29.420942 29.450577 29.452703 29.42726 29.50077 29.480585 29.480198 29.502762 29.595512 29.636831 29.708754 29.571703 29.606155 29.382975 29.334034 29.031868 28.852324
27.419447 27.874891 27.862024 28.25889 28.573475 28.676416 28.699478 28.822037 28.78408 28.739565 28.711178 28.65439 28.67604 28.699121 28.66366 28.822966 29.000952 29.400629 29.743095 29.60899 29.377056 29.310852 29.483805 29.597475 29.638819 29.600655 29.505434 29.50982 29.359781 29.24512 29.250225 29.065514 29.241251 29.236378 29.127125 29.215534 29.3507 29.291859 29.513845 29.524565 29.451303 29.615526 29.634062 29.417747 29.412338 29.399488 29.23523 29.276363 29.437586 29.51292 29.562557 29.520134 29.552809 29.550543 29.448591 29.560349 29.389017 29.311733 29.25713 28.960081 28.846334
28.240452 28.773811 28.826336 28.830708 28.880152 28.855938 28.79664 28.626108 28.605154 28.750149 28.829094 28.742271 28.740847 28.743954 28.885784 29.014408 29.372967 29.434202 29.7698 29.452555 29.240168 29.049524 28.958092 28.988771 29.136333 29.195303 29.215033 29.187572 29.160608 29.099842 29.16948 29.115534 29.095486 29.117168 29.170414 29.266172 29.321396 29.220823 29.407547 29.359825 29.427727 29.623821 29.519197 29.606318 29.465118 29.514992 29.47366 29.314592 29.356256 29.48045 29.587673 29.633657 29.61513 29.407621 29.467638 29.428455 29.168554 29.039331 29.014175 28.98741 28.791231
28.58479 29.138348 29.763973 29.733343 29.592028 29.531853 28.885914 28.729557 28.785648 28.829088 28.868143 28.747261 28.802767 28.948368 28.950087 29.179255 29.318308 29.645363 29.854748 29.326616 29.085762 29.012894 28.920845 28.90973 28.973976 29.030901 29.111769 29.09543 29.107733 29.082472 29.102596 29.087437 29.142015 29.251116 29.327341 29.244457 29.274439 29.24653 29.29395 29.231684 29.451483 29.519815 29.597618 29.493109 29.22042 29.208742 29.270607 29.354595 29.479702 29.425228 29.522436 29.54948 29.529436 29.436085 29.465862 29.067747 29.024704 29.050337 28.849588 28.853178 28.725382
28.888134 29.582018 29.369366 29.117697 29.267796 29.427292 29.247396 28.93305 28.922955 28.738405 28.715406 28.80935 28.929415 28.931746 29.125969 29.243038 29.485897 29.591587 29.516342 29.189644 28.948294 28.946262 28.757338 28.84794 29.06698 29.035484 29.048838 29.052343 29.0519 29.103645 29.20115 29.294508 29.384336 29.326601 29.369505 29.417398 29.347095 29.285671 29.329481 29.228106 29.418842 29.467846 29.517958 29.334848 29.176727 29.199911 29.152063 29.229727 29.393898 29.406725 29.42374 29.461945 29.445282 29.443186 29.238031 29.092081 28.917627 28.8677 28.802685 28.733326 28.67733
29.011637 29.56442 29.49601 29.03829 29.095934 29.13256 29.133823 28.88948 28.87552 28.926645 28.943771 29.014769 29.03247 29.060389 29.156675 29.346725 29.500174 29.13214 29.233727 29.155954 28.905113 28.932362 28.881329 28.913336 29.02636 29.022346 29.013075 29.026548 29.133615 29.261972 29.399637 29.51024 29.549763 29.524023 29.48344 29.47911 29.519524 29.486584 29.423326 29.25448 29.40811 29.451826 29.576126 29.240946 29.26995 29.401115 29.206152 29.361788 29.30214 29.287018 29.325188 29.367317 29.34574 29.35622 29.012316 28.805096 28.608812 28.616302 28.593412 28.55898 28.676237
28.95991 29.462238 29.16329 29.053188 29.157381 28.996542 28.806314 28.752329 28.865776 28.948746 28.958948 29.091894 29.10044 29.147608 29.203926 29.60832 29.358337 28.976915 29.14603 29.126715 28.879007 28.957438 28.864029 28.883116 28.84773 28.816568 28.815401 28.933786 29.051315 29.161963 29.35738 29.369995 29.333115 29.278757 29.240284 29.283188 29.401028 29.513445 29.491955 29.297777 29.412981 29.565758 29.535398 29.21342 29.326818 29.403572 29.12869 29.420155 29.428062 29.227654 29.227007 29.321218 29.28011 28.977972 28.721653 28.419497 28.445158 28.501162 28.549744 28.478947 28.57321
28.94125 29.006777 28.767385 28.784302 29.141094 29.29274 28.992378 28.939354 28.88274 28.93523 28.989859 29.12338 29.137577 29.177279 29.398952 29.730137 29.207901 29.110638 29.143805 29.089918 29.100283 29.077679 28.981493 28.937178 -32767.0 28.87829 28.971403 29.00078 29.035667 29.0796 29.07963 29.046339 28.95724 28.903648 28.947077 29.164661 29.357563 29.495546 29.493439 29.323235 29.445711 29.639679 29.33458 29.568375 29.694899 29.495272 29.065113 29.279268 29.266043 29.127987 29.067314 29.114681 28.893133 28.576326 28.26569 28.220074 28.201853 28.322298 28.3853 28.393175 28.495998
28.868162 28.654406 28.50167 28.92634 29.139387 29.17932 29.247292 29.09213 29.018188 29.018044 29.150286 29.142067 29.161917 29.44521 29.846178 29.774467 29.183853 29.132174 29.163153 29.070171 29.042484 29.049898 28.985023 28.870047 28.924707 28.92078 28.945377 28.940817 29.020128 29.074287 28.870794 28.724371 28.639004 28.620573 28.758423 29.061684 29.368504 29.474075 29.419945 29.34848 29.52731 29.518906 29.710058 29.741537 29.62791 29.148933 28.973167 29.12609 29.12143 29.06953 28.941658 28.813639 28.562855 28.36399 28.614435 28.485922 28.190027 28.271355 28.35023 28.357914 28.262506
28.20383 28.458853 28.718924 29.182928 29.280079 29.044859 29.011974 29.127485 29.019531 29.103262 29.091463 29.028542 29.425539 29.596403 29.852531 29.557312 29.154003 29.088827 29.118614 28.967663 29.024517 28.97331 29.067472 -32767.0 28.931496 28.87436 28.942822 28.969805 29.015717 28.840319 28.689642 28.647402 28.692318 28.714128 28.820084 29.132065 29.396688 29.42593 29.339914 29.446001 29.560726 29.57984 29.760317 29.698215 29.634853 29.24255 28.873415 29.034288 29.072226 28.945898 28.843689 28.68621 28.335281 28.538797 28.752525 28.796787 28.606936 28.46486 28.385975 28.402346 28.482508
28.193909 28.42495 28.752878 28.856726 28.836063 28.85862 28.876047 28.97485 29.00155 28.862274 29.047981 29.346016 29.601797 29.887413 29.752821 29.229185 29.085518 29.124338 28.975052 28.87389 28.894867 28.878134 28.891294 28.974852 28.787794 29.015305 28.990986 28.97369 28.87522 28.736618 28.686693 28.804533 28.810116 28.851267 28.951117 29.365837 29.40332 29.341919 29.418741 29.522623 29.537136 29.643663 29.648321 29.605175 29.514559 29.49833 29.102156 28.890522 28.878193 28.90531 28.856386 28.590855 28.277052 28.433483 28.998014 28.931095 28.769009 28.564852 28.478157 28.465961 28.622295
28.163948 28.43673 28.380308 28.36413 28.352097 28.06794 28.009104 28.456533 28.704655 28.986555 29.199259 29.539862 29.588345 29.609098 29.397175 29.193186 29.137104 29.105978 29.055239 28.967041 28.796524 28.88403 28.87766 28.787224 29.024479 29.07685 28.981434 28.949781 28.774845 28.698097 28.830908 28.94945 28.977236 29.063818 29.315891 29.365997 29.311382 29.427692 29.483952 29.454386 29.529413 29.547424 29.43626 29.395458 29.450747 29.427553 29.27387 29.105568 29.088024 29.060875 28.97281 28.714725 28.435965 28.453821 28.96226 29.125868 29.053118 28.865253 28.788721 28.780373 28.783686
28.292593 28.655888 28.565115 28.417143 28.355324 28.344557 28.668886 28.779396 29.003298 29.02254 29.46526 29.52986 29.388706 29.261774 29.283314 29.210316 29.162025 29.20392 29.182878 29.06125 28.791956 28.692442 28.882105 28.958904 29.032541 29.139187 28.962088 28.923126 28.77986 28.76407 28.90633 29.072645 29.157549 29.288754 29.313814 29.2768 29.446861 29.449926 29.430449 29.52978 29.428055 29.205397 29.12411 29.123562 29.227386 29.400145 29.371906 29.165535 28.952614 28.90016 28.951923 28.924238 28.849377 28.839373 28.99815 29.277596 29.11493 28.997591 29.099615 29.017374 28.930368
28.830982 28.84565 28.620556 28.564684 28.572649 28.587347 28.78667 28.819235 28.928558 29.185087 29.473833 29.419897 29.230757 29.270449 29.235573 29.230944 29.119507 29.24898 29.26535 29.544731 -32767.0 29.044775 28.923153 29.025661 29.12326 29.253677 28.967403 28.93037 28.798641 28.836246 28.97026 29.107265 29.182842 29.21157 29.275793 29.445452 29.456648 29.420204 29.432129 29.255424 29.119267 29.076426 29.001738 28.94246 29.046751 29.190945 29.4374 29.349644 29.233273 28.878826 28.888636 28.877064 28.960022 28.954674 29.002033 29.258146 29.282024 29.119081 29.242348 29.182007 28.963272
