static/data/thetao/2023/7/30/12.asc
ncols 137
nrows 93
xllcorner 108.0
yllcorner 17.0
cellsize 0.25
NODATA_value -32767
[rows 0 to 26 of 93, columns 61 to 121 of 137]
-32767.0 -32767.0 -32767.0 -32767.0 -32767.0 -32767.0 -32767.0 -32767.0 -32767.0 -32767.0 -32767.0 -32767.0 -32767.0 -32767.0 -32767.0 -32767.0 -32767.0 -32767.0 -32767.0 22.185833 19.907423 20.2677 21.649345 23.359795 23.958532 23.599113 23.007517 23.815527 25.284008 25.73941 25.883965 25.916368 25.95573 26.288027 26.657207 26.479004 26.246447 26.320688 26.118343 26.210073 26.482046 26.437967 26.10887 26.236269 26.358715 26.2016 25.96154 26.05124 26.191833 26.20772 26.398088 26.6518 26.806227 26.721622 26.645536 26.676228 26.739248 26.903864 26.762136 26.538597 26.605274
26.44638 26.809608 27.220766 27.402058 27.504055 27.649355 28.080189 -32767.0 -32767.0 -32767.0 -32767.0 -32767.0 -32767.0 -32767.0 -32767.0 -32767.0 -32767.0 -32767.0 24.333393 23.626875 21.007912 22.027657 24.38485 25.260805 25.023685 25.071384 25.10444 25.103287 25.220205 25.552956 26.056456 26.027792 26.03025 26.53784 27.006746 27.019531 26.7699 26.779371 26.66238 26.388556 25.928091 25.974783 26.28574 26.427994 26.798784 26.885324 26.772675 26.746017 27.0166 27.381372 27.311636 27.280582 27.1798 27.254356 27.132893 26.992188 27.205267 27.103798 26.83642 26.61956 26.845644
27.102947 26.725286 26.085299 25.832825 26.076239 26.229368 27.274017 27.420073 26.992218 -32767.0 -32767.0 -32767.0 -32767.0 -32767.0 -32767.0 -32767.0 -32767.0 -32767.0 25.444695 24.963638 23.033926 23.696201 25.421333 25.452246 25.462137 25.892248 25.82594 25.609884 25.693544 25.742664 26.257061 26.188017 26.166431 26.782738 27.264824 27.15957 26.481802 26.422934 25.982056 25.644081 25.751417 26.164835 26.340782 26.627222 26.91289 26.961126 27.258091 27.2992 27.35266 27.430914 27.311537 27.08597 27.062399 27.05633 27.46811 27.72053 27.320736 27.079393 26.82259 26.835505 27.256716
25.940304 26.015541 25.843159 25.70228 25.450209 25.637953 25.727795 26.85221 27.268164 -32767.0 -32767.0 -32767.0 -32767.0 -32767.0 -32767.0 -32767.0 -32767.0 27.039732 25.76684 25.138445 23.253963 25.856092 26.263712 26.426777 26.337553 26.589964 25.732302 25.585152 25.727613 26.120523 25.882177 26.42835 26.533266 27.20707 26.994385 26.850971 27.121832 26.337004 26.225307 26.600513 26.51505 26.42863 26.397964 26.64634 27.264898 27.194805 27.385426 27.435884 27.425188 27.560692 27.605316 27.136005 27.138613 27.578419 27.903435 28.132296 27.627846 27.325436 27.090597 26.9445 27.214418
26.155561 26.159327 26.137638 26.053917 25.865747 25.465212 25.486595 26.459007 -32767.0 -32767.0 -32767.0 -32767.0 -32767.0 -32767.0 -32767.0 -32767.0 -32767.0 -32767.0 -32767.0 25.147783 24.797073 26.361095 27.7871 27.895435 27.888239 27.576832 25.717333 26.286306 26.372448 25.956675 26.41313 26.342838 26.31867 27.134212 27.239067 26.709808 26.09892 26.382376 27.373291 27.415108 27.049273 26.562723 26.596222 26.957144 27.3908 27.406422 27.555634 27.66118 27.758394 27.767477 27.722233 27.724293 27.453005 27.641478 27.87758 28.043978 28.326614 27.766098 27.398363 27.448172 28.154919
26.072886 26.319927 26.499828 26.589848 26.436815 26.238209 25.905851 27.369534 -32767.0 -32767.0 -32767.0 -32767.0 -32767.0 -32767.0 -32767.0 -32767.0 -32767.0 -32767.0 -32767.0 -32767.0 25.989782 26.786554 27.691364 27.86687 27.689274 27.516361 25.641905 26.05795 26.354984 26.223898 26.37004 26.69338 26.831833 26.596943 26.463879 26.571547 26.743168 27.533298 27.41265 27.2445 26.806099 26.682325 27.126858 27.587263 27.608105 27.591597 27.63212 27.669989 27.684782 27.6976 27.768187 27.843956 27.827673 27.76561 27.881386 28.237503 28.364298 28.626614 28.282753 28.275095 28.622345
26.679989 26.890436 26.934256 26.923407 26.887512 26.701204 26.20827 27.648958 -32767.0 -32767.0 -32767.0 -32767.0 -32767.0 -32767.0 -32767.0 -32767.0 -32767.0 -32767.0 -32767.0 -32767.0 -32767.0 26.325943 27.331884 27.430471 27.397064 27.290289 25.528688 26.231625 26.071302 26.222473 26.297739 27.243345 27.41957 27.300686 27.169939 27.131792 27.651127 27.319647 27.183594 26.782188 26.876654 27.471495 27.674583 27.554237 27.504286 27.877 27.939943 27.861166 27.887367 27.910908 27.796688 27.891756 28.007185 28.089628 28.107424 28.255867 28.381609 28.505934 28.29 28.45559 28.836983
26.84319 27.025457 27.012346 26.940355 26.82257 27.018229 27.050703 -32767.0 -32767.0 -32767.0 -32767.0 -32767.0 -32767.0 -32767.0 -32767.0 -32767.0 -32767.0 -32767.0 -32767.0 -32767.0 -32767.0 -32767.0 26.23004 27.24761 27.322962 26.368721 25.47825 26.149433 26.582924 26.661161 27.442417 27.724056 27.819817 27.651043 27.321505 27.424557 27.405529 27.48917 27.537725 27.573269 27.575 27.634993 27.809996 28.089174 28.256195 28.137228 28.34163 28.472218 28.604677 28.684744 28.250177 28.042315 28.221628 28.23456 28.249575 28.171339 28.300133 28.52104 28.891533 28.960194 28.952133
26.507095 26.827757 26.975712 27.045883 27.023853 26.85179 -32767.0 28.484385 -32767.0 -32767.0 -32767.0 -32767.0 -32767.0 -32767.0 -32767.0 -32767.0 -32767.0 -32767.0 -32767.0 -32767.0 -32767.0 -32767.0 25.814516 26.284492 26.9633 24.94644 26.090464 26.080896 26.983873 27.409246 27.553997 27.663036 27.732439 27.616037 27.541784 27.427565 27.702057 27.648216 28.085289 28.559612 28.646082 28.523441 28.44932 28.475517 28.419123 28.359686 28.499084 28.92463 28.792568 28.651886 28.519674 28.15227 28.253128 28.238308 28.21547 28.27669 28.33026 28.321974 28.773947 29.04057 -32767.0
26.407316 26.877312 27.018143 27.215382 27.39524 27.364748 27.0679 27.192247 28.217627 28.095018 28.231947 28.512718 29.16405 -32767.0 -32767.0 -32767.0 -32767.0 -32767.0 -32767.0 -32767.0 -32767.0 -32767.0 -32767.0 25.832205 25.1858 24.517607 26.289255 25.821432 26.328297 27.33417 27.37987 27.750536 27.56724 27.631678 27.544746 27.580729 27.844652 28.352436 28.717258 28.34398 28.65501 28.67342 28.547462 28.559364 28.424053 28.646397 29.0056 29.118862 28.929422 28.669664 28.634785 28.306545 28.321554 28.31532 28.219707 28.270382 28.40055 28.255035 28.801367 29.144514 29.396091
26.53035 26.88967 27.146265 27.388668 27.414944 27.416763 27.484354 27.42352 27.224627 28.209023 28.481565 28.353558 28.698788 -32767.0 -32767.0 -32767.0 -32767.0 -32767.0 -32767.0 -32767.0 -32767.0 -32767.0 -32767.0 -32767.0 25.82313 23.46562 26.286995 26.024952 25.684917 26.972527 27.497461 27.42344 27.456125 27.586718 27.610157 27.499304 27.64009 28.398167 28.87573 28.778229 28.668272 28.707407 28.727821 28.70577 28.738611 28.830725 29.20742 29.357018 29.00866 28.747726 28.789282 28.257504 28.076654 28.05567 28.570065 28.360304 -32767.0 30.124517 30.06738 29.775312 29.73568
26.445406 26.742142 26.897594 27.375153 27.540216 27.640078 27.572266 27.646603 27.397894 27.237827 27.4322 27.180624 27.436386 28.175863 28.95218 -32767.0 -32767.0 -32767.0 -32767.0 -32767.0 -32767.0 -32767.0 -32767.0 -32767.0 -32767.0 23.058054 25.483658 26.467478 26.404789 26.291628 27.377401 27.489006 27.390123 27.373838 27.448381 27.527588 27.56015 27.984783 28.89992 29.103683 28.975965 28.868757 29.029146 29.239395 29.160284 29.149742 29.214487 29.365244 29.34315 28.636877 28.630592 28.50153 28.65224 28.647978 -32767.0 -32767.0 29.670841 29.586338 29.561905 29.995342 29.891624
26.691948 26.804777 26.874456 27.222042 27.421806 27.63997 27.774092 27.796137 27.550636 27.505941 26.864101 27.13996 27.072384 -32767.0 29.215303 -32767.0 -32767.0 -32767.0 -32767.0 -32767.0 -32767.0 -32767.0 -32767.0 -32767.0 -32767.0 23.114836 24.995693 27.096777 26.712248 26.364662 26.922823 27.539255 27.625113 27.621916 27.762081 27.691954 27.631851 28.018826 29.050663 29.276972 29.516693 29.313889 29.484657 29.49327 29.838549 29.844835 29.706688 29.535463 29.37906 28.815937 28.568718 28.283049 28.441286 28.502987 -32767.0 30.312515 29.949963 30.029991 -32767.0 -32767.0 -32767.0
26.791718 26.949705 27.038553 27.268148 27.494492 27.627127 27.595423 27.805119 28.032104 27.936567 27.994133 27.810757 -32767.0 -32767.0 -32767.0 -32767.0 -32767.0 -32767.0 -32767.0 -32767.0 -32767.0 -32767.0 -32767.0 -32767.0 -32767.0 23.75863 25.605436 27.566408 27.619638 26.716516 26.643955 27.476473 27.629667 27.250484 27.349096 27.360638 27.824064 28.49946 29.119009 29.5169 29.556517 29.744814 29.879023 29.992315 29.995657 29.946922 29.884672 29.64427 29.269392 28.643782 28.23402 28.028473 28.517254 29.050163 29.426674 -32767.0 30.01821 -32767.0 -32767.0 -32767.0 -32767.0
26.93266 26.960754 27.02236 27.2647 27.465279 27.519613 27.53993 27.554577 27.690226 27.883654 28.065998 27.855114 28.091404 -32767.0 -32767.0 -32767.0 -32767.0 -32767.0 -32767.0 -32767.0 -32767.0 -32767.0 -32767.0 -32767.0 -32767.0 23.199581 25.014978 27.99942 28.10694 27.57148 26.845798 27.025984 27.238087 27.917524 27.856556 27.624449 28.241833 29.098183 29.371433 29.545439 29.452356 29.870441 29.929352 29.967896 29.943935 29.954098 29.813425 29.53961 29.057467 28.657991 28.458956 28.814318 28.569862 29.690222 -32767.0 -32767.0 -32767.0 -32767.0 -32767.0 -32767.0 -32767.0
26.855778 26.976776 27.054426 27.26417 27.38982 27.454763 27.53773 27.600662 27.612371 27.833494 28.188412 27.949854 28.229456 28.765736 -32767.0 -32767.0 -32767.0 -32767.0 -32767.0 -32767.0 -32767.0 -32767.0 -32767.0 -32767.0 -32767.0 22.959494 25.525356 28.11073 28.30876 27.853458 27.758173 27.691807 28.348736 28.813465 28.43386 27.515434 28.318064 28.75147 28.81529 29.21777 -32767.0 30.06419 30.028402 29.787195 29.928204 29.946444 29.821436 29.501347 29.327648 29.087585 28.800663 28.85238 -32767.0 -32767.0 -32767.0 -32767.0 -32767.0 -32767.0 -32767.0 -32767.0 -32767.0
26.79993 26.968588 27.113615 27.418695 27.560822 27.584389 27.571587 27.575907 27.403587 27.465185 28.009861 27.921541 27.373272 28.283672 -32767.0 -32767.0 -32767.0 -32767.0 -32767.0 -32767.0 -32767.0 -32767.0 -32767.0 -32767.0 -32767.0 -32767.0 27.552345 28.251352 28.383865 27.972025 27.988579 28.304426 28.64481 28.8102 29.091965 28.909256 28.05541 28.37574 29.125345 29.052616 29.838093 29.956488 29.887424 29.831148 29.548744 29.564125 30.031143 29.446413 29.787983 29.089642 29.067696 29.132072 -32767.0 -32767.0 -32767.0 -32767.0 -32767.0 -32767.0 -32767.0 -32767.0 -32767.0
27.072145 27.248722 27.424824 27.55626 27.638847 27.582403 27.475801 27.327805 27.01872 26.906757 27.375206 27.677979 27.531958 28.552187 28.887886 -32767.0 -32767.0 -32767.0 -32767.0 -32767.0 -32767.0 -32767.0 -32767.0 -32767.0 -32767.0 24.872648 28.48828 28.65207 28.334402 28.105244 28.193727 28.431986 28.973116 29.174858 29.540743 29.479967 29.136423 28.91307 29.129168 28.983833 29.031897 29.234547 29.339716 29.62039 29.45561 29.652317 29.5195 28.918928 -32767.0 29.904974 29.801722 29.887947 -32767.0 -32767.0 -32767.0 -32767.0 -32767.0 -32767.0 -32767.0 -32767.0 -32767.0
27.261831 27.345114 27.40896 27.448185 27.512892 27.241417 26.847008 26.560925 26.546415 26.154192 26.717867 27.017069 26.980186 27.798468 -32767.0 -32767.0 -32767.0 -32767.0 -32767.0 -32767.0 -32767.0 -32767.0 -32767.0 -32767.0 -32767.0 26.777534 29.209549 28.910936 28.216259 28.305067 28.472195 28.763638 28.8885 29.372063 29.561228 29.42761 29.175207 29.226908 29.099817 -32767.0 -32767.0 28.35258 29.107183 -32767.0 -32767.0 -32767.0 -32767.0 -32767.0 -32767.0 -32767.0 -32767.0 -32767.0 -32767.0 -32767.0 -32767.0 -32767.0 -32767.0 -32767.0 -32767.0 -32767.0 -32767.0
27.326975 27.315351 27.189291 26.935246 27.059435 26.85884 26.903997 26.093447 25.715935 25.690065 25.878727 26.366114 27.573109 -32767.0 -32767.0 -32767.0 -32767.0 -32767.0 -32767.0 -32767.0 -32767.0 -32767.0 -32767.0 -32767.0 24.839441 29.124321 29.254227 28.848324 28.434761 28.820026 28.808664 28.957893 29.144821 29.417213 29.532518 29.291668 29.451471 29.131237 -32767.0 -32767.0 -32767.0 -32767.0 -32767.0 -32767.0 -32767.0 -32767.0 -32767.0 -32767.0 -32767.0 -32767.0 -32767.0 -32767.0 -32767.0 -32767.0 -32767.0 -32767.0 -32767.0 -32767.0 -32767.0 -32767.0 -32767.0
27.274105 27.263874 27.162703 27.186293 27.156101 27.200035 27.103203 25.838058 26.055855 25.35942 25.192715 24.974388 26.866869 -32767.0 -32767.0 -32767.0 -32767.0 -32767.0 -32767.0 -32767.0 -32767.0 24.761353 26.80711 27.18301 28.822096 29.495028 29.151756 28.543541 28.60089 28.835653 29.367424 29.345745 29.250685 29.54215 29.646717 29.361774 -32767.0 -32767.0 -32767.0 -32767.0 -32767.0 -32767.0 -32767.0 -32767.0 -32767.0 -32767.0 -32767.0 -32767.0 -32767.0 -32767.0 -32767.0 -32767.0 -32767.0 -32767.0 30.067177 -32767.0 -32767.0 -32767.0 -32767.0 -32767.0 -32767.0
27.07989 27.054193 27.02554 27.02208 26.935669 26.915224 26.977173 26.610897 26.466448 24.937864 24.45876 24.02702 25.100718 -32767.0 -32767.0 -32767.0 -32767.0 29.978067 27.185724 28.321398 27.794315 27.465614 27.73007 29.157164 29.2014 29.506973 29.066433 28.609926 28.829626 29.127678 29.908716 29.520107 29.462753 28.967142 28.924385 -32767.0 -32767.0 -32767.0 -32767.0 -32767.0 -32767.0 -32767.0 -32767.0 -32767.0 -32767.0 28.63996 29.40407 -32767.0 -32767.0 -32767.0 -32767.0 -32767.0 -32767.0 -32767.0 28.006783 -32767.0 -32767.0 -32767.0 -32767.0 -32767.0 27.184263
27.029379 26.908539 26.826206 26.916653 26.928457 26.810114 26.822124 26.881151 26.644241 24.975777 24.21222 23.492168 -32767.0 26.901941 -32767.0 27.535069 -32767.0 27.322796 -32767.0 27.70143 27.787785 28.135326 28.784391 29.32569 29.598587 29.685837 29.457636 29.738115 29.661346 29.48564 29.622927 29.385338 28.854319 -32767.0 -32767.0 -32767.0 -32767.0 -32767.0 -32767.0 -32767.0 -32767.0 29.878931 29.839499 28.480938 28.507338 27.21577 28.659485 28.065254 28.519358 -32767.0 -32767.0 -32767.0 -32767.0 -32767.0 28.123184 28.065502 29.075197 29.474722 29.743902 29.682121 29.344793
27.09562 27.096697 26.934338 26.897293 26.943695 26.805616 26.766838 26.796255 26.888313 26.524763 25.306957 23.868605 23.859333 24.71826 25.092186 25.368448 25.790295 26.68185 27.437443 27.913988 28.319468 28.8211 29.641373 29.937466 -32767.0 29.774948 29.984505 29.960045 29.617483 29.036297 28.868788 -32767.0 -32767.0 -32767.0 -32767.0 -32767.0 28.33811 29.184542 27.886042 28.794369 29.158878 29.249193 30.185575 -32767.0 -32767.0 27.933367 28.697979 27.990053 -32767.0 -32767.0 -32767.0 -32767.0 -32767.0 28.453482 28.945997 29.406567 29.371796 29.594753 29.681519 29.690208 29.710546
27.00102 27.083046 26.941805 26.968718 26.970535 26.921362 26.955929 26.969687 26.59512 26.920782 27.092052 26.742033 26.321646 26.115717 26.588924 27.340864 27.96683 28.159136 28.563345 28.956665 29.338755 29.57717 29.564493 30.050415 29.96071 30.082174 29.887815 29.729382 29.509893 28.885857 28.606306 30.97533 -32767.0 28.36415 28.63788 -32767.0 28.264807 28.096071 28.309355 -32767.0 29.88809 29.646355 -32767.0 -32767.0 -32767.0 -32767.0 27.858585 28.135801 -32767.0 -32767.0 -32767.0 -32767.0 29.223448 29.587639 29.323675 29.532259 29.426218 29.434816 29.440481 29.527193 29.652504
26.505669 26.595797 26.731333 26.78589 26.831245 26.947721 27.064573 27.153748 27.257635 27.290707 27.649805 28.268578 28.44517 27.82842 27.428185 27.635866 28.02027 28.24283 28.66304 29.189518 29.74212 29.96773 30.071644 30.17547 30.08055 29.83581 -32767.0 29.753504 29.607788 -32767.0 -32767.0 31.127554 28.545311 28.434338 27.974352 27.881292 28.352428 28.15617 -32767.0 -32767.0 -32767.0 -32767.0 -32767.0 -32767.0 -32767.0 -32767.0 28.263086 28.711645 28.871609 -32767.0 -32767.0 29.53655 29.674011 29.469198 29.549713 29.429964 29.322838 29.253319 29.226809 29.294888 29.596916
26.255009 26.206348 26.492163 26.64662 26.50124 26.554197 26.855196 26.940317 27.04235 26.928812 26.991728 27.964252 29.095852 -32767.0 -32767.0 27.591894 28.390446 28.980873 29.208067 29.40271 29.612206 29.823458 29.919275 29.97064 29.960022 29.788065 29.692959 29.574907 -32767.0 -32767.0 -32767.0 -32767.0 -32767.0 -32767.0 27.06553 27.605125 28.029753 -32767.0 -32767.0 -32767.0 -32767.0 -32767.0 29.64035 -32767.0 29.226835 29.608849 28.996426 28.786034 28.618504 28.885431 -32767.0 29.609001 29.482143 29.597214 29.545746 29.407358 29.304062 29.422619 29.19384 29.14658 29.59596
