static/data/thetao/2023/7/30/18.asc
ncols 137
nrows 93
xllcorner 108.0
yllcorner 17.0
cellsize 0.25
NODATA_value -32767
[rows 27 to 53 of 93, columns 61 to 121 of 137]
26.459412 26.204817 26.03151 26.07191 26.007969 26.243998 26.60954 26.816402 26.789042 26.927849 27.08856 27.941774 -32767.0 -32767.0 28.353174 28.45592 28.6282 29.068903 29.432625 29.571686 29.596455 29.581669 29.647968 29.379425 29.212618 -32767.0 -32767.0 -32767.0 -32767.0 -32767.0 -32767.0 -32767.0 -32767.0 -32767.0 27.812378 27.02275 27.80473 -32767.0 -32767.0 -32767.0 29.03134 28.974838 28.756334 28.84573 28.891733 28.824253 28.864048 28.66318 28.590656 28.91578 29.39547 29.20197 29.098587 29.200788 29.29329 29.232195 29.182478 29.294296 29.075617 28.860802 29.474356
26.55714 26.60614 26.709223 26.541061 26.384024 26.138199 26.651442 26.894135 26.78245 26.83658 27.071281 27.693924 28.192776 28.440638 28.5056 28.58295 28.794762 29.23416 29.274757 29.56481 29.730682 29.677725 29.683016 -32767.0 29.354233 29.123499 -32767.0 -32767.0 30.558979 -32767.0 -32767.0 -32767.0 -32767.0 -32767.0 -32767.0 26.8533 28.217901 -32767.0 -32767.0 28.753775 28.807747 28.873621 28.96414 29.031916 29.081774 29.108305 29.126999 29.154068 28.301369 29.12789 29.041054 28.978407 28.894587 28.806366 28.955738 29.187975 29.235737 29.302912 28.987669 28.85911 29.543056
26.671494 26.864328 26.95479 27.004295 27.025888 26.917898 26.373997 26.540762 26.602392 26.651632 26.972076 27.988813 28.194862 28.435827 28.61489 28.808971 28.982626 29.103418 29.206556 29.432583 29.71482 29.689867 -32767.0 29.199923 29.048737 29.295563 29.279263 29.637953 -32767.0 29.951742 -32767.0 -32767.0 -32767.0 -32767.0 -32767.0 28.223911 28.743496 28.425798 28.688438 28.943243 29.111145 29.322683 29.452713 29.433916 29.412584 29.429295 29.362146 29.081154 28.41429 29.03734 29.00171 28.823364 28.645983 28.566868 28.556152 28.97744 29.146692 29.13242 28.896782 28.869423 29.561518
26.559786 26.692863 27.004858 27.185549 26.881298 26.806063 26.87951 26.507338 26.532114 26.54264 26.906282 28.01405 28.527882 28.747297 28.770487 28.8728 28.968485 29.022083 29.205418 29.365393 29.658266 29.670252 29.437181 29.01729 29.107653 29.022259 29.335323 29.575718 29.319262 30.2075 -32767.0 -32767.0 -32767.0 -32767.0 28.442976 29.083263 28.480293 28.578167 29.350168 29.34548 29.28749 29.299564 29.353529 29.372074 29.349953 29.419807 29.47793 29.25654 28.770227 28.777891 28.941874 28.540287 28.225632 28.154621 28.38248 28.927774 29.157 28.983717 28.812984 28.88162 29.5249
26.583712 26.813766 27.121506 27.120052 27.049765 27.055817 26.934639 26.79202 26.73763 26.58667 26.866844 27.614334 28.411777 28.808323 28.756 28.844393 28.863127 28.985184 29.03937 29.174538 29.397764 29.639153 29.632626 29.617477 29.656132 29.660639 29.61913 29.1151 29.182417 28.87671 -32767.0 -32767.0 -32767.0 -32767.0 28.6881 28.909437 28.294436 29.175875 29.231438 29.298386 29.297289 29.270763 29.311386 29.473476 29.553192 29.556896 29.497196 29.656414 29.388979 28.844072 29.053053 28.667856 27.728077 27.2915 28.009588 28.750792 28.944904 28.527979 28.651402 29.00065 29.480495
26.495787 26.826942 27.182564 27.484434 27.469229 27.428356 27.218891 27.226862 27.146664 26.861483 26.962862 27.320004 28.287182 28.757824 28.692894 28.775772 28.885778 28.878376 28.991497 29.130976 29.267178 29.40851 29.475899 29.515852 29.553549 29.579721 29.613495 29.120903 -32767.0 -32767.0 -32767.0 -32767.0 -32767.0 28.779276 28.831896 29.305925 29.425552 29.29807 29.3016 29.32496 29.291763 29.197147 29.241245 29.461733 29.565828 29.57003 29.69304 29.515017 29.512936 29.084736 29.245308 28.867548 28.260546 27.008652 27.615261 28.04386 28.1734 28.389982 28.619366 29.296425 29.467667
26.512718 26.743984 27.094032 27.479502 27.557913 27.651155 27.701616 27.49339 27.121819 26.968437 27.05555 27.375937 28.244146 28.652298 28.641 28.658201 28.80773 28.724957 28.95606 29.091667 29.181015 29.177738 29.129782 29.151775 29.411402 29.451038 29.43255 28.990105 -32767.0 -32767.0 -32767.0 -32767.0 -32767.0 28.282572 29.031458 29.395275 29.249353 29.263838 29.229084 29.357594 29.302517 29.343115 29.332682 29.536236 29.516743 29.603498 29.732527 29.576899 29.538248 29.567945 29.200832 29.030886 28.420612 27.30077 27.395126 27.983316 28.476492 28.932352 29.505638 29.443827 29.44998
26.7896 27.259705 27.100012 27.058334 27.170973 27.800657 27.65128 27.635801 26.961575 26.882505 26.921396 27.438356 27.980528 28.126413 28.314276 28.535437 28.60962 28.656717 28.90115 29.009268 28.931185 28.880228 28.89866 29.064913 29.223711 29.34952 29.186047 28.938879 29.39182 -32767.0 29.060715 -32767.0 -32767.0 28.729418 29.17749 29.299847 29.254412 29.205276 29.22039 29.345182 29.30707 29.386444 29.448904 29.531794 29.601404 29.637482 29.802505 29.677334 29.605173 29.584877 29.489769 29.275156 29.149126 27.830822 27.590727 28.46562 29.167486 29.437017 29.43134 29.453306 29.404764
26.724566 27.09675 27.314022 27.539906 27.222698 27.194515 26.81465 27.22458 27.344564 26.796032 26.865301 27.180496 27.478577 27.813765 28.28306 28.466578 28.44501 28.871119 28.997858 28.938644 28.902115 28.863914 28.834717 28.861912 28.982794 29.050512 29.133072 29.075453 29.109041 29.103588 29.223381 -32767.0 28.140089 28.917278 28.91654 29.22692 29.18646 29.07593 29.178768 29.213116 29.298643 29.424171 29.475925 29.534218 29.54217 29.630869 29.56906 29.602705 29.650705 29.639284 29.709904 29.581518 29.335817 29.21138 28.45006 28.886574 29.369156 29.493227 29.389343 29.443949 29.327438
26.22833 26.719078 27.340998 27.65425 27.081987 27.169825 27.471394 27.708626 26.983328 26.800083 26.837227 27.382286 27.902336 28.14861 28.16321 28.369034 28.79156 28.918888 28.98989 28.936983 28.968523 28.979204 28.991482 28.979233 28.943712 28.972506 28.993105 28.962654 28.935188 28.92917 -32767.0 28.906452 28.835058 28.75673 28.997807 29.150267 28.935663 29.099571 29.042597 29.10221 29.281355 29.39049 29.510286 29.560278 29.56124 29.525204 29.575027 29.60275 29.587982 29.611956 29.636969 29.730673 29.669504 29.452997 29.354559 29.401283 29.466457 29.480797 29.434242 29.354229 29.238743
25.57411 26.514162 27.474257 27.729105 27.865482 27.641788 27.75905 27.952988 27.576172 27.134314 27.364134 27.678467 27.784182 27.885347 28.152481 28.377062 28.664148 28.882315 28.890997 28.938805 29.004002 29.078234 29.118671 29.218987 29.344547 29.428288 29.481934 29.490082 29.051388 28.786886 28.837767 28.073765 28.29944 28.801876 28.727825 29.02546 28.944904 29.351404 29.52181 29.321943 29.312086 29.382833 29.53689 29.573545 29.519878 29.44806 29.551565 29.649557 29.684834 29.685888 29.682774 29.740828 29.730827 29.666124 29.61751 29.531136 29.525646 29.43624 29.52008 29.27541 29.110804
25.05562 26.780811 27.41082 28.028997 28.193386 28.06536 28.133715 28.227283 28.125948 27.76818 27.6556 27.673796 27.73574 27.893116 28.157051 28.445591 28.607119 28.870598 28.976706 29.065142 29.147001 29.200174 29.198977 29.201 29.348389 29.567417 29.641504 29.639368 -32767.0 29.051125 29.454365 -32767.0 27.725739 28.576405 28.957436 29.283253 29.432737 29.136038 29.073069 29.165577 29.38717 29.427338 29.595276 29.532532 29.471935 29.465576 29.410475 29.546305 29.565351 29.610111 29.673882 29.695427 29.67378 29.622887 29.609686 29.586441 29.4759 29.507532 29.432478 29.248987 28.88795
26.28801 27.59426 27.954645 28.313618 28.329014 28.31218 28.42676 28.561008 28.52906 28.363531 28.259863 28.131916 28.511457 28.564693 28.585302 28.592728 28.670458 28.885456 29.048748 29.268911 29.467201 29.454273 29.335886 29.377804 29.31588 29.369583 29.438492 29.4878 29.61155 -32767.0 29.722002 28.155308 28.747847 29.499771 29.30941 28.99463 29.069439 29.162996 29.349625 29.310787 29.51827 29.406626 29.59188 29.533867 29.41909 29.389915 29.339136 29.337088 29.473185 29.46971 29.395357 29.483746 29.593933 29.630463 29.628132 29.57309 29.592312 29.527617 29.311111 29.119734 28.817942
27.015785 27.739561 28.10983 28.435411 28.67205 28.624643 28.592766 28.837715 28.95398 28.73578 28.661882 28.714575 28.735237 28.792137 28.700487 28.840267 28.947567 29.110826 29.413206 29.691608 29.75834 29.523144 29.39543 29.468075 29.395926 29.478062 29.542938 29.392714 29.38816 29.305899 29.373108 29.35516 29.158182 28.896736 29.098137 28.972952 29.12124 29.234009 29.195738 29.39496 29.456207 29.400017 29.544802 29.419584 29.290775 29.340519 29.346518 29.338806 29.393705 29.385143 29.421686 29.388111 29.464952 29.634182 29.64521 29.653893 29.532633 29.345814 29.274021 28.990936 28.796942
27.823233 28.648548 28.37949 28.39449 28.73277 28.858137 28.846281 28.97085 28.948975 28.911259 28.886932 28.847923 28.856895 28.853231 28.760849 28.866001 29.102121 29.425892 29.501444 29.752726 29.57916 29.28775 29.207424 29.182232 29.495192 29.604052 29.589727 29.574446 29.4096 29.296568 29.219233 29.205832 29.190113 29.1028 29.070824 29.085812 29.143627 29.0628 29.28089 29.38286 29.300966 29.44356 29.49103 29.30923 29.320736 29.33505 29.182524 29.126724 29.242832 29.375696 29.44685 29.39306 29.448767 29.556637 29.442509 29.437536 29.350307 29.124226 29.1005 28.941202 28.836338
28.292742 29.012472 29.323063 29.412106 29.059633 29.084448 28.927954 28.84102 28.799025 28.941507 29.088144 28.924082 28.866901 28.8556 28.969246 29.116352 29.353174 29.47822 29.711807 29.65027 29.292698 29.09079 29.001232 28.940487 28.993816 29.292622 29.412088 29.217218 29.056166 29.06727 29.0282 29.049171 29.014254 29.037806 29.080122 29.182552 29.053484 29.051668 29.168251 29.157295 29.247404 29.455904 29.410404 29.4866 29.296778 29.30448 29.358925 29.243029 29.192438 29.302137 29.46115 29.48402 29.512102 29.402987 29.369284 29.403406 28.940414 28.941051 28.964842 28.880995 28.782753
28.176718 29.352057 29.917648 29.725489 29.760094 29.603825 29.118973 28.850452 28.870554 28.88353 28.945751 28.866543 28.868895 29.004171 29.028078 29.238792 29.577658 29.272894 29.331259 29.25935 29.041521 28.978716 28.90407 28.736095 28.876453 28.939959 29.054646 29.020258 29.01461 29.035065 29.023165 29.061007 29.088438 29.203503 29.21958 29.12719 29.08861 29.047623 29.07112 28.998203 29.233913 29.384584 29.449554 29.23288 28.984228 29.027 29.035526 29.115395 29.260853 29.311424 29.404865 29.492329 29.47082 29.364866 29.3959 28.956146 28.975136 28.76622 28.614794 28.691355 28.659592
28.875027 29.505846 29.421326 29.146358 29.250933 29.41315 29.424332 29.088713 29.02951 28.840376 28.822695 28.890623 29.022566 29.018621 29.18035 29.205427 29.681326 29.181068 29.140024 29.192532 28.908337 28.8929 28.771593 28.791021 29.00968 28.995356 29.006819 29.017439 29.00492 29.028807 29.145683 29.256264 29.317099 29.296682 29.358086 29.380249 29.326088 29.127304 29.114155 29.017021 29.188581 29.339636 29.41135 29.02456 29.032808 29.124222 29.009962 29.120249 29.187757 29.301615 29.31196 29.37648 29.387493 29.344305 29.192684 28.91553 28.70019 28.632332 28.605434 28.577755 28.578888
29.23481 29.513655 29.564589 29.018782 29.078598 29.151762 29.275105 28.963917 28.90142 29.01013 29.029028 29.075438 29.101286 29.15828 29.22826 29.339891 29.748766 29.218988 29.101418 29.167572 28.91342 28.965801 28.886778 28.894463 29.011019 29.027203 28.961689 28.927603 29.040024 29.141357 29.246769 29.348305 29.395077 29.34099 29.260653 29.243345 29.307182 29.31109 29.227295 29.085848 29.230356 29.29245 29.422707 28.996998 29.034698 29.187677 28.99889 29.21338 29.183212 29.169573 29.224138 29.270416 29.240116 29.245562 28.84488 28.531252 28.431057 28.460629 28.431501 28.37528 28.565645
29.066345 29.537565 29.18565 29.031328 29.191479 29.00707 28.805214 28.776434 28.853865 28.974287 28.98918 29.130678 29.154829 29.205263 29.188545 29.635548 29.862938 29.241236 29.167156 29.163984 29.038765 28.908146 28.889523 28.909647 28.815292 28.7771 28.780184 28.867163 29.037773 29.061008 29.138853 29.119024 29.090485 28.990225 28.952745 29.022327 29.148848 29.30252 29.313986 29.14022 29.298754 29.45119 29.285696 29.086355 29.228123 29.2184 28.885675 29.130821 29.293663 29.088589 29.109268 29.232178 29.16592 28.752247 28.269745 28.099483 28.144339 28.258625 28.298294 28.32731 28.424006
29.001474 29.063597 28.843071 28.647594 29.097883 29.259274 28.976486 28.939537 28.959703 28.969389 29.051321 29.140615 29.181225 29.187153 29.404467 29.759443 29.826014 29.233477 29.205551 29.14064 29.117786 29.10737 29.069141 28.89964 -32767.0 28.916233 28.931633 28.9567 28.950531 29.004595 28.998394 28.836515 28.709816 28.642918 28.686031 28.896982 29.118975 29.260925 29.30709 29.188013 29.39743 29.418705 29.240232 29.555628 29.294151 28.644737 28.949549 28.99389 29.121328 28.960901 28.992266 29.027416 28.643232 28.130915 28.121208 27.94969 28.04076 28.061459 28.102953 28.205742 28.204453
28.900097 28.724203 28.48919 28.787508 29.13482 29.147474 29.21559 29.082066 29.077604 29.014275 29.145842 29.158045 29.128458 29.436468 29.61925 29.836134 29.610743 29.18935 29.208448 29.0988 29.068655 29.052515 28.935266 28.854904 28.916468 28.92975 28.953423 28.931679 28.949692 28.952421 28.745394 28.609352 28.518167 28.45688 28.534286 28.803593 29.141474 29.288652 29.276587 29.212008 29.456966 29.276861 29.612036 29.47833 29.129349 28.628624 28.912857 28.891172 28.879696 28.86343 28.796345 28.539537 28.12805 28.37391 28.436958 28.186405 27.94396 28.023764 28.027824 28.042198 28.094732
28.424788 28.50343 28.692421 29.139406 29.261782 29.107159 28.970863 29.082996 28.99641 29.049778 29.016582 29.008936 29.444933 29.54908 29.811474 29.790195 29.252476 29.121609 29.155193 29.00916 29.024563 28.99841 29.045774 -32767.0 28.846308 28.9011 28.953213 28.924503 28.909105 28.73144 28.601366 28.570326 28.530645 28.499748 28.601135 28.936691 29.232187 29.283085 29.219133 29.381245 29.372099 29.524601 29.53491 29.429 29.269224 28.713343 28.66495 28.83687 28.755688 28.586273 28.497175 28.150654 28.076685 28.373547 28.546412 28.564663 28.279285 28.175512 28.155804 28.256796 28.367838
28.362816 28.519283 28.758984 28.873781 28.940228 28.893778 28.8483 28.903772 28.955595 28.812109 29.126665 29.422318 29.515902 29.471209 29.5399 29.33803 29.176634 29.145555 28.992155 28.889526 28.88998 28.906473 28.8841 28.81693 28.971624 29.006256 28.941038 28.89218 28.72314 28.620752 28.650372 28.708515 28.644905 28.666973 28.750484 29.200577 29.279612 29.223068 29.357512 29.366722 29.454956 29.42181 29.348759 29.270987 29.288746 29.019007 28.695156 28.588041 28.536098 28.541548 28.36934 28.007545 27.923399 28.428772 28.683638 28.476536 28.455694 28.297285 28.23293 28.261007 28.397085
28.421448 28.668425 28.515978 28.506626 28.430128 28.220425 28.22569 28.389942 28.609531 29.059875 29.362709 29.474007 29.455576 29.30008 29.371094 29.279547 29.194687 29.106058 29.116684 28.980888 28.842154 28.885948 28.841246 28.872368 29.016218 29.067423 28.892418 28.814047 28.668886 28.675184 28.755861 28.849133 28.76264 28.861475 29.180529 29.246826 29.20556 29.338804 29.334013 29.369978 29.359661 29.22131 29.104134 29.154657 29.215456 29.268759 28.852571 28.74894 28.694307 28.644333 28.494287 28.115301 28.016361 28.307518 28.811182 28.829384 28.792713 28.634502 28.614813 28.641048 28.676264
28.592674 28.942518 28.77468 28.686232 28.635773 28.826815 28.789244 28.903944 29.051455 29.067049 29.495207 29.537924 29.298826 29.22873 29.31507 29.289846 29.232794 29.24933 29.19892 29.023712 28.821287 28.772854 28.943796 29.029137 29.120241 29.110554 28.90456 28.787676 28.735151 28.835867 28.932106 28.985601 29.069557 29.253483 29.200924 29.15739 29.343391 29.253183 29.356182 29.336819 29.073824 28.877306 28.847168 28.902706 29.01514 29.108519 29.19986 28.825836 28.5707 28.477695 28.448395 28.47424 28.318506 28.446484 28.705914 28.98595 28.744799 28.749622 28.955997 28.927355 28.755146
29.0493 29.031044 28.792843 28.825872 28.844814 28.956474 28.931032 28.935907 29.026957 29.340143 29.488743 29.528158 29.158216 29.2195 29.311232 29.307823 29.208567 29.312922 29.296333 29.5675 -32767.0 29.071404 28.936941 29.019768 29.191084 29.093243 28.92953 28.787298 28.78709 28.88837 28.971617 29.070395 29.119474 29.075869 29.153568 29.306114 29.221619 29.310038 29.232096 28.965414 28.839487 28.809326 28.733555 28.692007 28.862556 28.995852 29.092747 29.136139 28.974459 28.45218 28.332983 28.404072 28.454838 28.444262 28.56789 28.913036 28.990028 28.906897 28.96752 28.982887 28.816214
