static/data/seaWind_uo/2023/7/2/12.asc
ncols 137
nrows 93
xllcorner 108.0
yllcorner 17.0
cellsize 0.25
NODATA_value -32767
[rows 38 to 56 of 93, columns 43 to 85 of 137]
-0.721866769199669 -0.8524027343831959 -0.6105508234296675 -0.24537045457268425 -0.1476686892205965 -0.8764277586501026 -1.195960581399963 -1.0173745676826225 -1.0814412990610407 -1.478655033607233 -0.9661211825798881 1.065595036258197 3.002011992170885 4.1159722840131305 3.780422778418665 3.4528816142465018 3.7291693933159302 4.180039015391548 4.556431062239755 4.730212071103713 4.619696959475942 4.323388326850758 3.865311197495069 3.289511449231536 2.827430149164695 2.5543457066641877 2.4918806435702305 2.5991924186290807 2.7833842713420327 3.059672050411461 3.3647898586011773 3.630666793821612 3.8412861732281622 4.095150596315143 4.320184990281838 4.4987710039991775 4.625302798471553 4.707788715121268 4.452322623749826 4.256919093045649 4.15281065455572 4.15200982041349 4.260923263756801
-0.4391723169923991 0.11580574357314788 0.324022620553007 0.16465662624919197 -0.5456832579090192 -1.3577290781304687 -1.2984673516054321 -1.3032723564588133 -1.0582171089363641 -0.8548052368098866 -0.37270308318728995 1.1721059771748168 2.943551099788078 3.918166250882264 3.8404853390859315 3.379204873161321 3.689127686204419 4.1391964741378064 4.4987710039991775 4.658937832445224 4.534007706257308 4.18564485438716 3.7628044272895997 3.3111339710717522 2.930737753512395 2.715313369252464 2.6264207794649086 2.70169918883455 2.835438490586997 3.016427006731029 3.2478680738355643 3.4312590924062865 3.6282642913949217 3.8861328851930543 4.163221498404713 4.3297949999886 4.433903438478529 4.443513448185293 4.314579151286226 4.144001478991187 4.000652167531976 3.978228811549531 4.1207772888665115
-0.7170617643462875 0.2671633964546607 0.29599342557494923 -0.10202114311347366 -0.6505925305411788 -1.160723879141833 -1.223989776378021 -0.9933495434157158 -0.7827301640091662 -0.5008365459441264 0.17827080666710593 0.773290574344164 1.1320642700633057 1.9705376169783526 2.8426459978670695 3.065277889407073 3.6514884815195985 4.145603147275649 4.473945145590042 4.534007706257308 4.380247550949104 3.982232982260682 3.6602976570841306 3.294316454084917 3.0796929039672167 2.938746094934697 2.8522560075738324 2.8162184711734723 2.897903553680955 2.9675761240549847 3.1349504597811024 3.290312283373766 3.48251247750902 3.729970227458161 3.942191275149171 4.077532245186079 4.180839849533777 4.243304912627735 4.168026503258094 4.050303884350251 3.8853320510508245 3.9069545728910406 4.003054669958669
-0.7595059738844896 -0.35828806862714613 -0.2125362547412446 -0.24136628386153314 -0.6433850232611067 -0.8227718711206775 -0.7162609302040572 -0.718663432630748 -0.8099585248449939 -0.4896248679529034 0.8333531350114312 0.7228380233836598 0.9158390516611443 1.5092571510537423 2.484673136290158 3.187004679026067 3.802846134401111 4.2649274344679515 4.389857560655868 4.389056726513637 4.170429005684785 3.8228669879568664 3.528160023616144 3.348773175756573 3.1613779864746996 3.0997137575229723 3.0188295091577193 2.983592806899589 2.9875969776107403 3.0500620407046983 3.1517679767679367 3.343968170903191 3.5313633601850642 3.6691068326486636 3.8356803342325505 3.8637095292106083 3.9117595777444216 3.995847162678596 4.031884699078956 3.9293779288734867 3.694733525200031 3.761202759005139 3.8540995195038454
-0.5216582336421123 -0.5897291357316816 -0.8724235879389515 -0.9020544512014699 -0.6610033743901718 -0.7042484180706039 -0.6105508234296675 -0.47601068753498943 -0.5689074480336955 -0.3598897369116063 0.8205397887357475 0.5690778680754565 1.0103374804443113 1.6061580822635997 2.925932748659013 3.626662623110461 4.088743923177303 4.208068210369605 4.334600004841981 4.148806483844568 3.909357075317731 3.627463457252692 3.460089121526574 3.280702273667003 3.1830005083149158 3.1261412842165694 3.0580703821270006 3.0933070843851307 3.097311255096282 3.2102288691507437 3.317540644209594 3.4905208189313224 3.6378743011016845 3.7772194418497436 3.8132569782501045 3.770011934569672 3.7604019248629093 3.83327783180586 3.86931536820622 3.8412861732281622 3.6250609548260004 3.6378743011016845 3.6594968229419007
-0.502438214228587 -0.8820335976457143 -1.1879522399776608 -1.3104798637388855 -1.040598757807299 -0.9469011631663626 -0.746692627608806 -0.5608991066113933 -0.5817207943093792 -0.39272393674304595 0.18707998223163802 0.4009026982071089 0.9446690807814324 2.24282122533663 3.5746084038654966 3.9798304798339914 4.151208986271259 4.241703244343276 4.081536415897229 3.886933719335285 3.6250609548260004 3.441669936255279 3.2791006053825433 3.150166308483476 3.05646871384254 2.9867961434685104 3.007617831166496 3.052464543131389 3.2566772494000964 3.3816073755880116 3.5425750381762877 3.668305998506433 3.811655309965644 3.8316761635213994 3.8629086950683784 3.720360217751398 3.661899325368591 3.7331735640270813 3.6819201789243468 3.65709432051521 3.528160023616144 3.4616907898110347 3.4769066385134093
-0.7651118128801011 -1.0141712311137017 -1.040598757807299 -1.163927215710754 -1.210375595960107 -1.1198813378880914 -0.7514976324621874 -0.7042484180706039 -0.7258709399108201 -0.6225633355631208 -0.2838104933997352 0.5226294878261033 2.062633543334829 3.3639890244589474 3.9021495680376597 4.055909723345863 4.122378957150971 3.9838346505451425 3.8228669879568664 3.600235096416864 3.326349819774127 3.169386327897002 3.010821167735417 2.88108603669412 2.817820139457932 2.755355076363975 2.857861846569444 3.0925062502429 3.2975197906538383 3.545778374745208 3.735576066453772 3.854900353646076 3.8845312169085946 3.9037512363221194 3.7043435349067937 3.5441767064607483 3.51534667734046 3.4817116433667903 3.4312590924062865 3.2286480544220386 3.1173321086520374 3.0844979088205977 3.1205354452209577
-0.8363860515385912 -0.8435935588186634 -0.8612119099477282 -0.7651118128801011 -0.7154600960618271 -0.8267760418318286 -0.6145549941408186 -0.502438214228587 -0.21413792302570522 -0.051568592152969384 0.022908983074442002 1.2201560257086306 2.8194218077423927 3.7403810713071537 4.075930576901618 3.978228811549531 3.9341829337268686 3.770812768711902 3.519350848051611 3.271893098102471 2.9956053190330425 2.835438490586997 2.664860818291959 2.5631548822287207 2.5183081702638277 2.5647565505131813 2.7969984517599467 3.074087064971605 3.388014048725854 3.670708500933124 3.8589045243572273 3.936585436153559 3.8845312169085946 3.5850192477144893 3.271092263960241 3.23185139099096 3.2927147858004573 3.208627200866283 2.9155219048100203 2.651246637874045 2.436623087756345 2.5327231848239715 2.6080015941936128
-0.7386842861865037 -0.7691159835912522 -0.6353766818388045 -0.4664006778282266 -0.45759150226369405 -0.881232763503484 -0.7819293298669359 -0.5993391454384442 -0.16929121106081269 0.5474553462352403 0.9927191293152462 2.0482185287746844 3.1838013424571456 3.9245729240201057 3.9830338164029118 3.890937890046436 3.717156881182477 3.442470770397509 3.16378048890139 2.9051110609610276 2.6480433013051248 2.463050614449942 2.305286288430587 2.220397869354183 2.274053756883609 2.4166022342005893 2.7537534080795143 3.102116259949663 3.4224499168417535 3.676314339928735 3.8717178706329105 3.8757220413440616 3.5930275891367915 3.243863903124413 3.0260370164377917 3.0981120892385117 3.138153796350023 2.877081865982969 2.4974864825658423 2.1275011088554776 1.9176825635911574 1.9040683831732443 1.8279891396613723
-0.6449866915455671 0.0052906319453769335 -0.11002948453577588 -0.5144507263620404 -0.8660169148011096 -0.7811284957247058 -0.7619084763111803 -0.8235727052629076 -0.30783551766664186 0.8950173639631585 2.297277947008285 3.3199431466362843 3.9261745923045663 4.060714728199244 3.810854475823413 3.6194551158303896 3.295117288227148 3.0364478602867844 2.8034051248977883 2.5687607212243324 2.310091293283969 2.0826543968905846 1.9881559681074177 2.0017701485253316 2.13550945027778 2.398983883071524 2.750550071510593 3.083697074678368 3.361586522032256 3.5714050672965754 3.743584407876074 3.7507919151561464 3.4168440778461417 3.1077220989452745 2.9908003141796615 3.014825338446568 2.899505221965416 2.6080015941936128 2.2396178887677087 1.8904542027553304 1.6486022918018013 1.2481852206866884 1.2161518549974795
-0.5360732482022563 0.10699656800861579 -0.0027177094769252896 -0.33346221021800915 -0.5825216284516095 -0.6802233938036972 -0.86681774894334 -0.6369783501232649 0.4489527467409222 2.0065751533787126 3.424051585126214 3.8140578123923343 3.9830338164029118 3.780422778418665 3.5521850478830506 3.231050556848729 2.8394426612981483 2.611204930762534 2.426212243907352 2.2131903620741116 2.021791002081087 1.8167774616701489 1.7703290814207961 1.8776408564796463 2.071442718899361 2.395780546502603 2.6360307891716714 2.9411485973613876 3.1878055131682967 3.3695948634545583 3.360785687890026 3.5169483456249204 3.3687940293123284 3.2254447178531183 3.110124601371965 2.9651736216282942 2.5823749016422455 2.250829566758932 1.9625292755560504 1.7278848718825945 1.5492988581652534 1.2738119132380556 1.366708673736762
-0.42635897071671547 -0.21654042545239616 -0.33826721507139057 -0.47280735096606863 -0.3518813954893041 -0.4127447902988015 -0.6009408137229046 0.2623583916012797 1.4828296243601446 2.8106126321778606 3.6418784718128356 3.8444895097970826 3.785227783272046 3.5169483456249204 3.1157304403675767 2.673669993856492 2.291672108012674 2.2075845230785 2.1323061137088586 1.9713384511205834 1.767125744851875 1.5965480725568368 1.613365589543672 1.8359974810836746 2.059430206765908 2.3092904591417382 2.5111006629837553 2.7289275496703778 2.9603686167749133 3.118933776936498 3.150166308483476 3.321544814920745 3.3872132145836233 3.380005707303552 3.217436376430815 2.8562601782849835 2.3357179858353363 1.9024667148887837 1.6381914479528086 1.532481341178419 1.5052529803425911 1.5052529803425911 1.6566106332241044
-0.3855164294629736 -0.7563026373155686 -0.7210659350574387 -0.37270308318728995 -0.150071191647287 -0.08440279198440859 0.06615402675487392 1.0992300702318665 2.4438305950364163 3.635471798674994 3.671509335075354 3.7684102662852115 3.5537867161675103 2.9731819630505965 2.515905667837137 2.1018744163041103 1.8536158322127396 1.8976617100354018 1.892055871039791 1.757515735145113 1.6125647554014413 1.487634629213526 1.5629130385831673 1.731088208451515 1.955321768275979 2.1250986064287862 2.31409546399512 2.48947814114354 2.6856825059899454 2.925932748659013 3.167784659612541 3.3063289662183704 3.3471715074721122 3.320743980778515 3.0396511968557056 2.5695615553665623 2.0330026800723107 1.6566106332241044 1.405148712563813 1.4556012635243172 1.5436930191696416 1.690245667197774 1.8191799640968402
-0.5120482239353494 -0.9436978265974416 -0.8660169148011096 -0.5080440532241983 -0.33666554678692995 0.07736570474609739 0.8445648130026542 2.121895269859866 3.442470770397509 3.757198588293988 3.7515927492983763 3.69313185691557 3.119734611078728 2.4886773070013093 1.8800433589063368 1.470016278084461 1.5244729997561168 1.6574114673663343 1.6966523403356155 1.5757263848588514 1.433978741684101 1.4011445418526618 1.46601210737331 1.5244729997561168 1.771129915563026 1.928093407440151 2.090662738312887 2.2668462496035366 2.5239140092594394 2.7881892761954137 3.0628753869803815 3.110124601371965 3.1437596353456345 2.961169450917143 2.6856825059899454 2.2844646007326017 1.8752383540529558 1.5164646583338146 1.416360390555036 1.4692154439422311 1.6710256477842482 1.8311924762302936 2.0025709826675615
-0.8211702028362171 -0.9124652950504628 -0.8331827149696704 -0.8924444414947073 -0.83158104668521 0.373674337371281 2.10267525044634 3.2614822542534783 3.5569900527364315 3.8725187047751413 3.711551042186865 3.4937241555002436 2.6480433013051248 1.7142706914646806 1.1048359092274778 1.1216534262143125 1.2345710402687744 1.4131570539861151 1.4740204487956121 1.3635053371678412 1.2850235912292787 1.2513885572556092 1.2698077425269045 1.3074469472117252 1.5316805070361883 1.6646189746464066 1.8263874713769117 2.1114844260108723 2.394979712360373 2.6720683255720314 2.8458493344359908 2.8610651831383644 2.674470827998722 2.4918806435702305 2.3581413418177823 2.1002727480196497 1.8592216712083514 1.6622164722197152 1.5629130385831673 1.5797305555700025 1.798358276398854 2.008977655805404 2.212389527931881
-1.1150763330347102 -0.9549095045886649 -0.785933500578087 -0.8788302610767933 -0.3510805613470742 1.28982859608266 3.19901719115952 3.7091485397601747 3.9534029531403934 3.882128714481903 3.721961886035858 3.0852987429628285 1.8279891396613723 0.8669881689851007 0.7092238429657458 0.7572738914995596 1.0255533291466854 1.1544876260457517 1.176110147885968 1.116848421360931 1.0359641729956786 1.0255533291466854 1.0391675095645994 1.1104417482230895 1.2465835524022282 1.3891320297192085 1.695050672051155 1.9857534656807272 2.219597035211953 2.4870756387168487 2.5999932527713105 2.5062956581303744 2.31489629813735 2.184360332953823 2.071442718899361 2.0434135239213034 2.081853562748354 1.900865046604323 1.7006565110467666 1.7006565110467666 1.9681351145516621 2.2348128839143278 2.3901747075069912
-1.1559188742884516 -1.0317895822427665 -0.8411910563919727 -0.06278027014419241 0.9646899343371884 2.7881892761954137 3.922971255735645 4.15200982041349 4.102358103595217 4.032685533221187 3.4584874532421135 2.4390255901830353 0.9630882660527278 0.25034587946782594 0.2022958309340126 0.6187295848937304 0.9174407199456049 0.9702957733327997 0.8773990128340934 0.8325523008692008 0.7748922426286247 0.7837014181931572 0.8517723202827261 0.9294532320790583 1.0551841924092038 1.3522936591766177 1.6726273160687088 1.883246695475258 2.0330026800723107 2.2051820206518093 2.374158024662387 2.2628420788923855 2.1226961040020957 1.9937618071030294 2.03140101178785 2.1194927674331745 2.270049586172458 2.1739494891048303 1.9673342804094323 1.9288942415823809 2.193169508518356 2.4117972293472074 2.5191090044060576
-0.9444986607396719 -0.8459960612453541 -0.3759064197562112 0.694808828405602 2.412598063489438 4.051104718492482 4.508381013705941 4.5123851844170915 4.420289258060615 3.9942454943941352 3.1429588012034047 1.5965480725568368 0.11580574357314788 -0.37030058076059946 -0.10602531382462477 0.384886015362504 0.7652822329218618 0.9406649100702813 0.8637848324161799 0.7628797304951713 0.6731863065653858 0.6868004869832998 0.7796972474820061 0.8950173639631585 1.0567858606936644 1.3162561227762577 1.5276763363250372 1.6998556769045359 1.8640266760617323 2.0201893337966266 2.2396178887677087 2.255634571612313 2.1915678402338954 2.210787859647421 2.274053756883609 2.291672108012674 2.439826424325265 2.4166022342005893 2.408593892778287 2.404589722067136 2.3565396735333217 2.374158024662387 2.5271173458283607
-0.8684194172278004 -0.6081483210029768 0.04212900248796725 1.349090322607697 3.200618859443981 4.548422720817452 4.681361188427669 4.691772032276663 4.433903438478529 3.721161051893628 2.4702581217300144 0.7332488672326529 -0.5520899310468608 -0.785933500578087 -0.4159481268677223 0.14143243612451517 0.5794887119244492 0.7132280136768969 0.645157111587328 0.6739871407076161 0.6964104966900622 0.762078896352941 0.8990215346743096 0.9927191293152462 1.0407691778490595 1.1873218258771914 1.3683103420212226 1.5797305555700025 1.8103707885323073 1.9793467925428856 2.256435405754544 2.4206064049117404 2.5591507115175696 2.678474998709873 2.718516705821384 2.6304249501760597 2.7521517397950537 2.836239324729228 2.9011068902498764 2.8394426612981483 2.5999932527713105 2.399784717213754 2.4662539510188632
