static/data/seaWind_uo/2023/7/2/18.asc
ncols 137
nrows 93
xllcorner 108.0
yllcorner 17.0
cellsize 0.25
NODATA_value -32767
[rows 19 to 37 of 93, columns 43 to 85 of 137]
-0.8948469439213977 -1.001357884838018 -1.1230846744570124 -1.5291075845677373 -1.8902837827135694 -1.9991972260568804 -2.10490733283127 -1.9591555189453689 -1.6316143547732063 -1.1967614155421933 -1.2856540053297485 -1.676461066738099 -2.159364054502926 -2.5685903011825713 -2.526146091644369 -2.5197394185065276 -2.5733953060359527 -2.7663963343134372 -3.1099541813302043 -3.425482833368914 -3.6849530954515073 -3.840314919044171 -3.874750787160071 -3.843518255613092 -3.803476548501581 -3.8371115824752504 -3.690558934447119 -3.2717226780607103 -2.791222192722574 -2.3571700876337918 -1.771760329663496 -1.4410158289224124 -1.276844829765216 -1.1799438985553585 -1.0854454697721918 -0.8764277586501026 -0.6569992036790206 -0.3246530346534766 -0.8716227537967214 -1.0181754018248528 -0.8235727052629076 -0.05317026043742956 0.5250319902527938
-1.0430012602339898 -1.0958563136211847 -1.5130909017231327 -1.8093995343483167 -1.931126323967311 -1.8406320658952953 -2.051251445301845 -1.913507972838246 -1.5227009114298955 -0.9533078363042045 -0.8540044026676563 -1.00856539211809 -1.3777499316862245 -1.991989718776808 -2.2642733271350854 -2.31712838052228 -2.2618708247083945 -2.1769824056319904 -2.2963066928242943 -2.5974203303028593 -2.9209573237638713 -3.136381708023802 -3.303756043749919 -3.338191911865819 -3.255705995216106 -3.045086615809556 -3.0723149766453837 -2.8809156166523597 -2.5725944718937224 -2.1665715617829977 -1.5122900675809026 -1.1663297181374446 -1.0093662262603202 -0.9180711340460743 -0.9420961583129812 -1.175138893701977 -1.3433140635703247 -1.0357937529539176 -0.9036561194859303 -0.6257666721320416 -0.23976461557707252 0.28157841101480496 1.0503791875558224
-0.9268803096106069 -0.8908427732102466 -0.9661211825798881 -1.143105528012768 -1.3224923758723388 -1.5170950724342838 -1.6324151889154366 -1.5355142577055791 -1.3080773613121948 -0.9669220167221182 -0.7843318322936266 -0.7522984666044175 -1.0269845773893853 -1.5963776525150764 -2.0384380990261612 -2.1193223473914142 -1.9367321629629226 -1.563543452683637 -1.252018971356079 -1.203168088680035 -1.4522275069136354 -1.951948011665297 -2.3843984484696192 -2.5693911353248016 -2.612636179005234 -2.330742560940194 -2.3579709217760216 -2.4556726871281094 -2.4036184678831445 -2.5693911353248016 -2.2298374590191856 -1.5827634720971626 -0.9284819778950673 -0.8267760418318286 -0.8203693686939868 -0.9653203484376578 -1.0237812408204643 -0.5336707457755656 0.19428748951171038 0.7068213405390553 1.2890277619404298 1.7054615159001476 2.264443747176846
-0.8171660321250658 -0.8395893881075123 -0.6810242279459273 -0.7595059738844896 -0.7835309981513963 -0.9517061680197438 -0.9436978265974416 -0.8892411049257862 -0.7106550912084457 -0.7346801154753526 -0.5392765847711773 -0.5216582336421123 -0.7619084763111803 -1.2976665174632018 -1.761349485814503 -2.005603899194722 -1.8790721047223462 -1.4818583701761538 -0.48642153138398214 -0.31183968837779297 -0.47921402410391023 -1.316085702734497 -1.6460293693333503 -1.8766696022956557 -1.9175121435493971 -1.9415371678163038 -1.899893792420332 -2.0064047333369524 -2.2330407955881064 -2.5237435892176787 -2.299510029393215 -1.4778541994650027 -0.7530993007466478 -0.4928282045218242 0.07896737303055756 0.14783910926235722 0.613924580040349 1.1096409140808592 1.5973489066990676 1.8215824665235307 2.2404187229099395 2.4334197511874236 2.805006793182249
-0.6233641697053511 -0.7018459156439132 -0.6233641697053511 -0.5721107846026166 -0.46159567297484516 -0.33826721507139057 -0.19411706946994967 -0.12524533323815001 -0.14286368436721508 -0.1997229084655614 -0.10602531382462477 -0.11563532353138761 -0.3126405225200233 -0.7210659350574387 -1.0974579819056451 -1.2832515029030578 -1.2848531711875182 -0.8500002319565052 0.017303144078830268 0.6900038235522206 -0.08600446026886921 -1.1479105328661494 -1.6748593984536386 -1.4546300093403262 -1.4378124923534914 -1.3849574389662964 -1.3577290781304687 -1.5227009114298955 -1.450625838629175 -1.5515309405501836 -1.5202984090032048 -1.051009601656292 -0.8179668662672961 -0.19251540118548904 0.6851988186988391 1.470016278084461 1.9921601388185688 2.435822253614114 2.5495407018108067 2.4334197511874236 2.409394726920517 2.4422289267519566 2.6144082673314553
-0.39672810745419707 -0.4119439561565712 -0.39993144402311787 -0.3014288445287998 -0.09641530411786192 0.08937821687955072 0.31441261084624417 0.4153177127672527 0.4641685954432968 0.3832843470780438 0.44975358088315254 0.47698194171898045 0.27597257201919323 0.06695486089710423 -0.1997229084655614 -0.18210455733649633 0.11260240700422708 0.508214473265959 0.7909089254732291 1.222558528135321 0.2087025040718542 -0.7571034714577989 -1.2976665174632018 -1.1407030255860775 -1.0333912505272271 -0.895647778063628 -0.8467968953875842 -0.9300836461795279 -0.7282734423375108 -0.30383134695549074 -0.42395646829002454 -0.8275768759740587 -0.7731201543024033 -0.054771928721890184 1.3386794787587042 2.1947711768028166 2.9203269096634012 3.3776032048768605 3.3279514880585865 2.9539619436370708 2.696894183981168 2.4654531168766325 2.363747180813394
-0.11643615767361748 -0.054771928721890184 0.05013734391026947 0.1502416116890477 0.27036673302358194 0.4305335614696273 0.6771904772765369 0.8013197693222218 0.8501706519982659 0.7332488672326529 0.8013197693222218 0.8693906714117912 0.8669881689851007 0.6579704578630117 0.5210278195416427 0.8958181981053888 1.2169526891397098 1.3795220200124456 1.5853363945656134 1.496443804778059 0.8173364521668267 -0.15167285993174762 -0.576915789455998 -0.5568949359002422 -0.49442987280628437 -0.4928282045218242 -0.4439773218457801 -0.4655998436859963 -0.3206488639423255 0.19668999193840087 0.43133439561185716 0.026112319643362802 -0.33826721507139057 0.4193218834784038 1.9048692173154742 3.2879097809470754 4.032685533221187 4.334600004841981 3.9253737581623356 3.5433758723185176 3.0628753869803815 2.804205959040019 2.345327995542099
0.22712168934314958 0.3512509813888345 0.48098611243013156 0.6011112337646654 0.7228380233836598 0.7909089254732291 0.9718974416172603 1.080810884960571 1.013540817013232 0.8573781592783378 0.8397598081492728 0.9510757539192745 0.9542790904881953 0.9110340468077629 0.8053239400333729 1.3026419423583437 1.6878431647710825 1.8512133297860491 1.981749294969576 1.8103707885323073 1.380322854154676 1.0255533291466854 0.6571696237207814 0.3864876836469646 0.2983959280016397 0.21671084549415642 0.2327275283387613 0.24874421118336576 0.018904812363290446 -0.18851123047433793 0.13422492884444326 1.0255533291466854 0.7492655500772574 1.757515735145113 3.3335573270541983 4.7230045638236415 5.073769918120481 5.163463342050266 4.5788544182222015 4.097553098741834 3.613048442692547 2.947555270499229 2.1371111185622396
0.33523429854423004 0.6379496043072557 0.8733948421229423 0.9831091196084834 1.0175449877243832 1.049578353413592 1.1809151527393493 1.2193551915664003 1.1488817870501404 0.9166398858033746 0.6916054918366812 0.7628797304951713 0.8982207005320793 0.9030257053854607 0.8621831641317192 1.2874260936559696 1.6742289843531686 2.0249943386500084 2.3172988005640405 2.477465629010086 2.261240410607925 1.9224875684445393 1.5565063654453257 1.2329693719843142 1.1432759480545287 1.0503791875558224 1.0824125532450317 1.285824425371509 0.7604772280684804 -0.1436645185094454 0.14543660683566628 1.1809151527393493 2.543134028672965 3.8805270461974435 5.092989937534005 5.415726096852788 5.524639540196098 5.378086892167968 4.895984738545371 4.465135970025509 3.9654154652738476 3.1541704791946272 1.9433092561425247
0.2943917572904886 0.7837014181931572 1.0760058801071897 1.197732669726184 1.2033385087217958 1.1849193234505004 1.1088400799386289 1.1248567627832333 1.1032342409430176 0.9486732514925835 0.6379496043072557 0.7204355209569693 0.9566815929148857 1.224961030562012 1.243380215833307 1.5212696631871956 1.798358276398854 2.1539286355490748 2.4598472778810216 2.6864833401321753 2.529519848255051 2.2660454154613068 1.9096742221688552 1.5893405652767654 1.5653155410098578 1.5789297214277718 1.815976627527919 2.099471913877419 2.1539286355490748 1.5268755021828073 1.78394326183871 2.6864833401321753 4.1928523616672315 5.261165107402354 5.52864371090725 5.537452886471783 5.4197302675639385 5.382091062879118 5.171471683472568 5.1858866980327125 4.763046270935153 3.7948377929788086 2.261240410607925
0.24874421118336576 0.7132280136768969 1.0535825241247432 1.1713051430325865 1.1448776163389893 1.1456784504812196 0.9574824270571161 0.9246482272256769 0.9254490613679072 0.8709923396962518 0.7204355209569693 0.903826539527691 1.3578994981722294 1.843204988363747 2.0057743192364828 1.919284231875618 2.0201893337966266 2.1819578305271325 2.310892127426199 2.4574447754543303 2.3941788782181423 2.1771528256737516 1.9320975781513021 1.847209159074898 2.1731486549626005 2.5335240189662023 2.9155219048100203 3.2839056102359243 3.770812768711902 3.7147543787557864 3.778821110134204 4.066320567194856 4.662942003156374 5.310816824220629 5.5678845838765305 5.490203672080199 5.238741751419907 5.1098074545208405 5.216318395437462 5.591108774001208 5.661582178517467 5.168268346903648 3.8228669879568664
-0.14526618679390557 0.3480476448199137 0.7260413599525806 0.9070298760966118 0.9734991099017205 0.9494740856348138 0.6627754627163926 0.4185210493361735 0.33363263025976986 0.34404347410876257 0.45455858573653396 0.7708880719174735 1.2297660354153934 1.6614156380774854 1.9665334462672015 2.06663771404598 2.1098827577264125 2.0257951727922383 1.9449109244269853 2.179555328100442 2.4374239218985747 2.363747180813394 2.3981830489292935 2.612005764904764 3.159776318190239 3.8220661538146365 4.266529102752413 4.54041437939515 4.770253778215224 4.796681304908823 4.819104660891268 4.992084835612998 5.216318395437462 5.603121286134661 5.736860587887108 5.540656223040703 5.248351761126671 4.940030616368032 4.952843962643717 5.366074380034513 5.8954257480486945 5.935467455160206 5.197899210166165
-0.5248615702110331 -0.19251540118548904 0.21350750892523562 0.4489527467409222 0.5130194781193405 0.43213522975408747 0.18627914808940815 -0.05717443114858067 -0.2053287474611727 -0.22214626444800745 -0.057975265290810984 0.3224209522685464 0.6419537750184068 0.6779913114187672 0.8910131932520073 1.3947378687148198 1.7046606817579177 1.6421956186639597 1.528477170467268 1.9993676460986411 2.4606481120232515 2.8090109638934 2.9539619436370708 3.5978325939901734 4.263325766183492 4.8671547094250815 5.248351761126671 5.4861995013690485 5.549465398605236 5.554270403458617 5.577494593583294 5.624743807974877 5.781707299852002 5.904234923613226 5.767292285291857 5.604722954419122 5.371680219030125 4.913603089674435 4.860748036287241 5.230733409997605 5.77610146085639 6.316664506861793 6.171713527118122
-0.6505925305411788 -0.4664006778282266 -0.37030058076059946 -0.1404611819405246 -0.0916102992644805 -0.0948136358334013 -0.262187971559519 -0.4447781559880104 -0.5945341405850628 -0.7090534229239853 -0.4720065168238383 -0.2325571082970006 -0.3775080880406714 -0.39592727331196675 -0.3518813954893041 0.32882762540638844 0.6555679554363207 0.8894115249675467 0.9374615735013605 1.8456074907904374 2.674470827998722 3.0981120892385117 3.8036469685433416 4.530003535546157 5.161861673765806 5.490203672080199 5.860189045790564 5.919450772315601 5.975509162271717 5.987521674405169 6.0443808985035155 6.0972359518907115 6.080418434903876 6.142883497997834 6.031567552227832 5.982716669551788 5.776902294998621 5.336443516771995 5.317223497358469 5.608727125130272 5.698420549060058 5.9683016549916434 5.824151509390203
-0.7555018031733385 -0.6401816866921859 -0.5552932676157818 -0.5729116187448469 -0.5376749164867167 -0.42796063900117565 -0.5336707457755656 -0.7282734423375108 -0.9044569536281606 -0.9805361971400322 -0.8548052368098866 -0.8644152465166492 -1.0093662262603202 -1.4594350141937076 -1.418592472939966 -0.8596102416632678 -0.6121524917141279 -0.3783089221829017 0.5522603510886217 1.8416033200792863 2.795396783475486 3.8228669879568664 4.538812711110689 5.2755801219624985 5.77770312914085 6.076414264192724 6.092430947037329 6.133273488291071 6.137277659002223 6.110850132308624 6.173315195402582 6.274220297323591 6.261406951047908 6.37432456510237 6.4263787843473335 6.37672706752906 6.6506123441717975 6.453607145183161 6.432785457485176 6.3318803555641665 6.422374613636183 5.686408036926604 5.110608288663071
-0.83158104668521 -0.775522656729094 -0.733078447190892 -0.7490951300354967 -0.6778208913770065 -0.5817207943093792 -0.7242692716263597 -0.8980502804903188 -1.075835460065429 -1.2087739276756466 -1.1439063621549983 -1.223989776378021 -1.6604443838934944 -2.114517342538033 -2.0168155771859455 -1.658842715609034 -1.411384965659894 -0.5256624043532634 0.5130194781193405 2.0738452213260516 3.312735639356213 4.342608346264283 5.154654166485734 5.844973197088189 6.214157736656324 6.267813624185749 6.283830307030353 6.1693110246914316 6.131671820006611 6.0932317811795595 6.189331878247186 6.290236980168196 6.373523730960139 6.543300569112947 6.640201500322805 7.01579271302878 7.308898009085043 7.5491482517541115 7.407400608579362 7.287275487244827 6.790758319062087 5.923454943026751 4.96725897720386
-0.7931410078581591 -0.9036561194859303 -0.86681774894334 -0.7667134811645615 -0.6457875256877974 -0.6065466527185164 -0.8500002319565052 -0.9805361971400322 -1.2119772642445676 -1.436210824069031 -1.2504173030716184 -1.4330074875001102 -1.8510429097442884 -1.9527488458075273 -1.8150053733439282 -1.4338083216423403 -0.6594017061057111 0.2287233576276102 1.397941205283741 2.849052671004911 4.119976454724281 4.957648967497098 5.771296456003009 6.220564409794166 6.398349589369277 6.4127646039294195 6.262207785190137 6.124464312726538 6.018754205952149 6.0355717229389825 6.12926931757992 6.3062536630128 6.4263787843473335 6.603363129780213 6.846015874875972 7.227212926577561 7.676480880368718 8.012030385963183 7.7877968261387185 7.469064837531089 6.968543498637198 6.217361073225245 5.2619659415445845
-0.4655998436859963 -0.7771243250135544 -0.8483985636720448 -0.7490951300354967 -0.6417833549766463 -0.5296665750644145 -0.7651118128801011 -0.8892411049257862 -1.1383005231593868 -1.3961691169575197 -1.1895539082621212 -1.1799438985553585 -1.2904590101831297 -1.329699883152411 -0.878029426934563 -0.09881780654455286 0.8629839982739496 1.9977659778141805 3.1261412842165694 4.122378957150971 4.990483167328538 5.762487280438476 6.16370518569582 6.4976530230058245 6.528885554552803 6.398349589369277 6.232576921927619 6.033970054654523 5.844973197088189 5.915446601604449 6.05639341063697 6.239784429207692 6.443196301334169 6.581740607939997 6.845215040733743 7.131112829509933 7.550749920038571 7.996814537260809 7.851062723374907 7.449043983975333 7.027004391020004 6.37832873581352 5.59831628128128
-0.13005033809153144 -0.4015331123075785 -0.538475750628947 -0.42235480000556436 -0.2950221713909582 -0.45839233640592436 -0.669011715812474 -0.693837574221611 -0.733078447190892 -0.8403902222497424 -1.001357884838018 -1.3489199025659364 -1.3601315805571594 -0.9212744706149953 -0.1805028890520357 0.9046273736699213 2.162737811113607 3.3415656684765005 4.396264233793708 5.310015990078398 5.9675008208494145 6.33908786284424 6.568126427522085 6.612973139486977 6.506462198570356 6.315863672719562 6.118858473730926 5.929060782022363 5.768893953576319 5.857786543363874 5.98992417683186 6.1653068539802796 6.383133740666901 6.509665535139277 6.732297426679281 6.939713469516908 7.147129512354537 7.531529900625047 7.587588290581163 7.43703147184188 7.131112829509933 6.754720782661726 6.107646795739704
