static/data/seaWind_uo/2023/7/2/6.asc
ncols 137
nrows 93
xllcorner 108.0
yllcorner 17.0
cellsize 0.25
NODATA_value -32767
[rows 57 to 75 of 93, columns 43 to 85 of 137]
0.4441477418875408 0.9582832611993464 1.4395845806797127 2.035405182499001 2.8034051248977883 3.6370734669594547 3.9293779288734867 4.199259034805074 3.9886396553985235 3.3952215560059256 2.3933780440759125 0.7452613793661063 -0.7931410078581591 -0.7731201543024033 -0.11643615767361748 0.8517723202827261 1.7374948815893565 2.246825396047781 2.0842560651750452 1.9841517973962666 1.757515735145113 1.519667994902735 1.3691111761634525 1.2145501867130188 1.2353718744110047 1.2978369375049623 1.2353718744110047 1.2305668695576233 1.391534532145899 1.564514706867628 1.8151757933856891 1.928093407440151 1.951317597564827 1.9064708855999348 1.8720350174840346 1.8512133297860491 2.129903611282168 2.3525355028221706 2.522312340974979 2.611204930762534 2.673669993856492 2.6672633207186496 2.664860818291959
0.7364522038015737 1.0992300702318665 1.7366940474471266 2.4382247560408055 3.0676803918337634 3.7227627201780886 4.288151624592629 4.332197502415291 3.9894404895407543 3.205423864297362 2.219597035211953 0.416118546909483 -1.1623255474262935 -0.9669220167221182 0.034120661065665026 1.0335616705689876 1.613365589543672 1.8952592076087114 1.7511090620072705 1.6566106332241044 1.4235678978351078 1.1608942991835938 1.003129973164239 0.9566815929148857 1.1288609334943849 1.2129485184285587 1.2217576939930908 1.2265626988464722 1.355496995745539 1.5653155410098578 1.7919516032610123 1.9088733880266253 1.9264917391556904 1.8992633783198625 1.884047529617488 2.022591836223318 2.3036846201461274 2.499088150850302 2.5767690626466346 2.63362828674498 2.6184124380426064 2.601594921055771 2.5743665602199433
0.6659787992853139 0.7548713890728687 1.3747170151590642 2.112285260153103 2.7433425642305216 3.7195593836091674 4.462733467598818 4.4403101116163715 4.075129742759389 3.3551798488944145 2.072243553041592 0.4113135420561016 -1.0133703969714714 -0.7979460127115405 0.19428748951171038 0.9767024464706417 1.4083520491327337 1.4748212829378424 1.405148712563813 1.278616918091437 1.065595036258197 0.8173364521668267 0.780498081624236 0.8421623105759637 1.090420894667334 1.2489860548289187 1.2890277619404298 1.3675095078789923 1.4676137756577705 1.6998556769045359 1.8560183346394301 1.9745417876895037 1.96012677312936 1.924089236729 1.8960600417509421 2.008977655805404 2.2051820206518093 2.3973822147870636 2.4830714680056976 2.5006898191347626 2.4606481120232515 2.4342205853296544 2.4077930586360563
0.9414657442125116 0.9566815929148857 1.0992300702318665 1.8223833006657606 2.4958848142813816 3.5537867161675103 4.280143283170327 4.658937832445224 4.288952458734858 3.002011992170885 1.391534532145899 0.21991418206307767 -0.37270308318728995 -0.16608787449189188 0.2935909231482583 1.0407691778490595 1.0103374804443113 1.0679975386848874 1.023150826719995 0.9502749197770441 0.7364522038015737 0.5987087313379749 0.589098721631212 0.8245439594468986 1.1921268307305728 1.3498911567499272 1.4756221170800727 1.5557055313030959 1.6277806041038159 1.8816450271907974 1.9977659778141805 2.028197675218929 2.008977655805404 1.8808441930485675 1.8536158322127396 1.9120767245955466 2.0113801582320945 2.2051820206518093 2.3253071419863436 2.342124658973178 2.2852654348748316 2.264443747176846 2.2628420788923855
1.1112425823653198 0.8693906714117912 1.0119391487287714 1.492439634066908 2.166741981824758 3.3191423124940544 4.0358888697901065 4.451521789607595 3.7956386271210394 2.5070964922726042 0.6587712920052415 -0.13085117223376175 -0.3222505322267857 0.39449602506926684 0.854174822709417 0.7012155015434436 0.5730820387866076 0.7324480330904226 0.6347462677383349 0.5931028923423631 0.5090153074081893 0.3704710008023602 0.5931028923423631 0.8918140273942377 1.2970361033627325 1.4131570539861151 1.5396888484584905 1.6822373257754708 1.7727315838474866 2.0017701485253316 2.0602310409081386 2.073044387183822 1.950516763422597 1.8215824665235307 1.779939091127559 1.8151757933856891 1.8776408564796463 2.0017701485253316 2.1226961040020957 2.1331069478510885 2.085857733459505 2.06663771404598 2.121094435717635
0.6611737944319325 0.4305335614696273 0.3544543179577557 0.8245439594468986 1.81998079823907 3.1541704791946272 3.7972402954055 3.295117288227148 2.592785745491239 2.036206016641231 0.31040844013509306 -0.46079483883261485 -0.65539753539456 0.21991418206307767 0.6483604481562488 0.46096525887437556 0.27036673302358194 0.4978036294169663 0.3192176156996256 0.35525515209998604 0.27597257201919323 0.46096525887437556 0.7588755597840202 1.0255533291466854 1.3659078395945317 1.4507962586709358 1.4948421364935984 1.636589779668348 1.7743332521319473 1.9441100902847555 1.9929609729607995 1.9665334462672015 1.8424041542215162 1.6758306526376292 1.631784774814967 1.6574114673663343 1.6926481696244644 1.7911507691187825 1.8448066566482075 1.8504124956438184 1.8992633783198625 1.8736366857684952 1.9353009147202225
0.5410486730973982 -0.009124382614767335 -0.16929121106081269 0.30640426942394194 1.458804600093238 2.9683769581972155 3.025236182295561 2.099471913877419 1.7599182375718034 1.401945375994892 0.6515637847251696 -0.6962400766483017 -0.878029426934563 -0.09241113340671081 0.31761594741516497 0.23032502591207038 0.15744911896912006 0.33763680097092097 0.057344851190341384 0.13582659712890388 0.2967942597171791 0.5370445023862471 0.9510757539192745 1.1336659383477659 1.3723145127323737 1.3378786446164739 1.3747170151590642 1.445190419675324 1.5605105361564768 1.649403125944032 1.7679265789941057 1.716673193891371 1.5741247165743908 1.4035470442793523 1.2794177522336674 1.32426446419856 1.3739161810168339 1.492439634066908 1.5500996923074841 1.650203960086262 1.757515735145113 1.7503082278650406 1.7463040571538895
0.48418944899905236 -0.2942213372487279 -0.721866769199669 -0.22134543030577714 1.1945293331572633 2.4109963952049775 2.1539286355490748 1.4948421364935984 1.4716179463689216 1.299438605789423 0.4089110396294111 -0.6481900281144881 0.5666753656487655 0.49059612213689396 0.033319826923434714 -0.08920779683779001 0.16625829453365215 0.1798724749515661 -0.04596275315735765 0.04292983663019756 0.2791759085881145 0.6227337556048815 1.038366675422369 1.0976284019474059 1.105636743369708 1.0760058801071897 1.063192533831506 1.0992300702318665 1.1520851236190612 1.2161518549974795 1.3218619617718694 1.2946336009360415 1.1632968016102843 0.9686941050483395 0.7788964133397758 0.8830048518297051 0.9702957733327997 1.1336659383477659 1.2794177522336674 1.4123562198438848 1.550900526449714 1.5797305555700025 1.636589779668348
0.33683596682869066 -0.8027510175649217 -1.2039689228222652 -0.520857399499882 0.921444890656756 1.409152883274964 1.2561935621089906 1.1777118161704285 1.1673009723214354 0.46176609301660587 -1.0037603872647087 -1.1022629867590266 0.9294532320790583 0.36886933251789955 -0.12924950394930113 -0.03875524587728574 0.16385579210696166 0.09338238759070183 0.13662743127113375 0.14143243612451517 0.3464459765354535 0.625136258031572 0.7772947450553152 0.7772947450553152 0.7276430282370412 0.7508672183617175 0.6827963162721487 0.625136258031572 0.6763896431343066 0.692406325978911 0.8189381204512869 0.8757973445496332 0.7933114278999196 0.6179287507515001 0.4937994587058152 0.649962116440709 0.7340497013748828 0.9030257053854607 1.0712008752538082 1.2369735426954653 1.3883311955769781 1.4059495467060432 1.4748212829378424
0.36806849837566924 -0.8155643638406054 -1.262429815205072 -0.7763234908713244 0.4441477418875408 0.8085272766022942 0.7933114278999196 1.1881226600194212 1.2305668695576233 0.27357006959250274 -1.393766614530829 -1.3929657803885989 0.3007984304283302 0.21591001135192656 0.051739012194730094 0.2046983333607031 0.1734658018137245 0.24393920632998434 0.15504661654242913 0.10058989487077374 0.22391835277422878 0.39049185435811573 0.3248234546952373 0.4153177127672527 0.35525515209998604 0.40170353234933875 0.3200184498418559 0.24474004047221465 0.312810942561784 0.26636256231243083 0.39449602506926684 0.429732727327397 0.39129268850034604 0.30240009871279083 0.2975950938594094 0.38408518122027413 0.5186253171149522 0.7460622135083366 0.9078307102388421 1.034362504711218 1.1640976357525146 1.1721059771748168 1.2754135815225163
0.31040844013509306 -0.8187677004095264 -1.171134722990826 -0.7314767789064316 -0.07158944570872494 0.416118546909483 0.29999759628610034 0.9855116220351743 1.0784083825338806 0.4105127079138713 -0.7995476809960009 -0.206129581603403 0.3672676642334394 0.36326349352228826 0.256752552605668 0.324022620553007 0.24233753804552371 0.31040844013509306 0.07816653888832725 -0.04115774830397623 -0.010726050899227513 -0.051568592152969384 -0.09401280169117143 0.07336153403494627 0.013298973367679157 0.09017905102178103 0.07256069989271596 0.010896470940988223 0.026112319643362802 -0.01793355817929987 0.09738655830185294 0.06855652918156485 0.04613317319911836 0.03972650006127676 0.03492149520789534 0.175868304240415 0.36326349352228826 0.5538620193730819 0.7108255112502064 0.8469673154293451 0.9590840953415767 0.9590840953415767 1.0311591681422971
0.2575533867478983 -0.6433850232611067 -0.9573120070153556 -0.8572077392365771 -0.4984340435174359 0.17506747009818469 0.02451065135890218 0.7148296819613575 0.9606857636260373 0.31361177670401386 0.08857738273732041 0.8205397887357475 0.6827963162721487 0.4921977904213546 0.384886015362504 0.3720726690868208 0.2887859182948769 0.10699656800861579 -0.16528704034966157 -0.31023802009333235 -0.4647990095437664 -0.5312682433488749 -0.4095414537298807 -0.2902171665375768 -0.25898463499059776 -0.14846952336282682 -0.15327452821620824 -0.1837062256209565 -0.1797020549098054 -0.206129581603403 -0.1404611819405246 -0.17089287934527286 -0.18931206461656824 -0.19331623532771935 -0.18530789390541713 0.008493968514297734 0.16705912867588246 0.3200184498418559 0.48018527828790125 0.613924580040349 0.7100246771079761 0.7508672183617175 0.8261456277313592
0.45055441502538285 -0.3486780589203833 -0.5576957700424725 -0.3831139270362831 -0.5392765847711773 0.07816653888832725 -0.0948136358334013 0.4073093713449505 0.8221414570202077 0.4041060347760297 0.09258155344847152 0.7108255112502064 0.2935909231482583 0.4129152103405622 0.30560343528171163 0.2671633964546607 0.09258155344847152 -0.1789012207675751 -0.4776123558194496 -0.6706133840969344 -0.7995476809960009 -0.8115601931294543 -0.6906342376526902 -0.5873266333049909 -0.4199522975788734 -0.3174455273734047 -0.2605863032750584 -0.2685946446973606 -0.2942213372487279 -0.3350638785024693 -0.3238522005112463 -0.415147292725492 -0.42876147314340596 -0.39592727331196675 -0.3454747223514625 -0.15647786478512904 -0.03795441173505543 0.12621658742214104 0.25595171846343767 0.39369519092703653 0.47618110757675014 0.5242311561105635 0.5802895460666795
0.6667796334275438 -0.08760612855332939 -0.05957693357527161 -0.009124382614767335 -0.34066971749808106 0.10619573386638548 -0.0852036261266389 0.054942348763650894 0.34404347410876257 0.33683596682869066 -0.07239027985095525 0.10379323143969454 -0.11883866010030841 0.12781825570660166 0.0909798851640109 -0.04436108487289703 -0.19251540118548904 -0.4968323752329753 -0.7899376712892381 -0.9949512117001762 -1.128690513452624 -1.1054663233279474 -0.9885445385623344 -0.7731201543024033 -0.5272640726377238 -0.390321434316355 -0.28541216168419536 -0.25177712771052585 -0.35908890276937644 -0.42715980485894534 -0.5328699116333355 -0.6345758476965742 -0.640982520834416 -0.5641024431803143 -0.4423756535613199 -0.2902171665375768 -0.1805028890520357 -0.057975265290810984 0.018904812363290446 0.1462374409778966 0.23352836248099118 0.27837507444588416 0.29919676214387003
0.638750438449486 0.27597257201919323 0.31040844013509306 0.39449602506926684 0.05093817805249978 0.33523429854423004 0.21911334792084736 0.15905078725358024 -0.2830096592575049 -0.27900548854635376 -0.4111431220143409 -0.42555813657448516 -0.4776123558194496 -0.35828806862714613 -0.40313478059203867 -0.42555813657448516 -0.5584966041847026 -0.8155643638406054 -1.039797923665069 -1.2616289810628416 -1.393766614530829 -1.3721440926906128 -1.1238855085992427 -0.8692202513700307 -0.5496874286201703 -0.34066971749808106 -0.22134543030577714 -0.31023802009333235 -0.4191514634366431 -0.5849241308783002 -0.7498959641777267 -0.8323818808274401 -0.7795268274402452 -0.6874309010837691 -0.507243219081968 -0.3534830637737647 -0.27339964955074203 -0.2029262450344822 -0.150071191647287 -0.054771928721890184 0.030116490354513914 0.05093817805249978 0.07015819746602503
0.7180330185302783 0.48739278556797316 0.6331445994538742 0.6803938138454577 0.26956589888135163 0.6851988186988391 0.7788964133397758 -0.17569788419865429 -0.7474934617510363 -1.0918521429100336 -1.0293870798160758 -0.9388928217440604 -0.8475977295298145 -0.853203568525426 -0.8836352659301747 -0.8868386024990955 -0.8924444414947073 -1.1126738306080195 -1.2440106299337765 -1.527505916283277 -1.6532368766134224 -1.5403192625589606 -1.273641493196295 -0.8475977295298145 -0.4896248679529034 -0.2894163323953465 -0.3486780589203833 -0.4407739852768593 -0.5408782530556377 -0.7146592619195968 -0.9332869827484487 -0.998154548269097 -0.8796310952190236 -0.6786217255192366 -0.4992348776596658 -0.34707639063592266 -0.2637896398439792 -0.2381629472926119 -0.14526618679390557 -0.10762698210908495 -0.12524533323815001 -0.11243198696246637 -0.12764783566484095
0.8205397887357475 0.9694949391905694 1.1096409140808592 0.8029214376066824 0.1494407775468174 0.6627754627163926 1.7551132327184216 0.6739871407076161 -0.5993391454384442 -1.2672348200584531 -1.4434183313491031 -1.3505215708503968 -1.2287947812314024 -1.3176873710189574 -1.3385090587169433 -1.2712389907696042 -1.2215872739513303 -1.2984673516054321 -1.5002775554474492 -1.807797866063856 -1.8782712705801161 -1.7181044421340708 -1.3248948782990295 -0.8355852173963612 -0.5096457215086589 -0.5144507263620404 -0.6594017061057111 -0.7314767789064316 -0.8075560224183032 -0.8548052368098866 -0.9661211825798881 -1.0349929188116875 -0.9372911534595998 -0.708252588781755 -0.5008365459441264 -0.33666554678692995 -0.19011289875879855 -0.15888036721181953 -0.09080946512225019 -0.09961864068678272 -0.12204199666922921 -0.21093458645678442 -0.3158438590889441
1.065595036258197 1.2890277619404298 1.4107545515594246 0.995922465884167 0.12141158256875961 0.5562645217997728 2.1363102844200097 1.4371820782530218 -0.02834440202829258 -1.1983630838266537 -1.6668510570313364 -1.686871910587092 -1.594775984230616 -1.5995809890839974 -1.5731534623903998 -1.4978750530207585 -1.446621667918024 -1.524302579714356 -1.754141978534431 -1.9287238215406204 -2.0040022309102614 -1.7877770125081005 -1.3457165659970154 -0.9268803096106069 -0.8508010660987353 -1.0870471380566522 -1.2816498346185974 -1.2712389907696042 -1.1054663233279474 -0.9284819778950673 -0.9044569536281606 -1.0341920846694572 -0.9356894851751394 -0.7258709399108201 -0.5312682433488749 -0.3799105904673623 -0.2381629472926119 -0.10362281139793383 0.04373067077242787 0.035722329350125204 -0.06037776771750192 -0.22695126930138887 -0.390321434316355
1.2313677036998536 1.497244638920289 1.5220704973294263 1.0303583340000668 0.2575533867478983 0.7829005840509269 2.126700274713247 1.4131570539861151 -0.0019168753346954226 -1.2023672545378048 -1.7845736759391797 -1.8974912899936416 -1.6396226961955085 -1.5723526282481695 -1.6540377107556528 -1.6700543936002572 -1.6123943353596808 -1.5891701452350042 -1.7333202908364451 -1.9183129776916275 -1.9783755383588943 -1.7989886904993235 -1.4730491946116213 -1.3425132294280946 -1.4698458580427005 -1.7373244615475962 -1.8678604267311232 -1.771760329663496 -1.3425132294280946 -0.9188719681883046 -0.7787259932980151 -0.9196728023305349 -0.9260794754683768 -0.8435935588186634 -0.6778208913770065 -0.5272640726377238 -0.4143464585832617 -0.23736211315038203 0.002087295376455689 0.09578489001739232 0.02210814893221169 -0.16688870863412175 -0.37030058076059946
