static/data/ASCData/20210107/ASCU/00.asc
ncols 97
nrows 97
xllcorner 99.0
yllcorner 2.0
cellsize 0.25
NODATA_value -32767
[rows 19 to 37 of 97, columns 0 to 42 of 97]
-1.2533534153616726 -1.4574144895533012 -0.44582967732129597 0.820893767355432 1.0179783945661502 1.0346720355561856 1.0962142642806452 -0.857938366836502 0.12150495751916623 0.4214921776983127 -0.5990623520805776 -1.2964578913508689 -1.3208754557840552 -1.529670547569873 -0.9693123597103214 -1.3530169436603923 -1.6878863987440906 -1.7935297387407334 -1.5590712884179954 -1.3627341376695175 -1.5922094115773198 -1.6313273464345672 -1.3667206788014663 -1.0298579531517935 -0.7866789441029174 -0.8489686492896172 -1.3393132085193185 -1.81794730317392 -1.8784928966153922 -1.9886210953854775 -2.0962577059480947 -1.717287139592213 -0.9232179778721634 -0.9389149835792118 -2.847222391678948 -3.7339786347168067 -4.138114241968115 -4.09799967182788 -3.4310015086886985 -2.897054155828308 -2.732858492956167 -2.669322993665733 -2.6478953350815084
-1.0258714120198449 -1.5042563478536994 0.32681182581452894 0.5924151287306167 0.36094658425684045 0.550307288024408 0.9389950483894149 -1.3178855499350937 -0.2796407438831807 1.2477028272946993 -0.08056284610648823 -1.5152193359665587 -1.5386402651167579 -1.6176236112934932 -1.0453058000380953 -1.515966812428799 -1.9985874482153494 -2.024001647931523 -1.7015901338851647 -1.565798576578159 -1.6480209874246028 -1.8246745913340834 -1.689879669310065 -1.5179600829947735 -1.32361620281227 -1.227939215645499 -1.2817575209268077 -1.5229432594097094 -1.5737716588420565 -1.3988621666778034 -1.2299324862114736 -1.0854203701783298 -2.2046417929729523 -3.5296684017044315 -5.287483882073101 -5.633316325269658 -5.703579112720256 -5.004439461704736 -4.26618187583197 -3.6108941772678875 -3.532658307553393 -3.436981320386622 -3.15767428232946
-1.3587475965375686 -1.3500270378114307 0.11378103407601525 0.5356069176003464 -0.3528934371827397 -0.20838132114959618 0.1391952337921889 -1.2249493097965374 -0.6478974809469502 1.4537571720523021 -0.5883485227884651 -1.4915492479956127 -0.7124296155203713 -0.807109967404155 -0.8773727548547524 -1.466384207100186 -2.1264059232584573 -2.001328195243564 -1.4506872013931376 -1.4075827254039415 -1.5015156008254846 -1.8022502974668715 -1.9086411139257549 -1.7192804101581873 -1.2690504210687208 -1.117561858054667 -0.9653258185783725 -0.8706454666945888 -0.8265443554224053 -0.7308673682556344 -1.3560068495093538 -2.80038053337855 -4.515091537758023 -6.041438473652915 -6.973043304425198 -6.849958846976279 -6.50736546844943 -5.881229351912723 -5.006432732270711 -4.457535850165511 -4.215353476399622 -4.018019690368158 -3.798261610469481
-0.6987258803792973 -0.9603426421634366 -0.13413199256704988 0.3258151905315416 -0.32847587274955337 -0.5659242289212532 -0.4722405123204567 -1.0101744063127964 -0.9135007838630382 1.380504478752743 -0.9321876954190482 -1.3305926497931804 -0.23479215614875693 -0.5726515170814168 -1.0677300939053072 -1.502512236108472 -2.0277390302427247 -1.8647891614743182 -1.2406463155035858 -1.3168889146521063 -1.291474714935933 -1.6146337054445317 -1.7671189037415729 -1.4125659018188772 -0.9516220834372986 -0.7231434448124836 -0.7632580149527183 -0.6040455284955135 -0.2534790677047669 -0.9419048894281734 -2.2357866455663022 -4.593327407472517 -6.834511000089978 -7.136242332014351 -7.280754448047495 -7.269043983472396 -7.055265715271641 -6.5816147970319765 -5.992603344786542 -5.355005922495483 -4.851954263407695 -4.624472260065867 -4.546236390351373
0.45363366557464957 -0.6830288746722488 -0.010300058655890787 0.39707461326512616 -0.25821308529895615 -0.8793660254207267 -0.7856823088199302 -1.044309164755108 -0.9115075132970639 0.655701469200304 -1.008181135746822 -1.1654003516380524 0.20746475067681192 -0.13139124553883508 -1.145965963619802 -1.5814955822852073 -1.9534897016601787 -1.86852654378552 -1.195797727769162 -1.410572631252903 -1.3256094733782444 -1.224201833334297 -1.3764378728105915 -1.5473608238428957 -1.0854203701783298 -0.5532171290631664 -0.4956614414706557 -0.5482339526482305 -0.5317894704789417 -1.8627958909083437 -4.424397727006188 -6.784679235940618 -7.109831497015191 -7.410566193656577 -7.338310135640006 -7.362727700073192 -7.404835540779401 -7.356997047196016 -6.818813994382929 -5.9477547570521185 -5.443706462681344 -5.336319010939473 -5.2583323000457245
1.103938187723796 -0.4936681709046815 0.20846138595979902 0.6479775457571533 -0.4077083777470356 -1.0298579531517935 -0.8128406202813313 -1.077696446735179 -1.0161542180107195 -0.36759380760680105 -1.1058513934795675 -0.6312038399569146 0.5542938291563564 -0.14783572770812392 -1.1644037163550651 -1.2777709797948589 -1.625347534736644 -2.004318101092526 -1.2406463155035858 -1.475104765826324 -1.433993560403102 -1.214235480504425 -1.181097357345101 -1.3520203083774052 -1.149952504751751 -0.5903417933544395 -0.24849589128983096 -0.4759778946316586 -1.4798387834205131 -3.8794873860329373 -6.312024952983939 -6.88334612895635 -7.2094950253139105 -7.341300041488967 -7.319872382904743 -7.480828981107175 -7.790533395295447 -7.958466440478789 -7.442956840353662 -6.556200597315803 -5.906643551628897 -5.799256099887026 -5.194796800755292
1.1644837811652682 -0.788423055848145 0.39607797798213884 0.9741264421147133 -0.4261461304822989 -1.466384207100186 -1.0188949650389345 -0.9339318071642758 -1.139986151921879 -0.9643291832953853 -0.13811853369899874 0.03479768789927995 -0.4291360363312604 -0.8061133321211678 -0.7973927733950298 -0.7445711033967083 -1.1733734339019501 -1.8490921557672697 -1.3041818147940196 -1.2787676150778462 -1.3178855499350937 -1.1663969869210395 -1.0914001818762529 -1.050288976453031 -0.8275409907053926 -0.31576877289146665 -0.04244154653222787 -0.4722405123204567 -2.9379162024307828 -5.2827498644789115 -6.267923841711756 -6.77670615367672 -7.032592262583683 -7.16439727875874 -7.500512527946172 -7.798257318738598 -8.343167659711847 -8.282622066270374 -7.884217111896243 -7.0913937442799275 -6.086287061387339 -4.620485718933919 -3.656739400285299
0.8520386199487819 -0.9262078837211251 0.820893767355432 1.1771908810233547 -0.4418431361893471 -1.6694486460088274 -1.5042563478536994 -1.1703835280529884 -1.46140103068525 -0.9673190891443469 0.8921531900890165 -0.7084430743884225 -0.9496288128713242 -0.7767125912730455 -0.7318640035386215 -0.7171636331145603 -0.8081066026871422 -0.9057768604198875 -1.2710436916346954 -0.8482211728273769 -0.9389149835792118 -0.9556086245692473 -0.9730497420215233 -0.8462279022614024 -0.5160924647718934 -0.18122300968819505 0.10605711063286449 -0.4261461304822989 -3.601924459721003 -5.507241961971777 -6.15081919596076 -6.492665098025369 -6.807103529807829 -7.272033889321357 -7.869516741472182 -8.325726542259572 -8.773963260783063 -8.602043674467772 -8.0277325926464 -6.637177214058513 -4.523812096484161 -3.131263447330299 -3.0278625367203773
-0.08529686370067724 -0.8178237966962674 0.8647457198068684 0.42921610114146347 -0.5980657167975902 -1.2493668742297237 -1.4828286892694749 -1.5179600829947735 -1.7738461919017363 -1.4222830958280026 0.8941464606549907 -0.9379183482962247 -1.4419666426669997 -1.22320519805131 -0.8599316374024765 -0.7435744681137212 -0.7602681091037566 0.3148522024186824 -0.05016546997537863 -1.1703835280529884 -1.0433125294721206 -0.7435744681137212 -0.7455677386796955 -0.372576984021737 0.16934345110255156 0.13520869266024005 0.1723333569515133 -0.587351887505478 -3.626342024154189 -5.21049380646234 -5.669444354277944 -6.020010815068691 -6.5200725683075165 -7.225939507483199 -8.098992015379984 -8.54623209862049 -8.726124767199678 -8.236776843252965 -6.894059958248462 -4.402720909601216 -2.5345280716417147 -1.872513084917469 -1.9163650373689056
-0.857938366836502 -0.7181602683975477 0.276980061665169 -0.5532171290631664 -1.2269425803625118 -1.3948756255458545 -1.3315892850761675 -0.9720531067385362 -1.9896177306684646 -1.608903052567355 0.7232235096226867 -0.962335912729411 -0.692746068681374 -0.27889326742094034 -0.327728396287313 -0.4525569654814596 -0.2796407438831807 0.2779766969481563 0.8042001263653962 -1.360740867103543 -1.137245404893664 -1.0064370240015945 -1.0610028057451435 -0.5572036701951153 0.2729935205332201 0.8238836732043935 1.0992041701296067 -0.10896695167162318 -3.302186398362603 -4.7602638173728735 -4.8609239809545794 -5.19180689490633 -6.014031003370767 -6.935918640133925 -7.691866502279714 -7.9926011989211005 -7.583482415254856 -6.599055914484252 -5.039570855430036 -2.874380703140349 -1.6263441700196313 -1.3178855499350937 -1.0181474885766941
-1.1967943630521491 -1.0198916003219216 -0.9339318071642758 -1.1429760577708405 -1.0804371937633939 -1.2075081923442617 -0.8499652845726045 -0.1323878808218224 -2.065860329816985 -1.2730369622006696 0.6392569870310152 -0.20937795643258328 -0.20265066827241984 0.0853769285108803 -0.18994356841433313 -0.7816957676879814 -0.4926715356216942 0.27598342638218165 0.7885031206583482 -1.2543500506446597 -1.6976035927532158 -1.6196168818594676 -1.7367215276104633 -1.297454526633856 -0.33445568444747664 0.46933067128169803 1.8033269975600614 1.3344100969145853 -1.4222830958280026 -3.4858164492529946 -3.827662351317603 -4.377306709885042 -5.293463693771024 -6.356873540718364 -7.030848150838455 -6.728867660093335 -5.869518887337624 -4.701711494497376 -3.557075871986579 -1.9477590487830023 -1.4554212189873268 -1.1693868927700013 -0.596072446231616
-1.2222085627683228 -1.118558493337654 -1.1332588637617151 -1.168390257487014 -1.1165652227716798 -1.1255349403185644 -0.7181602683975477 -0.3715803487387497 -1.9886210953854775 -1.2249493097965374 0.1606228923764137 -0.41443566590719927 0.022090588041193238 0.27972080869338356 -0.1762398332732591 -0.7171636331145603 -0.3431762431736147 0.14118850435816332 0.11577430464198968 -1.319878820501068 -1.7035834044511389 -1.7905398328917719 -1.9163650373689056 -1.835388420626196 -1.0161542180107195 0.006393582334144776 1.5277573418141017 2.546318601027017 1.3822485904979707 -0.7562815679718079 -2.4555447254649794 -3.091398036010811 -4.067851454517518 -5.039570855430036 -5.632319689986671 -5.451679544945241 -4.867651269114743 -4.036706601924168 -3.167391476338585 -2.4976525661711886 -1.8558194439274334 -1.305178450077007 -0.7378438152365447
-0.9154940544290127 -0.2631962617138921 -1.3138990088031448 -1.2837507914927822 -1.1987876336181236 -1.2104980981932232 -1.3687139493674407 -1.224201833334297 -1.9116310197747164 -1.2982020030960966 -0.33545231973046374 -0.7221468095294965 -0.4488195831702575 -0.04742472294716382 -0.5013920943478323 -1.137245404893664 -0.8733862137228036 -0.990740018294546 -0.9252112484381378 -1.6380546345947307 -1.7035834044511389 -1.7397114334594248 -1.515966812428799 -1.4359868309690764 -1.6567415461507407 -0.8783693901377396 0.5219031824592726 2.3248164093831125 2.4439143257000824 1.6802425401111427 0.12449486336812776 -1.3413064790852927 -2.326729615138884 -3.8119653456105547 -4.611765160207781 -5.298197711365213 -5.129268030898883 -4.695731682799452 -4.521818825918186 -3.963453908624609 -3.626342024154189 -3.0776943008697373 -2.9820173137029666
-0.8432379964124409 0.47132394184767223 -0.9339318071642758 -1.0747065408862175 -0.9897433830115588 -1.3041818147940196 -1.4633943012512245 -1.3530169436603923 -1.5932060468603069 -1.0619994410281306 -0.9379183482962247 -1.2299324862114736 -1.219218656919361 -0.8198170672622417 -0.7953995028290554 -1.4252730016769641 -1.6059131467183936 -1.8774962613324049 -1.6724385518577891 -1.5453675532769213 -1.5834888528511817 -1.6273408053026184 -1.4038453430927393 -1.2757777092288844 -1.4955357891275616 -1.8296577677490193 -0.9057768604198875 0.8355941377794931 1.9839671426014913 2.1324657997665835 2.693820622909122 1.2260260098897278 -1.1058513934795675 -2.6030467473470846 -4.889078927698968 -6.002320538795668 -6.203640865959081 -6.0287313737948285 -5.990610074220569 -5.992603344786542 -5.656737254419857 -5.491544956264729 -5.3948713338149705
-1.0757031761692046 -0.0023269763919930853 -0.4361124833121708 -0.5482339526482305 -0.8589350021194893 -1.1733734339019501 -1.6353138875665159 -1.5747682941250436 -1.3587475965375686 -0.8773727548547524 -1.1265315756015517 -1.3764378728105915 -1.3861550668197167 -1.4594077601192756 -1.4349901956860893 -1.4868152304014235 -1.7025867691681518 -1.991611001234439 -1.9390384900568642 -1.5814955822852073 -1.4429632779499868 -1.5463641885599086 -1.5423776474279598 -1.4145591723848518 -1.2436362213525474 -1.6537516403017791 -1.9886210953854775 -0.999460577020684 0.27972080869338356 2.016108630477828 3.0346698896907442 3.4926238022233607 1.1577564930051047 -2.7124274696549295 -5.334325740373499 -6.848214735231052 -7.071710197440931 -6.983757133717311 -6.980019751406108 -7.079683279704828 -6.9673126515480215 -6.802120353392894 -6.572645079485091
-1.1078446640455417 -0.9633325480123981 -0.18396375671640985 -0.3431762431736147 -0.7475610092456699 -1.0737099056032302 -1.534653723984809 -1.7182837748752 -1.3704580611126682 -1.1078446640455417 -1.0707199997542687 -1.319878820501068 -1.256343321210634 -1.3861550668197167 -1.4878118656844108 -1.4908017715333723 -1.8296577677490193 -2.0521565946759113 -2.1742444168418427 -1.9926076365174261 -1.708566580866075 -1.4075827254039415 -1.606909782001381 -1.7915364681747592 -1.520949988843735 -1.4965324244105487 -2.297328874290762 -2.3441707325911603 -1.475104765826324 0.6412502575969894 2.6801168877680484 3.6471022710863767 3.081511747991142 -0.962335912729411 -5.57949801998835 -7.087407203147979 -7.106841591166229 -7.318875747621756 -7.30990603007487 -7.426263199363626 -7.248612960171158 -6.900787246408626 -6.608773108493377
-0.8238036083941905 -0.5706582465154424 -0.07358639912557785 -0.49939882378185785 -0.9037835898539132 -1.062996076311118 -1.2620739740878104 -1.5005189655424975 -1.050288976453031 -0.86665892556264 -1.3627341376695175 -0.11768751039776126 -0.537520123356118 -0.9847602065966229 -1.1888212807882517 -1.314895644086132 -1.4262696369599512 -2.3110326094318356 -2.636184870506409 -2.349153909006096 -2.314022515280797 -2.024001647931523 -1.9350519489249156 -2.2143589869820777 -2.550225077348763 -2.6087774002242607 -2.5444944244715866 -2.8325220212548867 -2.3227430740069352 -1.4038453430927393 0.8901599195230419 3.3199567394458294 3.7602203757054236 1.3687940141776438 -3.6283352947201637 -6.69572953693401 -6.770975500799544 -7.0659795445637545 -7.215225678191087 -7.239643242624274 -7.074700103289892 -6.801123718109906 -6.616746190757275
-0.23778206199771845 -0.2290615032715806 -0.23678542671473135 -0.5013920943478323 -0.6792914923610469 -0.871642101977576 -1.1860805337600366 -1.4506872013931376 -1.4282629075259257 -0.7094397096714096 -1.236908933192384 -0.052158740541353055 0.01611077634326996 -0.47697452991464595 -0.8031234262722062 -0.9037835898539132 -1.2162287510703995 -2.110708917551409 -2.7261312047960033 -2.4468241667388413 -2.6439087939495596 -2.6478953350815084 -2.519080224755413 -2.6214845000823477 -2.917485179129545 -2.952616572854844 -2.6304542176292323 -2.7084409285229807 -2.7904141805486775 -2.345167367874147 -1.0971308347534294 1.091231087865709 2.997545225399471 2.687093334748959 -0.7211501742465092 -5.338312281505448 -6.750544477498306 -6.647891043350625 -6.9603362045671116 -7.032592262583683 -6.875373046692452 -6.592328626324089 -6.38129110515155
0.3121114553904678 0.40778844255723845 -0.42240874817109675 -0.44582967732129597 -0.30505494359935437 -0.4809610710465946 -1.1078446640455417 -1.7718529213357619 -1.328599379227206 -1.4437107544122272 -1.886216820058543 -0.08155948138947533 0.3706637782659654 -0.10498041053967455 -0.5405100292050797 -0.8519585551385789 -1.4955357891275616 -2.119678635098294 -2.9144952732805836 -3.0590073893137273 -3.277768833929417 -3.1840851173286207 -2.9027848087054844 -2.6987237345138553 -2.7904141805486775 -2.910508732148635 -2.879363879555285 -2.6331949646574473 -2.7261312047960033 -2.5853564710740615 -1.7436979745913737 -0.7171636331145603 0.7007992157554748 1.5591513532281982 -0.07757294025752648 -4.702708129780362 -6.907763693389536 -6.368584005293463 -6.4144292283108735 -6.669318701934849 -6.698719442782972 -6.5629278854759665 -6.420409040008797
