static/data/ASCData/20210107/ASCU/03.asc
ncols 97
nrows 97
xllcorner 99.0
yllcorner 2.0
cellsize 0.25
NODATA_value -32767
[rows 57 to 75 of 97, columns 0 to 42 of 97]
-1.6679476829846522 -2.3300979188391073 -2.6406137682012605 -2.3943751722839366 -1.6034341161080405 -1.0566048349634263 -1.4276169228618898 -1.6502241756009677 -2.135611964482142 -2.625962335430748 -3.15719493007772 -3.234233108838802 -3.0437644828221386 -2.1424650540038335 -1.2362030431180966 -1.1501849539492808 -1.9510511742600403 -2.0389597708831158 -1.9784635323468058 -2.0788967408543515 -1.6464431606924483 -1.2997713562675786 -1.4540840272215254 -1.4578650421300448 -1.7352970110426535 -1.7967385033060934 -1.7527842049945557 -1.5242691164609161 -1.5282864448012181 -1.3338004904442529 -1.3612128485310182 -1.6072151310165599 -1.8650330850912247 -2.323244829317416 -2.2792905310058784 -1.8250961151199887 -1.2458918938211774 -2.062354800629579 -2.7079630962592622 -2.1580617405014757 -1.5507362208205517 -1.8213151002114694 -2.606348320592804
-1.8964627715182918 -2.556486186486705 -2.3924846648296767 -2.1405745465495736 -1.4999288329873228 -0.9509727309566665 -0.6990626126765633 -0.8495942687219908 -1.0185583724464502 -1.386734699163524 -2.0028038158203993 -2.3085933965469034 -2.196108203018452 -2.025253591839733 -1.1551475360167125 -1.0896887154129709 -1.6454979069653186 -1.947270159351521 -2.2107596357889645 -2.4548714108202465 -2.2244658148323473 -1.7830323242627106 -1.4217090870673281 -1.4198185796130685 -1.3720832663930114 -1.3914609677991732 -1.4110749826371174 -1.3808268633689624 -1.516470773212095 -1.4706259674462976 -1.478424310695119 -1.4403778481781426 -1.679527041141993 -1.3690111917798395 -1.13955084951907 -1.4295074303161495 -1.4588102958571745 -1.95199642798717 -2.7871280959063864 -2.4236780378249616 -2.635651186133829 -2.914028408773568 -3.3427009740269513
-2.247860844578811 -2.5957142161625932 -2.2948872175035206 -1.8690504134315264 -1.243056132639788 -0.9100905072583008 -0.6541630606378956 -0.42753847955851576 -0.48614421064056623 -0.6347853592317338 -1.1111932377051748 -1.4531387734943955 -1.5916184445189174 -1.4316342512021916 -1.630846474194806 -1.5781485789073173 -1.678581787414863 -2.1982350239044943 -2.720724021575515 -2.4716496644768013 -2.2830715459143978 -1.7577467870619874 -1.3954782961394752 -1.2109175059173731 -1.1601101180841442 -1.1121384914323047 -1.1152105660454765 -1.2470734609800898 -1.3496334903736777 -1.2704684907265533 -1.2274594461421455 -1.1894129836251692 -1.1199368346811258 -0.8094209853189724 -0.48827103152660833 -0.9521542981155786 -1.7655451303108087 -2.452980903365987 -3.6189513757806484 -4.127734194408286 -4.31442180551643 -3.903236434214948 -4.3122949846303875
-2.5867343057548595 -2.6543199472446433 -2.2996134861391697 -1.8650330850912247 -1.5575893103422431 -1.2234421178018438 -0.8221819106352253 -0.5400236730869672 -0.4580229122584534 -0.5057582254785105 -0.7791728660508175 -0.965624163727179 -1.1345882674516383 -1.2782668339753744 -1.477479056967989 -1.7723982198325 -1.7870496526030126 -2.5302553955588514 -2.8681836030077705 -2.097565501965166 -1.986261875595627 -1.478424310695119 -1.1660179538787057 -0.9814571636566038 -0.8836234028986651 -0.8446316866545591 -0.8134383136592742 -1.0135957903790185 -1.1180463272268661 -0.9540448055698385 -0.9070184326451287 -0.7186766275145076 -0.6494367920022466 -0.8689719701281526 -0.5908310609201963 -1.3945330424123452 -2.6630635442205945 -3.8992191058746464 -5.341676293474787 -5.929624111749549 -5.4061898603513985 -4.995004489049917 -5.027143115772332
-2.7859465287474743 -2.8436070061023946 -2.567356604348698 -2.1122169347356783 -1.810444682349476 -1.4266716691347598 -1.0135957903790185 -0.7567230900314836 -0.622024433915481 -0.6064277474178386 -0.6971721052223037 -0.8212366569080956 -0.9150530893257325 -1.0781093572556304 -1.293863520473017 -1.630846474194806 -1.947270159351521 -2.6200544996361868 -2.1708226658177288 -1.5233238627337862 -1.7000863097070669 -1.4285621765890195 -1.101504387002094 -0.724584463309069 -0.6326585383456917 -0.6718865680215802 -0.6111540160534878 -0.9315950295505047 -1.1464039390407614 -1.0086332083115868 -0.8153288211135339 -0.5974478370101051 -0.8465221941088188 -1.1435681778593718 -2.0800783080132637 -3.054634900684132 -4.583819117748435 -5.959872231017704 -6.934428823688572 -6.5702698253118 -6.0116248725780626 -5.727339814143763 -5.785945545225813
-3.0281677963244964 -3.1472697659428563 -2.7011100067375704 -2.319227500977114 -1.9236388161732747 -1.5086724299632737 -1.1376603420648104 -0.935376044459024 -0.7049704484711248 -0.7068609559253844 -0.7283654782175883 -0.8290350001569167 -0.9462464623210172 -1.007687954584457 -1.1289167450888593 -1.3730285201201413 -1.8132804435308656 -2.1845288448611115 -1.5058366687818843 -1.8054821002820445 -2.8074510510396777 -2.1512086509797843 -1.0575500886905562 -0.5390784193598372 -0.6170618518480493 -0.7021346872897352 -0.8758250596498438 -1.30567919206214 -1.4217090870673281 -1.2879556846784554 -1.130807252543119 -1.4578650421300448 -1.8730677417718282 -2.819266722628801 -4.105284418388952 -5.707016859010471 -7.062510703714666 -7.5838181342267745 -7.425724448364308 -7.0955945841642105 -6.908198032760719 -6.743014943944779 -6.4705455570996016
-3.15624967635059 -3.3904362872470086 -3.0437644828221386 -2.5527051715781854 -1.9872071293227567 -1.4500666988812236 -1.097487058661792 -0.9705867457946107 -0.866136208946763 -0.9705867457946107 -1.010760029197629 -1.1355335211787683 -1.1464039390407614 -1.1648363867197933 -1.3505787441008075 -1.6140682205382513 -1.7352970110426535 -1.7412048468372152 -1.5341942805957796 -2.2958324712306504 -3.131673079445214 -2.4794480077256225 -1.4295074303161495 -1.0154862978332782 -1.1941392522608185 -1.4637728779246062 -1.7010315634341968 -1.9413623235569593 -1.815407264416908 -1.6894522052768561 -2.1004012631465554 -3.197131900048956 -4.599415804246078 -5.854476440442727 -6.915996376009541 -7.986259908552305 -8.086929430491633 -7.952939714670978 -7.892443476134668 -7.686378163620362 -7.473459761584365 -7.202171941898101 -6.827142525659335
-3.319305944280488 -3.213673840273728 -3.092681363201108 -2.6306886040663975 -2.044867606677677 -1.4970930718059332 -1.1336430137245086 -1.0556595812362966 -1.1513665211081932 -1.1669632076058356 -1.3475066694876354 -1.8045368465549148 -2.0585737857210598 -2.076060979672962 -2.1521539047069145 -2.2996134861391697 -2.2490424117377232 -2.11812477053024 -2.037069263428856 -2.383741067853726 -2.8417164986481347 -2.820211976355931 -2.563339276008396 -2.433603201959825 -2.348530366518139 -2.3943751722839366 -2.553650425305315 -2.5779907087789087 -2.538053738807673 -2.7001647530104407 -3.7293097484230575 -5.331987442771706 -6.8349408689081566 -7.7402576260667635 -8.157114519731024 -8.454869443776925 -8.41587772753282 -8.276216489349384 -8.008709684571638 -7.826039401803796 -7.73127771565903 -7.507725209192822 -7.061329136555754
-3.2734611385146906 -3.0605427364786935 -3.185552541891615 -2.8308460807861415 -2.281181038460138 -1.6748007725063436 -1.2099722521902434 -1.1367150883376806 -1.3992593110479945 -1.6688929367117822 -2.2440798296702917 -2.838880737466745 -3.1541228554645477 -3.2283252730442404 -3.233287855111672 -3.1210389750150034 -2.9785419756501796 -2.961763721993625 -2.982322990558699 -3.182480467278443 -3.3554618993432044 -3.467710779439873 -3.4646387048267013 -3.2235990044085914 -2.8856707969596727 -2.9676715577881865 -3.174682124029622 -3.285040496672031 -3.473618615234435 -4.351523014306276 -5.82210150028853 -7.247071493936768 -8.169875445047277 -8.145298848141902 -8.341675309953125 -8.42674814539481 -8.397445279853788 -8.166803370434106 -8.023361117342152 -7.966645893714361 -7.877792043364155 -7.599414820724417 -7.110246016934723
-2.8251745584233623 -2.7937448719962954 -3.024386781415977 -2.861330513486079 -2.352547694858441 -1.8357302195501994 -1.4160375647045491 -1.6336822353761955 -2.0517206961993684 -2.575154947597519 -3.3230869591890073 -3.825016688294954 -4.053531776828594 -4.095595567685871 -4.013594806857357 -3.916942613258331 -3.9334845534831033 -3.989254523383764 -4.0027243889953645 -4.064402194690587 -4.174760567332996 -4.244945656572387 -4.14829346297336 -3.711822554471155 -3.410995555812083 -3.6581794054565364 -3.8914207626258253 -4.333799506922592 -5.035177772452935 -6.302526707102272 -7.534192313552458 -8.59358542823323 -8.396500026126656 -8.315444519025274 -8.159005027185284 -8.173656459955797 -8.13466474371169 -7.908985416359441 -7.804534879511593 -7.900241819383489 -7.8279299092580565 -7.591616477475595 -7.138603628748618
-2.2733826952113168 -2.1736584269991184 -2.64439478310978 -2.5586130073727467 -2.5262380672185496 -2.046758114131937 -2.2322641580811684 -2.515603962788339 -3.212728586546598 -3.8181635987732623 -4.4032756558666355 -4.649277938352177 -4.8787382806129465 -4.884646116407508 -4.799809594397605 -4.688269654596283 -4.688269654596283 -4.827930892779717 -4.873066758250167 -4.988151399528226 -4.980353056279404 -5.00965592182043 -4.737186534975253 -4.298825119018788 -4.186339925490336 -4.531121222460946 -5.396501009648318 -6.408158811109033 -7.180667419605896 -7.911112237245482 -8.777200964728202 -8.512529921131845 -8.31142719068497 -8.103471370716406 -7.937343028173336 -8.092600952854411 -8.24218735517271 -8.109379206510967 -7.8475439240960005 -7.911112237245482 -7.809497461579024 -7.5644404328206125 -7.045732450058111
-1.871886174612916 -1.5613703252507625 -2.138684039095314 -2.3631817992886517 -2.332933680020497 -2.828955573331882 -3.0437644828221386 -3.7498690169881312 -4.4422673721107415 -5.020526339682423 -5.485354859998523 -5.64250329213386 -5.604456829616883 -5.607292590798273 -5.512530904653506 -5.4061898603513985 -5.4451815765955045 -5.59453166548202 -5.664953068153193 -5.827064082355961 -5.8065048137908875 -5.732302396211194 -5.466686098887709 -5.143409324209302 -5.033996205294023 -5.936477201271241 -7.161053404767952 -8.346637892020556 -8.631631890750207 -8.896302934346561 -8.665897338358661 -8.404298369375478 -8.155224012276765 -7.943250863967897 -7.904259147723791 -8.103471370716406 -8.306464608617539 -8.214774997085945 -7.973498983236052 -7.942305610240767 -7.831947237598358 -7.3855511649612895 -6.8710968239708725
-1.849436398593582 -1.5516814745476815 -2.0399050246102455 -2.2762184563927064 -2.272437441484187 -2.7684593347955717 -4.0419524186712525 -4.8818103552261185 -5.512530904653506 -6.023440544167187 -6.443369512444619 -6.491104825664676 -6.386654288816828 -6.278186423628679 -6.183424737483913 -6.198076170254424 -6.260699229676776 -6.422810243879544 -6.51260934795688 -6.6170598848047275 -6.69126230238442 -6.618950392258987 -6.765464719964113 -6.442187945285706 -6.593664855058264 -7.50276262712539 -8.47259295116061 -9.124818022880202 -9.078973217114402 -8.949237143065833 -8.70796112921594 -8.37003292176702 -8.120013310941179 -7.936397774446206 -7.930489938651644 -8.005873923390249 -8.114105475146616 -8.02619687852354 -8.091655699127283 -8.035176788931274 -7.624936671356923 -7.177595344992724 -6.7928770780508785
-2.293941963776391 -2.380668993240554 -2.6072935743199337 -2.015564741136652 -2.0741704722187024 -3.2566828848581357 -4.66298411739556 -5.70205427694304 -6.410994572290422 -6.847465480792627 -7.055657614192975 -7.092758822982821 -7.1052834348672915 -7.000832898019444 -6.960895928048208 -6.961841181775338 -7.0400609276953325 -7.198154613557798 -7.32600018015211 -7.367118717282258 -7.5419906568012784 -7.755854312564406 -8.010600192025898 -8.278343310235426 -8.578933995462716 -8.820210009312609 -9.213671873230407 -9.134743187015065 -9.204928276254455 -9.149394619785577 -8.704889054602768 -8.344747384566297 -8.091655699127283 -7.942305610240767 -7.742148133521023 -7.7109547605257385 -7.856287521071952 -7.914893252154002 -8.109379206510967 -7.910166983518352 -7.479367597378927 -7.139548882475748 -6.769482048304415
-3.0867735274065464 -3.4939415703677263 -3.441243675080238 -2.4785027539984927 -2.083859322921783 -3.441243675080238 -5.370979159015812 -6.400360467860211 -7.057548121647234 -7.432577537885999 -7.599414820724417 -7.7109547605257385 -7.719698357501689 -7.73127771565903 -7.744983894702413 -7.744038640975282 -7.842581342028569 -7.77830408858374 -7.819186312282105 -7.930489938651644 -8.18736263899918 -8.447071100528103 -8.629741383295945 -8.891576665710911 -9.125999590039113 -9.246046813384602 -9.307488305648043 -9.392561141089729 -9.40130473806568 -9.046834590391988 -8.587913905870451 -8.217610758267334 -7.942305610240767 -7.643369119035954 -7.365228209827998 -7.379879642598511 -7.602486895337589 -7.813278476487544 -7.948213446035329 -7.676689312917281 -7.389568493301591 -7.135767867567229 -6.91694162973667
-4.287954701156794 -4.31442180551643 -4.6738545352575525 -4.020447896379049 -3.144434004761467 -3.8396681210654666 -5.764441022933609 -7.001778151746573 -7.658020551806467 -8.032104714318102 -8.108197639352055 -8.356326742723638 -8.404298369375478 -8.403116802216566 -8.331041205522915 -8.222573340334765 -8.179564295750357 -8.097563534921843 -8.061407579859129 -8.271490220713735 -8.464794607911788 -8.65219115931528 -8.780273039341374 -8.885668829916352 -9.018476978578093 -9.15624770930727 -9.23234063434122 -9.285038529628709 -9.06621229179815 -8.77625571100107 -8.416822981259948 -8.02619687852354 -7.651167462284776 -7.299769389224257 -7.09748509161847 -7.289844225089393 -7.726551447023381 -7.838800327120049 -7.771450999062048 -7.539863835915237 -7.3562482994202645 -7.185393688241546 -6.912924301396369
-6.040927738119088 -4.60248787885925 -4.646442177170787 -4.54577265523146 -3.8035121660027498 -4.193193015012028 -5.851404365829555 -7.005795480086875 -7.644550686194867 -8.463849354184658 -8.523400338993838 -8.561446801510815 -8.565227816419334 -8.576098234281327 -8.572080905941025 -8.48228180186369 -8.306464608617539 -8.223518594061897 -8.195160982248002 -8.25471196705718 -8.36034407106394 -8.408079384283997 -8.570190398486766 -8.777200964728202 -8.929623128227888 -9.004770799534711 -8.984211530969636 -8.977358441447945 -8.782163546795633 -8.492206965998554 -8.081021594697072 -7.73222296938616 -7.449119478110772 -7.148292479451699 -7.001778151746573 -7.333798523400931 -7.7206436112288195 -7.425724448364308 -7.260541359548368 -7.338761105468363 -7.309458239927338 -7.14734722572457 -6.8417939584298475
-6.272278587834117 -4.486221670422279 -3.460857689918182 -3.4365174064445885 -2.838880737466745 -3.246048780427925 -5.358218233699559 -7.197209359830668 -7.842581342028569 -8.131828982530301 -8.298666265368718 -8.437382249825022 -8.560501547783684 -8.566409383578247 -8.495987980907072 -8.376886011288713 -8.24313260889984 -8.145298848141902 -8.153333504822506 -8.124030639281479 -8.201068818042561 -8.26156505657887 -8.456996264662966 -8.643447562339329 -8.684566099469476 -8.695200203899688 -8.637539726544766 -8.522455085266708 -8.251876205875792 -7.959792804192669 -7.587835462567076 -7.287953717635133 -7.075035315599137 -7.072199554417747 -7.151364554064871 -7.474405015311495 -7.620919343016621 -7.392404254482981 -7.293861553429695 -7.355303045693135 -7.2421089118693365 -7.015484330789956 -6.706858988882063
-6.488269064483286 -5.8095768884040595 -4.865032101569564 -4.0126495531302275 -3.1727916165753625 -2.573264440143259 -4.289845208611054 -6.3464810054138105 -7.235255822347645 -7.530174985212156 -7.901187073110619 -7.914893252154002 -8.120013310941179 -8.260619802851743 -8.348528399474818 -8.218556011994464 -8.104416624443536 -7.974444236963182 -7.9647553862601015 -7.905204401450921 -7.914893252154002 -7.929544684924514 -8.112214967692356 -8.30173833998189 -8.36601559342672 -8.388465369446052 -8.284960086325334 -7.970663222054663 -7.754909058837276 -7.571293522342304 -7.291971045975435 -6.997051883110925 -6.921667898372319 -6.960895928048208 -7.002723405473703 -7.206898210533749 -7.304495657859905 -7.3496315233303555 -7.250852508845287 -7.215641807509701 -7.118044360183545 -6.898272868625856 -6.599572690852826
