static/data/ASCData/20210107/ASCU/06.asc
ncols 97
nrows 97
xllcorner 99.0
yllcorner 2.0
cellsize 0.25
NODATA_value -32767
[rows 19 to 37 of 97, columns 0 to 42 of 97]
1.7016480268480403 2.294539024990198 2.169474052953208 1.476167817926581 1.236676180602637 1.3178905711577773 1.3217826346029118 1.3656332160847606 1.8617415698912398 1.3355345921090538 1.441917659609397 1.397029194542179 0.475129099837984 -0.9125212538006406 -0.43224062467104174 -0.19300845824344037 -0.6655049604827703 -1.433019871863296 -1.8969538345233299 -2.0131967960846806 -2.0580852611518985 -1.9672704474320934 -1.682111932351905 -1.7301140481752304 -1.889169707633061 -2.124509810615528 -2.1987184869694256 -2.317037215701515 -2.5043752028606563 -2.50930514989116 -2.3333838821710797 -1.7923870632973826 -1.0513381833437716 -1.2220700331370056 -2.960525038630421 -3.7290778335963157 -3.860889048938205 -3.6587612206875524 -3.160577099710335 -3.1079045077528478 -3.4369136043148854 -3.7280399500109467 -3.5425182591262017
1.6175794564331345 2.263143046532779 2.100195323629814 1.3295667614931808 1.020017982156816 1.1214711026266557 1.1624675042487391 1.1949013662915267 1.847211199696071 1.5044501456278914 1.4878440082619844 1.611871096713604 1.007303908236043 -0.11854031099320017 -0.21532295532887824 -0.008265180047722254 -0.30120782201817997 -1.063014373679175 -1.7944628304681212 -2.046409070816495 -2.260213089402551 -2.332605469482053 -2.053155314121395 -1.8510274858707427 -1.9018837815538336 -1.837534999260943 -1.696901773443416 -1.6792577524921395 -1.7114321436385849 -1.5923350022174687 -1.3627032589545325 -1.0523760669291407 -2.0414791237859915 -3.418491170674582 -5.125550197710579 -5.372566491028449 -5.151756758241151 -4.243608621043098 -3.6880814319742328 -3.5990829145288235 -4.059124813743723 -4.312108937677466 -3.7838261927245416
1.3939155437860715 1.9271282357694997 1.6801119424516293 0.87160062944902 0.6606507907227295 0.9476256020773142 1.1136869757363863 1.277932053121063 1.9058516222694308 1.6829661223113943 1.3705631631152642 1.64300760427468 1.27196422250519 0.3451341807704913 0.024947094684092175 0.14404423610520833 0.19100846834316476 -0.2308912091094164 -1.145007176923342 -1.5541927804551505 -1.86088737993175 -2.10219531353009 -2.0142346796700497 -1.7916086506083557 -1.528764632613605 -1.440803998753565 -1.1909335255759292 -1.0043739511058152 -0.9488471792885627 -0.879308979068826 -1.2308920436126436 -2.317815628390542 -3.9488496827982447 -5.632296858267093 -6.725188273660864 -6.4574143086356095 -5.615690720901185 -4.656686288020041 -4.123473596036613 -4.239716557597964 -4.631258140178495 -4.748538985325216 -4.127365659481748
1.1751815781695116 1.428165702103255 1.0298778762178231 0.262103493940955 0.19957100792246063 0.5384399985455057 1.0698363942545375 1.3882071840665406 1.7026859104334093 1.5171642195486643 1.277932053121063 1.3051764972370044 0.8617407353880124 0.5384399985455057 0.15468254285524274 0.1391142890747048 0.2797475148922315 0.04933735894026858 -0.7612497212330793 -1.1351472828623348 -1.5259104527538399 -1.845319126151212 -1.9234198659502446 -1.5902592350467304 -1.505412251942798 -1.3852772269363127 -1.085588341660955 -0.7583955413733139 -0.4584471852016141 -0.8004298265807666 -1.6431912979005596 -3.8012107427794755 -5.926277383822919 -6.8082189604904 -7.167586151924486 -6.7340102841365015 -5.881388918755701 -5.072877605753092 -4.84713792593529 -4.952742580746607 -5.1460483985216205 -5.108944060344672 -4.647085864855376
0.9359494117419103 0.8822389361990544 0.46734497294771504 -0.10790200424316576 -0.16939660667629108 0.5013356603685564 1.033769939662958 1.1829657050597806 1.3687468668408682 1.0698363942545375 0.8773089891685504 0.7779316358694492 0.3765301592279098 0.05322942238540307 0.035585401434126585 0.02001714765358864 -0.04433163463930212 -0.22414496580451648 -0.879308979068826 -1.2135074935577097 -1.5619769073454195 -1.6343692874249216 -1.712470027223954 -1.7446444183703993 -1.659797435266467 -1.3863151105216818 -1.061976490093806 -0.6509745902876014 -0.42912697391493415 -1.2290757473382476 -3.366596991406122 -5.5287679706265145 -6.519168381965077 -7.401888371321584 -7.306143610571275 -6.854923721832014 -6.124513148628437 -5.670439080029411 -5.5072318862301035 -5.5757322028644705 -5.770075904224854 -5.753469766858947 -5.290573687784282
0.5786579874785622 0.5493377761918823 0.18218645786752674 -0.32559808627435616 0.0726897396110755 0.7454977738266617 0.858886555528247 0.9105212639003648 1.058938616608161 0.8051760799853906 0.41856444443536267 0.245497356575048 -0.060937772005209334 0.08047386650134447 0.06308931644641058 -0.3305280333048599 -0.4234186141954035 -0.5933720512996106 -1.2750020959908348 -1.618541562748041 -1.7026101331629466 -1.6930097099982815 -1.5640526745161578 -1.5951891820772341 -1.6216552135041487 -1.3159984976129184 -0.8707464394895301 -0.4478088784515799 -0.8492103550931192 -2.755283559623661 -4.9654566546673795 -6.193013465262805 -7.18600858556479 -7.45559884686444 -7.325603927796948 -7.013200968600818 -6.507232720733331 -6.295504469318013 -6.263070607275226 -6.366599494915804 -6.4828424564771545 -6.466236319111247 -5.347138343186904
0.22603703934937558 0.5931883576737311 0.2493894200201825 -0.30042940932915285 0.16739661677601525 0.8246363972110635 0.9175269781016069 0.7543197843022997 0.9779836969493632 0.8490266614672395 0.025984978269461667 -0.030839148029502272 0.3871684659779442 0.480059046868488 0.2691092081421975 -0.17821861715192933 -0.6753648545437776 -0.9330194546116823 -1.5318782833697127 -1.8920238874928261 -1.8149610312791629 -1.6431912979005596 -1.505412251942798 -1.4750541570707487 -1.5142342624184362 -1.3188526774726836 -0.7425678166964336 -0.3863142760184546 -1.9449559503466556 -4.113873172871948 -5.756323946718712 -6.812111023935534 -7.210398849820966 -7.39799630787645 -7.422386572132626 -7.172256628058648 -7.002562661850783 -6.964420440088465 -7.117767739826765 -7.4937410686267585 -7.2973216000956365 -5.8998113523960045 -4.478170311336538
0.21721502887373711 0.7416057103815272 0.3871684659779442 -0.08065756012722414 0.1655803205016193 0.7104692028204509 0.8012840165402562 0.7416057103815272 1.1313309966876628 0.6995714251740743 -0.4379489843905724 0.043369528324395556 0.6136865584847726 0.7065771393753164 0.5083413745697989 0.2065767221237027 -0.40473670965875796 -0.8902067567152028 -1.3100306669970454 -1.7583963758765413 -2.0570473775665294 -1.9291282256697753 -1.7513906616752992 -1.6517538374798555 -1.6566837845103595 -1.4574101361194725 -0.9644154330691008 -0.7425678166964336 -2.8237838762580285 -4.992701098783321 -6.3160026701290555 -6.8969580070394665 -7.219220860296605 -7.4467768363888025 -7.499449428346289 -7.393066360845946 -7.423424455717995 -7.592340009236833 -8.047451961421228 -7.996595665738138 -6.751394834191436 -5.205467233784008 -3.9566338096885136
0.38613058239257514 0.9369872953272798 0.7475735409974003 0.5239096283503368 0.3920984130084477 0.30309989556303885 0.294537355983743 0.6087566114542691 1.3041386136516353 0.4974435969234219 -0.7983540594100282 0.005227306562077594 0.5454457127467478 0.5433699455760093 0.5521919560516477 0.6168002092408806 0.30621354631914643 -0.27396337790223835 -0.7700717317087173 -1.269034265374962 -1.7905707670229867 -1.7672183863521795 -1.7407523549252648 -1.9195278025051101 -2.0503011342616295 -1.8414270627060776 -1.4029212478875892 -1.3863151105216818 -3.435097308040489 -5.27785961386351 -6.196905528707939 -6.703652189264453 -7.123476099546295 -7.436138529638768 -7.563019797950153 -7.57962593531606 -7.659802442285831 -7.602978315986867 -7.57962593531606 -6.6683641473619 -5.378534321644322 -4.094153384749934 -2.9732391125511937
0.4769453961123804 0.7768937522840802 0.6956793617289398 0.7563955514730383 0.6500124839726951 0.40481248692922067 0.1655803205016193 0.1391142890747048 0.9712374536444632 0.5454457127467478 -0.7124691927207267 -0.22206919863377816 0.0013352431169431078 0.1292543950136973 0.5327316388259749 0.8051760799853906 0.44087894152080054 -0.4156344873051345 -0.8432425244772463 -0.9408035815019513 -1.6333314038395523 -1.875417750126919 -1.9096679084441026 -2.0191646267005536 -2.0484848379872336 -1.7241462175593576 -1.3100306669970454 -1.5962270656626032 -3.4926998470284802 -4.998668929399194 -5.824824263353079 -6.461565842977086 -7.008271021570314 -7.344285832333593 -7.489849005181624 -7.409672498211853 -7.133335993607303 -6.445738118300206 -5.615690720901185 -4.4156378253180435 -3.5277284180346906 -2.9722012289658246 -2.289533300689231
0.4761669834233535 0.6928251818691744 0.6136865584847726 0.7504277208571652 0.8023219001256257 0.5464835963321168 -0.06898136979182068 -0.3481720542561364 0.46137714233184246 0.4076666667889861 -0.5562677131226617 -0.5365479250006466 -0.4439168150064454 -0.1548662364811222 0.38223851894744065 0.7122854990948473 0.23667534609940954 -1.078582627459713 -1.5951891820772341 -1.6704357420165012 -2.3979921353603126 -2.7495751999041302 -2.771111284300541 -2.643192132403787 -2.022018806560319 -1.482838283961018 -0.6509745902876014 -0.5728738504885689 -2.6665445130745944 -4.313925233951862 -5.222073371149914 -6.081440979835615 -6.6870460518985455 -7.039667000027732 -7.17926234225989 -6.718182559459621 -5.98387992281091 -4.196903859701484 -2.6021957307817036 -2.4828391184642453 -3.2846041881619548 -3.054194032209992 -2.387094357713936
0.15779619361135033 0.4203807407097586 0.4390626452464046 0.63029269585068 0.694900949039913 0.49562730064902594 -0.09907999376752752 -0.8432425244772463 -0.4820590367687636 -0.5248717346652432 -0.8627028417029188 -0.7750016787392211 -0.804321890025901 -0.5923341677142413 -0.2651413674266001 -0.031877031614871765 -0.7467193510379104 -1.8725635702671537 -2.245682719207382 -2.387094357713936 -2.813923982197021 -2.906814563087565 -3.005413503697639 -3.0043756201122696 -2.4838770020496144 -1.5318782833697127 -0.4018825297989925 0.38431428611817875 -1.4965902414671597 -3.093374137557679 -4.354143222884918 -5.379312734333349 -6.423423621214767 -6.808997373179427 -6.59623123817874 -5.838316749962879 -4.533697083153791 -2.3608877971833637 -1.2856404027408692 -2.8022477918616175 -3.7054659820291667 -4.033696665902177 -3.39799296986354
0.18607852131266123 0.15468254285524274 0.14897418313571187 0.3549940748314988 0.4847295230026494 0.2864937581971314 -0.15279046931038387 -0.8541403021236229 -1.2046854830820712 -1.40188336430222 -1.3969534172717162 -1.1478613567831073 -1.2015718323259637 -1.3736010366009093 -1.0513381833437716 -1.24853606456392 -1.9322418764258829 -2.478947055019111 -2.6489004921233175 -2.8022477918616175 -2.8237838762580285 -2.8998088488863223 -2.949627260984044 -2.949627260984044 -3.064832338960026 -2.3051015544697693 -0.9654533166544699 0.5511540724662782 -0.13333015208471122 -0.900845063465237 -2.3492116068479603 -4.683152319446956 -5.7368636294930395 -6.265146374445965 -6.083516747006354 -5.170438662777797 -3.845320795157667 -2.7251849356479543 -3.468309582772304 -4.919530306014792 -6.1587633069456205 -6.486734519922289 -6.149941296469983
0.3355337576058264 -0.07676549668208965 -0.09804211018215825 0.11679979198926693 0.24757312374578655 0.2221449759042411 -0.21739872249961678 -0.9135591373860097 -1.5209805057233359 -1.98491446838337 -1.83831341194997 -1.647083361345694 -1.7768188095168447 -1.9517021936515553 -2.110757853109386 -2.3089936179149038 -2.591297953135327 -2.9291290601730027 -2.923420700453472 -2.9379510706486407 -2.864780277880112 -2.8375358337641705 -2.88709477496555 -3.012159747002539 -3.1284027085638897 -3.2672196381070204 -2.237898592317113 -0.32871173703046375 0.6762190445032674 0.5200175649052023 -0.09907999376752752 -2.4418427168421615 -5.234787445070688 -5.773967967669989 -5.647865112047631 -4.904740464923281 -4.472202480720666 -4.882425967837843 -6.012162250512221 -7.389174297400811 -8.626591002057243 -8.631261478191405 -8.291614074879334
0.16065037347111577 -0.25631935695096186 -0.30042940932915285 -0.08636591984675479 0.2045009549529646 0.1801106906967882 0.1411900562454429 -0.4711612591223868 -1.6488996576200903 -2.2552831423720474 -2.1527921383168387 -2.2251845183963406 -2.3414274799576913 -2.50255890658626 -2.6626524496294595 -2.827675939703163 -3.050301968764857 -3.2378994268203405 -3.2007950886433916 -3.0894820741125444 -2.9457351975389097 -2.9291290601730027 -2.917452869837599 -3.0435557254599575 -3.2895341351924583 -3.5287663016200597 -3.3422067271499456 -1.8842397606025572 -0.32559808627435616 1.263142212029552 0.9437335386321797 -0.14500634242011468 -2.941843134093775 -5.893065109091104 -5.694829344285587 -5.3188560154855935 -5.6421567523281 -6.536552932020011 -7.405780434766719 -8.614655340825498 -9.079627187070901 -9.084557134101406 -8.516056400215424
-0.32170602282922167 -0.5386236921713852 -0.611794484939914 -0.29731575857304526 0.0864416971172175 0.5589381993565472 0.643006769771453 -0.09907999376752752 -1.5746909812661922 -2.0863675888532094 -2.1068657896642513 -2.3460979560918527 -2.517089276781429 -2.6460463122635525 -2.8237838762580285 -3.0160518104476735 -3.3170380502047423 -3.5191658784553947 -3.5181279948700253 -3.435097308040489 -3.3043239762839693 -3.3089944524181307 -3.3004319128388353 -3.494516143302876 -3.767220055358634 -3.7075417491999048 -3.6714752946083253 -3.188081014722619 -1.86763362323665 0.46526920577697695 2.4136361664113135 1.559976917445144 -0.7591739540623408 -4.3746414236959605 -6.4965944139832965 -5.9555975951096 -6.178223624171293 -6.994519064064172 -7.58637217862096 -8.211437567909563 -8.59908708704496 -8.437955660416392 -7.796284133761882
-0.8082139534710358 -0.9633775494837316 -0.7750016787392211 -0.4350948045308072 0.023909211098723127 0.5454457127467478 0.7249995730156198 -0.04433163463930212 -1.36581690971064 -1.638261350870056 -1.8785314008830265 -2.331567585896684 -2.523057107397302 -2.693788957190536 -2.900846732471692 -3.1509766765456697 -3.48595360372358 -3.7075417491999048 -3.8071785733953485 -3.8383150809564244 -3.8912471438102543 -3.9330219581213646 -4.11179740570121 -4.317038884707969 -4.442882269433985 -4.277858779360282 -3.781750425553803 -3.4234211177050855 -2.464416684823942 -1.2173995570028442 1.2161779797915955 3.0345500213584398 1.9800602986233287 -0.7711096152940866 -4.215326293341787 -6.108944894847899 -6.093376641067361 -6.634373459941059 -7.247503187997915 -7.649942548224824 -7.914602862493971 -7.889174714652425 -7.6919768334322765
-1.2054638957710981 -1.4633779667353453 -0.9683074965142353 -0.6559045373181052 -0.30509988546331446 0.275855451447097 0.6762190445032674 0.22889121920914057 -1.0308399825327297 -1.5855887589125688 -2.287717004414835 -2.5453716044827397 -2.4125225055554815 -2.606087794226838 -2.9750554088255896 -3.2573597440460134 -3.514235931424891 -3.7054659820291667 -3.9117453446212958 -3.9986680948959665 -4.120619416176848 -4.29342703314082 -4.596229569172285 -4.904740464923281 -5.075731785612858 -4.93509855979533 -4.190936029085611 -3.3100323360035 -2.775781760434703 -1.9750545743223624 -0.4478088784515799 1.7602884494214002 3.3440988006948045 3.1401546761697556 0.9369872953272798 -2.836497950178801 -5.763070190023612 -6.465457906422221 -6.940808588521316 -7.328717578553055 -7.602978315986867 -7.601162019712471 -7.4740212805047435
-1.1577212508441148 -1.8492111895963466 -1.0718363841548133 -0.664467076897401 -0.38423850884771604 0.2083930183980991 0.7475735409974003 0.3931362965938172 -1.031877866118099 -1.4867303474061524 -2.2280386982561056 -2.657722502598956 -2.334421765756449 -2.4555946743483035 -2.915636573563203 -3.2711117015521554 -3.5277284180346906 -3.7641064046025265 -4.027728835286304 -4.097267035506041 -4.3881339103057595 -4.5746934847758745 -4.834423852014517 -5.08066173264336 -5.299395698259921 -5.491663632449566 -5.034735383990774 -3.9771320104995556 -3.4955540268882452 -2.6322943547574105 -1.5679447379612925 -0.05912147573081317 1.783640830092207 3.225001659273688 3.529879962475892 0.0454452954951341 -4.7612530592459885 -5.812888602121333 -6.352069124720635 -7.0972695390157226 -7.545375776998877 -7.6841927065420075 -7.618546569767405
