static/data/ASCData/20210107/ASCU/09.asc
ncols 97
nrows 97
xllcorner 99.0
yllcorner 2.0
cellsize 0.25
NODATA_value -32767
[rows 38 to 56 of 97, columns 43 to 85 of 97]
-8.474192496048813 -8.498708159316747 -8.411869544849608 -8.447018507848213 -8.393261270320936 -8.34039014110455 -8.22637753843681 -8.056244742746088 -7.928349776541085 -7.8025223963948225 -7.621756300973432 -7.51719552028851 -7.337610902614971 -7.239843618980199 -7.048444223828138 -6.924389060303655 -6.9048946774640925 -7.004434177720643 -6.96928521472204 -6.942997334832327 -7.2436834216607195 -7.40702272030129 -7.437150402871522 -7.190221553570407 -6.808308871577173 -6.674506516632908 -6.660919522532609 -6.461545152582545 -6.354030677527993 -6.285800337589526 -6.23292920837314 -6.1744460598544535 -6.048618679708191 -5.856037806808279 -5.488893596663199 -4.895201028367454 -4.4285173179658255 -3.9966872011258356 -3.128596425891412 -2.056405369715516 -1.2485699596215554 -0.6460163082169197 0.256041952268256
-8.125656560432407 -8.096414986173064 -7.902948004962262 -7.981220905757473 -8.007508785647184 -7.952865439809019 -7.846237073065355 -7.765305847337478 -7.657791372282926 -7.6619265444004085 -7.529010297767032 -7.39727552888151 -7.162752195932843 -7.070892301037331 -6.936203837782177 -6.913755760572984 -7.195833572872704 -7.32107021414504 -7.266131498869912 -7.315162825405778 -7.280899970718064 -7.198787267242334 -7.190221553570407 -6.952744526252108 -6.646151050684455 -6.513234804051081 -6.4196026925337915 -6.190100640013496 -6.097354636807096 -6.096468528496207 -6.161745174065042 -6.012288238961736 -5.874646081336952 -5.631557034716355 -5.208588000985258 -4.640297204268337 -3.9792604043450153 -3.424556601728395 -2.5573519348048603 -1.4644850180415498 -0.7798186631611843 -0.24372313507323629 0.6273213345308184
-7.726317081658355 -7.623823887032174 -7.457826263458935 -7.537871380875924 -7.550572266665336 -7.505676112246951 -7.495633551390206 -7.417656020031959 -7.492975226457538 -7.528124189456143 -7.4917937487096875 -7.370692279554834 -7.204694655981596 -7.123763430253717 -7.003548069409755 -7.1852002731420335 -7.467573454878716 -7.530782514388811 -7.451918874719674 -7.477320646298498 -7.410862522981809 -7.305415633985998 -7.100133875296674 -6.806241285518432 -6.516188498420711 -6.382386143476445 -6.279892948850264 -6.104148133857246 -6.031782621801297 -6.149044288275631 -6.151111874334372 -5.7671316062823985 -5.6277172320358355 -5.245804550042603 -4.821949408000616 -4.359991608590396 -3.6951150059865547 -2.972345993737955 -2.1949336356511893 -1.3043947832075733 -1.0211354931600016 -0.5193028197597682 0.3177741645935348
-7.284739773398584 -7.126717124623349 -7.021270235627538 -7.081820970204964 -7.096294072616153 -7.123763430253717 -7.114016238833937 -7.162752195932843 -7.239843618980199 -7.373645973924464 -7.376599668294094 -7.325796125136449 -7.375713559983206 -7.312209131036148 -7.277060168037545 -7.455758677400194 -7.59635452939461 -7.658972850030777 -7.4409902055520405 -7.373645973924464 -7.4058412425534375 -7.366852476874314 -7.155958698882692 -6.843457834575778 -6.550451353108425 -6.445004464112614 -6.344283486108212 -6.273985560111004 -6.149044288275631 -6.222295908642469 -6.123642516696808 -5.715441954813864 -5.433364142514144 -5.051451460520912 -4.586539966741061 -4.1236960590199505 -3.429282512719804 -2.6627988238006712 -1.9674991691896357 -1.2594986287891885 -0.9215959929034516 -0.8784720551068452 -0.05734502034954758
-6.9370899460930655 -6.708769371320624 -6.617795584736003 -6.669485236204537 -6.703748090892251 -6.757505328419528 -6.747758136999748 -6.79738020240954 -6.914641868883875 -7.0475581155172495 -7.1852002731420335 -7.215623325149229 -7.411748631292699 -7.458712371769824 -7.443943899921672 -7.550572266665336 -7.69205422697064 -7.656019155661147 -7.434196708501892 -7.191107661881295 -7.209715936409967 -7.141190227034539 -7.079753384146223 -6.814216260316435 -6.6783463193134285 -6.572899430317618 -6.5144162817989315 -6.465384955263065 -6.220228322583727 -6.138410988544961 -5.9724133649717235 -5.67261338645422 -5.337664444938113 -4.960477673936291 -4.495861549593402 -3.9898937040756857 -3.306408826943172 -2.5142279970082537 -1.844330113976041 -1.0515585451671965 -0.07477181713036796 -0.2496305238124974 -1.1431230706257443
-6.639357553634305 -6.445004464112614 -6.356098263586734 -6.407787915055268 -6.387407423904818 -6.392133334896226 -6.385339837846077 -6.403948112374749 -6.527117167588344 -6.673620408322019 -6.900168766472683 -7.0446044211476195 -7.2927147481965875 -7.364784890815573 -7.515423303666731 -7.606987829125279 -7.666652455391816 -7.587493446285718 -7.417656020031959 -7.195833572872704 -7.080639492457111 -6.913755760572984 -6.922616843681876 -6.818942171307844 -6.712609174001143 -6.636403859264675 -6.5681735193262085 -6.3315826003188 -6.1147814335879165 -5.939036618594898 -5.681179100126149 -5.452858525353706 -5.087486531830405 -4.780893056262752 -4.415816432176413 -3.890354203819135 -3.2408368119373736 -2.4087811080124424 -1.7282499252495598 -0.6714180797957425 0.6116667543717762 -0.33262933559911634 -1.3640594094741108
-6.301454917748568 -6.154951677014892 -6.0427112909689304 -6.126596211066438 -6.109169414285619 -6.160859065754153 -6.1177351279575465 -6.093514834126577 -6.161745174065042 -6.297615115068048 -6.608934501627111 -6.827803254416736 -7.074732103717851 -7.14621150746291 -7.308369328355628 -7.4028875481838075 -7.498587245759838 -7.563273152454746 -7.429470797510483 -7.278832384659323 -7.14030411872365 -7.0691200844155535 -6.989074966998565 -6.830756948786366 -6.667713019582759 -6.576739232998136 -6.459772935960766 -6.186260837332976 -5.897980266857033 -5.715441954813864 -5.475306602562899 -5.336482967190261 -4.955751762944882 -4.647090701318486 -4.274925210745035 -3.7760462317144325 -3.181172185670836 -2.20468082707097 -1.3746927092047807 -0.20089456671359285 0.7640773838447137 -0.14211604875794448 -1.256544934419558
-6.012288238961736 -6.028828927431666 -5.912748738705186 -6.084653751017685 -6.127482319377328 -6.04359739927982 -5.8542655901865 -5.814981455070414 -6.016128041642255 -6.298501223378938 -6.564038347208726 -6.821895865677474 -6.976374081209153 -6.992914769679084 -7.029835949299466 -7.034857229727837 -7.135282838295277 -7.313095239347037 -7.377485776604985 -7.305415633985998 -7.124649538564608 -7.099247766985785 -6.919663149312246 -6.744804442630116 -6.561084652839096 -6.3980407236354875 -6.271031865741373 -6.1177351279575465 -5.862831303858429 -5.692993877604671 -5.325849667459591 -5.063266237999434 -4.646204593007598 -4.3502444171706145 -4.025928775385179 -3.5583589566726594 -2.9685061910574353 -2.0327758147584714 -1.0542168700998642 0.10983408097154257 0.5841973967342118 -0.3639384959172003 -1.6842398791420643
-5.703627177335341 -5.720463235242235 -5.730210426662016 -5.935196815914377 -5.997815136550546 -5.95764489312357 -5.838611010027458 -5.812027760700783 -5.988067945130765 -6.340443683427692 -6.691933313413729 -6.758391436730417 -6.729149862471074 -6.663873216902239 -6.569945735947988 -6.59830120189644 -6.744804442630116 -6.914641868883875 -7.025110038308057 -7.053465504256511 -6.922616843681876 -6.930296449042917 -6.7761136029482 -6.607162285005332 -6.448844266793133 -6.338671466805913 -6.237950488801511 -6.063091782119381 -5.76831308403025 -5.478260296932529 -5.098415200998038 -4.776167145271343 -4.3502444171706145 -4.013227889595767 -3.7007270252888533 -3.3022736548256892 -2.7555448270070713 -1.8620522801938244 -0.9762393387416171 -0.15393082623646714 -0.435122530225297 -2.2634593450266185 -4.21644206222635
-5.349183852979673 -5.453744633664595 -5.584593294239229 -5.806415741398485 -5.873759973026061 -5.85810539286702 -5.862831303858429 -5.85721928455613 -5.96827819285424 -6.30056880943768 -6.696068485531212 -6.603322482324812 -6.524163473218714 -6.465384955263065 -6.32862890594917 -6.326856689327391 -6.455637763843283 -6.580579035678657 -6.694887007783359 -6.829870840475477 -6.8269171461058455 -6.7672525198393085 -6.614841890366371 -6.484879338102626 -6.421670278592533 -6.3315826003188 -6.154065568704002 -5.884393272756732 -5.505434285133131 -5.136517858366272 -4.7944800503630525 -4.441218203755236 -4.057237935703263 -3.7527120461943513 -3.502534133086642 -3.3306291207741427 -2.8914147680100775 -2.249576981489355 -1.8209959284559596 -1.8269033171952207 -2.8453371358438404 -4.260452108333846 -4.871866842847373
-4.912627825148276 -5.075967123788845 -5.351251439038414 -5.6675921060258485 -5.792533377861221 -5.798440766600482 -5.816162932818266 -5.9216098218140765 -6.068113062547753 -6.215502411592318 -6.472473821750178 -6.397154615324599 -6.243857877540773 -6.149044288275631 -6.113009216966137 -6.096468528496207 -6.166766454493414 -6.288754031959156 -6.507622784748781 -6.663873216902239 -6.803287591148802 -6.616909476425112 -6.444118355801725 -6.339557575116803 -6.2633522603803335 -6.1325035998057 -5.936082924225267 -5.6383505317665055 -5.270320213310537 -4.870685365099521 -4.588607552799802 -4.280832599484297 -4.118674778591578 -3.8649524322403126 -3.7633453459250212 -3.5964616140408943 -3.366959561520599 -3.0269893395761205 -3.228135926147962 -3.912802281028328 -4.796547636421794 -5.586660880297971 -6.123642516696808
-4.2935334852737075 -4.744857984953258 -5.233989772564081 -5.600247874398271 -5.687086488865409 -5.7517723955603195 -5.911862630394296 -6.014355825020477 -6.058365871127972 -6.2282032973817305 -6.294661420698418 -6.189214531702607 -6.011402130650847 -5.862831303858429 -5.830636035229455 -5.877599775706582 -5.948783810014678 -6.151111874334372 -6.374706538115406 -6.597415093585552 -6.732989665151594 -6.50260150432041 -6.330696492007911 -6.209595022853058 -6.088493553698204 -5.955872676501792 -5.705694763394082 -5.40589478487658 -5.037864466420611 -4.677513753325682 -4.40488776300878 -4.238004031124653 -4.158845022018554 -4.3150954541720115 -4.2232355592765005 -4.245683636485692 -4.048376852594371 -4.274039102434147 -4.641183312579226 -5.441043747875184 -6.084653751017685 -6.859998523045709 -7.270266670987395
-3.92461705850685 -4.449783917427165 -5.017188605833198 -5.485053793982679 -5.584593294239229 -5.8589915011779095 -6.021149322070627 -6.012288238961736 -6.052458482388712 -6.200733939744166 -6.21756999765106 -5.9753670593413535 -5.778946383760921 -5.6353968373968755 -5.5816395998695985 -5.629489448657614 -5.772152886710771 -5.974185581593501 -6.306180828739977 -6.590621596535401 -6.67746021100254 -6.4810395354221075 -6.305294720429087 -6.086721337076426 -5.963552281862832 -5.710716043822455 -5.458765914092967 -5.150104852466573 -4.765238476103709 -4.461598694905687 -4.299440874012969 -4.288807574282299 -4.706755327585025 -4.866845562419002 -5.197068592943699 -5.2233564728334105 -5.195001006884958 -5.443111333933925 -5.537629553762104 -6.12571010275555 -6.600368787955182 -6.755437742360787 -7.123763430253717
-3.499580438717011 -4.158845022018554 -4.647976809629377 -5.21744908409415 -5.553284133921146 -5.870806278656431 -6.138410988544961 -6.129549905436069 -6.026170602498999 -6.168538671115193 -6.124528625007697 -5.826796232548936 -5.565098911399668 -5.394080007398058 -5.32673577577048 -5.408848479246211 -5.552398025610256 -5.822070321557527 -6.172378473795712 -6.531843078579753 -6.630496470525413 -6.50644130700093 -6.286686445900415 -6.03680390222967 -5.749704809501578 -5.496868571461201 -5.236943466933711 -4.933303685735689 -4.531896620902895 -4.277878905114666 -4.352312003229356 -4.813088324891725 -5.316102476039811 -5.665819889404069 -5.994861442180915 -6.154951677014892 -6.157905371384523 -6.077860253967534 -5.842450812707978 -6.030010405179519 -5.793714855609073 -5.746751115131947 -4.492907855223772
-2.9380831390502404 -3.76127775986628 -4.328682448272312 -4.969338757045183 -5.4224354733465105 -5.856037806808279 -6.107101828226877 -6.1316174914948105 -6.05039089632997 -6.049504788019081 -5.989840161752543 -5.734050229342536 -5.328803361829222 -5.12470308088775 -5.094280028880555 -5.187026032086955 -5.401168873885171 -5.682360577874001 -6.041529813221079 -6.358165849645475 -6.528003275899232 -6.480153427111217 -6.219342214272839 -5.95380509044305 -5.639236640077395 -5.3580449360885645 -5.114069781157079 -4.844397485209809 -4.4391506176964945 -4.365012889018768 -4.845283593520698 -5.441929856186073 -5.86578499822806 -6.2066413284834265 -6.351372352595325 -6.486060815850479 -6.297615115068048 -6.137229510797109 -5.67940688350437 -5.1344502723075305 -4.466324605897096 -3.4275102960980255 -2.2770463391269193
-2.5434695712675963 -3.3640058671509685 -4.111881281541428 -4.76139867342319 -5.180232535036804 -5.6950614636634125 -5.982160556391504 -6.021149322070627 -5.986000359072023 -5.993679964433063 -5.850130418069018 -5.526110145720544 -5.1179095838376 -4.982039642834593 -4.9460045715251 -5.0210284085137165 -5.252598047092754 -5.617970040616054 -6.009334544592106 -6.254491177271442 -6.42344249521431 -6.353144569217102 -6.149044288275631 -5.907727458276813 -5.642190334447026 -5.360112522147306 -5.094280028880555 -4.75076537369252 -4.7546051763730395 -4.937143488416209 -5.546490636870995 -6.024103016440257 -6.3315826003188 -6.424623972962163 -6.474246038371957 -6.32774279763828 -6.047437201960339 -5.577799797189079 -4.969338757045183 -4.02799636144392 -2.9693922993683244 -1.6198493418841178 -0.20384826108322374
-2.4773068173878716 -3.2234100151565532 -4.0669851271230435 -4.76139867342319 -5.1421298776685695 -5.57986738324782 -5.864012781606281 -5.927517210553338 -5.8619451955475395 -5.756498306551729 -5.625649645977094 -5.5388110315099555 -5.296608093200248 -5.03195707768135 -4.892247333997824 -4.963431368305921 -5.197954701254588 -5.570120191828039 -6.001654939231066 -6.24563009416255 -6.265419846439075 -6.180353448593715 -6.075792667908793 -5.936082924225267 -5.75856589261047 -5.586660880297971 -5.386400402037018 -5.274160015991057 -5.544718420249216 -5.897980266857033 -6.2066413284834265 -6.421670278592533 -6.412809195483641 -6.312088217479237 -6.143136899536369 -5.920428344066225 -5.551511917299367 -4.899040831047975 -4.095340593071497 -2.790693790005675 -1.5064274780903042 -0.062070931340956204 1.3196672947722234
-2.4430439627001572 -3.4402111818874372 -4.193107876706269 -4.66481286753627 -5.0777393404106235 -5.450790939294965 -5.704808655083193 -5.756498306551729 -5.651937525866806 -5.510455565561502 -5.533789751081583 -5.671431908706368 -5.492733399343718 -5.090440226200036 -4.933303685735689 -4.987060923262965 -5.182300121095546 -5.523156451350913 -5.905955241655035 -6.110055522596507 -6.1714923654848235 -6.095287050748354 -5.980979078643651 -5.935196815914377 -5.914816324763927 -5.983932773013282 -6.030896513490408 -6.1422507912254805 -6.240018074860252 -6.426396189583942 -6.32478910326865 -6.320063192277241 -6.213434825533577 -6.0427112909689304 -5.691221660982893 -5.22808238382482 -4.564977997842757 -3.7701388429751717 -2.855970435574511 -1.8620522801938244 -0.7234031007012405 0.24245495816795515 0.692597980099654
-2.634443357852218 -3.5935079196712634 -4.264291911014365 -4.782960642321493 -5.100187417619816 -5.386400402037018 -5.497754679772091 -5.507501871191872 -5.4546307419754845 -5.441929856186073 -5.6921077692937825 -5.744683529073206 -5.513409259931132 -5.006555306102527 -4.8863399452585625 -5.001534025674156 -5.2242425811443 -5.545604528560106 -5.870806278656431 -6.023216908129369 -6.093514834126577 -5.963552281862832 -5.877599775706582 -5.931357013233858 -6.144318377284222 -6.309134523109607 -6.535682881260271 -6.673620408322019 -6.445890572423503 -6.486060815850479 -6.226135711322989 -6.066931584799901 -5.824728646490195 -5.4147558679854715 -4.993854420313116 -4.445058006435756 -3.8023341116041447 -3.1599055862094962 -2.2330362930194236 -1.522082058249346 -1.1764998170025696 -1.198947894211762 -2.505662283336325
