static/data/ASCData/20210107/ASCU/12.asc
ncols 97
nrows 97
xllcorner 99.0
yllcorner 2.0
cellsize 0.25
NODATA_value -32767
[rows 57 to 75 of 97, columns 0 to 42 of 97]
-1.8717918685301413 -2.2038026284955405 -2.0914805803480423 -2.3014944939011377 -2.034847614895522 -1.718410920429566 -1.1492496176317388 -0.8679725558842226 -0.7877425214931524 -0.518263994214911 0.06080807753710715 0.5256703356265429 0.9015716438176455 0.9143140610444624 1.518870967250114 1.2267392537908646 0.1448136429583453 -0.3014069306696361 -0.8073280887121488 -0.9305047885713802 -0.19215250148414942 -0.17256693426515257 -0.7537627422216402 -1.0017679367658014 -1.381680746676457 -0.9793507212741788 -0.600381794121065 -0.4538439960126692 -1.0935605349367608 -2.2566600629178923 -3.0827934464565296 -2.99572026207328 -3.1403702946665915 -3.258591610048727 -2.7340287675447597 -1.6091564912440792 -0.3014069306696361 -0.7438519732674491 -1.2448177468328665 -0.9352242023590902 -1.0279606832875916 -1.8484307702809768 -2.399186359306735
-2.112010030324581 -2.1891724457536395 -1.963584466701101 -2.3892755903525438 -2.862160851881087 -2.548555805687757 -2.112953913082123 -1.879578901279863 -1.6374729739703393 -1.2955514450507493 -0.6638579095657646 -0.13551953603162925 0.38220015648015915 0.9641038765048031 1.586122613724982 2.631000826323978 1.997419525323909 0.7687201456936088 0.01786141206894598 -1.272190346801585 -1.2077703485993432 -1.1424064676395593 -1.3014507122853867 -1.5407249913222842 -0.660790290603753 0.23660624112930462 0.8321962611383085 0.8166221956388653 0.49239846842318746 0.36945773925334136 -0.7282779077680064 -1.742007989368116 -1.92063780123294 -2.2302313457067164 -1.5973579567748044 -1.0447146022339622 -0.23226751867968431 -0.6912305095344826 -1.6480916549926867 -1.5652659430183764 -2.333822478346951 -3.1521688291358667 -3.0153058292922763
-2.251704678440797 -2.1931839474731927 -2.234006876736885 -2.99572026207328 -3.4645940218822693 -3.1970032601191116 -2.7654128692330318 -2.453931559244171 -2.1325394803011193 -1.761357585897727 -1.1140899849132992 -0.687219007814929 -0.10720305330536917 0.47281290120419106 1.2316946382679608 2.2706735836323184 2.6652165762848754 1.6234059826478915 1.3322181519461833 -0.628698276847325 -1.0857735021870392 -1.6832512877111263 -1.8238898185848846 -1.3885238966686364 -0.49867842699591414 0.6722081337349386 1.277708922698133 1.2864398382053968 1.2288629899953345 1.3166440864467401 0.4494518029550263 -0.5621545424406138 -1.0895490332172075 -1.387344043221709 -1.1119662487088298 -0.7388965887903538 -0.6676334405959325 -2.0973798475826797 -3.572904568310214 -4.23598220548347 -4.955692808109246 -4.0778818435951845 -3.901139797245445
-2.444964673047522 -2.414760424806178 -3.203846410111291 -3.833652180081192 -3.711655333668888 -3.444064571905731 -3.023092862041998 -2.676451919334698 -2.275065776689962 -1.9567413167089214 -1.3767253621993616 -1.0584009022183212 -0.5144884631847426 -0.15203748428861408 0.6077881355326968 1.3039016692199232 1.7522459790523741 1.9025593081909382 2.1213041372512973 0.4357655029706673 -0.9850140178194309 -1.6922181739077753 -1.7986409548206361 -1.3630390622150026 -0.669757176800402 0.2493486583561224 0.8723112783338434 1.0393785264187776 0.9055831455371988 0.4631381029393853 -0.20867044974113425 -0.4840482442540135 -1.0114427350306068 -1.4128288776753428 -1.2927197967781234 -1.6013694584943576 -2.293707461151416 -4.956872661556174 -7.229270400338543 -7.785925256598938 -6.255655335933968 -5.375720635215437 -4.46463780349802
-2.7498388037335886 -2.9508858310900346 -3.9001959144879033 -3.930400162729247 -3.781974599105767 -3.365014390961588 -2.9284686155984123 -2.5681413729067533 -2.1636876113000056 -1.9430550167245624 -1.6023133412518997 -1.2585040468172255 -0.8795351196641121 -0.5416250924640753 -0.254684734171307 0.30385788760417265 0.745359047444444 1.2142328072534334 1.7706516928244436 0.4201914374712241 -1.064300169452959 -1.5055653586038447 -1.7096800049223027 -1.496834443096581 -0.7693368077210834 0.19861496013823965 0.9289442437863635 0.8128466646086969 0.18186104119186908 -0.5114208442227315 -0.8405999559155046 -1.0154542367501604 -1.535769606845189 -1.9293687167402034 -2.8796226828956137 -3.6326051527247456 -5.524146198838917 -8.663736221113 -10.276123941684125 -8.629520471152103 -6.87861795591169 -5.609095647017697 -4.672527980846646
-2.7838185830051003 -3.532081639046522 -4.093455909094628 -4.019361112627581 -3.713543099183972 -3.253636225571632 -2.6773958020922395 -2.2819089266821413 -1.9041198529759549 -1.755694289352475 -1.5846155395479875 -1.36893832944964 -1.0494340160216722 -0.7575382732518081 -0.5524797441758085 -0.40004267883277533 -0.10720305330536917 0.09502382749800464 0.3050377410511005 -0.44700084602048973 -1.8014726030932624 -1.7545144359055476 -1.382624629433999 -1.2320753296060496 -0.5748969596674312 0.5421882838835281 0.9563168437550815 0.34892828927680286 -0.5652221614026254 -1.3045183312473982 -1.4479885103937824 -2.4890911919626104 -3.1979471428766537 -3.8640923990119216 -5.1373902389360815 -7.107273553926239 -9.172489027428139 -10.84646509792888 -9.809373918079604 -8.251731397445916 -6.942094071356389 -5.797636227836712 -5.021292659758416
-2.542656538453119 -3.806279580112474 -4.26429868820973 -4.018181259180653 -3.499753654600709 -2.9001521328721522 -2.3708698765804748 -2.0143181649189836 -1.6695649877267673 -1.6060888722820676 -1.5739968585256396 -1.4890474103468598 -1.2488292485524202 -0.9479666195859071 -0.7547066249791823 -0.687219007814929 -0.6530032578540315 -0.5982580579165955 -0.4880597459735667 -1.016398119507702 -2.5933902366710013 -2.804348032981639 -1.97727076668546 -1.409997229402717 -0.7643814232439876 0.4905107029081033 0.1868164256689644 -0.5017460459579257 -1.614111875721175 -1.8444192685614234 -2.348452661088852 -4.507584468966181 -6.767239790521733 -7.795600054863744 -8.413843261053755 -9.86105149905503 -10.629608034383605 -10.714557482562384 -9.453766089175655 -8.176456747531942 -6.894192021411133 -5.863000108796496 -5.27118561981766
-2.3326426249000236 -3.640392185474467 -4.058296276376188 -3.7975486646052103 -3.213521208376097 -2.616987305609552 -2.200027097465372 -1.990013183912277 -1.7438957548832001 -1.5279825740954673 -1.5378933430496584 -1.6159996412362587 -1.5279825740954673 -1.3757814794418195 -1.210601996871969 -1.0494340160216722 -0.960709036812724 -0.8894458886183032 -1.0447146022339622 -1.6627218377345878 -2.744883419256493 -2.7361525037492296 -1.8328567047815338 -0.8708042041568484 -0.40311029779478647 -0.7547066249791823 -1.4722934914004893 -1.7672568531323645 -2.212533544002804 -2.237074495698896 -3.313100839296778 -5.955736589724998 -8.27414861293754 -9.033030350001308 -9.180512030867247 -9.807250181875135 -10.029062629897506 -9.833678899086312 -8.85723218640911 -7.795600054863744 -6.803343305997715 -6.258486984206595 -5.89320435703784
-2.6471915538508957 -4.1998786900074885 -4.6354805826131225 -4.18147297623542 -3.306493659993984 -2.5974017383905554 -2.185396914723471 -2.0973798475826797 -2.1070546458474855 -1.9850577994351815 -2.0095987511312736 -1.9850577994351815 -1.8873659340295843 -1.8161027858351633 -1.688206672188222 -1.5270386913379252 -1.4187281449099807 -1.3229240450194673 -1.5506357602764753 -2.0836935475983207 -2.4069733920564564 -2.200027097465372 -1.2585040468172255 -0.5633343958875416 -0.9793507212741788 -1.7028368549301232 -2.0124303994038995 -2.305505995620691 -2.417592073078804 -3.513439954585068 -5.308233018051184 -7.364953546735206 -8.823960319205755 -8.943125517345432 -9.29259810832536 -9.777989816391333 -9.791676116375692 -9.277967925583457 -8.471420109263818 -7.585586141310649 -7.0133572195508105 -6.584598476937356 -6.198078487723906
-3.0591963775179796 -4.673471863604188 -5.128659323428819 -4.452839269028745 -3.6061764355135697 -2.8513062001693537 -2.4244352230709834 -2.44402079028998 -2.46761785922853 -2.443076907532438 -2.534869505703398 -2.562242105672116 -2.538881007422951 -2.413816542048636 -2.2056903940106247 -2.0398029993726174 -1.8873659340295843 -1.8170466685927051 -1.9314924529446729 -2.0808618993256944 -2.127584095824024 -1.585795392994915 -0.8757595886339442 -1.035983686726699 -1.5789522430027354 -2.075906514848599 -2.2965391094240424 -2.8874097156453353 -3.527126254569427 -5.284871919802019 -7.271273183049162 -8.87091848639347 -9.088719432696287 -9.30250887727955 -9.462732975372305 -9.63546352000249 -9.436304258161128 -8.749629552049322 -7.981073016720748 -7.512435227601143 -7.053472236746345 -6.810186455989895 -6.369865149596551
-2.4754048919782514 -3.5523751183336754 -3.735960314675595 -3.218476592853192 -3.4294343891638297 -2.7526704520062144 -2.8796226828956137 -2.8923651001224306 -3.014361946534734 -3.061320113722449 -3.171518425665478 -3.175529927385031 -3.131639379159328 -2.9480541828174087 -2.7418158002944812 -2.5367572712184816 -2.349396543846394 -2.1521250475201157 -2.0700072476139617 -1.964528349458643 -1.633461472250786 -1.3200923967468414 -1.8005287203357203 -1.9694837339357385 -2.0818057820832365 -2.5230709712341226 -3.6307173872096614 -5.209597269888045 -6.072070139592049 -7.257586883064803 -8.732167721034795 -8.756472702041503 -8.97734126730633 -9.319026825536534 -9.453766089175655 -9.327757741043799 -8.944069400102975 -8.244888247453737 -7.688233391193341 -7.308320581282686 -7.15493963318211 -6.895135904168674 -6.201854018754075
-1.6218989084708966 -1.988125418397193 -2.1617998457849215 -2.03390373213798 -2.265390978425156 -3.3336302892733167 -3.4851234718588078 -3.501641420115793 -3.611131819990665 -3.672484199230895 -3.80439181459739 -3.7800868335906834 -3.643223833747093 -3.463650139124727 -3.3902632547258365 -3.1882723446118484 -3.0025634120654594 -2.7701322830207413 -2.440245259259812 -2.31919229560505 -2.1471696630430204 -2.685182834841961 -3.161843627400672 -2.931300263871038 -3.0105864155045663 -3.9919885126588626 -5.680358795212118 -7.5867659947575765 -8.001602466697285 -8.568168091911872 -8.540795491943154 -8.570999740184499 -8.626688822879476 -8.949968667337613 -8.9811167983365 -8.83575885367503 -8.348479380093972 -7.804330970371008 -7.389494498431298 -7.280004098556425 -7.117892234948587 -6.583654594179814 -5.895328093242309
-1.1813416313881673 -1.3033384778004709 -1.573052975768098 -1.5074531241189288 -2.307393761135775 -3.3765769547414775 -4.198934807249946 -4.221352022741569 -4.195159276219779 -4.23598220548347 -4.3103129726399025 -4.263354805452188 -4.121772391820888 -4.123660157335972 -4.0505092436264665 -4.20978945896168 -4.076937960837643 -3.9938762781739467 -3.711655333668888 -3.774187566356046 -4.191147774500225 -4.863900209938286 -5.45477081615958 -5.224463423319332 -5.029079692508137 -6.024168089646793 -7.409787977718451 -8.434372711030294 -8.459621574794543 -8.534896224708516 -8.492893441997898 -8.3317254611476 -8.38835842660012 -8.304352861178883 -8.3170952784057 -8.152151766525236 -7.83571507205928 -7.484118744874884 -7.264430033056983 -7.145264834917305 -6.826940374936265 -6.2927027341674915 -5.830908095040067
-1.0621764332484895 -1.1315518159278266 -1.484092025869764 -1.524207043065299 -2.376769143815112 -3.986089245424225 -4.93823097709472 -4.807267244485766 -4.7048559652924595 -4.820009661712584 -4.694945196338269 -4.673471863604188 -4.752758015237716 -4.78980541347124 -5.073914123491383 -5.275197121537214 -5.51352751781657 -5.577003633261269 -5.674459527977481 -5.984053072451257 -6.537876280439027 -7.069990185003331 -7.658973025709539 -7.8298158048246425 -7.818961153112909 -7.840670456536374 -8.379627511092858 -8.270137111217986 -8.383639012812411 -8.600260105668301 -8.3170952784057 -8.061303051111818 -7.762328187660389 -7.670535589489429 -7.658973025709539 -7.4187548639151 -7.537920062054777 -7.3658974294927475 -7.117892234948587 -6.936194804121752 -6.629668878609987 -6.198078487723906 -5.74005937962665
-1.3219801622619252 -1.4508201586664087 -1.6570585411893357 -1.8201142875547167 -2.266334861182698 -3.9655597954476867 -5.497717481627741 -5.338673236981913 -5.051496907999759 -5.310356754255654 -5.1647628389047995 -5.296670454271295 -5.41961118344114 -5.794568608874701 -6.2136525532233495 -6.5945092458915475 -6.931475390334041 -6.911889823115045 -7.074945569480426 -7.5015805758894105 -7.980129133963205 -8.343523995616875 -8.516254540247063 -8.667747722832553 -8.68733329005155 -8.533952341950975 -8.409831759334201 -8.456789926521916 -8.533952341950975 -8.340456376654865 -8.0193002684012 -7.581810610280481 -7.197886298650271 -7.007457952316173 -6.995895388536283 -7.04851685226925 -7.307376698525143 -7.179480584878203 -7.027987402292711 -6.805467042202185 -6.52513386321221 -6.14333328778647 -5.775219012345089
-3.006574913785013 -2.7243539692799543 -3.089636596448709 -3.2897397410476135 -3.1979471428766537 -4.272085720959452 -5.814154176093697 -5.814154176093697 -5.47152473510595 -5.745722676171902 -5.6423675142210525 -5.975322156943994 -6.382607566823367 -6.9607357558178435 -7.424654131149738 -7.643398960210096 -7.742034708373236 -7.751709506638042 -7.848457489286096 -8.191086930273842 -8.512479009216895 -8.759540321003513 -8.88932420016554 -8.886492551892912 -8.801543103714133 -8.691108821081718 -8.568168091911872 -8.57406735914651 -8.383639012812411 -8.031098802870474 -7.53674020860785 -6.997783154051367 -6.555338111453554 -6.425554232291528 -6.677570928555243 -6.882629457631243 -7.042617585034613 -7.079900953957521 -6.970410554082649 -6.7955562732479935 -6.54660719594629 -6.223327351488155 -5.8464821605395105
-5.166650604419884 -3.5349132873191484 -3.3610028892420347 -3.5299579028420527 -3.6472353354666467 -4.748746513518163 -6.107229772310489 -5.991840105200978 -5.655109931447869 -6.207753285988712 -6.41871108229935 -6.879561838669232 -7.376752081204481 -7.88550488751962 -8.236157331946474 -8.316151395648157 -8.151207883767693 -8.122891401041434 -8.246776012968821 -8.381515276607942 -8.597428457395674 -8.737123105511891 -8.908909767384536 -8.94595716561806 -8.824904201963298 -8.660904572840375 -8.411955495538672 -8.197930080266023 -7.991927668432481 -7.570012075811206 -6.894192021411133 -6.352167347892638 -6.118792336090378 -6.183448304982005 -6.443016063306056 -6.5525064631809276 -6.6325005268826125 -6.735147776765306 -6.619758109655796 -6.63839979411725 -6.535988514923943 -6.285859584175313 -5.904059008749573
-5.935207139748458 -4.355147403623148 -2.7057122848184996 -2.4480322920095334 -2.9664598965894777 -4.502629084489086 -6.513335328742935 -6.934307038606668 -6.6598731268513305 -6.842514440435708 -7.209684833119546 -7.68044635844362 -8.213504145765466 -8.391426045562133 -8.491005676482814 -8.378683628335315 -8.271316964664914 -8.230258064711837 -8.368772859381124 -8.409831759334201 -8.577842890176678 -8.688277172809093 -8.795643836479496 -8.817117169213576 -8.647218272856016 -8.40204472658448 -8.06224693386936 -7.792768406591119 -7.372740579484928 -6.8229288732167115 -6.3748205340736455 -6.2379575342300555 -6.13649013779429 -6.216484201495975 -6.411867932307169 -6.616926461383169 -6.652086094101609 -6.6209379631027225 -6.559349613173108 -6.62376961137535 -6.614094813110544 -6.396293866807726 -5.997739372435616
-6.035966624116067 -5.820053443328335 -4.24282535547565 -2.7996286191939292 -2.857205467403991 -3.581871454506863 -5.408048619661251 -7.135590036652499 -7.265373915814525 -7.5015805758894105 -8.226246562992282 -8.297509711186704 -8.287834912921898 -8.526165309201254 -8.520266041966616 -8.37372824385822 -8.272260847422455 -8.234033595742003 -8.315207512890616 -8.356266412843693 -8.429417326553198 -8.508467507497341 -8.59247307291858 -8.569111974669415 -8.402988609342023 -8.057291549392264 -7.660860791224623 -7.212516481392173 -6.816085723224532 -6.520178478735114 -6.53197701320439 -6.363965882361914 -6.1862799532546315 -6.205865520473628 -6.298602001402129 -6.532920895961931 -6.60324016139881 -6.515459064947404 -6.497761263243492 -6.585778330384283 -6.601352395883726 -6.458826099494884 -6.05838383960769
