static/data/ASCData/20210107/ASCU/15.asc
ncols 97
nrows 97
xllcorner 99.0
yllcorner 2.0
cellsize 0.25
NODATA_value -32767
[rows 57 to 75 of 97, columns 43 to 85 of 97]
-3.1625531416498296 -4.286714152967601 -4.927232902824543 -5.434250002034101 -5.726074007330098 -5.682216064337636 -5.556184722661496 -5.423406005140361 -5.383403705487896 -5.463408304792827 -5.640285943015172 -5.635225411131427 -5.5757039170702285 -5.564136987050238 -5.652816783870161 -5.8287305112575085 -5.977172779847379 -6.019102901169843 -6.1236872267672515 -6.180316988323453 -6.2526103009483895 -6.188028275003445 -6.13814588929224 -6.005367171771105 -5.842466240656247 -5.935001680816166 -5.97620886901238 -5.845357973161244 -5.770172928031309 -5.676432599327641 -5.501482782775293 -5.314002125367956 -4.886266692337079 -4.416601137983738 -3.778010209796794 -3.118695198657368 -2.238885584011884 -1.5299291648700013 -0.882422061459315 -0.26913379269109905 0.5559738820681823 0.3451183869121164 -0.16551337792868903
-3.5406471666782506 -4.550343766339871 -5.118810181280627 -5.511362868834035 -5.711374367096361 -5.672335978278895 -5.490879763590303 -5.357860068360418 -5.379548062147899 -5.477144034191564 -5.570884362895233 -5.566064808720237 -5.488710964211554 -5.486783142541556 -5.558112544331494 -5.687035618512631 -5.836441797937502 -6.066093554376051 -6.214535822965923 -6.2974321547758505 -6.258393765958385 -6.136218067622241 -6.141278599505986 -6.098143589639774 -6.237910660714652 -6.325626546699576 -6.136218067622241 -5.959581407108645 -5.73499018255384 -5.5299181524077685 -5.3219543897567 -4.8951828675608215 -4.458531259306201 -3.8237959744592542 -3.179180603553565 -2.502515197384154 -1.724157198122332 -1.1918374394940456 -0.6578308369045107 -0.13249943182996793 -0.18816528255116927 -0.6792778529832417 -2.405883136175489
-3.9917574374578577 -4.896146778395821 -5.2339975260630265 -5.502446693610293 -5.651852873035162 -5.621730659441439 -5.444853021219092 -5.357860068360418 -5.376415351934153 -5.441961288714095 -5.480999677531561 -5.472324480016569 -5.386295437992894 -5.4019589890616295 -5.454733107277834 -5.5805234712452245 -5.6988435262413715 -5.926326483301173 -6.145134242845983 -6.254538122618388 -6.104168032358519 -5.972112247963634 -6.031874719733581 -6.257429855123386 -6.393100305149517 -6.32080699252458 -6.130434602612246 -5.822706068538764 -5.603175375867705 -5.285807733444231 -4.989887107099489 -4.474194810374938 -3.906692306269182 -3.276053642470981 -2.8521738527801 -2.1861114657956797 -1.7964505107472692 -1.4048617340288603 -1.0532752569629165 -0.5766213490558312 -1.345340239967662 -3.0191714049437044 -4.723124783513471
-4.6402284517035435 -5.149896305709349 -5.314966036202955 -5.493771496095301 -5.511362868834035 -5.507266247785289 -5.598114843983959 -5.511362868834035 -5.3590649569041675 -5.418586450965366 -5.374487530264154 -5.330629587271692 -5.269180271540495 -5.341473584165433 -5.394006724672887 -5.441961288714095 -5.560040366001492 -5.62076674860644 -5.818850425198767 -5.942953945204909 -5.812103049353773 -5.757401109467571 -6.03283863056858 -6.282732514542113 -6.305143441455844 -6.234055017374656 -5.973317136507383 -5.644141586355169 -5.460516572287829 -5.09133872248315 -4.697822124094743 -4.105016960570259 -3.5307670806195093 -3.1676136735335754 -2.7437338838426943 -2.6967432306364856 -2.3492533746192876 -2.2545491350806204 -1.8815156419359451 -1.353051526647655 -3.379433079524641 -5.040492425936945 -5.647033318860167
-5.062180419724426 -5.34436531667043 -5.420514272635364 -5.393042813837887 -5.411598097411622 -5.629441946121432 -5.74655711257383 -5.719326631485103 -5.5347377065827645 -5.331593498106692 -5.240744901908021 -5.134232754640613 -5.186042962021818 -5.267252449870497 -5.347257049175427 -5.375451441099153 -5.366776243584161 -5.415694718460368 -5.431117291820355 -5.522929798854024 -5.54052117159276 -5.678360420997639 -6.072840930221046 -6.397919859324513 -6.372617199905784 -6.144170332010984 -5.8774080084249665 -5.601247554197706 -5.422442094305362 -5.054228155335682 -4.626492722304805 -4.054170664024054 -3.71342818385185 -3.412688003332112 -3.4811256726170523 -3.516067440385772 -3.386180455369635 -3.4741373190633085 -2.629510449895294 -2.146109166143215 -4.52889675026114 -5.928254304971172 -6.321770903359579
-5.4467808428890905 -5.389187170497891 -5.509435047164036 -5.305326927852964 -5.371595797759157 -5.648961140530165 -5.890179826988705 -5.917651285786182 -5.765112396147564 -5.465336126462825 -5.095194365823147 -4.962415648302013 -5.132304932970615 -5.18315122951682 -5.291591198454226 -5.31014648202796 -5.254480631306759 -5.221225707499287 -5.224117440004285 -5.376415351934153 -5.4458169320540915 -5.663660780763902 -6.223211020480915 -6.519131646825658 -6.382497285964526 -6.1256150484372505 -5.957653585438646 -5.788728211605044 -5.604139286702704 -5.2817111123954845 -4.903858065075814 -4.422384602993732 -4.252495318325131 -4.318041255105074 -4.519016664202399 -4.4674474345299435 -4.374671016661274 -3.6295679412069233 -2.3531090179592846 -2.4116666011854835 -4.9313295238732895 -6.207547469412178 -6.264177230968379
-5.64317767552017 -5.451841374772837 -5.388223259662892 -5.216406153324291 -5.291591198454226 -5.541485082427759 -5.843430151491246 -6.024886366179837 -5.933073859146168 -5.559076455166493 -5.122665824620623 -5.039528515101946 -5.226045261674283 -5.20652606726555 -5.293519020124224 -5.382439794652897 -5.388223259662892 -5.346293138340428 -5.39015108133289 -5.5814873820802235 -5.605103197537703 -5.8783719192599655 -6.452621799210715 -6.636246813278055 -6.510215471601915 -6.3012877981158475 -6.150917707855978 -6.061033022492307 -5.943917856039908 -5.690891261852629 -5.283638934065483 -5.038564604266947 -4.987959285429491 -5.036636782596948 -4.9400047213882825 -4.404793230254998 -3.314128120453448 -2.1704479147269433 -1.7711478513285412 -3.420399290012105 -5.427261648480358 -5.867768900074974 -5.8716245434149705
-5.636189321966426 -5.440997377879096 -5.246528366918016 -5.157848570098093 -5.133268843805614 -5.421478183470363 -5.7241461856601 -5.84921361650124 -5.776920303876303 -5.603175375867705 -5.340509673330434 -5.385331527157895 -5.525821531359022 -5.4361778237041 -5.416658629295367 -5.558112544331494 -5.687999529347631 -5.709446545426362 -5.751617644457576 -5.856924903181234 -6.0444055605885705 -6.395028126819515 -6.736975495535468 -6.737939406370467 -6.628535526598062 -6.491660188028181 -6.3441818302733095 -6.203691826072182 -6.063924754997304 -5.921506929126178 -5.584620092293971 -5.48196358836656 -5.304363017017965 -5.211586599149296 -4.549379855504872 -3.2271351675947737 -2.1051429556557504 -2.925431076240036 -3.7613827478930584 -4.359971376427537 -5.215442242489292 -5.144112840699354 -5.066036063064423
-5.6940239720663754 -5.4947354069303 -5.244600545248017 -5.190862516196814 -5.118810181280627 -5.397139434886634 -5.499554961105295 -5.502446693610293 -5.421478183470363 -5.319785590377951 -5.188934694526815 -5.276891558220489 -5.4000311673916315 -5.416658629295367 -5.4058146324016265 -5.566064808720237 -5.736918004223838 -5.917651285786182 -6.060069111657307 -6.176220367274706 -6.489732366358183 -6.766133798294192 -6.805172187111658 -6.79167743542167 -6.695768307339254 -6.564917411488118 -6.388280750974522 -6.21742755547092 -6.014283346994847 -5.939098301864912 -5.644141586355169 -5.485819231706557 -5.232069704393028 -4.842408749344617 -4.033687558780321 -2.6343300040702897 -1.8374167212347334 -3.6958368111131152 -4.579743046807346 -4.474194810374938 -4.49467791561867 -4.421420692158733 -4.237795678091394
-5.774028571371306 -5.495699317765299 -5.29930248513422 -5.248697166296763 -5.173512121166829 -5.289663376784228 -5.3600288677391665 -5.225081350839284 -5.146040662369353 -5.084591346638156 -4.989887107099489 -4.996634482944483 -5.138329375689359 -5.2711080932104935 -5.3629206002441645 -5.547509525146503 -5.865841078404976 -6.09139621379478 -6.316951349184583 -6.463465796104456 -6.800352632936662 -6.994580666188993 -6.99867728723774 -6.824691381520392 -6.691912663999257 -6.434066515636982 -6.213330934422173 -5.98777579903237 -5.846321883996243 -5.778848125546302 -5.461480483122828 -5.118810181280627 -4.023084539595331 -3.2408708969935116 -2.3198540941518138 -1.3610037910363983 -2.4654046302366868 -3.9613942461553844 -4.435156421557472 -4.270086691063866 -4.123572244143993 -4.017060096876586 -3.8852452901904506
-5.74655711257383 -5.490879763590303 -5.420514272635364 -5.270144182375494 -5.099290986871893 -5.147004573204352 -5.046516868655689 -4.911569351755807 -4.818792933887138 -4.768187615049682 -4.740716156252206 -4.676375108016011 -4.819997822430887 -5.13736546485436 -5.341473584165433 -5.706554812921365 -6.016211168664845 -6.086576659619784 -6.278876871202117 -6.61961935137432 -6.978194181994008 -7.146155644992611 -7.06783788964893 -6.867826391386604 -6.534795197894393 -6.271165584522123 -5.950665231884902 -5.715470988145107 -5.550401257651501 -5.4019589890616295 -4.910605440920808 -3.808132423390518 -2.5181787484528906 -1.502457706072525 -0.6910857607119816 -2.3579285721342806 -3.5611302719219826 -4.068870304257791 -4.298281082987591 -4.112969224959002 -3.9751299755541223 -3.944766784251649 -4.072725947597787
-5.71257925564011 -5.431117291820355 -5.482927499201559 -5.215442242489292 -5.001454037119479 -4.798309828643406 -4.696858213259744 -4.595165620167332 -4.503594090842412 -4.503594090842412 -4.491786183113672 -4.500461380628665 -4.643120184208541 -4.970367912690756 -5.438105645374098 -5.793547765780039 -5.752581555292575 -5.817886514363767 -6.117662784048507 -6.580580962556853 -6.977230271159009 -7.207604960723808 -7.133383826428872 -6.854090661987866 -6.508287649931917 -5.909699021397438 -5.584620092293971 -5.314966036202955 -5.1060383627168875 -4.525041106921144 -3.3970244522633757 -2.148036987813213 -1.4058256448638593 -0.4351674340197045 -1.7641594977747974 -3.4293154652358475 -3.9507912269703933 -4.100197406395264 -4.220204305352659 -4.117788779133998 -4.162610632961459 -4.356115733087541 -4.482870007889931
-5.7241461856601 -5.42533382681036 -5.499554961105295 -5.177367764506825 -4.886266692337079 -4.6421562733735415 -4.476122632044936 -4.373707105826275 -4.3375604495138065 -4.3414160928538035 -4.415637227148739 -4.585526511817341 -4.7662597933796835 -5.020973231528211 -5.492807585260301 -5.394006724672887 -5.352076603350423 -5.444853021219092 -5.764148485312564 -6.500576363251923 -6.90590086936907 -7.197724874665067 -7.176277858586335 -6.873609856396598 -6.10199923297977 -5.503410604445292 -5.01133412317822 -4.743607888757203 -4.258278783335125 -3.2729209322572337 -1.7193376439473362 -1.344376329132663 -1.076650094711646 -1.983931168154606 -3.314128120453448 -3.933199854231659 -4.254423139995129 -4.078750390316532 -4.153935435446467 -4.2163486620126625 -4.5963705087110815 -4.763127083165936 -4.855903501034605
-5.760292841972568 -5.518110244679029 -5.467263948132823 -5.098086098328144 -4.787706809458415 -4.534680215271135 -4.372502217282526 -4.330572095960063 -4.306233347376334 -4.403829319419999 -4.533716304436136 -4.869639230433343 -5.1079661843868855 -5.311110392862959 -5.2301418827230295 -5.070855617239419 -5.051336422830685 -5.171343321788081 -5.672335978278895 -6.559133946478123 -6.859874126997861 -7.091453705106408 -7.0649461571439325 -6.475273703833196 -5.663660780763902 -4.95374045078702 -4.449856061791209 -4.106944782240258 -3.524019704774515 -2.563964513115351 -1.4713715816438024 -2.089479404587014 -3.095320360908638 -3.8989810195891885 -4.160682811291461 -4.493714004783671 -4.385274035846265 -4.190082091758935 -4.157791078786463 -4.3872018575162635 -4.734932691242211 -4.889158424842076 -4.9828987535457445
-5.984884066527373 -5.5737760954002304 -5.2330336152280275 -4.911569351755807 -4.661675467782274 -4.435156421557472 -4.33346382846506 -4.310088990716331 -4.370574395612528 -4.497569648123667 -4.775898901729676 -5.117846270445627 -5.273035914880492 -5.214478331654293 -5.028925495916955 -4.9828987535457445 -5.038564604266947 -5.3785841513129 -5.956689674603647 -6.652874275181791 -6.718420211961734 -6.795533078761666 -6.65383818601679 -5.97620886901238 -5.189898605361814 -4.486002718103677 -4.133452330202735 -3.869581739121714 -3.6958368111131152 -3.3560582417759113 -3.3912409872533806 -3.98886570495286 -4.533716304436136 -4.676375108016011 -4.821925644100885 -4.7672237042146826 -4.450819972626208 -4.081642122821529 -4.055134574859053 -4.409612784429994 -4.65589200277228 -4.751560153145946 -4.695894302424745
-5.88439636197871 -5.416658629295367 -5.1098940060568845 -4.905785886745812 -4.572754693253602 -4.374671016661274 -4.3414160928538035 -4.423348513828732 -4.530824571931138 -4.65589200277228 -4.909641530085809 -5.1108579168918835 -5.120738002950625 -4.946752097233277 -4.878555405657085 -4.938076899718284 -5.155920748428095 -5.647033318860167 -6.328759256913322 -6.65383818601679 -6.560097857313122 -6.4196078531119944 -6.21742755547092 -5.834513976267504 -5.257372363811756 -4.747704509805949 -4.491786183113672 -4.519016664202399 -4.572754693253602 -4.546488122999875 -4.698786034929742 -4.913738151134555 -4.998562304614481 -5.014225855683217 -4.9361490780482855 -4.681194662191007 -4.2144208403426635 -3.9252475898429156 -3.8452429905379852 -4.112969224959002 -4.402865408585 -4.436120332392471 -4.282858509627604
-5.7241461856601 -5.384367616322895 -5.03470896092695 -4.776862812564675 -4.5180527533673995 -4.36864657394253 -4.356115733087541 -4.442867708237465 -4.560223852398613 -4.726016516018468 -4.98892319626449 -5.033745050091951 -4.954704361622019 -4.871567052103342 -4.944824275563278 -5.120738002950625 -5.469191769802821 -5.963437050448642 -6.345386718817059 -6.315987438349584 -6.316951349184583 -6.092360124629779 -6.082480038571037 -6.162725615584717 -6.0044032609361055 -5.742701469233833 -5.476180123356565 -5.399067256556632 -5.484855320871558 -5.539557260757761 -5.375451441099153 -5.169415500118083 -5.049408601160687 -5.015189766518217 -4.778790634234673 -4.290569796307597 -3.6353514062169183 -3.1861689571073093 -3.2309908109347703 -3.71342818385185 -3.90886110564793 -3.9498273161353943 -3.8746422710054595
-5.482927499201559 -5.246528366918016 -4.910605440920808 -4.705533410774736 -4.545524212164875 -4.366718752272531 -4.37949057083627 -4.503594090842412 -4.654928091937281 -4.8062620930321485 -4.916629883639553 -4.924341170319546 -4.910605440920808 -5.02193714236321 -5.141221108194357 -5.5347377065827645 -5.983920155692373 -6.315987438349584 -6.403944302043257 -6.212367023587174 -6.1656173480897145 -6.13718197845724 -6.382497285964526 -6.537686930399391 -6.703720571727997 -6.544434306244385 -6.345386718817059 -6.317915260019582 -6.142242510340985 -5.790656033275042 -5.421478183470363 -5.251588898801761 -4.991814928769487 -4.732040958737214 -4.418528959653736 -3.82861552863425 -3.169541495203574 -2.617702542166554 -2.664693195372763 -3.3119593210746996 -3.515103529550773 -3.4917286918020434 -3.4488346596445805
-5.303399106182965 -5.1070022735518865 -4.858072300413354 -4.66649502195727 -4.561187763233612 -4.554199409679868 -4.573718604088601 -4.659747646112276 -4.772043258389679 -4.7710793475546796 -4.77011543671968 -4.77011543671968 -4.880483227327084 -5.120738002950625 -5.548473435981503 -5.955725763768648 -6.365869824060791 -6.620583262209319 -6.4215356747819925 -6.2564659442883865 -6.185136542498448 -6.479129347173192 -6.732878874486721 -7.05530704879394 -7.2319437093075365 -7.275078719173749 -7.13531164809887 -6.721311944466731 -6.036694273908577 -5.855960992346235 -5.256408452976757 -4.956632183292018 -4.668422843627269 -4.377562749166271 -3.958502513650387 -3.3823248120296383 -2.8745847796938304 -2.4487771683329513 -2.590472061077828 -3.2300269000997712 -3.3637695284559044 -3.1558057658048355 -3.065921080441164
