static/data/ASCData/20210107/ASCU/18.asc
ncols 97
nrows 97
xllcorner 99.0
yllcorner 2.0
cellsize 0.25
NODATA_value -32767
[rows 19 to 37 of 97, columns 43 to 85 of 97]
-3.628805308405793 -1.876905919452899 -0.9080984728467998 -1.514583573268534 -3.3074719427255252 -5.2703886757550675 -6.871995136192938 -7.441286532083177 -7.1376644542750505 -6.288028673208641 -6.228316331239709 -6.042853845378578 -5.871054353018813 -5.760738331415193 -5.7324002708197686 -5.639542518690115 -5.978334153844351 -6.668821362459667 -7.361332718260371 -7.83877843561365 -8.202112855390709 -8.405286629123982 -8.558615778417085 -8.659064082491941 -8.566206330362288 -8.452095032786067 -8.219571124864677 -7.87774326893236 -7.368164215011053 -6.865163639442256 -6.329017653712738 -5.9950333681237975 -5.738219693977757 -5.609180310909303 -5.495069013333081 -5.342751937632672 -5.288099963627209 -5.055576055705817 -4.998899934514967 -5.307582380286563 -6.6326397315208645 -8.494096086882859 -10.02814663500842
-3.7626520410395425 -2.163069727787059 -1.7471074811899248 -3.7861827520696725 -5.882693199334791 -7.261643469380035 -7.554638774464879 -7.7578125481981495 -7.578928540689528 -7.173846085213851 -7.0086250712065965 -7.0126733655773705 -6.864151565849562 -6.693364147082491 -6.571156260764719 -6.623025032390275 -6.923863907818493 -7.422816189016515 -7.874960066552452 -8.308633601021727 -8.507759080384224 -8.577086121483747 -8.626930745923914 -8.601375887708397 -8.52724149704358 -8.265620473332243 -7.948082383624577 -7.474431942243898 -6.921839760633107 -6.552685917698058 -6.276389826892663 -5.997057515309185 -5.880669052149403 -5.779208674481854 -5.764533607387795 -5.750870613886429 -5.683567719972294 -5.794895815168608 -6.028178778284518 -7.109326393679625 -8.590749114985112 -9.895311975967365 -10.291791805905145
-3.873980136235856 -2.0603442581286426 -2.6678414321430703 -5.665856432100153 -7.425599391396425 -7.760595750578057 -8.284090816398903 -8.287127037176985 -8.188449861889344 -8.080917042665632 -7.90127397996249 -7.766415173736046 -7.674822513597261 -7.520481290711464 -7.463805169520613 -7.43850332970327 -7.560458197622868 -7.8377663620209574 -8.223619419235451 -8.598592685328489 -8.628954893109302 -8.579110268669133 -8.613267752422548 -8.529265644228966 -8.368092924592485 -8.047771632504912 -7.5672896943735495 -7.12298938718099 -6.683496429553726 -6.447177245659734 -6.351536291150174 -6.242991398333769 -6.149374591009596 -6.07321605315939 -6.058540986065331 -6.082071697095461 -6.10332524254203 -6.426682755407685 -7.463805169520613 -8.653244659333952 -9.566388058341895 -10.201970274553574 -10.40919234265762
-4.034140782279643 -2.860388433153058 -3.8661365658924796 -7.026336359078737 -8.076109693100337 -8.375936494935862 -8.540904490544944 -8.689426290272754 -8.76558482812296 -8.76558482812296 -8.66791972642801 -8.510542282764131 -8.33975486399706 -8.208944352141392 -8.133797887883881 -7.884574765683043 -7.896466630397194 -8.206920204956004 -8.548748060888322 -8.607448329264558 -8.565447275167768 -8.532048846608875 -8.52724149704358 -8.397443058780604 -8.105459827288456 -7.743137481104091 -7.297825100318837 -6.86617571303495 -6.644531596235017 -6.547878568132763 -6.51751636035195 -6.482346803005842 -6.430478031380288 -6.385693774903588 -6.364187211058846 -6.514480139573869 -6.728533704428599 -7.514661867553475 -8.63477431626729 -9.61319646200398 -9.960843741094287 -10.225500985583704 -10.375793914098727
-5.593746188620723 -5.08593826348663 -6.165061731696349 -7.83877843561365 -8.501939657226234 -8.761536533752183 -8.92675754775944 -9.182559148312787 -9.259729759755686 -9.315393807353843 -9.199258362592234 -9.091725543368522 -8.809610029405137 -8.646413162583269 -8.36024935424911 -8.111279250446445 -8.308633601021727 -8.619087175580537 -8.656280880112034 -8.551784281666402 -8.462721805509352 -8.475625743816197 -8.434383744913927 -8.244113909487501 -7.952130677995351 -7.568301767966243 -7.12298938718099 -6.896284902417589 -6.743967826717178 -6.722461262872436 -6.706015066991163 -6.719678060492528 -6.74118462433727 -6.6951352758697045 -6.763703261774706 -6.91399619028973 -7.648255581789051 -8.576074047891053 -9.415842111428699 -9.84268414914729 -10.040038499722574 -10.16781279080016 -10.318358737713357
-5.862198709082742 -6.208833914580355 -6.993950004112536 -7.237353703155385 -7.102494896928942 -7.570325915151631 -9.256693538977604 -9.512495139530952 -9.69416234941948 -9.773357108047767 -9.590677824566544 -9.436336601680747 -9.048712415679038 -8.744078264278217 -8.439444112877396 -8.507759080384224 -8.705113430959507 -8.76938010409556 -8.744078264278217 -8.529265644228966 -8.403262481938594 -8.401238334753206 -8.25296955342357 -8.051566908477513 -7.7527521802346815 -7.368164215011053 -7.186497005122524 -7.015456567957278 -6.93752690131986 -6.897296976010283 -6.9061526199463525 -7.005841868826689 -7.021529009513442 -6.984335304981945 -7.0526502724887745 -7.739089186733315 -8.57506197429836 -9.289838949138325 -9.74704319463773 -9.921878907775577 -9.966663164252276 -10.099497823293332 -10.236127758306989
-3.980500881866874 -4.134589086354499 -4.342823228051239 -4.045779628595621 -4.251989623106974 -7.191304354687819 -9.155233161310056 -9.858371289834043 -9.983362378531723 -9.978555028966428 -9.874817485715317 -9.582834254223169 -9.038085642955753 -8.755717110594194 -8.62591867233122 -8.71776435086818 -8.780259895217018 -8.783043097596925 -8.705872486154027 -8.529265644228966 -8.359237280656416 -8.244113909487501 -8.034108639003545 -7.8192960189542955 -7.568301767966243 -7.407129048329763 -7.257848193407433 -7.20901564255996 -7.1601830917124865 -7.1151458168376145 -7.1619542204997 -7.233305408784609 -7.14348387743304 -7.1581589445270986 -7.717582622888573 -8.505734933198836 -9.212921356093599 -9.757669967361014 -9.757669967361014 -9.969699385030356 -10.050665272445857 -10.088871050570047 -10.221705709611102
-3.465861459982098 -2.7832178217101586 -2.5135002092572725 -2.213673407421747 -4.024273064750879 -7.386634558077715 -9.391552345204047 -10.103546117664106 -10.187548225857688 -10.104305172858627 -9.852551866676054 -9.58005105184326 -9.085906120210533 -8.927769621352134 -8.857430506659917 -8.869069352975895 -8.874888776133885 -8.757741257779582 -8.614279826015242 -8.397443058780604 -8.277259319648222 -8.05941047882089 -7.833971086048356 -7.649267655381744 -7.499986800459416 -7.3992854779863855 -7.406116974737069 -7.426611464989119 -7.401309625171773 -7.365127994232973 -7.397261330800999 -7.267462892538024 -7.218630341690551 -7.631809385907777 -8.37871969731577 -9.148401664559373 -9.680499355918116 -9.798658947865112 -9.698210643790256 -9.980326157753641 -10.201970274553574 -10.225500985583704 -10.165029588420252
-2.5175485036280474 -1.5702476208666907 -0.8271325854312992 -2.2498550383605487 -5.571227551183287 -8.445263536035384 -9.614208535596674 -9.84268414914729 -9.979314084160947 -9.969699385030356 -9.721488336422214 -9.686571797474278 -9.461891459896265 -9.346515070329176 -9.300718740259784 -9.199258362592234 -9.049724489271732 -8.867045205790507 -8.623894525145833 -8.367080850999791 -8.158087654108531 -7.857248778680312 -7.726438266824644 -7.60043510453427 -7.482275512587275 -7.440274458490483 -7.512637720368087 -7.641424085038368 -7.680641936755251 -7.596639828561669 -7.470636666271297 -7.394478128421092 -7.595627754968975 -8.182630438731355 -9.029229999019682 -9.703017993355552 -9.868998062557328 -9.790056322327215 -9.69922271738295 -9.90517969349613 -10.344672651123394 -10.533171357762606 -10.228537206361786
-1.7126969790383368 -0.64546537554277 0.09764965989262153 -3.730518704471516 -7.229510132812008 -8.838707145195082 -9.6101602412259 -9.916818539812107 -10.09570254732073 -10.175656361143536 -10.062304118761835 -9.868998062557328 -9.626859455505347 -9.55070091765514 -9.505663642780268 -9.4072394858908 -9.267573330099063 -9.043905066113743 -8.645401088990575 -8.288898165964198 -8.035120712596239 -7.884574765683043 -7.739089186733315 -7.563494418400948 -7.484299659772661 -7.486323806958049 -7.550590480094103 -7.697088132636525 -7.793994179136952 -7.7527521802346815 -7.645472379409142 -7.736305984353407 -8.209956425734086 -8.76558482812296 -9.242018471883545 -9.576002757472486 -9.587894622186637 -9.680499355918116 -9.836864725989301 -9.987157654504324 -10.410204416250314 -10.596678975704139 -10.290020677117932
-0.833964082181982 -0.4617740184688528 -0.5771504080359411 -4.771436394557045 -8.138605237449177 -9.512495139530952 -9.874817485715317 -10.132643233454052 -10.284201253959942 -10.422855336158987 -10.376805987691421 -10.207030642517044 -9.867226933770114 -9.563351837563813 -9.468722956646946 -9.352587511885337 -9.199258362592234 -8.9090462598873 -8.514590577134907 -8.237282412736818 -8.000963228842824 -7.847634079549721 -7.730486561195418 -7.615110171628331 -7.583988908652998 -7.594615681376281 -7.701136427007299 -7.873947992959758 -7.953142751588045 -7.929612040557915 -7.95795010115334 -8.182630438731355 -8.603400034893784 -8.914106627850767 -9.210897208908213 -9.190402718656163 -9.163076731653431 -9.519579654679807 -9.907203840681516 -10.069135615512518 -10.178692581921618 -10.616161392363495 -11.046798706054688
-2.104369459410821 -2.418871328340406 -3.3084840163182188 -6.391513198061578 -9.245054692661627 -10.02814663500842 -10.25763432215173 -10.164017514827558 -10.291791805905145 -10.375034858904206 -10.290020677117932 -10.284201253959942 -9.907203840681516 -9.510724010743738 -9.186354424285389 -9.069206905931086 -8.924733400574052 -8.646413162583269 -8.429576395348631 -8.164919150859214 -7.946311254837362 -7.8592729258656995 -7.7742587440794235 -7.723655064444735 -7.698100206229219 -7.776282891264811 -7.906081329527785 -7.970601021062013 -8.045747485319524 -8.103435680103068 -8.186425714703956 -8.380743844501158 -8.683606867114765 -8.95104731398409 -8.966734454670844 -8.933589044510123 -8.914106627850767 -9.218740779251588 -9.58966575097385 -9.781200678391144 -9.880889927271479 -10.266489966087802 -10.401348772314245
-4.949055310074799 -5.516575577177824 -6.355331567122775 -8.275235172462834 -9.611172314818592 -10.348467927095996 -10.431457961696884 -10.338853227965405 -10.121004387138074 -10.094690473728036 -10.128847957481451 -10.202982348146268 -9.837876799581995 -9.340695647171186 -8.963698233892762 -8.733198473156758 -8.588724967799724 -8.45892652953675 -8.264608399739549 -8.051566908477513 -7.883815710488523 -7.833971086048356 -7.8377663620209574 -7.828910718084886 -7.913924899871162 -7.992107584906755 -7.958962174746034 -7.971613094654707 -7.989071364128673 -8.04397635653231 -8.152268230950542 -8.317236226559624 -8.620099249173231 -8.77823574803163 -8.793922888718384 -8.677534425558601 -8.657039935306553 -8.956866737142079 -9.244042619068933 -9.4072394858908 -9.396359694769343 -9.605352891660605 -8.647425236175962
-7.534144284212829 -7.936443537308598 -8.413130199467357 -9.281236323600428 -10.189319354644901 -10.419819115380905 -10.502809149981793 -10.370986564533432 -10.152378668511579 -9.887721424022162 -9.942373398027625 -9.958819593908899 -9.614208535596674 -9.111207960027876 -8.677534425558601 -8.446275609628078 -8.320272447337706 -8.189461935482038 -8.158087654108531 -7.993119658499449 -7.889635133646511 -7.8633212202364735 -7.930624114150609 -8.066241975571572 -8.14923201017246 -7.912912826278468 -7.87774326893236 -7.8377663620209574 -7.852441429115016 -7.867116496209075 -8.027277142252863 -8.176557997175191 -8.386563267659147 -8.54571184011024 -8.553555410453617 -8.438432039284702 -8.44121524166461 -8.709920780524802 -8.861225782632518 -8.981409521764903 -8.867045205790507 -8.308633601021727 -7.346657651166311
-9.006711361582246 -9.197234215406846 -9.44316809843143 -9.907203840681516 -10.216645341647634 -10.454988672727014 -10.533171357762606 -10.401348772314245 -10.086846903384659 -9.797899892670591 -9.631666805070642 -9.561327690378425 -9.228355478382179 -8.761536533752183 -8.351393710313038 -8.164919150859214 -8.037903914976146 -8.01462622234419 -8.018421498316792 -8.06826612275696 -8.028289215845557 -8.033096565410851 -8.157075580515837 -8.29193438674228 -8.035120712596239 -7.7977894551095535 -7.6727983664118735 -7.658123299317815 -7.7312456163899395 -7.750981051447466 -7.908105476713173 -7.9873002353414595 -8.160111801293919 -8.142400513421778 -8.150244083765154 -8.186425714703956 -8.214763775299382 -8.3212845209304 -8.376948568528556 -8.429576395348631 -8.023481866280262 -7.309463946634816 -5.764533607387795
-9.762730335324484 -9.957807520316205 -9.939337177249543 -10.07520805706868 -10.211837992082339 -10.407168195472233 -10.446133028790943 -10.243212273455844 -9.957807520316205 -9.586882548593943 -9.239235269503638 -9.12689510071463 -8.79291081512569 -8.34557428715505 -8.121906023169728 -7.907093403120479 -7.766415173736046 -7.754776327420069 -8.00577057840812 -8.180606291545967 -8.287886092371505 -8.303573233058259 -8.347598434340437 -8.10141153291768 -7.833971086048356 -7.6287731651296955 -7.5232644930913715 -7.514661867553475 -7.598663975747057 -7.646484453001836 -7.678617789569863 -7.70999207094337 -7.720618843666655 -7.679629863162557 -7.657111225725121 -7.692280783071229 -7.747944830669386 -7.849658226735109 -7.808416227832838 -7.649267655381744 -7.109326393679625 -6.108385610505499 -4.53790041304296
-10.029158708601114 -10.069135615512518 -9.975518808188346 -10.05167734603855 -10.123028534323462 -10.336829080780017 -10.280152959589167 -10.026375506221207 -9.679487282325422 -9.282248397193122 -8.991024220895493 -8.780259895217018 -8.421732825005254 -8.162895003673826 -7.974649315432787 -7.831946938862968 -7.7137873469159715 -7.721630917259349 -7.955925953967952 -8.400226261160512 -8.540904490544944 -8.399214187567818 -8.269415749304844 -7.99691493447205 -7.740101260326009 -7.5447710569361135 -7.43850332970327 -7.429647685767199 -7.3767668405489495 -7.360320644667677 -7.319331664163579 -7.2831500332247785 -7.204967348189184 -7.118941092810216 -7.113121669652227 -7.1619542204997 -7.241148979127987 -7.234317482377303 -7.0301316350513385 -6.76547439056192 -6.030202925469906 -4.851390208379852 -3.1005028930196517
-9.964892035465061 -10.245995475835752 -10.17666843473623 -10.001832721598383 -10.050665272445857 -10.05167734603855 -9.867985988964634 -9.569171260721802 -9.289838949138325 -9.111207960027876 -9.005699287989552 -8.755717110594194 -8.517626797912989 -8.260560105368773 -8.012602075158803 -7.9217684702145394 -7.923792617399926 -7.9862881617487655 -8.222607345642759 -8.61706302839515 -8.538121288165037 -8.334947514431764 -8.138605237449177 -7.844597858771639 -7.611314895655729 -7.452925378399156 -7.350452927138912 -7.2831500332247785 -7.153351594961803 -7.064289118804753 -6.901345270381057 -6.849476498755502 -6.69918357024048 -6.578999831108096 -6.499805072479809 -6.499805072479809 -6.559517414448742 -6.410995614720932 -6.170881154854339 -5.856379285924753 -5.042925135797146 -3.8681607130778666 -2.0995621098455257
-9.840660001961902 -9.965651090659582 -9.95300017075091 -9.940349250842237 -9.957048465121686 -9.81915343811716 -9.591689898159238 -9.326020580077127 -9.096532892933817 -8.972553877828831 -8.888551769635251 -8.849586936316541 -8.65526880651934 -8.318248300152318 -8.162135948479307 -8.114062452826353 -8.192245137861946 -8.362273501434496 -8.565447275167768 -8.590749114985112 -8.194269285047334 -8.083953263443712 -7.928599966965221 -7.705943776572594 -7.520481290711464 -7.384610410892327 -7.229510132812008 -7.010649218391983 -6.832018229281536 -6.769522684932696 -6.542818200169294 -6.43730952813097 -6.250834968677145 -6.125843879979466 -5.943164596498242 -5.79287166798322 -5.713676909354934 -5.496081086925775 -5.429537248206161 -4.955127751630963 -4.229470985669538 -3.237132828033309 -1.376941564662183
