static/data/ASCData/20210107/ASCU/21.asc
ncols 97
nrows 97
xllcorner 99.0
yllcorner 2.0
cellsize 0.25
NODATA_value -32767
[rows 19 to 37 of 97, columns 0 to 42 of 97]
-0.8107565979550617 -0.9863298778293235 -0.9825011770220966 0.017336690922297837 0.5536282825631504 0.7978446983384089 0.5662082995011817 -0.9053802036193834 -0.9707415959713281 -1.3232555488652902 -1.8625554054261069 -2.0742278643399366 -1.7961000985578113 -1.6574464336103802 -1.478591410187067 -1.5176988541465988 -1.9765959937556508 -2.37915653577265 -2.315436015195231 -2.2588259389740903 -2.5577380805668755 -2.6124338063844026 -2.381891322063526 -1.8808784735749784 -1.3164185831380992 -1.1154117907586873 -1.3243494633816406 -1.630098570701617 -1.9541707461704645 -2.2344863409852906 -2.517810200720081 -2.291096417206431 -1.303838566200068 -1.3292720787052181 -3.53323635052247 -4.368166605127021 -4.811748941507165 -4.981579170170587 -4.507914184590803 -4.049017044981751 -3.8975098844672007 -3.881101166721942 -3.9727165074663002
-1.1378370383438734 -1.3828738900063946 -1.584974596902157 -0.658429001553249 0.11223377521570743 0.4373998652009057 0.5771474446646874 -0.9699211600840654 -1.4971879569650262 -1.1476822689910282 -1.6221676904580753 -2.0236343179587237 -1.9424111651196962 -1.7353878429003564 -1.3691999585520127 -1.5146905892266347 -2.072313513936323 -2.4767884063569356 -2.607511191060825 -2.614348156788016 -2.7480792064118695 -2.711159591485039 -2.3742339204490723 -2.0001151558571872 -1.5909911267420849 -1.339117309352373 -1.042119518163201 -1.3145042327344858 -1.5469610674589758 -1.5568062981061306 -1.5830602464985435 -1.5352014864082073 -2.2834390155919775 -3.6563017336119064 -5.870111236076314 -6.415154143847971 -6.485438151523493 -5.834012057036746 -5.298814379912244 -4.8008097963436605 -4.634808268487465 -4.601717354367861 -4.38102010069414
-1.1887040633541734 -1.468746179539912 -1.0432134326795517 -0.4298008676359859 -0.2531336732453733 -0.06169863288402855 0.001748409064302514 -1.0273516721924687 -1.5176988541465988 -1.0918926286571506 -1.4318265646130812 -2.3252812458423855 -1.981518609079228 -1.639670322719684 -1.2912585492620368 -1.3771308387955543 -2.0411369502203325 -2.5361332688689524 -2.4220926805394085 -2.430843996670213 -2.5353128329816896 -2.5577380805668755 -2.2861738018828537 -1.900568934869288 -1.36837952266475 -1.1728423028670907 -0.7443012910867663 -0.7276190947124206 -0.7724695898827927 -0.6876912148656258 -1.2423058746553501 -2.54105588419253 -4.201344641383564 -6.1329241986295315 -7.6592084275676235 -7.625023598931669 -7.178706476260649 -6.5127860144322565 -5.917149560279387 -5.610580017072148 -5.393711464205653 -5.201182509327958 -4.8877760003935276
-0.844941426591016 -1.470934008572613 -0.8711953749834289 -0.058690367964064905 -0.2011727337187228 -0.3663538256876544 -0.6710090184912798 -1.3437664460468628 -1.2939933355529132 -0.6494042067933568 -1.3752164883919409 -2.0274630187659506 -1.7285508771731655 -1.668932536032061 -1.3585342920175951 -1.4599948634091078 -1.9864412244028056 -2.236400691388904 -2.0753217788562868 -2.2724998704284722 -2.4570979450626256 -2.4942910386185444 -2.4190844156194444 -1.8603675763934056 -1.2012840802922047 -0.9201480495901158 -0.7199616930979666 -0.503093140231472 -0.02833424013533703 -0.21293231476949082 -1.3702938730683634 -4.039171814334596 -6.349792751496025 -7.528485642863734 -8.216831352277312 -8.043992858693926 -7.547902625528955 -7.0039536322736495 -6.793101609247083 -6.49036076684707 -6.086979788942808 -5.799827228400791 -5.004004417755773
-0.1768331357299231 -1.3506034117740535 -1.068373466555614 0.24897308975952503 0.10539680948851649 -0.6748377192985071 -0.9805868266184832 -1.5176988541465988 -1.34868906137044 -0.7853230854499116 -1.261722857320572 -1.704211279184366 -1.464917478732685 -1.4052991375915806 -1.6642833993375712 -1.7657439707290838 -1.8516162602626014 -2.024454753845987 -1.9219002679381236 -2.2276493752580997 -2.4122474498922535 -2.3381347414095046 -2.263748554297668 -2.039222599816719 -1.3790451891991677 -0.8320879310238971 -0.6447550700988671 -0.3332629115680503 0.3173427470314336 -0.2793876216377864 -3.0595713649426863 -5.733645400161583 -7.1680408097262305 -8.347827615610289 -8.418111623285812 -8.206165685742894 -7.7852820755770225 -7.614357932397251 -7.494300814227779 -7.130027280283048 -6.725825866491524 -6.199379505497826 -5.401368865820107
0.5134269240872684 -1.0322742875160462 -1.36837952266475 0.16009253530604362 -0.07838082925837453 -0.8594357939326607 -0.9133110838629248 -1.413230017835122 -1.5264501702774032 -1.3888904198463226 -1.2480489258661904 -1.099823508900692 -1.0410256036468506 -1.603571143680116 -1.8614614909097562 -1.885801088898556 -1.9093202510000924 -2.2383150417925175 -2.125094889350237 -2.243237657116095 -2.249254186956023 -2.1505284018553867 -2.0988409409578237 -1.8740415078477874 -1.3927191206535494 -0.794074401580716 -0.37893384262568564 0.09664549335771211 0.22654784217433876 -1.6281842202980035 -4.565618175328294 -6.6612849100268425 -8.09786814862419 -8.439442956354647 -8.424948589013002 -8.293952325680024 -8.143812558310913 -8.202336984935666 -8.079271601846232 -7.721835033628691 -7.21097695449299 -6.683710157612028 -5.323427456530131
0.7879994676912538 -1.2042923452121688 -1.3957273855735135 -0.4385521837667903 -0.8282592302166703 -1.3418520956432494 -1.1476822689910282 -1.152331405685518 -1.4561661626018807 -1.5967341779529254 -0.9269850153173067 -0.47082266199913114 -1.0295395012251698 -1.5841541610148941 -1.9082263364837417 -1.9473337804432735 -2.1174374877357827 -2.5839920289592886 -2.369311305125495 -2.2549972381668635 -2.194558461138496 -1.929831148181665 -1.9169776526145461 -1.9093202510000924 -1.470934008572613 -0.8145852987622886 -0.3633455607676903 0.5312030349779646 -0.28622458736497736 -2.7590183515753752 -5.652422247322556 -7.506060395278547 -8.037155892966735 -8.283286659145608 -8.423034238609388 -8.356578931741094 -8.609546663647157 -8.672993705595488 -8.66232803906107 -8.545005707182474 -7.68956455539635 -5.797912877997177 -4.129966719191691
0.45599641197886465 -1.4599948634091078 -1.413230017835122 -1.0177799201744016 -1.2354689089281592 -1.675769501759252 -1.5909911267420849 -1.1271713718094556 -1.4991023073686396 -1.704211279184366 0.1130542111029702 -0.5255183878166583 -0.9444876475789152 -1.1865162343214724 -1.5666515287532854 -1.791997919121497 -1.9640159768176195 -2.143691436128196 -2.010780822391605 -2.1505284018553867 -2.297933382933622 -1.9161572167272833 -1.8439588586481475 -1.8888093538185198 -1.68178603159918 -1.0637243298611243 -0.4366378333631764 0.6816162809761637 -0.845761862478279 -4.110549736526469 -6.61643441485647 -7.55091089044892 -7.863496963496086 -8.070520285715427 -8.22859093332808 -8.485387366041369 -8.918030557258009 -9.186586571022065 -9.618409326351442 -8.884939643138404 -6.695469738662797 -4.741464933831643 -3.7520192537925787
-0.47273701240274457 -1.3820534541191316 -1.383967804522745 -1.6213472545708125 -1.6867086469227572 -1.6875290828100202 -1.6358416219124572 -1.5108618884194078 -1.8516162602626014 -1.2863359339384592 0.5662082995011817 -0.7051938471272345 -1.2373832593317726 -1.0470421334867785 -0.8203283499731289 -0.8673666741762021 -0.9639046302441374 -0.7040999326108839 -0.7979031023879428 -1.6954599630535616 -1.8261827477574513 -1.7159708602351342 -1.7228078259623252 -1.855718439698916 -1.8116883804158066 -1.2950872500692636 -0.41995563698883087 0.30640360186792837 -2.0099603865043423 -5.0587001435733 -6.709964106004442 -7.253913099259748 -7.515632147296614 -7.836149100587324 -8.15338431032898 -8.608452749130805 -9.215848784334444 -9.73545817960095 -9.591881899329941 -7.311617089997238 -5.1339067665724 -3.973810421982651 -3.231589422638809
-1.0957213294643775 -1.3087611815236455 -1.4512435472783034 -1.2529715411897677 -1.3459542750795639 -1.6134163743272711 -1.5051188372085675 -1.1397513887474868 -1.9648364127048823 -1.7296447916895161 0.2752270381519377 -0.6983568814000436 -0.5167670716858539 -0.19351533210426908 -0.4366378333631764 -0.9133110838629248 -0.9502306987897555 -0.20910361396226396 0.25170787605040124 -1.3536116766940176 -1.7764096372635017 -1.9093202510000924 -2.085167009503442 -2.0605539328855547 -1.623261604974426 -0.735549974955962 0.24295655991959686 0.20193476555645162 -2.843796726592542 -5.459072856557597 -6.454261587807503 -6.851626035871837 -7.145615562141044 -7.534228694074574 -8.066418106279112 -8.616383629374347 -9.080203384306976 -9.44748518317167 -8.471713434586988 -5.294985679105016 -3.290113849263563 -2.891655486682878 -2.5314841321744628
-1.4189730690459623 -1.2070271315030452 -0.9308137161245336 -1.0801330476063824 -1.561728913429708 -1.8967402340620612 -1.7208934755587117 -1.326263813785254 -2.2724998704284722 -1.884980653011293 0.32226536235501113 0.5848048462791411 0.5673022140175323 0.7546350749425623 0.2254539276579881 -1.1796792685942816 -1.4561661626018807 -0.30099243333570946 0.1365733732045067 -1.624082040861689 -2.5744202769412214 -2.628022088242398 -2.8027749322293967 -2.726747873343034 -1.7794179021834657 -0.5430210200782666 1.3445284778845914 1.333862811350174 -2.5451580636288442 -5.3037369952358215 -5.972665721984177 -6.241221735748235 -6.688632772935605 -7.3282992863715855 -7.913270073990036 -8.296140154712726 -8.372167213599088 -7.794033391707828 -6.011773165943708 -3.2012332948100815 -1.8877154393021693 -1.7452330735475112 -1.6943660485372112
-1.2373832593317726 -1.536295400924558 -1.0987295943843416 -1.0205147064652778 -1.4922653416414486 -1.9697590280284598 -1.8458732090517609 -1.659360784013994 -2.537227183385303 -1.878964123171365 0.11223377521570743 0.34277625953658397 0.366021943009033 0.48033600996766435 -0.005908992550151204 -1.1758505677870548 -1.6555320832067668 -1.0440338685668145 -1.3418520956432494 -2.4289296462665995 -2.9912017076707773 -2.6455247205040067 -2.7431565910882925 -2.898492452410069 -2.172953649440573 -0.8331818455402478 1.4189146649964282 2.3845677043048688 -1.4249895988858905 -4.354492673672639 -5.116404134310791 -5.458252420670335 -6.352527537786902 -7.076425468981872 -7.408428524694262 -7.488284284387852 -7.081074605676362 -5.359526635569699 -3.7676075356505736 -2.666035617685579 -1.5666515287532854 -2.195378897025759 -2.210967178883754
-1.0850556629299597 -0.9680068096804519 -1.4394839662275352 -1.3418520956432494 -1.3965478214607763 -1.8740415078477874 -2.299027297449973 -2.2344863409852906 -2.6477125495367075 -2.032385634089528 -0.5441149345946172 -0.667180317684053 -0.648583770906094 -0.7158595136616521 -1.2012840802922047 -1.9219002679381236 -2.41033309948864 -2.501128004345735 -2.860478922966888 -2.9220116145116055 -2.5908289946864795 -2.3058642631771633 -1.9708529425448105 -2.1242744534629736 -2.675060412445471 -1.7471474239511247 0.19509779982926068 2.3386232946181456 0.2497935256467878 -1.9093202510000924 -3.089107056884151 -4.761975831013215 -5.663087913856973 -6.543962578148246 -6.930661359678163 -6.379054964808403 -5.682778375151283 -3.9620508409318824 -3.2403407387696133 -2.6485329854239703 -3.969981721175424 -4.607460405578702 -5.096713673016481
-1.194447114565014 -0.33408334745531354 -1.1709279524634773 -1.210035396423009 -1.2696537375641135 -1.9670242417375834 -2.391736552710681 -2.3457921430239583 -2.446432278528208 -1.8330197134846422 -1.5636432638333215 -1.7668378852454345 -1.8253623118701885 -1.8918176187384836 -2.3575517240747264 -3.0800822621242587 -3.5274932993116304 -3.675992194906216 -3.439706659374499 -2.5509011148396845 -2.0411369502203325 -2.100755291361437 -1.7676583211326973 -1.9229941824544743 -2.472686226920621 -3.0850048774478362 -1.8633758413133696 0.7409611434881809 1.2575622738347239 -0.21293231476949082 -1.494179692045062 -3.1738854319013177 -4.865350752808341 -5.748139767503228 -6.135932463549495 -5.5665499577890385 -5.060614493976914 -4.479745885794776 -4.323316109956648 -5.28541392708695 -6.605495269692964 -7.50797474568216 -7.996134098603591
-1.4619092138127212 -0.6699151039749296 -0.98441552742571 -0.9228828358809922 -1.0079346895272467 -1.7061256295879794 -2.4882745087786162 -2.4931971241021937 -2.0821587445834777 -1.2852420194221088 -1.8800580376877154 -2.3996674329542222 -2.4532692442553987 -2.5440641491124936 -3.0108921689650874 -3.541167230766012 -3.930874277215892 -3.8819216026092054 -3.275619481921918 -2.3769687067399485 -1.8283705767901524 -2.0742278643399366 -2.1642023333097686 -2.319538194631545 -2.6857260789798887 -3.3029673448306816 -3.482642804141258 -1.6826064674864427 -0.2979841684157454 0.5183495394108455 -0.7374643253595754 -1.9511624812505006 -3.644542152561138 -5.03326663106815 -5.385780583962111 -5.788341125979111 -5.972665721984177 -6.449338972483925 -7.238324817401752 -8.197414369612089 -8.630057560828728 -9.533357472705188 -9.757883427186137
-1.7414043727402844 -1.5636432638333215 -1.2696537375641135 -0.6261585233209077 -0.6592494374405118 -1.1632705508490235 -1.9951925405336097 -2.5197245511236943 -2.0088664719879916 -1.0732960818791915 -1.6544381686904164 -2.243237657116095 -2.482531457567776 -2.5615667813741023 -2.9094315975735743 -3.337972609353899 -3.672983929986252 -3.570429444078389 -3.254014670223995 -2.8878267858756512 -2.4445179281245943 -2.049067830463874 -2.2834390155919775 -2.6583782160711253 -3.049999612924619 -3.418101847676576 -3.9073551151143553 -3.4894797698684488 -2.686546514867152 -0.7891517862571384 0.4890873260984687 -0.683589035429311 -2.5539093797596486 -4.188491145816444 -5.955163089722568 -6.969768803637695 -8.106619464754994 -9.090048614954132 -9.888879690519113 -10.046950338131767 -10.26381889099826 -10.352699445451742 -10.374030778520579
-1.9328394131016289 -1.8986545844656746 -0.8430270761874026 -0.561617566856226 -0.707108197530848 -1.0341886379196596 -1.6875290828100202 -2.4483466289318216 -2.0285569332823012 -1.3027446516837173 -1.2833276690184954 -1.3205207625744138 -1.7053051937007164 -2.263748554297668 -2.7237396084230703 -2.9873730068635505 -3.2452633540931908 -3.5810951106128064 -3.7520192537925787 -3.5529268118167803 -3.37598613879708 -3.004875639125159 -2.8555563076433104 -3.1104383899529866 -3.5039741372100934 -3.811637594933683 -3.931694713103155 -3.9141920808415467 -3.6604039130482207 -2.4844458079713894 -0.38303602206199994 0.5858987607954917 -1.0626304153447736 -4.537176397903179 -7.4453481396210925 -8.733432482623854 -9.799999136065631 -10.509949657177133 -10.4951818112064 -10.403566470462042 -10.437751299097997 -10.572302784609114 -10.697282518102163
-1.5743089303677393 -1.6856147324064068 -1.0899782782535372 -0.3917873381928043 -0.48066789264628573 -1.2647311222405362 -2.084073094987091 -2.274414220832085 -1.522621469470176 -1.523441905357439 -2.1554510171789643 -1.532466700117331 -1.5196132045502122 -2.0373082494131056 -2.5968455245264073 -2.9034150677336465 -3.0234721859031186 -3.341801310161126 -4.017567002636673 -4.0449148655454366 -3.9951417550514865 -3.7140057243493976 -3.5624985638348474 -3.741353587258161 -4.024403968363863 -4.0402657288509465 -3.8184745606608743 -3.6262190844122664 -3.7881184328321464 -3.304881695234295 -1.603571143680116 0.42454636963378656 -0.12596611071962283 -4.198336376463599 -8.809733020139305 -10.214045780504312 -10.178767037352006 -10.452245666439643 -10.378953393844156 -10.123250875647217 -10.026439440950194 -10.139659593392475 -10.373210342633316
-1.3536116766940176 -0.5654462676634529 -0.4415604486867539 -0.23152886154745023 -0.2558684595362499 -1.277584617807655 -2.649626899940321 -3.1954902435992407 -2.4513548938517853 -1.8029370642850022 -3.5761724952892293 -2.158459282098928 -1.543132366651749 -1.8663841062333337 -2.6485329854239703 -3.2843707980527226 -3.443535360181726 -3.6486443319974526 -4.323316109956648 -4.491231988216457 -4.654498729781775 -4.54401336363037 -4.207087692594404 -3.99815001997145 -4.1337954199989175 -4.291045631724308 -4.212010307917981 -3.528313735198893 -3.191661542792014 -2.9220116145116055 -2.268671169621245 -0.3526798942332725 0.8973909193263081 -1.2491428403825409 -5.650507896918942 -8.955223650813927 -10.226625797442344 -9.8095708880837 -9.560705335613951 -9.669002872732655 -9.749132111055332 -9.9621719631146 -10.244128429703952
