static/data/ASCData/20210103/ASCV/00.asc
ncols 97
nrows 97
xllcorner 99.0
yllcorner 2.0
cellsize 0.25
NODATA_value -32767
[rows 38 to 56 of 97, columns 43 to 85 of 97]
-5.166101278699982 -5.692450211441883 -6.039930262046158 -6.329069566146764 -6.639685958245973 -6.854456838232011 -7.042942326936176 -7.199372460418543 -7.339774916290013 -7.498128371085688 -7.619297613824079 -7.847852296555489 -7.954276075891855 -8.055570998392731 -8.070316461794757 -7.998191912545716 -7.940492273146482 -8.070316461794757 -8.305602769122746 -8.457224599321844 -8.651480051965931 -8.705974155842986 -8.830028380551338 -9.014667226628887 -9.196421090736475 -9.416961934662435 -9.59775413811337 -9.720846702165067 -9.794894572727419 -9.817333321382677 -9.842977605560112 -9.680777508137822 -9.496138662060273 -9.14352975462051 -8.698280870589755 -8.040184427886269 -7.426644928941082 -6.7313642741803115 -6.042174136911684 -4.400298842451259 -1.7765680175472038 0.27914191282661527 0.7051575837242927
-5.606541859447468 -6.180653271469845 -6.457932094138386 -6.578139676220124 -6.840031928382203 -7.163149909017912 -7.364457539810796 -7.554866349828268 -7.685652199133198 -7.750083463129009 -7.852660599838758 -7.9943452699190996 -8.027362285797551 -8.11904060173189 -8.157186474445826 -8.11904060173189 -8.135709386447223 -8.253993647215653 -8.472611169828307 -8.663981640502431 -8.848620486579982 -8.981650210750438 -9.114359381368676 -9.266622318672209 -9.470814931435054 -9.670840348019066 -9.827270481501433 -9.766685860132238 -9.767647520788891 -9.612499601515395 -9.521462392685493 -9.297074906132917 -8.972674711288334 -8.589933769940082 -8.048839373796154 -7.413181679747927 -6.669817992154463 -5.8742040755494696 -5.022493287306332 -3.216815127662527 -0.6982258678859647 1.4911548937627472 1.939288759763464
-6.0069132461677075 -6.526530554313031 -6.823363143666868 -6.95703397494176 -7.069227718218048 -7.38272909228722 -7.679882235193275 -7.871252705867401 -7.971585967711624 -8.035055571050782 -8.041146088542924 -8.104615691882081 -8.195332347159765 -8.328041517778004 -8.35849410523871 -8.359455765895364 -8.376124550610697 -8.481586669290408 -8.688664264023215 -8.893497983890496 -9.047043135402902 -9.208922679272975 -9.357338973949894 -9.491330358777002 -9.588778638651267 -9.786239626817533 -9.83881040938128 -9.806755054159483 -9.633976689513998 -9.351569010009971 -9.150581932769306 -8.871059235235238 -8.534157451854156 -8.070316461794757 -7.5301837263074844 -7.007040329087763 -6.2579066775543755 -5.3885654439392505 -4.428828108598658 -2.805865473719094 -1.2899677252803303 0.8535738784012112 2.283242721293342
-6.374908724113933 -6.870163962290691 -7.130774000243898 -7.277266973607508 -7.394589573719285 -7.6699450750745175 -7.965816003771701 -8.11423229844862 -8.214886113845061 -8.242133165783589 -8.253031986558998 -8.245979808410205 -8.38381783586393 -8.536080773167463 -8.668148836681265 -8.668148836681265 -8.698280870589755 -8.80470464992612 -8.957929247886307 -9.15154359342596 -9.295792691924044 -9.441324004631001 -9.566339889996009 -9.601600780739984 -9.698407953509811 -9.729501648074953 -9.78335464484757 -9.704177917449734 -9.466006628151785 -9.17205902076791 -8.842850522640058 -8.56653336062817 -8.193409025846456 -7.730529696443714 -7.335928273663397 -6.812464322891458 -6.184499914096461 -5.33503300071885 -4.332982596485486 -3.2697064637784914 -2.106417622779491 -0.5167925573305956 0.9119146249048811
-6.785217270952931 -7.230466154983686 -7.436582089059838 -7.573137902304692 -7.7433518385324325 -8.005885197798946 -8.167123634564584 -8.315539929241503 -8.361379087208672 -8.37099569377521 -8.490241615200294 -8.466841205888382 -8.580958270477979 -8.6973192099331 -8.874905877861854 -9.005050620062349 -9.035182653970837 -9.08486845456462 -9.227514785301617 -9.394523186007177 -9.534284534774212 -9.63686167148396 -9.687509132734398 -9.70321625679308 -9.689432454047708 -9.721808362821722 -9.705139578106387 -9.609294065993215 -9.341952403443432 -9.106345542563226 -8.70212751321637 -8.423887029891175 -8.042107749199577 -7.643659683792645 -7.248096600355674 -6.881062783066103 -6.306630817491507 -5.501079740767756 -4.578206063932231 -3.8233024484589198 -2.4756953149345886 -0.9405643533627468 -0.6280246399502296
-7.16988153361449 -7.540120886426242 -7.755853427068933 -8.009731840425562 -8.10942399516535 -8.242133165783589 -8.385741157177238 -8.482548329947063 -8.53031080922754 -8.553711218539451 -8.736426743303692 -8.705974155842986 -8.83611889804348 -8.9024734833526 -9.106345542563226 -9.264698997358902 -9.344837385413392 -9.377854401291843 -9.435554040691077 -9.604485762709945 -9.676930865511206 -9.711871202702966 -9.750978736073556 -9.70321625679308 -9.678854186824514 -9.675007544197898 -9.633015028857344 -9.564416568682699 -9.341952403443432 -9.082945133251314 -8.616219161221956 -8.387664478490546 -7.965816003771701 -7.585960044393411 -7.1903969609564395 -6.813425983548111 -6.40536131157464 -5.5937197173587485 -4.8407394231987455 -3.858563339202896 -2.1327030140613643 -1.1777739820040423 -1.2149581940613263
-7.671868396387826 -7.816438048438129 -7.927670131057763 -8.321309893181425 -8.318424911211464 -8.503063757289013 -8.604679233342107 -8.684497067844383 -8.77168763404767 -8.805666310582772 -8.962096444065141 -8.922027250037896 -9.093843954026724 -9.150581932769306 -9.317269779922647 -9.491330358777002 -9.588778638651267 -9.627886172021856 -9.675969204854553 -9.775340806042122 -9.798741215354035 -9.787201287474186 -9.730463308731608 -9.654492116855948 -9.678854186824514 -9.712832863359619 -9.697446292853156 -9.634938350170653 -9.357338973949894 -9.065635241431544 -8.62006580384857 -8.39151112111716 -7.957161057861816 -7.605513811078707 -7.193281942926402 -6.6893717588397585 -6.255021695584414 -5.492104241305653 -4.794900265231576 -3.5174943596429795 -2.385940320313558 -1.4249207707640945 -1.550898316785755
-8.067431479824796 -8.35849410523871 -8.254955307872308 -8.663981640502431 -8.672957139964534 -8.85663432538543 -8.9024734833526 -8.98742017469036 -9.124937648591867 -9.10442222124992 -9.202191054676398 -9.270468961298825 -9.293869370610736 -9.323360297414789 -9.537169516744173 -9.74713209344694 -9.844900926873422 -9.861249158036536 -9.869262996841986 -9.897471709437166 -9.90644720889927 -9.842977605560112 -9.821179964009291 -9.776302466698777 -9.806755054159483 -9.821179964009291 -9.778225788012083 -9.690394114704361 -9.420808577289051 -9.12589930924852 -8.59666539453666 -8.305602769122746 -7.93279898789325 -7.572176241648038 -7.072433253740229 -6.495116306195671 -5.955945231365051 -5.123147102702774 -4.5009526578477015 -3.5421769831637633 -3.3299705315954693 -2.3631810181060824 -2.4952490816198845
-8.567495021284824 -8.729695118707115 -8.531272469884193 -8.891574662577188 -8.970751389975026 -9.225591463988309 -9.327206940041405 -9.347722367383355 -9.363429491442034 -9.279444460760928 -9.303806530729492 -9.385868240097292 -9.560569926056084 -9.603524102053292 -9.707062899419695 -9.871186318155294 -9.95997965211967 -9.996202203520301 -10.060633467516112 -10.048772986084048 -10.02152593414552 -9.904203334033745 -9.937540903464413 -9.92984761821118 -9.950363045553132 -9.92984761821118 -9.861249158036536 -9.753863718043519 -9.461839431972951 -9.01755220859885 -8.522617523974308 -8.263610253782192 -7.842723439720002 -7.401321198315863 -6.840993589038856 -6.229697964959194 -5.602695216820852 -4.758677713830946 -4.612505294019553 -4.332982596485486 -4.621160239929439 -4.5897459918120775 -5.047817017931552
-9.281367782074236 -9.072366866028123 -9.014667226628887 -9.260852354732286 -9.334900225294636 -9.567301550652662 -9.667955366049103 -9.622116208081934 -9.497100322716927 -9.473699913405015 -9.522424053342146 -9.582047014054687 -9.75194039673021 -9.816371660726022 -9.90035669140713 -10.04684966477074 -10.118333106915346 -10.106472625483281 -10.167057246852476 -10.101664322200012 -10.1317963561085 -10.043964682800777 -10.061595128172765 -10.040118040174162 -10.022487594802175 -9.971840133551735 -9.822462178218164 -9.668917026705756 -9.375931079978535 -8.995113459943592 -8.500178775319052 -8.05268601642277 -7.526337083680868 -7.029479077743021 -6.498962948822286 -5.9386353395452804 -5.3642033739706845 -5.038200411365013 -5.310670930750284 -5.565511004763568 -6.019735388256427 -6.1466745949347406 -5.970690694767077
-9.721808362821722 -9.28521442470085 -9.446452861466488 -9.486522055493733 -9.658338759482564 -9.832078784784702 -9.915102154809155 -9.83881040938128 -9.745208772133633 -9.773417484728814 -9.741362129507017 -9.860287497379883 -9.92375710071904 -10.015755970205596 -10.065441770799382 -10.179879388941195 -10.215781386789608 -10.225718546908364 -10.321243505469319 -10.252003938190239 -10.313550220216086 -10.231488510848289 -10.22956518953498 -10.133719677421809 -10.084995537484676 -9.910293851525886 -9.737194933328183 -9.51569242874557 -9.180713966677793 -8.809512953209389 -8.229631577247087 -7.777330515067536 -7.249058261012328 -6.747071398238992 -6.321376280893533 -5.816504436150236 -5.814581114836928 -5.821312739433505 -6.293167568298352 -6.817272626174727 -7.120195733020705 -6.792910556206161 -6.330992887460072
-10.208088101536376 -9.66218540210918 -9.872147978811949 -9.762839217505622 -9.98530338274489 -10.129873034795192 -10.142695176883912 -10.064480110142728 -9.997163864176954 -10.044926343457432 -9.916063815465808 -10.055825164232843 -10.068326752769345 -10.19334263813435 -10.204241458909761 -10.19815094141762 -10.23437349281825 -10.267711062248917 -10.341758932811269 -10.370288198958669 -10.481520281578302 -10.420935660209107 -10.371249859615322 -10.233411832161597 -10.06736509211269 -9.891701745497244 -9.59102251351679 -9.332015243324674 -8.863365949982008 -8.500178775319052 -7.943377255116443 -7.504859995682265 -7.033325720369636 -6.722709328270427 -6.306630817491507 -6.362407135577433 -6.431646702856513 -6.841955249695511 -7.270535349010931 -7.653276290359184 -7.615130417645245 -7.314451185664793 -6.649302564812513
-10.671929091595775 -10.10358764351332 -10.18853433485108 -10.079225573544754 -10.302651399440677 -10.260658884100124 -10.277327668815458 -10.204241458909761 -10.132758016765155 -10.19815094141762 -10.064480110142728 -10.223795225595058 -10.217704708102914 -10.351696092930027 -10.314511880872741 -10.309703577589472 -10.290149810904175 -10.320281844812666 -10.386636430121783 -10.454273229639774 -10.557812027006179 -10.480558620921649 -10.433757802297826 -10.2423873316237 -10.075378930918138 -9.808678375472791 -9.505755268626812 -9.109551078085406 -8.589933769940082 -8.198217329129726 -7.779253836380844 -7.391704591749323 -7.209950727641736 -6.903501531721361 -6.9454940470619135 -7.004796454222237 -7.302911257784946 -7.754891766412279 -8.004923537142293 -8.15526315313252 -8.019669000544319 -7.7433518385324325 -7.063457754278126
-11.065568853719437 -10.513575636800098 -10.52735943954547 -10.45010603346094 -10.617114434166503 -10.512613976143445 -10.51966615429224 -10.445297730177671 -10.337912290184654 -10.40138189352381 -10.265787740935611 -10.415165696269183 -10.368364877645359 -10.470621460802892 -10.436642784267786 -10.476711978295032 -10.45811987226639 -10.392726947613927 -10.454273229639774 -10.468698139489582 -10.535052724798703 -10.406190196807081 -10.375096502241938 -10.19334263813435 -10.008703792056801 -9.74232379016367 -9.400293149947101 -8.995113459943592 -8.464917884575074 -8.044031070512885 -7.740146303010253 -7.538197565112934 -7.4189516436878495 -7.451327552461865 -7.494281728459072 -7.780215497037498 -8.09852517438994 -8.400486620579263 -8.513642024512206 -8.589933769940082 -8.3065644297794 -8.05268601642277 -6.416901239454487
-11.273608109108897 -10.83028254639145 -11.023576338378884 -10.785084495528716 -10.917152559042519 -10.756875782933536 -10.754952461620228 -10.677699055535697 -10.589867382227975 -10.660068610163709 -10.49306020945815 -10.583135757631396 -10.428628945462338 -10.525436118232165 -10.413242374955875 -10.454273229639774 -10.456196550953083 -10.395611929583886 -10.433757802297826 -10.367082663436488 -10.457158211609737 -10.273481026188842 -10.23437349281825 -10.094612144051217 -9.894586727467207 -9.66699370539245 -9.340990742786778 -8.950235962633077 -8.450172421173049 -8.054609337736078 -7.830221851183501 -7.68853718110316 -7.753930105755625 -7.840800118406694 -8.132824404477262 -8.457224599321844 -8.685458728501036 -8.912090089919138 -8.96690474734841 -8.985496853377052 -8.609487536625377 -7.808744763184897 -5.955945231365051
-11.707958172364242 -11.02549965969219 -11.430679349695701 -11.125191814431979 -11.156285508997122 -11.044091765720832 -10.970685002262918 -10.86810786555317 -10.750144158336958 -10.79694497696078 -10.582174096974743 -10.718729910219597 -10.557812027006179 -10.585059078944706 -10.392726947613927 -10.363236020809872 -10.371249859615322 -10.333103986901385 -10.382789787495168 -10.263864419622303 -10.34464391478123 -10.137886873600642 -10.101664322200012 -9.949401384896479 -9.782392984190917 -9.583970335367997 -9.278482800104275 -8.865289271295314 -8.436709171979894 -8.069354801138104 -7.830221851183501 -7.861315545748644 -8.034093910394128 -8.32996483909131 -8.658211676562509 -8.913051750575793 -9.099613917966648 -9.265660658015555 -9.371122776695266 -9.28232944273089 -8.911128429262483 -7.97382984257715 -6.122953632070612
-12.166029198483717 -11.516587701690117 -11.955104961124295 -11.62301148102648 -11.551848592434093 -11.274569769765552 -11.156285508997122 -11.034154605602076 -10.872275061732005 -10.815537082989422 -10.617114434166503 -10.831244207048105 -10.633783218881836 -10.607497827599964 -10.396573590240541 -10.340797272154614 -10.293996453530792 -10.236296814131558 -10.294958114187445 -10.146541819510528 -10.129873034795192 -9.95997965211967 -9.937540903464413 -9.764762538818928 -9.62115454742528 -9.39259986469387 -9.048004796059555 -8.709179691365165 -8.292139519929592 -7.993063055710229 -7.89657643649262 -8.04499273116954 -8.261686932468884 -8.53800409448077 -8.817526792014839 -9.048004796059555 -9.188407251931025 -9.215013196765117 -9.440362343974346 -9.231361427928233 -8.67391880062119 -7.089743145559998 -4.978577450652471
-12.675709346510283 -12.023382867746722 -12.394583881215127 -11.82335745116271 -11.755079544540283 -11.516587701690117 -11.434525992322317 -11.300855161047425 -11.067492175032745 -10.89471381038726 -10.61422945219654 -10.626089933628606 -10.41420403561253 -10.429590606118992 -10.273481026188842 -10.181802710254503 -10.113204250079859 -10.07025007408265 -10.068326752769345 -9.855479194096613 -9.880802924721833 -9.694240757330977 -9.713794524016272 -9.602562441396639 -9.457992789346335 -9.169815145902383 -8.817526792014839 -8.588010448626774 -8.202063971756342 -8.101730709912118 -8.016784018574358 -8.189562383219842 -8.400486620579263 -8.744120028556924 -9.04896645671621 -9.193536108766512 -9.198344412049781 -9.13391314805397 -9.15442857539592 -8.529349148570887 -7.432735446433223 -5.5998102348508905 -3.640586923694679
-13.598583023345808 -12.446193003122218 -12.754886073908121 -12.175966358602473 -11.93362787312569 -11.660195693083764 -11.505047773810269 -11.33002553429926 -10.980622162381676 -10.71199828562302 -10.276366008158803 -10.207126440879723 -10.048772986084048 -10.00581881008684 -9.845862587530075 -9.766685860132238 -9.717000059538453 -9.686547472077745 -9.672763669332372 -9.542939480684097 -9.582047014054687 -9.434592380034424 -9.591984174173446 -9.459916110659643 -9.249953533956875 -8.964019765378449 -8.721681279901667 -8.561725057344901 -8.360417426552019 -8.409141566489149 -8.280279038497525 -8.512680363855551 -8.59185709125339 -8.637696249220559 -8.7793809193009 -8.7918825078374 -8.870097574578583 -8.80470464992612 -8.230593237903742 -7.143596142332617 -5.797912330121593 -4.694246449835135 -4.372090129856079
