static/data/ASCData/20210103/ASCV/03.asc
ncols 97
nrows 97
xllcorner 99.0
yllcorner 2.0
cellsize 0.25
NODATA_value -32767
[rows 76 to 94 of 97, columns 43 to 85 of 97]
-8.027968212909624 -7.900966954955617 -7.54945082949211 -7.091370430113171 -6.667740946684974 -6.281773905270725 -5.63450542507754 -4.990740427862397 -4.6833097965392465 -4.170633454085825 -3.849188890850509 -3.8112344919217254 -3.7846664126715766 -3.7417487461905665 -3.877508711589679 -3.8121103626662354 -3.7907975078831493 -3.9186746365816676 -3.886267419034783 -3.808314922773357 -3.7163484945997656 -3.6255498940855206 -3.5581078467582197 -3.2897994420232006 -2.8404777500893656 -2.4448761304855022 -1.8618381715564127 -1.30741199028133 -0.585694496804761 -0.29461345271247197 -0.4058490372652921 -0.7468547137946748 -0.8376533143089193 -0.9468452004578825 -0.9880111254498711 -1.0338483610792486 -1.1109249865961637 -0.9488888988617399 -0.7614525595365143 -0.4694956446997143 0.013109135525515292 0.8918994491842831 1.771857590502397
-7.946804190584994 -7.860968857622975 -7.57864652097579 -7.02392838278587 -6.521178575436901 -5.786614977707512 -5.144309765066553 -4.822865201831236 -4.521273708804823 -4.247710079602741 -4.023195212093242 -3.9703510105077813 -3.7916733786276597 -3.5630711143104454 -3.2868798728748327 -3.2173941271436743 -3.1706810207697864 -3.295638580319937 -3.4947531962386345 -3.509351041980474 -3.594310504197983 -3.573873520159407 -3.446872262205399 -3.09827570589026 -2.6577127214015293 -2.3540775299712573 -1.7838856752949872 -1.2983613259213893 -0.496647637779537 0.1234688493338254 -0.060172050098521446 -0.5524114085133656 -1.2183651312561063 -1.330768543468274 -1.3316444142127843 -1.3698907700564051 -1.2525240902920118 -1.049322077565599 -0.7144474962477894 -0.28176734845965257 0.19558220729851516 0.8002249779255273 1.6693807133946805
-7.811044225185882 -7.749733273070154 -7.551494527895967 -6.988893553005454 -6.373740333444317 -5.612900613379617 -4.99862326456299 -4.678346528987021 -4.475144516260608 -4.231944406201554 -4.238075501413126 -4.152824082280781 -3.9399874913647537 -3.570953951011039 -3.2436702494789866 -2.8912782532709693 -2.8442731899822444 -2.704717784690254 -2.902080659119931 -2.940910928793225 -3.0366727968596954 -2.8933219516748263 -2.584723492692329 -2.228244099676597 -1.900960398144544 -1.5973252067142725 -1.5631662476783665 -1.1421643764837013 -0.4049731665207821 0.16434281741097756 -0.03973506605994537 -0.5503677101095086 -1.327848974319906 -1.8717647066608643 -1.8726405774053747 -1.7818419768911298 -1.6481257098958753 -1.4548502322739139 -0.9684500121558055 -0.2554912261243407 0.4241844716157299 0.9768589114017914 1.5120159362976455
-7.6481322667069485 -7.5357288544947805 -7.350336213573412 -6.878533839197144 -6.230973402089122 -5.562100110198013 -4.927385777342811 -4.424344013079005 -4.168589755681968 -4.113993812607487 -4.210631551418468 -4.1469849439840445 -3.9703510105077813 -3.6030692116430867 -3.1411933723712697 -2.742672183619038 -2.328677278380456 -2.147955948096477 -1.7076849205225826 -1.616886320008338 -1.4332454205759908 -1.10216627915106 -0.8560465999436375 -0.7115279270994215 -0.37752921652612237 -0.6140143175439308 -0.6715298297667802 -0.5278870276670746 0.10186403763590235 0.055150931262014424 -0.14016824476380485 -0.5278870276670746 -1.3424468200617459 -1.9400826247326752 -2.144160508203598 -2.065916055027336 -1.7797982784872723 -1.5036070370516597 -0.9185253797187127 -0.1489269522089085 0.514983072129974 1.1800609241282043 1.6682128857353336
-7.509452732159469 -7.229174093916141 -7.002615528002783 -6.633581987649069 -5.890259682474577 -5.238903805473676 -4.66287281250067 -4.156911479088496 -3.849188890850509 -3.7683168254407153 -3.7858342403309235 -3.8229127685151973 -3.732990038745463 -3.4538792281614823 -2.95872030059827 -2.4107171714495967 -1.8884062508065615 -1.238802115294682 -0.6002923425466014 0.08055118285281626 0.6244669151937741 0.9348171156652922 0.9572977981077262 0.9651806348083198 0.5187785120228527 0.04318069775370592 -0.24965208782760406 -0.08265273254095451 0.030626550415723486 -0.21841269794006646 -0.29373758196796107 -0.5445285718127719 -1.2691656344377091 -1.666518995530594 -1.9030040965484019 -1.8825671125098258 -1.5681295152305923 -1.1179319525522469 -0.6832081063602518 0.01398500627002619 0.6977481008178108 1.435815181525241 1.9867378798222823
-7.372816896015846 -6.919699764189133 -6.667740946684974 -6.133459792533631 -5.214379424627385 -4.464634067326483 -3.928309214771282 -3.468477073903322 -3.1724327622588073 -3.191993875552873 -3.306149029254062 -3.2965144510644473 -3.366876067540116 -3.3122801244656346 -2.9558007314499015 -2.4148045682573116 -1.7222827662644224 -0.8718122733448248 0.14682540252076937 1.1371432576471943 1.8693712000578886 2.020896838858188 2.081331920229405 1.5561014304380025 0.5853446886056428 -0.21753682719555645 -0.4195710122626215 -0.23505424208576464 -0.4303734181115839 -0.6724057005112902 -0.5454044425572828 -0.6373708707308747 -0.7926919494240519 -0.9389623637572888 -1.0192505153374087 -0.9918065653427495 -0.8464120217540234 -0.5074500436284985 -0.1968078862421434 0.3655011317335326 1.005178732140961 1.6635415750979448 2.1624959425540355
-6.945100015779934 -6.492858754697732 -6.113022808495055 -5.315104560246081 -4.354274353518173 -3.5210293185739463 -2.881351718166518 -2.3999147656006348 -2.1774435964949936 -2.2740813353059743 -2.4448761304855022 -2.6460344448080573 -2.947042024004798 -3.0349210553706745 -2.773035702762065 -2.157882483200928 -1.2163214328522485 -0.1343291064670682 0.9418240816213759 1.8401755085742089 2.4719702722810437 2.735607366378674 2.53065361216324 1.3715846602611448 0.40841879821454263 0.10303186529524933 0.1263884184821933 -0.06688705913976811 -0.5816070999970462 -0.7798458451712329 -0.6265684648819132 -0.6178097574368087 -0.5299307260709325 -0.5240915877741958 -0.6148901882884408 -0.7877286818718265 -1.037643800972127 -1.0630440525629288 -0.5036546037356207 0.2072604838919876 0.9027018550332446 1.658578307545719 2.134176121814866
-6.148933509019981 -5.601222336786145 -4.890307249158537 -4.035749359431224 -3.2652750611769097 -2.5114423070682923 -1.9850439896175422 -1.5806836625685747 -1.3520813982513604 -1.2896026184762852 -1.1188078232967573 -1.315002870067087 -1.5485684019365267 -1.4615652413151605 -1.0075722387439368 0.08055118285281626 1.167214819875385 2.0316992447071494 2.754292608928229 3.0366149455754146 3.18200948916414 2.71225081319173 1.7873313069887482 0.7348266290020842 0.4633066982038603 0.4758608455418427 0.4104624966183996 -0.007327848513060786 -0.45168627289467 -0.6394145691347317 -0.6236488957335453 -0.7439351446463061 -0.6919668138053563 -0.6557641563655929 -0.6548882856210829 -0.4800060936338397 -0.41373187396588573 -0.4948958962905161 -0.42745384896321514 0.10887100359198598 0.9368608140691501 1.6448563325483896 1.9525789207863768
-5.103143840074564 -4.422592271589984 -3.732990038745463 -3.104990714931507 -2.391156058155531 -1.7739591401905361 -1.2691656344377091 -0.9526843387546182 -0.7272936005006088 -0.4986913361833949 -0.2125735596433307 0.06390963870711897 0.3546987258845711 0.6527867359329438 1.1313041193504585 2.062938634594687 3.0412862562128034 3.9162811299786924 3.968249460819642 3.6692855800267594 3.0824521812047916 1.927178669195575 0.8431426444065373 0.04230482700919502 -0.11681169157686089 0.39090138332433444 0.4154257641706254 0.1418621349685445 -0.31505043675104716 -0.46044498033977366 -0.4654082478919994 -0.5366457351121783 -0.540733131919894 -0.5924095058460077 -0.766123870173903 -0.6402904398792426 -0.20177115379436916 -0.01345894372463352 -0.31505043675104716 0.005226298824921649 0.8773016034424428 1.5032572288525419 1.795214143689341
-4.188150868976034 -3.680437794074839 -3.2261528345887784 -2.749679149575121 -2.2253245305282285 -1.6472498391513652 -1.1745715940305863 -0.8394050557979402 -0.3121308676026793 0.01894827382225106 0.4308994806569757 0.82737697100535 1.4203414650388906 2.169210951595282 2.6126935052323805 3.094130457798264 4.035399551232107 4.147802963444274 3.896720016684627 2.8637764519920283 2.306138744653741 1.3129013203789484 0.26010468547744825 -0.49080849948280125 -0.33548742078962324 0.17426935251542908 0.49162651894303 0.27382666047477766 -0.07185032669199298 -0.16965589316232155 -0.15797761656884912 -0.023969392658758082 -0.06688705913976811 -0.3562163617430363 -0.5503677101095086 -0.9780845903454201 -0.8122530627181175 -0.5124133111807243 -0.44497126385342334 0.04814396530593168 0.896862716736508 1.4866156847068437 1.6556587383973511
-3.845393450957631 -3.4976727653870023 -3.171556891514297 -2.822960335199158 -2.385316919858795 -1.9762852821724386 -1.495724200351066 -0.7623284302810251 -0.22045639634392433 0.536587883827897 0.9993395938442253 1.432895612376873 1.9876137505667923 2.760131747224965 3.7551209129887777 4.247360271403624 3.810884683722607 3.812928382126465 2.6410133259715503 1.8518537851676804 1.7414940713593703 0.9085409933299804 0.031502421160233496 -0.1792904713519361 -0.02980853095549385 0.055150931262014424 0.335429569505342 0.21426744984807033 0.051063534454299564 0.21426744984807033 0.2376240030350143 0.3812668051347199 0.41834533331899326 0.14478170411691238 -0.023969392658758082 -0.44497126385342334 -1.0417311977798422 -0.922612776526428 -0.496647637779537 0.1418621349685445 0.9535023582148474 1.4320197416323621 1.6019386660673796
-3.681313664819349 -3.604237039302434 -3.2515530861795803 -2.9762377154884776 -2.633480297470075 -2.2299958411656173 -1.6989262130774785 -0.9664063137519481 -0.3678946383365087 0.4545479907587566 1.1575802416857703 1.7864554362442373 2.2562141122166484 3.0853717503531595 4.293197507033 4.793319702148439 4.355676286808075 2.8129759488104256 1.455376294819306 1.4203414650388906 1.4474934581187124 0.6320577949795307 0.15178867007299512 0.05602680200652532 0.3958646508765602 0.4808241130940685 0.17426935251542908 -0.008495676172407762 0.22506985569703186 0.6332256226388786 0.5853446886056428 0.46710213809673906 0.5678272737154346 0.8227056603679612 0.6527867359329438 0.15645998071038392 -0.5054063452246407 -0.7573651627287994 -0.3716900782293866 0.2367481322905043 1.0355422512839887 1.4953743921519482 1.5090963671492776
-3.63839599833834 -3.6491984041873016 -3.307316856913409 -3.0553580394092505 -2.6588805490608762 -2.1540870433080497 -1.641118743939792 -1.090488002557588 -0.5544551069172234 -0.11097255328012423 0.6320577949795307 1.5949317001112968 2.306138744653741 3.300252039673044 4.3402025703217255 4.582526809636269 3.4701709641080623 1.8480583452748025 1.1713022166831006 1.1701343890237528 0.9231388390718207 0.48374368224243636 0.1380666950756657 0.1371908243311557 0.4787804146902115 0.6536626066774538 0.3517791567362032 0.20930418229584458 0.46826996575608604 0.8676670252528282 0.6440280284878401 0.37717940832700503 0.7035872391145466 1.004302861396451 0.7561394837851712 0.2376240030350143 -0.21841269794006646 -0.5299307260709325 -0.23301054368190677 0.3800989774753729 1.1946587698700446 1.4378588799290988 1.4232610341872585
-3.509351041980474 -3.636352299934482 -3.276077467025871 -2.902956529864441 -2.3610844959273405 -1.8317666093282226 -1.1754474647750968 -0.6110947483955629 -0.08265273254095451 0.2551414179252225 0.6165840784931804 1.43493931078073 2.3362103068819318 3.2844863662718566 3.7746820262828447 3.117487010985208 2.1125713101169428 1.5423794554406731 1.1126188768009033 0.5873883870095007 0.289300376961128 0.28054166951602433 0.17894066315281787 0.025663282863497727 0.03354611956409137 0.25718511632908037 0.4428697141652851 0.5237417795750785 0.5882642577540107 0.6574580465703326 0.4279799115086078 0.5012610971326446 0.6898652641172172 0.4945460880913979 0.15266454081750602 -0.1489269522089085 -0.38044878567449114 -0.4204468830071324 -0.09520687987893695 0.536587883827897 1.1537848017928924 1.4007803517448245 1.4445738889703446
-3.3335929792487207 -3.4459963914608887 -3.2144745579953065 -2.787633548503905 -2.1645974922421742 -1.5836032317169426 -0.8989642664246471 -0.11389212242849212 0.6828582981611344 1.276698662939185 1.4728937097095143 1.8568170527199062 2.245411706367687 2.628167221718731 2.708455373298851 2.3040950462498833 1.8460146468709446 1.3566948576044684 0.6957044024139529 0.2542655471807125 0.29513951525786375 0.3012706104694365 0.3325100003569741 0.2513459780323437 0.06682920785548685 -0.045574204356681136 0.09894446848753446 0.40374748757715384 0.4621388705445133 0.3821426758792308 0.5091439338332382 0.6828582981611344 0.5462224620175116 0.19675003495786214 -0.1646926256100958 -0.4038053388614351 -0.40993643407300784 -0.3100871691988223 0.08522249349020505 0.7640223204857648 1.210424443271231 1.3733364017501657 1.3704168326017978
-3.2915511835122215 -3.1344783633300235 -2.773035702762065 -2.2428419454184367 -1.6344037348985458 -1.0738464584118903 -0.45664954044689576 0.35878612269228594 1.1809367948727143 1.525737911294975 1.3841388075991272 1.6069019336196053 1.4982939613003161 1.4515808549264282 1.6877739990293987 1.613616942660852 1.4399025783329558 1.1575802416857703 0.6936607040100959 0.3176201977002977 -0.05520878254629569 -0.15009477986825548 -0.12352670061810667 0.08434662274569416 0.18477980144955364 0.0627418110477711 -0.0817768617964445 -0.07389402509585086 -0.11009668253561422 -0.17053176390683156 -0.11681169157686089 -0.07973316339258663 -0.13929237401929395 -0.2134494303878416 -0.3883316223750839 -0.6070073515878471 -0.5065741728839885 -0.1489269522089085 0.35966199343679683 0.8548209210000088 1.1096993076525354 1.2075048741228631 1.1838563640210822
-2.6501218416157726 -2.134525930013984 -1.4773309147163474 -0.9410060621611462 -0.5962049457388856 -0.160897185717217 0.1576278083697309 0.7278196630460014 1.0256157161795372 1.0393376911768666 0.9672243332121768 1.1134947475454142 1.006346559800308 0.9289779773685565 1.072620779468262 0.9701439023605456 0.8119032545189997 0.7298633614498593 0.43294317906083357 0.05398310360266745 -0.3024962894130656 -0.42453427981484726 -0.4703715154442252 -0.10805298413175635 0.2034650439991088 0.09018576104243081 -0.21841269794006646 -0.3238091441961517 -0.3024962894130656 -0.3220574027071308 -0.4049731665207821 -0.4665760755513464 -0.6519687164727141 -0.8481637632430439 -0.9439256313095141 -0.7868528111273161 -0.49197632714214823 0.06770507859999686 0.6165840784931804 0.8615359300412555 0.8930672768436301 0.8881040092914043 0.851901351851641
-1.7076849205225826 -1.1509230839288054 -0.4820497920376967 -0.006451977768549888 0.37046439928575836 0.46622626735222905 0.5716227136083134 0.4574675599071245 0.6411084593394714 0.8627037577006025 1.07641621936114 1.0892623236139594 0.8851844401430364 0.8898557507804252 0.9105846917338383 0.739497939639473 0.3167443269557868 0.12726428922670419 0.04726809456142078 -0.04353050595282415 -0.1617730564617279 -0.10513341498338846 0.07354421689673263 0.2192307174002961 0.3275467328047492 -0.10513341498338846 -0.43913212555668757 -0.5991245148872535 -0.5074500436284985 -0.42628602130386817 -0.2858547452673674 -0.44292756544956546 -1.0554531727771717 -1.30741199028133 -1.2183651312561063 -0.9380864930127784 -0.4166514431142536 0.09806859774302445 0.5033047955365024 0.6886974364578702 0.8422667736620264 0.6994998423068317 0.5941033960507474
-0.9888869961943816 -0.45956910959526365 0.1731015248560821 0.7132218173041611 1.1604998108341382 1.2142198831641098 0.8215378327086142 0.6869456949688493 0.6878215657133602 0.894819018332651 1.1242971533943757 1.1701343890237528 0.9885371879952638 0.9739393422534235 0.9897050156546108 0.7132218173041611 0.2963073429172116 0.1059514344436181 0.07850748444895839 0.2709070913264098 0.2863808078127601 0.4241844716157299 0.5462224620175116 0.6545384774219647 0.6440280284878401 0.22886529558991064 -0.3229332734516408 -0.5699288234035738 -0.5074500436284985 -0.4341688580044618 -0.22337596549229222 -0.22425183623680311 -0.7261257728412618 -1.1929648796653045 -1.1450839456320696 -1.0163309461890409 -0.5220478893703389 -0.1343291064670682 0.18186023230118575 0.5383396253169179 0.9094168640744904 0.7543877422961502 0.4291477391679548
