static/data/ASCData/20210103/ASCV/06.asc
ncols 97
nrows 97
xllcorner 99.0
yllcorner 2.0
cellsize 0.25
NODATA_value -32767
[rows 57 to 75 of 97, columns 43 to 85 of 97]
-13.657799507641606 -12.000543156356757 -11.245889593814795 -10.512331453259653 -10.289845069371957 -10.311221763651936 -10.191118494473622 -10.15314673489734 -10.138239303359985 -10.121644238063684 -10.069046319243203 -10.020104940233773 -9.802400185329756 -9.789742932137662 -9.63841843841885 -9.414806965358519 -9.18416368496925 -8.949020047889459 -8.771255958613827 -8.600242404373978 -8.360035866017348 -8.140362205061226 -8.066950136547081 -7.927439079140889 -7.866965536111994 -7.540689676049126 -7.176442056409974 -6.913733734600734 -6.513483261437403 -6.410818874434863 -6.2564003854913155 -6.422632310747484 -6.3376880782138745 -5.93434360982581 -5.071118942124996 -4.046443978151692 -3.396142436371215 -2.9489194902505584 -3.0642411304451933 -3.2614130079487027 -3.3064165748539263 -3.294603138541305 -3.583751055907365
-13.416749152405504 -11.886346605334754 -11.151100831020667 -10.48420422394389 -10.278875449938807 -10.286751074147222 -10.246810408518837 -10.208557376649395 -10.191118494473622 -10.160741086812596 -10.08761029059161 -9.994790433849586 -9.817026344573954 -9.758521707597163 -9.61197884286203 -9.435339842759028 -9.205821651542388 -8.937206611576837 -8.718376767500189 -8.348222429704727 -8.05738687857972 -7.7800523975262825 -7.491748297039695 -7.247603946578859 -6.7818170291097974 -6.452728446115352 -6.26427600969973 -6.081730291440417 -6.016193847134685 -6.0924186385804076 -6.26540109887236 -6.421507221574853 -6.27608944601235 -5.658978034824475 -4.804472808211548 -4.318996830221451 -3.8298643124203053 -3.8669922551171143 -3.91171454972918 -3.591626680115779 -3.6861341706167483 -3.739013361730385 -4.009597307748041
-13.193981496224648 -11.858219376018988 -11.119879606480168 -10.616964746314299 -10.38238365382082 -10.25946766171093 -10.218401906909914 -10.159897269933124 -10.141333298584719 -10.088454107471081 -10.000697152005895 -9.875530981550742 -9.764428425753472 -9.656982409767252 -9.459529259970585 -9.28092135381548 -9.004711961934673 -8.733002926744387 -8.288873975848464 -7.863027724007788 -7.569098177658049 -7.2194767172630945 -6.833571131050804 -6.284808887100238 -5.823803598614856 -5.660946940876579 -5.47924503949674 -5.507372268812505 -5.561095276805615 -5.726202112889153 -5.947844679897377 -6.010568401271533 -5.808333622491185 -5.201910558443301 -4.767344865514739 -4.284962882749376 -4.070914667656408 -4.14826454827476 -3.7212932072614535 -2.699993510806042 -3.1286524855782942 -3.9392792344586294 -4.207613002131024
-12.972338929216424 -11.77215005431275 -11.032966467894456 -10.652123782959004 -10.39222818408134 -10.234996972206215 -10.049638531015326 -9.990852621745379 -9.925597449732805 -9.878624976775477 -9.781023491049774 -9.658951315819357 -9.583570341253107 -9.388367369801701 -9.182194778917147 -8.872795256443737 -8.595460775390297 -8.168770706670148 -7.6841385455595255 -7.245916312819913 -6.918515363584413 -6.543579396805272 -6.117733144964596 -5.568970901014029 -5.3453594279537 -5.182221497922266 -5.069150036072893 -5.0747754819360456 -5.161688620521758 -5.225256158775386 -5.2114738164106615 -5.024990286047142 -4.884354139468319 -4.70855895624479 -4.273993263316227 -3.7525144318019525 -3.506401175289012 -3.1500291798582754 -2.411689410319455 -1.3501677759425 -2.4381290058762737 -3.3775784650228107 -3.766296774166677
-12.86404909635073 -11.529974609904016 -10.931427170064545 -10.592494056809581 -10.306440134668257 -10.066233596311626 -9.854154287270763 -9.666826940027772 -9.580757618321531 -9.446028189899017 -9.355177239209098 -9.24970012927498 -9.209759463646595 -9.011462496970456 -8.776037587597507 -8.422478315098346 -8.00253878141398 -7.546596394205436 -7.077715481511641 -6.688153355488302 -6.272995450787616 -5.9419379617410675 -5.590628867587168 -5.421584219399422 -5.206692187426981 -5.03483481630766 -4.904043199989355 -4.7468119881142306 -4.783939930811039 -4.660742666407991 -4.422505034103465 -4.177516866763155 -4.074008662881141 -3.936185239233895 -3.528059141862151 -3.0152997514357627 -2.201860279623851 -1.5642159910354683 -0.766246495347227 -0.38259108748019877 -1.5642159910354683 -2.1062276999502516 -2.5211043323577793
-12.379698207533263 -11.201729843789042 -10.818918252801488 -10.433293938882354 -10.153990551776813 -9.852185381218659 -9.538848046641043 -9.331831638877015 -9.133534672200874 -8.92736208131632 -8.803321000033797 -8.716407861448085 -8.706844603480725 -8.563114461677168 -8.343440800721048 -8.058230695459194 -7.657980222295864 -7.0962794528600455 -6.541610490753168 -6.127577675225114 -5.734077737097567 -5.503715729001455 -5.280104255941127 -5.198816563218567 -5.0944645424570805 -4.932451701598277 -4.740061453078447 -4.536701585125469 -4.341498613674062 -4.235177686860473 -4.077946474985349 -4.024223466992238 -3.889212766276568 -3.5182146116016337 -3.0456771590967886 -2.274147258965366 -1.3560744940988103 -0.25855000619767665 0.4271918445206637 0.19373584119981757 -0.6607693854131096 -1.0514566006090798 -1.374638465447215
-11.936131801223656 -10.92833317483981 -10.52611379562438 -10.27128109802355 -10.038668911582178 -9.698891981447742 -9.376553933489081 -9.113001794800365 -8.817103342398521 -8.488014759404077 -8.338659171737367 -8.375787114434177 -8.47929531831619 -8.348222429704727 -8.192960123881706 -7.904093478808804 -7.40877297055819 -6.761284151709289 -6.11604551120565 -5.651946227495534 -5.33467108081371 -5.219349440619075 -5.037647539239236 -4.922607171337759 -4.844413473839934 -4.705746233313214 -4.488885295288669 -4.265273822228341 -4.113105511630055 -4.05150687942853 -4.05628850841221 -4.21155081423523 -4.0630390434479935 -3.5367785829500384 -2.679460633405534 -1.5943121264033362 -0.39412325149966154 0.5374505834384609 0.46600742097641934 -0.041689068173131894 -0.36008930402758654 -0.44503353656119593 -0.7077418583704365
-11.599167594020797 -10.790791023485724 -10.528082701676482 -10.286751074147222 -9.935160707700163 -9.634480626314641 -9.388367369801701 -9.17460042700189 -8.910767016020019 -8.623588004706061 -8.422478315098346 -8.35609805391314 -8.337534082564737 -8.204773560194328 -8.185365771966449 -7.9333457972972 -7.3356421743372024 -6.624585817234673 -6.080886474560944 -5.651946227495534 -5.355203958214218 -5.111059607753382 -4.93329551847775 -4.796597184003134 -4.676493914824819 -4.499573642428659 -4.300432858873046 -4.14826454827476 -3.9851266182433256 -3.91171454972918 -4.231239874756266 -4.410691597790843 -4.1246376756495176 -3.417800402944354 -2.0865386394292167 -0.5260399569905978 0.5481389305784514 0.41734731426014626 -0.25461219409346914 -0.17557467971617147 -0.1609485204719734 -0.14322836600304178 -0.2700821702171403
-11.31311367187947 -10.844514031478834 -10.568023367304868 -10.2105262827015 -9.921659637628597 -9.690172540359855 -9.47443669150794 -9.263482471639707 -9.026088656214654 -8.702906791376519 -8.34428461760052 -8.206742466246432 -8.13529930378439 -8.022227841935015 -8.009570588742921 -7.900155666704597 -7.371645027861381 -6.716561857097224 -6.225179160950816 -5.959658116209999 -5.738859366081247 -5.303449856273211 -4.960578930914041 -4.801378812986814 -4.653148314492734 -4.4801658542007825 -4.304370670977254 -4.15782780624212 -4.109167699525847 -4.179485772815259 -4.305495760149884 -4.100166986144803 -3.7809229334108747 -2.6502083149171387 -1.0759272901137953 0.31383911037813306 0.7464358972545915 -0.288646141565545 -0.6393926911331294 -0.34546314478338935 -0.3375875205749752 -0.3024284839302691 -0.20567081508403895
-10.985150178057655 -10.623715281350082 -10.398978719117121 -10.189149588421518 -9.930379078716484 -9.64516897345463 -9.395117904837484 -9.061247692859359 -8.78278812263329 -8.472263510987249 -8.177490147758036 -7.962598115785594 -7.7935534675978495 -7.765426238282085 -7.80424181473784 -7.715641042393182 -7.3902089992097855 -6.80544390173504 -6.489856388812161 -6.214490813810826 -5.858962635259561 -5.296699321237428 -4.892229763676733 -4.424473940155568 -4.271180540384651 -4.2956512298893665 -4.232083691635738 -4.31309011206514 -4.301557948045677 -4.169641242554741 -3.919590173937594 -3.528059141862151 -2.3199946427500624 -1.0973039843937764 -0.20370190903193564 0.5824541503436844 -0.4236568422812148 -1.053425506661184 -0.7175863886309548 -0.6686450096215237 -0.6891778870220326 -0.15110399021145593 0.17010896857457602
-10.719347861023682 -10.506424735103343 -10.187180682369416 -9.97031974434487 -9.613947748914132 -9.31326766752861 -9.014275219902032 -8.68237391397601 -8.378599837365753 -8.096483727328634 -7.788771838614169 -7.540689676049126 -7.388240093157682 -7.509468451508627 -7.54856530025754 -7.425368035854492 -7.1033112601889865 -6.785754841214004 -6.476355318740595 -6.105075891772501 -5.6823236351565605 -5.092495636404977 -4.5485150214380905 -4.039693443115909 -3.739013361730385 -3.7682656802187804 -4.047569067324323 -4.160921801466854 -4.064164132620624 -3.861085536960804 -3.5651870845589606 -2.556263369002485 -1.0759272901137953 -0.0006233133721149642 0.7678125915345726 -0.9732629031112543 -1.8913356679778102 -1.3619812122551211 -0.8337518457050619 -0.7926860909040458 -0.5055070795900898 0.09022763731780437 0.9270127094618008
-10.530895424608058 -10.280000539111438 -9.722237581779826 -9.333800544929119 -8.92736208131632 -8.539768861345085 -8.240776413718507 -8.028978376970798 -7.7322361076894826 -7.59047487193803 -7.295701508708817 -7.058307693283764 -6.956768395453853 -7.112030701276874 -7.101342354136883 -6.971394554698051 -6.639211976478871 -6.32390573584915 -6.047415071675184 -5.710732136765483 -5.473338321340429 -4.987862343350333 -4.401972156702957 -3.868961161169218 -3.5691248966631672 -3.5525298313668663 -3.822832505091364 -3.7595462391308936 -3.553373648246339 -3.171687146431414 -2.4420668179804808 -1.2399090370247023 -0.32886807948708796 0.6986196074177924 -0.43322010024857427 -2.13632383531812 -2.211704809884369 -1.493897917746057 -1.0300799063290986 -0.5026943566585134 0.11638596058146522 0.9925491537675315 1.8012069965957638
-10.242872596414628 -9.753740078613482 -9.028057562266756 -8.463544069899362 -8.00253878141398 -7.616914467494848 -7.402022435522406 -7.190224398774699 -7.012460309499067 -6.901076481408639 -6.786879930386635 -6.6237420003552 -6.540766673873695 -6.687309538608829 -6.638368159599398 -6.272995450787616 -5.941094144861594 -5.722264300784946 -5.450836537887818 -5.371799023510519 -5.325951639725823 -4.959735114034568 -4.423630123276095 -3.9342163331817916 -3.8835873204134153 -3.8669922551171143 -3.5514047421942356 -3.417800402944354 -2.6471143196924047 -1.9509653941272314 -0.7926860909040458 0.09979089528516383 0.45053744485274816 -0.957792926987584 -2.0896326346539507 -2.3318080790626836 -2.2263309691285667 -1.7661694975226578 -1.3189465514020013 -0.34827586771496577 0.9025420199570853 1.7171065809416275 1.822583690875745
-9.76836623785768 -9.23197997480605 -8.341471894668944 -7.6228211856511585 -7.183192591445758 -6.919640452757044 -6.725281298185111 -6.570862809241563 -6.394223809138562 -6.234179874331861 -6.232210968279758 -6.278058352064454 -6.314061205588633 -6.435289563939578 -6.299435046344435 -5.918592361408983 -5.503715729001455 -5.274197537784816 -5.1012150774928635 -5.119779048841268 -5.03595990548029 -4.769313771566842 -4.29762013594147 -4.1862363078510425 -4.170485059434214 -3.874586607032371 -3.494869011269549 -2.688180074493421 -1.6109071916996376 -0.6472683153415426 0.15745171538248126 0.43394237955644765 -0.7760910256077445 -2.193984655415437 -2.5076032622862123 -2.4811636667293935 -2.4685064135372996 -2.1287294834028634 -1.6530980356732843 -0.6714577325531002 0.6468655054767849 1.4769000425849983 1.5666259041022865
-9.310173672303875 -8.789819929962231 -7.75755061407367 -7.091497823876366 -6.717405673976697 -6.456666258219559 -6.266244915751833 -6.1197020510166995 -5.9548764872263185 -5.779925120882263 -5.814240340647496 -6.0718857611798995 -6.364971490650166 -6.390285997034354 -6.257525474663946 -5.920561267461086 -5.487120663705154 -5.104309072717598 -4.89026085762463 -4.617989277848029 -4.3699071152829845 -4.209581908183127 -4.207613002131024 -4.177516866763155 -4.019160565715401 -3.5640619953863295 -2.896040299136921 -1.906805644101481 -1.0787400130453717 -0.48300529613747756 -0.6599255685336374 -1.231189595936816 -1.883460043769396 -2.0193145613645394 -2.173451778014929 -2.376530373674749 -2.4136583163715586 -1.9605286520945913 -1.798515811235787 -1.2761931628420387 0.08432091916149353 1.0901506394932348 1.5345608626823157
-9.018213032006239 -8.605024033357658 -7.611007749338537 -6.998677967134342 -6.601240216902589 -6.3452824301291315 -6.1334843933814245 -5.93321852065318 -5.767267867690169 -5.672479104896043 -5.711575953644955 -5.955720304105792 -6.214490813810826 -6.112951515980916 -5.8162092466996 -5.461524885027808 -5.092495636404977 -4.722341298609515 -4.318153013341978 -3.785704562394555 -3.490931199165342 -3.4450838153806456 -3.6110344683436564 -3.6588507581804564 -3.4763050399211446 -3.1736560524835173 -2.7447158054181076 -2.27611616501747 -1.9363392348830337 -1.7926090930794767 -1.8190486886362955 -1.990062242876144 -1.8902105788051795 -1.6539418525527574 -1.4820844814334357 -1.6696931009695852 -2.067974668080812 -1.914681268309895 -1.6989454194579805 -1.1169930449148113 0.3225585514660194 1.543280303770202 2.130295579590209
-8.728221297760706 -8.304343951972134 -7.618883373546952 -7.112030701276874 -6.7486268985171955 -6.412787780486966 -6.112951515980916 -5.881464418712174 -5.744766084237558 -5.701731423384437 -5.7917385571948845 -5.774018402725953 -5.666572386739732 -5.469400509236222 -5.030897004203452 -4.614895282623294 -4.2613360101241335 -3.9322474271296883 -3.600346121203666 -3.26056919106923 -3.0757732944646565 -2.943012772094248 -3.027957004627857 -3.1626864330503692 -3.2614130079487027 -3.3064165748539263 -3.1345592037346046 -2.9410438660421443 -2.7711554009749264 -2.615049278272433 -2.342496426202674 -2.0134078432082285 -1.6286273461685692 -1.3757635546198457 -1.1237435799505953 -1.1920927471879033 -1.6862881662658866 -1.6530980356732843 -0.5777940589316044 0.8791964196250008 2.0785414776492024 2.6115524731829414 2.8391017583474767
-8.459606257795155 -8.125736045817028 -7.832650316346762 -7.340423803320882 -6.880543604008131 -6.46257297637587 -6.06710413219622 -5.82689759383959 -5.678385823052353 -5.594285407398217 -5.4772761334446365 -5.308231485256892 -5.1431246491733535 -4.929357706373542 -4.567922809665967 -4.222239161375221 -3.872617700980267 -3.5739065256468474 -3.323011640150227 -3.3103543869581333 -3.2369423184439876 -3.277164256365531 -3.427363660911714 -3.587688868011572 -3.834645941403985 -3.8923067615013025 -3.6627885702846634 -3.3640773949512437 -2.717432392981816 -2.2634589118253756 -2.134354929266016 -2.168670149031249 -1.8483010071246904 -1.7897963701479003 -1.7281977379463758 -1.6950076073537734 -1.6831941710411522 -0.677364450709411 0.8040967173519089 2.1828934984106887 2.7952232806148842 3.148782553114044 3.154689271270355
-8.301531229040558 -8.078763572859703 -7.8551520997993745 -7.286700795327771 -6.822038967031341 -6.4060372454511825 -6.03475781848309 -5.78386293298647 -5.608067749762942 -5.401051341998914 -5.207817276599612 -5.014301938907152 -4.843569656960461 -4.59633131127489 -4.352186960814053 -4.030974002028022 -3.799486904759279 -3.5474669300900286 -3.3640773949512437 -3.2917904156097286 -3.3727968360391305 -3.648162411040466 -3.7986430878798063 -3.9263407089733775 -4.096510446333753 -4.041662349168012 -3.813269247124004 -3.2614130079487027 -2.5211043323577793 -2.374561467622646 -2.0769753814618563 -1.9596848352151182 -1.8716466074567752 -1.8561766313331045 -2.0347845374882096 -2.006657308172445 -1.2134694414678844 -0.0776919216973102 1.1770637780789475 1.925248077878285 2.3598137708068476 2.8587908188685116 3.004208594431015
