static/data/ASCData/20210103/ASCV/09.asc
ncols 97
nrows 97
xllcorner 99.0
yllcorner 2.0
cellsize 0.25
NODATA_value -32767
[rows 76 to 94 of 97, columns 0 to 42 of 97]
-1.8284121785456313 -2.086998263037414 -1.968987868345999 -1.8790316243305796 -2.0461367827049863 -2.4102308686521425 -2.5999013221355023 -2.85482816958259 -2.785302665733384 -2.7520645959107375 -2.9649102173438324 -3.3165019100549475 -3.1887335499110123 -3.2503307068300455 -3.446404825141621 -3.9163118489645425 -4.522525452702354 -5.1192860274080365 -5.661462982863685 -5.998112790975629 -6.242366863709023 -6.409472022083429 -6.45338286661977 -6.491499919168676 -6.481741953716156 -6.7141035060542915 -7.012941198037719 -7.331294820926188 -7.623118975240617 -7.866458238712838 -8.130228242351272 -8.312580221745241 -8.439738709048394 -8.267754567947726 -7.869202666496359 -7.326415838199928 -6.654640904077997 -6.459176658607204 -6.067638294824834 -5.702324463196113 -5.483685049775584 -5.240345786303364 -4.947606822727761
-1.7180251943639977 -1.8213986408766325 -1.8409145717816728 -1.5237806945747692 -1.680822951076265 -2.0909624365025006 -2.2873414912344674 -1.8262776236028926 -1.7091820381726515 -1.6750291590888309 -1.8860451619995784 -2.5099450781200825 -3.1143290633355463 -3.1896483591721863 -3.672057776231149 -4.150503019825025 -4.810690369972089 -5.401657152690337 -5.841070534474134 -6.203335001898942 -6.432952126453556 -6.581151226763705 -6.6320756089690445 -6.64579774788665 -6.63603978243413 -6.736668801163244 -7.044044712917628 -7.264818681280895 -7.528588684919329 -7.7493626532825965 -7.920127048701698 -8.102783964516059 -8.163161375753527 -7.991482171073251 -7.619459738195923 -7.087955557453968 -6.372269778795697 -5.927977414285641 -5.672135757577379 -5.589193051230958 -5.380006666842558 -5.336095822306218 -5.054944442705482
-1.6009296089337566 -1.5686063483722834 -1.5987950539910178 -1.2414095692924687 -1.4072949819853107 -1.8165196581503724 -1.7872457617928124 -1.2697686563888553 -1.174018620386002 -1.0041690342280738 -0.9465360507741267 -1.5100585556571628 -2.2598972133992548 -2.9649102173438324 -3.446404825141621 -4.2413740731016185 -4.911319388701202 -5.443433442283939 -5.82551877703418 -6.177110469745294 -6.4259385887845575 -6.57749198971901 -6.833333646427271 -6.846750848924486 -6.9620168158323805 -7.04221509439528 -7.279455629459675 -7.3255010289387545 -7.485592649644163 -7.612446200526923 -7.756071254531204 -7.771623011971158 -7.832305359629017 -7.682886513637303 -7.330380011665014 -6.910482560786258 -6.296950482959057 -5.786486915224099 -5.602610253728173 -5.552905617204399 -5.605659617932086 -5.562663582656919 -5.563578391918093
-1.2542168989489015 -1.0422860867769805 -0.9642223631568196 -0.9230559464040002 -1.1282781573273137 -1.355760726939189 -1.126143602384575 -0.9776395656540346 -0.966966790940341 -0.831270083866233 -0.5071226689903305 -0.8282207196623208 -1.4591341734518237 -2.197385247219048 -3.1994063246247064 -4.061766521491171 -4.814654543437174 -5.3068219259486575 -5.625175548837126 -5.8831517604881265 -6.177110469745294 -6.455212485142118 -6.738498419685592 -7.01782018076398 -7.180046356412126 -7.462112545274036 -7.677092721649869 -7.61641037399201 -7.643854651827223 -7.712160409994864 -7.618239992514358 -7.604822790017142 -7.475834684191643 -7.288298785651021 -7.1614452347682604 -6.8498002131283995 -6.43386693571473 -5.895654153724168 -5.693481307004767 -5.6788443588259865 -5.7559932731849734 -5.76971541210258 -5.8078324646514865
-0.7580853429723327 -0.4924857208115503 -0.12900150770517715 -0.2991560302834966 -0.9572088254878208 -1.3283164491039758 -1.127058411645749 -0.807789979496107 -0.7696729269471998 -0.7129547527544267 -0.37630494464248354 0.22929878625454592 -0.4924857208115503 -1.225857811852515 -2.424867816830923 -3.6946230713401014 -4.52161064344118 -5.030549529074182 -5.34890315196265 -5.594072033957218 -5.863635829583086 -6.1194774862913475 -6.404593039357169 -6.745207020934199 -7.064780389504232 -7.388012995118961 -7.699353080338431 -7.8634088745089255 -7.88414455109553 -7.817668411450237 -7.644769461088396 -7.48742226816651 -7.338003422174795 -7.225786819470814 -7.171203200220781 -7.0373361116690205 -6.665313678791691 -6.114598503565087 -5.90358250065434 -5.870344430831693 -5.8352767424867 -5.788316533746446 -5.7072034459223735
-0.1945628380892961 0.045727061179011486 0.34547956242361355 0.5467375998818405 0.3024835271484463 -0.11070532248170117 -0.3702062162346582 -0.4153368064525633 -0.21011459552924983 -0.45619828678499186 -0.6077516877194444 -0.5528631320490192 -0.7053313422446452 -1.1758482389083493 -1.8936685725093594 -2.8340924929959845 -3.7903731073429547 -4.684751628350501 -5.062567853215263 -5.320544064866264 -5.591022669753306 -5.706288636661199 -5.922183622298206 -6.214007776612636 -6.536325572966191 -6.889746884199654 -7.2434731318535075 -7.57737851218193 -7.678007530911043 -7.724967739651296 -7.666115010515784 -7.495350615096682 -7.356604543818662 -7.254145906567201 -7.155346506360435 -7.0763679734791 -6.886087647154959 -6.30975781261549 -6.010005311370888 -5.929807032807988 -5.881017205545388 -5.77459439482884 -5.641947051958645
0.7001206193386409 1.058420913298363 1.2547999680303308 1.6981775232792131 2.0564778172389353 1.877785074889661 1.1608795505498248 0.31224149260096645 -0.30007083954467006 -0.7129547527544267 -0.596773976585359 -1.0206356009292015 -1.1965839154949545 -1.3664335016528826 -1.2432391878148161 -1.5286596773010293 -2.827383891747377 -4.206306384756624 -4.7707436989008345 -5.012863216691489 -5.261996272151143 -5.336095822306218 -5.425137257060464 -5.594072033957218 -5.895654153724168 -6.268896332283061 -6.5549266946100575 -6.8028400043881465 -7.00104867764246 -7.192548749648168 -7.3575193530798355 -7.377035283984876 -7.353860116035141 -7.272747028211068 -7.155346506360435 -7.048008886382714 -6.832113900745707 -6.254259384104282 -5.81850523936518 -5.659328427920946 -5.60657442719326 -5.514788564655492 -5.428796494105159
0.8358173264127489 1.060250531820711 1.383483137435439 1.8347890396144946 2.236085368849384 2.076908557405149 1.4676455894634257 0.7675115682451077 -0.016784905001195227 -0.41442199719138983 -0.04910816556266884 -0.46809080718025076 -0.8712167549374872 -0.9416570680478666 -0.9017103969766129 -1.3996715714755292 -2.539218974477643 -3.3555337718650278 -4.597844748538994 -5.069581390884262 -5.26108146288997 -5.349817961223824 -5.31962925560509 -5.376042493377472 -5.460204945405458 -5.693481307004767 -5.9133404661068605 -6.216142331555375 -6.508881295130978 -6.796131403139539 -7.016905371502806 -7.230665802197075 -7.276711201676154 -7.234629975662161 -7.130951592729135 -7.01782018076398 -6.796131403139539 -6.346960055903223 -5.841985343735307 -5.569677120325918 -5.410500308881684 -5.331216839579958 -5.291270168508704
0.4226284767826005 0.5750966869782266 0.8425259276613559 1.137399446179698 1.5661400532498 1.6307865743727463 1.1102601047648761 0.5418586171555804 -0.11558430520796126 -0.17321728866190877 0.3387709611750056 -0.00397757534476284 -0.3888073378785242 -0.4866919288241167 -0.625133063681746 -1.138036122779834 -1.762850848161512 -2.833177683734811 -4.894852822000074 -5.32450823833135 -5.5599191548733975 -5.798074499198966 -5.781607932497839 -5.644691479742166 -5.641947051958645 -5.568457374644353 -5.75995744665006 -6.116428122087435 -6.513760277857238 -6.781494454960758 -6.8967604218686525 -7.101677696371574 -7.164189662551781 -7.103812251314313 -7.022699163490239 -6.982752492418985 -6.7744809172917595 -6.285362898984189 -5.765751238637494 -5.449532170691764 -5.254067925220971 -5.1360575305295555 -5.110442871216691
-0.023798442670194042 0.031090113000231234 0.005780390107757327 0.19026692444446525 0.40890633786499375 0.500692200402761 0.7117082033135089 0.3180352845884009 -0.08722521811157513 -0.248231648078157 -0.023798442670194042 -0.250061266600504 -0.5638408431831037 -0.5735988086356238 -0.6849006020784314 -0.8352342573313196 -1.5655569841683712 -3.2286802209822665 -5.432760667570245 -5.772764776306492 -6.01793365830106 -6.168267313553948 -6.20028563769503 -6.076481451016181 -5.9133404661068605 -5.806917655390313 -5.843814962257655 -6.193577036446422 -6.677816072027732 -6.907433196582346 -7.014770816560067 -7.120278818015441 -7.177911801469388 -7.026663336955326 -6.921155335499952 -6.766857506781978 -6.629026244765132 -6.186868435197814 -5.634018705028472 -5.313835463617656 -5.165331426887116 -5.047930905036484 -4.9884683030601895
-0.4415613386062116 -0.6379403933381784 -0.7315558743982935 -0.7336904293410322 -0.5226744264302852 -0.21407876899433642 0.0009014073814972434 0.12074142059525972 -0.11558430520796126 -0.2845190821047163 -0.482727755359031 -0.4747994084288578 -0.39368632060478426 -0.40252947679613094 -0.3458113026033578 -0.506207859729157 -1.7238189863514317 -3.5275179129656946 -5.911205911164122 -6.3372020904507025 -6.522603434048584 -6.38294255350939 -6.410386831344603 -6.299085037901795 -6.1310650702662155 -5.877053032080301 -5.881932014806561 -6.253039638422717 -6.746426766615764 -6.925119508965039 -6.989461093667593 -7.087040748192795 -7.019649799286327 -6.869316144033439 -6.689708592422991 -6.510101040812543 -6.464970450594637 -5.821554603569093 -5.384885649568819 -5.172954837396897 -5.027500164870269 -4.9601092159638025 -4.901561423248682
-1.0450305145605019 -1.36338413744897 -1.3185584836514557 -1.2932487607589818 -1.0938203418231023 -0.78430987512598 -0.5120016517165906 -0.3616679964637033 -0.3067794407932771 -0.20919978626807634 -0.43576754661877803 -0.11253494100404904 -0.00397757534476284 -0.22078737024294437 -0.1643741324705621 -0.17901108064934235 -1.420102311641743 -3.5354462598958674 -6.30487882988923 -6.793082038935626 -6.63603978243413 -6.454297675880944 -6.245416227912935 -6.134114434470128 -5.853877864130566 -5.580349895039612 -5.67975916808716 -6.054830965168402 -6.432952126453556 -6.444539710428423 -6.519859006265063 -6.640918765160391 -6.5735278162539235 -6.405507848618344 -6.22468055132633 -6.163388330827688 -5.967009276095721 -4.888754093592249 -5.181797993588244 -5.001275632716622 -4.915283562166288 -4.8478926132598215 -4.7893448205447005
-1.7415052987341242 -2.1671965416003136 -1.9339201800010049 -1.5012153994658166 -1.302091916950328 -1.1233991746010537 -0.8587143617014457 -0.6086664969806179 -0.5714642536928851 -0.18663449115912378 -0.21804294245942302 -0.0061121302875015715 -0.2521958215432427 -0.594944358063012 -0.6983178045756464 -0.6681290989569124 -1.168224828398568 -3.377184257712807 -6.674156834983037 -6.997389440597766 -6.579321608241358 -5.9904893804658474 -5.736477342279933 -5.4141595459263785 -5.125079819395471 -5.077509737814435 -5.269619682660925 -5.464169118870545 -5.589193051230958 -5.540403223968358 -5.669086393373466 -5.82551877703418 -5.947493345190681 -5.783437551020186 -5.614502774123432 -5.68463815081342 -4.99334728578645 -3.540325242622127 -4.540211765085047 -5.193690513983503 -5.030549529074182 -4.803066959462307 -4.768914080378487
-1.9601447121546527 -2.798109995389817 -2.6038654956005884 -1.9122696941532262 -1.4054653634629632 -1.2999573620075893 -1.078268584383148 -0.690694394065865 -0.49431533933389815 -0.23542431842172462 -0.40557884100004316 -0.7736371004122864 -1.1798124123734355 -1.6369121065399241 -1.7140610208989115 -1.5579335736585898 -1.7854161432704645 -3.727861141162748 -7.026663336955326 -7.207185697826948 -6.436611363498251 -5.603829999409738 -4.860699942916254 -4.486542955096186 -4.351761057283253 -4.461233232203712 -4.77470787236592 -4.681702264146589 -4.634132182565553 -4.589916401608821 -4.760985733448314 -5.0119484074303156 -5.1964349417670235 -5.264740699934665 -5.14185132251699 -5.07141100940661 -4.248387610770617 -3.1936125326372724 -4.625289026374206 -5.26596044561623 -5.0890973217893025 -4.842098821272388 -4.719819316695495
-1.5176819661669443 -2.6828440284819233 -3.1878187406498384 -2.909411788832624 -2.099805592693847 -1.3478323800090162 -0.9181769636777402 -0.8050455517125856 -0.7727222911511129 -0.6409897575420906 -0.5958591673241855 -0.7952875862600655 -0.9142127902126544 -1.2395799507701213 -1.6134320021697977 -1.902511728700706 -2.6663774617807956 -4.682922009828153 -7.761865046518638 -7.231580611458249 -6.489365364225938 -5.628224913041039 -4.771658508162008 -4.186790453851584 -3.9532091558318845 -3.9016749007857623 -4.1526375747677635 -4.01297669422857 -3.9846176071321833 -3.92789943293941 -3.9815682429282706 -4.155382002551285 -4.427995162381066 -4.689630611076761 -4.757936369244401 -4.540211765085047 -4.256011021280399 -4.048044382573564 -4.810690369972089 -5.000360823455448 -4.947606822727761 -4.814654543437174 -4.639925974552987
-1.7061326739687388 -2.001311128907472 -2.508115459597735 -2.9758879284779174 -2.8780033375323253 -2.221780160850348 -1.4493762079993036 -1.3118498824028482 -1.8342059705330653 -1.9942975912384733 -0.9221411371428268 -0.6525773415169587 -0.5870160111328389 -0.8791451018676595 -1.6564280374449645 -2.403522267403535 -3.044193686645558 -4.921077354153722 -8.56262808646607 -7.605737599278316 -6.640918765160391 -5.768800602841406 -4.827461873093608 -4.124278487671377 -3.75500048257757 -3.417130928784061 -3.3802336219167195 -3.407372963331541 -3.493365033881874 -3.6622998107786287 -4.024564278203438 -4.322487160925692 -4.488372573618534 -4.565521487977521 -4.538382146562699 -4.3166933689382585 -4.039201226382218 -4.064815885695083 -4.273697333663091 -4.3703621789271185 -4.401465693807027 -4.32431677944804 -4.150503019825025
-1.8741526416043195 -2.0354640079912922 -1.9601447121546527 -2.2071432126715678 -2.6087444783268485 -2.4922587657373896 -2.157438576147794 -1.8439639359855855 -2.5617842695865956 -2.9240487370114043 -1.313679500925196 -0.12137809719539572 -0.21011459552924983 -0.7355200478633792 -1.5597631921809372 -2.2278788892581733 -2.62612585428915 -3.5811867229545555 -7.287383976389847 -7.317572682008581 -6.57261300699275 -5.758127828127712 -5.008899043226403 -4.375241161653379 -3.9465005545832765 -3.5860657056808156 -3.3204660835200337 -3.2707614469962594 -3.2747256204613455 -3.4845218776905282 -3.9269846236782366 -4.273697333663091 -4.394757092558419 -4.351761057283253 -4.284370108376786 -4.2178939687314925 -3.945585745322103 -3.873315813689376 -3.79891132711391 -3.8175124487577765 -3.7903731073429547 -3.762928829507742 -3.6866947244099286
-1.4621835376557364 -1.6994240727201313 -1.7561422469129044 -1.7357115067466902 -2.0607737308837666 -2.7179117168269173 -2.7346832199484363 -2.610574096849196 -2.936856066667837 -3.43390243190558 -2.450482476143788 -1.1136412091485335 -0.2451822838742439 -0.583356774088144 -1.0011196700241611 -1.5814136780287162 -2.0491861469088986 -2.310821595604594 -4.122143932728639 -5.131178547803295 -5.172954837396897 -5.504115789941799 -4.99334728578645 -4.809775560710915 -4.452390076012366 -4.092870036371078 -3.629061740955982 -3.376269448451633 -3.43390243190558 -3.516845138252001 -3.465005946785488 -3.6973674991236227 -3.9172266582257165 -4.02761364240735 -3.8431271080706417 -3.561670792049515 -3.3665114829991127 -3.212213654281139 -3.1143290633355463 -3.135064739922152 -3.134149930660978 -3.2247160475171803 -3.1865989949682736
-0.9288497383914343 -1.1331571400535738 -1.4121739647115708 -1.4591341734518237 -1.702473436924044 -2.3821767179761473 -3.401579171344107 -3.4406110331541875 -3.157325098610713 -3.875145432211723 -3.748291881328962 -2.909411788832624 -1.7296127783388653 -0.7647939442209397 -1.1145560184097074 -1.6457552627312708 -2.2297085077805208 -1.7686446401489455 -1.8323763520107175 -2.4873797830111295 -3.3655966737379392 -4.1056773660275105 -4.803981768723481 -4.651513558527855 -4.687800992554413 -4.412443404941111 -3.9678461040106643 -3.690658897875015 -3.7034662275314476 -3.6985872448051875 -3.5080019820606543 -2.823419718282291 -2.982596529726525 -2.962165789560311 -2.7365128384707837 -2.138837454503927 -1.9513015559633065 -2.0110690943599923 -2.3196647517959406 -2.4004729031996224 -2.677965045755663 -2.788352029937297 -2.904532806106364
