static/data/ASCData/20210103/ASCV/12.asc
ncols 97
nrows 97
xllcorner 99.0
yllcorner 2.0
cellsize 0.25
NODATA_value -32767
[rows 76 to 94 of 97, columns 43 to 85 of 97]
-8.529681695545744 -8.398819220962327 -8.09710034697899 -7.521011385835369 -7.2681086259662955 -7.101957394191846 -7.021969544558836 -6.953450541012913 -6.775830463151378 -6.443822072579071 -6.053293159664966 -5.737752855781808 -5.311052966746894 -4.809070395704443 -4.258271710547728 -3.841276229740348 -3.5063271094021218 -3.3237077909385233 -3.1907868055189637 -3.0872731177585986 -3.019048187189267 -3.0708050310694497 -3.099918255752052 -2.9075945290609195 -2.6673369071852995 -2.4056119580184676 -2.0521362401549483 -1.7239507982783366 -0.8482014739875217 -0.8393792846897634 -1.3881194590103343 -1.9624439822944049 -2.0550769699208677 -1.7318907686463194 -1.1372752099774042 -0.3694506680958334 0.6303974523167835 1.5258496660392584 1.8275685400225958 1.7584613905234878 1.5796650207555851 1.145025161352689 0.6695091582035122
-8.333535020158916 -8.258252338151378 -7.958297902027592 -7.314866229244414 -7.097252226566375 -6.98785707927417 -6.906692937734793 -6.755245354789941 -6.573802328232711 -6.271789381272782 -5.890082657656436 -5.41927182213273 -5.013157041459253 -4.522055170550703 -4.06977093255229 -3.6557161815108303 -3.4163407785649857 -3.232839241171612 -3.0552191633100763 -2.964350613543165 -2.9028893614354483 -3.0316933251827205 -3.0540428714037087 -2.9311203671882753 -2.695861985914718 -2.5258878054445737 -2.1741765254406062 -1.323717477136698 -0.2503511125760953 0.013138274450288812 -0.7376300347889497 -1.5248633931255893 -2.0042023449704613 -1.6810161436959126 -1.1478618371347142 -0.383272097995655 0.19781610375003034 0.9577006752636192 1.512322309116029 1.7828694475806195 1.7037638168773865 1.4467440353360255 0.9850494620866703
-7.890072971458261 -7.801262932527493 -7.551300902424339 -7.035496901482066 -6.916397345962327 -6.8149421690381065 -6.732013589639178 -6.580566006694325 -6.365598660805613 -6.064762005752052 -5.737752855781808 -5.257237612030568 -4.8334784527615735 -4.34031807101688 -3.9250870280690524 -3.6098407971624864 -3.3695831752868664 -3.1860816378934924 -2.9925816192959918 -2.8978901208333854 -2.8646598744784955 -2.9222981778905166 -2.784672024845486 -2.644105142034536 -2.4114934175503064 -2.2415192370801615 -1.749535147241836 -0.865551779606446 -0.02185640976415293 0.23398707987083966 -0.17242177377922907 -0.9184849153929964 -1.521040444429894 -1.7180693387464978 -1.1849150321853 -0.6470555579986303 -0.15948256280918383 0.42248785786627696 1.2026634647647105 1.6061315886488599 1.4976186602864319 1.301471984899604 1.3199985824248968
-7.4351420766705205 -7.334275045699483 -7.1175432619512184 -6.880226369841518 -6.774948244221601 -6.729072859873258 -6.639086529036122 -6.471170859402122 -6.262084973045248 -6.007123702340031 -5.706581120263062 -5.24841542273281 -4.743492121924438 -4.250331740179745 -3.8706835273995424 -3.533675896225173 -3.2466606710714334 -3.07845092846084 -2.969055781168636 -2.894949391067466 -2.9320025861180508 -2.665572469325748 -2.3900260902590946 -1.880397621825252 -1.6489621892473907 -1.309013828307101 -0.7767417406756785 -0.39797574682525205 0.07195286976867799 -0.41444383351440095 -0.04155929919581336 -0.5755958246867872 -1.3831202184082714 -1.6157319428925008 -1.153743296666553 -0.6088260710416771 -0.3323974730452477 0.2730987857575684 0.8988860799452301 1.2261893028920658 1.1059134554659602 1.1706095103161882 1.235011492189824
-6.993444465829418 -6.983740057601883 -6.837291715259094 -6.762009033251556 -6.675257505156932 -6.642027258802042 -6.552040927964907 -6.375303069033147 -6.145926147291429 -5.887141927890516 -5.595127462134714 -5.1507831945042835 -4.645859893695913 -4.17710756900835 -3.775697955960344 -3.4348673760902786 -3.124326312809184 -2.881422034144236 -2.8099623008323933 -2.7805550031731987 -2.7767320544775034 -2.3344462976832165 -1.7424773958036295 -1.0384666898425108 -0.40473942528686724 -0.010093490700475272 0.10900606481926278 0.2592773558577477 -0.17624472247492484 -0.8208526871644706 -0.4467918609395154 -0.38709504669134986 -1.139039647836956 -1.1087501312479855 -0.6508785066943252 -0.4359111608056132 -0.3521003624769081 -0.07861249424639905 0.2622180856236671 0.6745083988055747 0.9135897287748271 0.934174837136263 1.0356300140604846
-6.544395030573516 -6.5102825652888505 -6.379420090705434 -6.337367655052786 -6.315018108831798 -6.3306039765911715 -6.240617645754035 -6.036530999999226 -5.799214107889525 -5.531607699190854 -5.208421497916305 -4.75731355182426 -4.310910773357686 -3.882152373486629 -3.5219129771614948 -3.2504836197671283 -2.933178878024419 -2.595289027920273 -2.3782631711954165 -2.2806309429668907 -2.230050390993076 -1.939800363096825 -1.1625654859643113 -0.1880076415386025 0.5551147703092454 0.7418511104451309 0.4751269206762361 0.015196785286431869 -0.4829628370603247 -0.8432022333854583 -0.7346893050230303 -0.4535555394011297 -0.44091040140767657 -0.16536402234102265 0.06313068047091885 -0.004212031168636443 -0.17330399270900543 -0.3050486862221975 -0.17330399270900543 0.2689817640852814 0.5756998786706813 0.767141386432038 0.9244704289087293
-6.23973542682426 -6.170334204348561 -6.071819757190259 -5.989773396721105 -5.9359580420047795 -5.930076582472941 -5.848030222003787 -5.59306895129857 -5.246650984873258 -4.86465018828032 -4.421188139579666 -4.049185824190854 -3.828631091746894 -3.6977686171634785 -3.4419251275284855 -3.0863908988288227 -2.695861985914718 -2.312096751462229 -1.9145100871099179 -1.6019105129926792 -1.337244834059928 -1.049347389976413 -0.6185304792692117 -0.3188701161220182 -0.03744227752352636 0.021960463748047054 -0.053028145282899786 -0.13507450575205215 -0.34710112187484565 -0.6508785066943252 -0.4964901939835542 -0.4426748392672275 -0.4038572063570909 -0.35504109224282754 -0.3129886565901794 -0.19477132000021768 -0.03567783966397453 -0.26299625056954845 -0.3421018812727823 -0.027737869295991757 0.2289878392687772 0.42925153632789215 0.5407051944562395
-5.688936741667545 -5.614830351566375 -5.619535519191846 -5.490731555444573 -5.367514978252548 -5.357810570025014 -5.294290807081153 -5.044328776977999 -4.700557467342015 -4.366784638910156 -3.918323349607438 -3.502504160706426 -3.0775687095310644 -2.6185207930710366 -2.2250511503910126 -1.8109963993495528 -1.597205345367208 -1.6704295165386025 -1.4634021410178724 -1.105809401482066 -0.7708602811438396 -0.6888139206746864 -0.7211619480998008 -0.5435418702382657 -0.41738456328032036 -0.2515274044824629 0.046368520805178726 0.1410600192677851 0.07577581846437287 -0.218297158127573 -0.19477132000021768 -0.16154107364532777 -0.31387087551995574 -0.5364841188000584 -0.6782272935173763 -0.8617288309107511 -0.7826232002075173 -0.5132523536492952 -0.3900357764572693 -0.10890201083536954 0.08459800776213111 0.19987461458617428 0.30132979151039585
-5.144901734972445 -4.99757117369988 -4.9525780082813124 -4.755255040988116 -4.6811486508869455 -4.663504272291429 -4.58351642265842 -4.399720812288454 -4.114764097970858 -3.8980323142225934 -3.4936819714086678 -2.9652328324729407 -2.3676765440381065 -1.8315815077109892 -1.4642843599476483 -1.0990457230204518 -0.9058397773995432 -0.8773146986701237 -0.7073405181999792 -0.47796359645826136 -0.44473335010337145 -0.7232204589359448 -0.5970631519779994 -0.3891535575274938 -0.3685684491660579 -0.35680553010237936 -0.08331766187187029 0.02990043411602894 -0.10478498916308165 -0.429147482343998 -0.6585244040857159 -0.656759966226165 -0.45737848809682546 -0.6597006959920844 -0.880255428436044 -1.0384666898425108 -1.0093534651599079 -0.7573329242206102 -0.4397341095013081 -0.11066644869492048 0.0446040829456269 0.006374595988673626 0.07783432930051681
-4.569694992758598 -4.371489806535627 -4.326496641117059 -4.197692677369787 -4.13329069549615 -4.068888713622514 -3.8695072354931748 -3.6889464278657202 -3.573669821041677 -3.3528210156211258 -3.1078582261200345 -2.604993436147807 -2.0891894352055336 -1.7933520207540359 -1.5269219039617328 -1.3969416483080925 -1.1819743024193805 -0.5453063080978167 -0.23270673398057884 0.09047946729396994 0.13635485164231387 -0.17624472247492484 -0.3188701161220182 -0.12654638943088603 -0.15271888434756953 -0.1565418330432644 -0.43796967164175715 -0.5091353319770073 -0.5600099569274146 -0.6155897495032923 -0.8187941763283266 -0.9437751913799035 -0.8011497977328101 -0.49443168314741026 -0.6761687826812333 -0.8226171250240224 -0.8626110498405266 -0.7211619480998008 -0.34416039210892624 -0.04155929919581336 -0.10890201083536954 -0.22006159598712483 -0.3753321276276722
-4.011250410210493 -3.846275470342411 -3.8392177189042043 -3.8548035866635777 -3.7368803230502072 -3.5139730067935124 -3.3157678205705405 -3.2122541328101755 -3.0990360368222762 -2.961409883777246 -2.779672784243423 -2.470013939892104 -2.2338733396887713 -2.017141555940507 -1.7895290720583406 -1.6607251083110683 -1.4251726540609195 -0.8061490383348735 -0.3462189029450693 0.12959117318069868 0.27898024528940724 0.2592773558577477 -0.05126370742334796 -0.19477132000021768 -0.2006527795320565 -0.2444696530442565 -0.533543389034139 -0.7835054191372937 -0.8949590772656411 -0.7826232002075173 -0.819676395258103 -0.926130812784387 -0.9173086234866288 -0.6352926389349527 -0.7396885456250937 -0.8899598366635777 -0.7602736539865296 -0.5864765248206893 -0.21917937705734847 -0.10478498916308165 -0.27681768046937005 -0.654701455390021 -0.8167356654921836
-3.62542666492186 -3.478096103649295 -3.417517070471354 -3.4369258869264225 -3.187846075753044 -2.959351372941102 -2.921415958960741 -2.817902271200376 -2.7123300726038675 -2.579409087184308 -2.4535458532029546 -2.3206248677833954 -2.3012160513283266 -2.158590657681233 -1.8509903241660575 -1.5698565585441568 -1.334304104294008 -1.0766961767994632 -0.7055760803404274 -0.34710112187484565 -0.13625079765841974 0.04048706127333901 -0.020091971904601102 -0.24564594495062408 -0.4973724129133297 -0.5414833594021218 -0.6526429445538771 -0.8470251820811541 -0.9214256451589158 -0.9320122723162259 -0.9202493532525482 -0.9702417592731791 -1.0043542245578445 -1.1772691347939093 -1.2816650414840498 -1.0581695792741712 -0.8167356654921836 -0.5141345725790707 -0.24652816388039955 -0.3218108458879376 -0.5979453709077758 -0.986709845962328 -1.2084408703126552
-3.469273914351536 -3.2972412230452477 -3.023753354814738 -2.8520147364850414 -2.566763949190854 -2.432078525911743 -2.440018496279725 -2.408552687784387 -2.2973931026326313 -2.082425756743919 -1.9106871384142226 -1.8618710242999592 -1.939800363096825 -1.820700807577087 -1.6548436487792295 -1.3704750804148178 -1.122571561147807 -0.8296748764622288 -0.8470251820811541 -0.8343800440877001 -0.5785365544527066 -0.5444240891680412 -0.24152892327833708 -0.46237772869888794 -0.7805646893713742 -0.8696688012787339 -0.9076042152590942 -0.9273071046907546 -0.750569245758995 -0.9623017889051964 -1.0064127353939885 -1.1019864527863712 -1.4651665788774242 -1.6216134024243396 -1.470165819479487 -1.179033572653461 -0.8432022333854583 -0.5200160321109095 -0.48766800468579596 -0.6702873231493944 -0.8920183474997216 -1.0581695792741712 -1.276665800881987
-3.350174358831798 -3.1302077723410227 -2.7602639677883545 -2.470013939892104 -2.202701604170025 -2.0365503723955753 -1.9036293869760157 -1.8559895647681204 -1.7024834709871248 -1.4739887681751824 -1.2640206628885333 -1.124335999007359 -1.0843420741908538 -1.105809401482066 -1.1087501312479855 -0.9711239782029546 -0.775859521745903 -0.7211619480998008 -0.7835054191372937 -0.9320122723162259 -0.8040905274987296 -1.0190578733874425 -0.6635236446877792 -0.5406011404723463 -0.33445598388139164 -0.4662006773945837 -0.6020623925800628 -0.5794187733824829 -0.6929309423469743 -0.9905327946580229 -0.9681832484370352 -1.0337615222170395 -1.3813557805487195 -1.4204674864354483 -1.2366718760654822 -1.0296445005447525 -0.7661551135183684 -0.7064582992702038 -0.8108542059603447 -0.9008405367974799 -0.8852546690381065 -0.9487744319819669 -1.049347389976413
-3.036692565784784 -2.851132517555266 -2.6352829527367776 -2.38032168203156 -2.135064819553877 -1.8559895647681204 -1.574561726169628 -1.3451848044279102 -1.1528610777367776 -0.9408344616139841 -0.7561566323142426 -0.596180933048224 -0.562950686693334 -0.6841087530492151 -0.763214383752449 -0.8452607442216022 -0.8490836929172971 -0.7232204589359448 -0.5991216628141434 -0.7132219777318181 -0.8061490383348735 -0.9143678937207094 -0.836438554923844 -0.5082531130472319 -0.018915679998233514 0.23104635010492025 0.2933898211424131 0.25751291799819587 -0.33739671364731105 -1.0522881197423324 -0.7720365730502072 -0.8814317203424116 -0.9808283864304892 -0.9496566509117432 -0.930247834456674 -0.8861368879678828 -0.8167356654921836 -0.8284985845558612 -0.8970175881017841 -0.8276163656260849 -0.761155872916305 -0.7552744133844662 -0.8696688012787339
-2.572645408722693 -2.382380192867704 -2.3285648381513777 -2.202701604170025 -1.9856757474451685 -1.760121774399146 -1.456344389579666 -1.139039647836956 -0.9173086234866288 -0.8137949357262642 -0.7211619480998008 -0.6155897495032923 -0.581477284218626 -0.6244119388010505 -0.9623017889051964 -1.274901363022435 -1.2152045487742704 -0.9096627260952381 -0.7776239596054548 -0.7690958432842878 -0.8108542059603447 -0.48590356682624414 -0.10890201083536954 0.0981253646853606 0.1725258277631232 0.10018387552150454 0.09047946729396994 0.10018387552150454 -0.157718124949632 0.2592773558577477 0.20075683351594975 0.0016694283632023854 -0.46237772869888794 -0.8187941763283266 -1.007294954323764 -0.9770054377347934 -0.9058397773995432 -0.930247834456674 -0.8920183474997216 -0.7561566323142426 -0.6752865637514569 -0.7241026778657202 -0.8958412961954165
-2.279748724037115 -2.1059515948712746 -1.9553862308561984 -1.8274644860387017 -1.673370246304522 -1.4945738765366188 -1.2640206628885333 -1.0308207924511201 -1.0043542245578445 -0.999354983955782 -0.9214256451589158 -0.7376300347889497 -0.7485107349228519 -0.9320122723162259 -1.3254819149962498 -1.3128367770027962 -1.135216699141261 -0.8714332391382849 -0.6050031223459822 -0.5491292567935124 -0.3823898790658786 0.12753266234455563 0.1451770409400721 0.2631003045534426 -0.25740886401430174 -0.5979453709077758 -0.8267341466963094 -0.9905327946580229 -0.4935494642176348 0.4410144553915698 0.5407051944562395 0.4574825420807187 -0.16830475210694207 -0.8705510202085094 -1.1587425372686164 -1.1410981586731 -1.0111179030194597 -0.8255578547899418 -0.7232204589359448 -0.7014590586681404 -0.6976361099724455 -0.8226171250240224 -1.0355259600765914
-2.2103475015614156 -2.0697806187504653 -1.6780754139299932 -1.3275404258323933 -1.1634477048940877 -1.1360989180710366 -0.9193671343227727 -0.7846817110436612 -0.7788002515118224 -0.8899598366635777 -1.0716969361974007 -1.1575662453622488 -0.9770054377347934 -1.2005008999446725 -1.4087045673717706 -1.2972509092434232 -0.9231900830184676 -0.6626414257580038 -0.3588640409385233 -0.4906087344517154 -0.39503501705933264 -0.4397341095013081 -0.5844180139845463 -0.7258671157252721 -1.0355259600765914 -0.8423200144556828 -0.8596703200746072 -1.016117143621523 -0.443851131173596 -0.0903754133100767 0.2057560741180131 0.31779787819954475 -0.08919912140370911 -0.7523336836185468 -1.105809401482066 -1.1146315907798243 -0.91142716395479 -0.7582151431503856 -0.6597006959920844 -0.5835357950547699 -0.5570692271614952 -0.7426292753910131 -0.9575966212797251
-2.0647813781484023 -1.972148390521939 -1.5627988071059504 -1.0649332577357855 -0.8929005664294971 -0.9340707831523698 -0.8461429631513777 -0.7073405181999792 -0.6449970471624864 -0.7317485752571109 -0.9673010295072597 -1.2563747654971427 -1.1566840264324725 -1.2416711166675451 -1.4369355731245972 -1.292545741617952 -0.9084864341888705 -0.5032538724451685 -0.335338202811168 -0.5511877676296564 -0.6205889901053556 -0.7358655969293979 -1.0531703386721079 -1.0120001219492352 -0.8587881011448317 -0.6967538910426692 -0.4085623739825621 -0.15271888434756953 -0.22506083658918818 -0.3626869896342182 -0.3147530944497312 -0.0012713014027170289 -0.16948104401330966 -0.3412196623430068 -0.6938131612767497 -0.8696688012787339 -0.7173389994041051 -0.6311756172626657 -0.47502286669234195 -0.30710719705834055 -0.274759169633227 -0.4759050856221174 -0.7855639299734367
