static/data/ASCData/20210103/ASCV/15.asc
ncols 97
nrows 97
xllcorner 99.0
yllcorner 2.0
cellsize 0.25
NODATA_value -32767
[rows 19 to 37 of 97, columns 42 to 83 of 97]
-3.66875650521344 -2.8668901029809772 -1.9683146715189657 -2.0562319708185552 -1.4117072180222543 -1.2292030312003477 -1.1315845126677 -1.5963335465513921 -2.519162026096049 -3.092443450149579 -3.136402099799374 -3.3189062866212806 -3.456845497591326 -3.6793672137495976 -3.8561113016518758 -4.027095290634525 -4.086515258437007 -4.085605769133908 -4.100157597983495 -4.102279739690727 -4.31115911630251 -4.72831154332401 -5.2779462454969615 -5.743907931784785 -6.236851134064553 -6.589429820566011 -6.941099017764368 -7.211520503885865 -7.474362912481533 -7.641405781150754 -7.969428256468532 -8.31503419164623 -8.622744739194793 -8.861030936606785 -8.921663556813396 -8.852239206676824 -8.406892611259249 -8.126769905904695 -8.034911486291675 -7.813299259436503 -7.184235824792888 -6.225330936225297
-3.6384401951101335 -2.6774131648353103 -1.5056877793425052 -1.4138293597294855 -1.5796595759945733 -1.3747213196962198 -1.456575356975148 -2.015304952179091 -2.8238409426342814 -3.4107647062343 -3.6811861923557956 -3.9985979591374177 -4.359058886265735 -4.596435594374626 -4.7710575405696725 -4.883531051052941 -4.97538947066596 -4.97629895996906 -5.020257609618854 -5.247629935393655 -5.52987478245544 -5.9791624981864455 -6.469377232556916 -6.888348638184615 -7.0944995468871 -7.377653883251986 -7.560158070073892 -7.791774679263155 -7.99095283664188 -8.15193244329044 -8.369906712933215 -8.578786089544998 -8.842537987443766 -8.961681086149762 -8.97138230538282 -8.722485399434671 -8.275926151612964 -8.00368568688527 -7.797534778182783 -7.536814511294345 -7.117843105666647 -6.507575783287082
-3.7457599328758393 -2.540686606269397 -1.5444926562747376 -1.5857228380152346 -1.707594404630528 -1.7506435649772234 -2.199931280708229 -2.731982523021262 -3.3589238159576453 -3.9215945314750185 -4.367850616195693 -4.8022833399760785 -5.12666785808146 -5.403152606223618 -5.567163843882508 -5.7223833516114375 -5.883362958259997 -6.002506056965992 -6.144083225148434 -6.381459933257326 -6.751622079618701 -7.057210485460033 -7.380685514262316 -7.655048120697241 -7.7848019279393945 -7.913646245878448 -8.066137285698082 -8.203773333567094 -8.39506925031896 -8.543619169825162 -8.657002169611529 -8.749770078527648 -8.900138976640049 -8.981993013918977 -8.877704907163602 -8.614862498567932 -8.266224932379906 -8.035820975594774 -7.836642818216049 -7.67263158055716 -7.527113292061287 -7.41069866126459
-3.25463570920227 -2.235098200428065 -1.4362634292059329 -1.5329724584354811 -2.1471809011284755 -2.5934369858491504 -2.969359231130154 -3.476247936057442 -4.066203330667792 -4.594313452667395 -5.082709208431666 -5.509562854686225 -5.832734720387474 -6.046464706615787 -6.1716710673424435 -6.36205749479121 -6.598221550495969 -6.794671239965397 -7.109051375736687 -7.357038792381736 -7.588655401571 -7.8045075295065445 -7.940021435668325 -7.970337745771632 -8.05522341406089 -8.109186446044777 -8.225297913740441 -8.410833731572678 -8.609102399648304 -8.673372977067315 -8.74097834859769 -8.806461578420832 -8.87164164514294 -8.894075714619389 -8.775235779014425 -8.49784154156917 -8.332617651506148 -8.13919959304705 -8.035820975594774 -7.960636526538574 -7.98307059601502 -8.146172344370811
-2.283907459694389 -1.816126794800366 -1.330762670046425 -1.790661094313588 -2.7838234132979167 -3.2273510301092942 -3.7800173632925755 -4.287815557522963 -4.750745612800458 -5.278855734800061 -5.692067041508131 -6.059197556859176 -6.366908104407739 -6.507575783287082 -6.613986031749689 -6.829838159685233 -7.066002215389992 -7.357038792381736 -7.67263158055716 -7.8884837084927035 -8.069168916708412 -8.174366512766886 -8.156783052906968 -8.13434898343052 -8.140412245451182 -8.194072114334036 -8.314124702343129 -8.500570009478466 -8.566962728604707 -8.604251790031775 -8.698838677554093 -8.764321907377235 -8.81525330835079 -8.757652319154507 -8.638509220448512 -8.533008461289004 -8.366875081922885 -8.32291643227309 -8.275926151612964 -8.284717881542923 -8.383549052479703 -8.516334490732186
-1.3425860309867148 -0.9724238846253401 -1.2516371006767946 -2.092611542942523 -2.7359236433346923 -3.0894118191392486 -3.8091210209917503 -5.045723310105632 -5.5083502022820925 -5.831825231084375 -6.257466224934801 -6.479078451789974 -6.701903331049278 -6.8052819485015545 -6.891380269194945 -7.120874736676978 -7.387355102485044 -7.679301168779887 -7.925469606818738 -8.138290103743952 -8.267134421683005 -8.307455114120403 -8.273197683703666 -8.234999132973499 -8.231967501963169 -8.297450731786311 -8.417806482896438 -8.41871597219954 -8.426598212826399 -8.482986549618548 -8.610921378254503 -8.685196338007604 -8.743706816506986 -8.678526749784877 -8.5769671109388 -8.47025369937516 -8.47631696139582 -8.457824012232804 -8.498751030872269 -8.559383651078882 -8.622744739194793 -8.512393370418756
-0.287881602492674 -0.37761788039846156 -0.7495990053660355 -1.6891014554675108 -2.027128313119381 -2.4958184673165027 -4.40210804661243 -5.723292840914537 -6.1304408856019466 -6.383582074964558 -6.664614269622211 -6.882588539264987 -6.94018952846127 -6.970505838564576 -7.09146791587677 -7.1675618542360695 -7.443137113075128 -7.772069077696006 -8.027938734967915 -8.208623943183623 -8.337468261122677 -8.40204200164272 -8.39719139202619 -8.351110600669164 -8.350201111366065 -8.406892611259249 -8.384458541782802 -8.349291622062966 -8.345350501749536 -8.40204200164272 -8.508452250105327 -8.64426931936814 -8.675495118774545 -8.612134030658636 -8.533917950592103 -8.533008461289004 -8.551501410452023 -8.591518939788386 -8.653061049298099 -8.680345728391075 -8.615771987871032 -8.440240552372886
-0.15873412145258747 -0.3033429206453606 -0.844489055989385 -1.6784907469313533 -2.213573620254717 -3.478066914663641 -5.447111255873413 -6.372668203327367 -6.697962210735849 -6.861063959091639 -7.032047948074289 -7.116933616363547 -7.184235824792888 -7.164833386326772 -7.205760404966236 -7.244868444999502 -7.496796981957981 -7.82876057758919 -8.070078406011511 -8.234089643670401 -8.337468261122677 -8.457824012232804 -8.490868790245408 -8.485108691325781 -8.47813594000202 -8.39810088132929 -8.32200694296999 -8.342318870739206 -8.40204200164272 -8.415684341189207 -8.485108691325781 -8.62850483811442 -8.581817720555328 -8.551501410452023 -8.589396798081156 -8.618803618881362 -8.629717490518553 -8.678526749784877 -8.690046947624133 -8.668522367450786 -8.543619169825162 -8.281079924330527
-0.03474041313006282 -0.2602937602986648 -0.9763650049387698 -1.6675768752941629 -3.24372183756508 -5.3931482238895265 -6.84135835752449 -7.184235824792888 -7.144218295456524 -7.236986204372642 -7.292768214962726 -7.253660174929461 -7.329754113288761 -7.3600704233920675 -7.331876254995992 -7.348247062451778 -7.5592485807707925 -7.833611187205719 -8.076747994234239 -8.291690632866683 -8.382639563176603 -8.510574391812558 -8.536949581602435 -8.467525231465862 -8.365056103316686 -8.295631753180114 -8.327767041889619 -8.411743220875778 -8.462674621849333 -8.535736929198302 -8.512393370418756 -8.441150041675986 -8.517243980035285 -8.64911992898467 -8.72521386734397 -8.729154987657399 -8.687318479714836 -8.621835249891694 -8.563021608291278 -8.513302859721856 -8.298663384190444 -8.027938734967915
-1.248605469666464 -1.4929549290991164 -1.5632887685387877 -2.369702617286747 -6.035853998079629 -7.528932270667486 -7.541665120910874 -7.575013062024512 -7.536814511294345 -7.503466570180708 -7.498615960564179 -7.477091380390831 -7.444956091681327 -7.463449040844344 -7.499828612968312 -7.50952983220137 -7.661717708919969 -7.929410727132168 -8.198922723950565 -8.361114983003255 -8.433267801049126 -8.562112118988178 -8.562112118988178 -8.525126220662145 -8.49390042125574 -8.466615742162762 -8.510574391812558 -8.595460060101816 -8.678526749784877 -8.747647936820417 -8.662762268531157 -8.632445958427851 -8.698838677554093 -8.81222167734046 -8.941975484582613 -8.989875254545836 -8.916812947196867 -8.821013407270419 -8.817981776260087 -8.658821148217728 -8.267134421683005 -7.964577646852003
-2.0847293023156634 -2.271174609451 -2.4800539860627833 -4.00375173185498 -7.74872551891646 -8.40022302303652 -8.240759231893128 -8.042793726918536 -8.00065405587494 -7.834520676508818 -7.799353756788982 -7.685364430800549 -7.654138631394143 -7.57380040962038 -7.589564890874099 -7.6168495699670755 -7.739024299683401 -7.993984467652211 -8.260464833460277 -8.425385560422265 -8.604251790031775 -8.690046947624133 -8.681255217694176 -8.650938907590868 -8.65609268030843 -8.731277129364631 -8.789787607864014 -8.873763786850173 -8.985024644929307 -8.976232914999349 -8.916812947196867 -8.931364776046454 -8.940156505976415 -9.12266069279832 -9.312137630943987 -9.345485572057626 -9.255446131050803 -9.199967283561753 -9.205727382481381 -8.98714678663654 -8.64214717766091 -8.299572873493542
-1.9155642919392122 -3.7096835238529042 -5.4195234136794035 -7.515289931120998 -9.107199374645635 -9.255446131050803 -8.81131218803736 -8.505420619094995 -8.257433202449945 -8.096453595801387 -8.041581074514403 -7.885452077482373 -7.825728946578859 -7.65686709930344 -7.66080821961687 -7.7205313505203845 -7.855135767379066 -8.091602986184858 -8.342318870739206 -8.54846977944169 -8.74491946891112 -8.805248926016699 -8.88740612639666 -8.861940425909882 -8.862849915212982 -8.956830476533232 -9.059299604682408 -9.141153641961338 -9.177533214085305 -9.163890874538819 -9.189053411924561 -9.23028359366506 -9.29455417108407 -9.51616639793924 -9.661684686435114 -9.675327025981602 -9.629549397725608 -9.684118755911562 -9.70958445639834 -9.522229659959903 -9.29061305077064 -8.981083524615878
-3.5835676738231483 -5.516232442908953 -7.928501237829069 -9.645313878979328 -10.03002785419029 -9.482212130623537 -9.050507874752451 -8.697929188250994 -8.447819629898714 -8.216506183810482 -8.103123184024115 -7.996712935561509 -7.908795636261919 -7.747816029613361 -7.713558599196624 -7.75660775954332 -7.932442358142499 -8.168606413847257 -8.409924242269579 -8.625776370205124 -8.862849915212982 -8.96835067437249 -9.075973575239228 -9.132361912031378 -9.144185272971669 -9.144185272971669 -9.246654401120846 -9.244835422514647 -9.270301123001424 -9.30637753202436 -9.37943983937333 -9.431280729649984 -9.542541587729119 -9.758393715664663 -9.986978693843596 -10.001530522693184 -9.962725645760951 -9.95575289443719 -10.136438102652898 -10.022145613563431 -9.839641426741526 -9.488881718846265
-5.414672804062874 -7.161801755316441 -9.127511302414849 -10.10218067223616 -10.067013752516324 -9.597414109016103 -9.152977002901627 -8.799488827097072 -8.465403089758631 -8.2331801543673 -7.990043347338782 -7.912736756575349 -7.790562026859023 -7.7205313505203845 -7.675360048466457 -7.758426738149518 -7.935170826051796 -8.186189873707175 -8.427507702129498 -8.697929188250994 -8.936215385662983 -9.123570182101421 -9.257568272758036 -9.341544451744195 -9.339422310036964 -9.339422310036964 -9.270301123001424 -9.269088470597293 -9.313047120247088 -9.403086561253907 -9.475239379299778 -9.511315788322712 -9.638341127655568 -9.93422831426384 -10.162813292442774 -10.279834249441539 -10.239816720105175 -10.129465351329138 -10.333797281425424 -10.228296522265918 -9.980309105620869 -9.471298258986348
-6.726156379131924 -8.46934421007206 -9.513437930029944 -10.181306241605792 -10.117945153489881 -9.659865707828915 -9.157827612518156 -8.771294658700995 -8.436299432059457 -8.042793726918536 -7.776010198009436 -7.642315270453853 -7.516199420424098 -7.534995532688147 -7.553488481851165 -7.678391679476788 -7.9624555051447725 -8.213474552800152 -8.496628889165036 -8.785846487550582 -9.009580856112986 -9.219369722027869 -9.383380959686757 -9.44492306919647 -9.412787780486966 -9.280002342234482 -9.21148748140101 -9.223310842341299 -9.263328371677664 -9.428552261740686 -9.463416018359489 -9.531021389889862 -9.785678394757639 -10.117945153489881 -10.361081960518401 -10.478102917517164 -10.290748121078728 -10.176455631989263 -10.163722781745873 -9.949992795517561 -9.436131339266513 -8.202863844263995
-7.848466179156339 -8.96744118506939 -9.926346073636982 -10.378665420378319 -10.084597212376243 -9.623789298805981 -9.295463660387169 -8.89043775740699 -8.382639563176603 -7.936080315354895 -7.6119989603505465 -7.418580901891449 -7.325812992975331 -7.396146832415003 -7.4655711825515745 -7.75266663922989 -8.021269146745187 -8.286840023250154 -8.585758840868758 -8.881646027477032 -9.108108863948733 -9.272120101607623 -9.422488999720024 -9.437343991670645 -9.273029590910722 -9.152977002901627 -9.112959473565262 -9.126601813111751 -9.226342473351629 -9.38459361209089 -9.405815029163206 -9.642282247968998 -9.986978693843596 -10.28983863177563 -10.458700479051048 -10.258612832369224 -10.03184683279649 -9.798411245001027 -9.62560827741218 -9.04656675443902 -7.732051548359641 -6.090423356265582
-8.801307805703269 -9.646223368282428 -10.071864362132853 -10.313182190555175 -10.155840541119014 -9.834790817124997 -9.39338534202085 -8.829805137200378 -8.293509611472881 -7.885452077482373 -7.5904743801771986 -7.504679222584841 -7.398268974122233 -7.415852433982152 -7.586533259863769 -7.898184927725762 -8.207714453880524 -8.484199202022682 -8.729154987657399 -8.945916604896043 -9.185112291611134 -9.316988240560516 -9.425520630730354 -9.403996050557007 -9.243925933211546 -9.094466524402247 -9.05535848436898 -9.149945371891297 -9.31425977265122 -9.410968801880767 -9.51616639793924 -9.79750175569793 -9.948780143113428 -10.189188482232652 -10.111881891469219 -9.832668675417764 -9.468569791077051 -9.21057799209791 -8.605161279334874 -7.484064131714591 -5.408912705143246 -2.867799592284076
-9.447045210903703 -10.02699622317996 -10.458700479051048 -10.514482489641132 -10.090660474396905 -9.681390288002262 -9.018372586042945 -8.39719139202619 -7.9148588982825805 -7.6168495699670755 -7.5543979711542635 -7.562280211781124 -7.560158070073892 -7.683242289093317 -7.807235997415842 -8.111005424650976 -8.453882891919374 -8.73794671758736 -8.953798845522902 -9.129633444122081 -9.300617433104732 -9.469479280380149 -9.650164488595857 -9.509496809716515 -9.251505010737375 -9.098407644715675 -9.13751568474894 -9.280002342234482 -9.38641259069709 -9.46462867076362 -9.672598558072306 -9.858134375904541 -9.956662383740289 -9.889360175310948 -9.547695360446681 -9.078702043148525 -8.673372977067315 -8.252582592833416 -7.414639781578019 -5.749668030704414 -3.283739366901445 -0.47614588823420867
-9.962725645760951 -10.290748121078728 -10.375633789367988 -10.231024990175214 -9.714435066014868 -9.225129820947497 -8.56908487031194 -8.010355275107997 -7.611089471047447 -7.384323471474713 -7.460720572935045 -7.583804791954471 -7.802385387799313 -8.013386906118328 -8.136471125137753 -8.39901037063239 -8.693988067937564 -8.997757495172698 -9.308196510630559 -9.562247189296269 -9.608024817552261 -9.770217076604952 -9.839641426741526 -9.598323598319203 -9.38247147038366 -9.250595521434274 -9.283943462547914 -9.403086561253907 -9.467357138672918 -9.610146959259492 -9.752633616745033 -9.902093025554336 -9.969395233983677 -9.615907058179122 -9.152067513598528 -8.697929188250994 -8.244700352206557 -7.5064982011910395 -6.449974794090799 -4.788641000429591 -2.4909678576999736 0.0919817631017592
