static/data/ASCData/20210103/ASCV/18.asc
ncols 97
nrows 97
xllcorner 99.0
yllcorner 2.0
cellsize 0.25
NODATA_value -32767
[rows 19 to 37 of 97, columns 43 to 85 of 97]
-3.1618415872451817 -1.7917530410880929 -1.5064862492141518 -1.537871811283071 -1.9225780077318069 -2.5533967305031586 -3.497760325824409 -4.599362479629553 -5.218372773107648 -5.422534300625273 -5.835518577749966 -6.072930156172287 -6.182313501204561 -6.220535522337998 -6.317178193659126 -6.358196948046229 -6.396108221040369 -6.569194934628371 -6.7282979819480415 -6.930284272490592 -7.241964656204714 -7.503614589492141 -7.7009396579452485 -7.89142826733384 -7.969426050297194 -8.049599070235622 -8.090617824622726 -8.128529097616864 -8.084713609976095 -8.19409695500837 -8.365940676039187 -8.627590609326614 -8.84822178822694 -9.001731369039277 -9.184140526806168 -9.141257283583286 -9.313101004614104 -9.386437565488013 -9.23510322165075 -8.85630123984864 -8.412863645072918 -8.036858396524476 -7.969426050297194
-2.903920631629309 -1.6627925632801563 -1.585727024734691 -2.2271111842421147 -2.725240451533975 -3.4138583282144266 -4.193214661569377 -5.067038429270383 -5.600282236302718 -5.917556086524171 -6.284860387172317 -6.65496142107413 -6.8482467637163875 -6.989947915235469 -7.025062454975943 -6.979071730360101 -6.897034221585896 -6.929352028072704 -7.024130210558055 -7.202810390653388 -7.342336305197397 -7.500817856238475 -7.603364742206232 -7.559238506426167 -7.651219955657852 -7.67856579191592 -7.7195845463030235 -7.867811408747325 -7.9371082438103855 -8.09838652810513 -8.446113695977616 -8.77985719758177 -9.063259500619932 -9.195016711681536 -9.163631149612616 -9.13535306893666 -9.1978134449352 -9.06512398945571 -8.855058247291456 -8.538716641487891 -8.228279250330957 -8.256557331006913 -8.30037281864768
-2.86010514398854 -1.5729863510235456 -1.5241988931540367 -2.7134320222407187 -3.457673815855195 -4.194146905987266 -4.923472788915523 -5.503639564981589 -5.984056188333565 -6.3833675473292235 -6.765277010524294 -7.030034425204683 -7.282983410591816 -7.431210273036119 -7.427481295364565 -7.340471816361619 -7.217415553200311 -7.144389740465696 -7.172667821141654 -7.302560543367479 -7.341404060779508 -7.390191518649017 -7.4722290274232215 -7.4722290274232215 -7.567007209908573 -7.66955409587633 -7.810323002977523 -8.030954181877847 -8.175452066650596 -8.341391573034784 -8.664880386042162 -9.15990217194106 -9.516330287713838 -9.562321012329681 -9.516330287713838 -9.460706370779814 -9.383640832234349 -9.099306284778294 -8.733244976687333 -8.364076187203409 -8.131636579009827 -8.143134260163787 -8.16768336316819
-2.900191653957754 -1.9499238439898754 -1.8765872831159642 -3.493720600013558 -4.348277983078197 -4.985933164914067 -5.505504053817367 -6.043719831078441 -6.409781139169404 -6.799459305846879 -7.096534527014077 -7.299453061974517 -7.471296783005333 -7.558306262008278 -7.572911424555201 -7.429345784200342 -7.293548847327888 -7.2798759291988535 -7.282983410591816 -7.325866653814696 -7.379626081912945 -7.376518600519983 -7.433385510011193 -7.514490774367509 -7.7556313304613855 -7.915666622198946 -8.211498850808958 -8.436169755520135 -8.499562375936566 -8.61795741700843 -8.908817675389704 -9.315276241589178 -9.655856202257848 -9.75374186613616 -9.699050193620025 -9.576926174876604 -9.376804373169831 -9.005460346710834 -8.589679336332473 -8.243816657295767 -8.07290518068284 -8.025049967231219 -7.964454080068454
-3.219329993014985 -2.63823097253103 -2.862901877242206 -4.211548801787855 -4.9635592988847375 -5.634464531625303 -6.154967664946493 -6.472241515167946 -6.839545815816093 -7.045571832169495 -7.22331976784694 -7.352280245654876 -7.443950946747265 -7.492738404616773 -7.498642619263402 -7.354144734490654 -7.311261491267773 -7.297588573138739 -7.36191343797306 -7.387394785395351 -7.453894887204744 -7.4653925683587055 -7.553334291779539 -7.778005196490715 -8.02007799700248 -8.322125188398417 -8.61795741700843 -8.744742657841293 -8.782032434556843 -8.839520840326646 -9.023172990650718 -9.345418811100911 -9.454802156133184 -9.552377071872202 -9.508561584231433 -9.387369809905902 -9.148093742647804 -8.790733382457137 -8.456679132713687 -8.22051054684855 -8.051463559071399 -7.894225000587506 -7.83362911342474
-2.6773852380823557 -2.7886330719504064 -3.317215656893298 -4.013291488916859 -4.428451003016625 -5.272132201205896 -6.625751095980284 -6.943957190619627 -7.04184285449794 -7.255637574333748 -7.179504280206171 -7.205917872046351 -7.245693633876268 -7.278011440363077 -7.3053572766211445 -7.324934409396808 -7.280808173616743 -7.352280245654876 -7.441154213493599 -7.540593618068393 -7.587516587102124 -7.654948933329407 -7.819023950877817 -8.058300018135917 -8.311249003523049 -8.61391769119758 -8.844492810555383 -8.93150228955833 -8.993962665556872 -9.030009449715235 -9.113911447325219 -9.202785415163941 -9.26617803558037 -9.175439578905872 -9.131624091265103 -9.04275012342638 -8.806270789421948 -8.622618639097874 -8.428401052037728 -8.2574895754248 -8.044627100006881 -7.838601083653479 -7.688198984234104
-1.6655892965338226 -1.9148093042494012 -2.5757705965324877 -2.7634624726674115 -3.262523984377161 -5.526013431010918 -7.002688588946615 -7.19690617600676 -7.200945901817612 -7.165831362077137 -7.08969806794956 -6.96850629362403 -6.8883332736856016 -7.023197966140167 -7.098399015849854 -7.13755328140118 -7.280808173616743 -7.391434511206201 -7.572911424555201 -7.729217738621206 -7.858178216429143 -7.947052184267865 -8.080673884165245 -8.200933414072887 -8.44487070342043 -8.695955199971785 -8.92746256374748 -9.092469825713778 -9.162698905194727 -9.172642845652206 -9.188180252617016 -9.158969927523172 -9.063259500619932 -8.954808400005547 -8.866866676584714 -8.764319790616955 -8.670473852549495 -8.576938662621329 -8.47035205084272 -8.261529301235653 -8.061096751389583 -7.794785596012711 -7.618902149171044
-1.069885113502945 -1.567082136376917 -2.3054197153447653 -2.7771353907964462 -4.174569773211603 -6.509531291883494 -7.400135459106496 -7.419712591882159 -7.195973931588871 -7.0113895368469095 -6.820900927458319 -6.691008205232494 -6.532837402330712 -6.7683844919172556 -6.921583324590298 -7.152158443948103 -7.367817652619688 -7.5163552632032875 -7.673593821687181 -7.88148432687636 -8.117963660880793 -8.205905384301627 -8.277998952618352 -8.371844890685814 -8.489929183618383 -8.71056036251871 -8.99675939881054 -9.227334518168343 -9.240075191879487 -9.211486363064235 -9.172642845652206 -9.026901968322273 -8.938338748622847 -8.87277089123134 -8.802541811750393 -8.759347820388218 -8.699994925782637 -8.64126352745565 -8.5710344479747 -8.368737409292851 -8.049599070235622 -7.6608531479760344 -7.316233461496513
-0.6587653252140293 -1.3250093358651518 -1.9061083563491064 -3.6344895071147514 -6.063296963854104 -7.6794980363338095 -7.771168737426198 -7.2944810917457765 -7.01045729242902 -6.754711573788221 -6.507666803047716 -6.509531291883494 -6.526933187684083 -6.759372795877665 -7.014497018239872 -7.265270766651931 -7.419712591882159 -7.543701099461355 -7.76930424859042 -7.9880709386549675 -8.244748901713656 -8.393286512297255 -8.421564592973212 -8.447978184813392 -8.565130233328071 -8.805338545004059 -9.056423041555416 -9.172642845652206 -9.192219978427868 -9.124787632200587 -9.016336531586202 -8.983086480681504 -8.959780370234288 -8.908817675389704 -8.89607700167856 -8.922490593518738 -8.898252238653633 -8.784829167810507 -8.606148987715173 -8.25935406426058 -7.928407295910091 -7.636304044971633 -7.276146951527299
-1.7330216427611052 -1.7370613685719563 -2.3756487948257137 -6.325879141559421 -8.00858031584852 -7.8354936022605175 -7.60522923104201 -7.301317550810294 -6.983111456170953 -6.756576062623999 -6.6521646878204646 -6.580692615782331 -6.623886607144508 -6.927487539236926 -7.203742635071277 -7.39329900004198 -7.506411322745807 -7.634439556135855 -7.7957178404306 -7.961657346814788 -8.16271139293945 -8.28483541168287 -8.382410327421887 -8.520071753130118 -8.659908415813423 -8.824915677779721 -8.990855184163909 -9.071028204102337 -9.1070749882607 -8.999556132064203 -8.959780370234288 -8.960712614652175 -9.007635583685907 -9.074757181773894 -9.141257283583286 -9.118883417553958 -8.989922939746021 -8.818079218715205 -8.512303049647713 -8.108019720423314 -7.824928165524446 -7.428413539782453 -6.8299126234979095
-2.388389468536859 -2.571109374443044 -4.039705080757038 -7.957617621003937 -8.569169959138922 -8.195961443844148 -7.7848416555552316 -7.510451048556659 -7.125744852107923 -6.9461324275947005 -6.842342549069759 -6.831777112333687 -6.897034221585896 -7.200945901817612 -7.454827131622633 -7.530028181332321 -7.602121749649047 -7.687266739816215 -7.823995921106557 -8.00267610120189 -8.07787715091158 -8.095279046712168 -8.21553857661981 -8.396083245550921 -8.621686394679987 -8.78793664920347 -8.870906402395565 -8.920626104682961 -8.92746256374748 -8.916586378872111 -9.008567828103796 -9.092469825713778 -9.217390577710862 -9.353187514583317 -9.36779267713024 -9.206825140974791 -9.051451071326674 -8.85630123984864 -8.566994722163848 -8.238844687067028 -7.9880709386549675 -7.663649881229701 -7.168628095330803
-3.799496769081051 -5.581637347944944 -7.745687390003907 -9.406946942681564 -9.333610381807654 -8.497697887100788 -7.980302235172562 -7.57384366897309 -7.216483308782422 -7.158994903012619 -6.964466567813178 -7.042775098915829 -7.205917872046351 -7.4977103748455125 -7.6900634730698805 -7.7593603081329405 -7.751591604650535 -7.823063676688669 -7.9078979187165395 -8.047423833260549 -7.983098968426228 -8.02908969304207 -8.159914659685784 -8.32771865490575 -8.546485344970296 -8.674513578360346 -8.744742657841293 -8.8103105152328 -8.877742861460082 -8.993962665556872 -9.18227603797039 -9.295699108813514 -9.42155210522849 -9.524098991196244 -9.518194776549617 -9.405082453845788 -9.260584569073039 -9.07009595968445 -8.901048971907299 -8.712735599493783 -8.488996939200494 -8.320882195841232 -7.638479281946706
-5.700032389016808 -8.270230249135947 -10.112966715162607 -10.472502312328345 -9.450762430322335 -8.61795741700843 -8.03002193745996 -7.622631126842599 -7.303492787785368 -7.1785720357882825 -7.065148964945157 -7.192244953917317 -7.407904162588902 -7.728285494203318 -7.908830163134429 -7.995839642137374 -7.989003183072857 -7.979059242615377 -8.040587374196031 -8.060164506971693 -7.989935427490745 -8.065136477200433 -8.18912498477963 -8.349471024656486 -8.40198746019755 -8.529083449169708 -8.5710344479747 -8.653071956748907 -8.817146974297316 -8.961644859070063 -9.218322822128751 -9.427456319875116 -9.548648094200647 -9.636279069482185 -9.631617847392741 -9.603339766716784 -9.449830185904446 -9.423416594064266 -9.365928188294461 -9.258409332097965 -8.936163511647774 -8.582842877267957 -6.674538553849793
-7.515423018785398 -9.655856202257848 -10.702766683546855 -10.449817698159722 -9.500792880749028 -8.736041709940999 -8.14717398597464 -7.725178012810355 -7.405107429335236 -7.172667821141654 -7.120772881879184 -7.222387523429051 -7.4908739157809965 -7.808458514141746 -8.030954181877847 -8.118895905298682 -8.186328251525964 -8.176384311068485 -8.125732364363198 -8.069176203011285 -8.079741639747356 -8.225171768937994 -8.31622097375179 -8.33766259536323 -8.39048977904359 -8.35413224674593 -8.397326238108107 -8.525043723358857 -8.733244976687333 -8.918761615847185 -9.202785415163941 -9.426524075457227 -9.595260315095082 -9.683202038515915 -9.733232488942608 -9.703711415709467 -9.642183284128812 -9.667664631551105 -9.648087498775443 -9.552377071872202 -9.113911447325219 -8.005472834455556 -6.0925072889479495
-8.912857401200554 -10.079716664257909 -10.684432543328377 -10.260572081328316 -9.336717863200617 -8.565130233328071 -8.084713609976095 -7.6608531479760344 -7.386462540977462 -7.135378044426107 -7.140350014654846 -7.22331976784694 -7.524123966685693 -7.775208463237048 -8.03002193745996 -8.23200822800251 -8.30037281864768 -8.330826136298711 -8.283903167264981 -8.11578842390572 -8.192232466172593 -8.38551780881485 -8.402919704615439 -8.381478083003998 -8.30627703329431 -8.270230249135947 -8.33269062513449 -8.447978184813392 -8.755618842716661 -8.977182266034877 -9.22515928119327 -9.414715646163971 -9.603339766716784 -9.741933436842903 -9.7916531391303 -9.692213734555507 -9.654923957839959 -9.602096774159598 -9.530935450260761 -9.312168760196215 -8.649032230938055 -7.405107429335236 -5.379651057402393
-9.302535567878031 -10.324896946162635 -10.496740667193453 -9.790720894712411 -8.843560566137496 -8.226414761495178 -7.743822901168129 -7.379626081912945 -7.104303230496482 -7.092494801203226 -7.130716822336662 -7.328663387068362 -7.617969904753155 -7.799446818102155 -8.088442587647652 -8.28483541168287 -8.426536563201953 -8.479052998743015 -8.439277236913098 -8.243816657295767 -8.33269062513449 -8.438034244355912 -8.41752486716236 -8.35817197255678 -8.286699900518647 -8.272094737971724 -8.33269062513449 -8.545553100552409 -8.881471839131637 -9.082836633395594 -9.286687412773922 -9.461638615197703 -9.554552308847276 -9.695010467809173 -9.747837651489533 -9.647155254357553 -9.318072974842842 -9.173575090070095 -8.889240542614042 -8.244748901713656 -7.538729129232616 -6.4302905163629545 -4.534726866655936
-9.808433538652299 -10.03186145080629 -9.842615833974882 -9.31993746367862 -8.612053202361803 -7.89142826733384 -7.44022196907571 -7.13258131117244 -6.982179211753063 -6.983111456170953 -7.165831362077137 -7.437114487682748 -7.654016688911518 -7.8901852747766545 -8.165818874332412 -8.35910421697467 -8.535919908234225 -8.651207467913128 -8.579735395874994 -8.491793672454161 -8.521314745687302 -8.478120754325126 -8.410688408097844 -8.370912646267925 -8.329893891880824 -8.330826136298711 -8.503602101747418 -8.796637597103764 -9.03373842738679 -9.249708384197671 -9.431496045685968 -9.39824599478127 -9.450762430322335 -9.569157471394199 -9.62167390693526 -9.30346781229592 -8.867798921002603 -8.322125188398417 -7.57384366897309 -6.477213485396685 -5.257527038658973 -4.224289475499001 -3.1842154532745104
-9.74566241451446 -9.89233553626228 -9.600232285323822 -8.770224005263586 -8.117963660880793 -7.4762687532340735 -7.154955177201769 -7.063284476109381 -7.033763402876238 -7.105235474914371 -7.302560543367479 -7.489009426945218 -7.713680331656395 -8.004540590037667 -8.266190523325097 -8.50173761291164 -8.723301036229854 -8.8267801666155 -8.753754353880884 -8.704656147872079 -8.5875040993574 -8.541824122880854 -8.447978184813392 -8.357239728138893 -8.357239728138893 -8.4802959913002 -8.716464577165336 -9.005460346710834 -9.227334518168343 -9.478108266580403 -9.626645877164002 -9.643115528546701 -9.656788446675737 -9.615769692288634 -9.355052003419093 -8.806270789421948 -8.040587374196031 -7.173600065559542 -5.881509302365808 -4.214656283180817 -2.2134382661130805 -0.9508685761524882 -0.6774102135718034
-9.593395826259304 -9.406014698263675 -9.179479304716722 -8.373709379521593 -7.7301499830390945 -7.291684358492111 -7.087522830974486 -7.0533405356519 -7.061109239134307 -7.203742635071277 -7.415672866071308 -7.654016688911518 -7.878687593622693 -8.143134260163787 -8.447978184813392 -8.766184279452734 -9.023172990650718 -9.08066139642052 -8.9255980749117 -8.762455301781179 -8.651207467913128 -8.552389559616927 -8.451707162484947 -8.47128429526061 -8.52317923452308 -8.679485548589085 -8.92653031932959 -9.177304067741648 -9.390477291298865 -9.524098991196244 -9.72826051871387 -9.83950835258192 -9.72235630406724 -9.440196993586262 -8.865934432166824 -8.101183261358797 -7.045571832169495 -5.906990649788099 -4.225221719916889 -1.8492414468578962 0.5071616934254344 1.2952189746806804 0.6566315484269225
