static/data/ASCData/20210103/ASCV/21.asc
ncols 97
nrows 97
xllcorner 99.0
yllcorner 2.0
cellsize 0.25
NODATA_value -32767
[rows 0 to 18 of 97, columns 0 to 42 of 97]
-0.9980804821493652 -0.5039286211594822 -0.578112709471859 -0.2430581287882725 0.3243581830555695 0.7228677483699912 1.4628693565769253 1.3117422675769173 0.9892560654917086 0.6630913135728282 0.40344700447950865 0.46874126402717975 1.9873692536945984 3.2442071135323904 3.0011162786905934 2.3417362210049615 1.826126152651994 1.5928447840333209 1.1621479076742731 1.685728167333529 2.283185969485689 1.928819002175326 1.226522529763526 0.9346909096255804 0.5245326031711985 -0.20014171406210357 -0.21485591339679022 -0.3659830023967978 -0.5388748445793623 -0.47051512683696517 -0.5517497689972126 -0.8837388914860735 -1.0615354667802 -1.1571777624556612 -1.4266315377721046 -1.9109739325388633 -2.0525981011352195 -1.8095072662934224 -1.6893413050601507 -2.074056308498304 -2.23437977208249 -1.668802735155484 -1.4198875297437068
-0.9441284179221818 -0.46775621446171156 -0.78901623326903 -0.9901102908430768 -0.30375420104385364 1.4110631130860507 2.0204762021976435 1.8681229299197448 1.6201273619663854 1.6915525379035086 2.0900621032179303 2.3800544484390405 1.957940855025226 2.5909579722362115 1.5741454890454905 1.053937233400434 1.36446814852621 2.1210232309846666 0.9950804360616883 1.8895811372828288 3.0507767014451592 2.6620766023538622 1.4806490141063375 0.8194296815038702 0.515642774406492 -0.09254413142720974 -0.4061405047477127 -0.5732079763602971 -0.5204820954110043 -0.20412680971524821 -0.5683032432487347 -1.0244434226240116 -1.0311874306524094 -1.0869787697964286 -1.2255374801980583 -1.4637235819282934 -1.7724152221372336 -1.436441003995229 -0.9766222747862807 -0.5879221756949833 -0.6924543001351511 -1.4444111953015173 -1.7549421104272938
-0.20903154282681013 -0.35648008199314596 -0.8006649744089902 -1.0097292232893254 -0.3963310385245884 1.0898030942787318 1.1777817444673775 2.082091911911642 2.3595158785343737 2.3564504203396477 2.407337026372105 2.274602686540455 1.6222731827026942 2.618240550169276 2.368099161479608 1.5011875840110043 1.137624242116463 1.7188351158365731 1.419033304392339 1.9328040978284702 2.632035112045544 2.435539241763587 1.5450236361955905 0.8877893992462673 0.42766412421784716 0.21982605861540216 -0.0067113019748727964 -0.278310898027625 -0.47756568068483585 -0.35249498634000176 -1.0575503711270557 -1.3211797758735195 -1.2126625557802075 -1.2607902494374108 -1.5244196541838746 -2.141496388782283 -2.3076442229364496 -1.6865823926848966 -1.8603938723258793 -1.628951778624042 -1.5654967939932072 -1.8925811833705057 -1.6629783645855043
-0.23232902510673004 -0.06434191603572792 -0.011616035086435161 0.21400168804542252 0.797051836682368 1.1826864775789399 1.350673586649942 2.0695235333132644 1.9689765045262413 1.9873692536945984 2.0128125567108275 2.1164250436925767 0.5009285750718058 1.532455257597213 1.5097708669562384 1.1026780186965826 0.8390486139501188 0.9463396507655406 1.415048208739195 1.7890341084958057 1.9006167867838442 1.8524890931266405 1.7188351158365731 1.040142671524166 -0.15140092876595546 -0.3797775642730663 -0.46775621446171156 -0.5526694064556308 -0.7139125074982351 -0.6875495670235887 -1.3358939752082057 -1.38064966485121 -1.3407987083197677 -1.3144357678451213 -1.6074935712609575 -2.2791354617254944 -2.310403135311703 -2.214760839636242 -2.229475038970928 -2.0329791686889713 -1.9324321399019477 -2.298754394171743 -2.3192929640764097
-0.22650465453674995 0.009842172276649297 1.0597616039704145 1.2743436776012564 0.8838043035931231 1.0674252494572296 1.3712121565546087 1.8966316911307 1.6691746930820064 1.4435569699501491 1.494137030163134 2.446268345445129 1.2452218247513565 1.3672270609014645 1.208129780595168 0.8163642233091442 0.4531074272340754 0.4825358259034478 1.425777312420737 1.6124637164795694 1.5910055091164854 1.0803001738750804 0.9043428734977899 0.3252778205139877 -0.5339701114677999 -0.5097529917294623 -0.7108470493035091 -0.7841115001574681 -0.6630259014657782 -0.6219487616564456 -0.9364647724353659 -1.3524474494597278 -1.3680812862528322 -1.2966561103157086 -1.5838895431615652 -1.801537074987134 -1.844760035532775 -2.016425694437449 -1.9382565104719278 -1.7724152221372336 -2.1365916556707205 -2.526211392220436 -3.123056102733651
-0.16213003244749746 -0.24888249935825213 0.7470848681083297 1.5597378355302767 1.168891915702671 0.9659585832117883 1.2599360240860427 1.8203017820820144 1.3212451879805696 1.0956274648487123 1.2577902033497348 2.2568230290110427 2.317519101266624 1.5821156803517789 1.3957358221124188 1.1845257524957753 0.8203493189622884 0.5625442847858051 1.1885108481489195 1.1103416641833985 0.7207219276336834 0.20909695493386016 0.013827267929793496 -0.48829478436637785 -0.4052208672892945 -0.15140092876595546 -0.44721764455704527 -0.78901623326903 -0.6679306345773401 -0.5204820954110043 -0.723415427901887 -1.3113703096503952 -1.5409731284353967 -1.469547952498273 -1.6025888381493956 -1.7068144167700905 -1.3886198561574985 -1.8220756448918003 -1.7157042455347966 -2.0400297225368416 -2.4051257935287467 -2.666915923358374 -3.4715986994740335
-0.2430581287882725 -0.3114178465306692 -0.17868350669901956 0.7890816453760796 1.496282850899442 1.304691713729047 1.5986691546033014 2.0097470985161006 1.4824882890231739 1.21885888427671 1.3457688535383796 1.52632434120776 1.915024440299058 1.6017346127980274 1.4815686515647557 1.286298964560689 0.9990655317148334 0.7676234380129956 0.6174159864714057 0.33416764927869425 -0.01560113073957936 0.09690118500687683 -0.07108592406412573 -0.2166951883136261 0.08494589804744423 -0.08304121102355833 -0.5820978051250032 -0.9462742386584901 -0.8337719229120344 -0.6777401008004644 -1.0017590319830365 -1.3027870267051616 -1.5400534909769785 -1.7009900462001104 -1.8680575178126948 -1.9431612435834897 -1.3475427163481655 -1.879706258952655 -1.783144325818776 -2.144561846977009 -2.6374875246890017 -2.747844019699149 -3.259775538218445
-0.005791664516455075 0.7988911115992043 0.6747400547127884 0.5956512332888493 1.0490325002888716 1.3448492160799623 1.696457271015071 1.7773853673558455 1.9033756991590978 1.6523146730110123 1.6924721753619267 1.3770365271245883 1.1701180989805615 1.6602848643173007 1.474824643536358 0.9901757029501268 0.6416331062097442 0.507979128919676 0.24220390343690434 0.32343854559715224 0.5107380412949296 0.7041684533821608 0.9043428734977899 0.6934393497006188 0.6983440828121812 -0.33379569135217135 -0.5652377850540087 -0.6063149248633413 -0.3779382893562304 -0.7139125074982351 -1.1111958895347662 -1.3270041464434992 -1.5293243872954365 -1.7000704087416927 -1.7353231779810452 -1.8104269037518401 -1.801537074987134 -1.9275274067903858 -1.8318851111149246 -2.2178262978309684 -2.584761643739709 -3.0283334445166075 -2.992161037818837
0.8301587851854131 1.3390248455099818 1.2041446849420239 1.0634401538040854 1.015619005966355 0.7550550594146181 0.2559984653131724 0.3945571757148021 1.040142671524166 1.4423307866722586 1.8212214195404326 2.017717289822389 1.329215379286858 1.3037720762706289 1.2685193070312768 0.6545080306275941 -0.005791664516455075 -0.3846822973846282 0.16127580709612976 0.21185586730911377 0.23147479975536234 0.5070594914612587 0.8838043035931231 1.2823138689075448 1.3068375344653558 1.5106905044146557 1.2314272628750884 0.9092476066093513 0.42889030749573687 -0.5575741395671927 -1.0039048527193453 -1.4744526856098354 -1.817170911780238 -1.8085876288350042 -1.5927793719262713 -1.8935008208289235 -2.344736267092638 -1.8389356649627948 -1.8291261987396705 -2.7285316330723735 -3.7275644587336814 -4.0466786568046915 -3.4657743289040535
-0.489214421824796 -0.34452479503371336 -0.0974488645387721 0.2949297843861971 0.4111106499663246 0.1496270659561696 0.6857757042138029 1.1308802340880644 1.6817430716803847 1.793938841607368 1.8193821446235963 1.8622985593497652 0.7167368319805392 -0.10235359765033403 0.7041684533821608 1.3810216227777325 1.3632419652483194 0.8439533470616811 0.5919726834551775 -0.2605312404982123 -0.36414372747996193 0.1710852733192536 0.7900012828344978 1.1630675451326913 1.8497301807513868 1.9784794249298927 1.4444766074085673 1.004889902284813 0.8810453912178695 0.9414349176539782 0.9561491169886644 0.26090319842473475 -1.2040792728349738 -1.6307910535408778 -1.7138649706179612 -2.377843215595682 -2.334007163411096 -1.6611390896686684 -2.055663559329946 -2.491265168800556 -3.014538882640339 -3.642651266739762 -3.230347139549072
-0.3895870304961906 0.40743210013265285 0.6232403570413863 0.2149213255038398 -0.2127100926604819 -0.20412680971524821 0.8847239410515413 0.5107380412949296 1.4484617030617115 1.872108025572889 1.8359356188751188 1.5597378355302767 1.1241362260596666 1.5204999706377804 1.140689700311189 0.6465378393213057 0.6054606995119731 1.2001595892888797 1.6437313900657782 1.1308802340880644 0.9552294795302463 0.9766876868933312 0.8994381403862275 1.0499521377472898 0.19744821379389998 0.10640410541052825 -0.2166951883136261 -0.36015863182681773 -0.16979367793431344 0.4669019891103434 0.2842006807046551 -0.18757333546372568 -0.6415676941026942 -1.2966561103157086 -1.7791592301656318 -1.9667652716828825 -2.774206960173795 -1.7236744368410855 -2.026235160660573 -2.1258625519891785 -2.3367660757863495 -2.7625582190338354 -2.741100011670751
-0.10633869330347823 0.2618228358831529 1.0352379384126036 0.6845495209359123 3.2706053525011214e-05 -0.030315330074265567 0.019651638499773583 -0.036139700644245654 0.458931797804055 1.217939246818292 1.3761168896661702 0.8056351196276021 1.361402690331484 1.7783050048142637 1.1308802340880644 0.515642774406492 0.1962220305160094 0.5683686553557847 -0.3494295281452757 -0.22650465453674995 0.5343420693943224 1.4159678461976122 1.240317091639794 -0.3886673930377724 -0.42851834956921486 -0.7274005235550312 -0.9462742386584901 -0.9824466453562608 -1.0955620527416623 -1.2617098868958285 -1.2537396955895401 -1.2644687992710826 -1.9296732275266941 -2.3367660757863495 -2.4587713119364567 -1.6522492609039618 -2.207097194149426 -1.6209815873177535 -1.5633509732568989 -2.0458540931068216 -2.5409255915551223 -2.418000717946597 -2.4793098818411234
0.22074569607382033 -0.3984768592608967 0.10364519303527464 0.6125112533598442 0.2336206204916702 -0.012535672544852883 0.229635524838526 0.19744821379389998 0.21001659239227832 0.9494051089602666 1.2890578769359426 0.9172177979156397 0.11529393417523481 0.15054670341458776 0.3574651315586137 1.058535420692524 0.9248814434024557 -0.3114178465306692 -0.7041030412751108 -0.8904828995144713 -0.7460998185428616 0.17874891880606958 0.5294373362827609 -0.2712603441797543 -0.9051970988491576 -1.0731842079201601 -1.2126625557802075 -1.1893650735002876 -1.3493819912650014 -1.596457921759943 -1.9033102870520477 -1.9167983031088434 -1.9774943753644245 -2.3827479487072445 -2.1482403968106807 -1.49713707625081 -1.874801525841093 -1.663898002043922 -1.9189441238451521 -2.9403547943279618 -3.429601922206283 -2.799650263190024 -2.5105775554273317
0.0791215274774637 -0.49503879239477566 -0.6768204633420467 -0.32889095824060943 0.2765370352178391 0.35838476901703187 0.7023291784653254 0.030380742181315146 -0.0741513822588522 -0.31049820907225145 0.6174159864714057 0.6885346165890565 -0.04686880432578766 -0.7470194560012793 -0.33103677897691774 -0.16887404047589527 -0.09162449396879202 -0.5517497689972126 -0.06158300366047387 0.12203794220363262 -0.7559092847659858 -0.6942935750519865 -0.5370355696625264 -0.5937465462649634 -1.1443028380378104 -1.2617098868958285 -1.0495801798207673 -1.2595640661595202 -1.151353391885681 -1.5029614468207901 -1.8729622509242572 -1.8729622509242572 -1.8818520796889633 -1.9707503673360267 -1.9646194509465742 -1.5486367739222122 -1.7429868234678612 -1.7245940742995032 -2.321132238993245 -3.4148877228715966 -3.781209977141392 -3.1972401910460277 -2.4823753400358495
-0.04196407121422574 0.010761809735067018 -0.11921361772132899 -0.21485591339679022 0.2431235408953225 0.3945571757148021 0.5410860774227202 -0.6455527897558384 -0.7197368780682152 -1.101386423311642 -0.7206565155266329 0.07053824453223045 0.6640109510312464 -0.03797897556108154 -0.22558501707833223 -1.0995471483948065 -1.215728013974934 -0.9548575216037238 0.05091931208598188 0.4531074272340754 -0.30865893415541557 -0.6308385904211518 -0.9609884379931768 -1.0878984072548463 -1.0468212674455137 -1.0731842079201601 -0.9140869276138641 -1.4033340554921847 -1.36900092371125 -1.293897197940455 -1.5311636622122724 -1.788049058930338 -1.867137880354277 -1.9609409011129024 -1.7567813853441296 -1.6258863204293155 -1.7068144167700905 -1.8935008208289235 -2.687454493263041 -3.6288567048634937 -3.787034347711372 -3.4715986994740335 -2.6083656718391017
0.05367822446123549 0.6679960466843906 0.7568943343314536 0.45402706469249265 0.5567199142158246 0.7274659356620812 0.2881857763577993 -0.7880965958106123 -0.9346254975185304 -1.023217239346121 -0.705022678733529 -0.807408982437388 -0.24489740370510793 0.5800173964957449 0.5597853724105515 -0.6786597382588826 -0.6814186506341362 -0.44721764455704527 -0.6746746426057384 -0.578112709471859 0.2618228358831529 -0.11921361772132899 -0.5339701114677999 -1.2791829986057688 -1.2332011256848738 -1.002985215260927 -0.9597622547152862 -1.6268059578877336 -1.7693497639425075 -1.5136905505023321 -1.766590851567254 -2.064246842275179 -1.7635253933725274 -1.6424397946808376 -1.3886198561574985 -1.4395064621899554 -1.5535415070337746 -2.306418039658559 -3.2754093750115487 -3.889420651415231 -3.8992301176383553 -3.6650291115612643 -3.3290548934192596
0.36635496032332027 0.7247070232868276 0.7900012828344978 0.06256805322594206 0.13675214153831883 0.45801216034563685 0.2658079315362971 -0.15140092876595546 -0.7077815911087826 -0.6112196579749036 -0.6093803830580677 -0.8592152259282626 -1.1053715189647861 -0.43250344522235906 0.5021547583496964 0.23545989540850654 0.23821880778376014 0.19346311814075579 -0.30467383850227137 -0.6112196579749036 0.2403646285200689 0.42766412421784716 -0.004872027058037354 -0.9784615497031166 -1.5185952836138945 -1.1161006226463286 -1.2197131096280782 -1.718769703729523 -1.7782395927072137 -2.055663559329946 -2.4149352597518705 -2.377843215595682 -1.396283501644314 -0.7608140178775478 -1.088818044713264 -1.4413457371067913 -1.5820502682447293 -2.2116953814415155 -3.633761437975056 -4.168990438774271 -4.06629758925094 -3.707945526287433 -3.4541255877640933
0.11130883852209061 0.8224951396985971 1.0383033966073296 0.08126734821377246 -0.4070601422061304 -0.22343919634202392 -0.03797897556108154 -0.08978521905195613 -0.19830243914526813 -0.4521223776686072 -0.6982786707051307 -0.9355451349769481 -0.9042774613907398 -0.32122731275379346 -0.013455310003271048 0.19039765994602975 0.23729917032534198 0.593811958372013 0.7716085336661398 -0.18634715218583553 -0.5830174425834214 0.08801135624217027 0.1710852733192536 -0.6394218733663855 -1.4658694026646018 -1.4815032394577061 -1.5379076702406702 -1.4578992113583134 -1.958795080376594 -2.656186819676832 -2.7429392865875872 -2.219665572747804 -1.65899326893236 -1.6249666829708977 -1.7000704087416927 -1.601362654871505 -2.012747144603777 -3.3759564037985723 -4.700234343920343 -4.880789831589723 -4.411161636157651 -3.898310480179937 -3.558657712204261
-0.09162449396879202 0.0723775194490659 1.1621479076742731 1.2774091357959825 0.4454437817472594 -0.47940495560167173 -0.7166714198734887 -0.33103677897691774 0.8019565697939304 0.8847239410515413 0.23729917032534198 -0.12381180501341849 -0.004872027058037354 -0.19707625586737754 -0.4646907562669851 -0.5741276138187148 -0.6814186506341362 -0.2372337582182924 0.44636341920567757 0.5527348185626804 -0.33778078700531555 -1.2810222735226047 -0.6893888419404246 -0.6375825984495496 -1.3760514775591206 -2.208936469066262 -2.2898645654070364 -1.6307910535408778 -2.152225492463825 -2.7441654698654774 -2.641472620342146 -2.145481484435427 -2.145481484435427 -2.418000717946597 -2.5185477467336206 -3.2625344505936984 -4.939340083108996 -6.873031112342359 -8.023497572823148 -7.792975116579727 -6.275266764370727 -4.6462822796931595 -4.227540690293544
