static/data/salinity/2023/7/4/0.asc
ncols 137
nrows 93
xllcorner 108.0
yllcorner 17.0
cellsize 0.25
NODATA_value -32767
[rows 54 to 80 of 93, columns 61 to 121 of 137]
34.07396 34.02167 34.021214 34.106308 34.206852 34.27933 34.300983 34.35636 34.345352 34.333427 34.3479 34.35063 34.35327 34.52028 34.573032 34.536438 34.380524 34.413208 34.40953 34.466507 34.453815 34.335487 34.271507 34.24167 34.234993 34.305122 34.433773 34.413227 34.56967 34.56195 34.57991 34.643845 34.618053 34.508076 34.430386 34.3253 34.16334 34.24575 34.29671 34.35311 34.35028 34.3268 34.305843 34.403164 34.574306 34.608078 34.646664 34.668854 34.711975 34.719986 34.634426 34.620583 34.650745 34.664974 34.674755 34.66338 34.64466 34.64133 34.63914 34.62465 34.60112
34.06838 34.085564 34.137497 34.22821 34.28045 34.337963 34.3459 34.319817 34.337 34.302513 34.329933 34.3698 34.402134 34.56758 34.591774 34.592896 34.53489 34.47452 -32767.0 34.514145 34.45745 34.386246 34.28178 34.28108 34.283993 34.316517 34.447983 34.445297 34.57353 34.55758 34.559895 34.647724 34.63278 34.503326 34.44342 34.378857 34.179344 34.250626 34.208782 34.290596 34.27923 34.276215 34.27838 34.433224 34.577206 34.605263 34.65608 34.678032 34.70216 34.68667 34.6113 34.685375 34.729645 34.73484 34.721443 34.70278 34.686325 34.663605 34.668495 34.657497 34.599144
34.2033 34.257603 34.271374 34.29178 34.30167 34.301514 34.15553 34.13709 34.134655 34.262966 34.319622 34.336803 34.48977 34.591034 34.613865 34.629406 34.59097 34.590683 34.51354 34.50226 34.489754 34.47387 34.453102 34.40807 34.34845 34.343086 34.412502 34.464855 34.581467 34.558228 34.55112 34.609844 34.69666 34.61823 34.613003 34.455204 34.32682 34.16474 34.226166 34.216003 34.221466 34.2155 34.257008 34.46488 34.565556 34.615128 34.67166 34.701008 34.707363 34.58929 34.696064 34.73623 34.748966 34.756702 34.7524 34.744793 34.7411 34.742046 34.70013 34.668434 34.590527
34.19554 34.181458 34.12397 34.124557 34.12567 34.12668 34.090965 34.210033 34.246323 34.35186 34.32604 34.41218 34.543865 34.608807 34.632416 34.646793 34.65648 34.66383 34.66192 34.655865 34.650272 34.63859 34.616478 34.52911 34.43725 34.415115 34.382065 34.478786 34.580124 34.549004 34.560535 34.567543 34.66408 34.724915 34.690342 34.67886 34.599518 34.308807 34.174683 34.15598 34.1756 34.1817 34.257496 34.465534 34.558037 34.64557 34.704735 34.679718 34.55031 34.687576 34.740505 34.685127 34.743168 34.736423 34.754547 34.72783 34.669163 34.533478 34.58611 34.644257 34.586086
34.10471 34.17576 34.199062 34.108246 34.03258 34.03461 34.21407 34.302547 34.31191 34.49113 34.429382 34.549564 34.60348 34.627773 34.643696 34.658978 34.706093 34.72989 34.684444 34.657482 34.65001 34.640102 34.632343 34.6281 34.52683 34.442284 34.402218 34.48144 34.573685 34.51648 34.555305 34.561485 34.6115 34.66363 34.687523 34.709164 34.679134 34.613094 34.38138 34.20614 34.148483 34.149548 34.278606 34.447693 34.524246 34.589943 34.606472 34.602448 34.61035 34.71635 34.728855 34.69022 34.73063 34.712833 34.745846 34.682373 34.49155 34.53105 34.602543 34.619072 34.60905
34.157177 34.18604 34.152752 34.03585 34.018143 34.27246 34.401115 34.324524 34.47343 34.55008 34.547314 34.635117 34.657753 34.671413 34.70023 34.728558 34.771587 34.69089 34.664616 34.658115 34.655796 34.65904 34.64984 34.629875 34.604908 34.47273 34.439274 34.488804 34.533604 34.512012 34.54013 34.58265 34.571144 34.65192 34.705643 34.735554 34.70419 34.663757 34.615784 34.53373 34.34867 34.298893 34.380997 34.45334 34.520077 34.571102 34.58453 34.512386 34.680176 34.68915 34.714794 34.730804 34.65725 34.690754 34.710075 34.710423 34.505196 34.4917 34.582664 34.591045 34.686676
34.19065 34.170914 34.025272 34.171875 34.39299 34.317257 34.42262 34.623825 34.641853 34.581665 34.66462 34.72891 34.751442 34.775955 34.789833 34.797665 34.709328 34.653893 34.659958 34.653442 34.657223 34.653606 34.658306 34.6409 34.619858 34.51464 34.48036 34.507954 34.50377 34.515457 34.540287 34.595085 34.615044 34.678715 34.604923 34.507423 34.430584 34.39465 34.47776 34.59245 34.57536 34.5377 34.51216 34.48459 34.46261 34.45203 34.534706 34.532032 34.714207 34.61244 34.66923 34.736553 34.721333 34.660686 34.652866 34.747875 34.597916 34.491386 34.55098 34.571938 34.747417
34.19867 34.068268 34.329285 34.393673 34.329727 34.429768 34.59766 34.62418 34.64367 34.667965 34.691093 34.716328 34.745857 34.7679 34.771156 34.77304 34.666904 34.649773 34.654324 34.63072 34.645706 34.65489 34.65306 34.643 34.611862 34.529446 34.503498 34.550106 34.56439 34.534866 34.542885 34.604923 34.652946 34.624493 34.54633 34.46721 34.440662 34.449608 34.513634 34.557785 34.566067 34.591637 34.600407 34.584312 34.571728 34.579834 34.57039 34.577805 34.67866 34.599712 34.595367 34.68312 34.652206 34.653378 34.719746 34.66815 34.705685 34.53657 34.52738 34.56931 34.782646
34.107822 34.106567 34.27803 34.382988 34.452526 34.613285 34.6085 34.706043 34.708584 34.677643 34.65256 34.69444 34.738636 34.753647 34.788612 34.690693 34.655163 34.64845 34.652092 34.64235 34.648922 34.656673 34.64652 34.61945 34.57381 34.528748 34.4943 34.603146 34.60421 34.52966 34.549698 34.615974 34.65824 34.6239 34.548386 34.49285 34.49781 34.546227 34.559643 34.603474 34.599915 34.55192 34.56442 34.564243 34.495 34.508617 34.50089 34.66172 34.640594 34.61067 34.620804 34.64326 34.629425 34.823414 34.848927 34.771744 34.74442 34.581913 34.527496 34.582188 34.85748
34.07493 34.229862 34.419224 34.57057 34.60539 34.58071 34.639378 34.752407 34.73073 34.69688 34.637188 34.6702 34.724934 34.76475 34.788986 34.678646 34.653732 34.634235 34.63254 34.64145 34.63647 34.61443 34.587044 34.561295 34.534924 34.497616 34.496765 34.61554 34.6327 34.50375 34.577805 34.621212 34.649136 34.67481 34.583958 34.5293 34.643017 34.67056 34.60397 34.643124 34.5199 34.479954 34.54048 34.567398 34.560654 34.503067 34.588226 34.712986 34.664978 34.605118 34.623314 34.66283 34.725517 34.8636 34.868225 34.82779 34.72047 34.576763 34.561314 34.66035 34.849373
34.166553 34.337677 34.526398 34.585224 34.56676 34.567684 34.61191 34.707565 34.646828 34.623566 34.614292 34.653423 34.71649 34.780273 34.793526 34.69527 34.649475 34.624325 34.629654 34.62417 34.605995 34.590126 34.575073 34.55979 34.50865 34.463493 34.504177 34.59262 34.485462 34.5417 34.60882 34.617905 34.62096 34.67118 34.611446 34.564056 34.71726 34.70463 34.649673 34.65641 34.532024 34.45428 34.512753 34.572235 34.57072 34.56317 34.692173 34.705227 34.64797 34.609394 34.621937 34.658035 34.775654 34.848183 34.82987 34.76632 34.688477 34.547356 34.61045 34.882496 34.83073
34.437443 34.551228 34.58034 34.578262 34.56194 34.55081 34.549362 34.54551 34.544655 34.612366 34.596214 34.653435 34.711246 34.76568 34.806526 34.71658 34.63893 34.594887 34.599525 34.603218 34.56447 34.552795 34.56874 34.56883 34.51664 34.441048 34.478924 34.488297 34.497753 34.5995 34.594666 34.57707 34.66071 34.644863 34.658096 34.583897 34.69541 34.723442 34.70873 34.689224 34.568592 34.467228 34.542328 34.575275 34.585766 34.680206 34.7179 34.668793 34.695354 34.61986 34.625927 34.646053 34.75726 34.814335 34.769573 34.737095 34.607754 34.62419 34.84864 34.78912 34.928387
34.494183 34.595276 34.601254 34.58571 34.573658 34.535397 34.50767 34.523342 34.568935 34.61035 34.5885 34.651875 34.713398 34.713318 34.805473 34.744102 34.634968 34.560802 34.554615 34.490993 34.46925 34.471176 34.531406 34.577633 34.533417 34.4479 34.44382 34.46985 34.583073 34.57525 34.58963 34.671173 34.668587 34.694443 34.68986 34.64346 34.57891 34.62564 34.664825 34.719967 34.68916 34.543102 34.59444 34.58562 34.59128 34.69212 34.72421 34.6773 34.624546 34.62239 34.62826 34.617847 34.679325 34.749443 34.69963 34.62892 34.63769 34.831165 34.74117 34.806572 34.977036
34.45922 34.593178 34.597958 34.583443 34.55716 34.50092 34.506645 34.539223 34.628338 34.56654 34.604656 34.665062 34.71218 34.687275 34.748394 34.757477 34.637203 34.552933 34.52773 34.492176 34.48999 34.48424 34.46437 34.49413 34.485546 34.438457 34.464027 34.57139 34.62249 34.570004 34.697075 34.680958 34.64826 34.724884 34.69603 34.648647 34.622505 34.580765 34.59265 34.66014 34.65538 34.687855 34.689983 34.58394 34.676888 34.72447 34.681133 34.646973 34.60766 34.630497 34.628845 34.60052 34.610016 34.648014 34.626026 34.642048 34.83542 34.690243 34.702072 34.78075 34.92626
34.40057 34.549927 34.55196 34.530605 34.53149 34.474937 34.530537 34.62892 34.565224 34.572628 34.62453 34.674294 34.711174 34.68577 34.71117 34.73753 34.63833 34.60736 34.52707 34.52423 34.541084 34.55446 34.54732 34.531784 34.52494 34.54677 34.599052 34.63336 34.60096 34.693485 34.693447 34.675083 34.650356 34.732445 34.739723 34.71422 34.715435 34.68247 34.632683 34.59741 34.678158 34.62336 34.67153 34.739315 34.759876 34.717144 34.66366 34.646614 34.628048 34.648983 34.6229 34.63944 34.64106 34.60322 34.624725 34.7461 34.793823 34.728127 34.69488 34.724144 34.824135
34.38947 34.524624 34.51975 34.535088 34.4279 34.489845 34.618423 34.589024 34.5311 34.56934 34.606438 34.653587 34.70376 34.69278 34.69729 34.700703 34.632835 34.635895 34.603542 34.57517 34.60373 34.64714 34.668156 34.671124 34.669132 34.66252 34.647453 34.624825 34.65701 34.71271 34.68567 34.672318 34.679558 34.719006 34.713467 34.704704 34.691868 34.69036 34.6096 34.60389 34.628075 34.688965 34.652233 34.64596 34.658306 34.652393 34.68215 34.667732 34.659157 34.636272 34.627758 34.63738 34.66132 34.61447 34.627125 34.827297 34.832565 34.832283 34.796062 34.72193 34.744957
34.483963 34.51343 34.533348 34.424427 34.424404 34.569477 34.60203 34.552853 34.54699 34.571133 34.602077 34.656956 34.68582 34.688942 34.685112 34.682533 34.626663 34.64016 34.636448 34.62712 34.66622 34.719418 34.698067 34.722603 34.724358 34.6817 34.6298 34.647503 34.728565 34.734856 34.70756 34.6841 34.674557 34.63423 34.62248 34.625576 34.6363 34.626965 34.650463 34.626137 34.599792 34.629135 34.647808 34.64683 34.643925 34.643417 34.651497 34.65384 34.65271 34.64239 34.597782 34.62343 34.622993 34.63293 34.654285 34.872704 34.929375 34.906 34.899986 34.90399 34.741703
34.49066 34.466564 34.405792 34.380848 34.42629 34.635357 34.598774 34.54067 34.551746 34.57997 34.608074 34.664246 34.679497 34.6799 34.684063 34.665134 34.622402 34.643505 34.656147 34.67832 34.742634 34.717834 34.73507 34.753883 34.752773 34.745068 34.733253 34.74173 34.747818 34.736828 34.71661 34.674675 34.63513 34.694122 34.679363 34.642822 34.616528 34.615562 34.63036 34.63399 34.61738 34.628117 34.63295 34.651684 34.66478 34.645443 34.626373 34.601326 34.577194 34.573788 34.59967 34.612602 34.607613 34.69498 34.70825 34.863724 34.979725 35.0096 35.009808 34.992977 34.84583
34.34264 34.306717 34.278793 34.378605 34.480366 34.65464 34.607174 34.526585 34.555843 34.58822 34.61397 34.67971 34.67325 34.663246 34.69015 34.65272 34.609356 34.65047 34.67522 34.736374 34.719322 34.709377 34.715637 34.75255 34.764217 34.765816 34.760406 34.75561 34.76245 34.722 34.666504 34.636303 34.678326 34.699074 34.63235 34.582798 34.572704 34.599335 34.5949 34.65761 34.645416 34.64338 34.66559 34.65004 34.624916 34.596367 34.56077 34.53756 34.53427 34.548325 34.612614 34.610188 34.603584 34.71777 34.730583 34.732174 34.756332 34.775913 34.78669 34.7981 34.79789
34.134808 34.141094 34.310066 34.437138 34.563694 34.669106 34.58666 34.517216 34.57662 34.617832 34.61776 34.68033 34.6669 34.648815 34.698883 34.642647 34.57781 34.62889 34.688995 34.71331 34.717022 34.72151 34.69099 34.70973 34.73097 34.713764 34.700916 34.69062 34.681984 34.685345 34.69156 34.680737 34.661896 34.5957 34.565575 34.5591 34.55298 34.550888 34.58607 34.61548 34.66027 34.667767 34.694492 34.67438 34.610607 34.56503 34.530457 34.493427 34.511517 34.566505 34.59387 34.584183 34.645893 34.72772 34.743374 34.754158 34.759754 34.763348 34.765285 34.760593 34.762497
34.24099 34.325268 34.388668 34.520306 34.59501 34.567448 34.561024 34.513035 34.592712 34.65166 34.633602 34.6671 34.682995 34.70019 34.705772 34.61602 34.563477 34.633327 34.69066 34.721542 34.7545 34.738827 34.71282 34.697533 34.69965 34.701015 34.704247 34.686974 34.66042 34.641586 34.614944 34.56682 34.504597 34.467754 34.4714 34.47401 34.49068 34.510036 34.53272 34.56563 34.674477 34.69656 34.69895 34.69459 34.604393 34.548317 34.516785 34.4761 34.530777 34.57528 34.585983 34.627438 34.65829 34.6548 34.66817 34.702366 34.723152 34.732357 34.74151 34.75762 34.76232
34.37172 34.334568 34.480602 34.528732 34.54421 34.58972 34.52231 34.568275 34.62461 34.672226 34.658634 34.67157 34.697315 34.729305 34.632828 34.598755 34.557255 34.655968 34.68657 34.722134 34.71277 34.712006 34.70335 34.685947 34.67142 34.654694 34.622314 34.580475 34.51786 34.445805 34.385143 34.414345 34.474052 34.535595 34.570076 34.561214 34.519287 34.501034 34.507298 34.54056 34.63392 34.697266 34.682358 34.69897 34.58228 34.53809 34.511288 34.474632 34.547314 34.588196 34.591373 34.59069 34.5905 34.588966 34.624702 34.69013 34.722427 34.737156 34.74351 34.739647 34.757244
34.336994 34.4682 34.51187 34.543972 34.560516 34.615986 34.53092 34.64948 34.65611 34.68505 34.67448 34.665504 34.67483 34.685818 34.557228 34.567383 34.540627 34.665073 34.68589 34.689857 34.697693 34.674633 34.58149 34.582024 34.61183 34.574196 34.545563 34.448906 34.353977 34.360863 34.483147 34.578243 34.616325 34.627983 34.614555 34.589462 34.55872 34.517185 34.50584 34.507217 34.54006 34.658867 34.699875 34.67462 34.561047 34.531303 34.513283 34.48348 34.558067 34.567635 34.57494 34.599823 34.6122 34.68046 34.714493 34.73219 34.735123 34.72964 34.72768 34.739212 34.75769
34.38971 34.36613 34.415993 34.47019 34.558723 34.570606 34.592922 34.69723 34.697365 34.698853 34.68365 34.66408 34.692394 34.66423 34.50098 34.545544 34.5133 34.62726 34.654385 34.68228 34.669956 34.553284 34.5456 34.59755 34.575077 34.577965 34.509087 34.35845 34.359653 34.558186 34.656506 34.69779 34.709072 34.695538 34.649307 34.639828 34.58737 34.548462 34.512474 34.503452 34.520367 34.548138 34.62316 34.586445 34.535873 34.529293 34.516354 34.50293 34.549263 34.5734 34.666332 34.694977 34.68981 34.70071 34.72594 34.73677 34.727646 34.725056 34.73404 34.746902 34.743233
34.36541 34.31319 34.384274 34.504383 34.60986 34.499035 34.642887 34.68645 34.70697 34.714092 34.684296 34.70508 34.677475 34.639294 34.511227 34.54145 34.58144 34.596096 34.630375 34.68456 34.66839 34.56205 34.55057 34.604527 34.60033 34.496536 34.401337 34.342926 34.64296 34.685875 34.68976 34.705997 34.688095 34.64344 34.556484 34.512375 34.51986 34.571247 34.537292 34.51966 34.496994 34.51763 34.546967 34.514133 34.523266 34.53718 34.532692 34.531773 34.608902 34.691437 34.679512 34.70334 34.746674 34.743267 34.689922 34.668056 34.678017 34.688 34.636757 34.510353 34.397625
34.39052 34.311924 34.380215 34.5495 34.615837 34.504585 34.660416 34.65806 34.653015 34.701195 34.660927 34.73148 34.657833 34.524426 34.593594 34.5818 34.58077 34.6009 34.652824 34.687138 34.6787 34.54508 34.57014 34.614765 34.434834 34.299843 34.31332 34.614437 34.66092 34.668694 34.605778 34.596123 34.52597 34.48902 34.491497 34.504307 34.50788 34.537716 34.55078 34.525707 34.5011 34.488792 34.500385 34.506584 34.51149 34.55361 34.578392 34.675476 34.671852 34.696 34.739876 34.73197 34.631256 34.632866 34.704308 34.596817 34.499485 34.44223 34.345436 34.28553 34.3251
34.35882 34.33092 34.360924 34.51966 34.60823 34.5144 34.68016 34.67857 34.603542 34.645035 34.63619 34.689426 34.565403 34.628777 34.699768 34.663063 34.66308 34.682667 34.689575 34.66005 34.55019 34.55827 34.612682 34.443394 34.324192 34.289005 34.386265 34.684284 34.654606 34.65556 34.536762 34.494873 34.515316 34.55117 34.522964 34.51214 34.534206 34.548176 34.544262 34.539375 34.518433 34.499504 34.50094 34.51729 34.528442 34.573666 34.722218 34.704987 34.73246 34.75479 34.74022 34.610794 34.574364 34.575443 34.53891 34.51631 34.46108 34.42572 34.34377 34.274574 34.309418
