static/data/salinity/2023/7/4/12.asc
ncols 137
nrows 93
xllcorner 108.0
yllcorner 17.0
cellsize 0.25
NODATA_value -32767
[rows 54 to 80 of 93, columns 0 to 60 of 137]
-32767.0 -32767.0 -32767.0 -32767.0 -32767.0 -32767.0 -32767.0 -32767.0 -32767.0 -32767.0 -32767.0 -32767.0 -32767.0 -32767.0 -32767.0 -32767.0 -32767.0 -32767.0 -32767.0 -32767.0 -32767.0 -32767.0 -32767.0 -32767.0 -32767.0 -32767.0 -32767.0 -32767.0 -32767.0 -32767.0 -32767.0 -32767.0 -32767.0 -32767.0 -32767.0 -32767.0 -32767.0 -32767.0 -32767.0 -32767.0 -32767.0 -32767.0 -32767.0 -32767.0 -32767.0 -32767.0 -32767.0 -32767.0 34.329082 34.366283 34.206238 34.11802 32.91094 32.74707 32.946964 33.081993 33.222656 33.302174 33.439915 34.01436 34.07847
-32767.0 -32767.0 -32767.0 -32767.0 -32767.0 -32767.0 -32767.0 -32767.0 -32767.0 -32767.0 -32767.0 -32767.0 -32767.0 -32767.0 -32767.0 -32767.0 -32767.0 -32767.0 -32767.0 -32767.0 -32767.0 -32767.0 -32767.0 -32767.0 -32767.0 -32767.0 -32767.0 -32767.0 -32767.0 -32767.0 -32767.0 -32767.0 -32767.0 -32767.0 -32767.0 -32767.0 -32767.0 -32767.0 -32767.0 -32767.0 -32767.0 -32767.0 -32767.0 -32767.0 -32767.0 -32767.0 -32767.0 32.900753 -32767.0 34.20287 34.07402 33.718685 33.21803 32.76516 32.736046 32.9477 33.40593 33.46566 33.547646 33.733093 33.929268
-32767.0 -32767.0 -32767.0 -32767.0 -32767.0 -32767.0 -32767.0 -32767.0 -32767.0 -32767.0 -32767.0 -32767.0 -32767.0 -32767.0 -32767.0 -32767.0 -32767.0 -32767.0 -32767.0 -32767.0 -32767.0 -32767.0 -32767.0 -32767.0 -32767.0 -32767.0 -32767.0 -32767.0 -32767.0 -32767.0 -32767.0 -32767.0 -32767.0 -32767.0 -32767.0 -32767.0 -32767.0 -32767.0 -32767.0 -32767.0 -32767.0 -32767.0 -32767.0 -32767.0 -32767.0 -32767.0 -32767.0 33.066986 34.289158 34.152607 33.97419 33.55701 32.349876 32.463814 32.778717 32.89997 33.536392 33.964016 34.2228 34.23564 34.16519
-32767.0 -32767.0 -32767.0 -32767.0 -32767.0 -32767.0 -32767.0 -32767.0 -32767.0 -32767.0 -32767.0 -32767.0 -32767.0 -32767.0 -32767.0 -32767.0 -32767.0 -32767.0 -32767.0 -32767.0 -32767.0 -32767.0 -32767.0 -32767.0 -32767.0 -32767.0 -32767.0 -32767.0 -32767.0 -32767.0 -32767.0 -32767.0 -32767.0 -32767.0 -32767.0 -32767.0 -32767.0 -32767.0 -32767.0 -32767.0 -32767.0 -32767.0 -32767.0 -32767.0 -32767.0 -32767.0 -32767.0 33.61235 34.35131 33.98937 33.915993 32.161697 31.94872 32.196022 32.778458 33.160183 34.075966 34.229088 34.15682 34.094967 34.076374
-32767.0 -32767.0 -32767.0 -32767.0 -32767.0 -32767.0 -32767.0 -32767.0 -32767.0 -32767.0 -32767.0 -32767.0 -32767.0 -32767.0 -32767.0 -32767.0 -32767.0 -32767.0 -32767.0 -32767.0 -32767.0 -32767.0 -32767.0 -32767.0 -32767.0 -32767.0 -32767.0 -32767.0 -32767.0 -32767.0 -32767.0 -32767.0 -32767.0 -32767.0 -32767.0 -32767.0 -32767.0 -32767.0 -32767.0 -32767.0 -32767.0 -32767.0 -32767.0 -32767.0 -32767.0 30.90994 -32767.0 33.73653 34.258816 33.83827 33.823044 32.684143 32.40385 32.989513 33.020725 33.90157 34.01445 34.023163 34.09234 34.120083 34.134018
-32767.0 -32767.0 -32767.0 -32767.0 -32767.0 -32767.0 -32767.0 -32767.0 -32767.0 -32767.0 -32767.0 -32767.0 -32767.0 -32767.0 -32767.0 -32767.0 -32767.0 -32767.0 -32767.0 -32767.0 -32767.0 -32767.0 -32767.0 -32767.0 -32767.0 -32767.0 -32767.0 -32767.0 -32767.0 -32767.0 -32767.0 -32767.0 -32767.0 -32767.0 -32767.0 -32767.0 -32767.0 -32767.0 -32767.0 -32767.0 -32767.0 -32767.0 -32767.0 -32767.0 -32767.0 -32767.0 33.704018 34.340176 33.818142 33.545074 33.406734 32.50888 32.480988 32.83168 32.958035 33.15078 33.725243 33.891243 34.086823 34.12497 34.19699
-32767.0 -32767.0 -32767.0 -32767.0 -32767.0 -32767.0 -32767.0 -32767.0 -32767.0 -32767.0 -32767.0 -32767.0 -32767.0 -32767.0 -32767.0 -32767.0 -32767.0 -32767.0 -32767.0 -32767.0 -32767.0 -32767.0 -32767.0 -32767.0 -32767.0 -32767.0 -32767.0 -32767.0 -32767.0 -32767.0 -32767.0 -32767.0 -32767.0 -32767.0 -32767.0 -32767.0 -32767.0 -32767.0 -32767.0 -32767.0 -32767.0 -32767.0 -32767.0 -32767.0 33.189404 33.800465 34.03299 33.529106 33.056507 33.08642 32.734734 32.259945 -32767.0 -32767.0 -32767.0 -32767.0 33.398308 33.83878 33.899464 34.038525 34.205963
-32767.0 -32767.0 -32767.0 -32767.0 -32767.0 -32767.0 -32767.0 -32767.0 -32767.0 -32767.0 -32767.0 -32767.0 -32767.0 -32767.0 -32767.0 -32767.0 -32767.0 -32767.0 -32767.0 -32767.0 -32767.0 -32767.0 -32767.0 -32767.0 -32767.0 -32767.0 -32767.0 -32767.0 -32767.0 -32767.0 -32767.0 -32767.0 -32767.0 -32767.0 -32767.0 -32767.0 -32767.0 -32767.0 -32767.0 -32767.0 -32767.0 -32767.0 -32767.0 33.564083 33.984848 33.51284 33.1183 32.63953 31.97944 32.369556 32.36097 33.160515 -32767.0 -32767.0 -32767.0 -32767.0 33.48531 33.828495 34.036762 34.008904 34.214653
-32767.0 -32767.0 -32767.0 -32767.0 -32767.0 -32767.0 -32767.0 -32767.0 -32767.0 -32767.0 -32767.0 -32767.0 -32767.0 -32767.0 -32767.0 -32767.0 -32767.0 -32767.0 -32767.0 -32767.0 -32767.0 -32767.0 -32767.0 -32767.0 -32767.0 -32767.0 -32767.0 -32767.0 -32767.0 -32767.0 -32767.0 -32767.0 -32767.0 -32767.0 -32767.0 -32767.0 -32767.0 -32767.0 -32767.0 -32767.0 -32767.0 33.254356 33.003204 33.71035 33.608578 32.57547 32.090446 32.110497 31.953325 32.384903 33.066643 -32767.0 -32767.0 -32767.0 -32767.0 -32767.0 33.833374 34.03324 34.141212 34.091187 34.200447
-32767.0 -32767.0 -32767.0 -32767.0 -32767.0 -32767.0 -32767.0 -32767.0 -32767.0 -32767.0 -32767.0 -32767.0 -32767.0 -32767.0 -32767.0 -32767.0 -32767.0 -32767.0 -32767.0 -32767.0 -32767.0 -32767.0 -32767.0 -32767.0 -32767.0 -32767.0 -32767.0 -32767.0 -32767.0 -32767.0 -32767.0 -32767.0 -32767.0 -32767.0 -32767.0 -32767.0 -32767.0 -32767.0 -32767.0 -32767.0 -32767.0 33.601402 33.61575 33.457928 33.00338 32.084476 32.05193 32.390194 32.727318 33.541054 32.70253 -32767.0 -32767.0 -32767.0 -32767.0 33.672752 33.927204 34.121655 34.13027 34.176647 34.17327
-32767.0 -32767.0 -32767.0 -32767.0 -32767.0 -32767.0 -32767.0 -32767.0 -32767.0 -32767.0 -32767.0 -32767.0 -32767.0 -32767.0 -32767.0 -32767.0 -32767.0 -32767.0 -32767.0 -32767.0 -32767.0 -32767.0 -32767.0 -32767.0 -32767.0 -32767.0 -32767.0 -32767.0 -32767.0 -32767.0 -32767.0 -32767.0 -32767.0 -32767.0 -32767.0 -32767.0 -32767.0 -32767.0 -32767.0 33.23148 33.502956 33.565304 33.517567 32.20928 31.002157 30.919655 32.227295 32.814335 33.37824 32.513878 -32767.0 -32767.0 -32767.0 -32767.0 -32767.0 33.908577 33.969925 34.224693 34.138298 34.155846 34.279
-32767.0 -32767.0 -32767.0 -32767.0 -32767.0 -32767.0 -32767.0 -32767.0 -32767.0 -32767.0 -32767.0 -32767.0 -32767.0 -32767.0 -32767.0 -32767.0 -32767.0 -32767.0 -32767.0 -32767.0 -32767.0 -32767.0 -32767.0 -32767.0 -32767.0 -32767.0 -32767.0 -32767.0 -32767.0 -32767.0 -32767.0 -32767.0 -32767.0 -32767.0 -32767.0 -32767.0 -32767.0 -32767.0 33.30241 33.693333 33.76912 33.61253 33.295227 31.406088 30.790155 30.958374 32.361156 33.425552 32.610497 32.222122 -32767.0 -32767.0 -32767.0 -32767.0 -32767.0 33.975082 34.092945 34.22097 34.287933 34.182343 34.256176
-32767.0 -32767.0 -32767.0 -32767.0 -32767.0 -32767.0 -32767.0 -32767.0 -32767.0 -32767.0 -32767.0 -32767.0 -32767.0 -32767.0 -32767.0 -32767.0 -32767.0 -32767.0 -32767.0 -32767.0 -32767.0 -32767.0 -32767.0 -32767.0 -32767.0 -32767.0 -32767.0 -32767.0 -32767.0 -32767.0 -32767.0 -32767.0 -32767.0 -32767.0 -32767.0 -32767.0 33.31662 33.730804 33.95269 33.684216 33.104153 32.088543 30.948198 30.958977 30.873112 32.428032 -32767.0 33.171856 32.484932 -32767.0 -32767.0 -32767.0 -32767.0 -32767.0 33.671375 33.858482 34.212753 34.399494 34.32114 34.266045 34.187756
-32767.0 -32767.0 -32767.0 -32767.0 -32767.0 -32767.0 -32767.0 -32767.0 -32767.0 -32767.0 -32767.0 -32767.0 -32767.0 -32767.0 -32767.0 -32767.0 -32767.0 -32767.0 -32767.0 -32767.0 -32767.0 -32767.0 -32767.0 -32767.0 -32767.0 -32767.0 -32767.0 -32767.0 -32767.0 -32767.0 -32767.0 -32767.0 -32767.0 -32767.0 -32767.0 33.32033 33.881096 33.835827 32.6539 32.339684 31.33878 31.587166 31.758612 31.40023 31.006056 32.777153 -32767.0 32.938084 32.09824 -32767.0 -32767.0 -32767.0 -32767.0 -32767.0 33.70223 34.07152 34.148323 34.40686 34.342075 34.22835 34.214222
-32767.0 -32767.0 -32767.0 -32767.0 -32767.0 -32767.0 -32767.0 -32767.0 -32767.0 -32767.0 -32767.0 -32767.0 -32767.0 -32767.0 -32767.0 -32767.0 -32767.0 -32767.0 -32767.0 -32767.0 -32767.0 -32767.0 -32767.0 -32767.0 -32767.0 -32767.0 -32767.0 -32767.0 -32767.0 -32767.0 -32767.0 -32767.0 -32767.0 -32767.0 -32767.0 33.267292 32.947517 31.753675 30.650925 30.784658 31.526314 31.663668 32.348236 33.143658 34.42954 33.839634 32.79171 32.880234 31.081757 -32767.0 -32767.0 -32767.0 -32767.0 -32767.0 33.964436 34.22256 34.223618 34.3763 34.284042 34.27771 34.272964
-32767.0 -32767.0 -32767.0 -32767.0 -32767.0 -32767.0 -32767.0 -32767.0 -32767.0 -32767.0 -32767.0 -32767.0 -32767.0 -32767.0 -32767.0 -32767.0 -32767.0 -32767.0 -32767.0 -32767.0 -32767.0 -32767.0 -32767.0 -32767.0 -32767.0 -32767.0 -32767.0 24.381155 -32767.0 27.56838 -32767.0 30.555803 30.510723 31.761368 31.54986 31.131805 30.858404 30.314123 30.582714 31.729572 31.77294 32.43385 32.456863 33.34273 33.075375 32.807617 32.787804 33.32916 33.357937 -32767.0 -32767.0 -32767.0 -32767.0 33.669315 33.980465 34.14998 34.39437 34.428032 34.25584 34.105347 34.245564
-32767.0 -32767.0 -32767.0 -32767.0 -32767.0 -32767.0 -32767.0 -32767.0 -32767.0 -32767.0 -32767.0 -32767.0 -32767.0 -32767.0 -32767.0 -32767.0 -32767.0 -32767.0 -32767.0 -32767.0 -32767.0 -32767.0 -32767.0 9.776532 -32767.0 -32767.0 29.634933 29.027617 29.046497 29.332794 29.30604 29.475702 29.563198 29.63472 29.901638 30.049301 30.795275 31.878986 32.642925 32.736954 32.469067 32.379936 32.321198 32.647175 33.266644 33.394466 33.52436 33.691044 33.64961 31.419891 -32767.0 -32767.0 32.70433 33.850323 34.046764 34.24844 34.370342 34.39588 34.33386 34.097637 34.21869
-32767.0 -32767.0 -32767.0 -32767.0 -32767.0 -32767.0 -32767.0 -32767.0 -32767.0 -32767.0 -32767.0 -32767.0 -32767.0 -32767.0 -32767.0 -32767.0 -32767.0 -32767.0 -32767.0 -32767.0 -32767.0 -32767.0 -32767.0 15.57952 9.72651 23.266949 26.043915 26.524504 28.190084 29.518147 31.125504 32.087727 32.44705 32.57702 32.669456 32.816658 32.846344 32.870087 32.862606 32.736343 32.775024 33.014545 33.41555 33.493916 33.6337 33.725277 33.802284 33.938023 34.005726 33.938717 32.333767 -32767.0 33.74369 33.90007 34.0825 34.22371 34.317074 34.381466 34.39848 34.10243 34.221054
-32767.0 -32767.0 -32767.0 -32767.0 -32767.0 -32767.0 -32767.0 -32767.0 -32767.0 -32767.0 -32767.0 -32767.0 -32767.0 -32767.0 -32767.0 -32767.0 -32767.0 -32767.0 -32767.0 -32767.0 13.397884 20.08731 21.336296 25.486443 27.399542 -32767.0 31.151676 32.006065 32.303806 32.645836 32.89044 32.950348 32.92656 32.88755 32.857037 32.856396 32.884304 32.90429 33.086723 33.26948 33.42536 33.46263 33.58083 33.778645 33.91057 34.03546 34.102627 34.14164 34.124184 34.195034 33.950138 -32767.0 33.031013 33.872692 34.157795 34.196564 34.267056 34.32288 34.404194 34.275192 34.17144
-32767.0 -32767.0 32.562317 -32767.0 -32767.0 -32767.0 -32767.0 -32767.0 -32767.0 -32767.0 -32767.0 -32767.0 -32767.0 -32767.0 -32767.0 -32767.0 30.159615 -32767.0 28.078585 26.282492 29.185043 30.375942 29.920877 30.256517 31.499569 31.993027 32.44211 32.61967 32.82561 33.05539 33.12216 33.018955 32.938885 32.963398 33.023117 33.11266 33.17479 33.232296 33.309116 33.353134 33.437057 33.672516 33.939716 34.051064 34.06714 34.066193 34.071384 34.133427 34.194332 34.23294 33.973076 33.869392 33.924587 34.08918 34.18542 34.19258 34.199677 34.259228 34.38611 34.47883 34.178535
-32767.0 31.705414 31.871338 31.737446 31.64146 -32767.0 31.789227 31.864145 -32767.0 -32767.0 -32767.0 -32767.0 -32767.0 31.409801 31.834099 32.441544 32.72961 32.766903 32.538673 32.66376 32.99987 33.20006 33.332253 32.436836 32.969646 32.84936 32.887627 33.087524 33.27671 33.291077 33.263824 33.160397 33.115635 33.191296 33.2983 33.396645 33.46758 33.504982 33.4971 33.577526 33.833374 33.952442 34.091553 34.083107 34.140957 34.23017 34.2143 34.025978 34.00876 34.185608 34.25094 34.25295 34.269775 34.247772 34.134895 34.301273 34.36872 34.28563 34.350002 34.456825 34.267387
32.08476 32.54977 32.469875 32.276615 32.14482 32.186474 31.973373 31.84951 -32767.0 -32767.0 -32767.0 32.216343 32.59367 33.044037 33.245865 33.168335 33.33595 33.39212 33.461067 33.509865 33.5502 33.537594 33.28688 33.142147 32.98867 33.199112 33.5347 33.557697 33.518993 33.415764 33.29333 33.309826 33.429977 33.658184 33.81008 33.86343 33.809414 33.862408 33.873135 33.987385 33.947933 34.10368 34.13869 34.196457 34.037807 33.81607 33.9497 34.219517 34.253082 34.1451 34.220695 34.207436 34.28752 34.362095 34.36846 34.42379 34.38574 34.315926 34.399303 34.457638 34.295578
32.91753 32.719467 32.6226 32.560192 32.417183 32.40451 32.300457 -32767.0 -32767.0 31.016985 -32767.0 33.108196 33.109066 33.0984 33.148273 33.26575 33.46099 33.67766 33.73447 33.715267 33.6838 33.680103 33.69008 33.578804 33.72842 33.7589 33.530807 33.423565 33.414757 33.299503 33.342537 33.50746 33.891094 34.082466 34.04192 33.91844 34.00898 34.023872 33.98357 34.023964 34.106155 34.15644 34.169506 33.92472 33.924236 33.99274 33.947178 34.079193 34.253277 34.247334 34.2379 34.193054 34.33055 34.399136 34.419014 34.351357 34.306263 34.37407 34.47809 34.45492 34.41009
32.735374 32.676567 32.688126 32.639767 32.606407 32.54311 32.46648 32.484653 -32767.0 -32767.0 32.73102 33.08898 32.952923 33.03084 33.11966 33.510494 33.690556 33.63372 33.538704 33.559788 33.556366 33.720066 33.75095 33.74502 33.729923 33.637203 33.441578 33.347073 33.283764 33.381313 33.534645 33.958206 34.0421 34.0742 34.06565 34.042507 34.032322 34.063187 34.093502 34.093353 34.181328 34.112072 33.816784 33.831078 33.920338 33.89517 33.8869 34.017437 34.21989 34.243763 34.26501 34.225937 34.33837 34.344284 34.37983 34.407795 34.416832 34.436935 34.526867 34.433865 34.33471
32.809692 32.729115 32.780273 32.798927 32.79414 32.73731 32.618763 32.551796 -32767.0 -32767.0 32.828285 32.837246 32.87262 32.98932 33.081398 33.248226 33.308613 33.339645 33.4073 33.568264 33.56096 33.748886 33.791637 33.73774 33.70103 33.649715 33.399708 33.276276 33.3342 33.575157 33.742714 33.94746 33.981384 33.99988 34.02599 34.05956 34.11505 34.12935 34.083168 34.144894 34.159397 34.14359 33.74796 33.785305 33.821255 33.846657 33.862057 34.090107 34.107677 34.131126 34.178032 34.270645 34.273697 34.28089 34.238457 34.25656 -32767.0 34.37901 34.52392 34.332073 34.375244
32.940468 32.846294 32.909996 32.865177 32.879013 32.867035 32.76659 32.648006 32.62665 32.752182 32.77956 32.7963 32.81514 33.003548 33.13724 33.3168 33.449596 33.534595 33.627094 33.67716 33.621983 33.73763 33.73963 33.754215 33.731133 33.682297 33.512394 33.351715 33.56339 33.707916 33.915237 33.81968 33.83688 33.955894 34.016533 34.06772 34.084812 34.10115 34.07023 34.168774 34.18054 34.00892 34.05202 34.001465 33.9146 33.931168 34.140156 34.1407 33.90853 34.177696 34.041523 34.18572 34.208088 34.20845 34.178406 34.17635 34.201126 34.33251 34.500214 34.3414 34.38483
33.149136 33.11662 33.133205 33.008327 32.91497 32.905052 32.982628 32.96918 32.77112 -32767.0 -32767.0 -32767.0 33.00129 33.1184 33.547447 33.613476 33.59968 33.605133 33.61343 33.646782 33.680824 33.761932 33.760704 33.75881 33.78316 33.71651 33.611103 33.557365 33.645836 33.814983 33.83056 33.83131 33.804 33.769154 33.845425 33.974953 34.011562 34.10043 34.1034 34.148197 34.228867 34.22457 34.158684 34.173317 34.30539 34.328465 34.0705 33.793095 33.80869 33.890335 34.08789 33.992207 34.216057 34.210068 34.157322 34.159313 34.1703 34.19891 34.29048 34.453823 34.339317
