static/data/salinity/2023/7/4/6.asc
ncols 137
nrows 93
xllcorner 108.0
yllcorner 17.0
cellsize 0.25
NODATA_value -32767
[rows 0 to 26 of 93, columns 61 to 121 of 137]
-32767.0 -32767.0 -32767.0 -32767.0 -32767.0 -32767.0 -32767.0 -32767.0 -32767.0 -32767.0 -32767.0 -32767.0 -32767.0 -32767.0 -32767.0 -32767.0 -32767.0 -32767.0 -32767.0 32.75125 32.75946 32.65727 32.714203 33.00796 33.541588 33.775642 33.752167 33.84377 33.958237 33.972054 33.816082 33.89196 33.992092 33.861286 33.739414 33.707397 33.605007 33.635017 33.72228 33.905178 33.956676 33.957275 33.97027 33.87171 33.669014 33.562706 33.531406 33.75259 33.882027 33.79161 33.693027 33.637814 33.610374 33.683426 33.850945 33.96085 33.96736 33.96077 33.967194 34.02755 33.911312
30.128202 30.109863 30.039463 29.969221 29.869783 29.743284 29.06873 -32767.0 -32767.0 -32767.0 -32767.0 -32767.0 -32767.0 -32767.0 -32767.0 -32767.0 -32767.0 -32767.0 32.384266 32.772514 33.38127 33.482464 33.579174 33.69116 33.735153 33.685986 33.63987 33.939026 33.986668 33.623196 33.33496 33.60755 33.888245 33.81849 33.846165 33.65537 33.467136 33.579628 33.8572 33.92147 33.64727 33.74213 33.867073 33.770683 33.60216 33.783863 34.02615 34.057663 34.08249 34.08194 34.078316 33.99462 33.954674 33.957436 33.96244 33.951847 34.02529 34.0175 33.979427 33.9373 34.04562
30.104832 30.075743 30.132324 30.055243 29.86768 29.586647 29.218586 28.797518 28.169666 -32767.0 -32767.0 -32767.0 -32767.0 -32767.0 -32767.0 -32767.0 -32767.0 -32767.0 32.64004 32.645317 33.021942 33.38242 33.465034 33.722 33.57625 33.289433 33.15083 33.21214 33.106842 32.7959 32.714848 33.346924 33.918087 33.875122 33.99258 33.809536 33.58947 33.533596 34.059757 34.174114 34.127415 33.730812 33.845352 33.84462 33.885376 34.03578 34.099236 34.154484 34.102722 34.079506 34.097824 34.036808 34.048836 34.0465 34.013092 34.048454 34.008488 34.01038 33.98227 33.966278 34.04462
30.205458 30.442492 30.32216 30.256893 30.205372 29.939087 29.555893 28.896961 28.160316 -32767.0 -32767.0 -32767.0 -32767.0 -32767.0 -32767.0 -32767.0 -32767.0 32.488617 32.755768 32.8146 33.320866 33.2897 33.18058 33.04861 33.20502 33.135597 33.051136 33.023457 32.979797 32.90064 32.760456 32.68315 33.55083 33.934036 33.985558 34.02136 33.74272 33.711784 34.165653 34.186256 34.05376 33.7452 33.962166 33.946655 33.942215 34.12615 34.220882 34.26894 34.27793 34.125072 34.134514 34.125195 34.132015 34.1344 34.042515 34.075497 34.056145 34.005947 34.02663 34.086395 34.045353
30.265852 30.29092 30.295727 30.29547 30.30287 29.807316 29.832645 29.218246 -32767.0 -32767.0 -32767.0 -32767.0 -32767.0 -32767.0 -32767.0 -32767.0 -32767.0 -32767.0 -32767.0 32.77648 33.03041 33.24122 33.154762 33.16249 33.13071 33.446484 33.883717 33.850746 33.940308 33.81775 33.22505 32.84884 32.746937 33.12729 33.548042 33.316406 33.82978 34.13779 34.193222 34.13778 33.898544 33.723198 33.991318 33.97291 34.129135 34.179462 34.23899 34.30244 34.33788 34.28024 34.16846 34.128487 34.082375 34.102108 34.142487 34.031517 34.070618 34.1217 34.146996 34.151848 34.13645
29.754313 29.745829 29.889456 30.077433 30.215967 29.663406 28.98203 28.82345 -32767.0 -32767.0 -32767.0 -32767.0 -32767.0 -32767.0 -32767.0 -32767.0 -32767.0 -32767.0 -32767.0 -32767.0 32.993237 33.21661 33.19831 33.212814 33.201588 33.146385 33.43812 33.366318 33.787483 33.89272 33.352253 33.324265 32.883736 33.07144 33.286617 34.02459 34.111183 34.19795 34.131443 33.97657 33.758366 33.876934 34.031025 34.170925 34.15283 34.156628 34.221645 34.301067 34.36351 34.32072 34.187073 34.121014 34.07952 34.072002 34.167248 34.111217 34.018375 34.089985 33.924118 33.782066 33.80542
29.222326 29.438213 29.523815 29.701103 29.971226 29.796951 28.692833 28.990793 -32767.0 -32767.0 -32767.0 -32767.0 -32767.0 -32767.0 -32767.0 -32767.0 -32767.0 -32767.0 -32767.0 -32767.0 -32767.0 33.232216 33.13587 33.286503 33.28869 33.250874 33.384243 33.253925 33.859512 33.954163 33.870697 33.532536 32.85425 33.1281 33.996403 34.069397 34.116177 34.193233 34.092472 33.941875 33.915752 34.125057 34.341396 34.240143 34.249683 34.23756 34.20896 34.309948 34.346035 34.330353 34.206665 34.09439 34.077362 34.092903 34.122753 34.229137 33.98909 34.000614 33.84599 33.798153 33.950108
29.009813 29.645218 29.634071 29.675596 29.903433 29.719345 28.645836 -32767.0 -32767.0 -32767.0 -32767.0 -32767.0 -32767.0 -32767.0 -32767.0 -32767.0 -32767.0 -32767.0 -32767.0 -32767.0 -32767.0 -32767.0 33.063175 33.16141 33.254616 33.30458 33.013283 33.305153 33.528816 33.958946 33.78701 33.177216 32.906715 33.910427 34.039795 34.066757 34.158756 34.172943 34.140324 33.98529 34.05892 34.162544 34.180305 34.238712 34.248356 34.250797 34.29643 34.372353 34.357155 34.36668 34.2346 34.13803 34.12139 34.1928 34.19301 34.18041 34.27345 33.94203 33.834946 34.008133 33.876263
28.90306 29.092619 29.203094 29.328493 29.373184 28.368788 -32767.0 26.09723 -32767.0 -32767.0 -32767.0 -32767.0 -32767.0 -32767.0 -32767.0 -32767.0 -32767.0 -32767.0 -32767.0 -32767.0 -32767.0 -32767.0 32.930355 33.131 33.201885 33.27428 32.96489 33.32149 33.285957 33.73637 33.35614 33.293518 33.03351 33.96092 33.96845 34.063145 34.159912 34.22499 34.199368 34.140667 34.112186 34.189205 34.278564 34.281185 34.464188 34.504486 34.40689 34.392887 34.425766 34.38895 34.264565 34.196377 34.302788 34.092987 34.212837 34.183575 34.160534 34.0214 33.90378 34.041378 -32767.0
28.71859 28.814186 28.864906 29.27317 29.49393 29.44776 28.893091 28.89595 24.963728 24.63187 24.33513 21.192656 17.431131 -32767.0 -32767.0 -32767.0 -32767.0 -32767.0 -32767.0 -32767.0 -32767.0 -32767.0 -32767.0 32.926945 33.15508 33.30357 32.869526 33.03298 33.167896 33.475178 33.50528 33.24015 33.648266 34.044952 33.91685 34.03122 34.13044 34.191906 34.160492 34.142204 34.038918 34.134563 34.310764 34.459084 34.512566 34.435352 34.425987 34.468903 34.446106 34.314762 34.18126 34.117233 34.120747 34.167114 33.846474 33.87757 34.095924 34.188442 34.152054 34.125057 33.94801
28.626133 28.962482 29.607185 29.899443 30.270987 30.22401 29.933712 29.632166 28.203985 27.494219 25.763147 24.930687 22.269747 -32767.0 -32767.0 -32767.0 -32767.0 -32767.0 -32767.0 -32767.0 -32767.0 -32767.0 -32767.0 -32767.0 33.29921 33.34914 32.50994 32.82587 33.239773 33.38188 33.813347 33.710167 34.073242 34.183353 33.847897 33.84058 33.867336 33.892174 34.00472 33.89373 33.727318 33.97557 34.41656 34.512135 34.483017 34.45413 34.46673 34.463215 34.231926 34.13498 34.011337 34.01082 34.03488 34.081276 33.817425 33.924282 -32767.0 34.09042 33.883255 33.791954 33.498276
29.043684 28.986544 29.421694 30.325375 30.502045 30.47147 30.475843 30.352472 29.594067 29.012983 28.302963 27.92756 23.529388 21.542788 18.045546 -32767.0 -32767.0 -32767.0 -32767.0 -32767.0 -32767.0 -32767.0 -32767.0 -32767.0 -32767.0 33.28636 32.261986 31.921038 33.071934 32.942894 33.325283 33.96308 34.07405 34.140892 33.91229 33.79922 33.835667 33.935818 33.967598 33.924694 33.764496 33.882313 34.41937 34.46849 34.50391 34.49349 34.490814 34.406925 34.238335 34.178802 34.02094 34.130157 34.066124 33.94034 -32767.0 -32767.0 33.91454 34.076008 33.96865 33.345394 32.176598
29.254377 29.270348 29.381603 29.8076 29.956663 30.52224 30.629194 30.24159 29.398945 29.76202 29.306856 28.586832 26.048416 -32767.0 18.09937 -32767.0 -32767.0 -32767.0 -32767.0 -32767.0 -32767.0 -32767.0 -32767.0 -32767.0 -32767.0 33.107285 31.884968 31.960701 32.953655 33.418938 33.12176 33.387486 33.996895 34.143215 34.13207 34.10792 34.078384 33.96508 33.855614 33.830135 33.78308 33.89452 34.381107 34.29735 34.235115 34.393982 34.482853 34.41498 34.202576 34.025616 34.08196 34.096287 34.146442 33.784603 -32767.0 33.712013 33.906445 33.62521 -32767.0 -32767.0 -32767.0
29.333502 29.413181 29.61709 30.490025 30.986927 31.014769 30.97976 30.67782 30.1722 30.239628 29.905178 28.57491 -32767.0 -32767.0 -32767.0 -32767.0 -32767.0 -32767.0 -32767.0 -32767.0 -32767.0 -32767.0 -32767.0 -32767.0 -32767.0 32.79927 31.690916 31.733349 33.682632 33.627895 33.313442 33.42422 33.49827 33.575134 33.669712 33.747433 33.76457 33.74888 33.770767 33.761703 33.73709 33.838047 34.00841 33.901485 34.123737 34.28395 34.400536 34.38474 34.238342 34.2168 34.157726 34.09592 33.683468 33.780243 33.36235 -32767.0 33.599506 -32767.0 -32767.0 -32767.0 -32767.0
29.295204 29.869434 30.400286 30.777485 31.067404 31.056906 31.167936 30.95443 30.675398 30.268894 30.079155 29.625875 28.992874 -32767.0 -32767.0 -32767.0 -32767.0 -32767.0 -32767.0 -32767.0 -32767.0 -32767.0 -32767.0 -32767.0 -32767.0 32.900818 31.654015 31.556475 33.56226 33.633545 33.797855 33.768814 33.75822 33.937634 33.9163 33.815006 33.74364 33.69231 33.70201 33.70234 33.705566 33.782375 33.874813 33.905327 34.32566 34.34028 34.342552 34.380493 34.348755 34.30836 34.135986 33.87694 33.325924 33.32646 -32767.0 -32767.0 -32767.0 -32767.0 -32767.0 -32767.0 -32767.0
29.390627 29.898804 30.228552 30.29992 30.413704 30.976124 31.379528 31.145323 30.740622 30.672117 30.460197 29.63652 28.992176 28.294355 -32767.0 -32767.0 -32767.0 -32767.0 -32767.0 -32767.0 -32767.0 -32767.0 -32767.0 -32767.0 -32767.0 32.70174 31.525885 31.800714 32.21809 33.288517 33.865093 33.830624 33.844414 34.07382 34.04319 33.89945 33.83642 33.86167 33.69497 33.77279 -32767.0 34.074333 33.992447 34.298187 34.20422 34.328117 34.37486 34.378105 34.235756 34.068325 34.08306 33.82628 -32767.0 -32767.0 -32767.0 -32767.0 -32767.0 -32767.0 -32767.0 -32767.0 -32767.0
29.597948 29.919456 30.229237 30.409395 30.680445 31.51363 31.640293 31.349197 30.884947 30.506077 30.460981 29.798262 29.132113 26.080957 -32767.0 -32767.0 -32767.0 -32767.0 -32767.0 -32767.0 -32767.0 -32767.0 -32767.0 -32767.0 -32767.0 -32767.0 31.410433 32.066677 31.925253 33.172127 33.88436 33.87047 33.912678 33.960197 33.890404 33.73765 33.74619 33.730606 33.76837 33.76724 34.074253 34.003468 34.04678 34.209415 34.131268 34.130394 34.04203 34.198353 34.16763 33.9615 33.967674 33.6326 -32767.0 -32767.0 -32767.0 -32767.0 -32767.0 -32767.0 -32767.0 -32767.0 -32767.0
30.214088 30.7318 30.959011 30.869362 31.027544 31.39886 31.831074 31.968891 31.95808 31.555069 30.637913 30.032639 28.453665 25.168972 25.414831 -32767.0 -32767.0 -32767.0 -32767.0 -32767.0 -32767.0 -32767.0 -32767.0 -32767.0 -32767.0 31.539919 31.579847 31.937319 32.433685 32.54915 33.254925 33.654827 33.881557 33.930386 33.91083 33.745705 33.693268 33.664867 33.66201 33.663197 33.751072 33.758118 33.776283 33.803207 33.82168 33.801426 33.752434 33.776466 -32767.0 33.541496 33.796402 32.773098 -32767.0 -32767.0 -32767.0 -32767.0 -32767.0 -32767.0 -32767.0 -32767.0 -32767.0
30.853401 31.19429 31.54465 31.463398 31.37587 31.525463 31.972368 32.167496 32.147778 31.430323 29.825262 29.067148 26.156149 25.181616 -32767.0 -32767.0 -32767.0 -32767.0 -32767.0 -32767.0 -32767.0 -32767.0 -32767.0 -32767.0 -32767.0 31.05472 31.99505 31.5851 32.82362 33.120296 33.243393 33.58138 33.617447 33.71416 33.75362 33.678253 33.548275 33.47009 33.574623 -32767.0 -32767.0 33.7488 33.710976 -32767.0 -32767.0 -32767.0 -32767.0 -32767.0 -32767.0 -32767.0 -32767.0 -32767.0 -32767.0 -32767.0 -32767.0 -32767.0 -32767.0 -32767.0 -32767.0 -32767.0 -32767.0
30.635044 31.465979 31.721996 31.64957 31.665827 32.035854 32.078598 32.098972 32.094902 31.5495 29.705692 28.595312 23.770178 -32767.0 -32767.0 -32767.0 -32767.0 -32767.0 -32767.0 -32767.0 -32767.0 -32767.0 -32767.0 -32767.0 31.397423 32.166237 31.89037 32.20008 32.354187 33.117676 32.926113 32.764442 32.961956 33.265064 33.551807 33.463257 33.262554 33.48409 -32767.0 -32767.0 -32767.0 -32767.0 -32767.0 -32767.0 -32767.0 -32767.0 -32767.0 -32767.0 -32767.0 -32767.0 -32767.0 -32767.0 -32767.0 -32767.0 -32767.0 -32767.0 -32767.0 -32767.0 -32767.0 -32767.0 -32767.0
30.332296 31.06621 31.457554 31.379946 31.388058 31.780107 31.971859 31.946255 32.143566 31.513073 30.228777 29.159464 22.844788 -32767.0 -32767.0 -32767.0 -32767.0 -32767.0 -32767.0 -32767.0 -32767.0 31.167192 31.00225 31.060148 31.717957 32.336372 31.695309 31.507912 31.970692 32.80948 32.44557 32.48262 32.701088 33.082085 33.249153 33.26219 -32767.0 -32767.0 -32767.0 -32767.0 -32767.0 -32767.0 -32767.0 -32767.0 -32767.0 -32767.0 -32767.0 -32767.0 -32767.0 -32767.0 -32767.0 -32767.0 -32767.0 -32767.0 30.152807 -32767.0 -32767.0 -32767.0 -32767.0 -32767.0 -32767.0
30.184895 30.410301 30.727266 30.98392 31.229097 31.51593 31.991848 31.986912 31.888409 32.007526 31.013302 29.453539 28.536201 -32767.0 -32767.0 -32767.0 -32767.0 28.793089 30.899815 30.882969 30.918394 31.049154 31.111284 31.351883 32.828674 32.191914 32.654022 32.519104 32.690987 32.482395 32.724403 32.762226 33.159798 33.313133 33.01775 -32767.0 -32767.0 -32767.0 -32767.0 -32767.0 -32767.0 -32767.0 -32767.0 -32767.0 -32767.0 30.054379 30.016052 -32767.0 -32767.0 -32767.0 -32767.0 -32767.0 -32767.0 -32767.0 30.193426 -32767.0 -32767.0 -32767.0 -32767.0 -32767.0 33.611073
30.133194 30.440147 30.8464 31.200857 31.455214 31.515652 31.753733 31.72422 31.829515 31.863636 31.285717 29.892653 -32767.0 29.138296 -32767.0 30.439781 -32767.0 30.10035 -32767.0 31.015318 31.013906 31.046629 31.009964 32.68675 32.75518 32.16084 32.175014 32.224804 32.513912 32.993828 32.952057 33.01906 32.892323 -32767.0 -32767.0 -32767.0 -32767.0 -32767.0 -32767.0 -32767.0 -32767.0 31.413 31.279375 31.065897 30.911613 30.977068 30.733952 29.846048 29.967127 -32767.0 -32767.0 -32767.0 -32767.0 -32767.0 30.163568 31.706364 32.96298 33.631485 33.92409 33.92915 33.715538
30.190826 30.18811 30.526873 30.769405 30.910835 31.251173 31.482317 31.414116 31.646048 31.49454 31.694735 31.32341 30.286648 30.437199 30.182783 30.404747 30.311216 30.417414 30.441736 30.263697 31.2815 31.536074 31.227068 32.57725 -32767.0 32.764217 32.840744 32.84087 33.18225 33.196033 33.121704 -32767.0 -32767.0 -32767.0 -32767.0 -32767.0 30.000414 30.48624 31.480673 31.26817 31.315817 31.342737 31.111393 -32767.0 -32767.0 30.598234 31.275986 31.071772 -32767.0 -32767.0 -32767.0 -32767.0 -32767.0 33.96647 34.0433 34.22588 34.066677 34.162376 34.20378 34.219936 34.197166
30.310793 30.452528 30.476973 30.526993 30.60365 30.702484 31.031902 31.593864 31.991838 31.818123 31.798641 31.783922 31.266369 30.78394 31.061155 31.650232 31.5312 31.229742 31.772865 31.056871 31.396725 32.044827 31.63295 31.945786 32.474796 32.80527 33.306293 33.422836 33.369305 32.868816 32.426517 31.784876 -32767.0 31.223179 31.112457 -32767.0 30.58524 32.178707 31.34109 -32767.0 30.781935 30.956467 -32767.0 -32767.0 -32767.0 -32767.0 32.10877 32.226414 -32767.0 -32767.0 -32767.0 -32767.0 34.189198 34.12514 34.242912 34.23283 34.352867 34.37972 34.38087 34.39482 34.33992
29.613457 29.822615 30.11531 30.092966 30.264418 30.583763 30.99909 31.167702 31.323578 31.616516 31.844643 31.887505 31.894333 32.047787 32.0655 32.355984 32.23549 31.950356 31.708391 32.02926 32.6673 32.54765 32.444492 32.533764 32.841496 33.353737 -32767.0 33.273457 32.88028 -32767.0 -32767.0 32.142242 31.771461 31.822155 31.553043 31.286049 32.709396 31.91226 -32767.0 -32767.0 -32767.0 -32767.0 -32767.0 -32767.0 -32767.0 -32767.0 32.109417 32.70729 32.88163 -32767.0 -32767.0 34.30484 34.126766 34.226276 34.211445 34.283936 34.330116 34.384304 34.47704 34.51139 34.523785
30.170006 30.225979 30.352617 30.037054 30.344082 30.595879 30.803076 31.09086 31.668726 32.23483 32.494736 32.62647 32.53151 -32767.0 -32767.0 32.01093 32.463978 32.783463 32.72524 32.496414 32.67699 32.803074 33.044975 33.159016 33.57816 33.597916 33.351467 32.70913 -32767.0 -32767.0 -32767.0 -32767.0 -32767.0 -32767.0 31.483408 31.930727 32.615353 -32767.0 -32767.0 -32767.0 -32767.0 -32767.0 32.660328 -32767.0 31.637737 33.11429 33.52662 33.546257 33.139675 34.016434 -32767.0 34.117924 34.14827 34.271324 34.154243 34.190674 34.235275 34.365776 34.45383 34.499496 34.504803
