static/data/seaWind_uo/2023/7/24/12.asc
ncols 137
nrows 93
xllcorner 108.0
yllcorner 17.0
cellsize 0.25
NODATA_value -32767
[rows 19 to 37 of 93, columns 86 to 128 of 137]
4.29295662944601 4.864752206998391 5.078574922973862 5.06816407912487 4.302566639152772 3.1805980058882253 2.022591836223318 2.35013300039548 3.360785687890026 4.475546813874502 5.268372614682425 3.9205687533089546 2.4478347657475674 1.2626002352468326 0.8149339497401358 0.26636256231243083 -0.06358110428642272 -0.2357604448659214 -0.25337879599498647 -0.6377791842654952 -0.40313478059203867 0.11820824599983881 0.5474553462352403 0.8525731544249564 1.2233593622775514 1.1464792846234495 -0.24857379114160505 -0.8363860515385912 -1.1951597472577329 -1.1895539082621212 -1.061420445505285 -0.6513933646834089 -0.21894292787908665 0.0845732120261693 0.12301325085322024 0.24954504532559607 0.3720726690868208 0.5570653559420031 1.0760058801071897 2.7481475690839026 3.200618859443981 2.821824310169083 1.9320975781513021
3.7363769005960026 3.914962914313343 4.200860703089534 4.126383127862123 3.2302497227064992 1.9753426218317345 0.7812989157664663 1.5172654924760445 2.8090109638934 3.838082836659241 3.725165222604779 1.8223833006657606 0.44094440531862 -0.24056544971930283 0.14223327026674548 0.13102159227552246 -0.27420048369297234 -0.6738167206658554 -0.6994434132172225 -1.1679313864219052 -1.0742337917809686 -0.5777166235982281 0.18948248465832895 0.8309506325847402 1.35950116645669 1.586938062850074 1.1929276648728027 -0.04436108487289703 -0.9412953241707509 -1.3705424244061524 -1.3721440926906128 -1.0029595531224784 -0.5008365459441264 -0.15968120135404984 -0.27820465440412345 0.27517173787696336 0.6587712920052415 1.0143416511554624 1.5565063654453257 3.5938284232790223 4.272134941748025 3.985436318829603 3.0300411871489428
2.754554242221744 2.98519447518405 3.4753049702289487 3.322345649062975 2.3301121468397246 0.8974198663898494 -0.40313478059203867 0.4265293907584762 1.3755178493012945 2.0562268701969875 1.4596054342354683 0.5186253171149522 -0.16128286963851046 0.022908983074442002 0.3416409716820721 0.6723854724231555 0.9638891001949581 0.8621831641317192 0.22632085520091927 -1.5010783895896793 -1.8742670998689648 -1.6083901646485297 -0.3807114246095922 0.7396555403704945 1.2593968986779118 1.3466878201810064 1.1681018064636657 0.41691938105171333 -0.5560941017580121 -1.2079730935334165 -1.1487113670083797 -0.39752894159642693 0.26636256231243083 0.5971070630535142 0.3968985274959578 0.7348505355171131 1.391534532145899 2.274854591025839 3.0004103238864244 4.295359131872701 4.5444185501063 4.232093234636512 3.8893362217619756
2.1675428159669887 2.480668965579007 3.042053699282396 2.91311940238333 1.4636096049466194 -0.17169371348750317 -1.465040853189319 -0.591330804016142 0.21190584064077544 0.5370445023862471 0.27036673302358194 0.27357006959250274 0.600310399622435 0.8189381204512869 0.6411529408761769 0.97109660747503 1.595747238414607 2.3805646978002284 2.0338035142145405 0.19428748951171038 -1.3713432585483827 -1.4618375166203983 -0.7514976324621874 0.30720510356617226 0.8862081883986259 0.9590840953415767 0.5939037264845934 0.3536534838155254 0.28077757687257465 -0.08920779683779001 0.380081010509123 0.8894115249675467 1.4011445418526618 1.4307754051151802 1.303442776500574 1.422767063692878 1.6341872772416575 2.322904639559652 2.9371444266502365 3.434462428975207 3.702741866622333 3.568201730727655 3.33836233190758
1.604556413979139 1.9304959098668415 2.4158014000583585 2.491079809428 0.8990215346743096 -0.810759358987224 -1.7052910958583871 -1.203168088680035 -0.7338792813331223 -0.009925216756997646 0.3416409716820721 0.9374615735013605 1.1905251624461122 1.546095521596333 1.4099537174171943 1.4956429706358283 1.852014163928279 1.71266902318022 1.5428921850274118 0.34003930339761146 -0.7346801154753526 -1.199163917968884 -0.8860377683568654 -0.1772995524831149 0.19668999193840087 0.31040844013509306 0.5170236488304916 1.045574182702441 1.4892362974979867 1.645398955232881 2.018587665512166 2.0330026800723107 1.6373906138105787 1.4692154439422311 1.2914302643671207 1.272210244953595 1.4908379657824473 1.7559140668606523 2.193169508518356 2.5807732333577857 2.664860818291959 2.637632457456131 2.4438305950364163
1.263401069389063 1.2081435135751772 1.586938062850074 1.6470006235173416 0.4889944538524338 -0.9076602901970814 -1.6844694081604012 -1.6756602325958687 -1.3801524341129152 -0.14206285022498477 0.6411529408761769 0.7508672183617175 0.8237431253046683 0.9238473930834465 0.7837014181931572 0.6091195751869676 0.54665451209301 0.34324263996653226 0.4649694295855267 1.0239516608622248 0.27036673302358194 -0.1772995524831149 -0.4623965071170755 -0.2862129958264257 -0.21814209373685634 0.16065245553804086 0.7837014181931572 1.7543123985761917 2.381365531942459 2.6007940869135413 2.746545900799442 2.3084896249995084 1.7182748621758317 1.2177535232819396 0.9030257053854607 0.8405606422915031 1.0359641729956786 1.2257618647042423 1.4844312926446053 1.6846398282021622 1.7743332521319473 1.752710730291731 1.5653155410098578
0.45856275644768507 0.4033052006337994 0.47698194171898045 0.4897952879946641 -0.10202114311347366 -0.17489705005642397 -0.9549095045886649 -1.3889616096774475 -1.4033766242375918 -0.21493875716793553 -0.25898463499059776 -0.14927035750505713 -0.19571873775440984 -0.38471559532074373 -0.5184548970731913 -0.4720065168238383 -0.5128490580775797 -0.3422713857825417 0.6435554433028674 1.2265626988464722 2.0514218653436056 1.7687274131363355 0.8717931738384821 -0.24617128871491412 -0.17810038662534522 0.3248234546952373 1.1344667724899962 2.189165337807205 2.584777404068937 2.804205959040019 2.480668965579007 1.9521184317070577 1.377920351727985 0.9550799246304256 0.6403521067339466 0.48258778071459174 0.5122186439771101 0.6988129991167531 0.7941122620421499 0.982308285466253 1.0415700119912898 0.9783041147551019 0.7909089254732291
-0.43196480971232676 -0.5961358088695234 -0.5512890969046307 -0.3214496980845558 -0.4119439561565712 -0.2862129958264257 0.05093817805249978 -0.18690956218987775 -0.45919317054815467 -1.0325904163849968 -1.1479105328661494 -1.3280982148679503 -1.1134746647502498 -1.1543172060039912 -0.7667134811645615 -0.7210659350574387 -0.45919317054815467 -0.03234857273944369 1.2177535232819396 2.3341163175508757 3.222241381284197 3.244664737266643 2.036206016641231 0.6075179069025074 -0.06358110428642272 0.39049185435811573 1.2794177522336674 1.9272925732979203 2.221198703496414 2.162737811113607 1.8143749592434584 1.546095521596333 1.11284425064978 0.692406325978911 0.39129268850034604 0.21671084549415642 0.12701742156437135 0.13342409470221295 0.2287233576276102 0.34003930339761146 0.4337368980385481 0.4097118737716414 0.30320093285502114
-1.4978750530207585 -1.5531326088346442 -0.8339835491119005 -0.2894163323953465 -0.5657041114647747 -0.415147292725492 0.02451065135890218 0.6187295848937304 0.737253037943804 -0.7258709399108201 -2.0872889817022053 -2.479697711395016 -1.8910846168557995 -1.3705424244061524 -0.7482942958932663 -0.2717979812662814 0.1726649676714942 0.6339454335961046 1.699054842762306 2.6888858425588658 3.102116259949663 3.002011992170885 2.1915678402338954 1.0319600022845274 0.27997674273034434 0.23593086490768211 0.9662916026216486 1.3611028347411502 1.4467920879597846 1.380322854154676 1.228965201273163 1.0856158898139525 0.712427179534667 0.43533856632300827 0.1494407775468174 -0.09000863098002032 -0.16688870863412175 -0.16608787449189188 -0.13725784537160335 -0.06438193842865303 0.061349021901492495 0.062149856043722806 -0.06918694328203445
-2.0312305917460893 -1.8758687681534254 -0.9268803096106069 -0.26699297641290043 -0.9693245191488089 -0.8788302610767933 -0.21734125959462602 0.6980121649745228 1.2882269277982 0.3712718349445905 -1.3609324146993897 -2.687914588374875 -2.6174411838586154 -1.288056507756439 -0.8187677004095264 -0.42956230728563627 -0.0019168753346954226 0.5858953850622912 1.328268634909711 1.7959557739721634 2.018587665512166 2.058629372623678 1.8408024859370564 0.9662916026216486 0.34084013753984177 0.1990924943650918 0.6123229117558884 0.8589798275627984 0.9919182951730159 0.9694949391905694 0.8133322814556756 0.5210278195416427 0.24554087461444496 0.04212900248796725 -0.11963949424253872 -0.3158438590889441 -0.3895206001741247 -0.45198566326808276 -0.4375706487079385 -0.3526822296315344 -0.2581838008483679 -0.3206488639423255 -0.4744090192505288
-1.9359313288206925 -1.9439396702429947 -1.0413995919495294 -0.32945803950685804 -1.2640314834895323 -1.2904590101831297 -0.591330804016142 0.44094440531862 0.8029214376066824 0.33683596682869066 -0.7883360030047777 -1.8342253927574537 -2.1801857422009117 -1.722909446987452 -1.2648323176317626 -0.8764277586501026 -0.5600982724691632 -0.2725988154085117 0.1534449482579685 0.6403521067339466 1.094425065378485 1.4483937562442453 1.4107545515594246 0.7116263453924367 0.13742826541336406 -0.04836525558404858 0.28077757687257465 0.6091195751869676 0.719634686814739 0.6267379263160326 0.384886015362504 0.13342409470221295 -0.09881780654455286 -0.2830096592575049 -0.42635897071671547 -0.5512890969046307 -0.5929324723006024 -0.6449866915455671 -0.6449866915455671 -0.5985383112962139 -0.5897291357316816 -0.6457875256877974 -0.7635101445956407
-1.461036682478168 -1.7493369736810496 -1.2552223079249998 -0.4199522975788734 -0.665808379243553 -0.8972494463480885 -0.46079483883261485 0.2607567233168191 0.41772021519394364 -0.3799105904673623 -0.9116644609082325 -1.393766614530829 -1.4834600384606145 -1.613195169501911 -1.340911561143634 -1.1374996890171565 -0.8820335976457143 -0.7346801154753526 -0.4631973412593058 -0.03795441173505543 0.45696108816322445 0.9382624076435908 1.0351633388534482 0.3808818446513529 -0.21814209373685634 -0.45118482912585245 -0.10842781625131526 0.2855825817259561 0.4001018640648786 0.2871842500104167 0.002087295376455689 -0.2894163323953465 -0.4688031802549175 -0.5456832579090192 -0.6281691745587323 -0.7522984666044175 -0.8347843832541308 -0.8435935588186634 -0.7979460127115405 -0.7442901251821152 -0.669011715812474 -0.6313725111276534 -0.7098542570662154
-1.421795809508887 -1.8085987002060864 -1.3681399219794617 -0.5697082821759258 -0.4784131899616799 -0.7627093104534104 -0.5320690774911052 0.2022958309340126 -0.03555190930836494 -0.9012536170592396 -1.3809532682551453 -1.3993724535264407 -1.3497207367081665 -1.2752431614807556 -1.2039689228222652 -1.0694287869275871 -1.132694684163775 -1.203168088680035 -1.0630221137897453 -0.7042484180706039 -0.17810038662534522 0.5058119708392685 0.6179287507515001 -0.0011160411924651115 -0.5288657409221844 -0.7266717740530502 -0.3823130928940528 -0.08280112369994796 -0.0019168753346954226 -0.14927035750505713 -0.4047364488764993 -0.6097499892874372 -0.7250701057685898 -0.8203693686939868 -0.9164694657616139 -1.0101670604025506 -1.0205779042515435 -0.9461003290241323 -0.8764277586501026 -0.7378834520442734 -0.640982520834416 -0.6073474868607465 -0.6329741794121138
-1.175138893701977 -1.5899709793772345 -1.4241983119355777 -0.6962400766483017 -0.7090534229239853 -0.5344715799177959 -0.2758021519774325 -0.030746904454983515 -0.4087406195876504 -0.9140669633349232 -1.0245820749626946 -1.0422004260917594 -1.128690513452624 -1.2015664203955747 -1.2287947812314024 -1.32649654658349 -1.3681399219794617 -1.4482233362024843 -1.4282024826467288 -1.096657147763415 -0.6874309010837691 -0.1212411625269989 -0.11643615767361748 -0.39832977573865724 -0.9044569536281606 -0.9404944900285208 -0.6818250620881576 -0.4103422878721106 -0.3839147611785134 -0.5288657409221844 -0.7579043056000292 -0.9116644609082325 -1.0069637238336295 -1.1014621526167963 -1.2015664203955747 -1.238404790938165 -1.188753074119891 -1.1166780013191706 -1.0189762359670829 -0.8924444414947073 -0.8371868856808216 -0.8115601931294543 -0.828377710116289
-0.9693245191488089 -1.5795601355282416 -1.4554308434825565 -1.117478835461401 -0.7851326664358569 -0.5937333064428327 -0.3494788930626136 -0.16208370378074033 -0.2942213372487279 -0.21493875716793553 -0.34066971749808106 -0.8636144123744189 -1.0518104357985223 -1.2127780983867977 -1.4306049850734195 -1.5291075845677373 -1.64442770104889 -1.736523627405366 -1.6916769154404734 -1.4978750530207585 -1.0878479721988825 -0.8323818808274401 -0.9252786413261465 -1.163927215710754 -1.2544214737827695 -1.2792473321919067 -1.1342963524482357 -0.9076602901970814 -0.8740252562234119 -0.934087816890679 -1.1391013573016169 -1.2472139665026976 -1.3048740247432737 -1.3993724535264407 -1.4033766242375918 -1.4233974777933474 -1.3617332488416198 -1.2688364883429137 -1.1719355571330563 -1.1503130352928401 -1.1342963524482357 -1.11427549889248 -1.1278896793103939
-0.48722236552621245 -1.0998604843323359 -1.3417123952858643 -1.1054663233279474 -0.6489908622567182 -0.6537958671100996 -0.4095414537298807 -0.3558855662004552 -0.20132457675002158 -0.04275941658843685 -0.4143464585832617 -0.9372911534595998 -1.2920606784675903 -1.4153891363710451 -1.6300126864887459 -1.7821711735124888 -1.9143088069804763 -2.030429757603859 -1.9799772066433547 -1.7869761783658702 -1.7197061104185312 -1.5291075845677373 -1.6212035109242133 -1.7493369736810496 -1.839030397610835 -1.8718645974422743 -1.7493369736810496 -1.5379167601322696 -1.4562316776247866 -1.5154934041498236 -1.563543452683637 -1.595576818372846 -1.634817691342127 -1.5659459551103279 -1.5683484575370183 -1.5571367795457953 -1.5146925700075933 -1.421795809508887 -1.4057791266642823 -1.3953682828152894 -1.3713432585483827 -1.344915731854785 -1.3593307464149293
-0.5304674092066448 -0.8123610272716846 -1.0301879139583061 -0.6273683404165022 -0.4631973412593058 -0.6057458185762861 -1.0101670604025506 -1.0053620555491691 -0.7146592619195968 -0.4199522975788734 -0.803551851707152 -1.3721440926906128 -1.7493369736810496 -1.7765653345168773 -1.8758687681534254 -2.0296289234616287 -2.2082149371789694 -2.3155267122378196 -2.3195308829489707 -2.3499625803537194 -2.2971075269665246 -2.2410491370104086 -2.277887507552999 -2.391605955749691 -2.49331189181293 -2.542963608631204 -2.4540710188436488 -2.263472492992855 -2.172177400778609 -2.052052279444075 -2.064865625719759 -1.980778040785585 -1.871063763300044 -1.7973870222148631 -1.7333202908364451 -1.7132994372806893 -1.6964819202938546 -1.6780627350225594 -1.6612452180357247 -1.6163985060708321 -1.5587384478302555 -1.5227009114298955 -1.5579376136880254
-0.7627093104534104 -1.0341920846694572 -1.2231889422357907 -0.7987468468537706 -0.5616999407536236 -1.0918521429100336 -1.5755559648170903 -1.6892744130137824 -1.4322066533578799 -1.0478062650873712 -1.2824506687608275 -1.8182087099128492 -2.213019942032351 -2.1105131718268817 -2.1946007567610555 -2.362775926629403 -2.570191969467032 -2.747176314899912 -2.8865214556479715 -2.9129489823415686 -2.9393765090351662 -2.920156489621641 -2.966604869870994 -3.052294123089628 -3.1548008932950973 -3.1908384296954573 -3.138784210450493 -2.959397362590922 -2.7631929977445164 -2.612636179005234 -2.474892706541635 -2.3323442292246543 -2.195401590903286 -2.0952973231245076 -2.027226421034938 -1.9959938894879594 -1.9991972260568804 -1.9727696993632828 -1.9407363336740737 -1.8694620950155836 -1.853445412170979 -1.8838771095757276 -1.9335288263940016
-1.2151806008134884 -1.117478835461401 -1.2295956153736325 -1.1190805037458613 -1.1407030255860775 -1.6796644033070198 -2.1105131718268817 -2.2186257810279626 -1.8085987002060864 -1.425799980220038 -1.6564402131823432 -2.149754044796163 -2.5301502623555203 -2.585407818169406 -2.767998002597898 -2.924160660332792 -3.0394807768139445 -3.12917420074373 -3.232481805091429 -3.3157685558833725 -3.403860311528698 -3.511172086587548 -3.640907217628845 -3.761833173105609 -3.833908245906329 -3.820294065488415 -3.667334744322442 -3.427084501653374 -3.214062619820134 -3.017057420831498 -2.839272241256388 -2.693520427370487 -2.585407818169406 -2.4845027162483975 -2.404419302025375 -2.366780097340554 -2.373186770478396 -2.373987604620626 -2.3675809314827845 -2.4004151313142237 -2.4524693505591886 -2.4845027162483975 -2.520540252648758
