static/data/seaWind_uo/2023/7/24/18.asc
ncols 137
nrows 93
xllcorner 108.0
yllcorner 17.0
cellsize 0.25
NODATA_value -32767
[rows 0 to 18 of 93, columns 86 to 128 of 137]
5.564681247307609 5.573490422872142 5.250754263553361 4.454725126176516 3.850896182934925 3.3727982000234795 3.0004103238864244 3.0300411871489428 3.086900411247288 3.150967142625707 3.253473912831176 3.2694905956757805 3.2430630689821824 3.3864123804413935 3.5706042331543455 3.712351876329096 3.8308753293791695 4.007058840669819 4.191250693382772 4.351417521828816 4.369836707100111 4.198458200662843 3.86931536820622 3.4817116433667903 3.106120430660814 2.768969256781889 2.5279181799705905 2.4109963952049775 2.3661496832400846 2.305286288430587 2.324506307844113 2.3581413418177823 2.4150005659161287 2.4574447754543303 2.495083980139151 2.5335240189662023 2.5135031654104467 2.4646522827344026 2.417403068342819 2.3261079761285735 1.8640266760617323 0.8709923396962518 -0.46159567297484516
7.3377280382053325 6.4936488522946725 5.402912750577103 4.53801187696846 3.8861328851930543 3.3864123804413935 3.2390588982710313 3.191809683879448 3.2062246984395926 3.2030213618706713 3.187004679026067 3.1830005083149158 3.16297965475916 3.4000265608593074 3.604239267128015 3.730771061600391 3.895742894899817 4.07993474761277 4.216076551791907 4.252914922334499 4.095150596315143 3.774016105280823 3.3367606636231195 2.934741924223546 2.5335240189662023 2.176351991531521 1.9705376169783526 1.8856491979019485 1.8504124956438184 1.865628344346193 1.9633301096982811 2.0394093532101523 2.1138869284375637 2.1955720109450465 2.2532320691856227 2.2908712738704433 2.310892127426199 2.246825396047781 2.1771528256737516 2.1226961040020957 1.8424041542215162 0.5866962192045211 -0.76110764216895
7.003780200895328 5.980314167125098 4.922412265238968 4.195254864093922 3.7291693933159302 3.4793091409401 3.3455698391876516 3.286308112662615 3.271893098102471 3.142157967061174 3.0484603724202377 3.0188295091577193 3.1389546304922535 3.366391526885638 3.609044271981396 3.859705358499457 4.019071352803273 4.128785630288814 4.149607317986799 4.023876357656654 3.7011401983378724 3.2462664055511037 2.720118374105845 2.2772570934525294 1.8440058225059768 1.4676137756577705 1.2914302643671207 1.272210244953595 1.3186586252029482 1.4427879172486335 1.5981497408412975 1.7318890425937457 1.860823339492812 1.9633301096982811 1.9921601388185688 2.0057743192364828 2.0434135239213034 2.0426126897790735 1.8279891396613723 1.447592922102015 0.8021206034644521 0.0036889636609163112 -0.7651118128801011
5.905035757755456 5.104201615525229 4.464335135883278 4.0487022160657915 3.6867251837777286 3.546579208887439 3.343167336760961 3.23185139099096 3.141357132918944 3.006816997024266 2.9187252413789406 2.9467544363569993 3.218237210573046 3.4680974629488763 3.7724144369963626 4.07993474761277 4.15200982041349 4.106362274306367 4.0358888697901065 3.6747126716442753 3.1565729816213186 2.642437462309513 2.0882602358861964 1.5533030288764045 1.1208525920720822 0.7933114278999196 0.6868004869832998 0.7228380233836598 0.8806023494030146 1.0712008752538082 1.249786888971149 1.451597092813166 1.6293822723882765 1.667822311215327 1.695050672051155 1.6910465013400038 1.4692154439422311 1.4075512149905034 1.1528859577612915 0.6083187410447373 -0.2838104933997352 -0.7250701057685898 -0.785933500578087
4.847133855869327 4.7502329246594694 4.6557344958763025 4.242504078485506 3.9221704215934152 3.6659034960797423 3.4721016336600274 3.253473912831176 3.074087064971605 2.978787802046208 2.9859953093262797 3.0532653772736187 3.3559806830366443 3.6971360276267213 4.009461343096509 4.252914922334499 4.18724652267162 4.091146425603993 3.721961886035858 3.191809683879448 2.6408357940250524 2.0161851630854755 1.4211653954084174 0.8509714861404962 0.42733022490070605 0.12941992399106184 0.07496320231940645 0.18147414323602673 0.34324263996653226 0.577887043639989 0.7356513696593434 0.9374615735013605 1.1040350750852475 1.0327608364267573 1.0335616705689876 0.9110340468077629 0.6571696237207814 0.7076221746812856 0.48178694657236143 -0.09641530411786192 -1.0998604843323359 -1.3008698540321226 -1.2936623467520507
5.064960742555948 5.019313196448826 4.798282973193283 4.4851568235812636 4.169628171542556 3.8212653196724067 3.569002564869885 3.3503748440410335 3.042854533424626 3.0172278408732587 3.046858704135777 3.3095323027872916 3.62265845239931 3.955004621424854 4.178437347107087 4.357824194966659 4.268130771036873 3.882128714481903 3.455284116673193 2.817019305315702 2.1371111185622396 1.5076554827692816 0.7572738914995596 0.15504661654242913 -0.26699297641290043 -0.4655998436859963 -0.42715980485894534 -0.323051366369016 -0.18530789390541713 0.001286461234225822 0.10139072901300406 0.20790166992962433 0.36326349352228826 0.2967942597171791 0.07736570474609739 -0.07158944570872494 -0.3510805613470742 -0.09321196754894112 -0.3198480298000952 -0.9372911534595998 -1.655639379040113 -1.6492327059022713 -0.76110764216895
5.157857503054654 5.246750092842209 4.803087978046664 4.4891609942924156 4.284948288023708 3.9518012848559336 3.685924349635498 3.4456741069664303 3.172589664465923 3.1741913327503837 3.3776032048768605 3.644280974239526 3.9437929434336314 4.192051527525001 4.415484253207234 4.437907609189681 4.2641266003257225 3.8773237096285222 3.218237210573046 2.5375281896773534 1.8480099932171279 1.0311591681422971 0.21350750892523562 -0.39672810745419707 -0.7474934617510363 -0.9348886510329091 -0.828377710116289 -0.7210659350574387 -0.5825216284516095 -0.5328699116333355 -0.5705091163181562 -0.4639981754015361 -0.4447781559880104 -0.5112473897931191 -0.7154600960618271 -0.6682108816702437 -0.800348515138231 -0.5753141211715374 -0.7715184860179429 -1.3665382536950013 -1.7397269639742867 -0.7490951300354967 0.14143243612451517
4.859146368002779 4.987279830759617 4.619696959475942 4.336201673126443 4.220080722503059 3.959809626278236 3.697936861768951 3.4793091409401 3.396823224290386 3.44327160453974 3.7011401983378724 4.01026217723874 4.2737366100324845 4.476347648016732 4.576451915795509 4.558833564666445 4.369836707100111 3.8589045243572273 3.200618859443981 2.522312340974979 1.797557442256624 0.9374615735013605 -0.06598360671311321 -0.7090534229239853 -0.9493036655930533 -1.0269845773893853 -0.8724235879389515 -0.7547009690311082 -0.7995476809960009 -0.8379877198230519 -1.0181754018248528 -1.089449640483343 -1.160723879141833 -1.263230649347302 -1.2464131323604672 -0.97332868985996 -0.6842275645148483 -0.3454747223514625 -0.6986425790749924 -1.2159814349557188 -1.3032723564588133 -0.5144507263620404 0.497002795274736
4.433903438478529 4.353820024255507 4.2641266003257225 4.003855504100898 3.932581265442408 3.8316761635213994 3.7291693933159302 3.5970317598479427 3.6098451061236267 3.801244466116651 4.059113059914784 4.377845048522413 4.4939659991457965 4.630107803324934 4.71339455411688 4.708589549263497 4.457928462745436 4.111167279159748 3.470499965375567 2.827430149164695 2.077048557894973 1.157690962614673 0.057344851190341384 -0.5600982724691632 -0.7691159835912522 -0.644185857403337 -0.4455789901302407 -0.3246530346534766 -0.5480857603357097 -0.7923401737159288 -1.1927572448310422 -1.344915731854785 -1.5307092528521977 -1.923918816687239 -1.9119063045537856 -1.400974121810901 -0.538475750628947 -0.11243198696246637 -0.4455789901302407 -1.026183743247155 -1.227993947089172 -0.7691159835912522 0.36886933251789955
4.027079694225575 3.757198588293988 3.9109587436021918 3.83327783180586 3.76200359314737 3.815659480676795 3.8893362217619756 3.8356803342325505 4.0398930405012585 4.280944117312556 4.419488423918386 4.570846076799899 4.6517303251651505 4.692572866418892 4.748631256375008 4.805490480473354 4.698979539556735 4.383450887518025 3.9750254749806095 3.483313311651251 2.720118374105845 1.7495073937228098 0.6091195751869676 0.07015819746602503 0.04453150491465774 0.2127066747830053 0.4153177127672527 0.36646683009120906 0.07175986575048565 -0.43276564385455707 -0.9196728023305349 -1.142304693870538 -1.4626383507626284 -1.9543505140919875 -2.376390107047317 -1.803793695352705 -0.9068594560548513 -0.4303631414278666 -0.6281691745587323 -1.238404790938165 -1.0061628896913994 -0.42715980485894534 0.42332605418955493
4.038291372216797 3.653090149804059 3.520151682193841 3.609044271981396 3.6699076667908934 3.7596010907206785 4.064718898910396 4.2152757176496785 4.4178867556339245 4.576451915795509 4.641319481316158 4.703784544410116 4.71739872482803 4.747029588090548 4.841528016873715 4.8983872409720615 4.85594303143386 4.739822080810477 4.50357600885256 4.180039015391548 3.5121433407715386 2.543134028672965 1.3258661324830205 0.9110340468077629 0.928652397936828 1.2033385087217958 1.532481341178419 1.3434844836120856 0.7925105937576897 0.17746997252487562 -0.2389637814348422 -0.3278563712223974 -0.45679066812146374 -0.6978417449327621 -1.3377082245747132 -1.4097832973754336 -1.248815634787158 -0.9925487092734855 -1.0982588160478755 -0.800348515138231 -0.5296665750644145 -0.1797020549098054 0.33763680097092097
4.272134941748025 3.569002564869885 3.0812945722516774 3.4713007995177976 3.699538530053412 3.9133612460288822 4.334600004841981 4.5748502475110495 4.712593719974649 4.770253778215224 4.787071295202059 4.763847105077383 4.757440431939541 4.805490480473354 4.9520431285014865 4.972063982057241 5.007300684315371 5.008101518457602 4.901590577540983 4.662942003156374 4.002253835816438 2.9940036507485828 1.7006565110467666 1.3891320297192085 1.4387837465374824 1.7342915450204361 2.134708616135549 1.7062623500423784 1.0992300702318665 0.5818912143511401 0.4705752685811384 0.31120927427732337 0.5506586828041611 0.744460545223876 0.3264251229796975 -0.2717979812662814 -0.6313725111276534 -0.8011493492804613 -1.015772899398162 -0.3823130928940528 0.24554087461444496 0.7300455306637317 0.811730613171215
2.557549043233109 2.1603353086869164 2.73773672523491 3.4128399071349906 3.766007763858521 4.1151714498709 4.494766833288027 4.689369529849971 4.803087978046664 4.852739694864939 4.802287143904435 4.762245436792922 4.775058783068607 4.833519675451413 4.92801810423458 4.952843962643717 5.008101518457602 5.03933405000458 5.113010791089762 4.994487338039688 4.236097405347664 2.983592806899589 1.5132613217648934 1.267405240100214 1.3763186834435248 1.699054842762306 2.179555328100442 1.5941455701301463 0.9879141244618648 0.5298369951061752 0.4449485760297711 -0.45518899983700356 -0.379109756325132 0.001286461234225822 0.48178694657236143 -0.26699297641290043 -0.5200565653576519 -0.5841232967360699 -0.8516019002409656 -0.11723699181584779 0.6763896431343066 1.1448776163389893 0.6555679554363207
1.7991591105410847 2.216393698643032 2.84504850029376 3.429657424121826 3.9894404895407543 4.412280916638313 4.691772032276663 4.78787212934429 4.885573894696378 4.851938860722708 4.739822080810477 4.667747008009757 4.640518647173929 4.685365359138821 4.695776202987814 4.843129685158175 4.895984738545371 5.016910694022135 5.197098376023936 5.011304855026523 3.981432148118452 2.628823281891599 1.0599891972625852 0.8109297790289847 0.8998223688165399 1.0936242312362547 1.3635053371678412 0.6171279166092698 0.0653531926126436 -0.3198480298000952 0.19028331880055926 -1.1294913475948543 -0.9493036655930533 -0.10602531382462477 0.4089110396294111 -0.6818250620881576 -0.7434892910398849 -0.6529950329678693 -0.459994004690385 -0.06037776771750192 0.6988129991167531 0.9582832611993464 0.39449602506926684
1.8151757933856891 2.24282122533663 2.889895212258653 3.6370734669594547 4.171229839827015 4.478750150443423 4.676556183574288 4.805490480473354 4.798282973193283 4.7454279198060885 4.5932694327823445 4.389857560655868 4.349015019402126 4.308973312290615 4.334600004841981 4.501173506425868 4.601277774204647 4.722203729681411 4.978470655195084 4.521995194123855 3.4817116433667903 2.012981826516555 0.5002061318436568 0.17106329938703357 0.12461491913768041 0.30560343528171163 0.09418322173293214 -0.8227718711206775 -1.3457165659970154 -1.0446029285184502 -0.11002948453577588 -1.2712389907696042 -0.4439773218457801 0.5210278195416427 0.7260413599525806 -0.8556060709521167 -0.8355852173963612 -0.007522714330306712 0.28398091344149545 0.30400176699725145 0.3792801763668927 0.5746837070710678 0.45856275644768507
1.828789973803603 2.341323824830948 3.011622001877647 3.7644060955740604 4.1968565323783835 4.504376842994789 4.628506135040475 4.771054612357455 4.761444602650693 4.539613545252919 4.36262919982004 4.067922235479315 3.7828252808453553 3.7411819054493836 3.7956386271210394 3.972622972553919 4.071125572048237 4.032685533221187 4.191250693382772 3.676314339928735 2.70169918883455 1.2329693719843142 0.014099807509909468 -0.3606905710538366 -0.41835062929441325 -0.9428969924552115 -1.3008698540321226 -1.8694620950155836 -1.8021920270682446 -1.4954725505940678 -0.30863635180887217 -0.8227718711206775 -0.0035185436191556008 0.8013197693222218 0.9510757539192745 -0.5376749164867167 -0.3502797272048439 0.4777827758612103 0.7428588769394153 0.7348505355171131 0.7973155986110707 0.30640426942394194 0.1694616311025734
1.9449109244269853 2.4598472778810216 3.311934805213982 3.882128714481903 4.316981653712917 4.445915950611983 4.534808540399538 4.650128656880691 4.527601033119467 4.304168307437234 3.9750254749806095 3.488118316504632 3.2014196935862107 3.0236345140111003 3.052464543131389 3.169386327897002 3.0796929039672167 3.0404520309979355 2.876281031840739 2.479868131436777 1.50124880963144 0.8061247741756032 -0.21173542059901473 -0.5512890969046307 -1.4153891363710451 -1.9415371678163038 -2.489307721101779 -2.1401440350894 -2.072873967142061 -1.4017749559531312 -0.354283897915995 -0.6185591648519697 -0.058776099433041296 0.7484647159350271 0.8741956762651726 0.1142040752886877 0.30240009871279083 0.6579704578630117 0.9174407199456049 1.0575866948358943 0.7997181010377616 0.30640426942394194 0.1430341044089758
2.0778493920372028 2.799400954186637 3.766007763858521 4.228089063925362 4.306570809863924 4.421090092202846 4.322587492708529 4.32739249756191 4.209669878654067 3.7964394612632693 3.352777346467724 2.7986001200444073 2.4654531168766325 2.287667937301522 2.201978684082888 1.9361017488624532 1.8392008176525958 1.5837347262811536 1.2962352692205021 1.023150826719995 0.9094323785233027 0.2911884207215678 -0.08119945541548779 -0.34147055164031137 -1.3112806978811156 -2.1305340253826373 -2.715943783352933 -2.2026090981833577 -1.8230137147662304 -1.0574162747941338 -0.29982717624433963 -0.45358733155254294 0.07416236817717614 0.5426503413818589 0.6331445994538742 0.2791759085881145 0.3544543179577557 0.6171279166092698 1.1224542603565428 1.1897243283038819 0.953478256345965 0.953478256345965 0.982308285466253
2.8290318174491556 3.632268462106073 4.25771992718788 4.356222526682197 4.352218355971047 4.138395639995576 3.995847162678596 3.9349837678690984 3.6434801400972963 3.19901719115952 2.4870756387168487 1.7142706914646806 1.422767063692878 1.3931362004303596 1.339480312900934 0.8181372863090566 0.5074136391237287 0.2095033382140845 -0.07479278227764574 -0.22214626444800745 -0.08360195784217828 0.22552002105868896 0.2831800792992656 0.026112319643362802 -0.5889283015894513 -1.2760439956229856 -1.60919099879076 -1.828619553761842 -1.4954725505940678 -1.0093662262603202 -0.31183968837779297 -0.45759150226369405 -0.2653913081284398 0.09017905102178103 0.32962845954861875 0.5618703607953841 0.5658745315065352 0.6755888089920763 1.2690069083846742 1.3274678007674807 1.5500996923074841 1.6614156380774854 1.788748266692091
