static/data/precipitation/2023/7/20/0.asc
ncols 137
nrows 93
xllcorner 108.0
yllcorner 17.0
cellsize 0.25
NODATA_value -32767
[rows 63 to 83 of 93, columns 47 to 93 of 137]
0.008835861739029532 0.0 0.0 0.12425430570508697 0.0938810309771762 0.0005522413586908637 0.0 0.0 0.0 0.0005522413586908637 0.0022089654347565157 0.0022089654347565157 0.0 0.0 0.0 0.0 0.0 0.0 0.0 0.0 0.0 0.0 0.0 0.0 0.0 0.0 0.0 0.0 0.0 0.0 0.0 0.0 0.0 0.0 0.0 0.0022089654347565157 0.0044179308695130315 0.011044827173786048 0.008835861739029532 0.004970172228203895 0.005522413586894759 0.008283620380338669 0.006626896304273017 0.0 0.0 0.0016567240760691215 0.0027612067934473794
0.0016567240760691215 0.0 0.0 0.0 0.0 0.008283620380338669 0.008283620380338669 0.02374637842363775 0.0 0.0016567240760691215 0.0016567240760691215 0.0005522413586908637 0.0 0.0 0.0011044827173782579 0.0005522413586908637 0.0 0.0 0.0 0.0 0.0 0.0 0.0005522413586908637 0.0005522413586908637 0.0 0.0 0.0 0.0 0.0 0.0 0.0 0.0 0.0 0.0 0.0011044827173782579 0.004970172228203895 0.012149309891164306 0.01546275804329908 0.008283620380338669 0.011044827173786048 0.010492585815095185 0.010492585815095185 0.013806033967233428 0.0011044827173782579 0.0033134481521347736 0.006626896304273017 0.047492756847278966
0.0 0.0 0.0 0.0 0.0 0.026507585217085128 0.103821375433584 0.23415033608425312 0.038656895108249434 0.0022089654347565157 0.0016567240760691215 0.0 0.0 0.0 0.0 0.0 0.0 0.0 0.0 0.0 0.0 0.0 0.0 0.0005522413586908637 0.0011044827173782579 0.0 0.0 0.0 0.0 0.0 0.0 0.0 0.0 0.0 0.0027612067934473794 0.007179137662960411 0.009388103097716927 0.008835861739029532 0.007179137662960411 0.012149309891164306 0.014910516684611685 0.01546275804329908 0.01546275804329908 0.0016567240760691215 0.02264189570625949 0.050253963640722876 0.12149309891163959
0.0 0.0 0.0 0.0 0.0 0.009388103097716927 0.009388103097716927 0.028716550651841644 0.0 0.0016567240760691215 0.0011044827173782579 0.0 0.0 0.0 0.0 0.0 0.0 0.0 0.0 0.0 0.0005522413586908637 0.0011044827173782579 0.0005522413586908637 0.0005522413586908637 0.0011044827173782579 0.0 0.0 0.0 0.0 0.0 0.0 0.0 0.0 0.0 0.0016567240760691215 0.0016567240760691215 0.0011044827173782579 0.0011044827173782579 0.0011044827173782579 0.00994034445640779 0.0392091364669403 0.0469405154885881 0.016014999401989943 0.019328447554124717 0.08780637603159405 0.09719447912931445 0.10603034086834051
0.0 0.0 0.0 0.0 0.0 0.0 0.0 0.0 0.0 0.0016567240760691215 0.0011044827173782579 0.0 0.0 0.0 0.0 0.0 0.0 0.0 0.0 0.0 0.0 0.0 0.0 0.0 0.0 0.0 0.0 0.0 0.0 0.0 0.0 0.0 0.0 0.0 0.0 0.0 0.0 0.0 0.0005522413586908637 0.03810465374956204 0.10989603037916615 0.12701551249853435 0.014910516684611685 0.006626896304273017 0.013253792608542564 0.02705982657577599 0.026507585217085128
0.0 0.0 0.0 0.0 0.0 0.0 0.0 0.0005522413586908637 0.0 0.0016567240760691215 0.0011044827173782579 0.0 0.0 0.0 0.0 0.0 0.0 0.0 0.0 0.0 0.0 0.0 0.0 0.0 0.0 0.0 0.0 0.0 0.0 0.0 0.0 0.0 0.0 0.0 0.0 0.0 0.0 0.0 0.004970172228203895 0.055776377227617635 0.04086586054300595 0.01270155124985517 0.008283620380338669 0.0033134481521347736 0.004970172228203895 0.006074654945582153 0.02098517163019384
0.0 0.0 0.0 0.0 0.008835861739029532 0.0027612067934473794 0.0038656895108256373 0.010492585815095185 0.0 0.0005522413586908637 0.0011044827173782579 0.0 0.0 0.0 0.0 0.0 0.0 0.0 0.0 0.0 0.0 0.0 0.0 0.0 0.0 0.0 0.0 0.0 0.0 0.0 0.0 0.0 0.0 0.0 0.0 0.0005522413586908637 0.0022089654347565157 0.02540310249970687 0.06240327353188718 0.055776377227617635 0.03147775744528902 0.004970172228203895 0.0038656895108256373 0.020432930271502975 0.047492756847278966 0.07013465255353846 0.09277654825979795
0.0 0.0 0.0 0.0 0.008835861739029532 0.008835861739029532 0.0044179308695130315 0.020432930271502975 0.0016567240760691215 0.0 0.0 0.0 0.0 0.0 0.0 0.0 0.0 0.0 0.0 0.0 0.0 0.0 0.0016567240760691215 0.0016567240760691215 0.0044179308695130315 0.0044179308695130315 0.0016567240760691215 0.0011044827173782579 0.0005522413586908637 0.0 0.0 0.0005522413586908637 0.0011044827173782579 0.0016567240760691215 0.0016567240760691215 0.0016567240760691215 0.009388103097716927 0.05246292907548286 0.09332878961848881 0.028716550651841644 0.009388103097716927 0.018776206195437323 0.019328447554124717 0.02098517163019384 0.07455258342305149 0.0861496519555284 0.07952275565125538
0.0 0.0 0.0 0.0 0.0 0.0 0.0027612067934473794 0.019328447554124717 0.0011044827173782579 0.0 0.0 0.0 0.0 0.0 0.0 0.0 0.0 0.0 0.0 0.0 0.0005522413586908637 0.004970172228203895 0.008283620380338669 0.014358275325920822 0.0171194821193682 0.02264189570625949 0.019328447554124717 0.016567240760677338 0.011044827173786048 0.00994034445640779 0.0 0.0011044827173782579 0.0016567240760691215 0.0022089654347565157 0.0033134481521347736 0.008283620380338669 0.017671723478055595 0.03092551608659816 0.06847792847746934 0.017671723478055595 0.01546275804329908 0.0298210333692199 0.027612067934463386 0.0298210333692199 0.0342389642387364 0.0342389642387364 0.016567240760677338
0.0 0.0 0.0 0.0 0.0 0.0016567240760691215 0.004970172228203895 0.00994034445640779 0.0011044827173782579 0.0 0.0 0.0 0.0 0.0 0.0 0.0 0.0 0.0005522413586908637 0.0005522413586908637 0.0038656895108256373 0.0044179308695130315 0.01546275804329908 0.0392091364669403 0.03700017103218031 0.025955343858397734 0.035895688314802054 0.05467189451023938 0.05080620499941374 0.03700017103218031 0.01822396483674646 0.006074654945582153 0.004970172228203895 0.004970172228203895 0.013806033967233428 0.024850861141019476 0.0347912055974238 0.043074825977762465 0.053015170434170256 0.03147775744528902 0.0033134481521347736 0.006626896304273017 0.007179137662960411 0.006626896304273017 0.00994034445640779 0.01270155124985517 0.03092551608659816 0.0171194821193682
0.0 0.0 0.0 0.0 0.0011044827173782579 0.0033134481521347736 0.004970172228203895 0.0011044827173782579 0.0 0.007179137662960411 0.0033134481521347736 0.0 0.0 0.0 0.0 0.0 0.0044179308695130315 0.005522413586894759 0.005522413586894759 0.014910516684611685 0.019328447554124717 0.02705982657577599 0.05743310130368676 0.038656895108249434 0.01988068891281558 0.0298210333692199 0.06185103217319979 0.061298790814508924 0.0811794797273245 0.051910687716792 0.04086586054300595 0.03700017103218031 0.024298619782328612 0.055776377227617635 0.08394068652077188 0.10603034086834051 0.09553775505324533 0.058537584021065014 0.007179137662960411 0.0 0.0 0.0038656895108256373 0.011044827173786048 0.017671723478055595 0.045836032771209845 0.12867223657460347 0.04141810190169681
0.0 0.0 0.0 0.012149309891164306 0.011044827173786048 0.0044179308695130315 0.0016567240760691215 0.0011044827173782579 0.0011044827173782579 0.0016567240760691215 0.0038656895108256373 0.0033134481521347736 0.0016567240760691215 0.0 0.0011044827173782579 0.006074654945582153 0.027612067934463386 0.03147775744528902 0.016567240760677338 0.0027612067934473794 0.013806033967233428 0.07897051429256799 0.07179137662960758 0.07344810070567323 0.08946310010766317 0.08946310010766317 0.04970172228203548 0.05964206673844327 0.11707516804212656 0.14965740820479384 0.18334413108483938 0.18444861380221764 0.11044827173785701 0.011597068532473442 0.006074654945582153 0.0022089654347565157 0.0011044827173782579 0.0005522413586908637 0.0 0.0 0.0016567240760691215 0.016014999401989943 0.05356741179286112 0.10271689271620574 0.10989603037916615 0.04638827412990071 0.10271689271620574
0.0 0.0 0.004970172228203895 0.0038656895108256373 0.0038656895108256373 0.0016567240760691215 0.0005522413586908637 0.0033134481521347736 0.0027612067934473794 0.0038656895108256373 0.009388103097716927 0.009388103097716927 0.005522413586894759 0.006074654945582153 0.012149309891164306 0.007179137662960411 0.020432930271502975 0.02264189570625949 0.014358275325920822 0.011044827173786048 0.023194137064950354 0.11155275445523527 0.10437361679227486 0.05688085994499589 0.01546275804329908 0.012149309891164306 0.013806033967233428 0.018776206195437323 0.05246292907548286 0.06682120440140368 0.06019430809713067 0.030373274727910765 0.0016567240760691215 0.0016567240760691215 0.0016567240760691215 0.0 0.0 0.0005522413586908637 0.0016567240760691215 0.0033134481521347736 0.024850861141019476 0.08725413467290666 0.09774672048800184 0.05908982537975241 0.020432930271502975 0.008835861739029532 0.012149309891164306
0.0044179308695130315 0.0022089654347565157 0.0027612067934473794 0.0022089654347565157 0.0011044827173782579 0.0005522413586908637 0.0016567240760691215 0.0016567240760691215 0.006626896304273017 0.008283620380338669 0.011044827173786048 0.013806033967233428 0.013806033967233428 0.008835861739029532 0.005522413586894759 0.011044827173786048 0.012149309891164306 0.012149309891164306 0.008835861739029532 0.009388103097716927 0.03092551608659816 0.04252258461907507 0.035895688314802054 0.02705982657577599 0.005522413586894759 0.004970172228203895 0.004970172228203895 0.012149309891164306 0.06737344576009108 0.0469405154885881 0.016014999401989943 0.0011044827173782579 0.0 0.0 0.0 0.005522413586894759 0.005522413586894759 0.0044179308695130315 0.006074654945582153 0.04528379141252245 0.0298210333692199 0.06185103217319979 0.040313619184318555 0.014358275325920822 0.03147775744528902 0.047492756847278966 0.012149309891164306
0.008835861739029532 0.0044179308695130315 0.0033134481521347736 0.0027612067934473794 0.0011044827173782579 0.0022089654347565157 0.0011044827173782579 0.0022089654347565157 0.008835861739029532 0.0171194821193682 0.018776206195437323 0.01546275804329908 0.016567240760677338 0.02705982657577599 0.04362706733645333 0.048597239564657224 0.04638827412990071 0.008835861739029532 0.004970172228203895 0.006626896304273017 0.017671723478055595 0.0347912055974238 0.045836032771209845 0.019328447554124717 0.004970172228203895 0.004970172228203895 0.040313619184318555 0.019328447554124717 0.03202999880397989 0.0044179308695130315 0.0005522413586908637 0.0016567240760691215 0.0016567240760691215 0.0016567240760691215 0.0022089654347565157 0.004970172228203895 0.0077313790216512746 0.007179137662960411 0.008835861739029532 0.05467189451023938 0.09001534146635404 0.12701551249853435 0.0640599976079563 0.06626896304271282 0.047492756847278966 0.09664223777062358 0.09277654825979795
0.011044827173786048 0.005522413586894759 0.0027612067934473794 0.0016567240760691215 0.0038656895108256373 0.0022089654347565157 0.004970172228203895 0.013253792608542564 0.025955343858397734 0.035895688314802054 0.035895688314802054 0.04528379141252245 0.04252258461907507 0.09001534146635404 0.09498551369455446 0.06461223896664717 0.03147775744528902 0.004970172228203895 0.0038656895108256373 0.004970172228203895 0.025955343858397734 0.055776377227617635 0.11155275445523527 0.07731379021649887 0.023194137064950354 0.004970172228203895 0.04086586054300595 0.01988068891281558 0.004970172228203895 0.0038656895108256373 0.0016567240760691215 0.0022089654347565157 0.0033134481521347736 0.0033134481521347736 0.0038656895108256373 0.004970172228203895 0.0077313790216512746 0.014358275325920822 0.09719447912931445 0.13750809831362953 0.1380603396723204 0.12922447793329087 0.09553775505324533 0.10603034086834051 0.07565706614042975 0.12038861619426133 0.12646327113984349
0.008283620380338669 0.007179137662960411 0.004970172228203895 0.0077313790216512746 0.009388103097716927 0.01270155124985517 0.021537412988881233 0.03258224016266728 0.043074825977762465 0.051358446358104604 0.04473155005383159 0.054119653151548514 0.13088120200936 0.17892620021532635 0.15186637363955036 0.07620930749912061 0.03368672288004554 0.006074654945582153 0.006074654945582153 0.0027612067934473794 0.02374637842363775 0.045836032771209845 0.10161240999882748 0.08780637603159405 0.027612067934463386 0.008835861739029532 0.016567240760677338 0.006074654945582153 0.0044179308695130315 0.0027612067934473794 0.008835861739029532 0.008835861739029532 0.007179137662960411 0.006626896304273017 0.005522413586894759 0.01546275804329908 0.04638827412990071 0.14247827054183343 0.2253144743452236 0.1452394773352808 0.1457917186939682 0.08835861739028492 0.07179137662960758 0.11210499581392266 0.10934378902047875 0.12756775385722174 0.10216465135751487
0.0077313790216512746 0.007179137662960411 0.010492585815095185 0.013253792608542564 0.011597068532473442 0.016567240760677338 0.02816430929315425 0.03202999880397989 0.033134481521358145 0.03644792967349292 0.0298210333692199 0.05743310130368676 0.13419465016149476 0.20377706135634235 0.21040395766061537 0.09277654825979795 0.07234361798829497 0.019328447554124717 0.014358275325920822 0.008283620380338669 0.01822396483674646 0.03976137782562769 0.03534344695611466 0.03258224016266728 0.010492585815095185 0.01270155124985517 0.027612067934463386 0.013253792608542564 0.01270155124985517 0.04362706733645333 0.048597239564657224 0.05964206673844327 0.05743310130368676 0.04473155005383159 0.055776377227617635 0.08946310010766317 0.15462758043299774 0.27612067934463735 0.22365775026915793 0.1435827532592117 0.08283620380339016 0.0298210333692199 0.04362706733645333 0.11707516804212656 0.15959775266120163 0.08559741059683754 0.0740003420643641
0.0077313790216512746 0.004970172228203895 0.008835861739029532 0.008835861739029532 0.005522413586894759 0.006074654945582153 0.007179137662960411 0.0038656895108256373 0.008835861739029532 0.010492585815095185 0.019328447554124717 0.05632861858630503 0.09940344456407096 0.15186637363955036 0.1750605107045007 0.11486620260737004 0.09995568592275836 0.04638827412990071 0.037552412390871176 0.02705982657577599 0.037552412390871176 0.07676154885781147 0.06461223896664717 0.0038656895108256373 0.0033134481521347736 0.009388103097716927 0.08283620380339016 0.040313619184318555 0.05356741179286112 0.10658258222703137 0.16401568353071466 0.16456792488940553 0.17616499342187897 0.1408215464657643 0.16622464896547118 0.23415033608425312 0.24298619782328265 0.19438895825862543 0.13088120200936 0.08559741059683754 0.04473155005383159 0.03368672288004554 0.05632861858630503 0.19107551010649065 0.2070905095084806 0.07123913527091671 0.08891085874897231
0.0016567240760691215 0.0016567240760691215 0.0016567240760691215 0.0016567240760691215 0.0016567240760691215 0.0016567240760691215 0.0016567240760691215 0.0027612067934473794 0.029268792010532507 0.07841827293387713 0.0640599976079563 0.06516448032533456 0.08946310010766317 0.13088120200936 0.15628430450906686 0.1778217174979481 0.1899710273891124 0.12756775385722174 0.07565706614042975 0.07510482478174235 0.06737344576009108 0.1386125810310078 0.16953809711760942 0.0298210333692199 0.03644792967349292 0.04362706733645333 0.08891085874897231 0.1457917186939682 0.1728515452697442 0.2562399904318252 0.34128515966997186 0.33410602200701145 0.3042849886377916 0.25568774907313435 0.21316516445406275 0.2545832663557561 0.2148218885301284 0.10658258222703137 0.06682120440140368 0.03700017103218031 0.005522413586894759 0.02374637842363775 0.09222430690111055 0.34735981461555404 0.11541844396605744 0.043074825977762465 0.10658258222703137
0.0044179308695130315 0.0033134481521347736 0.0022089654347565157 0.0016567240760691215 0.0016567240760691215 0.0011044827173782579 0.0 0.0011044827173782579 0.009388103097716927 0.0695824111948476 0.1435827532592117 0.1927322341825563 0.25513550771444693 0.3026282645617224 0.2739117139098808 0.2490608527688648 0.29489688554007465 0.1971501650520728 0.22862792249736183 0.1855530965195959 0.12756775385722174 0.0938810309771762 0.10934378902047875 0.18831430331304327 0.2783296447793973 0.266180334888233 0.2855087824423577 0.2810908515728412 0.28495654108366686 0.315882057170265 0.3214044707571598 0.2739117139098808 0.21206068173668102 0.17726947613925723 0.14247827054183343 0.13585137423756388 0.09222430690111055 0.03810465374956204 0.014358275325920822 0.012149309891164306 0.00994034445640779 0.04970172228203548 0.18334413108483938 0.06461223896664717 0.019328447554124717 0.009388103097716927 0.12756775385722174
