static/data/precipitation/2023/7/20/12.asc
ncols 137
nrows 93
xllcorner 108.0
yllcorner 17.0
cellsize 0.25
NODATA_value -32767
[rows 44 to 65 of 93, columns 0 to 48 of 137]
0.020432930271502975 0.010492585815095185 0.0 0.0005522413586908637 0.0 0.0 0.0 0.0 0.0 0.0011044827173782579 0.0016567240760691215 0.0011044827173782579 0.0 0.0 0.0 0.0 0.0 0.0038656895108256373 0.0033134481521347736 0.0022089654347565157 0.0 0.0 0.0 0.0 0.0 0.012149309891164306 0.012149309891164306 0.21592637124750666 0.23083688793211835 1.5396489080257043 0.6781523884704308 0.10658258222703137 0.49425601602690394 0.8062723836863434 2.603265764861251 1.7412170039472903 0.7676154885780939 0.054119653151548514 0.09774672048800184 0.0016567240760691215 0.0011044827173782579 0.0 0.0 0.0 0.0 0.0027612067934473794 0.008283620380338669 0.0298210333692199 0.02374637842363775
0.006626896304273017 0.004970172228203895 0.0 0.0 0.0 0.0 0.0 0.0 0.0 0.0005522413586908637 0.0016567240760691215 0.0011044827173782579 0.0 0.0 0.0 0.0 0.02816430929315425 0.03644792967349292 0.03202999880397989 0.0077313790216512746 0.004970172228203895 0.0 0.0 0.0 0.0 0.0 0.2744639552685717 0.6803613539051907 0.9393625511304599 2.274682156441131 0.7245406626003315 0.15849326994382337 0.6538537686881056 2.3779512905160276 3.151641434039702 2.5717880074159623 1.4789023585698828 0.09608999641193272 0.0 0.0005522413586908637 0.0 0.0 0.0 0.0 0.0 0.004970172228203895 0.037552412390871176 0.08946310010766317 0.05246292907548286
0.0005522413586908637 0.0 0.0 0.0 0.0 0.0 0.0 0.0 0.0 0.0 0.0 0.0 0.0 0.0 0.0 0.014358275325920822 0.06461223896664717 0.19549344097600369 0.18665757923697415 0.11486620260737004 1.1094528896067566 1.099512545150349 0.0 0.0 0.0 0.0 0.291031196029249 0.8824816911854639 1.7434259693820466 0.30207602320303506 0.0005522413586908637 0.2490608527688648 1.0166763413469586 2.680027313719061 1.895292343021597 0.857078588685757 0.17671723478056983 0.01546275804329908 0.0011044827173782579 0.0 0.0 0.0 0.0 0.0 0.0011044827173782579 0.008283620380338669 0.024850861141019476 0.08504516923815014 0.14855292548741558
0.0 0.0 0.0 0.0 0.0 0.0 0.0 0.0 0.0 0.0 0.0 0.0 0.0 0.0 0.0 0.040313619184318555 0.10271689271620574 0.3125686090181302 0.9172728967828878 2.233264054539434 2.6568331766541107 2.072009577802167 0.841615830642458 0.0011044827173782579 0.0 0.0011044827173782579 0.019328447554124717 0.24519516325803917 1.143691853845493 0.2253144743452236 0.0 0.6466746310251417 1.8091426910660722 2.4685188733410692 1.4976785647653201 0.509718774070203 0.0022089654347565157 0.0005522413586908637 0.0 0.0 0.0 0.0 0.0 0.0011044827173782579 0.012149309891164306 0.0392091364669403 0.11873189211819568 0.2590011972252726 0.41086757086482295
0.0 0.0 0.0 0.0 0.0 0.0 0.0 0.0 0.0 0.0 0.0 0.0 0.0 0.0022089654347565157 0.0022089654347565157 0.019328447554124717 0.0392091364669403 0.17616499342187897 0.25347878363837784 1.080736338954915 1.200572713790489 1.4639918418852746 1.4717232209069224 0.0011044827173782579 0.0 0.0016567240760691215 0.0016567240760691215 0.15131413228086296 0.1507618909221721 0.1502096495634847 0.0 0.4517334314078289 1.2309459885183998 0.33024033249618934 0.3280313670614293 0.0005522413586908637 0.0005522413586908637 0.0 0.0 0.0 0.0016567240760691215 0.008283620380338669 0.01546275804329908 0.04638827412990071 0.09443327233586707 0.15407533907430687 0.3009715404856568 0.4981217055377296 0.800749970099452
0.0 0.0 0.0 0.0011044827173782579 0.0016567240760691215 0.0 0.0 0.0 0.0 0.0 0.0 0.0 0.0027612067934473794 0.006074654945582153 0.010492585815095185 0.023194137064950354 0.04197034326038421 0.061298790814508924 0.09498551369455446 0.1330901674441165 1.4120811541684826 1.0818408216722932 0.8471382442293494 0.0011044827173782579 0.0011044827173782579 0.07841827293387713 0.08449292787945928 0.04197034326038421 0.006626896304273017 0.0016567240760691215 0.0 0.0 0.6008385982539319 0.22255326755177968 0.0 0.0 0.0 0.1728515452697442 0.15186637363955036 0.19604568233469455 0.28992671331187075 0.3285836084201202 0.21150844037799363 0.20598602679109887 0.21592637124750666 0.41086757086482295 0.7455258342305253 0.6323163556992208 0.6069132531995141
0.0 0.0 0.0016567240760691215 0.0016567240760691215 0.0016567240760691215 0.033134481521358145 0.1032691340748966 0.026507585217085128 0.0 0.0 0.0 0.0005522413586908637 0.0016567240760691215 0.0016567240760691215 0.005522413586894759 0.0077313790216512746 0.017671723478055595 0.03534344695611466 0.050253963640722876 0.01546275804329908 0.04362706733645333 0.31091188494206456 0.31091188494206456 0.0005522413586908637 0.025955343858397734 0.13419465016149476 0.14247827054183343 0.07565706614042975 0.021537412988881233 0.2982103336922094 1.143691853845493 0.9807806530321567 0.02264189570625949 0.008283620380338669 0.0 0.0 0.0 0.047492756847278966 0.10050792728144922 0.09608999641193272 0.17229930391105333 0.2915834373879399 0.6356298038513591 0.3153298158115776 0.3893301578759417 0.566047392656508 0.3898823992346291 0.24629964597541742 0.27998636885546296
0.0 0.0 0.01546275804329908 0.014358275325920822 0.009388103097716927 0.04252258461907507 0.07510482478174235 0.026507585217085128 0.0 0.0 0.0 0.0 0.0 0.0 0.0 0.0016567240760691215 0.0016567240760691215 0.014910516684611685 0.016014999401989943 0.005522413586894759 0.0 0.0 0.0 0.004970172228203895 0.029268792010532507 0.09056758282504143 0.11376171988999179 0.04914948092334462 0.021537412988881233 0.3015237818443442 0.8256008312404681 0.9620044468367194 0.19162775146517805 0.01546275804329908 0.0016567240760691215 0.0 0.0 0.27777740342070645 0.214269647171441 0.25237430092099955 0.3247179189092946 0.16180671809595815 0.9780194462387093 0.19328447554124717 0.21647861260619752 1.667768903241617 1.6059178710684172 0.2590011972252726 0.7339287656980484
0.0 0.0 0.01546275804329908 0.017671723478055595 0.012149309891164306 0.012149309891164306 0.0005522413586908637 0.0 0.0 0.0 0.0 0.0 0.0 0.0016567240760691215 0.0016567240760691215 0.0 0.0 0.04086586054300595 0.103821375433584 0.04086586054300595 0.0 0.0 0.0 0.004970172228203895 0.012149309891164306 0.02816430929315425 0.055776377227617635 0.03700017103218031 0.009388103097716927 0.017671723478055595 0.017671723478055595 0.5069575672767557 0.23580706016032224 0.05908982537975241 0.0077313790216512746 0.0038656895108256373 0.01546275804329908 0.36779274488705704 0.27059826575774604 0.33410602200701145 0.4070018813539973 0.025955343858397734 0.6350775624926683 0.004970172228203895 0.20046361320420758 1.6545151106330744 1.8411726898700485 0.27225498983381513 0.7433168687957653
0.0 0.0 0.0016567240760691215 0.004970172228203895 0.006074654945582153 0.0005522413586908637 0.0044179308695130315 0.0 0.0 0.0 0.0 0.0 0.0 0.0033134481521347736 0.0016567240760691215 0.0 0.0 0.04086586054300595 0.3285836084201202 0.2026725786389641 0.16180671809595815 0.0 0.0 0.004970172228203895 0.00994034445640779 0.04362706733645333 0.020432930271502975 0.004970172228203895 0.03368672288004554 0.04970172228203548 0.040313619184318555 0.5141367049397161 0.10879154766178789 0.07620930749912061 0.03147775744528902 0.32029998803978155 0.14413499461790255 0.16456792488940553 0.20653826814978973 0.18776206195435588 0.06461223896664717 0.0038656895108256373 0.0016567240760691215 0.040313619184318555 0.34459860782211016 0.5119277395049595 0.5561070482001003 0.10547809950965312 0.09498551369455446
0.010492585815095185 0.0 0.0 0.0 0.0011044827173782579 0.006626896304273017 0.016014999401989943 0.004970172228203895 0.0011044827173782579 0.0011044827173782579 0.0 0.0 0.0 0.0 0.0 0.0 0.0 0.0 0.4064496399953065 0.4103153295061321 0.31919550532240326 0.09443327233586707 0.0005522413586908637 0.004970172228203895 0.0298210333692199 0.04473155005383159 0.01546275804329908 0.006626896304273017 0.04141810190169681 0.0811794797273245 0.0469405154885881 0.103821375433584 1.3789466726471244 1.0426316852053565 0.2567922317905126 1.1304380612369505 0.3042849886377916 0.07786603157518973 0.2518220595623122 0.4213601566799181 0.24132947374721353 0.0005522413586908637 0.0005522413586908637 0.08007499700994625 0.04252258461907507 0.018776206195437323 0.11873189211819568 0.15186637363955036 0.12646327113984349
0.047492756847278966 0.0038656895108256373 0.0005522413586908637 0.0011044827173782579 0.012149309891164306 0.03258224016266728 0.02264189570625949 0.013253792608542564 0.006626896304273017 0.0033134481521347736 0.0005522413586908637 0.0 0.0 0.0 0.0 0.0 0.0 0.0 0.0 0.033134481521358145 0.010492585815095185 0.0 0.0005522413586908637 0.004970172228203895 0.028716550651841644 0.04362706733645333 0.019328447554124717 0.006074654945582153 0.005522413586894759 0.008835861739029532 0.026507585217085128 0.9448849647173512 1.6688733859589953 1.1701994390625783 0.21040395766061537 0.008283620380338669 0.011044827173786048 0.0016567240760691215 0.0 0.5483756691784525 0.7847349706974621 0.054119653151548514 0.027612067934463386 0.20046361320420758 0.21150844037799363 0.15904551130251077 0.31422533309419937 0.3981660196149678 0.0016567240760691215
0.0011044827173782579 0.0 0.0016567240760691215 0.0027612067934473794 0.014910516684611685 0.033134481521358145 0.0022089654347565157 0.0005522413586908637 0.0005522413586908637 0.0005522413586908637 0.0 0.0 0.0 0.0 0.0 0.0 0.0 0.0 0.0 0.0 0.0 0.0 0.0011044827173782579 0.004970172228203895 0.01822396483674646 0.013253792608542564 0.0044179308695130315 0.0 0.0 0.0016567240760691215 0.008283620380338669 0.37773308934346483 1.7390080385125337 1.5689177000362369 0.5075098086354466 0.0077313790216512746 0.0077313790216512746 0.0016567240760691215 0.0011044827173782579 0.13419465016149476 0.363374814017544 0.5168979117331635 0.27280723119250255 1.8174263114464109 1.9052326874780048 1.6291120081333674 0.9979001351515249 0.013253792608542564 0.0
0.0011044827173782579 0.0 0.016014999401989943 0.01270155124985517 0.00994034445640779 0.016567240760677338 0.0011044827173782579 0.0044179308695130315 0.0016567240760691215 0.0005522413586908637 0.0 0.0 0.0 0.0011044827173782579 0.0005522413586908637 0.0 0.0 0.0 0.0 0.004970172228203895 0.004970172228203895 0.0044179308695130315 0.004970172228203895 0.008283620380338669 0.00994034445640779 0.004970172228203895 0.0011044827173782579 0.0 0.0 0.0 0.0011044827173782579 0.05908982537975241 2.3613840497553467 1.823500966391993 0.09608999641193272 0.0011044827173782579 0.0033134481521347736 0.5787489439063632 0.4445542937448685 0.9553775505324498 1.5501414938407996 1.7815306231316088 1.805829242913934 2.400040944863596 1.0956468556395267 0.5168979117331635 0.33686722880045883 0.0011044827173782579 0.0
0.0 0.0005522413586908637 0.0 0.0011044827173782579 0.0011044827173782579 0.0016567240760691215 0.0011044827173782579 0.061298790814508924 0.028716550651841644 0.0016567240760691215 0.0011044827173782579 0.0011044827173782579 0.0 0.0 0.0 0.0 0.0033134481521347736 0.008283620380338669 0.017671723478055595 0.0027612067934473794 0.0016567240760691215 0.0011044827173782579 0.0016567240760691215 0.004970172228203895 0.008835861739029532 0.0027612067934473794 0.0011044827173782579 0.0 0.0 0.0 0.0 0.0 1.4579171869396925 1.3264837435716417 0.15462758043299774 0.010492585815095185 0.04473155005383159 0.7184660076547493 1.4225737399835778 2.041636303074256 2.631430074154404 2.6993557612731855 1.291692537974218 3.573553832078311 1.445767877048528 0.10934378902047875 0.0 0.0 0.0
0.0 0.0 0.0 0.0 0.0 0.0005522413586908637 0.0016567240760691215 0.3407329183112845 0.027612067934463386 0.0016567240760691215 0.009388103097716927 0.01546275804329908 0.0016567240760691215 0.0 0.0 0.009388103097716927 0.01546275804329908 0.02374637842363775 0.012149309891164306 0.0022089654347565157 0.005522413586894759 0.0044179308695130315 0.0011044827173782579 0.0027612067934473794 0.0038656895108256373 0.0016567240760691215 0.0 0.0005522413586908637 0.0005522413586908637 0.05467189451023938 0.2148218885301284 0.4793454993422923 0.6660030785792664 0.6240327353188823 0.18720982059566502 0.01822396483674646 0.04417930869514072 0.794123073795179 1.2105130582468933 1.211617540964275 1.621932870470407 1.6191716636769597 0.36944946896312614 1.3938571893317362 1.3380808121041186 0.0 0.0 0.0 0.0
0.0 0.0 0.0 0.0 0.01270155124985517 0.02098517163019384 0.03810465374956204 0.18720982059566502 0.0005522413586908637 0.0038656895108256373 0.012149309891164306 0.043074825977762465 0.012149309891164306 0.0038656895108256373 0.0005522413586908637 0.008835861739029532 0.00994034445640779 0.013806033967233428 0.0027612067934473794 0.34238964238735015 0.27225498983381513 0.2374637842363879 0.24132947374721353 0.0005522413586908637 0.0011044827173782579 0.0 0.0016567240760691215 0.0027612067934473794 0.0016567240760691215 0.05467189451023938 0.1579410285851325 0.8178694522188202 1.0106016864013765 0.6897494570029077 0.24629964597541742 0.05743310130368676 0.14192602918314604 0.6704210094487829 0.43019601841894767 0.4285392943428785 0.42688257026681287 0.3628225726588566 0.0 0.0 0.0 0.0 0.0 0.0 0.0
0.0 0.0005522413586908637 0.0005522413586908637 0.1977024064107602 0.21095619901930276 0.6367342865687374 0.0392091364669403 0.0 0.0016567240760691215 0.004970172228203895 0.004970172228203895 0.0347912055974238 0.012149309891164306 0.0044179308695130315 0.0016567240760691215 0.01546275804329908 0.016014999401989943 0.0044179308695130315 0.0027612067934473794 0.37938981341953393 0.2882699892358016 0.25292654227969047 0.2540310249970687 0.0005522413586908637 0.0005522413586908637 0.0 0.0022089654347565157 0.0027612067934473794 0.0016567240760691215 0.0005522413586908637 0.008283620380338669 0.5356741179285973 0.5886892883627676 0.26673257624692037 0.42798705298419115 0.2711505071164369 0.2247622329865362 0.2567922317905126 0.008283620380338669 0.0022089654347565157 0.0 0.0005522413586908637 0.0011044827173782579 0.0005522413586908637 0.0 0.0 0.0 0.0 0.0
0.0 0.0011044827173782579 0.0005522413586908637 0.2297324052147401 0.36171808994147486 1.2171399545511663 0.0 0.0 0.0016567240760691215 0.0033134481521347736 0.0027612067934473794 0.0016567240760691215 0.0 0.0016567240760691215 0.0740003420643641 0.08946310010766317 0.025955343858397734 0.0077313790216512746 0.11652292668343917 0.8791682430333292 0.857078588685757 0.02264189570625949 0.011597068532473442 0.0011044827173782579 0.0 0.0 0.0 0.0005522413586908637 0.0005522413586908637 0.0005522413586908637 0.0016567240760691215 0.0033134481521347736 0.0011044827173782579 0.18665757923697415 0.4346139492884607 0.4406886042340429 0.18610533787828676 0.03147775744528902 0.004970172228203895 0.0 0.0 0.0005522413586908637 0.0016567240760691215 0.0005522413586908637 0.0 0.0 0.0 0.0 0.0
0.0 0.0005522413586908637 0.0011044827173782579 0.004970172228203895 0.03644792967349292 0.0690301698361602 0.0 0.0 0.008283620380338669 0.0077313790216512746 0.0038656895108256373 0.0005522413586908637 0.0 0.004970172228203895 0.1502096495634847 0.1336424088028039 0.038656895108249434 0.008283620380338669 0.27556843798594993 2.076979750030371 1.096751338356905 0.17395602798712245 0.016567240760677338 0.0016567240760691215 0.0 0.0005522413586908637 0.0 0.0 0.0 0.0 0.0 0.0011044827173782579 0.0005522413586908637 0.15904551130251077 0.7897051429256661 0.8432725547185271 0.09664223777062358 0.020432930271502975 0.0 0.0 0.0 0.0 0.0 0.0 0.0 0.0 0.0 0.0 0.0
0.0 0.0 0.0077313790216512746 0.005522413586894759 0.0011044827173782579 0.0011044827173782579 0.0 0.0 0.0005522413586908637 0.23304585336687486 0.33024033249618934 0.0016567240760691215 0.0011044827173782579 0.008835861739029532 0.0038656895108256373 0.0005522413586908637 0.06240327353188718 0.06350775624926544 0.0022089654347565157 0.22918016385604922 0.23912050831245701 0.2805386102141538 0.22089654347571056 0.0016567240760691215 0.0 0.0 0.0 0.0 0.0 0.0 0.0 0.0 0.0 0.2269711984212927 1.1409306470520457 2.0499199234545946 0.0011044827173782579 0.0 0.0 0.0005522413586908637 0.0005522413586908637 0.0 0.0 0.0 0.0 0.0 0.0 0.0 0.0
0.0 0.0 0.0 0.0 0.0005522413586908637 0.0016567240760691215 0.0 0.0 0.0005522413586908637 0.0016567240760691215 0.0016567240760691215 0.0 0.0011044827173782579 0.0005522413586908637 0.0 0.008835861739029532 0.21868757804095404 0.5185546358092326 0.0 0.0011044827173782579 0.08835861739028492 0.07123913527091671 0.006074654945582153 0.0 0.0 0.0 0.0 0.0 0.0 0.0 0.0 0.0 0.0005522413586908637 0.006626896304273017 0.035895688314802054 0.03092551608659816 0.0 0.0 0.0005522413586908637 0.0005522413586908637 0.0 0.0 0.0 0.0 0.0 0.0 0.0 0.0005522413586908637 0.0016567240760691215
