static/data/precipitation/2023/7/20/18.asc
ncols 137
nrows 93
xllcorner 108.0
yllcorner 17.0
cellsize 0.25
NODATA_value -32767
[rows 23 to 45 of 93, columns 51 to 101 of 137]
0.03644792967349292 0.10934378902047875 0.4379273974405955 2.23712974405026 2.74850524219653 2.3906528417658794 0.39650929553890213 0.5008829123311735 1.1619158186822396 1.75723200334928 2.8898790300209853 3.65804675995777 3.566374694415349 1.9864121672053294 1.074109442650642 0.7162570422199928 0.0044179308695130315 0.0005522413586908637 0.0 0.0 0.0 0.0 0.0 0.0 0.0016567240760691215 0.0033134481521347736 0.008835861739029532 0.0005522413586908637 0.0 0.0 0.0 0.0 0.0 0.0 0.0 0.0 0.0 0.0 0.0 0.0 0.0 0.0 0.0 0.0 0.0 0.0 0.0 0.0 0.0 0.0 0.0
0.3650315380936131 0.6323163556992208 2.7054304162187677 5.358950144720742 6.823494227964704 4.455483281905086 1.0382137543358398 1.080736338954915 1.3264837435716417 2.071457336443476 2.369115428776998 4.314109494080631 4.570901725871143 2.998118336324084 1.4882904616675998 0.5185546358092326 0.3457030905394884 0.14855292548741558 0.0 0.0 0.0 0.0 0.0 0.0 0.0 0.0 0.0 0.0 0.0 0.0 0.0 0.0 0.0 0.0 0.0 0.0 0.0 0.0 0.0 0.0 0.0 0.0 0.0 0.0 0.0 0.0 0.0 0.0 0.0 0.0 0.0
0.4141810190169577 1.1254678890087466 4.07001881353997 6.891419915083484 7.258108177253164 4.839843267552822 1.4783501172111955 0.9962434110754558 1.164124784116996 1.6997989020455933 1.924008893673442 3.650315380936119 4.716141203206424 3.1389398827898485 1.678261489056712 0.35840464178934006 0.3733151584739518 0.14855292548741558 0.0 0.0 0.0005522413586908637 0.0 0.0 0.0 0.0 0.0 0.0 0.0 0.0 0.0 0.0 0.0 0.0 0.0 0.0005522413586908637 0.0 0.0 0.0 0.0 0.0 0.0 0.0 0.0 0.0 0.0 0.0 0.0 0.0 0.0 0.0 0.0
0.16953809711760942 0.7560184200456205 2.3348764645382616 4.574767415381968 4.9464258497798514 4.040197780170749 1.3148866750391681 0.5196591185266108 0.6770479057530525 1.2138265063990314 1.523081667265027 1.5854849407969143 3.0544469549103894 2.977685406052581 1.7163661428062706 0.5290472216243278 0.1905232687477998 0.019328447554124717 0.0022089654347565157 0.0022089654347565157 0.0011044827173782579 0.0 0.0 0.0 0.0 0.0 0.0 0.0 0.0 0.0 0.0 0.0 0.0 0.0 0.0005522413586908637 0.0 0.0027612067934473794 0.0027612067934473794 0.0 0.0 0.0 0.0 0.0 0.0 0.0 0.0 0.0 0.0 0.0 0.005522413586894759 0.006074654945582153
0.08007499700994625 0.18334413108483938 0.3893301578759417 1.751157348403698 2.2001295730180797 1.7616499342187932 0.6842270434160129 0.6720777335248486 0.8095858318384817 0.8162127281427511 0.7527049718934857 0.602495322330001 0.7615408336325118 1.044840650640113 1.0078404796079292 0.26176240401871653 0.050253963640722876 0.02098517163019384 0.014358275325920822 0.007179137662960411 0.0016567240760691215 0.0005522413586908637 0.0 0.0 0.0 0.0 0.0 0.0 0.0 0.0 0.0 0.0 0.0 0.0 0.0 0.0016567240760691215 0.005522413586894759 0.01546275804329908 0.008835861739029532 0.008835861739029532 0.004970172228203895 0.004970172228203895 0.0 0.0 0.0 0.0 0.0 0.0 0.0 0.012149309891164306 0.012149309891164306
0.0005522413586908637 0.0027612067934473794 0.008835861739029532 0.6494358378185892 1.0117061691187548 0.9912732388472518 0.5886892883627676 0.7455258342305253 0.7698244540128505 0.6880927329268385 0.5781967025476724 0.5008829123311735 0.5439577383089395 0.5726742889607811 0.47437532711408836 0.1855530965195959 0.09940344456407096 0.08283620380339016 0.035895688314802054 0.0016567240760691215 0.0022089654347565157 0.0005522413586908637 0.0 0.0 0.0 0.0 0.0 0.0 0.0 0.0 0.0 0.0 0.0 0.0 0.0 0.0027612067934473794 0.01546275804329908 0.03368672288004554 0.043074825977762465 0.05632861858630503 0.021537412988881233 0.0 0.0 0.0 0.0 0.0 0.0 0.0 0.0 0.0016567240760691215 0.0016567240760691215
0.0 0.0005522413586908637 0.0011044827173782579 0.23801602559507876 0.557211530917482 0.7676154885780939 0.7079734218396541 0.7079734218396541 0.9708403085757489 1.1100051309654475 1.0476018574335568 0.8973922078700757 0.8924220356418717 0.9432282406412855 0.8383023824903233 0.42909153570156944 0.3943003301041456 1.023855479009919 0.8327799689034285 0.008835861739029532 0.0022089654347565157 0.0005522413586908637 0.0 0.0 0.0 0.0 0.0 0.0 0.0 0.0 0.0 0.0 0.0016567240760691215 0.0038656895108256373 0.0005522413586908637 0.0 0.0 0.0016567240760691215 0.0016567240760691215 0.0016567240760691215 0.0 0.0 0.0 0.0 0.0 0.0 0.0 0.0 0.0 0.0005522413586908637 0.0005522413586908637
0.0 0.0005522413586908637 0.0044179308695130315 0.06682120440140368 0.35232998684375794 0.6477791137425235 0.753809454610864 1.0078404796079292 1.3673496041146511 1.584380458079536 1.496021840689251 1.1541844396605883 0.9829896184669131 1.1602590946061704 1.263528228681067 0.8465860028706619 0.7803170398279491 0.5991818741778663 0.5152411876570944 0.46995739624457533 0.040313619184318555 0.013806033967233428 0.0011044827173782579 0.0 0.0 0.0 0.005522413586894759 0.004970172228203895 0.0011044827173782579 0.012149309891164306 0.0016567240760691215 0.023194137064950354 0.02816430929315425 0.0 0.0 0.0 0.0 0.0 0.0 0.0 0.0005522413586908637 0.0005522413586908637 0.0 0.0 0.0 0.0 0.0 0.0 0.0 0.0 0.0
0.0 0.0005522413586908637 0.0027612067934473794 0.0044179308695130315 0.1800306829327046 0.3727629171152609 0.712943594067858 0.9636611709127885 1.225975816290196 1.4198125331901303 1.4264394294944034 1.2276325403662616 1.2381251261813602 1.3723197763428514 1.3794989140058154 0.8217351417296425 0.8471382442293494 0.7273018693937788 0.5555548068414129 0.3567479177132744 0.17837395885663548 0.08338844516208102 0.05080620499941374 0.008835861739029532 0.0 0.0 0.05964206673844327 0.05080620499941374 0.0027612067934473794 0.013253792608542564 0.0027612067934473794 0.0005522413586908637 0.0 0.0 0.0 0.0 0.0 0.0 0.0 0.0 0.0005522413586908637 0.0005522413586908637 0.0 0.0 0.0 0.0 0.0 0.0 0.0 0.0 0.0044179308695130315
0.0016567240760691215 0.0016567240760691215 0.0016567240760691215 0.0022089654347565157 0.03534344695611466 0.2269711984212927 0.446763259179625 0.7996454873820737 1.0801840975962242 1.2370206434639819 1.2187966786272355 1.1569456464540355 1.646783731611423 1.6920675230239455 1.241438574333495 0.7041077323288285 1.080736338954915 0.6836748020573256 0.5124799808636504 0.4114198122235103 0.2987625750509003 0.5610772204283042 0.43350946657108247 0.33465826336570237 0.09332878961848881 0.05467189451023938 0.06461223896664717 0.037552412390871176 0.0077313790216512746 0.04197034326038421 0.0027612067934473794 0.0038656895108256373 0.005522413586894759 0.0 0.0 0.0 0.0 0.0 0.0 0.0 0.0 0.0 0.0 0.0 0.0 0.0 0.0 0.0 0.0 0.0 0.0
0.004970172228203895 0.0038656895108256373 0.0027612067934473794 0.0027612067934473794 0.035895688314802054 0.29489688554007465 0.6477791137425235 0.773690143523676 0.9095415177612399 1.0669303049876815 1.2419908156921824 1.521424943188958 1.9610090647056224 1.7842918299250528 1.3309016744411581 0.8918697942831809 1.0310346166728794 0.8117947972732381 0.679256871187809 0.5141367049397161 0.6974808360245555 0.6737344576009177 0.5500323932545216 0.3462553318981758 0.19438895825862543 0.1728515452697442 0.06461223896664717 0.03700017103218031 0.12314982298770871 0.13695585695494214 0.07897051429256799 0.02540310249970687 0.02705982657577599 0.0 0.0 0.0 0.0 0.0 0.0 0.0005522413586908637 0.0016567240760691215 0.0016567240760691215 0.0 0.0 0.0 0.0 0.0 0.0 0.0 0.0 0.0
0.0077313790216512746 0.006626896304273017 0.0038656895108256373 0.0033134481521347736 0.04197034326038421 0.30207602320303506 0.972497032651818 0.7841827293387748 0.9161684140655095 1.4032452924294532 1.6037089056336606 1.6418135593832193 1.3789466726471244 1.2016771965078672 1.1563934050953448 0.8476904855880402 0.8029589355342086 1.1928413347688376 1.059751167324721 0.591450495156215 0.7968842805886265 0.5334651524938407 0.7565706614043078 0.5522413586892782 0.4174944671690925 0.4031361918431717 0.3550911936372053 0.18941878603042153 0.2816430929315321 0.2744639552685717 0.21095619901930276 0.15352309771561948 0.033134481521358145 0.0 0.0 0.0 0.0 0.0 0.0 0.0005522413586908637 0.0016567240760691215 0.0016567240760691215 0.0 0.0 0.0005522413586908637 0.0 0.0 0.0 0.0005522413586908637 0.0005522413586908637 0.0011044827173782579
0.012149309891164306 0.011044827173786048 0.004970172228203895 0.0016567240760691215 0.040313619184318555 0.07455258342305149 0.7195704903721276 0.7179137662960584 1.4474246011245937 1.936158203564603 1.8483518275330089 1.2475132292790772 0.6411522174382505 0.4174944671690925 0.40921084678875386 0.4174944671690925 0.5958684260257314 1.0420794438466656 1.044840650640113 0.5599727377109259 0.44731550053831587 0.4981217055377296 0.8786160016746383 0.9907209974885645 0.7041077323288285 0.6477791137425235 0.8929742770005591 0.6947196292311115 0.40976308814744467 0.3876734337998726 0.3307925738548767 0.21868757804095404 0.09443327233586707 0.0 0.0 0.0 0.0 0.0 0.0 0.0 0.0 0.0 0.0005522413586908637 0.0 0.0016567240760691215 0.0005522413586908637 0.005522413586894759 0.006074654945582153 0.010492585815095185 0.04362706733645333 0.04362706733645333
0.014358275325920822 0.017671723478055595 0.011597068532473442 0.0077313790216512746 0.02098517163019384 0.045836032771209845 0.10437361679227486 1.0691392704224416 1.807485966990003 2.126681472312406 1.739560279871221 1.5109323573738627 0.6847792847747037 0.5400920487981138 0.4959127401029696 0.3219567121158472 0.4031361918431717 0.5721220476020903 0.6080177359168923 0.49977842961379526 0.4241213634733655 0.7449735928718344 0.8156604867840638 0.7935708324364916 0.7527049718934857 0.7024510082527593 0.5682563580912646 0.539539807439423 0.6356298038513591 0.4070018813539973 0.3258224016266728 0.24574740461673003 0.14468723597658995 0.0005522413586908637 0.0 0.0 0.0 0.0 0.0 0.0 0.0 0.0 0.0 0.0 0.0 0.0005522413586908637 0.006074654945582153 0.02374637842363775 0.04197034326038421 0.10603034086834051 0.12756775385722174
0.01546275804329908 0.022089654347572096 0.02816430929315425 0.019328447554124717 0.025955343858397734 0.0469405154885881 0.12038861619426133 1.3231702954195068 1.6401568353071536 2.101830611171387 2.733042484153231 2.4745935282866496 1.4369320153094987 0.6660030785792664 0.318091022605025 0.5213158426026765 0.6030475636886918 0.5793011852650507 0.5036441191246209 0.4594648104294802 0.534569635211219 0.6582716995576187 0.7797647984692582 0.821182900370955 0.6654508372205791 0.7874961774909095 0.7002420428180028 0.5456144623850051 0.42301688075598726 0.39098688195200737 0.3258224016266728 0.11707516804212656 0.017671723478055595 0.0016567240760691215 0.0 0.0 0.0 0.0 0.0 0.0 0.0 0.0 0.0 0.0 0.0 0.0 0.004970172228203895 0.02374637842363775 0.05467189451023938 0.13529913287887302 0.1551798217916886
0.0171194821193682 0.023194137064950354 0.03534344695611466 0.03700017103218031 0.04362706733645333 0.05743310130368676 0.12038861619426133 0.1032691340748966 0.10658258222703137 1.096751338356905 2.699908002631875 2.1371740581275014 2.4083245652439347 1.5098278746564844 0.5527936000479655 0.6676598026553355 0.6980330773832464 0.6201670458080566 0.514688946298407 0.4478677418970033 0.48376343021180535 0.6864360088507728 0.857078588685757 1.0321390993902577 1.189527886616703 1.1365127161825326 1.4927083925371163 1.7655156237296188 1.7633066582948622 1.2430952984095605 0.8521084164575532 0.39871826097365864 0.10271689271620574 0.012149309891164306 0.0011044827173782579 0.0 0.0 0.0 0.0011044827173782579 0.0005522413586908637 0.0 0.0 0.0 0.0 0.0 0.0 0.0 0.0022089654347565157 0.02098517163019384 0.03534344695611466 0.05246292907548286
0.0077313790216512746 0.008835861739029532 0.013253792608542564 0.035895688314802054 0.03976137782562769 0.050253963640722876 0.06074654945582153 0.047492756847278966 0.05356741179286112 1.5678132173188586 2.7429828286096374 2.8026248953480803 3.4150605621344874 1.5197682191128887 0.9509596196629333 0.8449292787945928 0.6660030785792664 0.5638384272217516 0.4892858437987001 0.34459860782211016 0.37386739983263917 0.6361820452100465 1.1089006482480692 1.2718118490614057 1.2287370230836396 1.2718118490614057 1.6280075254159891 2.1636816433445865 2.523190767851305 2.477354735080095 2.1636816433445865 1.5970820093293876 1.0470496160748695 0.5815101506998072 0.3335537806483241 0.16567240760678378 0.04362706733645333 0.006074654945582153 0.0016567240760691215 0.0011044827173782579 0.0011044827173782579 0.0011044827173782579 0.0016567240760691215 0.008283620380338669 0.011597068532473442 0.01546275804329908 0.020432930271502975 0.013806033967233428 0.011044827173786048 0.00994034445640779 0.01270155124985517
0.0016567240760691215 0.0016567240760691215 0.0033134481521347736 0.01270155124985517 0.014910516684611685 0.024850861141019476 0.04473155005383159 0.05080620499941374 0.061298790814508924 1.0591989259660337 2.2155923310613788 3.043402127736605 3.0086109221391792 1.7180228668823398 0.9272132412392955 0.6864360088507728 0.5936594605909715 0.41086757086482295 0.38877791651725085 0.4638827412989932 0.4649872240163715 0.42080791532123074 0.7990932460233829 1.0768706494440894 1.4131856368858609 1.5109323573738627 1.4634396005265837 1.5827237340034668 1.8384114830766012 1.7229930391105437 1.4214692572661995 1.2232146094967484 1.2475132292790772 0.9575865159672063 0.7162570422199928 0.5185546358092326 0.3639270553762348 0.17561275206319157 0.06350775624926544 0.004970172228203895 0.0011044827173782579 0.0011044827173782579 0.0011044827173782579 0.0033134481521347736 0.006074654945582153 0.011597068532473442 0.016014999401989943 0.008283620380338669 0.012149309891164306 0.004970172228203895 0.0027612067934473794
0.0005522413586908637 0.0005522413586908637 0.0005522413586908637 0.0027612067934473794 0.006074654945582153 0.03147775744528902 0.05743310130368676 0.0911198241837323 0.6748389403182959 1.3148866750391681 2.0499199234545946 2.914177649803314 1.620276146394338 1.6164104568835123 0.9167206554242003 0.6510925618946583 0.5411965315154921 0.48044998205967054 0.3468075732568666 0.4567036036360328 0.3600613658654092 0.24298619782328265 0.39650929553890213 0.66379411314451 1.0117061691187548 1.1922890934101502 1.1508709915084534 1.0343480648250143 0.830571003468672 0.7532572132521731 0.7836304879800838 0.7400034206436306 0.8515561750988658 0.7488392823826601 0.6323163556992208 0.7361377311328049 0.6323163556992208 0.7919141083604225 0.31201636765944285 0.21206068173668102 0.06350775624926544 0.02264189570625949 0.0022089654347565157 0.0005522413586908637 0.0022089654347565157 0.0022089654347565157 0.0038656895108256373 0.0022089654347565157 0.0044179308695130315 0.0011044827173782579 0.03976137782562769
0.0 0.0038656895108256373 0.007179137662960411 0.01822396483674646 0.05964206673844327 0.08449292787945928 0.13474689152018215 0.15683654586775425 0.609122218634274 0.5605249790696167 1.2966627102024217 1.9797852709010564 0.7930185910778008 1.0078404796079292 1.0199897894990935 0.7532572132521731 0.6129879081450962 0.6599284236336843 0.45725584499472016 0.25789671450789087 0.1607022353785799 0.08062723836863364 0.16843361440023116 0.34238964238735015 0.561629461786995 0.742212386078387 0.8537651405336223 0.7074211804809633 0.4241213634733655 0.24850861141017394 0.2783296447793973 0.30207602320303506 0.29765809233352203 0.35232998684375794 0.28274757564891034 0.3871211924411817 0.5533458414066563 0.6521970446120364 0.3639270553762348 0.4484199832556941 0.2987625750509003 0.1386125810310078 0.04362706733645333 0.022089654347572096 0.0016567240760691215 0.0016567240760691215 0.008835861739029532 0.021537412988881233 0.02374637842363775 0.055776377227617635 0.09498551369455446
0.007179137662960411 0.011597068532473442 0.02705982657577599 0.06461223896664717 0.11044827173785701 0.15407533907430687 0.2048815440737206 0.18776206195435588 0.2612101626600291 0.20653826814978973 0.10658258222703137 0.7261973866764005 0.6897494570029077 0.7902573842843569 0.8421680720011488 0.8432725547185271 0.6930629051550424 0.9354968616196342 0.7935708324364916 0.5467189451023834 0.16346344217202727 0.10934378902047875 0.1386125810310078 0.21316516445406275 0.4174944671690925 0.39871826097365864 0.5246292907548147 0.593107219232284 0.566047392656508 0.37662860662608655 0.0817317210860119 0.09277654825979795 0.022089654347572096 0.13253792608542564 0.035895688314802054 0.1899710273891124 0.37828533070215564 0.27888188613808473 0.3722106757565735 0.4810022234183614 0.566047392656508 0.40921084678875386 0.2197920607583323 0.09222430690111055 0.07068689391222932 0.0695824111948476 0.07676154885781147 0.12867223657460347 0.10050792728144922 0.13750809831362953 0.2220010261930888
0.012149309891164306 0.023194137064950354 0.04473155005383159 0.08946310010766317 0.13640361559625128 0.1800306829327046 0.19383671689993803 0.1750605107045007 0.2915834373879399 0.6035998050473792 0.5036441191246209 0.1778217174979481 0.6621373890684443 0.6914061810789733 0.7549139373282422 0.7560184200456205 0.9178251381415786 1.2712596077027147 1.2370206434639819 0.7720334194476104 0.38877791651725085 0.21371740581275014 0.23580706016032224 0.30041929912696597 0.28329981700759777 0.2650758521708547 0.2882699892358016 0.5450622210263177 0.7317198002632919 0.77866031575188 0.4832111888531179 0.26894154168167694 0.12038861619426133 0.07731379021649887 0.021537412988881233 0.17616499342187897 0.46830067216850624 0.4103153295061321 0.46774843080981887 0.4749275684727793 0.5605249790696167 0.6284506661883987 0.4594648104294802 0.29710585097483116 0.33631498744177146 0.33521050472438974 0.4384796387992863 0.5047486018419991 0.4451065351035559 0.3821510202129813 0.4666439480924406
0.01546275804329908 0.02816430929315425 0.03976137782562769 0.061298790814508924 0.0861496519555284 0.09498551369455446 0.10713482358571877 0.1457917186939682 0.4406886042340429 0.5925549778735932 0.6129879081450962 0.5025396364072426 0.5759877371129158 0.6002863568952445 0.6278984248297079 0.7521527305347948 1.0282734098794322 1.489394944384978 1.2806477108004317 0.7803170398279491 0.4798977407009831 0.2518220595623122 0.32029998803978155 0.25955343858395996 0.2319413706494966 0.31091188494206456 0.38380774428904696 0.4340617079297733 0.6455701483077635 1.0249599617272973 1.2105130582468933 1.0647213395529251 0.46553946537505886 0.20046361320420758 0.13529913287887302 0.20432930271503322 0.5654951512978207 0.6163013562972344 0.4555991209186545 0.4070018813539973 0.47768877526622316 0.5991818741778663 0.5218680839613674 0.5798534266237415 0.6301073902644644 0.8051679009689651 1.0056315141731726 1.0426316852053565 0.9200341035763351 0.7687199712954722 1.0083927209666201
