static/data/precipitation/2023/7/20/6.asc
ncols 137
nrows 93
xllcorner 108.0
yllcorner 17.0
cellsize 0.25
NODATA_value -32767
[rows 66 to 87 of 93, columns 50 to 99 of 137]
7.9710517713210205 13.88169103337235 11.851099557471878 1.9797852709010564 0.02264189570625949 0.06295551489057805 0.01988068891281558 0.0 0.0 0.0 0.0 0.0 0.0 0.0 0.0 0.0 0.0 0.0 0.0 0.0 0.0 0.0 0.0 0.0 0.0 0.0 0.0 0.0 0.0 0.0 0.0 0.0 0.0 0.0 0.0 0.0 0.0011044827173782579 0.0011044827173782579 0.0011044827173782579 0.0 0.0 0.0 0.0 0.0 0.0 0.0 0.0 0.0011044827173782579 0.0016567240760691215 0.0016567240760691215
1.0117061691187548 5.019873950485526 4.670305170435214 0.4003749850497243 0.008835861739029532 0.07455258342305149 0.028716550651841644 0.0 0.0 0.0 0.0 0.0 0.0 0.0 0.0 0.0 0.0 0.0 0.0 0.0 0.0 0.0 0.0 0.0 0.0 0.0 0.0 0.0 0.0 0.0 0.0 0.0 0.0 0.0 0.0 0.0 0.0011044827173782579 0.0011044827173782579 0.0 0.0 0.0 0.0 0.0 0.0 0.0 0.0027612067934473794 0.0011044827173782579 0.0011044827173782579 0.0038656895108256373 0.0077313790216512746
1.3121254682457208 1.0282734098794322 0.322508953474538 0.16512016624809292 0.17726947613925723 0.07455258342305149 0.028716550651841644 0.0 0.0 0.0 0.0 0.0 0.0 0.0 0.0 0.0 0.0 0.0 0.0 0.0 0.0 0.0 0.0 0.0 0.0 0.0 0.0 0.0 0.0 0.0 0.0 0.0 0.0 0.0 0.0 0.0 0.0011044827173782579 0.0011044827173782579 0.0 0.0 0.0 0.0 0.0 0.0011044827173782579 0.0016567240760691215 0.0016567240760691215 0.0016567240760691215 0.013253792608542564 0.06792568711878194 0.11652292668343917
1.7163661428062706 2.2299506063872996 0.539539807439423 0.0171194821193682 0.1209408575529522 0.0342389642387364 0.0 0.0 0.0 0.0 0.0 0.0 0.0 0.0 0.0 0.0 0.0 0.0 0.0 0.0 0.0 0.0 0.0 0.0 0.0 0.0 0.0 0.0 0.0 0.0 0.0 0.0 0.0 0.0 0.0011044827173782579 0.0016567240760691215 0.0011044827173782579 0.0 0.0 0.0 0.0 0.0011044827173782579 0.0016567240760691215 0.0016567240760691215 0.0038656895108256373 0.009388103097716927 0.02374637842363775 0.04970172228203548 0.13253792608542564 0.09056758282504143
0.6980330773832464 1.2215578854206792 1.2033339205839328 0.0011044827173782579 0.008835861739029532 0.0 0.0 0.0 0.0 0.0 0.0 0.0 0.0 0.0 0.0 0.0 0.0 0.0 0.0 0.0 0.0 0.0 0.0 0.0 0.0 0.0 0.0 0.0 0.0 0.0 0.0 0.0011044827173782579 0.0011044827173782579 0.0011044827173782579 0.0027612067934473794 0.0016567240760691215 0.0011044827173782579 0.0011044827173782579 0.0016567240760691215 0.0016567240760691215 0.0027612067934473794 0.004970172228203895 0.0077313790216512746 0.009388103097716927 0.019328447554124717 0.09443327233586707 0.12314982298770871 0.06295551489057805 0.05743310130368676 0.011597068532473442
0.06461223896664717 0.18610533787828676 0.19438895825862543 0.0011044827173782579 0.012149309891164306 0.0 0.0 0.0 0.0 0.0 0.0 0.0 0.0 0.0 0.0 0.0 0.0 0.0011044827173782579 0.0011044827173782579 0.0011044827173782579 0.004970172228203895 0.004970172228203895 0.0 0.0 0.0 0.0 0.0 0.0 0.0 0.0011044827173782579 0.0016567240760691215 0.0027612067934473794 0.0027612067934473794 0.0038656895108256373 0.004970172228203895 0.0038656895108256373 0.0038656895108256373 0.0027612067934473794 0.004970172228203895 0.009388103097716927 0.010492585815095185 0.0469405154885881 0.054119653151548514 0.11044827173785701 0.08504516923815014 0.1899710273891124 0.1380603396723204 0.07344810070567323 0.02374637842363775 0.004970172228203895
0.0077313790216512746 0.0469405154885881 0.05080620499941374 0.0 0.0038656895108256373 0.005522413586894759 0.005522413586894759 0.0 0.0 0.0 0.0 0.0 0.0011044827173782579 0.0011044827173782579 0.0016567240760691215 0.0016567240760691215 0.0011044827173782579 0.0016567240760691215 0.0038656895108256373 0.006626896304273017 0.011597068532473442 0.012149309891164306 0.004970172228203895 0.0027612067934473794 0.0027612067934473794 0.0027612067934473794 0.0016567240760691215 0.0027612067934473794 0.0027612067934473794 0.0038656895108256373 0.004970172228203895 0.005522413586894759 0.006626896304273017 0.006626896304273017 0.0077313790216512746 0.008835861739029532 0.009388103097716927 0.004970172228203895 0.010492585815095185 0.01988068891281558 0.06019430809713067 0.10216465135751487 0.11541844396605744 0.2440906805406609 0.13750809831362953 0.09553775505324533 0.03810465374956204 0.022089654347572096 0.006626896304273017 0.01546275804329908
0.0027612067934473794 0.0016567240760691215 0.0016567240760691215 0.0016567240760691215 0.013253792608542564 0.02264189570625949 0.02374637842363775 0.008835861739029532 0.008835861739029532 0.014358275325920822 0.0 0.0 0.0027612067934473794 0.004970172228203895 0.006626896304273017 0.006626896304273017 0.0027612067934473794 0.0038656895108256373 0.009388103097716927 0.0077313790216512746 0.008835861739029532 0.014358275325920822 0.019328447554124717 0.014358275325920822 0.012149309891164306 0.006626896304273017 0.004970172228203895 0.005522413586894759 0.0077313790216512746 0.008835861739029532 0.011597068532473442 0.009388103097716927 0.0077313790216512746 0.0077313790216512746 0.010492585815095185 0.009388103097716927 0.010492585815095185 0.012149309891164306 0.03258224016266728 0.06461223896664717 0.12370206434639958 0.13419465016149476 0.0342389642387364 0.011597068532473442 0.012149309891164306 0.0077313790216512746 0.004970172228203895 0.004970172228203895 0.01822396483674646 0.030373274727910765
0.008835861739029532 0.014358275325920822 0.013253792608542564 0.006626896304273017 0.004970172228203895 0.0038656895108256373 0.005522413586894759 0.026507585217085128 0.027612067934463386 0.008835861739029532 0.0027612067934473794 0.0027612067934473794 0.008835861739029532 0.008835861739029532 0.005522413586894759 0.0038656895108256373 0.0077313790216512746 0.009388103097716927 0.006626896304273017 0.010492585815095185 0.011597068532473442 0.010492585815095185 0.012149309891164306 0.014358275325920822 0.016014999401989943 0.0171194821193682 0.013253792608542564 0.008835861739029532 0.006626896304273017 0.005522413586894759 0.0077313790216512746 0.005522413586894759 0.008835861739029532 0.010492585815095185 0.01822396483674646 0.03810465374956204 0.0640599976079563 0.0342389642387364 0.14468723597658995 0.11431396124867918 0.06019430809713067 0.0392091364669403 0.012149309891164306 0.0016567240760691215 0.0011044827173782579 0.0016567240760691215 0.0016567240760691215 0.005522413586894759 0.03258224016266728 0.10658258222703137
0.0011044827173782579 0.0027612067934473794 0.0016567240760691215 0.0016567240760691215 0.009388103097716927 0.01546275804329908 0.009388103097716927 0.010492585815095185 0.014358275325920822 0.01546275804329908 0.010492585815095185 0.0016567240760691215 0.0077313790216512746 0.008835861739029532 0.009388103097716927 0.009388103097716927 0.010492585815095185 0.011597068532473442 0.008835861739029532 0.009388103097716927 0.009388103097716927 0.011597068532473442 0.014358275325920822 0.010492585815095185 0.01822396483674646 0.01546275804329908 0.010492585815095185 0.011597068532473442 0.02374637842363775 0.03644792967349292 0.07731379021649887 0.08283620380339016 0.0695824111948476 0.06682120440140368 0.07897051429256799 0.11431396124867918 0.1800306829327046 0.07455258342305149 0.08228396244470276 0.06682120440140368 0.03147775744528902 0.008835861739029532 0.005522413586894759 0.012149309891164306 0.011597068532473442 0.013253792608542564 0.025955343858397734 0.04197034326038421 0.05246292907548286 0.02374637842363775
0.0011044827173782579 0.0038656895108256373 0.004970172228203895 0.006626896304273017 0.009388103097716927 0.010492585815095185 0.012149309891164306 0.012149309891164306 0.010492585815095185 0.0077313790216512746 0.004970172228203895 0.004970172228203895 0.0077313790216512746 0.009388103097716927 0.019328447554124717 0.03534344695611466 0.033134481521358145 0.024850861141019476 0.022089654347572096 0.011597068532473442 0.006626896304273017 0.008835861739029532 0.010492585815095185 0.010492585815095185 0.010492585815095185 0.02374637842363775 0.02264189570625949 0.08891085874897231 0.12977671929198173 0.07234361798829497 0.09277654825979795 0.07179137662960758 0.06185103217319979 0.10879154766178789 0.13253792608542564 0.09995568592275836 0.0695824111948476 0.0298210333692199 0.025955343858397734 0.03258224016266728 0.024850861141019476 0.06571672168402543 0.09443327233586707 0.1259110297811561 0.1430305119005243 0.1678813730415403 0.1551798217916886 0.13750809831362953 0.0867018933142158 0.0695824111948476
0.0011044827173782579 0.0016567240760691215 0.004970172228203895 0.008835861739029532 0.02374637842363775 0.07455258342305149 0.08780637603159405 0.01546275804329908 0.010492585815095185 0.019328447554124717 0.01822396483674646 0.008835861739029532 0.006626896304273017 0.013253792608542564 0.04197034326038421 0.0640599976079563 0.05743310130368676 0.0469405154885881 0.03147775744528902 0.012149309891164306 0.02264189570625949 0.03147775744528902 0.01546275804329908 0.02264189570625949 0.03700017103218031 0.07344810070567323 0.0982989618466927 0.13640361559625128 0.06185103217319979 0.026507585217085128 0.03258224016266728 0.024850861141019476 0.027612067934463386 0.040313619184318555 0.08283620380339016 0.028716550651841644 0.013253792608542564 0.0038656895108256373 0.009388103097716927 0.009388103097716927 0.02098517163019384 0.04970172228203548 0.06847792847746934 0.1259110297811561 0.1480006841287282 0.15462758043299774 0.12701551249853435 0.10658258222703137 0.15186637363955036 0.1209408575529522
0.0038656895108256373 0.027612067934463386 0.04197034326038421 0.12977671929198173 0.08228396244470276 0.08394068652077188 0.05798534266237415 0.010492585815095185 0.11928413347688308 0.12756775385722174 0.0469405154885881 0.0171194821193682 0.01988068891281558 0.0342389642387364 0.0469405154885881 0.043074825977762465 0.06019430809713067 0.13419465016149476 0.11155275445523527 0.09443327233586707 0.14413499461790255 0.13143344336804738 0.10216465135751487 0.10492585815096225 0.06571672168402543 0.08504516923815014 0.05743310130368676 0.008835861739029532 0.0077313790216512746 0.0 0.0011044827173782579 0.0027612067934473794 0.0077313790216512746 0.010492585815095185 0.0077313790216512746 0.005522413586894759 0.0011044827173782579 0.005522413586894759 0.012149309891164306 0.02374637842363775 0.026507585217085128 0.033134481521358145 0.030373274727910765 0.09277654825979795 0.16125447673727075 0.14413499461790255 0.19935913048682932 0.22144878483440142 0.21371740581275014 0.14855292548741558
0.004970172228203895 0.028716550651841644 0.04473155005383159 0.13529913287887302 0.07344810070567323 0.0640599976079563 0.05246292907548286 0.07731379021649887 0.1850008551609085 0.1380603396723204 0.05743310130368676 0.0811794797273245 0.09443327233586707 0.07620930749912061 0.047492756847278966 0.06019430809713067 0.0867018933142158 0.16125447673727075 0.12204534027033045 0.103821375433584 0.13143344336804738 0.11431396124867918 0.09443327233586707 0.09167206554241969 0.045836032771209845 0.027612067934463386 0.0 0.0 0.0 0.0 0.0011044827173782579 0.0016567240760691215 0.0038656895108256373 0.0038656895108256373 0.0016567240760691215 0.0 0.004970172228203895 0.010492585815095185 0.02098517163019384 0.040313619184318555 0.03644792967349292 0.033134481521358145 0.054119653151548514 0.15241861499824122 0.22144878483440142 0.23912050831245701 0.295449126898762 0.23359809472556572 0.18389637244353024 0.12480654706377783
0.0038656895108256373 0.0027612067934473794 0.008835861739029532 0.01822396483674646 0.014358275325920822 0.0695824111948476 0.09277654825979795 0.11817965075950482 0.10492585815096225 0.05908982537975241 0.047492756847278966 0.10492585815096225 0.14413499461790255 0.0982989618466927 0.06847792847746934 0.13419465016149476 0.13750809831362953 0.07068689391222932 0.03147775744528902 0.02374637842363775 0.006626896304273017 0.0016567240760691215 0.0011044827173782579 0.0 0.0 0.0 0.0 0.0 0.0 0.0011044827173782579 0.004970172228203895 0.009388103097716927 0.0077313790216512746 0.0027612067934473794 0.0016567240760691215 0.0038656895108256373 0.008835861739029532 0.01988068891281558 0.027612067934463386 0.0469405154885881 0.05356741179286112 0.07620930749912061 0.15849326994382337 0.26894154168167694 0.23856826695376615 0.2573444731492035 0.22586671570391445 0.13529913287887302 0.11265723717261353 0.11541844396605744
0.004970172228203895 0.006626896304273017 0.004970172228203895 0.011597068532473442 0.014358275325920822 0.05522413586892677 0.025955343858397734 0.026507585217085128 0.030373274727910765 0.05522413586892677 0.06019430809713067 0.04086586054300595 0.08946310010766317 0.07620930749912061 0.08946310010766317 0.13750809831362953 0.08559741059683754 0.025955343858397734 0.010492585815095185 0.0 0.0 0.0 0.0 0.0 0.0 0.0 0.0 0.0011044827173782579 0.0011044827173782579 0.033134481521358145 0.0392091364669403 0.04362706733645333 0.0342389642387364 0.030373274727910765 0.004970172228203895 0.008835861739029532 0.026507585217085128 0.0469405154885881 0.045836032771209845 0.051358446358104604 0.11044827173785701 0.162358959454649 0.2297324052147401 0.162358959454649 0.10989603037916615 0.07731379021649887 0.04086586054300595 0.043074825977762465 0.08394068652077188 0.19162775146517805
0.0 0.0 0.0 0.0011044827173782579 0.005522413586894759 0.024850861141019476 0.013253792608542564 0.0298210333692199 0.04362706733645333 0.07234361798829497 0.09995568592275836 0.10768706494440963 0.09940344456407096 0.07344810070567323 0.043074825977762465 0.0171194821193682 0.004970172228203895 0.0011044827173782579 0.0 0.0 0.0 0.0 0.0 0.0 0.0011044827173782579 0.0011044827173782579 0.0038656895108256373 0.004970172228203895 0.028716550651841644 0.06571672168402543 0.14413499461790255 0.1259110297811561 0.12314982298770871 0.04086586054300595 0.01822396483674646 0.03644792967349292 0.04473155005383159 0.03700017103218031 0.054119653151548514 0.0867018933142158 0.17726947613925723 0.15904551130251077 0.11928413347688308 0.07455258342305149 0.0392091364669403 0.011597068532473442 0.004970172228203895 0.01822396483674646 0.08559741059683754 0.2496130941275522
0.0 0.0011044827173782579 0.0 0.0 0.0 0.0 0.0011044827173782579 0.004970172228203895 0.008835861739029532 0.01546275804329908 0.024850861141019476 0.03147775744528902 0.028716550651841644 0.0392091364669403 0.026507585217085128 0.013253792608542564 0.004970172228203895 0.0011044827173782579 0.0 0.0 0.0 0.0 0.0016567240760691215 0.004970172228203895 0.0038656895108256373 0.010492585815095185 0.02264189570625949 0.0298210333692199 0.08504516923815014 0.19659792369338194 0.17837395885663548 0.13253792608542564 0.05246292907548286 0.04086586054300595 0.03700017103218031 0.061298790814508924 0.09332878961848881 0.08504516923815014 0.0469405154885881 0.09553775505324533 0.16898585575891856 0.09056758282504143 0.054119653151548514 0.026507585217085128 0.011597068532473442 0.004970172228203895 0.0027612067934473794 0.02098517163019384 0.09995568592275836 0.2987625750509003
0.0 0.0 0.0 0.0 0.0 0.0 0.0011044827173782579 0.008835861739029532 0.02374637842363775 0.05522413586892677 0.07344810070567323 0.05632861858630503 0.04086586054300595 0.054119653151548514 0.022089654347572096 0.014358275325920822 0.009388103097716927 0.0038656895108256373 0.0 0.0 0.0 0.0 0.0 0.0 0.005522413586894759 0.0171194821193682 0.02374637842363775 0.13088120200936 0.2871655065184234 0.37110619303919523 0.3451508491807975 0.16898585575891856 0.1032691340748966 0.08504516923815014 0.06682120440140368 0.09940344456407096 0.13640361559625128 0.1507618909221721 0.20046361320420758 0.2440906805406609 0.2468518873341083 0.07620930749912061 0.05356741179286112 0.02264189570625949 0.010492585815095185 0.0077313790216512746 0.019328447554124717 0.08780637603159405 0.19825464776945106 0.2612101626600291
0.0 0.0 0.0 0.0 0.0 0.0 0.0016567240760691215 0.013253792608542564 0.06019430809713067 0.10216465135751487 0.14413499461790255 0.15738878722644511 0.08283620380339016 0.027612067934463386 0.013253792608542564 0.012149309891164306 0.011597068532473442 0.006626896304273017 0.0027612067934473794 0.0077313790216512746 0.008835861739029532 0.005522413586894759 0.0016567240760691215 0.004970172228203895 0.06682120440140368 0.15352309771561948 0.21095619901930276 0.26894154168167694 0.32637464298536367 0.4064496399953065 0.3528822282024488 0.27777740342070645 0.26783705896429866 0.29765809233352203 0.29489688554007465 0.30041929912696597 0.2805386102141538 0.18113516565008286 0.20046361320420758 0.17450826934581332 0.13088120200936 0.08394068652077188 0.03534344695611466 0.03147775744528902 0.08780637603159405 0.15738878722644511 0.3125686090181302 0.39485257146283304 0.3136730917355085 0.4003749850497243
0.011597068532473442 0.009388103097716927 0.24298619782328265 0.2744639552685717 0.004970172228203895 0.0011044827173782579 0.0038656895108256373 0.006626896304273017 0.048597239564657224 0.13088120200936 0.19383671689993803 0.1629112008133364 0.07620930749912061 0.0298210333692199 0.022089654347572096 0.010492585815095185 0.009388103097716927 0.01822396483674646 0.05080620499941374 0.05798534266237415 0.011597068532473442 0.009388103097716927 0.009388103097716927 0.04970172228203548 0.18886654467173414 0.4042406745605499 0.4395841215166646 0.40810636407137557 0.4660917067337497 0.4798977407009831 0.4694051548858845 0.35453895227851445 0.4147332603756486 0.3501210214090014 0.21537412988881927 0.20322481999765496 0.17837395885663548 0.12204534027033045 0.15352309771561948 0.1480006841287282 0.11707516804212656 0.11155275445523527 0.10492585815096225 0.26783705896429866 0.33465826336570237 0.3556434349958962 0.442345328310112 0.5997341155365536 0.717361524937371 0.8852428979789113
0.0392091364669403 0.598077391460488 0.27777740342070645 0.27556843798594993 0.0298210333692199 1.043183926564044 0.21813533668226318 0.13419465016149476 0.0298210333692199 0.11155275445523527 0.16512016624809292 0.13640361559625128 0.06847792847746934 0.02374637842363775 0.01988068891281558 0.013253792608542564 0.022089654347572096 0.07234361798829497 0.10492585815096225 0.05743310130368676 0.028716550651841644 0.03644792967349292 0.006626896304273017 0.0469405154885881 0.2148218885301284 0.4213601566799181 0.4815544647770488 0.45007670733175975 0.3197477466810906 0.2634191280947856 0.2888222305944925 0.2319413706494966 0.2297324052147401 0.20101585456289844 0.11817965075950482 0.1336424088028039 0.10989603037916615 0.17947844157401374 0.20101585456289844 0.15352309771561948 0.12370206434639958 0.17561275206319157 0.3672405035283696 0.5064053259180683 0.5682563580912646 0.5903460124388367 0.6897494570029077 0.8819294498267766 1.1044827173785527 1.1939458174862159
