static/data/precipitation/2023/7/16/0.asc
ncols 137
nrows 93
xllcorner 108.0
yllcorner 17.0
cellsize 0.25
NODATA_value -32767
[rows 63 to 83 of 93, columns 0 to 47 of 137]
0.0 0.0 0.0 0.0 0.0 0.0 0.0 0.0 0.0 0.0 0.0 0.0 0.0 0.0 0.0038656895108256373 0.0027612067934473794 0.0038656895108256373 0.013253792608542564 0.06295551489057805 0.08780637603159405 0.05080620499941374 0.02098517163019384 0.009388103097716927 0.01546275804329908 0.01546275804329908 0.004970172228203895 0.006626896304273017 0.0077313790216512746 0.013253792608542564 0.027612067934463386 0.012149309891164306 0.008835861739029532 0.02374637842363775 0.019328447554124717 0.02098517163019384 0.01988068891281558 0.03700017103218031 0.06019430809713067 0.18334413108483938 0.14413499461790255 0.10106016864013662 0.15186637363955036 0.10603034086834051 0.17616499342187897 0.05080620499941374 0.03147775744528902 0.0027612067934473794 0.0
0.0 0.0 0.0 0.0 0.0 0.0 0.0 0.0 0.0 0.0 0.0 0.0 0.0 0.0 0.0 0.0 0.0 0.004970172228203895 0.025955343858397734 0.08559741059683754 0.07510482478174235 0.045836032771209845 0.01822396483674646 0.0077313790216512746 0.004970172228203895 0.0027612067934473794 0.012149309891164306 0.014358275325920822 0.012149309891164306 0.014358275325920822 0.006626896304273017 0.02264189570625949 0.03534344695611466 0.04086586054300595 0.05798534266237415 0.09995568592275836 0.14137378782445517 0.23359809472556572 0.12701551249853435 0.054119653151548514 0.10768706494440963 0.22586671570391445 0.4589125690707893 1.5457235629712864 0.6113311840690305 0.07841827293387713 0.05246292907548286 0.1380603396723204
0.0 0.0 0.0 0.0 0.0 0.0 0.0 0.0 0.0 0.0 0.0 0.0 0.0 0.0 0.0 0.0 0.0 0.0027612067934473794 0.019328447554124717 0.05080620499941374 0.05798534266237415 0.0392091364669403 0.013253792608542564 0.005522413586894759 0.01822396483674646 0.014358275325920822 0.016014999401989943 0.026507585217085128 0.027612067934463386 0.011597068532473442 0.009388103097716927 0.016014999401989943 0.012149309891164306 0.011597068532473442 0.05356741179286112 0.14413499461790255 0.18223964836746112 0.08283620380339016 0.1209408575529522 0.16512016624809292 0.28606102380104514 0.5246292907548147 0.6930629051550424 1.3988273615599365 0.7532572132521731 0.4031361918431717 0.30207602320303506 0.23856826695376615
0.0 0.0 0.0 0.0 0.0 0.0 0.0 0.0 0.0 0.0 0.0 0.0 0.0 0.0 0.0 0.0 0.0038656895108256373 0.016014999401989943 0.0298210333692199 0.03700017103218031 0.0342389642387364 0.028716550651841644 0.03700017103218031 0.051358446358104604 0.04970172228203548 0.1209408575529522 0.06682120440140368 0.01822396483674646 0.010492585815095185 0.043074825977762465 0.13088120200936 0.3015237818443442 0.19162775146517805 0.09056758282504143 0.03534344695611466 0.09167206554241969 0.32029998803978155 1.0387659956945308 0.7493915237413474 0.5837191161345672 0.6047042877647575 0.48431567157049615 0.598077391460488 0.49094256787476576 0.4241213634733655 0.2048815440737206 0.09277654825979795 0.19935913048682932
0.0 0.0 0.0 0.0 0.0 0.0 0.0 0.0 0.0 0.0 0.0 0.0 0.0 0.0 0.0 0.0011044827173782579 0.005522413586894759 0.0171194821193682 0.3898823992346291 0.07841827293387713 0.26783705896429866 0.26231464537740734 0.1850008551609085 0.17947844157401374 0.22144878483440142 0.14689620141134646 0.051358446358104604 0.006626896304273017 0.009388103097716927 0.043074825977762465 0.08394068652077188 0.1507618909221721 0.1480006841287282 1.2199011613446138 1.7356945903603953 1.6059178710684172 2.037218372204743 2.2564581916043847 0.8725413467290561 0.43019601841894767 0.22862792249736183 0.19549344097600369 0.3556434349958962 0.46056929314685846 0.21371740581275014 0.07841827293387713 0.07179137662960758 0.2739117139098808
0.0 0.0 0.0 0.0 0.0 0.0 0.0 0.0 0.0 0.0 0.0 0.0 0.0 0.0 0.0 0.019328447554124717 0.0298210333692199 1.7616499342187932 2.0112630283463453 1.1967070242796634 0.2965536096161403 0.331897056572255 0.35840464178934006 0.40921084678875386 0.1899710273891124 0.07344810070567323 0.011597068532473442 0.005522413586894759 0.0077313790216512746 0.0695824111948476 0.1480006841287282 0.20432930271503322 1.9532776856839713 2.6386092118173643 2.7457440354030846 2.9848645437155414 3.2996421181684283 3.097521780888153 2.0692483710087197 0.8747503121638162 0.46056929314685846 0.15241861499824122 0.2518220595623122 0.2496130941275522 0.16014999401988902 0.019328447554124717 0.011597068532473442 0.0867018933142158
0.0 0.0 0.0 0.0 0.0 0.0 0.0 0.0 0.0 0.0 0.0 0.0 0.0 0.0 0.0 0.012149309891164306 0.6151968735798562 2.257562674321763 2.1879802631269154 1.4054542578642095 0.774242384882367 0.4395841215166646 0.4174944671690925 0.291031196029249 0.0867018933142158 0.006626896304273017 0.005522413586894759 0.0016567240760691215 0.05522413586892677 0.19935913048682932 0.7858394534148404 1.4860814962328432 3.2510448786037727 3.345478150939638 3.2747912570274105 3.027939369693304 2.9533867862702525 2.8258190324130292 2.327697326875301 1.3540958115061084 1.085154269824428 1.0575422018899647 1.7025601088390407 1.4617828764505145 0.8648099677074084 0.061298790814508924 0.0342389642387364 0.040313619184318555
0.0 0.0 0.0 0.0 0.0 0.0 0.0 0.0 0.0 0.0 0.0 0.0 0.0 0.0 0.0011044827173782579 0.061298790814508924 0.8554218646096914 1.51148459873255 1.4993352888413858 1.116632027269717 0.685883767492082 0.4959127401029696 0.25347878363837784 0.08504516923815014 0.03534344695611466 0.0 0.061298790814508924 0.08283620380339016 0.6334208384165991 1.6147537328074466 3.0146855770847614 4.10094432962657 5.02373963999635 2.994804888171948 2.414951461548208 1.9350537208472247 1.661142006937344 1.6964854538934586 1.755575279273211 1.4407977048203242 1.6070223537857955 1.7793216576968487 2.2956673280713247 1.9571433751947969 0.555002565482722 0.733376524339361 0.7068689391222759 0.2490608527688648
0.0 0.0 0.0 0.0 0.0 0.0 0.0 0.0 0.0 0.0 0.0 0.0 0.0 0.0 0.0011044827173782579 0.02374637842363775 1.0326913407489486 1.3066030546588294 1.07024375313982 0.6615851477097534 0.5290472216243278 0.5064053259180683 0.05798534266237415 0.010492585815095185 0.0027612067934473794 0.09056758282504143 0.15186637363955036 1.058646684607343 1.8052770015552464 3.636509346968887 4.713932237771666 5.445652038034957 3.915943474465661 1.645127007535354 1.085154269824428 0.7935708324364916 0.6350775624926683 0.6665553199379572 0.8189739349361985 0.8515561750988658 1.1177365099870953 1.126020130367434 1.0442884092814222 0.8791682430333292 0.8675711745008557 1.0641690981942378 1.5125890814499283 0.8670189331421649
0.0 0.0 0.0 0.0 0.0 0.0 0.0 0.0 0.0 0.0 0.0 0.0 0.0 0.0 0.21758309532357578 0.24022499102983527 0.11817965075950482 2.836311618228126 2.192398193996428 0.8261530725991589 0.8857951393375987 0.20101585456289844 0.016014999401989943 0.009388103097716927 0.06847792847746934 0.21371740581275014 1.132094785313016 2.1294426791058503 3.1146412630075218 3.7403307224024713 2.9213567874662743 1.7898142435119473 0.6505403205359673 0.4589125690707893 0.5284949802656369 0.43019601841894767 0.4103153295061321 0.419703432603849 0.36061360722409663 0.3252701602679854 0.3125686090181302 0.2634191280947856 0.2810908515728412 0.322508953474538 0.3749718825500209 0.5047486018419991 0.9233475517284699 1.3237225367781977
0.0 0.0 0.0 0.0 0.0 0.0 0.0 0.0 0.03700017103218031 0.03700017103218031 0.022089654347572096 0.0 0.0 0.2612101626600291 0.6930629051550424 0.9327356548261903 0.11707516804212656 6.9113006039963 4.279318288483205 1.5429623561778392 0.37938981341953393 0.04970172228203548 0.025955343858397734 0.08394068652077188 0.19935913048682932 0.8581830714031353 2.378503531874715 3.469732456644727 3.1168502284422783 1.4628873591678928 0.8394068652077015 0.5654951512978207 0.7858394534148404 0.9167206554242003 0.5654951512978207 0.4241213634733655 0.30925516086599547 0.20432930271503322 0.16401568353071466 0.17837395885663548 0.16401568353071466 0.11265723717261353 0.13143344336804738 0.19162775146517805 0.25347878363837784 0.28992671331187075 0.32416567755060716 0.4660917067337497
0.0 0.0 0.0 0.0 0.0 0.0 0.0 0.0 0.08891085874897231 0.32029998803978155 0.022089654347572096 0.0 0.0 0.28329981700759777 0.46056929314685846 0.24519516325803917 0.8040634182515869 8.021305734961745 5.418039970100494 1.8748594127500942 0.21095619901930276 0.03810465374956204 0.10879154766178789 0.23856826695376615 1.0547809950965172 2.514907147470966 3.488508662840161 3.0594171271385933 1.324827019495576 0.4136287776582669 0.5677041167325771 1.043183926564044 1.053676512379139 0.6875404915681511 0.36447929673492224 0.207642750867168 0.14413499461790255 0.16567240760678378 0.2297324052147401 0.2871655065184234 0.2601056799426509 0.10658258222703137 0.09608999641193272 0.09553775505324533 0.14137378782445517 0.1678813730415403 0.17450826934581332 0.18665757923697415
0.0 0.0 0.0 0.0 0.0 0.0 0.0 0.0 0.3214044707571598 1.697589936610837 0.2070905095084806 0.07068689391222932 0.0392091364669403 0.11928413347688308 0.21813533668226318 0.4003749850497243 0.4749275684727793 3.7574502045218394 4.020869332616625 1.9035759634019358 0.11928413347688308 0.0695824111948476 0.2148218885301284 1.3739765004189206 2.8180876533913795 3.708852964957182 3.111880056214074 1.7749037268273358 0.7466303169479036 0.9393625511304599 1.6031566642749697 1.1376171988999109 0.6494358378185892 0.23580706016032224 0.10492585815096225 0.13916482238969866 0.2496130941275522 0.25844895586658173 0.18113516565008286 0.15738878722644511 0.17837395885663548 0.1629112008133364 0.11541844396605744 0.09443327233586707 0.1209408575529522 0.15849326994382337 0.16014999401988902 0.07897051429256799
0.013253792608542564 0.014358275325920822 0.0 0.0 0.0 0.0 0.0 0.004970172228203895 0.3136730917355085 1.2199011613446138 0.370001710321817 0.24298619782328265 0.23249361200818747 0.25955343858395996 0.3434941251047319 0.63397307977529 1.2972149515611124 5.449517727545783 3.6652258976207306 1.4993352888413858 0.11707516804212656 0.11652292668343917 0.7659587645020283 2.9533867862702525 5.201561357494298 4.3765127676125175 2.9937004054545695 1.4827680480807084 1.2436475397682514 1.962665788781688 1.641261318024532 0.9631089295540975 0.41859894988647073 0.19549344097600369 0.14855292548741558 0.15738878722644511 0.14689620141134646 0.16677689032416204 0.1507618909221721 0.16953809711760942 0.18334413108483938 0.15738878722644511 0.2126129230953719 0.15904551130251077 0.1728515452697442 0.2220010261930888 0.2126129230953719 0.09332878961848881
0.10216465135751487 0.08394068652077188 0.04473155005383159 0.04970172228203548 0.030373274727910765 0.005522413586894759 0.006626896304273017 0.03534344695611466 0.5218680839613674 3.1157457457249 0.7886006602082878 0.4484199832556941 1.7749037268273358 0.7924663497191133 0.4920470505921475 1.0812885803136059 2.929640407846613 7.10845076904837 3.5188819375680715 0.9200341035763351 0.22310550891046707 0.5627339445043733 1.7406647625885994 4.613976551848907 7.596079888771001 6.084595290038451 2.539758008611984 1.7583364860666584 2.0836066463346405 2.148771126659975 1.4684097727547876 0.5235248080374331 0.35122550412637965 0.5770922198302941 0.4489722246143815 0.28606102380104514 0.20598602679109887 0.16401568353071466 0.14413499461790255 0.16953809711760942 0.13916482238969866 0.1899710273891124 0.2810908515728412 0.19935913048682932 0.24519516325803917 0.3479120559742449 0.41086757086482295 0.2253144743452236
0.25568774907313435 0.1032691340748966 0.040313619184318555 0.04197034326038421 0.03700017103218031 0.0038656895108256373 3.1764922951807195 5.398711522546369 6.047042877647581 3.7983160650648453 0.89352651835925 3.043954369095294 4.978455848583829 4.120825018539383 3.220671603875862 1.4617828764505145 4.00927226408415 8.088126939363148 2.09244250807367 0.41197205358220124 0.53512187656991 0.8018544528168303 2.5673700765464473 5.804056679824299 8.166545212297024 6.271252869275427 2.8584012725756964 2.6540719698606647 2.8799386855645794 1.7434259693820466 1.059751167324721 0.5654951512978207 0.5533458414066563 0.6444656655903852 0.46333049994030234 0.3462553318981758 0.291031196029249 0.2965536096161403 0.15628430450906686 0.15352309771561948 0.13143344336804738 0.207642750867168 0.21150844037799363 0.1629112008133364 0.2717027484751243 0.31091188494206456 0.3650315380936131 0.2871655065184234
0.2220010261930888 0.061298790814508924 0.04197034326038421 0.005522413586894759 0.0011044827173782579 0.0016567240760691215 3.179805743332856 5.441786348524134 6.1188342542771865 2.167547332855412 1.1425873711281147 3.3675678052872104 6.497119584979342 5.636175306782759 4.5631703468494935 2.798206964478566 5.3169798014603575 9.228505345056504 1.3286927090064016 0.49977842961379526 0.6963763533071772 0.7631975577085809 2.5320266295903346 5.960340984333365 8.326695206316915 6.30659631623154 3.1853281569197494 3.4769115943076874 3.490717628274919 1.9416806171514978 1.053676512379139 0.5588682549935476 0.4147332603756486 0.50530084320069 0.3528822282024488 0.3214044707571598 0.29379240282269636 0.33465826336570237 0.2048815440737206 0.14965740820479384 0.12756775385722174 0.09608999641193272 0.09940344456407096 0.103821375433584 0.19659792369338194 0.19383671689993803 0.23359809472556572 0.1971501650520728
0.07344810070567323 0.21813533668226318 0.07897051429256799 0.0011044827173782579 0.0011044827173782579 0.0016567240760691215 0.0016567240760691215 0.15738878722644511 0.4489722246143815 0.3650315380936131 0.7874961774909095 1.0873632352591847 4.1771536371256905 6.31432769525319 5.240218252602548 5.8145492656393944 8.289142793926045 9.219117241958786 1.8770683781848505 0.8001977287407612 0.8173172108601294 0.918377379500266 2.3547571534510774 5.788593921780999 7.876618498985153 5.8410568508564795 3.568583659850107 3.6967036550660195 3.6547333118056335 2.312786810190693 1.329244950365089 0.6781523884704308 0.5329129111351534 0.41197205358220124 0.2810908515728412 0.322508953474538 0.2739117139098808 0.2810908515728412 0.3661360208109914 0.291031196029249 0.11928413347688308 0.08780637603159405 0.11707516804212656 0.13143344336804738 0.07897051429256799 0.09608999641193272 0.13419465016149476 0.1507618909221721
0.12756775385722174 0.7897051429256661 0.19438895825862543 0.06571672168402543 0.06019430809713067 0.0011044827173782579 0.0011044827173782579 0.009388103097716927 0.08946310010766317 0.17947844157401374 0.2783296447793973 0.5511368759718999 0.8554218646096914 3.703330551370291 6.307700798948918 7.669527989476675 9.264953274729997 8.383576066261911 3.151641434039702 0.9062280696091017 0.9603477227606537 0.868675657218234 2.1355173340514324 3.7574502045218394 5.320293249612492 6.248610973569166 4.311348287287183 3.496240041861812 3.1499847099636344 2.483429390025677 1.0089449623253075 0.2269711984212927 0.16125447673727075 0.2468518873341083 0.28495654108366686 0.34128515966997186 0.2783296447793973 0.3357627460830806 0.5207636012439891 0.4815544647770488 0.2672848176056113 0.08228396244470276 0.11376171988999179 0.13640361559625128 0.040313619184318555 0.02374637842363775 0.04086586054300595 0.11265723717261353
0.34128515966997186 0.8675711745008557 1.2762297799309188 0.6378387692861156 0.12977671929198173 0.022089654347572096 0.0 0.008835861739029532 0.0469405154885881 0.12977671929198173 0.20874723358454625 0.322508953474538 0.5743310130368467 0.9233475517284699 4.209735877288358 8.153843661047171 8.885563461310463 5.498667208469129 4.859171715106947 1.3866780516687758 0.4169422258104051 0.5748832543955376 1.1425873711281147 2.3553093948097645 4.34393052744985 6.209401837102227 5.443443072600201 3.9568093350086686 3.0461633345300507 2.2487268125827367 1.043183926564044 0.3893301578759417 0.24629964597541742 0.2440906805406609 0.22586671570391445 0.263971369453473 0.22862792249736183 0.419703432603849 0.9470939301521111 0.8134515213493038 0.338523952876528 0.08283620380339016 0.03700017103218031 0.025955343858397734 0.02264189570625949 0.03534344695611466 0.025955343858397734 0.054119653151548514
0.918377379500266 1.0061837555318636 1.444111152972459 1.060303408683412 0.4694051548858845 0.15241861499824122 0.0640599976079563 0.005522413586894759 0.03534344695611466 0.11431396124867918 0.21647861260619752 0.26783705896429866 0.37773308934346483 0.5721220476020903 0.9327356548261903 1.7461871761754941 4.881813610813206 11.74286025116878 6.8074792285627135 1.922352169597373 0.7438691101544561 0.5185546358092326 1.1757218526494695 2.086367853128088 3.5669269357740396 5.697474097597268 5.9967889140068555 5.113754981462702 3.2642986712123157 2.23712974405026 1.2922447793329086 0.5693608408086464 0.25071757684493046 0.36834498624574785 0.6301073902644644 0.48707687836394353 0.37110619303919523 0.6676598026553355 1.3988273615599365 1.6213806291117163 0.8051679009689651 0.08946310010766317 0.0298210333692199 0.03147775744528902 0.004970172228203895 0.04086586054300595 0.07234361798829497 0.05356741179286112
