static/data/precipitation/2023/7/16/12.asc
ncols 137
nrows 93
xllcorner 108.0
yllcorner 17.0
cellsize 0.25
NODATA_value -32767
[rows 42 to 62 of 93, columns 48 to 95 of 137]
0.0016567240760691215 0.349568780050314 0.29710585097483116 0.0011044827173782579 0.02816430929315425 0.07068689391222932 0.16732913168284944 0.048597239564657224 0.027612067934463386 0.0011044827173782579 0.0011044827173782579 0.0 0.0 0.0 0.0044179308695130315 0.008835861739029532 0.04528379141252245 0.08725413467290666 0.17947844157401374 0.21813533668226318 0.2501653354862431 0.17229930391105333 0.12977671929198173 0.045836032771209845 0.06019430809713067 0.08394068652077188 0.2838520583662886 0.16180671809595815 0.07289585934698584 0.09553775505324533 0.11376171988999179 0.16180671809595815 0.11210499581392266 0.06240327353188718 0.061298790814508924 0.08062723836863364 0.054119653151548514 0.07123913527091671 0.09277654825979795 0.11431396124867918 0.10603034086834051 0.0811794797273245 0.07344810070567323 0.06516448032533456 0.048597239564657224 0.035895688314802054 0.03534344695611466 0.02374637842363775
0.0016567240760691215 0.0005522413586908637 0.0005522413586908637 0.05688085994499589 0.0867018933142158 0.3247179189092946 0.1927322341825563 0.06461223896664717 0.037552412390871176 0.0044179308695130315 0.0016567240760691215 0.0005522413586908637 0.0 0.004970172228203895 0.008835861739029532 0.08449292787945928 0.15683654586775425 0.20432930271503322 0.370001710321817 0.39927050233234607 0.13695585695494214 0.07179137662960758 0.03976137782562769 0.2838520583662886 0.315882057170265 0.19107551010649065 0.24022499102983527 0.08228396244470276 0.04914948092334462 0.10713482358571877 0.10547809950965312 0.12259758162902132 0.07565706614042975 0.09332878961848881 0.0938810309771762 0.09774672048800184 0.0695824111948476 0.08835861739028492 0.10106016864013662 0.12259758162902132 0.11155275445523527 0.10658258222703137 0.10050792728144922 0.08007499700994625 0.061298790814508924 0.05246292907548286 0.04970172228203548 0.037552412390871176
0.0 0.0 0.0033134481521347736 0.05964206673844327 0.26562809352954214 0.6019430809713135 0.27943412749677554 0.10492585815096225 0.07786603157518973 0.007179137662960411 0.0027612067934473794 0.0011044827173782579 0.004970172228203895 0.00994034445640779 0.0740003420643641 0.22034430211702316 0.30980740222468284 0.4070018813539973 0.5726742889607811 0.4798977407009831 0.024298619782328612 0.03976137782562769 0.3252701602679854 0.5699130821673337 0.4760320511901575 0.2418817151059044 0.11486620260737004 0.08007499700994625 0.0469405154885881 0.04804499820596636 0.0690301698361602 0.06847792847746934 0.10271689271620574 0.12038861619426133 0.1110005130965444 0.09774672048800184 0.07289585934698584 0.08338844516208102 0.09608999641193272 0.0982989618466927 0.0988512032053801 0.103821375433584 0.09664223777062358 0.07565706614042975 0.05743310130368676 0.05467189451023938 0.05246292907548286 0.058537584021065014
0.0016567240760691215 0.008835861739029532 0.013253792608542564 0.17119482119367507 0.45725584499472016 0.5715698062434028 0.7035554909701376 0.22034430211702316 0.02540310249970687 0.007179137662960411 0.0027612067934473794 0.004970172228203895 0.01270155124985517 0.09498551369455446 0.16180671809595815 0.3804942961369122 0.4594648104294802 0.5008829123311735 0.41638998445171427 0.09277654825979795 0.0298210333692199 0.12977671929198173 0.66379411314451 0.598077391460488 0.09222430690111055 0.061298790814508924 0.02705982657577599 0.009388103097716927 0.008283620380338669 0.012149309891164306 0.0342389642387364 0.04970172228203548 0.07455258342305149 0.0811794797273245 0.07510482478174235 0.0740003420643641 0.07344810070567323 0.05908982537975241 0.06737344576009108 0.08725413467290666 0.08283620380339016 0.07841827293387713 0.06571672168402543 0.05743310130368676 0.051358446358104604 0.047492756847278966 0.04417930869514072 0.05632861858630503
0.02264189570625949 0.050253963640722876 0.16567240760678378 0.3125686090181302 0.3799420547782213 0.37110619303919523 0.07620930749912061 0.05080620499941374 0.04141810190169681 0.00994034445640779 0.005522413586894759 0.013806033967233428 0.10823930630309703 0.2601056799426509 0.4235691221146747 0.6488835964599017 0.2943446441813838 0.21316516445406275 0.2733594725511934 0.34404636646341924 0.06185103217319979 0.4070018813539973 0.23470257744294398 0.08283620380339016 0.06847792847746934 0.02264189570625949 0.008283620380338669 0.006626896304273017 0.008835861739029532 0.014910516684611685 0.0298210333692199 0.025955343858397734 0.0342389642387364 0.038656895108249434 0.03644792967349292 0.03976137782562769 0.022089654347572096 0.0171194821193682 0.028716550651841644 0.04914948092334462 0.05743310130368676 0.05522413586892677 0.05246292907548286 0.0469405154885881 0.04252258461907507 0.03810465374956204 0.03976137782562769 0.0469405154885881
0.15352309771561948 0.28606102380104514 0.315882057170265 0.5671518753738863 0.773690143523676 0.06571672168402543 0.23470257744294398 0.1281199952159126 0.023194137064950354 0.011597068532473442 0.017671723478055595 0.05522413586892677 0.13640361559625128 0.33024033249618934 0.5152411876570944 0.37165843439788265 0.4456587764622467 0.21371740581275014 0.043074825977762465 0.09664223777062358 0.3860167097238035 0.2717027484751243 0.1457917186939682 0.06019430809713067 0.026507585217085128 0.006626896304273017 0.008835861739029532 0.00994034445640779 0.008835861739029532 0.006626896304273017 0.011044827173786048 0.023194137064950354 0.017671723478055595 0.013806033967233428 0.01546275804329908 0.014910516684611685 0.01546275804329908 0.008835861739029532 0.03700017103218031 0.07731379021649887 0.03534344695611466 0.04804499820596636 0.053015170434170256 0.04914948092334462 0.04086586054300595 0.03644792967349292 0.03534344695611466 0.03368672288004554
0.1855530965195959 0.34238964238735015 0.6328685970579118 0.6400477347208722 0.3390761942352154 0.11707516804212656 0.04638827412990071 0.02705982657577599 0.01546275804329908 0.014358275325920822 0.07841827293387713 0.24022499102983527 0.3661360208109914 0.6356298038513591 0.8493472096641093 0.4368229147232172 0.3451508491807975 0.21316516445406275 0.08725413467290666 0.1408215464657643 1.003974790097107 0.15849326994382337 0.06737344576009108 0.05743310130368676 0.014358275325920822 0.009388103097716927 0.010492585815095185 0.011044827173786048 0.011044827173786048 0.011044827173786048 0.010492585815095185 0.009388103097716927 0.006074654945582153 0.0027612067934473794 0.0033134481521347736 0.0033134481521347736 0.004970172228203895 0.013806033967233428 0.020432930271502975 0.020432930271502975 0.00994034445640779 0.0298210333692199 0.03258224016266728 0.03258224016266728 0.03092551608659816 0.02264189570625949 0.019328447554124717 0.01988068891281558
0.2844042997249795 0.8659144504247867 0.8222873830883333 0.5522413586892782 0.16512016624809292 0.04804499820596636 0.024850861141019476 0.016567240760677338 0.013253792608542564 0.0298210333692199 0.09277654825979795 0.22089654347571056 0.43627067336452985 1.0139151345535113 0.9161684140655095 0.6129879081450962 0.48762911972263095 0.4202556739625399 0.04417930869514072 0.37773308934346483 1.0056315141731726 0.7239884212416405 0.4053451572779282 0.04638827412990071 0.019328447554124717 0.02098517163019384 0.0171194821193682 0.01270155124985517 0.011044827173786048 0.014358275325920822 0.009388103097716927 0.0077313790216512746 0.0033134481521347736 0.0016567240760691215 0.0027612067934473794 0.0038656895108256373 0.0027612067934473794 0.0033134481521347736 0.007179137662960411 0.005522413586894759 0.0033134481521347736 0.009388103097716927 0.009388103097716927 0.013806033967233428 0.013806033967233428 0.012149309891164306 0.012149309891164306 0.012149309891164306
0.3876734337998726 0.36834498624574785 0.7007942841766936 0.7527049718934857 0.3650315380936131 0.06295551489057805 0.010492585815095185 0.011044827173786048 0.012149309891164306 0.040313619184318555 0.1281199952159126 0.25844895586658173 0.40092722640841516 0.8968399665113848 0.8256008312404681 1.277334262648297 1.3314539157998455 0.45062894869045067 0.24519516325803917 0.5003306709724862 0.5108232567875813 0.5632861858630642 0.5848235988519455 0.2744639552685717 0.27501619662725907 0.07510482478174235 0.06461223896664717 0.04528379141252245 0.04141810190169681 0.019328447554124717 0.008835861739029532 0.0044179308695130315 0.0038656895108256373 0.0027612067934473794 0.006626896304273017 0.008835861739029532 0.01546275804329908 0.004970172228203895 0.0038656895108256373 0.0016567240760691215 0.0016567240760691215 0.0011044827173782579 0.0011044827173782579 0.0033134481521347736 0.0038656895108256373 0.004970172228203895 0.007179137662960411 0.008283620380338669
0.2810908515728412 0.19991137184552019 0.6798091125464999 0.7140480767852363 0.2601056799426509 0.03700017103218031 0.006074654945582153 0.008835861739029532 0.010492585815095185 0.051358446358104604 0.1402693051070769 0.23249361200818747 0.4053451572779282 0.6560627341228621 0.5632861858630642 0.9934822042820084 0.9868553079777388 0.22918016385604922 0.6731822162422303 0.9901687561298735 0.8156604867840638 0.6372865279274248 0.6577194581989277 0.7841827293387748 0.9167206554242003 0.6389432520034939 0.12646327113984349 0.10713482358571877 0.10768706494440963 0.09167206554241969 0.023194137064950354 0.0038656895108256373 0.0038656895108256373 0.006626896304273017 0.011044827173786048 0.0347912055974238 0.04362706733645333 0.03976137782562769 0.011044827173786048 0.008283620380338669 0.0016567240760691215 0.0 0.0 0.0005522413586908637 0.0005522413586908637 0.0016567240760691215 0.0038656895108256373 0.0044179308695130315
0.11320947853130092 0.4103153295061321 0.7764513503171234 0.46719618945112795 0.012149309891164306 0.0038656895108256373 0.0038656895108256373 0.006626896304273017 0.011597068532473442 0.05246292907548286 0.13088120200936 0.22089654347571056 0.35177774548507057 0.3125686090181302 0.24629964597541742 0.25237430092099955 0.24629964597541742 0.4594648104294802 0.9802284116734659 1.2182444372685446 1.1000647865090398 0.920586344935026 0.8294665207512937 1.0591989259660337 1.7119482119367577 1.8930833775868405 1.2303937471597088 0.47050963760326275 0.4710618789619536 0.2269711984212927 0.12701551249853435 0.05688085994499589 0.009388103097716927 0.012149309891164306 0.018776206195437323 0.04473155005383159 0.0640599976079563 0.11044827173785701 0.07068689391222932 0.013253792608542564 0.006626896304273017 0.0022089654347565157 0.0022089654347565157 0.0016567240760691215 0.004970172228203895 0.004970172228203895 0.0016567240760691215 0.0016567240760691215
0.39650929553890213 0.6593761822749968 0.322508953474538 0.06074654945582153 0.009388103097716927 0.0011044827173782579 0.0016567240760691215 0.004970172228203895 0.00994034445640779 0.0347912055974238 0.11044827173785701 0.22420999162784533 0.2634191280947856 0.21150844037799363 0.22586671570391445 0.1921799928238689 0.3125686090181302 0.866466691783474 0.8808249671093983 1.2044384033013147 1.3739765004189206 1.0509153055856952 0.8918697942831809 1.0934378902047668 1.8472473448156306 2.3205181892123408 2.92411799425972 2.106248542040903 1.1022737519437962 0.7289585934698445 0.4202556739625399 0.1750605107045007 0.11873189211819568 0.02374637842363775 0.0298210333692199 0.029268792010532507 0.05743310130368676 0.1435827532592117 0.11486620260737004 0.054119653151548514 0.01546275804329908 0.010492585815095185 0.006626896304273017 0.009388103097716927 0.013253792608542564 0.012149309891164306 0.008283620380338669 0.0011044827173782579
0.9106460004786182 0.23912050831245701 0.018776206195437323 0.006626896304273017 0.0016567240760691215 0.0005522413586908637 0.0005522413586908637 0.0011044827173782579 0.008835861739029532 0.03258224016266728 0.06792568711878194 0.16732913168284944 0.2882699892358016 0.27612067934463735 0.2148218885301284 0.1977024064107602 0.3407329183112845 0.5903460124388367 0.5135844635810287 1.6280075254159891 1.5529027006342468 1.3546480528647957 1.2314982298770871 1.3342151225932928 0.9686313431409923 0.7366899724914957 3.058864885779904 3.39849332137381 2.160920436551139 1.8008590706857335 1.1276768544435032 0.7234361798829532 0.24574740461673003 0.13032896065066912 0.037552412390871176 0.020432930271502975 0.0347912055974238 0.11762740940081742 0.11320947853130092 0.10271689271620574 0.06074654945582153 0.0298210333692199 0.019328447554124717 0.027612067934463386 0.037552412390871176 0.0342389642387364 0.014910516684611685 0.0033134481521347736
0.023194137064950354 0.00994034445640779 0.004970172228203895 0.0016567240760691215 0.0016567240760691215 0.0005522413586908637 0.0 0.0005522413586908637 0.007179137662960411 0.0171194821193682 0.0342389642387364 0.07952275565125538 0.23028464657342748 0.08780637603159405 0.1607022353785799 0.11210499581392266 0.07841827293387713 0.1435827532592117 0.42688257026681287 0.7388989379262523 1.4385887393855676 1.724097521827922 1.3844690862340157 0.8377501411316324 0.5643906685804424 0.5975251501017971 1.2033339205839328 2.1741742291596817 3.199134190886981 3.677927448870584 2.477906976438784 1.4789023585698828 0.6776001471117433 0.23580706016032224 0.09608999641193272 0.04914948092334462 0.043074825977762465 0.0811794797273245 0.11652292668343917 0.13916482238969866 0.12149309891163959 0.0861496519555284 0.054119653151548514 0.06074654945582153 0.07565706614042975 0.06682120440140368 0.043074825977762465 0.008835861739029532
0.0027612067934473794 0.0016567240760691215 0.0016567240760691215 0.0016567240760691215 0.0022089654347565157 0.0011044827173782579 0.0 0.0005522413586908637 0.0044179308695130315 0.021537412988881233 0.051358446358104604 0.09498551369455446 0.162358959454649 0.3898823992346291 0.17229930391105333 0.23249361200818747 0.4727186030380227 0.5997341155365536 0.7747946262410543 0.7190182490134401 0.34735981461555404 1.2441997811269423 2.2570104329630754 1.978680788183678 0.9272132412392955 0.5019873950485518 0.6383910106448031 1.4214692572661995 2.582280593231059 3.4631055603404537 2.971610751106999 1.8709937232392684 1.2149309891164097 0.6444656655903852 0.2987625750509003 0.2733594725511934 0.14247827054183343 0.14137378782445517 0.1452394773352808 0.12480654706377783 0.07897051429256799 0.03810465374956204 0.04970172228203548 0.16180671809595815 0.1778217174979481 0.14689620141134646 0.09001534146635404 0.025955343858397734
0.0005522413586908637 0.0005522413586908637 0.0005522413586908637 0.01822396483674646 0.025955343858397734 0.008283620380338669 0.0 0.0005522413586908637 0.0027612067934473794 0.01988068891281558 0.05080620499941374 0.09167206554241969 0.12038861619426133 0.05080620499941374 0.13640361559625128 0.09940344456407096 0.09056758282504143 0.1921799928238689 0.6571672168402404 0.7874961774909095 0.7411079033610088 1.126020130367434 1.500992012917455 1.466200807320031 1.076318408085402 0.4213601566799181 0.63397307977529 1.0862587525418064 1.8776206195435414 2.5033100789384912 2.0885768185628444 1.9488597548144582 1.6804704544914686 1.1657815081930651 0.6510925618946583 0.3534344695611362 0.32747912570274196 0.2844042997249795 0.1734037866284316 0.0690301698361602 0.02374637842363775 0.013806033967233428 0.02540310249970687 0.13032896065066912 0.15186637363955036 0.12646327113984349 0.09277654825979795 0.061298790814508924
0.0 0.0 0.0005522413586908637 0.10603034086834051 0.19383671689993803 0.06185103217319979 0.0011044827173782579 0.0005522413586908637 0.006074654945582153 0.02098517163019384 0.05356741179286112 0.11320947853130092 0.1336424088028039 0.09167206554241969 0.20819499222585885 0.1551798217916886 0.03258224016266728 0.1452394773352808 0.20653826814978973 0.24850861141017394 0.23525481880163138 0.6974808360245555 1.2563490910181065 1.6870973507957416 0.48376343021180535 0.2904789546705582 0.530151704341706 0.976914963521331 1.4225737399835778 1.7815306231316088 1.9466507893797016 1.9875166499227075 1.7704857959578226 1.4628873591678928 1.0150196172708896 0.6212715285254383 0.5124799808636504 0.370001710321817 0.19991137184552019 0.08007499700994625 0.012149309891164306 0.008283620380338669 0.0077313790216512746 0.0392091364669403 0.09498551369455446 0.14965740820479384 0.14137378782445517 0.10547809950965312
0.0 0.008283620380338669 0.017671723478055595 0.008835861739029532 0.0342389642387364 0.6356298038513591 0.0016567240760691215 0.0005522413586908637 0.004970172228203895 0.0298210333692199 0.0988512032053801 0.1579410285851325 0.15904551130251077 0.11044827173785701 0.1507618909221721 0.1507618909221721 0.07344810070567323 0.02264189570625949 0.0298210333692199 0.04197034326038421 0.05964206673844327 0.44621101782093764 1.1387216816172891 1.6639032137307912 0.2855087824423577 0.3230611948332289 0.5003306709724862 0.897944449228763 1.3568570182995523 1.7097392465020012 1.9035759634019358 1.8400682071526702 1.6810226958501595 1.410976671451101 1.1994682310731106 0.8609442781965827 0.5831668747758763 0.3081506781486172 0.15904551130251077 0.08559741059683754 0.028716550651841644 0.010492585815095185 0.0033134481521347736 0.02098517163019384 0.14634396005265907 0.1778217174979481 0.13916482238969866 0.12977671929198173
0.006626896304273017 0.03644792967349292 0.17450826934581332 0.15462758043299774 0.0690301698361602 0.4721663616793319 0.0016567240760691215 0.0005522413586908637 0.006074654945582153 0.0640599976079563 0.13419465016149476 0.14468723597658995 0.16014999401988902 0.17229930391105333 0.1386125810310078 0.13143344336804738 0.05246292907548286 0.008835861739029532 0.009388103097716927 0.00994034445640779 0.026507585217085128 0.5511368759718999 1.269602883626649 1.7920232089467039 0.8675711745008557 1.8273666559028185 1.771590278675201 2.0499199234545946 1.1602590946061704 1.5302608049279873 1.7892620021532566 1.6666644205242387 1.500992012917455 1.3364240880280494 1.1254678890087466 0.920586344935026 0.5373308420046664 0.23801602559507876 0.12701551249853435 0.05467189451023938 0.05080620499941374 0.038656895108249434 0.019328447554124717 0.02098517163019384 0.13474689152018215 0.16456792488940553 0.12922447793329087 0.15131413228086296
0.17892620021532635 0.1452394773352808 0.2650758521708547 0.322508953474538 0.2369115428777005 0.14744844277003732 0.0011044827173782579 0.0 0.043074825977762465 0.10106016864013662 0.09940344456407096 0.10106016864013662 0.162358959454649 0.2634191280947856 0.22807568113867097 0.13529913287887302 0.05632861858630503 0.0077313790216512746 0.007179137662960411 0.008835861739029532 0.024850861141019476 0.5500323932545216 1.272916331778784 1.7616499342187932 2.3205181892123408 3.853540200933774 3.655285553164323 2.7021169680666315 1.8107994151421378 1.240886332974804 1.5424101148191518 1.5252906326997835 1.4783501172111955 1.3137821923217898 1.142035129769424 0.9620044468367194 0.4892858437987001 0.19107551010649065 0.08835861739028492 0.07068689391222932 0.06626896304271282 0.0640599976079563 0.051358446358104604 0.06185103217319979 0.15131413228086296 0.18058292429139547 0.16953809711760942 0.18168740700877373
0.27777740342070645 0.18665757923697415 0.2634191280947856 0.3650315380936131 0.2634191280947856 0.06792568711878194 0.0 0.0 0.06185103217319979 0.08062723836863364 0.0695824111948476 0.10050792728144922 0.1728515452697442 0.3650315380936131 0.5130322222223378 0.4202556739625399 0.07841827293387713 0.01822396483674646 0.0033134481521347736 0.004970172228203895 0.021537412988881233 0.21813533668226318 0.9117504831959965 2.2089654347571055 3.813778823108146 4.716141203206424 4.207526911853599 3.324492979309446 2.561847662959554 1.4474246011245937 1.2933492620502869 1.4998875302000767 1.491603909819738 1.5772013204165756 1.401588568353384 1.0476018574335568 0.566599634015199 0.24077723238852614 0.0867018933142158 0.07068689391222932 0.07841827293387713 0.07179137662960758 0.10216465135751487 0.13419465016149476 0.22310550891046707 0.24298619782328265 0.23580706016032224 0.21592637124750666
