static/data/precipitation/2023/7/16/18.asc
ncols 137
nrows 93
xllcorner 108.0
yllcorner 17.0
cellsize 0.25
NODATA_value -32767
[rows 60 to 79 of 93, columns 46 to 91 of 137]
0.04362706733645333 0.09056758282504143 0.006626896304273017 0.0016567240760691215 0.0016567240760691215 0.11873189211819568 0.1209408575529522 0.0690301698361602 0.025955343858397734 0.005522413586894759 0.0 0.040313619184318555 0.09443327233586707 0.11541844396605744 0.045836032771209845 0.1159706853247483 0.24850861141017394 0.6245849766775731 0.7284063521111571 0.45725584499472016 0.4412408455927337 0.561629461786995 0.8217351417296425 1.466200807320031 1.5810670099274011 1.059751167324721 0.17174706255236594 0.7493915237413474 3.1963729840935335 3.365911081211141 2.248174571224046 2.4293097368741288 3.081506781486165 3.2422090168647433 3.194164018658777 2.94013299366171 2.126681472312406 1.4308573603639165 0.7852872120561529 0.534569635211219 0.39209136466938566 0.5765399784716068 0.5759877371129158 0.3561956763545836 0.12922447793329087 0.053015170434170256
0.02264189570625949 0.07841827293387713 0.047492756847278966 0.01546275804329908 0.014358275325920822 0.03810465374956204 0.040313619184318555 0.263971369453473 0.01270155124985517 0.0011044827173782579 0.0 0.04086586054300595 0.15241861499824122 0.18334413108483938 0.08338844516208102 0.0695824111948476 0.15131413228086296 0.1607022353785799 0.263971369453473 0.22918016385604922 0.20653826814978973 0.3561956763545836 0.6124356667864088 1.2591102978115505 1.657828558785209 1.266289435474511 0.3042849886377916 0.918377379500266 3.538210385122196 3.9711676103345894 2.851222134912736 2.684997485947263 3.0268348869759256 2.9318493732813713 2.810908515728419 2.556325249372663 2.5949821444809125 2.0333526826939172 1.3463644324844573 0.8885563461310462 0.7383466965675649 0.5848235988519455 0.5848235988519455 0.29600136825745293 0.09995568592275836 0.04638827412990071
0.0171194821193682 0.03534344695611466 0.07289585934698584 0.02264189570625949 0.09774672048800184 0.12535878842246523 0.0690301698361602 0.5036441191246209 0.0022089654347565157 0.0016567240760691215 0.0011044827173782579 0.07123913527091671 0.18334413108483938 0.358956883148031 0.22807568113867097 0.20598602679109887 0.19935913048682932 0.1850008551609085 0.09940344456407096 0.0640599976079563 0.0982989618466927 0.30704619543123896 0.4451065351035559 0.7449735928718344 1.1227066822152993 1.1387216816172891 0.4638827412989932 1.0476018574335568 4.168317775386661 4.6322005166856535 3.744748653271986 3.500657972731325 3.1074621253445613 2.53478783638378 2.3459212917120476 2.392861807200636 2.47404128692796 2.8318936873586114 2.3818169800268496 1.7318289008495733 1.407663223298966 1.2138265063990314 0.7217794558068841 0.4174944671690925 0.1551798217916886 0.051358446358104604
0.0 0.0 0.0 0.0005522413586908637 0.16622464896547118 0.3661360208109914 0.33741947015914975 0.0033134481521347736 0.0 0.004970172228203895 0.004970172228203895 0.09001534146635404 0.3053894713551698 0.5439577383089395 0.49480825738559137 0.4611215345055458 0.37552412390870826 0.26231464537740734 0.17561275206319157 0.07234361798829497 0.11376171988999179 0.23359809472556572 0.3771808479847774 0.6422567001556287 0.9266609998806081 0.7913618670017352 0.627346183471017 1.2182444372685446 4.650976722881089 6.26959614519936 5.6488768580326125 4.315766218156698 3.5906733141976774 2.539758008611984 1.8036202774791774 1.9455463066623233 2.7242066224142016 3.344925909580949 3.44432935414502 2.6976990371971166 2.186323539050846 1.4684097727547876 0.8846906566202205 0.5632861858630642 0.21095619901930276 0.08394068652077188
0.0 0.0 0.0 0.0005522413586908637 0.19604568233469455 0.3578524004306527 0.24740412869279568 0.0016567240760691215 0.0 0.0469405154885881 0.019328447554124717 0.08062723836863364 0.29765809233352203 0.6328685970579118 0.7913618670017352 0.7554661786869297 0.7250929039590224 0.5527936000479655 0.3081506781486172 0.16125447673727075 0.14468723597658995 0.4103153295061321 0.35398671091982703 0.5594204963522386 0.972497032651818 1.2939015034089743 1.3955139134078018 2.2851747422562263 4.913843609617184 6.853315261333925 6.836195779214557 5.269487044613078 4.248392772396607 2.5093847338840733 1.6291120081333674 1.8036202774791774 2.732490242794542 3.6967036550660195 3.9071076127266333 3.0627305752907295 2.5381012845359168 1.6826794199262252 0.925004275804539 0.6405999760795631 0.3280313670614293 0.12867223657460347
0.0 0.0 0.0 0.004970172228203895 0.77866031575188 0.6411522174382505 0.07841827293387713 0.0011044827173782579 0.0 0.0044179308695130315 0.0077313790216512746 0.01546275804329908 0.029268792010532507 0.2092994749432371 1.0978558210742833 0.8377501411316324 0.6301073902644644 0.43350946657108247 0.2418817151059044 0.14910516684610645 0.41638998445171427 0.9647656536301668 0.9791239289560876 1.0724527185745765 1.2950059861263525 1.5705744241123025 2.154845781605557 2.7661769656745876 5.753250474824886 7.689408678389491 7.4348254120337325 5.7560116816183315 4.9640975732579085 2.7910278268156055 1.548484769764734 1.694276488458702 2.8440429972497756 4.0269439875622055 3.943555542400126 3.1555071235505276 2.327697326875301 1.5628430450906547 1.0205420308577844 0.7350332484154266 0.4307482597776351 0.1971501650520728
0.0 0.0 0.0 0.0 0.22586671570391445 0.20046361320420758 0.0005522413586908637 0.0 0.0005522413586908637 0.0005522413586908637 0.029268792010532507 0.04417930869514072 0.17009033847629682 0.49039032651607833 0.34018067695259363 0.5450622210263177 0.43019601841894767 0.2253144743452236 0.09553775505324533 0.2943446441813838 0.4964649814616605 0.9553775505324498 1.4468723597659063 1.981994236335813 2.296771810788703 2.1134276797038636 2.6413704186108116 4.224094152614279 7.115629906711331 8.019649010885677 7.033345944266628 5.435711693578551 5.202113598852987 3.1345219519203353 1.7025601088390407 1.8251576904680586 2.9528345449115636 3.957361576367358 3.1240293661052387 2.482324907308299 1.9615613060643098 1.4336185671573638 0.9664223777062358 0.8051679009689651 0.571017564884712 0.3468075732568666
0.005522413586894759 0.0 0.0 0.0 0.0005522413586908637 0.0011044827173782579 0.0011044827173782579 0.0 0.0 0.0005522413586908637 0.014358275325920822 0.03147775744528902 0.1977024064107602 0.7035554909701376 0.7858394534148404 0.7930185910778008 0.2904789546705582 0.09277654825979795 0.08504516923815014 0.21703085396488492 0.9691835844996798 2.103487335247456 2.7551321385008016 3.063282816649419 3.1444622963767417 3.200238673604359 3.781748824304168 5.389323419448653 6.605358891282439 6.863807847149021 5.420801176893941 4.4356025929922716 4.9364855053234455 3.4189262516453134 1.9140685492170344 1.7583364860666584 2.8026248953480803 3.716032102620144 2.497235423992909 1.7693813132404443 1.500992012917455 1.0669303049876815 0.8261530725991589 0.7604363509151335 0.7582273854803769 0.5881370470040802
0.0077313790216512746 0.0005522413586908637 0.0 0.0 0.0 0.0005522413586908637 0.0005522413586908637 0.0 0.0 0.0 0.0 0.013806033967233428 0.03092551608659816 0.32029998803978155 0.48707687836394353 1.266289435474511 0.747182558306591 0.16732913168284944 0.07068689391222932 0.6030475636886918 0.9222430690110917 2.095203714867117 3.064387299366797 3.3929709077869172 4.040750021529439 4.712275513695598 5.208740495157259 5.488726864012722 5.865355470638808 4.597961552446919 3.240552292788676 3.434389009688612 4.0136901949536625 3.0141333357260724 1.9516209616079054 1.7467394175341815 2.6457883494803247 3.6072405549583566 2.327697326875301 1.7483961416102507 1.2541401255833466 0.7355854897741175 0.50309187776593 0.7620930749912026 0.9967956524341431 0.9018101387395887
0.043074825977762465 0.0011044827173782579 0.0005522413586908637 0.0 0.0 0.0 0.0011044827173782579 0.0005522413586908637 0.0 0.0 0.0 0.0005522413586908637 0.027612067934463386 0.08228396244470276 0.25237430092099955 0.9912732388472518 1.7312766594908824 0.49977842961379526 0.21150844037799363 0.774242384882367 1.049258581509626 1.884247515847811 2.6562809352954213 3.2493881545277055 4.1197205358220055 5.2683825618957005 5.533458414066553 5.075650327713142 3.8712119244118295 2.6667735211105184 2.010710786987658 2.254801467528319 2.72641558784896 2.409981289320004 1.6970376952521495 1.177930818084226 2.7225498983381344 3.791136927401885 2.824714549695651 1.8925311362281532 1.049258581509626 0.3600613658654092 0.2993148164095877 0.6212715285254383 1.0575422018899647 1.2033339205839328
0.1259110297811561 0.019328447554124717 0.0022089654347565157 0.0016567240760691215 0.0 0.0 0.0 0.0005522413586908637 0.0005522413586908637 0.004970172228203895 0.0027612067934473794 0.0 0.02705982657577599 0.07068689391222932 0.23415033608425312 0.6047042877647575 1.211617540964275 0.5478234278197616 0.5632861858630642 0.796332039229939 1.126572371726125 1.7931276916640821 2.51987731969917 2.986521267791609 4.180467085277825 4.819962578640008 4.928754126301796 4.142362431528265 2.7860576545874016 1.5164547709607539 1.209960816888206 1.4325140844399855 1.6528583865570052 1.6257985599812328 1.538544425308326 0.9774672048800184 2.6297733500783362 4.181571567995203 3.717688826696212 2.076979750030371 0.8741980708051253 0.17064257983498768 0.13529913287887302 0.4578080863534111 0.9592432400432754 1.2226623681380575
0.22918016385604922 0.09332878961848881 0.02374637842363775 0.005522413586894759 0.0044179308695130315 0.0038656895108256373 0.0033134481521347736 0.006074654945582153 0.008835861739029532 0.01270155124985517 0.0027612067934473794 0.0 0.0005522413586908637 0.03644792967349292 0.08946310010766317 0.23635930151900963 0.5467189451023834 0.7946753151538699 0.7631975577085809 0.7554661786869297 0.8962877251526974 2.006845097476832 2.726967829207649 3.0864769537143673 3.366463322569832 4.007615540008082 4.669752929076525 4.00043640234512 2.2862792249736046 0.9736015153691963 0.7245406626003315 0.9172728967828878 1.1293335785195722 1.2872746071047048 1.5092756332977935 1.0249599617272973 2.277995604593266 3.963988472671629 4.462662419568046 2.8098040330110408 0.7350332484154266 0.155732063150376 0.07234361798829497 0.16953809711760942 0.6720777335248486 1.2845134003112575
0.36779274488705704 0.19825464776945106 0.0911198241837323 0.047492756847278966 0.004970172228203895 0.006626896304273017 0.007179137662960411 0.008283620380338669 0.01988068891281558 0.010492585815095185 0.0011044827173782579 0.0 0.0 0.0011044827173782579 0.013253792608542564 0.02098517163019384 0.9134072072720656 0.41804670852778336 0.24298619782328265 0.36668826216967876 1.159706853247483 2.5839373173071265 3.0665962648015537 2.5436236981228095 2.820296618826136 4.327363286689173 5.233591356298277 4.293676563809128 1.751157348403698 0.6389432520034939 0.5991818741778663 0.7488392823826601 1.02219875493385 1.4546037387875541 1.6037089056336606 1.425334946777025 2.3729811182878238 3.837525201531784 4.453274316470328 3.063282816649419 0.7836304879800838 0.19991137184552019 0.0469405154885881 0.06350775624926544 0.25513550771444693 0.8349889343381884
0.40203170912579345 0.3335537806483241 0.23138912929080574 0.14137378782445517 0.04914948092334462 0.0016567240760691215 0.0005522413586908637 0.0005522413586908637 0.0 0.0 0.0 0.0 0.0 0.0 0.0005522413586908637 0.014358275325920822 0.0640599976079563 0.20156809592158584 0.17229930391105333 0.14468723597658995 0.7560184200456205 3.2129402248542127 3.3913141837108483 2.3227271546470973 2.9285359251292347 4.908873437388982 6.1409239086247585 4.524513451741244 1.4054542578642095 0.6886449742855294 0.6405999760795631 0.8427203133598362 1.1475575433563188 1.626903042698611 1.9891733739987767 2.1261292309537154 2.6463405908390136 3.74971882550019 3.7673905489782453 2.409981289320004 0.8835861739028422 0.16346344217202727 0.04417930869514072 0.06682120440140368 0.13419465016149476 0.5218680839613674
0.4174944671690925 0.3672405035283696 0.5202113598852982 0.25347878363837784 0.12204534027033045 0.03976137782562769 0.0005522413586908637 0.0 0.0 0.0 0.0 0.0 0.0 0.0 0.0005522413586908637 0.0022089654347565157 0.019328447554124717 0.030373274727910765 0.058537584021065014 0.18334413108483938 1.0707959944985073 4.096526398757055 3.7668383076195564 2.30615991388642 3.0704619543123792 5.277218423634729 6.417596829328085 4.320736390384901 1.351334604712661 0.7510482478174165 0.7013465255353811 0.8532128991749315 1.3739765004189206 2.373533359646511 3.136730917355092 3.4156128034931768 3.5050759036008396 3.411747113982353 2.807595067576283 1.646783731611423 0.45118119004913804 0.1452394773352808 0.05798534266237415 0.037552412390871176 0.15849326994382337 0.5842713574932545
0.3434941251047319 0.48376343021180535 0.49259929195083485 0.42301688075598726 0.27059826575774604 0.10989603037916615 0.0016567240760691215 0.0 0.0 0.0 0.0 0.0 0.0 0.0 0.0005522413586908637 0.005522413586894759 0.023194137064950354 0.025955343858397734 0.025955343858397734 0.12425430570508697 0.7007942841766936 2.63474352230654 2.1200545760081333 1.697589936610837 2.8904312713796747 4.914948092334562 5.697474097597268 4.0446157110402625 1.751157348403698 0.9134072072720656 0.7858394534148404 1.0746616840093328 2.1680995742140996 3.8386296842491623 4.667543963641767 5.2578899760806035 4.639931895707304 3.525508833872343 2.4950264585581525 1.3789466726471244 0.42301688075598726 0.1408215464657643 0.12756775385722174 0.07068689391222932 0.10492585815096225 0.3804942961369122
0.2711505071164369 0.39098688195200737 0.6074654945582049 0.6648985958618882 0.34735981461555404 0.09443327233586707 0.006626896304273017 0.0 0.0 0.0 0.0 0.0 0.0 0.0 0.0011044827173782579 0.0033134481521347736 0.007179137662960411 0.006074654945582153 0.005522413586894759 0.029268792010532507 0.5246292907548147 1.3286927090064016 1.9715016505207177 2.3508914639402514 3.0665962648015537 4.408542766416496 4.573110691305901 3.4238964238735154 2.2923538799191867 1.2756775385722279 1.2856178830286356 1.8886654467173276 3.0809545401274763 4.9188137818453885 5.642249961728341 6.145341839494272 4.923783954073592 3.574106073437 2.183010090898711 1.1127663377588914 0.3628225726588566 0.12535878842246523 0.13585137423756388 0.08504516923815014 0.09608999641193272 0.15186637363955036
0.20046361320420758 0.2943446441813838 0.6323163556992208 0.7427646274370779 0.3998227436910369 0.050253963640722876 0.0027612067934473794 0.0 0.0 0.0 0.0005522413586908637 0.0 0.0016567240760691215 0.0016567240760691215 0.006626896304273017 0.01270155124985517 0.0027612067934473794 0.0 0.0011044827173782579 0.41804670852778336 0.6505403205359673 1.673843558187199 2.4022499102983526 2.586146282741883 2.556877490731352 3.230059706973581 3.3316721169724066 3.0577604030625256 2.4469814603521844 1.8240532077506804 1.8350980349244663 2.2614283638325885 3.739226239685093 5.321397732329871 5.838847885421723 6.180685286450386 4.904455506519467 3.0886859191491256 1.7953366570988387 0.9316311721088086 0.3219567121158472 0.08228396244470276 0.10658258222703137 0.09277654825979795 0.08559741059683754 0.15131413228086296
0.18665757923697415 0.2098517163019245 0.566599634015199 0.6052565291234484 0.2810908515728412 0.053015170434170256 0.0022089654347565157 0.0 0.0 0.0 0.0005522413586908637 0.0005522413586908637 0.0027612067934473794 0.0038656895108256373 0.0392091364669403 0.05080620499941374 0.0077313790216512746 0.0022089654347565157 0.2446429218993483 0.6317641143405335 0.9349446202609468 2.006845097476832 2.631430074154404 2.3547571534510774 2.2923538799191867 2.488399562253881 2.696042313121049 2.5419669740467405 2.2978762935060812 2.096860438943183 2.4795637005148534 3.0919993673012605 3.4940310764270537 4.950291539290677 5.158486531516534 5.324158939123318 4.25281070326612 2.7081916230122136 1.4501858079180412 0.8013022114581394 0.2855087824423577 0.05632861858630503 0.05743310130368676 0.08835861739028492 0.08891085874897231 0.12756775385722174
0.16843361440023116 0.1750605107045007 0.30925516086599547 0.3479120559742449 0.25568774907313435 0.027612067934463386 0.0016567240760691215 0.0 0.0 0.0 0.0005522413586908637 0.0005522413586908637 0.0027612067934473794 0.004970172228203895 0.040313619184318555 0.08725413467290666 0.07841827293387713 0.06461223896664717 0.4174944671690925 0.7979887633060047 0.8068246250450342 1.880381826336989 2.8650281688799675 2.5883552481766414 2.5099369752427623 2.4513993912217007 2.5762059382854767 2.2266371582351647 1.8671280337284464 2.221666986006961 2.6049224889373184 2.684445244588574 3.085372470996989 3.6276734852298596 3.822614684847174 4.012033470877595 3.4758071115903073 2.159815953833761 1.2806477108004317 0.6306596316231552 0.2683893003229895 0.038656895108249434 0.022089654347572096 0.04804499820596636 0.07344810070567323 0.11044827173785701
