static/data/precipitation/2023/7/16/6.asc
ncols 137
nrows 93
xllcorner 108.0
yllcorner 17.0
cellsize 0.25
NODATA_value -32767
[rows 42 to 62 of 93, columns 47 to 93 of 137]
2.5938776617635324 4.25998984092908 5.145784980266681 3.6066883135996672 1.9676359610098921 2.691072140892845 1.8947401016629097 0.7571229027629988 0.1728515452697442 0.054119653151548514 0.021537412988881233 0.07123913527091671 0.017671723478055595 0.0005522413586908637 0.0005522413586908637 0.008283620380338669 0.01988068891281558 0.07786603157518973 0.0695824111948476 0.051910687716792 0.06847792847746934 0.11210499581392266 0.040313619184318555 0.02264189570625949 0.0027612067934473794 0.007179137662960411 0.01270155124985517 0.009388103097716927 0.005522413586894759 0.004970172228203895 0.01270155124985517 0.011044827173786048 0.01988068891281558 0.016014999401989943 0.01546275804329908 0.014358275325920822 0.021537412988881233 0.017671723478055595 0.01546275804329908 0.008835861739029532 0.0 0.0 0.0 0.0 0.0 0.0 0.0
0.9785716875974002 4.151750534625983 2.1084575074756597 0.9564820332498281 0.7035554909701376 1.2922447793329086 2.639713694534742 0.6477791137425235 0.05246292907548286 0.030373274727910765 0.02264189570625949 0.07289585934698584 0.01822396483674646 0.0011044827173782579 0.014358275325920822 0.02264189570625949 0.05632861858630503 0.13253792608542564 0.11817965075950482 0.05964206673844327 0.08394068652077188 0.030373274727910765 0.018776206195437323 0.0038656895108256373 0.013253792608542564 0.019328447554124717 0.019328447554124717 0.014910516684611685 0.010492585815095185 0.00994034445640779 0.01988068891281558 0.01546275804329908 0.016014999401989943 0.01270155124985517 0.017671723478055595 0.01546275804329908 0.017671723478055595 0.019328447554124717 0.0171194821193682 0.009388103097716927 0.0005522413586908637 0.0 0.0 0.0 0.0 0.0 0.0
0.8250485898817806 3.151641434039702 2.5717880074159623 0.9189296208589569 0.6654508372205791 1.2016771965078672 1.6429180421005976 0.09940344456407096 0.06516448032533456 0.04362706733645333 0.027612067934463386 0.06626896304271282 0.018776206195437323 0.0016567240760691215 0.014910516684611685 0.03700017103218031 0.06571672168402543 0.15186637363955036 0.13750809831362953 0.07841827293387713 0.03644792967349292 0.008283620380338669 0.004970172228203895 0.009388103097716927 0.019328447554124717 0.03810465374956204 0.030373274727910765 0.027612067934463386 0.023194137064950354 0.023194137064950354 0.019328447554124717 0.019328447554124717 0.010492585815095185 0.012149309891164306 0.0171194821193682 0.01822396483674646 0.016014999401989943 0.01822396483674646 0.0171194821193682 0.00994034445640779 0.0016567240760691215 0.0 0.0 0.0 0.0 0.0 0.0
2.0140242351397926 2.394518531276705 3.078745574692718 0.8692278985769214 0.23304585336687486 0.48983808515738747 0.22862792249736183 0.11707516804212656 0.0342389642387364 0.0392091364669403 0.06792568711878194 0.06792568711878194 0.01822396483674646 0.0022089654347565157 0.04141810190169681 0.07565706614042975 0.033134481521358145 0.08559741059683754 0.0740003420643641 0.03810465374956204 0.007179137662960411 0.0044179308695130315 0.005522413586894759 0.012149309891164306 0.04086586054300595 0.07123913527091671 0.051910687716792 0.05798534266237415 0.04970172228203548 0.03810465374956204 0.0342389642387364 0.016567240760677338 0.0171194821193682 0.017671723478055595 0.019328447554124717 0.01546275804329908 0.011597068532473442 0.019328447554124717 0.018776206195437323 0.013806033967233428 0.004970172228203895 0.0016567240760691215 0.0 0.0 0.0 0.0 0.0
0.9945866869993867 0.012149309891164306 0.04197034326038421 0.17174706255236594 0.31035964358337376 0.39209136466938566 0.28661326515973595 0.11707516804212656 0.0298210333692199 0.06516448032533456 0.11210499581392266 0.0016567240760691215 0.0027612067934473794 0.051358446358104604 0.09940344456407096 0.11541844396605744 0.07841827293387713 0.08559741059683754 0.04197034326038421 0.008835861739029532 0.0011044827173782579 0.0005522413586908637 0.004970172228203895 0.03976137782562769 0.07013465255353846 0.08007499700994625 0.07676154885781147 0.0695824111948476 0.04638827412990071 0.030373274727910765 0.02816430929315425 0.02264189570625949 0.016014999401989943 0.0298210333692199 0.03534344695611466 0.02264189570625949 0.008283620380338669 0.016014999401989943 0.023194137064950354 0.01988068891281558 0.010492585815095185 0.008283620380338669 0.0016567240760691215 0.0 0.0 0.0 0.0
0.04417930869514072 0.03644792967349292 0.3285836084201202 0.6759434230356742 0.731167558904601 0.5367786006459756 0.5417487728741794 0.3042849886377916 0.10658258222703137 0.033134481521358145 0.04141810190169681 0.0027612067934473794 0.03700017103218031 0.1032691340748966 0.14689620141134646 0.1435827532592117 0.10050792728144922 0.058537584021065014 0.024850861141019476 0.006626896304273017 0.0033134481521347736 0.0016567240760691215 0.013253792608542564 0.06074654945582153 0.08283620380339016 0.07123913527091671 0.06571672168402543 0.05798534266237415 0.050253963640722876 0.04141810190169681 0.033134481521358145 0.024850861141019476 0.02264189570625949 0.025955343858397734 0.02264189570625949 0.012149309891164306 0.0038656895108256373 0.010492585815095185 0.03258224016266728 0.035895688314802054 0.01822396483674646 0.008835861739029532 0.0016567240760691215 0.0005522413586908637 0.0005522413586908637 0.0 0.0
0.03092551608659816 0.07013465255353846 2.560190938883487 1.4590216696570706 0.36447929673492224 0.4417930869514211 0.17174706255236594 0.10658258222703137 0.04638827412990071 0.0867018933142158 0.10989603037916615 0.03534344695611466 0.06516448032533456 0.16512016624809292 0.15904551130251077 0.06792568711878194 0.07676154885781147 0.037552412390871176 0.012149309891164306 0.006626896304273017 0.008835861739029532 0.007179137662960411 0.02374637842363775 0.06240327353188718 0.07068689391222932 0.050253963640722876 0.033134481521358145 0.03644792967349292 0.0392091364669403 0.03644792967349292 0.02540310249970687 0.018776206195437323 0.012149309891164306 0.01270155124985517 0.011044827173786048 0.004970172228203895 0.0022089654347565157 0.0038656895108256373 0.012149309891164306 0.01546275804329908 0.011597068532473442 0.0022089654347565157 0.0016567240760691215 0.0 0.0 0.0 0.0
0.10603034086834051 0.5787489439063632 0.46995739624457533 1.4336185671573638 0.37883757206084306 0.19328447554124717 0.06461223896664717 0.11376171988999179 0.03810465374956204 0.045836032771209845 0.10271689271620574 0.09608999641193272 0.07786603157518973 0.11155275445523527 0.10713482358571877 0.05964206673844327 0.0469405154885881 0.018776206195437323 0.005522413586894759 0.010492585815095185 0.006074654945582153 0.011597068532473442 0.023194137064950354 0.04362706733645333 0.0392091364669403 0.019328447554124717 0.017671723478055595 0.020432930271502975 0.02374637842363775 0.01822396483674646 0.012149309891164306 0.011597068532473442 0.009388103097716927 0.006074654945582153 0.006626896304273017 0.004970172228203895 0.0027612067934473794 0.0044179308695130315 0.004970172228203895 0.0033134481521347736 0.0033134481521347736 0.0005522413586908637 0.0005522413586908637 0.0 0.0 0.0 0.0016567240760691215
0.4075541227126882 0.4489722246143815 0.4174944671690925 0.5886892883627676 0.41086757086482295 0.030373274727910765 0.07344810070567323 0.10437361679227486 0.054119653151548514 0.09774672048800184 0.12149309891163959 0.09774672048800184 0.08725413467290666 0.07620930749912061 0.07455258342305149 0.05356741179286112 0.03092551608659816 0.011597068532473442 0.022089654347572096 0.020432930271502975 0.011044827173786048 0.0171194821193682 0.02540310249970687 0.021537412988881233 0.016014999401989943 0.008835861739029532 0.011597068532473442 0.012149309891164306 0.00994034445640779 0.006626896304273017 0.005522413586894759 0.004970172228203895 0.0044179308695130315 0.006074654945582153 0.006074654945582153 0.008835861739029532 0.008283620380338669 0.009388103097716927 0.008835861739029532 0.0044179308695130315 0.0011044827173782579 0.0011044827173782579 0.0005522413586908637 0.0 0.0 0.0005522413586908637 0.0022089654347565157
0.42577808754943114 0.2269711984212927 0.2253144743452236 0.18389637244353024 0.01988068891281558 0.018776206195437323 0.04804499820596636 0.05908982537975241 0.0469405154885881 0.08449292787945928 0.12149309891163959 0.10216465135751487 0.06571672168402543 0.06571672168402543 0.058537584021065014 0.04141810190169681 0.02098517163019384 0.03092551608659816 0.035895688314802054 0.02098517163019384 0.022089654347572096 0.02374637842363775 0.018776206195437323 0.014358275325920822 0.011597068532473442 0.00994034445640779 0.009388103097716927 0.009388103097716927 0.0077313790216512746 0.0044179308695130315 0.0033134481521347736 0.0022089654347565157 0.0033134481521347736 0.0077313790216512746 0.054119653151548514 0.06019430809713067 0.13419465016149476 0.20874723358454625 0.14855292548741558 0.12149309891163959 0.11762740940081742 0.11873189211819568 0.12149309891163959 0.0033134481521347736 0.0027612067934473794 0.0044179308695130315 0.01270155124985517
0.3832555029303596 0.21537412988881927 0.09940344456407096 0.04252258461907507 0.010492585815095185 0.008835861739029532 0.0044179308695130315 0.01988068891281558 0.01822396483674646 0.03976137782562769 0.07676154885781147 0.09277654825979795 0.051358446358104604 0.05743310130368676 0.04804499820596636 0.035895688314802054 0.0347912055974238 0.04473155005383159 0.04197034326038421 0.04417930869514072 0.0342389642387364 0.02098517163019384 0.01546275804329908 0.012149309891164306 0.009388103097716927 0.012149309891164306 0.012149309891164306 0.012149309891164306 0.006074654945582153 0.0027612067934473794 0.0022089654347565157 0.0016567240760691215 0.004970172228203895 0.04804499820596636 0.09498551369455446 0.27888188613808473 0.39485257146283304 0.5290472216243278 0.5113754981462721 0.48707687836394353 0.3501210214090014 0.3506732627676923 0.3247179189092946 0.21371740581275014 0.1408215464657643 0.08504516923815014 0.09332878961848881
0.2672848176056113 0.1971501650520728 0.07510482478174235 0.035895688314802054 0.0027612067934473794 0.0022089654347565157 0.0005522413586908637 0.0005522413586908637 0.0016567240760691215 0.019328447554124717 0.02264189570625949 0.035895688314802054 0.050253963640722876 0.043074825977762465 0.051358446358104604 0.0469405154885881 0.043074825977762465 0.038656895108249434 0.03368672288004554 0.06461223896664717 0.0342389642387364 0.02264189570625949 0.016014999401989943 0.012149309891164306 0.011044827173786048 0.01546275804329908 0.016014999401989943 0.011044827173786048 0.004970172228203895 0.0016567240760691215 0.0016567240760691215 0.0022089654347565157 0.00994034445640779 0.07013465255353846 0.1551798217916886 0.3396284355939062 0.6770479057530525 0.8073768664037216 0.9145116899894439 1.044840650640113 0.8835861739028422 0.7289585934698445 0.6770479057530525 0.726749628035088 0.48707687836394353 0.4241213634733655 0.45836032771209845
0.3015237818443442 0.02705982657577599 0.006074654945582153 0.0005522413586908637 0.0005522413586908637 0.0 0.0 0.0 0.0 0.0 0.0011044827173782579 0.0044179308695130315 0.018776206195437323 0.027612067934463386 0.06737344576009108 0.05467189451023938 0.06571672168402543 0.06626896304271282 0.03534344695611466 0.028716550651841644 0.03258224016266728 0.021537412988881233 0.01546275804329908 0.019328447554124717 0.018776206195437323 0.019328447554124717 0.012149309891164306 0.008283620380338669 0.0038656895108256373 0.0016567240760691215 0.0016567240760691215 0.0022089654347565157 0.011597068532473442 0.08228396244470276 0.17009033847629682 0.3407329183112845 0.685883767492082 0.9857508252603606 1.1464530606389405 1.381155638081881 1.5700221827536152 1.4634396005265837 1.3137821923217898 1.3502301219952828 1.096199096998214 0.9603477227606537 1.0100494450426891
0.1110005130965444 0.0005522413586908637 0.0 0.0 0.0 0.0 0.0 0.0 0.0 0.0 0.0 0.0016567240760691215 0.0077313790216512746 0.030373274727910765 0.06682120440140368 0.07179137662960758 0.08946310010766317 0.11762740940081742 0.13253792608542564 0.024850861141019476 0.035895688314802054 0.02264189570625949 0.027612067934463386 0.03976137782562769 0.03368672288004554 0.01546275804329908 0.01822396483674646 0.008835861739029532 0.0033134481521347736 0.0044179308695130315 0.0038656895108256373 0.007179137662960411 0.023194137064950354 0.08283620380339016 0.19549344097600369 0.3650315380936131 0.5423010142328704 0.981885135749535 1.1392739229759765 1.5313652876453656 1.859396654706795 2.0604125092696934 2.056546819758868 1.7920232089467039 1.4523947733527978 1.3077075373762077 1.3066030546588294
0.006626896304273017 0.0 0.0 0.0 0.0 0.0 0.0 0.0 0.0 0.0 0.0 0.0011044827173782579 0.004970172228203895 0.02264189570625949 0.07123913527091671 0.12701551249853435 0.12038861619426133 0.09553775505324533 0.09443327233586707 0.04473155005383159 0.05467189451023938 0.03644792967349292 0.04473155005383159 0.050253963640722876 0.024850861141019476 0.024850861141019476 0.021537412988881233 0.012149309891164306 0.011597068532473442 0.016567240760677338 0.02374637842363775 0.04362706733645333 0.07344810070567323 0.15241861499824122 0.19880688912813846 0.18720982059566502 0.1734037866284316 0.40092722640841516 1.12325892357399 1.5418578734604609 1.8770683781848505 2.083054404975953 2.033904924052605 1.7069780397085537 1.407663223298966 1.25193116014859 1.2232146094967484
0.0005522413586908637 0.0 0.0 0.0 0.0 0.0 0.0 0.0 0.0 0.0 0.0005522413586908637 0.0011044827173782579 0.006074654945582153 0.03092551608659816 0.06019430809713067 0.08228396244470276 0.06847792847746934 0.07510482478174235 0.13419465016149476 0.050253963640722876 0.08449292787945928 0.0867018933142158 0.07676154885781147 0.0640599976079563 0.05688085994499589 0.027612067934463386 0.024850861141019476 0.038656895108249434 0.1209408575529522 0.20432930271503322 0.25347878363837784 0.09167206554241969 0.07068689391222932 0.07068689391222932 0.08283620380339016 0.07897051429256799 0.11652292668343917 0.2683893003229895 0.23912050831245701 0.9366013443370125 1.5352309771561914 1.7876052780771874 1.7323811422082607 1.4518425319941102 1.1574978878127231 1.0636168568355469 1.0476018574335568
0.0 0.0 0.0 0.0 0.0 0.0 0.0 0.0 0.0 0.0 0.0 0.0011044827173782579 0.005522413586894759 0.02374637842363775 0.03644792967349292 0.035895688314802054 0.0347912055974238 0.053015170434170256 0.07289585934698584 0.03092551608659816 0.04528379141252245 0.05743310130368676 0.06682120440140368 0.10050792728144922 0.3285836084201202 0.18444861380221764 0.18886654467173414 0.37883757206084306 0.4114198122235103 0.2424339564645918 0.10603034086834051 0.11707516804212656 0.06295551489057805 0.04086586054300595 0.03202999880397989 0.03644792967349292 0.0469405154885881 0.07841827293387713 0.13198568472673824 0.1032691340748966 0.5897937710801493 0.9885120320538044 1.1254678890087466 0.918377379500266 0.9979001351515249 0.8438247960772145 0.7427646274370779
0.0 0.0 0.0 0.0 0.0 0.0 0.0 0.0 0.0 0.0005522413586908637 0.0005522413586908637 0.0033134481521347736 0.009388103097716927 0.016014999401989943 0.012149309891164306 0.01270155124985517 0.0298210333692199 0.04914948092334462 0.0392091364669403 0.03810465374956204 0.03700017103218031 0.05080620499941374 0.0640599976079563 0.2810908515728412 0.5726742889607811 0.29268792010531813 0.5621817031456824 0.6278984248297079 0.5605249790696167 0.4031361918431717 0.07731379021649887 0.07897051429256799 0.030373274727910765 0.02264189570625949 0.014358275325920822 0.023194137064950354 0.030373274727910765 0.02374637842363775 0.053015170434170256 0.051910687716792 0.15628430450906686 0.5091665327115122 0.7074211804809633 0.7306153175459136 0.7162570422199928 0.6163013562972344 0.5157934290157852
0.0 0.0 0.0 0.0 0.0 0.05632861858630503 0.0911198241837323 0.0 0.0 0.0005522413586908637 0.0016567240760691215 0.0044179308695130315 0.01546275804329908 0.01546275804329908 0.009388103097716927 0.008835861739029532 0.02374637842363775 0.02705982657577599 0.020432930271502975 0.03644792967349292 0.03092551608659816 0.12480654706377783 0.1728515452697442 0.38159877885429044 0.37552412390870826 0.2567922317905126 0.421912398038609 0.38546446836511605 0.3186432639637124 0.2882699892358016 0.05908982537975241 0.0298210333692199 0.01546275804329908 0.012149309891164306 0.04197034326038421 0.05246292907548286 0.06185103217319979 0.06350775624926544 0.07068689391222932 0.0695824111948476 0.17064257983498768 0.21150844037799363 0.3501210214090014 0.6146446322211653 0.6069132531995141 0.48983808515738747 0.30041929912696597
0.0 0.0 0.0 0.007179137662960411 0.9377058270543908 0.9934822042820084 0.857078588685757 0.0038656895108256373 0.0016567240760691215 0.009388103097716927 0.010492585815095185 0.037552412390871176 0.05743310130368676 0.0342389642387364 0.040313619184318555 0.0342389642387364 0.019328447554124717 0.02264189570625949 0.030373274727910765 0.04417930869514072 0.0298210333692199 0.23856826695376615 0.28661326515973595 0.20101585456289844 0.12370206434639958 0.1209408575529522 0.09995568592275836 0.08891085874897231 0.0861496519555284 0.05632861858630503 0.033134481521358145 0.00994034445640779 0.013806033967233428 0.04086586054300595 0.07068689391222932 0.14855292548741558 0.16898585575891856 0.2148218885301284 0.23138912929080574 0.2247622329865362 0.1855530965195959 0.2269711984212927 0.23470257744294398 0.46995739624457533 0.5566592895587912 0.46553946537505886 0.27556843798594993
0.0 0.0 0.0 0.03700017103218031 1.112214096400204 1.5280518394932274 1.5159025296020665 0.10050792728144922 0.0016567240760691215 0.014910516684611685 0.033134481521358145 0.05964206673844327 0.12370206434639958 0.08283620380339016 0.09940344456407096 0.06792568711878194 0.05246292907548286 0.04197034326038421 0.054119653151548514 0.05632861858630503 0.03147775744528902 0.21150844037799363 0.16677689032416204 0.07731379021649887 0.12977671929198173 0.06295551489057805 0.05080620499941374 0.07068689391222932 0.06516448032533456 0.043074825977762465 0.011597068532473442 0.02374637842363775 0.03810465374956204 0.07123913527091671 0.18058292429139547 0.26065792130133825 0.4688529135271971 0.5781967025476724 0.6163013562972344 0.5831668747758763 0.5312561870590843 0.3462553318981758 0.3622703313001657 0.3821510202129813 0.5318084284177751 0.446763259179625 0.24795637005148655
