static/data/salinity/2023/7/1/0.asc
ncols 137
nrows 93
xllcorner 108.0
yllcorner 17.0
cellsize 0.25
NODATA_value -32767
[rows 54 to 80 of 93, columns 61 to 121 of 137]
33.994026 34.07995 34.160164 34.231934 34.259235 34.278923 34.280083 34.28331 34.3076 34.288414 34.2278 34.340878 34.328564 34.557053 34.565258 34.499676 34.392204 34.407703 34.403748 34.447716 34.456627 34.368046 34.305542 34.243828 34.19457 34.25738 34.377163 34.378624 34.394665 34.577072 34.538807 34.59884 34.66789 34.622437 34.542274 34.520042 34.499916 34.42893 34.336845 34.208874 34.174854 34.196095 34.178143 34.14786 34.417824 34.56581 34.66237 34.65583 34.66981 34.659706 34.636093 34.62371 34.6451 34.66231 34.668514 34.660904 34.670097 34.64664 34.60443 34.607693 34.602413
34.120983 34.17648 34.27289 34.39237 34.371193 34.385868 34.37894 34.338062 34.301247 34.22494 34.28905 34.29776 34.53756 34.555065 34.52683 34.51326 34.510944 34.458046 -32767.0 34.51874 34.440586 34.429485 34.36922 34.315697 34.256435 34.305214 34.419548 34.39673 34.526527 34.529808 34.55562 34.60698 34.678967 34.65351 34.546623 34.478447 34.499664 34.492504 34.434235 34.354214 34.27742 34.2093 34.24583 34.382122 34.533756 34.646317 34.681946 34.69371 34.750427 34.66974 34.61804 34.655777 34.722187 34.752426 34.760418 34.743076 34.708015 34.647617 34.642815 34.579346 34.57203
34.378773 34.3977 34.39528 34.395737 34.319477 34.324936 34.38503 34.43311 34.44021 34.360954 34.32879 34.42233 34.576607 34.587402 34.58564 34.56542 34.524742 34.477055 34.437744 34.45227 34.45633 34.447308 34.441982 34.40809 34.37558 34.329597 34.44403 34.437386 34.58299 34.563816 34.54471 34.588165 34.68934 34.710026 34.737385 34.69462 34.621944 34.487762 34.47753 34.455776 34.429905 34.419758 34.462677 34.521942 34.597664 34.69995 34.70472 34.69956 34.701893 34.615456 34.646404 34.73823 34.76466 34.77153 34.722836 34.734886 34.52936 34.525536 34.619785 34.599327 34.572582
34.2773 34.204033 34.228783 34.321716 34.262608 34.306915 34.3931 34.38111 34.345295 34.327618 34.308407 34.54342 34.58819 34.5973 34.62008 34.632053 34.63456 34.63426 34.628925 34.624493 34.629513 34.627827 34.56849 34.476124 34.436394 34.445858 34.475754 34.45266 34.596375 34.570374 34.568905 34.55527 34.62623 34.704514 34.723476 34.702286 34.71237 34.712208 34.65461 34.455086 34.503193 34.498543 34.511333 34.541813 34.5903 34.68397 34.695507 34.649036 34.60719 34.639435 34.747856 34.748993 34.74259 34.757553 34.724396 34.5601 34.47705 34.528896 34.579773 34.59591 34.589912
34.091415 34.080173 34.25235 34.29158 34.25559 34.392384 34.296494 34.31229 34.273006 34.3029 34.516464 34.569492 34.602062 34.62833 34.636673 34.64207 34.64798 34.633266 34.618374 34.627426 34.629425 34.6365 34.64706 34.611847 34.53562 34.51511 34.49572 34.45353 34.601223 34.57691 34.580112 34.564022 34.59307 34.688286 34.707302 34.727753 34.725815 34.683746 34.63066 34.638275 34.582207 34.467407 34.50663 34.56153 34.57269 34.591194 34.592407 34.566074 34.588264 34.729404 34.7511 34.762077 34.75086 34.713234 34.76706 34.53596 34.5518 34.487923 34.57191 34.587875 34.60224
34.107536 34.21727 34.31244 34.380848 34.44211 34.277878 34.42515 34.480885 34.44499 34.516426 34.58461 34.61205 34.627754 34.628807 34.664703 34.68504 34.632008 34.639496 34.646088 34.641876 34.643234 34.653522 34.656948 34.637936 34.588787 34.54787 34.462864 34.46501 34.58612 34.583168 34.58609 34.58288 34.55552 34.64653 34.72724 34.739735 34.6862 34.624783 34.62589 34.621994 34.611683 34.662827 34.58538 34.522507 34.54205 34.553677 34.54794 34.55115 34.709538 34.72249 34.74744 34.677288 34.70567 34.79084 34.715786 34.72923 34.617252 34.526474 34.53601 34.581585 34.63478
34.05899 34.28523 34.4469 34.515793 34.33784 34.285217 34.545853 34.56547 34.572884 34.555725 34.62126 34.61014 34.642166 34.711277 34.751225 34.711323 34.6431 34.633022 34.64305 34.63678 34.62832 34.644173 34.655884 34.639908 34.575603 34.5295 34.431786 34.534084 34.582302 34.53271 34.56862 34.598495 34.55847 34.68166 34.73139 34.704613 34.540287 34.56253 34.631516 34.690414 34.581055 34.454636 34.441 34.45637 34.484856 34.510376 34.5374 34.62234 34.706787 34.703167 34.710274 34.746075 34.690533 34.584316 34.8315 34.730545 34.70435 34.58168 34.55386 34.57208 34.739597
34.0586 34.304367 34.403202 34.499218 34.308586 34.574642 34.615105 34.629673 34.635494 34.619015 34.628986 34.720333 34.772785 34.78541 34.782425 34.671757 34.644093 34.628315 34.648907 34.63058 34.629093 34.65259 34.64989 34.58617 34.572517 34.537846 34.434612 34.61253 34.5884 34.523903 34.55382 34.609272 34.573788 34.70036 34.646896 34.44299 34.432648 34.55473 34.65532 34.64026 34.466045 34.520027 34.52328 34.495964 34.479847 34.50443 34.546055 34.711605 34.71377 34.712868 34.71625 34.709282 34.685036 34.600204 34.79125 34.775013 34.73315 34.62076 34.577877 34.605755 34.82946
34.098736 34.29553 34.428383 34.514717 34.46382 34.59911 34.62558 34.60729 34.603386 34.69518 34.743874 34.732883 34.740284 34.73933 34.794388 34.64549 34.63738 34.62459 34.63878 34.636345 34.63752 34.617973 34.594025 34.586887 34.581505 34.541916 34.448215 34.656742 34.60098 34.526443 34.552814 34.617702 34.597553 34.68744 34.580235 34.473396 34.481667 34.57844 34.64794 34.61211 34.440037 34.48648 34.525898 34.5581 34.58145 34.587715 34.649235 34.701797 34.724964 34.639122 34.68521 34.703503 34.579994 34.786274 34.8292 34.79722 34.744633 34.60069 34.619156 34.667652 34.86991
34.215588 34.33007 34.442173 34.531593 34.607677 34.594513 34.5832 34.588768 34.73886 34.682343 34.724606 34.726345 34.725708 34.745197 34.79127 34.639595 34.639732 34.604492 34.62983 34.623795 34.610313 34.592384 34.572178 34.574516 34.583225 34.51784 34.470287 34.66134 34.584457 34.51326 34.572323 34.625195 34.62833 34.689976 34.600494 34.4836 34.474743 34.61061 34.655235 34.73401 34.426876 34.505035 34.51148 34.533463 34.568485 34.5715 34.720005 34.71391 34.687943 34.58115 34.629665 34.68377 34.5949 34.799934 34.823612 34.78321 34.74536 34.568695 34.64185 34.796062 34.849236
34.19774 34.38116 34.504974 34.598488 34.57834 34.56036 34.5591 34.632786 34.72408 34.662334 34.700623 34.72032 34.73391 34.775913 34.78233 34.640205 34.64135 34.61568 34.57623 34.579266 34.569595 34.532906 34.49027 34.495747 34.52298 34.463535 34.52245 34.627377 34.506138 34.53919 34.613293 34.611115 34.646587 34.711708 34.614906 34.529125 34.51411 34.645073 34.687057 34.69575 34.595238 34.60234 34.64792 34.557323 34.55928 34.595093 34.725204 34.683052 34.6851 34.591232 34.55534 34.681877 34.55856 34.723537 34.79836 34.74226 34.580948 34.61771 34.72179 34.899433 34.813988
34.3153 34.493713 34.58381 34.57346 34.57505 34.551258 34.556507 34.67464 34.730484 34.678383 34.676792 34.72398 34.725258 34.785183 34.781067 34.648155 34.63516 34.617992 34.55703 34.53622 34.525417 34.477135 34.467052 34.461723 34.446285 34.43978 34.485573 34.486412 34.53406 34.605885 34.632072 34.575123 34.661076 34.72439 34.625385 34.58839 34.535515 34.683773 34.69411 34.687103 34.72529 34.728626 34.737312 34.65974 34.595932 34.552967 34.668556 34.659977 34.650406 34.57342 34.573025 34.689606 34.516712 34.63593 34.65021 34.58941 34.58107 34.723 34.886536 34.760418 34.785522
34.430084 34.518333 34.600533 34.599014 34.586006 34.553654 34.54713 34.601906 34.694633 34.631153 34.67693 34.712605 34.70591 34.75093 34.774452 34.668575 34.62397 34.62233 34.56146 34.51709 34.500286 34.48494 34.488857 34.496258 34.493954 34.48877 34.50644 34.555614 34.61534 34.64046 34.570477 34.64681 34.73908 34.69809 34.666924 34.657394 34.58983 34.55838 34.67637 34.605717 34.61966 34.631226 34.658752 34.75269 34.690605 34.58985 34.556717 34.631905 34.633476 34.578636 34.590015 34.61684 34.54587 34.562603 34.557007 34.560276 34.667202 34.898262 34.791985 34.727695 34.750088
34.437126 34.51232 34.55835 34.57152 34.57822 34.54828 34.53335 34.54967 34.647667 34.618214 34.703434 34.704258 34.65889 34.70743 34.694893 34.663048 34.609646 34.624466 34.61254 34.54791 34.532642 34.543655 34.561035 34.564354 34.56719 34.575497 34.597572 34.626823 34.65645 34.58739 34.722404 34.736855 34.730946 34.677116 34.74522 34.746403 34.69267 34.576454 34.55626 34.673706 34.630775 34.628067 34.582623 34.6203 34.634686 34.582466 34.593735 34.625156 34.64899 34.58231 34.60692 34.551636 34.679054 34.550247 34.560898 34.634075 34.829784 34.891212 34.83589 34.70583 34.70569
34.467815 34.517124 34.524235 34.51853 34.57426 34.52868 34.519695 34.555645 34.619102 34.609344 34.71213 34.691658 34.6617 34.680275 34.70241 34.65324 34.595478 34.62777 34.621773 34.603897 34.581623 34.611557 34.637836 34.650097 34.655704 34.656796 34.65862 34.655373 34.61286 34.74027 34.751804 34.73283 34.720737 34.682022 34.75813 34.74052 34.6889 34.650078 34.58342 34.57995 34.64817 34.66799 34.643475 34.61091 34.607277 34.61063 34.60873 34.61223 34.624355 34.581306 34.602257 34.556683 34.683945 34.561623 34.615868 34.74021 34.90675 34.91081 34.852196 34.71685 34.680916
34.43006 34.476727 34.488438 34.5488 34.51542 34.48487 34.516796 34.593987 34.600727 34.613754 34.71445 34.683804 34.666584 34.63669 34.721817 34.656727 34.58331 34.62558 34.62239 34.6276 34.629017 34.649994 34.670124 34.65619 34.6592 34.658005 34.6482 34.646862 34.736073 34.764812 34.762035 34.734257 34.73158 34.73871 34.75469 34.75803 34.740715 34.670326 34.62186 34.602398 34.604225 34.61334 34.67126 34.673523 34.637558 34.643394 34.643673 34.613613 34.579258 34.602245 34.588394 34.570805 34.655064 34.695843 34.61288 34.785748 34.91566 34.928 34.890907 34.843636 34.668636
34.321373 34.48294 34.543182 34.438046 34.466263 34.51831 34.53289 34.63721 34.561832 34.64191 34.706547 34.679962 34.668774 34.636627 34.71912 34.65156 34.574703 34.612484 34.63581 34.643494 34.666203 34.71026 34.683575 34.681824 34.706917 34.721565 34.713585 34.739365 34.770508 34.779716 34.76483 34.73311 34.713326 34.703163 34.69984 34.707596 34.718666 34.748447 34.626553 34.587364 34.594868 34.602364 34.5876 34.579712 34.57957 34.57565 34.57881 34.616806 34.618828 34.593044 34.57038 34.5675 34.620785 34.69503 34.69277 34.66491 34.709785 34.817978 34.867424 34.80664 34.677364
34.229664 34.398323 34.457653 34.38262 34.48276 34.494987 34.63197 34.596954 34.57863 34.6476 34.70384 34.66845 34.671707 34.64882 34.725967 34.63945 34.568226 34.584236 34.642204 34.65832 34.720978 34.696327 34.691578 34.711605 34.727154 34.740944 34.74741 34.759262 34.776417 34.744347 34.697884 34.668663 34.646816 34.63494 34.63442 34.63444 34.630558 34.650852 34.70397 34.62306 34.603256 34.60833 34.60537 34.61061 34.610554 34.63509 34.604675 34.59525 34.6074 34.59784 34.56372 34.551193 34.62773 34.687737 34.705772 34.70471 34.701965 34.696934 34.69585 34.704685 34.703854
34.30768 34.29649 34.364838 34.421825 34.46636 34.595737 34.61094 34.5574 34.579666 34.629593 34.69163 34.66599 34.680164 34.675762 34.733307 34.60689 34.55366 34.56201 34.642757 34.677963 34.6895 34.669098 34.63984 34.690636 34.723717 34.739227 34.75521 34.770134 34.776867 34.711792 34.679436 34.692703 34.664173 34.616344 34.58995 34.581806 34.589695 34.60698 34.644108 34.621002 34.626953 34.62331 34.625782 34.6329 34.62416 34.613346 34.5854 34.558327 34.548912 34.55657 34.566574 34.552006 34.64943 34.66651 34.694477 34.70706 34.711014 34.715786 34.71664 34.716248 34.70993
34.3583 34.284393 34.336563 34.42303 34.520233 34.6475 34.60502 34.543205 34.553783 34.614906 34.667072 34.666874 34.66345 34.681877 34.711807 34.556698 34.51051 34.579777 34.640625 34.69134 34.722485 34.721504 34.660942 34.64634 34.695496 34.69772 34.70123 34.722313 34.770336 34.759808 34.75299 34.68744 34.591007 34.550144 34.53132 34.525692 34.537056 34.55712 34.574497 34.672897 34.66939 34.66381 34.663857 34.6513 34.62595 34.59784 34.552353 34.51159 34.49846 34.521587 34.553898 34.579586 34.6102 34.62951 34.65738 34.681374 34.671406 34.680363 34.68534 34.70226 34.713173
34.335102 34.300453 34.399265 34.462322 34.61042 34.663956 34.598618 34.53257 34.55663 34.60103 34.64361 34.66409 34.64566 34.685135 34.64008 34.50709 34.52096 34.602764 34.646255 34.667202 34.700306 34.70367 34.659843 34.63089 34.651066 34.659077 34.66952 34.666462 34.649845 34.63437 34.6151 34.590122 34.537056 34.496536 34.48937 34.484177 34.487045 34.503777 34.546684 34.57369 34.661144 34.693855 34.688602 34.69171 34.629143 34.589367 34.52924 34.481697 34.47291 34.53054 34.548542 34.55913 34.564575 34.57529 34.607765 34.662567 34.697617 34.69767 34.6842 34.69947 34.719254
34.2926 34.38498 34.46023 34.52977 34.623905 34.65704 34.58405 34.518776 34.592194 34.60561 34.632076 34.660873 34.66444 34.701023 34.56817 34.538845 34.571156 34.588543 34.65132 34.661522 34.67148 34.67214 34.66617 34.66336 34.66595 34.668606 34.65475 34.613094 34.603596 34.59552 34.54273 34.495716 34.489876 34.493225 34.496197 34.496616 34.488102 34.48064 34.483486 34.522633 34.638443 34.667923 34.6674 34.700085 34.621944 34.57973 34.52101 34.472263 34.464165 34.53782 34.53355 34.552685 34.576145 34.63166 34.6952 34.695454 34.714016 34.712727 34.69234 34.716255 34.716507
34.402187 34.44862 34.48944 34.519333 34.56474 34.53274 34.54466 34.57202 34.607452 34.61666 34.634293 34.64664 34.67228 34.71146 34.529514 34.544136 34.57886 34.60095 34.630787 34.653996 34.669266 34.66893 34.657314 34.65312 34.63813 34.626205 34.60407 34.570847 34.50042 34.463135 34.48829 34.52833 34.541847 34.548477 34.549732 34.548256 34.540028 34.519863 34.486584 34.48507 34.51795 34.63665 34.671265 34.649017 34.590622 34.566925 34.519142 34.481384 34.48788 34.5258 34.557236 34.636883 34.690502 34.697437 34.678585 34.689285 34.711906 34.720173 34.70717 34.726517 34.714104
34.391113 34.404068 34.514713 34.540325 34.557667 34.581272 34.498383 34.581284 34.607033 34.65297 34.65448 34.63325 34.653088 34.66572 34.494286 34.53961 34.57318 34.60387 34.634228 34.666477 34.666245 34.586487 34.598442 34.614162 34.595905 34.572712 34.469128 34.42272 34.48088 34.53407 34.541534 34.560093 34.567852 34.55392 34.584656 34.596687 34.556797 34.547768 34.541916 34.489624 34.48775 34.5268 34.56227 34.572357 34.54044 34.554432 34.521996 34.49455 34.517982 34.580948 34.689224 34.677017 34.657238 34.685883 34.736458 34.750904 34.73279 34.72218 34.718662 34.707546 34.665367
34.41508 34.346706 34.442307 34.52901 34.55259 34.57679 34.514137 34.57001 34.632526 34.682137 34.68579 34.628212 34.608356 34.61008 34.47642 34.57178 34.628147 34.648617 34.661316 34.66595 34.619537 34.52643 34.608353 34.58799 34.552418 34.45435 34.37323 34.41205 34.514927 34.58242 34.662807 34.679752 34.669704 34.620937 34.625122 34.498478 34.511875 34.52667 34.555428 34.520966 34.484135 34.486973 34.512085 34.50513 34.51779 34.54804 34.528885 34.527428 34.612953 34.701797 34.67045 34.696568 34.747215 34.72809 34.665318 34.62402 34.66299 34.692802 34.70913 34.692394 34.614098
34.380966 34.33088 34.445896 34.538975 34.597282 34.54397 34.524426 34.571175 34.64361 34.686314 34.694317 34.621532 34.59128 34.56841 34.503548 34.57605 34.683987 34.661358 34.657608 34.651394 34.634815 34.51899 34.6132 34.595093 34.535614 34.433712 34.321167 34.386448 34.541786 34.671337 34.669464 34.69973 34.70105 34.660645 34.51578 34.47702 34.501675 34.53838 34.548134 34.531273 34.50477 34.482872 34.474625 34.493908 34.511757 34.5453 34.547127 34.609604 34.741673 34.756123 34.765667 34.750412 34.7479 34.68532 34.573498 34.641365 34.659065 34.58498 34.49517 34.454994 34.466618
34.30971 34.325676 34.448433 34.575256 34.616272 34.578384 34.50074 34.594757 34.669346 34.679836 34.66462 34.593513 34.57681 34.550068 34.49766 34.53432 34.5765 34.610413 34.599308 34.570293 34.493366 34.55673 34.626396 34.592293 34.5247 34.365135 34.27223 34.371586 34.63728 34.657745 34.691166 34.680805 34.612923 34.579494 34.482986 34.484745 34.491745 34.49148 34.481922 34.471912 34.468777 34.471386 34.485878 34.491264 34.5612 34.537106 34.592403 34.70357 34.798035 34.815968 34.793297 34.762226 34.799873 34.75501 34.638073 34.59607 34.587963 34.602783 34.5692 34.42958 34.3166
