static/data/salinity/2023/7/1/12.asc
ncols 137
nrows 93
xllcorner 108.0
yllcorner 17.0
cellsize 0.25
NODATA_value -32767
[rows 27 to 53 of 93, columns 61 to 121 of 137]
29.786716 29.547586 29.720835 29.652395 30.001652 30.856195 31.312634 32.038868 32.3691 32.554256 32.955257 32.878906 -32767.0 -32767.0 32.782356 32.42997 32.95022 33.164825 33.247635 33.233166 33.602917 33.703396 33.890747 33.974724 33.762386 -32767.0 -32767.0 -32767.0 -32767.0 -32767.0 -32767.0 -32767.0 -32767.0 -32767.0 31.801308 32.394356 32.9563 -32767.0 -32767.0 -32767.0 32.780956 32.82935 33.038925 33.014465 33.324295 33.50453 33.56205 33.578743 33.629803 33.46629 34.02682 34.188896 34.113224 34.062923 34.168125 34.148643 34.293663 34.450985 34.512527 34.48176 34.459835
29.94604 29.409662 29.608032 29.46037 29.452068 30.049637 30.6751 31.536001 32.102566 32.59739 32.67981 32.779438 32.84043 32.8789 32.93878 32.958237 33.155777 33.192795 33.117603 33.143703 33.537148 33.893425 34.06416 -32767.0 33.706158 33.69593 -32767.0 -32767.0 27.235382 -32767.0 -32767.0 -32767.0 -32767.0 -32767.0 -32767.0 32.112576 32.115166 -32767.0 -32767.0 33.053993 33.1621 33.824913 33.9992 33.93677 33.574165 33.52019 33.613415 33.72641 33.632683 33.61683 34.14869 34.124603 34.091488 34.054104 34.09372 34.175117 34.175568 34.323364 34.45901 34.493187 34.463005
30.355295 29.59365 29.71677 30.60483 30.908688 30.879774 31.039587 31.44407 32.074783 32.395332 32.559383 32.69935 32.888737 33.0744 33.133263 33.163094 33.161312 32.92959 32.951702 33.183 33.25104 33.771328 -32767.0 33.874878 33.81536 33.909542 33.137302 32.00034 -32767.0 29.015957 -32767.0 -32767.0 -32767.0 -32767.0 -32767.0 33.085285 33.67631 33.677204 33.460194 33.708477 34.116673 34.276432 34.311356 34.356045 34.236465 33.67164 33.686684 33.753124 33.719868 33.80435 34.149467 34.050808 33.978855 33.993004 33.99451 34.23566 34.182026 34.254967 34.311295 34.32941 34.479404
30.69215 30.411003 30.770035 31.898102 31.991684 31.893059 31.891989 32.16686 32.284634 32.493557 32.668068 32.811317 33.00128 33.153206 33.216106 33.177074 33.125877 32.82839 32.90135 33.040382 33.594135 33.494804 33.966713 33.96488 33.83569 33.95268 33.780426 33.38374 29.549095 29.177319 -32767.0 -32767.0 -32767.0 -32767.0 32.998127 33.90637 34.154236 34.18489 34.17294 34.282948 34.210705 34.200542 34.29732 34.36369 34.36036 33.931374 33.697773 33.71558 33.760387 34.066956 33.995285 33.899933 33.85634 33.850517 33.918175 34.265278 34.15528 34.19276 34.326305 34.354927 34.421017
31.100716 31.028347 31.684956 31.973217 32.409645 32.76385 32.619263 32.623657 32.668262 32.763577 32.786087 32.79755 32.893276 33.00656 33.002636 32.840237 32.79639 32.767975 32.742004 33.165955 33.92736 33.915535 33.759975 34.013775 33.88211 33.810833 33.877934 33.459953 31.12856 30.53411 -32767.0 -32767.0 -32767.0 -32767.0 33.572147 34.2455 34.279285 34.1621 34.096935 34.135147 34.13912 34.158703 34.207226 34.324593 34.367462 34.439217 33.709263 33.793793 33.854145 33.918327 33.789726 33.886547 33.711994 33.713375 33.829502 34.280453 34.148567 34.112785 34.157608 34.33966 34.478317
26.964308 28.725126 30.439302 31.742002 32.545456 32.986942 33.202663 32.911037 32.794895 32.709824 32.66765 32.66033 32.722034 32.91788 32.86654 32.492306 32.50893 32.390152 32.458126 33.212543 33.96186 34.050476 33.959663 33.87715 33.900574 33.89012 33.85524 33.800472 -32767.0 -32767.0 -32767.0 -32767.0 -32767.0 33.225437 34.017056 34.247173 34.18877 34.036125 34.08231 33.9058 33.98595 34.17814 34.18344 34.306396 34.346687 34.398975 34.30869 33.7305 33.84998 33.796543 33.944965 34.16655 33.711647 33.66556 34.17283 34.28029 34.23485 34.120575 34.138603 34.25491 34.49204
24.732391 25.221302 27.227371 30.029213 31.280315 32.22126 33.067837 32.8844 32.747955 32.504402 32.441307 32.478607 32.541077 32.850735 32.84699 32.45047 32.550537 32.664993 32.613873 32.82848 33.264675 33.76757 33.853832 33.913147 33.883812 33.895054 33.90175 33.686577 -32767.0 -32767.0 -32767.0 -32767.0 -32767.0 33.639854 33.94885 34.212704 34.161575 34.029785 33.96026 33.861317 34.18064 34.29825 34.238033 34.32406 34.386356 34.38889 34.45626 34.09169 33.77795 33.74147 33.949444 34.166946 33.715794 33.89454 34.311646 34.31421 34.306686 34.11778 34.123062 34.272488 34.485893
24.79358 26.315233 27.556988 29.147549 30.805052 32.35675 32.9169 32.59862 32.480347 32.47417 32.31774 32.43308 32.61236 32.776894 32.631092 32.596676 32.66895 32.609016 33.240997 33.843224 33.909607 33.80571 33.690613 33.74228 33.843872 33.90449 33.939037 33.820827 33.34804 -32767.0 33.12917 -32767.0 -32767.0 33.716923 33.88838 34.1984 34.133434 33.996727 33.865215 34.058575 34.306118 34.276573 34.292435 34.352997 34.351944 34.361977 34.40975 34.519302 33.817177 33.667053 34.016438 34.132435 33.848976 34.261787 34.280323 34.242977 34.326138 34.121067 34.12036 34.354813 34.51441
30.28686 30.174187 30.53707 31.507029 31.572765 32.086216 32.33458 32.69016 32.609898 32.335873 32.187603 32.23374 32.503155 32.64687 32.670757 32.763798 32.798378 32.742374 33.021168 33.508854 33.6565 33.576263 33.694183 33.667057 33.792435 34.008205 34.030838 33.738533 33.57275 33.655045 33.42204 -32767.0 33.08141 33.408306 33.5547 33.91224 34.224094 34.156025 34.036903 34.296093 34.256653 34.25183 34.238247 34.2632 34.331417 34.304443 34.430187 34.54694 34.031097 33.656467 34.057487 34.147503 34.018055 34.210274 34.228962 34.227703 34.341103 34.08781 34.174274 34.47342 34.496937
31.31726 31.649195 31.677116 31.9922 32.148945 32.399654 32.390217 32.29779 32.150272 32.19361 32.234776 32.20507 32.352345 32.64836 32.744522 32.68391 32.799168 33.221733 33.4543 33.49108 33.52972 33.66271 33.745888 33.71215 33.81017 34.03598 33.915123 33.977295 33.989 33.647823 -32767.0 34.047894 34.076355 34.067245 34.1837 34.160526 34.16335 34.174103 34.126858 34.187996 34.179573 34.223476 34.221134 34.196297 34.2079 34.22927 34.40608 34.503708 34.19686 33.700752 34.087395 34.186924 34.117218 34.199818 34.23135 34.27447 34.29759 34.02976 34.356712 34.56373 34.442413
32.55495 32.036575 31.522947 31.174017 31.927992 32.539795 32.26989 32.05563 32.088478 31.990726 32.252296 32.546455 32.614117 32.765354 32.848423 32.42172 32.636555 33.27683 33.670414 33.716553 33.6666 33.68691 33.77485 33.76381 33.866596 33.868275 33.997826 34.166065 34.18495 34.233273 34.195255 34.24148 34.188065 34.163803 34.135487 34.03019 34.00726 34.077625 34.18476 34.185806 34.229317 34.245384 34.17745 34.15836 34.18748 34.231762 34.41646 34.472363 34.326614 33.760902 34.055904 34.15541 34.198788 34.21894 34.23969 34.255558 34.014458 34.201122 34.54817 34.526257 34.357815
32.18871 32.604183 32.06256 31.29597 30.697535 32.382862 32.467083 32.230347 32.103462 31.871126 32.063324 32.684605 32.740704 32.72496 32.51195 31.840425 32.18552 32.631546 33.313732 33.61674 33.706818 33.820923 33.887226 33.906982 33.77828 33.780552 33.934357 33.988796 -32767.0 34.07374 34.041916 -32767.0 34.273167 34.18988 34.00845 34.006733 34.097263 34.09561 34.257248 34.200962 34.21749 34.259037 34.165794 34.122993 34.16578 34.238644 34.349976 34.466625 34.557564 33.837578 33.89981 33.940063 33.992817 34.0654 34.038746 33.961742 34.182217 34.50211 34.593174 34.408195 34.30504
32.999596 33.127655 32.798244 32.73839 31.680805 32.52994 32.3254 31.983982 31.777885 31.725716 31.922739 32.061337 31.80777 31.576124 31.330677 31.47411 31.820965 32.827972 33.52436 33.434334 33.59772 33.89177 34.004322 34.04205 34.0049 33.889877 33.750847 33.792385 34.01427 -32767.0 34.120132 34.224022 34.093742 34.053932 34.008446 34.079662 34.163044 34.062714 34.24466 34.2183 34.199142 34.25464 34.248554 34.129066 34.180294 34.230793 34.21822 34.46505 34.49724 34.510815 34.166214 34.0647 34.10319 34.22937 34.41929 34.57022 34.566483 34.579597 34.48982 34.29563 34.30916
33.56685 33.642487 33.452118 33.05779 32.888184 33.270477 32.96501 32.283394 31.72298 31.525375 31.517479 31.55296 31.506575 31.371155 31.176172 31.21316 31.847614 33.200836 33.501 33.09684 33.121643 33.77222 34.09804 34.144646 34.17027 34.10267 33.94781 33.980885 33.83968 33.972286 33.902935 34.003155 34.17156 34.203964 34.225597 34.134212 34.102238 34.14496 34.232002 34.263397 34.23949 34.258183 34.26387 34.216175 34.15133 34.287632 34.43931 34.389324 34.49115 34.565903 34.564304 34.552467 34.558907 34.56824 34.56832 34.54716 34.554165 34.548122 34.31907 34.28186 34.366734
33.724327 33.592655 33.769226 33.871216 33.322296 33.369785 33.375645 32.793198 32.477333 32.289307 32.04015 31.862303 31.795923 31.34428 31.133768 31.247374 32.024628 32.879837 33.253613 33.28451 32.991173 33.861694 34.115456 34.166912 34.21218 34.206905 34.141693 34.110832 34.067688 34.016922 34.05311 34.15787 34.154613 34.15637 34.17473 34.181335 34.171726 34.18741 34.261723 34.202652 34.231 34.18773 34.12488 34.11625 34.17572 34.159348 34.442345 34.567604 34.517075 34.537792 34.545498 34.559986 34.57395 34.560074 34.532253 34.509464 34.537006 34.31863 34.280827 34.436123 34.485497
33.791447 33.8444 33.62793 33.793156 33.828213 33.485546 33.432045 33.52697 33.311153 32.99381 32.654484 32.457634 31.88503 31.62083 31.709694 31.93603 32.45616 32.796112 32.91743 33.165688 33.752876 34.23988 34.215282 34.180008 34.206074 34.194767 34.212646 34.098778 34.14461 34.18284 34.20216 34.16641 34.160427 34.19981 34.17541 34.172543 34.266674 34.22793 34.254654 34.208256 34.14493 34.11312 34.09202 34.08744 34.109802 34.269863 34.19602 34.535255 34.612503 34.591095 34.53116 34.492783 34.493195 34.516506 34.53825 34.471878 34.31213 34.266853 34.482334 34.521343 34.55448
34.042545 33.97221 33.82617 33.83716 33.73794 33.650993 33.51972 33.57601 33.376022 32.9278 32.648525 32.424744 32.235775 32.272137 32.545044 32.670906 32.944283 33.41527 33.938396 34.17415 34.194542 34.232067 34.255566 34.233112 34.18918 34.172623 34.22493 34.203297 34.20346 34.208992 34.207363 34.21562 34.22106 34.177505 34.2068 34.22206 34.261997 34.197884 34.21204 34.173336 34.11371 34.06374 34.05279 34.07607 34.12944 34.224438 34.253838 34.3236 34.503765 34.577446 34.59951 34.57478 34.44286 34.333237 34.29703 34.266052 34.231865 34.514957 34.588512 34.599438 34.580223
34.020508 33.912888 33.817585 33.84988 33.737064 33.70971 33.70844 33.368355 33.00778 33.206352 33.154556 33.150566 33.159794 32.953037 33.01107 33.339428 33.92449 34.14093 34.166245 34.196323 34.30133 34.364044 34.316036 34.215458 34.15178 34.206547 34.20568 34.243275 34.21994 34.239674 34.21356 34.159054 34.16344 34.13641 34.19331 34.259308 34.26517 34.19853 34.173904 34.09012 34.014935 34.057705 34.127533 34.119843 34.174934 34.253956 34.35008 34.284115 34.455482 34.542442 34.579567 34.395775 34.24743 34.225384 34.22764 34.229546 34.51344 34.59863 34.60129 34.61458 34.522743
33.943142 33.8727 33.764862 33.83386 33.79372 33.781567 33.7543 33.3539 33.31498 33.47009 33.458107 33.677635 33.744427 33.6836 33.774666 34.098297 34.238945 34.18866 34.190907 34.231762 34.47548 34.347206 34.22052 34.18391 34.218754 34.2249 34.187107 34.214108 34.15597 34.101463 34.13509 34.141037 34.112823 34.11642 34.14609 34.155888 34.15325 34.10914 34.020462 34.043293 34.201378 34.305706 34.29496 34.20538 34.216766 34.33882 34.3733 34.349075 34.51429 34.324287 34.1752 34.171806 34.18392 34.187115 34.31236 34.541443 34.574314 34.659637 34.5886 34.6073 34.536728
33.877403 33.83472 33.73695 33.81293 33.81812 33.85153 33.791203 33.7306 33.726185 33.729122 33.740425 33.812893 33.79012 33.927765 34.260216 34.26644 34.2196 34.210117 34.28525 34.458546 34.342056 34.224735 34.18423 34.146595 34.193874 34.176884 34.180836 34.17011 34.11107 34.092144 34.085667 34.059578 34.059174 34.085346 34.128727 34.212215 34.185707 34.098675 34.177704 34.374744 34.41449 34.401466 34.404957 34.324543 34.279533 34.414143 34.338474 34.441093 34.261833 34.25933 34.20689 34.1977 34.282753 34.459816 34.603157 34.61741 34.60213 34.64568 34.60763 34.616802 34.531326
34.017002 33.845104 33.729347 33.801952 33.841988 33.865875 33.97624 34.020706 34.03283 33.98345 33.914085 33.858303 33.995586 34.20833 34.27157 34.287373 34.21907 34.34094 34.42029 34.350887 34.233017 34.149395 34.171085 34.146877 -32767.0 34.285664 34.215908 34.22697 34.138157 34.06129 34.064564 34.08875 34.124584 34.19678 34.288868 34.198647 34.118267 34.386837 34.442986 34.359966 34.308098 34.318077 34.367508 34.397724 34.391552 34.412914 34.382492 34.27887 34.33498 34.353382 34.400658 34.492615 34.588135 34.590534 34.59649 34.58254 34.60526 34.6034 34.62629 34.579872 34.551544
34.027905 33.873 33.79657 33.78896 33.83903 33.85752 33.921368 33.919773 34.01892 34.049877 33.97251 33.928364 34.173756 34.10548 34.258133 34.286716 34.255585 34.45083 34.378365 34.266975 34.19727 34.097042 34.15065 34.115543 34.36001 34.264683 34.154213 34.10084 34.14257 34.212807 34.28558 34.351406 34.44169 34.431877 34.20965 34.218155 34.47457 34.42467 34.3441 34.310257 34.348515 34.350014 34.378067 34.41844 34.432503 34.369785 34.321342 34.359364 34.45647 34.470432 34.49494 34.548225 34.600365 34.603786 34.59482 34.60566 34.573467 34.61438 34.626057 34.51219 34.486423
34.184597 34.027336 34.020077 33.961586 33.863888 33.86421 33.868668 33.842304 34.00183 34.033752 33.996483 34.022556 34.14697 34.044086 34.242252 34.28748 34.248394 34.47031 34.340305 34.20406 34.170856 34.07053 34.127995 -32767.0 34.205906 34.193684 34.127045 34.236088 34.354877 34.393383 34.416714 34.459072 34.353382 34.223858 34.446285 34.503696 34.446777 34.35671 34.316467 34.347572 34.375515 34.362854 34.409103 34.44198 34.382942 34.340664 34.276928 34.55435 34.616505 34.546696 34.556114 34.558052 34.594795 34.613018 34.626377 34.58994 34.529316 34.580658 34.645878 34.600388 34.615524
34.27624 34.057003 34.041595 33.95471 33.95546 33.898705 33.899128 33.82456 34.009842 34.047318 34.00287 34.01316 34.093544 34.222004 34.32278 34.26903 34.248722 34.461693 34.29286 34.112965 34.083153 34.12268 34.14655 34.218292 34.15814 34.13081 34.250008 34.292213 34.354755 34.370766 34.369534 34.252968 34.402218 34.57378 34.524128 34.493893 34.387363 34.273758 34.29234 34.33989 34.3939 34.402134 34.423885 34.390438 34.3397 34.26183 34.470013 34.471947 34.52948 34.614407 34.634125 34.626667 34.610794 34.57934 34.55228 34.503872 34.49665 34.58538 34.635895 34.56889 34.539047
34.279976 34.0267 33.98746 33.878796 33.91958 33.86362 33.85849 33.95106 34.040787 34.06982 34.05997 34.176315 34.26647 34.263878 34.30205 34.30534 34.27532 34.468056 34.347576 34.172367 34.14766 34.144417 34.27581 34.198673 34.17895 34.158096 34.24715 34.35154 34.318607 34.26964 34.342888 34.629093 34.626125 34.568527 34.511017 34.46087 34.325447 34.12643 34.192238 34.32509 34.317303 34.362644 34.362133 34.32223 34.261154 34.27265 34.5587 34.595924 34.63768 34.642536 34.637226 34.646507 34.651443 34.615192 34.555016 34.580566 34.59328 34.61967 34.63994 34.626472 34.644573
34.142277 34.294037 34.110897 33.905937 33.833405 33.76218 33.80389 33.875862 33.97841 34.0778 34.290443 34.283787 34.23801 34.337704 34.29892 34.25964 34.44373 34.46723 34.42745 34.342545 34.264538 34.239647 34.207607 34.220528 34.15191 34.213474 34.25323 34.392998 34.314426 34.387646 34.621407 34.61848 34.63988 34.575184 34.519535 34.456287 34.29403 34.14118 34.202824 34.23341 34.23639 34.271664 34.272785 34.249664 34.19434 34.394085 34.56588 34.628094 34.64572 34.635178 34.641777 34.650524 34.652805 34.651443 34.62878 34.64419 34.64519 34.651314 34.673313 34.616367 34.59714
33.904415 34.18152 34.245407 34.216717 34.184322 34.17922 34.20285 34.27305 34.27351 34.280876 34.30544 34.232708 34.350864 34.350742 34.416183 34.470634 34.43072 34.363735 34.371536 34.340515 -32767.0 34.282726 34.218422 34.189854 34.170265 34.203274 34.312103 34.398304 34.337376 34.573914 34.578266 34.605064 34.653854 34.60268 34.52109 34.489384 34.380806 34.27412 34.176823 34.25217 34.229374 34.19476 34.23032 34.20079 34.21156 34.551685 34.587677 34.63952 34.638012 34.644924 34.647587 34.629993 34.644413 34.664726 34.65181 34.655277 34.641167 34.624897 34.62185 34.62609 34.60369
