static/data/salinity/2023/7/1/18.asc
ncols 137
nrows 93
xllcorner 108.0
yllcorner 17.0
cellsize 0.25
NODATA_value -32767
[rows 54 to 80 of 93, columns 0 to 60 of 137]
-32767.0 -32767.0 -32767.0 -32767.0 -32767.0 -32767.0 -32767.0 -32767.0 -32767.0 -32767.0 -32767.0 -32767.0 -32767.0 -32767.0 -32767.0 -32767.0 -32767.0 -32767.0 -32767.0 -32767.0 -32767.0 -32767.0 -32767.0 -32767.0 -32767.0 -32767.0 -32767.0 -32767.0 -32767.0 -32767.0 -32767.0 -32767.0 -32767.0 -32767.0 -32767.0 -32767.0 -32767.0 -32767.0 -32767.0 -32767.0 -32767.0 -32767.0 -32767.0 -32767.0 -32767.0 -32767.0 -32767.0 -32767.0 34.2526 34.283203 34.04787 33.748375 33.320778 33.229126 33.24057 33.294262 33.336807 33.508354 34.056324 34.093056 34.08756
-32767.0 -32767.0 -32767.0 -32767.0 -32767.0 -32767.0 -32767.0 -32767.0 -32767.0 -32767.0 -32767.0 -32767.0 -32767.0 -32767.0 -32767.0 -32767.0 -32767.0 -32767.0 -32767.0 -32767.0 -32767.0 -32767.0 -32767.0 -32767.0 -32767.0 -32767.0 -32767.0 -32767.0 -32767.0 -32767.0 -32767.0 -32767.0 -32767.0 -32767.0 -32767.0 -32767.0 -32767.0 -32767.0 -32767.0 -32767.0 -32767.0 -32767.0 -32767.0 -32767.0 -32767.0 -32767.0 -32767.0 32.89564 -32767.0 33.944576 33.98237 33.35769 33.1143 33.04745 33.14951 33.414238 33.42415 33.949097 34.02505 34.062256 34.090084
-32767.0 -32767.0 -32767.0 -32767.0 -32767.0 -32767.0 -32767.0 -32767.0 -32767.0 -32767.0 -32767.0 -32767.0 -32767.0 -32767.0 -32767.0 -32767.0 -32767.0 -32767.0 -32767.0 -32767.0 -32767.0 -32767.0 -32767.0 -32767.0 -32767.0 -32767.0 -32767.0 -32767.0 -32767.0 -32767.0 -32767.0 -32767.0 -32767.0 -32767.0 -32767.0 -32767.0 -32767.0 -32767.0 -32767.0 -32767.0 -32767.0 -32767.0 -32767.0 -32767.0 -32767.0 -32767.0 -32767.0 32.864143 34.072777 33.952057 33.845318 32.90953 32.972607 32.87108 33.073124 33.57469 33.949913 34.00893 34.262875 34.313087 34.330322
-32767.0 -32767.0 -32767.0 -32767.0 -32767.0 -32767.0 -32767.0 -32767.0 -32767.0 -32767.0 -32767.0 -32767.0 -32767.0 -32767.0 -32767.0 -32767.0 -32767.0 -32767.0 -32767.0 -32767.0 -32767.0 -32767.0 -32767.0 -32767.0 -32767.0 -32767.0 -32767.0 -32767.0 -32767.0 -32767.0 -32767.0 -32767.0 -32767.0 -32767.0 -32767.0 -32767.0 -32767.0 -32767.0 -32767.0 -32767.0 -32767.0 -32767.0 -32767.0 -32767.0 -32767.0 -32767.0 -32767.0 33.37492 34.033455 34.14782 33.599495 32.707146 32.680477 32.79134 33.060585 33.9082 33.90618 34.320824 34.26843 34.200592 34.20641
-32767.0 -32767.0 -32767.0 -32767.0 -32767.0 -32767.0 -32767.0 -32767.0 -32767.0 -32767.0 -32767.0 -32767.0 -32767.0 -32767.0 -32767.0 -32767.0 -32767.0 -32767.0 -32767.0 -32767.0 -32767.0 -32767.0 -32767.0 -32767.0 -32767.0 -32767.0 -32767.0 -32767.0 -32767.0 -32767.0 -32767.0 -32767.0 -32767.0 -32767.0 -32767.0 -32767.0 -32767.0 -32767.0 -32767.0 -32767.0 -32767.0 -32767.0 -32767.0 -32767.0 -32767.0 30.741833 -32767.0 33.476044 34.196217 33.824215 33.510197 32.63572 32.49852 32.80465 32.990513 33.789642 33.983456 34.21707 34.158104 34.09989 34.06201
-32767.0 -32767.0 -32767.0 -32767.0 -32767.0 -32767.0 -32767.0 -32767.0 -32767.0 -32767.0 -32767.0 -32767.0 -32767.0 -32767.0 -32767.0 -32767.0 -32767.0 -32767.0 -32767.0 -32767.0 -32767.0 -32767.0 -32767.0 -32767.0 -32767.0 -32767.0 -32767.0 -32767.0 -32767.0 -32767.0 -32767.0 -32767.0 -32767.0 -32767.0 -32767.0 -32767.0 -32767.0 -32767.0 -32767.0 -32767.0 -32767.0 -32767.0 -32767.0 -32767.0 -32767.0 -32767.0 33.628403 33.997234 33.565712 32.88617 32.324142 32.26971 32.44326 32.98019 33.09557 33.348972 33.73398 34.196304 34.100555 33.998608 34.00799
-32767.0 -32767.0 -32767.0 -32767.0 -32767.0 -32767.0 -32767.0 -32767.0 -32767.0 -32767.0 -32767.0 -32767.0 -32767.0 -32767.0 -32767.0 -32767.0 -32767.0 -32767.0 -32767.0 -32767.0 -32767.0 -32767.0 -32767.0 -32767.0 -32767.0 -32767.0 -32767.0 -32767.0 -32767.0 -32767.0 -32767.0 -32767.0 -32767.0 -32767.0 -32767.0 -32767.0 -32767.0 -32767.0 -32767.0 -32767.0 -32767.0 -32767.0 -32767.0 -32767.0 33.113293 33.660133 33.736523 33.455616 32.567715 31.594578 31.571917 32.10749 -32767.0 -32767.0 -32767.0 -32767.0 33.64221 34.143738 34.172787 34.10779 34.00661
-32767.0 -32767.0 -32767.0 -32767.0 -32767.0 -32767.0 -32767.0 -32767.0 -32767.0 -32767.0 -32767.0 -32767.0 -32767.0 -32767.0 -32767.0 -32767.0 -32767.0 -32767.0 -32767.0 -32767.0 -32767.0 -32767.0 -32767.0 -32767.0 -32767.0 -32767.0 -32767.0 -32767.0 -32767.0 -32767.0 -32767.0 -32767.0 -32767.0 -32767.0 -32767.0 -32767.0 -32767.0 -32767.0 -32767.0 -32767.0 -32767.0 -32767.0 -32767.0 33.49371 33.652824 33.3715 33.479355 32.969578 32.122974 32.09345 32.153667 32.82058 -32767.0 -32767.0 -32767.0 -32767.0 34.2753 34.16827 34.10785 34.09019 34.139927
-32767.0 -32767.0 -32767.0 -32767.0 -32767.0 -32767.0 -32767.0 -32767.0 -32767.0 -32767.0 -32767.0 -32767.0 -32767.0 -32767.0 -32767.0 -32767.0 -32767.0 -32767.0 -32767.0 -32767.0 -32767.0 -32767.0 -32767.0 -32767.0 -32767.0 -32767.0 -32767.0 -32767.0 -32767.0 -32767.0 -32767.0 -32767.0 -32767.0 -32767.0 -32767.0 -32767.0 -32767.0 -32767.0 -32767.0 -32767.0 -32767.0 33.12287 32.936928 33.441135 33.413033 33.297344 32.588356 32.17402 31.930206 32.13475 32.346073 -32767.0 -32767.0 -32767.0 -32767.0 -32767.0 34.200157 34.174442 34.10792 34.172215 34.19123
-32767.0 -32767.0 -32767.0 -32767.0 -32767.0 -32767.0 -32767.0 -32767.0 -32767.0 -32767.0 -32767.0 -32767.0 -32767.0 -32767.0 -32767.0 -32767.0 -32767.0 -32767.0 -32767.0 -32767.0 -32767.0 -32767.0 -32767.0 -32767.0 -32767.0 -32767.0 -32767.0 -32767.0 -32767.0 -32767.0 -32767.0 -32767.0 -32767.0 -32767.0 -32767.0 -32767.0 -32767.0 -32767.0 -32767.0 -32767.0 -32767.0 33.468388 33.34127 33.43512 32.85992 31.949026 32.062412 32.280495 33.191513 33.74767 32.851967 -32767.0 -32767.0 -32767.0 -32767.0 34.161488 34.025414 34.187737 34.078766 34.182743 34.21109
-32767.0 -32767.0 -32767.0 -32767.0 -32767.0 -32767.0 -32767.0 -32767.0 -32767.0 -32767.0 -32767.0 -32767.0 -32767.0 -32767.0 -32767.0 -32767.0 -32767.0 -32767.0 -32767.0 -32767.0 -32767.0 -32767.0 -32767.0 -32767.0 -32767.0 -32767.0 -32767.0 -32767.0 -32767.0 -32767.0 -32767.0 -32767.0 -32767.0 -32767.0 -32767.0 -32767.0 -32767.0 -32767.0 -32767.0 33.22743 33.433613 33.55138 33.488102 33.48806 31.973295 31.401894 32.224415 33.62875 33.386177 32.52722 -32767.0 -32767.0 -32767.0 -32767.0 -32767.0 33.869324 34.024372 34.147705 34.071354 34.138336 34.18523
-32767.0 -32767.0 -32767.0 -32767.0 -32767.0 -32767.0 -32767.0 -32767.0 -32767.0 -32767.0 -32767.0 -32767.0 -32767.0 -32767.0 -32767.0 -32767.0 -32767.0 -32767.0 -32767.0 -32767.0 -32767.0 -32767.0 -32767.0 -32767.0 -32767.0 -32767.0 -32767.0 -32767.0 -32767.0 -32767.0 -32767.0 -32767.0 -32767.0 -32767.0 -32767.0 -32767.0 -32767.0 -32767.0 33.15713 33.493336 33.581207 33.51034 33.042027 31.646412 30.769833 31.291042 32.516052 33.389378 32.789318 32.084587 -32767.0 -32767.0 -32767.0 -32767.0 -32767.0 33.88607 34.088676 34.05571 34.080177 34.171143 34.22462
-32767.0 -32767.0 -32767.0 -32767.0 -32767.0 -32767.0 -32767.0 -32767.0 -32767.0 -32767.0 -32767.0 -32767.0 -32767.0 -32767.0 -32767.0 -32767.0 -32767.0 -32767.0 -32767.0 -32767.0 -32767.0 -32767.0 -32767.0 -32767.0 -32767.0 -32767.0 -32767.0 -32767.0 -32767.0 -32767.0 -32767.0 -32767.0 -32767.0 -32767.0 -32767.0 -32767.0 33.066628 33.240013 33.532574 33.503387 32.951927 31.400398 30.515532 30.708334 31.195833 32.738846 -32767.0 33.329567 32.607056 -32767.0 -32767.0 -32767.0 -32767.0 -32767.0 33.615044 33.998528 34.120087 34.063957 34.04889 34.22459 34.29207
-32767.0 -32767.0 -32767.0 -32767.0 -32767.0 -32767.0 -32767.0 -32767.0 -32767.0 -32767.0 -32767.0 -32767.0 -32767.0 -32767.0 -32767.0 -32767.0 -32767.0 -32767.0 -32767.0 -32767.0 -32767.0 -32767.0 -32767.0 -32767.0 -32767.0 -32767.0 -32767.0 -32767.0 -32767.0 -32767.0 -32767.0 -32767.0 -32767.0 -32767.0 -32767.0 33.193752 33.735043 31.955212 30.402937 30.480751 31.062735 31.323753 31.053984 31.117172 31.066067 32.902294 -32767.0 33.20069 32.339645 -32767.0 -32767.0 -32767.0 -32767.0 -32767.0 33.586235 34.15819 34.060776 34.10511 34.033127 34.05018 34.293034
-32767.0 -32767.0 -32767.0 -32767.0 -32767.0 -32767.0 -32767.0 -32767.0 -32767.0 -32767.0 -32767.0 -32767.0 -32767.0 -32767.0 -32767.0 -32767.0 -32767.0 -32767.0 -32767.0 -32767.0 -32767.0 -32767.0 -32767.0 -32767.0 -32767.0 -32767.0 -32767.0 -32767.0 -32767.0 -32767.0 -32767.0 -32767.0 -32767.0 -32767.0 -32767.0 31.378723 30.433111 30.048986 30.378254 30.901232 31.224556 31.453457 31.426376 33.4554 33.983665 33.202827 32.952225 33.092888 32.733364 -32767.0 -32767.0 -32767.0 -32767.0 -32767.0 33.66006 34.144848 34.088245 34.08177 34.22683 34.17346 34.228226
-32767.0 -32767.0 -32767.0 -32767.0 -32767.0 -32767.0 -32767.0 -32767.0 -32767.0 -32767.0 -32767.0 -32767.0 -32767.0 -32767.0 -32767.0 -32767.0 -32767.0 -32767.0 -32767.0 -32767.0 -32767.0 -32767.0 -32767.0 -32767.0 -32767.0 -32767.0 -32767.0 24.410692 -32767.0 26.724981 -32767.0 28.505219 28.92518 29.965424 29.465609 29.6195 30.122604 31.027386 31.421215 31.414158 31.579115 32.08981 32.129826 33.359055 32.944492 32.55959 33.02119 33.67428 33.796314 -32767.0 -32767.0 -32767.0 -32767.0 33.37966 33.88692 34.099293 34.148846 34.21947 34.28827 34.221207 34.108044
-32767.0 -32767.0 -32767.0 -32767.0 -32767.0 -32767.0 -32767.0 -32767.0 -32767.0 -32767.0 -32767.0 -32767.0 -32767.0 -32767.0 -32767.0 -32767.0 -32767.0 -32767.0 -32767.0 -32767.0 -32767.0 -32767.0 -32767.0 8.380149 -32767.0 -32767.0 29.181425 28.908066 28.590727 28.937126 28.953285 29.27678 29.559397 29.9487 30.561438 31.419846 32.07562 32.29443 32.218163 32.285316 32.415836 32.6011 32.665497 32.684708 33.095936 33.49085 33.673702 33.798317 33.929817 32.34569 -32767.0 -32767.0 32.70617 33.411003 34.041122 34.2199 34.25191 34.368713 34.05054 34.080635 34.08482
-32767.0 -32767.0 -32767.0 -32767.0 -32767.0 -32767.0 -32767.0 -32767.0 -32767.0 -32767.0 -32767.0 -32767.0 -32767.0 -32767.0 -32767.0 -32767.0 -32767.0 -32767.0 -32767.0 -32767.0 -32767.0 -32767.0 -32767.0 18.674929 8.851832 24.497835 26.702127 28.745564 30.338797 31.153162 32.03264 32.45498 32.726437 32.722664 32.742317 32.62844 32.420475 32.455437 32.86759 33.07595 33.198025 33.0488 33.234203 33.489105 33.63213 33.762886 33.97044 34.067127 34.09839 34.07282 33.2598 -32767.0 32.161945 33.80094 34.09565 34.188034 34.37944 34.370144 34.03861 34.027508 34.051395
-32767.0 -32767.0 -32767.0 -32767.0 -32767.0 -32767.0 -32767.0 -32767.0 -32767.0 -32767.0 -32767.0 -32767.0 -32767.0 -32767.0 -32767.0 -32767.0 -32767.0 -32767.0 -32767.0 -32767.0 13.697491 18.898586 19.640833 25.502195 29.48921 -32767.0 31.611376 32.068417 32.591164 32.84024 32.819134 32.683456 32.69781 32.744644 32.737637 32.78557 33.031197 33.23273 33.339653 33.377045 33.381256 33.45611 33.612347 33.72114 33.93668 34.05851 34.12029 34.159966 34.175316 34.224712 33.88219 -32767.0 32.544632 33.93539 34.2261 34.350037 34.378742 34.386147 34.397644 34.1044 34.170937
-32767.0 -32767.0 32.52666 -32767.0 -32767.0 -32767.0 -32767.0 -32767.0 -32767.0 -32767.0 -32767.0 -32767.0 -32767.0 -32767.0 -32767.0 -32767.0 29.92989 -32767.0 26.729153 25.606092 25.946278 29.170263 31.124094 31.599049 32.078003 32.357735 32.562004 32.782127 32.919586 32.84237 32.78115 32.83272 32.942123 33.060986 33.150356 33.212666 33.263214 33.270176 33.33138 33.41411 33.51474 33.663498 33.77414 34.019253 34.0381 34.055622 34.056347 34.10787 34.144444 34.167416 33.99718 33.931366 33.98829 34.26579 34.46611 34.32421 34.40634 34.356285 34.40515 34.3152 34.28063
-32767.0 31.666586 31.859648 31.682484 31.572311 -32767.0 31.745392 31.841885 -32767.0 -32767.0 -32767.0 -32767.0 -32767.0 31.360369 31.874107 32.14501 32.256397 32.412716 31.989382 32.287785 32.75088 29.637856 31.146683 32.562687 32.575703 32.601555 32.89094 33.07547 33.096718 33.04635 32.962147 33.01646 33.14534 33.33157 33.496544 33.554432 33.58661 33.594357 33.619736 33.777157 33.88389 33.859474 34.038662 34.013268 34.036522 34.136894 34.349964 34.242245 34.30779 34.27588 34.205936 34.113415 34.104164 34.18401 34.29699 34.28306 34.412632 34.417336 34.469494 34.51139 34.4277
31.999342 32.26227 32.31649 32.158237 32.126198 32.14127 31.947845 31.829262 -32767.0 -32767.0 -32767.0 32.045918 32.59243 32.87904 33.102505 33.278774 33.40711 33.491657 33.562237 33.484432 33.30177 33.212067 32.79022 32.725605 32.977573 33.19006 33.333298 33.364174 33.30824 33.194954 33.15384 33.311726 33.54196 33.8093 33.84351 33.78044 33.933773 34.018124 33.976665 33.91098 33.89914 34.056084 34.045456 34.065716 34.256916 33.991695 33.75981 33.80813 33.86965 33.98356 34.11258 34.263138 34.31609 34.327923 34.32938 34.306374 34.398327 34.4463 34.51623 34.541695 34.42069
32.623337 32.47795 32.48856 32.422348 32.44566 32.38429 32.286423 -32767.0 -32767.0 31.010944 -32767.0 32.755463 33.163967 33.21449 33.32415 33.52454 33.662918 33.720795 33.72011 33.732258 33.418495 33.151085 33.172535 33.55448 33.65953 33.556435 33.481148 33.44916 33.307045 33.26059 33.439945 33.703316 34.031315 34.05011 33.907894 33.958527 34.011402 33.972637 33.981575 34.032856 34.072235 34.087105 34.122322 34.10087 34.100513 33.75187 33.829075 33.847603 34.07355 34.29443 34.304535 34.291527 34.286766 34.380066 34.348785 34.346684 34.39256 34.43036 34.560314 34.55251 34.30491
32.58255 32.61076 32.64758 32.69521 32.66097 32.53426 32.459694 32.474743 -32767.0 -32767.0 32.729256 32.992023 32.8658 33.102337 33.477383 33.714336 33.71796 33.684048 33.68267 33.727654 33.76371 33.813347 33.82711 33.7274 33.561573 33.391644 33.386116 33.273403 33.28797 33.45119 33.639862 34.0286 34.050594 34.049046 34.01698 34.01873 34.01141 34.105274 34.121853 34.065685 34.09121 34.166466 34.01738 34.289993 33.858242 33.758507 33.81982 33.853344 33.974346 34.350574 34.29519 34.312813 34.41029 34.409935 34.455208 34.431145 34.453438 34.40421 34.55298 34.42551 34.353817
32.63492 32.693764 32.760056 32.810226 32.813828 32.662 32.598007 32.5614 -32767.0 -32767.0 32.86624 32.846645 32.87974 32.99182 33.45485 33.540565 33.542656 33.58298 33.636898 33.83146 33.850414 33.81338 33.737133 33.734825 33.618458 33.381813 33.30004 33.279358 33.478607 33.57528 33.894993 33.916584 33.9701 33.955807 33.97178 34.018524 34.120197 34.137783 34.0873 34.070663 34.140675 34.194656 33.959087 34.04201 34.24647 33.87448 33.8296 33.89849 33.882015 34.349243 34.286633 34.24476 34.2397 34.267563 34.361588 34.384247 -32767.0 34.373173 34.479687 34.365795 34.403683
32.77731 32.822178 32.868362 32.827286 32.88198 32.763874 32.727753 32.6659 32.667522 32.810524 32.844425 32.841698 32.844208 32.900227 33.171295 33.244007 33.44826 33.555546 33.58272 33.80367 33.78854 33.767807 33.79809 33.760628 33.691795 33.495674 33.279007 33.464195 33.61541 33.780834 33.919643 33.76097 33.768555 33.93036 33.940273 34.027893 34.06855 34.110744 34.098705 34.121 34.169773 34.247364 34.06505 33.88254 33.82023 33.795532 33.814354 33.972843 33.87305 34.28176 34.2023 34.16123 34.143127 34.241356 34.282658 34.245285 34.249638 34.271782 34.409546 34.377426 34.377514
33.08469 33.112972 33.05937 32.910698 32.901432 32.891243 32.966324 32.983456 32.90617 -32767.0 -32767.0 -32767.0 32.928318 32.904015 33.052185 33.441998 33.601814 33.59017 33.59386 33.816082 33.811905 33.808407 33.80261 33.80005 33.73376 33.63002 33.51516 33.564957 33.726498 33.814007 33.82196 33.835945 33.801334 33.720943 33.77154 33.94148 33.981598 34.07875 34.107483 34.12948 34.175686 34.28281 34.258236 34.277855 34.249123 34.2007 34.140736 33.948395 33.856052 34.0525 34.147602 34.092102 34.11564 34.159378 34.20656 34.20042 34.19907 34.17748 34.346275 34.40791 34.34397
