static/data/salinity/2023/7/1/6.asc
ncols 137
nrows 93
xllcorner 108.0
yllcorner 17.0
cellsize 0.25
NODATA_value -32767
[rows 0 to 26 of 93, columns 61 to 121 of 137]
-32767.0 -32767.0 -32767.0 -32767.0 -32767.0 -32767.0 -32767.0 -32767.0 -32767.0 -32767.0 -32767.0 -32767.0 -32767.0 -32767.0 -32767.0 -32767.0 -32767.0 -32767.0 -32767.0 32.36037 32.736675 32.84754 33.66573 33.708702 33.77255 33.701897 33.78793 33.903492 33.94607 33.96169 33.916756 33.952217 34.003376 33.894596 33.638206 33.701103 33.735947 33.77368 33.8964 33.82661 33.952526 33.92749 33.836475 33.76196 33.55568 33.480038 33.54952 33.652676 33.596653 33.533844 33.54107 33.584484 33.643208 33.806576 33.940567 33.958958 33.991333 34.066364 34.07867 34.114727 33.98165
30.171083 30.114975 30.057661 29.988985 29.87621 29.743017 29.078476 -32767.0 -32767.0 -32767.0 -32767.0 -32767.0 -32767.0 -32767.0 -32767.0 -32767.0 -32767.0 -32767.0 32.562386 32.428513 32.67468 33.443073 33.584938 33.690716 33.64369 33.634426 33.880165 33.940083 33.92686 33.70283 33.493988 33.819023 33.91765 33.785 33.850975 33.892284 33.670216 33.5669 33.68762 33.907997 33.83304 34.03078 33.84812 33.758995 33.780216 33.77878 33.98752 34.079384 34.054024 33.956997 33.845375 33.819447 33.90328 33.96435 33.967995 34.006447 33.936672 33.989113 34.027264 34.074158 34.114155
30.146568 30.152088 30.105154 30.044054 29.894749 29.623789 29.172546 28.733864 28.104618 -32767.0 -32767.0 -32767.0 -32767.0 -32767.0 -32767.0 -32767.0 -32767.0 -32767.0 32.457535 32.7159 33.40187 33.227077 33.617626 33.566288 33.478733 33.12455 33.117023 33.455196 33.50579 33.21852 33.282566 33.705883 33.900208 33.860416 33.96302 33.715485 33.442516 33.62891 33.69273 33.634815 33.701824 33.91711 33.92971 33.857616 33.90198 34.095833 34.08731 34.071434 34.05294 34.074738 34.055416 34.001854 34.013397 34.00003 33.97984 33.946392 33.9724 34.058277 34.04704 34.05396 34.15045
30.252945 30.480398 30.401758 30.369982 30.250933 29.969206 29.551023 28.932026 28.285515 -32767.0 -32767.0 -32767.0 -32767.0 -32767.0 -32767.0 -32767.0 -32767.0 32.339848 32.801487 32.66287 33.0438 33.15056 33.33218 33.352226 32.5412 32.455128 32.591473 32.63498 32.647915 32.607536 32.6229 33.27537 33.7516 33.877476 33.93288 33.677586 33.4586 33.826763 33.89415 33.876633 33.84288 33.88401 33.874504 33.823196 34.1106 33.99736 34.038525 34.071194 34.083733 34.170097 34.168148 34.005802 34.049652 34.070057 33.99547 33.976566 34.046486 34.081913 34.065067 34.089996 34.15112
30.297941 30.36462 30.39816 30.334564 30.344257 30.20303 29.86676 29.264736 -32767.0 -32767.0 -32767.0 -32767.0 -32767.0 -32767.0 -32767.0 -32767.0 -32767.0 -32767.0 -32767.0 32.95236 33.186493 33.17119 33.055485 32.373943 32.585964 33.431496 33.94847 33.9064 33.097176 33.057198 33.11087 32.90457 33.23916 33.580288 33.607914 33.328247 33.661407 34.12007 34.047802 33.998425 33.976917 33.98274 33.935673 34.080116 34.071564 34.092083 34.14578 34.238247 34.264294 34.14984 34.145344 34.052242 34.132027 34.1405 34.103024 34.01973 33.999557 34.053593 34.09011 34.0878 34.116173
29.901323 29.846355 30.030634 30.143576 30.345917 29.859528 29.634869 28.812809 -32767.0 -32767.0 -32767.0 -32767.0 -32767.0 -32767.0 -32767.0 -32767.0 -32767.0 -32767.0 -32767.0 -32767.0 33.09222 33.102856 32.806152 32.83108 32.731663 33.616745 33.78765 33.79288 33.865425 33.856033 33.77641 33.310734 33.127167 33.299965 33.466923 34.06561 34.115185 34.06516 34.12533 34.071686 34.05475 34.104786 34.07933 34.164227 34.08232 34.086414 34.190357 34.273514 34.33399 34.3169 34.15743 34.048565 34.10993 34.10781 34.144173 34.07564 33.957775 33.976215 33.99606 33.921936 33.835747
29.42343 29.482733 29.631868 29.814865 30.20851 29.880756 29.133726 29.006247 -32767.0 -32767.0 -32767.0 -32767.0 -32767.0 -32767.0 -32767.0 -32767.0 -32767.0 -32767.0 -32767.0 -32767.0 -32767.0 33.1132 32.951637 32.89985 32.848507 32.996017 33.859344 33.530838 33.855972 33.917614 33.822483 33.259827 33.11339 33.35589 34.074516 34.14536 34.046402 34.12673 34.178303 34.15456 34.149715 34.110443 34.304596 34.229763 34.2128 34.076736 34.21504 34.29848 34.369976 34.327824 34.24865 34.089394 34.06659 34.086422 34.139004 34.169605 33.811157 33.833313 33.792606 33.668507 33.65655
29.350481 29.701479 29.751701 29.938086 29.985071 28.660574 28.500967 -32767.0 -32767.0 -32767.0 -32767.0 -32767.0 -32767.0 -32767.0 -32767.0 -32767.0 -32767.0 -32767.0 -32767.0 -32767.0 -32767.0 -32767.0 33.02787 32.985954 33.13632 32.84759 33.3517 33.396286 33.258007 33.908268 33.87647 33.29583 33.293064 33.961952 34.049824 34.065666 34.0035 34.10991 34.13511 34.188232 34.179142 34.166317 34.13806 34.15614 34.16388 34.198975 34.25205 34.321777 34.400894 34.426888 34.377327 34.215126 34.175236 34.167244 34.183968 34.20573 34.03689 33.612793 33.52222 33.58901 33.61134
29.076286 29.30758 29.362122 29.65085 29.680658 28.279186 -32767.0 25.673656 -32767.0 -32767.0 -32767.0 -32767.0 -32767.0 -32767.0 -32767.0 -32767.0 -32767.0 -32767.0 -32767.0 -32767.0 -32767.0 -32767.0 33.072666 33.07672 33.28474 33.075214 32.70971 33.798046 33.260136 33.344555 33.658497 33.56744 33.476643 33.910137 34.091896 34.024788 34.052776 34.185734 34.16552 34.141827 34.194103 34.210793 34.214478 34.221806 34.253826 34.313046 34.341045 34.366367 34.42527 34.43144 34.404778 34.37878 34.379223 34.088078 33.8709 33.907482 33.937893 33.810673 33.794273 33.808388 -32767.0
28.784472 28.85562 28.872297 29.467653 29.73372 29.782711 28.79613 26.444643 23.66615 22.158754 22.903315 21.343843 17.69263 -32767.0 -32767.0 -32767.0 -32767.0 -32767.0 -32767.0 -32767.0 -32767.0 -32767.0 -32767.0 33.12152 33.149773 33.00537 32.898487 33.262085 33.315567 33.074745 33.162956 33.426517 33.98177 34.0555 33.872856 33.939487 33.98889 34.085663 34.094135 34.12426 34.16249 34.20534 34.296074 34.43184 34.352173 34.33181 34.339993 34.39245 34.420296 34.432747 34.272472 34.017788 33.846447 34.0052 34.111855 34.026165 33.96537 33.928207 33.623432 33.268185 33.173145
28.715176 28.79502 29.50288 29.95482 30.232162 30.170704 30.006653 29.637049 28.425407 27.569492 27.423 26.001448 24.720749 -32767.0 -32767.0 -32767.0 -32767.0 -32767.0 -32767.0 -32767.0 -32767.0 -32767.0 -32767.0 -32767.0 33.15045 32.93805 32.684856 32.80197 33.680233 33.566936 33.81669 33.96716 34.047577 34.14085 33.968044 33.90052 33.82628 33.902153 34.016006 34.09478 34.22456 34.30375 34.351704 34.410206 34.40517 34.39008 34.368694 34.412067 34.33117 34.144547 34.056 33.97641 33.990364 34.24673 33.779896 33.826527 -32767.0 33.543427 33.271294 33.216396 33.221634
29.194918 28.885607 29.437895 30.149298 30.516989 30.542145 30.39502 30.138494 29.232594 29.103193 28.554144 28.652575 24.922562 21.466644 18.318384 -32767.0 -32767.0 -32767.0 -32767.0 -32767.0 -32767.0 -32767.0 -32767.0 -32767.0 -32767.0 32.88715 32.714436 32.62636 32.844604 33.4225 34.033554 33.95735 34.04679 34.04429 34.031437 33.81025 33.69556 33.750137 33.809673 33.664062 33.823536 34.1518 34.305126 34.351597 34.40588 34.39254 34.365128 34.40029 34.28266 34.123978 34.059742 33.90847 33.863518 33.598022 -32767.0 -32767.0 32.937737 33.247597 33.25373 32.72804 32.303883
29.35131 29.221617 29.40973 30.137321 30.105011 30.393364 30.61572 30.274532 29.521858 29.671492 29.214846 28.955465 27.154732 -32767.0 18.075844 -32767.0 -32767.0 -32767.0 -32767.0 -32767.0 -32767.0 -32767.0 -32767.0 -32767.0 -32767.0 32.72392 32.89596 33.263065 33.24574 33.175198 33.36521 33.642014 33.92421 34.037544 34.048843 34.089252 33.965004 33.918797 33.976162 33.790436 33.689247 34.00553 34.268124 34.332806 34.348 34.37215 34.390434 34.38881 34.2633 33.934532 33.779144 33.828663 33.72786 33.925774 -32767.0 33.372868 33.455956 32.707096 -32767.0 -32767.0 -32767.0
29.374825 29.470055 29.437962 29.902605 30.780005 30.84046 30.781986 30.651175 30.263794 30.361652 29.976305 29.124758 -32767.0 -32767.0 -32767.0 -32767.0 -32767.0 -32767.0 -32767.0 -32767.0 -32767.0 -32767.0 -32767.0 -32767.0 -32767.0 32.851383 33.008068 32.96397 33.569912 33.672356 33.632427 33.822063 33.78447 33.733685 33.795094 33.893276 33.96048 34.026646 34.00847 33.76452 33.78478 33.81989 33.99235 34.137367 34.239574 34.302643 34.336956 34.305443 34.06208 33.966145 33.907303 34.05781 33.95291 33.636414 33.410553 -32767.0 33.076443 -32767.0 -32767.0 -32767.0 -32767.0
29.515352 30.231361 30.675259 30.990011 31.190308 31.259254 31.276514 31.05399 30.862616 30.444847 30.126026 29.274841 29.039665 -32767.0 -32767.0 -32767.0 -32767.0 -32767.0 -32767.0 -32767.0 -32767.0 -32767.0 -32767.0 -32767.0 -32767.0 32.66122 32.76346 32.90795 33.61453 33.592625 33.613716 33.718174 33.95137 34.005024 33.808628 33.726414 33.70538 33.786877 33.72652 33.71896 33.788494 33.93052 33.95054 34.011257 34.27487 34.316795 34.33733 34.27462 34.161407 34.019394 33.972843 34.010662 33.794445 33.205833 -32767.0 -32767.0 -32767.0 -32767.0 -32767.0 -32767.0 -32767.0
29.48267 29.99679 30.453728 30.501574 30.617117 30.893631 31.367159 31.233204 30.829443 30.693983 30.449623 29.491638 28.961124 27.968761 -32767.0 -32767.0 -32767.0 -32767.0 -32767.0 -32767.0 -32767.0 -32767.0 -32767.0 -32767.0 -32767.0 32.016468 32.595203 32.405216 33.395885 33.684586 33.668507 33.71658 33.712883 33.88622 33.876427 33.79991 33.80922 33.617393 33.65634 33.76017 -32767.0 34.030014 33.988297 34.15946 34.29315 34.255592 34.238125 34.16966 33.95432 33.92127 34.045494 33.69731 -32767.0 -32767.0 -32767.0 -32767.0 -32767.0 -32767.0 -32767.0 -32767.0 -32767.0
29.716017 30.073523 30.297773 30.332186 30.543447 31.281267 31.71883 31.532427 31.174969 30.716257 30.683918 30.28486 29.225124 26.849953 -32767.0 -32767.0 -32767.0 -32767.0 -32767.0 -32767.0 -32767.0 -32767.0 -32767.0 -32767.0 -32767.0 -32767.0 32.179893 32.068027 32.52629 33.31967 33.745026 33.7566 33.6854 33.675724 33.629936 33.607407 33.68358 33.71096 33.68712 33.922287 34.072357 34.11539 34.05041 34.21098 34.13814 34.04355 34.01029 33.943146 33.952995 34.005775 33.960594 33.4643 -32767.0 -32767.0 -32767.0 -32767.0 -32767.0 -32767.0 -32767.0 -32767.0 -32767.0
30.019136 30.425714 30.65418 30.75277 30.981709 31.55968 31.929625 31.966583 31.971365 31.910744 31.016447 29.959469 29.374619 25.804903 25.45757 -32767.0 -32767.0 -32767.0 -32767.0 -32767.0 -32767.0 -32767.0 -32767.0 -32767.0 -32767.0 33.42038 31.790543 32.249413 32.458763 32.864117 33.558495 33.690052 33.754498 33.79626 33.71056 33.659103 33.58334 33.603745 33.715366 33.73196 33.740883 33.78348 33.887104 33.94077 33.86243 33.832737 33.767082 33.682247 -32767.0 33.50873 33.122437 31.984062 -32767.0 -32767.0 -32767.0 -32767.0 -32767.0 -32767.0 -32767.0 -32767.0 -32767.0
31.086775 31.259972 31.373182 31.212133 31.30505 31.370474 31.819305 32.215553 32.285122 32.007248 31.154026 30.035456 26.662842 25.525352 -32767.0 -32767.0 -32767.0 -32767.0 -32767.0 -32767.0 -32767.0 -32767.0 -32767.0 -32767.0 -32767.0 32.687992 31.616112 32.437737 33.32598 33.275135 33.390217 33.609047 33.65538 33.716316 33.83084 33.66546 33.66581 33.66998 33.731785 -32767.0 -32767.0 33.715996 33.643517 -32767.0 -32767.0 -32767.0 -32767.0 -32767.0 -32767.0 -32767.0 -32767.0 -32767.0 -32767.0 -32767.0 -32767.0 -32767.0 -32767.0 -32767.0 -32767.0 -32767.0 -32767.0
30.930378 31.38299 31.7541 31.738358 31.45176 31.70822 31.944084 31.977798 31.935873 31.790003 30.215677 29.435852 24.927755 -32767.0 -32767.0 -32767.0 -32767.0 -32767.0 -32767.0 -32767.0 -32767.0 -32767.0 -32767.0 -32767.0 32.834343 31.378437 31.272423 31.806837 33.10115 33.587677 33.460114 33.523384 33.573467 33.54433 33.59663 33.492626 33.523617 33.524803 -32767.0 -32767.0 -32767.0 -32767.0 -32767.0 -32767.0 -32767.0 -32767.0 -32767.0 -32767.0 -32767.0 -32767.0 -32767.0 -32767.0 -32767.0 -32767.0 -32767.0 -32767.0 -32767.0 -32767.0 -32767.0 -32767.0 -32767.0
30.884727 31.461658 31.753216 31.66092 31.631445 31.714796 31.755787 31.815151 31.89746 31.97424 30.788567 28.948347 22.364891 -32767.0 -32767.0 -32767.0 -32767.0 -32767.0 -32767.0 -32767.0 -32767.0 31.417654 31.361687 31.934618 31.069761 32.14361 31.50939 31.826786 32.43421 32.78245 33.18308 33.33907 33.384617 33.43012 33.314056 33.302635 -32767.0 -32767.0 -32767.0 -32767.0 -32767.0 -32767.0 -32767.0 -32767.0 -32767.0 -32767.0 -32767.0 -32767.0 -32767.0 -32767.0 -32767.0 -32767.0 -32767.0 -32767.0 29.977367 -32767.0 -32767.0 -32767.0 -32767.0 -32767.0 -32767.0
30.406708 30.825697 30.899714 30.781322 30.98138 31.47501 31.804417 31.954962 31.938782 31.92884 31.225264 29.439081 28.617191 -32767.0 -32767.0 -32767.0 -32767.0 28.91626 31.461971 30.862955 30.958794 31.304155 31.379606 30.988968 32.13508 32.307068 32.04865 33.227745 32.98924 32.92627 32.84056 33.046997 33.27383 33.277985 33.17962 -32767.0 -32767.0 -32767.0 -32767.0 -32767.0 -32767.0 -32767.0 -32767.0 -32767.0 -32767.0 30.374138 30.36274 -32767.0 -32767.0 -32767.0 -32767.0 -32767.0 -32767.0 -32767.0 29.751253 -32767.0 -32767.0 -32767.0 -32767.0 -32767.0 34.012417
30.230957 30.471138 30.75261 31.18546 31.372673 31.499094 32.08143 32.136982 32.066826 31.758406 31.02655 29.182713 -32767.0 29.257109 -32767.0 30.502123 -32767.0 30.230095 -32767.0 31.202017 31.182554 31.318016 31.18023 31.398466 32.493362 32.28869 32.340935 32.62049 32.511333 32.187073 32.661957 32.87307 32.9715 -32767.0 -32767.0 -32767.0 -32767.0 -32767.0 -32767.0 -32767.0 -32767.0 31.49048 31.337091 31.275705 31.004782 30.779148 30.780365 30.29399 30.585796 -32767.0 -32767.0 -32767.0 -32767.0 -32767.0 30.39781 30.840015 32.9873 33.782696 33.978386 33.91679 33.991035
30.174078 30.521795 30.940449 31.239637 31.512934 31.870472 32.011116 31.784746 31.87593 31.76518 31.388685 31.30077 30.530394 30.514303 30.30789 30.398012 30.411926 30.578287 30.650429 31.035774 31.091965 31.507828 31.76918 32.60463 -32767.0 32.20061 32.660343 32.68846 32.68289 32.95943 33.236874 -32767.0 -32767.0 -32767.0 -32767.0 -32767.0 30.54721 30.762232 32.13304 31.861626 31.151775 31.071566 31.33317 -32767.0 -32767.0 30.632744 31.4074 32.081146 -32767.0 -32767.0 -32767.0 -32767.0 -32767.0 33.953087 34.180317 34.275223 34.17928 34.201878 34.23724 34.236355 34.24447
30.870565 30.842094 30.84245 30.868967 30.928602 31.058586 31.348001 31.736692 32.201225 32.21017 32.220768 31.926052 31.298143 31.10951 31.234985 31.317053 31.211018 30.589989 31.665565 31.69582 31.964577 33.04455 32.981083 32.995056 33.052147 33.009235 33.195595 33.216057 33.357933 33.53756 32.97898 31.784723 -32767.0 30.579908 30.50078 -32767.0 30.637957 31.476871 31.711329 -32767.0 30.48515 30.739534 -32767.0 -32767.0 -32767.0 -32767.0 31.459549 32.921448 -32767.0 -32767.0 -32767.0 -32767.0 34.24486 34.183826 34.15699 34.227436 34.237614 34.408695 34.484898 34.47926 34.424088
30.097279 30.296907 30.531004 30.407188 30.557974 30.799374 31.239416 31.43415 31.66702 31.852324 32.086143 32.14021 32.163895 32.4016 32.520405 32.382416 31.845568 32.302303 32.44398 32.48476 32.84575 33.051003 32.969963 33.234306 33.41099 33.525578 -32767.0 33.61234 33.559353 -32767.0 -32767.0 32.262756 31.64788 31.41751 31.196526 31.264177 32.273533 32.809456 -32767.0 -32767.0 -32767.0 -32767.0 -32767.0 -32767.0 -32767.0 -32767.0 31.742052 32.785652 33.02581 -32767.0 -32767.0 34.421658 34.210022 34.142757 34.205597 34.201427 34.359962 34.542553 34.5435 34.51188 34.478092
30.255533 30.35087 30.356405 30.044487 30.468363 30.767916 31.01588 31.342669 31.804626 32.393635 32.787167 32.888393 32.757336 -32767.0 -32767.0 32.176987 32.99044 33.04879 33.220757 33.36045 33.38222 33.33206 33.339043 33.615192 33.67822 33.742966 33.411278 33.066746 -32767.0 -32767.0 -32767.0 -32767.0 -32767.0 -32767.0 31.309248 32.404854 33.194424 -32767.0 -32767.0 -32767.0 -32767.0 -32767.0 32.586185 -32767.0 33.589203 33.335285 33.697784 33.717957 33.689175 33.548256 -32767.0 34.415825 34.165886 34.110107 34.214386 34.198902 34.335777 34.534035 34.505745 34.4678 34.45127
