static/data/pressure/2023/7/20/0.asc
ncols 137
nrows 93
xllcorner 108.0
yllcorner 17.0
cellsize 0.25
NODATA_value -32767
[rows 38 to 56 of 93, columns 0 to 42 of 137]
100.83883792326004 100.87114412776769 100.94288555956541 101.0188683087147 101.09764852250012 101.10333369256712 101.05216716196422 101.01814638235699 101.04215043375093 101.05090379083822 101.0393529691148 100.98863764248547 100.81808254047579 100.72739054178811 100.69111374231304 100.68515784986191 100.67838979025835 100.68660170257733 100.69111374231304 100.68985037118705 100.68533833145133 100.6940916885386 100.70591323264615 100.71863718470084 100.72838319052997 100.73063921039783 100.74011449384281 100.74489725596266 100.75762120801734 100.78388127927914 100.82160193146964 100.86058595478615 100.86383462339586 100.83712334816047 100.79786860245984 100.77891803556987 100.78216670417957 100.79913197358584 100.82836999107322 100.86266149306458 100.87141485015184 100.8731294252514 100.87213677650955
100.84362068537989 100.95389493652053 101.07364447110616 101.10685308356095 101.07635169494759 101.0451283799765 101.01011495162743 101.016883011231 101.085375774419 101.08564649680315 101.06037907428319 100.99333016381061 100.87764146498712 100.77991068431173 100.70862045648758 100.68308231158348 100.67658497436408 100.68389447873591 100.68985037118705 100.6901210935712 100.69237711343904 100.69734035714832 100.70437913913601 100.71764453595898 100.72639789304627 100.73262450788152 100.74237051371065 100.7516653155662 100.7528384458975 100.76014795026934 100.78640802153114 100.81311929676653 100.81808254047579 100.78712994788886 100.77413527345003 100.7816252594113 100.80815605305725 100.84786200273146 100.88287543108054 100.91815958181374 100.92835679161645 100.92691293890103 100.92510812300674
100.91283537492562 101.02662901706012 101.07887843719959 101.05740112805762 101.02608757229183 101.02437299719226 101.014356268979 101.04837704858622 101.06913243137046 101.0533402922955 101.00361761440801 100.92709342049045 100.8296333621992 100.76258445172662 100.70636443661972 100.68362375635176 100.67784834549008 100.68362375635176 100.68858700006105 100.69111374231304 100.69264783582318 100.69661843079061 100.70564251026201 100.72134440854227 100.72991728404011 100.73641462125953 100.74688255344637 100.76339661887906 100.77359382868174 100.7689013073566 100.75933578311691 100.77260117993988 100.77214997596631 100.75717000404377 100.77034516007203 100.81609724299209 100.855893433461 100.89984070048679 100.92258138075474 100.93738087108785 100.9261007717486 100.9191522305556 100.91563283956177
101.02689973944426 101.01616108487327 101.02410227480811 101.00840037652786 100.99937629705646 100.99233751506875 100.99766172195689 101.02365107083455 100.98159886049777 100.97483080089421 100.93665894473014 100.87637809386112 100.782347185769 100.73984377145867 100.70338649039415 100.6819091812522 100.6781190678742 100.68263110760991 100.68687242496148 100.69264783582318 100.69562578204875 100.70816925251401 100.72116392695284 100.74209979132651 100.75437253940763 100.76691600987289 100.78388127927914 100.79741739848627 100.79389800749242 100.78460320563686 100.77684249729145 100.77485719980774 100.77386455106588 100.76565263874689 100.78938596775671 100.82864071345735 100.85941282445486 100.89659203187708 100.9261007717486 100.94712687691698 100.93738087108785 100.92086680565517 100.91491091320405
101.01291241626357 101.00208352089788 100.9945935349366 101.0009103905666 100.98466704751806 100.96391166473381 100.96914563082721 100.96309949758138 100.91436946843577 100.90715020485862 100.8941555304198 100.83360395716662 100.78090333305359 100.73587317649124 100.70058902575802 100.68660170257733 100.68290182999405 100.68037508774206 100.68308231158348 100.69066253833947 100.70934238284529 100.72188585331055 100.76213324775306 100.79010789411443 100.80490738444753 100.8354087730609 100.85210332008302 100.83865744167062 100.82015807875422 100.80183919742726 100.78189598179544 100.78009116590115 100.77991068431173 100.77612057093374 100.79489065623427 100.80959990577267 100.84064273915432 100.86834666313155 100.8954189015458 100.9204156016816 100.94487085704912 100.92835679161645 100.93034208910017
101.00686628301771 100.9900814952009 100.98764499374361 101.00758820937543 100.9593996249981 100.93783207506142 100.92438619664902 100.91662548830362 100.8896434906841 100.88341687584882 100.87087340538355 100.83910864564419 100.79092006126685 100.73262450788152 100.70266456403644 100.68912844482934 100.68461640509362 100.68163845886805 100.68236038522576 100.6908430199289 100.71114719873958 100.75184579715564 100.79461993385013 100.8410939431279 100.85065946736759 100.88061941121268 100.88016820723911 100.86563943929015 100.8724074988937 100.83333323478247 100.81086327689867 100.76808914020417 100.76709649146231 100.77260117993988 100.78758115186243 100.80111727106954 100.81988735637007 100.84759128034732 100.85435933995088 100.88413880220652 100.91238417095205 100.92583004936445 100.93034208910017
101.02265842209269 101.00614435666 100.99287895983703 101.004880985534 100.94162218843942 100.9095867063159 100.89614082790351 100.89758468061893 100.88937276829995 100.8883801195581 100.86311269703815 100.83116745570935 100.79037861649857 100.72865391291411 100.70591323264615 100.69734035714832 100.69264783582318 100.68633098019319 100.68741386972977 100.6953550596646 100.71638116483298 100.75689928165963 100.80716340431539 100.86212004829629 100.86690281041612 100.865368716906 100.86491751293242 100.88865084194224 100.92835679161645 100.8769195386294 100.81663868776036 100.77359382868174 100.76384782285263 100.77115732722446 100.78839331901486 100.8021099198114 100.82115072749608 100.84262803663803 100.84262803663803 100.88188278233868 100.90110407161278 100.91464019081991 100.89866757015551
101.0418797113668 101.01814638235699 100.99062293996919 100.99513497970489 100.9261007717486 100.89063613942595 100.88684602604795 100.89641155028765 100.89911877412908 100.88134133757039 100.85083994895702 100.8354087730609 100.79714667610213 100.75662855927548 100.72838319052997 100.71737381357484 100.70212311926817 100.69661843079061 100.6940916885386 100.70762780774572 100.72838319052997 100.76041867265349 100.8053585884211 100.85562271107686 100.88034868882855 100.88386807982239 100.88738747081624 100.91888150817145 100.92258138075474 100.84714007637375 100.79489065623427 100.78415200166329 100.78009116590115 100.784873928021 100.79841004722813 100.81059255451453 100.8263846935895 100.8468693539896 100.86915883028398 100.93016160751073 100.9273641428746 100.90408201783835 100.86988075664169
101.02635829467597 101.0009103905666 100.9741088745365 100.98159886049777 100.92537884539088 100.9101281510842 100.91066959585248 100.89839684777137 100.8693393118734 100.84136466551205 100.8410939431279 100.8456059828636 100.84885465147332 100.8296333621992 100.78433248325271 100.75590663291777 100.73262450788152 100.71141792112373 100.70383769436773 100.72287850205241 100.7451679783468 100.77566936696017 100.81158520325639 100.86040547319672 100.90615755611677 100.91761813704547 100.90760140883219 100.87791218737125 100.83062601094106 100.78333983451085 100.77909851715931 100.78135453702716 100.78640802153114 100.79687595371799 100.81158520325639 100.82611397120536 100.84289875902218 100.85760800856058 100.86491751293242 100.89487745677751 100.8896434906841 100.88558265492195 100.9273641428746
101.00533218950758 100.98412560274977 100.99089366235333 101.01011495162743 100.95389493652053 100.94811952565884 100.92962016274245 100.87962676247082 100.83062601094106 100.84659863160546 100.87159533174126 100.8903654170418 100.89334336326736 100.8724074988937 100.85508126630859 100.83360395716662 100.79534186020784 100.74986049967193 100.7310904143714 100.73740727000138 100.74588990470451 100.76465999000504 100.79561258259199 100.83838671928648 100.87511472273512 100.865368716906 100.8321601044512 100.79588330497613 100.78388127927914 100.78460320563686 100.79092006126685 100.79489065623427 100.79913197358584 100.8148338718661 100.8238579513375 100.8308967333252 100.84136466551205 100.854630062335 100.86591016167428 100.90083334922863 100.92808606923231 100.96409214632324 101.02960696328569
100.97239429943693 100.9715821322845 101.01038567401157 101.04783560381793 100.95714360513024 100.9344029248623 100.90191623876521 100.85237404246716 100.82015807875422 100.83685262577633 100.86239077068043 100.88287543108054 100.88513145094838 100.84533526047946 100.85760800856058 100.84362068537989 100.80590003318939 100.75635783689134 100.74291195847894 100.73839991874324 100.74859712854592 100.76989395609846 100.79859052881756 100.80815605305725 100.82683589756307 100.8296333621992 100.8213312090855 100.80310256855326 100.7988612512017 100.79588330497613 100.80860725703081 100.81835326285993 100.82115072749608 100.82060928272779 100.84010129438605 100.86338341942229 100.90336009148064 100.94108074367114 101.01164904513757 101.06083027825676 101.06958363534405 101.04115778500908 101.03989441388309
100.96165564486596 100.94315628194956 100.98340367639206 100.98060621175593 100.92014487929745 100.88810939717395 100.88585337730609 100.85336669120902 100.84037201677019 100.85914210207072 100.90011142287094 100.9606629961241 100.92411547426488 100.84488405650589 100.82683589756307 100.80590003318939 100.76484047159448 100.74489725596266 100.7484166469565 100.74309244006837 100.74760447980408 100.76159180298477 100.78090333305359 100.79841004722813 100.83486732829262 100.86509799452186 100.84136466551205 100.81663868776036 100.80391473570567 100.80409521729511 100.82864071345735 100.8398305720019 100.84163538789618 100.84858392908917 100.86663208803199 100.89388480803565 100.95091699029498 101.03213370553767 101.08934636938642 101.09458033547985 101.05640847931576 101.02283890368211 101.00009822341417
100.98259150923963 100.97365767056293 100.9766356167885 100.94487085704912 100.90065286763922 100.88765819320038 100.87989748485496 100.84533526047946 100.86040547319672 100.88937276829995 100.95759480910381 101.0009103905666 100.92240089916531 100.8526447648513 100.82791878709963 100.80815605305725 100.77909851715931 100.76258445172662 100.76339661887906 100.75933578311691 100.75265796430806 100.76565263874689 100.8053585884211 100.84533526047946 100.89108734339952 100.88513145094838 100.85562271107686 100.82241409862208 100.80716340431539 100.82340674736393 100.83811599690233 100.85408861756673 100.90588683373262 100.91238417095205 100.89884805174493 100.90859405757405 100.96165564486596 101.02265842209269 101.05713040567348 101.0246437195764 100.97961356301407 100.98313295400791 100.98087693414006
100.99215703347932 100.98286223162377 100.9568728827461 100.92583004936445 100.91039887346834 100.89740419902951 100.86789545915798 100.84163538789618 100.86563943929015 100.91987415691331 100.98665234500176 100.93359075770987 100.85616415584515 100.82683589756307 100.83513805067676 100.81537531663439 100.79335656272413 100.77765466444387 100.77359382868174 100.77133780881388 100.76610384272047 100.7906493388827 100.83116745570935 100.88386807982239 100.90308936909649 100.87538544511926 100.84786200273146 100.81537531663439 100.81862398524407 100.83360395716662 100.84741079875789 100.89713347664537 100.94739759930113 100.94261483718127 100.92709342049045 100.93810279744557 100.9983836483146 101.03339707666368 101.01616108487327 100.98484752910748 100.96616768460166 100.96661888857524 100.97762826553036
100.97591369043079 100.97013827956907 100.9465854321487 100.93738087108785 100.92185945439702 100.89235071452552 100.85860065730243 100.84533526047946 100.88738747081624 100.94162218843942 100.9273641428746 100.85562271107686 100.8225945802115 100.83640142180276 100.8410939431279 100.81438266789253 100.79209319159814 100.77684249729145 100.77034516007203 100.77088660484031 100.78938596775671 100.81384122312424 100.83613069941862 100.88558265492195 100.89388480803565 100.86509799452186 100.84262803663803 100.81988735637007 100.82313602497979 100.8481327251156 100.87484400035098 100.9421636332077 100.96409214632324 100.95912890261395 100.96364094234967 100.98484752910748 101.04233091534037 101.04666247348665 101.02735094341783 101.00433954076573 100.98565969625992 100.99089366235333 101.01408554659486
100.96589696221753 100.97212357705278 100.96661888857524 100.95786553148795 100.92537884539088 100.88865084194224 100.86509799452186 100.86961003425755 100.90715020485862 100.92664221651688 100.90985742870005 100.87809266896069 100.87908531770255 100.87791218737125 100.8213312090855 100.79489065623427 100.78758115186243 100.77287190232403 100.76213324775306 100.77287190232403 100.8008465486854 100.81763133650222 100.83739407054462 100.8941555304198 100.93864424221385 100.91166224459434 100.855893433461 100.83134793729877 100.85787873094472 100.88612409969024 100.93286883135215 100.98313295400791 100.98737427135947 100.97564296804664 100.98159886049777 101.02383155242397 101.06164244540919 101.05713040567348 101.04287236010865 101.01959023507241 100.99811292593046 101.00641507904415 101.05586703454748
100.99062293996919 101.02265842209269 101.00461026314987 100.97185285466864 100.9344029248623 100.90209672035463 100.88314615346468 100.89713347664537 100.95209012062625 100.96688961095937 100.95010482314255 100.93990761333986 100.95786553148795 100.86961003425755 100.7975978800757 100.79660523133384 100.79561258259199 100.78640802153114 100.77612057093374 100.79236391398227 100.81763133650222 100.83035528855692 100.87890483611311 100.94487085704912 101.0438650088505 100.94712687691698 100.87358062922497 100.86563943929015 100.90191623876521 100.94487085704912 100.99035221758504 101.00758820937543 100.99116438473746 100.98737427135947 101.01787565997284 101.06037907428319 101.06759833786033 101.05433294103734 101.04341380487693 101.03466044778968 101.01110760036929 101.00190303930846 101.04215043375093
101.00858085811728 101.0246437195764 100.99035221758504 100.96409214632324 100.95840697625624 100.94135146605528 100.90137479399692 100.93241762737858 101.02762166580197 101.06958363534405 101.04684295507607 100.99387160857889 100.96535551744924 100.82809926868907 100.79335656272413 100.81835326285993 100.85210332008302 100.84840344749975 100.83838671928648 100.82836999107322 100.83062601094106 100.86139812193858 100.93990761333986 101.05884498077305 101.13491797071705 100.96716033334351 100.89235071452552 100.8928921592938 100.9178888594296 100.937651593472 100.9650847950651 100.96941635321136 100.97040900195321 100.99991774182475 101.03709694924694 101.05839377679948 101.05108427242764 101.03339707666368 101.05965714792548 101.0661544851449 101.05009162368579 101.0315922607694 101.03312635427953
100.95885818022981 100.94965361916898 100.93241762737858 100.92583004936445 100.93665894473014 100.94811952565884 100.91933271214502 100.94360748592312 101.04314308249279 101.09512178024812 101.06083027825676 100.9663481661911 100.8903654170418 100.8354087730609 100.86437606816415 100.93512485122 100.96688961095937 100.91861078578731 100.88061941121268 100.86338341942229 100.85490078471915 100.90633803770619 101.02265842209269 101.15161251773917 101.162080449926 100.99739099957274 100.92014487929745 100.90363081386478 100.9139182644622 100.92916895876887 100.95416565890467 100.96165564486596 100.99639835083089 101.04034561785666 101.07463711984802 101.08483432965072 101.06633496673433 101.05938642554133 101.1031532109777 101.10811645468695 101.08835372064456 101.08709034951858 101.1031532109777
