static/data/pressure/2023/7/20/12.asc
ncols 137
nrows 93
xllcorner 108.0
yllcorner 17.0
cellsize 0.25
NODATA_value -32767
[rows 57 to 75 of 93, columns 86 to 128 of 137]
101.11127488250195 101.11208704965438 101.11253825362795 101.11280897601209 101.11705029336366 101.1173210157478 101.11984775799979 101.12102088833109 101.12129161071522 101.12228425945707 101.12129161071522 101.12002823958923 101.11804294210552 101.11578692223766 101.11335042078038 101.11109440091252 101.10883838104466 101.10856765866052 101.10802621389224 101.10883838104466 101.11055295614423 101.11208704965438 101.11452355111166 101.11659908939009 101.12002823958923 101.12481100170906 101.13031569018663 101.13753495376376 101.14556638449332 101.1537782968123 101.16253165389956 101.17056308462914 101.17778234820625 101.18527233416754 101.19131846741337 101.19781580463278 101.2035912154945 101.20882518158791 101.21478107403904 101.22055648490075 101.22660261814659 101.23355115933958 101.24104114530084
101.10757500991868 101.10928958501825 101.11154560488609 101.11253825362795 101.11506499587995 101.1160576446218 101.1173210157478 101.11759173813195 101.11777221972137 101.11804294210552 101.11705029336366 101.11578692223766 101.11380162475395 101.11127488250195 101.10956030740238 101.1078457323028 101.10703356515039 101.10703356515039 101.10658236117682 101.10757500991868 101.1090188626341 101.11010175217066 101.11307969839623 101.11560644064824 101.12056968435752 101.12580365045092 101.13356435879635 101.14177627111532 101.14980770184488 101.15883178131628 101.16677297125113 101.17381175323882 101.18085053522654 101.18608450131995 101.19077702264508 101.1965524335068 101.20133519562664 101.20656916172005 101.21234457258176 101.21802974264875 101.22506852463644 101.23255851059773 101.24104114530084
101.10360441495126 101.10531899005082 101.10757500991868 101.10928958501825 101.11127488250195 101.11280897601209 101.11335042078038 101.11335042078038 101.11280897601209 101.1122675312438 101.11055295614423 101.10983102978652 101.10829693627639 101.10757500991868 101.10604091640853 101.10631163879268 101.10577019402439 101.10558971243496 101.10558971243496 101.10631163879268 101.10757500991868 101.1090188626341 101.11335042078038 101.1173210157478 101.1230964266095 101.13004496780249 101.1378056761479 101.14628831085103 101.1537782968123 101.162080449926 101.16803634237714 101.17480440198068 101.18003836807411 101.1850918525781 101.18933316992965 101.19483785840723 101.1998011021165 101.20557651297821 101.2113519238399 101.21784926105933 101.22551972861001 101.23328043695544 101.24302644278455
101.0988216528314 101.10053622793097 101.10252152541469 101.10432634130898 101.10604091640853 101.10703356515039 101.10757500991868 101.10829693627639 101.10757500991868 101.10685308356095 101.10658236117682 101.10558971243496 101.10531899005082 101.1045970636931 101.10360441495126 101.10378489654069 101.10306297018298 101.10333369256712 101.10333369256712 101.10504826766667 101.10658236117682 101.1102822337601 101.11560644064824 101.12056968435752 101.12751822555049 101.13455700753819 101.14078362237346 101.14881505310302 101.15531239032244 101.16253165389956 101.16830706476128 101.17408247562297 101.1793164417164 101.18355775906797 101.18834052118781 101.19357448728123 101.19880845337464 101.20458386423635 101.21153240542932 101.2183004650329 101.22633189576244 101.23481453046557 101.2445605362947
101.09133166687013 101.09376816832741 101.09584370660583 101.09828020806312 101.10053622793097 101.10152887667283 101.10234104382526 101.10306297018298 101.10378489654069 101.10306297018298 101.10405561892483 101.10306297018298 101.10279224779883 101.10207032144112 101.10107767269926 101.10107767269926 101.10053622793097 101.10152887667283 101.10306297018298 101.10477754528253 101.1090188626341 101.11335042078038 101.11903559084737 101.12426955694077 101.13103761654435 101.13627158263776 101.14258843826775 101.14854433071888 101.1543197415806 101.16108780118414 101.16731441601942 101.17281910449697 101.17859451535868 101.18283583271025 101.18852100277724 101.19384520966537 101.19934989814293 101.20557651297821 101.21252505417118 101.2195638361589 101.2273245445043 101.23607790159157 101.24510198106299
101.0840221624983 101.08654890475029 101.09006829574413 101.0930462419697 101.09503153945342 101.09728755932127 101.09855093044726 101.1000850239574 101.10080695031512 101.10107767269926 101.10179959905697 101.10080695031512 101.10080695031512 101.1000850239574 101.09981430157326 101.09981430157326 101.1000850239574 101.10252152541469 101.10477754528253 101.10883838104466 101.11307969839623 101.11677957097952 101.12210377786764 101.12679629919278 101.13157906131264 101.13681302740605 101.14177627111532 101.14755168197702 101.15278564807045 101.15955370767401 101.16578032250928 101.17254838211282 101.17832379297454 101.18355775906797 101.18978437390322 101.19555978476494 101.2023278443685 101.20828373681962 101.21405914768133 101.22127841125847 101.2285879156303 101.23679982794928 101.24555318503656
101.07806627004716 101.08230758739873 101.08609770077672 101.08979757335999 101.09133166687013 101.09403889071156 101.09602418819527 101.0975582817054 101.0988216528314 101.09954357918912 101.09981430157326 101.09954357918912 101.09927285680497 101.09909237521555 101.0988216528314 101.1013483950834 101.10252152541469 101.10577019402439 101.10883838104466 101.11280897601209 101.11632836700595 101.11930631323152 101.12327690819892 101.12652557680863 101.13130833892849 101.13609110104834 101.1410543447576 101.14655903323518 101.15260516648102 101.15955370767401 101.16659248966171 101.17327030847055 101.18003836807411 101.18608450131995 101.19231111615522 101.19880845337464 101.20503506820992 101.21108120145576 101.21685661231747 101.22254178238447 101.22958056437216 101.23734127271757 101.24510198106299
101.0732835079273 101.07752482527887 101.08203686501459 101.08627818236614 101.08979757335999 101.09277551958556 101.09458033547985 101.09656563296355 101.0975582817054 101.0975582817054 101.0975582817054 101.09683635534769 101.09809972647369 101.09909237521555 101.10080695031512 101.10378489654069 101.10685308356095 101.11082367852838 101.11280897601209 101.11560644064824 101.1185843868738 101.12102088833109 101.12426955694077 101.12679629919278 101.13184978369678 101.13627158263776 101.1415957895259 101.14755168197702 101.15332709283874 101.16009515244228 101.16758513840357 101.17507512436482 101.18202366555782 101.18879172516138 101.1952890623808 101.20259856675264 101.20828373681962 101.21432987006547 101.22028576251661 101.22579045099415 101.23228778821358 101.23905584781714 101.24627511139427
101.06958363534405 101.07508832382159 101.07932964117316 101.08330023614059 101.08627818236614 101.08907564700228 101.09106094448599 101.0930462419697 101.0943096130957 101.09485105786398 101.09656563296355 101.0975582817054 101.1000850239574 101.10179959905697 101.10360441495126 101.10577019402439 101.10802621389224 101.11082367852838 101.11253825362795 101.11533571826409 101.11804294210552 101.12002823958923 101.12354763058306 101.12733774396106 101.13230098767035 101.13753495376376 101.14303964224132 101.14935649787131 101.15558311270658 101.163343821052 101.170292362245 101.17760186661683 101.1850918525781 101.19231111615522 101.1985377309905 101.20530579059407 101.2113519238399 101.21730781629104 101.22335394953687 101.22903911960387 101.23580717920743 101.24185331245327 101.24835064967269
101.06507159560833 101.06904219057576 101.07310302633788 101.07806627004716 101.08185638342515 101.08582697839257 101.08835372064456 101.09033901812828 101.09205359322785 101.09358768673799 101.09503153945342 101.09602418819527 101.09828020806312 101.1000850239574 101.10234104382526 101.10504826766667 101.10631163879268 101.10883838104466 101.11082367852838 101.1135309023698 101.11659908939009 101.11957703561566 101.1238183529672 101.12805967031878 101.1332936364122 101.13952025124746 101.14601758846689 101.15332709283874 101.16009515244228 101.16803634237714 101.17453367959654 101.18103101681596 101.18734787244595 101.19357448728123 101.20052302847421 101.20702036569362 101.21405914768133 101.22127841125847 101.22777574847787 101.2342730856973 101.24104114530084 101.24681655616256 101.25259196702426
101.05956690713076 101.06407894686647 101.06832026421804 101.07355423031144 101.07680289892116 101.08131493865687 101.08384168090886 101.08681962713443 101.08907564700228 101.0905194997177 101.09259503799613 101.09403889071156 101.09629491057942 101.09809972647369 101.09954357918912 101.1013483950834 101.10234104382526 101.10531899005082 101.10757500991868 101.1102822337601 101.1135309023698 101.11777221972137 101.12228425945707 101.12778894793463 101.13428628515406 101.14078362237346 101.14881505310302 101.15684648383258 101.16478767376742 101.17182645575512 101.1780530705904 101.18427968542568 101.19032581867151 101.1952890623808 101.20178639960021 101.20810325523018 101.2157737227809 101.2235344311263 101.23183658424001 101.23905584781714 101.24555318503656 101.25177979987183 101.25782593311767
101.05306956991136 101.05803281362063 101.06254485335633 101.06832026421804 101.07183965521187 101.07635169494759 101.07905891878902 101.08203686501459 101.08456360726657 101.08582697839257 101.08880492461813 101.08979757335999 101.09205359322785 101.09403889071156 101.0955729842217 101.0975582817054 101.09927285680497 101.10207032144112 101.10531899005082 101.10829693627639 101.11280897601209 101.1173210157478 101.12282570422535 101.12878159667649 101.13554965628005 101.14358108700961 101.15179299932859 101.16009515244228 101.16758513840357 101.17480440198068 101.1805798128424 101.18680642767767 101.19303304251294 101.19835724940107 101.20404241946807 101.21053975668748 101.21857118741704 101.22705382212015 101.23535597523386 101.24356788755284 101.24979450238811 101.25584063563397 101.26233797285337
101.04684295507607 101.05180619878536 101.05731088726291 101.06227413097218 101.06606424435019 101.07030556170174 101.07283230395373 101.07635169494759 101.07932964117316 101.08059301229916 101.08384168090886 101.08582697839257 101.08808299826042 101.0905194997177 101.09160238925428 101.09376816832741 101.09629491057942 101.09909237521555 101.10306297018298 101.1078457323028 101.11307969839623 101.11804294210552 101.1238183529672 101.13004496780249 101.1370837497902 101.14556638449332 101.15359781522288 101.1615390051577 101.16785586078771 101.17534584674897 101.18229438794197 101.1896038923138 101.19709387827507 101.20277904834207 101.20882518158791 101.21532251880733 101.22308322715273 101.23102441708758 101.23905584781714 101.24708727854669 101.25331389338197 101.25981123060139 101.26657929020494
101.04133826659852 101.04530886156594 101.05135499481179 101.0553255897792 101.05929618474661 101.06308629812462 101.06633496673433 101.07003483931761 101.07283230395373 101.07608097256345 101.07905891878902 101.08158566104102 101.0840221624983 101.08609770077672 101.08808299826042 101.0905194997177 101.09403889071156 101.0975582817054 101.10333369256712 101.10856765866052 101.11452355111166 101.11930631323152 101.12535244647735 101.13130833892849 101.1385276025056 101.14655903323518 101.1537782968123 101.1615390051577 101.16758513840357 101.17534584674897 101.18427968542568 101.19258183853937 101.20133519562664 101.20702036569362 101.21351770291304 101.22010528092719 101.2273245445043 101.23535597523386 101.24302644278455 101.25060666954055 101.25755521073353 101.26432327033709 101.27109132994066
101.03502141096854 101.03827007957823 101.04404549043994 101.04756488143379 101.05153547640121 101.05604751613691 101.05956690713076 101.06480087322419 101.06732761547619 101.07057628408587 101.07382495269559 101.07635169494759 101.07932964117316 101.08059301229916 101.08456360726657 101.08853420223399 101.09259503799613 101.09782900408955 101.10378489654069 101.10956030740238 101.11632836700595 101.12084040674165 101.12652557680863 101.13257171005449 101.13933976965804 101.14728095959289 101.15404901919645 101.1615390051577 101.16785586078771 101.17606777310668 101.18527233416754 101.19483785840723 101.20404241946807 101.21053975668748 101.21730781629104 101.22380515351044 101.23156586185587 101.23977777417484 101.24807992728854 101.25502846848154 101.26206725046923 101.2688353100728 101.27560336967635
101.02708022103369 101.03059961202754 101.03655550447866 101.04007489547251 101.04476741679765 101.0495501789175 101.05306956991136 101.05929618474661 101.06128148223033 101.06579352196604 101.06904219057576 101.07229085918544 101.07608097256345 101.0783369924313 101.08302951375644 101.08709034951858 101.09232431561199 101.09782900408955 101.10405561892483 101.1102822337601 101.11578692223766 101.12002823958923 101.12652557680863 101.1332936364122 101.1397909736316 101.14782240436116 101.15531239032244 101.16253165389956 101.16929971350314 101.17778234820625 101.18752835403538 101.19709387827507 101.20656916172005 101.21432987006547 101.22154913364261 101.22903911960387 101.23679982794928 101.24510198106299 101.25277244861368 101.26008195298552 101.26657929020494 101.27352783139794 101.28002516861734
101.01805614156228 101.02383155242397 101.02852407374911 101.03285563189539 101.03827007957823 101.04404549043994 101.04783560381793 101.05379149626906 101.05631823852106 101.0611010006409 101.06453015084004 101.0680495418339 101.07310302633788 101.07608097256345 101.08059301229916 101.08555625600843 101.0917828708437 101.09782900408955 101.10405561892483 101.11055295614423 101.11506499587995 101.12002823958923 101.12652557680863 101.13383508118048 101.14177627111532 101.14953697946073 101.157026965422 101.16505839615157 101.17227765972869 101.18103101681596 101.19077702264508 101.2010644732425 101.21081047907161 101.21929311377475 101.22678309973601 101.2342730856973 101.24230451642684 101.25105787351411 101.25908930424366 101.26657929020494 101.2720839786825 101.27803987113363 101.28408600437947
101.01110760036929 101.01733421520457 101.02157553255611 101.02735094341783 101.03258490951124 101.0368262268628 101.04178947057208 101.0463015103078 101.05108427242764 101.05604751613691 101.0611010006409 101.06606424435019 101.07156893282773 101.0758102501793 101.08158566104102 101.08582697839257 101.09079022210184 101.09602418819527 101.10107767269926 101.10757500991868 101.11208704965438 101.11930631323152 101.12535244647735 101.13302291402806 101.14204699349946 101.15007842422902 101.15883178131628 101.16758513840357 101.17706042184854 101.1863552237041 101.19610122953321 101.20629843933591 101.21559324119147 101.22452707986815 101.233099955366 101.24031921894313 101.24807992728854 101.2560211172234 101.26360134397937 101.27127181153008 101.2765960184182 101.28282263325349 101.28832732173105
101.00704676460715 101.01408554659486 101.01760493758871 101.02329010765568 101.02753142500725 101.03105081600111 101.0380895979888 101.04106754421437 101.04810632620207 101.05306956991136 101.05803281362063 101.06353750209819 101.06859098660219 101.0732835079273 101.07806627004716 101.082849032167 101.08853420223399 101.09376816832741 101.09909237521555 101.10577019402439 101.10983102978652 101.11759173813195 101.12454027932492 101.1332936364122 101.14258843826775 101.15107107297088 101.16235117231014 101.17056308462914 101.1805798128424 101.19005509628737 101.19934989814293 101.20909590397204 101.2183004650329 101.2273245445043 101.23652910556515 101.24528246265241 101.25358461576612 101.26179652808509 101.26928651404637 101.27605457364992 101.2810178173592 101.28634202424733 101.29184671272489
