static/data/pressure/2023/7/20/18.asc
ncols 137
nrows 93
xllcorner 108.0
yllcorner 17.0
cellsize 0.25
NODATA_value -32767
[rows 38 to 56 of 93, columns 43 to 85 of 137]
100.73921208589566 100.73442932377581 100.75265796430806 100.75744072642792 100.73867064112737 100.69165518708132 100.6844359235042 100.69544530045933 100.70816925251401 100.71547875688584 100.72269802046299 100.72865391291411 100.73740727000138 100.74742399821466 100.7554554289442 100.76772817702532 100.7797302027223 100.79371752590299 100.8116754440511 100.83522829147148 100.86518823531657 100.89018493545237 100.91193296697848 100.93241762737858 100.94496109784384 100.95344373254696 100.96490431347567 100.9811476565242 100.99946653785118 101.01372458341599 101.0271704618284 101.03845056116766 101.04720391825494 101.04991114209636 101.05243788434835 101.0554158305739 101.05794257282591 101.05667920169991 101.05045258686465 101.04314308249279 101.03772863480994 101.03520189255796 101.03339707666368
100.8321601044512 100.82990408458335 100.79516137861842 100.7484166469565 100.70970334602416 100.69093326072361 100.68272134840463 100.68966988959761 100.70221336006287 100.71367394099157 100.72693933781454 100.72766126417226 100.73894136351151 100.75265796430806 100.76447950841562 100.77169877199275 100.78243742656372 100.79768812087042 100.81672892855508 100.8391988864389 100.86518823531657 100.89370432644623 100.9159035619459 100.9344029248623 100.94820976645356 100.95967034738224 100.97122116910565 100.98647186341233 101.00118111295075 101.01345386103186 101.02545588672884 101.03466044778968 101.04142850739322 101.04494789838708 101.04648199189722 101.04621126951308 101.04566982474479 101.04648199189722 101.04621126951308 101.04566982474479 101.04666247348665 101.0501818644805 101.05117451322236
100.82322626577451 100.82746758312607 100.77494744060245 100.72567596668854 100.7152080345017 100.71466658973341 100.7087106972823 100.71394466337571 100.72540524430441 100.73966328986923 100.7541920578182 100.74273147688952 100.7476947205988 100.76267469252134 100.77666201570202 100.77891803556987 100.78992741252499 100.80120751186425 100.8194361523965 100.84217683266446 100.86816618154212 100.89343360406208 100.91545235797233 100.9344029248623 100.95290228777868 100.96869442685365 100.97970380380877 100.99116438473746 101.00415905917629 101.01471723215785 101.02689973944426 101.03393852143196 101.03890176514123 101.04242115613508 101.04368452726108 101.04196995216151 101.03917248752538 101.03772863480994 101.03890176514123 101.04314308249279 101.04846728938094 101.05694992408405 101.06164244540919
100.77945948033816 100.78496416881572 100.75744072642792 100.77467671821832 100.77621081172845 100.7439046072208 100.7324440262921 100.74444605198909 100.76944275212489 100.78514465040514 100.7982295656387 100.76339661887906 100.76366734126319 100.76989395609846 100.78315935292143 100.78514465040514 100.79768812087042 100.80869749782553 100.82367746974808 100.84596694604247 100.87114412776769 100.89189951055194 100.91418898684633 100.93593701837243 100.95515830764653 100.97167237307922 100.98394512116035 100.99567642447317 101.00695652381243 101.01715373361513 101.02816311057026 101.03493117017382 101.04043585865136 101.04440645361879 101.04521862077122 101.04494789838708 101.04215043375093 101.03989441388309 101.0394432099095 101.04368452726108 101.0527086067325 101.06092051905148 101.06642520752904
100.78090333305359 100.76664528748874 100.75193603795034 100.7689013073566 100.78514465040514 100.74940929569836 100.75121411159263 100.7931760811347 100.8181727812705 100.82746758312607 100.83865744167062 100.7982295656387 100.77566936696017 100.78189598179544 100.78947620855142 100.79173222841928 100.80445618047396 100.81591676140266 100.8308967333252 100.84867416988389 100.87141485015184 100.89171902896251 100.91364754207805 100.93539557360414 100.9537144549311 100.97040900195321 100.98421584354449 100.99847388910932 101.00939302526972 101.02067312460898 101.03141177917996 101.03817983878352 101.04467717600293 101.04864777097036 101.05171595799064 101.05297932911664 101.05189643958008 101.05216716196422 101.05189643958008 101.05640847931576 101.06471063242947 101.06967387613875 101.07490784223216
100.79389800749242 100.75744072642792 100.74065593861108 100.74092666099523 100.75771144881206 100.74814592457237 100.78370079768972 100.82719686074192 100.8404622575649 100.84822296591032 100.84921561465218 100.81266809279296 100.78920548616728 100.79019813490913 100.7969661945127 100.80039534471183 100.81293881517709 100.82467011848993 100.8404622575649 100.85796897173944 100.87646833465583 100.89442625280394 100.91644500671418 100.93115425625258 100.94947313757956 100.9664384069858 100.98295247241849 100.99748124036746 101.01273193467414 101.02419251560283 101.03547261494211 101.04395524964522 101.05045258686465 101.05667920169991 101.05992787030962 101.06371798368761 101.06498135481361 101.06570328117132 101.06895194978104 101.07364447110616 101.0802320491203 101.08068325309387 101.08645866395558
100.78243742656372 100.76168204377949 100.77621081172845 100.77666201570202 100.76989395609846 100.77296214311875 100.82015807875422 100.85147163452001 100.86464679054829 100.84244755504861 100.83243082683535 100.80292208696382 100.79471017464485 100.79543210100256 100.80517810683168 100.81023159133568 100.82268482100622 100.83766479292876 100.85372765438787 100.8724074988937 100.88991421306822 100.90543562975905 100.91689621068775 100.93169570102087 100.94568302420156 100.96264829360781 100.97997452619292 100.99639835083089 101.01191976752172 101.0246437195764 101.03619454129982 101.04666247348665 101.05767185044176 101.06389846527705 101.0694031537546 101.07391519349031 101.07590049097402 101.07941988196787 101.08266855057758 101.0859172191873 101.0924145564067 101.09268527879084 101.0936779275327
100.79795884325456 100.83721358895518 100.86870762631041 100.857156804587 100.83369419796134 100.82746758312607 100.88016820723911 100.90272840591763 100.89144830657837 100.86392486419058 100.82097024590665 100.80039534471183 100.79516137861842 100.8022001606061 100.8116754440511 100.82015807875422 100.8341454019349 100.85120091213587 100.86942955266812 100.88892156432638 100.90417225863305 100.9171669330719 100.9261910125433 100.93620774075657 100.94893169281127 100.9631897383761 100.97898187745106 100.99594714685732 101.00921254368029 101.02139505096669 101.0322239463324 101.04594054712894 101.05893522156776 101.06895194978104 101.07517856461631 101.08041253070972 101.08420264408772 101.08772203508157 101.09097070369127 101.09439985389041 101.09891189362612 101.09918261601027 101.09846068965255
100.89695299505594 100.91671572909833 100.90020166366565 100.8769195386294 100.86094691796501 100.88170230074925 100.94893169281127 100.95696312354082 100.94071978049227 100.90164551638107 100.82340674736393 100.80147823424839 100.80490738444753 100.81420218630309 100.82421891451635 100.83640142180276 100.85147163452001 100.86870762631041 100.88666554445852 100.90164551638107 100.9126548933362 100.92465691903317 100.93467364724644 100.94441965307556 100.95615095638838 100.96941635321136 100.9836743987762 100.99567642447317 101.007407727786 101.01868782712528 101.0304191304381 101.04467717600293 101.05767185044176 101.06841050501275 101.07572000938458 101.08122469786215 101.08745131269743 101.09115118528071 101.09467057627455 101.09891189362612 101.10044598713627 101.10297272938826 101.1109139193231
101.00894182129615 100.96716033334351 100.91870102658203 100.89072638022066 100.89189951055194 100.91518163558818 100.93322979453102 100.91346706048861 100.89298240008851 100.8724074988937 100.81645820617094 100.80571955159996 100.81519483504495 100.82791878709963 100.83865744167062 100.85291548723544 100.86365414180644 100.87664881624526 100.89117758419422 100.90543562975905 100.91797910022433 100.93368099850458 100.94766832168527 100.95994106976639 100.97022852036379 100.97970380380877 100.99369112698946 101.00470050394458 101.01543915851556 101.0259070907024 101.03339707666368 101.04422597202937 101.0546939042162 101.06471063242947 101.0726518223643 101.07671265812644 101.08239782819344 101.08718059031328 101.09214383402255 101.0974680409107 101.10089719110984 101.11542595905881 101.1313985797232
100.94541230181741 100.97022852036379 100.97067972433736 100.98268175003435 100.98322319480263 100.95921914340867 100.92267162154945 100.87294894366198 100.82665541597365 100.80644147795768 100.81140472166696 100.82214337623793 100.8327015492195 100.84596694604247 100.85742752697115 100.86690281041612 100.87592688988755 100.88919228671051 100.90390153624891 100.91897174896617 100.93322979453102 100.94947313757956 100.9631897383761 100.97320646658936 100.9811476565242 100.9901717359956 101.00442978156043 101.0157098808997 101.02771190659668 101.03917248752538 101.04566982474479 101.05315981070608 101.05965714792548 101.06498135481361 101.07147869203303 101.07490784223216 101.07969060435201 101.08420264408772 101.08889516541285 101.09421937230098 101.09846068965255 101.11064319693895 101.12165257389407
100.92122776883403 100.97446983771536 101.02265842209269 101.03817983878352 100.9996470194406 100.95091699029498 100.89722371744008 100.84741079875789 100.80896822020968 100.8047269028581 100.81844350365465 100.8354087730609 100.84569622365832 100.85923234286544 100.86997099743641 100.8794462808814 100.88892156432638 100.90245768353348 100.92014487929745 100.93566629598828 100.95064626791084 100.9664384069858 100.9811476565242 100.98944980963789 100.9939618493736 101.00370785520272 101.01643180725742 101.02843383295439 101.04097730341965 101.05189643958008 101.05866449918362 101.06498135481361 101.06841050501275 101.07165917362245 101.07572000938458 101.0777053068683 101.08293927296172 101.08645866395558 101.09142190766484 101.09764852250012 101.10414585971955 101.11316993919095 101.11371138395924
100.91969367532388 101.01345386103186 101.05992787030962 101.04196995216151 100.99946653785118 100.97564296804664 100.8839583206171 100.83315275319305 100.81889470762822 100.82015807875422 100.82873095425207 100.84641815001604 100.8564348782293 100.86897834869455 100.88016820723911 100.89189951055194 100.9031796098912 100.91671572909833 100.93566629598828 100.9524510838051 100.96941635321136 100.98547921467049 100.99540570208903 101.00072990897716 101.00668580142829 101.01814638235699 101.0304191304381 101.04314308249279 101.05496462660034 101.06371798368761 101.0706665248806 101.07572000938458 101.07815651084188 101.08068325309387 101.08348071773001 101.08492457044544 101.09115118528071 101.0962046697847 101.10089719110984 101.10595067561381 101.11244801283324 101.11867462766851 101.11894535005266
100.94396844910199 101.04269187851922 101.0534305330902 101.03267515030596 100.99342040460532 100.9914351071216 100.88892156432638 100.83243082683535 100.81889470762822 100.83297227160364 100.84064273915432 100.855893433461 100.86464679054829 100.87719026101354 100.88946300909465 100.90119431240748 100.91518163558818 100.93115425625258 100.95091699029498 100.96914563082721 100.98620114102819 101.00045918659303 101.009934470038 101.01246121229 101.02193649573498 101.03339707666368 101.04494789838708 101.05767185044176 101.06669592991318 101.07418591587445 101.07996132673615 101.08393192170358 101.08645866395558 101.08970733256527 101.09268527879084 101.09647539216884 101.10170935826226 101.10667260197152 101.11190656806495 101.11723077495309 101.1204794435628 101.12445003853021 101.12544268727207
100.99215703347932 101.07165917362245 101.08239782819344 100.98141837890834 100.93467364724644 100.93945640936627 100.87294894366198 100.82142144988022 100.83396492034548 100.84795224352618 100.85147163452001 100.86545895770071 100.87267822127784 100.88368759823297 100.89596034631408 100.91066959585248 100.92492764141731 100.94414893069141 100.96418238711796 100.98268175003435 101.0009103905666 101.01516843613143 101.02193649573498 101.02572660911297 101.03646526368397 101.04792584461265 101.05947666633605 101.06795930103918 101.07617121335817 101.08221734660401 101.08618794157144 101.09015853653885 101.0949412986587 101.09818996726841 101.10297272938826 101.10793597309753 101.1121772904491 101.11894535005266 101.12417931614607 101.12571340965621 101.12842063349764 101.13094737574963 101.1313985797232
101.03393852143196 101.09015853653885 101.05667920169991 100.9517291574474 100.86843690392627 100.85869089809715 100.83315275319305 100.84019153518075 100.8526447648513 100.85742752697115 100.85968354683901 100.87195629492012 100.87746098339768 100.8884703603528 100.90218696114934 100.91743765545604 100.9344029248623 100.95443638128882 100.97392839294707 100.99540570208903 101.01345386103186 101.0246437195764 101.02996792646454 101.03772863480994 101.04991114209636 101.06092051905148 101.06895194978104 101.07716386210002 101.08194662421987 101.08718059031328 101.09069998130713 101.09439985389041 101.09945333839441 101.10622139799796 101.1109139193231 101.11696005256894 101.12219401866236 101.12995472700777 101.13121809813377 101.13248146925977 101.13248146925977 101.1351886931012 101.13464724833291
101.00470050394458 101.03068985282225 101.00894182129615 100.9446903754597 100.85995426922315 100.8359502178292 100.84217683266446 100.8564348782293 100.86392486419058 100.86491751293242 100.86320293783285 100.87394159240384 100.88043892962325 100.89090686181008 100.90417225863305 100.92068632406574 100.938914964598 100.96093371850824 100.98223054606078 101.00415905917629 101.02040240222483 101.0316825015641 101.03790911639938 101.04720391825494 101.06019859269377 101.06895194978104 101.07590049097402 101.08140517945158 101.08519529282958 101.08871468382341 101.09394864991684 101.09719731852655 101.10369465574597 101.1109139193231 101.11614788541652 101.12192329627821 101.12968400462363 101.13293267323334 101.13347411800163 101.13194002449148 101.13040593098134 101.13293267323334 101.13248146925977
100.96670912936995 100.98746451215419 100.95642167877253 100.90020166366565 100.85219356087772 100.84316948140632 100.85472030312972 100.86618088405842 100.87195629492012 100.87340014763555 100.8749342411457 100.87746098339768 100.88043892962325 100.89144830657837 100.90615755611677 100.92393499267546 100.94315628194956 100.9651750358598 100.98990101361147 101.00794917255429 101.02139505096669 101.0322239463324 101.04115778500908 101.05297932911664 101.0641691876612 101.0726518223643 101.07797602925244 101.08266855057758 101.08817323905514 101.08970733256527 101.09521202104284 101.10071670952041 101.10739452832924 101.11371138395924 101.1192160724368 101.12147209230464 101.12769870713991 101.12643533601393 101.12517196488793 101.12490124250378 101.12517196488793 101.1281499111135 101.1281499111135
101.0259070907024 100.99071318076389 100.92519836380146 100.8602249916073 100.8341454019349 100.85047898577815 100.86672232882671 100.87746098339768 100.88215350472282 100.8839583206171 100.88468024697481 100.8839583206171 100.88594361810081 100.89343360406208 100.90715020485862 100.9261910125433 100.94766832168527 100.96697985175409 100.98990101361147 101.00614435666 101.01814638235699 101.02942648169625 101.04242115613508 101.05821329521005 101.0661544851449 101.0744566382586 101.07914915958374 101.08266855057758 101.08690986792915 101.09015853653885 101.0949412986587 101.10143863587813 101.10622139799796 101.10992127058124 101.11371138395924 101.11271873521738 101.11641860780065 101.11470403270108 101.11470403270108 101.11614788541652 101.11741125654251 101.12192329627821 101.12445003853021
