static/data/pressure/2023/7/20/6.asc
ncols 137
nrows 93
xllcorner 108.0
yllcorner 17.0
cellsize 0.25
NODATA_value -32767
[rows 57 to 75 of 93, columns 0 to 42 of 137]
100.94514157943327 100.96688961095937 100.94514157943327 100.90940622472648 100.8878386747898 100.87213677650955 100.82710661994722 100.857156804587 100.8928921592938 100.90363081386478 100.87015147902584 100.82187265385379 100.83008456617279 100.83937936802833 100.81086327689867 100.783610556895 100.76438926762091 100.72883439450355 100.72062248218455 100.74534845993622 100.76484047159448 100.82214337623793 100.89587010551936 100.95840697625624 100.93241762737858 100.82566276723179 100.74733375741994 100.73641462125953 100.7541018170235 100.78288863053729 100.77891803556987 100.76835986258831 100.79687595371799 100.81609724299209 100.83685262577633 100.8731294252514 100.8954189015458 100.86013475081258 100.86184932591215 100.8456059828636 100.83387467955076 100.85887137968658 100.84037201677019
100.93115425625258 100.96734081493295 101.00262496566616 100.97690633917264 100.93034208910017 100.88486072856423 100.84389140776403 100.86735401438969 100.85111067134116 100.8225945802115 100.81185592564053 100.89135806578366 100.93088353386844 100.89090686181008 100.79985389994354 100.77359382868174 100.77783514603331 100.76610384272047 100.78135453702716 100.78541537278929 100.80734388590481 100.89009469465766 100.97636489440436 101.016883011231 100.98565969625992 100.85237404246716 100.77341334709232 100.75563591053363 100.77133780881388 100.80165871583782 100.79416872987656 100.79913197358584 100.83035528855692 100.83008456617279 100.84289875902218 100.89514817916165 100.91689621068775 100.84741079875789 100.79985389994354 100.79615402736027 100.81663868776036 100.82710661994722 100.79263463636642
100.90489418499077 100.91861078578731 100.95985082897167 100.96039227373996 100.91409874605162 100.85634463743457 100.84614742763189 100.86166884432272 100.78261790815314 100.76086987662705 100.83288203080892 100.93016160751073 100.92637149413274 100.8481327251156 100.8053585884211 100.88684602604795 100.91184272618376 100.86690281041612 100.83188938206706 100.81339001915067 100.8078853306731 100.8718660541254 100.90814285360048 100.94965361916898 100.99991774182475 100.87385135160912 100.79335656272413 100.77214997596631 100.78965669014084 100.8468693539896 100.85860065730243 100.85065946736759 100.84759128034732 100.85083994895702 100.85760800856058 100.89966021889737 100.92258138075474 100.87809266896069 100.83865744167062 100.83062601094106 100.84587670524775 100.76339661887906 100.72991728404011
100.87385135160912 100.86708329200556 100.88260470869639 100.88260470869639 100.84741079875789 100.80183919742726 100.83965009041248 100.862841974654 100.79489065623427 100.75789193040148 100.82710661994722 100.90110407161278 100.90336009148064 100.83712334816047 100.85914210207072 100.93738087108785 100.93665894473014 100.88188278233868 100.84037201677019 100.88287543108054 100.87836339134483 100.8008465486854 100.82936263981506 100.86166884432272 100.95488758526238 100.87809266896069 100.84262803663803 100.82033856034364 100.82214337623793 100.86789545915798 100.89686275426122 100.87989748485496 100.86735401438969 100.84984730021517 100.85688608220286 100.88188278233868 100.91689621068775 100.88034868882855 100.84659863160546 100.8398305720019 100.82358722895336 100.7451679783468 100.70383769436773
100.84759128034732 100.81311929676653 100.82241409862208 100.8091487017991 100.77359382868174 100.76790865861474 100.80562931080524 100.83234058604063 100.84091346153846 100.80391473570567 100.78983717173028 100.85011802259932 100.89758468061893 100.85986402842843 100.88215350472282 100.90660876009034 100.90588683373262 100.862841974654 100.84416213014818 100.92014487929745 100.936388222346 100.85860065730243 100.80716340431539 100.82990408458335 100.91066959585248 100.90913550234234 100.88341687584882 100.86013475081258 100.86166884432272 100.854630062335 100.88540217333252 100.87791218737125 100.85309596882487 100.83585997703447 100.82791878709963 100.84966681862575 100.90787213121634 100.84334996299575 100.80283184616911 100.78658850312057 100.77034516007203 100.74859712854592 100.71638116483298
100.8456059828636 100.7975978800757 100.78640802153114 100.7745864774236 100.76664528748874 100.76835986258831 100.75762120801734 100.77214997596631 100.80761460828896 100.83784527451819 100.82160193146964 100.83134793729877 100.88413880220652 100.85435933995088 100.87791218737125 100.90011142287094 100.93133473784202 100.89866757015551 100.88116085598097 100.89740419902951 100.91283537492562 100.88161205995453 100.83459660590847 100.84461333412175 100.88684602604795 100.90787213121634 100.91761813704547 100.89090686181008 100.85038874498345 100.82809926868907 100.85390813597729 100.86058595478615 100.83685262577633 100.82439939610579 100.8148338718661 100.83811599690233 100.90308936909649 100.81790205888636 100.75816265278563 100.7413778649688 100.7439046072208 100.74309244006837 100.74363388483665
100.862841974654 100.81889470762822 100.8033732909374 100.80183919742726 100.79786860245984 100.782347185769 100.74191930973709 100.75085314841378 100.83685262577633 100.87935604008669 100.86563943929015 100.85814945332886 100.85941282445486 100.84389140776403 100.87764146498712 100.89514817916165 100.93485412883587 100.95958010658752 100.92790558764287 100.87340014763555 100.83640142180276 100.82015807875422 100.8263846935895 100.84416213014818 100.8731294252514 100.89641155028765 100.90263816512292 100.87385135160912 100.83315275319305 100.81636796537622 100.8341454019349 100.83261130842477 100.82737734233136 100.81835326285993 100.82683589756307 100.85390813597729 100.89316288167794 100.82864071345735 100.77909851715931 100.7701646784826 100.76863058497246 100.76565263874689 100.77214997596631
100.82990408458335 100.81862398524407 100.82033856034364 100.82241409862208 100.81591676140266 100.79461993385013 100.74859712854592 100.78541537278929 100.8693393118734 100.8891020459158 100.86509799452186 100.83784527451819 100.8513813937253 100.86690281041612 100.85787873094472 100.83883792326004 100.83640142180276 100.86861738551569 100.91861078578731 100.89433601200922 100.85038874498345 100.8308967333252 100.83784527451819 100.865368716906 100.90787213121634 100.90615755611677 100.87908531770255 100.85814945332886 100.85661535981872 100.85111067134116 100.84334996299575 100.82936263981506 100.83910864564419 100.85183259769887 100.86915883028398 100.87015147902584 100.85832993491829 100.81808254047579 100.81185592564053 100.80635123716296 100.80310256855326 100.80111727106954 100.80066606709597
100.78658850312057 100.79841004722813 100.79786860245984 100.78108381464301 100.76285517411077 100.75635783689134 100.75211651953978 100.81564603901852 100.85914210207072 100.84515477889003 100.80608051477881 100.79137126524041 100.81763133650222 100.83784527451819 100.82936263981506 100.82088000511193 100.82060928272779 100.83161865968292 100.8693393118734 100.86961003425755 100.84587670524775 100.83739407054462 100.85408861756673 100.88513145094838 100.90236744273878 100.86410534578 100.83766479292876 100.84416213014818 100.87358062922497 100.89938949651322 100.89812612538722 100.88359735743825 100.87213677650955 100.862841974654 100.85508126630859 100.84163538789618 100.81465339027667 100.80987062815682 100.8104120729251 100.81140472166696 100.81366074153482 100.81708989173394 100.81808254047579
100.75563591053363 100.78938596775671 100.80635123716296 100.78460320563686 100.75762120801734 100.76384782285263 100.78216670417957 100.79985389994354 100.78388127927914 100.7689013073566 100.76366734126319 100.77214997596631 100.78541537278929 100.787400670273 100.80364401332153 100.85309596882487 100.88161205995453 100.8693393118734 100.8493960962416 100.82467011848993 100.81212664802467 100.81366074153482 100.82809926868907 100.84515477889003 100.85860065730243 100.84759128034732 100.82286530259564 100.82836999107322 100.85887137968658 100.89713347664537 100.91635476591948 100.89641155028765 100.84587670524775 100.81862398524407 100.81113399928282 100.81465339027667 100.8169094101445 100.82809926868907 100.82764806471549 100.83288203080892 100.83766479292876 100.83640142180276 100.83387467955076
100.71683236880656 100.75717000404377 100.81510459425024 100.80463666206339 100.786137299147 100.79137126524041 100.782347185769 100.7560871145072 100.75717000404377 100.76790865861474 100.77034516007203 100.77440599583417 100.79209319159814 100.8033732909374 100.81059255451453 100.84334996299575 100.85210332008302 100.83838671928648 100.83288203080892 100.80987062815682 100.79940269596997 100.80716340431539 100.81934591160179 100.8169094101445 100.83333323478247 100.84208659186976 100.83116745570935 100.84091346153846 100.87141485015184 100.90011142287094 100.90164551638107 100.88765819320038 100.85038874498345 100.83261130842477 100.82791878709963 100.82936263981506 100.82864071345735 100.83486732829262 100.83513805067676 100.83883792326004 100.84163538789618 100.84037201677019 100.84136466551205
100.72414187317841 100.7393925674851 100.78586657676286 100.79389800749242 100.77991068431173 100.77909851715931 100.76438926762091 100.74886785093007 100.78288863053729 100.79489065623427 100.80066606709597 100.79940269596997 100.8213312090855 100.83008456617279 100.83188938206706 100.83387467955076 100.84037201677019 100.82241409862208 100.81790205888636 100.80238064219554 100.79209319159814 100.79859052881756 100.80463666206339 100.80590003318939 100.82665541597365 100.84984730021517 100.84190611028032 100.855893433461 100.88540217333252 100.87114412776769 100.854630062335 100.84461333412175 100.84840344749975 100.83315275319305 100.83513805067676 100.83387467955076 100.83288203080892 100.83459660590847 100.83739407054462 100.84136466551205 100.84362068537989 100.84461333412175 100.84190611028032
100.75464326179177 100.75689928165963 100.77034516007203 100.77314262470817 100.76538191636277 100.76935251133017 100.7663745651046 100.76664528748874 100.787400670273 100.79489065623427 100.81059255451453 100.82160193146964 100.84912537385746 100.85535198869272 100.83838671928648 100.8354087730609 100.84912537385746 100.82313602497979 100.81014135054096 100.7995831775594 100.79290535875056 100.78839331901486 100.79516137861842 100.80860725703081 100.83161865968292 100.85408861756673 100.85309596882487 100.86040547319672 100.86311269703815 100.84966681862575 100.83360395716662 100.82611397120536 100.82791878709963 100.83261130842477 100.8341454019349 100.8341454019349 100.83459660590847 100.83486732829262 100.83865744167062 100.84163538789618 100.83937936802833 100.84334996299575 100.83965009041248
100.786137299147 100.7816252594113 100.76790865861474 100.7689013073566 100.7598772278852 100.76583312033632 100.77783514603331 100.78216670417957 100.77783514603331 100.77214997596631 100.78983717173028 100.81564603901852 100.86915883028398 100.86888810789983 100.85165211610945 100.84208659186976 100.85787873094472 100.82936263981506 100.8053585884211 100.8021099198114 100.79534186020784 100.79209319159814 100.80111727106954 100.81835326285993 100.83441612431905 100.8526447648513 100.85435933995088 100.84840344749975 100.84840344749975 100.83937936802833 100.83441612431905 100.8308967333252 100.82936263981506 100.82990408458335 100.83333323478247 100.83333323478247 100.83558925465033 100.8341454019349 100.8354087730609 100.83513805067676 100.83360395716662 100.83865744167062 100.83811599690233
100.80066606709597 100.78812259663071 100.76962323371431 100.75491398417591 100.74986049967193 100.75789193040148 100.77539864457603 100.77963996192759 100.76935251133017 100.75915530152749 100.76538191636277 100.77485719980774 100.83811599690233 100.87213677650955 100.85887137968658 100.82683589756307 100.83685262577633 100.81510459425024 100.8021099198114 100.80039534471183 100.80887797941496 100.80815605305725 100.8148338718661 100.82584324882122 100.83585997703447 100.84190611028032 100.84362068537989 100.84064273915432 100.83838671928648 100.83613069941862 100.83116745570935 100.82891143584149 100.82737734233136 100.82764806471549 100.83062601094106 100.82990408458335 100.83315275319305 100.83035528855692 100.83134793729877 100.83234058604063 100.83116745570935 100.83387467955076 100.83712334816047
100.80860725703081 100.79308584033998 100.74859712854592 100.72116392695284 100.7234199468207 100.72883439450355 100.7426412360948 100.74913857331421 100.74462653357851 100.74489725596266 100.73740727000138 100.73163185913967 100.76691600987289 100.80138799345369 100.8053585884211 100.77765466444387 100.79308584033998 100.80310256855326 100.79859052881756 100.8066219595471 100.81591676140266 100.81708989173394 100.82241409862208 100.82566276723179 100.83116745570935 100.83360395716662 100.8341454019349 100.83288203080892 100.8321601044512 100.83035528855692 100.8213312090855 100.82033856034364 100.81835326285993 100.81790205888636 100.8213312090855 100.82286530259564 100.82665541597365 100.82358722895336 100.82412867372165 100.82539204484765 100.82737734233136 100.82710661994722 100.83288203080892
100.81086327689867 100.76691600987289 100.71908838867441 100.6953550596646 100.70212311926817 100.70483034310959 100.7171030911907 100.72414187317841 100.72188585331055 100.72116392695284 100.71809573993255 100.71737381357484 100.74237051371065 100.77214997596631 100.782347185769 100.76583312033632 100.77115732722446 100.79308584033998 100.80310256855326 100.80887797941496 100.80959990577267 100.8078853306731 100.81266809279296 100.81708989173394 100.82358722895336 100.82485060007936 100.82611397120536 100.82791878709963 100.82485060007936 100.82313602497979 100.81790205888636 100.81663868776036 100.81510459425024 100.8148338718661 100.81790205888636 100.81790205888636 100.81663868776036 100.81889470762822 100.81988735637007 100.8213312090855 100.82358722895336 100.82439939610579 100.82737734233136
100.74291195847894 100.71286177383915 100.6953550596646 100.68714314734562 100.6901210935712 100.69887445065845 100.71114719873958 100.7131324962233 100.70735708536158 100.71213984748144 100.71737381357484 100.72314922443655 100.73641462125953 100.76159180298477 100.78189598179544 100.77991068431173 100.77440599583417 100.78640802153114 100.79010789411443 100.79236391398227 100.79461993385013 100.79841004722813 100.80689268193125 100.8104120729251 100.81636796537622 100.81862398524407 100.82033856034364 100.82115072749608 100.81763133650222 100.81636796537622 100.81239737040882 100.8091487017991 100.80860725703081 100.80887797941496 100.80941942418325 100.81284857438239 100.81212664802467 100.81284857438239 100.81384122312424 100.81537531663439 100.81790205888636 100.82115072749608 100.81988735637007
100.69815252430074 100.68759435131919 100.68236038522576 100.6748703992645 100.6748703992645 100.69264783582318 100.6991451730426 100.68966988959761 100.6819091812522 100.70284504562588 100.71809573993255 100.73136113675552 100.73858040033267 100.74886785093007 100.75635783689134 100.76258445172662 100.76908178894602 100.77612057093374 100.77783514603331 100.78261790815314 100.78758115186243 100.79164198762456 100.79786860245984 100.80265136457967 100.80887797941496 100.81266809279296 100.81438266789253 100.81465339027667 100.81366074153482 100.80987062815682 100.8066219595471 100.80391473570567 100.80364401332153 100.80490738444753 100.8053585884211 100.8066219595471 100.80635123716296 100.80635123716296 100.80941942418325 100.81158520325639 100.81239737040882 100.81465339027667 100.81808254047579
