static/data/pressure/2023/7/21/12.asc
ncols 137
nrows 93
xllcorner 108.0
yllcorner 17.0
cellsize 0.25
NODATA_value -32767
[rows 0 to 18 of 93, columns 86 to 128 of 137]
101.54334780759314 101.54677695779226 101.54605503143455 101.54903297766012 101.55101827514383 101.55381573977996 101.56004235461525 101.56608848786108 101.57430040018008 101.5860317034929 101.59830445157402 101.60904310614501 101.61933055674241 101.6295277665451 101.63728847489052 101.64459797926237 101.65127579807121 101.65732193131706 101.66309734217876 101.66905323462989 101.67708466535944 101.68782331993042 101.70081799436925 101.71110544496668 101.7177832637755 101.72103193238522 101.71859543092793 101.71327122403981 101.70659340523096 101.6985619745014 101.69035006218242 101.68331128019472 101.67852851807487 101.67302382959731 101.66806058588803 101.66508263966246 101.65605856019106 101.6480271294615 101.6403566619108 101.63232523118124 101.6230304293257 101.61752574084812 101.62654982031954
101.53982841659928 101.5470476801764 101.54930370004426 101.55128899752796 101.55327429501168 101.55580103726368 101.56058379938354 101.5662689694505 101.57285654746464 101.58558049951934 101.59704108044802 101.60877238376086 101.62131585422613 101.6295277665451 101.63683727091694 101.64405653449408 101.65082459409763 101.65678048654877 101.66228517502634 101.66733865953032 101.67609201661759 101.68683067118857 101.69928390085911 101.70803725794639 101.71435411357638 101.71706133741779 101.71480531754993 101.70984207384068 101.70379594059482 101.69702788099127 101.68935741344056 101.68276983542643 101.67753586933301 101.6723019032396 101.66652649237788 101.66057059992677 101.6538025403232 101.64730520310378 101.63981521714251 101.6320545087971 101.62230850296798 101.61978176071598 101.63530317740681
101.53703095196315 101.54479166030855 101.55002562640198 101.55327429501168 101.55580103726368 101.55760585315797 101.5610350033571 101.56554704309279 101.57177365792808 101.58332447965148 101.59532650534847 101.60732853104544 101.61878911197412 101.62627909793541 101.63403980628081 101.64279316336808 101.64829785184564 101.65452446668091 101.66102180390034 101.66733865953032 101.6768139429753 101.68683067118857 101.6965766770177 101.70578123807853 101.71227857529796 101.71552724390764 101.71435411357638 101.70957135145653 101.7030740142371 101.6953133058917 101.68854524628814 101.682589353837 101.67753586933301 101.67329455198146 101.66833130827217 101.66309734217876 101.65705120893291 101.65028314932935 101.64080786588437 101.6295277665451 101.62230850296798 101.6242938004517 101.63927377237424
101.52954096600186 101.538023600705 101.544340456335 101.54957442242839 101.5528230910381 101.55553031487953 101.55805705713153 101.56229837448309 101.5687957117025 101.57980508865762 101.59180711435461 101.60380914005158 101.61508923939084 101.62402307806755 101.63277643515481 101.64152979224208 101.64631255436194 101.65353181793905 101.66129252628448 101.66860203065632 101.6780773141013 101.68782331993042 101.69558402827585 101.70533003410496 101.71083472258253 101.71209809370852 101.71056400019839 101.70578123807853 101.69955462324326 101.69233535966613 101.68655994880443 101.68231863145286 101.67834803648545 101.67257262562374 101.66778986350388 101.66255589741048 101.65434398509149 101.6492905005875 101.64152979224208 101.63431052866495 101.6333178799231 101.64504918323594 101.67428720072331
101.51726821792074 101.52927024361772 101.53856504547328 101.5437990115667 101.54930370004426 101.55435718454825 101.55634248203197 101.5597716322311 101.56653969183465 101.57556377130607 101.58585122190347 101.59731180283217 101.60904310614501 101.61905983435827 101.62808391382968 101.63683727091694 101.64432725687823 101.65154652045534 101.66029987754263 101.66833130827217 101.67852851807487 101.68854524628814 101.69585475065999 101.70334473662125 101.70758605397282 101.70902990668824 101.70902990668824 101.7030740142371 101.69630595463356 101.69179391489784 101.68502585529428 101.6806040563533 101.6768139429753 101.67157997688189 101.66806058588803 101.66481191727831 101.65660000495934 101.65308061396549 101.64152979224208 101.62853511780325 101.62330115170984 101.65127579807121 101.68556730006257
101.5073417305022 101.52006568255689 101.53035313315429 101.53784311911556 101.54334780759314 101.55002562640198 101.55228164626982 101.55607175964782 101.56085452176767 101.56834450772894 101.57854171753162 101.59054374322861 101.60281649130972 101.6135551458807 101.6242938004517 101.6333178799231 101.64107858826851 101.6505538717135 101.65984867356906 101.66959467939817 101.67780659171716 101.68755259754629 101.6927865636397 101.70009606801153 101.70406666297896 101.7056007564891 101.70505931172082 101.69955462324326 101.69477186112341 101.69107198854013 101.68430392893657 101.67952116681673 101.67609201661759 101.67031660575589 101.66580456602017 101.6621046934369 101.65353181793905 101.65109531648177 101.63954449475837 101.62682054270368 101.64360533052051 101.67627249820703 101.73077793821435
101.50003222613036 101.5125756965956 101.52484844467673 101.53206770825386 101.53928697183099 101.54479166030855 101.5475891249447 101.55101827514383 101.55480838852182 101.56202765209895 101.57177365792808 101.58377568362505 101.59604843170617 101.6083211797873 101.61933055674241 101.62907656257154 101.63954449475837 101.64901977820335 101.65903650641663 101.66932395701403 101.67753586933301 101.68403320655243 101.68953789502999 101.69603523224941 101.69910341926968 101.70054727198512 101.70108871675339 101.69802052973311 101.69332800840799 101.68782331993042 101.68078453794271 101.67627249820703 101.6723019032396 101.66553384363603 101.66156324866863 101.6640899909206 101.65804385767477 101.6538025403232 101.63828112363238 101.62528644919355 101.66454119489417 101.74909681954131 101.80360225954863
101.49660307593122 101.50806365685992 101.51934375619918 101.53053361474372 101.53703095196315 101.54055034295699 101.5450623826927 101.54776960653412 101.55029634878612 101.55634248203197 101.56608848786108 101.57709786481621 101.58955109448675 101.60254576892558 101.6135551458807 101.62456452283584 101.63629582614867 101.64685399913022 101.65705120893291 101.66679721476203 101.67383599674974 101.68033333396914 101.68601850403614 101.69007933979827 101.69477186112341 101.69558402827585 101.69603523224941 101.69134271092427 101.68728187516214 101.68078453794271 101.67455792310746 101.66878251224574 101.66309734217876 101.65560735621749 101.65858530244306 101.66733865953032 101.66327782376818 101.6525391691972 101.63133258243938 101.6255571715777 101.68331128019472 101.77255942616698 101.83383292577786
101.48478153182367 101.50833437924406 101.51681701394718 101.52881903964415 101.53432372812172 101.53829432308913 101.5425356404407 101.54406973395085 101.54731840256055 101.55183044229625 101.56031307699939 101.5706005275968 101.58233183090962 101.5955972277326 101.60678708627715 101.62005248310012 101.63178378641295 101.64279316336808 101.65335133634963 101.66228517502634 101.66959467939817 101.67555057184931 101.68105526032686 101.68430392893657 101.68854524628814 101.688274523904 101.68601850403614 101.67952116681673 101.67555057184931 101.6710385321136 101.66381926853646 101.6588560248272 101.65028314932935 101.64459797926237 101.64685399913022 101.66002915515848 101.6550659114492 101.63810064204294 101.62032320548427 101.64901977820335 101.70677388682039 101.78077133848596 101.84980554644225
101.47783299063067 101.50580763699206 101.51880231143089 101.52403627752432 101.531075059512 101.53757239673142 101.54181371408299 101.5425356404407 101.54533310507684 101.54984514481254 101.55435718454825 101.56383246799322 101.57484184494835 101.5860317034929 101.59803372918988 101.61229177475472 101.62357187409398 101.63403980628081 101.64658327674607 101.65434398509149 101.66183397105277 101.66806058588803 101.6735652743656 101.67780659171716 101.67852851807487 101.67708466535944 101.67257262562374 101.67058732814003 101.66580456602017 101.66057059992677 101.65082459409763 101.64730520310378 101.64234195939451 101.63828112363238 101.6333178799231 101.63927377237424 101.63503245502267 101.63701775250638 101.63178378641295 101.69053054377184 101.76209149398015 101.83879616948714 101.88256295492349
101.48532297659196 101.4990395773885 101.51708773633132 101.52159977606703 101.5278263909023 101.53477493209529 101.53910649024156 101.53982841659928 101.5412722693147 101.544340456335 101.5483110513024 101.55832777951568 101.56681041421879 101.57682714243207 101.58909989051318 101.60182384256787 101.61427707223842 101.62627909793541 101.63855184601651 101.64504918323594 101.65353181793905 101.66029987754263 101.66282661979461 101.66607528840431 101.6653533620466 101.66354854615234 101.66381926853646 101.65777313529063 101.64901977820335 101.64306388575223 101.64983194535577 101.64459797926237 101.63683727091694 101.63052041528695 101.62402307806755 101.62402307806755 101.62709126508783 101.63810064204294 101.66751914111974 101.73005601185663 101.78510289663224 101.8238161975646 101.84980554644225
101.50553691460792 101.49606163116293 101.51582436520532 101.52006568255689 101.52304362878246 101.5265630197763 101.53134578189615 101.53251891222743 101.53531637686358 101.53910649024156 101.54352828918256 101.54930370004426 101.55607175964782 101.56554704309279 101.57908316229991 101.58955109448675 101.60227504654144 101.61454779462255 101.62357187409398 101.63232523118124 101.64080786588437 101.64703448071964 101.64856857422978 101.65407326270734 101.65280989158134 101.65010266773992 101.65109531648177 101.63855184601651 101.63981521714251 101.64883929661393 101.66454119489417 101.63403980628081 101.62456452283584 101.62979848892925 101.64559062800423 101.64983194535577 101.6588560248272 101.68276983542643 101.73980201768575 101.81804078670288 101.86460503677537 101.88229223253934 101.87705826644593
101.51934375619918 101.49931029977265 101.50752221209163 101.51203425182733 101.51483171646346 101.51681701394718 101.52033640494103 101.52132905368289 101.52484844467673 101.52927024361772 101.53306035699572 101.53928697183099 101.54632575381869 101.55507911090596 101.5662689694505 101.57682714243207 101.58909989051318 101.60083119382601 101.60777973501901 101.61878911197412 101.62483524521997 101.62853511780325 101.63376908389667 101.63683727091694 101.63358860230724 101.6307911376711 101.63629582614867 101.62158657661027 101.62284994773627 101.62284994773627 101.61256249713887 101.61156984839701 101.68033333396914 101.73429732920819 101.77508616841898 101.76155004921186 101.77454472365069 101.81109224550991 101.87029020684236 101.979301086857 101.9785791604993 101.94609247440222 101.86659033425909
101.52403627752432 101.49831765103079 101.49831765103079 101.50382233950835 101.50535643301849 101.50680028573392 101.5073417305022 101.50977823195949 101.51329762295332 101.51708773633132 101.52006568255689 101.5265630197763 101.53360180176401 101.54208443646714 101.55309381342225 101.56554704309279 101.57682714243207 101.58558049951934 101.59252904071232 101.60209456495201 101.60606515991944 101.60931382852915 101.61752574084812 101.61283321952298 101.61229177475472 101.61283321952298 101.6135551458807 101.59577770932202 101.60678708627715 101.61202105237058 101.60931382852915 101.66679721476203 101.77553737239255 101.89754292684603 101.85305421505196 101.83356220339371 101.88960173691117 101.94780704950179 101.93409044870525 101.97830843811515 101.9670283387759 101.87958500869792 101.80306081478034
101.51853158904675 101.49434705606336 101.48803020043339 101.49353488891094 101.49479826003693 101.49434705606336 101.49579090877879 101.49732500228893 101.49931029977265 101.50282969076649 101.50779293447577 101.51456099407932 101.52159977606703 101.531075059512 101.5425356404407 101.55408646216411 101.56229837448309 101.57078100918622 101.57709786481621 101.58458785077748 101.58882916812904 101.59334120786475 101.59929710031588 101.59307048548061 101.59334120786475 101.59433385660661 101.57655642004792 101.57809051355807 101.60281649130972 101.69206463728199 101.71309074245038 101.77752266987626 101.91559108578885 102.02857256077091 101.85278349266783 101.85531023491981 101.90683772870157 101.92154697823997 101.86956828048464 101.88806764340104 101.87805091518777 101.80378274113805 101.76506944020569
101.49533970480522 101.48405960546596 101.47855491698839 101.48378888308181 101.48478153182367 101.4843303278501 101.48604490294967 101.48604490294967 101.48803020043339 101.49109838745366 101.49552018639464 101.50156631964049 101.50833437924406 101.51780966268903 101.52881903964415 101.54154299169885 101.54984514481254 101.55932042825754 101.56681041421879 101.57357847382237 101.57583449369021 101.58034653342591 101.58260255329377 101.57935388468405 101.57908316229991 101.57032980521265 101.5508377935544 101.57330775143822 101.70235208787939 101.79277336418293 101.83428412975142 101.8680341869745 102.0048392317611 102.00177104474083 101.83428412975142 101.86108564578153 101.913335065921 101.92777359307526 101.82354547518045 101.78257615438024 101.77283014855112 101.76904003517312 101.751082117025
101.48405960546596 101.4727795061267 101.46808698480156 101.47052348625884 101.47160637579542 101.47359167327912 101.47530624837869 101.47557697076283 101.47584769314697 101.47855491698839 101.48026949208796 101.48559369897609 101.49227151778494 101.50102487487221 101.51185377023789 101.52430699990846 101.53152626348557 101.5412722693147 101.54903297766012 101.56031307699939 101.56283981925137 101.57402967779593 101.57709786481621 101.57357847382237 101.56004235461525 101.55101827514383 101.54885249607068 101.62402307806755 101.75351861848229 101.83581822326157 101.87110237399479 101.89627955572003 101.9338197263211 101.93084178009553 101.83879616948714 101.90304761532357 101.95529703546305 101.9785791604993 101.87985573108206 101.81009959676805 101.73826792417562 101.73483877397648 101.73709479384432
101.46935035592756 101.4580702565883 101.45283629049487 101.45328749446844 101.45635568148873 101.45879218294601 101.46158964758213 101.46077748042971 101.46077748042971 101.46177012917157 101.46285301870813 101.46781626241741 101.4727795061267 101.48153286321396 101.49227151778494 101.50003222613036 101.50652956334977 101.52060712732518 101.52755566851816 101.54352828918256 101.57628569766379 101.5898218168709 101.5923485591229 101.57980508865762 101.56455439435094 101.55959115064168 101.56978836044436 101.6621046934369 101.71227857529796 101.78627602696352 101.79854877504465 101.86659033425909 101.89979894671389 101.94302428738193 101.87931428631377 101.94329500976608 101.95484583148948 101.9798425316253 101.9415804346665 101.83428412975142 101.75577463835015 101.72184409953765 101.72085145079579
101.44354148863931 101.42982488784277 101.4312687405582 101.43352476042605 101.43785631857233 101.44110498718204 101.44281956228161 101.44002209764547 101.44182691353976 101.44354148863931 101.44155619115561 101.43884896731419 101.44435365579174 101.47133565341127 101.48252551195581 101.4888423675858 101.51708773633132 101.53576758083715 101.54659647620284 101.56852498931836 101.6108479220393 101.6275424690614 101.62203778058384 101.60660660468773 101.60435058481987 101.6012823977996 101.60056047144187 101.65028314932935 101.67383599674974 101.6768139429753 101.682589353837 101.76660353371584 101.84854217531627 101.90602556154914 101.95006306936965 101.96332846619262 101.94708512314408 101.90728893267514 101.88256295492349 101.79430745769308 101.7375459978179 101.7043373853631 101.71706133741779
