static/data/pressure/2023/7/21/18.asc
ncols 137
nrows 93
xllcorner 108.0
yllcorner 17.0
cellsize 0.25
NODATA_value -32767
[rows 0 to 18 of 93, columns 0 to 42 of 137]
100.98439632513391 100.99170582950575 101.00271520646086 101.01670252964156 101.01841710474113 100.9939618493736 100.9619263672501 100.93747111188256 100.9031796098912 100.86545895770071 100.82945288060978 100.81393146391895 100.80039534471183 100.79092006126685 100.8034635317321 100.83342347557719 100.85796897173944 100.87168557253598 100.90272840591763 100.92122776883403 100.89641155028765 100.86518823531657 100.86618088405842 100.87917555849725 100.88892156432638 100.88368759823297 100.89821636618194 100.95443638128882 100.99865437069874 101.00921254368029 101.00045918659303 100.92564956777503 100.83865744167062 100.7541920578182 100.72441259556255 100.71972007423742 100.73018800642426 100.75193603795034 100.75644807768606 100.75590663291777 100.75717000404377 100.76845010338303 100.77666201570202
101.02040240222483 101.02996792646454 101.03790911639938 101.03989441388309 101.0387212835518 101.00821989493843 100.98168910129249 100.95597047479896 100.92889823638473 100.89442625280394 100.85814945332886 100.82268482100622 100.80147823424839 100.80364401332153 100.82764806471549 100.87773170578183 100.89072638022066 100.89596034631408 100.90895502075291 100.89442625280394 100.86897834869455 100.84822296591032 100.89966021889737 100.94866097042713 100.95894842102453 100.90940622472648 100.93016160751073 100.97122116910565 101.00018846420889 100.9524510838051 100.9044429810172 100.84921561465218 100.77043540086675 100.71944935185327 100.69941589542674 100.7004085441686 100.70266456403644 100.70167191529458 100.69968661781087 100.6991451730426 100.70916190125587 100.71944935185327 100.72639789304627
101.04269187851922 101.05568655295805 101.05090379083822 101.0387212835518 101.02247794050326 100.99215703347932 100.96914563082721 100.9459537465857 100.91121104062077 100.88720698922681 100.8589616204813 100.82521156325821 100.79146150603513 100.79272487716113 100.82142144988022 100.87664881624526 100.88819963796865 100.8807096520074 100.86266149306458 100.83965009041248 100.83396492034548 100.8493960962416 100.93918568698213 100.98195982367663 100.9849377699022 100.94171242923413 100.96246781201839 100.96869442685365 100.93864424221385 100.83739407054462 100.77864731318573 100.73343667503396 100.69770132032717 100.67171197144951 100.66566583820365 100.67089980429708 100.67216317542308 100.67315582416494 100.67089980429708 100.6594392233684 100.6569124811164 100.65998066813667 100.6646731894618
101.04792584461265 101.05893522156776 101.04792584461265 101.03321659507425 101.01291241626357 100.99170582950575 100.9722138178475 100.94893169281127 100.89596034631408 100.87394159240384 100.85372765438787 100.82873095425207 100.79245415477699 100.7931760811347 100.82322626577451 100.86771497756855 100.88314615346468 100.87917555849725 100.86320293783285 100.85941282445486 100.86843690392627 100.90994766949477 100.96716033334351 100.98096717493478 100.95389493652053 100.91843030419788 100.90814285360048 100.8736708700197 100.82521156325821 100.75942602391163 100.71620068324356 100.67848003105307 100.65591983237454 100.64021793409428 100.63489372720615 100.63895456296828 100.64121058283614 100.63868384058414 100.62767446362902 100.60791172958663 100.60547522812935 100.60718980322892 100.6121530469382
101.04097730341965 101.0501818644805 101.04070658103551 101.02644853547068 101.00767845017015 100.98295247241849 100.9619263672501 100.93692966711428 100.8954189015458 100.87592688988755 100.8551715071033 100.8181727812705 100.80689268193125 100.81745085491279 100.87746098339768 100.92194969519174 100.94189291082355 100.94017833572399 100.9139182644622 100.89740419902951 100.91969367532388 100.96842370446952 101.03014840805396 100.97943308142463 100.93819303824029 100.84768152114204 100.8022001606061 100.76971347450903 100.74146810576352 100.70564251026201 100.6684633028398 100.64842984641326 100.62839638998673 100.61314569568005 100.60547522812935 100.60619715448706 100.6039411346192 100.59266103527995 100.57939563845696 100.56215964666657 100.55891097805687 100.55972314520929 100.55818905169916
101.04648199189722 101.04296260090337 101.0304191304381 101.01616108487327 101.00569315268643 100.97771850632506 100.95597047479896 100.93097377466316 100.89740419902951 100.87141485015184 100.83044552935164 100.78992741252499 100.79841004722813 100.86744425518441 100.9344029248623 100.96697985175409 100.97943308142463 100.97717706155677 100.9171669330719 100.87547568591397 100.89740419902951 100.94523182022799 100.99865437069874 100.95064626791084 100.87141485015184 100.77945948033816 100.73442932377581 100.7036572127783 100.67721665992707 100.65492718363268 100.6416617868097 100.6224404975356 100.60421185700335 100.59419512879009 100.58616369806053 100.57019107739613 100.55945242282516 100.54817232348589 100.5341850003052 100.51839286123023 100.51469298864694 100.51243696877908 100.51090287526897
101.0501818644805 101.04043585865136 101.02572660911297 101.00442978156043 100.99296920063175 100.96490431347567 100.94270507797599 100.91770837784019 100.89271167770437 100.85390813597729 100.81266809279296 100.77891803556987 100.8206995235225 100.88991421306822 100.93115425625258 100.93097377466316 100.94523182022799 100.95389493652053 100.90543562975905 100.86771497756855 100.8724074988937 100.91743765545604 100.93692966711428 100.88314615346468 100.80364401332153 100.73172209993439 100.69544530045933 100.66440246707765 100.64265443555156 100.62541844376116 100.6121530469382 100.60096318839364 100.5834564742191 100.57398119077412 100.56297181381899 100.54745039712817 100.53698246494133 100.52245369699236 100.50846637381169 100.48121365380801 100.47191885195247 100.46948235049518 100.46569223711718
101.06191316779334 101.04792584461265 101.02365107083455 100.99865437069874 100.97717706155677 100.95064626791084 100.9261910125433 100.90597707452734 100.88440952459067 100.85246428326187 100.81564603901852 100.79471017464485 100.84145490630675 100.90146503479163 100.91689621068775 100.88666554445852 100.89596034631408 100.91996439770803 100.90715020485862 100.88720698922681 100.90615755611677 100.91346706048861 100.89767492141365 100.8399208127966 100.78018140669587 100.71620068324356 100.67820930866893 100.640939860452 100.62144784879375 100.60421185700335 100.59392440640595 100.58372719660325 100.56793505752827 100.5559330318313 100.54745039712817 100.53544837143119 100.52895103421177 100.51469298864694 100.48870363976928 100.45468286016207 100.43943216585538 100.42318882280684 100.41172824187814
101.07617121335817 101.05767185044176 101.03664574527338 101.00695652381243 100.9824110276502 100.95741432751439 100.93196642340502 100.89740419902951 100.87520496352982 100.84921561465218 100.81546555742909 100.81023159133568 100.84822296591032 100.92546908618559 100.91491091320405 100.89370432644623 100.88819963796865 100.91572308035647 100.87520496352982 100.87421231478798 100.91364754207805 100.91319633810448 100.87971700326554 100.85246428326187 100.79841004722813 100.72991728404011 100.65970994575254 100.62018447766775 100.60367041223506 100.59166838653809 100.58165165832482 100.57271781964812 100.55818905169916 100.54347980216076 100.53445572268934 100.52669501434393 100.51893430599851 100.50242024056583 100.4734529454626 100.44042481459724 100.41596955922971 100.38889732081547 100.35442533723469
101.09042925892298 101.07364447110616 101.0572206464682 101.0387212835518 101.0157098808997 100.99044245837975 100.94920241519542 100.91094031823663 100.8743927963774 100.8499375410099 100.8116754440511 100.78694946629943 100.81293881517709 100.90769164962691 100.93097377466316 100.9261910125433 100.87547568591397 100.80319280934796 100.75816265278563 100.78821283742542 100.85192283849358 100.86392486419058 100.85941282445486 100.8391988864389 100.81645820617094 100.72693933781454 100.6499639399234 100.60240704110906 100.58742706918652 100.57921515686753 100.57371046838998 100.5649571113027 100.5521429184533 100.53644102017304 100.52840958944348 100.52064888109808 100.51117359765311 100.49141086361071 100.46948235049518 100.43916144347124 100.40171151366488 100.34892064875712 100.31670468504419
101.12445003853021 101.11190656806495 101.10414585971955 101.08943661018114 101.05370125547434 101.01092711877986 100.96445310950209 100.91969367532388 100.88116085598097 100.84596694604247 100.80021486312239 100.7726914207346 100.7982295656387 100.8794462808814 100.87646833465583 100.80418545808982 100.69346000297561 100.63895456296828 100.66747065409794 100.7337073974181 100.83820623769704 100.87267822127784 100.8736708700197 100.84091346153846 100.7944394522607 100.69219663184961 100.62298194230388 100.58318575183496 100.57795178574155 100.57118372613799 100.56766433514413 100.56215964666657 100.55015762096959 100.53147777646377 100.51794165725666 100.50720300268569 100.49772771924069 100.48193558016573 100.46370693963347 100.43970288823952 100.40243344002259 100.35821545061268 100.35144739100912
101.12941328223948 101.11993799879451 101.10793597309753 101.08492457044544 101.03845056116766 101.00415905917629 100.96914563082721 100.93115425625258 100.88341687584882 100.82764806471549 100.79642474974442 100.7982295656387 100.85246428326187 100.84723031716847 100.76195276616362 100.6499639399234 100.59590970388966 100.66494391184594 100.77097684563503 100.86248101147514 100.89623106869823 100.92068632406574 100.91942295293974 100.86870762631041 100.75094338920849 100.64897129118154 100.59618042627379 100.57497383951598 100.57371046838998 100.56297181381899 100.55791832931502 100.55241364083744 100.54041161514047 100.52543164321793 100.51370033990509 100.50395433407597 100.49493025460455 100.47868691155601 100.46172164214975 100.44241011208095 100.41840606068699 100.40667475737416 100.41669148558742
101.09467057627455 101.07797602925244 101.06471063242947 101.04422597202937 101.008671098912 100.9767258575832 100.94071978049227 100.8992090149238 100.84470357491647 100.80815605305725 100.79669547212856 100.82791878709963 100.88296567187525 100.81068279530925 100.72946608006654 100.66214644720982 100.73072945119254 100.84822296591032 100.90065286763922 100.88946300909465 100.88215350472282 100.91445970923047 100.89740419902951 100.83315275319305 100.70591323264615 100.63164505859643 100.58517104931867 100.56793505752827 100.56116699792473 100.55115026971144 100.54519437726032 100.53914824401447 100.52840958944348 100.51893430599851 100.50864685540111 100.50043494308211 100.49267423473671 100.48067220903972 100.46839946095861 100.4517049139365 100.43365675499368 100.44114674095495 100.45314876665192
101.06191316779334 101.04648199189722 101.03240442792182 101.01219048990586 100.99044245837975 100.9472171177117 100.91346706048861 100.8781829097554 100.83071625173578 100.79669547212856 100.78920548616728 100.8161874837868 100.85444958074558 100.80247088299025 100.73668534364367 100.76195276616362 100.86942955266812 100.91319633810448 100.86618088405842 100.83495756908734 100.84894489226804 100.85544222948744 100.83297227160364 100.76745745464117 100.67342654654908 100.61395786283246 100.57894443448339 100.56017434918287 100.54817232348589 100.53770439129904 100.52967296056948 100.51965623235623 100.50991022652711 100.50323240771826 100.50440553804954 100.50043494308211 100.51667828613066 100.52146104825052 100.51216624639494 100.50720300268569 100.4952009769887 100.49772771924069 100.49123038202129
101.03691646765752 101.04494789838708 101.03014840805396 101.00966374765386 100.9869230673859 100.9484804888377 100.92844703241116 100.89623106869823 100.84244755504861 100.78920548616728 100.78018140669587 100.79516137861842 100.8411841839226 100.79498089702899 100.7476947205988 100.76917202974074 100.86121764034915 100.88143157836511 100.8417256286909 100.81916543001236 100.82015807875422 100.8199775971648 100.79371752590299 100.73190258152381 100.65167851502297 100.60168511475135 100.56820577991242 100.5521429184533 100.53896776242505 100.52443899447607 100.5091883001694 100.49872036798254 100.49123038202129 100.49691555208827 100.50341288930768 100.54293835739247 100.57443239474769 100.57822250812569 100.57497383951598 100.56946915103842 100.57343974600585 100.56297181381899 100.55169171447973
101.00316641043443 101.01814638235699 101.02518516434469 101.00515170791815 100.97392839294707 100.94541230181741 100.92564956777503 100.91346706048861 100.86320293783285 100.80147823424839 100.78270814894786 100.79795884325456 100.86464679054829 100.7919127100087 100.74417532960494 100.72766126417226 100.80896822020968 100.84668887240018 100.8724074988937 100.85047898577815 100.81970687478065 100.83766479292876 100.81122424007752 100.7349707685441 100.63696926548457 100.58616369806053 100.56197916507715 100.54591630361803 100.53066560931134 100.51072239367953 100.49547169937284 100.488162195001 100.4836501552653 100.49619362573056 100.52290490096594 100.56215964666657 100.59545849991609 100.59392440640595 100.59094646018038 100.59717307501565 100.60664835846063 100.59618042627379 100.57993708322525
100.97690633917264 101.00045918659303 101.007407727786 101.00145183533488 100.9593996249981 100.92564956777503 100.92240089916531 100.91021839187891 100.91644500671418 100.81348025994538 100.7944394522607 100.77666201570202 100.84614742763189 100.76817938099889 100.75139459318207 100.7349707685441 100.81122424007752 100.82846023186792 100.85417885836144 100.86870762631041 100.84289875902218 100.87294894366198 100.81546555742909 100.73894136351151 100.62415507263518 100.5796663608411 100.55548182785773 100.5386970400409 100.52344634573421 100.50395433407597 100.49095965963714 100.4836501552653 100.48617689751728 100.51090287526897 100.53770439129904 100.5546696607053 100.57921515686753 100.57668841461555 100.57840298971512 100.58444912296096 100.59897789090992 100.59139766415394 100.57515432110542
100.95921914340867 100.98547921467049 101.02347058924512 101.02166577335083 100.95840697625624 100.88116085598097 100.8819730231334 100.8966822726718 100.94297580036013 100.80941942418325 100.71042527238187 100.68272134840463 100.7279319865564 100.71466658973341 100.70717660377215 100.78045212908002 100.85941282445486 100.83369419796134 100.80265136457967 100.81772157729694 100.84596694604247 100.85842017571301 100.79218343239285 100.70519130628844 100.6064678768712 100.56919842865427 100.54717967474403 100.52922175659592 100.51920502838266 100.50467626043368 100.49168158599485 100.48716954625914 100.491952308379 100.51920502838266 100.5329216291792 100.54844304587002 100.56414494415027 100.56847650229656 100.56992035501199 100.57542504348955 100.58941236667023 100.58020780560939 100.56721313117056
100.91572308035647 100.94297580036013 100.98719378977005 101.01318313864772 100.96291901599196 100.86266149306458 100.79173222841928 100.79146150603513 100.81393146391895 100.7023938416523 100.59717307501565 100.561708442693 100.58941236667023 100.61747725382632 100.69391120694918 100.79290535875056 100.87746098339768 100.81420218630309 100.77566936696017 100.74471677437323 100.77539864457603 100.75870409755392 100.69264783582318 100.60818245197078 100.57542504348955 100.55891097805687 100.53617029778891 100.52344634573421 100.51866358361437 100.50593963155968 100.49718627447241 100.49393760586271 100.49745699685654 100.51072239367953 100.52317562335008 100.53319235156334 100.55169171447973 100.56116699792473 100.57398119077412 100.58020780560939 100.58490032693453 100.56694240878642 100.55439893832116
