static/data/pressure/2023/7/21/6.asc
ncols 137
nrows 93
xllcorner 108.0
yllcorner 17.0
cellsize 0.25
NODATA_value -32767
[rows 19 to 37 of 93, columns 43 to 85 of 137]
100.68479688668305 100.69959637701616 100.69454289251217 100.68660170257733 100.68434568270948 100.69481361489632 100.71430562655458 100.73776823318023 100.76032843185877 100.77882779477517 100.79335656272413 100.82106048670136 100.85634463743457 100.89180926975723 100.91003791028947 100.93133473784202 100.95578999320954 100.98331343559734 101.00253472487145 101.0208536061984 101.03854080196237 101.0553255897792 101.07409567507973 101.09133166687013 101.10685308356095 101.12102088833109 101.13807639853205 101.14935649787131 101.157026965422 101.15883178131628 101.14728095959289 101.14980770184488 101.16379502502556 101.19131846741337 101.24302644278455 101.31260209550913 101.35104467405735 101.31756533921842 101.29626851166589 101.31503859696642 101.3475252830635 101.36557344200632 101.36431007088032
100.65104682945997 100.64635430813485 100.641571546015 100.63805215502114 100.64003745250486 100.65104682945997 100.6723436570125 100.69977685860559 100.72757102337755 100.7515750747715 100.7733231062976 100.80382449491097 100.84010129438605 100.87728050180826 100.89984070048679 100.92005463850275 100.94008809492928 100.96057275532938 100.98078669334535 101.00082014977188 101.02031216143013 101.03781887560466 101.05785233203119 101.07635169494759 101.0930462419697 101.10883838104466 101.12860111508706 101.14502493972503 101.15783913257442 101.16478767376742 101.15332709283874 101.16054635641585 101.1850918525781 101.2298512867563 101.2700986811988 101.31278257709856 101.3340794046511 101.31729461683427 101.32478460279555 101.33705735087666 101.34635215273221 101.3373280732608 101.34256203935422
100.61332617726947 100.59807548296278 100.5942853695848 100.59482681435308 100.59951933567821 100.61531147475318 100.64084961965729 100.67008763714465 100.70131095211573 100.72910511688768 100.75509446576534 100.78352031610028 100.81654844696565 100.85129115293059 100.88052917041797 100.9012845532022 100.92005463850275 100.93954665016099 100.9612946816871 100.98078669334535 100.99982750103003 101.01977071666184 101.04106754421437 101.0598376295149 101.07806627004716 101.09584370660583 101.11885510925795 101.1423177158836 101.16009515244228 101.17579705072254 101.17859451535868 101.19059654105565 101.22010528092719 101.26305989921109 101.28002516861734 101.29031261921476 101.30105127378573 101.31052655723072 101.32830399378939 101.33759879564495 101.33958409312866 101.33507205339296 101.33877192597623
100.58932212587553 100.57154468931684 100.562340128256 100.562340128256 100.56829602070712 100.58508080852395 100.6127847325012 100.64707623449254 100.67983364297378 100.70979358681886 100.73605365808066 100.76384782285263 100.79155174682985 100.82358722895336 100.85282524644073 100.87827315055011 100.89902853333436 100.91933271214502 100.93927592777685 100.95958010658752 100.98033548937178 101.00208352089788 101.02356083003983 101.04305284169808 101.06128148223033 101.08357095852472 101.11208704965438 101.13609110104834 101.15910250370042 101.17760186661683 101.18879172516138 101.20855445920377 101.23779247669114 101.26459399272123 101.2720839786825 101.28255191086934 101.2913052679566 101.29852453153374 101.30881198213115 101.31530931935056 101.3181067839867 101.32559676994796 101.33128194001496
100.57777130415212 100.56658144560755 100.55827929249386 100.55602327262602 100.56107675713001 100.56901794706485 100.5923000721011 100.62929879793388 100.66359029992525 100.69255759502848 100.71755429516428 100.7445362927838 100.77260117993988 100.80229040140082 100.83107721491464 100.85679584140816 100.87953652167612 100.89902853333436 100.91752789625076 100.93683942631957 100.9580460130774 100.9810574157295 101.0035273736133 101.02428275639754 101.04684295507607 101.07409567507973 101.10405561892483 101.13130833892849 101.15107107297088 101.16957043588728 101.18653570529352 101.20629843933591 101.22958056437216 101.24753848252027 101.25556991324983 101.26459399272123 101.27253518265609 101.27479120252391 101.2835445596112 101.29410273259275 101.30258536729588 101.31133872438313 101.32153593418585
100.5775908225627 100.57307878282698 100.56703264958114 100.56477662971328 100.56604000083928 100.56730337196528 100.58580273488167 100.62027471846245 100.65131755184412 100.67884099423193 100.7042888983413 100.73009776562954 100.75852361596448 100.78559585437871 100.81402170471367 100.83955984961776 100.85959330604429 100.8788145953184 100.89460673439336 100.91283537492562 100.93458340645172 100.95930938420338 100.9823207868555 101.00885158050143 101.03655550447866 101.06759833786033 101.09909237521555 101.12580365045092 101.14457373575146 101.15504166793829 101.17227765972869 101.18707715006181 101.20981783032975 101.22831719324616 101.24031921894313 101.24880185364626 101.25484798689212 101.25656256199169 101.26531591907894 101.27452048013978 101.28580057947906 101.29428321418217 101.30429994239545
100.58101997276182 100.57984684243053 100.57804202653627 100.57578600666841 100.57479335792655 100.57452263554241 100.59031477461738 100.61431882601133 100.64527141859827 100.6698169147605 100.6953550596646 100.72080296377398 100.74534845993622 100.7720597351716 100.79804908404927 100.82232385782736 100.84208659186976 100.85977378763371 100.87556592670869 100.89235071452552 100.91454995002519 100.93927592777685 100.96679937016467 100.99531546129433 101.02626805388125 101.05758160964704 101.08934636938642 101.11452355111166 101.13184978369678 101.13879832488975 101.15233444409688 101.16731441601942 101.19456713602308 101.21685661231747 101.23030249072987 101.2407704229167 101.24681655616256 101.24934329841454 101.25430654212383 101.26360134397937 101.27452048013978 101.28309335563763 101.28904924808876
100.58778803236538 100.5853515309081 100.58381743739795 100.58255406627195 100.5815614175301 100.58508080852395 100.59455609196894 100.61684556826332 100.64184226839913 100.66602680138251 100.68985037118705 100.711327680329 100.7356024541071 100.75933578311691 100.78252766735844 100.80580979239468 100.82485060007936 100.84280851822747 100.86103715875971 100.8775512241924 100.90002118207622 100.92285210313888 100.95055602711612 100.98006476698764 101.01083687798514 101.04079682183023 101.0693129129599 101.09458033547985 101.10928958501825 101.12354763058306 101.13933976965804 101.17958716410054 101.20783253284606 101.22154913364261 101.23030249072987 101.2407704229167 101.24555318503656 101.24753848252027 101.2503359471564 101.26206725046923 101.27307662742436 101.28002516861734 101.28381528199535
100.59130742335924 100.58760755077596 100.58508080852395 100.58453936375567 100.59184886812751 100.59654138945264 100.60078270680421 100.61756749462103 100.64202274998857 100.66485367105123 100.68506760906719 100.70329624959945 100.72504428112555 100.74877761013535 100.77052564166146 100.79128102444571 100.8097803873621 100.82855047266264 100.84858392908917 100.86527847611129 100.88504121015366 100.90733068644805 100.93178594181559 100.96057275532938 100.98954005043261 101.01877806792 101.04684295507607 101.07526880541101 101.09205359322785 101.11984775799979 101.17128501098685 101.2228125047686 101.24131186768498 101.22705382212015 101.23228778821358 101.24158259006913 101.24681655616256 101.24934329841454 101.25385533815026 101.2663085678208 101.27885203828606 101.28453720835306 101.28877852570461
100.57984684243053 100.58228334388781 100.58129069514595 100.58805875474953 100.59979005806235 100.61305545488533 100.62577940694003 100.64057889727314 100.65429549806969 100.66783161727679 100.67857027184779 100.69255759502848 100.71403490417043 100.73830967794852 100.76059915424291 100.78108381464301 100.79732715769156 100.81528507583967 100.8360404586239 100.8545398215403 100.87231725809897 100.89180926975723 100.91482067240933 100.94432941228084 100.97555272725192 101.00677604222301 101.03827007957823 101.06777881944976 101.0943096130957 101.11957703561566 101.16027563403172 101.19429641363894 101.21234457258176 101.21180312781347 101.22227106000032 101.23255851059773 101.24401909152641 101.25259196702426 101.26107460172737 101.27578385126577 101.28904924808876 101.29581730769232 101.30258536729588
100.56658144560755 100.5775908225627 100.58228334388781 100.5910367009751 100.60556546892406 100.62632085170831 100.65429549806969 100.67252413860193 100.68082629171562 100.67983364297378 100.67135100827065 100.68028484694736 100.70058902575802 100.7260369298674 100.7510336300032 100.77503768139717 100.79110054285628 100.8065317187524 100.82376771054278 100.84154514710147 100.86103715875971 100.88079989280212 100.90480394419606 100.93656870393542 100.9663481661911 100.99784220354631 101.03059961202754 101.06434966925062 101.10035574634155 101.1230964266095 101.14529566210918 101.16478767376742 101.18229438794197 101.20034254688478 101.21234457258176 101.22407587589458 101.24031921894313 101.26405254795294 101.28282263325349 101.2970806788183 101.30457066477959 101.3040292200113 101.30285608968002
100.57777130415212 100.58580273488167 100.58878068110724 100.59455609196894 100.60385089382449 100.62352338707217 100.6480688832344 100.66756089489266 100.68082629171562 100.69003085277647 100.67405823211207 100.67378750972793 100.68804555529276 100.71358370019686 100.74282171768424 100.77052564166146 100.78902500457785 100.80481714365283 100.82051904193308 100.83405516114018 100.85508126630859 100.8750244819404 100.8992992557185 100.93133473784202 100.95985082897167 100.99233751506875 101.02428275639754 101.05379149626906 101.08302951375644 101.11280897601209 101.1415957895259 101.16379502502556 101.17976764568996 101.19330376489708 101.20602771695177 101.22154913364261 101.24058994132727 101.26856458768866 101.29455393656632 101.30709740703159 101.309804630873 101.30709740703159 101.30881198213115
100.58805875474953 100.59609018547907 100.59834620534693 100.59780476057864 100.6045728201822 100.61657484587919 100.637781432637 100.66106355767324 100.6857895354249 100.6986037282743 100.67252413860193 100.66133428005739 100.67505088085393 100.70257432324173 100.73334643423924 100.76384782285263 100.78604705835228 100.80283184616911 100.81808254047579 100.8308064925305 100.85309596882487 100.87403183319854 100.8980358845925 100.92655197572216 100.95506806685182 100.9888181240749 101.01931951268828 101.04657223269193 101.06777881944976 101.0975582817054 101.12679629919278 101.15179299932859 101.170292362245 101.18806979880367 101.20855445920377 101.22660261814659 101.25060666954055 101.27433999855035 101.30005862504387 101.31377522584042 101.31729461683427 101.31855798796028 101.32352123166956
100.59527801832665 100.60330944905621 100.60529474653993 100.6045728201822 100.60430209779807 100.61458954839547 100.63633757992157 100.66277813277281 100.68732362893505 100.69553554125403 100.6653048750248 100.6538442940961 100.66503415264066 100.69228687264433 100.72278826125769 100.75680904086491 100.77927899874874 100.79859052881756 100.81429242709781 100.83107721491464 100.85634463743457 100.87728050180826 100.89984070048679 100.92727390207988 100.95633143797782 100.99251799665818 101.02301938527154 101.04530886156594 101.06380822448233 101.0917828708437 101.11759173813195 101.1423177158836 101.16758513840357 101.1896038923138 101.20954710794562 101.23282923298187 101.25710400675996 101.27758866716006 101.30078055140159 101.31530931935056 101.32108473021228 101.3213554525964 101.32054328544399
100.60385089382449 100.60980678627563 100.61134087978577 100.60908485991791 100.60908485991791 100.61458954839547 100.63326939290128 100.65907826018953 100.67658497436408 100.68353351555704 100.65610031396396 100.64852008720797 100.65980018654724 100.68551881304076 100.71484707132285 100.7490483325195 100.77557912616545 100.79480041543955 100.81384122312424 100.83333323478247 100.860315232402 100.88630458127966 100.90904526154762 100.93783207506142 100.96652864778052 101.00208352089788 101.0315922607694 101.0540622186532 101.06985435772818 101.08835372064456 101.11407234713809 101.13879832488975 101.164607192178 101.18906244754552 101.20981783032975 101.23282923298187 101.25060666954055 101.26928651404637 101.29058334159889 101.30330729365359 101.30908270451529 101.30583403590559 101.30258536729588
100.60529474653993 100.60953606389148 100.61585291952146 100.61359689965361 100.61630412349504 100.61756749462103 100.63110361382815 100.6448202146247 100.66232692879925 100.66602680138251 100.64509093700885 100.64003745250486 100.65907826018953 100.68479688668305 100.71331297781272 100.7465215902675 100.77377431027116 100.79831980643341 100.81781181809166 100.83784527451819 100.86708329200556 100.89307264088323 100.92158873201288 100.95127795347383 100.97934284062993 101.01155880434285 101.04079682183023 101.06434966925062 101.08032228991502 101.0943096130957 101.11082367852838 101.13554965628005 101.16054635641585 101.18427968542568 101.20503506820992 101.22154913364261 101.23905584781714 101.25358461576612 101.27054988517237 101.2835445596112 101.29085406398303 101.28778587696276 101.28552985709491
100.60060222521479 100.60529474653993 100.61558219713733 100.62505748058231 100.63029144667573 100.6230721830986 100.6230721830986 100.63534493117972 100.64130082363086 100.6435568434987 100.63128409541758 100.63931552614714 100.65880753780539 100.68876748165047 100.71827622152199 100.7510336300032 100.77855707239102 100.80310256855326 100.82629445279478 100.84578646445303 100.87457327796683 100.90083334922863 100.92952992194773 100.9612946816871 100.98809619771718 101.01977071666184 101.0463015103078 101.07003483931761 101.09106094448599 101.10152887667283 101.1173210157478 101.1332936364122 101.1575684101903 101.17832379297454 101.19709387827507 101.21351770291304 101.22759526688844 101.24104114530084 101.2560211172234 101.26982795881466 101.27731794477592 101.27957396464377 101.27831059351777
100.60854341514963 100.61558219713733 100.62857687157617 100.63760095104757 100.63002072429158 100.62153808958846 100.61684556826332 100.61756749462103 100.62135760799903 100.62758422283432 100.62632085170831 100.639044803763 100.66431222628295 100.6953550596646 100.72459307715198 100.75707976324905 100.78433248325271 100.8097803873621 100.83459660590847 100.85634463743457 100.88107061518626 100.90705996406392 100.93530533280942 100.96905539003251 100.99477401652604 101.02329010765568 101.04927945653336 101.07283230395373 101.09809972647369 101.11109440091252 101.1250817240932 101.13933976965804 101.15477094555416 101.17354103085468 101.19158918979751 101.20530579059407 101.2195638361589 101.233099955366 101.24726776013613 101.26179652808509 101.27307662742436 101.27731794477592 101.27560336967635
100.63534493117972 100.63877408137886 100.65582959157982 100.65853681542124 100.6435568434987 100.60908485991791 100.60403137541392 100.60502402415578 100.60980678627563 100.61684556826332 100.62803542680788 100.64734695687669 100.67252413860193 100.70185239688402 100.72982704324541 100.76204300695834 100.78785187424657 100.81329977835595 100.84010129438605 100.86509799452186 100.89081662101538 100.91409874605162 100.93981737254514 100.97356742976821 101.0047907447393 101.03105081600111 101.05460366342149 101.07734434368945 101.10279224779883 101.12354763058306 101.13834712091618 101.14908577548717 101.15883178131628 101.17507512436482 101.18779907641952 101.19934989814293 101.21053975668748 101.22335394953687 101.23833392145943 101.2515993182824 101.26278917682694 101.27127181153008 101.27307662742436
