static/data/thetao/2023/7/4/0.asc
ncols 137
nrows 93
xllcorner 108.0
yllcorner 17.0
cellsize 0.25
NODATA_value -32767
[rows 0 to 26 of 93, columns 61 to 121 of 137]
-32767.0 -32767.0 -32767.0 -32767.0 -32767.0 -32767.0 -32767.0 -32767.0 -32767.0 -32767.0 -32767.0 -32767.0 -32767.0 -32767.0 -32767.0 -32767.0 -32767.0 -32767.0 -32767.0 21.976301 21.93369 21.571173 21.3244 21.426228 21.610489 21.528181 21.584846 21.296917 21.126453 21.27226 21.682568 21.570295 21.641916 22.63456 22.887646 22.688198 22.753658 22.91828 23.022436 22.76146 22.701862 22.677168 22.357027 22.229479 22.187107 21.800877 21.715334 22.03154 21.975315 21.902256 21.852453 21.81106 21.822805 21.841185 21.926672 21.837523 21.608088 21.491638 21.497501 21.656189 21.577995
24.972523 24.832865 25.226944 25.555283 25.93517 26.243118 26.574808 -32767.0 -32767.0 -32767.0 -32767.0 -32767.0 -32767.0 -32767.0 -32767.0 -32767.0 -32767.0 -32767.0 22.10961 22.357351 22.322655 22.230347 22.451073 22.324816 22.199574 22.219795 22.26223 21.67382 21.395575 21.88274 22.32752 22.02598 22.244698 22.822306 22.43469 22.400883 22.291485 22.45675 22.720592 22.753698 22.635332 22.598835 22.623186 22.381561 22.24243 22.31223 22.058058 21.82585 21.766842 21.760923 21.93863 21.953787 21.940517 21.707872 21.559795 21.45882 21.415686 21.094694 21.19685 21.379166 21.64589
24.54951 23.638353 23.19531 22.855791 22.916725 24.04503 25.440035 25.502226 25.187166 -32767.0 -32767.0 -32767.0 -32767.0 -32767.0 -32767.0 -32767.0 -32767.0 -32767.0 22.658445 22.384125 22.18121 21.864649 22.299946 22.242186 22.57974 22.561802 22.39675 22.670513 22.549797 22.144695 22.137222 22.197796 22.509604 22.801458 22.61136 22.381084 22.135138 22.47175 22.75607 22.69737 22.883173 22.581488 22.74836 22.51491 22.620264 21.887705 22.018639 22.089235 22.016039 21.983809 21.791628 21.284193 21.27176 21.331547 21.36663 21.521622 20.5324 20.608479 20.78385 21.165476 21.583458
23.63937 23.550543 23.399912 22.623985 22.632044 21.91271 22.427277 24.747952 25.09244 -32767.0 -32767.0 -32767.0 -32767.0 -32767.0 -32767.0 -32767.0 -32767.0 23.673428 23.016727 22.485521 22.00044 22.270151 22.331871 22.098751 20.583082 21.27973 21.90533 22.10313 22.182333 22.50927 22.337267 22.485605 22.087393 22.612913 22.825747 22.764717 22.309015 22.645401 22.437979 22.322487 22.75134 22.561113 22.68642 22.776814 22.52957 21.963186 22.202667 22.173832 22.075455 21.973877 21.645542 21.61908 21.869524 21.630177 21.61884 21.350039 20.638962 20.956615 21.006508 21.468016 21.43728
23.357622 23.316805 23.382692 22.887402 22.552242 22.007421 21.685627 23.205454 -32767.0 -32767.0 -32767.0 -32767.0 -32767.0 -32767.0 -32767.0 -32767.0 -32767.0 -32767.0 -32767.0 22.773638 22.005295 22.150215 21.377264 20.248917 21.272135 23.30179 22.753107 22.835752 22.92951 22.769115 22.826925 22.821686 22.37274 22.165138 22.032928 22.219986 22.737064 22.281929 21.996208 22.4095 22.570557 22.335232 22.650898 22.633474 21.884035 22.30756 22.228754 22.206505 21.956808 21.94219 21.830935 21.781574 21.828972 21.770388 21.701797 21.811234 21.716387 20.658873 21.095463 21.443249 21.635113
23.431416 23.489803 23.394318 23.257849 22.812243 22.033686 22.346968 24.367647 -32767.0 -32767.0 -32767.0 -32767.0 -32767.0 -32767.0 -32767.0 -32767.0 -32767.0 -32767.0 -32767.0 -32767.0 22.438122 22.24726 21.468283 20.249695 20.145367 22.896002 22.469828 22.572067 22.777025 23.043144 22.985655 23.023142 22.61733 22.29782 22.65315 22.679834 22.357155 22.153515 22.5256 22.609776 22.327415 22.481037 22.6285 21.774073 21.946821 22.30378 22.281628 22.30983 21.946096 21.739716 21.830853 21.647955 21.75002 21.538784 21.903975 21.717373 21.813177 21.874098 21.813765 22.048986 22.01327
23.494373 23.556377 23.564741 23.41957 22.833872 22.449432 22.204487 24.225588 -32767.0 -32767.0 -32767.0 -32767.0 -32767.0 -32767.0 -32767.0 -32767.0 -32767.0 -32767.0 -32767.0 -32767.0 -32767.0 22.565533 22.092554 21.473942 20.881617 19.90279 23.071127 22.314793 22.758505 22.838997 22.981602 23.026854 22.567642 22.535378 22.849478 22.645077 22.28712 22.158401 22.52495 22.659325 22.549047 22.413578 21.464163 21.742468 21.765192 21.623075 22.124683 22.388542 22.09587 21.765282 21.75366 21.41284 21.557781 21.645838 21.736 21.90945 21.60748 21.70752 22.102266 22.187984 22.442114
23.500023 23.527864 23.5202 23.462141 23.245852 22.725582 22.422527 -32767.0 -32767.0 -32767.0 -32767.0 -32767.0 -32767.0 -32767.0 -32767.0 -32767.0 -32767.0 -32767.0 -32767.0 -32767.0 -32767.0 -32767.0 22.438154 21.997461 21.9832 19.69597 21.55314 22.4355 22.613934 22.936718 23.151798 22.93938 22.484776 23.046429 22.73127 22.730923 22.332985 22.036764 22.119284 22.555113 22.534557 22.219994 22.336506 22.218088 22.231747 22.31165 22.52992 22.344574 22.113775 21.855413 21.674807 21.738129 21.789267 21.777098 21.953081 22.513357 22.081123 21.590584 22.07538 22.21752 22.835815
23.60263 23.698708 23.721197 23.78864 22.873913 22.37875 -32767.0 24.36 -32767.0 -32767.0 -32767.0 -32767.0 -32767.0 -32767.0 -32767.0 -32767.0 -32767.0 -32767.0 -32767.0 -32767.0 -32767.0 -32767.0 22.424116 22.374523 22.22408 19.89778 20.387533 22.786047 22.702654 22.900421 23.151531 23.001976 23.009937 22.627638 22.179798 22.361082 22.568403 22.424112 22.025137 22.065842 22.422056 22.215006 22.653957 22.597986 22.555658 22.585203 22.353432 22.178616 21.7595 21.657703 21.686913 21.648787 21.960886 22.871778 22.854822 22.731464 22.698704 21.863195 21.932917 22.246536 -32767.0
23.644995 23.850773 24.003422 23.990965 23.274662 23.109991 23.176382 23.361073 24.138456 23.860943 24.494427 25.262197 26.465134 -32767.0 -32767.0 -32767.0 -32767.0 -32767.0 -32767.0 -32767.0 -32767.0 -32767.0 -32767.0 22.832987 22.32496 19.802507 19.809956 22.727343 22.72653 23.008726 23.10454 23.118872 23.082745 22.442907 22.338846 22.64975 22.843746 22.704737 22.650677 22.624767 22.705936 22.586962 22.567362 22.593908 22.20306 22.264545 22.183311 21.86364 21.861792 22.407408 22.715525 22.804386 22.842218 22.962963 23.408293 23.228386 22.62682 22.503033 22.274023 22.333782 22.837723
23.681932 23.921688 24.228388 24.263363 23.853256 23.675213 23.442291 22.728046 22.725496 22.994465 24.08041 24.064186 25.271322 -32767.0 -32767.0 -32767.0 -32767.0 -32767.0 -32767.0 -32767.0 -32767.0 -32767.0 -32767.0 -32767.0 22.124443 19.400389 20.190622 20.492908 22.905111 22.93275 23.254822 23.037867 22.736677 22.451548 22.401169 22.515673 22.428701 22.246752 22.29161 22.34833 22.406265 22.851662 22.762814 22.49027 22.107521 22.206139 22.21446 21.973244 22.794014 22.773088 22.808353 22.916758 22.963015 23.174274 23.40401 23.323511 -32767.0 22.575033 23.144255 23.295586 23.58315
23.612207 24.045574 24.09059 24.153927 24.062967 24.05976 23.543566 23.138248 22.54545 21.641304 21.693663 22.822844 23.580044 24.588213 26.091488 -32767.0 -32767.0 -32767.0 -32767.0 -32767.0 -32767.0 -32767.0 -32767.0 -32767.0 -32767.0 19.639967 20.828531 20.906376 21.974966 22.520731 23.050968 23.084545 22.984308 22.198368 22.444437 22.43641 22.380962 22.35799 22.67764 22.79049 22.614067 22.919958 22.854025 22.860266 22.65377 22.341473 22.379456 22.340652 22.66684 22.914785 23.104696 23.423758 23.530922 23.704527 -32767.0 -32767.0 23.14429 22.701864 23.087267 23.716228 24.15232
23.989355 23.9021 24.031979 24.118168 24.195763 24.2154 24.22225 23.450731 22.871326 22.381857 21.876303 22.574078 22.989416 -32767.0 26.329165 -32767.0 -32767.0 -32767.0 -32767.0 -32767.0 -32767.0 -32767.0 -32767.0 -32767.0 -32767.0 20.426666 21.029871 21.262018 21.808884 23.076902 22.881104 23.190733 23.13138 22.617743 22.008238 22.313164 22.545597 22.883047 23.095367 22.901628 22.850689 23.007643 22.9747 23.024052 23.071312 22.88336 22.572039 22.688314 22.979425 23.26185 23.17226 23.515818 23.593016 23.940226 -32767.0 23.425491 23.262184 23.823797 -32767.0 -32767.0 -32767.0
24.141258 24.229736 24.176292 24.16959 24.117563 24.226105 24.24958 24.10668 23.236414 22.765392 22.312294 22.385603 -32767.0 -32767.0 -32767.0 -32767.0 -32767.0 -32767.0 -32767.0 -32767.0 -32767.0 -32767.0 -32767.0 -32767.0 -32767.0 20.561615 21.4409 21.538633 23.336657 23.229794 23.17621 23.32468 23.269812 23.249666 23.202614 23.17251 23.177372 23.057316 23.002867 22.771448 22.940704 22.98242 23.205835 23.156498 23.274948 23.034548 22.901972 22.820293 23.055544 23.21154 23.231375 23.768974 24.184837 24.075407 24.243343 -32767.0 23.742308 -32767.0 -32767.0 -32767.0 -32767.0
24.257757 24.366539 24.477627 24.505919 24.41116 24.553232 24.513422 24.315613 23.564173 22.618309 22.737553 22.479626 24.31213 -32767.0 -32767.0 -32767.0 -32767.0 -32767.0 -32767.0 -32767.0 -32767.0 -32767.0 -32767.0 -32767.0 -32767.0 20.763147 21.450102 22.155714 23.217781 23.232355 23.50251 23.333576 23.190292 22.955896 23.071123 23.199772 23.089657 22.829992 22.7817 22.794352 22.823656 22.994118 23.18732 23.141603 23.416222 23.054565 23.00314 23.03567 23.161974 23.149336 23.48384 23.99969 24.274067 24.381895 -32767.0 -32767.0 -32767.0 -32767.0 -32767.0 -32767.0 -32767.0
24.150372 24.261993 24.397919 24.42083 24.514875 24.645067 24.487022 24.095867 24.094849 23.729315 23.15414 22.856651 23.766188 25.739077 -32767.0 -32767.0 -32767.0 -32767.0 -32767.0 -32767.0 -32767.0 -32767.0 -32767.0 -32767.0 -32767.0 21.23028 22.135836 22.48051 22.404095 22.938215 23.428411 23.19115 23.101158 23.035933 22.954521 23.246935 23.24941 23.004322 22.87012 23.174706 -32767.0 23.419886 23.258327 23.580276 23.755896 23.190872 23.029856 23.196802 23.391485 23.511631 23.84101 24.018019 -32767.0 -32767.0 -32767.0 -32767.0 -32767.0 -32767.0 -32767.0 -32767.0 -32767.0
24.199646 24.293272 24.247993 24.23969 24.29718 24.492132 24.2154 23.928476 23.717285 23.622017 23.044752 22.64061 22.841272 25.354748 -32767.0 -32767.0 -32767.0 -32767.0 -32767.0 -32767.0 -32767.0 -32767.0 -32767.0 -32767.0 -32767.0 -32767.0 22.452494 22.62112 22.092916 22.54917 23.450943 23.319103 23.1012 23.162329 23.622072 23.914549 23.716047 23.262478 23.02454 23.421242 23.302578 23.256277 23.445816 23.490282 23.668097 23.695967 23.690777 23.706097 23.925516 23.969664 23.927433 24.351841 -32767.0 -32767.0 -32767.0 -32767.0 -32767.0 -32767.0 -32767.0 -32767.0 -32767.0
24.122879 24.177994 24.12785 24.134882 24.180618 24.23729 24.155533 23.906662 23.693096 23.285213 22.797112 22.652676 23.301823 25.666674 25.96705 -32767.0 -32767.0 -32767.0 -32767.0 -32767.0 -32767.0 -32767.0 -32767.0 -32767.0 -32767.0 21.675064 22.797853 22.806389 21.82045 21.847645 22.896633 23.28333 23.237284 23.230469 23.294466 23.815779 24.062307 23.861732 24.22882 24.356636 24.407267 24.373667 24.043266 23.950281 23.689259 24.033249 24.418997 24.296637 -32767.0 24.721027 24.319176 25.03559 -32767.0 -32767.0 -32767.0 -32767.0 -32767.0 -32767.0 -32767.0 -32767.0 -32767.0
24.236778 24.197155 24.037628 23.956573 23.897009 23.88782 23.766848 23.885798 23.736248 23.187498 22.026892 22.481188 24.058796 25.774544 -32767.0 -32767.0 -32767.0 -32767.0 -32767.0 -32767.0 -32767.0 -32767.0 -32767.0 -32767.0 -32767.0 22.231018 22.998648 22.702478 22.89778 23.316689 23.25677 23.38081 23.4308 23.488132 23.4178 23.810848 24.034891 24.332407 24.251913 -32767.0 -32767.0 24.591589 25.083782 -32767.0 -32767.0 -32767.0 -32767.0 -32767.0 -32767.0 -32767.0 -32767.0 -32767.0 -32767.0 -32767.0 -32767.0 -32767.0 -32767.0 -32767.0 -32767.0 -32767.0 -32767.0
24.140202 24.110016 23.842213 23.652079 23.575993 23.321596 22.95233 23.025326 23.341532 23.125696 21.995775 21.68317 24.83773 -32767.0 -32767.0 -32767.0 -32767.0 -32767.0 -32767.0 -32767.0 -32767.0 -32767.0 -32767.0 -32767.0 22.366505 22.87426 23.201141 23.578753 23.388535 23.700994 23.95961 24.306574 24.358896 24.087198 23.96549 24.269695 24.646107 24.59664 -32767.0 -32767.0 -32767.0 -32767.0 -32767.0 -32767.0 -32767.0 -32767.0 -32767.0 -32767.0 -32767.0 -32767.0 -32767.0 -32767.0 -32767.0 -32767.0 -32767.0 -32767.0 -32767.0 -32767.0 -32767.0 -32767.0 -32767.0
24.221466 24.228012 24.028112 23.971985 23.818432 23.472233 22.973146 22.598808 22.596931 22.0139 20.765322 19.958645 25.055994 -32767.0 -32767.0 -32767.0 -32767.0 -32767.0 -32767.0 -32767.0 -32767.0 22.557072 23.478363 22.978619 21.180338 23.449942 23.465324 23.086205 23.362072 24.122755 24.323938 24.76497 24.698467 24.870178 24.839481 24.812136 -32767.0 -32767.0 -32767.0 -32767.0 -32767.0 -32767.0 -32767.0 -32767.0 -32767.0 -32767.0 -32767.0 -32767.0 -32767.0 -32767.0 -32767.0 -32767.0 -32767.0 -32767.0 25.110716 -32767.0 -32767.0 -32767.0 -32767.0 -32767.0 -32767.0
24.184706 24.25659 24.232683 24.115353 23.849972 23.545124 22.96478 22.42933 21.8607 21.783434 20.42102 19.910978 22.213873 -32767.0 -32767.0 -32767.0 -32767.0 26.8432 23.990486 24.71146 23.678709 23.313646 23.052406 21.426344 23.966417 23.677351 23.78478 23.718374 24.093184 24.210617 24.507376 25.00696 24.984652 24.97015 25.125595 -32767.0 -32767.0 -32767.0 -32767.0 -32767.0 -32767.0 -32767.0 -32767.0 -32767.0 -32767.0 24.350464 24.606419 -32767.0 -32767.0 -32767.0 -32767.0 -32767.0 -32767.0 -32767.0 24.770868 -32767.0 -32767.0 -32767.0 -32767.0 -32767.0 23.633427
24.07372 24.071524 23.921965 23.755877 23.603004 23.440434 23.199257 23.055422 22.871532 21.782179 20.641027 20.015856 -32767.0 23.873064 -32767.0 24.036093 -32767.0 23.88272 -32767.0 22.527534 21.976067 22.073193 21.757483 23.262695 23.683474 23.84151 23.55836 23.650616 24.006842 24.50965 24.896603 25.072931 24.990353 -32767.0 -32767.0 -32767.0 -32767.0 -32767.0 -32767.0 -32767.0 -32767.0 24.030613 24.374744 24.423761 24.324675 24.143963 23.731325 23.843233 24.452759 -32767.0 -32767.0 -32767.0 -32767.0 -32767.0 24.599325 24.199335 23.860435 24.886494 25.24031 25.074104 23.954811
23.955883 24.012892 23.951332 23.82303 23.687304 23.634655 23.500452 23.463453 23.311394 21.922356 21.088053 20.528557 20.137743 20.442225 20.764393 20.293362 20.68227 20.474045 20.74731 21.310606 21.889688 21.890123 21.62445 23.821976 -32767.0 24.144403 23.98607 23.92219 24.27924 24.690088 24.673914 -32767.0 -32767.0 -32767.0 -32767.0 -32767.0 24.037027 23.768452 22.388628 23.213135 23.680883 23.87633 25.06366 -32767.0 -32767.0 24.61541 23.986315 23.978487 -32767.0 -32767.0 -32767.0 -32767.0 -32767.0 24.4496 23.952154 25.002567 26.175379 26.07181 26.018839 26.065254 26.124273
23.791597 23.87217 23.904612 23.752413 23.724218 23.712685 23.633934 23.477392 22.774801 23.072128 22.737492 22.342619 21.781218 20.995089 21.507849 22.977543 23.21717 21.404903 22.56067 21.364626 22.684216 22.649654 22.095491 23.204147 23.867554 24.03018 24.50068 24.674456 24.609499 24.396624 24.691156 26.288383 -32767.0 24.991787 24.897879 -32767.0 23.243694 24.143482 23.77496 -32767.0 25.234081 25.187645 -32767.0 -32767.0 -32767.0 -32767.0 24.286995 24.8906 -32767.0 -32767.0 -32767.0 -32767.0 24.513027 25.24598 25.599607 25.83166 26.293646 26.406675 26.345251 26.074053 26.076193
23.937233 23.96358 23.938898 23.989285 23.938114 23.866625 23.860739 23.938599 23.931519 23.948988 23.841358 23.874296 23.854244 23.80527 23.57848 24.059105 24.058414 23.415298 22.640676 22.878016 24.658861 24.885485 24.929497 24.80064 24.599033 24.79587 -32767.0 24.925673 24.665379 -32767.0 -32767.0 26.609226 25.180017 24.480803 24.116915 24.113218 24.76002 24.42086 -32767.0 -32767.0 -32767.0 -32767.0 -32767.0 -32767.0 -32767.0 -32767.0 23.40528 23.603838 23.881819 -32767.0 -32767.0 23.032866 25.208382 25.463234 25.766092 26.18631 26.358244 26.415861 25.299261 24.991777 24.91327
23.8101 23.758245 23.873667 24.308193 24.25027 24.089514 24.276312 24.318172 24.305399 24.149588 24.07427 24.073378 24.208174 -32767.0 -32767.0 23.353842 23.88445 24.466068 24.442543 24.716036 24.77445 24.877283 25.022923 24.877676 24.904512 24.790735 24.991013 25.221905 -32767.0 -32767.0 -32767.0 -32767.0 -32767.0 -32767.0 23.966795 24.174322 24.618988 -32767.0 -32767.0 -32767.0 -32767.0 -32767.0 25.324068 -32767.0 23.763206 24.696287 24.732977 24.623505 24.64708 22.62855 -32767.0 24.89209 25.061779 25.466204 25.705296 25.895622 26.130766 26.38873 25.458595 24.850473 24.81961
