static/data/thetao/2023/7/4/18.asc
ncols 137
nrows 93
xllcorner 108.0
yllcorner 17.0
cellsize 0.25
NODATA_value -32767
[rows 54 to 80 of 93, columns 61 to 121 of 137]
28.759367 28.8557 28.923662 28.7901 28.638142 28.425732 28.418427 28.453382 28.47817 28.73243 28.780928 28.76397 28.813044 28.473576 28.455755 28.463997 28.370953 28.412716 28.518566 27.581238 27.913408 28.316778 27.654863 27.732313 27.779337 27.859234 28.073774 27.976166 28.141243 28.268442 28.3056 28.096842 27.861122 27.731916 27.7734 27.699228 27.483828 27.458246 27.36974 27.386974 27.369783 27.321991 27.306133 27.501945 27.84632 27.879448 27.84476 28.032473 28.183641 27.982033 27.919857 28.396608 28.66561 28.585217 28.322695 27.95509 27.601015 27.471207 27.701895 27.959505 28.547977
28.748852 28.792467 28.798416 28.624876 28.424946 28.24353 28.392527 28.908703 29.124277 29.24659 29.028725 28.78978 28.764967 28.429531 28.376621 28.394022 28.315672 28.436901 -32767.0 27.500385 27.873602 28.218552 27.942987 27.896858 27.78932 27.828701 28.161695 28.07036 28.301847 28.25993 28.396057 28.19106 27.887167 27.882996 27.763256 27.885498 27.748793 27.53419 27.534927 27.501913 27.431135 27.393532 27.41366 27.746717 28.011673 28.03487 27.967012 28.063396 28.049635 28.00607 28.66353 29.094557 29.12192 29.097458 28.866295 28.447912 28.1909 28.024153 27.918594 28.052742 28.60168
28.922995 28.878342 28.641602 28.61244 28.51875 28.642042 28.837387 28.951704 29.20018 29.219965 28.948414 28.924225 28.552319 28.469652 28.569962 28.661922 28.594229 28.481379 28.316648 28.290943 28.13856 28.06974 28.120218 28.092909 28.082006 27.940512 28.164616 28.192657 28.33344 28.362898 28.447157 28.39236 28.155848 28.222198 28.119967 27.782917 27.90247 27.788612 27.63394 27.54856 27.483616 27.42744 27.48811 27.87078 28.088428 28.191835 28.151709 28.175295 28.186464 28.566957 29.162497 29.048937 28.887974 29.145987 29.152142 28.806551 28.573725 28.495417 28.372183 28.202232 28.374962
29.09653 28.87279 29.092794 29.20193 29.191315 29.132057 29.255987 29.305431 29.181562 28.96008 28.75517 28.788052 28.43286 28.491926 28.643646 28.734865 28.7686 28.804108 28.801565 28.775913 28.780684 28.747135 28.622252 28.490881 28.167881 28.041773 28.11784 28.282438 28.287096 28.368494 28.504374 28.507183 28.390938 28.492464 28.603174 28.426079 27.752764 27.864367 27.828472 27.728174 27.576588 27.490469 27.610651 27.830671 27.988249 28.21632 28.293638 28.188152 28.254171 29.12046 29.294054 28.886215 28.874191 29.157742 29.142906 28.884539 28.582209 28.326063 28.218126 28.155054 28.250835
29.56209 29.691769 29.607893 28.906408 29.202795 29.636894 29.522287 29.12273 29.019112 28.785795 28.456905 28.407791 28.519278 28.637299 28.754238 28.786518 28.823977 28.938316 28.899473 28.89341 28.879402 28.849173 28.783358 28.738419 28.500458 28.203918 28.140263 28.373678 28.35091 28.437027 28.53258 28.644634 28.68811 28.699913 28.734066 28.703808 28.498108 27.873674 27.70922 27.753826 27.749063 27.696943 27.754204 27.797655 27.824297 28.008936 28.093636 28.160559 28.763033 29.190008 29.346268 28.985928 28.991678 29.032763 29.093237 28.45827 28.19038 27.857534 28.02172 28.072136 28.192825
29.652605 29.774466 29.253315 29.375065 29.700474 29.582405 28.795256 28.728577 28.710304 28.523016 28.445211 28.677992 28.902487 28.992432 29.061966 29.070637 29.08563 29.014748 28.904348 28.774113 28.749283 28.783903 28.864315 28.807753 28.681097 28.377382 28.335754 28.458773 28.440878 28.54035 28.5817 28.679981 28.67793 28.71537 28.762186 28.755917 28.615496 28.546259 28.203602 27.722727 27.782907 27.8787 27.862314 27.833656 27.854137 27.93842 28.11352 28.172716 29.113972 29.345821 29.315063 29.412144 28.86437 29.061563 29.37627 28.339907 28.076174 27.743408 27.989988 27.98309 28.171581
29.599203 29.539526 29.687555 29.543398 28.972912 28.775259 28.644697 28.396294 28.658073 28.428873 29.10357 29.387365 29.39555 29.439472 29.35057 29.285313 29.084599 28.780233 28.75134 28.700586 28.743147 28.722715 28.794876 28.851465 28.752846 28.501831 28.467274 28.393787 28.403065 28.630806 28.692924 28.821224 28.889524 28.918755 28.915936 28.937748 28.976936 28.935158 28.807104 28.722282 28.16167 27.86247 27.780651 27.774117 27.786413 27.871256 27.978758 28.242147 29.246998 29.48184 29.427746 29.401846 29.240461 28.817001 28.913387 29.211191 27.96886 27.751009 27.807106 27.872698 28.253366
29.564093 29.45358 28.744204 28.575874 28.784403 28.593264 28.553144 28.605276 28.814812 28.700325 29.211718 29.439919 29.456736 29.402786 29.28508 29.17609 28.908237 28.823437 28.74777 28.682838 28.655148 28.717571 28.759123 28.843035 28.7599 28.576403 28.557201 28.420189 28.377047 28.661121 28.768454 28.905352 29.053812 29.044722 29.114836 29.153242 29.27902 29.333239 29.14405 28.965288 28.714684 28.449242 28.23115 28.141909 28.148497 28.140917 28.118687 28.465351 29.290874 29.37176 29.476055 29.388163 29.314503 28.773218 28.676146 28.929476 28.32263 27.832169 27.659246 27.775452 28.30957
29.586565 29.388666 29.140465 28.735365 28.41842 28.50756 28.664633 29.162092 29.159466 29.073294 29.200693 29.443846 29.50708 29.341349 29.30894 29.024826 28.92049 28.886911 28.797325 28.750847 28.730242 28.75578 28.797045 28.780268 28.722645 28.592436 28.519182 28.533546 28.580595 28.741465 28.767176 28.935698 29.17842 29.172756 29.249716 29.348993 29.397919 29.32356 29.393568 29.136559 28.850292 28.621456 28.50594 28.496899 28.17689 28.214863 28.189169 28.86672 29.262218 29.47561 29.583805 29.484276 28.988485 29.280167 29.230225 28.729038 28.849161 28.05823 27.771591 27.92748 28.650326
29.501 29.278488 28.429178 28.070477 28.394697 28.494635 28.913603 29.171099 29.059566 29.088957 29.272348 29.521133 29.550505 29.374605 29.335136 29.144821 28.98731 28.908041 28.926178 28.82159 28.802298 28.809877 28.776348 28.785526 28.702127 28.5659 28.523247 28.629461 28.728186 28.749683 28.919119 29.012548 29.292686 29.275806 29.34142 29.378849 29.229713 29.107252 29.302608 29.07608 28.810663 28.800264 28.684475 28.834364 28.452065 27.984451 28.343412 29.241344 29.285076 29.481981 29.641275 29.48345 29.346344 29.67485 29.617258 28.979395 28.98743 28.18096 27.922367 28.125921 29.146593
29.31903 29.002914 28.403654 28.398794 28.457735 28.512093 28.71234 28.929155 28.870642 29.122833 29.366941 29.59547 29.596573 29.50007 29.398392 29.255253 29.031614 28.924116 28.989897 28.990759 28.957752 28.885258 28.817791 28.742287 28.602478 28.555054 28.581049 28.641457 28.739708 28.871786 29.061377 29.101809 29.24951 29.345816 29.372787 29.263369 29.13156 29.041843 29.22972 29.0189 28.625298 28.413002 28.761713 28.705904 28.734161 28.497507 29.057974 29.191921 29.312859 29.510965 29.710123 29.419653 29.725437 29.623089 29.53482 29.27887 28.722504 28.30539 28.179321 29.144953 29.552874
28.676327 28.419413 28.417486 28.518055 28.573528 28.644497 28.70184 28.73852 28.920214 29.196127 29.41991 29.636263 29.636286 29.596983 29.522726 29.311289 29.008907 28.963139 29.015493 29.063662 29.073803 29.022045 28.880695 28.756733 28.65117 28.622366 28.614967 28.710728 28.810556 29.059546 29.191042 29.258701 29.300432 29.422003 29.506132 29.228678 29.226387 29.217325 29.270018 28.906792 28.596289 28.665668 28.767155 28.842941 29.052265 29.186071 29.34367 29.167942 29.372797 29.51286 29.712477 29.391983 29.716518 29.660637 29.527908 29.235973 28.5592 28.395754 29.163849 29.49103 29.724901
28.6253 28.438791 28.625225 28.642517 28.6914 28.630074 28.674593 28.801512 29.110754 29.366417 29.56664 29.709375 29.708782 29.672478 29.635359 29.385548 29.002308 29.043905 29.075058 28.977184 28.955025 29.030521 28.99764 28.860945 28.703981 28.672207 28.66998 28.705362 28.933363 29.187551 29.198269 29.306633 29.441208 29.598158 29.499802 29.395138 29.18385 29.18666 29.209055 29.030386 28.815361 28.641268 28.945211 29.176716 29.398197 29.508324 29.34293 29.390646 29.344172 29.504372 29.720663 29.563591 29.40189 29.496157 29.334015 28.84274 28.54085 29.17687 29.364218 29.74391 29.746758
28.801788 28.479164 28.567516 28.718151 28.623703 28.617613 28.88975 29.140522 29.306234 29.583948 29.769941 29.818905 29.754467 29.71449 29.648386 29.450363 29.081625 29.06211 28.980408 28.784077 28.696575 28.803532 29.007872 28.895205 28.804865 28.787176 28.738932 28.935207 29.024935 29.316435 29.407642 29.436115 29.571836 29.524734 29.466825 29.473555 29.39782 29.262777 29.19028 29.1808 29.021492 28.743214 28.82403 29.301085 29.336014 29.408283 29.30934 29.3427 29.417038 29.473196 29.674995 29.734636 29.054726 29.105776 28.919598 28.624445 29.15438 29.220354 29.418364 29.798386 29.851618
28.96434 28.583662 28.583048 28.48323 28.589046 28.791586 29.120401 29.25016 29.524345 29.763014 29.85482 29.904186 29.80574 29.691236 29.711193 29.516754 29.213497 29.038948 28.988895 29.012623 29.05393 28.98208 28.863316 28.8547 28.81989 28.788494 28.937431 29.000038 29.145313 29.382662 29.554417 29.493582 29.684067 29.721275 29.711395 29.688269 29.66495 29.479637 29.384188 29.194101 29.215597 29.087254 28.8589 28.880556 29.108795 29.342394 29.514374 29.463993 29.537079 29.468872 29.614742 29.829224 29.286125 28.956968 28.757738 28.938864 29.387938 29.225925 29.258932 29.577623 29.97115
29.016233 28.521301 28.516039 28.453163 28.766832 29.015213 29.202686 29.404852 29.659721 29.81704 29.880207 29.924463 29.820377 29.725206 29.768188 29.564688 29.321861 29.10008 29.111788 29.158104 29.221764 29.236246 29.209797 29.171198 29.112755 29.064383 29.05288 29.026762 29.33798 29.581137 29.618431 29.62499 29.757168 29.826872 29.83729 29.891588 29.85139 29.719324 29.52081 29.369913 29.250658 29.302572 29.228033 29.234808 29.428774 29.521088 29.518166 29.477797 29.545868 29.565289 29.714258 29.91173 29.723116 29.03429 28.835743 29.294064 29.332935 29.249016 29.234257 29.2245 29.695477
28.55788 28.231323 28.395859 28.67339 28.948605 29.1217 29.225914 29.476204 29.73284 29.788797 29.859999 29.894037 29.792473 29.766148 29.807854 29.577147 29.33274 29.144873 29.162151 29.203634 29.32719 29.308636 29.284773 29.350664 29.333008 29.270231 29.17199 29.256004 29.404654 29.57304 29.732872 29.751278 29.797354 29.796124 29.769474 29.658487 29.739624 29.75691 29.669283 29.640982 29.44981 29.43577 29.46779 29.60961 29.607447 29.626907 29.708244 29.777617 29.764196 29.817492 30.02001 30.002886 29.852144 28.994888 28.920061 29.440105 29.408787 29.322433 29.437756 29.268002 29.329578
28.159647 28.521818 28.79972 29.0236 28.967627 29.157982 29.127205 29.57572 29.762259 29.746466 29.856476 29.900784 29.780426 29.807455 29.83267 29.594135 29.33046 29.216494 29.231255 29.315233 29.345583 29.24055 29.336252 29.338089 29.35023 29.437847 29.396372 29.47415 29.514082 29.628857 29.659763 29.764603 29.846622 29.666145 29.601622 29.588287 29.659618 29.673529 29.8002 29.727125 29.69784 29.69566 29.690678 29.761309 30.004198 29.99843 29.965431 29.99485 30.038519 30.068903 30.050434 29.971222 29.767668 29.08843 29.04224 29.39128 29.558773 29.460207 29.513964 29.609245 29.266493
28.5232 28.874712 29.252317 29.111942 28.995373 29.159225 29.090567 29.727797 29.769484 29.812 29.898685 29.904001 29.754694 29.81046 29.851841 29.618116 29.36077 29.28623 29.275566 29.276232 29.353771 29.366777 29.465162 29.47053 29.405445 29.448997 29.463892 29.465336 29.522308 29.578909 29.691877 29.686167 29.687975 29.58778 29.56077 29.558397 29.647533 29.681816 29.765352 29.798826 29.746613 29.741835 29.969439 29.92898 29.976686 29.977644 30.061815 30.169346 30.205294 30.118504 30.015944 29.958876 29.769667 29.654358 29.39429 29.36106 29.4788 29.476665 29.453289 29.417034 29.358347
29.370594 29.34145 29.341232 29.070284 29.035406 29.116587 29.214474 29.763681 29.75835 29.844582 29.932154 29.831789 29.794485 29.857662 29.846638 29.670101 29.507114 29.31811 29.26464 29.384905 29.456911 29.427258 29.488716 29.506601 29.510357 29.519606 29.545732 29.583803 29.62195 29.624395 29.615921 29.597528 29.574314 29.540115 29.56194 29.551792 29.564856 29.683344 29.71302 29.799112 29.810434 29.983213 29.941898 29.946012 29.971039 30.019054 30.15453 30.17188 30.176727 30.103561 29.980223 29.97763 29.784714 29.680746 29.645529 29.619564 29.626415 29.625893 29.553503 29.506796 29.583475
29.493376 29.45968 29.227304 29.064255 29.107798 29.189013 29.450762 29.737053 29.687407 29.82463 29.911428 29.751451 29.90044 29.914421 29.795774 29.726309 29.630001 29.384289 29.348759 29.341572 29.430025 29.4552 29.460314 29.495205 29.559647 29.568125 29.55524 29.545135 29.552376 29.637001 29.604885 29.53536 29.462015 29.537378 29.712141 29.808674 29.813799 29.668459 29.764484 29.812138 29.934208 29.9946 29.756891 30.006819 30.006191 30.128574 30.170183 30.177464 30.15963 30.05599 29.945124 29.797638 29.921576 29.894917 29.95254 29.919605 29.843115 29.811121 29.815792 29.76567 29.691145
29.20641 29.314875 29.11524 29.127834 29.19949 29.253624 29.706041 29.667898 29.620125 29.799067 29.883268 29.709381 29.93316 29.88617 29.77372 29.799883 29.698374 29.410633 29.392473 29.405811 29.472055 29.495165 29.46539 29.52561 29.62314 29.657557 29.709139 29.653757 29.666668 29.583324 29.622515 29.836529 30.054087 30.07375 30.087385 30.035482 30.042963 30.02644 29.888062 29.912249 29.980173 29.870045 29.873976 29.949024 30.063816 30.134562 30.112951 30.155865 30.037092 29.919292 29.934486 29.941694 29.962189 29.951197 29.920612 29.959198 29.92708 29.92151 29.904484 29.909138 29.915102
29.385756 29.239964 29.171543 29.185923 29.286015 29.299702 29.772617 29.529392 29.636688 29.753685 29.83498 29.703289 29.917683 29.793257 29.781221 29.829464 29.727835 29.391762 29.3985 29.495228 29.579996 29.662626 29.832232 29.877724 29.794037 29.520151 29.607393 29.596853 29.603415 29.809988 30.060621 30.026155 29.981228 29.95656 29.977081 29.971638 30.016994 30.044565 30.078896 30.045935 29.907255 30.019089 29.973791 30.000065 30.113298 30.15929 30.13488 30.089104 29.974983 29.989105 30.032906 30.076838 30.067194 29.978817 30.003881 29.920519 29.96264 29.998861 29.997992 29.954004 29.941826
29.252441 29.21071 29.251907 29.26493 29.270939 29.673126 29.730446 29.350477 29.54546 29.725965 29.813862 29.67848 29.92139 29.75528 29.783451 29.838469 29.776503 29.48022 29.585854 29.657885 29.754086 29.639399 29.776949 29.61339 29.609982 29.403057 29.450426 29.673748 29.925898 30.085485 30.020866 30.00391 30.044748 30.0694 30.028416 29.996088 29.952381 30.102985 30.191992 30.226807 30.07445 30.005188 30.061934 30.069727 30.127567 30.191046 30.164337 30.093409 30.000862 30.005455 30.063051 30.107407 30.134254 30.04418 29.969868 29.992758 29.983202 29.918827 29.911835 29.853529 29.773325
29.208641 29.319742 29.289133 29.3107 29.3452 29.880854 29.707396 29.354996 29.512903 29.719007 29.733973 29.787882 29.959124 29.802526 29.784208 29.788595 29.76634 29.725836 29.681786 29.591503 29.648159 29.573944 29.70153 29.64278 29.585358 29.599808 29.793674 29.888966 29.997025 30.07389 30.143967 30.155994 30.180777 30.093592 30.071262 30.051477 30.102623 30.054377 30.303322 30.327265 30.207998 30.151155 30.107311 30.140879 30.194132 30.145975 30.099499 30.083548 30.022078 30.136272 30.145187 30.024263 30.025482 30.035706 30.101347 30.178215 30.181221 30.166382 30.18259 30.200636 30.25144
29.182695 29.402987 29.365883 29.462349 29.383871 29.920918 29.709694 29.342487 29.443668 29.687956 29.771557 30.004389 29.965912 29.864494 29.780893 29.786024 29.742863 29.794987 29.763184 29.625061 29.71616 29.64124 29.768497 29.54703 29.60961 29.854168 29.864487 30.039072 30.138752 29.982962 30.090504 30.198841 30.179987 30.201754 30.224333 30.266127 30.241392 30.194376 30.19625 30.398937 30.39868 30.25734 30.198488 30.199675 30.263855 30.147371 30.108591 30.148027 30.141699 30.000353 30.056963 30.074884 30.106844 30.237211 30.253946 30.26561 30.267916 30.328289 30.30093 30.276613 30.224792
29.320232 29.44621 29.376114 29.47624 29.722153 29.990831 29.677135 29.475399 29.567537 29.679111 29.839506 29.994373 29.85334 29.68745 29.721354 29.81752 29.838295 29.790741 29.571335 29.513487 29.637362 29.67345 29.630682 29.592926 29.717176 29.838755 30.115644 30.152885 30.27287 30.171097 30.286243 30.20498 30.19236 30.177584 30.177332 30.284838 30.20599 30.089376 30.16679 30.321592 30.4588 30.386889 30.342276 30.202263 30.17082 30.123367 30.05021 30.048195 30.071161 30.07383 30.153263 30.23226 30.273884 30.274723 30.236588 30.222754 30.279108 30.25523 30.235023 30.226751 30.199614
