static/data/thetao/2023/7/4/6.asc
ncols 137
nrows 93
xllcorner 108.0
yllcorner 17.0
cellsize 0.25
NODATA_value -32767
[rows 27 to 53 of 93, columns 61 to 121 of 137]
24.599329 24.674719 24.750048 24.913239 25.020344 24.976837 24.809858 24.860558 24.588491 24.349293 24.368876 24.407244 -32767.0 -32767.0 24.257524 24.156052 24.99754 24.947456 24.98426 25.08646 25.01044 25.183119 25.359602 25.44871 24.9827 -32767.0 -32767.0 -32767.0 -32767.0 -32767.0 -32767.0 -32767.0 -32767.0 -32767.0 24.889883 24.99552 26.080862 -32767.0 -32767.0 -32767.0 25.536232 25.600739 26.195879 26.25543 25.414598 25.634697 25.691984 25.79811 26.16226 24.948786 24.905392 25.329521 25.282974 25.655334 25.988935 26.321232 26.702206 26.859007 26.936516 25.761625 25.658539
24.955603 25.048779 25.095074 25.06311 25.061296 25.088568 24.954746 24.90786 24.722363 24.466755 24.426619 24.726551 25.003803 24.9378 25.022242 25.09177 25.014511 24.873087 24.677525 25.276314 25.097486 25.177423 25.31565 -32767.0 25.31263 25.68148 -32767.0 -32767.0 27.291906 -32767.0 -32767.0 -32767.0 -32767.0 -32767.0 -32767.0 24.422709 24.778912 -32767.0 -32767.0 24.936623 25.597248 27.009106 27.042923 27.172915 27.18773 27.207457 26.891134 26.064573 26.37763 25.147938 25.054905 25.285507 25.16407 25.533117 25.928265 26.266235 26.630623 26.882809 26.998802 26.748545 25.812374
25.029352 25.178589 25.355803 24.99183 24.715115 24.741861 24.70027 24.722095 24.613024 24.496283 24.5508 24.680586 25.090122 25.146526 25.062979 24.984283 24.793386 24.726114 24.967915 25.053394 25.250168 25.060658 -32767.0 24.792984 25.151825 25.7865 26.04163 26.021086 -32767.0 26.54567 -32767.0 -32767.0 -32767.0 -32767.0 -32767.0 25.74856 26.631266 26.568615 26.247908 26.382874 26.824978 26.361858 26.219454 26.390896 26.96818 27.43181 27.30304 26.32923 26.328676 25.43734 25.188944 25.270933 25.083 25.299665 25.861294 26.397474 26.86449 26.909863 26.89701 26.900013 26.247705
25.07824 24.887136 24.944958 24.469759 24.331371 24.291302 24.33506 24.389109 24.335606 24.242691 24.272196 24.594824 24.983744 24.921366 24.831121 24.868954 24.959227 24.944582 25.551266 25.634295 25.74749 25.43571 25.43201 25.52138 25.306965 25.703846 25.87151 25.763273 25.933905 26.660177 -32767.0 -32767.0 -32767.0 -32767.0 25.73722 27.19925 27.173946 27.131908 26.545414 26.9375 26.379246 26.6075 26.635878 26.740185 27.227345 27.078196 27.655958 26.672253 26.154005 25.270723 25.579449 25.60064 25.371338 25.386227 26.099537 26.519775 26.772696 26.679428 26.980774 27.09378 27.095161
25.607773 25.695105 25.536459 24.78314 24.092102 23.688639 23.724262 23.940475 23.766617 23.808771 24.057642 24.472408 24.750465 25.035887 24.867863 25.073074 25.173935 25.315033 25.521292 26.052572 26.445305 26.438614 26.075602 25.942034 25.61049 25.636244 25.83918 25.807192 26.056631 26.184465 -32767.0 -32767.0 -32767.0 -32767.0 26.12682 27.129349 26.936274 26.752005 26.653578 26.630592 26.863205 26.90609 26.976885 27.24816 27.529589 27.477055 27.56302 26.892725 26.18753 25.484257 25.978977 25.975065 25.543943 25.664822 26.365198 26.595406 26.448786 26.274448 26.752703 27.361624 27.373224
26.180119 26.20154 26.091896 25.059772 24.28333 24.2229 23.97413 23.66713 23.741785 23.74005 23.924616 24.253506 24.56786 24.960579 24.97006 25.179548 25.24745 25.403553 25.795218 26.045984 26.306772 26.535128 26.778702 26.758171 26.287977 25.774109 25.571093 25.63329 -32767.0 -32767.0 -32767.0 -32767.0 -32767.0 25.160282 26.58072 26.79448 26.475126 26.850954 26.793367 26.865198 26.983753 27.163385 27.598503 27.700974 27.72412 27.715994 27.270365 27.167017 26.360662 25.962193 26.448956 26.354403 25.65799 25.92102 26.24705 26.439514 26.270035 26.09936 26.660803 27.3113 27.543043
26.555313 26.411411 26.244509 26.09793 25.650068 25.312263 24.82084 24.029129 23.7901 23.812162 23.92631 24.179686 24.34244 24.751102 24.758305 25.012487 25.415482 25.924667 26.28512 26.971355 26.949272 27.009903 27.086689 26.90601 26.640133 26.340668 25.944078 25.760729 -32767.0 -32767.0 -32767.0 -32767.0 -32767.0 24.488516 25.100277 26.227528 26.915506 27.073715 27.094278 27.158949 27.212456 27.873343 28.231735 27.924793 27.783476 27.74157 27.180492 27.566538 26.506893 26.116673 26.430094 26.255007 25.71107 25.879782 26.196371 26.269854 26.281063 26.157944 26.573263 27.254187 27.60125
26.900686 26.291645 26.262247 26.13243 25.883099 25.6119 25.221716 24.07678 24.045925 24.21966 24.456003 24.742188 24.777 24.929619 24.857676 25.096643 25.073677 25.575525 26.06457 26.380009 26.714836 26.609732 26.54884 26.747303 26.511806 26.397346 26.04379 25.987444 26.509487 -32767.0 26.807308 -32767.0 -32767.0 24.840172 25.55812 26.053043 26.31803 26.711166 27.6015 28.053648 28.300964 28.305964 27.73673 27.402775 27.268887 27.717588 27.153933 27.681282 26.589943 26.111698 26.30487 26.19861 25.79245 26.006752 26.32731 26.36439 26.526056 26.634844 26.820196 27.298138 27.585896
26.531288 26.47722 26.35947 26.223194 26.001951 25.837929 25.43092 24.930178 24.514105 24.28025 24.53381 24.701698 25.063334 25.1207 25.18793 24.909292 25.443523 26.159338 26.328712 26.402933 26.516502 26.502373 26.536165 26.613495 26.394804 26.3525 26.28066 26.255775 26.38456 26.088137 26.68181 -32767.0 25.182827 25.382 27.235226 26.966846 27.313988 28.082108 27.799873 27.743385 27.81212 27.498499 27.58732 27.649158 27.43015 27.513681 27.342752 27.658297 26.584156 25.989647 26.277155 26.218872 26.156132 26.201235 26.197165 26.394188 26.480494 26.765444 27.527222 27.357975 27.48707
26.280952 25.97377 26.410513 26.449827 26.466629 26.07184 25.640057 24.997921 24.707218 24.621738 24.765574 24.692223 24.997099 25.322676 25.419062 25.02253 24.869373 25.612146 25.859753 26.153082 26.48944 26.848652 26.892185 26.615139 26.406511 26.407606 26.45096 26.324654 26.333519 26.193293 -32767.0 25.299284 26.117062 26.279282 27.264301 27.790241 28.084093 28.056461 27.85644 27.787943 27.878607 27.632061 27.63696 27.675344 27.394947 27.414474 27.361626 27.503138 26.702242 25.94075 26.341223 26.277185 26.235308 26.163212 26.283073 26.43186 26.59316 27.275627 27.62693 27.450111 27.54692
25.549023 24.839874 25.221508 26.036472 26.510452 26.757748 26.063938 25.123264 24.805216 24.79936 25.321459 25.177341 25.22562 25.44469 25.349966 24.837318 25.071165 25.429861 25.972069 26.682762 27.547924 27.721895 27.664536 27.219301 26.540916 26.389278 26.404133 26.218832 26.445436 26.32315 26.283253 26.690283 27.024807 27.408352 28.445679 28.275381 28.2958 28.074675 27.909002 27.64168 26.862606 27.365805 27.556461 27.511557 27.163706 27.375134 27.1706 27.364868 26.799805 26.30629 26.26953 26.124386 25.885752 26.016485 26.163395 26.226133 26.94808 27.422153 27.351536 27.409124 27.35711
24.61176 25.533657 26.254223 26.373514 26.612581 27.08085 26.70436 25.620653 25.2089 25.034805 25.23646 25.464788 25.438057 25.308332 25.21703 24.88688 25.288973 25.898842 26.612572 27.418367 27.568686 27.742735 27.899597 27.970432 27.726381 27.017418 26.578379 26.513613 -32767.0 26.945839 27.136095 -32767.0 27.235306 28.082043 28.301672 28.317965 28.25709 28.036413 27.945112 27.668295 26.62555 26.809935 27.21428 27.10389 26.818907 27.215687 26.919714 26.738844 26.839972 25.960474 25.758848 25.840105 25.83907 26.008217 25.917313 26.542805 27.162968 26.983803 27.27344 27.303066 27.118595
25.487946 26.224545 26.738483 27.091612 27.035547 27.170986 27.045248 26.270578 25.607328 25.21205 25.01354 25.305933 25.40703 25.306898 25.257626 25.131971 25.354511 26.429234 27.027134 27.359108 27.247236 27.193447 27.366508 27.752487 28.058258 28.127066 27.799454 27.050573 27.006002 -32767.0 27.200075 26.427752 27.095234 28.013603 28.317211 28.390392 28.205048 28.1146 27.689878 27.60114 27.110527 26.792545 26.828602 26.878555 26.538286 26.798132 26.724533 26.358278 26.82243 25.932041 25.593658 25.632372 25.608585 25.628166 26.163076 26.924036 26.74093 27.202671 27.091757 26.783222 26.666855
23.791996 23.843058 25.247269 26.604368 27.120707 27.289957 27.210932 26.768211 26.018581 25.526768 25.21202 25.213121 25.361921 25.712484 25.89847 25.802883 25.712847 26.035553 26.725552 27.28064 27.159739 27.184406 27.089252 27.285715 27.961336 28.201572 28.27807 27.919123 27.507288 27.30878 27.212763 27.22263 27.37119 27.964592 28.267855 28.22203 28.124632 27.965279 27.646536 27.385735 27.083794 26.840002 26.500006 26.717695 26.729893 26.475142 26.343119 26.324 26.23472 26.575726 25.876019 25.654192 25.698927 26.097794 26.733149 26.578835 27.018032 27.061136 26.62456 26.339935 26.079285
24.791082 26.316698 27.050049 26.504704 27.364765 27.249783 27.445665 27.319916 26.716393 26.38123 26.25606 26.35207 26.59688 26.50272 26.339016 26.005594 26.089415 26.574636 26.942144 27.042145 26.987053 26.998678 27.158396 27.71446 28.453846 28.446938 28.304367 28.091555 27.971851 27.807472 27.889893 28.01086 27.963917 27.950045 28.252571 28.114677 28.11623 27.71462 27.442045 27.411146 27.054178 26.793945 26.39201 26.550196 26.654568 26.786592 26.580465 26.360838 26.383722 26.371542 26.684896 26.7323 26.734224 26.681152 26.484179 26.686087 26.937767 26.527004 26.299488 26.037441 26.089542
24.24259 25.835915 26.696306 27.259392 27.259027 27.613724 27.581062 27.60451 27.551199 27.503317 27.408289 27.29854 27.172527 26.865822 26.58988 26.545889 26.985985 27.448666 28.15296 28.64094 28.848257 28.850971 28.874802 28.930914 28.872038 28.572828 28.300186 28.060806 27.896698 27.98417 28.029783 28.049095 28.096111 28.135128 28.084135 27.838793 27.8325 27.357117 27.35189 27.366486 27.293463 26.945408 26.536827 26.707504 26.71283 26.728865 26.75114 26.676937 26.472591 26.425716 26.464552 26.5307 26.559725 26.49292 26.619991 26.805359 26.567163 26.435854 25.974539 25.963371 26.025806
25.131672 26.558136 27.149021 27.566572 27.676283 27.793755 27.896986 27.846594 27.83561 27.69732 27.415443 27.169125 26.997677 26.798983 26.802729 27.117891 27.948471 28.776726 28.628534 28.676188 28.915514 28.891418 28.784788 28.732689 28.645441 28.448523 28.140587 28.216276 28.054296 27.930834 27.921223 27.991863 28.016861 27.982193 27.82553 27.637575 27.235285 27.21071 27.106861 27.096731 27.28382 27.239021 27.158756 27.148643 26.713083 26.789217 26.73095 26.872232 26.772406 26.708492 26.666739 26.639194 26.586824 26.692572 26.722591 26.590515 26.466177 26.058039 25.91232 25.903633 25.839544
25.319887 26.509848 27.589647 27.886845 27.961987 27.993809 27.997505 27.943686 27.800623 27.351427 27.23222 27.344631 27.403204 27.473083 27.65063 28.451569 28.47291 28.787703 28.73847 28.935541 28.791613 28.67084 28.630922 28.656809 28.142258 27.862425 28.17815 28.052958 27.790745 27.78431 27.857944 27.926144 27.902977 27.873093 27.602306 27.354294 27.353977 27.314646 27.292376 27.286188 27.115086 26.989803 26.984531 26.91752 26.66847 26.861977 26.834097 26.936024 26.915316 26.816107 26.838026 26.812815 26.728235 26.742857 26.63656 26.449657 26.173098 25.916843 25.979162 25.704666 25.581774
25.914701 27.470745 27.804127 28.19356 28.222778 28.097536 28.022425 27.925411 27.661688 27.534702 27.540934 27.537062 27.53089 27.7525 28.46213 28.314396 28.693918 28.994871 28.918478 28.860888 28.358782 28.2481 28.210917 28.159044 28.299744 27.604404 27.208696 27.375978 27.67083 27.709326 27.960392 28.032003 27.783298 27.489283 27.530956 27.553106 27.611347 27.669271 27.604626 27.449839 27.322968 27.317347 27.22234 27.0829 27.004847 27.034403 26.94036 26.975136 26.936493 26.940662 26.920631 26.812946 26.75237 26.668617 26.514685 26.274178 25.996048 25.859404 26.133945 25.706121 25.618061
27.8222 28.431957 28.645647 28.554064 28.456856 28.118998 28.01601 27.840134 27.684467 27.646093 27.628527 27.604494 27.649757 28.280819 28.337503 28.405735 28.837124 29.034197 29.102987 28.553234 28.350721 28.126436 28.092701 27.977072 27.759909 27.494963 27.654243 27.604883 27.827213 27.83756 27.782953 27.571388 27.535686 27.62563 27.745234 27.904701 27.777538 27.631725 27.565975 27.440262 27.37609 27.362614 27.355059 27.300743 27.264141 27.111607 27.001049 26.962538 26.949402 26.842623 26.724333 26.719238 26.778633 26.586433 26.440538 26.09228 26.209158 26.039652 26.204327 25.657793 25.366539
28.553246 28.583378 28.62452 28.642231 28.577242 28.112238 27.922697 27.655449 27.706825 27.79413 27.728064 27.667074 27.76403 28.4237 28.537079 28.512407 28.927536 29.070469 29.216194 28.582426 28.483393 28.089731 27.899384 27.688248 -32767.0 27.551378 27.797827 27.684597 27.777906 27.62135 27.651615 27.748503 27.939066 28.073984 27.914211 27.66425 27.583567 27.451056 27.1936 27.035982 26.935884 27.018934 27.177052 27.183756 27.305716 27.182924 27.076447 26.907095 26.838644 26.808039 26.75749 26.676682 26.593225 26.489084 26.38185 26.729647 26.666826 26.042782 26.125957 26.075043 25.99673
28.725292 28.567892 28.462431 28.619154 28.639658 28.335587 28.023512 27.9421 27.796844 27.87948 27.840595 27.79503 27.897017 28.20729 28.25145 28.71337 28.96097 29.15133 29.230267 28.560083 28.511467 28.135067 27.895187 27.75407 27.008846 27.630299 27.351217 27.50399 27.550892 27.826351 28.01225 28.032698 27.981333 27.765768 27.591053 27.447334 27.353285 27.134119 27.02756 26.884474 26.799713 26.75732 27.07621 27.139332 27.366768 27.174088 27.020023 26.998564 26.649828 26.709564 26.757393 26.756178 26.661425 26.584114 26.67187 26.711418 26.793503 25.934725 25.917273 26.088934 26.148365
28.699146 28.541214 28.379374 28.6292 28.634085 28.601374 28.465784 28.271906 27.943409 27.976452 27.930054 27.92233 28.098354 28.3118 28.687622 29.025122 29.068851 29.262575 29.128658 28.321697 28.45275 28.071627 27.952698 -32767.0 27.341463 27.400839 27.478062 27.404037 27.752045 27.931751 27.97117 27.892122 27.734795 27.55328 27.378796 27.318893 27.401396 27.304686 27.143644 27.184433 26.871986 26.937557 27.143717 27.372578 27.310738 27.175737 26.99356 26.871372 26.980928 27.078838 27.053133 27.114223 27.231224 27.348175 27.344284 26.946936 26.672728 26.057217 26.1297 26.100925 26.082129
28.845472 28.494877 28.563478 28.620026 28.624132 28.618925 28.576504 28.4723 28.073965 28.058687 28.065529 28.131649 28.262125 28.806587 28.979849 29.20507 29.027077 29.281328 28.96133 27.914755 28.01229 27.801285 28.09602 27.532022 27.373764 27.530512 27.518824 27.656374 27.862276 27.968782 28.111189 27.986544 27.679043 27.517065 27.476273 27.37468 27.447886 27.235836 27.208147 27.188787 27.024048 27.13503 27.395927 27.442656 27.24546 27.127954 27.138227 27.411776 27.728231 27.77506 27.796837 27.826279 27.79064 27.779875 27.69512 27.388876 26.957245 26.351559 26.624254 26.702148 26.715532
28.853987 28.610085 28.483316 28.571901 28.37039 28.482452 28.506813 28.385021 28.118746 28.11561 28.156578 28.451225 28.843203 28.985992 29.139856 29.10256 28.891941 29.071758 28.84593 27.894585 27.99697 27.942982 28.061611 27.583635 27.673683 27.581364 27.733208 27.95049 27.93522 28.096146 28.222197 28.079533 27.799738 27.53544 27.512157 27.411116 27.498926 27.256598 27.155296 27.127811 27.19714 27.390902 27.472029 27.32378 27.297846 27.275646 27.768291 27.74033 27.89311 27.904343 27.917206 27.91367 27.929062 27.890753 27.709936 27.424099 27.114388 26.682587 26.8233 27.06056 27.084064
28.989414 28.878262 28.598696 28.504429 28.457907 28.34443 28.278229 28.20943 28.220901 28.439419 28.557701 28.959238 29.141142 28.85347 28.932991 28.748785 28.64949 28.715868 28.83038 28.050049 27.904493 27.842564 27.648558 27.711 27.777283 27.692053 27.905052 28.014627 28.082222 28.05791 28.237768 28.192837 27.935072 27.69573 27.547844 27.492086 27.538116 27.333773 27.235714 27.25439 27.347677 27.393017 27.364525 27.3632 27.30801 27.715363 27.897074 28.045614 27.986454 28.057941 28.16976 28.196852 28.045649 28.051737 27.92056 27.481144 27.225279 27.048883 27.26305 27.925611 28.13421
28.85373 29.01618 28.79491 28.693808 28.623302 28.542072 28.45649 28.438564 28.450537 28.557423 29.161758 28.799215 28.767487 28.941578 28.629995 28.488625 28.538958 28.62317 28.705725 28.724497 -32767.0 28.22049 27.555294 27.763412 27.860056 27.840443 28.051828 28.037867 28.03955 28.116713 28.267475 28.237068 27.992147 27.826275 27.674631 27.643661 27.617392 27.337435 27.409214 27.356808 27.399137 27.409414 27.399143 27.39901 27.673893 27.958626 27.931599 28.019503 28.117464 28.16179 28.025835 28.145645 28.285685 28.379242 28.167377 27.907001 27.493856 27.393688 27.77251 28.430265 28.751549
