static/data/ASCData/20210111/ASCU/00.asc
ncols 97
nrows 97
xllcorner 99.0
yllcorner 2.0
cellsize 0.25
NODATA_value -32767
[rows 19 to 37 of 97, columns 0 to 42 of 97]
-1.4873049813457233 -1.5469754044293222 -1.0781026728475238 -0.9474409558976666 -0.7481464598279381 -0.7509766775236031 -1.204283211779245 -1.6337687470963758 -1.8986299531156712 -2.0703298266526677 -2.473635848284899 -2.7226950055033994 -2.7462801529672727 -2.7432140837969694 -2.660194364724136 -2.6465149791950893 -2.719864787807735 -2.543919587727241 -1.9894327708515829 -1.513720346505261 -1.5976834714766497 -1.8233933327059157 -1.9288189418694288 -1.048857089992321 0.33299669991600744 1.1775808305973055 0.7332366523779354 -0.5040401835768509 -0.9023933242416686 -1.0099415966769305 -1.1943774498444184 -1.1203200868078569 -0.7646560630526493 -0.9766865387528694 -2.5908540311803483 -3.2668043574949532 -3.4698724771589013 -3.4092586481767473 -2.9101969278411914 -2.2814168964543327 -1.8292896195718842 -1.5205600392697844 -1.6406084398608987
-1.6182025497702193 -1.7686757905897301 -1.4863615754471682 -1.1601789860218026 -0.8604117617559743 -0.8097036947086473 -0.9210255907381284 -1.7217413471366223 -2.0469805306634337 -1.7988647793434878 -2.129056843837712 -2.6007597931151754 -2.8271772087683575 -2.602646604912285 -2.1738686240190708 -2.532362865469943 -3.280247891549361 -3.2587854073572364 -2.883781562681653 -2.457126245060188 -2.124103962870299 -2.1554722089972502 -2.042971055594575 -1.4005116386786698 -0.2589905014272089 0.45115828871001185 0.4384223090795203 -0.24224504672785896 -0.7490898657264933 -0.7589956276613199 -0.6104091986389188 -0.5703144479503344 -1.4365969142983959 -2.4590130568572977 -4.003132661317074 -4.394646109217368 -4.387806416452845 -3.857612301464976 -3.3302484041727722 -2.6505244542639477 -2.1212737451746335 -1.9092432694744141 -1.873157993854688
-1.697448645248833 -1.708061961607576 -1.2715008820512836 -1.174801777449404 -0.9766865387528694 -0.7724391617157278 -0.8868271269155126 -1.6847126656183415 -2.166085525355993 -1.8019308485137913 -1.9804704148153112 -2.7422706778984143 -2.610429703575363 -2.124103962870299 -1.6710332800892953 -2.0264614523698636 -3.0460473772331005 -3.463976190292933 -2.87505505812002 -2.602646604912285 -2.314436102903755 -2.2179728497765137 -1.972687316152233 -1.4160778360048263 -0.6094657927403642 -0.2179523448400693 -0.08516796461846354 -0.3438970322971522 -0.547908557859655 -0.583993833479381 -0.6280980592368239 -1.2568780906236823 -2.376936743683019 -3.602656857380507 -4.708092719012242 -4.95219899526333 -4.746300657903717 -4.192521395451975 -3.5215239501047835 -2.9366122930007292 -2.442503453632586 -2.199340583280054 -2.13495313070368
-1.5351828306973858 -1.399568232780115 -1.179754658416817 -1.1203200868078569 -1.1026312262099518 -0.9571108663578545 -0.972677063684011 -1.635891410368124 -2.0196217596053403 -1.7061751498104663 -1.9922629885472476 -2.6359016628363463 -2.3243418648385816 -1.6875428833140065 -1.2656045951853154 -1.5821172741504932 -2.5245797668068652 -3.0576040994903986 -2.492268114781359 -2.4863718279153906 -2.340851468063293 -2.1328304674319316 -1.917969774036047 -1.4073513314431931 -0.6514473552260585 -0.17880100005003996 -0.4453131663918066 -0.6710230276210729 -0.5000307085079925 -0.5059269953739607 -0.810647100607202 -1.814430976669644 -3.122227403541411 -4.019642264541785 -4.750074281497937 -5.061634079495701 -4.854556484762895 -4.292994123648075 -3.792045591515409 -3.2394455864368608 -2.755950063427461 -2.4795321351508672 -2.279294233182584
-1.2179625973082917 -1.0556967827568444 -1.0509797532640697 -1.002158498013852 -0.9844696374159474 -1.0615930696228126 -1.0781026728475238 -1.5205600392697844 -1.7910816806804095 -1.5479188103278774 -1.8243367386044707 -2.341794873961848 -1.8809410925177663 -1.2441421109931907 -1.4941446741102462 -1.8106573530754242 -2.234482453001225 -2.716798718637431 -2.312549291106645 -2.4238711871361263 -2.295096281983379 -2.101698072779619 -1.8858939734851796 -1.2373024182286678 -0.480455036112978 0.022380307816797895 -0.35663301192764374 -0.6974383927806111 -0.504983589475406 -0.6747966512152925 -1.4111249550374128 -2.4170314943716034 -3.2236435376360655 -4.122237656009633 -4.75691397426246 -5.017765705212897 -4.772480171588616 -4.367287338159275 -3.9434622382334745 -3.498174654115549 -3.0137357252075945 -2.807601536373343 -2.606420228506505
-0.91701611566927 -0.8809308400495444 -1.0196115071371183 -0.8321095847993267 -0.8964970373757004 -0.9747997269557596 -1.0236209822059767 -1.4406063893672543 -1.604523164241173 -1.5196166333712293 -1.6153723320745543 -1.7491001181947152 -1.3771623426894357 -1.5099467229110415 -1.7608926919266519 -2.130943655634822 -2.427880662204985 -2.858545454895309 -2.4882586397125004 -2.400521891146892 -2.1778780990879296 -2.023631234674199 -1.6191459556687744 -0.969846845988346 -0.42196387040257255 0.07214496896557021 -0.14460253622742414 -0.3691331400834965 -0.5870599026496843 -1.204283211779245 -1.8955638839453677 -2.507834312107515 -3.315625612745171 -4.133794378266931 -4.764697072925538 -4.838046881538183 -4.6533751768960565 -4.3800233177897665 -4.075303212556525 -3.6543083303263897 -3.5927510954456805 -3.3859093521875128 -2.401465297045447
-0.6865892249472294 -0.9531013912889961 -0.9639505591223778 -0.9816394197202825 -0.969846845988346 -1.10852751307592 -1.2304627254641445 -1.235415606431558 -1.3594734820915306 -1.7012222688430527 -1.3722094617220222 -1.2832934557832205 -1.1396599077282326 -1.336124186102296 -1.8271669563001356 -2.2139633747076557 -2.675760562050292 -3.198407429849721 -2.7031193331083845 -2.2882565892188556 -2.049810748359098 -1.6884862892125612 -1.2179625973082917 -0.8731477413864659 -0.4434263545946968 -0.20026348424216467 -0.2813963915178883 -0.0236107297377548 -0.7578163702881264 -1.3722094617220222 -1.78730805708619 -2.436607166766618 -3.3448711956003736 -4.175775940752625 -4.589931130218238 -4.614459683580666 -4.528373895337529 -4.2842676190864415 -4.149596427067726 -4.414221781612383 -4.268701421760285 -3.1620863027553567 -1.9394322582281718
-0.49413442164202426 -0.874091147285021 -0.7099385209364639 -0.8896573446111771 -1.5099467229110415 -1.7207979412380676 -1.3056993458739 -1.0167812894414534 -1.3281052359645793 -1.636834816266679 -0.9132424920750504 -0.7325802625017821 -0.6592304538891365 -0.9474409558976666 -1.5224468510668943 -1.9835364839856147 -2.5109003812778186 -2.9160932147071597 -2.386842505617846 -2.137783348399345 -2.008772591771959 -1.4736255958166766 -1.065602544691671 -0.9210255907381284 -1.040130585430688 -1.0009792406406586 -0.4639454328882664 0.2898358800571197 -0.5674842302546699 -1.119140829434663 -1.6066458275129216 -2.4474563346 -3.36232420472364 -4.019642264541785 -4.334975686133769 -4.335919092032324 -4.326249181572136 -4.3887498223514 -5.165172876862105 -5.248192595934938 -4.125067873705298 -2.765619973887649 -1.4288138156353178
-0.7755052308860311 -0.611352604537474 -0.6464944742586449 -0.8302227730022169 -1.391785134117037 -1.8233933327059157 -1.6054665701397277 -1.1514524814601694 -1.5224468510668943 -1.4160778360048263 -0.5684276361532246 -0.7167782137009868 -0.5497953696567648 -0.547908557859655 -0.8858837210169574 -1.2441421109931907 -1.2910765544462985 -1.0939047216483186 -1.0792819302207173 -1.841789747727737 -1.6679672109189916 -1.2686706643556191 -1.1075841071773653 -1.242255299196081 -1.4210307169722398 -1.3047559399753448 -0.7363538860960017 0.0858243544946169 -0.24625452179671736 -0.7021554222733855 -1.417021241903381 -2.3554742594908946 -3.2432192100310804 -3.835913965798213 -4.088982598085572 -4.134973635640125 -4.367287338159275 -5.156446372300471 -6.01565329440937 -5.24040949727186 -3.755016909997128 -2.307596410139232 -0.8858837210169574
-1.3965021636098114 -0.7823449236505544 -0.8087602888100922 -1.1104143248730298 -1.3429638788668194 -1.5108901288095962 -1.4082947373417483 -1.083998959713492 -1.7295244457997008 -1.6281083117050459 -0.29012289607952146 -0.5655974184575601 -0.2559244322569052 -0.053799718491512216 -0.4297469690656506 -1.0068755275066268 -1.0538099709597346 -0.45616233422518837 -0.11441354747366628 -1.4962673373819948 -1.7519303358903802 -1.8097139471768693 -1.6632501814262168 -1.2646611892867607 -0.9259784717055419 -0.6495605434289482 -0.23446194806478093 -0.026440947433419293 -0.0703093217162234 -0.4132373658409394 -1.2960294354137116 -2.3087756675124256 -3.067509861425225 -3.4972312482169943 -3.7491206231311596 -4.054784134262956 -4.495118837413468 -5.8800386964921 -6.146550862833866 -4.0069062849112935 -2.1427362293667587 -1.2012171426089417 -0.4346998500330641
-1.5441451867336573 -1.1094709189744751 -1.2920199603448532 -1.2335287946344478 -1.4219741228707945 -1.6134855202774445 -1.3781057485879904 -1.1486222637645045 -1.794147749850713 -1.6943825760785294 -0.14766860539772741 -0.18469728691600817 0.3358269176116728 0.690311683993686 0.20021231969440167 -0.7540427466939064 -0.9384785998613947 -0.5938995954142077 -0.22479203760459265 -1.541079117563354 -2.3212757956682784 -2.5050040944118503 -2.5019380252415466 -2.0752827076200813 -1.2052266176778001 -0.5255026677689756 0.8865401108931108 1.0624853109736048 0.5752161643699853 -0.409227890772081 -1.3233882064718046 -2.105471696373839 -2.7295346982679227 -3.0821326528528266 -3.361380798825085 -4.0109157599801515 -4.5109208862142625 -5.31847633537728 -4.572242269620333 -2.365380021425721 -1.0450834663981015 -0.5410688650951316 -0.41795439533371415
-1.2823500498846654 -1.2472081801634944 -1.4384837260955057 -1.3097088209427583 -1.401455044577225 -1.6514576076942804 -1.5292865438314176 -1.2804632380875556 -1.8936770721482579 -1.6259856484332973 -0.27266988695625516 -0.2696038177859519 -0.021488066466006206 0.3818179551662251 0.16294778670148213 -0.6505039493275033 -1.3066427517724546 -1.3644263630589442 -1.777402295151363 -2.3604271404583077 -2.741327271999859 -2.6417979497023145 -2.6679774633872135 -2.7568934693260156 -2.13495313070368 -0.7832883295491091 1.210835888521367 2.5985859652956638 2.1580154106705134 0.5877162925258377 -1.533296018900276 -2.179764910885039 -2.2568883430919042 -2.5410893700315764 -3.023641487142421 -3.6377987271016785 -4.253135224434129 -3.9179902789724914 -2.89180051281937 -1.5429659293604638 -0.3917748816488147 -0.4611152151926019 -0.2549810263583505
-0.9288086894012069 -0.7696089440200629 -1.4658424971535986 -1.2901331485477434 -1.2012171426089417 -1.454285774896301 -1.9170263681374922 -1.7823551761187766 -1.997215869514661 -1.5273997320343078 -0.7521559348967966 -0.4816342934861715 -0.33493467626088025 -0.417010989435159 -0.6377679696970118 -1.3681999866531638 -2.109481171442697 -2.8252903969712477 -3.2929838711798527 -3.1113782357080293 -2.701232521311275 -2.58495774431438 -2.1427362293667587 -2.2276427602367015 -2.6328355936660426 -1.6865994774154514 0.257760079506252 2.6639168237705926 3.1884505033671315 1.8280591976509273 -0.4872947288775009 -1.8554691332567832 -1.9316491595650935 -2.034244551032942 -2.6250524950029646 -3.155482461465472 -3.5821377790869375 -2.77646914172103 -1.3321147110334377 -0.1592253276550255 -0.33705733953262884 -0.4141807717394941 -1.1514524814601694
-0.9757431328543142 -0.3019154698114579 -1.1436693827970914 -1.2139531222394333 -1.1250371163006312 -1.5528716912952905 -2.0156122845364823 -1.9903761767501378 -2.013725472739372 -1.2736235453230322 -1.164188461090661 -0.8722043354879112 -0.9033367301402238 -0.9872998551116123 -1.7832985820173315 -2.5186834799408966 -3.3252955232053587 -4.035208461867941 -3.9540755545922175 -3.157369273262582 -2.6632604338944392 -2.62410908910441 -2.183774385953898 -1.9521682378586633 -2.3526440417952297 -2.9599615889899633 -1.759949286028097 0.8905495859619688 2.939391346148631 2.317215156051657 0.7363027215482383 -0.6427208506644253 -1.3056993458739 -1.4064079255446384 -2.0616033220910346 -2.6474583850936444 -2.680713443017705 -1.8349500549632136 -0.4854079170803911 0.09266404725914024 -0.08611137051701867 -1.1172540176375532 -1.8585352024270867
-1.2960294354137116 -0.46677565058393133 -0.7080517091393537 -0.8681948604190528 -1.0196115071371183 -1.4474460821317776 -2.113490646511556 -2.1328304674319316 -1.832119837267549 -1.0236209822059767 -1.174801777449404 -1.2090002412720198 -1.2462647742649393 -1.557824572262704 -2.3554742594908946 -3.2413323982339706 -4.0019534039438796 -4.255022036231239 -3.8769521223853523 -3.1533597981937236 -2.8184507042067244 -2.869158771254052 -2.8281206146669127 -2.595806912147762 -2.533306271368498 -3.149586174599504 -3.5156276632388153 -1.592966441983875 0.8700305076683996 2.474528089635691 1.0907874879302524 -0.008987938310153432 -0.671966433519628 -0.7832883295491091 -1.3398978096965157 -1.9590079306231865 -1.8467426286951503 -1.1700847479566292 -0.2179523448400693 0.28016596959693185 -0.47573800662020327 -1.5087674655378476 -2.6710435325575173
-1.3292844933377732 -1.0089981907783754 -0.6309282769324884 -0.5849372393779357 -0.7413067670634148 -1.0538099709597346 -1.6632501814262168 -2.179764910885039 -1.6865994774154514 -1.1455561945942012 -1.354520601124117 -1.2842368616817752 -1.454285774896301 -1.7578266227563484 -2.2422655516643033 -3.0488775949287654 -3.666100904058326 -3.780253017783472 -3.6436950139676467 -3.432607944165982 -3.1915677370851983 -2.99038642921836 -3.0196320120735627 -3.0929818206862083 -3.052887069997624 -3.299823563944376 -4.011859165878707 -3.4179851527383804 -1.8184404517385024 0.7440858202113168 1.9198054212853943 0.8025769859217222 -0.07526220268363693 -0.4356432559316188 -0.6797495321827061 -1.1759810348225974 -1.119140829434663 -0.6691362158239631 0.15021180707099058 -0.250028145390937 -1.0939047216483186 -2.209953899638797 -3.3486448191945932
-1.0781026728475238 -1.2130097163408782 0.045729603806032415 -0.47573800662020327 -0.898619700647449 -1.2021605485074964 -1.656410488661694 -2.0205651655038954 -1.732590514970004 -1.5068806537407378 -1.209943647170575 -1.4365969142983959 -1.4884842387189168 -1.513720346505261 -1.8741013997532432 -2.453116769991329 -3.024584893040976 -3.517750326510564 -3.710912684239685 -3.614449431112444 -3.5479393152643217 -3.298880158045821 -3.175765688284403 -3.3564279178576717 -3.6564309935981383 -3.82718746123658 -3.977660702056091 -4.09487888495154 -3.2158604389729875 -1.7832985820173315 0.3681385696371784 1.2997518944601687 0.7322932464793803 0.057522177537968844 -0.3613500414204185 -0.40427500980466746 -0.26087731322431873 -0.013704967802927737 -0.010874750107263242 -0.7851751413462189 -1.961130593894935 -3.034254803501164 -3.958085029661076
-1.2189060032068464 -1.462068873559379 -0.8439021585312632 -0.5000307085079925 -0.6299848710339337 -0.9151293038721602 -1.3252750182689144 -1.7285810399011456 -1.3078220091456485 -1.2462647742649393 -1.9785836030182011 -1.6611275181544682 -1.3887190649467334 -1.331171305134883 -1.6884862892125612 -2.2373126706968898 -2.5811841207201605 -2.9972261219828833 -3.585911402681157 -3.82718746123658 -3.854546232294673 -3.690629457420754 -3.602656857380507 -3.760913196863096 -4.028368769103418 -4.120114992737885 -4.0019534039438796 -3.834027154001103 -3.420107816010129 -3.0547738817947336 -1.5625416017554787 0.16294778670148213 0.9969186010240367 0.8035203918202773 0.2957321669230879 -0.06559229222344909 0.25469401033594874 0.7313498405808252 0.19431603282843346 -1.3906058767438432 -2.6632604338944392 -3.421994627807239 -4.118228180940775
-1.0469702781952113 -1.103574632108507 -1.2012171426089417 -0.4405961368990323 0.1355890156433892 0.16695726177034054 -0.7403633611648601 -2.024574640572754 -1.2724442879498388 -0.9736204695825657 -2.613259921271028 -1.759949286028097 -1.012771814372595 -1.0441400604995463 -1.8203272635356122 -2.5762312397527474 -2.7755257358224754 -3.0059526265445164 -3.6113833619421403 -4.008793096708403 -4.417995405206603 -4.438514483500172 -4.245116274296413 -4.111388488176251 -4.29016390595241 -4.671064037493961 -4.655261988693167 -3.6290722225400454 -3.1474635113277554 -3.244162615929635 -2.7130250950432115 -1.4288138156353178 0.11318312555270982 1.1318256445173915 1.5341882602510681 1.1532881287095167 1.069325003738128 0.6884248721965758 -0.22573544350314778 -1.6104194511071412 -2.667034057488659 -3.3535977001620068 -3.9962929685525506
