static/data/ASCData/20210111/ASCU/06.asc
ncols 97
nrows 97
xllcorner 99.0
yllcorner 2.0
cellsize 0.25
NODATA_value -32767
[rows 76 to 94 of 97, columns 0 to 42 of 97]
-5.170572887406276 -5.09357641890472 -4.736074297478302 -4.3796091655266505 -4.022107044100232 -4.3376110917985296 -4.424458960310385 -5.220348382195162 -5.485039945629805 -5.698141282694719 -6.226228172720546 -6.391368746577419 -6.293632488580494 -6.293632488580494 -6.322149699136626 -5.961795856654595 -5.446152840325989 -5.293715387535029 -5.555555229914059 -6.058235877808059 -6.351444651798834 -6.682503541618658 -7.017451141968864 -7.471393284548747 -7.717419037437558 -7.817229274384021 -7.808414863848489 -7.6559774110575285 -7.569129542545673 -7.378582726556972 -7.171703326340668 -6.978304789296355 -6.9137521944920195 -7.118039121021402 -7.2938088369946525 -7.640422568936002 -7.788712063827889 -7.738936569039004 -7.666865800542597 -7.515465337226406 -7.244811084311843 -6.680429562669121 -6.1227884726123945
-5.562295661500054 -5.573961793091199 -5.427487029780157 -4.779109360681192 -4.410978097138397 -4.123732012627539 -4.202802460078633 -4.137472123168221 -4.287835597009645 -4.467494023513276 -5.0310978030499225 -5.5954793246926435 -6.185267088467192 -6.177489667406429 -6.0574581357019825 -5.698141282694719 -5.305381519126174 -5.219570640089085 -5.601442014172562 -6.046569746216914 -6.298558188585645 -6.515288988812248 -6.8445331470512265 -7.0965215894199565 -7.337621642303619 -7.449875752947302 -7.508465658271719 -7.3612131528546 -7.126853531556934 -6.959638978750523 -6.873828099713435 -6.684318273199503 -6.660986010017213 -6.8600879891727535 -7.182332468457045 -7.610090626799026 -7.650273968946302 -7.485133395089429 -7.385582405511659 -7.280068726453971 -7.014340173544558 -6.68639225214904 -6.1316028831479255
-6.161934825284902 -6.088567819945036 -5.8269872249346975 -5.152166324229137 -4.87477163972858 -4.587784802586414 -4.129694702107457 -3.974405528260884 -3.976220259841729 -3.8307824860054556 -3.8688918492031954 -4.393349276067333 -5.189238697952108 -5.809358403863634 -5.689326872159187 -5.512520166711169 -5.169795145300201 -5.203756550598866 -5.566184372030436 -5.942093056633994 -6.075086956773046 -6.273151946453818 -6.426626388719546 -6.6783555837195845 -6.986082210357118 -7.1286682631377785 -7.291734858045115 -7.091595889414807 -6.8162751838637865 -6.730205057458006 -6.670578162658821 -6.57206416255582 -6.548472652004838 -6.623913636294241 -6.943047147154228 -7.387397137092504 -7.440283600305694 -7.3065119580605655 -7.034042973565159 -6.944084136628996 -6.6482828889513 -6.32007572018709 -5.97346198824574
-6.660986010017213 -6.447884672952299 -5.890502830264264 -5.386525945526804 -5.195979129538103 -4.681373102684266 -4.069030817833504 -3.9098529334565493 -4.0545129651867455 -3.8328564649549923 -3.295695917024942 -3.406135296087781 -4.016403601989006 -4.723371176412388 -5.248865592751294 -5.066096197823357 -5.052615334651367 -5.199090097962409 -5.458855961391903 -5.679475472148887 -5.767360330135512 -5.868985298662819 -6.010534361968711 -6.260448825387904 -6.56221276254552 -6.877716810243816 -7.022117594605321 -6.825867336505395 -6.636616757360155 -6.5603980309646746 -6.474327904558894 -6.377628636036738 -6.336667551783385 -6.3991461676381824 -6.679392573194353 -7.1237425631326285 -7.3923228370976535 -7.266328615913289 -6.8191269049194 -6.470439194028513 -6.145342993688608 -5.733139677468154 -5.412969177133399
-6.652171599481681 -6.494808446685571 -6.040866304105688 -5.5788874930963495 -5.24964333485737 -4.689150523745029 -4.02910672305492 -3.7576747280342806 -3.829745496530687 -3.729157517478149 -2.9939319798673267 -2.3572204423595062 -2.606097916303931 -3.2371060117005253 -4.077845228369036 -4.605154376288786 -4.688372781638954 -4.888511750269261 -5.117945671561778 -5.247828603276526 -5.3727858349861215 -5.482188224574192 -5.695030314270413 -5.975276719826584 -6.336667551783385 -6.675503862663971 -6.704798815326179 -6.618987936289091 -6.457736072962599 -6.401997888693796 -6.3415932517885345 -6.326816151773084 -6.292854746474418 -6.309446578070713 -6.541732220418843 -7.1081877210111015 -7.38454541603689 -7.07604104729328 -6.549509641479606 -6.212747309548556 -5.805469693333253 -5.339602171793532 -5.054430066232212
-6.204969888487793 -5.829838945990311 -5.524186298302314 -4.83173657652569 -4.155100944239284 -3.698047833235096 -3.45279982245236 -3.433356269800452 -3.765452149095044 -4.140323844223834 -3.5749053331063436 -2.356183452884738 -1.5807745731266387 -2.159933194784811 -3.21558848009908 -3.7771182806861887 -3.9549619756089758 -4.407089386608014 -4.620968465779005 -4.659855571082821 -4.98417402931665 -5.26442043487282 -5.492817366690568 -5.751805488013986 -6.105159651541331 -6.473290915084126 -6.530066088827698 -6.431292841356004 -6.254745383276678 -6.224413441139701 -6.1676382673961285 -6.227265162195314 -6.323964430717471 -6.372702936031588 -6.542769209893612 -7.091595889414807 -7.130742242087315 -6.743945167998688 -6.249819683271528 -5.816098835449629 -5.391451645531953 -5.111205239975783 -5.034986513580304
-5.195979129538103 -4.794664202802718 -4.368980023410275 -3.4520220803462838 -2.586654363652023 -2.013458431473769 -1.709620515366617 -1.7692474101658022 -2.6784279321690296 -3.3561005539302036 -3.3141024802020818 -1.970423368270879 -0.5398963878278198 -0.9606548672151132 -1.9859782103924055 -2.3551464634099695 -2.55061897940382 -3.5837197436418755 -3.989960370382411 -4.019255323044619 -4.578970392050883 -5.05054135570183 -5.377711534991272 -5.638514387895534 -5.910983372390941 -6.213525051654632 -6.385406057097501 -6.3542963728544475 -6.221561720084088 -6.113974062076863 -6.092456530475417 -6.174637946350816 -6.241005272735996 -6.283003346464118 -6.466550483498131 -6.80434980490395 -6.624691378400318 -6.237116562205615 -5.834764645995461 -5.518223608822396 -5.195979129538103 -5.022283392514391 -4.975359618781118
-3.478206064584187 -3.1598502958302768 -2.921601964002228 -2.1863764263914063 -1.4762978835437188 -0.8512524776270431 -0.43827141930051283 -0.6306329668700581 -1.6862882521843272 -2.133489963178216 -2.3854784055469462 -1.6492158784613555 -0.4559002403715764 -0.7887738617722446 -1.7741731101709524 -2.081899736808486 -2.0593452157322725 -2.3504800107735115 -3.2596605327767385 -3.611199964723239 -4.219394291674927 -4.823959155464927 -5.289826677004648 -5.510446187761632 -5.608182445758557 -5.846430777586606 -6.172563967401279 -6.260448825387904 -6.196155477952261 -6.083642119939886 -6.052532435696833 -6.011571351443479 -6.024274472509393 -6.082864377833809 -6.269263235923436 -6.417811978184015 -6.327853141247853 -5.8796144407791955 -5.562295661500054 -5.365008413925359 -5.220348382195162 -5.059355766237362 -4.903029602916019
-1.30441687810085 -1.2320868622357517 -1.0682425252223386 -0.7760707407063314 -0.21765190854352778 0.00218986010738087 0.24251217088496624 -0.5564882194241147 -1.2507526727815836 -1.8034680628331605 -2.2224118106396094 -1.3640437729000352 -1.0417992936157434 -1.1639048042697269 -1.4381885203459785 -1.612143504738384 -1.417707978219302 -1.3707842044860303 -2.5456932793986695 -3.297510648605787 -3.903112501870554 -4.588562544692492 -5.049504366227062 -5.251717313806907 -5.362934434975822 -5.633588687890384 -5.966462309291052 -6.161934825284902 -6.196933220058337 -6.127714172617544 -5.933278646098462 -5.868985298662819 -5.823876256510392 -5.877799709198351 -5.90605767238579 -5.980202419831734 -5.989016830367266 -5.635403419471229 -5.394303366587566 -5.356194003389827 -5.299678077014947 -5.299678077014947 -5.1500923452795995
0.44939157110126926 0.17899656555539956 0.00011588115784411102 0.260918734062106 0.5090184659004544 0.7317119556069764 0.5030557764205361 -0.33275774024282434 -0.5818944615559414 -1.4851122940792503 -2.0847514578640993 -0.6062637142129998 -0.481306482503403 -0.9889128304025532 -1.2497156833068153 -1.3785616255467934 -1.4138192676889203 -1.12372146212245 -1.972497347220416 -2.972414448265882 -3.824042054419461 -4.433273370845917 -4.713519776402087 -4.913917992401089 -5.118982661036547 -5.393266377112798 -5.74869451958968 -6.040866304105688 -6.067050288343591 -6.005608661963561 -5.817135824924398 -5.72536225640739 -5.678438482674119 -5.646291808956297 -5.703844724805945 -5.600405024697794 -5.672735040562893 -5.585627924682344 -5.420746598194162 -5.34556486127345 -5.420746598194162 -5.420746598194162 -5.283863987524729
1.2579841140519585 0.8009310030477699 0.528462018552363 0.5655343922753344 0.8097454135833013 1.1700992560653334 0.95829415584388 0.36046972363987617 0.21788367085921578 -0.765441598589955 -1.9527945471998156 -0.37371882449617777 -0.042659934676354094 -0.5691913404900282 -0.974394977755795 -1.112055330531305 -1.5281473572821405 -1.2108285780029986 -1.7311380469680622 -2.921601964002228 -3.7566377385595127 -4.226393970629614 -4.502751665655403 -4.695113213224948 -4.906140571340325 -5.258457745392901 -5.5877019036318805 -5.901131972380641 -5.902168961855409 -5.843579056530992 -5.723288277457854 -5.631514708940847 -5.609219435233326 -5.581739214151963 -5.514334898292013 -5.301492808595792 -5.503705756175638 -5.497743066695719 -5.371748845511354 -5.269346134877971 -5.342453892849145 -5.34556486127345 -5.209719240078785
1.3292771404422887 1.01973578222391 0.7052687240003812 0.7101944240055316 0.7620438977439532 1.1231754823320617 1.3409432720334333 0.8195968135936016 0.6858251713484731 0.0286330917139761 -1.6764368521740272 -0.7732190196507183 -0.2635386928020311 -0.21765190854352778 -0.6238925352840632 -1.1823113674468666 -1.6354757679206737 -1.2673445043778786 -1.8140972049495372 -2.9392307850732915 -3.4979088646047876 -3.9655911177253524 -4.293798286489563 -4.486159834059109 -4.847550666015908 -5.232273761154999 -5.458855961391903 -5.709807414285864 -5.721473545877009 -5.669624072138587 -5.580702224677194 -5.586664914157112 -5.564110393080899 -5.46844811403351 -5.36397142445059 -5.1207973926173915 -5.210756229553553 -4.7596658080292835 -5.176535576886195 -5.107316529445402 -5.334676471788382 -5.336750450737918 -5.024098124095235
0.9844781400817832 1.0324389032898234 0.7122684029550683 0.7200458240158314 0.7560812082640349 0.9953665295668519 1.2209117403289866 0.8107824030580697 0.528462018552363 0.4327997395049743 -1.4470029308815104 -0.9694692777506448 -0.15206232426442412 -0.027105092554827515 -0.2780565454487893 -0.9108793724262283 -1.6823995416539455 -1.3142682781111503 -1.9802747682811792 -2.7829046217519497 -3.2205141801042303 -3.6765303016336506 -4.034810165166146 -4.438199070851068 -4.823959155464927 -5.13168578210246 -5.321973350722469 -5.446152840325989 -5.455744992967597 -5.3766745455165035 -5.408043477128249 -5.409858208709093 -5.506557477231251 -5.421524340300238 -5.138426213688455 -5.053393076757443 -4.626671907890231 -3.4030243276634753 -4.508455107766629 -5.359045724445441 -5.547518561484603 -5.393266377112798 -5.074910608358888
0.19169968662131298 0.4885379237737779 0.6145321449581429 0.6223095660189064 0.6671593608026414 0.8361886451898966 1.0275132032846734 0.7288602345513633 0.16421946553994937 0.3939126342011581 -1.073945967333565 -1.2606040727918837 -0.4216795877042179 0.005041581162994024 -0.15413630321396088 -0.7711450407011813 -1.6209579152739155 -1.3806356044963304 -2.053382526252354 -2.68827933217933 -3.0662619957324253 -3.439318959280371 -3.815227643883929 -4.268392044357736 -4.725445155361925 -5.015283713559703 -5.18820170847734 -5.15501804528475 -5.1052425504958645 -4.8854007818449565 -4.982100050367113 -5.142314924218837 -5.306418508600942 -5.21645967166478 -4.833810555475226 -4.76044355013536 -4.195025039017869 -3.1383327642288315 -4.8182557133537 -5.548555550959373 -5.477262524569042 -5.293715387535029 -5.0310978030499225
-0.6570761984766531 -0.42349431928506265 -0.18239426640140088 -0.05743703469180428 0.20518054979330236 0.524573308021981 0.674159039757328 0.48646394482424116 -0.15802501374434286 0.07633460755332422 -0.29075966651470275 -1.147312972673432 -1.230272130654907 -0.7058147037907698 -0.4421601298308946 -0.8717330197537196 -1.441299488770284 -1.4099305571585385 -2.3434803318188244 -2.724314716427533 -2.9646370272051183 -3.3493601223442084 -3.7498973069735175 -4.133583412637839 -4.559267592030283 -4.940101976638991 -5.102390829440251 -4.8581798081322844 -4.8942151923804875 -4.747740429069447 -4.736074297478302 -4.8854007818449565 -5.058318776762594 -4.955916066129211 -4.469568002462813 -4.158989654769666 -4.230282681159997 -4.265281075933431 -5.3844519665772665 -5.535852429893459 -5.523149308827545 -5.488150914054111 -5.182498266366114
-1.3591180728948853 -0.9430260461440498 -0.609115435268613 -0.6531874879462716 -0.31720289812129776 0.14581290236280964 0.3078425077953777 0.16629344448948613 -0.23320675066505436 0.0773715970280926 0.21218022874798947 -1.0340218725549801 -1.5613310204747304 -0.912953351375765 -0.4323087298205943 -0.8356976355055166 -1.3668954939556486 -1.4646317519525738 -2.4168473371586914 -2.7567206375140465 -2.8044221533533946 -3.3063250591413187 -3.8113389333535475 -4.112065881036394 -4.364054323405124 -4.659855571082821 -4.822144423884081 -4.716630744826393 -4.7635545185596655 -4.76044355013536 -4.578970392050883 -4.6344493289509945 -4.713519776402087 -4.535935328847993 -4.147323523178521 -3.888335401855104 -4.014329623039469 -4.515454786721316 -5.009580271448477 -5.156055034759518 -5.242902903271375 -5.29760409806541 -5.23123677168023
-1.6658077100576505 -1.3503036623593534 -0.6179298458041447 -0.5837091931367862 -0.6101524247433814 -0.2653534243828759 0.15255333394880433 0.15255333394880433 -0.21557792959399102 0.10951827074591414 0.31950863938652274 -0.6267442563396763 -1.4656687414273422 -1.3210087096971452 -0.8766587197588698 -1.0252074620194485 -1.4879640151348634 -1.4822605730236371 -2.0974545789300127 -2.699945463770475 -2.7733124691103415 -3.1842195484873352 -3.7283797753720727 -4.05243898623721 -4.19995073902302 -4.430421649790304 -4.677484392153884 -4.6217462078850815 -4.545786728858293 -4.526083928837693 -4.312204849666703 -4.363017333930356 -4.444161760330987 -4.204876439028169 -3.7996728017624024 -3.7615634385646626 -3.9508140177099023 -4.318167539146621 -4.397237986597714 -4.6471524500169075 -4.906918313446401 -5.062207487292975 -5.250680324332139
-1.3318970991822137 -1.2193837411698383 -0.7848851512418631 -0.4958243351501612 -0.5826722036620178 -0.5699690825961043 -0.19691211904815908 0.2883989551434696 -0.036956492565127785 0.09007471809400602 0.35372929205388104 -0.2752048243931762 -1.4050048571533886 -1.5260733783326037 -1.2888620359793235 -1.2860103149237103 -1.4265223887548337 -1.5797375836518703 -1.7028800837806222 -2.214634389578846 -2.4744002530083398 -2.955822616669587 -3.508538006721164 -3.846337328126982 -3.9842569282711846 -4.232097412740841 -4.539824039378375 -4.4568648813969 -4.306501407555476 -4.175581486365961 -4.311167860191935 -4.3951640076481775 -4.3142788286162395 -3.9627393966697393 -3.421690138209307 -3.3395087223339086 -3.6589014805625872 -3.9655911177253524 -4.14343481264814 -4.659077828976745 -4.961619508240437 -5.020209413564853 -5.064281466242512
-1.4363737887651338 -1.3707842044860303 -1.2790106359690234 -0.9274712040225233 -0.5572659615301911 -0.5339336983479013 -0.22724406118513585 0.3018798183154594 0.09681514968000071 0.030447823294820875 0.3283230499220542 0.03926223383035232 -0.9842463777660952 -1.617069204743534 -1.4070788361029254 -1.0475027357269697 -1.0682425252223386 -1.4705944414324923 -1.6471418995118188 -1.576885862596257 -2.036790694656059 -2.653021690037203 -3.297510648605787 -3.6306435173751472 -3.7615634385646626 -3.981145959846879 -4.283946886479263 -4.206691170609014 -4.160804386350511 -3.966628107200121 -4.164693096880892 -4.397237986597714 -4.294576028595639 -3.6207921173648474 -3.0553736062473567 -2.94026777454806 -3.326805601267995 -3.8250790438942293 -4.448050470861368 -4.952805097704905 -5.143351913693605 -5.144388903168373 -4.193988049543101
