static/data/ASCData/20210111/ASCU/12.asc
ncols 97
nrows 97
xllcorner 99.0
yllcorner 2.0
cellsize 0.25
NODATA_value -32767
[rows 0 to 18 of 97, columns 43 to 85 of 97]
-0.37719045198997136 -0.26973489882400914 0.18139113810585838 0.34245741387531803 -0.3938121170766453 -1.6252199812443164 -1.680937675478519 -1.8197636951460912 -1.162388546366087 -0.21425131254877394 0.1783477346392841 0.10226264797493201 0.4185425005396701 0.5924847140523277 0.6276009078974134 0.6470318684916943 0.7516781261500496 0.7526145579859187 -0.08338496348608793 -0.6115325189161762 -0.7611275046962414 -0.6398595819512121 -0.3743811564823645 0.26145606007265343 0.15493693874256032 -0.1049228957110735 -0.15947005015044002 0.01634502703395535 0.3122574871685444 0.7682997912367235 1.0876230472680364 1.2330040897866903 1.419588133083579 1.4509585995851895 1.3472487737627032 1.9449263930060612 1.9030210683509257 0.8745848046078493 -0.4710677435358339 -2.067684023692396 -3.6654708436437944 -4.093186084676938 -3.7396830666364087
0.41760606870380146 0.7800051891850854 0.17553843913167722 -1.418268545517278 -2.464262906182897 -2.2736990275835653 -0.35869592323155963 -0.11077559468525466 -0.6506285480637053 -1.0099842650784154 -1.2864657646187232 -0.6253448884952433 0.07674488044750305 0.5210817865673203 0.7310766257609327 0.948797027600464 1.0845796438014617 0.882544475212736 -1.0755344935892417 -1.2209155361078965 -1.0071749695708085 -0.7601910728603727 -0.26973489882400914 0.32489931695277496 0.13152614284583652 0.08564098288825805 0.10015567634422684 0.005576060921462567 -0.10679575938281172 0.5299778890080753 1.286848920349155 1.2964473466668123 1.2037405949157858 1.129528371923172 1.0113038526447165 1.1627717020965198 0.8912064696945237 0.2701180545544415 -0.8596869554214486 -2.37928171707779 -4.014057594546012 -4.2434833943339045 -4.132048005865499
0.5924847140523277 0.8132485193584333 -0.690661009047103 -2.3392492560943916 -1.8644783153088336 -1.196568308375304 -0.3362215591707045 -1.2298116385486517 -1.7532770347993956 -1.551007758251702 -0.913297678024946 0.17062217199336516 0.49275472353228444 0.7917105871334478 0.852110440546995 0.9958527273528786 0.9733783632920243 0.6627171017424991 -0.7377167087995176 -1.210380677954371 -1.0383113281134508 -0.7365461690046815 -0.30204179716148793 0.27503432169275355 0.35018297652123653 0.24272742335527475 0.24085455968353653 0.15587337057842943 0.04560852190486031 0.5524522530689304 0.9605024255488255 1.2320676579508216 1.286848920349155 1.4401896334726967 1.4060098714634792 0.5259980537056324 -0.3821067191282834 -1.0813871925634229 -2.7201429053340878 -4.369433476258279 -4.659493237418687 -4.324484748136569 -4.2816429916455645
0.31904661797859424 0.07299915310402705 -1.1029251247884089 -1.5226806952166663 -1.1321886196593134 -0.8322963242222818 -0.7660437718345534 -1.425994108163197 -1.3012145660336591 -0.8957395811024034 -0.28846353554138826 0.1013262161390629 0.2673087590468346 1.2838055168825813 1.4263772638936292 1.4177152694118416 1.075917649319674 -0.059974167589364136 -1.2824859293162802 -1.4983334674840734 -1.0170075038474322 -0.6623339460120672 -0.26692560331640225 0.1373788418200177 0.46934392763556065 0.39606813647881545 0.3981751081095206 0.49392526332712094 0.5142926557572705 0.4314184382828681 0.2888466912718206 0.6861278976392229 1.096285041749824 1.2545420220116767 1.1763499637166195 0.3356682830652682 -0.8187180626021817 -3.2756810919633432 -4.717083795324627 -5.008079988320904 -4.76507592691291 -4.454414665363386 -4.312779350188207
-0.14284838506376607 -0.38608655443072637 -0.09602679327031849 -0.437824413362486 -0.9406883092241127 -0.8596869554214486 -0.7337368734970746 -0.6223014850286694 -0.529594733277643 -0.6740393439604291 -0.35284322425737846 -0.38889584993833326 -0.2727783022905834 0.7741524902109047 1.4429989289803027 1.4205245649194485 1.1559825712864695 -0.12529028814122345 -1.296298298895347 -1.5168279962424853 -1.0090478332425463 -0.21612417622051172 0.17436789933684116 0.062230186991534264 0.4185425005396701 0.4206494721703753 0.6091063791390017 0.7135185288383901 0.7476982908476066 0.5435561506281754 0.3794464713921415 0.3794464713921415 0.7750889220467734 0.6734860678549923 0.5103128204548275 -0.568690762425172 -1.8733744177495886 -4.17699673398721 -5.012996255459216 -5.251318157687864 -4.799255688922127 -4.597922844210303 -4.661366101090424
-0.20043894296970688 -0.900655848240715 -0.6105960870803075 0.10319907981080068 -0.47972973801762153 -0.6585882186685912 -0.4584259137516029 -0.27863100126476414 -0.5277218696059052 -0.67310291212456 -0.4406337088700929 -0.08923766246026865 0.028986856818186357 0.22914916173517463 0.8991661402994096 1.083643211965593 1.007558125301241 0.08845027839586495 -0.8957395811024034 -1.1644955179967922 -0.6194921895210626 0.17553843913167722 0.4234587676779822 0.16266250138847926 0.3473736810136301 0.4644276604972486 0.6540551072607115 0.9499675673953005 0.999598454696355 0.8804375035820309 0.8443848779010761 0.7320130575968018 0.6217482089232327 0.5192089228955825 -0.8840341831540415 -2.6468671141773426 -3.6282476781680035 -4.479698324931848 -5.31780481803456 -5.218074827514516 -4.900624435154941 -4.558826815062774 -5.193727599781923
-0.403644651353269 -1.1986752800060092 -0.660461082340329 0.11303161408742479 0.05333408455077926 -0.319599894084031 -0.20746218173872366 -0.3078944961356691 -0.5794597285376648 -0.9065085472148962 -0.517889335329281 0.5475359859306184 0.8532809803418306 0.5817157479398349 0.3541628118236799 0.5075035249472206 0.49392526332712094 -0.14284838506376607 -0.834403295852987 -0.8030328293513769 -0.27863100126476414 0.1305897110099674 0.3532263799878108 0.48104932558392255 0.39606813647881545 0.5416832869564372 0.6208117770873636 0.9253862317037402 1.2117002655206717 1.1363175027332213 1.0679579787147881 1.0045147218346662 0.8862902025562116 -0.12833369160779728 -1.8801635485596384 -4.517857922243508 -4.591133713400253 -4.990521891398361 -4.882129906396529 -4.754306960800418 -4.723872926134677 -4.195725370704588 -4.956342129389144
-0.6468828207202293 -1.0053021058990703 -0.5551125008050719 -0.035392831897803845 0.16851520036266 -0.3313052920323929 0.030859720489924136 -0.010109172329342275 -0.08619425899369482 -0.45631894212089774 -0.8606233872573177 0.1167773414309008 0.7907741552975782 0.9595659937129568 0.6978332955875848 0.33941401040874375 -0.08923766246026865 -0.4914351359659834 -0.3254525930582117 -0.39100282156903843 -0.556048932640941 -0.2952526663514381 0.299381549425346 0.8483647132035186 0.6666969370449425 0.5407468551205685 0.573990185293916 0.8474282813676499 1.2681202836317764 1.1627717020965198 0.8628794066594878 0.9253862317037402 0.5709467818273422 -0.5150800398216746 -2.3783452852419207 -4.623440611737732 -4.3909714084832645 -4.501236257156833 -4.387928005016691 -4.209303632324688 -4.152649506254616 -3.597111319625361 -3.469990697906151
-0.36454862220574036 -0.49728783494016415 -0.24445123925554757 0.032966692120629304 -0.11943758916704228 -0.67310291212456 0.0690193178015841 0.3855332783252896 0.5426197187923063 0.4361005974622132 -0.28939996737725693 -0.6096596552444384 0.17436789933684116 0.6578008346041875 0.6784023349933044 0.3326248795986939 -0.10281592408036833 -0.20043894296970688 -0.015025439467654333 -0.4701313116999648 -0.7648732320397174 -0.6438394172536555 -0.030710672718459175 0.7837509165285614 0.8003725816152354 0.7107092333307832 0.7350564610633756 0.9733783632920243 1.2545420220116767 1.0876230472680364 0.7184347959767021 0.38061701118697755 -0.15853361831457136 -1.2581387015836873 -2.935756335542914 -3.988539827018583 -3.9094113368876564 -4.008204895571831 -3.862589745094209 -3.66242744017722 -3.5589517223137013 -3.0502351274778934 -2.051062358605722
-0.04335250250269018 0.025943453351612078 -0.03749980352850901 -0.16344988545288297 -0.24936750639385963 -0.2746511659623212 0.02711399314644858 -0.11264845835699244 -0.24632410292728535 0.12965327917409875 0.8600701111518809 0.4243951995138513 0.30640478819436323 0.36891161323861565 0.4117533697296203 0.3141303508402822 0.089620818190701 -0.05107806514860913 -0.015961871303523445 -0.394748548912514 -0.7395895724712553 -0.7707259310138981 -0.3959190887073505 0.24272742335527475 0.8200376501684827 0.9441148684211189 0.9263226635396089 0.9469241639287258 1.0192635232496023 0.9675256643178427 0.7057929661924711 -0.06769973023528264 -1.0179439356833013 -2.0168825965965054 -2.947695841450243 -3.5266448239762225 -3.6467422069264153 -3.558015290477832 -3.425041969784441 -3.311733717644298 -3.16916197063325 -2.814722520756852 -0.9935967079507084
0.33075201592695613 -0.4612352092592098 -0.8840341831540415 -0.783601868757096 -0.2718418704547143 0.20082209870013878 0.45482923417959187 0.21931662745855096 -0.1770281470729831 -0.0726159973735947 0.4742601947738727 0.8073958203842526 0.936155197816233 0.6393063058457753 0.548472417766487 0.5016508259730394 0.3405845502035798 -0.19856607929796866 -0.26598917148053314 -0.41043378216331927 -0.5188257671651502 -0.48675297678663876 -0.2592000406704833 -0.14870108403794724 0.49392526332712094 0.948797027600464 1.1939080606391617 1.2203622600024602 0.9478605957645954 0.708602261700078 0.177411302803415 -0.7288206063587626 -1.6088324241166096 -2.3820910125853962 -2.9015765735336974 -3.2864500580758365 -3.451496169147739 -3.442600066706984 -3.3763475143192556 -3.1633092716590694 -2.7728171961017165 -2.590212988107271 0.06503948249914115
-0.0648904347276762 -0.7990529940489339 -1.0247330664933512 -0.7679166355062912 -0.24843107455799052 0.12380058019991758 0.7027495627258968 1.2800597895391057 0.9333459023086261 0.44593313173883686 0.5281050253363375 0.346437249177761 0.8191012183326141 0.5358305879822565 0.5161655194290082 0.5894413105857539 0.679338766829173 0.0779154202423391 -0.294316234515569 -0.35869592323155963 -0.36454862220574036 -0.025794405580147117 0.3757007440486655 -0.00706576886276844 -0.1732824197295071 0.2584126566060796 0.5817157479398349 0.6589713743990235 0.6411791695175135 0.36984804507448477 -0.24936750639385963 -1.052123697692518 -1.8558163208270457 -2.465199338018766 -3.0179282291404146 -3.2747446601274746 -3.4006947420518485 -3.4025676057235863 -3.3342080817051527 -3.064749820933862 -2.3870072797237083 -2.167414014212439 0.8961227368328357
-0.11171202652112378 -0.6321340193052936 -0.92991934311162 -0.8470451256372176 -0.3704013211799215 -0.07940512818364454 0.8708390772643737 1.3648068706852454 1.088559479103905 0.5845250434474418 0.708602261700078 0.3052342483995272 0.5299778890080753 0.4323548701187372 0.43727113725704925 0.6334536068715946 0.6041901120006896 0.15985320588087237 -0.04616179801029707 -0.061847031261101915 0.02313415784400563 0.33847757857287464 0.45482923417959187 0.1872438370800391 -0.20254591460041205 -0.5403636993901362 -0.25615663720390947 -0.06676329839941397 0.02711399314644858 -0.18288084604716381 -0.7552748057220606 -1.4934172003457615 -2.07072742715897 -2.664425211099885 -3.165416243289774 -3.3850095088010432 -3.474906965044463 -3.335378621499989 -3.2649121258508504 -2.816829492387557 -2.068620455528265 -1.5521782980465382 1.332734080306734
-0.011045604165211387 -0.23766210844549773 -0.6810625827294459 -0.918213945163258 -0.8547706882831365 -0.585312427511846 0.3415209820394489 1.1314012355949092 0.9204699645654282 0.6460954366558256 0.8120779795635968 0.30640478819436323 0.20480193400258218 0.12660987570752447 0.45272226254888714 0.6568644027683184 0.17436789933684116 0.07393558493989616 0.11490447775916257 0.2818234525028034 0.20082209870013878 -0.02462386578531106 -0.2474946427221214 -0.43103528255243617 -0.825507193412232 -1.1291452161927396 -1.2347279056869636 -0.9797843383716414 -0.6681866449862479 -0.8802884558105655 -1.3831523516721924 -1.9866826698897317 -2.5218534640888373 -2.9837484671311976 -3.447516333845296 -3.601793478804706 -3.571593552097932 -3.344040615981777 -3.1272566459781146 -2.6321183127624064 -1.921132441378905 -1.1975047402111727 0.961672965343662
-0.030710672718459175 -0.055994332286920745 -0.3783609917848074 -0.6213650531928003 -0.9261736157681439 -1.1975047402111727 -0.2805038649365019 0.7095386935359467 0.7673633594008544 0.4197130403345062 0.477303598240447 0.12660987570752447 0.056377488017353095 0.15306407507082254 0.24881423028842287 0.3883425738328965 -0.23180940947131656 -0.06582686656354486 0.17553843913167722 -0.07659583267603809 -0.33434869549896673 -0.7543383738861915 -1.1654319498326613 -1.3840887835080613 -1.6399687826592524 -1.9398610780962842 -1.9173867140354293 -1.6615067148842382 -1.4105429828713592 -1.6350525155209403 -2.072600290830708 -2.566802192210547 -3.0502351274778934 -3.3236732235516273 -3.711356003601373 -3.7640302943690016 -3.5374137900887153 -3.225816096703322 -2.9181982386203713 -2.5375386973396425 -1.9894919653973384 -1.1595792508584801 0.6294737715691516
-0.0969632251061876 -0.15455378301212797 -0.33434869549896673 -0.23180940947131656 -0.48956227229424565 -0.9172775133273889 -0.7112625094362199 0.2673087590468346 0.48502916088636594 0.1657059048550531 0.18513686544933394 0.10717891511324362 0.04958835720730326 -0.2512403700655974 -0.22010401152295467 -0.1976296474621 -0.5384908357183984 -0.3605687869032974 -0.3509703605856407 -0.6028705244343886 -1.044164027087632 -1.4564281428289378 -1.8567527526629146 -2.079389421640758 -2.317711323869406 -2.3762383136112155 -2.3362058526278178 -2.2521610953585793 -2.106780052839925 -2.300153226946863 -2.6604453757974422 -3.1527744135055435 -3.500424732571892 -3.7492814929540654 -3.820684420439073 -3.7680101296714446 -3.484739499321087 -3.182974340212317 -2.8713766468269237 -2.6204129148140445 -2.1720961733917843 -1.2728875029986233 0.30429781656365806
-0.22782957416887362 -0.3402013944731479 -0.3959190887073505 -0.08923766246026865 -0.04522536617442796 0.07978828391407689 0.11794788122573685 0.013301623567381515 0.0690193178015841 0.008385356429069457 -0.14495535669447124 -0.10679575938281172 -0.38608655443072637 -0.7648732320397174 -1.065701959312618 -1.1165033864085085 -1.073661629917504 -0.9240666441374388 -0.9699518040950177 -1.2796766338086734 -1.7083283066776858 -2.0217988637348174 -2.3743654499394777 -2.55977895344153 -2.677067040884116 -2.7229522008416946 -2.70726696759089 -2.684792603530035 -2.58436028913309 -2.692752274134921 -3.058897121959681 -3.4896557664593986 -3.821620852274942 -3.8801478420167514 -3.8185774488083677 -3.720017998083161 -3.456412436286051 -3.178058073074005 -3.0102026664944956 -2.8002078273008832 -2.2835315618601895 -1.3850252153439304 -0.07448886104533292
-0.6389231501153434 -0.45046624314671657 -0.40060124788669516 -0.20746218173872366 0.4098805060578825 0.6657605052090734 0.24764369049358637 -0.19084051665205015 -0.3039146608332257 -0.17515528340124487 -0.7630003683679791 -1.1321886196593134 -1.5266605305191092 -1.7972893310852363 -1.9798935390796817 -1.7619390292811834 -1.4515118756906258 -1.3508454533347136 -1.4885009332074495 -1.7914366321110553 -2.1283179850649105 -2.4261033088712374 -2.716163070031645 -2.825491486869345 -2.916325374948633 -2.9221780739228143 -2.9006401416978282 -2.8753564821293667 -2.790375293024259 -2.929903636568733 -3.4095908444926035 -3.789313953937463 -3.973088701726745 -3.980814264372664 -3.801019351885825 -3.6809219689356323 -3.558015290477832 -3.3997583102159794 -3.2473540289283074 -2.924050937594552 -2.291257124506108 -1.3517818851705825 -0.3371579910065736
-1.3918143461539803 -0.8285505968788058 -0.3509703605856407 -0.1213104528387805 0.5386398834898634 0.6734860678549923 -0.07074313370185692 -1.1771373477810232 -1.805951325567024 -1.6526106124434832 -2.1341706840390913 -2.43687227498373 -2.59114941994314 -2.564695220579842 -2.3713220464729035 -2.099054490194006 -1.832405524930322 -1.801035058428712 -1.9164502821995604 -2.1428326785208793 -2.4261033088712374 -2.6897088706683467 -2.864587516016874 -2.955421404096162 -2.9954538650795595 -2.949568705121981 -2.8655239478527426 -2.8273643505410826 -2.9095362441385832 -3.174078237771562 -3.6331639453063156 -3.9300128372767733 -4.04730092471936 -4.0501102202269665 -3.988539827018583 -3.8635261769300775 -3.822557284110811 -3.706439736463061 -3.4379179075276394 -2.966190370208655 -2.2943005279726822 -1.5158915644066162 -0.7473151351171743
