static/data/ASCData/20210111/ASCU/15.asc
ncols 97
nrows 97
xllcorner 99.0
yllcorner 2.0
cellsize 0.25
NODATA_value -32767
[rows 19 to 37 of 97, columns 0 to 42 of 97]
-1.9878093018688312 -2.275970314855609 -2.1224686767257737 -1.9847945397451685 -2.1207100654869704 -2.1119170092929536 -1.8951053665661974 -2.387265283254164 -2.931178616398343 -2.7641105487120248 -3.421328691670534 -3.622564063425032 -2.87540551711058 -2.1295031216809868 -1.8227510755982883 -1.324812864839968 -1.5044424413748816 -1.6401067369397115 -1.3607387801469506 -0.9632926401773934 -0.7376879412566204 -1.3685269156330797 -1.617747251189212 -0.3128577119971254 1.166636800190437 1.654777034046853 1.6997472357248244 0.45841893130663003 0.1079528344308196 -0.08448948112966148 -0.4613347465875224 -0.4575662939329437 -0.03072622325767327 -0.2952715996090918 -2.7563224132258957 -3.7798341542094462 -4.314954431159609 -4.463431465750006 -4.057192269586432 -3.474087028834635 -3.10201513673924 -2.730948165351733 -2.7349678481832838
-2.5435304533306904 -2.5776977573988695 -2.3129011508704793 -1.9945925166470728 -2.147842924599936 -2.239793169371654 -1.9682133480650226 -2.251349757512362 -3.2261228441633625 -2.4671564795312304 -2.914597424718197 -3.38515154618658 -3.0414686640890105 -2.3284774218427375 -1.8217461548904006 -1.6888453912722616 -2.758332254641671 -3.018104257630623 -2.474190924486444 -1.7591898408243956 -1.4145020380189388 -1.5453929602213026 -1.614732489065549 -0.9575143461070394 0.2172379614135993 0.8726974931333054 1.0209232975467306 0.4847980998886805 -0.2611042955409122 -0.2505526281080921 0.09714993682102735 0.24085359804895834 -0.6118216225936948 -1.9644448954104439 -4.290585103993333 -5.105073337736258 -5.434938560100371 -5.2201367587893905 -4.875448955983934 -4.429264161681827 -4.086334970115173 -3.8745479309278554 -3.7240610549216826
-3.0766408888650774 -2.6899976465053124 -2.3970632601560684 -2.00740525567264 -2.1068924057535154 -2.5882494248316896 -2.6078453786354987 -3.0140845747990728 -4.158689261083082 -2.834454998264159 -2.2953150384824457 -3.467303814056393 -2.9897152476327977 -2.1362863364592286 -1.5044424413748816 -1.465250533767264 -2.5540821207635105 -3.2640586008861203 -2.791494638001963 -2.2093943179580533 -1.7318057515344578 -1.5376048247351735 -1.402694219701259 -0.9457065277893597 -0.14101627094834068 0.23683391521740793 0.35390717768631674 0.10016469894469049 -0.4487732377389273 -0.4965069713635897 -0.3188872362444508 -0.8939531113331469 -2.1420646305295823 -3.7544599063352835 -5.384190064352046 -5.810025214319429 -5.870571686969659 -5.749478741669199 -5.373638396919226 -5.12265945012429 -4.848064866693996 -4.663661916796616 -4.501367222472764
-3.2690832044255584 -2.8608341668462094 -2.851036189944305 -2.573678074567319 -2.5814662100534482 -3.011321042852382 -3.158793156734891 -3.671302717757582 -4.176275373471116 -2.8198836479997884 -2.419422745906568 -3.2339109796494916 -2.7357215387141993 -1.8051649632102547 -1.1175479688381444 -1.3861130280211134 -2.2232119776915082 -2.897011312330164 -2.454594970682635 -2.3794771477680348 -2.121463756017886 -1.6380968955239363 -1.2105031343177501 -0.8432046155848216 0.11373112850117328 0.6548809296986615 0.009219374880859998 -0.43495557800547235 -0.6889492869240703 -0.8198402091264343 -1.0190657394651568 -2.2016061824719246 -3.7484303820879576 -4.708380888297615 -5.655769885658678 -6.045427890142106 -6.087383329696415 -6.020053642267944 -5.910517285108192 -5.709533143530666 -5.438958242931922 -5.234959339230733 -4.743553113073682
-2.8120955125136593 -2.8960063916222762 -3.002527986658365 -3.2261228441633625 -3.2339109796494916 -3.312043564687755 -3.4595156785702645 -3.6371354136894025 -3.836360944028125 -2.779686819684283 -2.6977857819914415 -3.199743675581312 -2.4751958451943317 -1.5433831188055271 -1.674274041007891 -1.9438440208987475 -2.4975553309448313 -3.1226160112509365 -2.444796993780731 -2.611865061467049 -2.541520611914915 -1.8521450063040015 -1.4232950942129556 -0.627397893565953 0.3305427712279294 0.9272144415362091 0.23005070043916653 -0.5083147896812692 -0.9487212899130226 -1.3509408032450463 -2.3558615111326757 -3.5404117955552183 -4.2855605004538955 -5.247520848079329 -5.8158035083897826 -6.174308970928695 -6.245658341188717 -6.335347514367687 -6.327559378881558 -6.165515914734678 -5.8949410141359335 -5.582410673982881 -5.090250757294914
-2.2222070569836205 -2.611865061467049 -2.7143669736715874 -3.019109178338511 -3.148995179832987 -3.22712776487125 -3.3969593645042595 -3.5444314783867688 -3.687883909437728 -3.0630744593085946 -2.8628440082619844 -2.6947710198677783 -2.1332715743355655 -2.239793169371654 -2.370684091574018 -2.587495734300774 -3.10201513673924 -3.817769910932204 -2.9683606825901854 -2.8568144840146585 -2.7075837588933456 -1.9310312818731803 -1.2338675407761375 -0.43696541942124734 0.19387355495521197 0.6802551775728243 0.49082762413600634 -0.3198921569523385 -1.419526641558377 -2.4204276666144557 -3.4155503976001804 -3.9994093288828934 -4.745562954489458 -5.411574153641984 -5.935137842451439 -6.246663261896604 -6.46347490462336 -6.657675831422644 -6.747616234778587 -6.597129358772415 -6.386096010116013 -6.073816900139931 -4.579499807511027
-2.108902247169291 -2.484742591919264 -2.406610006881001 -1.9945925166470728 -2.150857686723599 -2.582471130761336 -2.86485384967776 -2.98871032692491 -3.2095416524832165 -3.2612950689394293 -2.509363149262511 -2.1234735974336614 -2.0365479562013813 -2.172463481943183 -2.4593683440451013 -2.721150188449829 -3.2339109796494916 -3.9966457969362024 -3.297472214423384 -2.7241649505734915 -2.2709457113161706 -1.608954194995195 -1.0082628418553647 -0.5746395564018525 0.04539652036481456 0.5111772684707305 0.40666551485041724 -0.36385743792242264 -2.30511301538435 -3.1801477217775034 -3.5610126700669147 -4.139093307279273 -4.866655899789917 -5.523874042748426 -6.022063483683719 -6.306204813838946 -6.696867739030262 -6.873482553441512 -7.116673364750319 -7.363632628713704 -6.879260847511867 -5.087487225348223 -3.2386843530119576
-1.891085683734647 -2.2455714634420083 -2.07850339575569 -1.2554733359957215 -0.9761053792029606 -1.4800731142086065 -1.9644448954104439 -1.9810260870905898 -2.248586225565671 -2.5638800976654146 -1.4263098563366186 -1.1411636054735037 -1.3989257670466806 -1.657692849327745 -1.9526370770927644 -2.3237040484802716 -2.872641985163889 -3.3587723776045295 -2.7407461422536374 -2.3118962301625916 -2.075739863808999 -1.4496742627950059 -0.9477163692051349 -0.6577967449795539 -0.4741474856130896 -0.1977942909439916 0.24261220928776162 -0.16563682829158743 -2.47896429784891 -3.2630536801782326 -3.6029681096212234 -4.266969467357974 -5.012118172256651 -5.564070871063931 -6.027841777754073 -6.369514818435867 -6.8335369553029786 -7.201589164566824 -7.939954654687259 -7.773891507708829 -6.039649596071753 -4.0190052826867015 -2.330487263258513
-1.4378664444773261 -2.2855170615805416 -2.0189618438133476 -1.126341025032161 -1.14593697883597 -1.9134451694851466 -2.1860299114996664 -1.6830670972019077 -1.8755094127623888 -2.2475813048577833 -0.8411947741690464 -0.4281723632272305 -0.9095293823054051 -1.1205627309618071 -1.1635230912240033 -1.3089853636907378 -1.3627486215627258 -1.349182192006243 -1.3979208463387929 -1.836317505154771 -1.831544131792305 -1.0863954268936278 -0.492738518709011 -0.36963573199277633 -0.37064065270066404 -0.14704579519566652 0.04338667894903914 -0.4068177981846186 -2.3118962301625916 -3.182157563193279 -3.5914115214805156 -4.165472475861324 -4.875448955983934 -5.489706738680248 -5.960512090325602 -6.36072176224185 -6.901871563439338 -7.64903010975379 -8.21530292864847 -6.716212462657099 -4.743553113073682 -3.051266640990915 -1.4263098563366186
-1.3803347339507595 -2.039562718325044 -2.1556310600860655 -2.046345933103286 -2.596288790494791 -3.4369049626427928 -3.4534861543229383 -2.863848928969872 -2.9954935417031514 -2.759337175349559 -1.0999618564501108 -0.22316853881815435 -0.07469150422775694 -0.040524200159577806 -0.2593456843021089 -0.8218500505422095 -1.2074883721940872 -0.8080323908087546 -0.5015315749030278 -1.2162814283881038 -1.8491302441803383 -2.045341012395398 -1.6137275683576613 -0.7700966340859967 0.02203211390642723 0.5883049328011061 0.46042877272240545 -1.2318576993603623 -2.552323509524707 -3.170349744875599 -3.5444314783867688 -4.039606157198398 -4.617686794410757 -5.172403025164728 -5.598238175132112 -6.0657775344768305 -6.666468887616661 -7.72012824983684 -7.683951104352886 -4.967147970578679 -2.7884798758783 -1.7709976591420753 -0.8002442553226254
-1.6976384474662782 -2.557096882887173 -3.0874437864748696 -3.1625616093894697 -3.622564063425032 -4.197629938513728 -4.1343199339168075 -3.8607302711944005 -3.9134886083585005 -3.5052395707791515 -2.0317745828389153 -0.8823965231924391 -0.5161029251673983 0.08358350726454455 -0.012135190161752352 -0.8813916024845514 -1.4848464875710727 -1.2954189341342548 -1.0502182814096732 -1.6421165783554867 -2.6595987950917115 -3.2690832044255584 -3.329629677075788 -2.4583634233372136 -0.6841759135616043 0.6968363692529702 1.839431214121205 0.41847333316809676 -1.7652193650717214 -2.8314402361404962 -3.1449754970014365 -3.6273374367874984 -4.184063508957244 -4.628489692020549 -5.074674486322657 -5.6743609187546 -6.2368652849947 -6.791581515748671 -5.723099573087149 -3.0990003746155774 -1.5757918116349032 -0.9710807756635225 -0.7271362738238003
-1.7016581302978289 -2.608850299343386 -3.0658379912552856 -3.5238306038750724 -3.9175082911900514 -4.059955801533123 -3.978054763840281 -4.252398117093604 -4.406653445754355 -3.833597412081434 -2.6538205010213574 -1.8461154820566756 -1.6107128062339984 -1.0816220535311616 -1.0052480797317018 -1.7720025798499628 -2.1812565381372 -2.283758450341738 -2.6400028412879024 -2.402841554226422 -2.5706633124436564 -3.0150894955069605 -3.329629677075788 -3.7006966484632953 -2.3196843656487207 -0.16362698687581245 1.8384262934133173 2.352945695851783 -0.43395065729758464 -1.9398243380671971 -2.6108601407591614 -3.0912122391294483 -3.592165212011431 -4.02402988622614 -4.492574166278747 -5.032719046768348 -5.607031231326128 -5.240737633301087 -4.015236830032123 -2.573678074567319 -1.1635230912240033 -0.9808787525654268 -0.6459889266618744
-1.4175168001426017 -1.9780113249669269 -2.1295031216809868 -2.655830342437133 -2.9545430228567304 -3.0990003746155774 -3.7650115737681036 -4.218230813025425 -4.5855293317583525 -4.057192269586432 -3.1175914077114983 -2.9525331814409554 -2.753307651102233 -2.783706502515834 -2.712357132255812 -3.2017535169970874 -3.5326236600690892 -3.8413855475675636 -4.082566517460594 -3.2826496339820417 -2.3345069460900634 -2.7015542346460197 -2.98871032692491 -3.3580186870736135 -3.6245739048408074 -1.999617120186511 0.578506955899202 2.7036630229045655 0.9721846432141805 -0.649003688785537 -1.5268019271253814 -2.3960583394481807 -2.8980162330380512 -3.3648019018518553 -3.8959024959704673 -4.287570341869671 -4.7729470437793955 -3.994635955520427 -2.506348387138848 -1.2846160365244628 -1.60694435357942 -1.4388713651852139 -2.5706633124436564
-0.9135490651369556 -1.3871179487290008 -1.5423781980976397 -2.110912088585066 -2.4126395311283266 -2.5942789490790155 -3.2582803068157666 -3.593170132719319 -3.9360993242859728 -4.117738742236662 -3.990616272688876 -3.962478492868023 -3.9408726976484387 -3.973030160300843 -4.29937816018735 -4.787518394043767 -4.95659630314586 -5.219131838081504 -4.927202372440147 -3.8491736830536922 -2.769888842782379 -2.5043385457230727 -2.791494638001963 -2.9331884578141185 -3.199743675581312 -3.701701569171183 -1.9204796144403602 0.7475848650012953 1.3510397500878164 0.2348240738016325 -0.6088068604700321 -1.48183172544741 -2.1011141116831613 -2.5668948597890777 -3.185926015847857 -3.573825409092482 -3.7738046299621204 -2.98871032692491 -1.6343284428693576 -1.1195578102539196 -1.4496742627950059 -3.573825409092482 -4.714410412544941
-0.46032982587963467 -1.0718240766292573 -1.6566879286198575 -2.1880397529154414 -2.807070908974221 -2.98871032692491 -2.8462628165818384 -2.9691143731211014 -3.2210982406239244 -4.00820238507691 -4.474988053890714 -4.687026323255004 -4.651854098478936 -4.784754862097076 -5.1118565525144986 -5.434938560100371 -5.622607502298386 -5.6811441335328405 -5.191998978968537 -4.281792047799317 -3.297472214423384 -2.858824325430434 -2.5357423178445613 -2.677184907479745 -2.9078142099399558 -3.5542294552886733 -3.9790596845481687 -2.345309843699855 -0.6263929728580657 0.6176988635068192 -0.24276449262196298 -0.8198402091264343 -1.4398762858931013 -1.7466283319758003 -2.3510881377702093 -2.833450077556271 -2.8814350413579057 -2.2885318237042043 -1.3861130280211134 -0.9467114484972474 -2.6656283193390373 -4.792542997583205 -6.100196068721981
-0.4585712146408314 -0.5374574902100102 -1.4526890249186688 -2.47896429784891 -3.0844290243512065 -3.458510757862377 -3.2660684423018957 -2.9985083038268145 -3.1771329596538402 -3.6675342651030034 -4.005438853130219 -4.293348635940024 -4.796311450237783 -4.8646460583741415 -4.925192531024372 -5.196772352331003 -5.4673472529297475 -5.425391813375439 -5.0658814301286395 -4.690794775909582 -3.7896321311113503 -3.168339903459824 -2.810085671097884 -2.596288790494791 -2.76210070729625 -3.2251179234554748 -4.222250495856975 -4.396855468852451 -3.142965655585661 -0.814815605586996 0.3383309067140585 -0.23397143642794616 -0.8080323908087546 -1.191912101221829 -1.4946444644729773 -2.0443360916875104 -2.197837729817346 -1.8275244489607543 -1.0336370897295273 -1.5335851419036228 -3.4693136554721686 -5.6547649649507905 -6.865694417955384
-0.9233470420388601 -0.33245366580093405 -0.6743779366596998 -1.7493918639224912 -2.7319530860596206 -3.408767182821939 -3.8911291226080014 -3.807218243499384 -3.0062964393129437 -2.7319530860596206 -3.05327648240669 -3.4311266685724386 -4.267974388065862 -4.71817886519952 -4.755360931391362 -4.807114347847575 -5.134216038264999 -5.175166557111419 -4.925192531024372 -4.850074708109771 -4.591307625828707 -4.052167666046993 -3.5434265576788815 -3.1879358572636325 -3.297472214423384 -3.7758144713778954 -4.013226988616348 -4.388062412658433 -4.031818021712269 -2.9741389766605395 -0.8334066386829171 0.3207447943260249 -0.07268166281198196 -0.6547819828558912 -0.9331450189407644 -1.1147844368914535 -1.2913992513027042 -1.205478530778312 -0.769091713378109 -1.6536731664961946 -4.0064437738381065 -6.022817174214635 -6.608937177090095
-1.205478530778312 -0.3110991007583217 -0.27492195527436714 -1.2162814283881038 -2.0795083164635777 -2.888218256136147 -3.7328541111156994 -3.8207846730558668 -2.4857475126271513 -2.6832144317270705 -3.978054763840281 -3.517047389096831 -3.7378787146551375 -4.475992974598602 -4.757370772807137 -4.504381984596427 -4.414441581240484 -4.556135401052639 -4.7827450206813005 -4.660647154672953 -4.520963176276573 -4.23481200470557 -3.883340987121872 -3.6381403343972902 -3.796415345889592 -4.2426001401916995 -4.1343199339168075 -3.8911291226080014 -4.068748857727139 -4.018000361978814 -2.5043385457230727 -0.5316791961396565 0.4126950390977431 0.19789323778676238 -0.23673496837463714 -0.6841759135616043 -0.5025364956109151 -0.22995175359639575 0.09036672204278595 -1.3519457239529338 -3.9252964266761805 -5.634164090439095 -5.8617786307756425
-2.0503656159348362 -0.8715936255826471 -0.771101554793884 -1.733815592950233 -2.4965504102369436 -2.9683606825901854 -3.8305826499577713 -4.858867764303788 -4.221245575149087 -4.1509011255969535 -5.084472463224561 -3.9273062680919555 -3.1605517679736947 -3.809981775446075 -4.577741196272224 -4.675218504937324 -4.645070883700695 -4.765158908293267 -5.094270440126465 -5.1186397672927395 -5.252545451618767 -5.059098215350398 -4.455643330263877 -3.886104519068563 -4.085330049407285 -4.9214240783697925 -4.9214240783697925 -3.98584289932641 -3.826562967126221 -3.961473572160135 -3.4534861543229383 -2.028759820715252 -0.23874480979041257 0.9556034515340346 1.378423839377755 0.8237076086237836 0.8558650712761877 0.8199391559692049 0.9339976563144505 -0.5952404309135493 -3.290437769468171 -5.074674486322657 -5.212348623303262
