static/data/ASCData/20210111/ASCU/18.asc
ncols 97
nrows 97
xllcorner 99.0
yllcorner 2.0
cellsize 0.25
NODATA_value -32767
[rows 19 to 37 of 97, columns 0 to 42 of 97]
-1.9628108752240787 -2.331052561426069 -2.0954754297233387 -2.0076827098341226 -2.1035230957131836 -1.958908976562336 -1.5292123864378948 -1.8064910600880024 -2.572238672455054 -2.1766836956208637 -2.667835189667756 -3.1063110517811188 -2.8241550048038326 -2.1220571143564624 -1.9706146725475646 -1.6267598529814682 -1.7460116308309868 -1.7782022947903662 -1.3836227926216114 -0.775170470056072 -0.6190945235863543 -1.3514321286622322 -1.524335013110716 -0.07112163027783058 1.3877007318813104 1.615230197594196 1.328196777289731 0.9550777177605623 0.799001771290845 0.5422080656148878 0.07227314554122266 -0.02722527033322253 0.3166295492328741 -0.11209156622613126 -2.4461585719474854 -3.267508240244374 -3.7654880569493168 -4.000821319985688 -3.7469540383060376 -3.2918951068802675 -2.9655988312920143 -2.5790669951131044 -2.5634594004661326
-2.6990503789616995 -3.1014336784539402 -2.6551540190170915 -2.2137517329074217 -2.108400469040362 -2.002805336506944 -1.5409180824231237 -1.7528399534890369 -2.859272092759519 -2.194242239598707 -2.6366200003738127 -3.363104757457076 -3.319208397512468 -2.5810179444439756 -2.0310941018045803 -1.9384240085881856 -3.1745942783616203 -3.4050501680708125 -2.7175843976049787 -1.7694230228014445 -1.5409180824231237 -1.5301878611033306 -1.5438445064194308 -0.7546855020819214 0.4044222691220902 0.9894631997171719 1.2316247854115931 1.2813739933488155 0.6602405001326117 0.6182950895188752 0.868260472536782 0.9423965471098978 -0.020396947675172417 -1.6699246069269995 -3.9774099280152297 -4.7733972550107895 -5.097498712601812 -4.97458890475691 -4.738280167055103 -4.301755254272612 -3.9305871440743143 -3.6601367930822573 -3.393344472085584
-3.098507254457633 -3.0341259265388745 -2.5751650964513613 -1.8386817240473816 -1.8737988120030682 -2.0976702477205693 -1.896478597974449 -2.2605745168483367 -3.491135807295516 -2.376899870701548 -2.370071548043498 -3.661112267747693 -3.1677659557035702 -2.2078988849148073 -1.5779861197096816 -1.7508890041581655 -3.3075027015272394 -4.264443348319695 -3.3689576054496904 -2.4754228119105575 -1.988173216525408 -1.561403050397274 -1.319241464702853 -0.8173597493361675 0.04203343091271483 0.4619752743827985 0.8468000298971958 1.091888039587924 0.6973085374191696 0.6641423987943544 0.7755903793203873 0.1368983421263401 -1.429470101897091 -3.5174736232622807 -5.325028178314698 -5.693269864516687 -5.773258787082417 -5.6347413845905425 -5.30844510900229 -5.007755043381724 -4.6746304451354215 -4.4139348407977215 -4.159092084452635
-3.3387178908211825 -2.9421874393215566 -2.4422566732857423 -1.7811287187866731 -1.847460996036303 -2.1337628103416915 -2.215702682238293 -2.6961239549653926 -3.3835897254312264 -2.180585594282607 -2.331052561426069 -3.4140733087260933 -2.8026945621642465 -1.7323549855148865 -1.1034176949751966 -1.6521221942827973 -2.962672407295707 -3.7264690703318872 -2.995106939921445 -2.7214862962667214 -2.333978985422376 -1.6111522583344966 -1.234375168809944 -0.8202861733324747 0.2910233392651862 0.9111813578159542 0.49026403968043475 0.46685264770997703 0.4551469517247484 0.4132015411110119 0.18859849939443407 -1.404107760595762 -3.3504235868064116 -4.757789660363818 -5.880804868946707 -6.134672150626358 -6.158083542596815 -5.992984455471817 -5.834957559671228 -5.554508593358454 -5.212848591789587 -4.942154372131172 -4.4461255047571
-2.994131465256009 -2.8992665540423843 -2.481275659903172 -2.1659534743010704 -2.2322857515507004 -2.522245595851473 -2.6044293364144333 -2.748799586898922 -3.1287469690861407 -2.154247778315842 -2.4832266092340434 -3.289944157549396 -2.5810179444439756 -1.5087274184637445 -1.7586928014816514 -2.3093482501201237 -3.006812635906674 -3.6767198623946644 -3.090703457134147 -3.0331504518734387 -2.7507505362297935 -1.818196756073231 -1.4414196665486787 -0.6151926249246116 0.49709236233848486 1.1377353488634037 0.6397555321584614 0.16226068342766897 0.09690388084347479 -0.20305457877801336 -1.5077519437983087 -3.103384627784812 -4.29980430494174 -5.708877459163659 -6.207832750534037 -6.408048925614722 -6.395367754964058 -6.323182629721813 -6.223440345181009 -5.950063570192644 -5.608403568623778 -5.253818527737889 -4.755838711032946
-2.285936858149666 -2.5712631977896185 -2.495907779884708 -2.235212175547008 -2.464692590590764 -2.755871778223331 -2.830007852796447 -2.9158496233547915 -3.082899659810661 -2.5888217417674615 -2.7224617709321572 -2.7478241122334865 -2.227408378223522 -2.435428350627692 -2.686369208311035 -2.979499345274473 -3.5818549511810396 -4.35247993687527 -3.678670811725536 -3.245072322939352 -2.8465909221088546 -1.8201477054041026 -1.0283061457366451 -0.202079104112578 0.34784473852681774 0.8350943339119672 0.7950998726291019 0.191524923390741 -0.48130872709355677 -1.5896918156949102 -3.01461643323016 -4.13275426848587 -5.330881026307312 -5.987131607479203 -6.396343229629493 -6.538030924784033 -6.610216050026278 -6.641431239320221 -6.599485828706484 -6.348544971023141 -6.03810015874822 -5.682539643196894 -4.128852369824128
-2.0232903044810944 -2.2898387568114087 -2.219604580900036 -1.7577173268162156 -1.9920751151871507 -2.4598152172635857 -2.6112576590724834 -2.517368222524294 -2.701001328292571 -2.8768306367373624 -2.285936858149666 -2.0730395124183167 -2.153272303650406 -2.428600027969642 -2.844639972777983 -3.163864057041827 -3.5603945085414535 -4.252737652334466 -3.4872339086337734 -2.7958662395061964 -2.27813306082618 -1.4011813365994545 -0.7146910407990563 -0.27036233069307913 0.272489320621907 0.5195282796435068 0.5344042682914019 0.07910146819927277 -1.5009236211402586 -2.7890379168481463 -3.819139163548282 -4.803636969639298 -5.527195302726254 -6.105407910663285 -6.488281716846811 -6.598510354041049 -6.80848127577609 -6.8933475716690005 -7.0047955521950325 -7.150385146011315 -6.56631969008167 -4.646341679837785 -2.715633448274107
-1.9774429952056147 -2.227408378223522 -1.9208654646103422 -1.1814556682100554 -0.8495504132955467 -1.329971686022646 -1.8025891614262595 -1.7069926442135575 -1.9628108752240787 -2.241065023539622 -1.1258536122802185 -1.1229271882839114 -1.5262859624415877 -1.793809889437338 -2.189364866271528 -2.6444237976972986 -3.1063110517811188 -3.497964129953566 -2.8017190874988107 -2.4656680652562 -2.055480968440474 -1.017575924416852 -0.2752397040202581 0.01764656427682132 0.025450361600307225 -0.07892542760131649 0.19054944872530521 0.13982476612264705 -2.07694141108006 -3.484307484637466 -4.282977366962974 -4.996049347396496 -5.6737603712079725 -6.1629609159239935 -6.500962887497476 -6.675572852610472 -6.968702989573909 -7.277196852517962 -7.938324807017031 -7.669825405355844 -5.820325439689691 -3.6367254011117995 -1.75674185215078
-1.8789200539966058 -2.3583658520582693 -1.9637863498895145 -0.9353921838538912 -0.5456900550123152 -1.0887855749936606 -1.521408589114409 -1.1980387375224628 -1.4382493738860125 -1.9930505898525865 -0.6805494275088058 -0.49106347374791426 -1.1307309856073973 -1.3319226353535174 -1.3582604513202823 -1.4784877038352366 -1.3953284886068402 -1.3514321286622322 -1.3767944699635613 -1.936473059257314 -1.7694230228014445 -0.5164258150492431 0.515626380981764 0.8819171178528822 0.7197444547241916 0.33906546653789604 0.19737777138335577 -0.11989536354961716 -2.3025199274620736 -3.6523329957587714 -4.300779779607176 -4.862165449565442 -5.457936601480316 -5.988107082144638 -6.414877248272772 -6.7245904545486175 -7.146483247349574 -7.835899967146279 -8.3251005118623 -6.755805643842562 -4.740231116385974 -3.0185183318919027 -1.2880262754089093
-2.01743745648848 -2.485177558564915 -2.2439914475359295 -1.6826057775776642 -1.7547909028199085 -2.4051886359991848 -2.509564425200808 -1.8289269773930243 -2.0145110324921727 -2.3122746741164306 -1.0624477590268957 -0.40424622852413394 -0.4159519245093626 -0.29084729866722947 -0.2606075840387221 -0.67957395284337 -1.0253797217403378 -0.5898302836232823 -0.28304350134374356 -1.1219517136184756 -1.8718478626721966 -1.9598844512277718 -1.286075326078038 -0.22549049608303529 0.7168180307278842 1.39940642786654 0.9511758190988195 -0.6464078142185548 -2.6083312350761765 -3.7186652730084013 -4.210792241720729 -4.63366050918712 -5.07506279529679 -5.565238814678247 -6.0349298660855535 -6.461700032213687 -6.955046344257809 -7.932471959024417 -7.802733828521463 -5.098474187267248 -2.9597459832993995 -1.969639197882129 -0.9051524692253836
-2.689295632307342 -3.5262528952512024 -3.495037705957259 -3.0916789317995828 -3.2616553922517597 -3.691351982376201 -3.4089520667325557 -2.859272092759519 -2.8026945621642465 -2.501760627877322 -1.3104621927139313 -0.538861732354265 -0.3376700826081449 0.24420055532427076 0.3127276505711314 -0.509597492391193 -1.1268290869456543 -1.0017244611035212 -0.6707946808544483 -1.458002735861086 -2.918776047351099 -3.5399095405673027 -3.7313464436590658 -2.6463747470281698 -0.30938131731050866 1.2901532653377372 2.4463346125454417 0.9072794591542115 -1.9462278059116713 -3.5262528952512024 -3.794752296912389 -4.052521477253782 -4.5127016506730895 -5.005804094050854 -5.495004638766874 -6.142475947949842 -6.53412902612229 -6.887494723676385 -5.743994547119345 -3.2002004883293083 -1.7684475481360087 -1.1658480735630836 -0.8105314266781174
-3.2421458989430447 -3.9774099280152297 -3.7996296702395673 -3.738174766317116 -3.899371954780371 -4.005698693312866 -3.6815972357218434 -3.646480147766157 -3.8220655875445892 -3.102409153119376 -1.9169635659485993 -1.3202169393682885 -1.0097721270933662 -0.49984274573683596 -0.4130255005130552 -1.1707254468902624 -1.7177228655333505 -1.8396571987128174 -2.113277842367541 -2.5702877231241827 -3.241170424277609 -3.3943199467510192 -3.8054825182321816 -4.134705217816742 -2.3103237247855595 0.2120098913648918 2.2275844188214786 2.9150501892873124 -0.49106347374791426 -2.569312248458747 -3.2002004883293083 -3.454067770008958 -3.9276607200780074 -4.4266160114483855 -4.957030360779067 -5.540851948042354 -5.829104711678613 -5.24211283175266 -4.038864831937682 -2.808547410156861 -1.4648310585191364 -1.1365838336000116 -0.6542116115420407
-2.7978171888370675 -3.4521168206780866 -3.0487580465204105 -2.9714516792846286 -3.2138571336454085 -3.3240857708396465 -3.7781692275999808 -3.923758821416264 -4.326142120908505 -3.5906342231699613 -2.5371215844993675 -2.381777244028727 -2.1415666076651774 -2.055480968440474 -1.973541096543872 -2.498834203881015 -2.999984313248624 -3.260679917586324 -3.5311302685783814 -3.5896587485045255 -3.1580112090492127 -3.248974221601095 -3.444313023354601 -3.7742673289382385 -3.975458978684358 -2.020363880484787 0.8380207579082741 3.3330410834265245 1.2257719374189788 -0.9685583224787062 -1.9140371419522921 -2.7263636695939 -3.20215143766018 -3.825967486206332 -4.4431990807607935 -4.8055879189701685 -4.9628832087716805 -4.002772269316559 -2.748799586898922 -1.8045401107571308 -2.1327873356762557 -1.8152703320769241 -2.484202083899479
-1.8142948574114883 -2.383728193359598 -2.004756285837815 -2.0262167284774018 -2.2683783141718226 -2.8026945621642465 -3.2587289682554523 -3.553566185883403 -3.8593774934975063 -3.606241817816933 -3.3718840294459977 -3.384565200096662 -3.4267544793767577 -3.34164431481749 -3.532105743243817 -4.05739885058096 -4.357357310202449 -4.531235669316368 -4.371013955518549 -3.903273853442114 -3.3231102961742107 -3.1082620011119904 -3.300674378869189 -3.3094536508581105 -3.5096698259387953 -3.85840201883207 -1.7762513454594946 1.2404040574005148 1.8664149239438976 0.17103995541659067 -1.0585458603651527 -1.8747742866685038 -2.4012867373374416 -3.0253466545499528 -3.759635208956702 -4.101539079191927 -4.048619578592039 -3.09460535579589 -2.0164619818230443 -1.9530561285697217 -2.285936858149666 -3.7254935956664514 -4.401253670147057
-1.3182659900374172 -1.5896918156949102 -1.4089851339229404 -1.4794631785006724 -1.5818880183714246 -2.117179741029284 -3.0048616865758024 -3.2509251709319664 -3.184349025015978 -3.3240857708396465 -3.795727771577824 -4.161043033783507 -4.194209172408322 -4.282977366962974 -4.473438795389301 -4.733402793727924 -5.020436214032389 -5.0243381126941316 -4.721453229076337 -4.076176737890598 -3.433582802034808 -3.2002004883293083 -2.7331919922519505 -2.741971264240872 -3.0643656411673823 -3.6228248871293403 -3.957900434706515 -2.1201061650255912 -0.23134334407565005 0.5861044255594958 -0.7117646168027489 -1.1834066175409268 -1.7108945428753004 -2.249844295528544 -2.972671022616423 -3.4169997327224 -3.2870177335530886 -2.470545438583379 -1.7226002388605293 -1.7372323588420653 -3.2567780189245807 -4.698041837105879 -5.639618757917722
-1.6433429222938758 -1.2665658327693232 -1.3309471606880818 -1.259737510111273 -1.3036338700558812 -2.158149676977585 -3.1814226010196704 -3.370908554780562 -3.09460535579589 -3.0077881105721094 -3.48333200997203 -3.8759605628099134 -4.270296196312309 -4.3651611075259344 -4.514652600003961 -4.735353743058796 -4.870944721554363 -4.836803108264112 -4.772421780345354 -4.302730728938047 -3.610143716478676 -2.9834012439362163 -2.4607906919290214 -2.414943382653542 -2.744897688237179 -3.2567780189245807 -4.212743191051601 -4.353455411540706 -3.0633901665019465 -1.0126985510896733 -0.004789353028200605 -0.47545587910094245 -1.0312325697329523 -1.6738265055887425 -2.252770719524851 -2.7497750615643577 -2.715633448274107 -1.9823203685327937 -1.2441299154643013 -2.0574319177713454 -3.8093844168939244 -5.538900998711482 -6.431460317585179
-2.1474194556577917 -1.7606437508125228 -1.2107199081731275 -1.359235925985718 -1.7352814095111937 -2.740995789575436 -4.05739885058096 -4.275173569639488 -3.105335577115683 -2.553704653811775 -2.744897688237179 -2.763675575546817 -3.53600764190556 -4.108367401849977 -4.280050942966667 -4.369063006187678 -4.497825662025194 -4.515628074669396 -4.432468859441 -4.035938407941374 -3.679646286390972 -3.170692379699877 -2.8768306367373624 -2.8719532634101834 -3.193372165671258 -3.6513575210933356 -3.939366416063236 -4.389547974161828 -4.122999521831513 -3.1472809877294194 -1.0790308283393033 0.15153046210787613 -0.23622071740282857 -1.0634232336923315 -1.6757774549196138 -1.9198899899449064 -1.9686637232166933 -1.4265436779007836 -0.9890432904528568 -2.233261226216136 -4.542941365301597 -6.1951515798833725 -6.5321780767914195
-2.9168250980202273 -2.0710885630874456 -1.3221678886991601 -1.3758189952981255 -1.9793939445364863 -3.0965563051267617 -4.330044019570248 -4.406131043474235 -2.463717115925329 -2.5154172731934223 -3.587707799173654 -2.6161350323996624 -2.58004246977854 -3.303600802865496 -3.8964455307840637 -4.0447176799302955 -4.023257237290709 -4.054472426584653 -4.25859050032708 -3.8788869868062203 -3.6776953370601007 -3.497964129953566 -3.415048783391529 -3.5262528952512024 -3.8093844168939244 -4.043742205264859 -3.972532554688051 -3.8574265441666347 -4.1629939831143785 -4.128852369824128 -2.462741641259893 -0.5134993910529362 0.34101641586876763 -0.05844045962716571 -0.8622315839462111 -1.3865492166179185 -1.1843820922063626 -0.6308002195715834 -0.5927567076195897 -2.690271106972778 -5.114081781914219 -6.301722187082227 -6.26660509912654
-3.3679821307842546 -2.4978587292155794 -1.6540731436136689 -1.6404164982975686 -1.8494119453671747 -2.418845281315285 -3.8035315689013105 -4.88069946820872 -3.065341115832818 -3.0624146918365107 -4.602445319893177 -3.171667854365313 -2.3944584146793915 -2.9431629139869924 -3.7352483423208085 -4.028134610617888 -3.900347429445807 -3.874985088144478 -4.536113042643547 -4.440272656764486 -4.504897853349603 -4.556598010617697 -4.344676139551784 -4.170797780437864 -4.338823291559169 -4.595616997235126 -4.589764149242512 -3.899371954780371 -3.668916065071179 -3.9539985360447725 -3.364080232122512 -1.980369419201922 -0.23426976807195699 0.7921734486327949 0.703161385411784 -0.021372422340607766 0.08690526552275868 0.13202096879916114 -0.2508528373843646 -2.6297916777157626 -5.0145833660397745 -6.039075633413655 -5.875927495619528
