static/data/ASCData/20210111/ASCU/21.asc
ncols 97
nrows 97
xllcorner 99.0
yllcorner 2.0
cellsize 0.25
NODATA_value -32767
[rows 38 to 56 of 97, columns 0 to 42 of 97]
-2.7689102457150794 -1.4945749990645365 -0.5197909446568336 -0.38610477938513865 -0.28250454171861916 -0.13704562216663785 -1.5121033221040738 -3.713085138994038 -2.7992577900820392 -2.4827015083232307 -3.8870602855804908 -2.682053480802745 -2.065684390039313 -2.462295400904068 -3.106657485178403 -3.3538853250644145 -3.243483051591508 -3.251331554445032 -3.6468960982626504 -3.8002035206681564 -4.424159497523329 -4.6721721876946924 -4.586361889829495 -4.404538240389518 -4.368435127263307 -4.6889156604488775 -4.609645781628283 -4.423113030476192 -4.189750878964739 -4.385963450302844 -4.354831055650532 -3.43891077264426 -1.4642274546975766 0.6695188544138637 0.9800579506516369 1.0289802851052707 1.6178796158813689 1.9849279326645157 0.07983467335241379 -2.4895035441296183 -4.23082471056485 -4.883035297692709 -4.893761584925858
-2.3791012706567116 -0.7455662100765459 -0.20349627965980943 -0.8371320767009947 -1.0043051874810596 -1.7904635566423983 -3.2727841289113315 -4.423113030476192 -3.803081305047782 -3.1370050295453633 -3.5129483162291715 -2.7982113230349026 -2.6642635410014233 -2.9201247340263117 -3.0022723972265313 -3.1977001182792835 -3.4289693356964626 -3.519750352035559 -3.812761125233795 -3.9467089072672743 -4.590286141256257 -5.2199976868706806 -5.1946208609776185 -4.998408289639514 -4.96021224241903 -4.838298831427621 -4.579298237261323 -4.5978730273479975 -4.052140462266283 -3.910605794141063 -3.8156389096134204 -3.0697695217668395 -2.0970784014534094 -0.37537849215198893 1.1187148343972306 1.768309253907249 1.8640609887202433 3.0104656388583417 1.3073405196435952 -2.5023227654570412 -4.213296387525312 -4.485639436542601 -4.435932251803615
-2.428023605110346 -0.9203262069483509 -0.48368783153062234 -1.2201390159529746 -2.568773422950213 -3.3703671810568157 -4.305908721196897 -5.09991559321176 -4.89193026759337 -4.456338359222777 -4.4220665634290555 -4.10001632967278 -3.8909845370072524 -3.5247210705094574 -3.5961424464765277 -3.5268140046037306 -3.7395084319342358 -3.7873842993407334 -4.009235313333684 -4.2033549505775145 -4.696502546540618 -5.278599841510328 -5.591231871842374 -5.398681935169247 -5.131309604625857 -4.942683919379492 -4.405584707436654 -4.327361295663197 -3.7141316060411746 -3.2395588001647457 -2.9965168284672803 -3.093053413565628 -2.152541154951647 -1.2727239850715866 0.4497607745151866 1.5503824913410607 1.5679108143805975 2.906865401191823 2.5856000177208993 -1.3284483553316082 -4.242597464845136 -4.522789016715949 -4.147892197079278
-2.8432094060617747 -1.7211351147696012 -1.2494400932727983 -1.6361096671897561 -2.9876218585666194 -4.465233329123438 -5.403652653643146 -5.599865224981251 -5.474812412848432 -5.7570968988135185 -5.753172647386756 -5.350021217477398 -4.789376496973986 -4.4220665634290555 -4.016037349140071 -3.944615973173001 -4.036443456559234 -4.073593036732582 -4.259079320837537 -4.474913149309451 -4.843007933139735 -5.104886311685659 -5.417256725255921 -5.423273910776956 -5.155639963471781 -5.033464935718589 -4.532468836901963 -4.393027102871016 -3.915314895853178 -3.1799101784779618 -1.3928060787305065 -1.5092255377244483 -3.314642810796794 -2.4583711494773057 -0.2835510087657558 0.9978478904529582 1.3824245302756433 2.858989533785325 3.3003370109151686 0.5044386777280718 -2.443720610817394 -4.473866682262315 -4.108649682811657
-2.762893060194044 -2.0677773241335857 -2.1818422322714706 -2.3354112714387605 -3.2599649075839086 -4.739669312235001 -6.040427851825741 -6.235593956116709 -6.070513779430917 -6.674063648866927 -6.811935682327167 -5.94362964996561 -5.311825170256913 -4.749349132421013 -4.343058301370245 -4.189750878964739 -4.246521716271898 -4.305908721196897 -4.483808119210112 -4.642871110374869 -4.800102784207136 -5.009134576872664 -5.0316336183861 -5.036342720098214 -5.0316336183861 -4.983757750979603 -4.549212309656147 -4.387009917349981 -4.136119442798991 -3.1262787423122136 -0.8517826153609065 -0.22782663850573437 -2.0363833127194892 -3.4954199931896337 -1.410596018531828 0.17637125845076085 1.149062378764191 2.7525115117391805 3.844499875426178 1.3287930941098947 -1.481755777737114 -3.5150412503234447 -4.0013868104801595
-2.0335055283398638 -2.053126785473674 -2.5627562374291775 -2.6663564750956965 -3.6215192723695893 -5.274675590083565 -6.626187781460429 -7.31580956552342 -6.973091607586198 -7.339093457322209 -7.172181963303927 -6.143766472730476 -5.262117985517927 -4.706443983488414 -4.464186862076302 -4.3509068042237695 -4.389102851444254 -4.42991506628258 -4.581391171355596 -4.682898474927843 -4.7658309884134145 -4.623249853241059 -4.601797278774759 -4.504214226629275 -4.548165842609011 -4.152601298791392 -3.5637019680152946 -2.9339904224008713 -3.141975748019262 -2.4222680363510944 -0.47296154429747284 0.39900712272906347 -0.8148946519493427 -2.584208811895477 -2.592057314749001 -1.3342039240908592 0.3707525124563764 1.9294651791662782 2.8032651635253036 2.5426948687883013 -0.18989220804703422 -3.1848808969518605 -4.12722447289833
-2.2435837880525273 -2.2493393568117783 -2.1049269043069336 -2.6799605467084717 -4.0385363906535074 -5.700587678268144 -6.904548015998753 -7.576379860260422 -7.927207937812954 -8.210277274063392 -7.111748491331792 -5.543356004435877 -4.7883300299268505 -4.496365723775751 -4.311925906717933 -4.313757224050422 -4.37052806135758 -4.553136561082909 -4.701473265014516 -4.664323684841168 -4.483808119210112 -4.339134049943484 -4.059988965119807 -3.860636992640292 -3.4982977775692596 -2.8468720407267525 -1.4270778745242287 -0.12631933493348813 -0.6955974085757752 -2.2375666025314924 -0.999334469007161 -0.015917061460581472 -0.5812708836761065 -1.8733960701279704 -2.638886715108362 -2.5588319860024153 -1.2180460818587013 0.6373399927144145 1.6325301545412807 2.3229367888896237 1.603229077221457 -1.5393114653296245 -3.9495866916469
-2.803966891794154 -2.9572743141996596 -2.5052005498366667 -2.9007650936542855 -4.051093995219146 -5.321504990442927 -6.363524552629153 -7.208285076430139 -8.109816437538283 -7.880116920691808 -5.739568575773981 -4.556014345462534 -4.195506447723991 -3.9924918405794987 -3.963190763259675 -4.142921478605379 -4.338087582896346 -4.545288058229385 -4.89193026759337 -4.896900986067268 -4.552090094035773 -4.009235313333684 -3.3332176008834677 -2.762893060194044 -2.2854424699379896 -1.483848711831387 -0.036323168879744294 1.2458605806243224 0.942908370478289 -0.9318373444668531 -2.2328575008193776 -1.7172108633428391 -0.5959214223360183 -0.5773466322493443 -1.6232904458623332 -2.12428654467896 -3.1516555682052747 -1.6790148161223548 0.08846802649129026 2.0202461955053743 2.3776146921025094 -0.3000328647581565 -3.2317102973112215
-3.2785396976705825 -3.027649223119593 -2.456278215383033 -2.758183958481929 -3.4339400541703613 -3.8049126223802707 -4.043245492365622 -4.043245492365622 -4.832281645906585 -4.801149251254273 -3.379262150957476 -3.139882813924989 -3.1977001182792835 -2.922217668120585 -2.819663897501202 -3.104826167845914 -3.54512717792862 -3.991445373532362 -4.3451512354645185 -3.9417381887933756 -3.686923462815624 -3.099070599086663 -2.3186677986845754 -1.7611624793225746 -1.2894674578257714 -0.30892783465881735 0.931397232959787 1.3141425554499828 1.2544939337631988 -0.5043555557115695 -2.3772699533242228 -2.4505226466237815 -1.1583974601719176 -0.40546441975716485 -0.8742816568743423 -1.149764107033041 -3.1759859270512 -3.2835104161444812 -1.5217831422900872 0.7663170562739952 1.7329909910663894 -0.036323168879744294 -2.650659469388648
-2.669234259475322 -3.0012259301793947 -2.6273755775898597 -2.5462743814367768 -2.4447670778645305 -2.5109561185959177 -2.0110064868264277 -1.737616970762002 -2.7864385687546163 -4.167251837451303 -3.3256307147917274 -2.638886715108362 -2.5774067760890893 -2.2522171411914043 -2.047109599952639 -1.9280739733408554 -2.144954268859907 -2.999394612846906 -3.4564390956837974 -2.9368682067804968 -3.1244474249797243 -2.7707415630475682 -2.173208879132594 -1.5238760763843602 -0.8274522565149816 0.07381748783137843 0.9538962744732231 1.2573717181428243 0.484032570308909 -0.49441411876377206 -1.8812445729814944 -2.229718099677968 -1.416351587291079 -0.8371320767009947 -0.8928564469610163 -1.5793388298825977 -3.1937758668525214 -3.1545333525849006 -1.9359224761943796 -0.29532376304604213 0.6823380757412862 -0.6029850749041901 -2.4923813285092438
-2.1760866635122196 -2.258234326712439 -2.094985467359136 -1.8830758903139835 -1.7933413410220238 -1.788370622548125 -1.4045788330107927 -2.150709837619158 -3.383186402384238 -4.921231344913194 -4.806904820013524 -4.027548486658573 -3.7005275344283994 -3.324584247744591 -2.730714198494595 -2.4876722267971294 -1.8684253516540719 -2.189690735124995 -2.3654971990439364 -2.302970792977527 -2.55595420162279 -2.386164923224883 -1.8469727771877724 -0.9935789002479098 -0.17890430405210012 0.02515677013952855 0.41470412843611193 0.6608855012749868 -0.25032568001917 -0.9700333916873374 -1.3666444025520925 -1.7444190065683896 -1.750436192089425 -1.344930211324009 -1.34309889399152 -2.4554933650976802 -3.7855529820082445 -3.629106158461329 -2.8918701237536246 -1.7572382278958125 -0.48761208295738445 -0.30212579885242974 -1.929120440387992
-2.3558173788579233 -1.803021161208037 -1.3723999713113437 -1.145839855606279 -1.7679645151289622 -1.8098231970144245 -3.063752336245804 -4.056064713693044 -4.713246019294802 -5.723871570066932 -5.842122346393364 -5.218951219823543 -4.895854519020132 -4.071500102638309 -3.4572239459691496 -2.6292068949223486 -2.0539116357590266 -1.7004673905886543 -1.4828022447842504 -1.6790148161223548 -2.0070822353996656 -1.8051140953023102 -1.4974527834441622 -0.6584478284024275 -0.08733843742765135 0.11698425352576125 -0.12239508350672601 -0.1721022682457125 -1.0197405764263239 -1.2805724879251108 -1.5785539795972454 -1.686863318975879 -1.7004673905886543 -1.581431763976871 -1.5285851780964748 -2.881143836520475 -4.167251837451303 -4.221929740664189 -3.916361362900314 -2.65458372081541 -0.6505993255489033 -0.45150896983117317 -1.8040676282551735
-2.612725038929948 -2.026703492533476 -1.1390378197998914 -0.9564293200745622 -1.634016733095483 -4.780481527073326 -6.06371174362453 -6.091181503611864 -5.803141448887526 -5.966128691479046 -6.107663359604265 -5.555913609001514 -5.1574712808042715 -4.333378481184232 -3.3402812534516393 -2.5140955197373276 -1.9330446918147541 -1.5735832611233467 -0.930006027134364 -1.2541491949849126 -1.6575622416560556 -1.5531771537041839 -1.2366208719453753 -0.8939029140081529 -0.3361359778843678 -0.25529639849306873 -0.6683892653502248 -0.9925324332007734 -1.6486672717553947 -1.8451414598552833 -2.0442318155730135 -2.1517563046662946 -2.329394085917725 -2.2111433095912942 -2.0842591801259864 -3.2445295186386445 -4.588193207161984 -4.541363806802623 -3.9221169316595654 -2.761061742861555 -0.7738208203492329 -0.40180178509218667 -1.7433725395212532
-3.0383755103527426 -2.7521667729608943 -0.8878857284871176 -0.9357615958936152 -3.9221169316595654 -7.071721126778819 -8.6076731352135 -8.407536312448633 -5.925054859878935 -5.496526604076515 -5.566639896234665 -5.201422896784006 -4.732867276428613 -3.9885675891527366 -2.994423894373007 -2.1350128319121096 -1.5149811064836995 -1.3020250623914102 -0.5891193865296305 -1.1583974601719176 -1.9212719375344678 -1.8451414598552833 -1.1165387782864553 -0.7746056706345854 -0.7230671685631098 -0.6212982482290796 -1.4027475156783038 -1.72296643210209 -2.1964927709313824 -2.498398514030279 -2.776758748568603 -3.1799101784779618 -3.358594426776529 -3.269906344531706 -3.230663830264085 -3.676197175582474 -5.066690264465175 -4.753273383847776 -3.163428322485561 -2.2904131884118883 -1.5168124238161886 -1.1447933885591424 -1.731861402002751
-3.8459864539803803 -3.2338032314054947 -1.1536883584598032 -1.4885578135435016 -4.58034470430846 -7.739628719613727 -9.267993841956667 -8.493608227075615 -5.628119835253937 -4.645748894754494 -4.496365723775751 -4.306955188244034 -4.1350729757518545 -3.482862388623995 -3.0812806592853415 -2.258234326712439 -0.9867768644415222 -0.7717278862549597 -0.13599915511950122 -1.3137978166716964 -2.107804688686559 -1.7064845761096894 -0.9739576431140995 -0.789256209294497 -0.7863784249148715 -1.1390378197998914 -2.118530975919709 -2.3743921689445973 -2.809984077315189 -3.2338032314054947 -4.108649682811657 -4.5131091965299355 -4.607814464295794 -4.418403928764078 -3.8588056753078037 -3.9095593270939264 -5.324644391584336 -5.152762179092156 -3.358594426776529 -2.4301165392046187 -1.5921580512100206 -0.9203262069483509 -1.2708926677390975
-3.9992938763858863 -3.253162871777521 -1.953450799233917 -2.0824278627934976 -4.790422964021124 -7.786458119973087 -8.762027024666143 -7.692799319254364 -5.764945401667042 -4.683944941974978 -4.227946926185224 -4.005311061906921 -4.130102257277956 -3.8703168128263057 -3.7308750787953593 -3.0433462288266413 -1.5207366752429508 -0.281458074671483 0.6334157412876524 -0.5530162734034194 -1.1311893169463672 -0.8402714778424043 -0.47113022696498374 -0.3332581935047423 -0.869572555162228 -1.6253833799566064 -2.7513819226755416 -2.931897488306598 -3.546173644975757 -4.164374053071678 -5.133140921958346 -6.016882343265168 -6.221989884503934 -5.604835943455149 -4.514940513862425 -3.9320583686073625 -5.393972833457132 -5.426151695156582 -3.3167357448910666 -1.5568397883691618 -0.36255927082456596 0.009459764432480089 -1.0636921924060592
-3.8849673514862175 -4.17902459173159 -2.7220808453557184 -2.0335055283398638 -4.63031350580923 -7.509144352481899 -8.404658528069008 -8.343178589049735 -8.049121348804363 -7.778609617119562 -7.596001117394234 -6.710166761993138 -5.492602352649753 -4.570664884122447 -4.385963450302844 -4.019961600566833 -2.2511706741442676 -0.21029831546619704 0.5740287363626528 0.7956181335938188 0.5515296948492168 0.4986831089688204 0.5612095150352299 0.13529742685065127 -0.9250353086604655 -2.189690735124995 -3.1165989221262 -3.265982093104944 -3.7434326833609983 -4.266927823691061 -5.054132659899536 -6.342071978162854 -7.449495730795116 -7.001346217858885 -4.974077930793589 -3.8342136997000944 -3.6654708883493248 -3.704451785855161 -2.085305647173123 0.4332789185227859 1.228070640823001 0.11881557085825056 -1.5785539795972454
-3.366442929630053 -4.542410273849759 -3.5775676563898537 -2.565634021808803 -4.638946858948106 -7.047129151171109 -7.850030993086632 -8.132053862289935 -8.347102840476497 -8.467184934135418 -8.221003561296541 -8.006216199871764 -6.796238676620119 -4.8168462569613215 -3.6693951397760864 -3.43577137150285 -2.358695163237549 -0.8167259692818318 -0.356803702065315 0.8688708268933776 1.18124124046364 1.3384729142959078 1.3737911771367664 0.41470412843611193 -1.3234776368577095 -2.8450407233942636 -3.4135339467511985 -3.5218432861298323 -3.352838858017278 -3.4564390956837974 -3.6215192723695893 -4.677927756453943 -6.201583777084771 -6.492501616188735 -5.032418468671452 -3.6243970567492148 -1.8909243931675077 -2.800042640367392 -2.325469834490963 -0.2835510087657558 0.6794602913616608 -0.1059132275143253 -1.6429117029961438
-3.3617338279179387 -4.303030936817272 -3.9328432188927147 -3.025817905787104 -4.565694165648548 -6.8255397539399425 -7.752186324179364 -8.031593025764826 -8.149843802091256 -8.499363795834865 -7.968020152651279 -7.659573990507779 -6.653657541447764 -4.84013014876011 -3.609746518089303 -3.1977001182792835 -2.399768994837659 -1.9173476861077057 -1.4231536230974666 0.20096323405847016 0.8892769343125404 0.9664538790388617 0.6501592140418371 -0.27282472153260606 -1.6525915231821569 -2.978726888665959 -3.294236703377631 -3.2631043087253184 -2.926141919547347 -2.607754320456049 -2.579499710183362 -3.3478681395433796 -4.875448411600969 -5.883981028278826 -5.047069007331364 -3.3217064633649653 -1.4867264962110125 -2.986575391519483 -2.159604807519819 -0.5998456737627802 0.02986587185164291 -0.6058628592838156 -1.797265592448786
