static/data/pressure/2023/7/30/0.asc
ncols 137
nrows 93
xllcorner 108.0
yllcorner 17.0
cellsize 0.25
NODATA_value -32767
[rows 19 to 37 of 93, columns 86 to 128 of 137]
101.50878558321763 101.51230497421146 101.52557037103445 101.53558709924772 101.5412722693147 101.5457843090504 101.54957442242839 101.5610350033571 101.57132245395451 101.57854171753162 101.58007581104177 101.59054374322861 101.62654982031954 101.66833130827217 101.7112859265561 101.74007274006989 101.78555410060581 101.81704813796102 101.83834496551356 101.84854217531627 101.85052747279997 101.82607221743245 101.7657913665634 101.7657913665634 101.77680074351855 101.78627602696352 101.7893442139838 101.81506284047732 101.79484890246137 101.76552064417928 101.76335486510614 101.83608894564571 101.91703493850427 101.98182782910901 102.04057458646788 101.97803771573102 101.91477891863643 101.84033026299727 101.77183749980927 101.68430392893657 101.65777313529063 101.6697751609876 101.6953133058917
101.50977823195949 101.52457772229259 101.54109178772528 101.54659647620284 101.54885249607068 101.55056707117025 101.55354501739582 101.55778633474739 101.5610350033571 101.5680737853448 101.58458785077748 101.6307911376711 101.68358200257886 101.7375459978179 101.79403673530894 101.81154344948348 101.8040534635222 101.7803201345124 101.7663328113317 101.78257615438024 101.79006614034151 101.78456145186395 101.77310087093527 101.79358553133537 101.79277336418293 101.78284687676438 101.77680074351855 101.80107551729662 101.77833483702868 101.74927730113073 101.75532343437658 101.8040534635222 101.83879616948714 101.85404686379381 101.86307094326524 101.81434091411961 101.79205143782522 101.77535689080311 101.76660353371584 101.69883269688555 101.68033333396914 101.69359873079213 101.71760278218608
101.5125756965956 101.52557037103445 101.54154299169885 101.54533310507684 101.54560382746098 101.54280636282485 101.54208443646714 101.54235515885128 101.55877898348925 101.5847683323669 101.6653533620466 101.71733205980193 101.74377261265317 101.74629935490518 101.7675961824577 101.77833483702868 101.75730873186029 101.72933408549892 101.70902990668824 101.72058072841165 101.73104866059849 101.74377261265317 101.75478198960829 101.75207476576686 101.73908009132803 101.73357540285048 101.77156677742512 101.80053407252835 101.77634953954497 101.74007274006989 101.73528997795005 101.74981874589902 101.74855537477302 101.75378934086643 101.76831810881541 101.75956475172815 101.75180404338272 101.76552064417928 101.77959820815468 101.73808744258618 101.72003928364336 101.7228367482795 101.72653662086279
101.51104160308547 101.51681701394718 101.5278263909023 101.53206770825386 101.53459445050586 101.53360180176401 101.54307708520899 101.56834450772894 101.60254576892558 101.68204790906871 101.76055740047 101.7598354741123 101.73357540285048 101.72879264073063 101.70677388682039 101.67906996284316 101.66959467939817 101.67609201661759 101.68159670509515 101.6927865636397 101.70704460920453 101.7215733771535 101.74133611119589 101.73177058695619 101.73357540285048 101.7797786897441 101.8430374868387 101.82778679253202 101.78059085689654 101.74377261265317 101.74160683358004 101.73709479384432 101.73808744258618 101.74359213106375 101.75685752788672 101.75785017662858 101.75956475172815 101.76985220232555 101.7670547376894 101.75902330695986 101.74359213106375 101.74232875993775 101.74305068629546
101.50932702798592 101.51158304785375 101.51528292043703 101.5151024388476 101.51708773633132 101.53603830322129 101.55959115064168 101.59307048548061 101.65127579807121 101.71354194642396 101.74503598377918 101.71507603993408 101.68655994880443 101.68980861741413 101.67410671913387 101.6563292825752 101.65353181793905 101.68204790906871 101.70758605397282 101.71453459516582 101.71534676231822 101.71877591251736 101.73908009132803 101.751082117025 101.79132951146751 101.8832848812812 101.92479564684969 101.82210162246503 101.77003268391498 101.73953129530162 101.73953129530162 101.7375459978179 101.74277996391132 101.74485550218975 101.75207476576686 101.75532343437658 101.7598354741123 101.7610988452383 101.761820771596 101.76127932682772 101.76479871782156 101.76227197556958 101.76209149398015
101.50030294851449 101.50310041315063 101.50255896838235 101.50084439328278 101.5060783593762 101.529811688386 101.55679368600553 101.59677035806388 101.63503245502267 101.67428720072331 101.67455792310746 101.67735538774359 101.66255589741048 101.68980861741413 101.73908009132803 101.73231203172448 101.75857210298629 101.7962927551768 101.83482557451971 101.78880276921552 101.7797786897441 101.73177058695619 101.73853864655976 101.77310087093527 101.8250795686906 101.90160376260815 101.89077486724247 101.80630948339005 101.7362826266919 101.73159010536676 101.73429732920819 101.73077793821435 101.73682407146019 101.74106538881175 101.74702128126289 101.75081139464088 101.75658680550258 101.761820771596 101.76606208894755 101.77084485106741 101.77508616841898 101.77427400126655 101.77707146590268
101.48730827407566 101.4901057387118 101.49931029977265 101.50057367089863 101.50932702798592 101.53134578189615 101.55832777951568 101.57610521607435 101.60209456495201 101.63503245502267 101.64685399913022 101.64956122297164 101.68484537370486 101.75631608311843 101.8147921180932 101.79656347756094 101.82580149504831 101.8430374868387 101.90277689293944 101.85503951253567 101.80251937001206 101.7433214086796 101.74007274006989 101.75884282537044 101.81082152312577 101.8308549795523 101.79981214617064 101.7433214086796 101.7362826266919 101.73159010536676 101.72978528947249 101.72527324973679 101.73104866059849 101.73556070033419 101.74160683358004 101.74927730113073 101.75532343437658 101.76055740047 101.76732546007355 101.77201798139869 101.77707146590268 101.7810420608701 101.78402000709566
101.47810371301482 101.49452753765279 101.50535643301849 101.51230497421146 101.52132905368289 101.5412722693147 101.59307048548061 101.60859190217144 101.61409659064898 101.62059392786841 101.63304715753895 101.65308061396549 101.70253256946881 101.80251937001206 101.84078146697085 101.8225528264386 101.7610988452383 101.75008946828315 101.8147921180932 101.80603876100591 101.75658680550258 101.73781672020205 101.73980201768575 101.74954802351488 101.75604536073429 101.76931075755726 101.75153332099859 101.73556070033419 101.73131938298262 101.72834143675706 101.72328795225307 101.7228367482795 101.72779999198877 101.73231203172448 101.7362826266919 101.74377261265317 101.74882609715716 101.75577463835015 101.76227197556958 101.76831810881541 101.77535689080311 101.78059085689654 101.78726867570538
101.47828419460424 101.49705427990479 101.51230497421146 101.51483171646346 101.51780966268903 101.5693371564708 101.63160330482353 101.68231863145286 101.64983194535577 101.6333178799231 101.62203778058384 101.64207123701037 101.68601850403614 101.77057412868326 101.78708819411595 101.758030658218 101.69729860337542 101.69684739940185 101.73528997795005 101.73935081371218 101.73204130934033 101.73159010536676 101.73781672020205 101.73177058695619 101.73402660682405 101.73808744258618 101.73104866059849 101.72554397212093 101.72328795225307 101.71931735728565 101.71706133741779 101.72103193238522 101.72554397212093 101.72807071437292 101.73177058695619 101.73826792417562 101.7433214086796 101.75081139464088 101.75730873186029 101.763084142722 101.76958147994141 101.77734218828682 101.7848321742481
101.46384566744999 101.48153286321396 101.49876885500436 101.49506898242107 101.47828419460424 101.53928697183099 101.64107858826851 101.72428060099493 101.68177718668457 101.63882256840066 101.62131585422613 101.62582789396183 101.65678048654877 101.70451786695253 101.7056007564891 101.6915231925137 101.68583802244672 101.7043373853631 101.72482204576322 101.7260854168892 101.72310747066365 101.72428060099493 101.72229530351122 101.71976856125922 101.7203100060275 101.72058072841165 101.71633941106008 101.71579796629179 101.71480531754993 101.71507603993408 101.71706133741779 101.7177832637755 101.71805398615965 101.72085145079579 101.72509276814735 101.73005601185663 101.7350192555659 101.74106538881175 101.74756272603118 101.75460150801887 101.76353534669558 101.77382279729298 101.78203470961196
101.43902944890361 101.45229484572658 101.46808698480156 101.46610168731785 101.45455086559444 101.51907303381503 101.6307911376711 101.73330468046633 101.70957135145653 101.64983194535577 101.61256249713887 101.59956782270002 101.61328442349657 101.64559062800423 101.65578783780691 101.66228517502634 101.67582129423344 101.6953133058917 101.70153992072697 101.7018106431111 101.70081799436925 101.70126919834283 101.7043373853631 101.70930062907239 101.71155664894025 101.71056400019839 101.70957135145653 101.7112859265561 101.7100225554301 101.70930062907239 101.70984207384068 101.70902990668824 101.71029327781424 101.71282002006625 101.71579796629179 101.7190466349015 101.72527324973679 101.73131938298262 101.7375459978179 101.74485550218975 101.75180404338272 101.76082812285415 101.76931075755726
101.42783959035906 101.43578078029391 101.44128546877147 101.43984161605604 101.46880891115927 101.58756579700304 101.70253256946881 101.74684079967346 101.64234195939451 101.58179038614134 101.56509583911922 101.56978836044436 101.5898218168709 101.61102840362872 101.62853511780325 101.64459797926237 101.65930722880077 101.66905323462989 101.67555057184931 101.67952116681673 101.683852724963 101.68556730006257 101.69053054377184 101.69332800840799 101.69504258350756 101.6965766770177 101.69928390085911 101.70108871675339 101.70235208787939 101.70235208787939 101.70153992072697 101.70009606801153 101.69955462324326 101.70009606801153 101.70235208787939 101.70632268284682 101.71227857529796 101.71805398615965 101.72428060099493 101.73159010536676 101.73880936894389 101.74783344841532 101.75685752788672
101.41502539750965 101.41331082241008 101.41430347115194 101.42504212572292 101.48857164520166 101.59334120786475 101.65984867356906 101.6723019032396 101.58007581104177 101.55002562640198 101.53757239673142 101.55634248203197 101.57402967779593 101.59279976309647 101.61057719965515 101.62582789396183 101.63629582614867 101.64504918323594 101.65353181793905 101.65930722880077 101.66282661979461 101.66607528840431 101.67130925449774 101.6748286454916 101.67979188920087 101.68358200257886 101.68881596867227 101.69053054377184 101.69179391489784 101.6915231925137 101.68980861741413 101.688274523904 101.68601850403614 101.68628922642029 101.68854524628814 101.69233535966613 101.69802052973311 101.70406666297896 101.71029327781424 101.71633941106008 101.72256602589536 101.73077793821435 101.73980201768575
101.40157951909725 101.39977470320298 101.40257216783911 101.41710093578808 101.4805402144721 101.55480838852182 101.61960127912656 101.61680381449041 101.54885249607068 101.5252996486503 101.52927024361772 101.54659647620284 101.56229837448309 101.58079773739948 101.59803372918988 101.6108479220393 101.62077440945784 101.6358446221751 101.64856857422978 101.65181724283948 101.64504918323594 101.64459797926237 101.64901977820335 101.65578783780691 101.66084132231092 101.66733865953032 101.67257262562374 101.67527984946517 101.67627249820703 101.67582129423344 101.67509936787573 101.67383599674974 101.67203118085546 101.67257262562374 101.67455792310746 101.67753586933301 101.68276983542643 101.688274523904 101.69305728602384 101.69883269688555 101.7056007564891 101.71453459516582 101.72382939702136
101.390299419758 101.38759219591657 101.390299419758 101.40230144545497 101.45527279195215 101.531075059512 101.58882916812904 101.58909989051318 101.54027962057285 101.5278263909023 101.53179698586972 101.54055034295699 101.55480838852182 101.57159317633865 101.59252904071232 101.60534323356173 101.61878911197412 101.63358860230724 101.64360533052051 101.63376908389667 101.62709126508783 101.62032320548427 101.62384259647811 101.6307911376711 101.63882256840066 101.64559062800423 101.65109531648177 101.65434398509149 101.65560735621749 101.65777313529063 101.65777313529063 101.6575926537012 101.65777313529063 101.65804385767477 101.65984867356906 101.66255589741048 101.66733865953032 101.67076780972945 101.67555057184931 101.68159670509515 101.68782331993042 101.69702788099127 101.70731533158867
101.38028269154472 101.37784619008744 101.37956076518701 101.38984821578443 101.43433692757849 101.49407633367923 101.5521011646804 101.56229837448309 101.52809711328644 101.51835110745732 101.52584109341859 101.53459445050586 101.55128899752796 101.5693371564708 101.59135591038104 101.60182384256787 101.61526972098027 101.62203778058384 101.61978176071598 101.60985527329744 101.5988458963423 101.59279976309647 101.59731180283217 101.60435058481987 101.61256249713887 101.61905983435827 101.62483524521997 101.62808391382968 101.63259595356539 101.63485197343324 101.63882256840066 101.6403566619108 101.64134931065266 101.64378581210994 101.64559062800423 101.6480271294615 101.65154652045534 101.65533663383334 101.65930722880077 101.66553384363603 101.67157997688189 101.68078453794271 101.69080126615599
101.36710753551647 101.3685513882319 101.37080740809975 101.38127534028658 101.4152961198938 101.46808698480156 101.50156631964049 101.50779293447577 101.49876885500436 101.5048149882502 101.51230497421146 101.53179698586972 101.55183044229625 101.57357847382237 101.58810724177133 101.59830445157402 101.59460457899075 101.59406313422247 101.58630242587705 101.57204438031222 101.56130572574125 101.56329102322493 101.5706005275968 101.57709786481621 101.58260255329377 101.58909989051318 101.59406313422247 101.59983854508415 101.60480178879344 101.61229177475472 101.61707453687455 101.62158657661027 101.62582789396183 101.62853511780325 101.6320545087971 101.6345812510491 101.6378299196588 101.64134931065266 101.64531990562008 101.6505538717135 101.65678048654877 101.66634601078846 101.67527984946517
101.35032274769964 101.3525787675675 101.35754201127678 101.36728801710589 101.39652603459326 101.43902944890361 101.47160637579542 101.48956429394352 101.48956429394352 101.49633235354707 101.5048149882502 101.52683374216045 101.54984514481254 101.5630203008408 101.57078100918622 101.57132245395451 101.56554704309279 101.55679368600553 101.54109178772528 101.52927024361772 101.53008241077015 101.53477493209529 101.54154299169885 101.54659647620284 101.55183044229625 101.55634248203197 101.5615764481254 101.56906643408665 101.57827099514749 101.58630242587705 101.59532650534847 101.60209456495201 101.60678708627715 101.61283321952298 101.6173452592587 101.62158657661027 101.62510596760411 101.62853511780325 101.63277643515481 101.63728847489052 101.64333460813637 101.65028314932935 101.65903650641663
101.3340794046511 101.34382541048022 101.35131539644149 101.3603394759129 101.38434352730687 101.42432019936521 101.46131892519799 101.49028622030123 101.5022882459982 101.49579090877879 101.49876885500436 101.5073417305022 101.52060712732518 101.52060712732518 101.52557037103445 101.52683374216045 101.5207876089146 101.50508571063435 101.49055694268537 101.49227151778494 101.49931029977265 101.50752221209163 101.51329762295332 101.51726821792074 101.52006568255689 101.52358507355073 101.52854831726 101.538023600705 101.5483110513024 101.5597716322311 101.5706005275968 101.57908316229991 101.58783651938718 101.59478506058018 101.6012823977996 101.60732853104544 101.61184057078114 101.6160818881327 101.62005248310012 101.62456452283584 101.63052041528695 101.63728847489052 101.6460418319778
