static/data/pressure/2023/7/30/12.asc
ncols 137
nrows 93
xllcorner 108.0
yllcorner 17.0
cellsize 0.25
NODATA_value -32767
[rows 0 to 18 of 93, columns 43 to 85 of 137]
101.087270831108 101.10802621389224 101.14078362237346 101.1850918525781 101.17281910449697 101.16027563403172 101.13130833892849 101.13004496780249 101.13230098767035 101.13834712091618 101.15034914661317 101.16632176727757 101.18779907641952 101.21857118741704 101.26856458768866 101.3130532994827 101.3545640650512 101.34030601948638 101.32658941868982 101.31106800199899 101.31106800199899 101.30809005577343 101.30330729365359 101.31151920597257 101.33931337074452 101.36656609074818 101.38127534028658 101.36232477339661 101.35835417842921 101.3743267990936 101.43027609181634 101.49705427990479 101.56058379938354 101.5048149882502 101.33453060862468 101.16406574740971 101.08555625600843 101.05704016487877 101.03556285573681 101.02283890368211 101.02933624090154 101.03556285573681 101.03881152434651
101.03078009361697 101.05505486739506 101.08059301229916 101.09927285680497 101.09809972647369 101.0988216528314 101.09954357918912 101.10558971243496 101.11380162475395 101.12408907535135 101.14204699349946 101.16902899111899 101.2035912154945 101.24627511139427 101.27858131590192 101.29653923405003 101.30330729365359 101.29906597630202 101.29780260517603 101.29852453153374 101.29978790265973 101.29978790265973 101.29933669868616 101.30078055140159 101.31458739299285 101.32081400782813 101.32009208147042 101.30781933338929 101.31882871034442 101.34833745021592 101.39183351326814 101.44155619115561 101.44958762188516 101.38605810240644 101.20981783032975 101.09809972647369 101.04756488143379 101.04007489547251 101.03059961202754 101.0393529691148 101.05505486739506 101.0693129129599 101.07256158156959
100.97104068751622 100.99928605626174 101.02455347878168 101.03953345070423 101.05153547640121 101.06534231799247 101.07878819640487 101.08907564700228 101.10179959905697 101.1173210157478 101.1410543447576 101.17453367959654 101.21180312781347 101.2515993182824 101.26558664146309 101.2753326472922 101.2810178173592 101.29031261921476 101.29527586292403 101.30005862504387 101.30231464491173 101.30429994239545 101.30285608968002 101.30078055140159 101.29753188279189 101.29554658530817 101.29581730769232 101.30204392252759 101.3130532994827 101.33579397975068 101.36810018425832 101.41583756466208 101.40582083644883 101.3360647021348 101.19456713602308 101.11705029336366 101.08357095852472 101.07851747402073 101.06705689309204 101.07030556170174 101.07978084514673 101.08582697839257 101.09485105786398
100.91409874605162 100.94081002128699 100.96481407268095 100.99053269917447 101.01679277043628 101.0361043005051 101.05631823852106 101.07635169494759 101.09232431561199 101.11335042078038 101.14060314078404 101.17435319800711 101.20882518158791 101.24302644278455 101.25755521073353 101.2688353100728 101.27704722239177 101.28959069285705 101.2983440499443 101.30357801603773 101.30610475828973 101.30556331352145 101.30429994239545 101.30078055140159 101.29356128782446 101.2893199704729 101.2880565993469 101.2938320102086 101.2970806788183 101.31828726557613 101.35555671379306 101.42080080837137 101.42657621923306 101.3698147593579 101.27506192490806 101.18455040780982 101.13482772992234 101.10107767269926 101.09981430157326 101.10531899005082 101.11208704965438 101.10757500991868 101.11759173813195
100.85805921253414 100.88630458127966 100.91752789625076 100.94830000724826 100.97681609837792 101.00758820937543 101.0335775582531 101.0585742583889 101.0840221624983 101.10703356515039 101.14276891985718 101.17453367959654 101.20756181046191 101.22678309973601 101.24302644278455 101.25584063563397 101.27027916278823 101.28408600437947 101.29356128782446 101.30204392252759 101.30709740703159 101.30754861100516 101.3065559622633 101.30303657126944 101.29581730769232 101.29004189683062 101.28877852570461 101.28733467298919 101.29085406398303 101.3117899283567 101.34833745021592 101.39282616200998 101.41827406611937 101.44381221102346 101.41304010002594 101.31828726557613 101.22633189576244 101.16857778714542 101.13735447217434 101.1225549818412 101.12408907535135 101.13257171005449 101.13952025124746
100.80680244113654 100.83928912723361 100.87078316458884 100.90453322181192 100.93927592777685 100.97004803877437 101.00704676460715 101.03980417308837 101.06606424435019 101.09809972647369 101.13410580356462 101.16478767376742 101.18978437390322 101.21026903430334 101.22876839721972 101.24708727854669 101.26233797285337 101.27731794477592 101.2893199704729 101.29780260517603 101.30610475828973 101.31052655723072 101.30953390848886 101.30781933338929 101.30303657126944 101.29852453153374 101.29482465895046 101.2893199704729 101.29753188279189 101.3181067839867 101.35158611882564 101.36629536836404 101.38253871141258 101.40654276280654 101.42702742320662 101.41755213976165 101.32505532517968 101.29581730769232 101.20557651297821 101.18003836807411 101.1397909736316 101.15134179535502 101.15955370767401
100.76105035821648 100.79353704431357 100.82855047266264 100.86356390101172 100.8992992557185 100.93927592777685 100.97753802473564 101.01408554659486 101.05135499481179 101.08357095852472 101.11578692223766 101.14457373575146 101.16984115827142 101.19610122953321 101.21929311377475 101.23779247669114 101.25556991324983 101.27109132994066 101.2835445596112 101.29554658530817 101.30457066477959 101.31052655723072 101.31503859696642 101.31359474425099 101.31359474425099 101.32108473021228 101.31729461683427 101.30727788862102 101.3168434128607 101.33759879564495 101.34508878160622 101.3366061469031 101.35185684120978 101.3538421386935 101.3743267990936 101.3763120965773 101.40085759273954 101.38109485869715 101.28832732173105 101.19032581867151 101.15007842422902 101.15359781522288 101.17832379297454
100.71953959264798 100.75509446576534 100.79110054285628 100.8282797502785 100.86807594074742 100.91003791028947 100.95055602711612 100.99152534791632 101.03005816725926 101.06507159560833 101.09584370660583 101.12553292806678 101.15504166793829 101.18328703668382 101.20909590397204 101.23210730662416 101.25006522477226 101.26603784543666 101.27930324225963 101.29229791669846 101.30258536729588 101.3117899283567 101.31955063670213 101.3213554525964 101.32460412120612 101.33083073604139 101.33380868226696 101.32577725153739 101.33128194001496 101.3353427757771 101.33931337074452 101.32658941868982 101.3213554525964 101.32460412120612 101.33985481551281 101.35627864015078 101.3551055098195 101.36728801710589 101.31909943272856 101.25484798689212 101.171555733371 101.15657576144844 101.17958716410054
100.68606025780905 100.72360042841012 100.76204300695834 100.80156847504311 100.84380116696933 100.88702650763737 100.92727390207988 100.96905539003251 101.009302784475 101.04585030633422 101.0783369924313 101.11010175217066 101.14132506714175 101.16957043588728 101.19709387827507 101.22308322715273 101.24401909152641 101.26134532411152 101.27452048013978 101.28733467298919 101.30032934742802 101.31106800199899 101.32081400782813 101.32758206743168 101.33001856888896 101.33182338478325 101.33056001365725 101.32956736491539 101.32505532517968 101.32460412120612 101.32334075008012 101.31927991431799 101.31458739299285 101.31982135908628 101.34030601948638 101.32676990027925 101.308541259747 101.31828726557613 101.36051995750233 101.36259549578075 101.2822811884852 101.18806979880367 101.18581377893581
100.65853681542124 100.69679891238003 100.73758775159081 100.78252766735844 100.82656517517893 100.86581992087957 100.90931598393176 100.95209012062625 100.99684955480446 101.03384828063724 101.06507159560833 101.09160238925428 101.1230964266095 101.15477094555416 101.1850918525781 101.21180312781347 101.23409260410786 101.25277244861368 101.26703049417851 101.28210070689578 101.29527586292403 101.30827053736286 101.31955063670213 101.32785278981582 101.33335747829338 101.33254531114096 101.32785278981582 101.32352123166956 101.31828726557613 101.31206065074085 101.31079727961486 101.308541259747 101.309804630873 101.31882871034442 101.33678662849253 101.31603124570827 101.29428321418217 101.31729461683427 101.43280283406834 101.44958762188516 101.4005868703554 101.25502846848154 101.21884190980118
100.63110361382815 100.6710802858865 100.71755429516428 100.76204300695834 100.80580979239468 100.8443426117376 100.9025479243282 100.9632799791708 101.01480747295257 101.0482868077915 101.06407894686647 101.087270831108 101.11506499587995 101.14682975561931 101.17633849549082 101.1998011021165 101.22154913364261 101.24004849655898 101.25683328437582 101.27307662742436 101.28977117444647 101.30610475828973 101.31729461683427 101.32731134504753 101.3340794046511 101.33705735087666 101.33435012703524 101.33001856888896 101.32604797392153 101.32307002769598 101.32108473021228 101.31855798796028 101.31982135908628 101.32857471617353 101.33110145842554 101.31927991431799 101.31783606160256 101.3487886541895 101.43478813155205 101.48929357155937 101.47729154586239 101.36503199723803 101.24681655616256
100.60682884005006 100.6460835857507 100.6908430199289 100.73451956457052 100.78406176086857 100.8443426117376 100.9108500774419 100.97230405864221 101.02581684990768 101.07156893282773 101.0930462419697 101.11560644064824 101.13834712091618 101.1615390051577 101.18409920383624 101.19934989814293 101.21207385019761 101.2235344311263 101.24356788755284 101.26233797285337 101.28182998451163 101.30177320014344 101.3168434128607 101.32884543855768 101.33705735087666 101.34129866822823 101.34184011299651 101.33859144438681 101.33507205339296 101.33308675590925 101.33110145842554 101.32884543855768 101.3302892912731 101.33904264836038 101.33832072200266 101.33453060862468 101.34084746425467 101.36728801710589 101.40157951909725 101.45960435009843 101.49154959142723 101.46826746639098 101.31133872438313
100.59257079448523 100.63056216905986 100.67333630575436 100.72008103741626 100.77377431027116 100.85183259769887 100.90308936909649 100.95335349175225 100.99730075877802 101.05180619878536 101.08302951375644 101.10658236117682 101.12652557680863 101.14303964224132 101.16478767376742 101.18085053522654 101.19429641363894 101.20729108807777 101.22903911960387 101.25078715112997 101.27181325629837 101.29581730769232 101.3155800417347 101.32983808729954 101.34102794584409 101.34680335670579 101.34734480147407 101.34481805922208 101.34156939061236 101.34030601948638 101.33678662849253 101.33380868226696 101.33335747829338 101.33931337074452 101.34310348412251 101.34905937657363 101.35979803114462 101.3857873800223 101.38705075114828 101.42134225313966 101.44733160201731 101.46131892519799 101.34508878160622
100.60303872667207 100.62984024270216 100.67053884111822 100.71430562655458 100.76032843185877 100.82710661994722 100.87529520432454 100.91906198976089 100.96454335029681 101.01128808195871 101.04151874818794 101.0667861707079 101.09033901812828 101.11154560488609 101.13527893389592 101.15783913257442 101.17381175323882 101.1940256912548 101.2170370939069 101.23932657020129 101.26405254795294 101.28959069285705 101.31007535325713 101.3290259201471 101.34156939061236 101.35104467405735 101.35402262028292 101.35284948995164 101.35158611882564 101.34960082134192 101.3487886541895 101.35528599140892 101.35880538240276 101.35880538240276 101.35979803114462 101.37234150160988 101.3948114594937 101.41258889605237 101.3801022099553 101.35302997154106 101.36629536836404 101.40527939168054 101.36458079326447
100.62505748058231 100.64310563952513 100.67604352959579 100.70455962072545 100.74931905490364 100.79606378656555 100.84506453809531 100.89054589863123 100.93656870393542 100.97582344963607 101.00452002235515 101.0348409293791 101.05956690713076 101.08709034951858 101.11280897601209 101.13582037866419 101.15928298528986 101.18103101681596 101.20503506820992 101.23057321311401 101.25529919086568 101.28155926212749 101.30484138716373 101.3237919540537 101.34057674187052 101.35131539644149 101.35609815856135 101.35952730876048 101.35907610478691 101.35429334266706 101.35907610478691 101.36728801710589 101.37901932041872 101.37829739406101 101.3775754677033 101.38957749340028 101.4107840801581 101.40329409419682 101.3533006939252 101.3315526623991 101.35609815856135 101.39508218187784 101.3507739516732
100.6538442940961 100.66133428005739 100.67532160323807 100.70383769436773 100.74029497543223 100.78252766735844 100.82855047266264 100.8750244819404 100.92104728724459 100.94884145201655 100.97582344963607 101.0060541158653 101.03754815322051 101.06579352196604 101.0917828708437 101.1185843868738 101.14204699349946 101.16704369363528 101.19429641363894 101.21983455854304 101.24681655616256 101.2733473498085 101.29680995643417 101.31828726557613 101.33507205339296 101.3487886541895 101.35682008491906 101.36051995750233 101.36277597737018 101.35952730876048 101.36431007088032 101.36557344200632 101.37730474531915 101.3857873800223 101.41331082241008 101.42558357049121 101.43605150267805 101.41628876863565 101.36331742213846 101.35682008491906 101.38127534028658 101.4075354115484 101.35230804518335
100.65655151793753 100.66701945012437 100.67956292058965 100.711327680329 100.7477849613935 100.77855707239102 100.80932918338853 100.8558031926663 100.89677251346652 100.92456667823845 100.95281204698396 100.98584017784933 101.01760493758871 101.0463015103078 101.0732835079273 101.1000850239574 101.12679629919278 101.15260516648102 101.18103101681596 101.20954710794562 101.23679982794928 101.26459399272123 101.28859804411519 101.31007535325713 101.3290259201471 101.34454733683793 101.35302997154106 101.35952730876048 101.36205405101246 101.36331742213846 101.36485151564861 101.36602464597989 101.3775754677033 101.39327736598355 101.43902944890361 101.49434705606336 101.5048149882502 101.46429687142356 101.39183351326814 101.38533617604871 101.39860157287168 101.42007888201366 101.36557344200632
100.62352338707217 100.65781488906353 100.6857895354249 100.71755429516428 100.74002425304809 100.76357710046848 100.78731042947828 100.82485060007936 100.86509799452186 100.9012845532022 100.93584677757771 100.96878466764838 101.0002787050036 101.02960696328569 101.05758160964704 101.08483432965072 101.11154560488609 101.1385276025056 101.16758513840357 101.1965524335068 101.22579045099415 101.25484798689212 101.27903251987549 101.30159271855402 101.32081400782813 101.33705735087666 101.3475252830635 101.35429334266706 101.35907610478691 101.3616028470389 101.36133212465475 101.37405607670945 101.38605810240644 101.41033287618451 101.46077748042971 101.51907303381503 101.53757239673142 101.49109838745366 101.40834757870083 101.40428674293868 101.41583756466208 101.4440829334076 101.39778940571927
100.60078270680421 100.64752743846611 100.67857027184779 100.69355024377033 100.710064309203 100.73731702920666 100.77133780881388 100.80779508987838 100.84452309332704 100.88179254154397 100.9185205449926 100.95308276936811 100.98457680672334 101.014356268979 101.04233091534037 101.06958363534405 101.09710707773183 101.12535244647735 101.15477094555416 101.18409920383624 101.21378842529718 101.24356788755284 101.2700986811988 101.2925686390826 101.31133872438313 101.32704062266339 101.33904264836038 101.34707407908994 101.3520373227992 101.35609815856135 101.35934682717104 101.37802667167686 101.40356481658097 101.42377875459694 101.4555435143363 101.50310041315063 101.5207876089146 101.46285301870813 101.41105480254224 101.41628876863565 101.44110498718204 101.47205757976899 101.41854478850351
