static/data/ASCData/20210127/ASCU/03.asc
ncols 97
nrows 97
xllcorner 99.0
yllcorner 2.0
cellsize 0.25
NODATA_value -32767
[rows 0 to 18 of 97, columns 0 to 42 of 97]
1.2875041485800511 0.8999008847663998 1.194697733300726 1.4262174805082402 1.4368877368104083 1.24060464994959 0.5971633803792975 0.8257053816420199 1.6937183245486467 1.49371305525684 0.5991485443424915 0.15869029000879697 0.8011389775974926 1.446813556626379 1.3277037188347323 1.6753555578891013 2.0659365676475434 1.8919865753726595 2.025736997392863 3.310138081579456 3.2689459293431784 1.5542605561342602 -0.7711108812522469 -2.2728874194085957 -1.5932169075100102 -1.4088448044283568 -1.3520194859819252 -1.5259694782568096 -1.5669134849976882 -1.276831400875948 -1.270131472500168 -1.2232319738697068 -1.1430809788557446 -1.2934571490676987 -1.1430809788557446 -0.460432721012368 -0.48673614352468997 -0.7748330636832361 -0.7758256456648329 -0.6889747222750904 -0.5941831430325712 -0.33735255529433283 0.6996474699791935
0.8051093055238812 0.7388544582522774 0.9331523811499012 1.1244725581027342 1.22025671932685 1.305122478753399 1.024966214447629 1.1889903869065432 2.3753740004104267 2.6987075809156686 1.8284613285504476 0.518997549328529 1.1460612162024701 2.2728899108105307 2.3207819914225882 3.2280019226023 4.018097179953557 4.044400602465879 4.21636543077757 4.947650205719203 5.058074951171875 3.431233083334297 0.5619267200326017 -1.74855598762995 -1.5738615588688676 -1.6470644800116507 -1.4038818945203715 -1.3842784003838295 -1.509343730065059 -1.5981798174179955 -1.3277012274327973 -1.6391238241588741 -1.5932169075100102 -1.6294461498383028 -1.4018967305571775 -0.8120548879931255 -0.6353752952688492 -0.9391053816375492 -0.7105633803748264 -0.3619189593388601 -0.12345113826016663 0.23983386700435627 0.8616864784749132
0.5376084614834737 0.6626737911647034 0.8812899726114551 1.0219884685028382 1.202638389153503 1.446813556626379 1.7828025573969835 2.0835548978208913 3.0825886622983307 3.6458789368546607 2.876379755621542 1.396936312051127 1.990748482541567 3.1275029969655974 3.2543053451146213 4.082366863261967 4.825562621982764 4.785611197223483 4.375426693328498 4.3744341113469005 4.604961276572817 3.2835865135717346 0.5639118839957957 -1.6088500737201639 -1.6919788146789176 -1.941861328545977 -1.4018967305571775 -1.3569823958899105 -1.6743604845055697 -1.870643571366388 -1.0649151478049763 -1.5269620602384066 -1.6108352376833581 -1.684038158826141 -1.4574813215266127 -0.8579618046419895 -0.38921496383277887 -0.8656543149993667 -0.8296732181664734 -0.484006543075298 0.01600663015421988 0.5708599578669755 0.6626737911647034
0.5482787177856423 0.5482787177856423 0.8745900442356751 0.9507707113232491 1.0961839716272181 1.443835810681588 1.8071208159461114 1.9994335748805407 2.4711581616345426 3.0533074938412175 2.863724335356179 1.780817393433789 2.014074159109098 3.061992586180191 3.6342160985708953 4.255324273555255 4.817870111625387 3.9818679376252653 3.5962498377748076 3.9975011038354187 4.130258943874026 2.769925338095257 0.7592023888750172 -0.8549840586971986 -1.106107300041254 -2.1011707365923047 -1.6664198286527934 -1.3100828972594496 -1.528947224201601 -1.7885074123892315 -1.1820398216334291 -1.4497888111692354 -1.467407141342583 -1.5200139863672273 -1.317030971130629 -0.7847588834992067 0.049258126537721214 -0.5914535425831797 -0.7182558907322036 -0.5093173836060232 0.01699921213581712 -0.05620370900696603 -0.18499122111918442
0.564904465977393 0.41552087774703583 0.9448152194336665 1.024966214447629 0.896923138821609 1.131420631973914 1.3353962291921095 1.4604615588733387 1.8100985618909022 1.7671693911868291 1.5532679741526638 1.5120758219163855 1.7182847285931744 2.4994467481100586 3.711389347640067 4.3071866820937 3.6714379228807847 2.7339442412623636 2.796476906102978 4.02777485427413 3.9908011754596386 1.9614673140844539 -0.0728294571987167 -0.2065798792189204 -0.3589412133940688 -1.6713827385607787 -1.938139146114988 -1.559220974640311 -1.3013978049204753 -1.5532654827507286 -1.3403566476981599 -1.294449731049296 -1.3120680612226436 -1.202635897751568 -0.9927048086437904 -0.8629247145499748 0.058191364372095045 -0.32072680710258217 -0.7534925510788995 -0.5572094642180812 -0.5619242286306672 -0.7368668028871483 -0.9018835573276593
0.4917015448346098 0.15968287199039422 0.6986548879975967 1.1331576504417087 1.0053627203110875 0.8247127996604231 0.8031241415606867 1.0103256302190728 1.2006532251903086 1.1577240544862355 0.8177647257892433 0.9135488870133597 1.4262174805082402 1.9009198132070328 3.129240015433392 3.428255337389506 2.7905214142133965 1.9192825798665782 2.195716661741359 3.5639909233729035 3.090281172655708 1.0562325468679368 -0.2651422161331469 -0.2026095512925319 -0.4916990534326753 -1.4058670584835655 -1.7172896552096426 -1.4996660557444876 -1.2408503040430547 -1.462444231434598 -1.2884942391597134 -1.1949433873941908 -1.2445724864740437 -1.1353884684983673 -1.0738483856393497 -1.0415894712374452 -0.3988926381533502 -0.4380996264264341 -0.9252092338951905 -0.9946899726069844 -0.9996528825149698 -0.8120548879931255 -0.7894736479117928
0.4507575380937312 0.06489129274787508 0.26911503546146953 0.7552320609486287 1.2396120679679927 1.039606798676186 0.5512564637304336 0.7728503911219766 0.9857592261745451 0.925211725297125 0.5482787177856423 0.375569452987754 1.0522622189415487 1.6304412232218346 2.443862157140624 2.7396515876565473 2.4331919008384557 1.6321782416896293 1.7239920749873572 2.4741359075793343 1.92226032581137 1.268893236425106 0.007321537815245804 -0.2777976363985091 -0.9976677185517757 -1.4741070697183634 -1.4252224071247082 -1.2544983062900144 -1.4800625616079457 -1.685030740807738 -1.3989189846123862 -1.3393640657165626 -1.417529896767331 -1.2398577220614577 -1.1703769833496636 -1.1793102211840372 -0.8180103798827081 -0.8892281370622968 -1.2319170662086811 -1.298420058975684 -0.8080845600667375 -0.37953728951220755 0.05124329050091525
0.47904612456924767 0.2182452089046203 0.2797852917636381 0.7671430447277934 1.333411065228915 1.3286963008163286 0.6118039646078541 0.6185038929836342 0.9145414689949565 0.9311672171867076 0.6753292114300655 0.2661372895166787 0.6185038929836342 1.6577372277157534 2.2113498279515125 2.078591987912906 1.7495510610134812 1.5609604845100402 1.347059067475875 1.5619530664916375 1.6264708952954465 1.3783253998961817 1.4800650530098802 1.1128097198189688 -0.12444372024176387 -1.2398577220614577 -1.1783176392024401 -1.3949486566859979 -1.6517792444242367 -2.19397715187163 -2.0239974875231335 -1.878336081723765 -1.466414559360986 -1.3629378877794929 -1.3959412386675951 -1.2867572206919187 -0.8646617330177699 -1.0170230671929184 -1.1636770549738835 -0.9790568063968306 -0.48599170703849204 0.21328229899663498 0.8147869798444525
0.302118386349572 0.27581496383725 0.5053495470815696 0.870619716309287 1.131420631973914 1.063925057225314 0.5160198033837378 0.6333926227075901 0.8443162937969646 0.8783122266666639 0.75820980689342 0.538601043465071 0.4760683786244564 1.3959437300695297 1.6175376574610731 1.425224898526643 1.2249714837394365 1.248545305802367 0.9731038059091834 1.1860126409617524 1.5200164777691616 1.769898991636221 2.192738915796568 2.6664486665137637 2.143109816716715 0.15670512604560294 -1.0239711410640977 -1.4205076427121222 -1.5845318151710361 -2.0599785843560268 -2.418548825207964 -2.499444256708124 -1.924242998372629 -1.8031479966177881 -1.8646880794768057 -1.5639357390528972 -0.9487830559581205 -1.033648815384669 -0.7591998974730823 -0.5708574664650405 -0.31204171476360765 0.2748223818556528 0.753495042480834
0.034617542309164584 0.17730120216374168 0.49269412681620706 0.8763270627034698 1.0688879671332994 0.870619716309287 0.3490178849800327 0.7994019591296979 0.8716122982908838 0.6517553893671355 0.5961707983977003 0.8599494600071185 0.5892227245265209 0.6517553893671355 0.9956850459905158 1.1683943107884045 1.0659102211885076 0.8090796334502692 0.6939401235850107 1.298422550377619 1.5346570619977187 1.535649643979316 1.6830480682464786 2.13119883293755 2.365696326089855 1.2249714837394365 -0.14801754230469388 -0.896920647419674 -1.0941963162620894 -1.2182690639617217 -1.6919788146789176 -2.4518003215914654 -2.321772082002251 -2.1334296509942092 -1.9038950677498894 -1.4996660557444876 -1.2934571490676987 -1.3629378877794929 -0.8716098068889493 -0.5299134597241619 -0.3619189593388601 -0.1969022048983491 -0.16935805490903055
-0.10111804367423272 0.3490178849800327 0.6157742925342422 0.8167721438076465 0.8979157208032058 0.6986548879975967 0.23387837511477416 0.7152806361893473 0.975088969872377 0.6078336366814656 0.26812245347987274 0.5395936254466678 0.9262043072787223 0.3959173836104939 0.406587639912662 0.5276826416675031 0.5462935538224483 0.45646488448791445 0.6773143753932596 1.3167853170371644 1.4125694782612803 1.1626869643942208 0.7132954722261533 0.6204890569468282 0.6314074587443956 0.8696271343276898 0.1919417863922983 -0.36564114176984885 -0.6343827132872524 -0.5006322912670487 -0.727189128566577 -1.229931902245487 -1.6041353093075779 -1.7651817358217006 -1.7798223200502572 -1.4088448044283568 -1.107844318509049 -1.0688854757313644 -0.7398445488319396 -0.601131216903751 -0.6390974776998384 -0.9731013145072485 -1.343334393642951
-0.11476604592119255 0.3549733768696153 0.7592023888750172 0.8745900442356751 0.6899697956586222 0.43884655431456654 0.15372738010081166 0.5552267916568216 1.1048690639661927 0.8257053816420199 0.33065511832048733 0.13337944947807223 0.8393533838889793 0.5180049673469318 0.1636531999167823 0.10881304543354497 0.010299283760036637 0.03064721438277651 0.29938878590018003 0.6763217934116628 1.1773275486227779 1.2455675598575753 0.7748355550851707 -0.06588138332753735 -0.42048129625308617 -0.011289374339699343 0.4095653858574533 -0.0648888013459401 -0.6304123853608639 -0.8070919780851402 -0.6996449785772589 -0.5209802218897885 -1.0200008131377092 -1.4986734737628906 -1.5453248268979523 -1.1420883968741475 -0.8735949708521433 -1.10412213607806 -1.150029052726924 -0.9731013145072485 -0.9564755663154978 -1.2877498026735157 -1.703641652962683
-0.17432096481701587 0.03759528825395586 0.5542342096752244 0.9388597275440849 0.8207424717340346 0.3969099655920907 0.13809421389065824 0.517012385365335 1.1780719851089754 0.9085859771053744 0.02394728600699647 -0.3256897170105675 0.20360462467606366 0.35001046696162996 0.21228971701503818 0.03064721438277651 -0.11178829997640127 -0.1353621220393313 0.0013660459256632507 -0.14305463239670857 0.35001046696162996 0.5658970479589902 0.545300971840851 -0.18499122111918442 -0.7904662298933895 -0.3549708854676803 0.08647995084761106 -0.0775442216113027 -0.6224717295080877 -0.9820345523416218 -0.9731013145072485 -0.8629247145499748 -1.1254626486823966 -1.5396174805037692 -1.4458184832428471 -1.084518641941518 -0.9820345523416218 -1.4371333909038728 -1.5775837412998566 -1.6021501453443838 -1.6088500737201639 -1.6500422259564418 -1.7954554862604108
-0.27308287198592307 -0.24653130397820178 0.2405783034905542 0.9574706396990291 0.9281894712419159 0.4361169538651746 0.08250962292122299 0.25050412330652483 0.7934464672401154 0.7093251442997648 -0.011289374339699343 -0.5894683786199852 -0.40187038409814146 -0.28871603819607694 0.0013660459256632507 0.11774628326791836 -0.06985171125392542 -0.07481462116191073 -0.1078179720500132 -0.536613388099942 -0.7418297127951337 -0.41055547643711554 0.10211311705776449 -0.323704553047373 -0.7132929808242183 -0.46440304893875606 -0.044540870723200676 -0.2837531282880916 -0.8227251442952941 -1.1713695653312606 -1.2408503040430547 -1.2152913180169305 -1.4282001530694994 -1.679323394413555 -1.677338230450361 -1.4468110652244441 -1.4078522224467598 -1.701656488999489 -1.8775916452375674 -1.8813138276685564 -1.7808149020318542 -1.7416079137587706 -1.6909862326973204
-0.34827095709190026 -0.3363599733127356 0.020969540062205194 0.6078336366814656 0.7778133010299619 0.6234668028916195 0.10310569903936173 -0.13809172248872326 0.2797852917636381 0.137101631909061 -0.12444372024176387 -0.5006322912670487 -0.6500158794974058 -0.6353752952688492 -0.44876988272860263 -0.26315705216995244 -0.21352795309009975 -0.17233580085382183 -0.27010512604113224 -0.345293211147109 -1.0874963878863093 -1.22893932026389 -1.0884889698679063 -1.0013899009827645 -0.7574628790052875 -0.6587009718363803 -0.3619189593388601 -0.41750355030829533 -0.8716098068889493 -1.2006507337883738 -1.2934571490676987 -1.342341811661354 -1.4760922336815574 -1.7143119092648513 -1.7828000659950483 -1.701656488999489 -1.677338230450361 -1.7555040615011293 -1.6959491426053057 -1.702649070981086 -1.5902391615652192 -1.6108352376833581 -1.5396174805037692
-0.3941778737407642 -0.2438017035288098 -0.14801754230469388 0.41651345972863263 0.9105711410685684 0.7994019591296979 0.11476853732312708 -0.39591489220855935 -0.0728294571987167 -0.007319046413310826 -0.2299055557864511 -0.5006322912670487 -0.655723225891589 -0.7046078884852442 -0.7105633803748264 -0.5425688799895245 -0.4291663885920607 -0.3941778737407642 -0.22221304542907383 -0.09814029772944188 -0.6127940551875164 -1.4790699796263487 -1.4614516494530008 -1.5296916606877986 -1.2602056526841974 -1.1147923923802283 -0.8941910469702821 -0.6127940551875164 -0.6460455515710177 -0.9917122266621932 -1.128440394627188 -1.1976729878435828 -1.1793102211840372 -1.322738317524812 -1.5053734021386707 -1.7113341633200603 -1.677338230450361 -1.466414559360986 -1.3257160634696032 -1.4262149891063054 -1.4048744765019685 -1.515051076459242 -1.7701446457296859
-0.3286674629553583 -0.1529804522126792 -0.12072153781077466 0.049258126537721214 0.614781710552645 0.9790592977987651 0.4095653858574533 -0.41452580436350406 -0.2651422161331469 -0.08548487746407929 -0.11278088195799851 -0.3852446359063908 -0.6616787177811716 -0.7495222231525109 -0.7152781447874124 -0.6703638101201457 -0.6001386349221538 -0.5132877115324113 -0.28946047468227487 0.06687645671106912 -0.030892868476241286 -0.9068464672356447 -1.8217589087727328 -1.919528233960043 -1.851040077229846 -1.6031427273259808 -1.391226474255009 -0.9976677185517757 -0.7465444772077197 -0.7152781447874124 -0.8353805645606567 -0.8120548879931255 -0.7075856344300355 -0.7601924794546795 -1.1666548009186746 -1.4125669868593458 -1.368645234173676 -1.0961814802252836 -1.1812953851472312 -1.4683997233241803 -1.5679060669792853 -1.7416079137587706 -2.028960397431119
-0.20360213327412913 -0.04652603468639471 0.019976958080607954 0.01699921213581712 0.33065511832048733 0.7611875528382113 0.6956771420528054 -0.12940663014974918 -0.26216447018835565 -0.23983137560242174 -0.12345113826016663 -0.15000270626788792 -0.3988926381533502 -0.6646564637259624 -0.5904609606015825 -0.6031163808669451 -0.5785499768224178 -0.5053470556796347 -0.45075504669179667 -0.24181653956561577 0.31402937012873666 0.17233829225575636 -1.059207801410793 -1.8813138276685564 -2.100178154610708 -1.9664277325905042 -1.5981798174179955 -1.3629378877794929 -1.2202542279249158 -1.057222637447599 -0.8931984649886853 -0.7621776434178735 -0.7358742209055515 -0.6676342096707537 -0.944812728031732 -1.298420058975684 -1.4028893125387745 -1.535647152577381 -1.775851992123869 -1.936153982151794 -1.9019099037866953 -2.0279678154495215 -2.114818738839264
-0.016252284247684656 0.2172526269230235 0.3343773007514761 0.12246104768050436 0.1420645418170463 0.34132537462265544 0.4038580394632705 0.22420070079420285 0.25521888771911083 -0.12444372024176387 -0.13734728600252533 -0.10707353556381527 -0.3140268787268017 -0.5914535425831797 -0.488721307487884 -0.562916810612264 -0.5199876399081913 -0.5189950579265945 -0.6108088912243224 -0.6314049673424611 -0.19293187697196057 0.14107195983544907 -0.39591489220855935 -1.3140532251858377 -2.0532786559802467 -2.209610318081783 -1.7182822371912396 -1.4721219057551693 -1.44482590126125 -1.3013978049204753 -1.1480438887637299 -1.176332475239246 -1.4068596404651628 -1.229931902245487 -1.6001649813811898 -2.1381444154067952 -2.6255021683709505 -2.972161425443723 -3.1275005055636624 -3.036679254247532 -2.729971421934041 -2.63915017061791 -2.494729492295538
