static/data/ASCData/20210127/ASCU/06.asc
ncols 97
nrows 97
xllcorner 99.0
yllcorner 2.0
cellsize 0.25
NODATA_value -32767
[rows 0 to 18 of 97, columns 43 to 85 of 97]
0.614977865146499 0.2907182542920439 -0.08910429515346463 -0.4464167310159306 -0.8088580535175711 -0.7669721459643155 -0.3976923079437764 -0.2931200081339478 -0.20621387341460773 -0.11161440873650674 -0.09195367661967246 -0.2278691725577877 0.27903579028059156 0.8688577537856195 1.2723301694006532 1.6304974197029818 1.9322469169743943 1.4019770261131113 -0.979820941490043 -1.6545544726880652 -0.8478945796046189 0.2625093777765861 0.6805136388692796 0.7984780315702853 0.8036069182094594 0.8141496296344286 1.0953835803491447 1.6638351828576141 2.189261125226344 1.8875116279549315 1.6569966673387153 1.5592628830477855 1.5270648724796363 1.3826012321428975 0.968586105102895 0.390446605609319 -0.21989090445240533 -0.9211236832861609 -1.7229396278770541 -2.7951618736110735 -3.9671124706623684 -4.199337060158309 -4.3646011851983655
0.8580301042140297 0.4938791528326645 -0.2979639566265009 -1.201502819561015 -1.5382997088667845 -1.3379881917923715 -0.36349973034928196 -0.06175023307786898 -0.2190360900125432 -0.4290355040720626 -0.531613236855546 -0.5695100103561106 0.03968774711913081 0.7175555979299819 1.2039450142116643 1.6002939761611783 1.8191264727659426 1.3230491594991531 -0.2697550801110431 -0.7872027543743914 -0.28143754412249544 0.48134187438135 0.6950454843469398 0.7936340830777318 0.8631589908532038 1.2067943956778722 1.5447310375701253 1.9607407316364736 2.326031435604322 1.9539022161175748 1.3424249534693669 1.2771741178932068 1.442153304786642 1.446142438839333 1.1432531889814368 0.5924677515634569 -0.170026728793768 -1.2824252532013183 -2.1574703014737535 -2.9991775865915566 -3.885050284435582 -4.026664543306112 -4.646689950352944
0.8189935781269821 0.5018574209380464 -0.41051452454171145 -1.3077847482505682 -1.492424667260838 -1.2317062631028182 -0.42704093704571733 -0.06459961454407681 -0.18769289388425658 -0.4045308234626752 -0.4620883290800739 -0.3538118333641753 0.25282148079147904 0.7557373095771673 1.0603361883147882 1.3766175310638609 1.3025336129424567 0.7457644744454397 -0.1506509348235543 -0.23071855402399555 0.16876472753834726 0.5767961534993136 0.8024671656229763 0.830960980285055 1.1706072510570324 1.6940386263994176 1.9715683812080629 2.2029381562641417 2.1470902795264672 1.8151373387132512 1.1862788491211758 1.1609193540719258 1.253809189870302 1.0933890133227995 0.7115718968509452 0.2243276661294007 -1.0140135190845374 -2.36262576704072 -3.6633684063646097 -4.456351268410259 -4.028659110332458 -3.4268697446693572 -3.9856334501927195
0.4343270801889201 0.42834337910988385 -0.35466664780403745 -0.775520290362939 -0.9424940442827199 -0.9034575181956723 -0.727650681730647 -0.432739699978133 -0.2757387811900798 -0.3948429264775686 -0.1019265117514001 0.04852082966437532 0.6326440302369876 0.5594149265554456 0.7312326289677795 0.6500252571808556 0.740065711513024 0.4950189054191476 0.07701464432645411 -0.0420895009610347 0.261369625190103 0.6773793192564512 0.9910962186859371 1.0438097758107823 1.3375810049768133 1.6356263063421563 1.9148656900305268 1.9265481540419787 1.8991940919663834 1.6795067809217574 1.1765909521360691 1.1033618484545267 0.7967684026905606 0.5426035759048191 0.11006746933446543 -0.4914369581820148 -2.2013507760533546 -4.1224037605706965 -5.201464521823615 -4.421018938229281 -3.4542238067449524 -2.615365903093357 -3.472744786275304
-0.23641731695641122 -0.16917191435390544 0.05849366479610296 -0.3224686372358887 -0.7464565994076189 -0.7618432593251414 -0.6125356704958493 -0.6262127015336469 -0.4749105456780094 -0.2874212452015321 0.012333685043535603 0.20666150103891168 0.8229827121796731 0.7340820104339874 0.11890055187970949 0.018317386122571833 0.4519932452794091 0.46082632782465316 0.3043952853298415 0.1696195419782094 0.45484262674561693 0.692196102880732 1.0104720126561504 1.2244605607683612 1.3922891291280042 1.6034282957740071 1.5535641201153698 1.563252017100476 1.5652465841268217 1.3592363041199929 0.9070394654328049 0.8942172488348694 0.6024405866951841 0.04168231414547652 -0.5675154433297649 -1.9055849798609783 -3.716936777929318 -5.45334984343639 -5.118262583010345 -4.2785498649188884 -2.8176719871941156 -2.096778476243526 -3.0655681747542
-0.49542609223470624 -0.5686551959162482 -0.342129369352723 -0.5364571853480993 -1.0217068490432986 -0.9709878589447987 -0.5452902678933436 -0.5373119997879616 -0.26690569864483527 -0.079416398168358 -0.08910429515346463 -0.02157395440433829 0.498723101325218 0.5807852875520045 -0.035250985442135896 -0.08995910959332676 0.31408318231494814 0.5300662974535046 0.852331341281614 0.6998894328394933 0.425493997643676 0.662847473778791 0.9332537749219174 1.2546640043101642 1.3834560465827601 1.3455592730821953 1.2956950974235575 1.162913921098271 1.154080838553027 0.8631589908532038 0.429483131696367 0.4234994306173303 0.08955192277776858 -0.4729159786516637 -2.3879852620899698 -4.2657276483209525 -5.556782390659736 -5.6320060613676235 -5.2972037390882 -3.9172482950037306 -2.54014223238547 -2.0734135482206213 -2.9319321839890513
0.03683836565292298 -0.13497933675941098 -0.7464565994076189 -0.9533216938543099 -1.3391279443788546 -1.216034665038675 -0.7287904343171301 -0.43672883403082396 -0.1526455018499 0.10921265489460286 -0.02556308845702926 -0.3352908538338242 -0.2552232346333829 -0.038385305054964736 0.14426004692895944 0.14625461395530515 0.4149512862187068 0.6531595767936844 1.1267267764774314 0.9774191876481391 0.6560089582598922 0.5582751739689624 0.765425206562274 1.0953835803491447 1.2361430247798135 1.1717470036435156 1.0760077863789315 0.9284098264293639 0.6756696903767265 0.24284864565975184 -0.12044749128175125 -0.3606503488830741 -0.7296452487569924 -2.4857190463808996 -4.729606951019592 -6.461176068034112 -6.490524697136053 -6.066536734964323 -4.923079952575106 -3.5089319308961437 -2.5734799955401018 -2.191662879068248 -2.8361929667244667
0.9919510331257992 0.46082632782465316 -0.38800441095866933 -1.1436603757969952 -1.408367914007706 -1.209196149519776 -0.939644662816512 -0.6780714442186302 -0.43672883403082396 -0.13212995529320315 -0.0030529748739871465 -0.41621328747412756 -0.6125356704958493 -0.454394999121313 -0.17116648138025115 0.1414106654627516 0.44031078126795675 0.6978948658131476 0.7594415054832377 0.5426035759048191 0.4234994306173303 0.35141007952227143 0.5223729674947433 0.7340820104339874 0.8973515684476983 1.0269984251601563 0.9529145070387517 0.6725353707638977 0.3112338008487403 -0.4640828961064196 -0.6202290004546105 -1.1379616128645795 -2.994333638099003 -5.0461732319152866 -6.218123828966581 -6.993440525921741 -6.42413410897341 -5.819495361844101 -4.766933848226916 -3.6975609839591046 -2.731620666914638 -2.020699991095776 -2.0130066611370148
1.1971064986927655 0.4898900187799735 -0.4974206592610515 -1.3049353667843604 -1.54029427589313 -1.4505387597075823 -1.1898203555495626 -1.0909468186721498 -0.9661439104522453 -0.7726709088967312 -0.5148018862049195 -0.575493711435147 -0.5333228657352707 -0.43872340105716967 -0.20051511048219206 0.10522352084191189 0.3776243890113835 0.5388993799987487 0.16677016051200155 0.0054951695246368 0.1257390673986083 0.37392019310531355 0.4733636062759681 0.28786887282583606 0.49302433839280235 0.7047333813320464 0.5876238030709033 0.2380046971671983 -0.36349973034928196 -1.1419507469172705 -1.6046902970294277 -3.3234371974460117 -5.481558719951849 -6.7005241111955725 -6.971785226778562 -6.5070511096400585 -6.091041415573711 -5.7063749176356495 -5.14875096469877 -4.252050617283155 -3.0208328857347366 -1.7796423190545907 -0.9883690858886667
0.029999850134024175 -0.7219519187982313 -1.3311496762734727 -1.6574038541542733 -1.8332106906192984 -1.9386378048689896 -1.6223564621199165 -1.2502272426331693 -1.0430772100398575 -1.0373784471074419 -1.1222900148004362 -1.081258921687043 -0.8040141050250178 -0.548994463799414 -0.22302522406523417 0.14226547990261418 0.38759722414311115 0.20666150103891168 -0.33899504973989414 -0.20820844044095344 0.23401556311450733 0.5377596274122656 0.41381153363222367 0.028005283107678913 -0.0557665319988323 -0.17601042987280424 -0.37233281289452647 -0.8040141050250178 -1.6115288125483267 -2.7014172233728346 -4.086216615949857 -6.044311559527902 -7.197456238902224 -7.157564898375314 -6.440660521477415 -6.136916457179657 -5.957120486661941 -5.4425221938648 -4.8820488594617135 -4.136080791608495 -3.0276714012536354 -1.7012843287338744 -0.1458069863310012
-1.201502819561015 -1.5821801834463856 -1.9454763203878884 -2.104756744348908 -2.2512149517119924 -2.316750725434773 -2.151486600394717 -1.704418648346703 -1.3379881917923715 -1.2168894794785374 -1.2003630669745318 -1.1721541904590738 -1.0020461169264643 -0.7054255062942256 -0.42989031851192516 -0.22872398699764984 -0.08995910959332676 -0.12130230572161338 -0.4347342670044787 -0.15549488331610783 0.29869652239742583 0.502712235377909 0.22546741871588383 -0.2765935956299419 -0.8196857030891611 -1.131977911785543 -1.532316007787748 -2.665230078751995 -4.266867400907436 -6.065681920524461 -6.923060803706407 -7.643669376510376 -7.273534724049974 -6.714201142233371 -6.189630014304503 -5.928911610146483 -5.650527040897975 -5.1701213256953285 -4.596825774694306 -3.7024049324516577 -2.4053664890338378 -1.0217068490432986 0.6431867416619568
-1.1818420874441806 -1.4542429556136525 -1.6497105241955121 -1.7981632985849418 -1.799018113024804 -2.0130066611370148 -2.2628974157234443 -2.2452312506329557 -1.915272876846085 -1.6066848640557732 -1.430878027590748 -1.3419773258450627 -1.2220183661177115 -0.9621547763995542 -0.8060086720513633 -0.6378951655450993 -0.4133639060079197 -0.3147753072771273 -0.43387945256461613 -0.05206233609276234 0.2556708622576873 0.05250996371706629 -0.35466664780403745 -0.7296452487569924 -1.4445550586285458 -2.035516774720057 -3.2863952383853094 -4.751262250162773 -6.583129594787809 -7.626288149566508 -7.832298429573337 -7.537387447820823 -7.171241929413112 -6.707362626714472 -6.310728726618337 -5.763932423253047 -5.315724718618551 -4.762944714174225 -4.056013172408054 -3.135947896969534 -1.839194391698335 -0.17116648138025115 1.4549755213845774
-0.5843267939803913 -0.5521287834122426 -0.6945978567226359 -0.702291186681397 -0.7726709088967312 -1.4582320896663434 -2.2335487866215034 -2.3252988698333965 -2.2512149517119924 -1.9563039699594782 -1.6975801328278042 -1.5226281108026414 -1.4642157907453799 -1.4727639351440036 -1.292113150186425 -0.9963473539940486 -0.7014363722415347 -0.706280320734088 -0.9476229309218942 -0.5578275463446583 -0.6584107121017959 -0.9533216938543099 -1.598991534097012 -2.0452046717051635 -3.0940619894162786 -4.347789834547739 -5.626307298435208 -6.8401438030397586 -8.037453895140303 -7.946558626368272 -7.931741842743991 -7.635121232111753 -7.153575764322623 -6.685707327571292 -6.249182086948247 -5.657365556416874 -5.068683345498329 -4.2315350707264585 -3.4787284873543403 -2.435854870722262 -1.1448001283834783 1.1258719620375688 2.054485381874712
-0.18769289388425658 -0.31278074025078206 0.0223065201752628 0.06419242772851863 -0.0372455524684816 -0.76497757893797 -1.5890186989652846 -2.032382455107228 -2.0226945581221214 -1.9776743309560372 -1.8702526496800007 -1.64173225609013 -1.631189544665161 -1.7209450608507086 -1.7092625968392565 -1.645721390142821 -1.3499555939504446 -1.536305141840439 -1.9796688979823827 -1.9756797639296917 -2.1973616420006636 -3.106599267867593 -3.983638883166374 -4.725902755113522 -5.970797517699738 -7.108555537156539 -8.123220277273159 -8.426964341570919 -8.261985154677483 -8.09387164817122 -7.956246523353379 -7.5724348398551795 -7.0373210005013425 -6.6369829044991375 -6.232655674444242 -5.586131019761677 -4.758100765681672 -3.8243584592053543 -2.8567085132811636 -1.7229396278770541 -0.2842869255887033 2.2291524657532538 2.692176954012032
-0.2785881626562876 -0.33044690534127064 -0.06659418157042252 -0.0372455524684816 0.0223065201752628 -0.2825772967089786 -1.0578939936641385 -1.6730754522184164 -1.7765079994417619 -1.8802254848117284 -1.959153351425686 -1.7785025664681076 -1.9397775574554728 -2.0987730432698717 -2.3968183446352143 -2.5139279228963574 -2.3868455095034866 -2.9102768848458713 -3.581306220137823 -4.379133030676026 -4.719064239594624 -5.675886535947225 -6.618461924968786 -7.410305034427952 -8.043152658072719 -8.772594313421932 -8.529542074354401 -8.504182579305152 -8.195594566514838 -8.09786078222391 -7.782434253914699 -7.431960333571132 -6.9769141134177355 -6.491379511575916 -6.022656260384721 -5.370432842769741 -4.378278216236163 -3.4046445692329357 -2.3264386224198796 -1.1681650564063828 0.2975567698109427 2.8309418314163555 3.3258793920966614
-0.6145302375221948 -0.717107970305678 -0.586036422860116 -0.6926032896962901 -0.4552498135611751 -0.7151134032793325 -1.2003630669745318 -1.831216123592953 -1.875096598172554 -2.0187054240694304 -2.2298445907154334 -2.3204549213408434 -2.5042400259112507 -3.1556086290863683 -3.506937363869798 -3.785321933118307 -4.017831460760869 -4.7179244870081405 -5.751110206655112 -6.550076769779798 -6.667186348040941 -7.549924726272137 -8.17792840142435 -8.458307537699206 -8.855796252235201 -8.725864457376122 -8.432948042649954 -8.2540068865721 -8.010099833064707 -7.8488248420773425 -7.518866468290471 -7.202300187394778 -6.758936431252834 -6.273686767557635 -5.605791751878511 -4.975793509699953 -4.016691708174385 -3.2063276191848686 -2.122422909439397 -1.256210943712206 0.20865606806525738 1.7555852660695068 1.890361009421139
-1.114596684841675 -1.1624662934739671 -1.2502272426331693 -1.5177841623100878 -1.506956512738498 -1.8674032682137929 -2.2520697661518545 -2.496261757805869 -2.4805901597417255 -2.742448316486228 -3.1476303609809864 -3.3966663011275537 -3.7756340361331997 -4.504220877042551 -5.015969788373483 -5.230813150925556 -5.96025480627477 -6.838149236013413 -7.669313809706247 -7.7969660993923595 -7.813777450042986 -8.030615379621404 -8.236625659628233 -8.339203392411715 -8.335214258359024 -8.225798010056643 -8.074495854201004 -7.926897894251438 -7.766762655850556 -7.531403746741786 -7.266696208531076 -6.872341813607907 -6.392790912845124 -5.861666207543978 -5.215141552861413 -4.577449980724093 -3.8770720163301995 -3.1399370310222254 -2.691729326387728 -1.9007410313684248 -1.9836580320350738 -1.9776743309560372 -3.011999803189492
-1.2032124484407396 -1.9084343613271861 -2.1349601878907114 -2.3694642825596186 -2.723927336955877 -3.1077390204540762 -3.5206143949075956 -3.7414414585387057 -3.8537070883072952 -4.410476226804312 -4.897720457525857 -5.227678831312728 -5.333105945562419 -5.268709924426121 -5.426850595800657 -6.013823177839477 -7.277523858102666 -7.85167422354355 -7.959095904819587 -7.935730976796682 -7.940574925289235 -8.034319575527475 -8.020642544489677 -8.01779316302347 -7.952257389300688 -7.88415717225832 -7.773601171369455 -7.607767170036157 -7.524565231222887 -7.221960919511612 -6.9640918968198005 -6.583129594787809 -6.1280833746344126 -5.599808050799474 -5.039334716396388 -4.418169556763074 -4.039201821757427 -3.9007218824997247 -3.8243584592053543 -4.182810647654303 -4.915386622616346 -6.289358365621778 -7.42398206546575
-0.7843533729081835 -2.385990695063624 -3.2473587122982615 -3.714942210902972 -4.456351268410259 -5.240501047910663 -5.844854856893351 -6.016957497452307 -5.824339310336654 -6.136916457179657 -6.151733240803939 -6.073375250483222 -5.854827692025079 -5.715208000180893 -5.924922476093792 -6.606779460957334 -7.569585458388971 -7.71404909872571 -7.789272769433598 -7.875324089713075 -7.940574925289235 -7.955391708913516 -7.885866801138045 -7.864496440141486 -7.806938934524086 -7.752230810372896 -7.633126665085407 -7.429965766544786 -7.306017672764744 -7.0715135780958365 -6.803101843979056 -6.418150407894373 -5.971937270286222 -5.568464854671188 -5.290365223569301 -5.043323850449079 -5.077516428043573 -5.27184424403895 -5.7570939077341485 -6.538394305768345 -7.459314395646727 -8.321537227321226 -8.59108871402449
