static/data/ASCData/20210127/ASCU/09.asc
ncols 97
nrows 97
xllcorner 99.0
yllcorner 2.0
cellsize 0.25
NODATA_value -32767
[rows 57 to 75 of 97, columns 43 to 85 of 97]
-1.595700160930222 -2.639675306920601 -3.509700907691396 -3.600565925721434 -3.739225387485927 -3.939295151955736 -4.186603610814251 -4.355551411922089 -4.40723610107679 -4.306645469496136 -4.279135876881536 -4.334988686129359 -4.385839751265435 -4.324151573887244 -4.209945083335728 -4.053779517180127 -3.842872640468203 -3.6211286515141645 -3.372152944618402 -3.2529447099551407 -3.3360292371446865 -3.55277148198698 -3.994036462512059 -4.228562686418335 -4.186603610814251 -4.143533036518666 -4.044887527648135 -3.9715286140092054 -3.7881313299118804 -3.782295961781511 -3.875106102521672 -4.018489433725035 -3.63085426506478 -3.2284917387421643 -2.6641282781335778 -1.9052525465126766 -1.1913925118974829 -0.521436675596497 -0.06822308413780442 0.09266635145666724 0.5450463188967354 0.05848776669307476 -0.4480777619575669
-1.7235225104526002 -2.849470684941026 -3.782295961781511 -3.870104358409927 -3.9959815852221823 -4.145478159228789 -4.181601866702505 -4.341657678278352 -4.293863234543898 -4.204943339223982 -4.199107971093613 -4.243012169407821 -4.27052176202242 -4.271355386041044 -4.164929386330021 -3.968749867280458 -3.752841246456789 -3.46885333077881 -3.236272229582657 -3.097612767818164 -3.209874135659557 -3.623907398242912 -3.856488499439065 -4.0760094910101055 -4.185492112122751 -4.145478159228789 -4.114356195866819 -4.064338754749366 -3.9637481231687124 -3.9637481231687124 -3.928735914386496 -3.643636500017018 -3.324080626211073 -2.8583626744730175 -2.294832837883055 -1.9060861705313008 -1.3475580780530838 -1.2714204176854065 -1.251969190584175 -1.1855571437671133 -1.2967070129170073 -1.7988265468016533 -2.824184089709425
-2.0419668855670463 -3.165969937345349 -4.05572463989025 -4.151313527359159 -4.241067046697698 -4.254960780341435 -4.2852491196847815 -4.049889271759881 -3.995147961203558 -3.994036462512059 -4.026269924565528 -4.045999026339635 -4.053779517180127 -4.116301318576943 -4.062393632039243 -3.866214112989681 -3.6055676698331793 -3.3221355035009497 -3.09677914379954 -2.964788674184041 -3.142628464823871 -3.6864291996397274 -3.812584301124857 -3.821198415983974 -3.9334597838253664 -4.073230744281358 -4.046832650358258 -4.062393632039243 -4.039052159517766 -3.953188885599473 -3.856488499439065 -3.5069221609626484 -3.1737504281858415 -2.710811223176533 -2.4062605817058236 -2.028351026596184 -2.055582744537908 -2.2450932714384777 -2.7247049568202697 -2.4990707224459854 -2.857529050454393 -3.42661638050185 -4.439469563130259
-2.65134604318134 -3.436619868725341 -4.136586169696798 -4.264686393892051 -4.254960780341435 -4.257739527070182 -4.072119245589859 -3.836759397664959 -3.786186207201757 -3.7986905674811204 -3.865102614298182 -3.850653131308696 -3.822309914675473 -3.922900546256127 -3.8623238675694345 -3.681705330200857 -3.4199473883528566 -3.210985634351056 -2.9764594104447797 -2.9756257864261553 -3.2187661251915483 -3.695321189171719 -3.6475267454372644 -3.625852520953035 -3.850653131308696 -3.991257715783312 -3.9609693764399654 -3.9501322641978507 -4.100462462223082 -3.957079131019719 -3.8495416326171967 -3.498863795449281 -3.138738219403625 -2.6983068628971703 -2.393478346753586 -2.509629960015225 -2.5721517614120404 -3.195146777997196 -3.7128272935628273 -3.326025748921196 -4.237176801277451 -4.710953118528875 -4.780143912074684
-3.213764381079803 -3.7050468027223347 -4.064338754749366 -4.246068790809444 -4.194384101654743 -3.9959815852221823 -3.8036923115928656 -3.792855199350751 -3.8086940557046107 -3.7850747085102583 -3.8184196692552264 -3.685595575621103 -3.615293283383795 -3.6778150847806104 -3.5908403121708186 -3.4188358896613575 -3.3037957750912175 -3.1103950027704017 -3.0439829559533402 -3.1298462298716334 -3.3885475503180116 -3.659197481698003 -3.5469361138566105 -3.5469361138566105 -3.8270337841143434 -4.099628838204458 -4.089903224653842 -3.9131749327055108 -4.126860556146182 -4.057669762600373 -3.8728831051386745 -3.494973550029035 -3.0575988149242024 -2.6424540536493484 -2.5596474011326773 -2.7138678445781554 -2.9589533060536715 -3.7597881132786575 -3.753952745148288 -3.396328041158504 -4.694280638156391 -5.241137994373869 -5.100533409899253
-3.699211434591965 -3.910118311303889 -4.172709877170513 -4.291084487815151 -4.089903224653842 -3.8153630478536043 -3.5888951894606955 -3.6494718681473874 -3.784241084491634 -3.769513726829273 -3.650305492166012 -3.3760431900386485 -3.410221774802241 -3.340753106583557 -3.255723456683888 -3.181530919026334 -3.1367930966935016 -3.167915060055472 -3.21181925836968 -3.31157626593171 -3.4607949652654426 -3.659197481698003 -3.6455816227271414 -3.6739248393603643 -3.9031714444820205 -4.149368404649035 -4.195217725673367 -4.075175866991481 -4.052668018488628 -4.058503386618997 -3.812584301124857 -3.3779883127487715 -3.0059141257695017 -2.78222501410534 -2.7655525337328557 -2.8036213639166947 -3.012583117918495 -3.1454072115526186 -2.8925412592366095 -2.9842399012852723 -4.553676053681775 -5.127765127840977 -4.756802439553206
-4.069340498861112 -4.329153317998989 -4.5283894584501745 -4.439469563130259 -4.112411073156696 -3.826200160095719 -3.6464152467457653 -3.5752793304898334 -3.498863795449281 -3.383823680879141 -3.4063315293819945 -3.2743410597664955 -3.5399892470347423 -3.3076860205114635 -2.996188512218886 -2.9678452955856627 -3.138738219403625 -3.2762861824766185 -3.357425586956041 -3.498863795449281 -3.6844840769296043 -3.6758699620704873 -3.6464152467457653 -3.7636783586989035 -4.000983329333927 -4.141587913808543 -4.149368404649035 -4.124915433436059 -4.006818697464297 -3.9012263217718974 -3.5008089181594046 -3.196258276688695 -2.8233504656908006 -2.6983068628971703 -2.6963617401870468 -2.4715611298313864 -2.091706452011624 -2.137555773035955 -2.704975855046164 -3.970694989990581 -4.870175306086098 -4.568403411344136 -4.150479903340535
-4.174654999880636 -4.523387714338429 -4.736239713760476 -4.426687328178021 -4.025436300546904 -3.7656234814090266 -3.6211286515141645 -3.541100745726241 -3.459961341246818 -3.4619064639569417 -3.7081034241239568 -3.6464152467457653 -3.516647774513264 -3.1787521722975867 -2.852527306342648 -2.8653095412948857 -3.18542116444658 -3.46885333077881 -3.549714860585358 -3.5916739361894425 -3.830090405515965 -3.752007622438165 -3.643636500017018 -3.6378011318866488 -3.8173081705637273 -3.9784754808310736 -4.035995538116143 -4.003762076062674 -3.780350839071388 -3.6405798786153962 -3.257668579394011 -2.953117937923302 -2.626893071968363 -2.6241143252396157 -2.222585422935624 -1.5312332368232835 -1.8983056796908084 -3.8075825570131117 -4.6348154581611976 -4.588966137136866 -4.519497468918182 -3.856488499439065 -3.4941399260104107
-4.230507809128458 -4.819324240950022 -4.901297269448069 -4.384728252573936 -3.9579127550383433 -3.752841246456789 -3.596675680301188 -3.5205380199335106 -3.5135911531116424 -3.5135911531116424 -3.598620803011311 -3.600565925721434 -3.3143550126604575 -3.04981832408371 -2.8233504656908006 -2.8758687788641257 -3.15429920108461 -3.4746886989091794 -3.6600311057166275 -3.742282008887549 -3.894557329622904 -3.7372802647758037 -3.5322087561942492 -3.4638515866670647 -3.5360990016144958 -3.7186626616931964 -3.882886593362165 -3.8475965099070737 -3.5652758422663426 -3.4218925110629796 -2.992020392125765 -2.611332090287378 -2.3309565453567704 -1.9980626872528382 -1.4656548140248462 -1.29392826618826 -2.3623563833916155 -4.574238779474506 -4.952981958602769 -4.371112393603074 -4.041830906246513 -3.5702775863780882 -3.1298462298716334
-4.473648147893851 -4.936587352903159 -4.7354060897418515 -4.356385035940713 -3.9873674703630653 -3.853431878037443 -3.739225387485927 -3.7481173770179184 -3.7489510010365428 -3.7081034241239568 -3.670868217958742 -3.6719797166502413 -3.470798453488933 -3.2615588248142577 -3.020363608758988 -3.038981211841595 -3.0467617026820877 -3.2596137021041347 -3.467741832087311 -3.593619058899566 -3.596675680301188 -3.439398615454088 -3.2635039475243808 -3.273507435747871 -3.3593707096661642 -3.483302813768296 -3.5897288134793195 -3.480524067039549 -3.2890684174288563 -3.074271295296686 -2.810568230738563 -2.6024401007553863 -1.9608274810876236 -1.235296710211691 -1.0996938698488203 -1.6387707352258059 -3.7089370481425807 -4.728459222919983 -4.392508743414428 -4.126860556146182 -3.8487080085985723 -3.5291521347926276 -3.053708569503956
-4.638705703581444 -4.907132637578438 -4.608417364238098 -4.32331794986862 -4.091848347363966 -3.966804744570335 -4.048777773068382 -4.062393632039243 -4.082956357831974 -4.068229000169613 -3.9481871414877276 -3.8992811990617744 -3.784241084491634 -3.710882170852704 -3.467741832087311 -3.2773976811681176 -3.271562313037748 -3.152354078374487 -3.3201903807908266 -3.4452339835844574 -3.3904926730281346 -3.2976825322879733 -3.137626720712126 -3.0731597966051876 -2.949227692503056 -3.0634341830545715 -3.069269551184941 -2.9745142877346566 -2.9678452955856627 -2.8778139015742488 -2.8008426171879472 -2.294832837883055 -1.6924005470906298 -1.3711774252474362 -1.3281068509518523 -3.5322087561942492 -5.29282268352857 -4.443359808550505 -4.028215047275651 -3.938461527937112 -3.8992811990617744 -3.6316878890834046 -3.2471093418247716
-4.603415620126352 -4.768473175813945 -4.596746627977359 -4.38083800715369 -4.204943339223982 -4.120191563997189 -4.201053093803736 -4.266631516602174 -4.287194242394904 -4.318316205756874 -4.19716284838349 -4.13964279109842 -4.067395376150989 -3.9815321022326957 -3.7489510010365428 -3.553605106005604 -3.378821936767396 -3.26461544621588 -3.315466511351956 -3.4218925110629796 -3.336862861163311 -3.2373837282741555 -3.042871457261841 -2.7372093170996328 -2.606330346175633 -2.5135202054354715 -2.5215785709488387 -2.666073400843701 -2.7744445232648474 -2.738320815791132 -2.31039381956404 -1.6112611426112071 -1.8466209905361077 -1.5781940565391137 -3.042037833243217 -5.2089045323204 -5.178616192977054 -4.072119245589859 -3.9882010943816892 -3.9412402746658595 -3.940406650647235 -3.725609528515065 -3.3476999734054256
-4.537003573309291 -4.585909515735244 -4.576183902184629 -4.370000894911575 -4.257739527070182 -4.164929386330021 -4.312480837626505 -4.377781385752067 -4.4522517980824965 -4.48531888415459 -4.371112393603074 -4.312480837626505 -4.248013913519566 -4.103519083624704 -3.8770512252317957 -3.5469361138566105 -3.3710414459269034 -3.3799334354588946 -3.4149456442411115 -3.435508370033842 -3.310464767240211 -3.142628464823871 -2.8183487215790555 -2.4765628739431316 -2.207858065273263 -2.1153257992059764 -2.2567640076992164 -2.4432179131981635 -2.6280045706598623 -2.4159861952564397 -1.6170965107415767 -1.4275859838410074 -2.089761329301501 -3.410221774802241 -4.874899175524968 -5.031342616353444 -4.610362486948221 -3.910118311303889 -3.9901462170918123 -3.9512437628893498 -3.882886593362165 -3.6355781345036506 -3.365206077796534
-4.378892884443567 -4.434467819018513 -4.42779882686952 -4.186603610814251 -4.061560008020619 -4.104352707643328 -4.274412007442667 -4.471703025183728 -4.5606229205036435 -4.686500147315899 -4.598691750687482 -4.471703025183728 -4.408069725095414 -4.274412007442667 -3.985422347652942 -3.6366896331951497 -3.5135911531116424 -3.556661727407226 -3.508867283672772 -3.488304557880041 -3.271562313037748 -3.068435927166317 -2.6894148733651786 -2.3554095165697473 -2.123939914065093 -2.125051412756592 -2.282328477603692 -2.3006682060134245 -2.440439166469416 -1.9041410478211778 -1.4892741612191986 -2.1014320655622396 -3.696154813190343 -4.848501081601869 -5.004944522430344 -4.8134888728196525 -4.478372017332722 -4.012654065594666 -3.994036462512059 -3.940406650647235 -3.7850747085102583 -3.3993846625601263 -3.141516966132372
-4.314425960336628 -4.343602800988475 -4.171876253151889 -3.966804744570335 -3.828145282805842 -3.9473535174691037 -4.225506065016713 -4.456142043502743 -4.62203322320896 -4.742075081890845 -4.816267619548399 -4.6953921368478895 -4.572293656764382 -4.381671631172314 -4.096572216802836 -3.858433622149188 -3.7461722543077953 -3.7167175389830733 -3.6366896331951497 -3.5477697378752344 -3.3026842763997184 -3.1162303709007713 -2.8358548259701637 -2.6024401007553863 -2.5018494691747324 -2.482398242073501 -2.449053281328533 -2.4257118088070553 -2.1122691778043543 -1.467877811407844 -1.7774301969902986 -3.1454072115526186 -4.315537459028127 -4.881846042346837 -4.959928825424637 -4.750967071422837 -4.348604545100221 -4.135752545678174 -4.248013913519566 -4.107409329044951 -3.653362113567634 -3.2040387675291875 -2.6983068628971703
-4.168819631750267 -4.127972054837681 -4.041830906246513 -3.9042829431735195 -3.679760207490734 -3.752007622438165 -4.001816953352551 -4.289972989123651 -4.553676053681775 -4.774308543944315 -4.914079504400306 -4.9101892589800595 -4.718733609369368 -4.456142043502743 -4.221615819596467 -4.037107036807643 -3.9081731885937656 -3.850653131308696 -3.823143538694097 -3.6719797166502413 -3.5008089181594046 -3.310464767240211 -3.1065047573501556 -2.9853513999767713 -2.8603077971831405 -2.680522883833187 -2.54102979805007 -2.3604112606814924 -1.8466209905361077 -1.164994417974383 -1.6326574924225619 -2.969790418295786 -4.13853129240692 -4.787924402915176 -4.907132637578438 -4.6670489202146666 -4.358330158650836 -4.391675119395805 -4.566458288634013 -4.149368404649035 -3.6025110484315572 -3.04981832408371 -2.4012588375940784
-3.9776418568124496 -4.040997282227889 -3.883720217380789 -3.6630877271182496 -3.4785789443294255 -3.595564181609689 -3.822309914675473 -4.080177611103227 -4.376947761733444 -4.707896497127253 -4.96770931626513 -5.087751174947016 -4.885736287767083 -4.512550602096314 -4.268576639312297 -4.128805678856305 -4.051834394470004 -4.041830906246513 -4.082956357831974 -3.937350029245613 -3.8612123688779354 -3.7019901813207126 -3.568332463667965 -3.3299159943414423 -3.065379305764695 -2.7313739489692637 -2.4148746965649406 -2.0428005095856703 -1.5731923124273686 -1.3700659265559374 -1.8877464421215684 -3.0195299847403634 -4.129917177547804 -4.620088100498837 -4.596746627977359 -4.4580871662128665 -4.391675119395805 -4.316371083046751 -4.321372827158497 -4.070174122879736 -3.609457915253426 -3.0781615407169327 -2.3720819969422315
-3.8495416326171967 -3.723664405804942 -3.567220964976466 -3.628909142354657 -3.5838934453489504 -3.5741678317983343 -3.6611426044081266 -3.923734170274751 -4.287194242394904 -4.618142977788713 -4.962985446826259 -5.099699785880629 -4.876844298235092 -4.518385970226683 -4.294974733235397 -4.241067046697698 -4.21883707286772 -4.239121923987575 -4.234398054548705 -4.189382357542997 -4.156315271470904 -3.991257715783312 -3.797856943462496 -3.484414312459795 -3.0292555982909795 -2.569373014683293 -2.135610650325832 -1.895526932962061 -1.8054955389506468 -1.8983056796908084 -2.534082931228202 -3.410221774802241 -4.183546989412628 -4.343602800988475 -4.338878931549605 -4.385839751265435 -4.366110649491329 -4.166874509040144 -3.955134008309596 -3.6494718681473874 -3.4463454822759565 -2.9395020789524398 -2.2842736003138153
-3.7403368861774258 -3.600565925721434 -3.52637338806388 -3.5947305575910646 -3.5624970955375956 -3.6036225471230563 -3.6903194450599734 -3.8467628858884493 -4.140476415117044 -4.373891140331821 -4.785145656186429 -4.9004636454294435 -4.636760580871321 -4.379726508462191 -4.260796148471805 -4.188548733524373 -4.202998216513859 -4.246902414828067 -4.343602800988475 -4.35443991323059 -4.286082743703405 -4.161039140909774 -3.902337820463396 -3.5644422182477187 -3.1142852481906482 -2.5790986282339086 -2.155339752099938 -2.1736794805096706 -2.211748310693509 -2.854472429052771 -3.135681598002003 -3.6161269074024194 -3.7870198312203813 -3.9559676323282202 -3.9629144991500884 -3.985422347652942 -3.9473535174691037 -3.766457105427651 -3.436619868725341 -3.120120616321018 -3.0439829559533402 -2.7333190716793867 -2.0928179507031226
