static/data/ASCData/20210127/ASCU/12.asc
ncols 97
nrows 97
xllcorner 99.0
yllcorner 2.0
cellsize 0.25
NODATA_value -32767
[rows 76 to 94 of 97, columns 43 to 85 of 97]
-4.0369593325304916 -3.839833397410018 -3.665041927845066 -3.4832102463115255 -3.2773447377128044 -3.291910693509884 -3.506758541516804 -3.6873763934005876 -3.7303459630019717 -3.684463202241172 -3.596581935598793 -3.3836762150314836 -3.085802418981211 -2.8787230807327333 -2.844735850539548 -2.8915896750201533 -2.975586686783311 -3.0877445464208217 -3.1297430523024006 -3.1394536895004532 -2.9843262602615583 -2.8427937230999376 -2.6951920376895337 -2.6845103367716754 -2.633772257411849 -2.57696502980324 -2.7898707503705493 -2.603426516167934 -1.710776191736922 -1.7294691683431738 -1.6306634348529856 -1.726555977183758 -1.9763621191036687 -1.9256240397438422 -1.8506093673888837 -1.8163793712657472 -1.789917884901053 -1.722671722304537 -1.6425589654206005 -1.631634498572791 -1.6306634348529856 -1.5007836623290283 -1.2538907115685336
-4.027248695332439 -3.8094876561661026 -3.6825210748015613 -3.484181310031331 -3.2615649522659687 -3.167857303304758 -3.3778498327126516 -3.533220027881498 -3.5742474700432716 -3.4960768405989455 -3.430530039512089 -3.220537510104195 -3.0047185983774694 -2.827013937653102 -2.8690124435346807 -2.9178083954548963 -3.037977530780801 -3.1513492200680684 -3.184365386541448 -3.177567940502811 -3.095513056179264 -2.992094770020001 -2.8631860612158486 -2.8299271288125176 -2.796668196409186 -3.352359410067763 -3.582987043521519 -2.8505622328583797 -1.6668355584157326 -1.2920049625708914 -0.9783513810737827 -1.2470932655298967 -1.7605432073769431 -1.710776191736922 -1.5799253554931594 -1.5408400407709966 -1.4286821811334858 -1.3446851693703281 -1.2216028428850079 -1.1728068909647922 -1.2080079508077337 -1.2890917714114751 -1.0468113733200557
-3.98525018945086 -3.7419987276396354 -3.6211012945238767 -3.4256747209130625 -3.2343751681114203 -3.1161481602251264 -3.131685179742011 -3.287055374910857 -3.34264877286971 -3.2673913345848002 -3.168828367024563 -2.929703926022511 -2.75879671133678 -2.7303930975324753 -2.788899686650744 -2.9394145632205637 -3.059583698546468 -3.2059715543071157 -3.237288359270836 -3.21956644638439 -3.143580710309626 -3.0634679534256897 -2.9139241405756753 -2.8554175514574065 -3.2557385699471366 -3.811429783605713 -3.147464965188847 -2.2596699593568617 -1.340800914491107 -0.5595801519077521 -0.019425957766060264 -0.533118665543058 -1.136634767402045 -1.5605040810970536 -1.429653244853291 -1.262630285046781 -1.1181845567257445 -1.001899676279061 -0.8533269271488519 -0.7596192781876416 -0.694315243030736 -0.8132705487068836 -0.8122994849870784
-3.8056034012868816 -3.6111478913958726 -3.469615354234252 -3.3074477130267685 -3.130714116022206 -2.9950079611794167 -2.9736445593437004 -3.0692943357445213 -3.134598370901427 -2.9891815788605847 -2.8202164916144645 -2.5789071572428504 -2.467720361325145 -2.5204005681245816 -2.716798205455201 -2.8857632927013217 -3.061525825986079 -3.2020872994278946 -3.303563458147547 -3.309389840466379 -3.200145171988284 -3.0838602915416007 -2.8787230807327333 -2.8915896750201533 -3.405282382797151 -2.9549515827374484 -2.0380246653113043 -1.1101732810373508 -0.9560169155182612 -0.17770934409432204 0.24518890588088116 -0.1209021164857127 -0.4656297370165903 -1.0232630781147773 -1.3388587870514965 -1.205094759648318 -0.870077776315493 -0.6865467332722934 -0.5554531310985795 -0.4891780322218686 -0.3192418812559432 -0.20198593708945456 -0.2772433753743644
-3.4970479043187512 -3.3904736610701205 -3.2224796375438056 -3.134598370901427 -2.987239451420974 -2.847649041698964 -2.8037084083777746 -2.9051845670974275 -2.979470941662532 -2.8075926632569956 -2.49806610256906 -2.290015700600777 -2.2254399632337254 -2.3924629230402346 -2.586918432931244 -2.7947260689695756 -2.9901526425803904 -3.1455228377492364 -3.2343751681114203 -3.299679203268326 -3.3016213307079365 -3.076091781783158 -2.8886764838607375 -3.059583698546468 -2.9384434995007584 -2.014476370106026 -0.6122603587071889 0.1337593440332241 -0.8251660792744984 -0.4843227136228423 -0.3202129449757485 0.008977656038244852 -0.2313606146135645 -0.5586090881879469 -0.9081920273178508 -0.9363528751922043 -0.675622266424484 -0.44232420774126346 -0.3046759254588638 -0.24107125181161715 -0.15221892144943316 0.0645710539970974 0.10656955987867622
-3.092599865019848 -2.992094770020001 -2.8758098895733175 -2.844735850539548 -2.725537778933449 -2.646396085769318 -2.617992471965013 -2.7284509700928647 -2.778217985732886 -2.5546305642477183 -2.251901449598419 -2.1023576367484047 -2.0654572153958037 -2.241219748680561 -2.4169822819653186 -2.6043975798877392 -2.79181287781016 -2.9784998779427267 -3.147464965188847 -3.249912187628305 -3.3055055855871576 -3.0780339092227686 -3.041861785660022 -2.972673495623895 -2.3778969672431556 -1.0965783889600766 -0.012628511727422964 -0.19615955477062252 -0.979322444793588 -1.1611541263271286 -0.8232239518348878 -0.30856018033808486 -0.13668190193254848 -0.12187318020551796 -0.1786804078141273 -0.23524486949278556 -0.0917702048915543 0.10268530499945516 -0.029136594964112916 -0.07113510084569175 -0.05559808132880706 0.2658240099267437 0.3779818695642545
-2.9636911562156962 -2.82118755533427 -2.6170214082452077 -2.330072079042745 -2.1649912466758456 -2.1708176289946777 -2.311379102436493 -2.5759939660834346 -2.6677594876050343 -2.4237797280039555 -2.168875501555067 -2.0584170034272153 -2.0877916809513257 -2.1365876328715414 -2.1708176289946777 -2.2841893182819453 -2.4383456838010344 -2.6170214082452077 -2.8231296827738808 -3.051572422858075 -3.12780092486279 -3.2557385699471366 -3.180481131662227 -1.9872865859514781 -0.7753990636344774 0.23742039612243904 0.5899165264117587 -0.316328690096527 -1.4920440888507807 -1.1278951939237976 -1.216747524285981 -0.7753990636344774 -0.3651246420167431 -0.15707424004845993 -0.09856765093019115 0.006064464878828613 0.44935505296994327 0.7802450154935952 0.5811769529335113 0.2587837979581553 0.1475970020404498 0.4025012284893381 0.4755737734046859
-2.8847922289815164 -2.7177692691750064 -2.4803441896826133 -2.211845071156451 -2.117166358475435 -2.1365876328715414 -2.3084659112770773 -2.5233137592839974 -2.528169077883024 -2.3055527201176615 -2.142414015190373 -1.9753910553838632 -1.990199777110894 -1.944317016350094 -1.9071738290675417 -1.8445402191401006 -1.9265951034636475 -2.124934868233878 -2.429606110322787 -2.920721586614312 -3.1210034788241527 -3.2734604828335834 -3.1795100679424215 -1.795744267219885 0.1017142412796499 1.101667106749146 0.7275648086941584 -0.39741251070026884 -1.53598472217197 -1.233255607522671 -1.2381109261216978 -0.8817305409531566 -0.24689763413044918 0.14565487460083926 0.19347976280124968 0.20804571859832865 0.47363164596507534 0.7520841676192416 0.9336730832228306 0.7100856617376636 0.5117458969674331 0.6777977930541375 0.6984328970999996
-2.77530479457347 -2.577936093523045 -2.313321229876104 -2.1443561426299835 -2.0897338083909363 -2.163049119236235 -2.313321229876104 -2.39343398676004 -2.366001436675541 -2.208931879997035 -2.049677429948968 -1.9197976574250104 -1.85546468598791 -1.7734098016643631 -1.6884417261814004 -1.576041100613938 -1.5340425947323595 -1.7508325701788903 -2.2567567681974454 -2.56045694656655 -2.6189635356848187 -2.231266345552557 -1.875857024103821 -1.3330324047326645 0.34180974600150726 1.0470447725100986 0.6729424744551111 -0.18644891757256987 -1.0193788232355563 -0.7615614056272522 -0.6426060999511041 -0.4950044145407002 -0.24592657041064392 0.1611918941177235 0.4971799411703537 0.6493941792498323 0.7414024667013837 0.8028222469790687 1.0851590235124564 0.8868192587422254 0.6955197059405838 0.7372754458922111 0.7792739517737899
-2.537879715081077 -2.3465801622794347 -2.120079549634851 -1.996997223149531 -2.0673993428354143 -2.1433850789101783 -2.184412521071952 -2.25578570447764 -2.2069897525574245 -2.074196788874051 -1.9091159565071523 -1.779236183983195 -1.6687776858553434 -1.5692436545753012 -1.4374217546117332 -1.3485694242495492 -1.3230790016046603 -1.508794938017422 -1.8445402191401006 -1.6306634348529856 -1.746948315299669 -1.7479193790194743 -0.49694654198031074 -0.20295700080925982 0.19347976280124968 0.896529895940279 0.8722533029451465 -0.01359957544722823 -0.714707581146647 -0.6083761038279678 -0.29569358605066487 -0.25078188900967024 -0.20975444684789668 -0.22359210485512193 0.11919338823614511 0.7139699166168847 0.9336730832228306 0.8858481950224202 1.012814776386962 0.8428786254210361 0.7013460882594154 0.7120277891772742 0.781458845143352
-2.274235915153941 -2.1152242310358247 -1.9588829721471734 -1.851580431108689 -1.9414038251906782 -1.9814602036326463 -2.023458709514225 -2.0047657329079733 -1.954027653548147 -1.8612910683067418 -1.7078630005775062 -1.5896359926912123 -1.44421920065037 -1.3534247428485755 -1.2235449703246184 -1.146345404600098 -1.1825175281628448 -1.347598360529744 -1.1014337075591034 -0.8933833055908202 -1.1356637036822397 -1.0242341418345826 0.2862163480426547 0.03810956763240325 0.38283718816328083 0.7744186331747636 0.7744186331747636 0.12696189799458724 -0.6972284341901518 -0.7693299153856943 -0.41489165765676406 -0.35152974993946895 -0.6455192911105203 -0.6697958841056524 -0.40226782929929517 0.19153763536163915 0.8164171390563424 0.835110115662594 0.7763607606143741 0.6583765186580313 0.5527733391292062 0.5656399334166262 0.6357992871725586
-2.0096210515069997 -1.9617961633065892 -1.8622621320265471 -1.7734098016643631 -1.8173504349855525 -1.8270610721836054 -1.7811783114228055 -1.7624853348165537 -1.6122132241766851 -1.512679192896643 -1.3769730380538538 -1.3065709183679703 -1.1560560417981507 -1.1288662576436028 -1.040984991001224 -1.2070368870879284 -1.2429662447207241 -0.36900889689596417 0.0283989304343506 -0.48335164990303703 -0.6855756695524882 -0.12187318020551796 0.6425967332111955 0.30563762243876047 -0.36900889689596417 0.022572548115518565 0.5928297175711745 0.11045381475789728 -0.6494035459897414 -0.8778462860739356 -0.8006467203494152 -0.8613382028372456 -1.205094759648318 -1.568272590855496 -1.3007445360491388 -0.3787195340940168 0.30685145208851683 0.5294678098538799 0.45226824412935906 0.3906056979217234 0.4160961205666118 0.4345463312429123 0.4962088774505484
-1.8435691554202953 -1.8445402191401006 -1.8435691554202953 -1.786033630021832 -1.7753519291039737 -1.6296923711331803 -1.5779832280535488 -1.4374217546117332 -1.2665145399260025 -1.0048128674384769 -0.8309924615933304 -0.820310760675472 -0.7567060870282258 -0.8093862938276626 -1.107260089877935 -1.2245160340444237 -1.0380717998418083 -0.062395527367443915 0.9611056333073305 -0.009715320568007169 -0.0029178745293703123 0.4962088774505484 0.8703111755055359 0.4238646303250544 -0.42071803997559565 -0.533118665543058 -0.04685850785055967 0.15730763923850244 -0.21193934021745875 -0.8113284212672731 -1.1082311535977403 -1.284964750602303 -2.4121269633662923 -2.7206824603344226 -2.152367418318377 -1.1473164683199033 -0.2704459293357271 0.07331062747534522 0.09103254036179154 0.16410508527713974 0.25781273423835005 0.3575895314483435 0.40153016476953285
-1.6141553516162959 -1.8025417132585217 -1.8777991515434318 -1.789917884901053 -1.6561538574978745 -1.5027257897686388 -1.3563379340079917 -1.1766911458440132 -0.7987045929098042 -0.4491216537799003 -0.1815935989735431 -0.1376529656523542 -0.25782210097825864 -0.6785354575838998 -0.9149894733564876 -0.9783513810737827 -0.8914411781512097 -0.5224369646251996 0.2901006029218758 0.5498601479697904 0.6270597136943112 0.9805269077034366 0.8183592664959529 0.2500442244799075 -0.6180867410260205 -0.6455192911105203 0.06262892655748686 0.2716503922455753 0.19153763536163915 -0.6765933301442892 -0.7841386371127252 -1.6826153438625686 -2.8163322367352435 -3.0828892278217954 -2.5429777996100547 -1.694268108500232 -0.8416741625111883 -0.3534718773790795 -0.25976422841786917 -0.05074276272978073 0.17478678619499766 0.28524528432284946 0.33986761856189673
-1.3925100575707385 -1.6151264153361011 -1.7724387379445579 -1.8241478810241896 -1.7030076819784796 -1.508794938017422 -1.279138368283471 -0.9637854252767037 -0.4843227136228423 0.07913700979417682 0.3995880373299223 0.5656399334166262 0.1767289136346082 -0.19615955477062252 -0.3857597460626052 -0.7576771507480311 -0.9334396840327881 -0.5302054743836422 0.21290103719735542 0.6875084302521901 0.7091145980178584 1.2198941146354403 0.9912086086212946 -0.12284424392532323 -0.9569879792380664 -0.5828856811830789 0.35176314912951145 0.49329568629113263 0.13278828031341883 -0.322155072415359 -0.9696118075955353 -2.0438510476301364 -2.772391603414054 -2.920721586614312 -2.6043975798877392 -1.967622545625421 -1.2752541134042499 -0.8271082067141093 -0.48820696850206335 -0.11410467044707584 0.16313402155733447 0.3359833636826757 0.42192250288544386
-1.1893149742014817 -1.284964750602303 -1.5527355713386113 -1.706891936857701 -1.6151264153361011 -1.529187276133333 -1.3417719782109123 -1.008697122317698 -0.5195237734657838 0.06651318143670792 0.5772926980542903 0.9424126567010789 0.2745635834049911 0.11822232451633985 0.010919783477855383 -0.4129495302171535 -0.4675718644562008 -0.008744256848201903 0.30078230383973414 0.5039773872089905 0.6622607735372532 0.8302547970635676 0.8448207528606475 0.03228318531357166 -0.6785354575838998 -0.7049969439485939 -0.17285402549529572 0.19736401768047074 -0.26364848329709023 -0.3738642154949905 -1.0448692458804452 -1.8260900084638 -2.177615075033315 -2.369157393764908 -2.3640593092359303 -1.9882576496712834 -1.4218847350948485 -0.9744671261945617 -0.48238058618323176 -0.15707424004845993 0.18474018932300185 0.4238646303250544 0.5314099372934904
-0.9159605370762929 -0.7987045929098042 -1.0429271184408346 -1.3330324047326645 -1.5233608938145013 -1.5673015271356907 -1.456843029007839 -1.0994915801194924 -0.5945384458207426 -0.05074276272978073 0.4415865432115007 0.8564735174983107 0.2998112401199289 0.2070746548785234 0.16410508527713974 0.0283989304343506 0.1349731736829809 0.49232462257132736 0.5391784470519325 0.429691012643886 0.19056657164183388 0.3838082518830861 0.5605418488876484 -0.11604679788668637 -0.9285843654337618 -1.1140575359165719 -0.5780303625840526 0.04684914111065108 -0.07210616456549701 -0.3767774066544063 -0.44523739890067926 -0.816426505796251 -1.2713698585250288 -1.5692436545753012 -1.6923259810606215 -1.6816442801427633 -1.2538907115685336 -0.8093862938276626 -0.3857597460626052 -0.005831065688786108 0.38477931560289136 0.6231754588150902 0.7394603392617731
-0.7508797047093938 -0.566377597946389 -0.4287293156639893 -0.6190578047458262 -1.0361296724021978 -1.3747881446842922 -1.186401783042066 -0.6981994979099571 -0.22941848717395397 -0.02039702148586553 0.4025012284893381 0.8360811793823992 0.683624175372969 0.2774767745644069 0.2413046510016601 0.16022083039791823 0.3896346342019177 0.7304779998535742 0.9072115968581369 0.935615210662442 0.04393594995123484 -0.21072551056770195 -0.03010765868391818 -0.3260393272945801 -1.0322454175229763 -1.2997734723293335 -0.8319635253131357 0.16410508527713974 0.3886635704821124 0.17187359503558186 -0.14153722053157525 -0.7557350233084206 -0.8241950155546931 -0.9970443576800347 -1.090752006641245 -1.1150285996363771 -0.9072209635980455 -0.4675718644562008 -0.07599041944471807 0.29884017640012317 0.6396835420517797 0.7989379920998476 0.9533371235488883
-0.7712720428253048 -0.15901636748807046 0.144683810881034 0.15633657551869717 -0.3495876224998584 -0.787051828272141 -0.6297395056636841 -0.1209021164857127 0.18959550792202817 0.21581422835677122 0.37895293328405977 0.8877903224620307 0.9543081872686936 0.11919338823614511 0.05000509820001797 0.1611918941177235 0.3995880373299223 0.8780796852639781 1.1543473135485827 1.0147569038265725 0.3447229371609235 -0.0420031892515329 -0.03399191356313924 -0.4012967655794899 -0.8232239518348878 -1.064290520276551 -0.6600852469075993 0.20998784603793963 0.563455040047065 0.44352867065111123 0.01577510207688171 -0.3964414469804636 -0.6513456734293519 -0.6833907761829265 -0.7508797047093938 -0.6035207852289415 -0.3680378331761589 -0.05074276272978073 0.3146199618469594 0.6357992871725586 1.0341781782226787 1.1895483733915246 1.3623977155168663
