static/data/ASCData/20210127/ASCU/15.asc
ncols 97
nrows 97
xllcorner 99.0
yllcorner 2.0
cellsize 0.25
NODATA_value -32767
[rows 19 to 37 of 97, columns 43 to 85 of 97]
-3.67633529378321 -2.5639103931129372 -2.2572328413451253 -2.875379781627121 -4.056088355933196 -4.7494671331332325 -5.0844165217046395 -5.094239787034702 -5.079624684958267 -5.007267950088049 -4.805052439391148 -4.586305091919264 -4.643088357363773 -4.826615704749822 -5.191993256660692 -5.538443053423391 -5.773003462158304 -5.88513244202341 -6.0590761159167155 -6.135266320184031 -6.03942958525659 -5.800316931612624 -5.545391216705631 -5.529817747279922 -5.473992849184688 -5.462492440993394 -5.42727244090756 -5.348207134592421 -5.272016930325105 -5.219306726115012 -4.996486317408712 -4.927244276423636 -4.922452439677263 -5.216192032229871 -5.584444686188563 -5.941915707467919 -6.383243871808785 -6.817863464704731 -7.260149996394872 -7.657632854506433 -7.792523058916807 -7.8782969366768665 -7.8246283651174995
-4.387204275107505 -3.0747201902761985 -2.8490246795220746 -4.146893662276947 -4.983787950030826 -5.398042236754691 -5.193909991359241 -5.0650095828818325 -4.820865500654175 -4.6176916226080005 -4.555158153067845 -4.925327541725087 -5.117719787091925 -5.396844277568097 -5.618706318925123 -5.640988359795753 -5.698729992589537 -5.814932033689059 -5.997501013725834 -6.105077748681888 -6.136224687533305 -6.0034908096588 -5.782587135651047 -5.631404686303009 -5.618706318925123 -5.575579788207775 -5.498431216591184 -5.3441340733580045 -5.306038971224346 -5.4428459103332685 -5.578694482092917 -5.659676523106604 -6.124484687504694 -6.60199121928067 -7.275963057657899 -7.6636226504393985 -7.901776936734089 -8.011270406388691 -8.239841019190639 -8.131305916885312 -8.102075712732441 -8.11285734541178 -7.977967141001406
-4.864710806883481 -3.3042491704274197 -2.8588479448521373 -4.353901009720219 -5.065967950231107 -5.11172999115896 -5.102146317666215 -4.908795704950103 -4.666568357420996 -4.4487793772983855 -4.419309581308197 -4.882201011007738 -5.284715297702991 -5.498431216591184 -5.63811325774793 -5.6879483599102 -5.721251625297485 -5.7914520336318365 -5.924185911506342 -6.144131218164819 -6.27087530010636 -6.296272034862133 -6.159704687590528 -6.0025324423095245 -5.947665911563565 -5.897830809401295 -5.75144019679963 -5.75144019679963 -5.840328768444831 -6.062909585313813 -6.36192019828743 -6.708369995050129 -7.152812853276137 -7.685904691310029 -8.157661018990357 -8.392940203237226 -8.437025101303849 -8.44373367274877 -8.42145163187814 -8.286561427467767 -8.15191081489471 -8.127472447488215 -8.063980610598785
-5.276808767071477 -3.7798389675048467 -3.0423752922381873 -4.290409172830789 -4.594211622550778 -4.638056928780082 -4.827574072099097 -4.751383867831781 -5.080583052307541 -4.978037745935179 -4.833563868032062 -5.065967950231107 -5.2818401956551675 -5.414574073529674 -5.575579788207775 -5.6282899924178675 -5.662551625154428 -5.8422455031433795 -5.992709176979462 -6.251468361283553 -6.473090810803261 -6.531790810946319 -6.485789178181147 -6.3511385656080925 -6.301303463445823 -6.240686728604216 -6.273989993991503 -6.331492034947967 -6.488664280228971 -6.651826321442939 -6.966410403842264 -7.324600200633576 -7.755386324132424 -7.969341834857936 -8.312916529572812 -8.357001427639435 -8.348136529658648 -8.374491631763693 -8.32369816225215 -8.182099386396855 -8.132264284234585 -8.082429182072316 -8.086502243306732
-5.9009455032864375 -4.812000602673388 -4.0738181518947725 -4.219250397147164 -4.249438968649308 -4.263095703376468 -4.452612846695484 -5.192951624009966 -5.522869583997682 -5.485732849213299 -5.2739336650236535 -5.170429991302018 -5.157731623924132 -5.27105856297583 -5.4428459103332685 -5.495556114543362 -5.743533666168116 -5.924185911506342 -6.1771948917147865 -6.429245504573957 -6.70645326035158 -6.759163464561673 -6.701661423605208 -6.642003056112876 -6.592167953950607 -6.62930468873499 -6.662607954122276 -6.728016525710254 -6.869615301565549 -7.0073806080237455 -7.261108363744146 -7.567785915511957 -7.759219793529521 -7.973175304255033 -8.036667141144463 -8.080512447373767 -8.093210814751654 -8.152869182243986 -8.159577753688907 -8.077637345325945 -8.05799081466582 -8.066855712646607 -8.070689182043704
-4.959349582624329 -4.7945103985491295 -4.366599377098105 -3.7261703959454797 -3.158577333337709 -3.295384272446632 -4.618649989957275 -5.360905501970307 -5.659676523106604 -5.586361420887112 -5.312028767157312 -5.086333256403188 -5.015174480719563 -5.07555162372385 -5.26602713439214 -5.626373257719319 -5.874590401181392 -6.19372672848977 -6.475965912851084 -6.643919790811426 -6.828645097384068 -6.834395301479715 -6.750538158418204 -6.707411627700855 -6.728016525710254 -6.765153260494638 -6.722266321614608 -6.745506729834513 -6.859792036235486 -7.091237751085257 -7.352153261925215 -7.495668772479059 -7.645892854477822 -7.744604691453086 -7.808096528342515 -7.89506836528917 -7.890036936705478 -8.017978977833613 -8.1401708148661 -8.170359386368244 -8.221152855879787 -8.235767957956222 -8.186891223143228
-2.8159610059721074 -2.670289168882397 -2.7505524343841286 -2.3442046782917783 -1.8403430444107565 -2.7016756995711337 -4.252314070697132 -5.462492440993394 -5.744731625354708 -5.479982645117652 -5.27105856297583 -4.967256113255842 -4.882201011007738 -4.973245909188807 -5.25740182824867 -5.661593257805153 -6.131432850786934 -6.470215708755438 -6.724183056313157 -6.846135301508326 -6.728016525710254 -6.591209586601332 -6.583542647807137 -6.5679691783814285 -6.558145913051366 -6.408640606564557 -6.34802387172295 -6.309928769589293 -6.41846387189462 -6.860750403584761 -7.326756527169444 -7.371560200748021 -7.447750405015338 -7.569702650210507 -7.715374487300217 -7.815044691624756 -7.959518569527873 -8.120524284205974 -8.326573264299972 -8.549393673006273 -8.655772448775734 -8.686919387627151 -8.602103877216367
-2.2867026373353134 -1.8003312075785498 -2.0140471264667434 -2.077538963356173 -1.4984454925571102 -2.522940188931456 -4.223083866544262 -5.484774481864024 -5.763180196828241 -5.534609584026294 -5.232005093492898 -4.880284276309189 -4.802177337343325 -4.942817745849345 -5.226015297559933 -5.683156523163827 -6.247634891886456 -6.717234893030918 -6.910585505747029 -6.802289995279022 -6.592167953950607 -6.3803687697609615 -6.237811626556393 -6.187018157044849 -6.046377748538829 -5.807025503057545 -5.541557747308533 -5.411698971481851 -5.652728359824366 -6.342273667627304 -7.145864689993898 -7.386175302824457 -7.469313670374012 -7.614745915626404 -7.771918160907408 -7.910641834714879 -8.103034080081716 -8.35101163170647 -8.622469183388446 -8.921479796362064 -9.109798980494485 -9.157717347958206 -9.105007143748113
-1.4790385537343034 -1.6968275338569134 -2.250524269900205 -1.708567533885525 -2.139114065547054 -3.4585463136606003 -4.7465920310854095 -5.408584277596709 -5.538443053423391 -5.4485961144289154 -5.1050214197140384 -4.898014072270766 -4.819907133304902 -4.970131215303665 -5.26602713439214 -5.70160509463736 -6.2816569327856975 -6.768986729891735 -6.867698566867 -6.686087954179499 -6.513102647635468 -6.371503871780174 -5.963478972826593 -5.621581420972946 -5.373603869348193 -5.043446317523157 -4.815834072070485 -5.0650095828818325 -5.655843053709507 -6.276865096039325 -6.961378975258574 -7.391206731408147 -7.574734078794197 -7.6801544872143825 -7.806179793643967 -7.953528773594908 -8.11094061071323 -8.35795979498871 -8.847206326793296 -9.291409593181987 -9.62156714500702 -9.862836125186854 -9.85996102313903
-1.053283858819146 0.09316308275036844 -0.6177058985739263 -2.402904678434836 -3.1753487619500116 -3.9849295802495703 -4.858002235438559 -5.328560603932296 -5.480941012466927 -5.433981012352481 -5.123469991187571 -4.953599378528682 -4.872617337514994 -5.107896521761862 -5.373603869348193 -5.755273666196727 -6.262249993962891 -6.6810565255958085 -6.662607954122276 -6.365753667684527 -6.051169585285201 -5.969229176922239 -5.543474482007082 -5.167554889254195 -4.770072031142632 -4.378339377126716 -4.362765907701007 -5.044404684872433 -5.727960196742407 -6.071774483294601 -6.609897749912183 -7.244576526969162 -7.756344691481697 -7.982998569585096 -8.07164754939298 -8.145921018961745 -8.316989590807228 -8.623427550737722 -9.147894082628143 -9.79838592094815 -10.33842592226428 -10.735908780375842 -10.95058306661331
-0.5561307963830453 0.043567572425417644 -0.6859895722097282 -2.853097740756491 -3.8509977431884717 -4.356057336256086 -4.76024876581257 -5.185045093378452 -5.324727134535198 -5.277767134420752 -5.150783460641892 -5.03458141954237 -4.9634226438587445 -5.2396720322870936 -5.5101712166197965 -5.882257339975586 -6.31879366757008 -6.45272550463118 -6.31879366757008 -5.929217340090032 -5.636196523049382 -5.509212849270522 -5.1215532564890225 -4.764082235209667 -4.2963989687637545 -4.003378151723103 -4.407809173116904 -5.149825093292618 -5.5552144820356935 -5.848235299076345 -6.367670402383076 -6.961378975258574 -7.5570042828326205 -7.973175304255033 -8.096085916799478 -8.184016121095404 -8.391023468538677 -8.81390306140601 -9.411684695515925 -10.01617490107076 -10.443846330684465 -10.872476127647447 -11.151840209960938
-1.621595696938872 -2.1714589635850654 -3.291550803049534 -4.051296519186824 -4.581513255172892 -4.544376520388508 -4.870700602816445 -5.0678846849296555 -5.192951624009966 -5.261235297645768 -5.134251623866908 -5.099031623781074 -5.07555162372385 -5.304122236525798 -5.604091216848689 -5.959405911592176 -6.1664132590354495 -6.237811626556393 -5.974979381017886 -5.557131216734243 -5.259318562947219 -5.100948358479623 -4.806250398577741 -4.5697732551442805 -4.1303618255019625 -4.0316499885266985 -4.456446316092581 -5.050394480805398 -5.5044210125241495 -5.718136931412344 -6.168329993733998 -6.778809995221798 -7.312860200604964 -7.7113014260658 -7.9398720388677475 -8.081470814723042 -8.230017753860576 -8.577665509809869 -9.125372449920194 -9.54633530808898 -9.773947553541653 -9.42629979759236 -9.23774102162262
-4.183072029712055 -4.691006724827493 -5.2904655017986375 -5.135209991216183 -4.831647133333513 -4.776780602587553 -4.821823868003451 -5.01900795011666 -5.127543052421988 -5.184086726029178 -5.130418154469811 -5.143116521847697 -5.167554889254195 -5.39109407347245 -5.675249992532313 -5.963478972826593 -6.170486320269866 -6.0590761159167155 -5.773961829507578 -5.312028767157312 -5.021883052164483 -4.814875704721211 -4.5805548878236175 -4.363724275050282 -4.244647131902936 -4.146893662276947 -4.29544060141448 -4.7945103985491295 -5.375520604046741 -5.693938155843165 -6.260333259264342 -6.751496525767477 -7.183959792127556 -7.281713261753546 -7.508367139856944 -7.589349180870633 -7.695727956640091 -7.974133671604308 -8.352928366405019 -8.53453897909252 -8.178265916999758 -7.696686323989367 -6.729933260408803
-5.955572442195079 -5.98983407493164 -5.763180196828241 -5.376478971396016 -5.065967950231107 -4.925327541725087 -4.970131215303665 -5.015174480719563 -5.123469991187571 -5.20253529750271 -5.199660195454888 -5.184086726029178 -5.237755297588545 -5.482857747165475 -5.732991625326097 -6.020981013783057 -6.179111626413335 -6.067941013897504 -5.75144019679963 -5.2983720324301515 -5.02092468481521 -4.785645500568341 -4.585346724569989 -4.3529426423709445 -4.23194876452505 -4.058963457981019 -4.206552029769278 -4.542459785689959 -5.150783460641892 -5.685073257862376 -6.378452035062413 -6.70645326035158 -6.674347954150887 -6.770903464590285 -6.862667138283309 -6.943888771134316 -6.9429304037850414 -7.183001424778281 -7.244576526969162 -7.177251220682635 -6.682014892945083 -6.149881422260465 -5.1860034607277266
-6.316876932871532 -5.995584279027286 -5.62445652302077 -5.418407542926771 -5.2339218281914475 -5.074593256374577 -5.028831215446723 -5.073634889025302 -5.181211623981355 -5.259318562947219 -5.294298971195735 -5.214275297531322 -5.254287134363528 -5.529817747279922 -5.767972033574613 -6.0669826465482295 -6.2251132591785066 -6.234936524508569 -5.923227544157068 -5.5688712167628545 -5.285673665052266 -5.0599781542981415 -4.9583912152750536 -4.68310019419598 -4.36564100974883 -4.1919369276928435 -4.316764274935835 -4.650755296157968 -5.207566726086401 -5.753356931498178 -6.278781830737874 -6.215289993848444 -6.132391218136208 -6.048294483237378 -6.140058156930403 -6.1822263202984775 -6.186059789695575 -6.146047952863368 -6.0161891770366855 -5.838412033746282 -5.314903869205136 -4.9555161132272305 -4.772947133190455
-6.042544279141731 -5.815890401038334 -5.598101420915723 -5.447637747079641 -5.2288903996077565 -5.169471623952743 -5.112688358508234 -5.114844685044101 -5.224098562861385 -5.312987134506586 -5.330477338630844 -5.214275297531322 -5.1802532566320805 -5.4485961144289154 -5.822838564320573 -6.111786320126808 -6.282615300134972 -6.296272034862133 -6.268958565407812 -5.993667544328737 -5.714303462015246 -5.482857747165475 -5.404750808199611 -5.168513256603468 -4.8373973374291594 -4.73964386780317 -4.877409174261366 -5.134251623866908 -5.645061421030169 -5.884174074674135 -5.891122237956375 -5.746648360053257 -5.61079978829361 -5.497472849241911 -5.44092917563472 -5.47015937978759 -5.221223460813562 -5.049196521618804 -4.780853663821969 -4.373547540380344 -3.8538728452362947 -3.6753769264339358 -3.4808283545312304
-5.856860605219815 -5.617747951575849 -5.449794073615509 -5.402834073501062 -5.299330399779426 -5.25740182824867 -5.208525093435675 -5.185045093378452 -5.213316930182048 -5.275850399722203 -5.332394073329393 -5.193909991359241 -5.0307479501452725 -5.248536930267882 -5.686031625211651 -6.0082826464051715 -6.201633259121284 -6.336523463531657 -6.379410402411688 -6.283573667484246 -6.076566320040973 -5.865725503200602 -5.713345094665971 -5.575579788207775 -5.487889175749166 -5.460336114457527 -5.478065910419104 -5.6088830535950605 -5.667583053738118 -5.698729992589537 -5.540599379959259 -5.371447542812325 -5.196785093407064 -5.060936521647416 -4.945692847897168 -4.6713601941673675 -4.317962234122429 -3.9077810086329805 -3.406794476799782 -2.7016756995711337 -1.8619063097694308 -1.3041365124917235 -0.7173761028984651
-5.6704581557859415 -5.642186318982347 -5.5152026452034875 -5.330477338630844 -5.25740182824867 -5.200618562804161 -5.190795297474098 -5.214275297531322 -5.225056930210659 -5.2202650934642865 -5.235838562889996 -5.102146317666215 -5.004392848040226 -5.192951624009966 -5.507296114571973 -5.80798387040682 -6.057159381218167 -6.228946728575605 -6.300345096096549 -6.322627136967179 -6.241645095953491 -6.237811626556393 -6.098129585399647 -5.977135707553753 -5.861892033803505 -5.753356931498178 -5.686989992560925 -5.639071625097205 -5.498431216591184 -5.3441340733580045 -5.107896521761862 -4.988819378614517 -4.76024876581257 -4.544376520388508 -4.225000601242811 -3.809069171657716 -3.392179374723347 -2.8267426386514445 -2.2270442698429815 -1.3726597779648437 -0.780628347950576 -0.49743079623998776 0.23284512390711365
-5.502504277825601 -5.355874073386616 -5.248536930267882 -5.1665965219049195 -5.194868358708515 -5.2202650934642865 -5.216192032229871 -5.18887856277555 -5.174263460699115 -5.198701828105612 -5.172346726000566 -5.1050214197140384 -5.047279786920256 -5.136168358565457 -5.314903869205136 -5.561923053480614 -5.806067135708271 -5.992709176979462 -6.095254483351825 -6.19372672848977 -6.188934891743398 -6.276865096039325 -6.159704687590528 -6.100046320098197 -5.986719381046497 -5.809181829593413 -5.646019788379444 -5.4593777471082525 -5.263152032344317 -5.135209991216183 -4.936109174404423 -4.8453038680606735 -4.537667948943588 -4.194812029740667 -3.7249724367588866 -3.2338091702557508 -2.735937332307694 -2.0267454938446297 -1.5406136559251844 -0.608841000593138 -0.41644875522629965 -0.8120148786393133 -0.2523283466630568
