static/data/ASCData/20210127/ASCU/18.asc
ncols 97
nrows 97
xllcorner 99.0
yllcorner 2.0
cellsize 0.25
NODATA_value -32767
[rows 0 to 18 of 97, columns 0 to 42 of 97]
1.4234227676185536 0.027014287706715656 0.632365804905112 1.327829409596641 1.5758020883186208 1.2096532169961578 -0.7504491240953537 -1.3733407069858439 0.6920020282582318 1.812154473519588 2.0776672179336626 2.0024641862788086 -1.0267051587458351 -0.7473796125992371 -0.9857052551905654 -1.5540033836144127 -1.9955745374128806 -2.1253710235343766 -2.8050485691030214 -2.470033314384025 -2.394830282729172 -1.7923290262057407 -1.0335019342015215 -0.6772193498308607 -0.5491768702785742 -0.33825758033114317 -0.18390500224071538 -0.4114873545956361 -0.7063797090439672 -0.7269892862321776 -0.6594600333176159 -0.7651389291124824 -0.7708394504624132 -1.1341380611099112 -1.1858812549015887 -0.4985299305926527 -0.3060277096219206 -0.6517862545773245 -0.5726367081417503 -0.461257290996953 -0.4242039022224042 -0.30405445223156 0.36773006377564244
1.1158138655434544 0.07568797000227656 0.15198725576288563 0.46047316112258985 0.8345150620064956 1.1186641262184192 -0.14970187414113223 -1.2005710599187174 0.896124542749976 2.1636135398249228 1.898100795410849 0.7222586415770937 -1.6215326365289748 0.5641787995270962 -0.5482998669939696 -1.616489867642498 -2.115723987403725 -2.8236848889008717 -3.9311207865354603 -3.369619433567299 -3.249469983576455 -2.596979539830556 -1.8706015693567106 -1.6761260909956177 -1.3303675460402136 -0.6506900004715686 -0.1067287131955017 -0.06967532442095292 -0.4652038057776742 -0.7329090584032594 -0.010039101067833123 -0.7719357045681687 -1.2729238308986055 -1.5941262838850778 -1.5415060868087958 -1.0150848652248228 -0.8149088655137993 -1.3617204134648315 -1.0326249309169169 -0.16833819393898208 0.4058797066559472 0.6998950578196741 0.7428682187653042
1.0162739927408206 0.7242318989674543 0.4663929332936716 0.3960134197041443 0.4137727362173895 0.8893277672942896 1.1890436398079474 -0.8089890933427175 0.47033944807439276 1.3716795738268766 1.233113054859333 0.28967677144582415 -1.0883146394893155 1.0688941898171023 -0.4739738386237211 -1.4417469631850108 -1.5101532193841776 -2.0063178276492883 -3.6732818208616775 -2.627236153149418 -2.6430222122723026 -2.358873148060379 -1.801099059051788 -1.7943022835961013 -1.4915168995863277 -1.4485437386406972 -0.5121234815040254 -0.1341350658393985 -0.25516151911484775 -0.7708394504624132 0.27213670575372984 -0.1536483889218534 -0.7728127078527738 -1.423329894208312 -1.509276216099573 -1.0784483525375126 -0.608813093631694 -1.3577738986841104 -1.5042334472130958 -0.5697864474667846 0.5503659977945721 0.9487447398262585 0.707568836559965
1.064947675036381 0.027014287706715656 0.4712164513589978 0.17742035101642228 0.03863458122772778 0.23311005958882092 1.5073958321194545 0.007500964624260753 -0.250338001049522 0.7994349306223079 1.4556526383277766 0.675338965850742 -1.4075438350854275 -0.5647436785803079 -0.9848282519059604 0.11975738505366307 0.3306766750010941 -1.4437202205753714 -2.519803250785342 -2.2670070539980363 -2.4945894063529566 -2.2356541865734183 -1.7094522158105963 -1.4643297977635819 -1.0648548016261397 -2.0413979590334765 -1.2689773161178843 -0.16044516437753975 -0.12931154777407272 -0.8245559016444513 -0.1194452608222698 0.00552770723390017 0.08643126023868408 -0.578556480312832 -1.0569617720646973 -0.8109623507330781 -0.0744988424862787 -0.7640426750067264 -1.1087049658563748 -0.7318128042975038 0.2945002895111499 0.05529764363521705 -0.07954161137275584
1.1763270921811784 -0.3450543557868295 0.475162966139719 0.25547364334624056 -0.2709475782377324 -0.3608404149097142 0.7183121267963726 0.9546645119973403 0.6569218968740436 0.40982622143666836 0.9781243498605159 0.6676651871104511 -1.432099927054359 -1.4106133465815438 -0.6272301626083929 0.4878795137664871 0.348216740693188 -1.6577090220189188 -2.785535246020567 -3.0071978262044055 -3.0335079247425467 -2.4895466374664794 -1.9613714093132972 -1.6243828972039402 -1.0569617720646973 -1.6458694776767553 -1.2777473489639313 -0.21218835816921722 -0.21613487294993838 -0.8372724492712194 -0.48274387146976805 0.25547364334624056 0.3609332883199561 0.24758061378479823 -0.20539158271353086 -0.3919740315131812 0.33856970456253643 0.046527610789170115 -0.5092732208290602 -0.19771780397323946 -0.6537595119676851 -0.9935982847520077 -0.7524223814857143
1.3971126690804128 -0.2534075125456381 0.3120403552032438 0.8268412832662047 0.2984468042918711 -0.0990549344552103 -0.15474464302760893 0.45674589716302005 1.308316086514187 1.0612204110768118 0.2359603202637861 -0.08633838682844219 -1.261084286556442 -1.5697894427372974 -0.7651389291124824 0.24078383832911188 0.10024406197120816 -2.1946542830181484 -3.5033624344695165 -3.657715012559944 -3.072753821728607 -2.527696280346784 -2.0442482197084417 -1.7620724128868785 -1.1966245451379962 -0.9153257416010376 -0.6292034199987535 -0.5110272273982699 -0.5160699962847466 -0.9955715421423683 -0.7679891897874476 0.15001399837252505 0.39995993448486544 0.285730256665103 0.15790702793396738 -0.0394187111020905 0.5992589309112843 0.7066918332753604 0.0971745504750916 -0.682042867896187 -1.138961579175237 -1.0745018377567914 -0.5316368045864803
1.7242348942379668 0.058147904310182685 -0.6791926072212213 -0.04139196849245108 1.107920835982012 1.2320168007535774 -0.0744988424862787 -0.6224066445430672 0.77005532058805 1.2690701895281262 0.3911899016388185 -0.7386095797531902 -1.3724637037012393 -1.3665439315301575 -1.3275172853652482 -0.3490008705675507 -0.15474464302760893 -2.3246700199607955 -3.1556306321237515 -3.5502821101958677 -2.892968148384643 -2.3685201841910306 -1.86862831196635 -1.3187472525192012 -0.8587590297440344 -0.5375565767575621 -0.4465674859798239 -0.3656639329750404 -0.1586911578083301 -0.6096900969162986 -0.8949354152339786 -0.2014450679328097 0.05332438624485647 -0.021878645409996622 -0.1440013527912014 0.00552770723390017 0.6089059670419359 0.6713924510700209 0.10506758003653394 -0.7142727386054095 -0.776759222633495 -0.4886636436408498 0.3784733540120504
1.7946144078274942 -0.1985948072578445 -0.7190962566707357 -0.6430162217312776 0.2037304495545631 1.6696414397713242 0.8042584486876336 -0.45051400076054504 0.45849990373222926 1.1568137690987244 0.8706914474964398 -0.672176580944384 -1.548302862264482 -1.1731647072748206 -1.5570728951105293 -1.2240308977818932 -1.1225177675888989 -1.9105052188062246 -2.30121018209762 -3.0883206300303407 -2.856791762894699 -2.3880335072734855 -2.1361143137707845 -1.3108542229577589 -0.6215296412584621 -0.46915032055839534 -0.4555567696470222 0.2526233826712754 0.6108792244322965 0.48195974159540533 -0.356893900128993 -0.23367493864203226 -0.366540936259645 -0.4739738386237211 -0.5678131900764241 -0.31677099985832813 0.12370389983438423 0.1276504146151054 -0.3178672539640841 -0.6577060267484063 -0.6967326729133156 0.11778412766330248 0.9868943827065628
0.9614612874530266 -0.5200165110654678 -0.5404068374325273 -0.32554103270437507 0.4047834525501912 1.5025723140541287 0.949840993932014 -0.3235677753140145 0.04455435339880953 0.9936911581622496 1.1938671578732731 0.20175719216420251 -1.4612602862674655 -1.2805976096388967 -1.4397737057946502 -1.1194482560927825 -1.1459776054520747 -1.8118423492881954 -2.231926922613848 -3.029780660782977 -2.7660219229381124 -2.6215356317994876 -2.6702093140950485 -2.6331559253204997 -1.9350613107751562 -1.1547476382981217 -0.16833819393898208 0.7505419975055956 1.3765030918922023 1.4839359942562784 0.7457184794402698 -0.02472890608496181 -0.4233268989377996 -0.6585830300330109 -0.7015561909786414 -0.7493528699895977 -0.703529448369002 -0.7651389291124824 -0.38912377083821603 -0.4584070303219874 -0.44481347941061466 0.0954205439058824 0.7095420939503256
-0.18017773828114558 -0.4134606119859967 -0.5697864474667846 -0.17710822678502902 0.6490288673126012 1.297572796277779 0.7564617696766773 -0.38715051344785545 0.48108273831080073 1.0855572522245924 0.9800976072508765 0.6998950578196741 0.8941512853596154 -1.017935125899788 -1.1957475418533916 -0.16154141848329573 -0.0589320341845454 -1.8754250874220364 -2.6430222122723026 -3.273806824724235 -3.510159209925203 -3.586239244864661 -3.5658489184976014 -3.3411168268176463 -2.637102440101221 -1.931114795994435 -0.7611924143317612 0.30239331907259226 0.8921780279692548 0.8893277672942896 0.528002414037152 0.5141896123046279 0.41947325756732035 -0.0012690682217861848 -0.555096642449656 -1.0422719670475686 -1.6175861217482537 -1.8830988661623276 -0.7142727386054095 0.33550019306641987 0.6069327096515753 0.2828799959901378 0.5319489288178731
-0.955448641871703 -0.5296635471961197 -0.23082467796706707 0.24955387117515881 0.8785844770578821 1.1421239640815952 -0.08918864750340738 -0.9885555158655306 0.778825353434097 1.3335299309465722 0.41267648211163355 -0.44766374008557985 0.938001449589851 -0.6956364188075597 -1.2913408998753042 -0.8890156430628968 -0.9350583155046435 -2.0589380247255704 -1.6868693812320252 -1.7971525442710667 -2.397899794225288 -2.8197383741201505 -2.959401147193449 -2.5893057610902646 -1.926072027107958 -1.8491149888838954 -1.0462184818282898 -0.45051400076054504 -0.18894777112719252 -0.5268132865211546 -0.6868663859615127 0.0366613238373672 0.7847451256051787 0.749664994220991 0.23113680219846033 -0.5678131900764241 -1.3441803477727376 -1.8392487019320924 -1.017935125899788 0.016270997470308135 0.5161628696949885 0.6167989966033782 1.327829409596641
-1.112651480637096 -0.671299577659779 0.519232381191105 1.07766422266315 1.3091930897987916 1.2359633155342986 0.5622055421367356 -0.9164219957067936 0.5718525782673871 1.3629095409808296 0.5551895158598978 -1.2132876075454857 -0.8363954459866147 -0.19464829247712334 0.11866113094790709 -0.24441822887844022 -1.4711265732192684 -2.144007343332227 -1.2865173818099784 -1.3362873182112953 -1.4417469631850108 -1.588206511713996 -1.7405858324140633 -1.5989498019504038 -1.0131116078344622 -1.153651384192366 -1.1380845758906324 -0.9418550909603303 -1.3840839972222516 -1.70638270431448 -1.3606241593590758 -0.6263531593237883 0.03183780577204143 0.5729488323731431 0.4078529640463078 0.22521703002737858 -0.3235677753140145 -1.0394217063726032 -1.6967356681838281 -0.9339620613988879 -0.051258255444254 0.591365901349842 1.5670320554725738
-1.0959884182296067 -0.8870423856725362 0.03863458122772778 1.2486798631610667 1.7055985744401174 1.4819627368659174 0.8638946720407534 -0.735759319078225 -0.47989361079480286 0.5534355092906886 0.5749220897635037 -1.0883146394893155 -1.0707745737972214 -0.16833819393898208 0.3100670978128832 -0.25428451583024314 -1.4143406105411138 -1.5853562510390309 -0.92321877116248 -1.246394481539313 -1.2757740915735707 -1.3393568297074117 -1.1742609613805763 -0.9164219957067936 -0.8627055445247556 -0.924315025268236 -0.9975447995327289 -0.9008551874050603 -1.1985978025283568 -1.9368153173443656 -1.890114892439165 -1.2933141572656648 -0.8997589332993043 -0.3840810019517389 0.05420138952946152 0.11186435549222074 0.14804074098216446 -0.7366363223628296 -1.6322759267653826 -1.7991258016614273 -0.9710154501734363 0.2653399302980435 1.0963005424609995
-0.9359353187892485 -0.8850691282821757 -0.7250160288418175 0.07678422410803254 1.5639625439764573 1.4723157007352659 0.7516382516113516 -0.641042964340917 -0.4046905791399493 0.3012970649668363 0.3004200616822317 -0.5189202569597122 -0.24946099776491693 0.03775757794312318 -0.4270541628973694 -0.2288514205767065 -0.5511501276689348 -1.270950573508245 -1.2494639930354297 -1.2963836687617813 -1.459287028877105 -1.2229346436761375 -0.9105022235357119 -0.7269892862321776 -0.6976096761979202 -0.5960965460049259 -0.8471387362230223 -0.8344221885962542 -0.9223417678778754 -2.1194512513632953 -2.503359439199004 -2.1810607321067756 -1.6331529300499872 -1.423329894208312 -1.2014480632033222 -0.7182192533861307 -0.5932462853299607 -1.220084383001172 -2.2288574111177315 -2.15957415163396 -1.3187472525192012 -0.39000077412282064 0.4361363199748096
-0.7708394504624132 -0.6840161252865475 -0.8938391611282226 -0.44854074337018446 0.7194083809021286 1.493802281208081 0.694852288933197 -0.2260011599017413 -0.2737978389126976 0.21929725785629683 -0.21920438444605495 -0.3226907720294099 0.3835161228985271 0.17939360840678287 -0.9096252202511073 -0.6204333871527066 -0.3088779702968858 -0.6164868723719854 -1.3139237344538752 -1.2121913534397297 -1.3911000234990891 -1.112651480637096 -0.7318128042975038 -0.5717597048571452 -0.5482998669939696 -0.42902742028773 -0.649812997186964 -0.6752460924405002 -0.9359353187892485 -1.876302090706641 -2.644995469662663 -2.789481760801288 -2.294413406641933 -2.1731677025453333 -2.0600342788313264 -1.7221687634373646 -1.7278692847872952 -2.105857700451922 -2.3656699235160654 -2.2299536652234875 -1.4075438350854275 -0.9280422892278062 -0.03656845042712531
-0.6800696105058264 -0.3656639329750404 -0.7397058338589462 -0.3108512276872464 0.10419057675192933 0.9000710575306972 1.021974514090751 0.28770351405546357 -0.2141616155595778 -0.26700106345701125 -0.6458664824062428 -0.41938038415707846 0.2817837418843818 0.12260764572862826 -0.5590431572303771 -0.4242039022224042 -0.7796094833084601 -1.0521382539993716 -1.138961579175237 -1.2240308977818932 -1.117474998702422 -1.0247319013554745 -0.6634065480983367 -0.4886636436408498 -0.4592840336065924 -0.79824580310631 -0.9789084797348786 -0.8401227099461845 -0.9447053516352955 -1.7903557688153802 -1.9701414421593444 -2.1536543794628784 -2.1663709270896465 -2.0247348966259873 -1.9466816042961685 -2.011141345714614 -2.011141345714614 -2.187857507562462 -2.3119534723340274 -2.0784513478080253 -1.4035973203047063 -0.9857052551905654 -0.26700106345701125
-0.5149737421789911 -0.1341350658393985 -0.15277138563724835 -0.5022571945522225 -0.32554103270437507 0.4381095773651702 1.2407868335996244 0.7330019318135013 -0.40951409720527554 -0.6156098690873804 -0.43297393506845117 -0.14290509868544587 -0.28169086847413993 -0.9135717350318284 -0.2005680646482051 -0.8440692247269057 -1.2797206063542919 -1.1556246415827265 -1.1830309942266235 -1.3588701527898663 -1.2113143501551251 -1.2034213205936828 -0.8109623507330781 -0.6673530628790578 -1.0120153537287062 -1.5022601898227352 -1.6741528336052571 -1.1273412856542249 -0.9582989025466682 -0.8168821229041598 -0.8773953495418843 -0.9670689353927151 -1.1058547051814096 -0.9749619649541574 -0.9789084797348786 -1.103881447791049 -1.1966245451379962 -1.3968005448490197 -1.8118423492881954 -1.8491149888838954 -1.2924371539810602 -0.6772193498308607 -0.12054151492802578
-0.5833799983781578 -0.3178672539640841 0.6382855770761937 -0.07559509659203467 -0.43297393506845117 0.16952732145497995 1.1822468643522606 1.3637865442654342 -0.32466402941977046 -0.671299577659779 -0.2113113548846126 0.4047834525501912 0.2837569992747424 -1.3266402820806436 -0.9319888040085273 -1.3362873182112953 -1.5960995412754384 -1.0657318049107443 -0.7776362259180996 -1.7855322507500544 -1.8089920886132302 -1.0569617720646973 -0.7651389291124824 -1.036571445697638 -1.5287895391820276 -1.7815857359693332 -1.7397088291294587 -1.153651384192366 -1.0139886111190668 -0.7651389291124824 -0.6057435821355774 -0.5901767738338441 -0.6039895755663682 -0.6478397397966034 -0.4584070303219874 -0.06682506374598773 -0.23477119274778824 -0.9992988061019381 -1.6362224415461037 -1.8822218628777228 -1.4222336401025562 -0.7807057374142161 -0.7581229028356447
-0.9192722563817588 -0.44481347941061466 0.5122163549142673 0.45762290044762466 0.11296060959797627 0.18027061169138747 0.8268412832662047 1.3843961214536447 0.6597721575490088 0.28770351405546357 -0.5531233850592954 -0.30010793745083886 0.4370133232594142 -0.9545716385870984 -0.6673530628790578 -1.0775713492529078 -1.181057736836263 -1.297260672046386 -1.2992339294367465 -1.1087049658563748 -1.8206123821342424 -1.2582340258814766 -0.6899358974576293 -0.8616092904189996 -1.409517092475788 -1.7346660602429815 -1.5941262838850778 -1.0385447030879986 -1.0931381575546413 -1.1790844794459023 -1.0688013164068608 -0.8206093868637301 -0.6283264167141489 -0.44569048269521927 -0.2610812912859295 -0.2288514205767065 -0.892962157843618 -1.918398248367667 -2.6487227336222334 -2.8138186019490687 -2.322696762570435 -1.8313556723706501 -2.063761542790896
