static/data/ASCData/20210127/ASCU/21.asc
ncols 97
nrows 97
xllcorner 99.0
yllcorner 2.0
cellsize 0.25
NODATA_value -32767
[rows 76 to 94 of 97, columns 0 to 42 of 97]
-4.681485621613705 -4.1502480199473695 -3.2313443580995216 -2.183523985157645 -0.9284751512209259 -1.0759393820283054 -1.3427030914857543 -2.9423694213310227 -3.1230360022425483 -3.182571250705155 -4.6297357517962086 -5.724497378333602 -5.868068919818426 -6.14536578861926 -6.315270228462544 -6.3816749286708365 -6.369996860703171 -6.1297950313290395 -5.7723545588285425 -5.691295028229456 -5.743960824946377 -5.726329232132452 -5.771438631929119 -5.9392822362486974 -6.030187981016601 -6.295806781849769 -6.51150756666429 -6.614091379399858 -6.676603390285595 -6.630807045314359 -6.504867096643461 -6.3329018212764705 -6.213831324351257 -6.115140200938244 -6.0281271454928955 -5.962867353908885 -5.778308083674804 -5.566271006457981 -5.3173678715393145 -5.113116172967603 -4.771475439482183 -4.4921177351576445 -4.107199455674407
-4.939319043801763 -4.923748286511543 -4.2761879686182676 -2.9851890038791287 -1.7441080551586365 -0.9003103990636159 -1.132726849792638 -1.3124775038047387 -1.451927374242152 -1.630762101354828 -2.3914393913270553 -3.737164988306821 -5.239056121638502 -5.543830797422077 -5.98233080052166 -6.050567354528801 -6.026295291694046 -5.809449598255244 -5.4549858881778786 -5.410105470106068 -5.52322244218502 -5.761592417760303 -5.81151043377895 -5.972484586352843 -6.068198947342727 -6.095676754325469 -6.277259262136418 -6.363127408957486 -6.461818532370499 -6.440294250234018 -6.388544380416522 -6.214747251250682 -6.034080670339156 -5.935389546926142 -5.840591112835685 -5.765485107082858 -5.620081711799184 -5.425676227396288 -5.197152465989821 -4.951913038668852 -4.610272305183433 -4.220545409478216 -3.83494018482041
-4.653091887731539 -4.877722959815451 -4.728426875209221 -3.4090341765879164 -2.9316072802627824 -2.086893697268337 -1.2469887304958713 -1.2128704534923007 -1.1737145785418939 -1.103417189011047 -1.0223576584119594 -1.4168931703391563 -3.1972260810959505 -4.609356378284009 -5.047627399658736 -5.628783017343719 -5.607258735207238 -5.474449334790654 -5.139449071326064 -5.059534449351257 -5.156164737240564 -5.436438368464528 -5.776247248151098 -5.937450382449848 -6.1052939867694285 -6.103462132970579 -6.17948406562283 -6.16872192455459 -6.2273412461177715 -6.264436285544472 -6.225509392318922 -6.087662393955502 -5.906995813043977 -5.784032626796208 -5.68923419270575 -5.560317481611721 -5.403236018360382 -5.209746460856911 -5.037094240315351 -4.797808337840644 -4.458915385053499 -4.0691884893482815 -3.640534700417514
-4.107199455674407 -4.375795018930706 -4.20589057908742 -3.775175954632947 -3.501771775154669 -2.6492728135151133 -1.7441080551586365 -1.4384174524756372 -1.2577508715641117 -0.8261203202102136 -0.8144422522425485 -0.3454876797370934 -0.783071755937252 -2.378845396459966 -3.8953913601824413 -4.66980755364604 -5.242032884061632 -5.153187974817435 -4.866044891847785 -4.777199982603587 -4.85139006145699 -5.193259776667266 -5.574056385103091 -5.879746987786092 -6.056520879375062 -6.103462132970579 -6.1336877206515945 -5.967675970130864 -5.973400513252269 -6.035912524138006 -6.015533150625806 -5.891425055753757 -5.779224010574229 -5.664962129870995 -5.535129491877541 -5.397282493514121 -5.235163432315947 -5.041902856537331 -4.874975179117176 -4.651260033932689 -4.310535227346694 -3.8974521957061468 -3.4589521926065636
-3.4999399213558195 -3.808378304737093 -4.0527018051586365 -4.128723737810888 -4.120938359165778 -3.0261767326283846 -1.4988686278376684 -1.0711307658063256 -1.2087487824448893 -1.1249414711475278 -0.816274106041398 0.26177185458149443 0.4435833441173007 -0.32602423312431816 -1.9666782917188428 -3.376747753383195 -4.3171756973675235 -4.903139931274486 -4.725450112786092 -4.624011208674804 -4.622866300050523 -4.920771524088412 -5.281188759012038 -5.607258735207238 -5.801664219610134 -5.871045682241556 -5.841736021459965 -5.731366830079287 -5.7556388929140425 -5.729305994555581 -5.745105733570657 -5.697248553075717 -5.595580667239573 -5.509712520418505 -5.396366566614697 -5.309353511169348 -5.089760037032272 -4.8699375811703405 -4.68056969471428 -4.482271520988829 -4.155056636169348 -3.7431185131530818 -3.2771407030707573
-3.131737307787083 -3.38064044270575 -3.5361190338830957 -3.6073323503133676 -3.482308328541894 -2.448226859091388 -1.1210487818249728 -0.9451908171354269 -1.247904657395296 -1.0125114442431438 -1.0047260655980335 -0.024226319763873683 0.6036415697917699 0.2599400007826449 -0.6149991698928163 -1.6609876890358435 -2.7898675925768073 -4.079950630416522 -4.5525689105196765 -4.477462904766849 -4.487080137210809 -4.6707234805454645 -4.976414083228464 -5.236308340940227 -5.399343329037827 -5.539938108099522 -5.65809267812531 -5.609319570730944 -5.4675798830449684 -5.388581187969587 -5.35240207544231 -5.315307036015609 -5.296759516302259 -5.280043850387758 -5.232186669892816 -5.183413562498449 -5.068235754895792 -4.8983313150525065 -4.615996848304837 -4.34259266882656 -3.9608801334913086 -3.52627281971428 -3.079987437969587
-2.5125707237759745 -2.7635346942183467 -2.5730218991380056 -2.6474409597162643 -2.9226769929933916 -2.3163333855742287 -1.0974636641647861 -0.8103205811951373 -1.0759393820283054 -0.8485605292461194 -1.19432293377895 0.01859326278423179 0.6972950952579473 0.2695572332266045 -0.10734668588666674 -0.16001248260358802 -0.6101905536708365 -2.2840469623695077 -3.9734741283583985 -4.3865571599989455 -4.3533548098948 -4.455022695730944 -4.717664734140982 -4.984199461873574 -5.156164737240564 -5.267449855520668 -5.420867611174308 -5.434377532940823 -5.307521657370499 -5.1786049462764705 -5.091591890831122 -5.072128444218347 -5.095484580153677 -5.094568653254252 -5.0487723082830165 -5.010532360232034 -4.897415388153082 -4.752698938043977 -4.453877787106663 -4.172688228983274 -3.8017378347162643 -3.4003328710433816 -2.996867071846794
-1.790820327029297 -2.0623926527087257 -1.841654269947369 -2.0788793368983707 -2.8583331283088054 -2.456012237736498 -1.268513012632352 -0.857261834790654 -0.9577848120025167 -0.6532391179437984 -1.0399892512258853 0.1397245952331505 0.4834261642422759 -0.013464178695633322 -0.24404877562580585 0.20819013096514816 0.09690501268504503 -0.4519641817952167 -2.6288934400029134 -3.8905827439604614 -4.235200239869012 -4.327937838435764 -4.405104679712297 -4.611188232082858 -4.844520609711305 -4.9958775298412395 -5.116092935390734 -5.2518790982304475 -5.245925573384187 -5.083806512186012 -5.026332099247111 -5.037094240315351 -5.043734710336181 -5.008700506433185 -4.965651942160223 -4.891461863306821 -4.758652462890238 -4.602486926538323 -4.329998673959469 -4.01835454643021 -3.663890836352844 -3.270500233049928 -2.8903905697886705
-1.3259874255712532 -1.5565720225014257 -1.3085848144821837 -1.0720466927057504 -1.8485237216930543 -2.328011453541894 -1.5380245027880752 -0.7468926434099756 -0.661940423488333 -0.9412981278128718 -0.9206897725758159 0.22170005273166282 -0.4217385941142011 -0.6747634000802791 -0.28412057747563724 0.17681963465985184 0.6398206823190464 0.5860099769778442 -1.439333379375062 -3.368962374738085 -3.9558425355444724 -4.258556375804342 -4.3132830080449684 -4.372818256507575 -4.570200503333602 -4.68056969471428 -4.771475439482183 -4.868105727371491 -4.942295806224893 -4.909093456120747 -4.9958775298412395 -5.0018310546875 -4.974582229429615 -4.936342281378632 -4.916878834765857 -4.825973089997954 -4.652175960832114 -4.308474391822989 -4.051556896534356 -3.8250939706515945 -3.514594751746615 -3.220582217031281 -2.863141744530785
-0.9715237154938876 -1.1796681033881544 -1.0750234551288806 -0.613167316093967 -0.49020412984619854 -0.9745004779170179 -1.38071405781188 -0.8748934276045799 -0.7313218861197555 -1.0809769799751412 -0.7800949935141217 0.3185593223458265 -0.3202996900029136 -0.613167316093967 -0.23924015940382604 0.04698699666639783 0.5537235537731231 0.9718441833605063 -0.5153921195803783 -2.602331559919597 -3.758689270443302 -4.100558985653578 -4.2684025899731575 -4.330914600858895 -4.393426611744632 -4.460747238852348 -4.412890058357407 -4.455938622630368 -4.532189537007476 -4.614164994505988 -4.689271000258815 -4.733235491431202 -4.706902593072741 -4.714687971717851 -4.726366039685516 -4.638437057340743 -4.543867604975141 -4.239092929191567 -3.979427653204659 -3.7195333954928955 -3.465592662627393 -3.174785872060045 -2.9304623716385017
-0.8680239758588946 -1.0603686247380852 -0.9325968222683372 -0.045750601900354404 0.09484417716133953 -0.27908297952880123 -0.6894182304710745 -0.8758093545040047 -0.7752863772921419 -0.9032871614867461 -0.6101905536708365 0.4337371299484851 0.09186741473820925 -0.23626339698069576 -0.4217385941142011 -0.1384882004671073 0.4570932658838154 0.8468201615890325 -0.0517041267466154 -1.9314151060909912 -3.179594488282025 -3.9480571568993623 -4.127807810911463 -4.336868125705156 -4.400296063490316 -4.293819561432193 -4.164902850338164 -4.167879612761295 -4.226498934324477 -4.31923653289123 -4.363201024063615 -4.406020606611721 -4.393426611744632 -4.401211990389742 -4.404188752812871 -4.34259266882656 -4.496926351379624 -4.220545409478216 -3.9773668176809536 -3.693200497134435 -3.4461292160146177 -3.2567613295585573 -3.01266681086187
-0.8357375526541733 -1.1013563534873412 -0.8758093545040047 0.037140782497582236 0.44747603343985576 0.0733198950248588 -0.6864414680479443 -0.9696918616950381 -0.7148352019301105 -0.7068208415601442 -0.6296540002836117 0.37305697286159756 0.19651206299748303 0.08225018229424963 -0.1034539965641117 -0.2225244934893249 0.3888567118766737 0.7238569753412643 0.003938432393436386 -1.5574879494008504 -2.52241693794479 -3.4012487979428063 -4.1669636858618695 -4.375795018930706 -4.443344627763278 -4.327937838435764 -4.096666296331023 -4.038962901667266 -4.054533658957486 -4.101474912553003 -4.131700500234018 -4.100558985653578 -4.087736009061632 -4.082927392839652 -4.055449585856911 -4.0730811786708365 -4.180473607628384 -3.6082482772127924 -3.8221172082284642 -3.574130000209222 -3.5319973628356847 -3.343545403279049 -2.9902266018259644
-0.49501274606817836 -0.986178545884683 -0.8055119649731575 -0.2625962953391563 0.16720240221589222 -0.10528585036296123 -0.8886323310959507 -1.372012752267345 -0.9284751512209259 -0.7187278912526656 -0.8689399027583193 0.15735618804707663 0.5285355640389433 0.47770162112087133 0.08408203609309917 -0.21954773106619463 0.216891436509683 0.5079272088018869 -0.13459551114455226 -1.2801910806000172 -2.066285342031281 -3.02823756815209 -3.8612730831788706 -4.404188752812871 -4.480439667189979 -4.458915385053499 -4.253747759582362 -4.050640969634931 -3.9862971049503444 -3.991105721172324 -3.880736529791646 -3.8367720386192596 -3.8308185137729986 -3.8505109421106303 -3.792807547446873 -3.8827973653153514 -3.482308328541894 -2.344498137731539 -3.1541775168229886 -3.84272556346552 -3.734188225883691 -3.394379346197121 -3.0458691609660162
0.21986819893281329 -0.37388141361925964 -0.7010962984387399 -0.3867043902112055 -0.28114381505250696 -0.4794419887779582 -0.8446678399235643 -1.2410352056496108 -1.4333798545288012 -0.7929179701060678 -0.9472516526591326 -0.757654784478216 -0.0008701838285434249 0.2022366061188876 -0.12772605939886672 -0.3269401600237427 -0.05948950539172548 0.13193921658804042 -0.3992983850782954 -1.193178025154669 -1.5984756781501064 -2.5418803845575653 -3.51848744106917 -4.15620154479363 -4.462808074376054 -4.487080137210809 -4.452961860207238 -4.194212511119755 -4.141546714402834 -3.9617960603907334 -3.8289866599741496 -3.7634978866652817 -3.7410576776293762 -3.597486136144552 -3.474522949896784 -3.584892141277462 -3.095558195259807 -2.0887255510671863 -3.187379866927135 -3.933402326508567 -3.8466182527880752 -3.5077253000009296 -3.1921884831491143
0.9961162461952613 0.5596770786193836 -0.013464178695633322 -0.19229890580830933 -0.27427436330682164 -0.2976304992421519 -0.4091445992471112 -1.003810138698609 -1.7489166713806164 -0.8778701900277102 -0.7157511288295353 -0.7624634007001958 -0.27129760088369115 -0.24977331874721043 -0.5057748871364189 -0.5321077854948795 -0.3319777579705787 -0.2724425095079721 -0.7381913378654408 -1.081892906874566 -1.2762983912774621 -1.9511075344286226 -2.9558793430975374 -3.8221172082284642 -4.275272041718843 -4.423652199425646 -4.493033662057069 -4.3943425386440556 -4.383580397575816 -4.172688228983274 -4.057510421380616 -3.995914337394304 -3.924701020964032 -3.6844991915899 -3.3133198155980335 -3.2762247761713326 -3.4930704696101342 -3.149368900601009 -3.5164266055454645 -3.708771254424655 -3.780213552579783 -3.5945093737214218 -3.1990579348948
0.7765227720581853 1.4483551527862155 0.7822473151795899 0.37603373528472783 0.15346349872452159 -0.01941770354189387 -0.16390517192614307 -0.5458466889862501 -1.3484276346071589 -1.1835607927107095 -0.6326307627067422 -1.0253344208350896 -0.9793090941389977 -0.7480375520342566 -0.661940423488333 -0.6894182304710745 -0.5925589608569108 -0.3992983850782954 -0.7097976039832745 -0.9490835064579819 -1.1180720194018423 -1.576035469114201 -2.4296793393780374 -3.3632378316166807 -4.00095193534114 -4.234284312969587 -4.258556375804342 -4.19810520044231 -4.084759246638502 -4.153224782370499 -4.16398692343874 -4.092544625283612 -4.00095193534114 -3.804485615414538 -3.501771775154669 -3.4081182496884916 -3.5400117232056507 -3.640534700417514 -3.530165509036835 -3.4969631589326893 -3.5203192948680195 -3.3611769960929747 -3.083880127292142
0.944366376377765 1.5323914458084333 1.1037376568776658 0.4738089317983163 0.2393316455455885 0.046071069766973505 -0.3143461651566528 -0.6628563503877578 -0.8650472134357641 -1.0322038725807752 -0.534168621018585 -1.1102866407567322 -1.1004404265879166 -0.6708707107577241 -0.6014892481263019 -0.9667150992719078 -0.9930479976303683 -0.4636422497628818 -0.3924289333326101 -0.5476785427850996 -0.9442748902360023 -1.4001775044246552 -2.074070720676391 -2.9022976194811916 -3.5203192948680195 -3.7996769991925583 -3.8074623778376684 -3.8173085920064844 -3.7703673384109675 -3.8933305246587357 -3.8202853544296147 -3.772428173934673 -3.7820454063786326 -3.8191404458053335 -3.664806763252269 -3.6668675987759745 -3.580999451954907 -3.7557125080201716 -3.4910096340864287 -3.3007258207309436 -3.0683093700019217 -2.904129473280041 -2.7937602818993623
0.3213071030441008 1.0822133747411846 0.9668065854136705 0.30779718127758615 0.07538073054856431 -0.17077462367182838 -0.5937038694811916 -0.986178545884683 -0.8210827222633779 -0.9042030883861709 -0.8542850723675237 -1.1659291998967838 -1.0741075282294559 -0.8339056988553237 -0.8817628793502652 -1.111202567656157 -1.0095346818200133 -0.5291310230717492 0.07835749297169459 -0.00865556247365351 -0.5165370282046593 -1.1677610536956333 -1.8240226771334431 -2.4042623679190016 -2.936415896484762 -3.232260284998946 -3.2968331314083885 -3.457807283982283 -3.6082482772127924 -3.547797101850761 -3.2849260817158674 -3.3162965780211637 -3.6503809145863295 -3.7616660328664326 -3.708771254424655 -3.7078553275252304 -3.6082482772127924 -3.7859380957011877 -3.5878689037005924 -3.298664985207238 -3.011521902237589 -2.6911764691637945 -2.53798769523501
-0.23237070765814072 0.670046270000062 0.6123428753363047 0.29108151536308524 0.05294052151265882 -0.22458532901303063 -0.7322378130191802 -1.0594526978386605 -0.9499994333574067 -1.3417871645863295 -1.6864046604948795 -1.9433221557835125 -1.8006665411981129 -1.513523458228464 -1.491999176091983 -0.8503923830449687 -0.6843806325242388 -0.5174529551040841 0.08225018229424963 0.24620109729127426 -0.05651274296859521 -0.7235365074746454 -1.3259874255712532 -1.8972968290874206 -2.343582210832114 -2.6600349545833537 -2.9178683767714118 -3.1308213808876584 -3.379724515806325 -3.136545924009063 -2.8484869141399893 -2.8787125018210054 -3.2214981439307055 -3.6082482772127924 -3.6151177289584777 -3.6512968414857543 -3.575045927108646 -3.702130784403826 -3.734188225883691 -3.409950103487341 -3.071057150700196 -2.7596420048957917 -2.4012856054958713
