static/data/thetao/2023/7/25/0.asc
ncols 137
nrows 93
xllcorner 108.0
yllcorner 17.0
cellsize 0.25
NODATA_value -32767
[rows 0 to 26 of 93, columns 61 to 121 of 137]
-32767.0 -32767.0 -32767.0 -32767.0 -32767.0 -32767.0 -32767.0 -32767.0 -32767.0 -32767.0 -32767.0 -32767.0 -32767.0 -32767.0 -32767.0 -32767.0 -32767.0 -32767.0 -32767.0 24.010592 23.538605 21.582397 22.500114 23.44032 23.637177 23.616606 23.507292 24.003796 24.376965 24.522905 24.59878 24.735277 24.821657 24.804447 24.718609 24.199862 24.076866 24.17177 23.448372 23.92669 23.934654 23.215212 23.030928 22.818748 23.157728 23.709967 23.90118 23.983442 24.154118 24.207754 24.194664 24.158558 24.118265 24.175734 24.307543 24.321941 24.360954 24.316114 24.473652 24.094513 24.108036
25.464502 26.387342 26.659603 27.509535 27.773676 27.889988 28.178585 -32767.0 -32767.0 -32767.0 -32767.0 -32767.0 -32767.0 -32767.0 -32767.0 -32767.0 -32767.0 -32767.0 23.49805 22.768261 22.017193 22.720657 23.516624 23.476164 23.04649 23.025778 22.994047 23.190395 23.49391 23.45067 23.391354 23.880985 24.158537 24.790937 24.425858 24.353456 24.140877 24.146875 23.896591 24.199896 23.609537 23.478104 23.182705 23.237112 23.87278 24.088049 23.781315 23.93378 24.329178 24.701975 24.752708 24.55972 24.386118 24.24829 24.403732 24.641167 24.440104 24.466675 24.150124 24.42099 24.56522
26.476034 26.292435 25.567228 25.473783 25.827913 26.293709 27.391666 26.984718 26.599554 -32767.0 -32767.0 -32767.0 -32767.0 -32767.0 -32767.0 -32767.0 -32767.0 -32767.0 23.20737 22.265697 22.184525 22.986671 23.144455 23.4322 23.11018 23.667385 23.348753 22.71814 22.012154 20.939455 21.453403 21.562565 22.853914 24.242085 24.117834 24.272543 24.365288 24.5078 24.181887 23.612677 23.016527 23.674385 23.523037 23.545584 24.14193 24.022615 24.515413 24.833836 24.962015 24.970083 24.827818 24.326908 24.451988 24.700895 24.859253 24.455858 24.191372 24.307636 24.289085 24.54843 24.834286
24.770147 24.848469 24.622952 25.072311 24.96129 25.215017 25.12908 26.232367 26.415905 -32767.0 -32767.0 -32767.0 -32767.0 -32767.0 -32767.0 -32767.0 -32767.0 25.807499 24.014824 22.926573 23.210466 23.171244 23.463377 23.647142 23.779676 23.075386 22.134123 21.477219 20.476402 21.534264 22.437792 21.807245 22.612139 24.164131 24.046722 24.126944 24.384819 23.38011 22.221127 22.897867 24.03138 24.044365 23.939571 24.24519 24.261757 24.38632 24.6873 24.713259 24.773687 24.94359 24.99374 24.461737 24.700928 24.85911 24.900282 24.909237 24.731808 24.514097 24.697977 25.084063 25.39941
24.785414 25.107286 24.97004 24.78101 24.797348 24.52287 25.10959 25.615356 -32767.0 -32767.0 -32767.0 -32767.0 -32767.0 -32767.0 -32767.0 -32767.0 -32767.0 -32767.0 -32767.0 23.500221 22.881039 23.173367 23.630447 23.772036 23.647633 22.909931 21.459164 20.732227 23.274925 24.16526 24.062428 23.115297 22.14485 22.585865 23.2814 23.689861 22.896221 21.93817 23.879316 24.02969 24.081553 24.316969 24.22212 24.408585 24.268082 24.153227 24.499775 24.746979 25.014502 25.214033 25.047337 24.70141 24.74819 24.849016 24.731554 25.004587 25.171804 25.223064 25.439646 25.570576 25.752897
24.94467 25.076088 25.11035 24.90594 24.726902 24.787642 25.040674 26.09435 -32767.0 -32767.0 -32767.0 -32767.0 -32767.0 -32767.0 -32767.0 -32767.0 -32767.0 -32767.0 -32767.0 -32767.0 24.193977 23.506168 23.864424 23.669643 23.54903 22.635107 21.643093 21.37656 24.313461 24.85863 24.72915 24.39001 23.521078 23.410643 23.347458 22.90291 22.38598 23.89959 24.333132 24.35469 24.264572 24.38978 24.459427 24.526388 24.568178 24.845486 25.054504 25.207186 25.45682 25.41869 25.20703 25.051212 24.636292 24.672523 24.504301 24.899618 25.094833 25.286638 25.438742 25.641035 25.95369
25.468845 25.44099 25.457958 25.12498 24.993889 25.350286 25.247095 26.591143 -32767.0 -32767.0 -32767.0 -32767.0 -32767.0 -32767.0 -32767.0 -32767.0 -32767.0 -32767.0 -32767.0 -32767.0 -32767.0 23.863686 23.217161 23.653439 23.536562 23.61768 22.119658 21.343864 23.49975 24.82358 24.945038 24.529142 24.198774 24.099062 23.871244 23.295547 23.46078 24.396904 24.510061 24.500885 24.510592 24.536472 24.746319 24.94914 25.215206 25.469337 25.552536 25.643457 25.589037 25.283022 25.117413 25.10443 24.789103 24.595766 24.888758 25.091024 25.665714 25.690382 25.756042 25.73071 26.233997
25.717981 25.664272 25.6055 25.505577 25.230816 25.564035 25.649815 -32767.0 -32767.0 -32767.0 -32767.0 -32767.0 -32767.0 -32767.0 -32767.0 -32767.0 -32767.0 -32767.0 -32767.0 -32767.0 -32767.0 -32767.0 23.323473 23.88674 23.64162 23.667988 21.831512 21.721388 23.138006 24.598518 25.006851 24.328323 24.40559 24.416315 24.505014 24.50888 24.787016 24.941816 24.423897 24.582064 24.70863 24.781689 25.017279 25.258373 25.494503 25.541615 25.678438 25.285753 25.26746 25.205435 25.12572 24.944223 25.055735 24.97963 25.089678 25.443314 26.032244 25.767992 26.09654 26.158018 26.285852
25.712767 25.766476 25.81169 25.668518 25.44922 25.730696 -32767.0 26.835007 -32767.0 -32767.0 -32767.0 -32767.0 -32767.0 -32767.0 -32767.0 -32767.0 -32767.0 -32767.0 -32767.0 -32767.0 -32767.0 -32767.0 23.788826 23.995846 23.967672 23.78654 20.381931 22.008778 23.784388 24.623344 24.602867 24.929815 24.09685 24.84166 25.06864 25.072748 25.1379 25.03074 25.04225 25.066616 25.101591 25.27125 25.483965 25.53529 25.46567 25.700293 25.26708 25.439371 25.715511 25.805914 25.125513 25.259096 25.227818 25.181652 25.112507 25.832338 26.203909 26.457163 26.894815 26.839489 -32767.0
25.523832 25.764603 25.945992 25.92284 25.585838 25.471106 25.614723 25.986235 26.300346 27.199146 26.814703 26.753141 27.364561 -32767.0 -32767.0 -32767.0 -32767.0 -32767.0 -32767.0 -32767.0 -32767.0 -32767.0 -32767.0 23.849895 23.96148 21.170303 20.562696 22.206995 23.392706 24.216434 24.456913 24.75503 23.971138 24.762354 24.957329 24.963139 25.000673 24.989786 25.1084 25.422327 25.55729 25.759745 25.653622 25.544825 25.725605 25.514887 25.34254 25.425125 25.40098 26.171316 26.161755 25.701796 25.422768 25.479773 25.876719 26.005064 26.338907 26.41411 26.907675 26.984123 26.771849
25.72455 26.009203 26.310976 26.171648 25.787645 25.715576 25.857683 25.39708 25.304312 25.87209 25.305748 25.453045 25.562996 -32767.0 -32767.0 -32767.0 -32767.0 -32767.0 -32767.0 -32767.0 -32767.0 -32767.0 -32767.0 -32767.0 23.16675 20.133345 20.942629 21.884836 22.446732 24.196672 24.2955 24.711819 24.306915 24.178679 24.445517 24.748125 24.572136 25.134562 25.472717 25.79357 25.904093 25.697392 25.814169 25.597383 25.68658 25.56165 25.417555 25.473696 26.173967 26.11359 26.038658 25.859833 25.882801 25.760305 26.038393 26.346296 -32767.0 27.163921 27.152718 27.07898 26.906837
26.035614 25.711226 26.285141 26.328999 26.030472 25.928205 25.86724 25.418522 24.696362 24.795366 24.150005 24.666594 25.021832 25.635695 26.639458 -32767.0 -32767.0 -32767.0 -32767.0 -32767.0 -32767.0 -32767.0 -32767.0 -32767.0 -32767.0 20.42946 21.257132 22.684345 22.953703 22.936037 24.129164 24.628147 24.36809 24.388947 24.625221 24.85108 25.264515 25.234764 25.875446 25.854622 25.724098 26.101202 26.13444 25.863535 25.859114 26.06894 26.202274 26.224451 26.168638 26.088629 26.111645 26.3159 25.957642 26.065012 -32767.0 -32767.0 27.267841 27.335693 27.012926 27.327723 27.097593
25.640068 25.551085 26.143494 26.352724 26.380703 26.344889 26.162514 25.809431 24.938883 24.514616 24.559973 24.38739 24.551155 -32767.0 26.570654 -32767.0 -32767.0 -32767.0 -32767.0 -32767.0 -32767.0 -32767.0 -32767.0 -32767.0 -32767.0 20.508675 21.676704 23.633 23.234352 22.856928 22.303465 23.588636 24.641247 24.689384 24.647028 24.761587 25.376743 25.3432 25.795681 26.12081 25.990786 26.305798 26.41968 26.523548 26.410288 26.44551 26.4609 26.291664 26.199114 26.123995 25.995243 26.1772 26.397594 26.500948 -32767.0 27.872654 27.218206 27.394918 -32767.0 -32767.0 -32767.0
26.103413 25.735205 26.294891 26.33274 26.333473 26.174053 26.146845 25.965563 25.576788 25.23028 24.546646 24.486145 -32767.0 -32767.0 -32767.0 -32767.0 -32767.0 -32767.0 -32767.0 -32767.0 -32767.0 -32767.0 -32767.0 -32767.0 -32767.0 20.364355 21.262373 24.499949 24.317677 23.858273 23.325768 22.755491 22.888567 23.79084 24.643663 25.226768 25.597347 25.339352 25.655651 25.966862 26.283693 26.39846 26.561426 26.664894 26.614136 26.702185 26.632465 26.542072 26.190434 25.954458 25.819607 26.154459 26.027948 26.595257 27.569311 -32767.0 27.154291 -32767.0 -32767.0 -32767.0 -32767.0
26.13552 25.97395 26.264036 26.36473 26.193018 26.097063 25.972595 25.876062 25.720806 25.078615 24.695812 24.577278 25.785414 -32767.0 -32767.0 -32767.0 -32767.0 -32767.0 -32767.0 -32767.0 -32767.0 -32767.0 -32767.0 -32767.0 -32767.0 20.0005 20.684143 23.872812 24.904274 24.568933 24.460266 24.554089 24.519958 24.756655 25.329193 25.592455 25.58977 25.58744 25.720385 26.01513 26.425182 26.427147 26.431757 26.745888 26.593086 26.914463 26.92633 26.5787 26.35831 26.055092 26.047617 26.407007 26.234913 27.70851 -32767.0 -32767.0 -32767.0 -32767.0 -32767.0 -32767.0 -32767.0
26.51746 26.147987 26.305449 26.385752 26.312628 26.116901 25.981865 25.730585 25.48508 25.212833 24.915226 24.43904 24.184086 26.08586 -32767.0 -32767.0 -32767.0 -32767.0 -32767.0 -32767.0 -32767.0 -32767.0 -32767.0 -32767.0 -32767.0 20.531693 21.066437 23.76853 24.85702 24.955011 25.163622 24.858536 25.44307 25.637133 25.47283 25.295776 25.251099 25.31335 25.49303 26.3222 -32767.0 26.413458 26.656988 26.86413 26.45704 27.124226 26.729366 26.40966 26.311642 26.331755 26.258957 26.454771 -32767.0 -32767.0 -32767.0 -32767.0 -32767.0 -32767.0 -32767.0 -32767.0 -32767.0
26.359428 26.257486 26.283592 26.248215 26.29508 26.236925 26.046404 25.58599 24.981907 24.742458 24.63908 24.486376 23.562027 25.384804 -32767.0 -32767.0 -32767.0 -32767.0 -32767.0 -32767.0 -32767.0 -32767.0 -32767.0 -32767.0 -32767.0 -32767.0 21.450214 24.48037 25.130173 25.26927 25.104294 25.209135 25.475266 25.43542 25.781172 26.283724 26.044527 25.7041 26.051273 26.397833 26.401024 26.98057 26.940472 26.766823 26.518038 26.56488 27.158384 26.662949 26.544552 26.181498 27.000376 27.256075 -32767.0 -32767.0 -32767.0 -32767.0 -32767.0 -32767.0 -32767.0 -32767.0 -32767.0
26.6298 26.47726 26.573366 26.55291 26.275991 26.130108 25.952215 25.708485 24.661163 23.658747 23.99846 23.94796 23.193539 25.15206 25.493587 -32767.0 -32767.0 -32767.0 -32767.0 -32767.0 -32767.0 -32767.0 -32767.0 -32767.0 -32767.0 18.74596 21.901207 25.29021 25.483099 25.317448 25.415339 25.441118 25.68032 26.594967 26.83292 26.429346 25.443806 26.107767 26.371567 26.642448 26.925108 26.888983 27.358917 27.262728 26.985071 27.283657 26.86442 26.366373 -32767.0 27.040232 27.914324 27.949312 -32767.0 -32767.0 -32767.0 -32767.0 -32767.0 -32767.0 -32767.0 -32767.0 -32767.0
26.967794 26.797298 26.628962 26.527206 26.177235 25.849192 25.329344 24.931614 24.430468 23.51343 22.857487 23.00074 24.310148 25.400764 -32767.0 -32767.0 -32767.0 -32767.0 -32767.0 -32767.0 -32767.0 -32767.0 -32767.0 -32767.0 -32767.0 19.399408 23.175982 25.558708 25.791265 25.877485 25.908102 26.195482 26.557146 26.834732 27.149843 27.13313 26.845438 27.411455 26.925587 -32767.0 -32767.0 27.245562 27.572824 -32767.0 -32767.0 -32767.0 -32767.0 -32767.0 -32767.0 -32767.0 -32767.0 -32767.0 -32767.0 -32767.0 -32767.0 -32767.0 -32767.0 -32767.0 -32767.0 -32767.0 -32767.0
26.939116 26.75572 26.536217 26.034237 25.572329 24.753683 24.27656 24.06634 23.414497 22.718473 22.920864 22.216171 24.941982 -32767.0 -32767.0 -32767.0 -32767.0 -32767.0 -32767.0 -32767.0 -32767.0 -32767.0 -32767.0 -32767.0 20.59692 23.125563 24.824804 25.876577 26.102322 26.370022 26.389845 26.570683 27.052788 27.369131 26.733702 26.905458 27.335249 26.895195 -32767.0 -32767.0 -32767.0 -32767.0 -32767.0 -32767.0 -32767.0 -32767.0 -32767.0 -32767.0 -32767.0 -32767.0 -32767.0 -32767.0 -32767.0 -32767.0 -32767.0 -32767.0 -32767.0 -32767.0 -32767.0 -32767.0 -32767.0
26.788717 26.61792 26.31614 26.046844 25.791382 25.355703 24.570738 23.556742 23.199896 22.342264 22.434162 21.880028 25.09899 -32767.0 -32767.0 -32767.0 -32767.0 -32767.0 -32767.0 -32767.0 -32767.0 23.091932 23.743587 23.066872 23.507362 26.618986 26.239054 25.912664 26.331347 26.471376 26.803007 27.40482 27.34039 26.911438 27.00186 27.28482 -32767.0 -32767.0 -32767.0 -32767.0 -32767.0 -32767.0 -32767.0 -32767.0 -32767.0 -32767.0 -32767.0 -32767.0 -32767.0 -32767.0 -32767.0 -32767.0 -32767.0 -32767.0 28.599121 -32767.0 -32767.0 -32767.0 -32767.0 -32767.0 -32767.0
26.712545 26.720022 26.438232 26.16733 25.81296 25.435 24.632183 24.117514 24.063469 23.923159 22.787683 22.08175 23.599785 -32767.0 -32767.0 -32767.0 -32767.0 27.853521 23.952095 25.413986 24.611134 23.445032 23.30609 23.522102 27.161354 26.521656 26.17357 26.199743 26.152258 26.39616 27.112076 27.610172 26.921225 26.830168 27.014074 -32767.0 -32767.0 -32767.0 -32767.0 -32767.0 -32767.0 -32767.0 -32767.0 -32767.0 -32767.0 27.246254 27.94018 -32767.0 -32767.0 -32767.0 -32767.0 -32767.0 -32767.0 -32767.0 26.82746 -32767.0 -32767.0 -32767.0 -32767.0 -32767.0 25.901567
26.605776 26.53281 26.096148 25.722475 25.492636 25.297705 25.08639 24.716366 24.339088 23.815914 22.512146 21.174505 -32767.0 25.306347 -32767.0 24.953562 -32767.0 24.885544 -32767.0 22.778706 22.96267 23.133974 23.781532 26.561829 27.365461 26.354408 26.538189 26.709969 26.851767 27.185423 27.893673 27.58285 26.802841 -32767.0 -32767.0 -32767.0 -32767.0 -32767.0 -32767.0 -32767.0 -32767.0 27.809652 28.02194 27.792849 27.208838 26.556099 27.053505 27.021662 27.079432 -32767.0 -32767.0 -32767.0 -32767.0 -32767.0 26.47116 26.566797 26.877104 27.484562 28.182482 28.125103 27.219332
26.495125 26.53915 26.251945 25.89428 25.635155 25.426682 25.219002 25.01908 24.791767 24.35353 23.171717 22.627373 22.06354 22.172728 22.242422 22.16682 21.961452 22.219654 22.81432 23.48025 24.007233 24.53334 25.985035 27.338163 -32767.0 26.446245 27.26557 27.840418 28.15861 27.996202 27.682222 -32767.0 -32767.0 -32767.0 -32767.0 -32767.0 26.580395 27.602634 26.262234 27.23196 27.906593 28.10624 28.87148 -32767.0 -32767.0 27.38754 27.179443 26.26509 -32767.0 -32767.0 -32767.0 -32767.0 -32767.0 27.438223 26.967104 27.545296 28.37753 28.345146 28.311659 28.301819 28.378658
26.554533 26.3428 26.21249 25.843246 25.65871 25.656534 25.469175 25.350573 24.230051 24.469929 24.150587 24.466818 23.911999 23.487904 23.425386 24.105844 22.877863 23.205563 25.161451 26.922981 27.044346 26.816452 27.037783 27.095135 27.405926 27.795965 27.687359 27.665564 28.105787 28.06364 28.06145 30.186073 -32767.0 27.22731 27.324177 -32767.0 26.576664 26.48024 26.449642 -32767.0 28.611454 28.35582 -32767.0 -32767.0 -32767.0 -32767.0 26.162584 26.023489 -32767.0 -32767.0 -32767.0 -32767.0 27.565691 28.14709 27.933882 28.32976 28.296818 28.22704 28.448488 28.439672 28.707628
26.790411 26.66738 26.350803 26.06256 25.90179 25.836653 25.78234 25.742191 25.791454 25.825478 25.883863 25.896137 25.939596 26.245062 26.532244 26.591198 24.733284 26.124931 26.67328 27.191479 27.547525 27.736715 27.85096 27.970762 27.884796 27.450775 -32767.0 27.459024 27.992683 -32767.0 -32767.0 30.560211 28.788738 28.212326 27.528255 26.32021 26.710144 26.883364 -32767.0 -32767.0 -32767.0 -32767.0 -32767.0 -32767.0 -32767.0 -32767.0 27.142612 26.98614 26.47577 -32767.0 -32767.0 27.79157 28.383726 28.262428 28.350714 28.3819 28.228348 28.384909 28.6087 28.711779 28.796045
26.4106 26.287542 26.120049 25.99409 25.89004 25.900858 25.98421 26.006338 25.967943 26.101738 26.283821 26.40997 26.687065 -32767.0 -32767.0 26.002111 27.244772 27.681818 27.78451 27.859396 27.94879 27.993664 27.902819 27.853422 27.394146 27.32467 27.599571 27.985273 -32767.0 -32767.0 -32767.0 -32767.0 -32767.0 -32767.0 26.380423 26.174055 26.016424 -32767.0 -32767.0 -32767.0 -32767.0 -32767.0 28.166008 -32767.0 27.330791 27.302725 27.684584 27.17077 27.146704 27.321688 -32767.0 28.365858 28.558172 28.509209 28.476063 28.429602 28.284721 28.457373 28.693617 29.009253 28.886599
