static/data/thetao/2023/7/25/12.asc
ncols 137
nrows 93
xllcorner 108.0
yllcorner 17.0
cellsize 0.25
NODATA_value -32767
[rows 0 to 26 of 93, columns 61 to 121 of 137]
-32767.0 -32767.0 -32767.0 -32767.0 -32767.0 -32767.0 -32767.0 -32767.0 -32767.0 -32767.0 -32767.0 -32767.0 -32767.0 -32767.0 -32767.0 -32767.0 -32767.0 -32767.0 -32767.0 24.936209 24.244865 22.344193 23.274364 24.113008 24.304296 24.252514 24.174217 24.433218 24.751162 24.866993 24.973787 25.072607 25.181297 25.226841 25.31631 24.97336 24.85122 24.94051 24.379673 24.58837 24.687744 24.051903 23.507975 23.305962 23.612461 24.083344 24.237846 24.247677 24.365623 24.51763 24.548632 24.462017 24.525713 24.482773 24.581478 24.606895 24.733603 24.760885 24.891388 24.515581 24.462349
25.847345 26.515781 26.98895 27.745102 27.937788 28.061905 28.387466 -32767.0 -32767.0 -32767.0 -32767.0 -32767.0 -32767.0 -32767.0 -32767.0 -32767.0 -32767.0 -32767.0 24.055492 23.307056 22.9633 23.26702 24.066742 24.111025 23.74021 23.724459 23.745644 23.774883 23.957094 24.00852 23.637852 24.312355 24.906918 25.462294 25.208609 25.151142 25.09591 25.02967 24.83095 24.699442 24.204659 23.976316 23.641933 23.631113 24.288504 24.560305 24.258791 24.258451 24.584595 25.01796 25.058039 24.826658 24.793705 24.680132 24.706537 24.993 24.834625 24.806896 24.653206 24.873684 24.883812
26.772236 26.536713 25.832602 25.693645 26.033075 26.517359 27.58661 27.22322 26.989086 -32767.0 -32767.0 -32767.0 -32767.0 -32767.0 -32767.0 -32767.0 -32767.0 -32767.0 24.114616 23.161633 23.07271 24.19307 24.192066 24.119375 24.1587 24.52837 24.372707 23.827188 23.604654 22.16581 21.890057 22.77753 24.069387 25.132214 25.037111 25.11298 25.153217 25.124916 24.745743 24.23015 23.40744 24.00487 23.76494 23.921907 24.500477 24.42979 24.801275 25.199427 25.220453 25.276524 25.244284 24.637695 24.737577 24.989395 25.16947 24.75836 24.719255 24.8381 24.91463 24.935709 25.176235
25.354729 25.346384 25.233606 25.526804 25.288664 25.506907 25.33442 26.432169 26.70057 -32767.0 -32767.0 -32767.0 -32767.0 -32767.0 -32767.0 -32767.0 -32767.0 27.0633 25.192478 23.702166 24.214872 24.374655 24.47309 24.5651 24.508316 24.004454 23.426058 22.945576 22.598103 22.243053 22.89235 22.956448 23.47498 24.931133 24.808449 24.818817 24.75306 23.845676 22.926674 22.93333 23.913616 24.211678 24.144455 24.536762 24.616127 24.773611 25.140541 25.017384 25.117382 25.35679 25.346258 24.766344 25.077095 25.259222 25.299715 25.264202 25.017477 24.792631 24.86753 25.33455 25.852764
25.403618 25.685982 25.553885 25.24175 24.961615 24.738712 25.318314 25.787098 -32767.0 -32767.0 -32767.0 -32767.0 -32767.0 -32767.0 -32767.0 -32767.0 -32767.0 -32767.0 -32767.0 24.098415 23.895037 24.458088 24.901329 24.681116 24.43964 23.94754 22.532164 22.16499 23.327894 24.879747 24.72215 23.918663 23.26869 23.259962 23.57948 23.819426 23.874153 22.785135 24.159313 24.462667 24.532156 24.603683 24.42933 24.75072 24.642904 24.551678 24.872547 25.043562 25.211369 25.51466 25.474716 25.049528 25.085493 25.26422 25.332952 25.454294 25.580084 25.63588 25.850105 26.053865 26.246428
25.602125 25.735462 25.745106 25.405476 24.971867 24.959522 25.172321 26.427229 -32767.0 -32767.0 -32767.0 -32767.0 -32767.0 -32767.0 -32767.0 -32767.0 -32767.0 -32767.0 -32767.0 -32767.0 25.382687 24.348953 24.49795 24.273573 24.17922 24.209291 23.03417 22.253366 24.119516 25.412136 25.398043 25.2212 24.921778 24.308952 24.012373 24.008175 23.345837 24.390772 24.825325 24.672056 24.43804 24.622976 24.674679 24.850222 24.845514 25.029587 25.2377 25.425795 25.701084 25.85914 25.712135 25.34083 25.140285 25.151358 25.024557 25.37266 25.526342 25.703907 25.834383 26.15738 26.388151
26.065111 26.060236 26.055044 25.708239 25.45486 25.709608 25.646393 26.912796 -32767.0 -32767.0 -32767.0 -32767.0 -32767.0 -32767.0 -32767.0 -32767.0 -32767.0 -32767.0 -32767.0 -32767.0 -32767.0 24.62263 23.987415 24.397522 24.269337 24.28766 22.874117 22.745567 23.823872 25.3051 25.597574 25.106363 24.571262 24.45762 24.465332 24.094519 23.953959 24.812191 24.898497 24.772545 24.722868 24.739668 25.02849 25.217682 25.434452 25.658215 25.826101 25.89796 26.001747 25.914799 25.691439 25.563822 25.177843 25.106888 25.295416 25.545872 25.961464 26.056746 26.1028 26.269379 26.76708
26.316416 26.261955 26.171526 26.026905 25.791733 25.950592 25.960382 -32767.0 -32767.0 -32767.0 -32767.0 -32767.0 -32767.0 -32767.0 -32767.0 -32767.0 -32767.0 -32767.0 -32767.0 -32767.0 -32767.0 -32767.0 23.993021 24.668434 24.512394 24.75735 22.422495 22.933115 24.069805 25.23267 25.45141 24.877737 24.828558 25.075912 25.073706 24.91334 25.143663 25.184105 24.788082 24.932482 25.013882 25.033 25.189722 25.402918 25.694475 25.83808 25.9684 25.832685 25.687742 25.61403 25.566462 25.486864 25.615814 25.502937 25.471626 25.787643 26.347527 26.188 26.547607 26.829208 27.181993
26.292059 26.383085 26.411043 26.223726 25.96893 26.114134 -32767.0 27.075893 -32767.0 -32767.0 -32767.0 -32767.0 -32767.0 -32767.0 -32767.0 -32767.0 -32767.0 -32767.0 -32767.0 -32767.0 -32767.0 -32767.0 24.578003 24.716288 24.79676 24.589386 21.875862 22.94744 24.580393 25.280577 25.06402 25.286585 24.932114 25.397676 25.469019 25.384798 25.414036 25.357788 25.337797 25.344084 25.38444 25.469667 25.6732 25.856546 25.870434 26.037989 25.712217 25.934881 26.1616 25.939459 25.655119 25.577143 25.526285 25.664288 25.686928 25.951399 26.415415 26.61709 27.384275 28.018616 -32767.0
26.084784 26.358578 26.477406 26.361792 26.045593 25.976803 26.112965 26.309818 26.718533 27.557646 27.083363 27.00882 27.76163 -32767.0 -32767.0 -32767.0 -32767.0 -32767.0 -32767.0 -32767.0 -32767.0 -32767.0 -32767.0 24.865908 24.154879 21.902304 21.832386 22.525232 23.896296 24.73092 24.852003 25.169209 24.610947 25.278639 25.303886 25.32764 25.350243 25.439892 25.514095 25.774786 25.88423 25.897158 26.02033 25.982752 26.16996 25.986506 25.831177 26.030205 26.113062 26.530502 26.486582 25.897121 25.716476 25.746634 26.305971 26.501528 26.645536 26.774258 27.469559 27.625048 27.315279
26.304054 26.529177 26.78833 26.478361 26.09814 26.057646 26.16247 25.66785 25.630445 26.153917 25.688726 25.703236 25.887949 -32767.0 -32767.0 -32767.0 -32767.0 -32767.0 -32767.0 -32767.0 -32767.0 -32767.0 -32767.0 -32767.0 24.022556 21.62773 21.754871 22.35024 22.792377 24.53114 24.825195 25.247322 24.65746 24.561852 24.866465 25.099407 24.975353 25.505287 25.960562 26.094913 26.17053 26.069618 26.14488 25.991276 26.125648 26.026073 26.017885 26.213278 26.708557 26.5618 26.591803 26.34276 26.184862 26.38792 26.716497 26.575558 -32767.0 27.557547 27.442942 27.53746 27.556097
26.552584 26.235998 26.771112 26.668407 26.314163 26.23814 26.15031 25.68653 24.862957 24.922422 24.449806 24.676788 24.985697 25.972141 27.04996 -32767.0 -32767.0 -32767.0 -32767.0 -32767.0 -32767.0 -32767.0 -32767.0 -32767.0 -32767.0 21.340256 22.159832 23.337248 23.148039 23.173334 24.044044 24.897406 24.68397 24.687868 24.914312 25.06928 25.50359 25.602726 26.161472 26.116827 26.157297 26.382093 26.306063 26.123062 26.297647 26.46593 26.573997 26.671144 26.774963 26.67034 26.679863 26.83333 26.618776 26.565603 -32767.0 -32767.0 27.738182 28.149715 28.212986 28.3063 28.295052
26.193441 26.097343 26.53072 26.629354 26.539656 26.516388 26.317108 26.154806 25.323513 24.778532 24.76772 24.600662 24.740356 -32767.0 27.044977 -32767.0 -32767.0 -32767.0 -32767.0 -32767.0 -32767.0 -32767.0 -32767.0 -32767.0 -32767.0 21.66332 22.34112 24.967634 23.804363 23.320965 23.529524 23.859457 24.429039 24.84549 25.020279 24.999447 25.394968 25.754683 26.191877 26.50769 26.251453 26.729574 26.813915 26.960081 27.048632 27.164825 27.208317 27.014969 26.945442 26.886667 26.728136 26.767256 26.92674 27.107218 -32767.0 28.49407 28.140148 28.28948 -32767.0 -32767.0 -32767.0
26.66699 26.11982 26.562994 26.551691 26.512716 26.277739 26.238737 26.06517 25.842627 25.408651 24.836302 24.71476 -32767.0 -32767.0 -32767.0 -32767.0 -32767.0 -32767.0 -32767.0 -32767.0 -32767.0 -32767.0 -32767.0 -32767.0 -32767.0 21.868319 21.945269 24.734606 24.802717 24.121534 23.670792 23.034527 22.940805 23.547749 24.544127 25.22165 25.820515 25.734224 26.092703 26.51344 26.758528 26.840597 27.015554 27.364218 27.40062 27.403582 27.410185 27.43727 26.96496 26.855755 26.693336 26.778631 26.734312 26.990223 27.947279 -32767.0 27.865822 -32767.0 -32767.0 -32767.0 -32767.0
26.579815 26.294073 26.466803 26.521122 26.344122 26.23619 26.099966 25.972511 25.829203 25.323595 24.839735 24.730492 26.07535 -32767.0 -32767.0 -32767.0 -32767.0 -32767.0 -32767.0 -32767.0 -32767.0 -32767.0 -32767.0 -32767.0 -32767.0 21.381691 21.260302 24.031763 25.163908 24.886398 24.723974 24.790607 24.491493 24.576672 25.263233 25.863798 25.99769 26.04531 26.119204 26.357155 26.836538 26.996656 27.316193 27.604816 27.374014 27.794996 27.839878 27.69157 27.388426 27.052814 26.810774 26.91837 26.707962 27.92392 -32767.0 -32767.0 -32767.0 -32767.0 -32767.0 -32767.0 -32767.0
26.83784 26.475231 26.458052 26.483137 26.43724 26.286928 26.100136 25.695972 25.431858 25.285368 24.956259 24.686651 24.38425 26.295174 -32767.0 -32767.0 -32767.0 -32767.0 -32767.0 -32767.0 -32767.0 -32767.0 -32767.0 -32767.0 -32767.0 21.498087 21.152294 24.173622 24.959415 25.481266 25.30378 25.148302 25.72443 25.900076 25.903776 25.795101 25.729057 25.734892 25.780796 26.566175 -32767.0 27.28362 27.30994 27.5304 27.457552 28.10892 27.686373 27.634714 27.569727 27.496525 27.388645 27.183659 -32767.0 -32767.0 -32767.0 -32767.0 -32767.0 -32767.0 -32767.0 -32767.0 -32767.0
26.619478 26.434727 26.413767 26.425472 26.442957 26.388157 26.172386 25.66091 24.90489 24.637766 24.651716 24.598751 23.772612 25.596151 -32767.0 -32767.0 -32767.0 -32767.0 -32767.0 -32767.0 -32767.0 -32767.0 -32767.0 -32767.0 -32767.0 -32767.0 21.06683 24.794827 25.371548 25.478882 25.45718 25.525923 25.838646 25.862206 26.21825 26.518755 26.674492 26.572912 26.720617 26.911968 26.968496 27.719492 27.925665 27.976633 27.719204 27.753695 28.221241 28.139357 28.04084 27.420725 27.785044 27.97086 -32767.0 -32767.0 -32767.0 -32767.0 -32767.0 -32767.0 -32767.0 -32767.0 -32767.0
26.918316 26.663715 26.7384 26.76444 26.506945 26.309813 26.089212 25.751017 24.741028 23.80534 24.201885 24.210108 23.436129 25.493336 26.141315 -32767.0 -32767.0 -32767.0 -32767.0 -32767.0 -32767.0 -32767.0 -32767.0 -32767.0 -32767.0 19.215511 21.146786 24.79531 25.679892 25.80736 25.599958 25.888445 26.089676 26.973797 27.302177 26.830408 26.187002 26.731518 27.020782 27.17107 27.306808 27.693678 28.401352 28.30067 27.738995 28.027132 28.11756 27.7691 -32767.0 27.824165 28.408249 28.670126 -32767.0 -32767.0 -32767.0 -32767.0 -32767.0 -32767.0 -32767.0 -32767.0 -32767.0
27.193907 27.03096 26.827421 26.725164 26.487665 26.096823 25.49525 25.109537 24.647495 23.825352 23.19301 23.248518 24.48419 25.737892 -32767.0 -32767.0 -32767.0 -32767.0 -32767.0 -32767.0 -32767.0 -32767.0 -32767.0 -32767.0 -32767.0 19.954576 23.725365 25.34921 26.183378 26.251987 26.156912 26.437119 26.879911 27.117262 27.581276 27.456644 27.34749 27.757698 27.761309 -32767.0 -32767.0 27.926428 28.26891 -32767.0 -32767.0 -32767.0 -32767.0 -32767.0 -32767.0 -32767.0 -32767.0 -32767.0 -32767.0 -32767.0 -32767.0 -32767.0 -32767.0 -32767.0 -32767.0 -32767.0 -32767.0
27.18586 27.033361 26.77842 26.261873 25.82661 25.184456 24.776403 24.210966 23.632738 22.947659 23.122717 22.744873 25.269426 -32767.0 -32767.0 -32767.0 -32767.0 -32767.0 -32767.0 -32767.0 -32767.0 -32767.0 -32767.0 -32767.0 20.687202 23.73281 25.123707 26.022558 26.520197 26.722788 26.82701 27.123432 27.508806 27.825298 27.376627 27.449106 27.728868 27.74133 -32767.0 -32767.0 -32767.0 -32767.0 -32767.0 -32767.0 -32767.0 -32767.0 -32767.0 -32767.0 -32767.0 -32767.0 -32767.0 -32767.0 -32767.0 -32767.0 -32767.0 -32767.0 -32767.0 -32767.0 -32767.0 -32767.0 -32767.0
27.036932 26.873734 26.571001 26.441677 26.378181 25.902935 25.085903 23.807133 23.491665 22.678072 22.758026 22.2356 25.266932 -32767.0 -32767.0 -32767.0 -32767.0 -32767.0 -32767.0 -32767.0 -32767.0 24.17177 25.241554 24.078753 24.022963 27.495777 27.57167 26.366154 26.731503 26.853289 27.102638 27.726303 27.8338 27.67084 27.673105 28.079721 -32767.0 -32767.0 -32767.0 -32767.0 -32767.0 -32767.0 -32767.0 -32767.0 -32767.0 -32767.0 -32767.0 -32767.0 -32767.0 -32767.0 -32767.0 -32767.0 -32767.0 -32767.0 29.0039 -32767.0 -32767.0 -32767.0 -32767.0 -32767.0 -32767.0
26.950874 26.870342 26.633377 26.329605 26.094025 25.799616 25.321507 24.638422 24.423384 24.173735 22.995544 22.138393 23.971241 -32767.0 -32767.0 -32767.0 -32767.0 28.1848 24.76579 26.187214 25.972746 25.222557 24.740852 24.594044 27.579836 27.261953 26.71505 26.56923 26.60536 26.866423 27.448 28.15775 27.713114 27.615076 27.72191 -32767.0 -32767.0 -32767.0 -32767.0 -32767.0 -32767.0 -32767.0 -32767.0 -32767.0 -32767.0 27.734806 28.344715 -32767.0 -32767.0 -32767.0 -32767.0 -32767.0 -32767.0 -32767.0 27.360449 -32767.0 -32767.0 -32767.0 -32767.0 -32767.0 25.911018
26.786007 26.750032 26.480701 26.07377 25.809706 25.622019 25.485443 25.162813 24.789324 24.484247 22.923504 21.58023 -32767.0 25.517315 -32767.0 25.3935 -32767.0 25.320751 -32767.0 24.764994 24.573835 24.72975 24.92731 27.081184 27.762684 26.818323 27.01514 27.282097 27.512472 28.131683 28.65849 28.275091 27.645264 -32767.0 -32767.0 -32767.0 -32767.0 -32767.0 -32767.0 -32767.0 -32767.0 28.14795 28.414198 28.172382 27.786966 27.290558 27.753809 27.64948 27.320639 -32767.0 -32767.0 -32767.0 -32767.0 -32767.0 27.067636 26.747854 27.278526 27.8818 28.286486 28.40346 27.44812
26.634958 26.677134 26.490906 26.220198 26.02318 25.85539 25.626772 25.516294 25.232836 24.803694 23.713886 22.958914 22.372461 22.40771 22.786545 22.925753 22.860737 23.235043 24.374786 25.458193 25.46477 25.493248 25.797338 27.61059 -32767.0 26.719181 27.432257 28.250162 29.122679 29.11752 28.767622 -32767.0 -32767.0 -32767.0 -32767.0 -32767.0 27.161276 27.767885 26.916746 27.251816 28.582628 28.261604 29.195059 -32767.0 -32767.0 28.05796 27.611853 26.80536 -32767.0 -32767.0 -32767.0 -32767.0 -32767.0 27.81769 27.689627 27.952753 28.604403 28.461641 28.50191 28.584547 28.612503
26.836151 26.686848 26.55588 26.206024 26.032326 26.083754 25.965113 25.8373 24.665543 24.977568 24.750242 25.006388 24.460363 23.85617 24.526155 25.110052 24.19017 23.495478 25.073484 27.06566 27.615839 27.538641 27.476742 27.562744 27.558735 27.96176 28.067242 28.815657 29.095873 28.937302 28.885475 30.559454 -32767.0 27.709341 27.709822 -32767.0 26.885242 26.79608 27.063335 -32767.0 29.152786 28.714766 -32767.0 -32767.0 -32767.0 -32767.0 26.595837 26.601141 -32767.0 -32767.0 -32767.0 -32767.0 28.326302 28.318768 28.23341 28.547956 28.484217 28.40579 28.616451 28.927845 28.878496
27.050512 26.88723 26.580717 26.4183 26.30098 26.2346 26.212084 26.18946 26.219282 26.188835 26.237286 26.350965 26.282904 26.456398 26.77725 26.829454 25.77795 25.744911 26.939102 27.405018 27.850988 28.06519 28.213175 28.346954 28.246061 27.885662 -32767.0 28.38098 28.6405 -32767.0 -32767.0 30.825365 29.046385 28.481688 28.484825 26.71309 27.017284 27.370995 -32767.0 -32767.0 -32767.0 -32767.0 -32767.0 -32767.0 -32767.0 -32767.0 27.3119 27.558828 27.335772 -32767.0 -32767.0 27.94164 28.518057 28.402212 28.577545 28.565191 28.436413 28.644156 28.849907 29.207987 29.22415
26.687906 26.564846 26.43686 26.343935 26.202751 26.225285 26.30554 26.319462 26.341206 26.445879 26.46972 26.53877 26.945263 -32767.0 -32767.0 26.226952 27.549519 27.976343 28.09171 28.15169 28.126036 28.20057 28.25615 28.252726 27.918783 27.63394 28.611704 28.993156 -32767.0 -32767.0 -32767.0 -32767.0 -32767.0 -32767.0 27.18674 26.394348 26.320524 -32767.0 -32767.0 -32767.0 -32767.0 -32767.0 28.830086 -32767.0 27.489244 27.370117 28.116173 28.053173 27.680014 28.144846 -32767.0 28.530079 28.607197 28.634212 28.644293 28.519642 28.577522 28.75146 29.062012 29.485895 29.367918
