static/data/thetao/2023/7/25/18.asc
ncols 137
nrows 93
xllcorner 108.0
yllcorner 17.0
cellsize 0.25
NODATA_value -32767
[rows 27 to 53 of 93, columns 61 to 121 of 137]
26.500643 26.271294 26.166618 26.046114 25.888662 25.653013 25.732534 26.011393 26.16848 26.032547 27.406769 27.25336 -32767.0 -32767.0 26.721966 26.928722 27.855944 28.189476 28.34426 28.387606 28.30591 28.27345 28.076641 27.871765 27.422533 -32767.0 -32767.0 -32767.0 -32767.0 -32767.0 -32767.0 -32767.0 -32767.0 -32767.0 27.026815 26.355349 26.891834 -32767.0 -32767.0 -32767.0 28.297804 28.40121 28.481989 28.774065 27.905058 27.678556 28.402952 27.67677 27.306702 28.119936 28.500502 28.569931 28.604975 28.520271 28.17793 28.215261 28.397682 28.467657 28.858225 29.269411 29.320698
26.134808 25.784771 25.52879 25.304556 25.216389 25.434595 25.648476 25.920143 26.022768 26.289589 27.353746 27.722277 27.566622 27.699444 27.725874 28.03888 28.164627 28.507334 28.684956 28.746456 28.707626 28.243156 27.987194 -32767.0 27.42516 27.42439 -32767.0 -32767.0 29.83857 -32767.0 -32767.0 -32767.0 -32767.0 -32767.0 -32767.0 25.92737 27.610588 -32767.0 -32767.0 28.071672 28.210358 28.39752 28.720573 28.72407 28.559412 28.476582 28.423084 27.555784 28.18801 28.512106 28.591328 28.400795 28.035624 27.858738 27.982927 28.280447 28.422503 28.471376 29.056208 29.503124 29.5124
26.277893 25.982584 25.608994 25.501577 24.88315 25.072273 25.467657 25.763441 25.989256 25.840286 26.310266 27.684805 27.734884 27.945786 28.025661 28.046518 28.465668 28.780495 28.984818 28.978287 28.833313 28.264465 -32767.0 27.038067 27.303148 27.562948 27.97961 28.529413 -32767.0 29.15797 -32767.0 -32767.0 -32767.0 -32767.0 -32767.0 28.040886 28.33698 28.293257 28.364384 28.816267 29.045963 29.13473 29.371037 29.464783 29.331228 28.669594 28.208368 28.104967 28.413223 28.375183 28.165524 27.828442 27.678034 27.696718 28.119167 28.327654 28.432756 28.545996 29.185556 29.594255 29.649445
26.636057 26.350023 26.107687 26.03327 25.571308 25.081991 25.15475 25.271715 25.628658 25.763472 26.293814 26.954584 27.606083 27.728254 27.9381 28.313013 28.658276 28.851473 29.167042 29.124855 28.909292 28.711266 28.194536 27.922361 27.653109 27.678741 28.015411 28.318148 28.593191 29.653347 -32767.0 -32767.0 -32767.0 -32767.0 27.747572 28.721529 28.56701 28.436934 28.379295 28.553831 28.879892 29.23955 29.42102 29.462772 29.468948 29.058378 27.67225 28.174301 28.243124 28.043522 27.890404 27.835623 27.826033 27.77976 28.246841 28.415478 28.509615 28.617983 29.282934 29.656578 29.651945
26.55199 26.645674 26.219042 25.988081 25.987543 25.859034 25.72574 25.51244 25.389862 25.606768 26.506723 27.568045 27.615376 28.010483 28.324718 28.52838 28.633276 28.844864 29.012648 29.156342 29.143545 28.935211 28.83165 28.792124 28.725796 28.506939 28.13821 28.32603 28.77692 29.111694 -32767.0 -32767.0 -32767.0 -32767.0 28.375961 28.800987 28.457558 28.084858 28.56492 28.808481 29.134754 29.385368 29.534014 29.419964 29.396759 29.47573 28.55501 27.26706 27.363356 27.521177 27.59031 27.377993 27.62151 27.940039 28.375982 28.529333 28.62874 28.649809 29.25419 29.70618 29.66815
27.433432 26.843725 26.431047 26.536505 26.640482 26.66309 26.298773 26.012394 25.697598 25.635014 26.128008 26.965666 27.843124 28.226498 28.506538 28.587688 28.713541 28.819542 28.750933 28.884665 28.943842 29.02817 29.125769 29.11128 28.820986 28.731884 28.474548 28.273415 -32767.0 -32767.0 -32767.0 -32767.0 -32767.0 27.837856 28.48672 28.596224 28.657404 28.555178 28.770096 29.237843 29.211218 29.26633 29.601572 29.63404 29.52721 29.454803 29.470264 29.318237 28.963451 28.237057 27.54057 27.784903 27.53824 28.16049 28.410675 28.512293 28.721987 28.662487 29.171312 29.660208 29.672075
27.503912 27.367067 26.742247 26.608463 27.018318 27.03985 26.703217 26.518074 26.408472 26.50938 26.73935 27.12442 28.057775 28.393423 28.520443 28.607065 28.746016 28.662666 28.717554 29.111645 29.269192 29.19632 29.163673 29.148132 28.858479 28.784752 28.683432 28.322367 -32767.0 -32767.0 -32767.0 -32767.0 -32767.0 27.321888 28.827417 28.998749 29.05664 29.138796 29.240107 29.441757 29.215027 29.30947 29.549086 29.667067 29.569624 29.612413 29.689795 29.692183 29.498259 29.2136 29.029087 28.608435 27.781479 28.261436 28.42577 28.453878 28.722017 28.602545 29.137463 29.63989 29.637684
27.2471 26.713474 26.70896 27.322453 27.47418 27.807095 27.509104 26.86615 26.689175 26.86741 27.1691 27.87228 28.55792 28.613289 28.562443 28.600803 28.56402 28.67337 28.695452 28.917503 29.054617 29.05565 29.024937 29.09547 28.952286 28.83749 28.587004 28.417858 28.856047 -32767.0 29.065617 -32767.0 -32767.0 28.72597 28.994513 29.110678 29.378681 29.559557 29.584148 29.625597 29.64467 29.616667 29.582958 29.625326 29.692062 29.65228 29.634552 29.599823 29.531443 29.41634 29.288616 29.190472 28.558338 28.258944 28.411757 28.49835 28.690758 28.56586 29.18504 29.673313 29.683401
26.836544 26.857153 26.335781 26.538292 26.887314 27.737062 27.93775 27.62356 27.08904 27.08814 27.337124 27.97159 28.497536 28.584106 28.593695 28.642183 28.716667 28.808102 28.749495 29.074087 29.13934 29.047844 28.983606 28.970406 28.969275 28.893787 28.754133 28.43311 28.530586 28.70567 29.1004 -32767.0 28.038424 28.320078 28.994286 29.34337 29.463665 29.550203 29.593647 29.628786 29.60148 29.59928 29.65525 29.614214 29.551401 29.577936 29.53672 29.59793 29.648083 29.569496 29.397255 29.280699 29.128761 28.212372 28.33299 28.468037 28.657005 28.848122 29.220623 29.683983 29.651018
26.390884 26.546295 26.654072 26.78164 27.831024 28.022758 28.175344 28.114103 27.664515 27.511631 27.663256 27.857811 28.286781 28.479847 28.594723 28.799976 28.846039 28.80933 29.080227 29.209406 29.090118 29.09498 29.149677 29.118229 28.990047 28.92566 28.865356 28.782833 28.734692 28.675055 -32767.0 28.768572 29.140804 28.972637 29.213844 29.182703 29.385555 29.513134 29.544498 29.589455 29.573805 29.671423 29.650629 29.610933 29.589117 29.567627 29.496407 29.459599 29.607151 29.670607 29.607645 29.4475 29.279234 28.293749 28.36728 28.464537 28.20538 29.094112 29.335545 29.699034 29.559187
26.453314 26.465132 26.751715 27.40533 27.420706 27.598234 28.105316 28.098932 28.049583 28.247648 28.629816 28.43183 28.569714 28.718103 28.751759 28.731041 28.810167 28.948826 29.092958 29.223167 29.044483 29.101706 29.182749 29.288803 29.336847 29.237864 29.104616 29.063154 28.9226 28.948362 28.906593 29.116085 29.071264 29.139688 29.254028 29.22867 29.300072 29.50866 29.510525 29.555168 29.613338 29.692186 29.61993 29.540918 29.530848 29.62986 29.287935 29.449036 29.579641 29.669306 29.687723 29.532072 29.219961 28.618465 28.191528 28.279999 28.922304 28.881516 29.624935 29.6701 29.285425
26.27467 27.440384 27.263485 27.349018 27.735151 27.955889 28.179941 28.296719 28.33303 28.432405 28.592821 28.76228 28.841305 28.735687 28.55303 28.739904 28.934519 29.046375 29.058363 29.194489 29.140244 29.108406 29.09691 29.274942 29.362896 29.308638 29.355745 29.285471 -32767.0 29.275272 29.090084 -32767.0 29.234056 29.161484 29.12258 29.303743 29.21765 29.301558 29.54185 29.581167 29.596 29.623192 29.561714 29.613256 29.640652 29.538599 29.2723 29.350786 29.553999 29.562687 29.643417 29.645638 29.093037 29.127438 28.862091 29.003149 29.053152 29.29835 29.669073 29.641361 29.133497
26.851524 27.568512 28.19069 28.059423 28.221056 28.239212 28.33935 28.392168 28.235392 28.377817 28.466158 28.54596 28.72322 28.612366 28.777529 28.978964 28.962538 29.098135 29.028025 29.081339 29.121767 29.160378 29.169138 29.349802 29.40925 29.278812 29.24437 29.31576 29.313707 -32767.0 29.426447 28.95027 29.288015 29.035694 29.236073 29.361912 29.265873 29.424349 29.534275 29.593176 29.61039 29.62402 29.651016 29.678156 29.62976 29.53106 29.488832 29.288448 29.45726 29.453379 29.508186 29.571533 29.040766 28.896997 28.788006 29.141779 29.43035 29.634756 29.590796 29.575602 29.05507
26.060223 27.330193 28.057682 28.503605 28.516642 28.492785 28.518074 28.624998 28.491556 28.42135 28.529585 28.69966 28.729425 28.601843 28.794584 29.07147 29.080973 29.055069 29.199348 29.361834 29.444609 29.495054 29.482716 29.431288 29.367954 29.193415 29.22734 29.072042 29.202774 29.38923 29.25054 29.019691 29.059654 29.190462 29.272558 29.315203 29.384924 29.61056 29.72436 29.58643 29.578957 29.664486 29.705057 29.66905 29.571844 29.366262 29.375032 29.508404 29.373146 29.523336 29.355259 29.272814 29.134804 29.119999 29.390514 29.686283 29.617256 29.550375 29.55566 29.388556 29.06125
26.967955 27.825256 28.41501 28.53077 28.803488 28.976475 28.850382 28.89311 28.810211 28.772089 29.021431 29.127193 29.185678 29.164398 29.095682 29.185163 29.184896 29.308407 29.458448 29.5255 29.574717 29.55623 29.491667 29.366913 29.267475 29.18839 29.2365 29.158075 29.130114 29.274494 29.377691 29.326874 29.292253 29.321268 29.319893 29.58267 29.538912 29.675426 29.653952 29.569592 29.576155 29.638596 29.685976 29.644255 29.465263 29.49778 29.422186 29.33775 29.460217 29.488989 29.5454 29.49012 29.547861 29.67444 29.668367 29.639965 29.464918 29.426575 29.490274 29.211718 29.047365
27.397976 28.41753 28.81641 28.996492 28.987455 29.11136 28.884285 28.978693 28.96615 28.922342 28.943678 29.028345 29.115732 29.180914 29.261799 29.258047 29.360388 29.552834 29.552319 29.59064 29.485952 29.374773 29.299402 29.227139 29.192661 29.135258 29.1099 29.032286 29.354246 29.454996 29.187784 29.25522 29.324888 29.410934 29.549183 29.68667 29.599052 29.523014 29.52577 29.473633 29.585379 29.613255 29.593561 29.526678 29.580648 29.57977 29.495085 29.402405 29.327656 29.463547 29.445555 29.494316 29.51489 29.502632 29.362347 29.321478 29.331554 29.456951 29.320404 29.194456 28.993362
27.35887 28.055815 28.584124 29.093458 29.174444 28.994158 28.876143 28.907408 29.018713 29.025845 29.038998 29.112679 29.19048 29.313114 29.344442 29.422527 29.649832 29.672096 29.598904 29.357431 29.301966 29.312162 29.277431 29.195776 29.245552 29.176237 29.154802 29.172352 29.287977 29.5026 29.509663 29.4712 29.565159 29.626637 29.597504 29.68767 29.609068 29.456705 29.493841 29.414835 29.580282 29.60804 29.490198 29.521593 29.61512 29.669777 29.524275 29.452955 29.415956 29.320627 29.44196 29.471329 29.463312 29.36887 29.21706 29.272242 29.314047 29.353394 29.341661 29.010153 29.00408
28.401352 28.760048 29.199223 29.308683 29.081348 29.306705 29.378204 29.223797 29.042004 29.12358 29.191853 29.303438 29.404354 29.384317 29.451763 29.806837 29.744576 29.70088 29.410023 29.385244 29.369005 29.35953 29.368141 29.40091 29.241568 29.148731 29.338148 29.404673 29.427542 29.446022 29.573004 29.636444 29.62614 29.601168 29.593616 29.462906 29.456133 29.523922 29.457584 29.424637 29.584871 29.640188 29.532557 29.637016 29.552671 29.51772 29.46959 29.521692 29.419287 29.477448 29.293825 29.380758 29.358688 29.24036 29.292353 29.28291 29.396358 29.51647 29.300905 28.97358 29.01721
28.97568 29.916977 29.836138 29.563911 29.410152 29.323732 29.391417 29.239666 29.14262 29.170732 29.291441 29.464611 29.424734 29.478462 29.764343 29.943287 29.889446 29.637796 29.44675 29.40532 29.338991 29.387852 29.322367 29.291437 29.433182 29.365314 29.454666 29.473534 29.525293 29.607338 29.637346 29.554754 29.51995 29.569809 29.620228 29.65219 29.628366 29.522257 29.467947 29.47261 29.54185 29.608915 29.65765 29.648455 29.568382 29.484894 29.438387 29.407225 29.456667 29.444735 29.527834 29.311306 29.253637 29.253222 29.295126 29.584597 29.33897 29.337172 29.265589 29.193727 28.985611
29.959816 29.815632 29.72279 29.617332 29.52439 29.554583 29.333073 29.366938 29.412024 29.49732 29.473547 29.538671 29.471432 29.615211 29.761496 30.121773 29.951576 29.65418 29.4263 29.385426 29.287073 29.341883 29.336414 29.209648 29.069471 29.110184 29.383305 29.32738 29.310379 29.35258 29.533125 29.728012 29.703188 29.64301 29.61021 29.59689 29.556046 29.44456 29.480818 29.548584 29.475924 29.581478 29.67328 29.700314 29.510214 29.480732 29.336664 29.22325 29.279018 29.373663 29.506058 29.452932 29.289217 29.311451 29.508202 29.332531 29.250841 29.26224 29.202007 29.15511 29.185581
29.995167 29.839588 29.564594 29.742178 29.752417 29.377897 29.506445 29.603022 29.40282 29.393572 29.499622 29.535322 29.58053 29.55924 29.7392 29.990484 30.055807 29.68713 29.421661 29.477951 29.29836 29.303911 29.295355 29.292688 -32767.0 29.127073 29.365126 29.47804 29.698624 29.795303 29.772055 29.810194 29.826822 29.749897 29.654146 29.582537 29.508114 29.333012 29.455868 29.55823 29.470112 29.547998 29.678946 29.529127 29.37303 29.503345 29.5145 29.394188 29.189243 29.352535 29.41929 29.356459 29.194864 29.455708 29.323503 29.365292 29.283201 29.079332 29.089113 29.171171 29.226568
29.750828 29.584833 29.74526 29.588476 29.750456 29.531254 29.371948 29.392525 29.543976 29.450472 29.464823 29.485243 29.615187 29.726385 29.829319 30.17288 30.069477 29.682755 29.411474 29.466085 29.322912 29.358215 29.054064 29.414305 29.29621 29.477262 29.538776 29.68253 29.8443 29.706385 29.852547 29.77331 29.717001 29.705017 29.68093 29.516243 29.42951 29.26617 29.429174 29.55569 29.481052 29.581429 29.590553 29.605232 29.631704 29.44679 29.545654 29.48888 29.370926 29.125423 29.23954 29.172554 29.35555 29.484163 29.246023 29.288334 29.000465 28.987253 28.894115 29.014967 29.183872
29.441257 29.411892 29.66672 29.702187 29.83983 29.813604 29.597528 29.492136 29.663507 29.638622 29.46922 29.562057 29.795164 29.950378 29.807493 29.877241 29.861797 29.63246 29.414547 29.426832 29.410837 29.196863 29.327105 -32767.0 29.423357 29.394567 29.680084 29.843197 29.686598 29.844347 29.679583 29.554901 29.466307 29.474823 29.550354 29.43332 29.30357 29.312677 29.474325 29.559324 29.50981 29.581741 29.540976 29.681889 29.829224 29.847431 29.847109 29.674513 29.334146 29.335888 29.317257 29.444998 29.529413 29.55028 29.203146 29.15799 29.036587 29.103361 29.224813 29.27659 29.137932
29.471117 29.70126 29.75208 29.739168 29.613655 29.698643 29.60842 29.725796 29.731918 29.689363 29.706047 29.816677 30.376776 29.972822 29.630795 29.74532 29.742022 29.557137 29.405565 29.44177 29.203665 29.193674 29.292433 29.454838 29.320854 29.393139 29.711586 29.695269 29.783728 29.625767 29.495495 29.350779 29.355848 29.432323 29.43742 29.327461 29.213915 29.384295 29.575075 29.56696 29.54752 29.510601 29.517435 29.649157 29.73478 29.75375 29.74753 29.774456 29.326769 29.392529 29.39788 29.44319 29.520296 29.477406 29.53262 29.396072 29.440672 29.440346 29.453423 29.360294 29.437912
29.546577 29.800285 29.837114 29.749823 29.711067 29.703173 29.765533 29.710566 29.572388 29.515522 29.834505 29.998959 30.443378 29.824965 29.721493 29.775385 29.568016 29.486921 29.413765 29.384483 29.181473 29.265982 29.277332 29.425632 29.280731 29.293089 29.54147 29.642189 29.715082 29.53807 29.301203 29.335154 29.375366 29.360209 29.334452 29.217663 29.21296 29.381475 29.643208 29.533485 29.511036 29.367962 29.513971 29.638708 29.65991 29.764126 29.779324 29.64396 29.411343 29.281673 29.352613 29.4364 29.50848 29.60486 29.515406 29.73537 29.712017 29.71455 29.702038 29.450813 29.36862
29.500824 29.571583 29.651457 29.552439 29.308897 29.286339 29.350716 29.448997 29.417286 29.774622 30.240889 30.5853 30.232185 29.633474 29.687464 29.559746 29.467894 29.492874 29.34687 29.549189 29.206287 29.076698 29.249477 29.32741 29.325884 29.324951 29.388031 29.596487 29.630869 29.440773 29.28616 29.248713 29.265285 29.257511 29.207954 29.230438 29.338066 29.550587 29.486315 29.51873 29.31123 29.438622 29.548615 29.631687 29.677727 29.676195 29.690361 29.620615 29.584227 29.328451 29.24676 29.177212 29.43338 29.5268 29.630314 29.649002 29.646551 29.74258 29.573908 29.607555 29.590492
29.535822 29.529217 29.384634 29.218935 29.218851 29.06996 29.16893 29.470592 29.705183 30.232956 30.12989 30.192081 29.617678 29.617746 29.70488 29.46486 29.360353 29.53103 29.638968 29.765282 -32767.0 29.149668 29.282536 29.2754 29.299522 29.349056 29.278137 29.554815 29.595776 29.439026 29.301455 29.248169 29.215698 29.204582 29.228561 29.367043 29.503632 29.520266 29.443802 29.284842 29.299345 29.248892 29.29071 29.320154 29.362783 29.462639 29.621788 29.602037 29.69716 29.370455 29.305042 29.184278 29.268698 29.496445 29.526005 29.612238 29.75787 29.76515 29.75083 29.65179 29.7218
