static/data/thetao/2023/7/25/6.asc
ncols 137
nrows 93
xllcorner 108.0
yllcorner 17.0
cellsize 0.25
NODATA_value -32767
[rows 54 to 80 of 93, columns 0 to 60 of 137]
-32767.0 -32767.0 -32767.0 -32767.0 -32767.0 -32767.0 -32767.0 -32767.0 -32767.0 -32767.0 -32767.0 -32767.0 -32767.0 -32767.0 -32767.0 -32767.0 -32767.0 -32767.0 -32767.0 -32767.0 -32767.0 -32767.0 -32767.0 -32767.0 -32767.0 -32767.0 -32767.0 -32767.0 -32767.0 -32767.0 -32767.0 -32767.0 -32767.0 -32767.0 -32767.0 -32767.0 -32767.0 -32767.0 -32767.0 -32767.0 -32767.0 -32767.0 -32767.0 -32767.0 -32767.0 -32767.0 -32767.0 -32767.0 26.983072 27.41122 29.014513 29.066097 29.398846 28.985907 29.41434 29.868858 30.01363 30.053978 30.096823 30.136797 30.172682
-32767.0 -32767.0 -32767.0 -32767.0 -32767.0 -32767.0 -32767.0 -32767.0 -32767.0 -32767.0 -32767.0 -32767.0 -32767.0 -32767.0 -32767.0 -32767.0 -32767.0 -32767.0 -32767.0 -32767.0 -32767.0 -32767.0 -32767.0 -32767.0 -32767.0 -32767.0 -32767.0 -32767.0 -32767.0 -32767.0 -32767.0 -32767.0 -32767.0 -32767.0 -32767.0 -32767.0 -32767.0 -32767.0 -32767.0 -32767.0 -32767.0 -32767.0 -32767.0 -32767.0 -32767.0 -32767.0 -32767.0 31.24388 -32767.0 27.854046 28.365515 29.39717 29.72968 29.967419 29.875631 30.210777 30.280642 30.206106 30.024845 30.08389 30.022104
-32767.0 -32767.0 -32767.0 -32767.0 -32767.0 -32767.0 -32767.0 -32767.0 -32767.0 -32767.0 -32767.0 -32767.0 -32767.0 -32767.0 -32767.0 -32767.0 -32767.0 -32767.0 -32767.0 -32767.0 -32767.0 -32767.0 -32767.0 -32767.0 -32767.0 -32767.0 -32767.0 -32767.0 -32767.0 -32767.0 -32767.0 -32767.0 -32767.0 -32767.0 -32767.0 -32767.0 -32767.0 -32767.0 -32767.0 -32767.0 -32767.0 -32767.0 -32767.0 -32767.0 -32767.0 -32767.0 -32767.0 31.721386 27.579866 26.837196 28.317717 29.657393 30.034828 30.72023 30.528332 30.473083 30.35303 29.93275 29.675179 29.921602 30.02897
-32767.0 -32767.0 -32767.0 -32767.0 -32767.0 -32767.0 -32767.0 -32767.0 -32767.0 -32767.0 -32767.0 -32767.0 -32767.0 -32767.0 -32767.0 -32767.0 -32767.0 -32767.0 -32767.0 -32767.0 -32767.0 -32767.0 -32767.0 -32767.0 -32767.0 -32767.0 -32767.0 -32767.0 -32767.0 -32767.0 -32767.0 -32767.0 -32767.0 -32767.0 -32767.0 -32767.0 -32767.0 -32767.0 -32767.0 -32767.0 -32767.0 -32767.0 -32767.0 -32767.0 -32767.0 -32767.0 -32767.0 28.280262 25.592201 27.167603 28.171394 29.143608 30.74826 30.748243 30.421614 30.086212 29.867872 29.382832 30.24184 30.247946 30.352448
-32767.0 -32767.0 -32767.0 -32767.0 -32767.0 -32767.0 -32767.0 -32767.0 -32767.0 -32767.0 -32767.0 -32767.0 -32767.0 -32767.0 -32767.0 -32767.0 -32767.0 -32767.0 -32767.0 -32767.0 -32767.0 -32767.0 -32767.0 -32767.0 -32767.0 -32767.0 -32767.0 -32767.0 -32767.0 -32767.0 -32767.0 -32767.0 -32767.0 -32767.0 -32767.0 -32767.0 -32767.0 -32767.0 -32767.0 -32767.0 -32767.0 -32767.0 -32767.0 -32767.0 -32767.0 32.16783 -32767.0 29.400438 26.539984 27.412273 28.916992 29.83109 30.741623 30.415709 29.651974 29.973324 30.0771 30.412071 30.332676 30.452465 30.363478
-32767.0 -32767.0 -32767.0 -32767.0 -32767.0 -32767.0 -32767.0 -32767.0 -32767.0 -32767.0 -32767.0 -32767.0 -32767.0 -32767.0 -32767.0 -32767.0 -32767.0 -32767.0 -32767.0 -32767.0 -32767.0 -32767.0 -32767.0 -32767.0 -32767.0 -32767.0 -32767.0 -32767.0 -32767.0 -32767.0 -32767.0 -32767.0 -32767.0 -32767.0 -32767.0 -32767.0 -32767.0 -32767.0 -32767.0 -32767.0 -32767.0 -32767.0 -32767.0 -32767.0 -32767.0 -32767.0 27.751772 25.957123 27.750143 28.531961 28.659878 30.038837 30.929731 30.752556 30.698757 30.64142 30.413204 30.17555 30.472242 30.519787 30.335596
-32767.0 -32767.0 -32767.0 -32767.0 -32767.0 -32767.0 -32767.0 -32767.0 -32767.0 -32767.0 -32767.0 -32767.0 -32767.0 -32767.0 -32767.0 -32767.0 -32767.0 -32767.0 -32767.0 -32767.0 -32767.0 -32767.0 -32767.0 -32767.0 -32767.0 -32767.0 -32767.0 -32767.0 -32767.0 -32767.0 -32767.0 -32767.0 -32767.0 -32767.0 -32767.0 -32767.0 -32767.0 -32767.0 -32767.0 -32767.0 -32767.0 -32767.0 -32767.0 -32767.0 28.902153 25.440943 25.291384 27.83144 28.570621 29.79287 30.129955 31.316072 -32767.0 -32767.0 -32767.0 -32767.0 30.335043 30.354193 30.67952 30.553228 30.31393
-32767.0 -32767.0 -32767.0 -32767.0 -32767.0 -32767.0 -32767.0 -32767.0 -32767.0 -32767.0 -32767.0 -32767.0 -32767.0 -32767.0 -32767.0 -32767.0 -32767.0 -32767.0 -32767.0 -32767.0 -32767.0 -32767.0 -32767.0 -32767.0 -32767.0 -32767.0 -32767.0 -32767.0 -32767.0 -32767.0 -32767.0 -32767.0 -32767.0 -32767.0 -32767.0 -32767.0 -32767.0 -32767.0 -32767.0 -32767.0 -32767.0 -32767.0 -32767.0 26.099766 25.39439 27.10396 27.662556 28.347197 28.842346 30.726578 31.337524 31.487799 -32767.0 -32767.0 -32767.0 -32767.0 30.22921 30.877367 30.778399 30.494286 30.289175
-32767.0 -32767.0 -32767.0 -32767.0 -32767.0 -32767.0 -32767.0 -32767.0 -32767.0 -32767.0 -32767.0 -32767.0 -32767.0 -32767.0 -32767.0 -32767.0 -32767.0 -32767.0 -32767.0 -32767.0 -32767.0 -32767.0 -32767.0 -32767.0 -32767.0 -32767.0 -32767.0 -32767.0 -32767.0 -32767.0 -32767.0 -32767.0 -32767.0 -32767.0 -32767.0 -32767.0 -32767.0 -32767.0 -32767.0 -32767.0 -32767.0 30.86479 30.679447 27.99688 28.546087 28.11718 27.915579 29.699005 29.407322 30.937159 31.499063 -32767.0 -32767.0 -32767.0 -32767.0 -32767.0 30.851028 31.076962 30.871616 30.438671 30.303965
-32767.0 -32767.0 -32767.0 -32767.0 -32767.0 -32767.0 -32767.0 -32767.0 -32767.0 -32767.0 -32767.0 -32767.0 -32767.0 -32767.0 -32767.0 -32767.0 -32767.0 -32767.0 -32767.0 -32767.0 -32767.0 -32767.0 -32767.0 -32767.0 -32767.0 -32767.0 -32767.0 -32767.0 -32767.0 -32767.0 -32767.0 -32767.0 -32767.0 -32767.0 -32767.0 -32767.0 -32767.0 -32767.0 -32767.0 -32767.0 -32767.0 28.985107 28.754936 27.850653 28.085333 27.968449 29.780897 30.311674 31.244976 31.9962 32.023315 -32767.0 -32767.0 -32767.0 -32767.0 30.786348 30.884333 30.908287 30.67739 30.216251 30.016325
-32767.0 -32767.0 -32767.0 -32767.0 -32767.0 -32767.0 -32767.0 -32767.0 -32767.0 -32767.0 -32767.0 -32767.0 -32767.0 -32767.0 -32767.0 -32767.0 -32767.0 -32767.0 -32767.0 -32767.0 -32767.0 -32767.0 -32767.0 -32767.0 -32767.0 -32767.0 -32767.0 -32767.0 -32767.0 -32767.0 -32767.0 -32767.0 -32767.0 -32767.0 -32767.0 -32767.0 -32767.0 -32767.0 -32767.0 29.547012 28.203001 28.301836 27.921772 28.945572 29.971138 29.31576 30.617264 30.957476 32.313065 32.719166 -32767.0 -32767.0 -32767.0 -32767.0 -32767.0 30.540562 30.75339 30.68741 30.421204 30.099066 30.130232
-32767.0 -32767.0 -32767.0 -32767.0 -32767.0 -32767.0 -32767.0 -32767.0 -32767.0 -32767.0 -32767.0 -32767.0 -32767.0 -32767.0 -32767.0 -32767.0 -32767.0 -32767.0 -32767.0 -32767.0 -32767.0 -32767.0 -32767.0 -32767.0 -32767.0 -32767.0 -32767.0 -32767.0 -32767.0 -32767.0 -32767.0 -32767.0 -32767.0 -32767.0 -32767.0 -32767.0 -32767.0 -32767.0 28.538746 27.461842 26.85811 27.427015 26.714357 29.843855 29.949408 29.956749 30.60501 31.46571 31.915098 32.847065 -32767.0 -32767.0 -32767.0 -32767.0 -32767.0 30.419418 30.757 30.671581 30.240173 30.09845 30.12726
-32767.0 -32767.0 -32767.0 -32767.0 -32767.0 -32767.0 -32767.0 -32767.0 -32767.0 -32767.0 -32767.0 -32767.0 -32767.0 -32767.0 -32767.0 -32767.0 -32767.0 -32767.0 -32767.0 -32767.0 -32767.0 -32767.0 -32767.0 -32767.0 -32767.0 -32767.0 -32767.0 -32767.0 -32767.0 -32767.0 -32767.0 -32767.0 -32767.0 -32767.0 -32767.0 -32767.0 28.98831 27.00532 26.922617 26.375498 27.384356 29.029736 30.249847 29.690065 30.074257 30.481932 -32767.0 31.321175 31.067432 -32767.0 -32767.0 -32767.0 -32767.0 -32767.0 30.160248 30.379042 30.645058 30.583036 30.088728 30.139788 29.911509
-32767.0 -32767.0 -32767.0 -32767.0 -32767.0 -32767.0 -32767.0 -32767.0 -32767.0 -32767.0 -32767.0 -32767.0 -32767.0 -32767.0 -32767.0 -32767.0 -32767.0 -32767.0 -32767.0 -32767.0 -32767.0 -32767.0 -32767.0 -32767.0 -32767.0 -32767.0 -32767.0 -32767.0 -32767.0 -32767.0 -32767.0 -32767.0 -32767.0 -32767.0 -32767.0 26.530666 24.759012 28.459187 30.682627 30.052744 29.832369 30.22144 30.087568 30.263147 30.562801 30.758575 -32767.0 30.757978 31.119019 -32767.0 -32767.0 -32767.0 -32767.0 -32767.0 30.083538 30.253391 30.457586 30.54705 30.223862 30.162333 29.850048
-32767.0 -32767.0 -32767.0 -32767.0 -32767.0 -32767.0 -32767.0 -32767.0 -32767.0 -32767.0 -32767.0 -32767.0 -32767.0 -32767.0 -32767.0 -32767.0 -32767.0 -32767.0 -32767.0 -32767.0 -32767.0 -32767.0 -32767.0 -32767.0 -32767.0 -32767.0 -32767.0 -32767.0 -32767.0 -32767.0 -32767.0 -32767.0 -32767.0 -32767.0 -32767.0 29.223635 29.96516 30.630829 30.852936 30.852535 30.306164 30.504255 30.046625 31.18075 25.89559 29.77076 30.921673 30.513794 31.098803 -32767.0 -32767.0 -32767.0 -32767.0 -32767.0 29.999807 30.046288 30.213627 30.4305 30.486809 30.221085 29.912663
-32767.0 -32767.0 -32767.0 -32767.0 -32767.0 -32767.0 -32767.0 -32767.0 -32767.0 -32767.0 -32767.0 -32767.0 -32767.0 -32767.0 -32767.0 -32767.0 -32767.0 -32767.0 -32767.0 -32767.0 -32767.0 -32767.0 -32767.0 -32767.0 -32767.0 -32767.0 -32767.0 32.30476 -32767.0 30.746693 -32767.0 30.418427 30.513165 30.1234 30.150856 30.064484 30.328253 30.562746 30.625786 30.367254 30.54132 29.571634 30.629099 30.641214 30.09477 30.836378 30.717575 30.351679 31.0188 -32767.0 -32767.0 -32767.0 -32767.0 29.976902 29.90902 29.893097 29.955025 30.094938 30.28435 30.35226 29.80454
-32767.0 -32767.0 -32767.0 -32767.0 -32767.0 -32767.0 -32767.0 -32767.0 -32767.0 -32767.0 -32767.0 -32767.0 -32767.0 -32767.0 -32767.0 -32767.0 -32767.0 -32767.0 -32767.0 -32767.0 -32767.0 -32767.0 -32767.0 32.616917 -32767.0 -32767.0 29.011843 30.175262 29.714819 29.84119 30.037697 29.84509 29.856182 29.982874 30.126429 30.273712 30.325027 30.479282 30.727522 30.72004 30.932188 30.783281 30.675762 30.628227 30.516083 30.44015 30.351688 30.368803 30.789898 31.17943 -32767.0 -32767.0 30.561174 29.939281 29.859097 29.59662 30.01332 30.03087 30.126253 30.347023 29.661234
-32767.0 -32767.0 -32767.0 -32767.0 -32767.0 -32767.0 -32767.0 -32767.0 -32767.0 -32767.0 -32767.0 -32767.0 -32767.0 -32767.0 -32767.0 -32767.0 -32767.0 -32767.0 -32767.0 -32767.0 -32767.0 -32767.0 -32767.0 31.928633 33.08162 30.48741 30.522923 29.903946 30.299757 30.322021 30.24101 30.287292 30.289057 30.25075 30.316084 30.321983 30.6494 30.87701 30.957388 30.824427 30.78932 30.676191 30.406199 30.263645 30.336767 30.38454 30.380716 30.381502 30.28428 30.555746 30.926218 -32767.0 30.278673 29.934563 29.56194 29.60841 30.036133 30.001524 30.193275 30.286207 29.877703
-32767.0 -32767.0 -32767.0 -32767.0 -32767.0 -32767.0 -32767.0 -32767.0 -32767.0 -32767.0 -32767.0 -32767.0 -32767.0 -32767.0 -32767.0 -32767.0 -32767.0 -32767.0 -32767.0 -32767.0 32.907818 32.03517 31.978184 30.362623 29.39975 -32767.0 30.2757 30.276632 30.166016 30.467127 30.523794 30.532598 30.498095 30.485125 30.607931 30.78923 30.849117 30.823072 30.80654 30.654778 30.510118 30.316614 30.296883 30.661795 30.663567 30.628727 30.649351 30.662264 30.587557 30.372643 30.694174 -32767.0 30.155828 29.9246 29.508316 29.948685 29.96749 29.848259 29.912535 29.930086 29.902416
-32767.0 -32767.0 32.716145 -32767.0 -32767.0 -32767.0 -32767.0 -32767.0 -32767.0 -32767.0 -32767.0 -32767.0 -32767.0 -32767.0 -32767.0 -32767.0 32.3955 -32767.0 32.13668 31.489199 31.176708 29.241081 29.025051 29.061176 29.766039 30.57132 30.639938 30.779892 30.781319 30.730492 30.609701 30.548868 30.538076 30.54609 30.553572 30.538572 30.580933 30.410173 30.415136 30.496624 30.553234 30.560532 30.611763 30.484745 30.423122 30.672966 30.69289 30.632576 30.667553 30.5096 30.209406 30.16048 29.88445 29.818638 29.796991 29.97635 29.973568 29.774094 29.584501 29.48716 29.489164
-32767.0 32.2793 32.275513 32.270172 32.472733 -32767.0 32.716198 32.53587 -32767.0 -32767.0 -32767.0 -32767.0 -32767.0 31.567682 31.691233 31.049713 30.32995 30.972145 30.616283 30.737122 30.057825 29.985746 30.207773 30.465355 30.566748 30.808786 30.870422 30.809511 30.689573 30.5597 30.52269 30.481262 30.399519 30.371286 30.348816 30.35688 30.390673 30.307547 30.528982 30.57289 30.581026 30.614353 30.503149 30.37295 30.417736 30.738783 30.73421 30.68224 30.592073 30.21787 29.931883 29.846464 29.738535 29.81054 29.87854 30.014122 29.99644 29.792135 29.560043 29.48379 29.438679
31.95615 31.470936 31.51304 31.70125 32.112564 32.16806 32.255005 32.570824 -32767.0 -32767.0 -32767.0 31.352066 30.79836 30.399618 29.927502 29.614372 29.663252 29.35887 29.660463 29.915625 30.129583 30.340145 30.481882 30.55219 30.79035 30.975838 30.79073 30.626217 30.49873 30.454418 30.483482 30.470732 30.438513 30.383913 30.324564 30.284597 30.359314 30.403275 30.534546 30.585005 30.595058 30.62387 30.551989 30.315271 30.283485 30.285524 30.32941 30.267273 30.073004 29.88275 29.79063 29.783104 29.76499 29.738947 29.843346 29.949644 29.972864 29.724249 29.593136 29.540081 29.403204
31.410208 31.71161 31.849127 31.893932 31.610592 31.946596 32.222374 -32767.0 -32767.0 32.029705 -32767.0 30.939936 30.650234 29.947975 29.797588 29.695486 29.397297 29.56751 29.818415 30.104027 30.18803 30.532017 30.93527 31.030975 30.734598 30.786278 30.453217 30.368357 30.47908 30.567408 30.495756 30.350193 30.289768 30.26347 30.260231 30.253878 30.215565 30.42111 30.589973 30.585 30.59902 30.477163 30.413595 30.399628 30.163778 30.134516 30.108538 30.016428 29.912739 29.82168 29.714037 29.672846 29.708843 29.692726 29.683554 29.72817 29.610111 29.62057 29.685263 29.60392 29.424517
31.76334 31.871437 31.944191 32.005585 31.788872 31.629194 32.13027 32.46341 -32767.0 -32767.0 31.843956 31.713882 31.17736 30.101913 29.720089 29.610415 29.559317 29.363504 29.566702 29.959946 30.182667 30.785978 31.019588 31.111702 30.80846 30.667381 30.566694 30.397127 30.419224 30.465275 30.326479 30.19972 30.236286 30.213814 30.216402 30.732466 30.279388 30.44625 30.428413 30.407187 30.259537 30.119587 30.079874 30.006319 29.915615 29.856012 29.885405 29.927477 29.91788 29.731014 29.76856 29.723871 29.536772 29.602774 29.57877 29.308895 29.425608 29.638683 29.767849 29.551994 29.35332
31.951052 31.959604 31.986467 32.04859 32.014652 31.69419 32.066666 32.223736 -32767.0 -32767.0 31.98908 32.14161 31.721514 29.694124 29.577793 30.146767 30.019125 29.930618 30.121702 30.112644 30.251013 31.033077 31.216707 30.97836 30.67697 30.477484 30.365427 30.35579 30.36594 30.384323 30.194803 30.27885 30.320936 30.245201 30.34153 30.363161 30.39426 30.26316 30.174242 30.087505 29.99865 29.928677 29.869652 29.78927 29.667116 29.613691 29.620565 29.74997 29.714617 29.774122 29.796091 29.808119 29.45125 29.583569 29.572197 29.068409 -32767.0 29.640718 29.683569 29.469162 29.408731
32.093437 31.976019 32.064438 31.949804 31.900797 31.586565 31.835201 32.163136 32.114998 32.19139 31.73952 31.947939 32.2787 31.373945 29.831589 30.031994 30.134102 30.964159 31.101027 31.114355 30.594307 30.865969 31.18869 30.847467 30.49207 30.397326 30.520748 30.446253 30.33891 30.276937 30.16866 30.364923 30.35282 30.321276 30.30085 30.289473 30.279825 30.12991 30.046 29.943808 29.862768 29.792637 29.714836 29.690256 29.54621 29.550608 29.495033 29.531208 29.615189 29.864113 29.795551 29.599682 29.700834 29.602129 29.654715 29.61997 29.55227 29.536585 29.633064 29.331476 29.437967
31.83474 31.796644 31.823782 31.861933 31.65805 31.662289 31.89302 32.044132 31.993896 -32767.0 -32767.0 -32767.0 32.05467 30.714727 30.93929 30.97232 30.99582 31.333763 31.337143 31.385408 31.323704 31.293215 31.20626 30.53269 30.507215 30.606384 30.446075 30.336424 30.229828 30.152527 30.17196 30.376076 30.342323 30.254251 30.231186 30.221144 30.193779 30.063145 29.977661 29.918234 29.848465 29.720024 29.649178 29.686247 29.513897 29.555136 29.42704 29.522032 29.819956 29.68977 29.904022 29.77432 29.624958 29.591652 29.609753 29.946718 29.885975 29.553637 29.48965 29.333204 29.44271
