static/data/seaWind_uo/2023/7/22/12.asc
ncols 137
nrows 93
xllcorner 108.0
yllcorner 17.0
cellsize 0.25
NODATA_value -32767
[rows 38 to 56 of 93, columns 42 to 83 of 137]
0.08697571445285979 0.24153670390329385 0.21831251377861705 0.058946519474802006 -0.06758527499757383 -0.2349596107236911 -0.5512890969046307 -0.591330804016142 -0.22054459616354727 0.6539662871518601 1.7503082278650406 1.731088208451515 1.2201560257086306 1.0784083825338806 0.9935199634574765 0.5034094684125776 0.6163270824670395 0.589098721631212 0.6011112337646654 0.7228380233836598 0.9791049488973322 0.9831091196084834 0.7764939109130848 0.45856275644768507 0.12461491913768041 -0.10602531382462477 -0.31424219080448346 -0.5288657409221844 -0.6978417449327621 -0.6762192230925459 -0.6105508234296675 -0.6345758476965742 -0.6594017061057111 -0.6033433161495954 -0.4055372830187296 -0.3302588736490879 -0.3502797272048439 -0.42075313172110373 -0.4655998436859963 -0.5520899310468608 -0.6473891939722578 -0.7899376712892381
-0.34066971749808106 0.11980991428429899 0.41772021519394364 0.14143243612451517 -0.20773124988786362 -0.39832977573865724 -0.31424219080448346 0.03972650006127676 0.27677340616142354 0.6988129991167531 1.126458431067694 0.8285481301580497 0.12461491913768041 0.12541575327991072 0.32962845954861875 0.4457494101720014 0.7564730573573293 0.6803938138454577 0.5650736973643053 0.6155262483248096 0.780498081624236 0.8053239400333729 0.4649694295855267 0.055743182905881206 -0.27099714712405154 -0.46159567297484516 -0.5328699116333355 -0.6385800184077253 -0.7282734423375108 -0.7258709399108201 -0.6994434132172225 -0.7659126470223314 -0.7506967983199571 -0.6561983695367903 -0.48321819481506134 -0.33906804921362044 -0.3759064197562112 -0.5016373800863567 -0.6794225596614669 -0.8371868856808216 -0.9396936558862905 -1.0109678945447806
-0.5544924334735515 -0.18530789390541713 0.4457494101720014 0.2046983333607031 -0.2581838008483679 -0.7418876227554245 -0.7058500863550643 0.019705646505520757 0.5314386633906358 0.8605814958472586 0.8437639788604239 0.4913969562791243 -0.19651957189664016 -0.4736081851082985 -0.24777295699937474 0.3344334644019997 0.8189381204512869 0.6627754627163926 0.4601644247321457 0.4441477418875408 0.4737786051500592 0.48659195142574285 0.15504661654242913 -0.19491790361217998 -0.49042570209513325 -0.5953349747272931 -0.6578000378212507 -0.7426884568976548 -0.7723193201601732 -0.7867343347203173 -0.8275768759740587 -0.8580085733788074 -0.7947426761426195 -0.6674100475280136 -0.5168532287887309 -0.4744090192505288 -0.5729116187448469 -0.6906342376526902 -0.9364903193173697 -1.132694684163775 -1.2904590101831297 -1.3625340829838501
-0.3278563712223974 -0.1764987183408846 0.13742826541336406 -0.06998777742426432 -0.5296665750644145 -0.9573120070153556 -0.9533078363042045 -0.37350391732952026 0.16465662624919197 0.4929986245635849 0.5034094684125776 0.5138203122615708 -0.22054459616354727 -0.5456832579090192 -0.3502797272048439 0.2631592257435096 0.7428588769394153 0.625136258031572 0.42092355176286445 0.27357006959250274 0.2671633964546607 0.14143243612451517 -0.14606702093613588 -0.45759150226369405 -0.6041441502918257 -0.6922359059371506 -0.7595059738844896 -0.8636144123744189 -0.8900419390680165 -0.9196728023305349 -0.9621170118687368 -0.9501044997352834 -0.8660169148011096 -0.7282734423375108 -0.6273683404165022 -0.6073474868607465 -0.7434892910398849 -0.8996519487747792 -1.1519147035773005 -1.4562316776247866 -1.6500335400445016 -1.8093995343483167
-0.0852036261266389 0.09898822658631312 0.04933650976803916 -0.4079397854454201 -0.8684194172278004 -0.9861420361356437 -1.002158718980248 -0.6578000378212507 -0.3935247708852758 -0.06438193842865303 0.15504661654242913 0.33283179611753955 -0.18450705976318682 -0.16688870863412175 0.029315656212283603 0.4265293907584762 0.6940079942633717 0.5482561803774706 0.22952419176984007 0.08217070959947836 0.036523163492355515 -0.11083031867800619 -0.37030058076059946 -0.5592974383269329 -0.7066509204972946 -0.7659126470223314 -0.8267760418318286 -0.9380919876018301 -0.9989553824113273 -1.0277854115316154 -1.0950554794789544 -1.0710304552120478 -0.976532026428881 -0.8435935588186634 -0.7418876227554245 -0.828377710116289 -0.945299494881902 -1.1294913475948543 -1.4057791266642823 -1.7124986031384593 -2.0104089040481035 -2.2330407955881064
-0.16849037691858237 0.3216201181263161 -0.007522714330306712 -0.4672015119704569 -0.8451952271031238 -0.9348886510329091 -0.9252786413261465 -0.8892411049257862 -0.6433850232611067 -0.591330804016142 -0.3783089221829017 -0.06598360671311321 -0.01873439232153018 0.04453150491465774 0.45055441502538285 0.82934896430028 0.7484647159350271 0.4329360638963178 0.09818739244408325 -0.08680529441109908 -0.12364366495368984 -0.2717979812662814 -0.5152515605042705 -0.697040910790532 -0.76110764216895 -0.8195685345517565 -0.8964486122058584 -0.9973537141268669 -1.0630221137897453 -1.160723879141833 -1.2319981178003232 -1.2039689228222652 -1.1399021914438472 -1.0101670604025506 -1.0061628896913994 -1.1046654891857173 -1.2191847715246396 -1.3881607755352174 -1.662046052177955 -1.9679646945099014 -2.2698791661306967 -2.56298446218696
-0.5416790871978678 0.11180157286199677 -0.0820002895577181 -0.24456962043045394 -0.6249658379898115 -0.828377710116289 -0.7683151494490221 -0.7811284957247058 -0.7498959641777267 -0.6978417449327621 -0.6545967012523299 -0.3759064197562112 -0.0916102992644805 0.38808935193142524 0.7941122620421499 0.9895157927463254 0.8389589740070424 0.4153177127672527 -0.052369426295199695 -0.2381629472926119 -0.2645904739862095 -0.4335664779967874 -0.6730158865236251 -0.7707176518757128 -0.8355852173963612 -0.8884402707835561 -0.9885445385623344 -1.07903879663435 -1.1831472351242793 -1.280849000476367 -1.3713432585483827 -1.3529240732770875 -1.3313015514368713 -1.2976665174632018 -1.2936623467520507 -1.3993724535264407 -1.5475267698390325 -1.6820669057337105 -1.8294203879040722 -2.136139864378249 -2.4564735212703397 -2.743972978330991
-1.0045612214069388 -0.4976332093752056 -0.28461132754196505 -0.3014288445287998 -0.43596898042347787 -0.6634058768168625 -0.6353766818388045 -0.4752098533927591 -0.5536915993313214 -0.45598983397923387 -0.3254538687957069 -0.43196480971232676 0.04132816834573694 0.571480370502147 0.9366607393591302 1.07680671424942 0.86538650070064 0.3344334644019997 -0.12684700152261064 -0.3807114246095922 -0.4487823266991615 -0.6361775159810346 -0.7731201543024033 -0.8588094075210377 -0.9188719681883046 -0.97332868985996 -1.0734329576387385 -1.156719708430682 -1.2856540053297485 -1.421795809508887 -1.513891735865363 -1.5571367795457953 -1.5643442868258672 -1.5715517941059391 -1.6155976719286018 -1.7092952665695382 -1.8806737730068068 -2.03443392831501 -2.145749874085012 -2.3035142001043662 -2.587810320596097 -2.7671971684556675
-1.0902504746255732 -0.6786217255192366 -0.439973151134629 -0.471205682681608 -0.5296665750644145 -0.5320690774911052 -0.6345758476965742 -0.5192557312154216 -0.4655998436859963 -0.2894163323953465 -0.05397109457965987 -0.22054459616354727 0.2863834158681864 0.8637848324161799 1.193728499015033 1.0816117191028014 0.7812989157664663 0.23993503561883323 -0.16929121106081269 -0.4447781559880104 -0.6097499892874372 -0.7787259932980151 -0.8716227537967214 -0.9597145094420463 -1.0269845773893853 -1.086246303914422 -1.1703338888485957 -1.2800481663341368 -1.4554308434825565 -1.5939751500883856 -1.698083588578315 -1.8278187196196118 -1.8246153830506908 -1.8654579243044325 -1.9191138118338578 -1.9991972260568804 -2.1521565472228534 -2.3275392243712734 -2.4516685164169583 -2.5573786231913482 -2.655080388543436 -2.8192513877006324
-1.1879522399776608 -0.7274726081952805 0.04453150491465774 -0.1764987183408846 -0.640982520834416 -0.8588094075210377 -0.4752098533927591 -0.6369783501232649 -0.6730158865236251 -0.5408782530556377 -0.2125362547412446 0.3168151132729351 0.7476638817927967 1.1360684407744568 1.2153510208552492 0.9238473930834465 0.5050111366970382 0.009294802656528045 -0.3054330152399509 -0.5280649067799541 -0.7098542570662154 -0.8804319293612537 -0.9653203484376578 -1.036594587096148 -1.1014621526167963 -1.174338059559747 -1.2816498346185974 -1.4065799608065126 -1.6027843256529182 -1.758146149245582 -1.8726654315845046 -2.054454781870766 -2.144148205800551 -2.1905965860499044 -2.203409932325588 -2.241849971152639 -2.4276434921500516 -2.6222461887119963 -2.8088405438516393 -2.910546479914878 -2.9153514847682596 -2.878513114225669
-0.4744090192505288 -0.7370826179020433 -0.4383714828501688 -0.24456962043045394 -0.31344135666225315 -0.5104465556508893 -0.3022296786710301 -0.2573829667061376 -0.4087406195876504 -0.42475730243225485 -0.11963949424253872 0.5834928826356003 0.8950173639631585 1.063192533831506 0.910233212665533 0.5794887119244492 0.17426663595595482 -0.1404611819405246 -0.3895206001741247 -0.5897291357316816 -0.7995476809960009 -0.9749303581444204 -1.07903879663435 -1.160723879141833 -1.2335997860847836 -1.308878195454425 -1.422596643651117 -1.566746789252558 -1.7477353053965892 -1.924719650829469 -2.078479806137673 -2.2466549760060204 -2.3595725900604823 -2.437253501856814 -2.4524693505591886 -2.461278526123721 -2.5806028133160246 -2.755184656322214 -2.9722107088666054 -3.119564191036967 -3.1588050640062484 -3.266917673207329
0.2375325331921423 -0.7506967983199571 -0.6217625014208905 -0.24056544971930283 -0.05076775801073907 0.10459406558192486 0.4009026982071089 -0.12044032838476859 -0.1444653526516757 0.058145685332571695 0.35525515209998604 0.6980121649745228 0.8245439594468986 0.7036180039701345 0.48098611243013156 0.12701742156437135 -0.20452791331894238 -0.42235480000556436 -0.524060736068803 -0.6810242279459273 -0.8844361000724048 -1.061420445505285 -1.1919564106888119 -1.2848531711875182 -1.3697415902639223 -1.4402149947801821 -1.5435225991278814 -1.6892744130137824 -1.8630554218777418 -2.001599728483571 -2.1801857422009117 -2.3811951119006984 -2.521341086790988 -2.6118353448630036 -2.6222461887119963 -2.63345786670322 -2.681507915237033 -2.860894763096604 -3.0651074693653118 -3.20044843940222 -3.2517018245049547 -3.3221752290212145
0.6211320873204209 -0.5008365459441264 -0.7250701057685898 -0.2541796301372168 0.15744911896912006 0.3536534838155254 0.9494740856348138 0.15744911896912006 0.057344851190341384 0.42733022490070605 0.8149339497401358 0.6667796334275438 0.571480370502147 0.2383333673343726 -0.09321196754894112 -0.4055372830187296 -0.48001485824614054 -0.576915789455998 -0.6209616672786604 -0.76110764216895 -0.9613161777265067 -1.2191847715246396 -1.3785507658284546 -1.493070048167377 -1.588369311092774 -1.6276101840620552 -1.6420251986221992 -1.7797686710857983 -1.9191138118338578 -2.0776789719954425 -2.2546633174283226 -2.433249331145663 -2.588611154738327 -2.656682056827896 -2.6726987396725006 -2.7079354419306307 -2.7391679734776098 -2.88171645079459 -3.002642406271354 -3.136381708023802 -3.242892648940422 -3.3157685558833725
0.48418944899905236 -0.47921402410391023 -0.5937333064428327 -0.052369426295199695 0.36246265938005795 0.2063000016451637 0.903826539527691 0.3424418058243024 0.45375775159430365 0.8077264424600639 0.7692864036330129 0.5514595169463914 0.17106329938703357 -0.39913060988088755 -0.6946384083638413 -0.6930367400793807 -0.7571034714577989 -0.7074517546395249 -0.733078447190892 -0.8844361000724048 -1.1439063621549983 -1.4025757900953615 -1.630813520630976 -1.758146149245582 -1.8270178854773815 -1.7565444809611215 -1.7661544906678843 -1.789378680792561 -1.9263213191139297 -2.0696706305731403 -2.261069990566164 -2.4420585067101954 -2.5974203303028593 -2.6646903982501984 -2.6967237639394077 -2.7399688076198396 -2.791222192722574 -2.896932299496964 -3.008248245266966 -3.05789996208524 -3.160406732290709 -3.1708175761397017
0.0325189927812044 -0.6505925305411788 -0.08760612855332939 0.45535941987876427 0.3480476448199137 -0.0019168753346954226 0.3896910202158854 0.6147254141825793 0.730846364805962 0.6827963162721487 0.645157111587328 0.15985162139581055 -0.379109756325132 -0.9605153435842764 -1.039797923665069 -1.0373954212383782 -0.856406905094347 -0.7883360030047777 -0.8483985636720448 -1.0822421332032708 -1.3657374195527712 -1.6860710764448616 -1.9143088069804763 -2.0072055674791827 -2.0296289234616287 -1.8902837827135694 -1.7981878563570934 -1.8222128806240003 -1.8950887875669509 -2.0280272551771685 -2.2186257810279626 -2.424440155581131 -2.574196140178183 -2.6366612032721406 -2.6686945689613495 -2.758387992891135 -2.8264588949807044 -2.9225589920483315 -3.001841572129124 -3.052294123089628 -3.048289952378477 -3.0378791085294843
-0.4407739852768593 -0.43196480971232676 0.2591550550323585 0.8053239400333729 0.7036180039701345 -0.01793355817929987 0.06295069018595312 0.6475596140140185 0.6731863065653858 0.5898995557734423 0.27357006959250274 -0.2317562741547703 -1.0349929188116875 -1.4562316776247866 -1.460235848335938 -1.128690513452624 -0.934087816890679 -0.8756269245078725 -0.9965528799846366 -1.3104798637388855 -1.7165027738496104 -2.036836430741701 -2.1481523765117023 -2.2202274493124228 -2.1385423668049395 -1.967163860367671 -1.8430345683219862 -1.8166070416283886 -1.8918854509980298 -2.0168155771859455 -2.1833890787698325 -2.401215965456454 -2.522141920933218 -2.588611154738327 -2.66949540310358 -2.768798836740128 -2.8536872558165323 -2.9754140454355262 -3.0506924548051675 -3.0466882840940164 -3.0426841133828653 -3.0090490794091957
-0.7298751106219712 -0.43116397557009645 0.2383333673343726 0.6739871407076161 0.6964104966900622 0.2647608940279702 0.39209352264257635 0.6683813017120044 0.5602686925109239 0.3184167815573953 -0.004319377761385912 -0.7410867886131944 -1.7493369736810496 -2.078479806137673 -1.7309177884097544 -1.3641357512683105 -1.1062671574701777 -1.0462045968029106 -1.2616289810628416 -1.658842715609034 -2.0600606208663774 -2.2730825026996175 -2.3595725900604823 -2.3075183708155174 -2.1489532106539326 -2.0032013967680316 -1.8758687681534254 -1.8494412414598278 -1.934329660536232 -2.0680689622886796 -2.217024112743502 -2.4204359848699792 -2.545366111057895 -2.638262871556601 -2.7271554613441564 -2.825658060838474 -2.9265631627594826 -3.108352513045744 -3.1860334248420763 -3.1588050640062484 -3.1107550154724346 -3.0747174790720746
-0.7242692716263597 -0.3895206001741247 0.13902993369782468 0.44094440531862 0.5794887119244492 0.6339454335961046 0.8765981786918635 0.780498081624236 0.5090153074081893 0.24073586976106354 -0.2942213372487279 -1.2263922788047117 -2.570191969467032 -2.702329602935019 -2.172177400778609 -1.6107926670752204 -1.3489199025659364 -1.3785507658284546 -1.5963776525150764 -1.9831805432122758 -2.3219333853756616 -2.483701882106167 -2.4772952089683256 -2.42283848729667 -2.2338416297303367 -2.0560564501552263 -1.9847822114967362 -2.03443392831501 -2.1297331912404074 -2.238646634583718 -2.4020167995986843 -2.5485694476268157 -2.6470720471211338 -2.7399688076198396 -2.8344672364030066 -2.9401773431773965 -3.069912474218693 -3.2468968196515733 -3.3373910777235887 -3.338191911865819 -3.309361882745531 -3.3109635510299915
0.02210814893221169 0.34003930339761146 0.3808818446513529 0.3576576545266765 0.5410486730973982 1.003129973164239 1.3747170151590642 0.9182415540878353 0.5882978874889817 0.3224209522685464 -0.2942213372487279 -1.567547623394788 -3.313366053456682 -3.3998561408175467 -2.744773812473221 -2.111314005969112 -1.7941836856459423 -1.789378680792561 -2.0048030650524917 -2.3075183708155174 -2.541361940346744 -2.5910136571650177 -2.518137750222067 -2.4348509994301235 -2.341153404789187 -2.224231620023574 -2.1625673910718466 -2.24585414186379 -2.397211794745303 -2.535756101351132 -2.697524598081638 -2.7631929977445164 -2.860894763096604 -2.944982348030778 -3.0402816109561748 -3.182830088273155 -3.3646194385594166 -3.4911512330317924 -3.5632263058325124 -3.577641320392657 -3.5912555008105707 -3.628093871353161
