static/data/seaWind_uo/2023/7/22/18.asc
ncols 137
nrows 93
xllcorner 108.0
yllcorner 17.0
cellsize 0.25
NODATA_value -32767
[rows 38 to 56 of 93, columns 84 to 125 of 137]
-0.5921316381583721 -1.0389970895228386 -1.1879522399776608 -1.064623782074206 -0.9805361971400322 -1.2303964495158628 -1.8254162171929211 -1.8702629291578137 -1.5186967407187444 -0.9188719681883046 -0.42876147314340596 -0.01793355817929987 0.4129152103405622 0.7572738914995596 0.9086315443810724 0.8982207005320793 0.8757973445496332 0.8709923396962518 0.9238473930834465 0.9751007781861811 0.9767024464706417 1.0055324755909298 1.0671967045426571 1.1504834553346006 1.3218619617718694 1.5388880143162607 1.766324910709645 1.951317597564827 1.9617284414138205 1.9841517973962666 2.17475032324706 2.4606481120232515 2.768168422639658 2.9459536022147685 2.877081865982969 2.682479169421024 2.4061913903515957 2.058629372623678 1.6197722626815136 1.2513885572556092 1.0055324755909298 0.8814031835452445
-0.7210659350574387 -1.153516371861761 -1.5154934041498236 -1.6756602325958687 -1.595576818372846 -1.7269136176986033 -1.990388050492348 -1.9543505140919875 -1.545925101554572 -1.0005570506957877 -0.6682108816702437 -0.27500131783520265 0.1142040752886877 0.38808935193142524 0.5690778680754565 0.7724897402019337 0.9254490613679072 1.074404211822729 1.21855435742417 1.285824425371509 1.2914302643671207 1.267405240100214 1.272210244953595 1.2946336009360415 1.317056956918488 1.1520851236190612 1.1769109820281982 1.2457827182599979 1.272210244953595 1.2529902255400698 1.2714094108113652 1.4115553857016545 1.6173697602548232 1.8007607788255444 1.8808441930485675 1.8800433589063368 1.7230798670292127 1.4307754051151802 1.0399683437068297 0.649962116440709 0.4345377321807784 0.3232217864107767
-0.8323818808274401 -1.1919564106888119 -1.6123943353596808 -2.0256247527504776 -2.1865924153387533 -2.2834933465486107 -2.153758215507314 -2.009608069905873 -1.6388218620532782 -1.2079730935334165 -0.8636144123744189 -0.45919317054815467 -0.10842781625131526 0.1110007387197669 0.3160142791307048 0.5306378292484055 0.7148296819613575 0.8982207005320793 1.094425065378485 1.1624959674680544 1.1208525920720822 1.0319600022845274 0.995922465884167 0.9086315443810724 0.8053239400333729 0.5770862094977587 0.38808935193142524 0.36406432766451813 0.28798508415264656 0.18627914808940815 0.15824995311134993 0.2022958309340126 0.34724681067768337 0.4937994587058152 0.6739871407076161 0.7700872377752432 0.7604772280684804 0.5250319902527938 0.24073586976106354 -0.061979436001962096 -0.1837062256209565 -0.28461132754196505
-0.930884480321758 -1.2784464980496764 -1.7189052762763009 -2.1417457033738607 -2.435651833572354 -2.587810320596097 -2.472490204114944 -2.2442524735793294 -1.8918854509980298 -1.5403192625589606 -1.1126738306080195 -0.7498959641777267 -0.5408782530556377 -0.3462755564936928 -0.12604616738038033 0.07896737303055756 0.25435005017897705 0.3272259571219278 0.44975358088315254 0.452156083309843 0.45295691745207334 0.39850019578041795 0.3832843470780438 0.30240009871279083 0.06054818775926263 -0.20452791331894238 -0.42876147314340596 -0.6778208913770065 -0.8011493492804613 -0.9469011631663626 -0.976532026428881 -0.9693245191488089 -0.8908427732102466 -0.7210659350574387 -0.3759064197562112 -0.27099714712405154 -0.2677938105551303 -0.3638939076227574 -0.6121524917141279 -0.7739209884446336 -0.8580085733788074 -0.958913675299816
-1.0245820749626946 -1.2976665174632018 -1.7397269639742867 -2.1105131718268817 -2.4204359848699792 -2.616640349716385 -2.7343629686242283 -2.5053244039463833 -2.309120039099978 -2.0024005626258012 -1.637220193768818 -1.3945674486730593 -1.18554973755097 -0.9404944900285208 -0.7274726081952805 -0.601741647865135 -0.6201608331364301 -0.5472849261934796 -0.5705091163181562 -0.5440815896245585 -0.4976332093752056 -0.4752098533927591 -0.4888240338106731 -0.5376749164867167 -0.7603068080267197 -1.0413995919495294 -1.4346091557845706 -1.6836685740181712 -1.9359313288206925 -2.0600606208663774 -2.037637264883931 -2.044043938021773 -1.966363026225441 -1.6220043450664434 -1.234400620227014 -1.18474890340874 -1.1967614155421933 -1.2920606784675903 -1.3625340829838501 -1.4546300093403262 -1.5403192625589606 -1.6300126864887459
-1.1407030255860775 -1.3985716193842104 -1.5619417843991765 -1.9191138118338578 -2.2850950148330713 -2.56378529632919 -2.7103379443573217 -2.9209573237638713 -2.7423713100465306 -2.5437644427734343 -2.369182599767245 -2.1337373619515585 -1.9455413385274551 -1.6884735788715524 -1.4514266727714054 -1.5082858968697515 -1.5499292722657232 -1.6772619008803291 -1.7036894275739267 -1.60919099879076 -1.5210992431454349 -1.499476721305219 -1.4722483604693912 -1.5154934041498236 -1.6220043450664434 -1.871063763300044 -2.2794891758374596 -2.747176314899912 -3.012252415978117 -3.111555849614665 -2.964202367444303 -2.965804035728764 -2.70633377364617 -2.349161746211489 -1.9759730359322036 -2.040039767310622 -2.0488489428751544 -1.969566362794362 -2.027226421034938 -2.0256247527504776 -2.1545590496495444 -2.2442524735793294
-1.1302921817370846 -1.3921649462463686 -1.5547342771191044 -1.7453328029698985 -2.120924015675875 -2.443660174994656 -2.7864171878691932 -2.998638235560203 -3.09473833262783 -2.958596528448692 -2.864098099665525 -2.8416747436830785 -2.6534787202589754 -2.4885068869595486 -2.225032454165804 -2.3355475657935756 -2.6134370131474642 -2.7415704759043003 -2.70633377364617 -2.6006236668717806 -2.52774775992883 -2.4981168966663114 -2.4708885358304835 -2.4348509994301235 -2.483701882106167 -2.6751012420991915 -3.083526654636607 -3.551213793699059 -3.9228008356938844 -4.029311776610505 -3.842717421470862 -3.6873555978781978 -3.4278853357956045 -2.9858248892845194 -2.6406653739832917 -2.743972978330991 -2.683910417663724 -2.6046278375829317 -2.5197394185065276 -2.4981168966663114 -2.6558812226856663 -2.818450553558402
-0.9845403678511833 -1.3128823661655762 -1.6492327059022713 -1.8334245586152234 -1.9839813773545059 -2.326738390229043 -2.6726987396725006 -2.9329698358973246 -3.065908303507542 -3.0186590891159586 -3.0074474111247356 -3.05789996208524 -3.147593386015025 -3.0643066352230814 -2.8809156166523597 -2.934571504181785 -3.2573076635005664 -3.4110678188087697 -3.3934494676797047 -3.2645151707806384 -3.3333869070124376 -3.3109635510299915 -3.3189718924522937 -3.2452951513671127 -3.255705995216106 -3.3429969167192004 -3.7610323389633784 -4.219109468319068 -4.602709022447347 -4.689999943950442 -4.602709022447347 -4.398496316178639 -4.041324288743958 -3.55521796441021 -3.230880136806969 -3.284536024336394 -3.1796267517042343 -3.009849913551426 -2.9145506506260292 -2.940978177319627 -3.0106507476936564 -3.2020501076866807
-0.8099585248449939 -1.1086696598968684 -1.5395184284167303 -1.9287238215406204 -1.9439396702429947 -2.196202425045516 -2.4829010479639373 -2.737566305193149 -2.8769114459412086 -2.829662231549625 -2.898533967781425 -3.162008400575169 -3.3189718924522937 -3.3213743948789842 -3.288540195047545 -3.295747702327617 -3.362216936132726 -3.4559145307736623 -3.5119729207297783 -3.3638186044171863 -3.592857169095031 -3.8387132507597106 -3.9220000015516545 -3.8731491188756104 -3.885962465151294 -3.877954123728992 -4.166254414931873 -4.584289837176051 -4.887805977081308 -4.928648518335049 -4.909428498921524 -4.7532658411866295 -4.424123008730007 -4.053336800877411 -3.7562273341099974 -3.6897581003048883 -3.4423003503557483 -3.254104326931645 -3.1700167419974714 -3.193240932122148 -3.1860334248420763 -3.4238811650844534
-0.7306759447642015 -0.9044569536281606 -1.2392056250803953 -1.6436268669066596 -1.8622545877355114 -2.03363309417278 -2.261069990566164 -2.4652826968348722 -2.59902199858732 -2.67029623724581 -2.910546479914878 -3.182830088273155 -3.274926014629631 -3.2268759660958177 -3.344598585003661 -3.290942697474236 -3.254104326931645 -3.430287838222295 -3.6937622710160394 -3.5696329789703545 -3.6328988762065424 -3.8939708065735963 -4.071755986148707 -4.12060686882475 -4.195885278194392 -4.151839400371729 -4.3312262482312995 -4.6147215345808 -4.830145918840731 -4.813328401853896 -4.766079187462314 -4.677987431816988 -4.513015598517562 -4.303197053253243 -4.08537016656662 -3.889165801720215 -3.6152805250774778 -3.3958519701063956 -3.254104326931645 -3.1267716983170395 -3.1572033957217878 -3.4102669846665394
-1.0638229479319756 -1.2456122982182372 -1.4097832973754336 -1.6420251986221992 -1.8382295634686048 -1.9711680310788222 -2.145749874085012 -2.2786883416952293 -2.398012628887533 -2.6406653739832917 -2.921758157906101 -3.108352513045744 -3.12917420074373 -3.079522483925456 -3.0611032986541606 -3.054696625516319 -3.217265956389055 -3.5800438228193476 -3.865140777453308 -3.769040680385681 -3.7698415145279114 -3.920398333267194 -4.022905103472663 -4.0821668299977 -4.166254414931873 -4.2279186438836005 -4.336031253084681 -4.430529681867848 -4.521023939939864 -4.5242272765087845 -4.545849798349001 -4.513015598517562 -4.4345338525789995 -4.2727653558484935 -4.134221049242664 -3.9131908259871215 -3.6929614368738095 -3.5311929401433035 -3.3950511359641653 -3.1299750348859603 -3.0242649281115703 -3.214062619820134
-0.9028552853437002 -1.2584256444939208 -1.4354099899268007 -1.6155976719286018 -1.7853745100814098 -1.9159104752649367 -2.0448447721640033 -2.181787410485372 -2.3603734242027126 -2.6294536959920687 -2.895330631212504 -3.0402816109561748 -3.080323318067686 -3.0210615915426495 -3.0242649281115703 -3.186834258984306 -3.525587101147692 -3.8058790509282714 -3.6112763543663267 -3.722592300136328 -3.8467215921820133 -3.9260041722628056 -3.903580816280359 -4.000481747490216 -4.086171000708851 -4.123009371251441 -4.175063590496405 -4.238329487732594 -4.2951887118309395 -4.336832087226911 -4.3848821357607255 -4.392089643040797 -4.2967903801154 -4.173461922211946 -4.055739303304102 -3.9228008356938844 -3.798671543648199 -3.655322232188989 -3.4599187014848134 -3.250100156220494 -3.1572033957217878 -3.2717226780607103
-0.8876394366413258 -1.107868825754638 -1.3505215708503968 -1.6043859939373786 -1.7797686710857983 -1.9463421726696852 -2.0696706305731403 -2.192198254334365 -2.3755892729050867 -2.645470378836673 -2.8937289629280434 -3.0434849475250956 -3.1171616886102766 -3.16441090300186 -3.224473463669127 -3.479939555040569 -3.7954682070792787 -3.686554763735968 -3.419076160231072 -3.690558934447119 -3.8515265970353942 -3.8699457823066896 -3.878754957871222 -3.9900709036412234 -4.066950981295325 -4.046129293597339 -4.065349313010865 -4.095781010415614 -4.148636063802808 -4.26075284371504 -4.3488445993603655 -4.324819575093458 -4.173461922211946 -4.045328459455109 -3.9187966649827333 -3.8331074117640993 -3.8066798850705017 -3.672940583318054 -3.4807403891827993 -3.3758311165506396 -3.3189718924522937 -3.5215829304365407
-1.0341920846694572 -1.1943589131155026 -1.3617332488416198 -1.6147968377863715 -1.811001202632777 -1.976773870074434 -2.146550708227242 -2.2866966831175315 -2.471689369972714 -2.6919187590860263 -2.9377748407507056 -3.1163608544680463 -3.2044526101133712 -3.3165693900256032 -3.5119729207297783 -3.758629836536688 -3.822696567915106 -3.7153847928562556 -3.5480104571301387 -3.7297998074164 -3.8371115824752504 -3.7834556949458253 -3.793866538794818 -3.931610011258417 -4.103789351837916 -4.135822717527125 -4.1013868494112256 -4.131017712673743 -4.171860253927485 -4.268761185137342 -4.345641262791444 -4.274367024132954 -4.123009371251441 -3.955635035525324 -3.829103241052948 -3.7522231633988463 -3.7289989732741695 -3.632098042064312 -3.6112763543663267 -3.5103712524453177 -3.5624254716902826 -3.7610323389633784
-1.241608127507086 -1.3577290781304687 -1.5130909017231327 -1.7397269639742867 -1.9359313288206925 -2.0832848109910542 -2.270680000272927 -2.411626809305447 -2.6118353448630036 -2.8312638998340858 -3.0498916206629376 -3.232481805091429 -3.348602755714812 -3.493553735458483 -3.7025714465805724 -3.9075849869915102 -3.970850884227698 -3.8739499530178407 -3.7386089829809324 -3.7786506900924435 -3.69456310515827 -3.641708051771075 -3.7217914659940976 -3.8539290994620847 -4.210300292754535 -4.344039594506984 -4.300794550826551 -4.2967903801154 -4.338433755511372 -4.324819575093458 -4.3488445993603655 -4.250341999866047 -4.112598527402448 -3.9444233575341006 -3.8563316018887757 -3.780252358376904 -3.7257956367052487 -3.712181456287335 -3.7330031439853206 -3.8635391091688476 -3.9155933284138125 -4.040523454601727
-1.4434183313491031 -1.5443234332701117 -1.7221086128452219 -1.9543505140919875 -2.1505548789383933 -2.2866966831175315 -2.432448497003433 -2.542162774488974 -2.7463754807576817 -2.9569948601642313 -3.174821746850853 -3.3886444628263233 -3.5239854328632316 -3.6617289053268305 -3.896373309000287 -4.106992688406836 -4.219109468319068 -4.107793522549066 -3.8058790509282714 -3.701770612438342 -3.62408970064201 -3.6929614368738095 -3.7826548608035946 -3.97805839150777 -4.370467121200582 -4.521824774082094 -4.522625608224324 -4.518621437513174 -4.477778896259432 -4.446546364712453 -4.361657945636049 -4.2279186438836005 -4.104590185980146 -4.066950981295325 -3.983664230503382 -3.964444211089856 -3.9115891577026614 -3.9404191868229494 -4.0389217863172675 -4.184673600203169 -4.244736160870436 -4.341637092080293
-1.6564402131823432 -1.7693578272368051 -1.967163860367671 -2.2098166054634296 -2.4028176337409146 -2.497316062524081 -2.6078311741518525 -2.7071346077884004 -2.8632972655232947 -3.075518313214305 -3.3157685558833725 -3.5311929401433035 -3.6697372467491327 -3.8323065776218685 -4.063747644726404 -4.3312262482312995 -4.467368052410438 -4.32962457994684 -3.90678415284928 -3.757829002394458 -3.686554763735968 -3.7834556949458253 -4.028510942468275 -4.2775703607018745 -4.538642291068928 -4.65155990512339 -4.692402446377132 -4.6635724172568445 -4.598704851736196 -4.517019769228712 -4.383280467476265 -4.235926985305904 -4.197486946478852 -4.185474434345399 -4.2279186438836005 -4.2367278194481335 -4.221511970745759 -4.287981204550868 -4.383280467476265 -4.47377472554828 -4.532235617931087 -4.3584546090671274
-1.9046987972737135 -2.0560564501552263 -2.2786883416952293 -2.52774775992883 -2.723952124775235 -2.836869738829697 -2.852886421674302 -2.9185548213371804 -3.0402816109561748 -3.250100156220494 -3.5119729207297783 -3.7217914659940976 -3.816289894777264 -3.9676475476587774 -4.113399361544678 -4.388886306471877 -4.604310690731808 -4.528231447219936 -4.107793522549066 -3.9716517183699285 -3.903580816280359 -4.0076892547702885 -4.276769526559645 -4.567472320189217 -4.7268383144930315 -4.702012456083895 -4.64835656855447 -4.6187257052919515 -4.596302349309505 -4.553858139771303 -4.415313833165474 -4.2775703607018745 -4.278371194844105 -4.3488445993603655 -4.424123008730007 -4.492193910819576 -4.510613096090871 -4.545849798349001 -4.558663144624685 -4.588294007887203 -4.523426442366555 -4.299192882542091
-2.2474558101482507 -2.4404568384257352 -2.63505953498768 -2.8264588949807044 -2.9818207185733683 -3.077119981498765 -3.111555849614665 -3.210859283251213 -3.323776897305675 -3.507968750018627 -3.7249948025630184 -3.8955724748580565 -3.9868675670723026 -4.094980176273383 -4.150237732087269 -4.299192882542091 -4.487388905966194 -4.566671486046987 -4.384081301618495 -4.352848770071516 -4.383280467476265 -4.467368052410438 -4.629136549140944 -4.821336743276198 -4.847764269969796 -4.678788265959218 -4.547451466633461 -4.452953037850294 -4.428127179441157 -4.460961379272597 -4.408106325885402 -4.276769526559645 -4.319213736097847 -4.444944696427992 -4.557862310482454 -4.605912359016267 -4.607514027300728 -4.574679827469289 -4.513015598517562 -4.481783066970583 -4.412911330738783 -4.227117809741371
