static/data/seaWind_uo/2023/7/22/6.asc
ncols 137
nrows 93
xllcorner 108.0
yllcorner 17.0
cellsize 0.25
NODATA_value -32767
[rows 0 to 18 of 93, columns 43 to 85 of 137]
-0.6489908622567182 -0.8147635296983753 -0.9268803096106069 -0.8916436073524769 -0.2902171665375768 0.17426663595595482 1.1785126503126588 0.5258328243950241 0.13342409470221295 -0.2910180006798071 -0.15727869892735935 -0.7787259932980151 -1.8566487487399 -2.913749816483799 -3.9083858211337406 -4.5826881688915915 -5.005528595989151 -4.995117752140158 -5.005528595989151 -4.5874931737449725 -3.790663202225897 -3.156402561579558 -2.84728058267869 -3.162008400575169 -3.3990553066753164 -3.748218992687695 -3.8915683041469054 -3.5952596715217218 -3.288540195047545 -2.91615231891049 -3.1211658593214278 -3.5856496618149594 -3.9804608939344606 -3.780252358376904 -3.4358936772179067 -3.461520369769274 -3.8178915630617247 -4.050934298450721 -4.01089259133921 -3.62408970064201 -3.499960408596325 -3.4487070234935904 -3.457516199058123
-0.3518813954893041 -0.287013829968656 0.04533233905688805 0.5378453365284774 1.1064375775119384 1.0263541632889157 0.533040331675096 -0.3214496980845558 -0.42475730243225485 -0.08680529441109908 0.35525515209998604 -0.42635897071671547 -1.736523627405366 -3.493553735458483 -4.593099012740584 -5.14407290259498 -5.487630749611747 -5.785541050521392 -6.4534367251414 -6.48947426154176 -5.737491001987578 -4.746058333906557 -4.157445239367341 -3.87234828473338 -3.560823803405822 -3.7610323389633784 -3.956435869667554 -3.974054220796619 -4.029311776610505 -4.123009371251441 -4.334429584800221 -4.814129235996127 -4.5786839981804395 -4.0885735031355415 -3.6985672758694212 -4.5874931737449725 -5.210542136400089 -5.46200405706038 -5.279413872631888 -4.903822659925912 -4.477778896259432 -4.2903837069775586 -4.207096956185615
0.16385579210696166 0.8661873348428704 2.0426126897790735 3.747588578587225 3.9830338164029118 3.0540662114158494 1.172906811317047 0.16705912867588246 0.03892566591904645 0.33603513268646035 0.42572855661624587 -0.5600982724691632 -1.9823797090700457 -3.7346048122697812 -5.119247044185843 -6.45423755928363 -7.681916299322568 -7.97101742466768 -7.978224931947752 -7.417641032386593 -6.27725321385075 -5.1176453759013825 -4.424923842872237 -4.112598527402448 -4.11740353225583 -4.498600583957417 -4.679589100101449 -4.309603726391083 -4.2591511754305795 -4.410508828312093 -4.808523397000515 -5.67582677303585 -5.28582054576973 -4.54344729592231 -3.9195974991249636 -5.167297092719656 -5.763918528681176 -5.691843455880456 -5.714266811862901 -5.7102626411517505 -5.4996432617452005 -4.876594299090084 -4.673983261105837
1.2265626988464722 2.660055813438578 4.156013991124642 5.514228696347105 5.307613487651707 4.232894068778743 2.2588379081812344 1.1136450847920103 0.8934156956786983 1.0223499925777646 1.0800100508183408 -0.39752894159642693 -2.430045994576742 -4.4257246770144665 -5.765520196965635 -7.0989090437789635 -8.242500198883727 -8.35782031536488 -8.345006969089196 -7.838078957057462 -6.772969547891261 -5.299434726187644 -4.345641262791444 -3.5480104571301387 -3.3301835704435168 -3.797069875363739 -4.077361825144318 -3.745015656118774 -3.5159770914409294 -3.613678856793017 -4.062145976441943 -4.657165744119002 -4.496198081530727 -3.9131908259871215 -3.210859283251213 -4.218308634176838 -5.194525453555484 -6.462245900705932 -7.050058161102919 -6.827426269562917 -6.218792321467944 -5.443584871789085 -5.257791350791672
2.512702331268216 3.9301787630157174 5.250754263553361 6.057995078921429 5.824952343532434 4.699780373698966 2.8202226418846235 1.5989505749835273 1.5100579851959721 1.7735324179897174 2.1234969381443265 -0.30383134695549074 -2.5477686134845854 -5.260193853218363 -6.06022716130636 -7.215029994402347 -7.79723641580372 -8.282541905995238 -8.478746270841643 -8.447513739294665 -7.586617036397172 -6.342120779371399 -5.136064561172677 -4.1870761026298595 -3.4551136966314324 -3.556018798552441 -3.7706423486701413 -3.218867624673515 -2.4845027162483975 -2.587810320596097 -3.0506924548051675 -3.0651074693653118 -3.008248245266966 -2.7231512906330053 -2.082483976848824 -2.673499573814731 -4.229520312168061 -6.109078043982403 -7.195809974988821 -7.300719247620981 -6.743338684628743 -6.06262966373305 -5.671021768182469
3.6458826425239867 4.779062953779757 6.0211567083788395 6.567325593379854 6.180522702682655 5.050545727995804 3.0260370164377917 1.8448066566482075 1.829590807945833 2.9243310803745524 3.62185761825708 1.0551841924092038 -2.3043150342465966 -5.252986345938291 -5.840798606335277 -6.443826715434637 -7.064473175663064 -7.946191566258543 -8.477945436699413 -8.445912071010204 -8.196852652776604 -7.651484601917819 -6.45423755928363 -5.397136491539731 -4.382479633334034 -4.303197053253243 -3.7738456852390625 -3.107551678903514 -2.320331717091201 -2.1665715617829977 -2.5790011450315644 -2.4004151313142237 -2.2538624832860923 -1.9679646945099014 -1.5395184284167303 -1.1623255474262935 -2.723952124775235 -3.9075849869915102 -5.306642233467716 -5.842400274619738 -7.2382541845270225 -6.91071302035486 -6.262838199290607
4.698178705414504 5.834562353239196 6.355104545688844 6.698662392705611 6.315863672719562 5.191492537028324 3.205423864297362 2.0738452213260516 2.52631651168613 3.630666793821612 4.744627085663858 2.2260037083497948 -1.1439063621549983 -4.476978062117201 -4.731643319346413 -5.337073930872465 -6.121090556115856 -7.223038335824649 -7.810850596221634 -8.460327085570349 -8.42829371988114 -8.07512586315761 -7.798037249945951 -6.813812089145003 -5.7823377139524705 -4.537040622784469 -4.006087586485828 -2.9970365672757424 -2.3363483999358055 -2.181787410485372 -2.1409448692316304 -1.9591555189453689 -1.8085987002060864 -1.6700543936002572 -1.4057791266642823 -0.9669220167221182 -0.7066509204972946 -1.6596435497512643 -3.196444268691069 -5.615764212368584 -7.01722396127148 -7.47770359305386 -6.62801856814759
5.093790771676236 5.908239094324378 6.239784429207692 6.3310795214219375 6.014750035240997 4.996089006324148 3.209428035008513 2.143517791700082 2.8698743587028974 4.332998336557521 5.366875214176744 2.9811903044728987 -0.10122030897124334 -3.2340834733758896 -3.6048696812284846 -3.9932742402101447 -4.730041651061953 -5.842400274619738 -6.8658663083899665 -7.6114428948063075 -7.936581556551779 -8.07352419487315 -8.130383418971494 -7.788427240239189 -6.924327200772774 -5.760715192112254 -4.305599555679933 -3.160406732290709 -2.405220136167605 -1.8021920270682446 -1.5611409502569464 -1.449825004486945 -1.3945674486730593 -1.3433140635703247 -1.301670688174353 -0.9252786413261465 -0.5328699116333355 -0.4936290386640545 -2.0072055674791827 -4.2231136390302195 -6.461445066563703 -7.6202520703708405 -7.33755761816357
4.568443574373207 5.345252692336528 5.553469569316388 5.589507105716747 5.245148424557749 4.476347648016732 2.7897909444798743 2.647242467162894 3.2839056102359243 4.759842934366231 5.1090066203786115 3.398424892574847 1.1392717773433776 -1.7773661686591076 -2.3355475657935756 -2.872106441087827 -3.4855453940361807 -4.233524482879212 -5.235367994809225 -5.996160429927941 -6.587176026893848 -7.097307375494502 -7.436060217657888 -7.593023709535013 -7.115726560765797 -6.547935153924566 -5.419559847522178 -4.08537016656662 -3.054696625516319 -2.0993014938356587 -1.669253559458027 -1.0061628896913994 -1.0958563136211847 -1.1030638209012567 -1.2392056250803953 -0.8019501834226916 -0.14286368436721508 0.12141158256875961 -0.86681774894334 -2.277887507552999 -4.398496316178639 -7.249465862518246 -7.633065416646524
3.9293779288734867 4.54201604767961 4.992084835612998 4.988080664901846 4.5932694327823445 3.6482851449506772 2.3765605270890773 2.3845688685113795 2.9155219048100203 4.122378957150971 4.373040043669032 3.819663651387946 1.905670051457704 -0.5432807554823285 -1.5307092528521977 -2.0040022309102614 -2.324335887802352 -2.785616353726963 -3.6617289053268305 -4.244736160870436 -4.839755928547493 -5.275409701920737 -5.803960235792687 -6.067434668586431 -6.284460721130823 -6.319697423388952 -5.869628635455565 -5.67582677303585 -4.812527567711666 -3.6080730177974054 -2.2714808344151574 -1.3849574389662964 -0.7178625984885179 -0.708252588781755 -1.0910513087678033 -0.9172702999038442 -0.27500131783520265 0.36886933251789955 0.25034587946782594 -1.2071722593911862 -2.9706090405821453 -6.198771467912188 -6.9195221959193915
3.8813278803396734 4.57565108165328 5.012105689168754 4.905594748252133 4.275338278316944 3.1469629719145558 1.945711758569216 1.595747238414607 1.7607190717140333 2.324506307844113 2.98439364104182 3.0300411871489428 2.2908712738704433 0.45375775159430365 -0.6089491551452069 -1.305674858885504 -1.7501378078232799 -1.9583546848031386 -2.4172326483010584 -2.9153514847682596 -3.250100156220494 -3.278930185340782 -3.7426131536920835 -4.22231280488799 -4.633140719852095 -4.8029175580049035 -5.1937246194132545 -5.449190710784697 -5.381920642837358 -4.502604754668568 -3.267718507349559 -2.213820776174581 -1.3120815320233459 -0.6618042085324018 -0.7042484180706039 -0.7915393395736987 -0.8019501834226916 -0.5360732482022563 0.05253984633695996 0.5706795363599166 -0.0948136358334013 -2.789620524438114 -5.2505838435116
3.4176449119883725 3.6739118375020445 4.031884699078956 3.987037987114063 3.4040307315704585 2.1499244648379237 1.2874260936559696 1.3074469472117252 1.7719307497052568 2.367751351524545 2.587980740637857 2.323705473701883 1.6654198087886365 0.7837014181931572 0.38808935193142524 -0.28461132754196505 -0.948502831450823 -1.3633349171260805 -1.666050222889106 -2.0696706305731403 -2.3331450633668847 -2.273883336841848 -2.368381765625015 -2.751180485611063 -3.2044526101133712 -3.515176257298699 -4.123009371251441 -4.673182426963606 -5.007931098415842 -4.8117267335694365 -4.291985375262019 -3.338191911865819 -2.2538624832860923 -1.3048740247432737 -0.7667134811645615 -0.7034475839283738 -0.8620127440899585 -1.0670262845008966 -0.6954392425060714 0.2639600598857399 0.4889944538524338 -0.9332869827484487 -3.737808148838702
2.6624583158652686 2.8034051248977883 2.8466501685782206 2.517507336121598 1.9208859001600787 1.405148712563813 1.2666044059579837 1.4427879172486335 2.0514218653436056 2.66566165243419 2.8642685197072857 2.5647565505131813 1.900865046604323 0.9126357150922235 0.4305335614696273 -0.09321196754894112 -0.5392765847711773 -0.9469011631663626 -1.206371425248956 -1.376148263401764 -1.525103413856586 -1.6163985060708321 -1.5531326088346442 -1.9583546848031386 -2.5101294087997648 -2.896131465354734 -3.3606152678482655 -4.244736160870436 -4.848565104112026 -4.89661515264584 -4.041324288743958 -3.1572033957217878 -2.3251367219445824 -1.6300126864887459 -1.1006613184745662 -0.945299494881902 -1.0341920846694572 -1.0317895822427665 -0.8988511146325491 -0.1732953817719638 0.4625669271588362 0.39449602506926684 -1.5571367795457953
1.771129915563026 2.0794510603216634 2.1507252989801535 1.8600225053505812 1.6606148039352555 1.5356846777473394 1.5428921850274118 1.6470006235173416 2.1050777528730307 2.684080837705485 3.7547960858672975 3.5161475114826897 2.6848816718477146 1.1793134844548891 0.36326349352228826 0.002888129518686 -0.3126405225200233 -0.4407739852768593 -0.6778208913770065 -0.7939418420003892 -0.7899376712892381 -0.8732244220811818 -0.8764277586501026 -1.4906675457406864 -2.1281315229559468 -2.756786324606675 -2.8745089435145177 -3.745015656118774 -4.513816432659792 -4.642750729558858 -3.6489155590511473 -2.7415704759043003 -1.9415371678163038 -1.6508343741867317 -1.3665382536950013 -1.2047697569644955 -1.2167822690979488 -1.227993947089172 -0.8243735394051379 -0.2661921422706701 0.2943917572904886 0.22632085520091927 -0.8964486122058584
1.090420894667334 1.4003437077104315 1.6934490037666943 1.9096742221688552 1.7767357545586377 1.7390965498738171 1.7919516032610123 1.9345000805779926 2.4870756387168487 3.263083922537939 4.165624000831404 3.964614631131617 3.0820954063939072 1.5925439018456857 0.7652822329218618 0.373674337371281 0.18067330909379642 0.055743182905881206 -0.09721613826009223 -0.033149406881674004 -0.014730221610379068 -0.06438193842865303 -0.2862129958264257 -0.9132661291926931 -1.9079021338426343 -2.7455746466154514 -2.990629894137901 -3.520782096294311 -4.215105297607917 -4.7132241340751175 -4.08456933242439 -3.0763191473565348 -1.9415371678163038 -1.5259042479988163 -1.4241983119355777 -1.4169908046555055 -1.4209949753666566 -1.3849574389662964 -0.4367698145657082 0.12141158256875961 0.0845732120261693 -0.5584966041847026 -1.5715517941059391
0.9742999440439508 1.180114318597119 1.626979769961586 1.847209159074898 2.0009693143831018 1.9345000805779926 2.0570277043392173 2.587980740637857 3.1469629719145558 3.819663651387946 4.102358103595217 3.9037512363221194 3.365590692743407 2.112285260153103 1.3274678007674807 0.8373573057225823 0.6419537750184068 0.5378453365284774 0.4946002928480451 0.5570653559420031 0.5322394975328657 0.5026086342703473 0.2791759085881145 -0.16128286963851046 -1.153516371861761 -2.164969893498537 -3.115560020325816 -3.6481147249089165 -4.080565161713239 -4.442542194001302 -4.062145976441943 -3.3838394579729423 -2.252260815001632 -1.4946717164518375 -1.3537249074193176 -1.3489199025659364 -1.4594350141937076 -1.4850617067450749 -0.4752098533927591 0.521828653683873 0.4921977904213546 -0.33826721507139057 -1.594775984230616
1.4291737368307196 1.6221747651082041 1.9128775587377764 2.0025709826675615 2.157131972117996 2.417403068342819 2.7353342228082194 3.26708809324909 3.4136407412772214 3.83407866594809 3.8981453973265086 3.8853320510508245 3.3455698391876516 2.5999932527713105 1.9208859001600787 1.4291737368307196 1.115246753076471 0.9887149586040951 0.9222457247989864 0.8093281107445245 0.7837014181931572 0.7484647159350271 0.5618703607953841 0.1206107484265293 -0.28220882511527456 -1.2023672545378048 -2.479697711395016 -3.592056334952801 -4.026909274183814 -3.753824831683307 -3.751422329256616 -3.071514142503154 -2.7495788173266025 -1.9367321629629226 -1.6075893305062996 -1.2231889422357907 -1.3329032197213317 -1.259226478636151 -0.48722236552621245 0.5130194781193405 1.1568901284724427 0.6819954821299183 -0.7090534229239853
2.085857733459505 2.431017248760733 2.129903611282168 2.2131903620741116 2.6488441354473546 3.222241381284197 3.581015077003338 3.5794134087188776 3.654691818088519 3.5161475114826897 3.4576866190998836 3.4985291603536255 3.5834175794300287 3.02123201158441 2.431017248760733 2.0241935045077777 1.7094656866112987 1.4219662295506477 1.0752050459649594 0.9558807587726559 0.7380538720860339 0.6659787992853139 0.45856275644768507 0.33603513268646035 -0.02273856303268129 -0.5849241308783002 -1.871063763300044 -3.0282690988227214 -3.6152805250774778 -3.1548008932950973 -3.230880136806969 -3.1780250834197736 -2.9882273917112103 -2.541361940346744 -2.03283226003055 -1.5923734818039252 -1.1615247132840634 -0.8716227537967214 -0.27980632268858363 0.33843763511315084 0.9574824270571161 1.144076782196759 0.0845732120261693
2.732130886239298 3.1165312745098066 2.643238296451743 2.692890013270017 3.0941079185273606 3.9574071238515445 4.141598976564497 4.01426634794989 3.6747126716442753 3.356781517178875 3.214233039861895 3.4096365705660703 3.554587550309741 3.4544832825309624 3.105319596518584 2.660856647580808 2.2596387423234643 1.9168817294489275 1.3474886543232367 0.800518935179992 0.508214473265959 0.2895867524371072 0.22071501620530753 0.15504661654242913 -0.09080946512225019 -0.5793182918826887 -1.5058833944430607 -2.1865924153387533 -2.697524598081638 -2.9017373043503456 -3.1299750348859603 -2.9746132112932964 -2.7191471199218538 -2.571793637751492 -2.31632754638005 -1.835026226899684 -1.3569282439882386 -0.9044569536281606 -0.6177583307097394 -0.057975265290810984 0.2719684013080421 0.4057077030604903 -0.30783551766664186
