static/data/thetao/2023/7/3/0.asc
ncols 137
nrows 93
xllcorner 108.0
yllcorner 17.0
cellsize 0.25
NODATA_value -32767
[rows 54 to 80 of 93, columns 0 to 60 of 137]
-32767.0 -32767.0 -32767.0 -32767.0 -32767.0 -32767.0 -32767.0 -32767.0 -32767.0 -32767.0 -32767.0 -32767.0 -32767.0 -32767.0 -32767.0 -32767.0 -32767.0 -32767.0 -32767.0 -32767.0 -32767.0 -32767.0 -32767.0 -32767.0 -32767.0 -32767.0 -32767.0 -32767.0 -32767.0 -32767.0 -32767.0 -32767.0 -32767.0 -32767.0 -32767.0 -32767.0 -32767.0 -32767.0 -32767.0 -32767.0 -32767.0 -32767.0 -32767.0 -32767.0 -32767.0 -32767.0 -32767.0 -32767.0 25.111605 24.620193 26.0513 26.754028 27.887213 28.44451 29.16013 29.27918 29.34095 29.164463 28.734344 28.505068 28.47869
-32767.0 -32767.0 -32767.0 -32767.0 -32767.0 -32767.0 -32767.0 -32767.0 -32767.0 -32767.0 -32767.0 -32767.0 -32767.0 -32767.0 -32767.0 -32767.0 -32767.0 -32767.0 -32767.0 -32767.0 -32767.0 -32767.0 -32767.0 -32767.0 -32767.0 -32767.0 -32767.0 -32767.0 -32767.0 -32767.0 -32767.0 -32767.0 -32767.0 -32767.0 -32767.0 -32767.0 -32767.0 -32767.0 -32767.0 -32767.0 -32767.0 -32767.0 -32767.0 -32767.0 -32767.0 -32767.0 -32767.0 29.748943 -32767.0 25.79815 26.20251 27.089275 28.377378 28.77097 29.097342 29.475355 29.331038 29.181322 28.887577 28.715694 28.643187
-32767.0 -32767.0 -32767.0 -32767.0 -32767.0 -32767.0 -32767.0 -32767.0 -32767.0 -32767.0 -32767.0 -32767.0 -32767.0 -32767.0 -32767.0 -32767.0 -32767.0 -32767.0 -32767.0 -32767.0 -32767.0 -32767.0 -32767.0 -32767.0 -32767.0 -32767.0 -32767.0 -32767.0 -32767.0 -32767.0 -32767.0 -32767.0 -32767.0 -32767.0 -32767.0 -32767.0 -32767.0 -32767.0 -32767.0 -32767.0 -32767.0 -32767.0 -32767.0 -32767.0 -32767.0 -32767.0 -32767.0 28.902603 25.787455 25.719368 25.818193 28.146496 28.49896 29.022087 29.361767 29.497316 29.397444 28.497505 28.05963 28.215744 28.18791
-32767.0 -32767.0 -32767.0 -32767.0 -32767.0 -32767.0 -32767.0 -32767.0 -32767.0 -32767.0 -32767.0 -32767.0 -32767.0 -32767.0 -32767.0 -32767.0 -32767.0 -32767.0 -32767.0 -32767.0 -32767.0 -32767.0 -32767.0 -32767.0 -32767.0 -32767.0 -32767.0 -32767.0 -32767.0 -32767.0 -32767.0 -32767.0 -32767.0 -32767.0 -32767.0 -32767.0 -32767.0 -32767.0 -32767.0 -32767.0 -32767.0 -32767.0 -32767.0 -32767.0 -32767.0 -32767.0 -32767.0 27.36182 25.788395 25.03087 26.090637 27.115744 28.181396 29.000004 29.477024 29.627487 28.76243 27.840965 28.521067 28.8619 29.054878
-32767.0 -32767.0 -32767.0 -32767.0 -32767.0 -32767.0 -32767.0 -32767.0 -32767.0 -32767.0 -32767.0 -32767.0 -32767.0 -32767.0 -32767.0 -32767.0 -32767.0 -32767.0 -32767.0 -32767.0 -32767.0 -32767.0 -32767.0 -32767.0 -32767.0 -32767.0 -32767.0 -32767.0 -32767.0 -32767.0 -32767.0 -32767.0 -32767.0 -32767.0 -32767.0 -32767.0 -32767.0 -32767.0 -32767.0 -32767.0 -32767.0 -32767.0 -32767.0 -32767.0 -32767.0 30.333672 -32767.0 28.170504 25.490355 26.01843 27.357704 29.037931 28.878222 29.619438 29.690817 29.566826 28.58191 27.998274 28.861132 28.936483 29.1937
-32767.0 -32767.0 -32767.0 -32767.0 -32767.0 -32767.0 -32767.0 -32767.0 -32767.0 -32767.0 -32767.0 -32767.0 -32767.0 -32767.0 -32767.0 -32767.0 -32767.0 -32767.0 -32767.0 -32767.0 -32767.0 -32767.0 -32767.0 -32767.0 -32767.0 -32767.0 -32767.0 -32767.0 -32767.0 -32767.0 -32767.0 -32767.0 -32767.0 -32767.0 -32767.0 -32767.0 -32767.0 -32767.0 -32767.0 -32767.0 -32767.0 -32767.0 -32767.0 -32767.0 -32767.0 -32767.0 27.16314 25.268875 26.512356 26.678713 29.227713 29.29556 29.280388 29.83533 29.825771 29.853342 29.42631 27.794046 28.106121 28.212837 28.539425
-32767.0 -32767.0 -32767.0 -32767.0 -32767.0 -32767.0 -32767.0 -32767.0 -32767.0 -32767.0 -32767.0 -32767.0 -32767.0 -32767.0 -32767.0 -32767.0 -32767.0 -32767.0 -32767.0 -32767.0 -32767.0 -32767.0 -32767.0 -32767.0 -32767.0 -32767.0 -32767.0 -32767.0 -32767.0 -32767.0 -32767.0 -32767.0 -32767.0 -32767.0 -32767.0 -32767.0 -32767.0 -32767.0 -32767.0 -32767.0 -32767.0 -32767.0 -32767.0 -32767.0 28.682043 25.440027 25.37882 27.056341 27.321798 27.901928 29.163296 29.261292 -32767.0 -32767.0 -32767.0 -32767.0 29.549122 28.130878 29.090338 29.140142 29.044373
-32767.0 -32767.0 -32767.0 -32767.0 -32767.0 -32767.0 -32767.0 -32767.0 -32767.0 -32767.0 -32767.0 -32767.0 -32767.0 -32767.0 -32767.0 -32767.0 -32767.0 -32767.0 -32767.0 -32767.0 -32767.0 -32767.0 -32767.0 -32767.0 -32767.0 -32767.0 -32767.0 -32767.0 -32767.0 -32767.0 -32767.0 -32767.0 -32767.0 -32767.0 -32767.0 -32767.0 -32767.0 -32767.0 -32767.0 -32767.0 -32767.0 -32767.0 -32767.0 26.08705 25.269903 27.36064 27.537823 27.508802 27.234661 28.881336 29.118303 29.227478 -32767.0 -32767.0 -32767.0 -32767.0 29.312101 28.832811 29.326878 29.544024 29.549444
-32767.0 -32767.0 -32767.0 -32767.0 -32767.0 -32767.0 -32767.0 -32767.0 -32767.0 -32767.0 -32767.0 -32767.0 -32767.0 -32767.0 -32767.0 -32767.0 -32767.0 -32767.0 -32767.0 -32767.0 -32767.0 -32767.0 -32767.0 -32767.0 -32767.0 -32767.0 -32767.0 -32767.0 -32767.0 -32767.0 -32767.0 -32767.0 -32767.0 -32767.0 -32767.0 -32767.0 -32767.0 -32767.0 -32767.0 -32767.0 -32767.0 29.442966 29.413015 26.467415 27.521238 27.09039 28.730465 28.43707 28.459085 28.892397 28.976444 -32767.0 -32767.0 -32767.0 -32767.0 -32767.0 28.762602 29.454512 29.424578 29.515886 29.421135
-32767.0 -32767.0 -32767.0 -32767.0 -32767.0 -32767.0 -32767.0 -32767.0 -32767.0 -32767.0 -32767.0 -32767.0 -32767.0 -32767.0 -32767.0 -32767.0 -32767.0 -32767.0 -32767.0 -32767.0 -32767.0 -32767.0 -32767.0 -32767.0 -32767.0 -32767.0 -32767.0 -32767.0 -32767.0 -32767.0 -32767.0 -32767.0 -32767.0 -32767.0 -32767.0 -32767.0 -32767.0 -32767.0 -32767.0 -32767.0 -32767.0 26.68644 27.160767 27.501547 26.136724 27.204454 29.252476 28.66959 28.462599 28.419725 30.662216 -32767.0 -32767.0 -32767.0 -32767.0 28.150398 29.340141 29.53707 29.494408 29.419966 29.360407
-32767.0 -32767.0 -32767.0 -32767.0 -32767.0 -32767.0 -32767.0 -32767.0 -32767.0 -32767.0 -32767.0 -32767.0 -32767.0 -32767.0 -32767.0 -32767.0 -32767.0 -32767.0 -32767.0 -32767.0 -32767.0 -32767.0 -32767.0 -32767.0 -32767.0 -32767.0 -32767.0 -32767.0 -32767.0 -32767.0 -32767.0 -32767.0 -32767.0 -32767.0 -32767.0 -32767.0 -32767.0 -32767.0 -32767.0 27.824461 25.623264 26.173971 26.7396 24.95821 27.0745 27.741825 28.968384 28.101995 29.288664 30.598167 -32767.0 -32767.0 -32767.0 -32767.0 -32767.0 28.263134 29.120358 29.502876 29.544254 29.397863 29.322622
-32767.0 -32767.0 -32767.0 -32767.0 -32767.0 -32767.0 -32767.0 -32767.0 -32767.0 -32767.0 -32767.0 -32767.0 -32767.0 -32767.0 -32767.0 -32767.0 -32767.0 -32767.0 -32767.0 -32767.0 -32767.0 -32767.0 -32767.0 -32767.0 -32767.0 -32767.0 -32767.0 -32767.0 -32767.0 -32767.0 -32767.0 -32767.0 -32767.0 -32767.0 -32767.0 -32767.0 -32767.0 -32767.0 26.327389 24.641294 24.050095 25.117785 25.538507 27.536943 29.512388 28.958385 28.892473 28.752151 29.966022 30.608383 -32767.0 -32767.0 -32767.0 -32767.0 -32767.0 29.307209 29.655811 29.58324 29.57338 29.43532 29.069752
-32767.0 -32767.0 -32767.0 -32767.0 -32767.0 -32767.0 -32767.0 -32767.0 -32767.0 -32767.0 -32767.0 -32767.0 -32767.0 -32767.0 -32767.0 -32767.0 -32767.0 -32767.0 -32767.0 -32767.0 -32767.0 -32767.0 -32767.0 -32767.0 -32767.0 -32767.0 -32767.0 -32767.0 -32767.0 -32767.0 -32767.0 -32767.0 -32767.0 -32767.0 -32767.0 -32767.0 25.63739 24.023628 23.927618 23.581636 25.364584 26.9671 28.80252 29.269571 29.438833 29.29225 -32767.0 29.261679 29.891449 -32767.0 -32767.0 -32767.0 -32767.0 -32767.0 29.611609 29.738752 29.515543 29.430593 29.5157 29.465387 29.13099
-32767.0 -32767.0 -32767.0 -32767.0 -32767.0 -32767.0 -32767.0 -32767.0 -32767.0 -32767.0 -32767.0 -32767.0 -32767.0 -32767.0 -32767.0 -32767.0 -32767.0 -32767.0 -32767.0 -32767.0 -32767.0 -32767.0 -32767.0 -32767.0 -32767.0 -32767.0 -32767.0 -32767.0 -32767.0 -32767.0 -32767.0 -32767.0 -32767.0 -32767.0 -32767.0 24.780884 23.111752 23.95804 26.977493 27.58486 27.957422 28.404343 29.300207 29.810438 30.18074 29.44697 -32767.0 29.617086 29.864286 -32767.0 -32767.0 -32767.0 -32767.0 -32767.0 29.386265 29.7354 29.428917 29.424366 29.121002 29.274582 29.42101
-32767.0 -32767.0 -32767.0 -32767.0 -32767.0 -32767.0 -32767.0 -32767.0 -32767.0 -32767.0 -32767.0 -32767.0 -32767.0 -32767.0 -32767.0 -32767.0 -32767.0 -32767.0 -32767.0 -32767.0 -32767.0 -32767.0 -32767.0 -32767.0 -32767.0 -32767.0 -32767.0 -32767.0 -32767.0 -32767.0 -32767.0 -32767.0 -32767.0 -32767.0 -32767.0 25.082752 26.271626 27.672756 28.444899 28.85403 28.957842 29.169342 28.901615 26.536064 22.053007 25.908823 29.380259 29.44583 29.839693 -32767.0 -32767.0 -32767.0 -32767.0 -32767.0 30.123116 29.503286 29.87677 29.612358 29.10481 29.128181 29.394678
-32767.0 -32767.0 -32767.0 -32767.0 -32767.0 -32767.0 -32767.0 -32767.0 -32767.0 -32767.0 -32767.0 -32767.0 -32767.0 -32767.0 -32767.0 -32767.0 -32767.0 -32767.0 -32767.0 -32767.0 -32767.0 -32767.0 -32767.0 -32767.0 -32767.0 -32767.0 -32767.0 30.389664 -32767.0 28.422564 -32767.0 26.572859 26.969727 26.195696 26.47943 27.020912 27.807444 28.686563 29.544315 29.706882 29.622347 28.860006 29.525558 26.366186 27.564764 29.372751 29.600714 29.474663 29.48055 -32767.0 -32767.0 -32767.0 -32767.0 29.472511 30.010275 29.90473 29.675014 29.297073 29.27801 29.300331 29.310966
-32767.0 -32767.0 -32767.0 -32767.0 -32767.0 -32767.0 -32767.0 -32767.0 -32767.0 -32767.0 -32767.0 -32767.0 -32767.0 -32767.0 -32767.0 -32767.0 -32767.0 -32767.0 -32767.0 -32767.0 -32767.0 -32767.0 -32767.0 31.060354 -32767.0 -32767.0 26.175959 26.141531 26.802824 27.560278 27.829126 28.052067 28.075247 28.175266 28.50778 29.233595 29.477564 29.917984 29.942682 29.814756 29.726812 29.604467 29.535986 29.411982 29.36264 29.331139 29.430265 29.521559 29.637104 29.830582 -32767.0 -32767.0 28.915071 29.567463 30.031664 30.150883 29.674612 29.081442 29.477919 29.457731 29.308065
-32767.0 -32767.0 -32767.0 -32767.0 -32767.0 -32767.0 -32767.0 -32767.0 -32767.0 -32767.0 -32767.0 -32767.0 -32767.0 -32767.0 -32767.0 -32767.0 -32767.0 -32767.0 -32767.0 -32767.0 -32767.0 -32767.0 -32767.0 30.176548 31.397415 28.158676 27.74678 28.996061 29.71838 29.836868 29.876698 29.932695 29.951271 29.891617 29.841236 29.904083 29.765997 29.608864 29.570442 29.523943 29.532307 29.352415 29.336391 29.463697 29.558846 29.525301 29.597706 29.71683 29.729095 29.738392 29.691704 -32767.0 28.791136 29.868137 29.662687 29.728374 29.712902 29.056732 29.215494 29.334753 29.338314
-32767.0 -32767.0 -32767.0 -32767.0 -32767.0 -32767.0 -32767.0 -32767.0 -32767.0 -32767.0 -32767.0 -32767.0 -32767.0 -32767.0 -32767.0 -32767.0 -32767.0 -32767.0 -32767.0 -32767.0 31.880816 30.681948 30.528854 29.102783 27.060059 -32767.0 29.20116 29.827461 29.899847 29.861052 29.784353 29.733587 29.78075 29.813894 29.807426 29.72173 29.660488 29.638496 29.57578 29.535898 29.5058 29.51409 29.60111 29.594603 29.601894 29.700844 29.59242 29.626911 29.708544 29.66714 29.690971 -32767.0 28.585419 30.184185 29.596575 29.480232 29.577257 29.049644 28.991798 29.300657 29.321522
-32767.0 -32767.0 31.385262 -32767.0 -32767.0 -32767.0 -32767.0 -32767.0 -32767.0 -32767.0 -32767.0 -32767.0 -32767.0 -32767.0 -32767.0 -32767.0 31.705404 -32767.0 31.367271 31.172207 29.69988 28.056114 27.722788 28.447561 29.148937 29.783447 29.859093 29.867907 29.930214 29.791807 29.802778 29.9351 29.966364 29.914774 29.851168 29.80273 29.76642 29.681229 29.66583 29.619715 29.611252 29.606474 29.538568 29.659487 29.619617 29.638294 29.72985 29.768105 29.764874 29.755253 29.991825 30.13903 30.04593 29.705063 29.764563 29.529861 29.467955 29.183937 28.970991 28.946552 29.153963
-32767.0 31.051184 31.09809 31.122261 31.412563 -32767.0 31.82979 31.640211 -32767.0 -32767.0 -32767.0 -32767.0 -32767.0 31.899649 31.40401 30.392006 29.8099 29.612299 29.741575 29.831722 29.816917 29.78902 29.13969 29.802368 29.825224 29.839634 29.872305 29.90051 29.91334 29.813671 29.8757 29.951334 29.92349 29.867474 29.87883 29.836765 29.776373 29.75091 29.699104 29.654638 29.568108 29.482405 29.686878 29.612415 29.747461 29.652424 29.59143 29.613804 29.665451 29.719454 29.736843 29.744833 29.761663 29.852194 29.709589 29.614454 29.528963 29.412182 29.001595 28.841188 29.066824
30.794312 30.253855 30.396013 30.628534 30.97005 31.149101 31.429253 31.771582 -32767.0 -32767.0 -32767.0 31.422293 30.874575 30.108845 29.7806 29.68649 29.531506 29.427233 29.471144 29.477951 29.50049 29.812836 29.763546 29.763283 29.784275 29.817965 29.884398 29.837324 29.838226 29.809916 29.84097 29.79204 29.831665 29.913778 29.887825 29.776522 29.595793 29.481607 29.47025 29.425531 29.400423 29.668848 29.601122 29.701185 29.635033 29.825535 29.73586 29.7267 29.649105 29.785582 29.999805 30.03424 29.936535 29.863073 29.77159 29.720854 29.51789 29.34007 28.965363 28.904448 28.933826
29.185236 30.078697 30.291695 30.466501 30.559814 30.757486 31.36439 -32767.0 -32767.0 31.426193 -32767.0 29.985271 29.89069 29.570108 29.604757 29.490227 29.263973 28.964672 28.96038 29.053703 29.233387 29.452257 29.676786 29.716476 29.729586 29.74448 29.745401 29.763617 29.719751 29.753454 29.678843 29.834314 29.745089 29.811018 29.778032 29.6659 29.547499 29.331253 29.347038 29.449892 29.615053 29.548056 29.634457 29.604893 29.840532 29.803638 29.868856 29.878942 29.76597 30.054312 30.030602 29.979084 29.832619 29.565735 29.52726 29.722738 29.57122 28.907948 29.032032 28.97334 29.190622
30.206799 30.242521 30.323961 30.439087 30.55252 30.63079 31.233046 31.86482 -32767.0 -32767.0 31.107271 29.999151 30.035784 29.834887 29.351744 29.006786 28.589945 28.574976 28.822435 29.152626 29.479916 29.462006 29.491415 29.67767 29.744268 29.669535 29.787174 29.762877 29.686026 29.651125 29.84731 29.647572 29.62824 29.753412 29.779676 29.731997 29.578665 29.515673 29.490242 29.538536 29.577509 29.48133 29.594454 29.625214 29.851282 29.933743 29.787905 29.820772 29.819014 30.206448 30.28161 30.305418 29.994757 29.806683 29.437958 29.463682 29.085972 28.892694 29.059895 29.10837 29.157038
30.081509 30.18457 30.278915 30.424603 30.542234 30.578163 30.722128 31.333122 -32767.0 -32767.0 30.45763 30.195135 30.01112 29.943192 29.526882 29.168602 29.181871 29.08397 29.141462 29.365038 29.889523 29.902561 29.852972 29.790709 29.679684 29.636877 29.761488 29.766993 29.643042 29.837643 29.885042 29.810814 29.689135 29.60621 29.640833 29.518854 29.594437 29.516956 29.503674 29.6243 29.436079 29.390444 29.56744 29.576756 29.660719 29.698011 29.67262 29.760824 29.839193 30.159765 30.288486 30.253149 30.248465 30.05534 29.69568 29.674822 -32767.0 28.90138 29.122034 29.154436 28.871458
29.955727 30.058775 30.189302 30.343054 30.449383 30.526876 30.485695 30.779715 31.021887 31.026367 30.270607 30.125765 30.065603 29.892342 30.012196 29.903795 29.48986 29.086695 29.323957 29.563505 30.008554 29.935589 29.754896 29.633812 29.61772 29.606674 29.681015 29.616524 29.825275 29.906713 29.876278 29.975405 29.95646 29.768787 29.680689 29.64078 29.579817 29.50316 29.545292 29.609137 29.444353 29.366123 29.449608 29.564287 29.581951 29.566097 29.618536 29.779692 29.953733 30.008615 30.17707 30.221851 30.166565 30.063303 30.149092 30.106163 30.047068 29.7148 29.063261 29.142061 28.87918
29.882627 29.885283 29.98565 30.221083 30.36398 30.541473 30.834223 31.246458 31.03417 -32767.0 -32767.0 -32767.0 30.492329 30.16491 29.301626 28.698803 28.694471 29.270958 29.776217 29.772564 29.952208 29.840294 29.743382 29.686678 29.60015 29.562988 29.612167 29.65277 29.936565 29.943754 30.00751 30.031204 30.05877 29.987606 29.90239 29.689497 29.575829 29.510101 29.479242 29.497663 29.442757 29.45463 29.526917 29.552237 29.605326 29.663206 29.72925 29.956327 29.997543 29.875345 29.940418 30.0278 30.31473 30.109716 30.164507 30.157246 30.106405 29.995518 29.10433 29.097755 29.143486
