static/data/thetao/2023/7/3/12.asc
ncols 137
nrows 93
xllcorner 108.0
yllcorner 17.0
cellsize 0.25
NODATA_value -32767
[rows 54 to 80 of 93, columns 61 to 121 of 137]
28.732607 28.861725 28.881256 28.732716 28.516907 28.332508 28.300175 28.385708 28.978333 29.039892 28.819902 28.892998 29.07769 28.686945 28.614391 28.631907 28.49028 28.542368 28.557133 27.89088 27.780664 28.499105 27.956774 27.91038 27.995867 27.988085 28.236042 28.130436 28.313349 28.43877 28.600132 28.601086 28.409775 28.18072 28.087898 28.060705 27.961744 27.948986 27.69161 27.8095 27.779814 27.778109 27.75891 27.864042 28.223671 28.42449 28.400452 28.365635 28.591167 28.586578 28.32517 28.72871 29.020687 29.099768 28.948448 28.776276 28.541103 28.226307 28.341932 28.921282 29.171537
28.870733 28.71964 28.601583 28.541075 28.492102 28.445547 28.568666 28.524319 28.636106 28.964432 28.844124 28.823193 28.905663 28.584959 28.600628 28.568445 28.526497 28.621592 -32767.0 27.622225 28.044725 28.14895 28.513035 28.287378 27.884644 28.004604 28.29357 28.238804 28.460108 28.639856 28.712694 28.693792 28.471907 28.286938 28.367569 28.161522 28.121822 28.121357 28.04815 27.905127 27.971634 27.937864 27.854498 28.040272 28.325144 28.535038 28.48016 28.494362 28.524826 28.350986 28.87375 29.45161 29.572144 29.520685 29.363888 29.054409 28.900646 28.89639 28.768177 28.893198 29.281254
28.603716 28.667643 28.577133 28.582886 28.508366 28.849907 29.091202 29.190676 29.057013 28.97712 28.86999 29.05777 28.613306 28.606598 28.755404 28.803732 28.696445 28.626701 28.618946 28.578627 28.553127 28.593035 28.395103 28.19937 28.203125 28.21763 28.326387 28.389158 28.573847 28.627785 28.703316 28.832464 28.652212 28.553623 28.697145 28.55347 28.185328 28.188786 28.195538 28.226831 28.201365 28.066605 28.019701 28.187906 28.327305 28.517673 28.538809 28.525059 28.582438 28.819675 29.512297 29.53491 29.486006 29.569149 29.470411 29.328333 29.16341 29.171562 29.000547 28.906416 29.0881
29.461153 29.428225 29.184542 29.185005 29.189842 29.10134 29.295082 29.243212 29.141413 28.879536 29.078203 28.700283 28.46574 28.67504 28.820965 28.865154 28.92018 28.88843 28.903524 28.944708 28.957249 28.951113 28.867737 28.734768 28.475348 28.416292 28.388329 28.654667 28.663954 28.71125 28.831526 28.834736 28.893745 28.816729 28.943953 29.030891 28.862617 28.337984 28.166737 28.13253 28.214052 28.144995 28.164164 28.239208 28.363504 28.563822 28.63959 28.639776 28.697311 29.509014 29.701973 29.219263 29.379627 29.546711 29.54333 29.028458 29.023684 28.82197 28.813751 28.990252 28.950579
28.969706 29.449593 29.691101 29.711943 29.4409 29.327156 29.172493 29.091528 28.826397 28.501217 28.688622 28.463274 28.54439 28.698772 28.824701 28.90635 28.982544 28.99147 29.006844 29.027887 29.010931 28.990488 28.996193 28.951279 28.754333 28.63419 28.665619 28.786203 28.701313 28.797327 28.898376 28.996634 28.96975 29.113127 29.13682 29.046494 28.90295 28.827105 28.463999 28.153784 28.249178 28.2354 28.224596 28.225365 28.21118 28.28963 28.502407 28.60315 29.228264 29.620115 29.678707 29.371666 29.364155 29.375507 29.624418 28.977222 28.931978 28.636581 28.854612 29.04133 28.906057
29.162947 29.44898 29.798504 29.596447 29.392761 28.519526 28.646051 28.911104 28.551878 28.460293 28.479628 28.754435 28.867054 28.967247 29.078 29.148449 29.19145 29.104513 28.95219 28.885775 28.8684 28.897722 28.956066 29.049744 28.910364 28.84962 28.802643 28.759872 28.801626 28.95279 28.997814 29.030527 29.104485 29.174334 29.155745 29.222572 29.13843 29.12979 29.111296 28.79776 28.372293 28.220243 28.19214 28.124777 28.179665 28.315813 28.436079 28.632761 29.582207 29.632475 29.719454 29.756811 29.331358 29.428885 29.663952 29.21989 28.855467 28.72667 28.666243 28.883738 28.9409
29.65121 29.617159 29.521528 28.952133 28.428198 28.88073 28.59089 28.381895 28.523113 28.432085 28.880196 29.311558 29.414764 29.484669 29.468855 29.380878 29.177782 28.897512 28.90969 28.849669 28.78434 28.864134 28.883211 28.996788 28.964056 28.91194 28.870962 28.724352 28.830679 28.985975 29.08189 29.240799 29.291842 29.354141 29.394909 29.373295 29.381931 29.47204 29.467268 29.26896 29.034285 28.900345 28.616783 28.496426 28.372976 28.250175 28.44858 28.854658 29.665537 29.734354 29.77607 29.821247 29.684034 29.5915 29.368773 29.872162 29.176386 28.8525 28.706789 28.857035 29.034372
29.534342 29.481092 28.97099 28.547367 28.74315 28.46621 28.501715 28.611734 28.866007 28.750544 29.37566 29.392305 29.496172 29.380636 29.414488 29.29541 29.000982 28.961826 28.942377 28.901747 28.820902 28.859898 28.921562 28.942616 28.98512 28.920729 28.830042 28.741323 28.793966 29.074236 29.064964 29.289577 29.432983 29.466745 29.528002 29.583233 29.61383 29.708364 29.637524 29.454617 29.273674 29.145382 28.904106 28.753294 28.610159 28.520782 28.490223 29.32449 29.720411 29.918919 29.838018 29.877125 29.54167 29.43457 29.430714 29.607668 29.676601 28.961067 28.762068 28.889149 29.173498
29.567356 29.419472 29.032013 28.452559 28.314323 28.49223 28.541002 28.893454 29.246218 29.174423 29.33717 29.50637 29.537619 29.37449 29.45244 29.158314 28.982714 29.022451 29.035206 28.95656 28.925493 28.892906 28.942005 28.976377 28.986038 28.901209 28.85762 28.857664 29.072573 29.208178 29.171513 29.385382 29.522938 29.538263 29.609245 29.677635 29.76558 29.716274 29.686846 29.391953 29.091808 29.277048 29.176455 29.013592 28.498898 28.438437 28.724497 29.662275 29.652632 29.842728 29.877394 29.893019 29.475859 30.037573 30.049826 29.86655 29.816462 29.164684 28.882185 28.895437 29.443575
29.46685 29.35238 28.352175 27.937572 28.361095 28.400059 28.675121 29.167646 29.151442 29.111423 29.29497 29.54494 29.562115 29.430407 29.46783 29.23413 29.071104 28.989859 29.083029 29.152044 29.077621 29.13785 28.97726 28.998167 28.918869 28.91273 28.865995 29.060814 29.05812 29.162374 29.3204 29.440756 29.638186 29.648363 29.695505 29.74049 29.821865 29.51162 29.77153 29.396093 28.964582 29.110054 29.253744 29.202766 29.085144 28.97901 29.546932 29.674032 29.747044 30.024368 30.008345 29.960323 29.828386 30.20858 30.084702 30.05097 29.694965 29.32517 29.039047 29.406643 29.75439
29.462927 29.105536 28.287098 28.379057 28.391096 28.434273 28.626844 29.060951 29.079054 29.125841 29.367504 29.633911 29.648855 29.550865 29.533533 29.35077 29.157238 29.023706 29.13919 29.220112 29.17464 29.162704 29.14095 29.024426 28.975245 28.918365 28.914822 28.978172 29.243685 29.273914 29.565748 29.652561 29.743298 29.816841 29.866985 29.897188 29.576315 29.587957 29.656227 29.654604 29.333303 29.213816 29.20362 29.165579 29.362732 29.54637 29.769573 29.669474 29.761671 30.032648 30.100952 30.011852 29.955624 30.256094 30.142406 30.070393 29.594643 29.227276 29.17293 29.8056 30.056606
28.719324 28.407692 28.369356 28.456669 28.478989 28.548826 28.610865 28.706419 28.970545 29.216516 29.53622 29.71899 29.68728 29.640402 29.656027 29.410282 29.196821 29.083128 29.22756 29.21538 29.148733 29.109522 29.175364 29.191393 29.031872 29.005991 28.904411 29.143663 29.162271 29.541067 29.70697 29.762676 29.810207 29.906809 29.998024 29.991459 29.7537 29.726406 29.824255 29.736187 29.374647 29.134777 29.37462 29.37972 29.66327 29.89978 29.785488 29.763521 29.859953 30.005426 30.14244 29.966606 29.823442 30.268707 30.122635 29.850565 29.416492 29.354033 29.817497 29.904236 30.222933
28.614784 28.434406 28.46862 28.657528 28.607943 28.663841 28.734121 28.780758 29.092308 29.351627 29.622643 29.804245 29.735744 29.713966 29.70413 29.51868 29.27477 29.10584 29.153318 29.085081 28.958374 28.900917 29.065128 29.157602 29.062042 29.079264 29.049072 29.092394 29.369331 29.625727 29.695385 29.84842 29.936022 29.987055 30.079105 30.089085 29.866238 29.656778 29.785482 29.69941 29.600742 29.426598 29.432747 29.624704 29.903996 29.888994 29.882023 29.87647 29.833794 30.041666 30.172129 30.016674 29.6978 29.8517 29.625032 29.450125 29.440939 29.956848 29.763035 29.952795 30.242582
28.77842 28.536472 28.547125 28.705667 28.664595 28.658415 28.728165 28.939976 29.26399 29.515717 29.74656 29.836477 29.826925 29.82266 29.744534 29.622671 29.42091 29.160086 29.100658 29.071808 29.048697 29.07815 28.959225 28.909143 28.976748 29.014265 29.061665 29.310865 29.476498 29.755459 29.937971 29.89366 29.939539 30.175194 30.05803 29.993687 30.016857 29.909456 29.743618 29.772964 29.651049 29.652977 29.5749 29.429811 29.74189 29.917526 29.816069 29.904455 30.009762 29.973959 30.118814 30.078056 29.790213 29.587122 29.37652 29.408443 30.023962 29.770767 29.72809 29.856943 30.23351
29.029701 28.4935 28.56415 28.447212 28.57321 28.64775 28.930307 29.225538 29.41021 29.729652 29.890697 29.923841 29.81146 29.77685 29.844488 29.717716 29.53209 29.223787 29.214865 29.203062 29.271553 29.306858 29.314865 29.280485 29.237436 29.342924 29.326523 29.378153 29.624414 29.8894 30.016775 29.993256 30.058327 30.140627 30.219309 30.019619 29.983189 29.957293 29.911804 29.639095 29.751879 29.77531 29.657337 29.802393 29.91566 30.003128 29.944088 29.956657 29.997307 29.880081 30.12805 30.284302 30.014414 29.481407 29.35624 29.586224 29.990189 29.685858 29.584795 29.516678 30.045105
28.93723 28.281721 28.354082 28.43625 28.650076 28.923 29.169075 29.325657 29.63238 29.870152 29.997255 29.967749 29.844755 29.836962 29.963541 29.755207 29.593416 29.286575 29.267996 29.274944 29.335836 29.440887 29.409924 29.371754 29.400991 29.4076 29.414013 29.479536 29.662836 29.917316 30.094084 30.0719 30.149895 30.203074 30.232557 30.291039 30.311754 30.221853 29.897842 29.7775 29.691006 29.868526 29.92702 29.9468 29.9178 29.940273 29.909063 29.863676 29.93143 30.032959 30.238821 30.309635 30.14161 29.450048 29.388098 29.703468 29.805384 29.63164 29.656178 29.40502 29.565357
28.241457 28.161077 28.445736 28.65938 28.837717 29.062677 29.253714 29.48293 29.767601 29.947102 30.024519 29.939472 29.888271 29.8954 29.98513 29.75407 29.608246 29.334644 29.370966 29.359625 29.446491 29.403126 29.427645 29.536505 29.562756 29.580294 29.535994 29.647907 29.733469 29.875366 30.053028 30.12994 30.198261 30.236021 30.200386 30.009567 30.167053 30.021894 29.880554 30.093567 29.950224 30.020416 29.93677 29.97171 30.001078 30.039871 30.051043 30.040564 30.200003 30.363594 30.323763 30.33693 30.016289 29.66744 29.665611 29.749916 29.794926 29.622145 29.698635 29.513075 29.373432
28.469015 28.641937 28.842491 28.940813 28.9749 29.173677 29.27318 29.534822 29.81884 29.947 30.035751 29.953037 29.87814 29.906214 30.01656 29.777267 29.632557 29.398174 29.422903 29.387848 29.421028 29.387743 29.483728 29.560158 29.510187 29.61874 29.6671 29.72585 29.794779 29.976357 30.00615 30.105648 30.16648 30.037277 30.047 30.227432 29.934418 30.006954 30.132729 30.092524 30.13578 30.033606 30.04346 30.112661 30.268013 30.26603 30.246931 30.299656 30.326534 30.341324 30.319767 30.286776 30.063309 30.087883 29.800657 29.56187 29.72538 29.660042 29.558765 29.454973 29.30415
29.264303 29.227465 29.21734 29.036375 29.013107 29.190123 29.197474 29.631266 29.874434 29.916338 30.034407 29.95197 29.873543 29.930439 30.02957 29.784828 29.68109 29.486612 29.37858 29.390772 29.485958 29.519407 29.611843 29.652653 29.617622 29.649313 29.702248 29.683216 29.768661 29.870554 29.91361 29.946306 29.888536 29.959368 30.005217 29.955746 30.001835 29.895006 29.993624 30.05528 30.093277 30.033062 30.167269 30.238201 30.215523 30.158543 30.274052 30.369795 30.336956 30.261555 30.241571 30.182415 29.969498 29.953405 29.966213 29.931995 29.878016 29.818762 29.74046 29.63899 29.51624
29.569576 29.490837 29.267242 29.027225 29.014973 29.173761 29.182348 29.814817 29.847343 29.934105 30.046757 29.927107 29.872263 30.000097 29.955544 29.830086 29.748035 29.57582 29.323824 29.413189 29.44387 29.512598 29.50715 29.628641 29.640947 29.622572 29.642733 29.704323 29.789192 29.787794 29.814445 29.840414 29.859991 29.91651 29.976973 29.897947 30.007948 30.010746 29.996115 30.066849 30.143282 30.08889 30.105011 30.067425 30.072582 30.067297 30.22515 30.198814 30.233967 30.165356 30.116737 29.971298 29.922575 29.998087 29.988998 29.939627 29.866983 29.834625 29.789608 29.698051 29.700356
29.146849 29.17657 29.166363 29.051098 29.113592 29.133879 29.40239 29.883001 29.880335 29.98578 30.015339 29.823864 29.882383 29.963678 29.904366 29.830517 29.777466 29.518023 29.37736 29.417046 29.520311 29.514471 29.582857 29.531347 29.631533 29.651024 29.77259 29.821669 29.790316 29.716923 29.682499 29.689495 29.787964 30.027802 30.180979 30.07894 30.081491 30.154993 30.085142 30.049688 30.069489 29.892515 29.806856 29.95778 29.978361 30.01407 30.134264 30.152468 30.138227 30.027777 29.91167 29.901035 29.934631 29.935946 29.923174 29.871246 29.891132 29.90372 29.923199 29.892776 29.809265
29.15855 29.401745 29.018314 29.120375 29.163818 29.261343 29.74495 29.910994 29.878132 29.899466 29.994406 29.760681 29.81081 29.904974 29.848907 29.85773 29.739546 29.464697 29.409279 29.438831 29.524305 29.553902 29.581263 29.707867 29.72939 29.81807 29.789892 29.742428 29.688114 29.670694 29.828156 30.098763 30.271187 30.223705 30.287725 30.226429 30.379251 30.25428 30.195467 29.966757 29.920391 29.919317 29.760437 29.90956 29.926382 29.999016 30.07058 30.08998 30.0025 29.903933 29.928852 29.968712 29.97517 29.948061 29.970337 29.9324 29.898998 29.94502 29.948484 29.85011 29.740847
29.422112 29.100193 29.12575 29.14684 29.253502 29.309984 29.88484 29.819101 29.850967 29.843908 29.920671 29.744226 29.80804 29.889116 29.804558 29.774162 29.741682 29.482742 29.51152 29.607092 29.654627 29.656263 29.822638 29.938402 29.675997 29.569519 29.785856 29.775007 29.928305 30.158007 30.168364 30.081436 30.162315 30.143803 30.197115 30.274693 30.314394 30.396416 30.333359 30.051016 30.010374 29.899986 29.798779 29.94195 29.936375 30.008015 30.038216 30.046432 29.968103 29.849874 29.997 30.01101 29.98266 29.989506 29.91758 29.849459 29.854235 29.898203 29.880083 29.771276 29.525835
29.178085 29.13371 29.169277 29.24131 29.300777 29.419016 29.85071 29.703953 29.77966 29.804272 29.9041 29.758816 29.941723 29.912186 29.754536 29.704142 29.680407 29.651804 29.643818 29.641432 29.710163 29.771439 29.842133 29.530893 29.567715 29.631357 29.749416 29.833485 30.127396 30.092329 30.105604 30.078568 30.110289 30.155172 30.203188 30.014135 30.059385 30.227356 30.333008 30.320707 30.055153 29.949425 29.911615 29.962982 30.016994 30.035645 29.99883 30.010134 29.919756 29.981838 30.013153 30.073833 30.05649 29.866821 29.74257 29.807173 29.847733 29.818493 29.768303 29.732237 29.843382
29.091906 29.18454 29.229261 29.193636 29.206167 29.669712 29.735975 29.528717 29.59507 29.76541 29.835903 29.874477 29.994078 29.880072 29.841398 29.769962 29.702377 29.680208 29.729193 29.570038 29.590956 29.73518 29.725319 29.473911 29.462599 29.523483 29.656235 30.024916 30.01753 30.026978 30.075737 30.2329 30.212906 30.12242 30.100393 30.171646 30.135605 30.04726 30.230858 30.393293 30.231985 29.98427 29.986532 30.032589 30.133434 30.04073 29.994661 30.002512 30.00464 30.0622 29.99268 29.87218 29.875029 29.989088 30.067713 30.139467 30.122538 30.110918 30.149931 30.17988 30.178814
29.14472 29.276909 29.268606 29.226831 29.21245 29.914145 29.662827 29.360834 29.563334 29.738163 29.782078 29.929955 29.981018 29.827639 29.695667 29.689856 29.747162 29.695864 29.619894 29.538126 29.593182 29.758661 29.65642 29.474333 29.498732 29.732853 29.822159 30.07744 30.003906 30.159195 30.022804 30.126036 30.11153 30.184256 30.232166 30.297447 30.2243 30.05936 30.129543 30.25849 30.297445 30.16775 30.085571 30.045362 30.101522 30.07035 30.016901 30.018072 29.944216 29.852695 29.925915 29.970652 30.06737 30.129034 30.15282 30.178257 30.131687 30.13484 30.21302 30.256706 30.307093
29.304182 29.31835 29.308096 29.251677 29.240456 29.935932 29.644745 29.347233 29.459482 29.574526 29.71284 29.905588 29.902391 29.65276 29.50157 29.442125 29.475536 29.427286 29.417387 29.534834 29.673155 29.764679 29.47747 29.387415 29.708063 29.821367 29.965925 29.982512 30.073788 29.988083 30.04515 30.17178 30.177122 30.129074 30.10229 30.181162 30.279408 30.222155 30.155848 30.234665 30.264013 30.165709 30.123386 30.082062 29.95376 30.051983 29.893068 29.926353 29.918465 29.927765 29.917654 30.030403 30.095913 30.1023 30.096724 30.087708 30.055437 30.167229 30.198677 30.30377 30.237446
