static/data/thetao/2023/7/3/18.asc
ncols 137
nrows 93
xllcorner 108.0
yllcorner 17.0
cellsize 0.25
NODATA_value -32767
[rows 54 to 80 of 93, columns 61 to 121 of 137]
28.651772 28.797522 28.780567 28.60761 28.408255 28.27137 28.198982 28.204735 28.767391 28.902115 28.787155 28.761023 28.914137 28.51135 28.478264 28.483137 28.325228 28.373676 28.463013 27.681667 27.643654 28.35881 27.686388 27.721653 27.829016 27.847778 28.109882 28.026854 28.162928 28.322071 28.48869 28.422722 28.218834 28.036776 27.888191 27.945816 27.863323 27.774164 27.587599 27.663559 27.639317 27.643988 27.61897 27.71652 28.109951 28.25619 28.161217 28.256304 28.455423 28.37659 28.1305 28.517714 28.800173 28.908722 28.754108 28.52861 28.23636 27.943726 28.045126 28.534754 28.863373
28.793652 28.63737 28.501055 28.370523 28.391846 28.328003 28.485899 28.479116 28.557243 28.802185 28.748001 28.73165 28.699495 28.423025 28.448626 28.442314 28.394342 28.458475 -32767.0 27.428062 27.896473 28.066938 28.387838 28.136705 27.732086 27.852896 28.160793 28.109606 28.308569 28.46159 28.557734 28.538546 28.291838 28.121574 28.177658 27.97943 27.983572 27.99017 27.818354 27.766155 27.752392 27.72421 27.669678 27.891897 28.219564 28.380922 28.270256 28.323809 28.31446 28.15898 28.612919 29.273819 29.413515 29.378078 29.193401 28.853485 28.65571 28.558819 28.446363 28.480412 28.935167
28.451101 28.440851 28.46469 28.428164 28.319187 28.688297 28.976156 29.084747 29.090199 28.934605 28.806107 28.911615 28.440104 28.443493 28.577757 28.659042 28.544554 28.481989 28.418543 28.34223 28.374142 28.423428 28.255127 28.05862 28.05767 28.053686 28.172949 28.228931 28.392942 28.456964 28.52235 28.6785 28.450401 28.330324 28.522749 28.315918 28.006218 28.04055 28.046068 28.00889 27.973576 27.835125 27.802114 28.026342 28.158072 28.38829 28.356348 28.33696 28.358225 28.546335 29.351194 29.317308 29.237705 29.382013 29.308632 29.09846 28.912085 28.925829 28.67855 28.460106 28.639236
29.112461 29.319523 29.141792 28.925722 29.024656 29.090801 29.168472 29.232876 29.111177 28.731527 28.960537 28.546764 28.31092 28.495708 28.651861 28.72106 28.773766 28.777494 28.767345 28.801067 28.817503 28.800491 28.738508 28.572477 28.26303 28.220802 28.179804 28.449392 28.427843 28.497103 28.662027 28.659288 28.680193 28.609907 28.755503 28.839182 28.607542 28.003853 28.011684 27.955978 28.02381 27.93073 27.953457 28.01077 28.16173 28.414555 28.462688 28.407907 28.391827 29.332666 29.510557 28.975927 29.125961 29.33065 29.387016 28.869759 28.726517 28.393099 28.397814 28.479486 28.461546
28.413662 29.093395 29.330385 29.728415 29.53221 29.283377 29.108915 29.01183 28.84191 28.304522 28.549795 28.339224 28.41919 28.566345 28.679901 28.763597 28.846354 28.892962 28.873383 28.881851 28.858387 28.847239 28.84993 28.799446 28.59726 28.421917 28.368284 28.582172 28.447054 28.57425 28.709017 28.79509 28.79054 28.889742 28.924818 28.896183 28.755415 28.581821 28.11983 27.957039 28.042948 27.961676 27.993023 27.989176 28.011034 28.131386 28.250984 28.368422 28.908728 29.425894 29.497017 29.158623 29.154528 29.161291 29.432518 28.71343 28.52283 28.20897 28.436846 28.546062 28.355968
29.300814 29.135153 29.596514 29.717312 29.421864 28.660683 28.499084 28.8294 28.518068 28.39483 28.322294 28.61933 28.760702 28.857428 28.95884 29.013845 29.06158 28.964603 28.813076 28.707636 28.704191 28.73514 28.810474 28.869085 28.76359 28.594149 28.559973 28.543526 28.553938 28.679066 28.754354 28.838608 28.828663 28.965338 28.939165 28.982485 28.92428 28.907568 28.839643 28.465094 27.981657 27.914661 27.93823 27.891582 27.950584 28.077557 28.1873 28.32899 29.293234 29.396595 29.453026 29.573622 29.117285 29.18388 29.468624 28.892174 28.461245 28.226816 28.198826 28.35408 28.370277
29.607014 29.507908 29.489168 29.153454 28.433903 28.761198 28.639353 28.294767 28.488907 28.335218 28.790768 29.239985 29.351173 29.40436 29.356228 29.263796 29.057463 28.722584 28.725245 28.676735 28.62173 28.69784 28.714174 28.830784 28.765915 28.675898 28.630968 28.466497 28.497963 28.679369 28.794985 28.945538 29.027037 29.099531 29.125788 29.158148 29.176985 29.253021 29.207754 29.057095 28.74674 28.47857 28.303936 28.13191 28.104733 27.96869 28.206049 28.529064 29.393103 29.495916 29.521448 29.577932 29.44795 29.245436 29.12152 29.56631 28.625282 28.306915 28.16504 28.236849 28.498833
29.45784 29.423525 28.878263 28.496166 28.6692 28.427916 28.416508 28.526133 28.657671 28.671232 29.251741 29.312197 29.408237 29.310654 29.284863 29.164742 28.869581 28.772776 28.727451 28.68644 28.604555 28.68592 28.745508 28.767254 28.756466 28.68164 28.562588 28.488546 28.435009 28.713299 28.784363 28.958605 29.150682 29.16994 29.269644 29.283876 29.389149 29.462708 29.475088 29.21373 29.008942 28.860956 28.741457 28.617983 28.403109 28.268574 28.259697 28.92534 29.379013 29.556395 29.576447 29.608187 29.318155 29.126045 29.168428 29.136267 29.20042 28.489143 28.217272 28.261398 28.64989
29.515747 29.338322 29.006647 28.4846 28.293861 28.41729 28.470564 28.859539 29.153692 29.069225 29.209475 29.421682 29.438713 29.287687 29.322264 29.025301 28.852865 28.843441 28.826302 28.726885 28.723183 28.696625 28.733856 28.746904 28.73743 28.641117 28.557774 28.566864 28.571888 28.832748 28.805838 29.011648 29.213053 29.219305 29.305586 29.412582 29.501154 29.439589 29.4393 29.117352 28.855356 28.904823 28.84153 28.681078 28.211046 28.188229 28.19696 29.299864 29.322565 29.51986 29.592443 29.594551 29.243229 29.708794 29.706064 29.338709 29.369219 28.578354 28.230972 28.258848 28.928953
29.400948 29.263203 28.194693 27.847523 28.231844 28.337828 28.653923 29.104666 29.073792 29.047523 29.19676 29.454428 29.48001 29.335356 29.344374 29.090624 28.94561 28.833923 28.877726 28.911377 28.853514 28.884924 28.758831 28.744005 28.663181 28.582523 28.56059 28.64321 28.73218 28.851768 28.938675 29.107285 29.281803 29.316366 29.38909 29.464502 29.492481 29.118498 29.46611 29.080137 28.57894 28.648354 28.916178 28.954067 28.748192 28.393711 29.040358 29.30479 29.37561 29.660744 29.700783 29.611893 29.46216 29.86582 29.728197 29.610338 29.232868 28.678703 28.49743 28.647322 29.281088
29.334929 29.02314 28.214031 28.305527 28.332172 28.381134 28.598959 28.990093 28.977682 29.052404 29.2936 29.556007 29.54557 29.455812 29.410088 29.210543 29.014618 28.850327 28.936058 28.98183 28.948006 28.93234 28.8616 28.731321 28.67038 28.612432 28.545635 28.621027 28.900122 28.874481 29.207354 29.230495 29.305075 29.388453 29.429111 29.513786 29.243423 29.255028 29.293629 29.137754 28.883545 28.79242 28.976475 28.908152 29.018099 29.125498 29.38518 29.205053 29.362799 29.597162 29.740168 29.646685 29.549488 29.870642 29.705626 29.589104 29.027796 28.71546 28.51543 29.405031 29.643929
28.635712 28.326529 28.297785 28.403172 28.42057 28.493664 28.559494 28.628117 28.86229 29.124928 29.42221 29.627298 29.571714 29.536163 29.521107 29.261095 29.014275 28.875092 29.000374 29.018246 28.960402 28.937023 28.949438 28.89237 28.70501 28.620794 28.540895 28.765226 28.768982 29.15606 29.250574 29.28544 29.288343 29.45185 29.529724 29.634918 29.329016 29.33798 29.388659 29.310509 28.957916 28.695854 28.998707 29.08757 29.301256 29.517616 29.299313 29.3071 29.476114 29.579899 29.78668 29.570896 29.392677 29.882776 29.720844 29.370262 28.91263 28.724382 29.428654 29.529364 29.840525
28.535305 28.358938 28.43147 28.58396 28.544672 28.592657 28.639132 28.711094 29.00093 29.25624 29.508976 29.683252 29.61903 29.59936 29.582186 29.35366 29.070381 28.910652 28.967749 28.863218 28.724102 28.65997 28.844334 28.851582 28.730165 28.703451 28.668129 28.686682 28.964703 29.177614 29.192589 29.35431 29.474129 29.528585 29.628807 29.650318 29.516148 29.259602 29.324753 29.24764 29.156824 28.919285 28.945528 29.095566 29.423271 29.455112 29.540886 29.509474 29.465595 29.60244 29.808449 29.641956 29.20684 29.473248 29.33751 29.00997 28.777315 29.50428 29.390112 29.639015 29.876186
28.68602 28.4541 28.476463 28.64931 28.608606 28.574358 28.660727 28.884602 29.188381 29.436682 29.65204 29.72609 29.684368 29.687672 29.584017 29.438396 29.19201 28.933125 28.878128 28.838636 28.758183 28.742474 28.638372 28.672005 28.72145 28.707104 28.609446 28.94269 29.08781 29.264624 29.454546 29.429585 29.495308 29.708292 29.577362 29.50226 29.56853 29.566544 29.308876 29.272776 29.268923 29.137264 29.056057 28.889006 29.242702 29.50174 29.367582 29.464111 29.567507 29.547245 29.754694 29.679974 29.383257 29.181145 28.958515 28.81208 29.550053 29.313292 29.303328 29.507505 29.90512
28.929165 28.48718 28.507523 28.437714 28.527735 28.596228 28.91131 29.173086 29.351007 29.649973 29.789555 29.812162 29.686556 29.64162 29.678402 29.515787 29.307476 28.998585 28.979681 28.941362 29.019518 29.045925 29.014362 28.95471 28.885279 28.942673 29.031284 28.98638 29.185778 29.420956 29.582787 29.550245 29.630442 29.701412 29.786839 29.597301 29.595469 29.548841 29.471355 29.256805 29.36895 29.376865 29.27866 29.337503 29.509048 29.560255 29.538723 29.524546 29.61718 29.45289 29.710968 29.892002 29.671959 29.12507 28.961643 29.113983 29.60538 29.30508 29.205715 29.174076 29.72163
28.972652 28.279903 28.379032 28.379702 28.599838 28.88855 29.113655 29.271425 29.574995 29.78066 29.875298 29.869072 29.726042 29.694794 29.774878 29.571102 29.366558 29.055607 29.01972 29.051952 29.098007 29.183258 29.193521 29.129942 29.11529 29.09806 29.042595 29.082764 29.28123 29.464832 29.655308 29.618301 29.713371 29.76712 29.823751 29.836252 29.937925 29.797495 29.548769 29.468224 29.344818 29.437515 29.497984 29.500439 29.537046 29.496117 29.537804 29.513866 29.573772 29.666855 29.867561 29.95187 29.789253 29.093054 28.971184 29.336464 29.50371 29.286316 29.32488 29.10191 29.252846
28.324299 28.075436 28.360413 28.613499 28.810984 29.01551 29.184242 29.417868 29.682962 29.83525 29.894516 29.806295 29.74631 29.752363 29.798702 29.573229 29.365839 29.08787 29.08047 29.091688 29.208395 29.169786 29.117195 29.209803 29.239843 29.265417 29.169127 29.270855 29.374624 29.482386 29.630045 29.700403 29.774076 29.804005 29.781199 29.645037 29.695171 29.675337 29.65372 29.753908 29.486351 29.637953 29.530802 29.61159 29.628185 29.66357 29.713684 29.707773 29.791653 30.007257 30.036102 30.00058 29.68448 29.19939 29.190426 29.356281 29.478918 29.282665 29.42362 29.28809 29.155724
28.27828 28.560823 28.778622 28.90052 28.918272 29.114155 29.171228 29.479877 29.738802 29.808064 29.895449 29.793062 29.736847 29.754778 29.837214 29.580647 29.376156 29.130457 29.169575 29.149958 29.157373 29.089314 29.210058 29.282742 29.196865 29.305197 29.318205 29.411236 29.450773 29.559856 29.5954 29.712202 29.744623 29.603937 29.597242 29.7132 29.56856 29.673267 29.748972 29.718645 29.768595 29.637522 29.64306 29.744997 29.927927 29.951283 29.907986 29.973598 30.019455 30.072905 30.028606 29.961374 29.745947 29.773634 29.22212 29.247702 29.471891 29.399887 29.360085 29.287428 29.089186
29.076181 29.109869 29.166159 28.958878 28.944485 29.096205 29.084148 29.573559 29.740738 29.774971 29.891481 29.792833 29.706192 29.767107 29.832966 29.574757 29.427977 29.20063 29.112768 29.114962 29.204767 29.23377 29.32343 29.34146 29.312132 29.324934 29.369795 29.363832 29.426317 29.454878 29.548532 29.511604 29.517368 29.56673 29.601255 29.583044 29.65571 29.586943 29.65101 29.714167 29.805315 29.713188 29.853786 29.902855 29.900005 29.864891 29.947737 30.096834 30.08512 30.040304 29.985727 29.936954 29.70902 29.62076 29.666681 29.630707 29.561535 29.509493 29.467335 29.427069 29.262018
29.48893 29.457285 29.205862 28.947393 28.944672 29.073788 29.083792 29.745167 29.732126 29.822365 29.90408 29.748938 29.72848 29.817339 29.766397 29.611015 29.514458 29.319212 29.063068 29.137287 29.144575 29.226248 29.22673 29.324005 29.33802 29.277737 29.286236 29.379776 29.45499 29.451504 29.447327 29.473494 29.510717 29.532665 29.551712 29.587975 29.602243 29.657623 29.645575 29.729153 29.864368 29.79858 29.83034 29.748938 29.800055 29.802877 29.984547 29.963247 30.032682 29.97902 29.902998 29.76136 29.64867 29.706678 29.743362 29.706717 29.629158 29.580614 29.534184 29.470251 29.463251
29.154964 29.118439 29.064829 28.984564 29.036598 29.052195 29.380949 29.792238 29.760584 29.835646 29.871101 29.649399 29.75331 29.795717 29.711496 29.64772 29.545748 29.290379 29.089275 29.132967 29.23889 29.234577 29.299759 29.29502 29.295065 29.295938 29.403362 29.458448 29.463947 29.399057 29.361666 29.367819 29.53724 29.711205 29.844446 29.812855 29.708342 29.821833 29.772718 29.770704 29.808594 29.669973 29.542147 29.66912 29.74452 29.788513 29.95292 29.963573 29.979519 29.851717 29.692463 29.650066 29.693857 29.701204 29.690613 29.65278 29.671524 29.706627 29.695581 29.680521 29.54449
29.080778 29.292229 28.955002 29.047438 29.097235 29.149155 29.639805 29.77332 29.734129 29.739506 29.838745 29.575916 29.710602 29.732147 29.647293 29.64233 29.556236 29.239347 29.13242 29.185034 29.261963 29.246115 29.254314 29.364279 29.360476 29.457075 29.36406 29.312517 29.324978 29.470251 29.676908 29.874903 29.88993 29.859404 29.8811 29.868341 30.009996 29.987776 29.948584 29.761614 29.701797 29.735424 29.496801 29.64604 29.72768 29.8102 29.90771 29.932604 29.855198 29.740643 29.753052 29.733305 29.769512 29.758652 29.74972 29.740355 29.700773 29.731642 29.73906 29.676645 29.556469
29.313126 29.024479 29.058762 29.069254 29.184196 29.222086 29.764427 29.630318 29.700062 29.68791 29.754864 29.542234 29.661018 29.691763 29.602758 29.607836 29.545465 29.248894 29.238194 29.339338 29.36098 29.387197 29.596354 29.59634 29.260237 29.216513 29.435207 29.410168 29.648876 29.81323 29.796703 29.790447 29.785261 29.768217 29.810766 29.88132 29.97277 30.0982 30.071028 29.851059 29.776361 29.708015 29.584276 29.68199 29.751057 29.819155 29.899458 29.89926 29.820902 29.682278 29.812523 29.853151 29.80981 29.806438 29.748415 29.662958 29.673073 29.720678 29.7173 29.637953 29.39314
29.107176 29.076023 29.106285 29.151426 29.172665 29.345549 29.671223 29.483763 29.606613 29.651659 29.721336 29.54492 29.745577 29.706875 29.534693 29.504736 29.502409 29.464586 29.397816 29.360287 29.442686 29.467009 29.574162 29.200058 29.161543 29.205872 29.34531 29.480495 29.757782 29.775177 29.70863 29.771652 29.80464 29.821001 29.863321 29.752823 29.767576 29.97291 30.117512 30.07148 29.851496 29.77184 29.728846 29.773056 29.821009 29.84422 29.853735 29.870493 29.768166 29.826431 29.854277 29.905005 29.929873 29.712551 29.589499 29.646519 29.69423 29.6979 29.633944 29.573845 29.634998
29.03767 29.126778 29.1673 29.12144 29.119923 29.677532 29.526482 29.243319 29.42161 29.60119 29.604548 29.69451 29.839676 29.695686 29.649511 29.567156 29.48937 29.488394 29.489513 29.303514 29.318213 29.47797 29.444801 29.179642 29.125484 29.195873 29.382143 29.691645 29.706125 29.79624 29.7753 29.913452 29.883373 29.840317 29.878101 29.92487 29.900827 29.802275 30.0806 30.16183 30.045834 29.841503 29.812244 29.884975 29.937849 29.862234 29.855375 29.844944 29.852173 29.914557 29.896706 29.754564 29.719072 29.848335 29.932789 30.015112 30.018467 30.018095 30.011448 30.038973 30.036974
29.074062 29.198132 29.204975 29.154282 29.12234 29.818466 29.465538 29.186743 29.364864 29.523935 29.550531 29.769535 29.773783 29.644632 29.484957 29.487482 29.526798 29.484997 29.39742 29.252417 29.323936 29.531363 29.315123 29.228664 29.29105 29.484707 29.579498 29.76628 29.797834 29.793795 29.757671 29.810648 29.863852 29.948338 30.021593 30.056843 29.967903 29.831413 29.890644 30.131002 30.153128 29.995794 29.956463 29.895977 29.974213 29.898708 29.856651 29.893461 29.858002 29.738176 29.771889 29.819897 29.941229 30.008732 30.029036 30.04474 29.98716 29.990065 30.07225 30.078285 30.064795
29.231064 29.229937 29.235882 29.188923 29.158564 29.821371 29.467838 29.18066 29.292568 29.393911 29.50215 29.738968 29.681 29.444645 29.272394 29.228804 29.263517 29.2097 29.203842 29.256039 29.385532 29.405539 29.182688 29.201847 29.459593 29.557375 29.681293 29.741978 29.819092 29.7324 29.840033 29.87044 29.907991 29.896511 29.897963 29.959337 30.039618 29.956942 29.961792 30.08235 30.14588 30.057777 29.979736 29.969034 29.824762 29.916162 29.781252 29.766825 29.756023 29.766808 29.785763 29.902388 29.988733 29.991968 29.989662 29.95823 29.916424 30.011219 30.03671 30.087767 30.011076
