static/data/thetao/2023/7/31/0.asc
ncols 137
nrows 93
xllcorner 108.0
yllcorner 17.0
cellsize 0.25
NODATA_value -32767
[rows 27 to 53 of 93, columns 61 to 121 of 137]
26.487688 26.290089 26.10322 26.075348 26.034311 26.327032 26.663948 26.834137 26.808035 26.92222 27.115025 27.963253 -32767.0 -32767.0 28.245874 28.43745 28.630304 29.10294 29.429169 29.594658 29.611914 29.555637 29.598692 29.298862 29.139786 -32767.0 -32767.0 -32767.0 -32767.0 -32767.0 -32767.0 -32767.0 -32767.0 -32767.0 27.866898 27.056356 27.956488 -32767.0 -32767.0 -32767.0 28.957777 28.853193 28.680151 28.791039 28.877434 28.69068 28.926756 28.661894 28.58202 28.915993 29.357466 29.158958 29.134457 29.241821 29.28557 29.218924 29.201239 29.299414 29.119713 28.829336 29.434408
26.627766 26.66492 26.754784 26.635012 26.455822 26.24018 26.703497 26.869871 26.732853 26.753054 27.079176 27.716743 28.15826 28.373482 28.474327 28.554176 28.811216 29.191591 29.201624 29.58664 29.72473 29.643143 29.545168 -32767.0 29.178585 29.16867 -32767.0 -32767.0 30.407587 -32767.0 -32767.0 -32767.0 -32767.0 -32767.0 -32767.0 26.846014 28.369688 -32767.0 -32767.0 28.695862 28.749237 28.827833 28.913908 28.984636 29.049696 29.072517 29.059587 29.110119 28.34276 29.118124 29.058569 28.931606 28.903954 28.793453 28.953287 29.183891 29.225752 29.294886 29.040092 28.82341 29.494652
26.730696 26.8534 26.978651 27.028917 27.054596 26.958033 26.437237 26.542427 26.531967 26.541588 26.990423 28.078636 28.19573 28.441973 28.618162 28.76139 28.96783 29.030231 29.255478 29.498703 29.731033 29.576206 -32767.0 29.152746 29.077894 29.210499 29.243275 29.472786 -32767.0 29.804789 -32767.0 -32767.0 -32767.0 -32767.0 -32767.0 28.248968 28.635166 28.381792 28.656458 28.880253 29.052235 29.239202 29.363855 29.403627 29.351562 29.348598 29.358892 28.994823 28.42073 29.090132 28.99944 28.814041 28.621872 28.544008 28.568275 28.981102 29.142885 29.110168 28.919823 28.81864 29.493317
26.629686 26.800705 27.107216 27.195623 26.914564 26.83994 26.91384 26.557701 26.529776 26.451777 26.97119 27.98894 28.482487 28.731062 28.72466 28.86381 28.89895 29.023178 29.160486 29.353422 29.695063 29.700956 29.458899 28.98653 29.04811 28.897793 29.237768 29.489431 29.24661 30.143293 -32767.0 -32767.0 -32767.0 -32767.0 28.347881 28.981853 28.391296 28.714767 29.28421 29.212624 29.197536 29.229723 29.283623 29.339592 29.30587 29.321342 29.393667 29.292887 28.766947 28.757637 28.912468 28.55303 28.206268 28.178625 28.393705 28.943302 29.163795 28.950972 28.742207 28.865234 29.45824
26.682905 26.886883 27.142618 27.146511 27.095663 27.095251 26.987823 26.848804 26.762041 26.56217 26.905214 27.563974 28.389492 28.744743 28.713417 28.799381 28.855587 28.93906 29.010654 29.174654 29.393652 29.620932 29.627947 29.604208 29.601913 29.58781 29.505775 29.054077 29.071205 28.863312 -32767.0 -32767.0 -32767.0 -32767.0 28.711664 28.828062 28.204798 29.211594 29.169014 29.252213 29.235106 29.20935 29.195827 29.270283 29.444519 29.52134 29.427305 29.57949 29.354864 28.703583 29.033058 28.674282 27.720316 27.301867 28.062407 28.765522 28.819231 28.36915 28.555939 29.118294 29.445473
26.612728 26.956467 27.272125 27.50575 27.48377 27.429352 27.214603 27.235851 27.163303 26.909016 26.976374 27.358332 28.33458 28.70403 28.635149 28.728241 28.85893 28.801516 28.973074 29.136808 29.24898 29.386936 29.43635 29.479963 29.523262 29.564787 29.588768 29.001251 -32767.0 -32767.0 -32767.0 -32767.0 -32767.0 28.784542 28.780182 29.20837 29.282417 29.201683 29.2166 29.26786 29.28835 29.225933 29.16058 29.208525 29.455236 29.51659 29.589487 29.447996 29.430174 29.066612 29.1415 28.934895 28.3382 26.993708 27.588202 27.965662 28.126772 28.48573 28.972366 29.487925 29.447222
26.613295 26.84042 27.153322 27.49881 27.501755 27.651703 27.661531 27.49073 27.126757 26.978344 27.058388 27.455973 28.243406 28.573048 28.56877 28.590248 28.753942 28.652071 28.906763 29.043018 29.131863 29.141348 29.091265 29.12786 29.412586 29.45951 29.423174 29.003937 -32767.0 -32767.0 -32767.0 -32767.0 -32767.0 28.281172 28.933302 29.30628 29.236969 29.197714 29.161795 29.292334 29.283983 29.29082 29.322302 29.39489 29.512215 29.516773 29.566942 29.671593 29.510864 29.512245 29.105904 29.023273 28.60474 27.383457 27.356483 27.985802 28.64351 29.322758 29.54324 29.40777 29.425255
26.903751 27.310732 27.145153 27.064875 27.196085 27.703365 27.711342 27.582891 26.91783 26.854895 26.90982 27.481041 27.930899 28.054213 28.245676 28.50262 28.532816 28.628088 28.868126 28.970013 28.872923 28.822227 28.855804 29.052435 29.239336 29.348442 29.128828 28.916237 29.36661 -32767.0 29.010796 -32767.0 -32767.0 28.579021 29.127863 29.25855 29.202646 29.115454 29.17157 29.17642 29.264214 29.308777 29.428892 29.466003 29.5373 29.554714 29.826221 29.773754 29.516626 29.506012 29.500965 29.237566 29.098858 28.013815 27.4579 28.35394 29.128304 29.429562 29.44887 29.443148 29.35839
26.726595 27.125103 27.333233 27.553947 27.204615 27.053648 26.841988 27.239866 27.209188 26.68646 26.833176 27.15 27.455545 27.808361 28.235233 28.354548 28.412046 28.830374 28.96485 28.906029 28.863163 28.81357 28.780735 28.833258 28.956125 29.088625 29.127087 29.059032 29.11039 29.07228 29.158476 -32767.0 28.003689 28.883295 28.886719 29.173885 29.035864 28.86266 28.88827 28.988625 29.216799 29.309969 29.468946 29.490894 29.481518 29.60279 29.5834 29.695347 29.682388 29.659487 29.640373 29.539455 29.293097 29.207966 28.38057 28.768183 29.355616 29.468296 29.384556 29.401958 29.263174
26.288994 26.737747 27.373869 27.635542 27.109217 27.15579 27.447088 27.529783 26.918024 26.721888 26.766953 27.357317 27.847557 28.04355 28.058382 28.349865 28.744112 28.864115 28.935455 28.879656 28.92049 28.917988 28.927422 28.912546 28.886229 28.9309 28.957033 28.935917 28.92003 28.930195 -32767.0 28.764416 28.754963 28.698807 28.951435 29.104086 28.931416 28.897083 29.418072 29.11505 29.26154 29.313818 29.482641 29.527996 29.516531 29.516773 29.573711 29.596634 29.6108 29.581789 29.557465 29.616966 29.594707 29.423513 29.312551 29.320042 29.51979 29.481112 29.40327 29.332392 29.189621
25.525627 26.512552 27.429459 27.754488 27.867111 27.568464 27.73392 27.906439 27.413036 27.02687 27.301899 27.604233 27.699814 27.823378 28.084005 28.322653 28.533943 28.828876 28.837507 28.880972 28.939835 29.00511 29.048397 29.12125 29.25321 29.347576 29.432138 29.404856 28.916212 28.699118 28.75541 27.98392 28.193434 28.484459 28.739775 28.961626 28.970266 29.324142 29.330338 29.52199 29.311558 29.353958 29.49981 29.536343 29.500977 29.444677 29.53724 29.61504 29.64297 29.645584 29.675915 29.789188 29.823284 29.762644 29.668425 29.5759 29.457941 29.434862 29.466722 29.24516 29.01865
25.322605 27.016453 27.476961 28.07036 28.144436 28.05892 28.094095 28.182962 28.061789 27.698437 27.598873 27.619823 27.68168 27.87011 28.123142 28.436464 28.604362 28.782072 28.928015 29.027533 29.12094 29.17269 29.167667 29.14079 29.283644 29.503956 29.562101 29.546305 -32767.0 28.98924 29.363485 -32767.0 27.725384 28.461422 29.004827 29.332472 29.41628 29.031082 29.171204 28.981483 29.322897 29.398567 29.542656 29.478603 29.44821 29.454771 29.427431 29.55284 29.617147 29.66338 29.71461 29.716475 29.67325 29.635963 29.589684 29.571037 29.521832 29.476028 29.378334 29.204493 28.815327
26.500471 27.675095 28.04252 28.32481 28.330482 28.272806 28.396143 28.532223 28.489399 28.33575 28.215303 28.105932 28.433151 28.518892 28.537275 28.598503 28.644108 28.839502 29.021854 29.239098 29.481174 29.5477 29.397373 29.315441 29.295507 29.321522 29.426722 29.487377 29.565002 -32767.0 29.53627 28.23609 28.667374 29.49087 29.260754 28.913107 28.984364 29.144045 29.253513 29.235542 29.499216 29.368282 29.550953 29.476889 29.376535 29.3609 29.327314 29.322174 29.422775 29.423548 29.392393 29.507692 29.595018 29.626698 29.622519 29.593792 29.580996 29.486067 29.27086 29.09379 28.767809
27.066397 27.886675 28.158127 28.469828 28.676655 28.620483 28.581226 28.817564 28.934227 28.76929 28.640146 28.674763 28.710072 28.746565 28.668224 28.786087 28.91328 29.094885 29.396217 29.475004 29.689913 29.560095 29.41455 29.33228 29.367878 29.408535 29.47327 29.360867 29.331165 29.2571 29.327543 29.288408 29.257748 28.818707 29.040688 28.936409 29.043198 29.159636 29.143238 29.294123 29.433409 29.35114 29.506645 29.372368 29.273453 29.305628 29.305367 29.317158 29.365442 29.362585 29.392677 29.384132 29.45318 29.626497 29.616268 29.659107 29.502556 29.311598 29.224215 28.898615 28.7665
27.989254 28.75434 28.557846 28.396141 28.734869 28.842611 28.829466 28.924187 28.910559 28.876228 28.853735 28.819992 28.819658 28.822012 28.73461 28.843103 29.098166 29.373226 29.463972 29.796158 29.672245 29.304861 29.168343 29.0709 29.299671 29.49355 29.53297 29.543839 29.387266 29.301283 29.232927 29.13882 29.204458 29.092693 29.012594 29.04715 29.075155 28.979546 29.228502 29.333403 29.25588 29.411993 29.435581 29.24082 29.27004 29.257679 29.111073 29.07697 29.20447 29.301292 29.373188 29.338402 29.434628 29.541428 29.461464 29.410854 29.309698 29.051777 29.041424 28.88081 28.813623
27.979874 28.944466 29.414038 29.423975 29.138895 29.097197 28.915014 28.834982 28.77293 28.910002 29.057856 28.919167 28.83686 28.840824 28.95084 29.083698 29.321749 29.425426 29.383749 29.40833 29.211248 29.039654 28.968004 28.912542 28.889269 29.24674 29.440554 29.225136 29.023512 28.992565 29.02671 28.996342 28.978823 29.003838 29.053024 29.16604 29.01291 28.958775 29.080133 29.096401 29.20745 29.425762 29.371206 29.41345 29.221138 29.24873 29.30995 29.179195 29.126339 29.245834 29.389923 29.392006 29.430176 29.412512 29.343767 29.378208 28.89369 28.90443 28.915558 28.829538 28.772932
28.27134 29.293922 29.940752 29.68199 29.777596 29.59106 29.15131 28.842648 28.855202 28.872473 28.885149 28.848093 28.828896 28.971218 29.00375 29.20338 29.58266 29.315983 29.118181 29.191618 28.965322 28.920153 28.858969 28.691422 28.801758 28.90614 29.017466 28.957788 28.965565 28.971321 29.001657 29.008188 29.05455 29.166916 29.181622 29.07897 29.056376 28.986795 29.005775 28.94308 29.187304 29.344225 29.364466 29.058762 28.933104 28.97715 28.999453 29.084396 29.222677 29.268711 29.353882 29.463953 29.461298 29.328667 29.361734 28.928705 28.90001 28.687426 28.565958 28.665873 28.620079
28.733799 29.462902 29.447395 29.171825 29.257822 29.424686 29.436073 29.112474 29.017963 28.84486 28.822025 28.8781 28.999702 29.006048 29.15744 29.204618 29.666664 29.323336 29.043846 29.167538 28.869856 28.850647 28.733223 28.74112 28.946375 28.921894 28.939173 28.969694 28.971628 28.967539 29.070877 29.176432 29.244911 29.262247 29.34419 29.351187 29.30447 29.084219 29.03433 28.933165 29.108139 29.301983 29.330166 28.895164 28.954441 29.09133 28.949718 29.075394 29.145025 29.30152 29.312775 29.355757 29.36881 29.303402 29.153843 28.86208 28.650885 28.582903 28.57787 28.56846 28.55476
29.281275 29.509535 29.602852 29.055939 29.074753 29.160507 29.30357 28.96012 28.896566 29.012682 29.025524 29.063786 29.082558 29.132627 29.205147 29.311333 29.762594 29.36731 29.104427 29.13218 28.890505 28.934479 28.839624 28.831617 28.96356 29.004787 28.928047 28.86196 28.950966 29.038616 29.145706 29.24086 29.292185 29.262083 29.17709 29.15965 29.218771 29.246368 29.132435 28.969088 29.116901 29.236118 29.289463 28.887592 28.966234 29.098867 28.912605 29.144842 29.190863 29.163284 29.21902 29.2559 29.219437 29.21182 28.799276 28.460463 28.3468 28.388414 28.37175 28.359186 28.523235
29.097694 29.576271 29.22815 29.019585 29.200125 29.042984 28.810753 28.782469 28.85047 28.962975 28.971022 29.113153 29.132915 29.173187 29.156242 29.61973 29.895788 29.4107 29.167042 29.14487 29.060549 28.855623 28.865824 28.905947 28.733137 28.720669 28.712078 28.828537 28.981222 28.994637 29.05215 29.009787 28.954483 28.871735 28.803684 28.891266 29.033234 29.205128 29.205313 28.999538 29.182152 29.360731 29.121372 29.06346 29.1977 29.147112 28.830696 29.033497 29.276913 29.047333 29.102667 29.184713 29.12534 28.744621 28.209566 27.99778 28.05423 28.16845 28.205904 28.243029 28.38536
29.01714 29.088766 28.885912 28.629137 29.026758 29.226376 28.977684 28.93727 28.971542 28.956131 29.033482 29.116241 29.161385 29.16427 29.36027 29.606895 29.844889 29.330812 29.162804 29.10823 29.08 29.072266 29.03771 28.838963 -32767.0 28.864513 28.875483 28.901102 28.895838 28.94389 28.93218 28.762257 28.600779 28.502098 28.513485 28.73375 28.975456 29.134 29.198174 29.033932 29.304588 29.295202 29.214378 29.448877 29.155127 28.538933 28.840738 28.941292 29.007828 28.903343 28.95986 29.015194 28.63738 28.053751 28.035923 27.79657 27.91648 27.937872 27.984015 28.117699 28.123526
28.868227 28.688904 28.478146 28.742086 29.101194 29.129513 29.193304 29.088535 29.085445 29.001715 29.129992 29.131329 29.109596 29.419565 29.492517 29.85018 29.696098 29.18726 29.178274 29.074434 29.037071 29.013603 28.908888 28.796274 28.851019 28.867512 28.89629 28.88248 28.877724 28.850157 28.66781 28.525677 28.409897 28.273046 28.334196 28.618097 28.996428 29.125422 29.126616 29.062164 29.375555 29.176111 29.51883 29.394726 28.9545 28.471806 28.785769 28.800806 28.793287 28.769142 28.744062 28.485857 28.044546 28.319338 28.309452 27.939276 27.837933 27.907064 27.970465 28.029943 28.026829
28.444273 28.53735 28.693094 29.130724 29.23434 29.146929 28.955187 29.077684 28.996183 29.035927 28.98094 29.022057 29.465199 29.50252 29.651491 29.712551 29.235807 29.10138 29.132708 28.979797 28.993958 28.95579 28.989906 -32767.0 28.783895 28.871134 28.934814 28.858597 28.799126 28.614326 28.497478 28.462755 28.352432 28.278343 28.433657 28.744242 29.075811 29.09337 29.069725 29.25118 29.233088 29.456377 29.457857 29.362225 29.129776 28.445776 28.567223 28.695501 28.59068 28.475388 28.350372 27.98862 28.020113 28.315105 28.47338 28.445862 28.174923 28.035574 28.088602 28.211845 28.318531
28.35996 28.538128 28.747593 28.831347 28.940405 28.90079 28.860142 28.901396 28.944508 28.813269 29.140524 29.42317 29.476429 29.431286 29.421694 29.312538 29.159334 29.10704 28.96286 28.859861 28.829607 28.866096 28.813707 28.743395 28.918224 28.941479 28.878397 28.761728 28.607939 28.506283 28.54113 28.545006 28.478895 28.488977 28.563223 29.042053 29.079817 29.021635 29.233963 29.19844 29.323332 29.348825 29.27129 29.153025 29.114502 28.724382 28.367712 28.361483 28.389544 28.439085 28.192242 27.81517 27.832504 28.376774 28.478264 28.366707 28.312347 28.201336 28.129368 28.19549 28.332935
28.457855 28.68584 28.509724 28.49228 28.400068 28.263361 28.310314 28.366804 28.615522 29.066956 29.368847 29.50431 29.401917 29.273344 29.32048 29.27275 29.170147 29.07156 29.089428 28.93065 28.800922 28.82716 28.766827 28.826462 28.958448 29.00282 28.814655 28.701353 28.565262 28.613268 28.632221 28.635427 28.544737 28.673113 29.036013 29.033567 28.965376 29.195364 29.153904 29.217407 29.255175 29.117804 28.95953 28.935343 28.991323 29.088486 28.628443 28.504166 28.499302 28.431772 28.248013 27.931898 27.914667 28.24048 28.724022 28.679218 28.635359 28.554676 28.547132 28.54671 28.580053
28.630817 28.9729 28.758324 28.666859 28.64967 28.85976 28.806896 28.928791 29.041843 29.09039 29.491068 29.605875 29.268867 29.186995 29.305197 29.277641 29.211351 29.218561 29.170507 28.978785 28.782753 28.70998 28.859964 28.946827 29.05543 29.006136 28.804293 28.64338 28.610325 28.731236 28.81421 28.838451 28.95591 29.062391 28.936977 28.926065 29.17949 29.016 29.22249 29.194004 28.904562 28.700148 28.686071 28.74819 28.84018 28.875593 29.065151 28.648203 28.386532 28.309757 28.300026 28.238567 28.149523 28.304583 28.584375 28.854176 28.64014 28.608608 28.865023 28.931503 28.759119
29.05459 29.018724 28.785997 28.75291 28.800817 28.933327 28.886759 28.913221 29.032772 29.31013 29.307957 29.511654 29.168879 29.212763 29.290323 29.292366 29.180693 29.264816 29.257114 29.452385 -32767.0 28.991453 28.839163 28.961603 29.183582 28.949453 28.800379 28.620838 28.624327 28.730288 28.832533 28.886196 28.874464 28.839216 28.975183 29.116486 28.943043 29.169184 29.05029 28.800396 28.669647 28.601358 28.505117 28.48799 28.649565 28.807121 28.902466 28.994871 28.879625 28.27959 28.14039 28.25503 28.258268 28.297829 28.409792 28.774578 28.853653 28.819578 28.850231 28.911436 28.719305
