static/data/thetao/2023/7/31/12.asc
ncols 137
nrows 93
xllcorner 108.0
yllcorner 17.0
cellsize 0.25
NODATA_value -32767
[rows 54 to 80 of 93, columns 0 to 60 of 137]
-32767.0 -32767.0 -32767.0 -32767.0 -32767.0 -32767.0 -32767.0 -32767.0 -32767.0 -32767.0 -32767.0 -32767.0 -32767.0 -32767.0 -32767.0 -32767.0 -32767.0 -32767.0 -32767.0 -32767.0 -32767.0 -32767.0 -32767.0 -32767.0 -32767.0 -32767.0 -32767.0 -32767.0 -32767.0 -32767.0 -32767.0 -32767.0 -32767.0 -32767.0 -32767.0 -32767.0 -32767.0 -32767.0 -32767.0 -32767.0 -32767.0 -32767.0 -32767.0 -32767.0 -32767.0 -32767.0 -32767.0 -32767.0 26.106228 26.315868 27.378979 27.629974 28.38677 28.345537 28.829796 29.298828 29.672037 29.711334 29.63139 29.436043 28.796755
-32767.0 -32767.0 -32767.0 -32767.0 -32767.0 -32767.0 -32767.0 -32767.0 -32767.0 -32767.0 -32767.0 -32767.0 -32767.0 -32767.0 -32767.0 -32767.0 -32767.0 -32767.0 -32767.0 -32767.0 -32767.0 -32767.0 -32767.0 -32767.0 -32767.0 -32767.0 -32767.0 -32767.0 -32767.0 -32767.0 -32767.0 -32767.0 -32767.0 -32767.0 -32767.0 -32767.0 -32767.0 -32767.0 -32767.0 -32767.0 -32767.0 -32767.0 -32767.0 -32767.0 -32767.0 -32767.0 -32767.0 28.99486 -32767.0 27.533972 27.827383 29.008507 28.692118 28.209269 28.613972 29.295624 28.866291 28.923178 28.503244 28.439592 28.602367
-32767.0 -32767.0 -32767.0 -32767.0 -32767.0 -32767.0 -32767.0 -32767.0 -32767.0 -32767.0 -32767.0 -32767.0 -32767.0 -32767.0 -32767.0 -32767.0 -32767.0 -32767.0 -32767.0 -32767.0 -32767.0 -32767.0 -32767.0 -32767.0 -32767.0 -32767.0 -32767.0 -32767.0 -32767.0 -32767.0 -32767.0 -32767.0 -32767.0 -32767.0 -32767.0 -32767.0 -32767.0 -32767.0 -32767.0 -32767.0 -32767.0 -32767.0 -32767.0 -32767.0 -32767.0 -32767.0 -32767.0 29.143732 26.737171 27.220049 27.816864 28.961164 28.763882 28.783783 29.513472 29.151585 28.120773 28.780666 28.879725 29.05965 29.107944
-32767.0 -32767.0 -32767.0 -32767.0 -32767.0 -32767.0 -32767.0 -32767.0 -32767.0 -32767.0 -32767.0 -32767.0 -32767.0 -32767.0 -32767.0 -32767.0 -32767.0 -32767.0 -32767.0 -32767.0 -32767.0 -32767.0 -32767.0 -32767.0 -32767.0 -32767.0 -32767.0 -32767.0 -32767.0 -32767.0 -32767.0 -32767.0 -32767.0 -32767.0 -32767.0 -32767.0 -32767.0 -32767.0 -32767.0 -32767.0 -32767.0 -32767.0 -32767.0 -32767.0 -32767.0 -32767.0 -32767.0 27.45437 26.77375 27.094004 27.293884 27.809155 28.152765 29.040354 29.934277 29.282307 29.002602 28.894018 29.575792 29.64402 29.257374
-32767.0 -32767.0 -32767.0 -32767.0 -32767.0 -32767.0 -32767.0 -32767.0 -32767.0 -32767.0 -32767.0 -32767.0 -32767.0 -32767.0 -32767.0 -32767.0 -32767.0 -32767.0 -32767.0 -32767.0 -32767.0 -32767.0 -32767.0 -32767.0 -32767.0 -32767.0 -32767.0 -32767.0 -32767.0 -32767.0 -32767.0 -32767.0 -32767.0 -32767.0 -32767.0 -32767.0 -32767.0 -32767.0 -32767.0 -32767.0 -32767.0 -32767.0 -32767.0 -32767.0 -32767.0 30.18591 -32767.0 28.228985 27.02928 27.063923 27.06019 27.242432 28.665487 29.727116 29.363081 30.015688 28.934793 29.765415 29.836689 29.687864 29.241453
-32767.0 -32767.0 -32767.0 -32767.0 -32767.0 -32767.0 -32767.0 -32767.0 -32767.0 -32767.0 -32767.0 -32767.0 -32767.0 -32767.0 -32767.0 -32767.0 -32767.0 -32767.0 -32767.0 -32767.0 -32767.0 -32767.0 -32767.0 -32767.0 -32767.0 -32767.0 -32767.0 -32767.0 -32767.0 -32767.0 -32767.0 -32767.0 -32767.0 -32767.0 -32767.0 -32767.0 -32767.0 -32767.0 -32767.0 -32767.0 -32767.0 -32767.0 -32767.0 -32767.0 -32767.0 -32767.0 28.145948 27.18403 27.146637 27.005533 26.97611 27.351276 29.948574 29.813868 29.861406 29.904604 29.412668 29.123598 29.624306 29.535688 29.226938
-32767.0 -32767.0 -32767.0 -32767.0 -32767.0 -32767.0 -32767.0 -32767.0 -32767.0 -32767.0 -32767.0 -32767.0 -32767.0 -32767.0 -32767.0 -32767.0 -32767.0 -32767.0 -32767.0 -32767.0 -32767.0 -32767.0 -32767.0 -32767.0 -32767.0 -32767.0 -32767.0 -32767.0 -32767.0 -32767.0 -32767.0 -32767.0 -32767.0 -32767.0 -32767.0 -32767.0 -32767.0 -32767.0 -32767.0 -32767.0 -32767.0 -32767.0 -32767.0 -32767.0 27.92234 27.18076 27.04154 27.51959 27.639725 27.10051 27.435274 29.882725 -32767.0 -32767.0 -32767.0 -32767.0 29.821539 29.913279 29.528517 29.330376 29.232044
-32767.0 -32767.0 -32767.0 -32767.0 -32767.0 -32767.0 -32767.0 -32767.0 -32767.0 -32767.0 -32767.0 -32767.0 -32767.0 -32767.0 -32767.0 -32767.0 -32767.0 -32767.0 -32767.0 -32767.0 -32767.0 -32767.0 -32767.0 -32767.0 -32767.0 -32767.0 -32767.0 -32767.0 -32767.0 -32767.0 -32767.0 -32767.0 -32767.0 -32767.0 -32767.0 -32767.0 -32767.0 -32767.0 -32767.0 -32767.0 -32767.0 -32767.0 -32767.0 27.535725 27.33521 27.741688 27.863268 28.025188 28.048716 27.613077 27.404493 30.30706 -32767.0 -32767.0 -32767.0 -32767.0 29.925434 29.323038 29.560036 29.331715 29.29317
-32767.0 -32767.0 -32767.0 -32767.0 -32767.0 -32767.0 -32767.0 -32767.0 -32767.0 -32767.0 -32767.0 -32767.0 -32767.0 -32767.0 -32767.0 -32767.0 -32767.0 -32767.0 -32767.0 -32767.0 -32767.0 -32767.0 -32767.0 -32767.0 -32767.0 -32767.0 -32767.0 -32767.0 -32767.0 -32767.0 -32767.0 -32767.0 -32767.0 -32767.0 -32767.0 -32767.0 -32767.0 -32767.0 -32767.0 -32767.0 -32767.0 29.548643 29.336647 27.728172 27.83322 28.02168 28.24049 28.16583 28.182835 28.682549 29.836119 -32767.0 -32767.0 -32767.0 -32767.0 -32767.0 29.42379 29.502167 29.411625 29.296177 29.377373
-32767.0 -32767.0 -32767.0 -32767.0 -32767.0 -32767.0 -32767.0 -32767.0 -32767.0 -32767.0 -32767.0 -32767.0 -32767.0 -32767.0 -32767.0 -32767.0 -32767.0 -32767.0 -32767.0 -32767.0 -32767.0 -32767.0 -32767.0 -32767.0 -32767.0 -32767.0 -32767.0 -32767.0 -32767.0 -32767.0 -32767.0 -32767.0 -32767.0 -32767.0 -32767.0 -32767.0 -32767.0 -32767.0 -32767.0 -32767.0 -32767.0 28.521248 27.379892 27.897728 27.765059 28.336166 28.59877 28.895527 29.289297 28.754553 30.616795 -32767.0 -32767.0 -32767.0 -32767.0 29.64997 29.447014 29.433237 29.22745 29.398752 29.552298
-32767.0 -32767.0 -32767.0 -32767.0 -32767.0 -32767.0 -32767.0 -32767.0 -32767.0 -32767.0 -32767.0 -32767.0 -32767.0 -32767.0 -32767.0 -32767.0 -32767.0 -32767.0 -32767.0 -32767.0 -32767.0 -32767.0 -32767.0 -32767.0 -32767.0 -32767.0 -32767.0 -32767.0 -32767.0 -32767.0 -32767.0 -32767.0 -32767.0 -32767.0 -32767.0 -32767.0 -32767.0 -32767.0 -32767.0 28.733639 28.317457 27.6428 27.487606 27.6493 28.007645 28.734169 28.83133 29.428865 29.486359 29.5688 -32767.0 -32767.0 -32767.0 -32767.0 -32767.0 29.506401 29.458004 29.327976 29.294357 29.476791 29.647316
-32767.0 -32767.0 -32767.0 -32767.0 -32767.0 -32767.0 -32767.0 -32767.0 -32767.0 -32767.0 -32767.0 -32767.0 -32767.0 -32767.0 -32767.0 -32767.0 -32767.0 -32767.0 -32767.0 -32767.0 -32767.0 -32767.0 -32767.0 -32767.0 -32767.0 -32767.0 -32767.0 -32767.0 -32767.0 -32767.0 -32767.0 -32767.0 -32767.0 -32767.0 -32767.0 -32767.0 -32767.0 -32767.0 27.409573 27.070955 27.17933 27.290089 26.836563 28.054827 28.900585 28.706688 28.595282 29.43818 29.902216 30.592548 -32767.0 -32767.0 -32767.0 -32767.0 -32767.0 29.660545 29.454147 29.448097 29.3681 29.630177 29.34647
-32767.0 -32767.0 -32767.0 -32767.0 -32767.0 -32767.0 -32767.0 -32767.0 -32767.0 -32767.0 -32767.0 -32767.0 -32767.0 -32767.0 -32767.0 -32767.0 -32767.0 -32767.0 -32767.0 -32767.0 -32767.0 -32767.0 -32767.0 -32767.0 -32767.0 -32767.0 -32767.0 -32767.0 -32767.0 -32767.0 -32767.0 -32767.0 -32767.0 -32767.0 -32767.0 -32767.0 27.56314 27.42983 26.642647 27.36137 27.333572 27.951248 28.423979 29.67475 29.354992 28.467653 -32767.0 29.251165 29.914818 -32767.0 -32767.0 -32767.0 -32767.0 -32767.0 29.871315 29.838629 29.735817 29.679205 29.48211 29.65447 29.403467
-32767.0 -32767.0 -32767.0 -32767.0 -32767.0 -32767.0 -32767.0 -32767.0 -32767.0 -32767.0 -32767.0 -32767.0 -32767.0 -32767.0 -32767.0 -32767.0 -32767.0 -32767.0 -32767.0 -32767.0 -32767.0 -32767.0 -32767.0 -32767.0 -32767.0 -32767.0 -32767.0 -32767.0 -32767.0 -32767.0 -32767.0 -32767.0 -32767.0 -32767.0 -32767.0 26.573435 25.28411 29.019777 29.575165 29.457813 29.116903 28.569065 28.963005 28.820572 29.456718 28.861448 -32767.0 28.927748 29.688356 -32767.0 -32767.0 -32767.0 -32767.0 -32767.0 29.98965 29.570587 30.136246 29.64011 29.615938 29.657784 29.389465
-32767.0 -32767.0 -32767.0 -32767.0 -32767.0 -32767.0 -32767.0 -32767.0 -32767.0 -32767.0 -32767.0 -32767.0 -32767.0 -32767.0 -32767.0 -32767.0 -32767.0 -32767.0 -32767.0 -32767.0 -32767.0 -32767.0 -32767.0 -32767.0 -32767.0 -32767.0 -32767.0 -32767.0 -32767.0 -32767.0 -32767.0 -32767.0 -32767.0 -32767.0 -32767.0 28.23208 29.076157 29.717617 29.613379 29.2702 28.63747 29.235998 28.656288 26.950026 27.56992 28.77172 29.021893 29.447268 29.785126 -32767.0 -32767.0 -32767.0 -32767.0 -32767.0 29.624565 29.524664 30.146358 29.642723 29.754128 29.773174 29.701
-32767.0 -32767.0 -32767.0 -32767.0 -32767.0 -32767.0 -32767.0 -32767.0 -32767.0 -32767.0 -32767.0 -32767.0 -32767.0 -32767.0 -32767.0 -32767.0 -32767.0 -32767.0 -32767.0 -32767.0 -32767.0 -32767.0 -32767.0 -32767.0 -32767.0 -32767.0 -32767.0 31.764957 -32767.0 29.985233 -32767.0 28.686218 28.52911 28.494543 28.831062 29.216068 29.666834 29.802639 29.580128 28.712317 29.290169 28.733952 29.118795 29.216393 29.223955 28.963602 29.463804 29.726782 29.883694 -32767.0 -32767.0 -32767.0 -32767.0 29.983437 29.634272 29.300674 29.901575 29.803503 29.779112 29.929945 29.939713
-32767.0 -32767.0 -32767.0 -32767.0 -32767.0 -32767.0 -32767.0 -32767.0 -32767.0 -32767.0 -32767.0 -32767.0 -32767.0 -32767.0 -32767.0 -32767.0 -32767.0 -32767.0 -32767.0 -32767.0 -32767.0 -32767.0 -32767.0 32.625107 -32767.0 -32767.0 27.988277 28.18539 28.767233 28.989792 29.039917 29.20631 29.508915 29.656595 29.620981 29.642351 29.786701 29.71923 29.535809 28.789236 29.138044 29.031206 29.355207 29.503885 29.523989 29.210394 29.41528 29.295979 29.565195 29.821022 -32767.0 -32767.0 29.712128 30.167303 29.581297 29.3484 29.27502 29.300303 29.360657 29.334988 29.539116
-32767.0 -32767.0 -32767.0 -32767.0 -32767.0 -32767.0 -32767.0 -32767.0 -32767.0 -32767.0 -32767.0 -32767.0 -32767.0 -32767.0 -32767.0 -32767.0 -32767.0 -32767.0 -32767.0 -32767.0 -32767.0 -32767.0 -32767.0 31.691307 32.308083 29.241133 29.190008 29.852884 30.168056 29.960714 29.87775 29.915823 29.865324 29.825878 29.865889 29.932215 29.701437 29.651442 29.754639 29.547712 29.46432 29.463497 29.374123 29.597666 29.636494 29.568716 29.232336 29.136642 29.69865 29.798496 29.914797 -32767.0 29.694386 29.850134 29.418287 29.612116 29.306545 29.137972 29.827507 29.624775 29.821728
-32767.0 -32767.0 -32767.0 -32767.0 -32767.0 -32767.0 -32767.0 -32767.0 -32767.0 -32767.0 -32767.0 -32767.0 -32767.0 -32767.0 -32767.0 -32767.0 -32767.0 -32767.0 -32767.0 -32767.0 33.033165 32.269794 31.509127 29.880228 28.947315 -32767.0 29.447573 30.286499 30.237589 30.151432 30.113829 30.107021 29.955511 30.058067 30.075222 30.066313 29.962551 30.02918 29.93796 29.85344 29.714445 29.718815 29.744673 29.702887 29.691534 29.625256 29.763704 29.63209 29.970266 29.835669 29.807095 -32767.0 29.634394 29.110462 28.773705 29.422564 29.257198 29.603695 29.543068 29.335646 29.30609
-32767.0 -32767.0 32.794765 -32767.0 -32767.0 -32767.0 -32767.0 -32767.0 -32767.0 -32767.0 -32767.0 -32767.0 -32767.0 -32767.0 -32767.0 -32767.0 32.599636 -32767.0 32.49512 31.216475 30.855629 29.313993 28.889791 29.123434 29.874779 30.177036 30.208662 30.295893 30.271381 30.242369 30.17283 30.071346 30.061543 30.06438 30.116444 30.075514 29.941563 29.90617 29.881292 29.728525 29.643251 29.655064 29.705486 29.650091 29.772383 29.941635 30.16296 29.727293 29.24733 29.394243 29.812574 29.73706 29.369684 28.82139 28.886786 29.070686 29.23859 29.623837 29.292128 28.946024 28.938753
-32767.0 32.508827 32.304276 32.198 32.46339 -32767.0 32.94285 32.744614 -32767.0 -32767.0 -32767.0 -32767.0 -32767.0 32.264935 31.64259 30.731543 30.155863 30.004728 30.367014 30.520346 30.352879 30.278135 30.142159 30.053385 30.218039 30.39049 30.243427 30.14718 30.035421 29.922417 29.867607 29.86352 29.954712 29.964975 29.929358 29.90894 29.798796 29.715744 29.694824 29.73785 29.822104 29.612375 29.589231 29.719414 29.939667 30.046902 29.411879 29.058468 29.037497 28.938463 28.544971 28.626455 28.717667 28.511652 28.760254 29.07339 29.308546 29.459915 29.151417 28.894447 28.856747
31.852133 31.453451 31.473045 31.41432 31.741503 32.060936 32.34217 32.891197 -32767.0 -32767.0 -32767.0 31.823648 31.08328 30.581253 30.127075 29.85779 29.843082 29.812265 29.895548 30.20005 30.18276 30.35748 30.37067 30.181168 30.19649 30.340216 30.172132 29.892485 29.726324 29.858015 29.948141 29.897861 29.844793 29.816645 29.752478 29.77 29.91629 29.93492 29.923775 29.806824 29.604506 29.29719 29.279417 29.275955 29.254522 29.134748 29.079067 29.051126 29.254965 28.915108 28.947786 28.5266 29.058073 29.244917 29.191591 29.141346 29.239344 29.121275 28.758915 28.86989 28.75322
31.35216 31.462902 31.492813 31.39781 31.322435 31.63694 32.182182 -32767.0 -32767.0 32.40789 -32767.0 31.192532 31.199207 30.709661 30.328918 30.092552 29.826672 29.618866 29.603853 29.834263 30.09161 30.3758 30.344381 30.516998 30.557802 30.35622 30.131239 29.900084 29.719831 29.909956 30.00504 29.87101 29.806234 29.737366 29.66142 29.74958 29.971025 29.877335 29.946365 29.922457 29.500397 29.457338 29.537327 29.439484 29.281006 28.948313 29.02626 29.006435 29.26898 28.913067 28.85111 28.802708 29.019068 29.209234 29.29618 29.135237 29.018824 28.696632 28.900597 28.679188 28.5913
31.60336 31.498339 31.438965 31.399508 31.420477 31.400724 32.026287 32.82061 -32767.0 -32767.0 32.56702 31.955776 31.608587 30.832203 30.294983 30.204666 29.845821 29.633455 29.614109 29.717545 29.906929 30.108849 29.633793 30.192858 30.49233 30.381418 30.176327 29.875446 29.763315 29.883793 29.878136 29.884718 29.825665 29.72215 29.65577 30.014545 30.004656 29.886131 30.086214 30.1434 29.838034 29.878113 29.685308 29.509933 29.451925 29.404894 29.272589 29.210669 29.004635 28.733198 28.477262 28.781599 29.02396 29.050772 29.224888 29.159143 28.667068 28.836504 28.747887 28.487192 28.22348
31.487587 31.402342 31.356314 31.330412 31.461746 31.359577 31.696674 32.37078 -32767.0 -32767.0 31.888657 31.632982 31.527435 31.464352 30.212658 30.124393 30.122158 30.031412 30.13711 30.070704 30.120874 30.024473 29.895668 29.904726 30.324335 30.146017 30.013437 29.8993 29.901638 29.933973 29.928362 29.824245 29.75299 29.684187 29.88568 30.084785 30.039566 29.970947 30.231325 30.099861 29.602053 29.197063 29.099752 29.280394 29.128162 29.093777 29.006413 28.653244 28.694065 28.424576 28.20721 28.617573 29.110294 29.313768 28.736338 29.073624 -32767.0 28.626995 28.392494 28.006155 28.079731
31.355787 31.248276 31.308277 31.337189 31.481607 31.534994 31.64015 32.00563 32.352856 32.20726 31.609875 31.524698 31.597927 31.308374 31.027542 30.676044 30.46675 30.488123 30.614338 30.55705 30.611866 30.616938 30.329016 30.083643 30.097994 30.064201 30.085587 30.012562 30.071169 30.095598 29.957478 29.825832 29.823439 29.812008 29.728922 29.712374 29.679173 29.659721 29.584444 29.417515 29.216803 29.067095 29.009838 28.64314 28.518688 28.798203 29.026789 28.740648 28.632929 28.138502 28.50106 28.789736 28.779434 29.197523 28.349443 28.391453 28.314703 28.361387 27.999683 27.934877 28.454077
30.996101 30.918129 31.037975 31.270428 31.466242 31.766088 31.902905 32.206974 32.293736 -32767.0 -32767.0 -32767.0 31.653633 31.376005 31.044664 30.811401 30.796022 31.03571 31.072824 30.988342 30.965153 30.979452 30.646202 30.318668 30.288778 30.180956 30.115019 30.063791 30.145363 29.992245 30.014454 29.97674 29.86165 29.686232 29.549969 29.463947 29.460121 29.460756 29.417809 29.340796 29.208908 29.079922 29.019478 28.68694 28.389338 28.624088 28.796534 28.792938 28.764946 28.710886 28.2091 28.841629 29.34401 29.29602 28.491009 28.413286 28.10541 27.904963 27.794355 28.334732 28.667429
