static/data/thetao/2023/7/31/18.asc
ncols 137
nrows 93
xllcorner 108.0
yllcorner 17.0
cellsize 0.25
NODATA_value -32767
[rows 54 to 80 of 93, columns 61 to 121 of 137]
28.85656 28.900501 28.797821 28.659784 28.68411 28.818283 28.732386 28.771175 28.906858 28.932417 28.981394 29.134691 29.13027 29.173193 29.059479 29.25538 29.161783 29.120552 29.079496 29.21471 28.771511 28.742128 28.78948 28.98598 28.760786 28.40823 28.108646 27.955103 27.827574 27.823086 27.94099 28.048168 28.239216 28.186228 28.040258 28.25301 28.282572 28.016315 27.849352 27.657438 27.520079 27.31797 27.362719 27.7122 28.09242 28.236263 28.429537 28.684433 28.784739 28.678926 28.73847 28.046207 27.949974 28.143167 28.233763 28.56124 28.390781 28.627275 28.854387 28.923489 28.478645
28.154255 28.155817 28.123903 28.123129 28.299517 28.397083 28.57313 28.770128 28.975998 29.14172 29.257267 29.09198 29.13492 29.203571 29.105791 29.205927 29.045961 29.26472 -32767.0 28.856985 29.219828 29.347124 29.358015 29.25187 28.879887 28.438852 28.094923 27.97673 28.035505 28.084793 28.244522 28.376362 28.217903 27.999598 28.127645 28.011671 27.744858 27.714334 27.67042 27.664297 27.509071 27.288567 27.209818 27.583252 28.093393 28.324364 28.34944 28.598183 28.896929 28.782648 28.588964 28.556494 27.952637 28.098225 28.291441 28.381142 28.362425 28.73315 28.997293 29.104471 28.655949
29.020725 28.863071 28.732714 28.771118 28.93275 28.97808 29.015646 29.276222 29.33042 29.230375 29.100727 29.094809 29.153519 29.17833 29.18193 29.176138 29.263508 29.338789 29.339935 29.275625 29.302813 29.460026 29.379524 29.326216 29.156158 28.474743 28.160458 28.037094 28.0401 28.225098 28.402512 28.23753 28.034674 28.006819 27.806206 27.618841 27.67285 27.68529 27.706963 27.743534 27.7058 27.444342 27.2738 27.477407 28.068113 28.484072 28.68726 28.624983 28.776155 28.751438 28.66789 28.738174 28.109104 28.023205 28.376804 28.401604 28.451223 28.933704 28.929962 29.028233 29.19601
29.12219 29.131304 29.10044 28.997461 28.769535 29.164124 29.219116 29.250431 29.235104 29.31044 29.062735 28.987572 29.155218 29.174673 29.2035 29.135492 29.218552 29.26231 29.294477 29.229305 29.106585 29.344389 29.23919 29.06418 29.161707 28.56274 28.263655 27.992992 27.97615 28.157131 28.235847 27.928038 27.814518 27.60775 27.330524 27.524445 27.563263 27.631325 27.709171 27.779095 27.708557 27.510567 27.325684 27.509598 28.012245 28.445168 28.720129 28.757362 28.665617 28.698717 29.007635 28.713951 28.14462 28.111624 28.35399 28.379852 28.771957 28.93356 28.838064 29.35785 29.692986
28.985708 28.820992 28.928352 28.809444 29.012749 29.176476 29.075264 29.460817 29.376284 29.224201 29.060165 28.937473 29.128473 29.204346 29.130804 29.1779 29.169083 29.202974 29.226795 29.057339 29.174376 29.29139 29.051458 28.88591 28.925793 28.661789 28.311491 28.021208 27.909994 28.007275 28.025303 27.691792 27.64251 27.26851 27.163513 27.310064 27.326506 27.472113 27.589539 27.706085 27.739847 27.604324 27.392456 27.487703 27.928389 28.383236 28.63797 28.791212 28.698324 28.545773 29.022614 28.982393 28.483932 28.147377 28.297909 28.452644 29.091803 28.829876 29.040695 29.654913 29.813023
28.81281 29.02353 29.112404 29.132957 29.214184 29.35836 29.257208 29.508236 29.362617 29.05306 29.094204 28.959812 28.985611 29.139057 29.19454 29.191101 29.222242 29.258402 29.022728 29.300028 29.288935 29.072056 28.858486 28.869162 28.509954 28.725391 28.399979 28.01551 28.005016 27.837706 27.90144 27.488491 27.332762 27.109905 26.92489 27.085012 27.259369 27.368692 27.409014 27.485107 27.583078 27.684366 27.734716 27.693686 27.884825 28.267948 28.541792 28.546988 28.722292 28.682854 28.62319 28.74934 28.96433 29.024614 29.013695 29.172863 28.941132 28.865082 29.661327 29.843702 29.772871
28.857725 29.183865 29.25004 29.2787 29.242384 29.291584 29.500086 29.504702 29.485222 29.051556 29.185543 28.95512 29.00188 29.130733 29.137417 29.137222 29.060804 29.11687 29.372517 29.286736 29.160967 29.024738 28.793983 28.43534 28.477034 28.706062 28.37715 27.921608 28.016489 27.711777 27.668951 27.35102 27.110186 27.009369 26.674162 26.679522 26.869951 26.985126 27.053568 27.243526 27.318024 27.543285 27.690483 27.89658 28.083878 28.321722 28.547548 28.574938 28.513819 28.734911 28.81869 28.812912 28.905252 29.046926 29.126762 28.966589 28.927757 29.620176 29.81562 29.700111 29.674006
28.966173 29.337175 29.417332 29.485113 29.292318 29.242691 29.42272 29.564152 29.775858 29.165468 29.21916 29.011705 28.737621 28.893538 29.06362 29.007795 29.217337 29.305048 29.284891 29.23935 29.008177 28.670315 28.374374 28.49479 28.60411 28.610504 28.257845 27.745308 27.735207 27.498592 27.325699 27.252424 26.997906 26.812132 26.70824 26.568487 26.569153 26.729923 26.969461 27.118952 27.282145 27.568596 27.905159 28.208302 28.335827 28.480215 28.662916 28.695978 28.47592 28.562696 28.662945 28.803844 28.883062 29.05918 29.121595 29.062033 29.44172 29.673508 29.61117 29.633429 29.523882
29.105299 29.302504 29.433428 29.488516 29.459795 29.420757 29.534784 29.608797 29.44627 29.313816 29.157139 29.01829 28.848362 28.702194 28.979973 29.30128 29.290588 29.2849 29.303673 29.103867 28.7049 28.438875 28.608137 28.46674 28.382816 28.50289 28.275887 27.62806 27.457922 27.29811 27.168003 26.976332 26.77795 26.683475 26.679054 26.745384 26.772882 26.913574 27.04781 27.220589 27.583582 28.062197 28.315866 28.308346 28.224297 28.20984 28.531233 28.763184 28.5081 28.506365 28.580439 28.795504 28.883087 29.057743 29.260834 29.295712 29.406803 29.463013 29.51535 29.60081 29.551405
29.461653 29.32163 29.565407 29.573053 29.561062 29.700567 29.714367 29.640842 29.479664 29.331078 29.14839 29.04422 28.96152 28.78888 29.306135 29.369604 29.27676 29.2875 29.103333 28.814768 28.554916 28.700441 28.59229 28.53289 28.524384 28.469511 28.325098 28.251257 28.193218 27.909191 27.294556 26.806307 26.732037 26.818216 26.838924 26.900625 27.023542 27.295254 27.641989 28.067183 28.33621 28.3523 28.358566 28.321892 28.271078 27.876192 28.222755 28.713089 28.384344 28.391706 28.56822 28.850033 28.864407 29.05021 29.168041 29.282436 29.414036 29.42824 29.537342 29.648912 29.643608
29.418673 29.70466 29.76184 29.744875 29.633705 29.559322 29.544474 29.431396 29.369547 29.296867 29.185816 29.065756 28.852842 29.010057 29.414495 29.339436 29.21416 28.918442 28.775051 28.707218 28.708748 28.581047 28.572908 28.561876 28.486633 28.336985 28.226221 28.265572 28.289171 28.2749 28.284407 27.96595 27.67934 27.549925 27.514551 27.544775 27.625544 27.785036 28.035063 28.292177 28.37478 28.380812 28.395847 28.367115 28.325539 28.178589 28.076263 28.631916 28.191483 28.437248 28.56732 28.888878 28.905975 29.083605 29.257416 29.248129 29.362328 29.340796 29.148792 29.104916 29.239033
29.523458 29.520884 29.400585 29.237944 29.152386 29.226398 29.452713 29.475273 29.314798 29.210066 29.176281 29.071182 28.714106 29.18082 29.425627 29.098227 28.928003 28.781569 28.868488 28.740444 28.65077 28.57717 28.585379 28.629072 28.714827 28.71918 28.460184 28.273516 28.241362 28.239393 28.336687 28.094872 27.954266 27.778078 27.607954 27.428934 27.627794 27.823786 28.009895 28.161211 28.234081 28.419115 28.501652 28.45382 28.36288 28.439863 28.099802 28.450861 28.059927 28.419245 28.609016 28.913961 28.980461 29.005304 29.27085 29.077185 28.962954 28.8821 29.095028 29.204792 29.279913
29.348625 29.348923 29.372269 29.380842 29.171227 29.11498 29.307793 29.45886 29.319883 29.218616 29.121405 28.86134 28.781754 29.2542 29.363976 28.936676 28.948433 29.057693 28.829142 28.626986 28.575428 28.525824 28.491507 28.385212 28.282644 28.4432 28.761703 28.660892 28.413519 28.600554 28.671679 28.384638 28.094011 27.862347 27.531801 27.225233 27.406275 27.704304 27.900002 28.037127 28.168945 28.463297 28.460663 28.56508 28.528292 28.582365 28.563099 28.25348 28.257854 28.42756 28.593323 28.855045 28.872057 29.10241 29.006075 28.769531 28.719893 28.935677 28.996443 29.116364 29.074783
29.325142 29.301287 29.338823 29.393105 29.244696 28.91599 29.234179 29.406992 29.296328 29.153381 29.014513 28.630062 28.914019 29.284035 29.187057 28.972837 29.05874 28.830364 28.753664 28.68553 28.559326 28.54771 28.519772 28.54962 28.37039 28.135355 28.224901 28.685198 28.549953 28.43411 28.505226 28.437637 28.17292 27.95548 27.607145 27.210587 27.371746 27.661842 27.80194 28.025497 28.08102 28.26764 28.554031 28.578884 28.667667 28.748484 28.792624 28.57918 28.382637 28.498892 28.575174 28.755566 28.758028 29.12401 28.801172 28.681112 28.639198 28.751322 28.884039 28.933695 28.900198
29.507324 29.53862 29.464252 29.311146 29.0501 29.028198 29.527388 29.391611 29.268585 29.032461 28.669697 28.796112 29.098396 29.266706 29.172977 29.072573 28.935844 28.868134 28.811853 28.77563 28.6705 28.578646 28.656551 28.624477 28.5378 28.332325 28.03041 28.130445 28.577131 28.431782 28.461103 28.491734 28.142303 27.84464 27.627289 27.347729 27.192879 27.528288 27.834623 28.05391 28.001762 28.053892 28.61482 28.610415 28.735128 28.844387 29.098356 29.044567 28.728025 28.70323 28.620543 28.653528 28.842655 28.899292 28.779799 28.620045 28.613785 28.70018 28.873611 28.79191 29.006653
29.6491 29.55728 29.405125 29.253035 29.054827 29.566875 29.562054 29.365833 29.192648 28.792995 28.769852 28.950752 29.201305 29.217602 29.102036 28.957558 28.852556 28.701113 28.637442 28.587038 28.538464 28.565517 28.598791 28.59654 28.6189 28.45913 28.178898 27.996094 28.183977 28.48502 28.438421 28.275066 27.958939 27.64185 27.455658 27.353458 27.291992 27.520866 27.530891 27.50636 27.28074 27.84616 28.599922 28.618694 28.732817 28.983723 29.114765 29.26488 29.127151 28.915483 28.660618 28.571661 28.822979 28.789242 28.78713 28.851122 28.676956 28.752884 28.732712 28.919735 28.941095
29.545273 29.59029 29.189241 29.055056 28.97101 29.709063 29.507086 29.327322 29.062126 28.66559 28.866703 29.119066 29.203114 29.092747 29.00586 28.886747 28.706808 28.626165 28.594366 28.571177 28.516195 28.477915 28.488903 28.445518 28.62573 28.600756 28.268925 28.007208 27.966019 28.288944 28.19359 28.19217 27.82419 27.602886 27.441267 27.243135 27.219336 27.304333 26.951508 26.955416 27.05835 27.843163 28.505795 28.571527 28.688618 29.003643 29.116865 29.2493 29.27144 29.074236 28.645023 28.53745 28.768465 28.783916 28.790157 28.884695 28.800243 28.596836 28.758877 28.918142 28.922194
29.557562 29.440575 29.00051 28.946686 29.193281 29.671751 29.490221 29.240229 28.889526 28.677788 28.898014 29.130896 29.137056 29.002895 28.937658 28.784801 28.64399 28.631025 28.66254 28.576551 28.539835 28.480892 28.428947 28.325756 28.409683 28.731054 28.584297 28.194386 28.138378 28.127811 28.129047 28.0269 27.658907 27.646732 27.371855 27.20315 27.10229 26.885202 26.6049 26.621223 26.967731 27.966187 28.37678 28.461323 28.614134 29.015207 29.075823 29.246906 29.18796 28.883026 28.59817 28.493206 28.598331 28.905895 28.611044 28.569006 28.558243 28.54368 28.80036 28.8491 28.872019
28.935604 28.897465 28.92405 28.922146 29.242155 29.615955 29.414267 29.196972 28.804993 28.700012 28.884577 29.055359 29.087868 28.974302 28.871603 28.76822 28.672958 28.668146 28.656763 28.586294 28.571398 28.483614 28.429043 28.399933 28.326433 28.573019 28.861996 28.496492 28.274569 28.31017 28.355728 28.109716 27.878483 27.803535 27.479301 27.366434 27.335394 27.135866 26.731474 26.755566 27.306593 28.080473 28.370653 28.29843 28.53049 28.939135 29.028131 29.12755 28.858768 28.371756 28.492567 28.389574 28.22601 28.6992 28.90015 28.7418 28.605467 28.59545 28.725342 28.861084 29.041311
28.833675 28.821754 28.896383 28.934542 29.174028 29.55536 29.41187 29.165426 28.757156 28.71016 28.833534 28.963207 29.03642 28.914745 28.844604 28.780449 28.734594 28.7012 28.69362 28.652348 28.603792 28.635506 28.627583 28.564795 28.481596 28.575977 28.869194 28.961563 28.47486 28.438074 28.508446 28.501245 28.297386 28.033695 27.823372 27.627068 27.522045 27.29559 26.903078 26.976076 27.625599 28.184761 28.380714 28.140358 28.398645 28.903885 28.976799 28.879454 28.512108 28.54287 28.418968 28.290146 28.017622 28.596092 28.825455 28.749311 28.76359 28.866085 29.006727 29.111086 29.194996
28.759314 28.704693 28.700699 28.871466 29.061047 29.44162 29.418272 29.139814 28.664902 28.656183 28.839382 28.941563 28.946833 28.93539 28.881384 28.795256 28.685549 28.638277 28.73541 28.90307 29.006927 29.017998 29.010082 28.994204 28.982105 29.008654 29.101627 29.09138 28.7558 28.624058 28.43913 28.453226 28.454063 28.352497 28.160515 27.966099 27.694098 27.492128 27.220106 27.345753 27.97129 28.238972 28.408113 27.945011 28.20325 28.841421 28.930788 28.872585 28.82869 28.734343 28.424734 28.116718 28.191349 28.661934 28.800009 28.915966 29.040281 29.069147 29.046366 29.056633 29.10668
28.566687 28.653347 28.612587 28.628897 28.973272 29.17568 29.385986 29.127422 28.584255 28.554882 28.558369 28.620733 28.6962 28.756817 28.824135 28.900023 28.96368 28.964958 29.067179 29.073238 28.934046 28.879936 28.87991 28.915413 28.93411 28.909046 28.887352 29.037697 28.897373 28.702047 28.399473 28.636545 28.68608 28.648909 28.412191 28.00289 27.792599 27.532618 27.418194 27.642889 28.1097 28.344618 28.399586 27.900705 27.963835 28.695356 28.892948 28.899652 28.921446 28.555939 27.994352 28.161867 28.64657 28.921192 29.010012 28.928371 28.916761 29.02932 29.161432 29.23595 29.19826
28.444551 28.597345 28.65352 28.690622 28.638935 28.993708 29.353033 29.103403 28.562874 28.59421 29.011717 29.01049 28.976572 28.96521 29.021637 29.152248 29.228409 29.234722 28.923954 28.881302 28.902884 28.896118 28.87046 28.940386 29.025206 28.952232 28.816795 28.990595 28.950975 28.704458 28.36414 28.717768 28.82036 28.730848 28.596565 28.192709 27.886766 27.68901 27.493992 27.804525 28.116587 28.257042 28.15137 27.990452 27.80352 28.323305 28.526215 28.558903 28.326866 27.936064 28.308529 28.715622 28.965712 28.751951 28.872652 29.083445 29.202662 29.270334 29.329283 29.33129 29.365694
28.265455 28.681023 28.807255 28.836182 28.80536 28.9098 29.336596 29.039349 28.515358 29.023317 29.05191 28.992992 29.138943 29.248585 29.336988 29.326736 29.196651 29.067324 28.947325 28.947159 28.941853 29.014784 29.035133 29.04687 29.103556 29.21802 29.126259 29.025156 29.049034 28.852201 28.743517 28.90917 28.893732 28.770422 28.646538 28.268147 27.942383 27.729784 27.54768 27.84507 28.148993 28.201069 27.69322 27.82851 27.951359 27.86714 28.071012 28.144726 28.19674 28.332127 28.83077 28.855104 28.714973 28.913176 29.060879 29.190119 29.27512 29.325361 29.389399 29.434702 29.45165
28.433107 28.864494 29.004541 29.02663 29.020859 29.128727 29.327183 28.926273 28.72181 29.07356 29.040613 28.990683 29.356516 29.40211 29.437067 29.359018 29.276442 29.017656 28.951834 28.960407 28.993612 29.029526 29.042213 29.059622 29.114305 29.221506 29.361696 29.211142 29.159912 29.091139 29.032682 29.069988 28.93161 28.828125 28.609434 28.391243 28.133623 27.891684 27.712324 27.910267 28.273973 28.234262 28.009113 28.022894 28.110989 28.026672 27.910501 28.053095 28.276535 28.806652 28.82617 28.640528 28.767683 28.939034 29.100407 29.162542 29.255545 29.394894 29.469599 29.487 29.50946
28.661745 28.947681 29.133028 29.133148 29.218819 29.274345 29.265562 28.838394 28.71465 29.068293 28.950258 28.90034 29.339527 29.494825 29.480812 29.431469 28.983303 28.957312 28.987116 29.027805 29.12697 29.22633 29.266727 29.248066 29.185173 29.149162 29.230083 29.368927 29.332457 29.224895 29.176273 29.135035 28.980728 28.816452 28.616962 28.546879 28.249346 27.887001 27.717081 27.910875 28.374743 28.298346 28.288694 28.272476 28.390385 28.381508 28.30773 28.438368 28.702824 28.876577 28.59052 28.544088 28.557102 28.810507 29.085308 29.158058 29.23786 29.469416 29.587307 29.5567 29.565346
28.707806 28.90437 29.163462 29.183908 29.326193 29.297989 29.201647 28.958483 29.075241 29.055475 28.92151 28.807577 29.217545 29.522636 29.510773 29.168957 29.02921 29.003742 29.033281 29.050665 29.094824 29.110493 29.121595 29.105534 29.080479 29.10204 29.138514 29.189243 29.27885 29.295727 29.238026 29.121653 29.014786 28.944178 28.829979 28.648228 27.924784 27.561657 27.61419 28.042349 28.447153 28.369259 28.441809 28.44361 28.500334 28.502888 28.5191 28.615767 28.876541 28.649225 28.278748 28.208557 28.217726 28.496393 28.909552 29.092949 29.233942 29.356474 29.60757 29.618532 29.641527
