static/data/thetao/2023/7/31/6.asc
ncols 137
nrows 93
xllcorner 108.0
yllcorner 17.0
cellsize 0.25
NODATA_value -32767
[rows 54 to 80 of 93, columns 0 to 60 of 137]
-32767.0 -32767.0 -32767.0 -32767.0 -32767.0 -32767.0 -32767.0 -32767.0 -32767.0 -32767.0 -32767.0 -32767.0 -32767.0 -32767.0 -32767.0 -32767.0 -32767.0 -32767.0 -32767.0 -32767.0 -32767.0 -32767.0 -32767.0 -32767.0 -32767.0 -32767.0 -32767.0 -32767.0 -32767.0 -32767.0 -32767.0 -32767.0 -32767.0 -32767.0 -32767.0 -32767.0 -32767.0 -32767.0 -32767.0 -32767.0 -32767.0 -32767.0 -32767.0 -32767.0 -32767.0 -32767.0 -32767.0 -32767.0 25.994825 26.098732 27.318626 27.433203 28.454899 28.215782 28.647717 29.392847 29.77282 29.943663 29.88821 29.509562 28.944061
-32767.0 -32767.0 -32767.0 -32767.0 -32767.0 -32767.0 -32767.0 -32767.0 -32767.0 -32767.0 -32767.0 -32767.0 -32767.0 -32767.0 -32767.0 -32767.0 -32767.0 -32767.0 -32767.0 -32767.0 -32767.0 -32767.0 -32767.0 -32767.0 -32767.0 -32767.0 -32767.0 -32767.0 -32767.0 -32767.0 -32767.0 -32767.0 -32767.0 -32767.0 -32767.0 -32767.0 -32767.0 -32767.0 -32767.0 -32767.0 -32767.0 -32767.0 -32767.0 -32767.0 -32767.0 -32767.0 -32767.0 28.939947 -32767.0 27.184042 27.594194 28.86924 28.71877 28.231506 28.60006 29.066715 28.980284 29.337116 28.576284 28.524822 28.625732
-32767.0 -32767.0 -32767.0 -32767.0 -32767.0 -32767.0 -32767.0 -32767.0 -32767.0 -32767.0 -32767.0 -32767.0 -32767.0 -32767.0 -32767.0 -32767.0 -32767.0 -32767.0 -32767.0 -32767.0 -32767.0 -32767.0 -32767.0 -32767.0 -32767.0 -32767.0 -32767.0 -32767.0 -32767.0 -32767.0 -32767.0 -32767.0 -32767.0 -32767.0 -32767.0 -32767.0 -32767.0 -32767.0 -32767.0 -32767.0 -32767.0 -32767.0 -32767.0 -32767.0 -32767.0 -32767.0 -32767.0 29.156769 26.760197 27.187702 27.774979 29.079065 28.759846 28.848112 29.572021 29.281883 28.177544 28.829071 29.168747 29.157253 29.319632
-32767.0 -32767.0 -32767.0 -32767.0 -32767.0 -32767.0 -32767.0 -32767.0 -32767.0 -32767.0 -32767.0 -32767.0 -32767.0 -32767.0 -32767.0 -32767.0 -32767.0 -32767.0 -32767.0 -32767.0 -32767.0 -32767.0 -32767.0 -32767.0 -32767.0 -32767.0 -32767.0 -32767.0 -32767.0 -32767.0 -32767.0 -32767.0 -32767.0 -32767.0 -32767.0 -32767.0 -32767.0 -32767.0 -32767.0 -32767.0 -32767.0 -32767.0 -32767.0 -32767.0 -32767.0 -32767.0 -32767.0 27.54202 26.561272 27.009594 27.42288 27.883139 28.16912 29.226215 30.027819 29.678453 28.644426 29.02109 29.528265 29.444557 29.386187
-32767.0 -32767.0 -32767.0 -32767.0 -32767.0 -32767.0 -32767.0 -32767.0 -32767.0 -32767.0 -32767.0 -32767.0 -32767.0 -32767.0 -32767.0 -32767.0 -32767.0 -32767.0 -32767.0 -32767.0 -32767.0 -32767.0 -32767.0 -32767.0 -32767.0 -32767.0 -32767.0 -32767.0 -32767.0 -32767.0 -32767.0 -32767.0 -32767.0 -32767.0 -32767.0 -32767.0 -32767.0 -32767.0 -32767.0 -32767.0 -32767.0 -32767.0 -32767.0 -32767.0 -32767.0 30.260614 -32767.0 28.132706 26.953382 27.070686 27.190756 27.461473 28.554298 29.057487 29.400867 29.99135 28.445728 29.691015 29.913658 29.901781 29.320023
-32767.0 -32767.0 -32767.0 -32767.0 -32767.0 -32767.0 -32767.0 -32767.0 -32767.0 -32767.0 -32767.0 -32767.0 -32767.0 -32767.0 -32767.0 -32767.0 -32767.0 -32767.0 -32767.0 -32767.0 -32767.0 -32767.0 -32767.0 -32767.0 -32767.0 -32767.0 -32767.0 -32767.0 -32767.0 -32767.0 -32767.0 -32767.0 -32767.0 -32767.0 -32767.0 -32767.0 -32767.0 -32767.0 -32767.0 -32767.0 -32767.0 -32767.0 -32767.0 -32767.0 -32767.0 -32767.0 28.070766 27.09919 27.07372 26.997606 26.934376 27.13438 30.080326 29.930344 30.030779 30.181667 29.51225 29.274126 29.835072 29.764538 29.354883
-32767.0 -32767.0 -32767.0 -32767.0 -32767.0 -32767.0 -32767.0 -32767.0 -32767.0 -32767.0 -32767.0 -32767.0 -32767.0 -32767.0 -32767.0 -32767.0 -32767.0 -32767.0 -32767.0 -32767.0 -32767.0 -32767.0 -32767.0 -32767.0 -32767.0 -32767.0 -32767.0 -32767.0 -32767.0 -32767.0 -32767.0 -32767.0 -32767.0 -32767.0 -32767.0 -32767.0 -32767.0 -32767.0 -32767.0 -32767.0 -32767.0 -32767.0 -32767.0 -32767.0 27.972319 27.251131 26.97262 27.485075 27.516836 27.012722 27.479591 30.069237 -32767.0 -32767.0 -32767.0 -32767.0 29.906874 30.105995 29.562996 29.522387 29.38696
-32767.0 -32767.0 -32767.0 -32767.0 -32767.0 -32767.0 -32767.0 -32767.0 -32767.0 -32767.0 -32767.0 -32767.0 -32767.0 -32767.0 -32767.0 -32767.0 -32767.0 -32767.0 -32767.0 -32767.0 -32767.0 -32767.0 -32767.0 -32767.0 -32767.0 -32767.0 -32767.0 -32767.0 -32767.0 -32767.0 -32767.0 -32767.0 -32767.0 -32767.0 -32767.0 -32767.0 -32767.0 -32767.0 -32767.0 -32767.0 -32767.0 -32767.0 -32767.0 27.59425 27.174994 27.606554 27.801197 28.006912 27.964113 27.489084 27.722477 30.45097 -32767.0 -32767.0 -32767.0 -32767.0 29.95177 29.531445 29.647564 29.408829 29.39403
-32767.0 -32767.0 -32767.0 -32767.0 -32767.0 -32767.0 -32767.0 -32767.0 -32767.0 -32767.0 -32767.0 -32767.0 -32767.0 -32767.0 -32767.0 -32767.0 -32767.0 -32767.0 -32767.0 -32767.0 -32767.0 -32767.0 -32767.0 -32767.0 -32767.0 -32767.0 -32767.0 -32767.0 -32767.0 -32767.0 -32767.0 -32767.0 -32767.0 -32767.0 -32767.0 -32767.0 -32767.0 -32767.0 -32767.0 -32767.0 -32767.0 29.896467 29.531855 27.593065 27.781263 27.912304 28.189453 28.138369 28.12451 28.58284 29.879591 -32767.0 -32767.0 -32767.0 -32767.0 -32767.0 29.427782 29.535639 29.479683 29.397703 29.429268
-32767.0 -32767.0 -32767.0 -32767.0 -32767.0 -32767.0 -32767.0 -32767.0 -32767.0 -32767.0 -32767.0 -32767.0 -32767.0 -32767.0 -32767.0 -32767.0 -32767.0 -32767.0 -32767.0 -32767.0 -32767.0 -32767.0 -32767.0 -32767.0 -32767.0 -32767.0 -32767.0 -32767.0 -32767.0 -32767.0 -32767.0 -32767.0 -32767.0 -32767.0 -32767.0 -32767.0 -32767.0 -32767.0 -32767.0 -32767.0 -32767.0 28.676138 27.6126 27.90939 27.862156 28.283459 28.655098 29.011957 29.328709 28.692205 30.624 -32767.0 -32767.0 -32767.0 -32767.0 29.589087 29.471977 29.53434 29.360092 29.515898 29.65768
-32767.0 -32767.0 -32767.0 -32767.0 -32767.0 -32767.0 -32767.0 -32767.0 -32767.0 -32767.0 -32767.0 -32767.0 -32767.0 -32767.0 -32767.0 -32767.0 -32767.0 -32767.0 -32767.0 -32767.0 -32767.0 -32767.0 -32767.0 -32767.0 -32767.0 -32767.0 -32767.0 -32767.0 -32767.0 -32767.0 -32767.0 -32767.0 -32767.0 -32767.0 -32767.0 -32767.0 -32767.0 -32767.0 -32767.0 28.864937 28.334936 27.768688 27.53804 27.820772 27.76674 28.616442 28.839579 29.304314 29.4762 29.632387 -32767.0 -32767.0 -32767.0 -32767.0 -32767.0 29.718052 29.545155 29.309774 29.332582 29.542166 29.795313
-32767.0 -32767.0 -32767.0 -32767.0 -32767.0 -32767.0 -32767.0 -32767.0 -32767.0 -32767.0 -32767.0 -32767.0 -32767.0 -32767.0 -32767.0 -32767.0 -32767.0 -32767.0 -32767.0 -32767.0 -32767.0 -32767.0 -32767.0 -32767.0 -32767.0 -32767.0 -32767.0 -32767.0 -32767.0 -32767.0 -32767.0 -32767.0 -32767.0 -32767.0 -32767.0 -32767.0 -32767.0 -32767.0 27.540306 26.912567 27.254566 27.234835 26.9045 27.602758 28.719345 28.879402 28.69633 29.488167 30.025846 30.641554 -32767.0 -32767.0 -32767.0 -32767.0 -32767.0 29.71823 29.446417 29.473211 29.439672 29.711725 29.448488
-32767.0 -32767.0 -32767.0 -32767.0 -32767.0 -32767.0 -32767.0 -32767.0 -32767.0 -32767.0 -32767.0 -32767.0 -32767.0 -32767.0 -32767.0 -32767.0 -32767.0 -32767.0 -32767.0 -32767.0 -32767.0 -32767.0 -32767.0 -32767.0 -32767.0 -32767.0 -32767.0 -32767.0 -32767.0 -32767.0 -32767.0 -32767.0 -32767.0 -32767.0 -32767.0 -32767.0 27.514675 27.340221 26.710785 27.36263 27.713049 27.882168 28.549221 29.820866 29.545603 28.673933 -32767.0 29.28044 29.979475 -32767.0 -32767.0 -32767.0 -32767.0 -32767.0 29.929052 29.847353 29.719288 29.67791 29.528889 29.823616 29.556551
-32767.0 -32767.0 -32767.0 -32767.0 -32767.0 -32767.0 -32767.0 -32767.0 -32767.0 -32767.0 -32767.0 -32767.0 -32767.0 -32767.0 -32767.0 -32767.0 -32767.0 -32767.0 -32767.0 -32767.0 -32767.0 -32767.0 -32767.0 -32767.0 -32767.0 -32767.0 -32767.0 -32767.0 -32767.0 -32767.0 -32767.0 -32767.0 -32767.0 -32767.0 -32767.0 26.65658 25.394476 28.945005 29.473137 29.520119 29.101753 28.638464 28.961794 28.80612 29.597055 28.87757 -32767.0 29.048874 29.801008 -32767.0 -32767.0 -32767.0 -32767.0 -32767.0 30.348965 29.795486 30.117859 29.75812 29.723452 29.883514 29.569487
-32767.0 -32767.0 -32767.0 -32767.0 -32767.0 -32767.0 -32767.0 -32767.0 -32767.0 -32767.0 -32767.0 -32767.0 -32767.0 -32767.0 -32767.0 -32767.0 -32767.0 -32767.0 -32767.0 -32767.0 -32767.0 -32767.0 -32767.0 -32767.0 -32767.0 -32767.0 -32767.0 -32767.0 -32767.0 -32767.0 -32767.0 -32767.0 -32767.0 -32767.0 -32767.0 28.180664 28.888199 29.711246 29.530075 29.008749 28.671185 29.20553 28.746023 26.818691 27.570631 28.617249 28.867523 29.550673 29.902407 -32767.0 -32767.0 -32767.0 -32767.0 -32767.0 30.474846 29.802206 30.299223 29.771202 29.837769 29.968136 29.839685
-32767.0 -32767.0 -32767.0 -32767.0 -32767.0 -32767.0 -32767.0 -32767.0 -32767.0 -32767.0 -32767.0 -32767.0 -32767.0 -32767.0 -32767.0 -32767.0 -32767.0 -32767.0 -32767.0 -32767.0 -32767.0 -32767.0 -32767.0 -32767.0 -32767.0 -32767.0 -32767.0 31.817549 -32767.0 30.146248 -32767.0 28.823212 28.691456 28.723543 28.988995 29.34436 29.745203 29.795761 29.63452 28.676594 29.28823 28.727842 29.037437 29.068336 28.968447 29.066217 29.525652 29.661964 29.984182 -32767.0 -32767.0 -32767.0 -32767.0 30.132805 29.89116 29.77349 30.093044 29.969463 29.909517 30.119286 30.010025
-32767.0 -32767.0 -32767.0 -32767.0 -32767.0 -32767.0 -32767.0 -32767.0 -32767.0 -32767.0 -32767.0 -32767.0 -32767.0 -32767.0 -32767.0 -32767.0 -32767.0 -32767.0 -32767.0 -32767.0 -32767.0 -32767.0 -32767.0 32.666378 -32767.0 -32767.0 28.18629 28.258257 28.722116 28.838999 29.072138 29.338928 29.689678 29.796324 29.73527 29.705496 29.850296 29.772247 29.505758 28.814644 29.188828 29.018044 29.33168 29.478006 29.593409 29.189194 29.48958 29.414812 29.60366 29.938114 -32767.0 -32767.0 30.113134 30.29339 29.83347 29.866932 29.5157 29.396803 29.434265 29.54057 29.947243
-32767.0 -32767.0 -32767.0 -32767.0 -32767.0 -32767.0 -32767.0 -32767.0 -32767.0 -32767.0 -32767.0 -32767.0 -32767.0 -32767.0 -32767.0 -32767.0 -32767.0 -32767.0 -32767.0 -32767.0 -32767.0 -32767.0 -32767.0 31.76206 32.43273 29.506725 29.610886 30.197086 30.259619 29.997849 29.94791 30.05066 30.020296 29.919691 30.12648 30.015692 29.753473 29.740633 29.812147 29.583952 29.508366 29.427614 29.383213 29.585129 29.567112 29.558512 29.262514 29.265123 29.78451 30.0109 30.249825 -32767.0 30.140232 30.250658 29.68239 29.588655 29.434748 29.317081 29.816303 29.832115 29.976822
-32767.0 -32767.0 -32767.0 -32767.0 -32767.0 -32767.0 -32767.0 -32767.0 -32767.0 -32767.0 -32767.0 -32767.0 -32767.0 -32767.0 -32767.0 -32767.0 -32767.0 -32767.0 -32767.0 -32767.0 33.108006 32.219296 31.646305 30.100431 28.938992 -32767.0 29.475904 30.217348 30.31148 30.261377 30.145506 30.080921 30.022179 30.10208 30.220562 30.21893 30.098993 30.127651 29.96992 29.859371 29.733265 29.768248 29.779396 29.762499 29.739607 29.759285 30.036684 29.859892 30.12594 29.974113 30.03908 -32767.0 29.906324 29.642801 29.120182 29.601095 29.376528 29.739313 29.666475 29.59693 29.605164
-32767.0 -32767.0 32.823074 -32767.0 -32767.0 -32767.0 -32767.0 -32767.0 -32767.0 -32767.0 -32767.0 -32767.0 -32767.0 -32767.0 -32767.0 -32767.0 32.657986 -32767.0 32.642754 31.572033 31.38799 29.427738 29.003849 29.231318 29.85191 30.212408 30.438189 30.49796 30.462261 30.38633 30.331985 30.188059 30.151655 30.173197 30.23279 30.232807 30.051807 30.006393 29.936552 29.830973 29.720068 29.749287 29.756382 29.680624 29.727987 29.90412 30.149248 30.073252 29.577568 29.719812 30.107817 30.008646 29.579592 29.28725 29.263405 29.367691 29.538176 29.773342 29.406439 29.079811 29.050436
-32767.0 32.521572 32.351105 32.208195 32.457767 -32767.0 32.970093 32.786766 -32767.0 -32767.0 -32767.0 -32767.0 -32767.0 32.314434 31.739264 30.746494 30.178596 30.089327 30.613451 30.838902 30.80486 30.543781 30.309797 30.121496 30.295181 30.517986 30.428448 30.33929 30.256132 30.115898 29.988771 29.961008 30.047684 30.068445 30.08885 30.072186 29.891928 29.826036 29.795809 29.838652 29.884586 29.690403 29.627764 29.710054 29.896229 30.096764 29.67151 29.152676 29.160057 29.189981 28.858236 29.060564 29.099472 28.89044 29.127024 29.343203 29.508633 29.624306 29.224356 29.060755 28.991364
31.852251 31.44195 31.474514 31.44973 31.799816 32.13196 32.402195 32.93459 -32767.0 -32767.0 -32767.0 31.864822 31.16427 30.684597 30.196396 29.89168 29.901289 29.883467 30.063402 30.589336 30.56181 30.716599 30.613096 30.403656 30.51468 30.601889 30.43292 30.099089 29.856417 29.98774 30.056578 30.010609 29.919773 29.904478 29.854328 29.855963 29.99598 29.998924 29.990675 29.880098 29.674925 29.386354 29.27222 29.372292 29.294353 29.069773 28.968706 29.061312 29.36592 29.06562 29.000923 28.486116 29.056463 29.453308 29.342442 29.319124 29.423481 29.292458 28.991226 28.976381 28.983597
31.38264 31.485855 31.549467 31.426073 31.356598 31.675232 32.258293 -32767.0 -32767.0 32.442085 -32767.0 31.252964 31.193382 30.784653 30.337248 30.14946 29.91148 29.78736 29.929142 30.20013 30.447136 30.61686 30.625242 30.772963 30.777258 30.592812 30.352373 30.043362 29.871206 30.082834 30.129597 29.954699 29.890036 29.812279 29.706991 29.775902 30.004963 29.952427 29.995598 29.992702 29.56554 29.430164 29.471447 29.363163 29.185694 28.835651 29.030064 29.128862 29.391733 29.053 29.113739 28.921242 29.220327 29.406897 29.486723 29.348808 29.159754 28.839735 28.949438 28.907507 28.779459
31.632269 31.531752 31.518185 31.47938 31.483612 31.450714 32.048546 32.905907 -32767.0 -32767.0 32.55389 32.073177 31.642735 30.843779 30.54401 30.369234 30.074305 29.986162 29.780396 29.933191 30.16702 30.393257 29.967884 30.47342 30.788906 30.635462 30.386621 30.064093 29.975592 30.013287 30.010654 29.979109 29.885891 29.779556 29.664389 29.985664 30.015696 29.90337 30.031307 30.168728 29.888165 29.925356 29.710323 29.534952 29.495247 29.42221 29.262978 29.291862 29.129414 28.828753 28.676563 28.895966 29.059425 29.140192 29.390488 29.259426 28.707197 28.940456 28.90282 28.70561 28.434683
31.508623 31.408962 31.374405 31.38962 31.547993 31.469872 31.727829 32.49225 -32767.0 -32767.0 31.854658 31.637136 31.658178 31.41834 30.443005 30.385235 30.351894 30.2935 30.42044 30.328932 30.323473 30.126537 29.977734 30.119045 30.657194 30.559795 30.301914 30.090229 30.08827 30.061653 30.037706 29.915714 29.79019 29.692856 29.855738 30.083807 30.075247 30.016083 30.267857 30.145048 29.638086 29.208601 29.10506 29.42519 29.214714 29.241302 29.168919 28.838615 28.730385 28.611713 28.19585 28.645304 29.135159 29.419615 28.943764 29.115246 -32767.0 28.776533 28.59851 28.235832 28.20393
31.33713 31.243948 31.339626 31.418547 31.569075 31.611996 31.702627 32.184074 32.43088 32.31889 31.695595 31.58766 31.638031 31.434784 31.055521 30.647873 30.516832 30.61539 30.790318 30.793684 30.870325 30.787851 30.46939 30.196165 30.271467 30.29122 30.25088 30.125216 30.185135 30.299744 30.120794 29.953808 29.903675 29.870289 29.784344 29.746582 29.709093 29.709017 29.682058 29.593573 29.325321 29.213793 29.04719 28.975853 28.709377 28.74787 29.099432 28.911875 28.7758 28.131542 28.365599 28.821043 28.914722 29.311968 28.561056 28.518806 28.410503 28.556894 28.228619 27.979939 28.366142
30.95898 30.928167 31.09063 31.344563 31.541079 31.922115 31.968931 32.24072 32.352283 -32767.0 -32767.0 -32767.0 31.705534 31.580538 31.316935 30.99888 30.93882 31.16652 31.240305 31.14335 31.25385 31.232021 30.797766 30.562746 30.536154 30.403465 30.359123 30.231508 30.284203 30.228445 30.111065 30.06851 29.97087 29.80981 29.637272 29.495947 29.48518 29.566044 29.575893 29.476927 29.305944 29.241018 29.180616 28.841866 28.432428 28.792473 28.85365 28.845987 28.80296 28.7904 28.31223 28.76015 29.386873 29.31148 28.756926 28.506521 28.197918 28.112705 28.00388 28.189167 28.767927
