static/data/seaWind_vo/2023/7/18/12.asc
ncols 137
nrows 93
xllcorner 108.0
yllcorner 17.0
cellsize 0.25
NODATA_value -32767
[rows 38 to 56 of 93, columns 0 to 42 of 137]
0.9859971836987633 0.6888481532357891 0.8196293133497328 1.307167243570421 0.9575278155106939 0.6843998144564034 0.51892161186325 -0.3867601636197069 -0.49618929759259833 -0.2221716287824309 0.169282183803523 0.44418952036956805 0.6390267589066678 0.630130081347896 0.236896933250188 -0.5335553433394393 -1.5869219662980063 -1.3938640632726607 -1.4347887800430104 -1.3609463563052056 -1.0104172604896013 -0.7105992267589958 -0.9250091559253932 -1.2764279194968746 -1.5041828650014297 -1.4605891449634485 -1.2621932354028398 -1.3573876852816968 -1.1652194500122288 -0.6251911221947877 -0.32359375295242776 -0.40633285424900434 -0.7177165688060132 -1.1518744336740712 -1.5940393083450237 -1.812897576290807 -1.6162810022419527 -1.0851493519832833 -0.3947671734226015 0.0020246456986154904 0.06697039187764897 0.24312460754132825 0.3819127774581663
1.0945366499157776 1.1399097054655132 1.2395524941237561 1.1096610017656896 0.5295976249337762 -0.5682523858186488 -1.0068585894660926 -1.0015205829308296 -0.4481472387752312 -0.0647004359921719 -0.04512774536287445 -0.18569525079146665 -0.382311824840321 -0.6670055067210146 -0.9721615469868832 -1.246179215797051 -1.385857053469766 -1.1002737038331953 -0.7275029141206621 -0.22039229327067655 -0.11096315929778466 -0.29156571374084983 -0.7461859369940824 -1.2061441667825785 -1.5157485458278326 -1.3662843628404686 -1.272869248473366 -1.4018710730755553 -1.253296557844068 -0.8502770644317112 -0.6429844773123312 -0.7684276308910118 -1.2283858606795075 -1.9241060457754524 -2.436554673160701 -2.1500816557682536 -1.4650374837428344 -0.651881154871103 -0.07804545233032956 0.19419288096808396 0.364119422340623 0.5892053645775464 0.7991669549645579
0.9166030987403442 0.9343964538578875 0.4744382240693916 -0.19815059937374713 -0.40633285424900434 -0.4766166069633009 -0.7310615851441709 -0.07715578457445238 0.26803530470588877 -0.04156907433936574 -0.2764413618909378 -0.4801752779868096 -0.7461859369940824 -1.0682456646216174 -1.368063698352223 -1.5522249238187968 -1.5095208715366928 -1.2550758933558224 -0.8618427452581146 -0.621632451171279 -0.7880003215203093 -1.0646869935981087 -1.240841209261788 -1.3031179521731895 -1.2915522713467866 -1.4650374837428344 -1.4596994772075713 -1.1927991504444209 -0.6358671352653138 -0.47839594247505524 -0.5308863400718078 -0.763979292111626 -1.5299832299218674 -2.500610751583858 -2.416981982531404 -1.7844282081027374 -1.0326589543865308 -0.41433986405189893 0.0465080334924739 0.20842756506211835 0.3979267970639553 0.6025503809157038 0.6221230715450017
0.9281687795667473 0.2991736761615895 -0.44369889999584533 -0.9250091559253932 -0.4445885677517225 -0.4410298967282138 -0.17590890547681814 0.3481054027348338 0.23422792998255648 -0.24085465165585118 -0.44636790326347686 -0.7577516178204857 -1.1367500818241592 -1.4570304739399398 -1.5575629303540595 -1.7737521950322113 -1.861829302864051 -1.6483090414535306 -1.7203721296795815 -1.8244632571172104 -1.9178783714843122 -1.7239308007030902 -1.697240768026775 -1.145646759382931 -1.051341977259951 -1.0397762964335477 -0.5024169718837386 -0.043348409851120095 0.16394417726825994 0.026935342863176448 -0.07092811028331214 -0.42056753834303917 -1.1269637365095102 -1.7221514651913359 -1.6198396732654614 -1.0780320099362664 -0.7817726472291691 -0.31558674314953317 -0.09494913969199592 -0.1661225601621692 0.00024531018686113626 0.15237849644185708 0.19330321321220678
0.16216484175650558 -0.4677199294045291 -0.816469689708379 -0.9774995535221462 -0.6501018193593486 -0.49529962983672116 -0.23017863858532506 -0.08694212988910133 -0.32003508192891905 -0.5246586657806676 -0.6065080993213674 -0.9196711493901302 -1.2862142648115236 -1.607384324683181 -1.9605824237664167 -2.2879801579292143 -2.376946933516931 -2.42765799560193 -2.58157051736868 -2.771959417126394 -2.766621410591131 -2.5726738398099083 -1.6883440904680032 -0.8920914489579381 -0.5976114217625956 -0.0015340253248932179 0.5376046347366705 0.6995241663063152 0.6763928046535088 0.5651843351688628 0.4344031750549191 0.08387407923931489 -0.42056753834303917 -0.7880003215203093 -0.7630896243557488 -0.9463611820664455 -0.6483224838475943 -0.514872320466019 -0.4312435514135653 -0.5976114217625956 -0.711488894514873 -0.5584660405040003 -0.3102487366142701
-0.6403154740446997 -0.7799933117174151 -1.0442246352129336 -0.8582840742346058 -1.040665964189425 -0.8840844391550435 -0.7835519827409234 -0.651881154871103 -0.816469689708379 -0.6509914871152258 -0.7550826145528542 -1.1669987855239832 -1.513079542560201 -1.8413669444788758 -2.461465370325262 -2.781745762441042 -2.93654795196367 -3.0023833658985803 -3.1224885129419975 -3.315546415967343 -3.2959737253380452 -2.6171572276037662 -1.6838957516886173 -0.7604206210881173 -0.38764983137558406 0.22355191691203036 0.3525537415142197 0.46732088202237443 0.5687430061923715 0.6888481532357891 0.5545083220983369 0.16750284829176865 -0.3413871080699713 -0.621632451171279 -0.5166516559777734 -0.7630896243557488 -0.8734084260845174 -0.7426272659705737 -0.696364542664961 -0.8271457027789046 -0.9516991886017085 -0.9374645045076737 -0.701702549200224
-1.0006309151749524 -1.141198420603545 -1.1500950981623168 -0.9312368302165335 -1.2061441667825785 -1.2755382517409974 -1.1741161275710001 -0.9961825763955665 -1.0175346025366188 -0.8662910840375004 -1.2773175872527518 -1.6910130937356347 -1.7799798693233515 -2.045990528330625 -2.491714074025086 -2.765731742835254 -2.921423600113758 -3.1918825979004173 -3.3413467808877813 -3.4925902993868996 -3.1233781806978747 -2.441892679695964 -1.6474193736976535 -0.8529460676993428 -0.731951252900048 -0.7221649075853991 -0.5931630829832097 -0.3556217921640057 -0.03623106780410268 0.16038550624475167 0.03761135593370213 -0.35028378562874307 -0.2844483716938324 -0.5255483335365447 -0.33604910153470824 -0.472168268183915 -0.5833767376685608 -0.5406726853864567 -0.37608415054918076 -0.37341514728154923 -0.41345019629602175 -0.4009948477137413 -0.7728759696703977
-1.1207360622183704 -1.2951109423702953 -1.400981405319678 -1.0771423421803892 -1.4668168192545887 -1.560231933621691 -1.3369253268965222 -1.1643297822563516 -1.145646759382931 -1.358277353037574 -1.7995525599526494 -1.9009746841226467 -1.8449256155023845 -1.6678817320828285 -1.8751743192022086 -2.2604004574970227 -2.5575494879599963 -2.884947222122794 -3.214124291797346 -3.2381453212060296 -2.7070136709473602 -2.077128899786326 -1.3564980175258197 -1.051341977259951 -1.093156361786178 -1.0976047005655638 -0.9463611820664455 -0.6527708226269802 -0.5611350437716318 -0.6029494282978587 -0.42590554487830223 -0.23106830634120223 -0.04512774536287445 0.401485468087464 0.5634049996571084 0.4148304844256214 0.20131022301510137 0.19775155199159267 0.624792074812633 0.7333315410296475 0.3383190574201851 -0.29156571374084983 -0.8369320480935536
-1.2097028378060872 -1.363615359572837 -1.2808762582762605 -0.8484977289199569 -1.7159237909001956 -1.6580953867681796 -1.2702002452057344 -1.123405065486002 -1.6269570153124788 -1.9232163780195752 -2.0104038180955377 -1.9552444172311536 -1.7897662146380005 -1.6002669826361635 -1.6536470479887937 -1.6616540577916883 -1.8716156481786999 -2.3004355065114948 -2.7675110783470083 -2.385843611075703 -1.8644983061316824 -1.4063194118549411 -1.0344382898982851 -0.9125538073431128 -0.5424520208982111 -0.4072225220048815 -0.292455381496727 -0.32359375295242776 -0.5878250764479467 -0.6349774675094366 -0.674122848768032 -0.4712786004280378 -0.09405947193611874 0.6256817425685102 0.8303053264202589 0.5482806478071967 0.3080703537203613 0.422837494228516 0.9859971836987633 0.6078883874509668 0.08209474372756054 -0.46683026164865193 -0.48373394901031785
-1.9739274401045743 -1.9214370425078209 -1.5629009368893225 -0.8947604522255697 -1.098494368321441 -1.427671437995993 -1.6616540577916883 -1.8342496024318584 -2.046880196086502 -1.8707259804228227 -1.7639658497175623 -1.6945717647591434 -1.6723300708622144 -1.7657451852293167 -2.376946933516931 -2.2977665032438632 -2.35203623635237 -2.690999651341571 -2.846691508620076 -2.2301517537971987 -1.590480637321515 -1.0522316450158282 -0.6100667703448757 -0.17501923772094097 0.013590326525018792 -0.10651482051839878 -0.30313139456725313 -0.531776007827685 -0.8155800219525018 -1.004189586198461 -1.305786955440821 -1.46325814823108 -1.3725120371316089 -0.9525888563575857 -0.2960140525202357 -0.17857790874444968 -0.2960140525202357 -0.45081624204286275 -0.5860457409361923 -0.44280923223996815 -0.043348409851120095 0.29472533738220363 0.5625153319012313
-2.2781938126145653 -1.7897662146380005 -1.3137939652437156 -1.4080987473666955 -1.9748171078604515 -2.3894022820992116 -2.655412941106485 -2.7230276905531494 -2.3475878975729843 -1.7817592048351059 -1.4881688453956405 -1.2079235022943329 -1.123405065486002 -1.5406592429923935 -2.9436652940106875 -3.205227614238574 -3.409851198090323 -3.6322681370596155 -3.444548240569533 -2.64117825701245 -1.9445684041606275 -1.231054863947139 -0.6527708226269802 -0.47394760369566935 -0.367187472990409 -0.367187472990409 -0.4481472387752312 -0.6901368683738212 -1.4917275164191492 -2.006845147072029 -1.8840709967609803 -1.4694858225222198 -1.1536537691858255 -0.9125538073431128 -0.40277418322549563 -0.23462697736471094 -0.12608751114769667 -0.03267239678059397 0.47354855631351445 0.745786889611928 0.841871007246662 0.7021931695739467 0.6158953972538614
-1.907202358413787 -1.470375490278097 -1.2871039325674007 -1.9232163780195752 -2.739931377914816 -2.9837003430251596 -2.9018509094844602 -2.9819210075134053 -2.646516263547713 -1.9507960784517677 -1.1945784859561752 -0.6767918520356635 -0.9774995535221462 -1.602935985903795 -2.407195637216755 -2.760393736299991 -3.1171505064067353 -3.5272873418661095 -3.350243458446553 -2.6127088888243803 -2.095811922659746 -1.7301584749942305 -1.3769603759109947 -1.1367500818241592 -0.7817726472291691 -0.5068653106631245 -0.651881154871103 -1.130522407533019 -1.707916781097301 -1.8894090032962434 -1.4196644281930988 -1.2648622386704713 -1.0637973258422315 -0.589604411959701 0.04028035920133366 0.3347603863966764 0.3890301195051835 0.5936537033569322 0.7840426031146461 0.7893806096499092 0.5865363613099148 0.2262209201796619 -0.13765319197409998
-1.9534650817193993 -1.6367433606271278 -1.7221514651913359 -2.455237696034122 -3.2470419987648014 -3.129605854989015 -3.110033164359718 -3.15629588766533 -2.312001187337898 -1.4943965196867808 -0.7381789271911883 -0.5380036821188252 -1.6803370806651086 -2.106487935730272 -2.3031045097791263 -2.122501955336061 -2.5032797548514893 -2.9676863234193704 -2.810215130629112 -2.0993705936832545 -1.847594618770016 -1.565569940156954 -1.2043648312708242 -0.7968969990790811 -0.08605246213322415 -0.09405947193611874 -0.33604910153470824 -0.6296394609741736 -1.0175346025366188 -0.5718110568421575 -0.37697381830505794 -0.5122033171983875 -0.5033066396396157 -0.04779674863050598 0.12212979274203306 0.27693198226466054 0.348995070490711 0.3338707186407992 0.12390912825378742 -0.19815059937374713 -0.4677199294045291 -0.31647641090541034 -0.44992657428698557
-2.5237421132366635 -2.435665005404824 -2.626943572918415 -3.325332761281992 -3.3466847874230443 -3.2434833277412927 -3.25060066978831 -2.7337037036236755 -1.7782005338115972 -0.791558992543818 -0.060252097212786015 -1.0860390197391605 -2.3938506208785975 -2.555770152448242 -2.4579066993017533 -2.2728558060793023 -2.1047086002185176 -2.365381252690528 -2.151860991280008 -1.4614788127193257 -1.2132615088295955 -0.8920914489579381 -0.5184309914895278 -0.24174431941172836 0.25735929163536264 0.26447663368238006 0.51269393757211 0.24401427529720543 0.45842420446360266 0.7297728700061388 0.5989917098921953 0.27248364348527465 0.26447663368238006 0.11234344742738456 0.2555799561236083 0.23244859447080213 0.36856776112000866 0.2618076304147485 0.20486889403860964 -0.11007349154190749 -0.10028714622725854 -0.02110671595419067 -0.13053584992708256
-3.2772907024646254 -3.224800304867872 -3.3368984421083954 -3.265725021638222 -3.2879667155351515 -3.3235534257702377 -3.274621699196994 -2.332463545723073 -1.1011633715890725 -0.11185282705366184 -0.41789853507540764 -1.5940393083450237 -2.016631492386678 -1.7203721296795815 -1.787986879126246 -2.171433681909306 -2.002396808292644 -1.7105857843649326 -1.4863895098838862 -0.881415435887412 -0.636756803021191 -0.314697075393656 -0.3333800982670767 -0.1910332573267297 -0.030893061268839617 0.4539758656842168 0.9032580824021865 1.1078816662539352 1.3231812631762099 1.0998746564510407 0.9219411052756072 0.7413385508325421 0.6132263939862299 0.460203539975357 0.47710722733702315 0.4753278918252688 0.4121614811579899 0.21198623608562706 0.30629101820860694 0.6336887523714048 0.6443647654419307 0.5358252992249164 0.3570020802936056
-3.8208777013055744 -3.4676796022223386 -3.274621699196994 -3.1918825979004173 -3.325332761281992 -3.4312032242313752 -3.40451319155506 -2.3244565359201785 -1.1945784859561752 -0.5913837474714554 -0.9632648694281114 -1.2443998802852967 -0.8280353705347818 -0.48818228778970374 -1.150984765918194 -1.5495559205511653 -1.2541862255999452 -0.9161124783666215 -0.7550826145528542 -0.33249043051119953 -0.06114176496866319 -0.28000003291444653 -0.314697075393656 -0.3912085023990928 -0.07359711355094367 0.6746134691417545 1.0794122980658658 1.212862461447441 1.0820813013334973 0.8427606750025392 0.7920496129175407 0.8018359582321894 0.571412009460003 0.6061090519392125 0.646144100953685 0.6336887523714048 0.3187463667908874 0.05896338207475438 0.13013680254492765 0.48155556611640904 0.7653595802412256 0.6861791499681578 0.4682105497782516
-3.9774592263399557 -3.1972206044356803 -3.089570805974543 -3.2621663506147134 -3.424975549940235 -3.590453752533388 -3.7212349126473314 -2.8769402123198993 -1.4997345262220438 -0.8484977289199569 -0.6696745099886461 -0.6803505230591722 -0.11808050134480208 -0.6901368683738212 -1.1669987855239832 -0.9178918138783758 -0.5282173368041763 -0.12697717890357385 0.04294936246896519 0.45931387221947984 0.3943681260404466 -0.04601741311875163 -0.3307110949994452 -0.2728826908674291 0.5198112796191272 0.698634498550438 0.7529042316589452 0.7626905769735941 0.6915171565034206 0.5634049996571084 0.6425854299301765 0.4192788232050073 0.36589875785237713 0.438851513834305 0.5491703155630738 0.4833349016281634 0.24846261407659087 0.026935342863176448 -0.04601741311875163 0.332981050884922 0.6443647654419307 0.6292404135920189 0.3027323471850982
-3.8173190302820657 -3.1892135946327858 -3.290635718802782 -3.5619843843453185 -3.743476606544261 -3.799525675164523 -3.649171824421281 -2.7497177232294647 -1.251517222332314 -0.3938775056667243 -0.018437712686559138 0.026935342863176448 -0.11274249480953902 -1.0637973258422315 -1.2470688835529282 -0.7470756047499596 -0.13053584992708256 0.296504672893958 0.550059983318951 0.6843998144564034 0.4450791881254452 0.15771650297712014 0.04828736900422825 0.35522274478185123 0.7849322708705233 0.22266224915615318 0.2582489593912398 0.32586370883790483 0.332981050884922 0.23956593651781954 -0.013989373907173253 -0.018437712686559138 -0.14032219524173106 -0.14121186299760824 -0.003313360836647572 0.05451504329536849 -0.021996383710067846 -0.10740448827427596 0.23155892671492495 0.6692754626064914 0.9237204407873614 0.9335067861020103 0.6265714103243873
-3.4676796022223386 -2.93654795196367 -2.7772974236616563 -2.766621410591131 -2.894733567437443 -3.125157516209629 -3.066439444321736 -1.7506208333794047 -0.5575763727481231 -0.037120735559979856 -0.07448678130682085 -0.38409116035207536 -0.8138006864407474 -1.150984765918194 -0.9205608171460073 -0.5202103270012821 -0.329821427243568 -0.4303538836576881 -0.39743617669023257 -0.33604910153470824 -0.2630963455527806 -0.011320370639541721 0.31429802801150153 0.3934784582845694 -0.39209817015496995 -0.4712786004280378 -0.3218144174406734 -0.21683362224716785 -0.23017863858532506 -0.224840632050062 0.23600726549431084 0.6746134691417545 0.6443647654419307 0.46643121426649725 0.2778216500205377 0.14526115439483966 0.24935228183246805 0.41305114891386707 0.8516573525613109 1.0144665518868325 0.9851075159428861 1.016245887398587 1.011797548619201
