static/data/seaWind_vo/2023/7/18/18.asc
ncols 137
nrows 93
xllcorner 108.0
yllcorner 17.0
cellsize 0.25
NODATA_value -32767
[rows 0 to 18 of 93, columns 0 to 42 of 137]
6.431653517422907 6.455674546831592 6.444998533761066 6.513502950963607 6.388949465140804 5.774189045829681 5.154980287739171 4.892528299755407 4.54911654598682 3.990405195295959 3.236856606067998 2.9370385723373924 3.0384606965073893 2.9806322923753736 2.4325969547550383 1.9326036759520697 1.7493321182413732 2.2110696835416235 2.1630276247242564 1.8249538774909326 1.0198045584220956 1.2644631912883169 1.101653991962795 1.223538474517967 1.3151742533733153 1.3098362468380522 1.1585927283389337 2.304484797908726 2.03936380665733 1.2947118949881404 0.7546835671706995 0.2929460018704493 0.22444158466790753 0.3196360345467646 1.457521094313662 1.7448837794619874 1.265352859044194 0.20931723281799552 0.0020246456986154904 0.09188108904220949 1.6185509581274296 1.435279400416733 1.0189148906662184
5.602483168945387 5.638069879180474 5.3862939042672355 5.07046185093084 4.813347869482339 3.921900778093417 3.396107134370011 3.136324149653878 3.2813399938618564 2.9236935559992347 2.443272967825564 2.014453109492769 2.7626636921854675 2.622985854512752 1.9610730441401392 1.4432864102196274 1.8534232456790019 2.1852693186211853 2.03313613236619 1.5349221890749758 1.7573391280442676 2.2012833382269745 1.1532547218036708 1.1906207675505118 1.5536052119483963 1.8854512848905798 2.002887428666366 1.641682319780236 0.8961407403551693 -0.35117345338462025 -0.7088198912472414 -0.4036638509813728 0.5358252992249164 1.467307439628311 1.934383011463824 2.0260187903191724 1.658586007141902 1.8133881966645293 1.9664110506754022 1.832960887293827 1.727090424344444 1.5429291988778702 1.3285192697114727
5.074910189710227 5.2065810175800475 5.090034541560138 4.491288141854804 3.444149193187378 2.8525201355290615 2.5171153915633693 2.373878882867145 2.4397142968020553 2.0749505168924167 1.9797560670135597 2.500211704201703 2.5144463882957377 1.8338505550497042 0.8454296782701707 0.82051898110561 1.7457734472178645 2.2946984525940772 1.8454162358761073 2.2119593512975007 1.9842044057929455 1.3952443514022606 0.7911599451616635 0.25380062061185393 0.20219989077097855 0.8009462904763123 1.0144665518868325 0.45931387221947984 -0.5673627180627716 -0.6954748749090842 -0.6474328160917171 -0.16523289240629202 0.7546835671706995 1.3916856803787518 1.5749572380894483 1.4263827228579613 1.5642812250189224 1.93883135024321 2.2573324068472362 2.352526856726093 2.5882888120335426 2.5295707401456493 2.2288630386591666
4.585592923977784 4.888079960976022 5.131848926086366 4.792885511097165 4.311575255167616 4.026881573286923 3.7128288554622824 3.3934381311023794 2.86853415513485 2.5242327336103862 2.411244928613986 2.7315253207297667 2.283132771767674 1.6514686650948849 0.9851075159428861 0.8027256259880666 1.387237341599366 1.9041343077640005 2.2430977227532014 2.4352659580226694 2.2003936704710974 1.6808277010388313 1.4450657457313818 0.5465013122954423 -0.29512438476435854 -0.40900185751663587 -0.5362243466070709 -0.5442313564099654 -0.7257235786089078 -0.12697717890357385 0.4557552011959711 0.9940041935016577 1.2466698361707733 1.2573458492412994 1.3374159472702445 1.3436436215613847 1.7021797271798833 1.9726387249665422 2.324947156293901 2.872982493914236 3.4752875646430788 3.636317428456846 3.2341876028003664
4.715484416335851 5.025978463136982 5.213698359627065 5.174552978368469 4.843596573182163 4.555344220277961 4.2128221342652505 3.8436100155762265 3.4041141441729055 2.9788529568636193 2.830278441632132 2.5073290462487203 2.383665228181794 1.7804704896970742 1.2724702010912112 0.9504104734636765 1.5091218241545379 1.6834967043064628 1.4495140845107677 1.1372407021978816 0.8658920366553455 0.5847570257981605 0.8463193460260479 0.401485468087464 -0.32448342070830494 -0.9170021461224986 -0.8734084260845174 -0.8004556701025898 -0.22395096429418526 0.4868935726516721 1.0500532621219194 1.3365262795143673 1.3409746182937532 1.324070930932087 1.4014720256934006 1.5233565082485727 1.954845369848999 2.2617807456266217 2.6212065190009977 3.9432528042344694 4.48950880634305 4.62117963421287 4.271540206153144
5.084696535024875 5.232381382500485 5.028647466404614 4.988612417390142 4.767974813932604 4.604275946851205 4.265312531862004 3.9726118401784154 3.698594171368248 3.175469530912473 2.8107057510028346 2.6790349231330137 2.0989715463011 1.3587679734112965 0.8507676848054337 0.40949247789035836 -0.054024422921645776 0.059853049830631555 0.20575856179448682 -0.329821427243568 -0.5976114217625956 -0.5086446461748788 -0.22750963531769353 -0.5246586657806676 -0.6002804250302272 -0.9632648694281114 -0.5922734152273326 0.4557552011959711 1.2359938231002474 1.3329676084908586 1.3845683383317344 1.6345649777332185 1.5607225539954137 1.705738398203392 1.7831394929647058 1.9032446400081233 2.09274387200996 2.401458583299337 3.0286743511927408 4.446804754060946 4.943239361840406 4.9921710884136505 4.706587738777079
4.9868330818783875 5.008185108019439 4.820465211529356 4.576696246419013 4.322251268238142 4.206594459974111 4.018874563484029 3.730622210579826 3.546460985113252 3.1487794982361583 2.7813467150588878 2.4041275865669687 1.6390133165126044 0.8961407403551693 0.14526115439483966 -0.7782139762056608 -1.1901301471767893 -0.8182490252201333 -0.35117345338462025 -0.4525955775546171 -0.1332048531947141 -0.05669342618927731 -0.35028378562874307 -0.6091771025889989 -0.6865781973503124 -0.8369320480935536 0.6790618079211403 1.7306490953679528 1.9512866988254904 1.897016965716983 1.9432796890225958 1.9566247053607533 1.8925686269375972 2.0073357674457517 2.0455914809484703 2.1594689537007477 2.2697877554295163 2.4023482510552143 3.031343354460372 4.364065652764369 4.81957554377348 4.869396938102601 4.576696246419013
4.943239361840406 4.672780364053747 4.421894056896385 4.315133926191125 3.9601564915961354 3.856955031914384 3.680800816250705 3.2493119546502784 2.8898861812759025 2.7315253207297667 2.3925619057405654 1.8160571999321609 1.1523650540477937 0.9041477501580637 0.5909847000893007 -0.5762593956215434 -0.5762593956215434 -1.0495626417481967 -0.3938775056667243 0.2102069005738727 0.5055765955250926 0.47710722733702315 -0.202598938153133 -0.15010854055638 -0.019327380442436315 -0.14566020177699412 1.4121480387639265 1.754670124776636 2.050039819727856 2.1648069602360107 2.214628354565132 2.203062673738729 2.140785930827327 2.1434549340949585 2.08028852342768 2.147013605118467 2.2324217096826753 2.289360446058814 2.528681072389772 3.6834698195183364 4.218160140800514 4.290223229026564 3.8943210776612247
5.150531948959786 4.4521427605962085 4.280436883711916 4.225277482847531 4.0331092475780626 3.8186993184116655 3.652331448062635 3.156786508039053 2.241318387241447 2.236870048462061 2.1265512467332925 1.6834967043064628 0.6710547981182458 0.7093105116209639 0.7938289484292951 0.8036152937439438 0.77336659004412 -0.32092474968479623 -0.5460106919217198 -0.49618929759259833 -0.07804545233032956 0.010921323257387261 0.2004205552592242 0.4691002175341288 0.8231879843732415 0.7635802447294713 1.1897310997946347 1.7564494602883904 2.2226353643680263 2.2591117423589906 2.2662290844060076 2.226194035391535 2.1763726410624136 2.198614334959343 2.1532412794096074 2.071391845868908 1.960183376384262 1.9690800539430338 2.212849019053378 2.410355260858109 3.1016271071746684 3.1158617912687028 2.840954454702658
5.023309459869351 4.319582264970511 4.168338746471393 4.229725821626917 4.324920271505774 4.045564596160343 3.7057115134152654 3.163014182330193 2.368540876331882 2.1221029079539067 2.147013605118467 1.727090424344444 0.2449039430530826 0.22711058793553907 0.4459688558813224 0.6416957621742994 -0.14388086626523977 -0.9686028759633745 -1.0442246352129336 -0.3751944827933036 0.057184046563000024 0.3036220149409754 0.460203539975357 0.7769252610676287 0.6719444658741229 0.6728341336300001 1.1310130279067416 1.8009328480822488 2.2119593512975007 2.251104732556096 2.2172973578327637 2.1701449667712738 2.0793988556718026 1.9628523796518935 1.9664110506754022 2.071391845868908 1.801822515838126 1.84452656812023 1.796484509302863 1.9201483273697895 2.0126737739810148 1.9770870637459281 1.7938155060352317
4.291112896782442 3.900548751952365 3.449487199722641 3.2564292966972954 3.582047695348339 3.380982782520099 2.9557215952108127 2.608751170418717 2.431707286999161 2.2395390517296927 1.8160571999321609 1.1212266825920927 0.24401427529720543 0.016259329792650323 -0.21327495122365914 -0.41789853507540764 -0.8600634097463602 -1.0575696515510913 -0.3636288019669003 0.6870688177240347 1.4361690681726103 1.5642812250189224 1.3374159472702445 0.7920496129175407 0.17195118707115453 0.332981050884922 1.4290517261255928 2.4023482510552143 2.251994400311973 2.0313567968544355 2.03313613236619 2.08651619771882 1.9690800539430338 1.7893671672558458 1.8845616171347028 2.1203235724421523 2.3142711432233747 2.212849019053378 1.9610730441401392 1.7208627500533038 1.6345649777332185 1.7110764047386549 1.9397210179990871
3.8026852988058764 3.635427760700969 3.0882820908365107 2.5642677826248588 2.315160810979252 2.1541309471654846 2.1203235724421523 2.183489983109431 2.1728139700389053 2.5544814373102103 2.2226353643680263 1.4762041171870828 0.6470337687095622 -0.05580375843340013 -0.4970789653484755 -0.41433986405189893 0.48511423713991775 0.9397344603931506 1.1710480769212142 1.488659465769363 1.9886527445723314 2.2110696835416235 1.5589432184836594 0.5429426412719336 -0.19370226059436124 -0.010430702883664544 1.1897310997946347 2.2920294493264457 2.2386493839738155 1.9806457347694368 1.8507542424113703 1.8934582946934744 2.1754829733065364 2.081178191183557 2.129220250000924 2.1763726410624136 1.9886527445723314 2.1212132401980295 2.0651641715777678 1.8952376302052287 1.609654280568658 2.104309552836363 2.1069785561039946
2.8382854514350266 2.4548386486519673 2.1274409144891697 2.0269084580750496 2.050929487483733 2.208400680273992 2.3436301791673215 2.4183622706610035 2.557150440577842 2.3507475212143385 1.8614302554818964 1.1826137577476172 0.7964979516969264 1.3596576411671737 1.4423967424637505 1.4174860452991895 1.361436976678928 1.3329676084908586 1.6648136814330423 1.7822498252088286 1.4388380714402418 0.5429426412719336 0.0046936489662470215 -0.46949926491628347 -0.30580039783488466 0.37212643214351737 1.2457801684148961 1.917479324102158 2.145234269606713 1.858761252214265 1.6710413557241823 1.689724378597603 1.953955702093122 1.7155247435180407 1.7288697598561984 1.8160571999321609 1.8560922489466334 1.7822498252088286 1.721752417809181 1.656806671630148 1.929045004928561 1.8694372652847908 1.8036018513498804
2.6096408381745944 2.2066213447622376 2.0108944384692604 1.944169356778473 2.1550206149213618 2.0251291225632952 2.1274409144891697 2.2671187521618847 2.622096186756875 1.8925686269375972 1.1799447544799857 0.6007710454039497 0.6763928046535088 1.9521763665813676 1.8649889265054052 1.2475595039266505 1.160372063850688 1.4121480387639265 1.652358332850762 1.674600026747691 1.0100182131074467 0.17106151931527735 -0.44725757101935404 -0.6687848422327689 -0.43658155794882836 0.9308377828343788 1.711966072494532 2.2119593512975007 2.019791116028032 1.8658785942612823 1.6541376683625164 1.5073424886427835 1.594529928718746 1.6221096291509383 1.9032446400081233 2.070502178113031 2.1158752336627664 1.8187262031997924 1.7466631149737417 1.8614302554818964 2.2573324068472362 2.135447924292064 1.7137454080062864
2.1763726410624136 2.1158752336627664 1.9406106857549643 2.009115102957506 2.1745933055506597 2.1114268948833805 2.0624951683101362 2.19327632842408 2.6212065190009977 1.7635668023354079 1.0073492098398154 0.6230127393008786 0.899699411378678 1.859650919970142 1.1310130279067416 0.4246168297402704 0.3650090900965002 1.8196158709556696 2.08028852342768 2.1897176574005712 1.7386561051708473 1.1292336923949873 0.3454363994672023 0.03939069144545648 -0.04423807760699727 1.037597913539639 1.8694372652847908 2.219076693344518 2.049150151971979 1.854312913434879 1.679048365527077 1.5438188666337473 1.6247786324185696 1.7760221509176883 1.9904320800840858 1.9503970310696133 2.0002184253987347 1.6710413557241823 1.6915037141093574 1.8498645746554931 1.7813601574529514 1.6310063067097098 1.2520078427060364
1.5135701629339238 1.6069852773010265 1.7947051737911088 1.8649889265054052 2.00466676417812 2.1914969929123256 2.1398962630714498 2.1425652663390813 2.5669367858924903 1.9370520147314556 1.292932559476386 0.905927085669818 1.366774983214191 0.8899130660640291 0.17550985809466324 0.12657813152141895 0.2635869659265029 1.5829642478923427 2.3231678207821465 2.4414936323138097 2.150572276141976 1.6701516879683052 0.8863543950405204 0.37212643214351737 0.2902769986028182 1.2457801684148961 1.8311815517820726 2.179041644330045 2.0642745038218906 1.8729959363082995 1.6986210561563748 1.663034345921288 1.7404354406826017 1.8400782293408444 1.578515909112957 1.5331428535632214 1.3890166771111203 1.0794122980658658 1.0945366499157776 1.1372407021978816 1.1372407021978816 0.7564629026824539 0.6897378209916663
0.9913351902340262 1.2795875431382286 1.467307439628311 1.6986210561563748 1.8632095909936508 2.156799950433116 1.7911465027676001 1.7938155060352317 2.2066213447622376 2.251994400311973 1.6052059417892721 0.43262383954316475 0.6069987196950897 -0.08872146540085568 0.33920872517606226 0.2902769986028182 0.8160706423262241 1.4210447163226982 2.1639172924801335 2.0633848360660134 1.8898996236699657 1.4272723906138385 0.7030828373298239 0.18618587116518936 0.42194782647263884 1.2884842206970002 1.8747752718200539 2.0847368622070657 1.9948804188634717 1.8391885615849672 1.7617874668236535 1.7253110888326897 1.7208627500533038 1.705738398203392 1.4432864102196274 1.1932897708181434 0.9450724669284134 0.7333315410296475 0.6292404135920189 0.6719444658741229 0.6425854299301765 -0.09050080091261004 -0.1581155503592746
0.8187396455938556 1.1461373797566534 1.4228240518344526 1.6674826847006738 1.785808496232337 2.1398962630714498 1.68438637206234 0.8934717370875378 1.2368834908561246 1.461969433093048 0.7217658602032444 -0.5291070045600534 -1.0726940034010033 -0.5931630829832097 -0.04601741311875163 0.7706975867764887 1.344533289317262 1.8721062685524223 1.3694439864818224 1.080301965821743 1.1363510344420047 0.9931145257457805 0.23600726549431084 0.07319806616878921 0.4824452338722862 1.2431111651472648 1.6639240136771651 1.8649889265054052 1.8409678970967216 1.78491882847646 1.7075177337151464 1.705738398203392 1.6728206912359367 1.63723398100085 1.5189081694691868 1.2938222272322633 1.0722949560188486 1.0714052882629714 0.9513001412195536 0.8596643623642053 0.5064662632809698 -0.1625638891386605 -0.20081960264137866
0.8623333656318368 1.1808344222358629 1.4415070747078733 1.471755778407697 1.4361690681726103 1.7128557402504092 1.0633982784600768 0.2449039430530826 -0.32715242397593647 -1.3653946950845914 -1.632295021847742 -1.1349707463124048 -1.040665964189425 -0.584266405424438 -0.05936242945690884 0.8756783819699945 1.3730026575053311 1.3756716607729627 0.8303053264202589 0.131916138056682 -0.37341514728154923 -0.42056753834303917 -0.4926306265690896 -0.4597129196016345 0.2858286598234323 1.0945366499157776 1.5367015245867301 1.6123232838362895 1.599867935254009 1.6238889646626926 1.6007576030098862 1.6069852773010265 1.6906140463534802 1.6594756748977793 1.5562742152160278 1.4450657457313818 1.3222915954203327 1.1835034255034944 1.3009395692792807 1.3543196346319109 1.0037905388163066 0.39614746155220093 0.3934784582845694
