static/data/pressure/2023/7/18/0.asc
ncols 137
nrows 93
xllcorner 108.0
yllcorner 17.0
cellsize 0.25
NODATA_value -32767
[rows 0 to 18 of 93, columns 0 to 42 of 137]
101.01733421520457 101.05279884752721 101.09828020806312 101.14782240436116 101.19195015297636 101.21053975668748 101.22019552172189 101.23589742000215 101.24428981391056 101.25268220781898 101.27740818557064 101.31666293127128 101.34590094875864 101.36196381021776 101.38858484465842 101.4337954828102 101.4727795061267 101.48821068202281 101.50156631964049 101.5079734160652 101.48929357155937 101.463213981887 101.4614091659927 101.47169661659012 101.4791866025514 101.46754554003327 101.46556024254956 101.48207430798224 101.48667658851267 101.46014579486672 101.42982488784277 101.35366165710407 101.26919627325165 101.18806979880367 101.16785586078771 101.17327030847055 101.19005509628737 101.21252505417118 101.21559324119147 101.21306649893947 101.2195638361589 101.23391212251843 101.24365812834755
101.0975582817054 101.12643533601393 101.18148222078953 101.23815343987 101.29915621709674 101.31215089153557 101.32343099087484 101.33290627431981 101.34129866822823 101.34184011299651 101.34590094875864 101.35709080730321 101.37468776227246 101.39959422161354 101.43785631857233 101.50418330268721 101.531706745075 101.53531637686358 101.52132905368289 101.50156631964049 101.47882563937253 101.4633042226817 101.49994198533564 101.5483110513024 101.56320078243023 101.52060712732518 101.52502892626617 101.53630902560543 101.52557037103445 101.43984161605604 101.36882211061604 101.30069031060688 101.21478107403904 101.17110452939741 101.16289261707843 101.17715066264326 101.18021884966353 101.18220414714725 101.18364799986267 101.18707715006181 101.20214736277907 101.21721757549632 101.22840743404088
101.1844601670151 101.21026903430334 101.24302644278455 101.27596433285521 101.3117899283567 101.31855798796028 101.3340794046511 101.35167635962036 101.3666563315429 101.3775754677033 101.38226798902843 101.37965100598173 101.37793643088216 101.4024819270444 101.44904617711688 101.52178025765646 101.54867201448126 101.54479166030855 101.51239521500618 101.4818035855981 101.47133565341127 101.48279623433996 101.55381573977996 101.59992878587887 101.608411420582 101.56347150481437 101.56419343117209 101.53594806242657 101.46177012917157 101.32704062266339 101.25205052225597 101.20178639960021 101.16839730555598 101.15621479826957 101.161448764363 101.17390199403354 101.1748946427754 101.18157246158425 101.18707715006181 101.18671618688296 101.18942341072437 101.19646219271208 101.2049448274152
101.22533924702059 101.25945026742252 101.27443023934507 101.29735140120245 101.31395570742986 101.33146242160439 101.35302997154106 101.3743267990936 101.36692705392704 101.37929004280286 101.39165303167871 101.39977470320298 101.38596786161172 101.4012185559184 101.4453463045336 101.5086051016282 101.54858177368655 101.55264260944868 101.52629229739216 101.5048149882502 101.50779293447577 101.54596479063983 101.59252904071232 101.59839469236873 101.55769609395267 101.50698076732334 101.47945732493552 101.42233490188151 101.34156939061236 101.24744824172555 101.19889869416936 101.16316333946257 101.16379502502556 101.16902899111899 101.17308982688111 101.17408247562297 101.17191669654983 101.17507512436482 101.17669945866969 101.17715066264326 101.18364799986267 101.19294280171822 101.20259856675264
101.24564342583126 101.28769563616805 101.30177320014344 101.31368498504571 101.32866495696825 101.34346444730136 101.36819042505303 101.38921653022143 101.38407280492272 101.39860157287168 101.41105480254224 101.40906950505853 101.3929164028047 101.41619852784095 101.48541321738666 101.55904970587339 101.60768949422429 101.61969151992126 101.57854171753162 101.54307708520899 101.56220813368837 101.61166008919172 101.66381926853646 101.58170014534662 101.5201559233516 101.39679675697741 101.34184011299651 101.29040286000948 101.25457726450797 101.20602771695177 101.16740465681413 101.16496815535685 101.16929971350314 101.17318006767583 101.17417271641769 101.17408247562297 101.17354103085468 101.17218741893397 101.17272886370226 101.17669945866969 101.18545281575696 101.19465737681779 101.20431314185221
101.26360134397937 101.30231464491173 101.32153593418585 101.33353795988282 101.35618839935606 101.36485151564861 101.38822388147958 101.40266240863383 101.40230144545497 101.41276937764181 101.4044672245281 101.39228471724171 101.389667734195 101.46745529923855 101.5489427368654 101.61933055674241 101.64865881502449 101.6588560248272 101.58133918216777 101.51871207063617 101.53576758083715 101.56022283620467 101.59316072627533 101.51717797712604 101.4165594910198 101.29843429073902 101.24871161285155 101.22335394953687 101.19366472807593 101.16920947270842 101.16920947270842 101.16803634237714 101.17254838211282 101.17633849549082 101.17733114423268 101.17390199403354 101.17345079005997 101.17245814131812 101.17444343880183 101.18030909045825 101.18834052118781 101.19745484145393 101.20756181046191
101.27668625921292 101.31097776120428 101.32884543855768 101.34283276173836 101.36530271962218 101.37504872545131 101.39066038293686 101.40509891009111 101.41231817366823 101.40843781949553 101.40004542558711 101.37198053843103 101.40004542558711 101.47810371301482 101.57402967779593 101.61779646323227 101.6454101464148 101.62907656257154 101.55769609395267 101.50319065394535 101.49533970480522 101.51753894030489 101.49922005897793 101.41493515671495 101.31404594822456 101.23580717920743 101.2094568671509 101.18391872224682 101.17444343880183 101.16406574740971 101.16433646979385 101.16948019509256 101.17191669654983 101.17507512436482 101.17480440198068 101.17191669654983 101.17290934529169 101.1748946427754 101.17697018105382 101.1844601670151 101.19258183853937 101.20160591801078 101.21108120145576
101.28697370981034 101.3162117272977 101.32821375299467 101.3347110902141 101.3481569686265 101.36295645895962 101.38226798902843 101.39905277684525 101.41168648810523 101.40897926426382 101.39219447644697 101.37044644492089 101.40690372598539 101.50418330268721 101.58206110852548 101.60047023064716 101.6012823977996 101.59153639197046 101.5444306971297 101.51077088070134 101.52277290639832 101.52033640494103 101.45572399592572 101.36503199723803 101.28697370981034 101.2228125047686 101.19592074794379 101.17345079005997 101.16767537919827 101.1608170788 101.16569008171456 101.16948019509256 101.16893875032427 101.17047284383442 101.17182645575512 101.17110452939741 101.17435319800711 101.17760186661683 101.17994812727939 101.18716739085653 101.1952890623808 101.20404241946807 101.21342746211833
101.28904924808876 101.31395570742986 101.32117497100698 101.32072376703341 101.33110145842554 101.35284948995164 101.37252198319932 101.38434352730687 101.40067711115012 101.3999551847924 101.38280943379672 101.37901932041872 101.41141576572109 101.52972144759129 101.57890268071048 101.60110191621015 101.59668011726916 101.58269279408847 101.52548013023974 101.5022882459982 101.52990192918072 101.5278263909023 101.4633042226817 101.40491842850169 101.32704062266339 101.25818689629652 101.1896038923138 101.16541935933043 101.16469743297272 101.16054635641585 101.16253165389956 101.16668273045642 101.16695345284056 101.16893875032427 101.1716459741657 101.17372151244412 101.1761580139014 101.1806700536371 101.1844601670151 101.18852100277724 101.19619147032793 101.2048545866205 101.21432987006547
101.2944636957716 101.30989487166771 101.32108473021228 101.33480133100882 101.34933009895778 101.3749584846566 101.38118509949186 101.390931105321 101.39165303167871 101.39309688439413 101.37441703988831 101.36205405101246 101.38632882479057 101.51131232546962 101.60083119382601 101.64089810667909 101.58891940892376 101.52223146163003 101.463213981887 101.46384566744999 101.49633235354707 101.50941726878062 101.49227151778494 101.44841449155388 101.38921653022143 101.27704722239177 101.20052302847421 101.15991467085286 101.16235117231014 101.15783913257442 101.15919274449514 101.16253165389956 101.16839730555598 101.17227765972869 101.17543608754369 101.17841403376926 101.1805798128424 101.18527233416754 101.18843076198253 101.19240135694994 101.19835724940107 101.2068398841042 101.21622492675446
101.34716431988464 101.3609711614759 101.38317039697557 101.40482818770697 101.41204745128408 101.41258889605237 101.40618179962767 101.39715772015626 101.391562790884 101.389667734195 101.36656609074818 101.3520373227992 101.3801022099553 101.51230497421146 101.59009253925504 101.5840464060092 101.4824352711611 101.4312687405582 101.43244187088948 101.46565048334428 101.53666998878428 101.56644945103994 101.55381573977996 101.49822741023607 101.41042311697923 101.27894227908077 101.19628171112265 101.15594407588543 101.156395279859 101.1524246848916 101.15585383509072 101.16343406184671 101.17146549257627 101.17570680992783 101.18021884966353 101.18364799986267 101.18617474211467 101.18806979880367 101.19122822661865 101.19555978476494 101.20304977072621 101.21017879350862 101.2170370939069
101.41791310294052 101.43632222506218 101.45247532731602 101.45897266453544 101.44128546877147 101.43190042612119 101.42314706903393 101.41322058161538 101.40257216783911 101.37965100598173 101.36295645895962 101.37360487273588 101.4440829334076 101.53630902560543 101.53820408229443 101.48297671592938 101.42892247989563 101.45256556811073 101.49606163116293 101.53955769421513 101.56572752468223 101.59595819091145 101.59270952230176 101.53071409633314 101.38596786161172 101.25547967245511 101.18527233416754 101.15693672462729 101.15585383509072 101.15278564807045 101.15801961416386 101.16704369363528 101.17453367959654 101.18265535112081 101.18879172516138 101.19231111615522 101.19285256092351 101.19339400569179 101.1952890623808 101.19745484145393 101.20034254688478 101.20665940251476 101.21252505417118
101.42432019936521 101.43433692757849 101.44679015724903 101.45130219698473 101.44354148863931 101.43794655936705 101.42802007194848 101.41484491592023 101.38885556704257 101.36494175644333 101.36331742213846 101.40582083644883 101.48929357155937 101.53459445050586 101.50716124891277 101.46285301870813 101.50021270771978 101.56870547090779 101.57484184494835 101.54217467726185 101.53639926640014 101.56527632070865 101.54533310507684 101.47323071010027 101.33705735087666 101.23797295828058 101.17669945866969 101.15594407588543 101.15206372171274 101.15368805601759 101.16189996833657 101.17182645575512 101.18256511032611 101.19122822661865 101.19483785840723 101.19303304251294 101.19014533708209 101.19204039377108 101.19519882158608 101.19745484145393 101.19519882158608 101.20304977072621 101.20756181046191
101.40970119062152 101.41601804625151 101.42441044015993 101.42928344307448 101.43803680016175 101.41457419353608 101.4044672245281 101.39219447644697 101.3756804110143 101.36142236544947 101.37008548174204 101.41177672889995 101.47241854294784 101.50084439328278 101.47945732493552 101.4824352711611 101.54993538560726 101.5885584457449 101.5457843090504 101.50282969076649 101.50698076732334 101.50246872758764 101.47368191407384 101.39580410823555 101.28977117444647 101.21315673973419 101.17435319800711 101.1543197415806 101.15233444409688 101.16569008171456 101.17272886370226 101.18030909045825 101.19005509628737 101.19456713602308 101.19555978476494 101.19420617284422 101.2069301248989 101.21902239139061 101.2221808192056 101.22470756145759 101.22380515351044 101.22903911960387 101.2195638361589
101.39345784757298 101.4191764740665 101.42621525605422 101.42820055353792 101.4337954828102 101.40906950505853 101.40040638876597 101.39020917896329 101.38596786161172 101.36322718134376 101.36945379617903 101.39517242267254 101.46122868440328 101.4786451577831 101.43560029870447 101.43352476042605 101.49479826003693 101.54217467726185 101.50941726878062 101.49660307593122 101.49245199937437 101.48026949208796 101.43740511459876 101.36214429180718 101.26044291616438 101.19934989814293 101.16289261707843 101.15729768780615 101.15856105893215 101.17209717813925 101.18030909045825 101.18779907641952 101.1952890623808 101.19907917575878 101.2016961588055 101.21893215059589 101.24040945973785 101.25340413417669 101.25584063563397 101.25719424755466 101.26269893603224 101.26531591907894 101.25394557894496
101.36115164306533 101.39381881075184 101.41755213976165 101.41971791883479 101.41493515671495 101.39769916492455 101.389036048632 101.3949017002884 101.39580410823555 101.36954403697375 101.3763120965773 101.4024819270444 101.49479826003693 101.43668318824105 101.39327736598355 101.36710753551647 101.42783959035906 101.48396936467124 101.5207876089146 101.50833437924406 101.48965453473824 101.49804692864664 101.45518255115745 101.36828066584775 101.2458239074207 101.18292607350496 101.16532911853571 101.15991467085286 101.16794610158242 101.17733114423268 101.18554305655167 101.19303304251294 101.19953037973235 101.20521554979935 101.2094568671509 101.2266928589413 101.24257523881099 101.24970426159341 101.2522310038454 101.26080387934323 101.27127181153008 101.27479120252391 101.26666953099966
101.32667965948454 101.36602464597989 101.38993845657915 101.40915974585324 101.39571386744083 101.37721450452445 101.37829739406101 101.38416304571743 101.43451740916791 101.389036048632 101.39580410823555 101.39634555300384 101.4901057387118 101.40419650214398 101.3679197026689 101.34156939061236 101.43442716837319 101.45355821685258 101.49055694268537 101.49597139036821 101.4831571975188 101.50995871354891 101.460055554072 101.37297318717289 101.23282923298187 101.17895547853753 101.16126828277358 101.16559984091985 101.17480440198068 101.1819334247631 101.18870148436667 101.19619147032793 101.19944013893765 101.20729108807777 101.21153240542932 101.21153240542932 101.21992479933775 101.2247978022523 101.23210730662416 101.24068018212199 101.25827713709124 101.25791617391238 101.24970426159341
101.29744164199717 101.33868168518153 101.39535290426198 101.41953743724537 101.38993845657915 101.34418637365907 101.34806672783178 101.39165303167871 101.47981828811439 101.41764238055637 101.34572046716922 101.3373280732608 101.38380208253858 101.33931337074452 101.31233137312499 101.37622185578259 101.49028622030123 101.46980155990113 101.43280283406834 101.4337954828102 101.45121195619002 101.4818035855981 101.4242299585705 101.33380868226696 101.2113519238399 101.17065332542384 101.16469743297272 101.16803634237714 101.17769210741154 101.18265535112081 101.18906244754552 101.1922208753605 101.19384520966537 101.20079375085835 101.19971086132179 101.19880845337464 101.2049448274152 101.21405914768133 101.22191009682146 101.22930984198801 101.24672631536784 101.24004849655898 101.22154913364261
101.25764545152823 101.29527586292403 101.35853466001863 101.41294985923123 101.39345784757298 101.3353427757771 101.30321705285887 101.34229131697008 101.42143249393436 101.35853466001863 101.27370831298735 101.23743151351229 101.26152580570096 101.26594760464194 101.31206065074085 101.39571386744083 101.49335440732152 101.45283629049487 101.40681348519068 101.35997851273405 101.37134885286804 101.37342439114646 101.30953390848886 101.21992479933775 101.1805798128424 101.17760186661683 101.16839730555598 101.16821682396656 101.18003836807411 101.18355775906797 101.1850918525781 101.18734787244595 101.18779907641952 101.18915268834023 101.18843076198253 101.18843076198253 101.19691339668564 101.20882518158791 101.21929311377475 101.22633189576244 101.22894887880915 101.21044951589276 101.19195015297636
