static/data/pressure/2023/7/18/12.asc
ncols 137
nrows 93
xllcorner 108.0
yllcorner 17.0
cellsize 0.25
NODATA_value -32767
[rows 38 to 56 of 93, columns 43 to 85 of 137]
100.98096717493478 100.97699657996735 101.00045918659303 101.00623459745472 100.98349391718678 100.92853727320588 100.91572308035647 100.9152718763829 100.91554259876705 100.91473043161461 100.92375451108602 100.93503461042528 100.94622446896985 100.95578999320954 100.95976058817696 100.96102395930295 100.9587679394351 100.9549778260571 100.9517291574474 100.94929265599012 100.94703663612226 100.94478061625442 100.94225387400242 100.94053929890285 100.94099050287642 100.94396844910199 100.94802928486412 100.95254132459982 100.9587679394351 100.96752129652238 100.97825995109335 100.98972053202203 101.0015420761296 101.01552939931028 101.03204346474297 101.05054282765936 101.06850074580747 101.08203686501459 101.09503153945342 101.10676284276624 101.11903559084737 101.13248146925977 101.14827360833475
101.04927945653336 101.06173268620391 101.03745791242581 100.99170582950575 100.94396844910199 100.91924247135032 100.90101383081806 100.89451649359866 100.8947872159828 100.89848708856609 100.91301585651505 100.91924247135032 100.93178594181559 100.94622446896985 100.95723384592496 100.95921914340867 100.95976058817696 100.9587679394351 100.95777529069325 100.95696312354082 100.95597047479896 100.95524854844125 100.95425589969939 100.95353397334168 100.95398517731525 100.95795577228267 100.96246781201839 100.97049924274793 100.97898187745106 100.98800595692246 101.00000798261945 101.0117392859323 101.02347058924512 101.03574333732625 101.05000138289107 101.06795930103918 101.08501481124016 101.09900213442084 101.11253825362795 101.12553292806678 101.13753495376376 101.15224420330216 101.16821682396656
101.02473396037111 101.05902546236248 101.02220721811912 100.97122116910565 100.94577326499628 100.93674918552485 100.91572308035647 100.90498442578549 100.90498442578549 100.91770837784019 100.93620774075657 100.9287177547953 100.93097377466316 100.94523182022799 100.95921914340867 100.95903866181924 100.9620166080448 100.9632799791708 100.9632799791708 100.96526527665452 100.96652864778052 100.96625792539638 100.96697985175409 100.96670912936995 100.96878466764838 100.97428935612592 100.98024524857706 100.98926932804847 100.99829340751988 101.00722724619658 101.01922927189356 101.03177274235883 101.04548934315537 101.05803281362063 101.07174941441717 101.08853420223399 101.10477754528253 101.11849414607909 101.13148882051792 101.14276891985718 101.15422950078587 101.16875826873485 101.18274559191553
100.99170582950575 101.01977071666184 101.00271520646086 101.00803941334901 100.99477401652604 100.95452662208353 100.92898847717944 100.92853727320588 100.95100723108969 100.96571648062809 100.98123789731892 100.94523182022799 100.94198315161827 100.94450989387028 100.9575045683091 100.95948986579282 100.96752129652238 100.96950659400608 100.97203333625806 100.97401863374178 100.97645513519906 100.97753802473564 100.97898187745106 100.98195982367663 100.98475728831278 100.99098390314803 100.99829340751988 101.00722724619658 101.01778541917814 101.02753142500725 101.0399846546778 101.05352077388493 101.06795930103918 101.08221734660401 101.09602418819527 101.11100416011782 101.12454027932492 101.1377154353532 101.14827360833475 101.15928298528986 101.1710142886027 101.18301631429968 101.19673291509622
100.99775196275161 100.99603738765204 100.96670912936995 100.97203333625806 100.98376463957092 100.94604398738042 100.93972713175042 100.98250126844492 101.00497122632872 101.00578339348115 101.0157098808997 100.97122116910565 100.94225387400242 100.94496109784384 100.95597047479896 100.9607532369188 100.97076996513208 100.97753802473564 100.97997452619292 100.98421584354449 100.98728403056475 100.99026197679032 100.99423257175775 100.99748124036746 101.00253472487145 101.00948326606444 101.016251325668 101.0252754051394 101.03574333732625 101.04774536302322 101.06146196381977 101.07599073176873 101.0917828708437 101.10622139799796 101.11903559084737 101.13302291402806 101.14448349495675 101.15522214952772 101.16578032250928 101.17552632833839 101.18671618688296 101.19727435986451 101.20873494079319
100.98972053202203 100.96246781201839 100.93025184830545 100.9185205449926 100.93151521943145 100.92646173492744 100.96652864778052 101.01101735957457 101.01724397440985 101.0157098808997 101.00849061732258 100.96896514923779 100.9390052053927 100.94423917148613 100.9549778260571 100.96472383188623 100.97699657996735 100.98403536195507 100.99071318076389 100.99504473891018 101.00000798261945 101.00578339348115 101.00975398844858 101.01399530580014 101.01922927189356 101.02698998023897 101.03420924381611 101.04323332328751 101.05550607136863 101.06777881944976 101.08429288488244 101.09999478316269 101.11578692223766 101.12878159667649 101.14123482634703 101.15278564807045 101.16099756038943 101.17173621496042 101.18202366555782 101.19204039377108 101.20223760357378 101.2107202382769 101.22227106000032
100.9472171177117 100.94225387400242 100.95903866181924 100.9472171177117 100.92528860459616 100.92971040353716 100.98647186341233 101.02103408778784 101.02698998023897 100.99278871904232 100.9722138178475 100.94270507797599 100.93873448300856 100.94378796751256 100.95976058817696 100.97122116910565 100.98403536195507 100.99197655188989 100.99874461149346 101.00749796858072 101.01399530580014 101.02004143904598 101.0265387762654 101.0309605752064 101.03529213335267 101.04224067454565 101.05072330924878 101.06254485335633 101.07499808302687 101.09024877733356 101.1077554915081 101.12327690819892 101.13672278661134 101.14971746105017 101.15946346687929 101.16920947270842 101.17651897708025 101.1869869092671 101.19754508224865 101.20729108807777 101.2170370939069 101.22497828384174 101.23373164092901
100.95199987983153 101.0117392859323 101.05126475401707 101.02428275639754 100.98024524857706 100.96472383188623 101.03204346474297 101.0572206464682 101.04350404567165 101.00524194871286 100.95398517731525 100.93575653678299 100.9377418342667 100.95100723108969 100.96652864778052 100.97825995109335 100.98972053202203 100.99802268513574 101.00695652381243 101.0169732520257 101.02572660911297 101.03447996620025 101.04178947057208 101.04729415904964 101.05153547640121 101.05821329521005 101.06850074580747 101.08104421627273 101.09674611455299 101.11326017998566 101.1295035230342 101.14195675270474 101.15522214952772 101.16578032250928 101.17471416118597 101.18301631429968 101.19122822661865 101.20178639960021 101.2119836094029 101.22227106000032 101.22949032357744 101.23400236331315 101.2420337940427
101.06877146819161 101.0987314120367 101.07572000938458 101.03150201997468 100.99098390314803 101.00127135374545 101.08528553362429 101.0974680409107 101.08176614263044 101.0437747680558 100.96427262791266 100.94270507797599 100.95199987983153 100.96625792539638 100.97600393122549 100.98701330818061 100.99603738765204 101.00370785520272 101.01327337944242 101.02446323798698 101.03402876222668 101.04476741679765 101.05225740275893 101.05803281362063 101.06453015084004 101.07301278554317 101.08627818236614 101.1019800806464 101.11822342369494 101.13401556276992 101.14854433071888 101.16000491164758 101.170292362245 101.17976764568996 101.18825028039309 101.19646219271208 101.20575699456764 101.2152322780126 101.22497828384174 101.2330097145713 101.23725103192287 101.24149234927441 101.25629183960754
101.17697018105382 101.1537782968123 101.10252152541469 101.05550607136863 101.03123129759054 101.03700670845222 101.05875473997834 101.0412480258038 101.02545588672884 101.01246121229 100.9632799791708 100.95326325095753 100.96526527665452 100.97726730235149 100.98304271321321 100.99224727427404 100.99874461149346 101.00749796858072 101.01823662315171 101.02951672249097 101.03926272832008 101.05027210527521 101.05902546236248 101.06795930103918 101.0777053068683 101.087270831108 101.10378489654069 101.1204794435628 101.13699350899549 101.15179299932859 101.16397550661499 101.17471416118597 101.18346751827325 101.1922208753605 101.20124495483192 101.20900566317734 101.21748829788046 101.22678309973601 101.23499501205501 101.24122162689027 101.24401909152641 101.25827713709124 101.28146902133277
101.07572000938458 101.13401556276992 101.15224420330216 101.16171948674715 101.13573013786949 101.0777053068683 101.03574333732625 100.99197655188989 100.95353397334168 100.93999785413456 100.9504657863214 100.9620166080448 100.97176261387393 100.98123789731892 100.98800595692246 100.99603738765204 101.00325665122915 101.01300265705828 101.02500468275525 101.0367359860681 101.04900873414921 101.06001811110434 101.06904219057576 101.0789686779943 101.08970733256527 101.1019800806464 101.12002823958923 101.13573013786949 101.15152227694445 101.16677297125113 101.1775116258221 101.18825028039309 101.19673291509622 101.20449362344164 101.21297625814476 101.22073696649018 101.22849767483558 101.23625838318101 101.24248499801627 101.24753848252027 101.25078715112997 101.26351110318465 101.28047637259091
101.03204346474297 101.11326017998566 101.1869869092671 101.20124495483192 101.13600086025363 101.06453015084004 101.01101735957457 100.96652864778052 100.9337712392993 100.93295907214687 100.94902193360598 100.96652864778052 100.97600393122549 100.98520849228635 100.99152534791632 100.99847388910932 101.00695652381243 101.01977071666184 101.0334873174584 101.04603078792366 101.0584840175942 101.07048604329117 101.08176614263044 101.09421937230098 101.10450682289839 101.11623812621123 101.13175954290206 101.14728095959289 101.16298285787315 101.17796282979567 101.18797955800896 101.19826700860636 101.20674964330948 101.21550300039675 101.22470756145759 101.23021224993515 101.23698030953872 101.24176307165855 101.24853113126213 101.25520895007097 101.26197700967452 101.27226446027194 101.27948372384905
101.02446323798698 101.14701023720875 101.21478107403904 101.18897220675079 101.12345738978836 101.09548274342698 101.01101735957457 100.9620166080448 100.94604398738042 100.94902193360598 100.9575045683091 100.97428935612592 100.98250126844492 100.98926932804847 100.99621786924146 101.00650531983887 101.017514696794 101.02996792646454 101.04178947057208 101.05451342262677 101.06597400355547 101.07824675163658 101.0917828708437 101.10477754528253 101.11677957097952 101.12896207826591 101.14322012383074 101.15720744701143 101.17227765972869 101.18427968542568 101.19574026635436 101.20602771695177 101.21622492675446 101.22551972861001 101.23373164092901 101.23779247669114 101.24374836914227 101.24853113126213 101.25421630132911 101.26224773205867 101.27100108914594 101.2822811884852 101.29121502716188
101.05397197785848 101.17850427456396 101.19176967138694 101.162712135489 101.11253825362795 101.11723077495309 101.02329010765568 100.96021179215053 100.94450989387028 100.95696312354082 100.96499455427038 100.97871115506692 100.9862913818229 100.99351064540004 101.00397857758686 101.01453675056842 101.02671925785482 101.03899200593594 101.04900873414921 101.0584840175942 101.07021532090704 101.08429288488244 101.09846068965255 101.11326017998566 101.12796942952406 101.14078362237346 101.15323685204402 101.1672241752247 101.17850427456396 101.18951365151908 101.20124495483192 101.21225433178705 101.22254178238447 101.2317463434453 101.23977777417484 101.24302644278455 101.24672631536784 101.2522310038454 101.26071363854852 101.26901579166223 101.2784910751072 101.28950045206233 101.30023910663331
101.10748476912396 101.19754508224865 101.2107202382769 101.10477754528253 101.0494599381228 101.06173268620391 100.99748124036746 100.93846376062442 100.94748784009585 100.96003131056109 100.96652864778052 100.97952332221935 100.98728403056475 100.9970300363939 101.00749796858072 101.0207633654037 101.03321659507425 101.04449669441351 101.0527086067325 101.06227413097218 101.0732835079273 101.08754155349213 101.10423610051424 101.12102088833109 101.13672278661134 101.1512515545603 101.16379502502556 101.17426295721239 101.18500161178339 101.19501833999665 101.20521554979935 101.21622492675446 101.22696358132545 101.23625838318101 101.2420337940427 101.24600438901012 101.2489823352357 101.25845761868067 101.26721097576794 101.27749842636534 101.28697370981034 101.29753188279189 101.30799981497871
101.14195675270474 101.20404241946807 101.18076029443182 101.07120796964888 100.98304271321321 100.97176261387393 100.9415319476447 100.93801255665085 100.9472171177117 100.95903866181924 100.96553599903866 100.97753802473564 100.98475728831278 100.99549594288375 101.00921254368029 101.02274866288741 101.03700670845222 101.0482868077915 101.0559572753422 101.06696665229732 101.07824675163658 101.09250479720141 101.1090188626341 101.12724750316634 101.14475421734089 101.15973418926343 101.17227765972869 101.18274559191553 101.18996485549265 101.19898893496408 101.20846421840905 101.21821022423818 101.22903911960387 101.23698030953872 101.24176307165855 101.2464555929837 101.25322365258725 101.2649549559001 101.27578385126577 101.28625178345263 101.2957270668976 101.30646572146858 101.31521907855584
101.09322672355913 101.13049617177606 101.12273546343064 101.06723737468147 100.97871115506692 100.94252459638656 100.93404196168343 100.9377418342667 100.94496109784384 100.95425589969939 100.9607532369188 100.97176261387393 100.97871115506692 100.99098390314803 101.00497122632872 101.02247794050326 101.03827007957823 101.05153547640121 101.06146196381977 101.07274206315903 101.08573673759787 101.10071670952041 101.11677957097952 101.13401556276992 101.15224420330216 101.16650224886699 101.17895547853753 101.18825028039309 101.19501833999665 101.20079375085835 101.20927638556148 101.21821022423818 101.22777574847787 101.2355364568233 101.24149234927441 101.24726776013613 101.25954050821724 101.27298638662965 101.28300311484291 101.29148574954603 101.30050982901744 101.31124848358843 101.31702389445013
101.04052609944608 101.07274206315903 101.05550607136863 101.00921254368029 100.9607532369188 100.9402685765187 100.93620774075657 100.93828327903499 100.94171242923413 100.94676591373813 100.9549778260571 100.96147516327653 100.96824322288009 100.98277199082906 101.00199328010316 101.02175601414555 101.04097730341965 101.05523534898448 101.06922267216518 101.08176614263044 101.09449009468513 101.1090188626341 101.12571340965621 101.14177627111532 101.15801961416386 101.17245814131812 101.18301631429968 101.19122822661865 101.19727435986451 101.19971086132179 101.20674964330948 101.2157737227809 101.22551972861001 101.23526573443915 101.24302644278455 101.2489823352357 101.26396230715824 101.27479120252391 101.28525913471077 101.29545634451345 101.30420970160073 101.31323378107214 101.3174750984237
101.0987314120367 101.07229085918544 101.01598060328385 100.95777529069325 100.93196642340502 100.93801255665085 100.9402685765187 100.9415319476447 100.94351724512842 100.94577326499628 100.94820976645356 100.94974385996369 100.9575045683091 100.97275526261579 100.9945032941419 101.02004143904598 101.04422597202937 101.0597473887202 101.07346398951674 101.08898540620756 101.10396537813011 101.11849414607909 101.13302291402806 101.14998818343432 101.16253165389956 101.1762482546961 101.18554305655167 101.1909575042345 101.1940256912548 101.19646219271208 101.20151567721607 101.21225433178705 101.22272226397389 101.23273899218715 101.24275572040041 101.24952378000397 101.2649549559001 101.27551312888163 101.28652250583677 101.29671971563945 101.30375849762716 101.31052655723072 101.31521907855584
