static/data/pressure/2023/7/18/18.asc
ncols 137
nrows 93
xllcorner 108.0
yllcorner 17.0
cellsize 0.25
NODATA_value -32767
[rows 0 to 18 of 93, columns 0 to 42 of 137]
100.86979051584699 100.90155527558635 100.94053929890285 100.98259150923963 101.0208536061984 101.02735094341783 101.01959023507241 101.01128808195871 100.99179607030047 100.97058948354264 100.96355070155495 100.97753802473564 100.98484752910748 100.98385488036563 101.00433954076573 101.06083027825676 101.12056968435752 101.15531239032244 101.1767896994644 101.1780530705904 101.1370837497902 101.09277551958556 101.09277551958556 101.11632836700595 101.1410543447576 101.14303964224132 101.15955370767401 101.19682315589093 101.20530579059407 101.17281910449697 101.12408907535135 101.02103408778784 100.91328657889919 100.82106048670136 100.80580979239468 100.82033856034364 100.84903513306274 100.87854387293426 100.88260470869639 100.87935604008669 100.8878386747898 100.90326985068592 100.91256465254148
100.92176921360232 100.95154867585798 100.99928605626174 101.04729415904964 101.09927285680497 101.10234104382526 101.09782900408955 101.087270831108 101.07003483931761 101.04260163772452 101.01760493758871 101.0015420761296 100.99910557467231 101.01327337944242 101.05279884752721 101.13906904727389 101.19456713602308 101.2157737227809 101.20656916172005 101.16352430264142 101.12102088833109 101.09277551958556 101.15531239032244 101.22903911960387 101.25881858185953 101.21378842529718 101.23084393549816 101.25105787351411 101.2420337940427 101.14809312674531 101.0655227995819 100.9862913818229 100.88431928379595 100.83405516114018 100.82485060007936 100.84154514710147 100.84885465147332 100.85156187531473 100.85381789518259 100.85860065730243 100.87430255558269 100.88883132353166 100.89785540300308
100.97230405864221 101.0073174869913 101.0348409293791 101.05884498077305 101.08384168090886 101.08158566104102 101.07932964117316 101.07355423031144 101.05929618474661 101.04909897494393 101.03402876222668 101.01607084407857 101.0015420761296 101.02004143904598 101.07084700647002 101.16559984091985 101.21685661231747 101.2228125047686 101.17958716410054 101.12905231906063 101.11506499587995 101.13681302740605 101.24880185364626 101.31052655723072 101.32234810133826 101.26730121656266 101.27858131590192 101.25060666954055 101.16478767376742 101.01607084407857 100.93629798155128 100.8865753036638 100.8558031926663 100.84253779584333 100.84777176193674 100.860315232402 100.85977378763371 100.86410534578 100.86807594074742 100.86681256962143 100.86834666313155 100.87457327796683 100.88260470869639
100.98457680672334 101.02626805388125 101.03980417308837 101.05604751613691 101.06434966925062 101.07183965521187 101.07752482527887 101.07851747402073 101.04178947057208 101.03583357812096 101.03754815322051 101.0380895979888 101.01760493758871 101.03132153838526 101.08032228991502 101.16379502502556 101.22154913364261 101.23282923298187 101.19483785840723 101.17281910449697 101.17976764568996 101.23634862397572 101.29653923405003 101.3065559622633 101.25782593311767 101.20503506820992 101.18707715006181 101.12878159667649 101.03754815322051 100.93927592777685 100.89253119611494 100.85878113889186 100.86058595478615 100.86581992087957 100.8706026829994 100.87385135160912 100.87330990684083 100.87583664909283 100.87682929783469 100.8750244819404 100.87827315055011 100.88459000618009 100.89207999214138
100.98177934208721 101.02834359215969 101.04206019295623 101.05027210527521 101.05758160964704 101.06182292699862 101.07256158156959 101.07382495269559 101.04855753017564 101.0533402922955 101.0565889609052 101.05352077388493 101.04052609944608 101.06308629812462 101.1397909736316 101.23454380808144 101.30258536729588 101.3181067839867 101.2592697858331 101.21929311377475 101.2515993182824 101.3225285829277 101.39129206849985 101.28904924808876 101.21532251880733 101.08257830978287 101.03502141096854 100.98484752910748 100.95181939824211 100.90552587055377 100.86735401438969 100.86455654975357 100.86807594074742 100.87303918445669 100.87809266896069 100.88179254154397 100.88585337730609 100.88729723002152 100.8878386747898 100.88756795240566 100.89054589863123 100.89632130949293 100.90155527558635
100.98809619771718 101.02410227480811 101.03953345070423 101.04756488143379 101.0655227995819 101.0655227995819 101.07526880541101 101.07752482527887 101.06507159560833 101.06759833786033 101.05956690713076 101.04855753017564 101.05027210527521 101.13184978369678 101.2208272072849 101.3130532994827 101.36051995750233 101.37405607670945 101.26333062159523 101.18229438794197 101.21252505417118 101.26233797285337 101.3181067839867 101.22308322715273 101.10306297018298 100.97456007851007 100.93277859055745 100.91635476591948 100.89153854737309 100.87204653571483 100.87258798048312 100.87078316458884 100.87358062922497 100.88134133757039 100.88630458127966 100.89108734339952 100.89758468061893 100.8992992557185 100.89956997810265 100.89984070048679 100.90227720194406 100.90633803770619 100.91157200379962
100.99333016381061 101.02157553255611 101.0348409293791 101.04260163772452 101.0598376295149 101.06182292699862 101.0712982104436 101.07409567507973 101.07635169494759 101.07427615666916 101.06633496673433 101.04982090130164 101.08230758739873 101.16433646979385 101.24979450238811 101.30484138716373 101.3487886541895 101.3302892912731 101.23084393549816 101.16108780118414 101.16559984091985 101.21333722132361 101.20981783032975 101.11208704965438 100.9913448663269 100.90705996406392 100.89153854737309 100.8750244819404 100.87457327796683 100.87006123823112 100.87078316458884 100.87782194657655 100.88034868882855 100.88828987876337 100.89577986472466 100.90083334922863 100.9083233351899 100.91157200379962 100.91202320777319 100.91157200379962 100.91310609730976 100.91707669227719 100.92176921360232
101.00560291189173 101.02753142500725 101.03285563189539 101.03078009361697 101.03727743083637 101.04476741679765 101.0585742583889 101.07183965521187 101.082849032167 101.08528553362429 101.08131493865687 101.07409567507973 101.11831366448966 101.1998011021165 101.26107460172737 101.27632529603406 101.27858131590192 101.27154253391423 101.21658588993333 101.18085053522654 101.20954710794562 101.22452707986815 101.16235117231014 101.05559631216335 100.9612946816871 100.89460673439336 100.87809266896069 100.86753449597913 100.87303918445669 100.87204653571483 100.87953652167612 100.88702650763737 100.89009469465766 100.89785540300308 100.90633803770619 100.91229393015733 100.91960343452917 100.92402523347016 100.92501788221202 100.9242959558543 100.9261007717486 100.92952992194773 100.93404196168343
101.01832686394643 101.03628478209453 101.03556285573681 101.0252754051394 101.02852407374911 101.0437747680558 101.05830353600477 101.06308629812462 101.07978084514673 101.08681962713443 101.08555625600843 101.10080695031512 101.14583710687745 101.2445605362947 101.27253518265609 101.27903251987549 101.2733473498085 101.26305989921109 101.20332049311035 101.18834052118781 101.233099955366 101.24004849655898 101.17083380701328 101.10577019402439 101.00758820937543 100.93783207506142 100.87556592670869 100.86527847611129 100.87809266896069 100.88260470869639 100.88982397227352 100.89785540300308 100.90227720194406 100.91003791028947 100.91707669227719 100.9242959558543 100.92853727320588 100.93359075770987 100.93557605519356 100.93810279744557 100.93954665016099 100.94378796751256 100.94802928486412
101.04106754421437 101.05027210527521 101.0540622186532 101.05956690713076 101.06777881944976 101.08528553362429 101.07978084514673 101.08059301229916 101.07806627004716 101.08754155349213 101.08384168090886 101.08510505203486 101.12056968435752 101.23508525284971 101.30384873842188 101.32604797392153 101.26955723643051 101.19158918979751 101.12959376382892 101.14529566210918 101.1965524335068 101.21460059244961 101.19727435986451 101.14953697946073 101.08808299826042 100.97076996513208 100.89902853333436 100.86807594074742 100.88459000618009 100.89081662101538 100.89984070048679 100.90760140883219 100.91454995002519 100.91960343452917 100.92628125333802 100.93079329307373 100.93458340645172 100.93909544618742 100.9415319476447 100.94460013466498 100.94929265599012 100.95479734446768 100.9587679394351
101.1135309023698 101.11984775799979 101.13554965628005 101.14953697946073 101.14502493972503 101.13356435879635 101.11533571826409 101.0955729842217 101.08131493865687 101.08302951375644 101.07003483931761 101.06759833786033 101.10207032144112 101.21983455854304 101.27903251987549 101.25205052225597 101.12860111508706 101.06579352196604 101.08131493865687 101.14060314078404 101.24401909152641 101.27984468702792 101.2675719389468 101.21279577655532 101.1332936364122 100.99152534791632 100.90733068644805 100.87403183319854 100.88955324988937 100.89956997810265 100.91057935505776 100.91933271214502 100.92456667823845 100.92655197572216 100.92934944035831 100.93232738658386 100.93530533280942 100.93683942631957 100.93927592777685 100.94378796751256 100.95154867585798 100.95660216036195 100.96003131056109
101.19104774502922 101.20034254688478 101.20954710794562 101.20783253284606 101.17706042184854 101.158290336548 101.14078362237346 101.12129161071522 101.09828020806312 101.07382495269559 101.06507159560833 101.08555625600843 101.15910250370042 101.22055648490075 101.19682315589093 101.12056968435752 101.05379149626906 101.09160238925428 101.16532911853571 101.24031921894313 101.28706395060505 101.32704062266339 101.32884543855768 101.26856458768866 101.12183305548349 100.97952332221935 100.90760140883219 100.88603385889552 100.89984070048679 100.90805261280576 100.9185205449926 100.92628125333802 100.9268226981063 100.92980064433188 100.93259810896801 100.93485412883587 100.93431268406758 100.93485412883587 100.93683942631957 100.94008809492928 100.94478061625442 100.95254132459982 100.95759480910381
101.19158918979751 101.19429641363894 101.1998011021165 101.19583050714908 101.17480440198068 101.15928298528986 101.1423177158836 101.12084040674165 101.08510505203486 101.06128148223033 101.06832026421804 101.12228425945707 101.2113519238399 101.2183004650329 101.16857778714542 101.11307969839623 101.17110452939741 101.26152580570096 101.28408600437947 101.25584063563397 101.25656256199169 101.30078055140159 101.29482465895046 101.22705382212015 101.07905891878902 100.97076996513208 100.90859405757405 100.89577986472466 100.90579659293792 100.91427922764105 100.9242959558543 100.93178594181559 100.9337712392993 100.93683942631957 100.93756135267728 100.93530533280942 100.93232738658386 100.93503461042528 100.93855400141913 100.942073392413 100.943336763539 100.95633143797782 100.9612946816871
101.17651897708025 101.17633849549082 101.17958716410054 101.17606777310668 101.16857778714542 101.13230098767035 101.1160576446218 101.09927285680497 101.07283230395373 101.05830353600477 101.0732835079273 101.1250817240932 101.19709387827507 101.20079375085835 101.16253165389956 101.18130173920011 101.28083733576977 101.31585076411885 101.25728448834938 101.21252505417118 101.22831719324616 101.23806319907528 101.22127841125847 101.14601758846689 101.03285563189539 100.95154867585798 100.9165352475089 100.9050746665802 100.91103055903133 100.92357402949659 100.93160546022615 100.93629798155128 100.93981737254514 100.9427953187707 100.9478488032747 100.9478488032747 100.96607744380695 100.98177934208721 100.98584017784933 100.99053269917447 100.99305944142647 101.0002787050036 100.9875547529489
101.16478767376742 101.19131846741337 101.19303304251294 101.18527233416754 101.17281910449697 101.13735447217434 101.12878159667649 101.11506499587995 101.09485105786398 101.06579352196604 101.07734434368945 101.10802621389224 101.18581377893581 101.1850918525781 101.14331036462546 101.15783913257442 101.24880185364626 101.27984468702792 101.23156586185587 101.21234457258176 101.21857118741704 101.22055648490075 101.1805798128424 101.10658236117682 101.00452002235515 100.94730735850641 100.91482067240933 100.91427922764105 100.92032536088688 100.93106401545788 100.93683942631957 100.94135146605528 100.9478488032747 100.95777529069325 100.96652864778052 101.0015420761296 101.03502141096854 101.05306956991136 101.06028883348847 101.06407894686647 101.07382495269559 101.06777881944976 101.05108427242764
101.13157906131264 101.16803634237714 101.1896038923138 101.1818431839684 101.16027563403172 101.1397909736316 101.13130833892849 101.13735447217434 101.12002823958923 101.08483432965072 101.09277551958556 101.12426955694077 101.21983455854304 101.14601758846689 101.10432634130898 101.09584370660583 101.18527233416754 101.23409260410786 101.26730121656266 101.24853113126213 101.23355115933958 101.26080387934323 101.22055648490075 101.1238183529672 100.99928605626174 100.94053929890285 100.9248374006226 100.92456667823845 100.93178594181559 100.93629798155128 100.942073392413 100.94983410075841 100.95705336433554 100.97104068751622 100.99278871904232 101.02807286977554 101.06281557574047 101.07680289892116 101.0840221624983 101.09828020806312 101.11307969839623 101.10730428753453 101.08681962713443
101.09259503799613 101.14006169601575 101.1615390051577 101.17281910449697 101.14430301336732 101.12481100170906 101.13681302740605 101.14258843826775 101.1767896994644 101.1160576446218 101.12426955694077 101.12905231906063 101.22010528092719 101.11659908939009 101.08528553362429 101.07680289892116 101.18978437390322 101.21604444516504 101.24934329841454 101.2663085678208 101.25809665550182 101.30583403590559 101.25132859589826 101.1537782968123 101.0035273736133 100.94730735850641 100.93160546022615 100.9337712392993 100.94108074367114 100.9440586898967 100.94929265599012 100.95678264195139 100.96355070155495 100.98078669334535 101.00253472487145 101.02004143904598 101.04756488143379 101.0598376295149 101.0745468790533 101.08880492461813 101.10883838104466 101.10234104382526 101.08185638342515
101.06335702050876 101.11380162475395 101.16830706476128 101.18455040780982 101.14132506714175 101.09232431561199 101.10829693627639 101.1615390051577 101.23707055033343 101.15657576144844 101.08230758739873 101.07932964117316 101.11705029336366 101.06182292699862 101.04034561785666 101.11984775799979 101.24528246265241 101.22930984198801 101.19781580463278 101.21351770291304 101.25556991324983 101.30429994239545 101.24104114530084 101.13482772992234 100.99883485228817 100.95154867585798 100.93927592777685 100.9402685765187 100.94703663612226 100.95109747188441 100.95633143797782 100.96084347771352 100.96580672142281 100.98177934208721 100.99305944142647 101.00903206209087 101.03303611348483 101.05234764355365 101.06759833786033 101.08005156753087 101.09828020806312 101.087270831108 101.06958363534405
101.02608757229183 101.07382495269559 101.13410580356462 101.17859451535868 101.14430301336732 101.08104421627273 101.05505486739506 101.10378489654069 101.17354103085468 101.08907564700228 100.99955677864588 100.96553599903866 100.98584017784933 100.9900814952009 101.05929618474661 101.1615390051577 101.26278917682694 101.20981783032975 101.170292362245 101.13933976965804 101.18653570529352 101.20332049311035 101.13184978369678 101.02680949864954 100.97555272725192 100.96057275532938 100.9453220610227 100.943336763539 100.95154867585798 100.95633143797782 100.96003131056109 100.96454335029681 100.96932611241665 100.97907211824578 100.98981077281675 101.00334689202387 101.02960696328569 101.05252812514307 101.07310302633788 101.08555625600843 101.08952685097584 101.07003483931761 101.05433294103734
