static/data/pressure/2023/7/18/6.asc
ncols 137
nrows 93
xllcorner 108.0
yllcorner 17.0
cellsize 0.25
NODATA_value -32767
[rows 19 to 37 of 93, columns 43 to 85 of 137]
101.05604751613691 101.07102748805946 101.06877146819161 101.0655227995819 101.06335702050876 101.06434966925062 101.05929618474661 101.04982090130164 101.03781887560466 101.02428275639754 101.01128808195871 100.99829340751988 100.98484752910748 100.97076996513208 100.95678264195139 100.943336763539 100.93007136671602 100.91635476591948 100.9012845532022 100.88684602604795 100.87105388697297 100.85354717279844 100.8360404586239 100.81708989173394 100.79985389994354 100.78306911212671 100.76077963583234 100.74931905490364 100.74805568377765 100.75626759609663 100.73605365808066 100.73334643423924 100.74282171768424 100.7682696217936 100.84082322074376 100.91752789625076 100.96183612645538 100.93909544618742 100.95154867585798 100.99730075877802 101.05352077388493 101.0905194997177 101.09358768673799
101.04810632620207 101.06155220461447 101.06732761547619 101.06877146819161 101.0667861707079 101.0598376295149 101.0508135500435 101.04178947057208 101.03132153838526 101.01805614156228 101.00307616963973 100.9888181240749 100.97401863374178 100.95930938420338 100.94460013466498 100.92980064433188 100.91608404353534 100.90435274022249 100.89009469465766 100.87457327796683 100.85733728617643 100.83829647849176 100.81582652060796 100.790559098088 100.76529167556804 100.74002425304809 100.71809573993255 100.70735708536158 100.70708636297744 100.71529827529642 100.7042888983413 100.71033503158715 100.73352691582866 100.78054236987474 100.85029850418873 100.90805261280576 100.94081002128699 100.94053929890285 100.96932611241665 100.99802268513574 101.02554612752354 101.04233091534037 101.06335702050876
101.04702343666551 101.04557958395007 101.0540622186532 101.06055955587262 101.06083027825676 101.05379149626906 101.04729415904964 101.03754815322051 101.02554612752354 101.01282217546886 100.99829340751988 100.98277199082906 100.96734081493295 100.95055602711612 100.93503461042528 100.92005463850275 100.90606731532206 100.89379456724095 100.8800779664444 100.86383462339586 100.8456059828636 100.8225945802115 100.7963345089497 100.76854034417775 100.73885112271681 100.71105695794486 100.69355024377033 100.68407496032533 100.68335303396762 100.69255759502848 100.70807901171929 100.7247735587414 100.75807241199091 100.79931245517527 100.83152841888821 100.85652511902401 100.88377783902769 100.92158873201288 100.96535551744924 100.99251799665818 101.013092897853 101.03204346474297 101.05830353600477
101.02735094341783 101.01977071666184 101.02960696328569 101.03754815322051 101.04458693520823 101.0437747680558 101.0393529691148 101.03204346474297 101.0208536061984 101.01002471083271 100.99531546129433 100.97952332221935 100.96228733042895 100.94460013466498 100.92808606923231 100.91256465254148 100.89857732936079 100.88477048776952 100.86807594074742 100.85102043054644 100.82882119504679 100.80328305014268 100.77377431027116 100.74354364404195 100.71403490417043 100.69129422390247 100.68055556933149 100.67180221224422 100.67252413860193 100.68208966284162 100.70853021569286 100.73957304907452 100.77305238391345 100.79534186020784 100.8135705007401 100.8410939431279 100.8762878530664 100.91409874605162 100.95308276936811 100.98484752910748 101.00803941334901 101.03303611348483 101.05731088726291
100.99405209016832 100.99883485228817 101.00704676460715 101.01453675056842 101.01634156646271 101.02103408778784 101.02130481017197 101.02283890368211 101.01580012169443 101.0060541158653 100.99107414394275 100.97627465360964 100.95930938420338 100.94108074367114 100.92402523347016 100.90552587055377 100.88955324988937 100.87403183319854 100.85706656379229 100.83378443875604 100.80635123716296 100.77702297888088 100.74552894152565 100.71629092403828 100.69607698602232 100.67956292058965 100.67008763714465 100.66557559740895 100.66882426601865 100.68407496032533 100.71529827529642 100.7490483325195 100.7675476954359 100.7802716474906 100.80183919742726 100.8347770874979 100.8762878530664 100.91427922764105 100.95452662208353 100.98954005043261 101.01381482421071 101.03502141096854 101.0585742583889
100.96427262791266 100.97131140990035 100.97735754314621 100.98277199082906 100.98602065943875 100.99684955480446 101.00235424328203 101.0060541158653 101.00858085811728 101.0002787050036 100.98656210420704 100.97257478102635 100.95606071559368 100.93729063029313 100.9197839161186 100.9005626268445 100.88034868882855 100.86329317862757 100.83784527451819 100.81077303610395 100.77927899874874 100.74760447980408 100.71656164642242 100.6953550596646 100.68281158919933 100.67180221224422 100.67008763714465 100.66810233966093 100.67658497436408 100.6908430199289 100.72152489013169 100.7432729216578 100.76005770947462 100.77729370126502 100.81185592564053 100.84885465147332 100.88585337730609 100.92456667823845 100.96535551744924 100.99558618367845 101.02184625494026 101.0368262268628 101.0598376295149
100.9453220610227 100.94703663612226 100.94983410075841 100.95533878923597 100.96679937016467 100.9797940446035 100.98782547533304 100.99802268513574 101.00082014977188 100.99278871904232 100.98033548937178 100.96652864778052 100.95154867585798 100.93277859055745 100.91328657889919 100.89207999214138 100.87159533174126 100.84506453809531 100.81808254047579 100.78676898471 100.75301892748692 100.72134440854227 100.70076950734745 100.68308231158348 100.67577280721164 100.67306558337022 100.67135100827065 100.67604352959579 100.68606025780905 100.69905493224788 100.72206633489998 100.74408508881022 100.75807241199091 100.78604705835228 100.82358722895336 100.86428582736943 100.9005626268445 100.93783207506142 100.97383815215235 101.00379809599744 101.02852407374911 101.04359428646637 101.06407894686647
100.93756135267728 100.93178594181559 100.93602725916713 100.94234411479714 100.95479734446768 100.96535551744924 100.97356742976821 100.98403536195507 100.99035221758504 100.9823207868555 100.97076996513208 100.95678264195139 100.942073392413 100.92501788221202 100.90453322181192 100.88134133757039 100.85607391505044 100.82927239902035 100.80057582630126 100.76808914020417 100.73578293569652 100.71484707132285 100.69508433728046 100.68506760906719 100.68010436535792 100.67857027184779 100.68308231158348 100.68876748165047 100.69454289251217 100.71926887026385 100.74309244006837 100.77404503265531 100.78406176086857 100.80553907001054 100.84154514710147 100.88233398631225 100.91310609730976 100.94685615453284 100.97952332221935 101.01228073070057 101.03727743083637 101.0565889609052 101.0758102501793
100.93485412883587 100.9255593269803 100.9261007717486 100.93133473784202 100.93602725916713 100.9453220610227 100.95353397334168 100.96309949758138 100.96977731639022 100.97104068751622 100.9612946816871 100.94685615453284 100.93259810896801 100.9152718763829 100.89334336326736 100.87006123823112 100.84334996299575 100.81654844696565 100.78830307822014 100.75852361596448 100.73605365808066 100.71755429516428 100.70528154708316 100.69806228350602 100.69309903979675 100.69327952138619 100.69833300589016 100.70780828933515 100.71259105145501 100.7528384458975 100.80860725703081 100.84957657783103 100.84578646445303 100.83459660590847 100.86509799452186 100.89731395823479 100.92781534684816 100.95452662208353 100.98926932804847 101.02356083003983 101.05180619878536 101.07156893282773 101.09629491057942
100.93277859055745 100.92528860459616 100.9230325847283 100.92059608327102 100.92158873201288 100.92808606923231 100.93178594181559 100.94108074367114 100.95209012062625 100.95759480910381 100.94929265599012 100.93756135267728 100.92402523347016 100.90760140883219 100.88377783902769 100.86130788114386 100.83504780988204 100.80905846100438 100.78577633596814 100.76132108060062 100.74354364404195 100.72955632086126 100.71809573993255 100.71232032907086 100.71105695794486 100.71259105145501 100.71908838867441 100.72883439450355 100.7356024541071 100.76204300695834 100.80635123716296 100.83901840484947 100.84804248432089 100.85381789518259 100.88459000618009 100.91427922764105 100.94081002128699 100.96553599903866 101.00406881838158 101.04052609944608 101.0693129129599 101.08880492461813 101.1160576446218
100.92501788221202 100.91879126737675 100.91328657889919 100.90552587055377 100.90029190446036 100.90408201783835 100.90904526154762 100.92059608327102 100.93503461042528 100.9465854321487 100.942073392413 100.92952992194773 100.91680596989305 100.90155527558635 100.87953652167612 100.85751776776587 100.83333323478247 100.81005110974624 100.789295726962 100.7682696217936 100.75455302099707 100.7445362927838 100.73731702920666 100.73451956457052 100.73451956457052 100.73731702920666 100.74309244006837 100.7515750747715 100.76484047159448 100.77982044351702 100.79985389994354 100.82051904193308 100.84334996299575 100.8750244819404 100.90760140883219 100.93584677757771 100.96102395930295 100.98710354897533 101.02626805388125 101.06353750209819 101.09133166687013 101.10829693627639 101.1250817240932
100.90435274022249 100.90435274022249 100.90281864671235 100.89559938313522 100.88883132353166 100.89054589863123 100.89235071452552 100.89884805174493 100.9108500774419 100.92402523347016 100.93079329307373 100.9230325847283 100.91184272618376 100.89577986472466 100.87782194657655 100.85860065730243 100.83558925465033 100.81555579822381 100.79705643530741 100.78252766735844 100.77278166152931 100.76384782285263 100.75852361596448 100.75707976324905 100.75581639212307 100.76032843185877 100.76556239795218 100.77233045755574 100.78604705835228 100.80734388590481 100.83053577014635 100.8532764504143 100.8762878530664 100.89956997810265 100.9268226981063 100.95181939824211 100.97807946950392 101.00885158050143 101.04585030633422 101.07851747402073 101.10279224779883 101.12056968435752 101.14430301336732
100.88684602604795 100.88928252750523 100.88630458127966 100.88034868882855 100.87457327796683 100.87457327796683 100.87033196061526 100.87610737147698 100.88431928379595 100.89559938313522 100.90534538896435 100.91130128141548 100.90281864671235 100.89235071452552 100.87529520432454 100.85860065730243 100.84181586948561 100.82331650656921 100.81077303610395 100.79859052881756 100.790559098088 100.78379103848442 100.77855707239102 100.77756442364917 100.77657177490731 100.78108381464301 100.78785187424657 100.79579306418141 100.80779508987838 100.82304578418507 100.84578646445303 100.86879786710513 100.89235071452552 100.9165352475089 100.9440586898967 100.96959683480078 100.99684955480446 101.02708022103369 101.06254485335633 101.09232431561199 101.11659908939009 101.13735447217434 101.16108780118414
100.87430255558269 100.8762878530664 100.87132460935712 100.86509799452186 100.8558031926663 100.8532764504143 100.85002778180458 100.85129115293059 100.85932258366014 100.86609064326372 100.87430255558269 100.88179254154397 100.88982397227352 100.88260470869639 100.87276846207254 100.85977378763371 100.8443426117376 100.83378443875604 100.8225945802115 100.81203640722995 100.80553907001054 100.79904173279112 100.7950711378237 100.79380776669771 100.79452969305542 100.79985389994354 100.80680244113654 100.81781181809166 100.83179914127236 100.84677911319488 100.86482727213772 100.88729723002152 100.90931598393176 100.93458340645172 100.96102395930295 100.98656210420704 101.01354410182657 101.04106754421437 101.07183965521187 101.10252152541469 101.13058641257078 101.15260516648102 101.17227765972869
100.86410534578 100.86627112485314 100.861578603528 100.85129115293059 100.84181586948561 100.83252106763007 100.83279179001421 100.83378443875604 100.83459660590847 100.84010129438605 100.84704983557903 100.85607391505044 100.86428582736943 100.87385135160912 100.86735401438969 100.85778849015001 100.84831320670503 100.83784527451819 100.8308064925305 100.8225945802115 100.8168191693498 100.81384122312424 100.8097803873621 100.81077303610395 100.8135705007401 100.81952639319123 100.82782854630493 100.83883792326004 100.85183259769887 100.86554919849543 100.8833266350541 100.90155527558635 100.9230325847283 100.94983410075841 100.97780874711978 101.00334689202387 101.0290655185174 101.05505486739506 101.08203686501459 101.1090188626341 101.13735447217434 101.1608170788 101.1793164417164
100.84479381571118 100.84759128034732 100.84903513306274 100.83883792326004 100.83829647849176 100.82809926868907 100.82782854630493 100.82078976431721 100.8213312090855 100.82078976431721 100.82503108166878 100.83432588352433 100.85029850418873 100.86004451001786 100.85878113889186 100.85535198869272 100.84632790922132 100.84334996299575 100.83685262577633 100.83152841888821 100.8295431214045 100.82656517517893 100.82728710153664 100.82927239902035 100.83279179001421 100.84028177597547 100.84885465147332 100.85805921253414 100.86951979346284 100.88233398631225 100.89758468061893 100.91581332115119 100.93530533280942 100.96228733042895 100.99152534791632 101.02004143904598 101.04585030633422 101.06877146819161 101.0917828708437 101.1185843868738 101.14177627111532 101.16559984091985 101.1850918525781
100.82033856034364 100.82457987769521 100.82909191743093 100.83829647849176 100.84181586948561 100.83703310736576 100.83279179001421 100.82403843292693 100.81185592564053 100.8097803873621 100.80779508987838 100.81384122312424 100.83035528855692 100.84930585544689 100.85002778180458 100.85002778180458 100.85002778180458 100.84732055796317 100.84759128034732 100.84452309332704 100.84407188935346 100.84334996299575 100.8443426117376 100.84759128034732 100.85102043054644 100.85878113889186 100.86654184723729 100.87610737147698 100.88684602604795 100.89704323585065 100.91256465254148 100.93133473784202 100.95055602711612 100.97528200486778 101.00704676460715 101.03583357812096 101.0611010006409 101.08302951375644 101.10604091640853 101.12860111508706 101.15179299932859 101.17083380701328 101.19059654105565
100.80878773862024 100.81609724299209 100.8282797502785 100.83802575610761 100.83784527451819 100.8347770874979 100.83405516114018 100.82485060007936 100.81158520325639 100.80183919742726 100.79407848908184 100.79859052881756 100.81627772458151 100.83658190339219 100.84677911319488 100.8532764504143 100.85481054392444 100.85778849015001 100.86058595478615 100.86004451001786 100.86004451001786 100.85878113889186 100.859051861276 100.86257125226986 100.86735401438969 100.87556592670869 100.88305591266996 100.89027517624709 100.89956997810265 100.91030863267362 100.92655197572216 100.9453220610227 100.96535551744924 100.9875547529489 101.01959023507241 101.0495501789175 101.07553952779516 101.10053622793097 101.12454027932492 101.14556638449332 101.16126828277358 101.17778234820625 101.1952890623808
100.81835326285993 100.81402170471367 100.83179914127236 100.84334996299575 100.84235731425389 100.81835326285993 100.81627772458151 100.8110437584881 100.80328305014268 100.79353704431357 100.79335656272413 100.80608051477881 100.82232385782736 100.83829647849176 100.84903513306274 100.86130788114386 100.86780521836327 100.87159533174126 100.87276846207254 100.8706026829994 100.87033196061526 100.86906858948927 100.8693393118734 100.87403183319854 100.87827315055011 100.88585337730609 100.89406528962509 100.90281864671235 100.91328657889919 100.92709342049045 100.9427953187707 100.96102395930295 100.98078669334535 101.00127135374545 101.02807286977554 101.0585742583889 101.09033901812828 101.11885510925795 101.14177627111532 101.15531239032244 101.16785586078771 101.18283583271025 101.2010644732425
