static/data/salinity/2023/7/12/0.asc
ncols 137
nrows 93
xllcorner 108.0
yllcorner 17.0
cellsize 0.25
NODATA_value -32767
[rows 54 to 80 of 93, columns 61 to 121 of 137]
33.40516 33.36487 33.46356 33.66606 33.78867 33.809902 33.823246 33.905033 33.97981 34.11946 34.241993 34.213463 34.162014 34.17332 34.239746 34.517864 34.566532 34.596115 34.494602 34.40445 34.358517 34.300056 34.240673 34.249863 34.398205 34.499004 34.52135 34.58928 34.563957 34.636166 34.54821 34.39513 34.36253 34.24178 34.179325 34.190834 34.194954 34.18316 34.18369 34.220306 34.28862 34.4531 34.66559 34.697987 34.602264 34.562485 34.61663 34.450424 34.65705 34.6639 34.754944 34.76937 34.707073 34.63562 34.525486 34.614384 34.680386 34.642616 34.620926 34.58691 34.65791
33.840984 33.81951 33.83616 34.243004 34.314762 34.2826 34.257286 34.231983 34.212486 34.178783 34.259773 34.22972 34.20573 34.208866 34.459515 34.492523 34.573925 34.64196 -32767.0 34.447617 34.34809 34.273315 34.236767 34.271683 34.34417 34.4323 34.50491 34.617252 34.573696 34.61758 34.694958 34.37969 34.4083 34.218685 34.17162 34.201107 34.20959 34.23203 34.27849 34.34215 34.444202 34.60193 34.679367 34.642174 34.556427 34.53753 34.564487 34.389957 34.65212 34.65529 34.72852 34.75344 34.7835 34.697094 34.59383 34.58982 34.630817 34.611244 34.586857 34.57438 34.65755
34.23647 34.217545 34.21965 34.250626 34.259033 34.233795 34.20244 34.222397 34.26623 34.24506 34.25738 34.29634 34.254566 34.258293 34.378563 34.47836 34.51755 34.57776 34.610207 34.57226 34.43441 34.30695 34.27901 34.282528 34.311516 34.35382 34.466957 34.633038 34.590683 34.614754 34.709377 34.599506 34.3882 34.256046 34.160534 34.207363 34.24149 34.282654 34.338985 34.426304 34.54006 34.62907 34.63669 34.593464 34.530136 34.52806 34.483856 34.312725 34.56676 34.643562 34.668655 34.763557 34.778206 34.773468 34.710415 34.678566 34.691513 34.693336 34.662525 34.654037 34.67507
34.46825 34.252995 34.242107 34.272938 34.29822 34.334595 34.262836 34.28301 34.36518 34.299377 34.511658 34.66818 34.644497 34.689266 34.712902 34.708702 34.73458 34.751995 34.734184 34.67361 34.628582 34.60875 34.518337 34.31195 34.287582 34.310333 34.405426 34.641834 34.586063 34.626343 34.642483 34.701958 34.502872 34.4258 34.247555 34.215836 34.27921 34.32788 34.37229 34.465214 34.56945 34.606945 34.615524 34.568516 34.502594 34.48737 34.334785 34.248226 34.497883 34.6719 34.628235 34.660873 34.743317 34.784325 34.785496 34.76311 34.74674 34.7293 34.7086 34.68473 34.674385
34.49702 34.424187 34.31902 34.38834 34.392097 34.32838 34.248604 34.4873 34.579914 34.59429 34.671165 34.63342 34.675343 34.654373 34.642357 34.725044 34.77758 34.762966 34.731873 34.718044 34.691845 34.67082 34.65987 34.622917 34.429634 34.341618 34.366802 34.650127 34.6039 34.60842 34.69895 34.672714 34.669353 34.324932 34.38125 34.285023 34.256054 34.303173 34.306355 34.337887 34.45072 34.51087 34.47475 34.453503 34.51042 34.406044 34.22152 34.31899 34.5511 34.668644 34.63812 34.63329 34.656693 34.747196 34.75997 34.75692 34.74073 34.713997 34.680294 34.663845 34.683914
34.429153 34.42718 34.407307 34.35642 34.32241 34.225304 34.257053 34.622673 34.6658 34.711372 34.626686 34.558754 34.562996 34.601162 34.641735 34.771656 34.795506 34.747364 34.72011 34.724262 34.74691 34.73375 34.70068 34.692024 34.63526 34.44195 34.366768 34.631226 34.611214 34.603237 34.72337 34.70886 34.683037 34.6409 34.381256 34.24016 34.236183 34.293327 34.27056 34.246506 34.251812 34.273384 34.329823 34.45884 34.468956 34.308105 34.127968 34.416435 34.546837 34.635723 34.6506 34.61903 34.6505 34.64948 34.738304 34.72003 34.69816 34.654522 34.643646 34.700073 34.71389
34.40746 34.147133 34.218014 34.202076 34.18466 34.219933 34.456062 34.64134 34.65822 34.661938 34.573215 34.551067 34.578403 34.604515 34.648323 34.786022 34.82311 34.71598 34.697586 34.67948 34.676807 34.732773 34.74904 34.70849 34.694435 34.503056 34.414234 34.62978 34.597393 34.62903 34.693256 34.66295 34.6291 34.601723 34.54977 34.51855 34.481968 34.35578 34.16435 34.164192 34.29479 34.254333 34.219494 34.25924 34.26314 34.19146 34.062725 34.4814 34.57367 34.661682 34.64062 34.621433 34.66259 34.65419 34.64976 34.70602 34.6758 34.543636 34.607822 34.658287 34.7963
34.266773 34.226463 34.351334 34.21804 34.137787 34.305965 34.6268 34.602547 34.564632 34.616306 34.551796 34.597927 34.595325 34.603718 34.645855 34.77653 34.781666 34.70484 34.680473 34.67259 34.662174 34.704002 34.752346 34.74427 34.703606 34.526875 34.464916 34.638065 34.610363 34.66497 34.66122 34.67574 34.6409 34.585247 34.48125 34.462635 34.459743 34.427464 34.385075 34.344795 34.23701 34.10657 34.151875 34.186073 34.163975 34.09754 34.058235 34.498375 34.603306 34.663044 34.65794 34.605804 34.698032 34.72408 34.674965 34.666332 34.69495 34.570595 34.63896 34.70955 34.664013
34.379227 34.406975 34.386932 34.266 34.264397 34.528812 34.527348 34.51388 34.554295 34.600834 34.59398 34.57065 34.5649 34.6035 34.650707 34.76751 34.755974 34.68943 34.68893 34.682796 34.66967 34.70971 34.741375 34.751606 34.67216 34.535107 34.614143 34.585384 34.67882 34.673283 34.65034 34.71165 34.665657 34.58281 34.537292 34.49749 34.459484 34.427803 34.45202 34.459507 34.407578 34.32832 34.259357 34.172756 34.12873 34.14558 34.201157 34.53189 34.61376 34.673943 34.641228 34.607796 34.786964 34.825638 34.710915 34.67251 34.700447 34.580505 34.640064 34.642117 34.884117
34.494236 34.55113 34.54329 34.550636 34.544655 34.496105 34.527042 34.602676 34.595486 34.62429 34.633152 34.600235 34.580975 34.58582 34.64621 34.782295 34.73161 34.69182 34.69515 34.691925 34.69711 34.715973 34.741253 34.714417 34.558334 34.6043 34.58755 34.6709 34.674423 34.66685 34.664856 34.699383 34.66406 34.589703 34.554 34.51509 34.41349 34.37231 34.329144 34.370766 34.46453 34.450104 34.382507 34.360546 34.32874 34.335518 34.3834 34.544792 34.623245 34.66573 34.62889 34.703537 34.832767 34.84278 34.731403 34.690567 34.6965 34.569912 34.604004 34.69867 34.982292
34.56376 34.589813 34.55761 34.525433 34.49691 34.53852 34.625942 34.60889 34.620205 34.621136 34.638474 34.61682 34.57661 34.580418 34.683434 34.79185 34.71432 34.691048 34.696014 34.697075 34.701954 34.71484 34.731194 34.612682 34.57289 34.51073 34.58886 34.69731 34.680412 34.67601 34.66888 34.669228 34.658062 34.590305 34.597572 34.513508 34.357 34.28903 34.28166 34.351128 34.403194 34.390842 34.35552 34.3816 34.36725 34.373688 34.550438 34.5798 34.599453 34.657986 34.621418 34.771904 34.820747 34.835243 34.709183 34.6575 34.6674 34.557247 34.551956 34.896763 35.016415
34.591133 34.6289 34.614506 34.543556 34.48626 34.63239 34.64109 34.605293 34.61417 34.70143 34.692 34.629158 34.60287 34.624077 34.74688 34.778057 34.690144 34.67988 34.68796 34.691658 34.69992 34.716743 34.664326 34.52837 34.545822 34.499256 34.569534 34.69989 34.704784 34.705505 34.636185 34.610405 34.61302 34.603146 34.575336 34.51355 34.374912 34.331726 34.36235 34.40449 34.40341 34.404945 34.427887 34.464935 34.49793 34.54425 34.60994 34.64311 34.66252 34.647118 34.62612 34.769276 34.79464 34.767956 34.638783 34.663395 34.50567 34.526886 34.835682 34.995144 35.036217
34.617264 34.63405 34.61858 34.550774 34.443554 34.5922 34.585617 34.576393 34.68575 34.726803 34.706177 34.633583 34.617313 34.703857 34.763275 34.658794 34.6739 34.665825 34.67511 34.678535 34.67545 34.650433 34.56803 34.508667 34.501347 34.51768 34.566902 34.68207 34.714577 34.658752 34.690994 34.65827 34.63016 34.606346 34.573627 34.532776 34.51016 34.414898 34.481606 34.51234 34.515686 34.54861 34.554962 34.59487 34.619537 34.67169 34.666214 34.64082 34.629845 34.62901 34.62931 34.763992 34.675285 34.6584 34.61367 34.448135 34.711174 34.93483 35.011818 35.01046 35.04117
34.570267 34.600655 34.566204 34.55542 34.43004 34.3636 34.454758 34.560665 34.700607 34.698174 34.66983 34.623734 34.63744 34.74434 34.60387 34.65826 34.663166 34.654724 34.663586 34.638554 34.609215 34.55937 34.5268 34.555878 34.596333 34.596836 34.586575 34.650253 34.719532 34.698452 34.723534 34.685127 34.63956 34.642136 34.620193 34.58278 34.552826 34.53832 34.466934 34.5072 34.55125 34.704 34.68005 34.680767 34.663597 34.632057 34.635468 34.62589 34.59903 34.603783 34.63803 34.764187 34.605503 34.51315 34.56083 34.864365 34.971222 34.989853 34.984978 35.015682 35.017914
34.429756 34.42268 34.487816 34.551434 34.47745 34.370228 34.469387 34.540718 34.685776 34.70575 34.66329 34.623463 34.645287 34.71628 34.50742 34.58168 34.65325 34.630135 34.621197 34.63811 34.62815 34.616756 34.614788 34.615166 34.613503 34.6002 34.59114 34.659496 34.74459 34.730095 34.716354 34.72169 34.676014 34.65712 34.642254 34.629257 34.592125 34.556774 34.55389 34.499146 34.58705 34.708454 34.70216 34.684673 34.64338 34.643776 34.618774 34.5717 34.564976 34.583164 34.639305 34.735683 34.553013 34.499535 34.842163 34.874413 34.975937 35.00025 35.004627 35.002686 34.923943
34.406666 34.390175 34.49846 34.465847 34.375378 34.355675 34.530758 34.52746 34.667927 34.726395 34.67913 34.64199 34.63838 34.700325 34.49213 34.53407 34.54292 34.596703 34.615032 34.607162 34.597908 34.596294 34.59399 34.605576 34.59929 34.59609 34.591217 34.745342 34.768394 34.752464 34.728867 34.70538 34.70038 34.67667 34.658646 34.639763 34.63301 34.593754 34.568073 34.570248 34.52996 34.589775 34.597305 34.614655 34.662174 34.587757 34.539593 34.525593 34.53902 34.573307 34.629353 34.654392 34.582474 34.531868 34.815563 34.78387 34.832428 34.916374 35.00162 35.015003 35.00442
34.402454 34.41101 34.45413 34.31579 34.346294 34.43425 34.55572 34.53173 34.674297 34.73351 34.69222 34.643574 34.62775 34.71487 34.49674 34.54418 34.568066 34.569286 34.556408 34.55502 34.570236 34.60329 34.665176 34.6987 34.700317 34.716217 34.754353 34.759674 34.772102 34.762573 34.731003 34.714035 34.69366 34.689137 34.681717 34.681572 34.652542 34.628975 34.59342 34.580063 34.587574 34.59404 34.635548 34.666576 34.577816 34.53227 34.51131 34.491356 34.513447 34.563797 34.603985 34.60392 34.690296 34.51599 34.762283 34.679108 34.68308 34.805336 34.820946 34.8301 34.841667
34.420967 34.488407 34.406425 34.307087 34.404137 34.471558 34.475807 34.586506 34.67979 34.73497 34.70508 34.64479 34.62709 34.71019 34.5632 34.530613 34.57279 34.63131 34.663437 34.674473 34.740715 34.770966 34.789383 34.795605 34.778736 34.722137 34.723488 34.73615 34.77496 34.757725 34.74279 34.743267 34.738216 34.728638 34.709568 34.71276 34.677013 34.648834 34.615025 34.58675 34.59033 34.600224 34.66693 34.619267 34.537754 34.53459 34.552155 34.49998 34.513565 34.55567 34.586273 34.623695 34.68847 34.51977 34.596355 34.676994 34.629395 34.649586 34.81038 34.93646 34.940037
34.4129 34.504074 34.360905 34.333595 34.43063 34.481956 34.521503 34.61741 34.667957 34.73445 34.712315 34.653 34.632607 34.7005 34.660378 34.57282 34.580383 34.61181 34.719917 34.73537 34.741173 34.74902 34.78379 34.80511 34.808853 34.78859 34.77487 34.785778 34.774307 34.75374 34.7258 34.707256 34.702126 34.69366 34.690193 34.713737 34.69569 34.66754 34.621777 34.59147 34.581367 34.632088 34.65989 34.58278 34.540165 34.58837 34.558887 34.513977 34.532944 34.564117 34.604816 34.62517 34.64845 34.584877 34.502857 34.56938 34.634922 34.61237 34.671722 34.772175 34.820988
34.395126 34.401215 34.323715 34.45878 34.50518 34.42373 34.597218 34.667973 34.667446 34.733215 34.719353 34.664818 34.646797 34.718384 34.724136 34.657185 34.613903 34.607395 34.736023 34.739407 34.75627 34.763115 34.76748 34.765053 34.776203 34.781532 34.773678 34.74981 34.709167 34.665382 34.62362 34.60913 34.61366 34.606457 34.603367 34.615913 34.647675 34.659225 34.576336 34.59089 34.566463 34.643295 34.652172 34.566322 34.548817 34.58802 34.59032 34.52668 34.548786 34.58339 34.588573 34.590958 34.629562 34.610737 34.548866 34.530514 34.650665 34.65949 34.71212 34.77451 34.78462
34.358486 34.32969 34.458923 34.56767 34.367973 34.606148 34.65199 34.625046 34.69703 34.728714 34.72482 34.672535 34.680164 34.746822 34.67987 34.632496 34.60707 34.681076 34.748463 34.78265 34.783012 34.783455 34.748886 34.714733 34.70811 34.694492 34.6879 34.688297 34.63515 34.585674 34.71189 34.702457 34.659546 34.642757 34.66664 34.6115 34.56923 34.579624 34.59264 34.538956 34.558918 34.62275 34.647152 34.569668 34.55009 34.586575 34.59193 34.562157 34.551247 34.568497 34.572277 34.592365 34.612892 34.608814 34.578533 34.54329 34.657482 34.682384 34.659492 34.63701 34.633106
34.34082 34.436405 34.479523 34.483974 34.402714 34.64198 34.687515 34.678493 34.747646 34.720657 34.72146 34.67991 34.7219 34.70721 34.6488 34.638332 34.651577 34.739655 34.769096 34.77702 34.748726 34.775784 34.73981 34.795635 34.750767 34.730247 34.69264 34.54897 34.674946 34.766502 34.616158 34.59105 34.56013 34.54856 34.523827 34.6497 34.62214 34.539726 34.58591 34.470295 34.558544 34.586414 34.63978 34.59159 34.545235 34.593105 34.5976 34.58763 34.561146 34.567764 34.562904 34.561886 34.565617 34.57065 34.571877 34.580803 34.58999 34.60048 34.615803 34.629578 34.65454
34.417538 34.399307 34.41533 34.422916 34.54412 34.647366 34.74021 34.731575 34.744965 34.715446 34.71571 34.690205 34.736847 34.68157 34.675396 34.69451 34.72379 34.765614 34.761444 34.699116 34.6898 34.716434 34.75011 34.792812 34.72922 34.711723 34.556454 34.703213 34.748806 34.66572 34.583805 34.576786 34.54926 34.599075 34.571007 34.654697 34.656357 34.5448 34.575413 34.4768 34.5269 34.562836 34.621265 34.612324 34.551792 34.554245 34.578487 34.605423 34.588516 34.572968 34.567745 34.58803 34.581726 34.575886 34.58324 34.604126 34.631943 34.64016 34.644077 34.66183 34.694603
34.409786 34.395508 34.412704 34.361904 34.62927 34.691555 34.750538 34.74888 34.73538 34.71592 34.71235 34.706905 34.7352 34.673817 34.689163 34.717777 34.751625 34.754322 34.682793 34.65747 34.654224 34.67715 34.714367 34.741142 34.71531 34.585537 34.670227 34.742176 34.650463 34.5901 34.567005 34.589287 34.58658 34.601555 34.677567 34.707253 34.686096 34.573288 34.494583 34.439 34.46689 34.55309 34.601673 34.62252 34.558582 34.530533 34.5713 34.561794 34.584927 34.591217 34.592358 34.598606 34.618004 34.61781 34.585854 34.527096 34.507008 34.50161 34.46965 34.450012 34.441776
34.38336 34.38314 34.41998 34.384434 34.62338 34.738503 34.744118 34.75483 34.73074 34.70845 34.720814 34.7166 34.72399 34.68557 34.690388 34.73446 34.74611 34.678223 34.626446 34.610256 34.604485 34.62312 34.64868 34.665363 34.65433 34.559223 34.76077 34.637897 34.572117 34.561066 34.558857 34.574974 34.584072 34.57871 34.59942 34.715225 34.72156 34.681458 34.60175 34.513054 34.447414 34.55141 34.59269 34.60107 34.564743 34.539528 34.56169 34.60225 34.645245 34.617832 34.636368 34.641533 34.60733 34.513725 34.514633 34.613686 34.535202 34.425785 34.428436 34.461594 34.462173
34.300907 34.37575 34.41912 34.48977 34.609867 34.71708 34.70651 34.72335 34.726765 34.718555 34.718468 34.728043 34.720165 34.696667 34.685898 34.697006 34.654057 34.611275 34.563923 34.54593 34.570644 34.600563 34.61793 34.654583 34.560883 34.74583 34.646873 34.576954 34.568195 34.5456 34.53659 34.542328 34.533756 34.54664 34.56069 34.60745 34.68873 34.703285 34.674046 34.572815 34.463127 34.55124 34.59397 34.561897 34.599903 34.56742 34.61219 34.66644 34.644493 34.66788 34.651703 34.55217 34.49117 34.570343 34.671925 34.55953 34.43044 34.485794 34.61297 34.550358 34.45345
34.3276 34.409016 34.38329 34.62026 34.614544 34.65028 34.62293 34.70504 34.722088 34.735584 34.73859 34.727074 34.716972 34.71868 34.69968 34.670116 34.601803 34.539288 34.49474 34.504333 34.549152 34.569084 34.594055 34.579628 34.576344 34.67554 34.58755 34.57278 34.541653 34.493366 34.47589 34.48405 34.510994 34.52758 34.520176 34.553234 34.628563 34.697037 34.669006 34.565784 34.481556 34.55548 34.576668 34.5608 34.67112 34.67202 34.692585 34.6853 34.6897 34.61136 34.51563 34.533573 34.614265 34.715107 34.672997 34.54544 34.422802 34.536037 34.57964 34.51771 34.472687
