static/data/salinity/2023/7/12/18.asc
ncols 137
nrows 93
xllcorner 108.0
yllcorner 17.0
cellsize 0.25
NODATA_value -32767
[rows 54 to 80 of 93, columns 0 to 60 of 137]
-32767.0 -32767.0 -32767.0 -32767.0 -32767.0 -32767.0 -32767.0 -32767.0 -32767.0 -32767.0 -32767.0 -32767.0 -32767.0 -32767.0 -32767.0 -32767.0 -32767.0 -32767.0 -32767.0 -32767.0 -32767.0 -32767.0 -32767.0 -32767.0 -32767.0 -32767.0 -32767.0 -32767.0 -32767.0 -32767.0 -32767.0 -32767.0 -32767.0 -32767.0 -32767.0 -32767.0 -32767.0 -32767.0 -32767.0 -32767.0 -32767.0 -32767.0 -32767.0 -32767.0 -32767.0 -32767.0 -32767.0 -32767.0 34.29508 34.17229 34.03666 33.25942 32.69342 32.87022 32.767628 32.92146 33.174507 33.7143 33.874096 33.551365 33.245125
-32767.0 -32767.0 -32767.0 -32767.0 -32767.0 -32767.0 -32767.0 -32767.0 -32767.0 -32767.0 -32767.0 -32767.0 -32767.0 -32767.0 -32767.0 -32767.0 -32767.0 -32767.0 -32767.0 -32767.0 -32767.0 -32767.0 -32767.0 -32767.0 -32767.0 -32767.0 -32767.0 -32767.0 -32767.0 -32767.0 -32767.0 -32767.0 -32767.0 -32767.0 -32767.0 -32767.0 -32767.0 -32767.0 -32767.0 -32767.0 -32767.0 -32767.0 -32767.0 -32767.0 -32767.0 -32767.0 -32767.0 33.10525 -32767.0 33.967773 33.63587 32.82843 32.257965 32.708126 32.871624 33.01285 33.921883 34.040325 34.151436 34.236748 34.28519
-32767.0 -32767.0 -32767.0 -32767.0 -32767.0 -32767.0 -32767.0 -32767.0 -32767.0 -32767.0 -32767.0 -32767.0 -32767.0 -32767.0 -32767.0 -32767.0 -32767.0 -32767.0 -32767.0 -32767.0 -32767.0 -32767.0 -32767.0 -32767.0 -32767.0 -32767.0 -32767.0 -32767.0 -32767.0 -32767.0 -32767.0 -32767.0 -32767.0 -32767.0 -32767.0 -32767.0 -32767.0 -32767.0 -32767.0 -32767.0 -32767.0 -32767.0 -32767.0 -32767.0 -32767.0 -32767.0 -32767.0 33.268425 33.94554 34.03655 33.659252 32.261463 31.939077 32.681335 32.96484 33.857327 34.107166 34.255333 34.208527 34.224697 34.28741
-32767.0 -32767.0 -32767.0 -32767.0 -32767.0 -32767.0 -32767.0 -32767.0 -32767.0 -32767.0 -32767.0 -32767.0 -32767.0 -32767.0 -32767.0 -32767.0 -32767.0 -32767.0 -32767.0 -32767.0 -32767.0 -32767.0 -32767.0 -32767.0 -32767.0 -32767.0 -32767.0 -32767.0 -32767.0 -32767.0 -32767.0 -32767.0 -32767.0 -32767.0 -32767.0 -32767.0 -32767.0 -32767.0 -32767.0 -32767.0 -32767.0 -32767.0 -32767.0 -32767.0 -32767.0 -32767.0 -32767.0 33.68088 34.027615 33.863003 33.609764 32.523666 32.06415 32.611942 33.230835 33.976124 34.2595 33.960285 34.08869 34.26061 34.340225
-32767.0 -32767.0 -32767.0 -32767.0 -32767.0 -32767.0 -32767.0 -32767.0 -32767.0 -32767.0 -32767.0 -32767.0 -32767.0 -32767.0 -32767.0 -32767.0 -32767.0 -32767.0 -32767.0 -32767.0 -32767.0 -32767.0 -32767.0 -32767.0 -32767.0 -32767.0 -32767.0 -32767.0 -32767.0 -32767.0 -32767.0 -32767.0 -32767.0 -32767.0 -32767.0 -32767.0 -32767.0 -32767.0 -32767.0 -32767.0 -32767.0 -32767.0 -32767.0 -32767.0 -32767.0 31.478918 -32767.0 33.61466 33.758648 33.594486 33.392174 32.756073 32.183247 32.037663 33.301666 33.42496 34.04689 33.77914 34.027634 34.230236 34.434406
-32767.0 -32767.0 -32767.0 -32767.0 -32767.0 -32767.0 -32767.0 -32767.0 -32767.0 -32767.0 -32767.0 -32767.0 -32767.0 -32767.0 -32767.0 -32767.0 -32767.0 -32767.0 -32767.0 -32767.0 -32767.0 -32767.0 -32767.0 -32767.0 -32767.0 -32767.0 -32767.0 -32767.0 -32767.0 -32767.0 -32767.0 -32767.0 -32767.0 -32767.0 -32767.0 -32767.0 -32767.0 -32767.0 -32767.0 -32767.0 -32767.0 -32767.0 -32767.0 -32767.0 -32767.0 -32767.0 33.518383 33.770752 33.498352 33.021496 32.57815 32.06051 32.229855 32.24324 32.636307 32.76903 33.347282 33.221676 34.12913 34.25751 34.480488
-32767.0 -32767.0 -32767.0 -32767.0 -32767.0 -32767.0 -32767.0 -32767.0 -32767.0 -32767.0 -32767.0 -32767.0 -32767.0 -32767.0 -32767.0 -32767.0 -32767.0 -32767.0 -32767.0 -32767.0 -32767.0 -32767.0 -32767.0 -32767.0 -32767.0 -32767.0 -32767.0 -32767.0 -32767.0 -32767.0 -32767.0 -32767.0 -32767.0 -32767.0 -32767.0 -32767.0 -32767.0 -32767.0 -32767.0 -32767.0 -32767.0 -32767.0 -32767.0 -32767.0 33.153084 33.60922 33.626106 33.38026 32.232822 32.475998 31.551882 32.22849 -32767.0 -32767.0 -32767.0 -32767.0 33.124992 33.780888 34.235687 34.25144 34.475254
-32767.0 -32767.0 -32767.0 -32767.0 -32767.0 -32767.0 -32767.0 -32767.0 -32767.0 -32767.0 -32767.0 -32767.0 -32767.0 -32767.0 -32767.0 -32767.0 -32767.0 -32767.0 -32767.0 -32767.0 -32767.0 -32767.0 -32767.0 -32767.0 -32767.0 -32767.0 -32767.0 -32767.0 -32767.0 -32767.0 -32767.0 -32767.0 -32767.0 -32767.0 -32767.0 -32767.0 -32767.0 -32767.0 -32767.0 -32767.0 -32767.0 -32767.0 -32767.0 33.55703 33.694252 33.618797 33.14528 32.676258 31.750124 31.955496 31.571823 32.749794 -32767.0 -32767.0 -32767.0 -32767.0 33.35364 34.107727 34.237057 34.31579 34.462067
-32767.0 -32767.0 -32767.0 -32767.0 -32767.0 -32767.0 -32767.0 -32767.0 -32767.0 -32767.0 -32767.0 -32767.0 -32767.0 -32767.0 -32767.0 -32767.0 -32767.0 -32767.0 -32767.0 -32767.0 -32767.0 -32767.0 -32767.0 -32767.0 -32767.0 -32767.0 -32767.0 -32767.0 -32767.0 -32767.0 -32767.0 -32767.0 -32767.0 -32767.0 -32767.0 -32767.0 -32767.0 -32767.0 -32767.0 -32767.0 -32767.0 33.34993 33.260555 33.57972 33.57226 32.60702 31.852304 31.78074 31.875927 31.905392 32.705795 -32767.0 -32767.0 -32767.0 -32767.0 -32767.0 34.01518 34.137463 34.249947 34.380936 34.43472
-32767.0 -32767.0 -32767.0 -32767.0 -32767.0 -32767.0 -32767.0 -32767.0 -32767.0 -32767.0 -32767.0 -32767.0 -32767.0 -32767.0 -32767.0 -32767.0 -32767.0 -32767.0 -32767.0 -32767.0 -32767.0 -32767.0 -32767.0 -32767.0 -32767.0 -32767.0 -32767.0 -32767.0 -32767.0 -32767.0 -32767.0 -32767.0 -32767.0 -32767.0 -32767.0 -32767.0 -32767.0 -32767.0 -32767.0 -32767.0 -32767.0 33.600548 33.625088 33.78366 32.774532 31.781933 32.34959 32.14132 32.39123 32.690525 32.756016 -32767.0 -32767.0 -32767.0 -32767.0 33.945236 34.08402 34.16263 34.291153 34.404938 34.425114
-32767.0 -32767.0 -32767.0 -32767.0 -32767.0 -32767.0 -32767.0 -32767.0 -32767.0 -32767.0 -32767.0 -32767.0 -32767.0 -32767.0 -32767.0 -32767.0 -32767.0 -32767.0 -32767.0 -32767.0 -32767.0 -32767.0 -32767.0 -32767.0 -32767.0 -32767.0 -32767.0 -32767.0 -32767.0 -32767.0 -32767.0 -32767.0 -32767.0 -32767.0 -32767.0 -32767.0 -32767.0 -32767.0 -32767.0 33.3715 33.5219 33.630226 33.71807 33.368534 31.986025 31.54336 32.34459 32.49993 32.755646 32.494373 -32767.0 -32767.0 -32767.0 -32767.0 -32767.0 34.03609 34.06141 34.133537 34.257713 34.418247 34.524933
-32767.0 -32767.0 -32767.0 -32767.0 -32767.0 -32767.0 -32767.0 -32767.0 -32767.0 -32767.0 -32767.0 -32767.0 -32767.0 -32767.0 -32767.0 -32767.0 -32767.0 -32767.0 -32767.0 -32767.0 -32767.0 -32767.0 -32767.0 -32767.0 -32767.0 -32767.0 -32767.0 -32767.0 -32767.0 -32767.0 -32767.0 -32767.0 -32767.0 -32767.0 -32767.0 -32767.0 -32767.0 -32767.0 33.38925 33.689854 33.859848 33.859207 33.741993 32.86249 31.889143 31.315533 32.305817 32.768883 32.353325 32.46234 -32767.0 -32767.0 -32767.0 -32767.0 -32767.0 33.840366 33.985027 34.015102 34.232346 34.393703 34.54397
-32767.0 -32767.0 -32767.0 -32767.0 -32767.0 -32767.0 -32767.0 -32767.0 -32767.0 -32767.0 -32767.0 -32767.0 -32767.0 -32767.0 -32767.0 -32767.0 -32767.0 -32767.0 -32767.0 -32767.0 -32767.0 -32767.0 -32767.0 -32767.0 -32767.0 -32767.0 -32767.0 -32767.0 -32767.0 -32767.0 -32767.0 -32767.0 -32767.0 -32767.0 -32767.0 -32767.0 33.39159 33.511986 33.895683 34.001595 33.930286 33.718227 33.378952 32.155376 31.769794 32.05774 -32767.0 32.429836 31.729074 -32767.0 -32767.0 -32767.0 -32767.0 -32767.0 33.657955 33.64836 34.045414 33.968193 34.159126 34.255623 34.497814
-32767.0 -32767.0 -32767.0 -32767.0 -32767.0 -32767.0 -32767.0 -32767.0 -32767.0 -32767.0 -32767.0 -32767.0 -32767.0 -32767.0 -32767.0 -32767.0 -32767.0 -32767.0 -32767.0 -32767.0 -32767.0 -32767.0 -32767.0 -32767.0 -32767.0 -32767.0 -32767.0 -32767.0 -32767.0 -32767.0 -32767.0 -32767.0 -32767.0 -32767.0 -32767.0 33.551014 33.88578 33.85285 33.190742 33.08904 33.359802 32.98003 31.989246 31.921347 31.968336 32.121532 -32767.0 32.137245 30.975803 -32767.0 -32767.0 -32767.0 -32767.0 -32767.0 33.554176 33.896214 33.850292 34.0134 34.20146 34.117416 34.436855
-32767.0 -32767.0 -32767.0 -32767.0 -32767.0 -32767.0 -32767.0 -32767.0 -32767.0 -32767.0 -32767.0 -32767.0 -32767.0 -32767.0 -32767.0 -32767.0 -32767.0 -32767.0 -32767.0 -32767.0 -32767.0 -32767.0 -32767.0 -32767.0 -32767.0 -32767.0 -32767.0 -32767.0 -32767.0 -32767.0 -32767.0 -32767.0 -32767.0 -32767.0 -32767.0 32.964455 32.934048 32.69238 32.09572 32.11408 32.542805 32.5886 32.54475 32.695065 34.004894 33.170815 31.883184 32.13111 29.83352 -32767.0 -32767.0 -32767.0 -32767.0 -32767.0 33.775196 33.909634 33.997646 34.294758 34.367176 34.22018 34.351273
-32767.0 -32767.0 -32767.0 -32767.0 -32767.0 -32767.0 -32767.0 -32767.0 -32767.0 -32767.0 -32767.0 -32767.0 -32767.0 -32767.0 -32767.0 -32767.0 -32767.0 -32767.0 -32767.0 -32767.0 -32767.0 -32767.0 -32767.0 -32767.0 -32767.0 -32767.0 -32767.0 24.496925 -32767.0 29.61217 -32767.0 30.727371 30.332842 31.905077 31.965786 31.768667 31.696512 31.157642 30.737783 30.87838 31.652084 32.341675 31.828148 32.187965 31.917532 31.66118 32.25226 32.7729 33.084175 -32767.0 -32767.0 -32767.0 -32767.0 33.440193 33.875298 34.019318 34.194088 34.331966 34.311115 34.235863 34.23587
-32767.0 -32767.0 -32767.0 -32767.0 -32767.0 -32767.0 -32767.0 -32767.0 -32767.0 -32767.0 -32767.0 -32767.0 -32767.0 -32767.0 -32767.0 -32767.0 -32767.0 -32767.0 -32767.0 -32767.0 -32767.0 -32767.0 -32767.0 7.9994206 -32767.0 -32767.0 30.296711 30.014582 29.12669 29.745438 29.288525 29.472736 29.609455 29.656837 29.579185 29.679464 29.71727 29.763468 29.823368 30.029837 30.283062 30.760029 31.06044 31.421497 32.140522 33.03063 33.37132 33.445225 33.598324 31.456448 -32767.0 -32767.0 32.51765 33.543293 34.09194 34.207085 34.256912 34.39547 34.371517 34.269115 34.1558
-32767.0 -32767.0 -32767.0 -32767.0 -32767.0 -32767.0 -32767.0 -32767.0 -32767.0 -32767.0 -32767.0 -32767.0 -32767.0 -32767.0 -32767.0 -32767.0 -32767.0 -32767.0 -32767.0 -32767.0 -32767.0 -32767.0 -32767.0 17.099205 11.545631 25.493212 27.142897 27.617325 28.245918 29.271744 30.252558 30.709978 31.050053 30.463661 30.232437 30.075743 30.622835 30.614258 30.676994 30.544888 30.756376 31.180645 32.39258 33.27454 33.49527 33.629833 33.79922 33.937496 33.965645 33.870438 31.570944 -32767.0 33.488575 33.547997 34.140984 34.15543 34.31091 34.42509 34.365536 34.2423 34.13875
-32767.0 -32767.0 -32767.0 -32767.0 -32767.0 -32767.0 -32767.0 -32767.0 -32767.0 -32767.0 -32767.0 -32767.0 -32767.0 -32767.0 -32767.0 -32767.0 -32767.0 -32767.0 -32767.0 -32767.0 13.111981 22.46683 23.87282 27.650063 30.443499 -32767.0 32.235367 33.090504 33.41881 33.437912 33.37354 33.141804 32.91541 32.833485 32.87838 33.041634 32.96051 32.8864 32.661804 32.70198 32.76936 33.217316 33.32044 33.57136 33.94092 34.224487 34.257034 34.205406 34.15372 34.167915 33.85504 -32767.0 33.313816 33.718346 34.19825 34.199837 34.34794 34.43335 34.347687 34.160904 34.18833
-32767.0 -32767.0 32.590015 -32767.0 -32767.0 -32767.0 -32767.0 -32767.0 -32767.0 -32767.0 -32767.0 -32767.0 -32767.0 -32767.0 -32767.0 -32767.0 31.723783 -32767.0 30.9117 30.872614 28.007936 31.641792 31.750423 32.110123 32.79138 33.303703 33.576027 33.611755 33.600452 33.77025 33.66589 33.61744 33.45685 33.390984 33.346912 33.30822 33.286163 33.264187 33.203053 33.174126 33.198402 33.324284 33.90419 34.22583 34.269424 34.221058 34.2255 34.214413 34.108532 34.12672 33.96845 33.861332 34.032356 34.14758 34.092728 34.07546 34.389103 34.40778 34.34949 34.152733 34.29506
-32767.0 32.024532 32.052635 32.02417 31.838627 -32767.0 32.01935 32.01173 -32767.0 -32767.0 -32767.0 -32767.0 -32767.0 32.333645 32.462658 33.22253 33.46541 33.534706 33.533615 33.60136 33.670795 33.66481 33.632126 33.57214 33.460213 33.580208 33.7263 33.738365 33.761646 33.7437 33.535603 33.551533 33.49935 33.449715 33.436207 33.449783 33.49083 33.56921 33.56682 33.518353 33.565304 34.04615 34.25069 34.216072 34.241302 34.229027 34.073082 33.998505 33.924168 34.234833 34.240623 34.25498 34.31042 34.337082 34.329525 34.20433 34.382584 34.390736 34.35166 34.299744 34.348507
32.52693 32.910343 32.830296 32.59892 32.244564 32.184868 32.11261 32.00007 -32767.0 -32767.0 -32767.0 33.008778 33.54299 33.625786 33.547726 33.33875 33.32948 33.38153 33.488705 33.510647 33.539646 33.60715 33.630703 33.73248 33.785435 33.75087 33.69582 33.695614 33.812073 33.687984 33.518337 33.458046 33.433727 33.494614 33.659588 33.71521 33.823826 33.996365 34.008335 34.01143 34.120144 34.192646 34.25661 34.249447 34.217674 34.116676 34.05633 34.001244 34.073162 34.160797 34.207302 34.327587 34.269806 34.336998 34.272346 34.192272 34.40354 34.46669 34.3354 34.36017 34.33687
33.034756 33.012356 32.98228 32.944515 32.78468 32.403442 32.29218 -32767.0 -32767.0 31.200022 -32767.0 33.568745 33.26901 33.18624 33.12884 33.188133 33.264324 33.296165 33.37201 33.49637 33.687042 33.818275 33.846302 33.76302 33.746784 33.799664 33.76794 33.769306 33.870537 33.638905 33.52096 33.45704 33.65667 34.005344 33.978973 33.87402 34.029114 34.10566 34.067722 34.031258 34.020786 34.309654 34.30615 34.252132 34.180115 34.163303 34.043625 34.06785 33.79348 33.919205 34.173595 34.274303 34.29703 34.240803 34.16085 34.246315 34.380226 34.46899 34.367397 34.380352 34.349586
33.114273 33.00356 32.90552 32.864597 32.89349 32.651176 32.402954 32.42153 -32767.0 -32767.0 32.8539 33.107166 32.97631 32.925117 33.06943 33.399967 33.551277 33.485363 33.534954 33.654465 33.75065 33.817783 33.873295 33.90672 33.942066 33.91992 33.839035 33.911842 33.863182 33.767693 33.599762 33.708176 34.126465 34.140568 34.06893 34.1137 34.095814 34.072323 34.04561 34.020275 34.12865 34.334248 34.16325 34.144608 34.05244 34.085102 34.09833 33.994923 33.832584 33.757328 34.019245 34.34144 34.28848 34.310028 34.27456 34.33124 34.373173 34.465454 34.404507 34.40757 34.39685
33.074642 33.10877 32.94934 32.843323 32.84025 32.828384 32.58839 32.51503 -32767.0 -32767.0 32.819782 32.8081 32.8245 33.016876 33.410072 33.780907 33.888832 33.901062 33.912704 33.952435 33.947926 33.91665 33.865173 33.857403 33.941288 33.980392 33.970516 33.94421 33.86443 33.72851 33.62502 34.051933 34.123093 34.145874 34.13569 34.101147 34.11279 34.22347 34.07781 34.19614 34.309933 34.081337 34.145996 34.094124 33.89195 34.002224 34.07981 33.97463 33.789814 33.824528 33.752872 34.32009 34.353485 34.322647 34.296745 34.31186 -32767.0 34.295486 34.272865 34.349735 34.341915
33.18541 33.252037 33.080986 32.89554 32.77434 32.76101 32.663254 32.523083 32.609505 32.704933 32.795624 32.792625 32.77293 33.067448 33.77786 33.72082 33.668022 33.640926 33.63866 33.678852 33.78708 33.818745 33.84048 33.974003 34.061558 34.05732 34.016506 33.96808 33.783318 33.728455 33.78223 34.034607 34.104446 34.115288 34.15361 34.132477 34.078293 34.317604 34.28302 34.266956 34.044525 34.02247 34.084694 34.177704 34.255806 34.027252 34.094696 34.177685 33.7242 33.764233 33.796436 33.73936 34.156784 34.390663 34.26236 34.29908 34.359108 34.346146 34.280716 34.24105 34.308235
33.291714 33.26743 33.23523 32.939217 32.784042 32.77461 32.93107 32.94833 32.915356 -32767.0 -32767.0 -32767.0 32.945374 32.99845 33.630547 33.591377 33.570316 33.637535 33.659817 33.667133 33.67259 33.728714 33.861122 34.044468 33.960682 33.948273 33.969276 33.781284 33.8074 33.834423 33.898132 33.932854 33.919617 33.974266 34.142925 34.15471 34.06064 34.236187 34.31492 34.253563 34.067284 33.971684 34.11601 34.292507 34.334335 34.376537 34.27902 33.79713 33.87411 34.146355 34.174488 33.992996 33.95101 34.36994 34.32643 34.30774 34.38009 34.324314 34.297695 34.261307 34.30413
