static/data/salinity/2023/7/12/6.asc
ncols 137
nrows 93
xllcorner 108.0
yllcorner 17.0
cellsize 0.25
NODATA_value -32767
[rows 0 to 26 of 93, columns 61 to 121 of 137]
-32767.0 -32767.0 -32767.0 -32767.0 -32767.0 -32767.0 -32767.0 -32767.0 -32767.0 -32767.0 -32767.0 -32767.0 -32767.0 -32767.0 -32767.0 -32767.0 -32767.0 -32767.0 -32767.0 32.261444 32.624393 32.067596 32.67952 33.41361 33.348095 33.294582 33.322113 33.647198 33.7938 33.84442 33.65432 33.517307 33.815857 33.851532 33.83951 33.81166 33.873455 33.88111 33.707542 33.45214 33.717197 33.70974 33.748646 33.739994 33.889755 33.902504 33.661396 33.622746 33.582672 33.74843 33.815224 33.717567 33.652912 33.730965 33.689884 33.67219 33.641277 33.60992 33.568737 33.65769 33.435566
30.063854 29.985283 29.890202 29.75005 29.563784 29.295223 28.8912 -32767.0 -32767.0 -32767.0 -32767.0 -32767.0 -32767.0 -32767.0 -32767.0 -32767.0 -32767.0 -32767.0 32.56787 33.031925 32.84906 33.332283 33.433815 33.430252 33.45529 33.477917 33.481865 33.624195 33.694084 33.648426 33.596016 33.487568 33.634045 33.814384 33.642216 33.536736 33.436237 33.280453 33.24014 33.21083 33.113297 33.77392 33.74572 33.937458 33.885418 33.677803 33.65229 33.837154 33.950333 34.00318 34.034344 34.032066 33.96586 33.841076 33.658585 33.553818 33.50401 33.500416 33.571465 33.61794 33.700512
30.044622 29.986012 29.958408 29.77952 29.531225 29.303425 28.86792 28.441427 27.710302 -32767.0 -32767.0 -32767.0 -32767.0 -32767.0 -32767.0 -32767.0 -32767.0 -32767.0 32.592934 33.103024 33.25328 33.213512 33.33034 33.42692 33.48628 33.50186 33.528316 33.558582 33.570404 33.508625 33.54601 33.487873 33.785267 33.941227 33.796455 33.830772 33.67363 33.541183 33.204082 33.30474 33.337933 33.649914 33.7367 33.679047 33.719963 33.853756 34.01531 33.9419 34.073322 34.06558 34.111565 34.016136 33.795372 33.615814 33.555096 33.61631 33.60013 33.551746 33.619125 33.689774 33.759266
30.220474 30.286533 30.188665 30.20075 29.663914 29.41359 29.22084 28.7134 27.770458 -32767.0 -32767.0 -32767.0 -32767.0 -32767.0 -32767.0 -32767.0 -32767.0 32.059742 32.630272 32.90735 33.086052 33.37924 33.544 33.100246 32.749153 32.526356 32.684334 33.215252 33.186172 33.330856 33.47052 33.489174 33.529053 33.81505 33.87048 33.924786 33.743565 33.19032 33.580048 33.8613 33.855804 33.836143 33.725666 33.827312 33.873028 34.022995 34.063164 33.952995 34.272747 34.241947 34.12848 33.912285 33.893852 33.755173 33.866566 33.898518 33.67416 33.637108 33.67448 33.798218 33.877724
30.37489 30.390638 30.279001 30.208076 30.048788 29.469213 29.162306 28.718803 -32767.0 -32767.0 -32767.0 -32767.0 -32767.0 -32767.0 -32767.0 -32767.0 -32767.0 -32767.0 -32767.0 32.996956 32.97365 33.36498 33.14291 33.137497 32.806538 32.249783 32.212692 32.409332 32.946186 33.18417 33.559963 33.61187 33.38366 33.37621 33.433804 33.3787 33.329433 33.338074 34.003235 34.00211 33.90966 33.98719 33.831448 33.85367 33.98208 34.14789 34.20012 34.047894 34.059402 34.30578 34.18307 33.969345 34.014046 33.99426 34.008766 34.067863 33.83408 33.741753 33.80495 33.869164 33.8365
30.014439 29.932762 29.97955 29.996689 29.967546 29.956425 28.785795 28.9319 -32767.0 -32767.0 -32767.0 -32767.0 -32767.0 -32767.0 -32767.0 -32767.0 -32767.0 -32767.0 -32767.0 -32767.0 32.77461 33.350494 33.597507 33.599304 33.3103 32.454494 32.264072 33.31738 33.473328 33.37503 33.262547 33.339172 33.494373 33.61242 33.57497 33.494614 33.341404 34.045654 34.10757 34.0829 33.993507 34.065964 33.889378 33.916782 34.108433 34.185074 34.210094 34.09897 34.024498 34.229736 34.271904 34.050938 34.008293 33.991673 34.04114 34.028046 34.036377 33.870647 33.825993 33.70498 33.912457
29.466291 29.516783 29.62486 29.717377 29.812693 30.078527 28.052288 28.924423 -32767.0 -32767.0 -32767.0 -32767.0 -32767.0 -32767.0 -32767.0 -32767.0 -32767.0 -32767.0 -32767.0 -32767.0 -32767.0 32.828987 33.407368 33.48366 33.294926 32.66019 32.135162 33.41412 33.51944 33.398346 33.39098 33.35989 33.443253 33.563366 33.370464 33.45113 34.04758 34.042843 34.17558 34.096268 34.10833 33.91848 34.23162 34.21544 34.20078 34.21452 34.186974 34.041862 34.108215 34.26359 34.284214 34.063274 33.983154 33.93103 33.921207 33.93109 34.014107 34.031662 33.815807 33.653397 33.936676
29.26109 29.526354 29.721895 29.719687 29.799145 28.477997 27.366373 -32767.0 -32767.0 -32767.0 -32767.0 -32767.0 -32767.0 -32767.0 -32767.0 -32767.0 -32767.0 -32767.0 -32767.0 -32767.0 -32767.0 -32767.0 33.01278 33.33578 33.220047 32.8858 32.257305 32.634388 33.71771 33.38568 33.475914 33.569744 33.62575 33.89826 34.022396 34.005043 34.04537 34.02683 34.186573 34.078606 34.024605 34.23441 34.083977 34.09628 34.04314 34.02793 34.03634 34.208874 34.2848 34.30304 34.253838 34.106785 34.017513 33.978363 33.98059 34.07807 34.132786 34.169697 33.89191 33.754475 34.004436
29.107977 29.237175 29.445997 29.583464 29.36536 28.584007 -32767.0 24.730074 -32767.0 -32767.0 -32767.0 -32767.0 -32767.0 -32767.0 -32767.0 -32767.0 -32767.0 -32767.0 -32767.0 -32767.0 -32767.0 -32767.0 32.52296 33.051003 33.020298 32.81414 32.250206 32.162186 33.674446 33.67595 33.543583 33.51493 33.766018 33.681206 33.91881 33.922543 33.973915 34.079437 34.19661 34.061928 33.985138 34.041805 34.01728 34.01913 34.02675 34.29019 34.378273 34.40393 34.30172 34.24903 34.21449 34.145054 34.108105 34.126503 34.125523 34.13699 34.093323 34.196106 33.954266 33.987446 -32767.0
29.042906 29.08545 29.187216 29.238369 29.204695 28.858925 28.713852 26.034418 23.559021 21.728334 22.588789 20.930756 17.797215 -32767.0 -32767.0 -32767.0 -32767.0 -32767.0 -32767.0 -32767.0 -32767.0 -32767.0 -32767.0 32.509087 32.650227 32.56328 32.316746 32.076176 33.545303 33.762 33.732628 33.49996 33.562702 33.568996 33.82744 33.808826 33.848774 33.968933 34.098648 34.15209 34.1248 34.1087 34.07765 33.96497 34.349873 34.366867 34.366455 34.40757 34.205116 34.161636 34.15428 34.143627 34.145313 34.117954 34.09434 34.117466 34.09936 33.99447 34.062622 34.08042 33.973087
28.722176 28.993633 29.200825 29.318699 29.437916 29.411915 29.37233 29.704138 29.274252 28.467003 27.53294 25.947304 23.943565 -32767.0 -32767.0 -32767.0 -32767.0 -32767.0 -32767.0 -32767.0 -32767.0 -32767.0 -32767.0 -32767.0 32.53721 32.707886 32.504356 32.146137 33.487698 33.743427 33.63715 33.545666 33.36707 33.409477 33.8231 33.83192 33.86512 33.76437 33.686646 33.6144 33.624035 33.68622 33.788265 34.349754 34.282547 34.301247 34.35417 34.345573 34.180378 34.123623 34.02113 33.99751 34.00942 34.04103 34.02116 33.815704 -32767.0 33.947384 33.991314 33.887142 33.881695
28.594652 29.088234 29.255623 29.649849 30.000198 30.401182 30.365294 29.982738 29.642782 29.172073 28.762291 28.51578 24.913988 19.759415 17.15121 -32767.0 -32767.0 -32767.0 -32767.0 -32767.0 -32767.0 -32767.0 -32767.0 -32767.0 -32767.0 32.905445 32.434906 32.1879 32.1432 33.503685 33.532734 33.446186 33.236927 33.394924 33.819885 33.845387 33.845745 33.682194 33.649555 33.586502 33.629063 33.667145 34.17202 34.332638 34.272625 34.217983 34.218594 34.224648 34.141193 34.010433 34.06105 33.794426 33.77219 33.85478 -32767.0 -32767.0 33.72284 33.766247 33.91441 33.893085 33.493732
29.25232 29.328938 29.37446 29.607275 30.162388 30.302431 30.30449 30.354279 30.314028 29.782087 29.37537 29.01475 27.989674 -32767.0 17.345148 -32767.0 -32767.0 -32767.0 -32767.0 -32767.0 -32767.0 -32767.0 -32767.0 -32767.0 -32767.0 32.71065 32.294136 32.23393 32.471996 32.274162 32.842907 33.450134 33.382423 33.20328 33.53981 33.64087 33.630196 33.77641 33.623905 33.591743 33.67015 33.67542 34.112865 34.036827 34.111298 34.11641 34.30227 34.237446 34.039307 34.014046 34.02641 33.996235 34.033283 33.84579 -32767.0 33.727764 33.65788 33.46829 -32767.0 -32767.0 -32767.0
29.399477 29.474562 29.637203 29.695736 30.000868 30.291397 30.444765 30.604717 30.551552 29.983673 29.772411 29.393215 -32767.0 -32767.0 -32767.0 -32767.0 -32767.0 -32767.0 -32767.0 -32767.0 -32767.0 -32767.0 -32767.0 -32767.0 -32767.0 32.859158 32.546764 32.16936 32.444954 33.067986 32.354668 32.79102 33.27909 33.326733 33.24264 33.435738 33.539692 33.548817 33.724422 33.682674 33.67934 33.66111 33.85102 33.960903 34.09784 33.974358 33.914608 34.222282 34.06156 33.88103 33.831566 33.89303 33.872253 33.759727 33.229744 -32767.0 33.68614 -32767.0 -32767.0 -32767.0 -32767.0
29.410925 29.509912 30.048586 30.626867 30.922434 31.05753 31.027422 31.026754 30.666315 30.121689 30.139149 30.003365 27.960062 -32767.0 -32767.0 -32767.0 -32767.0 -32767.0 -32767.0 -32767.0 -32767.0 -32767.0 -32767.0 -32767.0 -32767.0 32.95941 32.532516 32.20124 32.282017 32.548706 32.9701 32.741295 32.776245 32.968166 33.142754 33.2229 33.328457 33.37261 33.73678 33.805054 33.659607 33.690636 33.669315 33.964657 33.838512 33.87919 33.833607 34.009506 34.193874 34.091835 33.69084 33.21523 33.411198 33.273716 -32767.0 -32767.0 -32767.0 -32767.0 -32767.0 -32767.0 -32767.0
29.43624 29.52557 30.065851 30.485119 30.66343 30.817032 31.00743 31.071413 31.013872 30.720392 30.55366 29.61233 28.397844 26.304155 -32767.0 -32767.0 -32767.0 -32767.0 -32767.0 -32767.0 -32767.0 -32767.0 -32767.0 -32767.0 -32767.0 32.718563 32.846756 32.10879 32.216354 32.506054 32.97796 33.701694 33.72751 33.47913 33.325943 33.30967 33.268528 33.31636 33.575294 33.794674 -32767.0 33.71406 33.697227 33.721657 33.85222 33.92327 33.8825 34.021404 34.058506 33.955032 33.789528 33.192368 -32767.0 -32767.0 -32767.0 -32767.0 -32767.0 -32767.0 -32767.0 -32767.0 -32767.0
29.50829 29.519768 29.844591 30.213903 30.44469 30.962006 31.495632 31.41496 31.071928 30.898035 30.772697 30.558895 29.052912 25.52215 -32767.0 -32767.0 -32767.0 -32767.0 -32767.0 -32767.0 -32767.0 -32767.0 -32767.0 -32767.0 -32767.0 -32767.0 32.819603 31.93077 32.112934 32.712433 33.8479 33.859108 33.820576 33.746254 33.890934 33.945324 33.93355 33.861168 33.819614 33.690823 33.72377 33.78422 33.766888 33.669777 33.731316 33.802933 33.697216 33.581993 33.4451 33.466484 33.10219 32.88935 -32767.0 -32767.0 -32767.0 -32767.0 -32767.0 -32767.0 -32767.0 -32767.0 -32767.0
29.724243 29.773497 29.977102 30.537777 30.657227 31.00227 31.581072 31.761847 31.309319 31.120459 30.863039 30.373867 28.833254 24.897263 25.0716 -32767.0 -32767.0 -32767.0 -32767.0 -32767.0 -32767.0 -32767.0 -32767.0 -32767.0 -32767.0 33.238365 32.030888 31.920681 32.14497 32.322098 33.36974 33.89405 33.63705 33.493965 33.4081 33.350044 33.814926 33.3978 32.96417 32.810364 32.842438 33.06953 33.2833 33.406708 33.244377 33.22489 33.120354 32.912655 -32767.0 33.013676 33.21365 32.224834 -32767.0 -32767.0 -32767.0 -32767.0 -32767.0 -32767.0 -32767.0 -32767.0 -32767.0
30.580133 30.753658 31.001602 31.282816 31.134857 31.188759 31.504726 31.903172 32.00307 32.011448 31.749212 30.461489 26.565605 23.996765 -32767.0 -32767.0 -32767.0 -32767.0 -32767.0 -32767.0 -32767.0 -32767.0 -32767.0 -32767.0 -32767.0 33.715366 31.739424 31.959032 32.12692 32.22132 32.402763 32.802505 32.97187 33.16315 32.986305 32.930386 33.06082 32.788425 32.874912 -32767.0 -32767.0 33.164455 32.859573 -32767.0 -32767.0 -32767.0 -32767.0 -32767.0 -32767.0 -32767.0 -32767.0 -32767.0 -32767.0 -32767.0 -32767.0 -32767.0 -32767.0 -32767.0 -32767.0 -32767.0 -32767.0
30.312313 30.65102 31.279377 31.557936 31.375942 31.512424 31.82874 31.948057 31.990112 31.467962 30.833134 29.49471 24.424774 -32767.0 -32767.0 -32767.0 -32767.0 -32767.0 -32767.0 -32767.0 -32767.0 -32767.0 -32767.0 -32767.0 33.287342 31.841623 31.342659 31.531631 32.82372 32.870678 32.967476 32.803596 32.645355 32.61204 32.739536 32.634804 32.682053 32.857693 -32767.0 -32767.0 -32767.0 -32767.0 -32767.0 -32767.0 -32767.0 -32767.0 -32767.0 -32767.0 -32767.0 -32767.0 -32767.0 -32767.0 -32767.0 -32767.0 -32767.0 -32767.0 -32767.0 -32767.0 -32767.0 -32767.0 -32767.0
30.296837 30.82727 31.528168 31.635567 31.522163 31.630823 31.798903 31.804792 31.897503 31.176699 30.107855 29.25283 21.844915 -32767.0 -32767.0 -32767.0 -32767.0 -32767.0 -32767.0 -32767.0 -32767.0 31.481958 30.7385 31.443258 30.879232 31.327377 31.25654 31.380838 32.659748 32.53866 32.574013 32.53814 32.499035 32.8201 32.83451 32.838886 -32767.0 -32767.0 -32767.0 -32767.0 -32767.0 -32767.0 -32767.0 -32767.0 -32767.0 -32767.0 -32767.0 -32767.0 -32767.0 -32767.0 -32767.0 -32767.0 -32767.0 -32767.0 29.852 -32767.0 -32767.0 -32767.0 -32767.0 -32767.0 -32767.0
30.22886 30.393236 30.69571 30.869923 31.065157 31.234049 31.663437 31.716349 31.732159 31.591192 30.185772 29.832521 28.284685 -32767.0 -32767.0 -32767.0 -32767.0 28.409784 31.346842 30.376795 30.716879 30.957224 31.49274 30.616987 31.798992 31.337149 31.357718 31.86564 32.290527 32.324627 32.626297 32.715992 32.92317 32.71367 32.781948 -32767.0 -32767.0 -32767.0 -32767.0 -32767.0 -32767.0 -32767.0 -32767.0 -32767.0 -32767.0 29.972754 29.845387 -32767.0 -32767.0 -32767.0 -32767.0 -32767.0 -32767.0 -32767.0 30.16934 -32767.0 -32767.0 -32767.0 -32767.0 -32767.0 34.339203
30.163197 30.30302 30.757353 31.073248 31.015596 31.16626 31.385265 31.399439 31.568142 31.705238 30.429586 29.209356 -32767.0 28.663618 -32767.0 30.620468 -32767.0 30.260603 -32767.0 30.432531 30.664694 30.699526 30.480165 31.07934 31.962112 31.446066 31.946873 32.104614 32.442867 32.59509 32.869152 32.765354 32.702393 -32767.0 -32767.0 -32767.0 -32767.0 -32767.0 -32767.0 -32767.0 -32767.0 31.533648 31.383945 31.055544 30.19313 31.017176 30.866228 30.475557 30.036896 -32767.0 -32767.0 -32767.0 -32767.0 -32767.0 29.859985 31.17038 32.886425 33.466843 33.73701 33.79614 33.89365
30.417645 30.266273 30.326984 30.534508 30.607103 30.839987 30.984222 31.17827 31.35445 31.527485 31.53199 30.925016 30.291698 30.441025 30.414412 30.435535 30.605408 30.412313 30.441309 30.669577 30.602959 30.783026 31.298775 32.335114 -32767.0 32.095634 32.557766 32.579212 32.60265 32.772095 33.046875 -32767.0 -32767.0 -32767.0 -32767.0 -32767.0 30.626987 30.995384 31.902739 31.598476 31.4733 31.310394 30.872255 -32767.0 -32767.0 30.2186 30.87586 31.032534 -32767.0 -32767.0 -32767.0 -32767.0 -32767.0 34.071102 34.300007 34.374832 33.860374 33.869507 33.919857 33.960785 33.946167
30.729006 30.497915 30.354578 30.402342 30.491518 30.610228 30.893799 31.425533 31.452951 31.38888 31.487722 31.766954 31.480556 31.172535 31.216974 31.30035 31.107796 30.834154 30.996027 31.165789 31.296782 31.689417 32.12217 32.30941 32.62498 32.393124 32.74518 33.047348 33.041954 33.123035 32.65117 31.019838 -32767.0 30.674324 30.49795 -32767.0 30.9556 32.170353 31.847486 -32767.0 30.720926 30.668682 -32767.0 -32767.0 -32767.0 -32767.0 31.03139 32.257404 -32767.0 -32767.0 -32767.0 -32767.0 34.273624 34.192616 33.85443 33.82675 33.800148 33.920624 34.06511 34.159477 34.20491
29.754057 30.124905 30.08225 30.215946 30.33726 30.518402 30.680582 30.884384 31.192137 31.45595 31.630198 31.766422 31.99406 32.26834 32.482506 32.227177 31.991896 32.445045 32.063354 32.101006 32.212334 32.760235 32.926582 32.967026 32.959663 32.94647 -32767.0 33.267017 33.33284 -32767.0 -32767.0 31.626272 31.021912 31.20087 31.69904 32.483902 32.98086 32.51111 -32767.0 -32767.0 -32767.0 -32767.0 -32767.0 -32767.0 -32767.0 -32767.0 31.751307 32.874046 32.88828 -32767.0 -32767.0 34.357258 34.154793 33.838993 33.76678 33.687786 33.70551 33.81025 33.923252 34.116848 34.276306
30.304575 30.281122 30.082008 30.251293 30.21839 30.286274 30.462152 30.73871 30.972689 31.190798 31.448397 31.813913 32.242325 -32767.0 -32767.0 32.410725 32.581455 32.679455 32.669132 32.775333 32.865406 32.950016 32.983036 33.005825 32.91079 33.064693 33.334663 33.02884 -32767.0 -32767.0 -32767.0 -32767.0 -32767.0 -32767.0 31.47347 32.857 33.28379 -32767.0 -32767.0 -32767.0 -32767.0 -32767.0 33.011658 -32767.0 32.654156 33.0948 34.12191 34.013863 33.739185 33.791954 -32767.0 34.12832 33.86191 33.740234 33.7475 33.806217 33.700512 33.69503 33.85204 34.01195 34.16943
