static/data/precipitation/2023/7/5/0.asc
ncols 137
nrows 93
xllcorner 108.0
yllcorner 17.0
cellsize 0.25
NODATA_value -32767
[rows 40 to 59 of 93, columns 47 to 93 of 137]
0.5340173938525317 0.5903460124388367 0.5743310130368467 1.1271246130848158 1.0647213395529251 1.044840650640113 1.3193046059086813 0.4042406745605499 0.15186637363955036 0.0938810309771762 0.09719447912931445 0.13419465016149476 0.17671723478056983 0.17395602798712245 0.010492585815095185 0.00994034445640779 0.029268792010532507 0.04804499820596636 0.05964206673844327 0.03810465374956204 0.0347912055974238 0.007179137662960411 0.0033134481521347736 0.0016567240760691215 0.0016567240760691215 0.0016567240760691215 0.0016567240760691215 0.0022089654347565157 0.0011044827173782579 0.0005522413586908637 0.0 0.0 0.0 0.0005522413586908637 0.0011044827173782579 0.0033134481521347736 0.008835861739029532 0.033134481521358145 0.0640599976079563 0.0811794797273245 0.1330901674441165 0.17395602798712245 0.23359809472556572 0.20432930271503322 0.14192602918314604 0.10879154766178789 0.11762740940081742
0.05798534266237415 0.03258224016266728 0.03258224016266728 0.46333049994030234 0.5726742889607811 0.5643906685804424 2.3840259454616097 0.25292654227969047 0.0005522413586908637 0.0005522413586908637 0.0022089654347565157 0.0022089654347565157 0.0027612067934473794 0.0011044827173782579 0.0011044827173782579 0.0005522413586908637 0.004970172228203895 0.02540310249970687 0.040313619184318555 0.05246292907548286 0.04914948092334462 0.051358446358104604 0.03810465374956204 0.0298210333692199 0.013253792608542564 0.011597068532473442 0.01546275804329908 0.012149309891164306 0.008835861739029532 0.0016567240760691215 0.0005522413586908637 0.0016567240760691215 0.0044179308695130315 0.006626896304273017 0.06019430809713067 0.09277654825979795 0.09277654825979795 0.13253792608542564 0.1502096495634847 0.14192602918314604 0.17947844157401374 0.18941878603042153 0.17395602798712245 0.1927322341825563 0.20653826814978973 0.162358959454649 0.13419465016149476
0.017671723478055595 0.004970172228203895 0.0 0.027612067934463386 0.13750809831362953 0.13474689152018215 1.4369320153094987 0.006074654945582153 0.0 0.0 0.0 0.0 0.0 0.0 0.0 0.0016567240760691215 0.008283620380338669 0.04473155005383159 0.06019430809713067 0.07234361798829497 0.11928413347688308 0.11983637483557394 0.09001534146635404 0.06074654945582153 0.04473155005383159 0.04473155005383159 0.030373274727910765 0.016567240760677338 0.0077313790216512746 0.0016567240760691215 0.050253963640722876 0.13143344336804738 0.10603034086834051 0.10823930630309703 0.162358959454649 0.1750605107045007 0.207642750867168 0.23415033608425312 0.22034430211702316 0.21206068173668102 0.17229930391105333 0.16732913168284944 0.14689620141134646 0.1855530965195959 0.19991137184552019 0.2567922317905126 0.26949378304036775
0.0016567240760691215 0.0 0.0 0.0005522413586908637 0.0911198241837323 0.10106016864013662 0.02264189570625949 0.012149309891164306 0.005522413586894759 0.0 0.0 0.0 0.0 0.0 0.0 0.0016567240760691215 0.004970172228203895 0.030373274727910765 0.04362706733645333 0.04362706733645333 0.09498551369455446 0.09277654825979795 0.0690301698361602 0.040313619184318555 0.040313619184318555 0.04252258461907507 0.02264189570625949 0.010492585815095185 0.0022089654347565157 0.07234361798829497 0.12480654706377783 0.18665757923697415 0.17064257983498768 0.17450826934581332 0.20101585456289844 0.20432930271503322 0.2601056799426509 0.24740412869279568 0.23249361200818747 0.18279188972615198 0.1380603396723204 0.1435827532592117 0.1778217174979481 0.21316516445406275 0.33024033249618934 0.40092722640841516 0.3578524004306527
0.0 0.0 0.0 0.03368672288004554 0.12480654706377783 0.1629112008133364 0.013806033967233428 0.013806033967233428 0.005522413586894759 0.0 0.0 0.0 0.0 0.0 0.0 0.0 0.0 0.0 0.0 0.0 0.0 0.0005522413586908637 0.0011044827173782579 0.0016567240760691215 0.0016567240760691215 0.0022089654347565157 0.0033134481521347736 0.0044179308695130315 0.08394068652077188 0.15407533907430687 0.22144878483440142 0.1728515452697442 0.1905232687477998 0.16512016624809292 0.19162775146517805 0.1905232687477998 0.21592637124750666 0.18720982059566502 0.15186637363955036 0.10216465135751487 0.1032691340748966 0.13198568472673824 0.18389637244353024 0.19549344097600369 0.3125686090181302 0.349568780050314 0.21095619901930276
0.0 0.0 0.0 0.04914948092334462 0.05356741179286112 0.01546275804329908 0.01546275804329908 0.0038656895108256373 0.0 0.0 0.0 0.0 0.0 0.0 0.0 0.0 0.0 0.0 0.0 0.0 0.0005522413586908637 0.0011044827173782579 0.0016567240760691215 0.0016567240760691215 0.0044179308695130315 0.004970172228203895 0.0038656895108256373 0.0027612067934473794 0.1579410285851325 0.2683893003229895 0.29600136825745293 0.3147775744528868 0.2567922317905126 0.1971501650520728 0.1855530965195959 0.1734037866284316 0.12701551249853435 0.10823930630309703 0.08449292787945928 0.06792568711878194 0.08007499700994625 0.14413499461790255 0.051910687716792 0.01546275804329908 0.011044827173786048 0.004970172228203895 0.0022089654347565157
0.0 0.0 0.0 0.0 0.0 0.0 0.0 0.0 0.0 0.0 0.0 0.0 0.0 0.0 0.0 0.0 0.0 0.0 0.0 0.0005522413586908637 0.0016567240760691215 0.0027612067934473794 0.0033134481521347736 0.012149309891164306 0.016014999401989943 0.011597068532473442 0.0038656895108256373 0.0033134481521347736 0.12149309891163959 0.22365775026915793 0.24519516325803917 0.25844895586658173 0.19328447554124717 0.16401568353071466 0.17616499342187897 0.1850008551609085 0.04638827412990071 0.04141810190169681 0.040313619184318555 0.024850861141019476 0.005522413586894759 0.0033134481521347736 0.0011044827173782579 0.0005522413586908637 0.0 0.0 0.0
0.0 0.0 0.0 0.0 0.0 0.0 0.0 0.0 0.0 0.0 0.0 0.0 0.0 0.0 0.0 0.0 0.0 0.0011044827173782579 0.0016567240760691215 0.0027612067934473794 0.005522413586894759 0.010492585815095185 0.019328447554124717 0.02264189570625949 0.0171194821193682 0.006626896304273017 0.004970172228203895 0.27225498983381513 0.19935913048682932 0.09664223777062358 0.07068689391222932 0.0861496519555284 0.033134481521358145 0.01546275804329908 0.012149309891164306 0.008835861739029532 0.0011044827173782579 0.0016567240760691215 0.0016567240760691215 0.0011044827173782579 0.0016567240760691215 0.0 0.0 0.0 0.0 0.0005522413586908637 0.0016567240760691215
0.0 0.0 0.0 0.0 0.0 0.0 0.0 0.0 0.0 0.0 0.0 0.0 0.0 0.0 0.0 0.0 0.0 0.0016567240760691215 0.004970172228203895 0.03534344695611466 0.06295551489057805 0.010492585815095185 0.004970172228203895 0.006074654945582153 0.006074654945582153 0.011597068532473442 0.10161240999882748 0.09277654825979795 0.0695824111948476 0.03368672288004554 0.02374637842363775 0.012149309891164306 0.012149309891164306 0.0016567240760691215 0.0011044827173782579 0.0 0.0 0.0 0.0 0.0 0.0 0.0 0.0022089654347565157 0.0016567240760691215 0.0005522413586908637 0.0005522413586908637 0.0005522413586908637
0.0 0.0 0.0 0.0 0.0 0.0 0.0 0.0 0.0 0.0 0.0 0.0 0.0 0.0 0.0 0.0 0.0005522413586908637 0.004970172228203895 0.018776206195437323 0.02098517163019384 0.024298619782328612 0.006626896304273017 0.0044179308695130315 0.0033134481521347736 0.0022089654347565157 0.03976137782562769 0.16512016624809292 0.09940344456407096 0.017671723478055595 0.0038656895108256373 0.0016567240760691215 0.0005522413586908637 0.0005522413586908637 0.0005522413586908637 0.0 0.0 0.0 0.0 0.0 0.0 0.0 0.0005522413586908637 0.0016567240760691215 0.0011044827173782579 0.0011044827173782579 0.0 0.0
0.0 0.0 0.0 0.0 0.0 0.0 0.0 0.0 0.0 0.0 0.0 0.0 0.0 0.0 0.0 0.0 0.0011044827173782579 0.008835861739029532 0.02540310249970687 0.016014999401989943 0.006626896304273017 0.0027612067934473794 0.0016567240760691215 0.0022089654347565157 0.009388103097716927 0.03092551608659816 0.051910687716792 0.011044827173786048 0.008283620380338669 0.0 0.0005522413586908637 0.0016567240760691215 0.0016567240760691215 0.0022089654347565157 0.0016567240760691215 0.0005522413586908637 0.0005522413586908637 0.0 0.0 0.0 0.0077313790216512746 0.00994034445640779 0.0005522413586908637 0.0011044827173782579 0.0005522413586908637 0.0011044827173782579 0.0005522413586908637
0.0 0.0 0.0 0.0 0.0 0.0 0.0 0.0 0.0 0.0 0.0 0.0 0.0 0.0 0.0 0.0005522413586908637 0.0016567240760691215 0.0016567240760691215 0.01270155124985517 0.008283620380338669 0.027612067934463386 0.01546275804329908 0.0005522413586908637 0.0011044827173782579 0.0022089654347565157 0.012149309891164306 0.004970172228203895 0.0027612067934473794 0.0 0.0 0.0005522413586908637 0.0038656895108256373 0.006626896304273017 0.006626896304273017 0.0044179308695130315 0.0027612067934473794 0.0027612067934473794 0.0005522413586908637 0.0 0.0011044827173782579 0.008283620380338669 0.008283620380338669 0.0011044827173782579 0.0005522413586908637 0.0 0.0005522413586908637 0.0016567240760691215
0.0 0.0 0.0 0.0 0.0 0.0 0.0 0.0 0.0 0.0 0.0 0.0 0.0 0.0 0.0 0.0011044827173782579 0.0005522413586908637 0.0005522413586908637 0.013253792608542564 0.03202999880397989 0.043074825977762465 0.014910516684611685 0.0 0.0005522413586908637 0.0016567240760691215 0.0022089654347565157 0.0033134481521347736 0.0016567240760691215 0.0 0.0 0.0027612067934473794 0.00994034445640779 0.0171194821193682 0.011044827173786048 0.008835861739029532 0.008283620380338669 0.008283620380338669 0.006626896304273017 0.0038656895108256373 0.0038656895108256373 0.0016567240760691215 0.0016567240760691215 0.0016567240760691215 0.0 0.0005522413586908637 0.0011044827173782579 0.0016567240760691215
0.0 0.0 0.0 0.0 0.0 0.0 0.0 0.0 0.0 0.0 0.0 0.0 0.0 0.0 0.0 0.0016567240760691215 0.0005522413586908637 0.0 0.012149309891164306 0.05080620499941374 0.022089654347572096 0.0005522413586908637 0.0011044827173782579 0.0016567240760691215 0.004970172228203895 0.004970172228203895 0.007179137662960411 0.0033134481521347736 0.0016567240760691215 0.0016567240760691215 0.0044179308695130315 0.01546275804329908 0.0298210333692199 0.019328447554124717 0.011597068532473442 0.011597068532473442 0.01546275804329908 0.018776206195437323 0.011044827173786048 0.005522413586894759 0.0033134481521347736 0.0005522413586908637 0.0005522413586908637 0.0005522413586908637 0.0011044827173782579 0.0016567240760691215 0.0027612067934473794
0.0 0.0 0.0 0.0 0.0 0.0 0.0 0.0 0.0 0.0 0.0 0.0 0.0 0.0 0.0 0.0 0.0 0.0 0.0 0.0 0.0 0.0 0.0016567240760691215 0.01546275804329908 0.021537412988881233 0.014358275325920822 0.0077313790216512746 0.0044179308695130315 0.0016567240760691215 0.0016567240760691215 0.006626896304273017 0.016014999401989943 0.030373274727910765 0.018776206195437323 0.009388103097716927 0.011597068532473442 0.019328447554124717 0.027612067934463386 0.007179137662960411 0.007179137662960411 0.004970172228203895 0.0011044827173782579 0.0 0.0011044827173782579 0.0011044827173782579 0.0016567240760691215 0.0027612067934473794
0.0 0.0 0.0 0.0 0.0 0.0 0.0 0.0 0.0 0.0 0.0 0.0 0.0 0.0 0.0 0.0 0.0 0.0 0.0 0.0 0.0 0.0005522413586908637 0.019328447554124717 0.040313619184318555 0.05246292907548286 0.023194137064950354 0.006626896304273017 0.0016567240760691215 0.0005522413586908637 0.0016567240760691215 0.008283620380338669 0.023194137064950354 0.027612067934463386 0.0171194821193682 0.013806033967233428 0.0171194821193682 0.01988068891281558 0.023194137064950354 0.006626896304273017 0.007179137662960411 0.004970172228203895 0.0016567240760691215 0.0 0.0 0.0005522413586908637 0.0 0.0027612067934473794
0.0 0.0 0.0 0.0 0.0 0.0 0.0 0.0 0.0 0.0 0.0 0.0 0.0 0.0 0.0 0.0 0.0 0.0 0.0 0.0 0.0 0.006626896304273017 0.07676154885781147 0.13088120200936 0.09608999641193272 0.030373274727910765 0.010492585815095185 0.0022089654347565157 0.0 0.0016567240760691215 0.011044827173786048 0.04417930869514072 0.03258224016266728 0.023194137064950354 0.02374637842363775 0.02264189570625949 0.01270155124985517 0.00994034445640779 0.0022089654347565157 0.0005522413586908637 0.0005522413586908637 0.0005522413586908637 0.0 0.0 0.0 0.0022089654347565157 0.0038656895108256373
0.0 0.0 0.0 0.0 0.0 0.0 0.0 0.0 0.0 0.0 0.0 0.0 0.0 0.0 0.0 0.0 0.0 0.0 0.0 0.0 0.006074654945582153 0.11376171988999179 0.21923981939964143 0.2297324052147401 0.10934378902047875 0.03202999880397989 0.0077313790216512746 0.0011044827173782579 0.0 0.0005522413586908637 0.0038656895108256373 0.021537412988881233 0.0342389642387364 0.04804499820596636 0.0469405154885881 0.040313619184318555 0.0347912055974238 0.019328447554124717 0.0027612067934473794 0.0005522413586908637 0.0005522413586908637 0.0005522413586908637 0.0 0.0 0.0016567240760691215 0.0038656895108256373 0.0038656895108256373
0.0 0.0 0.0011044827173782579 0.008835861739029532 0.006074654945582153 0.0 0.0 0.0 0.0 0.0 0.0 0.0 0.0 0.0 0.0 0.0 0.0 0.0 0.0 0.0016567240760691215 0.20377706135634235 0.23249361200818747 0.20432930271503322 0.17174706255236594 0.07841827293387713 0.025955343858397734 0.005522413586894759 0.0011044827173782579 0.0 0.0 0.0027612067934473794 0.0044179308695130315 0.035895688314802054 0.07013465255353846 0.07179137662960758 0.05743310130368676 0.05080620499941374 0.01988068891281558 0.0033134481521347736 0.0 0.0 0.0 0.0 0.0044179308695130315 0.0038656895108256373 0.0033134481521347736 0.0027612067934473794
0.0 0.005522413586894759 0.048597239564657224 0.03202999880397989 0.005522413586894759 0.0 0.0 0.0 0.0 0.0 0.0 0.0 0.0 0.0 0.0 0.0 0.0 0.0 0.0171194821193682 0.05964206673844327 0.14137378782445517 0.15904551130251077 0.14468723597658995 0.1281199952159126 0.038656895108249434 0.01546275804329908 0.004970172228203895 0.0005522413586908637 0.0 0.0 0.0005522413586908637 0.0022089654347565157 0.029268792010532507 0.09167206554241969 0.0988512032053801 0.0817317210860119 0.05964206673844327 0.013806033967233428 0.0033134481521347736 0.0 0.0033134481521347736 0.0044179308695130315 0.0033134481521347736 0.004970172228203895 0.0027612067934473794 0.0044179308695130315 0.0044179308695130315
