static/data/precipitation/2023/7/5/18.asc
ncols 137
nrows 93
xllcorner 108.0
yllcorner 17.0
cellsize 0.25
NODATA_value -32767
[rows 25 to 49 of 93, columns 55 to 109 of 137]
0.0 0.0 0.0 0.0 0.0 0.0 0.0 0.0 0.0 0.0 0.0 0.0 0.0 0.0 0.0 0.0 0.0 0.0 0.0 0.0 0.0 0.0 0.0 0.0 0.0 0.0 0.0 0.0 0.0 0.0 0.0005522413586908637 0.004970172228203895 0.005522413586894759 0.0027612067934473794 0.0022089654347565157 0.0027612067934473794 0.0016567240760691215 0.0005522413586908637 0.0011044827173782579 0.0016567240760691215 0.0005522413586908637 0.0016567240760691215 0.0027612067934473794 0.010492585815095185 0.0033134481521347736 0.0022089654347565157 0.0 0.0 0.0 0.0 0.0 0.0 0.0 0.0005522413586908637 0.0016567240760691215
0.0 0.0 0.0 0.0 0.0 0.0 0.0 0.0 0.0 0.0 0.0 0.0 0.0 0.0 0.0 0.0 0.0 0.0 0.0 0.0 0.0 0.0 0.0 0.0 0.0 0.0 0.0 0.0 0.0 0.0005522413586908637 0.0016567240760691215 0.009388103097716927 0.008835861739029532 0.005522413586894759 0.0033134481521347736 0.016567240760677338 0.014910516684611685 0.0005522413586908637 0.0005522413586908637 0.0 0.0005522413586908637 0.0022089654347565157 0.0033134481521347736 0.013806033967233428 0.004970172228203895 0.0022089654347565157 0.0 0.0 0.0 0.0 0.0 0.0 0.0 0.0 0.0016567240760691215
0.0 0.0 0.0 0.0 0.0 0.0 0.0 0.0 0.0 0.0 0.0 0.0 0.0 0.0 0.0 0.0 0.0 0.0005522413586908637 0.0 0.0 0.0 0.0 0.0 0.0 0.0 0.0005522413586908637 0.0 0.0 0.0005522413586908637 0.0016567240760691215 0.007179137662960411 0.018776206195437323 0.0171194821193682 0.008835861739029532 0.01546275804329908 0.047492756847278966 0.07841827293387713 0.05964206673844327 0.0016567240760691215 0.0 0.0005522413586908637 0.0016567240760691215 0.0022089654347565157 0.0016567240760691215 0.0 0.0 0.0 0.0 0.0 0.0 0.0 0.0 0.0 0.0 0.0011044827173782579
0.0 0.0 0.0 0.0 0.0 0.0 0.0 0.0 0.0 0.0 0.0 0.0 0.0 0.0 0.0 0.0 0.0 0.0 0.0 0.0 0.0 0.0 0.0 0.0 0.0 0.0 0.0 0.0011044827173782579 0.0022089654347565157 0.0044179308695130315 0.03258224016266728 0.07289585934698584 0.06571672168402543 0.03700017103218031 0.04141810190169681 0.12038861619426133 0.23525481880163138 0.19438895825862543 0.006074654945582153 0.0 0.0 0.0011044827173782579 0.0016567240760691215 0.0022089654347565157 0.0 0.0 0.0 0.0 0.0 0.0 0.0 0.0 0.0 0.0 0.0016567240760691215
0.0 0.0 0.0 0.0 0.0 0.0 0.0 0.0 0.0 0.0 0.0 0.0 0.0 0.0 0.0 0.0 0.0 0.0 0.0 0.0 0.0 0.0 0.0 0.0 0.0 0.0 0.0 0.0 0.0 0.0 0.0005522413586908637 0.010492585815095185 0.02816430929315425 0.03258224016266728 0.0038656895108256373 0.048597239564657224 0.06074654945582153 0.0392091364669403 0.0016567240760691215 0.0 0.0 0.0 0.0 0.0 0.0 0.0 0.0 0.0 0.0 0.0 0.0 0.0 0.0 0.0011044827173782579 0.0022089654347565157
0.0 0.0 0.0 0.0 0.0 0.0 0.0 0.0 0.0 0.0 0.0 0.0 0.0 0.0 0.0 0.0 0.0 0.0 0.0 0.0 0.0 0.0 0.0 0.0 0.0 0.0 0.0 0.0 0.0 0.0 0.0005522413586908637 0.0005522413586908637 0.009388103097716927 0.01270155124985517 0.0033134481521347736 0.05743310130368676 0.033134481521358145 0.006626896304273017 0.0016567240760691215 0.0 0.0 0.0 0.0 0.0 0.0 0.0 0.0 0.0005522413586908637 0.0 0.004970172228203895 0.011597068532473442 0.08228396244470276 0.1921799928238689 0.36944946896312614 0.5268382561895713
0.0005522413586908637 0.0 0.0 0.0 0.0 0.0 0.0 0.0 0.0 0.0 0.0 0.0 0.0 0.0 0.0 0.0 0.0 0.0 0.0 0.0 0.0 0.0 0.0 0.0 0.0 0.0 0.0 0.0 0.0 0.0 0.0 0.0005522413586908637 0.006074654945582153 0.00994034445640779 0.07455258342305149 0.22255326755177968 0.12204534027033045 0.0038656895108256373 0.0 0.0 0.0 0.0 0.0 0.0 0.0005522413586908637 0.0016567240760691215 0.0022089654347565157 0.004970172228203895 0.006074654945582153 0.0690301698361602 0.1380603396723204 0.21758309532357578 0.31698653988764675 0.40589739863661906 0.41804670852778336
0.03092551608659816 0.033134481521358145 0.014358275325920822 0.0016567240760691215 0.0011044827173782579 0.0 0.0 0.0 0.0 0.0 0.0 0.0 0.0 0.0 0.0 0.0 0.0 0.0 0.0 0.0 0.0 0.0 0.0 0.0 0.0 0.0 0.0 0.0 0.0 0.0 0.0011044827173782579 0.0005522413586908637 0.004970172228203895 0.008283620380338669 0.043074825977762465 0.11376171988999179 0.10768706494440963 0.0005522413586908637 0.0 0.0005522413586908637 0.0005522413586908637 0.0 0.0 0.0 0.0 0.0011044827173782579 0.0016567240760691215 0.0027612067934473794 0.010492585815095185 0.12370206434639958 0.18665757923697415 0.27225498983381513 0.3998227436910369 0.6146446322211653 1.4407977048203242
0.024850861141019476 0.18334413108483938 0.1457917186939682 0.0938810309771762 0.024850861141019476 0.02374637842363775 0.0016567240760691215 0.0011044827173782579 0.0011044827173782579 0.0005522413586908637 0.0005522413586908637 0.0 0.0 0.0 0.0 0.0 0.0 0.0 0.0 0.0 0.0 0.0 0.0 0.0 0.0 0.0 0.0 0.0 0.0 0.0 0.0005522413586908637 0.0 0.0005522413586908637 0.0027612067934473794 0.013253792608542564 0.014358275325920822 0.0077313790216512746 0.0005522413586908637 0.0005522413586908637 0.0005522413586908637 0.0005522413586908637 0.0005522413586908637 0.0005522413586908637 0.0005522413586908637 0.0027612067934473794 0.019328447554124717 0.01988068891281558 0.05080620499941374 0.06461223896664717 0.13529913287887302 0.5185546358092326 0.6035998050473792 1.1619158186822396 1.290035813898152 2.027278027748335
0.019328447554124717 0.18058292429139547 0.3390761942352154 0.1408215464657643 0.06626896304271282 0.0988512032053801 0.07676154885781147 0.035895688314802054 0.011597068532473442 0.011044827173786048 0.008283620380338669 0.007179137662960411 0.004970172228203895 0.0011044827173782579 0.0011044827173782579 0.0 0.0 0.0 0.0 0.0 0.0 0.0 0.0 0.0 0.0 0.0 0.0 0.0 0.0016567240760691215 0.0022089654347565157 0.01546275804329908 0.04362706733645333 0.04362706733645333 0.05246292907548286 0.06350775624926544 0.040313619184318555 0.010492585815095185 0.0033134481521347736 0.008835861739029532 0.02264189570625949 0.026507585217085128 0.16401568353071466 0.16456792488940553 0.3125686090181302 0.29710585097483116 0.3285836084201202 0.39595705418021127 0.4285392943428785 0.30373274727910415 0.08891085874897231 0.47768877526622316 1.1376171988999109 1.8472473448156306 1.7174706255236525 1.6302164908507457
0.0005522413586908637 0.0016567240760691215 0.3252701602679854 0.10050792728144922 0.1480006841287282 0.18058292429139547 0.34459860782211016 0.34404636646341924 0.30373274727910415 0.32692688434405104 0.3247179189092946 0.29489688554007465 0.20101585456289844 0.19604568233469455 0.022089654347572096 0.02098517163019384 0.004970172228203895 0.0016567240760691215 0.0016567240760691215 0.0044179308695130315 0.0044179308695130315 0.004970172228203895 0.0011044827173782579 0.0011044827173782579 0.004970172228203895 0.0038656895108256373 0.0027612067934473794 0.0 0.0016567240760691215 0.004970172228203895 0.0298210333692199 0.07510482478174235 0.15297085635692861 0.16456792488940553 0.19107551010649065 0.13032896065066912 0.10050792728144922 0.053015170434170256 0.05743310130368676 0.12038861619426133 0.2518220595623122 0.4169422258104051 0.5168979117331635 0.7731379021649887 0.7184660076547493 0.8366456584142541 0.9034668628156578 0.8366456584142541 0.591450495156215 0.2440906805406609 0.46830067216850624 1.1210499581392335 1.572783389547059 1.2303937471597088 0.9045713455330361
0.0 0.0011044827173782579 0.013806033967233428 0.20322481999765496 0.23304585336687486 0.3490165386916232 0.5627339445043733 0.8957354837940066 0.7803170398279491 0.8548696232510006 0.9542730678150715 0.9222430690110917 0.6477791137425235 0.4003749850497243 0.18058292429139547 0.1336424088028039 0.08891085874897231 0.08228396244470276 0.05467189451023938 0.05908982537975241 0.047492756847278966 0.04638827412990071 0.03700017103218031 0.04141810190169681 0.050253963640722876 0.03644792967349292 0.021537412988881233 0.017671723478055595 0.0027612067934473794 0.0044179308695130315 0.019328447554124717 0.0982989618466927 0.20046361320420758 0.34018067695259363 0.4136287776582669 0.38491222700642524 0.3943003301041456 0.33631498744177146 0.22862792249736183 0.33134481521356757 0.6063610118408267 0.7018987668940719 0.7366899724914957 0.7411079033610088 0.6334208384165991 0.6798091125464999 0.7493915237413474 0.7134958354265454 0.6428089415143196 0.7223316971655749 0.8775115189572601 0.965870136347545 0.9796761703147784 0.6163013562972344 0.3760763652673992
0.0 0.010492585815095185 0.05080620499941374 0.0982989618466927 0.23083688793211835 0.40368843320186254 0.5500323932545216 0.6350775624926683 0.5632861858630642 0.6737344576009177 0.7626453163498901 0.7212272144481967 0.7604363509151335 0.5445099796676268 0.5555548068414129 0.6731822162422303 0.5218680839613674 0.4047929159192408 0.36171808994147486 0.2468518873341083 0.2098517163019245 0.18334413108483938 0.18058292429139547 0.18223964836746112 0.1629112008133364 0.12922447793329087 0.09277654825979795 0.051910687716792 0.019328447554124717 0.054119653151548514 0.1402693051070769 0.26562809352954214 0.33686722880045883 0.46001705178816754 0.679256871187809 0.9934822042820084 0.9189296208589569 0.7035554909701376 0.5119277395049595 0.4964649814616605 0.4627782585816149 0.6533015273294147 0.7582273854803769 0.49149480923345656 0.4136287776582669 0.40810636407137557 0.5268382561895713 0.6709732508074704 0.5864803229280111 0.8366456584142541 0.8521084164575532 0.8360934170555667 0.8780637603159509 0.4125242949408886 0.1336424088028039
0.0 0.006626896304273017 0.02816430929315425 0.050253963640722876 0.16622464896547118 0.2573444731492035 0.29324016146400556 0.40258395048448425 0.3655837794523005 0.5168979117331635 0.773690143523676 1.0680347877050598 1.3933049479730453 1.4822158067220177 1.6252463186225419 1.7931276916640821 1.827918897261506 1.5540071833516251 1.3115732268870333 0.8951832424353191 0.30925516086599547 0.11762740940081742 0.07510482478174235 0.07013465255353846 0.06682120440140368 0.05246292907548286 0.0740003420643641 0.051358446358104604 0.05908982537975241 0.1629112008133364 0.41197205358220124 0.4224646393972964 0.4373751560819081 0.4594648104294802 0.42080791532123074 0.7046599736875159 0.4235691221146747 0.19162775146517805 0.23304585336687486 0.39374808874545475 0.3821510202129813 0.3650315380936131 0.36447929673492224 0.39153912331069823 0.28606102380104514 0.3550911936372053 0.35177774548507057 0.29986705776827854 0.48983808515738747 0.6648985958618882 0.6759434230356742 0.6179580803733 0.5461667037436959 0.3230611948332289 0.16180671809595815
0.0 0.0 0.0038656895108256373 0.006626896304273017 0.0077313790216512746 0.04804499820596636 0.07068689391222932 0.11652292668343917 0.1502096495634847 0.12756775385722174 0.4296437770602568 0.6477791137425235 0.712943594067858 0.5809579093411198 0.5008829123311735 0.4710618789619536 0.40810636407137557 0.291031196029249 0.21095619901930276 0.1750605107045007 0.04914948092334462 0.01270155124985517 0.010492585815095185 0.013253792608542564 0.018776206195437323 0.013806033967233428 0.01822396483674646 0.04804499820596636 0.2783296447793973 0.7770035916758143 0.8355411756968758 0.6787046298291216 0.5583160136348603 0.8349889343381884 0.4517334314078289 0.3998227436910369 0.2264189570626053 0.06847792847746934 0.051358446358104604 0.2026725786389641 0.25292654227969047 0.2855087824423577 0.33686722880045883 0.3330015392896332 0.2601056799426509 0.2418817151059044 0.19383671689993803 0.19604568233469455 0.2810908515728412 0.23580706016032224 0.27059826575774604 0.28495654108366686 0.3125686090181302 0.3053894713551698 0.26949378304036775
0.0 0.0 0.0011044827173782579 0.0033134481521347736 0.0022089654347565157 0.0005522413586908637 0.018776206195437323 0.03258224016266728 0.04362706733645333 0.03258224016266728 0.054119653151548514 0.2092994749432371 0.27667292070332816 0.24298619782328265 0.14247827054183343 0.0938810309771762 0.0342389642387364 0.029268792010532507 0.010492585815095185 0.008835861739029532 0.008835861739029532 0.006626896304273017 0.006074654945582153 0.0038656895108256373 0.011597068532473442 0.008835861739029532 0.009388103097716927 0.10989603037916615 0.446763259179625 0.4992261882551079 0.5704653235260246 0.49039032651607833 0.571017564884712 0.7792125571105708 0.5561070482001003 0.5108232567875813 0.4070018813539973 0.2810908515728412 0.1905232687477998 0.22862792249736183 0.2148218885301284 0.24629964597541742 0.26783705896429866 0.2805386102141538 0.23249361200818747 0.23083688793211835 0.20101585456289844 0.1579410285851325 0.21150844037799363 0.24077723238852614 0.23359809472556572 0.24298619782328265 0.22255326755177968 0.2098517163019245 0.17726947613925723
0.0 0.0 0.0011044827173782579 0.0016567240760691215 0.0016567240760691215 0.0 0.011597068532473442 0.025955343858397734 0.0298210333692199 0.017671723478055595 0.027612067934463386 0.02098517163019384 0.06240327353188718 0.06516448032533456 0.04417930869514072 0.0044179308695130315 0.0044179308695130315 0.0016567240760691215 0.0016567240760691215 0.0033134481521347736 0.0038656895108256373 0.0044179308695130315 0.0033134481521347736 0.0033134481521347736 0.0044179308695130315 0.0033134481521347736 0.0033134481521347736 0.10216465135751487 0.17837395885663548 0.2369115428777005 0.29489688554007465 0.24850861141017394 0.25292654227969047 0.29324016146400556 0.3760763652673992 0.3628225726588566 0.37938981341953393 0.2744639552685717 0.23801602559507876 0.22144878483440142 0.21316516445406275 0.21150844037799363 0.22420999162784533 0.2048815440737206 0.2374637842363879 0.2126129230953719 0.20432930271503322 0.19825464776945106 0.16953809711760942 0.2197920607583323 0.22752343977998357 0.21813533668226318 0.19107551010649065 0.15738878722644511 0.09940344456407096
0.0 0.0 0.0 0.0 0.0 0.0 0.011597068532473442 0.013253792608542564 0.0171194821193682 0.008835861739029532 0.008283620380338669 0.0016567240760691215 0.0011044827173782579 0.0 0.0 0.0 0.0 0.0 0.0 0.0005522413586908637 0.0005522413586908637 0.0011044827173782579 0.0011044827173782579 0.0016567240760691215 0.0011044827173782579 0.0011044827173782579 0.0011044827173782579 0.0044179308695130315 0.00994034445640779 0.08559741059683754 0.09167206554241969 0.04473155005383159 0.12259758162902132 0.1110005130965444 0.1949411996173163 0.19604568233469455 0.21206068173668102 0.18720982059566502 0.1977024064107602 0.17947844157401374 0.17892620021532635 0.17671723478056983 0.16401568353071466 0.14137378782445517 0.17671723478056983 0.16898585575891856 0.1607022353785799 0.16953809711760942 0.16567240760678378 0.1949411996173163 0.18334413108483938 0.17395602798712245 0.1209408575529522 0.08283620380339016 0.03644792967349292
0.0 0.0 0.0 0.0 0.0 0.0 0.0 0.0 0.0 0.0 0.0 0.0 0.0 0.0 0.0 0.0 0.0 0.0 0.0 0.0 0.0 0.0 0.0 0.0 0.0 0.0 0.0005522413586908637 0.0038656895108256373 0.0817317210860119 0.06350775624926544 0.05798534266237415 0.08007499700994625 0.18831430331304327 0.17229930391105333 0.162358959454649 0.15352309771561948 0.10768706494440963 0.08338844516208102 0.10161240999882748 0.09167206554241969 0.0911198241837323 0.10437361679227486 0.09167206554241969 0.09553775505324533 0.1110005130965444 0.10768706494440963 0.1032691340748966 0.10658258222703137 0.162358959454649 0.14855292548741558 0.13253792608542564 0.09167206554241969 0.03700017103218031 0.016014999401989943 0.005522413586894759
0.0 0.0 0.0 0.0 0.0 0.0 0.0 0.0 0.0 0.0 0.0 0.0 0.0 0.0 0.0 0.0 0.0 0.0 0.0 0.0 0.0 0.0 0.0 0.0 0.0005522413586908637 0.0016567240760691215 0.0016567240760691215 0.017671723478055595 0.1408215464657643 0.10768706494440963 0.11376171988999179 0.13585137423756388 0.14468723597658995 0.14634396005265907 0.11707516804212656 0.08228396244470276 0.03644792967349292 0.01546275804329908 0.008283620380338669 0.008835861739029532 0.024850861141019476 0.03810465374956204 0.05688085994499589 0.06571672168402543 0.07897051429256799 0.07510482478174235 0.07013465255353846 0.08228396244470276 0.1336424088028039 0.0988512032053801 0.05080620499941374 0.009388103097716927 0.0016567240760691215 0.0 0.0
0.0 0.0 0.0 0.0 0.0 0.0 0.0 0.0 0.0 0.0 0.0 0.0 0.0 0.0 0.0 0.0 0.0 0.0 0.0 0.0 0.0 0.0 0.0 0.0016567240760691215 0.007179137662960411 0.009388103097716927 0.02264189570625949 0.04362706733645333 0.07620930749912061 0.162358959454649 0.18831430331304327 0.12922447793329087 0.08946310010766317 0.07676154885781147 0.04252258461907507 0.01546275804329908 0.006626896304273017 0.0 0.0016567240760691215 0.020432930271502975 0.04252258461907507 0.07676154885781147 0.1159706853247483 0.07289585934698584 0.07179137662960758 0.06074654945582153 0.04086586054300595 0.06461223896664717 0.10547809950965312 0.04252258461907507 0.010492585815095185 0.0033134481521347736 0.0005522413586908637 0.0 0.0
0.0 0.0 0.0 0.0 0.0 0.0 0.0 0.0 0.0 0.0 0.0 0.0 0.0 0.0 0.0 0.0 0.0 0.0 0.0 0.0 0.0 0.0 0.0016567240760691215 0.006074654945582153 0.02540310249970687 0.0392091364669403 0.05743310130368676 0.07344810070567323 0.0817317210860119 0.2253144743452236 0.16456792488940553 0.06350775624926544 0.012149309891164306 0.012149309891164306 0.005522413586894759 0.0022089654347565157 0.0005522413586908637 0.006074654945582153 0.01270155124985517 0.04914948092334462 0.09332878961848881 0.11210499581392266 0.10271689271620574 0.12701551249853435 0.12370206434639958 0.09001534146635404 0.048597239564657224 0.025955343858397734 0.05688085994499589 0.012149309891164306 0.0033134481521347736 0.0011044827173782579 0.0 0.0 0.0
0.0 0.0 0.0 0.0 0.0 0.0 0.0 0.0 0.0 0.0 0.0 0.0 0.0 0.0 0.0 0.0 0.0 0.0 0.0 0.0005522413586908637 0.0011044827173782579 0.005522413586894759 0.01270155124985517 0.011597068532473442 0.04362706733645333 0.051910687716792 0.0469405154885881 0.03644792967349292 0.030373274727910765 0.14247827054183343 0.1209408575529522 0.05467189451023938 0.006626896304273017 0.0022089654347565157 0.0016567240760691215 0.0016567240760691215 0.0027612067934473794 0.01546275804329908 0.05356741179286112 0.03700017103218031 0.04914948092334462 0.09056758282504143 0.1281199952159126 0.08559741059683754 0.06295551489057805 0.026507585217085128 0.004970172228203895 0.004970172228203895 0.004970172228203895 0.0016567240760691215 0.0005522413586908637 0.0 0.0 0.0 0.0
0.0 0.0 0.0 0.0 0.0 0.0 0.0 0.0 0.0 0.0 0.0 0.0 0.0 0.0 0.0 0.0 0.0 0.0005522413586908637 0.0077313790216512746 0.03810465374956204 0.04970172228203548 0.07179137662960758 0.0861496519555284 0.05522413586892677 0.09001534146635404 0.08891085874897231 0.07123913527091671 0.05356741179286112 0.017671723478055595 0.07179137662960758 0.06516448032533456 0.033134481521358145 0.0033134481521347736 0.0011044827173782579 0.0011044827173782579 0.0011044827173782579 0.0077313790216512746 0.02264189570625949 0.027612067934463386 0.03534344695611466 0.03368672288004554 0.02540310249970687 0.020432930271502975 0.011597068532473442 0.011597068532473442 0.0016567240760691215 0.0016567240760691215 0.0011044827173782579 0.0005522413586908637 0.0038656895108256373 0.0016567240760691215 0.0 0.0 0.0 0.0
0.0 0.0 0.0 0.0 0.0 0.0 0.0 0.0 0.0 0.0 0.0 0.0 0.0 0.0 0.0 0.0005522413586908637 0.0022089654347565157 0.0038656895108256373 0.006074654945582153 0.11210499581392266 0.18665757923697415 0.20156809592158584 0.17726947613925723 0.12038861619426133 0.15738878722644511 0.16346344217202727 0.103821375433584 0.054119653151548514 0.02264189570625949 0.023194137064950354 0.021537412988881233 0.011597068532473442 0.0016567240760691215 0.0005522413586908637 0.0 0.0 0.009388103097716927 0.012149309891164306 0.013253792608542564 0.019328447554124717 0.02540310249970687 0.012149309891164306 0.006074654945582153 0.0016567240760691215 0.0005522413586908637 0.0005522413586908637 0.0005522413586908637 0.0 0.0 0.0011044827173782579 0.0 0.0 0.0 0.0 0.0
