static/data/precipitation/2023/7/5/6.asc
ncols 137
nrows 93
xllcorner 108.0
yllcorner 17.0
cellsize 0.25
NODATA_value -32767
[rows 63 to 83 of 93, columns 48 to 95 of 137]
0.02540310249970687 0.05356741179286112 0.061298790814508924 0.01822396483674646 0.263971369453473 0.6163013562972344 0.2733594725511934 0.09277654825979795 0.0392091364669403 0.0 0.0 0.0 0.0 0.0 0.0 0.0 0.0 0.0 0.0005522413586908637 0.011044827173786048 0.019328447554124717 0.0392091364669403 0.047492756847278966 0.05246292907548286 0.07123913527091671 0.045836032771209845 0.033134481521358145 0.02264189570625949 0.0044179308695130315 0.0005522413586908637 0.0 0.0 0.0 0.0 0.0 0.0 0.0011044827173782579 0.0022089654347565157 0.0038656895108256373 0.0027612067934473794 0.0016567240760691215 0.0011044827173782579 0.0016567240760691215 0.0022089654347565157 0.0022089654347565157 0.0016567240760691215 0.0027612067934473794 0.0027612067934473794
0.017671723478055595 0.17561275206319157 0.10879154766178789 0.051358446358104604 0.014910516684611685 0.006626896304273017 0.5743310130368467 0.00994034445640779 0.0033134481521347736 0.0 0.0 0.0 0.0 0.0 0.0 0.0 0.0 0.0005522413586908637 0.0005522413586908637 0.0005522413586908637 0.0011044827173782579 0.0011044827173782579 0.0005522413586908637 0.0005522413586908637 0.0 0.0005522413586908637 0.0 0.0 0.0 0.0 0.0 0.0 0.0 0.0 0.0005522413586908637 0.0016567240760691215 0.0027612067934473794 0.006074654945582153 0.009388103097716927 0.008283620380338669 0.0038656895108256373 0.0016567240760691215 0.0016567240760691215 0.0033134481521347736 0.0016567240760691215 0.0033134481521347736 0.004970172228203895 0.005522413586894759
0.10879154766178789 0.10437361679227486 0.30483722999648244 0.2844042997249795 0.11155275445523527 0.9007056560222104 5.683668063630036 0.8984966905874539 0.0 0.0 0.0 0.0 0.0 0.0 0.0 0.0 0.0005522413586908637 0.0005522413586908637 0.0005522413586908637 0.0 0.0 0.0 0.0 0.0005522413586908637 0.0 0.0 0.0 0.0 0.0 0.0 0.0 0.0 0.0 0.0005522413586908637 0.0022089654347565157 0.006074654945582153 0.010492585815095185 0.01988068891281558 0.019328447554124717 0.01546275804329908 0.009388103097716927 0.0038656895108256373 0.0044179308695130315 0.0027612067934473794 0.0022089654347565157 0.004970172228203895 0.008835861739029532 0.0077313790216512746
0.14634396005265907 4.0959741573983655 1.7025601088390407 0.4169422258104051 0.47437532711408836 0.020432930271502975 0.7096301459157197 0.0027612067934473794 0.0 0.0 0.0 0.0 0.0 0.0 0.0 0.0005522413586908637 0.0011044827173782579 0.0005522413586908637 0.0011044827173782579 0.0005522413586908637 0.0005522413586908637 0.0 0.0 0.0 0.0 0.0 0.0 0.0 0.0 0.0 0.0 0.0 0.0005522413586908637 0.0077313790216512746 0.016014999401989943 0.0171194821193682 0.02705982657577599 0.0298210333692199 0.03147775744528902 0.022089654347572096 0.011044827173786048 0.004970172228203895 0.0033134481521347736 0.0027612067934473794 0.005522413586894759 0.009388103097716927 0.010492585815095185 0.006626896304273017
0.16622464896547118 1.3231702954195068 1.1950503002035942 0.2048815440737206 1.1193932340631645 2.154845781605557 0.0044179308695130315 0.0027612067934473794 0.0 0.0 0.0 0.0 0.0 0.0 0.0 0.0005522413586908637 0.0005522413586908637 0.0005522413586908637 0.0005522413586908637 0.0005522413586908637 0.0005522413586908637 0.0005522413586908637 0.0 0.0 0.0 0.0 0.0 0.0 0.0 0.0 0.0 0.0011044827173782579 0.01270155124985517 0.018776206195437323 0.02098517163019384 0.02705982657577599 0.047492756847278966 0.038656895108249434 0.029268792010532507 0.01822396483674646 0.006626896304273017 0.0033134481521347736 0.0038656895108256373 0.0044179308695130315 0.0077313790216512746 0.011044827173786048 0.012149309891164306 0.013806033967233428
0.26894154168167694 0.08725413467290666 0.05080620499941374 0.03147775744528902 0.9343923789022559 0.9553775505324498 0.0 0.0 0.0 0.0 0.0 0.0 0.0 0.0 0.0 0.0 0.0 0.0005522413586908637 0.0005522413586908637 0.0005522413586908637 0.0 0.0 0.0 0.0 0.0 0.0 0.0 0.0 0.0 0.0 0.0 0.013806033967233428 0.028716550651841644 0.03534344695611466 0.03368672288004554 0.03976137782562769 0.0392091364669403 0.0298210333692199 0.01988068891281558 0.013253792608542564 0.0044179308695130315 0.0038656895108256373 0.0044179308695130315 0.0044179308695130315 0.004970172228203895 0.011044827173786048 0.021537412988881233 0.02264189570625949
0.2048815440737206 0.07179137662960758 0.103821375433584 0.04141810190169681 0.0 0.0 0.0 0.0 0.0 0.0 0.0 0.0 0.0 0.0 0.0 0.0 0.0 0.0 0.0 0.0 0.0005522413586908637 0.0 0.0 0.0 0.0 0.0 0.0 0.0 0.0 0.0 0.006626896304273017 0.033134481521358145 0.03147775744528902 0.03644792967349292 0.03368672288004554 0.03147775744528902 0.025955343858397734 0.01822396483674646 0.011044827173786048 0.006074654945582153 0.0038656895108256373 0.0033134481521347736 0.0038656895108256373 0.004970172228203895 0.008835861739029532 0.02374637842363775 0.1905232687477998 0.17395602798712245
0.06847792847746934 0.033134481521358145 0.0690301698361602 0.02540310249970687 0.0 0.0 0.0 0.0 0.0 0.0 0.0 0.0 0.0 0.0 0.0 0.0 0.0 0.0 0.0 0.0 0.0005522413586908637 0.0 0.0 0.0 0.0 0.0 0.0 0.0 0.0 0.0 0.00994034445640779 0.028716550651841644 0.021537412988881233 0.024298619782328612 0.024298619782328612 0.018776206195437323 0.013253792608542564 0.01270155124985517 0.0077313790216512746 0.0033134481521347736 0.0022089654347565157 0.0016567240760691215 0.0044179308695130315 0.008283620380338669 0.024298619782328612 0.05908982537975241 0.31753878124633417 0.28661326515973595
0.00994034445640779 0.03534344695611466 0.03644792967349292 0.022089654347572096 0.0005522413586908637 0.0 0.0 0.0 0.0 0.0 0.0 0.0 0.0 0.0 0.0 0.0 0.0 0.0 0.0 0.0005522413586908637 0.0005522413586908637 0.0 0.0 0.0 0.0 0.0 0.0 0.0 0.0 0.008835861739029532 0.01988068891281558 0.0171194821193682 0.012149309891164306 0.014910516684611685 0.014910516684611685 0.008283620380338669 0.008835861739029532 0.00994034445640779 0.006626896304273017 0.0016567240760691215 0.0005522413586908637 0.0016567240760691215 0.0044179308695130315 0.008835861739029532 0.025955343858397734 0.16014999401988902 0.401479467767106 0.3324492979309458
0.0005522413586908637 0.011597068532473442 0.017671723478055595 0.008283620380338669 0.0011044827173782579 0.0 0.0 0.0 0.0 0.0 0.0 0.0 0.0 0.0 0.0 0.0 0.0 0.0 0.0 0.0005522413586908637 0.0 0.0 0.0 0.0 0.0 0.0 0.0 0.0 0.008283620380338669 0.013806033967233428 0.013253792608542564 0.008835861739029532 0.008835861739029532 0.011044827173786048 0.0077313790216512746 0.0077313790216512746 0.010492585815095185 0.011597068532473442 0.0077313790216512746 0.0027612067934473794 0.0011044827173782579 0.0016567240760691215 0.0033134481521347736 0.0077313790216512746 0.04528379141252245 0.2943446441813838 0.4346139492884607 0.5307039457003969
0.0 0.0 0.0044179308695130315 0.0027612067934473794 0.0 0.0 0.0 0.0 0.0 0.0 0.0 0.0 0.0 0.0 0.0 0.0 0.0 0.0 0.0005522413586908637 0.0 0.0005522413586908637 0.0 0.0005522413586908637 0.0005522413586908637 0.0005522413586908637 0.0005522413586908637 0.0011044827173782579 0.0033134481521347736 0.012149309891164306 0.01270155124985517 0.009388103097716927 0.008835861739029532 0.012149309891164306 0.013253792608542564 0.01270155124985517 0.012149309891164306 0.012149309891164306 0.013253792608542564 0.01270155124985517 0.0077313790216512746 0.0033134481521347736 0.004970172228203895 0.0077313790216512746 0.033134481521358145 0.0938810309771762 0.25347878363837784 0.44344981102749026 0.5168979117331635
0.0 0.0 0.0 0.0 0.0 0.0 0.0 0.0 0.0 0.0 0.0 0.0 0.0 0.0 0.0 0.0005522413586908637 0.0005522413586908637 0.0005522413586908637 0.0 0.0 0.0011044827173782579 0.0016567240760691215 0.0011044827173782579 0.0005522413586908637 0.0005522413586908637 0.0033134481521347736 0.007179137662960411 0.01822396483674646 0.01822396483674646 0.016567240760677338 0.016014999401989943 0.013253792608542564 0.011597068532473442 0.01270155124985517 0.017671723478055595 0.019328447554124717 0.018776206195437323 0.017671723478055595 0.021537412988881233 0.01546275804329908 0.009388103097716927 0.007179137662960411 0.025955343858397734 0.08228396244470276 0.2048815440737206 0.49370377466821314 0.7792125571105708 0.8609442781965827
0.0 0.0022089654347565157 0.0005522413586908637 0.0 0.0 0.0 0.0 0.0 0.0 0.0 0.0 0.0 0.0 0.0 0.0 0.0005522413586908637 0.0005522413586908637 0.0 0.0 0.0005522413586908637 0.0005522413586908637 0.0005522413586908637 0.0016567240760691215 0.0016567240760691215 0.013806033967233428 0.07841827293387713 0.02540310249970687 0.022089654347572096 0.019328447554124717 0.019328447554124717 0.020432930271502975 0.020432930271502975 0.012149309891164306 0.02098517163019384 0.018776206195437323 0.020432930271502975 0.022089654347572096 0.017671723478055595 0.017671723478055595 0.01270155124985517 0.006626896304273017 0.008283620380338669 0.12314982298770871 0.3064939540725481 0.5538980827653438 0.7676154885780939 1.0117061691187548 0.821182900370955
0.0 0.0 0.0 0.0 0.0 0.0 0.0 0.0 0.0 0.0 0.0 0.0 0.0 0.0 0.0 0.0005522413586908637 0.0 0.0 0.0 0.0005522413586908637 0.0011044827173782579 0.0016567240760691215 0.0027612067934473794 0.0027612067934473794 0.0171194821193682 0.06461223896664717 0.02540310249970687 0.03644792967349292 0.02540310249970687 0.02098517163019384 0.02374637842363775 0.022089654347572096 0.02816430929315425 0.037552412390871176 0.03092551608659816 0.033134481521358145 0.0392091364669403 0.037552412390871176 0.035895688314802054 0.012149309891164306 0.006074654945582153 0.06185103217319979 0.2993148164095877 0.7615408336325118 0.9238997930871607 1.2033339205839328 0.8852428979789113 0.539539807439423
0.0 0.0 0.0 0.0 0.0 0.0 0.0 0.0 0.0 0.0 0.0 0.0 0.0 0.0 0.0 0.0 0.0005522413586908637 0.0 0.0005522413586908637 0.0016567240760691215 0.0022089654347565157 0.0044179308695130315 0.01546275804329908 0.0077313790216512746 0.011044827173786048 0.02264189570625949 0.009388103097716927 0.025955343858397734 0.02264189570625949 0.018776206195437323 0.01988068891281558 0.02816430929315425 0.05080620499941374 0.04362706733645333 0.04362706733645333 0.03976137782562769 0.06461223896664717 0.08338844516208102 0.06571672168402543 0.02540310249970687 0.01822396483674646 0.03976137782562769 0.33465826336570237 0.9371535856957034 1.0912289247700102 1.02219875493385 0.6383910106448031 0.19328447554124717
0.0 0.0 0.0 0.0 0.0 0.0 0.0 0.0 0.0 0.0 0.0 0.0 0.0 0.0 0.0 0.0 0.0005522413586908637 0.0011044827173782579 0.0011044827173782579 0.0016567240760691215 0.0016567240760691215 0.005522413586894759 0.012149309891164306 0.006626896304273017 0.0044179308695130315 0.0016567240760691215 0.019328447554124717 0.029268792010532507 0.02705982657577599 0.019328447554124717 0.017671723478055595 0.02816430929315425 0.05246292907548286 0.04473155005383159 0.04638827412990071 0.033134481521358145 0.05356741179286112 0.0469405154885881 0.02705982657577599 0.02264189570625949 0.01270155124985517 0.012149309891164306 0.13143344336804738 0.5605249790696167 0.7350332484154266 0.4848679129291836 0.32029998803978155 0.008835861739029532
0.0 0.0 0.0 0.0 0.0 0.0 0.0 0.0 0.0 0.0 0.0 0.0 0.0 0.0 0.0 0.0 0.0 0.0011044827173782579 0.0005522413586908637 0.0011044827173782579 0.0016567240760691215 0.006074654945582153 0.005522413586894759 0.0022089654347565157 0.0011044827173782579 0.0022089654347565157 0.023194137064950354 0.02264189570625949 0.020432930271502975 0.024850861141019476 0.02264189570625949 0.03092551608659816 0.04197034326038421 0.03534344695611466 0.03147775744528902 0.016567240760677338 0.019328447554124717 0.013253792608542564 0.01270155124985517 0.0077313790216512746 0.004970172228203895 0.006074654945582153 0.006626896304273017 0.12977671929198173 0.25844895586658173 0.1728515452697442 0.008835861739029532 0.008835861739029532
0.0 0.0 0.0 0.0 0.0 0.0 0.0 0.0 0.0 0.0 0.0 0.0 0.0 0.0 0.0 0.0 0.0 0.0 0.0005522413586908637 0.0005522413586908637 0.0016567240760691215 0.0016567240760691215 0.0011044827173782579 0.0011044827173782579 0.0 0.004970172228203895 0.016567240760677338 0.017671723478055595 0.018776206195437323 0.02264189570625949 0.03202999880397989 0.047492756847278966 0.0342389642387364 0.019328447554124717 0.012149309891164306 0.006626896304273017 0.0044179308695130315 0.0038656895108256373 0.0033134481521347736 0.0016567240760691215 0.0022089654347565157 0.0038656895108256373 0.0033134481521347736 0.0022089654347565157 0.0016567240760691215 0.0005522413586908637 0.0 0.0
0.0 0.0 0.0 0.0 0.0 0.0 0.0 0.0 0.0 0.0 0.0 0.0 0.0 0.0 0.0 0.0 0.0 0.0 0.0 0.0005522413586908637 0.0005522413586908637 0.0 0.0 0.0005522413586908637 0.0 0.00994034445640779 0.016567240760677338 0.016567240760677338 0.01546275804329908 0.02264189570625949 0.037552412390871176 0.03644792967349292 0.028716550651841644 0.010492585815095185 0.011597068532473442 0.007179137662960411 0.012149309891164306 0.008835861739029532 0.0033134481521347736 0.0011044827173782579 0.0 0.0 0.0 0.0 0.0 0.0 0.0 0.0
0.0 0.0 0.0 0.0 0.0 0.0 0.0 0.0 0.0 0.0 0.0 0.0 0.0 0.0 0.0 0.0 0.0 0.0 0.0 0.0 0.0 0.0 0.0 0.0011044827173782579 0.0011044827173782579 0.011044827173786048 0.01270155124985517 0.011597068532473442 0.013806033967233428 0.01822396483674646 0.01822396483674646 0.013806033967233428 0.012149309891164306 0.006074654945582153 0.011044827173786048 0.008835861739029532 0.010492585815095185 0.008835861739029532 0.004970172228203895 0.0016567240760691215 0.0005522413586908637 0.0 0.0 0.0 0.0 0.0 0.0 0.0
0.0 0.0 0.0 0.0 0.0 0.0 0.0 0.0 0.0 0.0 0.0 0.0 0.0 0.0 0.0 0.0 0.0 0.0 0.0 0.0 0.0 0.0 0.0 0.0011044827173782579 0.008835861739029532 0.006074654945582153 0.006626896304273017 0.012149309891164306 0.01822396483674646 0.016014999401989943 0.00994034445640779 0.008283620380338669 0.010492585815095185 0.006074654945582153 0.006074654945582153 0.010492585815095185 0.008283620380338669 0.007179137662960411 0.0044179308695130315 0.0005522413586908637 0.0 0.0 0.0 0.0 0.0 0.0 0.0 0.0
