static/data/seaWind_uo/2023/7/29/18.asc
ncols 137
nrows 93
xllcorner 108.0
yllcorner 17.0
cellsize 0.25
NODATA_value -32767
[rows 0 to 18 of 93, columns 86 to 128 of 137]
6.529686388695033 6.564122256810933 6.624985651620429 6.372722896817908 5.860989879932793 5.28278762924257 4.576451915795509 4.253715756476728 4.271334107605794 4.5123851844170915 4.851938860722708 4.9656573089194005 4.956047299212637 5.034529045151199 5.10580328380969 5.136234981214438 5.112209956947531 4.987279830759617 4.860748036287241 4.778262119637526 4.670149510436447 4.5171901892704724 4.345010848690974 4.186445688529389 4.0543080550614015 3.964614631131617 3.8709170364906806 3.7724144369963626 3.645081808381757 3.509740838344848 3.3719973658812497 3.254274746973406 3.1613779864746996 3.0532653772736187 2.9819911386151285 2.9091152316721787 2.7753759299197305 2.638433291598362 2.486274804574619 2.238817054625479 1.8263874713769117 1.0239516608622248 -0.19091373290102887
6.193336048958338 5.950683303862579 5.77770312914085 5.205106717446238 4.530804369688386 3.8228669879568664 3.698737695911182 3.9886396553985235 4.4851568235812636 4.940831450510263 5.108205786236381 5.136234981214438 5.056952401133646 5.0289232061555875 4.9792714893373144 4.8671547094250815 4.735817910099325 4.578053584079971 4.40026840450486 4.293757463588239 4.106362274306367 3.8981453973265086 3.6835218472088074 3.5041349993492363 3.3271506539163567 3.1565729816213186 2.9867961434685104 2.9107168999566384 2.8378409930136885 2.727325881385917 2.624819111180448 2.544735696957425 2.4838723021479283 2.342124658973178 2.2996804494349763 2.27885876173699 2.257236239896774 2.1499244648379237 1.9945626412452593 1.8015616129677752 1.6550089649396438 0.7973155986110707 -0.2285529375858495
5.341248521625376 4.805490480473354 4.0358888697901065 3.330353990485278 2.8290318174491556 2.929936919370164 3.4793091409401 4.195254864093922 4.844731353442636 5.073769918120481 5.083379927827243 4.992885669755228 4.8807688898429955 4.801486309762204 4.705386212694577 4.557231896381985 4.2785416148858655 4.027880528367804 3.779621944276435 3.5834175794300287 3.3864123804413935 3.1878055131682967 2.9996094897441936 2.756155910506205 2.557549043233109 2.386971370938071 2.17475032324706 2.112285260153103 2.0794510603216634 2.0514218653436056 2.0514218653436056 2.0442143580635332 2.0346043483567713 1.9176825635911574 1.8392008176525958 1.7783374228430984 1.7294865401670543 1.735092379162666 1.5941455701301463 1.3322728056208621 1.0687983728271178 0.5754845412132981 -0.06278027014419241
3.7812236125608947 3.038850362713475 2.2035803523673487 1.9881559681074177 1.9272925732979203 2.957966114348222 3.8581036902149966 4.552426891528603 4.940831450510263 4.949640626074796 4.909598918963285 4.770253778215224 4.695776202987814 4.557231896381985 4.322587492708529 4.046299713639099 3.6210567841148493 3.2782997712403126 3.0260370164377917 2.8562601782849835 2.6552508085851962 2.4518389364587185 2.24282122533663 1.9345000805779926 1.7447023888694289 1.640593950379499 1.5613113702987067 1.5525021947341746 1.6165689261125924 1.645398955232881 1.7070631841846082 1.7759349204164079 1.7951549398299336 1.7366940474471266 1.6437972869484203 1.5428921850274118 1.2850235912292787 1.243380215833307 1.0976284019474059 0.7829005840509269 0.1462374409778966 -0.19571873775440984 -0.3574872344849158
1.554904697160865 0.9718974416172603 1.3570986640299991 1.4996471413469794 2.6760724962831826 3.663500993653052 4.318583321997377 4.534007706257308 4.710191217547958 4.68056035428544 4.6469253203117695 4.556431062239755 4.522796028266084 4.165624000831404 3.8709170364906806 3.2526730786889453 2.830633485733616 2.4998889849925328 2.295676278723825 2.1507252989801535 1.9393050854313736 1.721478198744752 1.5212696631871956 1.3378786446164739 1.278616918091437 1.2097451818596374 1.2025376745795655 1.260998566962372 1.3234636300563296 1.3186586252029482 1.3923353662881293 1.46521127323108 1.518867160760505 1.445190419675324 1.2762144156647466 0.9638891001949581 0.6667796334275438 0.7020163356856739 0.800518935179992 0.6595721261474718 0.08056904131501819 -0.39112226845858533 -0.6145549941408186
0.2831800792992656 0.058145685332571695 1.051980855840283 2.362946346671164 3.5441767064607483 4.008660508954279 4.097553098741834 4.312176648859536 4.316180819570686 4.449119287180904 4.4218909263450765 4.335400838984212 4.0543080550614015 3.632268462106073 3.0140245043043383 2.403788887924905 2.0650360457615196 1.8584208370661215 1.6638181405041759 1.5308796728939584 1.3691111761634525 1.1536867919035219 1.0359641729956786 1.0407691778490595 0.984710787892944 1.023150826719995 1.084014221529492 1.1160475872187012 1.0399683437068297 0.9662916026216486 0.9734991099017205 0.9550799246304256 0.9935199634574765 1.024752495004455 0.7220371892414295 0.39449602506926684 0.02130731478998138 0.13342409470221295 0.231926694196531 0.23673169904991243 -0.0820002895577181 -0.4007322781653482 -0.16448620620743126
-0.4303631414278666 0.51061697569265 1.81998079823907 3.1341496256388717 3.689928520346649 3.810854475823413 3.8805270461974435 3.9846354846873724 4.051104718492482 4.25771992718788 4.214474883507448 4.1159722840131305 3.500931662780316 2.861866017280595 2.242020391194399 1.7967566081143933 1.5917430677034559 1.3835261907235967 1.236172708553235 1.0856158898139525 0.9238473930834465 0.8317514667269705 0.762078896352941 0.8093281107445245 0.8685898372695608 0.9078307102388421 0.9430674124969722 0.8894115249675467 0.8125314473134453 0.6363479360227955 0.4849902831412827 0.465770263727757 0.4185210493361735 0.4593635905899154 0.16545746039142228 -0.037153577592825116 -0.3174455273734047 -0.27420048369297234 -0.5152515605042705 -0.576915789455998 -0.6810242279459273 0.33283179611753955 0.5698787022176863
0.07015819746602503 1.161695133325824 2.369353019809006 3.042854533424626 3.4905208189313224 3.407234068139379 3.4136407412772214 3.6418784718128356 3.9437929434336314 4.233694902920973 4.075129742759389 3.595430091563483 2.836239324729228 2.169945318393679 1.7543123985761917 1.4668129415155402 1.28982859608266 1.1392717773433776 0.995922465884167 0.836556471580352 0.6819954821299183 0.6099204093291979 0.5738828729288379 0.5947045606268238 0.6779913114187672 0.7252405258103507 0.7436597110816456 0.7949130961843802 0.6771904772765369 0.4641685954432968 0.20069416264955198 0.06935736332379472 -0.05076775801073907 -0.09321196754894112 -0.367898078333909 -0.2950221713909582 -0.31504302494671377 -0.34707639063592266 -0.7707176518757128 -1.0918521429100336 -1.0317895822427665 -0.15567703064289873 0.8237431253046683
0.6980121649745228 1.3426836494698553 2.4694572875877836 2.8554593441427527 2.9547627777793015 2.9555636119215314 3.1125271037986555 3.4408691021130484 3.8364811683747804 3.9021495680376597 3.7019410324801023 2.989198645895201 2.301282117719436 1.6790339892065504 1.4139578881283454 1.3274678007674807 1.1745084796015077 1.0287566657156062 0.8854073542563956 0.7604772280684804 0.5794887119244492 0.47217693686559903 0.3832843470780438 0.33283179611753955 0.36806849837566924 0.5490570145197005 0.6603729602897022 0.8085272766022942 0.7596763939262501 0.5170236488304916 0.12941992399106184 -0.052369426295199695 -0.23736211315038203 -0.601741647865135 -0.9044569536281606 -0.5520899310468608 -0.2133370888834749 -0.24537045457268425 -0.7018459156439132 -1.0742337917809686 -1.051009601656292 -0.5160523946465008 0.5874970533467514
1.009536646302081 1.3875303614347478 2.2708504203146878 2.5543457066641877 2.6800766669943337 2.831434319875846 3.1653821571858507 3.4080349022816097 3.58582008185672 3.599434262274634 3.141357132918944 2.4382247560408055 1.7951549398299336 1.4291737368307196 1.2914302643671207 1.2802185863758977 1.1953301672994936 1.0599891972625852 0.9062290419543815 0.7236388575258901 0.5114178098348798 0.3264251229796975 0.22952419176984007 0.1830758115204869 0.312810942561784 0.5154219805460309 0.8773990128340934 1.0760058801071897 1.0295574998578365 0.730846364805962 0.34404347410876257 0.08377237788393899 -0.16208370378074033 -0.5937333064428327 -1.0846446356299615 -0.8868386024990955 -0.5000357118018961 -0.3839147611785134 -0.6618042085324018 -1.131893850021545 -0.7242692716263597 -0.07639445056210636 0.6107212434714282
2.169945318393679 1.8239849689502212 2.1050777528730307 2.5102998288415255 2.713711700968003 2.8778827001251996 3.132547957354412 3.398424892574847 3.4624916239532646 3.2206397129997364 2.602395755198002 1.981749294969576 1.5428921850274118 1.2818202546603579 1.2818202546603579 1.2401768792643861 1.1673009723214354 1.059188363120355 0.9094323785233027 0.7428588769394153 0.5282353268217146 0.33283179611753955 0.2607567233168191 0.3464459765354535 0.5290361609639449 0.8733948421229423 1.4195637271239567 1.6726273160687088 1.5589088678720162 1.1889234941616516 0.6355471018805652 0.6291404287427231 0.5554636876575425 0.27517173787696336 -0.48001485824614054 -0.853203568525426 -0.9701253532910392 -0.9709261874332693 -1.2055705911067258 -0.8556060709521167 -0.37670725389844106 0.10779740215084566 0.48338861485682205
2.9323394217968546 2.5327231848239715 2.439826424325265 2.9459536022147685 3.096510420954051 3.0925062502429 3.05646871384254 3.1982163570172903 3.105319596518584 2.7721725933508092 2.251630400901162 1.8191799640968402 1.5028504779159007 1.3234636300563296 1.3482894884654666 1.2962352692205021 1.2601977328201417 1.1737076454592774 0.9638891001949581 0.762078896352941 0.6123229117558884 0.5282353268217146 0.5698787022176863 0.8461664812871148 1.1352676066322265 1.5212696631871956 2.0338035142145405 2.306087122572818 2.1411152892733907 1.6638181405041759 0.946270749065893 1.0047316414486995 1.2545918938245304 1.2626002352468326 0.4889944538524338 -0.19011289875879855 -0.6954392425060714 -1.0029595531224784 -1.195960581399963 -0.5400774189134074 0.09418322173293214 0.577887043639989 0.7132280136768969
2.346128829684329 2.3765605270890773 2.9964061531752733 3.3327564929119684 3.3279514880585865 2.998007821459734 2.7209192082480746 2.651246637874045 2.5191090044060576 2.27805792759476 2.1194927674331745 1.8816450271907974 1.6461997893751108 1.518867160760505 1.4355804099685616 1.2762144156647466 1.1777118161704285 1.0960267336629452 1.045574182702441 0.9342582369324397 0.8485689837138053 0.8974198663898494 1.0375658412801387 1.3066461130694949 1.5709213800054695 1.9312967440090714 2.4550422730276398 2.5271173458283607 2.238817054625479 1.5581080337297863 0.7428588769394153 0.08537404616839961 0.08056904131501819 0.22071501620530753 0.4481519125986919 -0.2389637814348422 -0.4984340435174359 -0.5841232967360699 -1.0317895822427665 -0.3711014149028298 0.4417452394608503 1.00713414387539 0.9654907684794183
1.9681351145516621 2.7089066961146213 3.2791006053825433 3.352777346467724 3.0356470261445545 2.670466657287571 2.2660454154613068 2.145119459984542 2.054625201912527 2.0826543968905846 2.081052728606124 1.9585251048448993 1.8568191687816609 1.7318890425937457 1.4556012635243172 1.3835261907235967 1.2666044059579837 1.1897243283038819 1.1713051430325865 1.0760058801071897 1.0487775192713622 1.1024334068007873 1.2449818841177676 1.3835261907235967 1.6349881113838882 1.8720350174840346 2.2324103814876373 1.8303916420880628 1.1120434165075501 0.38408518122027413 0.3088067718506329 -0.8395893881075123 -0.7122567594929061 0.04373067077242787 0.5026086342703473 -0.45679066812146374 0.15905078725358024 0.4897952879946641 -0.16208370378074033 -0.2125362547412446 0.4929986245635849 0.5194261512571821 -0.13245284051822237
1.95932593898713 2.746545900799442 3.038049528571245 2.687284174274405 2.35013300039548 1.8992633783198625 1.5789297214277718 1.6277806041038159 1.7791382569853282 1.8263874713769117 2.0602310409081386 2.1050777528730307 1.9937618071030294 1.74870655958058 1.4235678978351078 1.4139578881283454 1.4243687319773382 1.3659078395945317 1.4035470442793523 1.1656993040369752 1.11284425064978 0.9751007781861811 0.9967233000263973 1.0848150556717222 1.2121476842863284 1.4419870831064032 1.116848421360931 -0.005120211903616223 -0.6674100475280136 -0.5288657409221844 0.026112319643362802 -0.9917478751312552 -0.33426304436023946 0.5194261512571821 0.7180330185302783 -0.24056544971930283 0.30560343528171163 0.9222457247989864 0.47217693686559903 0.054942348763650894 -0.09321196754894112 -0.12604616738038033 -0.7122567594929061
1.8392008176525958 2.2236012059231043 2.257236239896774 1.694249837908925 1.2834219229448185 0.8373573057225823 0.9702957733327997 1.4003437077104315 1.5533030288764045 1.7358932133048968 1.9785459584006548 1.9937618071030294 1.8680308467728834 1.6237764333926648 1.4283729026884893 1.586938062850074 1.5981497408412975 1.5701205458632397 1.5589088678720162 1.2201560257086306 0.8141331155979055 0.6731863065653858 0.4633677613010665 0.4705752685811384 0.589098721631212 0.10699656800861579 -0.43276564385455707 -1.3369073904324829 -1.2896581760408996 -1.142304693870538 -0.13725784537160335 -0.9036561194859303 -0.24777295699937474 0.6483604481562488 0.836556471580352 -0.06838610913980414 0.09418322173293214 0.7076221746812856 0.7204355209569693 0.4849902831412827 0.312810942561784 -0.4688031802549175 -0.7122567594929061
1.1136450847920103 1.4996471413469794 0.8557764909938772 0.07736570474609739 -0.33426304436023946 0.058946519474802006 0.42733022490070605 1.0191466560088438 1.5629130385831673 1.7463040571538895 1.8960600417509421 1.7495073937228098 1.6237764333926648 1.4035470442793523 1.2738119132380556 1.4716179463689216 1.5428921850274118 1.5132613217648934 1.334675308047553 0.9342582369324397 0.5266336585372544 0.22231668448976816 -0.031547738597213826 -0.05397109457965987 -0.686630066941539 -1.171134722990826 -1.860652919451051 -1.8550470804554395 -1.8069970319216258 -1.0942546453367243 -0.27019631298182123 -0.9300836461795279 -0.3526822296315344 0.5442520096663195 0.8629839982739496 0.18067330909379642 0.34324263996653226 0.6443562774450977 0.8317514667269705 0.8109297790289847 0.4489527467409222 -0.3350638785024693 -0.12924950394930113
0.7348505355171131 0.10619573386638548 -0.8027510175649217 -1.4954725505940678 -1.3120815320233459 -0.8403902222497424 -0.19411706946994967 0.7460622135083366 1.3290694690519413 1.752710730291731 1.8544166663549704 1.6373906138105787 1.2826210888025882 1.049578353413592 0.8349548032958913 0.8886106908253169 0.9622874319104975 0.8629839982739496 0.6291404287427231 0.2951925914327189 0.2351300307654518 -0.06518277257088334 -0.14526618679390557 -0.3286572053646277 -1.0534121040829827 -1.7413286322587473 -2.3956101264608423 -2.1137165083958025 -1.453829175198096 -0.6353766818388045 -0.39592727331196675 -0.7707176518757128 -0.2093329181723238 0.30240009871279083 0.6235345897471118 0.1694616311025734 0.3704710008023602 0.6011112337646654 1.023150826719995 0.854174822709417 0.6283395946004933 0.7420580427971855 0.9118348809499932
-0.10202114311347366 -0.8556060709521167 -1.8702629291578137 -2.1137165083958025 -1.913507972838246 -1.5146925700075933 -0.8267760418318286 0.2711675671658118 1.1480809529079101 1.650203960086262 1.7447023888694289 1.2121476842863284 0.8245439594468986 0.5018078001281174 0.2687650647391213 0.16145328968027117 0.062149856043722806 -0.07078861156649463 -0.19251540118548904 -0.3839147611785134 -0.27900548854635376 0.08297154374170868 0.23593086490768211 -0.11403365524692699 -0.7250701057685898 -1.3248948782990295 -1.634817691342127 -1.5259042479988163 -0.9140669633349232 -0.5376749164867167 -0.5953349747272931 -0.8684194172278004 -0.7250701057685898 -0.4455789901302407 -0.04596275315735765 0.7845022523353871 0.8581789934205681 0.8669881689851007 1.2978369375049623 1.1248567627832333 1.5100579851959721 1.8127732909589978 1.67663148677986
