static/data/seaWind_uo/2023/7/29/6.asc
ncols 137
nrows 93
xllcorner 108.0
yllcorner 17.0
cellsize 0.25
NODATA_value -32767
[rows 57 to 75 of 93, columns 0 to 42 of 137]
-0.8900419390680165 -0.04596275315735765 -0.4367698145657082 -0.8524027343831959 -0.7811284957247058 -0.15487619650066842 0.8077264424600639 0.8982207005320793 0.11180157286199677 0.39369519092703653 1.2553927279667603 1.136869274916687 0.4457494101720014 0.24073586976106354 0.3416409716820721 0.5394470048129381 0.6900038235522206 0.8109297790289847 1.009536646302081 0.5378453365284774 0.5746837070710678 0.9166398858033746 1.50204964377367 2.0962685773084986 2.261240410607925 1.115246753076471 0.45696108816322445 0.5570653559420031 1.07680671424942 1.1040350750852475 0.28478174758372576 -0.34707639063592266 -0.21814209373685634 0.10619573386638548 0.48579111728351254 0.47698194171898045 -0.1468678550783662 -0.8331827149696704 -0.49442987280628437 -0.49042570209513325 -0.7691159835912522 -1.051009601656292 -0.7675143153067918
-1.0926529770522637 0.22071501620530753 0.08857738273732041 -0.5568949359002422 -0.9725278557177299 -0.3486780589203833 0.7877055889043083 0.2535492160367472 -0.35828806862714613 0.360060156953367 1.3018411082161134 1.313052786207337 0.7364522038015737 -0.015531055752608935 -0.09080946512225019 0.30960760599286274 0.8773990128340934 0.9614865977682672 1.1480809529079101 0.9654907684794183 1.1913259965883425 1.4860329609290654 1.905670051457704 2.099471913877419 2.211588693789651 1.3330736397630925 0.8341539691536615 0.8077264424600639 0.712427179534667 0.43213522975408747 -0.45839233640592436 -0.43596898042347787 -0.2085320840300935 -0.036352743450594804 0.12381408499545055 -0.12684700152261064 -0.4015331123075785 -0.4752098533927591 -0.005921046045846534 -0.12924950394930113 -0.9364903193173697 -1.4282024826467288 -0.7827301640091662
-1.2928615126098204 0.10699656800861579 0.07976820717278787 -0.5616999407536236 -0.9501044997352834 -0.25337879599498647 0.5066128049814989 -0.18931206461656824 -0.45839233640592436 0.1990924943650918 1.0728025435382689 1.130462601778845 0.6739871407076161 -0.19812124018110078 -0.009925216756997646 0.7300455306637317 1.2529902255400698 0.8301497984425104 0.9542790904881953 1.2097451818596374 1.5004479754892102 1.7006565110467666 1.6638181405041759 1.9617284414138205 2.1002727480196497 1.4892362974979867 0.8894115249675467 0.15424578240019882 -0.0916102992644805 -0.49042570209513325 -0.9949512117001762 -0.7530993007466478 -0.43196480971232676 -0.2325571082970006 -0.2085320840300935 -0.3823130928940528 -0.3566864003426855 -0.16448620620743126 0.2655617281702005 0.2311258600543007 -0.4992348776596658 -1.1006613184745662 -0.8059543541338428
-1.348119068423706 -0.2685946446973606 -0.19732040603887047 -0.8147635296983753 -0.774721822586864 -0.09321196754894112 0.026913153785593114 -0.49442987280628437 -0.7571034714577989 -0.4071389513031898 0.4385419028919295 0.9070298760966118 0.5410486730973982 -0.1508720257895173 0.44094440531862 1.157690962614673 1.1705043088903566 0.8213406228779778 1.0511800216980527 1.5156638241915839 1.5316805070361883 0.5426503413818589 0.4705752685811384 1.4860329609290654 1.878441690621877 1.268206074242444 0.373674337371281 -0.36149140519606693 -0.8732244220811818 -1.1983630838266537 -1.1655288839952145 -0.8940461097791677 -0.5649032773225444 -0.3606905710538366 -0.33586471264469964 -0.36709724419167866 -0.37350391732952026 -0.3550847320582253 -0.036352743450594804 -0.030746904454983515 0.22151585034753785 -0.19732040603887047 -0.12924950394930113
-1.4482233362024843 -0.7659126470223314 -0.6465883598300277 -0.669011715812474 -0.629770842843193 -0.23095544001253998 -0.30703468352441154 -0.5961358088695234 -0.878029426934563 -0.5288657409221844 0.05654401704811152 0.6459579457295579 0.48258778071459174 0.062149856043722806 0.6435554433028674 0.9558807587726559 0.9694949391905694 0.9470715832081233 1.196131001441724 1.5717222141477003 0.9967233000263973 0.0052906319453769335 -0.16849037691858237 0.892614861536468 1.3603020005989204 0.6787921455609975 -0.18210455733649633 -0.3534830637737647 -0.86681774894334 -1.2199856056668699 -1.0958563136211847 -0.920473636472765 -0.6329741794121138 -0.42876147314340596 -0.39752894159642693 -0.41835062929441325 -0.4896248679529034 -0.601741647865135 -0.3206488639423255 -0.0884069626955597 0.16465662624919197 0.6980121649745228 0.9246482272256769
-1.6884735788715524 -0.9877437044201041 -0.7763234908713244 -0.7723193201601732 -0.6001399795806746 -0.2677938105551303 -0.27339964955074203 -0.36469474176498773 -0.7338792813331223 -0.9525070021619741 -0.4103422878721106 0.3816826787935832 0.4121143761983319 0.11820824599983881 0.5971070630535142 0.8974198663898494 0.9927191293152462 1.0463750168446713 0.9510757539192745 1.0215491584355343 0.4745794392922895 0.18547831394717784 0.04453150491465774 0.5682770339332261 0.7148296819613575 0.05414151462142058 -0.07559361641987605 -0.1837062256209565 -0.45518899983700356 -0.9412953241707509 -1.07903879663435 -1.061420445505285 -0.7803276615824755 -0.5152515605042705 -0.4888240338106731 -0.43596898042347787 -0.4087406195876504 -0.39993144402311787 -0.3863172636052039 -0.16448620620743126 0.33203096197530924 1.1136450847920103 1.4139578881283454
-1.7309177884097544 -0.878029426934563 -0.7178625984885179 -0.7178625984885179 -0.5336707457755656 -0.15487619650066842 -0.02834440202829258 -0.12844866980707081 -0.36629641004944835 -0.6922359059371506 -0.6922359059371506 -0.12604616738038033 0.31120927427732337 0.16465662624919197 0.5538620193730819 0.7676847353485523 0.9030257053854607 1.0415700119912898 0.6227337556048815 0.33203096197530924 -0.6209616672786604 -0.6778208913770065 -0.13885951365606397 0.45856275644768507 0.17106329938703357 -0.04356025073066716 0.062149856043722806 0.2095033382140845 -0.01793355817929987 -0.6962400766483017 -1.0822421332032708 -1.1767405619864375 -0.7723193201601732 -0.5000357118018961 -0.42715980485894534 -0.39272393674304595 -0.02193772889045098 0.07416236817717614 -0.031547738597213826 0.07416236817717614 0.5522603510886217 0.9831091196084834 0.9190423882300651
-1.2656331517739927 -0.6497916963989485 -0.7314767789064316 -0.6802233938036972 -0.4375706487079385 -0.21413792302570522 0.13342409470221295 0.03492149520789534 -0.2357604448659214 -0.5176540629309612 -0.5200565653576519 -0.033149406881674004 0.5026086342703473 0.16785996281811277 0.05093817805249978 0.23593086490768211 0.600310399622435 1.0776075483916503 0.8261456277313592 0.19028331880055926 -1.203168088680035 -1.6876727447293223 -1.2071722593911862 -0.5392765847711773 -0.5977374771539838 0.01810397822106058 0.2631592257435096 0.2831800792992656 0.09658572415962263 -0.2085320840300935 -0.591330804016142 -1.1975622496844236 -0.6778208913770065 -0.2902171665375768 -0.15807953306958922 0.11820824599983881 0.5522603510886217 0.4113135420561016 0.3232217864107767 0.45856275644768507 0.48739278556797316 0.5058119708392685 0.13662743127113375
-1.012569562829241 -1.0053620555491691 -1.0558146065096734 -0.6433850232611067 -0.19171456704325873 -0.15968120135404984 -0.08440279198440859 -0.15567703064289873 -0.3558855662004552 -0.48081569238837085 -0.2974246738176487 0.2087025040718542 0.54665451209301 0.2791759085881145 0.25595171846343767 0.26956589888135163 0.27437090373473305 0.23673169904991243 -0.09801697240232254 -0.2934205031064976 -1.2007655862533444 -1.8061961977793957 -1.7909803490770213 -1.3377082245747132 -0.895647778063628 -0.07639445056210636 0.10699656800861579 -0.08920779683779001 -0.42635897071671547 -0.6922359059371506 -0.7571034714577989 -1.0918521429100336 -0.7498959641777267 -0.4639981754015361 -0.13005033809153144 0.5858953850622912 1.559709702014247 1.299438605789423 0.8445648130026542 0.3544543179577557 -0.11243198696246637 -0.4191514634366431 -0.34467388820923217
-0.8828344317879444 -0.7490951300354967 -0.8948469439213977 -0.5713099504603862 -0.10922865039354557 -0.061979436001962096 -0.39112226845858533 -0.5168532287887309 -0.2349596107236911 -0.03795441173505543 0.27997674273034434 0.6411529408761769 0.8757973445496332 0.5674761997909958 0.5955053947690536 0.4369402346074689 0.08297154374170868 -0.6594017061057111 -1.1895539082621212 -1.234400620227014 -1.4722483604693912 -1.9543505140919875 -2.0776789719954425 -1.6548385448978828 -0.9653203484376578 -0.4375706487079385 0.017303144078830268 0.11019990457753659 -0.30383134695549074 -1.1302921817370846 -1.3465174001392457 -0.9380919876018301 -0.6578000378212507 -0.4784131899616799 0.033319826923434714 1.1224542603565428 2.535125687250663 2.2660454154613068 1.2329693719843142 0.007693134372067423 -0.775522656729094 -1.1583213767151423 -0.9044569536281606
-0.7811284957247058 -0.6033433161495954 -0.6065466527185164 -0.3574872344849158 -0.08119945541548779 -0.061979436001962096 -0.2693954788395909 -0.19732040603887047 0.09418322173293214 0.3536534838155254 0.6347462677383349 1.0367650071379084 1.3859286931502872 0.8549756568516473 0.48258778071459174 0.21430834306746593 -0.4071389513031898 -1.1447071962972286 -1.383355770681836 -1.5042817261586003 -1.5299084187099674 -1.729316120125294 -1.8878812802868787 -1.7773661686591076 -1.050208767514062 -0.31824636151563457 0.4937994587058152 0.5450528438085493 -0.23335794243923091 -1.2432097957915464 -1.4882650433139957 -0.6369783501232649 -0.19331623532771935 0.497002795274736 1.2337702061265445 2.210787859647421 2.98519447518405 2.2003770157984275 0.7660830670640921 -0.4375706487079385 -1.223989776378021 -1.5723526282481695 -1.2432097957915464
-0.9829386995667229 -0.8379877198230519 -0.708252588781755 -0.34066971749808106 -0.058776099433041296 0.11980991428429899 0.07896737303055756 0.18948248465832895 0.5458536779507797 0.7748922426286247 0.822942291162438 1.1120434165075501 1.3522936591766177 0.5963062289112839 0.16866079696034308 -0.28861549825311617 -0.8996519487747792 -1.461036682478168 -1.5042817261586003 -1.461036682478168 -1.206371425248956 -1.3713432585483827 -1.5995809890839974 -1.5587384478302555 -1.1254871768837031 -0.2021254108922519 0.6595721261474718 1.1873218258771914 0.5338411658173263 0.02210814893221169 -0.18931206461656824 0.11019990457753659 0.5522603510886217 1.345886986038776 2.472660624156705 3.3463706733298824 3.0860995771050583 1.752710730291731 0.2983959280016397 -0.8908427732102466 -1.6652493887468758 -1.7573453151033518 -1.4129866339443544
-1.1655288839952145 -0.9517061680197438 -0.6561983695367903 -0.3486780589203833 0.007693134372067423 0.3520518155310648 0.3560559862422159 0.3344334644019997 0.4593635905899154 0.8349548032958913 0.9022248712432304 1.1793134844548891 1.2946336009360415 0.602712902049126 -0.17169371348750317 -0.711455925350676 -1.0349929188116875 -1.7245111152719126 -1.697282754436085 -1.4922692140251468 -1.1399021914438472 -1.0694287869275871 -1.0742337917809686 -1.3168865368767273 -0.895647778063628 0.22712168934314958 1.5452946874541023 2.592785745491239 2.8106126321778606 2.2948754445815944 1.6654198087886365 1.2089443477174076 1.3370778104742436 2.246825396047781 3.2294488885642694 3.5762100721499572 2.944351933930308 1.4596054342354683 -0.16929121106081269 -1.400974121810901 -1.817407875770619 -1.6932785837249338 -1.411384965659894
-1.3657374195527712 -1.054212938225213 -0.5977374771539838 -0.27339964955074203 0.007693134372067423 0.31040844013509306 0.32882762540638844 0.24794337704113545 0.28077757687257465 0.7028171698279042 0.8061247741756032 1.2057410111484863 1.5853363945656134 0.9110340468077629 -0.30463218109772106 -0.8860377683568654 -0.8155643638406054 -1.506684228585291 -1.6740585643114083 -1.528306750425507 -1.1455080304394587 -0.774721822586864 -0.4952307069485147 -0.502438214228587 0.0036889636609163112 1.381924522439136 2.0874594017439656 3.407234068139379 3.351976512325493 2.8386418271559184 1.9785459584006548 1.7695282472785663 1.7294865401670543 2.531121516539512 3.362387356174487 3.527359189473913 2.628022447749369 1.0007274707375484 -0.4455789901302407 -1.5235017455721258 -1.6892744130137824 -1.5186967407187444 -1.305674858885504
-1.5235017455721258 -1.227993947089172 -0.7122567594929061 -0.2910180006798071 -0.06678444085534352 0.15504661654242913 0.10139072901300406 0.02050648064775107 0.19028331880055926 0.54665451209301 0.7212363550991991 1.0888192263828733 1.5837347262811536 1.2794177522336674 0.04373067077242787 -0.6369783501232649 -0.34707639063592266 -1.0413995919495294 -1.2704381566273741 -1.135898020732696 -0.8652160806588796 -0.5184548970731913 0.2983959280016397 0.8814031835452445 1.3651070054523013 1.6325856089571968 2.3397221565464874 2.093866074881808 1.767125744851875 1.5380871801740308 1.3691111761634525 1.433978741684101 2.2452237277633205 3.0820954063939072 3.403229897428228 3.420848248557293 2.2660454154613068 0.4345377321807784 -0.9380919876018301 -1.3232932100145691 -1.4306049850734195 -1.3393098928591736 -1.1943589131155026
-1.531510086994428 -1.238404790938165 -0.958913675299816 -0.6073474868607465 -0.25017545942606567 -0.21493875716793553 -0.2918188348220374 -0.13325367466045224 0.16305495796473135 0.48418944899905236 0.7612780622107107 0.9438682466392025 1.137670109058917 0.9390632417858211 0.42733022490070605 -0.10202114311347366 0.0909798851640109 -0.4664006778282266 -0.6001399795806746 -0.23095544001253998 0.06054818775926263 0.3712718349445905 1.115246753076471 2.049820197059145 2.117090265006484 1.8848483637597186 1.3298703031941717 0.8189381204512869 0.9062290419543815 1.2097451818596374 1.5484980240230235 2.269248752030227 3.05646871384254 3.44327160453974 3.6290651255371524 3.1886063473105275 1.717474028033601 -0.03795441173505543 -0.8948469439213977 -1.199163917968884 -1.174338059559747 -1.131893850021545 -1.0926529770522637
-1.2207864398091 -1.206371425248956 -1.117478835461401 -0.8652160806588796 -0.45198566326808276 -0.45438816569477325 -0.27820465440412345 -0.030746904454983515 0.15985162139581055 0.3160142791307048 0.6908046576944509 0.7420580427971855 0.719634686814739 0.4449485760297711 0.04773484148357898 -0.11163115282023606 -0.052369426295199695 -0.38791893188966453 -0.3174455273734047 0.09338238759070183 0.7300455306637317 1.3683103420212226 1.914479227022237 2.3853697026536103 2.2348128839143278 1.7735324179897174 1.222558528135321 1.0263541632889157 1.35950116645669 1.9120767245955466 2.5054948239881445 3.158975484048009 3.5850192477144893 3.7724144369963626 3.491321653073553 2.732931720381529 1.2505877231133793 -0.01873439232153018 -0.774721822586864 -0.930884480321758 -0.8491993978142749 -0.9797353629978018 -1.002158718980248
-1.301670688174353 -1.485862540887305 -1.4954725505940678 -1.0029595531224784 -0.5152515605042705 -0.2902171665375768 0.24073586976106354 0.6075179069025074 0.5154219805460309 0.2311258600543007 0.14223327026674548 -0.07959778713102716 -0.11323282110469668 -0.2894163323953465 -0.5608991066113933 -0.6602025402479414 -0.5616999407536236 -0.45038399498362214 -0.18771039633210762 0.21751167963638673 0.8253447935891289 1.5741247165743908 2.214792030358572 2.4790672972945464 2.491079809428 2.292472942154904 1.9929609729607995 1.8375991493681352 2.0514218653436056 2.5054948239881445 3.095709586811821 3.639475969386145 3.9021495680376597 3.7187585494669375 3.0716845625449145 2.162737811113607 1.0359641729956786 0.016502309936599957 -0.6065466527185164 -0.7723193201601732 -0.7178625984885179 -0.8051535199916124 -0.7066509204972946
-1.4386133264957217 -1.3136832003078063 -1.0037603872647087 -0.36229223933829724 0.07816653888832725 0.48739278556797316 1.1280600993521546 1.4323770733996404 1.1344667724899962 0.39209352264257635 -0.8403902222497424 -1.4065799608065126 -1.2824506687608275 -1.118279669603631 -0.9100627926237721 -0.7498959641777267 -0.5400774189134074 -0.30383134695549074 -0.017132724037069558 0.4665710978699873 1.0567858606936644 1.6277806041038159 2.169945318393679 2.4117972293472074 2.4998889849925328 2.4510381023164887 2.445432263320877 2.4654531168766325 2.625619945322678 2.8866918756897317 3.3463706733298824 3.6058409354124756 3.672310169217584 3.2246438837108875 2.4077930586360563 1.7222790328869828 1.242579381691077 0.3224209522685464 -0.4431764877035502 -0.7851326664358569 -0.7579043056000292 -0.5512890969046307 -0.3238522005112463
