static/data/pressure/2023/7/11/0.asc
ncols 137
nrows 93
xllcorner 108.0
yllcorner 17.0
cellsize 0.25
NODATA_value -32767
[rows 57 to 75 of 93, columns 0 to 42 of 137]
100.64229347237271 100.65853681542124 100.63678878389514 100.61531147475318 100.62379410945631 100.64409828826699 100.63760095104757 100.71177888430257 100.80580979239468 100.83757455213404 100.78532513199457 100.71159840271315 100.70681564059329 100.72982704324541 100.72910511688768 100.73208306311324 100.73479028695466 100.711327680329 100.71728357278013 100.75184579715564 100.78379103848442 100.84380116696933 100.91157200379962 100.97230405864221 100.95678264195139 100.87258798048312 100.80057582630126 100.79335656272413 100.82051904193308 100.87033196061526 100.88459000618009 100.89379456724095 100.94378796751256 100.97510152327835 100.99080342155861 101.01210024911114 101.03005816725926 101.010566155601 101.03502141096854 101.04476741679765 101.05279884752721 101.09358768673799 101.11010175217066
100.67532160323807 100.71656164642242 100.7560871145072 100.74354364404195 100.71484707132285 100.69327952138619 100.67008763714465 100.74679231265165 100.77909851715931 100.75933578311691 100.72955632086126 100.79452969305542 100.83631118100804 100.82376771054278 100.74507773755208 100.73858040033267 100.75680904086491 100.7650209531839 100.80481714365283 100.82530180405293 100.86058595478615 100.92131800962873 100.98205006447135 100.97185285466864 100.94857072963241 100.87583664909283 100.83757455213404 100.82855047266264 100.85751776776587 100.90805261280576 100.91355730128333 100.93332003532572 100.98457680672334 100.99504473891018 101.00406881838158 101.05153547640121 101.08077349388859 101.0303288896434 101.00659556063357 101.0265387762654 101.06209364938276 101.08808299826042 101.06832026421804
100.68434568270948 100.707537566951 100.76005770947462 100.77702297888088 100.74679231265165 100.69607698602232 100.69481361489632 100.75184579715564 100.71403490417043 100.70356697198359 100.77702297888088 100.86735401438969 100.87556592670869 100.81456314948196 100.78532513199457 100.87935604008669 100.91960343452917 100.9005626268445 100.88603385889552 100.88152181915983 100.88828987876337 100.93404196168343 100.93034208910017 100.92203993598645 100.94983410075841 100.88982397227352 100.85706656379229 100.86202980750157 100.89334336326736 100.96427262791266 100.98809619771718 100.99378136778418 101.00578339348115 101.02004143904598 101.03231418712711 101.07481760143745 101.10306297018298 101.06904219057576 101.05009162368579 101.05884498077305 101.08907564700228 101.02807286977554 101.0035273736133
100.68154821807333 100.68254086681519 100.71827622152199 100.73479028695466 100.708800938077 100.66882426601865 100.70979358681886 100.7528384458975 100.72630765225155 100.71403490417043 100.78532513199457 100.86951979346284 100.88856060114752 100.83252106763007 100.86681256962143 100.9580460130774 100.9785306734775 100.94703663612226 100.91879126737675 100.9715821322845 100.9810574157295 100.90579659293792 100.89505793836693 100.89307264088323 100.95551927082539 100.92203993598645 100.92158873201288 100.92583004936445 100.94081002128699 100.99955677864588 101.03556285573681 101.02735094341783 101.03005816725926 101.02608757229183 101.03881152434651 101.07003483931761 101.10757500991868 101.08456360726657 101.06353750209819 101.07283230395373 101.06407894686647 101.00533218950758 100.96878466764838
100.66882426601865 100.64879080959211 100.67956292058965 100.68985037118705 100.66359029992525 100.65907826018953 100.70158167449988 100.74128762417409 100.77954972113288 100.76727697305175 100.75852361596448 100.83035528855692 100.89830660697665 100.87385135160912 100.90904526154762 100.94956337837426 100.97004803877437 100.94559278340684 100.93584677757771 101.01760493758871 101.04431621282409 100.96878466764838 100.92158873201288 100.91834006340318 100.98656210420704 100.99378136778418 100.99757148116217 100.98205006447135 100.9970300363939 100.99910557467231 101.0335775582531 101.0315922607694 101.02103408778784 101.01706349282043 101.01904879030414 101.04729415904964 101.1102822337601 101.06606424435019 101.03655550447866 101.02004143904598 101.01128808195871 100.99179607030047 100.96030203294524
100.66909498840279 100.64409828826699 100.66007090893139 100.67207293462836 100.67658497436408 100.67784834549008 100.67532160323807 100.7055522694673 100.76583312033632 100.81077303610395 100.79904173279112 100.81727037332337 100.88856060114752 100.8762878530664 100.91482067240933 100.95254132459982 100.9970300363939 100.9843060843392 100.97483080089421 100.99035221758504 101.01453675056842 100.99405209016832 100.95281204698396 100.96652864778052 101.01327337944242 101.03384828063724 101.04810632620207 101.02852407374911 100.9958569060626 100.98177934208721 101.01128808195871 101.02329010765568 101.01354410182657 101.01480747295257 101.01580012169443 101.04404549043994 101.1160576446218 101.0495501789175 100.99053269917447 100.97356742976821 100.96878466764838 100.96427262791266 100.96282877519724
100.70076950734745 100.67730690072179 100.68732362893505 100.70031830337388 100.70853021569286 100.6986037282743 100.66485367105123 100.69210639105489 100.80580979239468 100.86410534578 100.85535198869272 100.85733728617643 100.87204653571483 100.86627112485314 100.91509139479348 100.94306604115485 100.99477401652604 101.03231418712711 101.013092897853 100.96282877519724 100.93602725916713 100.93106401545788 100.94730735850641 100.97104068751622 101.00560291189173 101.0303288896434 101.0393529691148 101.01652204805214 100.98358415798148 100.97456007851007 100.99630811003617 101.00280544725558 101.011829526727 101.01706349282043 101.03402876222668 101.06633496673433 101.10883838104466 101.05153547640121 100.99955677864588 100.97807946950392 100.96707009254881 100.96535551744924 100.97456007851007
100.70329624959945 100.711327680329 100.72278826125769 100.73208306311324 100.73235378549738 100.71981031503212 100.68254086681519 100.7477849613935 100.86410534578 100.89180926975723 100.86708329200556 100.84858392908917 100.87655857545055 100.89460673439336 100.89027517624709 100.88260470869639 100.89180926975723 100.93332003532572 100.98908884645904 100.97302598499992 100.93909544618742 100.93178594181559 100.94929265599012 100.98484752910748 101.03132153838526 101.0348409293791 101.01679277043628 101.00208352089788 101.00533218950758 101.00578339348115 101.00208352089788 101.0047907447393 101.02708022103369 101.0482868077915 101.07183965521187 101.07635169494759 101.06759833786033 101.02301938527154 101.00433954076573 100.98502801069691 100.9785306734775 100.9823207868555 100.99333016381061
100.68551881304076 100.71827622152199 100.71827622152199 100.70104022973159 100.6895796488029 100.69679891238003 100.70401817595716 100.79904173279112 100.86302245624343 100.85255452405659 100.8135705007401 100.80860725703081 100.84930585544689 100.87457327796683 100.86852714472099 100.86609064326372 100.87276846207254 100.88955324988937 100.93205666419973 100.93729063029313 100.9230325847283 100.92501788221202 100.95227060221568 100.99432281255247 101.02509492354997 100.99305944142647 100.9785306734775 100.99432281255247 101.02933624090154 101.05785233203119 101.05676944249463 101.0520769211695 101.04882825255979 101.04882825255979 101.04585030633422 101.02960696328569 100.99883485228817 100.98656210420704 100.9785306734775 100.97627465360964 100.98331343559734 100.9970300363939 101.01110760036929
100.6857895354249 100.72152489013169 100.73081969198725 100.707537566951 100.69030157516062 100.71259105145501 100.74435581119437 100.789295726962 100.78703970709414 100.77927899874874 100.78180574100074 100.8008465486854 100.82205313544321 100.82430915531107 100.84280851822747 100.89505793836693 100.92835679161645 100.92077656486046 100.90904526154762 100.89235071452552 100.88955324988937 100.89984070048679 100.92357402949659 100.95254132459982 100.9785306734775 100.97131140990035 100.96084347771352 100.9810574157295 101.02031216143013 101.06055955587262 101.07608097256345 101.06335702050876 101.01778541917814 100.99684955480446 100.98683282659118 100.98006476698764 100.97681609837792 100.99035221758504 100.9888181240749 100.9970300363939 101.00776869096487 101.01706349282043 101.0290655185174
100.6653048750248 100.70401817595716 100.74552894152565 100.7325342670868 100.72630765225155 100.7497702588772 100.75879433834862 100.75428229861292 100.76808914020417 100.78731042947828 100.79777836166512 100.8110437584881 100.83829647849176 100.84831320670503 100.85481054392444 100.89027517624709 100.90453322181192 100.89785540300308 100.89984070048679 100.88260470869639 100.88134133757039 100.8980358845925 100.92005463850275 100.92754462446402 100.94902193360598 100.95858745784567 100.9650847950651 100.99152534791632 101.0303288896434 101.0553255897792 101.05559631216335 101.06227413097218 101.0252754051394 101.00054942738774 100.9900814952009 100.98782547533304 100.98809619771718 100.99856412990403 101.00307616963973 101.01110760036929 101.02130481017197 101.03059961202754 101.04233091534037
100.6640415038988 100.68660170257733 100.72360042841012 100.73858040033267 100.73776823318023 100.75680904086491 100.76032843185877 100.76583312033632 100.81654844696565 100.8385672008759 100.85535198869272 100.86103715875971 100.88377783902769 100.89307264088323 100.8947872159828 100.89632130949293 100.90733068644805 100.8980358845925 100.90110407161278 100.88955324988937 100.88603385889552 100.90155527558635 100.9152718763829 100.92357402949659 100.94252459638656 100.96102395930295 100.96779201890652 100.9958569060626 101.03258490951124 101.01652204805214 101.00379809599744 101.01552939931028 101.01977071666184 100.99856412990403 101.00009822341417 100.99883485228817 101.00433954076573 101.010566155601 101.01733421520457 101.02482420116583 101.03402876222668 101.04404549043994 101.05054282765936
100.6780288270795 100.69210639105489 100.71277153304443 100.73027824721898 100.74083642020052 100.7650209531839 100.78306911212671 100.80553907001054 100.8456059828636 100.87330990684083 100.90408201783835 100.91509139479348 100.94053929890285 100.94631470976455 100.92952992194773 100.9230325847283 100.93828327903499 100.91734741466134 100.91184272618376 100.90633803770619 100.90651851929563 100.90985742870005 100.91834006340318 100.92835679161645 100.94956337837426 100.96607744380695 100.97104068751622 100.98782547533304 100.99531546129433 100.98782547533304 100.98177934208721 100.99206679268461 100.99603738765204 101.00009822341417 101.00506146712344 101.01083687798514 101.01959023507241 101.02428275639754 101.03177274235883 101.03908224673066 101.0437747680558 101.05505486739506 101.0553255897792
100.70058902575802 100.7106057539713 100.7178250175484 100.74029497543223 100.75256772351335 100.78054236987474 100.81609724299209 100.8410939431279 100.85932258366014 100.87682929783469 100.91355730128333 100.9402685765187 100.99829340751988 100.99603738765204 100.97058948354264 100.95705336433554 100.97329670738407 100.94108074367114 100.92402523347016 100.92628125333802 100.92628125333802 100.92158873201288 100.92853727320588 100.93882472380328 100.95606071559368 100.96860418605894 100.96905539003251 100.96932611241665 100.97807946950392 100.98006476698764 100.98782547533304 100.99684955480446 101.00235424328203 101.00803941334901 101.01580012169443 101.02058288381426 101.03078009361697 101.03429948461081 101.04052609944608 101.04557958395007 101.04927945653336 101.0598376295149 101.06028883348847
100.72504428112555 100.72134440854227 100.7247735587414 100.74552894152565 100.76484047159448 100.7950711378237 100.82882119504679 100.85381789518259 100.86627112485314 100.8800779664444 100.90606731532206 100.92231065837059 100.99251799665818 101.02852407374911 101.0060541158653 100.96679937016467 100.97654537599378 100.94478061625442 100.93304931294159 100.93629798155128 100.93810279744557 100.93332003532572 100.93828327903499 100.94604398738042 100.95958010658752 100.96580672142281 100.9663481661911 100.97076996513208 100.97780874711978 100.98782547533304 100.9958569060626 101.0060541158653 101.01327337944242 101.01877806792 101.02680949864954 101.02933624090154 101.03881152434651 101.04133826659852 101.04756488143379 101.05279884752721 101.05731088726291 101.06254485335633 101.06606424435019
100.74760447980408 100.73984377145867 100.72053224138983 100.7350610093388 100.76258445172662 100.78207646338487 100.81059255451453 100.83360395716662 100.85228380167244 100.87403183319854 100.88305591266996 100.88585337730609 100.93458340645172 100.97230405864221 100.96905539003251 100.93431268406758 100.94802928486412 100.94460013466498 100.93656870393542 100.93882472380328 100.93927592777685 100.93629798155128 100.94108074367114 100.94703663612226 100.95732408671967 100.96282877519724 100.97058948354264 100.97807946950392 100.98656210420704 100.9970300363939 101.00181279851374 101.01327337944242 101.02058288381426 101.0265387762654 101.03529213335267 101.03908224673066 101.04657223269193 101.04927945653336 101.05234764355365 101.05731088726291 101.06209364938276 101.06335702050876 101.0693129129599
100.76881106656188 100.73885112271681 100.72035175980041 100.73208306311324 100.76059915424291 100.7745864774236 100.79353704431357 100.81510459425024 100.83306251239834 100.84957657783103 100.86058595478615 100.87159533174126 100.91003791028947 100.94180267002885 100.94432941228084 100.92131800962873 100.92628125333802 100.93629798155128 100.93701990790899 100.93783207506142 100.93909544618742 100.93783207506142 100.94460013466498 100.95127795347383 100.96102395930295 100.96905539003251 100.97880139586164 100.98981077281675 100.9970300363939 101.00858085811728 101.01733421520457 101.02807286977554 101.03556285573681 101.04233091534037 101.0495501789175 101.05306956991136 101.0553255897792 101.05902546236248 101.06083027825676 101.06281557574047 101.0667861707079 101.06777881944976 101.07084700647002
100.72179561251583 100.711327680329 100.72360042841012 100.74056569781638 100.75879433834862 100.77007443768788 100.78676898471 100.80680244113654 100.82485060007936 100.8398305720019 100.85129115293059 100.86257125226986 100.88206326392812 100.90733068644805 100.92285210313888 100.9185205449926 100.91879126737675 100.92980064433188 100.93259810896801 100.93656870393542 100.9415319476447 100.94757808089055 100.95759480910381 100.96228733042895 100.9715821322845 100.98006476698764 100.98926932804847 100.99928605626174 101.00831013573314 101.01931951268828 101.0290655185174 101.03709694924694 101.04557958395007 101.05234764355365 101.05604751613691 101.06209364938276 101.06407894686647 101.0667861707079 101.06859098660219 101.06859098660219 101.06859098660219 101.07057628408587 101.07057628408587
100.70230360085759 100.71358370019686 100.73352691582866 100.7477849613935 100.76005770947462 100.77377431027116 100.78857380060428 100.8052683476264 100.8225945802115 100.83432588352433 100.84353044458518 100.85860065730243 100.87078316458884 100.88585337730609 100.89884805174493 100.90859405757405 100.92104728724459 100.93304931294159 100.93927592777685 100.94703663612226 100.95380469572582 100.9587679394351 100.96535551744924 100.9715821322845 100.98132813811364 100.99053269917447 100.99982750103003 101.00957350685914 101.02130481017197 101.02960696328569 101.04079682183023 101.04783560381793 101.05577679375277 101.06227413097218 101.06606424435019 101.07003483931761 101.07202013680131 101.07202013680131 101.07256158156959 101.07229085918544 101.07102748805946 101.07102748805946 101.07156893282773
