static/data/pressure/2023/7/11/12.asc
ncols 137
nrows 93
xllcorner 108.0
yllcorner 17.0
cellsize 0.25
NODATA_value -32767
[rows 38 to 56 of 93, columns 0 to 42 of 137]
99.72752253635574 99.80810756603545 99.96205836181772 100.1282819056811 100.28331559099996 100.32735309882044 100.27781090252239 100.22754677986664 100.25128010887646 100.26003346596372 100.25804816848 100.22303474013094 99.99680106778266 99.85783024392292 99.81280008736057 99.82353874193156 99.8238094643157 99.83707486113866 99.85828144789649 99.88228549929045 99.90710171783682 99.94202490539118 99.9715336452627 100.00104238513423 100.02757317878016 100.04535061533885 100.06782057322266 100.08604921375492 100.11384337852685 100.15779064555262 100.21734957006394 100.29008365060352 100.31905094570675 100.3008223051745 100.25227275761831 100.22583220476707 100.23106617086049 100.25877009483771 100.30731964239392 100.36435182465323 100.38005372293348 100.39656778836617 100.41452570651428
99.75829464735325 99.97351894274641 100.21229608555996 100.32356298544246 100.30858301351991 100.27302814040256 100.22682485350892 100.23729278569577 100.34729631445227 100.37734649909206 100.36958579074665 100.30479290014192 100.15382005058521 99.99553769665665 99.89203150511956 99.85828144789649 99.8468208669678 99.85358892657135 99.8705541959776 99.89302415386142 99.92560108075321 99.9555610245983 99.97757977850854 100.0003204587765 100.02179776791846 100.04535061533885 100.07332526170022 100.10102918567746 100.11727252872599 100.14082537614637 100.19578202012727 100.2547994998703 100.28205221987396 100.24703879152489 100.22583220476707 100.23106617086049 100.26454550569943 100.32103624319046 100.38655106015291 100.45278780347307 100.47435535340975 100.48130389460272 100.49032797407415
99.89203150511956 100.11853589985199 100.24577542039889 100.25507022225445 100.22529075999879 100.2317880972182 100.22583220476707 100.31652420345476 100.38230974280134 100.38384383631148 100.33556501113944 100.25407757351259 100.13306466780097 100.02576836288588 99.9343544378405 99.89031693001999 99.8750662357133 99.8763296068393 99.88733898379442 99.91053086803596 99.93579829055591 99.96232908420185 99.98227229983368 100.0048324985122 100.02279041666031 100.04905048792213 100.0815371740192 100.12304793958769 100.15002993720722 100.16004666542048 100.16807809615004 100.20832549059253 100.22384690728336 100.20904741695024 100.22059823867366 100.27456223391269 100.32554828292616 100.39404104611417 100.44710263340608 100.48834267659043 100.48283798811286 100.47877715235073 100.4715578887736
100.09326847733203 100.11528723124228 100.16708544740818 100.15878329429448 100.1735827846276 100.18053132582058 100.22330546251507 100.30127350914807 100.26409430172585 100.26328213457343 100.23332219072834 100.18260686409901 100.07079851944822 100.00808116712192 99.94410044366961 99.90204823333282 99.88959500366228 99.89058765240414 99.90403353081653 99.92785710062107 99.95204163360444 99.97902363122397 100.00284720102849 100.03280714487359 100.05581854752567 100.08884667839104 100.13107937031725 100.16934146727604 100.18585553270873 100.19307479628584 100.20083550463127 100.21328873430181 100.22655413112479 100.22104944264723 100.24730951390903 100.29504689431279 100.34007705087514 100.40026766094945 100.45829249195063 100.50557866838082 100.50458601963896 100.48355991447058 100.47002379526346
100.0693546667328 100.09155390223246 100.09931461057789 100.1250332370714 100.1435325999878 100.14578861985565 100.18883347893428 100.19379672264355 100.13902056025209 100.13477924290054 100.13802791151025 100.08731258488092 100.0438165218287 99.98479904208568 99.92884974936293 99.90628955068439 99.89383632101385 99.90078486220685 99.91684772366595 99.94130297903347 99.9727970163887 99.99977901400823 100.0541039724261 100.09326847733203 100.12205529084584 100.17782410197916 100.22032751628952 100.23106617086049 100.23205881960234 100.23007352211863 100.22330546251507 100.2355782105962 100.24234627019975 100.23927808317949 100.26003346596372 100.28277414623167 100.32807502517815 100.37310518174051 100.4260765282377 100.47480655738332 100.51234672798438 100.491320622816 100.48355991447058
100.03858255573527 100.04805783918027 100.06285732951338 100.12927455442296 100.1083386900493 100.10851917163872 100.10157063044574 100.10202183441932 100.07079851944822 100.06628647971252 100.07007659309052 100.0508553038164 100.01358585559947 99.95059778088903 99.9133283326721 99.8923022275037 99.90358232684297 99.91134303518838 99.92957167572064 99.95501957983001 99.98777698831124 100.0438165218287 100.10102918567746 100.16302461164605 100.18405071681444 100.23981952794776 100.26201876344743 100.27230621404485 100.31101951497719 100.28981292821939 100.28033764477439 100.23332219072834 100.23882687920592 100.2408121766896 100.25705551973815 100.27808162490653 100.30858301351991 100.35334244769811 100.37851962942335 100.42580580585356 100.46731657142203 100.479318597119 100.47507727976746
100.038041110967 100.0476066352067 100.0597891424931 100.12232601322998 100.07305453931608 100.0450798929547 100.03831183335113 100.05753312262524 100.0508553038164 100.05256987891597 100.02928775387973 100.00979574222148 99.98606241321167 99.92605228472678 99.90231895571696 99.90258967810111 99.91377953664568 99.92884974936293 99.9465369451269 99.9727970163887 100.00555442486991 100.06159395838739 100.13360611256925 100.20634019310882 100.2170788476798 100.22583220476707 100.24803144026674 100.31580227709705 100.40333584796973 100.36931506836251 100.3008223051745 100.25380685112845 100.23909760159005 100.24180482543146 100.26129683708972 100.28385703576825 100.31408770199747 100.34531101696855 100.35929834014924 100.4153378736667 100.44177842651796 100.45378045221493 100.43329579181481
100.0758520039522 100.07206189057422 100.06132323600325 100.09209534700075 100.02558788129645 99.99508649268309 100.01205176208934 100.04553109692827 100.06132323600325 100.04354579944456 100.00681779599591 100.00654707361177 99.9875965067218 99.97333846115698 99.93904695916561 99.93652021691362 99.93859575519204 99.95754632208201 99.96783377267943 99.99508649268309 100.02802438275373 100.08207861878749 100.15084210435964 100.21933486754766 100.24983625616103 100.26084563311615 100.29035437298766 100.37102964346208 100.42860327048967 100.35108642783027 100.28602281484139 100.26806489669328 100.25777744609586 100.25985298437429 100.27808162490653 100.29856628530665 100.3205850392169 100.34883040796241 100.37680505432378 100.45405117459907 100.45702912082463 100.43329579181481 100.39232647101461
100.07630320792579 100.06854249958037 100.04408724421285 100.07233261295836 100.02306113904446 100.02630980765416 100.05103578540584 100.05708191865168 100.03235594090002 99.99355239917294 99.98904035943723 100.01954174805061 100.07377646567379 100.09155390223246 100.03082184738987 100.00510322089634 99.9958084190408 99.99084517533151 99.98985252658966 100.02008319281889 100.0610525136191 100.11727252872599 100.17953867707872 100.24658758755132 100.30560506729435 100.33303826888744 100.34855968557827 100.3455817393527 100.3213069655746 100.26256020821572 100.25434829589673 100.25507022225445 100.26328213457343 100.2765475313964 100.3008223051745 100.32482635656847 100.34531101696855 100.35559846756597 100.3537936516717 100.38808515366306 100.38655106015291 100.38754370889477 100.44656118863779
100.08234934117164 100.07630320792579 100.09353919971618 100.12909407283354 100.08108597004563 100.1012999080616 100.09985605534617 100.04977241427984 99.9983351612928 100.00708851838006 100.04029713083484 100.10202183441932 100.16257340767248 100.14831536210765 100.1288233504494 100.1237698659454 100.09904388819375 100.05482589878382 100.02982919864802 100.04210194672913 100.07007659309052 100.11655060236828 100.17583880449544 100.2368415817222 100.28385703576825 100.28683498199382 100.26607959920956 100.23954880556363 100.23602941456977 100.24252675178917 100.25633359338045 100.2650869504677 100.27302814040256 100.29730291418065 100.31977287206446 100.33529428875529 100.3468451104787 100.35334244769811 100.35505702279768 100.39232647101461 100.42454243472756 100.47327246387317 100.563603499382
100.0597891424931 100.10202183441932 100.18152397456244 100.23729278569577 100.13035744395954 100.12205529084584 100.0905612534906 100.03253642248944 100.00203503387607 100.01430778195719 100.04706519043842 100.10057798170388 100.14804463972351 100.10554122541315 100.1447959711138 100.15553462568477 100.12954527680711 100.07377646567379 100.05229915653183 100.0541039724261 100.08307126752935 100.13107937031725 100.1875701078083 100.20679139708238 100.22709557589306 100.24180482543146 100.24703879152489 100.24054145430547 100.24830216265089 100.25353612874432 100.27356958517085 100.28909100186166 100.29685171020708 100.30434169616835 100.33709910464958 100.37382710809823 100.42535460187999 100.4657824779119 100.54510413646561 100.60908485991791 100.61856014336288 100.58354671501381 100.58805875474953
100.05284060130012 100.08252982276106 100.1735827846276 100.18080204820473 100.107797245281 100.07855922779363 100.0865906585232 100.05428445401553 100.04607254169656 100.06529383097066 100.11402386011629 100.20652067469824 100.18531408794044 100.10229255680346 100.11005326514886 100.11709204713657 100.08307126752935 100.06033058726139 100.0643011822288 100.07206189057422 100.09832196183604 100.13884007866265 100.18008012184701 100.20579874834054 100.24505349404117 100.29405424557093 100.28457896212596 100.26905754543513 100.26201876344743 100.26580887682542 100.29901748928022 100.31959239047504 100.32627020928388 100.34052825484872 100.3698565131308 100.41109655631514 100.48157461698686 100.5775908225627 100.6460835857507 100.6607928352891 100.62135760799903 100.58002732401997 100.54907473143302
100.11077519150658 100.13477924290054 100.1723194135016 100.14533741588208 100.09308799574261 100.09254655097432 100.09931461057789 100.06881322196452 100.09029053110646 100.12602588581326 100.22429811125693 100.2957688206705 100.21383017907009 100.13378659415868 100.1313500927014 100.1250332370714 100.10409737269774 100.09128317984832 100.09606594196818 100.10680459653915 100.11853589985199 100.15833209032091 100.2196055899318 100.27104284291885 100.32807502517815 100.33953560610686 100.31977287206446 100.28385703576825 100.27032091656113 100.29459569033922 100.32257033670061 100.34729631445227 100.41028438916271 100.42427171234341 100.41633052240856 100.43455916294081 100.49456929142569 100.56378398097142 100.60728004402363 100.57930539766225 100.53355331474219 100.54952593540659 100.55430869752645
100.17277061747517 100.18405071681444 100.1665440026399 100.14109609853051 100.13902056025209 100.13956200502037 100.11429458250043 100.09128317984832 100.12304793958769 100.1875701078083 100.28385703576825 100.24009025033189 100.15607607045305 100.12683805296568 100.16230268528834 100.15652727442662 100.1382986338944 100.1250332370714 100.12683805296568 100.13884007866265 100.15102258594908 100.19731611363741 100.25958226199015 100.33457236239758 100.36507375101095 100.34657438809455 100.31129023736133 100.27609632742282 100.28854955709339 100.31508035073932 100.34702559206812 100.41127703790457 100.4753480021516 100.47877715235073 100.46885066493218 100.47706257725117 100.54203594944534 100.57704937779441 100.56152796110358 100.5348166858682 100.52804862626465 100.54203594944534 100.57957612004638
100.19605274251141 100.20182815337311 100.1875701078083 100.19903068873698 100.19731611363741 100.17502663734302 100.1402839313781 100.12954527680711 100.17908747310516 100.24351940053103 100.22204209138908 100.1518347531015 100.11853589985199 100.15679799681077 100.18910420131843 100.17105604237561 100.15282740184335 100.1402839313781 100.13983272740451 100.15354932820107 100.18531408794044 100.23160761562877 100.27880355126425 100.35081570544612 100.36832241962065 100.34052825484872 100.30831229113576 100.28259366464225 100.29504689431279 100.34233307074298 100.39052165512034 100.47832594837715 100.51604660056766 100.5195659915615 100.52678525513865 100.54627726679688 100.60655811766591 100.60177535554607 100.5853515309081 100.5725373380587 100.56576927845514 100.58805875474953 100.6460835857507
100.21780077403751 100.23828543443763 100.25082890490289 100.26328213457343 100.23954880556363 100.20733284185067 100.1863067366823 100.19334551866999 100.23630013695391 100.25705551973815 100.23160761562877 100.20056478224713 100.20679139708238 100.23359291311249 100.18080204820473 100.16284413005661 100.15679799681077 100.1460593422398 100.14308139601422 100.1665440026399 100.20760356423482 100.24676806914074 100.2913470217295 100.37310518174051 100.43302506943067 100.40802836929487 100.33502356637115 100.30804156875162 100.3443183682267 100.39584586200846 100.4690311465216 100.54104330070348 100.55755736613615 100.54979665779074 100.55855001487801 100.60529474653993 100.64283491714099 100.63029144667573 100.62731350045017 100.61404810362718 100.60385089382449 100.62785494521846 100.72008103741626
100.28882027947753 100.34910113034655 100.34206234835884 100.31354625722919 100.28160101590039 100.25507022225445 100.24135362145789 100.25759696450643 100.32383370782661 100.34152090359058 100.33105297140372 100.33033104504601 100.35803496902325 100.26427478331529 100.18260686409901 100.17656073085317 100.17556808211131 100.17304133985931 100.17060483840204 100.20182815337311 100.24279747417332 100.27708897616468 100.35677159789725 100.44908793088979 100.59085621938566 100.48852315817986 100.39133382227276 100.37003699472022 100.41452570651428 100.47480655738332 100.54681871156517 100.57984684243053 100.568025298323 100.56983011421727 100.60809221117606 100.65528814681154 100.65258092297012 100.64527141859827 100.64779816085026 100.6607928352891 100.64906153197626 100.65456622045383 100.7343390829811
100.34729631445227 100.39106309988861 100.35307172531397 100.32951887789359 100.341069699617 100.33682838226544 100.2970321917965 100.33935512451743 100.46081923420262 100.52254393778708 100.50657131712268 100.45260732188363 100.41633052240856 100.24234627019975 100.1928040739017 100.21680812529566 100.25985298437429 100.26553815444129 100.26156755947386 100.26102611470557 100.27781090252239 100.33457236239758 100.45080250598936 100.61883086574703 100.74877761013535 100.55160147368503 100.44358324241222 100.43058856797339 100.45729984320877 100.487530509438 100.52804862626465 100.54203594944534 100.55006738017488 100.59058549700153 100.63606685753743 100.65528814681154 100.63435228243786 100.63507420879557 100.70230360085759 100.73903160430623 100.74182906894238 100.73677558443838 100.75554566973892
100.31309505325562 100.31156095974548 100.29405424557093 100.30235639868464 100.34531101696855 100.38727298651062 100.3570423202814 100.39304839737231 100.54609678520745 100.62929879793388 100.5910367009751 100.46803849777974 100.35505702279768 100.27032091656113 100.30831229113576 100.4005383833336 100.44502709512764 100.39007045114677 100.3417916259747 100.32202889193232 100.3250970789526 100.41181848267286 100.58309551104024 100.77178901278745 100.81754109570751 100.6115213613752 100.50232999977112 100.46984331367403 100.47606992850932 100.49402784665742 100.52931199739064 100.54357004295547 100.58860019951781 100.6468055121084 100.69057229754476 100.69580626363818 100.65835633383182 100.68181894045748 100.78306911212671 100.82755782392078 100.82656517517893 100.83576973623975 100.86428582736943
