static/data/pressure/2023/7/11/18.asc
ncols 137
nrows 93
xllcorner 108.0
yllcorner 17.0
cellsize 0.25
NODATA_value -32767
[rows 38 to 56 of 93, columns 0 to 42 of 137]
99.82353874193156 99.89726547121299 100.04426772580227 100.21599595814324 100.38573889300048 100.44421492797522 100.40604307181115 100.36299821273252 100.39079237750448 100.4005383833336 100.38998021035205 100.33773079021258 100.11673108395772 99.98398687493325 99.93570804976119 99.93877623678148 99.9389567183709 99.95727559969787 99.97451159148827 99.98795746990066 99.99725227175622 100.01403705957306 100.02495619573345 100.03722894381457 100.04896024712741 100.05798432659881 100.07928115415135 100.09723907229946 100.12575516342912 100.16979267124961 100.2260126863565 100.28629353722553 100.3072294015992 100.28845931629867 100.2464973467566 100.22574196397235 100.23223930119177 100.2559726302016 100.29649074702822 100.34675486968398 100.36570543657395 100.38573889300048 100.40974294439442
99.85873265187006 100.06096227282438 100.29152750331895 100.41127703790457 100.40820885088431 100.39052165512034 100.36200556399066 100.38447552187448 100.48996701089528 100.50521770520197 100.48022100506616 100.39647754757145 100.23774398966934 100.08577849137077 99.99147686089452 99.96422414089086 99.96124619466529 99.97550424023012 99.9907549345368 100.00374960897562 100.02071487838188 100.03398027520487 100.04174098355028 100.05500638037324 100.06448166381824 100.07720561587293 100.0975097946836 100.11898710382556 100.13026720316482 100.15345908740636 100.20453537721454 100.25452877748616 100.27402078914442 100.2419853070209 100.22745653907192 100.23575869218563 100.26571863603071 100.31228288610319 100.36372013909023 100.42273761883327 100.44746359658492 100.46154116056033 100.48004052347673
99.98795746990066 100.20525730357225 100.33998681008043 100.36227628637481 100.3437769234584 100.3610129152488 100.37021747630966 100.46596295950133 100.52922175659592 100.51577587818352 100.44322227923338 100.3417916259747 100.20778404582424 100.10229255680346 100.02351234301803 99.99346215837822 99.98976228579495 100.0014935891078 100.01421754116248 100.02874630911145 100.04047761242428 100.0520284341477 100.06195492156624 100.0770251342835 100.08523704660249 100.09796099865717 100.11898710382556 100.14777391733936 100.16771713297119 100.17195845032275 100.17448519257474 100.20778404582424 100.21978607152123 100.20850597218195 100.22745653907192 100.28475944371539 100.33123345299316 100.38573889300048 100.42021087658128 100.45224635870478 100.45350972983078 100.45973634466606 100.46821897936918
100.18396047601972 100.22204209138908 100.28701546358324 100.2912567809348 100.30948542146704 100.32347274464775 100.36498351021623 100.44502709512764 100.41452570651428 100.40703572055301 100.35225955816155 100.27826210649597 100.1537298097905 100.09272703256376 100.0412897795767 100.0130444108312 100.01223224367877 100.02324162063388 100.03948496368243 100.0572624002411 100.06800105481209 100.08072500686677 100.0937196813056 100.11573843521586 100.13098912952253 100.15048114118079 100.17574856370074 100.19948189271055 100.20570850754584 100.20597922992998 100.20895717615552 100.21771053324281 100.22826870622436 100.22745653907192 100.261206596295 100.31228288610319 100.35225955816155 100.39873356743931 100.43753710916639 100.47300174148903 100.47697233645646 100.47146764797888 100.47625041009874
100.18549456952987 100.2234859441045 100.24379012291517 100.28178149748982 100.29721267338593 100.29649074702822 100.33800151259672 100.34928161193598 100.30325880663179 100.29775411815422 100.28999340980882 100.2157252357591 100.15273716104865 100.09227582859018 100.04652374567013 100.03298762646301 100.0322657001053 100.04345555864985 100.06096227282438 100.07973235812493 100.09976581455146 100.11248976660615 100.15273716104865 100.1837799944303 100.20453537721454 100.25073866410817 100.27600608662812 100.26653080318314 100.25326540636017 100.24171458463675 100.23070520768164 100.23945856476891 100.25001673775046 100.25173131285003 100.27772066172768 100.30127350914807 100.34152090359058 100.37996348213878 100.41876702386584 100.45901441830834 100.49574242175697 100.49023773327943 100.4964643481147
100.20074526383655 100.20453537721454 100.2305247260922 100.30298808424764 100.27402078914442 100.27104284291885 100.2720354916607 100.27952547762196 100.25904081722186 100.25822865006943 100.25200203523417 100.2157252357591 100.15824184952619 100.08478584262892 100.05175771176356 100.03921424129828 100.0495016918957 100.06096227282438 100.07946163574078 100.0987731658096 100.12025047495156 100.16473918674562 100.20778404582424 100.26102611470557 100.27501343788626 100.32121672477989 100.33096273060902 100.32103624319046 100.33673814147072 100.29901748928022 100.2854813700731 100.24126338066318 100.25128010887646 100.25579214861216 100.27302814040256 100.29495665351808 100.32951887789359 100.36850290121009 100.38925828399434 100.43473964453024 100.4747163165886 100.49204254917372 100.50025446149269
100.2260126863565 100.22971255893978 100.24397060450461 100.30551482649963 100.25146059046588 100.23296122754948 100.23404411708606 100.25696527894345 100.26301141218929 100.26779417430913 100.23828543443763 100.20200863496255 100.14948849243893 100.07224237216364 100.05049434063756 100.05329180527369 100.06348901507639 100.07801778302536 100.09823172104132 100.11754325111013 100.14253995124594 100.18720914462943 100.24803144026674 100.3117414413349 100.31679492583889 100.31950214968032 100.32924815550945 100.37328566332994 100.4344689221461 100.38276094677491 100.31345601643447 100.26923802702456 100.25624335258573 100.25922129881128 100.27871331046954 100.30425145537365 100.33899416133858 100.3762636095555 100.3889875616102 100.44349300161753 100.47372366784674 100.49095965963714 100.47300174148903
100.27853282888012 100.26671128477257 100.25678479735402 100.28322535020524 100.22628340874064 100.20679139708238 100.2260126863565 100.25849937245357 100.28701546358324 100.27149404689241 100.23097593006578 100.20453537721454 100.15345908740636 100.10120966726689 100.07603248554165 100.07828850540949 100.08271030435048 100.09949509216732 100.11673108395772 100.1435325999878 100.16952194886547 100.21301801191767 100.2707721205347 100.33249682411915 100.35677159789725 100.36200556399066 100.37472951604536 100.42923495605268 100.46271429089161 100.37897083339692 100.31453890597105 100.29748339577007 100.28701546358324 100.28403751735767 100.30100278676393 100.32473611577373 100.3537936516717 100.38998021035205 100.42201569247555 100.49700579288297 100.50449577884426 100.48698906466971 100.44845624532678
100.28051812636382 100.26472598728886 100.23927808317949 100.264996709673 100.22826870622436 100.23945856476891 100.26571863603071 100.27347934437613 100.26274068980514 100.22799798384021 100.21798125562695 100.21428138304367 100.2169886068851 100.19325527787527 100.15129330833322 100.1364938180001 100.13252322303268 100.1307184071384 100.14073513535166 100.17520711893245 100.21121319602338 100.25723600132757 100.30948542146704 100.3712101250515 100.42003039499184 100.43528108929853 100.43401771817253 100.41172824187814 100.37048819869379 100.3092146990829 100.30046134199564 100.30100278676393 100.30578554888378 100.31074879259305 100.33078224901958 100.35550822677126 100.38348287313262 100.40351632955917 100.40875029565258 100.44502709512764 100.44953913486336 100.45702912082463 100.51974647315095
100.27645729060168 100.26472598728886 100.27772066172768 100.30804156875162 100.27320862199198 100.29622002464407 100.29622002464407 100.25299468397603 100.2169886068851 100.23828543443763 100.26102611470557 100.27772066172768 100.28575209245724 100.27645729060168 100.27672801298583 100.26797465589857 100.24126338066318 100.20453537721454 100.19199190674928 100.20796452741367 100.23151737483406 100.26779417430913 100.31652420345476 100.37400758968765 100.41100631552042 100.39774091869745 100.3610129152488 100.32175816954818 100.30695867921507 100.3092146990829 100.31823877855433 100.32347274464775 100.32753358040988 100.34296475630599 100.3570423202814 100.37021747630966 100.38528768902691 100.39846284505516 100.40477970068517 100.44629046625364 100.48897436215343 100.55178195527445 100.65474670204325
100.24821192185617 100.28521064768896 100.35875689538096 100.41353305777243 100.32076552080632 100.31526083232876 100.2854813700731 100.23422459867548 100.21148391840752 100.23548796980148 100.25904081722186 100.27952547762196 100.2892714834511 100.27347934437613 100.3200435944486 100.32527756054202 100.29603954305465 100.24803144026674 100.23251002357591 100.23377339470191 100.25678479735402 100.29197870729251 100.33547477034472 100.35099618703555 100.36353965750081 100.36047147048052 100.34973281590955 100.33195537935087 100.33321875047686 100.33502356637115 100.35126690941969 100.36326893511666 100.36570543657395 100.36173484160652 100.38546817061633 100.41596955922971 100.46154116056033 100.50070566546626 100.58300527024552 100.66422198548823 100.68822603688218 100.67153148986007 100.68903820403462
100.23323194993363 100.26174804106329 100.35550822677126 100.3712101250515 100.31020734782476 100.2842179989471 100.2892714834511 100.26147731867914 100.25579214861216 100.27726945775412 100.31697540742833 100.38474624425862 100.36552495498452 100.30172471312164 100.30822205034104 100.30650747524149 100.27447199311797 100.25777744609586 100.26400406093114 100.26553815444129 100.28223270146339 100.31002686623533 100.33700886385486 100.35271076213512 100.38050492690707 100.40748692452658 100.38546817061633 100.36498351021623 100.35623015312898 100.3597495441228 100.38998021035205 100.40450897830102 100.40071886492302 100.40225295843317 100.42246689644912 100.46045827102375 100.5265145327545 100.6115213613752 100.68976013039233 100.7202615190057 100.69625746761174 100.66873402522394 100.64797864243968
100.29197870729251 100.31571203630233 100.35821545061268 100.33827223498086 100.2957688206705 100.30298808424764 100.3104780702089 100.28701546358324 100.31020734782476 100.34296475630599 100.43374699578838 100.49727651526712 100.42697893618482 100.35352292928755 100.34504029458441 100.33403091762929 100.31471938756047 100.30777084636749 100.31399746120276 100.3155315547129 100.31598275868647 100.3417916259747 100.38402431790091 100.41948895022357 100.4587436959242 100.45098298757878 100.4222864148597 100.38772419048419 100.37527096081365 100.39701899233974 100.41822557909757 100.4344689221461 100.48527448957014 100.48599641592786 100.47128716638946 100.48825243579572 100.54528461805502 100.60998726786505 100.66223668800453 100.64048865647842 100.60628739528178 100.6262306109136 100.63372059687487
100.36146411922238 100.3712101250515 100.35126690941969 100.33249682411915 100.33800151259672 100.34702559206812 100.33096273060902 100.31471938756047 100.34846944478355 100.41326233538828 100.50251048136055 100.46424838440176 100.39124358147805 100.36128363763295 100.38925828399434 100.37897083339692 100.36678832611052 100.3597495441228 100.36227628637481 100.36353965750081 100.36372013909023 100.3915143038622 100.4344689221461 100.48301846970229 100.49204254917372 100.45802176956649 100.42472291631698 100.39124358147805 100.40351632955917 100.42526436108527 100.44376372400164 100.49474977301512 100.54645774838632 100.54176522706119 100.52498043924436 100.53247042520563 100.59329272084295 100.63002072429158 100.62379410945631 100.60303872667207 100.59527801832665 100.61125063899105 100.63696926548457
100.38673154174234 100.38700226412648 100.36904434597837 100.38429504028505 100.3897094879679 100.38023420452292 100.35722280187083 100.35099618703555 100.40252368081731 100.46749705301147 100.45053178360521 100.38700226412648 100.35623015312898 100.38952900637848 100.41678172638214 100.40947222201028 100.39728971472388 100.39079237750448 100.39052165512034 100.3934996013459 100.41028438916271 100.43798831313995 100.45829249195063 100.50278120374469 100.493215679505 100.45504382334092 100.42697893618482 100.41046487075214 100.42273761883327 100.45522430493035 100.48653786069615 100.55873049646745 100.58652466123938 100.58174189911954 100.58598321647109 100.60421185700335 100.65898801939483 100.66322933674638 100.65402477568554 100.64021793409428 100.63227674415943 100.6499639399234 100.68976013039233
100.40396753353274 100.41804509750813 100.43302506943067 100.44953913486336 100.43221290227825 100.41299161300414 100.40153103207545 100.40676499816887 100.45251708108893 100.47047499923704 100.45026106122107 100.42327906360156 100.42896423366854 100.45576574969864 100.42147424770727 100.41470618810371 100.41199896426228 100.4062235534006 100.40225295843317 100.41624028161385 100.44096625936552 100.45576574969864 100.47327246387317 100.52254393778708 100.55223315924802 100.52073912189279 100.46253380930219 100.44448565035937 100.47679185486703 100.51171504242137 100.56604000083928 100.62379410945631 100.6320060217753 100.61874062495232 100.62478675819817 100.6709900450918 100.70573275105673 100.7017621560893 100.69228687264433 100.6780288270795 100.66729017250852 100.68723338814033 100.76150156219005
100.4779649851983 100.53923848480919 100.53950920719333 100.51550515579937 100.48924508453757 100.46623368188547 100.45928514069249 100.46876042413747 100.52073912189279 100.53445572268934 100.52552188401265 100.5310265724902 100.56721313117056 100.49375712427329 100.4382590355241 100.44024433300781 100.4407857777761 100.43528108929853 100.43022760479454 100.4529682850625 100.48004052347673 100.48825243579572 100.53147777646377 100.5885099587231 100.70022806257916 100.60150463316192 100.52073912189279 100.50900781857996 100.54952593540659 100.59798524216806 100.65276140455954 100.6742387137015 100.6550174244274 100.65077610707583 100.68470664588834 100.73172209993439 100.73451956457052 100.72702957860926 100.71746405436956 100.71574947926999 100.70275480483116 100.71096671715014 100.7797302027223
100.55629399501015 100.60746052561306 100.57804202653627 100.55575255024188 100.56098651633529 100.5527746040163 100.52227321540293 100.56522783368685 100.66602680138251 100.71024479079243 100.69174542787604 100.65203947820183 100.63823263661057 100.49222303076314 100.45928514069249 100.48374039606 100.51848310202494 100.52028791791922 100.51703924930952 100.50846637381169 100.51270769116323 100.5412237822929 100.61846990256818 100.75247748271863 100.85670560061344 100.6684633028398 100.57325926441641 100.56973987342256 100.5962706670685 100.61946255131004 100.64897129118154 100.65077610707583 100.64852008720797 100.68073605092091 100.72152489013169 100.7432729216578 100.73226354470268 100.7247735587414 100.76475023079976 100.78072285146416 100.77603033013902 100.77422551424473 100.79723691689685
100.53400451871576 100.54302859818719 100.53147777646377 100.53824583606733 100.5719958932904 100.60601667289764 100.58778803236538 100.63173529939115 100.76799889940946 100.83297227160364 100.79073957967742 100.68497736827247 100.60078270680421 100.53247042520563 100.57425191315826 100.65853681542124 100.69499409648576 100.64148130522028 100.59726331581035 100.5674838535547 100.55349653037402 100.61197256534876 100.75328964987106 100.92077656486046 100.94820976645356 100.74029497543223 100.63877408137886 100.6127847325012 100.61828942097875 100.62821590839731 100.65221995979125 100.6562807955534 100.69102350151833 100.7432729216578 100.784242242458 100.79001765331971 100.75852361596448 100.7662843243099 100.83748431133932 100.86148836273328 100.85399837677201 100.86545895770071 100.90399177704363
