static/data/seaWater_uo/2023/7/12/0.asc
ncols 137
nrows 93
xllcorner 108.0
yllcorner 17.0
cellsize 0.25
NODATA_value -32767
[rows 0 to 25 of 93, columns 58 to 115 of 137]
-32767.0 -32767.0 -32767.0 -32767.0 -32767.0 -32767.0 -32767.0 -32767.0 -32767.0 -32767.0 -32767.0 -32767.0 -32767.0 -32767.0 -32767.0 -32767.0 -32767.0 -32767.0 -32767.0 -32767.0 -32767.0 -32767.0 -0.109736696 -0.18413924 -0.2646761 -0.08863573 -0.13205028 -0.1604491 -0.06514526 -0.18660681 -0.30064282 -0.38129824 -0.40175793 -0.29735824 -0.18691084 -0.028736478 0.011464539 -0.05522067 -0.13954137 -0.2282556 -0.21026231 -0.093868576 -0.13459024 0.12164576 0.2712308 0.20524493 0.19455373 0.1830377 0.05047719 -0.06850416 0.081975415 0.10036633 0.3157573 0.5179094 0.48689234 0.38898343 0.40015146 0.470535
-32767.0 -32767.0 -32767.0 -0.03000172 -0.06292564 -0.00037031434 -0.040454727 -0.020746706 -0.011036368 -0.003620697 -32767.0 -32767.0 -32767.0 -32767.0 -32767.0 -32767.0 -32767.0 -32767.0 -32767.0 -32767.0 -32767.0 -0.20896325 -0.23830447 -0.28730604 -0.18988794 -0.08131108 -0.12201787 -0.26702392 -0.20030946 -0.0728463 -0.1627227 -0.28080082 -0.16369428 -0.2575857 -0.26675937 -0.2512011 -0.11744535 -0.26042303 -0.26951712 -0.31987074 -0.4000639 -0.25695476 0.06190673 0.06442194 0.03252851 -0.19952376 -0.28711778 -0.284061 -0.15772772 0.07939595 0.27515906 0.37940726 0.39930245 0.3951443 0.37146214 0.3083943 0.34015796 0.42569396
-32767.0 -0.010474144 -32767.0 -0.06174104 -0.20628504 -0.15142286 -0.1313754 -0.10719664 -0.07286248 -0.016857866 -0.008619032 0.06148396 -32767.0 -32767.0 -32767.0 -32767.0 -32767.0 -32767.0 -32767.0 -32767.0 -32767.0 -0.095213145 -0.16478099 -0.103927195 -0.13237299 -0.04540381 -0.07410777 -0.11763197 -0.06427073 0.107566334 0.11269032 0.1145027 0.20010749 0.040427234 -0.27757943 -0.20028424 -0.17489788 -0.13466287 -0.12819727 -0.19590154 0.0052762073 0.22460327 0.17215452 0.21520367 0.07035619 -0.08662417 -0.058670033 -0.0089634275 0.047723267 0.1366237 0.25685805 0.34270248 0.2681349 0.16713779 0.011962453 0.08878247 0.107418075 0.0001780726
-0.051764525 -32767.0 -0.36670035 -0.2548729 -0.26746267 -0.280494 -0.2661623 -0.17794143 -0.044246133 -0.026519712 -0.038595997 0.028030235 -32767.0 -32767.0 -32767.0 -32767.0 -32767.0 -32767.0 -32767.0 -32767.0 -0.057861347 0.013699897 0.08842606 0.014724439 -0.073455185 -0.09067964 -0.2126961 -0.16962066 0.019478412 0.20326562 0.2641783 0.14478189 0.040691443 0.17159708 -0.0042743497 0.012435295 0.06684707 0.18739313 0.15601423 0.1891181 0.3662671 0.2131103 0.17943971 0.11226292 0.082427435 -0.06251404 -0.034490775 -0.03954422 -0.077333376 -0.13808157 -0.030667925 0.25603488 0.18035962 0.061321653 -0.08585295 -0.13302022 -0.12578084 -0.1879348
-0.2157676 -32767.0 -0.15588623 -0.21954858 -0.14319104 -0.16908151 -0.23674531 -0.15770563 -0.03980168 0.0047480245 0.0038526475 -32767.0 -32767.0 -32767.0 -32767.0 -32767.0 -32767.0 -32767.0 -32767.0 -32767.0 -32767.0 -32767.0 -0.06507772 -0.045427706 0.047923736 -0.10159952 -0.2633324 -0.2636426 -0.20450518 0.14161868 0.21347663 0.24988657 0.2185454 0.2285274 0.193569 0.29803124 0.43112025 0.5071679 0.5313718 0.40829474 0.24970792 0.1577378 -0.032919258 -0.17444855 -0.060017817 -0.09371675 -0.07946052 -0.012920467 -0.083311066 -0.111261114 -0.122526474 0.20444529 0.33985892 0.27902675 0.21875648 0.14608742 0.08164013 0.06280133
-0.17133586 -0.1982208 -0.1422741 -0.06858612 -0.06728235 -0.03501921 -0.15266064 -0.1909024 -0.11070668 -0.030473694 -0.006700624 -32767.0 -32767.0 -32767.0 -32767.0 -32767.0 -32767.0 -32767.0 -32767.0 -32767.0 -32767.0 -32767.0 -32767.0 0.014415495 -0.12957624 -0.14398295 -0.178402 -0.14198767 -0.25532505 -0.13486686 0.061209943 0.21491155 0.30341983 0.29241127 0.35109395 0.3014537 0.3010805 0.28321898 0.21509746 0.116728306 0.040875964 0.013215745 -0.15899643 -0.26823682 -0.18398017 -0.28664267 -0.1331513 0.09702833 0.24883547 0.28223372 0.25934768 0.19615309 0.3740795 0.41903427 0.07722494 0.04212976 0.048983455 0.028631087
-0.21573602 -0.16732849 -0.15068647 -0.062839836 -0.022962283 0.072330445 0.0349945 -0.019531894 0.048008602 0.14169264 0.042183083 -32767.0 -32767.0 -32767.0 -32767.0 -32767.0 -32767.0 -32767.0 -32767.0 -32767.0 -32767.0 -32767.0 -32767.0 -32767.0 0.045781817 -0.0005020788 -0.07405191 -0.3362102 -0.39041796 -0.28817892 -0.1132147 -0.09533391 -0.02944899 0.03243487 -0.046335384 -0.1492361 -0.20004684 -0.18304567 -0.1178244 -0.105543815 -0.069479145 -0.11373217 -0.27645266 -0.44440025 -0.49585718 -0.052218318 0.30205062 0.57153606 0.81827515 0.70392936 0.45472917 0.1696 0.1872814 0.3001287 0.15665787 0.20301268 0.3495097 0.2102229
-0.20223667 -0.1738744 -0.091975845 -0.07178019 -0.01446824 0.07469833 0.092352696 0.070974626 0.06810733 -0.016753884 -32767.0 -32767.0 -32767.0 -32767.0 -32767.0 -32767.0 -32767.0 -32767.0 -32767.0 -32767.0 -32767.0 -32767.0 -32767.0 -32767.0 -32767.0 -0.081610724 -0.070731804 -0.23463555 -0.14134394 -0.18661663 -0.12549533 -0.21870556 -0.21856493 -0.3561996 -0.46724647 -0.5053318 -0.396448 -0.25150633 -0.1843046 -0.061635766 -0.11073859 -0.17084658 -0.29324088 -0.24829009 0.13105626 0.29092854 0.44694006 0.55321693 0.54606116 0.4138438 0.26979643 0.082351625 0.05248268 0.16584714 0.27480644 0.487884 0.6524604 0.5853649
-0.052316457 0.007837594 0.0052158376 0.08064944 0.18621802 0.24467416 0.22206429 0.13326453 0.080371246 -32767.0 -0.006434978 -32767.0 -32767.0 -32767.0 -32767.0 -32767.0 -32767.0 -32767.0 -32767.0 -32767.0 -32767.0 -32767.0 -32767.0 -32767.0 -32767.0 0.17045885 -0.052915763 -0.0061919116 0.022614704 0.013826884 -0.16765238 -0.20630904 -0.3409199 -0.41555527 -0.27989224 -0.14398721 -0.19011593 -0.252102 -0.17696998 -0.27325818 -0.26877895 -0.17503542 0.08323574 0.33089393 0.44491804 0.45447317 0.39324963 0.34061056 0.3754562 0.347045 0.2243666 -0.04561549 -0.03655316 0.06601243 0.2594129 0.5163289 0.53618044 0.40484598
0.01879055 0.06810418 -0.019204153 0.07610926 0.10848868 0.14589047 0.17012851 0.16258813 0.18063746 -0.098814525 -0.27932405 -0.09509761 -0.12405368 -0.043399714 -0.03895234 -0.0239032 -32767.0 -32767.0 -32767.0 -32767.0 -32767.0 -32767.0 -32767.0 -32767.0 -32767.0 -32767.0 0.13278604 0.19836241 -0.2272218 -0.10418348 -0.2033714 -0.15603791 -0.27160344 -0.27678257 -0.083319426 -0.051214993 -0.11001693 -0.2710639 -0.32779714 -0.5447817 -0.57495165 -0.35289812 0.05035968 0.32492706 0.38780677 0.34469387 0.23353198 0.23041531 0.29935804 0.25664133 0.07941991 0.0681226 0.20740059 0.3311046 0.39919066 0.49057207 0.38285735 0.35874006
0.31447142 0.2984945 0.054711334 0.006205461 0.05067151 0.012953442 0.0934889 0.17995253 0.2320009 0.18447493 -0.060966674 0.001972091 0.001536207 -0.030632772 -0.04295419 -0.022661516 -32767.0 -32767.0 -32767.0 -32767.0 -32767.0 -32767.0 -32767.0 -32767.0 -32767.0 -32767.0 -32767.0 0.07186471 -0.2415845 -0.15746862 -0.17990877 -0.15886205 -0.30371428 -0.24465944 -0.19231336 -0.09589535 -0.14136417 -0.26983926 -0.15495108 -0.110922396 -0.12917285 -0.17042361 -0.004796505 0.10018732 0.12536567 0.080347866 0.11721398 -0.019804051 -0.094184436 -0.16358577 -0.07694375 0.23117872 0.34274426 0.3717638 0.55530226 0.6904642 0.5885961 0.57602745
-32767.0 -0.16721042 -0.15054806 0.027900644 -0.025061788 -0.013118659 0.06910079 0.1857816 0.2094991 0.16724257 0.077753924 0.025861794 -0.107072495 -0.04339421 -0.04177224 -0.036812317 0.13050461 0.15426035 -32767.0 -32767.0 -32767.0 -32767.0 -32767.0 -32767.0 -32767.0 -32767.0 -32767.0 -32767.0 -0.0018912693 -0.058272388 -0.052824 -0.00043422496 0.10721135 -0.1091617 -0.099782564 0.05357543 0.002935208 -0.21177253 -0.16184054 0.013366877 0.1468746 0.068787865 -0.03800815 0.10101699 0.11356496 0.10563243 -0.060243063 -0.045276806 -0.019031812 -0.0357862 0.17394201 0.3235484 0.32644618 0.30667517 0.056600045 0.025511838 0.34934327 -32767.0
-32767.0 -0.13754255 -0.1393221 -0.11905587 -0.08765179 -0.012058023 0.067662925 0.17810914 0.17217751 0.11209303 0.091865495 0.1229005 0.067461126 -0.049206715 -0.037621554 0.079591595 -32767.0 0.028923312 -32767.0 -32767.0 -32767.0 -32767.0 -32767.0 -32767.0 -32767.0 -32767.0 -32767.0 -32767.0 -0.021335732 -0.08536692 -0.074008755 -0.025907388 0.03372695 0.17449757 0.10679536 0.057673007 0.104298405 0.021695523 -0.028393159 0.08610471 0.179065 0.27975667 0.112230524 0.10108478 0.11282876 0.16090731 -0.04880787 0.033575878 0.2548013 0.24729957 0.29595205 0.22198196 0.2793018 0.27239 0.028843593 -0.2112491 0.10510373 -32767.0
-0.16939367 -0.018468533 -0.050092604 -0.09976977 -0.15036808 -0.051210843 0.031785727 0.052718148 -0.04359258 -0.11506723 -0.11022034 0.025490392 0.054131266 0.017134974 -0.0029203454 -32767.0 -32767.0 -32767.0 -32767.0 -32767.0 -32767.0 -32767.0 -32767.0 -32767.0 -32767.0 -32767.0 -32767.0 -32767.0 -0.13704461 -0.47239664 -0.19810809 0.08060888 0.061512433 0.08652755 0.07825264 0.14453968 0.08118465 0.13929217 0.082328804 0.18818629 0.08749945 0.05517076 0.112769626 0.1689334 0.07712495 0.19750257 0.2124195 0.26953018 0.31186968 0.21479955 0.35257122 0.43965432 0.4708399 0.5813742 0.6963516 0.5864321 0.38842887 0.18956587
-0.06156737 -0.06414662 -0.032383837 -0.05263629 -0.041675765 0.037271094 0.08437434 -0.040586036 -0.14481038 -0.24733761 -0.20032081 -0.11343548 -0.08279208 -0.050976336 0.001004762 -0.05171546 -32767.0 -32767.0 -32767.0 -32767.0 -32767.0 -32767.0 -32767.0 -32767.0 -32767.0 -32767.0 -32767.0 -32767.0 -0.17214367 -0.15215819 -0.32290706 0.00019830093 0.06793463 0.062033094 0.203428 0.30512372 0.24835488 0.25569895 0.23628302 0.30679548 0.09448327 0.09655518 0.08751416 0.19445816 0.061676197 0.10947779 0.22686058 0.20805961 0.21401335 0.20218618 0.3634365 0.43713096 0.43081483 0.31090388 0.65547377 0.47167426 0.27900222 -32767.0
-0.040020976 -0.047087267 -0.05929741 -0.042380016 -0.044561595 -0.037704706 0.04968578 0.05173671 -0.024849465 -0.169598 -0.23773636 -0.12976441 -0.046263758 -0.047637176 -0.097764686 -0.14801773 -0.030698394 -32767.0 -32767.0 -32767.0 -32767.0 -32767.0 -32767.0 -32767.0 -32767.0 -32767.0 -32767.0 -32767.0 0.17457055 0.18356049 -0.06807888 -0.018586116 0.1050744 0.15230362 0.1781094 0.21810538 0.24766245 0.34410352 0.4555733 0.4153262 0.28650787 0.39968202 0.43287802 -32767.0 0.055487413 0.1530687 0.26378945 0.028559295 0.07240598 0.15797935 0.2899449 0.19919345 -0.088220656 0.16477087 0.3337855 -32767.0 -32767.0 -32767.0
-0.054308213 -0.095099576 -0.14325072 -0.13539368 -0.085756645 -0.10032089 -0.07975426 -0.06882486 -0.12407896 -0.16872299 -0.14769867 -0.13721456 -0.050988324 0.0076084733 0.020287266 -0.020084193 -0.01028996 -32767.0 -32767.0 -32767.0 -32767.0 -32767.0 -32767.0 -32767.0 -32767.0 -32767.0 -32767.0 -32767.0 -32767.0 0.21301347 0.05392237 0.038540166 0.19774528 0.08478211 -0.009537527 0.07992333 0.24373531 0.24989909 0.34979764 0.3559122 0.51158243 0.56882685 0.46743122 0.086713016 0.2836332 0.25527072 0.26657325 0.19694218 0.17824638 0.18524761 0.41419274 0.76560694 0.8988557 0.73643863 0.4156087 -32767.0 -32767.0 -32767.0
-0.08075288 -0.123765305 -0.16339771 -0.10196044 -0.05505471 -0.0030159112 -0.1034708 -0.13501608 -0.14537579 -0.13180193 -0.15775847 -0.20274958 -0.14052711 -0.036331035 0.078819975 0.12403529 0.017076978 -0.010703311 -32767.0 -32767.0 -32767.0 -32767.0 -32767.0 -32767.0 -32767.0 -32767.0 -32767.0 -32767.0 0.12316153 0.1581622 0.0035178075 0.0133764185 0.21340583 0.32140818 0.1465559 0.06692528 0.32051408 0.3263258 0.29038087 0.24210046 0.19652776 0.5856891 0.78450805 0.7798678 0.6499462 0.4900647 0.55603975 0.65781784 0.78256184 0.8177503 0.68294585 -32767.0 0.28871703 0.16952913 0.1356706 -32767.0 -32767.0 -32767.0
0.0067395945 -0.056476127 -0.057998344 -0.06116451 -0.10689794 -0.14298773 -0.163416 -0.19856656 -0.15062717 -0.08956107 -0.07459034 -0.10463433 -0.09089033 -0.039150827 0.05591631 0.0250444 0.017913757 -32767.0 -32767.0 -32767.0 -32767.0 -32767.0 -32767.0 -32767.0 -32767.0 -32767.0 -32767.0 -32767.0 0.2139205 0.121656224 -0.057615288 -0.14038137 0.048329465 0.31500983 0.42338467 0.38701388 0.37732333 0.23948936 0.36941966 0.47026658 0.57425 0.29584756 -32767.0 -32767.0 0.11972726 0.08592132 -32767.0 -32767.0 -32767.0 -32767.0 -32767.0 -32767.0 -32767.0 -32767.0 -32767.0 -32767.0 -32767.0 -32767.0
0.11261318 0.06147201 0.02088596 -0.084589705 -0.19715548 -0.19689699 -0.1713912 -0.18037318 -0.13642704 -0.13018191 -0.15859942 -0.18562134 -0.15087236 -0.041213375 0.03825595 0.0084838495 -32767.0 -32767.0 -32767.0 -32767.0 -32767.0 -32767.0 -32767.0 -32767.0 -32767.0 -32767.0 -32767.0 0.26058492 0.43723497 0.2312233 0.13795117 0.054874647 0.104055576 0.15540357 0.30204028 0.45151702 0.5657272 0.2681874 0.4786519 0.4890035 0.4608004 -32767.0 -32767.0 -32767.0 -32767.0 -32767.0 -32767.0 -32767.0 -32767.0 -32767.0 -32767.0 -32767.0 -32767.0 -32767.0 -32767.0 -32767.0 -32767.0 -32767.0
0.15330096 0.08080784 0.09478612 0.036657747 -0.09135024 -0.11479335 -0.018005142 0.012410558 0.04332664 -0.073662385 -0.16372779 -0.2707807 -0.22310327 0.021760227 0.0009344173 0.0046439385 -32767.0 -32767.0 -32767.0 -32767.0 -32767.0 -32767.0 -32767.0 -32767.0 0.19945003 0.17558135 0.3701049 0.5245722 0.4877268 0.41418743 0.14124358 0.10305841 0.08925018 0.28156546 0.4968986 0.43216252 0.21882997 0.22793204 0.29283577 -32767.0 -32767.0 -32767.0 -32767.0 -32767.0 -32767.0 -32767.0 -32767.0 -32767.0 -32767.0 -32767.0 -32767.0 -32767.0 -32767.0 -32767.0 -32767.0 -32767.0 -32767.0 0.0032230874
0.117008954 0.15360412 0.13307306 0.10565314 0.066057965 0.046389535 0.075767815 0.082667455 -0.0095391 -0.16511942 -0.25553986 -0.22637825 -0.037592612 -0.06401618 0.09122892 0.022229744 -32767.0 -32767.0 -32767.0 -32767.0 0.10153042 0.049715232 0.0061566434 0.2645254 0.24096458 0.37545314 0.16381538 0.48940152 0.09210833 -0.1964536 0.021834888 0.3016366 0.3690001 0.45593193 0.46631908 0.207982 0.3707708 0.22782764 -32767.0 -32767.0 -32767.0 -32767.0 -32767.0 -32767.0 -32767.0 -32767.0 -32767.0 -32767.0 -0.097137816 -0.024578694 -32767.0 -32767.0 -32767.0 -32767.0 -32767.0 -32767.0 -32767.0 -0.16772862
0.06556128 0.052559134 0.012108389 -0.029130297 -0.087885454 -0.18036576 -0.16656525 -0.12384311 -0.11849293 -0.08838376 -0.14332043 -0.16436993 -0.011868181 0.16045648 -0.09207154 -32767.0 -0.14065567 -32767.0 0.035633493 -32767.0 0.043922458 -32767.0 0.056019366 0.1634731 0.08676598 0.1292982 0.12146966 0.29077142 0.015860677 0.15263921 0.29573393 0.46895662 0.50454813 0.5074093 0.16166781 -0.05299467 -32767.0 -32767.0 -32767.0 -32767.0 -32767.0 -32767.0 -32767.0 -32767.0 0.042802405 0.04053588 0.05887293 0.013527716 -0.023410738 0.091367744 0.059981517 0.040924735 -32767.0 -32767.0 -32767.0 -32767.0 -32767.0 0.043052692
0.026784033 -0.07859281 -0.0966629 -0.11051364 -0.13446353 -0.14388888 -0.14191256 -0.22474162 -0.19721308 -0.14258784 -0.061591715 0.03880157 0.010397237 0.085751034 0.25614834 0.30160457 0.39110115 0.8006269 0.7531069 0.42742252 0.4127955 0.13628852 0.19576292 0.30888224 0.36579844 0.4490894 0.30636632 -32767.0 0.09776329 0.5929519 0.706164 0.5652626 0.3115582 0.06913537 -32767.0 -32767.0 -32767.0 -32767.0 -32767.0 -0.041353803 -0.013233574 0.07552658 0.2505347 0.14658093 0.15885969 0.14598727 -32767.0 -32767.0 0.15471163 0.033327952 0.10790532 -32767.0 -32767.0 -32767.0 -32767.0 -32767.0 0.099801004 0.63977486
-0.08772898 0.0016236573 -0.14355934 -0.20582707 -0.19776052 -0.20067866 -0.25492862 -0.28858012 -0.30790737 -0.2651067 -0.15504634 -0.11948625 0.09444409 0.08644247 0.20083262 0.3719114 0.61822426 0.81006145 0.76636255 0.702382 0.70390326 0.5989617 0.4828347 0.5268174 0.49516025 0.5385383 0.5487962 0.50477326 0.6177905 0.5966923 0.30278388 0.09339362 0.11380167 0.07545787 0.013717523 -32767.0 0.08215787 0.047725946 -32767.0 0.008340134 0.19776626 0.09397407 -32767.0 -0.040224694 -0.05204615 -32767.0 -32767.0 -32767.0 -32767.0 0.08270807 -0.041568372 -32767.0 -32767.0 -32767.0 -32767.0 0.2607621 0.36778012 0.18582503
-0.15672502 -0.30173546 -0.188054 -0.06059595 -0.015174529 -0.027194573 -0.09541077 -0.12680759 -0.24348502 -0.2073644 -0.16014421 -0.0632608 0.06402429 0.16726676 0.2119069 0.29209834 0.4893876 0.43162277 0.30872256 0.4754031 0.5955589 0.6633521 0.66494 0.67101884 0.64700747 0.5861173 0.5333685 0.55588406 0.39961153 -32767.0 0.19972073 0.17179136 -32767.0 -32767.0 -0.0111623695 -0.023512637 0.18619397 -0.010368876 -0.14967257 0.01678386 -0.084426746 -32767.0 -32767.0 -32767.0 -32767.0 -32767.0 -32767.0 -32767.0 -32767.0 0.07290274 0.2721885 0.24979419 -32767.0 -32767.0 0.08610534 0.15106148 -0.045358043 -0.19030973
