static/data/seaWater_uo/2023/7/12/18.asc
ncols 137
nrows 93
xllcorner 108.0
yllcorner 17.0
cellsize 0.25
NODATA_value -32767
[rows 26 to 51 of 93, columns 58 to 115 of 137]
0.23961176 -0.07981006 -0.028114172 -0.058318377 -0.026219621 0.011069722 0.09648016 0.24059844 0.27673182 0.29870656 0.23682813 0.21208616 0.23849562 0.3283542 0.34423345 0.30326107 -32767.0 -32767.0 -0.069643326 0.22101238 0.35939932 0.4814983 0.5717196 0.57888174 0.5354556 0.52904665 0.36926243 0.26738143 0.17352173 0.042636678 -0.016482878 -32767.0 -32767.0 -32767.0 -32767.0 -32767.0 -32767.0 0.028424134 0.102848716 -0.04604346 -32767.0 -32767.0 -32767.0 -32767.0 -32767.0 -0.14009513 -32767.0 -0.13448624 0.08443023 0.4026554 0.3095724 0.09099601 -0.084884994 -32767.0 0.13177943 -0.17719884 -0.29471654 -0.28003347
0.11336174 0.037088655 0.17764737 0.10302971 0.027505456 0.0369484 0.12827492 0.23175083 0.34775078 0.3950173 0.35416868 0.31387025 0.36409026 0.41404507 0.2513217 -32767.0 -32767.0 0.2141987 0.29509842 0.39412102 0.3805973 0.40673158 0.31793973 0.30870435 0.3111435 0.2913807 0.21054202 0.021752512 -32767.0 -32767.0 -32767.0 -32767.0 -32767.0 -32767.0 -32767.0 -32767.0 -32767.0 0.13196842 0.113176115 -0.09737142 -32767.0 -32767.0 -32767.0 -0.022777017 0.08796323 0.042139027 -0.13098373 0.10588257 0.11157472 -0.03939441 -0.11251577 -0.046043526 0.047359012 0.1390467 -0.17864065 -0.16955729 -0.09710317 -0.07772811
0.0007531379 0.123613656 0.028334327 0.06979858 0.20685491 0.19824685 0.16413571 0.1547964 0.20808776 0.2757847 0.26003247 0.25193366 0.26756692 0.24310258 0.1938943 0.2202302 0.28737587 0.2792086 0.2704304 0.25273573 0.21486124 0.24326979 0.21306206 0.12155998 0.1613878 0.17925122 -32767.0 0.028471312 -0.016023282 -32767.0 -32767.0 0.052054804 -32767.0 -32767.0 -32767.0 -32767.0 -32767.0 -32767.0 0.20222335 -0.0033334014 -32767.0 -32767.0 0.047648963 0.21440874 0.26556918 0.15366119 -0.14453246 -0.04826938 -0.14583534 -0.15316492 -0.15356028 -0.1809216 -0.0049587777 -0.21483782 -0.17605954 -0.098630294 0.00073022494 -0.0027368881
0.05763519 0.07941325 -0.0459377 -0.0062908866 0.060694944 0.108408175 0.13659029 0.10586531 0.0763422 0.11834631 0.093155794 0.07047941 0.05088502 0.06637297 0.041354723 0.012752056 0.030849265 0.06779675 0.062678434 0.12693377 0.10981472 0.11239275 0.08147457 0.0785376 0.06798391 -32767.0 -0.023095988 0.086995065 0.020505073 -0.03188522 0.10647285 -32767.0 -0.02176429 -32767.0 -32767.0 -32767.0 -32767.0 -32767.0 0.009698482 0.37341172 0.3568773 0.334104 -0.049579628 0.19319919 0.023945332 -0.036002807 -0.1449022 -0.16915531 -0.09333392 -0.053145792 -0.07713744 -0.097435646 -0.11326479 -0.16549826 -0.17361568 -0.1853469 -0.10767046 -0.12078001
0.23608866 0.17321734 0.057475813 0.09980289 0.05472254 0.06928599 -0.039703716 -0.032063447 0.019763604 0.061950155 0.0025500485 -0.04483497 -0.010284646 -0.0025611846 -0.0623041 -0.047544353 0.010088194 -0.044423003 0.00043665944 0.113969974 0.05558472 -0.0064715547 0.020710872 0.027331263 0.16834722 0.34718588 0.3181526 0.35747182 0.21120541 0.017127778 -0.16427253 -0.04927672 0.07226049 -32767.0 -32767.0 -32767.0 -32767.0 0.023053138 0.5479659 0.41110706 0.4222949 0.4071242 0.26163706 0.10389271 -0.058143687 -0.11046581 0.05709937 0.25814748 0.3563167 0.4171605 0.4498596 0.3996169 0.2990896 0.044135083 -0.055594385 -0.17173637 -0.20206887 -0.19439404
0.17011462 0.098027766 0.036330953 -0.0036107174 0.08974569 0.07764286 0.07585526 0.0061897496 -0.034149803 -0.121995635 -0.031591874 -0.03502485 -0.07049429 -0.17450535 -0.19499153 -0.06822263 -0.09521917 -0.06354749 0.025232757 0.026756972 0.005492369 -0.060141563 -0.018545065 0.032568704 0.10023909 0.1925652 0.20359069 0.17472485 0.22758543 0.1599112 -0.08524891 -0.028731586 -0.061831433 -32767.0 -32767.0 -32767.0 -32767.0 0.2604274 -0.028006962 -0.15631899 -0.060033586 0.093180336 0.16773543 0.15929556 0.1972582 0.34060824 0.5931184 0.7708648 0.77889985 0.711929 0.69856316 0.7705224 0.64636207 0.45648578 0.18222795 -0.039700378 -0.1635759 -0.22125597
0.19737042 0.15421444 0.17121062 0.18147394 0.18832622 0.22103196 0.24474093 0.28362694 0.19478765 0.17312309 0.15502991 0.1834312 0.04710287 -0.06336146 -0.26249078 -0.103968434 -0.026813371 0.029499648 0.029996458 0.052477833 0.076945946 0.095424116 0.14512987 0.2535719 0.30910987 0.37372664 0.3724812 0.19807829 0.14385448 0.10482603 0.0740779 -32767.0 -32767.0 -32767.0 -32767.0 -32767.0 0.062452402 -0.08357513 -0.17796792 -0.114144996 0.47644687 0.9097057 1.1018827 1.1619899 1.2431659 1.3431256 1.3425148 1.2697458 1.1824628 1.03099 0.93424606 0.83386564 0.78741956 0.5634879 0.26016077 -0.05110519 -0.141257 -0.1329262
0.24883565 0.27087152 0.30016005 0.31934366 0.37326333 0.3091985 0.2900057 0.3428685 0.27779326 0.24169746 0.19341342 0.0779567 0.16189408 0.3045374 0.24246167 0.11282893 0.12948164 0.12322279 0.16527852 0.15240788 0.16660579 0.17032637 0.17676982 0.21222202 0.13905786 0.14849874 0.26203585 0.28195474 0.12111277 0.058486294 -0.005229805 -32767.0 -32767.0 -32767.0 -32767.0 -32767.0 0.052097905 0.008322005 0.08078615 0.838106 1.0235505 0.95910937 1.0031936 1.1014274 1.2051128 1.2476708 1.2225583 1.1782649 1.1801313 1.1586043 1.0777712 0.939755 0.7571495 0.5675674 0.23386602 -0.104892075 -0.16346484 -0.065135315
0.24181423 0.43338564 0.5107089 0.39102355 0.25656644 0.21510044 0.20060758 0.21147187 0.21176748 0.25130785 0.23088427 0.22211777 0.1807061 0.24637598 0.3755354 0.28373945 0.26707655 0.2473587 0.26662558 0.2896061 0.32540095 0.28613526 0.22192752 0.16480404 0.10146558 0.12967955 0.11255711 0.17569795 0.11873846 0.021224782 0.071469575 0.04821483 -32767.0 -0.011620774 -32767.0 -32767.0 0.1533139 0.52578557 1.0001708 0.85235786 0.72964615 0.6511923 0.72836155 0.73214555 0.73722076 0.7575034 0.79572374 0.81057215 0.8604181 0.8619549 0.8380627 0.7545471 0.6462802 0.44934273 0.15486021 -0.10887514 -0.1054646 0.016516048
0.2838143 0.32341516 0.28211582 0.27982047 0.24825819 0.18771894 0.19061379 0.26856488 0.23845737 0.21457556 0.22167644 0.28748187 0.30596158 0.32041553 0.4390749 0.37334803 0.31755584 0.312986 0.34607944 0.3244438 0.31401923 0.23316045 0.17801204 0.25212166 0.19536538 0.051253542 0.06645457 0.0024084926 0.026650166 0.088283114 0.15953444 0.19306198 0.12273374 0.087732375 -32767.0 0.19968061 0.6694639 0.6131101 0.7348387 0.74856323 0.5684721 0.55271393 0.47697976 0.47226343 0.47793293 0.49630544 0.48916918 0.48267493 0.5786081 0.70689744 0.7517502 0.6950211 0.5353204 0.3665283 0.09804892 -0.08259705 0.010747438 0.14905901
0.18376938 0.16782591 0.21136837 0.2052178 0.30285484 0.32623473 0.31349328 0.17605779 0.232056 0.336026 0.3075471 0.3408566 0.31419188 0.31321156 0.3612364 0.40499204 0.36667976 0.34660822 0.3887106 0.37409028 0.28585488 0.24168351 0.2142579 0.18585187 0.20286657 0.04124968 -0.027768996 -0.055830758 0.038974516 0.25594857 0.3122565 0.3662732 0.43175352 -32767.0 1.0456554 0.74422866 0.304537 0.56050175 0.56682074 0.5320913 0.50125337 0.4027713 0.35671228 0.34720963 0.23565915 0.11966669 0.18157046 0.2574961 0.21280372 0.35407427 0.45731503 0.46379986 0.3951964 0.27692682 0.017791284 -0.011241517 0.10464213 0.24810477
0.12745684 0.21836922 0.16348547 0.20240587 0.30024564 0.33312386 0.3143228 0.27676848 0.29266757 0.34118852 0.36325797 0.43864748 0.34466812 0.37311843 0.40599072 0.40577838 0.387662 0.28959247 0.32787663 0.33044368 0.3729078 0.32991832 0.27779686 0.27869248 0.24157423 0.31260413 -0.013830729 0.008234345 0.026393399 0.122298665 0.3062166 0.5317474 0.5990093 0.46031767 0.23508194 0.24521732 0.44612455 0.38495284 0.41579697 0.40344787 0.34979257 0.27918988 0.2875298 0.19816911 0.053883534 0.29969916 0.39351997 0.40532482 0.41348186 0.18876725 0.09095071 0.16427016 0.23143506 0.22432198 -0.0053461017 0.019187406 0.14875989 0.17946881
0.052081726 0.05209856 0.14531681 0.21295266 0.22971183 0.34613597 0.40558743 0.4307242 0.4037023 0.38022506 0.46883628 0.4806042 0.4942837 0.5267689 0.4737054 0.45663905 0.43673712 0.38900247 0.35936216 0.30767238 0.32988602 0.30247524 0.42179197 0.47859377 0.47947955 0.46716726 0.51696616 0.26079825 0.18584825 0.13693082 0.28318354 -32767.0 0.030217549 0.11177169 -32767.0 0.37367514 0.27159572 0.31954375 0.33041683 0.30466202 0.21030515 0.22971648 0.1826988 0.11850122 0.19456893 0.20637582 0.28023344 0.3195598 0.29754466 0.081936955 -0.0029088946 -0.0075461483 0.14959893 0.25707158 0.05523882 0.084012136 0.11609642 0.23460177
-32767.0 0.45070112 0.3581811 0.3265393 0.33554736 0.3460444 0.3491051 0.5127709 0.5395234 0.40860158 0.36227015 0.40751952 0.43044883 0.51139975 0.56227124 0.5599406 0.525385 0.4950132 0.45317113 0.34682018 0.35636842 0.47982126 0.5350933 0.62674874 0.70443344 0.73260295 0.6583925 0.63398415 0.32742208 0.22844855 0.1222743 -0.14314575 -32767.0 0.14692637 0.33182734 0.36084765 0.33595186 0.3457804 0.18579738 0.13236639 0.16492295 0.23356234 0.18715954 0.12820347 0.18407805 0.08944344 0.022993194 -0.04998899 -0.0037239923 0.0035827588 -0.07404241 0.08784662 0.26131493 0.3557247 0.19641857 0.22777852 0.25741264 0.4740874
0.3175901 0.20375235 0.15408835 0.083012216 0.009922182 0.037939046 0.035589367 0.1394469 0.25039807 0.13098638 0.16792376 0.3170399 0.37913087 0.40577316 0.4307825 0.48056445 0.41363713 0.3019986 0.33575305 0.41824538 0.49406177 0.49723798 0.67694914 0.7636575 0.7664839 0.76842177 0.8242444 0.6865687 0.6298943 0.37184176 0.07258685 0.07550266 0.29784098 0.30096495 0.55396795 0.45102865 0.48349196 0.3785018 0.22740044 0.19075713 0.18634641 0.29386052 0.26749593 0.15327536 0.16166721 0.0030797902 -0.17963496 -0.24335085 -0.21730323 -0.025908425 0.058502633 0.0076245004 0.29193166 0.4518316 0.38536528 0.499456 0.54019606 0.54667157
0.03786559 0.2560682 0.10891163 0.11462947 0.109821275 0.08005141 0.05716684 0.09296274 0.10422581 0.19746274 0.18582155 0.17321843 0.22691669 0.37515932 0.4214456 0.3946406 0.22744575 0.17390549 0.24703985 0.3974901 0.32420245 0.5385379 0.5443028 0.57537776 0.537294 0.52491164 0.58145475 0.69547564 0.7288092 0.9272067 0.74320143 0.5798311 0.66664195 0.5599274 0.62091696 0.7542819 0.5869839 0.53199595 0.4586428 0.2937508 0.20599243 0.25252804 0.32191095 0.29638386 0.18876489 -0.044792157 -0.11128593 -0.18690468 -0.1629763 -0.14606582 0.14488952 0.19245583 0.3079186 0.5784492 0.7075572 0.7264736 0.75089234 0.737354
0.13710031 0.1120412 0.04753851 -0.0017064624 0.009898495 0.04328208 0.13734673 0.18138503 0.13606663 0.20545077 0.27664647 0.25626248 0.17418846 0.12540558 0.09222084 0.06411852 0.0120885 0.07918392 0.20265767 0.13788809 0.28129384 0.29431602 0.3170796 0.24362195 0.21268943 0.27824557 0.30186638 0.41009045 0.5130523 1.1581506 0.5277611 0.39622548 0.6511232 0.8356232 0.7928671 0.7725706 0.69258285 0.43633765 0.24456558 0.21054484 0.22002855 0.25338498 0.27055454 0.32052013 0.27516457 0.0969546 -0.15326278 -0.05337164 -0.095190726 -0.12994215 0.035126798 0.36287862 0.52055746 0.6355858 0.84930587 0.9919606 0.9576335 0.79014665
0.18954492 0.25463468 0.13656032 0.08621066 0.11009105 0.115536235 0.06901406 0.13128524 0.21384111 0.24232835 0.23206756 0.2527296 0.20735809 0.067676365 -0.09757471 -0.11683954 -0.0620806 0.012578794 0.0027665645 0.02225861 0.1489079 0.10839725 0.16712533 0.09526171 0.19429484 0.23185207 0.23065744 0.29603782 0.559111 0.28392848 0.42115557 0.490254 0.6572482 0.68507355 0.42522025 0.23073684 0.11726369 0.035117418 0.098714575 0.19875999 0.27160293 0.23486903 0.15768445 0.18563896 0.27719447 0.33235788 0.33243433 0.059646197 0.043618552 0.10707274 -0.02090376 0.037432466 0.32073337 0.56510526 0.70934206 0.7407355 0.6587963 0.48501915
0.39620402 0.38273308 0.29433382 0.39508116 0.09120803 0.124958955 0.26163778 0.31146407 0.24624255 0.3999054 0.22272609 0.15233515 0.10607164 0.07904347 -0.008159869 -0.12069959 -0.11173455 -0.085927546 -0.056766316 0.07465581 0.20839027 0.110430345 0.12608232 0.051807888 0.044781562 -0.030990137 0.09284865 0.11960033 0.020850554 0.39417288 0.6329054 0.650797 0.4251931 0.3613267 0.2764667 0.13492376 0.16516943 0.2048008 0.23010778 0.26620117 0.26023978 0.15258656 0.06642814 0.05058573 0.12537009 0.23971786 0.33675328 0.29415953 0.15693656 0.10091964 0.1571406 0.1888649 0.091942646 0.09140234 0.18460232 0.25557634 0.34570134 0.34772205
0.34790835 0.4005164 0.257512 0.32405543 0.64723945 0.18674326 0.08659686 0.037438482 0.10193596 0.14302556 0.10569943 0.06318009 0.08712585 0.010916689 -0.03278858 -0.04640182 -0.09044749 0.008012791 0.21128598 0.48493022 0.41589034 0.23639734 0.14670488 -0.0028284418 -0.12230635 -0.13347267 -0.01724654 0.058633685 0.14609064 0.21997647 0.19873372 0.16358092 0.13150568 0.05742744 0.09290161 0.20955901 0.29796496 0.36687878 0.3794215 0.39657056 0.3766222 0.30918342 0.15147576 0.015303869 0.0015648981 0.060729217 0.17313218 0.21051717 0.15017164 0.10134881 0.05062903 0.045263674 0.11849355 0.18552125 0.20669518 0.20387901 0.16335908 -0.03329963
0.5347223 0.37945044 0.6611608 0.36418384 0.31336626 0.57594216 0.30507836 0.19271636 0.09505637 0.03334044 0.054775726 0.056465693 0.031070827 0.04715052 0.01999465 0.09502823 0.09583502 0.32568377 0.7167429 0.72127694 0.5192164 0.36187518 0.13827634 -0.032859053 -0.15404493 -0.27052665 -0.20307559 -0.10182808 -0.17039764 -0.0069628116 -0.1139837 -0.22815695 -0.022939911 0.097438395 0.1667472 0.28637883 0.42430595 0.5321961 0.5614906 0.49405193 0.4660247 0.37768424 0.2791342 0.04115593 -0.07989881 -0.08424312 0.0060473434 0.05835688 0.063706875 0.00032379857 -0.0950743 -0.061526198 -0.07776877 -0.0755741 -0.12455172 -0.16089612 -0.1811589 -0.08279306
0.64190257 0.60800546 0.5422014 0.58055025 0.4338764 0.44398344 0.35479382 0.16460781 0.1444629 0.18933946 0.19469029 0.17677385 0.116730064 0.10232109 0.11937228 0.25308082 0.48477316 0.6799989 0.71362287 0.64080834 0.51171327 0.3039992 0.08611921 0.0054578995 -0.022050506 -0.09599569 -0.10257256 -32767.0 -0.12792236 -0.2156211 -0.10317243 0.1507969 0.061435223 0.12629646 0.25883856 0.41490164 0.49962667 0.42050552 0.3024307 0.25741193 0.23693755 0.2545198 0.17568329 0.022132142 -0.1313173 -0.16961537 -0.1232271 -0.13530529 -0.10999524 -0.26644844 -0.29985756 -0.3638704 -0.37536183 -0.37342748 -0.4100328 -0.289825 -0.10125413 -0.10682168
0.52256525 0.44367594 0.30194807 0.38947356 0.4004923 0.26788342 0.30708957 0.17913555 0.19690791 0.17055495 0.19114007 0.18409407 0.19086428 0.24702512 0.3404997 0.41789174 0.5611781 0.6502338 0.66913646 0.57160383 0.34465602 0.14251564 0.08309536 0.021432385 0.019292772 0.026020136 -0.060910475 -0.11448564 -0.25104797 0.14628622 0.1014431 0.048397508 0.0768744 0.20291945 0.3359022 0.3636788 0.2557542 0.19797525 0.24869955 0.21278538 0.09519451 0.038240194 0.05128596 -0.08854016 -0.18424386 -0.17055763 -0.2323089 -0.3297991 -0.43805134 -0.45091617 -0.52254206 -0.5705913 -0.5343496 -0.41646656 -0.17012073 0.043832067 -0.06295604 -0.24445696
0.39557564 0.20907009 0.19885798 0.18931724 0.20616695 0.24469924 0.20972529 0.17167571 0.17963494 0.15797953 0.15260226 0.09511061 0.10705405 0.127456 0.15604138 0.32524708 0.5705741 0.6146248 0.52941495 0.3434732 0.1191619 0.08886855 0.023183739 -0.04594256 -0.080164 -0.026925065 -32767.0 -0.094086155 0.085572384 0.03723631 -0.09076481 0.037369855 0.122403905 0.19251287 0.20845129 0.091665424 0.01219816 0.13194534 0.12402635 0.16846482 -0.022351777 -0.12425124 -0.14846341 -0.24908632 -0.24973415 -0.2610132 -0.50028795 -0.6576893 -0.6081256 -0.48212722 -0.35939795 -0.3194321 -0.23711458 -0.15594965 -0.031365633 -0.011624371 -0.05473065 -0.2475646
0.32718745 0.22613984 0.26704282 0.20757931 0.12542818 0.15288888 0.223086 0.23564507 0.13410857 0.1316663 0.064079866 0.05835216 -0.03278483 0.03763252 0.053859886 0.3684799 0.54337585 0.5233536 0.3222298 0.09933201 0.037231937 -0.06258453 -0.14390086 -0.20076522 -0.2969117 -0.09322883 -0.12900536 0.07263222 -0.044254825 -0.15901344 0.0054039164 0.03540819 0.038565047 0.07252772 -0.038315885 -0.071230106 -0.103449054 -0.09011282 -0.019632999 -0.13843818 -0.20131217 -0.2735438 -0.3206622 -0.36483586 -0.31197134 -0.54204845 -0.75496817 -0.52112275 -0.38286528 -0.3132676 -0.28365356 -0.2786722 -0.18347855 -0.16060306 -0.096857145 -0.03675562 -0.06980219 -0.30651322
0.2257941 0.31132632 0.32655483 0.17199738 0.14853655 0.12636082 0.05424165 0.006103517 0.044652104 0.016193412 -0.02836532 -0.029433109 -0.037307158 -0.048080523 0.28515342 0.5383215 0.52532065 0.347807 0.10509102 -0.012045957 -0.093348324 -0.15595812 -0.11928014 -0.16135213 -0.059668746 -0.15424949 -0.07867899 -0.06339178 -0.23019676 -0.12302113 -0.0889883 -0.07084312 -0.08040028 -0.07146427 -0.1646757 -0.18686545 -0.27662066 -0.3043004 -0.28501013 -0.3170312 -0.42035386 -0.459853 -0.49691588 -0.42196143 -0.55989546 -0.79742277 -0.4901654 -0.3919999 -0.38697806 -0.25650123 -0.28488925 -0.02840904 0.27485818 0.28758997 0.056907512 -0.06674483 -0.25572908 -0.3364727
