static/data/seaWater_uo/2023/7/12/6.asc
ncols 137
nrows 93
xllcorner 108.0
yllcorner 17.0
cellsize 0.25
NODATA_value -32767
[rows 52 to 77 of 93, columns 58 to 115 of 137]
0.37063813 0.29043826 0.1774637 0.12615581 0.071323745 0.08278846 0.23434156 0.34409678 0.33536583 0.2822246 0.2277055 0.20512468 0.39136308 0.36658764 0.59510773 0.7884772 0.599361 0.3781469 0.25626668 0.17475261 0.12903638 0.20411468 0.111802705 0.23184575 0.14595374 0.16853172 0.15290089 0.09987306 0.091113456 0.12834345 0.121832155 0.12258285 0.07363939 0.0023710553 -0.02191887 -0.07928556 -0.056191653 -0.14794737 -0.26782486 -0.33845273 -0.22673522 -0.18822575 -0.39340642 -0.5531307 -0.5434895 -0.47571018 -0.20527655 -0.18903099 -0.07124927 -0.104290366 0.1297722 0.044755172 0.07252633 0.15145558 0.1861307 0.028195642 -0.08262553 0.14360802
0.107805714 0.14235577 0.1159819 0.32199737 0.28833213 0.26069534 0.39544904 0.34944823 0.32287866 0.3990201 0.4669982 0.5573678 0.7160959 0.90306324 0.89282805 0.5933462 0.3568549 0.17106037 0.13127059 0.051769722 0.168321 0.18857814 0.09284107 -32767.0 0.20032951 0.2206093 0.1611616 0.06733559 0.068615966 0.11490948 0.067696415 0.094673485 0.018375194 -0.07128567 -0.12421463 -0.1689314 -0.17288834 -0.24330816 -0.24350186 -0.30696845 -0.38431984 -0.53623927 -0.64938504 -0.5827013 -0.50599027 -0.2900258 -0.24362913 -0.07941252 -0.042751703 0.033774737 0.09579817 -0.038042594 0.061309043 0.07530262 0.16668016 0.20050149 0.05199988 -0.025209155
0.19212088 0.17858906 0.2781879 0.20486826 0.30616888 0.33465123 0.3748224 0.5358237 0.6228941 0.6828689 0.7798286 0.878493 0.8980406 0.7014114 0.4519916 0.25251812 0.11517963 0.02353831 0.19491409 0.31552288 0.33065417 0.1624688 0.0058615054 0.077137694 0.12156618 0.19861822 0.12137647 0.062351912 0.09635818 0.11876439 0.008579487 -0.0064340723 -0.00028411776 -0.1711792 -0.18468721 -0.26056203 -0.30694908 -0.3823155 -0.46936575 -0.5863167 -0.67231256 -0.658287 -0.59697056 -0.42542323 -0.26167086 -0.2734484 -0.15751176 0.058108505 -0.035526782 0.051785145 -0.02393697 -0.128124 -0.05905673 -0.0027853344 0.06645497 0.21844056 0.20579253 -0.11002996
0.5725398 0.51310545 0.55141336 0.5586721 0.588212 0.5899095 0.5840331 0.54301333 0.48954082 0.47861865 0.53291285 0.5503075 0.4616669 0.33568278 0.20081644 0.096139714 0.069891274 0.030807253 0.27612162 0.18081318 0.127927 -32767.0 0.059235096 0.078802474 0.16490775 0.1437462 0.14985172 0.107954055 0.04971901 0.100000255 -0.05135871 -0.06621018 -0.066121414 -0.18740706 -0.19953462 -0.23974094 -0.28481483 -0.39799887 -0.5048156 -0.598832 -0.5833786 -0.43996283 -0.19311333 -0.15595053 -0.23296756 -0.15987794 0.041642554 0.082795314 0.012007149 0.053945497 -0.08052928 -0.17495221 -0.14422277 -0.04865685 0.0940943 0.15600325 0.3639468 0.26752043
0.32363278 0.54600394 0.70103747 0.7334258 0.62874204 0.59191304 0.5998757 0.48079482 0.4031014 0.46996313 0.44117048 0.34979954 0.27862346 0.257825 0.1991278 0.14808215 0.21063857 0.31224942 0.3126925 0.31121108 0.34134874 0.38527733 0.33992434 0.1366285 0.28372353 0.30087602 0.20916122 0.18379799 0.1166609 0.071300045 -0.099557616 -0.085241154 -0.045473512 -0.065599985 -0.17297818 -0.18311375 -0.15825835 -0.1779035 -0.22542535 -0.23881887 -0.1624954 -0.06611931 -0.063122585 -0.12863073 -0.07768462 0.11425508 0.17507054 0.039770395 -0.042731643 0.018313028 -0.13436474 -0.16706464 -0.20376958 -0.13314185 -0.06772864 0.038603067 0.25335947 0.51273024
0.09711951 0.4260508 0.72258043 0.80038977 0.86337215 0.8498495 0.8075187 0.7752543 0.65018266 0.5405093 0.4832981 0.45387265 0.31108445 0.28119478 0.19486898 0.19007054 0.20586757 0.25834215 0.3072298 0.31736183 0.35108536 0.43324023 0.5273044 0.57911485 0.56563026 0.46054226 0.35569546 0.35058004 0.2771331 0.110250875 0.006189702 -0.15787357 0.0038756076 0.08138734 -0.03222572 -0.10052318 -0.09473488 -0.024512878 0.049987048 0.049487386 0.041838977 -0.03277279 -0.029847402 0.003369373 0.07321821 0.14549151 0.17403868 -0.004141219 0.008017525 -0.011087692 -0.112537265 -0.060652643 -0.09274343 -0.2373275 -0.08201515 0.04984034 0.13146195 0.23527132
-0.09958434 0.4250122 0.7348517 0.79280865 0.80586326 0.7061412 0.726444 0.60518605 0.4340666 0.428746 0.511267 0.38987756 0.29596213 0.18763505 0.1503703 0.115753725 0.18707125 0.23238789 0.23231277 0.13935217 0.08364342 0.12616846 0.19574657 0.32492754 0.4510175 0.49884194 0.45390385 0.33331227 0.24839312 0.13433725 0.11617405 -0.068868935 -0.07598071 0.03878366 0.094092384 0.0447464 -0.027852233 -0.005913598 0.14377104 0.24133752 0.15830736 -0.0021315778 -0.070049085 0.017543001 0.08762988 0.16786058 0.110600986 0.04514981 0.06779869 -0.013220327 -0.056862924 -0.078509875 -0.01995862 -0.15723842 -0.17548697 0.038054142 0.06038658 0.1026777
0.28095433 0.60790724 0.68084747 0.58987236 0.48577258 0.36288768 0.32573113 0.23876855 0.26532686 0.38937795 0.26326394 0.31653163 0.19381079 0.19116579 0.20578335 0.21057872 0.25665423 0.23263083 0.21090469 0.1478867 0.19527453 0.20510954 0.15031242 0.12554617 0.19751073 0.3006358 0.30958283 0.22883141 0.1539685 0.108876854 0.16885728 0.088137046 -0.024738228 -0.020307893 0.016721988 0.054988306 0.008521661 0.020120503 0.106509164 0.25491723 0.3600536 0.35699153 0.25319925 0.15427272 0.09167027 0.064190134 0.030339072 0.022140954 0.07250584 -0.0036661134 0.0068940953 -0.044274263 -0.03501064 -0.00016123142 -0.1377424 -0.046063736 0.07971219 0.08070983
0.7828369 0.6632879 0.5092453 0.25975212 0.0042050723 0.0055902917 0.045540333 0.13172545 0.15495446 0.17855157 0.12146228 0.11174353 0.13422588 0.22155136 0.30088684 0.31098136 0.3091249 0.2106081 0.19194692 0.15626341 0.20314147 0.17137888 0.10583422 0.119830586 0.07414432 0.10482532 0.14079237 0.09292892 0.06838796 0.045481164 0.2008663 0.25072926 0.06318495 -0.013026569 -0.038306057 0.04655506 0.2194022 0.30760145 0.36693364 0.4089527 0.3941294 0.41963908 0.47143298 0.49160612 0.34814852 0.2564452 0.036746457 0.08118823 0.11646076 0.022753019 0.07542644 0.03506853 -0.028442476 0.008694494 -0.02854924 -0.026516026 -0.0110080335 0.09619741
0.7815185 0.59702855 0.36919904 0.071048975 0.1294316 0.18848649 0.027600808 -0.052749917 0.046121486 0.08629349 0.03860672 0.08247965 0.26005578 0.36062995 0.30768892 0.2817048 0.25289148 0.1717656 0.14907937 0.14474343 0.14202765 0.11140609 0.02542049 0.04383549 -0.048784107 -0.05727127 -0.032129843 -0.057881817 -0.059388865 0.015396053 0.33138546 0.23488404 0.055655405 0.007830526 -0.10143547 -0.0337936 0.1349155 0.1737977 0.22648688 0.34422356 0.4455208 0.5752966 0.6084573 0.5157156 0.48327288 0.45961803 0.37526184 0.30018106 0.20685557 0.1257082 0.07622532 0.07901265 0.03558692 0.039407287 -0.022335675 0.008915872 0.047144864 -0.03720641
0.5461603 0.40191913 0.1942862 0.11595944 0.21166043 0.08921581 -0.040043183 -0.033754032 0.10535916 0.1177025 0.07747552 0.10423618 0.20705725 0.2493886 0.1917234 0.13880806 0.14110783 0.13768005 0.13073066 0.10052669 0.06773108 -0.022405326 -0.068072066 -0.113763176 -0.1519079 -0.16546653 -0.24336946 -0.27659613 -0.21327892 0.08518657 0.16421244 0.029112743 -0.053848002 0.018953454 -0.025252644 0.0115981195 0.06495937 0.09190887 0.15753615 0.16996008 0.26611853 0.401843 0.48149765 0.59994286 0.634479 0.51137656 0.38963965 0.32210854 0.28721893 0.2066748 0.17532952 0.041977435 0.10805304 0.0596217 -0.004472548 0.03179653 0.100903034 -0.0674818
0.3835392 0.28217348 0.02602903 0.015802503 -0.011012579 -0.11145688 -0.062655725 -0.021098213 0.0032265326 -0.04331823 -0.022656271 0.09221303 0.2498491 0.25118458 0.12612043 0.047943354 0.044066053 0.09029678 0.039691668 0.023266947 -0.08748824 -0.17232586 -0.23087105 -0.2701184 -0.26677963 -0.37838423 -0.44701976 -0.41508213 -0.1710948 0.025196234 -0.08107676 -0.103996485 -0.045229997 0.011986 0.13594773 0.1740365 0.03855979 0.112201296 0.026307393 0.07131922 0.049342457 0.14944796 0.2061404 0.30594006 0.4110984 0.5652612 0.5286195 0.44648868 0.4145412 0.19336794 0.12711565 0.041377466 0.15411563 0.05204544 -0.011977626 -0.0048114685 -0.013442837 -0.21578532
0.38695803 0.15353288 -0.12271719 -0.24139507 -0.3105371 -0.340504 -0.25871736 -0.09915852 -0.09876215 -0.10588948 0.038603958 0.24389909 0.35505888 0.30606252 0.12581035 -0.010012855 0.0019049174 -0.030683534 -0.04241182 -0.0814778 -0.2154072 -0.26160502 -0.32339528 -0.35382444 -0.42429522 -0.47629693 -0.47033605 -0.24021974 -0.16296402 -0.059482627 -0.16378808 -0.14125985 0.021332093 0.084936984 0.086365946 0.02813661 0.03810263 0.12031227 -0.032015346 -0.15447797 -0.10567074 -0.14389858 -0.11343234 -0.023133762 0.12861386 0.18023287 0.22275797 0.19300222 0.16239014 0.16527446 0.13251694 0.1814385 0.13841619 -0.009022669 -0.10244063 -0.13580246 -0.19879372 -0.30950135
0.38737375 0.13528615 -0.14440547 -0.30264208 -0.31925213 -0.300559 -0.24453321 -0.16833806 -0.11166727 -0.057717975 0.015386513 0.15313898 0.20807359 0.14410347 0.04706574 -0.09265944 -0.10753845 -0.14634016 -0.10029482 -0.18039933 -0.28281614 -0.35065272 -0.37376848 -0.42881525 -0.47038603 -0.4326197 -0.18959163 0.06397391 -0.0063976273 -0.04389699 -0.15811162 -0.19861317 -0.12887517 -0.16438423 -0.19733526 -0.14672258 -0.032720782 -0.08276794 -0.13389647 -0.2776118 -0.385586 -0.4716155 -0.48379177 -0.4284063 -0.31398413 -0.21649654 -0.10558413 -0.03134075 0.050660916 0.18695602 0.13357003 0.12897378 -0.008342795 -0.069960125 -0.25213796 -0.37618914 -0.44416046 -0.39313814
0.3737209 0.24263045 -0.05979581 -0.1547324 -0.12798959 -0.13830228 -0.21021475 -0.17275634 -0.06486661 -0.046015445 -0.092266 -0.00887382 -0.010751711 -0.056156542 -0.11460122 -0.18861946 -0.21870862 -0.2157426 -0.22412494 -0.29267973 -0.3495106 -0.42860362 -0.44925186 -0.46910506 -0.40313014 -0.2284824 0.061186504 0.19587517 0.1436376 0.051140353 -0.12522857 -0.27078998 -0.24937202 -0.26156947 -0.24240789 -0.21451916 -0.20028946 -0.19040173 -0.09136031 -0.23727618 -0.2512215 -0.14120542 -0.21035707 -0.17655171 -0.14393462 -0.14084706 -0.08424839 0.0012271281 -0.00031803016 -0.010299372 0.07166102 0.1281125 0.080537215 -0.10386761 -0.28497395 -0.47724202 -0.512297 -0.5363054
0.360815 0.43818206 0.047000755 -0.01950121 0.024314225 -0.02775611 -0.08613388 -0.14468029 -0.10357598 -0.047499217 -0.1351069 -0.10603166 -0.11264728 -0.1636286 -0.18223952 -0.23793161 -0.31081715 -0.38715467 -0.34573844 -0.34773028 -0.36562684 -0.44216248 -0.42902932 -0.33509457 -0.19500215 -0.0071250773 0.18320021 0.26319706 0.17666088 0.07383071 -0.032500684 -0.27416193 -0.1812399 -0.18741898 -0.21294649 -0.1831464 -0.2777253 -0.24183427 -0.19063705 -0.053960852 -0.18800205 -0.13006061 -0.13297479 -0.07376836 -0.070832 -0.10548336 -0.18530266 -0.19496474 0.010626547 0.1793009 0.29695165 0.31785056 0.14121988 -0.09215833 -0.24668998 -0.44834843 -0.45869392 -0.20761536
0.37698993 0.38694555 0.1706163 0.022267373 0.02608869 0.0022150455 0.04806621 0.041903432 -0.013122148 -0.032844964 -0.147442 -0.08424186 -0.07189352 -0.1056189 -0.15250328 -0.19847031 -0.29922715 -0.45153594 -0.44424766 -0.36866045 -0.31735379 -0.37890428 -0.32146412 -0.19065374 -0.00293982 0.13921134 0.20821111 0.11830327 0.07482925 0.05430269 0.01732245 -0.1574218 -0.13735051 -0.06789357 -0.07571758 -0.14787863 -0.26027465 -0.2980403 -0.22850847 -0.15329728 0.007512152 -0.109880805 -0.10529872 -0.2242589 -0.25315878 -0.27883223 -0.18884684 0.07912045 0.2278029 0.36365706 0.40549234 0.3261324 0.105986625 -0.105331786 -0.17296332 -0.29056558 -0.23511237 -0.32247442
0.1394642 0.122882314 0.2247611 0.038033783 -0.008273967 -0.03605234 0.23255184 0.26144347 0.16015856 0.0145501625 -0.04844429 0.03032423 -0.040755928 -0.00063233584 -0.059888713 -0.11168722 -0.15594342 -0.31615105 -0.48477182 -0.4717656 -0.3673502 -0.26240373 -0.21369745 -0.09472056 0.008904241 0.024360057 0.019276563 -0.01672536 0.020130873 0.06290858 -0.013868225 -0.16178127 -0.05971407 -0.08006498 0.0025320644 -0.06788605 -0.08690598 -0.1683322 -0.18539056 -0.20378205 -0.12575579 0.056839596 -0.022146653 -0.14113653 -0.17500176 -0.013804739 0.15482937 0.27666822 0.361876 0.35446018 0.28002626 0.17881405 0.037608486 -0.094095506 -0.0859016 -0.15986347 -0.21892175 -0.40692383
-0.0662365 0.0042867623 0.15027598 0.04841085 -0.013515217 0.08305922 0.13547046 0.098047 0.09603181 0.0658034 0.099976584 0.13066895 0.009122062 0.017454598 0.011091949 -0.01984573 -0.063178375 -0.20405848 -0.38956198 -0.44215617 -0.4234675 -0.38260078 -0.3033124 -0.22883856 -0.16863705 -0.038153414 -0.010790264 -0.019832417 0.011333616 0.046221618 -0.058624577 -0.14905879 -0.14386496 -0.12744173 -0.0038990476 0.06663199 0.04790477 0.07887051 -0.053608727 -0.18433097 -0.17583965 -0.050250206 0.0865918 0.03430216 0.027083656 0.10987715 0.13915923 0.27060744 0.18774138 0.1106032 0.069170184 0.049626816 0.011225611 -0.053371515 -0.08876822 -0.070553966 -0.15946029 -0.2622497
0.0013339312 0.0015828907 0.0006428026 -0.031218052 -0.08490558 0.034725867 -0.0016110961 0.068267845 0.16293286 0.1654281 0.28366774 0.18192689 0.025556577 0.05094187 0.07510678 0.030386763 -0.022632025 -0.10751957 -0.30000436 -0.3985406 -0.37095213 -0.34490463 -0.3625183 -0.32331648 -0.28423136 -0.19264711 -0.15428548 -0.074733235 -0.07556398 -0.074077524 -0.11589808 -0.09427357 -0.084489614 0.003288621 0.12029357 0.17065912 0.14376208 0.119647294 0.12769882 -0.027610755 -0.08409735 -0.06759802 -0.023254238 0.047570515 -0.04135342 -0.044751495 0.068979256 0.100343734 0.034882385 0.025249353 -0.049507 -0.08053192 -0.03208454 -0.015804235 -0.039324794 0.003966039 0.003973142 -0.09161572
-0.063147314 -0.18534525 -0.12513904 -0.076565064 0.010161679 0.06990636 0.073403575 0.16532086 0.1794685 0.36675498 0.37596565 0.17204228 0.017905293 0.04938232 0.059555307 -0.010484751 -0.04303361 -0.054154415 -0.12226987 -0.2784766 -0.37435448 -0.3918682 -0.37373403 -0.3380529 -0.27924997 -0.31519383 -0.25849497 -0.21365349 -0.2251443 -0.16667198 -0.08658319 0.12071001 0.24311323 0.29747906 0.34399262 0.36483955 0.36199442 0.25159594 0.20537591 0.10998859 -0.011343469 -0.022031209 0.0051718447 -0.010594306 -0.09906221 -0.10303895 -0.03721053 0.00043719928 -0.028703818 -0.04489652 -0.121090986 -0.14110471 -0.10392834 -0.029481957 0.028764322 0.055183616 0.05786173 -0.0017130139
-0.12238754 -0.32595897 -0.080417365 -0.0058444873 0.08795494 0.14189802 0.12657334 0.08148977 0.28378683 0.37103045 0.2299887 0.06103184 -0.011193762 0.008373428 -0.036124844 -0.12355392 -0.14802703 -0.08221108 -0.094106756 -0.2125948 -0.30803925 -0.29359967 -0.27073035 -0.22132942 -0.14219765 -0.14620881 -0.137468 -0.12118158 -0.027325498 0.057836182 0.22067346 0.34567964 0.42843527 0.47710302 0.5008127 0.5686504 0.5804774 0.5235033 0.38737595 0.22270761 0.09950474 0.05780534 0.051915344 -0.06458894 -0.10615647 -0.17942835 -0.12150765 -0.09116773 -0.113850094 -0.09328469 -0.16446233 -0.22823858 -0.15992187 -0.116398335 -0.08579042 -0.053970613 -3.3401375e-05 0.039844513
-0.11756093 -0.22755937 -0.0016356603 0.093491316 0.057456248 0.16576137 0.07462128 0.19128822 0.22621079 0.11379452 0.001849314 -0.113317095 -0.07578286 -0.08678508 -0.16348219 -0.2297587 -0.21666843 -0.13341014 -0.1320418 -0.18887584 -0.21673234 -0.22465451 -0.11987718 0.009344441 0.08023787 0.04202742 -0.015765408 0.029768677 0.1269783 0.1789264 0.29239777 0.34211877 0.3221117 0.39054444 0.44638878 0.5114086 0.56290424 0.5742477 0.4982534 0.4197509 0.3222094 0.1131663 0.09327999 -0.029671812 -0.11992381 -0.19891329 -0.16394292 -0.15963219 -0.22308744 -0.14215876 -0.17737631 -0.20439017 -0.22305891 -0.34695783 -0.31967267 -0.20941298 -0.05944105 0.051176757
-0.11373621 -0.13477306 -0.15622179 -0.16249412 -0.0033418585 0.13354275 0.156276 0.22831944 0.074836746 -0.06576247 -0.17977832 -0.1617179 -0.09377493 -0.19320367 -0.22781456 -0.30057633 -0.2415141 -0.15508841 -0.17221144 -0.21501313 -0.20440434 -0.05665119 0.09464035 0.19760077 0.14092723 0.1190204 0.09912846 0.10495799 0.116501376 0.20348915 0.20510347 0.20535424 0.27305758 0.2814753 0.28436893 0.28176472 0.33913714 0.40337652 0.39583093 0.33441415 0.30496794 0.19597393 0.13185227 0.032921553 -0.053978615 -0.15510722 -0.17402765 -0.17690933 -0.26460892 -0.30068406 -0.22288775 -0.22044374 -0.32122678 -0.5045921 -0.40663624 -0.16103601 0.041016754 0.21087204
-0.0657962 -0.10053129 -0.2641286 -0.18949999 -0.094492696 0.05638725 0.17780863 0.13723946 -0.035096694 -0.1155234 -0.16451399 -0.18927911 -0.20561121 -0.29950675 -0.259523 -0.28378236 -0.30186555 -0.24420942 -0.21101165 -0.18518136 -0.09300198 0.10794657 0.15752415 0.15052603 0.21116865 0.24544382 0.1452234 0.0778668 0.080512844 0.038722724 0.09735296 0.2018316 0.17970611 0.18404594 0.0786428 0.0102579 0.09705871 0.18627055 0.203403 0.1648471 0.1676714 0.17935093 0.12757261 0.09531219 -0.0076539423 -0.09033031 -0.16416495 -0.17437695 -0.18721451 -0.31129923 -0.32558453 -0.20332366 -0.13315897 -0.058087878 -0.0027795392 0.12015219 0.22237736 0.31465366
0.12232177 0.056585368 0.022277037 0.07296811 -0.020372508 0.0518543 0.14096393 0.018711548 -0.14059208 -0.13183509 -0.21953234 -0.22968775 -0.3064353 -0.34853575 -0.27125722 -0.30133602 -0.30308947 -0.1989969 -0.14273633 -0.01570113 0.06791236 0.055732645 0.15190807 0.19465715 0.25704712 0.25742322 0.13086785 0.07681521 0.039778527 0.0061566923 0.10308283 0.107233055 0.05181922 0.07066972 0.011605015 -0.09849052 -0.046018243 -0.057803143 -0.004489883 0.021665283 0.054028027 0.09623149 0.06877623 0.08022542 0.020955587 -0.062082328 -0.11213873 -0.10918933 -0.093578674 -0.20273088 -0.18945362 -0.1485402 -0.045012794 0.026974944 0.024784222 0.013141173 -0.059086416 -0.060483098
