static/data/seaWind_uo/2023/7/4/0.asc
ncols 137
nrows 93
xllcorner 108.0
yllcorner 17.0
cellsize 0.25
NODATA_value -32767
[rows 38 to 56 of 93, columns 0 to 43 of 137]
2.016985997227706 1.5004479754892102 0.47538027343451983 -0.011526885041457824 0.30240009871279083 0.5995095654802047 0.5915012240579025 -0.24537045457268425 -0.5464840920512493 -0.6121524917141279 -0.7346801154753526 -1.2023672545378048 -1.966363026225441 -1.995193055345729 -1.8702629291578137 -1.7445319688276681 -1.5755559648170903 -0.9292828120372976 -0.05397109457965987 0.717232184388048 1.2033385087217958 1.3971403711415107 1.5861372287078441 1.9345000805779926 2.3829672002269198 2.8794843684096603 3.3423665026187312 3.4632924580954954 2.9419494315036174 1.8856491979019485 0.903826539527691 0.6507629505829393 0.6723854724231555 0.9767024464706417 1.5428921850274118 2.095467743166268 2.193169508518356 2.1363102844200097 2.045816026347994 2.1459202941267725 2.1146877625797935 2.108281089441952 2.3092904591417382 2.8010026224710978
3.0300411871489428 2.9827919727573593 2.4294155804762725 1.5308796728939584 1.3010402740738836 0.9422665783547419 0.36246265938005795 -0.3815122587518225 -0.7474934617510363 -0.22054459616354727 -0.3775080880406714 -0.998154548269097 -1.793382851503712 -2.1297331912404074 -2.078479806137673 -1.9831805432122758 -1.7917811832192516 -1.3753474292595338 -0.6954392425060714 -0.013929387468148757 0.5474553462352403 0.9574824270571161 1.3266669666252509 1.8640266760617323 2.6304249501760597 3.2662872591068592 3.7732152711385925 3.8853320510508245 2.7537534080795143 0.9422665783547419 0.2375325331921423 0.22552002105868896 0.5570653559420031 0.9310549003635189 1.3138536203495672 1.5036513120581305 1.492439634066908 1.4235678978351078 1.4572029318087774 1.7775365887008685 1.9361017488624532 2.0121809923743244 2.2083853572207297 3.0180286750154894
2.830633485733616 2.7889901103376444 2.4478347657475674 1.6870423306288527 1.2521893913978395 0.39769936163818764 -0.24136628386153314 -0.25257796185275616 -0.27099714712405154 0.13742826541336406 -0.11002948453577588 -0.8083568565605335 -1.793382851503712 -2.235443298014797 -2.189795751907674 -2.2026090981833577 -2.0640647915775285 -1.8742670998689648 -1.4137874680865847 -0.7074517546395249 0.1502416116890477 0.7917097596154594 1.7591174034295727 2.5551465408064185 3.173390498608153 3.2662872591068592 3.528160023616144 3.0668795576915326 1.964130943840511 0.3864876836469646 -0.11643615767361748 -0.04356025073066716 0.3536534838155254 0.6988129991167531 0.8101289448867544 0.775693076770855 0.8029214376066824 1.11284425064978 1.4740204487956121 2.0930652407395773 2.5375281896773534 2.620014106327066 2.6007940869135413 3.2030213618706713
2.5279181799705905 2.161936976971377 1.6526064625129533 1.1929276648728027 0.6988129991167531 -0.15487619650066842 -0.206129581603403 0.057344851190341384 0.4681727661544479 0.10219156315523437 -0.17249454762973349 -0.895647778063628 -1.811001202632777 -2.170575732494149 -2.232239961445876 -2.277887507552999 -2.2971075269665246 -2.114517342538033 -1.7453328029698985 -0.7210659350574387 0.2719684013080421 1.3699120103056828 2.2980787811505157 2.813815968746781 2.980389470330669 3.0500620407046983 2.6800766669943337 2.1098827577264125 1.2161518549974795 0.39049185435811573 -0.14606702093613588 -0.09721613826009223 0.2967942597171791 0.6011112337646654 0.5907003899156726 0.6043145703335862 0.7532697207884085 1.0463750168446713 1.5076554827692816 2.2043811865095786 2.7289275496703778 2.9811903044728987 2.9867961434685104 2.9419494315036174
2.386971370938071 2.0201893337966266 1.1697034747481263 0.717232184388048 0.27276923545027243 -0.3286572053646277 -0.3807114246095922 0.02130731478998138 0.45135524916761316 0.04773484148357898 -0.1740962159141941 -0.9004527829170095 -1.3080773613121948 -1.6700543936002572 -1.7213077787029918 -1.542721764985651 -1.5619417843991765 -1.4001732876686708 -1.0766362942076593 0.014900641652139335 0.7516680525039479 1.8528149980705098 2.0914635724551167 2.3829672002269198 2.3797638636579985 2.283663766590371 1.9112758904533158 1.5949464042723762 0.939864075928051 0.25114671361005625 -0.21654042545239616 -0.16608787449189188 0.5114178098348798 0.9438682466392025 0.939864075928051 0.8197389545935172 0.9694949391905694 1.1160475872187012 1.5116596534804327 2.175551157389291 2.8394426612981483 3.09170541610067 3.016427006731029 2.8114134663200905
2.301282117719436 1.7631215741407238 0.8942165298209281 0.49059612213689396 0.13662743127113375 -0.43196480971232676 -0.6273683404165022 -0.27660298611966283 -0.051568592152969384 0.02370981721667187 -0.1436645185094454 0.6675804675697741 0.33843763511315084 0.014900641652139335 -0.09721613826009223 0.1174074118576085 -0.04115774830397623 0.10779740215084566 -0.031547738597213826 0.613924580040349 1.2642019035312928 1.2297660354153934 1.4075512149905034 1.767125744851875 1.7791382569853282 1.6822373257754708 1.5949464042723762 1.3186586252029482 1.232168537842084 0.508214473265959 0.037323997634585826 0.3200184498418559 1.0287566657156062 1.5669172092943184 1.3795220200124456 1.228965201273163 1.2145501867130188 1.3570986640299991 1.6277806041038159 2.242020391194399 2.8963018853964946 2.6448399647362035 2.567159052939872 2.7297283838126076
2.1811569963849027 1.6413947845217298 0.8333531350114312 0.508214473265959 0.15424578240019882 -0.24937462528383536 -0.4455789901302407 -0.42555813657448516 -0.2894163323953465 0.12461491913768041 1.0407691778490595 1.8552175004972002 2.4061913903515957 2.1379119527044703 1.8800433589063368 1.681436491633241 1.5212696631871956 0.9486732514925835 0.45455858573653396 0.6956096625478323 0.6779913114187672 0.6443562774450977 0.8325523008692008 1.420364561266187 1.6197722626815136 1.5268755021828073 1.4403854148219426 1.3322728056208621 1.514862990049354 0.872594007980712 0.959884929483807 1.242579381691077 1.5116596534804327 1.8688316809151142 1.5100579851959721 1.3635053371678412 1.349090322607697 1.5412905167429511 1.7366940474471266 2.331713815124185 2.297277947008285 2.045816026347994 1.811171622674538 2.3709546880934664
2.710508364399082 2.059430206765908 1.2626002352468326 0.7780955791975455 0.12221241671098992 -0.2661921422706701 -0.4752098533927591 -0.507243219081968 -0.1244444990959197 0.8533739885671867 1.8239849689502212 2.566358218797641 3.16378048890139 2.749749237368363 2.205982854794039 1.8039641153944657 1.3619036688833805 0.7076221746812856 0.37287350322905066 0.5314386633906358 0.5394470048129381 0.49059612213689396 0.6803938138454577 1.256994396251221 1.9681351145516621 1.834395812799214 1.401945375994892 1.0760058801071897 1.2810194205181276 1.3298703031941717 1.6125647554014413 1.7791382569853282 1.8640266760617323 1.5517013605919439 1.285824425371509 1.2826210888025882 1.4772237853645334 1.6606148039352555 1.6510047942284927 2.1202936015754053 1.9441100902847555 1.4363812441107915 1.1360684407744568 1.9128775587377764
3.0844979088205977 2.427013078049582 1.8824458613330282 1.2882269277982 0.30640426942394194 -0.13405450880268255 -0.3022296786710301 -0.31183968837779297 0.16465662624919197 1.2257618647042423 1.910475056311086 2.440627258467496 2.607200760051383 2.1058785870152614 1.4459912538175543 1.020748324293304 0.6819954821299183 0.535442834101787 0.5114178098348798 0.6219329214626512 0.5202269853994124 0.4193218834784038 0.5130194781193405 0.9975241341686276 1.8872508661864091 2.0025709826675615 1.5805313897122324 1.0896200605251036 1.3811236882969062 1.6862414964866228 1.9168817294489275 1.946512592711446 1.7238807011714434 1.3683103420212226 1.1913259965883425 1.260998566962372 1.4796262877912238 1.707864018326838 1.694249837908925 1.883246695475258 1.487634629213526 1.009536646302081 0.9614865977682672 1.788748266692091
2.795396783475486 2.2171945327852627 2.197173679229507 2.0650360457615196 0.33363263025976986 -0.01873439232153018 0.11900908014206912 0.256752552605668 0.22311751863199847 0.9246482272256769 1.6229755992504349 2.0882602358861964 2.0642352116192897 1.3074469472117252 1.1216534262143125 1.0327608364267573 0.9470715832081233 0.8709923396962518 0.8069256083178336 0.7540705549306388 0.717232184388048 0.7612780622107107 0.93505907107467 1.236172708553235 2.2756554251680687 2.462249780307712 1.9256909050134605 1.1921268307305728 1.228965201273163 1.5268755021828073 1.7270840377403638 1.707864018326838 1.4331779075418707 0.9831091196084834 0.93505907107467 1.1488817870501404 1.497244638920289 1.7414990523005076 1.4780246195067637 1.1248567627832333 0.5610695266531542 0.05654401704811152 0.17426663595595482 1.78474409598094
2.5471381993841162 1.9449109244269853 1.946512592711446 1.9497159292803672 0.521828653683873 0.28157841101480496 0.4097118737716414 0.4153177127672527 0.23993503561883323 0.9342582369324397 1.6558097990818736 1.8704333491995748 1.5116596534804327 0.4665710978699873 0.9606857636260373 1.2273635329887025 1.4123562198438848 1.3386794787587042 1.3058452789272645 1.0968275678051755 1.00713414387539 1.1120434165075501 1.384327024865827 1.6381914479528086 2.390975541649222 2.291672108012674 1.4788254536489935 0.7028171698279042 0.8509714861404962 1.1184500896453917 1.4171612246972662 1.6189714285392838 1.4908379657824473 0.8485689837138053 0.39289435678480666 0.5122186439771101 0.8333531350114312 1.1216534262143125 1.1705043088903566 0.9294532320790583 0.508214473265959 0.2351300307654518 0.4489527467409222 1.5220704973294263
2.925932748659013 2.035405182499001 1.78474409598094 1.3931362004303596 0.5258328243950241 0.2583542208901286 0.24954504532559607 0.30800593770840257 0.5658745315065352 1.1040350750852475 1.6157680919703625 1.7639224082829545 1.0087358121598506 0.2599558891745888 0.6403521067339466 1.0864167239561828 1.228965201273163 1.299438605789423 1.4788254536489935 1.2762144156647466 1.0423708461335202 1.211346850144098 1.5861372287078441 1.9288942415823809 2.319701302990732 1.6838389940599314 0.8421623105759637 0.4665710978699873 0.6779913114187672 0.9230465589412162 1.1648984698947449 1.6197722626815136 1.5741247165743908 0.8709923396962518 0.15744911896912006 -0.036352743450594804 0.39369519092703653 0.9158390516611443 1.1544876260457517 1.0679975386848874 0.872594007980712 1.074404211822729 1.1673009723214354 1.3114511179228763
3.4448732728241995 2.692890013270017 1.9673342804094323 1.0800100508183408 0.45055441502538285 0.05414151462142058 0.12461491913768041 0.3120101084195537 0.7540705549306388 1.2585960645356815 1.6862414964866228 1.7102665207535295 1.0415700119912898 0.5434511755240892 0.7220371892414295 0.8862081883986259 1.0720017093960386 1.263401069389063 1.3587003323144597 1.1753093137437376 1.0407691778490595 1.1472801187656798 1.461207102519929 1.878441690621877 1.9897576363918783 1.1897243283038819 0.4193218834784038 0.27597257201919323 0.5002061318436568 0.836556471580352 1.0543833582669735 1.3226627959140993 1.451597092813166 0.8637848324161799 0.39129268850034604 0.15985162139581055 0.5002061318436568 0.7997181010377616 1.1040350750852475 1.0327608364267573 1.0119391487287714 1.3202602934874088 1.397941205283741 1.4748212829378424
3.4400682679708185 2.9371444266502365 1.9232884025867691 1.0311591681422971 0.4641685954432968 0.15584745068465944 0.4849902831412827 0.48579111728351254 0.9430674124969722 1.5917430677034559 2.023392670365548 1.5308796728939584 1.003129973164239 0.6851988186988391 0.8013197693222218 0.9734991099017205 1.1969318355839538 1.3370778104742436 1.0679975386848874 0.9446690807814324 0.8589798275627984 0.8141331155979055 1.1144459189342406 1.74870655958058 1.8239849689502212 0.8982207005320793 0.3160142791307048 0.1734658018137245 0.3776785080824321 0.6843979845566088 0.7957139303266105 1.0367650071379084 1.3002394399316533 1.7054615159001476 1.2642019035312928 0.8013197693222218 0.9486732514925835 1.1112425823653198 1.0335616705689876 0.9654907684794183 0.9030257053854607 1.144076782196759 1.2481852206866884 1.8207816323813009
2.9379452607924663 2.8794843684096603 1.8480099932171279 1.0888192263828733 0.5210278195416427 0.5002061318436568 0.903826539527691 0.822942291162438 1.3611028347411502 2.0113801582320945 1.8151757933856891 1.1753093137437376 0.982308285466253 0.5874970533467514 0.7284438623792715 1.2986377716471926 1.5228713314716562 1.197732669726184 0.6723854724231555 0.5570653559420031 0.8253447935891289 0.7796972474820061 1.0712008752538082 1.7639224082829545 1.8504124956438184 0.5458536779507797 -0.008323548472537023 0.030116490354513914 0.2351300307654518 0.45135524916761316 0.5882978874889817 1.0720017093960386 1.659013135650795 2.0642352116192897 2.0506210312013757 1.5933447359879165 1.6157680919703625 1.6510047942284927 1.4676137756577705 0.9574824270571161 0.8950173639631585 0.9446690807814324 1.1136450847920103 1.852014163928279
2.230007879060946 2.369353019809006 1.766324910709645 1.0407691778490595 0.6900038235522206 0.6980121649745228 0.9566815929148857 1.1584917967569028 1.74870655958058 1.8864500320441793 1.6429964528061904 1.1889234941616516 1.2866252595137393 0.6355471018805652 0.7845022523353871 1.3931362004303596 1.5124604876226635 1.0800100508183408 0.2943917572904886 0.054942348763650894 0.46176609301660587 0.8533739885671867 1.1472801187656798 1.7895491008343218 1.8816450271907974 0.30560343528171163 -0.3350638785024693 -0.28461132754196505 -0.00031520705023480033 0.19749082608063118 0.600310399622435 1.4772237853645334 1.99536347538749 2.1002727480196497 2.077048557894973 2.0418118556368428 2.139513620988931 2.113086094295333 1.6750298184953993 1.1344667724899962 0.5490570145197005 0.5554636876575425 0.9054282078121516 1.554904697160865
1.3835261907235967 1.8544166663549704 1.5396888484584905 1.268206074242444 0.9470715832081233 0.5955053947690536 0.7404563745127248 1.1432759480545287 1.7743332521319473 1.7775365887008685 1.4099537174171943 1.11284425064978 1.798358276398854 1.1705043088903566 1.3362769763320133 1.7190756963180616 1.8087691202478466 0.9406649100702813 0.09498405587516201 -0.27660298611966283 0.2671633964546607 0.7300455306637317 1.1600934650413635 1.707864018326838 1.96012677312936 0.18387664566271722 -0.45438816569477325 -0.5064423849397381 -0.22615043515915856 0.014900641652139335 0.5514595169463914 1.4363812441107915 1.771129915563026 1.8488108273593586 1.9889568022496484 2.1186919332909446 2.081853562748354 1.8544166663549704 1.4916387999246772 1.0623916996892757 0.3968985274959578 0.09978906072854343 0.4913969562791243 1.020748324293304
0.4417452394608503 1.334675308047553 1.4107545515594246 1.161695133325824 0.8093281107445245 0.4713761027233687 0.3248234546952373 0.5026086342703473 1.3587003323144597 1.8528149980705098 1.614166423685902 1.2874260936559696 2.17154698667814 1.8824458613330282 1.8151757933856891 1.9881559681074177 1.7719307497052568 0.6667796334275438 0.13262326055998264 -0.0035185436191556008 0.24393920632998434 0.25114671361005625 0.6827963162721487 1.7943541056877028 2.4566439413121004 0.54665451209301 -0.3054330152399509 -0.446379824272471 -0.3638939076227574 -0.22775210344361918 0.2127066747830053 1.038366675422369 1.4780246195067637 1.74790572543835 1.951317597564827 2.1066794211574913 1.7815407594120196 1.2329693719843142 1.0936242312362547 0.9126357150922235 0.6884021552677599 0.44975358088315254 0.5690778680754565 0.5482561803774706
0.18868165051609864 0.836556471580352 0.5690778680754565 0.04373067077242787 -0.24777295699937474 -0.150071191647287 -0.0852036261266389 0.01810397822106058 0.9294532320790583 1.8400016517948257 2.1331069478510885 1.869632515057344 2.0970694114507284 1.514862990049354 1.260998566962372 1.707864018326838 1.9545209341337482 1.3138536203495672 0.9294532320790583 0.627538760458263 0.0877765485950901 -0.31103885423556266 0.16065245553804086 1.6862414964866228 3.0668795576915326 1.339480312900934 0.26636256231243083 -0.05717443114858067 -0.04596275315735765 -0.06598360671311321 0.0052906319453769335 0.5882978874889817 1.1032342409430176 1.4820287902179148 1.8680308467728834 2.201978684082888 1.74870655958058 0.6956096625478323 0.6115220776136585 0.811730613171215 0.9302540662212886 0.9078307102388421 1.161695133325824 0.7268421940948109
