static/data/seaWind_uo/2023/7/4/18.asc
ncols 137
nrows 93
xllcorner 108.0
yllcorner 17.0
cellsize 0.25
NODATA_value -32767
[rows 0 to 18 of 93, columns 44 to 87 of 137]
2.035405182499001 1.9336992464357627 2.197173679229507 1.9833509632540367 2.410195561062747 3.4448732728241995 3.9566062897093146 4.292155795303779 4.742224583237167 6.216560239083014 6.549707242250788 6.6418031686072645 5.316422663216239 4.853540529007168 4.590866930355654 4.946437289505875 4.888777231265298 5.4998136817869625 6.083621771472798 6.464818823174385 6.616176476055898 6.0395758936501345 3.4360640972596674 -0.15807953306958922 -3.1227675276058884 -3.363017770274956 -3.966846713516547 -4.384081301618495 -4.381678799191804 -3.489549564747332 -3.4182753260888417 -3.5271887694321524 -2.7663963343134372 -2.4628801944081813 -3.718588129425177 -6.400581671754205 -8.792673254595892 -10.02355533120375 -10.34228731981138 -9.795317600668136 -9.31561794947223 -8.896781693085822 -7.9934407806501255 -7.540969490290047
1.9737409535472739 2.4694572875877836 4.284948288023708 5.088184932680624 5.647167163957324 6.150891839420137 6.118858473730926 5.8057323241189085 5.402111916434874 5.3612693751811324 4.7190003931124895 4.449920121323133 4.737419578383786 5.221924234433073 5.432543613839622 5.712034729477972 5.993127513400781 7.836647708814763 9.476756032102267 10.69162142586552 11.303458710529414 10.79572986435545 8.631876012049378 3.9534029531403934 0.21190584064077544 -2.5197394185065276 -3.953232533098633 -5.028752786113827 -4.967889391304331 -4.345641262791444 -4.531434783788857 -3.751422329256616 -2.9706090405821453 -2.832064733976316 -7.073282351227595 -10.096431238146701 -11.68448534218924 -11.002975487151318 -10.238178881321451 -9.462971431642591 -9.022512653415967 -9.03452516554942 -8.74622487434654 -8.166420955371855
3.0796929039672167 3.931780431300178 5.527842876765019 6.31025783372395 6.656218183167409 6.7002640609900705 6.705069065843453 6.675438202580935 6.509665535139277 5.985119171978479 5.174675020041489 4.742224583237167 4.831918007166951 6.042779230219056 7.355346389334397 8.81366536233564 9.56084361703644 10.613139679926958 11.373932115045674 11.768743347165175 12.851471107460442 13.425669187439514 12.760976849388426 9.760251318451767 5.796122314412145 1.9024667148887837 -2.0840856451332845 -4.22631697559914 -4.775689197169076 -4.4161146673077045 -4.475376393832741 -3.230880136806969 -2.2098166054634296 -2.588611154738327 -7.09170153649889 -9.446153914655756 -9.609524079670724 -8.328990286244592 -8.578049704478191 -9.019309316847046 -9.127421926048127 -8.914400044214887 -8.670145630834668 -8.411476202894304
5.07216824983602 6.122061810299847 6.591350617646761 6.705869899985682 6.83800753345367 6.699463226847842 6.759525787515107 6.775542470359712 6.831600860315829 6.883655079560793 6.870040899142879 6.665027358731942 5.95308580628927 6.689052382998849 8.35478739883772 10.166274228562491 10.600326333651275 11.052797624011353 11.617385694283662 12.06665364807482 13.017243774902099 13.581031011032179 13.683537781237648 13.114144706111956 9.792284684140975 6.083621771472798 1.4507962586709358 -1.5619417843991765 -3.192440097979918 -3.322976063163445 -3.2052534442556015 -2.234642463872567 -1.3144840344500366 -0.6906342376526902 -2.8897247922168923 -5.32025641388563 -7.4857119344761625 -8.403467861472002 -8.163217618802934 -7.946191566258543 -8.088740043575523 -8.39626035419193 -8.635709762718768 -8.50036879268186
6.02516087908999 6.281427804603663 6.509665535139277 6.685849046429928 6.7090732365546035 6.5657239250953925 6.671434031869783 6.435187959911866 6.319867843430714 6.13247265414884 7.150332848923458 7.167951200052524 7.645248348821738 8.023242063954406 9.34381756449205 10.143850872580046 10.76049316209732 11.348305422494306 11.976159390002804 12.404605656095976 13.257494017571167 13.547395977058509 13.521769284507142 12.980405404359509 10.61714385063811 6.944518474370291 3.6779160082131956 1.3883311955769781 -0.36469474176498773 -1.5627426185414068 -2.0120105723325636 -1.1839480692665096 -0.13005033809153144 1.0415700119912898 -0.06278027014419241 -1.5859668086660834 -3.8387132507597106 -5.968932069092114 -7.070079014658674 -7.130942409468172 -7.540168656147818 -7.946191566258543 -8.122375077549192 -7.65709044091343
5.594312110570128 5.770495621860778 6.098837620175171 6.422374613636183 6.447200472045319 6.302249492301648 6.468822993885535 6.335083692133088 6.702666563416763 6.673836534296473 7.522720725060514 8.091312966043974 8.546186758830743 8.975433859066145 9.562445285320901 10.319233549728466 11.003946741335309 11.4275880025751 12.03622195067007 12.443045694923025 13.068497160004833 13.37601747062124 13.392834987608074 12.544751630986264 10.020522414676591 7.0958761272518025 4.484355989439035 2.629624116033829 1.2882269277982 0.054942348763650894 -0.13485534294491286 0.3184167815573953 1.345886986038776 2.1987753475139677 2.2452237277633205 0.7164313502458182 0.33283179611753955 -2.337950068220266 -3.949228362387482 -6.495080100537372 -7.0949048730678115 -7.307125920758821 -7.1621749410151505 -6.813812089145003
5.2043058833040075 5.4910045062224295 5.865794884786176 6.159701014984668 6.260606116905677 6.171713527118122 6.247792770629994 6.5024580278592055 6.87164256742734 7.29768633109382 7.908722781615483 8.480518359167865 8.900956283838735 9.405481793443776 9.994895722125223 10.390507788386955 11.018361755895453 11.47163388039776 12.089877838199497 12.571179157679863 12.995621253061882 13.1285597206721 13.140572232805553 12.340538924717556 9.447125168839749 6.511267203423738 4.528401867261696 3.667505164364203 2.3213029712751916 1.542091350885182 1.4259704002617988 1.8456074907904374 1.8319933103725234 2.296477112866055 2.10347608458857 2.398983883071524 2.31409546399512 0.6123229117558884 -2.333945897509115 -4.8886068112235375 -6.515901788235357 -6.4534367251414 -6.3076849112555 -5.997762098212402
4.779062953779757 5.366074380034513 5.756080607300634 6.0347708887967535 6.033169220512292 6.015550869383228 5.9402724600135866 6.336685360417549 6.878049240565181 7.516314051922672 8.084105458763903 8.618261831631465 9.037098088017872 9.541623597622916 9.97967987342285 10.381698612822422 10.959900863512646 11.494858070522438 11.917698497619998 12.557564977261949 12.80742522963778 12.759375181103966 13.098928857409582 12.67048259131641 10.319233549728466 7.264852131262382 5.370879384887894 4.449920121323133 3.711551042186865 2.794595949333256 2.4734614582989347 2.1467211282690024 2.331713815124185 2.1114844260108723 1.0928233970940244 1.0223499925777646 1.8151757933856891 1.9296950757246116 -0.3278563712223974 -3.4423003503557483 -5.941703708256286 -6.003367937208013 -5.449190710784697 -5.199330458408866
3.9061537387488108 4.8799680557007665 5.544660393751855 5.897027416333154 5.802528987549987 5.664785515086388 5.816143167967901 6.234979424354309 6.790758319062087 7.310499677369505 7.89430776705534 8.60624931949801 9.033894751448951 9.532013587916152 10.028530756098894 10.51223457800595 11.023967594891065 11.514878924078193 11.847225093103738 12.338136422290866 12.94997370695476 12.756972678677275 12.778595200517492 12.719333473992455 12.0978861796218 10.013314907396518 8.017636224958794 6.795563323915468 6.041978396076825 4.903192245825442 3.12774295250103 2.7577575787906654 3.0500620407046983 2.300481283577206 1.137670109058917 0.08056904131501819 0.44975358088315254 2.1603353086869164 1.8736366857684952 -1.0389970895228386 -4.589895676171663 -5.3466839405792275 -4.89581431850361 -4.300794550826551
3.6426793059550655 4.790274631770981 5.2619659415445845 5.663183846801928 5.21071255644185 4.733415407672634 4.917607260385587 5.35085853133214 5.903434089470997 6.427980452631795 7.374566408747922 8.171396380266998 8.929786312959022 9.45433267611982 9.990090717271842 10.5426662754107 10.860597429876098 11.355512929774378 11.831208410259134 12.357356441704392 13.060488818582531 12.95477871180814 12.769786024952959 12.678490932738713 13.144576403516705 12.388588973251371 11.795170873858773 10.737268971972643 9.519200241640469 6.990966854619643 4.925615601807889 3.524155852904992 3.7043435349067937 2.8466501685782206 1.6229755992504349 0.5915012240579025 0.10379323143969454 0.9783041147551019 1.445190419675324 1.2217576939930908 -2.0680689622886796 -3.822696567915106 -4.300794550826551 -3.704973949007263
4.9752673186261624 5.471784486808904 5.398107745723722 4.762245436792922 3.65709432051521 2.8394426612981483 2.7977992859021765 3.1157304403675767 3.666704330221973 4.332197502415291 5.536652052329552 6.779546641070864 8.142566351146709 8.699946914138946 9.62971535326824 10.364080261693358 10.706036440425665 11.25380699371114 11.829606741974672 12.396597314673674 12.698511786294468 13.02445128218217 13.035662960173394 12.88670780971857 12.731345986125907 12.80982773206447 12.4926974117413 11.723896635200283 10.573097972815447 8.729577777401465 6.993369357046335 5.389298570159189 4.347413351117666 3.3559806830366443 2.0442143580635332 0.8806023494030146 0.373674337371281 0.16385579210696166 1.116848421360931 1.7815407594120196 0.5426503413818589 -1.8790721047223462 -2.852886421674302 -2.959397362590922
4.198458200662843 4.178437347107087 3.7235635543203185 2.925932748659013 2.041011021494613 2.045816026347994 2.386971370938071 2.8610651831383644 3.366391526885638 3.401628229143768 3.7091485397601747 4.036689703932337 4.547621886675222 5.14023915192559 6.69545905613669 8.380414091389087 9.789081347572056 10.452972851480913 11.42999050500179 12.410211495091586 12.931554521683465 13.098928857409582 13.176609769205914 13.132563891383251 12.95077454109699 12.655266742614035 11.924105170757839 10.881419117574085 9.821114713261265 9.566449456032052 8.380414091389087 6.651413178314028 4.737419578383786 3.667505164364203 2.4550422730276398 1.3298703031941717 0.5202269853994124 0.07256069989271596 0.36326349352228826 0.9318557345057488 1.4756221170800727 -0.09961864068678272 -1.376148263401764 -2.1193223473914142
1.735092379162666 1.5837347262811536 1.3987420394259709 1.0047316414486995 1.2810194205181276 2.264443747176846 2.557549043233109 2.813015134604551 3.3271506539163567 3.6338701303905334 3.8677136999217594 4.098353932884065 4.15040815212903 4.79187630005544 6.154896010131287 7.605206641710227 8.81366536233564 9.516797739213779 10.501823734156957 11.47163388039776 12.218812135098563 12.427029012078421 12.572780825964323 12.715329303281303 12.736951825121519 12.395796480531443 11.9601427071582 11.170520242919196 10.103809165468535 8.524564236990527 7.229615429004252 5.823350675247973 4.543617715964071 3.8933403924731267 3.0500620407046983 1.968935948693892 0.4929986245635849 -0.09401280169117143 -0.2285529375858495 -0.05397109457965987 0.8413614764337334 0.4041060347760297 -0.323051366369016 -1.103864655043487
1.0896200605251036 0.7700872377752432 0.6835971504143785 0.9438682466392025 1.3755178493012945 2.112285260153103 2.48947814114354 2.7881892761954137 4.138395639995576 5.610328793414732 6.061198415490351 6.69625989027892 6.83400336274252 7.008585205748709 7.244831277706625 8.32595736971743 8.623066836484846 9.125990677805428 9.970870697858317 10.605131338504656 11.243396149862146 11.734307479049276 12.127517042884318 12.298895549321585 12.143533725728922 11.903283483059854 11.50366724608697 10.930270000250127 9.906003132337668 7.939154479020232 6.137277659002223 4.710191217547958 4.236898239489895 3.737978568880463 2.947555270499229 1.96012677312936 0.5818912143511401 -0.02754356788606227 -0.1764987183408846 0.09738655830185294 0.4065085372027202 0.6940079942633717 0.012498139225448845 -0.8852369342146351
1.667822311215327 1.272210244953595 0.9951216317419367 1.2057410111484863 1.5981497408412975 2.012981826516555 2.5631548822287207 3.928577094731257 5.334841848487535 6.749114943666115 7.58278328572778 8.175400550978148 8.466904178749951 8.302733179592755 8.517356729710455 8.7463952943883 8.969027185928303 9.291763345247084 9.753043811171695 10.381698612822422 10.943884180668041 11.29224703253819 11.667838245244166 11.75112499603611 11.6422115526928 11.548513958051863 11.315471222662866 10.738069806114874 10.105410833752995 8.39242660352254 6.5553130812464 5.027321537871128 4.300964970868312 3.7780202759919743 3.064477055264842 2.077048557894973 0.5818912143511401 0.011697305083218534 -0.1468678550783662 -0.10202114311347366 0.07816653888832725 0.31361177670401386 -0.08600446026886921 -0.9549095045886649
2.5719640577932528 2.1899661719494348 1.9064708855999348 1.630983940672737 1.9889568022496484 2.610404096620304 3.749190246871686 5.116214127658683 6.186128541678265 6.986962683908493 7.821431860112389 8.306737350303905 8.723171104263624 8.655100202174054 8.788038669784273 9.016276400319887 9.322195042651833 9.62491034841486 10.082987477770548 10.420138651649474 10.907045810125451 11.11446185296308 11.277832017978046 11.36191960291222 11.285039525258119 11.172922745345886 10.942282512383581 10.603529670220196 10.008509902543137 8.807258689197797 7.343333877200942 5.806533158261139 4.332998336557521 3.5425750381762877 2.8242268125957746 1.6838389940599314 0.11260240700422708 -0.3783089221829017 -0.27660298611966283 -0.22775210344361918 0.16065245553804086 0.32962845954861875 -0.07719528470433668 -1.093453811194494
3.370395697596789 2.9859953093262797 2.5903832430645486 2.31409546399512 2.5503415359530366 3.608243437839166 4.7510337588017 5.539054554756243 6.319867843430714 6.893265089267556 7.454649822970945 7.942357815589153 8.486124198163477 8.763212811375135 8.898553781412042 9.13159651680104 9.468747690679965 9.846741405812631 10.098203326472923 10.437757002778538 10.707638108710125 10.747679815821636 10.912651649121063 10.985527556064014 10.928668331965667 10.79252652778653 10.741273142683795 10.40252030052041 9.461540183399892 9.077940629271614 7.609210812421379 5.745669763451641 3.8933403924731267 2.9275344169434736 2.148322796553463 1.0047316414486995 -0.4143464585832617 -0.9845403678511833 -0.8836352659301747 0.009294802656528045 0.6363479360227955 0.7636805646374012 0.04853567562580885 -0.9709261874332693
3.6074426036969363 3.2422622348399526 2.890696046400883 3.3952215560059256 3.5706042331543455 4.569244408515438 5.036130713435661 5.8017281534077565 6.092430947037329 6.62178231505151 7.200785399883962 7.692497563213323 8.182608058258221 8.579020958662182 8.926582976390101 9.181248233619312 9.394270115452553 9.735425460042629 9.964464024720474 10.114220009317528 10.309623540021702 10.340856071568682 10.420939485791704 10.468989534325518 10.550674616833001 10.58270798252221 10.541865441268468 10.181490077264867 9.033093917306722 8.628672675480457 6.963738493783817 5.165865844476956 2.6808775011365635 1.731088208451515 1.0039308073064692 0.7508672183617175 -0.42235480000556436 -1.1775413961286678 -0.948502831450823 0.03492149520789534 1.3426836494698553 1.3659078395945317 0.6523646188673999 -0.4696040143971474
3.1213362793631885 3.05726954798477 3.7724144369963626 4.5932694327823445 5.270775117109116 5.498212013502501 5.772097290145238 5.893824079764233 6.148489336993444 6.4976530230058245 6.717081577976906 7.164747863483603 7.685290055933249 8.00562371282534 8.38922326695362 8.784835333215351 9.017878068604347 9.299771686669386 9.535216924485074 9.70179042606896 9.781073006149754 9.926023985893424 10.01251407325429 10.15506255057127 10.249560979354435 10.216726779522997 9.934833161457956 9.48636604180903 8.940197156808015 7.525123227487205 5.667188017513078 3.58582008185672 1.0623916996892757 0.5210278195416427 0.31361177670401386 0.17827080666710593 -0.1476686892205965 -0.7715184860179429 -0.693837574221611 0.27757424030365385 2.1291027771399373 2.238817054625479 1.6614156380774854 0.5114178098348798
