static/data/seaWind_uo/2023/7/4/6.asc
ncols 137
nrows 93
xllcorner 108.0
yllcorner 17.0
cellsize 0.25
NODATA_value -32767
[rows 0 to 18 of 93, columns 0 to 43 of 137]
8.490128368874627 8.432468310634052 8.583025129373334 8.962620512790462 9.164430716632479 8.977836361492836 8.756806138237293 8.63748185104499 8.515755061425995 8.257085633485632 8.057677932070305 8.025644566381096 7.730136767898143 7.075054439553817 6.913285942823311 7.253640453271158 7.585185788154472 7.58038078330109 7.533932403051738 7.252038784986697 6.685849046429928 6.162904351553589 5.994729181685242 5.81133816311452 5.617536300694805 5.264368443971275 5.326833507065233 4.693373700561123 3.9798304798339914 2.9964061531752733 2.700898354692319 1.6173697602548232 0.521828653683873 -0.34147055164031137 -0.30783551766664186 0.0036889636609163112 0.564272863222075 1.132865104205536 1.2738119132380556 0.9879141244618648 0.18547831394717784 0.12221241671098992 0.175868304240415 0.06615402675487392
7.603604973425767 7.569969939452097 7.727734265471453 8.03845791265678 8.508547554145922 8.124948000017644 7.972789512993902 7.951967825295915 8.118541326879802 7.819029357685698 7.348939716196554 6.753919948519496 6.327876184853016 6.148489336993444 6.31025783372395 7.159142024487991 7.417811452428355 7.4722681741000105 7.390583091592527 6.69545905613669 5.95308580628927 5.359667706896671 5.690412207637756 5.4333444479818525 4.716597890685799 3.5714050672965754 4.0446980453546395 4.230491566352052 3.816460314819025 2.511901497125986 1.3851278590080573 0.4697744344389081 -0.6345758476965742 -0.45679066812146374 -0.10842781625131526 0.3672676642334394 0.9983249683108579 1.564514706867628 1.884047529617488 1.6790339892065504 1.1640976357525146 0.7164313502458182 0.39850019578041795 0.02050648064775107
7.19277705846166 7.220005419297488 7.413006447574974 7.5587582614608735 7.623625826981522 7.487484022802384 7.4954923642246865 7.549949085896342 7.515513217780441 7.380973081885763 6.944518474370291 6.152493507704596 5.489402837937968 5.321227668069621 5.584702100863366 6.362312052968916 6.7138782414079845 6.859630055293886 6.834804196884749 6.123663478584309 5.503817852498113 5.139438317783359 5.880209899346319 5.664785515086388 4.905594748252133 3.6610984912263613 3.936585436153559 3.5986334281324033 2.4326189170451937 0.39769936163818764 -0.2605863032750584 -0.3566864003426855 -0.30303051281326043 -0.07559361641987605 0.18467747980494753 0.4625669271588362 1.0928233970940244 1.57332388243216 1.9112758904533158 2.130704445424398 1.8223833006657606 1.355496995745539 0.7965147644688408 0.42492772247401556
7.033411064157846 7.127909492941013 7.286474653102598 7.36655806732562 7.230416263146481 7.284872984818136 7.411404779290512 7.505903208073679 6.989365186335183 6.974950171775038 6.65701901730964 5.876205728635169 5.068964913267099 5.015309025737674 5.444556125973076 6.1973402196694884 6.490445515725751 6.490445515725751 5.784910636420923 4.844731353442636 4.374641711953492 4.457928462745436 5.026520703728897 4.8759638849896145 4.43710677504745 3.739580237164923 3.483313311651251 2.2139911962163414 0.4681727661544479 -0.909261958481542 -0.9669220167221182 -0.7923401737159288 -0.390321434316355 -0.05397109457965987 0.22552002105868896 0.5274344926794847 1.1024334068007873 1.5765272190010813 1.9905584705341082 2.3797638636579985 2.2980787811505157 1.905670051457704 1.2257618647042423 0.9775032806128721
6.870040899142879 7.126307824656552 7.289677989671517 7.3241138577874185 7.199183731599502 7.175158707332596 7.238424604568783 7.2664537995468415 6.685849046429928 6.588147281077839 6.263008619332368 5.539855388898474 4.985678162475155 4.903993079967673 5.217920063721921 5.631951315254948 5.9490816355781195 5.611129627556963 4.61008694976918 3.720360217751398 3.824468656241327 4.244105746769966 4.3634300339622705 3.5401725357495972 2.934741924223546 2.947555270499229 2.3124937957106595 1.0303583340000668 -0.6353766818388045 -1.026183743247155 -1.0582171089363641 -0.6738167206658554 -0.3494788930626136 0.017303144078830268 0.33603513268646035 0.6355471018805652 1.002329139022009 1.4980454730625188 1.9617284414138205 2.8570610124272133 2.8642685197072857 2.458245609596561 1.7030590134734571 1.416360390555036
6.437590462338557 6.859630055293886 7.1086894735274875 7.142324507501156 7.083062780976119 6.921294284245613 6.955730152361513 6.851621713871584 6.572130598233235 6.371121228533449 5.788914807132073 4.996889840466379 4.743826251521627 4.9608523040660195 5.2755801219624985 5.450962799110917 5.675997193077611 5.337244350914226 3.8356803342325505 2.942750265645848 3.074887899113835 4.181640683676008 4.347413351117666 3.353578180609954 1.9216867343023094 1.496443804778059 0.9422665783547419 0.1502416116890477 -1.2512181372138487 -1.2400064592226254 -0.9316853144639883 -0.5552932676157818 -0.19651957189664016 0.036523163492355515 0.35525515209998604 0.5490570145197005 0.8333531350114312 1.3378786446164739 2.0650360457615196 3.02123201158441 2.9371444266502365 2.4830714680056976 1.8103707885323073 1.7054615159001476
5.8193465045368225 6.1877302099627265 6.468822993885535 6.828397523746908 6.8620325577205765 6.7178824121191365 6.496852188863594 6.381532072382441 6.326274516568555 5.8818115676307805 5.298003477944944 4.554028559813064 5.020114030591056 5.237940917277678 5.5046186866403435 5.555872071743078 5.762487280438476 5.229131741713145 3.7059452031912534 2.8162184711734723 2.872276861129588 3.9085562411755013 4.29696080015716 3.708347705617945 2.2716512544569176 1.1120434165075501 0.292790089006028 -0.5008365459441264 -1.2728406590540648 -1.0526112699407524 -0.7442901251821152 -0.4127447902988015 -0.06037776771750192 0.11340324114645739 0.2343291966232215 0.43133439561185716 0.7140288478191272 1.1737076454592774 1.9032675490310136 2.7649650860707378 2.5919849113490083 2.13550945027778 1.8584208370661215 1.9385042512891437
5.715238066046892 5.746470597593872 5.9723058257027954 6.205348561091791 6.383934574809132 6.334282857990857 6.259004448621216 6.015550869383228 5.969102489133874 5.5630795790231495 4.912802255532204 4.318583321997377 4.845532187584865 5.358066038612211 5.547062896178545 5.540656223040703 5.7336572513181885 5.263567609829044 3.967817967700538 3.1125271037986555 3.478508306797869 3.882929548624134 4.320985824424067 3.7499910810139165 2.8242268125957746 1.5164646583338146 0.5242311561105635 -0.390321434316355 -1.1471096987239193 -0.8820335976457143 -0.5520899310468608 -0.34147055164031137 -0.07158944570872494 -0.037153577592825116 0.07896737303055756 0.3264251229796975 0.6419537750184068 1.101632572658557 1.6461997893751108 2.355738839391092 2.161936976971377 2.1419161234156214 1.9657326121249716 2.041011021494613
6.1701118588336605 5.74486892930941 5.631951315254948 5.756080607300634 5.809736494830059 5.880209899346319 5.832159850812506 5.6623830126596975 5.56147791073869 5.206708385730698 4.658937832445224 4.2697324393213325 4.492364330861337 4.980072323479543 5.117815795943143 5.03532987929343 5.300405980371634 4.667747008009757 4.266529102752413 3.846892012223774 4.453924292034285 4.477148482158961 4.396264233793708 3.8573028560727667 3.025236182295561 1.6413947845217298 0.5306378292484055 -0.3310597077913182 -0.8916436073524769 -0.6826258962303877 -0.42395646829002454 -0.24697212285714443 -0.14126201608275446 -0.11323282110469668 0.006091466087607245 0.256752552605668 0.6491612822984791 1.1424751139122984 1.6790339892065504 2.0426126897790735 1.9345000805779926 2.143517791700082 2.3517346686799407 2.422208073196201
6.180522702682655 5.768893953576319 5.615934632410344 5.559876242454228 5.570287086303221 5.694416378348906 5.525440374338329 5.298003477944944 5.253957600122282 5.116214127658683 4.554829393955293 4.1207772888665115 4.203263205516224 4.628506135040475 4.804689646331125 4.726207900392563 4.361027531535578 4.039092206359028 3.8484936805082337 4.178437347107087 5.103400781383 4.944034787079184 4.666145339725295 4.092748093888453 2.9283352510857035 0.6051154044758165 -0.33826721507139057 -0.390321434316355 -0.5536915993313214 -0.4776123558194496 -0.2902171665375768 -0.1212411625269989 -0.04916608972627845 -0.005120211903616223 0.10379323143969454 0.35925932281113715 0.7628797304951713 1.278616918091437 1.7815407594120196 2.1226961040020957 2.2500287326167014 2.8370401588714578 3.0628753869803815 3.275096434671392
5.641561324961712 5.443755291830845 5.374883555599046 5.273177619535808 5.020114030591056 5.057753235275877 4.8847730605541475 4.747830422232779 4.903993079967673 4.71739872482803 4.124781459577662 3.7051443690490236 4.1151714498709 5.03693154757789 5.151450829916813 4.618095291191482 3.555388384451971 3.37439986830794 3.6795176764976563 4.263325766183492 4.8847730605541475 4.473945145590042 4.248109917481116 3.6210567841148493 2.2820620983059112 -0.3190471956578649 -1.0173745676826225 -0.8508010660987353 -0.566504945607005 -0.435168146281248 -0.22134543030577714 -0.007522714330306712 0.04373067077242787 0.12861908984883152 0.30400176699725145 0.5947045606268238 1.0223499925777646 1.5140621559071232 2.045015192205764 2.547939033526346 2.903509392676567 3.397624058432617 3.9622121287049263 4.460330965172128
5.244347590415519 5.317223497358469 5.306812653509477 5.124222469080985 4.648526988596231 4.622099461902632 4.569244408515438 4.5027751747103295 4.420289258060615 3.860506192641687 3.4977283262113947 3.545778374745208 4.389857560655868 4.946437289505875 4.848735524153787 4.337803341410902 3.7283685591737004 4.266529102752413 4.389056726513637 4.381849219233565 4.315379985428455 4.272134941748025 3.8757220413440616 2.7889901103376444 0.7324480330904226 -1.175138893701977 -1.4450199996335635 -1.0341920846694572 -0.7731201543024033 -0.43196480971232676 -0.08280112369994796 0.22952419176984007 0.38889018607365555 0.5362436682440168 0.6827963162721487 0.9070298760966118 1.263401069389063 1.8263874713769117 2.427013078049582 2.9996094897441936 3.442470770397509 4.019872186945502 4.8759638849896145 5.95148413800481
4.992885669755228 5.141840820210049 5.169069181045877 5.036130713435661 4.60848528148472 4.528401867261696 4.420289258060615 4.2601224296145705 3.6370734669594547 2.969978626481675 2.911517734098869 3.5930275891367915 4.694975368845583 4.720602061396951 4.180839849533777 3.666704330221973 4.094349762172914 4.4987710039991775 4.311375814717305 3.802045300258881 3.7467877444449953 3.842887841512623 3.1485646401990164 1.771129915563026 -0.7058500863550643 -1.6532368766134224 -1.6580418814668039 -0.998154548269097 -0.7418876227554245 -0.30463218109772106 0.10219156315523437 0.42252522004732507 0.6715846382809252 0.7909089254732291 0.9767024464706417 1.2489860548289187 1.5941455701301463 2.2171945327852627 2.8562601782849835 3.442470770397509 3.968618801842768 4.795880470766592 5.605523788561351 6.456810481752083
4.611688618053639 4.634111974036086 4.692572866418892 4.591667764497885 4.2264873956409 3.9606104604204657 3.936585436153559 3.8532986853616156 3.2694905956757805 2.5335240189662023 2.5054948239881445 3.1613779864746996 4.658937832445224 4.319384156139607 3.838082836659241 3.711551042186865 4.340205843837593 4.1343914692844255 3.478508306797869 2.975584465477287 3.4801099750823297 3.518550013909381 2.7209192082480746 0.9246482272256769 -1.57395429653263 -2.2947050245398337 -1.7813703393702587 -1.0566154406519037 -0.6169574965675093 0.026112319643362802 0.44655024431423174 0.7989172668955313 1.0319600022845274 1.094425065378485 1.2353718744110047 1.496443804778059 1.6974531744778454 2.296477112866055 2.9059118951032574 3.4664957946644157 4.04309637707018 4.996089006324148 5.893824079764233 6.750716611950576
4.223284059071981 4.091146425603993 4.1295864644310445 4.009461343096509 3.65709432051521 3.4352632631174376 3.6731110033598147 3.6370734669594547 2.876281031840739 1.7471048912961193 1.7471048912961193 2.7969984517599467 4.606082779058028 4.2024623713739935 3.608243437839166 3.465694960522186 4.319384156139607 3.7059452031912534 3.059672050411461 2.73693589109268 3.1581746499057783 3.4040307315704585 2.6992966864078594 0.9238473930834465 -1.5819626379549323 -2.0216205820393265 -1.5451242674123418 -0.8379877198230519 -0.3855164294629736 0.3560559862422159 0.9366607393591302 1.2962352692205021 1.4315762392574105 1.4548004293820869 1.590942233561225 1.7463040571538895 1.9200850660178488 2.4166022342005893 2.823425978453544 3.365590692743407 3.9485979482870124 4.792677134197671 5.687208871068835 6.380731238240211
3.744385242018305 3.7772194418497436 3.815659480676795 3.69313185691557 3.2782997712403126 3.150166308483476 3.3912173852947745 3.573006735581036 2.8018034566133276 1.5428921850274118 1.5877388969923047 2.6448399647362035 4.204064039658455 3.3455698391876516 2.7705709250663495 3.6795176764976563 4.769452944072995 4.186445688529389 3.083697074678368 2.7489484032261333 2.584777404068937 3.4977283262113947 2.7889901103376444 1.0647942021159666 -1.354525741561548 -1.5579376136880254 -1.0918521429100336 -0.3871180977474342 -0.031547738597213826 0.6835971504143785 1.268206074242444 1.7951549398299336 1.99536347538749 2.028197675218929 2.1539286355490748 2.310892127426199 2.5647565505131813 2.8650693538495156 3.276698102955852 4.033486367363416 4.730212071103713 5.300405980371634 5.70803055876682 6.3991504235115055
3.223042215426427 3.8492945146504645 3.887734553477515 3.58662091599895 3.073286230829375 2.942750265645848 3.424051585126214 3.6066417695547055 2.890696046400883 1.2946336009360415 1.339480312900934 2.382166366084689 3.572205901438806 2.4190047366272798 2.8594635148539047 3.7716136028541327 5.312418492505088 4.868756377709543 3.7628044272895997 2.700898354692319 2.296477112866055 3.325548985631896 2.229207044918716 0.5002061318436568 -1.2400064592226254 -0.7619084763111803 -0.2950221713909582 0.16625829453365215 0.4745794392922895 1.090420894667334 1.569319711721009 2.097870245592959 2.5199098385482883 2.718516705821384 2.84504850029376 3.1477638060567856 3.501732496922546 3.8797262120552127 4.674153681147597 5.432543613839622 6.203746892807331 6.066804254485962 6.474428832881147 6.753119114377267
2.73693589109268 3.58582008185672 3.9582079579937752 3.6659034960797423 2.8386418271559184 2.611204930762534 3.12774295250103 3.6066417695547055 2.885090207405271 1.0527816899825133 1.136869274916687 2.2548337374700833 3.217436376430815 2.0842560651750452 2.6624583158652686 3.55058337959859 5.065761576698179 4.663742837298605 4.0495030502080205 2.992401982464122 2.7297283838126076 2.7337325545237587 1.5541038630186352 -0.015531055752608935 -1.2432097957915464 -0.4952307069485147 0.19108415294278958 0.6403521067339466 1.0615908655470458 1.5164646583338146 1.977745124258425 2.295676278723825 2.7673675884974283 3.1077220989452745 3.487317482362402 3.793236124694348 4.443513448185293 5.469381984382213 6.280626970461432 6.398349589369277 6.988564352192952 6.6321931589005025 6.805974167764461 7.043021073864608
2.2716512544569176 3.158975484048009 3.609044271981396 3.460089121526574 2.5335240189662023 2.3036846201461274 3.100514591665202 3.685924349635498 3.114128772083116 1.1681018064636657 1.2353718744110047 2.0930652407395773 3.401628229143768 2.983592806899589 3.4544832825309624 4.15441232284018 4.18324235196047 3.662700159510822 3.3768023707346306 3.3912173852947745 3.433661594832977 2.439826424325265 0.6659787992853139 -1.0341920846694572 -1.1006613184745662 -0.2902171665375768 0.41772021519394364 0.9951216317419367 1.5741247165743908 2.0570277043392173 2.3429254931154078 2.589582408922318 2.911517734098869 3.5441767064607483 3.9670171335583073 4.445115116469752 5.246750092842209 6.543300569112947 6.805974167764461 6.734699929105972 6.362312052968916 6.27261862903913 6.509665535139277 6.872443401569569
