static/data/ASCData/20210126/ASCV/03.asc
ncols 97
nrows 97
xllcorner 99.0
yllcorner 2.0
cellsize 0.25
NODATA_value -32767
[rows 19 to 37 of 97, columns 0 to 42 of 97]
0.511556192776176 0.7409453638331245 0.8837140238021477 0.8904856598481095 0.7333272732814176 0.3563728667228898 0.07111769828675873 0.31912886847010125 0.5829405227606879 0.5310246464083157 0.6345742476111447 0.7245805767220506 0.5885835527989891 0.33775086759649575 0.12105851412572521 0.08296806136719148 0.27821690069241667 0.5868906437874988 1.0154787751964833 1.451120694153345 1.6785348046968878 1.4277021194943949 1.2781618234794099 1.4813109048582564 1.8055029805586678 1.8963557641753184 1.613075656252593 0.5631899176266333 -0.35859903912988633 -0.34477361553604835 0.0028370348233126563 0.2234795093208941 0.2009073891676887 -0.549897757428301 -1.7981360019005515 -3.0195698536908706 -4.242414462990766 -5.233612689218392 -5.622135307355437 -5.350705562513143 -4.0714306528302355 -2.800902439706695 -1.9454190859002156
0.4822124365770093 0.8484450860627644 1.038897349855434 0.9421193846985663 0.6032554308985727 0.22065799430174327 0.0722463042944188 0.4060315310599414 0.7409453638331245 0.6483996712049831 0.6179273089981558 0.5564182815806715 0.4607689224314644 0.23899784192622286 -0.014938509797336241 -0.1309027770844282 0.12472648365062122 0.5087346777570256 0.8171262693501924 0.9745668074187988 1.1599403441769969 1.2829583990119655 1.1952092819163802 1.3142772157245384 1.6198472922985543 1.915824217807458 1.7956276779916402 1.2488180672802427 1.040025955863094 1.0417188648745848 1.10717801331888 0.9979853820777493 -0.571341271573846 -2.3009299783131985 -3.57427970645589 -4.1114961661021745 -5.000273397134632 -5.398671317838705 -5.575298158037535 -5.025667032306988 -3.9766277481867736 -2.956085765759981 -2.3057265538457545
0.4060315310599414 0.742073969840785 0.8241800568980691 0.42380707568059073 0.1171083930989143 -0.02650672137585408 -0.0002666316977530947 0.3385973221022409 0.6413458836571064 0.4968843146765929 0.33662226158883524 0.4548437408912478 0.4051850765541962 0.17946387502214378 0.017508912922896247 0.008762216363529252 0.21868293378833803 0.57024370517451 0.8095081787984855 0.6639180038103114 0.7810108771050639 0.9412729301928211 1.0075785331428615 1.155990223150186 1.5019079644980566 1.8788623710565844 1.8015528595318564 1.310327094697727 1.0857344991733346 0.9852885644915714 0.7663389990054803 0.05447075967376991 -1.4279532313879852 -3.1163478188477383 -4.295176793848883 -4.769755620070024 -4.99237315508101 -5.097897816797245 -5.001119851640377 -4.536416327986264 -3.7746072728155866 -3.0841825476294207 -2.582235025722519
0.4480721048452865 0.5691150991668494 0.4373503477725138 0.08663603089208705 -0.14867832170507755 -0.25504943792705737 -0.06262211362098258 0.25282326552006085 0.45399728638550263 0.325900504516063 0.322232534991167 0.5437214639944936 0.44920071085294655 0.16084187589574972 0.061242395719731224 0.308407111397329 0.47261928551189714 0.5730652201936604 0.7790358165916582 0.7499742118944068 0.8710172062159698 0.9833135039781657 0.7889111191586857 0.971463140897733 1.129750133472085 1.4821573593640025 1.3348742753643377 0.7790358165916582 0.6103092184464489 0.4305787117265525 -0.005063207230309175 -0.7451465967535262 -2.160418530359496 -2.6262506600212694 -3.4650870752147593 -3.8849285100643773 -3.9726776271599626 -4.013871746439563 -4.003996443872535 -3.6194239467623004 -3.1211443943802943 -2.5596629055693136 -2.019624930903878
0.5809654622472822 0.44920071085294655 0.24294796295303378 -0.05585047757502082 -0.29116483017218586 -0.25504943792705737 -0.06262211362098258 0.1932892986159822 0.4051850765541962 0.33662226158883524 0.4432755293127304 0.606359097419638 0.30756065689158385 0.019483973436301483 0.2107826917347162 0.4587938619180587 0.5389248884619375 0.5361033734427867 0.6337277931053995 0.7575923024461133 0.9257545975874928 1.038897349855434 0.8444949650359534 0.7575923024461133 0.9167257495262104 0.8972572958940708 0.6667395188294623 0.08296806136719148 -0.10748420242547807 -0.3673457356892533 -0.8752184391363718 -1.6164304346672491 -1.4406500489741634 -1.9073286331416819 -1.7882606993335242 -2.0001564772717386 -2.0644870197083733 -2.324348552972149 -2.392629216435595 -2.344945612611949 -1.8469482117318579 -1.8195795160460966 -1.2784129353730005
0.6103092184464489 0.4159068336269689 0.13657684673105397 -0.14952477621082272 -0.2522279229079065 -0.21611253066277802 0.014405246401830496 0.23899784192622286 0.3885381379412074 0.3758413203550295 0.4548437408912478 0.40800659157334707 0.11118321155869815 -0.003934601222648659 0.1873641170757656 0.3933347134737635 0.45399728638550263 0.33775086759649575 0.3670946237956625 0.4920877391440368 0.8075331182850802 0.953969747778999 1.0290220472884064 0.9432479907062268 0.5448500700021537 0.40800659157334707 -0.03440696342947591 -0.5558229389685172 -0.9014585288144727 -1.3049351765530166 -1.7521453070883959 -1.6446455848587558 -1.4699938051733301 -0.9553494656802504 -0.6582439341636861 -0.25504943792705737 -0.314583404831136 -0.7129813255352091 -1.0216550686302908 -1.0967073681396982 -1.2236755440014777 -1.1974354543233767 -0.9375739210596012
0.4413004687993247 0.262416416585173 0.03302724552822456 -0.1780220779042443 -0.2355809842949177 0.10130790899167064 0.4139317731135632 0.38656307742780216 0.3436760491367119 0.3797914413818404 0.5535967665615211 0.4559723468989083 0.15209517933638228 0.02315194296119749 0.04769912362780815 0.23025114536685587 0.18623551106810554 0.04572406311440291 0.09171475792655848 0.2107826917347162 0.6032554308985727 0.8095081787984855 0.9460695057253772 0.8964108413883256 0.44017186279166465 -0.3038616477583638 -0.8244311687916599 -1.2217004834880723 -1.8458196057241976 -2.1906087410644077 -2.089880654880729 -1.9445726313944705 -1.7092582787973059 -1.1709132131433604 -0.40628264295353267 0.21473281276152711 0.2821670217192276 -0.07334387069375481 -0.6379290260258013 -1.1280261848522706 -1.1065826707067254 -0.47964203345144973 -0.12892771657102298
0.18538905656236038 0.05052063864695899 0.04967418414121383 -0.12018102001165598 -0.10466268740632723 0.28019196120582235 0.6258275510517777 0.5945087343392053 0.583786977266433 0.7460240908675959 0.999960442591155 0.8134582998252964 0.601280370385167 0.5631899176266333 0.4960378601708477 0.2878100517575293 0.09453627294570888 -0.2051086220880909 -0.16814677533721722 -0.11453798997335474 0.1357303922253088 0.27624184017901143 0.3239254440026573 0.30163547535136725 0.0036834893290578208 -0.7550218993205537 -1.3117068125989784 -1.889835240022948 -2.708074595576638 -2.8341963169326725 -2.6262506600212694 -2.5703846626420863 -2.401658064496877 -2.0060816588119548 -1.2462476641546831 -0.45904497381165 -0.17491841138317854 -0.5566693934742624 -1.1672452436184646 -1.3038065705453563 -0.635953965512396 0.11400472657784855 0.22545456983429935
-0.14952477621082272 -0.00703826774371441 0.0632174562331369 -0.007884722249459575 0.058420880700580824 0.22263305481514895 0.32900417103712876 0.4147782276193088 0.696083275028629 1.1511936476176299 1.4841324198774073 1.3642180315635049 1.3309241543375272 1.3455960324371103 1.2011344634565968 0.8484450860627644 0.37866283537418033 -0.1506533822184828 -0.39471443137501483 -0.6545759646387901 -0.49628897206443856 -0.4054361884477875 -0.467791670371017 -0.5490513029225559 -0.65344735863113 -0.8752184391363718 -1.1700667586376152 -2.0295002334709054 -2.981479400932337 -3.072332184548988 -3.0607639729704705 -3.204379087445239 -3.294949719559975 -3.1084475767941164 -2.6191968724733927 -1.8878601795095422 -1.2109787264152998 -1.2013855753501876 -1.3653155979628406 -0.8879152567225497 -0.37524597774287516 -0.2629496799806792 -0.48161709396485497
-0.48161709396485497 0.0358487605473754 0.2810384157115675 0.3710447448224734 0.43650389326676864 0.3563728667228898 0.19526435912938744 0.08776463689974756 0.3211039289835069 0.8944357808749204 1.4559172696859006 1.4420918460920626 1.2586933698472702 1.0380508953496888 0.8044294517640145 0.6337277931053995 0.511556192776176 0.1659206029302207 -0.1328778375978339 -0.6201534814051524 -0.9434991025998176 -1.2022320298559328 -1.1446731234652594 -0.9395489815730067 -0.9533744051668449 -1.2403224826144665 -1.6153018286595888 -2.2755363431408426 -2.843789467997785 -2.9143273434765513 -3.2579878728091014 -3.7004014278119244 -4.130118165228569 -4.178930375059876 -3.948412597995267 -3.3654875950387413 -2.5616379660827193 -2.0136997493636617 -1.7727423667281956 -1.0625670364079753 -0.6994380534432856 -0.8780399541555224 -1.2081572113961492
-0.6562688736502809 -0.10550914191207239 0.13065166519083737 0.19526435912938744 0.24294796295303378 0.18143893553554946 0.03782382106078108 -0.005063207230309175 0.33775086759649575 0.945223051219632 1.2733652479468534 1.1413183450506028 0.9559448082924047 0.7214769102009848 0.5262280708757596 0.5214314953432035 0.4881376181172259 0.2322262058802611 -0.26859271001898044 -0.799883988125049 -1.2911097529591784 -1.5918832540006385 -1.6232020707132109 -1.4220280498477689 -1.2668447237944829 -1.4355713219396922 -1.5997834960542603 -1.9267970867738216 -2.3810610048570773 -2.853664770564812 -3.496123740425417 -4.378129335411912 -4.874151675778597 -5.068554060598078 -4.872176615265192 -4.410294606630229 -3.7063266093521405 -3.0734607905566484 -2.2687647070948813 -1.391837839142857 -0.9387025270672615 -1.1017860951741694 -1.366444203970501
-0.7141099315428692 -0.3741173717352151 -0.2355809842949177 -0.2979364662181472 -0.2677462555132353 -0.18874383497701697 -0.24912425638684077 0.1659206029302207 0.7059585775956565 1.0936347412269565 0.926601052093238 0.8837140238021477 1.036075834836283 0.8729922667293755 0.7448954848599354 0.6825400029367059 0.31912886847010125 -0.07644753721482056 -0.7578434143397041 -1.1728882736567658 -1.439521442966503 -1.3819625365758297 -1.529527772077409 -1.803779031938853 -1.7696387002071299 -1.4152564138018073 -1.29788138900514 -1.4034060507213746 -2.0354254150111215 -2.6457191136534086 -3.742442001597269 -4.664230958353789 -5.211040569065186 -5.35945225907251 -5.1145447554102335 -4.730536561303829 -4.2793763097416395 -3.7706571517887757 -2.981479400932337 -1.851744787264414 -1.3390755082847396 -1.1700667586376152 -1.3331503267445233
-0.7775940194737587 -0.6291823294664343 -0.6260786629453685 -0.6847661753437024 -0.6926664173973243 -0.6125353908534454 -0.378067492762026 -0.003934601222648659 0.6766148213964898 1.012657260177333 0.8114832393118911 0.9158792950204653 1.0408724103688392 0.9920602005375332 0.8611419036489427 0.4012349555273853 -0.01973508532989232 -0.5324043643095671 -1.0617205819022302 -1.267691178300228 -1.2834916624074717 -1.2434261491355323 -1.443471563993314 -1.7199800358700783 -2.045018566076234 -1.81252572849822 -1.3215821151660057 -1.1553948805380319 -1.7803604572799023 -2.4250766391558276 -3.569483130923334 -4.624165445081849 -5.168999995279841 -5.023691971793582 -4.788377619196417 -4.666206018867194 -4.459106816461536 -4.1123426206079206 -3.656385793513174 -2.6330222960672307 -1.989434720198966 -1.8204259705518417 -2.5314477553778074
-0.7677187169067317 -0.8165309267380381 -0.8213275022705941 -0.8898903172359551 -0.8986370137953221 -0.8955333472742564 -0.662194055190497 -0.38004255327543124 0.2734203251598606 0.6266740055575228 0.8114832393118911 0.9833135039781657 0.9198294160472762 0.8690421457025646 0.5135312532895817 0.05249569916036423 -0.31260834431773077 -0.7705402319258825 -0.966917677258768 -0.9573245261936558 -0.9824360098640965 -1.1438266689595142 -1.345000689824956 -1.6085301926136273 -1.9327222683140377 -2.096934442428606 -1.6982543702226183 -1.5461747106903978 -1.8703667863908082 -2.3799323988494168 -3.3742342915981083 -4.425812939235558 -4.483653997128147 -4.3369352161323125 -4.344835458185934 -4.266679492155461 -4.343989003680189 -4.252007614055878 -3.9972248078265733 -3.7190234269383184 -3.0774109115834594 -3.2452910552229235 -3.9582879005622944
-0.6661441762173079 -0.8156844722322929 -0.8986370137953221 -0.9717142527913241 -1.1652701831050591 -1.1621665165839934 -0.7705402319258825 -0.47879557894570457 -0.1280812620652778 0.06829618326760789 0.5516217060481154 0.9187008100396161 0.7575923024461133 0.3512941396884188 -0.005063207230309175 -0.17012183585062246 -0.47964203345144973 -0.6475221770909139 -0.6562688736502809 -0.6006850277730127 -0.6954879324164747 -0.9327773455270449 -1.2169039079555162 -1.4807155622461026 -1.593858314514044 -1.7902357598469296 -2.0481222325973 -2.310805280880226 -2.345792067117694 -2.1945588620912186 -3.1349698179741328 -3.588105130049728 -3.645664036440402 -3.7226913964632145 -3.818622907114337 -3.8643314504245776 -4.099645803021742 -4.215045767305004 -4.37022909335829 -4.255111280576943 -4.312670186967617 -4.48055033060708 -4.743233378890007
-0.5764199986083169 -0.7736438984469478 -0.8918653777493606 -1.0950144591282078 -1.3351253872579287 -1.306910237066422 -0.8625216215501936 -0.22485922722214546 -0.04795023552139899 -0.27451789155919704 0.09256121243230364 0.5535967665615211 0.3659660177880024 -0.05585047757502082 -0.30470810226410894 -0.3995110069075709 -0.5403046063631889 -0.627207268953029 -0.5098322441563616 -0.4316762781258885 -0.5685197565546951 -0.7795690799871644 -1.0256051896571017 -1.2442726036412775 -1.327225145204307 -1.5461747106903978 -2.061665504689223 -2.707228141070893 -2.594931843308697 -2.031475293984311 -2.1085026540071237 -2.5743347836688972 -2.6397939321131925 -2.761965532442416 -3.3194969002265857 -3.485401983352644 -3.9201974478037602 -4.268654552668867 -4.56350287217011 -4.824493011441546 -4.953154096314815 -4.997169730613566 -5.183671873379424
-0.4971354265701837 -0.6514722981177248 -0.8653431365693443 -1.0967073681396982 -1.3819625365758297 -1.341050568798145 -0.7970624731058984 -0.07136881018034957 0.21557926726727228 0.03415585153588507 -0.09196586982014932 -0.010988388770525326 -0.06854729516119873 -0.3117618898119856 -0.5656982415355447 -0.7522003843014029 -0.920080527940867 -0.9426526480940725 -0.8137094117188874 -0.6328502989913303 -0.6320038444855851 -0.8049627151595202 -1.100657489166509 -1.4101776867673361 -1.6494421603913119 -1.8799599374559204 -2.1164028960607455 -2.3917827619298495 -2.4425700322745616 -1.8703667863908082 -1.4982089553648368 -1.1613200620782482 -1.12520466983312 -1.3215821151660057 -2.037400475524527 -3.0889791231619768 -3.7226913964632145 -4.2012203437111655 -4.807846072828557 -5.092819089762774 -5.167024934766436 -5.104669452843206 -4.952307641809071
-0.3205085863713526 -0.6241036024319633 -0.9161304069140561 -1.0459200977949863 -1.262894602767672 -1.2403224826144665 -0.8125808057112271 -0.29398634519133626 0.046852669122062984 0.05249569916036423 -0.34477361553604835 -0.39471443137501483 -0.4423980351986607 -0.5879882101868348 -0.829227744324216 -1.0676457634424465 -1.16922030413187 -1.1407230024384485 -1.3311752662311178 -1.2834916624074717 -1.233550846568505 -1.2795415413806608 -1.538274468636776 -1.8469482117318579 -2.1116063205281894 -2.3517172486579105 -2.419997912121356 -2.0938307759075405 -2.1319212286660743 -1.809704213479069 -1.0704672784615972 -0.34279855502264267 0.12867660467743214 0.19018563209491646 -0.3820176137888369 -1.81365433450588 -3.3273971422802076 -4.331292186094011 -4.912242128537131 -5.193547175946452 -5.282424899049698 -5.07927581767085 -4.744361984897667
-0.2979364662181472 -0.5577979994819229 -1.0069831905307074 -1.1915102727831604 -1.2843381169132169 -1.1037611556875748 -0.6466757225851683 -0.2530743774136517 -0.22768074224129586 -0.6133818453591906 -0.49911048708358896 -0.42885476310673765 -0.7217280220945761 -0.9883611914043129 -1.2256506045148832 -1.3974808691811582 -1.3771659610432736 -1.332303872238778 -1.5918832540006385 -1.7687922457013847 -1.9465476919078761 -2.054893868643261 -2.2013304981371804 -2.312780341393631 -2.516775877278224 -2.8409679529786342 -2.8370178319518233 -2.3517172486579105 -1.959244509494054 -1.847794666237603 -1.8458196057241976 -1.2482227246680886 -0.1280812620652778 0.7479991513810011 0.9345012941468598 -0.31740491985028685 -1.9406225103676595 -3.4396934400424035 -4.5237195104000865 -5.0146631237323 -5.0558572430119 -4.853554616138798 -4.590871567855872
