static/data/ASCData/20210126/ASCV/09.asc
ncols 97
nrows 97
xllcorner 99.0
yllcorner 2.0
cellsize 0.25
NODATA_value -32767
[rows 76 to 94 of 97, columns 43 to 85 of 97]
-6.355965164163847 -6.163699107606464 -6.005379569406244 -5.979919680638371 -6.049275929350852 -6.180379724385415 -6.270220941072046 -6.20262054675735 -6.101073634085489 -5.86959349597759 -5.628456158681876 -5.586608295534683 -5.65011169625455 -5.63430900667449 -5.532762094002631 -5.322937493467404 -5.163740028068292 -5.324693347865189 -5.487987806859131 -5.645136775460827 -5.53656644519783 -5.480964389267993 -5.467502838884981 -5.488865734058023 -5.163740028068292 -4.781841696550202 -4.32590483792554 -3.7807120474135076 -2.409682405143583 -2.3804181651805107 -2.795385087856872 -3.2867316768368515 -3.7066735203069356 -3.978245667164244 -4.453789566564165 -4.8111059365132745 -4.990788369886537 -5.172519300057214 -5.480086462069101 -5.726198720158537 -5.871641992775006 -6.031717385373009 -6.20671754035218
-6.0952207860928755 -6.016207338192581 -5.944802592682685 -5.908807577528107 -5.9117340015244135 -5.784727200084681 -5.87369048957242 -5.92636612150595 -5.829794129627812 -5.770095080103145 -5.575780526748346 -5.573732029950932 -5.654793974648641 -5.601240415516219 -5.483890813264301 -5.283723411916888 -5.343422461441555 -5.506424278035865 -5.689911062604327 -5.84530417680824 -5.9723109782479735 -6.116876323665549 -6.0659565461298035 -5.805212168058832 -5.490914230855438 -5.1295008673114975 -4.6568833919078845 -2.9381945788766637 -1.3052499889372438 -1.6403255365144187 -2.4000252059557687 -3.09914789867356 -3.9361051616174203 -4.197727466887285 -4.168463226924212 -4.510269549692894 -4.739701191003379 -4.936942168354484 -5.0358552994296675 -5.258263523149015 -5.517252046822202 -5.818088433642583 -5.993673873421015
-5.326741844662603 -5.445847301312307 -5.480964389267993 -5.508472774833281 -5.417460988548127 -5.233096276780773 -5.10608947534104 -5.159643034473462 -5.300404028695839 -5.268213364736459 -5.292502683905809 -5.417460988548127 -5.553247061976782 -5.597143421921389 -5.507302205234758 -5.550320637980474 -5.610019687505141 -5.6969344801954644 -5.837402832018211 -6.022938113384088 -6.296558757038811 -6.554376711113475 -6.401032093706979 -6.065078618930912 -5.876616913568727 -5.51608147722368 -3.9390315856137272 -2.019004801636571 -0.9078416102387257 -1.5338037030488365 -2.1322574102936596 -2.876447032554582 -3.8345582489455605 -4.576699374409067 -4.548313061644888 -4.1959716124895 -4.42335475700257 -4.621766303952198 -4.547435134445995 -4.596306415184325 -5.0308803786359455 -5.34137396464414 -5.647185272258243
-4.379458397057961 -4.546557207247103 -4.654834895110469 -4.721264719826643 -4.5863565735968805 -4.420428333006263 -4.26913221239718 -4.489784581718744 -4.673271366287205 -4.772184497362389 -4.88251068202317 -5.128622940112606 -5.391123172581362 -5.559099909969396 -5.708640176180694 -5.762193735313115 -5.889200536752848 -5.9723109782479735 -5.991918019023231 -6.180379724385415 -6.451659228843093 -6.469217772820937 -6.2514918274956806 -5.907929650329214 -5.770973007302038 -4.629375006342597 -2.855084137381539 -1.4565461095463264 -0.8961359142534966 -1.791621657123501 -2.1050416671280026 -2.7397830319270353 -4.274107133190903 -5.073898811381661 -4.8102280093143825 -4.2749850603897945 -4.137150490163725 -4.282886405179823 -4.226991706850356 -3.9001101464628416 -4.299274379559145 -4.685269704672065 -4.993714793882844
-3.78568696820723 -3.7514478074504356 -3.7935883129972594 -3.7777856234172007 -3.6636550875612195 -3.6782872075427555 -3.8500682961259884 -4.159683954935291 -4.516122397685508 -4.618839879955891 -4.71160752063883 -4.934015744358177 -5.269969219134244 -5.526031318811125 -5.737904416143766 -5.982846104634679 -6.147018490827513 -6.240664058709344 -6.214326242742579 -6.1821355787832 -6.372645780942799 -6.0680050429272185 -5.679375936217622 -5.409852286157728 -4.883388609222062 -3.438027797445934 -1.745676800381478 -0.8335104407325225 -0.9985607541242487 -1.688026247654226 -2.3218896852543667 -2.9469738508655854 -4.375654045862762 -4.775110921358696 -4.555336479236025 -4.534851511261874 -4.455545420961949 -4.187192340500578 -4.157928100537506 -3.7221835674873636 -3.3677936215345614 -3.8521167929234035 -4.3727276218664555
-3.857091713717126 -3.629415926804425 -3.5817152156646177 -3.461439189416392 -3.3285795399840445 -3.2946330216268813 -3.496556277372078 -3.9440065064074497 -4.437986876984105 -4.717460368631444 -4.891289954012092 -5.066875393790523 -5.205587891215485 -5.358932508621983 -5.610897614704033 -5.969384554251666 -6.237737634713037 -6.367670860149076 -6.473314766415767 -6.4750706208135504 -6.149066987624928 -5.518129974021095 -5.083556010569475 -4.614742886361061 -4.028872802300358 -2.6958866719824273 -1.2721813977789724 -1.1188367803724748 -1.472348799126385 -1.716412560418406 -2.466455030671942 -2.66457393522194 -2.8325506726099734 -2.872642681359382 -2.891079152536118 -3.3736464695271757 -4.355169077888612 -4.762234655774944 -4.3364399643122455 -3.8942572984702273 -3.463487686213807 -3.5465981277089313 -3.9624429775841854
-4.252451595618229 -3.9653694015804923 -3.831631824949253 -3.821974625761439 -3.7221835674873636 -3.505335549361 -3.5211382389410586 -3.830753897750361 -4.282886405179823 -4.611816462364754 -4.834517328483732 -5.00044556907435 -5.097310203352119 -5.2857719087143025 -5.462527918091258 -5.775070000896868 -6.093464931695092 -6.280756067458752 -6.323774500204468 -6.189158996374337 -5.651867550652334 -5.483890813264301 -4.819885208502196 -3.287609604035744 -2.2914548756927715 -1.5083438142809638 -0.8744803766808236 -1.0085105957116933 -1.1949238042764623 -1.3883604304323685 -1.932090008946247 -1.9751084416919629 -2.1021152431316956 -2.2475585157481635 -2.15683937186264 -2.194004956615742 -2.9361460820792487 -4.386189172249468 -5.231925707182251 -4.642251271926349 -4.0865233550276105 -3.9603944807867704 -4.2135301564673435
-4.295470028363945 -4.019215603112545 -3.918546617639577 -3.981172091160551 -3.9088894184517633 -3.7075514475058275 -3.6364393443955625 -3.829583328151838 -4.063989890256045 -4.34638980589969 -4.437108949785213 -4.617669310357368 -4.864952138045327 -5.068923890587939 -5.267042795137937 -5.553247061976782 -5.860814223988669 -6.022060186185195 -6.017085265391473 -6.192085420370644 -6.284853061053582 -6.013280914196274 -4.758430304579745 -2.944047426869278 -1.687148320455334 -1.1059605147887233 -0.8522395543088885 -0.7662026888174567 -1.0035356749179711 -0.9965122573268337 -1.2037030762653838 -1.337440652896623 -1.5241465038610227 -1.833469520270694 -2.032758994419215 -2.277993325309758 -2.684180975997198 -3.643170119587069 -5.584559798737269 -5.422435909341849 -4.648982047117855 -4.481883236928714 -4.442083870578935
-4.575821447210175 -4.383262748253161 -4.256548589213059 -4.004583483131009 -3.8120247841739947 -3.668630008354942 -3.629415926804425 -3.7555448010452657 -3.9633209047830773 -4.003412913532486 -3.9633209047830773 -4.0522841942708165 -4.4341825257889065 -4.717460368631444 -5.106967402539933 -5.33756961344894 -5.560270479567919 -5.74756161533158 -5.832720553624119 -5.841499825613041 -5.701616758589557 -4.315954996338095 -3.1664556505886257 -2.2261956205751208 -1.3072984857346588 -1.6918305988494255 -1.6391549669158958 -1.0532848828551935 -0.9751493621537912 -0.7065036392927899 -0.8100990487620647 -1.0992297395972166 -1.5308772790525291 -1.8677086810274883 -2.736856607930728 -3.3013637968183875 -4.176364571714242 -4.716289799032921 -6.089367938100262 -5.643088278663413 -4.864952138045327 -4.407844709822141 -4.214408083666235
-4.904751504395104 -4.814032360509581 -4.603037190375832 -4.112861170994376 -3.65575374277119 -3.4977268469706013 -3.37949931751979 -3.490703429379464 -3.5542068300993304 -3.5834710700624024 -3.668630008354942 -3.7476434562552363 -4.109934746998068 -4.440035373781521 -4.7496510325908226 -5.038781723425975 -5.281674915119472 -5.220220011197021 -4.965328481118664 -4.034725650292973 -3.769006351428279 -2.6537461664356035 -2.2095150037961697 -1.4506932615537118 -1.4351832143732837 -1.8004009291124228 -1.6918305988494255 -1.1012782363946316 -1.044505610866272 -0.5973480242305311 -0.5827159042489951 -0.8393632887251368 -1.293544292952015 -1.8071317043039292 -2.658721087229326 -3.976197170366829 -5.1215995225214686 -5.452578076503814 -5.928414618303365 -5.408681716559205 -4.847100951667853 -4.34638980589969 -3.7769076962183084
-5.133305218506697 -5.078581089775753 -4.746724608594516 -4.1550016765411995 -3.6215145820143957 -3.3443822295641037 -3.219423924921786 -3.1187549394488183 -3.1810877705701617 -3.3004858696194956 -3.483972654187957 -3.658680166767497 -3.9858543695546427 -4.254500092415644 -4.364826277076426 -4.662736239900499 -4.59835491198174 -4.480127382530929 -3.2691731328590086 -2.3268646060480886 -2.273896331714928 -1.9116050409720964 -1.6889041748531182 -1.5768221357945524 -1.5668722942071078 -1.3236864601139793 -1.1674154187111745 -0.7632762648211497 -0.899062338249804 -0.7123564872854042 -0.7954669287805287 -0.9537864669807485 -1.0453835380651642 -1.5417050478388659 -2.082508202356437 -3.4029107094902478 -5.15876510727457 -5.611775541902926 -5.396976020573977 -5.046390425816373 -4.5611893272286395 -4.068086883850875 -3.5035796949632156
-5.1265744433151905 -5.027076027440746 -4.617669310357368 -4.083596931031304 -3.5738138708745883 -3.2925845248294663 -3.0795408578983015 -2.9779939452264417 -2.9624838980460133 -3.0836378514931315 -3.4154943326743687 -3.710477871502135 -4.007509907127316 -4.06603838705346 -4.17548664451535 -4.280837908382409 -4.2164565804636505 -3.1872332609624068 -1.8960949937916682 -1.4635695271374636 -1.324857029712502 -1.1188367803724748 -1.1042046603909388 -1.0524069556563014 -1.2651579801878352 -1.0219721460947064 -0.8317545863347382 -0.46829272599338356 -0.8598482566992875 -1.1586361467222528 -1.4635695271374636 -1.5513622470266797 -1.588527831779781 -2.021053298433986 -2.562149095351188 -3.2680025632604854 -4.9966412178791515 -5.306256876688453 -5.0238569610448085 -4.779793199752787 -4.364826277076426 -3.86294456170974 -3.346138083961888
-4.96357262672088 -4.816958784505889 -4.3686306282716245 -3.936983088816312 -3.5328439349262877 -3.4020327822913554 -3.173479068179763 -2.9654103220423207 -2.9136126173076833 -3.0619823139204585 -3.433052876652212 -3.7748591994208933 -4.011314258322516 -3.98878079355095 -4.012192185521408 -3.9565901295915706 -2.985017362817579 -1.7866467363297789 -1.308176412933551 -1.0143634437043076 -0.2613945494544643 -0.03167026574434839 -0.1891118767456761 -0.4557091028092626 -0.6236858401972958 -0.5777409834552727 -0.4849733427723346 -0.7916625775853294 -1.0453835380651642 -1.7641132715582135 -2.1354764766895977 -2.214489924589892 -3.1626512993934264 -3.5621081748893597 -3.660728663564912 -4.208555235673621 -4.791498895738016 -4.907677928391412 -4.862903641247912 -4.627619151944812 -4.275862987588686 -3.8287054009529458 -3.3121915656047243
-4.788572471741709 -4.63054557594112 -4.256548589213059 -3.8667489129049395 -3.7467655290563444 -3.567083095683082 -3.3519909319545023 -3.159724875397119 -3.1041228194672823 -3.266246708862701 -3.451781990228578 -3.620636654815504 -3.882258960085368 -3.8775766816912762 -3.609808886029167 -2.651990312037819 -1.6227669925365755 -1.1159103563761676 -0.8414117855225518 -0.47824256758082795 0.13513590204516213 -0.09927066005904495 -0.5025318867501776 -0.5142375827354067 -0.2066704207235195 -0.2066704207235195 -0.5903246066393937 -1.1870224594864327 -1.2964707169483223 -1.9555014009167047 -2.1187958599106467 -2.1723494190430683 -3.3092651416084173 -3.8082204329787954 -3.9273258896284986 -4.083596931031304 -4.198898036485807 -4.2749850603897945 -4.579625798405375 -4.462568838553087 -4.242794396430416 -3.7894913194024293 -3.4476849966337477
-4.7496510325908226 -4.532803014464459 -4.226113779651464 -3.9126937696469626 -3.9273258896284986 -3.851238865724511 -3.6891149763290922 -3.511188397353614 -3.4037886366891397 -3.394131437501326 -3.423395677464398 -3.5641566716867747 -3.608053031631383 -3.381547814317205 -2.5993146801042895 -1.4928337671005356 -0.6312945425876948 -0.38050000610416745 -0.5142375827354067 -0.015282291365028122 -0.532674053912142 -1.0131928741057847 -1.0395306900725496 -1.0348484116784582 -0.8004418495742511 -0.5356004779084493 -0.5171640067317136 -0.8501910575114735 -1.3658269656608029 -1.5434609022366501 -1.4401581351670059 -1.830543096274387 -2.155961444663748 -2.214489924589892 -2.499523621830214 -3.0455943395411382 -3.3639892703393617 -3.5893239180550167 -4.036774147090388 -4.081548434233889 -3.9937557143446725 -3.873479688096446 -3.6744828563475562
-4.875487264432033 -4.689074055867264 -4.4927110057150506 -4.3051272275517585 -4.141247483758555 -4.0092657615251 -3.8266569041555307 -3.6674594387564188 -3.6039560380365527 -3.5650345988856667 -3.4555863414237775 -3.7134042954984423 -3.1354355562277694 -2.453578765088191 -1.7348490315951413 -1.0570892340503928 -0.6412443841751392 -0.5560854458825997 -0.767080616016349 -0.7770304576037934 -0.6236858401972958 -0.5484767434922007 -0.5230168547243284 -0.8706760254856238 -0.9584687453748402 -0.8677496014893169 -0.8180003935520945 -0.915742955028755 -1.1782431874975112 -0.9333014990065982 -0.9830507069438206 -1.569798718203415 -1.6988540164405628 -1.6938790956468406 -1.9039963385816978 -2.2621906357296995 -2.528787861793286 -3.048520763537445 -3.5863974940587093 -3.7827605442109227 -3.790661889000952 -3.7760297690194164 -3.5893239180550167
-5.1567166104771545 -4.911774921986242 -4.6519084711141625 -4.406674140223618 -4.145051834953755 -3.9603944807867704 -3.572935943675696 -3.3756949663245908 -3.30633871761211 -3.0660793075152886 -2.1577172990615323 -2.1354764766895977 -2.124648707903261 -2.1635701470541466 -1.7544560723703997 -1.6403255365144187 -1.2680844041841424 -0.7904920079868067 -0.7623983376222574 -1.3754841648486167 -1.5621900158130164 -1.5542886710229868 -1.0641126516415302 -0.8472646335151666 -0.6324651121862175 -0.7506926416370288 -1.0327999148810432 -0.9713450109585917 -0.549354670691093 -0.7193799048765417 -0.8774068006771305 -0.970174441360069 -1.4907852703031206 -1.8835113706075473 -2.0298325704229074 -2.1293309862973526 -2.430167373117733 -2.8208449766247448 -3.190159684958714 -3.4438806454385484 -3.4956783501731863 -3.478997733394235 -3.3092651416084173
-5.177201578451306 -5.027953954639639 -4.801448737325461 -4.394090517039498 -4.203580314879899 -3.844215448133374 -3.1363134834266613 -2.183177187829405 -1.991789058470914 -1.833469520270694 -1.1276160523613965 -1.1042046603909388 -1.8112286978987593 -1.994715482467221 -1.9996904032609435 -1.9157020345669267 -1.584430838184951 -1.0954253884020173 -1.1911194530812628 -1.8267387450791877 -1.7486032243777851 -1.7155346332195138 -1.4468889103585125 -0.9321309294080753 -0.6734350481345186 -0.6491457289651685 -0.7904920079868067 -0.4565870300081545 -0.13731417201103868 -0.47238971958821363 -0.8229753143458165 -1.1246896283650893 -2.0874831231501596 -2.550443399365959 -2.5738547913364167 -2.5571741745574657 -2.4860620714472006 -2.642040470450375 -2.8571326341789542 -3.0093066819869287 -3.010184609185821 -2.9507782020607847 -2.7983115118531794
-5.091457355359505 -4.971181329111278 -4.773940351760173 -4.452618996965642 -4.363948349877534 -4.0522841942708165 -2.8003600086505944 -1.8091802011013443 -1.3072984857346588 -1.1293719067591808 -1.1958017314753544 -1.3842634368375384 -1.9399913537362763 -1.90487426578059 -1.9868141376771917 -2.2203427725825065 -1.90487426578059 -1.5522401742255718 -1.7222654084110205 -1.67339412767269 -1.2388201642210703 -0.9371058502017975 -1.2496479330074068 -0.9584687453748402 -0.8414117855225518 -0.7828833055964077 -0.41854351805616075 -0.10804993204796665 -0.09517366646421488 -0.33250665256472933 -0.8569218327029802 -0.8610188262978102 -1.6215964229380526 -2.7789971134775517 -2.9068818421161766 -2.980920369222749 -2.805334929444317 -2.6285789200673615 -2.6449668944466818 -2.5864384145205377 -2.4565051890844978 -2.399147278756877 -2.344423150025932
