static/data/ASCData/20210126/ASCV/12.asc
ncols 97
nrows 97
xllcorner 99.0
yllcorner 2.0
cellsize 0.25
NODATA_value -32767
[rows 19 to 37 of 97, columns 0 to 42 of 97]
-1.1947829385483595 -0.953561554856174 0.0727159086450393 1.3236443679947185 1.5678538544128204 1.229926600681876 1.1734242945918143 1.660485038916239 1.3089755000674903 0.652679483175238 0.7368896509056184 1.0707422191012221 1.1128473029664119 0.8588585712634909 0.7358030680961938 0.447586977896409 0.06402324616964528 -0.2866713555720346 -0.015297298918325541 0.8129504475653166 0.9495882358504173 0.3267046403479599 -0.2749905903707237 -0.37251139751655105 -0.007419573550000003 0.4877905418451065 0.8257177955760509 1.258177753726907 1.4135590954745756 1.4369206258771974 1.310062082876915 1.0775333616601235 0.9789259717048719 0.37261276404613497 -0.530880841990137 -1.1078563137944188 -1.5560717226819258 -1.9898899093445614 -2.328632100182574 -2.4916195215962134 -2.208564699741194 -2.0580729806359335 -2.043404112708706
-1.6068694690225098 -1.238789542330042 -0.11960924862305466 1.0093502903687512 1.396988707630856 1.138110353285526 0.8208281729336417 0.8520674287045895 0.5559736131364788 0.627416432856124 0.8618466739894077 1.071828801910646 0.9085697347946513 0.6888083615885949 0.4369927955045223 0.17132329860029083 -0.022088441477227327 -0.37251139751655105 -0.6118312612922443 -0.24565285451626862 0.606771359477063 0.7162445775265573 0.26612764872255745 0.25145878079533013 0.4964832043205005 0.5893860345262749 1.0481956258056688 1.753387869122013 1.9359337811052888 1.9231664330945537 1.45539253363741 0.9593674811352355 0.05424400088482706 -0.6332912717783734 -1.222219154486322 -1.6889064711340416 -2.177325443970246 -2.6010927396457073 -2.8784430017512497 -2.931142268008326 -2.787713337164324 -2.6255408528577533 -2.041502592792214
-1.8277174250379906 -1.07879022364232 -0.37359798032597524 -0.34534682728094435 0.3598454160353999 0.25444688352124656 0.20446407428773083 0.26015144327072415 -0.27091590483538264 -0.09516113541100868 0.5969921141922447 0.6722379737448745 0.5415763909116076 0.08249515392985751 -0.2768921102872164 -0.3589291123987479 -0.31111946878408014 -0.5699978231294103 -0.8658199929951649 -0.39614457362152855 0.24548257534349682 0.5844964118838658 0.619538707487798 0.7836127117108611 1.0237475125936224 1.0237475125936224 1.258177753726907 1.7778359823340586 1.7914182674518622 1.510264965513335 1.2212339382064816 0.6089445250959113 -0.2739040075612995 -1.096175548593108 -1.69107963675289 -2.2251350875849134 -2.8355229807789915 -3.2242479808505204 -3.4478123938895617 -3.479051649660509 -3.313891062628022 -3.0748428445546847 -2.4859149618467358
-1.641096827519374 -0.8481630223420207 -0.531695779097205 -0.515125391253485 -0.6324763346713049 -0.5425616071914479 -0.5211015967053183 -0.5493527497503492 -0.703647508688594 -0.2573336197175795 0.37831732379561256 0.3587588332259757 0.08140857112043332 -0.37468456313539944 -0.7943771732755196 -0.8188252864875656 -0.7623229803975042 -0.5689112403199861 -0.44884383987860543 -0.03947376642801537 0.16072911620840458 0.540489808102183 0.5999802169181616 0.8577719884540671 1.1079576803240028 1.2679569990117252 1.2483985084420879 1.42225175794997 1.3714540116093858 0.9954963595485915 0.6469749234257605 0.1626306361248968 -0.6186224038511456 -1.474034720570394 -2.1732507584349054 -2.905879217689212 -3.528762813191669 -3.914499710537281 -4.141052226302239 -4.122580318542027 -3.8071996581066356 -3.5054012827890477 -2.721160140087088
-0.7574333577550951 -0.14324242472803217 -0.015297298918325541 -0.41461648138174123 -0.5327823619066292 -0.8413718797831189 -0.8188252864875656 -1.0024577812802655 -0.903850391325014 0.004261191651310892 0.31991349778905853 0.27780841392386835 -0.3754995002424679 -0.8326792173077249 -1.076617058023471 -1.1021517540449413 -0.9839858735200533 -0.5816785883307212 0.11971061515263859 0.35305427347649854 0.43020165294562096 0.4799128164767805 0.540489808102183 0.5073490324147429 0.7572630785823233 1.0913872924802823 1.1245280681677223 1.0142399130111603 0.737704588012686 0.36283351876131675 0.01512701974555375 -0.47030385036473454 -1.1029666911520097 -1.9594655906806822 -2.739903693549657 -3.51626711088329 -4.139150706385747 -4.601220046093413 -4.757416324948151 -4.606109668735822 -4.289642425491007 -3.667573767095618 -2.8822460415842346
0.6236133930231387 1.0071771247499028 0.30225652713591433 -0.20952397610291218 -0.5327823619066292 -0.8413718797831189 -0.7563467749456709 -0.870709615637574 -0.5463646470244328 0.35794389611890765 0.5931890743592594 0.5288090429008725 -0.07668922765079644 -0.5259912193477279 -0.7710156428728983 -1.3080591964308383 -1.218416114653337 -0.5376719845490383 0.27400537409088344 0.6187237703807296 0.745582313381012 0.7583496613917471 0.6244283301302072 0.5912875544427671 0.5619498185883125 0.794478539805104 0.8325089381349531 0.6225268102137149 0.07461742856153197 -0.39125495097911944 -0.7514571523032614 -1.2064637037496704 -1.8404847730487257 -2.418546827662432 -3.1881191024371636 -3.8403404337940756 -4.449641744178729 -4.9076363983510545 -5.015208096484056 -4.890251073400266 -4.570795727429534 -3.9487270690341454 -2.700786712410383
1.7797375022505508 1.4760376070164702 0.3802188437121048 -0.5602185778445921 -0.7672126030399133 -0.5621200977610843 -0.38718026544377837 0.06402324616964528 0.4731216739178792 0.7358030680961938 1.2747481415706265 1.3010977746991652 0.671423036637806 0.15475291075657083 -0.06609504525890975 -0.6313897518618807 -1.0912859259506988 -0.38636532833671033 0.17512633843327574 0.69668608695692 0.9224236656148102 1.0063621876428344 0.8344104580514453 0.7719319465095507 0.7670423238671416 0.524734357365531 0.43509127558803007 0.12541517490211573 -0.5708127602364783 -1.09536061148604 -1.4634405381785078 -1.8815032741044915 -2.3022824670540363 -2.8355229807789915 -3.2826518068570745 -3.8531077818048107 -4.300236607882893 -4.618605371044201 -4.917415643635873 -5.146956262126748 -4.642238547149179 -3.252499133895551 -1.8404847730487257
1.9908062129812136 1.4594672191727507 0.9194355628888933 -0.34806328430450506 -1.1567525402185104 -0.8492496051514449 -0.11091658614766065 0.4975697871299247 0.9036801121522422 1.1489761813797688 1.7631671144068313 1.8606879215526582 1.4458849340549471 1.3872094623460378 1.376343634251795 1.0210310555700617 0.34626313091759675 0.30116994432649014 0.21125521684663262 0.4437839380634241 0.5608632357788879 0.7904038542697625 0.8792319989401958 0.8091474077323313 0.6624587284600563 0.32262995481261925 -0.007419573550000003 -0.42928534930896856 -1.1665317855033286 -1.6060545319154418 -1.8950855592222948 -2.156680370591185 -2.533724605461403 -2.8920252868690532 -3.2163702554821945 -3.508389385514964 -3.7680826769673623 -4.137249186469255 -4.6900481907638465 -4.626483096412527 -3.4632961989238575 -2.000484091736448 -1.0258193116828873
1.5268353533570544 1.6156634980274878 1.5385161185583658 0.5209313175325465 -0.5553289552021825 -0.8823903808388849 -0.5181134939794019 -0.09027151276859957 0.1732248185167835 0.9536629213857579 1.2318281205983683 1.994609252814198 2.071756632283321 2.145915909026527 2.1391247664676247 1.925339598713402 1.7797375022505508 1.6879212548542015 1.2513866111680048 0.30415804705240657 0.0053477744607350886 -0.01719881883481822 0.1517648080306544 0.4701335711919623 0.6323060554985331 0.34028692546576345 -0.2125120788288286 -0.888094940588362 -1.5913856639882142 -2.0238456221390697 -2.196883934539883 -2.3150498150647714 -2.5133511777846986 -2.796405999639718 -3.0737562617452605 -3.2573887565379605 -3.4399346685212357 -3.8824455176592654 -3.7661811570508696 -2.4761357165619176 -1.3873797415188096 -0.6411689971466994 0.010237397103144641
0.1341078373775102 1.5569880263185776 1.7688716741563089 1.7992959928201882 1.1908096195426023 0.512238655057152 0.1118328897843126 -0.24456627170684442 -0.015297298918325541 0.438894315421015 1.641198194048958 1.773761296798718 1.5855108250659646 1.45539253363741 1.3529821038491732 1.343202858564355 1.635221988597125 1.8169529634733323 1.6762404896528902 -0.08049226748378135 -0.720217896532314 -0.970131942699894 -0.670506733001154 -0.030781103952621347 0.4331897556715374 0.5853113489909334 0.07461742856153197 -0.8413718797831189 -1.716342687072004 -2.139295045640397 -2.3481905907522114 -2.4291410100543187 -2.464454951360607 -2.6255408528577533 -2.866762236549939 -3.013179270119858 -3.102007414790291 -3.2065910101973762 -2.344387550919226 -0.5884697308896225 0.6820172190296927 0.8422881834197713 0.5815083091579489
-0.39016836816969525 1.076718424553055 2.2915180054893773 1.9027930054178488 1.395087187714363 0.9349193679231891 0.545379430744592 0.11074630697488841 0.04527969270707688 0.31203577242073255 1.4888049550272053 1.605069315635601 1.5463938439266918 1.4037798501897574 1.2310131834912998 1.065852596458813 1.2005888648274206 1.1927111394590946 0.10096706169007019 -0.670506733001154 -1.0434762823360315 -1.247482204805436 -1.2621510727326637 -0.7875860307166183 -0.18317434297437396 0.06592476608613751 0.1175374495337902 -0.48796082101787874 -1.3170235046085885 -1.8111470371942708 -2.1460861881992987 -2.4283260729472502 -2.5054734524163726 -2.56985348387476 -2.740718630656725 -2.817051073018779 -2.8423141233378932 -2.766253326678195 -1.754373085401853 -0.10901506623116797 0.9028651750451737 1.2024903847439137 0.8705393364648022
-0.7702007057658302 0.7358030680961938 1.9935226700047743 1.9065960452508333 1.3285339906371276 1.0443925859726835 0.7083668521582314 0.4106431623759841 0.4486735607058332 0.406568476840643 0.9808274916213642 1.296208152056756 1.430129483318296 1.4809272296588802 1.7142708879827393 1.594203487541359 0.7700304265930575 -0.010407676275916433 -0.489862340934371 -0.8180103493804975 -1.1871768588823897 -1.3227280643580661 -1.3667346681397485 -1.468330160820917 -1.0453778022525237 -0.2983521207733455 -0.14894698447750976 -0.25434551699166263 -0.8745126554705589 -1.301268053871937 -1.641096827519374 -1.9858152238092204 -2.323742477540165 -2.438920255339137 -2.53671270818732 -2.6168481903823593 -2.6315170583095866 -2.546491953472138 -1.841299710155794 -0.5406600872749552 0.606771359477063 1.2505716740609372 0.8881963071179464
-0.25434551699166263 0.8822201016661126 1.6645597244515797 1.7544744519314368 1.5298234560829713 1.2445954686091034 0.8694527536553776 0.4603543259071441 0.4456854579799163 0.4573662231812272 0.7241223028948833 0.9906067369061824 1.1948843050779439 1.510264965513335 1.7425220410277702 1.2875154895813616 0.34517654810817255 -0.4545483996280826 -0.46731574763881767 -0.4605246050799159 -0.8813037980294607 -1.1616421628609195 -1.2621510727326637 -1.3629316283067636 -1.5093486618766827 -1.034783619860637 -0.4781815757330601 -0.2926475610238679 -0.6596409049069116 -0.6313897518618807 -1.063034772905668 -1.7856123411728007 -2.125441114820238 -2.267240171450104 -2.3549817333111127 -2.380516429332583 -2.401976439818712 -2.385406051974992 -2.1020795844176163 -0.8443599825090358 0.2759068940073761 0.9134593574370604 -0.06392187964006135
0.6888083615885949 1.0335267578784406 1.6009946301002604 1.830535248591135 1.6039827328261773 1.3608598292174992 0.9857171142637733 0.28161145375685326 0.19468482900291262 0.3715261812367108 0.6450734035092682 0.852882365811658 0.8471778060621804 1.1614718836881477 1.0835095671119572 0.6285030156655478 0.32072843489612657 -0.09325961549451645 0.31013425250423987 0.7368896509056184 0.21342838246548101 -0.5805920055212965 -0.6851756009283818 -1.0453778022525237 -1.1939680014412914 -1.6041530119989493 -1.2143414291179964 -0.7164148566993291 -0.837568839950134 -0.6148193640181607 -0.9174326764428171 -1.640281890412306 -1.9312144376356515 -2.071926911456093 -2.1080557898694496 -2.087410716490389 -2.0561714607194412 -1.9662567332395837 -1.7397042174746256 -1.0434762823360315 0.0727159086450393 -0.2983521207733455 -1.2779065234693152
1.18890809962611 1.1851050597931247 1.5306383931900398 1.7688716741563089 1.3665643889669767 1.1234414853582986 1.2456820514185272 0.5423913280186752 0.04039007006466777 0.1517648080306544 0.5728156466825545 0.8257177955760509 0.6801156991132005 0.1897952063605035 0.11264782689138109 0.25526182062831504 0.18110254388510905 0.5179432148066296 1.1459880786538519 1.7544744519314368 1.3266324707206345 0.4750231938343714 0.15964253339897994 -0.20083131362751816 -0.7875860307166183 -1.2955634941224594 -1.804355894635369 -1.419433934396825 -1.3852065758999608 -0.8041564185603383 -1.054342110430274 -1.6313175822345558 -1.9225217751602572 -1.81603665983668 -1.8551536409759533 -1.7378026975581333 -1.6568522782560258 -1.4164458316709085 -1.1225251817216462 -0.6313897518618807 -0.9087400139674231 -1.279808043385808 -2.150975810841708
1.0981784350391846 1.2318281205983683 1.55617308921151 1.6694493470939888 1.1908096195426023 1.0922022295873508 1.261165856452823 0.9055816320687344 -0.003344888014658931 -0.09516113541100868 0.37831732379561256 0.7309134454537847 0.5882994517168503 -0.11770772870656199 -0.6811009153930407 -0.506432728778091 -0.17529661760604798 0.28161145375685326 0.7396061079291782 1.5708419571387373 1.3345101960889605 1.4643568418151598 1.1030680576815937 0.37831732379561256 -0.3081313660581637 -0.8804888609223922 -1.636207204876965 -1.9985825718199555 -1.7847974040657324 -1.0336970370512129 -0.9848008106271213 -1.5962752866306233 -1.8920974564963782 -1.78289588414924 -1.5055456220436978 -1.3512508631054527 -1.2700287981009897 -1.060046670179751 -0.7729171627893905 -1.0472793221690164 -1.5112501817931752 -2.2748462511160734 -3.1245540080858447
0.9525763385763333 0.950674818659841 1.5219457307146453 1.2953932149496876 1.0481956258056688 1.1419133931185104 1.1372954161784574 0.6537660659846618 -0.2193032213877304 -0.08755505574503886 0.27291879128145924 0.7553615586658302 0.5521705733034943 -0.30025364068983773 -0.9644273829504164 -0.9196058420616655 -0.6675186302752376 -0.6400824143372748 -0.48687423820845455 0.5239194202584634 0.8479927431692489 1.0620495566258277 0.6695215167213138 -0.11879431151598618 -0.8530526449844298 -1.4498582530607043 -1.7348145948322165 -2.0531833579935244 -2.1205514921778286 -1.7682270162220124 -1.260249552816171 -1.1928814186318668 -1.4311146995981359 -1.4262250769557268 -1.1051398567708581 -0.9331881271794691 -0.8207268064040583 -0.92829850453706 -1.2124399092015037 -1.5894841440717218 -2.215355842300095 -3.0308362407730023 -3.838438913877583
0.7806246089849442 1.7221486133510653 2.0932166427694505 1.62245464058639 1.482013812468304 1.4477864539714402 1.1283311080007077 0.811863864755892 0.7173311603359811 0.3910846718063472 -0.06310694253299332 0.1175374495337902 0.1362810029963586 -0.3336660620796339 -0.7416779070184432 -0.7965503388943684 -0.7702007057658302 -0.7818814709671407 -0.854139227793854 -0.371696460409483 -0.09733430102985707 -0.1225973513489711 -0.5240896994312352 -1.1274148043640553 -1.6937960937764507 -2.0328099303168194 -2.0396010728757212 -1.896172142031719 -1.9771225613338264 -1.8393981902393015 -1.3373969322852934 -1.0258193116828873 -1.0690109783575013 -1.1431702551007072 -0.9907770160789546 -0.9674154856763333 -1.0024577812802655 -1.309145779240263 -1.7886004438987173 -2.2992943643281194 -2.9281541652824097 -3.5953160102689052 -4.1997276980111495
0.5619498185883125 2.060890804189078 2.56886826759492 1.9476145463065992 1.3540686866585978 0.852882365811658 0.6304045355820409 1.012066747392312 1.3578717264915823 0.33648388563277853 -0.02996616684555331 0.24358105542700415 -0.044363389070424475 -0.523003116621811 -0.6881637036542982 -0.6088431585663274 -0.6110163241851758 -0.6313897518618807 -1.0111504437556595 -0.9926785359954473 -0.8666349301022329 -0.9215073619781582 -1.2906738714800503 -1.6753241860162382 -1.980110664059743 -2.164558095959511 -2.2330128129532394 -2.069753745837245 -1.9056797416141813 -1.8491774355241197 -1.8111470371942708 -1.5014709365083567 -0.8658199929951649 -0.34045720463853524 -0.2114254960194044 -0.6724082529176467 -1.1265998672569872 -1.6188218799261769 -2.272944731199581 -2.8072718277339606 -3.2750457271911046 -3.7018011255924823 -4.135347666552762
