static/data/ASCData/20210126/ASCV/15.asc
ncols 97
nrows 97
xllcorner 99.0
yllcorner 2.0
cellsize 0.25
NODATA_value -32767
[rows 38 to 56 of 97, columns 0 to 42 of 97]
1.6270576970557915 0.9671255707797171 0.7032628925775137 0.09208201269161664 -0.31528009697545967 -0.41581232823204006 -0.34061972786752914 -0.29958054305319903 -0.7372400374825321 -0.5496716827271038 -0.4235243898078873 -0.968601884757951 -0.9617161154938012 -1.1316569009330075 -1.2379731783714738 -0.8055468685828941 -0.48329286702070373 -0.6287203138795383 -0.7391680528764941 -1.0446207774341598 -1.4635509794650068 -1.8191321042656796 -2.126788274987873 -2.340522552947069 -2.515421092256463 -2.8172932167967706 -2.839603109212615 -2.61209729272512 -2.0934611517493904 -1.8133480580837942 -1.7858049810271968 -1.3280390403465474 -0.38661666655204696 0.4162640296477682 0.6467995846114891 0.6065866921088565 0.657541384663562 -0.14836905001247924 -1.3553066866325787 -1.9315078586565972 -2.2859872603750064 -2.782038078164326 -3.362095280976268
1.3477708957018937 0.529466076350384 0.322342136884771 -0.1698526501166251 -0.44418169760033566 -0.035993295621561394 0.12320568976557178 -0.28305469681924045 -0.7000568834561256 -0.6306483292735003 -0.686285344927827 -1.5437013336997052 -1.857141550603784 -1.8670570583441592 -1.2613847938695815 -0.6774715602697157 -0.5846513905889825 -0.7859912838727099 -0.9421605307836174 -1.3269373172642835 -1.7166718576151372 -2.2303502447206793 -2.5437904616247584 -2.8172932167967706 -3.0536128179423767 -3.245863495797427 -3.1902264801431 -2.726401062509999 -2.025154320649029 -1.7439395039011687 -1.4596949486770832 -0.9820979925156834 -0.2634991121090562 0.4055222295956953 0.9572100630393416 1.019732847957818 0.8732036780167198 -0.14230957306002745 -1.2839701170559914 -2.073079274727508 -2.4245289379696913 -2.7547704318782946 -3.298746203746094
0.46887130682586964 0.07445444337539397 0.051869120188984486 -0.39625674352185625 -0.26928315829094185 0.14468928986971763 0.5862048150869748 0.26092107504855866 -0.233201727346799 -0.4549234976524086 -0.6755435448757541 -1.7166718576151372 -2.0447099053592126 -1.580884487726112 -0.9763139463337982 -0.8063731608945917 -0.7702917299504493 -1.009641069572281 -1.1132030393050873 -1.525247472071785 -1.9177363201282984 -2.4490422765500632 -2.9373810327635357 -3.213638095641208 -3.485212835419259 -3.6394540669362043 -3.2604613266374236 -2.6151270312013457 -1.7320959807668317 -1.397172163758607 -1.245960670717887 -1.1002577930884865 -0.3846886511580849 0.4953126608002032 1.148634448582694 1.0695858174302595 0.6955508310016665 -0.19409055792643093 -1.2440326553239252 -2.0339681053071397 -2.5057810152866535 -2.839603109212615 -3.461801219921151
-0.11311391138003435 -0.0340652802275998 -0.021395464781564844 -0.4450079899120336 -0.3180344046811192 0.28929044441685425 0.7316322619458089 0.7071189233654374 0.19647027473612066 -0.2869107276071641 -0.6785732833519798 -1.4646527025472706 -1.4696104564174581 -1.0134971003602047 -0.9675001616756869 -0.8016908377949705 -0.9206769306794711 -1.1520387779548897 -1.299669670978252 -1.7097860883509879 -2.1210042288059876 -2.652034754457186 -3.1423015260646205 -3.5584774203898077 -3.8297767293972926 -3.748800082850896 -3.254677280455538 -2.3592518453455553 -1.3856040713948359 -0.9617161154938012 -0.8991933305753252 -0.762579668374602 -0.9099351306273982 -0.03984932640948502 0.31160033683269805 0.23172541336856556 0.24439522881460052 -0.20676037337246544 -1.1443267163790425 -1.9469319818082917 -2.4264569533636533 -3.1863704493551763 -3.808293129293147
-0.19133625022077094 -0.03296355714533572 0.02349975082068889 -0.4450079899120336 -0.557383744302951 0.051042827877286534 0.6016289382386693 0.6495538923171487 0.24935298268478778 -0.19409055792643093 -0.5887828521474723 -0.9198506383677731 -0.878811453553443 -0.7810335300025222 -0.7350365913180044 -0.8297847763926995 -0.9763139463337982 -1.213735270561668 -1.4635509794650068 -1.8739428276083085 -2.4118591225236568 -2.9186517403650494 -3.296542757581566 -3.7135449442184516 -3.932512406818401 -3.8317047447912547 -3.180586403173291 -2.0458116284414762 -1.192251670457522 -0.4315118821543007 -0.34061972786752914 -0.762579668374602 -0.9099351306273982 -1.1286271624567819 -1.0008272849141697 -0.7058409296380113 -0.23705775813472263 -0.4753053746742908 -0.6628737294297191 -1.514505672019712 -2.828035016848844 -3.588774805152065 -4.22061299283041
-0.6072367137753925 -0.26928315829094185 -0.2381594812169867 -0.7242947912659314 -0.8845954997353287 -0.35136152791960207 0.22483964410441626 0.1956439824244227 -0.05251914185551998 -0.0985160805400378 -0.2712111736849039 -0.6873870680100911 -0.8289584840810016 -0.7204387604780078 -0.7791055146085606 -0.8854217920470266 -1.0583923159624584 -1.30049596328995 -1.5877702569902612 -1.9940306435750734 -2.645424415963603 -3.083910202704634 -3.425719788977008 -3.6873790210146837 -3.8757736680818105 -3.8044370985052227 -3.1745269262208398 -1.9138802893403748 -1.2801140862680678 -0.31142406618753604 -0.4725510669686308 -0.931418730731544 -1.320051548000134 -1.6979425652166509 -1.7224559037970226 -1.2410029168476995 -0.7322822836123448 -0.9049773767572109 -0.5094587902244716 -0.6080630060870904 -2.245774367872374 -4.152030730959483 -4.862091257478564
-1.4109437022869056 -0.9226049460734331 -0.696200852668202 -1.074091869884719 -1.3035257017661757 -0.7937033454485571 -0.168750927034361 -0.18720478866228163 -0.27727065063735523 -0.054447157249482014 0.0284575046908766 -0.27424091216112956 -0.5719815751429476 -0.8377722687391129 -0.9862294540741732 -1.171594362665074 -1.3368528250046585 -1.461622964071045 -1.7750631809751238 -2.130644305775797 -2.5272646153908 -3.039841279414078 -3.4579451891332273 -3.7116169288244896 -3.777995744530889 -3.649094143906013 -3.116135602860853 -2.1912390753003113 -1.568214672280077 -1.493022071915566 -1.2536727322937342 -1.0917194392009413 -1.3250093018703217 -1.7450412269834326 -2.1532296289622064 -1.9921026281811116 -1.4013036253170965 -1.1109995931405596 -0.6570896832478339 -0.4618092669165579 -2.256516167924447 -4.426635209213759 -5.456746291130504
-1.4753945025993436 -1.6676451804543937 -0.9743859309398362 -1.2087775166914805 -1.2498167015058106 -0.6188048061391633 -0.19133625022077094 -0.6356060831436876 -0.6920693911097127 0.11549362818972453 0.3732968294394765 -0.11311391138003435 -0.3229921585513069 -0.6551616678538719 -1.1355129317209312 -1.5839142262023376 -1.868985073738121 -1.90121047389434 -1.9188380432105623 -1.9879711666226219 -2.2096929369282314 -2.4617120919960978 -2.8093057244503576 -3.109249833596704 -3.214739818723472 -3.0056878638638973 -2.4305884149221426 -2.1755395213780506 -1.3982738868408708 -1.1404706855911189 -1.0779479006726427 -0.9900854848620968 -0.7157564373783862 -0.5408578980689924 -0.8465860533972243 -1.2440326553239252 -1.481178548781229 -1.6053978263064836 -0.9256346845496588 -0.9148928844975859 -3.0340572332321925 -5.387613167718444 -6.237041664143909
-0.21667588111284086 -0.7468801144523414 -0.31720811236942126 0.2102418132644197 0.6349560614771521 0.9092851089608627 0.6602956923692216 -0.2205319119007645 -0.5397561749867288 -0.8416282995270365 -0.9283889922553183 -1.534887549041594 -0.9831997155979475 -0.815186945552703 -1.138542670197157 -1.6940865344287273 -2.257617891006711 -2.5944697234088974 -2.716485554769624 -2.2829575218987808 -2.039752151489025 -1.816102365789454 -2.0036707205448825 -2.2614739217946345 -2.2096929369282314 -1.7546813039532416 -1.7235576268792865 -1.6395512418566645 -1.3602644405027664 0.27166287510063203 0.8048968469163582 0.5636194919005648 0.15350307452782896 -0.02607778788118642 -0.16764920395209737 -0.3309796508977203 -0.9479445769655026 -1.525247472071785 -1.7029003190868384 -2.1620434136203177 -3.9743778839444293 -6.104284032731108 -6.991997406265245
1.1819615718211773 0.5060544608522761 0.5451656302726442 1.0059613094295194 1.152490479370618 1.2717520030256848 1.39183981899245 1.2061994796309827 0.37605113714513605 -0.8661416381074085 -1.4420673793608607 -1.836759673581902 -1.7899364425856863 -1.8064622888196449 -1.9959586589690352 -2.1989511368761585 -2.6189830619892693 -2.7831398012465898 -2.8748582478450593 -2.6198093543009673 -2.275245460322933 -1.9637332588128162 -2.1102624287539147 -2.322068691319149 -2.016340535990917 -1.5624306260981915 -1.8103183196075685 -1.772308873269464 -0.32877620473319213 1.2276830797351286 1.9768547756745791 1.9181880215440268 1.3879837882045258 0.46418898372624806 -0.12192769603814568 -0.6727892371700941 -0.9421605307836174 -1.0057850387843574 -1.8348316581879403 -2.0262560437312924 -3.027171463968043 -5.372739906107881 -7.457750839292307
1.1202650792143984 1.1428504024008088 1.2656925260732335 1.2687222645494591 1.429849265330554 1.4854862809848806 1.6182439123976806 1.6964662512384177 1.173974079474764 1.0783996020883704 0.11824793589538407 -1.3015976863722138 -1.9315078586565972 -2.13450033656372 -2.576015861780977 -2.7858941089522498 -2.7878221243462113 -2.8533746477409134 -2.534976676966647 -2.4080030917357327 -1.985216858916962 -1.805360565737381 -1.9403216433147084 -2.0174422590731815 -1.6951882575109911 -1.6883024882468418 -1.4324273023910516 -0.8308864994749636 0.27276459818289567 1.3761402650701893 1.7873584055251888 1.8069139902353726 1.7862566824429251 1.1164090484264753 0.3507115062530666 -0.5105605133067352 -1.1784801319292233 -1.236045162977512 -1.9422496587086702 -1.3123394864242868 -2.255689875612749 -5.340514505951662 -7.767335025408462
0.5977729074507456 1.3477708957018937 1.4816302501969574 1.5323095119810963 1.7774428977848133 1.8399656827032898 1.8518092058376272 1.8537372212315884 1.6983942666323788 1.911302252279877 1.4651044039629992 0.8966152935148277 0.09208201269161664 -1.1669120395654524 -1.6414792572506263 -2.2391640293787907 -2.2488041063485995 -2.064265490069397 -1.8640273198679336 -1.8973544431064164 -1.4255415331269023 -1.384502348312572 -1.6511193342204353 -1.7213541807147588 -1.5428750413880075 -1.504590164279337 -1.1619542856952647 -0.4353679129422243 0.2256659364161142 0.9971475247714086 1.551865096691281 1.7237338975244487 1.6956399589267193 1.4543626039109254 0.7649593851842917 0.004219596881070764 -0.8113309147647794 -1.1765521165352615 -1.7995765195554956 -1.4178294715510549 -2.3385945375531074 -5.419838567874663 -8.048549842156323
0.25899305965459707 1.4014798959622583 1.3722842342822652 1.6799404050044586 1.951239714011944 3.041119273141504 3.06260287324565 2.3313341773929883 1.7862566824429251 1.5237711580935516 1.8361096519153666 1.738607159135011 1.615489604692021 0.37605113714513605 -0.5661975289610623 -1.171594362665074 -1.2644145323458074 -1.0437944851224619 -0.9325204538138081 -1.1991374397216714 -1.0487522389926491 -1.3630187482084262 -1.6334917649042129 -1.8620993044739718 -1.6921585190347654 -1.3610907328144644 -1.061422054438684 -0.5017467286486244 0.13201947442368267 0.8743054010989839 1.379170003546415 1.5529668197735447 1.3439148649139705 1.1018112175864783 0.6748935232092181 0.07941219724558168 -0.6306483292735003 -0.7587236375866784 -1.0710621314084932 -1.2801140862680678 -2.215752413880683 -5.537998368447466 -8.17056567351705
0.2600947827368607 1.1604779717170315 1.0274449095336653 1.482731973279221 2.9532568573309588 4.044238139542783 4.0783915550929635 3.2375014125550443 1.6857244511863438 1.248340387527577 1.541123296639208 1.4708884501448845 1.541123296639208 1.3830260343343381 0.4396756451458761 0.3713688140455145 0.24329350573233643 0.3204141214908094 0.35374124472929225 -0.14726732693021516 -1.010467361883979 -1.25670247076996 -1.567112949197813 -1.7957204887675717 -1.611181872488369 -1.1520387779548897 -0.698955160373862 -0.24890128126905964 0.4308618604877652 0.6916948002137429 1.061598325083846 0.979795386225752 0.7707434313661774 0.710148661841663 0.2667051212304443 -0.1990483117966182 -0.8113309147647794 -0.48714889780862736 -0.049489403379294306 -0.44610971299429725 -1.8981807354181144 -5.223456428461123 -8.48317959810943
0.48264284535416824 0.5655475072945264 0.5988746305330093 1.239526602869466 2.8458388568102286 4.3419788025246016 4.3799882488627055 3.2267596125029705 1.4835582655909194 1.551865096691281 1.2403528951811635 1.3761402650701893 1.0423181711442284 1.1290788638725102 1.2464123721336149 1.5050418656950653 1.803884251759147 1.8545635135432867 1.6526727587184276 0.786442985288438 -0.2634991121090562 -0.8807394689474051 -1.0583923159624584 -0.7702917299504493 -0.5270863595406938 -0.5144165440946589 -0.0632609419075929 0.20831379787045767 0.41709032195946616 0.3311559215428823 0.10172208966142549 0.06646695102898104 0.21106810557611766 0.22483964410441626 0.281578382841007 -0.11889795756192001 -0.7264982374304592 -0.5515996981210658 -0.11504192677399638 -0.15415309619436446 -1.5475573644876288 -5.4363644141086205 -8.884482230824055
0.504952737770012 -0.32684818933923054 0.02955922777314024 0.7434757850801459 2.6838855637174355 4.268714217554052 4.324351233208379 3.1719488891603422 1.5948322968995727 1.8380376673093277 1.5022875579894057 0.8682459241465321 0.8889032319389805 0.9230566474891613 0.8751316934106819 0.9563837707276441 1.1808598487389128 1.355758388048307 1.9454556678300579 1.117510771508739 0.9192006167012376 0.3410714292832573 0.14276127447575604 0.5129402301164254 0.6848090309495936 0.3380416908070316 0.17305865923801322 -0.043705357197408645 -0.16764920395209737 -0.45106746686448496 -0.7859912838727099 -1.01928114654209 -0.8005891147127064 -0.29655080457697336 0.019643720032765266 -0.003767895465342619 -0.631750052355764 -0.9060790998394745 -0.7292525451361191 -0.3893709742577065 -1.4313255793087878 -5.564164291651233 -9.635581942157465
-0.15993714237625012 -0.4480377283882593 -0.28112668142527886 0.5900608458748984 2.6290748403748063 4.1202570322189915 4.130172539959367 3.434709844280282 2.684711856029133 2.259997607816401 1.7540312822867064 0.8106808930982439 0.5090841993285018 0.6261422768190408 0.6231125383428151 0.645697861529225 1.030474648009891 1.3293170340739735 1.4182811729667835 1.0078893248234815 1.0089910479057451 0.8850472011510568 0.9894354631955613 1.119438786902701 0.7823115237299483 -0.01258168012345351 -0.3717434049414843 -0.7039129142440492 -0.634504360061424 -0.9812717002039855 -1.373760548260499 -1.7029003190868384 -1.6580051034845846 -1.1872939165873344 -0.7157564373783862 -0.5769393290131353 -1.0975034853828267 -0.7350365913180044 -0.3260218970275326 0.07445444337539397 -0.4001127743097799 -4.469602409422051 -9.23510560175454
0.6633254308454473 0.06261092024105741 -0.028005803275148455 0.9591380784333037 2.5147710705899273 3.438565875068205 3.4190102903580213 2.957112888118882 2.635960609638956 2.388899208441277 2.063615468402861 1.444447096170551 0.9952195093774465 0.7159327080235487 0.6613974154514857 0.7393443235216561 0.49145663001227957 0.3694407986515529 0.46887130682586964 0.7247464926816596 0.8723773857050219 0.6349560614771521 0.3311559215428823 -0.15690740390002444 -0.6080630060870904 -0.7986610993187444 -1.0426927620401978 -1.2487149784235467 -0.9217786537617352 -1.0572905928801946 -1.095575469988865 -1.309309747948061 -1.5770284569381883 -1.7147438422211754 -1.9802591050467746 -1.9675892896007399 -1.4373850562612391 -0.33758998939130347 -0.28994046608338975 -0.5604134827791767 -0.9226049460734331 -4.596575994652965 -9.355193417721305
0.44545969132776175 0.16231685918593985 0.0997940742674639 0.8294101854967297 1.9074462214919539 2.7072971792155434 2.675898071371022 2.2902949925786578 2.2500821000760256 2.2266704845779177 2.1192524840571876 1.9914526065145761 1.6603848202942748 1.546081050509395 1.4141497114082933 0.9464682629872687 0.463087260643984 0.14468928986971763 0.400564475725508 0.4212217835179559 0.19950001321234634 -0.01643771091137758 -0.5075307748305096 -1.0594940390447223 -1.3583364251088046 -1.3368528250046585 -1.6257797033283656 -1.514505672019712 -0.9294907153375824 -0.6033806829874688 -0.4910049285965514 -0.47833511315051647 -0.775249483820637 -1.5280017797774448 -2.212722675404457 -1.9898991820165837 -1.3368528250046585 -0.5535277135150274 -1.419757486945017 -1.3856040713948359 -1.7147438422211754 -5.542680691547087 -10.245936529731665
