static/data/ASCData/20210126/ASCV/18.asc
ncols 97
nrows 97
xllcorner 99.0
yllcorner 2.0
cellsize 0.25
NODATA_value -32767
[rows 57 to 75 of 97, columns 43 to 85 of 97]
-11.038795454543253 -9.263512346342996 -8.296539555082296 -7.150117663511445 -6.549673606461943 -6.087631641440504 -5.858189390017556 -5.7332065122355615 -5.7389951928907275 -5.837665885876513 -5.897131423515947 -6.006590112268178 -5.963701251050357 -6.00185391900486 -6.078948620457755 -6.210772666286765 -6.343649199507622 -6.429426921943266 -6.454949741195589 -6.349437880162789 -6.2507671871770025 -6.018430595426473 -5.825825402718219 -5.529023958216975 -5.3103697025604735 -5.2498516775291915 -5.222487005341134 -5.2566928455762065 -5.216698324685968 -5.215645837294119 -5.116975144308333 -5.150128497151558 -5.053562778949469 -5.115133291372599 -5.0759281360262465 -5.049615951230037 -4.722555494213152 -4.2439368527701005 -3.566134972419743 -2.773085722661987 -1.7576985113762609 -1.3903804116211758 -1.2361910087153878
-11.28192004206023 -9.669772479596471 -8.529928634224675 -7.358247045249463 -6.734122021883373 -6.277079371973212 -5.893447717644477 -5.762413037359353 -5.706894327439351 -5.774253520517648 -5.731101537451864 -5.7332065122355615 -5.604276806734134 -5.776095373453383 -5.932389751142868 -6.2028790108479015 -6.336808031460608 -6.403114737147057 -6.400220396819472 -6.284973027412075 -6.201826523456053 -6.048689607942114 -5.903183226019075 -5.65400683599897 -5.554546777469298 -5.494818117981903 -5.4919237776543195 -5.517446596906643 -5.387464404013368 -5.334840034420949 -5.253798505248623 -5.1490760097597095 -5.046721610902454 -4.874639922335244 -4.824909893070408 -4.589678960992294 -4.288930688771619 -3.7721593793740635 -3.215656670934232 -2.4207655682407414 -2.2205298419415866 -1.997928758565654 -2.775190697445684
-11.347437382202791 -9.853168407626052 -8.559398281196428 -7.472441927265012 -6.816216038447546 -6.415744585849237 -6.035796637391971 -5.895289570580212 -5.840560226204095 -5.758466209639922 -5.660058638502099 -5.4919237776543195 -5.232222513715731 -5.424564584576023 -5.8776604067667515 -6.153148981583065 -6.43626808999028 -6.503627283068576 -6.448108573148574 -6.331808716349329 -6.236032363691125 -6.152096494191217 -6.0389540995675155 -5.93528409147045 -5.836613398484665 -5.848453881642959 -5.846348906859262 -5.719524176141532 -5.571912819434797 -5.459822912202944 -5.3180002361513745 -5.15802215259042 -4.966469447274015 -4.7928090276190325 -4.589678960992294 -4.357079247393802 -4.008442798844025 -3.500617632277181 -3.029103280729106 -2.03002962401703 -2.4020839170354327 -3.284857716948263 -4.068171458331421
-11.293760525218524 -9.757655176815812 -8.440204084069599 -7.4440247676851055 -6.73517450927522 -6.368908896911984 -6.183407994098706 -6.042637805438986 -5.988171582910832 -5.887395915141349 -5.644271327624373 -5.406935420762563 -5.14039298877696 -5.221434517949286 -5.730312171907978 -6.173672485724109 -6.455739106739475 -6.573091450930569 -6.517309619162606 -6.411008392585919 -6.2860255148039235 -6.225244367924679 -6.143413473208468 -6.054478288597279 -6.00185391900486 -6.012378792923345 -5.948966427564479 -5.773201033125799 -5.652164983063235 -5.48324075667157 -5.2877412236357335 -5.07882247635383 -4.877797384510789 -4.645197670912296 -4.442067604285558 -4.085800622144881 -3.690328484657852 -3.4353634139825813 -2.9362212683984863 -1.7537516836568294 -3.395368893092343 -4.412861079161766 -5.324841404198389
-11.235084353122977 -9.5779429546577 -8.341533391083813 -7.421659410608328 -6.708862324479011 -6.429426921943266 -6.254714014896434 -6.117890653956145 -6.070002477627043 -5.945019599845049 -5.649270642735653 -5.463769739922375 -5.306422874841042 -5.311422189952323 -5.693211991345322 -6.128678649722591 -6.395221081708193 -6.509415963723743 -6.490997434366395 -6.39732605649189 -6.2760268845813645 -6.217613834333779 -6.11104948590913 -6.011589427379458 -5.947913940172631 -5.848453881642959 -5.76451801214305 -5.656901176326553 -5.5750702816103415 -5.375623920855073 -5.2282756859963 -5.00356962783667 -4.7625500151033915 -4.5388964443356095 -4.291825029099202 -3.8981947445479075 -3.4400996072458994 -3.4411520946377476 -2.8357087224769657 -1.9713534519214824 -4.2078891595992935 -5.703999987111769 -6.465474615114073
-10.808300715728459 -9.307453694952665 -8.186291500786178 -7.414818242561314 -6.96356427330632 -6.632556988570004 -6.4070615648664875 -6.239979191410557 -6.0692131120831565 -5.9305478982071325 -5.74188953321831 -5.583753302593091 -5.390358744340951 -5.327998866373934 -5.647165667951956 -6.050531460877848 -6.324967548302314 -6.403114737147057 -6.3415442247239255 -6.256555867832169 -6.162884489957663 -6.091578469159935 -5.927390436031588 -5.7868833692198285 -5.611117974781148 -5.478241441560291 -5.406146055218676 -5.352206076386447 -5.294582391682748 -5.234064366651467 -5.137498648449377 -4.8591157333054795 -4.70966252366301 -4.481272759631911 -4.247883680489532 -4.030018790376917 -3.7303230055480907 -3.0438381042149834 -2.3602475432094594 -2.681519319571178 -5.417723416529009 -6.803586189745365 -6.983298411903476
-10.457822414242948 -9.269301026998162 -7.919749068800574 -7.398241566139701 -7.13064664676225 -6.819110378775129 -6.620979627259671 -6.403114737147057 -6.12367933461131 -5.9305478982071325 -5.762413037359353 -5.500869920485031 -5.203805354135826 -5.188281165106061 -5.510605428859629 -5.952913255283911 -6.2457678720657235 -6.288919855131507 -6.19893218312847 -6.113943826236714 -5.972384272033105 -5.840560226204095 -5.622695336091481 -5.347469883123129 -5.156969665198572 -5.012515770667382 -4.920686245728611 -4.962785741402546 -5.053562778949469 -5.133551820729945 -4.942262237261502 -4.865956901352495 -4.786757225115904 -4.564156141739971 -4.387338259909443 -4.102377298566493 -3.3230103849027666 -2.324989215582539 -2.7488785126494744 -4.779126691525003 -6.803586189745365 -7.1872178440741 -7.246946503561496
-9.731342992019602 -9.002758595012558 -7.855284216049862 -7.262470692591259 -6.8835752315258425 -6.561250967772276 -6.394431716164307 -6.2507671871770025 -6.031060444128653 -5.770306692798217 -5.382465088902087 -5.068034480587384 -4.934368581822639 -5.000675287509088 -5.315105895823791 -5.783989028892245 -6.095525296879367 -6.151044006799369 -6.128678649722591 -6.015273133250927 -5.876607919374903 -5.657953663718402 -5.399304887171662 -5.074086283090512 -4.819121212415242 -4.641250843192865 -4.623884801227367 -4.827804233397991 -4.945945943132972 -5.001727774900935 -4.986992951415059 -5.009621430339799 -4.647302645695993 -4.549684440102055 -4.132636311082134 -3.0583098058528986 -2.359195055817611 -4.156054155550761 -6.025271763473487 -6.7935875595228055 -7.472441927265012 -7.285888537059886 -7.235106020403202
-9.067223447763272 -8.96644777999379 -8.072885984314514 -7.29378219249875 -6.811216723336266 -6.539938098087346 -6.338649884396343 -6.168673170612829 -5.953965742675759 -5.664794831765416 -5.3835175762939365 -5.253798505248623 -5.253798505248623 -5.393253084668534 -5.574017794218493 -5.844507053923527 -6.091578469159935 -6.145255326144202 -6.160779515173966 -6.0515839482696965 -5.951071402348177 -5.679529655251294 -5.398252399779814 -5.056457119277051 -4.759655674775808 -4.610991830677224 -4.698874527896564 -4.905951422242733 -5.0582989722127865 -5.3180002361513745 -5.195122333153076 -5.111186463653167 -4.976204955648613 -4.849380224930883 -3.9997597778612763 -2.5428541056951537 -2.682308685115064 -6.0213249357540555 -7.406135221578564 -7.346406562091168 -7.316147549575527 -7.16958868026064 -6.828845887149726
-8.98013011608782 -8.875670742446868 -8.216550513301819 -7.529013124576863 -7.071181109122817 -6.704915496759579 -6.452844766411892 -6.140519132880884 -5.901078251235377 -5.653217470455084 -5.53586512626399 -5.637430159577359 -5.68531833590646 -5.835824032940778 -5.890290255468932 -6.0818429607853375 -6.095525296879367 -6.120784994283728 -6.204720863783637 -6.139466645489037 -6.0036957719405954 -5.762413037359353 -5.521130302778112 -5.169599513900753 -4.895163426476287 -4.7935983931629185 -4.872798069399509 -5.1490760097597095 -5.358257878889575 -5.419565269464743 -5.243010509482177 -5.211699009574688 -4.849380224930883 -4.343396911299773 -3.0827801377133737 -2.0466063004386417 -4.669668002772771 -7.168799314716754 -7.324041205014391 -7.487176750750889 -7.26747000770254 -6.873839723151245 -6.4675795898977695
-8.778052536852929 -8.719376364757382 -8.257597521583905 -7.676624481283598 -7.295624045434484 -6.938304575901958 -6.595456808007348 -6.282078687084493 -5.97922544008012 -5.7332065122355615 -5.666636684701151 -5.798723852378123 -5.845559541315376 -5.956860083003342 -6.031060444128653 -6.061319456644294 -6.07210745241074 -6.0818429607853375 -6.162884489957663 -6.196037842800887 -6.0642137969718775 -5.8776604067667515 -5.6608480040459845 -5.315105895823791 -5.121711337571651 -5.025145619369562 -5.1667051735731695 -5.445088088717067 -5.571123453890911 -5.5398119539834205 -5.546653122030436 -4.622832313835518 -3.7048001862957674 -2.7028321892561076 -1.6082453017337905 -4.206836672207445 -6.812269210728115 -7.337723541108419 -7.114069970340639 -7.314305696639792 -6.919622924696649 -6.591509980287917 -6.160779515173966
-8.529139268680787 -8.44520339918088 -8.228390996460112 -7.8055541867850255 -7.4440247676851055 -7.133540987089833 -6.791745706587071 -6.4373205773821285 -6.131572990050174 -5.848453881642959 -5.734258999627409 -5.776095373453383 -5.80845936075272 -5.890290255468932 -5.946072087236896 -5.976331099752537 -5.995802116501732 -6.009484452595761 -6.0994721245987975 -6.180513653771124 -6.0768436456740575 -5.933442238534716 -5.717419201357835 -5.485082609607305 -5.291688051355165 -5.347469883123129 -5.494028752438016 -5.653217470455084 -5.7634655247512026 -5.722418516469116 -5.1667051735731695 -3.5621881447003116 -2.300518883722064 -1.4022208947794699 -3.7429528542502712 -6.319178867647148 -7.194059012121115 -7.203794520495713 -7.068023646947271 -7.015399277354852 -6.692022526209437 -6.404956590082791 -5.982119780407704
-8.430468575695002 -8.293645214754712 -8.15787434120627 -7.842654367347681 -7.529013124576863 -7.222476171701022 -6.958828080043002 -6.604139828990097 -6.2936560483948245 -6.011589427379458 -5.844507053923527 -5.81214306662419 -5.822931062390635 -5.821089209454901 -5.865030558064571 -5.839507738812248 -5.859241877409405 -5.906866931890544 -5.981330414863817 -6.1121019733009785 -6.01053693998761 -5.894237083188363 -5.693211991345322 -5.5095529414677795 -5.478241441560291 -5.534023273328255 -5.650060008279539 -5.760571184423619 -5.651112495671388 -5.356152904105878 -3.7282180307643937 -1.9987181241095402 -1.3317042395256284 -3.7829473751405094 -6.1247318220031595 -6.820162866166978 -7.225370512028604 -7.073022962058551 -7.008558109307838 -6.797534387242237 -6.65597483303863 -6.32207320797473 -6.143413473208468
-8.433362916022585 -8.261544349303337 -8.024208442441527 -7.750824842408909 -7.423501263544063 -7.099335146854761 -6.8717347483675475 -6.768327862118445 -6.48520875371123 -6.238137338474822 -6.093420322095669 -6.025271763473487 -5.977383587144386 -5.918707415048838 -5.792672049874994 -5.772148545733952 -5.795566390202578 -5.850295734578694 -5.898183910907795 -6.0289554693449565 -5.895289570580212 -5.862136217736988 -5.655059323390819 -5.619800995763898 -5.603224319342286 -5.585595155528825 -5.711630520702669 -5.411934735873842 -5.144339816496391 -4.253672361144698 -1.984246422471625 -1.4069570880427875 -3.227234032244564 -5.5524418026856015 -6.659921660758061 -7.078022277169831 -7.115911823276372 -7.020398592466131 -6.855158071945937 -6.6793926775072565 -6.544674291350663 -6.288919855131507 -6.213667006614347
-8.489144747790549 -8.161031803381816 -7.782925707860285 -7.484019288575344 -7.144328982856279 -6.812269210728115 -6.614138459212657 -6.583879446697016 -6.627820795306686 -6.460738421850754 -6.396273569100042 -6.305496531553119 -6.183407994098706 -5.985014120735286 -5.833719058157081 -5.7213660290772665 -5.727417831580395 -5.796618877594426 -5.879765381550449 -5.911866247001823 -5.772148545733952 -5.820036722063053 -5.719524176141532 -5.710578033310821 -5.628747138594609 -5.512447281795363 -5.029092447088994 -4.50758494442812 -4.091589302800047 -3.3503750570908246 -2.2721017241421575 -2.8728089030396213 -4.484167099959494 -5.848453881642959 -6.736226996667069 -6.959617445586888 -6.8717347483675475 -6.695969353928868 -6.673603996852091 -6.631504501178155 -6.48520875371123 -6.34838539277094 -6.415744585849237
-8.284962193771962 -7.870808405079625 -7.563218964811934 -7.300623360545764 -6.85436870640205 -6.463632762178339 -6.289709220675393 -6.3768025523508465 -6.562303455164123 -6.66860468174081 -6.723334026116927 -6.537833123303649 -6.3231256953665795 -6.128678649722591 -6.008431965203913 -5.857136902625708 -5.772148545733952 -5.7937245372668436 -5.792672049874994 -5.74688884832959 -5.718471688749684 -5.735048365171296 -5.728207197124282 -5.593488810967688 -5.312211555496209 -4.731238515195901 -3.9284537570635485 -3.1677684946051303 -2.8104490250726046 -2.621790660083782 -2.8649152476007584 -3.817153215375582 -5.056457119277051 -6.083684813721073 -6.606244803773794 -6.6725515094602414 -6.525203274601468 -6.545726778742512 -6.534938782976067 -6.48520875371123 -6.404956590082791 -6.443109258037294 -6.515467766226871
-7.9431669132692 -7.592425489935728 -7.372718746887378 -7.199058327232395 -6.850421878682619 -6.567039648427442 -6.425480094223834 -6.484156266319381 -6.661763513693796 -6.830950861933424 -6.874892210543093 -6.659921660758061 -6.4744207579447846 -6.270238203926198 -6.126836796786856 -6.014483767707041 -5.903183226019075 -5.80346004564144 -5.7029474997199205 -5.655059323390819 -5.662952978829681 -5.634535819249775 -5.614012315108732 -5.199069160872507 -4.476273444520631 -3.4498351156204965 -2.5154894335070956 -1.9910875905186396 -1.9879301283430943 -2.1571174765827217 -3.0164734320269257 -4.209731012535029 -5.305370387449194 -5.997907091285429 -6.210772666286765 -6.205773351175484 -6.144202838752355 -6.147360300927899 -6.097367149815101 -6.334703056676911 -6.2810261996926435 -6.443109258037294 -6.633609475961851
-7.480335582703875 -7.225370512028604 -7.097493293919026 -7.044605802478644 -7.0475001428062285 -6.875681576086979 -6.788851366259488 -6.813321698119963 -6.923569752416081 -7.0574987730287875 -7.026187273121298 -6.878575916414563 -6.680445164899105 -6.501785430132841 -6.347332905379092 -6.241031678802406 -6.093420322095669 -5.890290255468932 -5.797671364986274 -5.745836360937742 -5.6784771678594455 -5.639535134361055 -5.172493854228335 -4.411019226226031 -3.172504687868448 -2.1071243254699237 -1.5164157767950193 -1.3435447226839226 -1.6569228436067784 -1.95977609061115 -2.9998967556053135 -4.224465836020906 -5.222487005341134 -5.6734778527481655 -5.837665885876513 -5.825036037174332 -5.757676844096036 -5.794777024658691 -5.840560226204095 -6.01053693998761 -6.053425801205432 -6.236032363691125 -6.560198480380427
-7.068023646947271 -6.9617224203705845 -6.817268525839395 -6.778063370493042 -6.857263046729633 -6.895152592836174 -6.869892895431813 -6.899099420555606 -6.960669932978736 -6.959617445586888 -6.9919814328862255 -7.039869609215327 -6.857263046729633 -6.725439000900623 -6.596509295399196 -6.466527102505921 -6.273132544253781 -6.082895448177186 -5.965543103986091 -5.866083045456419 -5.6911070165616255 -5.387464404013368 -4.592573301319877 -3.502722607060878 -2.433395416942922 -1.8455812085956007 -1.3727512478077153 -1.129626660290739 -1.1677793282452429 -1.5164157767950193 -2.518383773834679 -3.6834873166108375 -4.79754522088235 -5.2877412236357335 -5.4616647651386785 -5.452981744155929 -5.490871290262471 -5.550599949749866 -5.6100654873893 -5.639535134361055 -5.814248041407886 -6.057372628924863 -6.366014556584401
