static/data/ASCData/20210126/ASCV/21.asc
ncols 97
nrows 97
xllcorner 99.0
yllcorner 2.0
cellsize 0.25
NODATA_value -32767
[rows 19 to 37 of 97, columns 0 to 42 of 97]
-0.043671786138445245 -0.0017812441119087197 0.8077599054806628 0.32152122134442607 -0.30632291467292383 -0.6833377929117503 -0.726256323699674 -0.022084022149309934 1.5157871648862296 1.2179274212742328 0.8000499897702573 0.7707523100707165 0.614498018339833 -0.3327936252786494 -0.6355363155072364 -0.31917277419026613 0.07634590175353306 0.7668973522155138 1.4425429656373776 1.4114463056054092 0.729632759615221 -0.2721422883567932 -0.2389896508020497 0.2834856371730927 0.8185537874752304 1.0187545987554252 0.5597576167959546 0.8136708408586406 1.246454109402733 0.8840880710136769 0.2618978731839574 -0.0904452747815716 0.2130684070180564 -0.5340224253202313 -2.196023255293299 -3.213732129066817 -3.8377213072289647 -4.1199042222298035 -3.4812662042178864 -2.3502215695014073 -1.2790572801357443 -0.9089813260362827 -0.8347091380260436
-0.20763599357973428 -0.08659031692636887 -0.32302773204546886 -0.5124346613310959 -0.6882207395283402 -0.8298261914094538 -0.3572083583615999 0.17117786499151988 0.04627723048295174 0.12723134544220915 -0.12179893200388703 0.49627931078028276 0.8450244980809556 0.5977932009672879 -0.7185464079892685 -0.4412464396050191 0.2942795191676604 1.024665534133403 1.3469400108283507 1.0657850845888985 1.391914519139049 1.2716398340567237 0.9573322702625289 0.762014405598924 1.0783779469158938 1.3469400108283507 1.165242997253129 1.2297492920301876 1.1380012950763625 1.1847747837194893 0.6085870829618556 -0.03493388166665223 -0.6226864559898941 -1.592593852358899 -2.8914576523718694 -3.4216428560574172 -3.720530588430802 -3.0710986884243163 -2.1150691403340414 -0.8092664161817056 0.029572413110406703 0.2911955528834982 0.21024143792424077
-0.015402095200291566 -0.2808801928285858 -0.46360519516519494 -0.6013556891911054 -0.8678617755807871 -0.9030703906583053 -0.5494422567410422 -0.15803553584279273 -0.260577414791185 -0.24592857494141462 0.19559259807447038 0.6350577935675812 1.0197825875168123 0.32152122134442607 -0.6226864559898941 -0.27908121249615814 0.4240631002928188 0.8917979867240824 1.384975594999684 1.0323754498438085 1.2503090672579358 1.432777072404198 1.2873166626678811 1.0452253093611503 1.3029934912790395 1.4553928251547203 1.513988184553802 1.5335199710201621 1.244398131879958 1.074522989060691 0.7442815994649914 -0.1521246004648149 -0.9441899411138008 -1.9539319019865675 -2.823096399739608 -3.1199281545902178 -2.8747528349993243 -1.861926907842396 -0.5828518914861327 0.6047321251066529 1.3644158197719358 1.6273239454967614 1.6214130101187845
0.5872563161630673 -0.2574934485070228 -0.49393086362612326 -0.5193735854704609 -0.8054114583265028 -0.8912485199023505 -0.6756278772013449 -0.22048585309707658 0.032399382204221894 0.036511337249771625 0.574406456645725 1.2775507694347015 0.9699251325895242 0.4366559626198141 -0.1189719629100714 0.16912188746874524 0.4659536423193549 0.6155260071012205 1.2726678228181116 1.2081615280410523 1.2855176823354535 1.466186707149288 1.3214972889840126 1.1634440169207005 0.9894569190558844 1.0403423627445605 1.3302351934558052 1.5461128333471574 0.974808079206114 0.6661544535995496 0.337198049955584 0.09690567698128083 -0.8162053403210705 -1.6170085854418494 -2.2330308507032446 -2.3951960778121055 -2.0125272613856486 -0.8054114583265028 0.39862037844848075 1.4962553784198693 2.1585371379436973 2.5059973392926356 2.4376360866603743
0.5579586364635265 -0.16086250493660792 -0.3924169734391181 -0.35232541174500964 -0.6393912733624392 -0.22331282219089177 -0.005636201967111454 -0.022084022149309934 0.10564358145307384 0.607559094200468 0.7735792791645322 1.2112454943252144 0.8478514671747712 0.3156102859664487 0.5217220326246208 0.810843871764825 0.296078499500088 0.3469639431887641 1.0686120536827142 0.9719811101122993 1.1076756266154346 1.2911716205230839 1.147767188309543 1.0061617364284299 0.8321746385636137 0.754047492698172 1.0169556184229975 1.2883446514292691 0.45053381089854394 0.1781167891308848 0.36058479427714696 0.11952142973180369 -0.36389028531061784 -1.1667495079541714 -1.6930797537845166 -1.807443503488864 -1.3551284484784114 -0.29064608606176634 0.8010779785316444 1.65353765891214 2.3165904100070085 2.570503634069694 2.502142381437433
-0.04855473275503508 -0.15803553584279273 -0.1696004094084005 -0.20969197110250892 -0.08376334783255324 0.33334309210038127 0.8694392311639065 0.607559094200468 0.19841956716828602 1.0208105762782003 0.999222812289065 0.7393986528484016 0.77949021454251 0.6448236868007609 0.8509354334589334 1.0773499581545067 0.443594886759179 0.238511128862394 0.7257778017600183 0.3734346537944897 0.6019051560128377 0.9074748153352399 1.0588461604495336 0.9182686973298075 0.853762402552749 0.827291691947023 0.706246015293658 0.6769483355941173 -0.15495156955863054 -0.062175583843417925 0.2025315222138353 0.15447304761897485 -0.33073764775587433 -0.915663252985301 -1.4276016561562224 -1.4527873808102136 -1.1091821373164774 -0.28010920125754524 0.418152164914841 1.2366882161695525 1.6419727853465318 1.8958860094092183 2.136949373954562
-0.2682873305015905 0.051160177099542015 -0.004608213205724354 -0.09635621015954898 0.023661477732429326 0.3518468898053544 1.0187545987554252 1.1760368792476967 0.42791805814802153 0.9290625793243752 1.2081615280410523 1.0822329047710966 1.2970825559010617 0.9465383882679612 0.9388284725575557 1.1575330815427236 1.0549912025943309 0.639940740184171 0.38217255826628227 0.24827702209557456 0.40658729134923277 0.37240666503310216 0.6319738272834186 0.68080329344932 0.5998491784900626 0.6926251642052748 0.4006763559712554 -0.19889808910794127 -0.7537550230667867 -0.341531529750442 0.19173764021926765 0.1262033566808216 -0.3687732319272081 -0.9431619523524137 -1.3551284484784114 -1.3582124147625736 -1.1726604433321492 -0.6160045290408758 -0.15700754708140519 0.19559259807447038 0.6214369424791979 0.9542483039783667 1.2405431740247552
-0.5016407793365283 0.05501513495474475 -0.06911450798278285 -0.058320625988215635 0.20638648006903804 0.20330251378487585 0.19173764021926765 0.7951670431536675 0.6106430604846302 1.1554771040199485 0.8792051243970871 1.195568665714057 0.949365357361776 0.8938539642468575 1.1194974973713894 1.4309780920717694 1.4962553784198693 0.8293476694697981 0.4669816310807424 0.5050172152520758 0.5001342686354855 0.060926070332722126 -0.2302517463302567 -0.17345536726360322 0.0658090169493124 0.3040454124008405 0.19173764021926765 -0.6648339952067772 -0.9089813260362827 -0.24669956651245517 0.20921344916285367 0.029572413110406703 -0.4684881417817852 -0.971431643290567 -1.3533294681459833 -1.3512734906232087 -1.1541566456271761 -0.7565819921606018 -0.34924144546084745 0.016979550783410957 0.2893965725510701 0.5764624341684996 0.7728082875934916
-0.8943324861865123 -0.4021828666722982 -0.20866398234112138 0.6409687289455581 1.3497669799221654 1.146739199548156 0.3664957296551248 -0.08479133659394078 -0.1189719629100714 -0.23513469294684697 -0.00075325535052162 0.1652669296135425 -0.029022946288674856 -0.14724165384822507 -0.05626464846544055 0.29325153040627283 0.5921392627796571 -0.07091348831521094 -0.5944167650517409 -0.3659462628333925 0.09510669664885274 -0.10226714553752636 -0.5270835011808663 -0.7301112815548767 -0.5933887762903534 -0.2703433080243651 -0.11203303877070647 -0.5124346613310959 -0.5319664477974566 -0.043671786138445245 0.16629491837493005 -0.10920606967689128 -0.604182658284921 -1.020261109456468 -1.2448766538196132 -1.2291998252084557 -0.9107803063687108 -0.37082920944998277 0.2618978731839574 0.6214369424791979 0.7805182033038971 1.1516221461647458 1.4065633589888193
-1.0397928959228286 -0.7653198966323949 -0.3024679568177211 0.6671824423609367 1.2384871965019801 1.1261794243204077 0.39964836720986785 -0.5738569898239927 -0.5124346613310959 -0.42454162223247405 0.03162839063318135 -0.35232541174500964 -0.636564304268624 -0.8395920846426339 -0.8033554808037282 -0.48801992824814544 -0.3484704538898069 -0.636564304268624 -1.1032712019385 -1.6637820740849758 -1.4928789425043218 -0.9254291462184812 -0.6003277004297183 -0.24978353279661736 -0.18733321554233306 -0.34255951851182953 -0.03981682828324251 0.02571745525520397 -0.0182290642941072 0.05784210404855994 -0.09250125230434625 -0.37082920944998277 -0.7067245372333133 -1.027200033595833 -1.2176349516428475 -1.1852533056591446 -0.742961141072219 0.13982420776920446 0.7532765011271314 0.7864291386818749 0.5481927432303464 0.29710648826147557 0.11952142973180369
-0.9459889214462289 -0.6951596636677051 -0.6979866327615203 -0.2634043838850002 -0.31017787252812656 -0.2947580411073156 0.33617006119419646 0.5538466814179768 -0.08864629444914351 -0.4060378245275009 -0.0914732635429587 -0.8922765086637376 -1.0104952162232879 -0.8113223937044807 -0.5427603297920243 -0.2536384906518201 -0.4831369816315556 -0.3875340268225278 -0.6666329755392049 -1.373889243373731 -1.6208635432970522 -1.2888231733689244 -0.9313400815964585 -0.4743990771597626 -0.1636894740304231 -0.3142898275736763 -0.2711142995954057 -0.2145749177190992 -0.09455722982712089 -0.04572776366121989 -0.3142898275736763 -0.7224013658444712 -1.0729455334775722 -1.3885380832235015 -1.590537874836124 -1.364123350140551 -0.7604369500158046 0.25701492656736713 0.7679253409769018 0.46903760860351706 -0.5006127905751412 -0.996874365134905 -1.1559556259596038
-0.1295088477142925 -0.694131674906318 -0.9040983794196928 -1.1053271794612747 -0.9498438793014317 -0.33664858313385215 0.3351420724328089 0.9329175371795779 0.22489027777401116 -0.9459889214462289 -0.6794828350565476 -0.7439891298336065 0.5422818078523686 0.7913120852984648 0.5042462236810352 0.3497909122825793 -0.7887066409539578 -1.1541566456271761 -1.1071261597937028 -1.013322185317103 -1.1921922297985095 -1.289851162130312 -1.1873092831819192 -1.2947341087469018 -1.0652356177671667 -0.3024679568177211 0.01980651987722659 -0.5671750628749748 -0.8269992223156382 -0.7635209162999668 -0.8367651155488187 -1.2127520050262572 -1.4733471560379614 -1.7663239530333683 -1.7575860485615755 -1.4568993358557631 -0.5368493944140469 0.6661544535995496 1.0696400424441013 0.5196660551018462 -0.49393086362612326 -1.3240317884464425 -1.4928789425043218
0.5412538190909815 -0.301439968056334 -0.9686046741967518 -1.1168920530268829 -0.8503859666372016 -0.2418166198958649 -0.24978353279661736 0.10769955897584849 -0.10715009215411664 -1.2926781312241271 -1.0739735222389593 -0.17268437569256267 0.975836067967502 1.3497669799221654 1.0598741492109207 0.22206330868019597 -0.7244573433672459 -0.7928185959995075 -0.4908468973419611 -0.39036099591634343 -0.7702028432489847 -0.962693738818774 -1.0886223620887296 -1.1950191988923247 -1.052385758249824 -0.3834220717769785 0.37728961164969244 -0.1032951342989139 -0.6463301975018041 -1.0593246823891889 -1.3777442012289338 -1.7555300710388007 -2.010471283862874 -1.650161222996593 -1.5846269394581467 -1.086566384565955 -0.17062839816978803 0.7463375769877665 0.574406456645725 0.04627723048295174 -0.9400779860682515 -1.7740338687437738 -2.7262084589788462
0.12132041006423133 -0.05061071027781017 -0.6422182424562544 -1.0182051319336933 -0.7516990455440116 -0.7360222169328541 -0.7439891298336065 -0.10920606967689128 -0.037760850760467424 -1.0115232049846754 -0.7879356493829173 0.0804578567990828 0.5481927432303464 0.9241796327077854 0.9866299499620697 0.1537020560479343 0.0773738905149206 0.23465617100719127 0.6085870829618556 0.5050172152520758 0.01980651987722659 -0.6031546695235335 -0.734223236600426 -1.084767404233527 -0.9441899411138008 -1.2361387493478206 -0.6871927507669531 -0.31608880790610394 -0.5389053719368215 -1.0906783396115043 -2.5260076476986515 -2.899167568082275 -1.4782301026545515 -1.1081541485550903 -0.9686046741967518 -0.49007590577092053 0.0013027221722534676 0.23953911762378155 -0.15700754708140519 -0.8953604749478998 -1.8806877027377158 -2.6951117989468774 -3.64728638918195
-0.7712308320103722 -0.2682873305015905 -0.23693367327927506 -0.8015565004713001 -1.0896503508501172 -1.0739735222389593 -0.5867068493413354 0.26395385070673205 0.556930647702139 -0.17165638693117558 0.20921344916285367 0.2277172468678268 0.5050172152520758 0.509900161868666 0.5726074763132969 0.6720653889775274 0.7229508326662026 0.8049329363868472 1.074522989060691 1.0783779469158938 0.8077599054806628 0.12132041006423133 -0.5103786838083213 -0.8619508402028098 -1.1451617439650361 -1.7097845711570618 -2.1178961094278566 -1.516265686825885 -1.257469516146609 -1.3854541169393393 -3.0623607839525238 -3.226324991393813 -1.8033315484433146 -0.39036099591634343 -0.260577414791185 -0.2849921478741355 -0.2574934485070228 -0.4224856447096994 -0.9840245056175627 -1.7349702958110529 -2.3648704093511776 -3.1813504830831145 -3.676584068881491
-0.9177192305080757 -0.5183455967090738 -0.3405035409890549 -0.3728851869727574 -0.849357977875814 -0.8336811492646565 -0.11974295448111194 0.010040626644046036 0.2678088085619348 0.2981344770228631 1.1164135310872272 0.5929102543506977 0.28554161469586736 0.32460518762858825 0.5831443611175176 0.7668973522155138 0.7101009731488608 0.6985360995832526 0.9036198574800371 1.0919987980042771 0.9884289302944973 0.8010779785316444 0.04319326419878955 -0.768403862916557 -1.135395850731856 -1.3397086170576005 -1.9860565507799235 -2.206817137287866 -1.9351711070912476 -1.7105555627281024 -2.441198574884192 -2.650137290636179 -1.5388814395764077 -0.04958272151642262 -0.09738419892093653 -0.3777681335893477 -0.7653198966323949 -1.1207470108820856 -1.5779450125091286 -2.0875704409669282 -2.67943497033572 -3.131493028155826 -3.5064519288718774
-0.6453022087404165 -0.6031546695235335 -0.37571215606657304 -0.1685724206470134 0.19353662055169574 0.132114292058799 -0.2965570214397437 -0.6715159221557951 -1.0662636065285538 -0.9197752080308503 0.2521319799507773 0.5900832852568825 0.22283430025123652 0.18865367393510546 0.4045313138264581 0.3957934093546651 0.25136098837973675 0.14779112066995692 0.30198943487806584 0.6057601138680404 0.59111127401827 0.5255769904798235 0.03728232882081217 -0.8025844892326877 -1.4957059115981373 -1.8855706493543058 -1.9742346800239685 -2.0718936123557707 -2.0397689635624148 -1.5661231417531736 -1.4743751447993487 -1.110210126077865 -0.350269434222235 0.2942795191676604 0.17323384251429497 -0.5291394787036414 -1.0017573117514948 -1.4108968387836773 -1.8855706493543058 -2.2273769125156138 -2.606190771086868 -3.0250961913522305 -3.341459732669201
-0.10226714553752636 -0.5748849785853802 -0.42454162223247405 0.5618135943187292 1.1829758033870617 0.6417397205165987 -0.10997706124793183 -0.03596187042803978 -0.37365617854379796 -1.21660696288146 -0.6178035093733039 0.2171803620636057 0.04139428386636146 0.007213657550230845 -0.0035802244443368103 -0.20095406663071635 -0.2361626817082345 -0.2048090244859191 -0.6491571665956193 -0.5584371584031818 -0.45769425978721756 -0.5242565320870511 -0.866062795248359 -1.4304286252500378 -2.024092134951257 -2.359987462734588 -2.261557538831745 -1.739853242427643 -1.7429372087118051 -1.51832166434866 -0.9490728877303911 -0.4119487599054783 0.11463848311521341 0.5862283274016797 0.5782614145009273 -0.2711142995954057 -1.0467318200621936 -1.6051867146858945 -2.0729216011171583 -2.3463666116462045 -2.626750546314616 -2.8914576523718694 -3.145370876434556
0.6193809649564233 0.24545005300175893 0.394765420593278 1.4368890274497472 2.0110207506846063 1.0657850845888985 -0.14724165384822507 -0.3474424651284198 -0.612149571185673 -1.1754874124259644 0.11361049435382586 0.6291468581896034 0.01286759573786167 -0.22819576880748205 -0.3443584988442576 -0.6023836779524929 -0.7614649387771921 -0.7809967252435523 -1.218405943213888 -1.6218915320584397 -1.7359982845724402 -1.8423951213760354 -2.000705390629694 -2.1883133395828933 -2.469468265822345 -2.536801529693219 -2.425521746273034 -1.934400115520207 -1.5730620658925385 -1.5152376980644977 -1.5622681838979708 -1.3122099176904878 -0.49675783271993845 0.47494854398149444 0.8527344137913611 0.2374831401010069 -0.39138898467773053 -1.1482457102491983 -1.878631725214941 -2.396224066573493 -2.6969107792793054 -2.998882477936852 -3.3180729883476374
