static/data/seaWind_uo/2023/7/3/0.asc
ncols 137
nrows 93
xllcorner 108.0
yllcorner 17.0
cellsize 0.25
NODATA_value -32767
[rows 57 to 75 of 93, columns 86 to 128 of 137]
3.625861788968231 3.6739118375020445 3.6907293544888797 3.663500993653052 3.572205901438806 3.536969199180676 3.5313633601850642 3.505736667633697 3.4977283262113947 3.4865166482201713 3.513745009055999 3.469699131233337 3.2294488885642694 2.917123573094481 2.6312257843182896 2.479868131436777 2.6848816718477146 2.91311940238333 2.825828480880235 2.611204930762534 2.4246105756228915 2.293273776297134 2.03140101178785 1.9441100902847555 1.9905584705341082 2.0866585676017357 2.1771528256737516 2.17154698667814 2.072243553041592 1.8904542027553304 1.7398973840160479 1.613365589543672 1.5573071995875556 1.5965480725568368 1.690245667197774 1.7198765304602923 1.5484980240230235 1.1464792846234495 0.6179287507515001 0.030116490354513914 -0.4303631414278666 -0.6337750135543441 -0.7394851203287338
3.2959181223693776 3.2879097809470754 3.1805980058882253 3.1173321086520374 3.070082894260454 3.0820954063939072 3.12774295250103 3.23505472755988 3.280702273667003 3.398424892574847 3.4905208189313224 3.488118316504632 3.257478083542327 2.938746094934697 2.624819111180448 2.467054785161093 2.5183081702638277 2.66566165243419 2.598391584486851 2.5022914874192232 2.346128829684329 2.077048557894973 1.703859847615687 1.5885397311345346 1.5500996923074841 1.630983940672737 1.7142706914646806 1.730287374309285 1.6389922820950393 1.4187628929817269 1.2754135815225163 1.1985335038684144 1.1584917967569028 1.1632968016102843 1.2802185863758977 1.2970361033627325 1.0687983728271178 0.6691821358542347 0.15424578240019882 -0.403935614734269 -0.7819293298669359 -0.9509053338775137 -1.0293870798160758
2.9827919727573593 2.8386418271559184 2.7305292179548375 2.634429120887211 2.588781574780088 2.643238296451743 2.7897909444798743 2.903509392676567 3.05646871384254 3.1926105180216786 3.30312562964945 3.343167336760961 3.140556298776714 2.8594635148539047 2.5495407018108067 2.3493321662532503 2.3044854542883573 2.3669505173823153 2.31489629813735 2.2236012059231043 2.0890610700284262 1.8047649495366955 1.381924522439136 1.204940177006256 1.1632968016102843 1.2137493525707885 1.2978369375049623 1.2914302643671207 1.2081435135751772 1.0111383145865416 0.915038217518914 0.8405606422915031 0.8181372863090566 0.8269464618735891 0.9334574027902094 0.9502749197770441 0.7204355209569693 0.30400176699725145 -0.21573959131016585 -0.5937333064428327 -0.8932452756369373 -1.0582171089363641 -1.1447071962972286
2.592785745491239 2.449436434032028 2.2988796152927455 2.189165337807205 2.1603353086869164 2.2308087132031766 2.382166366084689 2.5743665602199433 2.7305292179548375 2.890696046400883 2.989198645895201 3.042854533424626 2.9323394217968546 2.6504458037318153 2.3253071419863436 2.104276918730801 1.955321768275979 1.914479227022237 1.8928567051820209 1.9393050854313736 1.8095699543900774 1.4572029318087774 1.0167441535821529 0.8357556374381216 0.8085272766022942 0.8565773251361075 0.8669881689851007 0.854174822709417 0.8205397887357475 0.7012155015434436 0.6123229117558884 0.5418495072396285 0.5178244829727219 0.5410486730973982 0.6259370921738023 0.613924580040349 0.4001018640648786 -0.012327719183688135 -0.36629641004944835 -0.7138584277773667 -0.945299494881902 -1.146308864581689 -1.2568239762094602
2.219597035211953 2.1058785870152614 1.955321768275979 1.8408024859370564 1.8167774616701489 1.8704333491995748 2.0065751533787126 2.1995761816561976 2.35093383453771 2.508698160557065 2.5871799064956273 2.612005764904764 2.511901497125986 2.2940746104393646 1.9681351145516621 1.730287374309285 1.57332388243216 1.5028504779159007 1.5364855118895702 1.5837347262811536 1.4572029318087774 1.0872175580984127 0.5979078971957446 0.45375775159430365 0.4393427370341598 0.45055441502538285 0.46096525887437556 0.47538027343451983 0.5058119708392685 0.4641685954432968 0.45135524916761316 0.3808818446513529 0.2279225234853799 0.2383333673343726 0.267964230596891 0.23673169904991243 0.03492149520789534 -0.20052374260779127 -0.5544924334735515 -0.8251743735473682 -1.0694287869275871 -1.3280982148679503 -1.5539334429768743
1.9088733880266253 1.797557442256624 1.6998556769045359 1.5965480725568368 1.5348838436051095 1.5613113702987067 1.6926481696244644 1.8632258419195025 2.0113801582320945 2.0842560651750452 2.126700274713247 2.1106835918686424 1.9785459584006548 1.7679265789941057 1.564514706867628 1.3426836494698553 1.2385752109799255 1.180114318597119 1.2169526891397098 1.2561935621089906 1.1296617676366147 0.6555679554363207 0.13902993369782468 0.03892566591904645 0.09898822658631312 0.10379323143969454 0.09738655830185294 0.11260240700422708 0.28398091344149545 0.384886015362504 0.3768776739402018 0.16225412382250104 0.001286461234225822 -0.13645701122937348 -0.15167285993174762 -0.16528704034966157 -0.2862129958264257 -0.5104465556508893 -0.7771243250135544 -1.0349929188116875 -1.3625340829838501 -1.71570193970738 -1.9551513482342178
1.6149672578281318 1.5484980240230235 1.4580037659510077 1.3675095078789923 1.2617994011046023 1.2874260936559696 1.433978741684101 1.6117639212592114 1.7054615159001476 1.752710730291731 1.6445981210906502 1.5749255507166207 1.4483937562442453 1.3186586252029482 1.1256575969254636 1.009536646302081 0.9358599052168999 0.9094323785233027 1.0055324755909298 1.0223499925777646 0.692406325978911 0.16145328968027117 -0.34066971749808106 -0.3318605419335485 -0.2629888057017489 -0.22134543030577714 -0.22534960101692825 -0.11323282110469668 0.14863994340458753 0.3015992645705605 0.15104244583127802 -0.08760612855332939 -0.3190471956578649 -0.4744090192505288 -0.5432807554823285 -0.566504945607005 -0.6561983695367903 -0.8299793784007494 -1.0878479721988825 -1.465040853189319 -1.8486404073175977 -2.2178249468857323 -2.38760178503854
1.3402811470431644 1.2698077425269045 1.1648984698947449 1.07680671424942 1.0303583340000668 1.0960267336629452 1.2345710402687744 1.3731153468746036 1.4283729026884893 1.3274678007674807 1.1208525920720822 0.9943207975997068 0.9094323785233027 0.8349548032958913 0.798116432753301 0.7572738914995596 0.7276430282370412 0.7044188381123644 0.8109297790289847 0.7084230088235159 0.29599342557494923 -0.3502797272048439 -0.8203693686939868 -0.7322776130486619 -0.6113516575718976 -0.5392765847711773 -0.42876147314340596 -0.24537045457268425 -0.013929387468148757 -0.0011160411924651115 -0.1772995524831149 -0.4191514634366431 -0.6433850232611067 -0.7763234908713244 -0.8740252562234119 -0.9332869827484487 -1.0221795725360039 -1.213578932529028 -1.5419209308434207 -1.96315968965652 -2.3787926094740075 -2.607030340009622 -2.702329602935019
1.034362504711218 0.8854073542563956 0.7628797304951713 0.692406325978911 0.6884021552677599 0.7684855694907826 0.9502749197770441 1.0712008752538082 1.0407691778490595 0.8533739885671867 0.6219329214626512 0.5002061318436568 0.5090153074081893 0.5554636876575425 0.577887043639989 0.5490570145197005 0.5098161415504197 0.4401435711763897 0.46176609301660587 0.2711675671658118 -0.22935377172807936 -0.8924444414947073 -1.2440106299337765 -1.065424616216436 -0.8836352659301747 -0.7314767789064316 -0.576915789455998 -0.40313478059203867 -0.2661921422706701 -0.4391723169923991 -0.6874309010837691 -0.8884402707835561 -1.00856539211809 -1.064623782074206 -1.1062671574701777 -1.1871514058354304 -1.3321023855791017 -1.6003818232262275 -1.9463421726696852 -2.298709195250985 -2.6542795544012057 -2.7888196902958837 -2.8024338707137977
0.7156305161035879 0.42572855661624587 0.25034587946782594 0.2287233576276102 0.3480476448199137 0.47698194171898045 0.5955053947690536 0.6227337556048815 0.48018527828790125 0.2647608940279702 0.07015819746602503 0.06775569503933454 0.139830767840055 0.2615575574590494 0.33763680097092097 0.380081010509123 0.30240009871279083 0.12621658742214104 0.04693400734134867 -0.18450705976318682 -0.7042484180706039 -1.3473182342814758 -1.5715517941059391 -1.344915731854785 -1.1455080304394587 -0.9268803096106069 -0.7370826179020433 -0.6217625014208905 -0.6289700087009626 -0.9100627926237721 -1.1270888451681635 -1.209574761817877 -1.1575205425729123 -1.1503130352928401 -1.2087739276756466 -1.3417123952858643 -1.5339125894211185 -1.8053953636371656 -2.10330566454681 -2.344356741358108 -2.595818662018399 -2.7880188561536534 -2.9481856845996988
0.4001018640648786 0.07095903160825534 -0.1540753623584381 -0.16688870863412175 -0.02834440202829258 0.11500490943091801 0.2014949967917823 0.09258155344847152 -0.0916102992644805 -0.2910180006798071 -0.3935247708852758 -0.28060715683081394 -0.14126201608275446 -0.019535226463760047 0.09578489001739232 0.15664828482688975 0.05093817805249978 -0.17089287934527286 -0.3190471956578649 -0.6481900281144881 -1.1695330547063656 -1.6892744130137824 -1.8486404073175977 -1.5891701452350042 -1.3633349171260805 -1.146308864581689 -0.9621170118687368 -0.8572077392365771 -0.9749303581444204 -1.2199856056668699 -1.3489199025659364 -1.288056507756439 -1.2247906105202513 -1.2496164689293883 -1.2832515029030578 -1.3673390878372316 -1.6300126864887459 -1.909503802127095 -2.1809865763431415 -2.4212368190122096 -2.677503744525882 -2.9722107088666054 -3.1267716983170395
0.21190584064077544 -0.22294709859023776 -0.45198566326808276 -0.4439773218457801 -0.31023802009333235 -0.19732040603887047 -0.24777295699937474 -0.3807114246095922 -0.686630066941539 -0.8916436073524769 -0.8636144123744189 -0.6465883598300277 -0.4856206972417523 -0.31504302494671377 -0.19411706946994967 -0.14846952336282682 -0.2285529375858495 -0.45198566326808276 -0.7539001348888781 -1.0846446356299615 -1.5194975748609747 -1.9679646945099014 -2.0672681281464493 -1.8342253927574537 -1.598780154941767 -1.4001732876686708 -1.2247906105202513 -1.1270888451681635 -1.1911555765465818 -1.319289039303418 -1.3000690198898925 -1.262429815205072 -1.3064756930277344 -1.3609324146993897 -1.4201941412244266 -1.4898667115984563 -1.7429303005432077 -2.050450611159615 -2.3283400585135032 -2.645470378836673 -2.9297664993284034 -3.161207566432939 -3.101145005765672
0.04132816834573694 -0.45118482912585245 -0.6882317352259995 -0.6722150523813948 -0.5641024431803143 -0.49122653623736356 -0.5937333064428327 -0.9148677974771535 -1.2392056250803953 -1.3601315805571594 -1.2496164689293883 -1.0077645579758598 -0.7811284957247058 -0.5841232967360699 -0.4655998436859963 -0.4431764877035502 -0.5568949359002422 -0.7987468468537706 -1.1350971865904658 -1.5010783895896793 -1.8894829485713394 -2.199405761614437 -2.235443298014797 -2.0528531135863055 -1.8230137147662304 -1.634016857199897 -1.4698458580427005 -1.3321023855791017 -1.3064756930277344 -1.2952640150365111 -1.2464131323604672 -1.2840523370452879 -1.4674433556160098 -1.6067884963640693 -1.6548385448978828 -1.725311949414143 -1.9455413385274551 -2.2578666539972434 -2.645470378836673 -2.9754140454355262 -3.16521173714409 -3.2052534442556015 -3.0186590891159586
-0.02834440202829258 -0.5729116187448469 -0.8379877198230519 -0.8491993978142749 -0.8235727052629076 -0.8019501834226916 -0.945299494881902 -1.3048740247432737 -1.6404235303377388 -1.736523627405366 -1.5891701452350042 -1.3272973807257202 -1.0742337917809686 -0.8131618614139147 -0.6754183889503158 -0.6914350717949203 -0.9012536170592396 -1.1799438985553585 -1.5539334429768743 -1.9038979631314832 -2.2370449662992575 -2.437253501856814 -2.4500668481324976 -2.2907008538286826 -2.079280640279903 -1.8966904558514113 -1.7189052762763009 -1.5507301064079533 -1.383355770681836 -1.3000690198898925 -1.3401107270014039 -1.4562316776247866 -1.7381252956898265 -1.923918816687239 -1.9687655286521317 -2.0584589525819172 -2.2618708247083945 -2.5757978084626436 -2.9690073722976846 -3.218867624673515 -3.162008400575169 -2.9898290599956705 -2.5485694476268157
0.006892300229837112 -0.5721107846026166 -0.8908427732102466 -1.089449640483343 -1.0638229479319756 -1.0422004260917594 -1.175138893701977 -1.5347134235633488 -1.899092958278102 -2.0007988943413406 -1.8894829485713394 -1.6260085157775948 -1.3489199025659364 -1.0422004260917594 -0.8748260903656422 -0.9805361971400322 -1.199964752111114 -1.528306750425507 -1.9063004655581741 -2.2866966831175315 -2.5653869646136505 -2.7383671393353795 -2.726354627201926 -2.5661877987558808 -2.368381765625015 -2.1929990884765953 -2.0048030650524917 -1.789378680792561 -1.5867676428083137 -1.4898667115984563 -1.531510086994428 -1.7285152859830637 -2.03443392831501 -2.257065819855013 -2.354767585207101 -2.4492660139902678 -2.614237847289694 -2.9297664993284034 -3.121966693463658 -3.218066790531285 -2.9954348989912822 -2.5013202332352322 -2.055255616012996
0.09017905102178103 -0.4696040143971474 -0.9973537141268669 -1.2432097957915464 -1.3801524341129152 -1.3681399219794617 -1.3625340829838501 -1.6740585643114083 -2.036836430741701 -2.192198254334365 -2.089691484128896 -1.8902837827135694 -1.6260085157775948 -1.308878195454425 -1.1591222108573727 -1.3144840344500366 -1.5611409502569464 -1.8934871192824905 -2.213820776174581 -2.5926153254494784 -2.8376705729719274 -3.001841572129124 -2.9962357331335125 -2.8801147825101294 -2.6847112518059544 -2.5173369160798367 -2.324335887802352 -2.1121148401113423 -1.9159104752649367 -1.8254162171929211 -1.8950887875669509 -2.107309835257961 -2.3635767607716334 -2.588611154738327 -2.733562134481998 -2.8536872558165323 -3.001841572129124 -3.073115810787614 -3.175622580993083 -3.033874937818333 -2.6022253351562408 -2.0776789719954425 -1.765353656525654
0.03972650006127676 -0.3454747223514625 -0.9781336947133414 -1.4674433556160098 -1.6724568960269477 -1.6876727447293223 -1.6292118523465156 -1.8166070416283886 -2.1409448692316304 -2.3595725900604823 -2.361174258344943 -2.189795751907674 -1.991188884634578 -1.722909446987452 -1.6452285351911202 -1.7453328029698985 -1.9591555189453689 -2.2258332883080345 -2.5269469257865995 -2.7784088464468906 -3.0378791085294843 -3.232481805091429 -3.280531853625243 -3.193240932122148 -3.05870079622747 -2.898533967781425 -2.70473210536171 -2.468486033403793 -2.3099208732422083 -2.2698791661306967 -2.3395517365047267 -2.503722735661923 -2.7351638027664587 -2.904139806777036 -3.056298293800779 -3.1804275858464646 -3.2164651222468246 -3.2044526101133712 -3.0514932889473982 -2.7359646369086885 -2.2907008538286826 -1.955952182376448 -1.7277144518408334
-0.15647786478512904 -0.34467388820923217 -1.0422004260917594 -1.6324151889154366 -1.9471430068119155 -2.0136122406170243 -1.9855830456389665 -2.10330566454681 -2.3107217073844386 -2.4660835309771025 -2.5125319112264557 -2.4772952089683256 -2.3932076240341518 -2.235443298014797 -2.1873932494809836 -2.237845800441488 -2.3908051216074613 -2.612636179005234 -2.8440772461097694 -3.026667430538261 -3.2204692929579757 -3.409466150524309 -3.5215829304365407 -3.5303921060010737 -3.434292008933446 -3.2613118342117176 -3.0787216497832257 -2.836068904687467 -2.7167446174951633 -2.719947954064084 -2.7976288658604163 -2.913749816483799 -3.0603024645119303 -3.2012492735444504 -3.326980233874596 -3.3742294482661794 -3.303756043749919 -3.125970864174809 -2.875309777656748 -2.5621836280447297 -2.221028283454653 -2.009608069905873 -1.9463421726696852
-0.48642153138398214 -0.5192557312154216 -1.1350971865904658 -1.764552822383424 -2.189795751907674 -2.3347467316513453 -2.3507634144959497 -2.4236393214389005 -2.5870094864538666 -2.718346285779624 -2.8056372072827185 -2.8632972655232947 -2.848882250963151 -2.8208530559850926 -2.779209680589121 -2.7952263634337253 -2.8729072752300575 -3.0074474111247356 -3.1187633568947373 -3.2765276829140917 -3.4390970137868275 -3.645712222482226 -3.784256529088055 -3.8563316018887757 -3.810684055781653 -3.6609280711846006 -3.427084501653374 -3.218066790531285 -3.1139583520413554 -3.107551678903514 -3.1724192444241623 -3.277328517056322 -3.336590243581359 -3.3966528042486255 -3.4414995162135185 -3.3878436286840934 -3.2685193414917895 -3.056298293800779 -2.789620524438114 -2.535756101351132 -2.3499625803537194 -2.2482566442904806 -2.313124209811129
