static/data/seaWind_uo/2023/7/3/18.asc
ncols 137
nrows 93
xllcorner 108.0
yllcorner 17.0
cellsize 0.25
NODATA_value -32767
[rows 0 to 18 of 93, columns 88 to 131 of 137]
-1.0045612214069388 -0.5785174577404584 -0.39432560502750613 -0.37670725389844106 -0.4856206972417523 -0.5905299698739117 -0.7434892910398849 -0.8764277586501026 -0.9276811437528372 -0.9677228508643485 -0.9845403678511833 -1.0822421332032708 -1.1647280498529842 -1.2191847715246396 -1.2568239762094602 -1.277645663907446 -1.3601315805571594 -1.5395184284167303 -1.8766696022956557 -2.236244132157027 -2.552573618337967 -2.662287895823508 -2.702329602935019 -2.679906246952573 -2.6398645398410614 -2.5333535989244416 -2.373186770478396 -2.188194083623214 -1.9727696993632828 -1.7845736759391797 -1.6940794178671639 -1.6220043450664434 -1.5443234332701117 -1.496273384736298 -1.5755559648170903 -1.6123943353596808 -1.5931743159461553 -1.3401107270014039 -0.7547009690311082 -0.1732953817719638 0.06855652918156485 -0.0916102992644805 0.019705646505520757 0.40490686891826
-1.6244068474931344 -1.3737457609750734 -1.175138893701977 -1.2400064592226254 -1.206371425248956 -1.2440106299337765 -1.3705424244061524 -1.308878195454425 -1.3369073904324829 -1.4161899705132754 -1.465040853189319 -1.542721764985651 -1.5963776525150764 -1.6067884963640693 -1.567547623394788 -1.5771576331015509 -1.6436268669066596 -1.7909803490770213 -2.1585632203606955 -2.502921901519693 -2.8000313682871067 -2.9433806797463173 -3.0186590891159586 -3.02346409396934 -2.9938332307068216 -2.973812377151066 -2.9017373043503456 -2.8024338707137977 -2.6678937348191196 -2.556577789049118 -2.4484651798480375 -2.3563692534915615 -2.2274349565924947 -2.107309835257961 -2.0608614550086077 -1.987985548065657 -1.8118020367750072 -1.5026800578741397 -0.8884402707835561 -0.4055372830187296 -0.13885951365606397 -0.22294709859023776 0.2919892548637981 0.6051154044758165
-2.3507634144959497 -2.0720731329998308 -1.7989886904993235 -1.7781670028013377 -1.789378680792561 -1.8302212220463026 -1.9006946265625624 -1.7869761783658702 -1.764552822383424 -1.7981878563570934 -1.8342253927574537 -1.8694620950155836 -1.9046987972737135 -1.9359313288206925 -1.9231179825450089 -1.9415371678163038 -2.009608069905873 -2.182588244627602 -2.434050165287893 -2.648673715405594 -2.814446382847251 -2.959397362590922 -3.09313666434337 -3.20044843940222 -3.347801921572582 -3.479939555040569 -3.535997944996685 -3.5311929401433035 -3.451910360062511 -3.303756043749919 -3.0859291570632976 -2.832865568118546 -2.631856198418759 -2.454871852985879 -2.3347467316513453 -2.232239961445876 -2.0472472745906938 -1.7517394761077403 -1.2127780983867977 -0.6602025402479414 -0.2830096592575049 -0.2389637814348422 0.3424418058243024 0.6131237458981187
-2.702329602935019 -2.4564735212703397 -2.185791581196523 -2.0568572842974566 -2.213820776174581 -2.301912531819906 -2.333945897509115 -2.3331450633668847 -2.2474558101482507 -2.120924015675875 -2.0888906499866655 -2.156961552076235 -2.2274349565924947 -2.2658749954195456 -2.2618708247083945 -2.2338416297303367 -2.257065819855013 -2.3908051216074613 -2.556577789049118 -2.7575871587489047 -3.002642406271354 -3.1940417662643785 -3.3750302824084093 -3.5896538325261105 -3.723393134278558 -3.803476548501581 -3.829103241052948 -3.8411157531864015 -3.7177872952829465 -3.5351971108544546 -3.3141668875989123 -3.104348342334593 -2.814446382847251 -2.583806149884946 -2.408423472736526 -2.297908361108755 -2.0928948206978166 -1.7621503199567332 -1.354525741561548 -0.803551851707152 -0.390321434316355 -0.31824636151563457 0.21991418206307767 0.6323437653116444
-2.756786324606675 -2.578200310889334 -2.4452618432791167 -2.3083192049577477 -2.499718564950772 -2.6670929006768893 -2.7103379443573217 -2.697524598081638 -2.5301502623555203 -2.3707842680517053 -2.2963066928242943 -2.330742560940194 -2.397211794745303 -2.485303550390628 -2.499718564950772 -2.4596768578392605 -2.4132284775899073 -2.539760272062283 -2.751180485611063 -3.0514932889473982 -3.3526069264259633 -3.4631220380537346 -3.575238817965966 -3.753824831683307 -3.8955724748580565 -4.045328459455109 -4.099785181126764 -4.102988517695685 -3.896373309000287 -3.7009697782961117 -3.4310886723645253 -3.142788381161644 -2.8761106117989783 -2.6823087493792634 -2.570992803609262 -2.4764943748260952 -2.3507634144959497 -2.093695654840047 -1.736523627405366 -1.1927572448310422 -0.7619084763111803 -0.5000357118018961 0.25114671361005625 0.7316471989481923
-2.7151429492107026 -2.7303587979130772 -2.627852027707608 -2.6150386814319244 -2.681507915237033 -2.8496830851053807 -2.9650032015865335 -2.9818207185733683 -2.8224547242695532 -2.6654912323924287 -2.5749969743204133 -2.582204481600485 -2.5910136571650177 -2.6678937348191196 -2.6406653739832917 -2.6134370131474642 -2.588611154738327 -2.7055329395039402 -2.9513890211686196 -3.2533034927894153 -3.535997944996685 -3.5311929401433035 -3.641708051771075 -3.7706423486701413 -3.9756558890810796 -4.15344106865619 -4.291985375262019 -4.256748673003889 -4.094179342131153 -3.8627382750266177 -3.5720354813970454 -3.2396893123715014 -2.9866257234267497 -2.7960271975759556 -2.5125319112264557 -2.3635767607716334 -2.238646634583718 -2.412427643447677 -2.2122191078901206 -1.5186967407187444 -0.3518813954893041 0.06855652918156485 0.6763896431343066 1.1184500896453917
-2.5966194961606295 -2.612636179005234 -2.7880188561536534 -2.904139806777036 -2.959397362590922 -3.0226632598271097 -3.142788381161644 -3.1980459369755296 -3.16441090300186 -3.0106507476936564 -2.88171645079459 -2.7784088464468906 -2.7864171878691932 -2.806438041424949 -2.7784088464468906 -2.751180485611063 -2.8865214556479715 -2.965804035728764 -3.2020501076866807 -3.336590243581359 -3.547209622987908 -3.538400447423376 -3.6336997103487727 -3.7706423486701413 -4.021303435188202 -4.324018740951228 -4.463363881699287 -4.5154181009442524 -4.4121104965965525 -4.179868595349787 -3.7386089829809324 -3.394250301821935 -3.119564191036967 -2.5942169937339385 -2.24585414186379 -2.143347371658321 -2.0216205820393265 -2.1065090011157306 -1.9999980601991105 -1.2480148006449279 -0.07719528470433668 0.5178244829727219 0.9911174610307856 1.4347795758263313
-2.249858312574941 -2.5765986426048735 -2.762392163602286 -2.9954348989912822 -3.1531992250106367 -3.1980459369755296 -3.3197727265945236 -3.428686169937835 -3.440698682071288 -3.3782336189773305 -3.218066790531285 -3.086729991205528 -2.9537915235953105 -2.9113473140571084 -2.899334801923655 -3.073115810787614 -3.232481805091429 -3.290942697474236 -3.451910360062511 -3.547209622987908 -3.5632263058325124 -3.664131407753521 -3.784256529088055 -3.966846713516547 -4.230321146310292 -4.511413930233101 -4.742854997337636 -4.837353426120803 -4.7444566656220974 -4.392890477183028 -3.914792494271582 -3.557620466836901 -2.760790495317826 -1.990388050492348 -1.839030397610835 -2.0720731329998308 -1.9391346653896133 -1.4706466921849308 -1.408181629090973 -0.8988511146325491 0.0036889636609163112 0.589098721631212 1.065595036258197 1.4083520491327337
-1.7781670028013377 -2.263472492992855 -2.7880188561536534 -3.0458874499517865 -3.3830386238307115 -3.427084501653374 -3.5183795938676203 -3.619284695788629 -3.708177285576184 -3.691359768589349 -3.592056334952801 -3.402258643244237 -3.140385878734953 -3.0042440745558148 -3.081124152209916 -3.2220709612424363 -3.3966528042486255 -3.493553735458483 -3.637703881059924 -3.6969656075849606 -3.7738456852390625 -4.023705937614893 -4.217507800034608 -4.380877965049574 -4.631539051567636 -4.889407645365768 -5.087213678496633 -5.159288751297354 -5.07199782979426 -4.633941553994326 -4.187876936772089 -3.7281981391319396 -2.7784088464468906 -1.8566487487399 -1.6996852568627756 -2.0752764695687516 -1.6404235303377388 -1.2047697569644955 -1.0918521429100336 -0.8243735394051379 0.11019990457753659 0.600310399622435 1.0159433194399226 1.310650283780646
-1.2552223079249998 -2.1241273522447957 -2.726354627201926 -3.225274297811357 -3.5856496618149594 -3.631297207922082 -3.712181456287335 -3.8026757143593506 -3.914792494271582 -3.9540333672408634 -3.8635391091688476 -3.62408970064201 -3.2853368584786242 -3.1027466740501324 -3.0490907865207073 -3.174821746850853 -3.3293827363012864 -3.571234647254815 -3.7201897977096374 -3.9580375379520145 -4.201491117190003 -4.5514556373446124 -4.726037480350802 -4.856573445534329 -5.063188654229727 -5.244177170373758 -5.4636057253448405 -5.5717183345459205 -5.456398218064768 -4.984706908291165 -4.593899846882815 -4.100586015268995 -3.7145839587140257 -3.298951038896538 -2.779209680589121 -1.976773870074434 -0.9773328605711111 -0.9260794754683768 -0.9100627926237721 -0.5785174577404584 0.25274838189451687 0.6115220776136585 0.8974198663898494 0.9326565686479791
-0.8556060709521167 -1.888682114429109 -2.8056372072827185 -3.4414995162135185 -3.699368110011651 -3.7890615339414366 -3.8827591285823733 -3.9940750743523745 -4.112598527402448 -4.203893619616694 -4.102988517695685 -3.8451199238975526 -3.4102669846665394 -3.0675099717920027 -2.935372338324015 -2.9826215527155986 -3.1780250834197736 -3.495956237885174 -3.7914640363681276 -4.1198060346825205 -4.562667315335835 -4.793307548298141 -5.007931098415842 -5.17850877071088 -5.3194555797433996 -5.377916472126206 -5.594141690528367 -5.7286818264230455 -5.411551506099876 -5.540485802998942 -5.244978004515989 -4.727639148635262 -4.161449410078492 -3.242892648940422 -1.9831805432122758 -0.8900419390680165 -0.5961358088695234 -0.7050492522128342 -0.6962400766483017 -0.45598983397923387 0.18467747980494753 0.2615575574590494 0.27036673302358194 0.2095033382140845
-0.34066971749808106 -1.3489199025659364 -2.4060209703098354 -3.232481805091429 -3.618483861646398 -3.9123899918448917 -4.11740353225583 -4.26155367785727 -4.321616238524538 -4.2951887118309395 -4.095781010415614 -3.7794515242346742 -3.3790344531195604 -3.0819249863521465 -2.973812377151066 -3.0226632598271097 -3.186834258984306 -3.4815412233250296 -3.8347090800485595 -4.237528653590363 -4.701211621941665 -4.846162601685336 -5.062387820087497 -5.213745472969009 -5.1849154438487215 -5.480423242331675 -5.56931583211923 -5.14647540502167 -3.6120771885085565 -4.305599555679933 -4.566671486046987 -4.238329487732594 -2.971409874724375 -1.4065799608065126 -0.496031541090745 -0.17089287934527286 -0.6425841891188764 -0.4015331123075785 -0.0948136358334013 0.17106329938703357 0.1982916602228615 0.4745794392922895 0.5506586828041611 0.45776192230545476
0.24874421118336576 -0.6738167206658554 -1.7781670028013377 -2.8168488852739415 -3.4559145307736623 -3.957236703809784 -4.334429584800221 -4.5154181009442524 -4.513015598517562 -4.328823745804609 -4.094980176273383 -3.753023997541076 -3.361416101990496 -3.101945839907902 -3.0242649281115703 -3.0723149766453837 -3.1700167419974714 -3.4414995162135185 -3.7370073146964717 -4.058942639873023 -4.504206422953029 -4.775689197169076 -5.172102097573038 -5.432373193797861 -5.554900817559086 -5.754308518974413 -5.38992898425966 -3.8499249287509336 -1.4306049850734195 -2.168173230067458 -2.0112097381903338 -1.3721440926906128 -0.4119439561565712 -1.0814412990610407 -0.4920273703795939 -0.2910180006798071 -0.6545967012523299 -0.4007322781653482 0.09258155344847152 0.4601644247321457 0.5018078001281174 0.5810903802089098 0.7180330185302783 0.6491612822984791
0.4986044635591962 -0.39192310260081564 -1.386559107250757 -2.3819959460429287 -3.428686169937835 -4.184673600203169 -4.54184562763785 -4.644352397843319 -4.559463978766915 -4.2951887118309395 -3.966846713516547 -3.619284695788629 -3.2645151707806384 -3.081124152209916 -3.009849913551426 -3.0554974596585494 -3.140385878734953 -3.326980233874596 -3.4695287111915762 -3.7562273341099974 -4.237528653590363 -4.631539051567636 -5.086412844354404 -5.526070788438798 -5.620569217221965 -5.083209507785483 -3.411868652951 -1.542721764985651 0.015701475794369646 -1.1967614155421933 -0.9933495434157158 -0.29982717624433963 0.4089110396294111 -0.4367698145657082 -0.3558855662004552 -0.11563532353138761 -0.4191514634366431 -0.2990263421021093 0.24794337704113545 0.786904754762078 0.8357556374381216 0.7700872377752432 0.7420580427971855 0.6323437653116444
0.23032502591207038 -0.34467388820923217 -1.330500717294641 -2.3747884387628564 -3.4871470623206413 -4.255147004719428 -4.625132378429793 -4.71963080721296 -4.5514556373446124 -4.235126151163673 -3.9083858211337406 -3.600064676375103 -3.286938526763085 -3.097140835054521 -3.013053250120347 -3.0490907865207073 -3.142788381161644 -3.154000059152867 -3.2933451999009264 -3.4783378867561088 -3.8811574602979126 -4.291985375262019 -4.607514027300728 -4.989511913144547 -4.503405588810798 -4.090175171420002 -2.472490204114944 -0.976532026428881 0.3576576545266765 -0.6962400766483017 -0.3222505322267857 0.4129152103405622 1.0175449877243832 -0.6009408137229046 -0.4159481268677223 0.360060156953367 0.1438349385512061 0.14143243612451517 0.3760768397979719 0.8565773251361075 1.1296617676366147 0.7957139303266105 0.6851988186988391 0.3232217864107767
-0.14206285022498477 -0.5905299698739117 -1.4105841315176637 -2.4596768578392605 -3.628093871353161 -4.388886306471877 -4.75887168018224 -4.714024968217348 -4.503405588810798 -4.174262756354175 -3.842717421470862 -3.5335954425699945 -3.3333869070124376 -3.2581084976427963 -3.1772242492775433 -3.361416101990496 -3.4943545696007132 -3.401457809102007 -3.158004229864018 -3.338191911865819 -3.280531853625243 -3.545607954703448 -3.8507257628931644 -3.0498916206629376 -2.1409448692316304 -2.153758215507314 -2.2186257810279626 -0.7410867886131944 0.2599558891745888 -0.7354809496175827 -0.36149140519606693 0.4625669271588362 1.0728025435382689 -0.5280649067799541 -0.16288453792297064 0.6163270824670395 0.7476638817927967 0.6299412628849534 0.8557764909938772 0.7845022523353871 1.0856158898139525 0.7684855694907826 0.39129268850034604 0.02851482207005329
-0.4639981754015361 -0.7723193201601732 -1.595576818372846 -2.6150386814319244 -3.7930657046525877 -4.557862310482454 -4.858175113818789 -4.814129235996127 -4.5242272765087845 -4.123810205393672 -3.7922648705103574 -3.5159770914409294 -3.3389927460080493 -3.3285819021590566 -3.3894452969685536 -3.574437983823736 -3.680948924740356 -3.380636121404021 -3.137182542166032 -2.499718564950772 -2.1809865763431415 -2.2538624832860923 -1.6332160230576669 -0.8299793784007494 0.1534449482579685 -0.7683151494490221 -0.8347843832541308 -0.7707176518757128 0.02851482207005329 -0.9885445385623344 -0.7010450815016831 0.12621658742214104 0.4913969562791243 -0.31023802009333235 0.055743182905881206 0.6427546091606371 0.8990215346743096 0.7853030864776174 0.9759016123284114 0.9030257053854607 1.236172708553235 0.7684855694907826 0.39049185435811573 0.3720726690868208
-0.8243735394051379 -1.1198813378880914 -1.740527798116517 -2.7391679734776098 -3.8907674700046755 -4.681991602528139 -4.980702737580014 -4.902220991641451 -4.597103183451735 -4.143030224807196 -3.685753929593737 -3.4110678188087697 -3.084327488778837 -3.0282690988227214 -3.075518313214305 -2.7175454516373936 -2.7111387784995515 -2.373186770478396 -1.8526445780287488 -1.1503130352928401 -0.683426730372618 -0.45198566326808276 0.21591001135192656 0.7596763939262501 1.278616918091437 0.139830767840055 0.019705646505520757 0.04613317319911836 -0.39592727331196675 -1.1230846744570124 -0.8459960612453541 -0.4391723169923991 -0.27339964955074203 -0.5713099504603862 -0.014730221610379068 0.4986044635591962 0.6411529408761769 0.2863834158681864 0.5730820387866076 1.4676137756577705 1.8888525344708698 1.2209568598508609 1.130462601778845 1.168902640605896
-1.2376039567959347 -1.5467259356968022 -2.115318176680263 -2.8016330365715674 -3.8627382750266177 -4.65075907098116 -4.93185185490397 -4.868585957667782 -4.40330132103202 -3.6897581003048883 -3.1980459369755296 -2.656682056827896 -2.153758215507314 -1.9831805432122758 -1.6852702423026313 -1.1759397278442074 -0.6449866915455671 -0.6121524917141279 -0.08280112369994796 0.31040844013509306 0.48338861485682205 0.45135524916761316 0.8966190322476191 1.461207102519929 1.458804600093238 1.5525021947341746 1.391534532145899 0.6779913114187672 -0.8323818808274401 -1.3224923758723388 -1.39777078524198 -1.188753074119891 -0.8203693686939868 0.02370981721667187 0.46176609301660587 0.5594678583686936 0.5098161415504197 -0.23335794243923091 0.29599342557494923 1.3611028347411502 2.3068879567150478 2.24282122533663 2.17154698667814 2.291672108012674
