static/data/seaWind_uo/2023/7/3/6.asc
ncols 137
nrows 93
xllcorner 108.0
yllcorner 17.0
cellsize 0.25
NODATA_value -32767
[rows 57 to 75 of 93, columns 0 to 43 of 137]
-0.7595059738844896 0.34003930339761146 0.3272259571219278 -0.14206285022498477 -0.5160523946465008 -0.5160523946465008 0.22311751863199847 0.8061247741756032 0.7796972474820061 1.2513885572556092 2.0650360457615196 2.5871799064956273 2.943551099788078 2.205982854794039 1.6958515061933848 1.7655240765674152 1.8808441930485675 1.7406982181582777 1.7102665207535295 1.2882269277982 0.9110340468077629 0.38808935193142524 -0.11323282110469668 -0.2133370888834749 0.7348505355171131 0.5907003899156726 0.4145168786250224 0.508214473265959 0.7708880719174735 0.9734991099017205 0.879000681118554 1.0960267336629452 1.2593968986779118 1.2666044059579837 1.4467920879597846 1.883246695475258 1.8127732909589978 1.5268755021828073 1.8392008176525958 2.1226961040020957 2.0834552310328145 1.7278848718825945 1.6742289843531686 1.532481341178419
-1.2656331517739927 -0.16368537206520095 0.42733022490070605 0.18387664566271722 0.09178071930624121 0.18547831394717784 0.9734991099017205 0.9895157927463254 0.8862081883986259 1.4315762392574105 2.3068879567150478 2.6896866767010965 2.3661496832400846 1.6085605846902902 1.7406982181582777 1.945711758569216 1.9985668119564104 1.5180663266182743 1.0167441535821529 0.9198432223722954 0.7036180039701345 0.33523429854423004 -0.10202114311347366 0.17106329938703357 1.1248567627832333 0.946270749065893 0.6675804675697741 0.7004146674012133 0.9478724173503537 1.2161518549974795 1.1841184893082701 1.1232550944987731 1.2561935621089906 1.247384386544458 1.4211653954084174 1.8255866372346818 1.8872508661864091 1.6085605846902902 1.6077597505480603 1.892055871039791 2.0121809923743244 1.7855449301231707 1.7222790328869828 1.7463040571538895
-1.7709594955212657 -1.0782379624921197 -0.3022296786710301 -0.11083031867800619 -0.2349596107236911 0.3088067718506329 1.2978369375049623 1.3514928250343878 1.0687983728271178 1.4403854148219426 1.771129915563026 2.129903611282168 1.6445981210906502 1.3154552886340274 1.5380871801740308 1.8351966469414447 1.7903499349765517 1.0175449877243832 0.8397598081492728 1.1160475872187012 0.5482561803774706 0.13662743127113375 0.002087295376455689 0.5810903802089098 1.5813322238544623 1.462808770804389 1.1841184893082701 0.811730613171215 0.9566815929148857 1.0864167239561828 1.2778160839492068 1.18251682102381 1.2217576939930908 1.2305668695576233 1.401945375994892 1.7735324179897174 2.0386085190679224 1.5829338921389229 1.3546961616033086 1.366708673736762 1.4940413023513677 1.6253781016771254 1.564514706867628 1.8712341833418047
-1.673257730169178 -1.2944631808942808 -0.6610033743901718 -0.48001485824614054 -0.736281783759813 -0.24777295699937474 0.6972113308322925 1.4299745709729499 1.2706085766691348 0.847768149571575 1.130462601778845 1.3811236882969062 1.0936242312362547 1.069599206969348 1.3578994981722294 1.6558097990818736 1.564514706867628 0.946270749065893 1.0816117191028014 1.3683103420212226 0.7588755597840202 0.21991418206307767 0.1142040752886877 0.8333531350114312 1.6910465013400038 1.649403125944032 1.2690069083846742 0.8685898372695608 0.2895867524371072 0.39369519092703653 1.2241601964197817 1.2714094108113652 1.2826210888025882 1.2762144156647466 1.4467920879597846 1.7511090620072705 2.036206016641231 1.3498911567499272 0.6795929797032274 0.6876013211255296 1.0575866948358943 1.2690069083846742 1.6085605846902902 2.56155321394426
-1.263230649347302 -1.1334955183060054 -0.5849241308783002 -0.5641024431803143 -0.8211702028362171 -0.7771243250135544 -0.1468678550783662 1.0287566657156062 1.6125647554014413 1.1881226600194212 0.5282353268217146 0.6739871407076161 0.6435554433028674 1.1080392457963986 1.345886986038776 1.6421956186639597 1.550900526449714 1.1448776163389893 1.0303583340000668 1.0119391487287714 0.48579111728351254 -0.054771928721890184 0.416118546909483 1.0888192263828733 1.3947378687148198 1.3619036688833805 1.0087358121598506 0.7212363550991991 0.1406316019822853 0.07576403646163676 0.9638891001949581 1.0936242312362547 1.1777118161704285 1.1721059771748168 1.2938327667938112 1.5845355604233835 1.815976627527919 0.9190423882300651 0.2647608940279702 0.2983959280016397 0.6691821358542347 1.3675095078789923 1.9969651436719507 3.150967142625707
-0.8179668662672961 -0.6481900281144881 -0.5152515605042705 -0.459994004690385 -0.5504882627624004 -0.5649032773225444 -0.403935614734269 0.8349548032958913 1.532481341178419 0.9502749197770441 0.27677340616142354 0.2863834158681864 0.4337368980385481 1.0359641729956786 1.0912217288095638 1.409152883274964 1.865628344346193 1.4692154439422311 0.6547671212940904 0.07576403646163676 -0.27339964955074203 0.07175986575048565 0.6059162386180468 1.0567858606936644 0.9174407199456049 0.7716889060597034 0.939864075928051 0.6956096625478323 0.6916054918366812 0.5458536779507797 0.7140288478191272 0.7180330185302783 0.8501706519982659 0.836556471580352 0.9582832611993464 1.2521893913978395 1.4507962586709358 0.656368789578551 0.497002795274736 0.5298369951061752 1.0287566657156062 1.8135741251012285 2.606399925909153 3.4945249896424744
-0.3158438590889441 0.1406316019822853 0.09418322173293214 -0.08360195784217828 -0.16608787449189188 -0.22374793273246807 -0.08360195784217828 0.836556471580352 0.8245439594468986 0.2343291966232215 -0.07479278227764574 0.007693134372067423 0.7716889060597034 0.719634686814739 0.5794887119244492 0.8910131932520073 1.487634629213526 1.402746210137122 0.45856275644768507 -0.3839147611785134 -0.6666092133857833 -0.24296795214599332 0.46176609301660587 1.0527816899825133 0.45055441502538285 0.08537404616839961 0.5058119708392685 0.9943207975997068 1.180114318597119 1.196131001441724 0.928652397936828 0.706020506396825 0.32962845954861875 0.31441261084624417 0.42492772247401556 0.7484647159350271 0.9678932709061092 0.7933114278999196 0.8525731544249564 1.2698077425269045 1.7655240765674152 2.439826424325265 3.2110297032929735 3.802846134401111
-0.22615043515915856 0.5138203122615708 0.29999759628610034 0.06375152432818343 0.05013734391026947 0.06375152432818343 0.05013734391026947 0.33683596682869066 0.24073586976106354 0.16065245553804086 0.15264411411573864 0.6083187410447373 1.4844312926446053 0.890212359109777 0.42813105904293636 0.5234303219683336 0.5058119708392685 0.30320093285502114 0.15424578240019882 -0.3534830637737647 -0.5264632384954937 -0.21093458645678442 0.34003930339761146 0.6299412628849534 0.051739012194730094 -0.24777295699937474 -0.08680529441109908 0.4065085372027202 0.8733948421229423 1.2553927279667603 1.519667994902735 0.9702957733327997 0.1534449482579685 -0.2597854691328281 -0.1837062256209565 0.10859823629307597 0.4649694295855267 0.9366607393591302 1.716673193891371 2.2580370740390046 2.6264207794649086 3.133348791496642 3.508940004202618 3.7588002565784486
-0.4688031802549175 0.21831251377861705 -0.07799611884656654 -0.2966238396754184 -0.17569788419865429 0.002888129518686 -0.33826721507139057 -0.4199522975788734 -0.2725988154085117 0.26956589888135163 0.9086315443810724 1.3675095078789923 1.7535115644339618 1.4780246195067637 1.0415700119912898 0.4561602540209946 -0.31103885423556266 -0.9805361971400322 -0.7506967983199571 -0.5144507263620404 -0.11963949424253872 -0.056373597006350806 -0.19331623532771935 -0.17249454762973349 0.2719684013080421 0.2871842500104167 -0.013128553325918446 -0.057975265290810984 0.16785996281811277 0.627538760458263 1.6381914479528086 1.3827253565813664 0.3480476448199137 -0.22374793273246807 -0.17169371348750317 0.2327275283387613 0.939864075928051 1.7286857060248244 2.410195561062747 2.817820139457932 3.0492612065624676 3.2462664055511037 3.294316454084917 3.455284116673193
-1.0766362942076593 -0.7002442473594528 -0.7018459156439132 -0.6265675062742719 -0.4664006778282266 -0.42715980485894534 -0.8259752076895983 -0.5128490580775797 -0.061178601859731785 0.4994052977014265 0.9006232029587702 1.0728025435382689 1.762320739998494 1.9945626412452593 1.1224542603565428 0.14543660683566628 -0.6289700087009626 -1.1150763330347102 -0.9605153435842764 -0.5200565653576519 0.02451065135890218 -0.007522714330306712 -0.31424219080448346 -0.2661921422706701 0.4193218834784038 0.5762853753555284 0.4057077030604903 0.24153670390329385 0.17106329938703357 0.11660657771537819 1.0303583340000668 1.3138536203495672 0.8565773251361075 0.3456451423932232 0.3088067718506329 0.7572738914995596 1.6397931162372692 2.4462330974631077 2.933941090081315 3.002812826313115 3.0140245043043383 3.019630343299949 3.0636762211226123 3.065277889407073
-1.5787593013860113 -1.5787593013860113 -1.1254871768837031 -0.8900419390680165 -0.6185591648519697 -0.6217625014208905 -0.5176540629309612 0.21671084549415642 0.51061697569265 0.5322394975328657 0.6395512725917163 0.4737786051500592 1.3546961616033086 1.9024667148887837 1.0800100508183408 0.09017905102178103 -0.5985383112962139 -0.9669220167221182 -0.42956230728563627 -0.3823130928940528 -0.14927035750505713 -0.1468678550783662 -0.23976461557707252 0.13182242641775277 0.557866190084233 0.7748922426286247 0.6916054918366812 0.4305335614696273 0.051739012194730094 0.009294802656528045 0.5746837070710678 1.3763186834435248 1.405148712563813 1.1857201575927308 1.0303583340000668 1.2033385087217958 1.99536347538749 2.710508364399082 2.934741924223546 2.983592806899589 2.875480197698509 2.8114134663200905 2.755355076363975 2.2171945327852627
-1.3096790295966552 -1.686871910587092 -1.2672348200584531 -0.8964486122058584 -0.6489908622567182 -0.2037270791767125 0.16065245553804086 0.6203312531781906 0.44334690774531094 0.4689736002966778 0.3608609910955973 0.2967942597171791 0.8621831641317192 1.314654454491797 0.9086315443810724 0.6731863065653858 0.09017905102178103 -0.3270555370801671 -0.006721880188076401 -0.3823130928940528 -0.6249658379898115 -0.5729116187448469 -0.16688870863412175 0.2863834158681864 0.5050111366970382 0.8389589740070424 0.638750438449486 0.3856868495047343 0.07015819746602503 0.5770862094977587 1.0391675095645994 1.7374948815893565 2.1779536598159814 2.008977655805404 1.8408024859370564 1.9985668119564104 2.381365531942459 2.77377426163527 2.8690735245606667 2.7889901103376444 2.70169918883455 2.3941788782181423 2.185161167096054 1.497244638920289
-0.7018459156439132 -1.0958563136211847 -0.8540044026676563 -0.6009408137229046 -0.28861549825311617 0.17827080666710593 0.4994052977014265 0.5762853753555284 0.27276923545027243 -0.034751075166134626 -0.01793355817929987 0.09578489001739232 0.6195304190359607 0.9366607393591302 0.7588755597840202 0.5706795363599166 0.5138203122615708 0.3504501472466046 0.21510917720969625 -0.30623384938218123 -0.4920273703795939 -0.323051366369016 -0.029145236170522892 0.4057077030604903 0.33523429854423004 0.6827963162721487 0.7188338526725087 0.8589798275627984 1.309849449638416 1.7719307497052568 2.1018744163041103 2.535125687250663 2.813815968746781 2.6368316233139013 2.4214072390539703 2.358942175960013 2.318900468848501 2.4438305950364163 2.2628420788923855 2.1635386452558376 2.1427169575578513 1.892055871039791 1.6966523403356155 1.1112425823653198
-0.2565821325639073 -0.5424799213400981 -0.41754979515218293 -0.1989220743233311 0.04773484148357898 0.2095033382140845 0.36806849837566924 0.14143243612451517 -0.2069304157456333 -0.5408782530556377 -0.5376749164867167 -0.34467388820923217 0.22151585034753785 0.3704710008023602 0.2871842500104167 0.21510917720969625 0.5450528438085493 0.7164313502458182 0.34003930339761146 0.23673169904991243 0.11580574357314788 0.24714254289890514 0.3712718349445905 0.6459579457295579 0.33203096197530924 0.7492655500772574 1.8536158322127396 2.2532320691856227 2.435021419471884 2.6232174428959874 2.755355076363975 2.6680641548608803 2.7121100326835426 2.512702331268216 2.242020391194399 2.076247723752743 1.7647232424251844 1.654208130797413 1.6053572481213698 1.5492988581652534 1.6341872772416575 1.4748212829378424 1.3002394399316533 1.0119391487287714
-0.42155396586333405 -0.1444653526516757 0.02771398792782298 0.21030417235631482 0.2583542208901286 0.21991418206307767 -0.06438193842865303 -0.2918188348220374 -0.4095414537298807 -0.6914350717949203 -0.906058621912621 -1.1503130352928401 -0.5320690774911052 -0.07239027985095525 -0.13005033809153144 -0.033149406881674004 0.4673719320122176 0.6972113308322925 0.4745794392922895 0.42172438590509476 1.0920225629517941 1.268206074242444 1.0295574998578365 0.995922465884167 0.7052196722545947 1.4403854148219426 2.547939033526346 3.1293446207854907 3.1926105180216786 2.9091152316721787 2.4998889849925328 2.3028837860038966 2.0073759875209434 1.8047649495366955 1.5396888484584905 1.3450861518965458 1.047976685129132 0.9550799246304256 0.9494740856348138 1.0415700119912898 1.1248567627832333 1.1112425823653198 0.8685898372695608 0.6827963162721487
-0.23015460587030967 0.11820824599983881 0.5146211464038011 0.6723854724231555 0.5306378292484055 0.11180157286199677 -0.13005033809153144 -0.15567703064289873 -0.22695126930138887 -0.5953349747272931 -1.0205779042515435 -1.4530283410558658 -0.8323818808274401 -0.33346221021800915 -0.12204199666922921 0.10299239729746423 0.5882978874889817 0.625136258031572 0.5362436682440168 1.084014221529492 1.8712341833418047 2.3613446783867036 1.9993676460986411 1.5340830094628797 1.4788254536489935 2.0882602358861964 2.63282745260275 3.088502079531749 3.401628229143768 2.998007821459734 2.270049586172458 1.6397931162372692 1.3322728056208621 1.1088400799386289 0.8781998469763237 0.649962116440709 0.5282353268217146 0.4913969562791243 0.6619746285741628 0.762078896352941 0.6859996528410695 0.6876013211255296 0.4641685954432968 0.44975358088315254
-0.06518277257088334 0.8157347838823661 1.313052786207337 1.1312634359210754 0.8309506325847402 0.3816826787935832 0.4449485760297711 0.4745794392922895 0.051739012194730094 -0.5777166235982281 -0.9701253532910392 -1.0029595531224784 -0.3454747223514625 0.27357006959250274 0.5394470048129381 0.6419537750184068 1.0535825241247432 1.0119391487287714 1.204940177006256 1.914479227022237 2.84424766615153 3.262283088395708 2.4878764728590794 1.6574114673663343 1.6429964528061904 1.919284231875618 2.3485313321110195 2.877081865982969 3.416043243703912 2.9139202365255596 1.951317597564827 1.3314719714786318 0.8693906714117912 0.5682770339332261 0.44094440531862 0.2375325331921423 0.24554087461444496 0.2967942597171791 0.45696108816322445 0.5266336585372544 0.4305335614696273 0.2983959280016397 0.18147414323602673 0.21510917720969625
1.4716179463689216 2.2075845230785 2.2268045424920255 1.7823415935542495 1.2938327667938112 1.051980855840283 1.3466878201810064 1.3771195175857551 0.6691821358542347 -0.403935614734269 -0.9324861486062186 -0.6746175548080855 -0.3126405225200233 0.2983959280016397 0.8621831641317192 1.1040350750852475 1.630983940672737 1.3506919908921575 1.1336659383477659 1.798358276398854 2.8955010512542647 3.4809108092245604 2.84504850029376 1.8624250077772726 1.6750298184953993 1.864827510203963 2.2764562593102995 2.805006793182249 3.2166355422885853 2.7537534080795143 1.7334907108782054 1.132865104205536 0.6747879748498464 0.39289435678480666 0.30720510356617226 0.08617488031062948 0.040527334203506626 0.10379323143969454 0.24474004047221465 0.3272259571219278 0.24233753804552371 -0.011526885041457824 -0.16448620620743126 -0.04195858244620654
2.3789630295157687 2.534324853108432 2.408593892778287 2.2219995376386437 1.7342915450204361 1.928093407440151 2.2043811865095786 2.228406210776486 1.6702248136420175 0.5490570145197005 -1.118279669603631 -0.9228761388994557 -0.878029426934563 -0.5809199601671491 -0.3783089221829017 -0.25177712771052585 1.0047316414486995 1.2033385087217958 0.5258328243950241 1.0551841924092038 2.440627258467496 3.5802142428611083 3.169386327897002 1.9769442901161942 1.659013135650795 1.7406982181582777 2.193970342660586 2.827430149164695 3.1757930010348434 2.6984958522656286 1.6838389940599314 1.0287566657156062 0.5586670242264633 0.25515088432120736 0.13582659712890388 0.051739012194730094 0.01810397822106058 0.058946519474802006 0.13342409470221295 0.1534449482579685 0.022908983074442002 -0.19331623532771935 -0.4896248679529034 -0.4159481268677223
