static/data/pressure/2023/7/19/0.asc
ncols 137
nrows 93
xllcorner 108.0
yllcorner 17.0
cellsize 0.25
NODATA_value -32767
[rows 19 to 37 of 93, columns 0 to 42 of 137]
101.00072990897716 101.05676944249463 101.12499148329849 101.18148222078953 101.1767896994644 101.10874814024996 101.05451342262677 101.02374131162927 101.0309605752064 101.00948326606444 100.98674258579646 100.97022852036379 100.9952252204996 101.03772863480994 101.07553952779516 101.10279224779883 101.14601758846689 101.15648552065372 101.11948679482094 101.06001811110434 100.99946653785118 100.96003131056109 100.91879126737675 100.89650179108237 100.89848708856609 100.90498442578549 100.9069697232692 100.91202320777319 100.92628125333802 100.92601053095387 100.93223714578916 100.94126122526056 100.95100723108969 100.96048251453468 100.97176261387393 100.98520849228635 101.00253472487145 101.03646526368397 101.06498135481361 101.08050277150444 101.07599073176873 101.06326677971404 101.06525207719775
100.98899860566432 101.016251325668 101.04521862077122 101.06146196381977 101.03574333732625 100.99152534791632 100.94423917148613 100.9057063521432 100.88549241412724 100.90227720194406 100.9197839161186 100.94126122526056 100.98403536195507 101.07021532090704 101.0892561285917 101.06651544832376 101.03303611348483 101.00903206209087 100.96851394526423 100.92727390207988 100.90850381677934 100.8992090149238 100.8909971026048 100.89379456724095 100.90426249942777 100.90597707452734 100.9094964655212 100.91445970923047 100.9197839161186 100.92176921360232 100.92727390207988 100.9337712392993 100.9390052053927 100.94802928486412 100.96048251453468 100.97528200486778 100.99053269917447 101.02329010765568 101.0527086067325 101.06922267216518 101.06254485335633 101.0584840175942 101.06326677971404
101.0425113969298 101.02103408778784 101.017514696794 100.98195982367663 100.9337712392993 100.88946300909465 100.8705124422047 100.85751776776587 100.88576313651137 100.9287177547953 100.9472171177117 100.9632799791708 100.99152534791632 101.05947666633605 101.06597400355547 101.04052609944608 101.00551267109701 100.96427262791266 100.93404196168343 100.93079329307373 100.95199987983153 100.94252459638656 100.9230325847283 100.91202320777319 100.90200647955992 100.90173575717577 100.90678924167977 100.91301585651505 100.91599380274062 100.92203993598645 100.92700317969573 100.93223714578916 100.93846376062442 100.94604398738042 100.95723384592496 100.97076996513208 100.98647186341233 101.00876133970672 101.02572660911297 101.03745791242581 101.04025537706194 101.05000138289107 101.05550607136863
100.92573980856973 100.8992090149238 100.87700977942411 100.84371092617461 100.83495756908734 100.8679856999527 100.88422904300124 100.9970300363939 101.09097070369127 101.11596740382709 101.09954357918912 101.10152887667283 101.08050277150444 101.08348071773001 101.0827587913723 101.04025537706194 101.00370785520272 100.9785306734775 100.9792525998352 100.98547921467049 101.00370785520272 100.95299252857339 100.92925919956359 100.90498442578549 100.90245768353348 100.90354057307006 100.90597707452734 100.91048911426306 100.91346706048861 100.91824982260846 100.92348378870189 100.92898847717944 100.93729063029313 100.94550254261213 100.95678264195139 100.97049924274793 100.98773523453832 101.00271520646086 101.01724397440985 101.02473396037111 101.02978744487511 101.0399846546778 101.04675271428137
100.91473043161461 100.87421231478798 100.85372765438787 100.84353044458518 100.85851041650773 100.91229393015733 101.02879479613325 101.16749489760885 101.22597093258359 101.22524900622588 101.19149894900279 101.1729995860864 101.14746144118232 101.15350757442816 101.13428628515406 101.09376816832741 101.03402876222668 101.01074663719044 100.98421584354449 100.97726730235149 100.97600393122549 100.94974385996369 100.92348378870189 100.90372105465948 100.90399177704363 100.90471370340134 100.90498442578549 100.90850381677934 100.91075983664719 100.91301585651505 100.91626452512476 100.92176921360232 100.9299811259213 100.93927592777685 100.9549778260571 100.97122116910565 100.98827667930661 101.00226400248731 101.01146856354815 101.0194999942777 101.02771190659668 101.0367359860681 101.04196995216151
101.1077554915081 101.06173268620391 101.06353750209819 101.0667861707079 101.09223407481727 101.11371138395924 101.22876839721972 101.26071363854852 101.23923632940657 101.22172961523204 101.2292196011933 101.21604444516504 101.19420617284422 101.21270553576062 101.19772556383808 101.158290336548 101.10170935826226 101.07951012276258 101.01552939931028 100.98845716089603 100.93620774075657 100.92077656486046 100.90552587055377 100.90426249942777 100.90272840591763 100.90597707452734 100.90922574313706 100.91175248538904 100.90796237201106 100.9069697232692 100.90877453916349 100.91473043161461 100.92203993598645 100.93422244327287 100.95073650870555 100.96652864778052 100.97952332221935 100.99224727427404 101.00045918659303 101.00975398844858 101.02049264301955 101.02924600010682 101.0334873174584
101.24528246265241 101.25999171219081 101.27551312888163 101.2625184544428 101.2477189641097 101.26928651404637 101.28426648596891 101.25123835510354 101.22172961523204 101.20927638556148 101.21676637152275 101.1952890623808 101.18247486953139 101.20223760357378 101.21153240542932 101.17227765972869 101.14574686608275 101.11398210634337 101.04648199189722 100.98999125440618 100.93097377466316 100.9114817630049 100.90399177704363 100.90245768353348 100.90624779691149 100.91103055903133 100.91554259876705 100.91427922764105 100.91048911426306 100.90326985068592 100.90146503479163 100.90796237201106 100.91996439770803 100.93196642340502 100.94523182022799 100.95678264195139 100.96896514923779 100.97645513519906 100.98448656592863 100.99549594288375 101.00596387507058 101.01471723215785 101.02500468275525
101.20747156966719 101.2330097145713 101.29870501312317 101.24600438901012 101.22172961523204 101.22750502609372 101.24374836914227 101.21947359536418 101.21099096066105 101.19303304251294 101.1767896994644 101.13897880647917 101.11777221972137 101.10053622793097 101.11145536409138 101.12129161071522 101.11199680885967 101.06850074580747 101.02103408778784 100.96526527665452 100.94270507797599 100.92122776883403 100.91247441174676 100.90651851929563 100.91103055903133 100.91445970923047 100.91752789625076 100.91554259876705 100.91175248538904 100.90453322181192 100.89821636618194 100.90552587055377 100.91824982260846 100.92853727320588 100.9402685765187 100.94820976645356 100.95353397334168 100.96102395930295 100.96923587162193 100.98078669334535 100.98972053202203 101.00172255771902 101.01228073070057
101.05424270024263 101.11497475508523 101.21848094662232 101.19700363748036 101.1922208753605 101.19727435986451 101.21099096066105 101.18626498290939 101.17399223482826 101.16623152648285 101.155763594296 101.13500821151177 101.06723737468147 101.02049264301955 101.00253472487145 101.01598060328385 101.02572660911297 100.9964885916256 100.95849721705096 100.93945640936627 100.93422244327287 100.93052257068959 100.92727390207988 100.9185205449926 100.90778189042163 100.90895502075291 100.9127451341309 100.91121104062077 100.90751116803749 100.90678924167977 100.90200647955992 100.91121104062077 100.91996439770803 100.92952992194773 100.93178594181559 100.93602725916713 100.9402685765187 100.94622446896985 100.95353397334168 100.96571648062809 100.9767258575832 100.98954005043261 101.002985928845
100.9945032941419 101.02626805388125 101.07553952779516 101.11145536409138 101.12553292806678 101.14177627111532 101.14827360833475 101.11696005256894 101.08645866395558 101.07878819640487 101.07725410289473 101.08050277150444 101.03601405971038 101.00199328010316 100.97446983771536 100.95822649466682 100.95227060221568 100.94775856247999 100.9337712392993 100.92122776883403 100.9197839161186 100.93322979453102 100.93972713175042 100.93223714578916 100.91599380274062 100.90426249942777 100.90354057307006 100.90372105465948 100.90651851929563 100.91048911426306 100.9127451341309 100.91951319373446 100.92447643744373 100.92700317969573 100.92646173492744 100.92601053095387 100.9299811259213 100.93674918552485 100.94802928486412 100.96048251453468 100.97374791135763 100.99098390314803 101.00623459745472
101.1192160724368 101.07346398951674 101.0367359860681 101.01977071666184 101.02879479613325 101.05397197785848 101.08573673759787 101.11578692223766 101.1052287492561 101.07572000938458 101.03926272832008 101.00903206209087 100.9990153338776 101.00072990897716 100.98999125440618 100.96670912936995 100.93548581439886 100.92673245731159 100.92050584247632 100.91626452512476 100.91671572909833 100.92898847717944 100.94198315161827 100.93945640936627 100.92474715982787 100.90651851929563 100.8992090149238 100.89722371744008 100.90101383081806 100.9082330943952 100.91121104062077 100.91473043161461 100.91752789625076 100.9197839161186 100.92149849121817 100.91671572909833 100.92348378870189 100.93828327903499 100.95849721705096 100.97428935612592 100.98647186341233 101.00226400248731 101.01426602818428
101.1102822337601 101.10928958501825 101.08826347984984 101.06471063242947 101.06074003746205 101.07824675163658 101.1032434517724 101.13148882051792 101.13627158263776 101.13248146925977 101.1102822337601 101.08645866395558 101.05451342262677 101.01778541917814 100.97176261387393 100.93999785413456 100.92799582843759 100.92222041757589 100.91797910022433 100.92474715982787 100.93801255665085 100.9537144549311 100.94649519135399 100.93476388804115 100.9152718763829 100.9012845532022 100.89947973730793 100.89550914234052 100.89596034631408 100.89875781095022 100.90029190446036 100.90624779691149 100.90895502075291 100.91048911426306 100.91301585651505 100.91671572909833 100.92601053095387 100.93972713175042 100.95524854844125 100.96896514923779 100.98421584354449 100.99621786924146 101.00045918659303
101.11596740382709 101.13221074687563 101.19375496887065 101.21252505417118 101.2099983119192 101.19727435986451 101.19953037973235 101.13726423137962 101.08898540620756 101.09828020806312 101.13103761654435 101.14195675270474 101.12751822555049 101.05776209123648 101.00172255771902 100.94478061625442 100.92348378870189 100.92149849121817 100.92023512009217 100.92673245731159 100.94252459638656 100.96472383188623 100.96003131056109 100.94450989387028 100.92528860459616 100.90146503479163 100.89153854737309 100.8852216917431 100.88052917041797 100.88224374551754 100.88296567187525 100.88901180512109 100.89298240008851 100.8980358845925 100.90245768353348 100.90976718790533 100.92628125333802 100.9402685765187 100.95073650870555 100.96147516327653 100.97302598499992 100.97573320884135 100.9779892287092
101.08122469786215 101.1442127725726 101.22254178238447 101.28128853974334 101.3237919540537 101.31151920597257 101.27253518265609 101.19249159774465 101.13997145522103 101.15928298528986 101.19546954397022 101.18879172516138 101.15179299932859 101.10622139799796 101.06074003746205 101.00370785520272 100.92772510605344 100.91951319373446 100.92276186234416 100.92501788221202 100.92952992194773 100.93277859055745 100.94423917148613 100.9337712392993 100.93701990790899 100.9140085052569 100.89821636618194 100.8819730231334 100.87700977942411 100.87854387293426 100.8832363942594 100.8884703603528 100.8909971026048 100.89550914234052 100.90453322181192 100.91103055903133 100.92474715982787 100.93295907214687 100.94225387400242 100.95199987983153 100.95822649466682 100.96021179215053 100.96021179215053
101.04603078792366 101.1090188626341 101.19925965734822 101.29004189683062 101.33353795988282 101.3302892912731 101.28877852570461 101.25096763271941 101.27000844040408 101.29175647193017 101.30628523987916 101.27172301550365 101.20350097469978 101.16821682396656 101.12273546343064 101.03447996620025 100.9377418342667 100.91671572909833 100.9242057150596 100.92646173492744 100.9230325847283 100.90525514816963 100.90976718790533 100.9114817630049 100.91445970923047 100.91445970923047 100.91021839187891 100.89577986472466 100.90272840591763 100.90778189042163 100.92971040353716 100.93178594181559 100.93295907214687 100.90029190446036 100.90173575717577 100.9082330943952 100.91500115399876 100.92321306631774 100.92799582843759 100.93828327903499 100.94378796751256 100.94478061625442 100.94478061625442
101.0047907447393 101.02852407374911 101.10225080303054 101.19122822661865 101.25421630132911 101.25096763271941 101.21929311377475 101.21622492675446 101.27677650000763 101.32270906451713 101.33750855485025 101.2810178173592 101.24401909152641 101.20178639960021 101.10802621389224 101.01877806792 100.94703663612226 100.9057063521432 100.9140085052569 100.93097377466316 100.9337712392993 100.90850381677934 100.87899507690783 100.88052917041797 100.88720698922681 100.89722371744008 100.89947973730793 100.89947973730793 100.90624779691149 100.94902193360598 100.99026197679032 100.9939618493736 100.98177934208721 100.94875121122183 100.92375451108602 100.91626452512476 100.92203993598645 100.91725717386662 100.92149849121817 100.92673245731159 100.92799582843759 100.92898847717944 100.9287177547953
100.95795577228267 100.98096717493478 100.97645513519906 101.0334873174584 101.10604091640853 101.13870808409504 101.10577019402439 101.11975751720509 101.20647892092533 101.23950705179071 101.21423962927075 101.17354103085468 101.20846421840905 101.14177627111532 101.04729415904964 100.97753802473564 100.94252459638656 100.90029190446036 100.88874108273694 100.90498442578549 100.92601053095387 100.9082330943952 100.86951979346284 100.86076643637557 100.86572968008485 100.8762878530664 100.87349038843026 100.87448303717211 100.90426249942777 100.95578999320954 101.00578339348115 101.03926272832008 101.02852407374911 101.04747464063908 101.016251325668 100.97753802473564 100.93449316565702 100.92971040353716 100.92573980856973 100.92501788221202 100.9230325847283 100.91897174896617 100.9185205449926
100.95903866181924 100.96878466764838 100.94171242923413 100.96851394526423 101.04178947057208 101.08176614263044 101.10577019402439 101.12670605839807 101.19646219271208 101.17778234820625 101.14276891985718 101.11001151137596 101.12598413204034 101.06001811110434 100.9957666652679 100.9325078681733 100.91554259876705 100.89298240008851 100.87728050180826 100.87249773968841 100.88422904300124 100.87547568591397 100.8589616204813 100.85047898577815 100.85273500564601 100.86004451001786 100.85878113889186 100.87222701730427 100.90354057307006 100.94171242923413 100.97049924274793 101.02148529176141 101.09151214845956 101.13897880647917 101.11371138395924 101.02103408778784 100.96174588566066 100.94396844910199 100.93647846314072 100.93548581439886 100.93404196168343 100.92925919956359 100.92952992194773
100.97149189148979 100.97428935612592 100.97302598499992 101.00127135374545 101.08600745998201 101.15504166793829 101.20801301443548 101.23075369470344 101.25096763271941 101.2317463434453 101.20575699456764 101.16451695138328 101.04702343666551 100.95948986579282 100.91879126737675 100.90453322181192 100.8852216917431 100.87403183319854 100.86726377359498 100.85950306524958 100.85020826339401 100.84822296591032 100.84353044458518 100.84226707345918 100.84371092617461 100.84596694604247 100.85796897173944 100.8737611108144 100.8980358845925 100.92673245731159 100.93196642340502 100.97952332221935 101.0450381391818 101.0744566382586 101.04422597202937 100.96878466764838 100.94053929890285 100.93404196168343 100.95254132459982 100.96427262791266 100.95976058817696 100.95723384592496 100.96048251453468
