static/data/pressure/2023/7/19/12.asc
ncols 137
nrows 93
xllcorner 108.0
yllcorner 17.0
cellsize 0.25
NODATA_value -32767
[rows 0 to 18 of 93, columns 0 to 42 of 137]
100.24974601536631 100.3027173618635 100.36453230624267 100.4299568824104 100.488793880564 100.51027118970596 100.51171504242137 100.50323240771826 100.48924508453757 100.46848970175333 100.45378045221493 100.45053178360521 100.44322227923338 100.43798831313995 100.46677512665376 100.5424871534189 100.62379410945631 100.66476343025651 100.69427217012804 100.69977685860559 100.65898801939483 100.60421185700335 100.61576267872675 100.66999739634994 100.73677558443838 100.76050891344819 100.79326632192942 100.8487644106786 100.88098037439154 100.86275173385928 100.83152841888821 100.7325342670868 100.62379410945631 100.5227244193765 100.50025446149269 100.5112638384478 100.53824583606733 100.5674838535547 100.57001059580669 100.56576927845514 100.57154468931684 100.58553201249752 100.59202934971695
100.30298808424764 100.34675486968398 100.41497691048785 100.48572569354371 100.56224988746128 100.58625393885524 100.59599994468435 100.59473657355838 100.58471984534509 100.55403797514231 100.51776117566723 100.48076244983444 100.45251708108893 100.45802176956649 100.50648107632797 100.62478675819817 100.70952286443472 100.7445362927838 100.72874415370883 100.66828282125037 100.61224328773291 100.58074925037768 100.68100677330506 100.82376771054278 100.90227720194406 100.86121764034915 100.8832363942594 100.93196642340502 100.9607532369188 100.87421231478798 100.79028837570385 100.70600347344087 100.59771451978392 100.53571909381533 100.52173177063464 100.53698246494133 100.54104330070348 100.5424871534189 100.54402124692905 100.5507893065326 100.5687472246807 100.58327599262967 100.59022453382266
100.35947882173866 100.39449225008774 100.43898096188181 100.48527448957014 100.53653126096776 100.55295508560573 100.57001059580669 100.57948587925168 100.57100324454855 100.54925521302245 100.51749045328309 100.4772430588406 100.43428844055667 100.44629046625364 100.51171504242137 100.64951273594983 100.72775150496697 100.74426557039966 100.6927380766179 100.62451603581403 100.60403137541392 100.637781432637 100.82728710153664 100.95651191956725 101.00524194871286 100.93404196168343 100.95470710367296 100.95145843506326 100.89253119611494 100.72648813384097 100.63471324561672 100.57650793302612 100.54645774838632 100.53201922123205 100.53950920719333 100.55521110547359 100.55575255024188 100.56324253620313 100.5712739669327 100.57551528428426 100.57722985938383 100.58201262150368 100.58652466123938
100.3942215277036 100.41750365273985 100.43600301565624 100.47200909274717 100.5092785409641 100.53698246494133 100.56324253620313 100.58228334388781 100.55250388163216 100.53201922123205 100.51027118970596 100.48374039606 100.43627373804038 100.44773431896907 100.51478322944166 100.63696926548457 100.71800549913785 100.74002425304809 100.7030255272153 100.67279486098607 100.68100677330506 100.7662843243099 100.9094964655212 100.96779201890652 100.93052257068959 100.85923234286544 100.85047898577815 100.80671220034182 100.73172209993439 100.62226001594617 100.56820577991242 100.52949247898006 100.53824583606733 100.5507893065326 100.55873049646745 100.56450590732913 100.56450590732913 100.57154468931684 100.57921515686753 100.58471984534509 100.5892318850808 100.59500729594252 100.60051198442007
100.42472291631698 100.43753710916639 100.4472831149955 100.4607289934079 100.493215679505 100.52046839950866 100.5527746040163 100.57154468931684 100.5502478617643 100.53950920719333 100.51974647315095 100.49276447553143 100.47101644400531 100.49348640188914 100.59148790494866 100.70952286443472 100.79777836166512 100.82647493438421 100.77621081172845 100.73154161834496 100.77449623662888 100.87601713068226 101.02049264301955 100.94649519135399 100.8807096520074 100.72296874284713 100.67198269383366 100.63498396800085 100.61504075236904 100.568025298323 100.52678525513865 100.5310265724902 100.54429196931318 100.55521110547359 100.56152796110358 100.56522783368685 100.56946915103842 100.57578600666841 100.58300527024552 100.5885099587231 100.59401464720067 100.59979005806235 100.60728004402363
100.48924508453757 100.47877715235073 100.45378045221493 100.46722633062733 100.48825243579572 100.50972974493767 100.54050185593519 100.55403797514231 100.54347980216076 100.5310265724902 100.50377385248655 100.47002379526346 100.47273101910488 100.58526129011338 100.7004987849633 100.80229040140082 100.85670560061344 100.8832363942594 100.79028837570385 100.707537566951 100.74877761013535 100.82846023186792 100.94450989387028 100.87673905703997 100.75446278020235 100.60222655951964 100.55521110547359 100.5457358220286 100.53445572268934 100.52073912189279 100.5330118699739 100.53923848480919 100.55051858414845 100.56026458997758 100.56649120481285 100.56549855607099 100.56847650229656 100.57425191315826 100.57921515686753 100.58553201249752 100.59121718256452 100.60051198442007 100.60953606389148
100.54645774838632 100.53201922123205 100.5022397589764 100.4632557356599 100.47227981513132 100.48825243579572 100.50548842758612 100.51920502838266 100.52100984427693 100.5035031301024 100.47625041009874 100.44502709512764 100.50070566546626 100.6135066588589 100.73451956457052 100.78848355980956 100.84001105359133 100.83676238498161 100.7567188000702 100.6857895354249 100.71304225542858 100.79254439557171 100.83423564272962 100.74751423900936 100.62478675819817 100.52904127500649 100.51027118970596 100.50052518387683 100.5125272095738 100.51721973089894 100.5297632013642 100.54528461805502 100.55349653037402 100.56252060984542 100.56576927845514 100.5649571113027 100.56721313117056 100.56820577991242 100.57325926441641 100.57876395289398 100.58652466123938 100.59599994468435 100.60971654548092
100.58697586521295 100.58074925037768 100.54176522706119 100.49700579288297 100.45125370996293 100.45702912082463 100.46397766201761 100.48247702493401 100.48996701089528 100.4772430588406 100.45847297354007 100.44349300161753 100.51451250705752 100.64301539873043 100.73352691582866 100.7432729216578 100.7477849613935 100.7650209531839 100.73072945119254 100.6992354138373 100.76077963583234 100.82097024590665 100.78974693093556 100.6832627931729 100.58751730998124 100.51703924930952 100.49899109036669 100.49474977301512 100.5105419120901 100.5182123796408 100.53598981619947 100.5489844906383 100.55448917911588 100.56152796110358 100.56576927845514 100.56576927845514 100.56703264958114 100.56928866944898 100.57028131819084 100.57479335792655 100.58273454786139 100.59599994468435 100.61224328773291
100.6070093216395 100.61052871263334 100.58625393885524 100.52552188401265 100.46596295950133 100.45350972983078 100.45928514069249 100.44701239261136 100.45477310095679 100.44674167022721 100.43546157088795 100.45125370996293 100.52073912189279 100.67324606495964 100.7202615190057 100.73226354470268 100.71926887026385 100.74101690178995 100.69300879900204 100.70221336006287 100.79073957967742 100.8507497081623 100.79525161941314 100.73524149092823 100.63597661674271 100.56721313117056 100.50052518387683 100.49402784665742 100.51351985831566 100.52299514176065 100.53571909381533 100.54799184189645 100.55629399501015 100.56324253620313 100.56820577991242 100.57001059580669 100.57046179978028 100.57452263554241 100.57623721064198 100.58174189911954 100.58896116269666 100.60475330177164 100.62298194230388
100.62226001594617 100.62975000190744 100.61522123395847 100.59248055369052 100.54302859818719 100.52046839950866 100.48247702493401 100.45901441830834 100.43501036691438 100.42724965856897 100.41596955922971 100.42652773221126 100.486267138312 100.65321260853311 100.76077963583234 100.79750763928098 100.71250081066029 100.62424531342988 100.57425191315826 100.62577940694003 100.7337073974181 100.80824629385197 100.82051904193308 100.78072285146416 100.7325342670868 100.60953606389148 100.53075585010606 100.49420832824684 100.5137905806998 100.52371706811836 100.53653126096776 100.54799184189645 100.56098651633529 100.56775457593885 100.57325926441641 100.57695913699969 100.57876395289398 100.58453936375567 100.59022453382266 100.59699259342621 100.60728004402363 100.62424531342988 100.64175202760443
100.66945595158165 100.68299207078877 100.69499409648576 100.68903820403462 100.64472997383 100.5962706670685 100.54275787580305 100.49150110440543 100.44845624532678 100.42571556505884 100.40649427578474 100.41596955922971 100.48446232241771 100.66295861436224 100.75572615132835 100.72423211397312 100.55448917911588 100.46424838440176 100.48653786069615 100.58228334388781 100.75347013146049 100.85345693200372 100.88152181915983 100.8507497081623 100.78451296484214 100.63101337303344 100.5342752410999 100.49348640188914 100.51171504242137 100.5252511616285 100.54104330070348 100.55701592136788 100.57100324454855 100.57695913699969 100.58201262150368 100.58553201249752 100.5879685139548 100.59248055369052 100.59870716852578 100.60773124799721 100.62153808958846 100.63796191422642 100.65348333091725
100.71701285039599 100.74101690178995 100.74724351662522 100.72648813384097 100.66449270787237 100.63498396800085 100.59347320243238 100.54546509964446 100.49222303076314 100.45251708108893 100.44322227923338 100.47823570758244 100.58246382547725 100.69246735423376 100.6755020848275 100.57650793302612 100.47778450360887 100.51577587818352 100.6070093216395 100.71376418178629 100.80102703027482 100.88747771161094 100.93422244327287 100.90724044565334 100.77296214311875 100.61097991660691 100.5227244193765 100.49402784665742 100.51496371103109 100.53075585010606 100.54970641699602 100.56820577991242 100.58228334388781 100.59202934971695 100.59870716852578 100.60222655951964 100.60150463316192 100.60303872667207 100.60601667289764 100.6115213613752 100.62153808958846 100.639044803763 100.6562807955534
100.70076950734745 100.7222468164894 100.72648813384097 100.71078623556072 100.6709900450918 100.66521463423008 100.63426204164314 100.5834564742191 100.51351985831566 100.48545497115957 100.49673507049883 100.56423518494499 100.66900474760808 100.69824276509544 100.63570589435857 100.55773784772559 100.62027471846245 100.75328964987106 100.78397152007386 100.75401157622878 100.76872082576718 100.85652511902401 100.88928252750523 100.85047898577815 100.70672539979859 100.58228334388781 100.50774444745397 100.49420832824684 100.51523443341523 100.53725318732548 100.56224988746128 100.5834564742191 100.60096318839364 100.61224328773291 100.61828942097875 100.61874062495232 100.61522123395847 100.61747725382632 100.6204552000519 100.6249672397876 100.62776470442374 100.64698599369783 100.66476343025651
100.66701945012437 100.6832627931729 100.68822603688218 100.67496064005921 100.64671527131371 100.6217185711779 100.60078270680421 100.58020780560939 100.53400451871576 100.51577587818352 100.53373379633162 100.59654138945264 100.66729017250852 100.66449270787237 100.61621388270032 100.62550868455588 100.73127089596083 100.80950966497795 100.75527494735478 100.70573275105673 100.73424884218637 100.78496416881572 100.80229040140082 100.73903160430623 100.62451603581403 100.5342752410999 100.50548842758612 100.49899109036669 100.52425851288665 100.55674519898373 100.58020780560939 100.60096318839364 100.61973327369418 100.63029144667573 100.63949600773657 100.64175202760443 100.66052211290496 100.67974340217907 100.68425544191476 100.6902113343659 100.6927380766179 100.70672539979859 100.70573275105673
100.63272794813301 100.67153148986007 100.67649473356936 100.66828282125037 100.64003745250486 100.61702604985275 100.62523796217174 100.61070919422276 100.59022453382266 100.5489844906383 100.561708442693 100.59275127607467 100.67252413860193 100.66350005913053 100.60421185700335 100.60854341514963 100.7004987849633 100.75202627874506 100.7099740684083 100.69373072535976 100.711959365892 100.74525821914152 100.73903160430623 100.68028484694736 100.5885099587231 100.53147777646377 100.50521770520197 100.52028791791922 100.54546509964446 100.57650793302612 100.59951933567821 100.61973327369418 100.63949600773657 100.65546862840097 100.66828282125037 100.70654491820916 100.7420095505318 100.7637575820579 100.77377431027116 100.77900827636459 100.79227367318757 100.79326632192942 100.788032355836
100.58499056772924 100.63227674415943 100.66521463423008 100.65727344429526 100.635254690385 100.62821590839731 100.63678878389514 100.65700272191111 100.64500069621414 100.5942853695848 100.59329272084295 100.62451603581403 100.73325619344453 100.635254690385 100.57578600666841 100.55503062388416 100.64554214098241 100.70672539979859 100.7407461794058 100.72504428112555 100.71674212801184 100.77278166152931 100.76673552828346 100.71845670311141 100.6064678768712 100.54600654441273 100.53472644507347 100.54997713938016 100.57371046838998 100.59654138945264 100.6192820697206 100.64148130522028 100.66124403926267 100.68001412456321 100.70221336006287 100.74029497543223 100.77575960775488 100.78974693093556 100.80003438153297 100.82078976431721 100.84271827743275 100.84524501968475 100.83721358895518
100.54672847077045 100.60800197038135 100.64121058283614 100.66377078151467 100.63877408137886 100.63272794813301 100.66097331687853 100.68145797727863 100.72675885622512 100.64202274998857 100.64121058283614 100.64328612111457 100.74823616536708 100.61449930760075 100.57226661567455 100.55124051050616 100.6742387137015 100.70474010231487 100.73903160430623 100.75897481993806 100.75653831848078 100.8404622575649 100.83649166259747 100.788032355836 100.64121058283614 100.57921515686753 100.568025298323 100.57903467527812 100.60123391077778 100.62027471846245 100.64048865647842 100.66250741038867 100.6792921982055 100.69851348747959 100.72098344536342 100.73271474867624 100.7579821711962 100.76872082576718 100.78478368722628 100.80571955159996 100.83874768246532 100.8455157420689 100.83748431133932
100.53346307394749 100.60177535554607 100.67225341621779 100.70022806257916 100.65447597965911 100.6135066588589 100.645993344956 100.71177888430257 100.79777836166512 100.68849675926633 100.59654138945264 100.5897733298491 100.63453276402728 100.56396446256085 100.53445572268934 100.62677205568188 100.76745745464117 100.75374085384463 100.7247735587414 100.74372412563137 100.80147823424839 100.90002118207622 100.88422904300124 100.79525161941314 100.65727344429526 100.6057459505135 100.59852668693635 100.60773124799721 100.62577940694003 100.64247395396214 100.66250741038867 100.67721665992707 100.69102350151833 100.70798877092459 100.7152080345017 100.72504428112555 100.74273147688952 100.7579821711962 100.77476695901302 100.79173222841928 100.82376771054278 100.82746758312607 100.8212409682908
100.52353658652893 100.59004405223324 100.66422198548823 100.71123743953429 100.66774137648208 100.6070093216395 100.58526129011338 100.645993344956 100.71674212801184 100.60403137541392 100.49574242175697 100.45973634466606 100.48725978705386 100.4964643481147 100.58129069514595 100.7017621560893 100.81754109570751 100.76799889940946 100.73325619344453 100.71349345940214 100.7862275399417 100.8487644106786 100.79227367318757 100.69472337410161 100.64770792005555 100.63949600773657 100.62848663078145 100.63354011528543 100.65176875581768 100.66774137648208 100.68028484694736 100.69346000297561 100.70221336006287 100.71123743953429 100.71827622152199 100.72702957860926 100.74724351662522 100.76447950841562 100.78126429623245 100.79750763928098 100.81077303610395 100.8040049765004 100.79976365914882
