static/data/pressure/2023/7/19/18.asc
ncols 137
nrows 93
xllcorner 108.0
yllcorner 17.0
cellsize 0.25
NODATA_value -32767
[rows 57 to 75 of 93, columns 43 to 85 of 137]
101.00181279851374 100.94730735850641 100.8878386747898 100.83179914127236 100.79985389994354 100.80833653464667 100.81510459425024 100.81708989173394 100.8200678379595 100.82331650656921 100.82376771054278 100.82376771054278 100.83035528855692 100.84181586948561 100.85309596882487 100.86230052988572 100.87330990684083 100.88377783902769 100.89207999214138 100.90281864671235 100.91581332115119 100.92709342049045 100.93530533280942 100.94830000724826 100.95858745784567 100.9625580528131 100.96228733042895 100.96057275532938 100.96102395930295 100.97104068751622 100.97510152327835 100.98331343559734 100.98854740169075 100.99278871904232 100.99757148116217 100.99802268513574 101.0002787050036 101.00253472487145 101.00506146712344 101.00858085811728 101.011829526727 101.01210024911114 101.01083687798514
100.95479734446768 100.89559938313522 100.85481054392444 100.81528507583967 100.81853374444937 100.82981384378864 100.82710661994722 100.82909191743093 100.83459660590847 100.84253779584333 100.84479381571118 100.84659863160546 100.83901840484947 100.84777176193674 100.85977378763371 100.8706026829994 100.87710002021883 100.88359735743825 100.89605058710879 100.90859405757405 100.92059608327102 100.93106401545788 100.9402685765187 100.94857072963241 100.95903866181924 100.96084347771352 100.96309949758138 100.96409214632324 100.96779201890652 100.97780874711978 100.98177934208721 100.98854740169075 100.99333016381061 100.9958569060626 100.99883485228817 101.00109087215603 101.00334689202387 101.00659556063357 101.00803941334901 101.01002471083271 101.01155880434285 101.009302784475 101.0073174869913
100.9025479243282 100.86410534578 100.82809926868907 100.83360395716662 100.84280851822747 100.84127442471733 100.84605718683717 100.85282524644073 100.85083994895702 100.85426909915616 100.87204653571483 100.89532866075108 100.8788145953184 100.85481054392444 100.86482727213772 100.87358062922497 100.88305591266996 100.88883132353166 100.89984070048679 100.91454995002519 100.92285210313888 100.93160546022615 100.943336763539 100.94857072963241 100.95858745784567 100.96057275532938 100.96355070155495 100.97131140990035 100.97681609837792 100.9843060843392 100.98954005043261 100.99432281255247 100.99757148116217 101.0002787050036 101.00127135374545 101.00433954076573 101.00560291189173 101.00957350685914 101.01110760036929 101.01083687798514 101.01083687798514 101.00433954076573 101.00127135374545
100.87403183319854 100.84578646445303 100.8443426117376 100.84957657783103 100.85878113889186 100.85607391505044 100.87385135160912 100.86780521836327 100.86681256962143 100.90326985068592 100.93882472380328 100.9875547529489 100.9248374006226 100.89054589863123 100.86906858948927 100.87782194657655 100.88558265492195 100.89731395823479 100.90354057307006 100.91879126737675 100.92727390207988 100.93485412883587 100.94685615453284 100.95154867585798 100.95858745784567 100.96228733042895 100.96977731639022 100.97753802473564 100.98484752910748 100.98981077281675 100.99603738765204 100.99684955480446 101.00009822341417 101.00235424328203 101.00280544725558 101.00704676460715 101.00704676460715 101.01083687798514 101.01002471083271 101.00957350685914 101.00533218950758 100.99784220354631 100.99378136778418
100.85832993491829 100.861578603528 100.85977378763371 100.86735401438969 100.87655857545055 100.87385135160912 100.90209672035463 100.89126782498894 100.93855400141913 100.97528200486778 101.10928958501825 101.1365423050219 101.00406881838158 100.8853119325378 100.86410534578 100.87953652167612 100.88359735743825 100.90453322181192 100.90552587055377 100.92059608327102 100.93304931294159 100.94081002128699 100.94929265599012 100.95606071559368 100.96084347771352 100.96905539003251 100.97654537599378 100.98484752910748 100.99251799665818 100.99432281255247 101.00082014977188 101.00109087215603 101.00280544725558 101.00506146712344 101.00433954076573 101.00831013573314 101.00758820937543 101.00803941334901 101.0073174869913 101.00280544725558 100.99784220354631 100.99080342155861 100.98556945546518
100.86753449597913 100.87276846207254 100.87583664909283 100.88359735743825 100.8935238448568 100.88801915637923 100.91734741466134 100.92880799559002 100.9843060843392 101.23860464384357 101.41331082241008 101.30827053736286 101.0265387762654 100.89632130949293 100.87403183319854 100.89207999214138 100.88558265492195 100.90733068644805 100.9095867063159 100.92231065837059 100.93584677757771 100.94577326499628 100.95209012062625 100.96003131056109 100.9625580528131 100.97230405864221 100.98060621175593 100.98854740169075 100.99684955480446 100.99757148116217 101.00334689202387 101.00307616963973 101.0047907447393 101.00632483824944 101.00560291189173 101.0073174869913 101.00433954076573 101.00379809599744 100.99982750103003 100.99504473891018 100.98954005043261 100.98277199082906 100.97780874711978
100.88404856141182 100.88305591266996 100.88856060114752 100.89659203187708 100.90227720194406 100.90083334922863 100.93503461042528 100.96309949758138 101.07427615666916 101.3487886541895 101.59857517395817 101.3705366857156 101.02031216143013 100.89758468061893 100.87682929783469 100.89857732936079 100.89235071452552 100.90651851929563 100.91554259876705 100.92835679161645 100.94378796751256 100.95551927082539 100.95660216036195 100.96309949758138 100.9650847950651 100.97654537599378 100.98457680672334 100.99035221758504 100.99784220354631 100.99856412990403 101.00235424328203 101.00208352089788 101.00253472487145 101.00379809599744 101.00253472487145 101.00253472487145 100.99856412990403 100.99504473891018 100.9913448663269 100.98656210420704 100.98060621175593 100.97356742976821 100.97131140990035
100.89126782498894 100.89307264088323 100.90110407161278 100.90805261280576 100.9083233351899 100.92059608327102 100.93503461042528 100.95506806685182 101.05676944249463 101.28182998451163 101.49308368493737 101.16632176727757 100.94180267002885 100.86681256962143 100.8775512241924 100.89559938313522 100.8980358845925 100.90985742870005 100.91933271214502 100.93106401545788 100.94360748592312 100.95227060221568 100.95633143797782 100.96309949758138 100.96932611241665 100.97907211824578 100.98602065943875 100.99179607030047 100.9958569060626 100.99757148116217 100.99982750103003 100.99955677864588 100.99928605626174 100.99856412990403 100.99657883242031 100.99405209016832 100.99080342155861 100.98656210420704 100.98205006447135 100.97735754314621 100.97203333625806 100.96652864778052 100.96454335029681
100.89902853333436 100.90281864671235 100.90859405757405 100.91157200379962 100.91229393015733 100.92528860459616 100.9197839161186 100.98060621175593 101.13933976965804 101.35808345604507 101.45229484572658 101.01652204805214 100.862841974654 100.88377783902769 100.89984070048679 100.89433601200922 100.90633803770619 100.91509139479348 100.92203993598645 100.93404196168343 100.94234411479714 100.95010482314255 100.95958010658752 100.96427262791266 100.97356742976821 100.97880139586164 100.9843060843392 100.9888181240749 100.9900814952009 100.99305944142647 100.99233751506875 100.99206679268461 100.99080342155861 100.98908884645904 100.98710354897533 100.98358415798148 100.98006476698764 100.97681609837792 100.97329670738407 100.96878466764838 100.96228733042895 100.95678264195139 100.95434614049411
100.90534538896435 100.90606731532206 100.91130128141548 100.91382802366748 100.91283537492562 100.92754462446402 100.92528860459616 101.05234764355365 101.36557344200632 101.57357847382237 101.37008548174204 100.96707009254881 100.86130788114386 100.9005626268445 100.9083233351899 100.89758468061893 100.92203993598645 100.91509139479348 100.92808606923231 100.93882472380328 100.94577326499628 100.95308276936811 100.96156540407124 100.9632799791708 100.97329670738407 100.97528200486778 100.97952332221935 100.98205006447135 100.98132813811364 100.98602065943875 100.98259150923963 100.98331343559734 100.98060621175593 100.97708682076207 100.97483080089421 100.97131140990035 100.97058948354264 100.96734081493295 100.9638214239391 100.95903866181924 100.95308276936811 100.95109747188441 100.9478488032747
100.91030863267362 100.9083233351899 100.91554259876705 100.91933271214502 100.91454995002519 100.943336763539 100.92853727320588 101.05433294103734 101.37180005684161 101.4658309649337 101.13482772992234 100.93304931294159 100.89559938313522 100.90985742870005 100.91130128141548 100.90805261280576 100.9255593269803 100.91409874605162 100.93431268406758 100.93756135267728 100.94577326499628 100.95452662208353 100.95958010658752 100.9650847950651 100.96959683480078 100.97131140990035 100.97257478102635 100.97401863374178 100.9728455034105 100.97609417202021 100.97131140990035 100.97076996513208 100.96833346367481 100.96535551744924 100.96427262791266 100.95958010658752 100.96057275532938 100.95732408671967 100.95407541810997 100.95010482314255 100.94685615453284 100.94631470976455 100.94008809492928
100.91409874605162 100.90760140883219 100.91608404353534 100.9242959558543 100.92059608327102 100.95335349175225 100.93160546022615 101.03781887560466 101.29004189683062 101.36954403697375 101.02960696328569 100.89605058710879 100.90778189042163 100.9038112954542 100.90931598393176 100.91409874605162 100.92330330711245 100.9197839161186 100.93810279744557 100.94108074367114 100.94983410075841 100.95930938420338 100.95732408671967 100.96481407268095 100.96427262791266 100.96607744380695 100.96652864778052 100.96535551744924 100.9650847950651 100.96409214632324 100.96057275532938 100.95958010658752 100.95660216036195 100.95380469572582 100.95353397334168 100.94983410075841 100.95154867585798 100.94802928486412 100.9453220610227 100.94460013466498 100.94252459638656 100.94252459638656 100.93178594181559
100.90805261280576 100.90534538896435 100.91752789625076 100.9242959558543 100.9268226981063 100.94577326499628 100.92907871797416 100.98502801069691 101.14782240436116 101.2355364568233 100.95181939824211 100.88377783902769 100.93160546022615 100.91283537492562 100.91933271214502 100.92059608327102 100.92357402949659 100.92628125333802 100.93927592777685 100.94252459638656 100.94830000724826 100.95452662208353 100.95380469572582 100.96030203294524 100.95551927082539 100.95831673546152 100.95606071559368 100.95551927082539 100.95452662208353 100.95209012062625 100.94884145201655 100.94757808089055 100.9453220610227 100.94460013466498 100.94360748592312 100.94180267002885 100.94432941228084 100.93882472380328 100.93855400141913 100.93683942631957 100.93629798155128 100.9337712392993 100.92357402949659
100.89532866075108 100.8980358845925 100.90705996406392 100.91752789625076 100.91806934101903 100.92727390207988 100.91554259876705 100.94631470976455 101.09331696435385 101.09485105786398 100.90931598393176 100.89207999214138 100.92727390207988 100.90778189042163 100.91608404353534 100.92285210313888 100.92258138075474 100.93133473784202 100.93783207506142 100.94306604115485 100.94983410075841 100.95082674950027 100.95154867585798 100.95227060221568 100.9478488032747 100.95082674950027 100.9465854321487 100.9453220610227 100.94306604115485 100.93954665016099 100.93855400141913 100.93629798155128 100.93458340645172 100.93503461042528 100.93404196168343 100.93359075770987 100.93431268406758 100.93007136671602 100.93133473784202 100.92907871797416 100.9268226981063 100.92258138075474 100.91734741466134
100.88278519028583 100.8878386747898 100.89632130949293 100.90326985068592 100.9050746665802 100.90859405757405 100.9025479243282 100.92104728724459 100.94902193360598 100.94604398738042 100.90651851929563 100.90579659293792 100.9152718763829 100.90904526154762 100.9165352475089 100.92077656486046 100.91960343452917 100.93133473784202 100.93359075770987 100.94081002128699 100.94234411479714 100.94360748592312 100.943336763539 100.942073392413 100.94053929890285 100.9402685765187 100.93584677757771 100.93485412883587 100.93232738658386 100.92880799559002 100.92980064433188 100.92583004936445 100.92655197572216 100.92655197572216 100.92655197572216 100.92655197572216 100.92501788221202 100.92285210313888 100.92384475188074 100.92104728724459 100.9185205449926 100.91554259876705 100.9108500774419
100.86780521836327 100.87231725809897 100.87827315055011 100.88477048776952 100.89054589863123 100.89334336326736 100.89054589863123 100.8935238448568 100.90985742870005 100.91454995002519 100.90326985068592 100.90579659293792 100.90110407161278 100.90029190446036 100.90606731532206 100.91103055903133 100.91680596989305 100.92709342049045 100.92754462446402 100.93485412883587 100.93530533280942 100.93602725916713 100.93584677757771 100.93232738658386 100.93359075770987 100.92880799559002 100.9261007717486 100.92402523347016 100.92231065837059 100.91933271214502 100.92104728724459 100.91806934101903 100.92032536088688 100.9165352475089 100.9165352475089 100.91707669227719 100.91482067240933 100.91635476591948 100.91509139479348 100.91328657889919 100.9108500774419 100.90760140883219 100.9050746665802
100.85309596882487 100.85706656379229 100.86184932591215 100.86852714472099 100.87655857545055 100.88079989280212 100.88459000618009 100.88603385889552 100.88856060114752 100.89027517624709 100.88856060114752 100.8878386747898 100.8878386747898 100.89433601200922 100.90155527558635 100.90877453916349 100.91509139479348 100.91834006340318 100.92384475188074 100.92808606923231 100.92754462446402 100.92754462446402 100.9261007717486 100.9230325847283 100.92258138075474 100.91680596989305 100.91509139479348 100.91328657889919 100.91310609730976 100.91608404353534 100.91806934101903 100.91806934101903 100.91554259876705 100.91057935505776 100.90733068644805 100.90651851929563 100.90606731532206 100.90904526154762 100.90606731532206 100.90633803770619 100.90308936909649 100.89984070048679 100.89830660697665
100.83955984961776 100.84307924061162 100.84858392908917 100.85679584140816 100.86735401438969 100.87330990684083 100.8788145953184 100.88233398631225 100.88459000618009 100.88359735743825 100.87980724406026 100.87710002021883 100.88034868882855 100.8878386747898 100.8947872159828 100.90110407161278 100.90733068644805 100.91409874605162 100.9185205449926 100.91680596989305 100.91806934101903 100.91707669227719 100.91427922764105 100.91184272618376 100.90904526154762 100.90480394419606 100.90453322181192 100.90778189042163 100.91283537492562 100.9165352475089 100.91554259876705 100.91608404353534 100.90859405757405 100.90326985068592 100.89884805174493 100.89605058710879 100.89632130949293 100.89758468061893 100.8947872159828 100.8947872159828 100.89253119611494 100.89027517624709 100.88883132353166
100.8347770874979 100.83685262577633 100.84181586948561 100.85029850418873 100.85878113889186 100.86581992087957 100.87105388697297 100.87556592670869 100.8762878530664 100.87231725809897 100.86735401438969 100.86708329200556 100.87258798048312 100.88179254154397 100.88982397227352 100.89605058710879 100.90110407161278 100.90579659293792 100.90678924167977 100.90778189042163 100.90705996406392 100.90354057307006 100.90029190446036 100.89857732936079 100.8947872159828 100.89379456724095 100.89677251346652 100.90308936909649 100.90733068644805 100.90678924167977 100.90281864671235 100.9005626268445 100.89460673439336 100.89180926975723 100.88828987876337 100.88603385889552 100.88684602604795 100.88558265492195 100.8865753036638 100.88459000618009 100.88233398631225 100.8800779664444 100.8775512241924
