static/data/pressure/2023/7/19/6.asc
ncols 137
nrows 93
xllcorner 108.0
yllcorner 17.0
cellsize 0.25
NODATA_value -32767
[rows 19 to 37 of 93, columns 43 to 85 of 137]
100.8852216917431 100.91247441174676 100.92050584247632 100.92646173492744 100.9337712392993 100.94324652274427 100.94703663612226 100.94974385996369 100.9517291574474 100.95425589969939 100.95597047479896 100.9575045683091 100.95822649466682 100.95903866181924 100.9575045683091 100.95597047479896 100.95398517731525 100.95028530473198 100.94523182022799 100.93828327903499 100.92952992194773 100.91879126737675 100.90724044565334 100.89577986472466 100.8839583206171 100.87123436856241 100.86004451001786 100.84596694604247 100.83071625173578 100.81727037332337 100.79073957967742 100.7650209531839 100.7420095505318 100.7222468164894 100.75852361596448 100.80671220034182 100.82376771054278 100.76772817702532 100.73921208589566 100.74724351662522 100.76772817702532 100.77873755398045 100.77702297888088
100.88179254154397 100.89596034631408 100.90796237201106 100.92077656486046 100.93223714578916 100.93846376062442 100.94270507797599 100.94748784009585 100.9517291574474 100.9549778260571 100.95723384592496 100.95849721705096 100.95921914340867 100.95976058817696 100.95795577228267 100.95578999320954 100.95272180618925 100.94820976645356 100.94270507797599 100.93620774075657 100.9287177547953 100.91951319373446 100.9082330943952 100.89722371744008 100.88648506286908 100.87601713068226 100.864737031343 100.85102043054644 100.83495756908734 100.81699965093922 100.7822569449743 100.75175555636092 100.73199282231853 100.73127089596083 100.76872082576718 100.79471017464485 100.7969661945127 100.7682696217936 100.76998419689318 100.77323286550288 100.77476695901302 100.76673552828346 100.77278166152931
100.87096364617827 100.87673905703997 100.89126782498894 100.90678924167977 100.91924247135032 100.92925919956359 100.9377418342667 100.94252459638656 100.94703663612226 100.95127795347383 100.95470710367296 100.95777529069325 100.95921914340867 100.96003131056109 100.9575045683091 100.95452662208353 100.95073650870555 100.94622446896985 100.94053929890285 100.93350051691516 100.92546908618559 100.91671572909833 100.90678924167977 100.89650179108237 100.88621434048495 100.87601713068226 100.86428582736943 100.85300572803015 100.83820623769704 100.81772157729694 100.78821283742542 100.75771144881206 100.7369560660278 100.73451956457052 100.76348685967376 100.77377431027116 100.77224021676103 100.77070612325089 100.78126429623245 100.7822569449743 100.77828635000688 100.77296214311875 100.77503768139717
100.85670560061344 100.85571295187158 100.86654184723729 100.88224374551754 100.89848708856609 100.9127451341309 100.9242057150596 100.93521509201472 100.94171242923413 100.94875121122183 100.95199987983153 100.9549778260571 100.95678264195139 100.95696312354082 100.95524854844125 100.95254132459982 100.94875121122183 100.94270507797599 100.93602725916713 100.92925919956359 100.92222041757589 100.91373778287276 100.90471370340134 100.89424577121451 100.88377783902769 100.87403183319854 100.86329317862757 100.85147163452001 100.83703310736576 100.81754109570751 100.79272487716113 100.76276493331605 100.74047545702166 100.72621741145683 100.75022146285077 100.7650209531839 100.77621081172845 100.77702297888088 100.77828635000688 100.77503768139717 100.77124756801918 100.76799889940946 100.76547215715746
100.8429889998169 100.8442523709429 100.85273500564601 100.864737031343 100.87547568591397 100.88675578525323 100.90426249942777 100.92528860459616 100.93620774075657 100.94378796751256 100.9472171177117 100.95326325095753 100.95551927082539 100.95597047479896 100.95524854844125 100.95073650870555 100.94676591373813 100.94071978049227 100.93404196168343 100.92700317969573 100.91951319373446 100.91048911426306 100.90173575717577 100.8922604737308 100.88098037439154 100.87150509094656 100.86049571399143 100.84695959478432 100.83495756908734 100.81799229968108 100.7969661945127 100.76854034417775 100.74426557039966 100.7325342670868 100.74625086788338 100.7579821711962 100.7650209531839 100.76971347450903 100.76971347450903 100.76673552828346 100.76150156219005 100.75626759609663 100.75401157622878
100.84001105359133 100.84226707345918 100.84849368829445 100.85399837677201 100.86248101147514 100.86997099743641 100.8884703603528 100.91202320777319 100.93196642340502 100.93972713175042 100.94270507797599 100.94802928486412 100.9517291574474 100.9549778260571 100.95578999320954 100.95145843506326 100.94676591373813 100.94126122526056 100.93350051691516 100.92573980856973 100.91797910022433 100.90922574313706 100.90029190446036 100.89153854737309 100.88025844803383 100.87024171982056 100.85851041650773 100.8455157420689 100.83495756908734 100.81754109570751 100.7969661945127 100.78072285146416 100.75897481993806 100.74724351662522 100.74354364404195 100.75202627874506 100.75347013146049 100.75753096722264 100.7567188000702 100.75202627874506 100.74679231265165 100.74002425304809 100.73650486205423
100.84650839081075 100.84623766842661 100.84596694604247 100.85147163452001 100.85697632299758 100.86302245624343 100.88152181915983 100.9057063521432 100.92601053095387 100.93521509201472 100.93873448300856 100.94378796751256 100.95001458234783 100.95353397334168 100.9562411971831 100.95452662208353 100.94974385996369 100.94423917148613 100.93647846314072 100.92799582843759 100.92050584247632 100.9114817630049 100.90227720194406 100.8935238448568 100.88278519028583 100.87177581333069 100.86004451001786 100.84695959478432 100.8347770874979 100.81853374444937 100.81573627981324 100.79922221438053 100.77729370126502 100.75753096722264 100.75148483397678 100.74679231265165 100.7477849613935 100.74598014549923 100.74002425304809 100.73551221331238 100.73000752483483 100.72378090999955 100.71872742549556
100.85472030312972 100.84921561465218 100.84695959478432 100.84452309332704 100.84975705942045 100.85553247028216 100.87574640829811 100.89975045969207 100.91698645148247 100.92727390207988 100.93350051691516 100.9390052053927 100.94550254261213 100.95272180618925 100.95551927082539 100.9562411971831 100.9537144549311 100.94820976645356 100.94270507797599 100.9337712392993 100.92573980856973 100.91770837784019 100.9082330943952 100.90002118207622 100.89045565783651 100.87926579929197 100.86726377359498 100.85399837677201 100.83622094021334 100.82900167663621 100.82972360299392 100.81447290868724 100.78902500457785 100.75951626470633 100.75401157622878 100.74895809172477 100.7432729216578 100.73776823318023 100.72946608006654 100.72071272297927 100.7152080345017 100.70979358681886 100.7042888983413
100.85697632299758 100.85002778180458 100.84452309332704 100.84073297994904 100.84001105359133 100.84623766842661 100.87078316458884 100.89000445386294 100.90651851929563 100.91824982260846 100.92754462446402 100.9325078681733 100.94171242923413 100.95001458234783 100.95425589969939 100.9587679394351 100.95678264195139 100.9537144549311 100.94902193360598 100.94053929890285 100.9337712392993 100.92628125333802 100.9185205449926 100.91021839187891 100.9012845532022 100.89000445386294 100.87800242816597 100.86329317862757 100.84371092617461 100.83901840484947 100.82521156325821 100.80878773862024 100.77548888537073 100.75328964987106 100.75175555636092 100.75049218523492 100.74471677437323 100.73578293569652 100.72378090999955 100.71376418178629 100.70600347344087 100.69950613622144 100.69454289251217
100.85553247028216 100.84849368829445 100.84578646445303 100.84452309332704 100.84325972220104 100.84353044458518 100.86121764034915 100.87728050180826 100.8909971026048 100.90372105465948 100.91770837784019 100.92673245731159 100.93747111188256 100.94802928486412 100.95326325095753 100.95903866181924 100.95921914340867 100.95723384592496 100.9549778260571 100.94875121122183 100.94324652274427 100.93548581439886 100.92673245731159 100.91951319373446 100.91021839187891 100.89848708856609 100.88549241412724 100.87078316458884 100.8507497081623 100.82476035928464 100.79525161941314 100.7670062506676 100.7445362927838 100.74895809172477 100.75220676033449 100.75022146285077 100.74146810576352 100.73072945119254 100.71953959264798 100.71150816191843 100.70446937993073 100.69752083873774 100.69228687264433
100.84677911319488 100.84777176193674 100.85129115293059 100.85228380167244 100.84975705942045 100.84596694604247 100.85273500564601 100.864737031343 100.87827315055011 100.89198975134666 100.9057063521432 100.91824982260846 100.9312444970473 100.94324652274427 100.95073650870555 100.9562411971831 100.9587679394351 100.95948986579282 100.95849721705096 100.95299252857339 100.94902193360598 100.94198315161827 100.9337712392993 100.92673245731159 100.91572308035647 100.90245768353348 100.88774843399509 100.87249773968841 100.85878113889186 100.83522829147148 100.80671220034182 100.78126429623245 100.7650209531839 100.76177228457419 100.75500422497063 100.7465215902675 100.73578293569652 100.72450283635726 100.71502755291228 100.71051551317657 100.70546202867259 100.69824276509544 100.6902113343659
100.82773830551021 100.84497429730061 100.85526174789801 100.85652511902401 100.8545398215403 100.85598367425573 100.85977378763371 100.86329317862757 100.87195629492012 100.88251446790169 100.89902853333436 100.91328657889919 100.92528860459616 100.93575653678299 100.94622446896985 100.95425589969939 100.95777529069325 100.96003131056109 100.96003131056109 100.95678264195139 100.95272180618925 100.94604398738042 100.9377418342667 100.92925919956359 100.9165352475089 100.90471370340134 100.8897337314788 100.87276846207254 100.85878113889186 100.84100370233318 100.82503108166878 100.80553907001054 100.7874909110677 100.77178901278745 100.76023819106405 100.74679231265165 100.7349707685441 100.72378090999955 100.71223008827614 100.70600347344087 100.7017621560893 100.6972501163536 100.69454289251217
100.81122424007752 100.8360404586239 100.85102043054644 100.85823969412358 100.85697632299758 100.8602249916073 100.87123436856241 100.87520496352982 100.8762878530664 100.88052917041797 100.88946300909465 100.90552587055377 100.9185205449926 100.93025184830545 100.93972713175042 100.94820976645356 100.95470710367296 100.95777529069325 100.95948986579282 100.95795577228267 100.95425589969939 100.94875121122183 100.94126122526056 100.93449316565702 100.92176921360232 100.9094964655212 100.89496769757223 100.87872435452368 100.86572968008485 100.84903513306274 100.83351371637191 100.81898494842294 100.8027416053744 100.788032355836 100.77196949437689 100.75726024483849 100.74128762417409 100.72847343132469 100.71845670311141 100.71177888430257 100.70726684456687 100.70501082469902 100.70627419582502
100.788032355836 100.81600700219738 100.84353044458518 100.85129115293059 100.85697632299758 100.86049571399143 100.87520496352982 100.88720698922681 100.88901180512109 100.88278519028583 100.88152181915983 100.89577986472466 100.9127451341309 100.92601053095387 100.93521509201472 100.94396844910199 100.95100723108969 100.95678264195139 100.9587679394351 100.95903866181924 100.95795577228267 100.95272180618925 100.9472171177117 100.94071978049227 100.92925919956359 100.91824982260846 100.90372105465948 100.89045565783651 100.87827315055011 100.86275173385928 100.84975705942045 100.83549901385561 100.82078976431721 100.80571955159996 100.788032355836 100.76953299291961 100.75328964987106 100.73803895556438 100.72829294973526 100.7222468164894 100.71926887026385 100.71728357278013 100.72098344536342
100.77178901278745 100.80174895663254 100.82846023186792 100.84100370233318 100.84650839081075 100.85372765438787 100.87222701730427 100.88477048776952 100.89072638022066 100.8852216917431 100.87926579929197 100.89000445386294 100.9069697232692 100.92276186234416 100.9325078681733 100.94225387400242 100.95001458234783 100.95578999320954 100.9607532369188 100.96174588566066 100.9612946816871 100.95849721705096 100.95299252857339 100.94748784009585 100.93846376062442 100.92826655082173 100.91879126737675 100.90597707452734 100.8935238448568 100.87872435452368 100.86572968008485 100.85174235690415 100.83676238498161 100.8212409682908 100.80102703027482 100.7822569449743 100.76547215715746 100.75022146285077 100.74101690178995 100.73650486205423 100.7337073974181 100.73352691582866 100.73677558443838
100.75148483397678 100.77945948033816 100.80896822020968 100.82178241305907 100.82900167663621 100.83378443875604 100.84975705942045 100.86627112485314 100.87249773968841 100.8750244819404 100.87177581333069 100.8832363942594 100.90399177704363 100.9197839161186 100.93079329307373 100.94225387400242 100.95001458234783 100.95651191956725 100.9620166080448 100.96300925678666 100.96373118314438 100.96102395930295 100.95678264195139 100.9517291574474 100.94478061625442 100.93846376062442 100.92898847717944 100.92023512009217 100.90850381677934 100.89379456724095 100.87971700326554 100.86572968008485 100.8487644106786 100.83225034524592 100.81176568484581 100.79353704431357 100.77648153411259 100.7637575820579 100.75626759609663 100.75202627874506 100.75022146285077 100.75049218523492 100.75274820510278
100.72829294973526 100.7477849613935 100.78126429623245 100.80626099636825 100.81573627981324 100.80752436749425 100.81248761120352 100.83098697411992 100.84623766842661 100.85147163452001 100.85652511902401 100.8762878530664 100.89722371744008 100.9165352475089 100.92799582843759 100.9402685765187 100.94875121122183 100.95524854844125 100.96021179215053 100.96102395930295 100.96246781201839 100.96021179215053 100.95597047479896 100.95227060221568 100.94622446896985 100.94053929890285 100.93476388804115 100.92646173492744 100.9185205449926 100.90471370340134 100.89045565783651 100.87547568591397 100.85778849015001 100.83974033120718 100.82178241305907 100.8034635317321 100.78920548616728 100.77801562762274 100.77178901278745 100.76772817702532 100.76601360192575 100.7657428795416 100.7670062506676
100.73479028695466 100.74146810576352 100.76321613728962 100.78920548616728 100.79678571292327 100.78649826232585 100.78902500457785 100.8052683476264 100.81970687478065 100.83351371637191 100.84903513306274 100.8692490710787 100.8897337314788 100.9094964655212 100.92203993598645 100.93422244327287 100.94252459638656 100.94947313757956 100.9549778260571 100.95678264195139 100.95777529069325 100.95524854844125 100.95199987983153 100.94902193360598 100.94297580036013 100.93846376062442 100.93295907214687 100.92727390207988 100.92023512009217 100.90778189042163 100.89424577121451 100.87899507690783 100.863473660217 100.84596694604247 100.82927239902035 100.81528507583967 100.80247088299025 100.79200295080342 100.78577633596814 100.78198622259016 100.78000092510645 100.7797302027223 100.78072285146416
100.76402830444205 100.75374085384463 100.76872082576718 100.78252766735844 100.78496416881572 100.7612308398059 100.76953299291961 100.7874909110677 100.80626099636825 100.82196289464851 100.84497429730061 100.86446630895885 100.88251446790169 100.89848708856609 100.91003791028947 100.9242057150596 100.93295907214687 100.93999785413456 100.94604398738042 100.94802928486412 100.94929265599012 100.9484804888377 100.94604398738042 100.94378796751256 100.93873448300856 100.93449316565702 100.93079329307373 100.92601053095387 100.91924247135032 100.90895502075291 100.89623106869823 100.88251446790169 100.86726377359498 100.85372765438787 100.83974033120718 100.82629445279478 100.81501435345552 100.8052683476264 100.79949293676468 100.79552234179728 100.79353704431357 100.79398824828714 100.79678571292327
