static/data/ASCData/20210123/ASCU/00.asc
ncols 97
nrows 97
xllcorner 99.0
yllcorner 2.0
cellsize 0.25
NODATA_value -32767
[rows 38 to 56 of 97, columns 42 to 83 of 97]
2.7754790569624004 1.6917852679076497 -0.2166774472034394 -1.6910512538638245 -2.0163122387874504 -1.986965383004868 -1.730180394907268 -1.381686482489097 -1.1530255645164726 -1.0995286919961393 -1.1842065987854669 -1.3902459820923505 -1.624715131938611 -1.6393885598299025 -1.4333491765230189 -1.1698388673085773 -0.8708677740235149 -0.6510720520685456 -0.5495808424871134 -0.3924528854845346 -0.29860408626315005 -0.3190857460280774 -0.45206368629290594 -0.5709795914952467 -0.7418638871459111 -0.7458379405331359 -0.6932581572560084 -0.5767878233688828 -0.47927066717467515 -0.41385163449266793 -0.4431984902752508 -0.28087369422783937 -0.1197716838380356 0.011983470769184823 -0.3123604249112355 -0.7623455469108389 -0.7174081739937588 -0.2154546615458317 1.3399286949310576 2.9885494578005276 3.009031117565456 1.4288863515220118
2.7452151119366124 2.1573609070417503 0.37239954334903036 -1.1716730457949889 -1.6959423964942548 -1.7955994275892757 -1.768392446707506 -1.4302922123789998 -1.0475603015478157 -0.9225304680574367 -1.0603995509526956 -1.3199358067799125 -1.6433626132171273 -1.6393885598299025 -1.4000282673532114 -1.110228066500206 -0.8308215437368653 -0.6950923357424199 -0.6091916432954847 -0.5670055381080219 -0.5416327357126638 -0.6354815349340486 -0.7623455469108389 -0.8629196672490653 -0.8485519357721758 -0.8308215437368653 -0.6969265142288312 -0.5816789659993133 -0.5077004337140525 -0.43433329425759526 -0.4615402751393649 -0.5028092910836219 -0.471322560400226 -0.5526378066311324 -0.8228734369624158 -0.8788158807979645 -0.688367014625578 0.40358057761802435 1.891710722926495 2.6525890983728355 1.9837253436614684 0.7591055075674396
2.7696708250887645 2.279639472802512 0.9357980350917399 -0.44717254366247516 -1.157916707146903 -1.6042334721736835 -1.6305233638122472 -1.5076334052226819 -1.1249014943914974 -0.8387696505113149 -0.9772501262353777 -1.3141275749062762 -1.6149328466777502 -1.5993423295432532 -1.3639560904537866 -1.084855264104848 -0.946986181209589 -0.8133968481159568 -0.8133968481159568 -0.7858841708197855 -0.7916924026934216 -0.9002146298060978 -1.007514071261166 -1.0007887501443242 -0.9549342879840386 -0.8503861142585873 -0.7186309596513665 -0.6629942122302199 -0.5709795914952467 -0.46368015004017815 -0.5272650042357743 -0.7574544042804083 -1.1151192091306366 -1.1930717948031222 -1.0759900680871928 -1.1236787087338898 -0.9158051469405948 -0.040902008922344635 0.7315928302712678 1.1546766678035034 0.47480784217366834 0.11928291222425358
2.4327933764178655 2.4309591979314544 1.329229320426991 0.23177919272415437 -0.6461809094381152 -1.2077452226944134 -1.554404956626173 -1.4315149980366075 -1.107171102356187 -0.8228734369624158 -1.042669158917385 -1.391468767749958 -1.5877258657959805 -1.5134416370963177 -1.3034282004022095 -1.1276527621211145 -0.9919235541266691 -1.027078641782888 -1.027078641782888 -0.9919235541266691 -0.9793900011361909 -1.0995286919961393 -1.1249014943914974 -1.062233729439107 -0.9109140043101644 -0.8085057054855265 -0.8522202927449987 -0.7975006345670579 -0.6354815349340486 -0.4841618098051059 -0.6287562138172067 -1.1560825286604917 -1.6237980426954053 -1.6687354156124852 -1.548596724752537 -1.4382403191534494 -1.2361749892337905 -1.1970458481903468 -0.6715537118334731 -0.1209944694956433 -0.598492268791418 -0.7770189748021301
2.185790673581127 2.2062723333460545 1.5401598463643054 0.6154281927985443 -0.25274962410286417 -0.8699506847803091 -1.2682731127459905 -1.238009167720202 -0.9139709684541835 -0.8922665230316482 -1.145383154156425 -1.4302922123789998 -1.5388144394916758 -1.413784606001297 -1.2801952729076649 -1.132543904751545 -1.1698388673085773 -1.2049939549647963 -1.1952116697039354 -1.1539426537596784 -1.132543904751545 -1.2401490426210153 -1.1560825286604917 -0.9861153222530328 -0.8387696505113149 -0.8629196672490653 -0.9069399509229397 -0.8699506847803091 -0.7097657636337114 -0.5349074145958219 -0.7146569062641417 -1.4333491765230189 -1.9579242236366867 -1.9362197782141517 -1.5250581008435904 -1.4147016952445028 -1.5504309032389483 -1.5916999191832053 -1.3278839135543619 -0.6296733030604122 -1.1062540131129812 -1.6082075255609083
2.368291432979064 2.0891906066301256 1.5316003467610515 0.6839041896245708 -0.0632178471736835 -0.6452638201949095 -0.8846241126716006 -0.861085488762654 -0.8357126863672959 -0.8775930951403568 -1.1463002433996308 -1.3981940888667999 -1.4449656402702913 -1.3162674498070897 -1.256656648998718 -1.2303667573601544 -1.2682731127459905 -1.318101628293501 -1.3122933964198649 -1.2945630043845544 -1.3015940219157982 -1.288754772510918 -1.116036298373842 -0.928338699931073 -0.7987234202246654 -0.87973297004117 -0.9998716609011185 -0.9460690919663834 -0.7333043875426579 -0.6061346791514657 -0.7430866728035188 -1.4440485510270855 -1.8992305120715214 -1.7497449654289898 -1.3190187175367067 -1.0243273740532708 -1.1463002433996308 -1.3474484840760839 -1.2908946474117315 -0.8855412019148063 -1.451996657801535 -2.140424983034624
2.50891178360394 2.0589266616043367 1.605578879046313 0.6398839059506964 -0.09562166710028519 -0.4294421516271649 -0.5095346122004638 -0.48324472056189993 -0.5905441620169685 -0.893183612274854 -1.1432432792556118 -1.3190187175367067 -1.378629518345078 -1.2945630043845544 -1.2976199685285734 -1.2945630043845544 -1.340723162959242 -1.3951371247227808 -1.416841570145316 -1.4070592848844552 -1.3278839135543619 -1.151191386030061 -1.0836324784472404 -1.2370920784769963 -1.0652906935831261 -1.1698388673085773 -1.2801952729076649 -0.9900893756402576 -0.6422068560508905 -0.6296733030604122 -0.7079315851472998 -1.1658648139213525 -1.256656648998718 -1.1600565820477164 -0.7186309596513665 -0.3239768886585077 -0.2545838025892757 -0.43922443688802604 -1.0114881246483909 -1.0631508186823126 -1.5388144394916758 -2.034042630822761
2.7091429350371876 2.054952608217112 1.6144440750639677 0.7248675091544259 0.023599934516457477 -0.23991037469798426 -0.1913046448080813 -0.18427362727683771 -0.44717254366247516 -0.8757589166539452 -1.1979629374335525 -1.311376307176659 -1.2994541470149847 -1.3550908944361315 -1.3550908944361315 -1.391468767749958 -1.426623855406177 -1.4529137470447409 -1.4675871749360323 -1.4244839805053637 -1.3015940219157982 -1.1521084752732669 -1.174424313524606 -1.5201669582131598 -1.5085504944658874 -1.4645302107920133 -1.3092364322758459 -0.9518773238400196 -0.6385384990780676 -0.6755277652206979 -0.7030404425168693 -0.6394555883212731 -0.5086175229572583 -0.32978512053214404 0.0734284500639677 0.3889071497267329 0.40358057761802435 0.12142278712506682 -0.5465238783430943 -0.7547031365507912 -0.8708677740235149 -1.4186757486317276
2.7736448784759893 2.086133642486106 1.4346945833956481 0.6692307617332793 0.06272907555990104 -0.13261093324291595 -0.10998939857717493 -0.14147612926057107 -0.40498643847501237 -0.8161481158455739 -1.1404920115259944 -1.253599684854699 -1.2927288258981429 -1.4040023207404362 -1.4021681422540246 -1.461778943062396 -1.4645302107920133 -1.436406140667038 -1.378629518345078 -1.200102812334366 -1.1236787087338898 -1.5583790100133978 -1.6393885598299025 -1.791625374202051 -1.960675491366304 -1.8307545152454945 -1.4703384426656494 -1.1178704768602536 -0.9029658975357149 -0.7898582242070102 -0.6229479819435704 -0.1463672718910014 0.0734284500639677 0.3274621704319505 0.7248675091544259 0.984709461396045 0.9416062669653762 0.6301016206898358 0.05111261181262883 -0.23012808943712315 -0.2603920344629116 -0.5477466640007018
2.409560448923321 1.9886164862918991 1.2962141076715854 0.7315928302712678 0.1828677664198497 -0.12771979061248517 -0.17754830615999584 -0.23991037469798426 -0.4752966137874508 -0.8152310266023683 -1.0964717278521203 -1.2291439717025467 -1.3025111111590038 -1.381686482489097 -1.4302922123789998 -1.4920428880881846 -1.4498567829007218 -1.3599820370665618 -1.1267356728779088 -0.8837070234283948 -1.1618907605341278 -1.8316716044887005 -2.0358768093091726 -1.9246033144668793 -2.0456590945700333 -1.8591842817848718 -1.496934030718615 -1.2077452226944134 -1.0279957310260937 -0.7302474233986389 -0.4948611843091726 0.11347468035061725 0.5579572668909862 0.9260157498308792 1.3986224064962234 1.6486820734769814 1.5374085786346883 1.1769925060548427 0.6915465999846186 0.30484063576620946 0.08993605644167069 0.10185821660334504
2.35484079074538 1.8693948846751565 1.156510846289915 0.875270145040163 0.29322417201893725 -0.1628748782687044 -0.4578719181665418 -0.49302700582276104 -0.5584460385047685 -0.8494690250153816 -1.1022799597257564 -1.2419832211074269 -1.2740813446196269 -1.3474484840760839 -1.4147016952445028 -1.4471055151711045 -1.3844377502187142 -1.077824246573604 -0.7791588497029436 -0.8944063979324615 -1.5183327797267485 -2.1413420722778294 -2.4421473440493036 -2.244973156760075 -1.813329819624586 -1.6669012371260739 -1.5094675837090932 -1.2780553980068514 -1.0350267485573375 -0.7333043875426579 -0.43127633011357647 0.3234881170447257 0.8801612876705933 1.476880688583111 1.9299227747267333 2.106615302251034 1.9837253436614684 1.719909338032625 1.360716051110387 0.9278499283172907 0.39074132821314445 0.23269628196735992
2.224919814624571 1.7229663021766437 1.1641532566499628 0.8731302701393497 0.19173296243750482 -0.36218894045874617 -0.6678853548606503 -0.7284132449122274 -0.7898582242070102 -0.8629196672490653 -1.0924976744648955 -1.253599684854699 -1.2722471661332153 -1.3336921454279982 -1.3709871079850304 -1.375878250615461 -1.1609736712909222 -0.8503861142585873 -0.6012435365210351 -0.7987234202246654 -1.8983134228283154 -2.3522725982151433 -2.5252967687666215 -2.2370250499856255 -1.7858171423284146 -1.5553220458693788 -1.4012510530108189 -1.2370920784769963 -0.9949805182706881 -0.7333043875426579 -0.3747224934492239 0.45432618240874056 1.1876918805589094 1.7657638001929103 2.139936211420842 2.3157116497019365 2.2943129006938032 2.086133642486106 2.029579805821754 1.6535732161074113 0.8926948406610715 0.21618867558965693
2.0176576456600794 1.7257175699062608 1.2237640574583342 0.7071371171191156 -0.02622858103105319 -0.5691454130088351 -0.8855412019148063 -0.9442349134799719 -0.8629196672490653 -0.9353697174623168 -1.0946375493657088 -1.2545167740979049 -1.2526825956114935 -1.2771383087636459 -1.2985370577717792 -1.1716730457949889 -0.9527944130832253 -0.5174827189749134 -0.2701743197237727 -0.9020488082925091 -2.1190262340264905 -2.3941530069882044 -2.293578886649978 -2.036793898552378 -1.7693095359507118 -1.5369802610052645 -1.4088934633708665 -1.2450401852514459 -1.0292185166837013 -0.7537860473075855 -0.23899328545477871 0.5967807115200281 1.3283122311837854 1.8116182623531958 2.185790673581127 2.4211769126705938 2.4046693062928903 2.449300982795569 2.4554149110836065 2.250292617019929 1.4933882949608135 0.626127567302611
2.106615302251034 1.891710722926495 1.1837178271716846 0.5041546979562512 -0.2010869300689424 -0.7381955301730883 -1.0555084083222652 -1.068959050555949 -0.9879495007394443 -0.9647165732448995 -1.107171102356187 -1.2166104187120688 -1.1814553310558498 -1.1783983669118308 -1.1530255645164726 -0.9949805182706881 -0.5046434695700335 -0.06902607904731983 -0.22156858983386973 -0.9381209851919339 -2.160906642799551 -2.392318828501793 -2.1706889280604122 -1.9019817798011385 -1.71764684191679 -1.5721353486614835 -1.4440485510270855 -1.2847807191236935 -1.0836324784472404 -0.6960094249856255 -0.06810898980411384 0.712028259749546 1.3118046248060824 1.7657638001929103 2.027439930920941 2.2640489556680143 2.617434010716616 2.703334703163551 2.670013793993744 2.5480409246473834 2.0100152353000325 1.1516197036594846
2.3450585054845194 1.9357310066003692 1.0235329060250868 0.32165393855831415 -0.3952041532141517 -0.9372038959487281 -1.1297926370219278 -1.1588337963901088 -1.0915805852216898 -1.0564254975654708 -1.084855264104848 -1.170755956551783 -1.087606531834465 -1.0506172656918347 -0.982141268865808 -0.6764448544639037 -0.1472843611342074 0.3030064572797979 0.13395634011554503 -1.0163792672788214 -2.215626300977492 -2.4390903799052843 -2.2468073352464866 -1.9050387439451573 -1.6589531303516245 -1.5006023876914378 -1.3572307693369448 -1.2037711693071886 -0.9803070903793967 -0.5887099835305571 0.03827336240774892 0.7374010621449041 1.27450966224905 1.549942131625166 1.8097840838667847 2.2579350273799768 2.6651226513633133 2.861685445823738 2.785261342223262 2.619268189203028 2.4006952529056655 1.665189679854684
2.134127979547205 1.6758890543587506 0.680847225480552 0.05478096878545147 -0.7271904592546199 -1.1346837796523583 -1.2419832211074269 -1.241066131864221 -1.1793154561550363 -1.1053369238697754 -1.1218445302474784 -1.122761619490684 -0.9968146967570994 -0.91183109355337 -0.6834758719951475 -0.3786965468364487 0.11072341262100016 0.5335015537388337 0.024517023759663026 -1.3621219119673753 -2.2342737822560084 -2.3660289368632292 -2.196978819698976 -1.7732835893379366 -1.5201669582131598 -1.337666198815223 -1.1921547055599164 -1.0701818362135564 -0.8317386329800711 -0.5113687906868754 0.06670312894712582 0.7306757410280622 1.1760754168116367 1.3714154256144537 1.635842824072101 2.1653090138162 2.7198423095412543 2.891949390849526 2.7941265382409166 2.6797960792546047 2.636081491995132 2.2979812576666263
1.4805490455559336 1.3429856590750768 0.38401600709630257 -0.31022055001042226 -0.931395664075092 -1.2642990593587657 -1.3229927709239315 -1.2878376832677125 -1.2340351143329773 -1.1903205270735049 -1.1588337963901088 -1.0885236210776708 -0.9576855557136557 -0.7097657636337114 -0.3377332273065936 -0.05557543681363608 0.22872222858013513 0.25409503097549324 -0.4169085986366867 -1.6354145064426777 -2.1764971599340486 -2.1315597870169687 -1.8591842817848718 -1.5369802610052645 -1.3581478585801505 -1.1560825286604917 -1.0448090338181986 -0.9968146967570994 -0.8406038289977262 -0.5816789659993133 -0.0632178471736835 0.6163452820417499 1.0051911211609723 1.159262114019532 1.469849671051867 2.083382374756489 2.649532134228816 2.78342716373685 2.7131169884244124 2.813691108762639 2.8840012840750764 2.673070758137763
1.1837178271716846 1.0803924391038406 0.08504491381124035 -0.758677189938016 -1.1903205270735049 -1.372821286471442 -1.416841570145316 -1.372821286471442 -1.3443915199320648 -1.3162674498070897 -1.1881806521726916 -1.0738501931863793 -0.899297540562892 -0.4850788990483115 0.10674935923377538 0.4191710947525218 0.3030064572797979 -0.20872934042898983 -0.950043145353608 -1.7234550737904262 -1.9441678849886013 -1.7772576427251614 -1.4605561574047885 -1.3248269494103428 -1.1637249390205393 -0.9491260561104025 -0.9402608600927471 -1.0603995509526956 -1.0817982999608289 -0.914888057697389 -0.3065521930375992 0.3956324708435752 0.5411439640988815 0.7422922047753344 1.2647273769881893 1.884068312566448 2.2872818831625596 2.490569998739826 2.6788789900113987 2.922213335875315 2.9298557462353627 2.698443560533121
0.6719820294628964 0.36659131147539403 -0.27506546235420304 -0.9968146967570994 -1.3697643223274227 -1.3621219119673753 -1.4568878004319656 -1.461778943062396 -1.426623855406177 -1.3572307693369448 -1.2086623119376192 -1.0506172656918347 -0.7605113684244273 -0.24969265995884493 0.4983464660826149 0.7169194023799763 0.08137655683841727 -0.6140827859259153 -1.1588337963901088 -1.605150561416889 -1.605150561416889 -1.5916999191832053 -1.4021681422540246 -1.2429003103506324 -1.0124052138915967 -0.8922665230316482 -1.0231045883956633 -1.4012510530108189 -1.4850118705569408 -1.1432432792556118 -0.6012435365210351 -0.07300013243454462 0.04316450503817926 0.2571519951195125 0.9758442653783894 1.664272590611478 2.03049689506496 2.2071894225892605 2.610708689599774 2.9405551207394294 2.839063911157997 2.2943129006938032
