static/data/ASCData/20210123/ASCU/03.asc
ncols 97
nrows 97
xllcorner 99.0
yllcorner 2.0
cellsize 0.25
NODATA_value -32767
[rows 0 to 18 of 97, columns 0 to 41 of 97]
0.8165936471996338 0.6544922893913536 1.0274450443487797 1.2610265211906 1.2287258816273263 0.9523759653637647 0.15143973619296536 0.5420382109118094 1.4883273181173393 1.4551294385661968 0.6506042494439226 0.09192281699767424 0.7062331286917825 1.1614328825371734 0.91618728585306 1.4063793992253306 2.0598691903897057 2.137031829346415 2.6427761025084093 3.633029969119506 3.9141651653183676 3.2307673745583685 1.8047539538390367 0.327298773815232 0.1272142565205101 -0.42937361595404466 -0.7371269317930111 -0.475431935331305 -0.09948838041431651 -0.16498689952873224 -0.8074107308427267 -0.44313129576803156 -0.25949617825090265 -0.32200389740575597 -0.5729320140130378 -0.8866669297711292 -1.1229401265765553 -0.8914522097064289 -0.5436221744093266 -0.44522485573972514 -0.5582770942111823 -0.551697334300145
0.453211452112807 0.4346684923635207 0.6652591692457783 0.848894286762907 0.9700216851251826 1.1309267229496374 0.5734416104872138 0.7131119685987761 2.039232670668725 2.4621317849508424 1.5909117567303281 0.2423600549636611 0.9386182855497778 2.0625609103533122 1.9181052723064498 2.9014802990105526 3.8468721662282146 3.6467876489334925 3.5139961307289242 4.35171919940234 4.656481715281744 3.8899396856459125 2.2970396271830005 0.8186872071713271 0.9661336451777516 0.4523142121249386 -0.3034609376564694 -0.8190748506850198 -0.7547726515544291 -0.6512909729535716 -1.2566288847689928 -0.9431930490068577 -0.356398096940723 -0.27235661807702094 -0.5543890542637511 -0.9509691289017198 -1.0634232073812644 -0.8797880898641357 -0.5750255739847314 -0.31901309744619355 -0.23018633864719162 -0.0985911404264479
0.05094885755167011 0.22591065518606812 0.4756424518095248 0.6174063698927805 0.8898682462089116 1.2347074815464512 1.299009680677042 1.1916399621287532 2.2297466280928475 2.8575155396049867 2.153481229124008 0.8761105663949247 1.3947152793830375 2.6535429823628336 2.499217704449416 3.1377534958159794 3.6641342886989543 3.5959440496209325 3.503229250874499 4.19440312152936 4.737532394185885 4.179748201727505 2.6182515428399977 1.1602365625533484 1.0471843240818914 1.0959343634227576 0.7881810475837912 -0.07885186069333638 -0.8983310496134224 -0.8190748506850198 -0.9040135695365908 -1.188438645690971 -0.7224720119911556 -0.4284763759661758 -0.5624642141545695 -0.7078170921893001 -0.7410149717404424 -0.6512909729535716 -0.5534918142758825 -0.3737447367061848 -0.24783205840860956 -0.053430061037056165
-0.24214953848544107 -0.0028855417204523004 0.3359720936979629 0.49837253150219873 0.7639555679113361 1.1778822823147663 1.4709806783518775 1.332207560228184 1.4503441586308974 2.0772158301551675 2.015904430984139 1.1476752027231865 1.0588484439241845 2.1836883087155874 2.5276303040652586 2.868282419459411 3.2511048142833925 2.958305498242238 3.0890034564751128 3.809786246729641 4.01884316390305 3.4386279717479526 2.267729787579289 1.21018292187804 0.9191780858126226 0.8838866462897867 0.836033846936789 0.2286023751496742 -0.526275534643865 -0.6659458927554271 -0.5534918142758825 -0.8875641697589979 -0.942295809018989 -0.6491974129818778 -0.5026482149633225 -0.5543890542637511 -0.36028613688815425 -0.32320021738958093 -0.33187353727231184 -0.49397489508059156 -0.40694261625732686 -0.5370424144982895
-0.3387523771793053 -0.21463417885746727 0.21903181527907445 0.3936945329175161 0.4131347326546717 0.6661564092336472 1.0325294042800357 1.2170617617850332 1.248166081364482 0.9942471647976376 0.898541566091642 0.9054204059986357 0.776516927741498 1.3977060793425997 2.4056056657151137 2.7725768207534154 2.729808381331674 2.3039184670899937 2.6026993830502736 3.6946404482864903 3.7697095272715053 2.5449769438307204 1.3567321198965956 1.3507505199774708 1.1348147628970684 0.6144155699332183 0.382030413075223 -0.1727629794235943 -0.23018633864719162 -0.30944253757559403 -0.21164337889790508 -0.6423185730748846 -0.7694275713562848 -0.7293508518981491 -0.5810071739038563 -0.5612678941707445 -0.27026305810532714 -0.1581080596217388 -0.46556229546474914 -0.6327480132042849 -0.8211684106567134 -0.962633248744013
-0.29658209774947597 -0.3641741768355853 0.03539669776194576 0.41522829262636507 0.4346684923635207 0.2932036542762211 0.46786637191466274 0.8584648466335068 1.0196689644539176 0.764852807899205 0.2656882946482473 0.3548141334432058 0.772628887794067 0.9063176459865045 1.9073383924520255 2.526433984081433 2.483665544659692 1.6827293154888923 1.8555975531515967 3.1446323357229726 3.0587963768835333 1.8322693134670105 1.0089020845994934 1.1222534030669065 0.9356274855902156 0.30965305405381405 0.03838749772150818 -0.05462638102088113 -0.11204974024447845 0.07427709723625653 0.17387073588968316 -0.356398096940723 -0.8074107308427267 -0.767334011384591 -0.7362296918051425 -0.7496882916231731 -0.4900868551331605 -0.31033977756346287 -0.6686376127190332 -1.0009154882264113 -1.1893358856788399 -1.0661149273448705
-0.2068580989626052 -0.3279854973248808 -0.33366801724804906 0.07936145716751253 0.5130274513040545 0.4092466927072407 0.17297349590181432 0.5246915711463476 0.7774141677293669 0.6389401296016295 0.1008952168763615 -0.1835298592780188 0.5605811706610957 0.9377210455619089 1.295121640729611 1.9258813522013123 1.9952679112631586 1.1799758422864601 0.8770078063827931 2.0039412311458893 1.9181052723064498 1.5508350372721924 0.7588712079800801 0.7325521683359313 0.40834945271937184 0.12601793653668514 -0.0007919817487587189 -0.09560034046688548 -0.2684685781295897 -0.02142850146973907 0.2656882946482473 -0.1727629794235943 -0.692264932399576 -0.8513754902482933 -0.8268509305798819 -1.0212529279514353 -0.8983310496134224 -0.76344597143716 -0.9742973685863062 -1.3044816841219906 -1.2027944854968702 -0.962633248744013
-0.1981847790798743 -0.3085452975877254 -0.4374487758448631 -0.16199609956916983 0.26180025470081625 0.4484261721775076 0.13199953645580997 0.3195226939203699 0.5566931307136647 0.5196072112150916 0.25312693481808535 -0.31243333753515645 0.009077658117796927 1.1055049232933574 1.120159843095213 0.9748069650604825 0.9317394456427845 0.6631656092740845 0.08235225712707472 0.8976443261037736 1.3011032406487357 1.1515632426706175 1.2511568813240441 1.277475920968193 0.772628887794067 0.2884183743409212 0.11555013667821701 -0.280132697971883 -0.495769375056329 -0.5095270548703159 -0.16588413951660086 -0.29658209774947597 -0.4559917355941496 -0.6806008125572827 -0.94618384896642 -1.1695966059457281 -1.3173421239481087 -1.268293004611286 -1.2799571244535792 -1.246759244902437 -1.1100796867504372 -0.7496882916231731
-0.45090737566289363 -0.5056390149228847 -0.3387523771793053 -0.09440402048306051 0.10568049681166114 0.18852565569153845 0.11255933671865459 0.16609465599482087 0.19271277563492561 0.3255042938394943 0.3389628936575251 0.09012833702193701 -0.0731693407701679 0.8058267673452091 0.6281732497472052 0.3440472535887811 0.1496452562172279 -0.059411660956181 -0.3991665363624648 0.2522296948302165 0.920075325800491 1.3292167602686218 1.718917994999597 2.0646544703250056 1.7491250745911768 0.852782326710338 0.054836897499101145 -0.39438125642716493 -0.522387494696434 -0.5065362549107535 -0.4625714955051867 -0.43146717592573824 -0.3961757364029024 -0.546612974368889 -0.8893586497347352 -1.2401794849913998 -1.396299242880555 -1.3768590431433996 -1.1423803263137107 -1.0652176873570018 -1.0643204473691332 -0.8914522097064289
-0.4987601750158914 -0.6198875733781668 -0.45987977554158066 -0.2185222188048983 -0.017540461522308037 0.07637065720795011 0.022536257935827697 0.15831857609995859 0.03539669776194576 -0.013353341578920652 0.18374037575623858 0.5315704110533408 0.483717611700343 -0.046551221130062936 -0.05642086099661858 0.24056557498792341 0.2824367744217964 -0.1676786194923383 -0.2262982986997606 0.30097973417108315 0.5548986507379274 0.7998451674260842 1.137805562856631 1.4805512382224773 1.5783503969001662 1.3516477599653396 0.6329585296825047 0.010872138093534378 -0.25381365832773417 -0.24394401846117852 -0.44313129576803156 -0.500853734987585 -0.24214953848544107 -0.31243333753515645 -0.7293508518981491 -1.2018972455090018 -1.4363759623386905 -1.6256935997789876 -1.268293004611286 -0.9647268087157067 -0.9001255295891597 -0.8621423701027178
-0.35520177695689825 -0.4374487758448631 -0.5146114148015719 -0.4861988151857295 -0.28192717794762046 -0.017540461522308037 -0.058514420968312164 0.054836897499101145 0.1945072556106633 0.10657773679952998 0.08504397709068101 0.356608613418943 0.7872838075959223 -0.05253282104918755 -0.26158973822259646 0.022536257935827697 0.1221298965892541 -0.32110665741788735 -0.2831234979314454 0.37604881315609817 0.6652591692457783 0.6855966089708023 0.5910873302486317 0.7256733284289381 0.9143928058773227 1.0869619635440706 0.7881810475837912 0.6377438096178045 0.5686563305519143 0.5381501709643783 -0.07496382074590513 -0.44313129576803156 -0.2995728977090384 -0.23915873852587866 -0.4383460158327317 -0.8582543301552867 -1.0116823680808356 -1.0876486870537194 -0.9117896494314529 -0.7556698915422979 -0.6785072525855891 -0.5104242948581845
-0.28402073791931404 -0.18053905931845637 -0.18442709926588763 -0.2888060178546139 -0.40604537626945825 -0.2292890986593228 -0.02142850146973907 -0.13657429991288983 -0.08393622062459238 -0.07406658075803652 -0.08662794058819845 -0.280132697971883 0.05184609753953873 0.23249041509710522 0.23637845504453625 0.14575721626979687 -0.33576157721974287 -0.6483001729940092 -0.6013446136288803 -0.110255260268741 0.5743388504750826 0.8850829662736117 0.7385337682550561 0.260005774725079 0.2961944542357833 0.5958726101839316 0.8058267673452091 0.739431008242925 0.7881810475837912 0.743319048190356 0.26479105466037844 -0.1922031791607497 -0.23018633864719162 -0.24783205840860956 -0.39139045646760273 -0.4577862155698871 -0.4189058160955763 -0.4491128956871562 -0.8160840507254574 -0.7801944512107093 -0.6130087334711734 -0.2526173383439092
-0.2780391380001894 -0.3904932164797339 -0.2262982986997606 -0.105170900337485 -0.17366021941146292 -0.19609121910818073 0.022536257935827697 -0.11204974024447845 -0.34951925703372977 -0.3543045369690294 -0.5780163739442938 -0.8397113704060001 -0.6931621723874446 0.2609030147129474 0.3587021733906368 -0.084833460612461 -0.6073262135480049 -0.7858769711338778 -0.7643432114250286 -0.6931621723874446 -0.06419694089148065 0.378142373127792 0.4876056516477745 0.010872138093534378 -0.2038672990030428 0.2707726545795033 0.5626747306327895 0.6855966089708023 0.722981608465332 0.5471225708430654 0.22381709521437432 -0.1326862599654588 -0.32409745737744955 -0.3483229370499048 -0.33486433723187403 -0.330976297284443 -0.06329970090361203 0.00010525823910989551 -0.41471869615218915 -0.76344597143716 -0.6345424931800223 -0.5487065343405828
-0.27534741803658314 -0.5202939347247404 -0.3845116165606093 -0.16498689952873224 -0.23527069857844762 -0.29269405780204494 -0.18741789922544982 -0.2938903777858699 -0.4374487758448631 -0.5651559341181758 -0.8504782502604246 -1.150156406208573 -0.9940366483194177 -0.19698845909604934 -0.14644393977944548 -0.1189285801514719 -0.46855309542431156 -0.6599642928363023 -0.700041012294438 -0.81428957074972 -0.8639368500784552 -0.32708825733701197 0.15054249620509652 -0.24783205840860956 -0.38660517653230286 -0.007670821655752169 0.3703662932329299 0.46786637191466274 0.3419536936170873 0.17985233580880755 -0.008568061643620783 -0.22330749874019817 -0.37284749671831596 -0.4129242161764517 -0.46855309542431156 -0.33486433723187403 0.006984098146103346 0.19361001562279445 -0.11414330021617203 -0.5594734141950073 -0.7625487314492914 -0.8259536905920133
-0.25949617825090265 -0.40813893624115183 -0.40514813628158963 -0.4099334162168893 -0.39527849641503376 -0.4000637763503334 -0.41980305608344515 -0.4392432558206003 -0.547809294352714 -0.6189903333902982 -0.94618384896642 -1.175578205864853 -1.112173246722131 -0.6755164526260267 -0.6892741324400136 -0.5232847346843026 -0.49307765509272294 -0.5397341344618956 -0.6453093730344468 -0.530163574591296 -1.0789753671709887 -0.9013218495729847 -0.52507921466004 -0.4999564949997162 -0.38152081660104686 -0.14823841975518293 0.07038905728882527 0.14276641631023446 0.003993298186540928 -0.15122921971474534 -0.29568485776160713 -0.40694261625732686 -0.5164058947773091 -0.49098409512102914 -0.45389817562245605 -0.3202094174300185 -0.012456101591052038 0.23637845504453625 0.1699826959422519 -0.32409745737744955 -0.6073262135480049 -0.8513754902482933
-0.25949617825090265 -0.25650537829134024 -0.4099334162168893 -0.4625714955051867 -0.31901309744619355 -0.3163213774825875 -0.45987977554158066 -0.4138214561643203 -0.5543890542637511 -0.6258691732972916 -0.9539599288612822 -1.1639140860225599 -1.1316134464592862 -0.9138832094031466 -0.8983310496134224 -0.7487910516353045 -0.7155931720841622 -0.7625487314492914 -0.5436221744093266 -0.3085452975877254 -0.5857924538391559 -1.0622268873974394 -0.6393277731153222 -0.351313737009467 -0.21672773882916108 -0.24484125844904714 -0.17754825935889418 -0.12580742005846535 -0.2460375784328721 -0.3982692963745962 -0.5905777337744558 -0.6991437723065692 -0.6686376127190332 -0.5612678941707445 -0.41980305608344515 -0.21672773882916108 0.08414673710281217 0.3027742141468204 0.2695763345956783 -0.11414330021617203 -0.42070029607131376 -0.6686376127190332
-0.12102214012316548 -0.2810299379597516 -0.40694261625732686 -0.28192717794762046 -0.13448073994119625 -0.12371386008677177 -0.4129242161764517 -0.40514813628158963 -0.6151022934428669 -0.7224720119911556 -0.8806853298520044 -1.0565443674742712 -1.1151640466816932 -1.0885459270415883 -1.0311225678179912 -1.0643204473691332 -1.0565443674742712 -0.9901486083719867 -0.7126023721246 -0.1676786194923383 0.007881338133972182 -0.6180930934024293 -0.8630396100905865 -0.48799329516146694 -0.1072644603091788 -0.0935067804951919 -0.32708825733701197 -0.29867565772116955 -0.37763277665361583 -0.6043354135884424 -0.8133923307618514 -0.7828861711743154 -0.6539826929171777 -0.45389817562245605 -0.280132697971883 -0.07586106073377397 0.015956498024790378 0.22082629525481212 0.2656882946482473 -0.07496382074590513 -0.32977997730061803 -0.530163574591296
0.11435381669439204 -0.0731693407701679 -0.37284749671831596 -0.39737205638672735 -0.22839185867145417 -0.0456539811421941 -0.1610988595813012 -0.3875024165201717 -0.6578707328646087 -0.873806489945011 -0.9811762084932997 -0.9793817285175622 -0.9345197291241268 -0.9656240487035753 -0.9695120886510065 -1.0729937672518641 -1.1014063668677063 -1.0212529279514353 -0.8845733697994355 -0.5038445349471474 0.14067285633854087 0.1134565767065232 -0.568146734077738 -0.743108531712136 -0.41471869615218915 -0.07705738071759893 -0.28192717794762046 -0.3085452975877254 -0.43445797588530066 -0.6638523327837336 -0.792755811040871 -0.7039290522418691 -0.3543045369690294 -0.0985911404264479 0.029415097842821147 0.002198818210803699 -0.10427366034961638 -0.2663750181578961 -0.26458053818215865 -0.10247918037387893 -0.24992561838030314 -0.5448184943931516
0.36259021333806785 0.3302895737747942 0.03539669776194576 -0.4245883360187448 -0.5125178548298781 -0.36895945677088493 -0.32320021738958093 -0.3405468571550425 -0.47931997527873604 -0.7616514914614225 -0.9303326091807396 -0.9695120886510065 -0.9225565292858774 -0.8268509305798819 -0.7535763315706041 -0.8669276500380175 -0.9850642484407307 -0.9988219282547175 -0.9772881685458685 -0.9704093286388752 -0.7245655719628494 0.006984098146103346 -0.09260954050732306 -0.3417431771388675 -0.28491797790718265 0.005189618170365895 -0.059411660956181 -0.1560144996500452 -0.34742569706203597 -0.4999564949997162 -0.5436221744093266 -0.3904932164797339 -0.029204581364601134 0.20048885552978812 0.043172777656807826 -0.45987977554158066 -1.1346042464188486 -1.4247118424963974 -0.9363142090998643 -0.006773581667883555 0.0013015782229348627 -0.40694261625732686
