static/data/ASCData/20210123/ASCU/06.asc
ncols 97
nrows 97
xllcorner 99.0
yllcorner 2.0
cellsize 0.25
NODATA_value -32767
[rows 0 to 18 of 97, columns 43 to 85 of 97]
0.15982387905316728 -0.21901906791629844 -0.8391165849830816 -1.328410161907112 -1.5978879887987163 -1.8361574067350994 -1.5042627619330533 -0.9867459282147358 -0.8733101460992369 -1.0022144439577585 -0.996515517105066 -0.8206629170791248 -0.5530847324717514 -0.1419478666703613 0.4773355179888943 1.0632394739395221 1.1267418017266677 0.009480761129754656 -1.1536430717578745 -1.2844470119006268 -0.6906731093438999 0.08465232009146095 0.6130242525768118 1.024161118378202 1.1218570072815026 1.275999409773377 1.5367931576513545 1.8464348499809824 2.0193022978459894 1.7994865478135629 1.9566141024663715 1.632589404270424 1.394319986334041 1.3736952986766775 1.477090114432671 1.525938058884321 1.7408690144715822 1.9264912033878536 0.6013550214022509 -2.1683234290063216 -4.739624949447359 -3.9035109669166106 -3.291283396455927
-0.6233714969882928 -1.0003148016735275 -1.537370813172505 -1.9837867499667539 -2.256249729019292 -1.9797160879291162 -1.4377752819849738 -1.12134915292595 -1.1468586350284786 -1.2336994251647457 -1.054047540570343 -0.7707294627507711 -0.4475188969623516 0.04258881236920653 0.6363627149259337 1.033930707268532 0.8971564628039111 -0.12539384105063534 -0.8098078183120915 -0.8977341183250619 -0.3929720256580087 0.22142656455608184 0.481134802557356 0.8396244393386341 1.2681294631672777 1.5367931576513545 1.6705822499550411 1.7810328799096058 1.9381604345624144 1.5875407443872356 1.6852366332905362 1.547648256418388 1.6011096178460273 1.6960917320575697 1.641273483284051 1.2966240974307404 1.2409917162496942 0.4751644982354876 -1.1878366328740295 -3.361570160972468 -4.810997223840603 -3.396849231965327 -3.19467301742933
-1.3422504128350798 -1.6556913897331693 -1.8391425588960337 -2.120560994431375 -2.114590690109506 -1.8098337922250436 -1.5881183999083865 -1.5140323508233835 -1.3938121319784886 -1.0041140862419895 -0.645895826929887 -0.333268982439325 -0.055921208941621614 0.47136521366702594 0.8648625439719868 1.09336237301804 0.6138383849843394 -0.25999706576184956 -0.3889013636203712 -0.22390386236146353 0.1714931102277282 0.3766544769246595 0.48710510687922437 0.7682521649453895 1.396219628618272 1.6277046098252592 1.5593174875929487 1.6081654320445988 1.7799473700329025 1.3650112196630508 1.2827838465027728 1.560131620000476 1.7164450422457573 1.8277098046078497 1.6499575622976774 0.937048950772759 -0.5775087046975765 -2.057058666644229 -3.8850572990126544 -5.511965226721785 -4.784402231861372 -2.8744476038018445 -2.957217731900474
-1.854882452108232 -1.9436228845287302 -1.9894856768194464 -1.600059008552123 -1.5707502418811328 -1.6996545397396545 -1.639951496520971 -1.4212212563652478 -1.0480772362484747 -0.6564795482277447 -0.47112873678064926 -0.22010457779300185 0.16172352133739815 0.7867058328493464 1.1267418017266677 0.8648625439719868 0.3131521491375141 -0.47112873678064926 -0.1498178132764605 0.02413514446524978 0.3796396290855937 0.5983698692413167 0.6502029658539012 0.8396244393386341 1.3454720418823907 1.506398881103661 1.481160776470308 1.5886262542639389 1.7224153465676255 1.470305677703275 1.1365113906169977 1.2827838465027728 1.233121769643595 1.266229820883047 0.9381344606494623 0.4615956247766959 -1.7436176897461397 -4.583311527202078 -6.091084745943017 -5.222134089641994 -3.9572437058134264 -2.383254384593583 -2.980827571718772
-2.006311079908348 -2.034534336702635 -1.4250205409337093 -1.0247387738993528 -1.1273194572478182 -1.4700692008168983 -1.3313953140680463 -0.881180092705336 -0.5297462701226296 -0.6515947537825796 -0.5560698846326856 -0.20436468458080337 0.26321869480916044 0.699865042713079 0.476250008112191 0.20080187689871837 0.07596824107783423 -0.5813079892660383 -0.22390386236146353 0.0298340713179423 0.39619365470531964 0.8648625439719868 0.9587591483068257 1.0005512785599042 1.1921437717980439 1.3297321486701923 1.4996144443742652 1.61983466321916 1.843449697820048 1.6374741987155894 1.0407151439979279 0.8854872316293503 0.8347396448934691 0.34354642568520766 -0.16230117685854895 -0.6331410858786227 -2.7805509994670055 -5.432994383191618 -5.488626764372664 -4.563772349421418 -3.3265624674487855 -2.381083364840176 -3.1458250729776793
-1.8323581221666378 -1.8654661734060896 -1.2551382452296367 -0.6996285658267024 -0.7729004825041778 -1.2141602473840858 -0.9680208828416031 -0.5150918867871345 -0.4046412568325697 -0.5267611179616954 -0.4914820469688369 0.02114999230431558 0.476250008112191 0.11504659663915451 -0.10965394783843696 -0.25809742347761866 -0.23774411328943112 -0.4963668414140019 -0.2591829333543221 0.0016108145236554683 0.40406360131141883 0.8738180004547893 1.081693141843479 1.1316265961718326 1.1734187264249112 1.1929579042055714 1.3639257097863475 1.6589130187804804 1.9273053357953809 1.6814373487220746 0.5777451815839533 0.41274768032504555 0.05344391113623992 -0.4388348179487249 -2.1078062533801103 -2.9797420618420682 -4.407458927176137 -5.033526748564788 -5.088344997338307 -4.1086723336135424 -3.0207200596876196 -2.721933466125025 -3.4074329532631844
-1.2445545239317792 -1.3938121319784886 -1.3908269798175543 -0.8421017371440157 -0.7112977970012632 -1.09204038625496 -0.8157781226339599 -0.3392392867611934 -0.23068829909085942 -0.31671495681959905 -0.26596737008371796 0.20188738677542173 0.48981888157098274 -0.07356074443805088 -0.4993519935749361 -0.672219441439943 -0.2941906268780048 -0.25809742347761866 -0.10775430555420606 0.03471886576310734 0.4244169114996065 0.6618721970284622 0.8795169273074819 1.1218570072815026 1.0925482406105123 1.1218570072815026 1.2038130029726046 1.48496006103877 1.88632733794983 1.6081654320445988 0.34734571025366934 -0.21332014106360597 -0.6155015503821936 -2.2112010691361035 -4.173260171277391 -5.4115555631267265 -5.4044997489281545 -5.406670768681561 -4.572456428435045 -3.5998395789088518 -3.283413449849828 -3.041344747344983 -3.421273204191152
-0.5335455546910913 -0.9164591636981946 -1.0551330504470462 -1.0754863606352338 -0.9729056772867682 -1.027723926060287 -0.6526802636592829 -0.1400482243861304 0.1413702111492105 0.09822119355025272 -0.04316646789035733 0.04747360681437157 0.09930670342695608 -0.27872211113498213 -0.6331410858786227 -0.5598691692011473 -0.244528550018827 0.013280045698216336 0.05344391113623992 0.110975934601517 0.13539990682734215 0.28194374018229307 0.5299827470090064 0.8903720260745153 0.8776172850232511 1.0347448396760597 1.1177863452438652 1.3101929708895321 1.7164450422457573 1.3628401999096442 0.4108480380408147 -0.5199766812322996 -2.245394630252259 -4.1086723336135424 -5.141806358765947 -5.868555221218832 -5.21127899087496 -4.725784698519392 -3.974883241309856 -3.584371063165829 -3.4994299153137924 -3.183003786254769 -2.517857609304797
0.1706789778202007 -0.42119528245229554 -1.1311187418162802 -1.3851280529648617 -1.1449589927442476 -0.8969199859175344 -0.5940627303173025 -0.254298138909157 0.08356681021475765 0.35602978926729606 0.4263165537838373 0.14706913800190305 -0.31481531453536826 -0.5324600448143879 -0.400841972264108 -0.15361709784492217 0.009480761129754656 0.1489687802861339 -0.05510707653409408 -0.17804107007074732 -0.14873230339975718 0.008395251253051295 0.1999877444911909 0.4138331902017489 0.8325686251400624 1.0260607606624328 1.1726045940173837 1.3308176585468956 1.12267113968903 0.555220851642359 -0.3978568201031738 -1.9308681434774662 -3.7884469199860566 -4.854688996377913 -5.160531404139079 -4.85686001613132 -4.466076460518117 -4.3341870104986615 -4.010976444710241 -3.7238590823222086 -3.577586626436433 -2.9914112930166294 -1.4396749242692044
0.17257862010443153 -0.5072219401810353 -1.1995058640485907 -1.4016820785845878 -1.1330183841005108 -0.974805319570999 -0.8537709683185767 -0.5199766812322996 -0.16718597130371393 0.15792423676893644 0.3541301469830652 0.07596824107783423 -0.410611561154438 -0.42608007689746064 -0.11073945771514027 0.2203410546793785 0.2488356889428412 -0.19649473797470418 -0.621471854704062 -0.4787273059175726 -0.16040153457431805 0.04258881236920653 0.05642906329717412 0.18913264572415747 0.7321589615450035 0.9351493084885281 1.012491887203641 0.6588870448675279 -0.3519940278124577 -1.4201357464885445 -2.4945191469556756 -3.7756921789347926 -4.591995606215705 -4.68290705838961 -4.331473235806903 -4.2492458626466245 -4.208267864801074 -4.080449076819256 -3.8793583721599614 -3.6215497764429188 -3.1702490452035046 -2.065742745657856 -0.693658261504834
-0.4925675568455402 -0.9338273217254481 -1.366403007591729 -1.4280056930946436 -1.2543241128221094 -1.1908217850349638 -0.9300280371569863 -0.5031512781433978 -0.22091871020052933 -0.07736002900651257 -0.1310927679033279 -0.2844210379876747 -0.46407292258207755 -0.21033498890267177 0.12671582781371543 0.3307916846339434 0.2203410546793785 -0.48578312011614433 -0.8323321482536857 -0.4553888435684508 0.03200509107134897 0.24286538462097282 0.21057146578904845 0.28275787258982055 0.5036591324989503 0.8054308782224788 0.6979654004288482 -0.6537657735359862 -2.765082483723983 -3.9387900379094694 -4.1808587404143145 -4.612620293873068 -4.428897747241027 -4.160505430226126 -3.8568340422183676 -3.8625329690710597 -3.9936082866829885 -3.9425893224779314 -3.822640481102212 -3.2863986020107623 -2.208215916975169 -0.7435917158331876 -0.04045269319859901
-0.7669301781823094 -1.1292190995320492 -1.3938121319784886 -1.4640988964950297 -1.3704736696293667 -1.3324808239447496 -1.0969251807001248 -0.5989475247624676 -0.2941906268780048 -0.26895252224465216 -0.40654089911680047 -0.3899868734970745 -0.3430385713296551 -0.04913677221222573 0.21165697566575178 0.31803694358267914 0.027120296626183926 -0.4426341025171866 -0.6974575460732956 -0.2844210379876747 0.20270151918294924 0.41573283248597975 0.3679703979110328 0.27027450900773214 0.27027450900773214 0.33757612136333925 -0.568553248214774 -2.190847758947916 -4.056839237000958 -4.376250518220916 -4.294294522529814 -4.34992690371086 -4.212338526838711 -3.9553440635291954 -3.7073050567024826 -3.684780726760888 -3.8861428088893577 -3.8166701767803435 -3.4817903798173635 -2.8030753294085997 -1.3783436162354659 0.23011064356970856 0.9753131739265517
-0.7729004825041778 -0.9484817050609432 -1.23668457732568 -1.4046672307455217 -1.3186405730167823 -1.274677423010297 -1.1457731251517753 -0.6537657735359862 -0.32159975126476414 -0.2933764944704773 -0.3948716679422396 -0.32838418799416 -0.2912054747170706 0.07596824107783423 0.3022970503704807 0.2751593034528972 0.08085303552299927 -0.13706307222519631 -0.37723213244581033 0.055343553420470815 0.38343891365405536 0.5427374880602706 0.32672102259630587 0.22631135900124688 -0.02471279998640058 -1.1205350205184224 -2.077411976832417 -3.230766220829716 -4.316818852471408 -3.8147705344961134 -3.9143660656836445 -4.013147464463648 -3.9515447789607334 -3.69183654095946 -3.5442071977278053 -3.582471420881598 -3.708390566579186 -3.7444837699795714 -3.3528860819588417 -2.3148672623612727 -0.8518713260343459 1.264330178598816 1.4488668576383836
-0.7093981547170324 -0.8195774072024214 -0.9720915448792408 -1.1693829649700729 -0.9408831359240198 -0.9164591636981946 -0.8676112192465443 -0.5519992225950481 -0.1848255068001432 -0.27275180681311384 -0.41441084572289966 -0.32268526114146745 -0.254298138909157 0.0602283478656358 0.1343143969506388 0.13160062225888042 0.9967519939914427 0.3980932969895505 -0.1926954534062425 -0.04425197776706069 0.8396244393386341 0.8689332060096243 0.6168235371452735 0.3022970503704807 -0.45728848585268167 -1.7943652764820208 -3.3431164930685116 -3.974883241309856 -3.9417751900704037 -3.9436748323546347 -4.126311869109972 -4.264985755858824 -4.078549434535025 -3.9602288579743607 -3.8587336845025986 -3.837294864437707 -3.7553388687466054 -3.656557469966601 -3.116516306306689 -1.9037303965598826 -0.3557933123809194 1.8746581067752692 1.603280637599434
-0.7425062059564843 -0.7387069213880225 -0.6320555760019194 -0.7218815182991208 -0.36854805343218355 -0.22987416668333183 -0.2404578879811894 -0.4944671991297711 -0.1848255068001432 -0.2366586034127277 -0.42228079232899896 -0.3519940278124577 -0.20137953241986917 -0.05293605678068741 -0.11073945771514027 0.02304963458854642 1.677366686684437 0.45372567817059667 -0.5813079892660383 -0.3978568201031738 0.652102608138132 0.8238845461264357 0.433372367982409 -0.17804107007074732 -1.4760395051387665 -2.880146530654537 -3.3781241865921943 -3.841094149006169 -3.9789539033474934 -4.593081116092408 -4.798242482789339 -4.9105927550281345 -4.821580945138461 -4.66526752289318 -4.495385227189107 -4.336358030252068 -3.837294864437707 -3.562932243100938 -2.616639008084801 -1.4418459440226115 -0.25809742347761866 1.8423641879433448 1.9430452290075797
-0.6828031627378005 -0.6301559337176886 -0.405726766709273 -0.25511227131668457 0.21355661794998262 0.3590149414282302 0.0602283478656358 -0.26108257563855286 -0.2035505521732759 -0.12837899321156954 -0.3840165691752062 -0.31074465249773076 -0.16447219661195567 -0.4309648713426256 -0.5726239102524115 -0.1389627145094271 1.8581040811555432 0.2605049201174021 -1.6369663443600366 -1.4535151751971722 -0.3460237234905893 -0.10965394783843696 -0.7376214115113192 -1.517831635391845 -2.8234286395967874 -3.369440107578568 -3.8128708922118824 -3.961314367851064 -4.243546935793932 -4.911406887435662 -5.268811014340237 -5.405585258804858 -5.351852519908043 -5.198524249823696 -4.816696150693296 -4.5393483771955925 -3.8538488900574333 -3.036459952899818 -2.0863674333152193 -1.1908217850349638 -0.16040153457431805 1.396219628618272 2.583767433731726
-0.5568840170402131 -0.5218763235165303 -0.2035505521732759 0.07596824107783423 0.39022335038345124 0.43907129483510154 0.13648541670404546 -0.2464281923030578 -0.2952761367547081 -0.09120027993448016 -0.5256756080849921 -0.4914820469688369 -0.7218815182991208 -1.0822707973646297 -0.8597412726404451 -0.1438475089545922 1.4988003119667375 -0.10286951110904108 -1.9172992700186744 -2.1401001722120347 -1.243469014055076 -1.580519830771463 -2.2396957033995664 -2.8842171926921747 -3.3859941331982935 -3.8519492477732022 -4.056839237000958 -4.184929402451952 -4.416414383658939 -4.7464093861767545 -5.161345536546607 -5.208293838714026 -5.136921564320781 -4.9181913241650586 -4.534463582750427 -4.164304714794588 -3.442712024256043 -2.5802744272152394 -1.712137903321743 -0.866525709369841 -0.10883981543090943 0.9723280217656175 2.1335522123690156
-0.17994071235497822 -0.3422244389221276 -0.11752389444453615 0.04258881236920653 0.06321350002657 -0.07356074443805088 -0.5031512781433978 -0.8206629170791248 -0.6925727516281307 -0.5959623726015334 -1.2787480850479342 -1.3528341341329373 -1.5433411174943736 -1.544155249901901 -1.1134792063198509 -0.04615162005129153 0.7535977816098944 -0.5970478824782367 -1.6790298520822908 -2.070627540103021 -2.2405098358070936 -2.815830070459864 -3.2416213195967494 -3.7162605131852846 -3.9349907533410082 -4.105687181452608 -4.284524933639483 -4.394975563594048 -4.617505088318233 -4.699461084009335 -4.858759658415551 -4.863644452860716 -4.738539439570656 -4.514924404969768 -4.003377875573318 -3.555876428902366 -3.0041660340678935 -2.2131007114203345 -1.3742729541978282 -0.6496951114983488 0.10229185558789028 0.8580781072425909 1.22823697519843
0.8550929550816567 0.23906610005251114 -0.26976665465217964 -0.8459010217124775 -1.1107654316280926 -1.5148464832309108 -1.9827012400900506 -2.1156761999862095 -1.7504021264755356 -1.7542014110439972 -2.0383336212710965 -1.9740171610764237 -1.823674043153011 -1.5636944276825613 -1.0453634615567164 -0.20843534661844088 -0.004359489798212934 -0.7815845615178046 -1.6242116033087721 -2.284472985813579 -2.850837763983547 -3.476905585372198 -3.9007971922248528 -4.172174661400688 -4.137981100284533 -4.253316524684262 -4.454407229343556 -4.562686839544714 -4.734740155002194 -4.658483086163784 -4.638129775975597 -4.563772349421418 -4.390090769148883 -4.059010256754364 -3.5208687353786834 -3.013121490550696 -2.5189431191815004 -1.91431411785774 -1.3050716995579905 -0.6898589769363722 -0.025798309863103885 0.5747600294230191 0.5641763081251615
