static/data/ASCData/20210123/ASCU/09.asc
ncols 97
nrows 97
xllcorner 99.0
yllcorner 2.0
cellsize 0.25
NODATA_value -32767
[rows 0 to 18 of 97, columns 43 to 85 of 97]
0.2549065625456741 -0.8064615530411294 -1.5575262599445214 -1.8065610526491511 -2.033231635718941 -2.481447670483868 -2.32210267683563 -2.1180292639177107 -2.226588864853499 -2.4707314867005072 -2.533164905264437 -2.387564582120944 -1.9509965732074959 -1.0869460155447535 -0.06331750371674325 0.33504498040385244 -0.4325599232086404 -1.868994471213081 -2.4462706324124004 -2.5995586526178696 -1.9892020980003482 -0.9793182566770837 -0.16302460500540694 0.14261959333741267 0.050833149627754926 0.07436216184774334 0.4864693164730848 1.1231504095149492 1.596759140636102 1.5557580896388943 1.6699087429833925 1.408294082359165 0.9356171933061306 0.6816902297438796 0.9120881810861423 1.3691567154981943 1.428794607857769 1.1250140936511859 -0.23244683908022423 -2.8574459449696237 -5.814413787626186 -6.369092778673635 -6.448066393946665
-1.044780161962398 -1.5330654056564148 -2.1553029466424447 -2.707885293036628 -3.184522510879165 -3.0214501489584538 -2.515459905970188 -2.583950297976887 -2.9082313376820736 -3.1239527764514725 -2.9667044274565004 -2.6386960194788402 -1.9549569019969988 -1.0273081231851788 -0.1464844082963062 0.03615663705489089 -0.7507839894710577 -1.9794177562851056 -2.351455701981358 -2.353552346634624 -1.7401673052957185 -0.8465307619702185 -0.19610499842360846 0.12514755456019355 0.3185047836947517 0.622052337384305 0.911156339018024 1.2247211949398495 1.5802189439270011 1.2529094175004298 1.255006062153696 1.0684046880129958 0.9053323260922843 0.8866954847299171 1.127110738304452 0.9992154144552083 0.5430787221112747 -0.22359433943309986 -1.5544977732231369 -3.5623844695011573 -5.830953984335286 -6.67170849029507 -6.788887630360953
-2.12991025028622 -2.276209454980801 -2.3281596502783994 -2.7537785148914566 -2.99512561053411 -2.671776412897042 -2.3866327400528258 -2.6414915456831953 -2.952027914883636 -2.9569200857412574 -2.6386960194788402 -2.0819203837781246 -1.5682424437278826 -0.8535195774811062 -0.32120479606849733 -0.16791677586302833 -0.6200931394174589 -1.737138818574334 -2.0418511748490356 -1.74505947615334 -1.2148413393939974 -0.7859610275425257 -0.38084268842807184 0.02637229533964819 0.5302658936746474 0.8564106175160706 0.9882662701548175 1.24708540457469 1.647544533348552 1.1378269220878132 0.7306119383200931 0.8799396297360591 1.011795282374806 1.2198290240822283 1.0714331747343806 -0.3640695312019416 -1.160095617892044 -2.0886762387719826 -3.798839394286189 -5.789952933338079 -6.718766514735047 -6.767455262794231 -6.761631249868491
-2.6894814121912907 -2.420877936056175 -2.329091492346518 -2.0819203837781246 -2.27131728412318 -2.331887018550873 -2.1697464986982795 -2.2899541254855467 -2.3933885950466838 -2.375916556269465 -2.080056699641888 -1.7040584251561324 -1.449199619525763 -0.8642357612644671 -0.327028808994237 -0.13670006658106348 -0.5965641271974704 -1.5722027725173855 -1.8026007238596482 -1.4911325125910888 -0.884736286763071 -0.4285995944191375 -0.2753115742136685 -0.004844413942316633 0.5323625383279136 0.8349782499493485 0.9952550856657052 1.3780092151453185 1.819469394916388 1.2773702717885365 0.6993952290381282 0.7266516095305902 0.6679455592391339 0.7462202929610755 -0.2000653272131115 -1.797708553002027 -2.6815607546122844 -3.9267347181354326 -5.55745833734255 -6.490232247529021 -6.896515389228623 -6.570137704870169 -6.474623892888038
-2.6503440453303195 -2.4022410946938084 -1.896483812222572 -1.651176387790416 -1.8543179586402168 -2.0390556486446805 -1.7343432923699789 -1.7459913182214584 -1.869926313281199 -2.093568409629604 -1.809589539370536 -1.5107011960215744 -1.459915803309124 -0.9863070721879714 -0.7880576721957919 -0.6152009685598376 -0.6892824129752466 -1.3681293595994664 -1.4755241579501064 -1.1582319337558074 -0.5516027474107599 -0.06937447715951256 0.0890386744206074 0.08601018769922275 0.380006360190563 0.697298584384862 1.1094057390102035 1.5107967098521837 2.0810840555406154 1.8369414336936072 1.0362561366629128 0.031264466197269525 -0.034197439088044734 -0.3631376891338232 -1.2420977198864591 -2.9287318631806776 -4.099591421771388 -5.294911834650204 -5.907132073403962 -6.772347433651852 -6.557557836950572 -6.354416266100771 -6.15709870817671
-2.256873732067345 -2.3027669539221742 -1.7967767109339086 -1.6707450712209013 -1.8543179586402168 -2.0271746622761713 -1.3984142268133128 -1.4286990940271593 -1.879710654996442 -2.1045175539299947 -1.74505947615334 -1.2861272576050513 -1.2567742324593232 -1.523281063941172 -1.3240998218808742 -1.041984635758043 -0.9832785854665866 -1.1542716049663044 -1.0536326616095224 -0.7587046470500638 -0.34356900570333776 0.13982406713305762 0.4170470823982675 0.3595058346919592 0.3935180701782791 0.5421468800431564 0.9551858767366161 1.557621773775131 2.1602906313306756 2.3857964118153165 0.8564106175160706 -0.37105834671282917 -1.0429164778261613 -1.3730215304570876 -2.5301364185430524 -4.433423842674787 -5.576095178704917 -5.8798756929115 -6.4939596158014945 -6.34370008231741 -6.116097657179503 -5.831885826403405 -5.48430873499526
-1.3944538980238097 -1.6639892162270433 -2.1385297894163147 -2.0369590039914143 -1.9968897950623246 -2.154138144057297 -1.462711329513479 -1.3289919927384954 -1.791884540076287 -2.1152337377133557 -1.7567075020048193 -1.2041251556106363 -1.1922441692421273 -1.7166382930757302 -1.9286323635726552 -1.6609607295056585 -1.126782263956813 -1.0506041748881376 -0.7997056980472714 -0.5185223539925585 -0.12202355400819948 0.24512222083043145 0.5957277989599616 0.7275834515987085 0.46876431717883604 0.5899037860342219 0.7480839770973122 1.3360763220799927 2.1416537899683084 2.3224311511832685 0.380006360190563 -1.0683091741823865 -1.7285192794442392 -2.722561805609492 -4.051601555263292 -6.044811738968448 -6.396349159166097 -6.293846531673078 -5.982378320404519 -5.7948451041957005 -5.4656718936328925 -4.920777244300686 -4.44903219731577
-0.42463926562963444 -1.4785526446714912 -2.048839990359923 -2.069340515858527 -1.856414603293483 -1.9148876930679097 -1.6150675076508298 -1.30942330930801 -1.3623053466737267 -1.6327725069450785 -1.737138818574334 -1.487172183801586 -1.4920643546592072 -1.8543179586402168 -2.038123806576562 -1.8056292105810328 -1.4033063976709341 -0.9324931927541364 -0.402275055994794 -0.21870216857547853 -0.169780459999265 0.13097156748593325 0.604580298607086 0.911156339018024 0.6348651658209323 0.6388254946104355 0.7960738436054073 1.2852909293675425 2.171938657182155 1.542945261202267 -0.1914457880830167 -1.4755241579501064 -2.4539583294743768 -3.5672766403587786 -5.024444674378852 -6.444339025674192 -6.06624410653517 -5.554662811138195 -5.246921968142109 -5.076161909159421 -4.707851331735642 -4.03599320062231 -2.9529597569517545
0.34180083539771056 -0.9979550980394507 -1.9374848632197799 -2.084948870499509 -1.68845007051515 -1.531201721520178 -1.5125648801578109 -1.3357478477323537 -1.2558423903912048 -1.2772747579579269 -1.4471029748724966 -1.6367328357345814 -1.7469231602895767 -1.8046973685129144 -1.6269484940193388 -1.359276859952342 -1.031268451974682 -0.4628447904224869 -0.15626875001154888 -0.1914457880830167 -0.1804966437826261 0.012860585351932075 0.4112230694725278 0.6884460847377376 0.7569364767444366 0.8613027883736921 0.9824422572290779 1.3565768475785964 1.4805118426383375 0.4736564880364574 -0.8407067490444788 -1.7841968430143107 -3.047774687382797 -4.4043037780460885 -5.679529648266054 -5.669745306550811 -5.133703156865729 -4.723459686376624 -4.400343449256586 -4.217702403905388 -3.971696097922144 -3.2460240873749764 -1.489268828454852
-0.22359433943309986 -1.1757039725330265 -1.7793046721566894 -1.823101249358252 -1.617164152304096 -1.6639892162270433 -1.7685884883733283 -1.4461711328043783 -1.227421207313595 -1.1249185798205763 -1.1044180543219726 -1.5330654056564148 -1.7352751344380972 -1.5780267854431251 -1.2108810106044943 -0.7792051725486675 -0.4353554494129955 -0.38759854342192995 -0.5243463669182982 -0.26552723249842575 0.011695782766784124 0.147511764195034 0.16218827676789807 0.25397472047755576 0.7119750969577261 1.0206477820219304 0.7939771989521411 0.09975485820396844 -0.7715174754866911 -1.2772747579579269 -1.869926313281199 -2.8143482493191496 -3.9402464281231495 -4.855315339015371 -5.248086770727257 -5.067309409512297 -4.600456533385002 -3.978451952916002 -3.677699925430803 -3.5351280890086954 -3.113236592668111 -2.0819203837781246 -0.2881244026502958
-1.0750650291762445 -1.3856013983766855 -1.7273544768590912 -1.8436017748568558 -1.8641023003554593 -1.9579853887183833 -1.692410399304653 -1.251882061601702 -1.1034862122538542 -1.1962044980316302 -1.3904935692343068 -1.4715638291606035 -1.5360938923777994 -1.2528139036698203 -0.8223028681991413 -0.3680298599914445 -0.09080684472623463 -0.469600645416345 -0.7880576721957919 -0.3563818341399651 0.19550163070312918 0.4219392532558888 0.3017316264686214 0.21390551154846663 0.5742954313932395 0.4210074111877705 -0.1746726308568864 -1.427767251959041 -2.690413254259409 -3.4207444751471674 -3.8279594589148873 -4.0751305674832805 -4.261731941623981 -4.6591625836764585 -4.583916336675901 -4.170877339982441 -3.6562675578640813 -3.2196995489506333 -3.106480737674253 -2.858377787037742 -2.006674136777568 -1.1824598275268845 0.30662379732624273
-1.1931760113102456 -1.4168181076586503 -1.6560685586480373 -1.816345394364394 -1.8105213814386543 -1.8328855910734945 -1.6621255320908066 -1.2029603530254884 -1.0361606228323033 -1.1582319337558074 -1.3369126503175015 -1.3748852145933244 -1.2323133781712166 -0.8758837871159466 -0.39645104306905427 -0.006708098078553326 -0.0936023709305897 -0.4598163037011022 -0.6736740583342642 -0.15906427621590397 0.3779097155372967 0.5204815519594046 0.31454445490524874 0.19643347277124754 0.147511764195034 -0.4365202519981434 -1.6590970453694218 -2.9177827188802867 -3.783231039645207 -4.401275291324704 -4.385666936683721 -4.004776491340345 -4.051601555263292 -3.9940603075569836 -3.796742749632923 -3.2108470493035086 -2.8574459449696237 -2.494959380471584 -2.415985765198554 -2.1317739344224567 -1.3828058721723304 -0.7666253046290699 0.843830749596473
-0.9217770089707755 -1.010767926476078 -1.2283530493817134 -1.2861272576050513 -1.2234608785240921 -1.419846594380035 -1.6670177029484279 -1.2742462712365423 -1.0643488453928833 -1.1542716049663044 -1.205988839746873 -1.1123387119009787 -0.9560222049741249 -0.534130708633541 -0.11130737022483839 0.033361110850535836 4.775691530473081e-05 -0.21078151099647252 -0.48614084212544567 0.07808953012021676 0.6406891787466721 0.7774370022430404 0.39841024103590045 0.34878965090859815 -0.241066378210319 -1.6278803360874572 -2.8642017999634817 -3.8612728128501184 -4.533130943963451 -4.421775816823308 -3.8594091287138816 -3.559588943296802 -3.3876640817289663 -3.2937809933660422 -2.951096072815518 -2.397348923836187 -2.1532063019891785 -2.1580984728468 -2.0604880162114023 -1.7576393440729376 -1.052700819541404 -0.2508507199255617 0.6572293754557729
-0.7060555702013769 -0.7568409629138271 -0.6522416907675421 -0.5527675499959079 -0.4325599232086404 -0.9578858891103617 -1.4911325125910888 -1.4911325125910888 -0.9939947692499478 -1.074133187108126 -1.1738402883967898 -0.9061686543297931 -0.6843902421176251 -0.31817630934711266 -0.22359433943309986 0.02637229533964819 0.8086537115250052 0.27261156183992286 -0.2156736818540939 0.1104710419873295 0.7813973310325433 1.1504067900074109 1.282262442646158 0.8759793009465562 -0.5301703798440378 -2.362171885764719 -3.976588268779765 -4.667782122806553 -4.735340672745133 -4.48816956417674 -3.822135445989148 -3.400243949648564 -3.093667909237626 -2.8075923943252916 -2.604450823475491 -2.1492459731996756 -1.9754574274956027 -2.0038786105732127 -2.0271746622761713 -1.5819871142326283 -0.8621391166112009 0.20994518275896362 0.32828912540999444
-0.6794980712600038 -0.5672111020517423 -0.16488828914164366 0.10953919991921116 0.2851914297595206 -0.19237763015113507 -0.90220832554029 -1.5223492218730537 -1.010767926476078 -1.048740490751901 -1.2176368655983525 -0.8777474712521833 -0.48241347385297234 -0.324233282789882 -0.4120593977100367 0.03522479498677253 1.3605371763680996 0.5244418807489076 -0.18934914342975045 -0.19913348514499313 0.6376606920252874 1.3311841512223714 1.6426523624909308 0.7676526605277976 -1.3192076510232529 -3.393488094654706 -4.344665885686514 -4.891424219154957 -4.792881920451442 -4.693174819162778 -4.078159054204665 -3.6229542039288503 -3.2285520485977575 -2.8544174582482387 -2.6689808866926867 -2.365200372486104 -2.2226285360639957 -2.2792379417021857 -2.0136629522884553 -1.5752312592387703 -0.8202062235458751 0.4112230694725278 0.40446721447866973
-0.6336048494051749 -0.40134321392667566 0.1006867002720868 0.4219392532558888 0.7031225973106017 0.2851914297595206 -0.4530604487072442 -1.1640559466815472 -0.9658065466893677 -0.970698717546989 -1.20202851095737 -0.8660994454007038 -0.4765894609272326 -0.6366333361265597 -0.8446670778339818 -0.11713138315057808 1.4034019115015437 0.44337162082261095 -0.716771753984738 -0.7265560956999806 0.04687282083825195 0.7725448313854191 0.7247879253943534 -0.5467105765531386 -2.6102748364012305 -3.668847425783679 -4.579956007886398 -4.769352908231453 -4.607445348895889 -4.621888900951724 -4.44903219731577 -3.997088794278369 -3.6366988744335957 -3.234376061523497 -2.896350351313565 -2.7470226598975986 -2.586745824181242 -2.5117325376977147 -2.2391687327730967 -1.6893819125832683 -0.9578858891103617 0.18571728898788648 0.6388254946104355
-0.4032068980629124 -0.16209276293728864 0.12514755456019355 0.18268880226650183 0.3546136638343379 0.22555353739994605 -0.4258040682147824 -0.6687818874766429 -0.49802182849395465 -0.6815947159132703 -0.9266691798283968 -0.8330190519825025 -0.9988869401075691 -1.1894486430377722 -1.0946337126067298 -0.26156690370892277 1.0402164654524158 0.11140288405544785 -1.0135634526804331 -1.2714507450321872 -0.6240534682069618 -0.26156690370892277 -0.6718103741980275 -1.9705652566379814 -2.983244624165601 -3.8924895221320837 -4.253811284044975 -4.35841055619126 -4.325097202256028 -4.30762516347881 -4.337910030692656 -4.165053327056702 -3.8340164323576573 -3.550736443649678 -3.169845998306301 -3.0496383715190336 -2.7849952241734215 -2.7060216089003912 -2.4502309612019033 -1.9207117059936494 -1.2772747579579269 -0.4579526195648655 0.08601018769922275
0.4736564880364574 0.0713336751263587 -0.18748545929351373 -0.662957874550903 -0.5760636016988667 -0.5585915629216476 -0.5965641271974704 -0.5546312341321447 -0.24199822027843737 -0.4423442649238832 -0.8290587231929993 -1.4422108040148753 -1.7080187539456355 -1.5477419182292789 -1.1337710794677007 -0.3153807831427576 0.38583037311630264 -0.5380910374230439 -1.4461711328043783 -1.7781398695715414 -1.629744020223694 -1.470631987092485 -1.8906597992968324 -2.6824925966804027 -3.2732804678674383 -3.6718759125050635 -3.9463034015659186 -4.038089845275576 -4.186485694623424 -4.133603657257708 -4.10355175056089 -3.9334905731292915 -3.7890550525709465 -3.654170913210815 -3.4100282913638065 -3.1961705367306448 -2.9862731108869855 -2.781267855900948 -2.5175565506234543 -2.136666105280078 -1.556594417876403 -1.1561352891025412 -0.9394820082650241
2.24811674625083 0.883899958525562 -0.9891025983923265 -2.0458115036385385 -1.8338174331416128 -1.6248518493660724 -1.3876980430299517 -1.0545645036776408 -0.7694208308334249 -1.0722695029718894 -1.669813229152783 -2.1024209092767285 -2.143421960273936 -1.7860605271505474 -1.1952726559635118 -0.622888665621814 -0.44723643578150446 -1.1093102251795939 -1.8289252622839915 -2.190247024196883 -2.2664251132655586 -2.4178494493347906 -2.705089766832273 -3.083883567522383 -3.276308954588823 -3.56634479829066 -3.8386756426982487 -3.924638073482167 -4.0078049780617295 -3.9209107052096934 -3.8750174833548643 -3.769486369140461 -3.6923764380036674 -3.6453184135636905 -3.5018147350734643 -3.225523561876373 -3.0652467261600163 -2.822268906898156 -2.561353127825017 -2.2831982704916887 -1.973593743359366 -1.7753443433671865 -1.9246720347831523
