static/data/ASCData/20210123/ASCU/12.asc
ncols 97
nrows 97
xllcorner 99.0
yllcorner 2.0
cellsize 0.25
NODATA_value -32767
[rows 19 to 37 of 97, columns 0 to 41 of 97]
-0.15552229199716472 1.149217766804317 1.1620164384897658 0.27431988913676786 -0.1260611986834907 0.14826504725367073 0.4735444955612028 0.5790731658732975 1.093676361376899 0.451086449018812 0.12387512573989146 0.15406067216783614 -0.051925496656458514 -1.1330510275197259 -0.999268685751075 -1.1064877466631344 -0.8244340008404193 -0.8927740779532861 -1.3907148518286618 -2.030406951729666 -2.255953354639269 -1.8898630475611555 -1.594769145681568 -1.072438450292413 -0.2813356495088382 -0.004111591114594082 -1.5030050845406162 -1.6457223480519385 -1.6573135978802696 -1.2578984475457053 -0.7266328304138785 -0.42598478799154926 -0.39362588222079253 -0.24318111882391613 0.876823395838544 1.8719804904750248 2.470620247234024 2.602470714031287 1.933559005188032 1.3073900300867471 1.589685260280886 1.9900663481011445
0.05553504862702463 1.3250183892006668 0.815244881125537 -0.3380844767933743 0.18835145290998134 0.9120801140663836 0.20597981202390103 -0.5793273638455083 1.1581526885469886 0.6971590234994172 0.2653849673940962 0.36898176273480243 0.3054713730504067 -0.8664522814681184 -1.2784246191167075 -1.3682568052862711 -0.37116783567840167 -0.15431487014004694 -0.7423293145564097 -1.7734675805350006 -1.5587879743394581 -1.6906384411367203 -1.6672144571086354 -1.506868834483393 -0.8379571256401385 -0.540206895674892 -1.6056359423956281 -2.034270701672443 -2.2813092136387425 -1.8741665634186244 -1.3281703996299603 -0.9492814208663986 -0.5899526761881448 -0.29896400862275796 0.5360889477599042 1.0818436271771446 1.440206434369704 1.1100972986337005 0.5418845726740696 0.5184605886459845 1.3153590143437248 1.8046063508478523
-0.04105869994239841 0.9227054264090201 0.6160202747011019 -0.3156264302509834 -0.5148510366754184 0.5858347282731572 0.034042939570328 -0.5802933013312026 1.6474000250511165 1.20983034403163 -0.06448268397048351 0.4803060579610625 0.6288189463865504 -0.48635588084743864 -1.1914902454042269 -1.3301022746013489 -0.582225176302591 0.9012133173523235 0.3124744198216899 -1.5440574276826209 -1.4160707108281354 -1.6094996923384053 -1.701263753479357 -1.4259715700565012 -1.2393041509460914 -0.8116353291549707 -1.3117494623731587 -1.7766068773635069 -2.3926335088650026 -1.9688284370166587 -1.4160707108281354 -1.2588643850313994 -0.9922656389797918 -0.6223115819589016 -0.12026557376932531 0.19607895279553517 0.08282278259788667 -0.1055350271124883 -0.2687784621948132 0.11518168836864334 0.8954176924381579 1.431512996998456
0.12001137579711452 0.5136309012175134 0.6092587123012422 -0.4366101003341858 -1.0185874354649596 -0.4474768970482459 -0.31079674282251224 -0.35861064836437667 1.5360757298248564 1.2274587031455497 -0.2979980711370637 0.5046959794748418 0.5945281656444052 -0.01473690345723061 -0.8389230631258328 -1.1584068865191994 -0.6261753319016785 1.1463199543472342 0.8905880050096869 -1.1661343864047533 -1.4853767254266965 -1.687740628679638 -1.7452139090784446 -1.669146332080024 -1.76187633070667 -1.5283609435400898 -1.0647109504068593 -1.5078347719690872 -2.1622574185269285 -2.004085155244498 -1.571345161653483 -1.3750183676861307 -1.253068760117234 -0.8282977507831962 -0.5088139273898296 -0.5537300204746112 -0.7667192360701891 -0.9142661870099827 -0.7891772826125799 -0.22072307228152527 0.2663509048797904 0.7205830075275023
0.39240574676288753 0.3808144969345567 0.5319837134457038 -0.4054586164205468 -0.9884018890370149 -0.9454176709236216 -0.8087375166978881 -0.6232775194445959 0.9480612854084937 0.7273445699273619 -0.4853899433617444 0.37477738764896784 0.5653085567021547 -0.04419799677090466 0.08282278259788667 -0.23738549390975075 -0.7003110339287106 0.8406007401250105 0.6952271485280287 -1.275526806659625 -1.4962435221407566 -1.5645835992536234 -1.6222983640238535 -1.4795811005125312 -1.5732770366248716 -1.729517424935913 -1.0538441536927992 -1.525463131083007 -2.054796873243445 -2.1827835900979307 -2.1583936685841514 -1.9611009371311048 -1.3429009462867976 -0.9181299369527597 -0.785313532669803 -0.9219936868955365 -1.1651684489190592 -1.2178120418893945 -1.0567419661498816 -0.6652958000722948 -0.17701440105386135 0.08185684511219243
0.4392537148190576 0.5974259781014879 0.5261880885315384 -0.25694572799505894 -0.34774385165031657 -0.3047596335369233 -0.8838391562106145 -0.7882113451268856 0.22143481179500868 0.11904543831142028 -0.6457355659869867 0.2438928583373996 0.4764423080182856 0.704886523384971 0.8319073027537623 0.708750273327748 0.060364736055495805 0.6952271485280287 0.07219747025525008 -1.6358214888235727 -1.405445398485499 -1.470887663141283 -1.2453412602316802 -1.1026239967203577 -1.3400031338297147 -1.5988743799957685 -1.1808649330615903 -1.731690784278725 -2.4493823361495384 -2.9181035010826637 -2.8340669398272658 -2.009880780158664 -1.3907148518286618 -1.156475011547811 -1.0656768878925533 -1.164202511433365 -1.3291363371156546 -1.3076442280589582 -1.2393041509460914 -0.938656108523762 -0.5752221295313078 -0.3156264302509834
0.28784301393648704 0.9958751909503579 0.7937527720688403 -0.322387992650843 -0.25887760296644735 0.03597481454171647 -0.5626649422172829 -0.9922656389797918 0.036940752027410706 -0.2187911973101368 -0.6896857215860741 0.2050138745382068 0.17965801553873323 0.4696807456184259 0.8659565991244839 0.853399411810459 0.8640247241530955 1.2781704211444969 -0.18667377591080364 -1.5411596152255385 -1.3868511018858851 -1.1632365739476707 -1.0606057160926587 -1.1183204808628888 -1.4160707108281354 -1.5401936777398442 -1.2607962600027878 -1.8536403918476219 -3.321382401360005 -3.507083882984721 -2.688693348230284 -1.8995224224180975 -1.4766832880554484 -1.2784246191167075 -1.2902573533164619 -1.3429009462867976 -1.4426339916847266 -1.4484296165988924 -1.470887663141283 -1.2649014943169883 -0.8154990790977477 -0.45617033441949395
0.1376397349110342 1.002878237721641 0.7478707414983642 -0.3243198676222315 -0.22869205653850266 0.04466825191296453 -0.6232775194445959 -1.062537591064047 0.2663509048797904 -0.17894627602524982 -0.8263658758118078 0.049739423712859276 -0.10650096459818253 -0.2893046337658156 0.033077002084633766 0.7106821482991365 1.1581526885469886 1.4148505753702305 0.16589340636759048 -1.3682568052862711 -1.2813224315737903 -1.525463131083007 -1.3711546177433536 -1.261762197488482 -1.3916807893143561 -1.2550006350886225 -1.4327331324563608 -1.7179261751075825 -3.3624347445020097 -3.275500370789529 -2.4718403826919295 -1.8751325009043183 -1.4981753971121452 -1.3525603211437396 -1.420175945142336 -1.4317671949706665 -1.5273950060543955 -1.5529923494252924 -1.6162612547382649 -1.3820214144574137 -0.7785519702699433 -0.4083564288776295
0.36898176273480243 0.7097162108134422 0.5017981670177591 0.10431489165458324 0.2479980926516 0.11011051656874865 -0.8369911881544443 -1.280356494088096 0.3368643413354693 -0.22579424408142 -1.4805470379982255 -0.9951634514368746 -0.9797084516657668 -0.9874359515513207 -0.41511799127748916 0.5585469943022952 1.1347287045189036 0.6990908984708056 -0.27940377453744975 -0.32625174259361994 -0.951213295837787 -1.525463131083007 -1.4221078201137245 -1.5674814117107059 -1.8565382043047043 -1.4679898506842002 -1.5372958652827613 -2.2462939797823265 -2.991273265624002 -2.6944889731444497 -2.0605924981576105 -1.608533754852711 -1.3810554769717194 -1.3107835248874644 -1.3252725871728779 -1.2658674318026826 -1.5508189900824805 -1.7490776590212214 -1.7101986752220286 -0.9014675153245342 -0.1748410417110493 0.014482705485019842
-0.9864700140656264 -0.7285647053852669 -0.46196595933365936 -0.2149274473673599 0.26345309242270776 0.5839028533017687 -0.16421572936841278 -0.869350093925201 0.8046195687829004 0.6913633985852519 -1.4455318041418095 -1.559753911825152 -1.7638082056780582 -1.5822119583675431 -0.9717394674087895 0.0574669235984131 1.205000656603159 0.5711041816163202 -0.5976801760736987 0.63558050878641 0.21853699933792603 -0.7403974395850212 -1.0753362627494956 -1.303780478116181 -1.6017721924528514 -1.938642890588714 -2.3527885875801156 -3.154516700706327 -3.5235048202415227 -2.6836221764303896 -1.880928125818484 -1.5010732095692276 -1.284220244030873 -1.08716899694925 -0.9229596243812308 -0.9229596243812308 -1.4025475860284162 -1.6066018798813224 -1.401581648542722 -0.410288303849018 0.39626949670566447 0.2958119981934645
-1.9502341404170447 -1.3088516499160758 -0.9601482175804587 -0.873213843867978 -0.03622901251392724 0.7440069915555875 1.0535899557205881 0.6903974610995576 1.1844744850321565 0.6698712895285552 -1.169032198861836 -1.811622111219923 -1.6916043786224146 -1.6251961764809364 -1.0441847788358567 0.07992497014080396 0.8280435528109854 0.6249551964437735 0.43249215241919803 1.090778548919816 1.1835085475464622 -0.06762198079898976 -1.211050479489535 -1.515803756226065 -1.5030050845406162 -1.706093440907828 -1.9357450781316312 -2.8009835809422383 -3.873174190062834 -3.178906622220106 -2.233495308096878 -1.6867746911939436 -1.406411335971193 -1.021726732293466 -0.7676851735558832 -0.5723243170742252 -0.869350093925201 -1.1163886058915005 -0.9072631402386996 -0.13885987036893924 0.10914457908305442 -0.02946745011406765
-2.0509331233006685 -1.5215993811402302 -1.2286788386034546 -1.110592980977335 -0.4180158037345718 0.8319073027537623 1.3064240926010529 1.2204556563742663 1.1815766725750736 0.3230997321643264 -1.4875500847695085 -1.9142529690749348 -1.8613678917331757 -1.8183836736197825 -1.5812460208818488 -0.5967142385880044 0.15502660965353038 0.7527004289268354 1.172641750832402 1.7587243202773761 1.7167060396496772 0.9207735514376315 -0.41608392876318334 -1.0987602467775808 -1.0470825912929396 -1.4464977416275038 -1.8331142202766193 -2.1192732004135353 -3.9161584081762273 -3.4814865396138237 -2.382008196522366 -1.7843343772490607 -1.499141334597839 -1.1905243079185326 -0.8430282974400333 -0.5158169741611127 -0.2941343211942868 -0.2393173688811392 0.015448642970714077 0.3573905129064716 0.5544417599880946 0.2586234049942365
-1.6251961764809364 -1.5148378187403706 -1.5703792241677887 -1.3750183676861307 -0.942519858466539 0.3054713730504067 1.589685260280886 1.750755336020399 1.4959893241685456 0.4295943399621154 -1.4170366483138297 -2.0830505447000016 -2.009880780158664 -1.8000308613915919 -1.5655495367393177 -1.4006157110570276 -0.5392409581891977 0.3875760593344163 1.0243703467783378 1.7449597111062336 1.8671508030465538 1.3317799516005264 0.31030106047887795 -0.383000569878156 -1.2004251671468986 -1.4728195381126716 -1.499141334597839 -1.6826694568797431 -2.6993186605729207 -2.5870284278609663 -1.7920618771346146 -1.5225653186259245 -1.2393041509460914 -1.2687652442597654 -0.9768106392086842 -0.5245104115323608 -0.05675518408492966 0.39047387179149906 0.8739255833814613 1.2419477654309632 1.454936981026541 1.1610505010040715
-1.1661343864047533 -1.5001072720835333 -1.5918713332244852 -1.3605293054007173 -0.9268233743240077 0.25186184259437694 1.5389735422819388 1.9666423640730595 1.815231663190489 0.178692078053039 -1.3233407122014893 -1.9951502335018265 -1.946370390474268 -1.7423160966213618 -1.8722346884472358 -1.7022296909650514 -1.0342839196074909 -0.42598478799154926 -0.03622901251392724 1.0663886274060368 1.5075805739968766 1.9168965835598066 0.8954176924381579 -0.8536536097826698 -1.6768738319655778 -1.7092327377363343 -1.3429009462867976 -1.6309918013951017 -1.8565382043047043 -1.6768738319655778 -1.613363442281182 -1.340969071315409 -0.9258574368383135 -0.9553185301519875 -0.9983027482653808 -0.5312719739322204 0.026315439684774178 0.6785647268998033 1.167812063403931 1.5739887761383549 1.7879439292196269 1.4578347934836238
-1.0538441536927992 -1.5742429741105655 -1.5626517242822349 -1.3672908678005768 -0.6739892374435429 0.505661916960536 1.6365332283370564 1.9207603335025834 1.8171635381618771 -0.039126824971009944 -1.3390371963440204 -1.827318595362454 -1.8058264863057576 -2.0890876539855903 -2.2190062458114643 -1.8048605488200633 -1.1789330580902018 -1.238338213460397 -1.2735949316882365 -0.0821110430844032 1.1337627670332093 1.6082795568805 1.0212310499498316 -0.7304965803566554 -2.1035767162710037 -2.3262253067235243 -1.6524839104517985 -1.8019627363629804 -1.9132870315892405 -1.6495860979947157 -1.6778397694512717 -1.0977943092918865 -0.6817167373290968 -0.7901432200982741 -0.9502473583520928 -0.46800306861924823 0.09079176685486406 0.6005652749299941 0.9285010513231854 1.3250183892006668 1.4276492470556787 1.0965741738339814
-1.1943880578613095 -1.8789962508470954 -1.76187633070667 -1.5822119583675431 -0.7862794701554972 -0.35571283590729397 0.46171176136144854 2.0632361126424823 2.0134903321292295 0.988147691064804 -1.045150716321551 -1.7686378931065296 -1.9845249211591902 -2.183749527583625 -2.1719167933838706 -1.7939937521060032 -1.3907148518286618 -1.5645835992536234 -1.8350460952480079 -1.354733680486552 0.16009778145342507 1.1376265169759865 0.5457483226168466 -0.8575173597254467 -2.0977810913568384 -2.6592322549166103 -2.4131596804360047 -2.1426971844416203 -1.5334321153399846 -1.8077583612771457 -1.4221078201137245 -0.8799754062678375 -0.5049501774470526 -0.5312719739322204 -0.8488239223541986 -0.48442400587605017 0.029213252141856827 0.3465237161924115 0.5993578530728764 0.816210818611231 0.8543653492961533 0.2615212174513193
-0.9123343120385943 -1.4298353199992784 -1.312715399858853 -1.2354404010033142 -1.34579875874388 -1.2042889170896753 -0.2511501030808935 1.6121433068232771 2.5008057936619688 2.17166259541166 -0.7461930644991867 -1.5812460208818488 -1.8722346884472358 -2.1699849184124824 -2.121205075384924 -1.5831778958532374 -1.1651684489190592 -1.3916807893143561 -1.7686378931065296 -1.727585549964525 -1.2306107135748432 0.01834645542779678 -0.003145653628899847 -1.3371053213726323 -2.8282713149131005 -3.5722846632690812 -3.0371552961944777 -2.8174045181990404 -2.136901559527455 -1.5578220368537639 -1.1709640738332245 -1.0195533729506538 -0.7667192360701891 -0.32335393013653724 -0.34388010170753963 -0.383000569878156 -0.06255080899909504 0.24703215516590582 0.3593223878778601 0.5399526977026812 0.511699026246125 -0.09973940219832292
-0.10650096459818253 -1.3313096964584665 -0.5088139273898296 -0.6486333784440694 -1.4619527413986115 -1.6582795353659638 -0.42984853793432615 1.4061571379989823 1.738198148706374 1.6766196339933668 0.03597481454171647 -1.3156132123159354 -1.613363442281182 -1.993218358530438 -1.960134999645411 -1.3390371963440204 -0.9543525926662932 -0.9806743891514611 -1.336139383886938 -1.489481959740897 -1.4766832880554484 -0.693549471528851 -0.22869205653850266 -0.8526876722969755 -2.3701754623226114 -3.6017457565827553 -3.347704197845173 -3.0188024839662875 -2.953360219310503 -2.6672012391735875 -1.9543393747312452 -1.4561571164844458 -1.1260479807484427 -0.6877538466146857 -0.17194322925396663 0.14826504725367073 0.20115012459542986 0.17965801553873323 0.2663509048797904 0.40230660599125334 0.42379871504794997 0.06422848599827269
0.45977988639006007 -1.6807375819083545 -0.03622901251392724 -0.13596205791185656 -1.2013911046325927 -1.5529923494252924 -0.2511501030808935 1.7362662737349854 1.9948960355296155 1.014469487549972 -0.24124924385252766 -1.4151047733424411 -1.7570466432781986 -2.0557628107291395 -1.869336875990153 -1.2677993067740712 -1.0381476695502678 -0.9756032173515663 -1.2883254783450733 -1.3136813373445468 -1.3977178985999452 -1.45712305397014 -0.47186681856202517 -0.18474190093941517 -1.301848603144793 -2.2228699957542415 -3.302788104760391 -3.2404851369331134 -3.172869512934517 -3.0733779519080113 -2.4394814769211726 -1.911355156617852 -1.3692227427719654 -0.8048737667551111 -0.37116783567840167 0.22747192108059766 0.5290859009886211 0.4110000433625014 0.32213379467863223 0.19511301530984093 0.16299559391050777 -0.048061746713681575
