static/data/ASCData/20210123/ASCU/15.asc
ncols 97
nrows 97
xllcorner 99.0
yllcorner 2.0
cellsize 0.25
NODATA_value -32767
[rows 57 to 75 of 97, columns 42 to 83 of 97]
-2.2554970839458237 -2.6148540676172183 -2.9303742242081725 -3.1303961537608402 -3.2721439778532826 -3.231194606448799 -2.9831359142870255 -2.659740878579825 -2.2788592253240227 -1.991688633551557 -1.8735654468078553 -1.9342020160029554 -2.1665109499322353 -2.5445051475120803 -2.8190759326985515 -3.0923342380323144 -3.3999795155070216 -3.6149637153805587 -3.498678000430648 -2.898087219831561 -2.3129837014944252 -1.9000775398325527 -1.4215473855352903 -1.3433235863139057 -1.8696280072497318 -2.304321334466554 -2.4830810904053555 -2.8219633883745083 -3.3180807726980555 -3.4204542012092634 -2.898087219831561 -2.374670254571692 -1.8756654145721876 -1.5152584470186268 -1.11678956373654 -0.7563825961829793 -0.5524232270721878 -0.6030849493867088 -1.0201910465772461 -1.40973506686092 -1.5748450323315608 -1.4546218778235267
-2.9849733860808167 -3.1041465567066844 -3.272931465764907 -3.402079483271354 -3.4810907704043634 -3.3989295316248556 -3.1159588753810548 -2.6773281086061096 -2.29355899967435 -1.9840762504058516 -1.8620156241040267 -1.8717279750140643 -2.139211368995913 -2.4878060178751036 -2.7749766096475694 -3.0230353018093425 -3.2642690987370355 -3.4753158590524493 -3.3249056679321356 -2.7839014726459825 -2.400132363714223 -1.9615015969392773 -1.5690701209796465 -1.7895667362345562 -2.3473706736353694 -2.7193274638927587 -2.883387445481233 -2.8707876388952385 -3.3364554906359642 -3.3755673902466565 -2.8854874132455657 -2.4977808647556827 -2.067024977096984 -1.6948056908690532 -1.2446251013902794 -0.8834306459250939 -0.7212081361304103 -0.7905070723533819 -1.2485625409484027 -1.600307141474092 -1.5249707979286646 -1.350148481547986
-4.069081744417456 -3.6501381754331277 -3.7682613621768293 -3.70946226477552 -3.7018498816298147 -3.6021014128240223 -3.2290946386844666 -2.7867889283219394 -2.28857157623406 -1.977251355171771 -1.8247411962871252 -1.8150288453770873 -2.0788372957713546 -2.375720238453858 -2.659740878579825 -2.816975964934219 -3.0571597779797455 -3.1784329163699456 -3.028810213161257 -2.827738299726423 -2.5290178852501284 -2.1276615462920843 -1.9780388430833957 -2.272034330089942 -2.8844374293633996 -3.2506193082688744 -3.0122729670171386 -2.9975731926668114 -3.257444203502955 -3.2380195016828797 -2.7915138557916874 -2.545555131394247 -2.0709624166551075 -1.5475454513952387 -1.0992023337102554 -0.8920930129529654 -0.7369578943629038 -0.8716183272507237 -1.3210114288178731 -1.5795699598013089 -1.1372642494387817 -0.97031681217435
-4.721384231213231 -4.278028536968537 -4.194817314306863 -4.037582227952469 -3.961458396495417 -3.790573519672862 -3.411791834181392 -2.8151384931404277 -2.316133653140924 -1.9693764760555243 -1.8150288453770873 -1.7974416153508028 -2.018200726576254 -2.29355899967435 -2.485968546081313 -2.6235164346450897 -2.8209134044923423 -2.941924046912001 -3.063984673213826 -2.931161712119797 -2.6783780924882756 -2.368632847249236 -2.441081735118706 -2.8610752879852006 -3.4351539755595906 -3.390267164596984 -3.1519208233452485 -2.87945000592311 -3.088396798474191 -2.9713235956126556 -2.511430655223844 -2.2680968905318184 -1.7281426791278314 -1.1713887256091844 -0.8403813067562782 -0.6324844980873633 -0.7164832086606623 -0.8697808554569328 -1.2241504156880376 -1.3981852441570914 -0.8794932063669705 -0.5728979127744294
-5.187052082953957 -4.765221058293672 -4.529762172717892 -4.385389388920035 -4.206629632981233 -4.002670263870442 -3.5561646179792494 -2.9214493612097594 -2.302483862672763 -1.9489017903532826 -1.8520407772234473 -1.8667405515737747 -2.0699124327729415 -2.3111462297006344 -2.4224445212102554 -2.5290178852501284 -2.7426896052709577 -3.044559971393751 -3.2183323038922627 -3.1070340123826417 -2.8022761905838918 -2.6187915071753416 -2.790726367880063 -3.216494832098472 -3.584514182797738 -3.46534101217187 -3.0025606161071012 -2.701740233866474 -2.6266663862915887 -2.4967308808735167 -2.0405128840722866 -1.6480814081126558 -1.1110146523846258 -0.6579466072298945 -0.3715635033690535 -0.4020130359518743 -0.5035989765514577 -0.7290830152466571 -1.0729527366560996 -1.2047257138679623 -0.7721323544154728 -0.3209017810545326
-5.626470337640527 -5.147940183343265 -4.764171074411505 -4.641322960198055 -4.415576425532315 -4.1470430476683 -3.6548631029028757 -2.9831359142870255 -2.345270705871037 -1.9342020160029554 -1.8229037244933344 -1.9567766694695292 -2.189085603398809 -2.3922574845979763 -2.4723187556131516 -2.6539659672279106 -2.9831359142870255 -3.307318437905851 -3.398142043713231 -3.2096699368643913 -2.8539878967805787 -2.741902117359333 -2.8266883158442564 -3.1978576181900213 -3.5191526861328897 -3.2886812239974006 -2.8295757715202137 -2.530855357043919 -2.3581330084275733 -2.038675412278496 -1.569857608891271 -1.0317408692810748 -0.398075596393751 0.027692867824658074 0.13610370365832203 0.029792835588990485 -0.1938537313124179 -0.4390249677982342 -0.7828946892076767 -0.9128301946257485 -0.23585308659906734 -0.06995563321680198
-5.873741541890676 -5.3345748183983135 -5.008292327015155 -4.87940680547925 -4.661797645900297 -4.2712036417344565 -3.680325212045407 -3.0563722900681207 -2.4332068560024593 -1.9801388108477282 -1.9029649955085097 -2.0142632870181307 -2.163623494256278 -2.378607694129815 -2.4938434251975594 -2.862912759778992 -3.2495693243867083 -3.4684909638183687 -3.411791834181392 -3.0923342380323144 -2.7946638074381864 -2.7379646778012097 -2.8912623245974802 -3.1821078599575277 -3.2427444291526277 -3.0036105999892673 -2.7437395891531238 -2.5426676757182896 -2.194073026839099 -1.6703935656086883 -1.1469766003488193 -0.5524232270721878 0.1410911270986116 0.5395600103806985 0.5639721356410635 0.34216304053344604 0.07861708610972051 -0.20067862654649848 -0.5434983640737747 -0.2925522162360442 0.006168198240250167 0.029792835588990485
-6.149099814988771 -5.439048214673854 -5.167627381133881 -5.04950419439018 -4.807220413580321 -4.30034069446457 -3.685050139515155 -3.109921468058599 -2.5914919262390197 -2.236859870037373 -2.149973703788117 -2.001663480432136 -2.0239756379281686 -2.2457847330357863 -2.380445165923606 -2.8959872520672283 -3.406804410741102 -3.571914376211743 -3.3648050554544526 -2.9975731926668114 -2.7027902177486407 -2.4801936347293982 -2.6938653547502276 -2.867900183219281 -2.8219633883745083 -2.6802155642820664 -2.4967308808735167 -2.2037853777491367 -1.7320801186859547 -1.2212629600120806 -0.6440343207911919 0.03556774694090481 0.6566332132422338 0.8881546592598891 0.8519302153251539 0.5395600103806985 0.07362966266943094 -0.3999130681875419 -0.509373887903372 -0.16550416649392952 0.14502856665673491 0.07074220699347378
-6.133350056756278 -5.538796683479647 -5.39127394803529 -5.22616398256465 -4.901981458945824 -4.344440017515552 -3.707624792981729 -3.1382710328770873 -2.7075151452183888 -2.5387302361601662 -2.4206070494164647 -2.125561578527752 -2.0953745419154726 -2.152861159464074 -2.354983056781075 -2.937199119442253 -3.5514396905095014 -3.6774377563694496 -3.289731207879567 -2.8726251106890293 -2.6030417489428483 -2.3316209154028757 -2.3229585483750044 -2.1413113367602454 -2.097212013709264 -1.9693764760555243 -1.7428424534781586 -1.3942478045989681 -1.0015538326687956 -0.5377234527218604 0.07940457402134515 0.595209156135509 0.9847531764191829 1.1703378275920655 1.0619269917584013 0.6235587209539973 -0.0649682097765123 -0.4030630198340406 0.015093061238663164 0.2035651680875027 0.26210176951827047 0.18492795417905195
-6.043576434831064 -5.651932446783058 -5.489972432958917 -5.364761855010593 -4.985980169519123 -4.427388744206684 -3.799498382671275 -3.2427444291526277 -2.877612534129319 -2.6899279151921043 -2.5290178852501284 -2.383332621599563 -2.340545778401289 -2.1793732524887717 -2.4077447468599282 -2.9713235956126556 -3.552227178421126 -3.6010514289418563 -3.215444848216306 -2.7702516821778214 -2.499618336549474 -2.1801607404003964 -1.808203950143007 -1.4302097525631616 -1.1333268098806581 -0.9624419330581032 -0.6967960108700453 -0.3912507011596704 -0.22902819136498687 0.18309048238526116 0.5736844865511012 0.9897405998594725 1.4155090640778818 1.1506506298014485 0.9613910350409841 0.42511176722457866 -0.17836646905046594 0.17915304282713762 0.7191072542311249 0.7151698146730016 0.5424474660566557 0.4613362111593139
-6.008401974778496 -5.693931802069708 -5.663744765457428 -5.560058857093512 -5.1285154815231895 -4.56126168918288 -3.930221376000971 -3.3637550715722866 -2.9928482651970634 -2.7143400404524693 -2.5836170471227726 -2.624566418527256 -2.5523800266283274 -2.30537131834872 -2.480981122641023 -3.015160422693096 -3.3737299184528657 -3.4196667132976386 -3.125671226291092 -2.7143400404524693 -2.353145584987284 -1.933152032120789 -1.3630107841045225 -0.724358087776909 -0.4049004916278315 -0.0738930727749254 0.19464030508908958 0.3920372749363422 0.5579347283186077 0.7492942908434043 1.0005029346516765 1.4018592736097206 1.5013452464449712 1.0453897456142829 0.5676470792286453 0.08439199746163484 0.5931091883711764 1.0005029346516765 1.300273333010137 1.1947499528524301 0.9632285068347749 0.860855078323567
-5.904978562385121 -5.885291364594504 -5.877678981448799 -5.699706713421622 -5.238763789150644 -4.688047242954453 -4.087456462355365 -3.5202026700150557 -3.03773507615967 -2.758439363503451 -2.763164290973199 -2.853200408868954 -2.8004387187901005 -2.485968546081313 -2.5983168214731003 -2.975261035170779 -3.3296305954018837 -3.3012810305833953 -3.009385511341182 -2.6392661928775834 -2.212447744777008 -1.624719266734457 -0.9186051059776629 -0.25055286094939466 0.2161649746734976 0.5511098330845271 0.8949795544939697 1.093164012252847 1.1947499528524301 1.3207480187123788 1.4144590801957153 1.410521640637592 1.3078857161558424 0.876342340585519 0.4329866463408255 1.1614129645936524 1.6693426675915695 1.7483539547245788 1.8373400887381672 1.643880558449038 1.4183965197538386 1.3078857161558424
-6.093450669233961 -6.12862512928653 -6.062213648739515 -5.7829179360832965 -5.29362544699383 -4.732146566005435 -4.141268136316385 -3.6275635219665534 -3.145095928111168 -2.9440240146763332 -2.9655486842607415 -3.07474700800603 -3.0230353018093425 -2.694915338632394 -2.7214274316570912 -3.0768469757703625 -3.2340820621247564 -3.2046825134241015 -2.9605612608204517 -2.6080291723831377 -2.003500952225927 -1.3052616705853795 -0.5739478966565956 0.08937942090192441 0.5902217326952194 1.082401677460643 1.42705888678171 1.7824784308949813 1.8908892667286454 1.9221262872230906 1.83445263306221 1.3207480187123788 1.4183965197538386 1.2464616590491175 1.9153013919890105 2.645040190094545 2.589128548369193 2.574691269989407 2.313770275271097 2.0599366717574092 1.858864758322575 1.7307667246982943
-6.238873436913985 -6.290585143110672 -6.234935997355861 -5.824917291369946 -5.25162609170718 -4.661797645900297 -4.15885536634267 -3.658800542460999 -3.3180807726980555 -3.14037100064142 -3.205732497306268 -3.2994435587896045 -3.050334882745665 -2.806213630142015 -2.862912759778992 -3.1784329163699456 -3.3102058935818084 -3.1773829324877796 -2.9214493612097594 -2.4313693842086685 -1.7643671230625664 -0.9606044612643123 -0.2710275466516363 0.34793795188536036 0.8293555618585798 1.3430601762084113 1.9573007472756596 2.3557696305577465 2.6303404157442176 2.6781146823827813 2.4290060063388417 1.7407415715788734 2.442655796807003 3.0902333561330293 3.6244126561851018 3.6262501279788935 3.430165637984348 3.076583565664868 2.723001493345388 2.3891066188165246 2.22504663722805 2.094061147927812
-6.37274638189018 -6.4467702455829 -6.2270611182396145 -5.688156890717794 -5.132452921081313 -4.638173008551557 -4.1822175077208685 -3.804223310141023 -3.5055028956647285 -3.4233416568852206 -3.5191526861328897 -3.4947405608725246 -2.986023369962983 -2.8463755136348734 -2.963448716496409 -3.2398569734766705 -3.3091559096996424 -3.159795702461495 -2.7642142748553655 -2.2066728334250936 -1.4302097525631616 -0.5650230336581826 0.04528009785094256 0.4789234411855984 0.9973529830051776 1.7055671115263045 2.411418776312557 2.9731601532714937 3.2661056563958737 3.3490543830870068 3.323592273944475 3.1821069458225746 3.5414639294939696 3.897933457489407 3.9701198493883356 3.9086957922816103 3.691874120614283 3.3020676043600674 2.956360411156834 2.609865730041976 2.479930224623904 2.4106312884009324
-6.398995978944336 -6.303447445667208 -5.980052409960008 -5.587620934000377 -5.125628025847233 -4.627673169729894 -4.187992419072782 -3.8580349841020425 -3.6246760662905966 -3.572964360093909 -3.7603864830605827 -3.8325728749595114 -3.294456135349315 -3.105196540588851 -3.0563722900681207 -3.149033367669291 -3.155858262903372 -2.9088495546237647 -2.4421317190008724 -1.8071539662608407 -1.0543155227476488 -0.28467733711979737 0.2854639108964693 0.7553316981658601 1.437821221573914 2.189872177175481 2.905698688842313 3.4876522555329497 3.7963475168898237 3.8459592553221778 3.8635464853484627 3.914470703633525 3.92707051021952 4.000306886000614 4.059893471313549 3.963294954154255 3.7015864715243203 3.3480043992048407 3.002297206001607 2.72510146110972 2.6762772105889905 2.6106532179536006
-6.20763641641954 -6.084525806235548 -5.737768629150148 -5.345337153190517 -4.920618672854275 -4.541574491392263 -4.168567717252707 -3.861972423660166 -3.6724503329291602 -3.6509256633447524 -3.80711076581698 -3.8630224075423323 -3.5141652626926 -3.311255877463975 -3.0962716775904378 -2.979198474728902 -2.8151384931404277 -2.430319400326502 -1.9048024673023007 -1.2905618962350522 -0.6167347398548697 0.10486668316387637 0.7406319238155329 1.315760595272089 2.0121624051188456 2.709351702877227 3.34117950397076 3.8362469044121403 4.059893471313549 4.158591956237174 4.170404274911545 4.2748776711870855 4.286427493890914 4.2903649334490375 4.201641295405991 3.9514826354798847 3.6614245880314624 3.358766733997044 2.9448105884530054 2.765000848632037 2.7064642472012697 2.629290431862051
-5.922565792411406 -5.756405843058599 -5.479210098166712 -5.197814417746161 -4.8717944223335445 -4.5268747170419354 -4.167517733370541 -3.866697351129914 -3.669562877253203 -3.6501381754331277 -3.8110482053751036 -3.855147528426085 -3.548552234833544 -3.246681868710751 -2.863962743661158 -2.6051417167071804 -2.2662594187380276 -1.841540938401785 -1.286624456676929 -0.7046708899862921 -0.08071796800900588 0.6106964183974609 1.2209995499065864 1.8118779795956361 2.4124687601947232 2.926173374544555 3.4690150416244987 3.879296243580956 4.142842198004681 4.449699987567763 4.611660001391906 4.709308502433366 4.705371062875242 4.579372997015294 4.300077284359075 4.007131781234695 3.6301875675370163 3.2298812124611387 2.837187240530966 2.7083017189950604 2.6311279036558424 2.5022423821199364
-5.595233317146081 -5.495747344310831 -5.2828631122016265 -5.0571165775358855 -4.820870204048481 -4.535799580040348 -4.295615766994822 -4.004507735664233 -3.780861168762824 -3.739911797358341 -3.7876860639969046 -3.7632739387365395 -3.4585161169377896 -3.050334882745665 -2.587554486680896 -2.0092758635778414 -1.623669282852291 -1.0866025271242608 -0.5230236783715332 -0.07284308889275914 0.4936232155359256 1.0375148664980363 1.5903313804585602 2.132123063656338 2.60382832271952 3.061883791314541 3.3821288753752428 3.756185633396965 4.019994083791231 4.143892181886847 4.680171449703253 4.920355262748779 4.8899057301659585 4.675184026262963 4.320814466031858 3.8459592553221778 3.4564152350385045 3.0834084608989487 2.720114037669431 2.5158921725880976 2.4300559902210077 2.2854207104526085
