static/data/ASCData/20210123/ASCU/18.asc
ncols 97
nrows 97
xllcorner 99.0
yllcorner 2.0
cellsize 0.25
NODATA_value -32767
[rows 19 to 37 of 97, columns 42 to 83 of 97]
-1.6860363029934138 -1.6988374632867012 -1.4183972294541283 -1.4477924864238991 -1.6168152140000822 -2.439882409153669 -2.779824332497633 -2.7945219609825185 -2.4780488315095814 -1.8929883944015593 -1.6400469493471592 -1.6537963437362457 -1.8619337277641401 -1.9574683129158956 -2.030719396816373 -2.0669893509806876 -2.1205645773933344 -2.2827126077749744 -2.6098533708256513 -2.8734624494577905 -2.97516055623224 -3.090370998871826 -3.26911312592995 -3.507356942499464 -3.9193646571241567 -4.451561043391381 -5.055112045367485 -5.641120716571306 -6.107888950228395 -6.443800878665213 -6.505436094892152 -6.474144369730783 -6.463476736153043 -6.444749112761012 -6.381454486866424 -6.272881682897432 -6.074700756875428 -5.758227627402491 -5.41449276767533 -5.2895629255538035 -5.5453490728956005 -6.455653804862702
-1.6841398348018157 -1.6146816872845344 -1.297260323715798 -1.2652574229825797 -1.9605500737272425 -2.7269602816568352 -3.026839314453289 -2.9144735741011 -2.605112200346656 -2.3540672234838538 -2.1703468674227855 -2.117719875105937 -2.3588083939628492 -2.5306758238264293 -2.7037285463097582 -2.7983148973657146 -2.9545364646486103 -3.059079273710457 -3.2309467035740376 -3.2895001589896298 -3.3636994769859063 -3.441928789889329 -3.6156926879445073 -3.8304677106429947 -4.208576056342872 -4.720148351026466 -5.240728869620152 -5.773873489983175 -6.156723006162046 -6.422465611509734 -6.4760408379223815 -6.440956176377816 -6.431236776895876 -6.442852644569414 -6.40587151483325 -6.286631077286518 -6.141077143581362 -5.882446293952167 -5.5268585080275185 -5.447680961028297 -6.015199067364036 -7.047351880641316
-2.1430851371685624 -1.9292583485658734 -1.357947305846938 -1.131319356950962 -1.8472360992792545 -2.6195727703075913 -3.002422286486463 -2.9829834875225822 -2.8443042510119696 -2.683104454726129 -2.553196383601657 -2.404797747609104 -2.5747687092810856 -2.8988277115204157 -3.1176327291260493 -3.3452089121178243 -3.5161281078856055 -3.5922238940734803 -3.6235156192348494 -3.6303903164293927 -3.740622530066034 -3.8833317614837926 -4.056147425443172 -4.30031770511143 -4.620583770967564 -5.030695017400659 -5.478024452093867 -5.903781561107647 -6.199630598996954 -6.44688263947656 -6.53862428824512 -6.535542527433773 -6.525823127951832 -6.521081957472837 -6.48694553002407 -6.388092125537018 -6.25533935212515 -6.027763169133374 -5.602954294215394 -5.510264411351035 -6.159567708449444 -7.07461361089554
-2.683104454726129 -2.4107242107078477 -1.6703904404127292 -1.1178070210858253 -1.748619753316152 -2.5152670197696945 -2.920400037199844 -3.1254556604163914 -3.052204576515914 -3.1235591922247936 -3.049359874228517 -2.9263265002985883 -2.9535882305528114 -3.190883813026527 -3.3646477110817052 -3.6275456141419955 -3.8304677106429947 -3.893999395061532 -3.976021644348151 -4.0191662957070085 -4.113752646762965 -4.290598305629491 -4.5307385903906034 -4.771115933675666 -5.024057378730066 -5.324647587098369 -5.735944126151212 -6.13325421229102 -6.417487382506789 -6.545498985439663 -6.603104206759456 -6.619698303435939 -6.646011799594363 -6.646011799594363 -6.617801835244341 -6.534594293337974 -6.259369347032295 -5.977032645008125 -5.693747708888154 -5.5268585080275185 -6.041512563522461 -6.706461723201554
-3.1899355789307275 -2.913525340005301 -2.220129157452236 -1.4888036110672087 -1.6831916007060166 -2.404797747609104 -2.986776423905779 -3.192780281218125 -3.4068441283447637 -3.4789099196254925 -3.4525964234670683 -3.3608547746985087 -3.3248218790581445 -3.4272311614044435 -3.5512127694301707 -3.7377778277786367 -3.940936982803586 -4.174439628894105 -4.256461878180724 -4.385184656685447 -4.4702886667834125 -4.659698427419276 -4.946776299922442 -5.17150778062682 -5.388179271516906 -5.689954772504958 -5.891217459338309 -6.288527545478116 -6.5239266597602334 -6.624439473914935 -6.67919999294733 -6.706461723201554 -6.7192628834948405 -6.7104917181087 -6.683229987854476 -6.503539626700554 -6.227129387775127 -5.893113927529908 -5.666485978633931 -5.539659668320806 -5.729069428956669 -6.29540224267266
-3.1508209224790162 -2.8578165868771057 -2.325620200609882 -1.6997856973825003 -1.440917789229356 -2.0933028471391113 -2.7632302358211493 -3.4341058585989863 -3.6488808812974742 -3.6294420823335933 -3.577763324112545 -3.507356942499464 -3.500482245304921 -3.5737333292053988 -3.618774448755854 -3.8003612781013745 -4.0845944483171435 -4.317860035883713 -4.519122722717064 -4.671314295092814 -4.782731801349204 -4.954599231212784 -5.215363607557527 -5.439858029737954 -5.673360675828474 -5.822707545916827 -6.023970232750178 -6.182088268224672 -6.417487382506789 -6.561144848020347 -6.664502364462445 -6.701720552722558 -6.687022924237673 -6.668532359369591 -6.563041316211946 -6.383350955058023 -6.045542558429607 -5.68711007021756 -5.46427505770478 -5.416626294390878 -5.5503273018985455 -5.934125052173217
-2.3227754983224846 -2.385358948645223 -1.826612007695625 -1.35605083765534 -1.074662369726968 -1.9427706844310102 -2.5678940120865423 -3.354928311599765 -3.768121318844207 -3.7387260618744356 -3.6284938482377944 -3.554294530241518 -3.5405451358524314 -3.5825044945915403 -3.6441397108184788 -3.8608112017085654 -4.145992606020133 -4.437100473430446 -4.65566843251213 -4.8754216842135625 -4.998455058143491 -5.134289592366707 -5.35404284406814 -5.597264889640599 -5.768184085408381 -5.901885092916048 -6.007376136073694 -6.146055372584307 -6.234952319065469 -6.366756858381539 -6.434081479183273 -6.490738466407267 -6.514207260278294 -6.483863769212723 -6.358933927091197 -6.080627219974172 -5.742581764821805 -5.400032197714394 -5.121488432073419 -5.167477785719674 -5.43511685925896 -5.808009917431941
-1.7455379925048051 -2.1283875086836765 -1.886350755730966 -1.470313046199127 -1.6469216465417025 -2.0278746945289763 -2.636166866984075 -3.4713240468591 -3.873612362001852 -3.761246621649663 -3.660733807494963 -3.5395969017566324 -3.4682422860477526 -3.4575746524700133 -3.5981503571722246 -3.828571242451397 -4.1156491149545635 -4.425247547232957 -4.739824208514296 -4.984942722278355 -5.156810152141935 -5.311135251233232 -5.496515016961949 -5.67715361221167 -5.812039912339087 -5.897855098008902 -5.978929113199722 -6.025866700941776 -6.059054894294743 -6.172368868742732 -6.181140034128872 -6.224995861059579 -6.310099871157545 -6.258421112936496 -6.0054796678820965 -5.668382446825529 -5.32369935300257 -5.036621480499403 -4.9263892668627625 -5.05037087488849 -5.328677582005515 -5.696829469699501
-0.7562927720624324 -1.245581565494749 -1.1391422882413043 -1.2787697588477163 -1.409626064067987 -1.914560720080988 -3.051256342420115 -3.7828189473290923 -3.833549471454342 -3.6420061841029314 -3.568755100202454 -3.465397583760356 -3.449751721179671 -3.411585298823759 -3.5521610035259696 -3.833549471454342 -4.16946139989116 -4.50347686013638 -4.815919994702171 -5.103946101301137 -5.334604045104259 -5.446732726932498 -5.539659668320806 -5.655818345056192 -5.784778182084864 -5.846176339787854 -5.874623362661826 -5.902833327011847 -5.922272125975728 -5.962335016523239 -5.968261479621983 -6.029896695848922 -6.074700756875428 -5.962335016523239 -5.646098945574251 -5.261352961203781 -4.930182203245958 -4.683167221290303 -4.578624412228455 -4.751440076187835 -5.152780157234789 -5.57569256396117
-0.5571636119446293 -0.8648655760314252 -1.0123159779281794 -1.108798797175734 -1.5347929647134633 -2.5747687092810856 -3.444773492176726 -3.8714788352863048 -3.7925383468110327 -3.6175891561361055 -3.5346186727536875 -3.4672940519519537 -3.4525964234670683 -3.4312611563115896 -3.5806080263999416 -3.8238300719724014 -4.170409633986959 -4.555155618357429 -4.90860987756653 -5.226979475231065 -5.4429397905493015 -5.497463251057748 -5.588493724254458 -5.618600156796078 -5.662693042250734 -5.689954772504958 -5.702755932798245 -5.7271729607650705 -5.725039434049523 -5.719350029474729 -5.7641540905012345 -5.815832848722284 -5.81891460953363 -5.734995892055413 -5.452659190031242 -5.0103079843409795 -4.592373806617542 -4.364797623625767 -4.4008305192661314 -4.6665731246138185 -5.212518905270129 -5.540607902416605
-0.7954074285141438 -0.9750977896680663 -1.0445559371853477 -1.0405259422782016 -1.8228190713124286 -2.9898581847171255 -3.7114643316202125 -3.8958958632531306 -3.7953830490984295 -3.557139232528915 -3.4272311614044435 -3.3783971054707918 -3.3724706423720474 -3.3736559349917963 -3.5727850951096 -3.872664127906053 -4.320704738171111 -4.734845979511351 -5.063883210753627 -5.320854650715172 -5.448629195124096 -5.473046223090922 -5.4898773782913555 -5.480869154381264 -5.521880279024574 -5.530888502934665 -5.5278067421233175 -5.510264411351035 -5.502441480060693 -5.593234894733453 -5.629504848897767 -5.635194253472561 -5.543452604704003 -5.437013327450558 -5.185968350587756 -4.728919516412607 -4.263099516851318 -4.099055018278079 -4.475029837262408 -4.88822284450685 -5.483950915192612 -5.683080075310414
-0.8589391129326811 -1.3335302778801121 -1.7114015650560388 -2.021948231430232 -2.5747687092810856 -3.460419354757411 -3.826674774259799 -3.9888228046414387 -3.807235975295918 -3.5590357007205133 -3.3433124439262265 -3.240666103055978 -3.2954266220883737 -3.4028141334376176 -3.616640922040306 -4.011343364416666 -4.441841643909441 -4.831565857282856 -5.153728391330588 -5.33341875248451 -5.420419230774074 -5.392209266424052 -5.326781113813917 -5.3315222842929115 -5.3315222842929115 -5.33341875248451 -5.337448747391656 -5.339345215583254 -5.3775116379391665 -5.449814487743845 -5.448629195124096 -5.449814487743845 -5.325595821194168 -5.175300717010016 -4.91856633557242 -4.45274633601113 -3.9947492677401826 -4.03765686057509 -4.41268344546362 -4.997506824047692 -5.62737132218222 -5.8580292659853415
-1.9859153357898676 -2.361890154774196 -2.577613411568483 -2.8424077828203713 -3.2134043728017545 -3.715257268003409 -4.065866824925112 -4.058992127730569 -3.8764570642892497 -3.529877502274692 -3.29921955847157 -3.190883813026527 -3.2672166577383512 -3.4544928916586666 -3.7787889524219462 -4.170409633986959 -4.53382035120195 -4.922359271955616 -5.175300717010016 -5.344323444586199 -5.325595821194168 -5.260167668584033 -5.155861918046136 -5.121488432073419 -5.127414895172164 -5.1587066203335326 -5.1646330834322765 -5.231009470138211 -5.2710723606857215 -5.309001724517684 -5.329625816101314 -5.300230559131543 -5.0287985492090606 -4.858827587537079 -4.54353975068389 -4.077719751122601 -3.9049040871632217 -4.004468667222123 -4.477163363977956 -5.127414895172164 -5.632349551185165 -5.796394049758403
-3.0443816452255716 -3.0687986731923975 -3.0728286680995436 -3.142049757092875 -3.502378713496519 -3.958479313575869 -4.22991132349835 -4.222088392208008 -3.8852282296753913 -3.5386486676608335 -3.3013530851871176 -3.2183826018046995 -3.298271324375771 -3.5630656956276594 -3.9293211151300476 -4.308140636401773 -4.671314295092814 -4.910743404282077 -5.162499556716729 -5.245707098623097 -5.2056442080755865 -5.104894335396936 -4.962422162503127 -4.911691638377877 -4.936108666344703 -4.9683486256018705 -5.096123170010794 -5.1636848493364775 -5.185020116491956 -5.193791281878098 -5.1918948136865 -5.092330233627598 -4.765189470576922 -4.405808748269076 -4.090283852891938 -3.9672504789620096 -3.7972795172900273 -4.083409155697395 -4.580520880420054 -5.15088368904319 -5.364710477645879 -5.436065093354759
-3.2397178689601787 -3.2895001589896298 -3.247540800250521 -3.303249553378716 -3.7074343367130664 -4.086490916508742 -4.356974692335425 -4.212368992726067 -3.874560596097651 -3.5640139297234583 -3.3257701131539434 -3.291633685705177 -3.386220036761134 -3.6830173087462406 -4.086490916508742 -4.443975170624989 -4.7260748141252105 -4.965266864790523 -5.026902081017463 -5.087352004624653 -5.0093597502451805 -4.901972238895937 -4.768982406960117 -4.764241236481122 -4.799325898025688 -4.9448798317308436 -5.073839668759517 -5.153728391330588 -5.1781454192974135 -5.106079628016684 -5.0103079843409795 -4.801222366217286 -4.368590560008963 -3.9613240158632657 -3.726161960105098 -3.6031285861751696 -3.7994130440055756 -4.112804412667166 -4.480956300361152 -4.891067546794247 -4.901972238895937 -4.597114977096537
-3.1958620420294723 -3.3833753344737367 -3.447855252988073 -3.586534489498686 -3.9478116799981287 -4.23986778150424 -4.344173532042137 -4.176336097085703 -3.8764570642892497 -3.588430957690284 -3.4300758636918407 -3.3999694311502204 -3.53177397046629 -3.832601237358543 -4.228963089402551 -4.544487984779689 -4.812127058318975 -4.924255740147214 -4.9643186306947245 -4.859775821632878 -4.722281877742014 -4.663491363802472 -4.642156096646993 -4.693834854868042 -4.8099935316034275 -4.9683486256018705 -5.079529073334311 -5.154913683950336 -5.13049665598351 -5.059142040274631 -4.844367017576143 -4.414579913655218 -3.9271875884144993 -3.5083051765952633 -3.334541278540085 -3.422489990925448 -3.665474977973958 -3.9712804738691556 -4.258358346372322 -4.409601684652273 -4.237734254788693 -3.74465252497318
-3.277884291316091 -3.495504016301976 -3.661682041590762 -3.831653003262744 -4.184159028376046 -4.277797145336203 -4.3119335727849695 -4.141014377017188 -3.875508830193451 -3.6792243723630444 -3.557139232528915 -3.6050250543667675 -3.7318513646798923 -4.013239832608265 -4.323786498982457 -4.616790834584368 -4.784628269540802 -4.84815995395934 -4.768982406960117 -4.613709073773021 -4.508218030615375 -4.547332687067087 -4.605886142482679 -4.778938864966007 -4.905765175279132 -5.016234447439723 -5.096123170010794 -5.068861439756572 -5.000588584859039 -4.846263485767741 -4.634333165356651 -4.162586702696617 -3.7133607998118108 -3.303249553378716 -3.071880434003744 -3.1479762201916195 -3.4867328509158346 -3.9136752525493623 -4.064918590829313 -3.959427547671668 -3.6265973800461966 -3.1041203932609127
-3.2006032125084674 -3.498585777113323 -3.7944348150026306 -4.110907944475568 -4.283723608434947 -4.296287710204285 -4.242712483791638 -4.117782641670111 -3.9691469471536083 -3.831653003262744 -3.7474972272605767 -3.802257746292973 -3.9058523212590206 -4.226118387115154 -4.430225776235902 -4.608019669198227 -4.724178345933612 -4.703554254349982 -4.56392678374357 -4.420506376753962 -4.3813917203022505 -4.4702886667834125 -4.682218987194504 -4.9818609614670075 -5.106079628016684 -5.13144489007931 -5.122673724693168 -5.061038508466229 -4.887274610411051 -4.620583770967564 -4.419558142658163 -4.080564453409998 -3.790641878619434 -3.365833003701454 -3.0424851770339734 -3.079703365294087 -3.4331576245031874 -3.7740477819429508 -3.827623008355598 -3.677327904171446 -3.073776902195343 -2.636166866984075
-3.3188954159594006 -3.595305654884827 -3.7778407183261473 -4.0971585500864816 -4.263099516851318 -4.337535893371544 -4.29154653972529 -4.176336097085703 -4.06800035164066 -3.9703322397733567 -3.9193646571241567 -3.981948107446895 -4.1021367790894265 -4.309088870497572 -4.437100473430446 -4.555155618357429 -4.597114977096537 -4.487830997555696 -4.336350600751795 -4.276848911240404 -4.350099995140882 -4.585499109422999 -4.864754050635823 -5.107976096208283 -5.176248951105816 -5.15088368904319 -5.05037087488849 -4.907661643470731 -4.668469592805417 -4.389214651592593 -4.168513165795361 -3.8657894307115104 -3.7045896344256697 -3.405658835725015 -3.1918320471223263 -3.2065296756072117 -3.3636994769859063 -3.4556781842784154 -3.557139232528915 -3.6460361790100775 -2.938890602067926 -2.243597951323263
