static/data/ASCData/20210123/ASCU/21.asc
ncols 97
nrows 97
xllcorner 99.0
yllcorner 2.0
cellsize 0.25
NODATA_value -32767
[rows 57 to 75 of 97, columns 42 to 83 of 97]
-0.8954963068798887 -1.403293189748062 -1.5927367179609473 -1.2861469976578175 -1.524360593289026 -1.6454279968299903 -1.6650340540835877 -1.7530162360091062 -1.9716237743867175 -2.285075614728606 -2.502947925959208 -2.567402839180409 -2.4054077911225606 -2.1757718455398005 -1.9248143126937536 -1.8515366737084333 -1.982407105876196 -2.2392464558983223 -2.626956238088211 -2.8350255206920143 -2.8632092279940604 -2.6865096369960138 -2.4649611900303627 -2.2071415371455565 -2.3066422777075637 -2.8622289251313804 -3.0987269907528994 -2.9227626269018625 -1.9833874087388759 -1.2236526901619758 -0.8388838165601262 -0.6749281627769177 -0.19727559293615027 0.34091067867509883 0.7783708311459914 0.9276219419890017 0.9629128450454774 0.7783708311459914 0.40144438044558095 0.1512220747465438 0.3046394727559436 0.39066104895610243
-1.5273015018770657 -1.7753181261350732 -1.8348715250428755 -1.602539746587746 -1.6875810199252248 -1.7422329045196276 -1.760858658910545 -1.8682018223739911 -2.0870544364672723 -2.3007604605314844 -2.4911842916070492 -2.494125200195089 -2.353451739400527 -2.1718506340890813 -2.0566650477241963 -1.9316764327325127 -1.8652609137859515 -2.115238143769319 -2.3740380995168047 -2.599752833648845 -2.7725312131961726 -2.658325929693967 -2.626956238088211 -2.669844488330456 -2.782334241822971 -2.9014410396385752 -3.1046088079289786 -2.2831150090032466 -1.4160371269629004 -0.9668133401398493 -0.7040921729416438 -0.5234713704928777 0.012754295393011983 0.5205511782611851 0.796751509821239 0.9413461820665199 0.8349833214657538 0.6367170674887501 0.28895462695306584 0.14754593901149438 0.3720352945651846 0.6220125245485519
-2.538238829015683 -2.128962383846837 -2.1073957208678795 -1.845654856532354 -1.7959044862513505 -1.867221519511311 -1.9326567355951927 -2.0399998990586385 -2.172830936951761 -2.3828608252809236 -2.4463354356394453 -2.4277096812485275 -2.3360513635879596 -2.2461085759370816 -2.1689097255010417 -1.944420369947351 -1.87604424527543 -1.891729091078308 -2.1466078353750744 -2.3956047624957617 -2.608330483697294 -2.6495032039298483 -2.9639353471344174 -3.1190682751535066 -3.1210288808788667 -3.2207746971565436 -2.6073501808346142 -1.7929635776633108 -1.2606591232281408 -0.8663322967151625 -0.6464993797592016 -0.3497126880828705 0.20415842933125683 0.6220125245485519 0.8994382346869556 0.9442870906545595 0.8359636243284339 0.614170101647113 0.3105212899320229 0.16004480051066272 0.4004640775829009 0.6972507692592322
-3.047016014746536 -2.5821073821206073 -2.325268032098481 -2.005934374580513 -1.975544985837437 -2.096612389378401 -2.1757718455398005 -2.2314040329968834 -2.3642350708900057 -2.380900219555564 -2.417906652621729 -2.3340907578626 -2.251990393113161 -2.247088878799761 -2.2627737246026394 -2.021619220383391 -1.8223726635437072 -1.8378124336309152 -1.7275283615794295 -1.945400672810031 -2.250029787387801 -2.5644619305923695 -3.186464096962748 -3.5780950906033566 -3.4658504128265113 -2.7784130303722514 -2.1640082111876424 -1.7069420014631522 -1.2403178388275335 -0.8418247251481659 -0.5614581064217226 -0.1465449197924671 0.3301273471856203 0.7217583408262289 0.9237007305382825 0.9687946622215566 0.8428257443671932 0.6043670730203141 0.4149235448074293 0.2100402465073361 0.38281862605466355 0.6327958560380305
-3.439382235534155 -2.8985001310505356 -2.5196130746247656 -2.2235616100954445 -2.2617934217399593 -2.380900219555564 -2.4073683968479203 -2.4296702869738875 -2.4073683968479203 -2.4063880939852402 -2.3066422777075637 -2.187535479891959 -2.0694089849390345 -2.1524896525511537 -2.2235616100954445 -2.1894960856173187 -1.9463809756727108 -1.5966579294116667 -1.4170174298255804 -1.2832060890697778 -1.563572707796221 -2.461039978579643 -3.381789442351712 -3.770479527404281 -3.491338287256188 -2.7480236416291755 -2.068428682076355 -1.662093145495548 -1.1856659542331307 -0.787172840553763 -0.3624566252977086 0.12695957889521692 0.47741785230327105 0.6786250148683144 0.8759109659826385 0.8837533888840774 0.7617056824804336 0.644559490390189 0.5029057267329478 0.2441057709854615 0.3360091643616996 0.5107481496343866
-3.793026493245918 -3.2050898513536654 -2.7401812187277366 -2.4843221715682904 -2.521573680350125 -2.592890713610086 -2.5870088964340066 -2.5019676230965278 -2.4502566470901646 -2.3612941623019665 -2.204200628557517 -1.9873086201895953 -1.808648423466189 -1.9248143126937536 -2.145627532512395 -2.1934172970680383 -1.9414794613593114 -1.5020587031630592 -1.0400909791251698 -0.7452648931741985 -1.1886068628211703 -2.449276344227485 -3.426883374034986 -3.795967401833958 -3.5947602392689144 -2.913204673990734 -2.1865551770292795 -1.5956776265489867 -1.082979229367414 -0.6163550667317954 -0.13282067971494893 0.2918955355411055 0.48526027520470993 0.6504413075662683 0.6727431976922351 0.6533822161543079 0.6619598662027566 0.6805856205936744 0.40708112190599 0.09657019015214097 0.26469213110173895 0.2899349298157454
-3.9932533529482823 -3.436441326946115 -2.9472701984688596 -2.776452424646892 -2.8389467321427335 -2.7872357561363703 -2.6718050940558156 -2.56152102200433 -2.462020281442323 -2.319386214922402 -2.081172619291193 -1.807668120603509 -1.5684742221096204 -1.6836598084745051 -1.897610908254387 -1.9833874087388759 -1.7792393375857927 -1.3535428194670587 -0.8778508553516511 -0.7479607260465682 -1.4454462128432966 -2.5595604162789702 -3.409237922506749 -3.831013229174763 -3.660195455352796 -2.9989811744752224 -2.210082445733596 -1.5312227133277854 -0.9376493299751232 -0.360496019572349 0.1436247275607747 0.39262165468146204 0.5389318569364328 0.5332951154760237 0.48526027520470993 0.42766748202226745 0.4217856648461882 0.4325689963356667 0.17082813200014124 -0.060523343592308265 0.3534095401742672 0.27449515972853744
-4.095695002098329 -3.537167446086472 -3.1913656112761473 -3.011725111690061 -2.977659587211935 -2.8340452178293343 -2.71297781428837 -2.614212300873373 -2.4600596757169635 -2.234344941584923 -1.944420369947351 -1.6581719340448287 -1.403293189748062 -1.4170174298255804 -1.5527893763067424 -1.6388109525069012 -1.5704348278349802 -1.3613852423684976 -1.0672943835645363 -1.0636182478294867 -1.6192048952533038 -2.3301695464118803 -3.2793477932016657 -3.678821209743713 -3.3349799806587486 -2.6553850211059276 -1.897610908254387 -1.1886068628211703 -0.5693005293231617 -0.07914909798322611 0.3320879529109799 0.5234920868492248 0.5830454857570269 0.44433263068782525 0.39458226040682165 0.2938561412664651 0.16298570909870236 0.22057850228114484 0.4649189908041027 0.5418727655244724 0.5908879086584662 0.34091067867509883
-4.070452203384322 -3.593779936406235 -3.3565466436377056 -3.0693179048725034 -3.012705414552741 -2.8602683194060208 -2.705135391386931 -2.5585801134162907 -2.3975653682211218 -2.140726018198995 -1.816490846367628 -1.4677481029692636 -1.2089481472217776 -1.1572371712154144 -1.1788038341943716 -1.3241337335866625 -1.542986347679944 -1.4863738573601812 -1.3358973679388209 -1.2920288148338968 -1.440544698529897 -2.0936714807903614 -2.9707974671731763 -3.0019220830632625 -2.567402839180409 -1.7929635776633108 -1.0672943835645363 -0.5195501590421581 -0.003910853272545811 0.34458681441014827 0.6553428218796675 0.6952901635338722 0.614170101647113 0.47741785230327105 0.3730155974278646 0.2176375936931052 -0.011753276173984695 0.06152436281133555 0.8016530241346382 0.9989389752489624 0.8114560527614372 0.5332951154760237
-4.097655607823688 -3.619267810835911 -3.299934153317943 -3.062455784833744 -3.0058432945139817 -2.887716799561057 -2.776452424646892 -2.608330483697294 -2.3818805224182436 -2.1162184466319984 -1.7628192646359049 -1.389568949670544 -1.1212110410119291 -1.098664075170292 -1.122191343874609 -1.350601910879019 -1.6045003523131056 -1.655231025456789 -1.4589253772051447 -1.1582174740780944 -1.2393375359648537 -1.9385385527712717 -2.476479748666851 -2.229443427271524 -1.5059799146137787 -0.7315406530966804 -0.15830855414462564 0.3124818956573825 0.5585379141900302 0.8222393842509157 0.8477272586805924 0.7538632595789947 0.6835265291817141 0.3563504487623068 0.1943554007044579 0.09460958442678136 -0.010772973311305112 0.554616702739311 1.2744040796620064 1.4658082136002513 1.1893628063245276 0.8857139946094374
-4.019476454524969 -3.545009868987911 -3.3339996777960685 -3.2499387073212698 -3.1612212982487415 -3.0614754819710646 -2.9443292898808195 -2.736260007277017 -2.507849440272607 -2.2169445657723554 -1.8583987937471924 -1.4540238628917455 -1.2412981416902134 -1.3770700881713756 -1.5439666505426235 -1.7373313902062284 -1.8652609137859515 -1.9042279525774763 -1.563572707796221 -1.2763439690310188 -1.1739023198809722 -1.602539746587746 -1.7069420014631522 -0.9834784888054073 -0.2774153519602298 0.2918955355411055 0.848707561543272 0.9871753408968038 1.1893628063245276 1.1903431091872072 1.1045666087027186 0.8994382346869556 0.5097678467717066 0.0995110987401806 0.05662284849793631 0.0009906610408534355 0.7783708311459914 1.4344385219944953 1.965762673566985 2.044922129728385 1.7089233235448589 1.3241544499430096
-3.8594420121924795 -3.5479507775759505 -3.383750048077072 -3.4161000425455077 -3.3281178606199893 -3.2354792400967414 -3.102648202203619 -2.8985001310505356 -2.6943520598974526 -2.4034471853972006 -2.051763533410797 -1.678758294161106 -1.611362472351865 -1.8868275767649085 -2.0654877734883152 -2.1299426867095166 -2.2529706959758404 -2.0488226248227575 -1.707922304325832 -1.366286756681897 -1.19154777140921 -1.0253864361849718 -0.5401365191584355 0.2274406223199037 0.8710094516692393 1.4305173105437756 1.5528100926630897 1.6873566605659018 1.7050021120941397 1.6503502274997368 1.4628673050122116 0.8408651386418331 0.3975231689948613 0.2781712954635873 0.2460663767108211 1.001879883837002 1.7831812653928596 2.333866398503277 2.725497392143886 2.6407011945220766 2.215739903550353 1.7763191453541003
-3.8984090509840046 -3.636668186648479 -3.539128051811832 -3.538147748949152 -3.439382235534155 -3.332039072070709 -3.195286822726867 -3.0761800249112623 -2.8720319537581793 -2.6200941180494524 -2.2676752389160386 -2.0527438362734767 -2.050783230548117 -2.294878643355405 -2.426729378385848 -2.455158161403564 -2.3505108308124876 -2.1475881382377544 -1.7412526016569476 -1.3954507668466232 -0.9668133401398493 -0.4374497942927189 0.34262620868478866 1.1435336474942437 1.748870665199064 2.0321781925135465 2.1542258989171907 2.2500505037441485 2.2490702008814685 2.1718713504454286 1.868222538730338 0.8553246058663615 0.8602261201797607 0.9687946622215566 1.619225611609651 2.375039118735832 2.7303989064572853 3.2215306406599007 3.30461130827202 3.1230102029605735 2.6571212674719646 2.1083967400869064
-3.8837045080438064 -3.862382920780519 -3.8368950463508424 -3.7070049170457597 -3.5048174516180364 -3.377868230900993 -3.262682644536108 -3.1465167553085434 -2.9698171643104967 -2.721800540052489 -2.5352979204276433 -2.387762339594323 -2.3544320422632072 -2.494125200195089 -2.645581992479129 -2.6894505455840534 -2.5497573876521717 -2.17871275412784 -1.7539965388717862 -1.321437900714293 -0.8290807879333275 -0.10659757813826243 0.8016530241346382 1.5682498627502977 2.0721255341677516 2.352492152894195 2.588745142800044 2.702215199155239 2.7958341225411667 2.7500049637108823 2.429691003330235 1.5028146466664163 2.040020615414986 2.626976954444559 3.2188348077875313 3.3955343987855775 3.618063148613909 3.713887753440866 3.7011438162260273 3.4325408318517425 2.937487886198408 2.3691573015597527
-4.022417363113008 -4.08589197347153 -3.964824569930566 -3.7442564258275945 -3.529325023185033 -3.39943489387995 -3.272485673162907 -3.0859830535380612 -2.914184976853414 -2.773511516058852 -2.6171532094614127 -2.592890713610086 -2.6007331365115247 -2.743122127315776 -2.9220273997548527 -2.9717777700358563 -2.7637084874320537 -2.362274465164646 -1.8858472739022287 -1.4510829543037058 -0.8575095709510439 -0.04287789206407089 0.9151230804898334 1.6395668960102583 2.141481961702352 2.546837195420479 2.840682978508771 3.0975223285308973 3.2225109435225807 3.2908870681945013 3.2967688853705805 3.1845242075937357 3.462930220594819 3.733248734978793 3.828093036943071 3.9052918873791107 3.91117370455519 3.91313431028055 3.859462728548827 3.559490052568786 3.030126506721656 2.492185310826076
-4.2471517943823685 -4.1309859051548035 -3.847678377840321 -3.772440133129641 -3.659215152490116 -3.490357984393508 -3.277387187476306 -3.0362326832570576 -2.850710366494892 -2.7568463673932944 -2.7539054588052547 -2.8252224920652154 -2.9600141356836978 -3.157300086798022 -3.2518993130466294 -3.1903853084134672 -2.9609944385463773 -2.544855873338772 -2.0341180818825593 -1.5059799146137787 -0.8798114610770109 -0.058562737866948655 0.8896352060601567 1.6229017473447005 2.2314247493532307 2.7147140606544076 3.1220299000978935 3.4560681005560596 3.6687938217575917 3.7430517636055924 3.83593545984451 4.006753233666478 4.125860031482082 4.200117973330082 4.2099210019568805 4.126840334344762 4.025378988057395 3.948180137621355 3.83691576270719 3.559490052568786 3.07325983267957 2.5644826469487167
-4.310626404740891 -4.173874155397049 -3.879048069446077 -3.730532185750077 -3.6484318210006372 -3.5126598745194753 -3.221755000019223 -2.9472701984688596 -2.8085573433996576 -2.820320977751816 -2.948250501331539 -3.0411341975704573 -3.2744462788882664 -3.5499113833013105 -3.514620480244835 -3.2509190101839494 -2.9210470968921727 -2.5049085316845674 -2.0262756589811204 -1.4677481029692636 -0.748941028909248 0.10637321877893946 1.0420723012068769 1.8152861841456254 2.450277363446512 2.978415530715292 3.410238941725776 3.7119271477155067 3.9062721902417907 4.116302078570953 4.305745606783838 4.44617399186273 4.562584956805964 4.67188872599477 4.664046303093331 4.460878534802928 4.214822516270281 4.005772930803798 3.7489335807816717 3.440383254753182 2.91788182894481 2.470618647847119
-4.256954823009167 -4.0917737906476095 -3.907231776748123 -3.794987098971278 -3.78028255603108 -3.634707580923119 -3.3359602835214286 -3.063436087696424 -2.9276641412152618 -3.0009417802005824 -3.201168639902946 -3.3359602835214286 -3.5008962401673167 -3.6327469751977595 -3.4491852641609535 -3.1200485780161866 -2.7031747856615715 -2.248069181662441 -1.701305260002743 -1.129053463913368 -0.38966002973707514 0.4413917220997856 1.313371118453531 2.023355466749428 2.6220754401311597 3.1171283857844942 3.519542710914582 3.8231915226296715 4.104538444218795 4.472642169155086 4.732422427765252 4.8895159615097015 5.062539416772699 5.094644335525465 5.0292091194415836 4.807660672475932 4.397403924444406 4.0400835309975935 3.6523737488077037 3.3408825141911747 2.8495057042728895 2.377980027323871
-4.202057862699094 -4.043003723229285 -3.8935075366706053 -3.7596961959148025 -3.679801512606393 -3.5878981192301556 -3.4707519271399105 -3.1825428855120284 -2.9999614773379024 -3.0751997220485827 -3.4121788310947885 -3.536187143223792 -3.491338287256188 -3.4540867784743527 -3.2597417359480683 -2.777432727509572 -2.3399725750386793 -1.8341362978958655 -1.2871273005204973 -0.687427024276086 0.08970807011338167 0.9004185375496352 1.6689759818906547 2.293919056849073 2.7558867808869616 3.1845242075937357 3.4541074948307005 3.75873660940847 4.084932386965197 4.272415309452723 4.908141715900619 5.146355311531828 5.259825367887023 5.316437858206785 5.246101127809505 4.967695114808421 4.535136476650928 4.019497170881316 3.619043451476588 3.1639378474774578 2.7333398150453245 2.2480898980187884
