static/data/ASCData/20210102/ASCV/00.asc
ncols 97
nrows 97
xllcorner 99.0
yllcorner 2.0
cellsize 0.25
NODATA_value -32767
[rows 38 to 56 of 97, columns 0 to 42 of 97]
0.9838591014431355 1.2973044743850117 1.7701850418329013 1.7261821337083685 1.3892283577958509 1.0356981438912154 -0.010124398520622968 -0.7904225432768905 -1.4974829710861628 -1.7280461540674468 -1.2250266084520698 -1.2786739895901986 -1.8030922097044924 -1.5882012953703017 -1.6448625743251797 -2.1195514804631177 -2.21418787190903 -2.309125653136618 -2.352827171479476 -2.619557128261746 -2.9944860166652982 -3.220226963139784 -3.391114969349442 -3.4486804176493444 -3.522822303941365 -3.7485632504158515 -3.757303554084423 -3.525836201758114 -2.9682651056595835 -2.6457780392674604 -2.7395102613683484 -2.4730816943677536 -1.602969394672371 -0.6273706713907803 -1.0044092882660571 -2.3950217409139594 -4.4779265220690645 -6.542446526542001 -7.7660890401420195 -8.70642515896765 -9.04910534073199 -9.151879256283124 -9.034638631211596
0.734006972434659 1.8609033661170402 2.0688623154727086 1.8862201077777305 1.6695208547534905 1.4594521769260984 0.55437866255643 -0.6330970772426028 -1.3392533357068497 -1.3938048861900034 -1.19970986679138 -1.5209913740568033 -2.1936933667551384 -2.2494504763649914 -2.4212426519196737 -2.7084671138558356 -2.4543955279039107 -2.600870961797903 -2.562895849306868 -2.7708547986625365 -3.038488924789831 -3.5071500352942713 -3.72686318613526 -3.848021878368562 -3.914327630337036 -4.0834072978566445 -3.9800306027421604 -3.5140820002727935 -2.932098331858598 -2.67230034005485 -2.26602691435711 -1.9926663823779927 -1.382352074486358 -0.6029580990751144 -0.42031589138013636 -1.1587208564835958 -2.713289350362634 -6.266976266091159 -8.06687604225355 -8.680204247961935 -9.08436794518795 -9.155797323444897 -9.032528902739871
0.1869845186947492 1.1665013091381136 2.1421000324197044 1.9877884642021648 1.1734332741166362 0.9458839889521 0.6420830890238198 -0.22200141503806492 -0.8335212820563989 -1.0227940649482248 -0.8754144617092079 -1.7756657395720779 -2.55807361280007 -3.1487975848828373 -3.315767523930722 -3.070737631429043 -2.891109321550814 -2.9399344661821445 -2.893821829585888 -3.0188985889809636 -3.09213630592796 -3.5532626718905282 -3.960440266933293 -4.085215636546694 -4.166289487817237 -4.253391134721277 -3.7678521964430436 -3.058983429943723 -2.5237151776891333 -2.3510188327894266 -1.989652484561244 -1.7651170972134573 -1.1626389236453694 -0.8069989812690093 -0.6147123005604351 -0.5893955588997448 -0.8793325288709806 -4.286544010705515 -8.24831269082183 -8.975867623784993 -8.775744808752872 -8.838433883341247 -8.924329971118588
-0.22200141503806492 0.5875315385406665 1.675247260605313 1.6948375964141809 0.8822907450187003 0.41664353233100915 0.1176648689095261 0.026042375280362684 -0.4799910681517634 -0.936897977170883 -1.0276163014550228 -1.9809121808926724 -2.766936731500763 -3.3588662627102295 -3.4438581811425464 -3.2015407966759417 -3.1714018185084534 -3.1732101571985027 -3.137947552742542 -3.2054588638377153 -3.2699562771161395 -3.595155851543337 -4.001429277241076 -4.231992460222361 -4.315778819527978 -4.189797890787878 -3.65091296115319 -2.851024480588055 -2.1469779505955318 -1.7190044606172004 -1.153597230195123 -0.9378021465159083 -1.4338897271527626 -1.0912095453884225 -0.7464196351523587 -0.6547971415231943 0.2475638648114007 -1.7630073687417331 -6.502361685579242 -8.870381200198786 -8.680204247961935 -8.65277777782952 -8.735659967790113
-0.4534687673643738 0.0971703637556347 0.4516047470052946 0.45070057766027016 0.11495236087445271 -0.3528045802849631 -0.470949374701517 -0.5336384492898922 -0.5737232902526515 -0.9878328502739384 -1.3422672335235988 -2.1985156032619364 -2.860668953601651 -3.1273989103839206 -3.2123908288162375 -3.2503659413072725 -3.249461771962248 -3.298286916593579 -3.3061230509171255 -3.3344536903945645 -3.38418300437092 -3.6566393670050124 -3.777798059238315 -4.009265411564623 -4.165385318472213 -4.040308559077136 -3.627404558182549 -2.7904451344714034 -1.844081220012276 -0.6653457838818149 -0.08818435197441765 -0.6575096495582686 -1.1548027893218227 -1.6909752109214362 -1.3169504918629085 -0.8169448440642801 0.25449582978992247 -0.4817994068418123 -3.5659210427208734 -6.232919220761898 -8.715165462636222 -8.686834823158783 -8.798349042378488
-0.7415973986455606 -1.1635430929903943 -0.8500977200485176 -1.27566009177345 -1.2669197881048784 -1.3284033035665543 -1.4917565652343399 -1.5288275083803504 -1.2162863047834982 -0.9212257085237896 -1.2464252829509865 -2.1304015126034135 -2.6487919370842095 -2.903767692381159 -3.1292072490739704 -3.2015407966759417 -3.3410842655914115 -3.4182400497001817 -3.4535026541561424 -3.40949974603161 -3.387196902187669 -3.450488756339394 -3.5638113142491488 -3.614746187352204 -3.7250548474452105 -3.729877083952009 -3.4299942511855015 -2.1792266572347443 -1.3091143575393618 -0.0755259811440725 -0.4390020578439797 -1.0912095453884225 -1.6165319348477407 -2.3109339918266674 -2.5598819514901194 -1.8784396551232128 -0.8353296207464487 -0.31965170430072654 -1.3950104453167032 -2.6997268101872645 -6.163599570976675 -8.979785690946766 -9.231747548426966
-1.0842775804098999 -1.5541442500410403 -2.0258192583622296 -1.8968244318053804 -2.0532457284946437 -2.321784023966963 -2.562895849306868 -2.6379419049439137 -2.0698221664867624 -1.120444354210886 -0.865769988695611 -1.6264777976430116 -2.260300508505287 -2.710275452545885 -3.017994419635939 -3.2922591209600807 -3.4739971593100343 -3.589128055909839 -3.5297542689198877 -3.4477762483043195 -3.3832788350258953 -3.392019138694467 -3.3549481955484564 -3.348016230569934 -3.322699488909244 -3.362784329872003 -2.906781590197908 -1.1985043076646802 -0.935089638480834 -1.1936820711578822 -1.5493220135342423 -1.5815707201734543 -1.6819335174711898 -2.121359819153167 -2.8862870850440157 -3.2699562771161395 -2.2904394866727755 -1.410682713963797 -0.3588323759184613 -1.6858515846329634 -6.207301089319533 -9.440912056909335 -9.612704232464019
-0.8567282952453645 -1.3618575693324662 -2.3588549671129733 -2.9944860166652982 -3.2407214682936765 -3.444762350487571 -3.7241506781001856 -3.6879839042992 -2.7961715403232263 -0.978791156823692 -0.38023105041737715 -1.3461853006853723 -2.1195514804631177 -2.5776639486089374 -2.9857457129967266 -3.4028691708347623 -3.7211367802834374 -4.037596051042063 -3.9966070407342786 -3.8802705850077746 -3.5873197172197897 -3.015884691164215 -2.915521893866479 -3.1439753483760393 -3.1020821687232307 -2.6361335662538643 -2.1174417519913935 -0.6870458481624064 -0.042373105159835056 -0.22200141503806492 -0.9682425144650706 -1.0689067015444813 -0.7473238044973831 -0.6761958160221111 -1.1674611601521674 -2.2826033523492284 -2.6047890289596767 -3.0288444517762345 -1.9778982830759233 -2.334442394797308 -6.870659998785947 -10.334231369793685 -10.291434020795851
-0.07462181179904803 -1.3579395021706926 -3.1536198213896354 -3.7913605994136845 -3.909505393830238 -3.9526041326097463 -3.9535083019547708 -3.4700790921482607 -2.440832987728541 -1.6927835496114856 -2.093029179675728 -2.800089607485 -2.6536141735910075 -2.5472235806597743 -2.9330025012036223 -3.6536254691882637 -4.188893721442853 -4.585221284345322 -4.669309033432614 -4.554178136832809 -3.8519399455303356 -2.9173302325565285 -3.0580792605986984 -3.6322267946893474 -3.312753626113973 -2.004420583863313 -1.6020652253273466 -1.6165319348477407 -0.7307473665052644 -0.36968240805875663 -0.90766316834842 -1.1361166228579798 -1.2259307777970947 -1.2834962260969967 -1.0218898956031994 -1.2015182054814293 -2.06289020150824 -3.5598932470873756 -3.6518171304982143 -3.9348221354909283 -7.518045249823592 -10.866485724231524 -11.321584294560594
1.3072503371802835 -1.1722833966589654 -3.4739971593100343 -4.190702060132902 -4.212402124413494 -4.080393400039895 -3.335357859739589 -2.3540327306061752 -1.4622203666302016 -1.062878905910984 -2.3275104298187856 -3.2847243764182092 -3.1566337192063845 -3.1008766095965314 -3.5903336150365384 -4.269063403368372 -4.599989383647391 -4.674131269939412 -4.599989383647391 -4.342301120315367 -3.530658438264912 -2.9399344661821445 -3.3362620290846134 -3.7796063979283643 -3.1723059878534783 -2.0209970218554316 -1.966144081590603 -2.105988940287748 -1.6713848751125693 -1.2690295165766026 -1.4194230176323681 -1.4115868833088214 -1.5083330032264581 -1.6701793159858696 -1.5764470938849815 -1.7660212665584818 -2.352827171479476 -2.832338314124212 -3.9182456974988096 -3.807937037405803 -5.087336660615675 -8.531619085596219 -11.504226502255573
0.6381650218620463 -1.3344310992000517 -3.273874344277913 -3.9818389414322093 -3.9800306027421604 -3.594251682198312 -2.829625806089138 -1.9438412377466618 -0.9311715713190605 -0.6547971415231943 -1.4311772191176888 -2.3694036094715942 -2.908589928887957 -3.048133397803427 -3.9800306027421604 -4.669309033432614 -4.602099112119115 -4.455623678225123 -4.111737937334084 -3.579483582896243 -2.781704830802832 -2.5110568068587886 -2.83716055063101 -3.015884691164215 -2.4194343132296248 -2.0725346745218363 -2.108701448322822 -2.014969226221934 -1.8579451499693205 -1.5414858792106951 -1.2768656509001493 -1.2464252829509865 -0.8811408675610304 -0.8139309462475319 -1.2690295165766026 -1.8910980259535575 -3.248557602617223 -3.0891224081112107 -3.8636941470156563 -3.1156447088986003 -4.132232442487975 -8.225105677632865 -11.76101059624257
-0.6303845692075294 -1.56770679021641 -2.8666967492351487 -3.528850099574863 -3.8636941470156563 -3.4926833257738767 -2.911603826704706 -2.0083386510250865 -1.1291846578794575 -0.9809008852954157 -1.4272591519559152 -1.6204500020095143 -2.0083386510250865 -2.286521419511002 -3.2172130653230355 -4.209388226596745 -4.291366247212313 -4.17141311410571 -3.85284411487536 -3.3013008144103275 -2.7630186643389893 -2.514974874020562 -2.467053898734256 -2.6313113297470663 -2.367595270781545 -2.0969472468375017 -2.0589721343464666 -1.961321845083805 -1.8715076901446905 -1.6976057861182836 -1.3862701416481316 -1.1177318461758121 -0.7494335329691069 -0.4311659235204326 -0.8772228003992568 -1.3187588305529578 -2.586404252277509 -2.738606092023324 -3.44657068917762 -2.9311941625135733 -3.896847022999893 -7.999364731158378 -12.1986285592345
-1.3296088626932536 -1.751253167256413 -2.710275452545885 -3.4535026541561424 -3.828431542559695 -4.833265074663749 -4.255199473411327 -2.929084434041849 -1.8745215879614392 -1.877234095996513 -2.247340747893267 -2.0912208409856787 -1.5550484193860648 -1.8314228491819313 -2.522811008344109 -3.5092597637659955 -3.855858012692109 -3.7533854869226495 -3.550248774073779 -3.3763468700473727 -2.997499914482047 -2.8645870207634245 -2.8139535374420444 -2.522811008344109 -2.258190780033563 -2.136127918455236 -2.0131608875318845 -1.9643357429005537 -1.8880841281368088 -1.7651170972134573 -1.4233410847941417 -1.1517888915050736 -0.7464196351523587 -0.4299603643937333 -0.6692638510435884 -0.9827092239854656 -1.810928344028039 -2.0237095298905055 -2.55807361280007 -2.5110568068587886 -3.4935874951189017 -8.365553315893358 -12.5813935819616
-1.4926607345793643 -2.0354637313758257 -2.321784023966963 -3.2835188172915095 -5.523749064480903 -6.529788155711657 -5.959257299001106 -4.526751666700395 -2.8335438732509117 -2.759100597177216 -3.068627902957319 -2.675314237871599 -2.0110511590601603 -2.0393817985375993 -2.730769957699777 -3.063805666450521 -3.3977455445462894 -3.2669423792993912 -3.032762518938008 -3.614746187352204 -3.8881067193313212 -3.6771338721589046 -2.821789671765591 -2.530647142667656 -2.2729588793356323 -2.191885028065089 -1.988748315216219 -1.9818163502376969 -1.9857344173994704 -2.0237095298905055 -1.6858515846329634 -1.242507215789213 -0.8374393492181724 -0.3959033190644714 -0.611698402743686 -1.16143336451867 -2.0005025167015393 -1.9037563967839026 -1.6831390765978895 -1.7093599876036043 -2.766032562155738 -7.644026178563692 -12.848123538743868
-1.5541442500410403 -1.9251550712828194 -2.237696274879671 -3.417335880355157 -5.824536066592434 -7.491522949036202 -6.942692156606244 -5.536407435311247 -3.7729758227315164 -3.2943688494318053 -3.345002332753185 -3.0824918329143633 -2.6840545415401706 -2.677122576561648 -2.6273932625852927 -2.713289350362634 -2.941742804872194 -2.936920568365396 -2.4426413264185904 -4.027650188246792 -4.5960713164856175 -3.623486491020776 -2.7708547986625365 -2.5424013441529763 -2.298275620996322 -2.131305681948438 -1.9290731384445925 -2.184953063086567 -2.4760955921845023 -2.578568117953962 -2.382363370083614 -1.8579451499693205 -1.109895711852265 -0.6195345370672332 -0.4359881600272306 -1.058056669404186 -2.2503546457100163 -2.1174417519913935 -1.6635487407890222 -1.0131495919346278 -1.9748843852591746 -7.311894639157973 -12.755295485988006
-1.429971659990989 -1.806106107521241 -2.347100765627653 -3.444762350487571 -6.3411181523831806 -8.221187610471091 -7.91919504923286 -6.523760360078159 -4.941765396066707 -4.198538194456449 -4.131328273142951 -3.6614616035118104 -3.439940113980773 -3.3314397925778154 -3.1792379528320005 -2.579472287298987 -2.5267290755058824 -2.5062345703519906 -1.7524587263831122 -2.763922833684014 -3.673215804997131 -3.0170902502909143 -2.6701906115831258 -2.459519154192384 -2.3950217409139594 -2.232874038372873 -2.0921250103307036 -2.5930348274743564 -3.0297486211212594 -3.0520514649652006 -2.967059546532884 -2.804007674646773 -2.0071330918983867 -1.087291478226649 -0.6496735152347215 -0.7192945548016185 -1.9818163502376969 -1.844081220012276 -1.4748787374605463 -0.9281576735023114 -1.7319642212292203 -7.202490148409991 -13.349937525232546
-1.087291478226649 -1.6439584049801548 -2.210269804747257 -3.532768166736636 -6.848055765160331 -8.933974444132184 -8.63921523765415 -8.212447306802519 -7.787487714640936 -7.214244349895312 -7.001463164032845 -6.017124137082683 -4.667500694742564 -3.9055873266684644 -3.451694315466093 -2.7298657883547524 -1.7982699731976943 -1.4965788017411379 -1.4800023637490196 -1.336239437890101 -1.6225597304812385 -1.8733160288347395 -2.171390522911197 -2.4543955279039107 -2.570731983630415 -2.5062345703519906 -2.3335382254522834 -2.881163458755543 -3.231981164625105 -3.108712743920078 -2.997499914482047 -3.2425298069837254 -3.1536198213896354 -2.4320926840599695 -1.8052019381762165 -1.6771112809643918 -2.4399288183835166 -1.5315400164154243 -0.7611877344544276 0.10500649807918183 -0.6801138831838847 -6.817916786992843 -13.589241011882402
-0.5737232902526515 -1.7611990300516838 -2.2337782077178976 -3.5620029755591 -7.185009541072848 -9.503299741716035 -9.120534718988935 -8.633187442020652 -8.456573029959173 -7.92914091202813 -7.541553652794233 -7.52467582502044 -6.568667437547716 -4.955327936242076 -3.3823746656808704 -2.3784453029218406 -1.6596306736272486 -1.5794609917017302 -1.242507215789213 -1.1195401848658615 -1.2642072800698045 -1.3784340073245844 -1.9965844495397662 -2.6810406437234215 -2.9299886033868736 -3.033666688283033 -2.997499914482047 -3.1165488782436253 -2.8383661097577098 -2.7141935197076585 -2.350114663444402 -2.448669122052088 -2.9935818473202738 -3.4661610249864876 -4.004443175057825 -3.7630299599362456 -3.2054588638377153 -1.8148464111898126 -1.4778926352772954 -0.8684824967306852 -1.3675839751842886 -7.050288308664176 -13.629325852845161
-0.6225484348839823 -1.5170733068950297 -2.136127918455236 -4.015895986761471 -7.569582902489997 -9.689860016572787 -9.38997718380628 -8.947536984307554 -8.389061718864 -8.164526331516212 -7.721181962672462 -8.035531504959364 -7.633176146423397 -6.676263589605648 -4.955327936242076 -2.91431633473978 -1.8910980259535575 -2.730769957699777 -2.1430598834337586 -1.8597534886593698 -2.0716305051768114 -2.1457723914688325 -2.732879686171501 -3.302204983755352 -3.3362620290846134 -3.3811691065541707 -3.3139591852406722 -3.248557602617223 -2.8031035053017486 -2.7494561241636197 -2.3130437202983916 -1.694591888301535 -1.8968244318053804 -2.8920134908958386 -3.9691805706018646 -3.8401857440450153 -3.005336048805594 -2.3772397437951414 -2.9682651056595835 -2.313947889643416 -2.553251376293272 -7.936072877006653 -13.892137742465657
