static/data/ASCData/20210102/ASCV/03.asc
ncols 97
nrows 97
xllcorner 99.0
yllcorner 2.0
cellsize 0.25
NODATA_value -32767
[rows 57 to 75 of 97, columns 43 to 85 of 97]
-14.32235489146563 -13.078294691714166 -12.940681741702342 -12.436861818080846 -12.443709855877643 -12.510885845693842 -12.505994390124702 -12.331206377787405 -12.077502882267972 -11.844995694214816 -11.535529605207177 -11.532594731865693 -11.327479694999726 -11.202258432429723 -10.942685190227321 -10.705286546605024 -10.416364570987778 -10.107550676056025 -9.57731689236117 -9.091106208788581 -8.895774083060893 -8.560872425093724 -8.450325529231144 -8.254015112389627 -8.022812312488243 -7.848024300150946 -7.667366541130683 -7.736499113174538 -7.639974389943495 -7.734542530946882 -7.529427494080913 -7.54214527856068 -7.36931384845104 -7.350726317288306 -7.328225621670258 -7.207243620593511 -6.858645887032747 -6.525700811293234 -5.988618989801581 -5.5920849916632385 -4.93662994539838 -4.912498764590619 -4.621294109707773
-14.191589979250598 -13.271670235214199 -12.922094210539605 -12.459362513698892 -12.343924162267172 -12.42903548917022 -12.38696897127561 -12.21413754116597 -12.04130611105633 -11.798037720751065 -11.567487114925564 -11.524768402955068 -11.305957290495506 -11.060732317962584 -10.782571544597447 -10.421256026556918 -10.121246751649618 -9.455356600170592 -8.87131680521519 -8.342061312634161 -8.190752287028742 -7.9103088343980055 -7.8206321489637585 -7.678779937458677 -7.703237215304381 -7.534318949650054 -7.447577137557293 -7.503013634007553 -7.447577137557293 -7.450512010898777 -7.239527227349839 -7.02952073491473 -6.915386771634779 -6.803861584658371 -6.774512851243527 -6.652552559052951 -6.352869381183595 -5.989597280915409 -5.57545404272816 -5.007066905594006 -5.226856309167397 -5.385013372569614 -6.306889698833672
-14.106804749385493 -13.361673017686385 -12.702304806966215 -12.338054415584203 -12.136852543173546 -12.145657163197999 -12.10261235418956 -12.006087630958518 -11.836191074190364 -11.71227419977213 -11.519876947385928 -11.352915263959257 -11.094972506946569 -10.82626854768177 -10.445387207364679 -10.077223651527353 -9.389811095544108 -8.72000777960977 -8.077270517824676 -7.615517112097791 -7.579320340886149 -7.438772517532838 -7.350726317288306 -7.340943406150023 -7.365400683995727 -7.391814544069088 -7.310616381621351 -7.231700898439215 -7.1876777983169475 -7.035390481597699 -6.864515633715715 -6.6212472434104495 -6.539396886886828 -6.428849991024247 -6.386131279053751 -6.266779763166718 -6.019598208406139 -5.67393534818686 -5.295010590097425 -4.38193888385782 -5.23566092919185 -6.510048153471984 -7.428011315280729
-13.891906801381243 -13.141883614112995 -12.422187451373421 -12.133917669832062 -11.887062212109427 -11.887062212109427 -11.806842340775518 -11.710317617544474 -11.631076037324394 -11.547921292649 -11.29421779712957 -10.978881961438962 -10.669089775393381 -10.342014446336838 -9.939610701515527 -9.266872512239704 -8.579459956256459 -7.927918074446913 -7.280615454130621 -7.065717506126372 -7.079413581719965 -7.057891177215746 -6.996258837044573 -7.004085165955198 -6.990389090361605 -7.016802950434965 -6.9551706102637905 -6.824405698048762 -6.805818166886027 -6.551136380252766 -6.413197333202997 -6.276562674305 -6.183951115529268 -6.152645799886767 -6.108622699764501 -5.96807487641119 -5.697414334918736 -5.467842020207064 -4.931738489829239 -3.8497485179353075 -5.839918740499702 -7.1866995072031195 -7.859763793516885
-13.579179741994178 -12.670021200209888 -12.242507983466986 -11.971847441974532 -11.785319936271298 -11.808798923003174 -11.720100528682757 -11.62324970841377 -11.529659858524209 -11.192475521291442 -10.855617281096617 -10.332231535198556 -9.962111397133574 -9.631122903621717 -9.20034871649939 -8.45717356702794 -7.716933290897975 -7.076478708378481 -6.754294834891078 -6.654509141280607 -6.682879583581624 -6.780382597926495 -6.68972762137842 -6.695597368061389 -6.648639394597637 -6.552114671366594 -6.482656002284796 -6.324498938882578 -6.337216723362344 -6.053838397390124 -5.917203738492127 -5.837962158272046 -5.835027284930562 -5.833396799740848 -5.826548761944052 -5.656326108137954 -5.279684029314117 -5.219029980256772 -4.5061818553139945 -3.704309239012856 -6.108622699764501 -7.444642264215807 -8.000311616870196
-12.890788894897106 -12.232725072328705 -12.106525518644874 -11.827386454165909 -11.842060820873332 -11.738361962807549 -11.61248850616166 -11.557704203787283 -11.285413177105115 -10.783549835711275 -10.124181624991104 -9.472965840219501 -9.050996273121626 -8.63489645270672 -8.19173057814257 -7.499100469552241 -6.820492533593449 -6.494395495650734 -6.254061978686952 -6.299063369923046 -6.385152987939923 -6.534505431317688 -6.418088788772138 -6.390696637584949 -6.247213940890155 -6.123297066471922 -6.049925232934812 -5.934812978541033 -5.787417117390925 -5.6361080917855055 -5.523604613695269 -5.42903647269188 -5.540235562630347 -5.576432333841988 -5.598933029460036 -5.5363223981750345 -5.263053080379038 -4.425961983980087 -3.776702781436139 -3.8370307334555416 -6.283410712101796 -7.478882453199793 -7.644865845512635
-12.366424857885217 -11.997283010934064 -11.965977695291564 -11.862604934263722 -11.909562907727473 -11.718143946455099 -11.554769330445797 -11.332371150568866 -10.877139685600834 -10.190705420731419 -9.449486853487624 -8.61435233931633 -7.959223390089413 -7.440729099760494 -7.060826050557231 -6.587007054426465 -6.24427906754867 -6.049925232934812 -5.869267473914547 -5.933834687427205 -5.957313674159081 -6.054816688503952 -6.008184812078144 -5.911333991809157 -5.783503952935613 -5.613607396167458 -5.460341788334381 -5.340011981333519 -5.22489972693974 -5.169137133451536 -5.097069688066195 -5.221964853598256 -5.4172969793259425 -5.475668349117689 -5.554909929337769 -5.351751474699457 -4.329437260749042 -3.015918391915783 -3.7268099346309036 -5.508930246987846 -7.018759532662621 -7.094087948427388 -7.098979403996529
-11.785319936271298 -11.618358252844628 -11.705426161975332 -11.761840949539422 -11.634989201779707 -11.427917582686081 -11.162474593800711 -10.74930964672729 -10.222010736373917 -9.60862220800367 -8.892839209719408 -8.04890007552366 -7.378118468475494 -6.868428798171029 -6.576245852174355 -6.329390394451719 -6.140906306520829 -5.918182029605955 -5.671978765959204 -5.615563978395114 -5.806982939667488 -6.015032849874941 -5.957313674159081 -5.6498041673790995 -5.365447550293051 -5.051090005716273 -4.804886742069522 -4.687817905448087 -4.617380945252461 -4.587053920723788 -4.709340309952307 -4.958152349902599 -4.935651654284552 -5.147614728947317 -4.997283994455724 -4.117474186086278 -3.257882394069278 -4.060733301484245 -5.892746460646423 -6.6095077500445125 -7.0128897859796515 -6.755273126004906 -6.634943319004044
-11.105733709198677 -11.253129570348786 -11.279543430422146 -11.357806719528398 -11.19834526797441 -10.950511519137946 -10.514845876446477 -10.042331268467482 -9.501336282520516 -8.89186091860558 -8.262819732414082 -7.488665364338074 -6.905603860496498 -6.539396886886828 -6.28145412987414 -6.29710678769539 -6.2188434985891385 -6.0871002952602815 -5.914268865150642 -5.877093802825172 -6.096883206398562 -6.054816688503952 -5.704262372715533 -5.289140843414455 -4.804886742069522 -4.468028501874697 -4.287370742854432 -4.228673276024743 -4.268783211691698 -4.4641153374193845 -4.523791095362902 -4.674121829854493 -4.7843426286791315 -4.886084904517259 -4.316719476269276 -3.027657885281721 -2.8587396196273938 -5.553931638223941 -6.752338252663422 -6.6505959768252945 -6.661357179077404 -6.534505431317688 -6.249170523117811
-10.705286546605024 -10.834094876592395 -10.798224202418698 -10.78746300016659 -10.650502244230648 -10.402668495394183 -9.974829181613341 -9.44655198014614 -8.890882627491752 -8.303907959194863 -7.6797582285725055 -6.997237128158401 -6.592876801109433 -6.304933116606016 -6.1291668131548915 -6.113514155333641 -6.046012068479499 -5.9123122829229855 -5.977857787549471 -5.984705825346269 -5.902529371784704 -5.545127018199487 -5.169137133451536 -4.634990185301367 -4.196389669268415 -4.014753619134321 -3.892793326943746 -4.072472794850182 -4.179758720333336 -4.282479287285292 -4.348024791911778 -4.577271009585507 -4.5061818553139945 -4.264870047236385 -3.340058847630843 -2.439704925871004 -4.326502387407558 -6.425915117682763 -6.454285559983779 -6.5609192913910475 -6.437654611048701 -6.2041691318817165 -5.928943231858064
-10.542238027633665 -10.541259736519837 -10.427125773239887 -10.302882801783712 -10.156465231747433 -9.89069614582412 -9.503292864748172 -8.978602730698343 -8.471847933735361 -7.904439087715037 -7.224852860642417 -6.638856483459357 -6.336238432248516 -6.107644408650672 -5.947530763020799 -5.805026357439832 -5.730676232788893 -5.59110670054941 -5.61752056062277 -5.467842020207064 -5.200442449094036 -4.8117347798663195 -4.485637741923604 -4.010840454679009 -3.879097251350152 -3.7131138590373096 -3.8683360490980423 -4.048993808118307 -4.1585624128670595 -4.263891756122557 -4.555748605081288 -4.151714375070262 -3.7199618968341066 -3.1730971642041723 -2.360463345650924 -4.053885263687448 -5.980792660890955 -6.343086470045313 -5.989597280915409 -6.117427319788954 -5.919160320719783 -5.819700724147254 -5.8089395218951445
-10.321470332946447 -10.250381178674935 -10.042331268467482 -9.86558667390253 -9.694711826020548 -9.317743650158768 -8.935884018727847 -8.65054911052797 -8.148685769134131 -7.5646459741787275 -6.8654939248295435 -6.378304950143127 -6.102752953081532 -5.875137220597516 -5.722849903878267 -5.576432333841988 -5.353708056927113 -5.21413852468763 -5.055003170171585 -4.871410537809837 -4.578249300699335 -4.245304224959822 -3.9397513004074973 -3.7140921501511377 -3.5794140734807964 -3.6465900632969954 -3.804094932623327 -3.983774400529764 -4.128235388338387 -4.323567514066074 -4.265848338350213 -3.4629974309352463 -2.8372172151231747 -2.3565501811956113 -3.9280118070415595 -5.61262910505363 -5.976879496435643 -5.788395408504753 -5.395774574821724 -5.315554703487815 -5.284249387845315 -5.626325180647224 -5.629260053988708
-9.983633801637794 -9.824498447121748 -9.606665625776014 -9.389811095544108 -9.055887728690767 -8.658375439438597 -8.416085340247157 -8.130098237971396 -7.711063544215007 -7.116588644045436 -6.521787646837922 -6.063621308528406 -5.750242055065456 -5.539257271516519 -5.375230461431332 -5.130983780012238 -4.908585600135306 -4.797060413158897 -4.610532907455664 -4.5537920228536315 -4.357807703050059 -4.111604439403308 -3.8311609867725727 -3.655394683321449 -3.452236228683137 -3.5197383155372792 -3.529521226675561 -3.690613163419262 -3.8155083289513225 -3.9211637692447625 -3.261795558524591 -2.5655783825168923 -2.3324190003878504 -4.0450806436629945 -5.618498851736598 -5.655347817024126 -5.58621524498027 -5.053046587943929 -4.6672737920576965 -4.556726896195116 -5.066742663537523 -5.444689130513131 -5.8467667782965
-9.533293792238902 -9.364375526584576 -9.146868802276785 -8.738595310772503 -8.30586454142252 -7.933787821129881 -7.699324050849068 -7.457360048695573 -7.0422385193944965 -6.529613975748546 -6.02448966397528 -5.542192144858003 -5.149571311174973 -4.942499692081348 -4.716188347749104 -4.483681159695947 -4.385852048313133 -4.291283907309745 -4.260956882781072 -4.310849729586308 -4.239434478276853 -4.206172580406696 -3.9505125026596066 -3.8135517467236664 -3.553978504521264 -3.25331703553808 -3.210272226529642 -3.198532733163704 -3.254295326651908 -3.0909207106426075 -2.480793152651786 -2.5140550505219434 -3.976926362732967 -5.574475751614332 -5.761981548431393 -5.489364424711283 -5.15641934897177 -4.633033603073711 -4.29911023622037 -4.4611804640779 -5.148593020061145 -5.576432333841988 -6.021554790633795
-9.150781966732097 -8.927079398703395 -8.575546791801147 -8.072379062255536 -7.513774836259663 -7.1338717870564 -6.862559051488059 -6.632008445662559 -6.387761764243465 -5.936769560768689 -5.427079890464224 -4.880215157834289 -4.387808630540789 -4.091060326012918 -3.9260552248139033 -3.7972468948265305 -3.7405060102244976 -3.6407203166140265 -3.612675971350953 -3.650503227752308 -3.63387227881723 -3.696482910102231 -3.669090758915043 -3.5119119866266537 -3.2764699252320133 -2.889718838231952 -2.707104496984031 -2.674168696151817 -2.8430869618061436 -2.8587396196273938 -3.2014676065051884 -4.2619351738949005 -5.285227678959143 -5.4329496371471935 -5.326315905739925 -5.166202260110052 -4.854779588874758 -4.745210984126006 -4.815647944321632 -5.181854917931302 -5.5646928404760505 -5.942639307451659 -6.032315992885905
-8.601634554836563 -8.393910741667053 -8.049878366637488 -7.556819645268101 -6.891907784902904 -6.5071132801305 -6.327433812224063 -6.233517865296561 -6.041120612910358 -5.653391234796469 -5.165223968996224 -4.555748605081288 -3.9700783249361695 -3.5755009090254832 -3.3390805565170147 -3.128095772968077 -2.935698520581875 -2.753084179333954 -2.493510937131552 -2.321657798135741 -2.255134002395427 -2.1944799533380817 -2.27469982467199 -2.296222229176209 -2.3128531781112875 -2.302091975859178 -2.2776346980134745 -2.354593598967955 -2.583187622565799 -2.9738518740211726 -3.8174649111789787 -4.500312108631026 -4.5537920228536315 -4.255087136098103 -3.995187796857759 -4.006927290223697 -4.420092237297117 -5.120222577760129 -5.7668730040005345 -6.089056877487938 -6.162428711025049 -6.194712317781377 -6.0577515618454365
-7.9533536434064445 -7.734542530946882 -7.4867087821104175 -6.907560442724154 -6.442546066617842 -6.29221533212625 -6.227648118613592 -6.179059659960127 -6.008184812078144 -5.652412943682641 -5.164245677882395 -4.558683478422772 -4.030406276955572 -3.533434391130873 -3.1564662152690937 -2.863631075196535 -2.512098468294287 -2.144913203570789 -1.7513140787739307 -1.4307606904762413 -1.2269500417620436 -1.0782497924601655 -1.140860423745167 -1.287277993781446 -1.455217968321945 -1.5139154351516337 -1.4522830949804604 -1.4513048038666323 -1.5638082819568693 -1.9746905497646914 -2.543077686898845 -2.7374315215127036 -2.6174278115497844 -2.419160812480613 -2.4426397992124884 -2.7599322171307508 -3.440496735317199 -4.266826629464041 -5.040328803464163 -5.721871612764439 -5.886876713963454 -5.83600557604439 -5.542192144858003
-7.274745707447653 -7.016802950434965 -6.763751648991416 -6.3313469766793755 -6.174168204390987 -6.0577515618454365 -6.067534472983718 -6.060686435186922 -5.9690531675250185 -5.637086382899334 -5.2023990313216935 -4.648686260894961 -4.025514821386431 -3.4845198354394658 -3.113421406260655 -2.922980736102109 -2.68297331617627 -2.5179682149772558 -2.296222229176209 -2.0754545344889905 -1.8135986130209898 -1.6348974362283815 -1.4982627773303832 -1.4875015750782739 -1.3899985607334018 -1.3009740693750405 -1.0120520937577941 -0.8623735533420875 -0.5118192375536674 -0.520623857578121 -0.7893278168429192 -1.0948807413952437 -1.4385870193868664 -1.9662120267781806 -2.209154320045504 -2.4563358748060824 -2.806890190594502 -3.1339655196510465 -3.794312021485046 -4.446506097370477 -4.8811934489481175 -4.960108932130256 -4.934673363170723
-6.712228316996468 -6.481677711170967 -6.167320166594189 -5.895681333987907 -5.677848512642173 -5.577410624955816 -5.598933029460036 -5.595019865004723 -5.475668349117689 -5.216095106915287 -4.815647944321632 -4.438679768459853 -3.900619655854371 -3.4698454687320437 -3.2161419732126104 -3.0305927586232055 -2.9904828229562512 -2.8995017493702333 -2.949394596175469 -2.8284125950987216 -2.7481927237648134 -2.659494329444395 -2.497424101586865 -2.170022675492378 -1.9864300431306292 -1.6035921205858807 -1.264777298163399 -0.4867097656320789 0.14624458501473292 0.5457134564945596 0.48799428077869944 0.031132330620954107 -0.9054183623505261 -1.488479866192102 -1.9261020911112268 -2.154370017671128 -2.3069834314283186 -2.6213409760050967 -3.093855583984092 -3.5970233135297027 -4.14780121061495 -4.552813731739803 -4.620315818593945
