static/data/ASCData/20210102/ASCV/06.asc
ncols 97
nrows 97
xllcorner 99.0
yllcorner 2.0
cellsize 0.25
NODATA_value -32767
[rows 57 to 75 of 97, columns 0 to 42 of 97]
-1.323469919099904 -1.3809912728453453 -2.4144257638651365 -5.959301055702837 -8.849992815961027 -9.516850544128516 -8.658579949542581 -7.65471858389474 -6.729827212371996 -6.596910637898066 -6.361625552521233 -6.177037253496315 -5.477681585359651 -4.692531355704363 -3.5863014791536174 -2.451473415429997 -1.851886422998703 -2.2590856108124764 -2.279559312993057 -2.423200207656814 -3.088108059426152 -3.4397357698926343 -4.138116499830223 -4.5609146988292 -4.471870343313658 -4.33537899544312 -4.337328871841271 -4.012024492749821 -3.6545471530888864 -3.656497029487037 -3.6350483891073813 -3.3048693190205545 -2.950641773356538 -3.2054256227148765 -3.774789530974837 -4.088069672277692 -3.627248883514779 -3.4728836686611935 -3.5863014791536174 -3.5843516027554667 -4.5365412438523185 -9.725812298130316 -15.353805541992188
-1.13790668187591 -1.0209140979868767 -3.042285964069614 -6.649557300648132 -8.90068960231294 -9.529524740716493 -8.644930814755527 -7.7356384544179875 -7.097053934023682 -6.865668601443151 -6.5637627391295075 -6.12439059074625 -5.40358628222993 -4.54239087304677 -3.4553347810778385 -2.9200937097855126 -2.440749095240169 -1.751142809094258 -1.9318313553228754 -2.3715284831058248 -2.999388683310302 -3.4933573708417747 -4.192713038978439 -4.61063654698204 -4.37047677060983 -4.131291932436696 -4.148840820020051 -3.8830076710721926 -3.709143692237102 -3.85668433969716 -3.855709401498085 -3.609699995931424 -3.2551474708677155 -2.832349271868738 -3.0383862112733127 -2.454398230027223 -2.149567553116354 -2.5609914731261196 -3.249297841673264 -3.9301296840274977 -7.919251815243831 -13.089999043739397 -15.343081221802358
-0.614689848372179 -1.4788100721525645 -4.09879399246752 -7.419108519118215 -9.645867365806144 -9.358585576478628 -8.486665847105641 -7.83020745972829 -7.305040749826408 -6.9270897079848925 -6.50136669438869 -5.938827353522256 -5.044159066170845 -4.187838347983062 -3.919080384437978 -3.403663056526849 -2.864522232438222 -1.8284879062208965 -2.346830048729251 -2.4251500840549647 -2.7621537215353182 -3.6077501195332733 -4.307755746469321 -4.5823633392088565 -4.338303810040346 -3.99155079056924 -4.015924245546122 -3.925254993032121 -3.860584092493461 -3.99155079056924 -3.9827763467775625 -3.742616570405353 -3.5375545691998536 -3.114431390801184 -1.541206116893382 -0.2991348512714813 -0.18669197897813294 -1.7082455283349458 -3.1193060817965605 -6.634933227662002 -10.603906636097447 -13.194642410440146 -15.352830603793112
-0.3186336152529874 -2.3773781123002764 -6.0363211734297835 -8.89289009672034 -9.090152592333236 -8.803845741204798 -8.343999890640958 -7.683966729866999 -7.261168530868021 -6.767849802135931 -6.216034781459326 -5.4825562763550275 -4.585288153806083 -4.130316994237621 -3.8615590306925367 -3.9993502961618423 -3.5148060112214305 -2.8713467998317492 -3.4816581124528714 -2.717956523177239 -2.283459065789358 -3.310718948215006 -4.468945528716433 -4.743553121455969 -4.45724627032753 -4.142016252626524 -4.060771402703584 -3.949628448009003 -3.902506435053698 -3.8830076710721926 -3.858634216095311 -3.6555220912879616 -3.450460090082462 -2.8830460582206525 -1.1184079178944044 0.5435367321292475 0.575059733899348 -1.6263507196126228 -5.031484869582867 -8.956261079660234 -12.180056724602476 -14.772742375343324 -14.908583764414477
-0.8441253045545603 -3.777714345572063 -7.38303580575243 -8.39957136798825 -8.524688436869578 -8.3108519918724 -7.87830441088267 -7.4366574067015705 -7.056106529662522 -6.316778395363771 -5.560876311680741 -4.915467223892909 -4.512167788875437 -4.155665387413578 -4.211236864760869 -4.3821760289987335 -4.4094742985728415 -4.331479242646819 -4.249259454524804 -2.5951143100937544 -2.1674414200994003 -3.7845389129655898 -4.910592532897533 -4.72892904846984 -4.3821760289987335 -4.276557724098912 -4.142991190825599 -3.860584092493461 -3.778689283771138 -3.6506474002925855 -3.4124375003185268 -3.194701302525049 -2.7738529799242215 -2.166466481900325 -1.5451058696896833 -0.27963608728997613 -0.7229079884695344 -3.293170060631651 -7.235495158292371 -10.594157254106694 -13.385080338659517 -14.325570721367463 -14.315821339376711
-1.6819221969599134 -4.952514875457769 -7.06683084985235 -7.682991791667924 -7.795109684561579 -7.720039443232784 -7.471105223068896 -7.106803316014435 -6.559862986333206 -5.781537324071445 -4.935940926073489 -4.6915564175052875 -4.518992356268964 -4.487469354498863 -4.562864575227351 -4.61258642338019 -4.621360867171868 -4.505018242082218 -3.6750208552694676 -2.465122550217051 -3.8001379241507944 -5.011011167402286 -4.868345210937604 -4.49234404549424 -4.298981302677643 -4.307755746469321 -4.075395475689714 -3.7357920030118263 -3.4299863879018817 -2.9555164643519145 -2.7364803489596694 -2.599989001089131 -2.1066702723570416 -1.4583363699719838 -1.0062900250007476 -1.4797850103516397 -3.0725090482409474 -6.177037253496315 -9.261091756571101 -12.010092498563687 -13.552119750101077 -14.218977478268567 -13.740607801922298
-2.1203194071440956 -5.493605575944547 -6.701554004598813 -6.901741314808936 -7.0999787486209085 -7.203322197722888 -7.0089845167072165 -6.586186317708239 -5.914453898545374 -5.33144085549836 -4.7003308612969645 -4.68278197371361 -4.7552523798448725 -4.779625834821754 -4.797174722405109 -4.738678430460593 -4.425073309758045 -3.925254993032121 -3.4660591012676667 -3.6535722148898113 -5.547227176893687 -6.27973074379891 -5.309992215118704 -4.344153439234798 -4.207337111964567 -4.126417241441319 -3.9398790660182503 -3.5648528387739615 -2.9356927209707173 -2.4095510728697604 -2.2815091893912074 -2.468047364814277 -2.1830404312846046 -1.441762420587704 -1.5295068585044787 -3.249297841673264 -5.85075793620579 -8.507139549286222 -10.958459161161155 -12.732846683478154 -13.618415547638197 -13.474774652974439 -12.777693840635617
-2.584389989903926 -5.734740290515832 -6.477968177610883 -6.594960761499916 -6.756150543747028 -6.816596712089695 -6.604710143490669 -6.138039725533304 -5.515054216324203 -5.050008695365297 -4.748427812451345 -4.9096175946984575 -4.997362032615232 -4.9817630214300275 -4.810823857192163 -4.55896482243105 -4.232685505140525 -3.7981880477526437 -4.114393003652725 -5.009061291004135 -6.4181719680675995 -7.289441738641203 -6.999235134716463 -6.071418948596493 -5.048058818967147 -4.027623503935025 -3.7562657051924067 -3.4572846574759892 -2.9545415261528394 -2.453423291828148 -2.3851776178928783 -2.731605657964293 -2.634111838056765 -2.189864998678132 -3.0588599134538934 -5.504329896134375 -7.940700455623487 -9.926974546539515 -11.755308649205347 -12.66525096834227 -12.9203597971003 -12.467013534530299 -11.852802469112873
-3.0081631271019793 -6.1819119444916915 -6.803922515501717 -6.747376099955351 -6.596910637898066 -6.515990767374818 -6.158513427713885 -5.677868895569774 -5.232647117992065 -4.884919160321884 -4.760127070840248 -5.032459807781942 -5.111754781306731 -5.067557582948652 -4.842021879562571 -4.470895405114583 -4.187838347983062 -4.138116499830223 -4.5609146988292 -5.629121985616011 -6.633958289462927 -7.381085929354279 -7.219896147107168 -6.025596853239955 -4.332454180845894 -3.6009255521397465 -3.606775181334198 -3.421211944110204 -3.011087941699205 -2.711131955783712 -2.878171367225276 -3.249297841673264 -3.263921914659393 -3.7023191248435747 -5.0909560997264585 -7.135076523787618 -9.161323080865731 -10.833342092279828 -11.514823893433446 -11.958420774012696 -11.602893310749913 -11.140772604388232 -10.860640361853935
-3.4075628093231503 -5.7552139926964125 -6.201410708473197 -6.0002484600639985 -6.031446482434407 -6.178987129894465 -5.834183986821509 -5.461107635975371 -5.046108942568996 -4.767926576432851 -4.7640268236365495 -5.0188106729948885 -5.1185793487002575 -5.020760549393039 -4.740628306858743 -4.416298865966368 -4.334404057244045 -4.45724627032753 -4.875169778331131 -5.750339301701036 -6.661581538436726 -7.220871085306243 -7.005084763910915 -5.470857017966124 -3.766990025382235 -3.4758084832584197 -3.4641092248695164 -3.3204683302057587 -3.214200066506554 -3.2473479652751136 -3.7533408905951813 -4.086119795879542 -4.685706788310836 -5.465982326970748 -7.263118407266171 -9.014107412805366 -10.1720090139071 -10.903537642613248 -11.165471038764807 -10.78557012052514 -10.452466235841086 -10.303950650181953 -10.178183622501244
-3.902506435053698 -5.040259313374544 -4.262908589311858 -4.09684411606937 -5.380187765452123 -5.597923963245601 -5.570625693671493 -5.16147662945957 -4.848846446956099 -4.661333333333954 -4.697406046699739 -4.812773733590313 -4.940815617068866 -4.867370272738529 -4.598937288593136 -4.554090131435673 -4.490394169096089 -4.686681726509911 -5.068532521147727 -5.748389425302886 -6.281680620197061 -6.8000227627054155 -6.561812862731356 -5.035384622379167 -3.5580282713804343 -3.3087690718168554 -3.610674934130499 -3.8254863173267513 -3.8683835980860635 -4.111468189055499 -4.62916037276447 -5.484506152753178 -6.135114910936078 -7.578348424967176 -9.137924564087925 -9.971821703696978 -10.598057006902994 -10.92986097398828 -10.655578360648438 -10.248379172834664 -9.880177512983902 -9.746286000310896 -10.043317171629164
-4.518992356268964 -4.373401585207056 -3.14692933077036 -2.5892646808993027 -3.890807176664795 -5.258970449367098 -5.226797488797613 -4.823498053780141 -4.611611485181115 -4.514117665273587 -4.632085187361696 -4.7013057994960405 -4.820573239182916 -4.750377688849496 -4.7013057994960405 -4.6554837041395025 -4.7659767000347 -4.975913392235576 -5.24824612917727 -5.687943256960218 -6.08929281557954 -6.310928766169319 -6.0723938867955685 -4.815698548187539 -3.347116640980483 -3.539504445598004 -4.155665387413578 -4.667182962528406 -4.565789389824577 -4.88979385131726 -5.816635099238155 -6.687904869811759 -7.973848354392047 -9.399857960239483 -9.935748990331192 -10.487564011007798 -10.659478113444738 -10.672152310032716 -10.305900526580103 -10.04429210982824 -9.676090449977476 -9.4661537577766 -9.74336118571367
-4.765001761835625 -4.229760690543299 -2.590239619098378 -2.037449660222697 -3.4621593484713653 -4.832272497571819 -4.735753615863366 -4.3188050460588405 -4.3548777594246255 -4.350978006628325 -4.57748864821348 -4.743553121455969 -4.859570767145927 -4.878094592928357 -4.829347682974593 -4.874194840132056 -5.036359560578243 -5.238496747186517 -5.434784304600338 -5.701592391747273 -5.892030319966643 -6.073693804394336 -5.788361891464972 -4.529716676458792 -3.8040376769470954 -4.035423009527627 -4.842021879562571 -5.17805057884385 -5.077306964939405 -5.932977724327804 -6.993385505522012 -8.197434181379977 -9.48467758355903 -10.036492604235637 -10.434917348257732 -10.591232439509469 -10.539235735558787 -10.350747683737566 -9.906500844358934 -9.760910073297026 -9.539274122707248 -9.328362492307296 -9.06870395195358
-4.2463346399275785 -3.7474912614007296 -2.2590856108124764 -1.8947837037580153 -3.228824139492683 -4.397775040183938 -4.321729860656067 -3.9515783244071536 -4.02664856573595 -4.291181797085041 -4.644759383949674 -4.877119654729282 -5.016860796596737 -5.066582644749577 -5.064632768351426 -5.110779843107656 -5.206323786617032 -5.365563692465995 -5.565751002676118 -5.692817947955595 -5.8283343576270585 -5.839058677816887 -5.590124457652999 -5.14295280367714 -4.637934816556148 -4.830322621173668 -5.369463445262295 -5.359714063271543 -5.855632627201166 -7.0372577244803995 -8.176960479199396 -9.287415087946133 -9.793408013266202 -10.1957325100846 -10.392995005697497 -10.431017595461432 -10.135936300541315 -9.809981962650483 -9.510025976734989 -9.656591685995972 -9.37905927865921 -8.946511697669479 -8.64883056755183
-3.4163372531148277 -3.1095566998058075 -2.3302560993449712 -1.9162323441376712 -2.6633599840290234 -3.805987553345246 -4.253159207321105 -4.003250048958144 -3.9710770883886592 -4.42214849516082 -4.757202256243023 -5.075357088541254 -5.246296252779119 -5.324616288104833 -5.304142585924252 -5.269694769556925 -5.355814310475242 -5.421135169813285 -5.634971614810462 -5.801036088052951 -5.933952662526879 -5.869281761988219 -5.646670873199366 -5.356789248674317 -5.33144085549836 -5.554051744287214 -5.85075793620579 -6.023646976841805 -6.867618477841301 -8.031694687537179 -8.934812439280577 -9.345911379890651 -9.690714522963606 -9.885052203979278 -10.02966803684211 -9.877252698386675 -9.450554746591397 -9.069678890152655 -9.20357040282566 -9.330312368705446 -9.039455805981323 -8.600733616397449 -8.28842841329367
-2.8479482830539427 -2.529468471356019 -2.547992297138449 -2.7953016203038774 -3.2980447516270277 -3.9983753579627668 -4.40362466937839 -4.221961184950697 -4.126417241441319 -4.566764328023652 -4.852746199752399 -5.221922797802237 -5.435759242799414 -5.533578042106633 -5.492630637745472 -5.4094359114243815 -5.440633933794791 -5.537477794902935 -5.685993380562068 -5.840033616015962 -5.95247648830931 -5.943702044517632 -5.8822809379758905 -5.855632627201166 -5.901779701957396 -6.109766517760121 -6.4542446814333845 -7.0687807262505 -7.892928483868799 -8.774597595232539 -9.118425800106419 -9.23476842519607 -9.356635700080478 -9.467128695975676 -9.41448203322561 -9.224044105006241 -8.821719608187845 -8.396646553391024 -8.4252447405639 -8.541262386253857 -8.426219678762974 -8.176960479199396 -7.851006141308562
-2.804076064095555 -2.3773781123002764 -2.5236188421615675 -2.6311870234595394 -2.997438806912151 -3.8176868117341494 -4.435797629947873 -4.298006364478568 -4.298981302677643 -4.6730325917228575 -4.870295087335754 -5.202424033820732 -5.426009860808661 -5.532603103907558 -5.535527918504783 -5.456232944979995 -5.37043838346137 -5.421135169813285 -5.569650755472418 -5.7191412793306275 -5.920303527739826 -6.0558199374112895 -6.205310461269498 -6.375274687308288 -6.518915581972045 -6.843894981663803 -7.342088401391269 -8.082391473889095 -8.562711026633513 -8.944561821271328 -8.97088515264636 -9.039455805981323 -9.159373204467581 -9.225993981404391 -9.112576170911968 -8.825619360984145 -8.331325694052982 -8.2240824921547 -8.109689743463202 -8.01674563515136 -7.929001197234584 -7.81363351034401 -7.4993784308420794
-3.089082997625227 -2.717956523177239 -2.267860054604154 -2.18401536948368 -2.550917111735675 -3.413412438517602 -4.237560196135901 -4.4387224445451 -4.625260619968169 -4.703255675894191 -4.8273978065764425 -5.140027989079914 -5.499455205138998 -5.647645811398441 -5.613522974430806 -5.55697655888444 -5.5452773004955365 -5.567700879074268 -5.671044328176247 -5.726940784923229 -5.932977724327804 -6.174112438899089 -6.616409401879572 -6.951463162961775 -7.328439266604215 -7.703465493848504 -8.131138383842858 -8.577335099619642 -8.786296853621444 -8.924088119090747 -9.017032227402591 -9.087227777736011 -9.145724069680528 -9.092102468731387 -8.966010461650985 -8.593909049003923 -8.055093204314986 -8.119439125453955 -8.079466659291867 -7.873429719887294 -7.684941668066074 -7.518877194823585 -7.024583527892421
-3.2687966056547695 -2.911319265993835 -2.301007953372713 -2.170366234696626 -2.3929771234854806 -2.6058386302835825 -3.2200496957010056 -4.125442303242244 -4.340253686438497 -4.223911061348847 -4.639884692954298 -4.933016111476264 -5.306092462322402 -5.539427671301085 -5.657395193389194 -5.623272356421559 -5.714266588335251 -5.754239054497337 -5.919328589540751 -6.139014663732379 -6.353826046928631 -6.695704375404361 -7.14092615298207 -7.677142162473471 -8.102865176069674 -8.451568071938931 -8.774597595232539 -8.89483997311849 -8.989408978428791 -9.065779137356355 -9.06675407555543 -9.123300491101796 -9.141824316884225 -9.09795209792584 -8.848042939562877 -8.44766831914263 -7.8451565121141105 -7.658618336691041 -7.62514545852279 -7.514002503828209 -7.352812721581097 -7.0912043048292315 -6.5462138515461525
