static/data/ASCData/20210102/ASCV/09.asc
ncols 97
nrows 97
xllcorner 99.0
yllcorner 2.0
cellsize 0.25
NODATA_value -32767
[rows 0 to 18 of 97, columns 0 to 42 of 97]
0.6158611476953428 1.239889622018394 1.994727103110935 2.181145735946682 2.009261437196434 1.9811406603788386 2.170402967274792 1.7056202403232943 1.5729154508469998 2.1166891239153394 3.153998228321707 4.070925130846008 3.5893963233177386 2.772945904254062 2.36503665850669 1.6421115196453533 1.007340276650412 1.2790691312923474 3.0611048756883017 4.808384603792844 5.372695922851562 4.647243073714486 3.490815622563921 2.675313094853645 1.7732364901993103 1.5748112335538034 2.391261652617482 3.209607854387964 3.5562201259486654 3.4389975619112727 3.300289460530098 3.3581108330876264 2.8933281061361287 2.664570326181755 2.637397440717561 2.473412236578997 2.0190563145149225 1.1940748732706261 0.6929563111053811 0.5757337470679875 0.7526734663697132 0.9830110652464246 1.045571894570963
0.6540927656158946 1.115715854722719 1.9479644630097646 2.1091059930881224 1.8471720157646745 1.763441612880822 2.2661399939684044 2.2544493339431115 2.3268050405861382 2.741981453376259 3.475333397125019 4.157815171574534 2.9713711608995688 2.499637230689789 2.386522195850471 1.9138403742872896 1.4664356554814963 2.15492074183589 3.8481706627965133 5.168583318085642 5.337623942775685 4.524017197772213 3.8481706627965133 3.823841451392526 3.5777056632924475 2.7966431880891145 2.7340823587645753 2.8569922709223814 3.1265093790730463 3.1069196244360695 2.6803685154051227 2.9489377322023858 2.7808449988657458 2.8374025162854046 3.0630006583951053 2.8667871482408698 2.6724694207934387 1.9508081370699708 1.1353056093596958 0.6667313169945892 0.6676792083479919 0.8003839978242855 1.146048378031586
0.9078116845431907 1.2838085880593582 1.788718715638212 1.8872994163920307 1.6237856201462462 1.639267845585147 2.308163177302564 2.761255244228769 2.8159169789416234 2.943882311650907 3.5113532685542994 3.887350172070467 3.1900180997509873 2.952729297615994 2.581787814651304 2.0534963670218653 1.9233192878213101 2.8708946774389457 4.170453722953229 4.2175323268388665 4.538867495642179 4.377725965563822 4.02511038209824 4.438075048397089 4.429228062432002 4.073768804906215 3.5407379005097654 3.3795963704314067 2.9919088068899473 2.731238684704369 1.9587072316816556 2.1577644158960974 2.309111068655966 2.959680500874276 3.2838593437377943 2.970423269546166 2.776105542098735 2.5005851220431907 2.208634585195343 1.7271057776670746 1.2221956500882216 0.9975453993319228 0.9830110652464246
1.201658004097843 1.6607533829289274 1.9264789256659842 1.6714961516008184 1.4136697034754464 1.7097277695213693 2.272143305873284 2.6168597947271817 2.7859004194172234 2.96757959548596 3.270272901005698 3.431414431084055 3.1628452142867927 2.990013024183143 2.723339590092685 2.4936339187849086 2.4674089246741175 3.1843307516305748 4.302526584860588 3.9255817899910186 4.187199803529999 4.118635662300581 4.061130253527518 4.1695058315998255 3.7397950847242063 3.549584886474851 3.3581108330876264 3.2829114523843925 2.910706114281834 2.18620115649816 1.5776549076140105 2.077825578425853 2.272143305873284 2.8386663714232743 2.889220576938053 2.524914333447178 2.3745155720407114 2.3561896725416034 2.0787734697792555 1.71446722628838 1.2124007727697332 0.8474626017099238 0.8493583844167274
1.0250342485805843 1.5416350361847302 1.7387964376923675 1.4926606495922883 1.3950278401918714 1.6443232661366247 2.181145735946682 2.4645652506139113 2.533761319412265 2.7925356588910386 3.102180167669059 3.315139758400064 3.044674758895998 2.6990103786886976 2.543556196730753 2.3394435919648338 2.5991658227970094 3.2339370657919515 4.030797730218652 3.72620864199211 3.9009366148025633 3.5141969426145065 3.4146683505072852 3.082590413032082 2.690163392723611 2.6051691347018897 2.7135447127741967 2.656987195354538 2.7663106647802467 2.2809902918383704 2.0983632244162322 2.5874751627717165 2.7154404954810003 2.4487670613905426 2.4636173592605086 2.054444258375268 1.9138403742872896 1.8835078509784218 1.5776549076140105 1.2029218592357118 0.8414592898050435 0.5972192844117687 0.7400349149910186
0.5719421816543795 1.0661095405613423 1.3305712281605286 1.471175112248507 1.3735423028480902 1.370698628787884 1.8471720157646745 2.1918885046185723 2.132487313138707 2.391261652617482 2.768206447487051 3.0652124048863767 2.847197393603893 2.461405612769237 2.3697761152737007 2.4674089246741175 2.728079046859696 3.0026515755618375 3.6355270358499743 3.4058213645421995 3.029824461026032 2.642136897484572 2.244654456624623 1.9792448776720342 2.2427586739178187 2.524914333447178 2.596322148736803 2.487946570664496 2.5982179314436076 2.7827407815725502 2.772945904254062 3.09838860225545 2.929347977565409 2.6626745434749504 2.268351740459676 1.8794003217803459 1.561224790821707 1.3425778519702884 1.0534709891826477 0.6999075143636633 0.33749705357959225 0.4724135895471582 0.6822135424334901
0.4626187122286698 0.839563507098239 0.9343526424384496 1.0885429692585253 1.1978664386842341 1.142256812617978 1.4253603635007392 1.871817190953129 1.8424325589976638 1.75175095285553 2.09141202115795 2.432336944598239 2.345446903869713 2.195996033816648 2.6276025633990727 2.6990103786886976 2.716388386834403 2.9429344202975054 3.3015533156679675 2.7290269382130976 2.1394385163969893 2.09141202115795 1.6812910289193068 1.6177823082413658 2.047493055116986 2.421594175926349 2.480047476052812 2.349238469283322 2.417486646728273 2.6168597947271817 2.7331344674111735 3.1628452142867927 2.958732609520874 2.7290269382130976 2.320801728681259 2.1198487617600126 1.647166940196831 1.258531485301969 1.0007050371765969 0.6578843310295026 0.41459221698962967 0.5915319362913563 0.5943756103515625
0.8648406098556292 0.8923294591042898 0.7065427538374776 0.4762051549607671 0.5883722984466822 1.068005323268146 1.4010311520967518 1.8658138790482495 1.927426817019386 1.7116235522281738 1.5356317242798498 1.71446722628838 1.6910859062377952 2.00262619772262 2.552403182695839 2.5505073999890353 2.52586222480058 2.7290269382130976 2.7849525280638217 1.9820885517322404 2.0797213611326573 2.3413393746716373 2.8121254135280154 2.5678854081347398 1.96534247115547 1.5846061108722918 1.7485913150108559 1.6598054915755256 1.8326376816791754 1.6364241715249408 1.860126530927837 2.592530583323195 2.8667871482408698 2.6930070667838173 2.708489292222719 2.645296535329245 2.2389671085042107 1.8023051583703085 1.504667273402048 1.3542685119955813 1.1627944586083565 0.8190258611078605 0.4262828770149225
1.0847514038449164 0.9801673911862183 0.6743144478218062 0.3258063935542994 0.25945399881615216 0.6901126370451749 1.811152144335395 2.047493055116986 1.8424325589976638 1.5015076355573749 1.355216403348983 1.4967681787903642 1.6187301995947676 2.15492074183589 2.4712004900877256 2.458561938709031 2.4860507879576916 2.6206513601407906 2.039593960505301 1.9176319397008976 2.5874751627717165 3.5631713292069476 4.254500089621549 4.305370258920795 3.7837140507651705 2.848145284957295 2.1577644158960974 1.7770280556129192 1.430415784052217 0.9605776365492416 0.5681506162407706 1.2487366079834805 1.9362738029844726 2.3922095439708837 2.61591190337378 2.581787814651304 2.2651921026150017 2.1157412325619367 1.9233192878213101 1.8550711103763584 1.6462190488434292 1.131514043946087 0.5112771350366447
1.1255107320412074 0.9021243364227782 0.7125460657423579 0.5229677950619367 0.5583557389222822 1.0954941725168075 2.3024758291821517 2.046545163763583 1.3131932200148233 1.052523097829245 1.2417854047251984 1.4692793295417026 1.5141461869360695 1.7526988442089317 2.1264840012338277 2.696798632197426 2.9830618209248607 2.566937516781338 1.7691289610012344 2.2847818572519785 2.790639876184234 3.7916131453768545 4.780895754544182 5.0662110519182155 4.49684431230802 3.890193846130674 3.6481655872286707 3.3198792151670746 2.731238684704369 1.96534247115547 1.359007968762592 1.3748061579859598 1.5944009881907801 1.9555475938369815 2.290785169156859 2.420646284572947 2.2876255313121847 2.174510496472868 1.7827154037333317 1.512250404229265 1.2370459479581877 0.8269249557195444 0.6528289104780249
0.8297686297797506 0.44776841435870374 0.10210403415140323 0.08851759141930682 0.5055897869162322 1.5337359415730463 2.391261652617482 2.0035740890760216 1.5173058247807427 1.3950278401918714 1.6528542883172435 1.8667617704016513 1.5991404449577908 1.2781212399389457 1.5602768994683052 2.3814667752989935 2.910706114281834 2.7359781414713797 2.565989625427936 3.2007608684228765 3.082590413032082 3.687977024071558 4.174561252151304 4.001729062047654 3.0064431409754464 2.7994868621493207 3.1666367797004016 3.7192574387338277 3.8140465740740384 4.085459464931506 4.031745621572054 3.493659296624126 2.99759615501036 2.745773018789868 2.3776752098853846 2.2800424004849686 2.1207966531134153 1.8579147844365655 1.3785977233995688 1.037672799959279 0.8120746578495783 0.6705228824081981 0.7858496637387873
0.267353093427837 0.24176002688597986 0.16561275482934423 0.1393877607185532 0.5270753242600126 1.4136697034754464 1.904993388322203 1.6967732543582077 1.3697507374344822 1.4819178809203981 1.7612298663895505 1.946068680302961 1.8209470216538834 1.7896666069916138 1.6041958655092694 2.0162126404547163 2.077825578425853 2.0083135458430323 2.110053884441524 2.480995367406214 2.776105542098735 3.388443356396494 3.714517981966817 2.9312437602722126 2.4155908640214685 2.1871490478515625 2.4449754959769345 3.0222413301988142 3.7457983966290866 4.289572069697425 4.179300708918315 3.5818131924905225 3.4879719485037137 3.2408882690502336 2.7565157874617583 2.062027389202485 1.8756087563667379 1.6032479741558667 1.1394131385577708 0.8111267664961765 0.6597801137363071 0.5668867611029009 0.3902630055856431
-0.06472484404736623 0.043650734024940796 0.20068473490522187 0.5425575496989135 0.9586818538424371 1.2749616020942716 1.6743398256610247 1.4917127582388865 1.3112974373080188 1.426308254854141 1.6500106142570372 1.759334083682746 1.6860304856863175 1.8794003217803459 1.7233142122534666 1.6266292942064524 1.6607533829289274 1.6743398256610247 1.5925052054839766 1.6705482602474158 2.2282243398323196 2.760307352875367 2.6500359920962557 1.9470165716563628 2.0073656544896297 1.8139958183956013 2.0534963670218653 2.5084842166548746 3.213399419801571 3.5641192205603494 3.4841803830901066 3.0475184329562035 3.1675846710538034 2.94483020300431 2.4010565299359703 1.7798717296731255 1.549534130796414 1.3650112806674715 0.9236098737665595 0.5668867611029009 0.39215878829244666 0.14033565207195497 -0.14877121071568666
0.048390190791950616 -0.04323930670358589 0.20668804681010222 0.6822135424334901 0.9675288398075237 1.2389417306649921 1.5220452815477534 1.5444787102449364 1.5261528107458293 1.5883976762859007 1.7545946269157362 1.747643423657454 1.6364241715249408 1.6373720628783426 1.5356317242798498 1.5454266015983382 1.5776549076140105 1.5962967708975846 1.3697507374344822 1.1062369411886976 1.160898675901552 1.6275771855598542 1.8522274363161522 1.5915573141305739 1.774184381552713 1.7536467355623335 2.0152647491013145 2.2389671085042107 2.454770373295423 2.7028019441023057 2.6686778553798307 2.48510289660429 2.634553766657355 2.231068013892526 1.8667617704016513 1.4215687980871303 1.168481806728769 0.9567860711356326 0.5905840449379536 0.2398642441791754 0.027852544801572066 -0.19458595946345447 -0.4290310875382417
0.26924887613464055 -0.004375761214099327 0.0670320540755256 0.35519102550976456 0.7428785890512248 1.1264586233946092 1.3463694173838974 1.6850825943329149 1.8171554562402745 1.8794003217803459 1.7624937215274201 1.7223663209000648 1.7261578863136728 1.5280485934526338 1.3659591720208741 1.2936034653778465 1.3842850715199813 1.5593290081149025 1.3511088741509072 0.9245577651199612 0.41648799969643413 0.6509331277712214 1.115715854722719 1.3454215260304947 1.7163630089951845 1.8854036336852262 2.0222159523595966 2.0825650351928635 2.1609240537407706 2.077825578425853 2.0708743751675707 1.9283747083727878 1.8942506196503128 1.4234645807939348 1.1656381326685628 0.9157107791548746 0.8961210245178979 0.6218644596002232 0.3589825909233735 0.007314898811193515 -0.1781558426711518 -0.23092179467720175 -0.35004014142139983
0.23196514956749148 -0.03849984993657518 -0.08052303327073496 0.17730341485463708 0.4752572636073644 0.8648406098556292 1.2038697505891145 1.6237856201462462 1.8686575531084557 1.8209470216538834 1.6812910289193068 1.628525076913256 1.677499463505698 1.549534130796414 1.2427332960786002 1.0348291258990727 0.921398127275288 1.104973086050828 1.418725124026924 1.0610541200098638 0.35993048227677527 -0.2426124547024946 0.41080065157602164 1.3473173087372992 1.7340569809253568 1.8162075648868727 1.8629702049880432 1.8854036336852262 2.0414897432121055 1.9021497142619967 1.7612298663895505 1.5972446622509873 1.2683263626204573 0.8259770643661426 0.6139653649885393 0.6130174736351366 0.6158611476953428 0.5542482097242063 0.3071645302707253 0.06797994542892738 -0.10485224467472243 -0.0463989445482591 0.08662180871250236
0.05534139405023275 -0.1291814560787099 -0.004375761214099327 0.15107842074384514 0.42059552889451 0.8676842839158354 1.205765533295918 1.3501609827975054 1.6313687509734622 1.6228377287928435 1.5024555269107767 1.4323115667590214 1.489816975532082 1.4282040375609455 1.0815917660002432 0.7788984604805052 0.547612970250392 0.4938991268909394 0.8180779697544587 1.1921790905638217 0.7849017723853846 -0.42713530483143725 -0.383216338790473 0.77226322100669 1.7195226468398586 1.890143090452237 1.6910859062377952 1.7302654155117487 1.8806641769182155 1.9606030143884592 1.8386409935840557 1.5808145454586837 1.0348291258990727 0.7624683436882016 0.5817370589728679 0.6363987936857223 0.7055948624840758 0.6433499969440044 0.49579490959774386 0.3940545709992511 0.293578087538628 0.3902630055856431 0.5239156864153394
0.26040189016955484 0.009526645302464942 -0.03944774128997697 0.030064291292843492 0.40005788290413147 0.974164079281338 1.4888690841786794 1.4253603635007392 1.314141111368225 1.2114528814163315 1.190915235425952 1.254423956103893 1.2749616020942716 1.1997622213910386 1.1577390380568788 1.0942303173789378 0.90307222777618 0.7261325084744543 0.8082830924359703 1.1801724667540618 1.1754330099870511 0.6607280050897097 0.19784106084501563 0.5191762296483287 1.3571121860557875 1.8708692995997271 1.6677045861872095 1.6598054915755256 1.770076852354637 1.8648659876948468 1.7906144983450156 1.5953488795441828 1.5094067301690588 1.4626440900678883 1.1100285066023057 1.0250342485805843 1.1179276012139905 1.146048378031586 0.9185544532150809 1.0699011059749504 1.1637423499617583 1.0259821399339861 0.6733665564684044
0.3277021762611039 0.12264168014178267 -0.06282906134056265 0.03575163941325599 0.4458726316518993 1.0954941725168075 1.7087798781679675 1.7719726350614415 1.0768523092332325 0.7593087058435284 0.880638799078997 1.109080615248904 1.1823842132453333 1.1040251946974262 1.1217191666275985 1.1002336292838173 1.0250342485805843 0.9830110652464246 1.0436761118641584 1.1706935532200404 1.1492080158762592 1.1394131385577708 0.727080399827857 0.6939042024587829 1.1413089212645753 1.6550660348085149 1.6452711574900265 1.6519063969638417 1.665808803480406 1.5738633422004016 1.4762305327999847 1.5280485934526338 1.7975657016032978 1.994727103110935 1.4986639614971686 1.1814363218919315 1.3627995341762 1.6939295802980014 1.811152144335395 1.9587072316816556 1.9438569338116887 1.1217191666275985 0.47810093766757067
