static/data/ASCData/20210102/ASCV/12.asc
ncols 97
nrows 97
xllcorner 99.0
yllcorner 2.0
cellsize 0.25
NODATA_value -32767
[rows 57 to 75 of 97, columns 43 to 85 of 97]
-15.182332061916131 -14.028303062452121 -13.68428357751705 -12.913992676248796 -12.707893730274057 -12.604375139807232 -12.607189844683973 -12.52900359810782 -12.3444840561881 -12.004843001061294 -11.542918656289384 -11.100384500668362 -10.403275926195388 -9.738067340325482 -9.038769550948373 -8.527118753354031 -8.141504185240448 -7.7968592103327685 -7.489118143809032 -6.974339896351644 -6.649397855581155 -6.240952903467334 -6.13962352790464 -5.988254954533209 -5.957918690861662 -6.052680421711959 -6.058309831465442 -6.272227402097795 -6.3435332589752464 -6.593729248018934 -6.608115517388946 -6.847365431911973 -6.822971322980213 -6.913980113994855 -6.932432068186826 -6.979343816132518 -6.666911574814213 -6.470507723414918 -5.887551068943125 -5.125704282305096 -3.8612763026755577 -3.6676871561530042 -3.4431362559862944
-15.10352032536737 -13.973572689848812 -13.497887565679502 -12.952147564577956 -12.67286629180794 -12.568096721395897 -12.51743203361455 -12.435492847202742 -12.16872137388491 -11.8153195393607 -11.347453039849004 -10.843620866912278 -10.052688796547919 -9.092561688592767 -8.395453114119793 -7.973560127594872 -7.59076026435803 -7.256748618984707 -6.949007552460971 -6.438294989825543 -6.123048043630496 -5.738997200448435 -5.5594815783095894 -5.436260053705573 -5.538840409213485 -5.639544294803569 -5.911945177874885 -6.165894106754227 -6.263470542481266 -6.440171459743371 -6.485206737771234 -6.5036586919632065 -6.506786141826252 -6.341656789057419 -6.3435332589752464 -6.050491206807827 -5.75557268472258 -5.296775789813717 -4.624999559231415 -3.6561155916597334 -3.77527143144179 -3.9197596151145198 -5.522264924939341
-14.908992943885902 -13.845659990450228 -13.209849433292955 -12.91774561608445 -12.599371220026358 -12.476462440408646 -12.419855597887512 -12.16872137388491 -11.899135195690336 -11.524153957111109 -11.020321784174381 -10.40890533594887 -9.61515856070777 -8.625007934067375 -7.831886648798885 -7.409055427315052 -7.076920251859557 -6.744159586431452 -6.42453421042814 -5.942281441546432 -5.55541589348763 -5.180434654908402 -5.00185726772847 -5.008737657427171 -5.112256247893997 -5.425626724171217 -5.703969761982319 -5.916949097655758 -6.051742186753045 -6.167770576672055 -6.22844310401515 -6.1834078259872856 -6.11992059376745 -5.954791240998616 -5.678637418091646 -5.38653360088314 -4.9443121902484215 -4.415773163393631 -3.5907518895220703 -2.6443855609643205 -3.7909086807570205 -5.653305074200972 -7.2448643095051315
-14.84175277183041 -13.798748242504537 -13.126972011922234 -12.869895633179844 -12.518370268573463 -12.40015266375032 -12.163091964131427 -11.911957740128825 -11.513520627576753 -11.14635801365514 -10.48427687764828 -9.825010446518164 -9.177628324867621 -8.313201182721679 -7.488179908850118 -6.83297916254196 -6.499905752127551 -6.223439184234276 -5.889427538860953 -5.434383583787746 -4.981216098632365 -4.671598562190802 -4.59747800043661 -4.6443897483823005 -4.8611220238913955 -5.175743480113833 -5.425626724171217 -5.577933532501561 -5.780279538640643 -5.834697166257646 -5.8797324442855095 -5.821249131846548 -5.736182495571693 -5.518511985103685 -5.24204541721041 -4.8270328203841935 -4.338837896762697 -4.01952526574569 -3.108186375654057 -2.356347428577775 -5.295837554854803 -7.195137856682699 -8.078955187979526
-14.786084164268189 -13.674588482941605 -13.192335714059897 -12.845501524248085 -12.498980079422576 -12.279120354050438 -12.01266162571891 -11.624857842701193 -11.20202662121736 -10.520242551073311 -9.753704589640712 -9.174813619990879 -8.873952943165845 -8.059564998828641 -7.290837822491909 -6.584972388402405 -6.181531356069458 -5.933524581929903 -5.578871767460475 -5.122889577428354 -4.655023077916658 -4.547751547614176 -4.5086584243261 -4.69317796624582 -4.898338677261644 -5.028127846578057 -5.258620901484554 -5.323046368663304 -5.549786483734146 -5.515384535240639 -5.552601188610888 -5.49099042630888 -5.3261738185263505 -5.127893497209228 -4.855179869151607 -4.398259444160573 -4.004826251389374 -4.057367409088548 -3.2939568975189952 -3.049703063215095 -6.475511643195792 -8.110229686609987 -8.79764316650752
-13.888506053573959 -13.45097581773381 -13.201092573676426 -12.748863323479961 -12.491161454764963 -12.154022359528593 -11.686468605003201 -11.285842277546996 -10.726341497048049 -9.95104667599892 -9.014375442016615 -8.454874661517668 -8.315390397625812 -7.824068024141269 -7.2586250889025346 -6.845488961994145 -6.42453421042814 -6.035166702478901 -5.632663905104868 -5.207956213703207 -4.775117152657628 -4.826094585425279 -4.910848476713828 -5.063468030030478 -5.092553313756807 -5.134773886907929 -5.166986620497304 -5.224531697977352 -5.185438574689276 -5.244860122087152 -5.288957165156102 -5.125704282305096 -5.070035674742875 -4.91303769161796 -4.6834828716703765 -4.4892682351752144 -4.280980074296344 -3.657053826618647 -3.121008920092546 -3.893489036264932 -7.131650624462863 -8.627822638944117 -8.787009836973162
-13.249880791539946 -13.180451404580323 -12.870833868138758 -12.569347701341115 -12.326970336955043 -11.887563631197064 -11.29366090220461 -10.595614092772722 -9.821257506682509 -9.029074456372932 -8.309448242886024 -7.828133708963229 -7.582003404741501 -7.317108401341496 -7.296779977231697 -7.132588859421777 -6.755731150924722 -6.245018588289294 -5.727425635955164 -5.357135572170507 -5.056587640331776 -5.156978780935557 -5.2820767754574005 -5.280200305539573 -5.2392307123336685 -5.13758859178467 -5.0378229411535 -5.0312552964411035 -4.962764144440394 -5.0212474568793555 -4.849550459398125 -4.887705347727287 -4.964640614358221 -4.89333475748077 -4.854241634192694 -4.59278682564204 -3.7324253683180584 -2.798568839212493 -3.662995981358435 -6.037981407355642 -8.07301303323974 -8.17965907356961 -8.092715967376929
-12.60625160972506 -12.345422291147013 -12.234085076022573 -12.279120354050438 -11.87974500653945 -11.324935400835072 -10.660977794910385 -9.94135158142348 -9.255814571443773 -8.726337309630068 -8.285992368913178 -7.564176940522138 -7.137592779202651 -7.090681031256959 -7.279266257998639 -7.324927025999112 -7.1100712204078445 -6.620938061827435 -6.0232823929993256 -5.44626789326732 -5.059402345208518 -4.959949439563652 -5.052521955509817 -5.035946471235672 -5.043765095893288 -5.008737657427171 -4.936493565590807 -4.9139759265768745 -4.755726963506742 -4.669722092272974 -4.5837172210392065 -4.775117152657628 -4.599354470354437 -4.81733772580875 -4.702873060821263 -3.7324253683180584 -3.0543942380096643 -4.827971055343107 -6.977467346214691 -7.3896652381641665 -7.922582694827222 -7.557609295809741 -7.371838773944804
-12.089596892349842 -11.911957740128825 -11.704920559195173 -11.593583344070732 -11.231424649929995 -10.735098356664578 -10.174659341206716 -9.60233601626928 -9.179504794785448 -8.61593832946454 -7.9432238639233255 -7.207960401121188 -7.052526142927797 -7.25080646424492 -7.381846613506551 -7.463785799918359 -7.259563323861449 -6.822971322980213 -6.3094440554680435 -5.631725670145954 -5.153225841099901 -4.780121072438502 -4.687235811506032 -4.734147559451724 -4.84173183474051 -4.837666149918549 -4.765422058082184 -4.6972436510677795 -4.469565301038024 -4.513662344106974 -4.344467306516179 -4.497086859832829 -4.614991719669668 -4.959949439563652 -4.477383925695639 -3.1288275447501612 -3.1873108571891233 -6.659092950156597 -8.125866935925218 -7.5876328144949845 -7.394356412958736 -7.18638099706617 -6.9208605036935555
-11.702105854318432 -11.549799045988086 -11.358399114369664 -11.122902139682294 -10.660977794910385 -10.03705154723269 -9.521335064816387 -9.240177322128542 -8.858315693850614 -8.02422481537622 -7.260501558820362 -6.905223254378326 -7.124770234764162 -7.355263289670659 -7.49099461372686 -7.53509165679581 -7.211713340956843 -6.73727919673275 -6.203110760124476 -5.533210999460002 -5.019370986961528 -4.618119169532713 -4.56026134706636 -4.620933874409455 -4.7350857944106375 -4.714757370300838 -4.613115249751839 -4.503654504545226 -4.257524200323498 -4.0908311226231415 -4.03985368985549 -4.283169289200476 -4.396382974242745 -4.331019272105082 -3.483167614233284 -2.5974738130186292 -5.271443445923044 -7.866914087265001 -7.890369961237846 -7.605459278714347 -7.164801593011152 -6.734151746869704 -6.469569488456004
-11.357148134424447 -11.268328558313938 -11.042839423188315 -10.61312781200578 -9.94823197112218 -9.354329242129726 -8.979348003550498 -8.70194320069831 -8.379815864804561 -7.618907313125446 -6.989038910707961 -6.8123379934458566 -7.049711438051055 -7.2927142924097375 -7.433449536246812 -7.320235851204543 -6.9940428304888345 -6.442360674647503 -5.862218725052451 -5.208894448662122 -4.751661278684782 -4.459870206462581 -4.431410412708861 -4.447985896983006 -4.454866286681707 -4.429533942791034 -4.2031065727064965 -4.060494858951595 -3.93946254925171 -3.877851786949702 -4.1083448418562 -3.5047470182883025 -3.1247618599282014 -2.9421187879263093 -2.2547053080287767 -4.770425977863058 -7.438453456027686 -7.949166018663114 -7.564176940522138 -7.287084882656254 -6.6472086406770226 -6.345409728893074 -6.274416617001927
-11.092565876010747 -10.949954162255846 -10.545887639950289 -9.982321174629382 -9.369966491444956 -8.959957814399612 -8.581849125957339 -8.24877571554293 -7.91976798995048 -7.612026923426743 -7.138531014161565 -7.069101627201941 -7.096623185996747 -7.231416275094034 -7.2498682292860055 -7.136654544243736 -6.782939964733223 -6.232196043850805 -5.629849200228127 -5.009675892386085 -4.607173095012052 -4.3669849455301115 -4.2509565556111015 -4.0026370364852415 -3.9960693917728447 -3.7586959471676455 -3.536959751877677 -3.5429019066174647 -3.5848097347822825 -3.796850835496808 -3.701150869687597 -2.6493894807451945 -2.1493102476441233 -2.0329691127388085 -4.382622194845342 -6.889586005063095 -7.596389674111514 -7.565427920467357 -7.351510349835004 -6.867068366049163 -6.318200915084573 -6.2174970294944885 -6.153071562315739
-10.805465978583115 -10.43736512970259 -10.019537827999631 -9.554486033364675 -9.110075407825825 -8.732279464369856 -8.357298225790629 -8.023286580417306 -7.8434582132921555 -7.61515437328979 -7.444082865781168 -7.385599553342207 -7.212651575915757 -6.992166360571007 -6.995919300406662 -6.809523288569115 -6.455808709058601 -5.949161831245133 -5.355259102252679 -4.836727914959636 -4.442356487229523 -4.226562446679342 -3.928516474731049 -3.6335979526458018 -3.2839490579572477 -3.0468883583383537 -3.0556452179548828 -3.084730501681211 -3.189187327106951 -3.3074049319300936 -2.539928735538581 -1.8378162412847319 -1.8737819147097619 -4.169642859171903 -6.521485156182569 -6.9940428304888345 -7.145411403860265 -7.088804561339131 -6.993104595529921 -6.499905752127551 -6.319139150043487 -6.186535275850332 -6.2665979923443125
-10.279116166632456 -9.816253586901635 -9.628919340105172 -9.31054494404708 -8.827041195220154 -8.486149160148129 -8.117110076308688 -7.900377800799594 -7.751823932304904 -7.729306293290972 -7.625787702824146 -7.4919328486857735 -7.111322200353063 -6.780125259856481 -6.5427518152512825 -6.353228353550689 -5.8544001003948365 -5.339621852937449 -4.838604384877463 -4.3582280859135825 -3.9998223316084998 -3.8994311910047204 -3.5701107204259657 -3.3436833503414283 -2.9834011261185176 -2.8407894123636157 -2.8864501803640885 -2.9568178022826257 -2.9227285987754232 -2.601539497840589 -1.700208447310703 -1.9500916913680868 -3.5310175971378897 -5.71085015168102 -6.238138198590593 -6.297559745988469 -6.324143069824361 -6.482392032894493 -6.327896009660016 -6.171836261494016 -6.117105888890709 -6.116167653931795 -6.24877152812495
-9.631734044981915 -9.407183144815205 -9.11789403248344 -8.643459888259347 -8.377939394886734 -8.195296322884841 -8.062379703705382 -7.869103302169133 -7.767461181620135 -7.780283726058624 -7.789978820634067 -7.632668092522848 -7.156982968353536 -6.684425294047271 -6.290053866317158 -5.634540375022696 -5.04188862597546 -4.517415283942629 -4.033911535115703 -3.7646381019074333 -3.4500166456849954 -3.303651992094438 -3.0300001290779046 -2.887701160309307 -2.7801168850205213 -2.6618992801973786 -2.7263247473761285 -2.8357854925827417 -2.982150146173299 -2.822024713185339 -2.8855119454051747 -3.684575385413453 -4.698181886026694 -5.00185726772847 -5.088800373921151 -4.9821543335912795 -5.029066081536971 -5.17761995003166 -5.3640159618692085 -5.610146266090936 -5.768395229161069 -5.836886381161778 -5.998888284067566
-9.174813619990879 -9.141349906456286 -8.514608953901847 -8.080831657897354 -7.965741502937258 -7.980440517293575 -8.006711096143162 -7.929463084525922 -7.807492539867125 -7.7780945111544915 -7.848462133073029 -7.730244528249886 -7.227350590272073 -6.655027265334637 -5.987316719574295 -5.087862138962238 -4.271284979720901 -3.7555684973045995 -3.4697195798221863 -3.312408851710967 -3.00185308031049 -2.54868559515511 -2.24407197849442 -2.058301456629482 -2.035158327642941 -2.1396151530686804 -2.3632278182764765 -2.6806639793756553 -3.0418844385574797 -3.3249186511631517 -3.914755695333646 -4.501778034627399 -4.651270138081002 -4.300683008433534 -3.922574319991261 -3.822183179387481 -3.8916125663471046 -4.0329733001567885 -4.2031065727064965 -4.356351615995755 -4.758541668383483 -5.252678746744767 -5.521326689980427
-8.864257848590402 -8.540879532751436 -8.113044391486728 -8.197172792802668 -8.129619875760874 -7.918829754991567 -7.749947462387077 -7.642363187098291 -7.61515437328979 -7.625787702824146 -7.547601456247994 -7.221408435532286 -6.7985772140484535 -6.209678404836873 -5.419684569431428 -4.509596659285014 -3.7859047609761465 -3.408108817520178 -3.264558868806362 -3.026247189242249 -2.7607266958696357 -2.377926832632793 -2.083008310547546 -1.9294505222719827 -1.8659632900521466 -1.8525152556410482 -1.911936803038924 -2.01952107832771 -2.3522817437558152 -3.0077952350502772 -3.721479293797397 -4.191222263226921 -4.352285931173795 -4.0908311226231415 -3.801542010291377 -3.677694995714752 -3.5438401415763785 -3.407170582561264 -3.0575216878727103 -3.089734421462085 -3.5576009209737816 -4.182465403610392 -4.614991719669668
-8.771372587657932 -8.386696254503264 -8.20405318250137 -8.177469858665479 -8.025163050335134 -7.713669043975742 -7.256748618984707 -7.029070268954951 -6.904285019419412 -6.858311506432634 -6.703815483198157 -6.367927367907006 -5.972617705217979 -5.552601188610888 -4.807329886247002 -4.07988504810248 -3.46659212995914 -3.221400060696326 -3.1219471550514597 -2.978397206337644 -2.741961996691359 -2.547747360196196 -2.4529856293458994 -2.285041571700324 -1.9960652043548643 -1.755877054872924 -1.4453212834724463 -1.4794104869796492 -1.8084182125720982 -2.315377835371871 -2.899272724802578 -3.3105323817931396 -3.5497822963161663 -3.676756760755838 -3.5985705141796855 -3.521322502562447 -3.268311808642017 -3.1072481406951433 -2.709749263101984 -2.6806639793756553 -3.0212432694613756 -3.4228078318764945 -3.693332245029982
-8.70882359039701 -8.463631521134197 -8.200925732638325 -7.801550385127337 -7.4540907053429155 -6.962768331858374 -6.604362577553291 -6.385753832126369 -6.201859780179258 -5.832820696339819 -5.62672175036508 -5.354320867293765 -5.014367067180654 -4.766360293041099 -4.436414332489735 -3.7918469157159342 -3.4578352703426107 -3.2586167140665743 -3.223589275600458 -3.16197851329845 -3.0975530461197005 -3.1325804845858167 -3.072220702229027 -2.830781572801868 -2.5124071767437752 -1.9726093303820185 -1.585743782323216 -1.1100586581539043 -1.1679164806202573 -1.487229111637264 -1.8884809290660787 -2.1464955427673815 -2.4911405176750616 -2.7294521972391745 -3.068155017407067 -3.0487648282561812 -2.9655746618991548 -2.8817590055695197 -2.568075784305996 -2.373861147810833 -2.7088110281430704 -3.0887961865031714 -3.3602588346155726
