static/data/ASCData/20210102/ASCV/18.asc
ncols 97
nrows 97
xllcorner 99.0
yllcorner 2.0
cellsize 0.25
NODATA_value -32767
[rows 57 to 75 of 97, columns 43 to 85 of 97]
-14.482215385744944 -13.427583350405879 -13.700125324129996 -13.300798631137532 -13.270382344567217 -13.130648117155072 -12.940320462576464 -12.570205450745593 -12.220568730863054 -11.730294329511825 -10.937362819218347 -10.09082636823659 -9.308435155269459 -8.933501721803685 -8.616991650661094 -8.21947186578172 -7.796655367319113 -7.446115193380029 -7.503635101646665 -7.645477388524078 -7.959879400201402 -8.025229243624754 -8.184538308928683 -8.09660211409173 -8.00475095167642 -7.746965394209191 -7.599401231640333 -7.84754994583776 -7.982164600262821 -8.194175152198486 -8.215556898203362 -8.334812833667174 -8.046610989629627 -7.964697821836303 -7.793945005149481 -7.6638476210071405 -7.190437695378068 -6.704078261605198 -6.070154665263469 -5.468755414957325 -4.538800039421336 -4.394548541726472 -4.122006568002357
-14.946289619456394 -14.168716828124165 -14.08680366033084 -13.78414655138859 -13.503774642507757 -13.327902252833853 -12.919842170628133 -12.544908737162359 -12.060356211502578 -11.523403350563242 -10.519364742390643 -9.597540453363548 -8.891340532498297 -8.744077521281621 -8.431482417717385 -8.061367405886514 -7.642465875002265 -7.460871609636914 -7.51357309626865 -7.633732485789006 -7.883688108099522 -8.010472827367867 -8.146292087201653 -8.088772178935017 -7.904166400047853 -7.649392356102435 -7.661137258837508 -7.898444524356407 -7.848453399894304 -7.874954718886262 -7.778285134836051 -7.52049957736882 -7.233201187387818 -6.771235013141637 -6.583015418028298 -6.171642670948582 -5.724432912959286 -5.235363117016784 -4.845673267294125 -4.358410379464711 -4.934512916187622 -5.006789240711145 -5.81718752943114
-15.442285896499069 -14.855341911097629 -14.302729179844864 -13.97658226543247 -13.545634680460966 -13.142393019890147 -12.735236391740969 -12.281100152651502 -11.794740718878632 -10.827141424319976 -9.70776184826192 -8.901278527120281 -8.472439001614049 -8.407992612247241 -8.246876638830221 -7.87886968646462 -7.589764388370529 -7.409073577061724 -7.378657290491407 -7.485264869163603 -7.645477388524078 -7.7439538806873776 -7.846646491781216 -7.907177913569666 -7.728294010373948 -7.767443686157522 -7.784910464584041 -7.667762588585498 -7.5536262261087685 -7.317222414646413 -6.9510223703939 -6.580907358563028 -6.1806772115140225 -5.720517945380929 -5.400394058012161 -4.995044337976072 -4.561386390834937 -4.086771859797139 -3.7214752696011693 -3.2390308034066564 -4.705035585825438 -6.218622281888871 -7.022395240860878
-15.631710097021134 -14.978512814139798 -14.21479298500791 -13.7371669404483 -13.117096306306912 -12.70391665111411 -12.339824666326866 -11.884784973180855 -10.912969559691657 -9.83093275130409 -8.751907456438335 -8.15231511424528 -7.956867886679587 -8.000835984098064 -7.866221329673003 -7.691252394055643 -7.402147095961553 -7.261509414492865 -7.207001019748041 -7.261509414492865 -7.360287058008346 -7.397328674326651 -7.4081701230051795 -7.5126696422121055 -7.618072615475576 -7.657222291259151 -7.633732485789006 -7.402147095961553 -7.104308408654203 -6.642342234408022 -6.15116437900025 -5.7274444264810995 -5.3320327010669955 -5.077860959825942 -4.756833618400629 -4.365939163269244 -3.9099960160666902 -3.668773782969434 -3.1074276625034094 -2.5126537419452553 -5.2254251223948 -6.808577780812124 -7.241934576601078
-15.31248966370891 -14.469567028953328 -13.72361512960014 -13.126733149576715 -12.559364002067063 -12.204908860549622 -11.853465232553994 -11.108416787257351 -10.076069951979704 -8.832013716118572 -7.87886968646462 -7.566274582900385 -7.526221453060266 -7.545796290952054 -7.429551869010055 -7.281987706441196 -7.203989506226228 -7.093768111327856 -7.102501500541115 -7.140446570915965 -7.167851343964467 -7.11695676544582 -7.075096727492613 -7.2030860521696845 -7.327160409268398 -7.44430828526694 -7.432563382531868 -7.129906273589618 -6.750756721193306 -6.04786946520205 -5.646434712744318 -5.2702966738698205 -5.075150597656309 -4.8691630727642705 -4.6228212666799315 -4.1864529573691645 -3.7850182049114327 -3.881687788961644 -3.2634240629333453 -2.8327776293140237 -5.7684010103777625 -6.970597208285687 -7.287107279428279
-14.126856790170958 -13.38753022056576 -12.860214202896227 -12.443119580125066 -12.298566931078021 -11.887495335350486 -11.293926020201058 -10.40040995827901 -9.111181019590678 -7.841526918794133 -7.433466836588412 -7.301562544332984 -7.230490825218187 -7.017576819225977 -6.907054272975423 -6.807373175403399 -6.795628272668326 -6.8486309106522425 -6.900127791875253 -6.994990467812376 -6.993183559699288 -6.907054272975423 -6.830862980873543 -6.946203948758998 -7.113041797867463 -7.239224214431445 -7.278072738862839 -7.044680440922297 -6.5408542287229094 -5.920783594581523 -5.562413485485724 -5.214583673716271 -5.168808668184707 -4.947161272979239 -4.753822104878815 -4.6267362342582885 -4.453875358106197 -3.666966874856346 -3.01346844062283 -3.5037428419740575 -5.9530067892649265 -7.003723857025635 -7.026310208439235
-12.875874073209657 -12.249780412024643 -11.922730043555703 -11.946219849025848 -11.948026757138937 -11.610134939991468 -10.77443993768824 -9.485210998999907 -8.211641930625005 -7.532244480103893 -7.358178998543076 -7.338604160651289 -7.196159571069513 -6.888684040492361 -6.714618558931544 -6.551695677401438 -6.452918033885957 -6.512546001617863 -6.65529174255182 -6.801651299711953 -6.66191707229981 -6.541757682779453 -6.496886131304433 -6.577895845041215 -6.826948013295186 -7.038055111174308 -7.075096727492613 -6.9736087218075005 -6.672758520978338 -6.288790546947125 -5.796709237482809 -5.725336367015831 -5.703954621010955 -5.474477290648771 -5.321191252388467 -5.007692694767688 -3.9882953676338397 -2.8779503321412254 -3.330881965821966 -5.387444549868363 -6.9287371703324805 -6.89049094860545 -6.734193396823332
-12.021507687071185 -11.661029518510116 -11.716742518663665 -11.771250913408487 -11.532136739776501 -11.05451069521689 -10.049568632987746 -8.910915370390086 -8.129728762831679 -7.884591562156065 -7.6171691614190316 -7.589764388370529 -7.347638701216729 -7.042873532809209 -6.858267753922046 -6.6863103318264985 -6.481226260991003 -6.36407838499246 -6.306558476725824 -6.278250249620777 -6.158090860100422 -6.154175892522064 -6.211695800788701 -6.287887092890581 -6.490260801556444 -6.73810836440169 -6.892599008070719 -6.921810689232309 -6.70016329402684 -6.4158764175676515 -6.173750730413851 -6.177665697992209 -5.771412523899576 -5.759667621164503 -5.30372447396195 -3.906081048488333 -2.630705072000342 -4.008773659582172 -5.740092783272717 -6.241208633302472 -6.635716904660033 -6.232174092737032 -5.988241497470144
-11.627902869770168 -11.692349259136975 -11.670666361779919 -11.456848901731165 -10.87110952173845 -10.312473763442059 -9.511712317991865 -8.669693137292828 -8.334812833667174 -8.041792567994726 -7.835805043102687 -7.8689316918426355 -7.508754674633749 -7.1931480575477 -6.961863819072428 -6.77424652666345 -6.520375936774578 -6.162909281735323 -5.9978783407399465 -5.797612691539353 -5.737081269750903 -5.760571075221048 -5.883741978263218 -6.018356632688278 -6.320110287573985 -6.644450293873292 -6.863989629613491 -6.8055662672903106 -6.613130553246432 -6.549587617936169 -6.2665053468857055 -6.070154665263469 -5.863263686314886 -5.695221231797696 -4.781226877927318 -3.0095534730444724 -2.586736974581866 -5.289871511761607 -6.4306328338245375 -6.089729503155256 -5.614211518060914 -5.25463680355639 -4.966736110871025
-11.559541512825003 -11.588753193986594 -11.45986041525298 -11.005724176163511 -10.350418833816908 -9.745104615932407 -9.083776246542175 -8.747992488859978 -8.436300839352286 -8.193271698141942 -8.053537470729799 -7.946026438001059 -7.582837907270359 -7.331978830903299 -7.028117116552323 -6.810384688925212 -6.452014579829413 -6.078888054476728 -5.714796069689483 -5.42478731753885 -5.338658030814985 -5.421775804017036 -5.636496718122334 -5.954813697378015 -6.2869836388340365 -6.640535326294934 -6.819118078138471 -6.761598169871834 -6.591748807241556 -6.2294637305674 -5.962643632534729 -5.7684010103777625 -5.344681057858612 -4.7761073049402345 -3.5886675232891965 -2.349429709062967 -4.18554950331262 -5.767497556321219 -5.466647355492056 -5.281138122548349 -4.628844293723558 -4.068100475961896 -3.7928481400681475
-11.324944609475736 -11.284891479635618 -11.100586852100635 -10.50972789912084 -9.98120727604258 -9.448169382681602 -9.103351084433964 -8.76847078080831 -8.559471742394457 -8.35830263913732 -8.050525957207986 -7.819241718732714 -7.51357309626865 -7.244946090122891 -6.917895721653952 -6.492971163726076 -6.129782632995375 -5.707869588589313 -5.322094706445011 -5.02817098671602 -4.95197969461414 -5.004681181245875 -5.281138122548349 -5.601563161269298 -5.989144951526687 -6.342696638987586 -6.550792223344894 -6.522483996239847 -6.322218347039254 -5.912953659424808 -5.733166302172545 -4.441227001314581 -3.6052308476591706 -3.0944781543596114 -2.0789957948041202 -4.247887833214158 -6.001793308318304 -5.410030901281964 -4.653237553250246 -4.308419255002608 -3.6970820100744803 -3.3143186414519925 -3.308596765760547
-10.948204267896875 -10.847619716268307 -10.61302281291904 -10.152261244081583 -9.791783075520515 -9.452987804316503 -9.106362597955776 -8.837735591810018 -8.631748066917979 -8.299578125461958 -7.875858172942806 -7.564467674787297 -7.276265830749751 -6.965778786650786 -6.546877255766536 -6.114122762681945 -5.561510031429179 -5.137488927557848 -4.9101196566609335 -4.720695456138868 -4.651129493784977 -4.601439520675056 -4.817365040189079 -5.0390124353945485 -5.42267925807358 -5.831040491631482 -6.04786946520205 -6.107196281581775 -5.9587286649563715 -5.6491450749139505 -4.742077202143744 -3.0360547920364307 -2.1678354436976166 -1.7088807829732486 -3.5106693230742287 -5.660889977649023 -5.937346918951497 -5.05075733812962 -4.546629974578051 -3.8515726537435095 -3.36310516050537 -3.1619360572482327 -3.1550095761480614
-10.647354067067713 -10.358248768973624 -10.12696453049835 -9.911039010984327 -9.845689167560977 -9.475574155730104 -9.11599944122558 -8.846468981023277 -8.498940320606007 -8.125813795253322 -7.607231166797048 -7.287107279428279 -6.991978954290563 -6.609215585668075 -6.179472606105297 -5.48321067986203 -4.92969449455272 -4.64058919645863 -4.460801839206368 -4.643299558628263 -4.570119780048196 -4.423760222888063 -4.320164157737681 -4.516514839359917 -4.628844293723558 -5.036904375929279 -5.3543179011284145 -5.414849322916865 -5.212776765603183 -4.7517140454135465 -3.003831597353027 -1.9714847620753808 -1.6170296205579389 -3.0974896678814248 -4.900181662038949 -5.310349803709939 -5.19410538176794 -4.769481975192246 -4.509588358259746 -3.8076045563250336 -3.4929013932955293 -3.1950627059881804 -3.019491467666457
-10.269409120080127 -9.885742297401094 -9.674635199521973 -9.592722031728647 -9.553572355945072 -9.41895770152001 -9.059382987015487 -8.713661234711305 -8.317346055240655 -7.908984821682754 -7.431659928475324 -7.12599130601126 -6.877842591813833 -6.445088098729242 -5.699136199376054 -4.982395981184455 -4.364132255156157 -4.0653901137922634 -4.216568092587298 -4.614087877466672 -4.537896585364792 -4.3171526442158665 -4.044911821843932 -4.044911821843932 -4.102431730110569 -4.034973827221949 -4.327994092894396 -4.215664638530754 -3.909092562010146 -3.1209794733515697 -1.6230526476015656 -1.7703156588182427 -3.124894440929927 -4.394548541726472 -4.644504164036988 -4.674619299255122 -4.648419131615345 -4.42556713100115 -4.126824989637258 -3.7341236263927855 -3.429659609337447 -3.1227863814646577 -2.9716084026696232
-9.840569594573893 -9.394263290641142 -9.091606181698891 -8.953980013752016 -8.935308629916774 -8.932598267747142 -8.779312229486838 -8.458887190765887 -8.196283211663756 -7.8279751079459725 -7.4530416744801995 -7.1931480575477 -6.946203948758998 -6.260482319842079 -5.3934675769119895 -4.509588358259746 -3.8943361457532606 -3.7019004317093818 -3.8916257835836285 -4.157241276207573 -4.035877281278492 -3.89644420521853 -3.847657686165152 -3.8085080103815776 -3.6034239395460825 -3.31823360903035 -2.9899786351526854 -2.6855146180973466 -2.4969938716318256 -2.1530790274407305 -2.2274634114295226 -3.1532026680349734 -3.855487621321867 -4.0262404380086885 -4.142484859950688 -4.180429930325538 -4.111165119323828 -3.9636009567549695 -3.8952395998098046 -3.6814221397610503 -3.4052663498107583 -3.2119271817103354 -3.124894440929927
-9.618018745311879 -9.093714241164161 -8.675716164336455 -8.515503644975981 -8.35830263913732 -8.265548022665465 -8.295663157883599 -8.388417774355453 -8.308612666027397 -7.97072084887993 -7.628914064154104 -7.301562544332984 -6.766416591506736 -5.9343354054296835 -4.9607130838273985 -4.048826789422289 -3.523317679865845 -3.390509933553872 -3.3739466091838985 -3.3260635441870647 -3.256798733185356 -3.2215640249801387 -3.244150376393739 -3.1462761869348026 -2.9306518187729607 -2.5897484881036794 -2.1609089625974462 -1.902219951073672 -2.0877291840173795 -2.5837254610600526 -3.0926712462465233 -3.567285777284321 -3.6269137450162274 -3.6142653882246107 -3.558552388071062 -3.525124587978933 -3.561262750240694 -3.589872128697922 -3.463689712133939 -3.256798733185356 -3.2480653439720966 -3.2480653439720966 -3.276373571077143
-9.632775161568766 -9.058479532958943 -8.616088196604549 -8.291748190305242 -8.023422335511665 -7.8876030756778786 -7.978249632684463 -8.21073847656846 -8.26645147672201 -8.02432578956821 -7.669870648050767 -7.263617473958134 -6.535132353031464 -5.499774004232004 -4.509588358259746 -3.7832112967983447 -3.4061698038673023 -3.249872252085185 -3.151094608569704 -3.0234064352448144 -2.934566786351318 -2.6755766234753624 -2.5487919042070164 -2.5066307149016285 -2.4129726443732307 -2.1865068275328596 -1.8543368860768377 -1.7597753614918963 -2.131697281435856 -2.9255322457858774 -3.3856915119189708 -3.644380523442745 -3.567285777284321 -3.2390308034066564 -2.814407396830962 -2.655098331527031 -2.7547794290990555 -2.850545559092723 -3.0622549596762076 -3.426648095815634 -3.4929013932955293 -3.3474452901919403 -3.3073921603518217
-9.10033957091215 -8.67270465081464 -8.31132302819703 -8.010472827367867 -7.808400270054185 -7.665955680472409 -7.652102718272068 -7.822253232254527 -7.90808136762621 -7.70871917248216 -7.2666289874799475 -6.822129591660285 -5.990951859639775 -4.937524429709435 -4.098516762532212 -3.7088269128095526 -3.4257446417590898 -3.3064887062952777 -3.2664355764551587 -3.114052992251399 -2.8866837213544843 -2.6276935584785286 -2.391590898368355 -2.1717504112759745 -1.9100498862303867 -1.7001473937599902 -1.533008393299344 -1.484221874245966 -1.7206256857083213 -2.342503227962796 -2.9177023106291626 -3.3073921603518217 -3.292936895447117 -3.0182868622577317 -2.5749920718467934 -2.1434421841709277 -2.047676054177261 -2.509642228423442 -3.113149538194855 -3.5437959718141765 -3.540784458292363 -3.427551549872178 -3.3757535172969866
-8.52905545582414 -8.254706573986937 -7.920729724417827 -7.649392356102435 -7.508754674633749 -7.439188712279858 -7.384680317535034 -7.2497645117577925 -7.218745922483114 -6.8299595268169995 -6.3505265741443 -5.752741140064333 -4.879703370090617 -4.127728443693802 -3.888614270061815 -3.60733890712444 -3.6491989450776465 -3.589872128697922 -3.589872128697922 -3.4501379012857782 -3.3064887062952777 -3.0830344029767205 -2.7948325589391745 -2.295824768374688 -1.967569794497023 -1.5555947447129448 -1.3104575440373312 -0.9511839808849878 -1.030989089213044 -1.2038499653651353 -1.486329933711236 -1.820306783280346 -2.2967282224312315 -2.2684199953261857 -2.331059476579905 -1.984133118866997 -1.9305281781787178 -2.3620780658545835 -2.8984286240895565 -3.2555941277766305 -3.352564863179023 -3.4335745769158046 -3.3992433227671315
