static/data/ASCData/20210102/ASCV/21.asc
ncols 97
nrows 97
xllcorner 99.0
yllcorner 2.0
cellsize 0.25
NODATA_value -32767
[rows 38 to 56 of 97, columns 43 to 85 of 97]
-5.1092877566924475 -5.4619128922396145 -5.883741890249206 -6.176600053669734 -6.336712626366887 -6.258700999591063 -6.241085470964265 -6.2967631239453965 -6.487073745717061 -6.735263961548207 -6.921799827185558 -7.103302684643824 -7.318149221288529 -7.702859783977365 -8.003896585688908 -8.242020785161884 -8.465675086119989 -8.669826480384138 -8.758533249540516 -8.767341013853915 -8.887504084129578 -8.932486594730154 -8.950102123356952 -9.002634146226157 -8.987220558677707 -9.047616656826731 -9.314366090318256 -9.575138826597115 -9.954816381106866 -10.2341483350461 -10.46377933321687 -10.380734698261962 -10.219678436531233 -9.867996990017643 -9.40716217862014 -8.701911907525806 -7.927457773969049 -6.897263912312517 -5.735268148966187 -3.9529541275475895 -1.6110325092169386 -0.23607758729306028 -0.13447373467777535
-5.33482943571771 -5.6638623454254144 -5.9441379883982295 -6.155209768908621 -6.3650232973742416 -6.5028018962767025 -6.518530046836345 -6.70003290429461 -6.89537653424536 -7.082856088916289 -7.256809434105927 -7.516323918340015 -7.736203463163806 -8.066180061905088 -8.306506202456415 -8.568222627768852 -8.801628382073936 -8.97652541629715 -9.032203069278282 -9.084735092147486 -9.12185352746824 -9.110214696054106 -9.134750610927146 -9.181620499594878 -9.216536993837284 -9.43138353048199 -9.705053350219755 -10.029996940781952 -10.395204596776832 -10.517569608130845 -10.61130938546631 -10.441130796410986 -10.148272632990459 -9.760731003200886 -9.194203020042591 -8.507511966608636 -7.549667597526454 -6.449955310396307 -5.301485756531269 -3.4726164094561316 -1.0243724933423026 1.033498725881218 1.0831996816496856
-5.650336135944122 -5.825862296189724 -6.094499107748404 -6.345520390680286 -6.524192181037815 -6.696258148160296 -6.95199787626007 -7.135702674796685 -7.361244353821947 -7.559419050873433 -7.700972405910209 -7.963632520256224 -8.189174199281487 -8.441139171246947 -8.670770169417716 -8.896311848442977 -9.127830224680904 -9.158971962788995 -9.19609039810975 -9.273158335851994 -9.239185530643168 -9.23509621149766 -9.30052531782577 -9.361235978985988 -9.524179618783876 -9.73996984446216 -10.060509552867657 -10.40715799120216 -10.598412302007404 -10.60029968007456 -10.577022017246291 -10.265604636165385 -9.94317754969273 -9.417857321000698 -8.85227302687598 -8.253659616576018 -7.310285146008708 -6.3952213464487535 -5.338604191852023 -3.7966163109847506 -2.018391608711659 0.23639605551857645 1.7871917006992488
-5.999815641379361 -6.149233071695957 -6.344576701646707 -6.60126011878006 -6.790941614529339 -7.080025021815554 -7.336708438948906 -7.5877297218807875 -7.81327140090605 -8.030949004651491 -8.206789727908285 -8.436420726079055 -8.648436195623024 -8.868001177435623 -9.03409044734544 -9.257744748303544 -9.30146900685935 -9.332925307978632 -9.331037929911474 -9.408105867653719 -9.346451517459924 -9.3650107351203 -9.456863134388609 -9.60030386749254 -9.76356207030162 -9.996024135573126 -10.316249280967432 -10.509705532851026 -10.593693856839511 -10.534870573746451 -10.340785195840471 -10.005775588920105 -9.539907769343516 -9.014587540651483 -8.53802457869434 -7.938467479360797 -7.288894861247595 -6.480467922482012 -5.539924519015438 -4.632724794735304 -3.075008763308389 -0.6912502644890921 0.8655220779042443
-6.398366976560682 -6.61006788309346 -6.7311746424027 -6.920856138151979 -7.159924026658533 -7.470397718705861 -7.745011227477205 -7.996976199442665 -8.282913976616952 -8.48800905991468 -8.76545363578676 -8.924622519450333 -9.10738362895337 -9.22849038826261 -9.389546649993342 -9.463783520634852 -9.507507779190655 -9.49586894777652 -9.491150502608628 -9.544626214511409 -9.496812636810098 -9.523235929750296 -9.65692520950725 -9.815150404137247 -9.995080446539548 -10.227542511811052 -10.369095866847829 -10.522288053298738 -10.435468662209516 -10.361231791568006 -10.035973637994616 -9.671709671033314 -9.174700113348637 -8.668882791350558 -8.191376140359836 -7.801632569491915 -7.225353132986643 -6.394277657415175 -5.467575026441086 -4.883746077667185 -3.1640300954759613 -0.7966288732386912 -0.46476489643025065
-6.85322509074552 -7.106448314755752 -7.232273519232885 -7.4159783177695004 -7.637430677649256 -7.930603404080977 -8.190432451326258 -8.47259547236623 -8.794707995827693 -9.063344807386374 -9.3738184994337 -9.3650107351203 -9.536133013209202 -9.591496103179141 -9.661958217686337 -9.728331013048024 -9.724556256913711 -9.702851409141404 -9.694043644828005 -9.735251399294267 -9.680517435346713 -9.706940728286911 -9.859189225704243 -10.019301798401397 -10.189165824445526 -10.28605123189292 -10.389542462575362 -10.387655084508204 -10.280074534680256 -10.121849340050261 -9.638365991846873 -9.318140846452568 -8.757589560506938 -8.28605960672888 -7.908898556308672 -7.526075371686993 -6.868009552271584 -5.916771006424453 -4.778052905906393 -4.05078322402856 -2.1269158475731866 -1.2175141822147033 -1.4040500478520537
-7.560362739907012 -7.653158828208897 -7.66668503769019 -7.960801453155489 -8.09071597677813 -8.457811010840167 -8.69121676514525 -8.963628332838244 -9.307445704072013 -9.564443684216558 -9.82112710134991 -9.775200901715756 -9.953872692073286 -9.937200852480066 -9.967713464565772 -9.948210557871816 -9.936257163446488 -9.945064927759887 -9.958905700252373 -9.963624145420265 -9.91109212255106 -9.942233860659151 -10.07309207331537 -10.19608621069177 -10.313418213866697 -10.378847320194804 -10.327888112381565 -10.268435703266121 -10.068059065136286 -9.898195039092155 -9.315309779351834 -8.892537092308665 -8.392381904512057 -8.0963781109796 -7.734316085096649 -7.091663853229688 -6.313434963538617 -4.894441220047742 -3.463808645142732 -2.6091409437318016 -2.2703565806771193 -1.5194946729598238 -1.6072577530826244
-8.161807217307711 -8.43044402886639 -8.26058000282226 -8.648436195623024 -8.714808990984713 -8.961740954771088 -9.10738362895337 -9.364067046086722 -9.74217178554051 -9.964567834453842 -10.21181436125141 -10.290769677060812 -10.298633752340633 -10.227542511811052 -10.248932796572165 -10.202062907904432 -10.12971341533008 -10.09857167722199 -10.080012459561612 -10.085674593763084 -10.121849340050261 -10.090707601942169 -10.18727844637837 -10.261515317019878 -10.345503641008365 -10.315305591933853 -10.17186485882992 -9.99979889170744 -9.719523248734625 -9.515371854470477 -8.882785638961685 -8.450890624593924 -8.153314016005503 -7.898203413928115 -7.392386091930038 -6.517271794791573 -5.2489537336620655 -3.556604733444618 -2.680546747272575 -2.4704186557957617 -3.395233908702694 -3.1344611724238347 -3.2332339579383844
-8.827107985980554 -9.028113750132775 -8.849441959775245 -9.142300123195774 -9.226288447184261 -9.387659271926186 -9.539907769343516 -9.78998536324182 -10.113985264770438 -10.307441516654032 -10.517569608130845 -10.548711346238935 -10.54367833805985 -10.425717208862537 -10.349592960153872 -10.289825988027234 -10.215589117385726 -10.17060660678515 -10.167775539684413 -10.16966291775157 -10.231317267945366 -10.164944472583677 -10.19608621069177 -10.178470682064969 -10.204893975005168 -10.119961961983103 -9.925562021065932 -9.654094142406516 -9.262463193471437 -8.864226421301309 -8.369104241683788 -8.151112074927154 -7.922739328801157 -7.540859833213055 -6.724568819167651 -5.58679440768317 -4.255563744315095 -2.9051447372642585 -3.2939446190986015 -3.823039603924949 -4.843482012234503 -5.223474129755447 -5.703811847846904
-9.693099955794427 -9.581744649832164 -9.55249028979123 -9.641511621958802 -9.684292191481028 -9.785896044096313 -9.988160060293305 -10.226284259766281 -10.395204596776832 -10.572932698100784 -10.778027781398512 -10.747829732324 -10.662897719301935 -10.473530786563849 -10.401181293989497 -10.393317218709676 -10.323169667213673 -10.21275805028499 -10.188222135411948 -10.168719228717993 -10.248932796572165 -10.185391068311212 -10.198917277792503 -10.145441565889723 -10.051701788554258 -9.934369785379332 -9.697189274939934 -9.385457330847835 -8.948214745289796 -8.589612912529965 -8.057372297591689 -7.735259774130228 -7.334821060881749 -6.760743565454827 -5.923691392670695 -4.945085864849788 -3.9450900522677683 -3.7547794304961037 -4.515392791560377 -5.2448644145165595 -5.924635081704274 -6.372887372654063 -6.386413582135354
-10.31813665903459 -9.965511523487422 -10.095426047110063 -9.954816381106866 -10.114928953804018 -10.17186485882992 -10.355255094355343 -10.484225928944404 -10.616027830634202 -10.669818105548178 -10.776140403331354 -10.778027781398512 -10.684288004063047 -10.555631732485178 -10.447107493623651 -10.410932747336474 -10.343616262941207 -10.261515317019878 -10.207725042105903 -10.1728085478635 -10.27629977854594 -10.228486200844632 -10.289825988027234 -10.230373578911788 -10.097627988188412 -9.848494083323686 -9.595585422324648 -9.328835988833125 -8.900086604577293 -8.60345368502245 -7.951049999808511 -7.493989944545323 -6.763574632555563 -6.194215582296533 -5.5915128528510625 -4.747854856831881 -4.73999078155206 -4.914887815775276 -5.672670109738814 -6.329792240120645 -6.8522814017119416 -6.7899979254957605 -6.552502852045171
-10.921783077513638 -10.416909444549137 -10.61130938546631 -10.35053664918745 -10.534870573746451 -10.56129386668665 -10.592750167805931 -10.71668799421591 -10.695297709454795 -10.786835545711911 -10.782117100544019 -10.802563696271553 -10.73115789273078 -10.663841408335514 -10.532039506645717 -10.411876436370054 -10.345503641008365 -10.2693793922997 -10.190424076490299 -10.127826037262924 -10.24389978839308 -10.241068721292343 -10.346447330041944 -10.268435703266121 -10.158967775371014 -9.91203581158464 -9.662901906719915 -9.41596994293354 -9.028113750132775 -8.71575268001829 -7.983135426950181 -7.266560887452904 -6.578926144985369 -6.144514626528065 -5.555652669575079 -5.514444915108818 -5.580817710470506 -6.117147644554288 -6.772382396868962 -7.204906537259109 -7.263415257340975 -7.164957034837618 -6.5468407178437
-11.417848946164737 -10.887495709293617 -11.013635476781944 -10.7390219680106 -10.868936491633242 -10.631755981193844 -10.666987038447441 -10.779286033443285 -10.757581185670979 -10.933421908927773 -10.884664642192883 -10.897247162640596 -10.810427771551375 -10.710711297003247 -10.517569608130845 -10.399293915922339 -10.292971618139163 -10.213701739318568 -10.174695925930656 -10.131600793397237 -10.263402695087034 -10.274412400478784 -10.379791009228384 -10.286994920926498 -10.179414371098549 -10.052645477587838 -9.80445526175669 -9.55249028979123 -9.143558375240545 -8.665737161238631 -7.9343781602152905 -7.193267705844974 -6.7399824067161 -6.30934564439311 -6.314378652572195 -6.278203906285019 -6.526079559104972 -7.0592638630768265 -7.467566651605125 -7.6962539607423155 -7.632712232481364 -7.361244353821947 -6.726456197234808
-11.75474593115226 -11.242951911941521 -11.307437329236052 -11.060505365449677 -11.07403157493097 -10.767332639017955 -10.899134540707752 -11.011433535703596 -11.075918952998126 -11.274408213060806 -11.063336432550413 -11.021184989050573 -10.83779475352515 -10.649371509820643 -10.457802636004207 -10.388598773541784 -10.281961912747413 -10.184447379277634 -10.177526993031393 -10.13946486867706 -10.307441516654032 -10.288882298993656 -10.379791009228384 -10.294858996206319 -10.230373578911788 -10.104233811423462 -9.807600891868619 -9.540851458377094 -9.013643851617905 -8.428556650799234 -7.790937427111359 -7.230386141165728 -6.86203285505892 -6.876817316584983 -6.881535761752875 -7.080025021815554 -7.345516203262306 -7.622960779134385 -7.811384022838893 -7.981248048883023 -7.78779179699943 -7.5144365402728575 -5.763578819973542
-11.844710952353413 -11.415961568097579 -11.576074140794733 -11.313414026448715 -11.319076160650187 -11.130652916945678 -11.311526648381559 -11.519452798780023 -11.6081595679364 -11.569153754548491 -11.25175967625492 -11.05641604630417 -10.650315198854221 -10.502785146604783 -10.372870622982141 -10.304610449553296 -10.209926983184253 -10.117130894882369 -10.052645477587838 -9.921787264931616 -10.123736718117417 -10.097627988188412 -10.176583303997813 -10.13065710436366 -10.04195033520728 -9.858245536670665 -9.574195137563535 -9.231321455363346 -8.685240067932586 -8.21182273608737 -7.763570445137582 -7.312487087087058 -7.248001669792528 -7.318149221288529 -7.5204132374855215 -7.7654578232047395 -7.897259724894537 -8.094490732912444 -8.132552857266777 -8.17847905690093 -7.906067489207937 -7.159924026658533 -5.134767360599067
-12.32504867044487 -11.506555715321117 -11.738074091559042 -11.557514923134356 -11.714796428730772 -11.653142078536977 -11.896299286189038 -12.052637102751877 -11.866101237114526 -11.728322638212063 -11.164940285165699 -10.878687944980218 -10.369095866847829 -10.408101680235738 -10.264346384120614 -10.208983294150675 -10.116187205848789 -9.904171736304818 -9.784952355062735 -9.409993245720877 -9.501845644989183 -9.494925258742942 -9.648432008205045 -9.601562119537313 -9.51159709833616 -9.299581628792192 -9.073096260733351 -8.752871115339046 -8.503737210474322 -8.195150896494152 -7.866117986786446 -7.701916094943787 -7.723620942716092 -7.808552955738158 -7.990999502230001 -8.137585865445862 -8.222517878467928 -8.30933726955715 -8.319088722904127 -8.232269331814905 -7.911100497387022 -7.037873578315714 -5.003909147942848
-12.743102912320147 -11.828039112760193 -11.848485708487726 -11.817343970379635 -12.132536107594856 -12.135681737706784 -12.278178781777138 -12.201110844034893 -11.86106822893544 -11.525114932981493 -10.792812242924576 -10.550598724306093 -10.110210508636126 -10.167775539684413 -10.011437723121574 -9.95198531400613 -9.776144590749336 -9.437360227694652 -9.142300123195774 -8.68335268986543 -8.511601285754143 -8.549663410108476 -8.82113128876789 -8.896311848442977 -8.920847763316019 -8.854474967954332 -8.75664587147336 -8.79659537389485 -8.663849783171473 -8.404964424959772 -8.310280958590727 -8.200183904673235 -8.14733731879284 -8.135698487378704 -8.174704300766617 -8.257748935721525 -8.297698438143016 -8.281970287583373 -8.365958611571859 -8.17061498162111 -7.653158828208897 -6.108339880240889 -3.8573269721449677
-12.941277609371632 -12.149207947188076 -12.254586555937674 -12.062388556098853 -12.402116608187114 -12.374749626213339 -12.388590398705823 -12.156128333434317 -11.717627495831508 -11.262454818635476 -10.511592910918182 -10.240125032258765 -9.760731003200886 -9.69121257772727 -9.519461173615984 -9.440191294795389 -9.285111730277322 -8.981243861465042 -8.637426490231276 -8.156145083106239 -8.106444127337772 -8.072156759117753 -8.287946984796037 -8.447115868459612 -8.706001226671313 -8.981243861465042 -9.125942846613746 -9.320028224519726 -9.145445753307703 -8.93437397279731 -8.749725485227117 -8.56916631680243 -8.41597413035152 -8.362183855437546 -8.266556700034924 -8.181624687012858 -8.13947324351302 -8.118082958751906 -8.166840225486796 -7.739034530264541 -6.685248442768547 -4.958926637342273 -3.13949418060292
-13.504659962418 -12.511584536082221 -12.868928116797282 -12.597460238137865 -12.69906409075315 -12.563172869917846 -12.296737999437514 -11.981231299211103 -11.39834603947078 -10.786835545711911 -10.035973637994616 -9.70788441732049 -9.263406882505016 -9.070265193632615 -8.915814755136934 -8.864226421301309 -8.762622568686023 -8.624843969783562 -8.362183855437546 -8.103298497225843 -8.187286821214329 -8.134754798345126 -8.419748886485834 -8.632708045063383 -8.973379786185223 -9.258688437337124 -9.436416538661074 -9.558466987003893 -9.372874810400122 -9.279135033064657 -8.990051625778442 -8.814210902521648 -8.576086703048674 -8.420692575519412 -8.307449891489993 -8.181624687012858 -8.149224696859998 -7.984079115983759 -7.637430677649256 -6.89537653424536 -5.459710951161265 -4.342697698415511 -4.296771498781357
