static/data/pressure/2023/7/5/12.asc
ncols 137
nrows 93
xllcorner 108.0
yllcorner 17.0
cellsize 0.25
NODATA_value -32767
[rows 0 to 18 of 93, columns 0 to 42 of 137]
99.51392257526743 99.52989519593183 99.56391597553905 99.61183383753225 99.65235195435888 99.65921025475716 99.65542014137915 99.65767616124701 99.65081786084873 99.63665005607862 99.6218505657455 99.61246552309525 99.59965133024583 99.58810050852243 99.60984854004853 99.65190075038531 99.68059732310441 99.6844776772771 99.67572432018984 99.63529644415792 99.53494868043582 99.47520927433509 99.46609495406895 99.46744856598966 99.45634894823984 99.43333754558772 99.44290306982742 99.47557023751394 99.46447061976409 99.40283615697436 99.33127520676607 99.19203366052218 99.04927272328446 98.9223039251217 98.87952978842722 98.8712276353135 98.88169556750036 98.89306590763432 98.88629784803076 98.87655184220165 98.88295893862636 98.89297566683962 98.89622433544933
99.54983841156364 99.56842801527475 99.60732179779654 99.64594485793418 99.68754586429738 99.68619225237667 99.68682393793966 99.68682393793966 99.68393623250881 99.66444422085057 99.63710126005219 99.6045243331604 99.58169341209772 99.59522953130485 99.64269618932447 99.72779325873988 99.7554069419224 99.742592749073 99.7017136690675 99.59947084865641 99.53115856705782 99.49822067698717 99.57691064997789 99.60984854004853 99.59270278905285 99.50995198030002 99.53133904864725 99.53630229235652 99.49253550692019 99.34219434292646 99.22334721628798 99.11641187455176 98.99151861466743 98.92446970419483 98.90091685677446 98.90254119107931 98.8966755394229 98.89306590763432 98.89071964697176 98.89460000114447 98.90867756511987 98.91770164459129 98.91995766445913
99.57555703805717 99.60289999885555 99.62004574985123 99.63439403621076 99.65072762005403 99.64702774747074 99.65190075038531 99.65596158614744 99.64305715250333 99.63240873872705 99.6128264862741 99.58394943196558 99.55371876573635 99.57230836944747 99.63060392283278 99.72292025582531 99.74042696999986 99.70514281926664 99.62248225130851 99.54189722162882 99.52195400599699 99.55028961553721 99.6575859204523 99.65884929157829 99.61372889422124 99.53016591831596 99.54370203752309 99.49641586109288 99.37260549074513 99.18156572833536 99.06795256779029 98.99052596592557 98.93656197068653 98.91535538392871 98.91490417995514 98.92140151717456 98.92058935002213 98.92816957677812 98.93565956273939 98.93972039850152 98.9434202710848 98.9491054411518 98.95533205598706
99.57709113156731 99.60641938984939 99.6114728743534 99.61905310110937 99.62121888018251 99.62482851197107 99.6339428322372 99.63601837051563 99.59495880892071 99.58593472944929 99.57835450269332 99.56517934666505 99.53810710825081 99.56382573474433 99.62681380945479 99.7145278619169 99.740697692384 99.70785004310807 99.61002902163797 99.5719474062686 99.57691064997789 99.63935727992005 99.67193420681184 99.62645284627594 99.52421002586485 99.44046656837014 99.40933349419377 99.32694364861977 99.2023211111196 99.07589375772513 99.01083014473625 98.95731735347077 98.95109073863551 98.95054929386723 98.94928592274123 98.9472103844628 98.94820303320465 98.95470037042406 98.96309276433249 98.97121443585675 98.98105068248059 98.99296246738285 99.00243775082784
99.57366198136818 99.6001025342194 99.60217807249784 99.59667338402026 99.59405640097357 99.58954436123786 99.59477832733128 99.59522953130485 99.56770608891703 99.5655403098439 99.55895273182978 99.53882903460853 99.5443337230861 99.58358846878671 99.69296031198023 99.78735218325119 99.81920718378527 99.77128932179208 99.63854511276762 99.58584448865457 99.62952103329621 99.7119108788702 99.7497217718554 99.58620545183344 99.45797328254469 99.28714745815087 99.21495482237957 99.1416792970717 99.08906891375338 99.02644180222178 98.97572647559245 98.97265828857218 98.97356069651931 98.97581671638717 98.97960682976516 98.98005803373874 98.98520175903745 98.98953331718371 98.99657209917142 99.00559617864282 99.01859085308166 99.03059287877863 99.0425949044756
99.58828099011185 99.59631242084141 99.58656641501229 99.58106172653473 99.58097148574001 99.56481838348618 99.56869873765889 99.5661719954069 99.5508310603055 99.54352155593367 99.5226759323547 99.49939380731846 99.53404627248868 99.65623230853159 99.77616232470665 99.85160362908763 99.86053746776435 99.81090503067158 99.6218505657455 99.53260241977324 99.57366198136818 99.62708453183893 99.64558389475533 99.49253550692019 99.32540955510964 99.16180299429296 99.09728082607236 99.06416245441228 99.02147855851251 98.99233078181985 98.99215030023042 98.99052596592557 98.99557945042956 99.00767171692125 99.01155207109396 99.01579338844553 99.02292241122794 99.0277954141425 99.03519515930907 99.04430947957518 99.05622126447744 99.06759160461142 99.07977411189783
99.59198086269514 99.593605197 99.58196413448186 99.56653295858575 99.56454766110204 99.54722142851693 99.54577757580151 99.54370203752309 99.53982168335038 99.51816389261899 99.49740850983474 99.49127213579419 99.58494208070744 99.70739883913448 99.79854204179576 99.82759957769369 99.83644317557567 99.78293038431019 99.60921685448554 99.52980495513711 99.51554690957228 99.56256236361833 99.51410305685685 99.37395910266585 99.20620146529231 99.0936711942838 99.06055282262372 99.02734421016893 99.01552266606139 99.00532545625867 99.00559617864282 99.01543242526667 99.02165904010194 99.03393178818307 99.04322659003861 99.04809959295318 99.0578455987823 99.066779437459 99.07417918262556 99.08320326209697 99.0943028798468 99.1058537015702 99.11722404170419
99.59595145766257 99.59766603276212 99.58097148574001 99.56102827010821 99.54677022454337 99.53151953023668 99.52872206560053 99.53314386454153 99.5335950685151 99.52096135725513 99.52177352440756 99.53765590427724 99.65054713846459 99.77345510086522 99.82543379862055 99.81171719782401 99.80079806166358 99.75621910907482 99.64495220919233 99.59134917713214 99.61219480071111 99.58701761898587 99.47430686638793 99.32495835113608 99.19591401469489 99.09881491958251 99.06253812010743 99.0360975672562 99.0290587852685 99.02328337440679 99.03068311957335 99.03979743983948 99.04791911136375 99.05892848831887 99.07120123639999 99.07977411189783 99.09276878633666 99.10368792249707 99.11180959402134 99.12092391428747 99.13193329124259 99.14303290899242 99.1544032491264
99.61408985740009 99.61580443249966 99.60253903567668 99.57709113156731 99.56120875169763 99.55092130110022 99.54731166931164 99.53016591831596 99.52872206560053 99.52556363778555 99.54695070613279 99.60542674110754 99.71597171463232 99.86234228365862 99.87660032922345 99.84727207094137 99.8270581329254 99.7689430611295 99.68032660072026 99.64684726588132 99.69539681343751 99.64856184098088 99.52718797209042 99.42440370691104 99.289944922787 99.18219741389835 99.07878146315598 99.05053609441046 99.04755814818489 99.04746790739019 99.0533335590466 99.0628990832863 99.07129147719469 99.08266181732868 99.09872467878779 99.1121705572002 99.12534571322846 99.13779894289901 99.14790591190699 99.15720071376253 99.16739792356523 99.17858778210979 99.19095077098561
99.66742216707613 99.66381253528758 99.65605182694216 99.64639606190775 99.63556716654205 99.62527971594464 99.59180038110571 99.56734512573819 99.54352155593367 99.55895273182978 99.57916666984573 99.61454106137366 99.70640619039263 99.8749759949186 99.9447321292326 99.93859575519204 99.8295848751774 99.71109871171777 99.62518947514994 99.63665005607862 99.69232862641724 99.66272964575101 99.61264600468468 99.53269266056796 99.42702068995773 99.2400417633101 99.1230896933606 99.06497462156472 99.06344052805457 99.06533558474358 99.07372797865197 99.08293253971283 99.09583697335694 99.11189983481606 99.12922606740116 99.14655229998627 99.15990793760396 99.17308309363221 99.1837315074085 99.19329703164819 99.20331375986146 99.21630843430029 99.22885190476555
99.7765232878855 99.77643304709079 99.78220845795249 99.77877930775335 99.7471047888087 99.70604522721378 99.65830784681002 99.61381913501594 99.58295678322372 99.59694410640441 99.5988391630934 99.62103839859309 99.69810403727892 99.84970857239865 99.90367256763768 99.84465508789467 99.67003915012285 99.60046349739827 99.61977502746709 99.68231189820396 99.7745379904018 99.78347182907848 99.73844167251615 99.6339428322372 99.48531624334305 99.26657255695605 99.13689653495187 99.0776985736194 99.0802253158714 99.08573000434896 99.09755154845651 99.11397537309448 99.13021871614302 99.14781567111227 99.16721744197581 99.18535584171335 99.2016894255566 99.21369145125357 99.22443010582455 99.23516876039554 99.2478024716555 99.26043618291548 99.27153580066532
99.88192453611158 99.89040717081471 99.88995596684114 99.86965178803047 99.81045382669801 99.76840161636123 99.72427386774604 99.68168021264096 99.64359859727162 99.63240873872705 99.64134257740376 99.68628249317139 99.79231542696047 99.84203810484794 99.79592505874903 99.69440416469565 99.61445082057895 99.66381253528758 99.72968831542889 99.7880741096089 99.81397321769187 99.85846192948591 99.82417042749455 99.69557729502695 99.4555367810874 99.25366812331193 99.14222074183999 99.09719058527766 99.10043925388736 99.10883164779577 99.12606763958617 99.14781567111227 99.16766864594938 99.19293606846932 99.21621819350557 99.23571020516383 99.25041945470223 99.26296292516747 99.2746039876856 99.28516216066716 99.29472768490685 99.30745163696155 99.31810005073781
99.91152351677782 99.9082748481681 99.90529690194253 99.88607561266844 99.83978208498009 99.80206143278959 99.76379933583081 99.72264953344117 99.6755438386004 99.66796361184441 99.6953065726428 99.77047715463965 99.87768321876003 99.85566446484978 99.79014964788733 99.72544699807732 99.80991238192972 99.85629615041277 99.8500695355775 99.79330807570233 99.79917372735875 99.85015977637222 99.79457144682833 99.64982521210688 99.42178672386433 99.2694602623869 99.1702856289961 99.13509171905758 99.13473075587873 99.14853759746998 99.17172948171152 99.19609449628432 99.22091071483071 99.2478024716555 99.26864809523447 99.2835378263623 99.29590081523813 99.31196367669725 99.32595099987792 99.33677989524362 99.3424650653106 99.360332742664 99.37034947087727
99.94202490539118 99.92731565585278 99.90980894167825 99.88797066935743 99.86252276524806 99.81785357186456 99.78509616338333 99.75802392496911 99.71615219622176 99.71218160125434 99.73564420788 99.8039564894786 99.88255622167459 99.86902010246746 99.81704140471213 99.83869919544352 99.95402693108815 99.92758637823692 99.82227537080556 99.75342164443869 99.78419375543619 99.77264293371279 99.70947437741292 99.57158644308974 99.39706074611264 99.2772209707323 99.21495482237957 99.18264861787192 99.18616800886578 99.20818676277601 99.22993479430211 99.25303643774893 99.27785265629531 99.30221767086812 99.32631196305678 99.3437284364366 99.3800954767064 99.41068710611448 99.42602804121589 99.44055680916486 99.4485882398944 99.4574318377764 99.44353475539043
99.962599806586 99.96792401347415 99.94752959386875 99.92009639227565 99.89879956472313 99.86947130644103 99.86730552736789 99.84420388392108 99.78942772152962 99.75369236682283 99.77228197053394 99.80621250934644 99.89058765240414 99.87443455015031 99.81794381265927 99.83283354378712 99.92406698724308 99.89609234088171 99.80133950643187 99.75721175781668 99.76479198457267 99.75297044046512 99.68032660072026 99.54704094692751 99.39002196412495 99.3046541723254 99.2464488597348 99.23832718821053 99.2451854886088 99.26720424251904 99.29021564517114 99.3135880110021 99.33831398875377 99.36755200624114 99.39606809737079 99.45346124280897 99.50634234851145 99.53630229235652 99.55407972891521 99.56779632971175 99.58683713739643 99.57781305792503 99.55922345421392
99.93191793638321 99.94960513214717 99.95140994804146 99.92406698724308 99.90628955068439 99.91594531571882 99.9140502590298 99.91197472075139 99.8558449464392 99.80882949239316 99.81740236789099 99.8520548330612 99.94518333320617 99.83833823226466 99.7816670131842 99.76533342934096 99.85268651862421 99.84673062617308 99.83797726908581 99.79421048364947 99.76858209795066 99.8091002147773 99.73591493026414 99.58376895037615 99.40157278584836 99.32107799696337 99.29815683510598 99.29039612676058 99.3045639315307 99.3244169063678 99.34742830901989 99.3743200658447 99.39976796995407 99.4318936928723 99.46744856598966 99.5245709890437 99.57654968679903 99.59766603276212 99.61571419170494 99.64432052362933 99.67094155806998 99.66281988654572 99.64134257740376
99.88354887041645 99.92307433850122 99.92496939519022 99.92181096737522 99.89690450803413 99.91116255359896 99.94843200181589 99.94635646353747 99.94319803572247 99.85909361504892 99.86766649054675 99.8699225104146 99.95339524552516 99.80810756603545 99.76722848602994 99.75071442059726 99.8519645922665 99.81857549822227 99.80982214113502 99.81496586643372 99.80206143278959 99.86847865769917 99.78130605000536 99.62852838455436 99.43008887697802 99.36303996650543 99.34020904544276 99.34508204835731 99.36177659537942 99.38090764385882 99.40292639776906 99.42981815459387 99.45310027963012 99.4849552801642 99.52060039407627 99.54559709421207 99.58719810057529 99.60641938984939 99.63403307303192 99.66281988654572 99.69503585025866 99.68844827224453 99.66679048151313
99.85367916736607 99.90132630697511 99.95014657691546 99.95258307837273 99.90240919651168 99.87353214220317 99.91702820525538 99.97803098248211 100.01990271122946 99.9082748481681 99.81668044153328 99.80955141875087 99.83779678749637 99.7497217718554 99.72156664390461 99.8027833591473 99.90845532975753 99.82597524338884 99.76145307516825 99.76704800444051 99.8212827220637 99.86766649054675 99.77192100735508 99.63547692574734 99.46419989737996 99.4075286782995 99.39191702081395 99.39552665260251 99.4171844433339 99.4356838062503 99.45707087459755 99.47529951512979 99.49533297155632 99.52421002586485 99.54279962957595 99.5655403098439 99.59965133024583 99.62870886614378 99.65704447568402 99.67752913608412 99.70469161529306 99.69296031198023 99.67942419277313
99.82408018669983 99.8793977938596 99.93805431042375 99.97171412685212 99.92397674644836 99.86577143385776 99.84754279332552 99.90204823333282 99.95330500473044 99.83508956365496 99.72427386774604 99.68068756389911 99.69169694085423 99.67716817290527 99.73681733821128 99.84077473372194 99.9261425255215 99.82877270802497 99.75658007225368 99.70478185608778 99.75829464735325 99.7611823527841 99.6697684277387 99.54072409129752 99.48170661155449 99.46158291433323 99.44344451459571 99.44759559115255 99.47178012413595 99.48883563433691 99.50471801420659 99.52222472838113 99.53621205156182 99.55444069209406 99.5732107773946 99.59522953130485 99.6326794611112 99.66679048151313 99.69620898058994 99.71534002906932 99.7170546041689 99.69702114774238 99.68718490111853
