static/data/pressure/2023/7/5/18.asc
ncols 137
nrows 93
xllcorner 108.0
yllcorner 17.0
cellsize 0.25
NODATA_value -32767
[rows 0 to 18 of 93, columns 0 to 42 of 137]
99.55633574878307 99.56409645712847 99.58322750560787 99.6089461321014 99.62609188309708 99.62203104733494 99.61192407832696 99.60217807249784 99.59035652839029 99.5732107773946 99.56328428997604 99.57239861024217 99.58160317130302 99.58656641501229 99.60434385157097 99.64630582111305 99.68420695489296 99.69368223833794 99.69855524125249 99.68844827224453 99.6403499286619 99.59198086269514 99.58241533845543 99.58458111752857 99.58196413448186 99.56310380838661 99.56545006904918 99.591078454748 99.59198086269514 99.55254563540507 99.50002549288145 99.37468102902356 99.2464488597348 99.13202353203731 99.09791251163537 99.08852746898509 99.09033228487938 99.09466384302566 99.08681289388554 99.07796929600354 99.07860098156655 99.08356422527582 99.08365446607054
99.61589467329438 99.61932382349352 99.64459124601348 99.67003915012285 99.6991869268155 99.69259934880138 99.68880923542338 99.68682393793966 99.68465815886653 99.66489542482414 99.6447717276029 99.63322090587948 99.63845487197291 99.64982521210688 99.67707793211055 99.74015624761572 99.7643407805991 99.75910681450567 99.73392963278043 99.68501912204539 99.63628909289977 99.60118542375598 99.6537958070743 99.68682393793966 99.67915347038898 99.61057046640624 99.61914334190408 99.62410658561336 99.59270278905285 99.4734044584408 99.37197380518214 99.27965747218958 99.17308309363221 99.11623139296233 99.09601745494636 99.09457360223094 99.08302278050755 99.07490110898327 99.06894521653214 99.07029882845285 99.07914242633483 99.08573000434896 99.08573000434896
99.65957121793602 99.66778313025499 99.67256589237485 99.67527311621626 99.68005587833612 99.66733192628142 99.66507590641356 99.66796361184441 99.67328781873256 99.67121228045413 99.6653466287977 99.66164675621444 99.65767616124701 99.67473167144799 99.71407665794334 99.78581808974106 99.79809083782217 99.77264293371279 99.7164229186059 99.66904650138099 99.64468148680818 99.64702774747074 99.72779325873988 99.73681733821128 99.70532330085607 99.63060392283278 99.63222825713763 99.58656641501229 99.4760214414875 99.29905924305312 99.19681642264203 99.13220401362673 99.0993563643508 99.08672265309082 99.09195661918423 99.10016853150323 99.09655889971465 99.09890516037723 99.09953684594022 99.09321999031023 99.08582024514368 99.08193989097097 99.07805953679826
99.68917019860224 99.69052381052295 99.68285334297225 99.68005587833612 99.67446094906384 99.66706120389728 99.66796361184441 99.67058059489113 99.65596158614744 99.65893953237301 99.6755438386004 99.6979235556895 99.6940432015168 99.71227184204906 99.75251923649154 99.8097319003403 99.81866573901699 99.79105205583447 99.71894966085789 99.69052381052295 99.68718490111853 99.72454459013017 99.75242899569683 99.71389617635391 99.6236553816398 99.54595805739093 99.50895933155816 99.4248549108846 99.3058273026567 99.18039259800406 99.11731428249891 99.07309629308898 99.07869122236126 99.0930395087208 99.10215382898693 99.11189983481606 99.11316320594206 99.11334368753148 99.11018525971649 99.10107093945037 99.09502480620452 99.08970059931637 99.0846471148124
99.72102519913632 99.72057399516275 99.71497906589046 99.71010606297591 99.70469161529306 99.69305055277495 99.69106525529124 99.69178718164895 99.67067083568584 99.6787022664154 99.6972016293318 99.73293698403857 99.7426829898677 99.77128932179208 99.84239906802681 99.90177751094868 99.91179423916196 99.86369589557934 99.7630774094731 99.71931062403675 99.74719502960342 99.80314432232616 99.83842847305938 99.69034332893352 99.57519607487832 99.41258216280347 99.33172641073963 99.25402908649079 99.18995812224375 99.12480426846017 99.07589375772513 99.07544255375154 99.08184965017625 99.09141517441594 99.09755154845651 99.10495129362306 99.10928285176934 99.10765851746449 99.10332695931822 99.09592721415166 99.09358095348908 99.08906891375338 99.08933963613752
99.7618140383471 99.7649724661621 99.77165028497093 99.76677728205637 99.77417702722293 99.75820440655853 99.7547752563594 99.74295371225185 99.71922038324203 99.72165688469931 99.72355194138832 99.74809743755056 99.77309413768636 99.86405685875819 99.94671742671632 99.99129637930508 99.96882642142128 99.91856229876551 99.77553063914364 99.69647970297409 99.72165688469931 99.74827791914 99.75630934986954 99.61580443249966 99.45580750347155 99.29914948384784 99.22614468092412 99.1819266915142 99.12778221468574 99.09394191666794 99.09294926792609 99.09358095348908 99.0980929932248 99.10684635031205 99.11289248355791 99.1140656138892 99.1165923561412 99.11496802183633 99.11054622289534 99.10468057123892 99.10314647772879 99.1058537015702 99.10765851746449
99.81180743861873 99.81514634802315 99.81821453504341 99.81153671623458 99.81803405345399 99.80476865663101 99.8040467302733 99.79267639013933 99.77607208391193 99.7585653697374 99.76046042642639 99.76722848602994 99.82182416683199 99.91305761028795 99.97369942433583 99.97739929691912 99.9555610245983 99.90141654776983 99.77165028497093 99.7023453546305 99.6813192494621 99.70279655860406 99.64260594852976 99.5053496997696 99.34481132597318 99.23580044595853 99.19654570025789 99.15214722925856 99.13202353203731 99.11578018898877 99.11478754024691 99.11866789441962 99.12155559985047 99.12994799375888 99.13427955190515 99.13572340462059 99.13870135084613 99.13960375879329 99.13509171905758 99.13193329124259 99.1345502742893 99.13716725733602 99.14140857468756
99.85404013054492 99.85277675941892 99.83978208498009 99.8212827220637 99.81397321769187 99.8065734725253 99.80540034219402 99.80891973318786 99.8027833591473 99.79520313239132 99.79357879808647 99.80684419490944 99.87172732630889 99.95140994804146 99.97270677559398 99.93552756817176 99.89329487624556 99.85783024392292 99.7796817157005 99.74033672920514 99.75378260761754 99.7221983294676 99.60181710931897 99.45643918903454 99.33064352120306 99.23354442609067 99.19203366052218 99.1608103455511 99.15259843323213 99.14204026025057 99.14519868806556 99.14953024621184 99.15097409892726 99.15566662025239 99.16044938237225 99.1633370878031 99.16793936833352 99.17181972250623 99.17209044489037 99.17064659217495 99.17416598316879 99.1780463373415 99.18219741389835
99.8705541959776 99.86306421001633 99.84519653266294 99.81659020073856 99.79980541292173 99.78816435040362 99.78690097927762 99.78067436444236 99.78654001609877 99.7906008518609 99.81018310431386 99.84456484709995 99.91035038644654 100.01105911334749 99.99102565692094 99.92397674644836 99.86703480498376 99.83716510193338 99.7835620698732 99.76722848602994 99.80991238192972 99.7649724661621 99.64567413555004 99.53684373712481 99.40418976889507 99.29202046106542 99.19122149336975 99.1634273285978 99.16830033151238 99.16965394343309 99.17245140806924 99.1799413940305 99.18282909946134 99.18652897204463 99.19383847641646 99.19753834899974 99.20223087032488 99.20854772595486 99.21143543138572 99.21396217363771 99.21748156463157 99.22127167800957 99.2247910690034
99.8749759949186 99.87064443677231 99.85918385584363 99.84528677345766 99.82597524338884 99.80747588047244 99.77832810377978 99.7663260780828 99.7643407805991 99.79321783490761 99.81207816100286 99.8347286004761 99.89239246829843 100.01728572818276 100.038041110967 99.98443807890682 99.86902010246746 99.7995346905376 99.74602189927214 99.7541435707964 99.80043709848474 99.76822113477179 99.70965485900234 99.62031647223537 99.50995198030002 99.3257705182885 99.21396217363771 99.1659540708498 99.17759513336793 99.18472415615035 99.19492136595304 99.20340400065616 99.21333048807472 99.22253504913556 99.23128840622283 99.24058320807838 99.2464488597348 99.25303643774893 99.2566460695375 99.25953377496833 99.26260196198862 99.26585063059834 99.26909929920804
99.9318276955885 99.93841527360262 99.94752959386875 99.94229562777532 99.90556762432668 99.86459830352648 99.82218513001084 99.78978868470847 99.78094508682649 99.8072051580883 99.81496586643372 99.83102872789283 99.87894658988603 99.98091868791298 100.0002302179818 99.93877623678148 99.8015199880213 99.74403660178842 99.74918032708712 99.78915699914548 99.85810096630706 99.86008626379078 99.80702467649887 99.69864548204721 99.55353828414692 99.34742830901989 99.2318298509911 99.18454367456091 99.19672618184732 99.20602098370289 99.22045951085714 99.23598092754797 99.24915608357622 99.25980449735248 99.27153580066532 99.28218421444159 99.29229118344956 99.29797635351656 99.30104454053684 99.30257863404698 99.30519561709369 99.30681995139855 99.30772235934569
100.0143980227519 100.03379979361544 100.04147026116614 100.02576836288588 99.97144340446798 99.93155697320435 99.88833163253628 99.85259627782949 99.83572124921795 99.83527004524439 99.83996256656953 99.8660421562419 99.9331813075092 99.95520006141945 99.91603555651352 99.83969184418538 99.77282341530223 99.79547385477547 99.83193113583997 99.86829817610975 99.88905355889399 99.9305643244625 99.88896331809929 99.75766296179025 99.52827086162698 99.34210410213176 99.2489756019868 99.21964734370471 99.23228105496469 99.23959055933653 99.25393884569607 99.26982122556575 99.28155252887859 99.29878852066898 99.31539282689639 99.32865822371934 99.33696037683306 99.34020904544276 99.34210410213176 99.34156265736348 99.33867495193263 99.33840422954849 99.33768230319077
100.04896024712741 100.06204516236096 100.0655645533548 100.04616278249127 99.99815467970336 99.96205836181772 99.92632300711092 99.892843672272 99.86134963491676 99.85404013054492 99.86685432339434 99.9089065337311 99.98028700234997 99.95889993400272 99.90683099545268 99.85422061213434 99.90358232684297 99.9108015904201 99.89979221346499 99.86495926670534 99.87822466352831 99.92794734141579 99.86784697213618 99.72030327277861 99.49109165420477 99.35482805418646 99.27514543245388 99.25745823668991 99.26657255695605 99.27758193391116 99.2931935913967 99.3091662120611 99.32360473921537 99.34454060358904 99.35934009392214 99.36692032067813 99.36935682213542 99.37359813948699 99.37468102902356 99.37278597233455 99.36367165206843 99.36773248783057 99.36683007988343
100.06457190461295 100.06619623891781 100.05446493560497 100.03235594090002 99.99517673347779 99.9504172992996 99.9204573554545 99.89970197267027 99.87046395518288 99.8634251731952 99.86541047067891 99.90132630697511 99.95267331916745 99.94157370141761 99.90015317664384 99.91802085399723 100.00492273930692 99.96494606724858 99.87768321876003 99.83039704232984 99.8679372129309 99.86432758114233 99.79691770749089 99.65307388071659 99.47304349526193 99.36719104306228 99.3192731810691 99.30257863404698 99.30853452649811 99.32333401683123 99.33705061762777 99.34968432888775 99.36484478239971 99.38505872041567 99.40509217684222 99.41546986823433 99.442090902675 99.4645608605588 99.46808025155266 99.47168988334123 99.46591447247953 99.45941713526011 99.43054008095159
100.0629475703081 100.07404718805793 100.05951842010896 100.02730245639601 99.99228902804694 99.95880969320801 99.95159042963088 99.93372275227749 99.88634633505256 99.85792048471762 99.85755952153878 99.87145660392474 99.92514987677964 99.91035038644654 99.87452479094503 99.889685244457 99.98019676155526 99.94771007545818 99.86685432339434 99.82732885530955 99.84420388392108 99.83842847305938 99.76641631887752 99.62780645819664 99.47006554903638 99.3948047262448 99.34968432888775 99.34616493789389 99.3525720343186 99.36565694955215 99.37747849365968 99.3902926865091 99.40653602955764 99.43469115750844 99.46059026559138 99.52123207963928 99.57032307196376 99.59685386560969 99.61427033898951 99.6186018971358 99.62970151488564 99.60335120282912 99.56869873765889
100.02991943944274 100.04995289586927 100.04489941136528 100.01259320685762 99.97577496261427 99.97433110989883 99.96729232791114 99.95529030221415 99.89979221346499 99.86134963491676 99.86622263783134 99.8806611649856 99.94419068446432 99.85467181610792 99.81866573901699 99.81803405345399 99.90746268101567 99.89834836074955 99.894107043398 99.85494253849207 99.83382619252896 99.87271997505074 99.80034685769002 99.65316412151131 99.47304349526193 99.40021917392765 99.38352462690554 99.38027595829583 99.3915560576351 99.40229471220607 99.41420649710832 99.43234489684586 99.45030281499398 99.48269926029634 99.5258343601697 99.58656641501229 99.64720822906017 99.67328781873256 99.69106525529124 99.71940086483146 99.74042696999986 99.71714484496361 99.68420695489296
99.99355239917294 100.03307786725773 100.02793414195902 100.00402033135977 99.95790728526086 99.962599806586 99.99183782407337 99.97965531678697 99.95339524552516 99.86757624975203 99.8724492526666 99.87993923862788 99.94121273823876 99.82110224047427 99.79069109265562 99.79005940709261 99.87993923862788 99.86333493240048 99.85891313345948 99.87064443677231 99.85701807677049 99.91928422512322 99.83093848709811 99.68330454694582 99.48441383539591 99.42368178055332 99.40707747432593 99.41565034982376 99.43017911777272 99.44091777234372 99.4542734099614 99.47259229128836 99.4907306910259 99.52547339699085 99.56869873765889 99.6038926475974 99.65722495727344 99.68339478774053 99.71579123304289 99.74430732417257 99.77444774960708 99.76055066722111 99.72743229556103
99.97460183228297 100.02170752712374 100.04995289586927 100.03009992103216 99.9549293390353 99.93291058512506 99.96792401347415 100.0117810397052 100.01981247043474 99.90006293584912 99.81992911014298 99.82065103650069 99.85169386988235 99.77941099331636 99.75829464735325 99.82741909610426 99.9139600182351 99.8608984309432 99.81415369928129 99.82778005928311 99.87732225558116 99.92018663307036 99.82209488921613 99.68456791807182 99.50877884996873 99.46040978400197 99.44867848068913 99.45589774426625 99.4759312006928 99.48666985526377 99.49957428890788 99.51085438824715 99.52655628652741 99.55859176865091 99.5840396727603 99.61706780362566 99.66128579303559 99.6972016293318 99.73068096417073 99.75468501556469 99.78121580921064 99.76515294775153 99.75315092205454
99.9542976534723 100.0015838299025 100.036146054278 100.04192146513971 99.96747280950056 99.92397674644836 99.90322136366412 99.94157370141761 99.9702702741367 99.8500695355775 99.7547752563594 99.72508603489845 99.74322443463599 99.7310419273496 99.78139629080007 99.8699225104146 99.94067129347047 99.86107891253263 99.80558082378344 99.76533342934096 99.81929742457999 99.81794381265927 99.72698109158746 99.59685386560969 99.53693397791953 99.5214125612287 99.50571066294845 99.50679355248502 99.52872206560053 99.53684373712481 99.54577757580151 99.55678695275664 99.56590127302276 99.58557376627043 99.61129239276396 99.64197426296676 99.68772634588682 99.72680060999802 99.76009946324753 99.78265966192605 99.7874424240459 99.7689430611295 99.76145307516825
