static/data/pressure/2023/7/5/6.asc
ncols 137
nrows 93
xllcorner 108.0
yllcorner 17.0
cellsize 0.25
NODATA_value -32767
[rows 57 to 75 of 93, columns 43 to 85 of 137]
100.59004405223324 100.52723645911222 100.47489679817804 100.4453880583065 100.44737335579022 100.47570896533045 100.49249375314729 100.50088614705568 100.4997130167244 100.49610338493584 100.48725978705386 100.47823570758244 100.47354318625732 100.47426511261503 100.47634065089346 100.48283798811286 100.4952912177834 100.51613684136237 100.53066560931134 100.54320907977662 100.55647447659959 100.56983011421727 100.58065900958296 100.59599994468435 100.60484354256634 100.6147700299849 100.62478675819817 100.63299867051715 100.639044803763 100.64960297674455 100.65447597965911 100.66440246707765 100.67514112164865 100.68741386972977 100.70311576801001 100.71565923847527 100.7310904143714 100.74399484801552 100.75383109463935 100.75960650550105 100.76420878603147 100.77088660484031 100.7822569449743
100.56585951924984 100.51153456083195 100.49736675606184 100.48572569354371 100.50837613301697 100.53400451871576 100.53833607686205 100.53977992957748 100.53788487288848 100.52922175659592 100.51866358361437 100.49014749248471 100.47435535340975 100.48653786069615 100.50278120374469 100.5112638384478 100.51848310202494 100.53084609090077 100.54528461805502 100.55701592136788 100.57046179978028 100.58652466123938 100.60051198442007 100.61134087978577 100.62704277806603 100.63552541276914 100.64662503051898 100.65610031396396 100.66313909595168 100.6748703992645 100.68362375635176 100.6958965044329 100.70726684456687 100.7196298334427 100.73388787900753 100.74877761013535 100.76014795026934 100.77052564166146 100.77359382868174 100.77774490523859 100.78559585437871 100.79263463636642 100.80409521729511
100.5399604111669 100.5277779038805 100.51776117566723 100.54501389567088 100.57163493011156 100.57975660163582 100.58526129011338 100.5910367009751 100.57352998680055 100.55900121885158 100.53689222414663 100.51063215288482 100.4997130167244 100.5080151698381 100.52073912189279 100.52173177063464 100.53210946202677 100.54149450467705 100.55421845673173 100.57010083660141 100.58553201249752 100.60051198442007 100.6204552000519 100.63029144667573 100.64752743846611 100.65790512985825 100.66873402522394 100.68046532853678 100.68921868562404 100.70221336006287 100.71565923847527 100.72612717066212 100.73839991874324 100.75139459318207 100.76321613728962 100.77675225649674 100.78252766735844 100.788032355836 100.79200295080342 100.79976365914882 100.80896822020968 100.81573627981324 100.82665541597365
100.56116699792473 100.55791832931502 100.57623721064198 100.60312896746677 100.62352338707217 100.62785494521846 100.64491045541942 100.63299867051715 100.61585291952146 100.6014143923672 100.58634417964996 100.55548182785773 100.5457358220286 100.54366028375019 100.52579260639679 100.5265145327545 100.53833607686205 100.5534062895793 100.563603499382 100.58508080852395 100.60060222521479 100.6173870130316 100.63733022866343 100.65203947820183 100.66747065409794 100.67938243900021 100.69129422390247 100.70284504562588 100.715117793707 100.72748078258283 100.74209979132651 100.74895809172477 100.76096011742177 100.76971347450903 100.7802716474906 100.79272487716113 100.79714667610213 100.80373425411625 100.81320953756124 100.8212409682908 100.83152841888821 100.83901840484947 100.84903513306274
100.60114366998306 100.62153808958846 100.64003745250486 100.65799537065297 100.67838979025835 100.68073605092091 100.70898141966644 100.69048205675004 100.71791525834313 100.70338649039415 100.74661183106222 100.67261437939665 100.62677205568188 100.5399604111669 100.52200249301879 100.52840958944348 100.53752390970962 100.56026458997758 100.57136420772741 100.59284151686937 100.61702604985275 100.633991319259 100.65258092297012 100.67252413860193 100.68560905383548 100.7017621560893 100.71376418178629 100.72513452192027 100.7381291963591 100.74733375741994 100.76150156219005 100.76790865861474 100.77539864457603 100.78415200166329 100.79173222841928 100.80427569888454 100.81149496246167 100.82295554339036 100.83261130842477 100.84271827743275 100.85291548723544 100.86148836273328 100.86997099743641
100.65790512985825 100.67712641913236 100.68939916721347 100.70663515900387 100.73199282231853 100.73190258152381 100.7630356557002 100.76276493331605 100.79913197358584 101.05252812514307 101.13347411800163 100.87646833465583 100.69066253833947 100.58183213991424 100.52922175659592 100.53824583606733 100.53463620427877 100.55728664375201 100.57325926441641 100.5962706670685 100.6217185711779 100.64761767926083 100.66413174469352 100.68813579608748 100.69896469145316 100.71665188721713 100.73000752483483 100.74128762417409 100.7560871145072 100.76366734126319 100.77648153411259 100.78333983451085 100.79073957967742 100.79985389994354 100.80734388590481 100.81952639319123 100.83035528855692 100.84235731425389 100.85345693200372 100.86374438260114 100.87321966604613 100.8819730231334 100.88991421306822
100.70636443661972 100.71502755291228 100.73036848801368 100.75220676033449 100.77503768139717 100.7815350186166 100.81889470762822 100.83513805067676 100.9607532369188 101.24636535218897 101.42585429287536 101.00849061732258 100.72197609410527 100.58589297567639 100.5316582580532 100.53761415050434 100.53265090679506 100.54916497222774 100.57298854203226 100.59726331581035 100.63164505859643 100.66025139052081 100.6755020848275 100.69851348747959 100.70988382761358 100.72964656165597 100.7432729216578 100.75563591053363 100.77088660484031 100.77891803556987 100.79073957967742 100.79813932484399 100.80635123716296 100.81546555742909 100.82548228564235 100.83703310736576 100.84885465147332 100.86085667717029 100.87195629492012 100.88215350472282 100.89135806578366 100.90002118207622 100.90841357598462
100.74128762417409 100.75211651953978 100.77260117993988 100.79471017464485 100.81185592564053 100.83712334816047 100.84677911319488 100.85986402842843 100.97753802473564 101.15215396250746 101.23463404887615 100.78451296484214 100.59762427898922 100.52461947606551 100.51902454679322 100.52335610493951 100.5310265724902 100.5463675075916 100.56883746547541 100.59951933567821 100.63263770733829 100.66178548403096 100.68272134840463 100.70537178787787 100.72287850205241 100.74101690178995 100.75599687371249 100.76953299291961 100.78315935292143 100.79227367318757 100.80391473570567 100.81221688881938 100.82078976431721 100.83053577014635 100.84073297994904 100.85336669120902 100.86627112485314 100.87791218737125 100.88883132353166 100.89884805174493 100.90796237201106 100.9178888594296 100.92583004936445
100.77539864457603 100.78884452298843 100.80752436749425 100.82746758312607 100.84741079875789 100.8762878530664 100.84100370233318 100.90209672035463 101.06010835189905 101.17913596012697 101.08429288488244 100.65727344429526 100.49763747844598 100.51270769116323 100.51974647315095 100.50991022652711 100.52840958944348 100.54853328666474 100.56973987342256 100.60439233859277 100.634623004822 100.66277813277281 100.69327952138619 100.71349345940214 100.73677558443838 100.75247748271863 100.76863058497246 100.78352031610028 100.79461993385013 100.80671220034182 100.81609724299209 100.82602373041064 100.83640142180276 100.84723031716847 100.85887137968658 100.87114412776769 100.88215350472282 100.89379456724095 100.90552587055377 100.91554259876705 100.92339354790717 100.93295907214687 100.94062953969757
100.80373425411625 100.81510459425024 100.8347770874979 100.85435933995088 100.87015147902584 100.89821636618194 100.8589616204813 100.99296920063175 101.2938320102086 101.37784619008744 100.96102395930295 100.62415507263518 100.49465953222041 100.50602987235439 100.50485674202311 100.49998373910854 100.5355386122259 100.54808208269117 100.58002732401997 100.61449930760075 100.64554214098241 100.67514112164865 100.70654491820916 100.72450283635726 100.75121411159263 100.76709649146231 100.78415200166329 100.79922221438053 100.80878773862024 100.82467011848993 100.83261130842477 100.8442523709429 100.85426909915616 100.86410534578 100.87574640829811 100.88648506286908 100.89911877412908 100.9094964655212 100.92023512009217 100.93034208910017 100.93927592777685 100.94929265599012 100.95588023400424
100.82773830551021 100.8354087730609 100.85625439663987 100.87574640829811 100.88052917041797 100.92447643744373 100.87827315055011 101.00190303930846 101.2772277039812 101.20259856675264 100.68163845886805 100.5277779038805 100.50422505646011 100.49872036798254 100.50196903659226 100.5080151698381 100.54384076533961 100.55439893832116 100.59663163024736 100.62460627660874 100.65664175873225 100.68903820403462 100.71701285039599 100.74237051371065 100.76664528748874 100.78333983451085 100.80066606709597 100.81573627981324 100.82683589756307 100.84253779584333 100.8493960962416 100.86184932591215 100.87150509094656 100.88098037439154 100.89379456724095 100.90011142287094 100.91364754207805 100.92339354790717 100.93422244327287 100.94487085704912 100.9536242141364 100.96291901599196 100.96896514923779
100.8455157420689 100.84614742763189 100.86627112485314 100.87953652167612 100.8832363942594 100.93259810896801 100.89198975134666 100.99639835083089 101.14637855164574 101.04675271428137 100.53120705407963 100.42697893618482 100.46253380930219 100.48301846970229 100.49339616109442 100.5252511616285 100.55575255024188 100.57822250812569 100.61973327369418 100.64635430813485 100.67884099423193 100.71250081066029 100.7349707685441 100.76438926762091 100.78379103848442 100.80283184616911 100.81925567080708 100.83279179001421 100.84497429730061 100.85760800856058 100.86563943929015 100.87710002021883 100.88540217333252 100.8947872159828 100.90633803770619 100.9127451341309 100.9261007717486 100.93458340645172 100.94559278340684 100.95633143797782 100.96463359109153 100.97573320884135 100.97997452619292
100.85796897173944 100.85941282445486 100.8750244819404 100.87953652167612 100.88801915637923 100.91761813704547 100.8884703603528 100.94766832168527 101.0009103905666 100.9094964655212 100.46614344109075 100.41461594730899 100.47634065089346 100.48040148665558 100.52128056666108 100.5502478617643 100.58002732401997 100.6102579902492 100.64554214098241 100.67216317542308 100.70203287847345 100.73235378549738 100.75563591053363 100.78451296484214 100.7995831775594 100.81988735637007 100.83396492034548 100.84759128034732 100.85950306524958 100.86997099743641 100.87773170578183 100.88874108273694 100.89704323585065 100.9069697232692 100.91671572909833 100.92438619664902 100.93783207506142 100.94423917148613 100.95660216036195 100.96526527665452 100.97474056009949 100.98502801069691 100.98935956884318
100.863473660217 100.86762473677383 100.87303918445669 100.88152181915983 100.8832363942594 100.89821636618194 100.87764146498712 100.90715020485862 100.94297580036013 100.80247088299025 100.48852315817986 100.48437208162301 100.51740021248837 100.51622708215709 100.54826256428059 100.58841971792837 100.6096263046862 100.645993344956 100.67324606495964 100.70266456403644 100.7337073974181 100.75698952245435 100.7809935738483 100.80247088299025 100.81727037332337 100.83721358895518 100.84840344749975 100.86139812193858 100.87087340538355 100.87962676247082 100.8891020459158 100.8980358845925 100.90651851929563 100.91698645148247 100.92546908618559 100.93449316565702 100.94649519135399 100.95353397334168 100.96616768460166 100.9734771889735 100.98304271321321 100.99197655188989 100.99721051798332
100.87096364617827 100.8750244819404 100.87998772564968 100.8819730231334 100.88359735743825 100.88765819320038 100.87547568591397 100.8884703603528 100.8442523709429 100.69986709940031 100.58823923633895 100.59599994468435 100.59302199845881 100.59599994468435 100.62424531342988 100.63597661674271 100.6551076652221 100.68533833145133 100.70600347344087 100.7368658252331 100.75816265278563 100.78171550020602 100.8008465486854 100.81988735637007 100.83576973623975 100.85210332008302 100.862210289091 100.87349038843026 100.88296567187525 100.88946300909465 100.90065286763922 100.90687948247448 100.91815958181374 100.92790558764287 100.93729063029313 100.94649519135399 100.9556095116201 100.96391166473381 100.97465031930479 100.98150861970306 100.99089366235333 100.9990153338776 101.00397857758686
100.87746098339768 100.88025844803383 100.88287543108054 100.8852216917431 100.88377783902769 100.88287543108054 100.87349038843026 100.86383462339586 100.82764806471549 100.78333983451085 100.7189981478797 100.7042888983413 100.68470664588834 100.68840651847162 100.68885772244519 100.69833300589016 100.7099740684083 100.7325342670868 100.74733375741994 100.77025491927732 100.78911524537257 100.80635123716296 100.82503108166878 100.83784527451819 100.85571295187158 100.86690281041612 100.87728050180826 100.88684602604795 100.89388480803565 100.90047238604978 100.9101281510842 100.91689621068775 100.92952992194773 100.9377418342667 100.94766832168527 100.95714360513024 100.96427262791266 100.97401863374178 100.98060621175593 100.98863764248547 100.99748124036746 101.00551267109701 101.01164904513757
100.88449976538539 100.88540217333252 100.88675578525323 100.8883801195581 100.88810939717395 100.88413880220652 100.87673905703997 100.86239077068043 100.84389140776403 100.8187142260388 100.79552234179728 100.77612057093374 100.76583312033632 100.76258445172662 100.7611405990112 100.76465999000504 100.77187925358217 100.77675225649674 100.79425897067128 100.80779508987838 100.82015807875422 100.8347770874979 100.84759128034732 100.86004451001786 100.8731294252514 100.88052917041797 100.8916287881678 100.89758468061893 100.90408201783835 100.91283537492562 100.91960343452917 100.9287177547953 100.93972713175042 100.9484804888377 100.95849721705096 100.9676115373171 100.97302598499992 100.98340367639206 100.98890836486962 100.9983836483146 101.00596387507058 101.01336362023714 101.02112432858254
100.89009469465766 100.89262143690965 100.89424577121451 100.89460673439336 100.89388480803565 100.8897337314788 100.88603385889552 100.87664881624526 100.86401510498528 100.84948633703631 100.83522829147148 100.8244896369005 100.81799229968108 100.81212664802467 100.8104120729251 100.81122424007752 100.8148338718661 100.82241409862208 100.83279179001421 100.83676238498161 100.84948633703631 100.8602249916073 100.8692490710787 100.87971700326554 100.88828987876337 100.89659203187708 100.90435274022249 100.90976718790533 100.91635476591948 100.92474715982787 100.93196642340502 100.94414893069141 100.95127795347383 100.96138492248181 100.97104068751622 100.9785306734775 100.98520849228635 100.99287895983703 100.9970300363939 101.00596387507058 101.01408554659486 101.02274866288741 101.03123129759054
100.90101383081806 100.90173575717577 100.90245768353348 100.90336009148064 100.90290888750705 100.89984070048679 100.89397504883037 100.88711674843209 100.87836339134483 100.87078316458884 100.86175908511743 100.85508126630859 100.84840344749975 100.84596694604247 100.8455157420689 100.84659863160546 100.84984730021517 100.85526174789801 100.85778849015001 100.86654184723729 100.87475375955626 100.8807096520074 100.88865084194224 100.89848708856609 100.90390153624891 100.91202320777319 100.91662548830362 100.92411547426488 100.93196642340502 100.93873448300856 100.94676591373813 100.95660216036195 100.96400190552852 100.97428935612592 100.98259150923963 100.98899860566432 100.99675931400975 101.00127135374545 101.00858085811728 101.01525867692614 101.02265842209269 101.0309605752064 101.03863104275709
