static/data/precipitation/2023/7/7/0.asc
ncols 137
nrows 93
xllcorner 108.0
yllcorner 17.0
cellsize 0.25
NODATA_value -32767
[rows 44 to 65 of 93, columns 50 to 99 of 137]
0.0 0.0 0.0 0.0 0.0 0.0 0.0 0.0 0.0 0.0 0.0 0.0 0.0 0.0 0.0 0.0 0.0 0.0 0.0 0.0 0.0 0.0 0.0016567240760691215 0.0022089654347565157 0.004970172228203895 0.040313619184318555 0.04141810190169681 0.004970172228203895 0.0011044827173782579 0.0011044827173782579 0.0005522413586908637 0.0005522413586908637 0.0005522413586908637 0.0005522413586908637 0.0005522413586908637 0.0005522413586908637 0.0 0.0 0.0 0.0 0.0 0.0 0.0 0.0 0.0011044827173782579 0.0016567240760691215 0.0016567240760691215 0.0022089654347565157 0.006074654945582153 0.005522413586894759
0.0 0.0 0.0 0.0 0.0 0.0 0.0 0.0 0.0 0.0 0.0 0.0 0.0 0.0 0.0 0.0 0.0 0.0 0.0 0.0 0.0 0.0027612067934473794 0.0044179308695130315 0.011597068532473442 0.045836032771209845 0.10768706494440963 0.09443327233586707 0.026507585217085128 0.0016567240760691215 0.0011044827173782579 0.0011044827173782579 0.0005522413586908637 0.0005522413586908637 0.0 0.0005522413586908637 0.0 0.0 0.0 0.0 0.0 0.0 0.0011044827173782579 0.0011044827173782579 0.0011044827173782579 0.0044179308695130315 0.004970172228203895 0.008835861739029532 0.00994034445640779 0.009388103097716927 0.00994034445640779
0.0 0.0 0.0 0.0 0.0 0.0 0.0 0.0 0.0 0.0 0.0 0.0 0.0 0.0 0.0 0.0 0.0 0.0 0.0 0.0 0.0016567240760691215 0.007179137662960411 0.026507585217085128 0.04252258461907507 0.12370206434639958 0.10271689271620574 0.08007499700994625 0.06461223896664717 0.0044179308695130315 0.0022089654347565157 0.0016567240760691215 0.0011044827173782579 0.0005522413586908637 0.0005522413586908637 0.0005522413586908637 0.0 0.0 0.0 0.0 0.0 0.0005522413586908637 0.0016567240760691215 0.004970172228203895 0.0033134481521347736 0.00994034445640779 0.028716550651841644 0.0342389642387364 0.02374637842363775 0.01822396483674646 0.0171194821193682
0.0 0.0 0.0 0.0005522413586908637 0.0 0.0 0.0 0.0 0.0 0.0 0.0 0.0 0.0 0.0 0.0 0.0 0.0 0.0 0.0 0.0005522413586908637 0.00994034445640779 0.033134481521358145 0.07565706614042975 0.13916482238969866 0.09664223777062358 0.048597239564657224 0.029268792010532507 0.03202999880397989 0.010492585815095185 0.0033134481521347736 0.0011044827173782579 0.0005522413586908637 0.0 0.0 0.0011044827173782579 0.0005522413586908637 0.0 0.0 0.0 0.0 0.0016567240760691215 0.0044179308695130315 0.0077313790216512746 0.013806033967233428 0.0392091364669403 0.04970172228203548 0.053015170434170256 0.047492756847278966 0.02705982657577599 0.0171194821193682
0.0 0.0 0.0 0.0 0.0 0.0 0.0 0.0 0.0 0.0 0.0 0.0 0.0 0.0 0.0 0.0 0.0 0.0 0.0 0.004970172228203895 0.025955343858397734 0.05964206673844327 0.09277654825979795 0.04362706733645333 0.17561275206319157 0.08946310010766317 0.018776206195437323 0.014910516684611685 0.012149309891164306 0.0038656895108256373 0.0011044827173782579 0.0016567240760691215 0.0027612067934473794 0.0 0.0 0.0 0.0 0.0 0.0 0.0 0.0022089654347565157 0.011044827173786048 0.019328447554124717 0.02098517163019384 0.028716550651841644 0.038656895108249434 0.03644792967349292 0.02705982657577599 0.02098517163019384 0.013253792608542564
0.0 0.0 0.0 0.0 0.0 0.0 0.0 0.0 0.0 0.0 0.0 0.0 0.0 0.0 0.0 0.0 0.0 0.0 0.007179137662960411 0.022089654347572096 0.04362706733645333 0.05356741179286112 0.03976137782562769 0.03976137782562769 0.08007499700994625 0.02705982657577599 0.00994034445640779 0.004970172228203895 0.005522413586894759 0.0033134481521347736 0.0011044827173782579 0.0 0.0011044827173782579 0.0 0.0 0.0 0.0 0.0 0.0 0.0 0.0005522413586908637 0.008283620380338669 0.0298210333692199 0.03147775744528902 0.030373274727910765 0.03644792967349292 0.02540310249970687 0.013253792608542564 0.008283620380338669 0.0038656895108256373
0.0 0.0 0.0 0.0 0.0 0.0 0.0 0.0 0.0 0.0 0.0 0.0 0.0 0.0 0.0 0.0 0.0 0.006626896304273017 0.024298619782328612 0.06240327353188718 0.09443327233586707 0.048597239564657224 0.021537412988881233 0.02264189570625949 0.02098517163019384 0.01546275804329908 0.0011044827173782579 0.0011044827173782579 0.0011044827173782579 0.0011044827173782579 0.0016567240760691215 0.0011044827173782579 0.0 0.0 0.0 0.0005522413586908637 0.0 0.0 0.0005522413586908637 0.0005522413586908637 0.0005522413586908637 0.010492585815095185 0.03202999880397989 0.035895688314802054 0.02816430929315425 0.026507585217085128 0.00994034445640779 0.005522413586894759 0.0011044827173782579 0.0011044827173782579
0.0 0.0 0.0 0.0 0.0 0.0 0.0 0.0 0.0 0.0 0.0 0.0 0.0 0.0 0.0 0.0 0.0 0.02098517163019384 0.03810465374956204 0.04362706733645333 0.0695824111948476 0.03810465374956204 0.0171194821193682 0.011044827173786048 0.004970172228203895 0.0 0.0 0.0 0.0005522413586908637 0.0016567240760691215 0.0016567240760691215 0.0011044827173782579 0.0 0.0005522413586908637 0.0005522413586908637 0.0005522413586908637 0.0011044827173782579 0.0011044827173782579 0.0005522413586908637 0.0 0.0016567240760691215 0.020432930271502975 0.03644792967349292 0.047492756847278966 0.040313619184318555 0.0171194821193682 0.0027612067934473794 0.0011044827173782579 0.0005522413586908637 0.0
0.0 0.0 0.0 0.0 0.0 0.0 0.0 0.0 0.0 0.0 0.0 0.0 0.0 0.0 0.0 0.0 0.0 0.018776206195437323 0.029268792010532507 0.03368672288004554 0.038656895108249434 0.024850861141019476 0.01546275804329908 0.006074654945582153 0.0016567240760691215 0.0 0.0 0.0 0.0005522413586908637 0.004970172228203895 0.0011044827173782579 0.0 0.0005522413586908637 0.0005522413586908637 0.0005522413586908637 0.0005522413586908637 0.0011044827173782579 0.0011044827173782579 0.0005522413586908637 0.0044179308695130315 0.012149309891164306 0.03202999880397989 0.03258224016266728 0.04362706733645333 0.03258224016266728 0.007179137662960411 0.0016567240760691215 0.0005522413586908637 0.0 0.0
0.0 0.0 0.0 0.0 0.0 0.0 0.0 0.0 0.0 0.0 0.0 0.0 0.0 0.0 0.0 0.0 0.0005522413586908637 0.0022089654347565157 0.010492585815095185 0.01270155124985517 0.018776206195437323 0.02540310249970687 0.013253792608542564 0.005522413586894759 0.0016567240760691215 0.0 0.0 0.0 0.0 0.011044827173786048 0.0038656895108256373 0.0005522413586908637 0.0011044827173782579 0.0011044827173782579 0.0005522413586908637 0.0011044827173782579 0.0011044827173782579 0.0005522413586908637 0.0016567240760691215 0.004970172228203895 0.02098517163019384 0.029268792010532507 0.026507585217085128 0.02264189570625949 0.008835861739029532 0.0027612067934473794 0.0022089654347565157 0.0011044827173782579 0.0005522413586908637 0.0
0.0 0.0 0.0 0.0 0.0 0.0 0.0 0.0 0.0 0.0 0.0 0.0 0.0 0.0 0.0 0.0005522413586908637 0.0016567240760691215 0.0033134481521347736 0.012149309891164306 0.011044827173786048 0.017671723478055595 0.03202999880397989 0.014358275325920822 0.007179137662960411 0.0022089654347565157 0.0005522413586908637 0.0 0.0005522413586908637 0.0005522413586908637 0.008835861739029532 0.007179137662960411 0.0027612067934473794 0.0011044827173782579 0.0005522413586908637 0.0005522413586908637 0.0033134481521347736 0.0022089654347565157 0.0022089654347565157 0.0033134481521347736 0.0038656895108256373 0.011044827173786048 0.010492585815095185 0.012149309891164306 0.011044827173786048 0.008835861739029532 0.004970172228203895 0.0027612067934473794 0.0016567240760691215 0.0005522413586908637 0.0005522413586908637
0.0 0.0 0.0 0.0 0.0 0.0 0.0 0.0 0.0 0.0 0.0 0.0 0.0 0.0 0.0005522413586908637 0.0016567240760691215 0.0038656895108256373 0.017671723478055595 0.01546275804329908 0.009388103097716927 0.022089654347572096 0.04362706733645333 0.014910516684611685 0.0077313790216512746 0.0027612067934473794 0.0005522413586908637 0.0016567240760691215 0.0044179308695130315 0.0016567240760691215 0.008283620380338669 0.0038656895108256373 0.0038656895108256373 0.0044179308695130315 0.0016567240760691215 0.0016567240760691215 0.007179137662960411 0.0077313790216512746 0.005522413586894759 0.0044179308695130315 0.007179137662960411 0.008283620380338669 0.008283620380338669 0.008835861739029532 0.008283620380338669 0.006626896304273017 0.006626896304273017 0.0022089654347565157 0.0011044827173782579 0.0005522413586908637 0.0011044827173782579
0.0 0.0 0.0 0.0 0.0 0.0 0.0 0.0 0.0 0.0 0.0 0.0 0.0 0.0005522413586908637 0.0011044827173782579 0.0016567240760691215 0.004970172228203895 0.04417930869514072 0.03700017103218031 0.025955343858397734 0.026507585217085128 0.033134481521358145 0.016567240760677338 0.007179137662960411 0.0016567240760691215 0.0 0.0016567240760691215 0.005522413586894759 0.006074654945582153 0.0044179308695130315 0.004970172228203895 0.006626896304273017 0.0077313790216512746 0.00994034445640779 0.017671723478055595 0.02098517163019384 0.017671723478055595 0.009388103097716927 0.0027612067934473794 0.0022089654347565157 0.0011044827173782579 0.004970172228203895 0.014358275325920822 0.012149309891164306 0.006626896304273017 0.008283620380338669 0.004970172228203895 0.0011044827173782579 0.0011044827173782579 0.005522413586894759
0.0 0.0 0.0 0.0 0.0 0.0 0.0 0.0 0.0 0.0 0.0 0.0 0.0 0.0011044827173782579 0.008283620380338669 0.025955343858397734 0.025955343858397734 0.02705982657577599 0.03258224016266728 0.029268792010532507 0.024298619782328612 0.01988068891281558 0.02264189570625949 0.004970172228203895 0.0011044827173782579 0.0005522413586908637 0.0027612067934473794 0.011044827173786048 0.028716550651841644 0.009388103097716927 0.006626896304273017 0.008835861739029532 0.008835861739029532 0.007179137662960411 0.02098517163019384 0.009388103097716927 0.006074654945582153 0.0038656895108256373 0.0011044827173782579 0.0005522413586908637 0.0 0.005522413586894759 0.004970172228203895 0.008835861739029532 0.01270155124985517 0.009388103097716927 0.0044179308695130315 0.0033134481521347736 0.006074654945582153 0.02374637842363775
0.0 0.0 0.0 0.0 0.0 0.0 0.0 0.0 0.0 0.0 0.0 0.0 0.0016567240760691215 0.0038656895108256373 0.007179137662960411 0.01546275804329908 0.01546275804329908 0.11928413347688308 0.06240327353188718 0.025955343858397734 0.025955343858397734 0.014358275325920822 0.013253792608542564 0.0038656895108256373 0.0011044827173782579 0.0016567240760691215 0.004970172228203895 0.013253792608542564 0.02816430929315425 0.019328447554124717 0.008835861739029532 0.004970172228203895 0.005522413586894759 0.004970172228203895 0.011044827173786048 0.005522413586894759 0.0022089654347565157 0.0005522413586908637 0.0011044827173782579 0.0005522413586908637 0.0 0.018776206195437323 0.01822396483674646 0.022089654347572096 0.026507585217085128 0.0298210333692199 0.0077313790216512746 0.014910516684611685 0.05246292907548286 0.06737344576009108
0.0 0.0 0.0 0.0 0.0 0.0 0.0 0.0 0.0 0.0005522413586908637 0.0 0.0005522413586908637 0.0016567240760691215 0.011044827173786048 0.0171194821193682 0.02374637842363775 0.028716550651841644 0.08449292787945928 0.08394068652077188 0.05080620499941374 0.04197034326038421 0.008835861739029532 0.008283620380338669 0.0033134481521347736 0.0016567240760691215 0.0022089654347565157 0.005522413586894759 0.00994034445640779 0.019328447554124717 0.0171194821193682 0.027612067934463386 0.020432930271502975 0.008835861739029532 0.007179137662960411 0.0027612067934473794 0.006626896304273017 0.0027612067934473794 0.0016567240760691215 0.0016567240760691215 0.0033134481521347736 0.00994034445640779 0.0347912055974238 0.06792568711878194 0.061298790814508924 0.0342389642387364 0.0342389642387364 0.0171194821193682 0.01988068891281558 0.061298790814508924 0.07841827293387713
0.0005522413586908637 0.0 0.0 0.0 0.0 0.0 0.0 0.0 0.0 0.0 0.0 0.0005522413586908637 0.0044179308695130315 0.013253792608542564 0.022089654347572096 0.033134481521358145 0.03368672288004554 0.040313619184318555 0.05080620499941374 0.0342389642387364 0.02098517163019384 0.007179137662960411 0.004970172228203895 0.0016567240760691215 0.0022089654347565157 0.0027612067934473794 0.0038656895108256373 0.0077313790216512746 0.010492585815095185 0.014910516684611685 0.02098517163019384 0.016567240760677338 0.004970172228203895 0.0038656895108256373 0.0005522413586908637 0.006074654945582153 0.0038656895108256373 0.0022089654347565157 0.004970172228203895 0.005522413586894759 0.04252258461907507 0.07510482478174235 0.10492585815096225 0.07179137662960758 0.04362706733645333 0.025955343858397734 0.011044827173786048 0.011597068532473442 0.0469405154885881 0.06682120440140368
0.03534344695611466 0.0005522413586908637 0.0 0.0 0.0 0.0 0.0 0.0 0.0 0.0 0.0 0.0 0.005522413586894759 0.007179137662960411 0.01546275804329908 0.025955343858397734 0.02374637842363775 0.02374637842363775 0.03534344695611466 0.018776206195437323 0.009388103097716927 0.004970172228203895 0.0033134481521347736 0.0005522413586908637 0.0016567240760691215 0.0016567240760691215 0.0027612067934473794 0.004970172228203895 0.0044179308695130315 0.009388103097716927 0.005522413586894759 0.0016567240760691215 0.0016567240760691215 0.0 0.009388103097716927 0.008283620380338669 0.005522413586894759 0.025955343858397734 0.028716550651841644 0.02816430929315425 0.07952275565125538 0.1032691340748966 0.09056758282504143 0.05743310130368676 0.0298210333692199 0.009388103097716927 0.0022089654347565157 0.029268792010532507 0.05798534266237415 0.07731379021649887
0.03534344695611466 0.0 0.0 0.0 0.0 0.016014999401989943 0.016014999401989943 0.0005522413586908637 0.0005522413586908637 0.0 0.0 0.0005522413586908637 0.0044179308695130315 0.005522413586894759 0.006074654945582153 0.012149309891164306 0.014910516684611685 0.008835861739029532 0.012149309891164306 0.009388103097716927 0.0038656895108256373 0.0022089654347565157 0.0044179308695130315 0.0011044827173782579 0.0011044827173782579 0.0016567240760691215 0.0022089654347565157 0.004970172228203895 0.004970172228203895 0.0038656895108256373 0.0011044827173782579 0.0 0.0 0.0038656895108256373 0.022089654347572096 0.01546275804329908 0.024298619782328612 0.048597239564657224 0.05246292907548286 0.0469405154885881 0.09056758282504143 0.07289585934698584 0.04417930869514072 0.033134481521358145 0.008835861739029532 0.004970172228203895 0.0077313790216512746 0.05246292907548286 0.05356741179286112 0.0695824111948476
0.0690301698361602 0.0 0.0 0.0 0.0 0.03976137782562769 0.016567240760677338 0.0005522413586908637 0.0005522413586908637 0.0 0.0 0.0016567240760691215 0.0011044827173782579 0.006626896304273017 0.00994034445640779 0.0044179308695130315 0.013253792608542564 0.0044179308695130315 0.0027612067934473794 0.0016567240760691215 0.0016567240760691215 0.0016567240760691215 0.0033134481521347736 0.0016567240760691215 0.0011044827173782579 0.0016567240760691215 0.0033134481521347736 0.004970172228203895 0.010492585815095185 0.0033134481521347736 0.0011044827173782579 0.0005522413586908637 0.004970172228203895 0.008835861739029532 0.0298210333692199 0.03147775744528902 0.05743310130368676 0.051910687716792 0.04804499820596636 0.037552412390871176 0.061298790814508924 0.01822396483674646 0.013806033967233428 0.008283620380338669 0.012149309891164306 0.014358275325920822 0.016567240760677338 0.025955343858397734 0.019328447554124717 0.020432930271502975
0.06571672168402543 0.0 0.0 0.0 0.0 0.0016567240760691215 0.0005522413586908637 0.0 0.0005522413586908637 0.0 0.0 0.0005522413586908637 0.0005522413586908637 0.006626896304273017 0.008835861739029532 0.0016567240760691215 0.0027612067934473794 0.0016567240760691215 0.0011044827173782579 0.0016567240760691215 0.0016567240760691215 0.0011044827173782579 0.0016567240760691215 0.0016567240760691215 0.0027612067934473794 0.0027612067934473794 0.0016567240760691215 0.0022089654347565157 0.008283620380338669 0.0016567240760691215 0.0011044827173782579 0.0022089654347565157 0.009388103097716927 0.025955343858397734 0.05080620499941374 0.07234361798829497 0.05743310130368676 0.03092551608659816 0.019328447554124717 0.0298210333692199 0.012149309891164306 0.005522413586894759 0.0022089654347565157 0.004970172228203895 0.016014999401989943 0.028716550651841644 0.013253792608542564 0.008283620380338669 0.0038656895108256373 0.0038656895108256373
0.043074825977762465 0.0 0.0 0.0 0.0 0.0 0.0 0.0 0.0 0.0 0.0 0.0 0.0 0.0 0.0 0.0 0.0005522413586908637 0.0 0.0005522413586908637 0.0016567240760691215 0.0022089654347565157 0.0011044827173782579 0.0 0.0016567240760691215 0.0038656895108256373 0.0033134481521347736 0.0016567240760691215 0.0027612067934473794 0.0005522413586908637 0.0011044827173782579 0.0044179308695130315 0.006626896304273017 0.017671723478055595 0.040313619184318555 0.051358446358104604 0.02098517163019384 0.011597068532473442 0.004970172228203895 0.0005522413586908637 0.0 0.0 0.0038656895108256373 0.004970172228203895 0.01546275804329908 0.027612067934463386 0.027612067934463386 0.014358275325920822 0.0033134481521347736 0.0005522413586908637 0.0016567240760691215
