static/data/precipitation/2023/7/7/18.asc
ncols 137
nrows 93
xllcorner 108.0
yllcorner 17.0
cellsize 0.25
NODATA_value -32767
[rows 0 to 23 of 93, columns 55 to 109 of 137]
4.691842583424095 1.356304776940865 0.40258395048448425 0.0 0.0 0.0 0.0011044827173782579 0.0005522413586908637 0.0 0.0 0.0 0.0 0.0 0.0 0.0 0.0 0.0 0.0 0.0 0.0 0.0 0.0 0.0 0.0 0.0 0.0 0.0 0.0 0.0 0.0 0.0 0.0 0.0 0.0 0.0 0.0 0.0 0.0 0.0005522413586908637 0.0 0.0 0.0 0.0 0.0 0.0 0.0 0.0 0.0 0.0 0.0 0.0 0.0 0.0 0.0 0.0
7.36082506996937 0.4031361918431717 0.11376171988999179 0.0 0.0 0.0 0.0033134481521347736 0.0044179308695130315 0.0 0.0 0.0 0.0 0.0 0.0 0.0 0.0 0.0 0.0 0.0 0.0 0.0 0.0 0.0 0.0 0.0 0.0 0.0 0.0 0.0 0.0 0.0 0.0 0.0 0.0 0.0 0.0 0.0 0.0022089654347565157 0.0022089654347565157 0.0 0.0 0.0 0.0 0.0 0.0 0.0 0.0 0.0 0.0 0.0 0.0 0.0 0.0 0.0 0.0005522413586908637
7.205093006818994 0.023194137064950354 0.02264189570625949 0.0 0.0 0.0 0.0005522413586908637 0.0005522413586908637 0.0005522413586908637 0.0 0.0 0.0 0.0005522413586908637 0.0 0.0 0.0 0.0 0.0 0.0 0.0 0.0 0.0 0.0 0.0022089654347565157 0.0022089654347565157 0.0 0.0 0.0 0.0 0.0 0.0 0.0 0.0 0.0005522413586908637 0.0005522413586908637 0.0005522413586908637 0.0016567240760691215 0.0016567240760691215 0.0011044827173782579 0.0 0.0 0.0 0.0 0.0 0.0 0.0 0.0 0.0 0.0 0.0 0.0 0.0 0.0 0.0 0.03092551608659816
3.340507978711436 0.0 0.0 0.0 0.0 0.0 0.0 0.0 0.0005522413586908637 0.0005522413586908637 0.0005522413586908637 0.0011044827173782579 0.0005522413586908637 0.0 0.0 0.0 0.0 0.0 0.0 0.0 0.0 0.0 0.0 0.006074654945582153 0.006626896304273017 0.0027612067934473794 0.0005522413586908637 0.0 0.0 0.0 0.0 0.0 0.0 0.0 0.0 0.0005522413586908637 0.0038656895108256373 0.0016567240760691215 0.0 0.0 0.0 0.0 0.0 0.0 0.0 0.0 0.0 0.0 0.0 0.0 0.0 0.0 0.0005522413586908637 0.0038656895108256373 0.5086142913528248
0.0 0.0 0.0 0.0 0.0 0.0 0.0 0.0 0.0 0.0005522413586908637 0.0016567240760691215 0.0016567240760691215 0.0027612067934473794 0.0011044827173782579 0.0005522413586908637 0.0005522413586908637 0.0011044827173782579 0.0011044827173782579 0.0 0.0 0.0 0.0 0.0 0.0022089654347565157 0.0038656895108256373 0.0033134481521347736 0.0038656895108256373 0.0016567240760691215 0.0 0.0 0.0 0.0 0.0 0.0 0.0 0.0 0.0016567240760691215 0.0 0.0 0.0005522413586908637 0.0005522413586908637 0.0005522413586908637 0.0 0.0 0.0 0.0 0.0 0.0 0.0 0.0 0.0005522413586908637 0.005522413586894759 0.207642750867168 0.50309187776593 1.1254678890087466
0.0 0.0 0.0 0.0 0.0 0.0 0.0 0.0 0.0 0.0 0.0011044827173782579 0.0022089654347565157 0.007179137662960411 0.0044179308695130315 0.0 0.0 0.0005522413586908637 0.0016567240760691215 0.0011044827173782579 0.0005522413586908637 0.0 0.0 0.0 0.0 0.0016567240760691215 0.0016567240760691215 0.0022089654347565157 0.0005522413586908637 0.0 0.0 0.0 0.0 0.0 0.0 0.0 0.0 0.0 0.0005522413586908637 0.0005522413586908637 0.0016567240760691215 0.004970172228203895 0.0044179308695130315 0.0011044827173782579 0.0 0.0 0.0 0.0 0.0 0.0005522413586908637 0.0005522413586908637 0.03147775744528902 0.5942117019496623 0.8327799689034285 1.5468280456886647 1.7649633823709279
0.0 0.0 0.0 0.0 0.0 0.0 0.0 0.0 0.0 0.0 0.0 0.0016567240760691215 0.004970172228203895 0.0044179308695130315 0.0005522413586908637 0.0 0.0 0.0011044827173782579 0.0011044827173782579 0.0005522413586908637 0.0 0.0 0.0 0.0 0.0 0.0 0.0005522413586908637 0.0005522413586908637 0.0 0.0 0.0 0.0 0.0 0.0 0.0 0.0 0.0 0.0005522413586908637 0.0027612067934473794 0.004970172228203895 0.016014999401989943 0.011597068532473442 0.006626896304273017 0.0016567240760691215 0.0 0.0 0.0 0.0016567240760691215 0.0016567240760691215 0.12646327113984349 0.3578524004306527 1.080736338954915 2.3713243942117543 2.9572524757810763 3.0809545401274763
0.0 0.0 0.0 0.0 0.0 0.0 0.0 0.0 0.0 0.0 0.0 0.0 0.0 0.0 0.0005522413586908637 0.0 0.0 0.0 0.0 0.0 0.0 0.0 0.0 0.0 0.0 0.0 0.0 0.0 0.0 0.0 0.0 0.0 0.0 0.0 0.0 0.0016567240760691215 0.0016567240760691215 0.0016567240760691215 0.0022089654347565157 0.008835861739029532 0.028716550651841644 0.07731379021649887 0.009388103097716927 0.0016567240760691215 0.0 0.0005522413586908637 0.0033134481521347736 0.0077313790216512746 0.05743310130368676 0.3197477466810906 1.2176921959098572 3.273686774310032 3.864032786748869 4.057317262290116 4.607901896903325
0.0 0.0 0.0 0.0 0.0 0.0 0.0 0.0 0.0 0.0 0.0 0.0 0.0 0.0 0.0 0.0 0.0 0.0 0.0 0.0 0.0 0.0 0.0 0.0 0.0 0.0 0.0 0.0 0.0 0.0 0.0 0.0 0.0 0.0005522413586908637 0.0005522413586908637 0.014358275325920822 0.01546275804329908 0.0038656895108256373 0.0022089654347565157 0.008835861739029532 0.01270155124985517 0.11320947853130092 0.006074654945582153 0.0033134481521347736 0.0016567240760691215 0.005522413586894759 0.03644792967349292 0.07510482478174235 0.4445542937448685 0.8189739349361985 2.902580581270839 3.9628839899542507 4.426766731253243 5.187203082168377 6.259655800742952
0.0 0.0 0.0 0.0 0.0 0.0 0.0 0.0 0.0 0.0 0.0 0.0 0.0 0.0 0.0 0.0 0.0 0.0 0.0 0.0 0.0 0.0 0.0 0.0 0.0 0.0 0.0011044827173782579 0.0011044827173782579 0.0 0.0 0.0 0.0 0.0005522413586908637 0.0011044827173782579 0.0016567240760691215 0.024850861141019476 0.040313619184318555 0.011044827173786048 0.0077313790216512746 0.0033134481521347736 0.0044179308695130315 0.008283620380338669 0.004970172228203895 0.0033134481521347736 0.014358275325920822 0.024850861141019476 0.09443327233586707 0.4445542937448685 0.9200341035763351 1.5506937351994905 3.1759400538220306 4.347796216960676 6.821837503888636 8.529920026314569 9.759761532115588
0.0 0.0 0.0 0.0 0.0 0.0 0.0 0.0 0.0 0.0 0.0 0.0 0.0 0.0 0.0 0.0 0.0 0.0 0.0005522413586908637 0.0005522413586908637 0.0 0.0 0.0 0.0 0.0 0.0 0.0033134481521347736 0.0022089654347565157 0.0 0.0 0.006074654945582153 0.004970172228203895 0.0016567240760691215 0.0038656895108256373 0.004970172228203895 0.0077313790216512746 0.01546275804329908 0.030373274727910765 0.06461223896664717 0.04252258461907507 0.00994034445640779 0.007179137662960411 0.005522413586894759 0.01822396483674646 0.035895688314802054 0.08394068652077188 0.2772251620620156 0.6809135952638781 1.4336185671573638 2.2144878483440005 4.073332261692106 7.295660589644036 11.010035968188111 15.785266996774288 18.021844499465857
0.0 0.0 0.0 0.0 0.0 0.0 0.0 0.0 0.0 0.0 0.0 0.0 0.0 0.0 0.0005522413586908637 0.0 0.0 0.0005522413586908637 0.0005522413586908637 0.0016567240760691215 0.0016567240760691215 0.0 0.0 0.0 0.0 0.0 0.0005522413586908637 0.0005522413586908637 0.0005522413586908637 0.0005522413586908637 0.03092551608659816 0.024298619782328612 0.008835861739029532 0.010492585815095185 0.017671723478055595 0.01546275804329908 0.016567240760677338 0.030373274727910765 0.025955343858397734 0.018776206195437323 0.014358275325920822 0.0171194821193682 0.04086586054300595 0.09608999641193272 0.1905232687477998 0.37165843439788265 0.717361524937371 1.719679590958409 3.220671603875862 4.800081889727194 9.771910842006752 15.959775266120097 20.871962151661215 22.206729515613198 19.865226154770664
0.0 0.0 0.0 0.0 0.0 0.0 0.0 0.0 0.0 0.0 0.0 0.0 0.0 0.0005522413586908637 0.0011044827173782579 0.0005522413586908637 0.0005522413586908637 0.0005522413586908637 0.0011044827173782579 0.0011044827173782579 0.0016567240760691215 0.0027612067934473794 0.004970172228203895 0.016014999401989943 0.02264189570625949 0.01822396483674646 0.004970172228203895 0.0038656895108256373 0.0038656895108256373 0.0005522413586908637 0.006626896304273017 0.028716550651841644 0.035895688314802054 0.00994034445640779 0.005522413586894759 0.0077313790216512746 0.008283620380338669 0.005522413586894759 0.00994034445640779 0.061298790814508924 0.10823930630309703 0.2220010261930888 0.5124799808636504 0.8675711745008557 1.7848440712837434 2.960565923933213 3.4415681473515725 4.10039208826788 5.536771862218688 9.245624827175872 13.210717782564878 16.425866972853846 15.96640216242437 14.382021704344835 12.103473858392878
0.0 0.0 0.0 0.0 0.0 0.0 0.0 0.0 0.0 0.0 0.0 0.0 0.0 0.0 0.0 0.0 0.0 0.0 0.0005522413586908637 0.0005522413586908637 0.0011044827173782579 0.00994034445640779 0.13198568472673824 0.22034430211702316 0.37773308934346483 0.338523952876528 0.13088120200936 0.16180671809595815 0.22365775026915793 0.01988068891281558 0.0022089654347565157 0.1678813730415403 0.3931958473867639 0.18334413108483938 0.08559741059683754 0.016567240760677338 0.007179137662960411 0.0038656895108256373 0.047492756847278966 0.23580706016032224 0.7488392823826601 1.1188409927044736 1.7732470027512666 2.4596830116020394 3.3620453917003172 4.2826317366353415 5.315875318742978 6.0763116696581125 7.027823530679735 8.834757256311049 9.449401888532215 7.363586276762816 5.975251501017975 6.743971472313448 6.828464400192908
0.0 0.0 0.0 0.0 0.0 0.0 0.0 0.0 0.0 0.0 0.0 0.0 0.0 0.0 0.0 0.0 0.0 0.0 0.0022089654347565157 0.007179137662960411 0.025955343858397734 0.0298210333692199 0.16180671809595815 0.311464126300752 0.45118119004913804 0.18334413108483938 0.1281199952159126 0.15628430450906686 0.2319413706494966 0.05080620499941374 0.053015170434170256 0.34128515966997186 0.5561070482001003 0.33024033249618934 0.15186637363955036 0.07510482478174235 0.019328447554124717 0.008835861739029532 0.030373274727910765 0.038656895108249434 0.4721663616793319 0.5859280815693236 0.8206306590122642 1.4341708085160512 1.6429180421005976 2.268607501495549 3.2946719459402263 3.7955548582714 4.618394482718422 4.272691392178934 3.7635248594674215 2.0289347518244045 1.8014113120444208 2.201234055735458 2.99314816409588
0.0 0.0 0.0 0.0 0.0 0.0 0.0 0.0 0.0 0.0 0.0 0.0 0.0 0.0 0.0 0.0 0.0 0.0 0.0022089654347565157 0.008835861739029532 0.02705982657577599 0.14413499461790255 0.0690301698361602 0.21923981939964143 0.2645236108121639 0.01546275804329908 0.014358275325920822 0.0171194821193682 0.08946310010766317 0.03644792967349292 0.05798534266237415 0.3418374010286628 0.3578524004306527 0.207642750867168 0.0817317210860119 0.07068689391222932 0.01546275804329908 0.011597068532473442 0.01546275804329908 0.023194137064950354 0.029268792010532507 0.055776377227617635 0.1380603396723204 0.29765809233352203 0.508062049994134 0.900153414663523 1.6081268365031738 2.1178456105733767 2.545832663557566 2.1117709556277946 1.9079938942714523 1.2740208144961622 1.0354525475423926 0.6632418717858225 1.5540071833516251
0.0 0.0 0.0 0.0 0.0 0.0 0.0 0.0 0.0 0.0 0.0 0.0 0.0 0.0 0.0 0.0 0.0 0.0005522413586908637 0.006074654945582153 0.012149309891164306 0.016014999401989943 0.1480006841287282 0.008283620380338669 0.02705982657577599 0.07234361798829497 0.008835861739029532 0.01546275804329908 0.01822396483674646 0.019328447554124717 0.012149309891164306 0.028716550651841644 0.04141810190169681 0.05743310130368676 0.03258224016266728 0.02264189570625949 0.012149309891164306 0.024298619782328612 0.03258224016266728 0.04086586054300595 0.051358446358104604 0.05743310130368676 0.1408215464657643 0.5638384272217516 0.7239884212416405 1.6655599378068604 2.142696471714393 2.5960866271982908 2.403354393015731 2.8324459287173003 1.9300835486190209 1.5899028716664272 0.9537208264563807 0.7593318681977552 0.3501210214090014 0.8990489319461413
0.0 0.0 0.0 0.0 0.0 0.0 0.0 0.0 0.0 0.0 0.0 0.0 0.0 0.0 0.0 0.0 0.004970172228203895 0.005522413586894759 0.01546275804329908 0.016567240760677338 0.023194137064950354 0.0033134481521347736 0.005522413586894759 0.007179137662960411 0.006074654945582153 0.0005522413586908637 0.013253792608542564 0.01546275804329908 0.016567240760677338 0.014910516684611685 0.013806033967233428 0.023194137064950354 0.051358446358104604 0.040313619184318555 0.04197034326038421 0.13419465016149476 0.14855292548741558 0.3628225726588566 0.4285392943428785 0.4412408455927337 1.1928413347688376 1.4026930510707623 2.2144878483440005 2.7915800681742944 3.874525372563966 4.012033470877595 3.022416956106411 2.661251107523625 2.2895926731257426 0.8283620380339154 0.162358959454649 0.11983637483557394 0.035895688314802054 0.06461223896664717 0.1921799928238689
0.0 0.0 0.0 0.0 0.0 0.0 0.0 0.0 0.0 0.0 0.0 0.0 0.0 0.0 0.0 0.004970172228203895 0.009388103097716927 0.01822396483674646 0.0469405154885881 0.03092551608659816 0.005522413586894759 0.0038656895108256373 0.007179137662960411 0.008283620380338669 0.005522413586894759 0.15628430450906686 0.09774672048800184 0.09995568592275836 0.04362706733645333 0.04473155005383159 0.04970172228203548 0.09167206554241969 0.13198568472673824 0.23249361200818747 0.3733151584739518 0.5141367049397161 0.8786160016746383 1.3883347757448414 1.5352309771561914 2.3934140485593267 3.3366422892006105 4.623364654946626 5.789698404498377 5.775892370531145 4.564274829566872 3.799972789140913 1.25193116014859 0.4313005011363259 0.051910687716792 0.0342389642387364 0.020432930271502975 0.020432930271502975 0.02264189570625949 0.04086586054300595 0.0033134481521347736
0.0 0.0 0.0 0.0 0.0 0.0 0.0 0.0 0.0 0.0 0.0 0.0 0.0 0.0005522413586908637 0.0027612067934473794 0.01270155124985517 0.0298210333692199 0.026507585217085128 0.061298790814508924 0.07676154885781147 0.05246292907548286 0.04638827412990071 0.09664223777062358 0.09664223777062358 0.18444861380221764 0.8167649695014421 0.5654951512978207 0.33521050472438974 0.1551798217916886 0.2092994749432371 0.13419465016149476 0.20653826814978973 0.48044998205967054 0.8962877251526974 1.288379089822083 1.7655156237296188 2.2586671570391412 2.837416100945504 3.7419874464785403 4.976799124507762 5.894624262649341 6.661135268510057 6.2834021791665915 4.654842412391913 2.8064905848589046 1.8466951034569432 0.5494801518958308 0.06185103217319979 0.04417930869514072 0.02264189570625949 0.020432930271502975 0.01546275804329908 0.011044827173786048 0.0005522413586908637 0.0011044827173782579
0.0 0.0 0.0 0.0 0.0 0.0 0.0 0.0 0.0 0.0 0.0 0.0 0.0011044827173782579 0.0033134481521347736 0.008835861739029532 0.029268792010532507 0.07289585934698584 0.14413499461790255 0.2070905095084806 0.3827032615716687 0.50309187776593 0.4346139492884607 0.8383023824903233 0.7654065231433373 0.4451065351035559 0.14634396005265907 0.0811794797273245 0.1380603396723204 0.17671723478056983 0.11707516804212656 0.15904551130251077 0.5284949802656369 1.0354525475423926 1.3999318442773183 2.2111744001918656 2.731385760077164 3.2957764286576046 4.327363286689173 5.358397903362053 5.71845926922746 5.419144452817872 4.779648959455691 3.9115255435961482 2.5889074895353303 1.2276325403662616 0.35730015907196183 0.1607022353785799 0.0298210333692199 0.04086586054300595 0.06185103217319979 0.048597239564657224 0.03534344695611466 0.021537412988881233 0.0016567240760691215 0.0044179308695130315
0.0 0.0 0.0 0.0 0.0 0.0 0.0 0.0 0.0 0.0 0.0005522413586908637 0.0016567240760691215 0.0022089654347565157 0.0038656895108256373 0.025955343858397734 0.2418817151059044 0.5975251501017971 2.0394273376395 2.7667292070332765 2.2459656057892894 1.1823487489537425 0.9443327233586638 0.9238997930871607 1.7633066582948622 2.17527871187706 1.6456792488940448 1.408215464657657 0.848242726946731 0.09277654825979795 0.12701551249853435 0.21592637124750666 0.32637464298536367 0.6146446322211653 0.9559297918911371 2.670086969262653 2.9644316134440385 2.8854610991514704 3.500105731372636 3.656390035881701 3.7353605501742675 3.355970736754735 1.1812442662363642 1.6097835605792428 0.9062280696091017 0.49425601602690394 0.2496130941275522 0.07620930749912061 0.013806033967233428 0.014358275325920822 0.011044827173786048 0.01546275804329908 0.0077313790216512746 0.0044179308695130315 0.0 0.0011044827173782579
0.0 0.0 0.0 0.0 0.0 0.0 0.0 0.0 0.0 0.0 0.0016567240760691215 0.0038656895108256373 0.004970172228203895 0.0392091364669403 0.8217351417296425 1.42864839492916 3.1560593649092166 5.03257550173538 5.082829465376102 2.9268792010531675 1.3458121911257663 2.068696129650032 1.2038861619426238 1.5065144265043462 1.1182887513457862 0.6549582514054839 0.49977842961379526 0.5008829123311735 0.13253792608542564 0.26286688673609476 0.2844042997249795 0.3661360208109914 0.36171808994147486 0.4417930869514211 1.8527697584025256 2.3149957756254493 2.3768468077986458 2.5994000753504256 1.2281847817249523 1.3469166738431446 1.4888427030262905 0.6439134242316978 0.575435495754225 0.3821510202129813 0.11376171988999179 0.07179137662960758 0.06240327353188718 0.0077313790216512746 0.012149309891164306 0.0033134481521347736 0.0027612067934473794 0.0016567240760691215 0.0 0.0022089654347565157 0.0005522413586908637
0.0 0.0 0.0 0.0 0.0 0.0 0.0 0.0 0.0011044827173782579 0.0016567240760691215 0.0038656895108256373 0.008835861739029532 0.09940344456407096 0.5500323932545216 1.6119925260139993 3.4354934924059903 5.6985785803146465 7.080286459755218 6.167983735200533 3.0870291950730566 2.841834031815019 1.670530110035061 0.8968399665113848 0.5699130821673337 0.4053451572779282 0.18389637244353024 0.08338844516208102 0.08449292787945928 0.1435827532592117 0.23304585336687486 0.22862792249736183 0.21150844037799363 0.2253144743452236 0.1850008551609085 0.6461223896664543 0.7781080743931925 1.2016771965078672 1.4049020165055186 0.6494358378185892 0.9216908276524043 0.7322720416219828 0.4688529135271971 0.1435827532592117 0.12038861619426133 0.026507585217085128 0.004970172228203895 0.0005522413586908637 0.006074654945582153 0.006074654945582153 0.0016567240760691215 0.0 0.0 0.0005522413586908637 0.0077313790216512746 0.008283620380338669
