static/data/precipitation/2023/7/7/6.asc
ncols 137
nrows 93
xllcorner 108.0
yllcorner 17.0
cellsize 0.25
NODATA_value -32767
[rows 23 to 45 of 93, columns 0 to 51 of 137]
0.0 0.0 0.0 0.0 0.0 0.0 0.0 0.0 0.0 0.0 0.0 0.0 0.0 0.0 0.0 0.0 0.0 0.0 0.0 0.0 0.0 0.0 0.0 0.0 0.0 0.0 0.0 0.0 0.0 0.0 0.0 0.0 0.0 0.0 0.0 0.0 0.0 0.0 0.0 0.0 0.0 0.0 0.0 0.05908982537975241 0.038656895108249434 0.06847792847746934 0.1259110297811561 0.20432930271503322 0.07013465255353846 0.36889722760443877 0.0690301698361602 0.00994034445640779
0.0 0.0 0.0 0.0 0.0 0.0 0.0 0.0 0.0 0.0 0.0 0.0 0.0 0.0 0.0 0.0 0.0 0.0 0.0 0.0 0.0 0.0 0.0 0.0 0.0 0.0 0.0 0.0 0.0 0.0 0.0 0.0 0.0 0.0 0.0 0.0 0.0 0.0 0.0 0.0 0.0 0.09167206554241969 0.11983637483557394 0.1579410285851325 0.14192602918314604 0.15959775266120163 0.16953809711760942 0.2197920607583323 0.24132947374721353 0.26562809352954214 0.09001534146635404 0.08725413467290666
0.0033134481521347736 0.0 0.0 0.0 0.0 0.0 0.0 0.0 0.0 0.0 0.0 0.0 0.0 0.0 0.0 0.0 0.0 0.0 0.0 0.0 0.0 0.0 0.0 0.0 0.0 0.0 0.0 0.0 0.0 0.0 0.0 0.0 0.0 0.0 0.0 0.0 0.0 0.0 0.0 0.0011044827173782579 0.05743310130368676 0.15131413228086296 0.1452394773352808 0.16953809711760942 0.16401568353071466 0.11155275445523527 0.12149309891163959 0.1750605107045007 0.28606102380104514 0.18389637244353024 0.5583160136348603 0.5555548068414129
0.0044179308695130315 0.0 0.0 0.0 0.0 0.0 0.0 0.0 0.0 0.0 0.0 0.0 0.0 0.0 0.0 0.0 0.0 0.0 0.0 0.0 0.0 0.0 0.0 0.0 0.0 0.0 0.0 0.0 0.0 0.0 0.0 0.0 0.0 0.0 0.0 0.0 0.0005522413586908637 0.0005522413586908637 0.050253963640722876 0.051358446358104604 0.14634396005265907 0.09940344456407096 0.0817317210860119 0.06516448032533456 0.05467189451023938 0.0038656895108256373 0.01822396483674646 0.061298790814508924 0.5693608408086464 1.7688290718817536 2.307816637962489 6.060848911614812
0.0 0.0 0.0 0.0 0.0 0.0 0.0 0.0 0.0 0.0 0.0 0.0 0.0 0.0 0.0 0.0 0.0 0.0 0.0 0.0 0.0 0.0 0.0 0.0 0.0 0.0 0.0 0.0 0.0 0.0 0.0 0.0 0.0 0.0 0.005522413586894759 0.016014999401989943 0.0171194821193682 0.07731379021649887 0.17671723478056983 0.18279188972615198 0.12425430570508697 0.05467189451023938 0.00994034445640779 0.0016567240760691215 0.0016567240760691215 0.020432930271502975 0.04252258461907507 0.17009033847629682 1.3264837435716417 4.398602421960089 7.455810583663927 12.084145410838753
0.0 0.0 0.0 0.0 0.0 0.0 0.0 0.0 0.0 0.0 0.0 0.0 0.0 0.0 0.0 0.0 0.0 0.0 0.0 0.0 0.0 0.0 0.0 0.0 0.0 0.0 0.0 0.0 0.0 0.0 0.0 0.0 0.0 0.004970172228203895 0.011597068532473442 0.07786603157518973 0.22420999162784533 0.26673257624692037 0.207642750867168 0.23580706016032224 0.10547809950965312 0.07455258342305149 0.04528379141252245 0.06461223896664717 0.06626896304271282 0.13088120200936 0.5682563580912646 0.8084813491210998 0.9426759992825946 1.1823487489537425 1.4214692572661995 2.01457647649848
0.0 0.0 0.0 0.0 0.0 0.0 0.0 0.0 0.0 0.0 0.0 0.0 0.0 0.0 0.0 0.0 0.0 0.0 0.0 0.0 0.0 0.0 0.0 0.0 0.0 0.0 0.0 0.0 0.0 0.0 0.0 0.0016567240760691215 0.0027612067934473794 0.01822396483674646 0.06461223896664717 0.3075984367899264 0.1899710273891124 0.11652292668343917 0.13253792608542564 0.11707516804212656 0.07676154885781147 0.23635930151900963 0.39043464059332 0.46830067216850624 0.7803170398279491 1.3728720177015423 2.644131625404257 4.4278712139706204 7.01733094486464 6.956584395408819 5.634518582706692 4.883470334889275
0.0 0.0 0.0 0.0 0.0 0.0 0.0 0.0 0.0 0.0 0.0 0.0 0.0 0.0 0.0 0.0 0.0 0.0 0.0 0.0 0.0 0.0 0.0 0.0 0.0 0.0 0.0 0.0 0.0005522413586908637 0.0016567240760691215 0.0 0.08780637603159405 0.19991137184552019 0.2567922317905126 0.24298619782328265 0.0740003420643641 0.05798534266237415 0.04141810190169681 0.04141810190169681 0.019328447554124717 0.019328447554124717 0.07620930749912061 0.11210499581392266 0.18444861380221764 0.1430305119005243 0.3064939540725481 1.8627101028589297 5.927758744170697 12.339833159911889 17.566245378547205 21.99798228202865 22.63361208588001
0.0 0.0 0.0 0.0 0.0 0.0 0.0 0.0 0.0 0.0 0.0 0.0 0.0 0.0 0.0 0.0 0.0 0.0 0.0 0.0 0.0 0.0 0.0 0.0 0.0 0.0 0.0016567240760691215 0.006074654945582153 0.02540310249970687 0.040313619184318555 0.11873189211819568 0.1452394773352808 0.21095619901930276 0.20653826814978973 0.21868757804095404 0.18610533787828676 0.06571672168402543 0.028716550651841644 0.05632861858630503 0.16014999401988902 0.15683654586775425 0.18831430331304327 0.21206068173668102 0.05522413586892677 0.06185103217319979 0.12977671929198173 0.19880688912813846 3.208522293984698 4.143466914245643 5.808474610693812 9.248938275328006 10.416928748955828
0.0 0.0 0.0 0.0 0.0 0.0 0.0 0.0 0.0 0.0 0.0 0.0 0.0 0.0 0.008283620380338669 0.012149309891164306 0.0 0.0 0.0 0.0 0.0 0.0 0.0005522413586908637 0.0005522413586908637 0.0005522413586908637 0.0011044827173782579 0.5384353247220447 0.48265894749442706 0.48265894749442706 0.5632861858630642 0.6914061810789733 0.8471382442293494 0.9542730678150715 0.954825309173759 1.2596625391702414 1.475588910417748 0.9238997930871607 0.1386125810310078 0.12149309891163959 0.207642750867168 0.7460780755892127 0.6174058390146127 0.20819499222585885 0.14137378782445517 0.15186637363955036 0.14855292548741558 0.21040395766061537 0.2562399904318252 0.6019430809713135 1.3673496041146511 2.037218372204743 3.1842236742023693
0.0 0.0 0.008835861739029532 0.07179137662960758 0.06461223896664717 0.04086586054300595 0.040313619184318555 0.028716550651841644 0.09001534146635404 0.08559741059683754 0.0690301698361602 0.0811794797273245 0.05246292907548286 0.12922447793329087 0.1380603396723204 0.013806033967233428 0.0 0.0 0.0 0.0 0.0044179308695130315 0.018776206195437323 0.02816430929315425 0.058537584021065014 0.06074654945582153 0.18610533787828676 2.0129197524224143 1.7020078674803498 0.8521084164575532 1.0100494450426891 0.6687642853727138 1.0868109939004973 1.215483230475097 1.3320061571585364 1.2867223657460138 1.1713039217799563 0.8708846226529905 0.08394068652077188 0.07676154885781147 0.11652292668343917 0.981332894390844 0.8233918658057116 0.41307653629957947 0.49094256787476576 0.3600613658654092 0.3009715404856568 0.1452394773352808 0.17947844157401374 0.21758309532357578 0.3567479177132744 0.9305266893914304 0.9255565171632264
0.0 0.0 0.008835861739029532 0.0811794797273245 0.11928413347688308 0.09608999641193272 0.07620930749912061 0.06240327353188718 0.17671723478056983 0.1502096495634847 0.1336424088028039 0.15959775266120163 0.11431396124867918 0.3258224016266728 0.13916482238969866 0.004970172228203895 0.0 0.0 0.0 0.0005522413586908637 0.004970172228203895 0.22586671570391445 0.09277654825979795 0.12370206434639958 0.442345328310112 0.7179137662960584 2.882699892358025 2.2398909508437073 1.3883347757448414 2.2851747422562263 2.985416785074231 3.0931038500186387 0.7383466965675649 0.8554218646096914 0.46001705178816754 0.19549344097600369 0.0938810309771762 0.1435827532592117 0.15186637363955036 0.20653826814978973 0.731167558904601 0.571017564884712 0.50309187776593 0.5903460124388367 0.4660917067337497 0.3893301578759417 0.23304585336687486 0.11376171988999179 0.054119653151548514 0.14468723597658995 0.14192602918314604 0.13695585695494214
0.0016567240760691215 0.0016567240760691215 0.009388103097716927 0.02264189570625949 0.09719447912931445 0.10713482358571877 0.0817317210860119 0.06682120440140368 0.1927322341825563 0.1502096495634847 0.11320947853130092 0.1336424088028039 0.12977671929198173 0.9537208264563807 0.7261973866764005 0.0005522413586908637 0.0005522413586908637 0.0005522413586908637 0.0038656895108256373 0.004970172228203895 0.13419465016149476 0.6433611828730069 0.36171808994147486 0.2098517163019245 0.5511368759718999 1.0525720296617607 2.1686518155727903 1.7500528656863197 3.1659997093656242 3.972824334410657 6.119938736994564 5.217024115537598 2.3961752553527704 0.19328447554124717 0.10547809950965312 0.21095619901930276 0.4666439480924406 0.5163456703744727 0.2418817151059044 0.3147775744528868 0.24353843918197005 0.2319413706494966 0.22089654347571056 0.24574740461673003 0.315882057170265 0.30925516086599547 0.2783296447793973 0.16401568353071466 0.0171194821193682 0.0016567240760691215 0.0033134481521347736 0.008835861739029532
0.04197034326038421 0.019328447554124717 0.0342389642387364 0.07786603157518973 0.4313005011363259 0.44013636287535546 0.49536049874428223 0.4324049838537042 0.43903188015797373 0.10989603037916615 0.10989603037916615 0.10050792728144922 0.20874723358454625 0.6113311840690305 0.42798705298419115 0.005522413586894759 0.0016567240760691215 0.0640599976079563 0.07013465255353846 0.2816430929315321 0.4622260172229241 0.8510039337401749 0.3832555029303596 0.2098517163019245 0.29710585097483116 0.5389875660807355 0.5428532555915577 0.6306596316231552 2.5585342148074197 5.131978946299449 4.0578695036488055 4.144019155604334 2.498892148068978 0.3357627460830806 0.315882057170265 0.4920470505921475 0.8327799689034285 0.5494801518958308 0.10768706494440963 0.0016567240760691215 0.0 0.0 0.0011044827173782579 0.012149309891164306 0.05743310130368676 0.04197034326038421 0.0171194821193682 0.006626896304273017 0.03644792967349292 0.0016567240760691215 0.01546275804329908 0.01546275804329908
0.14247827054183343 0.08228396244470276 0.09167206554241969 0.15241861499824122 1.3496778806365919 4.523408969023866 6.775449229758737 2.2155923310613788 0.9128549659133747 0.4224646393972964 0.27059826575774604 0.19935913048682932 0.4616737758642367 0.1971501650520728 0.0347912055974238 0.06792568711878194 0.054119653151548514 0.30373274727910415 0.5185546358092326 0.8747503121638162 1.209408575529515 0.561629461786995 0.34128515966997186 0.17616499342187897 0.16622464896547118 0.4451065351035559 0.25955343858395996 0.4136287776582669 2.290697155843121 5.040306880757029 2.120606817366824 1.8582921719894168 0.9123027245546839 0.162358959454649 0.3219567121158472 1.0934378902047668 0.5787489439063632 0.12314982298770871 0.03976137782562769 0.0022089654347565157 0.0011044827173782579 0.0077313790216512746 0.0077313790216512746 0.0 0.0 0.0027612067934473794 0.0033134481521347736 0.0016567240760691215 0.0 0.017671723478055595 0.05356741179286112 0.06461223896664717
0.15959775266120163 0.06019430809713067 0.1971501650520728 0.2893744719531799 2.133308368616676 6.124908909222769 8.504516923814862 0.5218680839613674 0.7587796268390679 0.4313005011363259 0.11983637483557394 0.34238964238735015 0.4241213634733655 0.15683654586775425 0.15131413228086296 0.39927050233234607 0.5781967025476724 0.9918254802059427 1.2557968496594158 1.2243190922141267 0.8471382442293494 0.6411522174382505 0.3550911936372053 0.17009033847629682 0.17395602798712245 0.4313005011363259 0.49756946417903875 0.7687199712954722 1.6826794199262252 2.82526679105434 2.425444047363303 0.8824816911854639 0.27280723119250255 0.23525481880163138 0.23249361200818747 0.1678813730415403 0.2374637842363879 0.1607022353785799 0.02098517163019384 0.014358275325920822 0.04417930869514072 0.0740003420643641 0.06626896304271282 0.008835861739029532 0.0011044827173782579 0.0016567240760691215 0.0016567240760691215 0.0 0.0 0.0 0.0027612067934473794 0.0033134481521347736
0.2148218885301284 0.23912050831245701 0.36834498624574785 0.5870325642867019 0.3009715404856568 0.9851985839016697 1.8466951034569432 0.11873189211819568 0.4384796387992863 0.37552412390870826 0.12370206434639958 0.7554661786869297 1.593768561177253 1.1376171988999109 0.5014351536898644 0.4440020523861776 0.3943003301041456 0.3650315380936131 0.415285501734336 0.3722106757565735 0.2253144743452236 0.12977671929198173 0.04804499820596636 0.04141810190169681 0.024850861141019476 0.0867018933142158 0.10768706494440963 0.1800306829327046 0.3628225726588566 0.8222873830883333 0.6615851477097534 0.2418817151059044 0.19825464776945106 0.21095619901930276 0.12756775385722174 0.07013465255353846 0.11044827173785701 0.16180671809595815 0.15131413228086296 0.1209408575529522 0.11873189211819568 0.11265723717261353 0.08228396244470276 0.10879154766178789 0.07786603157518973 0.03202999880397989 0.0 0.0 0.0 0.0 0.0 0.0
0.629555148905777 0.7162570422199928 0.5577637722761695 0.5047486018419991 0.34735981461555404 0.33024033249618934 0.28495654108366686 0.31091188494206456 0.38546446836511605 0.33631498744177146 0.6510925618946583 1.1392739229759765 1.1983637483557326 1.153632198301901 0.726749628035088 0.358956883148031 0.2026725786389641 0.15186637363955036 0.2816430929315321 0.5472711864610742 0.21150844037799363 0.04638827412990071 0.0044179308695130315 0.004970172228203895 0.0033134481521347736 0.012149309891164306 0.021537412988881233 0.033134481521358145 0.08946310010766317 0.17671723478056983 0.17064257983498768 0.07676154885781147 0.07179137662960758 0.08007499700994625 0.040313619184318555 0.02816430929315425 0.06019430809713067 0.14855292548741558 0.2683893003229895 0.12425430570508697 0.06240327353188718 0.04417930869514072 0.024298619782328612 0.03258224016266728 0.020432930271502975 0.01988068891281558 0.0 0.0 0.0 0.0 0.0 0.0
1.0282734098794322 0.6693165267314047 0.4981217055377296 0.4114198122235103 0.4522856727665163 0.41915119124516165 0.41086757086482295 0.43295722521239155 0.34404636646341924 0.23525481880163138 0.43019601841894767 0.39098688195200737 0.40921084678875386 0.41197205358220124 0.5036441191246209 0.20653826814978973 0.11541844396605744 0.09167206554241969 0.2772251620620156 0.36447929673492224 0.16567240760678378 0.05632861858630503 0.0038656895108256373 0.0 0.0 0.018776206195437323 0.018776206195437323 0.0171194821193682 0.028716550651841644 0.02098517163019384 0.01546275804329908 0.019328447554124717 0.018776206195437323 0.03092551608659816 0.00994034445640779 0.006626896304273017 0.02374637842363775 0.09995568592275836 0.3733151584739518 0.25292654227969047 0.14137378782445517 0.028716550651841644 0.0038656895108256373 0.0005522413586908637 0.0005522413586908637 0.0 0.0 0.0 0.0 0.0 0.0 0.0
0.6941673878724207 0.33410602200701145 0.36061360722409663 0.3396284355939062 0.43627067336452985 0.4694051548858845 0.46056929314685846 0.40921084678875386 0.315882057170265 0.18223964836746112 0.22862792249736183 0.18941878603042153 0.06737344576009108 0.023194137064950354 0.14413499461790255 0.12756775385722174 0.03644792967349292 0.06019430809713067 0.20543378543241148 0.21095619901930276 0.15959775266120163 0.050253963640722876 0.019328447554124717 0.006626896304273017 0.0033134481521347736 0.04804499820596636 0.048597239564657224 0.0171194821193682 0.0022089654347565157 0.0 0.0 0.0038656895108256373 0.0044179308695130315 0.01270155124985517 0.0 0.0033134481521347736 0.020432930271502975 0.06185103217319979 0.2855087824423577 0.24740412869279568 0.17947844157401374 0.06626896304271282 0.0022089654347565157 0.0 0.0 0.0 0.0 0.0 0.0 0.0 0.0 0.0
0.2601056799426509 0.27998636885546296 0.32692688434405104 0.32637464298536367 0.3976137782562804 0.4340617079297733 0.401479467767106 0.3434941251047319 0.25237430092099955 0.27556843798594993 0.3236134361919163 0.1899710273891124 0.0640599976079563 0.035895688314802054 0.030373274727910765 0.025955343858397734 0.04914948092334462 0.07786603157518973 0.13143344336804738 0.09664223777062358 0.05246292907548286 0.06571672168402543 0.04252258461907507 0.028716550651841644 0.0038656895108256373 0.04914948092334462 0.050253963640722876 0.02098517163019384 0.006074654945582153 0.0016567240760691215 0.0016567240760691215 0.0 0.0 0.008835861739029532 0.0 0.0016567240760691215 0.0027612067934473794 0.04417930869514072 0.09940344456407096 0.14468723597658995 0.08559741059683754 0.06737344576009108 0.0 0.0 0.0 0.0 0.0 0.0 0.0 0.0 0.0 0.0
0.3390761942352154 0.35840464178934006 0.3396284355939062 0.30318050592041335 0.3280313670614293 0.29268792010531813 0.2601056799426509 0.28329981700759777 0.1905232687477998 0.33024033249618934 0.2253144743452236 0.0911198241837323 0.03534344695611466 0.03368672288004554 0.018776206195437323 0.009388103097716927 0.03258224016266728 0.05743310130368676 0.07841827293387713 0.01988068891281558 0.009388103097716927 0.02264189570625949 0.061298790814508924 0.0640599976079563 0.020432930271502975 0.0022089654347565157 0.0033134481521347736 0.045836032771209845 0.053015170434170256 0.0298210333692199 0.0016567240760691215 0.0 0.0 0.014358275325920822 0.0 0.0 0.0011044827173782579 0.0027612067934473794 0.0016567240760691215 0.03976137782562769 0.03258224016266728 0.013806033967233428 0.0005522413586908637 0.0 0.0 0.0 0.0 0.0 0.0 0.0 0.0 0.0
0.2772251620620156 0.23028464657342748 0.1750605107045007 0.155732063150376 0.214269647171441 0.17119482119367507 0.16512016624809292 0.21647861260619752 0.2148218885301284 0.15462758043299774 0.04638827412990071 0.008835861739029532 0.009388103097716927 0.0016567240760691215 0.019328447554124717 0.007179137662960411 0.006626896304273017 0.012149309891164306 0.006626896304273017 0.017671723478055595 0.006626896304273017 0.006074654945582153 0.03644792967349292 0.08891085874897231 0.0347912055974238 0.014910516684611685 0.0347912055974238 0.11762740940081742 0.1110005130965444 0.02816430929315425 0.0 0.0 0.0 0.0 0.0 0.0 0.0 0.0011044827173782579 0.004970172228203895 0.033134481521358145 0.019328447554124717 0.008283620380338669 0.0 0.0 0.0 0.0 0.0 0.0 0.0 0.0 0.0 0.0
