static/data/precipitation/2023/7/11/0.asc
ncols 137
nrows 93
xllcorner 108.0
yllcorner 17.0
cellsize 0.25
NODATA_value -32767
[rows 66 to 87 of 93, columns 0 to 49 of 137]
0.0011044827173782579 0.009388103097716927 0.02705982657577599 0.0171194821193682 0.0005522413586908637 0.0011044827173782579 0.006074654945582153 0.006074654945582153 0.0044179308695130315 0.0038656895108256373 0.0016567240760691215 0.0 0.0 0.0 0.0 0.0 0.0 0.0 0.0 0.0033134481521347736 0.0077313790216512746 0.008283620380338669 0.04914948092334462 0.11376171988999179 0.08559741059683754 0.037552412390871176 0.06792568711878194 0.06516448032533456 0.033134481521358145 0.008835861739029532 0.0016567240760691215 0.0005522413586908637 0.0022089654347565157 0.004970172228203895 0.004970172228203895 0.0077313790216512746 0.0038656895108256373 0.0038656895108256373 0.0005522413586908637 0.0005522413586908637 0.0 0.006626896304273017 0.0347912055974238 0.02098517163019384 0.0077313790216512746 0.0 0.05908982537975241 0.2601056799426509 0.4793454993422923 0.19162775146517805
0.0 0.0022089654347565157 0.035895688314802054 0.025955343858397734 0.0016567240760691215 0.0027612067934473794 0.017671723478055595 0.0016567240760691215 0.0011044827173782579 0.0011044827173782579 0.0 0.0 0.0 0.0 0.0 0.0 0.0 0.0 0.0 0.0 0.0016567240760691215 0.0027612067934473794 0.035895688314802054 0.08559741059683754 0.16180671809595815 0.1110005130965444 0.07455258342305149 0.07123913527091671 0.08891085874897231 0.10437361679227486 0.014910516684611685 0.009388103097716927 0.013253792608542564 0.008835861739029532 0.004970172228203895 0.0011044827173782579 0.0 0.0 0.0 0.0 0.0 0.006626896304273017 0.040313619184318555 0.013253792608542564 0.0022089654347565157 0.022089654347572096 0.09001534146635404 0.2148218885301284 0.37386739983263917 0.26673257624692037
0.0 0.0 0.0171194821193682 0.0171194821193682 0.0011044827173782579 0.040313619184318555 0.040313619184318555 0.009388103097716927 0.0 0.0005522413586908637 0.0011044827173782579 0.0 0.0 0.0 0.0 0.0 0.0 0.0 0.0 0.0 0.0 0.0011044827173782579 0.02264189570625949 0.08062723836863364 0.18665757923697415 0.1629112008133364 0.13640361559625128 0.162358959454649 0.1905232687477998 0.16677689032416204 0.04086586054300595 0.09719447912931445 0.07510482478174235 0.05632861858630503 0.0033134481521347736 0.0 0.0 0.0005522413586908637 0.0005522413586908637 0.0005522413586908637 0.0005522413586908637 0.02816430929315425 0.02374637842363775 0.004970172228203895 0.0027612067934473794 0.027612067934463386 0.1551798217916886 0.32029998803978155 0.33134481521356757 0.1209408575529522
0.0 0.0 0.0 0.0 0.004970172228203895 0.06571672168402543 0.053015170434170256 0.01546275804329908 0.0011044827173782579 0.0033134481521347736 0.02540310249970687 0.0022089654347565157 0.0 0.0 0.0005522413586908637 0.0 0.0 0.0 0.0 0.0 0.0 0.0011044827173782579 0.016567240760677338 0.06074654945582153 0.14634396005265907 0.14965740820479384 0.13916482238969866 0.11541844396605744 0.12259758162902132 0.11873189211819568 0.0690301698361602 0.12038861619426133 0.0811794797273245 0.02705982657577599 0.01270155124985517 0.04417930869514072 0.043074825977762465 0.04970172228203548 0.03976137782562769 0.0027612067934473794 0.019328447554124717 0.019328447554124717 0.009388103097716927 0.004970172228203895 0.00994034445640779 0.054119653151548514 0.1977024064107602 0.266180334888233 0.16677689032416204 0.05688085994499589
0.0 0.0 0.0 0.0 0.0 0.043074825977762465 0.040313619184318555 0.054119653151548514 0.03258224016266728 0.0038656895108256373 0.02540310249970687 0.0016567240760691215 0.0005522413586908637 0.0 0.0016567240760691215 0.0016567240760691215 0.0 0.0 0.0 0.0 0.0 0.013253792608542564 0.03092551608659816 0.045836032771209845 0.12038861619426133 0.13916482238969866 0.08891085874897231 0.033134481521358145 0.03202999880397989 0.038656895108249434 0.06019430809713067 0.05632861858630503 0.03368672288004554 0.025955343858397734 0.02540310249970687 0.05522413586892677 0.0469405154885881 0.05743310130368676 0.04362706733645333 0.0038656895108256373 0.005522413586894759 0.0022089654347565157 0.0077313790216512746 0.010492585815095185 0.033134481521358145 0.09001534146635404 0.16953809711760942 0.1927322341825563 0.0469405154885881 0.01822396483674646
0.0 0.0 0.0 0.01988068891281558 0.017671723478055595 0.04970172228203548 0.1480006841287282 0.16180671809595815 0.0469405154885881 0.0016567240760691215 0.007179137662960411 0.0016567240760691215 0.0 0.0022089654347565157 0.0033134481521347736 0.009388103097716927 0.0038656895108256373 0.0016567240760691215 0.0 0.0 0.006074654945582153 0.019328447554124717 0.048597239564657224 0.043074825977762465 0.12038861619426133 0.08338844516208102 0.03258224016266728 0.020432930271502975 0.016567240760677338 0.02098517163019384 0.022089654347572096 0.025955343858397734 0.017671723478055595 0.012149309891164306 0.0038656895108256373 0.01546275804329908 0.005522413586894759 0.0016567240760691215 0.0 0.0005522413586908637 0.0016567240760691215 0.0027612067934473794 0.012149309891164306 0.016567240760677338 0.13916482238969866 0.1921799928238689 0.14137378782445517 0.16567240760678378 0.053015170434170256 0.02705982657577599
0.0005522413586908637 0.0005522413586908637 0.02816430929315425 0.07841827293387713 0.06240327353188718 0.06074654945582153 0.16732913168284944 0.1452394773352808 0.0016567240760691215 0.0005522413586908637 0.008283620380338669 0.0 0.008835861739029532 0.012149309891164306 0.0077313790216512746 0.020432930271502975 0.009388103097716927 0.0022089654347565157 0.0 0.0005522413586908637 0.0077313790216512746 0.02098517163019384 0.03258224016266728 0.04914948092334462 0.03976137782562769 0.04473155005383159 0.035895688314802054 0.008283620380338669 0.004970172228203895 0.0027612067934473794 0.02374637842363775 0.028716550651841644 0.01270155124985517 0.004970172228203895 0.0077313790216512746 0.0005522413586908637 0.0033134481521347736 0.0005522413586908637 0.0 0.0 0.0016567240760691215 0.0027612067934473794 0.014358275325920822 0.07510482478174235 0.20598602679109887 0.18389637244353024 0.1209408575529522 0.09498551369455446 0.05080620499941374 0.020432930271502975
0.008283620380338669 0.01546275804329908 0.0640599976079563 0.1281199952159126 0.040313619184318555 0.06682120440140368 0.21868757804095404 0.1921799928238689 0.0011044827173782579 0.0005522413586908637 0.0005522413586908637 0.0011044827173782579 0.019328447554124717 0.03258224016266728 0.02540310249970687 0.0 0.0 0.0 0.0 0.0016567240760691215 0.00994034445640779 0.01822396483674646 0.03258224016266728 0.029268792010532507 0.009388103097716927 0.006074654945582153 0.0038656895108256373 0.0005522413586908637 0.0022089654347565157 0.0 0.0016567240760691215 0.009388103097716927 0.013253792608542564 0.014358275325920822 0.013253792608542564 0.0005522413586908637 0.0 0.0 0.0 0.0 0.0016567240760691215 0.017671723478055595 0.027612067934463386 0.17395602798712245 0.22918016385604922 0.1551798217916886 0.06461223896664717 0.08780637603159405 0.0469405154885881 0.022089654347572096
0.0640599976079563 0.04804499820596636 0.02264189570625949 0.029268792010532507 0.007179137662960411 0.01546275804329908 0.16843361440023116 0.16953809711760942 0.0022089654347565157 0.0 0.0 0.0 0.0 0.0011044827173782579 0.0016567240760691215 0.0005522413586908637 0.0 0.0 0.0011044827173782579 0.0011044827173782579 0.023194137064950354 0.06185103217319979 0.06516448032533456 0.019328447554124717 0.004970172228203895 0.0016567240760691215 0.0011044827173782579 0.0011044827173782579 0.0 0.0 0.0027612067934473794 0.00994034445640779 0.012149309891164306 0.0077313790216512746 0.0022089654347565157 0.0 0.0 0.0 0.0 0.0 0.0016567240760691215 0.01988068891281558 0.12038861619426133 0.13419465016149476 0.18665757923697415 0.14192602918314604 0.05798534266237415 0.054119653151548514 0.016567240760677338 0.012149309891164306
0.008835861739029532 0.0022089654347565157 0.0022089654347565157 0.0022089654347565157 0.0005522413586908637 0.0044179308695130315 0.3600613658654092 0.3804942961369122 0.0005522413586908637 0.0 0.0 0.0 0.0 0.0 0.0 0.0 0.0 0.0 0.0005522413586908637 0.07123913527091671 0.11762740940081742 0.08891085874897231 0.047492756847278966 0.007179137662960411 0.0044179308695130315 0.004970172228203895 0.004970172228203895 0.0016567240760691215 0.0033134481521347736 0.016567240760677338 0.011597068532473442 0.008283620380338669 0.004970172228203895 0.0011044827173782579 0.0 0.0 0.0 0.0 0.0 0.0016567240760691215 0.02540310249970687 0.08835861739028492 0.1905232687477998 0.17671723478056983 0.13585137423756388 0.10934378902047875 0.08504516923815014 0.03258224016266728 0.0171194821193682 0.006074654945582153
0.0 0.0 0.0 0.0 0.0 0.0038656895108256373 0.17395602798712245 0.18168740700877373 0.0 0.0 0.0 0.0 0.0 0.0 0.0 0.0 0.0 0.0005522413586908637 0.028716550651841644 0.07123913527091671 0.09664223777062358 0.0911198241837323 0.023194137064950354 0.004970172228203895 0.007179137662960411 0.006074654945582153 0.005522413586894759 0.0077313790216512746 0.006626896304273017 0.05908982537975241 0.024298619782328612 0.01270155124985517 0.005522413586894759 0.0033134481521347736 0.0005522413586908637 0.0 0.0 0.0 0.0 0.01270155124985517 0.0469405154885881 0.12480654706377783 0.10823930630309703 0.1452394773352808 0.12370206434639958 0.08891085874897231 0.053015170434170256 0.011044827173786048 0.004970172228203895 0.0044179308695130315
0.0 0.0 0.0 0.0 0.0 0.0027612067934473794 0.10713482358571877 0.03147775744528902 0.0 0.0 0.0 0.0 0.0 0.0 0.0 0.0 0.0 0.0022089654347565157 0.061298790814508924 0.06516448032533456 0.1408215464657643 0.0740003420643641 0.014358275325920822 0.0027612067934473794 0.0077313790216512746 0.006074654945582153 0.008835861739029532 0.0033134481521347736 0.0342389642387364 0.09553775505324533 0.04528379141252245 0.0033134481521347736 0.0022089654347565157 0.0016567240760691215 0.0 0.0 0.0 0.0 0.02264189570625949 0.045836032771209845 0.15738878722644511 0.17892620021532635 0.12204534027033045 0.18720982059566502 0.10216465135751487 0.04638827412990071 0.018776206195437323 0.0027612067934473794 0.0016567240760691215 0.0016567240760691215
0.0 0.0 0.0 0.0 0.0 0.0022089654347565157 0.004970172228203895 0.004970172228203895 0.0 0.0 0.0 0.0 0.0 0.0 0.0 0.0 0.0 0.024850861141019476 0.12756775385722174 0.12259758162902132 0.18334413108483938 0.08835861739028492 0.013253792608542564 0.0044179308695130315 0.005522413586894759 0.0077313790216512746 0.005522413586894759 0.009388103097716927 0.0469405154885881 0.04417930869514072 0.004970172228203895 0.0016567240760691215 0.0011044827173782579 0.0011044827173782579 0.0 0.0 0.0 0.0033134481521347736 0.035895688314802054 0.07234361798829497 0.1949411996173163 0.20874723358454625 0.12259758162902132 0.18113516565008286 0.09222430690111055 0.019328447554124717 0.0038656895108256373 0.0005522413586908637 0.0011044827173782579 0.0016567240760691215
0.0 0.0 0.0 0.0 0.0 0.0 0.0016567240760691215 0.0 0.0 0.0 0.0 0.0 0.0 0.0 0.0 0.0 0.017671723478055595 0.058537584021065014 0.18665757923697415 0.16346344217202727 0.20046361320420758 0.07731379021649887 0.0022089654347565157 0.0016567240760691215 0.0033134481521347736 0.005522413586894759 0.0027612067934473794 0.025955343858397734 0.02374637842363775 0.005522413586894759 0.009388103097716927 0.005522413586894759 0.0 0.0 0.0 0.0 0.0 0.027612067934463386 0.05908982537975241 0.13695585695494214 0.25955343858395996 0.2297324052147401 0.1430305119005243 0.13750809831362953 0.05908982537975241 0.008835861739029532 0.0033134481521347736 0.0 0.005522413586894759 0.006626896304273017
0.0 0.0 0.0 0.0 0.0 0.0 0.0 0.0 0.0 0.0 0.0 0.0 0.0 0.0 0.0 0.0011044827173782579 0.019328447554124717 0.08394068652077188 0.19383671689993803 0.16953809711760942 0.18831430331304327 0.07952275565125538 0.0005522413586908637 0.0 0.0011044827173782579 0.0033134481521347736 0.0033134481521347736 0.027612067934463386 0.0016567240760691215 0.0038656895108256373 0.011044827173786048 0.006074654945582153 0.0005522413586908637 0.0 0.0 0.0022089654347565157 0.0077313790216512746 0.058537584021065014 0.08283620380339016 0.17892620021532635 0.14910516684610645 0.11928413347688308 0.11817965075950482 0.06461223896664717 0.019328447554124717 0.0044179308695130315 0.0 0.0 0.008283620380338669 0.009388103097716927
0.0 0.0 0.0 0.0 0.0 0.0 0.0 0.0 0.0 0.0 0.0 0.0 0.0 0.0 0.0 0.0011044827173782579 0.018776206195437323 0.07952275565125538 0.15904551130251077 0.1971501650520728 0.23635930151900963 0.08228396244470276 0.0022089654347565157 0.0005522413586908637 0.0011044827173782579 0.0033134481521347736 0.006626896304273017 0.006626896304273017 0.004970172228203895 0.008283620380338669 0.017671723478055595 0.011597068532473442 0.0011044827173782579 0.0 0.0011044827173782579 0.0033134481521347736 0.02264189570625949 0.07123913527091671 0.08891085874897231 0.1430305119005243 0.10271689271620574 0.07123913527091671 0.07952275565125538 0.040313619184318555 0.004970172228203895 0.0 0.0 0.0 0.0027612067934473794 0.007179137662960411
0.0 0.0 0.0 0.0 0.0 0.0 0.0 0.0 0.0 0.0 0.0 0.0 0.0 0.0 0.0 0.0016567240760691215 0.02098517163019384 0.08780637603159405 0.15131413228086296 0.22807568113867097 0.24629964597541742 0.08891085874897231 0.0022089654347565157 0.0011044827173782579 0.0016567240760691215 0.004970172228203895 0.004970172228203895 0.0016567240760691215 0.008283620380338669 0.01546275804329908 0.02540310249970687 0.014910516684611685 0.0022089654347565157 0.0005522413586908637 0.0016567240760691215 0.004970172228203895 0.019328447554124717 0.04417930869514072 0.18886654467173414 0.14689620141134646 0.1430305119005243 0.11155275445523527 0.03534344695611466 0.009388103097716927 0.0 0.0 0.0 0.0 0.0005522413586908637 0.0005522413586908637
0.0 0.0 0.0 0.0 0.0 0.0 0.0 0.0 0.0 0.0 0.0 0.0 0.0 0.0 0.0 0.0027612067934473794 0.029268792010532507 0.10989603037916615 0.18389637244353024 0.2987625750509003 0.29268792010531813 0.0982989618466927 0.0044179308695130315 0.0027612067934473794 0.0022089654347565157 0.006626896304273017 0.004970172228203895 0.0033134481521347736 0.006074654945582153 0.0298210333692199 0.019328447554124717 0.0077313790216512746 0.0033134481521347736 0.0011044827173782579 0.006074654945582153 0.0171194821193682 0.017671723478055595 0.12756775385722174 0.11928413347688308 0.08394068652077188 0.07455258342305149 0.05080620499941374 0.011044827173786048 0.0 0.0 0.0 0.0 0.0 0.0 0.0005522413586908637
0.0 0.0 0.0005522413586908637 0.0 0.0 0.0 0.0 0.0 0.0 0.0 0.0 0.0 0.0 0.0 0.0 0.0038656895108256373 0.019328447554124717 0.05632861858630503 0.1728515452697442 0.2247622329865362 0.22862792249736183 0.08394068652077188 0.0027612067934473794 0.0005522413586908637 0.0011044827173782579 0.0016567240760691215 0.0027612067934473794 0.0298210333692199 0.025955343858397734 0.0171194821193682 0.020432930271502975 0.00994034445640779 0.0038656895108256373 0.005522413586894759 0.004970172228203895 0.012149309891164306 0.04141810190169681 0.10658258222703137 0.14192602918314604 0.07620930749912061 0.04473155005383159 0.027612067934463386 0.0033134481521347736 0.0 0.0 0.0 0.0 0.0 0.0 0.0
0.0 0.0 0.0005522413586908637 0.0016567240760691215 0.040313619184318555 0.048597239564657224 0.024298619782328612 0.01546275804329908 0.0011044827173782579 0.0011044827173782579 0.0011044827173782579 0.0011044827173782579 0.0005522413586908637 0.0 0.0 0.0011044827173782579 0.011044827173786048 0.024298619782328612 0.10492585815096225 0.1336424088028039 0.11044827173785701 0.02705982657577599 0.0016567240760691215 0.0005522413586908637 0.0005522413586908637 0.0016567240760691215 0.0011044827173782579 0.008283620380338669 0.025955343858397734 0.01270155124985517 0.008835861739029532 0.004970172228203895 0.0027612067934473794 0.006074654945582153 0.006074654945582153 0.006626896304273017 0.0298210333692199 0.10658258222703137 0.06571672168402543 0.05080620499941374 0.033134481521358145 0.012149309891164306 0.0011044827173782579 0.0 0.0 0.0 0.0 0.0 0.0 0.0
0.0 0.0 0.0005522413586908637 0.03258224016266728 0.08559741059683754 0.08780637603159405 0.043074825977762465 0.08007499700994625 0.048597239564657224 0.030373274727910765 0.019328447554124717 0.009388103097716927 0.0011044827173782579 0.0005522413586908637 0.0011044827173782579 0.0022089654347565157 0.008835861739029532 0.02374637842363775 0.051910687716792 0.11486620260737004 0.0640599976079563 0.025955343858397734 0.0011044827173782579 0.0005522413586908637 0.0005522413586908637 0.0005522413586908637 0.0 0.014910516684611685 0.03700017103218031 0.02705982657577599 0.008835861739029532 0.0038656895108256373 0.0 0.0016567240760691215 0.006626896304273017 0.01822396483674646 0.03644792967349292 0.07952275565125538 0.050253963640722876 0.047492756847278966 0.026507585217085128 0.006626896304273017 0.0 0.0 0.0 0.0 0.0 0.0 0.0 0.0
0.0 0.0 0.0 0.021537412988881233 0.022089654347572096 0.024298619782328612 0.040313619184318555 0.06682120440140368 0.0469405154885881 0.0298210333692199 0.03810465374956204 0.014358275325920822 0.0044179308695130315 0.0005522413586908637 0.0011044827173782579 0.0298210333692199 0.05467189451023938 0.033134481521358145 0.03810465374956204 0.1579410285851325 0.035895688314802054 0.0033134481521347736 0.0005522413586908637 0.0005522413586908637 0.0 0.0005522413586908637 0.00994034445640779 0.038656895108249434 0.025955343858397734 0.017671723478055595 0.0044179308695130315 0.0038656895108256373 0.0005522413586908637 0.0 0.004970172228203895 0.0171194821193682 0.027612067934463386 0.045836032771209845 0.03202999880397989 0.02705982657577599 0.01988068891281558 0.0 0.0 0.0 0.0 0.0 0.0 0.0 0.0 0.0
