static/data/precipitation/2023/7/11/12.asc
ncols 137
nrows 93
xllcorner 108.0
yllcorner 17.0
cellsize 0.25
NODATA_value -32767
[rows 0 to 25 of 93, columns 59 to 117 of 137]
0.0 0.0 0.16014999401988902 0.5765399784716068 0.1905232687477998 0.06350775624926544 0.06571672168402543 0.011044827173786048 0.03258224016266728 0.4031361918431717 1.5606340796558946 1.3049463305827604 0.7123913527091672 0.033134481521358145 0.15683654586775425 0.14137378782445517 0.01988068891281558 0.0044179308695130315 0.0005522413586908637 0.0 0.0 0.0 0.0 0.0 0.0 0.0 0.0 0.0 0.0 0.0 0.0 0.0 0.0 0.0 0.0 0.0 0.0 0.0 0.0 0.0 0.0 0.0 0.0 0.0 0.0 0.0 0.0 0.0 0.0 0.0 0.0 0.0 0.0 0.0 0.0 0.0 0.0 0.0 0.0
0.0 0.0 0.0 0.0005522413586908637 0.0027612067934473794 0.0005522413586908637 0.0005522413586908637 0.0011044827173782579 0.0016567240760691215 0.4694051548858845 0.9156161727068222 1.017780824064337 0.38159877885429044 0.04417930869514072 0.0027612067934473794 0.0022089654347565157 0.0016567240760691215 0.0 0.0 0.0 0.0 0.0 0.0 0.0 0.0 0.0 0.0 0.0 0.0 0.0 0.0 0.0 0.0 0.0 0.0 0.0 0.0 0.0011044827173782579 0.0011044827173782579 0.0016567240760691215 0.0011044827173782579 0.0005522413586908637 0.0 0.0 0.0 0.0 0.0 0.0 0.0 0.0 0.0 0.0 0.0 0.0 0.0 0.0 0.0 0.0 0.0
0.0 0.0 0.0 0.0 0.0 0.0 0.0005522413586908637 0.0011044827173782579 0.0022089654347565157 0.11210499581392266 0.2545832663557561 0.28329981700759777 0.1281199952159126 0.008835861739029532 0.0016567240760691215 0.006626896304273017 0.0033134481521347736 0.0 0.0 0.0 0.0 0.0 0.0 0.0 0.0 0.0 0.0 0.0 0.0 0.0 0.0 0.0 0.0 0.0 0.0 0.0 0.0005522413586908637 0.008835861739029532 0.016567240760677338 0.019328447554124717 0.014358275325920822 0.008835861739029532 0.0044179308695130315 0.0011044827173782579 0.0 0.0 0.0 0.0 0.0 0.0 0.0 0.0 0.0 0.0 0.0 0.0 0.0 0.0 0.0
0.0 0.0 0.0 0.0 0.0 0.0 0.0 0.0005522413586908637 0.0011044827173782579 0.03368672288004554 0.03368672288004554 0.038656895108249434 0.0022089654347565157 0.006074654945582153 0.009388103097716927 0.004970172228203895 0.0027612067934473794 0.0022089654347565157 0.01546275804329908 0.011597068532473442 0.008283620380338669 0.013253792608542564 0.11210499581392266 0.06847792847746934 0.0 0.0 0.0 0.0 0.0 0.0 0.0 0.0 0.0 0.0 0.0 0.0016567240760691215 0.02264189570625949 0.03976137782562769 0.06074654945582153 0.06516448032533456 0.06350775624926544 0.047492756847278966 0.01988068891281558 0.0077313790216512746 0.0011044827173782579 0.0 0.0 0.0 0.0 0.0 0.0 0.0 0.0 0.0 0.0 0.0 0.0 0.0 0.0
0.0 0.0 0.0 0.0 0.0 0.0 0.0 0.0 0.0005522413586908637 0.005522413586894759 0.007179137662960411 0.0 0.0016567240760691215 0.014910516684611685 0.07786603157518973 0.15186637363955036 0.11155275445523527 0.07786603157518973 0.15131413228086296 0.25292654227969047 0.20819499222585885 0.09608999641193272 0.06185103217319979 0.038656895108249434 0.0 0.0 0.0 0.0 0.0 0.0 0.0 0.0 0.0 0.008283620380338669 0.0347912055974238 0.05688085994499589 0.07731379021649887 0.09056758282504143 0.10547809950965312 0.11210499581392266 0.09608999641193272 0.07731379021649887 0.04417930869514072 0.021537412988881233 0.012149309891164306 0.0022089654347565157 0.0 0.0 0.0 0.0 0.0 0.0 0.0 0.0 0.0 0.0 0.0 0.0 0.0
0.0 0.0 0.0 0.0 0.0 0.0 0.0 0.0 0.0 0.0038656895108256373 0.004970172228203895 0.0022089654347565157 0.01270155124985517 0.05632861858630503 0.12038861619426133 0.6367342865687374 6.034893567756416 6.8179718143778105 6.0116994306914675 3.860719338596734 3.8159877885429028 1.5059621851456588 0.322508953474538 0.25071757684493046 0.04362706733645333 0.0033134481521347736 0.0016567240760691215 0.0 0.0 0.0 0.02264189570625949 0.02816430929315425 0.10713482358571877 0.20874723358454625 0.23580706016032224 0.5489279105371399 0.3186432639637124 0.322508953474538 0.2540310249970687 0.21703085396488492 0.1899710273891124 0.1330901674441165 0.09056758282504143 0.06185103217319979 0.0347912055974238 0.022089654347572096 0.011044827173786048 0.0022089654347565157 0.0016567240760691215 0.0 0.0 0.0 0.0 0.0 0.0 0.0 0.0 0.0 0.0
0.0 0.0 0.0 0.0 0.0 0.0 0.0 0.0 0.0 0.0005522413586908637 0.0016567240760691215 0.0016567240760691215 0.02098517163019384 0.06461223896664717 0.37938981341953393 1.796441139816217 7.202884041384237 12.81365624566729 13.417808292073358 11.869875763667315 7.889320050235007 4.507946210980567 2.4425635294826713 0.2739117139098808 0.06461223896664717 0.0077313790216512746 0.0016567240760691215 0.0 0.008835861739029532 0.0640599976079563 0.0861496519555284 0.5533458414066563 0.7908096256430442 0.9465416887934203 1.3667973627559602 1.7218885563931654 1.417603567755374 1.3049463305827604 1.2397818502574258 0.6720777335248486 0.3821510202129813 0.3252701602679854 0.20874723358454625 0.1380603396723204 0.11044827173785701 0.06461223896664717 0.03976137782562769 0.029268792010532507 0.008835861739029532 0.0033134481521347736 0.0016567240760691215 0.0 0.0 0.0 0.0 0.0 0.0 0.0 0.0
0.0 0.0 0.0 0.0 0.0 0.0 0.0 0.0 0.0 0.0005522413586908637 0.0005522413586908637 0.0 0.013806033967233428 0.019328447554124717 0.024298619782328612 1.6760525236219557 5.68145909819528 10.072330141133719 11.510366639160596 11.85827869513484 8.732040363594843 5.533458414066553 3.458687629470941 2.1310994031819193 0.3655837794523005 0.0044179308695130315 0.0005522413586908637 0.00994034445640779 0.09608999641193272 0.30980740222468284 1.0354525475423926 1.936710444923294 2.5071757684493168 3.4492995263732222 3.6967036550660195 3.7105096890332514 3.2333731551257157 2.9428942004551555 2.7026692094253204 1.6252463186225419 0.941019275206529 0.6930629051550424 0.5290472216243278 0.4252258461907438 0.315882057170265 0.21040395766061537 0.15407533907430687 0.10879154766178789 0.06019430809713067 0.028716550651841644 0.01270155124985517 0.0038656895108256373 0.0022089654347565157 0.0011044827173782579 0.0005522413586908637 0.0 0.0 0.0 0.0
0.0 0.0 0.0 0.0 0.0 0.0 0.0 0.0 0.0 0.0 0.0 0.0005522413586908637 0.0022089654347565157 0.0022089654347565157 0.0033134481521347736 0.029268792010532507 1.2800954694417443 3.6955991723486394 2.544728180840188 2.5933254204048435 3.7430919291959186 4.393632249731886 4.606797414185947 4.704544134673949 2.960013682574524 0.6372865279274248 0.04252258461907507 0.05356741179286112 0.5340173938525317 1.030482375314192 2.280756811386713 7.734692469802011 9.210833621578447 9.266609998806064 7.967738323168886 7.332108519317527 5.680354615477902 5.126456532712556 4.6852156871198245 3.839181925607853 2.670086969262653 2.0587557851936245 1.5678132173188586 1.3883347757448414 0.7273018693937788 0.5400920487981138 0.42633032890812206 0.26949378304036775 0.20156809592158584 0.13585137423756388 0.15904551130251077 0.14137378782445517 0.07620930749912061 0.0640599976079563 0.058537584021065014 0.0016567240760691215 0.0011044827173782579 0.0005522413586908637 0.0005522413586908637
0.0 0.0 0.0 0.0 0.0 0.0 0.0 0.0 0.0 0.0 0.0 0.0 0.0016567240760691215 0.005522413586894759 0.005522413586894759 0.006626896304273017 0.0695824111948476 0.5881370470040802 1.115527544552339 1.2541401255833466 2.1244725068776464 4.070571054898659 4.887336024400099 5.757116164335709 6.022192016506563 2.4607874943194177 0.8880041047723587 0.4517334314078289 0.9608999641193411 2.3663542219835505 7.0178831862233295 14.702321692384615 18.653056372447704 16.244179565845076 12.63583452816934 10.520197883030724 8.513352785553892 6.997450255951827 6.186759941395968 5.733922027270761 5.655503754336884 4.5780808635341055 3.6022703827301528 2.7915800681742944 1.906337170195383 1.2905880552568396 1.1276768544435032 0.9338401375435685 0.6510925618946583 0.5555548068414129 0.6599284236336843 0.5649429099391299 0.5003306709724862 0.24298619782328265 0.14137378782445517 0.06516448032533456 0.0044179308695130315 0.0016567240760691215 0.0016567240760691215
0.0 0.0 0.0 0.0 0.0 0.0 0.0 0.0 0.0 0.0 0.0 0.0 0.0 0.0011044827173782579 0.0027612067934473794 0.0044179308695130315 0.01822396483674646 0.054119653151548514 0.566047392656508 0.40589739863661906 0.3307925738548767 1.2464087465616989 1.7903664848706349 1.3944094306904236 1.41263339552717 3.37529918430886 3.2642986712123157 2.4453247362761186 2.4513993912217007 4.200900015549328 8.45978537376103 10.86534873221152 12.084145410838753 10.325808924772097 8.066037285015577 6.620269407967051 5.767608750150806 4.421244317666349 4.0170036431058 4.052899331420601 4.295333287885195 4.616737758642353 4.102048812343948 3.4056724590367704 2.9020283399121496 2.818639894750069 2.670639210621342 2.4685188733410692 2.1023828525300776 1.6506494211222487 1.4921561511784254 1.2602147805289288 0.9316311721088086 0.3799420547782213 0.26176240401871653 0.12149309891163959 0.03534344695611466 0.010492585815095185 0.013806033967233428
0.0 0.0 0.0 0.0 0.0 0.0 0.0 0.0 0.0 0.0 0.0 0.0 0.0 0.0 0.0 0.0033134481521347736 0.00994034445640779 0.01270155124985517 0.06461223896664717 0.11486620260737004 0.12756775385722174 0.11652292668343917 0.3335537806483241 0.8852428979789113 1.3894392584622197 1.371767534984164 4.03191415979041 6.012251672050157 7.475139031218051 7.501094375076447 5.9719380528658395 4.775231028586177 3.8292415811514453 1.9670837196512045 1.5661564932427894 1.407663223298966 1.650097179763558 1.7318289008495733 1.9135163078583435 2.042740785791634 2.14545767850784 2.2144878483440005 2.010158545628967 1.583828216720845 1.2944537447676652 1.3723197763428514 1.3971706374838708 1.4932606338958037 1.4949173579718726 1.4049020165055186 1.4275439122117817 1.3082597787348986 1.0956468556395267 0.76485428178465 0.5185546358092326 0.27225498983381513 0.10437361679227486 0.05467189451023938 0.1457917186939682
0.0 0.0 0.0 0.0 0.0 0.0 0.0 0.0 0.0 0.0 0.0 0.0 0.0 0.0 0.0 0.0016567240760691215 0.0044179308695130315 0.010492585815095185 0.05467189451023938 0.1905232687477998 0.2468518873341083 0.05743310130368676 0.0298210333692199 0.3556434349958962 0.49039032651607833 0.34238964238735015 0.9481984128694894 1.1193932340631645 1.6915152816652548 1.8003068293270426 1.6318732149268114 0.9763627221626402 0.8819294498267766 0.4484199832556941 0.33521050472438974 0.3214044707571598 0.4202556739625399 0.45836032771209845 0.5831668747758763 0.7935708324364916 0.9829896184669131 0.9934822042820084 0.857078588685757 0.7703766953715413 0.6505403205359673 0.6008385982539319 0.6875404915681511 0.7946753151538699 0.8896608288484243 0.8791682430333292 1.0481540987922477 1.0823930630309841 0.9437804819999729 0.8294665207512937 0.5113754981462721 0.2645236108121639 0.1750605107045007 0.3059417127138607 0.162358959454649
0.0 0.0 0.0 0.0 0.0 0.0 0.0 0.0 0.0 0.0 0.0 0.0 0.0 0.0 0.0 0.0 0.0027612067934473794 0.005522413586894759 0.022089654347572096 0.10768706494440963 0.11817965075950482 0.045836032771209845 0.0861496519555284 0.08394068652077188 0.11431396124867918 0.11486620260737004 0.1507618909221721 0.27059826575774604 0.3407329183112845 0.4379273974405955 0.38491222700642524 0.33465826336570237 0.2501653354862431 0.16677689032416204 0.1032691340748966 0.08504516923815014 0.07179137662960758 0.08062723836863364 0.13474689152018215 0.15186637363955036 0.25844895586658173 0.27943412749677554 0.291031196029249 0.22310550891046707 0.21150844037799363 0.18389637244353024 0.22034430211702316 0.263971369453473 0.3357627460830806 0.46995739624457533 0.6566149754815496 0.7328242829806701 0.9018101387395887 1.0812885803136059 0.6047042877647575 0.23470257744294398 0.12977671929198173 0.2772251620620156 0.11431396124867918
0.0 0.0 0.0 0.0 0.0 0.0 0.0 0.0 0.0 0.0 0.0 0.0 0.0 0.0 0.0 0.0 0.0016567240760691215 0.0044179308695130315 0.01270155124985517 0.02264189570625949 0.03202999880397989 0.155732063150376 0.07068689391222932 0.07510482478174235 0.08338844516208102 0.10050792728144922 0.11983637483557394 0.13640361559625128 0.20101585456289844 0.24519516325803917 0.24077723238852614 0.1971501650520728 0.14965740820479384 0.07897051429256799 0.03147775744528902 0.01988068891281558 0.008835861739029532 0.0077313790216512746 0.00994034445640779 0.024298619782328612 0.024298619782328612 0.035895688314802054 0.04362706733645333 0.04362706733645333 0.033134481521358145 0.0298210333692199 0.03147775744528902 0.06571672168402543 0.0938810309771762 0.20101585456289844 0.5434054969502486 0.6113311840690305 0.7433168687957653 1.465096324602653 0.4412408455927337 0.10161240999882748 0.1579410285851325 0.3943003301041456 0.15738878722644511
0.0 0.0 0.0 0.0 0.0 0.0 0.0 0.0 0.0 0.0 0.0 0.0 0.0 0.0 0.0 0.0033134481521347736 0.004970172228203895 0.022089654347572096 0.10658258222703137 0.11652292668343917 0.08394068652077188 0.13253792608542564 0.051358446358104604 0.05908982537975241 0.06792568711878194 0.09277654825979795 0.07731379021649887 0.09332878961848881 0.09001534146635404 0.11320947853130092 0.10989603037916615 0.09056758282504143 0.04362706733645333 0.021537412988881233 0.011597068532473442 0.0 0.0 0.0 0.0 0.0 0.0005522413586908637 0.0005522413586908637 0.0005522413586908637 0.0005522413586908637 0.0005522413586908637 0.0 0.0 0.004970172228203895 0.033134481521358145 0.11541844396605744 0.3893301578759417 0.45615136227734193 0.3661360208109914 0.9426759992825946 0.1457917186939682 0.08559741059683754 0.1430305119005243 0.5047486018419991 0.17837395885663548
0.0 0.0 0.0 0.0 0.0 0.0 0.0 0.0 0.0 0.0 0.0 0.0 0.0 0.0 0.0016567240760691215 0.004970172228203895 0.054119653151548514 0.09608999641193272 0.29600136825745293 0.15186637363955036 0.11983637483557394 0.03976137782562769 0.023194137064950354 0.03092551608659816 0.0342389642387364 0.051358446358104604 0.03147775744528902 0.0298210333692199 0.025955343858397734 0.025955343858397734 0.02816430929315425 0.008835861739029532 0.004970172228203895 0.0 0.0 0.0 0.0 0.0 0.0 0.0 0.0 0.0 0.0 0.0 0.0 0.0 0.0005522413586908637 0.005522413586894759 0.010492585815095185 0.07897051429256799 0.2148218885301284 0.1899710273891124 0.09940344456407096 0.16346344217202727 0.07455258342305149 0.013253792608542564 0.024850861141019476 0.3219567121158472 0.054119653151548514
0.0 0.0 0.0 0.0 0.0 0.0 0.0 0.0005522413586908637 0.0005522413586908637 0.0 0.0 0.0 0.0 0.0005522413586908637 0.0044179308695130315 0.010492585815095185 0.06185103217319979 0.16677689032416204 0.6035998050473792 0.37828533070215564 0.05522413586892677 0.024850861141019476 0.0038656895108256373 0.0044179308695130315 0.004970172228203895 0.004970172228203895 0.0022089654347565157 0.0011044827173782579 0.0005522413586908637 0.0 0.0 0.0 0.0 0.0 0.0 0.0 0.0 0.0 0.0 0.0 0.0 0.0 0.0 0.0 0.0 0.0 0.0005522413586908637 0.0027612067934473794 0.0077313790216512746 0.008283620380338669 0.014358275325920822 0.017671723478055595 0.017671723478055595 0.0027612067934473794 0.0016567240760691215 0.010492585815095185 0.025955343858397734 0.01270155124985517 0.006074654945582153
0.0 0.0 0.0 0.0 0.0 0.0005522413586908637 0.0016567240760691215 0.0016567240760691215 0.0038656895108256373 0.0033134481521347736 0.0033134481521347736 0.0005522413586908637 0.0011044827173782579 0.0016567240760691215 0.01546275804329908 0.014910516684611685 0.04252258461907507 0.13143344336804738 0.46719618945112795 0.3760763652673992 0.13419465016149476 0.0011044827173782579 0.0005522413586908637 0.0005522413586908637 0.0011044827173782579 0.0 0.0 0.0 0.0 0.0 0.0 0.0 0.0 0.0 0.0 0.0 0.0 0.0 0.0 0.0 0.0 0.0 0.0 0.0 0.0 0.0 0.0 0.0 0.0 0.0 0.0 0.0005522413586908637 0.0005522413586908637 0.0 0.0 0.0 0.0 0.0 0.0011044827173782579
0.0 0.0005522413586908637 0.0011044827173782579 0.0016567240760691215 0.0038656895108256373 0.0044179308695130315 0.008835861739029532 0.051910687716792 0.05798534266237415 0.061298790814508924 0.047492756847278966 0.04197034326038421 0.0033134481521347736 0.0033134481521347736 0.03258224016266728 0.21647861260619752 0.34735981461555404 0.15186637363955036 0.3804942961369122 0.3147775744528868 0.1402693051070769 0.0027612067934473794 0.0016567240760691215 0.0022089654347565157 0.0033134481521347736 0.0 0.0 0.0 0.0 0.0 0.0 0.0 0.0 0.0 0.0 0.0 0.0 0.0 0.0 0.0 0.0 0.0 0.0 0.0 0.0 0.0 0.0 0.0 0.0 0.0 0.0 0.0 0.0 0.0 0.0 0.0 0.0 0.0 0.0
0.0033134481521347736 0.004970172228203895 0.008835861739029532 0.013806033967233428 0.02264189570625949 0.03644792967349292 0.07952275565125538 0.32416567755060716 0.5544503241240346 0.6234804939601948 0.5340173938525317 0.3396284355939062 0.11707516804212656 0.0077313790216512746 0.004970172228203895 0.0342389642387364 0.05522413586892677 0.010492585815095185 0.214269647171441 0.20101585456289844 0.09608999641193272 0.012149309891164306 0.0027612067934473794 0.0016567240760691215 0.0022089654347565157 0.0011044827173782579 0.0011044827173782579 0.0011044827173782579 0.0005522413586908637 0.0 0.0 0.0 0.0 0.0 0.0 0.0 0.0 0.0 0.0 0.0 0.0 0.0 0.0 0.0 0.0 0.0 0.0 0.0 0.0 0.0 0.0 0.0 0.0 0.0 0.0 0.0 0.0 0.0 0.0
1.5562161487863817 1.8350980349244663 2.042740785791634 2.0499199234545946 1.8770683781848505 0.9515118610216242 0.5848235988519455 0.5815101506998072 0.5108232567875813 0.46995739624457533 1.4043497751468312 1.1867666798232555 0.602495322330001 0.02540310249970687 0.02264189570625949 0.02264189570625949 0.010492585815095185 0.0005522413586908637 0.04197034326038421 0.05522413586892677 0.02264189570625949 0.00994034445640779 0.0044179308695130315 0.0016567240760691215 0.0005522413586908637 0.0 0.0 0.0 0.0 0.0 0.0 0.0 0.0 0.0 0.0 0.0 0.0 0.0 0.0 0.0 0.0 0.0 0.0 0.0 0.0 0.0 0.0 0.0 0.0 0.0 0.0 0.0 0.0 0.0 0.0 0.0 0.0 0.0 0.0
0.6035998050473792 0.6411522174382505 0.7228839385242624 0.7974365219473173 0.8405113479250798 0.48044998205967054 0.3136730917355085 0.2733594725511934 0.2148218885301284 0.20432930271503322 0.5958684260257314 0.7482870410239693 0.6864360088507728 0.05356741179286112 0.03810465374956204 0.01546275804329908 0.0016567240760691215 0.0044179308695130315 0.0016567240760691215 0.008283620380338669 0.007179137662960411 0.0022089654347565157 0.0005522413586908637 0.0005522413586908637 0.0 0.0 0.0 0.0 0.0 0.0 0.0 0.0 0.0 0.0005522413586908637 0.0 0.0 0.0 0.0 0.0 0.0 0.0 0.0 0.0 0.0 0.0 0.0 0.0 0.0 0.0 0.0 0.0 0.0 0.0 0.0 0.0 0.0 0.0 0.0 0.0
0.12646327113984349 0.14137378782445517 0.22862792249736183 0.20156809592158584 0.20819499222585885 0.15959775266120163 0.11210499581392266 0.09443327233586707 0.1579410285851325 0.35950912450671835 0.7013465255353811 0.8824816911854639 0.6654508372205791 0.17671723478056983 0.07510482478174235 0.03644792967349292 0.006074654945582153 0.0038656895108256373 0.0016567240760691215 0.0 0.0 0.0 0.0 0.0 0.0 0.0 0.0005522413586908637 0.0 0.0 0.0 0.0 0.0005522413586908637 0.008283620380338669 0.0077313790216512746 0.0016567240760691215 0.0005522413586908637 0.0005522413586908637 0.0005522413586908637 0.0005522413586908637 0.0005522413586908637 0.0 0.0 0.0 0.0 0.0 0.0 0.0 0.0 0.0 0.0 0.0 0.0 0.0 0.0 0.0 0.0 0.0 0.0 0.0
0.13253792608542564 0.103821375433584 0.11873189211819568 0.09222430690111055 0.07289585934698584 0.09001534146635404 0.05964206673844327 0.06295551489057805 0.1330901674441165 0.4174944671690925 0.4555991209186545 0.49259929195083485 0.3871211924411817 0.2220010261930888 0.06571672168402543 0.0298210333692199 0.0038656895108256373 0.0011044827173782579 0.0005522413586908637 0.0 0.0 0.0 0.0 0.0 0.0 0.006074654945582153 0.02540310249970687 0.019328447554124717 0.0011044827173782579 0.0 0.0005522413586908637 0.0011044827173782579 0.008835861739029532 0.016567240760677338 0.012149309891164306 0.008835861739029532 0.0044179308695130315 0.0044179308695130315 0.0005522413586908637 0.0005522413586908637 0.0 0.0 0.0 0.0 0.0 0.0 0.0 0.0 0.0 0.0 0.0016567240760691215 0.0038656895108256373 0.0038656895108256373 0.0 0.0 0.0 0.0 0.0 0.0
0.0 0.0 0.0016567240760691215 0.006626896304273017 0.01546275804329908 0.033134481521358145 0.035895688314802054 0.04197034326038421 0.08228396244470276 0.10989603037916615 0.1480006841287282 0.1408215464657643 0.11265723717261353 0.04914948092334462 0.038656895108249434 0.0027612067934473794 0.0005522413586908637 0.0 0.0 0.0 0.0 0.0 0.0 0.0 0.0005522413586908637 0.006626896304273017 0.033134481521358145 0.024850861141019476 0.006074654945582153 0.0022089654347565157 0.004970172228203895 0.012149309891164306 0.0011044827173782579 0.008835861739029532 0.013806033967233428 0.010492585815095185 0.004970172228203895 0.0038656895108256373 0.0005522413586908637 0.0 0.0 0.0 0.0 0.0 0.0044179308695130315 0.0 0.0 0.0 0.0 0.0 0.009388103097716927 0.012149309891164306 0.006626896304273017 0.0 0.0 0.0 0.0 0.0 0.0
