static/data/precipitation/2023/7/11/6.asc
ncols 137
nrows 93
xllcorner 108.0
yllcorner 17.0
cellsize 0.25
NODATA_value -32767
[rows 22 to 43 of 93, columns 0 to 50 of 137]
0.0016567240760691215 0.0 0.0 0.0027612067934473794 0.0027612067934473794 0.0038656895108256373 0.8261530725991589 2.377399049157337 2.0316959586178482 7.122256803015603 6.199461492645821 4.515125348643528 0.06295551489057805 0.4495244659730724 0.3081506781486172 0.008283620380338669 0.005522413586894759 0.0033134481521347736 0.0016567240760691215 1.93174027269509 2.6932811063276034 2.0742185432369236 0.5737787716781594 1.385573568951394 3.1969252254522225 3.169313157517759 2.183010090898711 0.8697801399356122 0.4517334314078289 0.39264360602807646 0.03700017103218031 0.0695824111948476 0.16125447673727075 0.061298790814508924 0.0033134481521347736 0.0011044827173782579 0.011044827173786048 0.2319413706494966 0.338523952876528 1.453499256070176 3.3995978040911883 5.746071337161926 8.211829003709544 8.830339325441535 0.6825703193399473 0.4881813610813218 0.3843599856477378 0.21703085396488492 0.17450826934581332 0.22089654347571056 0.23028464657342748
0.0 0.0 0.0 0.0 0.0 0.0044179308695130315 1.0514675469443826 1.3408420188975658 1.1238111649326774 4.975694641790384 2.2912493972018084 2.3100256033972455 0.40092722640841516 4.462662419568046 7.617065060401194 3.989943816530025 0.06682120440140368 0.0016567240760691215 0.01546275804329908 0.028716550651841644 0.3893301578759417 0.263971369453473 0.21868757804095404 0.6157491149385436 2.039979578998187 1.8157695873703417 0.9752582394452619 0.33521050472438974 0.05743310130368676 0.028716550651841644 0.03534344695611466 0.017671723478055595 0.08559741059683754 0.01822396483674646 0.07123913527091671 0.025955343858397734 0.05798534266237415 0.2220010261930888 0.39485257146283304 0.8035111768928994 1.7782171749794704 6.623030614760496 12.815865211102045 9.319072927881546 3.312343669418282 1.8091426910660722 0.7234361798829532 0.13032896065066912 0.10271689271620574 0.10768706494440963 0.1281199952159126
0.09056758282504143 0.02540310249970687 0.539539807439423 0.8692278985769214 0.658823940916306 0.04473155005383159 0.06516448032533456 0.24519516325803917 0.0911198241837323 0.05356741179286112 0.22365775026915793 0.7455258342305253 0.4627782585816149 4.919366023204077 6.3259247637856655 6.775449229758737 3.1494324686049455 2.8098040330110408 0.023194137064950354 0.04804499820596636 0.10713482358571877 0.2021203372802767 0.2882699892358016 0.2672848176056113 0.7902573842843569 0.8460337615119711 0.4456587764622467 0.016014999401989943 0.033134481521358145 0.0347912055974238 0.022089654347572096 0.013253792608542564 0.008283620380338669 0.014358275325920822 0.058537584021065014 0.033134481521358145 0.04362706733645333 0.16346344217202727 0.18610533787828676 0.263971369453473 0.04362706733645333 0.2915834373879399 5.662682891999844 5.926654261453319 6.599284236336857 3.6011659000127745 0.7753468675997452 0.038656895108249434 0.03258224016266728 0.029268792010532507 0.026507585217085128
0.4787932579836049 0.09940344456407096 0.6980330773832464 1.0752139253680237 0.6820180779812564 0.06571672168402543 0.04362706733645333 0.21371740581275014 0.35232998684375794 0.3622703313001657 0.5334651524938407 0.35453895227851445 1.1630203013996179 4.370438112666935 4.7321562026084125 5.583712377707278 4.366572423156112 3.9711676103345894 0.9515118610216242 0.08780637603159405 0.1380603396723204 0.21040395766061537 0.2026725786389641 0.18113516565008286 0.17064257983498768 0.14855292548741558 0.0298210333692199 0.02264189570625949 0.040313619184318555 0.03147775744528902 0.010492585815095185 0.006074654945582153 0.01270155124985517 0.019328447554124717 0.011044827173786048 0.014910516684611685 0.018776206195437323 0.0298210333692199 0.03534344695611466 0.04638827412990071 0.05798534266237415 0.12756775385722174 0.2772251620620156 0.9128549659133747 4.435050351633581 3.2709255675165867 0.4368229147232172 0.0005522413586908637 0.0 0.0 0.0
0.15407533907430687 0.09719447912931445 0.1734037866284316 0.22310550891046707 0.11652292668343917 0.037552412390871176 0.043074825977762465 0.3009715404856568 1.2386773675400475 0.9901687561298735 0.9338401375435685 0.7140480767852363 2.041636303074256 2.0499199234545946 2.327697326875301 2.2089654347571055 1.4120811541684826 1.4159468436793048 0.9100937591199274 0.14634396005265907 0.12038861619426133 0.162358959454649 0.12370206434639958 0.1032691340748966 0.10603034086834051 0.07731379021649887 0.050253963640722876 0.040313619184318555 0.026507585217085128 0.0005522413586908637 0.004970172228203895 0.005522413586894759 0.011597068532473442 0.012149309891164306 0.0 0.0 0.0011044827173782579 0.012149309891164306 0.020432930271502975 0.016567240760677338 0.04252258461907507 0.3705539516805044 0.6080177359168923 0.005522413586894759 0.0011044827173782579 0.0 0.0 0.0 0.0 0.331897056572255 0.331897056572255
0.006626896304273017 0.005522413586894759 0.038656895108249434 0.2601056799426509 0.15241861499824122 0.07123913527091671 0.08559741059683754 0.7803170398279491 0.8151082454253729 0.7819737639040147 0.9758104808039527 1.4021408097120749 1.4474246011245937 0.2844042997249795 0.009388103097716927 0.03368672288004554 0.051910687716792 0.4760320511901575 0.19825464776945106 0.017671723478055595 0.0690301698361602 0.12038861619426133 0.08891085874897231 0.061298790814508924 0.05080620499941374 0.0469405154885881 0.03810465374956204 0.023194137064950354 0.008835861739029532 0.0005522413586908637 0.010492585815095185 0.005522413586894759 0.008835861739029532 0.008283620380338669 0.0005522413586908637 0.0 0.0 0.0011044827173782579 0.0016567240760691215 0.0016567240760691215 0.3749718825500209 0.18720982059566502 0.01546275804329908 0.01546275804329908 0.010492585815095185 0.0 0.0 0.004970172228203895 0.004970172228203895 0.8808249671093983 1.4546037387875541
0.018776206195437323 0.012149309891164306 0.0011044827173782579 0.007179137662960411 0.03644792967349292 0.04473155005383159 0.03147775744528902 0.08835861739028492 0.040313619184318555 0.020432930271502975 0.14137378782445517 0.49039032651607833 0.029268792010532507 0.2512698182036213 0.21813533668226318 0.0005522413586908637 0.0027612067934473794 0.011597068532473442 0.009388103097716927 0.013253792608542564 0.030373274727910765 0.05246292907548286 0.07510482478174235 0.07565706614042975 0.05688085994499589 0.04914948092334462 0.03810465374956204 0.03258224016266728 0.020432930271502975 0.004970172228203895 0.0016567240760691215 0.006074654945582153 0.011597068532473442 0.012149309891164306 0.0033134481521347736 0.0011044827173782579 0.0 0.0022089654347565157 0.004970172228203895 0.0005522413586908637 0.0 0.6058087704821358 0.839959106566389 0.07620930749912061 0.010492585815095185 0.0 0.0016567240760691215 0.0077313790216512746 0.02540310249970687 0.04417930869514072 0.03644792967349292
0.054119653151548514 0.02540310249970687 0.0 0.0016567240760691215 0.0033134481521347736 0.011044827173786048 0.23359809472556572 1.3220658127021285 0.30483722999648244 0.019328447554124717 0.02540310249970687 0.0 0.0 0.421912398038609 0.36171808994147486 0.0 0.0011044827173782579 0.0005522413586908637 0.0016567240760691215 0.0022089654347565157 0.007179137662960411 0.04473155005383159 0.10658258222703137 0.14247827054183343 0.12756775385722174 0.04473155005383159 0.04086586054300595 0.029268792010532507 0.013806033967233428 0.0 0.0 0.0 0.004970172228203895 0.009388103097716927 0.006626896304273017 0.006626896304273017 0.0027612067934473794 0.008835861739029532 0.016567240760677338 0.0011044827173782579 0.0 0.008283620380338669 0.017671723478055595 0.01546275804329908 0.0044179308695130315 0.012149309891164306 0.021537412988881233 0.02540310249970687 0.02374637842363775 0.024298619782328612 0.0298210333692199
0.04638827412990071 0.04473155005383159 0.0 0.5218680839613674 0.17726947613925723 0.013253792608542564 0.18223964836746112 0.9178251381415786 0.23083688793211835 0.009388103097716927 0.008835861739029532 0.023194137064950354 0.09664223777062358 0.13253792608542564 0.09443327233586707 0.0016567240760691215 0.0022089654347565157 0.0005522413586908637 0.0005522413586908637 0.007179137662960411 0.023194137064950354 0.029268792010532507 0.030373274727910765 0.048597239564657224 0.045836032771209845 0.012149309891164306 0.008835861739029532 0.006626896304273017 0.0 0.0 0.0 0.0011044827173782579 0.004970172228203895 0.008835861739029532 0.008835861739029532 0.055776377227617635 0.04804499820596636 0.03258224016266728 0.02098517163019384 0.0044179308695130315 0.004970172228203895 0.006626896304273017 0.006074654945582153 0.006626896304273017 0.005522413586894759 0.01822396483674646 0.02540310249970687 0.022089654347572096 0.013806033967233428 0.008283620380338669 0.008283620380338669
0.0982989618466927 0.06682120440140368 0.03644792967349292 0.08559741059683754 0.02540310249970687 0.05798534266237415 0.24077723238852614 0.24298619782328265 0.22310550891046707 0.004970172228203895 0.3727629171152609 0.8902130702071153 0.1905232687477998 0.03147775744528902 0.0005522413586908637 0.0005522413586908637 0.0011044827173782579 0.0 0.0 0.008835861739029532 0.047492756847278966 0.10050792728144922 0.05632861858630503 0.019328447554124717 0.011597068532473442 0.0016567240760691215 0.0016567240760691215 0.0 0.0 0.0 0.0 0.0016567240760691215 0.0033134481521347736 0.0022089654347565157 0.004970172228203895 0.030373274727910765 0.022089654347572096 0.00994034445640779 0.009388103097716927 0.0016567240760691215 0.0016567240760691215 0.0016567240760691215 0.0016567240760691215 0.0016567240760691215 0.0016567240760691215 0.006626896304273017 0.006626896304273017 0.0033134481521347736 0.0033134481521347736 0.0027612067934473794 0.0016567240760691215
0.09056758282504143 0.11155275445523527 0.13198568472673824 0.04197034326038421 0.04473155005383159 0.07455258342305149 0.054119653151548514 0.0171194821193682 0.011044827173786048 0.0911198241837323 0.47437532711408836 2.3304585336687484 0.3578524004306527 1.2800954694417443 3.0748798851818937 3.3101347039835254 0.0 0.0 0.0 0.0033134481521347736 0.03202999880397989 0.13143344336804738 0.10934378902047875 0.07234361798829497 0.04417930869514072 0.0027612067934473794 0.0011044827173782579 0.0 0.0 0.0 0.0 0.0016567240760691215 0.0011044827173782579 0.0 0.0 0.004970172228203895 0.0022089654347565157 0.0016567240760691215 0.0011044827173782579 0.0 0.0 0.0 0.0 0.0 0.0 0.0 0.0 0.0 0.0 0.0 0.0
0.04528379141252245 0.06626896304271282 0.0911198241837323 0.051358446358104604 0.054119653151548514 0.051910687716792 0.0298210333692199 0.011044827173786048 0.019328447554124717 0.12701551249853435 0.3236134361919163 1.5286040808519183 0.20101585456289844 0.7184660076547493 2.5187728369817917 2.4917130104060177 0.0 0.0 0.0 0.0033134481521347736 0.005522413586894759 0.06571672168402543 0.06019430809713067 0.09167206554241969 0.06737344576009108 0.01546275804329908 0.007179137662960411 0.005522413586894759 0.0011044827173782579 0.0 0.011597068532473442 0.0005522413586908637 0.0 0.0 0.0 0.006626896304273017 0.0005522413586908637 0.0 0.0 0.0 0.0 0.0 0.0 0.0 0.0 0.0 0.0 0.0 0.0 0.0 0.0
0.008835861739029532 0.007179137662960411 0.012149309891164306 0.033134481521358145 0.05246292907548286 0.05080620499941374 0.03147775744528902 0.011597068532473442 0.02098517163019384 0.10216465135751487 0.29986705776827854 0.19383671689993803 0.04914948092334462 0.0861496519555284 0.07952275565125538 0.0 0.0 0.0 0.0 0.013806033967233428 0.01822396483674646 0.00994034445640779 0.019328447554124717 0.05080620499941374 0.048597239564657224 0.01546275804329908 0.008835861739029532 0.007179137662960411 0.0022089654347565157 0.10768706494440963 0.04473155005383159 0.021537412988881233 0.0 0.0 0.0 0.0077313790216512746 0.0 0.0 0.0 0.0 0.0 0.0 0.0 0.0 0.0 0.0 0.0 0.0 0.0 0.0 0.0
0.014358275325920822 0.013253792608542564 0.013806033967233428 0.028716550651841644 0.043074825977762465 0.04362706733645333 0.028716550651841644 0.011597068532473442 0.05908982537975241 0.06461223896664717 0.020432930271502975 0.0 0.02098517163019384 0.013253792608542564 0.009388103097716927 0.0 0.0 0.0 0.0 0.013806033967233428 0.03092551608659816 0.006074654945582153 0.01546275804329908 0.011597068532473442 0.0005522413586908637 0.0016567240760691215 0.0027612067934473794 0.0016567240760691215 0.029268792010532507 0.2148218885301284 0.14413499461790255 0.0392091364669403 0.017671723478055595 0.0033134481521347736 0.0027612067934473794 0.0022089654347565157 0.0 0.0 0.0 0.0 0.0 0.0 0.0 0.0 0.0 0.0 0.0 0.0 0.0 0.0 0.0
0.009388103097716927 0.006074654945582153 0.005522413586894759 0.012149309891164306 0.024850861141019476 0.025955343858397734 0.028716550651841644 0.019328447554124717 0.12535878842246523 0.07013465255353846 0.0011044827173782579 0.0022089654347565157 0.07841827293387713 0.01988068891281558 0.0011044827173782579 0.0 0.0 0.0 0.0 0.0022089654347565157 0.00994034445640779 0.0022089654347565157 0.0011044827173782579 0.0 0.0005522413586908637 0.0016567240760691215 0.0005522413586908637 0.0016567240760691215 0.0022089654347565157 0.0022089654347565157 0.2821953342902195 0.07620930749912061 0.06461223896664717 0.04804499820596636 0.01988068891281558 0.0044179308695130315 0.0011044827173782579 0.0 0.0 0.0 0.0 0.0 0.0 0.0 0.0 0.0 0.0 0.0 0.0 0.0 0.040313619184318555
0.006626896304273017 0.008835861739029532 0.00994034445640779 0.00994034445640779 0.040313619184318555 0.08228396244470276 0.10437361679227486 0.07897051429256799 0.0342389642387364 0.01270155124985517 0.011597068532473442 0.016014999401989943 0.014358275325920822 0.0033134481521347736 0.0 0.0 0.0 0.0 0.0 0.0 0.0 0.0011044827173782579 0.0011044827173782579 0.0005522413586908637 0.0005522413586908637 0.0016567240760691215 0.006626896304273017 0.008835861739029532 0.007179137662960411 0.0033134481521347736 0.005522413586894759 0.019328447554124717 0.06792568711878194 0.0982989618466927 0.08394068652077188 0.007179137662960411 0.0 0.0 0.0 0.0 0.0 0.0 0.0 0.0 0.0 0.0 0.0 0.0 0.0005522413586908637 0.0044179308695130315 0.12038861619426133
0.0016567240760691215 0.0033134481521347736 0.010492585815095185 0.018776206195437323 0.043074825977762465 0.11210499581392266 0.16567240760678378 0.04473155005383159 0.03644792967349292 0.016567240760677338 0.019328447554124717 0.05467189451023938 0.0077313790216512746 0.0005522413586908637 0.0 0.0 0.0 0.0 0.0 0.0 0.0005522413586908637 0.0022089654347565157 0.0011044827173782579 0.0 0.0 0.0005522413586908637 0.008835861739029532 0.010492585815095185 0.00994034445640779 0.012149309891164306 0.02264189570625949 0.05522413586892677 0.09056758282504143 0.0817317210860119 0.0 0.0 0.0 0.0 0.0 0.0 0.0 0.0 0.0 0.0 0.0 0.0 0.0 0.0016567240760691215 0.008283620380338669 0.012149309891164306 0.021537412988881233
0.022089654347572096 0.03147775744528902 0.04914948092334462 0.08228396244470276 0.21647861260619752 0.12149309891163959 0.11376171988999179 0.12977671929198173 0.1259110297811561 0.054119653151548514 0.03976137782562769 0.03258224016266728 0.0027612067934473794 0.0 0.0 0.0 0.0 0.0 0.0 0.0005522413586908637 0.005522413586894759 0.005522413586894759 0.0 0.0 0.0 0.004970172228203895 0.012149309891164306 0.014358275325920822 0.0033134481521347736 0.0016567240760691215 0.006074654945582153 0.03368672288004554 0.0695824111948476 0.011597068532473442 0.0 0.0 0.0 0.0 0.0 0.0 0.0 0.0 0.0 0.0 0.0 0.0 0.0016567240760691215 0.00994034445640779 0.03700017103218031 0.03644792967349292 0.03368672288004554
0.011044827173786048 0.0342389642387364 0.09277654825979795 0.09553775505324533 0.21647861260619752 0.19604568233469455 0.1629112008133364 0.207642750867168 0.22862792249736183 0.11707516804212656 0.06019430809713067 0.040313619184318555 0.021537412988881233 0.0 0.0 0.0 0.0 0.0011044827173782579 0.0033134481521347736 0.0016567240760691215 0.0044179308695130315 0.0038656895108256373 0.0 0.0 0.0 0.006074654945582153 0.010492585815095185 0.005522413586894759 0.0005522413586908637 0.0016567240760691215 0.0016567240760691215 0.018776206195437323 0.017671723478055595 0.0 0.0 0.0 0.0 0.0 0.0 0.0 0.0 0.0 0.0 0.0 0.0 0.0016567240760691215 0.0033134481521347736 0.005522413586894759 0.024298619782328612 0.020432930271502975 0.019328447554124717
0.1032691340748966 0.11486620260737004 0.13088120200936 0.16125447673727075 0.14634396005265907 0.1551798217916886 0.2733594725511934 0.3650315380936131 0.4787932579836049 0.23912050831245701 0.1800306829327046 0.08228396244470276 0.021537412988881233 0.004970172228203895 0.0 0.0 0.0005522413586908637 0.0016567240760691215 0.0038656895108256373 0.0011044827173782579 0.0022089654347565157 0.0022089654347565157 0.0 0.0 0.0 0.0038656895108256373 0.0038656895108256373 0.0005522413586908637 0.0005522413586908637 0.0005522413586908637 0.0005522413586908637 0.0005522413586908637 0.0 0.0 0.0 0.0 0.0 0.0 0.0 0.0 0.0 0.0 0.0 0.0 0.0 0.0011044827173782579 0.0022089654347565157 0.006626896304273017 0.01270155124985517 0.005522413586894759 0.00994034445640779
0.12425430570508697 0.13585137423756388 0.11983637483557394 0.1408215464657643 0.2739117139098808 0.13419465016149476 0.25292654227969047 0.29710585097483116 0.4445542937448685 0.2573444731492035 0.23028464657342748 0.13198568472673824 0.01988068891281558 0.008283620380338669 0.0016567240760691215 0.0 0.0005522413586908637 0.006626896304273017 0.0016567240760691215 0.0 0.0 0.0 0.0005522413586908637 0.0011044827173782579 0.0011044827173782579 0.006626896304273017 0.006626896304273017 0.0 0.0 0.0 0.0 0.0 0.0 0.0 0.0 0.0 0.0 0.0 0.0 0.0 0.0 0.0 0.0 0.0 0.0 0.0 0.0016567240760691215 0.007179137662960411 0.01822396483674646 0.004970172228203895 1.0774228908027803
0.12038861619426133 0.09940344456407096 0.08725413467290666 0.09222430690111055 0.38380774428904696 0.214269647171441 0.16125447673727075 0.18776206195435588 0.214269647171441 0.14468723597658995 0.12370206434639958 0.12149309891163959 0.010492585815095185 0.004970172228203895 0.0016567240760691215 0.0 0.0 0.007179137662960411 0.0005522413586908637 0.0 0.0 0.0 0.0005522413586908637 0.010492585815095185 0.0033134481521347736 0.009388103097716927 0.0077313790216512746 0.0 0.0005522413586908637 0.0 0.0 0.0 0.0 0.0 0.0 0.0 0.0 0.0 0.0 0.0 0.0 0.0 0.0 0.0 0.0 0.0011044827173782579 0.266180334888233 0.28329981700759777 0.02264189570625949 0.008835861739029532 1.184557714388499
