static/data/seaWater_vo/2023/7/27/0.asc
ncols 137
nrows 93
xllcorner 108.0
yllcorner 17.0
cellsize 0.25
NODATA_value -32767
[rows 52 to 77 of 93, columns 58 to 115 of 137]
0.084062874 0.034633566 0.2264596 0.38529894 0.36186844 0.2304312 0.06451938 0.17579317 0.3034261 0.29410282 0.23172936 0.32452798 0.6048369 0.6516394 0.49425897 0.5137747 0.5331655 0.42827052 0.2002645 0.04513974 0.022147335 0.13747406 -0.044350248 -0.077264175 -0.11068353 0.1285008 0.23060703 0.35370517 0.4320436 0.5666019 0.38550195 0.23202814 0.29738486 0.22301225 0.08173359 -0.06537528 -0.25538003 -0.39324456 -0.46647164 -0.3596353 -0.3163052 -0.34754917 -0.3854859 -0.013224779 0.032673765 0.0624871 0.108437605 0.20214918 0.2288437 0.04603099 -0.32803777 -0.21606429 -0.03827628 0.096919656 0.0685196 0.04724771 -0.03560734 -0.056876212
0.18376487 -0.039761722 0.057759114 0.22203308 0.34835917 0.25932807 0.23551784 0.27303746 0.28688848 0.40509534 0.31729135 0.39937854 0.6122955 0.70229435 0.48949775 0.43975106 0.45468068 0.3600513 -0.0072961603 0.10589947 0.13935865 0.09619952 0.005386271 -32767.0 -0.27003267 0.097007886 0.14050004 0.33432928 0.44118693 0.49754804 0.35468018 0.17819226 0.19653744 0.14160389 -0.006327475 -0.1760459 -0.3221134 -0.41477472 -0.38778082 -0.38473094 -0.40961188 -0.41018072 -0.12164482 0.018320512 0.13038433 0.17159443 0.21253881 0.25140378 0.29724368 0.22291788 -0.13206226 -0.42887568 -0.120516725 0.1527688 0.03592987 -0.0068626124 -0.03377785 -0.060796555
0.21769857 0.11373516 0.16238776 0.2641925 0.24382573 0.22453468 0.21596023 0.19045381 0.18909828 0.34989157 0.35261366 0.39318442 0.6632986 0.7361555 0.47598153 0.3897486 0.29236254 0.17544496 0.008002277 0.13070753 0.090364404 0.10591913 0.03706485 0.037124068 -0.24024877 0.0069389013 0.14774305 0.32060188 0.45624715 0.4054163 0.30434006 0.10299741 0.104478635 0.026309773 -0.07652102 -0.20583907 -0.3165383 -0.3496322 -0.42018813 -0.47545618 -0.39292607 -0.16838694 -0.0031361112 0.08114227 0.16266385 0.19902651 0.2548322 0.33148015 0.359748 0.3456535 0.15325232 -0.21910132 -0.32276955 0.04123413 0.10884095 -0.126241 -0.13562341 0.028449576
0.15173224 0.19334346 0.18677126 0.17593348 0.15322532 0.13067769 0.100338176 0.13025595 0.21387863 0.374349 0.49960494 0.6014495 0.69235003 0.50597423 0.48314255 0.37784633 0.0943609 -0.054698456 0.12611476 0.08794397 0.10996545 -32767.0 0.06936484 0.09557649 0.012946951 -0.120365106 0.18556163 0.31814775 0.29774716 0.22202656 0.2198826 0.058256105 0.010350207 -0.089144 -0.1850209 -0.24772204 -0.34361163 -0.43572655 -0.5241921 -0.4186304 -0.22093602 -0.08709 -0.017507538 0.031664144 0.030544521 0.06124302 0.18202445 0.34560382 0.29029503 0.29645398 0.29773232 0.078561895 -0.28339043 -0.15060747 0.034917265 -0.15343294 -0.13410091 0.012574488
0.49970356 0.76715434 0.6348558 0.28843245 0.090522215 0.0030376841 0.12678674 0.16679648 0.2582542 0.42324716 0.53447694 0.4865109 0.37498957 0.49059513 0.43178743 0.3118114 0.018710028 -0.2345598 -0.088417456 0.15614437 0.07933127 0.0797372 0.08926282 0.0069665797 -0.09470932 -0.022641351 0.102966405 0.19402051 0.047547176 0.08958801 0.12921157 0.083422385 -0.085892916 -0.13582297 -0.27205044 -0.33823887 -0.43089285 -0.55165166 -0.48884732 -0.3221143 -0.20423473 -0.06202967 0.08710758 0.21221195 0.123621896 0.016800204 0.120039485 0.33595023 0.32888922 0.18631372 0.25663558 0.22855315 -0.095576264 -0.2971368 -0.014686588 -0.11340181 -0.10455039 0.09014313
1.0437084 1.124324 0.7693707 0.40172586 0.078698106 0.020849636 0.1300572 0.18394402 0.28161117 0.39823693 0.28343585 0.3540991 0.47547606 0.44595757 0.35914174 0.26781234 -0.063459866 -0.34086046 -0.09348814 0.21808682 0.11944574 0.15226226 0.18051594 0.0972378 -0.08923553 -0.1787506 0.028676005 -0.03317445 -0.14864129 0.1047223 0.079052344 0.10733254 -0.12362526 -0.1932213 -0.3001077 -0.3938406 -0.5337709 -0.56627655 -0.40088046 -0.2876222 -0.1858817 -0.05906856 0.22001338 0.3486299 0.2262192 0.10239938 0.17674334 0.34272537 0.3843199 0.23347905 0.14735918 0.20118585 0.07885322 -0.26570067 -0.21307458 -0.095046245 -0.019637471 0.1390132
1.2511624 0.99942166 0.76956683 0.53023505 0.25680894 0.12427072 0.13529953 0.1740078 0.16687064 0.28497177 0.38554966 0.41441298 0.40410686 0.30527836 0.34869507 0.14006451 -0.10866453 -0.18795013 0.0386057 0.09018478 0.15356848 0.2761674 0.2422748 0.15453218 -0.06181621 -0.23872162 -0.2078409 -0.28895053 -0.18880373 0.11119906 0.084150076 0.041348062 -0.042326532 -0.22588445 -0.3065157 -0.42939052 -0.5840512 -0.47430983 -0.32306635 -0.2629383 -0.1285014 0.028258635 0.24762046 0.29899845 0.2676825 0.07443788 0.09381994 0.3171993 0.35857457 0.29639795 0.109048046 0.17127016 0.14672615 -0.018551588 -0.22840728 -0.24605907 -0.0973454 0.12168443
1.3699073 0.93265754 0.7222348 0.57821286 0.37012634 0.1878526 0.024005022 0.1800125 0.34149826 0.41678733 0.3676949 0.41678444 0.18478733 0.373771 0.2890783 0.11329265 -0.09693192 0.00021014808 0.02018344 0.11012542 0.25406718 0.21947718 0.08320423 -0.027725784 -0.18712267 -0.25748324 -0.332355 -0.4072874 -0.085833676 0.12303381 0.10748478 -0.08562713 0.04924259 -0.14439887 -0.31707764 -0.49211323 -0.55771667 -0.40048456 -0.3016281 -0.2681815 -0.12575018 0.08938153 0.20148727 0.20368852 0.24272741 0.11249598 0.08019538 0.23471604 0.32166046 0.26522937 0.11053249 0.0445894 0.15790744 0.17993203 -0.07473984 -0.14728855 -0.114081934 -0.022515204
1.2193677 0.7646882 0.54372567 0.5236836 0.3491746 0.07495321 0.17109388 0.25551763 0.41087964 0.40016416 0.45683172 0.108019054 0.06691821 0.44330868 0.2714913 0.15636359 -0.0077623827 0.00233704 0.16293597 0.27244252 0.23229003 0.04351999 -0.048988298 -0.09637606 -0.15715477 -0.26634854 -0.42184243 -0.35674143 -0.057044216 0.1126243 0.05174882 -0.12167506 -0.018972194 -0.067966 -0.29275462 -0.4723514 -0.49358746 -0.3464708 -0.25594142 -0.21363653 -0.09192351 0.076231286 0.13284712 0.123156935 0.139066 0.108475246 0.19384506 0.30247587 0.32140592 0.2141231 0.06394611 -0.056563392 0.100005075 0.30488157 0.12146351 -0.06923836 -0.10265879 -0.062106784
0.95036304 0.68697524 0.3279805 0.5214019 0.36142442 0.17505512 0.14945184 0.07067462 0.51961654 0.40002292 0.40426278 0.22745912 0.38459063 0.47821113 0.2675585 0.09986763 0.048319075 0.13135722 0.28917888 0.2894793 0.077627316 -0.11274609 -0.14412948 -0.08138063 -0.1714436 -0.3430648 -0.40550336 -0.16833277 0.09335622 0.10471274 0.03547183 -0.08756067 -0.18108623 -0.024681058 -0.18255149 -0.3776714 -0.4418383 -0.31988657 -0.2297487 -0.17430554 -0.07584988 0.033173047 0.096349634 0.09548395 0.09562122 0.17536958 0.24254236 0.31604144 0.30584645 0.146389 0.013146898 -0.07143639 -0.06435436 0.26434973 0.28176773 -0.045728493 -0.08229666 -0.09742999
0.58432156 0.59584486 0.48133302 0.5293933 0.56233484 0.08277593 0.2182157 0.17761442 0.5114879 0.37356192 0.30455562 0.22269492 0.35416573 0.44508272 0.26308373 0.1262621 0.028509755 0.088666834 0.2697625 0.106560335 -0.09799853 -0.19357862 -0.13610165 -0.09205888 -0.24010226 -0.37743476 -0.26020733 0.06604098 0.07824476 0.09081632 0.04583399 -0.06429038 -0.16948734 -0.09680203 -0.13599226 -0.21869546 -0.29158399 -0.2848876 -0.21080802 -0.12181801 -0.006095215 0.089029565 0.09481743 0.118269436 0.14885299 0.1932775 0.23124544 0.24704297 0.17059512 0.085332595 0.074150436 -0.07680864 -0.07791609 0.27260572 0.27664393 0.004291171 -0.1678436 -0.09341051
0.49879014 0.45611852 0.39698237 0.47033677 0.5139035 0.43186235 0.23122813 0.35631981 0.3957746 0.35505384 0.31121942 0.28741837 0.372852 0.34216332 0.18084164 0.12090075 0.07077636 0.0927026 0.121618554 -0.07263922 -0.14709216 -0.12555864 -0.12164519 -0.16953593 -0.24411565 -0.15173723 0.02080555 0.035051543 0.09017926 0.09402773 0.06366791 0.015518491 -0.06788542 -0.09697668 -0.1462392 -0.18252732 -0.21210912 -0.2462391 -0.19708663 -0.13054638 -0.02905007 0.050141517 0.118734084 0.16544673 0.18337548 0.1434831 0.12650469 0.06655298 -0.059734106 0.009707658 0.15931834 -0.016189229 -0.09212601 0.3614843 0.2117283 -0.04875551 -0.20832895 -0.16973498
0.4314759 0.5397625 0.5198703 0.45955953 0.4738507 0.39992827 0.3570655 0.37828666 0.36570832 0.31147933 0.29822358 0.30715603 0.35073584 0.23206452 0.16665184 0.1814884 0.11307549 0.076166205 -0.052201092 -0.16040207 -0.08079229 -0.14761868 -0.19403096 -0.18155132 -0.09246246 -0.05610898 -0.039854985 0.018586962 0.09291083 0.13416946 0.1352026 0.10646831 0.047630038 0.0101861525 -0.0023787017 -0.057988655 -0.08142608 -0.13871217 -0.15000553 -0.09029064 -0.010318805 0.08786218 0.14576317 0.16189736 0.0776057 0.017294506 -0.011591932 -0.044316724 -0.26110083 0.0041187527 0.17589045 0.020754592 -0.10860407 0.38213634 0.14718233 -0.10017116 -0.23306409 -0.27423495
0.4368287 0.67104524 0.58730876 0.5204851 0.5146783 0.48515716 0.43334678 0.3785778 0.30108085 0.25067636 0.2892888 0.31255686 0.345934 0.18882608 0.1582516 0.18307719 0.11348205 -0.041486777 -0.16918914 -0.12340942 -0.15879591 -0.14989364 -0.12341303 -0.08593736 -0.073207974 -0.07847029 -0.05679704 -0.0044903234 0.0788467 0.15594612 0.16524592 0.16606319 0.14071043 0.08851097 0.095110446 0.09520699 0.14866494 0.10430346 0.039608706 0.023704682 -0.017604848 -0.027031936 0.0680614 0.11867173 0.09812493 -0.0072189635 -0.06410789 -0.03043596 -0.29608607 -0.08231329 0.24263856 0.09781407 -0.06365281 0.33871672 0.067958795 -0.17700706 -0.2729583 -0.28886086
0.36362657 0.56959736 0.5635498 0.51904637 0.547966 0.53183603 0.4564826 0.36529076 0.28386456 0.25588694 0.26199913 0.2751315 0.24654104 0.10372264 0.16740131 0.20405392 0.028956592 -0.12717098 -0.17956686 -0.21559621 -0.22945324 -0.16235285 -0.120259 -0.078441426 -0.05391307 0.013479231 0.08556302 0.09921797 0.09740079 0.12771592 0.1681952 0.10946172 0.09870963 0.1408281 0.14986128 0.18493456 0.13301584 0.057309706 0.017222337 -0.062750354 -0.13969457 0.040612843 0.14102083 0.19770643 0.16466683 0.059979796 -0.03449023 -0.13320982 -0.24248073 -0.19011815 0.12503958 0.019298194 -0.042950887 0.25603226 -0.015548756 -0.21572429 -0.3672137 -0.094242394
0.37940392 0.30262518 0.3760435 0.42053437 0.5126918 0.5626395 0.5188217 0.46706754 0.4137301 0.30800775 0.2704115 0.24269472 0.16698512 0.0003375185 0.16635534 0.153919 -0.06068564 -0.15009771 -0.25522548 -0.33134615 -0.20606063 -0.04937925 0.008344072 0.0033381379 0.059367876 0.18964486 0.23918693 0.22076564 0.12758765 0.14166765 0.15256871 0.11412646 0.09905621 0.13166633 0.15475136 0.20415996 0.31609583 0.16723415 0.0050330977 -0.15449706 -0.024976732 -0.0007509355 0.16436934 0.32441214 0.29195276 0.20321701 0.15245298 0.06880854 -0.04666881 -0.12504235 -0.10566837 -0.1992672 -0.097700946 0.15445402 -0.1053794 -0.34463307 -0.31811148 -0.04098798
0.31880015 0.07543594 0.2563148 0.3059539 0.40781415 0.596465 0.63171977 0.58786225 0.62311226 0.47295523 0.29645476 0.1693793 0.08487286 -0.08027421 0.17443392 0.050532687 -0.113898635 -0.20979497 -0.40359586 -0.28941956 -0.14365761 0.070358574 0.21653268 0.17735699 0.09093793 0.23261331 0.3105022 0.31725836 0.22349542 0.14720769 0.16234654 0.1072176 0.015027835 0.15783985 0.21038796 0.15506694 0.19303901 0.2186752 0.014884563 -0.1284221 -0.08497887 -0.06645952 0.13266778 0.38515458 0.40885198 0.28966978 0.3191938 0.27174208 0.07109544 -0.11593163 -0.23083448 -0.40445837 -0.18999307 0.051437464 -0.26657978 -0.4504243 -0.028464412 -0.06850797
0.26510322 -0.038872916 0.23802674 0.27832797 0.32389852 0.4884569 0.6996211 0.75556344 0.7455774 0.60967505 0.28119624 0.079075836 -0.01792968 -0.059123114 0.17266078 -0.0037079214 -0.14473975 -0.30517802 -0.41463235 -0.35782364 -0.18139684 0.13756159 0.3737774 0.4071126 0.20336343 0.27432945 0.36892974 0.35717568 0.26012045 0.14324947 0.1510396 0.08474755 0.05420548 0.21626852 0.20130152 0.09879311 0.1324894 0.25437662 0.0858204 -0.059799686 -0.0791532 -0.084111206 -0.0037475785 0.34689036 0.50631505 0.34517476 0.46468338 0.39687654 0.105166554 -0.14139315 -0.33593813 -0.4348175 -0.23914191 -0.089729294 -0.43817672 -0.37052923 -0.085960485 -0.08714532
0.24097653 0.08429985 0.37653804 0.41069403 0.42681947 0.527522 0.67505264 0.77315205 0.78190386 0.7074341 0.28680897 0.020841654 -0.10020552 0.04195765 0.18581347 -0.0003950796 -0.15542766 -0.3734684 -0.41289774 -0.41896728 -0.19504037 0.19475473 0.37362298 0.43218032 0.2084756 0.28548595 0.42313385 0.3617311 0.19254437 0.06253748 0.04443708 0.045796156 0.12129913 0.22878751 0.17428723 0.074119054 0.09323307 0.20912276 0.18921779 0.02075839 -0.03149451 -0.13656 -0.054212905 0.2594051 0.52823573 0.36742505 0.495614 0.44497228 0.14904754 -0.12631637 -0.34835297 -0.42151898 -0.30801243 -0.22885396 -0.53284174 -0.24799868 -0.15217446 -0.099983916
0.22170052 0.42145312 0.6176085 0.5713826 0.5503575 0.6490505 0.74029267 0.69036216 0.5818659 0.65476644 0.2285156 -0.026221534 -0.19647892 0.11550977 0.1850649 0.02945727 -0.1340438 -0.34916937 -0.36064813 -0.27098516 -0.09044904 0.18111783 0.34109128 0.37116572 0.19729981 0.29904985 0.4486129 0.38079587 0.17537042 -0.00852974 -0.050318427 0.052597947 0.14837064 0.1981708 0.12814443 -0.012984968 0.03679095 0.15097658 0.14149867 0.048318416 -0.0005617028 -0.00465845 0.06621814 0.3137094 0.48160452 0.3365835 0.39861107 0.5105803 0.2180597 -0.083723724 -0.31391212 -0.40255576 -0.3704816 -0.3865548 -0.593307 -0.13524775 -0.11225254 -0.13477153
0.14861058 0.62263346 0.7500011 0.6462362 0.627717 0.7285508 0.8253695 0.552493 0.30645543 0.50242203 0.13936795 -0.10595749 -0.2262472 0.08169 0.13978845 0.03995061 -0.11149181 -0.24117088 -0.2597371 -0.12394861 0.037156172 0.20267344 0.31345147 0.20494252 0.18093066 0.40021032 0.47268727 0.33458608 0.11499332 -0.10827714 -0.084184095 0.037273888 0.18263869 0.16994269 0.07548532 -0.025098283 -0.021399627 0.07142066 0.1308604 0.028947823 0.006821818 0.017391473 0.18764226 0.41316858 0.3936324 0.25850615 0.2444029 0.48997012 0.2545226 0.008376272 -0.23587328 -0.3561783 -0.40200782 -0.5270212 -0.5838671 -0.047692016 -0.094658 -0.15825042
0.25013968 0.5652171 0.6893129 0.6546577 0.6663724 0.73893297 0.77473897 0.35587826 0.2037193 0.4094428 0.04921415 -0.26506576 -0.21223411 0.051020246 0.07639827 0.0478081 -0.0661155 -0.11847585 -0.10975699 -0.01637922 0.13370809 0.23077326 0.22099388 0.091353066 0.29262322 0.574804 0.4883248 0.2612509 0.040677052 -0.14279787 -0.1488641 0.022905633 0.0817985 0.12876524 0.12771195 0.09361609 0.039533034 0.05273723 0.047976244 0.008047141 -0.09207322 0.09180748 0.34881246 0.42179766 0.31309524 0.20599692 0.20742874 0.291159 0.27793953 0.043017868 -0.14910541 -0.30595744 -0.4350689 -0.5837475 -0.40507197 -0.032532364 -0.1375033 -0.12536986
0.28077492 0.52796555 0.6364297 0.62861997 0.683185 0.6576184 0.50663954 0.250215 0.36552447 0.27672464 -0.07912506 -0.39080787 -0.13439141 0.025567872 0.041589297 0.05079647 0.03830112 0.019026887 0.042634673 0.0803057 0.16279861 0.19272748 0.20307282 0.23996037 0.48577476 0.54882526 0.35225534 0.080431074 -0.130153 -0.22245878 -0.26789877 -0.086498864 -0.0010273616 0.17381127 0.17136012 0.08733513 0.07970167 0.05139952 -0.008585905 -0.06281238 -0.1297432 0.075997524 0.36305076 0.42786142 0.21621159 0.13949585 0.17444898 0.09831332 0.2339046 0.05082955 -0.15186125 -0.3297247 -0.45051655 -0.42625177 -0.104697056 -0.069273934 -0.07490342 -0.01511108
0.39777982 0.5857188 0.69238514 0.6186144 0.5923057 0.53730476 0.40526655 0.38107574 0.38347587 0.13162056 -0.15820758 -0.4659891 -0.18938707 0.035702176 0.036032036 0.04434606 0.15245295 0.20661864 0.21955653 0.20143443 0.19397226 0.21281914 0.25029796 0.31147334 0.337204 0.28214526 0.18754536 -0.04753905 -0.22988094 -0.27472785 -0.26368302 -0.1358534 0.075805716 0.18612063 0.20138861 0.12403846 0.07802338 -0.015355659 -0.071834296 -0.10718214 -0.1547407 0.004560905 0.33343393 0.40841013 0.1485538 0.11700133 0.08573718 -0.056815013 0.099100895 0.006406494 -0.12460714 -0.21392386 -0.1907598 -0.070244156 -0.010669229 0.014238539 0.122670285 0.27322906
0.50092703 0.72239286 0.72304976 0.62495774 0.5536144 0.47271034 0.40327033 0.38978195 0.3092709 0.08146307 -0.15273964 -0.4226723 -0.3300557 0.068377145 0.11381406 0.2557997 0.3609915 0.37059954 0.30863127 0.20148516 0.15085274 0.15144248 0.1702424 0.20541342 0.23820888 0.18310712 0.091484964 -0.05459101 -0.16316508 -0.21554089 -0.16067201 -0.056092095 0.07583647 0.15780713 0.12979639 0.110752895 0.0075421087 -0.10412278 -0.15641128 -0.11855984 -0.1525741 -0.047732204 0.26639858 0.4059918 0.08804528 0.007949411 0.039141346 -0.0019799361 -0.049878556 -0.0749 -0.11634399 -0.11215532 -0.05727045 0.018643456 0.1069731 0.25308874 0.3714939 0.39072976
0.61805516 0.6939193 0.65081 0.5580604 0.46582446 0.44907755 0.46744922 0.39909664 0.28772765 0.087741524 -0.07777277 -0.29650426 -0.3919071 0.01595872 0.31044626 0.40193155 0.45107722 0.36874962 0.20653501 0.12677121 0.12923032 0.16036493 0.18775395 0.24793436 0.1978399 0.12265363 0.08120624 0.014940948 -0.043360483 -0.09102403 -0.07173397 0.011381324 0.058548536 0.04210844 0.07669649 0.049305245 -0.1224935 -0.2143275 -0.17989296 -0.08991005 -0.09543532 -0.06030979 0.16544235 0.3774696 0.04748437 -0.10037006 -0.1149369 0.12016048 0.11044874 -0.08449156 -0.18677548 -0.14102472 -0.018042637 0.14230582 0.30041564 0.35468686 0.24980596 0.22284548
