static/data/seaWater_vo/2023/7/27/12.asc
ncols 137
nrows 93
xllcorner 108.0
yllcorner 17.0
cellsize 0.25
NODATA_value -32767
[rows 0 to 25 of 93, columns 58 to 115 of 137]
-32767.0 -32767.0 -32767.0 -32767.0 -32767.0 -32767.0 -32767.0 -32767.0 -32767.0 -32767.0 -32767.0 -32767.0 -32767.0 -32767.0 -32767.0 -32767.0 -32767.0 -32767.0 -32767.0 -32767.0 -32767.0 -32767.0 -0.1298592 -0.14127025 -0.2383199 -0.14278664 0.15947966 0.03763794 -0.06866284 0.07825781 0.21761344 0.1477162 0.17795275 0.11500402 -0.008756529 -0.0036132913 0.032188255 0.021179426 0.1104984 0.07958952 0.06737694 -0.023089096 -0.09735051 0.24100426 0.34646553 -0.0040352037 -0.17723303 -0.053144395 -0.019240474 -0.026691139 -0.009288761 0.027415704 0.020085992 0.16292137 0.114411525 -0.023369042 -0.23319012 -0.043827564
-32767.0 -32767.0 -32767.0 0.022877367 0.00030473887 0.030964619 0.05625077 0.0191503 0.022528233 0.019439997 -32767.0 -32767.0 -32767.0 -32767.0 -32767.0 -32767.0 -32767.0 -32767.0 -32767.0 -32767.0 -32767.0 0.06237556 -0.049565673 -0.26891595 -0.11774439 0.14093272 0.12630948 -0.052358504 -0.13159531 -0.14902468 -0.09339259 0.16550432 0.2567168 0.18150847 0.05885046 -0.070960894 -0.04298266 0.10962195 0.16531801 0.18960065 0.12523432 0.041291542 0.03994596 0.24313495 0.14406413 -0.25153393 -0.25499314 -0.044460904 0.15275145 0.029083446 0.0073333876 0.113068394 0.173989 0.2812745 0.16298819 -0.009214174 -0.07892499 0.13426882
-32767.0 0.039054763 -32767.0 0.03891185 -0.013572934 -0.010296327 0.07953016 0.055431597 0.09314822 0.036594976 0.029692996 -0.0613006 -32767.0 -32767.0 -32767.0 -32767.0 -32767.0 -32767.0 -32767.0 -32767.0 -32767.0 0.1634661 -0.11496703 -0.3958072 0.024840469 0.10698748 -0.0675187 0.040227015 0.16095886 0.051434427 -0.031153196 0.06563625 0.12978333 0.09166595 -0.10661994 -0.10736573 0.09000859 0.17932433 0.026564773 0.12763257 0.22986239 0.1954837 0.13181692 0.121462084 -0.04995521 -0.385944 -0.099596396 0.14299111 0.051449437 -0.08832105 -0.023963306 0.18538335 0.26693198 0.23230344 0.13984326 0.004791794 0.016467376 0.2103339
0.027537871 -32767.0 0.0033749351 -0.09469244 -0.07763848 -0.1016422 0.1371954 0.12708439 0.102722265 0.1455771 0.042838346 -0.0393514 -32767.0 -32767.0 -32767.0 -32767.0 -32767.0 -32767.0 -32767.0 -32767.0 -0.118743435 0.28831747 -0.22094539 -0.3741574 0.31420085 0.12432105 0.08449525 0.12030121 0.3007879 0.36484247 0.20373607 0.035634674 -0.061544113 -0.040539075 -0.13859859 -0.27068314 -0.07469525 0.053245503 -0.021607475 0.178162 0.3547167 0.20482937 0.103724115 -0.069412835 -0.26440877 -0.4307487 0.0042694137 -0.01855112 -0.12627563 -0.18263765 0.023153258 0.23993388 0.36946538 0.23033085 0.034756046 -0.063128814 -0.025279641 0.07633233
0.041036222 -32767.0 -0.005082163 -0.15604608 0.005191547 -0.0034003705 -0.008694493 0.13748658 0.20983692 0.20169023 0.053497016 -32767.0 -32767.0 -32767.0 -32767.0 -32767.0 -32767.0 -32767.0 -32767.0 -32767.0 -32767.0 -32767.0 0.072046205 -0.24490303 0.23404457 0.10964666 0.008450245 0.28273216 0.44201952 0.6532074 0.29883298 0.0061340593 0.004329631 0.021445164 -0.21540684 -0.34098458 -0.116619654 0.0132216215 0.110172 0.3290167 0.40977508 0.25362372 -0.050647758 -0.30323368 -0.41488218 -0.32207757 -0.08390711 -0.05538362 -0.18208705 -0.11064563 0.00056773284 0.17366305 0.28165466 0.10139001 -0.08830709 -0.115759216 0.012803519 -0.030010164
0.015961897 -0.008695638 -0.025554812 -0.08696697 -0.0038093003 -0.06776342 -0.10815611 0.016854249 0.17481798 0.19340044 0.04137266 -32767.0 -32767.0 -32767.0 -32767.0 -32767.0 -32767.0 -32767.0 -32767.0 -32767.0 -32767.0 -32767.0 -32767.0 -0.08745535 -0.09067603 -0.027538197 0.11834346 0.24481352 0.5198701 0.7579113 0.52952117 0.08693879 0.21818176 0.22624263 0.07040305 0.049209595 0.06875505 0.10478385 0.19019464 0.28269467 0.24845345 0.0023800728 -0.16986978 -0.33119604 -0.48193055 -0.19767198 -0.042248603 0.039909795 0.110196345 0.03398044 -0.017553316 0.004554566 0.017909717 -0.04548641 -0.1431259 -0.08190131 -0.0949864 0.05627306
-0.040193133 -0.060570426 -0.07546651 -0.075237535 -0.04445865 -0.12952442 -0.17362736 -0.037870884 0.19321659 0.05744353 0.01585735 -32767.0 -32767.0 -32767.0 -32767.0 -32767.0 -32767.0 -32767.0 -32767.0 -32767.0 -32767.0 -32767.0 -32767.0 -32767.0 -0.07786807 -0.047156792 0.087086685 0.41457906 0.55153024 0.7893654 0.68830854 0.19795308 0.124100596 0.0749472 0.094544 0.11227359 0.026748115 -0.010006004 0.030022832 0.08632409 -0.07696293 -0.124262266 -0.11510274 -0.36247596 -0.34338665 -0.06670224 0.1279763 0.37089542 0.33883408 0.11971584 -0.09380682 -0.21802872 -0.25386086 -0.21508902 -0.29909712 -0.31544515 -0.14363967 0.15585993
-0.066220954 -0.010714455 -0.053667657 -0.03298084 -0.04239045 -0.063343346 0.00900979 0.04486335 0.13073671 0.007784617 -32767.0 -32767.0 -32767.0 -32767.0 -32767.0 -32767.0 -32767.0 -32767.0 -32767.0 -32767.0 -32767.0 -32767.0 -32767.0 -32767.0 -32767.0 -0.12341411 0.046984468 0.45552137 0.53608465 0.7107888 0.72871244 0.26174906 0.031590983 -0.13038534 0.021430003 0.0152236605 -0.05202476 -0.08062489 -0.08419311 -0.03738744 -0.14791332 -0.051395155 0.058988187 -0.0028641447 -0.032355372 0.086005464 0.30019557 0.332631 0.107671686 -0.013927927 -0.07149264 -0.22087356 -0.22495984 -0.24751951 -0.31077957 -0.22665937 -0.15935954 0.09464209
-0.038361907 -0.0051063513 0.03550777 0.07712075 0.080785364 0.058767095 0.057143256 -0.023466911 0.12774636 -32767.0 0.07684357 -32767.0 -32767.0 -32767.0 -32767.0 -32767.0 -32767.0 -32767.0 -32767.0 -32767.0 -32767.0 -32767.0 -32767.0 -32767.0 -32767.0 -0.040827032 -0.049663834 0.17498565 0.35159138 0.9273016 0.47388688 0.07228516 -0.24392714 -0.12864512 0.13850124 0.17135535 0.1378976 0.029767185 -0.044623647 -0.07501449 -0.025082292 0.085384585 0.20837402 0.16806096 0.060321197 0.037391957 0.087382674 -0.010286876 -0.06686094 -0.102460526 -0.04353177 0.030354751 -0.113156445 -0.08458342 -0.26332185 -0.19277793 -0.063103974 0.03722327
0.032654345 0.09889291 0.12941806 0.14296441 0.101052046 0.009596904 0.00034456048 0.0003842092 0.016862825 0.04087558 0.13218705 0.038820256 -0.0075945556 -0.0092853075 -0.034531508 -0.0067191883 -32767.0 -32767.0 -32767.0 -32767.0 -32767.0 -32767.0 -32767.0 -32767.0 -32767.0 -32767.0 0.026220825 0.17384756 0.5938614 0.99424404 0.22035436 -0.10034393 -0.34320664 -0.16891806 0.13318568 0.14180602 0.10931227 0.06794798 0.05436037 0.07260857 0.19281389 0.2977972 0.2645115 0.16406038 -0.028043019 -0.12158006 -0.21183658 -0.19183522 -0.16655917 -0.19254349 -0.063239604 0.22606277 -0.08577084 -0.2645469 -0.0884232 -0.0685723 -0.0787565 0.041207302
0.03759499 0.088442825 0.14725377 0.055928413 0.017630657 -0.064768136 -0.14478205 -0.07107718 -0.01615813 -0.040599436 0.17206162 0.08097627 0.035111852 -0.06958149 -0.051791426 -0.009558216 -32767.0 -32767.0 -32767.0 -32767.0 -32767.0 -32767.0 -32767.0 -32767.0 -32767.0 -32767.0 -32767.0 0.0272115 0.5346751 0.86948055 0.33526677 -0.2669327 -0.3530392 -0.22996657 -0.20284863 -0.015821513 0.029699512 0.028587583 0.07551279 0.09220772 0.36541334 0.41708437 0.22089492 -0.03426248 -0.041032784 -0.057053257 -0.11190248 -0.22011445 -0.18802479 -0.1343473 -0.09928123 0.21840769 0.3066744 -0.06039158 -0.495654 -0.23429383 -0.06882977 0.47459546
-32767.0 0.18773256 0.011141116 0.02335688 0.022228388 -0.05032528 -0.10783335 -0.08834351 -0.0049121454 0.06216617 0.07689867 0.09143816 -0.028797558 -0.09831094 0.064648256 0.18144254 -0.026207948 -0.22244217 -32767.0 -32767.0 -32767.0 -32767.0 -32767.0 -32767.0 -32767.0 -32767.0 -32767.0 -32767.0 0.35635105 0.9067697 0.49772826 -0.08355218 -0.39688542 -0.451663 -0.38846797 -0.15155421 -0.029110774 0.035372484 0.05379429 0.20805033 0.37011874 0.34710905 0.23068392 -0.08482113 -0.16307515 -0.14078134 -0.18256451 -0.2972657 -0.18081217 -0.19919735 -0.20003708 -0.11607244 0.20174785 0.40110028 -0.035788875 -0.46305573 0.3517029 -32767.0
-32767.0 0.1980667 0.10460492 0.056896154 0.23877011 0.08991139 0.04023264 0.020030322 0.06297553 0.07866063 0.092749976 0.13037364 0.09444375 -0.0627935 0.05407099 -0.06044009 -32767.0 0.008511655 -32767.0 -32767.0 -32767.0 -32767.0 -32767.0 -32767.0 -32767.0 -32767.0 -32767.0 -32767.0 0.4071492 0.9176738 0.5348871 -0.13363263 -0.32444978 -0.5618867 -0.33621362 -0.07147199 -0.04189019 -0.058369186 -0.080286555 0.084879585 0.15931642 0.18627885 0.20545752 0.03775843 -0.16696694 -0.26627338 -0.27423507 -0.20332913 -0.1020638 -0.13526763 -0.1149376 -0.0011930382 0.10440628 0.07904098 0.2838081 0.07720794 0.047175683 -32767.0
0.21937361 0.24190934 0.2118888 0.24342287 0.16613252 0.20969906 0.2611397 0.20373958 0.13338153 0.12377697 0.096367896 0.09682491 0.10650944 0.15199703 -0.03421911 -32767.0 -32767.0 -32767.0 -32767.0 -32767.0 -32767.0 -32767.0 -32767.0 -32767.0 -32767.0 -32767.0 -32767.0 -32767.0 0.1848874 0.8313116 0.37668103 0.004682087 -0.16949876 -0.31446403 -0.23242868 -0.08809638 -0.12523904 -0.15685359 -0.16041772 -0.086903855 -0.020386903 0.054952092 0.2616219 0.091512494 -0.18116973 -0.28932709 -0.123607874 -0.020840755 0.04899727 -0.08008585 -0.13877086 -0.034883864 0.16627647 0.14237443 -0.037304237 0.5063423 0.15147409 -0.0269363
0.12217734 0.11598395 0.20201807 0.2370567 0.20652546 0.2732757 0.2616544 0.21689457 0.1745267 0.16103235 0.10822452 0.0384976 0.060707524 0.076191686 0.01899019 -0.0010547754 -32767.0 -32767.0 -32767.0 -32767.0 -32767.0 -32767.0 -32767.0 -32767.0 -32767.0 -32767.0 -32767.0 -32767.0 -0.2078163 0.7734328 0.5167617 0.14251412 0.031570166 -0.2260728 -0.07735864 -0.09856732 -0.25750428 -0.26416495 -0.19149905 -0.118604206 -0.024200082 0.21942282 0.32452837 0.21347935 -0.26690534 -0.07587902 -0.069150366 -0.049843226 0.03429861 0.12236982 0.06437231 0.025715195 0.07733338 0.089449346 0.06753431 0.4394028 -0.12128811 -32767.0
0.18254106 0.17503607 0.20170392 0.16774029 0.13631412 0.20949177 0.1444808 0.14315632 0.08526482 0.05506743 0.02230533 -0.020098783 -0.019622795 0.0485384 -0.09093877 -0.010044001 -0.049134172 -32767.0 -32767.0 -32767.0 -32767.0 -32767.0 -32767.0 -32767.0 -32767.0 -32767.0 -32767.0 -32767.0 -0.14930785 0.7458198 0.60605925 0.13379565 0.08731504 -0.14184955 -0.3435651 -0.051808417 -0.039054647 -0.11983 -0.15651168 -0.044894505 0.056844417 0.1955068 0.13660923 -32767.0 -0.028722728 -0.014176707 0.16286057 0.02738954 -0.11346833 0.05982953 0.106168345 0.11008062 0.14065863 0.1356243 0.39034513 -32767.0 -32767.0 -32767.0
0.20091534 0.20143786 0.15692113 0.07305269 0.08958141 0.15869321 0.06701344 0.025460456 -0.041640293 -0.029098615 -0.07902348 -0.09359687 -0.12972729 -0.10166103 -0.1499244 0.04915672 0.05830275 -32767.0 -32767.0 -32767.0 -32767.0 -32767.0 -32767.0 -32767.0 -32767.0 -32767.0 -32767.0 -32767.0 -32767.0 0.88656694 0.56302357 0.16105196 0.027696962 -0.35685512 -0.3680374 0.061009288 0.04780239 -0.14079295 -0.21072662 -0.1162079 -0.09247895 -0.0650761 0.03972171 0.08572443 0.18858886 0.3298258 0.4650817 0.19342576 -0.03524273 0.15917195 0.3048318 0.27314395 0.30206144 0.1809831 -0.21203248 -32767.0 -32767.0 -32767.0
0.21695027 0.17053105 0.17693755 0.16464153 0.17036498 0.1656387 0.06504541 -0.006671138 -0.057225496 -0.13437359 -0.1863631 -0.21987513 -0.2644324 -0.261592 -0.1884749 0.03578214 0.04487002 0.0036298486 -32767.0 -32767.0 -32767.0 -32767.0 -32767.0 -32767.0 -32767.0 -32767.0 -32767.0 -32767.0 0.4910922 0.86547875 0.43889856 -0.008866702 -0.17176105 -0.352339 -0.1508994 0.15143074 0.09501008 0.24658217 -0.18260157 -0.08191478 0.02680475 0.27092984 0.19477984 0.09991814 0.10267876 0.19235708 0.33149123 0.2070008 0.13454023 0.3096107 0.302081 -32767.0 0.054820664 0.10823555 0.07199594 -32767.0 -32767.0 -32767.0
0.15388587 0.16943848 0.21715365 0.2112636 0.17766005 0.157712 0.06019907 0.014534396 0.04710067 0.010823391 -0.0018359164 -0.13125415 -0.15698561 -0.1579847 -0.013411708 0.057029385 -0.05452182 -32767.0 -32767.0 -32767.0 -32767.0 -32767.0 -32767.0 -32767.0 -32767.0 -32767.0 -32767.0 -32767.0 0.6471702 0.7660511 0.14238353 -0.13533096 -0.22535346 -0.103045575 0.08357493 0.15862615 0.29054874 0.3457854 -0.14099525 -0.132732 0.3005046 0.15404707 -32767.0 -32767.0 0.19834702 0.1238969 -32767.0 -32767.0 -32767.0 -32767.0 -32767.0 -32767.0 -32767.0 -32767.0 -32767.0 -32767.0 -32767.0 -32767.0
0.07432228 0.0961036 0.1466963 0.18241376 0.14096914 0.040663015 0.017958235 -0.038934052 0.032969456 0.15242054 0.09854601 0.10152859 -0.08970383 -0.09331009 -0.005829294 -0.04421362 -32767.0 -32767.0 -32767.0 -32767.0 -32767.0 -32767.0 -32767.0 -32767.0 -32767.0 -32767.0 -32767.0 0.5533356 0.77128655 0.6122225 -0.20344856 -0.25768027 0.12707444 0.25585952 0.3941891 0.21223356 0.23618774 0.27131662 -0.03597258 0.02285957 0.006883203 -32767.0 -32767.0 -32767.0 -32767.0 -32767.0 -32767.0 -32767.0 -32767.0 -32767.0 -32767.0 -32767.0 -32767.0 -32767.0 -32767.0 -32767.0 -32767.0 -32767.0
-0.007951237 0.017688029 0.084003106 0.105882764 0.037050266 0.04181827 0.08657715 0.0074703973 0.023308385 0.034825813 0.0440279 0.19723102 -0.16967972 -0.24113911 -0.023504144 0.05331963 -32767.0 -32767.0 -32767.0 -32767.0 -32767.0 -32767.0 -32767.0 -32767.0 0.106364 -0.08601755 0.44462574 0.767844 0.5745753 0.19714135 -0.18202293 -0.008028908 0.14455172 0.46387276 0.4594408 0.12106131 0.2829019 0.32693815 0.10382923 -32767.0 -32767.0 -32767.0 -32767.0 -32767.0 -32767.0 -32767.0 -32767.0 -32767.0 -32767.0 -32767.0 -32767.0 -32767.0 -32767.0 -32767.0 -32767.0 -32767.0 -32767.0 0.04827955
0.017059568 0.00030638103 0.022386722 -0.0039959066 0.03450133 0.062450074 0.012826774 -0.041304976 -0.009926081 -0.0036377686 0.070954055 0.19715409 -0.0902013 -0.1561301 -0.049490385 0.054344382 -32767.0 -32767.0 -32767.0 -32767.0 -0.0035237055 0.10302273 0.08904885 0.0038197273 0.1427057 0.40854093 0.5241533 0.7065673 0.20247996 0.05004141 0.09578647 0.14360048 0.31003794 0.40403408 0.24004723 -0.002419989 0.23610516 0.14170602 -32767.0 -32767.0 -32767.0 -32767.0 -32767.0 -32767.0 -32767.0 -32767.0 -32767.0 -32767.0 0.10126314 -0.07744849 -32767.0 -32767.0 -32767.0 -32767.0 -32767.0 -32767.0 -32767.0 0.081088185
0.01653691 0.00053154945 -0.10805235 -0.118371025 -0.0032702736 0.084908284 0.008955999 -0.026193988 0.014537023 0.099346265 0.120180935 0.0856902 -0.024719121 -0.34019157 0.07143897 -32767.0 0.0024431406 -32767.0 0.027285058 -32767.0 0.0074946224 -32767.0 0.049200725 -0.03801029 -0.037555456 0.19084138 0.5979358 0.24463019 0.033961378 0.1129094 0.42248675 0.38606223 0.24191073 0.1457348 0.014131584 0.060344573 -32767.0 -32767.0 -32767.0 -32767.0 -32767.0 -32767.0 -32767.0 -32767.0 0.06784884 0.022197528 0.06472688 -0.027618725 0.19912933 -0.087382324 0.13811253 -0.053535644 -32767.0 -32767.0 -32767.0 -32767.0 -32767.0 0.02192637
0.09330846 0.020958953 -0.059215486 -0.075967334 -0.10121928 -0.11075846 -0.11494946 -0.112780936 -0.010125227 0.029531654 0.07314276 0.0055804816 -0.014290864 -0.07531653 -0.10588006 -0.021806391 0.059011083 0.031697676 0.039178535 0.0979792 0.082829736 0.1059453 0.3026232 0.28430995 0.20578697 0.2845878 0.43322185 -32767.0 0.23715992 0.3877372 0.3450145 0.25646016 0.060041916 -0.14800864 -32767.0 -32767.0 -32767.0 -32767.0 -32767.0 -0.07864255 -0.053010367 -0.15336427 -0.13961785 -0.06481733 -0.010715992 0.055605587 -32767.0 -32767.0 0.1136609 0.07333122 -0.042813968 -32767.0 -32767.0 -32767.0 -32767.0 -32767.0 -0.06373574 0.14941683
0.12696168 0.0418637 0.0045932373 -0.014201191 -0.06059521 -0.030120622 -0.046245746 -0.07810059 -0.03183305 0.0094440635 0.031988144 -0.093349434 -0.06888495 -0.03520965 -0.011049412 0.044349108 0.049952697 0.1861929 0.11726351 0.06808195 0.0552683 0.11480199 0.24768454 0.32812563 0.2728126 0.1733939 0.13186273 0.14163452 0.3007072 0.2957292 0.13177413 0.051120143 0.09100725 -0.047745004 0.0067103887 -32767.0 0.09942748 0.047692098 -32767.0 -0.10946439 -0.09074768 -0.08087228 -32767.0 -0.01144594 0.020704433 -32767.0 -32767.0 -32767.0 -32767.0 0.01697232 0.035396736 -32767.0 -32767.0 -32767.0 -32767.0 0.36308414 0.18014063 0.049624234
0.24565823 0.11117334 0.12742937 0.09812365 0.035301622 0.03020554 -0.034842234 -0.039782155 -0.013826751 -0.018578831 0.014695818 0.035675548 0.025168518 -0.036095854 -0.026095953 0.061992716 0.10603666 0.08182322 0.18269569 0.17006335 0.07954042 0.06501734 0.14482461 0.2903044 0.18993886 0.13080682 0.08423374 0.020659082 0.01625344 -32767.0 0.13410391 0.083113626 -32767.0 -32767.0 -0.016587302 0.10025991 0.2300668 0.030428678 0.29495555 0.35657525 -0.06513153 -32767.0 -32767.0 -32767.0 -32767.0 -32767.0 -32767.0 -32767.0 -32767.0 -0.25486314 0.060838476 -0.021354157 -32767.0 -32767.0 0.16454643 -0.09669401 -0.124860704 0.14481649
