static/data/seaWater_vo/2023/7/27/18.asc
ncols 137
nrows 93
xllcorner 108.0
yllcorner 17.0
cellsize 0.25
NODATA_value -32767
[rows 0 to 25 of 93, columns 58 to 115 of 137]
-32767.0 -32767.0 -32767.0 -32767.0 -32767.0 -32767.0 -32767.0 -32767.0 -32767.0 -32767.0 -32767.0 -32767.0 -32767.0 -32767.0 -32767.0 -32767.0 -32767.0 -32767.0 -32767.0 -32767.0 -32767.0 -32767.0 -0.18550156 -0.21858859 -0.2642765 -0.29039896 -0.0150705725 -0.078688994 -0.25901827 -0.15756114 0.05336078 -0.08291404 -0.10262136 -0.13312177 -0.14488485 -0.13564095 -0.17266573 -0.070466235 -0.070927106 -0.22216006 -0.20316507 -0.33015484 -0.04837954 0.3176622 0.34755346 -0.1436517 -0.32791603 -0.14858931 -0.089281835 -0.09878393 -0.08693533 -0.055588342 0.0658959 0.09910065 0.1292115 -0.034439325 -0.2857104 -0.021654367
-32767.0 -32767.0 -32767.0 -0.041201618 -0.043814227 -0.015889421 0.028784864 0.022512168 0.025923954 0.026636587 -32767.0 -32767.0 -32767.0 -32767.0 -32767.0 -32767.0 -32767.0 -32767.0 -32767.0 -32767.0 -32767.0 -0.08341155 -0.2595777 -0.477085 -0.17251894 0.03652153 0.030973574 0.040994365 0.11219819 0.092913434 0.12586376 0.14093283 0.0469781 0.020449463 -0.09842421 -0.27148217 -0.20401317 -0.1324384 -0.18147755 -0.27135321 -0.23613036 -0.20431593 -0.04613533 0.24460566 0.23693356 -0.31149057 -0.2338343 0.092642024 0.19559526 -0.045620464 -0.0721995 0.0612874 0.089504525 0.09312799 0.13192971 0.008255578 -0.19821662 -0.060199678
-32767.0 0.025550216 -32767.0 0.0018346991 -0.02508165 -0.015992537 0.040800713 0.04715003 0.074614905 0.04203698 0.03368355 -0.052527428 -32767.0 -32767.0 -32767.0 -32767.0 -32767.0 -32767.0 -32767.0 -32767.0 -32767.0 0.122611694 -0.2971757 -0.5759369 0.08503083 0.14471143 0.047094967 0.13315885 0.2072513 0.1365144 0.113969795 0.1189574 0.109997384 -0.049337026 -0.18112326 -0.39865428 -0.26425573 -0.16021188 -0.17525844 0.026193451 0.1423766 0.1463252 0.023552459 0.03885104 0.020267557 -0.42739913 -0.122283675 0.121655054 0.03154296 -0.14455478 -0.04668533 0.13668063 0.20506872 0.19585928 0.11894258 -0.094991885 -0.21040027 -0.14504077
0.0062396396 -32767.0 -0.02108292 -0.039634585 0.033523045 0.034760877 0.004333037 0.05674026 0.08985225 0.1265953 0.0079881875 0.055610616 -32767.0 -32767.0 -32767.0 -32767.0 -32767.0 -32767.0 -32767.0 -32767.0 -0.08835823 -0.059537046 -0.49425972 -0.42241338 0.11036187 0.04684419 0.011789953 0.27524698 0.21528159 0.22937527 0.11440493 -0.12184201 -0.0881577 -0.24876347 -0.45702812 -0.5137816 -0.12953308 -0.018028598 0.040451407 0.4147513 0.4582153 0.15839757 -0.060444042 -0.18739796 -0.15883464 -0.44239858 -0.13219562 0.010359056 -0.18540458 -0.2367017 0.051273704 0.3682704 0.33180285 0.1347645 0.030173102 -0.19951624 -0.23018481 -0.09479993
0.07193538 -32767.0 -0.0032318295 -0.12486597 0.020798529 0.05969714 0.046992056 0.118588716 0.1782048 0.17664073 0.0516746 -32767.0 -32767.0 -32767.0 -32767.0 -32767.0 -32767.0 -32767.0 -32767.0 -32767.0 -32767.0 -32767.0 -0.099671215 -0.3858268 -0.076802224 0.059443433 0.073301524 0.01739066 0.07295748 0.45519537 0.14814262 -0.24556161 -0.13098483 -0.1486641 -0.4635703 -0.4774476 -0.045435283 0.16039982 0.15317808 0.42613766 0.29103905 0.13080505 -0.104956634 -0.24813338 -0.34115118 -0.40082508 -0.17419799 -0.16261339 -0.22313258 -0.07915824 0.0316836 0.23724817 0.37485325 0.11838946 -0.10029276 -0.27997833 -0.270051 -0.15566912
0.13898179 0.08786869 0.005213323 -0.05032561 0.018344553 -0.0028207314 0.028951563 0.06341613 0.17482232 0.22676452 0.015172536 -32767.0 -32767.0 -32767.0 -32767.0 -32767.0 -32767.0 -32767.0 -32767.0 -32767.0 -32767.0 -32767.0 -32767.0 -0.12761854 -0.3575739 -0.101790085 0.030889586 0.01277621 0.11439576 0.43806937 0.21445258 -0.18877539 -0.014804539 -0.05111547 -0.19345704 -0.16565695 -0.10437314 -0.050433155 -0.00875188 0.03598846 0.23082308 0.057350118 -0.13137041 -0.34107476 -0.48776758 -0.19631788 -0.086711414 0.04163263 0.15396105 0.15508471 0.08891142 0.10321815 0.068071865 -0.079414636 -0.2999961 -0.22747208 -0.17585376 -0.15783687
0.2164901 0.14001273 0.037916366 -0.05714487 -0.09514969 -0.1585286 -0.065041594 0.10349352 0.187274 -0.006610245 -0.011290578 -32767.0 -32767.0 -32767.0 -32767.0 -32767.0 -32767.0 -32767.0 -32767.0 -32767.0 -32767.0 -32767.0 -32767.0 -32767.0 -0.23969568 -0.21955052 -0.20618683 0.0006712172 0.1790048 0.503525 0.3739837 -0.0139603475 -0.023908049 -0.04235191 -0.053074427 -0.015543376 -0.044456072 -0.12977803 -0.12899938 0.07606223 0.082814604 -0.011087272 -0.14899054 -0.28404316 -0.2787138 -0.0490394 0.17617725 0.4203507 0.42885375 0.3033242 0.14299619 -0.012764049 -0.13672344 -0.28959325 -0.44786263 -0.27289426 -0.19049525 -0.03858643
0.13960285 0.041065607 -0.07198166 -0.115182795 -0.20033748 -0.22905268 -0.14258577 -0.01601346 0.12553976 -0.014198687 -32767.0 -32767.0 -32767.0 -32767.0 -32767.0 -32767.0 -32767.0 -32767.0 -32767.0 -32767.0 -32767.0 -32767.0 -32767.0 -32767.0 -32767.0 -0.2843761 -0.31693166 0.035948116 0.45685863 0.7057104 0.36207902 0.06698651 -0.15576838 -0.2616956 -0.048607334 0.061001707 -0.033985052 -0.11395731 -0.22131789 -0.00036003394 -0.12561175 -0.10745194 -0.042570576 -0.08448295 -0.051983174 0.08547589 0.41821444 0.44229218 0.31525362 0.1692132 0.08575021 0.08449438 -0.0005172513 -0.15765794 -0.36661392 -0.4794457 -0.26472813 -0.014452697
-0.022518571 -0.059480567 -0.088578515 -0.16917615 -0.20018668 -0.22969477 -0.16760394 -0.12878573 0.0554165 -32767.0 0.008426314 -32767.0 -32767.0 -32767.0 -32767.0 -32767.0 -32767.0 -32767.0 -32767.0 -32767.0 -32767.0 -32767.0 -32767.0 -32767.0 -32767.0 -0.15875827 -0.22289227 0.086712256 0.30952013 0.76583 0.12001596 -0.011048324 -0.33976957 -0.10643648 0.15681815 0.16043597 0.030950127 -0.053792175 -0.1180305 -0.07261949 0.017581888 0.13956589 0.21698254 0.15671174 0.12628336 0.16610287 0.18253589 0.15276746 0.039583877 0.008320617 0.00020644069 0.12801656 -0.026119651 -0.03881422 -0.12169261 -0.20620222 -0.11538057 0.03558248
0.009902215 -0.022220884 -0.03410884 -0.017460447 -0.09702583 -0.11956715 -0.060058802 -0.057086244 -0.006176361 -0.13940287 0.009011449 -0.009547922 0.009821817 -0.03560768 0.008900874 0.016749777 -32767.0 -32767.0 -32767.0 -32767.0 -32767.0 -32767.0 -32767.0 -32767.0 -32767.0 -32767.0 -0.12760842 -0.08483277 0.6546592 0.76444304 0.034966223 -0.15501316 -0.4034155 -0.0950661 0.10745506 0.21415524 0.16026613 0.100629635 0.048554502 0.10131508 0.21861076 0.39773902 0.35034797 0.315947 0.22347689 0.08669275 -0.06135359 -0.08354344 0.027205803 -0.08497041 0.14331436 0.32051036 0.026155569 -0.34051412 -0.20487468 -0.07829604 0.024780145 0.21905035
0.03316649 0.037598908 -0.08108427 -0.0035600294 -0.001681084 0.031952865 0.08036836 0.005946252 -0.079266615 -0.15898202 -0.08116738 0.02444766 0.009010045 -0.07939724 0.0049196547 0.074757785 -32767.0 -32767.0 -32767.0 -32767.0 -32767.0 -32767.0 -32767.0 -32767.0 -32767.0 -32767.0 -32767.0 -0.123299904 0.67135334 0.6518882 0.10855044 -0.4000944 -0.34650126 -0.12745309 -0.20101538 0.040352333 0.09626901 0.10358194 0.109904155 0.23811963 0.41782424 0.5314505 0.31512934 0.09049212 0.16182794 0.040043786 -0.108340934 0.06079654 0.03598164 -0.08288979 -0.14981844 0.23782542 0.3744936 -0.0570111 -0.29348582 -0.065546244 0.06702115 0.5266228
-32767.0 0.12020533 -0.08749761 -0.030663507 0.0077871867 -0.04374367 -0.08571776 -0.089996725 -0.048305392 -0.15045245 -0.14498979 -0.11266778 -0.012369995 -0.07331488 0.089881174 0.28091884 0.07120689 -0.08678512 -32767.0 -32767.0 -32767.0 -32767.0 -32767.0 -32767.0 -32767.0 -32767.0 -32767.0 -32767.0 0.15422355 0.6770977 0.24980995 -0.31549695 -0.47924995 -0.26690546 -0.2651329 0.016311917 0.121061705 0.16964886 0.123460665 0.27035713 0.450577 0.51193947 0.23810016 0.07991627 0.10380324 0.011280291 0.01657947 0.007909503 0.10349074 -0.06408458 -0.21433999 0.229337 0.3309784 0.5781754 -0.10156305 -0.04116487 0.4074379 -32767.0
-32767.0 0.074544206 -0.02671695 -0.09198143 -0.04924977 -0.10838072 -0.12670416 -0.09564947 -0.07995908 -0.09402993 -0.14660779 -0.12477823 -0.005024616 -0.045202296 0.10472441 0.09173865 -32767.0 0.1565642 -32767.0 -32767.0 -32767.0 -32767.0 -32767.0 -32767.0 -32767.0 -32767.0 -32767.0 -32767.0 0.2794087 0.74605656 0.36842597 -0.2375541 -0.35186628 -0.42440864 -0.1258332 0.069024175 0.13504885 0.12877093 0.17503974 0.24389015 0.28024727 0.39420033 0.40996256 0.06301512 -0.004993394 0.03364399 0.07242727 0.06369117 0.09543312 0.087307684 -0.06857276 -0.08185115 0.024792964 0.018640548 0.3461708 0.49464932 0.26426005 -32767.0
0.011703964 0.0007815808 0.033773072 0.042064834 -0.04559084 -0.09090927 -0.05864365 -0.048579846 0.031871412 0.033103585 -0.021411031 -0.021148823 -0.006415454 0.16357562 -0.044107903 -32767.0 -32767.0 -32767.0 -32767.0 -32767.0 -32767.0 -32767.0 -32767.0 -32767.0 -32767.0 -32767.0 -32767.0 -32767.0 0.23090361 0.7819577 0.2702495 -0.08229816 -0.11452238 -0.20424412 -0.0041658143 0.15567106 0.2021937 0.1576405 0.1499627 0.20339206 0.15041476 0.23077138 0.37005708 0.20953795 -0.061667554 0.034297615 0.13845016 0.10694243 -0.015499477 -0.018655496 -0.045987155 -0.13478921 -0.030792825 -0.05276004 -0.0063498192 0.75972724 0.33212134 0.10729087
0.09920072 0.074098565 0.108071156 0.05439213 -0.013148276 0.09555524 0.14911892 0.15338768 0.15196428 0.1612081 0.11763433 0.051535357 0.11738022 0.21075416 0.108080536 0.08103276 -32767.0 -32767.0 -32767.0 -32767.0 -32767.0 -32767.0 -32767.0 -32767.0 -32767.0 -32767.0 -32767.0 -32767.0 -0.21211293 0.7289967 0.5374389 0.12107186 0.09340151 -0.1404674 0.08723226 0.17951639 0.026825825 0.053895507 0.057900276 0.09907541 0.119162664 0.29407454 0.5011929 0.32273924 -0.07986252 0.10513647 0.1811756 0.10063581 -0.01860758 -0.15089795 -0.15630667 -0.20388924 -0.24655424 -0.097762346 0.17204641 0.6428478 0.045320354 -32767.0
0.119434156 0.14851063 0.16307026 0.17803596 0.07827792 0.21832743 0.2948699 0.3073248 0.335863 0.3279734 0.30412516 0.26247242 0.23996131 0.25957808 0.1214961 0.039277423 -0.012437194 -32767.0 -32767.0 -32767.0 -32767.0 -32767.0 -32767.0 -32767.0 -32767.0 -32767.0 -32767.0 -32767.0 -0.2703345 0.6053071 0.63861793 0.17464705 0.17400633 -0.03671658 -0.12851605 0.18535857 0.23504196 0.03234963 -0.032560453 -0.024607964 0.16263326 0.3770769 0.34886605 -32767.0 0.024665043 0.063494764 0.15634379 0.18238041 0.04052415 -0.0019297781 -0.027526869 -0.017111028 0.08144315 0.18937317 0.53002965 -32767.0 -32767.0 -32767.0
0.18461211 0.19146003 0.25284985 0.2087437 0.14739957 0.31580627 0.33568802 0.34109792 0.31323913 0.35438296 0.3791568 0.36496332 0.33794144 0.3132753 0.09051954 0.12306295 0.023205645 -32767.0 -32767.0 -32767.0 -32767.0 -32767.0 -32767.0 -32767.0 -32767.0 -32767.0 -32767.0 -32767.0 -32767.0 0.7850801 0.6264574 0.18217956 0.19467309 -0.15825841 -0.0053007514 0.3783655 0.3886152 0.22112677 0.055260256 0.09093661 0.07717191 0.1743169 0.07922497 -0.03617381 -0.07101254 -0.011330005 0.21436167 0.11439303 -0.12668566 -0.005751999 -0.016778246 0.21976715 0.39145172 0.3702734 -0.011047506 -32767.0 -32767.0 -32767.0
0.17027962 0.18666923 0.19659491 0.20514044 0.21005501 0.26644155 0.27853897 0.21399207 0.17875217 0.22626434 0.26402014 0.32158512 0.31628814 0.27805597 0.13161956 0.1574166 0.07979812 0.09009212 -32767.0 -32767.0 -32767.0 -32767.0 -32767.0 -32767.0 -32767.0 -32767.0 -32767.0 -32767.0 0.39651805 0.79420626 0.45668307 0.12110955 0.16058345 -0.08029643 0.15077779 0.37728396 0.35691532 0.41583577 -0.0079231355 0.037763394 0.013288254 0.13319317 0.33196288 0.20879339 0.21891822 0.20751788 0.066212706 0.3743544 0.09997137 0.101533934 0.04197353 -32767.0 0.05642182 0.15760571 0.19009984 -32767.0 -32767.0 -32767.0
0.20272061 0.19053459 0.22819538 0.24135317 0.2803124 0.34990317 0.27377048 0.19186196 0.124065384 0.076077856 0.037620462 0.07405587 0.19156589 0.10008501 0.0893073 0.18766335 0.029831612 -32767.0 -32767.0 -32767.0 -32767.0 -32767.0 -32767.0 -32767.0 -32767.0 -32767.0 -32767.0 -32767.0 0.5672184 0.6894574 0.19161409 0.11898219 0.15689617 0.15530278 0.35488826 0.48196644 0.43572915 0.4485778 0.05154633 -0.1322022 0.33800003 0.24095976 -32767.0 -32767.0 0.07429586 -0.01975244 -32767.0 -32767.0 -32767.0 -32767.0 -32767.0 -32767.0 -32767.0 -32767.0 -32767.0 -32767.0 -32767.0 -32767.0
0.2416235 0.21174076 0.25102362 0.2895313 0.32994136 0.27760288 0.3482536 0.26834437 0.21983115 0.27669147 0.18291429 0.2047396 0.050684232 0.018830601 0.20056316 0.04313954 -32767.0 -32767.0 -32767.0 -32767.0 -32767.0 -32767.0 -32767.0 -32767.0 -32767.0 -32767.0 -32767.0 0.554778 0.6772188 0.61437315 -0.15780027 -0.01264841 0.10563688 0.24428488 0.5909506 0.55164427 0.44062665 0.39064455 0.14759587 0.10300611 0.089273244 -32767.0 -32767.0 -32767.0 -32767.0 -32767.0 -32767.0 -32767.0 -32767.0 -32767.0 -32767.0 -32767.0 -32767.0 -32767.0 -32767.0 -32767.0 -32767.0 -32767.0
0.23539352 0.18840066 0.22356348 0.34246507 0.28396025 0.23648551 0.29303125 0.35376325 0.34614265 0.30062944 0.26761955 0.40998554 0.041746613 -0.0009795188 0.0038725415 0.03671345 -32767.0 -32767.0 -32767.0 -32767.0 -32767.0 -32767.0 -32767.0 -32767.0 0.09449087 -0.041491184 0.13254923 0.5876002 0.53573847 0.3283307 0.066104874 0.19569641 0.27176628 0.39338073 0.63339514 0.31139737 0.05919227 0.041555133 0.02743469 -32767.0 -32767.0 -32767.0 -32767.0 -32767.0 -32767.0 -32767.0 -32767.0 -32767.0 -32767.0 -32767.0 -32767.0 -32767.0 -32767.0 -32767.0 -32767.0 -32767.0 -32767.0 0.03474723
0.19076823 0.18410367 0.24723054 0.3161618 0.30608398 0.33796534 0.3038572 0.32554695 0.3310286 0.3084668 0.24559875 0.15794285 -0.04719136 -0.038133755 -0.045868088 0.022161644 -32767.0 -32767.0 -32767.0 -32767.0 -0.066840015 -0.011285211 -0.19144168 -0.11564433 -0.10421583 0.1182403 0.37545195 0.71335244 0.23915431 0.25006756 0.19810058 0.28190696 0.39738423 0.4617863 0.35165673 0.099173896 0.13487789 0.06667084 -32767.0 -32767.0 -32767.0 -32767.0 -32767.0 -32767.0 -32767.0 -32767.0 -32767.0 -32767.0 0.23535243 0.059784513 -32767.0 -32767.0 -32767.0 -32767.0 -32767.0 -32767.0 -32767.0 -0.03576988
0.20239717 0.22284693 0.21672419 0.29463124 0.2947232 0.30525807 0.33804432 0.36805582 0.38480043 0.355383 0.21512997 0.15874045 0.069252826 -0.25401768 0.083696835 -32767.0 -0.016692234 -32767.0 -0.0022244435 -32767.0 -0.056629825 -32767.0 -0.0659074 -0.08802165 -0.114194535 0.10795832 0.61451447 0.25542048 0.06376849 -0.061303042 0.15357956 0.3782484 0.38722137 0.37358803 0.15077992 0.17180927 -32767.0 -32767.0 -32767.0 -32767.0 -32767.0 -32767.0 -32767.0 -32767.0 0.015583266 -0.019093664 -0.06621899 -0.01764255 0.1281307 0.08489314 -0.0047841687 -0.11920285 -32767.0 -32767.0 -32767.0 -32767.0 -32767.0 -0.017884258
0.17875105 0.10702038 0.08736094 0.19217046 0.31029293 0.28805065 0.26176822 0.27857608 0.2686339 0.2858637 0.24996963 0.10270474 0.054036565 0.076758265 -0.0324897 -0.03610749 0.0019583856 0.038808618 0.024904592 0.06884152 0.07476569 0.018535435 0.16825786 0.24535125 0.18728508 0.2887688 0.52218056 -32767.0 0.18455626 0.32115683 0.329691 0.18052956 0.17804742 0.13524942 -32767.0 -32767.0 -32767.0 -32767.0 -32767.0 -0.21535392 -0.28381163 -0.15215063 -0.08776294 -0.08946417 -0.013059174 0.02938194 -32767.0 -32767.0 -0.012101279 0.012993966 -0.19848499 -32767.0 -32767.0 -32767.0 -32767.0 -32767.0 -0.04051556 0.0017324878
0.108965315 0.061626587 0.011350473 0.04254171 0.06772661 0.077427976 0.1055244 0.14779806 0.20302752 0.19026706 0.19879952 0.022924094 0.059133373 0.13995035 0.1859123 0.14264743 0.116384536 0.24689345 0.21700545 0.094234884 0.0572508 0.10108477 0.25470594 0.33550426 0.3163075 0.23019022 0.19384816 0.20516758 0.35382715 0.1877806 0.08478407 -0.048301954 0.16018471 0.04094366 0.027241683 -32767.0 -0.023248293 -0.047222063 -32767.0 -0.17049326 -0.105601124 -0.22877476 -32767.0 0.012356452 0.0033956335 -32767.0 -32767.0 -32767.0 -32767.0 -0.14740808 -0.10945381 -32767.0 -32767.0 -32767.0 -32767.0 0.09770024 -0.043713145 -0.19129285
0.070561804 -0.0229991 -0.04186699 -0.065118946 -0.0410574 -0.03817638 0.0038388942 0.06345899 0.106229514 0.11892396 0.0814647 0.064018376 0.117935576 0.113790356 0.12277385 0.14025317 0.17802012 0.17491113 0.27179325 0.26498613 0.16563202 0.13762468 0.19096182 0.32678092 0.25425705 0.1861972 0.16051775 0.22360851 0.18286645 -32767.0 0.15397802 0.13328741 -32767.0 -32767.0 0.00063922844 -0.115270644 -0.038214445 -0.17163998 -0.016597364 0.16534984 -0.15144725 -32767.0 -32767.0 -32767.0 -32767.0 -32767.0 -32767.0 -32767.0 -32767.0 -0.26301092 -0.07731636 0.049263775 -32767.0 -32767.0 0.0047710137 -0.2453674 -0.28983733 -0.17484702
