static/data/seaWater_vo/2023/7/27/6.asc
ncols 137
nrows 93
xllcorner 108.0
yllcorner 17.0
cellsize 0.25
NODATA_value -32767
[rows 26 to 51 of 93, columns 58 to 115 of 137]
0.13282599 0.13025151 0.2799169 0.3406871 0.3331863 0.2629585 0.20931578 0.24652328 0.2569811 0.25332165 0.23212603 0.20124966 0.31121784 0.45711276 0.3385189 0.14969702 -32767.0 -32767.0 0.022542639 0.3932882 0.27700025 0.16027093 0.17266317 0.2806948 0.24850506 0.16528797 0.033552993 0.06387802 -0.037367065 -0.115592904 -0.031161793 -32767.0 -32767.0 -32767.0 -32767.0 -32767.0 -32767.0 -0.12011087 -0.01006034 0.11290974 -32767.0 -32767.0 -32767.0 -32767.0 -32767.0 0.048339345 -32767.0 0.25236228 0.34722456 0.34814346 0.19631729 -0.054103438 0.072922766 -32767.0 -0.0043808646 -0.07455079 0.16335881 0.28530514
0.18864596 0.10150686 0.113317095 0.2315888 0.25050515 0.24528049 0.22336681 0.23780791 0.25419286 0.24329267 0.22205628 0.33517572 0.4013068 0.38046739 0.22067213 -32767.0 -32767.0 0.22823626 0.23466425 0.44895148 0.46118394 0.3015909 0.23700747 0.23350988 0.16583179 -0.019254435 -0.06063084 -0.19593664 -32767.0 -32767.0 -32767.0 -32767.0 -32767.0 -32767.0 -32767.0 -32767.0 -32767.0 -0.17897996 0.08901498 0.26171592 -32767.0 -32767.0 -32767.0 0.048236057 0.13500418 0.21148725 0.11723112 0.17787164 0.2706572 0.37916833 0.3308731 -0.13708003 0.1934461 0.058435105 -0.18323416 -0.01965441 0.0481781 0.14770295
0.21906446 0.2520641 0.07158413 0.10887298 0.076971196 0.08423365 0.087752365 0.11607076 0.12904526 0.10910662 0.13059187 0.17771102 0.26522684 0.3028428 0.25558105 0.21051045 0.16219741 0.18510737 0.25262967 0.46979392 0.45525923 0.38370305 0.29359916 0.1786236 0.003956794 0.030990817 -32767.0 -0.16435312 -0.1801087 -32767.0 -32767.0 0.011107309 -32767.0 -32767.0 -32767.0 -32767.0 -32767.0 -32767.0 0.048438348 0.31921223 -32767.0 -32767.0 0.17280568 0.25551042 0.2742273 0.2925651 0.24829455 0.16544245 0.22407177 0.14532703 -0.072994776 -0.020363977 -0.10568298 -0.26546508 -0.2505323 -0.12411511 -0.011941605 0.10063953
0.2651008 0.21280941 0.22439191 0.27131417 0.23461194 0.23658516 0.098380774 0.019920487 -0.0054902895 -0.023234963 0.027966844 0.17378618 0.3260216 0.31322235 0.2022511 0.22224033 0.18740663 0.2617618 0.4072988 0.41442806 0.44878352 0.4363548 0.3420838 0.147269 -0.057036024 -32767.0 -0.020703316 -0.07879333 0.21657729 0.08859633 0.14614472 -32767.0 -0.026472736 -32767.0 -32767.0 -32767.0 -32767.0 -32767.0 0.3862439 0.38670918 0.21037714 0.27561837 0.3126966 0.37816453 0.3798451 0.3509457 0.3019863 0.18383089 -0.20601083 -0.29618356 -0.120797075 -0.19531742 -0.24568318 -0.19156373 -0.04562128 0.011799882 0.054036234 0.078374155
0.2712854 0.13023874 0.30900696 0.32401395 0.2918605 0.25725648 0.21005216 0.24680589 0.13785158 0.034638826 0.039174225 0.16837493 0.27798185 0.30973706 0.18122019 0.23014104 0.3098181 0.37497795 0.37433186 0.37133402 0.3722602 0.3990344 0.37325358 0.21294396 0.040475663 0.02713475 0.0340666 0.056308705 0.12097047 0.27015048 0.1324048 0.13349776 0.039851673 -32767.0 -32767.0 -32767.0 -32767.0 0.46907336 0.3597559 0.053697877 0.08210276 0.3325359 0.48371655 0.5611633 0.538591 0.41441226 0.24956332 0.039359063 -0.2619483 -0.5937339 -0.2632581 -0.19278045 -0.13919336 -0.031827077 -0.022500735 -0.09423411 -0.079029605 0.024582643
0.3683514 0.30349842 0.42583388 0.44779077 0.35389125 0.25104287 0.16887861 0.13629892 0.1723766 0.16963191 0.098233245 0.20574453 0.26645294 0.39186633 0.3464159 0.31335333 0.42679697 0.37129983 0.32889655 0.33237946 0.40806878 0.49275678 0.39079547 0.2622219 0.18073086 0.13821363 0.12048543 0.11035271 -0.020498035 0.07418024 0.30016237 0.10511869 -0.06768015 -32767.0 -32767.0 -32767.0 -32767.0 0.44340348 0.12306121 -0.17145655 -0.28111193 0.6780138 0.9004491 0.7663915 0.5910082 0.41545022 0.17310815 -0.12033021 -0.46827272 -0.82622635 -0.44480518 -0.24051578 -0.12593858 -0.06570897 0.0028678074 -0.058635682 -0.16217203 -0.13197918
0.40466553 0.35552922 0.46492064 0.5825502 0.43051556 0.30966154 0.28444725 0.2386596 0.21425259 0.10997895 0.10559891 0.16111612 0.30152577 0.447334 0.41126838 0.40763214 0.3132097 0.32114008 0.30900502 0.32380545 0.51695174 0.47760218 0.4115893 0.2771469 0.25692 0.24966928 0.22166413 0.14026833 0.013219108 -0.16405478 0.045152597 -32767.0 -32767.0 -32767.0 -32767.0 -32767.0 0.18633527 0.30092746 0.37110004 0.19420737 0.59644014 0.86203825 0.8488482 0.7763111 0.6721951 0.45258662 0.26115078 -0.02883995 -0.3930684 -0.6424499 -0.7244931 -0.4805005 -0.2522402 -0.079991855 0.04752194 0.08654056 -0.17495443 -0.24291138
0.43800882 0.21861883 0.37364358 0.45444047 0.35095015 0.2879773 0.22207177 0.29994613 0.22222576 0.114707835 0.03965752 0.10402694 0.26345095 0.3765867 0.37622908 0.3289765 0.23281364 0.3090219 0.29425588 0.4182396 0.5139796 0.45145008 0.41946992 0.27710852 0.23489407 0.23829928 0.17343193 0.09199091 0.010728628 -0.1874187 0.0143706165 -32767.0 -32767.0 -32767.0 -32767.0 -32767.0 0.27609676 0.5670818 0.38849962 0.32856563 0.5995317 0.8629616 0.88076335 0.78342927 0.6773827 0.4789457 0.24844345 0.051632073 -0.20716493 -0.3521583 -0.49507475 -0.5685308 -0.51068175 -0.48856616 -0.4442188 -0.031855 -0.10103599 -0.19717056
0.4290025 0.13445356 0.13688716 0.20207766 0.1861668 0.24334998 0.20000163 0.22097206 0.3568372 0.075212084 0.10222391 0.13769305 0.21791592 0.3312146 0.35503972 0.32094836 0.27103016 0.34564415 0.4078804 0.44494158 0.50742835 0.35814413 0.33292994 0.23942848 0.21753637 0.1645653 0.16525069 0.031321447 -0.015768029 -0.11596028 0.10059013 0.1021455 -32767.0 0.13346054 -32767.0 -32767.0 0.5494048 0.55327964 0.33270046 0.5059911 0.8332712 1.0618302 1.0084419 0.77668566 0.6967986 0.4770862 0.22642498 0.03307303 -0.11387243 -0.23112474 -0.3232099 -0.41210097 -0.5477124 -0.6807672 -0.70861787 -0.55871964 -0.14555424 -0.1800659
0.43438926 0.31544164 0.16025008 0.049406264 0.073309176 0.14937867 0.17965427 0.38755834 0.26028857 0.28326494 0.25449085 0.22908513 0.2584132 0.37380007 0.3864963 0.37131062 0.3018644 0.33029506 0.4289846 0.50522184 0.46438897 0.34130135 0.3024888 0.22720231 0.21657354 0.1359992 -0.00094143185 0.012703778 -0.01974138 -0.039073322 0.02254854 0.14908877 0.036444474 0.1450463 -32767.0 -0.05399013 0.5351073 0.64884573 0.43932617 0.74708426 1.1060251 1.2603378 1.0752045 0.62854993 0.6190596 0.39624313 0.20620449 0.061283365 -0.019934455 -0.07506033 -0.15702425 -0.2707247 -0.40824622 -0.60039985 -0.78817517 -0.83594733 -0.5761301 -0.27034596
0.26229146 0.27354386 0.20323592 0.24335782 0.15132883 0.078952484 0.045839317 0.20736606 0.21253501 0.31867483 0.30759224 0.20669162 0.27575764 0.31743783 0.29402196 0.31501016 0.36329314 0.37538216 0.35822767 0.381014 0.32371923 0.2998444 0.23998548 0.27047193 0.22661585 0.14164527 0.04941078 -0.03148925 -0.0320744 -0.033610903 -0.025570136 0.07687311 -0.08989983 -32767.0 0.77606624 -0.18447521 -0.6182836 0.7437775 0.24789661 0.73552465 1.2285982 1.4770104 1.064941 0.4278987 0.46052223 0.3064789 0.14179109 0.03646164 0.062202126 -0.06590911 -0.06795487 -0.10819484 -0.24810548 -0.43770564 -0.670967 -0.8861731 -0.8679215 -0.47606698
0.16370705 0.38341066 0.34849173 0.16992635 0.17932767 0.028417595 -0.019460514 0.08784985 0.1895496 0.2467759 0.15182805 0.21398617 0.2825723 0.3095463 0.24325117 0.28264466 0.36553273 0.37326074 0.37492466 0.22616453 0.21513756 0.22785735 0.18378322 0.19409668 0.2638085 0.23935173 0.14502732 0.08927143 0.084722504 0.057041544 0.025153432 -0.07913965 0.0899643 0.15407927 0.23738205 0.3773865 0.044204053 0.025246141 0.3132788 0.643724 1.4542501 1.6523108 0.89319706 0.22382073 0.3663347 0.27653676 0.11685747 0.008046695 -0.058484886 -0.093693696 0.108369954 0.07897424 -0.08451767 -0.234271 -0.5007363 -0.77823657 -0.95302063 -0.58700395
0.21105357 0.12179422 0.18654908 0.18271445 0.18536478 0.10010314 -0.10813959 0.005104259 0.059732575 0.09943805 0.1311941 0.1464277 0.19523337 0.30066714 0.32908028 0.3597217 0.42455465 0.3734715 0.28576437 0.19900374 0.22309676 0.23778811 0.15261097 0.093004584 0.17491321 0.267473 0.28903362 0.26025793 0.20547025 0.09279621 0.022392705 -32767.0 0.008460532 -0.47419173 -32767.0 0.3859787 -0.012572194 -0.14106886 0.23515703 0.7441422 1.4885031 1.5409414 0.7833289 0.31907183 0.39914036 0.31863186 0.13285668 0.022767361 -0.0848759 0.04133212 0.08498599 0.16985829 -0.05910346 -0.2884692 -0.41099364 -0.5795384 -0.747107 -0.49692047
-32767.0 0.11605958 0.15190588 0.23377322 0.18210953 0.05388413 -0.070660725 -0.07699969 0.006812968 0.003930923 -0.007990787 -0.0030098383 0.10329314 0.17065084 0.24930742 0.2841953 0.26562098 0.22138771 0.2772322 0.18663676 0.13133126 0.24941951 0.2365019 0.15248084 0.111308366 0.15358697 0.21782796 0.25632098 0.27955964 0.23754615 0.0105357235 -0.6357125 -32767.0 -0.895894 0.5072094 0.17842276 -0.08957063 0.01566921 0.35833818 0.8219076 1.4205713 1.1429116 0.70815057 0.60928434 0.40430677 0.25711018 0.11322452 0.028005049 0.015032889 0.0449381 0.09133855 0.2096667 -0.08032517 -0.32613263 -0.45377883 -0.45352706 -0.4445825 -0.14980473
0.1199732 0.19736195 0.19274132 0.23662792 0.15540288 0.0111320205 0.00903404 -0.0582396 -0.09082248 -0.06658672 0.019949296 -0.017396858 -0.04931802 0.07228221 0.2066197 0.20519538 0.20403157 0.08341984 0.16914934 0.17964523 0.26707193 0.3670228 0.36795375 0.2666223 0.1414266 0.078675635 0.094938315 0.1656589 0.25156084 0.32125342 0.071694605 -0.19568837 -0.47354564 -0.017813668 -0.10942197 0.1289932 0.1520985 0.23533751 0.48164135 0.8507344 1.2007645 0.8036161 0.51382965 0.6002757 0.34139094 0.20557289 0.08284436 0.16391057 0.20547773 0.15002467 0.050576173 0.19487096 -0.034966554 -0.23408948 -0.46500626 -0.34574354 -0.14317787 0.1972143
0.0890224 0.21541539 0.2566538 0.32303047 0.36034903 0.23748161 0.06996797 -0.0744845 0.0013099704 -0.016624043 -0.0077972035 0.030075997 -0.013072917 0.07211654 0.22409756 0.18824004 0.18061823 0.15324664 0.15060668 0.2726154 0.42574927 0.60193753 0.5981162 0.48387975 0.3875091 0.2774356 0.2256333 0.20914565 0.28382903 0.16144694 -0.03846614 0.06380194 0.07603067 -0.05338778 0.041065603 0.1749499 0.2119269 0.36104742 0.633761 0.861803 0.74452144 0.5072536 0.33835056 0.51750916 0.3180989 0.17446654 0.057645734 0.18038118 0.23773402 0.17598389 0.13288394 0.14344148 -0.03427722 -0.22623202 -0.33025366 -0.18856467 0.04092959 0.33539104
0.3017788 0.32057247 0.21180719 0.15552449 0.20952311 0.23578142 0.21395588 -0.0919732 -0.012947709 0.03357171 0.04271016 0.06899814 0.05088633 0.06281418 0.124054365 0.114628136 0.14397936 0.20861122 0.2861149 0.4390608 0.70129246 0.8057459 0.71779495 0.6065171 0.43311527 0.32284108 0.26941562 0.24789451 0.29539877 0.06259274 0.07263657 -0.124209374 0.19761552 0.13384134 0.12451619 0.22026426 0.36415812 0.41183895 0.43564662 0.51153094 0.44613346 0.24552657 0.26286715 0.40969142 0.26748425 0.06557368 0.10439154 0.29282716 0.24453926 0.22223003 0.22224349 0.036899142 0.017925544 -0.15771228 -0.19095118 -0.045442026 0.12764676 0.22367287
0.41116124 0.3998471 0.3473781 0.26991287 0.22834311 0.37598753 0.13084492 0.057029087 -0.06806976 -0.022394475 0.09677697 0.11873302 0.16006102 0.16548358 0.11970438 0.15008488 0.20683053 0.2377663 0.4340861 0.7937712 0.88753086 0.778595 0.72969955 0.5882875 0.41368145 0.24732354 0.19842881 0.1261274 0.12483236 0.06428603 0.035896413 -0.037312485 -0.08616647 0.120361224 0.28041914 0.32528955 0.297247 0.3422864 0.35793597 0.26309773 0.19878234 0.12002381 0.3082077 0.3355236 0.12324123 -0.0018453503 0.2230385 0.30165428 0.28310397 0.31276152 0.26142493 0.11098668 -0.07919721 -0.13519844 -0.1317935 -0.02375011 0.19023383 0.4256327
0.38824823 0.44574952 0.4363044 0.49807337 0.4366342 0.35758865 0.25099966 -0.018305486 0.02358563 0.05261321 0.06630013 -0.024693199 0.004448403 0.13117492 0.13448194 0.19349825 0.15861915 0.32322043 0.651961 1.031 0.796161 0.64205706 0.6066263 0.5222067 0.44504628 0.19866042 0.052877065 0.029774843 0.08832918 0.15075715 0.112092644 0.071608104 0.104256265 0.27674392 0.43776524 0.3638993 0.2616755 0.17817804 0.14275688 0.110445514 0.08379647 0.106071904 0.29322544 0.19710548 0.019757735 -0.0045071747 0.24704883 0.32340094 0.42661583 0.47160977 0.31877393 0.21397619 -0.031107515 -0.14391899 -0.112503484 0.018026749 0.1971945 0.3672757
0.5097981 0.5823425 0.47904673 0.44668326 0.23882407 0.31959447 0.2530473 0.079242185 -0.00926474 0.048477124 0.04104178 -0.0091923 0.0004677311 0.09318282 0.15495357 0.0737784 0.15477873 0.36329532 0.74656284 1.0901176 0.7141345 0.5530561 0.4151638 0.36917424 0.2681566 0.2904473 0.1634861 0.124854796 0.11607743 0.12821746 0.2109551 0.19558336 0.18141116 0.17735836 0.20758878 0.20968491 0.18554266 0.14319015 0.1187562 0.079292715 0.046573803 0.04312817 0.19217996 0.11639255 0.021330653 0.016376728 0.20342258 0.2775388 0.43363863 0.5403177 0.3902565 0.25317547 0.09740158 -0.11888472 -0.07780027 -0.011518314 0.22404894 0.012732777
0.69805557 0.60837317 0.3997123 0.17343704 0.13271533 0.2322606 0.2800774 0.17612882 0.063108176 0.04805487 0.10605709 0.06759326 0.075870916 0.15702014 0.11542902 0.11655821 0.17354174 0.4047209 0.8398247 1.0125816 0.7018842 0.46156096 0.24886172 0.19327103 0.30536398 0.26099354 0.1167503 0.013520729 -0.02428365 0.16185753 0.052639425 0.2799912 0.33326116 0.33668268 0.34726256 0.33628014 0.31305292 0.23279926 0.11928911 0.007305417 -0.079255275 -0.085920796 0.08109845 0.09924016 0.07961172 0.1205112 0.09964397 0.15330437 0.25171697 0.5374003 0.5898359 0.42663354 0.016992936 -0.19549438 -0.15675105 0.0093325 -0.09675848 0.00434427
0.6680289 0.43824914 0.18275847 0.14799584 0.18285675 0.2607029 0.10982756 0.2033832 0.105267584 0.033884317 0.15959558 0.14210962 0.02824907 0.17050618 0.007445254 0.2049055 0.25478142 0.6110699 0.85131174 0.8958019 0.63023055 0.39132118 0.1705534 -0.06919464 0.21021773 0.37015462 0.29233032 -32767.0 0.08806248 0.1460354 0.32718113 0.42066002 0.44640875 0.5031309 0.41606334 0.33934012 0.27880174 0.17933196 0.09089995 -0.03742886 -0.18337089 -0.14999719 0.004801344 0.12473334 0.12873907 0.008743316 0.09855992 0.19171622 0.2089451 0.3600129 0.71003455 0.47635758 -8.3913445e-05 -0.23957583 -0.15627483 -0.13825972 -0.08194677 0.06420502
0.48278898 0.29639694 0.04299717 0.15157224 0.25132018 0.42867005 0.1947769 0.26524615 0.102696754 0.09691623 0.13830347 0.15554474 0.037079353 0.062261358 0.05326506 0.25249097 0.48590112 0.837596 0.75232214 0.7474713 0.5213479 0.3057507 0.13941108 0.1150721 0.060808346 0.072483435 0.21823235 0.2599446 0.23721448 0.35952 0.36578345 0.433261 0.49735564 0.42815375 0.42396852 0.36539927 0.18982841 0.06251891 -0.004900618 -0.13323262 -0.3093674 -0.14134619 -0.01263243 0.09064761 -0.009558134 -0.0688321 0.22775382 0.30928007 0.30809817 0.292041 0.64919424 0.4446715 0.06061401 -0.1743287 -0.20462032 -0.15915373 -0.018531764 -0.00935957
0.3210159 0.19549471 0.13416387 0.34551793 0.41204306 0.17250618 0.32022712 0.26214194 0.1834761 0.15709418 0.15887123 0.16855997 0.082793996 0.09748903 0.1822313 0.50076616 0.9098849 0.7565631 0.55777097 0.5378668 0.36487564 0.1829367 0.1286107 0.043481447 0.022281853 0.10630207 -32767.0 0.26959002 0.39495268 0.43727317 0.5136196 0.480213 0.40874016 0.48684645 0.41535783 0.27060905 0.09476495 -0.06006466 -0.17400329 -0.25994802 -0.38655666 -0.15836304 -0.021556694 0.005913701 -0.16057424 0.171823 0.22457288 0.30686325 0.3581665 0.17358714 0.2999049 0.3878658 0.10823644 -0.14675261 -0.20411532 0.002020894 -0.010835273 -0.21976013
0.28103536 0.07325407 0.2809492 0.4218905 0.43911627 0.23889937 0.21815643 0.286956 0.232822 0.17699426 0.20611647 0.12719019 0.11085302 0.22907244 0.59814996 0.8480419 0.73880327 0.5652149 0.532475 0.39226645 0.16373506 0.07927906 0.04197005 -0.043284073 -0.004634439 0.18831447 0.17934798 0.29766047 0.48557025 0.5686508 0.5098208 0.36940128 0.5119275 0.47440618 0.31172737 0.15777193 -0.05944955 -0.1995032 -0.27976814 -0.38423336 -0.36100495 -0.18370669 -0.038423806 -0.18773441 0.10449519 0.24640551 0.26605442 0.30358073 0.3753211 0.16781375 -0.015511121 0.07459912 0.011521242 -0.097587176 -0.05462075 0.025301114 -0.036311854 -0.099951334
0.15995853 0.17018071 0.26194125 0.2393028 0.34572574 0.27994186 0.20017754 0.1638064 0.19530326 0.23757268 0.20172653 0.101479776 0.41718262 0.7373607 0.7153097 0.6526003 0.65907216 0.61668843 0.43807173 0.2324929 -0.050933998 0.046283945 0.0066555375 -0.033753324 0.02775172 0.07428246 0.17155072 0.3279473 0.49976718 0.6482373 0.48408607 0.43881395 0.5252254 0.39125085 0.21393591 0.026065705 -0.16913864 -0.30066606 -0.3489659 -0.40959617 -0.24137643 -0.13272908 -0.1928245 -0.2100626 0.24889375 0.26373425 0.3097349 0.38283518 0.37873298 0.14912571 -0.19703454 0.024097754 0.0705455 0.08207105 0.12180765 0.09893144 0.031900708 0.0075676674
