static/data/precipitation/2023/7/15/0.asc
ncols 137
nrows 93
xllcorner 108.0
yllcorner 17.0
cellsize 0.25
NODATA_value -32767
[rows 66 to 87 of 93, columns 0 to 48 of 137]
0.014358275325920822 0.23083688793211835 0.2821953342902195 0.25955343858395996 0.23967274967114788 0.24077723238852614 0.017671723478055595 0.006074654945582153 0.0016567240760691215 0.0 0.0 0.0 0.0 0.0 0.0 0.0 0.0 0.0005522413586908637 0.0038656895108256373 0.0027612067934473794 0.0022089654347565157 0.0 0.0 0.0 0.0 0.0 0.0005522413586908637 0.028716550651841644 0.06350775624926544 0.08504516923815014 0.08504516923815014 0.07897051429256799 0.027612067934463386 0.0033134481521347736 0.0011044827173782579 0.0 0.0 0.0 0.0 0.0 0.0 0.0 0.0 0.0005522413586908637 0.0 0.0 0.0 0.0027612067934473794 0.047492756847278966
0.26065792130133825 0.5152411876570944 0.4892858437987001 0.473823085755401 0.33024033249618934 0.09774672048800184 0.029268792010532507 0.004970172228203895 0.0011044827173782579 0.0 0.0 0.0 0.0 0.0 0.0 0.0 0.0 0.0005522413586908637 0.05908982537975241 0.0005522413586908637 0.0 0.0016567240760691215 0.0016567240760691215 0.0 0.0 0.006626896304273017 0.05080620499941374 0.06185103217319979 0.03202999880397989 0.021537412988881233 0.054119653151548514 0.06461223896664717 0.07123913527091671 0.06682120440140368 0.045836032771209845 0.0011044827173782579 0.0038656895108256373 0.0011044827173782579 0.0 0.0 0.0 0.0 0.012149309891164306 0.024850861141019476 0.014910516684611685 0.04417930869514072 0.05632861858630503 0.010492585815095185 0.05080620499941374
0.4313005011363259 0.6527492859707239 0.5908982537975276 0.6726299748835395 0.5759877371129158 0.5439577383089395 0.0298210333692199 0.007179137662960411 0.0011044827173782579 0.0 0.0 0.0 0.0 0.0 0.0 0.0 0.0 0.0 0.025955343858397734 0.0 0.0 0.004970172228203895 0.019328447554124717 0.01988068891281558 0.0 0.0027612067934473794 0.045836032771209845 0.3506732627676923 0.41583774309302685 0.02374637842363775 0.0640599976079563 0.054119653151548514 0.03368672288004554 0.0347912055974238 0.024298619782328612 0.0011044827173782579 0.022089654347572096 0.0011044827173782579 0.0011044827173782579 0.0016567240760691215 0.0016567240760691215 0.019328447554124717 0.07786603157518973 0.05080620499941374 0.1386125810310078 0.15352309771561948 0.1502096495634847 0.13640361559625128 0.47768877526622316
0.6383910106448031 0.7665110058607156 1.2121697823229625 0.5047486018419991 2.902580581270839 2.576758179644166 1.0343480648250143 0.18831430331304327 0.08449292787945928 0.0005522413586908637 0.0 0.0 0.0 0.0 0.0 0.0 0.0 0.0 0.0 0.0 0.0 0.010492585815095185 0.01270155124985517 0.01270155124985517 0.0 0.0005522413586908637 0.03810465374956204 0.31201636765944285 0.8261530725991589 0.04473155005383159 0.054119653151548514 0.029268792010532507 0.011597068532473442 0.004970172228203895 0.0011044827173782579 0.013253792608542564 0.018776206195437323 0.055776377227617635 0.09443327233586707 0.09277654825979795 0.1551798217916886 0.025955343858397734 0.05522413586892677 0.03976137782562769 0.11707516804212656 0.10989603037916615 0.12370206434639958 0.24629964597541742 0.38656895108249434
0.681465836622569 0.8791682430333292 3.183119191484991 1.3270359849303324 2.980446612846027 2.8230578256195833 0.712943594067858 0.27225498983381513 0.0911198241837323 0.03258224016266728 0.1452394773352808 0.07289585934698584 0.0 0.0 0.0 0.0 0.0 0.0 0.0 0.0 0.0011044827173782579 0.0016567240760691215 0.0 0.0 0.0005522413586908637 0.0005522413586908637 0.0298210333692199 0.41086757086482295 1.2071996100947584 0.2871655065184234 0.18720982059566502 0.011044827173786048 0.0027612067934473794 0.005522413586894759 0.006626896304273017 0.0690301698361602 0.14468723597658995 0.2220010261930888 0.23912050831245701 0.2844042997249795 0.16622464896547118 0.01546275804329908 0.010492585815095185 0.0740003420643641 0.07731379021649887 0.03258224016266728 0.06240327353188718 0.08007499700994625 0.07179137662960758
0.21813533668226318 1.3391852948214968 4.837634302118065 2.343712326277291 0.498673946896417 0.7532572132521731 0.5119277395049595 0.07068689391222932 0.06847792847746934 0.033134481521358145 0.3125686090181302 0.07344810070567323 0.0 0.0 0.0 0.0 0.0 0.0 0.0 0.0 0.0 0.0 0.0 0.0 0.0005522413586908637 0.0027612067934473794 0.03258224016266728 0.29765809233352203 1.1470053019976278 0.5075098086354466 0.26783705896429866 0.030373274727910765 0.01270155124985517 0.01546275804329908 0.02540310249970687 0.12204534027033045 0.34735981461555404 0.5654951512978207 0.5953161846670406 0.2545832663557561 0.07234361798829497 0.01546275804329908 0.019328447554124717 0.09995568592275836 0.04638827412990071 0.0005522413586908637 0.0016567240760691215 0.0011044827173782579 0.0011044827173782579
0.20046361320420758 1.3049463305827604 2.508280251166695 2.1664428501380337 0.08283620380339016 0.03644792967349292 0.04417930869514072 0.0347912055974238 0.019328447554124717 0.0005522413586908637 0.2424339564645918 0.0011044827173782579 0.0 0.0 0.0 0.0 0.0 0.0 0.0 0.0 0.0 0.0 0.0 0.0 0.0 0.0044179308695130315 0.0640599976079563 0.32637464298536367 0.7449735928718344 0.4406886042340429 0.1032691340748966 0.043074825977762465 0.033134481521358145 0.04473155005383159 0.04086586054300595 0.24629964597541742 0.7328242829806701 1.2149309891164097 0.9343923789022559 0.4981217055377296 0.2590011972252726 0.14247827054183343 0.07179137662960758 0.16898585575891856 0.12425430570508697 0.0011044827173782579 0.0016567240760691215 0.004970172228203895 0.006074654945582153
0.24795637005148655 0.5367786006459756 1.1238111649326774 0.358956883148031 0.18058292429139547 0.10216465135751487 0.07952275565125538 0.061298790814508924 0.0 0.0 0.0 0.0 0.0 0.0 0.0 0.0 0.0 0.0 0.0 0.0 0.0 0.0 0.0 0.0 0.0 0.06737344576009108 0.15628430450906686 0.207642750867168 0.23580706016032224 0.214269647171441 0.04362706733645333 0.028716550651841644 0.06185103217319979 0.07510482478174235 0.37441964119133003 0.8294665207512937 1.599843216122835 2.810908515728419 2.3442645676359786 1.3099165028109643 0.8189739349361985 0.6433611828730069 0.18886654467173414 0.5102710154288904 0.27777740342070645 0.07510482478174235 0.019328447554124717 0.02374637842363775 0.0347912055974238
1.1586023705301014 0.889108587489737 0.4313005011363259 0.2888222305944925 0.4053451572779282 0.12149309891163959 0.006074654945582153 0.02816430929315425 0.04362706733645333 0.0 0.0 0.0 0.0 0.0 0.0 0.0 0.0 0.0 0.0 0.0 0.0 0.0 0.0 0.0 0.0 0.06847792847746934 0.09277654825979795 0.07455258342305149 0.11044827173785701 0.14965740820479384 0.029268792010532507 0.06461223896664717 0.1977024064107602 0.3860167097238035 0.8996011733048321 2.4077723238852475 3.3532095299612896 3.4288665961017193 2.107905266116969 1.0547809950965172 1.3800511553645027 2.405563358450491 1.0879154766178754 0.28274757564891034 0.10216465135751487 0.11652292668343917 0.12756775385722174 0.14744844277003732 0.18776206195435588
0.13971706374838605 0.05356741179286112 0.053015170434170256 0.03644792967349292 0.3722106757565735 0.11983637483557394 0.0011044827173782579 0.07897051429256799 0.14413499461790255 0.0 0.0 0.0 0.0 0.0 0.0 0.0 0.0 0.0 0.0 0.0 0.0 0.0 0.0 0.0 0.0 0.04638827412990071 0.09940344456407096 0.10989603037916615 0.0469405154885881 0.033134481521358145 0.0038656895108256373 0.08504516923815014 0.2612101626600291 1.2187966786272355 2.7048781748600788 2.374637842363889 2.8037293780654586 2.479011459156164 1.278990986724366 0.5058530845593774 0.6787046298291216 0.769272212654163 0.3136730917355085 0.2650758521708547 0.15462758043299774 0.1629112008133364 0.2070905095084806 0.3075984367899264 0.32692688434405104
0.0 0.0 0.0 0.0 0.04252258461907507 0.0 0.0005522413586908637 0.12756775385722174 0.2871655065184234 0.0 0.0 0.0 0.0 0.0 0.0 0.0 0.0 0.0 0.0 0.0 0.0 0.0 0.0 0.0 0.0 0.03644792967349292 0.07344810070567323 0.05632861858630503 0.017671723478055595 0.004970172228203895 0.029268792010532507 0.19659792369338194 0.38546446836511605 1.3756332244949896 2.975476440617823 1.8450383793808742 2.2752343977998217 1.491603909819738 0.7897051429256661 0.5643906685804424 0.5218680839613674 0.5329129111351534 0.40203170912579345 0.29324016146400556 0.2540310249970687 0.24850861141017394 0.2540310249970687 0.31753878124633417 0.4395841215166646
0.0 0.0 0.0 0.061298790814508924 0.17947844157401374 0.19549344097600369 0.06682120440140368 0.7035554909701376 0.315882057170265 0.0005522413586908637 0.0 0.0 0.0 0.0 0.0 0.0 0.0 0.0 0.0 0.0 0.0 0.0005522413586908637 0.0005522413586908637 0.0005522413586908637 0.0 0.02098517163019384 0.06019430809713067 0.018776206195437323 0.006074654945582153 0.01822396483674646 0.08780637603159405 0.34735981461555404 0.557211530917482 1.4142901196032391 2.9633271307266584 1.7522618311210763 1.8113516565008285 1.2828566762351916 1.0012135833036597 1.0233032376512317 0.839959106566389 0.7355854897741175 0.6334208384165991 0.5770922198302941 0.5461667037436959 0.5102710154288904 0.534569635211219 0.5677041167325771 0.6510925618946583
0.0027612067934473794 0.0005522413586908637 0.0011044827173782579 0.1259110297811561 0.2672848176056113 0.21371740581275014 0.8521084164575532 1.0752139253680237 0.3230611948332289 0.207642750867168 0.04141810190169681 0.0 0.0 0.0 0.0 0.0 0.0 0.0 0.0 0.0 0.0 0.0 0.0 0.0 0.0 0.014358275325920822 0.03092551608659816 0.0171194821193682 0.024850861141019476 0.17561275206319157 0.26065792130133825 0.2490608527688648 0.3578524004306527 1.2629759873223763 2.746848518120463 2.021755614161444 1.422021498624887 1.3275882262890233 1.1337515093890853 1.1657815081930651 1.1414828884107366 0.9592432400432754 0.654406010046793 0.5969729087431097 0.6113311840690305 0.6218237698841257 0.5185546358092326 0.4550468795599637 0.4970172228203479
0.0033134481521347736 0.0005522413586908637 0.0011044827173782579 0.07510482478174235 0.21703085396488492 0.6776001471117433 1.318200123191303 0.9979001351515249 0.3125686090181302 0.22586671570391445 0.04197034326038421 0.0 0.0 0.0 0.0 0.0 0.0 0.0 0.0 0.0 0.0 0.0011044827173782579 0.0011044827173782579 0.0 0.0 0.0 0.0027612067934473794 0.014910516684611685 0.05632861858630503 0.5362263592872882 0.4484199832556941 0.43627067336452985 0.31698653988764675 1.2237668508554358 2.8600579966517636 2.544728180840188 1.4529470147114885 1.4667530486787186 1.2221101267793701 1.1994682310731106 1.1751696112907821 0.9095415177612399 0.6041520464060701 0.5478234278197616 0.557211530917482 0.42080791532123074 0.23967274967114788 0.1629112008133364 0.1607022353785799
0.0005522413586908637 0.0 0.0 0.013806033967233428 0.13253792608542564 0.5936594605909715 0.7874961774909095 0.3931958473867639 0.2711505071164369 0.06571672168402543 0.013253792608542564 0.0 0.0 0.0 0.0 0.0 0.0 0.0 0.0 0.0 0.0005522413586908637 0.0016567240760691215 0.0011044827173782579 0.0 0.0 0.0 0.0011044827173782579 0.004970172228203895 0.1949411996173163 1.4899471857436688 1.1663337495517525 0.34459860782211016 0.2253144743452236 1.0321390993902577 2.573996972850719 3.00087954311753 1.843381655304805 1.5313652876453656 1.261871504604998 1.2745730558548496 1.0984080624329706 0.8327799689034285 0.8040634182515869 0.7847349706974621 0.7245406626003315 0.3479120559742449 0.17726947613925723 0.02264189570625949 0.012149309891164306
0.0 0.0 0.0 0.0 0.20101585456289844 0.20156809592158584 0.08283620380339016 0.2092994749432371 0.15738878722644511 0.18610533787828676 0.013806033967233428 0.0 0.0 0.0 0.0 0.0 0.0 0.0 0.0 0.0 0.0 0.0 0.0 0.0 0.0 0.0 0.0011044827173782579 0.008283620380338669 0.8913175529244934 2.2459656057892894 1.1773785767255387 0.3578524004306527 0.38380774428904696 1.2276325403662616 2.7258633464902706 3.3940753905042955 2.123368024160268 1.6898585575891856 1.4971263234066292 1.448529083841972 1.1983637483557326 1.3275882262890233 1.3640361559625127 1.7268587286213695 1.7406647625885994 1.371767534984164 0.7361377311328049 0.4638827412989932 0.005522413586894759
0.0 0.0 0.0 0.0 0.0 0.0 0.0 0.0171194821193682 0.09664223777062358 0.4136287776582669 0.029268792010532507 0.0 0.0 0.0 0.0 0.0 0.0 0.0 0.0 0.0 0.0 0.0 0.0 0.0 0.0 0.0 0.0027612067934473794 0.008835861739029532 1.8130083805768944 3.7370172742503365 1.9079938942714523 0.8846906566202205 0.976914963521331 1.4142901196032391 2.8434907558910862 3.6177331407734514 2.332667499103505 2.0554423370414896 2.2050997452462835 1.9466507893797016 1.9499642375318365 2.488399562253881 3.1245816074639277 3.407329183112838 3.9474212319109503 3.9678541621824532 2.4188171510590335 0.6472268723838326 0.11265723717261353
0.0 0.0 0.0 0.0 0.0 0.0 0.0 0.0027612067934473794 0.040313619184318555 0.25568774907313435 0.028716550651841644 0.0 0.0 0.0 0.0 0.0 0.0 0.0 0.0 0.0 0.0 0.0 0.0 0.0 0.0 0.0 0.0027612067934473794 0.020432930271502975 2.834102652793368 5.114859464180081 2.544728180840188 1.604261146992348 1.6274552840572984 1.6489926970461797 3.049476782682187 3.560300039469767 2.701012485349253 2.8015204126307003 3.13065626240951 2.965536096161417 3.0307005764867516 3.766286066260867 4.524513451741244 4.656499136467983 4.969067745486113 5.436263934937241 4.152302775984673 1.3667973627559602 0.26894154168167694
0.0005522413586908637 0.0 0.0 0.0 0.0 0.0 0.0 0.0 0.02816430929315425 0.08394068652077188 0.02816430929315425 0.0 0.0 0.0 0.0016567240760691215 0.0022089654347565157 0.0 0.0 0.0 0.0 0.0 0.0 0.0 0.0 0.0 0.0027612067934473794 0.012149309891164306 0.05522413586892677 3.1345219519203353 5.9631021911268105 3.18477591556106 1.2856178830286356 1.1950503002035942 1.8919788948694622 3.189746087789262 3.7094052063158713 3.13783540007247 3.4708369393621052 3.3382990132766777 2.4718323214932036 2.2520402607348715 2.809251791652352 3.646449691425295 4.224094152614279 4.461005695491977 5.212606184668083 4.789589303912098 2.1355173340514324 0.6002863568952445
0.03368672288004554 0.007179137662960411 0.0011044827173782579 0.0005522413586908637 0.0 0.0 0.0 0.0 0.0044179308695130315 0.04528379141252245 0.005522413586894759 0.0 0.0 0.0 0.0044179308695130315 0.0077313790216512746 0.0005522413586908637 0.0 0.0 0.0 0.0 0.0 0.0 0.0 0.0016567240760691215 0.006074654945582153 0.01988068891281558 0.06185103217319979 2.554116283937905 6.189521148189414 4.248945013755296 1.786500795359809 1.3723197763428514 2.3398466367664654 3.6232555543603446 3.755241239087083 3.217358155723727 3.966749679465075 2.3348764645382616 1.584380458079536 1.1580501291714138 1.3960661547664928 1.9648747542164482 2.9158343738793815 3.578524004306513 4.239556910657577 4.394736732449264 3.640927277838402 1.5468280456886647
0.014358275325920822 0.005522413586894759 0.006074654945582153 0.0016567240760691215 0.0011044827173782579 0.0 0.0 0.0005522413586908637 0.006074654945582153 0.013806033967233428 0.004970172228203895 0.0 0.0 0.0 0.006074654945582153 0.009388103097716927 0.0044179308695130315 0.0005522413586908637 0.0 0.0 0.0 0.0 0.0 0.0 0.0016567240760691215 0.016014999401989943 0.03147775744528902 0.11265723717261353 1.7743514854686449 4.8116789582596695 5.744414613085856 2.9903869573024346 1.6887540748718073 2.6745049001321677 4.012585712236285 3.8988239923462946 3.5387626264808856 3.651972105012188 2.0090540629115887 1.0106016864013765 0.5699130821673337 0.47713653390753574 1.0453928919988003 1.572783389547059 2.3381899126903964 3.7784353761520317 4.082720364789823 4.125795190767588 2.270264225571618
0.0 0.0 0.018776206195437323 0.10658258222703137 0.0038656895108256373 0.0005522413586908637 0.0 0.0005522413586908637 0.0011044827173782579 0.0 0.0005522413586908637 0.0005522413586908637 0.0005522413586908637 0.0022089654347565157 0.008835861739029532 0.02264189570625949 0.008835861739029532 0.0005522413586908637 0.0 0.0 0.0 0.0 0.0 0.0 0.004970172228203895 0.019328447554124717 0.06516448032533456 0.3153298158115776 1.650097179763558 3.3012988422444973 4.884574817606653 3.614419692621317 2.3056076725277292 3.226746258821444 4.649319998805022 4.755350339673362 4.523961210382555 3.8353162360970274 2.416608185624277 1.2629759873223763 0.40203170912579345 0.3059417127138607 0.3125686090181302 0.7836304879800838 1.4314096017226072 2.862266962086522 3.38247832197182 4.301407942830777 2.7081916230122136
