static/data/precipitation/2023/7/15/12.asc
ncols 137
nrows 93
xllcorner 108.0
yllcorner 17.0
cellsize 0.25
NODATA_value -32767
[rows 22 to 43 of 93, columns 50 to 99 of 137]
0.0 0.0 0.0 0.0 0.07289585934698584 0.1209408575529522 0.0 0.10603034086834051 0.10603034086834051 0.011597068532473442 0.012149309891164306 0.011597068532473442 0.09056758282504143 0.1855530965195959 0.0005522413586908637 0.0016567240760691215 0.008835861739029532 0.014910516684611685 0.2573444731492035 0.5489279105371399 0.9172728967828878 1.3193046059086813 1.4612306350918272 1.6837839026436034 1.1199454754218519 0.20874723358454625 0.2888222305944925 0.3285836084201202 0.20156809592158584 0.09774672048800184 0.038656895108249434 0.05080620499941374 0.05080620499941374 0.012149309891164306 0.007179137662960411 0.005522413586894759 0.0016567240760691215 0.0011044827173782579 0.0005522413586908637 0.0 0.0 0.0 0.0 0.0 0.0 0.0 0.0005522413586908637 0.008835861739029532 0.03644792967349292 0.06737344576009108
0.05743310130368676 0.11817965075950482 0.16346344217202727 0.11210499581392266 0.0005522413586908637 0.07179137662960758 0.0 0.0 0.0 0.0 0.0 0.0 0.058537584021065014 0.14744844277003732 0.02264189570625949 0.05522413586892677 0.17229930391105333 0.5886892883627676 0.7388989379262523 0.7935708324364916 0.715704800861302 0.7626453163498901 0.7902573842843569 0.5273904975482586 0.1971501650520728 0.0640599976079563 0.0817317210860119 0.09940344456407096 0.03644792967349292 0.019328447554124717 0.008835861739029532 0.0077313790216512746 0.004970172228203895 0.004970172228203895 0.0022089654347565157 0.0016567240760691215 0.0005522413586908637 0.0005522413586908637 0.0 0.0 0.0 0.0 0.0 0.0 0.0005522413586908637 0.0011044827173782579 0.0016567240760691215 0.008835861739029532 0.02264189570625949 0.05964206673844327
0.05743310130368676 0.06626896304271282 0.12038861619426133 0.0861496519555284 0.055776377227617635 0.0 0.0 0.0 0.053015170434170256 0.0011044827173782579 0.0011044827173782579 0.0298210333692199 0.07510482478174235 0.12977671929198173 0.5218680839613674 0.6163013562972344 0.7665110058607156 0.5942117019496623 0.6869882502094603 0.6731822162422303 0.3655837794523005 0.2567922317905126 0.17837395885663548 0.15241861499824122 0.1452394773352808 0.023194137064950354 0.012149309891164306 0.007179137662960411 0.007179137662960411 0.006626896304273017 0.007179137662960411 0.004970172228203895 0.0038656895108256373 0.0016567240760691215 0.0011044827173782579 0.0005522413586908637 0.0 0.0 0.0 0.0 0.0 0.0 0.0 0.0 0.0016567240760691215 0.0011044827173782579 0.0016567240760691215 0.0022089654347565157 0.008835861739029532 0.0342389642387364
0.013806033967233428 0.022089654347572096 0.0342389642387364 0.0 0.0038656895108256373 0.08449292787945928 0.08449292787945928 0.0005522413586908637 0.06847792847746934 0.004970172228203895 0.18941878603042153 0.22862792249736183 0.38380774428904696 0.6776001471117433 1.07024375313982 0.857630830044448 0.9327356548261903 0.48376343021180535 0.3236134361919163 0.30980740222468284 0.2567922317905126 0.13419465016149476 0.02374637842363775 0.02098517163019384 0.013806033967233428 0.01270155124985517 0.011597068532473442 0.006074654945582153 0.005522413586894759 0.004970172228203895 0.0044179308695130315 0.0027612067934473794 0.0011044827173782579 0.0005522413586908637 0.0 0.0 0.0 0.0 0.0 0.0 0.0 0.0 0.0 0.0 0.0011044827173782579 0.0011044827173782579 0.0016567240760691215 0.0016567240760691215 0.0016567240760691215 0.009388103097716927
0.0 0.027612067934463386 0.09277654825979795 0.06461223896664717 0.09719447912931445 0.18886654467173414 0.18444861380221764 0.043074825977762465 0.04970172228203548 0.2374637842363879 0.4224646393972964 0.7284063521111571 1.0829453043896715 1.439693222102946 0.889108587489737 0.5815101506998072 0.3479120559742449 0.3501210214090014 0.20432930271503322 0.1579410285851325 0.01270155124985517 0.004970172228203895 0.0016567240760691215 0.0005522413586908637 0.019328447554124717 0.01988068891281558 0.010492585815095185 0.0027612067934473794 0.0022089654347565157 0.0016567240760691215 0.0016567240760691215 0.0005522413586908637 0.0005522413586908637 0.0 0.0 0.0 0.0 0.0 0.0005522413586908637 0.014358275325920822 0.0005522413586908637 0.0005522413586908637 0.0 0.0 0.0 0.0011044827173782579 0.0016567240760691215 0.0016567240760691215 0.0016567240760691215 0.012149309891164306
0.014910516684611685 0.04362706733645333 0.07289585934698584 0.23249361200818747 0.24629964597541742 0.17009033847629682 0.07068689391222932 0.20101585456289844 0.3136730917355085 0.5699130821673337 0.7146003181439237 0.9636611709127885 1.6583808001439 0.7836304879800838 0.2501653354862431 0.13253792608542564 0.04473155005383159 0.007179137662960411 0.0044179308695130315 0.0016567240760691215 0.0022089654347565157 0.0011044827173782579 0.0 0.0911198241837323 0.14744844277003732 0.05632861858630503 0.008835861739029532 0.0011044827173782579 0.0011044827173782579 0.0005522413586908637 0.0 0.0 0.0 0.0 0.0 0.0 0.0005522413586908637 0.0005522413586908637 0.019328447554124717 0.058537584021065014 0.0171194821193682 0.0016567240760691215 0.0016567240760691215 0.0 0.0 0.0 0.0016567240760691215 0.0016567240760691215 0.0027612067934473794 0.04804499820596636
0.0 0.0016567240760691215 0.013806033967233428 0.09277654825979795 0.05632861858630503 0.04197034326038421 0.21316516445406275 0.44621101782093764 0.9907209974885645 1.2585580564528631 1.335319605310671 1.0580944432486556 0.5356741179285973 0.20598602679109887 0.0740003420643641 0.01546275804329908 0.0016567240760691215 0.0011044827173782579 0.0005522413586908637 0.0 0.0 0.0 0.0 0.02705982657577599 0.04804499820596636 0.04528379141252245 0.0044179308695130315 0.0005522413586908637 0.0 0.0 0.0 0.0 0.0 0.0 0.0 0.0 0.0016567240760691215 0.021537412988881233 0.05688085994499589 0.0811794797273245 0.02098517163019384 0.006074654945582153 0.0044179308695130315 0.0 0.0 0.0 0.0033134481521347736 0.004970172228203895 0.0022089654347565157 0.0011044827173782579
0.0 0.006074654945582153 0.01988068891281558 0.011044827173786048 0.006074654945582153 0.08283620380339016 0.5240770493961239 1.5357832185148788 1.8836952744891236 1.4297528776465382 0.8432725547185271 0.3291358497788076 0.11707516804212656 0.028716550651841644 0.008283620380338669 0.0011044827173782579 0.0 0.0 0.0 0.0 0.0 0.0 0.0 0.0016567240760691215 0.0016567240760691215 0.0 0.0 0.0 0.0 0.0 0.0 0.0 0.0 0.0 0.0 0.0 0.0 0.0005522413586908637 0.0038656895108256373 0.0033134481521347736 0.006074654945582153 0.0016567240760691215 0.0 0.0 0.0 0.0 0.0011044827173782579 0.0016567240760691215 0.0011044827173782579 0.0011044827173782579
0.0027612067934473794 0.0027612067934473794 0.0027612067934473794 0.0027612067934473794 0.058537584021065014 0.6422567001556287 1.4766933931351263 2.5513550771444593 1.7252020045453003 0.9277654825979864 0.2490608527688648 0.02540310249970687 0.012149309891164306 0.010492585815095185 0.0 0.0 0.0 0.0 0.0 0.0 0.0 0.0 0.0 0.0 0.0 0.0 0.0 0.0 0.0 0.0 0.0 0.0016567240760691215 0.0016567240760691215 0.0011044827173782579 0.0011044827173782579 0.0 0.0 0.0005522413586908637 0.0011044827173782579 0.0011044827173782579 0.0016567240760691215 0.0011044827173782579 0.0 0.0 0.0 0.0005522413586908637 0.0005522413586908637 0.0 0.0 0.0
0.0 0.0 0.0 0.028716550651841644 0.32029998803978155 0.8300187621099846 1.1652292668343742 1.3949616720491145 0.7146003181439237 0.4688529135271971 0.012149309891164306 0.004970172228203895 0.0016567240760691215 0.0 0.0 0.0 0.0 0.0 0.0 0.0 0.0 0.0 0.0 0.0 0.0 0.0 0.0 0.0 0.0005522413586908637 0.0011044827173782579 0.0 0.0011044827173782579 0.0016567240760691215 0.0016567240760691215 0.0005522413586908637 0.0011044827173782579 0.0005522413586908637 0.0016567240760691215 0.0022089654347565157 0.0027612067934473794 0.0005522413586908637 0.0 0.0 0.0 0.0 0.0005522413586908637 0.0005522413586908637 0.0 0.0 0.0
0.0 0.0 0.048597239564657224 0.23801602559507876 0.5384353247220447 0.566599634015199 0.7400034206436306 0.7328242829806701 0.21813533668226318 0.007179137662960411 0.0044179308695130315 0.0 0.0 0.0 0.0 0.0 0.0 0.0 0.0 0.0 0.0 0.0 0.0 0.0 0.0 0.0 0.0 0.0 0.0 0.0005522413586908637 0.0005522413586908637 0.0 0.0005522413586908637 0.0016567240760691215 0.0016567240760691215 0.0016567240760691215 0.0038656895108256373 0.0044179308695130315 0.0033134481521347736 0.0038656895108256373 0.033134481521358145 0.0033134481521347736 0.0011044827173782579 0.025955343858397734 0.004970172228203895 0.0027612067934473794 0.0005522413586908637 0.0 0.0 0.0
0.0 0.11541844396605744 0.22255326755177968 0.5124799808636504 0.6013908396126227 0.6290029075470861 0.3827032615716687 0.2855087824423577 0.005522413586894759 0.0033134481521347736 0.0 0.0 0.0 0.0 0.0 0.0 0.0 0.0 0.0 0.0 0.0 0.0 0.0 0.0 0.0 0.0 0.0 0.0 0.0 0.0 0.0005522413586908637 0.0 0.0 0.0005522413586908637 0.0033134481521347736 0.005522413586894759 0.007179137662960411 0.01822396483674646 0.01822396483674646 0.02374637842363775 0.051358446358104604 0.038656895108249434 0.03258224016266728 0.035895688314802054 0.005522413586894759 0.0022089654347565157 0.0 0.0 0.0 0.0
0.05080620499941374 0.16567240760678378 0.5113754981462721 0.6510925618946583 0.654406010046793 0.3893301578759417 0.14192602918314604 0.006626896304273017 0.0022089654347565157 0.0 0.0 0.0 0.0 0.0 0.0 0.0 0.0 0.0 0.0 0.0 0.0 0.0 0.0 0.0 0.0 0.0 0.0 0.0 0.0 0.0 0.0005522413586908637 0.0 0.0 0.0 0.0022089654347565157 0.004970172228203895 0.0077313790216512746 0.01822396483674646 0.026507585217085128 0.03147775744528902 0.043074825977762465 0.07179137662960758 0.06516448032533456 0.02264189570625949 0.0022089654347565157 0.0 0.0 0.0 0.0 0.0
0.09553775505324533 0.2418817151059044 0.6759434230356742 0.5671518753738863 0.4064496399953065 0.12701551249853435 0.004970172228203895 0.0 0.0 0.0 0.0 0.0 0.0 0.0 0.0 0.0 0.0 0.0 0.0 0.0 0.0 0.0 0.0 0.0 0.0 0.0 0.0 0.0 0.0 0.0 0.0005522413586908637 0.0 0.0 0.0 0.0 0.0005522413586908637 0.0044179308695130315 0.01546275804329908 0.02374637842363775 0.01822396483674646 0.02540310249970687 0.0469405154885881 0.038656895108249434 0.004970172228203895 0.0 0.0 0.0 0.0 0.0 0.0
0.2253144743452236 0.3871211924411817 0.342941883746041 0.3296880911374984 0.048597239564657224 0.0 0.0 0.0 0.0 0.0 0.0 0.0 0.0 0.0 0.0 0.0 0.0 0.0 0.0 0.0 0.0 0.0 0.0 0.0 0.0 0.0 0.0 0.0 0.0 0.0 0.0 0.0 0.0 0.0 0.0 0.0022089654347565157 0.013806033967233428 0.02264189570625949 0.020432930271502975 0.017671723478055595 0.021537412988881233 0.01546275804329908 0.004970172228203895 0.0 0.0 0.0 0.0 0.0 0.0 0.0
0.0016567240760691215 0.0011044827173782579 0.0011044827173782579 0.0 0.0 0.0 0.0 0.0 0.0 0.0 0.0 0.0 0.0 0.0 0.0 0.0 0.0 0.0 0.0 0.0 0.0 0.0 0.0 0.0 0.0 0.0 0.0 0.0 0.0 0.0 0.0 0.0 0.0 0.0 0.0033134481521347736 0.014910516684611685 0.02540310249970687 0.016567240760677338 0.0027612067934473794 0.0005522413586908637 0.0 0.0 0.0 0.0 0.0 0.0 0.0 0.0 0.0 0.0
0.0 0.0 0.0 0.0 0.0 0.0 0.0 0.0 0.0 0.0 0.0 0.0 0.0 0.0 0.0 0.0 0.0 0.0 0.0 0.0 0.0 0.0 0.0 0.0 0.0 0.0 0.0 0.0 0.0 0.0 0.0 0.0 0.0005522413586908637 0.0027612067934473794 0.00994034445640779 0.03147775744528902 0.021537412988881233 0.0171194821193682 0.01546275804329908 0.006074654945582153 0.0011044827173782579 0.0 0.0 0.0 0.0 0.0 0.0 0.0 0.0 0.0
0.0 0.0 0.0 0.0 0.0 0.0 0.0 0.0 0.0 0.0 0.0 0.0 0.0 0.0 0.0 0.0 0.0 0.0 0.0 0.0 0.0 0.0 0.0 0.0 0.0 0.0 0.0 0.0 0.0 0.0 0.0 0.0 0.0016567240760691215 0.012149309891164306 0.07289585934698584 0.07289585934698584 0.047492756847278966 0.025955343858397734 0.006074654945582153 0.007179137662960411 0.0033134481521347736 0.0005522413586908637 0.0 0.0 0.0 0.0 0.0 0.0 0.0 0.0
0.0 0.0 0.0 0.0 0.0 0.0 0.0 0.0 0.0 0.0 0.0 0.0 0.0 0.0 0.0 0.0 0.0 0.0 0.0 0.0 0.0 0.0 0.0 0.0 0.0 0.0 0.0 0.0 0.0 0.0 0.0 0.0005522413586908637 0.006074654945582153 0.020432930271502975 0.11707516804212656 0.11652292668343917 0.09001534146635404 0.0690301698361602 0.02264189570625949 0.01270155124985517 0.008283620380338669 0.004970172228203895 0.0 0.0 0.0 0.0 0.0 0.0 0.0 0.0005522413586908637
0.0 0.0 0.0 0.0 0.0 0.0 0.0 0.0 0.0 0.0 0.0 0.0 0.0 0.0 0.0 0.0 0.0 0.0 0.0 0.0 0.0005522413586908637 0.0011044827173782579 0.0005522413586908637 0.0 0.0 0.0 0.0 0.0 0.0 0.0016567240760691215 0.0022089654347565157 0.012149309891164306 0.02098517163019384 0.055776377227617635 0.13088120200936 0.15241861499824122 0.13143344336804738 0.08891085874897231 0.025955343858397734 0.007179137662960411 0.0033134481521347736 0.0044179308695130315 0.0016567240760691215 0.0 0.0 0.0 0.0 0.0 0.0 0.0011044827173782579
0.0 0.0 0.0 0.0 0.0 0.0 0.0 0.0 0.0 0.0 0.0 0.0 0.0 0.0 0.0 0.0 0.0 0.0 0.0 0.0 0.0005522413586908637 0.0011044827173782579 0.0011044827173782579 0.0 0.0 0.0 0.0 0.0005522413586908637 0.0011044827173782579 0.006074654945582153 0.022089654347572096 0.03092551608659816 0.06461223896664717 0.10989603037916615 0.1800306829327046 0.16125447673727075 0.13971706374838605 0.09277654825979795 0.023194137064950354 0.004970172228203895 0.0016567240760691215 0.0022089654347565157 0.0011044827173782579 0.0005522413586908637 0.0011044827173782579 0.0 0.0 0.0 0.0 0.0011044827173782579
0.0 0.0 0.0 0.0 0.0 0.0 0.0 0.0 0.0 0.0 0.0 0.0 0.0 0.0 0.0 0.0 0.0 0.0 0.0 0.0005522413586908637 0.0011044827173782579 0.0005522413586908637 0.0005522413586908637 0.0 0.0005522413586908637 0.0005522413586908637 0.004970172228203895 0.005522413586894759 0.008835861739029532 0.020432930271502975 0.03810465374956204 0.04804499820596636 0.0817317210860119 0.10989603037916615 0.1750605107045007 0.14910516684610645 0.12149309891163959 0.07786603157518973 0.01822396483674646 0.005522413586894759 0.0027612067934473794 0.0016567240760691215 0.0005522413586908637 0.0005522413586908637 0.0016567240760691215 0.0005522413586908637 0.0 0.0 0.0 0.0005522413586908637
