static/data/precipitation/2023/7/15/18.asc
ncols 137
nrows 93
xllcorner 108.0
yllcorner 17.0
cellsize 0.25
NODATA_value -32767
[rows 21 to 41 of 93, columns 49 to 97 of 137]
0.0 0.0 0.0 0.0 0.0 0.05467189451023938 0.18444861380221764 0.5721220476020903 0.7504960064587257 0.7057644564048976 0.6405999760795631 0.7758991089584326 1.0260644444446756 1.1050349587372437 0.9570342746085154 0.49039032651607833 0.525733773472193 0.4859723956465653 0.4125242949408886 0.35177774548507057 0.23249361200818747 0.15186637363955036 0.08891085874897231 0.07841827293387713 0.3600613658654092 0.5953161846670406 0.6682120440140265 0.3396284355939062 0.5958684260257314 0.6555104927641713 0.530151704341706 0.5969729087431097 0.64998807917728 0.602495322330001 0.48707687836394353 0.4627782585816149 0.37110619303919523 0.5533458414066563 0.6411522174382505 0.3810465374955996 0.16456792488940553 0.07952275565125538 0.03644792967349292 0.0033134481521347736 0.0016567240760691215 0.0011044827173782579 0.0005522413586908637 0.0011044827173782579 0.0011044827173782579
0.20046361320420758 0.27943412749677554 0.3280313670614293 0.514688946298407 0.0690301698361602 0.2810908515728412 0.6488835964599017 0.7516004891761074 0.661032906351066 0.7886006602082878 0.8714368640116779 1.023855479009919 0.9581387573258972 0.9343923789022559 0.7217794558068841 0.5428532555915577 0.6218237698841257 0.5748832543955376 0.4865246370052527 0.29213567874662727 0.1905232687477998 0.13198568472673824 0.18279188972615198 0.2683893003229895 0.4484199832556941 0.3396284355939062 0.2297324052147401 0.6394954933621813 0.5997341155365536 0.5798534266237415 0.38822567515856343 0.38546446836511605 0.4213601566799181 0.44289756966879934 0.3843599856477378 0.2518220595623122 0.4141810190169577 0.48707687836394353 0.4224646393972964 0.21150844037799363 0.07510482478174235 0.03534344695611466 0.0077313790216512746 0.007179137662960411 0.0016567240760691215 0.0016567240760691215 0.0016567240760691215 0.0005522413586908637 0.02264189570625949
0.20156809592158584 0.11044827173785701 0.18058292429139547 0.2772251620620156 0.12535878842246523 0.04086586054300595 0.4539423968425854 0.5781967025476724 0.7024510082527593 0.8311232448273629 1.0382137543358398 1.1287813371608815 1.0707959944985073 0.8896608288484243 0.7206749730895058 0.8035111768928994 0.9200341035763351 0.6163013562972344 0.3722106757565735 0.29379240282269636 0.28661326515973595 0.3832555029303596 0.5091665327115122 0.4881813610813218 0.5185546358092326 0.39650929553890213 0.49370377466821314 0.4616737758642367 0.6571672168402404 0.7179137662960584 0.4103153295061321 0.4174944671690925 0.2220010261930888 0.19991137184552019 0.1778217174979481 0.10713482358571877 0.32416567755060716 0.3407329183112845 0.2567922317905126 0.10271689271620574 0.025955343858397734 0.024298619782328612 0.026507585217085128 0.02098517163019384 0.005522413586894759 0.0044179308695130315 0.007179137662960411 0.013253792608542564 0.037552412390871176
0.25292654227969047 0.20322481999765496 0.040313619184318555 0.012149309891164306 0.020432930271502975 0.009388103097716927 0.16456792488940553 0.2197920607583323 0.48376343021180535 0.9255565171632264 1.2845134003112575 1.335319605310671 1.2033339205839328 1.115527544552339 1.0719004772158855 0.9371535856957034 0.9559297918911371 0.6267939421123296 0.49149480923345656 0.4489722246143815 0.5892415297214584 0.7659587645020283 0.6417044587969413 0.5804056679824289 0.5262860148308803 0.43019601841894767 0.35398671091982703 0.2772251620620156 0.315882057170265 0.34128515966997186 0.3026282645617224 0.3860167097238035 0.17671723478056983 0.16567240760678378 0.1110005130965444 0.15407533907430687 0.27943412749677554 0.29765809233352203 0.1800306829327046 0.04473155005383159 0.011044827173786048 0.009388103097716927 0.01988068891281558 0.028716550651841644 0.01546275804329908 0.0077313790216512746 0.006074654945582153 0.0171194821193682 0.01546275804329908
0.26231464537740734 0.214269647171441 0.05080620499941374 0.18444861380221764 0.02540310249970687 0.010492585815095185 0.01270155124985517 0.06461223896664717 0.5505846346132091 2.689415416816778 3.0538947135517 1.7682768305230627 1.6379478698723935 1.5816192512860885 1.3126777096044115 1.177930818084226 1.1133185791175824 0.8747503121638162 0.7532572132521731 0.6085699772755832 0.7488392823826601 0.8338844516208067 0.5538980827653438 0.5064053259180683 0.4384796387992863 0.34238964238735015 0.20046361320420758 0.21647861260619752 0.1452394773352808 0.19549344097600369 0.17450826934581332 0.24353843918197005 0.15849326994382337 0.15186637363955036 0.2021203372802767 0.2772251620620156 0.2683893003229895 0.19880688912813846 0.0811794797273245 0.029268792010532507 0.0077313790216512746 0.0011044827173782579 0.0005522413586908637 0.008835861739029532 0.014358275325920822 0.005522413586894759 0.0027612067934473794 0.0027612067934473794 0.0011044827173782579
0.05688085994499589 0.03368672288004554 0.04362706733645333 0.3799420547782213 0.0033134481521347736 0.0022089654347565157 0.0027612067934473794 0.3727629171152609 1.102825993302487 4.2550196687008786 3.3830305633305096 2.094099232149739 2.0537856129654206 1.8560832065546602 1.308812020093586 1.1746173699320912 1.1227066822152993 1.1182887513457862 0.8062723836863434 0.6422567001556287 0.7582273854803769 0.7968842805886265 0.6290029075470861 0.47327084439671013 0.3976137782562804 0.40368843320186254 0.3053894713551698 0.17229930391105333 0.14413499461790255 0.19935913048682932 0.26949378304036775 0.23249361200818747 0.18665757923697415 0.17561275206319157 0.22255326755177968 0.23967274967114788 0.20543378543241148 0.08504516923815014 0.04804499820596636 0.02540310249970687 0.0016567240760691215 0.0005522413586908637 0.0 0.0 0.0 0.0 0.0 0.0 0.004970172228203895
0.09608999641193272 0.2021203372802767 0.23249361200818747 0.012149309891164306 0.0016567240760691215 0.0005522413586908637 0.0861496519555284 0.4710618789619536 1.5595295969385163 2.1747264705183724 2.3818169800268496 2.217801296496135 1.9643225128577573 1.4303051190052256 1.206647368736071 1.115527544552339 1.0023180660210378 0.8140037627079946 0.4931515333095257 0.4821067061357397 0.63397307977529 0.805720142327656 0.8327799689034285 0.5953161846670406 0.5439577383089395 0.5279427389069495 0.6113311840690305 0.24795637005148655 0.17009033847629682 0.22034430211702316 0.33521050472438974 0.3236134361919163 0.1949411996173163 0.23359809472556572 0.22862792249736183 0.11817965075950482 0.10989603037916615 0.1728515452697442 0.1336424088028039 0.025955343858397734 0.0022089654347565157 0.0016567240760691215 0.0 0.0 0.0 0.0 0.0 0.0 0.004970172228203895
0.12038861619426133 0.025955343858397734 0.0 0.0 0.0 0.017671723478055595 0.19162775146517805 0.7659587645020283 1.9151730319344127 2.087472335845466 1.8201875182398581 1.5308130462866747 1.3502301219952828 1.1679904736278217 0.9846463425429823 0.8559741059683789 0.6897494570029077 0.46056929314685846 0.3468075732568666 0.4235691221146747 0.45062894869045067 0.48265894749442706 0.4555991209186545 0.30980740222468284 0.5251815321135022 0.6483313551012109 0.4313005011363259 0.19880688912813846 0.1408215464657643 0.15738878722644511 0.19604568233469455 0.14689620141134646 0.11983637483557394 0.13971706374838605 0.11431396124867918 0.02264189570625949 0.012149309891164306 0.3307925738548767 0.28992671331187075 0.06350775624926544 0.006626896304273017 0.0016567240760691215 0.0 0.0 0.0 0.0 0.0 0.0 0.008835861739029532
0.03644792967349292 0.0 0.0 0.0022089654347565157 0.018776206195437323 0.1452394773352808 1.0580944432486556 2.072561819160854 2.06262147470445 1.5760968376991973 1.42864839492916 1.3491256392779045 1.2701551249853367 1.2027816792252455 0.9796761703147784 0.9123027245546839 0.8189739349361985 0.566599634015199 0.7714811780889196 0.6212715285254383 0.40203170912579345 0.2683893003229895 0.3053894713551698 0.19162775146517805 0.14910516684610645 0.1110005130965444 0.06019430809713067 0.18223964836746112 0.2501653354862431 0.2197920607583323 0.13916482238969866 0.1209408575529522 0.07676154885781147 0.07013465255353846 0.054119653151548514 0.01546275804329908 0.006626896304273017 0.12038861619426133 0.09995568592275836 0.009388103097716927 0.0005522413586908637 0.0005522413586908637 0.0 0.0 0.0 0.0 0.0 0.0 0.0011044827173782579
0.0 0.02264189570625949 0.03534344695611466 0.11983637483557394 0.6140923908624745 2.0449497512263908 2.2735776737237527 1.962665788781688 1.2248713335728176 1.2955582274850435 1.1900801279753903 1.2210056440619919 1.2441997811269423 1.1608113359648613 0.7709289367302321 0.6671075612966482 0.591450495156215 0.37662860662608655 0.609122218634274 0.4970172228203479 0.27777740342070645 0.10161240999882748 0.11928413347688308 0.08449292787945928 0.08559741059683754 0.07179137662960758 0.05080620499941374 0.0298210333692199 0.08228396244470276 0.11376171988999179 0.11320947853130092 0.1949411996173163 0.13253792608542564 0.11707516804212656 0.12038861619426133 0.11983637483557394 0.048597239564657224 0.03810465374956204 0.030373274727910765 0.01270155124985517 0.0 0.0 0.0 0.0005522413586908637 0.0016567240760691215 0.0 0.0005522413586908637 0.0005522413586908637 0.0011044827173782579
0.0005522413586908637 0.0392091364669403 0.5047486018419991 1.085706511183119 3.0367752314323337 1.8350980349244663 1.8560832065546602 1.3143344336804772 0.9923777215646301 1.1127663377588914 1.2513789187899027 1.2591102978115505 0.9874075493364263 0.7284063521111571 0.6599284236336843 0.40865860543006644 0.19935913048682932 0.4368229147232172 0.21813533668226318 0.1507618909221721 0.10050792728144922 0.025955343858397734 0.029268792010532507 0.027612067934463386 0.02705982657577599 0.0298210333692199 0.01988068891281558 0.01546275804329908 0.09940344456407096 0.11983637483557394 0.09940344456407096 0.15738878722644511 0.13916482238969866 0.1507618909221721 0.1507618909221721 0.09498551369455446 0.040313619184318555 0.03147775744528902 0.02264189570625949 0.006626896304273017 0.0005522413586908637 0.0 0.0011044827173782579 0.006074654945582153 0.010492585815095185 0.0011044827173782579 0.0011044827173782579 0.0011044827173782579 0.0005522413586908637
0.10713482358571877 1.2563490910181065 1.8571876892720385 2.607131454372075 2.227741640952543 1.6186194223182688 1.2088563341708276 0.710734628633098 1.0939901315634577 0.8675711745008557 0.9923777215646301 1.0387659956945308 0.8532128991749315 0.37386739983263917 0.4003749850497243 0.19438895825862543 0.08504516923815014 0.21537412988881927 0.06792568711878194 0.054119653151548514 0.005522413586894759 0.008283620380338669 0.009388103097716927 0.008835861739029532 0.012149309891164306 0.01546275804329908 0.040313619184318555 0.02098517163019384 0.07897051429256799 0.08449292787945928 0.07179137662960758 0.18941878603042153 0.10603034086834051 0.11707516804212656 0.10989603037916615 0.0640599976079563 0.024298619782328612 0.030373274727910765 0.026507585217085128 0.026507585217085128 0.0005522413586908637 0.0005522413586908637 0.012149309891164306 0.017671723478055595 0.008283620380338669 0.01270155124985517 0.008835861739029532 0.0016567240760691215 0.0005522413586908637
1.9510687202492147 2.857296789858318 1.7528140724797636 1.8527697584025256 0.9288699653153647 0.7339287656980484 0.3230611948332289 0.4451065351035559 0.737794455208874 0.4340617079297733 0.37386739983263917 0.42080791532123074 0.4296437770602568 0.15959775266120163 0.15407533907430687 0.16567240760678378 0.06240327353188718 0.06074654945582153 0.020432930271502975 0.007179137662960411 0.006626896304273017 0.008835861739029532 0.011044827173786048 0.0298210333692199 0.033134481521358145 0.037552412390871176 0.05632861858630503 0.025955343858397734 0.028716550651841644 0.033134481521358145 0.06737344576009108 0.16401568353071466 0.09277654825979795 0.07179137662960758 0.06461223896664717 0.061298790814508924 0.04804499820596636 0.04804499820596636 0.024298619782328612 0.020432930271502975 0.0027612067934473794 0.0005522413586908637 0.011597068532473442 0.0171194821193682 0.010492585815095185 0.012149309891164306 0.007179137662960411 0.0005522413586908637 0.0
3.568031418491418 1.981994236335813 0.8747503121638162 0.582062392058498 0.35177774548507057 0.18610533787828676 0.3379717115178371 0.46719618945112795 0.2148218885301284 0.07068689391222932 0.0016567240760691215 0.029268792010532507 0.04086586054300595 0.08559741059683754 0.06847792847746934 0.08007499700994625 0.04914948092334462 0.0298210333692199 0.012149309891164306 0.008835861739029532 0.0077313790216512746 0.01546275804329908 0.024850861141019476 0.051910687716792 0.06295551489057805 0.06737344576009108 0.051358446358104604 0.016014999401989943 0.019328447554124717 0.03976137782562769 0.07620930749912061 0.07234361798829497 0.09277654825979795 0.0695824111948476 0.05908982537975241 0.05798534266237415 0.07289585934698584 0.061298790814508924 0.037552412390871176 0.008283620380338669 0.0033134481521347736 0.0005522413586908637 0.0033134481521347736 0.008835861739029532 0.02264189570625949 0.0033134481521347736 0.0005522413586908637 0.0016567240760691215 0.0011044827173782579
2.217801296496135 0.37883757206084306 0.0469405154885881 0.4075541227126882 0.3125686090181302 0.2021203372802767 0.36116584858278744 0.43571843200583893 0.019328447554124717 0.0011044827173782579 0.0016567240760691215 0.029268792010532507 0.061298790814508924 0.11376171988999179 0.09277654825979795 0.07123913527091671 0.03147775744528902 0.014358275325920822 0.012149309891164306 0.008283620380338669 0.01988068891281558 0.029268792010532507 0.055776377227617635 0.0690301698361602 0.07897051429256799 0.06074654945582153 0.03534344695611466 0.005522413586894759 0.03534344695611466 0.054119653151548514 0.05798534266237415 0.02540310249970687 0.08007499700994625 0.08504516923815014 0.07510482478174235 0.05080620499941374 0.0690301698361602 0.05743310130368676 0.0347912055974238 0.0027612067934473794 0.0016567240760691215 0.005522413586894759 0.006626896304273017 0.006074654945582153 0.0298210333692199 0.0016567240760691215 0.0005522413586908637 0.0016567240760691215 0.0033134481521347736
0.08449292787945928 0.050253963640722876 0.029268792010532507 0.055776377227617635 0.35177774548507057 0.08394068652077188 0.02264189570625949 0.012149309891164306 0.0005522413586908637 0.0011044827173782579 0.0027612067934473794 0.008835861739029532 0.01988068891281558 0.05080620499941374 0.025955343858397734 0.019328447554124717 0.019328447554124717 0.006626896304273017 0.008283620380338669 0.01822396483674646 0.03368672288004554 0.045836032771209845 0.07841827293387713 0.06461223896664717 0.06571672168402543 0.04970172228203548 0.010492585815095185 0.0077313790216512746 0.020432930271502975 0.02374637842363775 0.029268792010532507 0.054119653151548514 0.07565706614042975 0.07068689391222932 0.058537584021065014 0.040313619184318555 0.040313619184318555 0.018776206195437323 0.004970172228203895 0.0022089654347565157 0.0033134481521347736 0.01546275804329908 0.011044827173786048 0.004970172228203895 0.0038656895108256373 0.0033134481521347736 0.0016567240760691215 0.0016567240760691215 0.0027612067934473794
0.18113516565008286 0.09277654825979795 0.054119653151548514 0.0690301698361602 0.0690301698361602 0.008835861739029532 0.0016567240760691215 0.0016567240760691215 0.0005522413586908637 0.0016567240760691215 0.004970172228203895 0.013806033967233428 0.024298619782328612 0.02264189570625949 0.014358275325920822 0.00994034445640779 0.0077313790216512746 0.008835861739029532 0.021537412988881233 0.04362706733645333 0.05467189451023938 0.05743310130368676 0.043074825977762465 0.03810465374956204 0.03147775744528902 0.02540310249970687 0.018776206195437323 0.016567240760677338 0.027612067934463386 0.029268792010532507 0.0298210333692199 0.04914948092334462 0.03202999880397989 0.029268792010532507 0.02705982657577599 0.019328447554124717 0.02540310249970687 0.011044827173786048 0.0038656895108256373 0.0016567240760691215 0.0 0.0 0.0 0.0016567240760691215 0.004970172228203895 0.004970172228203895 0.0038656895108256373 0.0022089654347565157 0.0016567240760691215
0.0005522413586908637 0.0005522413586908637 0.19328447554124717 0.49149480923345656 0.054119653151548514 0.0022089654347565157 0.0016567240760691215 0.0016567240760691215 0.0011044827173782579 0.01546275804329908 0.0171194821193682 0.013806033967233428 0.011597068532473442 0.0171194821193682 0.013806033967233428 0.010492585815095185 0.008835861739029532 0.013806033967233428 0.055776377227617635 0.05743310130368676 0.04473155005383159 0.03644792967349292 0.05467189451023938 0.016014999401989943 0.008835861739029532 0.01270155124985517 0.013806033967233428 0.010492585815095185 0.02374637842363775 0.03976137782562769 0.05246292907548286 0.05688085994499589 0.0298210333692199 0.03258224016266728 0.03644792967349292 0.02816430929315425 0.013806033967233428 0.006074654945582153 0.0027612067934473794 0.0016567240760691215 0.0005522413586908637 0.0005522413586908637 0.0011044827173782579 0.0033134481521347736 0.006074654945582153 0.0016567240760691215 0.0022089654347565157 0.0027612067934473794 0.0038656895108256373
0.0 0.0 0.0 0.07841827293387713 0.0077313790216512746 0.0022089654347565157 0.006074654945582153 0.004970172228203895 0.0044179308695130315 0.01988068891281558 0.009388103097716927 0.006074654945582153 0.006074654945582153 0.010492585815095185 0.012149309891164306 0.008283620380338669 0.012149309891164306 0.028716550651841644 0.05522413586892677 0.05467189451023938 0.10934378902047875 0.08062723836863364 0.04914948092334462 0.0171194821193682 0.0038656895108256373 0.029268792010532507 0.024298619782328612 0.02816430929315425 0.04970172228203548 0.05356741179286112 0.0469405154885881 0.0392091364669403 0.026507585217085128 0.025955343858397734 0.02816430929315425 0.01822396483674646 0.006626896304273017 0.0016567240760691215 0.0033134481521347736 0.0011044827173782579 0.0022089654347565157 0.008283620380338669 0.010492585815095185 0.006626896304273017 0.008283620380338669 0.0077313790216512746 0.004970172228203895 0.0022089654347565157 0.0027612067934473794
0.0005522413586908637 0.0 0.0 0.0 0.0 0.0011044827173782579 0.02816430929315425 0.030373274727910765 0.018776206195437323 0.033134481521358145 0.00994034445640779 0.0033134481521347736 0.0044179308695130315 0.005522413586894759 0.008283620380338669 0.007179137662960411 0.016567240760677338 0.035895688314802054 0.05632861858630503 0.054119653151548514 0.07676154885781147 0.06074654945582153 0.025955343858397734 0.01546275804329908 0.026507585217085128 0.024298619782328612 0.02264189570625949 0.030373274727910765 0.047492756847278966 0.06350775624926544 0.03700017103218031 0.02816430929315425 0.01988068891281558 0.013253792608542564 0.021537412988881233 0.019328447554124717 0.008835861739029532 0.0038656895108256373 0.0038656895108256373 0.0038656895108256373 0.0038656895108256373 0.008835861739029532 0.008835861739029532 0.0033134481521347736 0.0027612067934473794 0.004970172228203895 0.006626896304273017 0.004970172228203895 0.0033134481521347736
0.0005522413586908637 0.0 0.0 0.0 0.0 0.0022089654347565157 0.06185103217319979 0.09719447912931445 0.0695824111948476 0.01546275804329908 0.008835861739029532 0.0022089654347565157 0.0022089654347565157 0.0033134481521347736 0.005522413586894759 0.013806033967233428 0.029268792010532507 0.035895688314802054 0.04252258461907507 0.03368672288004554 0.040313619184318555 0.0298210333692199 0.021537412988881233 0.013806033967233428 0.03368672288004554 0.022089654347572096 0.0298210333692199 0.04252258461907507 0.053015170434170256 0.054119653151548514 0.030373274727910765 0.019328447554124717 0.01546275804329908 0.012149309891164306 0.0298210333692199 0.0171194821193682 0.021537412988881233 0.020432930271502975 0.009388103097716927 0.0077313790216512746 0.0027612067934473794 0.006074654945582153 0.006626896304273017 0.0016567240760691215 0.0038656895108256373 0.004970172228203895 0.007179137662960411 0.007179137662960411 0.005522413586894759
