static/data/precipitation/2023/7/15/6.asc
ncols 137
nrows 93
xllcorner 108.0
yllcorner 17.0
cellsize 0.25
NODATA_value -32767
[rows 0 to 20 of 93, columns 48 to 95 of 137]
0.0 0.0 0.0 0.0 0.0 0.0 0.0 0.0011044827173782579 0.012149309891164306 0.008835861739029532 0.0038656895108256373 0.0 0.009388103097716927 0.02098517163019384 0.05688085994499589 0.04362706733645333 0.03644792967349292 0.029268792010532507 0.016567240760677338 0.013253792608542564 0.05743310130368676 0.34128515966997186 0.32416567755060716 0.36668826216967876 0.5373308420046664 0.941019275206529 1.4899471857436688 1.990277856716155 0.5240770493961239 0.10658258222703137 0.07676154885781147 0.21206068173668102 0.20874723358454625 0.16346344217202727 0.03368672288004554 0.01270155124985517 0.0016567240760691215 0.0 0.0 0.0 0.0 0.0 0.0 0.0 0.0 0.0 0.0 0.0
0.0 0.0 0.0 0.0 0.0 0.0 0.0 0.0 0.0 0.0 0.0 0.005522413586894759 0.045836032771209845 0.04141810190169681 0.025955343858397734 0.0005522413586908637 0.0 0.0 0.0 0.0 0.0 0.19383671689993803 0.690301698361595 0.9896165147711827 0.9592432400432754 0.7317198002632919 0.941019275206529 0.6952718705897989 0.37552412390870826 0.05798534266237415 0.012149309891164306 0.0016567240760691215 0.0022089654347565157 0.0011044827173782579 0.0005522413586908637 0.0005522413586908637 0.0 0.0 0.0 0.0 0.0 0.0 0.0 0.0 0.0 0.0 0.0 0.0
0.0 0.0 0.0 0.0 0.0 0.0 0.0 0.0 0.0 0.0 0.0 0.0 0.0 0.0016567240760691215 0.0016567240760691215 0.0 0.0 0.0 0.0 0.0 0.0 0.06682120440140368 0.15904551130251077 0.338523952876528 0.4252258461907438 0.4235691221146747 0.19107551010649065 0.09940344456407096 0.054119653151548514 0.022089654347572096 0.0 0.0 0.0 0.0 0.0 0.0 0.0 0.0 0.0 0.0 0.0 0.0 0.0 0.0 0.0 0.0 0.0 0.0
0.0 0.0 0.0 0.0 0.0 0.0 0.0 0.0 0.0 0.0 0.0 0.0 0.0 0.0 0.0 0.0 0.0 0.0 0.0 0.0 0.0 0.028716550651841644 0.10768706494440963 0.11983637483557394 0.11431396124867918 0.10271689271620574 0.17174706255236594 0.09222430690111055 0.01270155124985517 0.0011044827173782579 0.0 0.0 0.0 0.0 0.0 0.0 0.0 0.0 0.0 0.0 0.0 0.0 0.0 0.0 0.0 0.0 0.0 0.0011044827173782579
0.0 0.0 0.0 0.0 0.0 0.0 0.0 0.0 0.0 0.0 0.0 0.0 0.0 0.0 0.0 0.0 0.0 0.0 0.0 0.0 0.0 0.028716550651841644 0.04141810190169681 0.05080620499941374 0.04362706733645333 0.07123913527091671 0.23912050831245701 0.1855530965195959 0.10603034086834051 0.0298210333692199 0.017671723478055595 0.008835861739029532 0.009388103097716927 0.0027612067934473794 0.0 0.0 0.0 0.0 0.0 0.0 0.0 0.0 0.0 0.0 0.0 0.0005522413586908637 0.0011044827173782579 0.01546275804329908
0.0 0.0 0.0 0.0 0.0 0.0 0.0 0.0 0.0 0.0 0.0 0.0 0.0 0.0 0.0 0.0 0.0 0.0 0.0 0.0 0.0 0.0 0.006626896304273017 0.01546275804329908 0.033134481521358145 0.0690301698361602 0.2744639552685717 0.598077391460488 0.5671518753738863 1.0768706494440894 0.06792568711878194 0.05908982537975241 0.25789671450789087 1.159706853247483 0.952064102380315 0.103821375433584 0.0 0.0 0.0 0.0 0.0 0.0 0.0 0.0011044827173782579 0.01546275804329908 0.016014999401989943 0.08228396244470276 0.19383671689993803
0.0 0.0 0.0 0.0 0.0 0.0 0.0 0.0 0.0 0.0 0.0 0.0 0.0 0.0 0.0 0.0 0.0 0.0 0.0 0.0 0.0 0.0 0.0077313790216512746 0.013806033967233428 0.03202999880397989 0.12646327113984349 0.3628225726588566 0.6737344576009177 0.7466303169479036 1.162468060040927 0.4627782585816149 0.24574740461673003 0.29379240282269636 1.1569456464540355 0.9233475517284699 0.07234361798829497 0.0 0.0 0.0 0.0 0.0 0.0 0.011044827173786048 0.026507585217085128 0.048597239564657224 0.10934378902047875 0.17947844157401374 0.28992671331187075
0.0 0.0 0.0 0.0 0.0 0.0 0.0 0.0 0.0 0.0 0.0 0.0 0.0 0.0 0.0 0.0 0.0 0.0 0.0 0.0 0.0 0.0016567240760691215 0.012149309891164306 0.019328447554124717 0.04970172228203548 0.13916482238969866 0.47327084439671013 0.981885135749535 0.7665110058607156 0.7571229027629988 1.1177365099870953 0.5848235988519455 0.1380603396723204 0.42080791532123074 0.07289585934698584 0.0 0.0 0.0 0.0 0.0 0.0 0.0005522413586908637 0.007179137662960411 0.04086586054300595 0.09443327233586707 0.1629112008133364 0.23249361200818747 0.3042849886377916
0.0 0.0 0.0 0.0 0.0 0.0 0.0 0.0 0.0 0.0 0.0 0.0 0.0 0.0 0.0 0.0 0.0 0.0 0.0 0.0 0.0 0.0 0.0077313790216512746 0.01822396483674646 0.02816430929315425 0.13529913287887302 1.1111096136828258 1.6650076964481695 1.1939458174862159 1.0404227197705964 0.8084813491210998 0.4114198122235103 0.11541844396605744 0.04804499820596636 0.0022089654347565157 0.0005522413586908637 0.0 0.0005522413586908637 0.0005522413586908637 0.0 0.0 0.0 0.008835861739029532 0.0347912055974238 0.07786603157518973 0.14468723597658995 0.22420999162784533 0.29324016146400556
0.0 0.0 0.0 0.0 0.0 0.0 0.0 0.0 0.0 0.0 0.0 0.0 0.0 0.0 0.0 0.0 0.0 0.0 0.0 0.0 0.0 0.0 0.0005522413586908637 0.008283620380338669 0.025955343858397734 0.13088120200936 1.2800954694417443 2.1106664729104163 1.6302164908507457 1.225975816290196 0.8167649695014421 0.3214044707571598 0.23801602559507876 0.17064257983498768 0.10437361679227486 0.0011044827173782579 0.0 0.0011044827173782579 0.004970172228203895 0.0044179308695130315 0.0011044827173782579 0.008283620380338669 0.016567240760677338 0.06461223896664717 0.0938810309771762 0.14689620141134646 0.20101585456289844 0.2683893003229895
0.0 0.0 0.0 0.0 0.0 0.0 0.0 0.0 0.0 0.0 0.0 0.0 0.0 0.0 0.0 0.0 0.0 0.0 0.0 0.0 0.0 0.0 0.0011044827173782579 0.0016567240760691215 0.0022089654347565157 0.019328447554124717 0.2645236108121639 0.6312118729818427 0.8940787597179409 0.9481984128694894 0.7350332484154266 0.6135401495037871 0.6422567001556287 0.5185546358092326 0.27059826575774604 0.09277654825979795 0.004970172228203895 0.09940344456407096 0.08559741059683754 0.028716550651841644 0.014910516684611685 0.04197034326038421 0.12370206434639958 0.20377706135634235 0.295449126898762 0.35453895227851445 0.37386739983263917 0.322508953474538
0.0 0.0 0.0 0.0 0.0 0.0 0.0 0.0 0.0 0.0 0.0 0.0 0.0 0.0 0.0 0.0 0.0 0.0 0.0 0.0 0.0 0.0 0.0 0.0 0.0 0.0016567240760691215 0.010492585815095185 0.09056758282504143 0.1949411996173163 0.5434054969502486 0.9062280696091017 1.325931502212954 1.6125447673726867 1.18290099031243 0.654406010046793 0.24519516325803917 0.07123913527091671 0.3390761942352154 0.23580706016032224 0.06626896304271282 0.13916482238969866 0.31312085037682114 0.5191068771679199 0.6671075612966482 0.6891972156442168 0.5135844635810287 0.36779274488705704 0.21758309532357578
0.0 0.0 0.0011044827173782579 0.0016567240760691215 0.0 0.0011044827173782579 0.008283620380338669 0.048597239564657224 0.34018067695259363 0.37386739983263917 0.2247622329865362 0.0 0.0 0.0 0.0 0.0 0.0 0.0 0.0 0.0 0.0 0.0 0.0 0.0 0.0 0.0022089654347565157 0.021537412988881233 0.13419465016149476 0.36834498624574785 1.0183330654230278 1.6887540748718073 2.259219398397832 3.177596777898098 2.8208488601848254 1.8792773436196106 0.6969285946658681 0.2220010261930888 0.8703323812942997 0.7709289367302321 0.5312561870590843 0.8885563461310462 1.079079614878846 1.1193932340631645 0.9238997930871607 0.6985853187419337 0.442345328310112 0.2424339564645918 0.10106016864013662
0.0 0.0 0.0 0.0 0.0005522413586908637 0.0 0.0044179308695130315 0.0044179308695130315 0.10879154766178789 0.12038861619426133 0.12038861619426133 0.0 0.0 0.0 0.0 0.0 0.0 0.0 0.0 0.0 0.0 0.0 0.0 0.0005522413586908637 0.0011044827173782579 0.025955343858397734 0.20653826814978973 0.3860167097238035 1.3320061571585364 2.180248884105264 2.851774376271425 3.3217317725160003 3.736465032891647 3.0467155758887396 2.352548188016321 1.444111152972459 0.6030475636886918 1.4976785647653201 1.344707708408388 0.9680791017823015 1.266289435474511 1.3148866750391681 1.1000647865090398 0.8554218646096914 0.5113754981462721 0.28274757564891034 0.10492585815096225 0.04086586054300595
0.0 0.0 0.0 0.0 0.0005522413586908637 0.0 0.0 0.0 0.0 0.0 0.0 0.0 0.0 0.0 0.0 0.0 0.0 0.0 0.0 0.0 0.0 0.0 0.0005522413586908637 0.0011044827173782579 0.017671723478055595 0.4042406745605499 0.7151525595026145 1.7075302810672446 2.6253554192088213 2.8445952386084645 2.7805352410005084 3.1671041920830025 3.1372831587137813 2.5408624913293623 1.8814863090543672 1.4358275325921204 0.7217794558068841 1.2077518514534493 1.3529913287887267 1.1193932340631645 1.1762740940081604 0.9542730678150715 0.7394511792849432 0.4810022234183614 0.22310550891046707 0.08007499700994625 0.055776377227617635 0.004970172228203895
0.0 0.0 0.0 0.0 0.0 0.0 0.0 0.0 0.0 0.0 0.0 0.0 0.0 0.0 0.0 0.0 0.0 0.0011044827173782579 0.0 0.0 0.0 0.0016567240760691215 0.0016567240760691215 0.14855292548741558 0.30483722999648244 1.1348559921064636 1.814112863294276 2.7976547231198765 2.747953000837841 2.488399562253881 2.4237873232872373 2.5298176641555763 2.541414732688051 2.0593080265523116 1.572783389547059 1.12325892357399 0.6925106637963551 0.7179137662960584 0.8614965195552736 0.8261530725991589 0.7731379021649887 0.5467189451023834 0.3876734337998726 0.13032896065066912 0.047492756847278966 0.025955343858397734 0.0016567240760691215 0.0016567240760691215
0.0 0.0 0.0 0.0 0.0 0.0 0.0 0.0 0.0 0.0 0.0 0.0 0.0 0.0 0.0 0.0 0.0 0.0016567240760691215 0.0005522413586908637 0.0005522413586908637 0.0005522413586908637 0.0044179308695130315 0.24022499102983527 0.3871211924411817 1.3132299509630991 2.4420112881239806 3.1240293661052387 2.5999523167091145 2.1007261284540086 2.151532333453422 1.7936799330227695 1.900262515249801 1.7207840736757871 1.496021840689251 1.0078404796079292 0.857078588685757 0.5461667037436959 0.5411965315154921 0.534569635211219 0.498673946896417 0.34018067695259363 0.2264189570626053 0.06737344576009108 0.03976137782562769 0.004970172228203895 0.0011044827173782579 0.0011044827173782579 0.0005522413586908637
0.0 0.0 0.0 0.0 0.0 0.0 0.0 0.0 0.0 0.0 0.0 0.0 0.0 0.0 0.0 0.0 0.0 0.0 0.043074825977762465 0.04362706733645333 0.008835861739029532 0.2098517163019245 0.5014351536898644 1.1900801279753903 2.5121459406775206 3.2444179822995016 2.71150507116435 2.0604125092696934 1.5876939062316706 2.580071627796301 2.039979578998187 1.0752139253680237 0.6052565291234484 0.5218680839613674 0.5439577383089395 0.45283791412520713 0.3457030905394884 0.22918016385604922 0.21923981939964143 0.21592637124750666 0.0817317210860119 0.01270155124985517 0.009388103097716927 0.0011044827173782579 0.0 0.0 0.0 0.0
0.0 0.0 0.0 0.0 0.0 0.0 0.0 0.0 0.0 0.0 0.0 0.0 0.0 0.0 0.0 0.0 0.0 0.0005522413586908637 0.07510482478174235 0.2993148164095877 0.207642750867168 0.710734628633098 1.572783389547059 2.4707278387758236 2.7026692094253204 2.4674143906236874 1.9234566523147514 1.4965740820479418 1.1757218526494695 2.201786297094145 2.0350094067699867 1.0956468556395267 0.3501210214090014 0.322508953474538 0.38380774428904696 0.37773308934346483 0.2590011972252726 0.04252258461907507 0.013253792608542564 0.0022089654347565157 0.0005522413586908637 0.0005522413586908637 0.0005522413586908637 0.0 0.0 0.0 0.0 0.0
0.0 0.0 0.0 0.0 0.0 0.0 0.0 0.0 0.0 0.0 0.0 0.0 0.0016567240760691215 0.0 0.0 0.0 0.0 0.0016567240760691215 0.12701551249853435 0.4070018813539973 1.1271246130848158 2.1366218167688107 2.6419226599695005 2.7043259335013876 2.5878030068179503 2.1697562982901686 1.6655599378068604 1.3524390874300394 1.5103801160151717 1.9593523406295534 2.4939219758407742 2.3381899126903964 0.557211530917482 0.19604568233469455 0.18941878603042153 0.21150844037799363 0.01546275804329908 0.005522413586894759 0.0016567240760691215 0.0011044827173782579 0.0011044827173782579 0.0016567240760691215 0.0016567240760691215 0.0011044827173782579 0.0005522413586908637 0.0 0.0 0.0005522413586908637
0.0 0.0 0.0 0.0 0.0 0.0 0.0 0.0 0.0 0.0 0.0 0.0044179308695130315 0.019328447554124717 0.0044179308695130315 0.0 0.0 0.0011044827173782579 0.13253792608542564 0.7273018693937788 1.4965740820479418 2.2973240521473905 2.4061155998091786 2.5530118012205265 2.4745935282866496 2.1090097488343473 1.1160797859110296 0.9426759992825946 0.9581387573258972 0.530151704341706 0.7504960064587257 0.7433168687957653 0.49039032651607833 0.06185103217319979 0.0171194821193682 0.0171194821193682 0.021537412988881233 0.022089654347572096 0.006626896304273017 0.0011044827173782579 0.0016567240760691215 0.0044179308695130315 0.024298619782328612 0.016014999401989943 0.0016567240760691215 0.0011044827173782579 0.0005522413586908637 0.0005522413586908637 0.0022089654347565157
