static/data/seaWind_vo/2023/7/30/0.asc
ncols 137
nrows 93
xllcorner 108.0
yllcorner 17.0
cellsize 0.25
NODATA_value -32767
[rows 19 to 37 of 93, columns 0 to 42 of 137]
-1.7114754521208098 -2.117163948800798 -2.73548303913543 -3.440099901790147 -3.8769267699258365 -3.186544591365154 -2.3991886274138605 -1.5308728976777446 -0.531776007827685 0.07764640494817465 0.2555799561236083 0.37657477092290326 0.3570020802936056 -0.28711737496146394 -0.8983191232490784 -1.3218009750466102 -1.7497311656235275 -2.0797979030539575 -1.7114754521208098 -0.9757202180103919 0.038501023689579306 0.5954330388686866 0.9424034636607821 1.3062775758145437 2.1256615789774154 3.243084280359138 3.8800863935671903 4.28221621922367 4.6024966113394505 4.591820598268924 4.515309171263488 4.502853822681208 4.775981823735498 4.839148234402777 4.856051921764443 4.726160429406377 4.438797744258052 3.7297325428239487 3.0811647487894938 2.6363308708509097 2.425479612708021 2.887217178008271 3.0829440843012477
-1.4169954249254673 -1.9089816939255413 -2.1589783333270254 -2.241717434623602 -2.0041761438043975 -1.1892404794209122 -0.40544318649312716 0.3756851031670261 1.1790550867241087 1.1452477120007762 0.7128691826444726 0.20575856179448682 -0.31202807212602446 -0.9677132082074973 -1.2639725709145941 -1.2114821733178411 -0.9401335077753052 -0.6162944446360159 0.11323311518326173 0.9326171183461331 1.5429291988778702 1.4868801302576087 1.6060956095451493 1.8133881966645293 2.171034634527151 2.876541164937745 3.4254661703139577 3.8987694164406106 4.393424688708317 4.748402123303306 4.5971586048041875 4.374741665834895 4.506412493704716 4.840927569914531 4.933453016525757 4.822244547041111 4.566020233348487 3.614965402315794 2.968176943793093 2.679924590888891 2.803588408955817 3.137213817409755 3.048247041822038
-1.47571349681336 -1.682116416176863 -1.3929743955167835 -0.38053248932856665 0.5731913449717574 1.372112989749454 1.8685475975289136 2.2973674558617088 1.9272656694168069 0.9112650922050811 0.3739057676552717 -0.0727074457950665 -0.33871810480233977 -0.6501018193593486 -0.7008128814443468 -0.6198531156595246 -0.494409962080844 0.1105641119156302 0.7635802447294713 1.1995174451092836 1.287594552941123 1.148806383024285 1.1835034255034944 1.3961340191581377 1.7973741770587401 2.8365061159232723 3.426355838069835 3.7768849338854387 3.9654944981313984 4.12830369745692 3.959266823840258 3.7973472922706133 4.089158316198325 4.670111360786115 4.952136039399178 5.017081785578211 4.63096597952752 3.5366746397986035 2.9655079405254616 2.7733397052559936 2.913907210684586 3.2768916550824705 3.4254661703139577
-0.9872858988367952 -1.0726940034010033 -0.472168268183915 0.5295976249337762 1.3507609636084021 1.6078749450569036 1.848974906899616 1.1363510344420047 0.20842756506211835 -0.6812401908150494 -0.7933383280555724 -0.9828375600574093 -0.49974796861610704 -0.11452183032129337 -0.11185282705366184 0.02070766857203621 0.05540471105124567 0.26803530470588877 0.17639952585054042 0.3534434092700969 0.38102310970228914 0.8134016390585928 0.8676713721670999 1.1559237250713024 1.6114336160804124 2.5927371508129284 3.19860089256528 3.5384539753103574 3.8436100155762265 3.6825801517624592 3.556247330427901 3.5775993565689532 3.9494804785256092 4.363175985008493 4.630076311771642 4.672780364053747 4.202146121194725 3.501977597319394 2.9966463119811624 2.987749634422391 3.1256481365833517 3.3578514208672927 3.693256164832985
0.2911666663586949 0.2920563341145721 0.5376046347366705 0.8614436978759596 1.160372063850688 0.9771005061399916 0.07408773392466639 -0.7097095590031186 -1.3911950600050291 -1.8609396351081737 -1.7337171460177392 -1.250627554576437 -0.8102420154172387 -0.40633285424900434 -0.08249379110971544 0.2867183275793095 0.5331562959572849 0.22266224915615318 -0.11985983685655643 -0.14388086626523977 0.038501023689579306 0.6790618079211403 0.9432931314166593 1.1763860834564772 1.6060956095451493 2.3018157946410946 2.7430910015561696 3.273332984058962 3.6060687247570224 3.61941374109518 3.216394247682823 3.327602717167469 3.720835865265177 4.062468283522009 4.2475191767444604 4.336485952332177 3.995743201831222 3.566923343498427 3.476177232398956 3.3098093620499256 3.2813399938618564 3.341837401261504 3.566923343498427
0.016259329792650323 0.02960434613080798 -0.1741295699650638 -0.17857790874444968 -0.30935906885839337 -0.6509914871152258 -1.6474193736976535 -1.7657451852293167 -1.8378082734553671 -1.9641410947899254 -2.1153846132890437 -1.6785577451533542 -1.3075662909525754 -1.098494368321441 -0.6171841123918931 0.018038665304404677 0.44418952036956805 0.2902769986028182 0.49934892123395236 0.32853271210553614 0.5304872926896533 0.984217848187009 1.234214487588493 1.3409746182937532 1.6870553753299715 2.0740608491365395 2.3471888501908302 2.863196148599587 3.3133680330734343 3.4308041768492203 3.142551823945018 3.1914835505182624 3.534895304286849 3.771546927350176 3.916562771558154 4.066026954545518 4.042895592892712 3.890762406637716 3.7537535722326325 3.5802683598365848 3.4405905221638693 3.301802352247031 3.534895304286849
-1.1518744336740712 -1.1696677887916143 -1.4232230992166075 -1.5486662527952881 -1.4401267865782734 -1.7835385403468602 -1.797773224440895 -1.5664596079128312 -1.6216190087772158 -2.046880196086502 -2.197234046829743 -1.8894090032962434 -1.637633028383005 -1.4810515033486231 -1.056679983795214 -0.4125605285401446 0.08120507597168336 0.39169912277281504 0.6434750976860537 1.1194473470803383 1.318732924396824 1.408589367740418 1.3383056150261217 1.445955413487259 1.5838539156482199 1.8987963012287374 2.109647559371626 2.552702101798456 3.00376365402818 3.6122963990481627 3.5526886594043923 3.4779565679107103 3.372086104961327 3.6105170635364083 3.7003735068800023 3.969942836910784 3.969942836910784 3.915673103802277 3.7751055983736843 3.686138822785968 3.5891650373953565 3.4468181964550095 3.676352477471319
-1.2613035676469626 -1.2871039325674007 -1.4454647931135365 -1.4810515033486231 -1.2266065251677531 -1.1714471243033686 -1.0317692866306536 -1.0655766613539859 -1.3600566885493284 -1.77731086605572 -1.872505315934577 -1.57001827893634 -1.437457783310642 -1.2541862255999452 -0.8280353705347818 -0.30224172681137595 0.07586706943642074 0.4824452338722862 1.1336820311743732 1.627447635686201 1.6185509581274296 1.5153494984456781 1.3409746182937532 1.2786978753823515 1.4112583710080493 1.6301166389538326 1.9423900212667187 2.4237002771962666 2.908569204149323 3.6158550700716714 3.8035749665617535 3.5251089589722002 3.3836517857877304 3.4850739099577277 3.5393436430662346 3.811581976364648 3.8658517094731555 3.811581976364648 3.7448568946738607 3.686138822785968 3.640765767236232 4.476163790004893 4.7519607943268145
-0.2844483716938324 -0.5513486984569829 -0.6839091940826809 -0.5762593956215434 -0.4125605285401446 -0.4267952126341794 -0.6029494282978587 -0.9205608171460073 -1.056679983795214 -1.1278534042653874 -1.135860414068282 -1.1420880883594222 -1.0121965960013557 -0.7363995916794339 -0.29156571374084983 0.18974454218869807 0.5731913449717574 1.1212266825920927 1.7813601574529514 1.9468383600461046 1.7288697598561984 1.4361690681726103 1.2377731586120018 1.148806383024285 1.1799447544799857 1.3258502664438414 1.8231745419791783 2.3872238992053028 2.8160437575380977 3.0162190026104603 3.2537602934296643 3.071378403474845 3.108744449221686 3.2155045799269457 3.466390887084307 3.715497858729914 3.7813332726648246 3.815140647388157 3.771546927350176 3.7377395526268433 4.029550576554555 5.202132678800662 5.699456954335998
0.20753789730624117 -0.20437827366488737 -0.44636790326347686 -0.49618929759259833 -0.5460106919217198 -0.6474328160917171 -0.7239442430971534 -0.6082874348331218 -0.5815974021568064 -0.7755449729380293 -0.9792788890339006 -1.051341977259951 -0.6910265361296983 -0.4116708607842674 0.03138368164256233 0.5865363613099148 1.1799447544799857 1.7653461378471622 2.1914969929123256 2.209290348029869 1.7226420855650582 1.2840358819176145 1.0562809364130594 0.9539691444871852 1.0153562196427097 1.191510435306389 1.7386561051708473 2.348968185702584 2.703055952541697 2.7537670146266957 2.872092826158359 2.9165762139522173 3.0491367095779154 3.3000230167352766 3.566923343498427 3.771546927350176 3.905886758487628 3.98061884998131 4.0286609087986776 4.201256453438848 4.40143169851121 4.535771529648663 4.510860832484102
0.40237513584334117 0.4904522436751808 0.5803086870187746 0.4717692208017603 0.35789174804948276 0.23956593651781954 0.15237849644185708 0.131916138056682 0.11768145396264762 0.06341172085414026 0.0020246456986154904 -0.04245874209524292 -0.07181777803918932 -0.12163917236831079 0.15682683522124297 0.7466765573678051 1.5393705278543615 1.8872306204023341 2.0162324450045235 1.9263760016609297 1.6390133165126044 1.3125052501056838 0.9237204407873614 0.6888481532357891 0.6737238013858773 0.9005890791345552 1.6541376683625164 2.462845658454862 2.8596374775760784 2.7680016987207305 2.6051924993952085 2.750208343603187 3.0660403969395817 3.4886325809812364 3.8872037356142073 4.106062003559991 4.173676753006656 4.133641703992183 4.072254628836658 4.2226084795799 4.372962330323141 4.272429873909021 4.056240609230869
-0.09583880744787265 0.4788865628487775 0.8107326357909612 0.8160706423262241 0.7039725050857011 0.4904522436751808 0.09099142128633231 -0.30224172681137595 -0.18658491854734383 0.21109656832974988 0.40682347462272705 0.41038214564623554 0.24846261407659087 0.10433643762448996 0.18618587116518936 0.6692754626064914 1.5091218241545379 1.8151675321762837 1.8516439101672475 1.6959520528887433 1.457521094313662 1.0722949560188486 0.7591319059500854 0.5037972600133382 0.385471448481675 0.5367149669807936 1.5215771727368184 2.4023482510552143 2.7582153534060816 2.552702101798456 2.395230909008197 2.5669367858924903 2.935259236825638 3.4201281637786947 4.08115130639543 4.397873027487702 4.280436883711916 4.051792270451484 3.9503701462814864 3.981508517737187 4.012646889192888 4.050902602695606 4.050902602695606
0.03405268491019342 0.45130686241658524 0.7529042316589452 0.9913351902340262 0.9085960889374496 0.7057518405974554 0.3338707186407992 -0.12163917236831079 -0.17057089894155508 0.14881982541834837 0.41305114891386707 0.5269286216661446 0.6763928046535088 0.5420529735160564 0.5634049996571084 0.8400916717349076 1.6986210561563748 2.029577461342681 1.8311815517820726 1.589191922183483 1.2217591390062128 0.8374226684672761 0.5963227066245638 0.44418952036956805 0.3570020802936056 0.4610932077312342 1.3374159472702445 2.2226353643680263 2.622096186756875 2.4788596780606507 2.1007508818128544 2.1763726410624136 2.5989648251040687 3.297354013467645 4.022433234507537 4.343603294379195 4.155883397889112 3.889872738881839 3.646103773771495 3.697704503612371 3.7074908489270197 3.6176344055834257 3.561585336963164
-0.11808050134480208 0.006472984478001376 0.29739434064983516 0.6541511107565796 0.6959654952828065 0.5055765955250926 0.48867290816342646 0.37746443867878043 0.3187463667908874 0.2520212851000996 0.4691002175341288 0.5207009473750044 0.693296492015175 0.6505924397330709 0.8027256259880666 1.12834402463911 1.7786911541853199 2.0785091879159254 1.8391885615849672 1.2573458492412994 0.8036152937439438 0.4379618460784278 0.29828400840571234 0.19419288096808396 0.48155556611640904 0.751124896147191 1.5767365736012027 2.3293954950732867 2.7199596399033634 2.3196091497586377 1.7617874668236535 1.7395457729267245 2.0215704515397865 2.6959386104946796 3.6550004513302667 4.225277482847531 4.1176276843863935 3.8373823412850863 3.551798991648515 3.286678000397119 3.201269895832911 3.1256481365833517 3.089171758592388
-0.4935202943249668 -0.3707461440139177 -0.2880070427173411 -0.05135541965401469 0.018928333060281854 0.21109656832974988 0.24668327856483696 0.5829776902864061 0.745786889611928 0.6790618079211403 0.5883156968216692 0.5909847000893007 0.6425854299301765 0.6790618079211403 0.8311949941761361 1.058949939680691 1.5206875049809412 1.8818926138670713 1.8881202881582113 1.3036085725469122 0.6105573907185984 0.1434818188830853 -0.0237757192218222 0.12924713478905048 0.42906516851965626 1.0260322327132358 1.9423900212667187 2.6416688773861727 2.5251224013662634 2.0624951683101362 1.694172717376989 1.3569886378995422 1.6123232838362895 1.8552025811907562 2.9370385723373924 3.9548184850608723 4.287554225758933 4.005529547145871 3.626531083142197 3.0224466769016005 2.777788044035379 2.6674692423066104 2.6309928643156466
-0.6456534805799627 -0.6509914871152258 -0.6305291287300507 -0.5255483335365447 -0.38853949913146124 -0.19637126386199277 0.0465080334924739 0.42105815871676167 0.630130081347896 0.5367149669807936 0.4459688558813224 0.43707217832255063 0.5224802828867587 0.5376046347366705 0.5367149669807936 0.7635802447294713 1.1256750213714786 1.63723398100085 1.663034345921288 1.3810096673082257 0.6666064593388599 0.17995819687404913 0.02070766857203621 0.1737305225829089 0.5091352665486013 1.1505857185360393 2.1265512467332925 2.590068147545297 2.4717423360136337 2.0064460996898745 1.9592937086283848 1.5607225539954137 1.127454356883233 1.3703336542376996 2.3569751955054787 3.878307058055436 4.251077847767969 3.9770601789578013 3.6167447378275486 2.7626636921854675 2.3801065571582853 2.2706774231853935 2.325836824049778
-0.5015273041278614 -0.5104239816866332 -0.4490369065311084 -0.42145720609891635 -0.2666550165762893 -0.19281259283848406 0.04383903022484237 0.23867626876194237 0.2582489593912398 0.1479301576624712 -0.013989373907173253 0.011810991013264438 0.24846261407659087 0.1203504572302787 0.1185711217185248 0.39614746155220093 0.8587746946083281 1.3578783056554193 1.377450996284717 1.0989849886951635 0.7057518405974554 0.42105815871676167 0.31785669903501024 0.47710722733702315 0.7813735998470146 1.2884842206970002 2.1639172924801335 2.60786150266284 2.581171469986525 2.1221029079539067 2.3338438338526726 2.2697877554295163 1.816946867688038 1.4779834526988371 2.1674759635036422 3.7074908489270197 4.250188180012092 3.976170511201924 3.0927304296158966 2.348078517946707 2.1016405495687316 2.203952341494606 2.262670413382499
0.03227334939843951 0.010031655501510084 0.11323311518326173 0.010921323257387261 0.0029143134544926674 0.04383903022484237 0.21198623608562706 0.40326480359921835 0.36145041907299147 0.2618076304147485 0.09721909557747255 -0.14921887280050283 -0.09228013642436439 -0.18925392181497536 0.04028035920133366 0.35433307702597405 0.7004138340621924 0.698634498550438 0.698634498550438 0.6372474233949135 0.44418952036956805 0.43974118159018216 0.5865363613099148 0.7404488830766649 1.106991998498058 1.5696192315541855 2.316940146491006 2.766222363208976 2.7733397052559936 2.5873991442776654 2.808036747735203 2.9984256474929167 2.7439806693120468 2.4708526682577565 2.457507651919599 3.438811186652115 3.9423631364785923 3.4530458707461493 2.5366880821926667 2.0002184253987347 2.1105372271275034 2.1861589863770625 2.203062673738729
0.14170248337133096 0.059853049830631555 0.07675673719229748 0.24223493978545108 0.4530861979283396 0.5642946674129856 0.6968551630386837 0.7137588504003498 0.7324418732737703 0.7057518405974554 0.5562876576100912 0.09810876333334972 -0.37697381830505794 -0.2106059479560276 0.15771650297712014 0.4059338068668499 0.47710722733702315 0.2333382622266793 0.13280580581255919 0.11323311518326173 0.13280580581255919 0.15326816419773426 0.3454363994672023 0.5687430061923715 1.0100182131074467 1.8320712195379498 2.6407792096302956 3.00376365402818 3.089171758592388 3.1114134524893173 3.332051055946855 2.8587478098202013 2.5722747924277534 2.803588408955817 3.2715536485472074 3.825816660458683 3.662117793377284 3.058033387136687 2.197724667203466 1.615881954859798 1.753780457020759 2.0527088229954873 2.14612393736259
