static/data/seaWind_vo/2023/7/30/12.asc
ncols 137
nrows 93
xllcorner 108.0
yllcorner 17.0
cellsize 0.25
NODATA_value -32767
[rows 38 to 56 of 93, columns 86 to 128 of 137]
2.6505655549449445 2.081178191183557 1.493107804548749 1.1452477120007762 1.1585927283389337 1.1158886760568296 1.1550340573154252 1.286704885185246 1.6496893295831305 1.996659754375226 2.4237002771962666 2.8213817640733607 3.1452208272126496 3.364079095158433 3.417459160511063 3.3631894274025558 3.1861455439829993 2.834726780411518 2.416582935149249 2.1425652663390813 2.008225435201629 1.955735037604876 2.034915467877944 2.1852693186211853 2.3560855277496016 2.5544814373102103 2.818712760805729 3.130986143118615 3.3525134143320297 3.4735082291313244 3.4948602552723766 3.5144329459016745 3.5775993565689532 3.6790214807389505 3.7813332726648246 3.8347133380174547 3.880976061323067 3.8489480221114896 3.7546432399885097 3.6051790570011453 3.3987761376376424 3.246642951382647 3.1354344818980007
2.4495006421167043 2.1318892532685556 1.8107191933968978 1.7279800921003212 1.8009328480822488 1.8783339428435626 1.9352726792197013 2.0749505168924167 2.316050478735129 2.5882888120335426 2.872092826158359 3.108744449221686 3.2555396289414182 3.4832945744459733 3.5357849720427263 3.427245505825712 3.1283171398509833 2.7039456202975742 2.245766726020833 1.8934582946934744 1.7555597925325133 1.7680151411147937 1.8525335779231247 1.917479324102158 2.1025302173246088 2.3391818403879356 2.632772199827401 2.9690666115489703 3.301802352247031 3.5028672650752712 3.5847166986159706 3.6060687247570224 3.6211930766069345 3.6781318129830733 3.783112608176579 3.8880934033700845 3.975280843446047 3.981508517737187 3.8756380547878044 3.688807826053599 3.452156202990272 3.2146149121710685 3.0349020254838805
2.4833080168400365 2.4566179841637217 2.3382921726320585 2.348968185702584 2.3934515734964426 2.496653033178194 2.765332695453099 3.095399432883528 3.247532619138524 3.2991333489793995 3.4423698576756236 3.3471754077967666 3.3142577008293115 3.452156202990272 3.411231486219923 3.26443630650019 2.9744046180842334 2.5776127989630164 2.1754829733065364 1.854312913434879 1.7021797271798833 1.7066280659592692 1.73153876312383 1.827622880758564 2.0206807837839094 2.2573324068472362 2.516225723807492 2.8738721616701133 3.231518599532735 3.541122978577989 3.680800816250705 3.7590915787678956 3.7537535722326325 3.7528639044767553 3.8089129730970166 3.9227904458492944 4.038447254113326 4.083820309663062 3.947701143013855 3.676352477471319 3.4032244764170283 3.0829440843012477 2.8267197706086233
2.8329474448997636 2.893444852299411 2.9325902335580065 2.892555184543534 2.9272522270227435 3.0544747161131784 3.3284923849233463 3.784002275932456 3.962825494863767 4.043785260648589 4.155883397889112 4.116738016630517 4.020653898995783 3.8649620417172783 3.751084568965001 3.4752875646430788 3.1968215570535254 2.8267197706086233 2.4272589482197753 2.183489983109431 2.263560081138376 2.3285058273174095 2.1763726410624136 2.0838471944511885 2.2439873905090786 2.4228106094403894 2.6906006039594166 2.9548319274549355 3.2048285668564196 3.511763942634043 3.711049519950528 3.793788621247105 3.8427203478203493 3.811581976364648 3.840941012308595 3.86763104498491 3.9619358271078897 3.9841775210048187 3.824926992702806 3.566923343498427 3.2777813228383477 2.96283893725783 2.671027913330119
3.0019843185164254 3.163014182330193 3.1763591986683504 3.042019367530898 3.041129699775021 3.167462521109579 3.4583838772814124 3.856065364158507 4.061578615766132 4.311575255167616 4.42367339240814 4.663883686494975 4.6024966113394505 4.358727646229107 4.094496322733588 3.8186993184116655 3.50642593609878 3.1256481365833517 2.824940435096869 2.8480717967496756 2.929031562534498 3.058033387136687 2.930810898046252 2.792022728129414 2.7146216333681004 2.8943345200552884 3.0437987030426523 3.2350772705562436 3.3845414535436076 3.46550121932843 3.665676464400793 3.721725533021054 3.796457624514736 3.784002275932456 3.7920092857353507 3.8186993184116655 3.8071336375852622 3.801795631049999 3.6478831092832493 3.4325835123609747 3.141662156189141 2.8649754841113415 2.5891784797894197
2.8382854514350266 2.993087640957654 2.9334799013138837 2.6692485778183648 2.675476252109505 2.9494939209196724 3.2493119546502784 3.5642543402307956 3.8391616767968406 4.106062003559991 4.394314356464193 4.653207673424449 4.513529835751734 4.202146121194725 3.9441424719903466 3.6238620798745655 3.301802352247031 2.987749634422391 2.9450455821402866 2.977073621351865 2.893444852299411 3.0135499993428287 3.1914835505182624 3.4752875646430788 3.391658795590625 3.587385701883602 3.72617387180044 3.7012631746358795 3.5882753696394794 3.6434347705038634 3.491301584248868 3.5366746397986035 3.6283104186539514 3.6968148358564936 3.7066011811711426 3.7279532073121944 3.711049519950528 3.671904138691933 3.5313366332633405 3.316037036341066 3.0793854132777394 2.8062574122234487 2.5642677826248588
2.5971854895923143 2.477970010304774 2.3712098795995136 2.128330582245047 2.2706774231853935 2.5455847597514385 2.8845481747406394 3.2003802280770337 3.4779565679107103 3.5980617149541283 3.8872037356142073 3.8578446996702613 3.618524073339303 3.2991333489793995 3.0384606965073893 2.717290636635732 2.6114201736863487 2.44772130660495 2.5019910397134573 2.3756582183788995 2.2920294493264457 2.268898087673639 2.6363308708509097 3.3249337138998376 4.036667918601571 4.234174160406303 4.346272297646826 4.174566420762533 3.904997090731751 3.622972412118689 3.470839225863693 3.375644775984836 3.445038860943255 3.5651440079866727 3.6727938064478103 3.694145832588862 3.6834698195183364 3.636317428456846 3.4984189262958854 3.2929056746882592 3.0553643838690556 2.816933425293975 2.579392134474771
2.437045293534424 2.235980380706184 1.8765546073318082 1.8907892914258428 2.081178191183557 2.256442739091359 2.5518124340425787 2.7039456202975742 2.6051924993952085 2.5722747924277534 2.3765478861347766 2.2172973578327637 2.061605500554259 1.8987963012287374 1.6078749450569036 1.4637487686048023 1.4610797653371708 1.774242815405934 1.7751324831618112 1.5767365736012027 1.4735351139194512 1.4192653808109439 1.8009328480822488 2.6416688773861727 3.581158027592462 4.313354590679371 4.55890289130147 4.332037613552791 4.050902602695606 3.757312243256141 3.566923343498427 3.4361421833844834 3.367637766181941 3.4877429132253592 3.6176344055834257 3.66033845786553 3.6745731419595646 3.6220827443628116 3.546460985113252 3.3525134143320297 3.147000162724404 2.897893191078797 2.6461172161655586
2.311602139955743 2.3756582183788995 1.9317140081961925 1.9459486922902274 2.085626529962943 2.155910282677239 2.03313613236619 1.9085826465433864 1.5482672054131332 1.281366878649983 0.9886661869663946 0.6763928046535088 0.5233699506426359 0.385471448481675 0.21910357813264447 0.14970949317422555 0.23422792998255648 0.5456116445395651 0.4344031750549191 0.31785669903501024 0.3374293896643079 0.745786889611928 1.334746944002613 2.1434549340949585 3.041129699775021 3.8178096506557884 4.192359775880076 4.051792270451484 3.9379147976992064 3.788450614711842 3.6220827443628116 3.507315603854657 3.4139004894875544 3.4930809197606223 3.4735082291313244 3.470839225863693 3.4646115515725526 3.4735082291313244 3.511763942634043 3.452156202990272 3.280450326105979 3.051805712845547 2.777788044035379
1.4646384363606795 1.7929258382793545 1.9041343077640005 1.8391885615849672 1.832960887293827 1.7181937467856723 1.4664177718724338 1.2537871782177907 1.0135768841309554 0.7635802447294713 0.40237513584334117 -0.020217048198313492 -0.28266903618207806 -0.4072225220048815 -0.39743617669023257 -0.35295278889637416 -0.3520631211404974 -0.48462361676619503 -0.8351527125817992 -0.801345337858467 -0.36184946645514593 0.5251492861543903 1.7573391280442676 2.594516486324683 3.2244012574857175 3.7021528423917567 3.9521494817932408 3.868520712740787 3.8649620417172783 3.7003735068800023 3.5580266659396553 3.5313366332633405 3.5980617149541283 3.6238620798745655 3.4646115515725526 3.2929056746882592 3.1914835505182624 3.2235115897298403 3.259098299964927 3.2564292966972954 3.1977112248094026 3.066930064695459 2.8044780767116944
1.186172428771126 1.3151742533733153 1.3765613285288398 1.1897310997946347 1.0518325976336735 0.899699411378678 0.7698079190206115 0.9326171183461331 0.9859971836987633 0.6327990846155276 -0.030893061268839617 -0.694585207153207 -1.1999164924914383 -1.215930512097227 -1.0468936384805652 -0.7203855720736447 -0.5033066396396157 -0.12430817563594232 -0.08872146540085568 0.0046936489662470215 0.46287254324298854 1.3009395692792807 2.3854445636935484 2.8889965135200253 3.355182417599661 3.7332912138474574 4.035778250845695 4.097165326001219 4.066026954545518 3.8035749665617535 3.575820021057199 3.5491299883808836 3.7012631746358795 3.507315603854657 3.2706639807913302 3.037571028751512 2.9361489045815152 2.935259236825638 2.9610596017460757 3.0179983381222146 3.0642610614278274 2.993087640957654 2.829388773876255
1.0082388775956925 0.9326171183461331 0.8667817044112227 0.6915171565034206 0.4833349016281634 0.3739057676552717 0.48422456938404057 0.6666064593388599 0.7013035018180696 0.3596710835612371 -0.48106494574268677 -1.3467116722111707 -1.8538222930611563 -1.9080920261696641 -1.608273992439058 -1.156322772453457 -0.514872320466019 0.1559371674653658 0.5642946674129856 0.9984525322810436 1.6052059417892721 2.3196091497586377 2.893444852299411 3.0171086703663375 3.252870625673787 3.6638971288890385 4.075813299860167 4.281326551467793 4.361396649496738 4.049123267183852 3.6843594872742136 3.7012631746358795 3.805354302073508 3.671904138691933 3.291126339176505 3.024226012413355 2.8747618294259905 2.8151540897822205 2.816933425293975 2.8987828588346742 2.999315315248794 3.0162190026104603 2.929031562534498
0.7644699124853485 0.6061090519392125 0.48511423713991775 0.40237513584334117 0.27604231450878336 0.2626972981706257 0.25291095285597676 0.3863611162375522 0.07675673719229748 -0.3947671734226015 -1.2319445317030162 -1.9063126906579098 -2.32089786489667 -2.1705440141534287 -1.8182355828260701 -1.3573876852816968 -0.7328409206559252 -0.043348409851120095 0.5598463286335997 1.1212266825920927 1.7982638448146173 2.4183622706610035 2.919245217219849 3.132765478630369 3.3035816877587854 3.566923343498427 3.957487488328504 4.125634694189289 4.244850173476829 4.090937651710079 3.9548184850608723 3.926349116872803 3.985956856516573 3.836492673529209 3.433473180116852 3.1647935178419475 2.9788529568636193 2.8462924612379212 2.8382854514350266 2.8231610995851146 2.893444852299411 2.930810898046252 2.9975359797370396
0.5269286216661446 0.36856776112000866 0.30896002147623847 0.2475729463207137 0.2182139103767673 0.14259215112720813 0.03316301715431624 -0.38853949913146124 -0.7105992267589958 -1.2488482190646826 -1.9659204303016797 -2.490824406269209 -2.5246317809925407 -2.365381252690528 -1.9036436873902782 -1.46325814823108 -1.0255416123395134 -0.48462361676619503 0.10789510864799867 0.6746134691417545 1.3489816280966478 2.0918542042540826 2.6817039264006453 3.014439667098706 3.287567668152996 3.546460985113252 3.703042510147634 3.856065364158507 3.9939638663194676 4.032219579822186 3.921900778093417 4.041116257380958 4.1033930002923595 3.9975225373429764 3.6060687247570224 3.3480650755526438 3.1763591986683504 3.042019367530898 2.9121278751728314 2.872982493914236 2.844513125726167 2.8489614645055528 2.913907210684586
0.3027323471850982 0.2751526467529062 0.21643457486501294 0.20753789730624117 0.1594958384888745 -0.028224058001208085 -0.45437491306637146 -0.8769670971080261 -1.4347887800430104 -1.981934449907469 -2.4205406535549128 -2.771959417126394 -2.7826354301969194 -2.550432145912979 -2.086915245100975 -1.7986628921967722 -1.4766031645692372 -1.040665964189425 -0.6714538455004004 -0.10384581725076725 0.5989917098921953 1.381899335064103 2.2769050974765337 2.798250402420554 3.052695380601424 3.06337139367195 3.2190632509504544 3.452156202990272 3.735960217115089 3.9325767911639433 3.9432528042344694 4.062468283522009 4.180794095053673 4.107841339071745 3.8756380547878044 3.641655434992109 3.46550121932843 3.3080300265381712 3.1781385341801047 3.1016271071746684 3.015329334854583 2.9957566442252856 2.9948669764694085
0.1559371674653658 0.1399231478595766 0.1594958384888745 0.16394417726825994 -0.037120735559979856 -0.3600701309433916 -0.8057936766378528 -1.3218009750466102 -1.892967674319752 -2.360932913911142 -2.671426960712274 -2.945444629522442 -3.0068317046779662 -2.789752772243937 -2.6242745696507837 -2.357374242887633 -2.082466906321589 -1.747062162355896 -1.4499131318929224 -1.0637973258422315 -0.36540813747865464 0.6550407785124568 1.7555597925325133 2.3943412412523197 2.6256548577803835 2.6167581802216118 2.665689906794856 2.9059002008816917 3.4139004894875544 3.824926992702806 3.8222579894351743 3.953039149549118 4.054461273719115 4.275098877176653 4.2475191767444604 4.071364961080781 3.864072373961401 3.709270184438774 3.6211930766069345 3.5687026790101815 3.4512665352343954 3.417459160511063 3.396107134370011
-0.05669342618927731 -0.05669342618927731 -0.029113725757085263 -0.1919229250826069 -0.5113136494425103 -0.8938707844696925 -1.3048972876849438 -1.807559569755544 -2.2230344117501812 -2.6447369280359587 -2.870712538028759 -2.9881486818045455 -3.070887783101122 -3.1767582460505053 -3.09046047373042 -2.970355326687002 -2.6732062962240284 -2.3084425163143893 -2.0139624891190464 -1.640302031650636 -0.9410231755311824 0.0660807241217718 1.2858152174293689 2.114095898151012 2.3809962249141625 2.4993220364458257 2.5642677826248588 2.7849053860823965 3.152338169259667 3.456604541769658 3.596282379442374 3.7590915787678956 3.9735015079342926 4.238622499185689 4.5224265133105055 4.667442357518484 4.429011398943403 4.281326551467793 4.16922841422727 4.171007749739024 4.074033964348413 4.02154356675166 3.9379147976992064
-0.3547321244081285 -0.40188451546961845 -0.5584660405040003 -0.8262560350230275 -1.2052544990267013 -1.5335419009453761 -1.8342496024318584 -2.096701590415623 -2.425878660090176 -2.6829926415386773 -2.7648420750793767 -2.730145032600167 -2.921423600113758 -3.1473992101065584 -3.350243458446553 -3.320884422502606 -3.2221313016002404 -2.9223132678696353 -2.576232510833417 -2.041542189551239 -1.2764279194968746 -0.2106059479560276 1.011797548619201 1.8925686269375972 2.2813534362559196 2.4619559906989847 2.7092836268328373 3.072268071230722 3.366748098426064 3.366748098426064 3.61941374109518 3.9619358271078897 4.211932466509374 4.249298512256215 4.4779431255166475 4.886300625464267 5.04555115376628 4.964591387981457 4.873845276881987 4.840927569914531 4.816016872749971 4.718153419603482 4.598937940315942
-0.6856885295944353 -0.8342630448259221 -1.0878183552509149 -1.4080987473666955 -1.7168134586560728 -1.9703687690810656 -2.1438539814771134 -2.262179793008776 -2.376057265761054 -2.4543480282782446 -2.391181617610966 -2.5086177613867524 -2.8876162253904254 -3.3484641229347987 -3.7425869387883837 -3.924079160987326 -3.8618024180759245 -3.475686612025233 -3.0032730336544575 -2.346698229817107 -1.4739341613016057 -0.3832014925961982 0.8676713721670999 1.906803311031632 2.4139139318816176 2.655903561480207 2.913907210684586 3.3231543783880833 3.765319253059036 3.9512598140373636 4.230615489382794 4.467267112446121 4.5375508651604175 4.454811763863841 4.5419992039398025 4.940570358572774 5.283092444585484 5.446791311666883 5.477929683122584 5.446791311666883 5.410314933675918 5.3257964968675875 5.268857760491449
