static/data/seaWind_vo/2023/7/30/18.asc
ncols 137
nrows 93
xllcorner 108.0
yllcorner 17.0
cellsize 0.25
NODATA_value -32767
[rows 0 to 18 of 93, columns 0 to 42 of 137]
-0.6821298585709266 -0.9401335077753052 -1.1438674238711766 -1.293331606858541 -1.2595242321352083 -1.3653946950845914 -1.4436854576017821 -1.4080987473666955 -1.5451075817717794 -1.6607643900358111 -1.8983056808550152 -2.2586211219852683 -2.3297945424554416 -2.0086244825837833 -1.1198463944624932 -0.4490369065311084 -0.12341850788006514 -0.6020597605419815 -1.0735836711568805 -1.7550691721587905 -2.8093254628732347 -3.0326320695984035 -2.602032875753855 -1.9881621241986092 -1.8137872440466842 -2.202572053365006 -2.4294373311136845 -2.1047086002185176 -1.3378149946523994 -0.7826623149850462 -0.7301719173882937 -1.1643297822563516 -1.702578774562038 -2.137626307185973 -1.9036436873902782 -1.4792721678368688 -1.0798113454480207 -1.2710899129616116 -1.5219762201189728 -1.6910130937356347 -1.320911307290733 -0.9294574947047791 -0.6625571679416287
-1.029100283363022 -0.971271879231006 -1.0735836711568805 -1.278207255008629 -1.5486662527952881 -1.8351392701877356 -1.967699765813434 -2.061114880180537 -2.282642151393951 -2.2835318191498284 -2.3102218518261437 -2.3947402886344746 -2.2790834803704425 -1.8209045860937016 -1.1999164924914383 -0.4748372714515465 -0.3965465089343554 -0.8396010513611851 -1.8111182407790527 -3.2737320314411167 -3.674082521585842 -3.279959705732257 -1.622508676533093 -0.8280353705347818 -0.7310615851441709 -1.7043581100737923 -1.2390618737500336 -0.7710966341586434 -0.5388933498747024 -1.0611283225746 -1.5148588780719554 -1.9543547494752764 -2.6625302831535023 -2.351146568596493 -1.7684141884969482 -1.1278534042653874 -1.0157552670248644 -0.9525888563575857 -0.8654014162816233 -0.5931630829832097 -0.3253730884641821 -0.14388086626523977 -0.06114176496866319
-0.9997412474190752 -0.8582840742346058 -1.0255416123395134 -1.2915522713467866 -1.6091636601949353 -1.8894090032962434 -2.032645511992467 -2.1491919880123764 -2.4187613180431584 -2.5095074291426296 -2.4641343735928936 -2.240827766867725 -1.8378082734553671 -1.4463544608694137 -1.1020530393449497 -0.8956501199814468 -1.0602386548187228 -1.5780252887392345 -2.3947402886344746 -3.0877914704627885 -2.7924217755115683 -1.847594618770016 -0.6928058716414527 -0.998851579663198 -1.528203894410113 -1.9232163780195752 -0.8929811167138153 -0.5549073694804916 -0.9258988236812704 -1.9410097331371188 -2.1652060076181656 -2.177661356200445 -2.291538828952723 -1.6242880120448473 -0.9258988236812704 -0.35651145991988287 -0.05491409067752295 0.16216484175650558 0.30540135045272976 0.34009839293193944 0.44863785914895393 0.6096677229627212 0.8116223035468384
-0.7782139762056608 -0.8938707844696925 -1.2266065251677531 -1.532652233189499 -1.8342496024318584 -2.0860255773450977 -2.2105790631679008 -2.290649161196846 -2.5148454356778926 -2.5584391557158734 -2.521073109969032 -2.4143129792637725 -1.9863827886868548 -1.4979551907102895 -1.0744733389127576 -1.0433349674570565 -1.2808762582762605 -1.7185927941678272 -2.110936274509658 -2.1055982679743948 -1.727489471726599 -0.9454715143105683 -0.4561542485781258 -0.9205608171460073 -1.5646802724010769 -1.6838957516886173 -1.0202036058042503 -1.16166077898872 -1.8093389052672983 -2.271076470567548 -1.977486111128083 -1.6803370806651086 -0.9196711493901302 0.01981800081615903 0.6648271238271057 0.969093496337097 1.2671321945559482 1.5002251465957661 1.7288697598561984 1.9575143731166305 1.9681903861871566 2.0598261650425047 2.2715670909412706
-0.7399582627029422 -1.0860390197391605 -1.41610575716959 -1.7034684423179152 -1.952575413963522 -2.1100466067537806 -2.242607102379479 -2.3627122494228963 -2.4997210838279806 -2.280862815882197 -2.2150274019472866 -2.491714074025086 -2.2257034150178128 -1.6153913344860755 -0.7933383280555724 -0.7079302234913643 -1.1278534042653874 -1.7853178758586146 -2.281752483638074 -2.13228830065071 -1.5993773148802863 -0.8654014162816233 -0.3378284370464626 -0.6002804250302272 -1.1225153977301248 -1.287993600323278 -0.6198531156595246 -0.7310615851441709 -1.251517222332314 -1.543328246260025 -1.1242947332418791 -0.15900521811515178 0.8641127011435912 1.5073424886427835 1.6399029842684816 1.7395457729267245 2.0171221127604007 2.8462924612379212 3.326713049411592 5.030426801916368 4.6274073085040115 4.575806578663135 4.214601469777005
-0.5130929849542647 -1.0477833062364423 -1.495286187442658 -1.7835385403468602 -2.0504388671100107 -2.1251709586036927 -2.255952118717637 -2.3146701906055296 -2.275524809346934 -2.057556209157028 -1.9650307625458026 -2.1803303594680767 -1.8333599346759812 -1.093156361786178 -0.2933450492526042 -0.33871810480233977 -1.2986696133938036 -1.9810447821515917 -2.4000782951697377 -1.8093389052672983 -1.287993600323278 -0.9579268628928483 -0.9935135731279354 -1.2301651961912619 -0.9819478923015321 -0.4356918901929512 0.43707217832255063 0.5562876576100912 -0.005092696348401926 -0.21772329000304502 0.3667884256082543 1.3311882729791042 2.145234269606713 2.235980380706184 2.368540876331882 2.3382921726320585 2.5082187140045975 3.3231543783880833 4.651428337912694 6.653180788636323 6.203008904162475 5.628283533865825 5.283982112341361
-0.3253730884641821 -0.8885327779344294 -1.3458220044552935 -1.7684141884969482 -2.057556209157028 -2.1554196623035167 -2.236379428088339 -2.291538828952723 -2.1394056426977275 -2.1349573039183416 -2.042431857307116 -1.645640038185899 -0.9347955012400422 -0.1919229250826069 0.2004205552592242 0.13102647030080483 -0.7808829794732923 -1.358277353037574 -1.742613823576511 -1.113618720171353 -0.5050859751513701 -0.15633621484752025 -0.8654014162816233 -1.4116574183902042 -1.16166077898872 0.5313769604455305 1.5180185017133097 1.6381236487567272 0.9851075159428861 0.9379551248813962 1.5135701629339238 2.060715832798382 2.66124156801547 2.7377529950209065 2.7955813991529226 2.7813467150588878 2.8854378424965166 3.0873924230806336 4.420114721384631 6.187884552312564 6.250161295223965 5.674546257171437 5.557110113395652
-0.14121186299760824 -0.6634468356975058 -1.141198420603545 -1.632295021847742 -1.9187680392401893 -2.0548872058893966 -2.03175584423659 -1.9650307625458026 -1.7586278431822993 -1.9196577069960665 -1.802221563220281 -1.1865714761532806 -0.35028378562874307 0.10166743435685843 0.4281755007637791 0.4201684909608845 0.01981800081615903 -0.6349774675094366 -0.9276781591930248 -0.5210999947571593 0.13903348010369943 0.71998652469149 -0.25419966799400884 -0.574480060109789 -0.13498418870646844 1.244890500659019 2.0740608491365395 1.9094723142992636 1.6229992969068154 1.7386561051708473 2.284022439523551 2.5669367858924903 2.86853415513485 2.878320500449499 2.877430832693622 2.930810898046252 3.0073223250516885 3.1060754459540543 3.4192384960228175 4.80978919845883 5.207470685335925 5.2590714151768 5.138076600377506
-0.024665386977699377 -0.4855132845220722 -1.041555631945302 -1.52286588787485 -1.7043581100737923 -1.7488414978676503 -1.7052477778296695 -1.5913703050773922 -1.2524068900881913 -1.5095208715366928 -1.2844349292997692 -0.8111316831731159 -0.1056251527625216 0.1399231478595766 0.3036220149409754 0.1434818188830853 0.03405268491019342 -0.6296394609741736 -0.6678951744768917 -0.5033066396396157 0.050956372271859784 0.507355931036847 0.5393839702484249 0.608778055206844 0.8062842970115753 1.334746944002613 1.970859389454788 2.250215064800219 2.383665228181794 2.5767231312071393 2.929031562534498 2.9984256474929167 2.9806322923753736 2.90323119761406 2.8471821289937984 2.8382854514350266 2.9450455821402866 3.037571028751512 3.3053610232705397 3.6327587574333373 4.3827486756377905 4.469936115713752 4.520647177798751
-0.05580375843340013 -0.5033066396396157 -1.0629076580863543 -1.4294507735077473 -1.5201968846072185 -1.5308728976777446 -1.4347887800430104 -1.3235803105583646 -1.2595242321352083 -1.1180670589507389 -0.9116641395872356 -0.48106494574268677 0.025156007351422094 0.22444158466790753 0.2297795912031706 0.05629437880712285 -0.6091771025889989 -0.9783892212780234 -0.8689600873051315 -0.29423471700848136 0.02070766857203621 0.34009839293193944 0.46732088202237443 0.6852894822122806 0.6746134691417545 1.0972056531834091 1.9005756367404918 2.5891784797894197 2.9041208653699373 2.924583223755112 3.051805712845547 3.056254051624933 2.807147079979326 2.580281802230648 2.569605789160122 2.664800239038979 2.765332695453099 2.9708459470607247 3.1550071725272986 3.427245505825712 3.8382720090409634 4.0081985504135025 4.121186355409902
-0.29423471700848136 -0.7097095590031186 -0.9000984587608327 -1.0700250001333718 -1.326249313825996 -1.3992020698079237 -1.2025854957590698 -1.076252674424512 -1.31557330075547 -1.2283858606795075 -0.6385361385329453 0.01981800081615903 0.4504171946607083 0.6692754626064914 0.47799689509290033 0.0020246456986154904 -0.7310615851441709 -0.7177165688060132 0.06786005963352615 0.9984525322810436 1.3418642860496304 1.3196225921527012 1.2333248198326159 1.0500532621219194 0.7662492479971028 1.0954263176716548 1.7778014864294427 2.405017254322846 2.5215637303427547 2.5411364209720526 2.7092836268328373 2.876541164937745 2.7840157183265193 2.485087352351791 2.4290382837315296 2.527791404633895 2.6158685124657346 2.760884356673713 2.9317005658021293 3.15144850150379 3.5135432781457974 3.8284856637263145 4.462818773666735
-0.7702069664027662 -0.9285678269489019 -1.0059689217102155 -1.0958253650538095 -1.2301651961912619 -1.0326589543865308 -0.9303471624606563 -0.9686028759633745 -1.1945784859561752 -0.8938707844696925 -0.010430702883664544 0.8231879843732415 1.0091285453515695 1.265352859044194 0.6621581205594742 0.05006670451598261 0.3347603863966764 0.9450724669284134 1.3320779407349814 1.6007576030098862 1.6541376683625164 1.557163882971905 1.4157067097874352 1.1941794385740205 0.8872440627963976 1.255566513729545 1.8302918840261955 2.3231678207821465 2.3970102445199513 2.5669367858924903 2.8009194056881856 3.0793854132777394 3.3195957073645745 3.0233363446574777 2.8213817640733607 2.7190699721474862 2.637220538606787 2.527791404633895 2.5037703752252116 2.6140891769539802 2.999315315248794 3.2884573359088733 3.926349116872803
-0.6803505230591722 -0.6954748749090842 -0.7844416504968006 -0.8155800219525018 -0.7577516178204857 -0.906326133051973 -0.918781481634253 -0.9410231755311824 -1.2177098476089814 -0.55223836621286 0.079425740459929 0.44329985261369087 0.5260389539102674 0.35789174804948276 0.35077440600246534 0.3240843733261505 0.878347385237626 1.3916856803787518 1.6016472707657634 1.4370587359284874 1.2119727936915639 1.1461373797566534 1.1808344222358629 1.1505857185360393 1.4317207293932244 2.166586295747765 2.5215637303427547 2.5873991442776654 2.608751170418717 2.9334799013138837 3.280450326105979 3.5891650373953565 3.8978797486847334 3.7857816114442104 3.4637218838166755 2.939707575605024 2.421920941684512 2.3347335016085498 2.1968349994475886 2.2075110125181148 2.2911397815705685 2.671027913330119 3.1042961104423
-0.46949926491628347 -0.4481472387752312 -0.32804209173181365 -0.2782206974026922 -0.6883575328620668 -0.7025922169561012 -0.8431597223846938 -0.9757202180103919 -0.9330161657282878 -0.18925392181497536 0.13369547356843636 0.36589875785237713 0.03939069144545648 -0.09316980418024157 -0.1136321625654162 0.09010175353045513 0.571412009460003 1.0731846237747256 1.3899063448669975 1.3258502664438414 1.069625952751217 0.9833281804311318 0.984217848187009 1.3018292370351578 2.0535984907513645 2.8658651518672187 3.0295640189486175 3.010880996075197 2.9459352498961637 3.259987967720804 3.5731510177895673 3.800905963294122 4.069585625569027 4.125634694189289 4.036667918601571 3.5936133761747424 3.138103485165632 3.316037036341066 3.1968215570535254 2.9788529568636193 2.721738975415118 2.8569684743084474 3.2057182346122968
-0.2853380394497096 -0.28266903618207806 -0.25064099697050013 -0.44280923223996815 -0.569142053574526 -0.5557970372363688 -0.4525955775546171 -0.5139826527101419 -0.2853380394497096 0.18707553892106654 0.544721976783688 0.7244348634708759 0.5251492861543903 0.0660807241217718 -0.4081121897607587 -0.2684343520880432 0.04917703676010543 1.0918676466481463 1.349871295852525 1.3383056150261217 1.330298605223227 1.1470270475125306 0.9948938612575349 1.3053879080586666 2.2493253970443416 2.897893191078797 3.1042961104423 3.175469530912473 3.1710211921330873 3.3898794600788706 3.576709688813076 3.806243969829385 4.044674928404467 4.316913261702879 4.259084857570864 4.130083032968674 3.7297325428239487 3.8578446996702613 4.311575255167616 4.215491137532883 4.198587450171217 3.5642543402307956 3.869410380496664
-0.22395096429418526 -0.22928897082944788 -0.694585207153207 -0.8938707844696925 -0.5282173368041763 -0.6358671352653138 -0.5202103270012821 0.2449039430530826 0.5634049996571084 0.9682038285812198 0.8934717370875378 1.0651776139718312 0.8988097436228009 0.03939069144545648 -0.4312435514135653 -0.2444133226793599 0.1737305225829089 1.1906207675505118 1.7448837794619874 1.7413251084384789 1.8996859689846146 1.7555597925325133 1.5980885997422547 1.4699764428959425 2.2048420092504832 2.751098011359064 2.999315315248794 3.071378403474845 3.15144850150379 3.2332979350444893 3.4183488282669403 3.550909323892638 3.7644295853031586 4.074033964348413 4.1781250917860415 4.049123267183852 3.6638971288890385 3.4939705875164995 3.9503701462814864 4.679897706100764 4.944129029596283 4.224387815091654 4.146097052574463
-0.3591804631875144 -0.23551664512058812 -0.7025922169561012 -1.0130862637572329 -0.621632451171279 -0.7248339108530306 -0.19992993488550148 0.5678533384364943 1.080301965821743 1.3107259145939294 1.2359938231002474 0.5198112796191272 0.3409880606878166 -0.43658155794882836 -0.03978973882761139 0.1479301576624712 0.7342212087855247 1.048273926610165 1.604316274033395 1.9094723142992636 2.1381169275596954 2.122992575709784 1.8142778644204065 1.6861657075740943 1.9744180604782966 2.543805424239684 2.7938020636411682 2.9112382074169543 2.9904186376900226 3.046467706310284 3.0687094002072133 3.2030492313446652 3.3142577008293115 3.604289389245268 3.708380516682897 3.836492673529209 3.5268882944839546 3.287567668152996 3.444149193187378 4.17545608851841 4.646979999133309 4.236843163673934 4.1576627334008665
-0.4801752779868096 -0.24886166145874578 -0.2639860133086578 -0.5486796951893513 -0.5299966723159306 -0.4481472387752312 0.04383903022484237 0.12568846376554177 0.6203437360332473 0.698634498550438 0.21198623608562706 -0.6287497932182964 -0.5611350437716318 -0.694585207153207 -0.1625638891386605 0.4984592534780752 1.0144665518868325 0.9601968187783254 0.8480986815378022 1.0998746564510407 1.4014720256934006 1.656806671630148 1.3116155823498066 1.3569886378995422 1.5918609254511145 2.283132771767674 2.665689906794856 2.7840157183265193 2.891665516787657 2.9165762139522173 2.9236935559992347 2.876541164937745 2.935259236825638 3.185255876227122 3.4103418184640457 3.56603367574255 3.740408555894475 3.7635399175472815 3.835603005773332 3.6211930766069345 3.930797455652189 3.735960217115089 4.06869595781315
-0.26220667779690343 -0.09672847520374983 0.08031540821580618 0.08921208577457795 -0.07359711355094367 -0.15989488587102896 -0.34405611133760283 -0.4517059097987399 -0.6243014544389105 -0.7212752398295219 -0.9543681918693396 -0.801345337858467 -0.5655833825510177 -0.3894291668873384 -0.04601741311875163 0.5642946674129856 0.6719444658741229 0.7715872545323659 0.507355931036847 0.17462019033878606 -0.09583880744787265 0.16483384502413712 0.4166098199373758 0.6950758275269293 1.2270971455414756 1.976197395990051 2.3934515734964426 2.7368633272650293 2.947714585407918 2.9699562793048475 2.866754819623096 2.7840157183265193 2.787574389350028 2.9130175429287086 3.174579863156596 3.4743978968872016 3.811581976364648 3.985956856516573 3.766208920814913 3.386320789055362 3.127427472095106 3.37742411149659 3.8240373249469286
