static/data/seaWind_vo/2023/7/30/6.asc
ncols 137
nrows 93
xllcorner 108.0
yllcorner 17.0
cellsize 0.25
NODATA_value -32767
[rows 19 to 37 of 93, columns 0 to 42 of 137]
-0.8823051036432892 -1.0629076580863543 -1.2808762582762605 -1.9116506971931728 -2.5886878594156975 -2.7684007461028854 -2.101149929195009 -1.0842596842274062 0.2475729463207137 0.46287254324298854 0.1924135454563296 -0.1323151854388369 -0.2479719937028686 -0.7844416504968006 -1.0486729739923195 -0.8992087910049555 -0.17679857323269532 -0.029113725757085263 0.4246168297402704 0.9859971836987633 1.5055631531310292 1.2795875431382286 1.3062775758145437 1.6986210561563748 2.496653033178194 2.977073621351865 3.2679949775236987 3.61941374109518 4.190580440368322 4.00908821816938 3.8284856637263145 3.7341808816033346 3.7279532073121944 3.77955393715307 4.231505157138671 4.757298800862078 5.032206137428123 5.257292079665046 5.29999613194715 5.130959258330488 4.883631622196635 4.963701720225581 5.3711695524173235
-1.5032931972455525 -0.7906693247879408 0.03672168817782495 0.5322666282014077 0.6888481532357891 0.39614746155220093 0.5776396837511433 0.9584174832665711 1.4557417588019077 1.3178432566409468 0.8810163885052573 0.39169912277281504 0.007362652233878553 -0.37252547952567205 -0.6581088291622428 -0.5771490633774206 0.13458514132431354 0.9682038285812198 1.4557417588019077 1.615881954859798 1.3205122599085783 1.0598396074365681 1.3641059799465596 1.986873409060577 2.6212065190009977 2.8151540897822205 3.024226012413355 3.354292749843784 3.8845347323465758 3.711049519950528 3.609627395780531 3.626531083142197 3.7759952661295615 4.130972700724552 4.5375508651604175 4.865838267079092 4.924556338966985 5.117614241992331 4.93879102306102 4.515309171263488 4.046454263916221 4.3275892747734055 4.767974813932604
-0.06559010374804908 0.4984592534780752 1.3044982403027894 2.0882955332305744 2.6140891769539802 2.5197843948310004 1.9575143731166305 1.5589432184836594 0.21999324588852165 -0.5442313564099654 -0.9098848040754817 -1.1518744336740712 -1.4080987473666955 -1.325359646070119 -1.109170381391967 -0.8618427452581146 -0.5104239816866332 0.08298441148343771 0.4682105497782516 0.5847570257981605 0.5589566608777226 0.9975628645251664 1.8409678970967216 2.580281802230648 2.888106845764148 2.9966463119811624 3.042909035286775 3.010880996075197 3.2092769056358055 3.2760019873265933 3.3996658053935196 3.511763942634043 3.778664269397193 4.220829144068146 4.559792559057346 4.660325015471466 4.501074487169453 4.34182395886744 4.134531371748061 3.8098026408528938 3.359630756379047 3.2955746779558908 3.6478831092832493
1.3890166771111203 1.4708661106518197 1.4005823579375234 1.9059136432757549 1.9788663992576825 1.6977313884004976 1.0651776139718312 0.018928333060281854 -1.1420880883594222 -1.5709079466922171 -1.6269570153124788 -1.7764211982998428 -1.9579134204987851 -1.6287363508242332 -1.415216089413713 -1.2871039325674007 -1.1910198149326665 -0.7577516178204857 -0.42857454814593376 -0.2586480067733947 0.5571773253659684 1.6621446781654108 2.459286987431353 2.9752942858401106 3.0446883707985295 2.877430832693622 2.6994972815181884 2.665689906794856 2.9646182727695845 3.556247330427901 3.736849884870966 3.879196725811313 3.864072373961401 4.0678062900572725 4.230615489382794 4.315133926191125 4.468156780201998 4.3871970144171755 4.211932466509374 4.006419214901748 3.556247330427901 3.284898664885365 3.292016006932382
0.4877832404075493 0.3783541064346576 0.23956593651781954 0.11590211845089327 0.05451504329536849 -0.20437827366488737 -0.7977866668349582 -1.0166449347807416 -1.3716223693757317 -1.5815839597627432 -1.7435034913323881 -2.111825942265535 -2.2844214869057056 -1.9330027233342242 -1.5931496405891465 -1.390305392249152 -1.6153913344860755 -1.682116416176863 -1.2274961929236303 -0.36095979869926875 0.8658920366553455 2.279574100744165 2.9494939209196724 3.2083872378799283 3.0082119928075657 2.628323861048015 2.3516371889702157 2.38811356696118 2.769781034232485 3.4103418184640457 3.9094454295111367 4.020653898995783 3.926349116872803 3.9601564915961354 4.100723997024728 4.286664558003056 4.5277645198457686 4.624738305236379 4.708367074288834 4.565130565592609 4.066916622301395 3.7297325428239487 3.7626502497914043
-0.6198531156595246 -0.6990335459325925 -0.9605958661604799 -0.9783892212780234 -1.1741161275710001 -1.5931496405891465 -1.8600499673522966 -1.7417241558206338 -1.427671437995993 -1.6198396732654614 -1.7034684423179152 -2.011293485851415 -2.2096893954120236 -1.982824117663346 -1.5878116340538835 -1.2568552288675767 -1.4338991122871332 -1.453471802916431 -0.6607778324298743 0.3409880606878166 1.5678398960424311 2.7475393403355555 3.302692020002908 3.1078547814658086 2.7715603697442392 2.4841976845959137 2.2342010451944296 2.2866914427911826 2.7760087085236247 3.4379215188962378 3.8872037356142073 3.9690531691549067 3.9565978205726267 3.9494804785256092 4.057130276986746 4.26976087064139 4.546447542719189 4.801782188655936 5.060675505616192 5.071351518686718 4.69057371917129 4.505522825948839 4.340044623355686
0.1728408548270317 -0.4116708607842674 -0.7221649075853991 -0.6323084642418051 -0.7702069664027662 -1.1901301471767893 -1.802221563220281 -1.7666348529851938 -1.4499131318929224 -1.4685961547663426 -1.553114591574674 -1.5246452233866044 -1.5371005719688848 -1.3146836329995928 -0.7221649075853991 -0.37964282157268947 -0.4232365416106707 0.0465080334924739 0.873009378702363 1.748442450485496 2.8365061159232723 3.316037036341066 3.2439739481150154 3.047357374066161 2.744870337067924 2.4975427009340714 2.2813534362559196 2.5740541279395077 3.0651507291837046 3.61941374109518 3.921900778093417 4.000191540610608 3.990405195295959 3.9841775210048187 4.14698672033034 4.434349405478666 4.705698071021202 4.881852286684881 5.149642281203908 5.344479519741009 5.429887624305216 5.242167727815135 5.121172913015839
1.234214487588493 0.5909847000893007 0.3151876957673787 0.1728408548270317 0.06786005963352615 -0.33871810480233977 -0.9979619119073209 -1.160771111232843 -1.0682456646216174 -1.0771423421803892 -1.1999164924914383 -1.1065013781243356 -0.7968969990790811 -0.057583093945154484 0.5358252992249164 1.1052126629863037 1.0998746564510407 1.7929258382793545 2.622985854512752 3.5082052716105343 3.688807826053599 3.596282379442374 3.4201281637786947 3.21105624114756 2.924583223755112 2.674586584353628 2.5082187140045975 2.8587478098202013 3.3898794600788706 3.9192317748257857 4.049123267183852 3.9770601789578013 3.975280843446047 4.167449078715515 4.385417678905421 4.7617471396414635 5.110496899945313 5.28754078336487 5.208360353091802 5.395190581826007 5.681663599218455 6.2893066764825605 6.197670897627212
0.49223157918693516 0.841871007246662 0.7911599451616635 0.05629437880712285 -0.5566867049922459 -0.9232298204136389 -0.9703822114751288 -0.7097095590031186 -0.46149225511338887 -0.3102487366142701 -0.4490369065311084 -0.5967217540067185 -0.34405611133760283 0.47087955304588314 0.9931145257457805 1.647020326315499 2.235090712950307 2.86853415513485 3.4788462356665875 3.7679882563266673 3.811581976364648 3.4984189262958854 3.175469530912473 3.015329334854583 3.020667341389846 2.8462924612379212 2.7350839917532754 3.062481725916073 3.582047695348339 4.050902602695606 4.139869378283323 3.981508517737187 3.9459218075021005 4.161221404424375 4.673670031809624 5.2910994543883785 5.657642569809772 5.469922673319689 5.2314917147446085 5.308892809505922 5.917425554525904 6.766168593632722 7.049972607757539
-0.531776007827685 0.259138627147117 0.9183824342520985 0.42105815871676167 -0.2319579740970794 -0.562024711527509 -0.6278601254624192 -0.382311824840321 -0.23462697736471094 0.12479879600966459 0.4797762306046547 0.6666064593388599 0.44063084934605934 0.3374293896643079 0.6158953972538614 1.3231812631762099 2.235980380706184 2.9459352498961637 3.3614100918908014 3.5313366332633405 3.421907499290449 3.0918407618600194 2.8284991061203777 2.940597243360901 3.117641126780457 2.9557215952108127 2.8044780767116944 3.1541175047714214 3.7066011811711426 4.243960505720952 4.173676753006656 3.905886758487628 3.841830680064472 4.111400010095254 4.762636807397341 5.637180211424597 5.585579481583721 5.219926033918205 4.954805042666809 5.124731584039348 5.879169841023186 6.378273452070278 6.458343550099222
-0.25419966799400884 -0.30669006559076184 -0.4036638509813728 -0.48106494574268677 -0.5335553433394393 -0.49529962983672116 -0.4766166069633009 -0.6029494282978587 -0.8609530775022374 -0.7808829794732923 -0.47394760369566935 -0.05847276170103166 0.20308955852685573 0.5198112796191272 1.0883089756246376 1.8400782293408444 2.4512799776284586 2.9423765788726555 3.25198095791791 3.332051055946855 3.1550071725272986 2.812485086514589 2.5882888120335426 2.6959386104946796 2.924583223755112 2.999315315248794 3.195042221541771 3.5446816496014977 3.911224765022891 4.1407590460392 3.8969900809288562 3.6638971288890385 3.5678130112543043 3.835603005773332 4.611393288898222 5.276864770294344 4.895197303023039 4.6523180056685725 4.8569415895203205 5.242167727815135 5.6558632342980175 6.187884552312564 6.416529165572996
0.44863785914895393 -0.6376464707770682 -1.3413736656759077 -1.0718043356451261 -0.3556217921640057 0.028714678374930802 0.17462019033878606 -0.3778634860609351 -0.8235870317553964 -1.023762276827759 -0.9890652343485495 -1.2417308770176652 -1.0869286874950377 -0.4125605285401446 0.6256817425685102 1.5829642478923427 2.3471888501908302 2.961949269501953 3.349844411064398 3.510874274878166 3.3658584306701873 2.9441559143844094 2.6167581802216118 2.6247651900245064 2.7475393403355555 2.850740800017307 3.2946850102000136 3.6541107835743896 3.895210745417102 3.845389351087981 3.5989513827100055 3.2822296616177336 3.1656831855978247 3.4646115515725526 4.289333561270688 4.58381358846603 4.306237248632353 4.347161965402703 4.7519607943268145 4.995729759437159 4.99839876270479 5.543765097057494 6.078455418339672
0.745786889611928 -0.23106830634120223 -1.2097028378060872 -1.6011566503920407 -1.1696677887916143 -0.7186062365618904 -0.4517059097987399 -0.3743048150374264 -0.5015273041278614 -0.6331981319976823 -0.5709213890862803 -0.6839091940826809 -0.7568619500646085 -0.6492121516034715 0.22711058793553907 1.2101934581798095 2.414803599637495 3.105185778198177 3.396996802125888 3.524219291216323 3.6105170635364083 3.5891650373953565 3.3338303914586094 3.202159563588788 3.2457532836267697 3.3204853751204517 3.5001982618076397 3.787560946955965 3.8284856637263145 3.7439672269179836 3.3098093620499256 2.8142644220263433 2.70216628478582 2.9548319274549355 3.626531083142197 3.8756380547878044 4.06869595781315 4.154104062377358 4.380079672370158 4.6318556472833965 4.800002853144182 4.9912814206577725 5.379176562220218
0.9726521673606057 0.6594891172918427 -0.1776882409885725 -0.8298147060465362 -1.183012805129772 -0.7782139762056608 -0.8769670971080261 -0.8271457027789046 -1.3191319717789787 -2.0406525217953617 -2.082466906321589 -1.293331606858541 -0.9997412474190752 -0.9783892212780234 -0.4009948477137413 0.6550407785124568 2.6683589100624876 3.551798991648515 3.7724365951060532 3.576709688813076 3.541122978577989 3.742187891406229 3.7688779240825445 3.6292000864098286 3.57226135003369 3.687028490541845 3.7172771942416682 3.880976061323067 3.9272387846286803 3.7066011811711426 3.147000162724404 2.5722747924277534 2.08651619771882 2.264449748894253 2.808036747735203 3.2573189644531726 3.5740406855454445 3.868520712740787 4.0482335994279754 4.0980549937570965 4.331147945796914 4.47082578346963 4.578475581930767
1.6327856422214642 1.318732924396824 0.9966731967692892 0.6648271238271057 0.3819127774581663 0.3027323471850982 0.18262720014168066 0.007362652233878553 -0.9481405175781998 -1.6589850545240568 -1.5620112691334453 -0.6936955393973299 -0.47839594247505524 -0.3111384043701473 0.26803530470588877 1.6256683001744467 3.402334808661151 4.07492363210429 4.097165326001219 3.8996590841964878 3.545571317357375 3.5046466005870256 3.5153226136575517 3.241304944847384 3.1683521888654558 3.259098299964927 3.511763942634043 3.745746562429738 4.041116257380958 3.8178096506557884 3.220842586462209 2.6158685124657346 2.118544236930398 1.8676579297730367 2.3854445636935484 3.042909035286775 3.5891650373953565 3.8845347323465758 3.921900778093417 3.6478831092832493 3.794678289002982 3.877417390299559 3.985067188760696
1.6763793622594454 1.8098295256410206 1.6781586977711997 1.5447085343896245 1.5429291988778702 1.4646384363606795 1.4406174069519961 1.2368834908561246 0.46287254324298854 0.6897378209916663 0.7867116063822777 1.244890500659019 1.1203370148362155 1.3641059799465596 2.1763726410624136 3.5544679949161466 4.380969340126036 4.217270473044637 4.244850173476829 4.004639879389994 3.6550004513302667 3.3605204241349242 3.025115680169232 2.750208343603187 2.5313500756574037 2.5927371508129284 3.0171086703663375 3.4948602552723766 3.7911196179794735 3.652331448062635 3.179917869691859 2.6639105712831017 2.4272589482197753 2.1754829733065364 2.6016338283717 3.5526886594043923 4.091827319465956 3.9512598140373636 3.9993018728547307 3.2181735831945772 3.121199797803966 3.206607902368174 3.302692020002908
1.0580602719248138 1.217310800226827 1.2689115300677025 1.0287012359808674 1.0091285453515695 1.0064595420839382 1.0660672817277084 0.9183824342520985 0.9521898089754308 1.3320779407349814 1.5331428535632214 1.759118463556022 1.89167895918172 2.776898376279502 3.5793786920807076 4.291112896782442 4.808009862947076 4.271540206153144 3.801795631049999 3.550909323892638 3.4139004894875544 3.1398828206773866 2.65501389372433 2.3863342314494256 2.1754829733065364 2.2920294493264457 2.66124156801547 3.077606077765985 3.169241856621333 3.0393503642632664 2.816933425293975 2.584730141010034 2.3987895800317056 2.647006883921436 3.009101660563443 4.202146121194725 4.729719100429886 4.588261927245416 3.62564141538632 2.6897109362035394 2.54202608872793 2.6941592749829253 2.808036747735203
0.09188108904220949 -0.2435236549234827 -0.35295278889637416 -0.4232365416106707 -0.3333800982670767 -0.36807714074628617 0.07141873065703486 -0.2515306647263773 -0.21149561571190478 -0.25064099697050013 -0.15544654709164307 -0.1812469120120812 1.139020037709636 2.3516371889702157 3.199490560321157 3.7172771942416682 4.218160140800514 3.9192317748257857 3.3783137792524673 3.0010946507605483 2.808036747735203 2.4495006421167043 2.1025302173246088 1.8952376302052287 1.8952376302052287 2.0900748687423283 2.411244928613986 2.6772555876212594 2.740421998288538 2.685262597424154 2.5393570854602983 2.225304367635658 2.0651641715777678 2.4076862575904774 3.0784957455218622 4.450363425084454 4.760857471885586 4.301788909852968 3.179028201935982 2.389003234717057 2.0998612140569772 2.2155180223210094 2.2617807456266217
-0.043348409851120095 -0.584266405424438 -1.3200216395348559 -1.8048905664879125 -1.5895909695656378 -0.7977866668349582 0.34632606722307946 1.4157067097874352 1.657696339386025 1.3756716607729627 0.7618009092177169 0.07853607270405183 0.7057518405974554 1.822284874223301 2.7315253207297667 3.2386359415797523 3.461052880549044 3.220842586462209 2.9699562793048475 2.671027913330119 2.3445198469231987 1.9468383600461046 1.827622880758564 1.897016965716983 1.9726387249665422 1.8729959363082995 2.057157161774873 2.4975427009340714 2.7857950538382736 2.798250402420554 2.6309928643156466 1.8890099559140885 1.5909712576952373 1.8925686269375972 2.6212065190009977 3.560695669207287 3.7003735068800023 3.416569492755186 2.9005621943464286 2.3712098795995136 1.8605405877260193 1.9726387249665422 2.060715832798382
