static/data/seaWind_uo/2023/7/21/0.asc
ncols 137
nrows 93
xllcorner 108.0
yllcorner 17.0
cellsize 0.25
NODATA_value -32767
[rows 57 to 75 of 93, columns 86 to 128 of 137]
-2.433249331145663 -2.520540252648758 -2.6478728812633636 -2.7728030074512793 -2.8745089435145177 -2.8689031045189064 -2.832064733976316 -2.7904213585803443 -2.7359646369086885 -2.651076217832285 -2.5934161595917082 -2.490108555244009 -2.3827967801851586 -2.2226299517391137 -2.082483976848824 -1.9223171484027786 -1.7076935982850778 -1.4450199996335635 -1.107868825754638 -0.803551851707152 -0.5256624043532634 -0.2629888057017489 -0.056373597006350806 0.1406316019822853 0.24714254289890514 0.27757424030365385 0.30800593770840257 0.3248234546952373 0.31361177670401386 0.30320093285502114 0.22311751863199847 0.10939907043530628 0.008493968514297734 -0.07719528470433668 -0.07479278227764574 -0.05397109457965987 -0.04836525558404858 -0.1180378259580781 -0.2838104933997352 -0.46079483883261485 -0.5785174577404584 -0.54888659447794 -0.5416790871978678
-2.852886421674302 -2.935372338324015 -3.030671601249412 -3.12917420074373 -3.1812284199886944 -3.1844317565576157 -3.16441090300186 -3.1660125712863203 -3.1347800397393417 -3.1267716983170395 -3.1099541813302043 -2.9818207185733683 -2.808039709709409 -2.623847856996457 -2.3811951119006984 -2.172177400778609 -1.8830762754334973 -1.6019834915106879 -1.3040731906010437 -1.0662254503586663 -0.8147635296983753 -0.5953349747272931 -0.41835062929441325 -0.28861549825311617 -0.2934205031064976 -0.2838104933997352 -0.2910180006798071 -0.28220882511527456 -0.27900548854635376 -0.2966238396754184 -0.367898078333909 -0.4135456244410318 -0.471205682681608 -0.4047364488764993 -0.2685946446973606 -0.16688870863412175 -0.12684700152261064 -0.19571873775440984 -0.3606905710538366 -0.5512890969046307 -0.6962400766483017 -0.7739209884446336 -0.8051535199916124
-3.013053250120347 -3.033074103676103 -3.1147591861835857 -3.2124609515356735 -3.2605110000694872 -3.280531853625243 -3.3141668875989123 -3.336590243581359 -3.427084501653374 -3.439897847929058 -3.390246131110784 -3.2444943172248824 -3.056298293800779 -2.7944255292914955 -2.5445652769156646 -2.305916702531057 -2.052052279444075 -1.8093995343483167 -1.613195169501911 -1.382554936539606 -1.2055705911067258 -0.9997562165535576 -0.8700210855122608 -0.8347843832541308 -0.8483985636720448 -0.8612119099477282 -0.8620127440899585 -0.83158104668521 -0.8235727052629076 -0.8307802125429797 -0.8275768759740587 -0.853203568525426 -0.7234684374841294 -0.5969366430117535 -0.32945803950685804 -0.1997229084655614 -0.18530789390541713 -0.33426304436023946 -0.5160523946465008 -0.7338792813331223 -0.8948469439213977 -1.0101670604025506 -1.111072162323559
-3.0378791085294843 -3.054696625516319 -3.0779208156409954 -3.1684150737130112 -3.2044526101133712 -3.294946868185387 -3.34139524843474 -3.4511095259202813 -3.542404618134527 -3.592056334952801 -3.5440062864189876 -3.3862419603996328 -3.1411867128771833 -2.8841189532212805 -2.697524598081638 -2.4772952089683256 -2.2370449662992575 -2.03283226003055 -1.8518437438865187 -1.729316120125294 -1.5531326088346442 -1.4378124923534914 -1.3417123952858643 -1.3288990490101806 -1.3817541023973756 -1.3945674486730593 -1.3489199025659364 -1.2984673516054321 -1.2640314834895323 -1.2360022885114743 -1.2039689228222652 -1.055013772367443 -0.9212744706149953 -0.6706133840969344 -0.4007322781653482 -0.30943718595110203 -0.36549557590721804 -0.5152515605042705 -0.7298751106219712 -0.945299494881902 -1.1399021914438472 -1.2832515029030578 -1.3753474292595338
-3.0402816109561748 -3.008248245266966 -3.030671601249412 -3.097941669196751 -3.133178371454881 -3.2509009903627244 -3.371026111697258 -3.479939555040569 -3.6513180614778378 -3.7113806221451044 -3.663330573611291 -3.484744559893951 -3.2372868099448104 -3.037078274387254 -2.850483919247611 -2.6726987396725006 -2.4388551701412746 -2.2466549760060204 -2.120924015675875 -1.9967947236301895 -1.895889621709181 -1.789378680792561 -1.7381252956898265 -1.7621503199567332 -1.8102003684905468 -1.7981878563570934 -1.7533411443922007 -1.6115935012174507 -1.5435225991278814 -1.489065877456226 -1.3665382536950013 -1.2175831032401792 -1.0213787383937736 -0.7683151494490221 -0.591330804016142 -0.5641024431803143 -0.6249658379898115 -0.7603068080267197 -0.9749303581444204 -1.1519147035773005 -1.3385090587169433 -1.4850617067450749 -1.5747551306748602
-3.0290699329649518 -2.9938332307068216 -2.9690073722976846 -3.033074103676103 -3.1123566837568952 -3.27092184391848 -3.4070636480976186 -3.6296955396376216 -3.808281553354962 -3.8483232604664734 -3.7674390121012205 -3.5680313106858943 -3.334988575296898 -3.136381708023802 -2.913749816483799 -2.736765471050919 -2.583806149884946 -2.4404568384257352 -2.322734219517892 -2.28109084412192 -2.1833890787698325 -2.0472472745906938 -1.9975955577724198 -2.0432431038795427 -2.0280272551771685 -2.0136122406170243 -1.9335288263940016 -1.7781670028013377 -1.6748593984536386 -1.6011826573684576 -1.4722483604693912 -1.3345048880057921 -1.1342963524482357 -1.012569562829241 -0.9148677974771535 -0.9084611243393117 -0.9597145094420463 -1.0918521429100336 -1.1687322205641353 -1.3345048880057921 -1.421795809508887 -1.591572647661695 -1.6892744130137824
-2.9938332307068216 -2.971409874724375 -2.944982348030778 -3.02186242568488 -3.1556017274373276 -3.3990553066753164 -3.667334744322442 -3.8915683041469054 -3.9372158502540286 -3.9540333672408634 -3.7890615339414366 -3.551213793699059 -3.322976063163445 -3.1275725324592694 -2.885720621505741 -2.6927195932282566 -2.6110345107207733 -2.531751930639981 -2.485303550390628 -2.454871852985879 -2.383597614327389 -2.2370449662992575 -2.120924015675875 -2.1065090011157306 -2.0584589525819172 -1.9759730359322036 -1.8902837827135694 -1.8190095440550793 -1.7429303005432077 -1.6812660715914802 -1.6276101840620552 -1.5018792237319096 -1.4233974777933474 -1.3393098928591736 -1.3240940441567992 -1.3385090587169433 -1.3801524341129152 -1.4233974777933474 -1.4802567018916934 -1.4033766242375918 -1.408181629090973 -1.619601842639753 -1.778967836943568
-2.9321690017550943 -2.9257623286172523 -2.994634064849052 -3.1243691958903486 -3.3189718924522937 -3.6336997103487727 -3.931610011258417 -4.036519283890577 -3.982062562218921 -3.8275015727684876 -3.644911388339996 -3.458317033200353 -3.34059441429251 -3.1956434345488387 -3.037078274387254 -2.848882250963151 -2.697524598081638 -2.6110345107207733 -2.570992803609262 -2.5309510964977506 -2.4628801944081813 -2.3099208732422083 -2.143347371658321 -2.0640647915775285 -1.9599563530875992 -1.8630554218777418 -1.8029928612104746 -1.7709594955212657 -1.7861753442236399 -1.771760329663496 -1.7461336371121288 -1.722909446987452 -1.700486091005006 -1.7333202908364451 -1.7661544906678843 -1.8158062074861583 -1.8766696022956557 -1.8774704364378858 -1.7149011055651497 -1.4778541994650027 -1.3929657803885989 -1.6292118523465156 -1.771760329663496
-3.0506924548051675 -3.101945839907902 -3.210859283251213 -3.3550094288526537 -3.5055662475919362 -3.6953639393005 -3.87154745059115 -3.9075849869915102 -3.8138873923505736 -3.680148090598126 -3.6336997103487727 -3.5440062864189876 -3.4431011844979786 -3.349403589857042 -3.249299322078264 -3.1171616886102766 -2.9393765090351662 -2.767998002597898 -2.6438687105522125 -2.56298446218696 -2.4652826968348722 -2.299510029393215 -2.093695654840047 -2.0032013967680316 -1.9183129776916275 -1.85744958288213 -1.8262170513351514 -1.8246153830506908 -1.8502420756020581 -1.895889621709181 -1.9423380019585341 -1.9743713676477432 -2.015213908901485 -2.096098157266738 -2.188994917765444 -2.28189167826415 -2.2890991855442224 -2.17618157148976 -1.9263213191139297 -1.6228051792086737 -1.5090867310119815 -1.666050222889106 -1.8118020367750072
-3.3774327848351002 -3.4198769943733023 -3.4783378867561088 -3.5007612427385553 -3.564027139974743 -3.6585255687579097 -3.737808148838702 -3.7874598656569765 -3.7962690412215085 -3.753824831683307 -3.737808148838702 -3.663330573611291 -3.578442154534887 -3.5023629110230154 -3.4070636480976186 -3.27092184391848 -3.097140835054521 -2.895330631212504 -2.7215496223485447 -2.6054286717251616 -2.5061252380886136 -2.390004287465231 -2.2947050245398337 -2.2506591467171715 -2.2090157713211998 -2.1801857422009117 -2.145749874085012 -2.108911503542421 -2.1025048304045795 -2.1129156742535726 -2.1409448692316304 -2.185791581196523 -2.2682774978462366 -2.376390107047317 -2.4877060528173183 -2.5621836280447297 -2.4909093893862395 -2.298709195250985 -2.0560564501552263 -1.8454370707486767 -1.7245111152719126 -1.792582017361482 -1.9391346653896133
-3.600064676375103 -3.582446325246038 -3.5063670817341666 -3.4879478964628716 -3.5448071205612175 -3.6336997103487727 -3.7105797880028746 -3.7914640363681276 -3.821895733772876 -3.8066798850705017 -3.7281981391319396 -3.6529197297622984 -3.5808446569615775 -3.5055662475919362 -3.4134703212354602 -3.282133521909703 -3.12917420074373 -2.944982348030778 -2.796828031718186 -2.736765471050919 -2.6831095835214938 -2.7343629686242283 -2.7319604661975374 -2.7287571296286166 -2.7327613003397677 -2.700727934650559 -2.6294536959920687 -2.5613827939024993 -2.485303550390628 -2.4020167995986843 -2.4068218044520657 -2.426041823865591 -2.504523569804153 -2.6294536959920687 -2.74076964176207 -2.723952124775235 -2.549370281769046 -2.354767585207101 -2.1585632203606955 -1.9783755383588943 -1.9111054704115553 -2.0608614550086077 -2.2018082640411274
-3.726596470847479 -3.5872513300994195 -3.503964579307476 -3.421478662657763 -3.4871470623206413 -3.592056334952801 -3.6753430857447444 -3.749019826829925 -3.758629836536688 -3.726596470847479 -3.5848488276727286 -3.492752901316253 -3.4110678188087697 -3.345399419145891 -3.2581084976427963 -3.2084567808245223 -3.1171616886102766 -2.998638235560203 -2.9609990308753824 -2.921758157906101 -3.029870767107182 -3.1131575178991255 -3.1852325906998455 -3.2340834733758896 -3.2220709612424363 -3.160406732290709 -3.084327488778837 -2.9265631627594826 -2.789620524438114 -2.6654912323924287 -2.607030340009622 -2.6246486911386873 -2.6967237639394077 -2.828060563265165 -2.9417790114618567 -2.8440772461097694 -2.6606862275390473 -2.428444326292282 -2.2274349565924947 -2.1201231815336445 -2.1257290205292563 -2.3275392243712734 -2.489307721101779
-3.7426131536920835 -3.6465130566244564 -3.528790437716613 -3.4431011844979786 -3.4607195356270437 -3.5087695841608575 -3.547209622987908 -3.5848488276727286 -3.5904546666683403 -3.5087695841608575 -3.367021940986107 -3.263714336638408 -3.1820292541309247 -3.169215907855241 -3.1844317565576157 -3.174821746850853 -3.160406732290709 -3.1379833763082625 -3.1451908835883344 -3.224473463669127 -3.3437977508614307 -3.4447028527824393 -3.5007612427385553 -3.538400447423376 -3.520782096294311 -3.4599187014848134 -3.351806092283733 -3.1804275858464646 -3.015455752547038 -2.872106441087827 -2.7984297000026466 -2.7920230268648045 -2.8592930948121436 -2.9922315624223614 -3.0779208156409954 -3.005845742840275 -2.8344672364030066 -2.6078311741518525 -2.3619750924871727 -2.2714808344151574 -2.407622638594296 -2.6326570325609895 -2.792823861007035
-3.8234974020573365 -3.7418123195498536 -3.603268012944024 -3.5335954425699945 -3.416673657804381 -3.391046965253014 -3.363017770274956 -3.3758311165506396 -3.3678227751283374 -3.309361882745531 -3.1812284199886944 -3.1588050640062484 -3.1171616886102766 -3.1668134054285506 -3.2436934830826525 -3.286137692620854 -3.363017770274956 -3.4030594773864675 -3.4807403891827993 -3.5680313106858943 -3.6569239004734495 -3.686554763735968 -3.7105797880028746 -3.663330573611291 -3.649716393193377 -3.592056334952801 -3.4919520671740227 -3.323776897305675 -3.1836309224153854 -3.0458874499517865 -2.990629894137901 -2.983422386857829 -3.012252415978117 -3.1099541813302043 -3.173220078566392 -3.1724192444241623 -3.0250657622538006 -2.8592930948121436 -2.6230470228542266 -2.5501711159112763 -2.7319604661975374 -2.9441815138885477 -3.0402816109561748
-3.9019791479958985 -3.8234974020573365 -3.670538080891363 -3.55521796441021 -3.438296179644597 -3.3149677217411426 -3.263714336638408 -3.2476976537938036 -3.2476976537938036 -3.2084567808245223 -3.238888478229271 -3.225274297811357 -3.288540195047545 -3.380636121404021 -3.4919520671740227 -3.5872513300994195 -3.670538080891363 -3.7602315048211485 -3.8467215921820133 -3.914792494271582 -3.931610011258417 -3.909987489418201 -3.817090728919495 -3.7682398462434508 -3.7193889635674067 -3.663330573611291 -3.5728363155392753 -3.4623212039115043 -3.3285819021590566 -3.2581084976427963 -3.2044526101133712 -3.1836309224153854 -3.1940417662643785 -3.246095985509343 -3.278129351198552 -3.288540195047545 -3.23488430751812 -3.079522483925456 -2.9882273917112103 -2.9481856845996988 -3.1035475081923627 -3.2300793026647385 -3.323776897305675
-3.8811574602979126 -3.8323065776218685 -3.753824831683307 -3.632098042064312 -3.5135745890142385 -3.3782336189773305 -3.326980233874596 -3.3109635510299915 -3.3333869070124376 -3.371026111697258 -3.4222794967999928 -3.5175787597253896 -3.609674686081866 -3.747418158545465 -3.8603357725999268 -3.9412200209651798 -4.0253076058993535 -4.11900520054029 -4.180669429492017 -4.235126151163673 -4.171860253927485 -4.054938469161872 -3.955635035525324 -3.8939708065735963 -3.842717421470862 -3.7770490218079833 -3.7009697782961117 -3.6393055493443844 -3.5816454911038083 -3.51918042800985 -3.4663253746226554 -3.429487004080065 -3.415071989519921 -3.4431011844979786 -3.4431011844979786 -3.4198769943733023 -3.3758311165506396 -3.351806092283733 -3.326980233874596 -3.371026111697258 -3.464723706338195 -3.564827974116973 -3.6008655105173335
-3.9091866552759704 -3.8499249287509336 -3.829904075195178 -3.793866538794818 -3.6985672758694212 -3.6176830275041683 -3.5856496618149594 -3.5840479935304987 -3.632098042064312 -3.691359768589349 -3.7874598656569765 -3.9051824845648193 -4.0076892547702885 -4.123009371251441 -4.2279186438836005 -4.320014570240077 -4.405703823458711 -4.476978062117201 -4.519422271655403 -4.480181398686122 -4.385682969902955 -4.253545336434968 -4.163051078362953 -4.106992688406836 -4.069353483722016 -4.017299264477051 -3.9372158502540286 -3.8827591285823733 -3.8483232604664734 -3.8154890606350342 -3.76663817795899 -3.7025714465805724 -3.670538080891363 -3.667334744322442 -3.640907217628845 -3.618483861646398 -3.6112763543663267 -3.620886364073089 -3.6473138907666867 -3.7354056464120116 -3.80107404607489 -3.8539290994620847 -3.8867632992935244
-3.983664230503382 -3.9892700694989935 -4.029311776610505 -4.008490088912518 -3.9548342013830933 -3.927605840547266 -3.956435869667554 -3.991672571925684 -4.0477309618818 -4.098183512842304 -4.176665258780867 -4.279972863128566 -4.391288808898567 -4.498600583957417 -4.57708232989598 -4.681190768385909 -4.765278353320083 -4.826141748129579 -4.837353426120803 -4.75646917775555 -4.633140719852095 -4.5242272765087845 -4.465766384125978 -4.432131350152309 -4.391288808898567 -4.324018740951228 -4.2367278194481335 -4.2279186438836005 -4.204694453758924 -4.155042736940651 -4.092577673846693 -4.032515113179425 -3.9804608939344606 -3.947626694103022 -3.9588383720942444 -3.9412200209651798 -3.929207508831726 -3.946025025818561 -3.9860667329300723 -4.04853179602403 -4.1334202151004344 -4.192681941625471 -4.207897790327845
-4.22551614145691 -4.2415328243015145 -4.239130321874824 -4.1966861123366215 -4.174262756354175 -4.2054952879011545 -4.320014570240077 -4.410508828312093 -4.4569572085614455 -4.511413930233101 -4.5826881688915915 -4.661970748972383 -4.7532658411866295 -4.876594299090084 -4.974296064442171 -5.089616180923325 -5.174504599999729 -5.218550477822391 -5.196927955982175 -5.102429527199009 -5.007130264273611 -4.915034337917135 -4.854971777249869 -4.806921728716055 -4.75646917775555 -4.685194939097061 -4.5738789933270585 -4.539443125211159 -4.501003086384108 -4.445745530570223 -4.372869623627272 -4.307201223964393 -4.293587043546479 -4.285578702124177 -4.289582872835329 -4.293587043546479 -4.29438787768871 -4.309603726391083 -4.345641262791444 -4.391288808898567 -4.47217305726382 -4.539443125211159 -4.541044793495619
