static/data/seaWind_uo/2023/7/21/12.asc
ncols 137
nrows 93
xllcorner 108.0
yllcorner 17.0
cellsize 0.25
NODATA_value -32767
[rows 57 to 75 of 93, columns 0 to 41 of 137]
-0.9925487092734855 -0.11163115282023606 0.4145168786250224 0.13822909955559437 -0.5000357118018961 -1.089449640483343 -1.0285862456738457 -1.1479105328661494 -1.0726321234965082 0.08937821687955072 1.2233593622775514 1.2241601964197817 0.9983249683108579 0.28798508415264656 -0.10282197725570397 0.1470382751201269 0.4081102054871808 0.3248234546952373 0.15664828482688975 -0.04836525558404858 -0.2838104933997352 -0.2966238396754184 0.002888129518686 0.5034094684125776 1.0335616705689876 0.8741956762651726 -0.3158438590889441 -0.9420961583129812 -0.8099585248449939 -0.4447781559880104 -0.2894163323953465 -0.5312682433488749 -0.8443943929608935 -0.9805361971400322 -0.8756269245078725 -0.6682108816702437 -0.2053287474611727 -0.4087406195876504 -0.5504882627624004 -0.5248615702110331 -0.3799105904673623 -0.2317562741547703
-1.0782379624921197 -0.5080440532241983 0.15424578240019882 0.15264411411573864 -0.009124382614767335 -0.39192310260081564 -0.7154600960618271 -0.8500002319565052 -0.8644152465166492 -0.10842781625131526 0.8517723202827261 0.8870090225408562 0.4641685954432968 0.2095033382140845 0.508214473265959 0.7772947450553152 0.571480370502147 -0.07559361641987605 -0.16448620620743126 -0.15888036721181953 -0.471205682681608 -0.3454747223514625 0.07095903160825534 0.737253037943804 1.3883311955769781 0.9062290419543815 -0.051568592152969384 -0.7883360030047777 -0.9821378654244926 -0.6569992036790206 -0.4439773218457801 -0.8259752076895983 -1.0870471380566522 -1.1439063621549983 -1.0285862456738457 -0.7298751106219712 -0.16288453792297064 -0.16368537206520095 -0.3831139270362831 -0.45118482912585245 -0.5424799213400981 -0.48081569238837085
-1.2424089616493161 -1.0558146065096734 -0.6754183889503158 0.03492149520789534 0.09658572415962263 -0.04756442144181827 -0.4007322781653482 -0.403935614734269 -0.5592974383269329 -0.056373597006350806 0.17746997252487562 0.42012271762063413 0.30640426942394194 0.17026246524480326 0.373674337371281 0.36806849837566924 0.06615402675487392 -0.10202114311347366 -0.054771928721890184 0.1470382751201269 -0.6057458185762861 -0.5288657409221844 -0.0035185436191556008 0.7997181010377616 1.3202602934874088 0.8093281107445245 -0.08600446026886921 -0.7715184860179429 -0.9661211825798881 -0.7402859544709641 -0.5120482239353494 -0.828377710116289 -1.0638229479319756 -1.142304693870538 -1.0886488063411126 -0.7843318322936266 -0.11002948453577588 -0.009925216756997646 -0.21413792302570522 -0.3638939076227574 -0.4495831608413918 -0.471205682681608
-1.39777078524198 -1.3985716193842104 -1.4274016485044985 -0.7603068080267197 -0.36309307348052755 -0.3526822296315344 -0.573712452887077 -0.18210455733649633 -0.23015460587030967 -0.4623965071170755 -0.25177712771052585 0.07416236817717614 0.2615575574590494 0.02370981721667187 -0.15968120135404984 -0.14526618679390557 0.2791759085881145 0.3344334644019997 0.08617488031062948 0.2127066747830053 -0.2838104933997352 -0.12844866980707081 0.4001018640648786 0.5618703607953841 0.8381581398648126 0.4745794392922895 -0.09881780654455286 -0.7739209884446336 -0.9965528799846366 -0.8427927246764331 -0.5568949359002422 -0.5681066138914654 -0.8179668662672961 -1.0950554794789544 -1.051009601656292 -0.7338792813331223 -0.23656127900815171 -0.11243198696246637 -0.2597854691328281 -0.4015331123075785 -0.18771039633210762 -0.11643615767361748
-1.2816498346185974 -1.5603401161147161 -1.566746789252558 -1.3889616096774475 -0.9909470409890251 -0.8820335976457143 -1.0189762359670829 -0.45038399498362214 0.12381408499545055 -0.11002948453577588 -0.4704048485393777 -0.30623384938218123 -0.20452791331894238 -0.2677938105551303 -0.45919317054815467 -0.150071191647287 0.27517173787696336 0.4185210493361735 -0.051568592152969384 -0.08039862127325748 0.2895867524371072 0.4449485760297711 0.38889018607365555 0.36486516180674844 0.3752760056557416 0.21751167963638673 -0.27660298611966283 -0.5168532287887309 -0.7394851203287338 -1.0053620555491691 -0.7162609302040572 -0.5080440532241983 -0.4888240338106731 -0.7667134811645615 -1.0197770701093132 -0.7563026373155686 -0.45358733155254294 -0.14286368436721508 -0.3238522005112463 -0.6217625014208905 -0.4079397854454201 0.4193218834784038
-0.7995476809960009 -1.1783422302708981 -1.2992681857476622 -1.1342963524482357 -1.1575205425729123 -1.199964752111114 -1.234400620227014 -0.828377710116289 -0.10122030897124334 0.2535492160367472 -0.08280112369994796 -0.45118482912585245 -0.6778208913770065 -0.5689074480336955 -0.5480857603357097 -0.22775210344361918 0.18227497737825704 0.19428748951171038 -0.004319377761385912 -0.07158944570872494 0.5002061318436568 0.31441261084624417 0.24474004047221465 0.12861908984883152 0.13422492884444326 0.05334068047919027 -0.09000863098002032 -0.3198480298000952 -0.6009408137229046 -1.0101670604025506 -0.9172702999038442 -0.5504882627624004 -0.439973151134629 -0.5608991066113933 -0.8115601931294543 -0.97332868985996 -0.6049449844340558 -0.08600446026886921 -0.3158438590889441 -0.6329741794121138 -0.27500131783520265 0.7252405258103507
-0.3350638785024693 -0.5344715799177959 -0.8716227537967214 -1.1383005231593868 -1.227993947089172 -1.1807447326975888 -1.1222838403147821 -1.039797923665069 -0.6129533258563582 -0.12284283081145952 0.10539489972415517 -0.13966034779829428 -0.47601068753498943 -0.7370826179020433 -0.7779251591557848 -0.6105508234296675 -0.19011289875879855 0.28398091344149545 0.5995095654802047 0.6627754627163926 0.2951925914327189 0.06295069018595312 -0.19011289875879855 -0.2029262450344822 -0.052369426295199695 0.02210814893221169 -0.03875524587728574 -0.16128286963851046 -0.42635897071671547 -0.7779251591557848 -0.9076602901970814 -0.5961358088695234 -0.42876147314340596 -0.5865257991627606 -0.8203693686939868 -1.0285862456738457 -0.6569992036790206 0.04132816834573694 -0.12924950394930113 0.10139072901300406 0.5554636876575425 1.0471758509869016
-0.6089491551452069 -0.6345758476965742 -0.9292828120372976 -1.2319981178003232 -1.2856540053297485 -1.1350971865904658 -1.107868825754638 -1.1791430644131282 -0.7995476809960009 -0.19411706946994967 0.12621658742214104 -0.1797020549098054 -0.4664006778282266 -0.7146592619195968 -0.7042484180706039 -0.6930367400793807 -0.5088448873664286 -0.025941899601602092 0.7861039206198477 1.3835261907235967 0.8317514667269705 -0.06358110428642272 -0.6185591648519697 -0.4936290386640545 -0.19491790361217998 0.05654401704811152 -0.02273856303268129 -0.16929121106081269 -0.2918188348220374 -0.471205682681608 -0.683426730372618 -0.6569992036790206 -0.5592974383269329 -0.4936290386640545 -0.54888659447794 -0.630571676985423 -0.5376749164867167 -0.030746904454983515 0.21671084549415642 0.6267379263160326 0.982308285466253 1.2273635329887025
-1.2800481663341368 -1.0269845773893853 -1.107868825754638 -1.2432097957915464 -1.2784464980496764 -1.2263922788047117 -1.2760439956229856 -1.0958563136211847 -0.9573120070153556 -0.35908890276937644 0.026112319643362802 -0.390321434316355 -0.8371868856808216 -0.8708219196544911 -0.8636144123744189 -0.5921316381583721 -0.24056544971930283 0.035722329350125204 0.5730820387866076 1.1737076454592774 0.5955053947690536 -0.21814209373685634 -0.7298751106219712 -0.7026467497861435 -0.10362281139793383 -0.04115774830397623 -0.22695126930138887 -0.3815122587518225 -0.3815122587518225 -0.2902171665375768 -0.37670725389844106 -0.5512890969046307 -0.5256624043532634 -0.36629641004944835 -0.2285529375858495 -0.20052374260779127 -0.1789012207675751 0.07416236817717614 0.4713761027233687 0.8197389545935172 0.939864075928051 0.8773990128340934
-1.4458208337757936 -1.0630221137897453 -0.8323818808274401 -0.8131618614139147 -0.9244778071839161 -1.0293870798160758 -1.0806404649188104 -1.1270888451681635 -0.8756269245078725 -0.2966238396754184 0.2063000016451637 0.10699656800861579 -0.986942870277874 -0.9973537141268669 -0.9845403678511833 -0.39752894159642693 0.2287233576276102 0.5034094684125776 0.5026086342703473 0.5738828729288379 -0.00031520705023480033 -0.4776123558194496 -0.6257666721320416 -0.6529950329678693 -0.2758021519774325 -0.4079397854454201 -0.5793182918826887 -0.6273683404165022 -0.5472849261934796 -0.39272393674304595 -0.354283897915995 -0.45038399498362214 -0.4095414537298807 -0.16608787449189188 0.0813698754572485 0.09658572415962263 -0.014730221610379068 0.15744911896912006 0.3816826787935832 0.4113135420561016 0.37287350322905066 0.32962845954861875
-1.227993947089172 -1.1911555765465818 -0.9076602901970814 -0.7490951300354967 -0.5921316381583721 -0.6113516575718976 -0.7426884568976548 -1.083042967345501 -0.9164694657616139 -0.4455789901302407 0.07015819746602503 0.24393920632998434 -0.7018459156439132 -0.97332868985996 -0.48642153138398214 0.07496320231940645 0.35925932281113715 0.3232217864107767 -0.15567703064289873 0.11580574357314788 -0.16048203549628015 -0.2349596107236911 -0.3743047514717506 -0.6842275645148483 -0.6465883598300277 -0.7787259932980151 -0.8275768759740587 -0.7667134811645615 -0.5368740823444866 -0.4303631414278666 -0.30863635180887217 -0.34707639063592266 -0.10762698210908495 0.1462374409778966 0.3168151132729351 0.3280267912641581 -0.04836525558404858 -0.08119945541548779 -0.15888036721181953 -0.1468678550783662 -0.12764783566484095 -0.06037776771750192
-0.6377791842654952 -1.1294913475948543 -1.0782379624921197 -1.0093662262603202 -0.8459960612453541 -0.5825216284516095 -0.5945341405850628 -1.0221795725360039 -0.9797353629978018 -0.5504882627624004 -0.08039862127325748 0.1206107484265293 -0.3751055856139809 -0.45759150226369405 -0.07158944570872494 0.07095903160825534 0.22552002105868896 -0.5953349747272931 -0.6858292327993087 -0.20132457675002158 0.21831251377861705 0.1830758115204869 -0.00031520705023480033 -0.4495831608413918 -1.0357937529539176 -0.8988511146325491 -0.8596102416632678 -0.6730158865236251 -0.471205682681608 -0.13805867951383366 -0.10282197725570397 -0.12764783566484095 0.07896737303055756 0.33763680097092097 0.3200184498418559 0.1734658018137245 -0.38871976603189484 -0.54888659447794 -0.6369783501232649 -0.5961358088695234 -0.5464840920512493 -0.4303631414278666
-0.379109756325132 -0.7490951300354967 -1.1254871768837031 -1.2496164689293883 -1.0670262845008966 -0.7683151494490221 -0.7250701057685898 -1.026183743247155 -1.0061628896913994 -0.8379877198230519 -0.5280649067799541 0.07416236817717614 0.09418322173293214 0.13662743127113375 0.21751167963638673 0.009294802656528045 -0.435168146281248 -1.1623255474262935 -1.1006613184745662 -0.5641024431803143 0.034120661065665026 0.5706795363599166 0.2655617281702005 -0.8724235879389515 -1.1519147035773005 -0.8636144123744189 -0.591330804016142 -0.5592974383269329 0.06295069018595312 0.5298369951061752 0.3792801763668927 0.1766691383826453 0.16065245553804086 0.21510917720969625 -0.07479278227764574 -0.4231556341477942 -0.9252786413261465 -1.107868825754638 -1.18474890340874 -1.083042967345501 -0.8844361000724048 -0.8027510175649217
-0.6329741794121138 -0.8059543541338428 -0.9557103387308952 -1.1967614155421933 -1.1671305522796749 -0.895647778063628 -0.8443943929608935 -0.881232763503484 -0.9757311922866507 -1.0630221137897453 -0.920473636472765 -0.12364366495368984 0.6395512725917163 0.6627754627163926 0.058145685332571695 -0.27019631298182123 -0.42395646829002454 -1.1230846744570124 -1.2896581760408996 -1.1350971865904658 -0.29982717624433963 0.39769936163818764 -0.00031520705023480033 -1.2119772642445676 -0.9965528799846366 -0.6081483210029768 -0.3799105904673623 -0.18610872804764744 0.6571696237207814 1.1568901284724427 0.8133322814556756 0.10699656800861579 -0.11243198696246637 -0.4391723169923991 -0.7835309981513963 -1.064623782074206 -1.4209949753666566 -1.605987662221839 -1.5875684769505438 -1.4418166630646425 -1.4001732876686708 -1.3713432585483827
-1.2864548394719786 -0.8195685345517565 -0.8203693686939868 -1.026183743247155 -1.2536206396405394 -0.9605153435842764 -0.7779251591557848 -0.8147635296983753 -0.8692202513700307 -1.0221795725360039 -0.9076602901970814 0.1206107484265293 0.9118348809499932 0.6083187410447373 -0.04596275315735765 -0.17489705005642397 -0.09721613826009223 -0.8307802125429797 -0.9757311922866507 -0.8996519487747792 -0.8019501834226916 -0.00031520705023480033 -0.4447781559880104 -1.308878195454425 -1.0109678945447806 -0.6986425790749924 -0.471205682681608 0.267964230596891 1.1929276648728027 1.4059495467060432 0.602712902049126 -0.1989220743233311 -0.6241650038475812 -0.9685236850065786 -1.316085702734497 -1.556335945403565 -1.811001202632777 -1.9487446750963762 -1.9231179825450089 -1.9543505140919875 -1.9527488458075273 -2.0128114064747944
-1.4282024826467288 -0.9621170118687368 -0.6345758476965742 -0.8708219196544911 -1.3008698540321226 -1.2760439956229856 -1.0181754018248528 -0.8491993978142749 -0.8868386024990955 -0.7923401737159288 -0.48081569238837085 0.27677340616142354 0.2887859182948769 -0.004319377761385912 -0.16608787449189188 -0.10602531382462477 0.11500490943091801 -0.06838610913980414 -0.2725988154085117 -0.5104465556508893 -0.5336707457755656 -0.6754183889503158 -1.0558146065096734 -1.6204026767819832 -1.5170950724342838 -1.0718312893542778 -0.18290539147872664 0.7156305161035879 1.3587003323144597 1.1024334068007873 0.03171815863897409 -0.7266717740530502 -1.128690513452624 -1.3457165659970154 -1.6468302034755806 -1.9054996314159438 -2.0944964889822772 -2.217024112743502 -2.249057478432711 -2.305115868388827 -2.464481862692642 -2.546967779342355
-0.8756269245078725 -0.5793182918826887 -0.2942213372487279 -0.8411910563919727 -1.7189052762763009 -1.7076935982850778 -1.5891701452350042 -1.3913641121041382 -1.011768728687011 -0.7434892910398849 -0.4231556341477942 -0.3174455273734047 -0.3350638785024693 -0.33266137607577884 -0.28861549825311617 -0.12524533323815001 0.11180157286199677 0.07576403646163676 -0.10602531382462477 -0.3839147611785134 -0.7298751106219712 -1.1407030255860775 -1.7605486516722728 -2.2010074298988975 -1.966363026225441 -1.1447071962972286 -0.10522447968239446 0.7700872377752432 1.204940177006256 0.47698194171898045 -0.6449866915455671 -1.2512181372138487 -1.5267050821410466 -1.7445319688276681 -1.9815788749278154 -2.2370449662992575 -2.3643775949138637 -2.432448497003433 -2.5021210673774625 -2.63345786670322 -2.804035538998258 -2.9858248892845194
-0.6145549941408186 -0.4704048485393777 -0.5256624043532634 -1.860652919451051 -2.8552889241009924 -2.800832202429337 -2.8705047728033666 -2.478096043110556 -1.6027843256529182 -1.2007655862533444 -1.1046654891857173 -1.1383005231593868 -1.1703338888485957 -1.0814412990610407 -0.8275768759740587 -0.4704048485393777 -0.2133370888834749 -0.47280735096606863 -0.7058500863550643 -1.055013772367443 -1.4370116582112613 -1.8430345683219862 -2.435651833572354 -2.6887154225171055 -2.2786883416952293 -1.320089873445648 -0.2317562741547703 0.4913969562791243 0.4673719320122176 -0.40313478059203867 -1.2368031226537046 -1.588369311092774 -1.803793695352705 -2.0168155771859455 -2.2338416297303367 -2.49171022352847 -2.6286528618498384 -2.6438687105522125 -2.758387992891135 -2.927363996901713 -3.1035475081923627 -3.309361882745531
-1.0742337917809686 -0.8516019002409656 -1.379351599970685 -2.898533967781425 -3.684152261309277 -3.9308091771161866 -3.9892700694989935 -3.1740209127086225 -1.9711680310788222 -1.9679646945099014 -2.1057081669735003 -2.1833890787698325 -2.2082149371789694 -1.990388050492348 -1.5515309405501836 -1.188753074119891 -0.9573120070153556 -1.2047697569644955 -1.4818583701761538 -1.8678604267311232 -2.2162232786012717 -2.414830145874368 -2.6654912323924287 -2.577399476747104 -2.1169198449647237 -1.320089873445648 -0.6241650038475812 -0.2357604448659214 -0.5464840920512493 -1.171134722990826 -1.5971784866573064 -1.7917811832192516 -1.9535496799497574 -2.1417457033738607 -2.3924067898919215 -2.6286528618498384 -2.7495788173266025 -2.7631929977445164 -2.931368167612864 -3.169215907855241 -3.423080330942223 -3.619284695788629
