static/data/seaWind_uo/2023/7/21/6.asc
ncols 137
nrows 93
xllcorner 108.0
yllcorner 17.0
cellsize 0.25
NODATA_value -32767
[rows 57 to 75 of 93, columns 0 to 42 of 137]
1.2890277619404298 1.313052786207337 1.2449818841177676 0.7436597110816456 0.10939907043530628 -0.13325367466045224 0.39129268850034604 0.8157347838823661 0.8717931738384821 1.3827253565813664 2.1323061137088586 2.5543457066641877 3.0308420212911726 2.4166022342005893 2.145119459984542 2.3661496832400846 2.531121516539512 2.412598063489438 2.4150005659161287 2.016985997227706 1.5468963557385629 1.3402811470431644 1.50124880963144 1.8704333491995748 2.1675428159669887 1.654208130797413 1.409152883274964 1.5180663266182743 1.8704333491995748 2.0882602358861964 2.0113801582320945 2.293273776297134 2.477465629010086 2.333315483408646 2.332514649266415 2.6712674914298007 2.4646522827344026 1.5428921850274118 1.5444938533118724 1.7495073937228098 1.5468963557385629 0.452156083309843 0.06054818775926263
0.31441261084624417 0.31441261084624417 0.8838056859719354 0.5386461706707077 0.07496320231940645 -0.09881780654455286 0.6187295848937304 1.176110147885968 1.1424751139122984 1.2409777134066164 1.843204988363747 2.486274804574619 2.5695615553665623 1.752710730291731 1.797557442256624 2.1507252989801535 2.4478347657475674 2.1387127868467 1.654208130797413 1.6582123015085641 1.496443804778059 1.3426836494698553 1.3787211858702153 1.645398955232881 2.1315052795666287 1.8816450271907974 1.6189714285392838 1.7054615159001476 2.0161851630854755 2.282862932448141 2.17475032324706 2.2820620983059112 2.3613446783867036 2.1595344745446865 2.165941147682528 2.4694572875877836 2.3172988005640405 1.6830381599177016 1.883246695475258 1.9449109244269853 0.7861039206198477 -0.8652160806588796 -0.9164694657616139
-0.2990263421021093 -0.39272393674304595 0.324022620553007 0.6547671212940904 0.2591550550323585 0.58269204849337 1.168902640605896 1.6654198087886365 1.569319711721009 1.4684146098000008 1.2810194205181276 1.8824458613330282 1.8824458613330282 1.3899328638614383 1.5220704973294263 1.8215824665235307 1.9969651436719507 1.5468963557385629 1.3002394399316533 1.7583165692873428 1.5476971898807927 1.2730110790958253 1.0527816899825133 1.6069589164058296 2.300481283577206 2.112285260153103 1.910475056311086 1.8632258419195025 2.129903611282168 2.300481283577206 2.260439576465695 2.1499244648379237 1.9969651436719507 1.8496116615015885 1.9385042512891437 2.1731486549626005 2.2668462496035366 1.8864500320441793 1.7342915450204361 1.3875303614347478 0.25034587946782594 -1.1198813378880914 -1.273641493196295
-0.3839147611785134 -0.48802319966844276 0.33683596682869066 0.6763896431343066 0.8045231058911431 1.1464792846234495 1.4860329609290654 1.9753426218317345 1.8824458613330282 0.9422665783547419 0.7220371892414295 1.3362769763320133 1.4419870831064032 1.0559850265514341 1.2065418452907166 1.5028504779159007 1.518867160760505 1.1921268307305728 1.3178577910607183 1.9857534656807272 1.721478198744752 0.9158390516611443 0.6988129991167531 1.6125647554014413 2.2772570934525294 2.1595344745446865 2.1411152892733907 2.077048557894973 1.9176825635911574 2.049820197059145 2.2083853572207297 1.9681351145516621 1.8103707885323073 1.7398973840160479 1.828789973803603 2.0193884996543967 2.1819578305271325 1.6862414964866228 0.8822040176874748 0.5690778680754565 0.712427179534667 -0.31504302494671377 -0.23736211315038203
-0.15167285993174762 -0.15167285993174762 0.627538760458263 0.9935199634574765 1.1216534262143125 1.2297660354153934 1.3811236882969062 1.9489150951381364 2.1675428159669887 1.224961030562012 0.6019120679068957 1.1673009723214354 1.3322728056208621 0.9326565686479791 1.0367650071379084 1.200135172152875 1.2161518549974795 1.2866252595137393 1.4523979269553964 1.9232884025867691 1.7903499349765517 0.9831091196084834 0.892614861536468 1.7390965498738171 2.20678368893627 2.2708504203146878 2.252431235043393 1.941707587858065 1.7815407594120196 1.824785803092452 2.0658368799037494 1.8808441930485675 1.788748266692091 1.7182748621758317 1.6926481696244644 1.8688316809151142 1.950516763422597 1.3298703031941717 0.5698787022176863 0.7300455306637317 0.872594007980712 0.822942291162438 1.0183458218666135
0.22151585034753785 0.3232217864107767 0.7893072571887685 1.1673009723214354 1.1793134844548891 1.2161518549974795 1.1072384116541687 1.8007607788255444 2.157131972117996 1.6558097990818736 1.0503791875558224 1.224961030562012 1.3923353662881293 1.0015283048797787 0.8838056859719354 1.0543833582669735 1.433978741684101 1.5613113702987067 1.6461997893751108 1.5845355604233835 1.6421956186639597 1.6982540086200761 1.6582123015085641 2.012981826516555 2.345327995542099 2.413398897631668 2.215592864500802 1.8952592076087114 1.7326898767359755 1.7447023888694289 1.883246695475258 1.8231841348079914 1.752710730291731 1.6461997893751108 1.6117639212592114 1.654208130797413 1.6325856089571968 1.1584917967569028 1.1088400799386289 1.2561935621089906 1.437982912395252 1.4892362974979867 1.645398955232881
0.6227337556048815 0.8381581398648126 1.1432759480545287 1.207342679432947 1.2145501867130188 1.0760058801071897 0.9478724173503537 1.6373906138105787 1.8480099932171279 1.4099537174171943 1.0639933679737363 1.0992300702318665 1.50124880963144 1.1448776163389893 0.8141331155979055 0.7108255112502064 1.116848421360931 1.7535115644339618 1.9000642124620932 1.5164646583338146 1.492439634066908 1.649403125944032 1.9569234365604387 2.3485313321110195 2.5022914874192232 2.193169508518356 1.9745417876895037 1.9401059195736043 1.8367983152259053 1.7190756963180616 1.6686231453575577 1.6421956186639597 1.5933447359879165 1.483630458502375 1.4147587222705758 1.4235678978351078 1.3450861518965458 1.3090486154961858 1.2810194205181276 1.1841184893082701 1.2537910596823 1.7414990523005076 2.0346043483567713
0.8037222717489128 1.1040350750852475 0.9879141244618648 0.946270749065893 0.946270749065893 0.8309506325847402 0.8549756568516473 1.222558528135321 1.2505877231133793 1.0864167239561828 0.9759016123284114 1.2714094108113652 1.7903499349765517 1.3498911567499272 0.7492655500772574 0.557866190084233 0.8661873348428704 1.586938062850074 2.0249943386500084 1.7046606817579177 1.5092571510537423 1.595747238414607 1.928093407440151 2.324506307844113 2.3213029712751916 1.7895491008343218 1.695050672051155 1.81998079823907 1.9216867343023094 1.7927524374032422 1.3851278590080573 1.267405240100214 1.2201560257086306 1.1520851236190612 1.1024334068007873 1.130462601778845 1.1384709432011473 1.228965201273163 1.2762144156647466 1.2762144156647466 1.4035470442793523 1.798358276398854 2.13550945027778
0.706020506396825 1.0784083825338806 0.762078896352941 0.5882978874889817 0.6523646188673999 0.737253037943804 0.6972113308322925 0.7604772280684804 0.7708880719174735 0.9158390516611443 1.228965201273163 1.6053572481213698 1.731088208451515 1.4355804099685616 1.2465835524022282 1.1777118161704285 1.176110147885968 1.2369735426954653 1.5052529803425911 1.3923353662881293 1.437982912395252 1.6638181405041759 1.9353009147202225 2.0602310409081386 1.879242524764107 1.487634629213526 1.5629130385831673 1.757515735145113 1.8151757933856891 1.6213739309659743 1.2754135815225163 0.9158390516611443 0.5658745315065352 0.5410486730973982 0.6715846382809252 0.744460545223876 0.9358599052168999 1.2802185863758977 1.3739161810168339 1.4996471413469794 1.5813322238544623 1.5565063654453257 1.7398973840160479
0.2903875865793375 0.7548713890728687 0.5794887119244492 0.4986044635591962 0.5754845412132981 0.5866962192045211 0.21831251377861705 0.21190584064077544 0.6211320873204209 0.9911174610307856 1.3763186834435248 1.6429964528061904 1.5068546486270518 1.115246753076471 1.0728025435382689 1.1248567627832333 1.0824125532450317 0.9166398858033746 1.0359641729956786 1.115246753076471 1.461207102519929 1.7254823694559032 1.8319933103725234 1.7919516032610123 1.8480099932171279 1.5765272190010813 1.4892362974979867 1.4956429706358283 1.4788254536489935 1.2585960645356815 0.9094323785233027 0.4954011269902754 0.21911334792084736 0.1694616311025734 0.22311751863199847 0.2935909231482583 0.6755888089920763 1.4371820782530218 1.523672165613886 1.4179620588394966 1.309849449638416 1.2193551915664003 1.4916387999246772
-0.02514106545937178 0.4705752685811384 0.5842937167778306 0.5250319902527938 0.48659195142574285 0.3816826787935832 0.03892566591904645 0.24874421118336576 0.5947045606268238 0.7724897402019337 1.0175449877243832 1.224961030562012 1.2698077425269045 0.786904754762078 0.4978036294169663 0.5378453365284774 0.6731863065653858 0.7156305161035879 0.9478724173503537 1.1000309043740963 1.420364561266187 1.5853363945656134 1.6229755992504349 1.5412905167429511 1.6758306526376292 1.441186248964173 1.1496826211923707 1.0471758509869016 0.8950173639631585 0.7212363550991991 0.48579111728351254 0.5682770339332261 0.42733022490070605 0.08056904131501819 -0.04596275315735765 0.30800593770840257 0.8309506325847402 1.3410819811853947 1.285824425371509 1.1640976357525146 0.9694949391905694 0.8437639788604239 0.8381581398648126
-0.10842781625131526 0.1990924943650918 0.30240009871279083 0.22632085520091927 0.16385579210696166 0.08297154374170868 -0.06598360671311321 0.05334068047919027 0.19428748951171038 0.38408518122027413 0.5698787022176863 0.8133322814556756 0.9302540662212886 0.39930102992264827 0.1726649676714942 0.2895867524371072 0.44975358088315254 0.5818912143511401 0.9094323785233027 1.0960267336629452 1.2513885572556092 1.3739161810168339 1.1889234941616516 1.094425065378485 1.3082477813539555 1.0784083825338806 0.7772947450553152 0.5426503413818589 0.39449602506926684 0.6059162386180468 0.6491612822984791 0.7108255112502064 0.5874970533467514 0.292790089006028 0.2975950938594094 0.7284438623792715 1.009536646302081 1.0623916996892757 0.9422665783547419 0.6835971504143785 0.47938444414567094 0.18707998223163802 -0.016331889894839247
0.02771398792782298 0.05253984633695996 -0.01873439232153018 -0.02834440202829258 -0.13645701122937348 -0.14206285022498477 -0.27980632268858363 -0.4111431220143409 -0.4647990095437664 -0.19251540118548904 0.07816653888832725 0.5306378292484055 0.564272863222075 0.10219156315523437 -0.20132457675002158 0.1766691383826453 0.4129152103405622 0.3416409716820721 0.8133322814556756 1.0752050459649594 1.180114318597119 0.9478724173503537 0.6067170727602771 0.8149339497401358 0.9182415540878353 0.589098721631212 0.20389749921847278 0.2943917572904886 0.6587712920052415 0.9166398858033746 1.1136450847920103 1.020748324293304 0.7748922426286247 0.4641685954432968 0.5546628535153122 0.7564730573573293 0.6884021552677599 0.6179287507515001 0.35925932281113715 0.10379323143969454 -0.20452791331894238 -0.471205682681608 -0.8508010660987353
0.07496320231940645 -0.15327452821620824 -0.22695126930138887 -0.15487619650066842 -0.3550847320582253 -0.4135456244410318 -0.6361775159810346 -0.8451952271031238 -0.9380919876018301 -0.810759358987224 -0.5905299698739117 0.011697305083218534 0.25274838189451687 -0.16448620620743126 -0.3638939076227574 0.061349021901492495 0.45455858573653396 0.30240009871279083 0.7508672183617175 0.9358599052168999 0.8846065201141657 0.5971070630535142 0.3160142791307048 0.706020506396825 0.5554636876575425 0.08537404616839961 0.20069416264955198 0.5730820387866076 0.8894115249675467 1.049578353413592 1.1424751139122984 0.8773990128340934 0.5490570145197005 0.36166182523782764 0.31120927427732337 0.30640426942394194 0.10058989487077374 -0.03875524587728574 -0.3014288445287998 -0.6185591648519697 -0.8964486122058584 -1.1350971865904658 -1.6067884963640693
-0.21654042545239616 -0.23976461557707252 -0.3198480298000952 -0.24056544971930283 -0.5921316381583721 -0.6994434132172225 -0.934087816890679 -1.143105528012768 -1.3393098928591736 -1.3753474292595338 -1.3144840344500366 -0.6369783501232649 -0.33746638092916026 -0.3566864003426855 -0.54888659447794 -0.06758527499757383 0.42252522004732507 0.2607567233168191 0.5418495072396285 0.7076221746812856 0.6747879748498464 0.35925932281113715 0.39529685921149715 0.7684855694907826 0.5210278195416427 0.39049185435811573 0.5058119708392685 0.5210278195416427 0.737253037943804 0.6940079942633717 0.5434511755240892 0.3015992645705605 0.16385579210696166 -0.012327719183688135 -0.22294709859023776 -0.33906804921362044 -0.48401902895729165 -0.7835309981513963 -1.0333912505272271 -1.3256957124412598 -1.6083901646485297 -1.8061961977793957 -2.3283400585135032
-0.33746638092916026 -0.2541796301372168 -0.4231556341477942 -0.45919317054815467 -0.7731201543024033 -0.9941503775579459 -1.2368031226537046 -1.485862540887305 -1.6836685740181712 -1.8766696022956557 -1.8614537535932814 -1.308878195454425 -1.0277854115316154 -0.9517061680197438 -0.7683151494490221 -0.2541796301372168 0.21030417235631482 -0.01873439232153018 0.10619573386638548 0.13262326055998264 0.12541575327991072 0.39449602506926684 0.5754845412132981 0.9310549003635189 1.0191466560088438 1.013540817013232 0.8405606422915031 0.6795929797032274 0.28478174758372576 0.2375325331921423 0.016502309936599957 -0.12524533323815001 -0.24857379114160505 -0.41835062929441325 -0.5977374771539838 -0.8892411049257862 -1.0710304552120478 -1.39777078524198 -1.634817691342127 -1.9255204849716994 -2.3003108635354454 -2.542963608631204 -2.9970365672757424
-0.45038399498362214 -0.2894163323953465 -0.5625007748958539 -0.9220753047572257 -1.0325904163849968 -1.2864548394719786 -1.4322066533578799 -1.6956810861516245 -2.0832848109910542 -2.322734219517892 -2.2698791661306967 -1.9215163142605483 -1.5923734818039252 -1.513891735865363 -1.3120815320233459 -0.8051535199916124 -0.3550847320582253 -0.6906342376526902 -0.8483985636720448 -0.7258709399108201 -0.18771039633210762 0.38808935193142524 0.5995095654802047 0.921444890656756 1.32426446419856 1.5268755021828073 1.1985335038684144 0.4745794392922895 -0.11723699181584779 -0.22134543030577714 -0.3751055856139809 -0.42635897071671547 -0.6289700087009626 -0.8844361000724048 -1.0982588160478755 -1.4322066533578799 -1.6115935012174507 -1.8614537535932814 -2.156961552076235 -2.482100213821707 -2.8248572266962437 -3.152398390868407 -3.5392012815656058
-0.3422713857825417 -0.4888240338106731 -1.485862540887305 -2.10410649868904 -1.700486091005006 -1.5771576331015509 -1.5859668086660834 -1.9079021338426343 -2.4620793602659514 -2.8232555584117836 -2.691117924943796 -2.631856198418759 -2.608632008294083 -2.764794666028977 -2.7271554613441564 -2.136139864378249 -1.5267050821410466 -1.5923734818039252 -1.5499292722657232 -1.1671305522796749 -0.4720065168238383 0.22632085520091927 0.4881936197102035 0.6187295848937304 1.197732669726184 1.4852321267868356 1.090420894667334 0.2343291966232215 -0.45438816569477325 -0.566504945607005 -0.711455925350676 -0.8131618614139147 -1.0189762359670829 -1.288056507756439 -1.5651451209680975 -1.9375329971051527 -2.203409932325588 -2.3755892729050867 -2.63425870084545 -2.9417790114618567 -3.2829343560519337 -3.6969656075849606 -4.026909274183814
0.001286461234225822 -0.4103422878721106 -1.8526445780287488 -2.8056372072827185 -2.2931033562553735 -1.9495455092386063 -1.7661544906678843 -2.059259786724147 -2.7992305341448764 -3.479939555040569 -3.753023997541076 -4.163051078362953 -4.168656917358565 -4.024506771757123 -3.5528154619835197 -2.842475577825309 -2.3371492340780358 -2.0424422697373124 -1.82141204648177 -1.308878195454425 -0.6353766818388045 -0.009925216756997646 0.3776785080824321 0.44655024431423174 0.8757973445496332 1.020748324293304 0.5947045606268238 -0.15888036721181953 -0.6898334035104599 -0.8379877198230519 -0.9693245191488089 -1.227993947089172 -1.4514266727714054 -1.7124986031384593 -2.037637264883931 -2.277887507552999 -2.571793637751492 -2.729557963770847 -2.9505881870263893 -3.2629135024961777 -3.6537205639045283 -4.076560991002088 -4.431330516010078
