static/data/salinity/2023/7/19/0.asc
ncols 137
nrows 93
xllcorner 108.0
yllcorner 17.0
cellsize 0.25
NODATA_value -32767
[rows 54 to 80 of 93, columns 0 to 60 of 137]
-32767.0 -32767.0 -32767.0 -32767.0 -32767.0 -32767.0 -32767.0 -32767.0 -32767.0 -32767.0 -32767.0 -32767.0 -32767.0 -32767.0 -32767.0 -32767.0 -32767.0 -32767.0 -32767.0 -32767.0 -32767.0 -32767.0 -32767.0 -32767.0 -32767.0 -32767.0 -32767.0 -32767.0 -32767.0 -32767.0 -32767.0 -32767.0 -32767.0 -32767.0 -32767.0 -32767.0 -32767.0 -32767.0 -32767.0 -32767.0 -32767.0 -32767.0 -32767.0 -32767.0 -32767.0 -32767.0 -32767.0 -32767.0 34.193363 34.05494 33.289516 32.620365 32.48139 32.850048 32.813305 32.80514 32.871716 33.48857 33.682156 33.851933 34.039673
-32767.0 -32767.0 -32767.0 -32767.0 -32767.0 -32767.0 -32767.0 -32767.0 -32767.0 -32767.0 -32767.0 -32767.0 -32767.0 -32767.0 -32767.0 -32767.0 -32767.0 -32767.0 -32767.0 -32767.0 -32767.0 -32767.0 -32767.0 -32767.0 -32767.0 -32767.0 -32767.0 -32767.0 -32767.0 -32767.0 -32767.0 -32767.0 -32767.0 -32767.0 -32767.0 -32767.0 -32767.0 -32767.0 -32767.0 -32767.0 -32767.0 -32767.0 -32767.0 -32767.0 -32767.0 -32767.0 -32767.0 33.299267 -32767.0 33.793766 32.980003 32.3466 32.29041 32.610043 32.778793 33.205273 33.679283 33.2217 33.565456 33.77188 33.843792
-32767.0 -32767.0 -32767.0 -32767.0 -32767.0 -32767.0 -32767.0 -32767.0 -32767.0 -32767.0 -32767.0 -32767.0 -32767.0 -32767.0 -32767.0 -32767.0 -32767.0 -32767.0 -32767.0 -32767.0 -32767.0 -32767.0 -32767.0 -32767.0 -32767.0 -32767.0 -32767.0 -32767.0 -32767.0 -32767.0 -32767.0 -32767.0 -32767.0 -32767.0 -32767.0 -32767.0 -32767.0 -32767.0 -32767.0 -32767.0 -32767.0 -32767.0 -32767.0 -32767.0 -32767.0 -32767.0 -32767.0 33.326252 34.015095 33.780018 33.44326 32.642174 32.17967 32.09651 32.69749 32.89331 33.138065 33.384506 33.830837 34.05709 34.10876
-32767.0 -32767.0 -32767.0 -32767.0 -32767.0 -32767.0 -32767.0 -32767.0 -32767.0 -32767.0 -32767.0 -32767.0 -32767.0 -32767.0 -32767.0 -32767.0 -32767.0 -32767.0 -32767.0 -32767.0 -32767.0 -32767.0 -32767.0 -32767.0 -32767.0 -32767.0 -32767.0 -32767.0 -32767.0 -32767.0 -32767.0 -32767.0 -32767.0 -32767.0 -32767.0 -32767.0 -32767.0 -32767.0 -32767.0 -32767.0 -32767.0 -32767.0 -32767.0 -32767.0 -32767.0 -32767.0 -32767.0 33.74352 33.99583 33.973133 33.4875 33.061142 32.11763 32.198147 32.3087 32.9633 32.973286 33.419655 33.647873 33.99768 34.033745
-32767.0 -32767.0 -32767.0 -32767.0 -32767.0 -32767.0 -32767.0 -32767.0 -32767.0 -32767.0 -32767.0 -32767.0 -32767.0 -32767.0 -32767.0 -32767.0 -32767.0 -32767.0 -32767.0 -32767.0 -32767.0 -32767.0 -32767.0 -32767.0 -32767.0 -32767.0 -32767.0 -32767.0 -32767.0 -32767.0 -32767.0 -32767.0 -32767.0 -32767.0 -32767.0 -32767.0 -32767.0 -32767.0 -32767.0 -32767.0 -32767.0 -32767.0 -32767.0 -32767.0 -32767.0 31.34883 -32767.0 33.7169 33.821293 33.680374 33.257294 32.846115 31.969145 32.58863 32.513794 32.878677 32.909805 33.113537 33.68268 34.141155 34.046093
-32767.0 -32767.0 -32767.0 -32767.0 -32767.0 -32767.0 -32767.0 -32767.0 -32767.0 -32767.0 -32767.0 -32767.0 -32767.0 -32767.0 -32767.0 -32767.0 -32767.0 -32767.0 -32767.0 -32767.0 -32767.0 -32767.0 -32767.0 -32767.0 -32767.0 -32767.0 -32767.0 -32767.0 -32767.0 -32767.0 -32767.0 -32767.0 -32767.0 -32767.0 -32767.0 -32767.0 -32767.0 -32767.0 -32767.0 -32767.0 -32767.0 -32767.0 -32767.0 -32767.0 -32767.0 -32767.0 33.355392 33.74994 33.72136 32.769947 32.831936 31.873276 32.46917 32.693573 32.672394 32.54187 32.917706 32.75913 33.91546 34.22798 34.09526
-32767.0 -32767.0 -32767.0 -32767.0 -32767.0 -32767.0 -32767.0 -32767.0 -32767.0 -32767.0 -32767.0 -32767.0 -32767.0 -32767.0 -32767.0 -32767.0 -32767.0 -32767.0 -32767.0 -32767.0 -32767.0 -32767.0 -32767.0 -32767.0 -32767.0 -32767.0 -32767.0 -32767.0 -32767.0 -32767.0 -32767.0 -32767.0 -32767.0 -32767.0 -32767.0 -32767.0 -32767.0 -32767.0 -32767.0 -32767.0 -32767.0 -32767.0 -32767.0 -32767.0 33.102184 33.41027 33.544994 33.542248 32.987743 32.184177 31.911299 32.296 -32767.0 -32767.0 -32767.0 -32767.0 32.74535 32.80134 34.171917 34.18838 34.158314
-32767.0 -32767.0 -32767.0 -32767.0 -32767.0 -32767.0 -32767.0 -32767.0 -32767.0 -32767.0 -32767.0 -32767.0 -32767.0 -32767.0 -32767.0 -32767.0 -32767.0 -32767.0 -32767.0 -32767.0 -32767.0 -32767.0 -32767.0 -32767.0 -32767.0 -32767.0 -32767.0 -32767.0 -32767.0 -32767.0 -32767.0 -32767.0 -32767.0 -32767.0 -32767.0 -32767.0 -32767.0 -32767.0 -32767.0 -32767.0 -32767.0 -32767.0 -32767.0 33.543636 33.49179 33.640694 33.781902 32.87032 31.960333 31.98301 32.266808 32.401485 -32767.0 -32767.0 -32767.0 -32767.0 32.716263 34.026207 34.064842 34.189857 34.173477
-32767.0 -32767.0 -32767.0 -32767.0 -32767.0 -32767.0 -32767.0 -32767.0 -32767.0 -32767.0 -32767.0 -32767.0 -32767.0 -32767.0 -32767.0 -32767.0 -32767.0 -32767.0 -32767.0 -32767.0 -32767.0 -32767.0 -32767.0 -32767.0 -32767.0 -32767.0 -32767.0 -32767.0 -32767.0 -32767.0 -32767.0 -32767.0 -32767.0 -32767.0 -32767.0 -32767.0 -32767.0 -32767.0 -32767.0 -32767.0 -32767.0 33.170643 33.1497 33.44577 33.80232 33.261948 33.150375 32.098976 32.026176 32.208607 32.379314 -32767.0 -32767.0 -32767.0 -32767.0 -32767.0 33.74104 34.0668 33.954277 34.062057 34.201164
-32767.0 -32767.0 -32767.0 -32767.0 -32767.0 -32767.0 -32767.0 -32767.0 -32767.0 -32767.0 -32767.0 -32767.0 -32767.0 -32767.0 -32767.0 -32767.0 -32767.0 -32767.0 -32767.0 -32767.0 -32767.0 -32767.0 -32767.0 -32767.0 -32767.0 -32767.0 -32767.0 -32767.0 -32767.0 -32767.0 -32767.0 -32767.0 -32767.0 -32767.0 -32767.0 -32767.0 -32767.0 -32767.0 -32767.0 -32767.0 -32767.0 33.49536 33.5731 33.640762 33.68136 32.537254 32.106686 31.97188 31.913225 32.404915 32.506317 -32767.0 -32767.0 -32767.0 -32767.0 33.733692 33.873875 33.952297 34.082535 34.024155 34.167747
-32767.0 -32767.0 -32767.0 -32767.0 -32767.0 -32767.0 -32767.0 -32767.0 -32767.0 -32767.0 -32767.0 -32767.0 -32767.0 -32767.0 -32767.0 -32767.0 -32767.0 -32767.0 -32767.0 -32767.0 -32767.0 -32767.0 -32767.0 -32767.0 -32767.0 -32767.0 -32767.0 -32767.0 -32767.0 -32767.0 -32767.0 -32767.0 -32767.0 -32767.0 -32767.0 -32767.0 -32767.0 -32767.0 -32767.0 33.212795 33.176346 33.35563 33.613758 33.752373 33.19194 32.329617 32.42898 31.943432 32.62666 32.580883 -32767.0 -32767.0 -32767.0 -32767.0 -32767.0 33.78548 33.992672 33.838062 34.38001 34.15232 34.197334
-32767.0 -32767.0 -32767.0 -32767.0 -32767.0 -32767.0 -32767.0 -32767.0 -32767.0 -32767.0 -32767.0 -32767.0 -32767.0 -32767.0 -32767.0 -32767.0 -32767.0 -32767.0 -32767.0 -32767.0 -32767.0 -32767.0 -32767.0 -32767.0 -32767.0 -32767.0 -32767.0 -32767.0 -32767.0 -32767.0 -32767.0 -32767.0 -32767.0 -32767.0 -32767.0 -32767.0 -32767.0 -32767.0 33.27754 33.45793 33.487984 33.49372 33.424164 33.371708 32.65023 32.29505 32.258823 32.095707 32.080547 32.37124 -32767.0 -32767.0 -32767.0 -32767.0 -32767.0 33.909332 34.060123 34.305614 34.27551 34.22906 34.23983
-32767.0 -32767.0 -32767.0 -32767.0 -32767.0 -32767.0 -32767.0 -32767.0 -32767.0 -32767.0 -32767.0 -32767.0 -32767.0 -32767.0 -32767.0 -32767.0 -32767.0 -32767.0 -32767.0 -32767.0 -32767.0 -32767.0 -32767.0 -32767.0 -32767.0 -32767.0 -32767.0 -32767.0 -32767.0 -32767.0 -32767.0 -32767.0 -32767.0 -32767.0 -32767.0 -32767.0 32.86557 32.91951 32.806637 32.021873 31.884426 31.795055 31.513046 31.725416 32.108166 32.836845 -32767.0 32.209938 31.949606 -32767.0 -32767.0 -32767.0 -32767.0 -32767.0 33.71409 33.999386 34.129055 34.260593 34.32011 34.255238 34.277378
-32767.0 -32767.0 -32767.0 -32767.0 -32767.0 -32767.0 -32767.0 -32767.0 -32767.0 -32767.0 -32767.0 -32767.0 -32767.0 -32767.0 -32767.0 -32767.0 -32767.0 -32767.0 -32767.0 -32767.0 -32767.0 -32767.0 -32767.0 -32767.0 -32767.0 -32767.0 -32767.0 -32767.0 -32767.0 -32767.0 -32767.0 -32767.0 -32767.0 -32767.0 -32767.0 32.745422 31.798689 31.550186 31.816887 32.752415 32.531975 31.770185 31.847017 31.888556 32.317314 32.88483 -32767.0 32.274143 32.16039 -32767.0 -32767.0 -32767.0 -32767.0 -32767.0 33.85907 34.15565 34.217175 34.292114 34.287342 34.260826 34.28703
-32767.0 -32767.0 -32767.0 -32767.0 -32767.0 -32767.0 -32767.0 -32767.0 -32767.0 -32767.0 -32767.0 -32767.0 -32767.0 -32767.0 -32767.0 -32767.0 -32767.0 -32767.0 -32767.0 -32767.0 -32767.0 -32767.0 -32767.0 -32767.0 -32767.0 -32767.0 -32767.0 -32767.0 -32767.0 -32767.0 -32767.0 -32767.0 -32767.0 -32767.0 -32767.0 31.718325 31.969152 32.613945 33.257526 32.908978 32.306705 31.3615 31.583881 31.84098 32.62413 32.656155 33.34473 33.008392 31.468115 -32767.0 -32767.0 -32767.0 -32767.0 -32767.0 34.137115 34.110184 34.267975 34.325302 34.288383 34.303585 34.309185
-32767.0 -32767.0 -32767.0 -32767.0 -32767.0 -32767.0 -32767.0 -32767.0 -32767.0 -32767.0 -32767.0 -32767.0 -32767.0 -32767.0 -32767.0 -32767.0 -32767.0 -32767.0 -32767.0 -32767.0 -32767.0 -32767.0 -32767.0 -32767.0 -32767.0 -32767.0 -32767.0 24.977804 -32767.0 29.750566 -32767.0 30.873018 31.299833 31.518421 31.995733 32.581207 33.30079 33.620285 33.413925 33.1911 32.076633 32.16307 32.277885 32.14921 32.652683 32.933807 33.483112 33.566746 33.55798 -32767.0 -32767.0 -32767.0 -32767.0 33.765396 34.15314 34.229733 34.28641 34.317535 34.297413 34.346695 34.327496
-32767.0 -32767.0 -32767.0 -32767.0 -32767.0 -32767.0 -32767.0 -32767.0 -32767.0 -32767.0 -32767.0 -32767.0 -32767.0 -32767.0 -32767.0 -32767.0 -32767.0 -32767.0 -32767.0 -32767.0 -32767.0 -32767.0 -32767.0 6.2544513 -32767.0 -32767.0 29.242655 31.063972 31.850811 32.183895 32.235374 33.44575 33.65585 33.661793 33.72186 33.682304 33.674515 33.42578 33.32825 33.30183 33.179405 33.08629 33.10151 33.11347 33.461864 33.733475 33.838394 33.761017 33.788517 31.723143 -32767.0 -32767.0 31.723276 33.827423 34.25356 34.20405 34.24872 34.26231 34.29303 34.356888 34.35773
-32767.0 -32767.0 -32767.0 -32767.0 -32767.0 -32767.0 -32767.0 -32767.0 -32767.0 -32767.0 -32767.0 -32767.0 -32767.0 -32767.0 -32767.0 -32767.0 -32767.0 -32767.0 -32767.0 -32767.0 -32767.0 -32767.0 -32767.0 21.130934 12.265416 28.15379 31.404282 33.446007 33.73362 33.63801 33.617317 33.681297 33.683483 33.600403 33.554398 33.589058 33.528263 33.42953 33.378506 33.34146 33.30985 33.415684 33.68764 33.972897 34.207726 34.26971 34.27473 34.22842 33.936375 33.96684 32.8381 -32767.0 31.990393 33.985718 34.2401 34.243046 34.306126 34.24742 34.287647 34.336903 34.375385
-32767.0 -32767.0 -32767.0 -32767.0 -32767.0 -32767.0 -32767.0 -32767.0 -32767.0 -32767.0 -32767.0 -32767.0 -32767.0 -32767.0 -32767.0 -32767.0 -32767.0 -32767.0 -32767.0 -32767.0 15.104017 16.23842 20.349564 29.330425 30.783669 -32767.0 33.1511 33.703785 33.70835 33.72049 33.745655 33.641327 33.500053 33.487118 33.46472 33.451168 33.419205 33.488167 33.580467 33.63175 33.836723 34.07579 34.211185 34.233463 34.21899 34.227814 34.217552 34.222244 34.220318 34.312443 34.170708 -32767.0 33.565018 34.088318 34.34306 34.327084 34.252357 34.299114 34.27956 34.330997 34.384285
-32767.0 -32767.0 32.552753 -32767.0 -32767.0 -32767.0 -32767.0 -32767.0 -32767.0 -32767.0 -32767.0 -32767.0 -32767.0 -32767.0 -32767.0 -32767.0 29.90935 -32767.0 26.367168 26.238598 25.071697 29.877039 31.601707 32.57071 33.41557 33.78647 33.816025 33.809124 33.80219 33.785908 33.703983 33.61445 33.540016 33.51413 33.522774 33.62698 33.800983 33.890396 34.0301 34.150997 34.149693 34.20511 34.233585 34.23973 34.220882 34.282555 34.319534 34.28669 34.218548 34.234848 34.18974 33.96012 34.23483 34.304688 34.365788 34.333153 34.243538 34.272144 34.226963 34.328014 34.374863
-32767.0 31.956768 32.07078 31.894218 31.693338 -32767.0 31.832497 31.751125 -32767.0 -32767.0 -32767.0 -32767.0 -32767.0 32.43556 33.128353 32.333393 32.22223 31.578455 33.252026 32.38537 33.460983 33.796455 33.818405 33.834717 33.84877 33.836643 33.819912 33.841625 33.83074 33.808716 33.751823 33.747204 33.754932 33.854095 33.972916 34.102627 34.07452 34.149082 34.171333 34.177376 34.198917 34.240448 34.222824 34.20093 34.260727 34.15577 34.018917 34.037663 34.105053 34.00553 33.91992 34.326077 34.327797 34.373352 34.308605 34.225502 34.25224 34.139236 34.14846 34.15172 34.30858
32.480953 32.919846 32.939857 32.546055 32.282627 31.98222 32.00104 31.939589 -32767.0 -32767.0 -32767.0 32.96398 33.368412 33.7529 33.70102 33.727142 33.785015 33.783527 33.855873 33.856915 33.85098 33.84132 33.80257 33.775543 33.764717 33.771408 33.81182 33.82508 33.829 33.786533 33.826992 33.934933 34.11852 34.213253 34.18669 34.173298 34.124474 34.32868 34.273266 34.158085 34.212414 34.217995 34.214733 34.00714 33.986637 34.006744 34.06292 33.995716 33.915203 33.95458 34.042667 34.399845 34.361084 34.30829 34.25787 34.244522 34.23292 34.342552 34.280716 34.201492 34.246433
33.07955 33.053173 32.971252 32.860165 32.749214 32.48976 32.072647 -32767.0 -32767.0 30.922943 -32767.0 33.50802 33.799595 33.844505 33.805836 33.895157 33.922325 33.9398 33.910618 33.854866 33.782135 33.795673 33.8334 33.840405 33.80546 33.837387 33.830715 33.842793 33.81865 33.845318 34.108612 34.21251 34.22896 34.2452 34.23666 34.27525 34.1996 34.26974 34.170048 34.224014 34.150055 34.22308 34.16872 34.143497 34.117092 34.065495 33.994286 33.96846 33.959232 34.009876 34.11098 34.425663 34.39297 34.315037 34.30094 34.28257 34.335968 34.321476 34.300846 34.29215 34.329277
33.10386 33.098156 32.987797 32.694828 32.898952 32.58093 32.227432 31.991356 -32767.0 -32767.0 32.33797 33.395916 33.77506 33.774426 33.977623 34.07039 34.003033 33.955166 33.928165 33.88533 33.85562 33.783363 33.81626 33.895092 33.905624 33.90025 33.881588 33.847954 33.837547 33.997665 34.168976 34.180786 34.223907 34.243443 34.31093 34.31593 34.23152 34.34639 34.226673 34.120968 34.1716 34.238327 34.214 34.180946 34.199715 34.228924 34.251823 34.262302 34.144787 34.00763 34.2135 34.388012 34.34777 34.32835 34.334015 34.28649 34.317986 34.307983 34.288754 34.290264 34.306496
33.172142 33.106827 32.870823 32.79894 32.88634 32.59993 32.375034 32.11911 -32767.0 -32767.0 32.525265 32.502438 33.596043 33.75547 33.979256 34.03289 34.078262 34.000256 33.883175 33.762825 33.678036 33.66408 33.671593 33.83018 33.92867 33.921658 33.91317 33.846695 33.868427 33.97308 34.071102 34.085117 34.204853 34.24756 34.42058 34.359413 34.346466 34.293877 34.224636 34.223415 34.220417 34.240223 34.273846 34.33477 34.345097 34.306934 34.234802 34.091057 33.975994 34.12273 34.37831 34.362377 34.321156 34.328583 34.311253 34.29839 -32767.0 34.292397 34.272125 34.28243 34.294796
33.20491 33.17569 32.93824 32.69223 32.87333 32.693893 32.601017 32.241714 32.074688 32.45692 32.58768 32.58678 32.564972 33.736168 33.79092 33.92407 34.02348 33.880997 33.77496 33.71716 33.59728 33.60047 33.646366 33.721306 33.877113 33.88217 33.89818 33.87105 33.92468 33.94681 33.9669 33.987118 34.115112 34.271877 34.401993 34.333637 34.329697 34.25561 34.23324 34.307426 34.334164 34.3502 34.348522 34.343723 34.325863 34.266674 34.184643 33.989326 33.913136 34.40415 34.35906 34.341076 34.307056 34.327274 34.32395 34.325138 34.33956 34.32307 34.296127 34.30979 34.32588
33.32712 33.307625 33.22869 32.738705 32.802002 32.671314 32.583595 32.663048 32.499218 -32767.0 -32767.0 -32767.0 32.999886 33.330513 33.69599 33.94549 33.679363 33.574265 33.555187 33.56327 33.56765 33.67268 33.67813 33.745712 33.8124 33.878838 33.87368 33.93241 33.90752 33.830772 33.86799 33.926456 34.01966 34.25427 34.393604 34.244526 34.24954 34.160095 34.16857 34.24204 34.259773 34.28931 34.303394 34.337463 34.315804 34.233692 34.149536 33.957214 33.88538 34.396072 34.233654 34.092636 34.138138 34.228745 34.27647 34.373943 34.396397 34.41343 34.400307 34.4401 34.502975
