static/data/salinity/2023/7/19/12.asc
ncols 137
nrows 93
xllcorner 108.0
yllcorner 17.0
cellsize 0.25
NODATA_value -32767
[rows 54 to 80 of 93, columns 61 to 121 of 137]
34.117653 34.28806 34.353188 34.29441 34.288937 34.36919 34.35081 34.302753 34.253075 34.375553 34.34594 34.259354 34.360992 34.531887 34.542206 34.50219 34.538357 34.63135 34.5494 34.465664 34.438164 34.389454 34.357975 34.35302 34.387993 34.51508 34.528843 34.64203 34.59184 34.258457 34.267803 34.27759 34.45024 34.516308 34.51987 34.510227 34.4409 34.286434 34.225906 34.56282 34.616543 34.499447 34.474266 34.371655 34.197277 34.296516 34.611797 34.665016 34.666855 34.668697 34.64978 34.63987 34.654247 34.672813 34.65221 34.62555 34.676056 34.677197 34.681717 34.610268 34.643646
33.892143 33.966213 34.094334 34.229176 34.27511 34.30274 34.28915 34.196457 34.251682 34.31144 34.24256 34.210182 34.39714 34.52889 34.537895 34.559643 34.579144 34.617718 -32767.0 34.548122 34.489304 34.42267 34.385117 34.379524 34.34273 34.42546 34.484505 34.58645 34.63779 34.391422 34.276096 34.230556 34.318207 34.38943 34.388256 34.333008 34.23362 34.254993 34.57576 34.61573 34.50473 34.45195 34.44239 34.37177 34.21621 34.20983 34.45713 34.687393 34.674877 34.674805 34.66677 34.65313 34.678574 34.708202 34.66926 34.681194 34.685932 34.678604 34.682556 34.71449 34.690277
34.039074 34.076843 34.078316 34.07341 34.05849 34.13489 34.22112 34.195854 34.326168 34.310303 34.24343 34.27066 34.444283 34.544563 34.564713 34.54552 34.551888 34.599815 34.63092 34.643177 34.66852 34.518166 34.404293 34.404346 34.341755 34.336906 34.41762 34.44344 34.681637 34.581455 34.23768 34.21894 34.271877 34.269367 34.226044 34.23421 34.36599 34.588417 34.591175 34.508144 34.49313 34.480717 34.38055 34.303123 34.265266 34.21764 34.289913 34.6121 34.674984 34.669125 34.704193 34.67398 34.67994 34.717594 34.695854 34.68504 34.63858 34.663326 34.676376 34.728386 34.74658
34.072693 33.974365 34.176094 34.125893 34.06137 34.01731 34.047825 34.27429 34.37878 34.34369 34.283073 34.360542 34.486084 34.558086 34.573845 34.5817 34.597515 34.578857 34.58442 34.586647 34.66203 34.694096 34.624706 34.41463 34.351395 34.304684 34.331226 34.368114 34.606876 34.66396 34.398537 34.307335 34.283512 34.295017 34.37009 34.48247 34.59757 34.59987 34.512756 34.565266 34.60632 34.62186 34.602325 34.337612 34.27146 34.271675 34.262703 34.443 34.67049 34.66534 34.6486 34.669147 34.712955 34.665363 34.711582 34.71356 34.655083 34.68115 34.71603 34.738876 34.764774
34.039345 34.138916 34.251812 34.29555 34.178345 34.276123 34.29566 34.39258 34.36195 34.444134 34.439972 34.46966 34.49747 34.5506 34.57403 34.574875 34.586266 34.607014 34.58996 34.635506 34.74518 34.74411 34.74487 34.66416 34.41389 34.304043 34.311127 34.404697 34.570866 34.704052 34.618473 34.263794 34.306583 34.362175 34.45094 34.544617 34.622677 34.589554 34.51606 34.604 34.66178 34.635406 34.578884 34.493187 34.31068 34.33454 34.31763 34.357162 34.61313 34.661236 34.675484 34.660347 34.635292 34.65486 34.678394 34.681858 34.651554 34.647125 34.721203 34.717793 34.729122
34.159595 34.32163 34.34819 34.352673 34.336212 34.456795 34.346333 34.520283 34.499493 34.519875 34.49485 34.49841 34.54135 34.589092 34.61364 34.622852 34.607067 34.591602 34.570694 34.70951 34.737507 34.674618 34.693996 34.73431 34.547497 34.382484 34.41286 34.50228 34.64474 34.723846 34.70251 34.41875 34.302498 34.34804 34.38205 34.447357 34.564415 34.645615 34.60931 34.617355 34.66575 34.590435 34.514843 34.49372 34.336567 34.39176 34.390617 34.366478 34.491154 34.683735 34.70959 34.700558 34.686993 34.67467 34.682434 34.667656 34.653492 34.742115 34.696133 34.734978 34.866325
34.19958 34.374943 34.514446 34.543823 34.58283 34.35876 34.47497 34.462936 34.4685 34.54228 34.528088 34.546318 34.559025 34.65467 34.663235 34.64209 34.595123 34.573143 34.62406 34.718124 34.722874 34.616917 34.64242 34.700184 34.637386 34.48745 34.542446 34.565945 34.723473 34.729748 34.72572 34.626087 34.319427 34.252937 34.283997 34.336292 34.382687 34.44471 34.507366 34.537918 34.515694 34.453957 34.434498 34.413616 34.34975 34.433376 34.46374 34.396236 34.437286 34.678932 34.71859 34.70489 34.688313 34.68651 34.73554 34.691277 34.715633 34.711205 34.72393 34.95342 35.09556
34.25323 34.50733 34.463753 34.431217 34.36788 34.419106 34.421955 34.441204 34.509045 34.53898 34.549736 34.609177 34.624992 34.64401 34.61933 34.582123 34.592648 34.629093 34.705647 34.727036 34.616726 34.598648 34.615532 34.68762 34.656166 34.573357 34.59099 34.662582 34.751984 34.7272 34.717617 34.704773 34.541466 34.3379 34.251904 34.232517 34.23012 34.253426 34.2791 34.288013 34.29499 34.30566 34.333256 34.3576 34.39323 34.4742 34.503307 34.444435 34.43526 34.6757 34.71204 34.677628 34.724266 34.755432 34.77574 34.692608 34.745728 34.688725 34.758213 35.039818 35.025394
34.435047 34.430984 34.466236 34.43518 34.36574 34.349213 34.419903 34.454178 34.573753 34.590996 34.626198 34.628452 34.571396 34.57849 34.625225 34.680336 34.717243 34.73767 34.71202 34.627747 34.602196 34.60514 34.666126 34.715126 34.636932 34.620316 34.678146 34.756 34.75124 34.720325 34.701694 34.693977 34.67333 34.654625 34.641533 34.62943 34.589752 34.541904 34.512676 34.487034 34.47353 34.47113 34.47744 34.486706 34.51265 34.53328 34.523922 34.506664 34.469288 34.682182 34.696095 34.70185 34.826168 34.835926 34.799522 34.69851 34.744343 34.657715 34.898235 35.034904 34.948536
34.414085 34.48835 34.450577 34.42225 34.258545 34.29357 34.381104 34.434433 34.58199 34.565807 34.563118 34.575054 34.652527 34.709194 34.705902 34.674232 34.64885 34.654926 34.63796 34.613472 34.623035 34.693916 34.714325 34.63306 34.67573 34.7105 34.748703 34.772034 34.760212 34.73472 34.72577 34.723885 34.714134 34.691547 34.629745 34.627743 34.618526 34.58 34.5847 34.571568 34.53068 34.488853 34.46314 34.447388 34.432896 34.433506 34.469063 34.51286 34.4803 34.689785 34.680767 34.727554 34.861767 34.847412 34.753067 34.72754 34.689938 34.716602 35.058926 34.93578 34.922623
34.377098 34.49802 34.428246 34.28622 34.340317 34.34203 34.27666 34.394005 34.45927 34.565807 34.577312 34.634163 34.48054 34.600887 34.62654 34.6305 34.631214 34.635376 34.62128 34.645927 34.709442 34.65084 34.623447 34.65943 34.713394 34.726868 34.71552 34.72138 34.68781 34.671032 34.658485 34.642815 34.624493 34.60691 34.58499 34.588604 34.542313 34.44915 34.399773 34.412056 34.4667 34.478157 34.46578 34.45015 34.44086 34.427387 34.43346 34.48871 34.464447 34.68955 34.663136 34.71458 34.846325 34.813812 34.695606 34.71464 34.63516 34.88209 35.048798 34.936123 34.89772
34.366013 34.282623 34.348804 34.296116 34.32051 34.351707 34.27015 34.377113 34.37897 34.505737 34.580044 34.632717 34.486458 34.591957 34.608555 34.634655 34.63286 34.62939 34.662094 34.689716 34.610535 34.573315 34.5656 34.59222 34.685234 34.746483 34.72039 34.70848 34.692818 34.68421 34.66202 34.619373 34.57511 34.529022 34.484024 34.50083 34.49613 34.49591 34.518993 34.589073 34.564426 34.533848 34.524185 34.527637 34.5132 34.486572 34.454365 34.48942 34.489758 34.68026 34.647278 34.692154 34.764904 34.727512 34.694542 34.66163 34.717457 35.03289 35.00684 34.927967 34.922245
34.462646 34.32969 34.32771 34.393974 34.394512 34.305393 34.293526 34.362534 34.363834 34.42238 34.542904 34.62097 34.478428 34.58699 34.61957 34.65455 34.66442 34.67335 34.6755 34.571907 34.550465 34.55555 34.573017 34.54665 34.58503 34.691803 34.765747 34.755733 34.72569 34.696762 34.69172 34.66216 34.608456 34.553318 34.488686 34.520706 34.50493 34.477146 34.470932 34.56251 34.698772 34.707916 34.674473 34.658604 34.6706 34.659267 34.614082 34.598686 34.646515 34.655792 34.623528 34.68728 34.711582 34.6939 34.689774 34.65303 34.997734 35.02905 34.869125 34.86788 34.883873
34.465042 34.335735 34.347736 34.374805 34.323147 34.28823 34.32823 34.371185 34.35772 34.453598 34.45229 34.617702 34.483173 34.56663 34.61449 34.666447 34.681404 34.67741 34.58966 34.514896 34.506973 34.563362 34.618458 34.56656 34.580338 34.63084 34.701286 34.764133 34.76046 34.723522 34.68429 34.69184 34.711716 34.671825 34.59271 34.530212 34.518757 34.503345 34.55171 34.578434 34.66906 34.595844 34.615555 34.620846 34.612766 34.607258 34.608746 34.60682 34.595284 34.584908 34.59253 34.68165 34.683205 34.697906 34.663788 34.802284 35.03861 34.938663 34.845543 34.82136 34.83965
34.442234 34.30086 34.335735 34.31907 34.34293 34.333767 34.401794 34.393826 34.38991 34.503757 34.4814 34.60426 34.490646 34.547375 34.602535 34.66689 34.676052 34.643013 34.533062 34.509796 34.50186 34.60956 34.604942 34.598717 34.671345 34.67517 34.660217 34.686974 34.721855 34.72807 34.72201 34.692688 34.694096 34.722538 34.712894 34.641544 34.56792 34.54195 34.6137 34.65435 34.593246 34.600784 34.57889 34.580105 34.56478 34.57841 34.59196 34.604515 34.612675 34.61118 34.596878 34.69286 34.706184 34.609543 34.725075 34.992176 35.0143 34.840805 34.86155 34.79309 34.743702
34.302994 34.321854 34.31421 34.294994 34.334915 34.3545 34.392544 34.421253 34.469685 34.56691 34.53024 34.591602 34.511326 34.519257 34.567135 34.64824 34.67842 34.621597 34.535007 34.506195 34.528625 34.65797 34.56887 34.709724 34.71924 34.737015 34.672707 34.664433 34.71995 34.715607 34.707054 34.706257 34.7053 34.71957 34.740467 34.73021 34.65765 34.588345 34.574894 34.621822 34.570816 34.570118 34.555668 34.555557 34.583656 34.579517 34.572887 34.576004 34.591667 34.602352 34.6197 34.689396 34.627415 34.86201 34.98465 35.02714 34.914253 34.83984 34.88776 34.86242 34.753967
34.315502 34.333744 34.336243 34.25306 34.290478 34.384426 34.453087 34.54722 34.644367 34.635468 34.571796 34.59203 34.522045 34.51088 34.56195 34.60015 34.65922 34.674355 34.630634 34.621265 34.67062 34.56134 34.705433 34.70452 34.710133 34.729973 34.74282 34.731037 34.707077 34.706562 34.70029 34.708767 34.72094 34.724873 34.73204 34.747196 34.7219 34.64343 34.570457 34.56598 34.57322 34.550476 34.540504 34.55501 34.566162 34.546726 34.557224 34.561523 34.586185 34.5969 34.662445 34.62684 34.87291 34.977856 34.986454 34.926018 34.88039 34.868023 34.88031 34.901714 34.87647
34.321358 34.33854 34.335766 34.26789 34.34221 34.543293 34.57233 34.593834 34.652157 34.654354 34.59077 34.615196 34.521336 34.50514 34.54026 34.582317 34.63428 34.667755 34.686535 34.657734 34.551857 34.704468 34.70459 34.695766 34.71669 34.703682 34.70854 34.682507 34.670425 34.692795 34.702797 34.703175 34.69882 34.692097 34.69743 34.717728 34.740192 34.677147 34.625214 34.575436 34.575844 34.55502 34.523426 34.556995 34.550426 34.586018 34.58225 34.58458 34.603348 34.646034 34.671352 34.73884 34.97627 34.948723 34.901318 34.856388 34.827557 34.817513 34.82368 34.83647 34.831757
34.32488 34.331097 34.316593 34.284294 34.432568 34.593254 34.59668 34.642994 34.660908 34.636322 34.59982 34.627728 34.506805 34.48662 34.513176 34.529472 34.567642 34.57852 34.55629 34.60222 34.699688 34.680943 34.680553 34.66588 34.65171 34.691967 34.67645 34.68817 34.688255 34.685295 34.689552 34.695232 34.69125 34.67327 34.675106 34.687984 34.710724 34.70653 34.636593 34.59759 34.57675 34.537766 34.509956 34.561783 34.555855 34.60953 34.620632 34.63407 34.656597 34.67214 34.665405 34.823803 34.929832 34.8848 34.8206 34.69941 34.667168 34.651054 34.61786 34.593235 34.603634
34.32292 34.28386 34.219948 34.283726 34.466255 34.587704 34.61626 34.64911 34.65133 34.616 34.60942 34.635048 34.51551 34.498634 34.522476 34.52571 34.55899 34.61716 34.666237 34.674732 34.65657 34.653873 34.67331 34.60976 34.604126 34.63896 34.64775 34.61962 34.621677 34.624126 34.63256 34.64184 34.620808 34.618282 34.64006 34.65114 34.675064 34.70581 34.648216 34.60271 34.5412 34.499477 34.499535 34.564247 34.567066 34.604073 34.642006 34.653954 34.661858 34.64053 34.62489 34.73858 34.889282 34.86936 34.738583 34.680634 34.687927 34.597843 34.56043 34.5522 34.56944
34.285786 34.283897 34.18983 34.28643 34.496864 34.56574 34.634964 34.666813 34.66596 34.619076 34.613625 34.649944 34.55148 34.51083 34.525116 34.566044 34.61147 34.62618 34.61162 34.594975 34.58231 34.57511 34.620968 34.597645 34.57142 34.5894 34.57716 34.577988 34.567787 34.56594 34.5637 34.59853 34.637547 34.654358 34.686527 34.697174 34.677177 34.67404 34.658188 34.560123 34.54363 34.502388 34.490116 34.561916 34.578712 34.60759 34.60241 34.607292 34.6221 34.65375 34.63612 34.572815 34.707672 34.82473 34.75954 34.693565 34.589756 34.591354 34.59651 34.59627 34.592564
34.27079 34.26455 34.21569 34.297733 34.527367 34.553734 34.661457 34.684048 34.684994 34.666847 34.65657 34.666523 34.594833 34.501396 34.544777 34.53699 34.529045 34.527836 34.523186 34.5333 34.500496 34.476517 34.480766 34.580784 34.5857 34.549828 34.52621 34.527454 34.561295 34.532528 34.52897 34.563362 34.58236 34.58804 34.611897 34.651 34.714523 34.679485 34.656075 34.594414 34.57666 34.49983 34.480576 34.558197 34.586987 34.586723 34.602467 34.597706 34.598072 34.604126 34.617527 34.630245 34.63604 34.631947 34.62817 34.628292 34.629826 34.629128 34.62715 34.60523 34.5756
34.310417 34.23404 34.31799 34.359295 34.56895 34.553677 34.684322 34.68165 34.67168 34.674248 34.666344 34.67236 34.61617 34.539932 34.559116 34.50703 34.490986 34.514496 34.487457 34.392582 34.3202 34.33659 34.36203 34.405853 34.51842 34.543354 34.49801 34.549202 34.508156 34.438713 34.422207 34.49246 34.52589 34.55437 34.567024 34.570786 34.605072 34.692387 34.675518 34.63155 34.598263 34.493717 34.481686 34.553574 34.588833 34.588387 34.57766 34.580647 34.58984 34.591904 34.593124 34.595913 34.60434 34.606075 34.610363 34.611473 34.59582 34.572975 34.564194 34.55742 34.5473
34.306152 34.32475 34.306637 34.526257 34.567024 34.56217 34.702366 34.674824 34.672894 34.667664 34.658485 34.649963 34.60274 34.58198 34.51199 34.52136 34.45531 34.335308 34.25601 34.216377 34.232452 34.264595 34.367176 34.414192 34.465897 34.48927 34.531742 34.48633 34.330166 34.21541 34.247078 34.39762 34.479458 34.51753 34.54438 34.559536 34.55676 34.576576 34.6722 34.661324 34.60804 34.484295 34.49246 34.5561 34.586945 34.58095 34.573826 34.58415 34.609325 34.62405 34.619602 34.606293 34.601448 34.594273 34.58877 34.57065 34.54054 34.5192 34.518246 34.523792 34.509827
34.313946 34.337135 34.46588 34.56746 34.55564 34.603836 34.69264 34.665592 34.589195 34.610638 34.606236 34.600735 34.56369 34.54535 34.468403 34.334133 34.235485 34.152283 34.11558 34.148964 34.239456 34.423794 34.477215 34.474106 34.479233 34.5319 34.371662 34.13402 34.121124 34.17365 34.253143 34.372387 34.449387 34.455994 34.45999 34.505604 34.537224 34.552868 34.59851 34.651287 34.59818 34.47024 34.527493 34.57141 34.579124 34.587574 34.587147 34.631233 34.635555 34.6012 34.59332 34.614647 34.58255 34.525303 34.501217 34.514214 34.53035 34.51582 34.51303 34.523056 34.53155
34.33873 34.53914 34.555363 34.556873 34.574482 34.661247 34.66481 34.630894 34.617867 34.562035 34.565094 34.569244 34.56002 34.421795 34.23006 34.160774 34.133995 34.05746 34.02264 34.13772 34.45188 34.43522 34.453434 34.454273 34.508556 34.29217 34.11606 34.204033 34.33118 34.37192 34.375134 34.390987 34.394302 34.397694 34.42327 34.472782 34.511497 34.531887 34.562923 34.62834 34.570538 34.467754 34.594753 34.59504 34.57521 34.603558 34.66287 34.65244 34.594543 34.63304 34.58513 34.51695 34.50227 34.4959 34.477345 34.47407 34.4773 34.48114 34.485367 34.47773 34.47222
34.550476 34.57778 34.584805 34.55557 34.62312 34.69181 34.657497 34.612705 34.612484 34.539215 34.59118 34.580624 34.42873 34.206432 34.20751 34.16167 33.983772 33.942028 34.013073 34.397858 34.43731 34.46111 34.454563 34.48526 34.200012 34.1409 34.32579 34.373455 34.36737 34.3901 34.40357 34.405285 34.39511 34.39798 34.447243 34.528538 34.552177 34.555244 34.56287 34.607063 34.518913 34.526466 34.660843 34.574722 34.58507 34.67346 34.64652 34.593002 34.618362 34.63547 34.560383 34.524902 34.51502 34.505627 34.520405 34.5586 34.566628 34.512787 34.415173 34.469055 34.488083
