static/data/salinity/2023/7/19/18.asc
ncols 137
nrows 93
xllcorner 108.0
yllcorner 17.0
cellsize 0.25
NODATA_value -32767
[rows 0 to 26 of 93, columns 61 to 121 of 137]
-32767.0 -32767.0 -32767.0 -32767.0 -32767.0 -32767.0 -32767.0 -32767.0 -32767.0 -32767.0 -32767.0 -32767.0 -32767.0 -32767.0 -32767.0 -32767.0 -32767.0 -32767.0 -32767.0 32.20094 31.95405 32.35127 33.38537 33.325703 33.29433 33.240463 33.29361 33.414463 33.632446 33.765736 33.854946 33.914463 33.878098 33.76511 33.721725 33.77651 33.850235 33.871693 33.72112 33.694336 33.663906 33.647507 33.551395 33.462658 33.88047 33.85629 33.895138 33.819435 33.86089 33.947834 33.894302 33.845142 33.898678 33.877174 33.83161 33.74752 33.612373 33.728672 33.69078 33.50693 33.56098
30.054436 29.960266 29.889463 29.747625 29.556986 29.247046 28.800203 -32767.0 -32767.0 -32767.0 -32767.0 -32767.0 -32767.0 -32767.0 -32767.0 -32767.0 -32767.0 -32767.0 32.379417 32.684887 32.989456 32.886032 33.0597 33.217293 33.239 33.20291 33.179607 33.346966 33.4411 33.485447 33.50538 33.59546 33.786522 33.717182 33.7602 33.738934 33.837444 33.882122 33.722107 33.61239 33.664165 33.542652 33.625668 33.402813 33.672054 33.83864 34.04389 34.049797 34.080578 34.103065 34.125412 34.134384 34.114975 33.88685 33.37727 33.364716 33.4262 33.555737 33.746716 33.542755 33.633327
30.058601 29.842974 29.616516 29.437973 29.271095 29.096436 28.779623 28.279293 27.70419 -32767.0 -32767.0 -32767.0 -32767.0 -32767.0 -32767.0 -32767.0 -32767.0 -32767.0 32.386814 32.580082 32.708675 32.95683 33.316452 33.409885 33.300034 33.237637 33.25455 33.117516 33.08979 33.150043 33.377888 33.503494 33.77217 33.836594 33.810722 33.847984 33.96708 33.940845 33.438362 33.684536 33.788532 33.581238 33.733925 33.793198 33.85411 34.023247 33.883354 33.823544 33.914738 33.934658 33.911427 33.94796 33.778675 33.582172 33.34936 33.34639 33.443687 33.59047 33.70107 33.530224 33.488144
29.873909 29.762718 29.943176 29.56105 29.205502 29.175383 28.907177 28.875837 27.91362 -32767.0 -32767.0 -32767.0 -32767.0 -32767.0 -32767.0 -32767.0 -32767.0 31.734735 32.326572 32.56939 32.728645 32.986 33.40279 33.28997 33.12498 33.038525 32.78362 32.29387 32.52432 33.106792 33.45738 33.514427 33.802567 34.004467 34.000618 33.837517 33.627556 33.369244 33.44334 33.9629 33.972805 33.550026 33.788265 33.681187 33.85857 33.92864 33.892273 33.74216 33.696255 33.78121 33.72792 33.65047 33.59187 33.56658 33.64162 33.32408 33.391933 33.508774 33.44754 33.483902 33.53825
30.012001 30.292356 30.222374 29.956707 29.45129 28.428892 28.472351 28.742887 -32767.0 -32767.0 -32767.0 -32767.0 -32767.0 -32767.0 -32767.0 -32767.0 -32767.0 -32767.0 -32767.0 32.447994 32.617493 32.730206 33.396496 33.47641 33.127552 32.837727 33.092 32.598503 32.91362 33.206432 33.057316 33.366795 33.63042 33.691334 33.73528 33.291786 32.82299 33.304115 34.133305 34.252926 34.073456 33.594696 33.710293 33.645493 33.725086 33.88886 33.797405 33.31707 33.49465 33.749237 33.599953 33.53442 33.52468 33.609325 33.577183 33.467464 33.325565 33.370266 33.51093 33.510155 33.672142
30.303934 30.24851 30.17308 30.090717 29.85234 28.437431 27.914865 28.431206 -32767.0 -32767.0 -32767.0 -32767.0 -32767.0 -32767.0 -32767.0 -32767.0 -32767.0 -32767.0 -32767.0 -32767.0 32.55532 32.679264 33.412216 33.403122 33.05823 32.906776 32.538193 32.759464 33.056793 32.925667 32.824657 32.744915 33.122055 33.30129 33.044407 32.519806 33.128613 33.92649 34.05664 33.96058 33.75585 33.482174 33.481953 33.525494 33.47777 33.375614 33.16058 33.419884 33.466286 33.466583 33.585815 33.267212 33.370857 33.642548 33.608097 33.64614 33.696304 33.67719 33.50624 33.603325 33.759895
29.556553 29.621069 29.84298 29.929892 29.89894 29.302313 27.943106 28.421461 -32767.0 -32767.0 -32767.0 -32767.0 -32767.0 -32767.0 -32767.0 -32767.0 -32767.0 -32767.0 -32767.0 -32767.0 -32767.0 32.6047 33.22585 33.361454 32.72805 33.060825 32.518753 33.246464 33.294415 33.25767 33.282864 32.904163 32.626385 32.569923 32.533413 33.606415 33.729362 33.925343 33.717125 33.570732 33.45922 33.35362 33.270763 33.302906 33.359303 33.452557 33.57052 33.645477 33.763153 33.757584 33.523964 33.42682 33.46903 33.5617 33.632404 33.782314 33.968388 33.927372 33.844402 33.765553 34.003483
29.257198 29.436375 29.635542 29.74721 28.863808 26.844332 27.364855 -32767.0 -32767.0 -32767.0 -32767.0 -32767.0 -32767.0 -32767.0 -32767.0 -32767.0 -32767.0 -32767.0 -32767.0 -32767.0 -32767.0 -32767.0 32.960354 33.076923 32.672466 32.80124 33.08505 33.143734 33.38617 33.24285 32.82725 32.47328 32.75197 33.65401 33.762512 33.94195 33.805702 33.773605 33.83559 33.450756 33.510647 33.414608 33.48658 33.478306 33.429676 33.628853 33.686817 33.846733 33.856964 33.784657 33.83512 33.67738 33.515224 33.638916 33.861008 33.980118 33.950268 34.088856 33.97757 33.935078 34.05092
29.085674 29.323961 29.448269 29.53862 28.457628 27.248032 -32767.0 24.48282 -32767.0 -32767.0 -32767.0 -32767.0 -32767.0 -32767.0 -32767.0 -32767.0 -32767.0 -32767.0 -32767.0 -32767.0 -32767.0 -32767.0 32.685337 32.839653 32.665215 32.858448 32.9392 32.507015 33.262188 33.03999 33.20474 33.603115 33.62436 33.522373 33.776802 33.6953 33.468876 33.380596 33.76012 33.794704 33.61237 33.665836 33.471035 33.339237 33.525646 33.706234 33.73676 33.98568 33.931793 33.925755 33.93287 33.958683 34.03176 34.008987 33.9912 33.95536 33.857452 33.950634 33.869507 34.0504 -32767.0
28.979393 29.07333 29.201431 29.392948 29.078344 28.97118 24.348362 23.702456 22.341623 21.466734 20.678974 20.312237 15.7062845 -32767.0 -32767.0 -32767.0 -32767.0 -32767.0 -32767.0 -32767.0 -32767.0 -32767.0 -32767.0 32.466312 32.503937 32.49335 32.36458 32.77934 33.022152 33.342762 33.620537 33.731613 33.57974 33.33994 33.23766 33.036797 33.175484 33.40192 33.387115 33.44913 33.392563 33.236385 33.507744 33.843376 33.906742 33.66146 33.741425 33.95356 34.05358 34.043896 34.107475 34.1512 34.051487 34.006847 33.69272 33.7027 33.88081 33.778687 33.773823 34.01109 34.00155
28.93626 29.065119 29.234083 29.27165 29.32963 29.351698 29.758991 29.255169 27.1211 27.066591 25.472971 25.329695 21.395647 -32767.0 -32767.0 -32767.0 -32767.0 -32767.0 -32767.0 -32767.0 -32767.0 -32767.0 -32767.0 -32767.0 32.30305 32.465546 32.20174 32.86535 32.608444 33.00939 33.380203 33.75688 33.514313 33.24393 33.166348 33.3345 33.2516 33.37718 33.244324 33.369644 33.330166 33.422653 34.118027 34.095955 33.87302 33.801327 33.846638 33.918823 34.07503 34.146366 33.953552 33.921745 33.936512 33.867317 33.43664 33.559513 -32767.0 33.6437 33.672497 34.074192 34.027493
28.500717 29.025928 29.449196 29.715633 30.122793 30.32657 30.171785 29.862522 29.129032 28.693254 28.40373 28.294832 23.606108 18.731604 16.174452 -32767.0 -32767.0 -32767.0 -32767.0 -32767.0 -32767.0 -32767.0 -32767.0 -32767.0 -32767.0 32.274227 32.205894 32.703804 32.68973 32.250412 33.093006 33.418148 33.212215 33.318047 33.33263 33.417183 33.184155 33.24901 33.189163 33.2461 33.404842 33.863277 34.195484 34.16002 34.189346 34.145317 33.98658 33.787605 33.872654 33.87538 33.92077 33.75132 33.73977 33.78196 -32767.0 -32767.0 33.66092 33.69089 33.692383 33.759853 33.18274
28.40603 28.962408 29.342865 29.539104 29.864832 29.99613 30.123852 30.207912 29.774973 29.584349 29.125021 29.065742 25.898523 -32767.0 16.30962 -32767.0 -32767.0 -32767.0 -32767.0 -32767.0 -32767.0 -32767.0 -32767.0 -32767.0 -32767.0 32.49876 31.828793 32.409477 32.370705 32.23449 32.968555 33.02835 33.095802 33.3172 33.337776 33.26084 33.22737 33.09662 33.087917 33.43482 33.46747 34.03243 34.13556 34.019203 33.93831 33.916008 33.99203 33.91842 33.858448 33.93429 33.81483 33.27936 33.297523 33.484768 -32767.0 33.6546 33.64473 33.61957 -32767.0 -32767.0 -32767.0
28.665699 29.220512 29.745409 29.829065 29.98303 30.06599 30.197237 30.16156 30.169964 29.984793 29.097313 28.383354 -32767.0 -32767.0 -32767.0 -32767.0 -32767.0 -32767.0 -32767.0 -32767.0 -32767.0 -32767.0 -32767.0 -32767.0 -32767.0 32.42091 31.73104 31.602674 32.42827 32.30113 32.501083 33.189266 33.284336 33.234142 33.249542 33.386875 33.274254 33.274822 33.369102 33.318268 33.476208 33.73109 34.087223 33.967194 33.807327 33.76989 33.78039 33.93955 34.031208 33.999496 34.08134 33.397263 33.295452 33.477516 33.111504 -32767.0 33.63902 -32767.0 -32767.0 -32767.0 -32767.0
29.18521 29.456467 30.032528 30.568247 30.539295 30.598654 30.72747 30.689528 30.399763 29.92885 29.564335 27.677427 27.313278 -32767.0 -32767.0 -32767.0 -32767.0 -32767.0 -32767.0 -32767.0 -32767.0 -32767.0 -32767.0 -32767.0 -32767.0 32.585407 31.725792 31.397154 31.78756 32.18698 32.28669 32.48552 32.762386 32.872295 33.01261 33.24822 33.316845 33.37927 33.421505 33.254963 33.51605 33.614277 33.68854 33.70672 33.831524 33.96366 33.86808 33.881332 34.106915 34.106083 34.04953 33.64407 33.173588 32.96701 -32767.0 -32767.0 -32767.0 -32767.0 -32767.0 -32767.0 -32767.0
29.305498 29.447445 29.97487 30.265642 30.40025 30.48208 30.704857 30.704052 30.601229 30.467007 30.104141 29.438023 27.085054 25.207443 -32767.0 -32767.0 -32767.0 -32767.0 -32767.0 -32767.0 -32767.0 -32767.0 -32767.0 -32767.0 -32767.0 32.453175 31.746935 31.483086 31.747732 31.788832 32.222527 32.713512 32.735546 32.86787 33.098385 33.283512 33.23413 33.80346 33.808144 33.65153 -32767.0 33.669716 33.713184 33.658188 33.820133 33.918404 33.912605 33.91474 34.07562 34.12984 34.08616 33.219944 -32767.0 -32767.0 -32767.0 -32767.0 -32767.0 -32767.0 -32767.0 -32767.0 -32767.0
29.323633 29.464642 29.543056 29.698164 29.978613 30.507574 31.067278 31.000135 30.702038 30.574942 30.30381 29.546421 27.192179 24.70661 -32767.0 -32767.0 -32767.0 -32767.0 -32767.0 -32767.0 -32767.0 -32767.0 -32767.0 -32767.0 -32767.0 -32767.0 31.415741 31.550707 31.838375 32.440727 32.86028 32.70119 32.849697 33.02263 32.800003 32.764717 33.1271 33.64969 33.744778 33.426968 33.444588 33.439095 33.671894 33.645233 33.48769 33.538002 33.8022 33.77669 33.532024 33.194466 33.237682 32.820995 -32767.0 -32767.0 -32767.0 -32767.0 -32767.0 -32767.0 -32767.0 -32767.0 -32767.0
29.306873 29.487192 29.621346 29.726185 30.183512 30.498056 30.904718 31.109053 30.580017 30.389862 30.250895 29.813225 27.0298 22.942257 23.382597 -32767.0 -32767.0 -32767.0 -32767.0 -32767.0 -32767.0 -32767.0 -32767.0 -32767.0 -32767.0 31.712341 31.477291 31.610086 31.792088 32.719383 32.194252 32.34125 32.45258 32.522427 32.664936 32.88537 33.543934 33.747505 33.41892 32.873714 32.63509 32.618225 32.655937 32.703896 32.70794 32.77937 33.01169 33.03652 -32767.0 32.989292 32.80682 31.858017 -32767.0 -32767.0 -32767.0 -32767.0 -32767.0 -32767.0 -32767.0 -32767.0 -32767.0
29.922625 30.042933 30.245066 30.524143 30.727592 30.873705 31.018269 31.126095 31.260836 31.193527 29.97279 28.168526 24.08522 22.511063 -32767.0 -32767.0 -32767.0 -32767.0 -32767.0 -32767.0 -32767.0 -32767.0 -32767.0 -32767.0 -32767.0 30.994667 31.73442 31.538414 31.76052 32.124016 32.19195 32.104332 32.37454 32.383717 32.432175 32.656734 32.882828 32.73345 32.740128 -32767.0 -32767.0 32.727684 32.66895 -32767.0 -32767.0 -32767.0 -32767.0 -32767.0 -32767.0 -32767.0 -32767.0 -32767.0 -32767.0 -32767.0 -32767.0 -32767.0 -32767.0 -32767.0 -32767.0 -32767.0 -32767.0
29.92019 30.051453 30.569227 30.945932 31.077776 31.409115 31.396748 31.30264 31.329548 31.080719 29.556505 28.16911 23.304934 -32767.0 -32767.0 -32767.0 -32767.0 -32767.0 -32767.0 -32767.0 -32767.0 -32767.0 -32767.0 -32767.0 31.561014 31.324137 31.676249 31.628973 31.783875 32.033855 32.238422 32.18597 32.510334 32.708965 32.727287 32.450092 32.632267 32.767704 -32767.0 -32767.0 -32767.0 -32767.0 -32767.0 -32767.0 -32767.0 -32767.0 -32767.0 -32767.0 -32767.0 -32767.0 -32767.0 -32767.0 -32767.0 -32767.0 -32767.0 -32767.0 -32767.0 -32767.0 -32767.0 -32767.0 -32767.0
29.962824 30.605623 31.03828 31.11195 31.173605 31.28988 31.475119 31.338587 31.332537 31.075596 30.16975 29.052868 22.695919 -32767.0 -32767.0 -32767.0 -32767.0 -32767.0 -32767.0 -32767.0 -32767.0 31.44738 30.721945 31.193903 31.183577 31.720154 31.677288 31.86516 32.03742 31.879969 32.554497 32.597595 32.621777 32.629368 32.62921 32.52997 -32767.0 -32767.0 -32767.0 -32767.0 -32767.0 -32767.0 -32767.0 -32767.0 -32767.0 -32767.0 -32767.0 -32767.0 -32767.0 -32767.0 -32767.0 -32767.0 -32767.0 -32767.0 30.238647 -32767.0 -32767.0 -32767.0 -32767.0 -32767.0 -32767.0
29.967468 30.2136 30.373356 30.67154 30.886969 31.133215 31.374166 31.356348 31.333086 31.20872 30.844105 29.927053 27.925516 -32767.0 -32767.0 -32767.0 -32767.0 27.783861 30.318207 30.313953 30.583063 30.987883 31.31098 31.030066 31.801863 31.8005 31.872974 31.965311 32.36713 32.352734 32.7081 32.809498 32.694664 32.780884 32.733707 -32767.0 -32767.0 -32767.0 -32767.0 -32767.0 -32767.0 -32767.0 -32767.0 -32767.0 -32767.0 29.90112 29.774536 -32767.0 -32767.0 -32767.0 -32767.0 -32767.0 -32767.0 -32767.0 30.32939 -32767.0 -32767.0 -32767.0 -32767.0 -32767.0 33.955948
29.88979 30.215136 30.613266 30.811249 30.815998 30.91427 31.08904 31.184816 31.270899 31.241413 31.114088 28.913097 -32767.0 28.288998 -32767.0 30.169022 -32767.0 29.590221 -32767.0 30.962873 31.138384 31.162434 31.065853 31.361002 31.825848 31.8338 32.213715 32.080643 32.21303 32.99616 33.063175 32.781055 32.651882 -32767.0 -32767.0 -32767.0 -32767.0 -32767.0 -32767.0 -32767.0 -32767.0 31.563778 31.493874 31.2866 30.074926 30.81347 30.284151 29.64386 29.39994 -32767.0 -32767.0 -32767.0 -32767.0 -32767.0 30.128027 31.43586 32.64319 33.209297 33.57699 33.831223 33.969387
29.93017 30.190561 30.339046 30.457834 30.526361 30.592934 30.841305 31.085909 31.138107 31.344522 31.2415 30.771929 29.98377 30.025875 30.080772 30.288834 30.336735 30.739914 30.833857 30.98656 31.238674 31.268234 31.437567 32.069523 -32767.0 32.104225 32.22276 32.366577 32.873196 33.10037 32.860332 -32767.0 -32767.0 -32767.0 -32767.0 -32767.0 31.336887 31.409105 31.91676 32.08845 31.477882 31.31061 30.876572 -32767.0 -32767.0 30.128357 30.815746 30.239468 -32767.0 -32767.0 -32767.0 -32767.0 -32767.0 34.086132 34.05454 33.16394 34.10164 33.86225 33.867554 33.904984 33.951683
30.468142 30.492392 30.4599 30.360313 30.36747 30.518415 30.791473 31.277613 31.512497 31.335697 31.452633 31.305618 30.924543 30.985746 31.100597 31.133692 31.281408 31.255882 31.376741 31.64589 31.831211 31.953276 32.225403 32.56541 32.65088 32.740715 32.950912 32.992603 33.12269 33.12579 32.397713 31.218628 -32767.0 31.76155 32.506947 -32767.0 31.754608 32.827957 32.225624 -32767.0 30.52694 30.573038 -32767.0 -32767.0 -32767.0 -32767.0 31.032774 31.313263 -32767.0 -32767.0 -32767.0 -32767.0 34.06646 34.045895 33.854908 33.913265 33.755505 33.83382 33.956806 34.070923 34.12666
29.463606 29.829824 30.314466 30.303902 30.382511 30.555485 30.709486 30.828539 30.97065 30.960094 31.138103 31.31677 31.331167 31.39307 31.509735 31.726902 32.16936 32.14108 32.042828 31.99341 32.305046 32.702484 32.903854 32.922565 32.87225 32.855965 -32767.0 33.11563 32.91831 -32767.0 -32767.0 31.490108 31.471537 31.69992 32.373013 32.974857 32.872047 32.78461 -32767.0 -32767.0 -32767.0 -32767.0 -32767.0 -32767.0 -32767.0 -32767.0 31.048666 31.748165 32.06141 -32767.0 -32767.0 34.183983 33.947746 33.77829 33.711063 33.898277 33.924263 33.975388 34.017933 33.99414 34.044872
29.52136 30.19775 30.116478 30.165781 30.356464 30.456957 30.568861 30.670576 30.724072 30.93668 31.29107 31.687624 32.12958 -32767.0 -32767.0 32.02 32.55054 32.787647 32.879147 32.900097 32.92703 32.969063 32.98975 32.844448 32.848095 33.032883 33.060574 32.862602 -32767.0 -32767.0 -32767.0 -32767.0 -32767.0 -32767.0 31.616745 32.880302 33.138317 -32767.0 -32767.0 -32767.0 -32767.0 -32767.0 33.20014 -32767.0 31.743242 32.76109 33.781784 32.383408 31.926954 33.497498 -32767.0 33.947758 33.81638 33.793545 33.97146 33.98292 33.96628 34.00663 33.965282 33.979958 34.05026
