static/data/salinity/2023/7/19/6.asc
ncols 137
nrows 93
xllcorner 108.0
yllcorner 17.0
cellsize 0.25
NODATA_value -32767
[rows 56 to 83 of 93, columns 61 to 121 of 137]
34.10272 34.070927 34.093155 34.082794 34.05114 34.19317 34.23606 34.191006 34.341175 34.296387 34.22018 34.30175 34.47358 34.54049 34.555843 34.53297 34.557816 34.60715 34.633614 34.647987 34.672848 34.47606 34.40434 34.398186 34.33376 34.347626 34.450886 34.450584 34.671104 34.597424 34.2333 34.227448 34.264725 34.276287 34.227226 34.23344 34.360977 34.58185 34.611374 34.51718 34.502884 34.475945 34.394882 34.31781 34.284084 34.213974 34.263412 34.59695 34.677227 34.671143 34.695557 34.679394 34.67942 34.723404 34.691597 34.681416 34.624355 34.672443 34.68874 34.730774 34.753803
34.031723 34.08391 34.18347 34.084656 34.05059 33.97928 34.150074 34.291687 34.371666 34.33037 34.254753 34.381226 34.500584 34.555332 34.579582 34.58587 34.58748 34.571587 34.580532 34.60505 34.67464 34.702618 34.581676 34.40605 34.3411 34.30941 34.33665 34.360443 34.581635 34.66697 34.428658 34.30889 34.26685 34.275974 34.347916 34.47077 34.58552 34.623325 34.521202 34.556362 34.594887 34.623985 34.60768 34.36459 34.278442 34.25161 34.24222 34.42125 34.672943 34.66814 34.65147 34.66497 34.713432 34.6676 34.706722 34.68625 34.638256 34.668118 34.721966 34.737217 34.76348
34.026527 34.197918 34.290047 34.265144 34.18244 34.287544 34.29329 34.398605 34.351498 34.422676 34.446083 34.450397 34.47558 34.534954 34.5585 34.562607 34.60392 34.601837 34.58151 34.662895 34.749146 34.743793 34.74168 34.657948 34.393566 34.30065 34.31004 34.38152 34.530098 34.702637 34.64733 34.250076 34.31972 34.33727 34.41502 34.512695 34.606457 34.62219 34.523975 34.593784 34.66207 34.644775 34.59248 34.533863 34.309868 34.308414 34.306248 34.33528 34.6137 34.66082 34.67371 34.65738 34.63409 34.650517 34.672253 34.669964 34.63379 34.671772 34.719532 34.712227 34.722168
34.218777 34.350994 34.33429 34.3307 34.31412 34.460613 34.334885 34.542732 34.51215 34.52206 34.50192 34.51089 34.537365 34.58395 34.622814 34.603237 34.606133 34.592026 34.576168 34.72187 34.736816 34.677612 34.69854 34.739735 34.532433 34.377304 34.400173 34.485462 34.6021 34.720814 34.70579 34.486744 34.282333 34.340508 34.371613 34.429943 34.530647 34.642876 34.619637 34.615925 34.67194 34.604805 34.531437 34.524464 34.3435 34.36556 34.383003 34.34904 34.483227 34.673767 34.69829 34.695866 34.685417 34.676765 34.676327 34.65977 34.662384 34.744705 34.69338 34.7058 34.822838
34.24898 34.408264 34.5352 34.549896 34.591072 34.3661 34.49297 34.47525 34.476383 34.54288 34.527733 34.538574 34.57631 34.6589 34.658295 34.639297 34.595078 34.572803 34.627445 34.718197 34.71974 34.623264 34.651108 34.70174 34.636646 34.485466 34.533165 34.544495 34.700733 34.72989 34.723656 34.6605 34.36605 34.250477 34.279907 34.331974 34.37823 34.433456 34.49493 34.540745 34.52516 34.467834 34.445583 34.432762 34.345116 34.42056 34.450306 34.385464 34.427704 34.67541 34.7133 34.70362 34.685814 34.67995 34.736877 34.676723 34.727493 34.705322 34.701523 34.927746 35.09542
34.293762 34.516838 34.478855 34.42621 34.35661 34.433273 34.451397 34.457916 34.508507 34.546547 34.548626 34.611164 34.63028 34.648487 34.63121 34.58419 34.587578 34.622494 34.70162 34.729744 34.624355 34.602753 34.61827 34.68235 34.668133 34.571213 34.588577 34.636135 34.74311 34.727882 34.714226 34.712624 34.582077 34.372417 34.263733 34.231934 34.229866 34.24868 34.275238 34.295708 34.3003 34.3072 34.3328 34.350525 34.382977 34.4604 34.49576 34.432194 34.422626 34.672775 34.71594 34.677757 34.719143 34.75672 34.77311 34.690704 34.747513 34.685616 34.748024 35.040066 35.032394
34.462772 34.44795 34.4613 34.400024 34.370087 34.368332 34.423916 34.45359 34.577606 34.595306 34.619587 34.636253 34.591652 34.56685 34.59745 34.653942 34.710094 34.73479 34.716133 34.63232 34.605785 34.599567 34.656963 34.713795 34.650284 34.61477 34.652267 34.735615 34.752285 34.722332 34.696697 34.693367 34.672638 34.65582 34.640343 34.63041 34.593296 34.54876 34.51224 34.4789 34.466663 34.461613 34.46715 34.47795 34.503536 34.527714 34.517456 34.496307 34.456593 34.679874 34.694298 34.696507 34.82174 34.832523 34.797413 34.70302 34.741627 34.64932 34.86521 35.052246 34.94823
34.423054 34.49699 34.470943 34.474262 34.32855 34.315018 34.391506 34.444466 34.585167 34.57299 34.57043 34.559086 34.62534 34.699665 34.712337 34.689823 34.655262 34.655884 34.63908 34.618946 34.611103 34.685444 34.717274 34.64113 34.655853 34.698162 34.73659 34.76849 34.760036 34.736603 34.723553 34.722767 34.714504 34.69303 34.627773 34.63091 34.608406 34.58102 34.588585 34.562584 34.518326 34.475853 34.451336 34.43433 34.427803 34.43927 34.470776 34.505207 34.469414 34.689198 34.6801 34.729362 34.857845 34.848392 34.757545 34.72725 34.67808 34.708122 35.05484 34.947357 34.93841
34.39957 34.486027 34.46878 34.339153 34.322563 34.333656 34.286633 34.39003 34.48574 34.561 34.571396 34.64074 34.513893 34.620144 34.641518 34.62849 34.62887 34.633343 34.623707 34.632767 34.69986 34.676083 34.614067 34.65123 34.697765 34.72788 34.70955 34.729286 34.693264 34.674885 34.659584 34.643208 34.621708 34.605526 34.584263 34.587044 34.518036 34.432323 34.397774 34.418198 34.471256 34.476128 34.45983 34.447815 34.436188 34.42214 34.43028 34.481644 34.457855 34.69425 34.660744 34.715607 34.845062 34.817627 34.69689 34.713154 34.63462 34.85496 35.058956 34.94002 34.928978
34.390312 34.319283 34.37808 34.30311 34.304905 34.368725 34.266685 34.373985 34.382637 34.549328 34.579594 34.626274 34.491302 34.581562 34.59978 34.62505 34.629562 34.62731 34.647476 34.691116 34.62013 34.577972 34.56798 34.58713 34.66873 34.742928 34.711655 34.708523 34.695007 34.683697 34.6677 34.6293 34.582523 34.535046 34.483936 34.500866 34.49634 34.49477 34.510048 34.577377 34.570755 34.535175 34.520374 34.52079 34.507874 34.483494 34.46352 34.49787 34.49907 34.68245 34.65023 34.69531 34.750916 34.72289 34.692932 34.663876 34.696583 35.039165 35.01371 34.925762 34.920837
34.49203 34.342487 34.36491 34.398468 34.391552 34.311153 34.28514 34.364857 34.373413 34.42721 34.56398 34.62204 34.46889 34.57632 34.611553 34.644733 34.655678 34.66657 34.682037 34.580845 34.55192 34.545826 34.565155 34.543896 34.578934 34.678654 34.762154 34.75144 34.72904 34.69811 34.690495 34.671387 34.618477 34.570415 34.494564 34.52276 34.50677 34.479786 34.462994 34.531162 34.694054 34.708763 34.681793 34.662968 34.66811 34.65386 34.6205 34.611755 34.660473 34.65494 34.62377 34.69083 34.706345 34.694817 34.69148 34.647766 34.972485 35.031048 34.865227 34.868843 34.882607
34.476185 34.34107 34.35414 34.38373 34.313896 34.29315 34.316742 34.37137 34.35747 34.428844 34.456715 34.618656 34.480167 34.55476 34.599827 34.66067 34.67366 34.67975 34.611385 34.512257 34.495075 34.544464 34.613544 34.564075 34.56797 34.623028 34.695236 34.76207 34.761982 34.725002 34.686913 34.68952 34.710423 34.684376 34.611538 34.543133 34.517624 34.500782 34.542324 34.579994 34.666786 34.61622 34.610264 34.626 34.61803 34.611797 34.61122 34.602825 34.590595 34.58462 34.595 34.68657 34.6827 34.70459 34.65819 34.780945 35.038937 34.947083 34.84462 34.819332 34.82079
34.465385 34.32832 34.346806 34.320118 34.334404 34.33695 34.39337 34.37803 34.378708 34.492622 34.477997 34.603676 34.491127 34.535885 34.58664 34.655785 34.676052 34.647446 34.54673 34.51147 34.50391 34.583015 34.61955 34.57778 34.636246 34.661476 34.65782 34.683628 34.720917 34.731285 34.725433 34.69584 34.693478 34.717854 34.71777 34.6619 34.58098 34.539734 34.5937 34.657764 34.617386 34.594887 34.583958 34.583557 34.56342 34.577625 34.592216 34.604733 34.61211 34.60695 34.599087 34.695206 34.695335 34.60604 34.74312 34.99284 35.015266 34.840363 34.865227 34.814598 34.741093
34.327656 34.328987 34.323944 34.32064 34.356106 34.35058 34.424225 34.429108 34.454494 34.55981 34.528347 34.58656 34.516144 34.50151 34.555058 34.629658 34.67853 34.639523 34.549625 34.504665 34.53149 34.655872 34.564106 34.689472 34.720554 34.72719 34.667015 34.662384 34.72002 34.717564 34.709484 34.708054 34.706547 34.71651 34.738544 34.729473 34.67499 34.602295 34.56193 34.61701 34.567677 34.572525 34.556274 34.559147 34.58139 34.584694 34.577457 34.576557 34.587555 34.59736 34.628 34.68036 34.624268 34.884243 34.98966 35.027027 34.914284 34.830822 34.87675 34.869915 34.768215
34.30873 34.332603 34.311867 34.257465 34.309315 34.3685 34.42542 34.495735 34.633083 34.629486 34.577396 34.590916 34.534588 34.491543 34.549145 34.5861 34.64501 34.677074 34.650196 34.636417 34.67148 34.562008 34.690155 34.702454 34.70463 34.73362 34.73879 34.729984 34.713654 34.708733 34.70219 34.708782 34.72053 34.724133 34.73019 34.74043 34.725986 34.64575 34.57759 34.558086 34.569508 34.55241 34.542877 34.554184 34.574406 34.545284 34.554447 34.560944 34.58132 34.600574 34.673576 34.619102 34.876705 34.981647 34.985035 34.928864 34.885773 34.874157 34.881832 34.899544 34.869637
34.322495 34.33406 34.335342 34.251537 34.346237 34.506268 34.567318 34.585423 34.65177 34.654694 34.5976 34.61373 34.538994 34.484894 34.531742 34.567833 34.619392 34.65741 34.68185 34.658466 34.55038 34.689487 34.709198 34.697742 34.718914 34.703876 34.715927 34.687614 34.673283 34.695686 34.70466 34.7047 34.70033 34.689564 34.695637 34.715137 34.738426 34.681305 34.625607 34.57424 34.574333 34.55209 34.524773 34.554985 34.554348 34.574665 34.581837 34.5827 34.606003 34.64972 34.668236 34.745663 34.972393 34.93228 34.89592 34.851723 34.822586 34.809273 34.815147 34.829834 34.83065
34.315964 34.32932 34.333603 34.283108 34.395027 34.591652 34.5953 34.64928 34.662563 34.63178 34.602425 34.63167 34.52086 34.470627 34.513287 34.51563 34.554497 34.57059 34.552464 34.592262 34.698055 34.690247 34.685886 34.670963 34.66458 34.69464 34.682037 34.69468 34.69088 34.68565 34.69042 34.6944 34.688854 34.671265 34.67489 34.68473 34.705452 34.708164 34.637768 34.595783 34.572803 34.54271 34.511684 34.558887 34.556133 34.60108 34.62074 34.631405 34.652573 34.672062 34.654354 34.808083 34.91607 34.874214 34.805336 34.690754 34.665653 34.647 34.61167 34.589127 34.603436
34.29681 34.252514 34.25598 34.288998 34.4544 34.59159 34.61592 34.643383 34.65529 34.609863 34.608162 34.638947 34.536522 34.481552 34.515717 34.51966 34.55074 34.61124 34.6621 34.679195 34.663414 34.663754 34.67083 34.61557 34.608273 34.648098 34.6537 34.627556 34.628456 34.635437 34.651302 34.643726 34.618244 34.620716 34.642776 34.652466 34.669983 34.70468 34.64916 34.601246 34.542793 34.499584 34.501804 34.563007 34.56718 34.599365 34.628807 34.65067 34.658253 34.64142 34.595547 34.701527 34.88638 34.86431 34.71313 34.683468 34.67391 34.58011 34.552032 34.552597 34.57321
34.273853 34.262726 34.189285 34.2846 34.487854 34.573727 34.6295 34.664787 34.666603 34.626648 34.6187 34.656094 34.567146 34.491287 34.51955 34.552418 34.601673 34.628616 34.62295 34.610172 34.604546 34.602577 34.64418 34.58949 34.573055 34.598858 34.587093 34.588863 34.576416 34.568523 34.570526 34.61152 34.645718 34.658894 34.68952 34.705437 34.691338 34.66745 34.66068 34.56326 34.538986 34.49811 34.492336 34.560238 34.57885 34.6025 34.601856 34.60418 34.614704 34.644764 34.647007 34.58145 34.661243 34.800232 34.750687 34.658855 34.58161 34.59187 34.59137 34.59075 34.586285
34.26101 34.236595 34.243454 34.297752 34.517063 34.556225 34.65287 34.68319 34.684803 34.669132 34.65979 34.67139 34.60396 34.49151 34.53657 34.54049 34.528294 34.540462 34.535686 34.552845 34.51589 34.505634 34.493225 34.60784 34.574425 34.546127 34.534775 34.533062 34.56336 34.537518 34.546318 34.568104 34.578575 34.58552 34.59888 34.631554 34.700035 34.689358 34.65734 34.594166 34.573437 34.501144 34.48189 34.557423 34.58696 34.583977 34.600735 34.598633 34.59822 34.60075 34.61315 34.62633 34.633476 34.62955 34.62392 34.630077 34.6285 34.632473 34.623013 34.596714 34.572952
34.26954 34.21832 34.322525 34.355885 34.559647 34.54848 34.67128 34.683243 34.669147 34.67254 34.663475 34.66926 34.620026 34.537224 34.55656 34.515556 34.492935 34.51197 34.51702 34.423397 34.346916 34.34713 34.369225 34.42096 34.53677 34.535667 34.500458 34.551456 34.501427 34.444805 34.44296 34.501457 34.525097 34.558857 34.563015 34.56235 34.58653 34.674603 34.67947 34.63254 34.597782 34.498894 34.482674 34.55231 34.587612 34.585472 34.580505 34.57601 34.58505 34.590847 34.59291 34.59628 34.6042 34.606895 34.612896 34.61436 34.59232 34.573788 34.567158 34.5592 34.546024
34.318985 34.31495 34.30663 34.51571 34.56666 34.554684 34.693344 34.676285 34.672012 34.66373 34.651123 34.64626 34.59822 34.58303 34.507507 34.5223 34.494057 34.37437 34.29272 34.241486 34.243507 34.27282 34.374794 34.41933 34.479176 34.483585 34.533936 34.5211 34.350376 34.224686 34.280445 34.419052 34.48308 34.519146 34.540787 34.55771 34.556473 34.57021 34.665386 34.660866 34.609936 34.48986 34.491436 34.555763 34.582817 34.580914 34.575745 34.580208 34.60579 34.62252 34.618816 34.60803 34.600838 34.5954 34.589344 34.57534 34.54939 34.52866 34.52087 34.52071 34.505737
34.30824 34.34043 34.444546 34.567707 34.55482 34.58909 34.695248 34.671455 34.59819 34.608337 34.60429 34.601467 34.56682 34.541786 34.50221 34.3721 34.275368 34.175953 34.13504 34.166817 34.236378 34.419323 34.47705 34.476788 34.478447 34.529682 34.435596 34.196148 34.128296 34.173992 34.26712 34.392616 34.444275 34.453735 34.460155 34.50555 34.531567 34.549465 34.59012 34.649075 34.600426 34.474506 34.52638 34.573864 34.576477 34.59216 34.591335 34.627605 34.639458 34.60887 34.59341 34.621613 34.595585 34.538006 34.506535 34.51415 34.539574 34.534603 34.532948 34.534904 34.54035
34.323288 34.487144 34.551003 34.558357 34.563488 34.646183 34.671204 34.646564 34.611183 34.582348 34.56331 34.5637 34.571976 34.47073 34.313004 34.168823 34.14351 34.071487 34.029877 34.124634 34.433052 34.440712 34.452858 34.455017 34.499023 34.41821 34.105625 34.153435 34.284668 34.360596 34.375053 34.395405 34.39194 34.398254 34.430405 34.485638 34.521812 34.537746 34.556458 34.62802 34.57608 34.46471 34.59181 34.601334 34.573143 34.598648 34.6632 34.65732 34.60199 34.630196 34.6154 34.52466 34.50829 34.50054 34.493458 34.48333 34.476368 34.4697 34.46787 34.474113 34.489567
34.56278 34.571934 34.586018 34.55001 34.610962 34.68547 34.66094 34.632153 34.608707 34.556225 34.568424 34.59566 34.484367 34.304474 34.201637 34.159718 34.040653 33.95321 33.993336 34.29356 34.439476 34.44667 34.452866 34.485725 34.360348 34.10998 34.28137 34.378353 34.368725 34.386906 34.404617 34.406273 34.39711 34.405533 34.46866 34.556355 34.562843 34.54968 34.551506 34.601192 34.523876 34.521988 34.662262 34.586838 34.589264 34.67494 34.650745 34.605415 34.611584 34.66837 34.5738 34.53536 34.521946 34.511017 34.51769 34.551186 34.57291 34.519154 34.451263 34.499615 34.486156
34.516644 34.565037 34.599766 34.56474 34.66142 34.690163 34.662888 34.622147 34.611515 34.568665 34.616222 34.564938 34.40449 34.19178 34.20695 34.17551 33.921703 33.949333 34.03848 34.491383 34.465424 34.46624 34.47326 34.24338 34.11064 34.316444 34.340527 34.37506 34.431843 34.412174 34.400513 34.404037 34.410507 34.490356 34.600506 34.594273 34.582935 34.536816 34.553505 34.57328 34.478977 34.650265 34.72578 34.69091 34.673244 34.62123 34.588165 34.59401 34.719643 34.66759 34.624832 34.604557 34.604317 34.616344 34.63253 34.65434 34.659374 34.705433 34.434372 34.39822 34.49733
34.511528 34.5672 34.62347 34.59185 34.685043 34.68117 34.66498 34.64427 34.613087 34.586025 34.62632 34.50453 34.33214 34.20724 34.21812 34.21085 33.890022 33.990677 34.05178 34.384586 34.45414 34.278606 34.134163 34.13507 34.23107 34.336792 34.37918 34.436726 34.380795 34.384487 34.389694 34.42624 34.522198 34.599674 34.522034 34.5125 34.506855 34.525684 34.563164 34.50768 34.543545 34.720306 34.696674 34.64822 34.607788 34.603554 34.623257 34.702934 34.75651 34.76384 34.74802 34.771317 34.783566 34.775085 34.758854 34.730404 34.707783 34.723988 34.485497 34.358894 34.48525
34.456142 34.578854 34.640022 34.601837 34.6945 34.67526 34.667892 34.653038 34.63054 34.59836 34.634457 34.49309 34.303555 34.22614 34.21982 34.256035 33.90409 33.9419 34.035442 34.271748 34.23029 34.231327 34.145428 34.18578 34.300823 34.335167 34.378216 34.450485 34.406837 34.403793 34.433064 34.50995 34.590084 34.585423 34.5341 34.526215 34.540695 34.54727 34.50118 34.487793 34.651943 34.696457 34.647076 34.662766 34.67646 34.72409 34.75966 34.77811 34.77766 34.79539 34.818817 34.823444 34.81232 34.806015 34.812046 34.8261 34.81901 34.7808 34.543343 34.3351 34.434624
