static/data/seaWater_vo/2023/7/3/0.asc
ncols 137
nrows 93
xllcorner 108.0
yllcorner 17.0
cellsize 0.25
NODATA_value -32767
[rows 0 to 25 of 93, columns 58 to 115 of 137]
-32767.0 -32767.0 -32767.0 -32767.0 -32767.0 -32767.0 -32767.0 -32767.0 -32767.0 -32767.0 -32767.0 -32767.0 -32767.0 -32767.0 -32767.0 -32767.0 -32767.0 -32767.0 -32767.0 -32767.0 -32767.0 -32767.0 -0.14478526 -0.09524975 -0.08233183 -0.041908853 0.013648611 0.18982485 0.3040376 0.26958326 0.20253181 0.1744971 0.18868737 0.16955861 0.06402452 0.20977563 0.17402986 0.05936264 -0.04767041 -0.09273006 -0.065865606 -0.103970386 -0.035671413 0.17756319 0.016172323 -0.334841 -0.41539028 -0.3220933 -0.20673576 -0.018787563 0.122394726 0.11134335 0.021273535 0.006351214 0.07764363 0.15431257 0.44521964 0.405462
-32767.0 -32767.0 -32767.0 0.022051882 -0.006121536 0.004931402 -0.00025218248 -0.015046012 -0.017083917 -0.014506437 -32767.0 -32767.0 -32767.0 -32767.0 -32767.0 -32767.0 -32767.0 -32767.0 -32767.0 -32767.0 -32767.0 0.0059138765 0.13996735 0.16932671 0.4193927 0.3331229 0.21924388 0.23912783 0.19560377 0.14861862 0.05640475 0.10848272 0.3058181 0.277287 0.10669758 0.228827 0.15374845 0.02249319 0.14624421 0.19583513 0.13384041 -0.094369054 -0.33427647 -0.14461692 0.006434322 -0.25064927 -0.3099085 -0.17528513 0.13714126 0.4324299 0.47928092 0.27434203 0.24100855 0.26113018 0.28764307 0.3222328 0.27218914 0.3350607
-32767.0 0.0023117086 -32767.0 -0.0043921066 -0.059694197 -0.037362985 0.04447932 0.06837651 0.025990963 -0.015114825 -0.023725528 -0.047808614 -32767.0 -32767.0 -32767.0 -32767.0 -32767.0 -32767.0 -32767.0 -32767.0 -32767.0 0.040661775 0.0519417 0.20166646 0.46339327 0.30821547 0.22245602 0.27632603 0.31162846 0.12603812 -0.024678733 0.09557497 0.20228729 0.059640355 0.042698264 0.18966365 0.040169872 0.16233277 0.2912228 0.39325064 0.53039366 0.3036618 -0.075638145 -0.46546704 -0.35402998 -0.45741224 -0.17388521 -0.0230948 0.17669363 0.2730152 0.3819892 0.32586157 0.29179552 0.30095613 0.26803094 0.2653615 0.19956364 0.15485865
-0.064154945 -32767.0 -0.115246296 -0.16584764 -0.17670363 -0.062007297 0.21315116 0.11190303 0.11855898 0.0668067 -0.046558183 -0.0209981 -32767.0 -32767.0 -32767.0 -32767.0 -32767.0 -32767.0 -32767.0 -32767.0 -0.13055515 -0.04210517 -0.102761954 0.13912012 0.23734088 0.21395504 0.39022362 0.47204685 0.35791662 0.054774653 -0.089851566 -0.024619114 -0.02423437 -0.19776197 -0.11707006 0.18849546 0.18164279 0.1413176 0.18403377 0.39942703 0.6130155 0.36006185 0.06740301 -0.25871217 -0.46068072 -0.2607303 0.020057999 -0.08368786 -0.019792054 0.34244305 0.33868343 0.12624191 0.014727631 0.15827379 0.2535536 0.27440295 0.13325745 -0.015407874
-0.035603598 -32767.0 -0.1253618 -0.14004447 -0.11758006 -0.094744645 0.02166838 -0.044585362 0.16124824 0.06363455 0.039932087 -32767.0 -32767.0 -32767.0 -32767.0 -32767.0 -32767.0 -32767.0 -32767.0 -32767.0 -32767.0 -32767.0 -0.12794076 -0.14868185 -0.041232698 0.1705818 0.5065103 0.49957538 0.25941753 0.109112866 -0.07171702 -0.16448876 -0.09016901 -0.036600955 -0.2279453 -0.15542102 0.032410543 0.18798873 0.35820803 0.47318855 0.39731544 0.3037838 -0.028703231 -0.3344396 -0.36346918 -0.2548724 -0.20305668 -0.20364521 0.10052824 0.4565616 0.36394516 -0.0040147784 -0.1590296 -0.077655815 -0.13025892 0.023396004 0.26377684 0.033979654
-0.017622402 -0.026871013 -0.027413802 -0.11727451 -0.03892787 -0.04507754 0.025038114 0.10143992 0.09217989 0.17222434 -0.030167546 -32767.0 -32767.0 -32767.0 -32767.0 -32767.0 -32767.0 -32767.0 -32767.0 -32767.0 -32767.0 -32767.0 -32767.0 -0.12443636 -0.10786581 0.27099955 0.64164275 0.4756701 0.337709 0.25839 -0.055231176 -0.26128647 -0.2950673 -0.19493203 -0.35871926 -0.5543888 -0.0144316945 0.39791068 0.26553625 0.2574855 0.25599486 0.23856795 -0.163861 -0.378754 -0.43822455 -0.5203793 -0.1614977 -0.22165085 -0.11234666 0.45801777 0.43591833 0.017106261 -0.275858 -0.3396477 -0.2635135 0.0432793 0.259477 0.19688454
0.012600297 0.10916338 0.08829475 0.09126743 0.04713677 0.020446453 0.10971656 0.12573497 0.27955756 -0.023771893 -0.05600382 -32767.0 -32767.0 -32767.0 -32767.0 -32767.0 -32767.0 -32767.0 -32767.0 -32767.0 -32767.0 -32767.0 -32767.0 -32767.0 -0.16946587 0.07158471 0.32189646 0.6069687 0.39468107 0.31514394 0.08884724 -0.17063554 -0.26586926 -0.31288746 -0.5225645 -0.612698 0.2532853 0.14377101 0.08052855 0.012969023 0.19458672 0.2565133 -0.10789245 -0.5375221 -0.6130682 -0.5065198 -0.29168767 -0.29363838 -0.34520066 0.41923332 0.55907696 0.050762836 -0.25808996 -0.4055643 -0.33311838 -0.081861176 0.25017983 0.23673505
0.06556252 0.20232894 0.28572807 0.22181176 0.17917463 0.14077288 0.1791169 0.1698609 0.26253226 -0.0038533923 -32767.0 -32767.0 -32767.0 -32767.0 -32767.0 -32767.0 -32767.0 -32767.0 -32767.0 -32767.0 -32767.0 -32767.0 -32767.0 -32767.0 -32767.0 -0.030539805 0.14718603 0.38865995 0.7422952 0.355426 0.19681233 -0.015736904 -0.118209206 -0.25084564 -0.5969799 -0.22687311 -0.0062519726 -0.024905793 -0.035536982 -0.008588605 0.015331838 0.14661594 0.0101784 -0.4345083 -0.48903558 -0.09395945 0.090678796 0.030121041 0.095287494 0.45175922 0.4176487 0.044549845 -0.0999457 -0.45645043 -0.17006874 0.1782139 0.2941502 0.17601983
0.06559509 0.17708965 0.14353117 0.17911321 0.17404546 0.18946105 0.2176402 0.25010738 0.023550441 -32767.0 -0.033132005 -32767.0 -32767.0 -32767.0 -32767.0 -32767.0 -32767.0 -32767.0 -32767.0 -32767.0 -32767.0 -32767.0 -32767.0 -32767.0 -32767.0 -0.11612066 0.1090288 0.31915706 0.85757965 0.4347177 0.11141195 0.044796567 -0.06499223 -0.2734041 -0.4185583 -0.276154 -0.24484603 -0.049614523 0.13710831 -0.015751153 -0.03263645 -0.016442593 -0.055510618 -0.17930909 0.040922288 0.4569151 0.39156738 0.3233984 0.28276706 0.2707319 0.19979069 0.06736778 -0.011026369 -0.13615263 0.17450064 0.28155282 0.37970003 0.25882903
0.019067522 0.13988976 -0.055704348 0.10106363 0.14379135 0.13354127 0.14071387 -0.01657679 0.17739427 0.23225228 0.10232225 0.0762521 0.18430783 0.026766898 0.049776535 0.022112982 -32767.0 -32767.0 -32767.0 -32767.0 -32767.0 -32767.0 -32767.0 -32767.0 -32767.0 -32767.0 -0.052502435 0.12265089 0.6961547 0.50573057 0.066877045 -0.08425951 -0.16755906 -0.20145035 -0.35703883 -0.51791847 -0.3447485 -0.20574191 0.24483342 0.25675863 0.17668141 0.22311409 0.28600088 0.44090903 0.37260386 0.16368343 0.29843983 0.34271464 0.21647449 0.18009815 0.20082493 0.14425562 0.21965323 0.29176137 0.28659284 0.28063712 0.21982986 0.28643975
0.02237274 0.14607719 0.09360971 0.15010685 0.17928123 0.14654174 0.10680746 0.10228058 0.010199016 -0.036999464 0.16290776 0.011360655 0.012909995 -0.05734192 0.064533636 0.08117658 -32767.0 -32767.0 -32767.0 -32767.0 -32767.0 -32767.0 -32767.0 -32767.0 -32767.0 -32767.0 -32767.0 -0.1827157 0.4937984 0.5340928 0.2438069 -0.12252789 -0.21953516 -0.052498717 -0.36166948 -0.44787148 -0.20282826 -0.24086003 0.12241871 0.18254441 0.118509464 0.16422787 0.4368562 0.46634698 0.55331945 0.31050816 0.4320868 0.38553518 0.15024164 0.16224915 0.22607353 0.30110672 0.3777858 0.26934332 0.26170337 0.13758506 0.2218331 0.28346786
-32767.0 0.25778744 0.16490576 0.16887563 0.18239257 0.13121419 0.031947896 0.020782366 0.03728226 -0.031811982 0.010460805 0.100358464 0.05156813 -0.0031178799 0.06656126 0.10137386 0.045346554 0.037464526 -32767.0 -32767.0 -32767.0 -32767.0 -32767.0 -32767.0 -32767.0 -32767.0 -32767.0 -32767.0 0.4626811 0.56057346 0.36807606 0.09598479 -0.089307286 -0.24829474 -0.25330126 -0.3859022 -0.23742624 -0.09953163 -0.2415014 -0.15141396 -0.0021329727 0.16995952 0.49025106 0.56449527 0.45645168 0.36194617 0.47578743 0.51570606 0.31770575 0.15080819 0.13767225 0.22907524 0.2947717 0.24215965 0.2857427 0.21172713 0.38181567 -32767.0
-32767.0 0.29294994 0.12111955 0.12813981 0.09596339 0.07391329 0.06139411 0.03535432 -0.009307781 -0.063852206 -0.10660372 0.020567127 0.06568926 -0.11215796 0.087692246 -0.015771765 -32767.0 0.029957479 -32767.0 -32767.0 -32767.0 -32767.0 -32767.0 -32767.0 -32767.0 -32767.0 -32767.0 -32767.0 0.26872483 0.8051304 0.12276505 0.24486569 0.04951073 -0.13576579 -0.23964371 -0.26668105 -0.23171821 -0.20349267 -0.12011202 -0.11125592 0.018038057 0.220011 0.517524 0.6225268 0.45020786 0.40454116 0.41079953 0.4211626 0.38231504 0.30726072 0.23011467 0.21702999 0.2585064 0.23538715 0.24341129 0.20902957 0.30106047 -32767.0
0.16651858 0.06299766 0.0010096384 0.0852799 0.08132664 -0.008825762 -0.001519833 -0.01614393 -0.019177478 -0.13391058 -0.08321089 0.05516123 0.0016077247 -0.1440318 -0.03838946 -32767.0 -32767.0 -32767.0 -32767.0 -32767.0 -32767.0 -32767.0 -32767.0 -32767.0 -32767.0 -32767.0 -32767.0 -32767.0 0.20867632 0.92435455 0.24087353 0.27097636 0.02643314 -0.079915136 -0.07177636 -0.08729638 -0.11599953 -0.096561626 -0.046375528 0.046745542 0.18029141 0.31389058 0.36934772 0.34393504 0.25018728 0.20194495 0.36687502 0.3844727 0.21786708 0.21621776 0.16670516 0.17240103 0.19829866 0.1885819 0.22282597 0.350731 0.12487895 -0.02732714
0.03891222 -0.017206287 0.088909194 0.020647636 -0.036100686 0.09491739 0.0222145 0.0015651002 0.01929078 -0.1234791 -0.26717556 -0.2604978 -0.13380043 -0.100796096 0.12526412 -0.0067872424 -32767.0 -32767.0 -32767.0 -32767.0 -32767.0 -32767.0 -32767.0 -32767.0 -32767.0 -32767.0 -32767.0 -32767.0 0.01576606 1.0201418 0.29707372 0.11578811 0.27281487 0.2838112 0.20202135 0.07754678 0.06405871 0.08918841 0.10322412 0.12790683 0.275558 0.22330795 0.18362355 0.27389467 0.18347728 0.086506434 0.16240415 0.17833726 -0.0067179156 0.0041204784 0.087296486 0.14007227 0.13423976 0.07599589 0.40528157 0.29198885 -0.022292713 -32767.0
0.19954382 0.13101988 0.048458762 -0.029951196 0.009558171 0.14201477 0.107289374 0.023051972 -0.026329491 -0.13026243 -0.1893501 -0.33254668 -0.33954033 -0.02454506 0.057130896 5.1379902e-06 -0.022844013 -32767.0 -32767.0 -32767.0 -32767.0 -32767.0 -32767.0 -32767.0 -32767.0 -32767.0 -32767.0 -32767.0 -0.0977155 1.0046157 0.3722416 -0.24332467 0.25153068 0.33048865 0.27778292 0.18180662 0.08848101 0.03394419 0.1301188 0.021468079 -0.00718134 0.06564589 0.30854273 -32767.0 0.037499942 -0.0123449275 0.06613173 -0.00013058493 -0.28291833 -0.19039588 -0.13888218 0.0020397876 -0.050835013 0.027742043 0.45527986 -32767.0 -32767.0 -32767.0
0.13272704 0.18130893 0.12926526 0.06256985 0.10757413 0.107588224 0.04458821 0.03811433 0.010704479 -0.0909192 -0.13571547 -0.21157107 -0.22194637 -0.099973276 0.023504192 0.13086993 0.043700036 -32767.0 -32767.0 -32767.0 -32767.0 -32767.0 -32767.0 -32767.0 -32767.0 -32767.0 -32767.0 -32767.0 -32767.0 0.9340463 0.31568462 -0.31584665 0.17968866 0.27430817 0.21104233 0.1281156 0.16868237 0.32693353 0.40498447 0.23998038 0.056636214 0.20396265 0.28821117 -0.00253286 0.09432687 0.08683694 0.11718107 0.18619086 0.10138029 -0.059420608 -0.25388476 -0.027929667 -0.014522842 0.03446671 0.21395214 -32767.0 -32767.0 -32767.0
0.13411126 0.14914832 0.17104067 0.16399726 0.12679088 0.058778156 0.033790518 0.009286469 0.0709791 -0.031778954 -0.14851348 -0.14289936 -0.1835524 -0.25988692 -0.013725118 0.15729912 0.06178754 0.033888046 -32767.0 -32767.0 -32767.0 -32767.0 -32767.0 -32767.0 -32767.0 -32767.0 -32767.0 -32767.0 0.8611284 0.7447378 0.21387155 -0.20990427 0.038706854 0.07869665 0.13587604 0.08791363 0.11064984 0.32555088 0.4344303 0.28814116 0.25387126 0.3302047 0.29582626 0.18461637 0.09551141 -0.011477024 -0.0469622 0.17027183 0.117505364 0.14778566 0.030612012 -32767.0 -0.046269577 -0.04270572 -0.11724215 -32767.0 -32767.0 -32767.0
0.031135852 0.13348138 0.13314931 0.08239887 0.013762789 -0.079248086 -0.17617804 -0.13204032 -0.11452073 -0.2214278 -0.2585947 -0.21898136 -0.24791406 -0.053828046 0.1827751 0.055118445 0.0500416 -32767.0 -32767.0 -32767.0 -32767.0 -32767.0 -32767.0 -32767.0 -32767.0 -32767.0 -32767.0 -32767.0 0.5798123 0.6058269 0.051986348 0.0742418 0.10296073 0.07846329 0.08231207 0.033265438 0.11738315 0.21922126 0.36490664 0.3244695 0.3880374 0.1941273 -32767.0 -32767.0 0.012841274 0.027899653 -32767.0 -32767.0 -32767.0 -32767.0 -32767.0 -32767.0 -32767.0 -32767.0 -32767.0 -32767.0 -32767.0 -32767.0
-0.007235827 0.060710073 0.09100861 0.035823796 -0.10874945 -0.23895733 -0.26295307 -0.31041282 -0.14868091 -0.13238461 -0.22250195 -0.22017214 -0.26991132 -0.013221271 0.23800746 0.043213654 -32767.0 -32767.0 -32767.0 -32767.0 -32767.0 -32767.0 -32767.0 -32767.0 -32767.0 -32767.0 -32767.0 0.6103178 0.6592756 0.4114337 0.00534542 -0.16787288 0.036071327 0.121183515 0.18694712 0.16169272 0.17156777 0.19923146 0.3520678 0.3220235 0.11750007 -32767.0 -32767.0 -32767.0 -32767.0 -32767.0 -32767.0 -32767.0 -32767.0 -32767.0 -32767.0 -32767.0 -32767.0 -32767.0 -32767.0 -32767.0 -32767.0 -32767.0
-0.05232294 -0.014849411 0.025742013 0.11036752 -0.0028763541 -0.038434174 -0.12959468 -0.21803735 -0.20612827 0.10145606 -0.08240564 -0.23716396 -0.39310393 0.026357153 0.03025483 0.093231365 -32767.0 -32767.0 -32767.0 -32767.0 -32767.0 -32767.0 -32767.0 -32767.0 0.1744138 -0.08741768 0.31374136 0.47308442 0.56639826 0.2032123 -0.17351504 -0.22124118 0.005259025 0.29004702 0.20148994 0.06677357 0.0443973 0.06824087 0.24307317 -32767.0 -32767.0 -32767.0 -32767.0 -32767.0 -32767.0 -32767.0 -32767.0 -32767.0 -32767.0 -32767.0 -32767.0 -32767.0 -32767.0 -32767.0 -32767.0 -32767.0 -32767.0 -0.014086358
-0.018629335 0.019043837 0.06829299 0.11895359 0.04114947 -0.033618856 -0.12420011 -0.16368437 -0.13515891 -0.096713856 -0.2460007 -0.37337226 -0.28113088 -0.14242303 -0.011608371 0.04440761 -32767.0 -32767.0 -32767.0 -32767.0 0.0019380304 0.12078168 0.096067786 0.1182417 0.05054035 0.3299614 0.3012976 0.5005127 0.14637546 -0.13645934 -0.119665414 -0.06818024 0.21575317 0.29772964 0.17495689 0.054698348 0.12989242 0.033902675 -32767.0 -32767.0 -32767.0 -32767.0 -32767.0 -32767.0 -32767.0 -32767.0 -32767.0 -32767.0 0.057622872 0.09348532 -32767.0 -32767.0 -32767.0 -32767.0 -32767.0 -32767.0 -32767.0 -0.1310374
0.037252672 0.0048127025 0.041343704 0.012240422 0.05221825 0.018181706 -0.06790444 -0.16060448 -0.1651221 -0.18554503 -0.21655096 -0.38666388 -0.3632319 -0.2964553 0.010853309 -32767.0 -0.021324836 -32767.0 -0.032714456 -32767.0 0.006928147 -32767.0 0.06874512 0.08537917 -0.021898946 0.076622605 0.23089223 0.098540775 -0.0122373905 -0.056521043 0.14537832 0.17293906 0.24159692 0.21604031 0.037389144 -0.050555 -32767.0 -32767.0 -32767.0 -32767.0 -32767.0 -32767.0 -32767.0 -32767.0 -0.01816088 0.009123257 -0.05387648 0.011521216 -0.11155054 -0.04522574 -0.081581414 0.057844456 -32767.0 -32767.0 -32767.0 -32767.0 -32767.0 -0.12209544
-0.113576815 -0.04315987 -0.11637521 -0.09602313 -0.044611987 -0.090999626 -0.12847482 -0.24769945 -0.32266662 -0.27624893 -0.22321664 -0.26687267 -0.30234218 -0.19833072 -0.12614189 -0.10429277 0.021473672 0.0071448064 0.10830235 0.0703641 0.14170244 0.13765156 0.2044287 0.12594813 0.054759044 0.08564929 0.20180216 -32767.0 0.10022508 0.042220637 0.19679569 0.14690976 0.19080661 0.1260056 -32767.0 -32767.0 -32767.0 -32767.0 -32767.0 0.044083193 0.01550536 0.06895068 -0.02509437 -0.062107928 0.07145561 0.0062108054 -32767.0 -32767.0 -0.17841719 -0.29794472 -0.14213349 -32767.0 -32767.0 -32767.0 -32767.0 -32767.0 0.26059496 0.25339347
-0.18418303 -0.42525682 -0.11873031 -0.14712474 -0.26826102 -0.2515066 -0.25931293 -0.30008075 -0.3269838 -0.32516748 -0.18041103 -0.05212141 -0.16458645 -0.18167847 -0.09038795 -0.15787 -0.15025264 0.062715046 -0.0607125 -0.105751745 0.042948876 0.01919634 0.17876753 0.17765027 0.052504506 0.061185274 0.14330508 0.018036079 0.16122542 0.1756859 0.059697676 0.0034722793 0.029992633 0.13013598 0.06621442 -32767.0 0.011193929 -0.0121619655 -32767.0 0.10799005 0.11850685 -0.019318467 -32767.0 -0.07133511 -0.07997121 -32767.0 -32767.0 -32767.0 -32767.0 -0.28315765 -0.050626732 -32767.0 -32767.0 -32767.0 -32767.0 0.30917406 0.28122088 0.40547472
-0.32149634 -0.44915485 -0.47560185 -0.3448402 -0.3924686 -0.37102115 -0.2852516 -0.32333672 -0.3286208 -0.3193648 -0.25271013 -0.217544 -0.14789584 -0.07762421 -0.0941108 -0.07741191 -0.075503215 0.031862076 -0.071922705 -0.2171444 -0.09718444 -0.102032535 0.02954518 0.09971672 -0.0024279961 -0.053736433 -0.011912506 -0.029141825 -0.0055121267 -32767.0 -0.015282554 0.15154675 -32767.0 -32767.0 0.024524378 0.04536179 0.041474905 0.15512438 -0.021551512 0.27881324 0.17126924 -32767.0 -32767.0 -32767.0 -32767.0 -32767.0 -32767.0 -32767.0 -32767.0 -0.3495799 -0.09107564 -0.19053766 -32767.0 -32767.0 0.19953254 0.20684603 0.37293762 0.6121775
