static/data/seaWater_vo/2023/7/3/12.asc
ncols 137
nrows 93
xllcorner 108.0
yllcorner 17.0
cellsize 0.25
NODATA_value -32767
[rows 50 to 74 of 93, columns 58 to 115 of 137]
0.12958954 0.08285286 -0.030617686 0.1206481 0.10918854 -0.043166444 -0.068707526 -0.05632704 -0.13849485 -0.18406156 -0.2156644 -0.14900403 -0.060749743 0.05060317 0.23996407 0.56379455 0.76182026 0.70211667 0.41950458 0.39281157 0.057211053 -0.18499653 -0.14066945 -0.3544894 -0.3707385 -0.35300526 -0.17444992 -0.10305936 0.15323918 0.112257116 0.09476685 0.13420819 0.019990027 0.033608172 -0.007861688 0.015668219 0.03224669 0.16204333 0.31670088 0.1709848 0.06464991 0.1288951 -0.06900775 -0.2701384 -0.43788815 -0.6069386 -0.7088958 -0.7300345 -0.58324635 -0.2939523 -0.26693183 -0.22383337 -0.111495465 0.0005176148 0.045021288 0.10809597 0.20600872 0.22677754
0.19003326 0.051312935 -0.10601684 0.08262764 0.07405192 0.028568141 -0.1337077 -0.07616564 -0.14591624 -0.19819967 -0.16890568 -0.08967242 0.046870727 0.23039067 0.5202608 0.73798454 0.66770047 0.44058388 0.21700592 0.17293128 -0.022832809 -0.31650135 -0.13390283 -0.34250945 -0.24931985 -0.1794874 -0.2511963 0.06474603 0.11708438 0.08232621 0.060321514 -0.072582394 0.01041765 0.09799688 0.00905557 0.07177513 0.04388935 0.14818959 0.22598411 0.051648274 0.058352247 0.028772945 -0.13263787 -0.40128466 -0.57664716 -0.6761366 -0.70624334 -0.6746751 -0.49098155 -0.45743313 -0.3377292 -0.059027832 0.008697327 0.09052297 0.06408188 0.085199945 0.23178075 0.13683459
0.12821922 0.0043008523 -0.12596083 -0.05886247 -0.035477787 0.03568237 -0.10908127 -0.14745775 -0.16210027 -0.14386429 -0.036019966 0.06212905 0.24645215 0.58483255 0.6369025 0.5919547 0.45568258 0.2684422 0.17365968 0.10125627 -0.056992117 -0.26283896 -0.14025506 -0.31832033 -0.21247663 -0.078661494 -0.20901251 0.03878982 0.11967379 0.08145046 -0.071845755 -0.15774857 0.08469618 0.13589507 0.08808469 0.08331364 0.009786877 0.110315606 0.24964097 0.015238715 0.055693522 -0.11597308 -0.23151693 -0.44468454 -0.5636799 -0.66398335 -0.6972595 -0.54732734 -0.54201806 -0.5394495 -0.24254589 -0.16156203 0.048444726 0.16680929 0.19582495 0.108530745 0.06638139 0.108667694
-0.08055114 -0.03607717 -0.00032840337 -0.018510567 -0.19328699 -0.11069993 -0.099405326 -0.14011258 -0.108995095 -0.116400324 -0.06595634 0.21792512 0.51829976 0.5544881 0.5200336 0.43790653 0.29262727 0.31312153 0.07358075 0.023349011 -0.117958054 -0.09509878 0.012722524 -32767.0 -0.46183738 -0.13490532 -0.18108577 -0.008186927 0.049584586 -0.0061635925 -0.16443422 -0.022452038 0.16393629 0.14561442 0.18599951 0.07956822 -0.005873868 0.10233437 0.21550108 0.047413867 0.017757015 -0.1332454 -0.24174209 -0.40434378 -0.56143326 -0.6959146 -0.64345604 -0.49519026 -0.5932289 -0.5014716 -0.2972205 -0.104168676 0.079250105 0.16631585 0.17886534 0.13873495 0.012856815 -0.16666889
-0.21833219 0.03403952 0.14847918 0.051898453 -0.11121587 -0.12475044 -0.11898709 -0.1244918 0.08680892 0.11084456 0.11028848 0.25818458 0.40759906 0.5503983 0.40025073 0.27210218 0.29760113 0.13761954 -0.022022199 -0.093456164 -0.014103822 -0.0064503737 -0.030825328 -0.052480124 -0.36063942 -0.22615062 -0.10313419 -0.07061296 0.014354892 -0.067335404 -0.18236363 0.012855094 0.115838856 0.1584679 0.1323691 0.055663593 -0.07097125 0.036534697 0.12935273 0.042505927 -0.084136255 -0.124721736 -0.25792813 -0.36163574 -0.52963805 -0.68305814 -0.5997053 -0.48118407 -0.5345605 -0.47414464 -0.23957664 -0.041484326 0.20787846 0.2431638 0.17909619 0.10406758 0.013296975 -0.12616247
-0.0035752275 0.077152036 0.065364026 0.05272195 -0.014483483 -0.04446108 -0.053095624 -0.05193074 0.042066175 0.07414679 0.08548875 0.25530428 0.42357603 0.37005633 0.24375708 0.20278443 0.207368 0.18316743 0.100411534 -0.021037253 -0.091969125 -32767.0 0.009191695 -0.061556052 -0.06064816 -0.25189108 -0.19627452 -0.13685186 -0.031748284 -0.08160984 -0.17319039 0.054205954 0.106507346 0.11144766 0.07127757 0.07524382 -0.040316034 -0.13561274 0.0041758833 -0.011837349 -0.1298129 -0.17126249 -0.29412767 -0.38881943 -0.52161896 -0.6369652 -0.5351982 -0.44048172 -0.43497512 -0.3927448 -0.1618204 0.09716619 0.16284572 0.4106453 0.41555786 0.17278296 -0.027531112 -0.24269797
0.32193527 0.1691132 0.036855433 -0.10671949 -0.19153577 -0.24039102 -0.113097236 -0.149998 0.012566415 0.20110668 0.25692812 0.14393939 0.28523368 0.20700113 0.11100353 0.23883356 0.14091386 0.13097556 0.08213845 0.009658067 0.010954618 -0.024692051 -0.0070368787 -0.006707476 -0.111124486 -0.16905098 -0.17447342 -0.2671935 -0.17185926 -0.18655251 -0.19862232 0.06562576 0.20526361 0.20872124 0.09357915 -0.06999802 -0.13573483 -0.044082664 -0.11994905 -0.1306893 -0.1166526 -0.21205546 -0.3281746 -0.40179595 -0.5102675 -0.5863161 -0.5016544 -0.35254508 -0.40005964 -0.28191137 -0.055709586 0.049359944 0.40424424 0.55104595 0.3364918 0.1444387 -0.034374308 -0.23625228
0.4226908 0.3471283 0.32430497 0.1916779 -0.06913881 -0.22212681 -0.16734233 -0.039436627 0.11322865 0.31214097 0.22530058 0.094533436 0.18675816 0.07753898 0.16496323 0.16024241 0.13877535 0.17352194 0.15912889 0.10978308 0.08369109 0.085738175 0.07589072 0.015789855 -0.06765674 -0.18638355 -0.31608742 -0.30616665 -0.21244916 -0.23385218 -0.23231624 0.010086511 0.2046153 0.1564999 0.06744428 -0.009320614 -0.14395007 -0.08660487 -0.050777353 -0.10460681 -0.2789133 -0.24850167 -0.33281943 -0.39061898 -0.48881108 -0.5397735 -0.47073182 -0.3368805 -0.31354156 -0.19329913 -0.019004507 0.26566604 0.59982234 0.35325512 0.19441144 0.053399738 -0.072472885 -0.2198523
0.48558733 0.6447963 0.5063905 0.43444267 0.13223614 0.00336617 -0.09968967 -0.04419631 0.088275634 0.15104166 0.07583613 0.041383296 0.116547614 0.1139202 0.15557115 0.13170336 0.19297296 0.23399429 0.19980565 0.17570412 0.15651058 0.13200851 0.06993097 -0.008108985 -0.10398022 -0.15094516 -0.22750843 -0.39423722 -0.3374994 -0.26770267 -0.27054432 -0.07295282 0.20187245 0.27197066 0.097794466 0.011886468 0.014615813 0.018496647 0.05130677 -0.07570889 -0.23954824 -0.34382957 -0.4147095 -0.42308527 -0.48083243 -0.48126402 -0.4065078 -0.2832855 -0.22379212 -0.13431811 0.07579146 0.5826064 0.41128382 0.19369537 0.14986373 0.14624205 -0.0044325963 -0.20421626
1.1206537 0.88486284 0.6155236 0.26574382 0.1170288 -0.00734726 -0.23228946 -0.22744629 0.061961766 0.06909625 0.0074142264 0.12840764 0.03202594 0.11489583 0.21381874 0.2052596 0.25880498 0.23033513 0.15616184 0.14451142 0.14743689 0.2355838 0.13402626 0.0028508208 -0.09103546 -0.11451834 -0.16446818 -0.35770437 -0.39651394 -0.28677702 -0.39238045 -0.1109685 0.258191 0.3482984 0.29582226 0.070842154 0.167571 0.021418177 -0.09887105 -0.16645284 -0.079423994 -0.19280279 -0.40108523 -0.50023615 -0.505452 -0.4787742 -0.43878198 -0.42302316 -0.37584546 -0.18961345 0.17459987 0.45599094 0.30511555 0.17415117 0.042998288 0.059982285 0.10567659 -0.06913219
1.1949471 0.8980045 0.62940425 0.17584597 -0.073211685 -0.28583404 -0.2979343 -0.06755332 -0.06513154 0.019284831 0.1430514 0.053118914 -0.021298379 0.35214466 0.33751288 0.21035585 0.22135302 0.08989039 0.032100983 0.06612261 0.20693178 0.16414802 0.17971642 0.007876533 -0.13211249 -0.13093005 -0.20978788 -0.30774626 -0.37818393 -0.3543274 -0.4975532 -0.12717602 0.30964938 0.33882484 0.34371683 0.2366178 0.14727074 0.04762838 0.08361103 0.050382864 -0.029334486 -0.14708503 -0.32252246 -0.37820745 -0.37762406 -0.33672133 -0.2742261 -0.28271553 -0.2982312 -0.16229613 0.33259702 0.3290928 0.26358336 0.20272304 0.12717931 0.008705283 0.03339286 -0.0039764256
1.0477533 1.0103941 0.42411175 0.022614684 -0.3594399 -0.26202255 -0.14244752 -0.12844385 0.06307912 0.11637827 0.20517133 0.09846955 0.27434888 0.40049326 0.36729777 0.24831821 0.16479062 -0.0066458443 -0.033055432 0.20333917 0.06428221 0.07000844 0.0742687 -0.17218015 -0.22396311 -0.16477393 -0.1874283 -0.29244348 -0.31677884 -0.50240695 -0.47584578 -0.1376566 0.34929606 0.40720418 0.28380144 0.21792088 0.15313281 0.20549941 0.13092557 0.20244369 0.088552795 0.03465334 -0.21731715 -0.3362552 -0.28745303 -0.12822081 -0.05166359 -0.14987995 -0.30266047 -0.19155198 0.22316943 0.21604982 0.3763535 0.30798322 0.15296438 0.14084074 0.24089527 -0.050384525
0.77040356 0.79729575 0.3213063 -0.07575574 -0.33977345 -0.055515356 -0.13009804 0.013562442 0.10428799 0.12929724 0.13911489 0.143599 0.24967095 0.42272946 0.43246663 0.23560566 0.0920962 -0.11026786 0.042679895 0.1626332 0.0003128856 0.010097028 -0.09207362 -0.16714157 -0.2106409 -0.22591361 -0.22997251 -0.23189133 -0.35307193 -0.5977894 -0.40420842 -0.13489771 0.32990488 0.35881883 0.24016483 0.20614582 0.20634653 0.22632308 0.23728383 0.22018705 0.17040643 -0.0057881526 -0.3204641 -0.42834735 -0.10690006 -0.09850347 -0.06532985 -0.21296717 -0.4003812 -0.28318372 -0.00478713 0.0786938 0.5082377 0.4292142 0.2384809 0.43932182 0.25571987 -0.13503796
0.48755515 0.51106036 0.21832867 -0.15685463 -0.27710122 -0.1092209 0.02490335 -0.00710882 0.045687627 0.069171906 0.028664486 0.17490405 0.35862666 0.44802877 0.45906103 0.25479662 0.054458905 -0.13365988 0.13617024 0.16442809 -0.030713296 -0.006088432 -0.10717972 -0.18117222 -0.16173936 -0.23085709 -0.1875039 -0.24744172 -0.45367208 -0.51051855 -0.24583293 -0.025296982 0.5105789 0.3667899 0.18547682 0.2220968 0.2641157 0.24674371 0.26857558 0.2999472 0.20590673 -0.095451236 -0.46995232 -0.6367188 -0.18405484 -0.07766089 -0.01945849 -0.1439749 -0.35527965 -0.17355438 -0.11458987 0.07557117 0.61700654 0.45028907 0.19973207 0.50903547 0.18224122 -0.12689088
0.14077137 0.20475231 0.07350544 -0.14047845 -0.15465106 -0.119338125 -0.08475709 -0.0037753792 0.027344331 0.022706855 0.09449594 0.28855407 0.43545 0.46849188 0.4057928 0.191796 0.05062443 -0.104696825 0.16345185 0.19905178 -0.04558841 -0.132499 -0.12100605 -0.13717766 -0.19142614 -0.21501963 -0.22443289 -0.25623855 -0.4305686 -0.37956822 -0.17925039 0.31430623 0.3893349 0.35704896 0.15346546 0.30250543 0.33552775 0.21767434 0.23736338 0.3818405 0.15376301 0.042039093 -0.44592535 -0.40696964 -0.14326298 -0.046761584 0.06761469 -0.091038965 -0.18608359 -0.2702845 -0.19747409 0.051206626 0.7131457 0.4831465 0.20397857 0.4409759 0.105992876 -0.20016299
0.30470738 0.096028626 -0.10746802 -0.110949464 -0.21365379 -0.11939561 -0.02763636 0.050918706 0.11939709 0.13106789 0.1734864 0.37609676 0.4513949 0.47415057 0.3710962 0.20995775 0.06336219 -0.049663376 0.072224535 0.1452814 -0.044823308 -0.11189058 -0.15887485 -0.12440606 -0.13417509 -0.20757478 -0.24873893 -0.32563946 -0.34398958 -0.21014853 0.26463622 0.47019583 0.46984768 0.29717934 0.21848427 0.3406877 0.35087696 0.2406626 0.17751548 0.1905892 0.22217742 0.050217923 -0.1961644 -0.27290162 -0.17443673 0.03072862 0.16843876 -0.02461884 -0.14249629 -0.33557108 -0.23021282 0.16331978 0.68411654 0.50635237 0.131211 0.3407682 -0.036509007 -0.3224013
0.5760233 0.1582432 -0.24115033 -0.14103293 -0.2494119 -0.1096075 -0.009270308 0.05562632 0.20669964 0.26450437 0.25748575 0.45472416 0.49329427 0.44761568 0.28735203 0.15313715 -0.028055385 -0.07036464 -0.06945282 0.015591473 -0.12049472 -0.17399369 -0.2003667 -0.050009158 -0.0563539 -0.10181521 -0.24473238 -0.32306442 -0.2639201 0.006744185 0.34858146 0.4237448 0.30320123 0.14746512 0.22208723 0.27951625 0.19250387 0.2759155 0.32547835 0.046766397 0.08242564 0.15546839 -0.032202546 -0.11453078 -0.12330902 -0.15453139 0.06696594 -0.03879106 -0.028348718 -0.08764412 0.038915705 0.23118924 0.55270654 0.5626443 0.06045178 0.18562853 -0.060308244 -0.24033764
0.4740939 0.16773805 -0.376613 -0.26694512 -0.3176236 -0.106951825 -0.019100634 0.057348978 0.30428767 0.28073555 0.351687 0.46471503 0.50058216 0.3887243 0.24503517 0.1371019 -0.054879762 -0.10896378 -0.17742908 -0.10526488 -0.18887493 -0.20255943 -0.1402542 -0.02921872 -0.012776892 -0.05658383 -0.13151057 -0.13724181 -0.031706866 0.1537312 0.32135922 0.26392 0.0904067 0.2143669 0.2321476 0.15086024 0.1860124 0.3435184 0.4497121 0.43306044 0.20158355 0.020803846 0.17232464 0.07239641 -0.20900798 -0.31853446 -0.2791279 -0.24887885 0.08720168 0.16465867 0.2310184 0.21748635 0.38856027 0.55267626 0.13787486 -0.082739465 -0.15911825 -0.23138742
0.46193218 0.0230907 -0.46841764 -0.38589472 -0.30024835 -0.12904495 -0.06760683 0.07028437 0.30273518 0.322436 0.4124272 0.5145702 0.4655013 0.3605661 0.25182495 0.12155697 -0.06713042 -0.21798187 -0.26044393 -0.17936946 -0.14333844 -0.25823322 -0.18721308 -0.060548905 -0.0479085 -0.042414393 -0.02950819 -0.0033538828 0.12470591 0.25615323 0.27883932 0.08714168 0.19514062 0.19525884 0.13153082 0.03533 0.073601045 0.19484253 0.283933 0.30874524 0.40534902 0.29509938 -0.012755404 0.156012 0.09051592 -0.1583123 -0.19494355 0.04951267 0.28924003 0.31806618 0.16593143 0.056229956 0.33710915 0.4650176 0.12952264 -0.19677986 -0.089649945 -0.30455634
0.53442127 -0.10381685 -0.53652155 -0.3625587 -0.26191133 -0.21388426 -0.017110502 0.18673924 0.32735258 0.3853637 0.48266852 0.5494299 0.45465535 0.4444683 0.31849337 0.1300945 -0.10798876 -0.31261727 -0.28276515 -0.24964681 -0.08163047 -0.1492918 -0.16219656 -0.089567095 0.0153657915 0.07602289 0.14811377 0.15574853 0.14596708 0.13776916 0.07112574 0.05695684 0.19363353 0.21569514 0.15321739 0.08834255 0.13470598 0.2525714 0.21582574 0.32608777 0.38354522 0.30154878 0.09031083 -0.09947005 0.14878336 0.16942063 0.12863784 0.16898149 0.20650493 0.2118281 0.1359998 0.19653568 0.40665758 0.3094876 0.064074695 -0.23495933 -0.073272124 -0.2885384
0.5673401 -0.16848777 -0.56395334 -0.29281345 -0.2515513 -0.08839936 0.106073536 0.25336486 0.31722358 0.43897763 0.548263 0.5027473 0.52035815 0.50562656 0.3679772 0.0983773 -0.1840869 -0.3958772 -0.35084456 -0.27248695 -0.06967507 -0.11079874 -0.14365958 -0.053848628 0.12469586 0.08552976 0.08061585 0.21188848 0.17486432 0.06413203 0.014911671 0.13121383 0.14034279 0.12546538 0.07790587 0.10176739 0.19640696 0.2701141 0.34949479 0.2189861 0.30712137 0.43644127 0.103650406 -0.06094578 -0.06961402 0.037644267 0.11302044 0.1429239 0.216427 0.21706524 0.23326749 0.28136352 0.27825496 0.1272835 -0.10225403 -0.15788259 -0.3408594 -0.20314918
0.40777224 -0.03881222 -0.56908476 -0.24053057 -0.10515672 0.019965885 0.18190849 0.27190033 0.27925065 0.4309686 0.5962948 0.5792532 0.5770539 0.4922999 0.26480824 0.10009214 -0.2745691 -0.42669106 -0.40841925 -0.27708954 -0.07134275 -0.020787146 0.019247985 0.033443175 0.0030817927 0.016229158 0.16718493 0.12498219 0.13875017 0.12269014 0.14677016 0.29817113 0.29607508 0.23129605 0.18213382 0.2621311 0.4494355 0.37735364 0.21391302 0.22666876 0.16508994 0.32983002 0.30366805 -0.014660029 -0.08421696 0.034543585 0.19738014 0.29866925 0.30934694 0.2557864 0.22091986 0.189261 0.14081198 -0.013795646 -0.19380444 -0.10463641 -0.32129437 -0.3815666
0.31345898 0.09074432 -0.47710738 -0.3489274 0.03989961 0.12302067 0.28959778 0.16867097 0.2632135 0.52280915 0.71439284 0.74362755 0.633198 0.411809 0.18945232 0.06373405 -0.28208402 -0.397462 -0.4422389 -0.26130885 -0.07173248 0.08249852 -0.012458875 0.077829294 0.12126496 0.16509268 0.28033406 0.23092185 0.20980634 0.2671064 0.34334567 0.37618408 0.3340457 0.19549464 0.10371168 0.30129638 0.5592959 0.5429596 0.26888606 0.061097875 -0.003536416 0.11997803 0.33034894 0.076975904 -0.052533623 0.1438776 0.27964616 0.45070642 0.44440982 0.40885678 0.32664406 0.13101763 0.02872555 -0.11865466 -0.17056894 -0.09026512 -0.0026755983 -0.08797629
0.30696875 -0.025814593 -0.18077406 -0.28821152 -0.011647941 0.09869919 0.16103713 0.05503754 0.29508543 0.6243589 0.81835055 0.8079143 0.498971 0.27956733 0.13298371 -0.043537837 -0.27231064 -0.33113247 -0.4117598 -0.24662712 -0.07610108 -0.029039288 -0.04630501 0.047135398 0.28465706 0.2580842 0.22907077 0.26934698 0.25336602 0.26653278 0.2371163 0.26084778 0.36259434 0.35737178 0.3819916 0.5047146 0.5517555 0.47632962 0.2863139 0.040921327 -0.112177685 -0.14854476 0.13187131 0.051554628 -0.0412657 0.048366174 0.34603646 0.623703 0.6385396 0.4991226 0.3606999 0.069069155 -3.5214267e-05 -0.09533747 -0.09112552 -0.016366767 0.03947617 0.082348116
0.24265245 -0.09708256 -0.1353583 -0.19534467 -0.09477504 0.09640221 0.09707285 0.16024135 0.43384764 0.7310082 0.7947034 0.7380141 0.3943664 0.16417435 0.060465667 -0.12389295 -0.22855063 -0.1956816 -0.37074172 -0.2670248 -0.10735299 -0.08366844 -0.114150666 0.056792267 0.22618003 0.32111657 0.20825973 0.24086343 0.23378947 0.39029738 0.45678538 0.4562435 0.42028436 0.45812276 0.5051732 0.5772544 0.48276603 0.36799106 0.19943745 -0.002287546 -0.09764777 -0.27187246 -0.22259097 -0.050046984 -0.13512087 0.1971752 0.40072194 0.6807086 0.671979 0.514716 0.2438701 -0.015243562 -0.08632678 -0.06124322 0.005020332 0.08401377 0.06677283 0.03210411
