static/data/seaWater_vo/2023/7/3/18.asc
ncols 137
nrows 93
xllcorner 108.0
yllcorner 17.0
cellsize 0.25
NODATA_value -32767
[rows 0 to 25 of 93, columns 58 to 115 of 137]
-32767.0 -32767.0 -32767.0 -32767.0 -32767.0 -32767.0 -32767.0 -32767.0 -32767.0 -32767.0 -32767.0 -32767.0 -32767.0 -32767.0 -32767.0 -32767.0 -32767.0 -32767.0 -32767.0 -32767.0 -32767.0 -32767.0 -0.18892735 -0.13214578 -0.1225172 -0.10237259 -0.018302329 0.08742739 0.18029058 0.18055154 0.10416368 0.15691966 0.19355051 0.11157406 -0.0007457682 0.14657171 0.12837663 -0.0024815472 -0.056885377 -0.099180706 -0.11487129 -0.06583938 -0.022333644 0.309386 0.25944528 -0.048370607 -0.22408086 -0.1737015 -0.12907912 -0.025901433 0.21153584 0.20150614 0.0034747375 0.027980916 0.028985446 0.14828603 0.3733251 0.37689245
-32767.0 -32767.0 -32767.0 0.052460365 0.032399077 0.00709569 0.0073974477 0.012717934 0.0061839106 0.0053080544 -32767.0 -32767.0 -32767.0 -32767.0 -32767.0 -32767.0 -32767.0 -32767.0 -32767.0 -32767.0 -32767.0 -0.09368997 0.07531371 -0.006028856 0.21370046 0.16280751 0.10143967 0.095278084 0.08995477 0.10559183 -0.037293755 0.02194981 0.2500747 0.29248592 0.05407465 0.16529965 0.037153285 -0.00843492 0.15774794 0.20060025 0.21941988 0.09525205 -0.19953887 -0.3495193 0.031774115 -0.02855435 -0.16200146 -0.0012073955 0.2821094 0.547311 0.54996914 0.3272447 0.32929128 0.3239966 0.25838393 0.31885004 0.23380835 0.24779335
-32767.0 0.022649668 -32767.0 0.0011011113 -0.05408456 0.027128724 0.1291029 0.13775843 0.033174466 -0.0056327744 -0.015163356 0.014886997 -32767.0 -32767.0 -32767.0 -32767.0 -32767.0 -32767.0 -32767.0 -32767.0 -32767.0 -0.06737543 -0.12582166 0.028404534 0.27993605 0.08876534 0.12802254 0.2614078 0.24189876 0.11370947 -0.10362466 0.075749904 0.2305172 -0.042304706 -0.09791027 0.15210353 0.017342344 0.2107396 0.1977727 0.34266847 0.54537034 0.421471 0.09052264 -0.27148592 -0.355317 -0.27150938 -0.03810977 0.120674066 0.2189178 0.3292038 0.3582141 0.44133365 0.21980087 0.3282178 0.28570953 0.22843413 0.18175057 0.16456212
-0.016356427 -32767.0 -0.015726365 -0.11021599 -0.05771909 0.011838737 0.19131635 0.19966342 0.18801185 0.06270062 -0.00808079 0.01543194 -32767.0 -32767.0 -32767.0 -32767.0 -32767.0 -32767.0 -32767.0 -32767.0 -0.14421734 -0.111147635 -0.08459989 0.029516812 0.015220029 0.07097599 0.25521275 0.38154703 0.295561 0.012271769 -0.18875912 -0.18154693 -0.15916872 -0.29353893 -0.3888113 0.18678863 0.12929666 0.15774596 0.21250586 0.44004545 0.63953096 0.45418537 0.20076235 -0.026110448 -0.4136891 -0.24437751 0.17578243 0.0365027 0.1581987 0.4650111 0.42566624 0.2004917 0.04870761 0.2905532 0.19966172 0.1459024 0.042702593 -0.080286324
0.031917658 -32767.0 -0.0013390351 -0.05091315 0.007902694 -0.025183404 0.0766134 0.14247023 0.19228254 0.11858628 0.13601089 -32767.0 -32767.0 -32767.0 -32767.0 -32767.0 -32767.0 -32767.0 -32767.0 -32767.0 -32767.0 -32767.0 -0.092573695 -0.14480175 0.0024474189 0.09254145 0.49923834 0.41154185 0.21376902 0.06731862 -0.119491585 -0.26002946 -0.23755257 -0.16068794 -0.27193317 -0.38211644 -0.046282303 0.23617202 0.39501208 0.538887 0.47101614 0.3626195 0.13649477 -0.20903148 -0.36791787 -0.20597947 -0.17853214 -0.027389467 0.11173747 0.5710937 0.36297873 -0.010138233 -0.12608409 -0.06555518 -0.037019677 0.08999263 0.33130747 0.087591305
-0.012409675 0.0063362666 0.019719059 -0.07433244 -0.008415088 -0.015470762 0.053033378 0.14698035 0.22492163 0.10732981 0.0014739828 -32767.0 -32767.0 -32767.0 -32767.0 -32767.0 -32767.0 -32767.0 -32767.0 -32767.0 -32767.0 -32767.0 -32767.0 -0.103370614 -0.10261688 0.1822808 0.5261158 0.44410983 0.29470938 0.2659694 -0.052703373 -0.29315543 -0.3529799 -0.35583392 -0.36592445 -0.6594344 -0.2867955 0.43447095 0.3906679 0.33842534 0.39915627 0.23478277 -0.15360042 -0.23072113 -0.3508113 -0.4407314 -0.107790336 -0.09705736 0.060865246 0.67123735 0.41908938 -0.014642688 -0.20626809 -0.2739925 -0.23255992 0.1141468 0.32521105 0.27960217
-0.021122688 0.08111105 0.09934361 0.0822501 0.0491548 0.040458146 0.13143714 0.14311512 0.34380874 -0.037232984 -0.00948217 -32767.0 -32767.0 -32767.0 -32767.0 -32767.0 -32767.0 -32767.0 -32767.0 -32767.0 -32767.0 -32767.0 -32767.0 -32767.0 -0.16498037 0.08288673 0.24650101 0.543924 0.52767557 0.29333758 0.12416694 -0.19495252 -0.36043933 -0.4024401 -0.5009639 -0.71476805 0.28477484 0.23221228 0.17636363 0.20578879 0.33255336 0.2766464 -0.15607627 -0.4463658 -0.5098241 -0.3238608 -0.114247724 -0.19000395 -0.1316786 0.48131064 0.55289257 -0.004814714 -0.26313713 -0.371513 -0.32820827 -0.043262087 0.38561815 0.23280525
0.004524583 0.08049147 0.21862574 0.17624094 0.13949639 0.13079584 0.1777842 0.17206964 0.2863851 -0.003547516 -32767.0 -32767.0 -32767.0 -32767.0 -32767.0 -32767.0 -32767.0 -32767.0 -32767.0 -32767.0 -32767.0 -32767.0 -32767.0 -32767.0 -32767.0 -0.05474455 0.10378861 0.3284301 0.7709619 0.40953004 0.23804487 0.004761584 -0.1803266 -0.3240688 -0.66071665 -0.25783223 0.087863065 0.08423174 0.09449513 0.15603048 0.20342942 0.3231989 -0.063226946 -0.53088105 -0.24599244 0.18331534 0.34282273 0.23597883 0.2972434 0.420972 0.39475912 -0.033097215 -0.19564691 -0.47507644 -0.18392852 0.12806404 0.38625422 0.28835672
-0.015685141 0.065491855 0.06646895 0.10929693 0.11993964 0.14844567 0.18109871 0.1885169 0.022487847 -32767.0 0.036071658 -32767.0 -32767.0 -32767.0 -32767.0 -32767.0 -32767.0 -32767.0 -32767.0 -32767.0 -32767.0 -32767.0 -32767.0 -32767.0 -32767.0 -0.057995997 0.12055618 0.2864553 0.7639731 0.52302915 0.22828989 0.14594235 0.014717415 -0.2328256 -0.4804025 -0.21270327 -0.14681937 0.12928143 0.40648434 0.21949257 0.2101849 0.17012842 0.038750984 -0.11956929 0.17816846 0.55249995 0.38037223 0.28209525 0.20010345 0.15969288 0.07300757 -0.1426714 -0.22434995 -0.32483995 0.12245853 0.34279943 0.3818537 0.2508889
-0.025784142 0.16039377 -0.0418227 0.095603794 0.07270707 0.048410628 0.02137982 -0.04714908 0.17305554 0.25750992 0.06453065 0.031833306 0.0016002012 -0.12971142 -0.053235695 0.01871986 -32767.0 -32767.0 -32767.0 -32767.0 -32767.0 -32767.0 -32767.0 -32767.0 -32767.0 -32767.0 0.02617927 0.18012181 0.642654 0.49391004 0.2113987 0.020209078 0.0028078698 -0.08570439 -0.28408194 -0.4743072 -0.24605492 0.04278917 0.5644269 0.43463293 0.36996287 0.3914718 0.3774227 0.54467595 0.51258546 0.31510696 0.3431137 0.25878716 0.095644206 0.07810399 0.0084163165 0.08243885 0.12702061 0.22381961 0.28714454 0.2561609 0.27110106 0.4183752
0.06705419 0.2974035 0.12094125 0.16359493 0.15581016 0.05758993 -0.018362528 -0.015647361 -0.09580287 -0.10872882 0.16893531 -0.04968337 -0.01056822 -0.054993924 0.0201938 -0.000820789 -32767.0 -32767.0 -32767.0 -32767.0 -32767.0 -32767.0 -32767.0 -32767.0 -32767.0 -32767.0 -32767.0 0.0010192535 0.4741746 0.6280947 0.25997725 0.032929517 -0.043483358 0.045682754 -0.33182836 -0.37351975 -0.036731556 0.056928523 0.25021642 0.17727804 0.1032142 0.25068548 0.5378756 0.5729841 0.5421427 0.3023741 0.4133414 0.21896818 -0.022839325 0.16496576 0.17841445 0.3578066 0.34710827 0.30035946 0.3294583 0.21157946 0.23928091 0.30006346
-32767.0 0.30783084 0.17340176 0.15615861 0.123827495 0.083943665 -0.0868529 -0.09160319 -0.036374196 -0.118077464 -0.022264803 0.05809015 0.080326974 0.03418866 0.15128654 0.11446572 0.038382597 -0.00025457796 -32767.0 -32767.0 -32767.0 -32767.0 -32767.0 -32767.0 -32767.0 -32767.0 -32767.0 -32767.0 0.33634207 0.92504364 0.28365052 0.08015225 0.06471938 -0.09440881 -0.16024613 -0.29080817 -0.06633158 0.014804395 -0.102569714 -0.016853541 0.053909667 0.3593853 0.64031905 0.512747 0.3745892 0.38713348 0.48039106 0.41927284 0.17607367 0.11124316 0.17108178 0.3251172 0.34865683 0.3373509 0.3283482 0.29933333 0.48550105 -32767.0
-32767.0 0.35511017 0.12027569 0.15926331 0.09597826 0.020582624 -0.013619027 -0.07257672 -0.090179935 -0.17495683 -0.24588287 0.0024768608 0.1513971 -0.010797171 0.08448914 -0.0832546 -32767.0 -0.0010143737 -32767.0 -32767.0 -32767.0 -32767.0 -32767.0 -32767.0 -32767.0 -32767.0 -32767.0 -32767.0 0.22304398 1.1344602 0.36095142 0.3173555 0.24448499 0.08119083 -0.054091997 -0.12513804 -0.13112651 -0.11025454 0.0016099056 0.09000486 0.20349416 0.42054805 0.72321457 0.55470455 0.39406437 0.36172912 0.45436037 0.4536498 0.39906728 0.2995689 0.20827629 0.26811892 0.31373042 0.35713586 0.33253512 0.42429194 0.47664607 -32767.0
0.1602297 0.072859004 0.017515276 0.14510055 0.051425163 -0.0628697 -0.110662214 -0.10281143 -0.13059922 -0.2330524 -0.21984923 0.0028101113 0.10382584 0.05554351 0.016129842 -32767.0 -32767.0 -32767.0 -32767.0 -32767.0 -32767.0 -32767.0 -32767.0 -32767.0 -32767.0 -32767.0 -32767.0 -32767.0 0.20077102 1.0725819 0.4514065 0.38116726 0.2595442 0.08169573 0.08519191 0.06996449 0.06785885 0.061692037 0.0959177 0.22314337 0.45539823 0.56720537 0.47226387 0.43354386 0.3059919 0.22256692 0.3589268 0.2831524 0.119403906 0.15554121 0.1666027 0.22478187 0.31713772 0.29113984 0.44625503 0.55300707 0.20009995 -0.012969344
0.006876822 -0.02736661 0.118146166 0.039899424 -0.040286195 0.008075879 -0.078691125 -0.07643327 -0.066700526 -0.21440941 -0.35376966 -0.3209964 0.008645201 0.05268307 0.20531063 0.0956817 -32767.0 -32767.0 -32767.0 -32767.0 -32767.0 -32767.0 -32767.0 -32767.0 -32767.0 -32767.0 -32767.0 -32767.0 -0.12997532 1.1225815 0.42236552 0.24470447 0.39386174 0.41856444 0.35038373 0.2541807 0.27571625 0.28667116 0.29359335 0.30485708 0.47007725 0.36958694 0.32966053 0.35732895 0.19520915 0.15965796 0.10307858 0.033529136 -0.17742057 -0.18636873 0.0369073 0.15858349 0.22400083 0.15181156 0.6408387 0.24471207 -0.07055596 -32767.0
0.037482314 0.053119116 -0.018718775 -0.10236622 -0.09241766 0.03549615 -0.022466833 -0.105731174 -0.16642499 -0.24505983 -0.2913292 -0.37388417 -0.34177074 -0.033676833 0.17827843 0.080698736 0.07003455 -32767.0 -32767.0 -32767.0 -32767.0 -32767.0 -32767.0 -32767.0 -32767.0 -32767.0 -32767.0 -32767.0 -0.102236554 1.1859375 0.4944679 -0.09738115 0.35714415 0.43428102 0.4234444 0.29276016 0.26549897 0.26008877 0.3235685 0.1652691 0.16107722 0.20648609 0.33509883 -32767.0 0.16219182 -0.03527178 0.12263026 0.045865767 -0.28769997 -0.30504104 -0.17253363 -0.0025716156 0.010782002 0.17918938 0.550477 -32767.0 -32767.0 -32767.0
-0.060714997 0.00036330475 -0.04591313 -0.071233995 -0.0049331267 -0.010782151 -0.076174654 -0.08649529 -0.19810781 -0.27062878 -0.28882957 -0.25094777 -0.23255864 -0.10024679 0.046245836 0.12755781 0.12268095 -32767.0 -32767.0 -32767.0 -32767.0 -32767.0 -32767.0 -32767.0 -32767.0 -32767.0 -32767.0 -32767.0 -32767.0 0.9731011 0.39424002 -0.17779371 0.22918592 0.38321868 0.35111314 0.344244 0.3859122 0.47856006 0.43792114 0.12163177 -0.042342503 0.3096927 0.4191894 -0.027043734 0.14940508 0.078885876 0.11567564 0.22141662 0.20840757 0.0967788 -0.23500273 -0.004554923 0.16179134 0.08647787 0.2590742 -32767.0 -32767.0 -32767.0
-0.038080998 -0.08190582 -0.038197722 -0.0041067805 -0.044418607 -0.12904881 -0.16870783 -0.21675174 -0.15935084 -0.25179052 -0.34488323 -0.19203962 -0.15166521 -0.17915146 0.028228223 0.14288546 0.15751371 -0.0177563 -32767.0 -32767.0 -32767.0 -32767.0 -32767.0 -32767.0 -32767.0 -32767.0 -32767.0 -32767.0 0.6501976 0.68947375 0.16828212 -0.1658169 0.16899438 0.2810474 0.25790206 0.31088418 0.35109466 0.5008612 0.50930977 0.30634946 0.29416597 0.46502846 0.39187926 0.23899704 0.15050617 0.14313039 0.05464383 0.28711078 0.33196074 0.13130137 0.07230867 -32767.0 0.08980817 -0.020927135 0.11793941 -32767.0 -32767.0 -32767.0
-0.14604765 -0.093158014 -0.08029835 -0.12057722 -0.17971297 -0.29148808 -0.3398944 -0.3352653 -0.30081913 -0.33841023 -0.33883986 -0.2517933 -0.23159741 -0.12881345 0.079805635 0.2206084 0.10274949 -32767.0 -32767.0 -32767.0 -32767.0 -32767.0 -32767.0 -32767.0 -32767.0 -32767.0 -32767.0 -32767.0 0.52946526 0.49557406 0.05880504 0.13687058 0.22735614 0.2841774 0.29670322 0.27071533 0.31355217 0.38218668 0.50380594 0.4413341 0.4432364 0.2269142 -32767.0 -32767.0 0.06761389 0.11016846 -32767.0 -32767.0 -32767.0 -32767.0 -32767.0 -32767.0 -32767.0 -32767.0 -32767.0 -32767.0 -32767.0 -32767.0
-0.2675493 -0.19804503 -0.16390206 -0.19934908 -0.33209956 -0.40570435 -0.3767572 -0.36670807 -0.21839854 -0.1715305 -0.28457364 -0.16742583 -0.16047013 -0.07170113 0.14475746 0.11726237 -32767.0 -32767.0 -32767.0 -32767.0 -32767.0 -32767.0 -32767.0 -32767.0 -32767.0 -32767.0 -32767.0 0.49598643 0.6034097 0.5288642 -0.024195794 -0.046379216 0.2471906 0.29486886 0.30720454 0.2676105 0.1913131 0.3242639 0.42254716 0.33368257 0.13702711 -32767.0 -32767.0 -32767.0 -32767.0 -32767.0 -32767.0 -32767.0 -32767.0 -32767.0 -32767.0 -32767.0 -32767.0 -32767.0 -32767.0 -32767.0 -32767.0 -32767.0
-0.26678586 -0.22184412 -0.24959895 -0.15258338 -0.2577648 -0.2073347 -0.23204449 -0.3301882 -0.2609657 -0.03703475 -0.16912632 -0.25497895 -0.12486557 -0.08374844 0.05552304 0.014921988 -32767.0 -32767.0 -32767.0 -32767.0 -32767.0 -32767.0 -32767.0 -32767.0 0.0643673 -0.04969581 0.30161682 0.359209 0.66696954 0.21761978 -0.06531385 -0.09925078 0.1468834 0.35027686 0.40305975 0.14231874 0.1246407 0.20898975 0.37791133 -32767.0 -32767.0 -32767.0 -32767.0 -32767.0 -32767.0 -32767.0 -32767.0 -32767.0 -32767.0 -32767.0 -32767.0 -32767.0 -32767.0 -32767.0 -32767.0 -32767.0 -32767.0 -0.019342804
-0.12507835 -0.16120526 -0.065990366 -0.00038439408 -0.08309065 -0.12522571 -0.23922579 -0.30605084 -0.23431492 -0.2237976 -0.3698094 -0.4009934 -0.11131476 -0.08813049 0.08879059 0.026363058 -32767.0 -32767.0 -32767.0 -32767.0 0.030067092 0.022778956 -0.13812655 0.09021207 0.04755156 0.33733204 0.26053357 0.61479974 0.14255044 -0.03939351 -0.04804361 0.061725575 0.24422014 0.37136197 0.31601453 0.0644304 0.16932388 0.11783051 -32767.0 -32767.0 -32767.0 -32767.0 -32767.0 -32767.0 -32767.0 -32767.0 -32767.0 -32767.0 -0.20018326 -0.091713294 -32767.0 -32767.0 -32767.0 -32767.0 -32767.0 -32767.0 -32767.0 -0.3047834
-0.10490328 -0.09432715 -0.07062077 -0.059774723 -0.06669419 -0.08589945 -0.115324974 -0.18008624 -0.22610603 -0.2435456 -0.2398247 -0.3517295 -0.1503638 -0.19220382 -0.036982715 -32767.0 -0.00021325459 -32767.0 0.013038585 -32767.0 -0.02441276 -32767.0 0.030414853 0.097468294 0.099509455 0.2503055 0.39661673 0.17910372 0.06300462 -0.09168895 0.16757385 0.14921364 0.2416993 0.23148412 0.19993977 -0.007224683 -32767.0 -32767.0 -32767.0 -32767.0 -32767.0 -32767.0 -32767.0 -32767.0 -0.011607042 -0.022650994 -0.06691503 -0.046021175 -0.29015267 -0.04303122 -0.16443224 -0.04379072 -32767.0 -32767.0 -32767.0 -32767.0 -32767.0 -0.12861046
-0.12777165 -0.19367343 -0.203329 -0.24693361 -0.20810711 -0.22955926 -0.23336396 -0.2701581 -0.26095805 -0.2776956 -0.17041911 -0.20696403 -0.13576928 -0.026462879 -0.13955359 -0.14199415 0.010965843 0.009786513 0.02474399 0.059405893 0.18386269 0.17700374 0.2896142 0.3453077 0.228858 0.24688734 0.33329517 -32767.0 0.09615633 0.09879895 0.1512232 0.16497126 0.18285835 -0.0374697 -32767.0 -32767.0 -32767.0 -32767.0 -32767.0 -0.18543063 -0.14339142 0.0073756366 -0.0128071485 -0.06316586 0.022589337 0.0031880909 -32767.0 -32767.0 -0.12828666 -0.23264602 -0.2648128 -32767.0 -32767.0 -32767.0 -32767.0 -32767.0 0.09604985 0.07967731
-0.0860586 -0.23398833 -0.17282656 -0.098952726 -0.23486479 -0.26103207 -0.18315242 -0.1990333 -0.12302865 -0.09030464 -0.028524317 -0.013899727 -0.049207907 -0.08995441 -0.035231203 -0.07413656 -0.05850481 0.14535263 0.17409492 -0.13943627 -0.027948827 0.096436374 0.16879198 0.23618124 0.16486907 0.13270314 0.28067195 0.26632112 0.3390442 0.26262367 0.16257961 0.004348878 0.124432646 0.14834177 -0.000333498 -32767.0 -0.19335744 -0.27498156 -32767.0 -0.1041483 0.033192936 -0.06539061 -32767.0 0.025680166 0.038257375 -32767.0 -32767.0 -32767.0 -32767.0 -0.41280195 -0.07285602 -32767.0 -32767.0 -32767.0 -32767.0 0.18821768 0.06452187 0.2046916
-0.0052569686 -0.02798217 -0.11535603 -0.16264802 -0.18643951 -0.18442622 -0.092851035 -0.049618214 0.016512202 0.05778732 0.04543856 -0.015866492 -0.0017599856 0.02070051 0.052273884 -0.012324123 -0.004293079 0.12283672 0.28861657 0.03613307 -0.06023209 0.010489753 0.021204805 0.14377514 0.112002105 0.17098473 0.28463796 0.26213145 0.1060683 -32767.0 -0.01419851 -0.046823937 -32767.0 -32767.0 -0.022153545 0.046630196 -0.013292909 -0.14388385 -0.15585487 0.11916157 0.050156586 -32767.0 -32767.0 -32767.0 -32767.0 -32767.0 -32767.0 -32767.0 -32767.0 -0.44588816 -0.18193468 -0.22989626 -32767.0 -32767.0 -0.001038874 -0.013787627 0.1270868 0.4082108
