static/data/seaWater_vo/2023/7/3/6.asc
ncols 137
nrows 93
xllcorner 108.0
yllcorner 17.0
cellsize 0.25
NODATA_value -32767
[rows 52 to 77 of 93, columns 58 to 115 of 137]
0.15387306 0.040380426 -0.058065668 -0.04021549 -0.089966856 0.0959668 0.056695502 0.00017146324 -0.067790486 -0.06431475 0.0059610996 0.1497337 0.32011765 0.623707 0.74676985 0.6540461 0.41968012 0.2541006 0.22014867 0.16553798 0.009854566 -0.21783236 -0.06968096 -0.2293195 -0.123222865 -0.06744994 -0.18283029 0.058357764 0.21700342 0.21090215 0.058414046 -0.035169147 0.19569005 0.21066397 0.18161905 0.21329118 0.09770452 0.18861508 0.28931785 0.13158399 0.005330864 -0.12081645 -0.21534795 -0.36658674 -0.45329452 -0.5340301 -0.6079537 -0.4553087 -0.37087634 -0.27845746 -0.072837256 0.08805331 0.2674013 0.29154372 0.19479108 0.07628566 0.064595215 0.056771405
-0.018573808 -0.02597691 -0.017702559 0.012680536 -0.14648351 -0.05005117 -0.023764558 0.025925182 0.018602319 -0.019225808 0.008133022 0.2840109 0.6372173 0.6786403 0.56166226 0.3929778 0.27362955 0.30948058 0.079396546 0.036913063 -0.037891652 0.019918725 0.032818962 -32767.0 -0.4644117 -0.1519189 -0.10610076 -0.0005142839 0.1770873 0.19692677 -0.04442643 0.09436772 0.21097362 0.2001503 0.185578 0.1669354 0.13517413 0.15249577 0.17993635 0.08077883 -0.054957822 -0.15155318 -0.2454874 -0.40833637 -0.47081995 -0.51997733 -0.5170408 -0.3473494 -0.36540714 -0.1892745 -0.05747483 0.0028365348 0.2515281 0.3346934 0.25904334 0.22774681 0.14422774 -0.015923899
-0.20759647 -0.032554902 0.029700808 -0.028677497 -0.09316263 -0.11600316 -0.04676921 -0.036328718 0.115446776 0.30292022 0.3917848 0.48705712 0.56037515 0.5585403 0.36452404 0.23096731 0.29067612 0.12155371 -0.016698493 -0.06213604 0.015195925 0.048633263 0.011938587 0.14139219 -0.3749946 -0.24689348 -0.11921149 -0.038007587 0.138838 0.120876834 -0.025071621 0.22740945 0.2603415 0.21434 0.1615028 0.22160473 0.0812369 0.12476987 0.06900526 0.032760005 -0.12198927 -0.15552461 -0.2904742 -0.37966266 -0.43351516 -0.5056176 -0.43486002 -0.31081325 -0.35210258 -0.18924077 -0.106327586 0.056161 0.33710346 0.37281626 0.41642526 0.30070546 0.11852347 -0.032540686
-0.03299922 -0.0027185655 -0.037684828 -0.04055791 -0.070129365 -0.08449096 -0.038568273 0.01905282 0.16667235 0.23923594 0.28938332 0.39181015 0.55352867 0.38169253 0.20760743 0.1817123 0.23835467 0.25510895 0.09307583 -0.004189865 -0.025833359 -32767.0 0.0608939 0.017224478 0.0053921575 -0.1928047 -0.13495345 -0.050597664 0.05628026 0.10577239 -0.0045870556 0.29365763 0.31158483 0.2760616 0.18315598 0.25964272 0.054678362 0.089205034 0.115361504 -0.07921942 -0.13156183 -0.19654259 -0.29480433 -0.34779656 -0.4358275 -0.48639038 -0.39488545 -0.26677823 -0.22170866 -0.14065295 -0.04169056 0.28928038 0.43996722 0.60915583 0.51967984 0.31073692 0.05443675 -0.08696171
0.36530274 0.24514742 0.21914831 0.16198397 0.059657875 -0.068249114 0.07564345 0.15011244 0.24808869 0.3403254 0.35447073 0.32234985 0.44662473 0.24702394 0.096466646 0.24431196 0.16605397 0.24160391 0.18178701 0.09904679 0.08835505 0.012925134 0.026411988 -0.0009213475 -0.07213448 -0.14632423 -0.120986044 -0.1335528 -0.05067299 0.03091369 -0.017303558 0.2866874 0.35846666 0.31306213 0.17522594 0.17329265 0.11933764 0.114905395 0.10680079 0.010238771 -0.17526978 -0.24816428 -0.30313146 -0.29385194 -0.40040222 -0.44750342 -0.36332828 -0.18483914 -0.10233747 -0.049022738 0.15376072 0.43268144 0.79007244 0.7197227 0.33062348 0.13719814 -0.008542279 -0.10069858
0.48635754 0.46945688 0.43976784 0.26935732 0.06011514 0.15614867 0.17312165 0.26930508 0.35796213 0.43361378 0.23307124 0.17698975 0.31157672 0.103440255 0.21433488 0.2067108 0.21143322 0.24539591 0.1965215 0.17131929 0.1530879 0.1381619 0.098481186 0.054778848 0.016172342 -0.06827011 -0.20644365 -0.18493615 -0.12955838 -0.058029495 -0.033667456 0.2461503 0.36858425 0.2369783 0.104105055 0.026266417 0.15253082 0.18580875 0.08491371 -0.04282696 -0.10380761 -0.23344792 -0.3077135 -0.35703576 -0.4141088 -0.44648114 -0.27024925 -0.06794191 -0.03672262 0.089529335 0.30039552 0.6106405 0.7321689 0.442168 0.2990182 0.15084095 0.04161288 -0.061578013
0.35314614 0.49695498 0.6224148 0.47928724 0.2324313 0.1334917 0.06921319 0.28164545 0.26912048 0.21083482 0.07148013 0.09597497 0.16442692 0.21911606 0.20602228 0.23491557 0.29480445 0.30535236 0.28928757 0.20800275 0.19377352 0.17030098 0.16129942 0.11431644 -0.025824793 -0.15615459 -0.19246595 -0.28474876 -0.21162929 -0.065259054 -0.17346638 0.21458331 0.44339982 0.43962806 0.23932244 0.20023891 0.22870696 0.131631 -0.007257532 -0.13249722 -0.12624319 -0.20903096 -0.2968496 -0.3513537 -0.36107826 -0.32526803 -0.12098791 0.00694049 0.08063284 0.18687536 0.3868546 0.7326975 0.52081424 0.25952852 0.23489225 0.21224299 0.051729072 -0.26132807
1.0926433 0.9671027 0.58090967 0.53392166 0.26874596 0.038702738 -0.0057009044 -0.04809489 0.2376286 0.15350674 0.12108019 0.2246235 0.09556174 0.22631897 0.27340192 0.25699395 0.32236925 0.35758695 0.25748152 0.21758375 0.18972506 0.25009656 0.16313747 0.0052395216 -0.06445322 -0.13195598 -0.19843037 -0.291556 -0.29416275 -0.16642277 -0.28021684 0.15302603 0.44493878 0.44458398 0.31538838 0.23876676 0.28379497 0.07740296 -0.017147673 -0.01061007 -0.03020189 -0.17138383 -0.24993291 -0.29932296 -0.30221748 -0.21364525 -0.14014268 -0.07026264 0.0105669545 0.19985975 0.47244436 0.58411086 0.38778058 0.30770487 0.12687126 0.14634643 0.20348817 -0.0105763115
1.2402539 0.9336684 0.71138376 0.28158864 0.03824773 -0.16315037 0.019632291 0.19250576 0.1317377 0.19953 0.29144743 0.08372446 0.008176353 0.4167242 0.38356385 0.2971421 0.29117736 0.1976138 0.12781623 0.20062444 0.29808187 0.2573751 0.20529619 0.051846158 -0.14861976 -0.15200315 -0.22199272 -0.29480544 -0.32726932 -0.3607948 -0.26454717 0.10503624 0.5839509 0.4601086 0.25969678 0.29917988 0.18071207 0.1521126 0.20551537 0.14373107 -0.006827363 -0.1804049 -0.33785832 -0.31527486 -0.31384733 -0.2477222 -0.13185363 -0.116348185 -0.03746756 0.151889 0.46876916 0.37611118 0.31421793 0.35507792 0.229733 0.18936463 0.13878916 0.17797792
1.111308 0.98630524 0.48824492 0.075213574 -0.24116103 0.02138153 0.12885037 0.07675496 0.31760675 0.2828701 0.30945376 0.16195594 0.3019632 0.4511998 0.43852165 0.32538858 0.2725796 0.06848981 0.094143584 0.28182378 0.18203105 0.1882238 0.12554672 -0.06276697 -0.14235145 -0.23111516 -0.22524779 -0.30430928 -0.34168234 -0.4763427 -0.21889004 0.10504759 0.5781297 0.44356194 0.31702676 0.32181737 0.26794544 0.30475366 0.27494195 0.21415743 0.12122876 -0.094674 -0.309641 -0.31829992 -0.20339923 -0.06808969 -0.06579105 -0.15966652 -0.23134686 -0.06113241 0.36582756 0.25186822 0.4057755 0.41885614 0.32341787 0.48308694 0.32001665 0.010515592
1.0388377 0.80094033 0.324465 0.004300594 -0.1983192 0.08338518 0.14853966 0.1529175 0.20518331 0.20154174 0.18265757 0.20555885 0.34299994 0.49643418 0.48823062 0.35829788 0.19880693 0.031600118 0.18194534 0.20893987 0.15539147 0.0906634 0.0002872705 -0.13905235 -0.21136723 -0.19686349 -0.26755917 -0.32302245 -0.3683412 -0.4258388 -0.12912938 0.24304622 0.61205035 0.40973532 0.2895763 0.3380241 0.25424182 0.31746364 0.35908493 0.1126824 -0.048587825 -0.09826764 -0.44625583 -0.33388025 -0.08763667 -0.040128473 -0.042699262 -0.13632458 -0.22838135 0.042449832 0.13466503 0.18684706 0.5705411 0.45299298 0.37011307 0.58436143 0.2931306 -0.10603059
0.65785605 0.63989884 0.28464004 -0.041847996 -0.095685296 0.05030399 0.15298197 0.09575431 0.16788994 0.13599047 0.12930115 0.28820693 0.43853158 0.5177635 0.5228063 0.37745726 0.117176525 0.016712913 0.33462527 0.2248457 0.06273962 0.04240529 -0.026363624 -0.10050398 -0.14604138 -0.22860673 -0.20488332 -0.2947979 -0.40112457 -0.272766 0.12884039 0.30134538 0.50515705 0.3466031 0.20072977 0.26608303 0.3701248 0.36926928 0.3381507 0.17118756 0.169175 -0.13323955 -0.5521952 -0.40458846 0.13266028 -0.12428504 0.06081895 -0.0938751 -0.15861186 0.07400562 -0.09309547 0.22928046 0.65208787 0.5272771 0.37967288 0.5074485 0.23315538 -0.08598196
0.17687814 0.35168973 0.17612134 -0.015120626 0.06649697 0.055948306 0.09093326 0.11052811 0.1285664 0.14754142 0.15922005 0.35691342 0.47857955 0.5017291 0.5009257 0.31995964 0.11655711 0.055141494 0.31154066 0.23401825 0.09963886 0.014019574 -0.009647929 -0.005544858 -0.06084633 -0.19508335 -0.21383551 -0.30247232 -0.33636972 -0.08269089 0.18679985 0.47132012 0.4051271 0.2980687 0.045732792 0.27554366 0.40902272 0.34603116 0.3219019 0.43690184 0.12506081 -0.058216844 -0.44924662 -0.33929014 0.14070997 -0.02116681 -0.008996478 -0.12682989 -0.08113858 -0.18554154 -0.0858836 0.3327065 0.7696484 0.55472636 0.34325528 0.38941008 0.13854793 -0.15744688
0.16624582 0.14738704 0.05604671 0.083488554 -0.03455393 0.0453417 0.10640309 0.12633736 0.20953335 0.23746145 0.26301876 0.49503195 0.52381516 0.5595596 0.42581153 0.26076487 0.15802918 0.030152999 0.120124474 0.2219565 0.15029874 0.08379337 -0.024308823 -0.018290458 0.073533274 -0.05532021 -0.21804707 -0.2869662 -0.30988115 0.003717253 0.35633555 0.45684105 0.41816953 0.18257353 0.1052342 0.26022878 0.35813856 0.4273894 0.27049366 0.3339468 0.24609281 0.0476382 -0.2181858 -0.17673635 0.12960279 -0.049434993 0.05388278 -0.0034448237 -0.119820446 -0.2162417 0.02921237 0.3836066 0.7962834 0.5533193 0.2502052 0.32864034 0.09655086 -0.19430985
0.47452855 0.19318584 -0.08883131 -0.0064948015 -0.109090365 0.07011113 0.104567125 0.21586905 0.35102478 0.3353838 0.3345523 0.5096884 0.56472725 0.545535 0.3877278 0.2429949 0.12404186 -0.0030097621 -0.0030676585 0.15361296 0.099459715 0.0233983 -0.056546785 0.0053737713 0.049351685 0.019956157 -0.12207167 -0.26211405 -0.20017768 0.0982836 0.30552316 0.42149958 0.2276263 0.05870601 0.20263813 0.31069222 0.27549165 0.48010182 0.37645477 0.14458455 0.2708364 0.2019456 0.09913588 -0.026525019 -0.08107784 -0.13358533 0.1433322 0.06779217 -0.009457817 0.031608045 0.11664804 0.29177222 0.732453 0.50851196 0.18936211 0.17446046 -0.015527302 -0.10783364
0.655403 0.15977053 -0.2909517 -0.03789277 -0.17150214 0.027836615 0.08773559 0.17616346 0.41333497 0.38277936 0.38462535 0.50351834 0.57587916 0.49304187 0.37088957 0.23554055 0.06967544 0.04974437 -0.06434933 0.081371844 -0.010622425 -0.033524755 -0.0052102264 -0.022847248 0.016035572 0.036435228 -0.044127848 -0.112420395 -0.03475828 0.17013562 0.37985533 0.26594615 0.057685018 0.21615784 0.24872342 0.13948251 0.27123398 0.4126676 0.5108589 0.30150616 0.12024544 0.2342267 0.34238523 0.09433047 -0.18045844 -0.26314923 -0.114925355 0.21643369 0.32645062 0.3173766 0.21860087 0.19758964 0.60942495 0.5467182 0.13381398 0.053016316 -0.04559888 -0.15640081
0.46875113 0.033970386 -0.40176162 -0.1397843 -0.115644686 -0.018443871 0.13253741 0.22653918 0.4073443 0.36068764 0.42254356 0.54453874 0.5464146 0.45000058 0.35843924 0.2689385 0.044210624 -0.041443482 -0.12629817 -0.047670282 0.018910138 -0.0982069 -0.041591648 0.025180385 -0.0028982295 0.024133584 0.06353563 0.073684014 0.10561462 0.17413887 0.17219573 0.04490987 0.2497142 0.20037581 0.144791 0.08425124 0.16140532 0.21918708 0.3586637 0.32752135 0.33553347 0.1524074 0.017306633 0.32147208 0.03554792 -0.25396973 -0.26020482 -0.008173527 0.19026719 0.22636096 0.12595071 0.015199323 0.49553034 0.48085207 0.09388633 -0.1195564 0.05895677 -0.19613083
0.5132382 -0.104703225 -0.46582198 -0.077365026 -0.02924816 0.01801155 0.15526353 0.29696235 0.36672294 0.37312096 0.49266464 0.5648779 0.5594249 0.5153107 0.41823664 0.23743637 -0.030868001 -0.15614101 -0.18074287 -0.1238701 0.04183099 -0.04567825 -0.075287685 -0.031491842 0.07894194 0.10721945 0.094059825 0.04565648 0.018404055 0.022249298 -0.02817126 0.06987155 0.24346991 0.18204497 0.13943774 0.08716787 0.31578353 0.38177308 0.28713435 0.26499754 0.4225546 0.17539866 -0.036385797 -0.062877305 0.28769225 0.08834297 -0.009053007 0.06019322 0.181459 0.234707 0.17735295 0.21167548 0.39556074 0.3068656 -0.008939946 -0.22785774 0.030669486 -0.2138287
0.5514088 -0.14593942 -0.51475644 -0.06832221 -0.049898516 0.04470278 0.1918733 0.28791744 0.3210479 0.45345226 0.5511301 0.5461321 0.628396 0.5354737 0.40524986 0.19252306 -0.120574825 -0.23524551 -0.24683116 -0.15142816 0.025799997 -0.0357566 -0.05389289 0.092934705 0.080500565 0.008640731 0.14900535 0.20699292 0.09888084 -0.0349407 -0.0749846 0.08052768 0.10638638 0.16825147 0.18312259 0.19399033 0.23398499 0.23024887 0.4087852 0.35999528 0.3723368 0.36725333 0.0040570875 -0.122367464 -0.123403795 0.07182544 0.16625644 0.23428874 0.27623945 0.23839805 0.20530933 0.24366719 0.26530817 0.08572906 -0.1497002 -0.25885847 -0.3238651 -0.2496576
0.47116598 -0.027784796 -0.5328061 -0.14693831 -0.03304561 0.11014269 0.275126 0.2732184 0.28339446 0.41209942 0.56057715 0.64396244 0.6138031 0.4780364 0.31951362 0.13829033 -0.16095404 -0.2958529 -0.33592343 -0.16824134 -0.004002592 -0.040117614 0.021619653 0.046136484 0.024342323 0.059250984 0.14804062 0.13406758 0.13776742 0.074841365 0.08972616 0.17510834 0.17889811 0.12946132 0.15101804 0.25296137 0.37268963 0.36243615 0.121669866 0.23215064 0.24933386 0.3922852 0.23650268 -0.06992175 -0.037747655 0.09013105 0.18223237 0.2709106 0.30692685 0.29376894 0.24212447 0.26266626 0.17311853 -0.03866549 -0.24300565 -0.26990864 -0.31629774 -0.26340201
0.30814144 0.08417062 -0.42835858 -0.31801105 0.028873727 0.113504164 0.19954047 0.11644399 0.20168646 0.45128492 0.6680839 0.7114151 0.6122646 0.37354657 0.1913352 0.07824577 -0.21281752 -0.3109663 -0.37229353 -0.23236676 -0.1064494 -0.01557729 -0.027311629 0.042948727 0.072263174 0.060269684 0.06611802 0.057947174 0.12824698 0.13346432 0.08471625 0.08185238 0.19691701 0.09651701 0.13982041 0.36853072 0.49591535 0.40457723 0.27994856 -0.0042942283 0.009314916 0.20811112 0.31451574 0.059307586 -0.062672436 0.11670825 0.2992687 0.395659 0.4280562 0.42930236 0.3748435 0.22671421 0.041183278 -0.13090885 -0.25895137 -0.24117419 -0.20997618 -0.24491878
0.25279713 -0.055755276 -0.20822011 -0.33586124 -0.1098839 -0.036601916 0.08322485 0.036934055 0.22812185 0.5326451 0.7704898 0.75995034 0.48301145 0.22702932 0.09048887 -0.016086107 -0.21324135 -0.22316246 -0.34801945 -0.26019856 -0.12436955 -0.11018386 -0.10507566 0.03665281 0.17862327 0.055005793 0.02396543 0.054333698 0.10384821 0.114755325 0.21954083 0.21024375 0.17850883 0.19474806 0.3097645 0.46581104 0.3909925 0.32054982 0.17827857 0.019397127 -0.12623304 -0.08706629 0.17415063 0.063767366 0.046542488 0.14661644 0.37117872 0.53802824 0.56896377 0.5341146 0.36483124 0.12904459 -0.008480772 -0.15962648 -0.17493095 -0.14820975 -0.055905953 -0.07202097
0.14836164 -0.17411582 -0.23519063 -0.24688281 -0.2304027 -0.03418661 -0.0064989333 0.011797834 0.281348 0.6014275 0.8024111 0.74031603 0.36063886 0.11821677 -0.0033513012 -0.12617926 -0.15268429 -0.12533152 -0.30566764 -0.23582642 -0.16726945 -0.18443562 -0.08960306 0.022325406 0.1215655 0.07760441 0.012177439 0.031136684 0.111293085 0.23726662 0.21046145 0.2369832 0.24911289 0.3066688 0.37044924 0.42229876 0.39789677 0.20809256 0.03589122 -0.056080554 -0.18579419 -0.2861103 -0.19618775 -0.1120989 -0.053917725 0.23347656 0.44383872 0.6484072 0.62678635 0.524282 0.28735274 0.0759288 -0.08948642 -0.14945586 -0.104753256 -0.014377751 -0.031242235 -0.051688466
0.00089505647 -0.23716965 -0.20536104 -0.27183098 -0.20661746 -0.029358173 0.048079763 0.12092092 0.37993458 0.7173511 0.83554316 0.64292717 0.287227 0.07938706 -0.09151781 -0.17925985 -0.13085254 -0.14618719 -0.2283387 -0.2292993 -0.1920888 -0.14711347 -0.05935558 0.016263291 0.07099302 0.16960472 0.19066946 0.21617433 0.20258668 0.21352945 0.2164104 0.2251558 0.25307766 0.28635406 0.30549693 0.28479967 0.25982088 0.16707611 0.03382902 -0.17235838 -0.26693386 -0.33114886 -0.39687526 -0.2625045 -0.16204931 0.20276071 0.4915351 0.687553 0.6463584 0.5011925 0.19196104 -0.010844356 -0.0780699 -0.039913457 -0.06445616 -0.012577223 -0.0024997485 -0.035989445
-0.15082383 -0.21280919 -0.2535625 -0.22758113 -0.052583113 0.029532967 0.08001518 0.22204047 0.43551463 0.8233458 0.8085663 0.48533842 0.23131825 0.016005674 -0.11456315 -0.22025454 -0.1320616 -0.18201612 -0.17598408 -0.25625893 -0.2115531 -0.12366539 -0.076006934 -0.014080298 0.07864713 0.1803631 0.1897261 0.21589814 0.3013921 0.35166997 0.34385675 0.2694586 0.23767361 0.2506159 0.26724365 0.23919722 0.21786733 0.18976459 0.074029386 -0.11284777 -0.32672152 -0.38410023 -0.46641856 -0.46371004 -0.15218031 0.1878946 0.48308048 0.6144943 0.5723346 0.36967748 0.07303033 -0.06283958 -0.037709434 0.010515152 -0.00743892 -0.065709114 -0.09901759 -0.11608626
-0.2524866 -0.27863222 -0.32180312 -0.1518239 0.0043122894 0.11737089 0.22668946 0.23729178 0.63062257 0.9139484 0.6648009 0.35850278 0.20503317 0.057291556 -0.11058433 -0.23807186 -0.14569527 -0.14396623 -0.15428786 -0.30876347 -0.22692305 0.0024695883 0.027643146 0.19105987 0.30526707 0.28230804 0.10090798 0.34113675 0.47524485 0.52062356 0.2972853 0.32138202 0.36492518 0.3015509 0.17572145 0.17502508 0.10340618 0.19651462 0.10907838 0.015647497 -0.18853416 -0.3995568 -0.4476088 -0.45518696 -0.31947982 0.028177042 0.34905633 0.41104373 0.4446414 0.25326693 0.0350838 -0.011859341 0.05155392 -0.014999765 -0.083121575 -0.12561397 -0.16332272 -0.049142025
