static/data/seaWind_vo/2023/7/1/12.asc
ncols 137
nrows 93
xllcorner 108.0
yllcorner 17.0
cellsize 0.25
NODATA_value -32767
[rows 60 to 79 of 93, columns 86 to 128 of 137]
5.503730048043021 5.252843740885661 4.917438996919968 4.680787373856641 4.518867842286997 4.289333561270688 4.00908821816938 3.7537535722326325 3.4147901572434316 3.269774313035453 3.15144850150379 3.1158617912687028 3.189704215006508 3.246642951382647 3.221732254218086 3.0980684361511597 2.834726780411518 2.6416688773861727 2.4566179841637217 2.2715670909412706 2.0882955332305744 1.9521763665813676 1.8009328480822488 1.5883022544276058 1.4103687032521721 1.340084950537876 1.2270971455414756 1.1238956858597242 0.984217848187009 0.809842968035084 0.639916426662545 0.5295976249337762 0.35077440600246534 0.09632942782159537 -0.1919229250826069 -0.3956568411784782 -0.4597129196016345 -0.5122033171983875 -0.441919564484091 -0.4187882028312848 -0.36095979869926875 -0.35028378562874307 -0.3929878379108471
5.184339323683118 4.863169263811461 4.5277645198457686 4.199477117927094 4.0135365569487655 3.8133613118764025 3.603399721489391 3.348954743308521 3.2484222868944013 3.1389931529215094 3.12297913331572 3.189704215006508 3.254649961185541 3.25198095791791 3.227070260753349 3.062481725916073 2.783126050570642 2.5260120691221406 2.250215064800219 2.066053839333645 1.944169356778473 1.8142778644204065 1.6514686650948849 1.404141028961032 1.2119727936915639 1.0278115682249902 0.9139340954727126 0.8222983166173643 0.7208761924473672 0.6123367262303527 0.5767500159952661 0.46643121426649725 0.2787113177764149 0.015369662036773146 -0.34761478236111154 -0.5869354086920695 -0.636756803021191 -0.574480060109789 -0.5033066396396157 -0.4819546134985635 -0.46949926491628347 -0.531776007827685 -0.6616675001857515
4.800892520900058 4.476163790004893 4.1576627334008665 3.832044334749823 3.6122963990481627 3.4183488282669403 3.2199529187063316 3.0829440843012477 2.992197973201777 3.0233363446574777 3.0660403969395817 3.137213817409755 3.121199797803966 3.114082455756949 2.9948669764694085 2.822271431829238 2.60786150266284 2.3240574885380236 2.0411431421690844 1.9085826465433864 1.7893671672558458 1.631895974465587 1.4317207293932244 1.170158409165337 0.9174927664962214 0.7279935344943846 0.6470337687095622 0.5678533384364943 0.5811983547746518 0.6408060944184222 0.6336887523714048 0.603440048671581 0.4148304844256214 0.11323311518326173 -0.27555169413506064 -0.4899616233014581 -0.5015273041278614 -0.43747122570470554 -0.5166516559777734 -0.5130929849542647 -0.6625571679416287 -0.8075730121496072 -0.9232298204136389
4.433459737722789 4.259084857570864 3.957487488328504 3.6968148358564936 3.4370318511403606 3.227959928509226 2.9913083054458998 2.866754819623096 2.8009194056881856 2.86230648084371 2.902341529858183 2.8907758490317796 2.863196148599587 2.7573256856502044 2.6149788447098574 2.462845658454862 2.3142711432233747 2.03936380665733 1.8792236105994398 1.7520011215090048 1.6336753099773413 1.4762041171870828 1.2306558165649844 0.9406241281490277 0.6737238013858773 0.5118042698162328 0.438851513834305 0.5171422763514957 0.6265714103243873 0.7635802447294713 0.8320846619320132 0.8187396455938556 0.7297728700061388 0.42906516851965626 0.11768145396264762 -0.0353414000482255 -0.07181777803918932 -0.20882661244427325 -0.3253730884641821 -0.5557970372363688 -0.8191386929760105 -1.0015205829308296 -0.8787464326197805
4.195918446903585 4.100723997024728 4.017095227972274 3.851617025379121 3.6799111484948277 3.3605204241349242 3.0544747161131784 2.857858142064324 2.7680016987207305 2.6692485778183648 2.6541242259684528 2.586509476521788 2.4495006421167043 2.3285058273174095 2.231532041926798 2.1425652663390813 1.9842044057929455 1.721752417809181 1.6541376683625164 1.6105439483245352 1.4895491335252402 1.302718904791035 1.06873628499534 0.8187396455938556 0.6052193841833353 0.4717692208017603 0.48511423713991775 0.6069987196950897 0.7626905769735941 0.884575059528766 0.984217848187009 1.0740742915306027 1.042935920074902 0.8516573525613109 0.6203437360332473 0.41838915544913013 0.22444158466790753 0.007362652233878553 -0.27555169413506064 -0.604728763809613 -0.8698497550610087 -0.8396010513611851 -0.5753697278656662
4.08737898068657 4.134531371748061 4.160331736668498 4.098944661512974 3.9735015079342926 3.676352477471319 3.3881001245671163 3.1541175047714214 2.919245217219849 2.638999874118541 2.4503903098725814 2.3222781530262693 2.1443446018508356 2.0171221127604007 1.9201483273697895 1.7973741770587401 1.6060956095451493 1.4664177718724338 1.4530727555342764 1.4317207293932244 1.3427539538055075 1.1897310997946347 1.0046802065721838 0.8125119713027156 0.6319094168596504 0.5731913449717574 0.6425854299301765 0.7680285835088572 0.8374226684672761 0.9103754244492039 1.0616189429483225 1.1746067479447229 1.1621513993624424 1.000231867792798 0.772476922288243 0.46732088202237443 0.19063420994457525 -0.09583880744787265 -0.3698564762580405 -0.5664730503068949 -0.5958320862508413 -0.3493941178728659 -0.10918382378603031
4.1131793456070085 4.243070837965075 4.2679815351296355 4.153214394621481 4.0233229022634145 3.896100413172979 3.72617387180044 3.461942548304921 3.141662156189141 2.8418441224585353 2.553591769554333 2.284022439523551 2.0589364972866275 1.880113278355317 1.7600081313118991 1.631895974465587 1.4788731204547143 1.3605473089230509 1.2475595039266505 1.1879517642828803 1.1212266825920927 1.0189148906662184 0.9237204407873614 0.8329743296878904 0.7110898471327183 0.6843998144564034 0.7324418732737703 0.7876012741381548 0.8151809745703471 0.8676713721670999 0.931727450590256 0.9673141608253426 0.8916924015757834 0.7368902120531562 0.49312124694281234 0.26091796265887135 0.024266339595544917 -0.1661225601621692 -0.3253730884641821 -0.3004623912996216 -0.1696812311856779 0.042059694713088014 0.10077776660098126
4.1879114371006905 4.223498147335777 4.0526819382073604 3.8818657290789442 3.7528639044767553 3.7386292203827205 3.7395188881385977 3.7430775591621064 3.5037569328311484 3.21105624114756 2.8649754841113415 2.5366880821926667 2.2012833382269745 1.9575143731166305 1.6968417206446205 1.525135843760327 1.3480919603407706 1.2110831259356867 1.1034333274745494 1.016245887398587 0.9486311379519221 0.9085960889374496 0.8650023688994684 0.8027256259880666 0.7609112414618397 0.71998652469149 0.6719444658741229 0.6692754626064914 0.6843998144564034 0.7297728700061388 0.7217658602032444 0.5865363613099148 0.46998988529000596 0.3828024452140435 0.2520212851000996 0.11145377967150738 -0.06825910701568061 -0.22928897082944788 -0.2764413618909378 -0.23729598063234247 -0.14743953728874848 -0.14032219524173106 -0.14477053402111695
4.1380900427715686 4.000191540610608 3.8222579894351743 3.703042510147634 3.618524073339303 3.5687026790101815 3.720835865265177 3.7582019110120184 3.7332912138474574 3.47172889361957 3.1719108598889645 2.8489614645055528 2.4868666878635453 2.076729852404171 1.7920361705234773 1.531363518051467 1.32940893746735 1.1425787087331447 0.9415137959049049 0.8480986815378022 0.7938289484292951 0.783152935358769 0.809842968035084 0.804504961499821 0.7626905769735941 0.667496127094737 0.603440048671581 0.4966799179663208 0.4753278918252688 0.4682105497782516 0.3445467317113251 0.2137655715973814 0.12924713478905048 0.08387407923931489 0.06430138861001744 -0.057583093945154484 -0.23017863858532506 -0.34672511460523436 -0.3894291668873384 -0.4383608934605827 -0.4161191995636533 -0.41700886731953046 -0.35028378562874307
3.831154666993946 3.7537535722326325 3.693256164832985 3.652331448062635 3.6283104186539514 3.576709688813076 3.6487727770391265 3.7528639044767553 3.771546927350176 3.60073071822176 3.3436167367732583 3.056254051624933 2.7386426627767837 2.3845548959376712 2.0464811487043475 1.7866981639882142 1.5340325213190986 1.2689115300677025 0.9975628645251664 0.7867116063822777 0.6950758275269293 0.6790618079211403 0.6915171565034206 0.6870688177240347 0.6514821074889481 0.5082455987927241 0.348995070490711 0.21732424262089012 0.16483384502413712 0.11145377967150738 0.0038039812103698445 -0.07982478784208391 -0.06292110048041755 -0.046907080874628804 -0.12163917236831079 -0.26131701004102625 -0.4267952126341794 -0.5130929849542647 -0.5700317213304031 -0.5798180666450521 -0.5513486984569829 -0.4686095971604063 -0.31291773988190164
3.5099846071222887 3.485963577713605 3.4993085940517625 3.5429023140897433 3.614075734559917 3.591834040662988 3.516212281413429 3.533115968775095 3.546460985113252 3.4939705875164995 3.280450326105979 3.1870352117388765 2.9503835886755496 2.7306356529738895 2.480639013572405 2.2528840680678504 2.0891852009864516 1.7626771345795307 1.2938222272322633 0.9815488449193774 0.7368902120531562 0.5803086870187746 0.544721976783688 0.3890301195051835 0.31785669903501024 0.1924135454563296 0.06341172085414026 -0.03890007107173421 -0.08071445559796109 -0.14743953728874848 -0.12608751114769667 -0.12786684665945103 -0.07359711355094367 -0.10295614949489007 -0.24708232594699142 -0.40989152527251305 -0.5380036821188252 -0.5762593956215434 -0.6002804250302272 -0.4935202943249668 -0.29512438476435854 -0.09939747847138136 0.15860617073299732
3.2564292966972954 3.2724433163030846 3.2884573359088733 3.2884573359088733 3.359630756379047 3.2777813228383477 3.1816972052036134 3.00999132831932 3.004653321784057 2.9841909633988823 3.0695990679630905 2.9859702989106367 3.0082119928075657 2.8996725265905514 2.7671120309648534 2.670138245574242 2.523343065854509 2.2172973578327637 1.7288697598561984 1.2938222272322633 0.8863543950405204 0.6416957621742994 0.3267533765937818 0.16394417726825994 -0.010430702883664544 -0.1332048531947141 -0.15277754382401154 -0.14210153075348542 -0.17857790874444968 -0.15722588260339743 -0.13498418870646844 -0.08516279437734697 -0.03978973882761139 -0.14743953728874848 -0.3218144174406734 -0.48462361676619503 -0.531776007827685 -0.5673627180627716 -0.382311824840321 -0.12964618217120538 0.2146552393532586 0.6372474233949135 0.8881337305522747
3.037571028751512 3.0589230548925643 3.0028739862723026 2.9539422596990583 2.7991400701764313 2.6772555876212594 2.477970010304774 2.194165996179957 2.1745933055506597 2.272456758697148 2.4076862575904774 2.571385124671876 2.6292135288038923 2.693269607227048 2.7297459852180124 2.5838404732541567 2.1799313120859223 1.8694372652847908 1.7973741770587401 1.5064528208869064 1.1568133928271795 0.8062842970115753 0.401485468087464 0.07230839841291203 -0.12074950461243361 -0.2150542867354135 -0.20882661244427325 -0.13498418870646844 -0.11007349154190749 -0.07181777803918932 -0.0647004359921719 -0.02644472248945373 -0.11985983685655643 -0.28000003291444653 -0.4303538836576881 -0.47038893267216064 -0.49974796861610704 -0.2666550165762893 0.012700658769141615 0.4344031750549191 0.9308377828343788 1.3961340191581377 1.5206875049809412
2.857858142064324 2.7528773468708185 2.722628643170995 2.6292135288038923 2.40056891554346 2.1105372271275034 1.8320712195379498 1.5411498633661158 1.404141028961032 1.4762041171870828 1.748442450485496 2.001997760910489 2.0633848360660134 2.182600315353554 2.288470778302937 1.917479324102158 1.4112583710080493 1.191510435306389 1.2644631912883169 1.439727739196119 1.308946579082175 1.0091285453515695 0.6541511107565796 0.30984968923211564 0.06786005963352615 -0.03801040331585703 -0.025555054733576554 -0.015768709418927607 -0.03801040331585703 -0.06203143272454037 -0.09050080091261004 -0.15722588260339743 -0.307579733346639 -0.4303538836576881 -0.48818228778970374 -0.4686095971604063 -0.26220667779690343 0.09721909557747255 0.6488131042213166 1.160372063850688 1.510011491910415 1.6221096291509383 1.689724378597603
2.8204920963174835 2.5785024667188936 2.506439378492843 2.4877563556194224 2.4023482510552143 2.1728139700389053 1.8080501901292663 1.5028941498633976 1.2947118949881404 1.3365262795143673 1.647020326315499 1.8934582946934744 1.8338505550497042 1.73153876312383 1.547377537657256 1.1594823960948109 0.8747887142141173 0.8427606750025392 1.0020112033045523 1.1319026956626188 1.0402669168072705 0.8534366880730653 0.597212374380441 0.3027323471850982 0.03761135593370213 -0.12163917236831079 -0.11185282705366184 -0.09050080091261004 -0.1020664817390129 -0.14566020177699412 -0.19815059937374713 -0.2586480067733947 -0.3413871080699713 -0.38053248932856665 -0.4152295318077761 -0.33604910153470824 0.0171489975485275 0.6194540682773702 1.2671321945559482 1.6407926520243588 1.7448837794619874 1.732428430879707 1.801822515838126
2.8480717967496756 2.6781452553771365 2.5838404732541567 2.60786150266284 2.638999874118541 2.50110137195758 2.212849019053378 1.9850940735488227 1.9201483273697895 2.0126737739810148 2.1817106475976766 2.1692552990153966 1.9904320800840858 1.7724634798941796 1.3178432566409468 0.9468518024401678 0.8445400105142935 0.9014787468904322 0.9726521673606057 0.931727450590256 0.7004138340621924 0.4041544713550955 0.13814381234782225 -0.06825910701568061 -0.21683362224716785 -0.23729598063234247 -0.2435236549234827 -0.28266903618207806 -0.26754468433216605 -0.25331000023813166 -0.2150542867354135 -0.2070472769325189 -0.21327495122365914 -0.25686867126164037 -0.29156571374084983 -0.12252884012418797 0.3151876957673787 0.9441827991725362 1.47709378494296 1.657696339386025 1.7680151411147937 1.8525335779231247 1.996659754375226
2.9610596017460757 2.7964710669087998 2.7208493076592406 2.721738975415118 2.698607613762311 2.468183664990125 2.1630276247242564 1.9948804188634717 2.14612393736259 2.218187025588641 2.221745696612149 2.156799950433116 1.9931010833517173 1.8080501901292663 1.551825876436642 1.4441760779755046 1.3472022925848934 1.3463126248290163 1.355209302387788 1.2431111651472648 1.064287946215954 0.7840426031146461 0.3783541064346576 0.08921208577457795 -0.13142551768295974 -0.1581155503592746 -0.20170927039725584 -0.2808897006703237 -0.22928897082944788 -0.10117681398313572 -0.0353414000482255 -0.03267239678059397 -0.057583093945154484 -0.13765319197409998 -0.14477053402111695 0.11323311518326173 0.639916426662545 1.2217591390062128 1.4895491335252402 1.5722882348218168 1.657696339386025 1.7244214210768125 1.8160571999321609
2.9228038882433576 2.8480717967496756 2.7635533599413447 2.713731965612223 2.538467417704421 2.2395390517296927 1.997549422131103 1.9308243404403154 2.0322464646103127 2.0678331748453993 1.9673007184312794 1.8685475975289136 1.7226420855650582 1.5883022544276058 1.514459830689801 1.5633915572630452 1.5616122217512909 1.5233565082485727 1.4290517261255928 1.2680218623118253 1.0811916335776202 0.878347385237626 0.624792074812633 0.3605607513171143 0.12924713478905048 0.015369662036773146 -0.07537644906269803 -0.11985983685655643 -0.030893061268839617 0.09455009230984102 0.14081281561545378 0.06163238534238591 -0.005982364104279103 -0.07804545233032956 -0.005092696348401926 0.3890301195051835 0.8667817044112227 1.266242526800071 1.4664177718724338 1.5117908274221694 1.5500465409248876 1.5375911923426073 1.4646384363606795
2.7946917313970454 2.8231610995851146 2.7368633272650293 2.6514552227008212 2.4174726029051263 2.05181915523961 1.8338505550497042 1.7938155060352317 1.774242815405934 1.7395457729267245 1.6763793622594454 1.5749572380894483 1.4210447163226982 1.330298605223227 1.3311882729791042 1.3996926901816462 1.451293420022522 1.4023616934492777 1.2751392043588428 0.9797695094076231 0.7546835671706995 0.5749706804835117 0.48422456938404057 0.39525779379632375 0.26091796265887135 0.10166743435685843 0.08298441148343771 0.07141873065703486 0.12212979274203306 0.18351686789755783 0.1808478646299263 0.1070054408921215 0.044728697980719545 0.08654308250694642 0.2475729463207137 0.5536186543424597 1.0322599070043759 1.2270971455414756 1.3694439864818224 1.4326103971491015 1.4050306967169093 1.2537871782177907 1.042935920074902
2.7430910015561696 2.7715603697442392 2.676365919865382 2.584730141010034 2.3445198469231987 2.0206807837839094 1.7920361705234773 1.6229992969068154 1.6034266062775178 1.566950228286554 1.5020044821075205 1.3009395692792807 1.1363510344420047 1.0767432947982343 1.0829709690893745 1.1612617316065652 1.2190901357385813 1.170158409165337 1.0998746564510407 0.8036152937439438 0.5687430061923715 0.3650090900965002 0.3231947055702733 0.3676780933641315 0.2626972981706257 0.19508254872396114 0.1772891936064176 0.21999324588852165 0.2715939757293975 0.20753789730624117 0.17817886136229477 0.1550474997094886 0.1434818188830853 0.23511759773843366 0.41394081666974425 0.7208761924473672 0.8249673198849958 1.0198045584220956 1.1319026956626188 1.186172428771126 1.0447152555866563 0.7644699124853485 0.5269286216661446
