static/data/seaWind_vo/2023/7/1/6.asc
ncols 137
nrows 93
xllcorner 108.0
yllcorner 17.0
cellsize 0.25
NODATA_value -32767
[rows 57 to 75 of 93, columns 0 to 43 of 137]
5.144304274668645 5.35960387159092 4.598048272560065 3.8969900809288562 3.671014470936056 3.626531083142197 4.595379269292433 4.203925456706479 3.6176344055834257 3.3302717204351007 3.199490560321157 2.8053677444675715 2.0464811487043475 2.5091083817604747 3.1861455439829993 3.4121211539758 3.2760019873265933 2.9450455821402866 2.9263625592668663 3.0357916932397577 2.9094588719052004 2.500211704201703 2.198614334959343 2.1763726410624136 2.284022439523551 2.45394898089609 2.930810898046252 3.058033387136687 2.766222363208976 2.4272589482197753 2.4361556257785466 2.2804637685000424 1.9521763665813676 2.0073357674457517 2.1318892532685556 1.8898996236699657 1.471755778407697 1.6060956095451493 1.848974906899616 1.9850940735488227 2.0464811487043475 2.0126737739810148 2.028687793586804 2.4041275865669687
4.5073021614605935 4.793775178853041 4.884521289952513 4.28221621922367 3.784002275932456 3.6594487901096526 4.687904715903659 4.148766055842095 3.6274207508980743 3.4245765025580805 3.292016006932382 2.966397608281339 2.534019078925035 3.009101660563443 3.3382787302379953 3.280450326105979 2.6060821671510856 2.3080434689322344 2.845402793482044 3.094509765127651 2.9601699339901986 2.7617740244295903 2.549143430774947 2.4067965898346 2.1745933055506597 2.2697877554295163 2.4975427009340714 2.6683589100624876 2.6149788447098574 2.3329541660967954 1.9993287576428573 2.001997760910489 1.8854512848905798 1.9690800539430338 1.9931010833517173 1.5562742152160278 1.2724702010912112 1.5794055768688342 1.764456470091285 1.8694372652847908 1.976197395990051 2.1372272598038182 2.405906922078723 2.7439806693120468
3.6496624447950037 3.6781318129830733 3.8142509796322797 3.810692308608771 3.387210456811239 3.784002275932456 4.47082578346963 3.9441424719903466 3.5028672650752712 3.286678000397119 3.212835576659314 2.9859702989106367 2.86853415513485 3.167462521109579 3.421017831534572 3.3187060396086974 2.7626636921854675 2.8382854514350266 3.232408267288612 3.0179983381222146 2.420141606172758 2.2849121072794283 2.481528681328282 2.4753010070371424 2.1852693186211853 2.161248289212502 2.292919117082323 2.3916722379846886 2.3427405114114443 2.3320644983409182 2.029577461342681 1.9895424123282086 2.071391845868908 2.1309995855126784 1.854312913434879 1.349871295852525 0.8765680497258717 1.07496395928648 1.372112989749454 1.790256835011723 1.9788663992576825 2.368540876331882 2.7564360178943272 3.421017831534572
3.2101665733916827 3.216394247682823 2.9957566442252856 3.010880996075197 3.452156202990272 3.9423631364785923 4.190580440368322 3.9512598140373636 3.421907499290449 3.0642610614278274 2.9895289699341454 2.9610596017460757 2.8640858163554643 3.1300964753627376 3.1114134524893173 3.0117706638310744 2.861416813087833 2.9005621943464286 3.1389931529215094 2.8809895037171307 2.3747685506230223 2.2386493839738155 2.4245899449521437 2.3285058273174095 2.098081878545223 2.019791116028032 2.0206807837839094 2.118544236930398 2.3142711432233747 2.367651208576005 2.219076693344518 2.0375844711455757 2.0313567968544355 1.8249538774909326 1.5384808600984845 1.2689115300677025 0.8445400105142935 0.8454296782701707 1.1221163503479699 1.5616122217512909 2.3987895800317056 2.9183555494639717 3.735960217115089 4.67811837058901
3.235966938312121 3.4886325809812364 3.220842586462209 3.179917869691859 3.6238620798745655 3.8622930384496468 4.005529547145871 3.9468114752579777 3.162124514574316 2.80269874119994 2.8213817640733607 2.8089264154910802 2.8471821289937984 3.1203101300480887 3.019777673633969 2.6639105712831017 2.5126670527839834 2.405017254322846 2.6043028316393313 2.622985854512752 2.6817039264006453 2.5455847597514385 2.4601766551872304 2.3089331366881116 2.2012833382269745 2.05181915523961 2.034915467877944 1.9272656694168069 2.1221029079539067 2.162137956968379 2.0375844711455757 1.83829889382909 1.658586007141902 1.4504037522666449 1.2315454843208615 1.0287012359808674 0.7618009092177169 0.7021931695739467 0.9584174832665711 1.78491882847646 2.622985854512752 4.102503332536482 5.276864770294344 6.038420369325199
3.7172771942416682 4.06869595781315 4.020653898995783 3.9557081528167495 4.017984895728151 4.060688948010255 4.038447254113326 3.8178096506557884 2.9423765788726555 2.7110629623445917 2.7386426627767837 2.8044780767116944 2.9655079405254616 3.1550071725272986 2.8311681093880092 2.468183664990125 2.420141606172758 2.2964777881058316 2.2973674558617088 2.3569751955054787 2.515336056051615 2.489535691131177 2.4041275865669687 2.3898929024729343 2.320498817514515 2.1398962630714498 2.0891852009864516 1.960183376384262 1.8240642097350555 1.7813601574529514 1.5189081694691868 1.5117908274221694 1.3472022925848934 1.117668011568584 0.8961407403551693 0.8952510725992922 0.7529042316589452 0.8383123362231533 1.1078816662539352 1.9726387249665422 3.3569617531114155 5.093593212583647 6.156746180856863 6.423646507620013
4.409438708314105 4.455701431619717 4.429011398943403 4.639862657086292 4.780430162514884 4.689684051415413 4.414776714849368 3.795567956758859 2.914796878440463 2.7564360178943272 3.0295640189486175 3.142551823945018 3.0553643838690556 2.9050105331258145 2.7244079786827493 2.5678264536483675 2.5891784797894197 2.5989648251040687 2.405906922078723 2.1425652663390813 2.1372272598038182 2.1443446018508356 2.1016405495687316 2.188827989644694 1.954845369848999 1.8480852391437388 1.901465304496369 2.018011780516278 1.8979066334728603 1.4121480387639265 1.026921900469113 1.1879517642828803 1.1514753862919165 0.905927085669818 1.0180252229103413 1.1372407021978816 1.4762041171870828 1.6399029842684816 1.9210379951256666 2.8863275102523938 4.287554225758933 5.20569134982417 5.517964732137056 5.729705658035822
4.438797744258052 4.46103943815498 4.270650538397267 4.556233888033837 4.925446006722862 4.944129029596283 4.808009862947076 3.910335097267014 3.137213817409755 3.0491367095779154 3.332051055946855 3.364079095158433 3.0544747161131784 2.824050767340992 2.638999874118541 2.316940146491006 2.019791116028032 2.050929487483733 2.279574100744165 2.4290382837315296 2.547364095263193 2.5366880821926667 2.3747685506230223 2.0598261650425047 1.7404354406826017 1.8525335779231247 2.1425652663390813 2.336512837120304 2.104309552836363 1.3854580060876116 0.6425854299301765 0.6283507458361417 0.8125119713027156 1.1381303699537588 1.5402601956102386 1.8827822816229485 2.2057316770063604 2.166586295747765 2.4610663229431076 3.4548252062579037 4.3427136266233175 4.732388103697517 4.816016872749971 5.73682300008284
4.5971586048041875 4.295561235561827 4.02154356675166 4.235953495918057 4.5624615623249785 4.584703256221907 4.591820598268924 3.916562771558154 3.2582086322090498 3.0286743511927408 3.010880996075197 2.8943345200552884 2.8596374775760784 2.9379282400932696 2.5411364209720526 1.9041343077640005 1.4548520910460305 1.5500465409248876 2.150572276141976 2.778677711791256 3.0455780385544067 2.9494939209196724 2.5722747924277534 2.1069785561039946 1.906803311031632 2.2386493839738155 2.511777385028106 2.459286987431353 2.08651619771882 1.6390133165126044 1.578515909112957 1.355209302387788 1.2617941880206853 1.6256683001744467 2.1274409144891697 2.3667615408201277 2.437934961290301 2.4566179841637217 2.698607613762311 2.982411627887128 3.300912684491154 3.811581976364648 4.755519465350323 6.083793424874935
4.578475581930767 3.9441424719903466 3.5749303533013217 3.915673103802277 4.385417678905421 4.368513991543756 4.1096206745835 3.7057115134152654 3.032233022216249 2.6665795745507332 2.627434193292138 2.727076981950381 2.7092836268328373 2.4512799776284586 2.2973674558617088 2.367651208576005 2.336512837120304 2.284022439523551 2.3053744656646034 2.586509476521788 2.6398895418744184 2.528681072389772 2.260891077870745 1.9192586596139123 1.6310063067097098 1.711966072494532 2.082067858939434 2.1149855659068892 1.8205055387115467 1.689724378597603 2.09274387200996 2.066053839333645 1.5215771727368184 1.4210447163226982 1.7395457729267245 2.3818858926700397 3.2083872378799283 3.142551823945018 2.9850806311547595 2.8284991061203777 3.1808075374477363 4.366734656032001 5.81511376260003 6.937874470517016
4.2982302388294595 4.037557586357449 3.609627395780531 3.8614033706937696 4.209263463241742 4.151435059109726 3.7697675918384217 3.555357662672024 2.9388179078491468 2.6256548577803835 2.627434193292138 2.797360734664677 2.6158685124657346 2.2769050974765337 2.218187025588641 2.277794765232411 2.3658718730642505 2.3667615408201277 2.1763726410624136 1.9370520147314556 2.0971922107893457 2.1425652663390813 1.9530660343372448 1.8391885615849672 1.669262020212428 1.4984458110840118 1.4922181367928717 1.5776262413570799 1.5722882348218168 1.5286945147838356 1.621219961395061 1.886340952646457 1.9352726792197013 2.2066213447622376 2.5304604079015265 2.8587478098202013 3.0607023904043187 2.7849053860823965 3.0607023904043187 3.2955746779558908 4.284885222491302 5.5063990513106535 6.608697400842464 7.33555595739411
4.144317717062709 4.3578379784732295 4.022433234507537 3.995743201831222 4.256415854303232 4.144317717062709 3.7866712792000876 3.5277779622398318 3.444149193187378 3.1354344818980007 2.95661126296669 2.882768839228885 2.590957815301174 2.364092537552496 2.336512837120304 2.346299182434953 2.4041275865669687 2.256442739091359 2.0847368622070657 1.8000431803263717 2.1745933055506597 2.260891077870745 2.3507475212143385 2.2822431040117968 1.7199730822974266 1.3169535888850696 1.22264880676209 0.8623333656318368 0.751124896147191 0.9032580824021865 1.0100182131074467 1.5153494984456781 2.6772555876212594 3.0687094002072133 3.2395256093356295 3.117641126780457 2.5544814373102103 2.75554635013845 3.2146149121710685 4.170118081983147 5.184339323683118 6.077565750583795 6.811541649182459 7.360466654558671
4.110510342339377 4.4325700699669115 4.454811763863841 4.43612874099042 4.4770534577607695 4.358727646229107 3.9841775210048187 3.652331448062635 3.555357662672024 3.4646115515725526 3.207497570124051 2.9752942858401106 2.6060821671510856 2.2813534362559196 2.1372272598038182 2.4841976845959137 2.504660042981089 2.2653394166501304 2.166586295747765 2.027798125830927 2.3747685506230223 2.585619808765911 2.8952241878111655 3.342727069017381 2.1390065953155726 1.5829642478923427 1.4326103971491015 1.0998746564510407 0.1550474997094886 0.38458178072579785 0.7546835671706995 1.408589367740418 2.4601766551872304 3.3151473685851887 3.2039388991005424 2.5357984144367895 2.426369280463898 2.9361489045815152 3.7804436049089474 4.668332025274361 5.586469149339598 6.373825113290891 6.813320984694213 7.251037520585779
4.171897417494901 4.511750500239979 4.837368898891023 4.754629797594446 4.7617471396414635 4.548226878230944 4.167449078715515 3.841830680064472 3.688807826053599 3.381872450275976 3.046467706310284 2.8943345200552884 2.618537515733366 2.134558256536187 2.1576896181889933 2.6354412030950325 2.627434193292138 2.5180050593192465 2.490425358887054 2.6505655549449445 2.8151540897822205 3.089171758592388 3.4841842422018505 4.217270473044637 2.91568654619634 2.3240574885380236 2.1372272598038182 1.5180185017133097 0.07052906290115768 0.21109656832974988 0.6497027719771937 1.1301233601508645 1.9592937086283848 2.331174830585041 2.2813534362559196 2.1212132401980295 2.638110206362664 3.296464345711768 4.006419214901748 4.828472221332252 5.621166191818808 6.334679732032296 6.848018027173422 7.318652270032445
4.184352766077182 4.640752324842168 5.031316469672245 4.9619223847138265 4.927225342234617 4.663883686494975 4.203925456706479 3.878307058055436 3.6220827443628116 3.1861455439829993 2.7386426627767837 2.5642677826248588 2.3347335016085498 2.2422080549973242 2.2973674558617088 2.7573256856502044 2.712842297856346 2.801809073444063 3.109634116977563 3.2679949775236987 3.9823981854930643 4.275098877176653 4.46103943815498 4.917438996919968 3.7679882563266673 3.1968215570535254 3.010880996075197 2.075840184648294 0.5295976249337762 0.24223493978545108 0.17995819687404913 0.6212334037891245 1.1256750213714786 1.4655281041165567 1.9041343077640005 2.1852693186211853 2.8738721616701133 3.3400580657497496 4.062468283522009 4.748402123303306 5.539316758278108 6.2199125915241416 6.888053076187894 7.380039345187969
4.221718811824022 4.63096597952752 5.074910189710227 5.108717564433559 4.994840091681281 4.62117963421287 4.185242433833059 3.8124716441205253 3.5171019491693056 2.9388179078491468 2.378327221646531 2.151461943897853 2.220856028856272 2.156799950433116 2.462845658454862 2.958390598478444 3.1968215570535254 3.4005554731493968 3.735960217115089 4.1781250917860415 4.9868330818783875 5.611379846504159 5.858707482638012 5.581131142804335 4.529543855357523 3.7288428750680715 2.6879316006917855 1.5927505932069916 0.5509496510748282 -0.09850781071550418 -0.40544318649312716 0.23244859447080213 0.7297728700061388 1.3587679734112965 1.986873409060577 2.569605789160122 3.137213817409755 3.5598060014514097 3.9868465242724502 4.622069301968748 5.370279884661446 6.107814454283618 6.7786239422150025 7.283955227553234
4.466377444690243 5.071351518686718 5.546434100325126 5.637180211424597 5.239498724547502 4.849824247473303 4.558013223545592 4.16922841422727 3.3898794600788706 2.655903561480207 2.218187025588641 2.3196091497586377 2.474411339281265 2.770670701988362 3.2101665733916827 4.166559410959638 4.655876676692081 4.846265576449794 5.671877253903807 6.130945815936425 5.945005254958097 5.81511376260003 5.3507071940321485 4.600717275827696 3.601620385977637 2.3756582183788995 1.1399097054655132 0.14881982541834837 -0.537114014362948 -0.9250091559253932 -0.5575763727481231 0.3160773635232559 1.2057451194004236 1.9681903861871566 2.6309928643156466 3.084723419813002 3.401445140905274 3.6799111484948277 4.056240609230869 4.5971586048041875 5.344479519741009 6.018847678695902 6.574000358363254 7.075772972677978
5.564227455442669 6.568662351827992 6.89606008599079 6.936095135005262 6.400515145967207 5.549992771348634 5.2759751025384665 4.584703256221907 3.2715536485472074 2.4984323686899486 2.7564360178943272 3.265325974256067 3.7324015460915803 4.5820342529542755 5.7403816711063484 6.741257896468163 7.057089949804556 6.89606008599079 6.902287760281929 6.528627302813518 5.803548081773627 5.055337499080929 4.516198839019365 3.5989513827100055 2.5242327336103862 1.3525402991201565 0.15682683522124297 -0.8102420154172387 -1.2052544990267013 -0.8342630448259221 0.050956372271859784 1.016245887398587 1.9530660343372448 2.732414988485644 3.2893470036647505 3.708380516682897 3.963715162619644 4.138979710527446 4.437908076502175 4.871176273614355 5.397859585093638 5.95034326149336 6.398735810455452 6.782182613238511
6.099807444480724 6.428094846399398 6.461012553366855 6.617594078401236 6.509944279940099 6.010840668893007 5.4610259957609175 4.294671567805951 2.86230648084371 2.415693267393372 3.227070260753349 4.414776714849368 4.978826072075492 5.494833370484249 5.9298809031081845 6.360480096952735 6.56599334856036 6.425425843131768 5.944115587202219 5.509068054578284 5.06779284766321 4.5820342529542755 3.8373823412850863 2.638999874118541 1.7377664374149702 1.0776329625541115 0.7644699124853485 0.4086028101344812 0.5278182894220218 0.9148237632285898 1.4121480387639265 2.034025800122067 2.818712760805729 3.4299145090933436 3.847168686599735 4.12207602316578 4.3871970144171755 4.624738305236379 4.845375908693917 5.124731584039348 5.428108288793462 5.908528876967132 6.243933620932825 6.612256071865973
