static/data/seaWind_uo/2023/7/11/0.asc
ncols 137
nrows 93
xllcorner 108.0
yllcorner 17.0
cellsize 0.25
NODATA_value -32767
[rows 38 to 56 of 93, columns 0 to 42 of 137]
-1.4458208337757936 -1.4954725505940678 -1.4866633750295353 -1.4874642091717656 -1.1919564106888119 -0.878029426934563 -0.5929324723006024 -0.22054459616354727 0.022908983074442002 0.37287350322905066 0.8733948421229423 1.4291737368307196 1.193728499015033 0.627538760458263 0.3776785080824321 0.4057077030604903 0.45776192230545476 0.34724681067768337 0.3015992645705605 0.30640426942394194 0.4145168786250224 0.8221414570202077 1.1480809529079101 1.310650283780646 1.2097451818596374 0.7436597110816456 -0.07559361641987605 -1.0598187772208245 -1.7277144518408334 -1.8302212220463026 -1.3176873710189574 -1.153516371861761 -1.0598187772208245 -0.7835309981513963 -0.13005033809153144 0.19668999193840087 0.02210814893221169 -0.242167118003763 -0.3831139270362831 -0.22935377172807936 -0.18290539147872664 -0.2581838008483679 -0.24136628386153314
-1.5659459551103279 -1.7245111152719126 -1.8061961977793957 -1.8069970319216258 -1.015772899398162 -0.5304674092066448 -0.33826721507139057 -0.28861549825311617 -0.23976461557707252 0.4033052006337994 1.2337702061265445 1.6782331550643197 1.4996471413469794 1.0776075483916503 0.8301497984425104 0.7484647159350271 0.663576296858623 0.5298369951061752 0.4129152103405622 0.38728851778919493 0.6075179069025074 0.9911174610307856 1.3699120103056828 1.5717222141477003 1.4235678978351078 0.8982207005320793 0.13742826541336406 -0.7723193201601732 -1.6652493887468758 -2.0248239186082477 -1.6788635691647897 -1.2303964495158628 -0.8379877198230519 -0.6513933646834089 -0.415147292725492 -0.38871976603189484 -0.5008365459441264 -0.5657041114647747 -0.6073474868607465 -0.42475730243225485 -0.30062801038656994 -0.2910180006798071 -0.2381629472926119
-1.828619553761842 -1.9615580213720596 -1.7941836856459423 -1.6796644033070198 -1.1102713281813288 -0.9036561194859303 -0.7250701057685898 -0.524060736068803 -0.21814209373685634 0.8285481301580497 1.7583165692873428 2.107480255299721 1.7927524374032422 1.7110673548957593 1.5428921850274118 1.1648984698947449 0.9478724173503537 0.6627754627163926 0.4962019611325057 0.533040331675096 0.7812989157664663 1.1624959674680544 1.5252738338983467 1.6341872772416575 1.3643061713100715 0.7812989157664663 0.03892566591904645 -0.6065466527185164 -1.0766362942076593 -1.4386133264957217 -1.6532368766134224 -1.277645663907446 -0.9148677974771535 -0.7963443444270799 -0.8179668662672961 -0.9076602901970814 -0.8916436073524769 -0.535272414060026 -0.36869891247613884 -0.3526822296315344 -0.43196480971232676 -0.46079483883261485 -0.459994004690385
-1.9159104752649367 -1.6548385448978828 -1.3753474292595338 -1.3593307464149293 -1.355326575703778 -1.18554973755097 -1.0325904163849968 -0.775522656729094 -0.39272393674304595 0.6627754627163926 1.6397931162372692 2.0562268701969875 1.828789973803603 1.8992633783198625 1.7158723597491403 1.3538953274610783 1.0303583340000668 0.7644813987796315 0.5522603510886217 0.5858953850622912 0.8109297790289847 1.1112425823653198 1.4459912538175543 1.355496995745539 1.0367650071379084 0.5682770339332261 0.04933650976803916 -0.5889283015894513 -0.8355852173963612 -0.878029426934563 -1.0718312893542778 -0.9789345288555715 -0.6666092133857833 -0.6890325693682295 -1.0245820749626946 -1.1046654891857173 -1.0053620555491691 -0.6898334035104599 -0.30383134695549074 -0.07639445056210636 -0.13005033809153144 -0.28140799097304425 -0.3222505322267857
-1.5379167601322696 -1.276844829765216 -1.1030638209012567 -1.1366988548749262 -1.2167822690979488 -1.277645663907446 -1.1238855085992427 -0.9036561194859303 -0.5312682433488749 0.3200184498418559 1.3090486154961858 1.7270840377403638 1.9577242707026694 1.9048692173154742 1.667822311215327 1.4011445418526618 1.0760058801071897 0.7428588769394153 0.5362436682440168 0.5498578486619308 0.5626711949376144 0.8637848324161799 1.0311591681422971 0.910233212665533 0.5450528438085493 0.3608609910955973 -0.15968120135404984 -0.2605863032750584 -0.48161652653060116 -0.5841232967360699 -0.8860377683568654 -0.7931410078581591 -0.4191514634366431 -0.2950221713909582 -0.6986425790749924 -1.0005570506957877 -0.9004527829170095 -0.7635101445956407 -0.45598983397923387 -0.09080946512225019 0.19108415294278958 0.03972650006127676 -0.16368537206520095
-1.1871514058354304 -1.2744423273385252 -1.1391013573016169 -1.107868825754638 -1.1126738306080195 -1.1791430644131282 -1.1591222108573727 -0.9533078363042045 -0.4752098533927591 0.06695486089710423 1.0679975386848874 2.0522226994858355 2.3485313321110195 2.099471913877419 1.5653155410098578 1.3082477813539555 0.9158390516611443 0.5690778680754565 0.5114178098348798 0.5458536779507797 0.5282353268217146 0.33763680097092097 0.4889944538524338 0.6123229117558884 0.324022620553007 0.1494407775468174 0.10219156315523437 0.07576403646163676 0.11660657771537819 -0.29982717624433963 -0.6201608331364301 -0.535272414060026 -0.1508720257895173 0.12461491913768041 -0.3174455273734047 -0.640982520834416 -0.6634058768168625 -0.5344715799177959 -0.4415748194190896 -0.15167285993174762 0.1430341044089758 0.08537404616839961 -0.10041947482901303
-0.9252786413261465 -1.012569562829241 -1.1919564106888119 -1.1030638209012567 -1.089449640483343 -1.103864655043487 -1.083042967345501 -0.9789345288555715 -0.41835062929441325 0.1406316019822853 1.2089443477174076 2.1947711768028166 2.5271173458283607 2.184360332953823 1.4059495467060432 0.9815074513240232 0.5874970533467514 0.43133439561185716 0.4946002928480451 0.5858953850622912 0.41371604448279253 0.22231668448976816 0.23352836248099118 0.5698787022176863 0.47858361000344063 0.1462374409778966 0.09898822658631312 0.1982916602228615 0.44334690774531094 -0.009124382614767335 -0.00031520705023480033 0.08377237788393899 0.2054991675029334 0.31441261084624417 -0.13805867951383366 -0.3895206001741247 -0.4135456244410318 -0.2926196689642673 -0.25578129842167696 -0.11643615767361748 -0.18851123047433793 -0.24617128871491412 -0.12844866980707081
-0.7394851203287338 -0.6385800184077253 -0.8596102416632678 -0.948502831450823 -1.0518104357985223 -1.0285862456738457 -1.0606196113630548 -1.0389970895228386 -0.4455789901302407 0.6892029894099903 1.7919516032610123 2.2412195570521694 2.410195561062747 1.6061580822635997 0.7853030864776174 0.4593635905899154 0.3816826787935832 0.3456451423932232 0.42813105904293636 0.6051154044758165 0.4929986245635849 0.2967942597171791 0.22952419176984007 0.5498578486619308 0.946270749065893 0.54665451209301 0.17426663595595482 0.05414151462142058 0.2871842500104167 0.3248234546952373 0.5234303219683336 0.6051154044758165 0.6307420970271838 0.24794337704113545 -0.11643615767361748 -0.3158438590889441 -0.36149140519606693 -0.2934205031064976 -0.3494788930626136 -0.17810038662534522 -0.2677938105551303 -0.21493875716793553 -0.06358110428642272
-0.7266717740530502 -0.4736081851082985 -0.5248615702110331 -0.8323818808274401 -1.0470054309451409 -1.011768728687011 -1.036594587096148 -0.9348886510329091 -0.04356025073066716 1.242579381691077 1.8047649495366955 1.8912550368975602 1.496443804778059 0.8045231058911431 0.42572855661624587 0.36886933251789955 0.30720510356617226 0.31441261084624417 0.41691938105171333 0.4561602540209946 0.2903875865793375 0.1142040752886877 0.0653531926126436 0.2903875865793375 0.8966190322476191 0.8862081883986259 0.58269204849337 0.33203096197530924 0.5682770339332261 0.773290574344164 0.9574824270571161 0.9054282078121516 0.5818912143511401 0.14543660683566628 -0.13405450880268255 -0.22695126930138887 -0.2974246738176487 -0.42956230728563627 -0.6754183889503158 -0.46079483883261485 -0.30703468352441154 -0.16448620620743126 -0.013929387468148757
-0.9677228508643485 -0.36549557590721804 -0.026742733743832403 -0.5344715799177959 -1.1054663233279474 -0.8948469439213977 -0.6329741794121138 -0.4015331123075785 0.28798508415264656 1.047976685129132 1.2153510208552492 0.8966190322476191 0.3200184498418559 -0.0019168753346954226 0.38728851778919493 0.5506586828041611 0.5546628535153122 0.5554636876575425 0.7500663842194877 0.5586670242264633 0.360060156953367 0.25274838189451687 0.2943917572904886 0.48579111728351254 1.3923353662881293 1.5036513120581305 1.0752050459649594 0.5498578486619308 0.6011112337646654 0.9374615735013605 1.2089443477174076 1.1176492555031614 0.663576296858623 0.15104244583127802 -0.04436108487289703 -0.04516191901512734 -0.05076775801073907 -0.19491790361217998 -0.5584966041847026 -0.588127467447221 -0.5376749164867167 -0.5304674092066448 -0.42715980485894534
-1.199163917968884 -0.8275768759740587 -0.30383134695549074 0.07896737303055756 -0.5873266333049909 -0.42635897071671547 -0.07639445056210636 0.24794337704113545 0.5346419999595566 0.9014240371010005 1.0287566657156062 0.5170236488304916 -0.2758021519774325 -0.9228761388994557 -0.09000863098002032 0.46176609301660587 0.800518935179992 0.8181372863090566 0.8341539691536615 0.58269204849337 0.4593635905899154 0.5338411658173263 0.7028171698279042 0.9086315443810724 1.5300788387517286 1.4403854148219426 0.8109297790289847 0.25274838189451687 0.4921977904213546 0.8109297790289847 1.0968275678051755 1.0888192263828733 0.7156305161035879 0.18707998223163802 -0.06918694328203445 0.11019990457753659 0.46096525887437556 0.5450528438085493 0.1694616311025734 -0.38471559532074373 -0.4135456244410318 -0.45198566326808276 -0.37350391732952026
-1.051009601656292 -1.3665382536950013 -0.6193599989941998 -0.15327452821620824 -0.2581838008483679 -0.30783551766664186 -0.0852036261266389 0.3720726690868208 0.7332488672326529 0.9342582369324397 0.8253447935891289 0.2935909231482583 -0.3606905710538366 -0.7659126470223314 -0.36229223933829724 0.1502416116890477 0.4681727661544479 0.6507629505829393 0.7885064230465382 0.48338861485682205 0.29599342557494923 0.5058119708392685 0.9134365492344538 1.3154552886340274 1.6470006235173416 1.1344667724899962 0.45375775159430365 0.2279225234853799 0.5098161415504197 0.7909089254732291 0.8757973445496332 1.1336659383477659 0.9791049488973322 0.38808935193142524 -0.16448620620743126 -0.22054459616354727 0.5674761997909958 0.8798015152607843 0.4033052006337994 -0.12684700152261064 -0.27099714712405154 -0.026742733743832403 -0.22294709859023776
-0.2902171665375768 -0.3254538687957069 -0.10442364554016415 -0.19171456704325873 -0.16128286963851046 -0.3759064197562112 -0.21493875716793553 0.2855825817259561 0.6259370921738023 0.7148296819613575 0.4737786051500592 0.08056904131501819 0.11900908014206912 -0.04436108487289703 -0.040356914161745916 -0.00031520705023480033 0.34724681067768337 0.5010069659858871 0.5923020582001328 0.3015992645705605 0.2719684013080421 0.44334690774531094 0.8822040176874748 1.4011445418526618 1.568518877578779 0.9550799246304256 0.3208192839840862 0.2535492160367472 0.5418495072396285 0.7796972474820061 0.7676847353485523 0.9510757539192745 1.0223499925777646 0.5034094684125776 0.13662743127113375 0.1470382751201269 0.6539662871518601 0.4881936197102035 0.07576403646163676 -0.25017545942606567 -0.3126405225200233 -0.18450705976318682 -0.28541216168419536
0.2591550550323585 0.4986044635591962 0.35525515209998604 0.25595171846343767 -0.07719528470433668 -0.28861549825311617 -0.015531055752608935 0.24474004047221465 0.5426503413818589 0.5338411658173263 0.2975950938594094 0.055743182905881206 0.3896910202158854 0.2127066747830053 -0.009925216756997646 0.04373067077242787 0.3480476448199137 0.4489527467409222 0.2607567233168191 0.12381408499545055 0.1406316019822853 0.16785996281811277 0.5907003899156726 1.3226627959140993 1.582133057996693 0.9622874319104975 0.4889944538524338 0.41371604448279253 0.48098611243013156 0.6667796334275438 0.6195304190359607 0.7724897402019337 0.8453656471448845 0.9302540662212886 0.5907003899156726 0.7877055889043083 1.0527816899825133 0.6507629505829393 0.11180157286199677 -0.21573959131016585 -0.40233394644980836 -0.34467388820923217 -0.37030058076059946
0.5554636876575425 0.8806023494030146 0.6843979845566088 0.45375775159430365 0.1206107484265293 -0.05957693357527161 0.2935909231482583 0.4121143761983319 0.5722812046443773 0.564272863222075 0.33203096197530924 0.06615402675487392 0.4681727661544479 -0.05076775801073907 -0.22935377172807936 0.36886933251789955 0.6747879748498464 0.2903875865793375 -0.16929121106081269 -0.16608787449189188 0.2095033382140845 0.23673169904991243 0.4921977904213546 1.2754135815225163 1.6205730968237435 0.7812989157664663 0.3416409716820721 0.39209352264257635 0.4593635905899154 0.48018527828790125 0.4345377321807784 0.6627754627163926 0.8413614764337334 0.9254490613679072 1.1344667724899962 1.391534532145899 1.409152883274964 1.0015283048797787 0.45696108816322445 0.026913153785593114 -0.15807953306958922 -0.3166446932311744 -0.4135456244410318
0.5882978874889817 0.8421623105759637 0.7364522038015737 0.5346419999595566 0.2615575574590494 0.0653531926126436 0.2967942597171791 0.5274344926794847 0.7068213405390553 0.6299412628849534 0.3968985274959578 0.1430341044089758 0.5066128049814989 -0.20052374260779127 0.16385579210696166 0.7997181010377616 0.8253447935891289 0.3280267912641581 -0.5184548970731913 -0.4487823266991615 0.033319826923434714 0.23593086490768211 0.47698194171898045 1.2273635329887025 1.5124604876226635 0.4681727661544479 0.15664828482688975 0.22552002105868896 0.27437090373473305 0.27036673302358194 0.3424418058243024 0.7332488672326529 0.946270749065893 1.115246753076471 1.330671137336402 1.519667994902735 1.4363812441107915 1.1384709432011473 0.6627754627163926 0.22311751863199847 -0.2053287474611727 -0.3759064197562112 -0.5400774189134074
0.06775569503933454 0.7252405258103507 0.7820997499086966 0.773290574344164 0.5154219805460309 -0.058776099433041296 -0.03234857273944369 0.3808818446513529 0.8277472960158194 0.6571696237207814 0.2575533867478983 0.015701475794369646 0.5194261512571821 0.2855825817259561 0.9911174610307856 1.4363812441107915 1.3715136785901434 0.4129152103405622 -0.5344715799177959 -0.5833224625938398 -0.13725784537160335 0.10459406558192486 0.3568568203844462 1.023150826719995 1.3258661324830205 0.3824835129358135 0.1462374409778966 0.07095903160825534 0.058145685332571695 0.08537404616839961 0.36246265938005795 0.7829005840509269 1.023150826719995 1.1913259965883425 1.433978741684101 1.6373906138105787 1.3514928250343878 0.9839099537507137 0.5610695266531542 0.11019990457753659 -0.3783089221829017 -0.669011715812474 -0.7563026373155686
-0.5713099504603862 0.36246265938005795 0.45455858573653396 0.39049185435811573 0.15985162139581055 -0.23656127900815171 -0.3719022490450601 -0.4487823266991615 0.34084013753984177 0.9454699149236627 0.7244396916681204 0.2983959280016397 1.0599891972625852 1.285824425371509 1.5204688290449657 1.6117639212592114 1.2369735426954653 0.231926694196531 -0.14206285022498477 -0.2902171665375768 -0.12924950394930113 -0.23335794243923091 0.015701475794369646 0.8709923396962518 1.349090322607697 0.5850945509200609 0.42092355176286445 0.2615575574590494 0.07416236817717614 0.06695486089710423 0.30800593770840257 0.6876013211255296 0.9775032806128721 1.2137493525707885 1.4756221170800727 1.6822373257754708 1.272210244953595 0.719634686814739 0.41772021519394364 0.04933650976803916 -0.262187971559519 -0.524060736068803 -0.7555018031733385
-0.4639981754015361 0.33363263025976986 0.040527334203506626 -0.6057458185762861 -0.945299494881902 -0.7234684374841294 -0.5584966041847026 -1.0069637238336295 -0.06918694328203445 1.1488817870501404 1.5829338921389229 1.1713051430325865 1.613365589543672 1.1280600993521546 0.4937994587058152 0.5794887119244492 0.8525731544249564 0.6667796334275438 0.5971070630535142 0.27677340616142354 -0.22454876687469838 -0.6826258962303877 -0.4776123558194496 0.625136258031572 1.7823415935542495 1.2770152498069764 0.9206440565145257 0.6787921455609975 0.51061697569265 0.3760768397979719 0.13902993369782468 0.4401435711763897 0.8862081883986259 1.1384709432011473 1.381924522439136 1.6429964528061904 1.1088400799386289 0.21831251377861705 0.002888129518686 -0.006721880188076401 -0.02113689474822067 -0.13005033809153144 -0.2910180006798071
