static/data/seaWind_uo/2023/7/11/12.asc
ncols 137
nrows 93
xllcorner 108.0
yllcorner 17.0
cellsize 0.25
NODATA_value -32767
[rows 57 to 75 of 93, columns 0 to 41 of 137]
-1.1366988548749262 -0.415147292725492 -0.5192557312154216 -1.0061628896913994 -1.3040731906010437 -1.050208767514062 -0.3775080880406714 -0.48081569238837085 -0.49122653623736356 0.06615402675487392 0.915038217518914 1.3699120103056828 1.0824125532450317 0.035722329350125204 -0.4135456244410318 -0.11163115282023606 0.19989332850732167 0.16866079696034308 0.5682770339332261 0.1406316019822853 -0.5200565653576519 -0.8940461097791677 -0.8740252562234119 -0.5032390483708169 0.3824835129358135 0.6859996528410695 0.7668839012063224 0.33523429854423004 -0.262187971559519 -0.5048407166552775 -0.6073474868607465 -0.3558855662004552 -0.39913060988088755 -0.3831139270362831 -0.02113689474822067 0.508214473265959 -0.15487619650066842 -0.7627093104534104 -0.7106550912084457 -0.5416790871978678 -0.4231556341477942 -0.3014288445287998
-1.6067884963640693 -1.0229804066782342 -0.6001399795806746 -0.841991890534203 -0.8115601931294543 -0.5128490580775797 -0.04356025073066716 -0.4688031802549175 -0.6618042085324018 -0.3166446932311744 0.44094440531862 0.681194647987688 0.2311258600543007 -0.07639445056210636 0.36886933251789955 0.49059612213689396 0.11019990457753659 -0.2093329181723238 -0.02353939717491116 -0.1468678550783662 -0.6505925305411788 -0.8459960612453541 -0.7667134811645615 -0.2133370888834749 0.43213522975408747 0.48338861485682205 0.3344334644019997 -0.08119945541548779 -0.4135456244410318 -0.48161652653060116 -0.502438214228587 -0.5344715799177959 -0.5000357118018961 -0.33586471264469964 0.03812483177681614 0.21911334792084736 -0.42635897071671547 -0.7779251591557848 -0.6241650038475812 -0.4888240338106731 -0.4672015119704569 -0.36229223933829724
-1.884677943717958 -1.7285152859830637 -1.263230649347302 -0.7619084763111803 -0.6217625014208905 -0.2389637814348422 0.05654401704811152 -0.20132457675002158 -0.8251743735473682 -0.7002442473594528 -0.5953349747272931 -0.18690956218987775 -0.11002948453577588 0.006892300229837112 0.24153670390329385 0.1206107484265293 -0.2677938105551303 -0.18851123047433793 -0.0035185436191556008 -0.1212411625269989 -0.6634058768168625 -0.8732244220811818 -0.6337750135543441 0.011697305083218534 0.44334690774531094 0.27677340616142354 0.10058989487077374 -0.2838104933997352 -0.5937333064428327 -0.5841232967360699 -0.5400774189134074 -0.6289700087009626 -0.42235480000556436 -0.24857379114160505 -0.06598360671311321 -0.03234857273944369 -0.4623965071170755 -0.5929324723006024 -0.48642153138398214 -0.48081569238837085 -0.4736081851082985 -0.4007322781653482
-1.743731134685438 -1.6596435497512643 -1.379351599970685 -0.8876394366413258 -0.7963443444270799 -0.573712452887077 -0.4135456244410318 0.1438349385512061 -0.4672015119704569 -1.4097832973754336 -1.340911561143634 -0.5697082821759258 -0.1468678550783662 -0.13805867951383366 -0.446379824272471 -0.5376749164867167 -0.02193772889045098 0.22952419176984007 0.05013734391026947 -0.09321196754894112 -0.4688031802549175 -0.47601068753498943 -0.2317562741547703 -0.008323548472537023 0.22552002105868896 0.07816653888832725 -0.13005033809153144 -0.5040398825130472 -0.764310978737871 -0.8059543541338428 -0.6449866915455671 -0.6642067109590926 -0.471205682681608 -0.2910180006798071 -0.11643615767361748 -0.18450705976318682 -0.5048407166552775 -0.588127467447221 -0.507243219081968 -0.5016373800863567 -0.48161652653060116 -0.3871180977474342
-1.3785507658284546 -1.234400620227014 -1.036594587096148 -0.9693245191488089 -0.8764277586501026 -1.0446029285184502 -0.9020544512014699 -0.04756442144181827 -0.1989220743233311 -1.143105528012768 -1.5627426185414068 -0.9044569536281606 -0.39112226845858533 -0.43196480971232676 -0.7426884568976548 -0.446379824272471 0.07015819746602503 0.20710083578739402 -0.34467388820923217 -0.5032390483708169 -0.10442364554016415 -0.11163115282023606 0.004489797803146622 0.10058989487077374 0.03972650006127676 -0.07239027985095525 -0.2629888057017489 -0.24376878628822363 -0.5040398825130472 -0.8267760418318286 -0.7539001348888781 -0.7258709399108201 -0.5969366430117535 -0.4159481268677223 -0.36149140519606693 -0.42155396586333405 -0.5064423849397381 -0.48401902895729165 -0.4495831608413918 -0.6369783501232649 -0.6177583307097394 -0.19011289875879855
-1.036594587096148 -0.8764277586501026 -1.0333912505272271 -0.9757311922866507 -0.8732244220811818 -1.051009601656292 -0.9228761388994557 -0.496031541090745 -0.5120482239353494 -0.6818250620881576 -1.0582171089363641 -0.9693245191488089 -0.5817207943093792 -0.6041441502918257 -0.7306759447642015 -0.43196480971232676 0.07015819746602503 0.07496320231940645 -0.6361775159810346 -0.9116644609082325 -0.28861549825311617 0.09578489001739232 0.23993503561883323 0.1766691383826453 0.02210814893221169 -0.12524533323815001 -0.17489705005642397 -0.11963949424253872 -0.08119945541548779 -0.4664006778282266 -0.8251743735473682 -0.9036561194859303 -0.8011493492804613 -0.6730158865236251 -0.6289700087009626 -0.48241736067283103 -0.36709724419167866 -0.24056544971930283 -0.4455789901302407 -0.6369783501232649 -0.4231556341477942 0.10699656800861579
-0.8980502804903188 -0.7571034714577989 -1.0029595531224784 -1.0053620555491691 -0.909261958481542 -0.8692202513700307 -0.7731201543024033 -0.8179668662672961 -1.0093662262603202 -1.0317895822427665 -0.7955435102848498 -0.6217625014208905 -0.25498046427944665 -0.6497916963989485 -0.9140669633349232 -0.8708219196544911 -0.33906804921362044 0.08056904131501819 -0.2677938105551303 -0.6738167206658554 -0.4984340435174359 -0.09561446997563161 0.13422492884444326 0.14223327026674548 -0.04436108487289703 -0.22134543030577714 -0.2037270791767125 0.05654401704811152 0.14223327026674548 -0.1989220743233311 -0.8027510175649217 -1.0478062650873712 -0.9925487092734855 -0.8403902222497424 -0.7138584277773667 -0.5472849261934796 -0.21493875716793553 0.006892300229837112 -0.242167118003763 -0.09721613826009223 0.2014949967917823 0.3560559862422159
-1.2456122982182372 -1.096657147763415 -1.2536206396405394 -1.1903547424043515 -0.9292828120372976 -0.7530993007466478 -1.0822421332032708 -1.39777078524198 -1.4618375166203983 -1.0149720652559318 -0.6145549941408186 -0.5953349747272931 -0.2325571082970006 -0.4487823266991615 -0.5673057797492351 -0.76110764216895 -0.8147635296983753 -0.5104465556508893 -0.23656127900815171 -0.28220882511527456 -0.3014288445287998 -0.22695126930138887 -0.08119945541548779 -0.014730221610379068 -0.2021254108922519 -0.34307221992477155 -0.24056544971930283 0.010095636798758356 0.16785996281811277 -0.04756442144181827 -0.6594017061057111 -0.9805361971400322 -0.9965528799846366 -0.9044569536281606 -0.774721822586864 -0.6057458185762861 -0.1772995524831149 0.01810397822106058 0.012498139225448845 0.28077757687257465 0.43213522975408747 0.31441261084624417
-1.7060919300006172 -1.4682441897582401 -1.4065799608065126 -1.3040731906010437 -1.1495122011506098 -1.1655288839952145 -1.8254162171929211 -1.924719650829469 -1.2832515029030578 -0.6265675062742719 -0.5088448873664286 -0.9845403678511833 -1.234400620227014 -0.5136498922198101 -0.0820002895577181 -0.20132457675002158 -0.601741647865135 -0.8379877198230519 -0.6145549941408186 -0.36549557590721804 -0.2613871374172887 -0.2717979812662814 -0.28861549825311617 -0.2661921422706701 -0.36869891247613884 -0.54888659447794 -0.4896248679529034 -0.22695126930138887 -0.010726050899227513 -0.10362281139793383 -0.5504882627624004 -0.8251743735473682 -0.9300836461795279 -0.9228761388994557 -0.7963443444270799 -0.5288657409221844 -0.15567703064289873 -0.07158944570872494 -0.004319377761385912 0.030116490354513914 -0.11083031867800619 -0.3422713857825417
-1.8622545877355114 -1.3617332488416198 -0.958913675299816 -0.7787259932980151 -0.8243735394051379 -1.1935580789732723 -1.931126323967311 -1.859852085308821 -1.2119772642445676 -0.7122567594929061 -0.6762192230925459 -0.9709261874332693 -1.3841566048240663 -1.0734329576387385 -0.5873266333049909 -0.298225507959879 -0.3574872344849158 -0.4704048485393777 -0.6505925305411788 -0.5608991066113933 -0.6674100475280136 -0.7002442473594528 -0.630571676985423 -0.524060736068803 -0.36149140519606693 -0.930884480321758 -0.9188719681883046 -0.658600871963481 -0.3871180977474342 -0.28060715683081394 -0.4976332093752056 -0.7667134811645615 -0.8091576907027636 -0.7883360030047777 -0.566504945607005 -0.15247369407397793 -0.12604616738038033 -0.4680023461126872 -0.602542482007365 -0.813962695556145 -0.930884480321758 -0.7579043056000292
-2.0712722988576004 -1.8069970319216258 -1.0277854115316154 -0.6722150523813948 -0.4992348776596658 -0.7667134811645615 -1.1278896793103939 -1.4241983119355777 -1.188753074119891 -1.0045612214069388 -0.8820335976457143 -0.7659126470223314 -1.075835460065429 -1.1383005231593868 -0.9332869827484487 -0.721866769199669 -0.6946384083638413 -0.7202651009152086 -0.42155396586333405 0.20710083578739402 -0.4095414537298807 -0.8475977295298145 -0.7563026373155686 -0.45839233640592436 -0.242167118003763 -0.733078447190892 -0.9332869827484487 -0.7290742764797409 -0.5168532287887309 -0.45118482912585245 -0.45598983397923387 -0.4704048485393777 -0.5336707457755656 -0.39512643916973644 -0.11563532353138761 0.1430341044089758 -0.11002948453577588 -0.7210659350574387 -1.1807447326975888 -1.3673390878372316 -1.25602314206723 -0.9477019973085927
-1.9719688652210525 -2.0640647915775285 -1.3473182342814758 -0.8011493492804613 -0.616156662425279 -0.27500131783520265 -0.4007322781653482 -1.0814412990610407 -1.585165974523853 -1.276844829765216 -0.41835062929441325 -0.10842781625131526 -0.48642153138398214 -0.9292828120372976 -0.8115601931294543 -0.5929324723006024 -0.5040398825130472 -0.630571676985423 -0.2349596107236911 0.6171279166092698 -0.21894292787908665 -0.721866769199669 -0.7250701057685898 -0.36709724419167866 -0.19011289875879855 -0.6401816866921859 -0.9356894851751394 -0.8091576907027636 -0.5625007748958539 -0.27019631298182123 -0.20052374260779127 -0.16528704034966157 -0.16929121106081269 -0.03955608001951605 0.09578489001739232 0.20710083578739402 -0.3799105904673623 -1.0269845773893853 -1.39696995109975 -1.449825004486945 -1.3208907075878784 -1.2071722593911862
-1.8150053733439282 -2.008807235763643 -1.5323109211366583 -0.9028552853437002 -0.42235480000556436 0.018904812363290446 -0.16048203549628015 -1.0846446356299615 -1.966363026225441 -1.7661544906678843 -0.4071389513031898 0.24954504532559607 -0.10442364554016415 -0.5905299698739117 -0.7707176518757128 -0.5504882627624004 -0.2325571082970006 -0.3526822296315344 0.09418322173293214 0.7036180039701345 -0.07959778713102716 -0.7314767789064316 -0.6874309010837691 -0.32945803950685804 -0.15647786478512904 -0.6145549941408186 -1.1615247132840634 -1.1983630838266537 -0.7530993007466478 -0.23335794243923091 -0.150071191647287 -0.11883866010030841 -0.11323282110469668 0.05253984633695996 0.13262326055998264 -0.15888036721181953 -0.7298751106219712 -1.2432097957915464 -1.4410158289224124 -1.4562316776247866 -1.3985716193842104 -1.4161899705132754
-1.6428260327644295 -1.8045945294949353 -1.5435225991278814 -0.8331827149696704 -0.3166446932311744 0.06054818775926263 -0.2085320840300935 -1.0165737335403924 -2.0560564501552263 -2.2850950148330713 -0.658600871963481 -0.06598360671311321 -0.08440279198440859 -0.5568949359002422 -0.7827301640091662 -0.5753141211715374 0.029315656212283603 0.13342409470221295 0.47538027343451983 0.40170353234933875 -0.031547738597213826 -0.4720065168238383 -0.42395646829002454 -0.10282197725570397 -0.07719528470433668 -0.5921316381583721 -0.9380919876018301 -1.07903879663435 -0.9693245191488089 -0.5288657409221844 -0.4720065168238383 -0.43116397557009645 -0.35908890276937644 -0.15968120135404984 -0.16048203549628015 -0.45118482912585245 -0.8860377683568654 -1.2616289810628416 -1.4570325117670169 -1.4946717164518375 -1.6996852568627756 -1.860652919451051
-1.4882650433139957 -1.4594350141937076 -1.2215872739513303 -0.7354809496175827 -0.24376878628822363 0.0813698754572485 -0.009124382614767335 -0.8195685345517565 -1.9799772066433547 -2.390004287465231 -0.7699168177334825 -0.7130575936351364 -0.6337750135543441 -0.6594017061057111 -0.8652160806588796 -0.658600871963481 0.04373067077242787 0.3152134449884745 0.4417452394608503 0.34724681067768337 0.1142040752886877 -0.25017545942606567 -0.01793355817929987 0.29919676214387003 0.1734658018137245 -0.23335794243923091 -0.5793182918826887 -0.8067551882760728 -0.909261958481542 -0.8988511146325491 -0.9396936558862905 -0.8692202513700307 -0.65539753539456 -0.44718065841470134 -0.38871976603189484 -0.6185591648519697 -0.948502831450823 -1.276844829765216 -1.4826592043183842 -1.7885778466503308 -2.0256247527504776 -2.4676851992615627
-0.7915393395736987 -0.6802233938036972 -0.7026467497861435 -0.5464840920512493 -0.12044032838476859 0.13582659712890388 0.06935736332379472 -0.8075560224183032 -1.9983963919146501 -2.3988134630297635 -0.800348515138231 -1.1094704940390985 -1.1022629867590266 -1.0766362942076593 -0.9789345288555715 -0.7074517546395249 -0.14126201608275446 0.2607567233168191 0.27677340616142354 0.13422492884444326 -0.07879695298879685 -0.13966034779829428 0.1766691383826453 0.4081102054871808 0.02050648064775107 -0.37350391732952026 -0.6041441502918257 -0.7923401737159288 -0.9645195142954275 -1.096657147763415 -1.1543172060039912 -0.998154548269097 -0.7939418420003892 -0.7170617643462875 -0.6754183889503158 -0.86761858308557 -1.1102713281813288 -1.4169908046555055 -1.7100961007117685 -2.057658118439687 -2.581403647458255 -3.0923358302011397
-0.2597854691328281 0.17026246524480326 0.2327275283387613 -0.04916608972627845 -0.0011160411924651115 0.26956589888135163 0.6227337556048815 -0.3014288445287998 -2.17618157148976 -2.570992803609262 -1.0558146065096734 -1.1895539082621212 -1.348119068423706 -1.408181629090973 -1.2119772642445676 -0.7883360030047777 -0.4191514634366431 -0.04836525558404858 0.1494407775468174 0.04292983663019756 -0.12524533323815001 -0.15727869892735935 -0.10762698210908495 -0.25257796185275616 -0.5705091163181562 -0.7867343347203173 -1.002158718980248 -1.1102713281813288 -1.1190805037458613 -1.0982588160478755 -1.089449640483343 -0.9709261874332693 -0.9068594560548513 -0.9036561194859303 -1.0133703969714714 -1.2696373224851438 -1.4209949753666566 -1.662046052177955 -2.019218079612636 -2.5541752866224274 -3.1556017274373276 -3.6489155590511473
0.6771904772765369 1.2377743768376956 1.2714094108113652 0.8661873348428704 0.6035137361913558 0.9206440565145257 1.8191799640968402 0.8990215346743096 -1.673257730169178 -2.616640349716385 -1.2864548394719786 -2.0744756354265217 -2.553374452480197 -2.7952263634337253 -2.6222461887119963 -1.8590512511665906 -1.1615247132840634 -0.573712452887077 -0.20132457675002158 -0.15727869892735935 -0.34147055164031137 -0.5641024431803143 -0.6930367400793807 -0.9404944900285208 -1.065424616216436 -1.1230846744570124 -1.143105528012768 -1.1447071962972286 -1.1559188742884516 -1.1767405619864375 -1.142304693870538 -1.1158771671769403 -1.0942546453367243 -1.118279669603631 -1.2656331517739927 -1.619601842639753 -1.835026226899684 -2.0968989914089677 -2.542162774488974 -3.142788381161644 -3.7506214951143857 -4.171860253927485
0.5866962192045211 1.0399683437068297 1.2233593622775514 1.2129485184285587 1.2601977328201417 2.161936976971377 3.02043117744218 1.4291737368307196 -1.6860710764448616 -2.4829010479639373 -2.6270511935653778 -3.6328988762065424 -3.935614181969568 -3.821895733772876 -3.169215907855241 -2.2202274493124228 -1.5875684769505438 -0.9332869827484487 -0.6225633355631208 -0.5480857603357097 -0.708252588781755 -0.9973537141268669 -1.1695330547063656 -1.263230649347302 -1.1831472351242793 -1.1679313864219052 -1.11427549889248 -1.0870471380566522 -1.131893850021545 -1.1479105328661494 -1.2023672545378048 -1.2360022885114743 -1.2448114640760068 -1.3609324146993897 -1.6163985060708321 -1.9335288263940016 -2.168974064209688 -2.4700877016882536 -3.0090490794091957 -3.6577247346156794 -4.215105297607917 -4.4881897401084245
