static/data/seaWind_uo/2023/7/11/18.asc
ncols 137
nrows 93
xllcorner 108.0
yllcorner 17.0
cellsize 0.25
NODATA_value -32767
[rows 19 to 37 of 93, columns 84 to 125 of 137]
3.082896240536137 5.029724040297818 6.801969997053311 7.886299425633037 8.330762374570813 8.410845788793836 8.313944857583978 8.237064779929876 8.297127340597143 8.32595736971743 8.340372384277575 8.138562180435558 7.823033528396849 5.798524816838837 3.8324769976636293 2.3845688685113795 2.0426126897790735 1.3090486154961858 0.7220371892414295 0.26636256231243083 -0.04356025073066716 -0.056373597006350806 0.324022620553007 0.6235345897471118 0.36806849837566924 0.18147414323602673 0.15664828482688975 0.09338238759070183 -0.3054330152399509 0.7909089254732291 0.928652397936828 0.24634170875667483 -1.1094704940390985 -0.5705091163181562 -0.298225507959879 0.001286461234225822 0.7180330185302783 0.7084230088235159 0.557866190084233 0.4881936197102035 0.8549756568516473 1.761519905856264
5.864994050643945 6.8756467381384905 7.513911549495981 7.736543441035984 7.919133625464475 7.955971996007067 7.753360958022819 7.525123227487205 7.421815623139505 7.2616487946934605 7.130311995367704 6.6281889881893505 5.466178647813292 3.178195503461535 1.3434844836120856 0.4361394004652386 1.1697034747481263 1.1184500896453917 0.7540705549306388 0.21510917720969625 -0.4655998436859963 -0.4992348776596658 -0.14927035750505713 0.16465662624919197 0.0325189927812044 0.08217070959947836 0.19268582122724975 0.21911334792084736 -0.04836525558404858 0.9030257053854607 1.140072611485608 0.5562645217997728 -0.9533078363042045 -0.3751055856139809 -0.04756442144181827 0.1950883236539407 0.5178244829727219 0.8870090225408562 0.6892029894099903 0.7516680525039479 2.053023533628066 3.65869598879967
6.521678047272731 7.006983537464247 7.01579271302878 7.035012732442306 7.111091975954178 7.023000220308852 6.893265089267556 6.7266915876836695 6.512868871708198 5.842570694661498 4.99849150875084 4.144001478991187 2.8026042907555584 1.7366940474471266 0.6900038235522206 0.6996138332589834 1.2714094108113652 1.829590807945833 1.6958515061933848 1.049578353413592 -0.11002948453577588 -1.280849000476367 -1.4514266727714054 -1.4177916387977358 -0.9493036655930533 -0.014730221610379068 -0.13725784537160335 -0.4720065168238383 -0.18210455733649633 0.7885064230465382 1.3859286931502872 1.7743332521319473 1.353094493318848 1.4564020976665475 1.7134698573224498 2.1539286355490748 3.3327564929119684 4.976068152768393 5.438950286977464 6.074011761766034 6.9429168060858295 7.881494420779655
5.977911664698407 6.514470539992658 6.527283886268343 6.414366272213881 6.419171277067262 6.314262004435102 6.238983595065461 6.09563428360625 4.912802255532204 3.1525688109101675 2.498287316708072 2.261240410607925 1.6726273160687088 1.3522936591766177 1.4900371316402166 1.6325856089571968 1.4507962586709358 1.2794177522336674 1.3795220200124456 1.402746210137122 0.811730613171215 -0.15647786478512904 -1.3008698540321226 -1.5931743159461553 -1.8190095440550793 -0.6081483210029768 -0.5160523946465008 -0.3751055856139809 0.11900908014206912 1.0952258995207154 1.462808770804389 1.6614156380774854 3.0893029136739796 4.445115116469752 4.797482139051052 5.52624120848056 6.461615486605464 7.6388416756838975 8.149773858426782 8.699946914138946 8.935392151954634 8.99625554676413
5.619938803121496 5.982716669551788 5.964297484280493 5.896226582190923 5.855384040937182 5.722445573326965 5.229131741713145 4.687767861565511 3.5033341652070065 1.9288942415823809 1.461207102519929 1.7278848718825945 1.7134698573224498 1.81998079823907 2.1363102844200097 2.360543844244473 1.9745417876895037 1.4507962586709358 0.7644813987796315 0.497002795274736 0.6243354238893422 0.30640426942394194 -0.2862129958264257 -0.7026467497861435 -1.5347134235633488 -0.9220753047572257 -0.7795268274402452 -0.12924950394930113 1.1921268307305728 2.6664624865764197 3.235855561702111 3.7059452031912534 4.948839791932565 6.190132712389417 6.996572693615255 7.6252274952659835 8.256284799343401 8.804055352628877 9.051513102578017 9.217285770019673 9.340614227923128 9.355830076625503
5.340447687483147 5.568685418018761 5.5326478816184 5.297202643802715 5.232335078282066 4.492364330861337 3.7948377929788086 3.100514591665202 3.0981120892385117 2.166741981824758 1.919284231875618 1.6486022918018013 1.8560183346394301 1.3627045030256109 1.4812279560756845 1.3362769763320133 1.1448776163389893 0.20790166992962433 -0.18931206461656824 -0.4431764877035502 0.19348665536948007 1.4363812441107915 1.309849449638416 1.559709702014247 0.663576296858623 0.5066128049814989 0.001286461234225822 0.8045231058911431 2.1819578305271325 3.928577094731257 4.748631256375008 5.897828250475385 6.9293026256679155 7.689294226644401 7.815826021116777 8.421256632642828 8.936993820239094 9.364639252190035 9.607291997285794 9.66655372381083 9.69698542121558 9.48716687595126
5.203505049161777 5.274779287820268 5.049744893853575 4.8126979877534275 3.667505164364203 2.5991924186290807 2.0297993435033894 2.354938005248861 2.3517346686799407 2.414199731773898 2.1050777528730307 1.4155595564128056 0.5955053947690536 0.09978906072854343 -0.05717443114858067 -0.43196480971232676 -0.5248615702110331 -0.5216582336421123 -0.8307802125429797 -0.9004527829170095 0.9126357150922235 2.180356162242672 3.909357075317731 4.462733467598818 3.9381871044380197 2.893899382969804 2.3885730392225306 2.453440604743179 3.7195593836091674 5.434946116266312 6.242987765776611 7.395388096445908 8.055275429643615 8.310741521015057 8.234662277503185 8.384418262100239 8.899354615554273 9.448726837124209 9.6657528896686 9.712201269917953 9.833127225394717 9.601686158290182
5.1186166300853735 4.912001421389975 4.46994097487889 3.2526730786889453 1.981749294969576 1.044773348560211 0.9086315443810724 1.4363812441107915 1.9969651436719507 2.130704445424398 1.3042436106428044 0.01810397822106058 -0.7963443444270799 -1.174338059559747 -1.1334955183060054 -1.1030638209012567 -0.21654042545239616 -0.21413792302570522 -0.15807953306958922 -0.06518277257088334 2.302082951861667 4.177636512964858 5.985119171978479 6.721085748688058 6.693056553709999 5.404514418861565 4.976868986910624 5.03693154757789 5.994729181685242 6.9605351572148955 7.583584119870011 7.758966797018431 8.304334847877215 8.236263945787647 7.943158649731384 8.101723809892968 8.727175274974774 9.17083738977032 9.182049067761543 9.264534984411256 9.385460939888022 9.430307651852914
5.110608288663071 4.441911779900831 3.0188295091577193 1.843204988363747 1.272210244953595 0.9070298760966118 0.6619746285741628 0.890212359109777 1.451597092813166 1.7222790328869828 0.9767024464706417 -0.15647786478512904 -0.4127447902988015 -0.7795268274402452 -0.9973537141268669 -0.39512643916973644 0.9430674124969722 2.1283019429977075 2.4390255901830353 2.921127743805632 4.552426891528603 6.195738551385029 6.785953314208706 7.111091975954178 7.388981423308065 7.062241093278134 6.707471568270144 6.599358959069063 7.326516360214109 7.623625826981522 7.7205267581913795 7.811021016263396 7.978395351989512 7.743750948316057 7.574774944305478 8.012831220105413 8.757606972379524 9.13560068751219 8.826478708611322 8.895350444843123 9.029890580737801 9.080343131698305
5.0473423914268825 4.54041437939515 3.1165312745098066 2.1138869284375637 1.6966523403356155 1.788748266692091 1.3522936591766177 1.1969318355839538 1.4035470442793523 1.766324910709645 1.1945293331572633 0.8189381204512869 1.0816117191028014 1.6566106332241044 1.447592922102015 1.9401059195736043 3.420047414415063 4.980873157621774 5.888218240768621 6.390341247946974 6.996572693615255 7.169552868336984 7.1911753901772 7.1911753901772 7.121502819803171 6.946120142654751 6.970145166921657 7.062241093278134 6.822791684751296 6.7042682317012225 7.00938603989094 7.368960569752311 7.5451440810429595 7.533131568909507 7.3921847598769865 7.743750948316057 8.384418262100239 8.92818464467456 8.60384681707132 8.580622626946644 8.736785284681538 8.998658049190821
4.751834592943929 4.411480082496084 3.6955343593422607 2.5807732333577857 1.6614156380774854 1.6197722626815136 1.8960600417509421 1.8528149980705098 1.8576200029238907 1.8255866372346818 1.0183458218666135 1.2658035718157534 2.4478347657475674 4.055108889203632 5.215517561295231 5.937869957586896 6.72909409011036 7.165548697625834 7.008585205748709 6.72909409011036 6.938912635374679 7.035813566584537 7.077456941980508 7.079859444407198 6.952526815792593 6.833202528600289 6.800368328768849 6.749915777808345 6.440793798907478 6.530487222837264 6.935709298805758 7.295283828667129 7.396989764730369 7.348138882054325 7.22641209243533 7.503500705646989 8.060881268639227 8.611855158493622 8.377210754820165 8.398833276660381 8.699146079996718 9.13880402408111
4.7318137393881745 4.336201673126443 3.748389412729456 2.6264207794649086 1.458804600093238 1.0183458218666135 1.3883311955769781 1.703859847615687 1.8375991493681352 1.7751340862741771 1.009536646302081 1.8416033200792863 3.428856589979595 5.045740723142423 6.178120200255963 6.761127455799569 7.059037756709213 7.107888639385257 7.076656107838279 6.938912635374679 6.684247378145466 6.786754148350935 6.889260918556404 6.859630055293886 6.815584177471225 6.928501791525687 6.970145166921657 6.994971025330795 6.886057581987483 6.826795855462446 6.911684274538851 7.088668619971731 7.0414194055801484 6.90447676725878 7.107888639385257 7.607609144136918 8.148973024284551 8.352384896411028 8.189014731396062 8.089711297759514 8.098520473324047 8.292322335743762
4.433903438478529 4.148806483844568 3.501732496922546 2.5383290238195833 1.4828296243601446 0.4994052977014265 0.5554636876575425 1.176110147885968 1.7503082278650406 1.690245667197774 1.3442853177543155 2.6264207794649086 4.198458200662843 5.4958095110758105 6.217361073225245 6.342291199413159 6.391142082089203 6.506462198570356 6.813181675044532 6.829999192031368 6.636197329611653 6.673035700154244 6.76433079236849 6.805974167764461 6.9333067963790675 6.970145166921657 6.876447572280721 6.813181675044532 6.804372499480001 6.783550811782014 6.788355816635397 6.605765632206905 6.392743750373665 6.419171277067262 7.010987708175399 7.4770731789533915 7.771780143294114 7.895108601197569 7.887901093917497 7.842253547810374 7.847058552663755 7.887100259775266
4.071125572048237 3.774016105280823 3.239859732413262 2.2940746104393646 1.2193551915664003 0.09418322173293214 0.3304292936908486 0.9446690807814324 1.5044521462003613 1.807167451963387 2.274053756883609 3.5561892185942017 4.615692788764791 5.760885612154016 5.95148413800481 5.992326679258552 6.137277659002223 6.37672706752906 6.612172305344746 6.720284914545827 6.80517333362223 6.7619282899418 6.5513089105352496 6.51687304241935 6.870040899142879 7.046224410433529 6.9381118012324485 6.62338398333597 6.458412150036542 6.431183789200714 6.427179618489564 6.249394438914454 6.066804254485962 6.3062536630128 6.8804517429918715 7.290478823813748 7.561961598029795 7.610011646563608 7.552351588323033 7.515513217780441 7.574774944305478 7.650053353675119
3.7147543787557864 3.37439986830794 2.9227294120900917 2.359743010102243 1.2970361033627325 -0.058776099433041296 0.08377237788393899 0.7436597110816456 1.8311924762302936 2.336518819977566 3.496927492069165 4.388255892371406 5.4293402772707005 5.63355298353941 5.825753177674663 5.944276630724737 6.161302683269129 6.401552925938196 6.514470539992658 6.612973139486977 6.721085748688058 6.841210870022591 6.629790656473812 6.612172305344746 6.793160821488778 6.910883440396621 6.751517446092805 6.453607145183161 6.09403261532179 5.861790714075024 5.867396553070636 5.997932518254162 5.921052440600061 6.26941529247021 6.692255719567768 7.103884468674105 7.281669648249215 7.32971969678303 7.2944829945249 7.344134711343173 7.404197272010441 7.484280686233463
3.4104374047083 3.114128772083116 2.853056841716062 2.2908712738704433 1.506053814484821 0.20069416264955198 0.07896737303055756 1.0239516608622248 2.1146877625797935 3.577811740434418 4.735817910099325 5.305210985225017 5.302007648656096 5.507021189067034 5.714437231904663 5.8850149041997 6.074011761766034 6.090028444610638 6.2013443903806404 6.280626970461432 6.337486194559778 6.461615486605464 6.604964798064675 6.640201500322805 6.6329939930427315 6.610570637060286 6.452005476898702 6.1965393855272595 5.769694787718548 5.420531101706169 5.426136940701781 5.557473740027538 5.830558182528046 6.1837260392515745 6.554512247104171 6.809177504333382 6.987763518050723 7.058236922566982 7.0862661175450405 7.146328678212308 7.195179560888352 7.264852131262382
3.2166355422885853 3.0324436895756333 2.782583437199803 2.484673136290158 1.7110673548957593 1.2081435135751772 1.1032342409430176 2.1779536598159814 3.1117262696564256 4.747830422232779 5.323630170496312 5.321227668069621 5.304410151082786 5.358866872754442 5.512627028062646 5.655175505379626 5.638357988392791 5.655175505379626 5.59831628128128 5.6623830126596975 5.7160389001891225 5.901832421186535 6.046783400930206 6.2029460586651 6.27101696075467 6.302249492301648 6.236581092638771 5.987521674405169 5.479792828231206 5.122620800796524 5.145844990921201 5.3572652044699804 5.674395524793152 5.997932518254162 6.291838648452655 6.544101403255176 6.657819851451869 6.735500763248201 6.757123285088417 6.775542470359712 6.825995021320217 6.948522645081441
3.0756887332560656 2.9419494315036174 2.849052671004911 2.6352299550294407 2.6176116039003756 2.759359247075126 3.2238430495686576 3.7828252808453553 4.509982681990401 4.918408094527816 4.895984738545371 5.0473423914268825 5.259563439117894 5.334841848487535 5.317223497358469 5.326032672923002 5.270775117109116 5.173073351757029 5.054549898706956 5.026520703728897 5.21311505886854 5.411721926141636 5.611930461699194 5.816143167967901 5.905836591897687 5.867396553070636 5.808134826545599 5.67279385650869 5.228330907570914 4.948839791932565 5.011304855026523 5.217920063721921 5.432543613839622 5.688009705211066 5.921052440600061 6.0483850692146675 6.136476824859992 6.173315195402582 6.217361073225245 6.281427804603663 6.387137911378053 6.494449686436903
2.9067127292454873 2.751350905652824 2.744944232514982 2.777778432346421 2.902708558534336 3.262283088395708 3.8004436319744204 3.97342380669615 3.978228811549531 3.9982496651052863 4.336201673126443 4.749432090517239 5.00169484531976 5.07457075226271 5.084180761969474 4.852739694864939 4.691772032276663 4.615692788764791 4.650128656880691 4.694174534703354 4.899188075114292 5.100998278956309 5.297202643802715 5.4333444479818525 5.439751121119695 5.390900238443651 5.3436510240520665 5.229131741713145 4.92801810423458 4.7414237490949365 4.775058783068607 4.919208928670047 5.117815795943143 5.306812653509477 5.443755291830845 5.553469569316388 5.59831628128128 5.555071237600847 5.56388041316538 5.686408036926604 5.807333992403368 5.904234923613226
