static/data/thetao/2023/7/21/0.asc
ncols 137
nrows 93
xllcorner 108.0
yllcorner 17.0
cellsize 0.25
NODATA_value -32767
[rows 54 to 80 of 93, columns 61 to 121 of 137]
29.55896 29.312918 29.108618 29.0989 29.167759 29.16153 29.250874 29.486294 29.85158 30.011784 29.59258 29.520658 29.589148 29.34948 29.291851 29.364218 29.192608 29.36507 29.568272 29.25042 29.067377 28.837763 29.121456 29.187347 29.150183 29.485695 29.53232 29.623108 29.63222 29.643652 29.689817 29.588242 29.57312 29.520348 29.498472 29.539133 29.551435 29.574665 29.590763 29.57798 29.617945 29.488579 29.39504 29.342758 29.40609 29.730515 29.995972 30.11119 30.0523 30.091583 29.822512 29.767918 29.713524 29.72071 29.674303 29.567696 29.729412 29.880186 29.862843 29.941942 29.677507
29.481709 29.54086 29.491007 29.460821 29.527073 29.698732 29.385283 29.500526 30.049595 29.980434 29.582457 29.596132 29.559492 29.338015 29.381197 29.446314 29.392609 29.35361 -32767.0 28.986025 29.043467 29.140118 29.162233 29.27384 29.209806 29.335949 29.533617 29.594421 29.731703 29.58469 29.71894 29.696123 29.628431 29.57091 29.566372 29.562435 29.627005 29.610275 29.584396 29.692808 29.391485 29.382584 29.369654 29.3954 29.51679 29.539982 29.927567 30.117899 30.135235 30.055485 30.070478 29.832752 29.918283 29.640858 29.72869 29.599611 29.795792 29.595333 29.670874 29.883387 29.894535
30.093046 30.079037 30.276022 30.428843 29.719467 29.748285 29.951403 30.214342 30.199598 29.817501 29.568998 29.581514 29.534147 29.457336 29.575027 29.545437 29.49154 29.357946 29.338415 29.402885 29.53098 29.461 29.40377 29.166763 29.31028 29.290623 29.437412 29.437332 29.654453 29.60632 29.722828 29.686703 29.622253 29.569935 29.592539 29.654638 29.5848 29.588503 29.6897 29.392311 29.420904 29.41619 29.368622 29.475359 29.54674 29.600157 29.615255 30.033169 30.130949 30.083168 30.079012 30.095661 29.980827 29.682295 29.6804 29.667557 29.780853 29.743994 29.83281 29.76196 29.706982
29.967564 30.15839 30.274448 30.596 30.293562 30.19169 30.028486 29.89455 29.73602 29.544207 29.60377 29.572647 29.497475 29.61767 29.729652 29.77696 29.722588 29.637466 29.684374 29.644073 29.647974 29.619436 29.539944 29.318573 29.398115 29.301561 29.354115 29.262894 29.50787 29.695316 29.67292 29.631622 29.595945 29.579977 29.574251 29.555887 29.60041 29.703882 29.43658 29.434542 29.427856 29.393452 29.346287 29.411264 29.432322 29.587318 29.58737 29.745426 30.04093 30.108124 30.08375 30.05351 30.061537 29.927282 29.625694 29.647127 29.55866 29.779613 29.851217 29.727343 29.801348
30.24815 30.226427 30.247545 30.185423 30.130478 29.847599 29.588087 29.459366 29.540888 29.628632 29.620543 29.591892 29.482578 29.559061 29.754818 29.820799 29.812561 29.855757 29.616964 29.791588 29.646194 29.651175 29.67439 29.597054 29.462793 29.319193 29.329931 29.249575 29.456604 29.701626 29.470144 29.544235 29.521215 29.52512 29.512558 29.544998 29.635195 29.55683 29.392467 29.336008 29.35763 29.429535 29.209156 29.299416 29.352827 29.590824 29.657454 29.647894 29.904371 30.052208 30.070375 30.12955 30.017202 30.026592 29.993088 29.894926 29.900194 29.81686 29.638393 29.83316 29.90011
30.207283 30.280554 30.03761 29.55156 29.485106 29.47552 29.454502 29.460947 29.659742 29.550701 29.59818 29.715029 29.51094 29.680994 29.813953 29.75216 29.84638 29.80242 29.675978 29.693045 29.59001 29.579357 29.629898 29.555593 29.57836 29.281628 29.202095 29.206556 29.411509 29.643826 29.596817 29.417336 29.48892 29.413252 29.39947 29.437992 29.51411 29.503296 29.341373 29.219503 29.180344 29.309296 29.079126 29.225836 29.264885 29.476467 29.609121 29.616682 29.677464 29.998129 30.133146 30.21396 30.25881 30.227427 30.081972 29.969042 29.869064 29.82736 29.564192 29.85974 30.017805
30.247541 30.278505 29.660288 29.407993 29.493103 29.50033 29.619696 29.76939 29.706978 29.57434 29.593529 29.733458 29.918577 29.677937 29.721565 29.739676 29.682615 29.668512 29.679996 29.618536 29.504175 29.58494 29.798498 29.641825 29.528858 29.30066 29.208967 29.273031 29.532166 29.656595 29.651281 29.382444 29.323053 29.274952 29.230322 29.196793 29.2406 29.312355 29.27278 29.206165 29.088316 28.971216 28.985838 29.188185 29.104969 29.319626 29.499235 29.569408 29.59169 29.843718 30.03414 30.21303 30.255114 30.264341 30.141699 29.9755 29.934954 29.528904 29.534527 29.930605 30.081131
30.294811 29.898212 29.441372 29.500486 29.485405 29.706799 29.769365 29.89965 30.00032 29.650686 29.856525 29.715014 29.696346 29.715305 29.670736 29.58956 29.554878 29.561783 29.568636 29.596878 29.54293 29.59187 29.760937 29.597158 29.494684 29.301199 29.241974 29.344948 29.6411 29.632875 29.603012 29.521622 29.278547 29.254604 29.191765 29.140644 29.07086 29.015919 28.979248 28.981749 28.914324 28.87332 28.965635 29.072376 29.18134 29.256258 29.362053 29.498259 29.585135 29.699648 29.9855 30.181273 30.028454 30.036268 30.025621 29.97228 29.873056 29.49056 29.589218 30.01104 30.14723
30.217972 29.567583 29.630875 29.40918 29.448318 29.84489 29.817722 29.8962 29.84878 29.763178 29.732021 29.73113 29.575432 29.498016 29.440418 29.421026 29.593004 29.651537 29.673626 29.506935 29.45354 29.690626 29.59404 29.617792 29.391249 29.310919 29.367994 29.643896 29.523825 29.525753 29.462038 29.540337 29.416752 29.329035 29.327816 29.336546 29.32093 29.271832 29.191536 29.146715 29.16708 29.25543 29.282011 29.272877 29.296125 29.346357 29.409916 29.420696 29.536104 29.679338 29.981947 30.118113 29.959778 30.016005 29.926147 29.96408 29.736115 29.377966 29.946888 30.078218 30.07457
29.56274 29.63327 29.727201 29.695797 29.761002 29.7926 29.835682 29.874636 29.85213 29.812042 29.797916 29.535324 29.271444 29.347727 29.306032 29.193062 29.267822 29.424942 29.361961 29.370632 29.619514 29.63759 29.609264 29.398869 29.471735 29.479818 29.686857 29.657648 29.553228 29.513636 29.48676 29.44489 29.467783 29.497595 29.47406 29.465858 29.44992 29.509062 29.520546 29.438183 29.361784 29.33681 29.304825 29.25138 29.2445 29.286985 29.330334 29.405317 29.510391 29.62282 29.943563 30.040897 29.947662 29.976486 29.919682 29.912786 29.54118 29.667511 30.064066 30.140232 30.058224
29.734026 29.74789 29.798977 29.73386 29.780197 29.722895 29.82189 29.822495 29.900986 29.846998 29.803259 29.58516 29.290154 29.255869 29.138794 28.990473 29.07091 29.236715 29.281649 29.580454 29.637302 29.423937 29.488434 29.533148 29.564116 29.6746 29.634544 29.50488 29.436255 29.416637 29.4093 29.399996 29.397867 29.403927 29.381842 29.414637 29.411943 29.393852 29.316185 29.129337 29.113052 29.21583 29.217834 29.252363 29.316435 29.31851 29.26912 29.37509 29.533842 29.620117 29.894949 30.04054 29.888474 29.895655 29.894955 29.744505 29.405668 30.03754 30.124395 30.097027 29.952927
29.710846 29.782335 29.77557 29.786604 29.762589 29.713247 29.806574 29.846281 29.815659 29.862757 29.835323 29.690943 29.241106 29.21094 29.06293 29.008673 29.035324 29.223429 29.531166 29.52874 29.369179 29.343573 29.303646 29.39394 29.693068 29.684204 29.51826 29.548668 29.45201 29.376009 29.360037 29.381762 29.308184 29.187525 29.138937 29.24986 29.28997 29.317133 29.445612 29.53382 29.500174 29.463497 29.513594 29.548977 29.4967 29.42571 29.38606 29.39229 29.496372 29.545792 29.86671 30.086134 29.87746 29.801403 29.766619 29.454597 29.736486 29.977047 30.08555 30.107197 30.0207
29.740984 29.860943 29.929768 29.914215 29.810984 29.754501 29.852903 29.822716 29.766329 29.808819 29.836596 29.741455 29.117352 29.18778 29.072048 29.177729 29.258835 29.460405 29.49023 29.240688 29.138988 29.123314 29.136366 29.151278 29.163391 29.523108 29.748684 29.655252 29.574493 29.48059 29.37081 29.357956 29.385086 29.24334 29.252932 29.306644 29.24285 29.264217 29.366373 29.689974 29.77594 29.687714 29.628523 29.660254 29.72152 29.769615 29.680717 29.452457 29.475048 29.59176 29.94614 30.122679 29.840614 29.70501 29.43187 29.391874 30.057762 30.033607 30.075779 30.088377 30.108969
29.855 29.821865 29.798403 29.763247 29.75771 29.791388 29.8209 29.792778 29.749111 29.798359 29.811188 29.721998 29.10456 29.169664 29.1004 29.218569 29.371687 29.462355 29.187016 29.121397 29.026165 29.050962 29.130129 29.026188 28.961912 29.04084 29.481947 29.48014 29.467766 29.437637 29.455446 29.384527 29.380978 29.348143 29.351177 29.318218 29.317045 29.277655 29.428377 29.60014 29.491804 29.64975 29.716724 29.73626 29.765366 29.805622 29.84618 29.8345 29.858994 29.95725 30.075779 30.12575 29.843292 29.49783 29.301218 29.94836 30.013773 30.033789 29.92329 30.106676 30.04042
29.806488 29.711302 29.711433 29.738237 29.771036 29.824915 29.778406 29.765572 29.820227 29.843973 29.817423 29.704914 29.105968 29.196148 29.104612 29.24305 29.38907 29.289728 29.026905 29.051964 29.01312 29.052616 29.011093 28.840559 28.729553 28.986649 29.038406 29.457794 29.312298 29.384989 29.341585 29.360605 29.372593 29.354572 29.38068 29.340115 29.354227 29.30133 29.492224 29.552252 29.528694 29.648026 29.682953 29.757244 29.85262 29.894882 29.93117 29.954456 30.025215 30.09662 30.136578 30.00331 29.667257 29.336481 29.518414 29.978785 29.992218 29.770224 29.602688 29.688986 29.841236
29.724792 29.64319 29.77732 29.827364 29.77257 29.750399 29.77484 29.815872 29.807499 29.84045 29.825811 29.684635 29.100433 29.234669 29.119144 29.202066 29.326685 29.140862 28.982067 28.965164 28.950693 29.07451 28.855072 28.912594 28.779161 28.794903 29.002113 29.319174 29.188528 29.259888 29.340088 29.332644 29.3315 29.301577 29.38353 29.346796 29.337175 29.347727 29.466934 29.354486 29.46399 29.586124 29.68482 29.808777 29.95963 30.110706 30.142666 30.095037 30.072544 30.159828 30.185604 29.740227 29.364338 29.375021 29.859568 29.96101 29.936825 29.833279 29.858404 29.631855 29.685913
29.585806 29.63232 29.770441 29.873247 29.813183 29.848358 29.82176 29.83311 29.93763 29.902536 29.819616 29.653646 29.042994 29.27477 29.19986 29.094858 29.269165 29.134003 28.985819 29.026546 28.985338 28.992235 28.897545 28.955606 28.997366 28.722464 28.89192 28.982578 28.996809 29.269855 29.307974 29.291569 29.3247 29.35541 29.365227 29.42919 29.372707 29.305016 29.267723 29.261238 29.34867 29.504116 29.654713 29.87189 30.144926 30.235943 30.19973 30.189802 30.211718 30.220522 30.134893 29.53422 29.511324 29.835758 29.94875 30.003323 29.92694 29.90761 29.946209 29.913124 29.75234
29.713396 29.668318 29.997854 29.914703 29.819613 29.793991 29.731188 29.845863 29.98807 29.816397 29.789669 29.578392 29.007555 29.263592 29.141413 29.173517 29.074945 29.079975 29.01528 29.004667 29.07311 28.83437 28.98192 29.02965 29.042633 28.99265 28.838005 28.899366 29.03009 29.17307 29.261608 29.245966 29.213093 29.195568 29.219563 29.351418 29.429317 29.337332 29.27933 29.269287 29.311977 29.526009 29.629581 29.909685 30.198936 30.242239 30.2383 30.21502 30.229603 30.218746 29.784203 29.525646 29.899525 29.965088 30.020138 29.852425 29.682106 29.578161 29.591679 29.592575 29.484322
29.921324 29.854443 30.209232 29.977552 29.829288 29.762943 29.77305 29.917976 29.80182 29.759129 29.757936 29.496656 29.033245 29.231396 29.212524 29.136005 29.106825 29.111555 29.1454 29.016354 28.859337 28.977737 29.103313 29.040892 29.018625 29.013641 29.063 29.026737 29.034084 29.079597 29.11041 29.125994 29.14652 29.135292 29.129023 29.181152 29.399282 29.394733 29.308659 29.265268 29.412157 29.62096 29.621542 29.896662 30.173143 30.15276 30.210262 30.255484 30.207926 29.91957 29.365622 29.813173 29.879738 29.973038 29.717045 29.445593 29.473572 29.53174 29.529999 29.46809 29.393372
30.028704 30.054193 30.292336 30.08708 29.842777 29.736776 29.801554 29.959536 29.678106 29.739027 29.744284 29.475159 29.076342 29.102943 29.097347 29.100735 29.04562 28.984282 28.900724 28.944433 29.084255 29.157597 29.203487 29.141127 28.954437 29.006187 29.064775 29.11596 29.189556 29.229519 29.246672 29.225357 29.191914 29.170956 29.175272 29.195808 29.25715 29.42855 29.444551 29.445873 29.594421 29.692093 29.635782 29.857813 30.1016 30.136698 29.96 29.736906 29.578869 29.369993 29.63839 29.90764 29.826283 29.770323 29.536425 29.531147 29.473965 29.562555 29.510725 29.44441 29.371725
30.003147 30.06087 30.174109 30.14951 29.835249 29.755424 29.82024 29.925043 29.678694 29.7225 29.74399 29.57926 29.084267 29.128874 29.006666 28.904516 28.927593 28.993416 29.033888 29.111172 29.170935 29.295988 29.392702 29.369232 29.052547 29.051798 29.134 29.25105 29.27616 29.347181 29.405354 29.418955 29.382473 29.334085 29.324766 29.32083 29.25182 29.375845 29.471954 29.52798 29.705334 29.723875 29.649446 29.819756 30.009895 30.003717 30.035088 30.045021 29.646774 29.28457 29.587671 29.93503 29.96268 29.839903 29.699827 29.513695 29.55902 29.579233 29.653599 29.707373 29.759188
30.025433 30.12405 30.338526 30.111967 29.802597 29.773775 29.814428 29.82504 29.664663 29.771227 29.724237 29.66415 29.196033 29.310825 29.238028 29.17683 29.136446 29.142754 29.173264 29.277859 29.425564 29.491892 29.584084 29.589724 29.44615 29.14843 29.189583 29.269608 29.466215 29.61908 29.670425 29.637394 29.571583 29.527647 29.541088 29.569012 29.440546 29.320662 29.445984 29.5589 29.757715 29.729809 29.671173 29.795261 29.988777 29.769718 29.871235 29.892164 29.958464 29.910463 29.693428 29.521124 29.528875 29.580366 29.60972 29.66221 29.816021 29.980984 30.045631 30.035282 30.019102
30.277245 30.06547 29.982927 30.022635 29.760693 29.783686 29.815084 29.701494 29.668188 29.667107 29.725517 29.698511 29.334656 29.468353 29.351719 29.270315 29.24036 29.28082 29.423565 29.50195 29.474562 29.538252 29.67511 29.700443 29.61923 29.465479 29.353039 29.46548 29.604416 29.656303 29.691528 29.70524 29.588001 29.512762 29.491299 29.553322 29.620403 29.535412 29.389193 29.56005 29.800047 29.743065 29.712574 29.810713 29.907112 29.711681 29.591515 29.739058 29.79181 29.88531 29.966959 29.986435 29.991426 29.983469 29.971199 29.976076 29.992699 30.02281 30.033958 30.019693 29.994314
30.294336 30.13989 30.118996 29.757917 29.74808 29.83992 29.807964 29.715908 29.684807 29.65365 29.681404 29.67979 29.519957 29.463089 29.28654 29.417141 29.479212 29.521626 29.521536 29.548178 29.554749 29.643438 29.635635 29.636225 29.656326 29.514801 29.399382 29.563137 29.596466 29.617605 29.629084 29.62084 29.660738 29.633957 29.508146 29.513721 29.578289 29.649914 29.609013 29.60439 29.843838 29.75697 29.747753 29.830597 29.881334 29.622118 29.37939 29.786444 29.929369 29.949705 29.947569 29.941853 29.957867 29.992039 30.042633 30.047012 29.99404 29.953701 29.925611 29.909246 29.890078
30.189241 30.065147 29.737642 29.735392 29.806456 29.878641 29.761133 29.623808 29.60813 29.634842 29.705622 29.750826 29.410145 29.418085 29.451273 29.48898 29.543938 29.57683 29.596369 29.643505 29.628653 29.488913 29.495771 29.555304 29.536848 29.451408 29.551626 29.692348 29.71509 29.70751 29.713388 29.652433 29.669592 29.658144 29.571102 29.537088 29.609398 29.645546 29.726217 29.69383 29.90097 29.753735 29.806957 29.823252 29.843523 29.771772 29.725548 29.924706 29.99822 30.00144 29.996168 30.002144 30.008978 30.024986 30.01855 29.976055 29.966654 29.97861 29.987543 29.979687 29.958817
29.731554 29.772955 29.70267 29.689974 29.891563 29.88663 29.67734 29.68212 29.58992 29.520569 29.360262 29.384077 29.421701 29.390934 29.424467 29.564297 29.559069 29.527514 29.5869 29.616095 29.37481 29.386173 29.426746 29.400606 29.49309 29.556372 29.847662 29.832611 29.758442 29.76638 29.824291 29.787655 29.736366 29.733406 29.742947 29.649126 29.631048 29.665209 29.74263 29.780241 29.902483 29.772413 29.8404 29.821869 29.821148 29.842733 29.887209 29.999908 29.950445 29.903767 29.961742 29.986956 29.999472 30.000244 29.982723 29.953794 29.91592 29.957998 29.962795 29.98251 29.98123
29.819994 29.743217 29.657682 29.82399 29.902 29.872667 29.61468 29.397646 29.25248 29.291477 29.506292 29.41882 29.34795 29.212662 29.498737 29.569197 29.545805 29.57316 29.557484 29.284777 29.279163 29.38195 29.37478 29.387598 29.563847 29.917461 29.747164 29.703356 29.675516 29.592665 29.74548 29.860443 29.909063 29.88373 29.852169 29.719028 29.645298 29.675316 29.789236 29.858843 29.771702 29.82355 29.782959 29.828125 29.82249 29.873001 29.990868 29.982498 29.871702 29.920689 29.935356 29.966295 29.98408 29.952808 29.886503 29.763721 29.66648 29.849638 29.963747 29.926329 29.920597
