static/data/thetao/2023/7/21/12.asc
ncols 137
nrows 93
xllcorner 108.0
yllcorner 17.0
cellsize 0.25
NODATA_value -32767
[rows 27 to 53 of 93, columns 61 to 121 of 137]
25.698355 25.687223 25.646618 25.454597 25.221445 25.1599 25.237453 25.579483 26.009924 26.266848 26.431267 26.779594 -32767.0 -32767.0 26.575098 27.026524 27.411594 27.665358 27.747293 27.769138 27.89995 27.90864 27.616175 27.449656 27.322731 -32767.0 -32767.0 -32767.0 -32767.0 -32767.0 -32767.0 -32767.0 -32767.0 -32767.0 27.29753 25.875784 27.049343 -32767.0 -32767.0 -32767.0 27.429966 27.44183 26.940838 27.155293 26.803308 27.276697 26.681974 25.79889 25.590607 26.917816 27.403214 27.71533 27.611696 27.584404 27.686954 27.928291 27.933645 27.785212 28.093117 28.360825 28.42774
25.337137 25.205683 25.265755 25.039251 25.031515 25.166834 25.219341 25.417408 25.664349 25.737007 26.682133 27.076517 27.040384 27.215902 27.368809 27.470245 27.634592 27.70691 27.870165 27.914358 27.94076 27.85183 27.39739 -32767.0 27.168118 27.264761 -32767.0 -32767.0 29.334381 -32767.0 -32767.0 -32767.0 -32767.0 -32767.0 -32767.0 26.581625 26.723866 -32767.0 -32767.0 27.192638 26.787943 26.873365 27.134346 27.436274 27.37067 27.079052 26.365788 26.841825 26.955963 27.08171 27.701265 27.685373 27.422935 27.381346 27.625572 27.865961 27.808756 27.85801 28.367964 28.53947 28.464306
25.928177 25.209404 25.113527 24.938334 24.91102 25.009386 25.19425 25.265049 25.256798 25.30513 26.369545 27.284897 27.334269 27.40608 27.654345 27.658363 27.760836 27.75876 28.00999 28.16016 27.934505 27.779364 -32767.0 27.288153 27.265684 27.56796 27.562576 27.825884 -32767.0 28.82846 -32767.0 -32767.0 -32767.0 -32767.0 -32767.0 27.712055 28.080498 27.733873 26.535475 26.947285 26.977736 27.364666 27.275404 27.261854 27.220516 26.879293 26.141699 26.423761 27.0963 27.18246 27.45772 27.481033 27.405214 27.415833 27.75117 27.84274 27.776125 28.074099 28.588886 28.63879 28.569225
26.266409 26.492117 25.69798 25.474117 25.361357 24.976362 24.963377 25.101843 25.18255 25.244703 26.252707 27.193487 27.19292 27.337894 27.591047 27.740808 28.079977 28.319458 28.465824 28.648417 28.467533 28.061214 28.115713 27.965244 27.492266 27.263948 27.699427 27.870367 28.046606 29.11247 -32767.0 -32767.0 -32767.0 -32767.0 27.417898 27.581099 27.606806 27.702736 27.776283 27.9564 28.085882 28.175707 28.15318 27.864347 27.38753 27.374313 26.9768 26.658323 27.161757 27.059048 27.475386 27.441772 27.401474 27.77393 27.575497 27.878603 27.848047 28.238594 28.631475 28.748957 28.698353
26.840889 26.570953 26.505022 26.483837 26.422985 25.787477 25.433529 24.925854 24.958662 25.349281 25.892647 26.551924 26.811337 27.135191 27.400314 27.654478 28.114021 28.383364 28.598022 28.611582 28.65992 28.673431 28.595242 28.45939 28.202625 27.730831 27.644648 27.965418 28.440918 28.516085 -32767.0 -32767.0 -32767.0 -32767.0 27.624659 27.581335 28.082628 28.09853 28.185747 28.365898 28.401466 28.468847 28.51851 28.56791 28.590904 28.461536 27.861195 27.372349 27.18922 27.080315 27.16723 27.344316 27.69047 27.72028 27.550365 27.92545 27.871344 27.979582 28.453712 28.681366 28.729652
26.600262 26.76384 26.847076 27.015652 27.082169 26.613531 26.125729 25.883163 25.663752 25.875004 26.117079 26.640093 26.892353 27.18324 27.42741 27.769321 28.14367 28.380934 28.677927 28.841572 28.80313 28.642435 28.523447 28.618773 28.539907 28.060955 27.812773 27.781792 -32767.0 -32767.0 -32767.0 -32767.0 -32767.0 26.969812 27.589224 27.854841 27.688898 27.83274 28.995285 29.49678 29.271898 28.986145 28.719847 28.63883 28.655098 28.647411 28.52101 28.362692 27.899036 27.161749 27.447958 27.517235 27.751234 27.502695 27.389414 27.620924 27.554155 27.820871 28.422033 28.737324 28.768757
26.497637 27.116013 27.380926 27.29577 27.11923 26.965338 26.757957 26.527473 26.210148 26.159208 26.655613 27.06432 27.328997 27.602484 27.880222 28.049587 28.12035 28.271858 28.531225 28.927137 29.040956 28.999704 28.796524 28.561022 28.684774 28.306091 27.974216 27.811768 -32767.0 -32767.0 -32767.0 -32767.0 -32767.0 26.574276 27.957766 27.725294 27.659103 28.808382 29.410345 29.667732 29.753923 29.553167 29.314823 29.1647 29.050632 28.984661 28.819311 28.724607 28.458193 28.11653 27.221128 27.510021 27.66844 27.313549 27.319086 27.551838 27.613594 27.815779 28.357414 28.83184 28.816568
26.533823 26.868385 26.936255 27.35432 27.347271 27.354633 27.004265 26.705912 26.592354 26.550018 27.106058 27.64406 27.831873 28.002197 28.093998 28.091997 28.181301 28.451815 28.713688 28.830452 28.960873 29.030764 28.96282 28.767733 28.723715 28.3539 28.250011 28.064777 28.444141 -32767.0 28.659475 -32767.0 -32767.0 27.222034 28.229462 28.654207 29.204134 28.962238 29.444803 29.577635 29.748106 29.83635 29.791643 29.638191 29.432583 29.445366 29.239262 29.065924 28.902672 28.609413 28.288292 27.376295 27.609268 27.408846 27.5126 27.465992 27.714134 27.858656 28.207502 28.860935 28.79117
26.289146 26.898096 27.104837 27.76051 27.965733 27.760832 27.421074 26.98591 26.872164 27.046701 27.418276 27.942905 28.037714 28.028591 28.040565 28.237507 28.345482 28.424986 28.485678 28.911882 29.164076 29.161982 29.13699 28.969124 28.735603 28.592934 28.359188 27.965961 28.225676 28.343914 28.842419 -32767.0 27.901636 28.685684 28.828016 28.936562 28.979204 29.26059 29.537855 29.57706 29.679579 29.782837 29.948341 29.892952 29.771622 29.70449 29.525774 29.326694 29.30642 29.189766 28.71602 28.212477 27.3357 27.38754 27.323244 27.328257 27.523182 27.784985 27.927198 28.815943 28.677357
26.246292 26.75909 27.072361 27.332544 27.780407 28.124538 27.672707 27.351643 27.280342 27.355333 27.594091 27.956598 28.083645 28.103321 28.01158 28.104586 28.142315 28.566044 29.042938 29.085348 29.137985 29.155386 29.210226 29.256224 28.946232 28.793846 28.747705 28.602049 28.459583 28.263323 -32767.0 28.52936 28.650667 28.969955 29.351562 29.595366 29.721392 29.83877 29.768934 29.734568 29.614517 29.766441 29.746773 29.875967 29.900774 29.835909 29.7969 29.709381 29.64279 29.568993 29.292368 28.826433 27.856754 27.425117 27.436356 27.292704 27.341766 27.771883 27.875702 28.688807 28.456867
26.481743 27.031868 27.199688 27.288357 27.765196 27.961441 28.291134 28.059196 28.102657 27.931112 27.820938 27.875923 27.965115 28.00888 27.987293 28.004211 28.356169 28.7196 29.0765 29.237324 29.247198 29.247355 29.434515 29.44248 29.353287 29.088976 28.9334 29.146826 28.953405 28.799427 28.827492 28.968643 29.17358 29.534754 29.435999 29.490189 29.78124 29.670574 29.771278 29.792006 29.675718 29.69465 29.755306 29.594225 29.525969 29.621656 29.569283 29.50881 29.431616 29.514162 29.430834 29.071003 28.801508 27.670826 27.437689 27.347092 27.49635 27.94055 27.989443 28.63262 28.332348
27.179089 27.645994 27.814754 27.966873 28.277641 28.238691 28.059727 28.24596 28.318495 28.484844 28.238588 28.188148 28.288948 28.292551 28.227154 28.36449 28.443792 28.744371 29.081524 29.288446 29.157816 29.291174 29.41564 29.42374 29.576035 29.611471 29.419111 29.270296 -32767.0 29.243248 29.10797 -32767.0 29.394428 29.1128 29.027714 29.23239 29.601759 29.547285 29.802422 29.784527 29.659122 29.633188 29.726154 29.58568 29.552662 29.40047 29.378536 29.440945 29.514387 29.335627 29.343775 29.371908 29.009071 28.641119 27.81771 27.684277 27.789597 28.287575 28.147863 28.634363 28.347404
27.348768 27.811096 28.000154 28.237022 28.23578 28.194736 28.214388 28.111113 28.275797 28.41047 28.460213 28.395086 28.284086 28.25188 28.396374 28.490738 28.64038 28.905922 29.1957 29.259539 29.164253 29.286835 29.339706 29.336477 29.393341 29.657097 29.832178 29.400759 29.163357 -32767.0 28.950502 29.108866 29.32348 29.331472 29.46349 29.640553 29.670574 29.63548 29.81329 29.84465 29.733913 29.681261 29.740189 29.605053 29.546965 29.522928 29.457968 29.268295 29.196833 29.147518 29.107563 29.260704 29.237537 29.126394 28.720125 28.316133 28.432253 28.589697 28.458006 28.591225 28.28086
28.031826 28.230257 28.32698 28.246052 28.356138 28.494879 28.364471 28.078175 28.142376 28.313255 28.155056 28.213379 28.452051 28.712915 28.770687 28.686607 28.902977 28.998291 29.164648 29.264719 29.120687 29.381512 29.397232 29.412838 29.63061 29.511469 29.748093 29.854094 29.241156 29.029081 28.87908 29.041967 29.271162 29.107403 29.121418 29.758673 29.797943 29.817102 29.737688 29.864796 29.662193 29.692812 29.612032 29.57271 29.435324 29.480124 29.427555 29.323145 29.183556 29.026613 29.086134 29.104156 29.186396 29.151651 29.107546 28.831486 28.991241 28.680202 28.800375 28.576183 28.35274
28.536318 28.583189 28.45419 28.43866 28.469015 28.659021 28.516546 28.440454 28.2989 28.250479 28.35959 28.487392 28.721626 28.801693 28.815073 28.871569 28.944113 29.025417 29.092709 29.128056 29.225111 29.524084 29.295425 29.581936 29.788813 29.76093 29.742903 29.603422 29.723555 29.125893 29.06174 29.153372 29.270452 28.946913 28.927212 29.574986 29.744532 29.778687 29.595116 29.857563 29.62324 29.610607 29.571627 29.456144 29.354843 29.192339 29.172876 29.062828 29.080389 29.035706 29.006916 29.047411 28.969334 29.035753 29.153103 29.134449 29.06973 28.956978 28.932741 28.488415 28.475227
28.856115 28.811857 28.654253 28.97998 28.868717 28.99173 28.685493 28.836275 28.866127 28.936066 28.879826 28.840973 28.982924 29.07406 28.941996 28.951895 28.97745 29.143902 29.298605 29.546003 29.642567 29.396883 29.248817 29.743834 29.765133 29.696785 29.69275 29.68807 29.525463 29.486897 29.072329 29.04232 29.095247 28.911509 29.160244 29.765148 29.694216 29.729582 29.618416 29.831806 29.670628 29.593674 29.515305 29.392748 29.32652 29.174253 29.06724 29.089573 29.106283 29.049095 29.039555 28.95662 28.926258 28.980324 29.036175 29.06257 29.13315 28.970833 28.737337 28.51144 28.544443
28.72511 28.964987 28.7859 29.008368 28.64423 28.576672 28.726246 28.76482 28.767479 28.937374 29.000706 29.140383 29.220682 29.091845 29.119312 29.141253 29.308714 29.589075 29.583849 29.524244 29.452734 29.389032 29.443726 29.752483 29.802969 29.768784 29.715876 29.728493 29.436132 29.547174 29.52524 29.566557 29.532845 29.432508 29.681383 29.742756 29.767988 29.6529 29.575716 29.758512 29.664413 29.567968 29.55 29.471493 29.339012 29.21097 29.233322 29.244678 29.20572 29.016071 28.905231 28.89254 29.102015 29.068645 28.86943 29.190798 29.076427 29.180817 28.9626 28.625805 28.640194
28.786058 29.097643 29.122738 28.745592 28.53193 28.483475 28.715633 28.813679 28.882427 28.99058 29.091995 29.246546 29.298697 29.352322 29.339138 29.437132 29.696222 29.572557 29.573513 29.496452 29.4421 29.329119 29.53053 29.65448 29.844397 29.83293 29.716856 29.698235 29.933254 29.79477 29.769941 29.684551 29.692543 29.672672 29.649548 29.799894 29.706947 29.570389 29.56504 29.70794 29.6184 29.546549 29.520586 29.493387 29.470772 29.339884 29.370115 29.32997 29.208063 29.306643 29.161173 28.97519 28.992622 29.00082 29.004522 29.065996 29.176683 29.184902 29.164732 28.860928 28.621058
28.815798 29.155033 29.436625 29.24046 29.057606 28.898975 28.708565 28.95481 28.956268 28.94969 29.2003 29.332655 29.33539 29.355276 29.462103 29.737295 29.592108 29.507044 29.520601 29.488605 29.401325 29.636717 29.380417 29.38226 29.367332 29.89017 29.828062 29.75611 29.751564 29.70743 29.501081 29.431095 29.604776 29.74051 29.755991 29.710442 29.685417 29.606733 29.570297 29.642303 29.585213 29.532005 29.502232 29.5443 29.377062 29.57427 29.402748 29.303204 29.064577 29.110146 29.275928 29.19492 29.106125 28.904234 29.072899 29.155285 29.225138 29.311302 29.237293 29.184896 29.055847
29.425453 29.456598 29.546112 29.501059 29.181593 29.076113 28.86934 29.081985 29.172432 29.133783 29.323158 29.269665 29.131393 29.42453 29.748875 29.647108 29.52098 29.501331 29.555948 29.448038 29.687557 29.593262 29.616127 29.310568 29.359173 29.333406 29.162764 29.388292 29.491255 29.50471 29.53302 29.655706 29.642422 29.568882 29.535154 29.499937 29.568121 29.531643 29.61817 29.724167 29.615381 29.56119 29.543167 29.510277 29.466734 29.553509 29.451488 29.308668 29.168041 29.137594 29.137743 29.080496 29.028116 29.118454 29.13794 29.479763 29.579588 29.428308 29.458942 29.347902 29.305767
29.87281 29.864914 29.761627 29.415821 29.101686 29.125202 29.469368 29.427258 29.106985 29.434809 29.411587 29.39735 29.416965 29.708519 29.610243 29.679668 29.51175 29.53489 29.516172 29.44929 29.533007 29.559593 29.537893 29.62139 -32767.0 29.228537 29.303822 29.217176 29.452423 29.651712 29.597904 29.390186 29.368717 29.353214 29.34685 29.37503 29.457823 29.475004 29.538054 29.712255 29.69447 29.564415 29.566961 29.589277 29.543427 29.428509 29.512945 29.46556 29.302849 29.44251 29.456171 29.35419 29.225418 29.360247 29.620676 29.71647 29.886404 29.702879 29.648764 29.419176 29.443714
29.930819 29.85635 29.86217 29.564577 29.174595 29.40599 29.390587 29.211996 29.304394 29.469233 29.420109 29.534872 29.678757 29.597733 29.786934 29.688047 29.487082 29.520985 29.537615 29.489994 29.513891 29.5137 29.152689 29.38152 29.285568 29.518896 29.491987 29.509932 29.75017 29.686241 29.425581 29.519398 29.613583 29.624884 29.522747 29.417091 29.365883 29.473257 29.534357 29.737051 29.72325 29.644947 29.662657 29.701117 29.460852 29.60478 29.46437 29.356987 29.422848 29.584482 29.66543 29.536255 29.561926 29.701704 29.83007 29.97687 30.098597 29.784332 29.80449 29.658781 29.705345
29.84902 29.773468 29.847733 29.701315 29.209528 29.341349 29.526865 29.364868 29.583654 29.40784 29.47178 29.628357 29.64251 29.867311 29.841127 29.698881 29.480179 29.582767 29.537579 29.459978 29.595142 29.268946 29.296675 -32767.0 29.41951 29.649178 29.575056 29.674814 29.97582 29.604939 29.709358 29.788374 29.801102 29.73478 29.651781 29.554293 29.5184 29.571653 29.604038 29.80372 29.874464 29.863283 29.937416 29.661116 29.79627 29.796022 29.878107 29.83283 29.541052 29.541386 29.650072 29.693016 29.683535 30.0088 29.992393 30.152063 30.175663 30.17615 29.919107 29.718605 29.842325
29.907095 29.730246 29.797062 29.382914 29.182686 29.428682 29.606478 29.673662 29.613401 29.378948 29.576982 29.645178 29.777708 29.837063 29.890652 29.68546 29.502062 29.61206 29.572056 29.551807 29.487225 29.48099 29.308529 29.478907 29.630676 29.699945 29.629087 29.831575 29.81247 29.788706 29.959265 29.941345 29.87764 29.815048 29.676044 29.625101 29.69626 29.716734 29.73046 29.8207 29.844261 29.877607 29.873665 29.79977 29.894657 29.947412 30.115404 30.174467 30.159342 29.910358 29.866081 29.924706 29.945826 30.03763 30.222502 30.261145 30.177166 30.008127 30.076612 30.003595 29.995281
29.754782 29.833336 29.74 29.659153 29.681583 29.683662 29.69626 29.613207 29.669159 29.743525 29.841776 29.831133 29.86845 29.852575 29.89781 29.635944 29.557634 29.646574 29.682089 29.53603 29.320024 29.236069 29.272598 29.557945 29.732368 29.822887 29.839516 29.973509 29.86445 29.98145 30.034098 29.940449 29.929148 29.748962 29.669916 29.63082 29.745396 29.785536 29.829409 29.907778 29.980679 30.065262 29.908941 29.945377 30.013258 30.11335 30.18919 30.267942 30.30434 30.210884 30.20108 30.17482 30.200066 30.163204 30.190405 30.296164 30.267904 30.281973 30.244131 30.097433 30.035
29.43647 29.699274 29.924225 29.846212 29.852596 29.860441 29.841795 29.848356 29.837627 29.775911 29.895473 29.979006 29.877974 29.834892 29.731388 29.623623 29.600945 29.656288 29.736807 29.555853 29.056263 29.250662 29.324244 29.590961 29.732182 29.86664 29.878399 30.104084 29.867199 30.031057 30.022772 29.982965 29.828323 29.742949 29.726748 29.764666 29.78617 29.870802 29.927624 30.047905 30.1603 30.012676 29.967243 30.056866 30.039898 30.202368 30.303148 30.32502 30.342915 30.385458 30.199076 30.251196 30.187044 30.32697 30.227957 30.250439 30.242128 30.364481 30.18733 30.113901 30.084934
29.350046 29.412523 29.74659 29.79884 29.372953 29.289192 29.306267 29.452572 29.749588 30.138792 30.143936 29.9607 29.834871 29.944983 29.673452 29.616438 29.585224 29.695318 29.6013 30.248789 -32767.0 29.19504 29.457561 29.550829 29.743881 29.93141 29.892418 30.167522 29.872974 30.108206 29.987944 30.004702 29.899603 29.770617 29.775936 29.834599 29.972082 29.972147 30.08291 30.152424 30.048971 29.911785 29.915682 29.943699 30.114017 30.31295 30.463007 30.47511 30.431778 30.489063 30.271084 30.31969 30.058908 30.23861 30.267113 30.301641 30.299513 30.171082 30.193762 30.325619 30.096565
