static/data/thetao/2023/7/21/6.asc
ncols 137
nrows 93
xllcorner 108.0
yllcorner 17.0
cellsize 0.25
NODATA_value -32767
[rows 54 to 80 of 93, columns 61 to 121 of 137]
29.797756 29.620985 29.405703 29.406563 29.528229 29.537611 29.61265 29.853554 30.249416 30.51637 30.237251 30.071676 30.174208 30.10227 29.805277 29.996033 29.921711 30.142918 30.372 29.828732 29.815449 29.712227 30.161474 30.256308 30.299494 30.662182 30.59744 30.733843 30.67249 30.680983 30.647083 30.527681 30.516296 30.53526 30.518856 30.554007 30.576036 30.647697 30.675312 30.67047 30.627346 30.533314 30.426014 30.414396 30.540447 30.834993 31.086586 31.195864 31.131088 31.153603 30.938848 30.924889 30.837456 30.80144 30.807978 30.706203 30.79074 30.95724 30.865244 31.007133 30.922625
29.64427 29.760038 29.829733 29.75418 29.867067 30.023228 29.812725 29.980076 30.49335 30.613207 30.183556 30.124968 30.219587 30.015165 29.885967 30.090666 30.02908 29.97922 -32767.0 29.62721 29.86625 30.110989 30.25361 30.439266 30.315468 30.49118 30.584892 30.56328 30.652077 30.522985 30.579445 30.524883 30.469551 30.460146 30.495676 30.542963 30.66219 30.689795 30.702192 30.713144 30.436869 30.400442 30.449703 30.530462 30.613823 30.65915 30.92934 31.174202 31.198555 31.088644 31.061083 30.892296 30.97545 30.80244 30.812035 30.66468 30.933958 30.720974 30.727957 30.94475 30.96202
30.224367 30.341316 30.500204 30.63396 30.447084 30.10821 30.355274 30.669699 30.762232 30.560577 30.182337 30.173594 30.229095 30.080658 30.202345 30.24414 30.157526 30.115955 30.042099 30.139643 30.340464 30.356232 30.313625 30.105965 30.212948 30.23034 30.307165 30.254309 30.46947 30.363295 30.40785 30.409412 30.376509 30.312244 30.426577 30.529022 30.563683 30.581173 30.59713 30.32431 30.331186 30.343742 30.382298 30.527075 30.59838 30.684324 30.688377 31.023252 31.091114 31.051888 31.074783 31.108395 30.965984 30.798933 30.821997 30.75537 30.876444 30.764668 30.872879 30.857342 30.750748
30.292166 30.327421 30.547348 30.700792 30.844353 30.687017 30.496424 30.390724 30.297646 30.144236 30.233572 30.206244 30.150076 30.218172 30.349077 30.441223 30.479324 30.403313 30.384354 30.42358 30.406958 30.412378 30.323002 30.04864 30.19631 30.068146 30.129852 30.03672 30.217117 30.381382 30.342451 30.315062 30.3032 30.309353 30.333445 30.341585 30.338482 30.364706 30.097122 30.16777 30.210377 30.18482 30.221962 30.414436 30.472424 30.597778 30.64982 30.761938 30.996002 31.049204 31.03034 30.947605 31.031631 30.934526 30.63885 30.690035 30.488579 30.723276 30.916119 30.891472 30.89908
30.381283 30.45357 30.616676 30.560003 30.592901 30.310831 30.21474 30.0586 30.125948 30.282606 30.243734 30.214928 30.146406 30.20664 30.380627 30.540222 30.56191 30.554426 30.403473 30.47216 30.439268 30.339113 30.349268 30.31393 30.136642 30.035011 30.028229 29.937857 30.105429 30.313885 30.12963 30.155087 30.187674 30.166004 30.15028 30.157995 30.236713 30.183268 30.072376 30.031105 30.10101 30.134577 30.024298 30.104393 30.292135 30.534563 30.615644 30.63226 30.772865 30.839127 30.872112 30.92538 30.835207 30.836773 30.753212 30.667463 30.740076 30.872887 30.717884 30.818504 30.909569
30.48654 30.560163 30.559296 30.10438 30.007149 30.02704 30.067547 30.095062 30.361128 30.152607 30.177557 30.304367 30.207172 30.349081 30.54781 30.448202 30.553375 30.564615 30.352362 30.43128 30.303207 30.228727 30.224705 30.203175 30.207312 29.923279 29.87549 29.884754 30.033976 30.23208 30.149563 30.061554 30.060978 29.972536 29.962406 30.039705 30.146696 30.082264 29.924126 29.849506 29.861816 29.928999 29.788233 29.920017 30.0697 30.198854 30.311733 30.376919 30.435217 30.701149 30.789307 30.88518 30.921608 30.899836 30.803358 30.764982 30.755638 30.740639 30.62583 30.912611 31.028944
30.559864 30.682432 30.3285 29.97195 30.059452 30.0557 30.262321 30.451128 30.258944 30.128796 30.274855 30.418129 30.591797 30.381857 30.460642 30.496984 30.458244 30.380125 30.392885 30.316435 30.186049 30.198141 30.352201 30.239594 30.150082 29.89133 29.830492 29.87182 30.0728 30.17387 30.151413 29.869846 29.878988 29.8789 29.863495 29.829498 29.867704 29.93809 29.894388 29.832788 29.735523 29.65691 29.625275 29.82302 29.772987 29.920229 30.055086 30.238464 30.256947 30.396303 30.588678 30.737967 30.828566 30.859198 30.838846 30.679947 30.643814 30.367796 30.509691 30.913767 31.003105
30.667904 30.548521 30.093647 30.075754 30.037285 30.318798 30.377272 30.4606 30.432688 30.176613 30.487936 30.37974 30.405664 30.42142 30.380732 30.347866 30.289494 30.31411 30.291594 30.261282 30.216932 30.197105 30.311838 30.12171 30.032629 29.819796 29.756828 29.885178 30.123362 30.139326 30.111637 30.024666 29.82492 29.793154 29.737167 29.657518 29.594954 29.560354 29.514023 29.494154 29.518627 29.549904 29.632444 29.720665 29.777288 29.818117 29.946562 30.052685 30.1083 30.179708 30.509138 30.7443 30.56915 30.542822 30.630466 30.659018 30.559587 30.230776 30.404222 30.820807 30.893515
30.710295 30.047598 30.39368 29.87809 29.976822 30.501852 30.450401 30.504833 30.439268 30.399944 30.392742 30.428596 30.300604 30.248451 30.184101 30.105839 30.252558 30.301872 30.364971 30.228113 30.051737 30.213703 30.101704 30.094288 29.909615 29.835604 29.913574 30.149256 30.057613 30.033798 30.000345 30.084751 29.893652 29.743126 29.699293 29.686747 29.651487 29.593927 29.560505 29.583504 29.632437 29.696333 29.824104 29.791634 29.850643 29.886423 29.970156 29.99132 30.035364 30.195929 30.490242 30.701193 30.512276 30.55805 30.561426 30.626287 30.492886 30.148735 30.658236 30.728113 30.683268
30.13665 30.12701 30.238623 30.226137 30.393812 30.455582 30.497734 30.486734 30.468859 30.46345 30.452206 30.251945 29.976904 30.027285 30.008482 29.864336 29.915133 30.09897 30.018034 29.96108 30.1588 30.118322 30.077015 29.932758 30.009615 30.036184 30.182415 30.144512 30.061586 30.005636 29.963299 29.904152 29.892332 29.914003 29.895632 29.829102 29.825098 29.871462 29.940521 29.925789 29.85155 29.810047 29.832233 29.795166 29.791563 29.824417 29.877304 29.985003 30.080462 30.210526 30.500563 30.58929 30.483587 30.555168 30.561743 30.541794 30.29304 30.381792 30.648928 30.704369 30.53898
30.303078 30.345083 30.473927 30.434122 30.456749 30.368 30.45672 30.467247 30.517927 30.50607 30.443779 30.26662 29.990421 29.925714 29.784664 29.624823 29.707117 29.865246 29.844135 30.08911 30.11535 29.936926 30.033289 30.092113 30.106323 30.152033 30.080547 29.947067 29.851555 29.814768 29.814806 29.7936 29.76739 29.759727 29.731335 29.742119 29.766132 29.779236 29.74344 29.633078 29.610424 29.80107 29.826708 29.863924 29.93486 29.93293 29.903568 29.950132 30.094467 30.184784 30.441412 30.544113 30.414927 30.520159 30.502836 30.343369 30.047607 30.600233 30.664206 30.626402 30.413767
30.284449 30.434635 30.478092 30.474072 30.426807 30.392284 30.441328 30.451982 30.409594 30.420523 30.43395 30.314524 29.879208 29.823107 29.665167 29.616854 29.612673 29.760082 30.025385 30.046614 29.952715 29.901876 29.867756 29.936209 30.143341 30.084364 29.90533 29.931583 29.861235 29.778173 29.765455 29.783142 29.670021 29.558157 29.6318 29.695068 29.736942 29.765808 29.858356 29.99166 30.049932 29.982807 30.031815 30.105925 30.059595 30.032137 29.93536 29.950724 30.051947 30.079134 30.431269 30.647903 30.496445 30.442436 30.345526 30.072554 30.353317 30.48745 30.57427 30.55817 30.451227
30.366627 30.51959 30.587996 30.534567 30.44651 30.382296 30.432762 30.39554 30.33794 30.368145 30.386736 30.31813 29.716818 29.765152 29.657179 29.745373 29.784319 29.964016 29.996063 29.820501 29.703648 29.656 29.623678 29.602978 29.584862 29.876713 30.085545 30.009571 29.95785 29.893366 29.785223 29.764845 29.785278 29.682941 29.670494 29.752663 29.706808 29.722347 29.818686 30.11949 30.265972 30.19393 30.205114 30.22708 30.20834 30.263857 30.298195 30.065073 30.08882 30.079922 30.537802 30.680584 30.411648 30.288023 30.04831 29.991137 30.557537 30.529516 30.446669 30.471214 30.448471
30.50766 30.431843 30.366722 30.333717 30.332153 30.371681 30.384783 30.335129 30.296173 30.33383 30.339657 30.263943 29.683159 29.736958 29.682507 29.799723 29.875814 29.970852 29.755373 29.653065 29.499496 29.508585 29.55049 29.450909 29.370531 29.461273 29.822823 29.856739 29.831387 29.789333 29.794407 29.798311 29.810379 29.853045 29.849764 29.818865 29.818804 29.85578 29.975088 30.184402 30.085917 30.236383 30.258173 30.271229 30.288149 30.322315 30.318438 30.339243 30.372265 30.435484 30.594149 30.648384 30.348839 30.09061 29.916016 30.473965 30.445581 30.384176 30.326979 30.475649 30.352816
30.409786 30.290222 30.296623 30.313265 30.328629 30.38439 30.339071 30.303665 30.333702 30.342392 30.313028 30.210728 29.668772 29.755028 29.659864 29.778898 29.888248 29.776947 29.539349 29.484867 29.427753 29.470888 29.453222 29.291424 29.189974 29.36282 29.413208 29.802183 29.653166 29.705797 29.755785 29.753704 29.83649 29.93821 29.915598 29.870884 29.884146 29.893396 30.038256 30.144123 30.14894 30.158226 30.181246 30.247145 30.31187 30.363388 30.39687 30.40343 30.450401 30.554903 30.613667 30.492178 30.184898 29.948713 30.128378 30.446947 30.408998 30.059109 29.9638 30.125248 30.199615
30.275394 30.25334 30.36572 30.395643 30.327152 30.318928 30.301994 30.31662 30.288229 30.331923 30.317719 30.16379 29.643532 29.760475 29.619133 29.719784 29.795326 29.585287 29.471077 29.406275 29.328972 29.442654 29.263266 29.32398 29.298506 29.186491 29.414986 29.705923 29.579754 29.646877 29.85891 29.867085 29.85909 29.829874 29.858423 29.96051 29.999443 29.942356 30.003977 29.915607 29.94723 30.026926 30.149055 30.282087 30.441677 30.559303 30.574305 30.510958 30.482834 30.572245 30.623093 30.211395 29.914991 29.900581 30.347738 30.38096 30.315104 30.1923 30.154837 30.009401 30.082111
30.184328 30.218025 30.390852 30.41391 30.354591 30.358425 30.32001 30.34399 30.43914 30.383698 30.294495 30.084225 29.540432 29.73914 29.646458 29.530088 29.685787 29.510998 29.359592 29.44414 29.361673 29.376726 29.258299 29.34975 29.431057 29.182343 29.320646 29.401175 29.45702 29.707228 29.824804 29.84044 29.81204 29.881275 29.847624 29.98139 29.951199 29.828117 29.759918 29.735575 29.828358 29.94303 30.064772 30.329926 30.583378 30.635214 30.574062 30.555424 30.583569 30.600779 30.50263 29.967873 29.895739 30.257282 30.364727 30.370266 30.276686 30.259712 30.2549 30.265726 30.159443
30.26642 30.267399 30.574276 30.44452 30.326914 30.299717 30.237303 30.289108 30.444033 30.277824 30.232323 29.971352 29.48904 29.696173 29.575506 29.584835 29.500374 29.522253 29.460491 29.373117 29.472355 29.196247 29.346249 29.39728 29.392015 29.38005 29.287933 29.435366 29.554861 29.690666 29.82945 29.78358 29.732342 29.723413 29.747278 29.855104 29.905376 29.819887 29.740797 29.740309 29.735624 29.959476 30.020792 30.330427 30.560633 30.57698 30.562359 30.533834 30.573574 30.561024 30.160326 29.936676 30.297255 30.372166 30.403046 30.222733 30.033773 29.962965 29.966953 29.949825 29.839058
30.424706 30.432287 30.766647 30.501608 30.305836 30.234907 30.244732 30.383682 30.23547 30.192844 30.178665 29.877865 29.487968 29.641216 29.60158 29.54033 29.516523 29.487427 29.522295 29.421492 29.268654 29.365646 29.48417 29.455408 29.395412 29.465881 29.560123 29.63651 29.636408 29.70041 29.7222 29.754318 29.774607 29.740154 29.659662 29.65197 29.804121 29.843126 29.752554 29.700422 29.853712 30.040266 29.996836 30.2658 30.481133 30.437649 30.545631 30.570911 30.528507 30.241676 29.77911 30.19005 30.29481 30.345797 30.081545 29.849564 29.88469 29.97037 29.983917 29.91772 29.810974
30.564482 30.513813 30.625854 30.606398 30.319752 30.199883 30.245785 30.387436 30.133213 30.169056 30.135334 29.826063 29.489649 29.488062 29.478962 29.47509 29.428736 29.376612 29.262356 29.311203 29.43609 29.488728 29.615562 29.659319 29.507214 29.58756 29.710836 29.788969 29.82975 29.826885 29.82481 29.800922 29.720802 29.66146 29.608479 29.615149 29.621618 29.787453 29.828629 29.819145 29.950056 30.02613 29.964031 30.175121 30.378756 30.378225 30.195854 30.031918 29.90026 29.71365 29.98979 30.218285 30.192225 30.12373 29.908552 29.900024 29.875248 29.991364 29.973309 29.885443 29.802956
30.395119 30.454975 30.491413 30.606785 30.297363 30.21888 30.256096 30.341228 30.143286 30.136997 30.129652 29.8954 29.480114 29.50174 29.358557 29.266998 29.282644 29.31826 29.353588 29.445314 29.558025 29.736202 29.880014 29.967148 29.831656 29.713366 29.749102 29.839478 29.851662 29.884825 29.92479 29.90827 29.840822 29.760956 29.712309 29.686794 29.583076 29.68252 29.77729 29.830984 30.004957 30.004883 29.917751 30.080767 30.237207 30.234694 30.287767 30.260561 29.820301 29.623903 29.937252 30.252655 30.21869 30.131824 30.038425 29.883791 29.929348 29.977749 30.105722 30.148949 30.19753
30.602507 30.493067 30.670643 30.55049 30.235542 30.200394 30.247028 30.259674 30.084784 30.164959 30.117285 30.0049 29.527134 29.637754 29.573647 29.514 29.49186 29.491062 29.540775 29.655111 29.903772 30.00769 30.114542 30.192974 30.129345 29.821894 29.737318 29.791565 29.92928 30.051231 30.048223 30.019094 29.924175 29.860748 29.818205 29.847786 29.716942 29.593887 29.701078 29.800486 30.004047 29.960854 29.914362 30.031675 30.207336 30.001114 30.094296 30.136396 30.19667 30.124992 29.909208 29.774014 29.815847 29.866104 29.913765 30.005253 30.165081 30.299028 30.375565 30.380404 30.372543
30.689913 30.585802 30.437452 30.488384 30.213919 30.237057 30.23959 30.127056 30.029629 30.040396 30.094315 30.050074 29.661718 29.79439 29.665842 29.591244 29.587446 29.645891 29.82189 29.94602 30.038883 30.07887 30.20957 30.25374 30.175852 30.05636 29.8997 29.881756 29.990894 29.980724 29.9848 30.005766 29.917015 29.789478 29.756428 29.784918 29.84631 29.746979 29.608194 29.751345 30.010881 29.947815 29.933107 30.020159 30.092106 29.943739 29.812773 29.987997 30.020132 30.10545 30.170908 30.187767 30.20748 30.212484 30.210554 30.218462 30.246393 30.282757 30.303228 30.311869 30.303465
30.733574 30.609543 30.56001 30.203753 30.21582 30.298748 30.228569 30.131084 30.083672 30.053207 30.055502 30.042248 29.83967 29.818178 29.706589 29.811728 29.8569 29.93421 29.999792 30.099796 30.11811 30.177855 30.140985 30.100243 30.122484 29.99206 29.799034 29.93476 29.921566 29.914303 29.898172 29.84825 29.878023 29.85085 29.724 29.723751 29.768064 29.819206 29.783073 29.77149 30.025928 29.932178 29.93906 30.01359 30.066523 29.82431 29.62596 30.035961 30.137163 30.141613 30.133303 30.133944 30.155552 30.2025 30.24838 30.254974 30.206484 30.190163 30.192904 30.197529 30.185637
30.626085 30.518671 30.211267 30.197676 30.286016 30.32338 30.174448 30.066723 30.0332 30.033117 30.087118 30.132135 29.801138 29.859594 29.821815 29.895876 29.996035 30.055004 30.110582 30.178415 30.084766 29.938173 29.961357 30.005241 29.941319 29.853428 29.90682 30.016783 30.010548 29.979246 29.92412 29.870235 29.831543 29.842764 29.759796 29.69915 29.76612 29.80122 29.860912 29.838007 30.056149 29.916355 29.990957 29.995459 30.01418 29.92547 29.93964 30.0874 30.148035 30.151306 30.157335 30.16916 30.18904 30.209116 30.19843 30.168547 30.174545 30.197632 30.231358 30.228271 30.211834
30.247726 30.27743 30.164232 30.214483 30.36691 30.323717 30.124676 30.137836 30.0419 29.95623 29.78805 29.81857 29.817635 29.776876 29.936674 30.03224 30.04938 30.062122 30.111 30.000982 29.874239 29.839775 29.85282 29.798264 29.84297 29.950432 30.129677 30.042313 29.961456 29.941423 30.002958 29.948925 29.885551 29.8693 29.864586 29.775316 29.73765 29.794928 29.873331 29.901035 30.014763 29.934235 29.988924 29.968977 29.985182 30.009586 30.042622 30.145885 30.059196 30.047823 30.099802 30.131681 30.154238 30.161268 30.146755 30.127275 30.067736 30.154947 30.153854 30.164522 30.198593
30.273827 30.242813 30.199135 30.356758 30.389526 30.298262 30.079922 29.860289 29.762962 29.775099 29.935678 29.814993 29.730268 29.721468 30.006046 30.073923 30.047104 30.074883 29.902405 29.843119 29.779886 29.824766 29.77744 29.7436 29.976536 30.149673 29.95139 29.968246 29.918818 29.78858 29.918339 30.021877 30.037638 30.00229 29.980541 29.877634 29.796646 29.810017 29.90696 29.973797 29.861116 29.938019 29.900677 29.959448 29.975832 30.049154 30.14255 30.09086 30.024628 30.041304 30.080359 30.10349 30.107445 30.08378 30.005919 29.88712 29.842533 30.035254 30.164877 30.092016 30.108337
