static/data/seaWind_vo/2023/7/3/0.asc
ncols 137
nrows 93
xllcorner 108.0
yllcorner 17.0
cellsize 0.25
NODATA_value -32767
[rows 19 to 37 of 93, columns 44 to 87 of 137]
-1.2702002452057344 -0.9935135731279354 -1.236392870482402 -1.3502703432346794 -1.051341977259951 -0.5113136494425103 -0.1776882409885725 0.20931723281799552 0.5162526085956185 0.4637622109988657 0.27693198226466054 -0.03267239678059397 -0.3716358117697949 -0.4899616233014581 -0.3111384043701473 0.04294936246896519 0.460203539975357 0.6657167915829827 0.7626905769735941 0.8516573525613109 1.0100182131074467 1.3267399341997184 1.5865229189158514 1.7706841443824253 1.870326933040668 1.906803311031632 1.9450590245343502 2.0473708164602247 2.3089331366881116 2.303595130152849 1.9406106857549643 1.4415070747078733 1.0287012359808674 0.7867116063822777 0.4824452338722862 0.09277075679808666 -0.3307110949994452 -0.6492121516034715 -0.4686095971604063 -0.30580039783488466 -0.35651145991988287 -0.7337305884118024 -1.0121965960013557 -0.7292822496324165
-0.48729262003382656 -0.09405947193611874 0.43707217832255063 1.0304805714926215 1.38278900281998 1.196848441841652 1.0571706041689366 1.0233632294456043 0.9601968187783254 0.7102001793768411 0.385471448481675 -0.018437712686559138 -0.441919564484091 -0.5086446461748788 -0.32359375295242776 0.012700658769141615 0.39614746155220093 0.6007710454039497 0.6924068242592978 0.7956082839410492 1.0322599070043759 1.3276296019555955 1.621219961395061 1.8507542424113703 1.9664110506754022 2.056267494018996 2.1212132401980295 2.2003936704710974 2.325836824049778 2.2591117423589906 1.8818926138670713 1.4281620583697157 1.1523650540477937 0.7368902120531562 0.25291095285597676 -0.2604273422851491 -0.701702549200224 -0.5575763727481231 0.09010175353045513 0.6799514756770175 0.8134016390585928 0.9326171183461331 1.3258502664438414 2.03936380665733
0.6256817425685102 0.6176747327656158 0.9272791118108701 1.4326103971491015 1.806270854617512 2.028687793586804 1.949507363313736 1.7617874668236535 1.4468450812431362 1.1194473470803383 0.7973876194528036 0.44329985261369087 0.11323311518326173 -0.03978973882761139 0.025156007351422094 0.1399231478595766 0.3712367643876402 0.5002385889898295 0.5251492861543903 0.6078883874509668 0.8774577174817488 1.255566513729545 1.5749572380894483 1.8160571999321609 1.8979066334728603 2.0598261650425047 2.2048420092504832 2.341850843655567 2.6692485778183648 2.3133814754674975 1.7128557402504092 1.0367082457837618 0.8436503427584163 0.6710547981182458 0.4637622109988657 0.08298441148343771 -0.382311824840321 -0.6180737801477703 -0.19459192835023842 0.3409880606878166 0.825856987640873 1.6986210561563748 2.9752942858401106 4.057130276986746
0.8036152937439438 0.6968551630386837 0.82051898110561 0.8925820693316606 1.2484491716825277 1.6834967043064628 2.0420328099249616 1.9681903861871566 1.859650919970142 1.4593004298254164 1.1514753862919165 0.9495208057077993 0.7822632676028918 0.6390267589066678 0.4379618460784278 0.4539758656842168 0.36589875785237713 0.3979267970639553 0.4201684909608845 0.5304872926896533 0.8721197109464858 1.5117908274221694 2.166586295747765 2.4922046943988083 2.638999874118541 2.490425358887054 2.468183664990125 2.34096117589969 2.728856317462135 2.3551958599937244 1.4699764428959425 0.7262141989826303 0.5215906151308816 0.5295976249337762 0.23511759773843366 -0.41700886731953046 -1.1625504467445973 -1.4472441286252908 -1.1812334696180176 -0.6323084642418051 0.5002385889898295 2.209290348029869 3.5215502879486915 4.813347869482339
0.20753789730624117 0.2333382622266793 0.27248364348527465 0.4335135072990419 0.6096677229627212 0.9388447926372734 1.5109011596662922 1.8471955713878616 1.9192586596139123 1.6434616552919903 1.2956015627440176 1.0251425649573587 0.9130444277168355 0.8908027338199063 0.9717624996047285 0.8792370529935032 0.8160706423262241 0.8018359582321894 0.6799514756770175 0.6523717752448253 0.969093496337097 1.551825876436642 2.178151976574168 2.552702101798456 2.563378114868982 2.368540876331882 1.9690800539430338 2.008225435201629 2.516225723807492 2.2386493839738155 1.3374159472702445 0.4984592534780752 0.24668327856483696 0.050956372271859784 -0.472168268183915 -1.3378149946523994 -2.2034617211208833 -2.5797911818569257 -2.450789357254736 -1.5317625654336218 -0.13765319197409998 1.8471955713878616 3.421907499290449 4.607834617874714
-0.4890719555455809 -0.28711737496146394 0.08031540821580618 0.20753789730624117 0.3374293896643079 0.655930446268334 1.1550340573154252 1.615881954859798 1.8667682620171595 1.7884774994999686 1.7333180986355843 1.4326103971491015 1.101653991962795 1.037597913539639 1.0571706041689366 1.0678466172394627 1.0402669168072705 1.0714052882629714 1.0037905388163066 1.0233632294456043 1.06873628499534 1.499335478839889 1.6132129515921667 1.5633915572630452 1.4601900975812936 1.2101934581798095 0.9708728318488513 1.4521830877783992 2.19327632842408 1.933493343707947 1.2093037904239323 0.27693198226466054 -0.17679857323269532 -0.6767918520356635 -1.343153001187662 -1.936561394357733 -2.7185793517737635 -3.290635718802782 -3.449886247104796 -2.5984742047303464 -0.5157619882218962 1.7600081313118991 3.4130108217316772 4.380969340126036
-0.4267952126341794 -0.008651367371910634 0.3605607513171143 0.7529042316589452 0.8587746946083281 1.1007643242069178 1.3285192697114727 1.790256835011723 2.0954128752775913 2.1532412794096074 2.188827989644694 2.132778921024433 1.7991535125704945 1.4272723906138385 1.075853627042357 1.0927573144040235 1.0785226303099886 1.1292336923949873 1.2786978753823515 1.5616122217512909 1.6069852773010265 1.5002251465957661 1.3988030224257693 0.9824385126752546 0.3240843733261505 0.07319806616878921 -0.03267239678059397 0.6826204789446491 1.6283373034420783 2.03936380665733 1.3116155823498066 0.24223493978545108 -0.46683026164865193 -0.9783892212780234 -1.4267817702401158 -2.002396808292644 -2.7079033387032374 -3.504155980213303 -3.6758618570975963 -2.740821045670693 -0.5673627180627716 1.7128557402504092 3.3302717204351007 4.30089924209709
0.4824452338722862 0.9717624996047285 1.3596576411671737 1.796484509302863 1.9317140081961925 1.8302918840261955 1.9877630768164543 2.326726491805655 2.6665795745507332 2.770670701988362 2.8436234579702897 2.803588408955817 2.3916722379846886 1.9503970310696133 1.3907960126228747 1.1238956858597242 1.1096610017656896 1.381899335064103 1.7502217859972504 2.1212132401980295 2.405017254322846 2.3009261268852175 1.9886527445723314 1.3525402991201565 0.6194540682773702 -0.12608751114769667 -0.3422767758258485 0.11590211845089327 1.244890500659019 1.742214776194356 1.3916856803787518 0.30540135045272976 -0.39832584444610974 -0.7773243084497836 -1.2221581863883673 -1.6367433606271278 -2.3894022820992116 -3.1038054900685776 -3.24437299549717 -2.3031045097791263 -0.7702069664027662 1.1194473470803383 2.6514552227008212 3.152338169259667
1.4379484036843646 1.652358332850762 1.9948804188634717 2.335623169364427 2.6407792096302956 2.489535691131177 2.549143430774947 2.8792101682053763 3.507315603854657 3.6799111484948277 3.689697493809476 3.3614100918908014 2.8889965135200253 2.109647559371626 1.5553845474601506 1.27602887211472 1.4068100322286636 1.711966072494532 2.363202869796619 3.0117706638310744 3.348954743308521 3.5500196561367607 3.2555396289414182 2.600744160615823 1.816946867688038 1.0233632294456043 0.34365706395544815 0.4575345367077255 1.1710480769212142 0.9237204407873614 0.5064662632809698 0.14259215112720813 -0.09228013642436439 -0.3858704958638297 -0.636756803021191 -0.9686028759633745 -1.7817592048351059 -2.3386912200142134 -2.6127088888243803 -2.3475878975729843 -1.1242947332418791 0.2831596565558008 0.8890233983081519 1.4495140845107677
1.8400782293408444 2.1176545691745208 2.2653394166501304 2.4130242641257404 2.782236382814765 2.8089264154910802 2.8009194056881856 3.1923732182741396 4.031329912066308 4.369403659299632 4.198587450171217 3.755532907744387 3.1923732182741396 2.2902501138146913 1.658586007141902 1.4948871400605033 1.7600081313118991 2.341850843655567 3.131875810874492 3.953039149549118 4.6523180056685725 5.047330489278035 5.049109824789788 4.510860832484102 3.6389864317244776 2.74931867584731 2.023349787051541 1.752890789264882 1.519797837225064 1.106102330742181 0.8463193460260479 0.8899130660640291 0.9254997762991157 0.6123367262303527 0.32052570230264177 -0.20437827366488737 -1.1865714761532806 -1.8093389052672983 -2.2292620860413215 -2.122501955336061 -1.4196644281930988 -0.12430817563594232 0.7075311761092098 1.1452477120007762
2.1692552990153966 2.5028807074693344 2.599854492859946 2.5357984144367895 2.515336056051615 2.4459419710931956 2.3427405114114443 2.7048352880534514 3.6487727770391265 4.538440532916294 4.529543855357523 4.34182395886744 4.108731006827623 3.731511878335703 3.117641126780457 2.8605271453319556 3.0295640189486175 3.5482403206250064 4.186132101588936 5.0562271668368055 5.863155821417397 6.388059797384926 6.4645712243903635 5.916535886770028 5.078468860733736 4.275098877176653 3.6585591223537755 3.3560720853555384 3.167462521109579 3.05714371938081 2.95661126296669 2.766222363208976 2.2769050974765337 1.6950623851328661 1.06873628499534 0.3000633439174667 -0.636756803021191 -1.1536537691858255 -1.4232230992166075 -1.4134367539019586 -1.1385294173359135 -0.5415623531423339 1.0794122980658658 1.8178365354439152
2.34096117589969 2.3765478861347766 2.4459419710931956 2.415693267393372 2.250215064800219 2.2920294493264457 2.1861589863770625 2.357864863261356 2.7591050211619588 3.656779786842021 4.435239073234543 4.990391752901896 5.009964443531193 4.940570358572774 4.80978919845883 4.551785549254452 4.445025418549192 4.64964900240094 5.0064057725076845 5.662980576345035 6.33645906754405 6.682539824580269 6.664746469462726 5.926322232084676 5.091813877071893 4.408549040558228 4.084709977418939 3.9646048303755212 3.835603005773332 3.8925417421494704 3.8987694164406106 3.8098026408528938 3.322264710632206 2.477970010304774 1.467307439628311 0.56607400292474 0.00825231998975573 -0.22306129653830808 -0.36095979869926875 -0.30224172681137595 -0.09939747847138136 -0.5735903923539118 -0.15366721157988872 0.6897378209916663
2.255553071335482 2.2849121072794283 2.4993220364458257 2.5971854895923143 2.429927951487407 2.2164076900768865 2.1381169275596954 2.070502178113031 2.3018157946410946 2.66124156801547 3.485963577713605 4.170118081983147 4.79733384987655 4.99839876270479 5.405866594896533 5.75550602295626 5.69589828331249 5.4459016439110055 5.42899795654934 5.706574296383016 5.671877253903807 5.816003430355908 5.509068054578284 4.771533484956112 4.07492363210429 3.824926992702806 3.689697493809476 4.057130276986746 4.130972700724552 4.053571605963238 3.7724365951060532 3.51888128468106 2.9708459470607247 2.113206230395135 1.2333248198326159 0.8489883492936794 0.597212374380441 0.5856466935540376 0.661268452803597 0.7208761924473672 0.7030828373298239 0.44863785914895393 0.4112718134021127 0.9281687795667473
2.145234269606713 2.0535984907513645 2.288470778302937 2.7760087085236247 2.84985113226143 2.557150440577842 2.278684432988288 2.1968349994475886 2.1683656312595194 2.0162324450045235 2.549143430774947 2.9325902335580065 3.510874274878166 4.010867553681134 4.486839803075419 4.87918328341725 5.125621251795225 4.989502085146018 4.648759334645064 4.038447254113326 3.88631406785833 3.1825868729594906 2.7297459852180124 2.087405865474697 1.8418575648525985 1.6069852773010265 1.8623199232377736 2.213738686809255 2.310712472199866 2.1051992205922403 1.8089398578851434 1.2368834908561246 0.8721197109464858 0.4299548362755332 1.0020112033045523 0.9575278155106939 1.5064528208869064 1.9156999885904036 2.048260484216102 2.103419885080486 1.9886527445723314 1.736876769659093 1.160372063850688 1.5117908274221694
1.9610730441401392 1.8285125485144411 1.896127297961106 2.357864863261356 3.0393503642632664 3.0019843185164254 2.670138245574242 2.1914969929123256 2.118544236930398 1.9094723142992636 1.848974906899616 2.2333113774385525 2.468183664990125 2.8703134906466046 3.1407724884332637 3.3783137792524673 3.6247517476304427 3.7386292203827205 3.332051055946855 2.506439378492843 1.1523650540477937 0.42639616525202473 -0.47394760369566935 -0.9214504849018845 -1.0744733389127576 -0.7212752398295219 -0.4445885677517225 -0.19815059937374713 0.09188108904220949 -0.0531347551657686 0.3570020802936056 0.005583316722124199 0.1070054408921215 0.8249673198849958 1.397913354669892 2.462845658454862 3.2288495962651034 3.6203034088510573 3.5980617149541283 3.6532211158185124 3.109634116977563 2.4824183490841594 1.8525335779231247 1.4157067097874352
1.785808496232337 1.5260255115162042 1.5918609254511145 2.050039819727856 3.0260053479251092 3.278670990594225 2.664800239038979 2.1852693186211853 1.9156999885904036 1.8614302554818964 1.748442450485496 2.001997760910489 2.235090712950307 2.5251224013662634 2.817823093049852 3.047357374066161 3.4308041768492203 3.5687026790101815 3.202159563588788 2.218187025588641 0.8605540301200825 -0.779103643961538 -1.9089816939255413 -2.3431395587935993 -2.1598680010829026 -1.8057802342437896 -1.368063698352223 -1.056679983795214 -0.5922734152273326 0.3071806859644841 0.7173175214238585 1.4237137195903298 1.9877630768164543 2.8098160832469574 3.4245765025580805 4.5073021614605935 4.976157068807861 4.995729759437159 4.9512463716433 4.391645353196562 3.7982369600264905 2.9548319274549355 2.352526856726093 1.913030985322772
1.721752417809181 1.4477347489990133 1.1799447544799857 1.5909712576952373 2.7733397052559936 3.630089754165706 2.9130175429287086 2.0989715463011 1.7555597925325133 1.6959520528887433 1.759118463556022 2.027798125830927 2.7751190407677475 3.1870352117388765 3.783112608176579 4.421004389140508 4.806230527435321 4.85071391522918 4.511750500239979 3.6060687247570224 2.627434193292138 0.9664244930694654 -0.36451846972277746 -0.9597061984046027 -0.7524136112852227 -0.546900359677597 -0.10028714622725854 0.4201684909608845 1.1888414320387575 2.1737036377947825 2.953052591943181 3.920121442581663 4.555344220277961 4.977046736563738 5.571344797489687 5.604262504457141 5.674546257171437 5.477929683122584 5.066903179907332 4.4921778096106815 4.005529547145871 3.375644775984836 2.863196148599587 2.4886460233752996
1.7493321182413732 1.4183757130550667 1.085639972357006 1.0367082457837618 2.081178191183557 3.2404152770915067 2.9886393021782682 2.219076693344518 1.790256835011723 1.6149922871039208 1.7973741770587401 2.495763365422317 3.3453960722850122 4.384528011149545 5.310672145017676 5.951232929249237 6.171870532706775 6.167422193927388 5.783085723388452 5.156759623250926 4.381859007881912 3.8098026408528938 2.8694238228907274 2.3053744656646034 2.277794765232411 2.425479612708021 2.581171469986525 3.0304536867044947 3.740408555894475 4.219939476312268 4.920997667943476 5.379176562220218 5.721698648232928 5.852479808346871 5.748388680909242 5.581131142804335 5.282202776829607 4.9868330818783875 4.6576560122038355 4.309795919655862 3.8747483870319273 3.4245765025580805 3.1487794982361583 2.7760087085236247
1.6221096291509383 1.3899063448669975 1.0954263176716548 0.9628658220459569 1.547377537657256 2.4121345963698633 2.469073332746002 2.171924302283028 1.8409678970967216 1.7804704896970742 2.288470778302937 3.117641126780457 4.23506382816218 5.51707506438118 6.4743575697050115 6.949440151343419 7.059758953072189 6.844459356149914 6.41830850108475 5.898742531652484 5.469033005563812 5.16832530407733 4.961032716957949 4.6371936538186596 4.455701431619717 4.397873027487702 4.510860832484102 4.735946774721025 5.002847101484177 5.235050385768117 5.372948887929078 5.42899795654934 5.4708123410755665 5.329355167891096 5.149642281203908 4.926335674478739 4.698580728974185 4.348941300914458 4.0081985504135025 3.689697493809476 3.4299145090933436 3.1292068076068604 2.953052591943181 2.9050105331258145
