static/data/seaWind_vo/2023/7/3/12.asc
ncols 137
nrows 93
xllcorner 108.0
yllcorner 17.0
cellsize 0.25
NODATA_value -32767
[rows 57 to 75 of 93, columns 44 to 87 of 137]
2.373878882867145 3.36496876291431 5.6104901787482815 8.597104835227935 9.017028016001957 8.739451676168281 8.36312221543224 7.656726017265768 6.832893675323509 6.008171665625376 4.915659661408213 5.513516393357671 6.152297842077477 6.463681556634485 6.667415472730356 6.736809557688776 7.003709884451926 7.2483685173181485 7.077552308189732 6.750154574026933 6.431653517422907 6.123828473889407 5.8702731634644145 5.6007038334336325 5.337362177693992 5.162097629786189 5.0766895252219815 5.08024819624549 4.972598397784353 4.7475124555474295 4.420114721384631 4.240401834697443 4.264422864106127 4.625627972992257 5.172773642856715 5.4156529402111815 5.509957722334162 5.442342972887497 5.2759751025384665 5.085586202780753 4.873845276881987 4.728829432674008 4.642531660353923 4.502853822681208
2.878320500449499 5.2617404184444325 7.694981730768486 8.713651311247844 8.454757994287588 8.170953980162771 7.835549236197078 7.20655413279192 6.212795249477124 5.0064057725076845 3.443259525431501 4.5677995688602415 5.608710843236527 6.375604448802646 6.588235042457288 6.681650156824391 7.03395858815175 7.242140843027007 6.960116164413945 6.614925075133604 6.267064982585632 5.961908942319763 5.735933332326962 5.474371012099075 5.170104639589084 4.9023146450700565 4.795554514364795 4.792885511097165 4.826692885820497 4.735057106965149 4.610503621142345 4.461929105910858 4.59004126275717 4.99839876270479 5.582020810560213 5.721698648232928 5.769740707050294 5.673656589415561 5.509957722334162 5.305334138482413 5.052668495813297 4.920997667943476 4.785768169050147 4.632745315039275
4.994840091681281 7.205664465036044 8.178071322209789 8.504579388616708 8.223444377759524 7.730568441003573 7.522386186128315 6.80798297815895 5.719919312721173 3.3605204241349242 2.057157161774873 3.4130108217316772 5.563337787686792 6.325783054473525 6.590014377969043 6.750154574026933 7.112249350668941 6.972571512996225 6.75460291280632 6.429874181911153 6.077565750583795 5.8204517691352935 5.634511208156965 5.383624900999604 5.037544143963386 4.762636807397341 4.586482591733661 4.574027243151381 4.670111360786115 4.582923920710153 4.481501796540156 4.5304335231134 4.694132390194799 5.204801682068293 5.757285358468014 5.8951838606289755 5.907639209211256 5.817782765867662 5.693229280044858 5.503730048043021 5.2314917147446085 5.088255206048384 4.93256334876988 4.7270500971622536
6.5037166056489575 7.755479138168134 8.664719584674598 8.315080156614872 8.178071322209789 7.591780271086735 7.27594821775034 6.497488931357818 3.9032177552199965 1.4815421237223458 0.7867116063822777 2.255553071335482 4.566020233348487 6.3097690348677355 6.607807733086586 6.82666600103237 7.05620028204868 6.755492580562196 6.494819928090186 6.170980864950897 5.921873893305291 5.71458130618591 5.443232640643374 5.235050385768117 4.935232352037511 4.7421744490121664 4.568689236616118 4.51797817453112 4.5419992039398025 4.4227837246522625 4.345382629890949 4.396983359731825 4.7617471396414635 5.298216796435396 5.774189045829681 5.882728512046695 5.907639209211256 5.884507847558449 5.762623365003277 5.6007038334336325 5.3658315458820605 5.2065810175800475 4.961032716957949 4.754629797594446
7.070434966142715 8.32486650192952 8.520593408222497 8.196754345083209 7.8871499660379545 7.390715358258495 6.910294770084825 4.9512463716433 2.3516371889702157 0.8534366880730653 0.48956257591930363 1.542039531121993 3.963715162619644 5.711022635162402 6.69499517316255 6.9236397864229815 6.859583707999825 6.509944279940099 6.234147275618176 5.910308212478887 5.661201240833281 5.531309748475214 5.224374372697591 5.1016002223865415 5.060675505616192 4.867617602590847 4.725270761650499 4.6576560122038355 4.488619138587174 4.300009574341214 4.231505157138671 4.412107711581736 4.7768714914913755 5.303554802970659 5.713691638430033 5.807106752797136 5.845362466299854 5.822231104647047 5.757285358468014 5.6007038334336325 5.424549617769953 5.203912014312416 4.942349694084529 4.679897706100764
7.966330396311022 8.042841823316458 8.222554710003646 7.81597654556778 7.295520908379638 6.89606008599079 5.267078424979695 3.3080300265381712 2.0527088229954873 0.9931145257457805 0.8436503427584163 1.657696339386025 4.1185173521422715 5.840914127520469 6.87381839209386 7.004599552207804 6.802644971623687 6.420087836596505 5.918315222281782 5.598034830166002 5.395190581826007 5.257292079665046 5.181670320415487 5.20569134982417 5.222595037185837 5.167435636321452 5.033985472939877 4.7822094980266385 4.525985184334014 4.30089924209709 4.276878212688407 4.467267112446121 4.840037902158654 5.35337619729978 5.654083898786263 5.741271338862225 5.7750787135855575 5.735043664571085 5.671877253903807 5.572234465245563 5.403197591628901 5.13985593588926 4.864058931567338 4.598937940315942
8.006365445325494 8.024158800443038 7.74391345734173 7.121146028227713 6.870259721070351 6.041089372592831 3.9130041005346454 1.9379416824873328 0.8347536651996448 0.8169603100821012 0.6541511107565796 2.5260120691221406 4.985053746366633 6.605138729818956 7.2572651948769185 7.368473664361565 7.067765962875082 6.402294481478961 5.800879078505996 5.421880614502323 5.244836731082765 5.178111649391978 5.392521578558375 5.413873604699427 5.317789487064694 5.276864770294344 5.122952248527594 4.8169065405058475 4.635414318306905 4.496626148390067 4.49573648063419 4.703029067753571 5.074910189710227 5.436115298596357 5.681663599218455 5.737712667838716 5.651414895518631 5.612269514260036 5.563337787686792 5.481488354146093 5.310672145017676 5.059785837860314 4.803561524167691 4.545557874963311
7.7323477765153275 7.560641899631033 7.1078010118895545 6.812431316938335 6.85780437248807 5.124731584039348 2.6941592749829253 0.8650023688994684 -0.09494913969199592 -0.23106830634120223 0.5011282567457067 3.0784957455218622 5.6407388824481055 7.380929012943845 7.955654383240496 7.787507177379711 7.314203931253058 6.646063446589306 5.914756551258273 5.517964732137056 5.387183572023113 5.372059220173201 5.6104901787482815 5.47881935087846 5.340031180961622 5.172773642856715 4.990391752901896 4.840927569914531 4.79110617558541 4.795554514364795 4.915659661408213 5.091813877071893 5.333803506670483 5.646076888983369 5.80265841401775 5.731484993547577 5.588248484851352 5.472591676587321 5.408535598164164 5.323127493599957 5.173663310612593 4.953025707155055 4.712815413068219 4.461929105910858
7.116697689448326 6.62560108820413 6.222581594791773 6.492150924822555 6.562434677536851 3.801795631049999 2.66124156801547 1.3685543187259452 0.12568846376554177 -0.3627391342110231 -0.2328476418529566 2.4183622706610035 5.586469149339598 7.614021964983664 8.307073146811977 8.168284976895139 7.554414225339894 7.111359682913063 6.330231393252911 5.778637384609066 5.5953658268983695 5.658532237565648 5.751057684176875 5.534868419498722 5.268857760491449 5.0268681308928596 4.920997667943476 4.995729759437159 5.114945238724699 5.234160718012239 5.356934868323289 5.525082074184073 5.725257319256436 5.892514857361344 5.877390505511432 5.7448300098857334 5.54198576154574 5.372059220173201 5.258181747420924 5.162097629786189 5.017081785578211 4.83203089235576 4.646979999133309 4.4521427605962085
5.977922961925552 5.597145162410124 5.725257319256436 6.355142090417472 6.502826937893081 3.4539355385020265 2.581171469986525 1.4975561433281346 0.15771650297712014 -0.8627324130139917 -1.4961758551985351 1.7253110888326897 5.61404884977179 7.6478293397069965 8.212768364688998 8.244796403900576 7.597118277621998 7.095345663307274 6.517951289742992 6.146959835542214 5.973474623146166 5.897852863896607 5.798210075238364 5.472591676587321 5.177221981636102 5.017971453334088 5.064234176639701 5.211029356359433 5.3862939042672355 5.6007038334336325 5.670097918392052 5.7902030654354695 5.948563925981606 5.993047313775463 5.912977215746519 5.703015625359507 5.44768097942276 5.244836731082765 5.0864758705366295 4.965481055737335 4.840927569914531 4.69680139346243 4.550895881498574 4.413887047093491
4.9663707234932115 5.160318294274434 5.578462139536704 6.301762025064841 6.280409998923789 3.1550071725272986 2.230642374170921 1.0891986433805148 -0.3591804631875144 -1.3324769881171363 0.06341172085414026 3.740408555894475 6.990364868113769 8.30974215007961 8.705644301444948 8.640698555265915 8.071311191504527 7.507261834278404 6.780403277726757 6.356031758173348 6.08557276038669 5.951232929249237 5.788423729923715 5.44145330513162 5.198574007777153 5.160318294274434 5.247505734350398 5.494833370484249 5.668318582880298 5.7501680164209965 5.743050674373979 5.853369476102749 5.934329241887571 5.914756551258273 5.807996420553013 5.5651171231985455 5.351596861788026 5.138076600377506 4.9565843781785635 4.793775178853041 4.6567663444479575 4.51797817453112 4.418335385872877 4.314244258435248
5.017971453334088 5.182559988171364 5.582020810560213 6.12293880613353 5.751947351932751 2.822271431829238 1.954845369848999 0.714648518156227 -0.7684276308910118 1.042935920074902 4.142538381550954 7.180753767871483 8.022379464931284 9.218092928830197 8.906709214273189 8.706533969200827 8.470772013893376 7.901384650131989 7.077552308189732 6.466350559902118 6.193222558847827 5.992157646019587 5.824900107914679 5.522413070916442 5.463694999028549 5.425439285525831 5.543765097057494 5.766182036026786 5.751057684176875 5.6354008759128424 5.606931507724773 5.641628550203983 5.711912302918279 5.6505252277627545 5.538427090522231 5.348038190764518 5.226153708209345 5.0064057725076845 4.791995843341287 4.638083321574538 4.446804754060946 4.315133926191125 4.225277482847531 4.203925456706479
5.573124133001441 5.762623365003277 5.683442934730209 5.571344797489687 5.170104639589084 2.6639105712831017 1.471755778407697 1.1256750213714786 1.7573391280442676 4.160331736668498 7.924516011784796 9.349763756700018 9.62911943204545 9.373784786108702 9.039269709898887 8.759914034553455 8.549952444166443 7.97344773835804 7.142498054368765 6.615814742889482 6.2599476405386145 6.053544721175111 5.8951838606289755 5.663870244100911 5.684332602486087 5.723477983744682 5.794651404214855 5.81511376260003 5.663870244100911 5.477040015366707 5.291989122144256 5.255512744153291 5.276864770294344 5.234160718012239 5.170104639589084 5.098041551363033 5.0508891603015424 4.847155244205672 4.654097341180327 4.487729470831296 4.306237248632353 4.182573430565427 4.077592635371921 4.037557586357449
6.032192695034059 5.646966556739246 5.32846550013522 5.117614241992331 4.858720925032075 3.089171758592388 1.5215771727368184 0.9068167534256952 2.9228038882433576 6.846238691661668 9.35243275996765 9.807052983220883 9.702072188027376 9.39602648000563 8.93161991143775 8.654043571604072 8.38180523830566 7.880922291746813 7.14427738988052 6.70745052174483 6.348024748370454 6.081124421607303 5.992157646019587 5.856928147126258 5.943225919446343 5.935218909643448 6.004612994601867 5.738602335594594 5.4761503476108295 5.20569134982417 4.935232352037511 4.856051921764443 4.711036077556464 4.674559699565501 4.775092155979621 4.818685876017602 4.808899530702954 4.620289966456994 4.467267112446121 4.364955320520247 4.203925456706479 4.1176276843863935 3.9823981854930643 3.9272387846286803
5.8106654238206445 5.421880614502323 4.988612417390142 4.728829432674008 4.63096597952752 4.153214394621481 2.2110696835416235 1.6808277010388313 3.7128288554622824 6.717236867059478 8.514365733931358 8.83375645829126 8.968096289428713 8.696747623886177 8.620236196880741 8.354225537873468 8.112235908274878 7.74391345734173 7.088228321260257 6.720795538082987 6.364038767976243 6.121159470621776 6.038420369325199 6.052655053419234 6.15763584861274 6.096248773457216 5.857817814882134 5.591807155874861 5.211029356359433 4.915659661408213 4.614951959921731 4.460149770399104 4.274209209420776 4.240401834697443 4.351610304182089 4.455701431619717 4.444135750793315 4.284885222491302 4.221718811824022 4.130972700724552 4.110510342339377 4.042895592892712 3.9023280874641193 3.8231476571910514
5.502840380287145 5.253733408641537 4.846265576449794 4.411218043825859 4.195028779147708 4.038447254113326 3.2057182346122968 2.665689906794856 3.4121211539758 5.7003466220918755 6.84534902390579 7.549965886560507 7.706547411594888 7.945868037925846 7.936971360367076 7.876473952967428 7.6478293397069965 7.435198746052352 7.020613571813593 6.711898860524215 6.433432852934661 6.193222558847827 6.14518050003046 6.205677907430108 6.251050962979843 6.0152890076723935 5.721698648232928 5.313341148285307 4.913880325896459 4.650538670156818 4.366734656032001 4.151435059109726 3.9672738336431523 3.9468114752579777 3.9868465242724502 4.038447254113326 4.025991905531046 3.9174524393140313 3.885424400102453 3.8880934033700845 3.8836450645906986 3.8703000482525414 3.766208920814913 3.646993441527372
5.32846550013522 5.122952248527594 4.7617471396414635 4.276878212688407 4.031329912066308 3.7644295853031586 3.5090949393664115 3.630089754165706 4.156773065644989 4.886300625464267 5.658532237565648 6.227919601327036 6.383611458605541 6.807093310403072 7.097124998819028 7.1033526731101695 7.170967422556835 7.025951578348856 6.837342014102896 6.6496221176128145 6.3747147810467695 6.225250598059405 6.27685132790028 6.3044310283324725 6.17631887148616 5.862266153661521 5.477040015366707 5.055337499080929 4.648759334645064 4.358727646229107 4.046454263916221 3.868520712740787 3.76709858857079 3.7324015460915803 3.7003735068800023 3.6025100537335137 3.6122963990481627 3.542012646333866 3.5882753696394794 3.590944372907111 3.5589163336955325 3.5526886594043923 3.466390887084307 3.332051055946855
5.1167245742364535 4.9619223847138265 4.694132390194799 4.2226084795799 4.001970876122362 3.906776426243505 3.962825494863767 4.123855358677535 4.4521427605962085 4.912990658140583 5.280423441317852 5.084696535024875 5.243057395571011 5.783085723388452 6.220802259280019 6.444998533761066 6.66652580497448 6.646063446589306 6.626490755960008 6.448557204784574 6.3097690348677355 6.243043953176948 6.186994884556686 6.093579770189583 5.9752539586579205 5.6158281852835445 5.221705369429959 4.823134214796989 4.4325700699669115 4.077592635371921 3.745746562429738 3.6025100537335137 3.5037569328311484 3.4156798249993088 3.3302717204351007 3.2706639807913302 3.326713049411592 3.312478365317557 3.340947733505627 3.26443630650019 3.173690195400719 3.1247584688274745 3.00376365402818 2.9236935559992347
5.001957433728299 4.785768169050147 4.574916910907259 4.374741665834895 4.192359775880076 4.034888583089817 4.1781250917860415 4.402321366267088 4.724381093894623 5.088255206048384 5.117614241992331 4.591820598268924 4.827582553576374 5.590027820363106 6.123828473889407 6.253719966247473 6.257278637270982 6.325783054473525 6.324893386717648 6.165642858415634 6.078455418339672 6.033082362789937 5.9565709357845 5.913866883502395 5.654083898786263 5.297327128679519 4.954805042666809 4.592710266024802 4.1879114371006905 3.821368321679297 3.5144329459016745 3.3480650755526438 3.2101665733916827 3.1114134524893173 3.0553643838690556 3.047357374066161 3.153227837015544 3.147000162724404 3.058033387136687 2.888106845764148 2.7688913664766077 2.7155113011239775 2.655903561480207 2.6674692423066104
