static/data/seaWind_vo/2023/7/3/6.asc
ncols 137
nrows 93
xllcorner 108.0
yllcorner 17.0
cellsize 0.25
NODATA_value -32767
[rows 19 to 37 of 93, columns 44 to 87 of 137]
0.7769252610676287 -0.3218144174406734 -1.2399515415059108 -1.637633028383005 -1.4196644281930988 -0.9428025110429368 -0.12341850788006514 0.8676713721670999 1.9121413175668949 2.590068147545297 3.2092769056358055 3.640765767236232 3.885424400102453 3.8845347323465758 3.8836450645906986 3.740408555894475 3.449487199722641 2.9388179078491468 2.3970102445199513 1.9637420474077707 1.7084074014710235 1.499335478839889 1.4859904625017315 1.615881954859798 1.8552025811907562 2.414803599637495 3.1194204622922115 3.9147834360464 4.729719100429886 4.437018408746297 3.5153226136575517 2.6736969165977507 2.5242327336103862 2.0633848360660134 1.4904388012811174 1.0883089756246376 0.9335067861020103 1.0037905388163066 1.2315454843208615 1.3907960126228747 0.7110898471327183 -0.09228013642436439 -0.5139826527101419 -0.02644472248945373
-0.020217048198313492 -1.070914667889249 -1.7532898366470362 -1.828021928140719 -1.1474260948946853 -0.30224172681137595 0.5856466935540376 1.4165963775433124 2.0269084580750496 2.574943795695385 3.019777673633969 3.284008997129488 3.3578514208672927 3.4948602552723766 3.671904138691933 3.756422575500264 3.7012631746358795 3.3934381311023794 3.004653321784057 2.6576828969919615 2.411244928613986 2.2920294493264457 2.2964777881058316 2.3872238992053028 2.510887717272229 2.807147079979326 3.37119643720545 4.166559410959638 5.2065810175800475 4.91032165487295 3.831154666993946 2.7582153534060816 2.399679247787583 2.3863342314494256 2.331174830585041 2.2751257619647793 2.0731711813806624 1.3356366117584901 0.8276363231526274 0.2707043079735203 -0.9054364652960958 -1.2301651961912619 -0.5486796951893513 1.0206942261779728
-0.17057089894155508 -0.9952929086396898 -1.5219762201189728 -1.5540042593305508 -0.7346202561676796 0.6968551630386837 1.8133881966645293 2.7902433926176595 3.2929056746882592 3.4735082291313244 3.3204853751204517 3.2884573359088733 3.337389062482118 3.575820021057199 3.7297325428239487 3.815140647388157 3.821368321679297 3.6389864317244776 3.341837401261504 3.0135499993428287 2.8009194056881856 3.0135499993428287 3.1932628860300167 3.449487199722641 3.533115968775095 3.5215502879486915 3.622972412118689 4.173676753006656 5.019750788845842 4.96726039124909 3.9343561266756977 2.8534098032849387 2.4886460233752996 2.500211704201703 2.6834832619123996 2.728856317462135 2.429927951487407 0.97443150287236 -0.011320370639541721 -1.0148655992689872 -1.7346068137736164 -1.0895976907626692 0.3409880606878166 2.0411431421690844
1.054501600901305 0.5473909800513195 0.1185711217185248 0.23956593651781954 0.8899130660640291 2.0785091879159254 3.1389931529215094 4.065137286789641 4.437018408746297 4.308906251899986 4.090937651710079 3.6950355003447393 3.560695669207287 3.5153226136575517 3.366748098426064 3.375644775984836 3.4183488282669403 3.4930809197606223 3.2768916550824705 3.1977112248094026 3.1185307945363343 3.386320789055362 3.8098026408528938 4.111400010095254 4.42367339240814 4.240401834697443 4.168338746471393 4.064247619033764 4.609613953386468 4.716374084091727 4.243960505720952 3.3614100918908014 3.0019843185164254 2.665689906794856 2.617647847977489 2.0064460996898745 1.307167243570421 0.236896933250188 -0.08872146540085568 -0.7301719173882937 -0.20615760917664172 0.5883156968216692 1.641682319780236 2.241318387241447
2.2600014101148678 1.9681903861871566 1.9165896563462808 2.2653394166501304 2.5037703752252116 3.0535850483573013 3.979729182225433 4.754629797594446 5.065123844395577 4.817796208261726 4.378300336858404 3.8872037356142073 3.5366746397986035 3.2101665733916827 2.9414869111167783 2.8231610995851146 2.8605271453319556 2.968176943793093 3.1496691659920355 3.2341876028003664 3.3614100918908014 3.6701248031801788 4.136310707259815 4.543778539451557 4.734167439209271 4.655876676692081 4.4975158161459445 4.278657548200162 4.453032428352087 4.595379269292433 4.259084857570864 4.045564596160343 3.7759952661295615 3.396107134370011 2.9130175429287086 2.1737036377947825 1.196848441841652 0.608778055206844 0.37212643214351737 0.5553979898542141 1.0811916335776202 1.656806671630148 1.8632095909936508 2.145234269606713
2.745760004823801 2.6736969165977507 2.7733397052559936 2.9984256474929167 3.15767617579493 3.4939705875164995 4.206594459974111 4.63096597952752 4.888969628731898 4.646979999133309 4.267091867373758 3.757312243256141 3.3142577008293115 2.9014518621023058 2.5980751573481915 2.4770803425488968 2.480639013572405 2.563378114868982 2.7840157183265193 3.067819732451336 3.635427760700969 3.9886258597842046 4.437908076502175 4.6870150481477815 4.792885511097165 4.760857471885586 4.675449367321378 4.4779431255166475 4.459260102643226 4.533102526381032 4.308906251899986 4.144317717062709 4.330258278041037 4.479722461028402 3.9041074229758737 3.236856606067998 2.3667615408201277 1.84452656812023 1.3356366117584901 1.5820745801364655 1.811608861152775 2.274236094208902 2.4183622706610035 2.1496826083860987
2.6345515353391553 2.618537515733366 2.718180304391609 2.840954454702658 3.019777673633969 3.2768916550824705 3.4290248413374664 3.856065364158507 4.204815124462357 4.153214394621481 3.835603005773332 3.566923343498427 3.1238688010715974 2.680814258644768 2.3605338665289874 2.245766726020833 2.241318387241447 2.310712472199866 2.4655146617224935 2.8836585069847622 3.4530458707461493 3.8996590841964878 4.344492962135072 4.559792559057346 4.803561524167691 4.771533484956112 4.781319830270761 4.704808403265325 4.688794383659536 3.810692308608771 3.586496034127725 3.2662156420119444 4.049123267183852 4.336485952332177 4.475274122249015 3.806243969829385 3.575820021057199 3.2190632509504544 2.675476252109505 2.5144463882957377 2.65501389372433 2.9174658817080945 2.7955813991529226 2.526901736878018
2.310712472199866 2.298257123617586 2.3596441987731103 2.4495006421167043 2.707504291321083 2.7840157183265193 2.8329474448997636 2.891665516787657 3.2857883326412423 3.570482014521936 3.6532211158185124 3.3898794600788706 3.0607023904043187 2.6051924993952085 2.3293954950732867 2.3916722379846886 2.38811356696118 2.5073290462487203 2.6212065190009977 2.9752942858401106 3.067819732451336 3.4984189262958854 3.845389351087981 4.1932494436359535 4.55890289130147 5.0064057725076845 5.008185108019439 5.114055570968822 4.814237537238217 3.7199461975093 2.2288630386591666 1.6621446781654108 2.631882532071524 2.9165762139522173 3.0793854132777394 3.380982782520099 3.5989513827100055 3.4646115515725526 3.869410380496664 3.720835865265177 3.800016295538245 3.7430775591621064 3.4236868348022034 2.7155113011239775
1.8890099559140885 1.9566247053607533 2.0366948033896985 2.1576896181889933 2.4468316388490727 2.3987895800317056 2.2297527064150438 2.2377597162179383 2.697717946006434 3.2448636158708926 3.4877429132253592 3.555357662672024 3.2608776354766813 2.9059002008816917 2.9690666115489703 3.121199797803966 3.246642951382647 3.4379215188962378 3.455714874013781 3.2982436812235223 3.2857883326412423 3.426355838069835 3.7012631746358795 4.024212570019292 4.469936115713752 5.014412782310579 5.292878789900133 5.396969917337762 4.501074487169453 2.8605271453319556 1.2609045202648081 0.7440075541001736 1.3587679734112965 1.4174860452991895 1.6087646128127808 2.0642745038218906 2.5197843948310004 3.0171086703663375 3.796457624514736 4.529543855357523 4.827582553576374 4.609613953386468 4.116738016630517 3.4850739099577277
1.754670124776636 1.8036018513498804 1.8285125485144411 1.9085826465433864 2.114095898151012 2.0998612140569772 1.9610730441401392 2.050039819727856 2.557150440577842 3.5500196561367607 4.226167150603408 4.414776714849368 4.2973405710735815 4.026881573286923 4.197697782415339 4.257305522059109 4.303568245364723 4.1131793456070085 3.755532907744387 3.5099846071222887 3.571371682277813 3.7439672269179836 4.006419214901748 4.205704792218233 4.424563060164017 4.595379269292433 4.780430162514884 4.643421328109801 3.7003735068800023 2.298257123617586 1.377450996284717 1.297380898255772 1.5393705278543615 1.6016472707657634 1.7778014864294427 2.0358051356338214 2.0206807837839094 2.533129411169158 3.174579863156596 3.962825494863767 4.451253092840332 4.336485952332177 3.911224765022891 3.590944372907111
1.8240642097350555 1.8738856040641767 1.9139206530786492 1.954845369848999 1.9993287576428573 1.9192586596139123 1.8151675321762837 1.9610730441401392 2.547364095263193 3.7973472922706133 4.679008038344887 5.066903179907332 5.06779284766321 4.824913550308743 4.439687412013929 3.9877361920283274 3.5829373631042163 3.1541175047714214 2.696828278250557 2.6790349231330137 3.058033387136687 3.5375643075544807 3.8880934033700845 3.9601564915961354 3.8542860286467526 3.6647867966449157 3.5153226136575517 3.4379215188962378 3.1879248794947537 2.6114201736863487 2.0909645364982055 1.7573391280442676 1.5580535507277822 2.001997760910489 2.5936268185688056 3.100737439418791 3.1550071725272986 3.185255876227122 3.0784957455218622 3.1389931529215094 3.287567668152996 3.3142577008293115 3.195042221541771 2.7617740244295903
2.316940146491006 2.2858017750353055 2.304484797908726 2.304484797908726 2.2911397815705685 2.145234269606713 2.001997760910489 2.0847368622070657 2.430817619243284 3.2662156420119444 4.2475191767444604 4.889859296487776 5.057116834592684 4.914769993652337 4.445025418549192 3.957487488328504 3.4530458707461493 2.9886393021782682 2.707504291321083 2.9637286050137073 3.4085624829522914 3.8436100155762265 3.9993018728547307 3.7243945362886857 3.3195957073645745 2.9761839535959878 2.6105305059304715 2.49487369766644 2.50110137195758 2.4041275865669687 2.0793988556718026 1.795594841546986 1.6301166389538326 1.953955702093122 2.421920941684512 2.8703134906466046 3.1203101300480887 3.0010946507605483 2.8276094383645005 2.590957815301174 2.4868666878635453 2.1763726410624136 1.9210379951256666 1.5109011596662922
2.696828278250557 2.6416688773861727 2.6247651900245064 2.623875522268629 2.6416688773861727 2.4761906747930196 2.2760154297206565 2.0598261650425047 2.2075110125181148 2.505549710736966 2.957500930722567 3.656779786842021 4.2083737954858655 4.224387815091654 4.025991905531046 4.071364961080781 3.688807826053599 3.2448636158708926 2.867644487378973 3.1149721235128256 3.4352525156286062 3.783112608176579 3.8489480221114896 3.7395188881385977 3.3881001245671163 3.014439667098706 2.6532345582125756 2.430817619243284 2.395230909008197 2.3614235342848646 2.289360446058814 2.0678331748453993 1.9690800539430338 2.2484357292884645 2.6692485778183648 2.9539422596990583 3.1247584688274745 3.014439667098706 2.8160437575380977 2.527791404633895 1.8133881966645293 1.127454356883233 0.6061090519392125 0.289387330846941
3.015329334854583 2.8809895037171307 2.861416813087833 2.825830102852746 2.7902433926176595 2.5642677826248588 2.363202869796619 2.1576896181889933 1.8907892914258428 1.7706841443824253 2.0642745038218906 2.3338438338526726 2.807147079979326 2.7582153534060816 2.44772130660495 2.3818858926700397 2.129220250000924 1.7653461378471622 1.8774442750876854 2.528681072389772 2.8854378424965166 3.366748098426064 3.56603367574255 3.688807826053599 3.806243969829385 3.461942548304921 3.5731510177895673 3.586496034127725 3.5945030439306196 3.5500196561367607 3.4646115515725526 3.2092769056358055 3.010880996075197 3.189704215006508 3.316037036341066 3.556247330427901 3.5429023140897433 3.341837401261504 3.1345448141421235 2.637220538606787 1.8907892914258428 1.016245887398587 -0.022886051465945023 -0.4001051799578641
3.2030492313446652 3.056254051624933 2.9094588719052004 2.861416813087833 2.6994972815181884 2.4459419710931956 2.225304367635658 1.9272656694168069 1.6639240136771651 1.4406174069519961 1.4797627882105915 1.7493321182413732 1.4486244167548905 1.218200467982704 0.7644699124853485 0.13903348010369943 -0.11452183032129337 0.11946078947440153 0.7973876194528036 1.6834967043064628 2.777788044035379 3.273332984058962 3.8178096506557884 4.1576627334008665 4.325809939261651 4.654097341180327 4.798223517632428 5.029537134160491 5.114945238724699 5.063344508883823 4.826692885820497 4.560682226813224 4.291112896782442 4.183463098321305 4.309795919655862 4.410328376069982 4.356058642961475 4.046454263916221 3.614965402315794 3.1158617912687028 2.4281486159756525 1.5331428535632214 0.5562876576100912 0.06519105636589462
3.2083872378799283 3.0491367095779154 2.90323119761406 2.7359736595091526 2.5687161214042447 2.3720995473553907 1.949507363313736 1.6505789973390077 1.397913354669892 1.2368834908561246 1.2902635562087545 1.420155048566821 1.1132196727891983 0.639916426662545 0.16394417726825994 -0.49174095881321245 -0.35028378562874307 -0.0647004359921719 0.9797695094076231 2.2653394166501304 3.3614100918908014 4.1229656909216565 4.706587738777079 5.05800650234856 5.277754438050221 5.606931507724773 5.759064693979768 5.936998245155202 5.987709307240201 5.836465788741082 5.598924497921878 5.428108288793462 5.237719389035748 5.115834906480576 5.178111649391978 5.279533773561975 5.18700832695075 4.953025707155055 4.510860832484102 4.26353319635025 3.630979421921583 2.930810898046252 2.3712098795995136 1.8792236105994398
3.0704887357189676 2.921024552731603 2.6674692423066104 2.4788596780606507 2.4833080168400365 2.4761906747930196 1.9948804188634717 1.408589367740418 1.1372407021978816 0.9575278155106939 1.3311882729791042 1.4842111269899774 1.7947051737911088 1.3712233219935768 1.0206942261779728 1.085639972357006 1.2270971455414756 1.790256835011723 2.728856317462135 3.9895155275400818 4.713705080824097 5.4708123410755665 5.819562101379416 6.024185685231165 6.184325881289055 6.144290832274582 6.263506311562123 6.212795249477124 6.098917776724846 5.955681268028623 5.856928147126258 5.73949200335047 5.6798842637067 5.75550602295626 5.813334427088276 5.70835363189477 5.574013800757317 5.552661774616266 5.6007038334336325 5.35960387159092 5.203022346556539 4.859610592787952 4.404990369534719 4.356058642961475
2.951273256431427 2.7306356529738895 2.4503903098725814 2.1914969929123256 2.30626413342048 2.3818858926700397 1.854312913434879 1.234214487588493 0.990445522478149 0.7635802447294713 1.3881270093552431 2.1390065953155726 2.647006883921436 2.684372929668277 2.7190699721474862 2.9317005658021293 3.4290248413374664 4.098944661512974 4.846265576449794 5.541096093789863 6.167422193927388 6.463681556634485 6.6834294923361455 6.760830587097459 6.624711420448254 6.528627302813518 6.369376774511506 6.230588604594668 6.123828473889407 6.113152460818881 6.036641033813445 5.951232929249237 5.854259143858625 5.936998245155202 5.846252134055732 5.706574296383016 5.427218621037586 5.57668280402495 5.748388680909242 5.824010440158801 5.7706303748061725 5.794651404214855 5.940556916178711 5.90319087043187
3.048247041822038 2.6496758871890673 2.2164076900768865 1.8872306204023341 2.0785091879159254 1.9477280278019817 1.5553845474601506 1.2564561814854223 1.1585927283389337 1.3098362468380522 1.9904320800840858 2.703055952541697 3.2982436812235223 3.5153226136575517 4.097165326001219 4.693242722438922 5.220815701674082 5.7305953257916995 6.3542524226615935 6.781292945482635 7.044634601222276 7.200326458500781 7.186091774406746 7.037517259175258 6.834673010835264 6.555317335489834 6.295534350773701 6.111373125307127 6.113152460818881 6.15763584861274 6.194112226603703 6.1950018943595815 6.037530701569322 5.818672433623539 5.645187221227491 5.51707506438118 5.29999613194715 5.3560452005674115 5.403197591628901 5.477040015366707 5.528640745207582 5.668318582880298 6.009061333381252 6.310658702623613
