static/data/salinity/2023/7/3/0.asc
ncols 137
nrows 93
xllcorner 108.0
yllcorner 17.0
cellsize 0.25
NODATA_value -32767
[rows 54 to 80 of 93, columns 61 to 121 of 137]
34.071342 33.998688 34.053844 34.15 34.29578 34.366287 34.371037 34.36881 34.387 34.366108 34.411755 34.42322 34.31955 34.546276 34.545692 34.540775 34.379272 34.398094 34.405933 34.45891 34.445927 34.299465 34.285587 34.242214 34.232536 34.293022 34.432003 34.381714 34.555386 34.546444 34.573555 34.634064 34.64709 34.563 34.48338 34.44524 34.323013 34.172077 34.25955 34.216187 34.285873 34.26846 34.245193 34.275772 34.551804 34.58919 34.65709 34.669918 34.733517 34.75878 34.66322 34.639755 34.663242 34.68752 34.698772 34.676285 34.670246 34.659107 34.639847 34.623085 34.62361
34.09362 34.131374 34.17235 34.18067 34.249397 34.283867 34.366226 34.3297 34.351555 34.359486 34.340157 34.350468 34.440212 34.583973 34.565655 34.54546 34.51145 34.456985 -32767.0 34.510345 34.45158 34.423927 34.317142 34.305656 34.264492 34.325905 34.448788 34.41323 34.57806 34.562737 34.557873 34.63601 34.66453 34.56847 34.47967 34.461987 34.402233 34.20407 34.23169 34.235054 34.224934 34.219204 34.19403 34.3129 34.574894 34.60236 34.67414 34.703392 34.724632 34.700657 34.630383 34.68376 34.727238 34.741665 34.741035 34.739582 34.729214 34.696907 34.683212 34.636295 34.610508
34.284332 34.28217 34.307915 34.352043 34.291798 34.1878 34.23921 34.317574 34.30751 34.317257 34.36123 34.334854 34.53477 34.599655 34.615448 34.621883 34.571316 34.54993 34.47591 34.465054 34.465733 34.459843 34.452106 34.405445 34.369698 34.369007 34.424587 34.451794 34.58298 34.565975 34.552586 34.60173 34.697716 34.678856 34.629185 34.55638 34.427246 34.371384 34.214237 34.16872 34.19453 34.18186 34.18578 34.418835 34.566208 34.654408 34.701942 34.7271 34.728107 34.60357 34.704483 34.755424 34.77062 34.767403 34.773182 34.7634 34.765457 34.67292 34.684837 34.654305 34.59192
34.09146 34.0967 34.157787 34.186455 34.170567 34.106712 34.173927 34.23801 34.323997 34.306282 34.321877 34.47499 34.581123 34.607334 34.63187 34.64467 34.652206 34.65242 34.650146 34.647762 34.642094 34.63203 34.593956 34.497902 34.430912 34.403923 34.41187 34.47526 34.59009 34.56866 34.563877 34.56026 34.652107 34.724995 34.702908 34.689445 34.682 34.533337 34.36575 34.234123 34.183735 34.17174 34.290817 34.480064 34.581486 34.687542 34.740692 34.709538 34.585064 34.69976 34.750534 34.747902 34.76804 34.751396 34.7676 34.742252 34.527504 34.553364 34.621407 34.639523 34.598125
34.110676 34.029675 34.021698 34.07279 34.05187 34.258675 34.251415 34.297455 34.439995 34.351486 34.458088 34.569332 34.598682 34.632374 34.640366 34.66278 34.694466 34.678715 34.654152 34.64412 34.636623 34.6267 34.622555 34.620102 34.49669 34.43015 34.449486 34.482216 34.58772 34.555042 34.57251 34.562656 34.615135 34.675804 34.696053 34.716015 34.69901 34.664 34.59381 34.39993 34.34205 34.385624 34.43794 34.50355 34.555035 34.612663 34.629826 34.60693 34.635838 34.72932 34.77168 34.71012 34.761402 34.72608 34.767548 34.640587 34.497715 34.54142 34.60535 34.61219 34.635212
34.16392 34.03857 34.01437 34.072353 34.359886 34.429256 34.34199 34.355816 34.501423 34.524868 34.58099 34.631508 34.64098 34.647835 34.68411 34.74157 34.741253 34.659992 34.656418 34.653233 34.65407 34.6605 34.641197 34.64202 34.59095 34.49332 34.4889 34.48867 34.566288 34.513256 34.550682 34.584522 34.565434 34.645336 34.71019 34.743145 34.704815 34.66678 34.62539 34.6019 34.541443 34.458527 34.422222 34.49761 34.546265 34.590126 34.60094 34.52662 34.707024 34.728695 34.733574 34.72426 34.67489 34.73625 34.71083 34.728912 34.538387 34.504738 34.589928 34.596336 34.688866
34.21001 34.040123 34.115414 34.36777 34.422974 34.283825 34.47835 34.62397 34.620018 34.565063 34.64298 34.70174 34.742737 34.779266 34.78951 34.78982 34.67674 34.64735 34.65606 34.654934 34.64764 34.651737 34.65109 34.653152 34.617928 34.5378 34.5137 34.517494 34.514854 34.52433 34.538944 34.597473 34.580864 34.691307 34.678005 34.53816 34.43046 34.427357 34.52234 34.59035 34.588795 34.542034 34.5659 34.593746 34.57087 34.571342 34.56113 34.593735 34.73419 34.68138 34.732212 34.743282 34.757397 34.767006 34.65486 34.749107 34.63409 34.528255 34.551495 34.583893 34.766785
34.204426 34.043774 34.34054 34.42294 34.312416 34.510075 34.630924 34.627872 34.630806 34.648308 34.730118 34.73233 34.743065 34.7463 34.79082 34.742638 34.659798 34.645317 34.653122 34.624733 34.637238 34.650433 34.651794 34.64125 34.600964 34.545097 34.48532 34.574448 34.557934 34.52685 34.535915 34.607094 34.62633 34.66036 34.545826 34.478992 34.460926 34.45471 34.567207 34.601364 34.642673 34.574318 34.52911 34.51381 34.542072 34.549656 34.536797 34.67008 34.72546 34.61011 34.667587 34.743305 34.60523 34.656532 34.678158 34.780766 34.717007 34.577065 34.543236 34.590843 34.823715
34.08805 34.104733 34.325325 34.440228 34.458355 34.606476 34.606068 34.641987 34.732933 34.682285 34.689404 34.72728 34.73808 34.75674 34.796093 34.67236 34.648323 34.644287 34.644207 34.651474 34.653286 34.656162 34.629456 34.593803 34.55444 34.508224 34.468628 34.622654 34.60546 34.5308 34.54489 34.618343 34.64178 34.64013 34.55082 34.471443 34.467663 34.52624 34.597828 34.657124 34.500416 34.52386 34.584267 34.58539 34.513138 34.495865 34.561592 34.71991 34.659027 34.610363 34.59538 34.72552 34.630608 34.827057 34.847992 34.829117 34.736027 34.599636 34.563213 34.624 34.87813
34.082886 34.245113 34.42344 34.57609 34.612164 34.583897 34.59913 34.736 34.695465 34.686874 34.643486 34.71173 34.741634 34.757538 34.788036 34.660614 34.647633 34.622105 34.637444 34.623165 34.620007 34.603218 34.585 34.57056 34.539673 34.458187 34.49021 34.632645 34.624687 34.509323 34.57124 34.627254 34.644516 34.666374 34.575733 34.51374 34.52425 34.619072 34.610607 34.67882 34.497555 34.480785 34.537113 34.57545 34.60151 34.58817 34.684692 34.734196 34.671635 34.605686 34.61623 34.691498 34.680832 34.86209 34.87706 34.791775 34.74131 34.58942 34.60855 34.738842 34.841404
34.24231 34.344574 34.514088 34.5908 34.569256 34.56213 34.59543 34.73191 34.73107 34.67306 34.62656 34.69387 34.727375 34.77976 34.788185 34.66579 34.64537 34.613 34.611465 34.620018 34.601265 34.587204 34.5793 34.573006 34.553696 34.44511 34.489124 34.62775 34.50424 34.532135 34.610104 34.626152 34.632587 34.696014 34.60903 34.54104 34.629295 34.726143 34.67734 34.71057 34.554165 34.457275 34.539062 34.584057 34.578697 34.631805 34.73423 34.710114 34.65224 34.60483 34.62174 34.676716 34.701153 34.86173 34.826538 34.767487 34.712814 34.584236 34.664272 34.89915 34.840027
34.43019 34.55057 34.58622 34.58811 34.56587 34.556835 34.55969 34.58997 34.609554 34.627754 34.608448 34.69076 34.709026 34.78611 34.80195 34.686436 34.63759 34.58602 34.57982 34.57473 34.517612 34.494545 34.53621 34.57811 34.561184 34.45187 34.476643 34.487137 34.493042 34.601284 34.620514 34.586845 34.635384 34.681107 34.643635 34.580387 34.651512 34.6828 34.69208 34.74659 34.62302 34.475014 34.61396 34.596405 34.59195 34.738003 34.722954 34.67167 34.656067 34.60506 34.626602 34.65529 34.68785 34.843296 34.794876 34.716373 34.61065 34.686714 34.871338 34.791756 34.849087
34.487263 34.584324 34.590843 34.596004 34.576466 34.543655 34.523357 34.52192 34.577015 34.60824 34.59904 34.70052 34.695965 34.734425 34.802032 34.718674 34.633553 34.563896 34.545612 34.509865 34.46575 34.472595 34.462986 34.52149 34.525272 34.448746 34.435665 34.492157 34.58696 34.614254 34.566383 34.6532 34.708363 34.655926 34.70579 34.655926 34.564575 34.623535 34.644455 34.697662 34.72342 34.70011 34.70445 34.601173 34.62526 34.602356 34.644505 34.65895 34.63999 34.607994 34.62279 34.614292 34.618923 34.71223 34.64224 34.615093 34.717155 34.845634 34.74094 34.759075 34.8831
34.460106 34.57847 34.601776 34.58202 34.57284 34.52185 34.503624 34.522167 34.617855 34.58549 34.608624 34.703506 34.70508 34.690414 34.73329 34.73113 34.63064 34.5965 34.524593 34.506905 34.497013 34.501034 34.491676 34.4704 34.45916 34.46265 34.51138 34.588284 34.632626 34.578136 34.709827 34.700905 34.673935 34.702896 34.713776 34.676155 34.616337 34.565594 34.592953 34.667103 34.659603 34.645355 34.718994 34.75653 34.71945 34.71611 34.63677 34.60453 34.619606 34.61375 34.624928 34.58914 34.583942 34.59662 34.596504 34.683216 34.863564 34.713886 34.688557 34.729347 34.843487
34.425137 34.52173 34.540783 34.524895 34.556393 34.47371 34.518757 34.57897 34.605206 34.574444 34.63991 34.70485 34.694572 34.663486 34.707184 34.696148 34.62634 34.627026 34.574753 34.54499 34.549427 34.57929 34.587982 34.584854 34.58598 34.602367 34.626064 34.64153 34.610867 34.71156 34.713936 34.6997 34.660286 34.723236 34.73348 34.71206 34.65498 34.643234 34.60981 34.59586 34.697216 34.649513 34.619118 34.688366 34.74381 34.648598 34.646534 34.63054 34.643818 34.620487 34.62821 34.6213 34.651863 34.58773 34.602238 34.759808 34.865658 34.80088 34.700603 34.690964 34.760735
34.448547 34.528778 34.49879 34.541744 34.42833 34.51107 34.557 34.63213 34.549187 34.603374 34.642395 34.70101 34.691494 34.670216 34.69208 34.675816 34.61764 34.6353 34.62633 34.597023 34.61406 34.647587 34.668182 34.66678 34.66063 34.655838 34.645794 34.62394 34.67803 34.734592 34.708817 34.69679 34.68881 34.731926 34.738472 34.738586 34.736984 34.708996 34.623043 34.605785 34.621723 34.680984 34.682365 34.650696 34.644295 34.660866 34.67436 34.654537 34.639828 34.61775 34.632576 34.62392 34.65896 34.603348 34.6599 34.812054 34.905796 34.883694 34.818615 34.75502 34.708355
34.4921 34.500057 34.535603 34.408802 34.44683 34.500755 34.616566 34.572212 34.531433 34.59079 34.616417 34.68044 34.681496 34.672443 34.680626 34.66537 34.607563 34.63953 34.63809 34.641003 34.664143 34.70715 34.685593 34.70825 34.716835 34.69163 34.65263 34.67625 34.742825 34.750755 34.731747 34.69925 34.685726 34.66375 34.652233 34.663383 34.651993 34.671158 34.657993 34.62754 34.603096 34.62426 34.632652 34.63357 34.62658 34.625412 34.625908 34.64144 34.648037 34.611076 34.60697 34.60672 34.604042 34.674355 34.73869 34.839176 34.930843 34.93245 34.932053 34.91531 34.719208
34.403236 34.434208 34.42755 34.384296 34.437588 34.607445 34.59823 34.550045 34.5316 34.58072 34.589485 34.668713 34.669254 34.66131 34.67878 34.656216 34.59291 34.635456 34.649982 34.67043 34.72748 34.731434 34.720394 34.736923 34.74566 34.743782 34.739326 34.7471 34.752586 34.74825 34.72082 34.666153 34.6346 34.65184 34.63862 34.61887 34.625504 34.6218 34.66999 34.637093 34.61885 34.629932 34.631733 34.640415 34.657074 34.658173 34.63647 34.592148 34.58257 34.59066 34.621426 34.59929 34.588993 34.71451 34.70047 34.727192 34.82411 34.87877 34.902004 34.876484 34.776585
34.24745 34.249603 34.33312 34.382603 34.453995 34.636257 34.595024 34.536495 34.54398 34.589615 34.600925 34.667473 34.669247 34.62816 34.68292 34.641853 34.555477 34.62181 34.65686 34.71758 34.7036 34.686333 34.689606 34.728012 34.747025 34.758522 34.761486 34.76216 34.77191 34.718315 34.66359 34.65844 34.72171 34.6745 34.61002 34.59547 34.598812 34.597004 34.602062 34.65947 34.64277 34.645954 34.65607 34.65144 34.63358 34.61326 34.569145 34.54302 34.536503 34.564816 34.59196 34.59105 34.59402 34.710682 34.73891 34.73824 34.736534 34.734913 34.73842 34.74353 34.74567
34.167877 34.257366 34.329662 34.425087 34.557102 34.665585 34.59929 34.52849 34.566105 34.596172 34.604275 34.669727 34.674885 34.674507 34.695595 34.572346 34.55125 34.593563 34.65685 34.713642 34.704227 34.712517 34.676174 34.687332 34.723858 34.711674 34.698284 34.690807 34.703655 34.727764 34.710953 34.704098 34.65372 34.590603 34.572803 34.55507 34.540894 34.559784 34.58529 34.64518 34.667294 34.669296 34.675148 34.67194 34.61976 34.58343 34.529255 34.504147 34.513927 34.55469 34.577923 34.57068 34.660637 34.694897 34.710815 34.72941 34.74306 34.74295 34.746372 34.752064 34.7465
34.379677 34.32126 34.385765 34.49736 34.600582 34.64967 34.569733 34.530056 34.570145 34.6101 34.612484 34.632782 34.677876 34.72252 34.642365 34.586304 34.543545 34.61875 34.663383 34.733227 34.74068 34.728195 34.695225 34.667545 34.678406 34.68553 34.685745 34.685112 34.681614 34.65613 34.626045 34.595753 34.564228 34.51774 34.498592 34.496025 34.50259 34.50065 34.532497 34.565624 34.682953 34.68916 34.69504 34.691193 34.612667 34.564125 34.514484 34.475178 34.512196 34.56139 34.573235 34.603565 34.61392 34.617126 34.64082 34.678604 34.693798 34.71317 34.719997 34.725746 34.743156
34.342026 34.326286 34.471107 34.522594 34.549404 34.54106 34.528046 34.552464 34.581413 34.649467 34.63463 34.66762 34.547695 34.709435 34.564476 34.567104 34.50505 34.63749 34.659943 34.68919 34.697308 34.699383 34.6951 34.689938 34.689495 34.680447 34.656002 34.621838 34.597107 34.558594 34.497543 34.447906 34.455463 34.5106 34.534576 34.521103 34.50035 34.50357 34.502495 34.531384 34.625465 34.700718 34.667866 34.687756 34.60009 34.552856 34.512108 34.466007 34.522224 34.569946 34.569847 34.568253 34.576405 34.577923 34.64521 34.70336 34.72453 34.71966 34.71726 34.72157 34.73303
34.331703 34.46032 34.506165 34.53757 34.55962 34.604122 34.492886 34.552982 34.6046 34.671146 34.652866 34.653984 34.676968 34.69583 34.500824 34.518055 34.44754 34.626984 34.662994 34.67147 34.679974 34.684444 34.622566 34.608322 34.622 34.6018 34.562263 34.492085 34.39092 34.364822 34.458336 34.54903 34.583824 34.58229 34.56684 34.547997 34.54645 34.50139 34.505493 34.495216 34.53106 34.65378 34.672565 34.653603 34.569145 34.538307 34.512165 34.472183 34.537125 34.551704 34.56543 34.59956 34.633305 34.69214 34.704376 34.721817 34.724514 34.7128 34.709106 34.726974 34.73883
34.378162 34.386063 34.45594 34.51825 34.54372 34.590168 34.49612 34.608288 34.643074 34.686485 34.65008 34.64285 34.65701 34.680904 34.47399 34.55188 34.5669 34.590122 34.62817 34.660786 34.6779 34.551514 34.546795 34.59526 34.56414 34.545334 34.475437 34.377987 34.341602 34.490055 34.575573 34.655327 34.69009 34.663574 34.622364 34.609653 34.568493 34.534508 34.510853 34.487637 34.508343 34.549232 34.578354 34.560173 34.53403 34.534195 34.51437 34.490883 34.536972 34.573753 34.676323 34.696358 34.675762 34.69384 34.72599 34.733593 34.72866 34.71976 34.724613 34.737038 34.73041
34.380928 34.332188 34.389088 34.47038 34.59032 34.57281 34.542274 34.65484 34.69247 34.693333 34.691555 34.646725 34.66185 34.561687 34.490665 34.540363 34.567482 34.592937 34.620224 34.673878 34.642048 34.527115 34.538452 34.568314 34.579132 34.536358 34.419804 34.306145 34.45477 34.64223 34.67987 34.68836 34.69104 34.654305 34.596764 34.50501 34.492916 34.54741 34.543373 34.518444 34.475605 34.475487 34.497948 34.507866 34.508312 34.53872 34.525486 34.53323 34.61914 34.68371 34.66262 34.709583 34.743332 34.729694 34.677425 34.646328 34.665245 34.683945 34.67683 34.60454 34.473373
34.36589 34.29487 34.37563 34.500435 34.604565 34.522842 34.567383 34.68526 34.666412 34.7012 34.67347 34.632175 34.68749 34.52033 34.5606 34.60884 34.620884 34.62818 34.666275 34.67651 34.655464 34.52052 34.558365 34.583736 34.582508 34.43094 34.328194 34.35712 34.664516 34.66004 34.696976 34.68402 34.65091 34.539993 34.487244 34.483505 34.498688 34.510635 34.53669 34.54089 34.507942 34.49217 34.488865 34.51584 34.503586 34.545486 34.56593 34.68511 34.66973 34.693817 34.73834 34.732662 34.634594 34.59776 34.698112 34.664375 34.55905 34.482563 34.449314 34.357006 34.31654
34.32741 34.288673 34.36449 34.508183 34.598827 34.465504 34.575172 34.650124 34.639576 34.612167 34.644333 34.60398 34.630905 34.520336 34.616993 34.707207 34.695168 34.692883 34.68502 34.65656 34.539932 34.521065 34.597565 34.60553 34.378483 34.27766 34.273296 34.52619 34.660686 34.65245 34.617207 34.579105 34.51602 34.46184 34.51714 34.498375 34.506824 34.53308 34.536587 34.536865 34.514107 34.505116 34.507126 34.501263 34.51798 34.550945 34.68046 34.734043 34.741932 34.74993 34.77805 34.705036 34.575 34.561623 34.54114 34.543118 34.5179 34.442192 34.376503 34.294277 34.36601
