static/data/salinity/2023/7/3/12.asc
ncols 137
nrows 93
xllcorner 108.0
yllcorner 17.0
cellsize 0.25
NODATA_value -32767
[rows 0 to 26 of 93, columns 61 to 121 of 137]
-32767.0 -32767.0 -32767.0 -32767.0 -32767.0 -32767.0 -32767.0 -32767.0 -32767.0 -32767.0 -32767.0 -32767.0 -32767.0 -32767.0 -32767.0 -32767.0 -32767.0 -32767.0 -32767.0 32.635918 32.743065 32.93947 33.174583 33.260868 33.658276 33.782253 33.750416 33.870907 33.957718 33.97259 33.842476 33.92965 33.993927 33.850315 33.712242 33.74958 33.70554 33.73863 33.826233 33.91004 33.913372 33.96985 33.9325 33.782375 33.650173 33.529446 33.527332 33.716915 33.763737 33.64598 33.558838 33.54226 33.576603 33.65837 33.89062 33.964912 33.97076 33.967953 33.976997 34.059734 33.9142
30.161768 30.106285 30.058275 29.98704 29.891174 29.75988 29.07462 -32767.0 -32767.0 -32767.0 -32767.0 -32767.0 -32767.0 -32767.0 -32767.0 -32767.0 -32767.0 -32767.0 32.40515 32.60174 33.17486 33.49192 33.574608 33.71435 33.7344 33.660145 33.68609 33.96513 33.974133 33.68988 33.47544 33.659092 33.91258 33.7955 33.872524 33.696346 33.443584 33.57509 33.86509 33.668243 33.719185 33.835815 33.850838 33.738323 33.599792 33.785847 34.02229 34.086693 34.088974 34.069756 34.010666 33.900284 33.881477 33.94068 33.95519 33.972267 33.9982 33.999344 33.948895 33.953327 34.050205
30.15461 30.11232 30.127766 30.060722 29.857704 29.615206 29.230934 28.833223 28.150028 -32767.0 -32767.0 -32767.0 -32767.0 -32767.0 -32767.0 -32767.0 -32767.0 -32767.0 32.658096 32.620598 33.10426 33.40969 33.585876 33.726906 33.57877 33.283558 33.12521 33.210533 33.12429 32.838085 32.795208 33.442913 33.91773 33.87307 33.989914 33.721 33.489777 33.6021 34.07849 34.049706 33.75295 33.67584 33.823635 33.886158 33.894142 34.017838 34.04964 34.09809 34.06965 34.07126 34.077145 34.02698 34.01565 33.997807 33.978134 34.003654 34.024105 34.022045 33.99345 34.014973 34.039448
30.242119 30.481815 30.376165 30.34297 30.240452 29.901 29.537237 28.929577 28.077705 -32767.0 -32767.0 -32767.0 -32767.0 -32767.0 -32767.0 -32767.0 -32767.0 32.438858 32.769447 32.901604 33.38444 33.302135 33.26866 33.116146 33.032127 33.052612 32.949528 32.987003 32.916855 32.810375 32.66193 32.781918 33.68899 33.930016 33.99544 34.011826 33.65195 33.76595 34.162125 34.106796 33.82168 33.69361 34.01083 33.8904 33.99607 34.093666 34.173492 34.23022 34.18633 34.117863 34.13088 34.068413 34.13169 34.114338 34.01888 34.067616 34.053925 34.028465 34.03862 34.12296 34.09298
30.294594 30.357115 30.354815 30.334303 30.335674 30.02957 29.893995 29.10482 -32767.0 -32767.0 -32767.0 -32767.0 -32767.0 -32767.0 -32767.0 -32767.0 -32767.0 -32767.0 -32767.0 32.84247 33.00449 33.22377 32.924797 33.25988 33.040455 33.35543 33.910904 33.898056 34.011337 33.713768 33.00417 32.816986 32.764053 33.341515 33.629036 33.370975 33.854088 34.136948 34.164448 34.069687 33.75732 33.750698 33.98045 33.995686 34.108654 34.170273 34.239243 34.29444 34.313927 34.22648 34.15426 34.124527 34.093834 34.10752 34.128025 34.01919 34.05892 34.107655 34.1245 34.146336 34.151497
29.886627 29.838524 29.939528 30.1341 30.278374 29.680775 29.197111 28.814272 -32767.0 -32767.0 -32767.0 -32767.0 -32767.0 -32767.0 -32767.0 -32767.0 -32767.0 -32767.0 -32767.0 -32767.0 33.11816 33.208202 33.11757 33.195637 33.100456 33.37313 33.462563 33.51174 33.86235 33.766865 33.351948 33.4757 32.804462 33.292778 33.412056 34.08672 34.117443 34.193237 34.142796 34.016907 33.841103 33.926807 34.03437 34.153133 34.1444 34.122566 34.20495 34.292217 34.355244 34.3167 34.168488 34.11703 34.081047 34.071266 34.16032 34.092865 34.011868 34.060585 34.038494 33.81187 33.787327
29.315062 29.478077 29.562258 29.738579 30.080614 29.69375 28.602009 28.936491 -32767.0 -32767.0 -32767.0 -32767.0 -32767.0 -32767.0 -32767.0 -32767.0 -32767.0 -32767.0 -32767.0 -32767.0 -32767.0 33.214146 33.10864 33.29062 33.20698 33.07748 33.421783 33.242218 33.8301 33.977207 33.924366 33.417824 32.94881 33.2189 34.053955 34.098133 34.109913 34.198208 34.12474 34.026573 33.948498 34.103764 34.331303 34.24804 34.23856 34.217632 34.198166 34.29182 34.355484 34.332344 34.209137 34.080547 34.05757 34.073555 34.130295 34.212444 33.93742 33.978237 33.86987 33.742035 33.879105
29.044937 29.658836 29.667883 29.787077 29.993944 29.554224 28.375517 -32767.0 -32767.0 -32767.0 -32767.0 -32767.0 -32767.0 -32767.0 -32767.0 -32767.0 -32767.0 -32767.0 -32767.0 -32767.0 -32767.0 -32767.0 33.066555 33.16632 33.30138 33.253403 33.115875 33.372437 33.46219 33.977276 33.763844 33.318203 33.007465 33.95541 34.035114 34.034958 34.12621 34.1586 34.191185 34.068172 34.063858 34.14762 34.18241 34.23234 34.233532 34.23185 34.265152 34.33695 34.35828 34.39358 34.27533 34.15133 34.12451 34.156475 34.1469 34.23014 34.258453 33.893303 33.83054 33.917603 33.904278
28.887962 29.1848 29.334276 29.44303 29.441362 28.35327 -32767.0 25.569595 -32767.0 -32767.0 -32767.0 -32767.0 -32767.0 -32767.0 -32767.0 -32767.0 -32767.0 -32767.0 -32767.0 -32767.0 -32767.0 -32767.0 32.987617 33.10106 33.247967 33.28933 32.929916 33.434948 33.209255 33.762753 33.36118 33.091324 33.241447 33.967377 34.050526 34.101387 34.16283 34.21594 34.176815 34.19761 34.184574 34.214558 34.23532 34.247982 34.38306 34.455906 34.412712 34.369755 34.42321 34.427853 34.323883 34.208046 34.276154 34.153175 34.146984 34.152096 34.132874 33.987137 33.75912 34.058846 -32767.0
28.758322 28.870632 28.83304 29.188004 29.481972 29.396324 26.948788 25.507143 24.119837 23.526297 22.693777 20.608665 16.738796 -32767.0 -32767.0 -32767.0 -32767.0 -32767.0 -32767.0 -32767.0 -32767.0 -32767.0 -32767.0 32.96321 33.046936 33.197586 33.05219 33.12239 33.104324 33.40595 33.51815 33.411263 33.84184 34.046265 33.97325 34.00062 34.083866 34.155506 34.193047 34.1895 34.20622 34.320675 34.322186 34.446854 34.48739 34.423206 34.389725 34.46839 34.44768 34.42063 34.258633 34.175007 34.1063 34.217552 33.99652 33.99922 34.091564 34.175495 34.122124 34.061543 33.94539
28.617033 28.91868 29.472559 29.901897 30.240072 30.226799 29.92972 29.73647 28.09511 27.234999 24.803778 24.310335 20.857182 -32767.0 -32767.0 -32767.0 -32767.0 -32767.0 -32767.0 -32767.0 -32767.0 -32767.0 -32767.0 -32767.0 33.004005 33.187035 32.913425 32.813114 33.403614 33.377846 33.841133 33.81285 34.08264 34.18815 33.88266 33.82013 33.87913 33.7934 33.810463 33.73416 33.71416 34.118874 34.385666 34.49143 34.479153 34.434372 34.420994 34.45913 34.329063 34.141056 34.050472 34.006035 34.01382 34.05174 33.79086 33.892162 -32767.0 34.120327 33.883305 33.81603 33.56205
29.039719 28.984364 29.34638 30.295227 30.531261 30.507727 30.519312 30.386578 29.4698 28.878574 28.111113 27.97368 23.648197 20.93729 17.845367 -32767.0 -32767.0 -32767.0 -32767.0 -32767.0 -32767.0 -32767.0 -32767.0 -32767.0 -32767.0 33.016235 32.291092 32.90587 33.05051 32.919605 33.58541 34.003708 34.084114 34.147755 33.939312 33.78984 33.796406 33.84425 33.946888 33.903282 33.737926 33.951897 34.393093 34.446476 34.48867 34.462486 34.46767 34.44584 34.264103 34.21378 34.057472 34.063847 34.074303 34.0261 -32767.0 -32767.0 33.855125 34.071564 33.919266 33.19304 31.815432
29.31342 29.278667 29.317602 29.860748 29.911865 30.478903 30.61946 30.323385 29.371893 29.61342 29.225262 28.46046 23.67534 -32767.0 17.814228 -32767.0 -32767.0 -32767.0 -32767.0 -32767.0 -32767.0 -32767.0 -32767.0 -32767.0 -32767.0 32.79737 31.980488 32.328568 33.24854 33.41913 33.081486 33.65002 34.061707 34.148777 34.148033 34.110363 34.05868 34.04446 33.937057 33.875763 33.76683 33.90042 34.358906 34.354046 34.313667 34.429417 34.47322 34.41867 34.263275 33.958252 34.018482 34.088524 34.03769 33.762543 -32767.0 33.700996 33.88672 33.601242 -32767.0 -32767.0 -32767.0
29.367998 29.454893 29.579857 30.366217 31.017178 31.027405 31.033348 30.728903 30.207302 30.219398 29.84511 28.04858 -32767.0 -32767.0 -32767.0 -32767.0 -32767.0 -32767.0 -32767.0 -32767.0 -32767.0 -32767.0 -32767.0 -32767.0 -32767.0 32.735817 31.848818 32.21378 33.73609 33.566055 33.355156 33.503372 33.583847 33.64701 33.728027 33.775066 33.8045 33.77854 33.845657 33.782383 33.794735 33.8396 33.985626 33.933784 34.146046 34.282036 34.39122 34.36834 34.217293 34.147972 34.10616 34.0921 33.990284 33.812084 33.369556 -32767.0 33.551994 -32767.0 -32767.0 -32767.0 -32767.0
29.387753 29.989603 30.446108 30.803661 31.139793 31.106049 31.211798 30.993168 30.767359 30.262735 30.121426 29.421131 29.007397 -32767.0 -32767.0 -32767.0 -32767.0 -32767.0 -32767.0 -32767.0 -32767.0 -32767.0 -32767.0 -32767.0 -32767.0 32.78422 31.739416 31.778448 33.77612 33.705494 33.740566 33.73124 33.834846 34.007492 33.879086 33.774807 33.725475 33.69071 33.73795 33.6692 33.70302 33.756573 33.825184 33.949585 34.29553 34.33016 34.334934 34.35829 34.317444 34.293106 34.100483 34.03051 33.48889 33.32417 -32767.0 -32767.0 -32767.0 -32767.0 -32767.0 -32767.0 -32767.0
29.454006 29.90444 30.311266 30.361704 30.43942 31.010723 31.465628 31.30893 30.817764 30.725718 30.545218 29.59291 29.080402 28.527266 -32767.0 -32767.0 -32767.0 -32767.0 -32767.0 -32767.0 -32767.0 -32767.0 -32767.0 -32767.0 -32767.0 32.66756 31.630474 31.839865 32.7105 33.4277 33.824192 33.78637 33.77891 34.02529 33.99227 33.88797 33.836143 33.80324 33.647865 33.780945 -32767.0 34.069714 33.928497 34.234093 34.22608 34.295116 34.36099 34.36245 34.226738 34.056107 34.075985 33.753334 -32767.0 -32767.0 -32767.0 -32767.0 -32767.0 -32767.0 -32767.0 -32767.0 -32767.0
29.75814 30.051947 30.357416 30.529188 30.74834 31.534266 31.80514 31.633228 31.209833 30.618376 30.543375 29.804234 29.173967 26.928236 -32767.0 -32767.0 -32767.0 -32767.0 -32767.0 -32767.0 -32767.0 -32767.0 -32767.0 -32767.0 -32767.0 -32767.0 31.398947 32.15359 31.954805 33.10716 33.883614 33.828365 33.854107 33.909286 33.8263 33.766956 33.715412 33.72755 33.73439 33.797634 34.06128 34.082893 34.042557 34.21705 34.155827 34.120567 34.06216 34.14781 34.13118 34.023403 34.012333 33.59387 -32767.0 -32767.0 -32767.0 -32767.0 -32767.0 -32767.0 -32767.0 -32767.0 -32767.0
30.29832 30.843758 31.115005 30.982225 31.116966 31.434704 31.866074 32.158024 32.150967 31.75862 30.490911 29.872335 28.56017 25.211042 25.074427 -32767.0 -32767.0 -32767.0 -32767.0 -32767.0 -32767.0 -32767.0 -32767.0 -32767.0 -32767.0 31.792944 31.362093 32.29415 32.169296 32.772514 33.461487 33.70254 33.879826 33.916878 33.84768 33.71085 33.664375 33.644215 33.635277 33.6847 33.74226 33.750866 33.789936 33.841465 33.928234 33.80819 33.750248 33.777103 -32767.0 33.57895 33.756706 32.548058 -32767.0 -32767.0 -32767.0 -32767.0 -32767.0 -32767.0 -32767.0 -32767.0 -32767.0
31.059523 31.347118 31.661903 31.618511 31.47328 31.565083 31.978485 32.188137 32.28264 31.711233 30.084087 29.27126 26.440512 25.0922 -32767.0 -32767.0 -32767.0 -32767.0 -32767.0 -32767.0 -32767.0 -32767.0 -32767.0 -32767.0 -32767.0 31.350777 31.539413 31.427906 32.771706 32.894974 33.083214 33.56029 33.689075 33.732693 33.78612 33.721428 33.647385 33.57225 33.603752 -32767.0 -32767.0 33.727455 33.698307 -32767.0 -32767.0 -32767.0 -32767.0 -32767.0 -32767.0 -32767.0 -32767.0 -32767.0 -32767.0 -32767.0 -32767.0 -32767.0 -32767.0 -32767.0 -32767.0 -32767.0 -32767.0
30.724415 31.438532 31.783932 31.751701 31.757132 32.046177 32.057713 32.088417 32.109257 31.529692 30.023167 28.615917 24.300072 -32767.0 -32767.0 -32767.0 -32767.0 -32767.0 -32767.0 -32767.0 -32767.0 -32767.0 -32767.0 -32767.0 31.952879 31.64605 32.015884 31.898283 32.39078 33.45048 33.182457 33.081158 33.17978 33.43231 33.62953 33.500175 33.38345 33.5037 -32767.0 -32767.0 -32767.0 -32767.0 -32767.0 -32767.0 -32767.0 -32767.0 -32767.0 -32767.0 -32767.0 -32767.0 -32767.0 -32767.0 -32767.0 -32767.0 -32767.0 -32767.0 -32767.0 -32767.0 -32767.0 -32767.0 -32767.0
30.36768 30.965998 31.413914 31.286678 31.292517 31.676107 31.840729 31.860659 32.039368 31.536428 30.314651 29.102806 23.000875 -32767.0 -32767.0 -32767.0 -32767.0 -32767.0 -32767.0 -32767.0 -32767.0 31.30834 31.226488 31.36345 31.38797 32.31895 31.944149 31.642593 31.82493 32.744423 32.63391 32.439175 32.906776 33.172295 33.351532 33.19047 -32767.0 -32767.0 -32767.0 -32767.0 -32767.0 -32767.0 -32767.0 -32767.0 -32767.0 -32767.0 -32767.0 -32767.0 -32767.0 -32767.0 -32767.0 -32767.0 -32767.0 -32767.0 30.171875 -32767.0 -32767.0 -32767.0 -32767.0 -32767.0 -32767.0
30.21489 30.400196 30.718195 30.84995 31.100534 31.420294 31.942265 31.99711 31.826527 32.008957 31.021776 29.461689 28.68471 -32767.0 -32767.0 -32767.0 -32767.0 28.878222 30.837852 30.797049 30.906649 31.026608 31.24732 31.155064 32.717598 32.222134 32.15511 32.471237 32.848724 32.63222 32.54357 32.652824 33.18632 33.331207 33.044563 -32767.0 -32767.0 -32767.0 -32767.0 -32767.0 -32767.0 -32767.0 -32767.0 -32767.0 -32767.0 30.126684 29.969944 -32767.0 -32767.0 -32767.0 -32767.0 -32767.0 -32767.0 -32767.0 30.229383 -32767.0 -32767.0 -32767.0 -32767.0 -32767.0 33.632305
30.03299 30.339588 30.750412 31.11621 31.303368 31.258463 31.597458 31.66068 31.731936 31.670383 31.160667 29.77985 -32767.0 29.186394 -32767.0 30.463732 -32767.0 29.94445 -32767.0 31.126223 31.094664 31.163784 31.173555 32.7205 32.768906 32.242203 32.250378 32.36435 32.574825 33.007988 32.965317 32.983654 32.890656 -32767.0 -32767.0 -32767.0 -32767.0 -32767.0 -32767.0 -32767.0 -32767.0 31.464336 31.320179 31.155096 30.972898 30.862638 30.81007 29.849716 30.190733 -32767.0 -32767.0 -32767.0 -32767.0 -32767.0 30.279882 31.619848 33.094177 33.67874 33.893517 33.92573 33.743893
30.074299 30.067942 30.441322 30.718092 30.842474 31.227886 31.40162 31.39278 31.622032 31.474274 31.620478 31.055704 29.974627 30.375563 30.088488 30.376698 30.224636 30.228569 30.195377 30.675568 31.154839 30.940279 31.940739 32.797787 -32767.0 32.60691 32.33279 32.73521 33.020943 32.965385 33.228996 -32767.0 -32767.0 -32767.0 -32767.0 -32767.0 30.072943 30.487051 31.832008 31.474882 31.352253 31.352482 31.138704 -32767.0 -32767.0 30.616463 31.332615 31.226553 -32767.0 -32767.0 -32767.0 -32767.0 -32767.0 33.925156 33.941658 34.19826 34.17138 34.116657 34.198204 34.262676 34.226974
29.876333 30.365131 30.453781 30.49509 30.577173 30.675436 31.04677 31.576958 31.97829 31.804585 31.864056 31.79366 31.108889 30.283926 30.33532 31.456648 31.373772 31.277916 31.42854 30.31363 31.761711 31.336376 32.229618 32.58798 32.748035 33.02755 33.250816 33.40975 33.23352 32.95655 32.47905 31.762419 -32767.0 31.179188 30.973576 -32767.0 30.675566 31.990084 31.37319 -32767.0 30.742653 30.919327 -32767.0 -32767.0 -32767.0 -32767.0 31.459354 32.472454 -32767.0 -32767.0 -32767.0 -32767.0 34.18753 34.09095 34.203896 34.193954 34.270836 34.369453 34.417797 34.425144 34.381725
29.370955 29.322817 29.885227 29.918785 30.247007 30.617594 31.017315 31.161211 31.281618 31.516146 31.738129 31.78463 31.84297 31.941109 31.591702 31.651672 32.138706 31.619432 30.999956 31.820559 32.39801 32.528122 32.369247 32.773746 32.827675 33.215256 -32767.0 33.175797 33.03106 -32767.0 -32767.0 32.170338 31.599838 31.695148 31.534445 31.124378 32.142563 32.089058 -32767.0 -32767.0 -32767.0 -32767.0 -32767.0 -32767.0 -32767.0 -32767.0 31.6413 32.582043 32.882805 -32767.0 -32767.0 34.360065 34.117283 34.14751 34.26284 34.277794 34.34514 34.423706 34.517555 34.511448 34.51018
30.165792 30.19826 30.29842 29.982208 30.328503 30.579636 30.71877 31.010368 31.491745 32.09242 32.440617 32.625343 32.615334 -32767.0 -32767.0 31.709887 32.259697 32.676556 32.51699 32.421528 32.59049 32.753204 33.08393 33.167957 33.572556 33.688232 33.372437 32.885643 -32767.0 -32767.0 -32767.0 -32767.0 -32767.0 -32767.0 31.257788 31.709948 32.001102 -32767.0 -32767.0 -32767.0 -32767.0 -32767.0 32.569077 -32767.0 32.12744 32.557163 33.49915 33.525402 33.447998 33.75954 -32767.0 34.189533 34.119057 34.190216 34.24983 34.286686 34.356213 34.40425 34.49551 34.4742 34.483196
