static/data/salinity/2023/7/3/18.asc
ncols 137
nrows 93
xllcorner 108.0
yllcorner 17.0
cellsize 0.25
NODATA_value -32767
[rows 54 to 80 of 93, columns 0 to 60 of 137]
-32767.0 -32767.0 -32767.0 -32767.0 -32767.0 -32767.0 -32767.0 -32767.0 -32767.0 -32767.0 -32767.0 -32767.0 -32767.0 -32767.0 -32767.0 -32767.0 -32767.0 -32767.0 -32767.0 -32767.0 -32767.0 -32767.0 -32767.0 -32767.0 -32767.0 -32767.0 -32767.0 -32767.0 -32767.0 -32767.0 -32767.0 -32767.0 -32767.0 -32767.0 -32767.0 -32767.0 -32767.0 -32767.0 -32767.0 -32767.0 -32767.0 -32767.0 -32767.0 -32767.0 -32767.0 -32767.0 -32767.0 -32767.0 34.312294 34.323227 34.135017 33.963715 33.27875 32.920937 33.026596 33.049957 33.22633 33.337784 33.701805 34.082226 34.054733
-32767.0 -32767.0 -32767.0 -32767.0 -32767.0 -32767.0 -32767.0 -32767.0 -32767.0 -32767.0 -32767.0 -32767.0 -32767.0 -32767.0 -32767.0 -32767.0 -32767.0 -32767.0 -32767.0 -32767.0 -32767.0 -32767.0 -32767.0 -32767.0 -32767.0 -32767.0 -32767.0 -32767.0 -32767.0 -32767.0 -32767.0 -32767.0 -32767.0 -32767.0 -32767.0 -32767.0 -32767.0 -32767.0 -32767.0 -32767.0 -32767.0 -32767.0 -32767.0 -32767.0 -32767.0 -32767.0 -32767.0 32.88093 -32767.0 34.14314 34.1494 32.917816 32.59799 32.738693 32.848404 33.142227 33.377377 33.53577 33.83251 33.92802 34.040123
-32767.0 -32767.0 -32767.0 -32767.0 -32767.0 -32767.0 -32767.0 -32767.0 -32767.0 -32767.0 -32767.0 -32767.0 -32767.0 -32767.0 -32767.0 -32767.0 -32767.0 -32767.0 -32767.0 -32767.0 -32767.0 -32767.0 -32767.0 -32767.0 -32767.0 -32767.0 -32767.0 -32767.0 -32767.0 -32767.0 -32767.0 -32767.0 -32767.0 -32767.0 -32767.0 -32767.0 -32767.0 -32767.0 -32767.0 -32767.0 -32767.0 -32767.0 -32767.0 -32767.0 -32767.0 -32767.0 -32767.0 33.063583 34.13653 34.116165 33.99476 33.43837 32.90205 32.558437 32.721813 33.19447 33.772167 34.087486 34.2538 34.216606 34.216137
-32767.0 -32767.0 -32767.0 -32767.0 -32767.0 -32767.0 -32767.0 -32767.0 -32767.0 -32767.0 -32767.0 -32767.0 -32767.0 -32767.0 -32767.0 -32767.0 -32767.0 -32767.0 -32767.0 -32767.0 -32767.0 -32767.0 -32767.0 -32767.0 -32767.0 -32767.0 -32767.0 -32767.0 -32767.0 -32767.0 -32767.0 -32767.0 -32767.0 -32767.0 -32767.0 -32767.0 -32767.0 -32767.0 -32767.0 -32767.0 -32767.0 -32767.0 -32767.0 -32767.0 -32767.0 -32767.0 -32767.0 33.633434 34.241215 34.089367 33.81345 32.786144 32.031284 32.391907 32.805046 33.344513 34.17238 34.196583 34.176132 34.165085 34.180965
-32767.0 -32767.0 -32767.0 -32767.0 -32767.0 -32767.0 -32767.0 -32767.0 -32767.0 -32767.0 -32767.0 -32767.0 -32767.0 -32767.0 -32767.0 -32767.0 -32767.0 -32767.0 -32767.0 -32767.0 -32767.0 -32767.0 -32767.0 -32767.0 -32767.0 -32767.0 -32767.0 -32767.0 -32767.0 -32767.0 -32767.0 -32767.0 -32767.0 -32767.0 -32767.0 -32767.0 -32767.0 -32767.0 -32767.0 -32767.0 -32767.0 -32767.0 -32767.0 -32767.0 -32767.0 30.854107 -32767.0 33.670483 34.069973 33.73573 33.355343 31.68913 31.967648 32.65126 32.877434 33.77764 33.864727 34.274235 34.12656 34.041927 34.098217
-32767.0 -32767.0 -32767.0 -32767.0 -32767.0 -32767.0 -32767.0 -32767.0 -32767.0 -32767.0 -32767.0 -32767.0 -32767.0 -32767.0 -32767.0 -32767.0 -32767.0 -32767.0 -32767.0 -32767.0 -32767.0 -32767.0 -32767.0 -32767.0 -32767.0 -32767.0 -32767.0 -32767.0 -32767.0 -32767.0 -32767.0 -32767.0 -32767.0 -32767.0 -32767.0 -32767.0 -32767.0 -32767.0 -32767.0 -32767.0 -32767.0 -32767.0 -32767.0 -32767.0 -32767.0 -32767.0 33.706356 34.109573 33.668533 33.45255 32.977825 31.992022 32.54935 32.90541 32.920807 33.111446 33.518776 34.231037 34.06606 34.079475 34.106434
-32767.0 -32767.0 -32767.0 -32767.0 -32767.0 -32767.0 -32767.0 -32767.0 -32767.0 -32767.0 -32767.0 -32767.0 -32767.0 -32767.0 -32767.0 -32767.0 -32767.0 -32767.0 -32767.0 -32767.0 -32767.0 -32767.0 -32767.0 -32767.0 -32767.0 -32767.0 -32767.0 -32767.0 -32767.0 -32767.0 -32767.0 -32767.0 -32767.0 -32767.0 -32767.0 -32767.0 -32767.0 -32767.0 -32767.0 -32767.0 -32767.0 -32767.0 -32767.0 -32767.0 33.16035 33.8949 33.854843 33.396404 33.250183 33.02639 32.361576 32.4026 -32767.0 -32767.0 -32767.0 -32767.0 33.50994 33.986786 34.080864 34.166702 34.17016
-32767.0 -32767.0 -32767.0 -32767.0 -32767.0 -32767.0 -32767.0 -32767.0 -32767.0 -32767.0 -32767.0 -32767.0 -32767.0 -32767.0 -32767.0 -32767.0 -32767.0 -32767.0 -32767.0 -32767.0 -32767.0 -32767.0 -32767.0 -32767.0 -32767.0 -32767.0 -32767.0 -32767.0 -32767.0 -32767.0 -32767.0 -32767.0 -32767.0 -32767.0 -32767.0 -32767.0 -32767.0 -32767.0 -32767.0 -32767.0 -32767.0 -32767.0 -32767.0 33.534885 33.849712 33.51126 33.040108 32.477066 32.77852 32.373455 32.119736 32.94661 -32767.0 -32767.0 -32767.0 -32767.0 33.601112 34.056465 34.095924 34.188435 34.19782
-32767.0 -32767.0 -32767.0 -32767.0 -32767.0 -32767.0 -32767.0 -32767.0 -32767.0 -32767.0 -32767.0 -32767.0 -32767.0 -32767.0 -32767.0 -32767.0 -32767.0 -32767.0 -32767.0 -32767.0 -32767.0 -32767.0 -32767.0 -32767.0 -32767.0 -32767.0 -32767.0 -32767.0 -32767.0 -32767.0 -32767.0 -32767.0 -32767.0 -32767.0 -32767.0 -32767.0 -32767.0 -32767.0 -32767.0 -32767.0 -32767.0 33.20123 32.960503 33.57102 33.529118 32.50784 32.059258 31.849318 32.014214 32.437374 33.05104 -32767.0 -32767.0 -32767.0 -32767.0 -32767.0 33.875072 33.916836 34.102245 34.182594 34.199944
-32767.0 -32767.0 -32767.0 -32767.0 -32767.0 -32767.0 -32767.0 -32767.0 -32767.0 -32767.0 -32767.0 -32767.0 -32767.0 -32767.0 -32767.0 -32767.0 -32767.0 -32767.0 -32767.0 -32767.0 -32767.0 -32767.0 -32767.0 -32767.0 -32767.0 -32767.0 -32767.0 -32767.0 -32767.0 -32767.0 -32767.0 -32767.0 -32767.0 -32767.0 -32767.0 -32767.0 -32767.0 -32767.0 -32767.0 -32767.0 -32767.0 33.590187 33.550774 33.555008 32.959694 31.722754 32.067795 32.661846 32.854485 33.475735 32.74113 -32767.0 -32767.0 -32767.0 -32767.0 33.91606 33.772133 34.12543 34.109795 34.171646 34.16769
-32767.0 -32767.0 -32767.0 -32767.0 -32767.0 -32767.0 -32767.0 -32767.0 -32767.0 -32767.0 -32767.0 -32767.0 -32767.0 -32767.0 -32767.0 -32767.0 -32767.0 -32767.0 -32767.0 -32767.0 -32767.0 -32767.0 -32767.0 -32767.0 -32767.0 -32767.0 -32767.0 -32767.0 -32767.0 -32767.0 -32767.0 -32767.0 -32767.0 -32767.0 -32767.0 -32767.0 -32767.0 -32767.0 -32767.0 33.24474 33.496822 33.506958 33.602276 32.916492 31.651825 31.06108 32.270027 32.350388 33.38121 32.669106 -32767.0 -32767.0 -32767.0 -32767.0 -32767.0 33.65369 34.00188 34.13513 34.11997 34.20192 34.257496
-32767.0 -32767.0 -32767.0 -32767.0 -32767.0 -32767.0 -32767.0 -32767.0 -32767.0 -32767.0 -32767.0 -32767.0 -32767.0 -32767.0 -32767.0 -32767.0 -32767.0 -32767.0 -32767.0 -32767.0 -32767.0 -32767.0 -32767.0 -32767.0 -32767.0 -32767.0 -32767.0 -32767.0 -32767.0 -32767.0 -32767.0 -32767.0 -32767.0 -32767.0 -32767.0 -32767.0 -32767.0 -32767.0 33.228622 33.551876 33.6667 33.52846 32.89872 30.968655 30.772081 31.15852 32.497917 33.46174 32.665375 32.18193 -32767.0 -32767.0 -32767.0 -32767.0 -32767.0 33.753178 34.005566 34.193325 34.113083 34.119373 34.28953
-32767.0 -32767.0 -32767.0 -32767.0 -32767.0 -32767.0 -32767.0 -32767.0 -32767.0 -32767.0 -32767.0 -32767.0 -32767.0 -32767.0 -32767.0 -32767.0 -32767.0 -32767.0 -32767.0 -32767.0 -32767.0 -32767.0 -32767.0 -32767.0 -32767.0 -32767.0 -32767.0 -32767.0 -32767.0 -32767.0 -32767.0 -32767.0 -32767.0 -32767.0 -32767.0 -32767.0 33.312916 33.70966 33.81289 33.574272 33.18367 32.010532 30.894499 30.786015 30.877878 32.528355 -32767.0 33.31228 32.50317 -32767.0 -32767.0 -32767.0 -32767.0 -32767.0 33.620373 34.03069 34.156563 34.221924 34.289375 34.191143 34.243652
-32767.0 -32767.0 -32767.0 -32767.0 -32767.0 -32767.0 -32767.0 -32767.0 -32767.0 -32767.0 -32767.0 -32767.0 -32767.0 -32767.0 -32767.0 -32767.0 -32767.0 -32767.0 -32767.0 -32767.0 -32767.0 -32767.0 -32767.0 -32767.0 -32767.0 -32767.0 -32767.0 -32767.0 -32767.0 -32767.0 -32767.0 -32767.0 -32767.0 -32767.0 -32767.0 33.287533 33.81217 33.507996 31.561533 30.709538 31.391237 31.551624 31.618277 31.015604 30.974277 32.786167 -32767.0 32.97733 32.439808 -32767.0 -32767.0 -32767.0 -32767.0 -32767.0 33.730495 34.169262 34.297947 34.275433 34.204628 34.382256 34.171524
-32767.0 -32767.0 -32767.0 -32767.0 -32767.0 -32767.0 -32767.0 -32767.0 -32767.0 -32767.0 -32767.0 -32767.0 -32767.0 -32767.0 -32767.0 -32767.0 -32767.0 -32767.0 -32767.0 -32767.0 -32767.0 -32767.0 -32767.0 -32767.0 -32767.0 -32767.0 -32767.0 -32767.0 -32767.0 -32767.0 -32767.0 -32767.0 -32767.0 -32767.0 -32767.0 32.83687 32.393726 30.886908 30.404428 31.148504 31.705671 31.631351 32.30479 33.075516 34.408443 33.467022 32.72408 33.063217 31.990814 -32767.0 -32767.0 -32767.0 -32767.0 -32767.0 33.87735 34.177197 34.39189 34.390945 34.34917 34.29002 34.18905
-32767.0 -32767.0 -32767.0 -32767.0 -32767.0 -32767.0 -32767.0 -32767.0 -32767.0 -32767.0 -32767.0 -32767.0 -32767.0 -32767.0 -32767.0 -32767.0 -32767.0 -32767.0 -32767.0 -32767.0 -32767.0 -32767.0 -32767.0 -32767.0 -32767.0 -32767.0 -32767.0 24.453634 -32767.0 27.671839 -32767.0 30.561237 30.44488 30.980595 31.03075 30.816141 30.426722 30.24509 31.280878 32.1255 31.692087 32.241467 32.498837 33.26352 33.09446 32.77316 32.888428 33.483128 33.80348 -32767.0 -32767.0 -32767.0 -32767.0 33.516346 34.017483 34.161205 34.376835 34.35615 34.07658 34.085842 34.196896
-32767.0 -32767.0 -32767.0 -32767.0 -32767.0 -32767.0 -32767.0 -32767.0 -32767.0 -32767.0 -32767.0 -32767.0 -32767.0 -32767.0 -32767.0 -32767.0 -32767.0 -32767.0 -32767.0 -32767.0 -32767.0 -32767.0 -32767.0 9.634767 -32767.0 -32767.0 29.469559 29.604013 29.224077 29.350925 29.424093 29.462517 29.858997 29.797125 30.176142 30.76825 31.672243 32.422794 32.794388 32.564144 32.393837 32.207203 32.764256 33.058956 33.20708 33.41053 33.641296 33.678764 33.72836 31.581347 -32767.0 -32767.0 33.177265 33.81654 34.04379 34.189354 34.44697 34.376938 34.16424 34.059284 34.19054
-32767.0 -32767.0 -32767.0 -32767.0 -32767.0 -32767.0 -32767.0 -32767.0 -32767.0 -32767.0 -32767.0 -32767.0 -32767.0 -32767.0 -32767.0 -32767.0 -32767.0 -32767.0 -32767.0 -32767.0 -32767.0 -32767.0 -32767.0 17.541283 9.096247 24.62097 26.811573 27.676167 30.297659 32.023033 32.513954 32.688133 32.815384 32.820587 32.850193 32.82855 32.836548 32.813625 32.705265 32.879005 33.087406 33.34597 33.395645 33.539433 33.67231 33.747482 33.89073 34.023838 34.044495 34.026264 32.165848 -32767.0 33.267365 33.86377 34.15264 34.216007 34.355667 34.37526 34.386574 34.10584 34.19671
-32767.0 -32767.0 -32767.0 -32767.0 -32767.0 -32767.0 -32767.0 -32767.0 -32767.0 -32767.0 -32767.0 -32767.0 -32767.0 -32767.0 -32767.0 -32767.0 -32767.0 -32767.0 -32767.0 -32767.0 13.269245 20.305727 20.410658 25.260145 27.861443 -32767.0 31.744795 32.16367 32.602142 32.87482 32.931858 32.905636 32.848705 32.82382 32.839527 32.890923 32.94613 33.080288 33.29686 33.392395 33.433453 33.490845 33.630337 33.800407 33.92106 34.075737 34.10144 34.132504 34.11904 34.19767 33.68205 -32767.0 32.615448 33.8999 34.199562 34.205112 34.274723 34.38007 34.3784 34.164722 34.16256
-32767.0 -32767.0 32.544327 -32767.0 -32767.0 -32767.0 -32767.0 -32767.0 -32767.0 -32767.0 -32767.0 -32767.0 -32767.0 -32767.0 -32767.0 -32767.0 30.00251 -32767.0 27.483477 25.819496 27.929964 29.949614 29.521334 31.07771 31.76517 32.26012 32.534554 32.730293 33.003296 33.110443 33.013153 32.9196 32.936565 33.010487 33.112217 33.198498 33.268696 33.30975 33.343502 33.382957 33.505135 33.783302 33.93758 34.0536 34.04883 34.06152 34.077503 34.165478 34.216003 34.21324 34.012623 33.902985 33.94729 34.100613 34.14472 34.16263 34.215523 34.345932 34.421482 34.44367 34.149452
-32767.0 31.707882 31.88244 31.71892 31.625015 -32767.0 31.773773 31.848015 -32767.0 -32767.0 -32767.0 -32767.0 -32767.0 31.372711 31.824306 32.358685 32.52696 32.51859 32.48498 32.383465 32.95981 33.334843 32.636196 32.664875 32.82083 32.779076 32.982765 33.199394 33.280766 33.255085 33.17203 33.09763 33.154118 33.290634 33.423775 33.534584 33.587196 33.56933 33.593468 33.677647 33.92347 33.948254 34.084927 34.061703 34.133057 34.22859 34.16383 33.984627 33.941933 34.07879 34.175938 34.15677 34.117355 34.05888 34.22483 34.325096 34.275257 34.311962 34.421387 34.45188 34.24381
32.070877 32.464924 32.387287 32.20781 32.13304 32.171104 31.977114 31.839613 -32767.0 -32767.0 -32767.0 32.14566 32.501175 32.998978 32.981693 33.217037 33.294315 33.382534 33.471504 33.51279 33.553898 33.335915 33.213573 32.962273 33.001144 33.395466 33.528454 33.520824 33.41865 33.30709 33.2646 33.387653 33.561985 33.76118 33.86151 33.84549 33.84475 33.923367 33.974133 33.99045 33.949406 34.092987 34.120956 34.1898 33.966896 33.786854 33.93663 34.136574 34.311497 34.18384 34.232086 34.2826 34.287334 34.364502 34.412064 34.366974 34.295727 34.34919 34.441463 34.44937 34.39894
32.82551 32.63249 32.559296 32.49524 32.41434 32.402107 32.307434 -32767.0 -32767.0 31.030281 -32767.0 33.08551 33.08087 33.086613 33.151722 33.310776 33.573193 33.719894 33.741203 33.711548 33.694523 33.69002 33.482594 33.534256 33.6927 33.59985 33.47213 33.420494 33.329456 33.28461 33.435917 33.634426 34.00423 34.078865 33.97463 33.943306 34.01771 34.007805 33.973537 34.02995 34.095715 34.155174 34.15256 34.015724 33.855484 33.929108 33.886005 33.97831 34.285168 34.131054 34.17648 34.24566 34.32051 34.388237 34.42147 34.31312 34.329697 34.3859 34.508533 34.472607 34.352676
32.700897 32.642685 32.65769 32.634117 32.63228 32.54752 32.471386 32.47846 -32767.0 -32767.0 32.711967 33.098648 32.966507 33.014694 33.186787 33.596413 33.712917 33.659798 33.579098 33.570633 33.66874 33.74238 33.72918 33.7523 33.66873 33.50362 33.32469 33.324543 33.28708 33.45499 33.604168 34.02783 34.050774 34.068462 34.039677 34.036434 34.02491 34.07817 34.10059 34.08065 34.16949 34.104748 34.027863 33.768227 33.86151 33.8504 33.872334 33.984055 34.23619 34.13547 34.190994 34.200558 34.269356 34.338345 34.41391 34.39012 34.407124 34.43533 34.525894 34.348137 34.35241
32.75587 32.70015 32.770313 32.800262 32.813732 32.74558 32.599655 32.569553 -32767.0 -32767.0 32.838158 32.846188 32.87111 32.988647 33.13559 33.38781 33.408463 33.372982 33.456474 33.553246 33.665512 33.787655 33.77677 33.69624 33.68689 33.511738 33.30755 33.240185 33.43664 33.60382 33.887314 33.930145 33.982765 33.98679 34.009987 34.057365 34.123722 34.123493 34.07149 34.11969 34.188892 34.059013 34.200512 33.830635 33.831787 33.837437 33.852726 34.043198 34.094193 34.09689 34.192764 34.238377 34.240166 34.28686 34.219124 34.2372 -32767.0 34.392902 34.494125 34.30181 34.36896
32.883717 32.821358 32.89483 32.85479 32.883434 32.845688 32.745525 32.65429 32.650032 32.761887 32.790634 32.807743 32.829628 32.973045 33.049557 33.156258 33.29815 33.4794 33.60687 33.58048 33.694176 33.73706 33.73278 33.74929 33.69551 33.64467 33.348167 33.342648 33.560936 33.753597 33.893856 33.789963 33.82878 33.94397 34.00267 34.05327 34.075546 34.098785 34.072987 34.13745 34.211163 34.01765 33.97724 33.95348 33.885746 33.93998 34.131466 34.07058 33.8882 34.172684 34.108734 34.166424 34.219532 34.18073 34.17078 34.202682 34.23046 34.29055 34.495216 34.307396 34.394283
33.126686 33.09592 33.11766 32.99058 32.911636 32.90179 32.980865 32.989 32.899025 -32767.0 -32767.0 -32767.0 32.963364 33.06888 33.481617 33.660927 33.657288 33.63549 33.643948 33.560673 33.747677 33.75852 33.75642 33.74917 33.764862 33.662827 33.536636 33.548164 33.64719 33.82369 33.82831 33.816833 33.782562 33.75234 33.83536 33.964848 34.003674 34.10121 34.099125 34.14284 34.21 34.25329 34.22306 34.227512 34.326996 34.32437 34.075222 33.803486 33.817978 33.93058 34.122746 33.949226 34.21907 34.18727 34.14543 34.15193 34.16879 34.23166 34.34971 34.401352 34.33784
