static/data/salinity/2023/7/3/6.asc
ncols 137
nrows 93
xllcorner 108.0
yllcorner 17.0
cellsize 0.25
NODATA_value -32767
[rows 54 to 80 of 93, columns 61 to 121 of 137]
34.08409 33.997845 34.024887 34.119606 34.253025 34.33946 34.35851 34.35374 34.36839 34.359806 34.407722 34.402412 34.33042 34.54031 34.55069 34.541504 34.383274 34.401733 34.408493 34.456104 34.452015 34.31541 34.284668 34.246685 34.238758 34.290573 34.434887 34.38734 34.57037 34.55404 34.57728 34.64164 34.64299 34.551598 34.478134 34.427048 34.265358 34.200897 34.229458 34.2702 34.300365 34.286095 34.26424 34.292435 34.563763 34.59263 34.658237 34.66871 34.725227 34.757984 34.664825 34.644558 34.674072 34.693493 34.708744 34.684334 34.675953 34.666084 34.651295 34.63304 34.630318
34.072876 34.120537 34.15843 34.18804 34.232765 34.32511 34.362034 34.34393 34.32151 34.318066 34.353893 34.35466 34.415863 34.5843 34.574524 34.56162 34.514362 34.465828 -32767.0 34.50747 34.452812 34.42331 34.308342 34.30198 34.281597 34.320026 34.448387 34.421757 34.57992 34.564014 34.559696 34.64538 34.6611 34.54395 34.47306 34.454975 34.359806 34.168118 34.270123 34.20158 34.24225 34.21803 34.2095 34.329132 34.578163 34.598743 34.672356 34.689915 34.724262 34.698517 34.63399 34.702065 34.73945 34.74884 34.74903 34.74331 34.73152 34.70736 34.697773 34.65084 34.61927
34.251495 34.262817 34.285156 34.300858 34.311726 34.18228 34.116436 34.24964 34.27894 34.310722 34.352974 34.331406 34.52372 34.600105 34.617878 34.630096 34.58126 34.573635 34.489494 34.47664 34.47155 34.46682 34.456505 34.416985 34.37028 34.367687 34.412746 34.458538 34.586544 34.56617 34.554993 34.61281 34.704147 34.685608 34.65748 34.56822 34.42514 34.318428 34.177765 34.209747 34.216507 34.198265 34.198982 34.400978 34.561752 34.643154 34.70009 34.725056 34.72079 34.611134 34.719727 34.762627 34.77896 34.775265 34.779133 34.777866 34.770523 34.727184 34.70236 34.673615 34.604443
34.10884 34.075912 34.114864 34.12824 34.18547 34.094425 34.185143 34.23337 34.299217 34.31838 34.31928 34.45762 34.57659 34.611305 34.63569 34.64794 34.654556 34.65765 34.654263 34.652336 34.64888 34.64183 34.606876 34.522144 34.438988 34.418987 34.404938 34.480804 34.590874 34.567524 34.568295 34.564453 34.65892 34.722675 34.701538 34.69109 34.677254 34.51109 34.34674 34.16847 34.15339 34.144123 34.239555 34.451923 34.565044 34.66873 34.73174 34.692024 34.572273 34.716633 34.764374 34.737965 34.77619 34.758118 34.77651 34.754078 34.580486 34.55803 34.61815 34.658012 34.622696
34.176662 34.103294 34.031544 34.019917 34.04271 34.235302 34.257107 34.294273 34.40673 34.405346 34.44436 34.57312 34.603542 34.635086 34.641945 34.667088 34.704006 34.693523 34.65928 34.648872 34.643085 34.63282 34.625988 34.626278 34.507355 34.43811 34.447224 34.48684 34.586647 34.542133 34.573647 34.56556 34.61389 34.67145 34.698273 34.717342 34.699585 34.66326 34.579117 34.377277 34.313007 34.334255 34.40023 34.490795 34.54244 34.598984 34.621994 34.61067 34.65313 34.740463 34.776443 34.718773 34.767937 34.73771 34.776466 34.676105 34.504166 34.54175 34.61959 34.628372 34.67336
34.20576 34.094448 34.008156 34.04421 34.29865 34.428802 34.35338 34.33871 34.519737 34.54072 34.57994 34.636078 34.646626 34.656696 34.69411 34.742043 34.754066 34.66706 34.660072 34.656162 34.65672 34.6624 34.64318 34.641613 34.588528 34.491005 34.48549 34.492313 34.55572 34.516273 34.558643 34.58594 34.57265 34.663605 34.714848 34.74732 34.713943 34.676617 34.632732 34.605457 34.528023 34.44468 34.417774 34.453285 34.519127 34.565384 34.59935 34.53289 34.72314 34.737366 34.739372 34.743923 34.68209 34.73579 34.724762 34.740326 34.543613 34.51494 34.603054 34.60925 34.73854
34.214035 34.0554 34.091644 34.355972 34.4157 34.298313 34.51989 34.630272 34.62752 34.571663 34.65304 34.7208 34.756996 34.786697 34.79761 34.79592 34.68197 34.649696 34.65979 34.65693 34.651234 34.65606 34.653538 34.653557 34.616863 34.53074 34.513317 34.527027 34.517467 34.52035 34.547047 34.60207 34.60114 34.697777 34.657005 34.510406 34.423653 34.425594 34.532257 34.598057 34.604187 34.5596 34.52808 34.543503 34.550232 34.555862 34.57387 34.587013 34.747173 34.671978 34.728874 34.76167 34.75534 34.759274 34.660347 34.766815 34.643898 34.533833 34.562695 34.596195 34.801666
34.204563 34.04731 34.33585 34.420303 34.318825 34.48972 34.6299 34.623985 34.633533 34.663033 34.726303 34.72728 34.744392 34.75227 34.789513 34.745033 34.663338 34.648 34.65598 34.62788 34.641884 34.654778 34.654697 34.64373 34.60139 34.54378 34.49403 34.58248 34.57023 34.533585 34.544388 34.613697 34.648888 34.644615 34.55244 34.48051 34.461422 34.462574 34.568855 34.59774 34.63359 34.60347 34.550735 34.51898 34.551178 34.563374 34.554375 34.672188 34.72 34.62216 34.653423 34.75495 34.625717 34.694687 34.70211 34.781498 34.71609 34.583652 34.55064 34.602737 34.84494
34.08676 34.09997 34.31946 34.440063 34.46708 34.61541 34.605186 34.663616 34.72731 34.676033 34.675697 34.723896 34.73849 34.75865 34.799164 34.671627 34.65376 34.645763 34.647064 34.654194 34.655087 34.66118 34.64126 34.606094 34.5634 34.5165 34.48245 34.626446 34.61842 34.534657 34.55778 34.625477 34.66334 34.63475 34.55212 34.485664 34.482376 34.531624 34.610065 34.651485 34.514763 34.52802 34.58614 34.58552 34.503788 34.493446 34.553036 34.736687 34.654655 34.627502 34.632694 34.735073 34.675636 34.85531 34.86888 34.83974 34.745117 34.614235 34.566605 34.646152 34.89988
34.070965 34.25333 34.424755 34.583427 34.61117 34.581104 34.607136 34.74685 34.71114 34.699497 34.639847 34.706146 34.737324 34.762604 34.79076 34.665794 34.652523 34.625317 34.639763 34.62857 34.626457 34.608566 34.587673 34.570446 34.535683 34.46713 34.501457 34.630997 34.630695 34.512447 34.58716 34.634747 34.66571 34.673607 34.58021 34.523666 34.549713 34.634342 34.61339 34.670395 34.509457 34.476486 34.534866 34.57761 34.606136 34.59902 34.693752 34.748802 34.693676 34.633144 34.640488 34.70781 34.746292 34.88709 34.893406 34.81378 34.744747 34.60552 34.617992 34.79662 34.853165
34.22711 34.361008 34.534027 34.58437 34.566273 34.56392 34.59753 34.72718 34.715702 34.660236 34.62197 34.69427 34.72563 34.784645 34.7918 34.670006 34.649242 34.619434 34.61616 34.624783 34.605507 34.592426 34.584343 34.576588 34.543053 34.44674 34.49767 34.625286 34.49409 34.552017 34.62418 34.63221 34.65478 34.694572 34.621902 34.554924 34.72833 34.72088 34.665413 34.714596 34.55672 34.473568 34.53373 34.58718 34.590843 34.630104 34.750874 34.72744 34.66667 34.625126 34.647232 34.690105 34.773678 34.883003 34.84048 34.78123 34.72969 34.59712 34.7057 34.90082 34.86124
34.443527 34.559982 34.585 34.586243 34.564938 34.554703 34.555965 34.56765 34.58592 34.62256 34.601017 34.68452 34.710655 34.787006 34.805794 34.69308 34.641026 34.58623 34.58489 34.576397 34.517525 34.500393 34.54972 34.5806 34.55604 34.452007 34.482304 34.474915 34.51582 34.61758 34.625813 34.58955 34.66596 34.667034 34.66645 34.5874 34.698242 34.697758 34.701065 34.749496 34.612038 34.48617 34.613533 34.59681 34.61045 34.755383 34.739044 34.69484 34.682934 34.62169 34.644 34.670742 34.76176 34.860313 34.80459 34.73587 34.625736 34.735878 34.875835 34.816307 34.90142
34.486286 34.5887 34.59602 34.592777 34.57669 34.542065 34.519043 34.523754 34.577038 34.60878 34.59583 34.694202 34.70408 34.72894 34.80686 34.73068 34.63745 34.56168 34.549267 34.50089 34.468967 34.475533 34.471214 34.55063 34.540417 34.457504 34.441013 34.50734 34.60574 34.611664 34.579353 34.67763 34.699997 34.685207 34.707924 34.64264 34.5712 34.624943 34.672386 34.716362 34.73786 34.676693 34.686375 34.607628 34.6367 34.62968 34.666187 34.66186 34.649876 34.625084 34.64459 34.63566 34.66822 34.730255 34.65896 34.629032 34.74476 34.851772 34.75924 34.795616 34.950733
34.445618 34.580414 34.6013 34.582844 34.567947 34.522247 34.49906 34.52601 34.625843 34.581833 34.607628 34.69794 34.71126 34.689404 34.735817 34.743332 34.635788 34.593655 34.52754 34.51061 34.499847 34.505016 34.490646 34.46854 34.460506 34.45986 34.51843 34.605137 34.63904 34.59035 34.720806 34.702152 34.667603 34.73405 34.710022 34.65999 34.608727 34.5697 34.592762 34.68171 34.66996 34.66892 34.749462 34.744938 34.745934 34.73536 34.658623 34.62616 34.64017 34.632187 34.647064 34.615124 34.5941 34.61516 34.61945 34.709908 34.876995 34.71565 34.708874 34.7661 34.910316
34.402157 34.52147 34.53972 34.524025 34.551598 34.47378 34.52134 34.59388 34.593975 34.57539 34.641346 34.70167 34.701965 34.670624 34.71195 34.707073 34.633034 34.630466 34.572933 34.550095 34.556217 34.583443 34.592495 34.59055 34.5909 34.60591 34.63432 34.648876 34.61604 34.723576 34.71585 34.69829 34.662933 34.743122 34.745132 34.712334 34.68241 34.66008 34.614872 34.606213 34.708138 34.646996 34.64638 34.731915 34.77028 34.667023 34.667362 34.650803 34.661785 34.642403 34.64904 34.64107 34.650787 34.60811 34.625237 34.797794 34.854675 34.783566 34.70558 34.71491 34.805344
34.43752 34.5303 34.502483 34.542015 34.425457 34.505596 34.571465 34.62376 34.548477 34.59632 34.633972 34.696148 34.699177 34.67924 34.69871 34.68349 34.62584 34.640392 34.629993 34.60095 34.620655 34.658913 34.67813 34.673637 34.66854 34.663956 34.655056 34.63253 34.70318 34.737415 34.70742 34.69893 34.699562 34.735893 34.740376 34.738342 34.740334 34.712677 34.62133 34.62037 34.63465 34.696556 34.6805 34.658764 34.66191 34.67899 34.689278 34.67067 34.658867 34.640972 34.65132 34.64682 34.7005 34.628395 34.691578 34.84208 34.89474 34.87427 34.828777 34.733776 34.733147
34.497787 34.49944 34.533142 34.420147 34.434277 34.50514 34.61255 34.567265 34.525333 34.586216 34.611416 34.680927 34.68662 34.68043 34.68661 34.670635 34.617386 34.64496 34.646156 34.647083 34.67771 34.715942 34.69585 34.725647 34.726788 34.692112 34.65221 34.68267 34.751842 34.755707 34.727997 34.703148 34.682144 34.658325 34.65385 34.662464 34.654007 34.662 34.655525 34.63886 34.61448 34.63683 34.647396 34.647102 34.64213 34.64521 34.649124 34.658577 34.66714 34.627136 34.621166 34.62912 34.647366 34.668682 34.75596 34.847054 34.942673 34.92761 34.937164 34.911232 34.727406
34.427685 34.43669 34.418377 34.38294 34.43188 34.61464 34.59711 34.550076 34.541153 34.589897 34.602085 34.6695 34.6761 34.671234 34.685818 34.661396 34.60389 34.645844 34.658295 34.6826 34.742855 34.73323 34.731342 34.749702 34.754963 34.752586 34.74758 34.753723 34.760468 34.74985 34.711517 34.654064 34.651684 34.677746 34.657993 34.635098 34.624176 34.61261 34.675236 34.648808 34.629868 34.641167 34.64582 34.657463 34.674236 34.668674 34.645073 34.601982 34.59201 34.59997 34.63956 34.619408 34.629444 34.74052 34.711357 34.777424 34.90608 34.952682 34.959995 34.91594 34.796993
34.27187 34.262806 34.31639 34.378784 34.444393 34.640186 34.599762 34.537956 34.55718 34.595047 34.608685 34.676373 34.67172 34.64017 34.69773 34.648544 34.574677 34.636257 34.67055 34.73214 34.7057 34.694862 34.704918 34.74501 34.758022 34.76877 34.7696 34.7696 34.77079 34.70326 34.667797 34.66538 34.723347 34.679073 34.60951 34.59754 34.61065 34.600838 34.610603 34.670338 34.65122 34.656227 34.670364 34.661217 34.64028 34.62068 34.575226 34.54826 34.545105 34.581383 34.610577 34.608604 34.61932 34.734745 34.75526 34.752476 34.75124 34.750397 34.755615 34.763157 34.76215
34.111046 34.214527 34.320538 34.41366 34.543297 34.669926 34.598347 34.528244 34.56235 34.59759 34.61088 34.677135 34.67716 34.67181 34.688927 34.608322 34.557842 34.607273 34.6719 34.716454 34.71792 34.713398 34.676838 34.71167 34.73759 34.7197 34.70828 34.696697 34.709732 34.73312 34.7134 34.70626 34.65354 34.59825 34.582817 34.542465 34.551193 34.564407 34.592613 34.662163 34.67403 34.680367 34.697395 34.67991 34.616898 34.58351 34.534317 34.505802 34.528214 34.572037 34.592014 34.58547 34.68389 34.71803 34.73391 34.749454 34.758717 34.760544 34.76198 34.76641 34.76077
34.35644 34.32739 34.36399 34.48857 34.595634 34.641224 34.56716 34.536537 34.57866 34.62143 34.61988 34.648136 34.691082 34.72809 34.66709 34.58394 34.552067 34.628918 34.676563 34.739887 34.747753 34.73312 34.697952 34.674667 34.6892 34.695763 34.696774 34.69462 34.691418 34.669125 34.634766 34.596226 34.56442 34.516933 34.497726 34.495163 34.508366 34.509785 34.543995 34.581783 34.69175 34.699615 34.700863 34.694374 34.60706 34.56747 34.517456 34.48386 34.53131 34.577473 34.587578 34.622578 34.633266 34.63698 34.66043 34.699806 34.712055 34.727776 34.73619 34.74481 34.759212
34.362686 34.31248 34.462845 34.523983 34.54814 34.543194 34.520287 34.54351 34.5893 34.658386 34.64335 34.667965 34.62663 34.71748 34.569435 34.579945 34.52907 34.648434 34.668564 34.70122 34.706764 34.708187 34.703186 34.696884 34.695633 34.68851 34.668015 34.633675 34.604626 34.568077 34.50858 34.455338 34.462723 34.50428 34.533737 34.523212 34.50736 34.511898 34.509422 34.541195 34.644733 34.70928 34.679123 34.68697 34.59067 34.554718 34.511265 34.478577 34.544876 34.58232 34.58209 34.581753 34.588406 34.591633 34.65558 34.712223 34.734962 34.734184 34.73396 34.73508 34.747036
34.310207 34.4499 34.50487 34.538853 34.564354 34.605618 34.49833 34.567734 34.618885 34.679554 34.66089 34.661137 34.672943 34.68842 34.509056 34.514328 34.495335 34.64728 34.673283 34.679657 34.687428 34.69441 34.625954 34.610626 34.628155 34.604103 34.568035 34.49613 34.412296 34.36733 34.46201 34.55769 34.59628 34.597412 34.58626 34.556828 34.55372 34.510166 34.51176 34.50627 34.53607 34.664005 34.68071 34.643894 34.563637 34.54689 34.51014 34.487152 34.557396 34.56036 34.579185 34.609886 34.643745 34.70172 34.71604 34.734135 34.733517 34.724014 34.720886 34.741306 34.7503
34.39229 34.395626 34.453236 34.512756 34.54353 34.58334 34.522114 34.62937 34.658627 34.694485 34.662956 34.65508 34.673393 34.671696 34.48099 34.56454 34.5434 34.60632 34.640656 34.668797 34.676815 34.55297 34.55714 34.602497 34.56652 34.55796 34.479206 34.39775 34.354294 34.509605 34.59438 34.665043 34.70048 34.675533 34.636986 34.619644 34.57358 34.54305 34.51855 34.4978 34.520954 34.5636 34.589497 34.559692 34.53918 34.54541 34.51382 34.50659 34.54913 34.59405 34.690132 34.705017 34.68399 34.704494 34.73597 34.742325 34.73384 34.727627 34.73602 34.74632 34.73783
34.377987 34.33298 34.394104 34.47173 34.5969 34.547478 34.566185 34.676712 34.70533 34.704464 34.69594 34.672592 34.62765 34.60191 34.493633 34.546173 34.58092 34.603195 34.626534 34.680676 34.647614 34.53112 34.55563 34.576904 34.595303 34.534508 34.443714 34.31871 34.50585 34.67198 34.692566 34.70179 34.69872 34.658665 34.59029 34.517757 34.506317 34.560726 34.54862 34.525105 34.490803 34.491272 34.503437 34.513996 34.516865 34.549706 34.53061 34.554058 34.645256 34.689487 34.671665 34.71938 34.7511 34.734524 34.679462 34.654713 34.677498 34.69329 34.679714 34.603592 34.46797
34.3698 34.2984 34.381298 34.507355 34.612206 34.487823 34.59393 34.688637 34.68165 34.710144 34.674053 34.664383 34.67792 34.514507 34.562565 34.58924 34.595257 34.61331 34.663128 34.68367 34.66262 34.531406 34.569378 34.58971 34.581886 34.42563 34.342735 34.40208 34.67287 34.6801 34.70142 34.690166 34.6467 34.52262 34.486046 34.492985 34.50624 34.523083 34.54697 34.547535 34.511795 34.49994 34.495728 34.523388 34.513416 34.55618 34.60102 34.702225 34.674305 34.70375 34.746616 34.724617 34.60665 34.623367 34.71506 34.62677 34.5298 34.48616 34.41676 34.31474 34.306484
34.34285 34.295673 34.362747 34.534992 34.608395 34.465446 34.60649 34.660133 34.629734 34.622787 34.643734 34.632366 34.612522 34.5459 34.637863 34.710987 34.68667 34.693943 34.695168 34.667576 34.55077 34.532433 34.60621 34.60621 34.377068 34.287346 34.284374 34.60448 34.66514 34.667763 34.59866 34.568287 34.49789 34.50265 34.518044 34.50978 34.521038 34.54445 34.546753 34.54243 34.514175 34.506374 34.513596 34.50959 34.529663 34.575993 34.73578 34.731136 34.74343 34.763115 34.78466 34.674023 34.573174 34.56603 34.54881 34.550083 34.50044 34.448017 34.35616 34.28265 34.401688
