static/data/seaWind_vo/2023/7/23/0.asc
ncols 137
nrows 93
xllcorner 108.0
yllcorner 17.0
cellsize 0.25
NODATA_value -32767
[rows 38 to 56 of 93, columns 86 to 128 of 137]
5.236829721279872 5.058896170104438 4.898755974046548 4.703029067753571 4.070475293324904 3.3889897923229935 2.840064786946781 2.4459419710931956 2.0206807837839094 1.6345649777332185 1.3623266444348052 1.18172408999174 1.1043229952304265 1.191510435306389 1.3107259145939294 1.4130377065198036 1.4842111269899774 1.5482672054131332 1.4290517261255928 1.2146417969591954 1.005569874328061 0.899699411378678 0.9290584473226244 0.9023684146463093 0.7689182512647343 0.49934892123395236 0.09188108904220949 -0.30935906885839337 -0.59939075727435 -0.8004556701025898 -0.9036571297843414 -0.8983191232490784 -0.47839594247505524 0.21198623608562706 0.9521898089754308 1.4094790354962952 1.324070930932087 1.1105506695215668 0.8187396455938556 0.4610932077312342 0.03316301715431624 -0.27110335535567476 -0.42501587712242506
4.9023146450700565 4.840037902158654 4.810678866214708 4.7172637518476055 4.375631333590773 3.8925417421494704 3.381872450275976 3.0126603315869516 2.6817039264006453 2.2973674558617088 1.913030985322772 1.5794055768688342 1.52424617600445 1.6149922871039208 1.7075177337151464 1.784029160720583 1.8133881966645293 1.732428430879707 1.5633915572630452 1.381899335064103 1.2155314647150726 1.1310130279067416 1.148806383024285 1.1043229952304265 0.9495208057077993 0.6879584854799119 0.3347603863966764 -0.05580375843340013 -0.3894291668873384 -0.6385361385329453 -0.6981438781767153 -0.5104239816866332 0.06163238534238591 0.77336659004412 1.0500532621219194 0.9664244930694654 0.6621581205594742 0.5100249343044785 0.33209138312904485 0.03316301715431624 -0.2364063128764653 -0.3867601636197069 -0.3787531538168123
4.614062292165854 4.651428337912694 4.619400298701117 4.450363425084454 4.283995554735425 3.9503701462814864 3.8222579894351743 3.6105170635364083 3.263546638744313 2.808036747735203 2.373878882867145 2.027798125830927 1.9308243404403154 1.976197395990051 1.9859837413047 2.009115102957506 1.848974906899616 1.6612550104095336 1.5607225539954137 1.4833214592341002 1.3596576411671737 1.2938222272322633 1.2582355169971766 1.1550340573154252 0.8854647272846432 0.5847570257981605 0.1737305225829089 -0.2319579740970794 -0.4748372714515465 -0.48729262003382656 -0.46594059389277476 -0.1954815961061156 0.18173753238580348 0.33120171537316767 -0.20615760917664172 -0.5068653106631245 -0.6038390960537359 -0.3138074076377788 -0.2444133226793599 -0.32448342070830494 -0.5175413237336506 -0.5557970372363688 -0.5104239816866332
4.318692597214634 4.3329272813086686 4.384528011149545 4.4174457181169995 4.309795919655862 4.393424688708317 4.340044623355686 4.308906251899986 3.9726118401784154 3.5099846071222887 2.9752942858401106 2.584730141010034 2.3551958599937244 2.346299182434953 2.273346426453025 1.948617695557859 1.7146350757621636 1.5002251465957661 1.4103687032521721 1.3427539538055075 1.3062775758145437 1.2528975104619136 1.1141093405450755 0.9121547599609583 0.618564400521493 0.2449039430530826 -0.14921887280050283 -0.40455351873725 -0.4321332191694425 -0.39832584444610974 -0.19459192835023842 0.0580737143188772 0.04561836573659672 -0.47839594247505524 -1.0504523095040739 -1.4552511384281854 -1.4685961547663426 -0.8200283607318877 -0.5762593956215434 -0.6492121516034715 -0.7817726472291691 -0.8360423803376764 -0.9543681918693396
3.6834698195183364 3.8498376898673667 3.9984122050988535 4.131862368480428 4.328478942529283 4.412997379337614 4.611393288898222 4.604275946851205 4.358727646229107 4.017095227972274 3.480625571178342 2.9761839535959878 2.70216628478582 2.579392134474771 2.2333113774385525 1.9076929787875092 1.6781586977711997 1.4486244167548905 1.2858152174293689 1.1319026956626188 1.0945366499157776 0.9913351902340262 0.8329743296878904 0.6114470584744756 0.2911666663586949 -0.08338345886559262 -0.3342697660229539 -0.49085129105733527 -0.3867601636197069 -0.1616742213827833 0.04294936246896519 -0.08160412335383826 -0.3111384043701473 -0.9703822114751288 -1.4463544608694137 -1.8502636220376476 -1.5246452233866044 -0.9285678269489019 -0.7648689598675031 -0.9419128432870596 -1.0753630066686348 -1.1999164924914383 -1.3378149946523994
3.26443630650019 3.4477078642108867 3.5589163336955325 3.517991616925183 3.7235048685328085 3.8275959959704373 4.038447254113326 3.985067188760696 3.9138937682905226 3.5847166986159706 3.3658584306701873 2.8703134906466046 2.7252976464386265 2.5838404732541567 2.2333113774385525 2.0678331748453993 1.8525335779231247 1.6132129515921667 1.4094790354962952 1.2422214973913877 0.953079476731308 0.8400916717349076 0.6434750976860537 0.364119422340623 0.050956372271859784 -0.18213657976795794 -0.4276848803900566 -0.4401402289723366 -0.20081960264137866 0.022487004083790563 -0.07537644906269803 -0.2283993030735707 -0.7417375982146965 -1.2897729358350323 -1.7132547876325641 -1.368063698352223 -1.008637924977847 -0.7586412855763629 -0.9276781591930248 -1.1171773911948617 -1.3413736656759077 -1.4677064870104655 -1.560231933621691
3.169241856621333 3.2608776354766813 3.201269895832911 2.9005621943464286 2.6452275484096814 2.74931867584731 2.6398895418744184 2.491315026642931 2.3934515734964426 2.1443446018508356 1.9254863339050525 2.4094655931022317 2.537577749948544 2.565157450380736 2.5509227662867016 2.383665228181794 2.1221029079539067 1.8952376302052287 1.753780457020759 1.5598328862395365 1.2698011978235797 0.9708728318488513 0.7324418732737703 0.4379618460784278 0.24846261407659087 0.013590326525018792 -0.2586480067733947 -0.24619265819111424 -0.03000339351296244 0.0020246456986154904 -0.09583880744787265 -0.2888967104732183 -0.8075730121496072 -1.1500950981623168 -1.0718043356451261 -0.726613246364785 -0.6919162038855755 -0.6865781973503124 -1.0549006482834598 -1.4516924674046767 -1.677668077397477 -1.6954614325150206 -1.7612968464499308
3.0873924230806336 3.1772488664242275 2.8747618294259905 2.2475460615325873 1.8907892914258428 1.6256683001744467 1.3863476738434888 0.9326171183461331 0.4050441391109727 0.2039792262827329 0.736000544297279 1.6132129515921667 2.523343065854509 2.8142644220263433 2.7946917313970454 2.665689906794856 2.3516371889702157 2.1523516116537302 2.119433904686275 1.9744180604782966 1.7021797271798833 1.3783406640405942 1.0820813013334973 1.0313702392484987 0.8721197109464858 0.5607359963894769 0.2102069005738727 0.022487004083790563 0.015369662036773146 0.005583316722124199 -0.12430817563594232 -0.27466202637918347 -0.34672511460523436 -0.25419966799400884 -0.26576534882041214 -0.47038893267216064 -0.6714538455004004 -1.0958253650538095 -1.633184689603619 -2.045990528330625 -2.17321301742106 -2.1358469716742188 -2.0602252124246596
2.4192519384168807 2.6879316006917855 2.4237002771962666 1.6754896945035682 1.238662826367879 0.9246101085432386 0.7618009092177169 0.45486553344009395 0.10611577313624432 0.39614746155220093 1.0785226303099886 1.7938155060352317 2.528681072389772 2.6301031965597694 2.684372929668277 2.6736969165977507 2.638110206362664 2.4930943621546855 2.4993220364458257 2.4183622706610035 2.1256615789774154 1.7012900594240061 1.3988030224257693 1.4121480387639265 1.1594823960948109 0.8347536651996448 0.5580669931218456 0.3383190574201851 0.2297795912031706 0.053625375539491316 -0.11007349154190749 -0.2319579740970794 -0.24530299043523707 -0.06114176496866319 -0.10651482051839878 -0.4187882028312848 -1.0442246352129336 -1.8137872440466842 -2.407195637216755 -2.7141310129943776 -2.7968701142909542 -2.640288589256573 -2.4374443409165782
2.013563441736892 2.1123165626392577 1.7253110888326897 0.9984525322810436 0.6995241663063152 0.6452544331978078 0.788490941894032 1.101653991962795 1.594529928718746 2.231532041926798 2.5838404732541567 2.4610663229431076 2.043812145436716 2.0108944384692604 2.2279733709032894 2.4192519384168807 2.4930943621546855 2.467293997234248 2.4076862575904774 2.2244146998797807 1.9432796890225958 1.6363443132449729 1.4192653808109439 1.0029008710604295 0.6203437360332473 0.4379618460784278 0.4495275269048311 0.42550649749614755 0.0954397600657182 -0.24619265819111424 -0.40544318649312716 -0.38764983137558406 -0.3947671734226015 -0.642094809556454 -0.906326133051973 -1.3120146297319613 -1.8894090032962434 -2.5246317809925407 -2.765731742835254 -2.8297878212584098 -2.781745762441042 -2.6385092537448185 -2.4232096568225443
2.485977020107668 2.3987895800317056 1.8498645746554931 1.202186448376915 0.8578850268524512 0.8187396455938556 1.0091285453515695 1.3044982403027894 1.4228240518344526 1.7128557402504092 1.7439941117061102 1.615881954859798 1.5544948797042735 1.7386561051708473 1.9076929787875092 2.0215704515397865 2.0580468295307504 2.043812145436716 1.934383011463824 1.795594841546986 1.5616122217512909 1.2528975104619136 0.9477414701960449 0.667496127094737 0.41305114891386707 0.2511316173442224 0.1479301576624712 -0.005092696348401926 -0.24085465165585118 -0.4641612583810204 -0.49529962983672116 -0.4321332191694425 -0.37608415054918076 -0.6812401908150494 -1.1474260948946853 -1.6145016667301983 -2.0201901634101866 -2.1901167047827257 -2.3253462036760557 -2.3395808877700905 -2.221255076238427 -2.0539975381335194 -1.9347820588459785
2.759994688917836 2.534019078925035 2.1060888883481175 1.594529928718746 1.123006018103847 0.730662537762016 0.6719444658741229 0.6746134691417545 0.5625153319012313 0.3383190574201851 0.1852962034093122 0.6221230715450017 0.9032580824021865 1.0954263176716548 1.1763860834564772 1.2262074777855985 1.3053879080586666 1.3409746182937532 1.3534299668760337 1.3098362468380522 1.1256750213714786 0.8160706423262241 0.6425854299301765 0.40949247789035836 0.14081281561545378 -0.08694212988910133 -0.3013520590554988 -0.4855132845220722 -0.5976114217625956 -0.4116708607842674 -0.3013520590554988 -0.2479719937028686 -0.2639860133086578 -0.44725757101935404 -0.933905833484165 -1.310235294220207 -1.5335419009453761 -1.738165484797125 -1.9018643518785239 -1.9116506971931728 -1.828021928140719 -1.7461724946000188 -1.5575629303540595
2.6994972815181884 2.373878882867145 2.0055564319339974 1.7920361705234773 1.4281620583697157 0.9539691444871852 0.1550474997094886 -0.03890007107173421 -0.4009948477137413 -0.6661158389651374 -0.694585207153207 -0.23462697736471094 0.15237849644185708 0.2822699887999236 0.3223050378143961 0.3676780933641315 0.4352928428107963 0.6230127393008786 0.7742562577999972 0.7102001793768411 0.43974118159018216 0.20931723281799552 0.2377866010060652 0.10611577313624432 -0.07537644906269803 -0.06559010374804908 -0.2559790035057632 -0.21149561571190478 -0.23462697736471094 -0.20526794142076454 -0.3049107300790075 -0.24619265819111424 -0.42590554487830223 -0.6696745099886461 -0.9979619119073209 -1.0273209478512677 -1.193688818200298 -1.3609463563052056 -1.5264245588983587 -1.7016891068061608 -1.7212617974354587 -1.595818643856778 -0.9899549021044267
2.2528840680678504 1.922817330637421 1.5856332511599742 1.365885315458314 1.1612617316065652 0.7938289484292951 0.035832020421947774 -0.4410298967282138 -0.7986763345908354 -0.7105992267589958 -0.5985010895184728 -0.2604273422851491 -0.1954815961061156 -0.08071445559796109 -0.40544318649312716 -0.441919564484091 -0.2933450492526042 0.274262978997029 0.4335135072990419 0.15237849644185708 -0.1287565144153282 -0.24530299043523707 -0.043348409851120095 0.12390912825378742 0.20842756506211835 0.20486889403860964 0.11323311518326173 0.1728408548270317 0.18974454218869807 -0.13587385646234562 -0.33160076275532235 -0.6536604903828569 -0.838711383605308 -0.9935135731279354 -1.1073910458802128 -0.9766098857662691 -0.8111316831731159 -0.9677132082074973 -0.9997412474190752 -1.1714471243033686 -0.8858637746667979 -0.434802222437074 0.06430138861001744
1.6363443132449729 1.3205122599085783 0.9824385126752546 0.6799514756770175 0.4424101848578137 0.12390912825378742 -0.2586480067733947 -0.7363995916794339 -0.5415623531423339 -0.38053248932856665 -0.10651482051839878 0.04383903022484237 0.06074271758650873 -0.057583093945154484 -0.382311824840321 -0.307579733346639 -0.010430702883664544 0.6390267589066678 0.5687430061923715 0.28760799533518666 -0.18569525079146665 -0.29868305578786725 0.12924713478905048 0.5509496510748282 0.5883156968216692 0.3036220149409754 0.21198623608562706 0.3338707186407992 0.30629101820860694 -0.046907080874628804 -0.3707461440139177 -0.6936955393973299 -0.9650442049398658 -1.094046029542055 -0.7782139762056608 -0.1910332573267297 0.11145377967150738 0.7404488830766649 0.7084208438650867 0.36856776112000866 0.6541511107565796 1.1746067479447229 1.3578783056554193
1.1043229952304265 0.7964979516969264 0.4557552011959711 0.13280580581255919 -0.26487568106453496 -0.6705641777445233 -0.9347955012400422 -0.6759021842797863 -0.4321332191694425 -0.07359711355094367 0.1924135454563296 0.23600726549431084 0.2511316173442224 0.15237849644185708 0.259138627147117 0.4521965301724624 0.6256817425685102 0.8009462904763123 0.5705223417041259 0.47354855631351445 -0.01487904166305043 0.24401427529720543 0.7582422381942082 1.1319026956626188 0.8899130660640291 0.6123367262303527 0.1728408548270317 0.33565005415255356 0.20931723281799552 0.15326816419773426 -0.12163917236831079 -0.38498082810795253 -0.6732331810121548 -0.5735903923539118 -0.03356206453647115 0.9735418351164828 2.0963025430334685 2.7582153534060816 2.9699562793048475 2.533129411169158 2.1550206149213618 2.1674759635036422 2.3053744656646034
0.7315522055178931 0.5438323090278108 0.20842756506211835 -0.19637126386199277 -0.6501018193593486 -1.0655766613539859 -1.0486729739923195 -0.689247200617944 -0.17235023445330944 0.2520212851000996 0.2582489593912398 0.09988809884510408 0.21554490710913576 0.4192788232050073 0.6354680878831591 0.4335135072990419 0.05451504329536849 -0.28622770720558677 -0.40455351873725 -0.2479719937028686 0.25380062061185393 0.7795942643352602 1.355209302387788 1.9628523796518935 1.7733531476500568 1.3285192697114727 0.7502352283913138 0.36234008682886865 0.23956593651781954 0.3596710835612371 0.2787113177764149 0.04917703676010543 -0.11096315929778466 0.06786005963352615 0.6781721401652632 1.7991535125704945 2.9423765788726555 3.485963577713605 3.715497858729914 4.100723997024728 3.4423698576756236 2.919245217219849 2.4076862575904774
0.5029075922574611 0.3525537415142197 0.13458514132431354 -0.18925392181497536 -0.5015273041278614 -0.679460855303295 -0.5380036821188252 -0.07181777803918932 0.422837494228516 0.5954330388686866 0.4121614811579899 0.2520212851000996 0.27337331124115183 0.348995070490711 0.23600726549431084 -0.13765319197409998 -0.5771490633774206 -0.8992087910049555 -0.8093523476613615 -0.4116708607842674 0.19953088750334702 0.5198112796191272 1.1123300050333211 1.9503970310696133 2.1390065953155726 1.752890789264882 1.4450657457313818 0.953079476731308 0.9121547599609583 1.0883089756246376 1.0731846237747256 0.7876012741381548 0.5838673580422833 0.6924068242592978 1.1790550867241087 1.7155247435180407 1.9121413175668949 2.396120576764074 3.25198095791791 4.419225053628754 4.972598397784353 4.373851998079019 3.3142577008293115
0.24312460754132825 0.03761135593370213 -0.16523289240629202 -0.32359375295242776 -0.37341514728154923 -0.2106059479560276 0.1479301576624712 0.5465013122954423 0.7964979516969264 0.788490941894032 0.6594891172918427 0.5811983547746518 0.3516640737583425 0.04383903022484237 -0.17679857323269532 -0.17679857323269532 -0.040679406583488564 -0.06114176496866319 -0.012210038395418898 -0.02644472248945373 -0.11630116583304773 -0.3378284370464626 -0.6732331810121548 -1.1598814434769658 -0.7977866668349582 0.1434818188830853 1.2084141226680551 1.8080501901292663 1.8907892914258428 1.8285125485144411 1.6149922871039208 1.2048554516445464 0.9130444277168355 0.9895558547222718 1.2893738884528774 1.2884842206970002 1.12834402463911 1.2733598688470884 1.918368991858035 2.939707575605024 3.7003735068800023 3.51265361038992 2.897893191078797
