static/data/seaWind_vo/2023/7/23/12.asc
ncols 137
nrows 93
xllcorner 108.0
yllcorner 17.0
cellsize 0.25
NODATA_value -32767
[rows 57 to 75 of 93, columns 0 to 42 of 137]
1.547377537657256 1.779580821941197 1.784029160720583 1.6683723524565508 1.5989782674981319 1.5651708927747996 1.090088311136392 1.0447152555866563 1.139020037709636 1.4548520910460305 1.8240642097350555 2.0909645364982055 1.9406106857549643 1.7947051737911088 1.3276296019555955 1.1505857185360393 1.2724702010912112 1.5491568731690104 1.4646384363606795 1.0500532621219194 0.8507676848054337 0.7066415083533326 0.6310197491037732 0.6799514756770175 0.13280580581255919 -0.44280923223996815 -0.7203855720736447 -0.494409962080844 -0.2186129577589222 -0.052245087409891866 -0.29156571374084983 -0.434802222437074 -0.6856885295944353 -0.9072158008078501 -0.9694925437192516 -0.8698497550610087 -0.8734084260845174 -0.8057936766378528 -0.5362243466070709 -0.15900521811515178 0.14259215112720813 0.2635869659265029 0.20931723281799552
1.387237341599366 1.5037838176192748 1.493107804548749 1.4192653808109439 1.4290517261255928 1.3996926901816462 1.4877697980134859 1.4165963775433124 1.6105439483245352 1.6167716226156752 1.754670124776636 1.7279800921003212 1.7520011215090048 1.6968417206446205 1.700400391668129 1.3943546836463834 1.1363510344420047 1.314284585617438 1.3881270093552431 1.127454356883233 1.0438255878307792 0.915713430984467 0.8303053264202589 0.8988097436228009 0.22888992344729342 -0.4766166069633009 -0.7310615851441709 -0.5006376363719842 -0.13587385646234562 -0.05135541965401469 -0.12074950461243361 -0.02733439024533091 -0.24619265819111424 -0.14743953728874848 -0.04245874209524292 0.08921208577457795 -0.12341850788006514 0.038501023689579306 0.12301946049791024 0.3676780933641315 0.33920872517606226 0.27604231450878336 0.2778216500205377
1.439727739196119 1.5393705278543615 1.3801199995523485 1.42994139388147 1.5135701629339238 1.7893671672558458 1.5607225539954137 1.4263827228579613 1.8783339428435626 1.880113278355317 1.615881954859798 1.4851007947458545 1.4984458110840118 1.9148103208345264 1.8107191933968978 1.4842111269899774 1.2591251847530538 1.4103687032521721 1.6301166389538326 1.324070930932087 0.9166030987403442 0.9281687795667473 1.2982705660116491 1.3374159472702445 0.6425854299301765 0.21910357813264447 0.11412278293913891 0.37657477092290326 0.6924068242592978 0.7048621728415783 0.8534366880730653 0.9166030987403442 1.1746067479447229 1.217310800226827 1.017135555154464 0.8658920366553455 1.1149990083009527 0.847209013781925 0.9308377828343788 0.7911599451616635 0.6995241663063152 0.7351108765414018 0.788490941894032
1.8160571999321609 1.8258435452468098 1.4254930551020841 1.4495140845107677 1.6443513230478675 1.9824250702811912 1.5402601956102386 1.3996926901816462 1.7146350757621636 1.8569819167025106 1.6141026193480437 1.5109011596662922 1.4174860452991895 2.0847368622070657 2.0224601192956637 1.6968417206446205 1.4922181367928717 1.6052059417892721 1.6132129515921667 1.3783406640405942 1.0776329625541115 0.9174927664962214 1.2493388394384048 0.9335067861020103 0.7964979516969264 0.8196293133497328 0.9183824342520985 1.1665997381418283 1.1772757512123544 1.223538474517967 1.313394917861561 1.4468450812431362 1.6701516879683052 2.009115102957506 1.832960887293827 1.4593004298254164 1.4859904625017315 1.2404421618796333 1.1559237250713024 1.0295909037367446 1.085639972357006 1.1505857185360393 1.6363443132449729
2.085626529962943 2.0651641715777678 1.7066280659592692 1.5064528208869064 1.7021797271798833 1.9610730441401392 1.705738398203392 1.5402601956102386 1.4637487686048023 1.6069852773010265 1.6363443132449729 1.5980885997422547 1.397023686914015 1.8498645746554931 1.8721062685524223 1.8507542424113703 1.6452409908037446 1.5865229189158514 1.4361690681726103 1.3596576411671737 1.366774983214191 1.2066347871563008 0.9557484799989395 0.6007710454039497 1.1532547218036708 1.2751392043588428 1.3196225921527012 1.2591251847530538 1.2706908655794569 1.434389732660856 1.3267399341997184 1.4984458110840118 1.7128557402504092 2.0527088229954873 2.136337592047941 1.8249538774909326 1.1977381095975292 1.2297661488091072 1.1194473470803383 1.2733598688470884 1.3276296019555955 2.2769050974765337 3.376534443740713
2.1772623088182907 2.1968349994475886 2.1754829733065364 1.9584040408725076 2.087405865474697 2.1763726410624136 2.108757891615749 1.6621446781654108 1.5509362086807648 1.4157067097874352 1.4228240518344526 1.6060956095451493 1.3765613285288398 1.4121480387639265 1.5740675703335711 1.5509362086807648 1.4335000649049787 1.3747819930170855 1.3222915954203327 1.5856332511599742 1.5696192315541855 1.4548520910460305 1.1843930932593716 1.3053879080586666 1.7021797271798833 1.4610797653371708 1.4548520910460305 1.3943546836463834 1.377450996284717 1.627447635686201 1.493107804548749 1.747552782729619 1.997549422131103 1.8036018513498804 1.859650919970142 1.7671254733589166 1.0260322327132358 1.1888414320387575 1.22264880676209 1.4068100322286636 2.452169645384336 3.6478831092832493 5.154090619983295
2.3080434689322344 2.1265512467332925 2.1532412794096074 2.4237002771962666 2.717290636635732 2.7244079786827493 2.4174726029051263 1.6852760398182172 1.254676845973668 1.1630410671183196 1.4842111269899774 1.8205055387115467 1.4690867751400654 1.1087713340098124 1.117668011568584 0.9210514375197301 0.8970304081110465 1.1158886760568296 1.2698011978235797 1.742214776194356 1.8427472326084757 1.8133881966645293 1.784029160720583 2.018011780516278 1.7350974341473386 1.3356366117584901 1.5126804951780466 1.5091218241545379 1.4432864102196274 1.6452409908037446 1.7938155060352317 2.2199663611003952 1.8907892914258428 1.6176612903715524 1.5544948797042735 1.4833214592341002 1.2155314647150726 1.5482672054131332 1.6345649777332185 2.283132771767674 3.4192384960228175 4.552675217010329 5.278644105806098
1.954845369848999 1.7493321182413732 1.7448837794619874 1.9877630768164543 2.1390065953155726 2.09274387200996 1.9263760016609297 1.4628591008489251 1.090088311136392 1.2368834908561246 1.6381236487567272 1.8792236105994398 1.4851007947458545 0.8703403754347314 0.544721976783688 -0.0015340253248932179 -0.2559790035057632 0.23600726549431084 1.5393705278543615 1.8365195583173357 1.7893671672558458 1.960183376384262 1.953955702093122 1.5838539156482199 1.4877697980134859 1.2733598688470884 1.3845683383317344 1.42994139388147 1.3623266444348052 1.4326103971491015 1.886340952646457 1.83829889382909 1.4504037522666449 1.2297661488091072 1.2190901357385813 1.4165963775433124 1.6683723524565508 1.8987963012287374 1.7938155060352317 2.7955813991529226 4.129193365212798 4.905873316093565 4.5722479076396265
1.679938033282954 1.3783406640405942 1.2591251847530538 1.2742495366029656 1.2466698361707733 1.1025436597186722 1.0349289102720074 0.6577097817800883 0.46643121426649725 0.5856466935540376 1.0046802065721838 1.4797627882105915 1.4121480387639265 1.349871295852525 0.45842420446360266 -0.3929878379108471 -0.3929878379108471 0.5838673580422833 1.2537871782177907 1.3489816280966478 1.4975561433281346 1.8738856040641767 1.934383011463824 1.424603387346207 1.3756716607729627 1.5909712576952373 1.5553845474601506 1.344533289317262 1.1479167152684078 1.1372407021978816 1.250228507194282 1.2324351520767387 0.984217848187009 0.8587746946083281 1.0571706041689366 1.5126804951780466 1.7084074014710235 1.6701516879683052 2.80269874119994 3.801795631049999 4.28221621922367 4.3524999719379664 4.223498147335777
2.018901448272155 1.6701516879683052 1.340084950537876 1.2680218623118253 1.287594552941123 1.1737170801888457 1.0838606368452517 0.01981800081615903 -0.34316644358172566 0.16127517400062885 1.170158409165337 1.742214776194356 1.1835034255034944 1.3578783056554193 0.8525470203171881 0.9486311379519221 1.2591251847530538 1.3525402991201565 1.5162391662015553 1.4868801302576087 1.5447085343896245 1.8000431803263717 1.6932830496211118 1.1158886760568296 0.9646451575577113 1.202186448376915 1.255566513729545 1.1301233601508645 0.9868868514546405 1.026921900469113 1.0705156205070943 1.1167783438127068 0.9228307730314842 0.4637622109988657 0.47087955304588314 1.4281620583697157 2.993087640957654 3.777774601641316 4.22883615387104 4.314244258435248 4.366734656032001 4.190580440368322 3.9023280874641193
1.3525402991201565 1.2591251847530538 1.1621513993624424 1.1550340573154252 1.3036085725469122 1.255566513729545 0.9432931314166593 0.29472533738220363 0.005583316722124199 0.3979267970639553 1.1763860834564772 1.2902635562087545 1.0153562196427097 0.9655348253135885 1.0109078808633238 1.064287946215954 1.345422957073139 1.6461306585596218 1.3623266444348052 1.287594552941123 1.5971989319863775 1.7982638448146173 1.6123232838362895 1.2475595039266505 1.2101934581798095 1.1345716989302503 1.069625952751217 0.9272791118108701 0.757352570438331 0.7582422381942082 1.0767432947982343 1.344533289317262 1.392575348134629 1.3623266444348052 1.6194406258833067 3.126537804339229 4.173676753006656 4.405880037290597 4.243070837965075 4.198587450171217 3.9548184850608723 3.7439672269179836 3.259987967720804
0.8676713721670999 1.0500532621219194 1.0260322327132358 1.139020037709636 1.2689115300677025 1.1336820311743732 1.0322599070043759 1.260014852508931 0.915713430984467 1.1879517642828803 1.3160639211291925 1.4646384363606795 1.4228240518344526 1.32940893746735 1.3320779407349814 1.2333248198326159 1.4593004298254164 1.4593004298254164 1.3098362468380522 1.139020037709636 1.3703336542376996 1.6052059417892721 1.7021797271798833 1.5340325213190986 1.106991998498058 1.2093037904239323 1.1105506695215668 0.7546835671706995 0.5367149669807936 0.3445467317113251 0.5883156968216692 0.9281687795667473 1.9646317151636479 2.279574100744165 3.519770952436937 4.635414318306905 4.593599933780679 4.479722461028402 4.3026785776088445 3.8978797486847334 3.607848060268777 3.1550071725272986 2.7101732945887145
1.0954263176716548 1.3996926901816462 1.6603653426536564 1.7137454080062864 1.7520011215090048 1.414817042031558 1.3276296019555955 1.7635668023354079 1.5856332511599742 1.5286945147838356 1.3943546836463834 1.5971989319863775 1.5651708927747996 1.5598328862395365 1.6639240136771651 1.345422957073139 1.123006018103847 1.0598396074365681 1.0954263176716548 0.9824385126752546 1.148806383024285 1.12834402463911 1.4842111269899774 2.018011780516278 1.2466698361707733 1.2626838557765625 1.3863476738434888 1.6185509581274296 1.1986277773534064 0.990445522478149 1.3391952827819988 1.8454162358761073 2.8284991061203777 3.9877361920283274 4.683456377124273 4.740395113500412 4.513529835751734 4.26353319635025 3.920121442581663 3.402334808661151 2.9886393021782682 2.7902433926176595 2.6630209035272245
1.4308310616373472 1.8347402228055814 2.277794765232411 2.214628354565132 2.14612393736259 1.896127297961106 1.6034266062775178 1.3783406640405942 1.5740675703335711 1.5491568731690104 1.414817042031558 1.5553845474601506 1.414817042031558 1.5340325213190986 1.4601900975812936 1.06873628499534 0.6657167915829827 0.48956257591930363 0.5331562959572849 0.6763928046535088 0.6007710454039497 0.7644699124853485 1.244890500659019 1.9299346726844382 1.3854580060876116 1.3160639211291925 2.2591117423589906 2.676365919865382 2.438824629046178 2.396120576764074 2.85607880655257 3.296464345711768 4.004639879389994 4.135421039503937 4.538440532916294 4.28844389351481 4.045564596160343 3.6576694545978983 3.3231543783880833 2.8640858163554643 2.6585725647478387 2.6158685124657346 2.7306356529738895
1.525135843760327 1.6185509581274296 2.1372272598038182 1.9139206530786492 1.7030693949357605 1.5829642478923427 1.6078749450569036 1.38278900281998 1.4477347489990133 1.4539624232901533 1.514459830689801 1.5384808600984845 1.3427539538055075 1.042935920074902 0.9441827991725362 0.6274610780802645 0.10344676986861279 -0.14032219524173106 -0.24975132921462295 -0.060252097212786015 0.7902702774057864 1.0295909037367446 1.1977381095975292 1.5171288339574325 1.2582355169971766 1.9735283927224194 2.9183555494639717 3.1763591986683504 3.032233022216249 3.322264710632206 3.6496624447950037 3.985956856516573 4.076702967616044 4.166559410959638 4.0277712410428 3.667455799912547 3.3605204241349242 3.0082119928075657 2.7199596399033634 2.523343065854509 2.3427405114114443 2.3970102445199513 2.59540615408056
1.1888414320387575 1.1808344222358629 1.302718904791035 1.0927573144040235 0.969093496337097 1.1568133928271795 1.355209302387788 1.4957768078163804 1.6123232838362895 1.7600081313118991 1.7929258382793545 1.5696192315541855 1.2698011978235797 0.8970304081110465 0.6701651303623686 0.47087955304588314 -0.01754804493068196 -0.14921887280050283 -0.2150542867354135 0.2867183275793095 1.2849255496734917 1.8552025811907562 1.8560922489466334 1.8294022162703183 2.048260484216102 2.579392134474771 2.7101732945887145 2.7938020636411682 2.908569204149323 3.259098299964927 3.4281351735815893 3.604289389245268 3.6550004513302667 3.56603367574255 3.359630756379047 3.0286743511927408 2.722628643170995 2.480639013572405 2.3347335016085498 2.1443446018508356 2.0624951683101362 2.1772623088182907 2.348078517946707
1.4059203644727865 1.5678398960424311 1.4263827228579613 1.064287946215954 1.202186448376915 1.2840358819176145 1.292932559476386 1.397913354669892 1.6060956095451493 2.1496826083860987 2.124771911221538 1.790256835011723 1.694172717376989 1.5393705278543615 1.2742495366029656 1.467307439628311 1.403251361205155 1.5491568731690104 1.8480852391437388 2.075840184648294 2.085626529962943 2.256442739091359 2.340071508143813 2.3907825702288115 2.4023482510552143 2.289360446058814 2.236870048462061 2.2751257619647793 2.399679247787583 2.6567932292360843 2.888106845764148 3.037571028751512 3.0598127226484415 2.968176943793093 2.7902433926176595 2.496653033178194 2.2386493839738155 2.0776195201600482 1.953955702093122 1.913030985322772 1.9263760016609297 1.986873409060577 2.018901448272155
3.26443630650019 4.195918446903585 3.904997090731751 3.1203101300480887 2.5126670527839834 1.5171288339574325 1.7502217859972504 2.003777096422243 1.827622880758564 2.197724667203466 2.1630276247242564 2.1309995855126784 1.9530660343372448 2.302705462396972 2.9423765788726555 3.2582086322090498 3.36496876291431 3.5277779622398318 3.189704215006508 2.6959386104946796 2.3240574885380236 2.2333113774385525 2.358754531017233 2.264449748894253 2.00466676417812 1.8249538774909326 1.8000431803263717 1.8747752718200539 1.9637420474077707 2.1852693186211853 2.4085759253463546 2.4939840299105627 2.528681072389772 2.490425358887054 2.3329541660967954 2.09274387200996 1.858761252214265 1.63723398100085 1.5651708927747996 1.5963092642305003 1.6479099940713762 1.6728206912359367 1.7128557402504092
4.4227837246522625 4.802671856411813 4.1229656909216565 3.4050038119287827 3.207497570124051 2.992197973201777 2.8863275102523938 2.263560081138376 1.658586007141902 2.2226353643680263 2.788464057105905 3.3800931147642217 3.4548252062579037 3.4130108217316772 3.278670990594225 3.2857883326412423 3.1781385341801047 3.109634116977563 2.6452275484096814 2.1425652663390813 1.8231745419791783 1.7342077663914615 1.7884774994999686 1.656806671630148 1.5865229189158514 1.5002251465957661 1.5171288339574325 1.6087646128127808 1.7884774994999686 1.8898996236699657 2.023349787051541 2.160358621456625 2.2003936704710974 2.122992575709784 1.949507363313736 1.7626771345795307 1.5589432184836594 1.3596576411671737 1.2822565464058602 1.2858152174293689 1.3151742533733153 1.3783406640405942 1.366774983214191
