static/data/seaWind_vo/2023/7/23/6.asc
ncols 137
nrows 93
xllcorner 108.0
yllcorner 17.0
cellsize 0.25
NODATA_value -32767
[rows 19 to 37 of 93, columns 0 to 42 of 137]
2.872982493914236 2.8907758490317796 2.876541164937745 2.6674692423066104 1.9948804188634717 1.4441760779755046 1.2004071128651608 1.1043229952304265 1.1167783438127068 1.0224735616897271 0.7351108765414018 0.28404932431167795 -0.18658491854734383 -1.0673559968657402 -1.3182423040231015 -1.076252674424512 -0.621632451171279 -0.4445885677517225 0.02070766857203621 0.5945433711128094 1.1345716989302503 2.038474138901453 2.1728139700389053 1.7244214210768125 0.8134016390585928 0.5002385889898295 0.47354855631351445 0.5349356314690392 0.7422282185884193 0.9201617697638529 1.3383056150261217 1.7662358056030394 2.0117841062251376 2.302705462396972 2.552702101798456 2.7244079786827493 2.647006883921436 2.283132771767674 1.8738856040641767 1.6514686650948849 1.748442450485496 1.9281553371726838 1.7866981639882142
3.457494209525535 3.26443630650019 3.095399432883528 2.8062574122234487 2.2279733709032894 1.6514686650948849 1.2938222272322633 1.0358185780278846 0.8009462904763123 0.730662537762016 0.6683857948506142 0.46287254324298854 0.03316301715431624 -0.5789283988891749 -0.6767918520356635 -0.29423471700848136 0.4521965301724624 1.5109011596662922 2.003777096422243 1.969969721698911 1.2039657838886693 0.9815488449193774 0.7075311761092098 0.3836921129699207 0.1852962034093122 0.401485468087464 0.6728341336300001 0.9601968187783254 1.3249605986879642 1.7582287958001448 2.2226353643680263 2.575833463451262 2.6514552227008212 2.8961138555670427 2.9539422596990583 2.840954454702658 2.463735326210739 2.1496826083860987 2.0117841062251376 2.0100047707133832 2.0269084580750496 1.8907892914258428 1.7012900594240061
3.4948602552723766 3.0802750810336166 2.523343065854509 1.694172717376989 1.0651776139718312 0.7030828373298239 0.2377866010060652 -0.20615760917664172 -0.8787464326197805 -0.8573944064787287 -0.7595309533322401 -0.6065080993213674 -0.739068594947065 -0.6785711875474179 -0.546900359677597 -0.33249043051119953 -0.4525955775546171 -0.19281259283848406 0.010031655501510084 -0.16434322465041484 -0.4161191995636533 -0.1625638891386605 0.13102647030080483 0.16038550624475167 0.3632297545847458 0.6479234364654394 0.9397344603931506 1.2911532239646317 1.7075177337151464 2.1443446018508356 2.491315026642931 2.7519876791149414 2.797360734664677 2.8961138555670427 2.825830102852746 2.5731644601836305 2.324947156293901 2.103419885080486 2.0304671290985583 2.0304671290985583 2.0633848360660134 1.9770870637459281 1.8774442750876854
2.4619559906989847 2.2822431040117968 1.906803311031632 1.1986277773534064 0.7867116063822777 0.11768145396264762 -0.3378284370464626 -0.7283925818765393 -1.055790316039337 -0.9481405175781998 -1.0584593193069685 -1.0646869935981087 -1.4712651580339742 -1.5237555556307272 -1.4187747604372216 -1.3849673857138889 -1.3538290142581881 -1.2319445317030162 -1.0851493519832833 -1.1340810785565276 -0.4454782355075997 0.01981800081615903 0.3000633439174667 0.5046869277692154 0.7013035018180696 1.0874193078687604 1.5055631531310292 1.8872306204023341 2.298257123617586 2.5615987793572277 2.85607880655257 2.958390598478444 2.9957566442252856 2.946824917652041 2.65501389372433 2.369430544087759 2.1381169275596954 1.9850940735488227 1.9085826465433864 1.944169356778473 2.048260484216102 2.0055564319339974 1.8979066334728603
0.00825231998975573 -0.2186129577589222 -0.8511667321875884 -0.7177165688060132 -0.7417375982146965 -0.8173593574642561 -0.574480060109789 0.4299548362755332 0.5215906151308816 0.46198287548711137 0.030494013886685156 -0.8253663672671503 -1.3137939652437156 -1.5139692103160782 -1.6678817320828285 -1.8644983061316824 -2.0548872058893966 -1.8360289379436128 -1.0299899511188992 -0.34672511460523436 0.5037972600133382 0.8436503427584163 1.0251425649573587 1.2066347871563008 1.4504037522666449 1.9254863339050525 2.326726491805655 2.5607091116013505 2.80269874119994 2.9539422596990583 2.9263625592668663 2.982411627887128 2.9059002008816917 2.722628643170995 2.437934961290301 2.1754829733065364 1.9673007184312794 1.8196158709556696 1.7608977990677763 1.8178365354439152 1.9272656694168069 1.8818926138670713 1.717304079029795
-0.26576534882041214 -0.7177165688060132 -1.0958253650538095 -0.48729262003382656 -0.15544654709164307 0.0038039812103698445 0.7938289484292951 1.4139273742756808 1.2573458492412994 0.9459621346842906 0.71998652469149 -0.025555054733576554 -0.49529962983672116 -0.7399582627029422 -1.055790316039337 -1.251517222332314 -1.5148588780719554 -1.0424452997011793 0.057184046563000024 1.2084141226680551 1.531363518051467 1.5927505932069916 1.753780457020759 2.082067858939434 2.362313202040742 2.7902433926176595 2.9966463119811624 3.146110494968527 3.0233363446574777 3.0162190026104603 2.888106845764148 2.8204920963174835 2.6781452553771365 2.5126670527839834 2.2938087848382 2.0642745038218906 1.8614302554818964 1.7279800921003212 1.73153876312383 1.78491882847646 1.8231745419791783 1.7760221509176883 1.5375911923426073
1.3649956477024368 1.2680218623118253 1.037597913539639 1.7377664374149702 1.7155247435180407 1.8747752718200539 1.5002251465957661 1.5082321563986607 1.186172428771126 1.1897310997946347 0.9628658220459569 0.9183824342520985 0.6763928046535088 0.4717692208017603 0.6363577556390363 0.4504171946607083 0.28049065328816924 0.8151809745703471 1.922817330637421 2.3080434689322344 2.44772130660495 2.3320644983409182 2.410355260858109 2.739532330532661 3.042909035286775 3.406783147440537 3.427245505825712 3.201269895832911 3.076716410010108 2.872982493914236 2.7039456202975742 2.6025234961275774 2.526901736878018 2.3614235342848646 2.251104732556096 2.0544881585072416 1.854312913434879 1.8338505550497042 1.84452656812023 1.8845616171347028 1.880113278355317 1.8356298905614585 2.043812145436716
2.03313613236619 1.9361623469755784 2.1372272598038182 2.4343762902667923 2.236870048462061 1.986873409060577 1.4681971073841882 1.3472022925848934 1.2938222272322633 1.3605473089230509 1.2057451194004236 1.3267399341997184 1.3952443514022606 1.621219961395061 1.801822515838126 2.203952341494606 2.1576896181889933 2.3934515734964426 2.6025234961275774 2.9646182727695845 3.1203101300480887 3.0749370744983535 3.073157738986599 3.2057182346122968 3.497529258540008 3.6336484251892145 3.4361421833844834 3.1683521888654558 2.887217178008271 2.638110206362664 2.4868666878635453 2.3649822053083733 2.3080434689322344 2.273346426453025 2.2021730059828517 2.0624951683101362 2.0402534744132073 2.019791116028032 1.9931010833517173 2.024239454807418 2.0580468295307504 2.34096117589969 2.5767231312071393
0.56607400292474 0.9379551248813962 1.3196225921527012 1.3374159472702445 0.97443150287236 0.8036152937439438 0.783152935358769 1.3116155823498066 1.5616122217512909 1.535811856830853 1.2582355169971766 1.1452477120007762 1.3463126248290163 1.699510723912252 2.05181915523961 2.5767231312071393 2.951273256431427 2.9050105331258145 2.9557215952108127 3.0793854132777394 3.3622997596466786 3.2955746779558908 3.190593882762385 3.312478365317557 3.5322263010192176 3.5642543402307956 3.296464345711768 3.0402400320191436 2.759994688917836 2.50110137195758 2.3765478861347766 2.2546634035796047 2.2048420092504832 2.166586295747765 2.1523516116537302 2.1479032728743443 2.161248289212502 2.0785091879159254 2.003777096422243 2.027798125830927 2.08028852342768 2.399679247787583 2.4664043294783706
0.2582489593912398 1.1185576793244612 1.7457734472178645 1.9726387249665422 1.6496893295831305 1.3703336542376996 1.0838606368452517 0.9610864865342026 0.9210514375197301 1.1354613666861275 1.4139273742756808 1.6532480006066392 1.5367015245867301 1.562501889507168 1.7635668023354079 2.161248289212502 2.7048352880534514 2.999315315248794 3.1879248794947537 3.2235115897298403 3.15144850150379 2.89700352332292 2.887217178008271 3.1194204622922115 3.3943277988582565 3.3436167367732583 3.090061426348265 2.855189138796693 2.623875522268629 2.3907825702288115 2.208400680273992 2.09274387200996 2.061605500554259 2.1060888883481175 2.1701449667712738 2.235090712950307 2.2101800157857463 2.08651619771882 1.9361623469755784 1.9450590245343502 1.8818926138670713 1.7769118186735655 1.6496893295831305
1.4548520910460305 1.1897310997946347 0.8774577174817488 0.8747887142141173 1.0571706041689366 1.266242526800071 1.2956015627440176 0.9397344603931506 0.1479301576624712 -0.10473548500664442 0.06519105636589462 0.5376046347366705 0.8125119713027156 1.2956015627440176 1.7155247435180407 2.0162324450045235 2.124771911221538 2.452169645384336 2.7475393403355555 2.920134884975726 2.9601699339901986 2.888106845764148 2.834726780411518 2.8907758490317796 2.992197973201777 3.015329334854583 2.935259236825638 2.754656682382573 2.542915756483807 2.330285162829164 2.1897176574005712 2.055377826263119 2.024239454807418 2.1016405495687316 2.2546634035796047 2.292919117082323 2.245766726020833 2.147013605118467 2.034915467877944 1.9637420474077707 1.8605405877260193 1.7938155060352317 1.743104443950233
2.1906073251564484 1.355209302387788 0.4557552011959711 -0.12608751114769667 0.007362652233878553 0.40237513584334117 0.953079476731308 1.0936469821599006 0.4984592534780752 -0.13142551768295974 -0.35295278889637416 -0.4383608934605827 -0.07982478784208391 0.5322666282014077 1.2297661488091072 1.7128557402504092 2.0580468295307504 2.4619559906989847 2.7724500375001164 2.966397608281339 3.0064326572958113 2.887217178008271 2.7617740244295903 2.786684721594151 2.8471821289937984 2.845402793482044 2.8436234579702897 2.6879316006917855 2.4655146617224935 2.226194035391535 2.0375844711455757 1.8516439101672475 1.7680151411147937 1.8320712195379498 2.023349787051541 2.1372272598038182 2.128330582245047 2.1728139700389053 2.1897176574005712 2.187938321888817 2.0313567968544355 1.9637420474077707 1.9139206530786492
1.8614302554818964 1.2831462141617374 0.603440048671581 -0.12252884012418797 -0.2328476418529566 -0.23551664512058812 0.10433643762448996 0.16839251604764582 -0.03801040331585703 -0.45793358408988016 -0.3956568411784782 -0.2595376745292719 0.14170248337133096 0.18796520667694372 0.7279935344943846 1.2262074777855985 1.9148103208345264 2.3329541660967954 2.553591769554333 2.727076981950381 2.951273256431427 3.163014182330193 3.0749370744983535 2.9121278751728314 2.8569684743084474 2.7350839917532754 2.739532330532661 2.6096408381745944 2.4352659580226694 2.220856028856272 1.8667682620171595 1.5340325213190986 1.4139273742756808 1.3952443514022606 1.5642812250189224 1.7973741770587401 2.0055564319339974 2.107868223859872 2.2920294493264457 2.3018157946410946 2.1372272598038182 2.0882955332305744 2.0464811487043475
1.7982638448146173 1.689724378597603 1.1719377446770913 0.6843998144564034 0.6256817425685102 0.608778055206844 0.3187463667908874 -0.12163917236831079 -0.7363995916794339 -1.1349707463124048 -1.076252674424512 -0.35740112767576004 0.1559371674653658 0.2511316173442224 0.5429426412719336 1.0625086107041997 1.8845616171347028 2.38811356696118 2.581171469986525 2.547364095263193 2.6523448904566984 2.946824917652041 3.231518599532735 3.1060754459540543 3.1283171398509833 3.037571028751512 2.90323119761406 2.6452275484096814 2.463735326210739 2.048260484216102 1.4521830877783992 0.9966731967692892 0.7075311761092098 0.6906274887475434 1.0972056531834091 1.4530727555342764 1.710186736982778 2.0411431421690844 2.250215064800219 2.208400680273992 2.0402534744132073 1.955735037604876 1.7439941117061102
1.795594841546986 1.6906140463534802 1.5776262413570799 1.313394917861561 1.2956015627440176 1.4050306967169093 1.1336820311743732 0.6105573907185984 -0.14832920504462566 -0.5362243466070709 -0.3493941178728659 0.29383566962632646 0.5456116445395651 0.7698079190206115 1.0625086107041997 1.3845683383317344 1.9050239755198777 2.3916722379846886 2.760884356673713 2.727076981950381 2.5402467532161754 2.6630209035272245 2.967287276037216 3.189704215006508 3.2199529187063316 3.194152553785894 3.114082455756949 2.893444852299411 2.7048352880534514 2.2813534362559196 1.5562742152160278 0.8596643623642053 0.5527289865865825 0.15415783195361143 0.4877832404075493 1.0029008710604295 1.5536052119483963 1.8845616171347028 2.038474138901453 1.9103619820551407 1.73153876312383 1.5278048470279586 1.3151742533733153
1.47709378494296 1.5865229189158514 1.5802952446247114 1.4005823579375234 1.434389732660856 1.5438188666337473 1.4228240518344526 1.1870620965270031 0.7448972218560508 0.9726521673606057 1.160372063850688 1.3374159472702445 1.3116155823498066 1.5562742152160278 1.7724634798941796 2.094523207521714 2.135447924292064 2.3596441987731103 2.7466496725796783 2.968176943793093 2.7964710669087998 2.834726780411518 2.8605271453319556 3.0829440843012477 2.977963289107742 2.9450455821402866 2.993087640957654 3.0277846834368636 2.840064786946781 2.510887717272229 1.9219276628815438 1.2279868132973528 0.24223493978545108 -0.15722588260339743 -0.2782206974026922 0.6274610780802645 1.2315454843208615 1.7760221509176883 1.9237069983932982 1.6443513230478675 1.3249605986879642 1.1203370148362155 0.9237204407873614
0.9219411052756072 1.0260322327132358 0.9655348253135885 0.8738990464582401 0.8427606750025392 0.757352570438331 0.5776396837511433 0.56607400292474 0.82051898110561 1.0705156205070943 1.2582355169971766 1.3418642860496304 1.6060956095451493 2.0171221127604007 2.2279733709032894 2.4272589482197753 2.491315026642931 2.5295707401456493 2.5980751573481915 2.816933425293975 3.0117706638310744 3.167462521109579 3.025115680169232 2.8756514971818676 2.717290636635732 2.5562607728219646 2.5598194438454733 2.600744160615823 2.396120576764074 2.0847368622070657 1.8569819167025106 1.53047385029559 0.4637622109988657 -0.031782729024716794 -0.36896680850216335 0.8285259909085045 1.6959520528887433 2.2422080549973242 2.013563441736892 1.6336753099773413 1.2119727936915639 0.8658920366553455 0.667496127094737
0.5055765955250926 0.02070766857203621 -0.32804209173181365 -0.40989152527251305 -0.22750963531769353 -0.3013520590554988 -0.13498418870646844 -0.27555169413506064 -0.08694212988910133 -0.2969037202761129 -0.16345355689453767 0.18796520667694372 1.3285192697114727 1.84452656812023 2.14612393736259 2.2760154297206565 2.5838404732541567 2.6105305059304715 2.5767231312071393 2.5740541279395077 2.792022728129414 2.940597243360901 2.840954454702658 2.7012766170299427 2.553591769554333 2.3338438338526726 2.0882955332305744 1.784029160720583 1.551825876436642 1.3649956477024368 1.3418642860496304 1.2110831259356867 1.0135768841309554 0.730662537762016 1.1835034255034944 2.2760154297206565 2.9334799013138837 2.8898861812759025 2.522453398098632 1.8658785942612823 1.3934650158905062 1.0278115682249902 0.8463193460260479
0.7600215737059626 0.07497740168054357 -0.6678951744768917 -0.8084626799054844 -0.40277418322549563 0.17550985809466324 0.8525470203171881 1.3569886378995422 1.2706908655794569 0.7368902120531562 0.2511316173442224 0.2956150051380808 1.1754964157006 1.8427472326084757 2.24665639377671 2.458397319675476 2.586509476521788 2.627434193292138 2.5820611377424023 2.5197843948310004 2.4601766551872304 2.5019910397134573 2.472632003769511 2.3818858926700397 2.241318387241447 2.055377826263119 1.796484509302863 1.4557417588019077 1.1425787087331447 0.9326171183461331 0.6861791499681578 0.39525779379632375 0.5625153319012313 1.2742495366029656 2.369430544087759 3.1728005276448417 3.4183488282669403 3.221732254218086 2.733304656241521 1.9824250702811912 1.7155247435180407 1.6354546454890957 1.5269151792720814
