static/data/pressure/2023/7/13/0.asc
ncols 137
nrows 93
xllcorner 108.0
yllcorner 17.0
cellsize 0.25
NODATA_value -32767
[rows 0 to 18 of 93, columns 0 to 42 of 137]
100.88513145094838 100.88513145094838 100.89713347664537 100.91509139479348 100.91436946843577 100.88413880220652 100.8493960962416 100.83008456617279 100.8033732909374 100.77783514603331 100.75888457914334 100.73966328986923 100.71890790708498 100.6971598755589 100.69508433728046 100.6958965044329 100.67712641913236 100.63137433621229 100.57786154494683 100.50314216692354 100.38086589008591 100.31508035073932 100.30109302755865 100.31110975577191 100.31733637060718 100.30740988318864 100.3148998691499 100.34765727763113 100.36633712213694 100.35541798597654 100.33764054941786 100.27609632742282 100.20408417324097 100.12683805296568 100.09787075786247 100.08866619680161 100.08965884554347 100.09913412898845 100.09516353402104 100.08965884554347 100.09335871812675 100.10509002143958 100.11465554567928
100.9248374006226 100.9204156016816 100.93413220247815 100.94135146605528 100.94414893069141 100.90191623876521 100.8706026829994 100.84416213014818 100.81988735637007 100.7963345089497 100.76736721384646 100.73289523026567 100.71114719873958 100.71286177383915 100.73163185913967 100.7611405990112 100.73316595264981 100.67162173065479 100.58887092190196 100.46839946095861 100.38808515366306 100.34413788663727 100.39665802916089 100.4109160747257 100.3948532132666 100.33583573352358 100.34991329749897 100.37184181061451 100.37689529511849 100.31183168212962 100.2663503215937 100.22339570330978 100.16284413005661 100.11835541826257 100.09760003547832 100.0911026982589 100.07666417110464 100.06384997825523 100.0541039724261 100.04941145110098 100.05735264103582 100.06736936924909 100.0758520039522
100.98186958288191 100.97113092831093 100.96084347771352 100.94441965307556 100.92510812300674 100.8903654170418 100.865368716906 100.84235731425389 100.81086327689867 100.79714667610213 100.7745864774236 100.73984377145867 100.7183664623167 100.72558572589384 100.75040194444021 100.77359382868174 100.73488052774938 100.6569124811164 100.54663822997574 100.45513406413563 100.41858654227642 100.42237665565442 100.46812873857446 100.4363639788351 100.39133382227276 100.35090594624083 100.37590264637663 100.3711198842568 100.3243751525949 100.22159088741552 100.16861954091833 100.13541092846353 100.115377472037 100.09660738673647 100.08758330726504 100.08090548845621 100.06141347679795 100.04941145110098 100.04011664924542 100.03009992103216 100.02459523255459 100.02513667732288 100.02811462354845
101.03736767163109 101.01859758633057 100.98683282659118 100.96165564486596 100.93088353386844 100.91039887346834 100.89063613942595 100.86888810789983 100.81835326285993 100.8033732909374 100.787400670273 100.76339661887906 100.74209979132651 100.74886785093007 100.77287190232403 100.78514465040514 100.75383109463935 100.6781190678742 100.55313556719516 100.48139413539744 100.45711936161935 100.47291150069432 100.44935865327393 100.39313863816703 100.3270823764363 100.30840253193048 100.30813180954634 100.27835234729068 100.22465907443578 100.16365629720904 100.1300867215754 100.10490953985015 100.10039750011445 100.0911026982589 100.08036404368792 100.06583527573895 100.04562133772299 100.0291072722903 100.01241272526819 99.99887660606107 99.99210854645752 99.98940132261609 99.9913866200998
101.0706665248806 101.05388173706378 101.0208536061984 100.98565969625992 100.9536242141364 100.92664221651688 100.90390153624891 100.87935604008669 100.84262803663803 100.8263846935895 100.80941942418325 100.77612057093374 100.77187925358217 100.78640802153114 100.82891143584149 100.82791878709963 100.79308584033998 100.69291855820732 100.53716294653076 100.45188539552592 100.44313203843866 100.46939210970046 100.46857994254803 100.37860987021806 100.3078610871622 100.23458556185435 100.2011062270154 100.1748461557536 100.1543614953535 100.12765022011811 100.10111942647217 100.0948928116369 100.08866619680161 100.07684465269406 100.06258660712923 100.0476066352067 100.03009992103216 100.00835188950606 99.98985252658966 99.97315797956755 99.96485582645386 99.96133643546001 99.95790728526086
101.09665587375827 101.07941988196787 101.04837704858622 101.013092897853 100.98466704751806 100.94884145201655 100.92510812300674 100.89740419902951 100.86609064326372 100.84163538789618 100.80183919742726 100.76565263874689 100.77359382868174 100.81862398524407 100.86239077068043 100.82439939610579 100.74814592457237 100.64590310416128 100.46785801619032 100.38113661247006 100.37039795789909 100.37987324134406 100.38212926121192 100.30840253193048 100.24983625616103 100.17565832290602 100.14109609853051 100.12034071574628 100.10310472395588 100.09516353402104 100.0948928116369 100.08938812315932 100.07558128156806 100.06159395838739 100.04715543123312 100.02712197480659 100.01015670540033 99.98913060023195 99.97063123731556 99.95339524552516 99.94364923969604 99.93390323386691 99.9286692677735
101.12038920276808 101.10216056223584 101.0706665248806 101.03691646765752 101.00785893175957 100.97058948354264 100.94062953969757 100.91283537492562 100.88540217333252 100.84235731425389 100.8021099198114 100.77160853119803 100.79236391398227 100.83766479292876 100.81862398524407 100.73885112271681 100.66413174469352 100.5796663608411 100.42111328452842 100.34765727763113 100.32040455762747 100.32663117246273 100.28963244662995 100.23990976874248 100.18134349297301 100.1351402060794 100.11239952581143 100.09191486541133 100.08559800978135 100.08388343468178 100.08361271229764 100.07783730143592 100.06339877428167 100.04841880235912 100.02739269719073 100.00690803679063 99.98985252658966 99.97261653479926 99.95384644949873 99.93561780896647 99.91865253956023 99.9089065337311 99.89708498962356
101.14935649787131 101.1268865399875 101.09214383402255 101.05514510818976 101.02437299719226 100.98836692010133 100.95588023400424 100.9286275140006 100.90137479399692 100.86239077068043 100.82214337623793 100.7988612512017 100.81537531663439 100.82566276723179 100.788664041399 100.68434568270948 100.62063568164132 100.53833607686205 100.43113001274168 100.37391734889293 100.37012723551494 100.33935512451743 100.26283093059986 100.20534754436697 100.16437822356676 100.1256649226344 100.10364616872417 100.08884667839104 100.08487608342364 100.07991283971435 100.0763934487205 100.06583527573895 100.0521186749424 100.03334858964188 100.01385657798362 99.99111589771566 99.97360918354111 99.95510982062473 99.93633973532418 99.91684772366595 99.89591185929227 99.8781344227336 99.86586167465248
101.18166270237896 101.15161251773917 101.12138185150992 101.08366119931944 101.0541524594479 101.02365107083455 100.98963029122733 100.94414893069141 100.91238417095205 100.87737074260298 100.83513805067676 100.81564603901852 100.8169094101445 100.83712334816047 100.77810586841746 100.69941589542674 100.63408156005372 100.54366028375019 100.44241011208095 100.38537792982163 100.40514066386402 100.36841266041537 100.29883700769079 100.25109962728702 100.20787428661896 100.15860281270506 100.10987278355944 100.09408064448446 100.0911026982589 100.08216885958221 100.07287405772664 100.05708191865168 100.04165074275556 100.02161728632903 100.00284720102849 99.98308446698611 99.96287052897014 99.94283707254361 99.92208168975937 99.89888980551784 99.87461503173974 99.85566446484978 99.84266979041095
101.21586396357561 101.18816003959839 101.16289261707843 101.13338387720691 101.10414585971955 101.07183965521187 101.02013167984069 100.96959683480078 100.92411547426488 100.88513145094838 100.83685262577633 100.80039534471183 100.78812259663071 100.82340674736393 100.78758115186243 100.72711981940398 100.59058549700153 100.4626240500969 100.3685931420048 100.36687856690523 100.39710923313446 100.37409783048237 100.33484308478172 100.29658098782294 100.268155137488 100.18865299734486 100.13288418621154 100.1006682224986 100.09687810912061 100.08713210329148 100.07034731547466 100.0521186749424 100.03316810805244 100.01584187546733 99.99734251255094 99.97866266804512 99.95691463651902 99.93615925373476 99.91341857346681 99.88914379968871 99.86559095226833 99.84790375650437 99.8340969149131
101.27713746318649 101.24961402079869 101.22515876543116 101.19465737681779 101.14439325416203 101.09358768673799 101.03863104275709 100.98484752910748 100.93683942631957 100.88883132353166 100.84262803663803 100.80941942418325 100.80815605305725 100.80716340431539 100.72766126417226 100.58733682839181 100.40414801512216 100.34964257511483 100.36038122968581 100.40613331260587 100.47038475844232 100.46785801619032 100.42309858201213 100.35686183869197 100.29486641272337 100.19966237429998 100.13938152343094 100.10788748607573 100.0994048513726 100.08216885958221 100.06439142302352 100.04589206010714 100.02712197480659 100.00889333427435 99.99165734248395 99.97360918354111 99.95465861665116 99.93191793638321 99.90908701532054 99.88914379968871 99.87163708551417 99.8545815753132 99.83887967703295
101.30366825683245 101.27388879457678 101.23887536622772 101.1966426743015 101.14114458555233 101.1071238059451 101.06534231799247 101.01634156646271 100.95515830764653 100.89785540300308 100.86690281041612 100.85941282445486 100.88215350472282 100.79786860245984 100.64716647528726 100.48861339897458 100.40658451657944 100.42788134413196 100.45612671287749 100.47841618917187 100.47137740718418 100.49141086361071 100.46659464506432 100.40008717936003 100.28909100186166 100.19108949880213 100.13658405879482 100.10933133879115 100.09335871812675 100.07215213136892 100.0546454171944 100.0381313517617 100.01891006248762 100.00438129453863 99.99084517533151 99.97460183228297 99.95312452314101 99.93038384287307 99.91260640631438 99.89789715677598 99.88237574008517 99.86811769452032 99.85313772259778
101.28760539537333 101.24961402079869 101.21712733470162 101.18608450131995 101.1473712003876 101.10865789945524 101.06191316779334 101.00885158050143 100.94360748592312 100.91310609730976 100.89433601200922 100.89785540300308 100.90787213121634 100.77963996192759 100.65258092297012 100.54384076533961 100.57984684243053 100.56134747951415 100.51685876772008 100.43239338386768 100.41714268956099 100.45585599049335 100.4396126474448 100.37283445935637 100.27158428768713 100.19334551866999 100.13938152343094 100.10788748607573 100.08785402964918 100.07061803785881 100.0553673435521 100.03885327811942 100.02062463758718 100.0073592407642 99.9913866200998 99.97234581241513 99.95213187439916 99.93886647757618 99.92785710062107 99.91441122220867 99.89609234088171 99.88941452207285 99.87488575412388
101.28661274663148 101.25187004066655 101.22263202317917 101.1921306345658 101.15783913257442 101.10333369256712 101.0611010006409 101.02013167984069 100.96264829360781 100.9261007717486 100.89388480803565 100.8878386747898 100.88034868882855 100.75717000404377 100.64084961965729 100.60033150283064 100.64463973303528 100.56089627554059 100.44764407817436 100.36561519577923 100.38862659843133 100.3973799555186 100.3788805926022 100.32536780133672 100.25516046304917 100.18991636847085 100.14362284078251 100.11059470991715 100.0923660693849 100.07864946858835 100.06240612553981 100.04408724421285 100.02640004844888 100.00988598301619 99.99490601109366 99.97739929691912 99.9836259117544 99.98588193162225 99.97433110989883 99.96241932499657 99.9491539281736 99.93913719996033 99.90962846008881
101.28516889391605 101.27064012596708 101.23833392145943 101.19384520966537 101.15540263111714 101.11064319693895 101.08609770077672 101.04738439984436 100.98484752910748 100.91933271214502 100.88639482207438 100.87015147902584 100.87258798048312 100.7278417457617 100.58688562441824 100.53941896639861 100.55539158706301 100.49366688347857 100.39187526704104 100.36308845352724 100.37066868028323 100.37391734889293 100.35713256107611 100.30840253193048 100.24433156768346 100.18486288396687 100.14064489455694 100.11808469587842 100.10238279759817 100.08866619680161 100.0713399642165 100.05311132368426 100.034882683152 100.02062463758718 100.00790068553249 100.01665404261976 100.03262666328416 100.0341607567943 100.0278439011643 100.01638332023562 100.01791741374576 99.99986925480293 99.96810449506357
101.26287941762166 101.25141883669298 101.22533924702059 101.18085053522654 101.13239122846505 101.10216056223584 101.07788578845773 101.05911570315719 101.00136159454017 100.92564956777503 100.88413880220652 100.86789545915798 100.87015147902584 100.64536165939299 100.50458601963896 100.4581120103612 100.47588944691988 100.43537133009325 100.41290137220942 100.38411455869563 100.36390062067966 100.38664130094763 100.37012723551494 100.32112648398518 100.23936832397419 100.17908747310516 100.14560813826623 100.1231381803824 100.11258000740087 100.10012677773031 100.08316150832407 100.06736936924909 100.04914072871684 100.03587533189386 100.02387330619688 100.03262666328416 100.04138002037142 100.03713870301985 100.03091208818459 100.0393947228877 100.04841880235912 100.03190473692645 100.0048324985122
101.239416810996 101.2298512867563 101.20386193787864 101.16009515244228 101.1018898398517 101.07012508011232 101.06633496673433 101.0476551222285 101.0315922607694 100.90633803770619 100.86464679054829 100.786137299147 100.77359382868174 100.54366028375019 100.50115686943982 100.45441213777792 100.49736675606184 100.4191279870447 100.39665802916089 100.3870925049212 100.37211253299866 100.40685523896359 100.37987324134406 100.33060176743015 100.23584893298035 100.18486288396687 100.15111282674378 100.13062816634368 100.12241625402469 100.1108654323013 100.10039750011445 100.0846053610395 100.06637672050724 100.05238939732655 100.04038737162956 100.02612932606473 100.02585860368059 100.02008319281889 100.02161728632903 100.03009992103216 100.04661398646485 100.02991943944274 100.00266671943908
101.22389539430516 101.21712733470162 101.20259856675264 101.16036587482643 101.0796003635573 101.02536564593412 101.02509492354997 101.00063966818246 101.00758820937543 100.84759128034732 100.73235378549738 100.6416617868097 100.59284151686937 100.49186206758428 100.46488006996475 100.5066615579174 100.55683543977844 100.42986664161567 100.36110315604353 100.35063522385668 100.3814073348542 100.40288464399616 100.36913458677309 100.30136374994278 100.2221323321838 100.18116301138359 100.15562486647949 100.13360611256925 100.13035744395954 100.12160408687227 100.11140687706957 100.10012677773031 100.08216885958221 100.06610599812309 100.04814807997498 100.0328973856683 100.02739269719073 100.02640004844888 100.02811462354845 100.02712197480659 100.04138002037142 100.01936126646119 99.9939133623518
101.1979060454275 101.18608450131995 101.1736312716494 101.13834712091618 101.06534231799247 100.9971202771886 100.92438619664902 100.87962676247082 100.83288203080892 100.71665188721713 100.60358017144036 100.5431188389819 100.4996227759297 100.46190212373918 100.46316549486518 100.51288817275267 100.53463620427877 100.4261667690324 100.35460581882411 100.31535107312347 100.35108642783027 100.35009377908841 100.29360304159736 100.21933486754766 100.18865299734486 100.17385350701174 100.14885680687594 100.1351402060794 100.1351402060794 100.12683805296568 100.11736276952071 100.10689483733387 100.09191486541133 100.07540079997864 100.05762336341996 100.0450798929547 100.04083857560313 100.04363604023928 100.0450798929547 100.04210194672913 100.03190473692645 100.00266671943908 99.98010652076054
