static/data/pressure/2023/7/13/18.asc
ncols 137
nrows 93
xllcorner 108.0
yllcorner 17.0
cellsize 0.25
NODATA_value -32767
[rows 38 to 56 of 93, columns 86 to 128 of 137]
100.94044905810813 100.95714360513024 100.97519176407307 100.99919581546703 101.02789238818612 101.03447996620025 101.03547261494211 101.04115778500908 101.05640847931576 101.06714713388675 101.08095397547801 101.0962046697847 101.11172608647553 101.12842063349764 101.14466397654617 101.15991467085286 101.17390199403354 101.18689666847239 101.19718411906979 101.20620819854119 101.21469083324433 101.22317346794745 101.23264875139243 101.24293620198983 101.25421630132911 101.26594760464194 101.27767890795478 101.29040286000948 101.30069031060688 101.30971439007828 101.31792630239727 101.32343099087484 101.3309209768361 101.33741831405553 101.34472781842736 101.35420310187234 101.36241501419133 101.37216102002046 101.38217774823372 101.39264568042056 101.40347457578625 101.41294985923123 101.42197393870265
100.9504657863214 100.96914563082721 100.98340367639206 101.01345386103186 101.04395524964522 101.05397197785848 101.04648199189722 101.04973066050694 101.06498135481361 101.0777053068683 101.09169263004898 101.10766525071338 101.1224647410465 101.13897880647917 101.15368805601759 101.16740465681413 101.17994812727939 101.18996485549265 101.1991694165535 101.2081934960249 101.21739805708576 101.22714406291487 101.23815343987 101.25042618795112 101.2631501400058 101.27515216570278 101.28616154265791 101.29789284597074 101.30547307272673 101.31368498504571 101.32117497100698 101.3276723082264 101.33516229418767 101.34346444730136 101.35293973074636 101.36268573657547 101.37216102002046 101.382719193002 101.39264568042056 101.40221120466026 101.41114504333694 101.41971791883479 101.42666646002777
100.9619263672501 100.98223054606078 100.99721051798332 101.01841710474113 101.03592381891568 101.04594054712894 101.05144523560651 101.06019859269377 101.07544928700045 101.08871468382341 101.1031532109777 101.11894535005266 101.13320339561749 101.14818336754003 101.160185393237 101.17272886370226 101.18247486953139 101.19122822661865 101.20016206529536 101.21017879350862 101.22019552172189 101.23264875139243 101.24564342583126 101.25845761868067 101.27118157073537 101.28318359643234 101.29347104702974 101.30366825683245 101.31097776120428 101.31846774716556 101.32568701074268 101.33371844147224 101.34265228014894 101.3519470820045 101.36268573657547 101.37297318717289 101.38244847061786 101.39219447644697 101.40067711115012 101.40897926426382 101.41746189896693 101.42441044015993 101.43090777737935
100.9734771889735 100.99296920063175 101.00840037652786 101.02040240222483 101.03619454129982 101.04864777097036 101.0572206464682 101.0706665248806 101.0859172191873 101.09990454236798 101.11515523667467 101.13067665336548 101.1429494014466 101.15495142714359 101.16641200807229 101.17543608754369 101.18473088939925 101.19294280171822 101.20214736277907 101.21315673973419 101.22642213655716 101.23968753338015 101.25340413417669 101.26666953099966 101.27894227908077 101.28941021126762 101.29969766186503 101.3071876478263 101.31539956014528 101.3231602684907 101.3321843479621 101.34066698266524 101.3519470820045 101.36295645895962 101.3736951135306 101.38289967459143 101.39219447644697 101.40067711115012 101.40843781949553 101.41664973181452 101.4242299585705 101.43090777737935 101.43794655936705
100.98223054606078 100.99793244434103 101.01318313864772 101.02545588672884 101.03917248752538 101.05171595799064 101.06768857865504 101.08239782819344 101.09846068965255 101.1134406615751 101.12869135588177 101.14096410396289 101.15215396250746 101.16189996833657 101.16920947270842 101.17814331138511 101.18644546449882 101.19519882158608 101.20566675377292 101.21848094662232 101.23192682503472 101.24690679695726 101.26071363854852 101.27370831298735 101.28345431881648 101.29392225100331 101.30321705285887 101.31070703882014 101.31973111829156 101.33019905047838 101.33922312994981 101.35095443326264 101.36241501419133 101.3736951135306 101.38344111935972 101.3929164028047 101.40067711115012 101.40870854187968 101.4159278054568 101.42368851380222 101.43117849976348 101.4376758369829 101.4447146189706
100.9849377699022 101.00045918659303 101.0144465097737 101.03068985282225 101.04467717600293 101.06245461256162 101.07869795561015 101.09566322501641 101.11244801283324 101.12742798475578 101.13870808409504 101.15043938740789 101.15946346687929 101.16668273045642 101.17345079005997 101.18121149840539 101.18969413310852 101.1991694165535 101.21189336860819 101.22497828384174 101.23842416225415 101.25322365258725 101.26594760464194 101.27794963033892 101.28742491378391 101.29690019722888 101.30619499908444 101.31521907855584 101.3264089371004 101.33714759167138 101.34914961736835 101.36142236544947 101.37270246478874 101.38344111935972 101.3929164028047 101.40022590717655 101.40789637472724 101.41565708307266 101.42197393870265 101.42991512863749 101.4364124658569 101.44290980307633 101.44922665870631
100.98845716089603 101.00470050394458 101.01895854950942 101.03646526368397 101.0554158305739 101.0731932671326 101.09142190766484 101.10919934422353 101.12571340965621 101.1377154353532 101.14872481230832 101.15666600224314 101.16415598820443 101.17065332542384 101.17697018105382 101.18491137098867 101.19492809920193 101.20467410503106 101.21821022423818 101.23039273152459 101.24392885073169 101.25746496993881 101.26919627325165 101.28047637259091 101.29094430477775 101.30069031060688 101.31097776120428 101.32117497100698 101.3334477190881 101.34617167114278 101.3584444192239 101.36945379617903 101.38064365472358 101.39066038293686 101.39896253605055 101.40591107724354 101.41267913684709 101.4204398451925 101.42693718241192 101.43415644598905 101.44065378320848 101.4454365453283 101.45121195619002
100.99242775586346 101.009934470038 101.0291557593121 101.04720391825494 101.06714713388675 101.0859172191873 101.10468730448781 101.12120136992051 101.13419604435934 101.14493469893031 101.15368805601759 101.16117804197886 101.16740465681413 101.17471416118597 101.1806700536371 101.18996485549265 101.20070351006365 101.21044951589276 101.2221808192056 101.23373164092901 101.2459141482154 101.25945026742252 101.27118157073537 101.28246167007462 101.29365152861916 101.30547307272673 101.3162117272977 101.32794303061054 101.34066698266524 101.35393237948821 101.3653929604169 101.37595113339844 101.38569713922757 101.39318712518883 101.40194048227612 101.40943046823737 101.41619852784095 101.42314706903393 101.4294639246639 101.43596126188334 101.44119522797676 101.4459779900966 101.45121195619002
101.00695652381243 101.01922927189356 101.0387212835518 101.05920594395191 101.07797602925244 101.09566322501641 101.11118464170724 101.12472076091436 101.1364520642272 101.14565662528803 101.15395877840173 101.16217069072071 101.16920947270842 101.17769210741154 101.18671618688296 101.19646219271208 101.20665940251476 101.21568348198619 101.2254294878153 101.23544621602858 101.24744824172555 101.26017219378024 101.27271566424551 101.28444696755834 101.29690019722888 101.30944366769414 101.32171641577527 101.33371844147224 101.34490830001678 101.35718104809791 101.36819042505303 101.37721450452445 101.38641906558529 101.39345784757298 101.40139903750783 101.40915974585324 101.41619852784095 101.42341779141807 101.42919320227978 101.43415644598905 101.43920993049305 101.4441731742023 101.44922665870631
101.03989441388309 101.04314308249279 101.0494599381228 101.06823002342333 101.08348071773001 101.09846068965255 101.11271873521738 101.1237281121725 101.1339253219752 101.1429494014466 101.15215396250746 101.16189996833657 101.17146549257627 101.18121149840539 101.1909575042345 101.2004327876795 101.20891542238262 101.21793950185403 101.22570021019945 101.23517549364443 101.24672631536784 101.25972098980667 101.27370831298735 101.2854396163002 101.29870501312317 101.311699687562 101.32370171325898 101.33570373895596 101.3468935975005 101.35817369683977 101.3679197026689 101.3756804110143 101.38317039697557 101.39066038293686 101.39796988730869 101.40545987326996 101.41294985923123 101.41944719645065 101.42522260731236 101.4294639246639 101.43316379724719 101.43722463300934 101.44191715433448
101.04269187851922 101.04792584461265 101.05496462660034 101.0706665248806 101.08393192170358 101.09539250263227 101.10739452832924 101.11768197892665 101.12769870713991 101.1377154353532 101.14791264515588 101.15820009575329 101.1716459741657 101.18247486953139 101.19294280171822 101.20214736277907 101.2107202382769 101.21992479933775 101.2266928589413 101.23643886477043 101.24744824172555 101.25945026742252 101.27415951696092 101.28643226504205 101.29942693948088 101.31142896517785 101.32297978690127 101.33389892306167 101.3436449288908 101.35293973074636 101.36169308783361 101.37017572253674 101.37766570849801 101.38515569445929 101.39192375406286 101.39896253605055 101.40618179962767 101.41168648810523 101.41764238055637 101.4217032163185 101.42567381128593 101.42991512863749 101.43469789075733
101.04242115613508 101.05117451322236 101.05947666633605 101.06922267216518 101.08068325309387 101.09069998130713 101.10243128461998 101.11244801283324 101.12264522263592 101.1339253219752 101.14520542131446 101.15693672462729 101.16966067668199 101.18121149840539 101.1922208753605 101.20241808516322 101.2107202382769 101.21992479933775 101.22795623006729 101.23770223589644 101.2489823352357 101.26017219378024 101.2739790353715 101.28697370981034 101.29816356835488 101.30917294531 101.31891895113912 101.32839423458411 101.33795975882381 101.34590094875864 101.35492502823007 101.36295645895962 101.37071716730503 101.37847787565043 101.38416304571743 101.39165303167871 101.39815036889811 101.40419650214398 101.41015239459509 101.41493515671495 101.41818382532465 101.42314706903393 101.42865175751149
101.04341380487693 101.05297932911664 101.06146196381977 101.06696665229732 101.07689313971588 101.08672938633973 101.09791924488427 101.10847741786581 101.1192160724368 101.13067665336548 101.14322012383074 101.15522214952772 101.16740465681413 101.17922620092168 101.19041605946623 101.20214736277907 101.21117144225047 101.22172961523204 101.23147562106115 101.24122162689027 101.25168955907712 101.26296965841638 101.27443023934507 101.28571033868434 101.29644899325531 101.30520235034258 101.314226429814 101.32090424862284 101.32947712412067 101.33741831405553 101.34644239352693 101.35465430584593 101.36340766293318 101.37170981604689 101.37865835723987 101.38569713922757 101.39165303167871 101.39697723856683 101.4024819270444 101.40943046823737 101.41394250797309 101.42016912280836 101.42639573764365
101.03845056116766 101.04792584461265 101.05821329521005 101.06516183640305 101.07418591587445 101.08393192170358 101.09467057627455 101.10622139799796 101.11696005256894 101.12914255985535 101.14195675270474 101.15341733363346 101.16442671058857 101.17642873628554 101.18797955800896 101.19944013893765 101.2107202382769 101.22145889284789 101.23192682503472 101.24239475722156 101.25295293020312 101.26342086238995 101.27289614583493 101.2829128740482 101.29040286000948 101.29915621709674 101.3059242767003 101.31269233630385 101.32072376703341 101.32947712412067 101.33868168518153 101.34914961736835 101.35790297445563 101.3666563315429 101.37468776227246 101.38091437710771 101.38668978796943 101.39192375406286 101.39815036889811 101.40491842850169 101.41141576572109 101.41971791883479 101.42639573764365
101.02789238818612 101.03971393229365 101.04991114209636 101.06191316779334 101.07093724726474 101.08167590183572 101.0924145564067 101.10396537813011 101.11497475508523 101.1269767807822 101.13897880647917 101.15016866502374 101.16090731959471 101.17245814131812 101.18418944463096 101.19565002555964 101.2081934960249 101.21893215059589 101.23147562106115 101.24194355324798 101.25114811430883 101.26143556490624 101.2682036245098 101.27614481444463 101.28318359643234 101.28995165603591 101.29671971563945 101.30420970160073 101.312963058688 101.32216761974884 101.33164290319381 101.34220107617536 101.35348117551463 101.36214429180718 101.3711683712786 101.37667305975616 101.382719193002 101.38939701181086 101.39571386744083 101.40365505737569 101.41096456174752 101.42016912280836 101.42792983115378
101.01995119825126 101.03195322394825 101.04521862077122 101.05794257282591 101.06795930103918 101.08041253070972 101.09115118528071 101.10216056223584 101.11316993919095 101.1224647410465 101.13365459959105 101.14520542131446 101.15522214952772 101.16695345284056 101.17796282979567 101.18942341072437 101.20295952993149 101.21369818450248 101.22642213655716 101.23643886477043 101.24546294424184 101.25340413417669 101.25917954503838 101.26621832702608 101.27190349709308 101.27867155669664 101.2879663585522 101.29590754848702 101.30565355431617 101.31594100491357 101.32541628835854 101.33642566531367 101.34770576465293 101.3577224928662 101.36746849869532 101.37270246478874 101.38019245075 101.38696051035357 101.39445049631483 101.4024819270444 101.41114504333694 101.42071056757665 101.42847127592205
101.01191976752172 101.0271704618284 101.04142850739322 101.0554158305739 101.06642520752904 101.07815651084188 101.089165887797 101.10017526475212 101.10919934422353 101.11741125654251 101.12670605839807 101.1384373617109 101.14818336754003 101.15919274449514 101.17047284383442 101.18021884966353 101.19339400569179 101.20395217867335 101.21541275960205 101.22515876543116 101.23291947377658 101.24040945973785 101.24546294424184 101.25295293020312 101.25890882265423 101.26793290212565 101.27794963033892 101.2892297296782 101.29942693948088 101.31016559405185 101.32018232226513 101.3309209768361 101.34193035379123 101.35221780438864 101.36241501419133 101.36891235141074 101.37667305975616 101.383982564128 101.39147255008928 101.3999551847924 101.40843781949553 101.41818382532465 101.42567381128593
101.00569315268643 101.02166577335083 101.03565309653153 101.04864777097036 101.06046931507791 101.07165917362245 101.08366119931944 101.09421937230098 101.10243128461998 101.1096505481971 101.11641860780065 101.12796942952406 101.13816663932676 101.14890529389774 101.158922022111 101.16893875032427 101.17967740489524 101.18942341072437 101.2004327876795 101.2094568671509 101.21694685311218 101.22470756145759 101.23021224993515 101.23869488463829 101.24789944569912 101.25791617391238 101.26991819960936 101.28219094769048 101.29419297338745 101.30565355431617 101.31567028252942 101.32622845551097 101.33696711008196 101.34644239352693 101.35745177048206 101.36521247882747 101.37315366876231 101.38091437710771 101.38867508545314 101.39670651618269 101.40365505737569 101.4134010632048 101.4217032163185
100.99748124036746 101.01092711877986 101.02347058924512 101.03466044778968 101.04666247348665 101.0554158305739 101.06696665229732 101.07716386210002 101.08718059031328 101.0974680409107 101.10441658210367 101.11515523667467 101.12544268727207 101.13491797071705 101.14394205018846 101.1524246848916 101.16072683800529 101.16966067668199 101.17922620092168 101.18816003959839 101.19691339668564 101.20593747615706 101.21541275960205 101.22597093258359 101.23770223589644 101.25042618795112 101.26396230715824 101.2772277039812 101.29022237842004 101.30240488570645 101.31368498504571 101.3244236396167 101.3347110902141 101.34391565127493 101.35239828597807 101.3597077903499 101.36692705392704 101.37441703988831 101.38217774823372 101.39047990134742 101.39842109128226 101.40771589313782 101.41664973181452
