static/data/pressure/2023/7/13/6.asc
ncols 137
nrows 93
xllcorner 108.0
yllcorner 17.0
cellsize 0.25
NODATA_value -32767
[rows 38 to 56 of 93, columns 86 to 128 of 137]
101.04413573123465 101.05685968328933 101.07039580249646 101.08988781415471 101.11434306952223 101.11488451429052 101.11064319693895 101.11289921680681 101.12535244647735 101.13040593098134 101.1370837497902 101.14484445813561 101.15161251773917 101.15838057734271 101.16614128568814 101.17408247562297 101.18166270237896 101.18788931721424 101.19691339668564 101.20638868013062 101.21658588993333 101.22813671165673 101.24086066371142 101.25385533815026 101.26540615987366 101.27415951696092 101.27840083431249 101.2829128740482 101.28787611775748 101.29410273259275 101.30159271855402 101.30809005577343 101.31765558001314 101.3264089371004 101.33561349816124 101.34662287511635 101.35483478743535 101.36187356942304 101.36764898028476 101.37216102002046 101.37658281896144 101.37983148757115 101.38389232333328
101.0565889609052 101.0706665248806 101.07987108594145 101.10613115720324 101.13284243243862 101.13816663932676 101.1256231688615 101.1250817240932 101.13536917469062 101.14141530793646 101.1473712003876 101.15386853760702 101.15991467085286 101.16839730555598 101.17687994025911 101.18536257496224 101.19483785840723 101.20314001152093 101.21460059244961 101.22660261814659 101.23959729258543 101.25259196702426 101.26387206636352 101.2720839786825 101.27939348305435 101.28435672676362 101.28760539537333 101.29283936146675 101.29816356835488 101.30637548067388 101.3155800417347 101.32487484359025 101.3353427757771 101.34436685524851 101.35339093471993 101.36187356942304 101.36864162902661 101.37387559512003 101.37910956121344 101.38335087856501 101.38786291830071 101.39210423565228 101.39661627538797
101.06886170898632 101.08384168090886 101.09340720514855 101.11109440091252 101.1268865399875 101.13338387720691 101.13563989707477 101.13988121442632 101.1473712003876 101.15215396250746 101.157658650985 101.16415598820443 101.17083380701328 101.1806700536371 101.18933316992965 101.19889869416936 101.21062999748219 101.22209057841089 101.23634862397572 101.24988474318283 101.26260869523752 101.27262542345079 101.28110805815392 101.28634202424733 101.28886876649933 101.29238815749318 101.29635875246059 101.30240488570645 101.30989487166771 101.32009208147042 101.33010880968368 101.34066698266524 101.35113491485207 101.35916634558161 101.36584416439047 101.37315366876231 101.37784619008744 101.38262895220728 101.38659954717471 101.39138230929457 101.39634555300384 101.40239168624969 101.40735492995897
101.07941988196787 101.09385840912213 101.10658236117682 101.11759173813195 101.13166930210734 101.1415957895259 101.14637855164574 101.15314661124931 101.15865129972686 101.16361454343614 101.16984115827142 101.17687994025911 101.1850918525781 101.19483785840723 101.20539603138879 101.21911263218533 101.23183658424001 101.24537270344712 101.25836737788595 101.27136205232479 101.28011540941206 101.28859804411519 101.29211743510903 101.29410273259275 101.29635875246059 101.30041958822274 101.30538283193202 101.31233137312499 101.32261882372241 101.33263555193567 101.34283276173836 101.35366165710407 101.3628662181649 101.36936355538433 101.3755901702196 101.3801022099553 101.384614249691 101.38984821578443 101.39408953313598 101.39914301763997 101.40509891009111 101.41114504333694 101.41764238055637
101.08808299826042 101.10161911746755 101.11533571826409 101.1268865399875 101.13834712091618 101.1486345715136 101.15738792860085 101.16361454343614 101.16984115827142 101.17715066264326 101.18337727747853 101.19258183853937 101.20241808516322 101.21360794370776 101.22714406291487 101.24086066371142 101.25466750530269 101.26811338371509 101.27885203828606 101.28562009788962 101.29437345497689 101.29635875246059 101.29789284597074 101.2996074210703 101.30339753444831 101.30736812941574 101.31512883776114 101.32288954610655 101.33389892306167 101.34391565127493 101.35438358346178 101.36358814452261 101.37134885286804 101.37739498611387 101.38208750743901 101.38641906558529 101.39138230929457 101.39634555300384 101.4005868703554 101.40663300360126 101.41258889605237 101.41836430691409 101.42540308890179
101.0924145564067 101.10558971243496 101.11966727641037 101.1326619508492 101.14439325416203 101.15386853760702 101.16235117231014 101.17065332542384 101.17913596012697 101.18662594608824 101.19835724940107 101.20783253284606 101.22136865205317 101.23616814238629 101.24961402079869 101.26233797285337 101.27614481444463 101.28589082027376 101.29184671272489 101.29816356835488 101.29933669868616 101.30114151458045 101.30060006981216 101.30439018319016 101.30809005577343 101.31639220888714 101.32433339882196 101.33335747829338 101.34436685524851 101.35438358346178 101.36259549578075 101.37189029763631 101.37784619008744 101.38289967459143 101.38786291830071 101.39237495803641 101.39715772015626 101.40266240863383 101.40663300360126 101.41258889605237 101.41809358452994 101.4235982730075 101.43090777737935
101.09286576038028 101.10685308356095 101.12084040674165 101.13311315482277 101.14358108700961 101.15287588886517 101.16361454343614 101.17408247562297 101.18436992622038 101.1979060454275 101.20963734874033 101.22515876543116 101.2401387373537 101.25611135801812 101.26865482848336 101.28137878053806 101.28959069285705 101.29563682610288 101.29915621709674 101.29987814345445 101.30114151458045 101.30366825683245 101.30366825683245 101.30809005577343 101.31585076411885 101.32415291723255 101.33362820067752 101.34310348412251 101.3538421386935 101.36214429180718 101.37035620412618 101.37658281896144 101.38289967459143 101.38741171432714 101.39183351326814 101.39634555300384 101.40112831512369 101.40690372598539 101.41060359856866 101.41538636068852 101.42089104916607 101.42585429287536 101.43262235247892
101.08763179428685 101.10216056223584 101.11741125654251 101.1268865399875 101.13789591694263 101.15034914661317 101.16189996833657 101.17633849549082 101.19140870820809 101.20665940251476 101.22389539430516 101.24086066371142 101.25665280278638 101.27036940358293 101.28137878053806 101.28859804411519 101.29563682610288 101.2970806788183 101.29789284597074 101.29762212358659 101.3001488658386 101.30366825683245 101.30709740703159 101.31386546663514 101.32216761974884 101.33191362557795 101.34184011299651 101.35185684120978 101.3603394759129 101.36837090664247 101.37414631750417 101.37938028359758 101.38488497207514 101.388404363069 101.39309688439413 101.39787964651397 101.40284289022325 101.40762565234311 101.41114504333694 101.41538636068852 101.41989840042422 101.42459092174936 101.42964440625335
101.08266855057758 101.0924145564067 101.10739452832924 101.1178624605161 101.13085713495492 101.14484445813561 101.16108780118414 101.17859451535868 101.19763532304336 101.21658588993333 101.23463404887615 101.25060666954055 101.26558664146309 101.27740818557064 101.28435672676362 101.28941021126762 101.29166623113547 101.29166623113547 101.29283936146675 101.2950953813346 101.2983440499443 101.30384873842188 101.30935342689942 101.318648228755 101.32911616094182 101.33940361153924 101.34860817260007 101.35808345604507 101.36385886690675 101.36963427776847 101.37441703988831 101.37838763485573 101.38389232333328 101.38741171432714 101.39165303167871 101.3961650714144 101.4005868703554 101.4056403548594 101.40915974585324 101.41240841446294 101.41664973181452 101.42116177155022 101.42513236651764
101.08763179428685 101.09033901812828 101.09566322501641 101.10937982581295 101.12490124250378 101.1428591606519 101.16289261707843 101.18364799986267 101.20413266026279 101.22308322715273 101.2401387373537 101.25439678291855 101.26558664146309 101.27163277470893 101.27614481444463 101.27885203828606 101.28011540941206 101.2823714292799 101.28516889391605 101.29058334159889 101.2970806788183 101.30439018319016 101.31314354027742 101.32334075008012 101.33435012703524 101.34409613286437 101.35185684120978 101.35916634558161 101.36340766293318 101.36764898028476 101.37189029763631 101.3755901702196 101.37965100598173 101.38362160094914 101.387140991943 101.39111158691043 101.39589434903026 101.40013566638183 101.40383553896511 101.40708420757483 101.41015239459509 101.41358154479423 101.41683021340394
101.07391519349031 101.07788578845773 101.08709034951858 101.10640187958738 101.1243597977355 101.14511518051974 101.16614128568814 101.18608450131995 101.20413266026279 101.2209174480796 101.23364140013429 101.24483125867884 101.25358461576612 101.25764545152823 101.26233797285337 101.26585736384723 101.26865482848336 101.27515216570278 101.28065685418034 101.28841756252577 101.29662947484474 101.30439018319016 101.3155800417347 101.32541628835854 101.3353427757771 101.34310348412251 101.34914961736835 101.35312021233578 101.35691032571377 101.36088092068118 101.3653929604169 101.37035620412618 101.37333415035174 101.37766570849801 101.38064365472358 101.38416304571743 101.38858484465842 101.39210423565228 101.3961650714144 101.39959422161354 101.4031136126074 101.40636228121711 101.40934022744268
101.05911570315719 101.07111772885416 101.086639145545 101.10540923084552 101.12589389124564 101.14565662528803 101.16614128568814 101.18337727747853 101.19889869416936 101.21360794370776 101.2229027455633 101.23084393549816 101.23761199510172 101.24266547960569 101.24807992728854 101.25358461576612 101.25990147139609 101.26838410609923 101.27587409206049 101.28534937550548 101.29464417736102 101.30339753444831 101.31386546663514 101.32216761974884 101.32911616094182 101.33561349816124 101.3403962602811 101.34463757763264 101.34960082134192 101.35284948995164 101.35763225207148 101.3616028470389 101.36512223803275 101.36936355538433 101.37216102002046 101.37540968863017 101.37938028359758 101.38308015618087 101.38741171432714 101.39138230929457 101.39436025552013 101.39815036889811 101.40013566638183
101.05388173706378 101.07084700647002 101.08934636938642 101.10739452832924 101.12733774396106 101.14511518051974 101.15991467085286 101.1761580139014 101.18689666847239 101.19862797178521 101.20711060648833 101.21541275960205 101.22236130079503 101.23084393549816 101.23761199510172 101.24708727854669 101.25484798689212 101.2644135111318 101.2733473498085 101.28264215166405 101.29085406398303 101.2996074210703 101.30691692544215 101.31359474425099 101.31964087749684 101.32460412120612 101.32938688332597 101.33435012703524 101.33940361153924 101.34310348412251 101.3468935975005 101.35059347008378 101.35438358346178 101.35835417842921 101.36214429180718 101.36584416439047 101.36936355538433 101.37333415035174 101.37739498611387 101.38208750743901 101.38641906558529 101.389667734195 101.39011893816857
101.0565889609052 101.07364447110616 101.09060974051242 101.10865789945524 101.1250817240932 101.13988121442632 101.15359781522288 101.16487791456214 101.17588729151726 101.18563329734639 101.19510858079136 101.20386193787864 101.21360794370776 101.22236130079503 101.23264875139243 101.24212403483742 101.2515993182824 101.25908930424366 101.26784266133095 101.2753326472922 101.28336407802176 101.29112478636718 101.29635875246059 101.30240488570645 101.30664620305801 101.31160944676728 101.31783606160256 101.3231602684907 101.32839423458411 101.33236482955154 101.33588422054538 101.33985481551281 101.3436449288908 101.3468935975005 101.35113491485207 101.35465430584593 101.35835417842921 101.36214429180718 101.36638560915875 101.3711683712786 101.37586089260373 101.37965100598173 101.38064365472358
101.05758160964704 101.0726518223643 101.08961709177056 101.10486778607725 101.11885510925795 101.13338387720691 101.14466397654617 101.15585383509072 101.16686321204585 101.17687994025911 101.18816003959839 101.19808652701693 101.20837397761433 101.21911263218533 101.22940008278273 101.23761199510172 101.24708727854669 101.25259196702426 101.25963074901195 101.26685001258909 101.27235470106665 101.27984468702792 101.28336407802176 101.28859804411519 101.29283936146675 101.29915621709674 101.30538283193202 101.31160944676728 101.31711413524485 101.32108473021228 101.32460412120612 101.32839423458411 101.33209410716739 101.3353427757771 101.34066698266524 101.34391565127493 101.34761552385821 101.35113491485207 101.3551055098195 101.3603394759129 101.36512223803275 101.36936355538433 101.37333415035174
101.0565889609052 101.07165917362245 101.08510505203486 101.1000850239574 101.11163584568081 101.12661581760335 101.13789591694263 101.1498979426396 101.16090731959471 101.17191669654983 101.18364799986267 101.19465737681779 101.20458386423635 101.21541275960205 101.22308322715273 101.23066345390872 101.23887536622772 101.24284596119513 101.24934329841454 101.25484798689212 101.26035267536966 101.26612808623138 101.26910603245695 101.27415951696092 101.27885203828606 101.28534937550548 101.29283936146675 101.29915621709674 101.30565355431617 101.31034607564128 101.31413618901928 101.31837750637085 101.32216761974884 101.32541628835854 101.33110145842554 101.33435012703524 101.3391328891551 101.3423815577648 101.34662287511635 101.35158611882564 101.3563688809455 101.3616028470389 101.3666563315429
101.05460366342149 101.06759833786033 101.0808637346833 101.09512178024812 101.1071238059451 101.12138185150992 101.13311315482277 101.14565662528803 101.15738792860085 101.16884850952957 101.17958716410054 101.19014533708209 101.19862797178521 101.20665940251476 101.2138786660919 101.21884190980118 101.22533924702059 101.22912936039859 101.235626697618 101.24113138609556 101.24663607457312 101.25241148543483 101.25584063563397 101.2606233977538 101.26540615987366 101.2720839786825 101.27984468702792 101.28733467298919 101.29464417736102 101.3001488658386 101.30511210954788 101.30962414928356 101.31386546663514 101.3168434128607 101.32162617498055 101.32559676994796 101.33110145842554 101.33588422054538 101.34012553789695 101.3456302263745 101.35014226611021 101.35609815856135 101.3628662181649
101.05261836593779 101.06561304037662 101.07788578845773 101.09060974051242 101.10441658210367 101.11686981177424 101.12986448621307 101.14087386316818 101.15089059138145 101.16009515244228 101.1691192319137 101.17886523774283 101.18536257496224 101.19240135694994 101.19862797178521 101.20413266026279 101.2100885527139 101.21586396357561 101.22191009682146 101.22786598927259 101.23364140013429 101.23959729258543 101.24383860993699 101.24916281682512 101.25439678291855 101.26089412013795 101.26811338371509 101.27587409206049 101.2836348004059 101.29013213762533 101.29563682610288 101.30041958822274 101.30466090557431 101.30890222292585 101.31359474425099 101.31837750637085 101.32433339882196 101.32938688332597 101.33489157180352 101.34066698266524 101.34490830001678 101.35266900836221 101.35961754955518
101.05135499481179 101.06434966925062 101.07635169494759 101.087902516671 101.10161911746755 101.11064319693895 101.12264522263592 101.13239122846505 101.14114458555233 101.15016866502374 101.15612455747485 101.16262189469428 101.16866802794013 101.1748946427754 101.18112125761068 101.18716739085653 101.19312328330766 101.20034254688478 101.20711060648833 101.21414938847605 101.22109792966903 101.22741478529902 101.233099955366 101.23761199510172 101.24365812834755 101.2503359471564 101.25764545152823 101.26558664146309 101.27361807219265 101.28083733576977 101.28715419139976 101.29211743510903 101.29662947484474 101.3008707921963 101.30511210954788 101.31088752040957 101.31666293127128 101.32216761974884 101.32758206743168 101.33362820067752 101.33940361153924 101.3468935975005 101.35411286107764
