static/data/thetao/2023/7/17/0.asc
ncols 137
nrows 93
xllcorner 108.0
yllcorner 17.0
cellsize 0.25
NODATA_value -32767
[rows 27 to 53 of 93, columns 61 to 121 of 137]
25.439278 25.229803 25.251747 25.218622 25.01317 24.843266 24.977959 25.237728 25.63035 25.768284 25.945831 26.040216 -32767.0 -32767.0 25.664553 25.873226 26.56139 26.825335 26.860775 26.904745 26.921873 26.97948 27.00355 26.773031 26.343624 -32767.0 -32767.0 -32767.0 -32767.0 -32767.0 -32767.0 -32767.0 -32767.0 -32767.0 26.133276 24.654648 24.957352 -32767.0 -32767.0 -32767.0 26.758453 26.553535 26.755413 26.665945 26.575611 26.84228 26.742912 26.293701 25.148407 24.915543 24.958952 26.64713 26.956055 26.996101 26.944244 26.977833 27.211533 27.440445 27.644562 27.87494 28.073854
25.153234 25.136526 25.132704 24.920296 24.790329 24.810583 25.139343 25.337976 25.671503 26.032885 26.171257 26.283422 26.385279 26.473644 26.631708 26.886017 26.969183 27.049543 27.17707 27.28265 27.109015 27.09799 27.00243 -32767.0 26.429155 26.51312 -32767.0 -32767.0 28.260303 -32767.0 -32767.0 -32767.0 -32767.0 -32767.0 -32767.0 24.493269 24.825489 -32767.0 -32767.0 25.95715 26.04226 26.345081 26.45699 27.034967 27.188175 27.020857 26.789762 26.18956 26.048904 26.267542 25.878605 26.803202 26.968613 26.952925 26.954454 27.171824 27.40346 27.612259 27.823013 28.08779 28.238075
25.662117 25.150509 24.944792 24.731152 24.814508 25.065426 25.236423 25.315521 25.525843 25.81589 25.886496 26.139257 26.837198 26.954145 26.971638 27.033041 27.343885 27.613052 27.717463 27.737547 27.405851 27.182966 -32767.0 25.887571 26.371592 26.345608 26.704754 26.705116 -32767.0 27.620768 -32767.0 -32767.0 -32767.0 -32767.0 -32767.0 24.85509 25.982853 25.92217 25.555222 25.630095 26.35205 26.893019 26.84703 27.330893 27.3133 27.299952 26.693062 26.170229 26.858604 26.726667 26.82473 26.877163 26.963928 27.082453 27.195099 27.572277 27.571213 27.756046 28.075506 28.318094 28.373621
25.984869 25.680786 25.210695 25.025036 24.906996 24.688473 24.753866 25.093523 25.368605 25.525223 25.77975 26.318602 26.943935 27.049034 27.22168 27.388948 27.440477 27.349518 27.277346 27.304838 27.641354 27.709904 27.368877 27.134768 26.661694 26.594982 26.570997 26.927814 26.890497 27.95725 -32767.0 -32767.0 -32767.0 -32767.0 25.19101 27.101427 27.343548 27.560741 27.041357 26.856941 26.805101 26.956362 27.080158 27.165852 27.342718 27.356304 27.404797 26.891285 26.25826 26.897226 27.257154 27.319963 27.350567 27.410357 27.653204 27.591728 27.665483 27.910892 28.22002 28.488956 28.472494
26.146637 26.03915 25.663403 25.847828 25.424644 25.113531 25.054613 24.858572 25.038155 25.231215 25.592705 26.208048 26.718458 27.059078 27.266455 27.38252 27.524853 27.517206 27.412424 27.598646 27.830576 27.80308 27.614632 27.664911 27.82628 27.675266 27.315067 26.981888 27.506897 27.81142 -32767.0 -32767.0 -32767.0 -32767.0 26.17317 27.043116 26.933245 27.077042 27.207733 27.32652 27.406683 27.443583 27.501219 27.575333 27.593239 27.539095 27.359484 27.3527 27.49149 27.040829 26.795458 27.33265 27.211205 27.623878 27.730854 27.595837 27.83624 27.926855 28.386316 28.604311 28.566282
26.305346 25.8533 26.254135 26.042187 26.224314 25.923473 25.72425 25.564856 25.460182 25.170109 25.216837 25.767841 26.321465 26.706625 27.086708 27.404829 27.684183 27.592167 27.802258 28.10722 28.287708 28.34904 28.415533 28.304634 27.887127 27.832865 27.475845 26.962666 -32767.0 -32767.0 -32767.0 -32767.0 -32767.0 26.260893 27.281878 27.204288 27.10099 27.643955 28.530148 29.054508 29.10644 29.104328 29.12283 29.129164 29.097744 29.01255 28.685383 27.998314 27.499784 27.32836 27.329363 27.010475 27.185751 27.523575 27.656992 27.636177 27.94504 28.036884 28.553715 28.66739 28.640347
25.585894 25.557291 25.76378 26.660353 26.816385 26.646332 26.376722 26.164204 25.896059 25.615597 25.907312 26.318207 26.612701 26.864983 27.20268 27.470919 27.682043 27.723682 28.054987 28.111565 28.186394 28.270052 28.311195 28.45359 28.20062 27.91934 27.331804 27.026342 -32767.0 -32767.0 -32767.0 -32767.0 -32767.0 25.371254 26.048452 27.701534 28.63766 28.492943 28.671684 28.881147 29.20086 29.291468 29.297594 29.253464 29.11934 28.8863 28.909426 28.7908 28.374132 27.730995 27.343422 27.357988 27.111294 27.393541 27.633778 27.821123 27.96833 28.181591 28.64442 28.687391 28.703098
25.339512 25.49153 26.16083 27.296097 27.21651 27.107363 26.86402 26.547134 26.356426 26.304365 26.50088 26.870773 27.115686 27.262218 27.392223 27.700525 27.726892 27.850576 27.943407 28.149517 28.28602 28.25809 28.189524 28.364866 28.354918 28.02131 27.50349 27.115051 27.989922 -32767.0 28.112509 -32767.0 -32767.0 25.790804 27.983301 28.557844 28.488668 28.609642 28.892069 29.169207 29.277027 29.193663 29.223211 29.133776 29.199959 29.102549 28.999464 28.894682 28.751049 28.488785 27.612509 27.352371 27.172094 27.286694 27.550095 27.920565 27.861725 28.325024 28.669893 28.764805 28.783773
24.286276 24.52879 25.341122 26.353771 27.01343 27.332973 27.116693 26.86892 26.691938 26.687744 26.963621 27.318804 27.54952 27.727985 27.85724 27.86113 27.804722 27.917612 28.120628 28.429306 28.440535 28.410223 28.423605 28.275194 28.149315 28.10831 28.01672 27.482645 27.490538 27.921202 28.679762 -32767.0 26.822184 28.626732 28.640705 28.508541 28.577875 28.860838 29.071901 29.18186 29.257679 29.21481 29.060556 28.96759 28.912054 28.862516 28.829258 28.79224 28.762348 28.639462 28.322166 27.37846 27.259054 27.236095 27.528933 27.969654 27.851997 28.492332 28.684385 28.847452 28.846807
22.822596 23.450548 25.39822 26.491549 27.171595 27.561136 27.494719 27.194439 27.065891 27.190462 27.391884 27.705738 27.680584 27.746603 27.83133 27.88835 27.94778 28.251982 28.55447 28.64035 28.625786 28.584932 28.512497 28.404991 28.026003 28.097908 28.116863 27.989567 27.739399 27.542997 -32767.0 28.153595 28.29081 28.281984 28.501347 28.835144 29.03985 29.191689 29.18983 29.301126 29.23039 28.991545 28.784538 28.775345 28.747536 28.660164 28.627317 28.756607 28.686264 28.657787 28.732338 27.71789 27.384357 27.29594 27.5605 27.913626 27.895437 28.62375 28.699232 28.94458 28.858082
24.829304 25.78035 27.141207 26.43736 27.2059 27.599442 27.62286 27.579979 27.555256 27.515789 27.623638 27.799217 27.838861 27.916626 28.064783 28.266249 28.530203 28.711563 28.691336 28.769642 28.916006 29.009878 28.973988 28.769379 28.450102 27.9529 28.08478 27.897526 27.983253 27.740652 27.820234 28.145882 28.35441 28.49499 28.650202 28.818312 29.005106 29.170172 29.214272 29.208693 29.171495 28.89685 28.655542 28.721003 28.721415 28.72421 28.702503 28.707516 28.645151 28.563826 28.70629 28.061348 27.511887 27.44158 27.56219 27.831001 28.009258 28.690453 28.709198 28.997627 28.802437
24.313078 25.555637 27.223717 27.569494 26.867174 27.29797 27.667524 27.87087 27.889761 27.829996 27.717558 27.865261 27.917841 28.021154 28.205273 28.394651 28.46775 28.614668 28.91957 29.048079 29.202467 29.249348 29.16664 29.039923 28.814016 28.219091 27.960817 28.011015 -32767.0 28.532843 28.492565 -32767.0 28.342604 28.691692 28.972864 29.113182 29.131191 29.078035 29.119137 29.186707 29.036366 28.829878 28.716423 28.775011 28.811483 28.748833 28.713568 28.647436 28.74434 28.694246 28.693415 28.30126 27.594412 27.587036 27.65644 27.841692 28.280642 28.719719 28.8259 29.007658 28.733112
25.909998 26.628284 27.169987 27.525 27.704586 27.614403 27.68569 27.773743 27.963194 28.027517 27.903502 27.807852 27.778059 27.883541 28.087475 28.264544 28.543684 28.941847 28.991268 29.28194 29.495077 29.501562 29.374804 29.266762 29.099354 28.881958 28.359941 27.923151 27.878952 -32767.0 28.52364 28.496773 28.535198 28.821102 29.011724 29.169548 29.203188 29.125002 29.07964 29.150862 28.97021 28.879126 28.819942 28.86091 28.76556 28.73756 28.743639 28.655832 28.664846 28.805075 28.738062 28.591272 27.744377 27.765162 27.789988 28.090843 28.633589 28.76055 29.009712 28.906216 28.492384
26.053715 27.088936 27.063978 27.135809 27.227867 27.362335 27.758196 27.675913 27.743929 27.7054 27.80567 28.113363 28.388311 28.390156 28.44304 28.6188 28.74557 28.965601 29.056782 29.315687 29.536396 29.635159 29.480585 29.39008 29.308289 29.142115 29.015297 28.589447 28.246284 28.336807 28.422056 28.58696 28.69989 28.990532 29.06526 29.211918 29.222252 29.210129 29.139193 29.023746 28.95737 28.905651 28.839998 28.836535 28.84196 28.789272 28.796093 28.681961 28.578688 28.713354 28.634981 28.994894 28.370232 28.182837 28.139992 28.417408 28.794832 28.864985 29.090866 28.696318 28.510105
27.209316 27.047325 27.532064 27.756721 27.354567 27.152845 27.413462 27.808828 28.049755 28.248539 28.294632 28.402687 28.549017 28.593594 28.765335 28.723043 28.968523 28.986109 29.042006 29.25591 29.500803 29.677835 29.544025 29.427317 29.389866 29.292553 29.277355 28.413876 28.857634 28.310469 28.307102 28.53944 28.96431 29.124996 29.14087 29.24921 29.273928 29.227568 29.134798 29.058857 28.986094 28.936975 28.85531 28.91711 28.929165 28.917244 28.887655 28.934969 28.883945 28.70458 28.666452 28.682848 28.92731 28.574848 28.379425 28.75443 28.824938 29.094118 28.883472 28.661488 28.49298
27.197702 27.58508 27.850231 27.930864 27.882412 28.027555 28.191916 28.177502 28.434504 28.584135 28.72545 28.730272 28.641478 28.82801 28.86213 28.889612 29.144613 29.108078 29.095015 29.191334 29.559904 29.717867 29.632574 29.289919 29.32277 29.38291 29.229118 29.13498 28.886457 28.709232 28.468048 28.583046 29.076004 29.160776 29.07858 29.261284 29.341473 29.278456 29.06075 29.035906 29.039305 28.969425 28.88157 29.045519 28.935863 28.91234 28.859655 28.795578 29.101543 28.88368 28.7647 28.673454 28.83056 28.46925 28.586803 28.81038 29.035696 29.00287 28.767633 28.673761 28.555227
27.29814 27.243753 28.403223 28.4361 28.512175 28.618105 28.854916 28.681316 28.385834 28.7121 28.791956 28.773546 28.781046 28.875105 28.931849 29.007013 29.118416 29.145338 29.105463 29.437485 29.786417 29.83953 29.673239 29.031155 28.92857 29.2725 29.23514 29.326475 29.354187 29.017164 29.187658 29.279787 29.170973 29.05847 28.906876 29.033863 29.297255 29.294613 29.159807 29.123169 29.106138 29.092983 28.948286 28.98326 29.060436 29.091364 28.861126 28.812225 28.86662 29.001692 28.755537 28.821812 28.781868 28.659039 28.809555 28.978802 29.053518 28.629713 28.6168 28.708488 28.569645
27.621151 27.32575 27.893812 28.077225 28.300104 28.580145 28.612795 28.983387 28.97733 28.955976 28.971481 28.937708 28.913641 28.942886 28.95978 28.98522 29.073126 29.299164 29.653612 29.802534 29.780197 29.861895 29.542332 28.965002 28.909101 28.872435 29.083912 29.183626 29.13894 29.138197 29.138453 29.188967 28.971546 28.842962 29.0272 29.127806 29.12327 29.139067 29.180601 29.18451 29.124228 29.031763 29.129837 28.944145 28.9527 29.069319 29.063639 28.937973 28.76492 28.67586 28.820171 28.85536 28.765787 28.734917 28.89504 28.980417 28.77868 28.851885 28.535486 28.688297 28.623495
27.839355 27.893257 27.639313 27.645092 28.250761 28.601652 28.457087 28.849192 28.928091 29.07499 29.022715 28.881254 28.891766 28.876755 29.02346 29.249922 29.599972 29.766375 29.65816 29.624075 29.830986 29.748787 28.95316 29.087833 29.08832 28.982363 29.051691 29.06368 29.082808 29.100752 29.21228 28.795986 28.973295 29.068504 29.080837 29.11907 29.179386 29.25263 29.260756 29.206068 29.131931 29.095755 29.05064 29.178514 29.173164 29.121206 29.048803 28.838408 28.930649 28.879751 28.779118 28.727463 28.71921 28.829853 28.911842 28.828968 28.872684 29.118282 29.045353 28.646843 28.437473
28.467703 28.415434 28.106253 27.978188 27.984327 28.579803 28.528801 28.66244 29.005379 29.172009 29.108936 29.029488 28.949293 29.128078 29.357708 29.79271 29.640308 29.590197 29.464407 29.623186 29.71741 29.360638 28.48618 29.337557 29.164246 29.139713 28.869576 28.895414 29.159782 29.090422 28.887775 29.082024 29.072178 28.94663 28.839104 28.82597 28.909214 29.032356 29.143742 29.151108 29.085201 29.09509 29.031403 29.147081 29.26292 29.161041 29.007875 28.896185 28.972559 28.986418 28.897835 28.828512 28.828762 28.83764 28.798922 28.91666 29.098457 29.22377 29.030178 28.705969 28.73944
28.660652 28.560886 28.350206 28.105974 28.50129 28.822603 28.614538 28.798113 29.199287 29.144407 29.115723 29.175217 29.262018 29.479527 29.731047 29.494358 29.583004 29.283598 29.251745 29.388178 29.392908 28.98526 28.421259 28.796608 -32767.0 28.686432 28.5296 28.580557 28.794073 29.060873 29.14142 28.907618 28.69139 28.62734 28.616844 28.63567 28.717537 28.801924 28.876558 28.94894 28.960213 29.050873 28.984549 29.14698 29.260515 29.01611 28.885046 28.921995 28.947554 28.963955 28.909502 28.801432 28.786139 28.81501 28.843042 28.959993 29.01796 29.131035 28.711666 28.783634 28.763054
29.025091 28.6455 28.933825 29.0685 29.05915 28.883469 28.642164 28.98812 29.197968 29.144146 29.069569 29.164207 29.455557 29.604877 29.348076 29.463516 29.280678 29.053968 29.009241 29.07537 29.041925 28.945381 28.752043 28.556604 28.564028 28.721758 28.607414 28.879086 29.038967 29.198963 28.887741 28.65174 28.582436 28.594404 28.513319 28.442945 28.494545 28.622627 28.744839 28.863552 28.894913 29.004417 28.957703 29.205519 29.093058 28.808332 28.880762 28.964815 28.942976 28.853907 28.854143 28.819345 28.854517 28.86031 28.86325 28.92166 29.024267 29.096653 28.812817 29.083715 29.071169
28.943338 28.77424 28.835323 29.00397 28.96504 28.73948 29.176392 29.387821 29.182798 29.174175 28.86233 29.1692 29.663029 29.405655 29.21144 29.294838 29.023573 28.917557 28.864836 28.890963 28.912619 28.88723 28.88812 -32767.0 28.238281 28.703222 28.75706 28.958614 29.183771 28.96837 28.646015 28.535292 28.680553 28.53043 28.463995 28.531567 28.519493 28.489256 28.679325 28.825817 28.929354 28.895685 29.068275 29.13278 28.800556 28.886156 29.014404 29.144344 29.216099 29.221146 29.123394 29.10183 29.126753 28.782797 28.956207 29.032001 29.026106 29.05117 28.703012 29.076567 29.121933
29.462738 29.462456 29.410128 29.137236 29.26477 29.489855 29.40694 29.209934 29.182293 29.226374 29.271244 29.5233 29.593264 29.338884 29.174706 29.163557 28.950811 28.89001 28.77793 28.85554 28.890991 28.670588 28.42117 28.371758 28.50307 28.704325 28.737398 29.119915 29.151657 28.771658 28.476336 28.558783 28.68675 28.48991 28.610693 28.608582 28.544556 28.627872 28.718296 28.8611 28.963877 28.935656 29.123589 28.833393 28.875088 29.098644 29.14527 29.35043 29.48208 29.376942 29.236784 29.04916 29.192106 28.849312 29.077213 28.944738 29.033493 29.115786 28.973614 29.11781 29.014536
29.367252 29.34137 29.282675 29.435232 29.508444 29.402903 29.408913 29.176666 29.148888 29.341036 29.632797 29.431408 29.266718 29.287357 29.064892 29.025888 28.960075 28.88207 28.962496 28.891098 28.545755 28.088514 28.171171 28.325981 28.64373 28.728096 28.780079 29.168358 29.055986 28.653343 28.468605 28.65451 28.71959 28.5482 28.624453 28.646187 28.641241 28.726017 28.828606 28.9471 28.893618 29.069954 28.853235 28.912031 29.145735 29.111471 29.158892 29.52383 29.629322 29.620615 29.345936 29.072771 29.191925 28.84057 29.054232 28.979773 29.055649 29.091133 29.277332 29.12103 29.289583
29.669516 29.718664 29.623146 29.54722 29.57505 29.562757 29.554989 29.39389 29.389465 29.548313 29.649693 29.43388 29.299952 29.052965 28.860933 28.92309 28.910427 28.918736 28.931871 28.76504 28.745035 27.921373 28.167152 28.553806 28.733665 28.769682 28.774172 29.177507 29.06976 28.56697 28.475899 28.644081 28.769096 28.584568 28.67216 28.7454 28.762066 28.820671 28.89164 28.925388 28.991718 28.834206 28.98853 29.169327 29.154968 28.981243 29.170803 29.483213 29.653503 29.667809 29.488714 29.043047 29.04458 28.781689 28.952353 29.028316 29.010544 29.16739 29.154129 29.444368 29.175564
29.503622 29.554583 29.641226 29.656887 29.588089 29.523315 29.577917 29.550629 29.463785 29.554964 29.52356 29.242832 29.092989 28.930908 28.83243 28.976921 28.983955 28.977087 29.017561 29.332108 -32767.0 28.545845 28.407526 28.509087 28.816395 28.821526 28.701986 29.079304 29.175102 28.575043 28.430065 28.629152 28.826883 28.717497 28.611433 28.709143 28.776865 28.844126 28.89819 28.906559 28.797918 29.043253 29.242544 29.205423 29.056044 28.96718 29.182627 29.398111 29.57805 29.722174 29.614353 29.1074 29.022268 28.851868 28.898663 29.10138 29.019491 29.134356 29.408821 29.112988 29.167353
