static/data/thetao/2023/7/17/12.asc
ncols 137
nrows 93
xllcorner 108.0
yllcorner 17.0
cellsize 0.25
NODATA_value -32767
[rows 54 to 80 of 93, columns 0 to 60 of 137]
-32767.0 -32767.0 -32767.0 -32767.0 -32767.0 -32767.0 -32767.0 -32767.0 -32767.0 -32767.0 -32767.0 -32767.0 -32767.0 -32767.0 -32767.0 -32767.0 -32767.0 -32767.0 -32767.0 -32767.0 -32767.0 -32767.0 -32767.0 -32767.0 -32767.0 -32767.0 -32767.0 -32767.0 -32767.0 -32767.0 -32767.0 -32767.0 -32767.0 -32767.0 -32767.0 -32767.0 -32767.0 -32767.0 -32767.0 -32767.0 -32767.0 -32767.0 -32767.0 -32767.0 -32767.0 -32767.0 -32767.0 -32767.0 28.104126 27.46288 28.65631 29.21126 29.905151 30.193966 30.251772 30.099892 30.13632 29.535624 28.95153 29.007528 29.004438
-32767.0 -32767.0 -32767.0 -32767.0 -32767.0 -32767.0 -32767.0 -32767.0 -32767.0 -32767.0 -32767.0 -32767.0 -32767.0 -32767.0 -32767.0 -32767.0 -32767.0 -32767.0 -32767.0 -32767.0 -32767.0 -32767.0 -32767.0 -32767.0 -32767.0 -32767.0 -32767.0 -32767.0 -32767.0 -32767.0 -32767.0 -32767.0 -32767.0 -32767.0 -32767.0 -32767.0 -32767.0 -32767.0 -32767.0 -32767.0 -32767.0 -32767.0 -32767.0 -32767.0 -32767.0 -32767.0 -32767.0 30.585775 -32767.0 28.262026 28.993523 29.7136 29.890312 30.013098 30.270754 29.999538 29.4703 29.486094 29.312426 28.805868 28.720543
-32767.0 -32767.0 -32767.0 -32767.0 -32767.0 -32767.0 -32767.0 -32767.0 -32767.0 -32767.0 -32767.0 -32767.0 -32767.0 -32767.0 -32767.0 -32767.0 -32767.0 -32767.0 -32767.0 -32767.0 -32767.0 -32767.0 -32767.0 -32767.0 -32767.0 -32767.0 -32767.0 -32767.0 -32767.0 -32767.0 -32767.0 -32767.0 -32767.0 -32767.0 -32767.0 -32767.0 -32767.0 -32767.0 -32767.0 -32767.0 -32767.0 -32767.0 -32767.0 -32767.0 -32767.0 -32767.0 -32767.0 31.00038 27.219715 28.609867 29.312029 29.91417 30.106585 29.9616 30.317581 30.447762 29.442652 29.286133 29.451593 29.814217 29.793251
-32767.0 -32767.0 -32767.0 -32767.0 -32767.0 -32767.0 -32767.0 -32767.0 -32767.0 -32767.0 -32767.0 -32767.0 -32767.0 -32767.0 -32767.0 -32767.0 -32767.0 -32767.0 -32767.0 -32767.0 -32767.0 -32767.0 -32767.0 -32767.0 -32767.0 -32767.0 -32767.0 -32767.0 -32767.0 -32767.0 -32767.0 -32767.0 -32767.0 -32767.0 -32767.0 -32767.0 -32767.0 -32767.0 -32767.0 -32767.0 -32767.0 -32767.0 -32767.0 -32767.0 -32767.0 -32767.0 -32767.0 28.93736 27.081663 28.397825 29.578701 29.9423 30.199936 30.80699 30.239305 29.644821 29.772778 29.753588 29.936695 29.970753 30.108948
-32767.0 -32767.0 -32767.0 -32767.0 -32767.0 -32767.0 -32767.0 -32767.0 -32767.0 -32767.0 -32767.0 -32767.0 -32767.0 -32767.0 -32767.0 -32767.0 -32767.0 -32767.0 -32767.0 -32767.0 -32767.0 -32767.0 -32767.0 -32767.0 -32767.0 -32767.0 -32767.0 -32767.0 -32767.0 -32767.0 -32767.0 -32767.0 -32767.0 -32767.0 -32767.0 -32767.0 -32767.0 -32767.0 -32767.0 -32767.0 -32767.0 -32767.0 -32767.0 -32767.0 -32767.0 31.646059 -32767.0 29.14871 27.778162 28.553448 29.237646 30.284292 30.803967 30.862003 30.457245 30.001389 29.869658 29.819548 29.498331 29.923248 30.457932
-32767.0 -32767.0 -32767.0 -32767.0 -32767.0 -32767.0 -32767.0 -32767.0 -32767.0 -32767.0 -32767.0 -32767.0 -32767.0 -32767.0 -32767.0 -32767.0 -32767.0 -32767.0 -32767.0 -32767.0 -32767.0 -32767.0 -32767.0 -32767.0 -32767.0 -32767.0 -32767.0 -32767.0 -32767.0 -32767.0 -32767.0 -32767.0 -32767.0 -32767.0 -32767.0 -32767.0 -32767.0 -32767.0 -32767.0 -32767.0 -32767.0 -32767.0 -32767.0 -32767.0 -32767.0 -32767.0 29.449057 27.745277 28.621735 28.982931 29.646524 30.220901 30.86737 30.843842 30.39694 30.273096 29.960175 29.767645 29.873749 29.876955 30.54861
-32767.0 -32767.0 -32767.0 -32767.0 -32767.0 -32767.0 -32767.0 -32767.0 -32767.0 -32767.0 -32767.0 -32767.0 -32767.0 -32767.0 -32767.0 -32767.0 -32767.0 -32767.0 -32767.0 -32767.0 -32767.0 -32767.0 -32767.0 -32767.0 -32767.0 -32767.0 -32767.0 -32767.0 -32767.0 -32767.0 -32767.0 -32767.0 -32767.0 -32767.0 -32767.0 -32767.0 -32767.0 -32767.0 -32767.0 -32767.0 -32767.0 -32767.0 -32767.0 -32767.0 29.708612 27.936192 27.810955 28.96376 29.155266 29.974123 30.427267 30.76177 -32767.0 -32767.0 -32767.0 -32767.0 30.050093 29.930525 30.913979 30.248652 30.4846
-32767.0 -32767.0 -32767.0 -32767.0 -32767.0 -32767.0 -32767.0 -32767.0 -32767.0 -32767.0 -32767.0 -32767.0 -32767.0 -32767.0 -32767.0 -32767.0 -32767.0 -32767.0 -32767.0 -32767.0 -32767.0 -32767.0 -32767.0 -32767.0 -32767.0 -32767.0 -32767.0 -32767.0 -32767.0 -32767.0 -32767.0 -32767.0 -32767.0 -32767.0 -32767.0 -32767.0 -32767.0 -32767.0 -32767.0 -32767.0 -32767.0 -32767.0 -32767.0 28.109272 28.491962 28.542242 29.368399 30.339937 30.30601 30.67233 30.62975 31.122871 -32767.0 -32767.0 -32767.0 -32767.0 29.805017 30.93095 30.911963 30.550348 30.41505
-32767.0 -32767.0 -32767.0 -32767.0 -32767.0 -32767.0 -32767.0 -32767.0 -32767.0 -32767.0 -32767.0 -32767.0 -32767.0 -32767.0 -32767.0 -32767.0 -32767.0 -32767.0 -32767.0 -32767.0 -32767.0 -32767.0 -32767.0 -32767.0 -32767.0 -32767.0 -32767.0 -32767.0 -32767.0 -32767.0 -32767.0 -32767.0 -32767.0 -32767.0 -32767.0 -32767.0 -32767.0 -32767.0 -32767.0 -32767.0 -32767.0 31.003395 30.754118 28.64818 27.0445 29.714342 30.814186 30.837175 30.461811 30.301641 31.69525 -32767.0 -32767.0 -32767.0 -32767.0 -32767.0 30.38101 30.667221 30.740894 30.726486 30.03389
-32767.0 -32767.0 -32767.0 -32767.0 -32767.0 -32767.0 -32767.0 -32767.0 -32767.0 -32767.0 -32767.0 -32767.0 -32767.0 -32767.0 -32767.0 -32767.0 -32767.0 -32767.0 -32767.0 -32767.0 -32767.0 -32767.0 -32767.0 -32767.0 -32767.0 -32767.0 -32767.0 -32767.0 -32767.0 -32767.0 -32767.0 -32767.0 -32767.0 -32767.0 -32767.0 -32767.0 -32767.0 -32767.0 -32767.0 -32767.0 -32767.0 28.788925 28.723696 28.496002 27.65888 30.172998 31.230194 31.090158 30.975786 31.125816 32.32247 -32767.0 -32767.0 -32767.0 -32767.0 30.394054 30.599682 30.591848 30.519777 30.772636 30.155445
-32767.0 -32767.0 -32767.0 -32767.0 -32767.0 -32767.0 -32767.0 -32767.0 -32767.0 -32767.0 -32767.0 -32767.0 -32767.0 -32767.0 -32767.0 -32767.0 -32767.0 -32767.0 -32767.0 -32767.0 -32767.0 -32767.0 -32767.0 -32767.0 -32767.0 -32767.0 -32767.0 -32767.0 -32767.0 -32767.0 -32767.0 -32767.0 -32767.0 -32767.0 -32767.0 -32767.0 -32767.0 -32767.0 -32767.0 29.33189 28.003546 27.905582 28.135017 27.17536 28.28481 30.514776 30.788967 31.21741 31.225517 31.97149 -32767.0 -32767.0 -32767.0 -32767.0 -32767.0 30.643671 30.685593 30.65362 30.586908 30.67041 30.119968
-32767.0 -32767.0 -32767.0 -32767.0 -32767.0 -32767.0 -32767.0 -32767.0 -32767.0 -32767.0 -32767.0 -32767.0 -32767.0 -32767.0 -32767.0 -32767.0 -32767.0 -32767.0 -32767.0 -32767.0 -32767.0 -32767.0 -32767.0 -32767.0 -32767.0 -32767.0 -32767.0 -32767.0 -32767.0 -32767.0 -32767.0 -32767.0 -32767.0 -32767.0 -32767.0 -32767.0 -32767.0 -32767.0 26.747976 25.223768 24.77539 25.618053 26.14623 26.089155 29.056866 30.654463 30.91022 31.178417 31.56807 32.626534 -32767.0 -32767.0 -32767.0 -32767.0 -32767.0 30.502674 30.757668 30.717419 30.462265 30.418055 30.230331
-32767.0 -32767.0 -32767.0 -32767.0 -32767.0 -32767.0 -32767.0 -32767.0 -32767.0 -32767.0 -32767.0 -32767.0 -32767.0 -32767.0 -32767.0 -32767.0 -32767.0 -32767.0 -32767.0 -32767.0 -32767.0 -32767.0 -32767.0 -32767.0 -32767.0 -32767.0 -32767.0 -32767.0 -32767.0 -32767.0 -32767.0 -32767.0 -32767.0 -32767.0 -32767.0 -32767.0 26.623247 25.451721 25.232277 26.741823 27.086592 27.44707 27.01052 28.544052 30.079443 30.298485 -32767.0 31.279821 31.031996 -32767.0 -32767.0 -32767.0 -32767.0 -32767.0 30.138824 30.865942 30.532375 30.670748 30.46496 30.19018 30.437378
-32767.0 -32767.0 -32767.0 -32767.0 -32767.0 -32767.0 -32767.0 -32767.0 -32767.0 -32767.0 -32767.0 -32767.0 -32767.0 -32767.0 -32767.0 -32767.0 -32767.0 -32767.0 -32767.0 -32767.0 -32767.0 -32767.0 -32767.0 -32767.0 -32767.0 -32767.0 -32767.0 -32767.0 -32767.0 -32767.0 -32767.0 -32767.0 -32767.0 -32767.0 -32767.0 26.269232 26.252373 26.7906 27.657116 28.846315 28.374178 27.626604 28.593449 29.61911 29.68048 30.70716 -32767.0 30.946655 31.041376 -32767.0 -32767.0 -32767.0 -32767.0 -32767.0 30.390348 30.797333 30.687567 30.44595 30.237589 30.160654 30.495092
-32767.0 -32767.0 -32767.0 -32767.0 -32767.0 -32767.0 -32767.0 -32767.0 -32767.0 -32767.0 -32767.0 -32767.0 -32767.0 -32767.0 -32767.0 -32767.0 -32767.0 -32767.0 -32767.0 -32767.0 -32767.0 -32767.0 -32767.0 -32767.0 -32767.0 -32767.0 -32767.0 -32767.0 -32767.0 -32767.0 -32767.0 -32767.0 -32767.0 -32767.0 -32767.0 27.01784 27.236246 28.412907 28.890583 29.388828 29.060059 28.927595 29.395046 29.767712 29.243053 29.633123 30.461391 30.755268 30.887033 -32767.0 -32767.0 -32767.0 -32767.0 -32767.0 30.677456 30.868141 30.453861 30.473352 30.122057 30.075333 30.40336
-32767.0 -32767.0 -32767.0 -32767.0 -32767.0 -32767.0 -32767.0 -32767.0 -32767.0 -32767.0 -32767.0 -32767.0 -32767.0 -32767.0 -32767.0 -32767.0 -32767.0 -32767.0 -32767.0 -32767.0 -32767.0 -32767.0 -32767.0 -32767.0 -32767.0 -32767.0 -32767.0 31.309937 -32767.0 28.298466 -32767.0 27.265068 26.845608 26.934244 27.541338 28.208332 28.72785 29.432549 29.64476 29.707085 29.50941 30.122509 30.317173 29.066576 29.531155 30.072803 30.161175 30.31179 30.556387 -32767.0 -32767.0 -32767.0 -32767.0 30.651464 30.887451 30.401667 30.716463 30.328459 30.057716 30.064686 30.387049
-32767.0 -32767.0 -32767.0 -32767.0 -32767.0 -32767.0 -32767.0 -32767.0 -32767.0 -32767.0 -32767.0 -32767.0 -32767.0 -32767.0 -32767.0 -32767.0 -32767.0 -32767.0 -32767.0 -32767.0 -32767.0 -32767.0 -32767.0 31.559122 -32767.0 -32767.0 26.460543 26.015692 26.998995 27.162537 28.239767 28.442131 28.833004 29.023405 29.48497 29.739384 29.8902 29.813604 29.999979 29.98229 30.074095 30.06749 30.035522 29.982285 29.948355 29.933865 30.028524 30.288483 30.317574 30.566017 -32767.0 -32767.0 30.011978 30.690596 30.60167 30.888382 30.39124 30.284906 29.978563 30.159544 30.32067
-32767.0 -32767.0 -32767.0 -32767.0 -32767.0 -32767.0 -32767.0 -32767.0 -32767.0 -32767.0 -32767.0 -32767.0 -32767.0 -32767.0 -32767.0 -32767.0 -32767.0 -32767.0 -32767.0 -32767.0 -32767.0 -32767.0 -32767.0 30.115627 29.529146 26.76415 27.445345 28.132391 29.027754 29.586882 29.499172 29.506634 29.583858 29.423128 29.528282 29.522762 29.611752 29.682255 29.79205 29.778425 29.904367 29.865103 29.723305 29.786385 29.923298 29.962448 30.048912 30.07369 30.144535 30.292164 30.466467 -32767.0 29.95369 30.557499 30.194204 30.313738 30.434397 30.309538 29.88693 30.24573 30.143137
-32767.0 -32767.0 -32767.0 -32767.0 -32767.0 -32767.0 -32767.0 -32767.0 -32767.0 -32767.0 -32767.0 -32767.0 -32767.0 -32767.0 -32767.0 -32767.0 -32767.0 -32767.0 -32767.0 -32767.0 31.429564 31.320814 29.372757 26.817078 26.719835 -32767.0 28.787281 28.552917 28.721365 29.071419 29.376503 29.548365 29.577515 29.650253 29.599115 29.58853 29.629639 29.64255 29.684202 29.674427 29.634256 29.645239 29.69805 29.759888 29.855314 30.039957 30.125875 30.324081 30.355145 30.311893 30.397778 -32767.0 30.560894 30.355492 30.31036 30.373545 30.402397 30.44839 29.887047 30.085577 30.171736
-32767.0 -32767.0 32.792046 -32767.0 -32767.0 -32767.0 -32767.0 -32767.0 -32767.0 -32767.0 -32767.0 -32767.0 -32767.0 -32767.0 -32767.0 -32767.0 31.156347 -32767.0 30.005445 28.52891 28.392014 27.190006 26.866554 27.419352 27.975979 27.752878 27.81699 28.091377 28.492126 28.981184 29.224686 29.47374 29.578714 29.49365 29.431953 29.492514 29.476213 29.4346 29.354313 29.3798 29.558239 29.637983 29.684275 29.82866 29.98039 30.242662 30.257137 29.950802 29.918695 30.150183 30.555624 30.240145 30.096855 30.114454 30.392664 30.435556 30.341225 30.16719 30.047384 30.047993 30.328127
-32767.0 32.31038 32.22249 32.28848 32.549095 -32767.0 32.734215 32.552887 -32767.0 -32767.0 -32767.0 -32767.0 -32767.0 30.942017 28.981329 28.943533 28.848612 28.485943 26.459278 26.784773 26.953938 27.303383 26.981441 26.863445 27.110243 27.436502 27.74863 27.961195 28.505491 28.852472 29.026962 29.259012 29.352333 29.312279 29.355757 29.343243 29.19004 29.272425 29.347086 29.607561 29.670345 29.570185 29.77339 29.704948 29.86553 29.866837 29.750544 29.73447 29.998821 30.015804 30.047386 30.075422 29.911064 29.895475 30.35513 30.352764 30.140932 29.927109 30.269249 30.091845 30.402063
31.912672 30.415535 30.71036 30.925863 31.473984 32.07009 32.32082 32.458805 -32767.0 -32767.0 -32767.0 30.824995 29.134926 26.567188 26.84531 26.68158 26.673962 26.483917 25.848494 26.582848 27.252857 26.602468 27.21405 26.958233 27.313751 27.786345 28.157953 28.30222 28.524557 28.693827 29.083965 29.059404 29.064066 29.2266 29.145403 29.151548 29.06449 29.319048 29.582184 29.804869 29.57439 29.57318 29.795345 29.804735 29.835808 30.016226 29.99575 29.791035 29.86743 29.989403 29.996243 29.997208 29.881624 29.985254 30.321539 30.21903 29.630957 29.638365 30.050127 30.22465 30.37406
31.169472 31.143974 31.163754 30.756523 30.55097 31.15214 32.17036 -32767.0 -32767.0 31.793623 -32767.0 28.58793 26.074797 26.487764 26.52431 26.773394 26.073137 26.33663 26.175241 26.426073 26.481607 27.232077 27.995438 28.16172 28.100355 28.33564 28.16488 28.23509 28.432766 28.77974 28.731281 28.874668 28.92219 28.957855 28.862808 29.075607 29.090668 29.050804 29.546144 29.558615 29.488213 29.539118 29.667013 29.808598 29.847153 29.897034 29.883024 29.873777 29.85412 29.937384 29.753841 29.815237 29.909203 30.063253 30.351742 30.022144 29.468048 29.796482 30.074055 30.114393 29.715906
31.31343 31.02286 31.138596 31.065529 30.607834 30.836016 31.889015 32.40924 -32767.0 -32767.0 30.716768 27.064968 26.035088 27.064207 27.088089 26.778833 26.142767 25.15669 25.72169 26.524422 27.13229 28.070854 28.722448 28.565865 28.622465 28.135714 28.06743 28.208996 28.396757 28.449978 28.566154 28.671293 28.74077 28.702635 28.978071 29.451233 29.152794 28.98592 29.334639 29.389767 29.235647 29.384212 29.50666 29.573559 29.492554 29.446766 29.522139 29.73529 29.874012 29.8527 29.55358 29.59264 29.785051 29.847383 30.088581 30.212463 29.953232 30.175953 30.299082 30.132814 30.03231
30.92073 30.769678 30.854593 31.011122 30.83997 30.827837 31.402197 32.079456 -32767.0 -32767.0 30.912825 28.210207 26.24705 26.848982 26.30593 25.797224 24.676151 24.174612 25.327765 26.193073 26.709671 27.887098 28.431894 28.568077 28.298285 28.06494 27.768984 28.134682 28.267698 28.253166 28.585964 28.79934 28.73472 28.618982 28.901457 28.966097 28.903566 28.903257 29.190165 29.163868 29.141998 29.217037 29.293846 29.361115 29.433931 29.462048 29.505024 29.607256 29.563467 29.630636 29.742382 29.541393 29.787493 29.957983 29.852982 30.119696 -32767.0 30.491882 30.467934 30.29352 30.01672
30.904408 30.612577 30.747963 30.915773 30.966434 30.957056 31.303495 31.588503 31.433905 31.417934 31.061216 30.344423 26.259897 26.230288 24.988405 23.792625 23.498583 24.233225 25.28556 26.825018 27.730494 28.398893 28.29782 28.226099 28.363169 28.006384 27.751673 28.059944 28.275982 28.306194 28.57856 28.873423 28.826466 28.633965 28.83052 28.67497 28.831171 29.038137 29.170313 29.266333 29.325752 29.256985 29.285788 29.294989 29.253586 29.208567 29.487112 29.66434 29.585709 29.352144 29.59375 29.942335 30.053934 29.826464 30.004107 30.113768 30.109928 30.24253 30.282322 30.184608 30.04284
30.724033 30.619675 30.495829 30.852455 31.111738 31.308567 31.536898 31.746347 31.598394 -32767.0 -32767.0 -32767.0 29.244188 25.990303 23.961031 24.146633 24.627974 25.429317 26.645853 28.59831 29.195715 29.064272 28.300528 28.356071 28.283325 27.753897 27.855087 28.387405 28.475273 28.629807 28.561949 28.694431 28.809196 28.670815 28.656599 28.739622 28.88458 29.044777 29.198002 29.252499 29.282927 29.244028 29.252062 29.302439 29.211485 29.23493 29.60324 29.563654 29.306368 29.335428 29.527323 29.933764 29.981592 30.10291 30.231052 30.134434 29.790453 29.95515 30.171925 30.175154 30.026445
