static/data/thetao/2023/7/17/18.asc
ncols 137
nrows 93
xllcorner 108.0
yllcorner 17.0
cellsize 0.25
NODATA_value -32767
[rows 27 to 53 of 93, columns 61 to 121 of 137]
25.507185 25.490993 25.283588 25.12299 24.86245 24.680937 24.744751 25.197033 25.534044 25.95857 26.251783 26.293224 -32767.0 -32767.0 26.112953 26.193972 26.867443 26.968922 27.064438 27.109362 27.180626 27.208942 27.25028 27.117672 26.725805 -32767.0 -32767.0 -32767.0 -32767.0 -32767.0 -32767.0 -32767.0 -32767.0 -32767.0 26.443647 25.015345 25.25808 -32767.0 -32767.0 -32767.0 27.054678 27.096268 27.250145 27.27806 27.042294 27.027708 26.866425 26.205578 25.429535 24.79115 26.092833 26.826944 26.896461 27.00095 26.958717 27.113884 27.457912 27.699812 28.05607 28.380285 28.413431
25.092949 25.104734 24.97765 24.840343 24.801483 24.868158 24.999334 25.238413 25.656736 26.109037 26.253912 26.429781 26.626455 26.756006 26.851805 27.00059 27.038927 27.22865 27.51479 27.704676 27.33893 27.240599 27.174372 -32767.0 26.737167 26.796915 -32767.0 -32767.0 28.70058 -32767.0 -32767.0 -32767.0 -32767.0 -32767.0 -32767.0 24.720724 25.155031 -32767.0 -32767.0 26.40819 26.428097 26.707788 26.82837 27.430687 27.529028 27.216318 26.921045 25.892002 26.22126 26.086666 26.569717 26.966492 26.918413 26.951082 26.976559 27.38553 27.626564 27.8488 28.162163 28.53453 28.53477
25.537739 24.989475 24.823298 24.805843 24.841381 24.766111 25.030672 25.271292 25.534163 25.78668 25.801975 26.446665 27.02186 27.028976 27.120598 27.247398 27.618984 27.609653 27.491903 27.701668 27.557203 27.294344 -32767.0 26.314657 26.743021 26.731909 27.119377 27.169468 -32767.0 28.089811 -32767.0 -32767.0 -32767.0 -32767.0 -32767.0 25.430038 26.867832 27.116459 26.016756 26.274729 26.799797 27.213512 27.152826 27.550789 27.539524 27.586409 26.921944 26.454348 26.936792 26.63925 26.855862 26.915022 27.053577 27.131475 27.313564 27.755798 27.739954 27.999529 28.249334 28.660769 28.650042
25.730894 25.686956 25.305481 25.119865 24.866884 24.691496 24.702305 24.84079 25.178051 25.365074 25.745632 26.450403 26.986189 27.141424 27.222713 27.344448 27.416594 27.47113 27.421389 27.437706 27.568672 27.801771 27.549395 27.17057 27.063213 26.923851 26.952229 27.488018 27.210459 28.487516 -32767.0 -32767.0 -32767.0 -32767.0 25.769112 27.339798 27.59694 27.786318 27.429571 27.284843 27.344313 27.340391 27.364828 27.369328 27.632048 27.590874 27.652103 26.996498 26.794518 27.500662 27.542814 27.476103 27.479252 27.553804 27.874788 27.75113 27.935137 28.068972 28.431957 28.73873 28.736813
26.364325 26.322506 26.170834 26.102028 25.775534 25.25919 25.12087 24.653234 24.76134 24.848688 25.443981 26.191565 26.625153 26.94692 27.176746 27.404247 27.551006 27.625593 27.657925 27.868721 28.04563 28.10621 27.910364 27.783142 27.89536 27.924088 27.632421 27.344482 28.060259 28.32737 -32767.0 -32767.0 -32767.0 -32767.0 26.423086 27.147718 27.167866 27.281834 27.568243 27.878527 28.119965 28.190748 28.058163 27.978855 27.908249 27.88152 27.78094 27.69452 27.694065 27.250484 27.33058 27.566376 27.550148 27.883501 27.889784 27.823484 28.101858 28.138453 28.601189 28.771868 28.792572
26.332502 25.946167 26.203255 26.216812 26.317425 26.090872 25.68572 25.548792 25.41675 25.041445 25.122028 25.667873 26.26603 26.666046 27.085432 27.401861 27.649752 27.701345 28.146954 28.258038 28.386173 28.494165 28.53003 28.4153 28.074308 28.032667 27.829212 27.189266 -32767.0 -32767.0 -32767.0 -32767.0 -32767.0 26.467459 27.549822 27.268948 27.603212 28.580997 29.011179 29.042831 28.988346 28.922663 29.02627 29.145773 29.159885 29.17931 29.064167 28.559671 27.916039 27.638748 27.524908 27.41715 27.521254 27.818083 27.825594 27.989529 28.078094 28.236988 28.72675 28.79344 28.838043
25.869354 25.732073 26.051538 27.122236 26.831583 26.453001 26.259249 25.910812 25.780916 25.354229 25.877861 26.350555 26.569386 26.820316 27.125446 27.439108 27.76214 27.844194 28.05873 28.181816 28.210863 28.229002 28.293863 28.511549 28.28424 28.100443 27.553751 27.188519 -32767.0 -32767.0 -32767.0 -32767.0 -32767.0 25.505646 26.689632 27.883875 28.69302 28.669136 28.828714 28.908384 29.06337 29.180332 29.253164 29.307056 29.320402 29.326035 29.08923 29.074097 28.938683 28.069487 27.612413 27.464048 27.38512 27.67543 27.858686 28.115946 28.090685 28.352081 28.782272 28.837332 28.90107
25.548677 25.769152 26.311018 27.095823 27.093235 26.972132 26.640972 26.318577 26.121826 26.152939 26.427458 26.855253 27.162518 27.262089 27.363522 27.710678 27.804005 27.940006 28.080753 28.388805 28.409801 28.4105 28.336258 28.382914 28.418512 28.17952 27.73188 27.342709 28.253342 -32767.0 28.508957 -32767.0 -32767.0 25.992949 27.931662 28.930817 28.752266 28.76828 28.939024 29.100088 29.225367 29.284369 29.307182 29.311861 29.284283 29.31841 29.188066 28.9294 29.159271 28.58479 27.780643 27.649796 27.442984 27.546692 27.830938 28.160269 28.150362 28.470846 28.8196 28.912655 28.99171
24.2403 24.634518 25.616896 25.930565 26.610615 27.079191 26.978285 26.603268 26.385117 26.368988 26.708906 27.178234 27.467978 27.63967 27.793974 27.85927 27.883337 28.040844 28.377235 28.59791 28.591682 28.506104 28.43124 28.318687 28.307604 28.232637 28.183767 27.668535 27.685331 28.11304 28.911642 -32767.0 27.026917 28.760366 28.590654 28.685116 28.979336 29.045914 29.189453 29.182442 29.404175 29.396338 29.344353 29.184618 29.175869 29.168875 29.198608 29.13441 29.017311 28.790579 28.242376 27.627428 27.644447 27.549305 27.815264 28.165268 28.163551 28.608807 28.845648 29.011873 29.068556
24.052553 24.269053 25.032528 26.324677 27.214058 27.438395 27.304068 26.943117 26.792816 26.822962 26.99403 27.496405 27.418741 27.46691 27.682594 27.906809 28.140278 28.536213 28.719915 28.731981 28.77707 28.793337 28.736778 28.513987 28.268625 28.202454 28.285515 28.307299 27.946636 27.838247 -32767.0 28.153532 28.249645 28.562407 28.782032 28.935572 28.981916 29.149183 29.275234 29.331043 29.393614 29.374044 29.160221 28.990995 29.018282 29.05468 28.920582 29.092064 29.053156 29.03788 28.774103 27.928032 27.746803 27.637058 27.83303 28.121538 28.202032 28.72429 28.87119 29.108046 29.08053
24.818535 25.58183 26.533379 27.166962 26.730772 27.382948 27.426199 27.40997 27.338852 27.316942 27.272192 27.45248 27.462046 27.673199 27.947145 28.164246 28.468813 28.552418 28.72609 28.954079 29.098404 29.163963 29.089684 28.94059 28.613552 28.100292 28.208567 28.251137 28.316175 27.918198 27.995092 28.251331 28.512062 28.689503 28.969673 29.090397 29.220419 29.270239 29.210064 29.297401 29.374146 29.264296 28.91873 28.92716 29.012026 29.021671 29.00602 28.9767 29.062057 29.068933 28.956898 28.469242 27.867474 27.770836 27.785753 28.015188 28.28285 28.816444 28.940033 29.231884 29.102705
25.236448 26.975185 27.201155 27.603113 27.192753 26.932465 27.235987 27.493797 27.731974 27.58706 27.456917 27.372929 27.345839 27.481787 27.790857 28.086823 28.272816 28.706593 29.015226 29.0894 29.332745 29.46983 29.471409 29.225294 28.940588 28.514954 28.064201 28.142859 -32767.0 28.629856 28.47743 -32767.0 28.572138 28.816557 29.00019 29.166584 29.255615 29.31979 29.166864 29.295803 29.262754 29.104149 28.959421 29.012547 29.054714 29.053123 29.058264 29.049982 29.064632 29.036808 28.96821 28.962753 28.077518 27.92652 27.91172 28.102736 28.551405 28.92215 29.028608 29.329397 28.98448
26.069006 26.825842 27.013891 27.337208 27.56692 27.493292 27.499317 27.554188 27.64515 27.828907 27.833586 27.578156 27.552757 27.817673 28.094812 28.331886 28.609344 28.960629 29.035055 29.202906 29.367632 29.46483 29.557503 29.470245 29.263273 28.980007 28.479063 28.060797 28.046755 -32767.0 28.515648 28.553593 28.715078 28.983603 29.132175 29.154518 29.28081 29.326296 29.229149 29.255474 29.190847 29.06667 29.073809 29.082092 29.034828 29.026157 29.070961 29.128008 29.048227 29.09478 28.869314 29.179356 28.338268 28.0196 28.138058 28.491173 28.8369 29.055471 29.205288 29.153563 28.868423
26.286531 26.845356 27.365185 27.156372 27.072952 27.164797 27.446487 27.601898 27.469397 27.582685 27.531595 27.803415 28.056404 28.076298 28.287409 28.468517 28.712671 29.010908 29.02922 29.152397 29.376036 29.502842 29.575626 29.558975 29.418987 29.266113 29.079962 28.76351 28.453331 28.330853 28.50602 28.730198 28.731497 29.056278 29.251617 29.215736 29.337357 29.353321 29.25335 29.135998 29.086422 29.040102 29.050207 29.050316 29.167984 29.114168 29.093325 29.088556 28.972536 29.098179 28.946068 29.209887 28.581034 28.135809 28.496166 28.701998 28.910448 29.16093 29.38417 29.025963 28.840014
27.358587 27.326008 27.41373 27.5721 27.671177 27.359861 27.360128 27.478735 27.61782 27.92774 28.145594 28.250814 28.338892 28.327364 28.6007 28.722782 28.840857 29.076426 29.065498 29.097141 29.423944 29.647352 29.667381 29.587072 29.454996 29.3765 29.305832 28.631979 28.96147 28.356422 28.38685 28.500153 28.603645 29.106836 29.240255 29.177954 29.381102 29.382046 29.25004 29.162893 29.108994 29.045559 29.05586 29.094984 29.159355 29.070675 29.12903 29.192917 29.129066 28.906921 29.010138 29.07008 29.248713 28.96528 29.111132 28.850163 29.014288 29.336771 29.185993 29.110615 28.784351
27.460411 27.501926 27.753544 28.064806 28.092491 27.95065 28.105549 28.114595 28.096182 28.204603 28.410461 28.503992 28.57437 28.484215 28.737099 28.80912 29.00422 29.239285 29.20665 29.137758 29.663748 29.704443 29.802443 29.639462 29.328451 29.384584 29.242756 29.35011 28.803436 28.654938 28.67847 28.799816 29.00097 29.270485 29.200851 29.052305 29.390104 29.45867 29.261673 29.13145 29.14568 29.095406 29.065294 29.202255 29.135813 29.138891 29.057407 28.931055 29.244146 29.291033 29.078066 28.972689 29.099758 29.27027 28.99014 29.003883 29.287092 29.131027 29.04512 28.93648 28.817379
27.508936 27.37296 28.105614 28.430344 28.323868 28.420534 28.498152 28.58642 28.41816 28.497307 28.728981 28.704952 28.696177 28.690966 28.784485 28.865274 28.972301 29.0361 29.17072 29.629604 29.643507 29.651575 29.816414 29.549597 28.984734 29.282482 29.289558 29.310862 29.272089 29.306347 29.281738 29.08039 29.262787 29.255749 28.966808 29.046326 29.143728 29.412096 29.319311 29.252848 29.207497 29.18875 29.092632 29.186518 29.225544 29.249853 29.067804 29.04042 29.141367 29.279995 29.18301 29.046463 29.130426 29.18013 29.09866 29.168058 29.236982 28.996065 28.880287 28.974733 28.875065
27.778671 27.754053 27.66648 27.774284 27.836761 28.29376 28.511944 28.649721 28.712713 28.759583 28.80169 28.753778 28.746449 28.820238 28.843628 28.911705 29.13798 29.45421 29.66369 29.51942 29.588154 29.780777 29.79291 29.05216 28.930296 28.776373 29.057142 29.249083 29.224682 29.186993 29.20948 29.209677 29.310762 28.9456 29.031384 29.17494 29.310074 29.261976 29.258987 29.297918 29.23017 29.138426 29.184307 29.04933 29.125872 29.19401 29.209635 29.123055 28.999638 29.080574 29.12864 29.104195 29.19154 29.149654 29.156914 29.254229 29.105507 29.2795 28.72095 28.944376 28.830635
27.936893 28.02235 27.967403 27.683678 27.83633 28.353388 28.290415 28.553955 28.704472 28.904814 29.020573 28.891418 28.771984 28.761124 28.875278 29.217344 29.583065 29.515217 29.420046 29.292126 29.642906 29.648909 29.046396 28.911089 29.07334 28.891085 29.014654 29.022858 29.086025 29.14561 29.20885 29.123718 28.970995 29.142275 29.128132 29.147823 29.216364 29.31089 29.352339 29.329144 29.26479 29.232605 29.156332 29.260786 29.248798 29.281752 29.16027 29.052427 29.178244 29.136835 29.031425 28.976982 29.022123 29.055628 29.208105 29.193378 29.298277 29.49711 29.328024 28.98803 28.78073
28.480646 28.549921 28.459982 28.14845 28.010468 28.31996 28.527954 28.490856 28.71568 29.046587 29.001282 29.026283 28.958607 29.025057 29.298456 29.582685 29.28668 29.437849 29.12591 29.243217 29.531553 29.139494 28.527779 29.262913 29.148523 29.12026 28.854853 28.862837 29.14171 29.164148 28.983871 29.16054 29.135263 28.93227 28.806368 28.803604 28.90092 29.064915 29.224838 29.294514 29.228264 29.216545 29.147705 29.239208 29.349825 29.322498 29.18039 29.142462 29.184734 29.220768 29.128887 29.10551 29.084864 29.135109 29.101744 29.23866 29.333136 29.38106 29.037565 29.00437 29.047304
28.96451 28.795727 28.501907 28.28547 28.058577 28.846691 28.770193 28.63595 29.001976 29.048492 29.012203 29.040897 29.077984 29.378126 29.455544 29.139902 29.206575 29.105711 28.955093 29.09402 29.308231 28.867023 28.506916 28.998016 -32767.0 28.701721 28.607899 28.672329 28.907309 29.175028 29.194698 28.933538 28.746264 28.715193 28.708168 28.72771 28.80384 28.902912 28.961018 29.05424 29.103956 29.156246 29.095284 29.26704 29.36814 29.196209 29.067753 29.056034 29.112886 29.158764 29.082153 28.972364 29.0825 29.11601 29.149704 29.265812 29.25063 29.098345 29.119846 29.105433 28.948715
29.450132 29.004675 28.728577 28.952509 29.111359 28.94938 28.612003 28.788965 29.112125 29.058815 28.976974 28.773182 29.273716 29.473154 29.248423 29.023819 29.01925 28.857595 28.80436 28.87532 29.013174 28.933393 28.666307 28.519571 28.488771 28.653103 28.662193 28.860594 29.100157 29.201427 28.852966 28.694958 28.658138 28.765663 28.675035 28.609556 28.614614 28.778118 28.85011 28.965483 29.010056 29.115726 29.094065 29.312647 29.226627 28.941416 29.045122 29.105013 29.033056 28.95934 28.999376 28.994192 29.130821 29.0413 29.04094 29.164013 29.227047 29.161625 29.24976 29.308016 28.973171
29.547981 28.865173 28.826513 28.909042 28.981848 28.906406 28.826601 29.357466 29.1415 29.082962 28.852663 29.093304 29.439384 29.305874 29.18022 28.900497 28.935534 28.842054 28.757769 28.83949 28.891127 28.867874 28.864202 -32767.0 28.367105 28.755535 28.734722 29.01581 29.214905 28.934334 28.611467 28.602304 28.782543 28.669195 28.625948 28.682964 28.64519 28.608253 28.77407 28.932154 28.996037 29.049492 29.215038 29.238173 28.96312 29.020054 29.18575 29.309597 29.356274 29.352182 29.26001 29.255919 29.283722 28.973202 29.191082 29.184614 29.252481 29.144323 29.164007 29.26773 29.32815
29.526821 29.321566 29.498348 29.349993 29.201927 29.403038 29.438145 29.291567 29.053726 29.101746 29.14361 29.420013 29.24646 29.087421 28.989002 28.804935 28.873816 28.782646 28.743034 28.835995 28.851007 28.625122 28.618404 28.349049 28.577557 28.726377 28.75505 29.153606 29.115406 28.75004 28.574371 28.744678 28.800589 28.669662 28.766487 28.741865 28.70506 28.659473 28.823908 28.972828 29.067717 29.075518 29.241322 28.96902 29.034992 29.221292 29.272167 29.49859 29.633558 29.499393 29.369802 29.187967 29.263617 29.013134 29.269392 29.212688 29.195623 29.133583 29.238813 29.11907 29.34001
29.485716 29.391247 29.373705 29.352148 29.530712 29.445995 29.37029 29.31768 29.032043 29.166101 29.444183 29.404953 29.284204 29.10884 28.854834 28.660637 28.839823 28.812574 28.9177 28.884031 28.451803 28.124437 28.274446 28.359816 28.64966 28.783497 28.812967 29.203175 29.050499 28.584105 28.623522 28.799412 28.815737 28.733583 28.822819 28.732468 28.720385 28.801977 28.93812 29.025576 29.02312 29.209599 28.982344 29.059301 29.253645 29.164682 29.294996 29.587217 29.707722 29.678602 29.411425 29.219147 29.258219 29.05157 29.201597 29.084833 29.228731 29.253073 29.36907 29.257631 29.421877
29.71393 29.75477 29.685421 29.586279 29.60726 29.620584 29.552502 29.511942 29.286129 29.318455 29.4207 29.338274 29.06457 28.859467 28.71599 28.610443 28.816914 28.782461 28.861898 28.837355 28.716045 27.862207 28.242285 28.612286 28.793968 28.805672 28.749603 29.16569 29.09833 28.525322 28.62032 28.86897 28.87149 28.773691 28.88323 28.866646 28.870554 28.93363 29.023226 29.037807 29.15362 28.964422 29.111189 29.298601 29.169271 29.10998 29.358652 29.535017 29.672209 29.70176 29.495975 29.217813 29.09656 28.934881 29.165052 29.093466 29.179684 29.278938 29.258602 29.457094 29.207369
29.520699 29.465414 29.646618 29.663212 29.525831 29.401398 29.466845 29.51126 29.470922 29.268772 29.15479 29.049347 28.92682 28.727823 28.634064 28.736961 28.900362 28.862259 28.921267 29.341301 -32767.0 28.552803 28.370596 28.558243 28.784534 28.779799 28.695436 29.059725 29.187634 28.55393 28.614147 28.898092 28.963034 28.768389 28.857485 28.8826 28.914158 28.974651 29.023302 29.052536 28.9477 29.192951 29.316956 29.224846 29.055965 29.095028 29.323215 29.488861 29.610834 29.757843 29.5969 29.200394 29.125599 29.033401 29.069063 29.218975 29.188343 29.201483 29.45075 29.185326 29.27174
