static/data/thetao/2023/7/17/6.asc
ncols 137
nrows 93
xllcorner 108.0
yllcorner 17.0
cellsize 0.25
NODATA_value -32767
[rows 54 to 80 of 93, columns 0 to 60 of 137]
-32767.0 -32767.0 -32767.0 -32767.0 -32767.0 -32767.0 -32767.0 -32767.0 -32767.0 -32767.0 -32767.0 -32767.0 -32767.0 -32767.0 -32767.0 -32767.0 -32767.0 -32767.0 -32767.0 -32767.0 -32767.0 -32767.0 -32767.0 -32767.0 -32767.0 -32767.0 -32767.0 -32767.0 -32767.0 -32767.0 -32767.0 -32767.0 -32767.0 -32767.0 -32767.0 -32767.0 -32767.0 -32767.0 -32767.0 -32767.0 -32767.0 -32767.0 -32767.0 -32767.0 -32767.0 -32767.0 -32767.0 -32767.0 28.12681 27.458954 28.532845 29.239353 29.957613 30.21445 30.582317 30.475351 30.4142 29.65936 29.37938 29.396046 29.372715
-32767.0 -32767.0 -32767.0 -32767.0 -32767.0 -32767.0 -32767.0 -32767.0 -32767.0 -32767.0 -32767.0 -32767.0 -32767.0 -32767.0 -32767.0 -32767.0 -32767.0 -32767.0 -32767.0 -32767.0 -32767.0 -32767.0 -32767.0 -32767.0 -32767.0 -32767.0 -32767.0 -32767.0 -32767.0 -32767.0 -32767.0 -32767.0 -32767.0 -32767.0 -32767.0 -32767.0 -32767.0 -32767.0 -32767.0 -32767.0 -32767.0 -32767.0 -32767.0 -32767.0 -32767.0 -32767.0 -32767.0 30.624023 -32767.0 27.941935 28.738213 29.412828 29.912058 30.291422 30.643688 30.374434 29.75625 29.74164 29.72543 29.043146 28.929508
-32767.0 -32767.0 -32767.0 -32767.0 -32767.0 -32767.0 -32767.0 -32767.0 -32767.0 -32767.0 -32767.0 -32767.0 -32767.0 -32767.0 -32767.0 -32767.0 -32767.0 -32767.0 -32767.0 -32767.0 -32767.0 -32767.0 -32767.0 -32767.0 -32767.0 -32767.0 -32767.0 -32767.0 -32767.0 -32767.0 -32767.0 -32767.0 -32767.0 -32767.0 -32767.0 -32767.0 -32767.0 -32767.0 -32767.0 -32767.0 -32767.0 -32767.0 -32767.0 -32767.0 -32767.0 -32767.0 -32767.0 31.028612 26.69624 27.947403 28.926395 29.554592 29.89418 29.964777 30.364925 30.598648 29.511763 29.457138 29.609114 29.971361 29.918339
-32767.0 -32767.0 -32767.0 -32767.0 -32767.0 -32767.0 -32767.0 -32767.0 -32767.0 -32767.0 -32767.0 -32767.0 -32767.0 -32767.0 -32767.0 -32767.0 -32767.0 -32767.0 -32767.0 -32767.0 -32767.0 -32767.0 -32767.0 -32767.0 -32767.0 -32767.0 -32767.0 -32767.0 -32767.0 -32767.0 -32767.0 -32767.0 -32767.0 -32767.0 -32767.0 -32767.0 -32767.0 -32767.0 -32767.0 -32767.0 -32767.0 -32767.0 -32767.0 -32767.0 -32767.0 -32767.0 -32767.0 28.946966 26.696245 27.846992 29.254135 29.7471 30.082823 30.689299 30.282978 29.659863 29.73317 29.76338 30.006708 30.139757 30.24504
-32767.0 -32767.0 -32767.0 -32767.0 -32767.0 -32767.0 -32767.0 -32767.0 -32767.0 -32767.0 -32767.0 -32767.0 -32767.0 -32767.0 -32767.0 -32767.0 -32767.0 -32767.0 -32767.0 -32767.0 -32767.0 -32767.0 -32767.0 -32767.0 -32767.0 -32767.0 -32767.0 -32767.0 -32767.0 -32767.0 -32767.0 -32767.0 -32767.0 -32767.0 -32767.0 -32767.0 -32767.0 -32767.0 -32767.0 -32767.0 -32767.0 -32767.0 -32767.0 -32767.0 -32767.0 31.70364 -32767.0 29.10062 27.699083 28.524897 29.176485 30.198036 30.503826 30.946447 30.355026 30.073727 30.008091 29.96033 29.964346 30.131748 30.485504
-32767.0 -32767.0 -32767.0 -32767.0 -32767.0 -32767.0 -32767.0 -32767.0 -32767.0 -32767.0 -32767.0 -32767.0 -32767.0 -32767.0 -32767.0 -32767.0 -32767.0 -32767.0 -32767.0 -32767.0 -32767.0 -32767.0 -32767.0 -32767.0 -32767.0 -32767.0 -32767.0 -32767.0 -32767.0 -32767.0 -32767.0 -32767.0 -32767.0 -32767.0 -32767.0 -32767.0 -32767.0 -32767.0 -32767.0 -32767.0 -32767.0 -32767.0 -32767.0 -32767.0 -32767.0 -32767.0 29.535858 27.714012 28.520323 29.003561 29.679518 30.345078 30.90162 30.663656 30.282526 30.7555 30.033648 29.950853 29.549206 30.240993 30.67845
-32767.0 -32767.0 -32767.0 -32767.0 -32767.0 -32767.0 -32767.0 -32767.0 -32767.0 -32767.0 -32767.0 -32767.0 -32767.0 -32767.0 -32767.0 -32767.0 -32767.0 -32767.0 -32767.0 -32767.0 -32767.0 -32767.0 -32767.0 -32767.0 -32767.0 -32767.0 -32767.0 -32767.0 -32767.0 -32767.0 -32767.0 -32767.0 -32767.0 -32767.0 -32767.0 -32767.0 -32767.0 -32767.0 -32767.0 -32767.0 -32767.0 -32767.0 -32767.0 -32767.0 29.657877 28.030619 27.702763 28.514664 29.201998 29.95102 30.459051 30.881636 -32767.0 -32767.0 -32767.0 -32767.0 30.05106 29.927935 30.474497 30.257816 30.64238
-32767.0 -32767.0 -32767.0 -32767.0 -32767.0 -32767.0 -32767.0 -32767.0 -32767.0 -32767.0 -32767.0 -32767.0 -32767.0 -32767.0 -32767.0 -32767.0 -32767.0 -32767.0 -32767.0 -32767.0 -32767.0 -32767.0 -32767.0 -32767.0 -32767.0 -32767.0 -32767.0 -32767.0 -32767.0 -32767.0 -32767.0 -32767.0 -32767.0 -32767.0 -32767.0 -32767.0 -32767.0 -32767.0 -32767.0 -32767.0 -32767.0 -32767.0 -32767.0 28.131285 28.272556 28.546597 29.596973 30.390984 30.31608 30.67974 30.686563 31.27658 -32767.0 -32767.0 -32767.0 -32767.0 29.904718 30.852167 31.107365 30.623745 30.578627
-32767.0 -32767.0 -32767.0 -32767.0 -32767.0 -32767.0 -32767.0 -32767.0 -32767.0 -32767.0 -32767.0 -32767.0 -32767.0 -32767.0 -32767.0 -32767.0 -32767.0 -32767.0 -32767.0 -32767.0 -32767.0 -32767.0 -32767.0 -32767.0 -32767.0 -32767.0 -32767.0 -32767.0 -32767.0 -32767.0 -32767.0 -32767.0 -32767.0 -32767.0 -32767.0 -32767.0 -32767.0 -32767.0 -32767.0 -32767.0 -32767.0 31.096476 30.955004 28.98518 27.405369 29.603857 30.876698 31.019102 30.766165 30.404945 31.523787 -32767.0 -32767.0 -32767.0 -32767.0 -32767.0 30.609728 31.092007 30.990627 30.779316 30.111238
-32767.0 -32767.0 -32767.0 -32767.0 -32767.0 -32767.0 -32767.0 -32767.0 -32767.0 -32767.0 -32767.0 -32767.0 -32767.0 -32767.0 -32767.0 -32767.0 -32767.0 -32767.0 -32767.0 -32767.0 -32767.0 -32767.0 -32767.0 -32767.0 -32767.0 -32767.0 -32767.0 -32767.0 -32767.0 -32767.0 -32767.0 -32767.0 -32767.0 -32767.0 -32767.0 -32767.0 -32767.0 -32767.0 -32767.0 -32767.0 -32767.0 28.924816 29.02362 28.790495 27.414495 30.303743 31.309004 31.389902 31.26693 31.161066 32.333103 -32767.0 -32767.0 -32767.0 -32767.0 30.46318 30.854889 30.743027 30.776562 30.971195 30.270359
-32767.0 -32767.0 -32767.0 -32767.0 -32767.0 -32767.0 -32767.0 -32767.0 -32767.0 -32767.0 -32767.0 -32767.0 -32767.0 -32767.0 -32767.0 -32767.0 -32767.0 -32767.0 -32767.0 -32767.0 -32767.0 -32767.0 -32767.0 -32767.0 -32767.0 -32767.0 -32767.0 -32767.0 -32767.0 -32767.0 -32767.0 -32767.0 -32767.0 -32767.0 -32767.0 -32767.0 -32767.0 -32767.0 -32767.0 29.474867 28.536192 28.105812 28.504322 27.929266 28.933365 30.259155 31.177324 31.428211 31.462313 32.10691 -32767.0 -32767.0 -32767.0 -32767.0 -32767.0 30.768444 30.93817 30.94092 30.7996 30.941055 30.371151
-32767.0 -32767.0 -32767.0 -32767.0 -32767.0 -32767.0 -32767.0 -32767.0 -32767.0 -32767.0 -32767.0 -32767.0 -32767.0 -32767.0 -32767.0 -32767.0 -32767.0 -32767.0 -32767.0 -32767.0 -32767.0 -32767.0 -32767.0 -32767.0 -32767.0 -32767.0 -32767.0 -32767.0 -32767.0 -32767.0 -32767.0 -32767.0 -32767.0 -32767.0 -32767.0 -32767.0 -32767.0 -32767.0 26.823545 25.360165 25.092049 25.715912 26.534336 26.437487 30.000402 31.024529 30.975601 31.40026 31.908726 32.62798 -32767.0 -32767.0 -32767.0 -32767.0 -32767.0 30.806887 31.01125 30.956627 30.69123 30.748198 30.537224
-32767.0 -32767.0 -32767.0 -32767.0 -32767.0 -32767.0 -32767.0 -32767.0 -32767.0 -32767.0 -32767.0 -32767.0 -32767.0 -32767.0 -32767.0 -32767.0 -32767.0 -32767.0 -32767.0 -32767.0 -32767.0 -32767.0 -32767.0 -32767.0 -32767.0 -32767.0 -32767.0 -32767.0 -32767.0 -32767.0 -32767.0 -32767.0 -32767.0 -32767.0 -32767.0 -32767.0 26.647278 25.324087 25.469652 26.761509 26.837875 27.266994 26.619246 28.475653 30.388205 30.988817 -32767.0 31.570028 31.428947 -32767.0 -32767.0 -32767.0 -32767.0 -32767.0 30.569948 30.846611 30.75154 31.029902 30.729921 30.59668 30.824373
-32767.0 -32767.0 -32767.0 -32767.0 -32767.0 -32767.0 -32767.0 -32767.0 -32767.0 -32767.0 -32767.0 -32767.0 -32767.0 -32767.0 -32767.0 -32767.0 -32767.0 -32767.0 -32767.0 -32767.0 -32767.0 -32767.0 -32767.0 -32767.0 -32767.0 -32767.0 -32767.0 -32767.0 -32767.0 -32767.0 -32767.0 -32767.0 -32767.0 -32767.0 -32767.0 26.120594 26.432724 27.089283 27.722 28.841997 28.181423 27.631155 28.824722 29.693497 29.861685 30.93837 -32767.0 31.1536 31.263577 -32767.0 -32767.0 -32767.0 -32767.0 -32767.0 30.776518 30.872957 31.116838 30.854795 30.610641 30.568172 30.871374
-32767.0 -32767.0 -32767.0 -32767.0 -32767.0 -32767.0 -32767.0 -32767.0 -32767.0 -32767.0 -32767.0 -32767.0 -32767.0 -32767.0 -32767.0 -32767.0 -32767.0 -32767.0 -32767.0 -32767.0 -32767.0 -32767.0 -32767.0 -32767.0 -32767.0 -32767.0 -32767.0 -32767.0 -32767.0 -32767.0 -32767.0 -32767.0 -32767.0 -32767.0 -32767.0 27.098406 27.221981 28.511997 28.930494 29.455357 28.980228 28.855595 29.383018 29.685867 29.196877 29.652105 30.752718 30.866095 31.027561 -32767.0 -32767.0 -32767.0 -32767.0 -32767.0 30.974041 31.215818 30.540632 30.781778 30.546864 30.501326 30.771168
-32767.0 -32767.0 -32767.0 -32767.0 -32767.0 -32767.0 -32767.0 -32767.0 -32767.0 -32767.0 -32767.0 -32767.0 -32767.0 -32767.0 -32767.0 -32767.0 -32767.0 -32767.0 -32767.0 -32767.0 -32767.0 -32767.0 -32767.0 -32767.0 -32767.0 -32767.0 -32767.0 31.451345 -32767.0 28.284573 -32767.0 27.204952 26.75397 26.827873 27.534367 28.179502 28.693153 29.408873 29.703022 29.761074 29.50234 30.255661 30.392073 29.147959 29.744328 30.146135 30.305094 30.471745 30.686357 -32767.0 -32767.0 -32767.0 -32767.0 30.65537 30.92575 31.386488 31.103243 30.699171 30.492678 30.48757 30.728838
-32767.0 -32767.0 -32767.0 -32767.0 -32767.0 -32767.0 -32767.0 -32767.0 -32767.0 -32767.0 -32767.0 -32767.0 -32767.0 -32767.0 -32767.0 -32767.0 -32767.0 -32767.0 -32767.0 -32767.0 -32767.0 -32767.0 -32767.0 31.85097 -32767.0 -32767.0 26.472076 26.038076 26.676294 27.049278 28.016356 28.338282 28.687414 28.96201 29.493732 29.704098 29.940184 29.885967 30.09113 30.04487 30.096745 30.141747 30.111282 30.117739 30.115395 29.992567 30.173437 30.403908 30.425194 30.727058 -32767.0 -32767.0 30.234129 31.03001 31.138084 31.277407 30.649513 30.698503 30.44285 30.544891 30.639439
-32767.0 -32767.0 -32767.0 -32767.0 -32767.0 -32767.0 -32767.0 -32767.0 -32767.0 -32767.0 -32767.0 -32767.0 -32767.0 -32767.0 -32767.0 -32767.0 -32767.0 -32767.0 -32767.0 -32767.0 -32767.0 -32767.0 -32767.0 30.353743 29.146275 26.7816 27.368484 28.193808 29.147333 29.669134 29.635834 29.646383 29.500088 29.565826 29.549366 29.596851 29.668402 29.765285 29.923143 29.887245 29.953054 29.918886 29.837519 29.897177 29.979576 30.02722 30.065996 30.150785 30.259613 30.392864 30.62357 -32767.0 30.258528 30.682854 30.497807 30.679497 30.788906 30.67297 30.335047 30.520294 30.426702
-32767.0 -32767.0 -32767.0 -32767.0 -32767.0 -32767.0 -32767.0 -32767.0 -32767.0 -32767.0 -32767.0 -32767.0 -32767.0 -32767.0 -32767.0 -32767.0 -32767.0 -32767.0 -32767.0 -32767.0 31.840158 31.603605 29.622768 26.826876 26.734653 -32767.0 28.943117 28.680668 28.886534 29.207607 29.507225 29.603237 29.62227 29.689386 29.604559 29.637571 29.673094 29.683037 29.741858 29.761608 29.730116 29.670849 29.754913 29.850718 29.909697 30.075994 30.21897 30.436983 30.391558 30.420137 30.530455 -32767.0 30.713337 30.534931 30.470762 30.523848 30.688623 30.73954 30.27928 30.316978 30.452164
-32767.0 -32767.0 32.88888 -32767.0 -32767.0 -32767.0 -32767.0 -32767.0 -32767.0 -32767.0 -32767.0 -32767.0 -32767.0 -32767.0 -32767.0 -32767.0 31.799465 -32767.0 30.814026 28.756186 28.411814 27.178213 26.864052 27.363111 28.071629 27.900917 27.991962 28.273472 28.726622 29.09246 29.27929 29.559805 29.613153 29.52692 29.49368 29.539047 29.520065 29.477333 29.41709 29.42583 29.58425 29.684093 29.73578 29.866169 30.001314 30.274178 30.263945 29.963078 29.971727 30.203915 30.56468 30.436428 30.301374 30.395647 30.62267 30.580734 30.654215 30.48126 30.324423 30.28827 30.535263
-32767.0 32.386448 32.3455 32.45697 32.74603 -32767.0 33.04912 32.828262 -32767.0 -32767.0 -32767.0 -32767.0 -32767.0 31.717735 29.577425 28.645958 28.252777 28.741592 27.301428 26.538626 26.910275 27.09154 27.174646 26.997046 27.462206 27.642626 27.864037 28.156479 28.675463 28.957922 29.117899 29.339409 29.400982 29.344732 29.391148 29.38608 29.238916 29.307198 29.355993 29.592897 29.694881 29.616524 29.79316 29.778952 29.875977 29.900034 29.847855 29.757032 30.054893 30.138193 30.168459 30.247677 30.14829 30.184597 30.61594 30.647797 30.446997 30.096008 30.503252 30.295294 30.54302
31.960117 30.590458 30.864698 31.23311 31.587934 32.218807 32.57031 32.887455 -32767.0 -32767.0 -32767.0 31.123001 29.363625 27.112497 27.027996 26.394907 26.98122 26.212791 25.934467 26.150995 27.128069 26.888298 27.435085 27.036732 27.229836 27.849644 28.230694 28.44632 28.577797 28.858086 29.08573 29.05667 29.090168 29.254692 29.180965 29.166002 29.100592 29.402493 29.629406 29.848785 29.632666 29.608688 29.818321 29.858002 29.83078 30.023668 30.039183 29.836815 29.925074 30.122967 30.157434 30.252909 30.022585 30.218142 30.510105 30.482367 29.921553 29.834955 30.204556 30.369354 30.381794
31.20115 31.21446 31.282434 30.923717 30.969868 31.316679 32.44284 -32767.0 -32767.0 32.048046 -32767.0 28.452848 27.775993 27.514149 27.33653 26.94879 27.110958 27.005556 27.086803 26.877151 26.499153 26.590218 27.362558 27.848534 27.962479 28.39468 28.337744 28.358852 28.653656 28.780478 28.760386 28.894945 28.886232 28.938383 28.873846 29.12665 29.030682 29.156452 29.59494 29.629292 29.54671 29.588617 29.713306 29.853476 29.887033 29.952694 29.929615 29.915627 29.893677 30.033533 29.955027 30.060246 30.07074 30.261127 30.483578 30.226442 29.692059 30.059849 30.253853 30.152615 29.795822
31.348402 31.069185 31.19816 31.238483 30.854225 31.346561 32.09202 32.796116 -32767.0 -32767.0 31.112865 27.794386 28.196129 27.963055 27.339384 26.983055 26.916845 26.239126 25.81151 26.389412 27.207153 28.026115 28.624485 28.580502 28.751688 28.141302 28.15442 28.363897 28.541254 28.475294 28.627466 28.67152 28.716047 28.689816 28.98359 29.514404 29.10113 28.987593 29.3396 29.430103 29.321777 29.44093 29.573572 29.661242 29.58341 29.508102 29.568737 29.809475 29.958025 29.927246 29.722904 29.72418 29.903492 30.028217 30.38983 30.31902 30.088392 30.318771 30.306108 30.171349 30.093615
30.98656 30.811447 30.949532 31.12147 31.005611 31.070711 31.49669 32.31146 -32767.0 -32767.0 31.309454 28.783436 28.133827 27.591686 26.253603 25.57166 25.337435 24.83769 25.864538 26.888454 27.474306 28.457773 28.99081 28.600342 28.43378 27.975431 28.001816 28.437866 28.336432 28.296501 28.657892 28.778961 28.701763 28.594814 28.892794 29.027763 28.919535 28.875341 29.161345 29.225458 29.161184 29.25263 29.333572 29.406752 29.467678 29.530327 29.599274 29.687878 29.652372 29.642616 29.91212 29.609022 29.804243 30.033432 29.863016 30.212318 -32767.0 30.625149 30.593588 30.295368 30.04861
31.015127 30.708921 30.800442 31.0284 31.087967 31.023306 31.339987 31.726171 31.739 31.543816 31.242428 30.785484 28.685308 26.998049 25.219286 23.783518 23.771994 24.653934 26.031147 27.07957 27.723595 28.394505 28.711315 28.475536 28.221693 28.02471 28.050594 28.390385 28.382647 28.449495 28.67547 28.879017 28.776611 28.619246 28.775343 28.763351 28.759684 29.003885 29.177958 29.274498 29.342733 29.300722 29.335426 29.347872 29.311714 29.28257 29.581234 29.693144 29.682835 29.467081 29.851305 29.83204 30.126337 29.838034 30.076563 30.212254 30.25227 30.37621 30.390417 30.258041 30.11882
30.768068 30.711817 30.589144 30.933435 31.251894 31.38679 31.67482 31.958298 31.790644 -32767.0 -32767.0 -32767.0 29.93174 26.061619 24.75522 24.951168 25.252829 26.00688 27.004534 28.672262 29.1541 28.761883 28.551207 28.584936 28.095778 27.838139 28.37195 28.59649 28.721615 28.722864 28.649921 28.696083 28.79471 28.664772 28.592327 28.817266 28.816818 29.019234 29.195368 29.27989 29.335276 29.275839 29.325762 29.359081 29.244904 29.317188 29.685335 29.644852 29.355589 29.479443 29.717978 30.001093 30.054434 30.13001 30.173353 30.235218 29.749876 30.141275 30.321522 30.290663 30.1445
