static/data/seaWater_uo/2023/8/1/0.asc
ncols 137
nrows 93
xllcorner 108.0
yllcorner 17.0
cellsize 0.25
NODATA_value -32767
[rows 25 to 49 of 93, columns 58 to 115 of 137]
-0.119262986 -0.048876833 0.001743423 0.03288791 0.035497103 -0.06064934 -0.11277707 -0.09494134 -0.082455166 -0.049989615 0.008448722 0.05248396 0.065878935 0.092783935 0.12851366 0.18405448 0.23993905 0.28243685 0.29774785 0.27406815 0.28640878 0.3887691 0.5160205 0.6052084 0.5982036 0.52047294 0.50680023 0.42553678 0.17894888 -32767.0 -0.17831858 -0.046524223 -32767.0 -32767.0 0.0066189296 -0.002338513 0.08303107 -0.016056484 -0.025719643 0.00014948903 -0.07468682 -32767.0 -32767.0 -32767.0 -32767.0 -32767.0 -32767.0 -32767.0 -32767.0 -0.030122984 -0.0055718087 -0.07557941 -32767.0 -32767.0 -0.007816768 -0.12899075 -0.34950995 -0.3934136
-0.13765411 -0.09445478 -0.007812882 0.007154538 -0.004459408 -0.037876222 -0.055387095 -0.10303942 -0.09963755 -0.1033811 -0.003704127 0.090737395 0.23460412 0.2256835 0.19027328 0.13457951 -32767.0 -32767.0 -0.02237805 0.062111184 0.31457332 0.44088283 0.4510582 0.457515 0.40040725 0.3632744 0.26278993 0.16219962 0.046927672 -0.0109191425 0.005933161 -32767.0 -32767.0 -32767.0 -32767.0 -32767.0 -32767.0 0.011080261 0.07048926 0.11493423 -32767.0 -32767.0 -32767.0 -32767.0 -32767.0 -0.084930874 -32767.0 -0.0749515 -0.2638765 -0.17498827 -0.1915115 -0.21938057 -0.017429339 -32767.0 -0.10864183 -0.32059044 -0.34110332 -0.37537572
-0.16439003 -0.14005171 -0.085870184 -0.07036389 -0.041016906 -0.024566118 -0.022841802 -0.124891855 -0.10386981 -0.10356181 -0.04131701 -0.012140557 0.028455708 0.08105001 0.040206134 -32767.0 -32767.0 -0.012768061 0.045551397 0.16736434 0.18254119 0.25557208 0.24083151 0.25200525 0.21325068 0.15593904 0.0604893 0.028972702 -32767.0 -32767.0 -32767.0 -32767.0 -32767.0 -32767.0 -32767.0 -32767.0 -32767.0 0.0066653234 0.045219455 0.007955377 -32767.0 -32767.0 -32767.0 -0.036497835 0.02160765 0.0963924 -0.00048183498 -0.079206236 0.07197285 0.020375067 -0.096398704 -0.15514329 -0.21177614 -0.3083192 -0.3612713 -0.28857887 -0.23043111 -0.15173332
-0.25492197 -0.11200371 -0.09296475 -0.078743465 -0.024313528 -0.013322858 0.01747103 -0.034156613 -0.11032969 -0.12080939 -0.052204903 0.00018453994 0.02639214 0.112948276 0.14119752 0.09000019 0.020758182 0.10321631 0.2477622 0.19063227 0.14564839 0.1241059 0.095796525 0.051911343 0.04776177 -0.013882553 -32767.0 -0.028742362 0.04081532 -32767.0 -32767.0 -0.038782142 -32767.0 -32767.0 -32767.0 -32767.0 -32767.0 -32767.0 0.08683245 0.03154284 -32767.0 -32767.0 -0.07586587 -0.05048438 0.1299013 0.22305393 0.31061047 0.35553363 0.34325957 0.33505765 0.2314095 -0.17452787 -0.3152393 -0.30327284 -0.25759423 -0.22008087 -0.1616899 -0.047497153
-0.12871912 -0.11701371 -0.09127253 -0.08790982 -0.06300393 0.093036436 0.05391118 0.023695253 0.030758752 0.04525149 0.033573046 0.06940963 0.0020577072 0.08431138 0.077797174 0.17659198 0.19990437 0.18369293 0.1892994 0.11599831 0.14130008 0.06302626 -0.05262414 -0.068887345 -0.01821219 -32767.0 -0.035755534 -0.070314415 -0.22587867 -0.26331306 -0.073744476 -32767.0 -0.03973808 -32767.0 -32767.0 -32767.0 -32767.0 -32767.0 -0.018369835 -0.2717509 -0.10190046 0.22045034 0.44909018 0.49396604 0.4995673 0.56911886 0.65242535 0.67372733 0.60121673 0.5488306 0.3266469 -0.069302395 -0.21203451 -0.14983533 -0.064985596 6.253924e-05 -0.06499439 -0.09586641
-0.26278174 -0.20620826 -0.15590005 -0.117321216 -0.07853788 -0.08948036 -0.024577847 0.025861897 0.12055739 0.1768604 0.21270198 0.17241865 0.09753033 0.054261893 0.052378047 0.07090925 0.0781174 0.06012118 0.068008654 0.08277664 0.0563876 0.02405807 -0.08693498 -0.11915441 0.14238343 0.27949905 -0.015329781 0.10122777 0.0918308 -0.05946906 -0.065200604 -0.1614301 -0.02179002 -32767.0 -32767.0 -32767.0 -32767.0 -0.019514428 -0.029665606 -0.22875653 -0.0014892207 0.1474764 0.24275617 0.3105654 0.4241904 0.61918986 0.7970237 0.8807404 0.814602 0.7440664 0.6165181 0.35826245 0.002034016 -0.010434082 0.08207321 0.039458025 -0.07119032 -0.17542763
-0.19074377 -0.118924774 -0.05872975 -0.097436816 -0.0655203 -0.09321463 -0.027856642 0.061828524 0.13450134 0.17927776 0.19049907 0.14931622 0.086299255 0.056047726 0.0731836 0.03168148 0.03694256 -0.0021932875 0.026775794 0.006475093 -0.09846383 -0.14497632 -0.104058646 -0.058497433 0.05770057 0.13416217 0.1953189 0.2972759 0.29937604 0.22812736 -0.12013709 -0.18815506 -0.13956864 -32767.0 -32767.0 -32767.0 -32767.0 0.0152025735 -0.057321355 -0.16293125 -0.051484086 0.04620313 0.15567856 0.3674236 0.6179208 0.8259531 1.034522 1.1874329 1.0382262 0.87984294 0.81376743 0.77520066 0.52614856 0.23421702 0.20250033 0.0503213 0.04066822 -0.038821407
0.030072568 -0.03458432 -0.015360884 -0.09291446 -0.18085739 -0.17971459 -0.011226009 -0.007935637 -0.028187832 0.058957845 0.10155239 0.21030009 0.14734511 0.09455551 0.0682711 0.053945865 0.049941882 -0.013586267 -0.051462278 -0.07726831 -0.16448958 -0.20703924 -0.14157495 -0.11143277 -0.09162062 -0.048726596 0.04096321 0.11652393 0.057115737 0.059475474 -0.06382337 -32767.0 -32767.0 -32767.0 -32767.0 -32767.0 -0.0067959675 -0.1691098 -0.04241862 0.13993332 0.069762126 0.1277864 0.32944125 0.62078774 0.81914455 0.8360433 0.8556454 0.90275747 0.991771 0.9111148 0.8610926 0.89437956 0.86154884 0.60521847 0.29688373 0.23282889 0.16247155 0.07899281
-0.06981721 0.11374826 0.116782784 0.050423123 0.050100178 -0.11366164 -0.12488259 0.007929871 0.14663686 0.1311127 0.017537309 0.061303522 0.08174312 0.071899526 0.039677545 -0.02302168 -0.07964838 -0.02774502 -0.046071634 -0.07280683 -0.059853084 -0.08259392 -0.112804964 -0.19036958 -0.1033234 -0.020205688 -0.01964049 -0.040079616 -0.15332189 0.007711653 0.0026116672 -32767.0 -32767.0 -32767.0 -32767.0 -32767.0 -0.049641587 0.065593585 0.20091295 0.11191142 0.004114799 0.08917732 0.36741364 0.46042204 0.51362693 0.6291696 0.5284042 0.40628743 0.4915651 0.653742 0.7358788 0.81983924 0.92302644 0.8856259 0.5583989 0.345401 0.25490698 0.1386273
0.06978375 0.004582274 0.051163785 0.10083353 0.044635683 0.009731424 -0.015599509 -0.09351345 -0.09983182 -0.088270664 -0.1250394 -0.06305451 -0.030644737 -0.015197317 -0.06479943 -0.07655792 -0.036192745 -0.010747585 -0.049696136 0.12732598 0.09224433 -0.05993311 -0.114413045 -0.15200113 -0.17113648 -0.09814704 -0.13707092 -0.17539561 -0.1647172 -0.1413797 -0.13946567 -0.085615516 -32767.0 -0.03720435 -32767.0 -32767.0 0.2532601 0.38737315 0.015998717 -0.18273951 -0.076481 0.2818941 0.51468265 0.6169443 0.65842927 0.52559644 0.3546043 0.31025463 0.3294639 0.46544814 0.7063279 0.90551984 0.9568116 0.8897814 0.8248386 0.54574585 0.34543172 0.31958556
0.014558041 -0.15052238 -0.09777612 0.0670197 0.1277877 0.11311773 0.0434433 -0.06513952 -0.1982013 -0.32334965 -0.19623108 -0.06845985 -0.031148957 -0.047567707 -0.045078088 0.004910494 0.0025925147 -0.005339497 0.07074606 0.09025457 0.018150717 -0.06370482 -0.14233011 -0.16273123 -0.18204185 -0.12596537 -0.15933812 -0.20220123 -0.04516204 0.09067728 0.31258062 0.20463231 0.18490106 0.095089406 -32767.0 -0.06765269 -0.3755971 -0.11926736 -0.043761842 -0.15209438 0.109051794 0.3896144 0.4333263 0.36885363 0.34885296 0.27443588 0.20212169 0.22541721 0.27048448 0.40324733 0.6476148 0.8911028 0.9522357 0.8201926 0.79289925 0.85898495 0.7298076 0.57363075
-0.047523104 0.04444078 -0.03584901 -0.029625079 0.05305846 0.13751107 0.16406636 0.01182945 0.003756786 -0.08070293 -0.16291559 -0.15113509 -0.033523116 -0.0159516 -0.013087041 0.017934611 0.009073393 -0.10941781 -0.12290812 -0.091385245 -0.055438902 -0.080457345 -0.114924505 -0.100407004 -0.13129869 -0.1286873 -0.036147043 0.04572566 0.089688696 0.18756574 0.23029897 0.20879447 0.27765512 -32767.0 0.70154864 0.70154077 0.5885398 -0.08245929 0.20538497 0.6300688 0.7480716 0.59483534 0.3839461 0.2527399 0.15583046 0.0629021 0.098766714 0.10952454 0.13216466 0.21100025 0.19343849 0.27195027 0.37846506 0.5420266 0.7100749 0.85096854 1.0009463 1.004968
0.027201569 0.10524629 0.12276416 0.098442525 0.101595476 0.11799296 0.18634091 0.14044818 0.116358615 -0.018188031 -0.1919645 -0.11064176 -0.044054843 -0.042424064 0.006716119 -0.020928942 -0.038312007 -0.076373816 -0.037393246 0.0023150425 -0.07412772 -0.04082637 -0.022476375 0.0012562975 0.017577194 0.022402225 -0.023799345 -0.009313203 0.02422776 0.036459304 -0.02806039 0.012744354 -0.08135492 0.11710579 0.18854098 -0.014571009 0.07534512 0.25161678 0.5153853 0.8324765 0.8050599 0.58032566 0.47658056 0.33608952 0.14779218 0.02315599 -0.055149447 -0.03802162 -0.041684214 0.027044881 0.0076698237 -0.07042771 0.07302113 0.39603525 0.5956786 0.69210935 0.75942415 0.82511896
-0.05948312 -0.07752716 0.01292787 0.10996181 0.09203185 0.12872103 0.14683157 0.12217711 0.09534284 0.08291183 0.016086599 -0.03243766 -0.04650952 -0.036052708 -0.012345677 0.016675519 0.059680935 0.12855281 0.1077375 0.030111156 -0.0040117516 0.022180337 0.061312612 0.1796734 0.27741566 0.3105754 0.22045271 0.061358545 -0.068516165 -0.08909809 -0.10054715 -32767.0 0.08660128 0.023060234 -32767.0 -0.006242276 0.20144147 0.643649 0.7219371 0.670888 0.67325956 0.6426351 0.5158251 0.30531105 0.10634408 -0.06745147 -0.1529556 -0.12442494 -0.18413438 -0.21521407 -0.18355355 -0.06813335 0.089599 0.28894857 0.4533104 0.5302053 0.56164604 0.5739709
-32767.0 0.1123693 0.19855852 0.11550243 0.08238154 0.035289153 0.069374725 0.16544066 0.09147369 0.10565483 0.16555032 0.09366736 0.088946074 0.074017994 0.029068533 0.016606083 0.035180986 0.07415955 0.09729133 0.063464314 0.13411887 0.22726704 0.47048518 0.70124704 0.8530173 0.8026858 0.7073931 0.5141619 0.33448187 0.3068281 0.35618845 0.3570227 -32767.0 0.21720499 0.35159433 0.8156015 0.8692418 0.68021506 0.6219954 0.6288755 0.5752576 0.5017954 0.3248016 0.15488456 -0.015217191 -0.1167327 -0.20235178 -0.21797708 -0.26236212 -0.27404627 -0.29109403 -0.24826655 -0.1898813 -0.10676414 0.0023283088 0.10382071 0.1929918 0.23451118
-0.032043226 0.13545825 0.19143873 0.19842418 0.16540577 0.06376122 -0.045087695 0.051551636 0.18368919 0.17457132 0.1499697 0.18559884 0.22049674 0.15301286 0.17136903 0.19924583 0.1589783 0.13328694 0.11944414 0.123668104 0.2537353 0.494981 0.66791886 0.6042182 0.5859389 0.64032483 0.7356088 0.69544965 0.63560724 0.5775332 0.08271934 0.11199228 0.16269699 0.3673182 0.5051488 0.56244546 0.5612945 0.54691505 0.49688777 0.4739518 0.33304697 0.16144975 -0.018198336 -0.1119571 -0.10166328 -0.09778243 -0.09257936 -0.09442318 -0.09054495 -0.0868161 -0.07864029 -0.07029765 -0.021997456 0.022220973 0.009045408 -0.01489206 0.011128063 0.04404682
-0.048557516 -0.005201633 -0.06788098 0.013470685 0.20639418 0.32725957 0.22216886 0.013638573 0.03176627 0.084714726 0.03655986 0.054709475 0.092140354 0.13237551 0.15885772 0.15621214 0.124293305 0.07760727 0.09597937 0.15641001 0.3757763 0.49266565 0.46645954 0.45286664 0.36288565 0.376515 0.4310094 0.49424246 0.5700858 0.5896542 0.055065844 0.03427903 0.17224504 0.42392385 0.41676733 0.431559 0.46651337 0.44712305 0.44202793 0.30392826 0.13374446 -0.08973378 -0.19268258 -0.11679786 -0.12850866 -0.15464632 -0.021474484 0.061630107 0.07776947 0.06768047 0.021923192 -0.003507479 0.043748546 0.11877829 0.15581194 0.11231116 0.026605165 0.05659372
-0.08914805 -0.063150525 0.17748414 0.2214025 0.1652842 0.2182977 0.28068188 0.30079556 0.21455348 0.0847818 0.060006067 0.008654985 0.107443355 0.16936857 0.12793392 0.066999026 0.06131185 0.06641669 0.04631105 0.15637057 0.284922 0.31212664 0.3048611 0.21071072 0.23388383 0.2959696 0.34072173 0.34983018 0.40480727 0.54388005 0.114137456 0.380622 0.27377692 0.34638909 0.35476494 0.36788225 0.44936422 0.41653347 0.29877657 0.1756885 0.08560696 -0.007759653 -0.087155715 -0.123747595 -0.20506775 -0.07315533 -0.06539137 -0.0437928 0.0149086425 0.07256287 0.10538821 0.060110405 0.031057734 0.08053272 0.11322008 0.10700747 0.095622234 0.05569905
-0.040133137 0.089778356 0.21350004 0.27805915 0.14245191 -0.0017097587 0.09489649 0.16238031 0.19367631 0.13897297 0.058131367 0.12753494 0.16318648 0.08590786 0.11762408 0.12828848 0.049154434 -0.03183206 -0.031300303 0.07688879 0.16562587 0.20640235 0.15193234 0.030629158 0.03328187 0.13365199 0.21335945 0.2816516 0.40434095 0.34719655 0.30876347 0.3753019 0.36843145 0.4306723 0.47929806 0.45439336 0.37680316 0.31118432 0.2685828 0.20308183 0.12051405 0.03698083 -0.07883556 -0.15896684 -0.16701683 -0.10851624 -0.16485825 -0.1935694 -0.14207633 0.01989154 0.21650441 0.21923079 0.07039466 0.0008463109 0.007956449 0.055011973 0.042110797 -0.008471076
0.15638588 0.22183445 0.24670982 0.16723141 0.05001145 -0.050692495 -0.11320381 -0.060370944 0.0245626 0.084300846 0.12796119 0.12579305 0.08419548 0.05563867 0.061455645 0.032110948 -0.05411027 -0.03790106 -0.050657425 0.049174804 0.13717207 0.17902906 0.11219855 -0.021217672 -0.18800059 -0.13384655 0.032937095 0.18464856 0.007952291 0.21972767 0.43373623 0.52587146 0.53319657 0.42949295 0.34071666 0.38364255 0.40676847 0.37742496 0.3089214 0.22143552 0.12482032 -0.017360732 -0.096873485 -0.12992267 -0.105958164 -0.106105566 -0.12734565 -0.086269654 -0.037903693 0.019857751 0.21146803 0.21317905 0.061236802 -0.031861886 -0.062692106 -0.05715241 -0.057810742 -0.042641085
0.100165784 0.19254427 0.14225389 0.018869039 -0.0018945435 -0.09504124 -0.18238935 -0.2155492 -0.117546506 -0.0028679112 0.004030677 -0.05013983 -0.06467467 -0.06334342 -0.044681355 -0.11269723 -0.092943124 -0.054791413 0.07314985 0.26724362 0.2765636 0.1904554 0.12962742 0.10267827 -0.1469515 -0.23810315 -0.2616206 -0.16071866 -0.04127529 -0.077513 0.07890182 0.1285335 0.13783967 0.25615197 0.41242296 0.4269526 0.38118905 0.3367213 0.26803008 0.19812611 0.12645432 -6.5210945e-05 -0.10535537 -0.09770616 -0.08585727 -0.18586238 -0.10761544 0.055130515 0.16201092 0.23284426 0.242455 0.19017576 0.05166473 -0.032023944 -0.07077771 -0.1345357 -0.14393876 -0.109501936
0.138383 0.122804694 0.036825195 -0.051368933 -0.0872518 -0.06781389 -0.13922034 -0.051710874 -0.09424388 -0.11491511 -0.06796026 -0.14480543 -0.0967113 -0.114282206 -0.12783454 -0.07013818 -0.032966904 0.10176854 0.4542825 0.5157312 0.29792106 0.16578227 0.083173014 0.06328257 0.06821991 -0.11781447 -0.15522468 -0.30619013 -0.18040848 -0.06050874 -0.05736372 0.03872497 0.2437921 0.3885193 0.4089678 0.4022001 0.3561127 0.2787098 0.20928484 0.15407424 0.1059218 -0.007382026 -0.12645371 -0.13889495 -0.18698381 -0.17653555 -0.06989106 0.019836295 0.18776515 0.11461296 0.08445461 0.033233248 -0.006852963 -0.045494065 -0.1497127 -0.22181094 -0.23292686 -0.16529389
0.2562084 0.0885146 0.017657036 -0.042617355 -0.052624 0.0006114241 0.08592197 0.08855371 0.071333975 0.0052318205 0.0199044 -0.034140103 -0.11249504 -0.09637701 -0.04820418 0.03357923 0.2128585 0.5978318 0.60303324 0.33140308 0.12627971 0.09962163 -0.01794349 -0.06308104 -0.020409048 -0.08290019 -0.034512747 -32767.0 -0.006950778 -0.026514335 0.12116712 0.27406943 0.4295704 0.46265498 0.43232426 0.42135257 0.4087919 0.28630516 0.15328929 0.11212514 0.06238194 -0.022939306 -0.14159141 -0.19049 -0.20162386 -0.17578152 -0.16741928 -0.028786728 -0.1385275 -0.17234941 -0.2086087 -0.18919778 -0.136936 -0.15177453 -0.22933288 -0.3117742 -0.2752781 -0.23198491
0.16773349 0.099956 -0.017285781 -0.056915246 0.10043528 0.23658751 0.30407524 0.123955056 -0.0038673957 0.082019016 0.10097409 0.041628707 -0.015525943 -0.026591286 0.0229731 0.34566006 0.6231336 0.49968687 0.29774505 0.123332866 0.10386302 -0.041438263 -0.07880301 -0.13534258 -0.21900141 -0.20735335 -0.3832524 -0.4968849 -0.023403123 0.15167145 0.35049942 0.42401266 0.44145 0.48194256 0.47461167 0.41633204 0.35407332 0.26373175 0.14917038 0.09997775 0.024288507 -0.08127336 -0.14972393 -0.16354749 -0.13415188 -0.1559066 -0.12711184 -0.19445238 -0.2944747 -0.34850967 -0.3655401 -0.35441145 -0.3249666 -0.3482376 -0.42773518 -0.3395602 -0.21259551 -0.27039722
0.06635108 0.04357021 0.026657471 0.07538452 0.08777366 0.09571176 0.08159629 0.056664668 0.076593794 0.014255281 -0.020132277 -0.05033896 -0.09650181 0.006309222 0.22466998 0.4065519 0.3687976 0.26190317 0.12646283 0.042224567 -0.08388873 -0.2226306 -0.33287165 -0.42863685 -0.31317103 -0.21965048 -32767.0 -0.026979264 0.15621774 0.22435783 0.24424696 0.29105636 0.3502695 0.33889094 0.308886 0.23680131 0.17909075 0.15383855 0.12150146 0.07605617 -0.07902534 -0.095301986 -0.109786734 -0.1469197 -0.12910381 -0.06711995 -0.005578741 -0.20832586 -0.35183325 -0.39179376 -0.47445455 -0.5306949 -0.5591038 -0.54134303 -0.37593016 -0.17211124 -0.14360565 -0.15644887
