static/data/seaWater_vo/2023/7/11/0.asc
ncols 137
nrows 93
xllcorner 108.0
yllcorner 17.0
cellsize 0.25
NODATA_value -32767
[rows 52 to 77 of 93, columns 58 to 115 of 137]
0.38419086 0.22577359 -0.00938187 0.043449756 0.12448271 0.08124346 0.116471566 0.15896468 0.110495955 0.11807796 0.0919447 0.10768936 0.5518764 0.36157152 0.7365111 1.0092773 0.7895677 0.38681656 0.4036134 0.2883021 0.086851634 0.08955899 0.090001024 -0.10399544 -0.13106401 -0.2368639 0.1909469 0.26842 0.09217496 0.3169404 0.40591133 0.35947105 0.363251 0.46233514 0.41917914 0.3522915 0.29891506 0.29621232 0.17050469 0.040307608 -0.06814377 -0.0992412 -0.25096723 -0.44239876 -0.5357699 -0.47615513 -0.1401548 -0.13469811 0.08409578 0.31366012 0.3069348 0.45874533 0.49695316 0.2567526 0.040878527 -0.13417813 -0.25950068 0.05571342
0.23932552 0.106065646 0.015023423 -0.09594393 0.071144655 0.20440246 0.23409353 0.17100623 0.06534155 0.103942886 0.16697673 0.36086124 0.31512952 0.60929555 1.0063572 0.9105722 0.5277408 0.22298506 0.11732109 0.22949992 0.1502256 0.16483918 0.07256271 -32767.0 -0.14797035 -0.11075887 0.060293075 0.14608528 0.061248768 0.37506995 0.54082817 0.39261165 0.38903993 0.45358327 0.38947135 0.29741085 0.20336258 0.13207877 0.016141875 -0.071578816 -0.16972019 -0.30371323 -0.4317317 -0.50942993 -0.41042152 -0.25331268 -0.28649917 -0.073413596 0.2836503 0.42177215 0.4102095 0.6863456 0.43811008 0.28336075 0.06565281 -0.30507594 -0.40652472 0.00073811813
0.29937896 0.18442817 0.20802361 0.10334623 0.089298435 0.13639663 0.20327799 0.19777247 0.17785789 0.12869313 0.22536214 0.38929716 0.6046046 0.92404515 0.8747823 0.5803402 0.2047611 0.068287686 0.007667539 0.2966185 0.20453262 0.15758444 0.057717856 0.019104317 -0.1296541 -0.073609315 0.02191677 0.14811075 0.032469757 0.33437604 0.5914559 0.41657975 0.37418792 0.45168665 0.32711318 0.21590951 0.13304332 0.06619225 -0.052293994 -0.14072298 -0.27242994 -0.40461475 -0.44257164 -0.32593048 -0.23926258 -0.3638491 -0.25778568 0.08627799 0.4066604 0.34583008 0.6493531 0.6706423 0.5572812 0.27956134 0.054213133 -0.28730422 -0.46288213 -0.22279184
0.25111046 0.24956274 0.21135099 0.22325873 0.24416974 0.36695242 0.49393597 0.40935662 0.30975488 0.3777787 0.52015287 0.7083118 0.76653516 0.63866687 0.44974658 0.2388711 -0.01744165 0.16598876 0.2199397 0.19143043 0.08942993 -32767.0 0.091283716 -0.051581163 -0.11326063 -0.009635218 -0.047031246 0.1372566 0.12602912 0.22036326 0.5844003 0.43010476 0.32558703 0.3199068 0.24449731 0.17588592 0.04849506 -0.0060565835 -0.09268337 -0.20464888 -0.28696716 -0.2585164 -0.14925224 -0.10115621 -0.21719885 -0.26830742 -0.002482866 0.3182941 0.40512955 0.38252032 0.7477778 0.67066514 0.57944953 0.3266688 0.117485866 -0.10170507 -0.4310407 -0.33561304
0.41272837 0.41695023 0.33021817 0.34682614 0.32231873 0.36678296 0.5432956 0.43732724 0.4195731 0.43225592 0.4320066 0.46148425 0.45446897 0.35879213 0.2711951 0.16500074 0.13071752 0.29822335 0.24785334 0.14053991 0.1750826 0.05843563 0.08107923 0.11862052 -0.019327722 -0.07519854 0.015028738 0.07456292 0.23960443 0.2555764 0.4738725 0.42873752 0.2669427 0.24093318 0.21187529 0.14802603 -0.008870114 -0.06761783 -0.14942214 -0.15684338 -0.10813492 0.0032271782 -7.0227296e-05 -0.14680384 -0.2367751 -0.07649208 0.10366025 0.3495583 0.2719281 0.36786202 0.6629337 0.56836164 0.6092807 0.3967692 0.19158813 -0.062242884 -0.15451708 -0.303964
0.40474746 0.5282115 0.41126445 0.34880504 0.25242576 0.36570078 0.37969792 0.4363098 0.44866353 0.37983447 0.35036874 0.37119633 0.33744276 0.36777753 0.30149752 0.24718957 0.25927582 0.24814852 0.21848154 0.18942143 0.13221535 0.04081028 -0.011968108 -0.06320463 -0.08730014 -0.07153068 -0.11809461 0.026240619 0.18270169 0.17750734 0.43713975 0.5139993 0.36254597 0.21442392 0.201902 0.09772266 -0.016171386 -0.1673583 -0.16431527 -0.10125884 -0.048519835 -0.014076992 -0.06324564 -0.15022545 -0.15259373 0.0037580251 0.18635453 0.19622888 0.1884662 0.3635935 0.503883 0.42553306 0.58740133 0.4488892 0.22881886 0.083713755 0.037170645 -0.05720523
0.70150566 0.8806934 0.6368739 0.37272575 0.23887664 0.259398 0.36513552 0.33751938 0.33408305 0.44759458 0.42499053 0.35591722 0.36266884 0.3097381 0.29110128 0.22218093 0.26435328 0.2902203 0.2103976 0.21304953 0.18569286 0.11516343 0.061001036 -0.02725758 -0.15776749 -0.26673242 -0.31939238 -0.13864559 0.0017200126 0.004937634 0.35453287 0.5541265 0.41041392 0.31678164 0.16007671 0.04997587 -0.07160093 -0.115060285 -0.23593311 -0.2332229 -0.15923037 -0.04614728 0.0010372642 -0.096692786 -0.16363502 -0.0810069 -0.01502635 0.0069525596 0.24554977 0.43109936 0.44897684 0.386022 0.34048113 0.59148157 0.2893226 0.15540177 0.0048740967 -0.036259335
0.9748628 0.9481445 0.63019294 0.3343281 0.13817036 0.11508679 0.085099526 0.29759657 0.3830666 0.51300114 0.33857065 0.26381147 0.1338993 0.39905638 0.28002813 0.21950315 0.31022322 0.28709084 0.16423716 0.15687798 0.2342529 0.18658212 0.10304907 0.022877853 -0.111558326 -0.24960896 -0.3713137 -0.3828181 -0.12684342 -0.11028245 0.2574452 0.52508974 0.50285286 0.35067654 0.15801325 0.057970602 -0.08012449 -0.13158497 -0.13941514 -0.17375769 -0.1880438 -0.21045358 -0.14228098 0.00658642 0.04601413 -0.053251717 -0.029160827 0.091366224 0.33884066 0.35803962 0.339409 0.42965415 0.2595163 0.57945824 0.43168563 0.058525793 0.033469524 0.0005006637
0.99305224 0.8761206 0.58902353 0.23242226 0.11004331 0.14829452 0.12890473 0.15989618 0.3600641 0.352951 0.37151468 0.070642754 0.056730915 0.4782891 0.3043536 0.2597649 0.3304475 0.22655463 0.10458419 0.27612412 0.25776628 0.22354288 0.15918873 -0.02037879 -0.09935503 -0.1426417 -0.2612825 -0.43628335 -0.25020403 -0.17744641 0.2624617 0.49900895 0.47598052 0.34094274 0.12542745 0.0866355 0.015863951 0.044221207 0.034069408 -0.068876 -0.1861106 -0.229338 -0.20866948 -0.2019758 -0.13682291 -0.0069521912 -0.0077003003 0.18806851 0.25877666 0.24055949 0.35565224 0.4221795 0.2885549 0.51759577 0.48031873 0.17392728 0.044727102 -0.08464663
0.91082245 0.7091859 0.41880172 0.06504065 0.21575534 0.4126915 0.11400636 0.04027594 0.22600833 0.18756159 0.36992502 0.15513097 0.23582657 0.4077664 0.35475224 0.25040954 0.24124749 0.14609537 0.07657307 0.3099851 0.25063488 0.3004614 0.15683821 -0.04506656 -0.16110672 -0.10712227 -0.25515398 -0.44371304 -0.29143026 -0.14972037 0.42174837 0.5366917 0.36619183 0.24037106 0.07897238 0.1593589 0.21908681 0.16205937 0.1583584 0.1355194 0.067578554 -0.049573712 -0.22045808 -0.26778302 -0.22191076 -0.15413052 -0.09108489 0.07038642 0.16045867 0.14799345 0.42303866 0.38378474 0.3788344 0.5011049 0.44527417 0.19613631 0.15713477 -0.099233665
0.70883685 0.4791967 0.23128942 0.15792422 0.39539793 0.1325446 0.08974691 0.061748266 0.29383677 0.25517297 0.313422 0.29194865 0.37310433 0.46060628 0.379364 0.24313283 0.18053825 0.13098048 0.09252999 0.27307695 0.2911323 0.2536328 0.16284336 -0.062020857 -0.15721896 -0.1600003 -0.36328596 -0.46115172 -0.29793423 0.12349362 0.51546246 0.5168153 0.24410686 0.1079852 -0.023761863 0.21259336 0.25674087 0.18886904 0.41636106 0.26187748 0.01772466 -0.02131677 -0.08655723 -0.15313339 -0.26100522 -0.19169942 -0.028020294 0.061279316 0.031603098 0.064497635 0.43137425 0.2952717 0.5126146 0.5277853 0.39716375 0.17918858 -0.053584483 -0.09135412
0.51282024 0.30083665 0.072597496 0.2337927 0.20606832 0.15496452 0.022236647 0.17970844 0.25620225 0.32839805 0.31694907 0.3747201 0.4753851 0.44962525 0.37028527 0.20088212 0.1563281 0.10702359 0.063235104 0.20732923 0.24981226 0.21339118 0.08682772 -0.062156554 -0.16252188 -0.2869813 -0.46355337 -0.47870323 -0.07102342 0.37290943 0.6518158 0.40109816 0.24843344 0.14511797 0.033735465 0.39945224 0.23548609 0.31358266 0.47073266 0.28062326 0.15243606 0.02740195 -0.05202249 -0.110588156 -0.08694684 -0.11218957 -0.024444496 -0.010917764 -0.0023826025 0.05883404 0.4151333 0.23247871 0.6213595 0.5300077 0.3530006 0.1267268 -0.16108397 -0.29339147
0.3752817 0.1123709 0.09827545 0.047916573 0.104048185 0.13214272 0.1515884 0.22944814 0.30936474 0.30366972 0.32003847 0.40856227 0.5334299 0.4180884 0.31492656 0.17668185 0.10896985 0.044495154 0.0030698015 0.10176619 0.16595991 0.115580365 0.033646043 -0.08629504 -0.24199452 -0.4220891 -0.5579796 -0.30239284 0.28221908 0.42532122 0.6632499 0.32383797 0.27989236 0.30784625 0.3268844 0.30341983 0.18474829 0.42238656 0.44671437 0.36194977 0.100424096 0.008314706 -0.0475671 -0.07545333 -0.0899836 -0.15670027 -0.15917595 -0.07206287 0.012832047 0.2310066 0.2316621 0.36117634 0.6172653 0.50475484 0.29187566 0.095178075 -0.2547332 -0.3322706
0.33699024 -0.02107583 0.038174056 -0.004257051 0.077644855 0.208873 0.26798758 0.37548777 0.2810213 0.27985996 0.35406834 0.6453648 0.6024783 0.32152414 0.22383125 0.12655048 0.02583 -0.07342646 -0.0022760984 -0.00940785 0.07771415 0.069951974 -0.034166783 -0.1979475 -0.32692847 -0.46133867 -0.40151638 -0.03761436 0.26512122 0.39024508 0.6522905 0.3571524 0.40818554 0.32194477 0.34556362 0.26170507 0.25091124 0.30495036 0.16612339 0.3773003 0.123167396 -0.012414226 -0.05138864 -0.02518405 -0.11032613 -0.120462015 -0.064429946 -0.066227615 0.13196088 0.20583934 0.17585291 0.3954388 0.50679684 0.4497667 0.117859505 0.054078788 -0.2700195 -0.3218932
0.28122696 -0.16328314 -0.04762596 -0.047043104 0.06860255 0.1907009 0.2700666 0.3588804 0.25307494 0.32366115 0.5696025 0.80556303 0.58409196 0.2311839 0.07775435 0.029986229 -0.098032564 -0.06269919 0.040139616 -0.06171243 0.014334096 0.008295684 -0.06849531 -0.1960615 -0.29260585 -0.29661396 -0.15395954 0.016279198 0.12111953 0.2277746 0.6070706 0.38976616 0.27861768 0.2366512 0.2829105 0.3167958 0.33812982 0.33988082 0.10986763 0.25501344 0.13222545 -0.12058696 -0.0025570306 0.012104561 0.06430138 -0.070893876 -0.045373898 0.12011142 0.10671535 0.20663129 0.28572223 0.40573457 0.41047144 0.3416409 -0.03770816 -0.104314275 -0.26967838 -0.3479749
0.3508407 -0.25980264 -0.14417076 0.038941294 0.12908328 0.2562279 0.21096423 0.34268746 0.27297822 0.38563654 0.7261444 0.84927624 0.57504207 0.19664362 -0.030139685 -0.0732398 -0.20290285 0.026323969 0.016250743 -0.07821934 -0.07231674 -0.052654307 -0.13422742 -0.20041966 -0.20336962 -0.102973655 0.026266837 0.1420833 0.1991942 0.20023035 0.5252879 0.3491268 0.12007544 0.05601157 0.11598541 0.262097 0.33528543 0.298317 0.29557213 0.12547068 0.114209756 0.011639019 0.0024843307 0.054168124 0.16023402 0.08468403 -0.0064791795 0.07646503 0.20505403 0.32701117 0.36108604 0.28573632 0.17001557 0.2767125 -0.14540333 -0.21289665 -0.31610504 -0.015913183
0.45642966 -0.3613932 -0.29978025 0.07580014 0.17166634 0.2075348 0.19590025 0.34156838 0.3467866 0.37526035 0.753624 0.8252699 0.48886096 0.14475998 -0.09443052 -0.17149766 -0.30948517 -0.019605244 0.072886094 -0.12055827 -0.19705473 -0.1496922 -0.11448993 -0.07386948 -0.009017057 0.15275104 0.24519148 0.25076225 0.15617485 0.14457119 0.410176 0.26348627 0.15573487 0.0066782334 0.11287797 0.2701725 0.34735462 0.3516411 0.26902834 0.25198022 0.053339303 0.05394707 0.030683473 0.09702286 0.09214814 0.005780576 0.018035915 0.2395619 0.39267564 0.38964698 0.31211644 0.14774466 -0.07855387 0.103148766 -0.24557221 -0.36346412 -0.28043607 0.014266537
0.4541302 -0.30284727 -0.47070494 0.00017099452 0.17330423 0.15400502 0.24532725 0.29085305 0.2672415 0.3521106 0.65317297 0.7289562 0.41297492 0.18684536 -0.106195025 -0.2703486 -0.4262012 -0.16472942 0.11568069 0.055490747 -0.1595843 -0.21504398 -0.13021715 0.019909801 0.08072931 0.14406778 0.15627985 0.11019635 0.14899129 0.25238886 0.29848206 0.12735938 0.13349473 0.021736536 0.13992643 0.1908878 0.20058133 0.3274735 0.34092692 0.2046438 0.14904012 -0.07114976 -0.004397734 -0.08687608 0.016610222 0.018893493 0.1583448 0.38431227 0.4069428 0.37710044 0.2431497 0.02029562 -0.1578704 -0.16961424 -0.22031644 -0.5549023 -0.36880502 -0.10705285
0.34143367 -0.11501336 -0.5923827 -0.035265166 0.16376305 0.2545201 0.43480122 0.2605901 0.15856515 0.3858182 0.52763885 0.6849875 0.41584778 0.14113548 -0.12152644 -0.31625417 -0.49612698 -0.27767286 0.057687495 0.081372075 0.011031454 -0.045764208 -0.030586539 0.03682617 0.09555366 0.12511207 0.101792604 0.046936408 0.052129313 0.12279019 0.110717945 0.16751727 0.22544584 0.11835298 0.13621913 0.19720317 0.1583413 0.24469511 0.34827727 0.274605 0.12805091 0.09823047 -0.10456226 -0.013757307 0.027799796 0.22327247 0.33601603 0.43806386 0.46102136 0.35272893 0.15737985 -0.04130845 -0.2281568 -0.3070275 -0.20134869 -0.6509498 -0.509029 -0.20162202
0.27999318 -0.10890251 -0.5945052 -0.06301634 0.041604366 0.45008203 0.31653482 0.18186739 0.1381358 0.33503562 0.4791018 0.6162886 0.36568275 0.09448447 -0.10729272 -0.3890103 -0.54621464 -0.38048345 -0.08965882 0.084254794 0.06064045 -0.051391453 -0.05399898 0.074659735 0.11936092 0.12086198 0.09938715 0.10608536 0.17226961 0.09239191 0.020760437 0.2044951 0.25393966 0.25744194 0.22440675 0.22842869 0.19955991 0.23245335 0.3518546 0.30372265 0.21817712 0.06952105 0.0666421 -0.083365865 0.18233775 0.2418148 0.38498357 0.5196135 0.37798825 0.26214665 0.1488351 -0.06535766 -0.2267398 -0.2972021 -0.3293534 -0.6659576 -0.57931584 -0.18963154
0.17015935 -0.07838288 -0.4510841 -0.07922967 0.06833525 0.45025292 0.2858736 0.23309016 0.23712903 0.3247337 0.5785952 0.5525161 0.32010722 0.117860444 -0.10536431 -0.3902102 -0.5510073 -0.32684198 -0.13776124 -0.029115474 0.01729884 -0.085783035 0.055312764 0.22537784 0.22656764 0.18901339 0.18428802 0.17761768 0.1318182 0.13301297 0.22147524 0.3066474 0.26461437 0.20623401 0.19097693 0.17299074 0.20570794 0.17013977 0.266067 0.25967443 0.18812865 0.07651784 -0.0031455643 -0.11844088 0.010360983 0.30809224 0.5366788 0.49662465 0.26309195 0.18818414 0.09231198 -0.06771428 -0.21176179 -0.24113095 -0.34945083 -0.64238054 -0.59387094 -0.2888937
0.08220553 -0.0654004 -0.34790686 -0.116702005 0.14786793 0.37963635 0.24964619 0.28769535 0.35436362 0.5739996 0.6433418 0.38070947 0.27077657 0.108779356 -0.14104027 -0.42516676 -0.44198328 -0.23510262 -0.20926435 -0.20545083 -0.14691408 -0.100963496 0.1196311 0.24564248 0.2426006 0.2549855 0.23199546 0.21102974 0.1887074 0.22469841 0.30184394 0.3295761 0.37388968 0.34669185 0.24597931 0.13850643 0.034897044 0.04912414 0.10858748 0.107818544 0.09599766 -0.01288581 -0.11528752 -0.15280327 -0.033484675 0.35751072 0.560517 0.4108958 0.23309536 0.12144673 0.04957096 -0.1380942 -0.18320331 -0.17115006 -0.34185937 -0.57676286 -0.4795027 -0.3461313
0.08268564 -0.12836052 -0.17814584 -0.17271365 0.20416307 0.30984527 0.30584273 0.3517203 0.5793637 0.69719654 0.47774193 0.2631998 0.20552221 0.101799496 -0.2042199 -0.47863516 -0.3412542 -0.15174334 -0.24918473 -0.28152767 -0.23954199 -0.09862355 0.16239282 0.24433571 0.20644134 0.17708884 0.1650064 0.18616945 0.19248618 0.254715 0.3113611 0.45056033 0.49457473 0.4777698 0.3969527 0.2544586 0.10040277 -0.007987867 -0.060799073 -0.019568266 0.015626771 -0.03284218 -0.21193272 -0.23330534 -0.03844036 0.3152583 0.5446518 0.38938126 0.2334989 0.1445281 -0.0057587484 -0.1314212 -0.19069892 -0.26969156 -0.32418257 -0.30963674 -0.34388342 -0.3407722
0.055954408 -0.15648714 -0.100921504 -0.0962884 0.15036538 0.3120771 0.27485016 0.564188 0.77601933 0.5913751 0.32943657 0.25401276 0.18462765 0.0054666796 -0.30825397 -0.4977064 -0.21629119 -0.20883694 -0.2808053 -0.33272535 -0.21254773 0.06799688 0.21468042 0.198258 0.1821295 0.17801484 0.26478204 0.3004551 0.31863347 0.4667159 0.5277134 0.50790745 0.6156636 0.5774844 0.45053297 0.26096645 0.019125504 -0.049540862 -0.030975161 -0.14920166 -0.09573359 -0.058592483 -0.27912447 -0.38565317 -0.17222904 0.22136688 0.4771897 0.3841572 0.17033741 0.121233165 0.03763476 -0.105528966 -0.26316586 -0.29758418 -0.05399116 -0.0312923 -0.045028348 -0.08515363
-0.025053151 -0.15459947 -0.20121711 -0.003019664 0.34246537 0.35438323 0.3925451 0.6781715 0.6576128 0.47021708 0.25931865 0.22506867 0.12797211 -0.044767432 -0.35578355 -0.49107146 -0.21911015 -0.22954352 -0.31006068 -0.28007457 -0.055078566 0.12612882 0.18129706 0.17736532 0.11370011 0.120230265 0.21467873 0.37258032 0.5610955 0.44724724 0.50003135 0.597703 0.59836835 0.53644973 0.41986865 0.23430064 0.10422917 -0.11151417 -0.06288648 -0.09063243 -0.06047683 -0.12490834 -0.29892462 -0.45076227 -0.2583748 0.040738698 0.39374432 0.30543914 0.047769845 0.040564843 -0.049374167 -0.085588664 -0.18857951 -0.21580486 -0.03436598 0.008841867 0.01204126 -0.009735056
-0.019092422 -0.21067983 -0.23402238 0.3555359 0.45466822 0.4630609 0.49533474 0.7481924 0.5482281 0.37922397 0.2689465 0.11824687 -0.05066707 -0.12986085 -0.33016047 -0.42577365 -0.27254406 -0.23389187 -0.25168338 -0.19627549 -0.03397301 0.105552964 0.22527078 0.26882505 0.27063224 0.20919132 0.2981551 0.4660344 0.4473051 0.4236681 0.58994275 0.5274223 0.53390133 0.42000553 0.4136975 0.20357569 0.08395596 -0.023595521 -0.08992833 -0.10943216 -0.14124526 -0.20822312 -0.32756105 -0.47861892 -0.32467163 -0.05140611 0.26547527 0.33133358 0.08625145 -0.06178108 -0.045805145 -0.081243135 -0.08844893 -0.08140337 -0.087353915 -0.052685734 0.018251883 0.040038027
