static/data/seaWater_vo/2023/7/11/12.asc
ncols 137
nrows 93
xllcorner 108.0
yllcorner 17.0
cellsize 0.25
NODATA_value -32767
[rows 25 to 49 of 93, columns 58 to 115 of 137]
0.03127624 0.01753149 -0.08082686 -0.09374076 -0.08062481 0.013575732 0.10452528 0.19525334 0.2832094 0.31516486 0.21911386 0.08853045 0.010572076 0.052282233 0.08899141 0.10581677 0.12554055 -0.07801859 -0.1983286 -0.15616308 -0.21621804 -0.0838657 0.09952902 0.3073709 0.2290302 0.10258399 0.04895052 0.05338648 0.04988077 -32767.0 0.059116572 0.028439758 -32767.0 -32767.0 0.030995434 0.07124876 0.07634524 0.06901954 0.21185797 0.25336877 -0.052899167 -32767.0 -32767.0 -32767.0 -32767.0 -32767.0 -32767.0 -32767.0 -32767.0 -0.20826213 -0.113464214 -0.22433244 -32767.0 -32767.0 0.15183999 0.16016173 -0.09179638 0.015251154
0.07879415 -0.04981725 0.18936254 0.055083174 -0.021991275 -0.04624615 0.10106257 0.2176552 0.29338348 0.32004365 0.29964665 0.19816509 0.19543095 0.27590218 0.31190276 0.21770254 -32767.0 -32767.0 -0.230018 0.10054764 0.20176935 0.09117436 0.07013521 0.15518221 0.08396828 -0.029752346 -0.0022113356 -0.02188797 0.051194303 -0.004445728 0.019622164 -32767.0 -32767.0 -32767.0 -32767.0 -32767.0 -32767.0 -0.009668454 0.093048066 0.2765539 -32767.0 -32767.0 -32767.0 -32767.0 -32767.0 -0.14391549 -32767.0 -0.19292068 -0.00080035045 0.024982434 -0.21668367 -0.4258934 -0.41067174 -32767.0 0.052022573 -0.20089398 -0.2223039 -0.048548326
0.21440977 0.07817519 0.13562062 0.141648 0.058476746 0.062998846 0.12909186 0.16100287 0.18322705 0.23263198 0.22868684 0.18680838 0.20730862 0.22577104 0.13725276 -32767.0 -32767.0 -0.02267263 -0.071707465 0.23917298 0.30580565 0.27700895 0.17742522 0.018598521 -0.054248884 -0.09997056 0.006962483 -0.03820866 -32767.0 -32767.0 -32767.0 -32767.0 -32767.0 -32767.0 -32767.0 -32767.0 -32767.0 0.0042753136 0.0472477 0.30127475 -32767.0 -32767.0 -32767.0 -0.10151861 0.026441878 -0.15983354 -0.35614213 0.04211489 0.17182954 0.04970344 -0.20947455 -0.37908104 -0.4689523 0.05484053 -0.21658106 -0.23775937 -0.1979702 -0.03966463
0.034709997 0.20974395 0.16628633 0.08897446 0.13710532 0.114293434 0.12457211 0.1191475 0.022583827 0.02669257 0.013560548 -0.03771771 -0.026133535 0.027913425 0.045267645 -0.024529139 0.03165108 -0.025843168 -0.048371248 0.06108355 0.18582392 0.14569041 -0.028863665 -0.1875276 -0.1785652 -0.16003403 -32767.0 -0.14597233 0.08794498 -32767.0 -32767.0 -0.014414621 -32767.0 -32767.0 -32767.0 -32767.0 -32767.0 -32767.0 -0.11664316 0.08044328 -32767.0 -32767.0 -0.06543537 0.18322012 0.11349145 -0.11321614 -0.42440042 0.14517231 0.07427087 0.051599942 -0.11155781 -0.31857732 -0.17360725 -0.13735943 -0.20302708 -0.21215667 -0.17054336 -0.10506657
0.026005842 0.010498586 0.09076447 0.09593938 0.019965708 -0.011425963 -0.01908306 -0.042620715 -0.0619197 -0.11822989 -0.18438475 -0.18194818 -0.13481838 0.037264336 0.063577905 0.033898 -0.05862873 -0.019070886 -0.078628145 0.009468903 0.11680584 0.098075986 0.029447407 -0.15808757 -0.18690147 -32767.0 -0.026984463 0.018287439 0.18275706 0.086150244 0.10302709 -32767.0 0.054894157 -32767.0 -32767.0 -32767.0 -32767.0 -32767.0 -0.015736118 0.12285102 0.060617406 -0.11381177 0.069897205 0.19036895 -0.026982842 -0.11941641 -0.136636 -0.040459726 0.011678167 -0.013449061 -0.11239439 -0.3431067 -0.26097003 -0.2089095 -0.17863707 -0.09403278 -0.082193375 -0.112002306
0.17473908 0.029935865 -0.013154186 0.047930185 -0.031463355 -0.05518976 -0.045749538 -0.09762388 -0.15078819 -0.19014539 -0.20297904 -0.15738933 -0.102027796 0.014882206 -0.06933526 -0.099843755 -0.07070323 -0.0036807514 -0.06615964 0.081097744 0.16232534 0.14067693 0.052458882 -0.012264301 -0.2231044 -0.12779406 0.10928966 0.08285947 -0.005897368 0.15334998 0.011757245 -0.04719261 -0.0065156966 -32767.0 -32767.0 -32767.0 -32767.0 0.15932424 0.48272285 0.22506477 0.04457767 -0.0981421 0.0039404393 -0.05494119 -0.12540223 -0.12965566 0.026568856 0.15773186 0.15595528 0.027644008 -0.16308805 -0.29315394 -0.4201107 -0.3936168 -0.22926968 -0.06268091 -0.022083437 -0.03368713
0.17637132 0.11537679 0.061503265 0.005594405 -0.024062097 0.0050680246 -0.10755564 -0.155041 -0.053259928 -0.043762237 -0.06352959 -0.02476038 -0.18015867 -0.17743136 -0.21999879 -0.16208827 -0.0470484 0.07312087 0.26921684 0.31526503 0.26329437 0.2203346 0.108667895 0.09308727 -0.027199985 -0.060450677 -0.01419027 -0.0215621 -0.11939917 0.028009802 -0.0541454 -0.036925852 -0.030880379 -32767.0 -32767.0 -32767.0 -32767.0 0.4710126 0.08874688 -0.03571144 -0.12572905 -0.18517917 -0.11951892 -0.10772484 -0.0110292435 0.18612655 0.29395062 0.27711046 0.1753963 -0.040327977 -0.17180526 -0.41351226 -0.5047209 -0.57456887 -0.4564713 -0.19009423 -0.09801333 -0.097050674
0.03044786 0.119653 0.13080204 0.07795828 0.033782627 0.051916268 -0.055960707 -0.09662574 -0.119619004 -0.10093788 -0.0516713 -0.021693068 0.021415545 -0.011915958 -0.006381486 -0.06563021 0.034909464 0.27026182 0.4415707 0.38548487 0.28596327 0.27203268 0.2671239 0.24611117 0.1486275 0.061458554 0.00066679413 -0.0806446 -0.13827886 -0.13138834 -0.09999321 -32767.0 -32767.0 -32767.0 -32767.0 -32767.0 0.3136254 0.08613652 -0.080050595 -0.025606047 0.06380489 0.013047777 0.042136252 0.17503479 0.28615144 0.33273885 0.3574005 0.3386239 0.16190097 -0.11485909 -0.38554072 -0.48662487 -0.73900527 -0.77466106 -0.75368726 -0.36638454 -0.20073669 -0.117713265
0.01111219 0.16418435 0.23396422 0.14373562 0.12784435 0.05900973 0.011840524 -0.035439342 -0.11464241 -0.1268573 -0.16207446 0.00591357 0.041462455 0.1575115 0.24302597 0.16030218 0.12353363 0.27835813 0.4034898 0.37866312 0.33146974 0.35485992 0.40776533 0.36382556 0.23958449 0.10651192 -0.046840265 -0.21960668 -0.2739427 -0.15709159 -0.01271724 -32767.0 -32767.0 -32767.0 -32767.0 -32767.0 0.16067109 -0.10420081 -0.08654667 0.54426014 0.59488136 0.38597593 0.29339358 0.3327296 0.4246167 0.50831556 0.4384563 0.29048327 0.14696594 -0.15867795 -0.54437447 -0.7073081 -0.8534503 -1.0575134 -0.96961534 -0.47927597 -0.24324127 0.031691138
0.048680082 0.1430749 0.31404355 0.17532942 0.04754583 0.06706315 0.048011202 0.0028326241 -0.035590176 -0.02551866 -0.04257276 0.073166005 0.16663115 0.18832411 0.26108423 0.27202743 0.19097424 0.25329122 0.3170635 0.3806436 0.43576655 0.46311793 0.4411514 0.2558795 0.17034185 0.124854155 -0.039858844 -0.3090936 -0.38902333 -0.19961362 -0.055189673 0.01809957 -32767.0 0.15814011 -32767.0 -32767.0 -0.12674633 -0.042162154 0.8485288 0.7863713 0.62611395 0.41536936 0.31577542 0.35444292 0.37960747 0.34452432 0.3073166 0.26521572 0.13270794 -0.31448868 -0.70684505 -0.8821702 -0.945451 -1.2449529 -1.1059159 -0.5703319 -0.21062118 0.14412665
0.20476457 0.21700585 0.31196263 0.1838475 0.14600387 0.1148599 0.18836723 0.12662035 0.07393694 0.08795941 0.09388669 0.10928478 0.114386685 0.119074196 0.2683485 0.29354423 0.24219692 0.2323387 0.3442496 0.43894306 0.51944584 0.4557756 0.41222057 0.2472449 0.2443923 0.07923442 -0.06301099 -0.34632358 -0.36413452 -0.23378474 -0.029275179 -0.11496192 -0.034686267 0.067299694 -32767.0 -0.025949385 0.2971712 0.7176693 0.7150259 0.70330304 0.5801978 0.44256648 0.35841334 0.29103014 0.29774094 0.29591742 0.23398806 0.17469789 0.026407432 -0.42075518 -0.7704567 -0.89111644 -1.0451998 -1.3858845 -1.2427136 -0.5205967 -0.0870565 0.28235534
0.24826913 0.16728048 0.2593151 0.27582476 0.26214293 0.1946786 0.24197605 0.18482856 0.15057956 0.13137206 0.11348817 0.13262971 0.1649771 0.19851872 0.25762513 0.25809878 0.28906283 0.34573445 0.40913182 0.49616942 0.49738154 0.4346928 0.34874836 0.2572038 0.20282102 0.04573509 -0.17233239 -0.3680945 -0.17290856 -0.13534711 -0.105117545 0.029033741 -0.11219817 -32767.0 0.5865103 0.27177775 0.12637451 0.46295127 0.56931496 0.6105373 0.54236716 0.39264125 0.31201145 0.29257667 0.24767604 0.1433314 0.13337366 0.13312118 -0.07157865 -0.3650478 -0.595333 -0.81896025 -1.0863292 -1.4173927 -1.2585309 -0.44222274 0.09097927 0.28508726
0.2288225 0.5383451 0.15694438 0.23354945 0.28166077 0.24752226 0.19708212 0.20005153 0.21027029 0.22833768 0.21435627 0.1768285 0.22666454 0.24205607 0.2897236 0.2789759 0.31002888 0.37728682 0.38021418 0.37092227 0.43600217 0.44543877 0.37434715 0.29115346 0.16015425 -0.06504071 -0.23941438 -0.29626513 -0.039502636 0.07161 0.11791217 0.066295646 0.066698626 0.02843728 0.09252889 -0.00244234 0.5612343 0.5549319 0.48410547 0.61326665 0.43031707 0.3591407 0.29893595 0.22084649 0.016631434 0.18201098 0.29757133 0.18919091 -0.08157876 -0.42465052 -0.5575231 -0.742658 -1.0084038 -1.3897191 -1.198442 -0.41534203 0.21670806 0.19827464
0.077758595 0.23323493 0.34570056 0.3641703 0.29207435 0.27393237 0.25465468 0.2594987 0.28026843 0.27091715 0.24177065 0.22164306 0.22861406 0.3063305 0.36474246 0.33554035 0.2753245 0.28759453 0.29717654 0.3142687 0.44360733 0.4375806 0.44461828 0.41818365 0.28128317 -0.010444985 -0.3179148 -0.263209 -0.03151699 0.06487845 0.40158662 -32767.0 -0.032892972 -0.32887563 -32767.0 0.48663053 0.554239 0.5555013 0.5094008 0.45651007 0.29898837 0.3942787 0.23708965 0.013152942 0.13664424 0.32572803 0.32388335 0.1962879 -0.19165073 -0.54491895 -0.70491594 -0.5863987 -0.9244613 -1.3170991 -1.082055 -0.3594998 0.13653229 0.2811227
-32767.0 0.4811892 0.27573973 0.3434871 0.35290188 0.25952813 0.19011198 0.092185736 0.0982636 0.13403276 0.16069935 0.18150811 0.2355757 0.23992635 0.32985723 0.36239275 0.33375207 0.25462252 0.26086682 0.30507803 0.3567697 0.5048579 0.5072018 0.40497988 0.26139563 0.039775908 -0.28157443 -0.48308012 -0.079553634 0.053243775 0.16374965 -0.092215404 -32767.0 -0.21384908 0.22567762 0.46562397 0.49807963 0.4451116 0.50510955 0.314307 0.1799244 0.42290524 0.20978226 -0.065372 0.36418456 0.3247206 0.3252019 0.11393709 -0.1713003 -0.52672666 -0.7743385 -0.6446484 -0.8652844 -1.2342122 -0.99348897 -0.39475808 0.10483601 0.7327889
0.42930505 0.36748114 0.29122308 0.24412376 0.20737539 0.12838474 0.11419536 -0.024596984 0.0074132336 -0.13274051 -0.14664194 -0.01531393 0.14929731 0.23562698 0.31676963 0.37149537 0.2862311 0.18632305 0.2017555 0.340496 0.5329186 0.5673142 0.5647694 0.49845052 0.2042255 -0.11744422 -0.33204928 -0.5168448 -0.38493183 0.025586432 -0.33666408 0.044484843 -0.12278109 0.0632458 0.22147988 0.32138664 0.57380897 0.44974503 0.3453159 0.17702524 0.09382186 0.3726079 0.26946282 0.03957134 0.1585498 0.2757477 0.20274712 0.012421029 -0.12278501 -0.27981174 -0.59210676 -0.7142798 -0.7495724 -1.067081 -0.77604604 -0.3822042 0.36830872 0.785849
0.45152357 0.36096904 0.22233272 0.16320826 0.12742524 0.06627526 0.023896549 0.014918686 0.0075557684 -0.018841412 0.0018001972 -0.07107523 -0.049401462 0.08559617 0.15899487 0.1930962 0.122637115 0.067640275 0.14879146 0.39295942 0.48805618 0.70205396 0.7413934 0.44643313 0.081717595 -0.25906038 -0.5885755 -0.5837088 -0.40943137 -0.14265698 -0.13125373 -0.08074115 -0.009301726 0.022094378 0.2235877 0.43159398 0.4197603 0.31669387 0.22372212 0.11979479 0.104267575 0.2365947 0.29246095 0.13525876 -0.08225283 0.19117321 0.11804483 0.01843906 0.04216284 -0.019874351 -0.32937723 -0.64290804 -0.7069342 -0.92129606 -0.63134503 -0.13531686 0.34050044 0.7223376
0.745118 0.28358418 0.15305352 0.17219585 0.22180086 0.15959024 0.20559144 0.047913298 -0.034662478 -0.026511796 0.027530149 0.056552704 -0.016802289 -0.06856855 -0.12680312 -0.10850641 -0.05511834 -0.0054480983 0.22239305 0.3465219 0.6115949 0.8648654 0.6566093 0.32349515 0.04910692 -0.16318047 -0.3981787 -0.5544401 -0.47748715 -0.4418859 -0.16643248 -0.00072935317 0.14375052 0.2235711 0.28524995 0.2993277 0.29505643 0.25573897 0.26163256 0.11335898 0.16613257 0.21590286 0.1971369 0.10780868 -0.014575753 -0.1593899 0.08004962 0.12476243 -0.0011765907 0.037548427 -0.045720994 -0.27046117 -0.6473947 -0.67547995 -0.43081403 -0.012580973 0.3188332 0.49545354
0.4178032 0.29043943 0.15991619 0.09998817 0.14087039 0.25540492 0.14032209 0.148397 -0.027552715 0.07319675 -0.008373841 -0.011341832 -0.011859941 -0.14133178 -0.27973053 -0.23657528 -0.17147978 0.041569754 0.08914637 0.31867063 0.8409174 0.799838 0.504602 0.24843569 0.15637492 -0.07992465 -0.24547856 -0.30001032 -0.5494094 -0.36065695 -0.0051230458 0.05685799 0.06522608 0.18288837 0.1955579 0.15410799 0.055678632 0.058698226 0.11824242 0.14687727 0.19808993 0.14223315 0.036613695 -0.058364008 -0.098315224 -0.16577758 -0.19152182 0.077738196 0.07061565 -0.095561594 -0.111647956 -0.087160334 -0.26534453 -0.4105988 -0.31219274 -0.029849758 0.15235047 0.29357058
0.37173074 0.2514011 0.2400397 0.11894475 0.15054503 0.13803595 0.25626764 0.14839616 0.10240237 0.12847428 -0.040210582 -0.11293406 -0.051352087 -0.12521769 -0.22087675 -0.26790294 -0.16879827 -0.050380353 0.043571185 0.6224292 0.84799993 0.712487 0.36044255 0.3306576 0.16911319 -0.08405484 -0.22067672 -0.3003726 -0.13137016 -0.18351442 -0.06652264 0.07747462 0.011195376 -0.0613231 0.052357763 0.031332638 0.11786179 0.14351608 0.15851417 0.14194031 0.08572356 -0.010891201 -0.09723427 -0.16858338 -0.26566908 -0.337794 -0.23718286 -0.075209476 0.03190631 -0.021411177 -0.11489812 -0.20361337 -0.19630046 -0.17238876 -0.111587405 -0.029382333 0.14190689 0.10421608
0.36114973 0.38134438 0.34354627 -0.02451695 0.17270796 0.21619374 0.181668 0.14099465 0.1591144 0.05162444 -0.10309209 -0.107774705 -0.107330486 -0.14344336 -0.21443094 -0.22826321 -0.1550506 0.0101322355 0.29072434 0.7931043 0.7642655 0.5719697 0.25323078 0.3181802 0.070380114 -0.07904828 -0.15274614 -0.13942404 -0.15288468 -0.1634981 -0.044274773 0.009624946 -0.0064959815 -0.028609468 0.06441224 0.13778315 0.18794207 0.19325687 0.15146977 0.07987571 -0.006706127 -0.099813044 -0.18775612 -0.22659527 -0.26567835 -0.35942104 -0.44316292 -0.19584915 -0.063943475 -0.0074521517 -0.029961208 -0.12584855 -0.17382568 -0.17474799 -0.1990891 -0.1680442 -0.1283439 -0.17828113
0.41469014 0.39441776 0.47201008 0.19214487 -0.14628169 0.2401991 0.094367035 0.12631503 0.11882552 0.109678246 -0.095713474 -0.1253034 -0.14821339 -0.09187609 -0.086510494 -0.13906243 -0.04761256 0.19565739 0.6146312 0.7653164 0.5899998 0.35470778 0.12974304 0.16065852 -0.08722335 0.03614351 0.03996918 -0.043863915 -0.17496903 -0.03657084 -0.12231505 -0.08982976 0.07784349 0.084858984 0.12688392 0.2114393 0.23222095 0.23261286 0.19600736 0.13091713 0.0075488314 -0.14597477 -0.27855077 -0.38594547 -0.32767004 -0.32358655 -0.42110807 -0.45417556 -0.18399268 -0.042195246 -0.17466998 -0.1499831 -0.20023507 -0.24024954 -0.3041748 -0.3730934 -0.3423254 -0.009196804
0.6189021 0.31013536 0.4425307 0.34935868 -0.19465844 0.13667114 -0.05494013 0.057373725 0.05277962 0.17165987 0.0140244085 -0.15405092 -0.12898628 -0.089767136 0.03131481 0.0821101 0.23495659 0.54889154 0.5649704 0.53154385 0.36444739 0.10350784 0.08057998 0.031264026 -0.27248597 0.09360737 -0.0025165789 -32767.0 -0.1777283 -0.20159632 -0.12724702 0.16731042 0.14069353 0.09375452 0.1720157 0.26759747 0.3829007 0.33569172 0.18262695 0.076154076 0.0032604034 -0.116959624 -0.33445075 -0.48528385 -0.4001832 -0.30761942 -0.41768968 -0.5261036 -0.34162486 -0.33151594 -0.19999926 -0.19783334 -0.20398334 -0.25650665 -0.3622833 -0.33819416 -0.033386838 0.047893908
0.7244115 0.3291584 0.17613983 0.28415558 0.014525969 -0.0490407 -0.075797126 0.041646894 0.112480976 0.18123247 0.075764135 -0.11589739 -0.12345526 -0.10989039 0.044095784 0.3042181 0.45040688 0.4837563 0.49507868 0.38214827 0.15942828 0.05378699 0.029666465 -0.07036834 -0.372034 0.020898458 0.17589661 -0.09650898 -0.28695998 0.09442 0.111090936 0.100324266 0.10409978 0.20325969 0.34421965 0.48466533 0.39748225 0.25889134 0.20003894 0.0983684 -0.050176434 -0.13972683 -0.323895 -0.5335768 -0.41641408 -0.32874793 -0.47563854 -0.59108865 -0.55687505 -0.26464674 -0.24523048 -0.23435125 -0.23929788 -0.19148889 -0.14646311 -0.06604922 -0.03808029 -0.10563718
0.5708294 0.18319559 0.2970181 0.12605394 -0.029274939 -0.12542237 -0.004807807 0.045718625 0.053438004 0.20306486 0.12355345 0.031231355 0.055331443 0.05780467 0.1593852 0.40068817 0.5960355 0.517422 0.4388429 0.18348958 0.07569873 0.050109666 -0.12077457 -0.17414111 -0.36503395 -0.09038433 -32767.0 -0.117715344 0.12899241 0.080031596 -0.03168295 0.0741997 0.19484878 0.37655732 0.5205456 0.43405586 0.3001995 0.28095818 0.24511012 0.05603932 -0.12610891 -0.16093345 -0.3934381 -0.54984677 -0.38541117 -0.42566374 -0.6700566 -0.799672 -0.50629485 -0.17374597 -0.0755541 -0.11902233 -0.057619043 -0.011441241 -0.04960308 -0.058689833 -0.08866315 -0.27786574
