static/data/seaWater_vo/2023/7/11/18.asc
ncols 137
nrows 93
xllcorner 108.0
yllcorner 17.0
cellsize 0.25
NODATA_value -32767
[rows 0 to 25 of 93, columns 58 to 115 of 137]
-32767.0 -32767.0 -32767.0 -32767.0 -32767.0 -32767.0 -32767.0 -32767.0 -32767.0 -32767.0 -32767.0 -32767.0 -32767.0 -32767.0 -32767.0 -32767.0 -32767.0 -32767.0 -32767.0 -32767.0 -32767.0 -32767.0 -0.16343446 -0.18185866 -0.25293988 -0.22906412 -0.26675227 -0.22317924 -0.2968484 -0.12576067 -0.20273249 -0.33320835 -0.31475037 -0.19119003 -0.25351334 -0.20643355 0.08256059 0.108971104 0.008092074 -0.15318689 -0.19112954 -0.021473948 0.19168183 0.36203396 0.0012764707 -0.046527237 0.112395346 -0.06740719 -0.2504932 -0.17336813 0.05418839 0.14431682 0.10690168 -0.043070935 -0.056221947 0.108516306 0.1893007 0.29276824
-32767.0 -32767.0 -32767.0 -0.0022043025 -0.0148270605 0.010910809 0.01555377 0.01299342 0.006505843 0.01460485 -32767.0 -32767.0 -32767.0 -32767.0 -32767.0 -32767.0 -32767.0 -32767.0 -32767.0 -32767.0 -32767.0 -0.061514966 -0.14607538 -0.28908384 -0.09733286 -0.050031792 -0.21536313 -0.305812 -0.47722414 -0.3544007 -0.1845282 -0.21483351 -0.19161507 -0.117650196 -0.27881664 -0.37820014 0.019988962 -0.049092416 0.019000052 -0.037056457 -0.09900276 -0.06680163 0.15444909 0.21840891 -0.06178476 -0.3333122 -0.0640315 -0.17739955 -0.1817142 0.0016547609 0.051669165 0.053432345 -0.036457855 -0.14061944 -0.01911187 0.12723 0.30594295 0.37237206
-32767.0 0.0016986671 -32767.0 -0.020496963 -0.108848564 -0.039237197 0.03700048 0.04039915 0.099881135 0.022223959 -0.00407729 0.02386778 -32767.0 -32767.0 -32767.0 -32767.0 -32767.0 -32767.0 -32767.0 -32767.0 -32767.0 -0.11718082 -0.2638037 -0.11229481 0.036166217 0.021001108 -0.038956508 -0.19747049 -0.35495552 -0.2977483 -0.21140005 -0.09537266 -0.052286375 -0.3316137 -0.47549894 -0.4638782 -0.014847704 0.03872817 -0.0014015567 -0.049070545 0.27995622 0.26396835 0.12568906 0.002180486 -0.20885147 -0.6057767 -0.10071087 -0.018448446 -0.021066919 0.1391075 0.21342105 0.09931934 -0.16705632 -0.31864238 0.019218463 0.2965891 0.33219984 0.29717124
-0.09293618 -32767.0 -0.24200939 -0.22130352 -0.13189936 -0.15172347 -0.044816636 0.046457723 0.051564105 0.107014835 0.0610821 0.06461239 -32767.0 -32767.0 -32767.0 -32767.0 -32767.0 -32767.0 -32767.0 -32767.0 -0.12942943 -0.11987001 -0.22001815 -0.18308146 -0.004165342 0.08216239 0.04649578 0.11164557 0.06059063 -0.070327446 -0.083269395 -0.11515979 -0.04687647 -0.22875626 -0.58378255 -0.47909483 -0.21936399 0.090461396 0.07513777 0.29303494 0.5014645 0.27110833 0.038238913 -0.3059653 -0.3789946 -0.6129815 -0.27008423 -0.05841483 -0.021705804 0.2545747 0.28198907 0.18368246 -0.14528826 -0.5067238 -0.11511876 0.21843275 0.117148735 0.016800389
-0.1879058 -32767.0 -0.14537632 -0.15763114 -0.13553745 -0.10224232 -0.18180856 -0.016987247 0.2283481 0.06830481 0.08313712 -32767.0 -32767.0 -32767.0 -32767.0 -32767.0 -32767.0 -32767.0 -32767.0 -32767.0 -32767.0 -32767.0 -0.24272789 -0.21544728 -0.012571332 0.062213767 -0.04259257 0.2804471 0.26631472 0.07250705 -0.06864034 -0.14476964 -0.2746424 -0.3355787 -0.4485952 -0.37668294 -0.06277506 0.017591532 0.10048964 0.15047505 0.19600818 0.17580183 -0.13748807 -0.38942933 -0.3943785 -0.4922358 -0.3804678 -0.23776618 -0.18828702 0.2972618 0.43574747 0.164594 -0.067624 -0.4867967 -0.2734394 0.11194994 0.114161894 0.050941423
-0.12539312 -0.13772658 -0.07218107 -0.1220461 -0.090170324 -0.053628024 -0.081458546 -0.08860371 0.017747695 0.14970833 0.0682242 -32767.0 -32767.0 -32767.0 -32767.0 -32767.0 -32767.0 -32767.0 -32767.0 -32767.0 -32767.0 -32767.0 -32767.0 -0.28292832 -0.37519598 -0.0935179 -0.10248185 0.18892533 0.54212916 0.19446543 0.08723726 0.122422375 0.030755872 -0.21296537 -0.3673706 -0.38343516 -0.32848677 -0.23373374 -0.24960126 -0.13056192 0.06303108 0.007923285 -0.1548401 -0.31095374 -0.3405556 -0.47202513 -0.27305606 -0.24969848 -0.0669733 0.4372615 0.6157524 0.21114375 -0.14350753 -0.40444747 -0.48377517 -0.15272056 0.03497075 0.05049486
-0.23346913 -0.1167316 -0.09618723 -0.042432174 -0.020466954 0.021461977 0.014395185 0.008440635 0.031207222 0.2176126 0.031385534 -32767.0 -32767.0 -32767.0 -32767.0 -32767.0 -32767.0 -32767.0 -32767.0 -32767.0 -32767.0 -32767.0 -32767.0 -32767.0 -0.2938636 -0.2927799 -0.17972347 -0.116100855 0.52453935 0.38618693 0.10448426 -0.034815542 -0.08589662 -0.14477381 -0.3562595 -0.49968874 -0.44938904 -0.38360983 -0.32453835 -0.12915364 0.14039475 -0.18415643 -0.3516358 -0.47251928 -0.42122024 0.07576919 0.18439135 0.014442928 0.037008055 0.3419471 0.36788234 0.069841534 -0.2176502 -0.3825396 -0.49627003 -0.1967994 0.11585664 0.12604612
-0.22074836 -0.098573446 -0.026104476 -0.019958938 0.06615499 0.15267013 0.13437694 0.1174435 0.29976147 -0.019531334 -32767.0 -32767.0 -32767.0 -32767.0 -32767.0 -32767.0 -32767.0 -32767.0 -32767.0 -32767.0 -32767.0 -32767.0 -32767.0 -32767.0 -32767.0 -0.37675333 -0.21675867 -0.10918073 0.55799896 0.56566054 0.020564139 -0.09742171 -0.23824544 -0.4234088 -0.5984977 -0.54395133 -0.30225006 -0.10343424 -0.10407634 0.011133093 0.03572723 -0.41055468 -0.63594496 -0.27352035 0.08116311 0.3068924 0.30569008 0.16496038 0.0736894 0.064818695 0.04291362 -0.03621446 -0.16124071 -0.35574138 -0.3010117 -0.035905562 0.050817743 0.058689576
-0.050882377 0.06975955 0.04877864 0.03289795 0.14838329 0.18529738 0.16289592 0.16252074 0.1517538 -32767.0 0.10279821 -32767.0 -32767.0 -32767.0 -32767.0 -32767.0 -32767.0 -32767.0 -32767.0 -32767.0 -32767.0 -32767.0 -32767.0 -32767.0 -32767.0 -0.20813945 -0.42039487 -0.0033181626 0.40215454 0.5661371 -0.05946972 -0.16778184 -0.43386742 -0.6347259 -0.59806424 -0.26460114 -0.01600361 -0.12707928 0.018903056 0.013226815 -0.1684099 -0.45270777 -0.55336803 -0.17425698 0.2125272 0.36377296 0.28586593 0.12200765 0.10702323 -0.0071185427 -0.16418806 -0.35593516 -0.23644742 -0.23325326 -0.1097181 0.118274435 0.16293575 0.09271394
-0.051391933 0.021295689 -0.045163564 -0.07436862 0.039821018 0.084433205 0.055090643 0.018550035 0.18125711 0.104568705 0.32006583 0.0678278 0.015651809 0.007176102 0.018012282 0.008648291 -32767.0 -32767.0 -32767.0 -32767.0 -32767.0 -32767.0 -32767.0 -32767.0 -32767.0 -32767.0 -0.10015845 -0.075761974 0.43369 0.5819201 -0.062374182 -0.15766898 -0.33047664 -0.5274756 -0.5342123 -0.39396948 -0.054365423 -0.12114878 -0.12558635 -0.013772551 -0.05191205 -0.1764956 -0.24490747 -0.14383678 0.013892752 0.120194815 0.1285989 0.141884 0.04860995 -0.13462298 -0.3997271 -0.32590967 -0.11399887 -0.15380192 0.020266423 0.17271459 0.18782802 0.30266467
-0.05299861 -0.1723254 -0.033368316 -0.013342081 0.0054154913 -0.025376849 0.02921375 0.11156806 0.069197394 0.04006892 -0.03639659 0.04225139 0.053658187 0.064965256 0.02807906 0.032506213 -32767.0 -32767.0 -32767.0 -32767.0 -32767.0 -32767.0 -32767.0 -32767.0 -32767.0 -32767.0 -32767.0 -0.05330125 0.12894051 0.5872286 0.05304589 -0.27114668 -0.3876834 -0.36813048 -0.6127049 -0.31799608 -0.20588177 -0.2672744 -0.285199 -0.06735294 0.25594428 0.3256466 0.020904332 -0.05156491 -0.15710355 -0.08582844 0.1669994 0.05210825 -0.12746105 -0.25906426 -0.2882858 -0.03414888 0.1312225 0.1362394 0.29443502 0.17295107 0.11550243 0.59070617
-32767.0 -0.097753406 -0.28552783 -0.1867599 -0.12229621 -0.13083346 -0.012265476 0.09701284 0.16330165 0.059399776 -0.07051977 0.12714848 0.052088693 0.05824105 0.11839748 0.06391854 0.1638941 -0.11700332 -32767.0 -32767.0 -32767.0 -32767.0 -32767.0 -32767.0 -32767.0 -32767.0 -32767.0 -32767.0 -0.13805854 0.6585744 0.009746928 -0.19165361 -0.3471774 -0.22400399 -0.43417227 -0.30842823 -0.2168366 -0.2478489 -0.26470095 -0.093162045 0.29650277 0.29903558 0.10941137 0.0014935713 -0.2178788 -0.081558764 -0.058719803 0.043724325 -0.073101915 -0.2647741 -0.10063563 0.07848146 0.23638909 0.43914354 0.37539768 0.2498817 0.17322342 -32767.0
-32767.0 -0.14249158 -0.07005931 -0.2594847 -0.20030421 -0.13852735 -0.069114625 0.06320146 0.046827916 -0.028789397 -0.08566413 0.0052617057 0.09000824 0.03523583 0.030075459 0.109644555 -32767.0 -0.03770508 -32767.0 -32767.0 -32767.0 -32767.0 -32767.0 -32767.0 -32767.0 -32767.0 -32767.0 -32767.0 0.0040050987 0.6296201 0.078768656 -0.021168396 -0.15438943 -0.37422866 -0.3830087 -0.3655859 -0.32244655 -0.28135964 -0.26347965 -0.068523936 0.22228326 0.21366301 0.046093278 0.017001644 -0.2987356 -0.17330277 -0.11023421 0.064322665 -0.016006118 -0.07896801 -0.011061498 0.014447286 0.1852491 0.36599994 0.05973429 0.37072483 0.4550907 -32767.0
-0.08157785 -0.011395346 -0.044789303 -0.16978584 -0.19539195 -0.12730311 -0.07026304 -0.06716416 -0.12631133 -0.2222443 -0.26649997 -0.1655714 -0.08724766 0.043491576 0.30106655 -32767.0 -32767.0 -32767.0 -32767.0 -32767.0 -32767.0 -32767.0 -32767.0 -32767.0 -32767.0 -32767.0 -32767.0 -32767.0 0.02152722 0.5050583 0.1120672 0.008415099 -0.022316014 -0.18566912 -0.30927637 -0.26981464 -0.31780207 -0.31191865 -0.2783916 -0.057371877 0.14610267 0.15922055 0.11540966 0.02082992 -0.24710388 -0.40285462 -0.06886768 0.23647697 0.16767967 -0.075561956 -0.02036009 0.16090818 0.27570215 0.3311398 0.359413 0.48019102 0.557825 0.026568651
-0.08269558 -0.02720938 -0.029283324 -0.12465355 -0.13081354 0.00552487 0.046062708 -0.057012357 -0.19226915 -0.27918065 -0.32979408 -0.27718705 -0.18009788 -0.14017324 0.10379842 0.098685436 -32767.0 -32767.0 -32767.0 -32767.0 -32767.0 -32767.0 -32767.0 -32767.0 -32767.0 -32767.0 -32767.0 -32767.0 -0.36968035 0.6290871 0.26679385 -0.02252553 -0.08885603 -0.031311586 -0.078502074 -0.170429 -0.24192715 -0.2139065 -0.16068515 -0.07412309 -0.0020814952 0.004129647 0.3795876 0.11480956 -0.132112 -0.2998376 -0.07741341 0.06521716 0.00030732533 -0.058134813 0.059940476 0.15192895 0.3567887 0.60316336 0.48201138 0.29077342 0.0830735 -32767.0
-0.054244645 -0.041726775 -0.057867 -0.113065146 -0.17848192 -0.09423285 -0.020235403 0.0051761204 -0.06589853 -0.12448089 -0.23399533 -0.20256212 -0.18856017 -0.12579213 -0.018989058 0.18840583 0.09970816 -32767.0 -32767.0 -32767.0 -32767.0 -32767.0 -32767.0 -32767.0 -32767.0 -32767.0 -32767.0 -32767.0 -0.3318264 0.7333067 0.33907467 -0.21478438 -0.0928065 0.03625472 -0.011879835 -0.1714237 -0.19915722 -0.03309034 -0.008058332 -0.086527795 -0.057663113 0.15581113 0.3406437 -32767.0 -0.17201191 0.05523143 -0.0024277405 -0.05676138 -0.07665807 0.00029383227 0.002305868 0.016400184 -0.08441259 0.58350474 0.5054869 -32767.0 -32767.0 -32767.0
-0.015554662 -0.072520316 -0.11902304 -0.16679394 -0.1918101 -0.17743076 -0.14489004 -0.18515374 -0.16382346 -0.13239971 -0.104147084 -0.14993131 -0.111679934 -0.120519914 -0.10384299 0.10669806 0.0988539 -32767.0 -32767.0 -32767.0 -32767.0 -32767.0 -32767.0 -32767.0 -32767.0 -32767.0 -32767.0 -32767.0 -32767.0 0.7457078 0.32434684 -0.28832206 -0.13286667 -0.004534001 0.03609345 -0.022994477 0.023218527 0.22222513 0.015644189 -0.027844476 0.049764868 0.17491573 0.2170742 0.0020110696 0.0073202783 -0.00019982317 0.061956055 -0.13209392 -0.08171208 -0.016375052 0.11864024 0.104149394 0.22650191 0.612622 0.29428357 -32767.0 -32767.0 -32767.0
-0.0026474493 -0.100050345 -0.16050233 -0.14355996 -0.12667727 -0.08333169 -0.15310816 -0.23112418 -0.27718246 -0.18537767 -0.18222636 -0.23035511 -0.15434751 -0.08766818 -0.0142893605 0.1905367 0.09663949 0.01648079 -32767.0 -32767.0 -32767.0 -32767.0 -32767.0 -32767.0 -32767.0 -32767.0 -32767.0 -32767.0 0.52739143 0.68570566 0.2647484 -0.24843527 -0.38150227 -0.09672826 0.108548924 0.22180657 0.06383318 0.1701322 -0.13925278 0.0010235774 0.16694959 0.30615282 0.17319465 0.033095635 -0.008798265 -0.021012248 0.03332436 0.060957186 0.14598368 0.20041853 0.32798353 -32767.0 0.09789494 0.07194971 0.15184526 -32767.0 -32767.0 -32767.0
-0.00450586 -0.041272778 -0.051357236 -0.06968871 -0.13692832 -0.18413319 -0.23906882 -0.2883862 -0.2492617 -0.16329238 -0.12756868 -0.17623366 -0.17930983 -0.21780244 0.022055801 0.12600343 0.038895383 -32767.0 -32767.0 -32767.0 -32767.0 -32767.0 -32767.0 -32767.0 -32767.0 -32767.0 -32767.0 -32767.0 0.52753913 0.49976036 0.07526151 -0.073681384 -0.17894222 -0.039744627 0.10851638 0.20318572 0.2157876 0.11160524 0.080739036 0.09419263 0.5300257 0.18334632 -32767.0 -32767.0 -0.015735434 0.047202654 -32767.0 -32767.0 -32767.0 -32767.0 -32767.0 -32767.0 -32767.0 -32767.0 -32767.0 -32767.0 -32767.0 -32767.0
0.06012703 0.029482398 0.00028504344 -0.07105815 -0.21755162 -0.26072234 -0.17998508 -0.18656746 -0.17369421 -0.16750795 -0.24235289 -0.30890447 -0.21472688 -0.15094532 0.05895752 0.04981668 -32767.0 -32767.0 -32767.0 -32767.0 -32767.0 -32767.0 -32767.0 -32767.0 -32767.0 -32767.0 -32767.0 0.31526574 0.43957478 0.31998387 -0.08437845 0.07079558 0.014231707 0.011326361 0.14377396 0.19985957 0.09960371 -0.06299018 0.28750765 0.31309256 0.16855909 -32767.0 -32767.0 -32767.0 -32767.0 -32767.0 -32767.0 -32767.0 -32767.0 -32767.0 -32767.0 -32767.0 -32767.0 -32767.0 -32767.0 -32767.0 -32767.0 -32767.0
0.10127064 0.04326722 0.09496357 0.057213645 -0.054827526 -0.14355433 -0.10440613 -0.08130732 -0.08743433 -0.06297394 -0.14006664 -0.32373223 -0.2898395 -0.116418734 -0.022606084 0.006532704 -32767.0 -32767.0 -32767.0 -32767.0 -32767.0 -32767.0 -32767.0 -32767.0 0.12225612 -0.124325775 0.2005064 0.37082082 0.27846745 0.060972083 -0.23782867 0.020340923 0.09467614 0.16249235 0.37362757 0.29059997 0.08564159 0.0069350563 0.076186806 -32767.0 -32767.0 -32767.0 -32767.0 -32767.0 -32767.0 -32767.0 -32767.0 -32767.0 -32767.0 -32767.0 -32767.0 -32767.0 -32767.0 -32767.0 -32767.0 -32767.0 -32767.0 -0.036004107
0.043998472 0.068703696 0.105232626 0.06980393 -0.008223577 -0.04208567 -0.06388953 -0.061312523 -0.14696674 -0.2296299 -0.2114342 -0.28435084 -0.24038216 -0.18494807 -0.05325322 0.00025878823 -32767.0 -32767.0 -32767.0 -32767.0 0.02759234 0.007617541 -0.1431941 -0.027301695 -0.059802018 0.2660151 0.16166101 0.6917279 0.15327135 -0.28025585 -0.11586028 0.05877448 0.21555476 0.3730704 0.3620776 -0.07338227 0.26715785 -0.056523405 -32767.0 -32767.0 -32767.0 -32767.0 -32767.0 -32767.0 -32767.0 -32767.0 -32767.0 -32767.0 -0.102662496 -0.00011248066 -32767.0 -32767.0 -32767.0 -32767.0 -32767.0 -32767.0 -32767.0 -0.22796518
-0.017273206 -0.0053753313 -0.035648935 -0.101263225 -0.14903474 -0.21509384 -0.20717616 -0.17602733 -0.23795778 -0.1922102 -0.16106829 -0.19255997 -0.10499164 -0.4211103 0.003360096 -32767.0 0.0049801683 -32767.0 -0.0018623406 -32767.0 -0.043814983 -32767.0 -0.07195741 -0.11345086 -0.07906513 0.04131301 0.3356801 0.13933748 -0.20101094 0.06609255 0.113135494 0.13515969 0.20752136 0.35897157 0.08304683 -0.15148057 -32767.0 -32767.0 -32767.0 -32767.0 -32767.0 -32767.0 -32767.0 -32767.0 0.029341495 -0.062102526 -0.074848 -0.11600394 0.04100727 0.08817854 0.017525971 -0.00998582 -32767.0 -32767.0 -32767.0 -32767.0 -32767.0 -0.078924
-0.10693219 -0.1771387 -0.18778984 -0.20655248 -0.234395 -0.26845905 -0.25341094 -0.2970917 -0.3373528 -0.21564077 -0.13011785 -0.09674681 -0.090064995 -0.10417849 -0.2381855 -0.2529243 0.007807441 0.0003022952 -0.15026009 0.09282253 0.112183414 0.009189665 0.055605736 0.07629327 0.10206792 0.25913173 0.48432118 -32767.0 -0.0419736 0.25174174 0.20656365 0.1266061 0.114719145 0.023148214 -32767.0 -32767.0 -32767.0 -32767.0 -32767.0 -0.16639014 -0.17474803 0.0031307305 0.01716187 -0.069649085 0.0693689 0.0041935905 -32767.0 -32767.0 -0.022219943 -0.07825167 0.048476674 -32767.0 -32767.0 -32767.0 -32767.0 -32767.0 0.09513296 0.17277177
-0.15913118 -0.17668462 -0.23302962 -0.21616098 -0.17632547 -0.22658153 -0.19879548 -0.26099873 -0.3545749 -0.3029483 -0.21048066 -0.10755567 0.022370102 0.017527884 0.038403418 -0.09117808 -0.103702016 0.06931166 0.07526634 0.21448946 0.14147846 0.0899083 0.19722244 0.19713272 0.17363918 0.20839134 0.32109258 0.2453912 0.36355963 0.27775452 0.072991416 -0.027760146 0.006096431 0.06915375 0.03676091 -32767.0 0.0758055 -0.0315863 -32767.0 -0.1327984 0.05271058 -0.13182175 -32767.0 0.07711392 0.0635882 -32767.0 -32767.0 -32767.0 -32767.0 -0.28408933 0.07648642 -32767.0 -32767.0 -32767.0 -32767.0 0.009866713 0.26509988 0.14682157
-0.0949875 -0.3091494 -0.33518463 -0.23652524 -0.13015004 -0.093875036 -0.12158736 -0.14186814 -0.22681531 -0.24907428 -0.23539253 -0.13439135 -0.079228066 0.0326331 0.02796752 0.08909221 0.22833423 0.020981804 -0.09321979 0.0531737 0.054007538 0.1405299 0.22555499 0.33663663 0.3183009 0.28908098 0.27714625 0.32143068 0.22481723 -32767.0 0.13250723 0.06423819 -32767.0 -32767.0 0.028488485 0.02511596 0.17304526 -0.13703167 -0.007531867 0.1760384 -0.072503954 -32767.0 -32767.0 -32767.0 -32767.0 -32767.0 -32767.0 -32767.0 -32767.0 -0.26971045 -0.08796391 -0.18854333 -32767.0 -32767.0 0.1307812 0.17329785 0.009159929 0.039079048
