static/data/seaWater_vo/2023/7/11/6.asc
ncols 137
nrows 93
xllcorner 108.0
yllcorner 17.0
cellsize 0.25
NODATA_value -32767
[rows 52 to 77 of 93, columns 58 to 115 of 137]
0.40128163 0.27062878 -0.026515158 -0.008867009 0.013580586 -0.008754364 0.015879825 0.0348955 0.04155143 0.04792522 0.013822774 -0.113375515 0.257796 0.18839785 0.6723412 0.8373365 0.6676992 0.3169462 0.23041224 0.1904866 0.013548485 0.07707077 0.04303501 -0.1129269 -0.10146814 -0.3017165 0.085701376 0.24226214 0.06373037 0.26007628 0.3957614 0.39570758 0.3669961 0.502063 0.42061603 0.3640952 0.27445328 0.3167711 0.104314774 -0.022925802 -0.19438039 -0.22902 -0.2109901 -0.4287457 -0.6315108 -0.67896444 -0.38885534 -0.20500962 -0.13557412 0.10288656 0.28378716 0.45386687 0.61035204 0.39421627 0.07953011 -0.11576683 -0.38579026 -0.21077849
0.23818514 0.0816442 0.033282142 -0.14074495 -0.050486036 0.05267941 0.01708944 0.026906319 -0.022187782 -0.03070261 -0.010994124 0.10318036 0.16373667 0.5090426 0.8434354 0.777611 0.4290603 0.06877143 0.0020865686 0.15352124 0.026982842 0.1885723 0.071401775 -32767.0 -0.21328677 -0.14852865 0.0021764354 0.18219596 0.075969726 0.2702906 0.5013353 0.3839147 0.3366397 0.47140652 0.40805689 0.319193 0.24121475 0.20626552 0.077816665 -0.0067875255 -0.11255715 -0.23581937 -0.46310169 -0.6606522 -0.62576085 -0.38632396 -0.27908587 -0.3493619 -0.02781718 0.39296234 0.37259972 0.8227587 0.6450015 0.3083814 0.03660158 -0.34768093 -0.4841496 -0.2391027
0.23421845 0.11234284 0.1290734 0.06790728 -0.0322998 -0.0041384916 0.06053366 0.076182656 0.003305323 0.024370082 0.10127943 0.22572695 0.5059218 0.8169984 0.76466954 0.47731492 0.13807586 -0.041805003 -0.06146786 0.16094758 0.13516146 0.09706534 0.089889154 -0.013832004 -0.16531403 -0.07273385 -0.011294961 0.19300547 0.076447405 0.27469712 0.5715199 0.42978448 0.3153775 0.47806922 0.37561944 0.2635681 0.17654961 0.13873878 0.007727378 -0.11945522 -0.29563814 -0.4555731 -0.4939664 -0.3859834 -0.26182815 -0.29895252 -0.39833537 -0.22031695 0.29916137 0.35539815 0.6502619 0.8843461 0.67604357 0.3231245 0.123975515 -0.20492318 -0.5711358 -0.44353682
0.19839734 0.18960142 0.07869345 0.02662645 0.03521106 0.07006208 0.2857176 0.3474674 0.29557085 0.37069964 0.47579488 0.64472973 0.709901 0.5993538 0.4076497 0.2108811 -0.061507054 0.06545653 0.18352339 0.1523719 0.1213028 -32767.0 0.09068491 -0.03212021 -0.10954627 -0.010987112 0.0010361825 0.17151947 0.22879758 0.23067012 0.60731095 0.49760857 0.38620734 0.42617747 0.3153063 0.22771585 0.10109185 0.021674847 -0.11436052 -0.26128107 -0.3779048 -0.40894446 -0.2806785 -0.20855221 -0.23260659 -0.30658403 -0.2675464 0.11335339 0.43682146 0.4726542 0.82434565 0.8992687 0.7015918 0.42958245 0.16506879 -0.080435835 -0.36461297 -0.4203307
0.24514472 0.24338855 0.1980609 0.2549641 0.11017026 0.05554351 0.30056956 0.4131668 0.44112065 0.47073638 0.48329866 0.4706742 0.47404575 0.37319627 0.30203462 0.19049571 0.090725616 0.21599594 0.22587913 0.19060387 0.18032734 0.004648181 -0.072285995 -0.0259984 -0.07042846 -0.08784146 0.028130427 0.037602223 0.20645705 0.29453054 0.52576786 0.5138099 0.3395527 0.33955044 0.3256059 0.16329654 0.06396136 -0.10718215 -0.18198176 -0.23170593 -0.27084824 -0.20402159 -0.0753178 -0.14834845 -0.22169511 -0.195423 0.009174574 0.38198107 0.41283214 0.58037734 0.9102808 0.78226805 0.78181696 0.46511605 0.22020188 -0.0077562523 -0.10539586 -0.20920396
0.25665087 0.43626568 0.31723833 0.1346464 0.07747298 0.20860803 0.17753449 0.35554844 0.43673435 0.47219148 0.38666564 0.40195808 0.34424815 0.35577163 0.28842396 0.2518784 0.26908982 0.28588465 0.2598199 0.19692361 0.13379347 0.07988541 0.016917273 0.012043395 -0.048357435 -0.09235379 -0.068815626 -0.028856803 0.13709162 0.2515762 0.39997965 0.610706 0.36794183 0.2375857 0.2943326 0.21147549 0.061573677 -0.087613806 -0.21964067 -0.2269988 -0.15980081 -0.041897915 -0.016219031 -0.11548725 -0.11219165 0.013345504 0.18316332 0.37905297 0.39121094 0.6099501 0.73174536 0.6254212 0.6004535 0.58928394 0.33333796 0.08847465 0.006569807 0.0032724894
0.63734716 0.7436026 0.5870123 0.33753392 0.19124062 0.29137066 0.4252022 0.31511626 0.3295866 0.3244938 0.33873028 0.31938866 0.29026416 0.29403353 0.3311983 0.29159456 0.28651646 0.28144923 0.1897477 0.17412032 0.18132812 0.14994569 0.09966481 0.025329191 -0.054064684 -0.13343188 -0.1922259 -0.039321486 0.09431171 0.110994495 0.22482727 0.64758825 0.48276553 0.36678433 0.1494752 0.019891808 0.005956122 -0.050741326 -0.14425153 -0.21279585 -0.20879571 -0.18754482 -0.03401184 -0.033169694 -0.0045240005 0.044400726 0.16655111 0.22755195 0.40898192 0.6046529 0.6244588 0.43694615 0.39708355 0.6771943 0.44064248 0.22711918 0.11628076 0.1288121
0.85079384 0.8447186 0.6129182 0.39529207 0.27770555 0.33641055 0.1909763 0.27366775 0.22029196 0.3970059 0.37168166 0.2764736 0.06712381 0.3282241 0.28790262 0.27011466 0.32117936 0.27200752 0.088039264 0.16290484 0.32780752 0.2344432 0.18872193 0.087137334 -0.027960185 -0.19632427 -0.24209958 -0.20587699 0.029160785 0.011936632 0.14126882 0.60761994 0.54285765 0.34431836 0.16389209 0.012516649 -0.08374975 -0.016836705 -0.014195688 -0.14052871 -0.20225883 -0.19431897 -0.18382737 -0.09037581 0.1142733 0.16828011 0.09977389 0.2571703 0.3894797 0.57088 0.5194284 0.45723006 0.3416155 0.5934986 0.5907246 0.22829026 0.11553419 0.10107918
0.88092023 0.76900125 0.5864342 0.32608154 0.33846807 0.32158902 0.24392456 0.1706073 0.24358524 0.33956632 0.48088777 0.039744943 -0.020509442 0.44697398 0.36843815 0.28090718 0.3122001 0.24949417 0.099262066 0.3303371 0.3346606 0.28589624 0.2506305 0.117174365 0.008914416 -0.06933118 -0.27129713 -0.32885736 -0.09616499 -0.034268167 0.17295614 0.56584346 0.5033548 0.29624924 0.097225055 -0.0069915955 -0.0788894 -0.06951743 -0.10733295 -0.13316804 -0.110186875 -0.13261645 -0.1960649 -0.14207661 -0.018969158 0.10001464 0.21712595 0.24557465 0.34720734 0.4648047 0.4739335 0.55800813 0.3997385 0.5972061 0.66012025 0.36052346 0.19647358 -0.008481123
0.8155813 0.63519603 0.44982162 0.14846045 0.2220793 0.48888195 0.26770574 0.06321205 0.22433166 0.30460772 0.47270113 0.10512505 0.29264057 0.43339604 0.3640605 0.24924189 0.25862092 0.21181355 0.101447776 0.3739486 0.32348853 0.39231488 0.2740316 0.0005475341 -0.07491138 -0.064589255 -0.2643191 -0.38969365 -0.15614004 -0.025577689 0.4303905 0.5894873 0.39135423 0.16849443 0.11508838 0.21855173 0.087574184 0.04026958 0.07448173 0.08548134 -0.0044910475 -0.14010516 -0.23647526 -0.18241292 -0.08434605 -0.06295762 0.051152233 0.1586701 0.25960332 0.30160627 0.501824 0.5023551 0.5322961 0.6582241 0.6542823 0.4052751 0.32629716 0.0864386
0.6697146 0.43767396 0.28206307 0.22305018 0.4889916 0.17933972 0.16328143 -0.009860081 0.27606672 0.2832868 0.31840095 0.30763665 0.37203732 0.44324613 0.40941265 0.27478483 0.25110662 0.18538119 0.107734516 0.31851023 0.37530634 0.39752635 0.25026342 -0.048916977 -0.10385059 -0.10669499 -0.26340124 -0.32003132 -0.13881123 0.19894104 0.582887 0.6122858 0.30627018 0.08756496 0.039802983 0.26934093 0.19952758 0.16828424 0.3701542 0.28628504 0.14941862 -0.015272952 -0.10064565 -0.22864754 -0.2644983 -0.081758395 0.06151346 0.1437892 0.1959313 0.16455992 0.45016617 0.41543433 0.5856971 0.6910198 0.6009011 0.3659342 0.13179591 0.13956608
0.5239139 0.28408778 0.29367647 0.44071484 0.3144337 0.30273655 0.0980507 0.21864599 0.28951883 0.29955772 0.2984763 0.37795278 0.49047455 0.4985565 0.44709343 0.26696146 0.23484649 0.13894074 0.12038902 0.24915354 0.32735854 0.29920623 0.16009676 0.0026822675 -0.059260458 -0.17081942 -0.37725568 -0.34317413 -0.010412969 0.49187526 0.6293626 0.43671077 0.25897634 0.11836107 0.04548866 0.29318422 0.16598357 0.22359607 0.4466112 0.4101166 0.22146827 0.19219209 0.048167612 -0.07358243 -0.14300065 -0.24549437 -0.16807787 -0.017700559 -0.0059812125 0.12172981 0.49066657 0.26963407 0.6610144 0.66908675 0.5449461 0.33404672 -0.043239713 -0.017572254
0.4252931 0.18313004 0.32909778 0.2542696 0.25445986 0.2239978 0.23238556 0.29788476 0.29224914 0.25345075 0.31235722 0.4246975 0.6057223 0.5221478 0.42202768 0.31038952 0.18884175 0.09516645 0.12340222 0.16420594 0.27935585 0.25787765 0.15209138 0.085934944 -0.06653559 -0.29017365 -0.41524652 -0.3000698 0.34008372 0.5394827 0.7013654 0.40346342 0.18508358 0.1926622 0.26532945 0.27757168 0.12582532 0.39969817 0.40396386 0.37805572 0.22164153 0.09288692 -0.0068462584 -0.045118958 -0.12643796 -0.18665983 -0.11385137 0.03306693 0.06950095 0.2946717 0.42372367 0.33890232 0.6880095 0.69381374 0.48036063 0.21242285 -0.12295847 -0.11704712
0.41942343 0.071514495 0.19588095 0.1682846 0.20578468 0.27466923 0.31902638 0.46030572 0.2592724 0.27940655 0.39482588 0.74301285 0.6801093 0.39055803 0.33962625 0.2939623 0.15387835 0.048665732 0.12961568 0.10607856 0.217227 0.21488287 0.14879942 0.0049177846 -0.1836245 -0.28391057 -0.24913713 -0.0016915661 0.3663556 0.47176966 0.6382311 0.43686217 0.29450792 0.29912582 0.2949469 0.28786588 0.26602185 0.35507113 0.23157151 0.38955843 0.22431414 0.058542814 0.0015936582 0.008868721 -0.047639824 -0.050079063 -0.039902527 -0.0007246471 0.22469664 0.34401613 0.36789918 0.5094097 0.60439277 0.5949695 0.34944445 0.18765357 -0.07911803 -0.060697593
0.43425316 -0.07047692 0.10215368 0.1048265 0.1858349 0.3134623 0.36757192 0.46901602 0.26469257 0.3816366 0.66110957 0.9285115 0.65708536 0.27392218 0.18721175 0.20076442 0.030098353 0.060689997 0.16726951 0.11920417 0.17387709 0.17211328 0.06679517 -0.07627876 -0.19331063 -0.17170057 -0.040846713 0.0985012 0.20102015 0.27122912 0.4713213 0.43333423 0.22871228 0.17666844 0.20851336 0.2387931 0.30329752 0.31482047 0.1274676 0.2320041 0.16592935 0.032759003 0.19582474 0.14463587 0.067647666 0.028792271 0.08413962 0.22491407 0.2524981 0.34113923 0.39389923 0.53935766 0.5633593 0.49834198 0.17714745 0.21915434 -0.005532665 -0.16097268
0.4346611 -0.16328771 -0.028371293 0.16142355 0.25420547 0.34449166 0.2731397 0.44349182 0.35930547 0.4939693 0.86560786 0.9144883 0.6009809 0.21302967 0.108432114 0.06784073 -0.09613858 0.21638544 0.22233896 0.12936537 0.050046798 0.099964015 -0.0029768038 -0.13127561 -0.15208569 -0.070112094 0.023267519 0.06352574 0.0836781 0.12350587 0.32993197 0.4349141 0.16077796 0.07721852 0.17171639 0.25501898 0.32921326 0.35617596 0.3373987 0.16229458 0.13758431 0.08191534 0.08881384 0.17512622 0.23906778 0.12632033 0.1448323 0.17645052 0.344015 0.42155895 0.44694102 0.40217152 0.37314263 0.42322123 0.023309708 0.021573307 -0.20039275 -0.10880907
0.5655629 -0.26042023 -0.16964942 0.16122214 0.2648943 0.23922437 0.22990227 0.39617085 0.4590622 0.4831999 0.9132186 0.8392744 0.51718146 0.19777507 0.06973156 -0.038644843 -0.1626924 0.16836075 0.33302215 0.15219219 0.046224102 0.013649443 0.001442473 0.003776765 0.029728837 0.054771114 0.14591399 0.13375789 0.11823624 0.15031698 0.38910916 0.36354724 0.22270359 0.063801564 0.118208386 0.23494773 0.36045825 0.4434356 0.3273749 0.27997112 0.078343116 0.14334385 0.018233482 0.22704446 0.18838392 0.08603541 0.10975321 0.3425828 0.506327 0.4930015 0.37311572 0.2375696 0.14406998 0.3135941 -0.06801907 -0.16862343 -0.23018073 0.08536308
0.5136982 -0.17117411 -0.33386156 0.09875654 0.27005184 0.26123464 0.35035783 0.4304224 0.40679565 0.52663183 0.82227623 0.73102796 0.45730826 0.2201089 0.017625112 -0.10109576 -0.24260838 -0.015925506 0.30294743 0.32857895 0.17787924 0.0997735 0.15031388 0.15662567 0.17239028 0.20369306 0.16569263 0.113683484 0.07909658 0.19317321 0.37117264 0.29052788 0.26580182 0.16424423 0.13912581 0.24347919 0.20664054 0.31708837 0.40708196 0.29833826 0.23092417 0.002804942 0.11853703 0.034832526 0.17359953 0.1734815 0.36322984 0.4799624 0.47726828 0.40742514 0.2729559 0.15130816 0.005086143 0.07166368 -0.101771526 -0.30398598 -0.27370057 -0.024346795
0.4055604 -0.010821669 -0.42935935 0.042598017 0.2111304 0.41159388 0.49165943 0.32787055 0.25263482 0.56780905 0.72184026 0.66813856 0.42762455 0.20268515 -0.03202236 -0.17444941 -0.33569616 -0.13927539 0.2283206 0.24006838 0.18845412 0.15305081 0.15256867 0.18395874 0.21362017 0.21063747 0.18864699 0.15547873 0.18230629 0.22169091 0.19709499 0.2622161 0.35764155 0.28264156 0.22003521 0.22963935 0.18634306 0.21882701 0.28565893 0.32487756 0.24818984 0.1625723 -0.055976182 0.06440365 0.11537645 0.32626852 0.44658867 0.5492975 0.5219269 0.3823297 0.19094819 -0.013847997 -0.13268536 -0.11613363 -0.050784044 -0.38975668 -0.3211683 -0.08761531
0.3676618 -0.04167534 -0.43990627 0.06602696 0.13047063 0.5584743 0.43111944 0.29992104 0.3660795 0.5282737 0.6131677 0.6050341 0.40228447 0.12455443 -0.07874996 -0.25385576 -0.38543704 -0.19647074 0.04418465 0.18435703 0.22441329 0.15408966 0.19967207 0.3007848 0.35949737 0.3281753 0.28213978 0.27149218 0.2061681 0.1294048 0.09374012 0.27599776 0.32688844 0.35248062 0.36110717 0.3154909 0.23223594 0.18287677 0.20849468 0.2656363 0.27273318 0.15502772 0.08147986 -0.0342812 0.35912958 0.417419 0.56051445 0.5878382 0.39859605 0.25927576 0.16711578 -0.08387527 -0.20703043 -0.17565764 -0.15973338 -0.4425779 -0.375718 -0.09766367
0.31103984 -0.050819345 -0.37063912 0.066617176 0.1854353 0.5990289 0.4470462 0.35965928 0.34247902 0.50762993 0.57556236 0.52606046 0.31061083 0.060066335 -0.15147233 -0.34876212 -0.3783873 -0.1716996 -0.019150853 0.111174405 0.2501969 0.17573553 0.20686217 0.34609047 0.39693442 0.41299894 0.43035564 0.29276472 0.24917938 0.1948864 0.24516247 0.27957085 0.32449692 0.30784696 0.26024297 0.2922206 0.2945261 0.187885 0.20283782 0.255665 0.25776994 0.1345614 0.0502112 -0.032451842 0.15012534 0.46022335 0.6409138 0.5325608 0.28158322 0.22456592 0.13907558 -0.074036874 -0.13144791 -0.14339107 -0.2363286 -0.4972536 -0.3526921 -0.10119368
0.15895544 -0.026449466 -0.31452912 0.03136977 0.30850932 0.524877 0.37844467 0.33434868 0.5123393 0.58750767 0.58874434 0.3957665 0.2520925 0.048151348 -0.17643023 -0.3614953 -0.33636755 -0.111156374 0.05425333 0.07686867 0.13070703 0.091512 0.21877022 0.3193295 0.29376248 0.3328094 0.35168722 0.35571495 0.29722616 0.34447643 0.35798085 0.41006532 0.4045056 0.4087372 0.36062396 0.2424859 0.13694943 0.0872443 0.10448792 0.15384732 0.19902508 0.05448858 0.0008721656 -0.05197144 0.10813972 0.5303972 0.64585483 0.43421876 0.30721122 0.19903114 0.09579264 -0.06146631 -0.065748245 -0.090499386 -0.22379006 -0.42209256 -0.23972203 -0.130864
0.121168464 -0.024892712 -0.06676939 0.006041968 0.34230366 0.33432665 0.29823655 0.4857443 0.6484768 0.7044585 0.5026813 0.24452075 0.18101749 0.0065094833 -0.23704825 -0.38483799 -0.21784005 0.0074085463 -0.07971301 -0.07187569 -0.041957397 0.08309448 0.22058456 0.32039377 0.31535524 0.29950035 0.30573946 0.33338854 0.31803966 0.3669461 0.43974888 0.54846495 0.57456255 0.54077524 0.47477445 0.3419977 0.17901321 0.07630292 0.0030506116 0.0052845776 0.08208222 0.0068889037 -0.14232142 -0.116372965 0.09101409 0.50956357 0.6409167 0.41046754 0.33415398 0.2041188 0.056997295 -0.049929243 -0.11945184 -0.19413729 -0.21373843 -0.19976352 -0.18327758 -0.11471463
0.099161305 -0.067910284 -0.001541678 0.027566742 0.24549666 0.25741607 0.32546276 0.65900385 0.79234356 0.632923 0.34619617 0.29075056 0.1505778 -0.027500855 -0.30241612 -0.40873718 -0.12153485 -0.048576675 -0.095858894 -0.12329493 0.03247813 0.15517722 0.33175555 0.28488615 0.25339362 0.23499373 0.3732054 0.36829355 0.3981585 0.5349418 0.6005998 0.5352953 0.63747007 0.6177984 0.5655949 0.44653794 0.20103829 0.044913214 0.053466264 -0.029547293 -0.107304245 -0.013807813 -0.20910862 -0.20434758 0.017161442 0.42430988 0.5810423 0.40870157 0.26620746 0.2606345 0.09781808 -0.056062702 -0.20600587 -0.17055468 0.13322209 0.11903802 0.051234476 0.013857274
-0.008271911 -0.058456317 -0.05664954 0.22476956 0.42489934 0.3636145 0.44411713 0.73421675 0.70783937 0.51532215 0.30992937 0.24697867 0.096048005 -0.04029382 -0.34117657 -0.3644453 -0.086437196 -0.064969584 -0.121301025 -0.07344545 0.092216626 0.23785311 0.25455835 0.23885258 0.13945854 0.1422503 0.31088382 0.45895216 0.60704505 0.5637798 0.582308 0.6468418 0.59478164 0.5450565 0.56329805 0.4205014 0.28648672 0.016523564 -0.015770055 0.009805891 -0.048329126 -0.077437356 -0.25911456 -0.30529204 -0.07149106 0.25320634 0.49654162 0.4410299 0.1517092 0.19741686 0.13934544 0.022350315 -0.10998061 -0.04783193 0.14659819 0.15139687 0.09297133 0.07911755
0.05718258 -0.11594649 -0.09968273 0.34864768 0.57734317 0.51878154 0.48270544 0.77577895 0.62311304 0.4449569 0.3067504 0.123299085 -0.0033108778 -0.11678103 -0.3429091 -0.34667656 -0.08380686 -0.058945414 -0.09822973 -0.029824898 0.101522416 0.2881173 0.34988546 0.29340678 0.20155662 0.14215827 0.3384366 0.5413239 0.519516 0.5229004 0.61968684 0.5492727 0.5833774 0.4743415 0.44482085 0.37029254 0.23774111 0.15832911 0.014896217 -0.077564865 -0.10164394 -0.16646163 -0.26204795 -0.41572833 -0.13863507 0.076316915 0.3868028 0.36481407 0.079271495 0.08680776 0.07023743 -0.0038034439 0.0044795154 0.055237815 0.057974912 0.04432183 0.1075833 0.14576665
