static/data/salinity/2023/7/21/0.asc
ncols 137
nrows 93
xllcorner 108.0
yllcorner 17.0
cellsize 0.25
NODATA_value -32767
[rows 27 to 53 of 93, columns 61 to 121 of 137]
30.215204 30.309183 30.263262 30.246729 30.059772 30.079754 30.250158 30.645655 31.888607 32.729805 33.074364 32.76207 -32767.0 -32767.0 32.40448 32.52754 32.942085 33.00776 32.99428 32.98008 33.07901 33.14306 33.02028 32.831177 32.962036 -32767.0 -32767.0 -32767.0 -32767.0 -32767.0 -32767.0 -32767.0 -32767.0 -32767.0 31.787346 32.895073 33.277756 -32767.0 -32767.0 -32767.0 33.389297 33.69718 33.846985 33.5757 32.88662 33.910206 33.869972 32.756443 32.351326 33.30386 33.714283 33.815178 33.987823 33.952076 33.957954 34.057205 34.023766 33.94234 34.00901 34.011356 33.988136
30.844019 30.500538 30.31797 30.103249 29.873186 29.97376 30.410566 31.003298 32.284973 33.206577 33.13067 32.938602 32.652393 32.74073 32.91322 32.958126 32.965736 32.835716 32.74474 32.661083 33.051838 33.06534 32.86734 -32767.0 32.99961 33.071465 -32767.0 -32767.0 26.55662 -32767.0 -32767.0 -32767.0 -32767.0 -32767.0 -32767.0 32.37623 33.180008 -32767.0 -32767.0 33.79639 33.80414 33.94442 33.94741 33.919773 33.88383 33.8675 33.80776 32.90992 33.736347 33.736053 33.798065 33.878136 33.940205 33.91412 33.899403 34.04823 33.967674 33.946125 34.04556 33.99964 34.0268
31.15119 31.1172 30.700447 30.401894 30.064259 30.068708 30.572649 31.335335 32.62094 33.424355 33.12342 32.9195 32.977913 32.978302 32.925194 32.894875 32.840984 32.732635 32.5039 32.483685 32.85264 32.970318 -32767.0 33.19262 33.452133 33.339703 33.20567 31.754242 -32767.0 27.940365 -32767.0 -32767.0 -32767.0 -32767.0 -32767.0 33.779026 34.209602 34.07866 33.223194 33.83312 33.791374 33.82484 33.957397 34.005062 33.959633 33.821465 32.95753 32.52915 33.44232 33.686966 33.766 33.831852 33.873367 33.855606 33.966537 33.999043 33.97253 33.9598 34.01375 33.981678 34.05159
30.415203 30.418089 30.853947 30.432762 30.243406 30.244165 30.614737 31.32548 32.7605 33.40646 33.232914 32.984035 33.0101 32.930374 32.89685 32.828094 32.740982 32.380116 32.42598 32.45431 32.42996 32.677753 32.96759 33.0241 33.297577 33.343853 33.004227 30.490917 29.099262 28.370472 -32767.0 -32767.0 -32767.0 -32767.0 33.945396 34.117268 34.116493 34.16104 34.126785 34.07952 34.047123 33.986076 34.0273 33.994755 34.007244 33.924557 33.5416 33.441803 33.643944 33.57901 33.751938 33.79699 33.85962 33.878113 34.00853 33.971085 33.975468 33.981087 33.97949 33.964043 34.049873
27.694036 27.210337 29.130095 28.531757 28.71759 29.91324 30.49784 31.210266 32.320568 32.96365 33.154404 33.245533 33.280712 33.136574 32.989082 32.89099 32.604767 32.45909 32.662018 32.741455 32.657833 32.57154 32.516724 32.48119 32.571594 33.16516 33.153023 32.273895 29.605673 29.03481 -32767.0 -32767.0 -32767.0 -32767.0 33.990635 34.0244 33.738487 33.59273 33.491703 33.43449 33.42371 33.408607 33.388477 33.41459 33.521633 33.761433 34.033222 33.950233 33.695827 33.78386 33.818497 33.81442 33.842705 33.962345 33.936543 33.928375 33.902473 33.97384 33.957138 33.95741 34.05685
26.794779 27.878197 27.768917 27.706974 27.047953 27.620033 28.998596 30.544426 30.877314 31.639345 32.252934 32.35607 33.04403 33.17941 33.1407 32.98069 32.586838 32.593285 32.77672 32.82205 32.97455 32.93022 32.745907 32.926777 32.72585 32.611736 32.88309 32.732567 -32767.0 -32767.0 -32767.0 -32767.0 -32767.0 33.86515 34.03618 33.89295 33.77633 33.761124 33.592197 33.543655 33.481567 33.421074 33.454353 33.480156 33.380234 33.348705 33.39662 33.63776 33.933372 33.79453 33.84079 33.827255 33.91852 33.94111 34.011906 34.001205 33.895058 33.98082 33.938656 33.952698 34.064945
28.374271 29.506996 29.581968 28.605911 27.815752 27.022104 26.879055 27.95733 29.009022 30.416597 30.66433 31.406448 32.680355 32.990486 33.020786 32.933506 32.731228 32.772 32.83096 32.917236 33.068115 33.1246 33.13205 32.802727 32.981888 32.548634 32.771816 33.007683 -32767.0 -32767.0 -32767.0 -32767.0 -32767.0 33.921562 34.110203 34.0367 33.98586 33.48528 33.676685 34.01635 34.078014 34.029335 34.03058 34.08651 34.042763 33.535538 33.558353 33.442623 33.51438 33.71775 33.898438 33.84414 33.904446 33.939888 33.99115 33.872616 33.887875 33.955723 33.921925 33.960144 34.050022
30.003822 30.80145 30.887794 29.735691 29.816835 29.680462 29.359959 29.038227 29.107695 29.792627 29.809885 31.104406 32.032764 32.883133 32.936893 32.9292 32.838684 32.755302 32.8592 33.169464 33.45824 33.5394 33.34076 33.24821 33.131428 32.64933 32.904667 33.093613 33.01412 -32767.0 33.142776 -32767.0 -32767.0 33.575073 33.5667 33.507492 33.398712 33.920677 34.130344 34.18937 34.212826 34.24672 34.236736 34.259693 34.368683 33.93066 33.775955 34.054386 34.0304 33.685905 33.66895 33.897217 33.8811 33.86665 33.90723 33.835438 33.847767 33.93931 33.903206 33.972904 34.084435
32.46252 31.574503 31.193329 30.30542 30.068962 30.11348 29.851692 30.016508 29.57397 29.766365 30.575727 31.696634 32.67503 32.924408 32.756836 32.630558 32.694813 33.040833 33.702 33.69369 33.723156 33.763268 33.766884 33.505875 33.163704 32.854538 32.859356 33.259945 33.271423 33.437035 33.290184 -32767.0 33.49791 33.483414 33.351517 33.48119 33.695084 34.080307 34.224113 34.247368 34.248814 34.370102 34.335403 34.301216 34.37932 34.246635 34.041164 34.214256 34.37857 34.14213 33.815926 33.73959 33.858253 33.844387 33.811466 33.74121 33.850353 33.909485 33.878475 33.980423 34.105198
32.995335 33.07255 32.875645 32.736942 31.277489 30.611689 30.866943 30.723875 30.481777 30.422016 30.92856 31.899775 32.65518 32.522335 32.532112 32.870033 33.55172 33.938972 33.517715 33.81079 33.856987 33.80708 33.849007 33.900303 33.637867 33.311428 32.698685 33.0852 33.372368 33.427784 -32767.0 33.48557 33.50718 33.331223 33.414665 33.507114 33.834343 34.152782 34.240925 34.273777 34.36516 34.296314 34.18514 34.214 34.259327 34.241936 34.17746 34.107162 34.1106 34.20839 34.0883 33.739857 33.81269 33.858257 33.817154 33.76037 33.844208 33.86177 33.850815 34.07212 34.240677
33.724453 33.963055 33.834167 33.475853 32.708546 30.822979 30.959688 31.4623 31.822088 31.940475 31.936794 32.023335 32.32965 32.523186 32.92675 33.34366 33.78462 33.51504 33.61089 33.749054 33.69394 33.835033 34.00135 33.979996 33.832973 33.654335 33.24735 33.025597 33.038906 33.357105 33.345543 33.544106 33.490746 33.45862 33.89262 34.180897 34.11401 34.215393 34.25623 34.330482 34.3926 34.304382 34.15876 34.07595 34.02423 34.04489 34.049435 33.91805 33.92076 33.845306 34.01654 34.133785 33.756577 33.82573 33.77288 33.768925 33.799168 33.84983 33.81376 34.12976 34.343243
33.935947 33.939915 33.899326 33.284786 32.8659 31.742296 30.770397 30.887997 31.069988 32.14297 32.896385 32.829865 32.73247 32.92509 33.246716 33.523293 33.622585 33.41215 33.57644 33.85832 33.660477 33.9736 34.18773 34.15248 34.13481 33.93895 33.675972 33.18317 -32767.0 32.942093 33.059437 -32767.0 33.337845 33.407127 33.62579 34.183678 34.20205 34.24278 34.27643 34.317364 34.302887 34.383354 34.23397 34.16309 34.09202 34.0042 33.89918 33.862377 33.893673 33.801003 33.925266 33.95656 34.043396 33.756485 33.739758 33.791527 33.829235 33.780148 33.848007 34.147507 34.382908
34.11166 34.022583 33.987354 33.649857 33.391224 32.701015 31.65609 30.922733 30.588812 31.035292 31.404148 31.880808 32.47141 33.325348 33.7597 33.845993 33.719738 33.421387 33.530388 33.77337 33.537956 33.97176 34.193752 34.17485 34.22431 34.121914 34.01311 33.625263 33.018257 -32767.0 33.149998 33.314384 33.365276 33.23022 33.53178 34.048714 34.257996 34.239838 34.2707 34.296535 34.241833 34.26517 34.274387 34.23177 34.223602 34.20486 34.223213 34.178654 33.949234 33.954136 34.015083 34.053005 34.23788 33.90546 33.684464 33.829815 33.689613 33.815914 33.858723 34.274082 34.38619
34.068527 33.985577 34.004868 33.775726 33.47035 33.41225 33.34841 33.126427 32.58579 32.525963 33.413116 33.573772 33.718002 33.72104 33.788506 33.727257 33.675426 33.4516 33.48956 33.58912 33.57809 33.93558 34.175743 34.053436 34.175568 34.277058 34.07577 33.946648 33.60429 33.106167 33.3219 33.411877 33.353394 33.114536 33.93464 34.083405 34.3136 34.241768 34.285236 34.30439 34.41285 34.283665 34.20009 34.228607 34.15617 34.184235 34.20168 34.22562 34.17264 34.047997 33.782425 34.011074 34.13279 33.998047 33.857555 33.711468 33.773952 33.8535 33.95297 34.388294 34.36176
33.974026 33.95543 33.880356 33.766273 33.656708 33.548912 33.43688 33.36618 33.417435 33.526688 33.557297 33.570614 33.56878 33.624557 33.75491 33.631973 33.56243 33.499393 33.503872 33.585903 33.810066 34.129036 34.069622 34.18369 34.22819 34.215157 34.06857 34.121563 34.000134 33.245613 33.0874 33.174397 33.184574 33.04126 34.09465 34.225925 34.35233 34.25755 34.353138 34.280823 34.565216 34.4224 34.242012 34.23938 34.237663 34.14041 34.169945 34.139366 34.11703 34.122154 34.03317 33.87897 33.851025 33.854248 33.80808 33.80673 33.828316 33.92043 34.21727 34.408634 34.35644
33.823303 33.793056 33.636066 33.449123 33.444122 33.43967 33.47014 33.277287 33.29997 33.379627 33.394512 33.39506 33.541214 33.597458 33.725018 33.79525 33.674683 33.58768 33.837032 34.031597 34.222794 34.2682 34.19684 34.221733 34.245647 34.191 34.15774 34.105263 34.115868 33.857006 33.355244 32.989456 33.024487 33.395676 34.16764 34.310482 34.340755 34.289135 34.408928 34.31442 34.6219 34.483772 34.2448 34.235508 34.224728 34.19526 34.040295 34.081123 34.160652 34.1293 34.036823 33.92 33.941124 33.981594 33.96732 33.975227 33.968685 33.93238 34.37682 34.37475 34.348076
33.706547 33.619812 33.67406 33.431225 33.47835 33.47404 33.39189 33.319115 33.207592 33.41515 33.53553 33.606262 33.661564 33.746094 33.736446 33.679253 33.700546 34.079857 34.278168 34.250057 34.272186 34.343548 34.19958 34.17465 34.246483 34.197556 34.148193 34.143917 34.107906 34.08073 34.055466 33.96621 33.832054 34.120136 34.24998 34.3723 34.291237 34.348427 34.422077 34.282753 34.58471 34.468494 34.188778 34.159294 34.122566 34.11805 34.073322 33.98739 33.97577 34.0148 34.07796 34.12807 34.048702 34.07658 34.10756 34.019062 33.946476 34.21253 34.49395 34.352844 34.32535
33.337555 33.096542 33.433445 33.634315 33.603157 33.596966 33.41283 33.20043 33.182503 33.482506 33.621742 33.672703 33.698025 33.69459 33.70962 33.88043 34.199574 34.30746 34.308487 34.381844 34.384636 34.298035 34.25135 34.21579 34.137386 34.225567 34.168556 34.145294 34.167168 34.149746 34.13188 34.14767 34.201397 34.271297 34.343136 34.33031 34.33518 34.453884 34.44243 34.35107 34.582813 34.512924 34.168407 34.129204 33.944912 34.035435 34.155968 34.107742 33.952194 34.0286 34.048317 34.13426 34.174057 34.118862 34.002247 33.950626 34.10627 34.664246 34.599934 34.38371 34.26313
33.668926 33.314857 33.032974 33.21897 33.31659 33.486057 33.5339 33.42569 33.457115 33.618797 33.653725 33.779507 33.885376 33.857796 33.95437 34.17041 34.395977 34.306168 34.37672 34.463905 34.38844 34.24735 34.309357 34.266914 34.29022 34.1881 34.199924 34.251617 34.269577 34.180496 34.2295 34.277317 34.326233 34.47319 34.45796 34.4925 34.494053 34.440586 34.486595 34.463802 34.45144 34.530796 34.20882 34.16783 34.16284 34.2745 34.149704 34.18448 34.07859 33.985386 34.10292 34.143597 34.14647 34.010456 33.956776 34.046528 34.658897 34.667816 34.57979 34.55508 34.306526
32.9151 33.044758 32.77054 33.08914 33.23798 33.417805 33.558243 33.58492 33.476532 33.64426 33.678043 33.93783 34.02928 33.934467 34.20797 34.315636 34.372852 34.39842 34.49183 34.516716 34.279766 34.32677 34.33084 34.29891 34.259655 34.285122 34.28704 34.322323 34.301926 34.357697 34.52514 34.553772 34.54023 34.448456 34.44433 34.414227 34.40713 34.390728 34.442215 34.51086 34.55509 34.590443 34.535187 34.403645 34.36543 34.33117 34.194405 34.186638 34.091236 34.0236 33.997486 33.98692 33.964325 33.942585 33.97514 34.711624 34.645134 34.488445 34.442966 34.48411 34.2932
32.58628 32.59036 32.821392 33.114075 33.433365 33.58887 33.553215 33.51317 33.5922 33.64421 33.75194 33.9356 33.977814 34.178596 34.383575 34.397217 34.402348 34.45347 34.46532 34.47862 34.2981 34.32711 34.32874 34.34325 -32767.0 34.32617 34.466694 34.44092 34.53527 34.59762 34.515396 34.289165 34.179672 34.172234 34.182186 34.272457 34.325645 34.377872 34.411 34.503956 34.562977 34.54082 34.54169 34.47693 34.4149 34.192677 34.17952 34.181625 34.119156 34.023296 34.085285 34.11397 34.08358 34.16462 34.621037 34.71338 34.626377 34.4464 34.36007 34.39988 34.294304
33.190144 33.00659 32.97564 33.030228 33.45851 33.161743 33.504105 33.51791 33.62939 33.74466 33.807266 33.913704 34.181126 34.342064 34.35551 34.420383 34.49365 34.472935 34.370075 34.488567 34.323845 34.317726 34.334362 34.329334 34.36022 34.41454 34.54836 34.5848 34.621742 34.509323 34.204967 34.257797 34.251484 34.23782 34.232895 34.192936 34.240116 34.389927 34.358543 34.486572 34.53986 34.529324 34.455647 34.443707 34.179073 34.462166 34.39119 34.17234 34.193817 34.502243 34.601116 34.553333 34.355865 34.458363 34.607872 34.725082 34.636715 34.58899 34.360542 34.351307 34.36303
33.399456 33.30059 33.072754 33.046513 33.515656 33.193222 33.286747 33.637848 33.640984 33.820198 33.86483 34.120525 34.25493 34.163 34.320675 34.46177 34.543724 34.448185 34.390484 34.494705 34.39245 34.37248 34.363983 -32767.0 34.44338 34.514114 34.592182 34.594547 34.595974 34.247562 34.274456 34.277565 34.36371 34.416187 34.3881 34.29614 34.25783 34.402992 34.379856 34.435486 34.4909 34.53403 34.426495 34.24374 34.63884 34.495983 34.487583 34.536297 34.49057 34.456482 34.537655 34.625027 34.544018 34.474644 34.556187 34.71885 34.654938 34.674862 34.618603 34.490856 34.440212
33.30874 33.084637 33.073936 33.298645 33.441536 33.052895 33.199883 33.56317 33.71696 33.838493 33.829826 34.066845 33.79089 34.209087 34.341755 34.505077 34.562077 34.477833 34.464664 34.541 34.50624 34.45478 34.37701 34.50499 34.528202 34.548298 34.607693 34.60955 34.42732 34.26831 34.275986 34.41726 34.494156 34.456196 34.412697 34.384956 34.33462 34.419346 34.391922 34.398525 34.45433 34.389774 34.307747 34.446964 34.540802 34.403263 34.63094 34.651546 34.66461 34.575012 34.59952 34.614548 34.61123 34.518036 34.565693 34.71754 34.67948 34.655518 34.70885 34.62991 34.643887
33.99031 33.52043 33.258812 33.11456 33.00391 33.245987 33.661118 33.694275 33.743267 33.747395 33.760147 33.879025 34.144604 34.366966 34.33421 34.546825 34.58805 34.529346 34.467674 34.41516 34.348465 34.3319 34.364952 34.508785 34.484074 34.599667 34.581894 34.59882 34.35097 34.280865 34.325024 34.5264 34.527378 34.48264 34.411194 34.384796 34.381958 34.43819 34.38105 34.393463 34.434765 34.333588 34.416668 34.455093 34.33942 34.494225 34.62833 34.66296 34.665195 34.613754 34.64158 34.610676 34.53536 34.642532 34.62261 34.705414 34.71392 34.75435 34.752056 34.67134 34.722248
34.26701 33.85916 33.655586 33.658478 33.68011 33.73322 33.789852 33.641045 33.556652 33.82453 34.238953 34.36754 34.29229 34.27155 34.47983 34.557766 34.599648 34.539616 34.519066 34.446518 34.343834 34.34931 34.39754 34.454617 34.486847 34.57467 34.603165 34.591953 34.358524 34.280216 34.35857 34.54376 34.53727 34.403854 34.406662 34.40597 34.423023 34.447536 34.36963 34.4349 34.28879 34.50144 34.312523 34.258007 34.305847 34.504025 34.63596 34.66228 34.650436 34.6314 34.653267 34.620773 34.547787 34.63915 34.733433 34.752422 34.83698 34.772354 34.72141 34.677574 34.79734
34.339745 34.315273 33.984013 33.99392 34.380627 34.382927 34.376904 34.169643 34.281452 34.165012 34.2888 34.369907 34.28592 34.329895 34.545605 34.56456 34.593998 34.525295 34.53321 34.559685 -32767.0 34.381 34.421474 34.403225 34.463062 34.53193 34.609188 34.614994 34.396244 34.267025 34.32964 34.544453 34.509403 34.505074 34.473316 34.478634 34.46832 34.408318 34.411682 34.274685 34.512733 34.34927 34.301277 34.19894 34.34115 34.600586 34.67555 34.66694 34.65218 34.65691 34.644844 34.62747 34.569084 34.636536 34.78281 34.76052 34.702988 34.696457 34.69345 34.69989 34.736195
