static/data/salinity/2023/7/21/12.asc
ncols 137
nrows 93
xllcorner 108.0
yllcorner 17.0
cellsize 0.25
NODATA_value -32767
[rows 0 to 26 of 93, columns 61 to 121 of 137]
-32767.0 -32767.0 -32767.0 -32767.0 -32767.0 -32767.0 -32767.0 -32767.0 -32767.0 -32767.0 -32767.0 -32767.0 -32767.0 -32767.0 -32767.0 -32767.0 -32767.0 -32767.0 -32767.0 32.11531 32.226227 32.73108 33.419067 33.189083 33.12641 33.188374 33.190613 33.409603 33.495895 33.630276 33.661903 33.730667 33.91693 33.88438 33.796 33.7743 33.870968 33.878437 33.67329 33.42332 33.613903 33.578545 33.531597 33.41847 33.861073 33.871258 33.854755 33.922005 33.846252 33.94035 34.020615 33.979546 33.880226 33.959606 34.041397 33.724728 33.329636 33.345554 33.74674 33.600277 33.534313
30.037647 29.954264 29.868998 29.73388 29.54474 29.241514 28.760923 -32767.0 -32767.0 -32767.0 -32767.0 -32767.0 -32767.0 -32767.0 -32767.0 -32767.0 -32767.0 -32767.0 32.52948 32.503403 33.138348 32.96094 33.080193 33.32006 33.346764 33.308643 33.184628 33.189106 33.24583 33.242123 33.241863 33.408474 33.663704 33.827072 33.84194 33.765675 33.87809 33.848114 33.58037 33.17874 33.631187 33.508694 33.45993 33.406334 33.556927 33.878716 33.994953 33.829403 33.83224 33.927277 34.026432 34.097065 34.113037 34.004745 33.23285 33.359035 33.37697 33.374596 33.518253 33.621746 33.57015
30.06856 29.827202 29.606766 29.460344 29.28884 29.103437 28.793852 28.23787 27.474903 -32767.0 -32767.0 -32767.0 -32767.0 -32767.0 -32767.0 -32767.0 -32767.0 -32767.0 32.80221 33.01405 32.912666 32.96559 33.39201 33.305626 33.105385 33.054672 33.176346 33.315903 32.889538 32.500523 32.6931 33.254677 33.68386 33.98781 33.91788 33.929523 34.0246 33.97121 33.47225 33.024185 33.711994 33.57559 33.543774 33.71431 33.877823 33.984833 33.73227 33.593807 33.693146 33.767677 33.883583 34.048103 33.87465 33.43604 33.28938 33.4919 33.54668 33.532814 33.68141 33.632362 33.556442
29.854475 29.813324 29.92119 29.389091 29.141272 29.1309 28.90051 28.873158 27.654728 -32767.0 -32767.0 -32767.0 -32767.0 -32767.0 -32767.0 -32767.0 -32767.0 31.738068 32.46986 32.946358 32.76791 33.119766 33.410076 33.197815 33.09155 32.90638 33.133076 32.94379 32.790596 32.51653 32.473324 33.320087 33.754322 34.01965 33.99876 33.83108 33.65858 32.91607 32.895313 34.03365 34.113205 33.62639 33.73037 33.772175 33.959297 33.955025 33.810734 33.45037 33.427914 33.60673 33.67958 33.662598 33.532887 33.575077 33.46185 33.381153 33.69643 33.71917 33.608307 33.57619 33.792965
29.909313 30.27572 30.218822 29.841682 29.392593 28.200682 28.553347 28.688128 -32767.0 -32767.0 -32767.0 -32767.0 -32767.0 -32767.0 -32767.0 -32767.0 -32767.0 -32767.0 -32767.0 32.37746 32.570793 32.72932 33.44788 33.34289 33.008003 33.274284 32.838097 32.6428 32.631332 32.714188 33.19173 33.370773 33.49427 33.697033 33.84749 33.709087 32.855103 33.491962 33.946426 34.133568 34.210773 33.751568 33.7633 33.810913 33.808628 34.00379 33.928646 33.490086 33.516712 33.554733 33.676186 33.598732 33.592113 33.60884 33.671223 33.498512 33.4607 33.53413 33.571213 33.627365 33.92274
30.244242 30.21061 30.252216 30.110664 29.86799 29.249758 28.092562 28.4077 -32767.0 -32767.0 -32767.0 -32767.0 -32767.0 -32767.0 -32767.0 -32767.0 -32767.0 -32767.0 -32767.0 -32767.0 32.489254 32.550312 33.160892 33.395706 32.82747 33.05399 32.94045 33.336254 33.263607 33.045364 32.981407 32.931114 32.965904 32.983204 33.320286 33.192806 33.027958 33.8808 33.739536 33.88043 33.85061 33.637253 33.817894 33.82144 33.71048 33.649426 33.525948 33.457058 33.64405 33.686935 33.62781 33.47754 33.480255 33.68981 33.70151 33.776806 33.891544 33.86842 33.575 33.7454 34.0025
29.484928 29.534632 29.828325 29.965408 29.909416 29.556479 28.102407 28.354029 -32767.0 -32767.0 -32767.0 -32767.0 -32767.0 -32767.0 -32767.0 -32767.0 -32767.0 -32767.0 -32767.0 -32767.0 -32767.0 32.521046 32.802376 33.275146 32.792255 32.877674 32.61227 33.120403 33.29283 33.26476 33.3132 32.970043 32.71363 33.10054 32.819424 33.75827 33.816772 33.826897 33.493717 33.469013 33.506123 33.544216 33.50304 33.626232 33.683403 33.56034 33.393482 33.565506 33.724075 33.795254 33.57994 33.604618 33.461487 33.608444 33.667862 33.86831 33.96638 33.99694 33.80808 33.867317 34.062737
29.21631 29.386581 29.593584 29.7327 28.634 27.190487 27.285883 -32767.0 -32767.0 -32767.0 -32767.0 -32767.0 -32767.0 -32767.0 -32767.0 -32767.0 -32767.0 -32767.0 -32767.0 -32767.0 -32767.0 -32767.0 32.592888 33.236546 32.871246 32.844143 32.75342 32.72515 32.969856 32.598362 32.602943 32.541405 33.22309 33.73989 33.808884 33.711697 33.775364 33.81978 33.57506 33.40921 33.47315 33.608116 33.61423 33.52332 33.43385 33.4797 33.66303 33.821766 33.752594 33.670494 33.52331 33.50698 33.25452 33.50447 33.682312 34.006763 33.955765 34.069828 33.859825 33.91596 34.063583
29.01704 29.177004 29.322748 29.559555 28.286324 26.679293 -32767.0 24.54916 -32767.0 -32767.0 -32767.0 -32767.0 -32767.0 -32767.0 -32767.0 -32767.0 -32767.0 -32767.0 -32767.0 -32767.0 -32767.0 -32767.0 32.424435 33.056763 33.019623 32.82917 31.98818 32.441154 33.04652 33.09804 33.36879 33.609364 33.47072 33.169117 33.14377 33.19367 33.258198 33.316284 33.575554 33.673172 33.68328 33.63557 33.481297 33.225487 33.679424 33.63498 33.805325 33.869102 33.90509 33.908524 33.87159 33.866264 33.941875 34.060688 33.96543 33.876465 33.93346 33.967236 33.95305 33.93204 -32767.0
28.93909 29.03096 29.182234 29.329798 29.313831 29.180895 26.469149 25.30664 22.780012 21.630907 21.143602 20.124027 15.229004 -32767.0 -32767.0 -32767.0 -32767.0 -32767.0 -32767.0 -32767.0 -32767.0 -32767.0 -32767.0 32.670372 32.886795 32.731052 31.943836 32.09283 32.708084 33.304737 33.704853 33.698658 33.43751 33.29207 33.379612 33.31598 33.297405 33.243717 33.25789 33.36389 33.316574 33.395252 33.272484 33.968693 33.937344 33.654648 33.850273 33.974213 33.938408 34.047035 34.082005 34.126995 34.035835 33.924297 33.52914 33.44227 33.7821 33.67583 33.664394 33.754253 33.929043
28.826185 29.118204 29.289474 29.328594 29.453487 29.468132 29.656673 28.90095 27.505575 26.319717 23.565386 24.404913 20.998669 -32767.0 -32767.0 -32767.0 -32767.0 -32767.0 -32767.0 -32767.0 -32767.0 -32767.0 -32767.0 -32767.0 32.759327 32.620922 31.717144 31.529348 32.74089 32.709736 33.273365 33.761646 33.59271 33.273544 33.240902 33.295616 33.262127 33.192886 33.33323 33.371582 33.343185 33.856117 34.060883 33.85344 33.694115 33.711502 33.734573 33.827602 34.0226 33.90307 33.901184 33.931534 33.93311 33.920074 33.567406 33.588097 -32767.0 33.668457 33.676308 33.79727 34.009804
28.54303 28.99219 29.445545 29.711412 30.039774 30.276567 30.206614 29.898962 29.180145 28.809387 28.152338 27.925306 22.828074 18.911085 15.654775 -32767.0 -32767.0 -32767.0 -32767.0 -32767.0 -32767.0 -32767.0 -32767.0 -32767.0 -32767.0 32.647655 31.626492 31.495956 32.895596 32.985535 32.750095 33.492344 33.809612 33.333958 33.351456 33.365658 33.211494 33.08879 33.255608 33.439198 33.40368 34.076385 34.13672 34.177227 34.110737 34.003094 33.859264 33.789246 33.927242 33.887928 33.510788 33.23169 33.303493 33.658867 -32767.0 -32767.0 33.660053 33.724438 33.820995 33.72409 32.99359
28.401731 28.872395 29.396605 29.475918 29.734388 29.929531 30.07564 30.134048 29.768654 29.59203 29.105148 29.260006 21.863594 -32767.0 15.615116 -32767.0 -32767.0 -32767.0 -32767.0 -32767.0 -32767.0 -32767.0 -32767.0 -32767.0 -32767.0 32.18277 31.590828 31.507963 32.26729 32.38942 32.445312 33.13269 33.223625 33.23383 33.2138 33.27785 33.180218 33.237064 33.32481 33.44212 33.58593 34.198574 34.063183 33.97526 33.94018 33.90408 33.942905 33.86345 33.896862 33.908524 33.528854 33.257626 33.293587 33.399048 -32767.0 33.637756 33.65558 33.593754 -32767.0 -32767.0 -32767.0
28.893017 29.223011 29.907991 30.065744 30.122177 30.077753 30.154013 30.17274 30.19773 30.04305 28.593586 28.695454 -32767.0 -32767.0 -32767.0 -32767.0 -32767.0 -32767.0 -32767.0 -32767.0 -32767.0 -32767.0 -32767.0 -32767.0 -32767.0 31.990505 31.549091 31.575994 31.90478 32.34007 32.264507 32.722363 33.113987 33.345875 33.1822 33.221935 33.191647 33.35353 33.36187 33.42075 33.50072 34.041584 34.09919 33.917442 33.749783 33.801376 33.79678 33.86588 33.950787 33.946526 34.048172 33.41701 33.385983 33.2583 33.07003 -32767.0 33.653664 -32767.0 -32767.0 -32767.0 -32767.0
29.2809 29.371973 30.035055 30.614819 30.570972 30.564863 30.701433 30.68707 30.464272 30.046047 29.596762 28.336086 27.60698 -32767.0 -32767.0 -32767.0 -32767.0 -32767.0 -32767.0 -32767.0 -32767.0 -32767.0 -32767.0 -32767.0 -32767.0 32.150352 31.438652 31.666285 31.517212 31.84528 32.28712 32.680634 32.887684 32.9188 32.889057 33.058533 33.172768 33.232216 33.30093 33.509583 33.584286 33.645657 33.71861 33.736786 33.815346 33.960464 33.9218 33.824688 34.048084 34.068623 34.041317 33.68695 33.035706 32.938942 -32767.0 -32767.0 -32767.0 -32767.0 -32767.0 -32767.0 -32767.0
29.323833 29.469664 29.872297 29.995146 30.241081 30.404322 30.747602 30.764854 30.67132 30.517324 30.284346 28.782612 27.46112 25.402771 -32767.0 -32767.0 -32767.0 -32767.0 -32767.0 -32767.0 -32767.0 -32767.0 -32767.0 -32767.0 -32767.0 32.33459 31.322104 31.663023 31.79152 31.91323 31.85494 32.595478 32.977547 32.953648 33.160877 32.853703 32.8584 32.92351 33.277985 33.641182 -32767.0 33.64915 33.724125 33.662476 33.75856 33.931538 33.926804 33.98652 34.082863 34.056763 34.01908 33.103012 -32767.0 -32767.0 -32767.0 -32767.0 -32767.0 -32767.0 -32767.0 -32767.0 -32767.0
29.36154 29.452549 29.483704 29.531372 29.877508 30.351946 30.987713 31.036985 30.69612 30.600714 30.442474 29.116125 27.206604 24.941658 -32767.0 -32767.0 -32767.0 -32767.0 -32767.0 -32767.0 -32767.0 -32767.0 -32767.0 -32767.0 -32767.0 -32767.0 31.40612 31.645294 32.06851 33.229168 32.726486 32.98822 32.981434 33.107693 32.607044 33.00477 32.93745 33.192036 33.648354 33.41519 33.395916 33.14116 33.458755 33.623993 32.981106 33.383705 33.80897 33.805305 33.451 33.11466 32.977833 32.920475 -32767.0 -32767.0 -32767.0 -32767.0 -32767.0 -32767.0 -32767.0 -32767.0 -32767.0
29.475924 29.78104 29.977047 29.915712 30.249826 30.479618 30.850744 31.11339 30.668993 30.454199 30.310976 30.014065 28.085554 22.873709 22.37476 -32767.0 -32767.0 -32767.0 -32767.0 -32767.0 -32767.0 -32767.0 -32767.0 -32767.0 -32767.0 30.7716 31.652683 31.595074 32.39606 32.229084 32.109238 32.33291 32.226524 32.295715 32.55331 33.243412 33.71114 33.7147 33.158127 32.72901 32.650173 32.619 32.632084 32.72598 32.685738 32.749302 32.89464 32.957493 -32767.0 32.94501 32.826324 31.915768 -32767.0 -32767.0 -32767.0 -32767.0 -32767.0 -32767.0 -32767.0 -32767.0 -32767.0
30.002186 30.017902 30.206682 30.571432 30.771294 30.962133 31.084301 31.148375 31.257788 31.174803 29.60899 28.070425 24.596197 22.148308 -32767.0 -32767.0 -32767.0 -32767.0 -32767.0 -32767.0 -32767.0 -32767.0 -32767.0 -32767.0 -32767.0 31.040792 31.678038 31.4707 31.717033 32.077343 32.047615 32.258446 32.40341 32.42287 32.641975 32.588367 32.93617 32.611744 32.752995 -32767.0 -32767.0 32.734776 32.727226 -32767.0 -32767.0 -32767.0 -32767.0 -32767.0 -32767.0 -32767.0 -32767.0 -32767.0 -32767.0 -32767.0 -32767.0 -32767.0 -32767.0 -32767.0 -32767.0 -32767.0 -32767.0
29.973621 30.183601 30.717123 30.990211 31.126429 31.399439 31.440773 31.308256 31.365892 30.512383 28.678251 25.264833 22.751553 -32767.0 -32767.0 -32767.0 -32767.0 -32767.0 -32767.0 -32767.0 -32767.0 -32767.0 -32767.0 -32767.0 31.143614 31.389902 31.7451 32.050545 31.969429 32.098213 32.34346 32.7194 32.821304 32.72192 32.721127 32.63616 32.57064 32.8073 -32767.0 -32767.0 -32767.0 -32767.0 -32767.0 -32767.0 -32767.0 -32767.0 -32767.0 -32767.0 -32767.0 -32767.0 -32767.0 -32767.0 -32767.0 -32767.0 -32767.0 -32767.0 -32767.0 -32767.0 -32767.0 -32767.0 -32767.0
30.166622 30.761005 30.994944 31.056082 31.102001 31.275265 31.460283 31.36475 31.363178 30.963112 29.877058 28.902302 23.411821 -32767.0 -32767.0 -32767.0 -32767.0 -32767.0 -32767.0 -32767.0 -32767.0 31.264076 31.042463 31.229239 31.506893 31.724707 31.751356 32.241863 31.95795 32.247993 32.413536 33.05159 32.7331 32.63503 32.7075 32.47178 -32767.0 -32767.0 -32767.0 -32767.0 -32767.0 -32767.0 -32767.0 -32767.0 -32767.0 -32767.0 -32767.0 -32767.0 -32767.0 -32767.0 -32767.0 -32767.0 -32767.0 -32767.0 30.55304 -32767.0 -32767.0 -32767.0 -32767.0 -32767.0 -32767.0
29.967083 30.197458 30.485144 30.635962 30.847334 31.148552 31.359503 31.333918 31.367655 31.359665 30.71602 30.092281 28.062202 -32767.0 -32767.0 -32767.0 -32767.0 28.076809 30.385477 30.621683 30.806044 31.18209 31.315067 31.66386 32.071995 31.86648 31.799057 31.979942 32.28332 32.175716 32.949814 32.934464 32.72703 32.722363 32.72362 -32767.0 -32767.0 -32767.0 -32767.0 -32767.0 -32767.0 -32767.0 -32767.0 -32767.0 -32767.0 30.034357 29.754053 -32767.0 -32767.0 -32767.0 -32767.0 -32767.0 -32767.0 -32767.0 30.83233 -32767.0 -32767.0 -32767.0 -32767.0 -32767.0 33.61172
29.913755 30.24632 30.59796 30.801222 30.833097 30.922695 31.016258 31.142263 31.253859 31.374598 30.987106 29.59302 -32767.0 28.421976 -32767.0 30.355106 -32767.0 29.630138 -32767.0 31.06709 31.057796 31.084764 31.23015 31.448845 31.980358 32.006374 32.173237 32.237354 32.42515 32.714867 32.951584 32.65248 32.65685 -32767.0 -32767.0 -32767.0 -32767.0 -32767.0 -32767.0 -32767.0 -32767.0 31.531494 31.41752 31.105259 30.295454 30.764406 30.340916 29.703064 29.313139 -32767.0 -32767.0 -32767.0 -32767.0 -32767.0 30.203348 30.911882 32.524563 33.491344 33.88652 33.921253 33.730503
30.104845 30.208523 30.37993 30.382845 30.46028 30.533379 30.781406 31.142088 31.223642 31.310764 31.253096 30.91035 30.011507 30.560352 30.507153 30.604141 30.49313 30.603716 30.76057 30.93313 31.189486 31.394257 31.552576 31.991705 -32767.0 32.13568 32.454273 32.7492 32.986546 33.148888 32.892387 -32767.0 -32767.0 -32767.0 -32767.0 -32767.0 31.136223 31.316614 31.84033 31.77772 31.348244 31.152203 30.896229 -32767.0 -32767.0 30.208517 30.77445 29.29999 -32767.0 -32767.0 -32767.0 -32767.0 -32767.0 33.418087 32.240593 32.479195 33.74208 33.782375 33.914497 33.98367 34.00939
30.349058 30.446747 30.500828 30.380346 30.36369 30.490904 30.740442 31.078064 31.425854 31.287798 31.326395 31.486544 31.233934 31.033833 31.031643 31.233316 31.240625 31.303576 31.633175 32.025597 32.129864 32.10293 32.20589 32.558414 32.79832 32.93392 32.91867 32.99652 33.105595 32.65182 32.36176 31.286575 -32767.0 32.45751 32.675205 -32767.0 31.673615 32.92271 32.169083 -32767.0 30.625452 30.607136 -32767.0 -32767.0 -32767.0 -32767.0 31.06523 30.891794 -32767.0 -32767.0 -32767.0 -32767.0 33.932606 33.761925 33.806107 33.81367 33.943268 34.0063 33.97032 33.998302 33.99436
29.097618 29.61572 30.066328 30.219133 30.316135 30.526491 30.668663 30.74049 30.822289 30.866001 30.965704 31.112843 31.328987 31.509514 31.68496 31.648642 31.808474 32.366768 32.532463 32.602398 32.945957 33.012943 32.97381 32.97649 32.860317 32.863644 -32767.0 32.96116 32.898407 -32767.0 -32767.0 31.507505 31.559898 31.903917 32.582417 32.94276 32.618168 32.820744 -32767.0 -32767.0 -32767.0 -32767.0 -32767.0 -32767.0 -32767.0 -32767.0 31.259142 31.612843 32.50727 -32767.0 -32767.0 33.85246 33.755608 33.9038 33.973454 33.959095 34.020107 33.974678 33.986744 34.01153 33.996925
29.59184 30.175669 30.082582 30.149935 30.236828 30.358389 30.498745 30.565248 30.762964 31.217999 31.458397 31.762274 31.9958 -32767.0 -32767.0 32.063393 32.763443 32.9248 32.99759 33.050777 33.08871 33.110416 33.1018 32.923527 32.859665 33.01934 32.973534 32.746708 -32767.0 -32767.0 -32767.0 -32767.0 -32767.0 -32767.0 32.01824 33.094746 33.014183 -32767.0 -32767.0 -32767.0 -32767.0 -32767.0 33.15158 -32767.0 31.436764 33.245705 33.925697 32.640404 32.722336 33.135296 -32767.0 33.79815 33.89249 34.012955 34.043808 34.027893 34.022045 33.941063 34.012627 34.042385 34.00773
