static/data/salinity/2023/7/21/18.asc
ncols 137
nrows 93
xllcorner 108.0
yllcorner 17.0
cellsize 0.25
NODATA_value -32767
[rows 28 to 55 of 93, columns 61 to 121 of 137]
30.688452 30.357716 30.195438 30.05027 29.80933 29.833084 30.245214 30.921799 32.203648 33.298714 33.015118 32.847965 32.764618 32.827744 32.93225 32.911934 32.88744 32.77985 32.598488 32.56638 32.87867 33.092625 32.872005 -32767.0 32.972088 33.004036 -32767.0 -32767.0 26.482143 -32767.0 -32767.0 -32767.0 -32767.0 -32767.0 -32767.0 32.300583 32.93861 -32767.0 -32767.0 33.783028 33.852695 33.88547 33.950687 33.93035 33.927708 33.85959 33.584194 33.050323 33.737755 33.757236 33.85767 33.963665 33.941845 33.90418 33.932552 34.037373 33.988495 33.98008 33.989532 33.971436 34.00432
30.72223 31.04561 30.750427 30.448254 30.095198 29.919363 30.313728 31.090626 32.48272 33.42599 33.168533 32.921696 32.966248 32.901615 32.869972 32.832462 32.77226 32.63534 32.431652 32.386414 32.53905 32.987514 -32767.0 33.169197 33.37786 33.31416 33.150307 31.483006 -32767.0 27.89473 -32767.0 -32767.0 -32767.0 -32767.0 -32767.0 33.726345 34.261707 34.20344 33.524204 33.605865 33.732292 33.761337 33.928 33.997097 34.003117 33.827236 32.793243 33.010166 33.697857 33.753063 33.8122 33.855297 33.877766 33.86028 33.99053 33.995815 33.962288 33.9836 33.975735 33.96198 34.037094
30.136139 29.905666 30.541134 30.47393 30.127407 30.047098 30.34423 30.935291 32.267643 33.19873 33.23731 33.00862 33.033978 32.945255 32.87978 32.8468 32.614086 32.398182 32.667408 32.618374 32.46543 32.50471 32.81671 32.936398 33.218033 33.33699 32.870914 30.41243 28.829643 28.331512 -32767.0 -32767.0 -32767.0 -32767.0 33.886726 34.013042 33.8674 33.90247 33.916718 33.736176 33.578857 33.580025 33.7639 33.99483 34.06402 33.952072 33.166904 33.111607 33.726585 33.53589 33.718666 33.77377 33.86323 33.887474 33.97712 33.94404 33.90041 33.977436 33.937313 33.958237 34.05455
27.591589 27.350367 28.319086 28.897058 27.882605 29.238546 29.867418 30.70992 31.859343 32.54781 32.719643 33.011024 33.247536 33.14672 33.00024 32.958565 32.564487 32.571835 32.737263 32.80318 32.744167 32.631474 32.591576 32.507694 32.549465 33.072876 33.193554 32.04696 29.783703 28.95115 -32767.0 -32767.0 -32767.0 -32767.0 33.896683 33.92058 33.621445 33.57807 33.592693 33.558155 33.52996 33.4441 33.39523 33.39708 33.402245 33.49418 33.8211 33.997482 33.666744 33.69062 33.74684 33.839867 33.84223 33.95859 33.950993 33.960743 33.91271 33.94053 33.90154 33.96712 34.061234
27.235104 28.292273 28.681551 28.424414 28.023912 27.13306 28.596506 29.328562 30.883709 30.716417 31.662155 31.604782 32.855255 33.19393 33.15462 32.963444 32.616844 32.73554 32.827335 32.872677 33.02488 33.10058 32.853798 32.823612 32.875954 32.554913 32.945137 32.919975 -32767.0 -32767.0 -32767.0 -32767.0 -32767.0 33.849533 34.057384 33.765232 33.773357 33.87045 33.562668 33.551964 33.78476 33.77032 33.697983 33.574062 33.497326 33.45943 33.376938 33.41095 33.72027 33.826874 33.83424 33.820698 33.892536 33.951427 34.007088 33.836784 33.85686 33.89452 33.862934 33.964317 34.063183
29.155537 29.983767 29.854845 28.753754 28.358944 27.502384 26.87611 27.086636 28.523808 29.523264 30.62612 30.686604 32.254723 32.77714 32.989075 32.966526 32.86314 32.828087 32.84061 33.02916 33.24706 33.30486 33.235954 32.93004 32.899673 32.594814 32.715874 32.94881 -32767.0 -32767.0 -32767.0 -32767.0 -32767.0 33.820095 34.06236 34.09465 33.925377 33.480305 33.442936 34.00214 34.17492 34.214405 34.226566 34.15658 34.048546 33.998425 33.811874 33.51105 33.394493 33.526028 33.87216 33.82636 33.906662 33.93923 33.934376 33.78166 33.816513 33.837364 33.82956 33.947643 34.059315
30.473177 31.075785 31.229006 30.184834 29.885626 29.848154 29.271141 28.785273 29.03189 29.50576 29.724491 31.090612 31.969913 32.8909 32.965405 32.891594 32.78166 32.766754 33.122513 33.622314 33.735115 33.701557 33.647125 33.32413 33.02988 32.65855 32.835186 33.045742 32.992817 -32767.0 33.141476 -32767.0 -32767.0 33.443954 33.420647 33.38397 33.396046 33.44041 33.713238 34.104366 34.2554 34.238163 34.282932 34.302223 34.23585 34.247116 34.26582 33.672966 33.620914 33.43133 33.516403 33.864502 33.881786 33.89326 33.855717 33.72551 33.80341 33.77918 33.806816 33.914326 34.05925
32.608585 31.819998 31.644804 30.610348 30.242138 30.013378 29.834064 29.95646 29.569292 29.685297 30.454884 31.651146 32.620014 32.913464 32.745567 32.69259 33.020153 33.731483 33.883297 33.674725 33.797913 33.833862 33.82295 33.716347 33.146503 32.92182 32.674522 33.120785 33.20202 33.42294 33.24022 -32767.0 33.38293 33.456665 33.376297 33.616043 33.819275 33.957027 34.020103 34.20486 34.246967 34.362583 34.29603 34.296112 34.29617 34.387905 34.193935 33.84007 33.795883 34.06653 33.66682 33.644352 33.855587 33.856155 33.80181 33.74495 33.76698 33.74365 33.751015 33.84821 34.175526
33.0605 33.35887 33.092968 32.63091 31.66155 30.64739 30.96292 30.774359 30.570236 30.508268 30.837454 31.70489 32.535194 32.560226 32.704437 33.11999 33.746628 33.809006 33.5621 33.845577 33.758617 33.7197 33.756187 33.818195 33.811314 33.29895 32.643524 32.87011 33.31901 33.353493 -32767.0 33.39866 33.445343 33.40055 33.80598 34.16533 34.314224 34.13841 34.232594 34.26729 34.33994 34.31668 34.125343 34.106983 34.225464 34.35396 34.32478 34.24204 34.25906 34.368965 34.25555 33.729824 33.76347 33.88261 33.846645 33.813667 33.74985 33.75608 33.701775 33.845554 34.169956
33.916885 33.960262 33.86294 33.68147 33.466324 31.466658 30.971926 31.51414 31.87466 32.160744 32.040985 32.081573 32.372772 32.55366 32.951176 33.451355 33.821514 33.7015 33.65633 33.85248 33.6483 33.862988 34.022587 34.07809 33.90729 33.8837 33.4088 33.007896 32.90703 33.354797 33.365585 33.54437 33.378998 33.480293 33.38061 33.87967 34.243706 34.177094 34.24102 34.301487 34.337673 34.383316 34.21853 34.089344 34.00883 34.07487 34.070087 34.051685 34.074585 34.13046 34.31483 34.06333 33.735085 33.835743 33.873436 33.820683 33.709015 33.818783 33.68748 33.710564 34.021122
34.17399 34.097897 33.88006 33.580112 33.06462 32.15425 31.170258 30.880522 31.146109 31.810871 32.859627 32.78665 32.456417 32.538746 32.97096 33.539253 33.824337 33.61568 33.545002 33.800217 33.60065 33.94008 34.14626 34.21208 34.18655 33.977257 33.845898 33.343445 -32767.0 33.002865 32.963932 -32767.0 33.312176 33.237816 33.985554 34.029785 34.250504 34.19689 34.24402 34.293613 34.242886 34.33963 34.29098 34.175365 34.09618 33.96004 33.928356 33.96035 33.898697 33.90117 33.872158 34.116783 33.94259 33.721382 33.778732 33.791622 33.679695 33.75072 33.723972 33.862823 34.288166
34.148148 34.053345 34.03841 33.70931 33.53418 33.265976 32.108047 31.620441 30.729681 30.923248 31.398064 32.0673 32.759956 33.556324 33.804054 33.796463 33.74769 33.49765 33.521873 33.70574 33.606003 33.889465 34.152115 34.20762 34.206505 34.262524 34.07843 33.85089 33.12575 -32767.0 32.977665 33.3024 33.21033 33.078358 33.73559 34.079998 34.092087 34.170612 34.257347 34.26879 34.27232 34.23345 34.27021 34.215496 34.215996 34.204075 34.21721 34.084637 33.885677 33.949528 33.834366 33.881977 33.852886 33.975372 33.82546 33.800114 33.860535 33.654392 33.760548 34.124126 34.326675
34.047337 34.00119 34.002228 33.897957 33.591923 33.527084 33.386112 33.375183 32.871162 32.36545 33.32229 33.670334 33.698277 33.702415 33.706085 33.729954 33.69043 33.527386 33.482727 33.54087 33.636536 33.937557 34.210342 34.21013 34.178917 34.17279 34.21318 34.049675 33.73128 33.096695 33.27156 33.405376 33.331013 33.099426 33.016754 33.942795 34.28146 34.246746 34.191723 34.2157 34.39987 34.27773 34.189503 34.182415 34.149414 34.163124 34.167473 34.20542 34.14844 33.88981 33.799618 34.026875 34.012814 34.167873 34.1682 34.07312 33.74958 33.757046 33.818207 34.31844 34.338665
33.849426 33.873997 33.872784 33.69338 33.68156 33.56627 33.49946 33.461 33.41489 33.482166 33.57355 33.613827 33.56314 33.617184 33.702133 33.65721 33.65496 33.631107 33.608532 33.732418 33.95142 34.220554 34.316235 34.22689 34.249737 34.232944 34.25936 34.125786 34.10117 33.301525 33.125523 33.266533 33.13036 33.091404 33.10717 33.782967 34.234154 34.243496 34.261963 34.20283 34.509064 34.345257 34.19533 34.09033 34.166054 34.07538 34.135777 34.203217 34.23534 34.188877 34.008095 33.896404 33.99077 34.037323 33.93757 33.808517 33.840126 33.903587 34.068848 34.39277 34.34331
33.803143 33.664337 33.672955 33.433144 33.45105 33.437054 33.47877 33.368435 33.233727 33.388275 33.417713 33.43508 33.50763 33.73664 33.643955 33.770657 33.782536 33.681995 33.9806 34.275074 34.298664 34.26126 34.322746 34.19797 34.253113 34.21444 34.19566 34.10337 34.07849 33.928493 33.349743 33.10589 33.19559 33.494587 33.849094 34.11522 34.33074 34.25332 34.300266 34.226784 34.48193 34.431633 34.21754 34.191845 34.12385 34.053253 33.9831 34.10132 34.128178 34.165836 34.140915 34.05808 33.976376 33.915447 33.941914 33.99885 33.99155 33.95559 34.39528 34.366245 34.320232
33.485558 33.345463 33.593193 33.470264 33.53014 33.54558 33.46894 33.34713 33.293636 33.40742 33.594913 33.66842 33.66827 33.74214 33.78862 33.75361 33.8178 34.235947 34.373848 34.2976 34.364223 34.39724 34.267715 34.20156 34.197872 34.20817 34.229164 34.108036 34.111897 34.014652 33.934307 33.99433 34.105972 33.980633 34.203403 34.275967 34.3112 34.288445 34.38113 34.299976 34.5526 34.459064 34.18536 34.166183 34.095448 34.070496 34.06146 33.979214 33.985767 34.108353 34.12912 34.07649 34.004112 34.04399 34.122242 34.07548 33.96603 34.162144 34.53703 34.354042 34.299633
33.826344 33.291218 33.207302 33.493755 33.608524 33.62831 33.528957 33.30755 33.205654 33.438236 33.635433 33.673756 33.789948 33.764385 33.796326 34.003128 34.234608 34.410328 34.347637 34.38026 34.427643 34.35671 34.252567 34.230732 34.20575 34.22419 34.16414 34.163296 34.16277 34.165474 34.132698 34.14774 34.200527 34.243107 34.338478 34.374287 34.364563 34.426754 34.47102 34.336163 34.563564 34.46814 34.174103 34.103073 34.06101 34.132313 34.151073 34.10446 33.97501 34.032238 34.03514 34.069725 34.200447 34.154037 34.050667 33.967003 34.134724 34.651028 34.62212 34.371353 34.2543
33.622513 33.564606 33.157322 33.137302 33.227333 33.355057 33.5081 33.503613 33.442398 33.576687 33.632565 33.78922 33.909184 33.937992 33.985546 34.27748 34.410686 34.39756 34.438236 34.48136 34.38871 34.27238 34.319782 34.28148 34.297016 34.197876 34.164307 34.180843 34.20131 34.231785 34.220306 34.28259 34.392162 34.50497 34.565643 34.565704 34.545506 34.51379 34.498734 34.419903 34.538746 34.503956 34.096664 34.149544 34.1649 34.278435 34.15638 34.15763 34.017376 34.040718 34.09222 34.104122 34.180183 34.084858 33.986076 34.115944 34.65223 34.580597 34.57454 34.455864 34.293556
33.06062 32.92866 32.96737 32.941593 33.203083 33.41156 33.52935 33.573933 33.47328 33.621334 33.65426 33.93493 34.054684 33.98357 34.28502 34.38594 34.42199 34.45959 34.48757 34.506077 34.287777 34.34702 34.35557 34.283012 34.334038 34.319622 34.28945 34.32589 34.293995 34.393272 34.58503 34.612938 34.49288 34.407227 34.40008 34.46548 34.483006 34.434055 34.47873 34.494217 34.544735 34.548706 34.384113 34.219063 34.29347 34.26914 34.186504 34.1349 34.035942 34.002922 34.023952 34.05022 34.0147 33.971592 34.006664 34.71508 34.554016 34.427303 34.459286 34.461002 34.24744
32.728443 32.63328 32.671577 33.016598 33.320698 33.548775 33.538807 33.502647 33.55013 33.63479 33.75312 33.86155 33.941868 34.229614 34.34709 34.363926 34.485638 34.493332 34.421455 34.448574 34.31932 34.359184 34.352283 34.349403 -32767.0 34.32591 34.513554 34.468098 34.595818 34.61379 34.455215 34.2339 34.20794 34.197273 34.197014 34.234383 34.368526 34.39726 34.439198 34.519234 34.563267 34.558777 34.535492 34.482224 34.34138 34.188232 34.181423 34.137283 34.011745 34.093903 34.093708 33.965527 33.928 33.994095 34.70383 34.663994 34.524796 34.324013 34.397472 34.31165 34.239735
33.52519 33.223698 32.98948 33.052513 33.441826 33.18859 33.34605 33.520996 33.626007 33.708046 33.820107 33.920795 34.269585 34.01427 34.295258 34.407524 34.545532 34.46029 34.381508 34.454803 34.333157 34.34081 34.35177 34.3642 34.374863 34.490734 34.572193 34.59363 34.61905 34.399403 34.26197 34.27837 34.27517 34.269955 34.241833 34.21953 34.29552 34.392735 34.392815 34.508465 34.556442 34.55373 34.460896 34.40323 34.220512 34.477066 34.25416 34.16927 34.358498 34.606728 34.583313 34.29849 34.326572 34.573387 34.692608 34.67195 34.630535 34.353287 34.352962 34.35895 34.388725
33.519196 33.357178 33.186386 33.056522 33.380783 33.452965 33.154545 33.56822 33.638466 33.807537 33.83498 34.11406 34.124832 33.921337 34.354374 34.452652 34.56474 34.458218 34.42422 34.48857 34.366142 34.33692 34.376064 -32767.0 34.532192 34.53256 34.61802 34.610516 34.54831 34.264187 34.288616 34.314156 34.406025 34.41637 34.36206 34.24934 34.239204 34.400505 34.392323 34.512287 34.52888 34.5289 34.439617 34.258385 34.665745 34.43704 34.525265 34.518547 34.414276 34.55508 34.57407 34.591476 34.43753 34.545483 34.6321 34.709232 34.68399 34.62526 34.487118 34.424446 34.44325
33.49448 33.166847 33.10101 33.221127 33.449043 33.21077 33.056564 33.541622 33.697395 33.829983 33.81039 33.799282 33.825447 34.339928 34.290493 34.48742 34.576992 34.489056 34.535347 34.53499 34.499546 34.4337 34.429684 34.510323 34.50286 34.606518 34.590336 34.60853 34.36373 34.280636 34.318367 34.5036 34.519802 34.473347 34.43505 34.33667 34.28586 34.43628 34.393658 34.487846 34.49821 34.4126 34.309364 34.580757 34.43087 34.492363 34.64754 34.65964 34.625957 34.54313 34.59755 34.60303 34.54102 34.501118 34.62292 34.734066 34.663776 34.69066 34.67785 34.620052 34.564632
34.276257 33.72258 33.28272 33.16397 33.04044 33.068577 33.597305 33.691673 33.726448 33.67015 33.712234 33.981987 34.33755 34.341263 34.28748 34.521965 34.585007 34.541824 34.45646 34.39814 34.35988 34.35456 34.40071 34.51922 34.51368 34.564518 34.596786 34.579952 34.31891 34.30122 34.424656 34.556587 34.542236 34.48393 34.420414 34.3785 34.37096 34.449158 34.39136 34.458263 34.438526 34.35037 34.490627 34.347187 34.387043 34.54264 34.646664 34.67302 34.677094 34.596325 34.636307 34.580242 34.57813 34.602154 34.610065 34.74017 34.686913 34.7707 34.74147 34.677032 34.735218
34.217667 33.867672 33.670204 33.65112 33.657204 33.757515 33.77281 33.69223 33.612797 34.088478 34.240196 34.22667 34.291832 34.2836 34.41463 34.536133 34.58805 34.54261 34.525166 34.44829 34.34291 34.34503 34.43336 34.441414 34.516743 34.509617 34.64387 34.572357 34.27786 34.306824 34.50939 34.53692 34.465267 34.444664 34.39837 34.405838 34.4422 34.41864 34.399555 34.440586 34.317455 34.51023 34.26893 34.257397 34.407722 34.557426 34.662167 34.67044 34.665943 34.6178 34.654648 34.604774 34.570988 34.677273 34.674583 34.74742 34.82122 34.78257 34.73007 34.714252 34.8244
34.285774 34.380264 33.963184 34.059063 34.360962 34.375847 34.35966 34.232323 34.284355 34.089085 34.243404 34.333454 34.227882 34.25223 34.518856 34.568405 34.5872 34.541084 34.539783 34.555157 -32767.0 34.383057 34.428955 34.399628 34.483315 34.470207 34.659645 34.589622 34.27838 34.301823 34.509083 34.526146 34.53018 34.43835 34.424194 34.45462 34.452023 34.39041 34.42372 34.315174 34.47641 34.28416 34.207714 34.279922 34.491615 34.677723 34.68253 34.67474 34.656395 34.637573 34.657436 34.625416 34.59287 34.728554 34.788452 34.80677 34.734673 34.725765 34.741795 34.73988 34.746956
33.58559 33.834713 34.05414 34.12898 34.17819 34.30036 34.339607 34.23525 34.187862 34.059982 34.18741 34.3465 34.228058 34.39895 34.53254 34.553104 34.559624 34.573273 34.55282 34.471954 34.456387 34.37136 34.375362 34.367634 34.398647 34.43803 34.55626 34.63992 34.338043 34.288906 34.426216 34.555225 34.507175 34.49031 34.466557 34.448303 34.430977 34.372177 34.338665 34.51309 34.405415 34.35606 34.21214 34.202194 34.290886 34.515686 34.696762 34.674576 34.6741 34.67498 34.64347 34.64283 34.62792 34.663395 34.72298 34.662666 34.7308 34.725735 34.728195 34.73838 34.78436
33.74779 33.82546 33.88972 33.95274 34.052708 34.099392 34.18645 34.172993 34.099598 34.074745 34.253284 34.35792 34.25546 34.48897 34.561882 34.56121 34.567703 34.615402 -32767.0 34.556786 34.4989 34.36461 34.376114 34.395752 34.35987 34.38312 34.387615 34.672005 34.436993 34.273968 34.328644 34.50835 34.536655 34.505146 34.484165 34.43832 34.34152 34.341434 34.599606 34.454594 34.424664 34.325443 34.273228 34.2302 34.24558 34.314896 34.558407 34.691025 34.678055 34.6751 34.656685 34.644985 34.677917 34.655823 34.67824 34.687454 34.72527 34.69944 34.748337 34.740696 34.78088
