static/data/salinity/2023/7/21/6.asc
ncols 137
nrows 93
xllcorner 108.0
yllcorner 17.0
cellsize 0.25
NODATA_value -32767
[rows 54 to 80 of 93, columns 61 to 121 of 137]
33.638206 33.92028 34.1726 34.214424 34.241066 34.30472 34.35052 34.242302 34.18715 34.095787 34.320717 34.345413 34.237537 34.41424 34.54214 34.55048 34.55602 34.61024 34.564278 34.459957 34.45958 34.37829 34.385296 34.3803 34.41189 34.488785 34.494083 34.679768 34.45132 34.265015 34.296864 34.529152 34.53426 34.50161 34.489407 34.475258 34.46606 34.3954 34.293262 34.55702 34.43734 34.437992 34.340454 34.202812 34.242344 34.433132 34.67792 34.69175 34.68055 34.668915 34.644363 34.646706 34.639187 34.62931 34.710014 34.664402 34.70765 34.747402 34.72332 34.749966 34.745857
33.789608 33.85814 33.92681 33.973843 34.0426 34.147827 34.258156 34.22812 34.116447 34.02365 34.327656 34.3125 34.269367 34.489525 34.563137 34.56933 34.578114 34.630016 -32767.0 34.55868 34.5019 34.409332 34.388885 34.408504 34.371346 34.42697 34.40336 34.632736 34.552338 34.255295 34.285343 34.417282 34.530056 34.541718 34.511738 34.466965 34.35718 34.29551 34.587124 34.540012 34.48556 34.40739 34.32453 34.26751 34.23347 34.280704 34.48546 34.70359 34.684635 34.68636 34.664658 34.65246 34.682262 34.68632 34.6747 34.680874 34.724113 34.66406 34.71451 34.722374 34.7584
34.138683 34.258896 34.219513 34.155674 34.074615 34.114574 34.175312 34.123894 34.099117 34.18176 34.36903 34.354824 34.33511 34.550125 34.59408 34.59781 34.565884 34.59138 34.631016 34.64749 34.645817 34.502193 34.422844 34.4292 34.41177 34.347397 34.363476 34.49006 34.710556 34.333096 34.32534 34.356415 34.385113 34.410534 34.365475 34.29027 34.311993 34.589645 34.605892 34.45695 34.394245 34.440792 34.375183 34.280922 34.27444 34.320354 34.334164 34.593758 34.674004 34.674896 34.70738 34.666954 34.682434 34.71898 34.709343 34.70048 34.702778 34.714043 34.73253 34.763096 34.81974
34.057125 34.14854 34.180695 34.04582 34.031456 34.121082 34.2674 34.235104 34.34231 34.41092 34.432384 34.423214 34.40911 34.550945 34.57221 34.59242 34.592903 34.595478 34.612057 34.59272 34.591854 34.618217 34.662544 34.45307 34.404408 34.33641 34.32654 34.419582 34.699192 34.538208 34.315742 34.288124 34.276424 34.26254 34.262676 34.34247 34.56344 34.630173 34.48407 34.47915 34.59453 34.593094 34.567017 34.51544 34.32381 34.384476 34.387257 34.41048 34.658974 34.68831 34.673805 34.711327 34.696606 34.67702 34.742054 34.710266 34.718575 34.73503 34.706234 34.802177 34.842606
34.106693 34.12862 34.19274 34.23867 34.245102 34.33999 34.37179 34.410107 34.45093 34.493057 34.523624 34.534992 34.459717 34.53941 34.56896 34.619442 34.625298 34.606617 34.609566 34.619274 34.580433 34.650513 34.674454 34.66972 34.462875 34.318516 34.304943 34.438217 34.683376 34.70911 34.315914 34.377502 34.385532 34.353565 34.38947 34.516567 34.6167 34.548252 34.513264 34.561165 34.637524 34.628796 34.52291 34.491795 34.3916 34.418613 34.47332 34.412582 34.57519 34.717697 34.707508 34.692978 34.673935 34.700382 34.71491 34.719612 34.705826 34.661377 34.773117 34.80927 34.826473
33.988148 34.155476 34.288494 34.432198 34.51761 34.557003 34.41559 34.43031 34.462017 34.511013 34.51424 34.53531 34.503834 34.563023 34.63844 34.66986 34.64967 34.616882 34.608128 34.579163 34.694786 34.70133 34.69714 34.722538 34.599415 34.327675 34.384995 34.541348 34.7182 34.753174 34.547077 34.379356 34.451637 34.53463 34.560696 34.604168 34.611485 34.528156 34.524704 34.577595 34.633354 34.66318 34.494392 34.426487 34.40395 34.429123 34.509644 34.44777 34.49908 34.713715 34.732487 34.72713 34.716244 34.695656 34.68524 34.6902 34.679386 34.724026 34.773182 34.98927 35.104084
34.025536 34.236557 34.43252 34.506805 34.528275 34.41504 34.39668 34.427177 34.471836 34.546673 34.548737 34.567894 34.600338 34.64227 34.641052 34.6343 34.61253 34.5874 34.56772 34.627747 34.715828 34.621193 34.628704 34.67058 34.637066 34.409534 34.52854 34.60517 34.758396 34.75804 34.71975 34.374718 34.379242 34.43932 34.490498 34.556595 34.62266 34.635605 34.591362 34.609455 34.63706 34.565155 34.397305 34.36219 34.371902 34.424873 34.516598 34.52937 34.47787 34.666298 34.724403 34.69454 34.709763 34.708557 34.693283 34.737137 34.689724 34.763714 34.81535 35.045395 35.084824
34.100647 34.33533 34.46483 34.476734 34.430584 34.347454 34.40014 34.457718 34.521793 34.550396 34.56399 34.643093 34.614777 34.6016 34.615135 34.61841 34.602222 34.586075 34.601112 34.6888 34.707222 34.57781 34.59444 34.664494 34.606544 34.502224 34.600094 34.692905 34.77823 34.750984 34.747738 34.584583 34.347588 34.312862 34.32565 34.357822 34.39942 34.44349 34.47305 34.4738 34.427784 34.339417 34.307137 34.34922 34.396732 34.445164 34.53697 34.572483 34.52086 34.621864 34.709732 34.698723 34.785576 34.78925 34.75567 34.741474 34.7249 34.738487 34.81677 35.00762 34.971546
34.26711 34.461452 34.499138 34.4652 34.37491 34.30416 34.38482 34.464703 34.594925 34.594658 34.61964 34.579018 34.640614 34.707756 34.724808 34.71294 34.718174 34.682377 34.695805 34.689217 34.584305 34.575165 34.630836 34.691963 34.566093 34.61251 34.691254 34.79728 34.771935 34.73399 34.73231 34.719444 34.63063 34.533413 34.487087 34.475975 34.46274 34.42907 34.388794 34.37596 34.39512 34.453693 34.494167 34.514965 34.527702 34.548298 34.564995 34.563286 34.562893 34.596073 34.695675 34.719826 34.8384 34.8731 34.800064 34.713234 34.755695 34.708725 35.030876 34.942684 34.974884
34.413013 34.498344 34.366665 34.295174 34.314373 34.276855 34.313377 34.38939 34.51679 34.558838 34.5711 34.625164 34.476627 34.583195 34.649303 34.64457 34.66375 34.71067 34.66459 34.597908 34.596714 34.692963 34.681057 34.642467 34.692425 34.742897 34.79972 34.789246 34.77048 34.748135 34.74777 34.740433 34.728645 34.7233 34.720917 34.681244 34.64583 34.647167 34.65769 34.620823 34.58622 34.564384 34.50034 34.430435 34.425934 34.42956 34.437 34.475403 34.55257 34.596306 34.68863 34.735382 34.892624 34.868114 34.782913 34.71791 34.74284 34.825897 34.970974 34.886395 34.8655
34.410233 34.400864 34.316086 34.377907 34.368877 34.339344 34.28622 34.375145 34.36781 34.499126 34.573692 34.634476 34.523632 34.599136 34.613693 34.629425 34.63279 34.650425 34.61766 34.62303 34.69891 34.65282 34.692234 34.748158 34.735767 34.748837 34.749428 34.70877 34.699734 34.689026 34.67224 34.659004 34.648674 34.63131 34.607124 34.592842 34.58972 34.590015 34.531143 34.44464 34.435097 34.490242 34.504833 34.512936 34.52262 34.516685 34.480152 34.47318 34.54507 34.606567 34.67648 34.722446 34.869564 34.81952 34.716385 34.754 34.681046 35.030537 34.934814 34.881718 34.771194
34.34462 34.350334 34.318073 34.33074 34.375683 34.36175 34.308487 34.34575 34.355785 34.417183 34.519264 34.628666 34.51402 34.61217 34.641953 34.643448 34.62823 34.625664 34.656403 34.676132 34.63136 34.604866 34.609127 34.684277 34.76223 34.73681 34.730453 34.731415 34.71485 34.69877 34.652958 34.60125 34.55612 34.52375 34.529655 34.51425 34.50767 34.514362 34.543224 34.62582 34.615356 34.574184 34.604435 34.62607 34.62852 34.564655 34.48889 34.46938 34.521244 34.588974 34.66184 34.7012 34.80663 34.739956 34.7382 34.69734 34.896423 35.04159 34.934853 34.940254 34.81958
34.435593 34.343563 34.334457 34.34606 34.365456 34.35028 34.31123 34.353165 34.37569 34.45592 34.450565 34.61851 34.50323 34.611374 34.66424 34.657997 34.636536 34.6719 34.668846 34.577137 34.561928 34.59258 34.58402 34.569958 34.616077 34.744972 34.769352 34.763775 34.73241 34.70928 34.713993 34.697636 34.624653 34.54339 34.529808 34.508266 34.505806 34.487785 34.494984 34.63103 34.6632 34.643745 34.61402 34.60263 34.611164 34.635582 34.665253 34.52868 34.489845 34.565872 34.644684 34.67742 34.75147 34.724007 34.719334 34.710022 35.063755 34.940907 34.882862 34.894688 34.875355
34.424232 34.325207 34.323124 34.312798 34.30561 34.33903 34.343117 34.395798 34.422344 34.464443 34.467953 34.61469 34.498585 34.611656 34.679596 34.678707 34.67263 34.670197 34.567966 34.563503 34.579475 34.637455 34.60801 34.5884 34.640137 34.64853 34.718235 34.77545 34.76667 34.746017 34.70757 34.682663 34.72967 34.68612 34.597565 34.534466 34.51908 34.54646 34.566113 34.614574 34.553867 34.583282 34.557518 34.56989 34.57461 34.580074 34.587322 34.602013 34.621876 34.616543 34.605087 34.678844 34.737312 34.715664 34.68497 35.024155 35.008358 34.856842 34.86937 34.89458 34.862305
34.305668 34.32282 34.31496 34.27404 34.27299 34.329964 34.35667 34.40765 34.427547 34.49061 34.507317 34.612396 34.489784 34.602737 34.681107 34.688534 34.67587 34.59829 34.543087 34.52106 34.52185 34.650047 34.590874 34.67678 34.72967 34.71094 34.66979 34.712624 34.71849 34.71404 34.70178 34.70529 34.689995 34.716713 34.72732 34.624676 34.544525 34.57287 34.63911 34.605392 34.570843 34.556927 34.54642 34.55502 34.56806 34.578278 34.585728 34.593147 34.59891 34.60985 34.6084 34.70398 34.70161 34.70471 34.807415 35.036194 34.9094 34.849827 34.769176 34.782715 34.83173
34.33653 34.350624 34.29323 34.289406 34.344627 34.365974 34.410038 34.42579 34.484737 34.60672 34.542614 34.61136 34.484756 34.58526 34.67587 34.68397 34.64824 34.557404 34.515434 34.519886 34.526516 34.64004 34.642654 34.718163 34.71975 34.73547 34.68654 34.672825 34.698658 34.706223 34.6932 34.696095 34.70932 34.726273 34.74334 34.724377 34.621098 34.577625 34.637165 34.577694 34.572193 34.55304 34.536575 34.567314 34.564194 34.560253 34.56013 34.576683 34.6062 34.625877 34.613625 34.712852 34.68788 34.712242 34.981453 34.978996 34.85397 34.89917 34.841473 34.757744 34.729603
34.35626 34.341892 34.213837 34.285442 34.431664 34.559097 34.601444 34.609737 34.619118 34.666584 34.549545 34.613323 34.492477 34.56994 34.636387 34.687847 34.64672 34.554047 34.51416 34.52166 34.635532 34.605625 34.711563 34.709637 34.707268 34.71216 34.728394 34.71029 34.69414 34.68809 34.69818 34.704525 34.71275 34.703457 34.70759 34.73463 34.70285 34.620804 34.562275 34.57839 34.589413 34.557644 34.525513 34.57342 34.59231 34.59328 34.568535 34.564423 34.59951 34.621803 34.65761 34.684994 34.719368 34.940277 34.995228 34.867264 34.846775 34.880684 34.898304 34.915234 34.85154
34.348995 34.317993 34.21457 34.29133 34.45815 34.5771 34.57023 34.62419 34.664795 34.65351 34.549625 34.610996 34.497086 34.57163 34.61275 34.660156 34.678974 34.632286 34.606216 34.648476 34.633972 34.68592 34.68719 34.690487 34.671944 34.71157 34.69788 34.67855 34.671852 34.6691 34.68764 34.696777 34.69063 34.68055 34.67888 34.695423 34.736145 34.67134 34.621536 34.58858 34.60219 34.552624 34.517258 34.578148 34.624672 34.603523 34.58767 34.59488 34.613964 34.62976 34.70855 34.66393 34.960793 34.982193 34.9068 34.873306 34.870777 34.859787 34.84803 34.840393 34.808388
34.380787 34.321426 34.263897 34.281258 34.450638 34.57066 34.59363 34.644318 34.67235 34.642284 34.559765 34.599754 34.4913 34.551727 34.56627 34.62473 34.6562 34.681786 34.66379 34.597267 34.677544 34.6709 34.63588 34.670975 34.64069 34.64455 34.674595 34.656612 34.65645 34.65003 34.66263 34.668022 34.676388 34.680664 34.670174 34.67044 34.704426 34.72656 34.657673 34.62899 34.60071 34.54373 34.51272 34.5819 34.63458 34.639343 34.6316 34.6252 34.64571 34.69129 34.661903 34.88171 34.968567 34.928467 34.858635 34.75441 34.6902 34.68452 34.667686 34.631138 34.58485
34.40041 34.4048 34.365322 34.262974 34.439377 34.569504 34.633026 34.670868 34.645817 34.63357 34.588326 34.583435 34.49595 34.534866 34.5373 34.5647 34.57375 34.58479 34.638077 34.674435 34.623814 34.58034 34.55499 34.579533 34.61556 34.600014 34.623695 34.607094 34.581253 34.581543 34.59462 34.601906 34.602215 34.618233 34.616608 34.632412 34.682644 34.727684 34.67475 34.618256 34.570652 34.554897 34.510777 34.581837 34.618996 34.6547 34.669132 34.682293 34.680313 34.681385 34.763466 34.94038 34.904297 34.87605 34.787155 34.709595 34.71514 34.695713 34.62692 34.598095 34.585724
34.248173 34.322754 34.375275 34.26432 34.45427 34.56219 34.65863 34.676895 34.63149 34.63816 34.60778 34.600544 34.501152 34.54917 34.576427 34.60904 34.65806 34.663193 34.618298 34.543568 34.5015 34.462105 34.434795 34.47141 34.595524 34.589634 34.572857 34.5428 34.519154 34.539104 34.55321 34.557312 34.55868 34.59288 34.640457 34.668495 34.659554 34.7013 34.68151 34.61083 34.60724 34.53653 34.50053 34.580738 34.600662 34.612072 34.626762 34.660828 34.68406 34.656708 34.660137 34.85504 34.917656 34.890675 34.84481 34.76299 34.73049 34.642902 34.636944 34.64665 34.653667
34.31983 34.270023 34.272724 34.264416 34.517857 34.556274 34.679787 34.682957 34.665714 34.617016 34.621307 34.635048 34.507706 34.55744 34.56698 34.557026 34.558495 34.552273 34.508564 34.46518 34.326813 34.2579 34.27163 34.339054 34.440388 34.589478 34.59878 34.536434 34.516647 34.52703 34.5227 34.50791 34.538292 34.59066 34.628857 34.6678 34.702724 34.663612 34.680325 34.636845 34.61902 34.514004 34.494137 34.573124 34.5888 34.612156 34.612362 34.616436 34.631702 34.66599 34.67053 34.65323 34.669464 34.69492 34.687313 34.658607 34.640896 34.630325 34.631176 34.63209 34.63005
34.296482 34.29502 34.323082 34.32025 34.55846 34.575325 34.703938 34.68298 34.67975 34.642532 34.630398 34.649666 34.52512 34.55955 34.57169 34.536617 34.512585 34.466606 34.356647 34.22437 34.169582 34.184155 34.23889 34.299625 34.368412 34.428642 34.495342 34.52238 34.365463 34.337433 34.385273 34.406345 34.49165 34.554367 34.576466 34.60731 34.661755 34.71542 34.66881 34.652164 34.623 34.493797 34.500652 34.56835 34.594563 34.59864 34.592354 34.604633 34.61393 34.62125 34.636078 34.641983 34.643135 34.637386 34.630142 34.616188 34.60181 34.580772 34.56727 34.563118 34.56632
34.30144 34.316395 34.336166 34.517952 34.554955 34.63322 34.688942 34.67102 34.669075 34.663605 34.662415 34.649323 34.573032 34.581318 34.48519 34.36205 34.24825 34.17605 34.157658 34.12588 34.09781 34.199375 34.319355 34.37705 34.395638 34.419025 34.493973 34.23178 34.133087 34.136456 34.19073 34.23012 34.399082 34.500816 34.55115 34.559597 34.57856 34.63781 34.705357 34.676155 34.618687 34.47892 34.514027 34.560387 34.589977 34.594025 34.573696 34.60811 34.63324 34.633667 34.630222 34.62381 34.62122 34.616222 34.596184 34.553997 34.51023 34.507465 34.52427 34.544132 34.549885
34.344997 34.3686 34.538044 34.55789 34.593155 34.691063 34.670937 34.64708 34.65989 34.663242 34.659355 34.628372 34.566795 34.32152 34.190887 34.213863 34.160583 34.064335 34.06934 34.05057 34.179447 34.432953 34.47628 34.48243 34.4663 34.418137 34.14762 34.201065 34.244236 34.215473 34.19419 34.200367 34.363976 34.46442 34.482285 34.524845 34.556194 34.565243 34.6271 34.67456 34.59591 34.464966 34.55189 34.55951 34.58754 34.58166 34.587513 34.648186 34.617355 34.60388 34.608624 34.60605 34.57543 34.519917 34.49033 34.48664 34.469128 34.466248 34.478977 34.487183 34.50532
34.602192 34.59963 34.58852 34.590935 34.65471 34.688656 34.628178 34.63001 34.60953 34.59706 34.579414 34.53691 34.244003 34.23119 34.26907 34.101402 33.919285 33.94389 34.00573 34.25797 34.460384 34.453827 34.483246 34.46573 34.223022 34.167538 34.3269 34.40003 34.394497 34.386333 34.367226 34.33099 34.375504 34.419506 34.428185 34.442127 34.507286 34.547424 34.57572 34.64972 34.555508 34.49497 34.60142 34.566917 34.596058 34.62223 34.664936 34.61755 34.617638 34.595734 34.50554 34.493904 34.48437 34.46874 34.4621 34.4955 34.501347 34.39194 34.37121 34.465187 34.501923
34.612698 34.6229 34.60547 34.66125 34.693085 34.664562 34.611614 34.595707 34.5747 34.605732 34.553745 34.327938 34.22509 34.26122 34.227913 33.917156 33.959423 34.015133 34.351154 34.444206 34.48262 34.456585 34.4686 34.163555 34.193184 34.382076 34.403133 34.435207 34.41708 34.390064 34.384567 34.379543 34.382168 34.38058 34.406727 34.439182 34.47791 34.53814 34.571186 34.61955 34.500404 34.638527 34.58833 34.563015 34.60187 34.658047 34.621277 34.615673 34.606525 34.52579 34.49147 34.475853 34.475925 34.506756 34.55216 34.645935 34.717335 34.55082 34.31629 34.405212 34.517315
