static/data/seaWater_vo/2023/7/29/0.asc
ncols 137
nrows 93
xllcorner 108.0
yllcorner 17.0
cellsize 0.25
NODATA_value -32767
[rows 52 to 77 of 93, columns 58 to 115 of 137]
0.23915184 0.06356362 -0.08206943 0.08534143 0.22509873 0.17426963 0.04303507 0.08454777 0.19409117 0.21149811 0.14033635 0.19107276 0.24837199 0.66860694 0.93858916 0.6497041 0.39016628 0.30205864 0.27619755 0.10124978 0.06389383 0.11887716 0.0057979766 -0.054289095 -0.029769612 0.1305994 0.09996089 0.3758464 0.40347242 0.35677624 0.2859946 0.29492098 0.36992472 0.30587947 0.14836496 -0.036050256 -0.23805842 -0.4540006 -0.5723657 -0.46681896 -0.46349546 -0.49590755 -0.21092995 -0.22488055 -0.17773438 -0.081210636 0.0218243 0.10029391 0.13957529 -0.13955772 -0.31046194 -0.11019216 -0.08694578 -0.043600935 -0.068132296 -0.15309706 -0.18666139 -0.17186521
0.2780513 0.0657879 -0.060946837 -0.019881494 0.09018896 0.058580983 0.044197846 0.09250739 0.11240958 0.21177337 0.22359961 0.21383119 0.4504358 0.8623844 0.78974617 0.5683375 0.4438119 0.24576543 0.09416645 0.05206037 0.12213832 0.14797992 0.022411453 -32767.0 -0.2478777 0.06837462 0.19943178 0.40362117 0.34216067 0.27613926 0.24829185 0.25453565 0.27464733 0.1925758 0.0126979835 -0.19716497 -0.3727134 -0.4928757 -0.46433753 -0.47544792 -0.5288973 -0.3345819 -0.2386029 -0.11978388 -0.033267267 0.017180186 0.06647484 0.074212916 0.11231827 0.09874225 -0.15111527 -0.3193606 -0.12063842 -0.0120955305 -0.07192815 -0.13576907 -0.20742731 -0.1549807
0.17289881 0.08244644 -0.005255878 -0.002295946 -0.00085353956 0.009006643 0.05494125 0.039338488 0.030577539 0.093821034 0.2728076 0.42191088 0.6735415 0.82291156 0.60335064 0.6370118 0.44687894 0.18111172 -0.026958687 0.10660797 0.11472835 0.03947186 0.020643944 0.011675208 -0.11557819 -0.063687034 0.23640402 0.37580544 0.28234303 0.2057345 0.2071344 0.17953289 0.13884775 0.05622503 -0.095891014 -0.21617357 -0.33718118 -0.39562005 -0.4806182 -0.55658257 -0.43875298 -0.3200374 -0.16526262 -0.09312208 -0.046304516 0.012130863 0.09226828 0.20123449 0.19331416 0.13736556 0.09184301 -0.10561683 -0.33479682 -0.092048086 -0.030542804 -0.21954842 -0.25527593 -0.19387348
0.13634583 0.19384062 0.18876398 0.10716534 0.06735511 -0.02358273 -0.041632537 -0.07166838 0.021847064 0.23855558 0.48453742 0.65105987 0.7204579 0.57460946 0.6555062 0.59351873 0.31916633 0.07445605 -0.00049958983 0.13232522 0.24892458 -32767.0 0.06070202 0.09494963 0.09177646 0.054283172 0.16955766 0.26112905 0.20466675 0.15069358 0.19157192 0.09483888 0.02001933 -0.06699214 -0.18234764 -0.2767357 -0.35210142 -0.4676987 -0.5365703 -0.47558653 -0.39124626 -0.28677446 -0.1842774 -0.12731405 -0.057034682 -0.035697784 0.042949732 0.1894516 0.22151585 0.13959914 0.2235326 0.15245081 -0.1794422 -0.2656192 -0.084560186 -0.26503718 -0.3253366 -0.13549641
0.6593364 0.6163242 0.4287178 0.137916 0.11579226 -0.005685363 -0.06427724 -0.049152948 0.069764696 0.36134875 0.5836056 0.6155018 0.4598176 0.584145 0.63275963 0.45717523 0.28447932 0.07333473 -0.13694872 0.09764603 0.19172692 0.13591267 0.16987155 0.18058361 0.1398927 0.050936006 -0.040252414 0.21087392 0.08063136 0.13392314 0.15779981 0.038621645 -0.04665781 -0.15515387 -0.23194042 -0.30265042 -0.4163919 -0.5208939 -0.50032276 -0.4590107 -0.28769484 -0.13930075 -0.09513984 -0.021211617 0.0049478686 0.04297502 0.1164922 0.24565026 0.27282837 0.18955658 0.17919697 0.22627112 -0.026188059 -0.33399367 -0.20508422 -0.32411295 -0.34904182 -0.1639927
1.1555761 0.81445575 0.34570524 0.17573252 0.06577198 0.18331556 0.19978909 0.09441822 0.18909091 0.33137032 0.3745194 0.34409434 0.5154086 0.5653331 0.47284642 0.42340025 0.2510275 0.006363581 -0.20714527 0.13551779 0.23194715 0.13912097 0.21235922 0.28923526 0.25211194 0.08861361 -0.035188038 -0.008888276 -0.06846599 0.1546745 0.10998034 0.042019006 -0.06985593 -0.20720431 -0.26735455 -0.3637687 -0.46966276 -0.47203648 -0.46256134 -0.38130724 -0.16069104 -0.005037775 -0.0026247692 0.036392167 0.08474447 0.08633977 0.14425234 0.23891345 0.28319696 0.26470748 0.1559724 0.20678075 0.12178356 -0.28670317 -0.26281518 -0.30078647 -0.27980027 -0.075970925
1.2355194 0.73377585 0.34811652 0.260655 0.28322154 0.35186696 0.23232028 0.1003001 0.07498519 0.10357459 0.32728517 0.40377587 0.41694412 0.31706503 0.41665235 0.36329126 0.17854777 -0.023452124 -0.067775056 0.1606463 0.18284485 0.17479245 0.34056404 0.35246998 0.34932795 0.05476915 -0.13404894 -0.23028031 -0.1861287 0.17012447 0.08336612 0.1207774 -0.07680864 -0.17932534 -0.2996685 -0.4349527 -0.49166408 -0.43752483 -0.4397436 -0.3115418 -0.10908324 0.055118117 0.081138514 0.054144006 0.12743296 0.12348026 0.12354909 0.25053403 0.34338805 0.28447393 0.14166074 0.13718985 0.19323665 0.009414541 -0.25772887 -0.24584858 -0.21849895 -0.043939374
1.3527935 0.6287149 0.3949221 0.34059623 0.34019062 0.26073876 0.11454591 0.10393305 0.14729416 0.3546523 0.3814492 0.36687967 -0.06091272 0.33461446 0.3592036 0.3140929 0.11512464 0.067071974 0.11746742 0.16377097 0.22461934 0.33282858 0.31757078 0.29760325 0.20004648 -0.10499317 -0.29590604 -0.34934366 -0.12196956 0.17228107 0.08503827 0.13940354 -0.014471481 -0.12846164 -0.2783543 -0.4562255 -0.4866765 -0.3960835 -0.38549823 -0.26864457 -0.07750234 0.06770713 0.08094073 0.097467974 0.17235893 0.12397941 0.1388683 0.2916494 0.3873164 0.3053155 0.15678103 -0.016313424 0.15265723 0.17468566 -0.005391376 -0.14175074 -0.16660514 -0.04274568
1.1233639 0.47874317 0.3920037 0.34174335 0.34586403 0.09633976 0.07175006 0.17737667 0.1543109 0.4046019 0.33116236 0.081720136 -0.11277872 0.45368013 0.3978125 0.27620798 0.24489824 0.11531729 0.10842467 0.26437274 0.39427322 0.30524504 0.19239283 0.15521805 0.046710663 -0.14039122 -0.32339725 -0.31639296 0.02186014 0.16881278 0.059192456 0.054483525 0.083808556 -0.09737848 -0.25378346 -0.43548924 -0.45056495 -0.37662205 -0.35973543 -0.25536275 -0.12217635 0.02510719 0.082741275 0.1076551 0.12526587 0.10246746 0.14139602 0.31521985 0.42069444 0.2893148 0.16846704 0.005375015 -0.008877091 0.18273725 0.21867138 -0.0008490007 -0.08394254 -0.07805418
0.7980123 0.3647944 0.2642063 0.30964646 0.3619998 0.3361611 -0.012262236 -0.021612449 0.18581535 0.3417254 0.31246436 0.101790816 0.062427368 0.4292027 0.4508388 0.3271802 0.18834914 0.10808415 0.17715499 0.392287 0.25874794 0.14074229 0.16105506 0.08022155 -0.051390268 -0.23227282 -0.30240405 -0.037508275 0.13250878 0.13586082 0.049723063 -0.06514441 0.12465305 -0.049596358 -0.23820056 -0.40411213 -0.43979737 -0.33262935 -0.26173356 -0.20444627 -0.14033234 -0.020833148 0.046314593 0.13454835 0.1417508 0.16526975 0.16972129 0.3020072 0.38641 0.20982885 0.19836387 0.05262374 -0.06351927 0.12259553 0.32900083 0.018208137 -0.07742923 -0.11688844
0.55081636 0.24626085 0.109220654 0.46511695 0.47839877 0.23647608 -0.048453044 -0.1214087 0.28619686 0.33281255 0.24283189 0.20375998 0.26944333 0.36756817 0.3416331 0.33604276 0.22927898 0.13618305 0.2834918 0.20015885 0.05815011 0.12957454 0.12865086 -0.010003827 -0.15899177 -0.26803264 -0.08898745 0.09935861 0.09895124 0.098631546 0.07865452 -0.066423304 -0.019215314 0.020462211 -0.12524375 -0.31530818 -0.374158 -0.30717888 -0.18384586 -0.13346286 -0.09476877 -0.0012867695 0.104507774 0.2151139 0.25395024 0.22487356 0.22416624 0.23546308 0.23344329 0.06367864 0.23250619 0.082168624 0.018315509 0.20974389 0.33839086 0.04603992 -0.0968122 -0.1331678
0.49794275 0.2354627 0.28527343 0.37238804 0.3881185 0.31151542 0.121061824 0.19369209 0.30177045 0.20754144 0.17724338 0.2108328 0.26976615 0.3085409 0.1676257 0.29560897 0.24677615 0.21273391 0.1670185 0.028334117 0.012183598 0.110549025 0.026569659 -0.08818307 -0.16181454 -0.051556285 0.057453644 0.0879994 0.092784494 0.062289763 0.06586997 0.0218105 0.009708654 -0.022834219 -0.11399138 -0.12355966 -0.19608791 -0.22888784 -0.1715315 -0.1206424 -0.0253008 0.10241086 0.22349332 0.31885436 0.31832474 0.24684663 0.1940932 0.13496396 0.035220083 -0.110218935 0.23183881 0.10249404 0.031589095 0.3594939 0.2427684 -0.045085855 -0.13327096 -0.16042556
0.5088014 0.23920293 0.28758585 0.25262558 0.23995297 0.22369303 0.20395958 0.19700411 0.19580744 0.107811764 0.09163579 0.17333293 0.22919485 0.21428193 0.07196578 0.19505185 0.18741064 0.12669185 -0.006867703 -0.02614076 -0.007156579 -0.025376597 -0.07029663 -0.03267982 0.063759536 0.08356551 0.094715185 0.09077876 0.07285784 0.09450631 0.105273664 0.08882749 0.05102821 0.0244111 -0.0038174877 -0.0631507 -0.090639874 -0.07897915 -0.081092045 -0.012799322 0.061744273 0.1787335 0.2820616 0.22602805 0.1811829 0.14555694 0.13242128 0.13445602 -0.0213973 -0.22876398 0.13619463 0.1553147 4.8720838e-05 0.3729121 0.17541957 -0.08706391 -0.15132682 -0.20897155
0.48595777 0.254765 0.19048905 0.19462879 0.31374905 0.3207572 0.2139807 0.2204283 0.15612757 0.11247278 0.08014073 0.106784 0.15641339 0.12367189 -0.0072448663 0.11395272 0.06470316 -0.03775032 -0.10287164 -0.053396747 -0.07138751 -0.06617843 0.017544093 0.03967201 0.04153175 0.101955526 0.14592223 0.12581408 0.12981412 0.14039773 0.11224838 0.10524152 0.12308477 0.09555076 0.048374772 0.046754964 0.07200338 0.05638164 0.019459717 -0.015728055 -0.008761888 0.042136487 0.13294415 0.26985294 0.21695139 0.1088859 0.017444916 0.015338859 0.017046735 -0.26500463 0.036083817 0.23397297 0.009347046 0.32620364 0.105523095 -0.09171233 -0.2544334 -0.10064519
0.33129638 0.16396983 0.113278665 0.24580097 0.3366347 0.3118483 0.30717757 0.2827618 0.25598523 0.18273039 0.079219684 0.055700026 0.04818936 -0.042617403 -0.09841798 0.025617324 -0.08037817 -0.16061628 -0.14053014 -0.13981582 -0.07532917 -0.011597524 0.013662416 0.034112256 0.09024956 0.14747766 0.14843905 0.120246306 0.12399013 0.11526242 0.12641291 0.053961404 0.055816032 0.07163122 0.08892505 0.10537383 0.076603696 0.07433047 0.07873204 -0.01674011 -0.086245194 0.048343167 0.21143275 0.26806113 0.22714475 0.13119426 0.06269543 -0.047355313 -0.09703387 -0.2363918 -0.12745471 0.25781298 0.11045958 0.24727932 0.006427386 -0.17012241 -0.2369246 -0.05004293
0.22919083 -0.006118481 0.04877033 0.15937248 0.29626966 0.33170587 0.3784106 0.4150438 0.41108683 0.32582033 0.11599996 -0.054023147 -0.12095787 -0.18617843 -0.07572949 -0.072443604 -0.18552351 -0.22406761 -0.23494206 -0.20699707 -0.12837636 -0.026000805 0.023058265 0.0741202 0.12652588 0.21065663 0.21540688 0.13205226 0.05696362 0.048408274 0.1055047 0.057462495 0.010233777 0.074431315 0.1203291 0.13175055 0.123901464 0.035715524 -0.030479036 -0.016013745 -0.043411635 0.024248349 0.21979 0.35372055 0.30039507 0.24521324 0.20031485 0.07324983 -0.115378946 -0.2368037 -0.1963021 0.06037223 0.041669358 0.13915727 -0.12026226 -0.29143474 -0.016485455 -0.057831123
0.13801208 -0.124910265 0.052267205 0.17265457 0.24335667 0.33804733 0.4847517 0.5489202 0.54076463 0.40493914 0.1343314 -0.16485484 -0.27770603 -0.28128552 -0.10148655 -0.162534 -0.2306884 -0.31143877 -0.34739608 -0.21397609 -0.10574256 -0.018268635 0.06275342 0.043105427 0.087248065 0.22643656 0.23868778 0.13278884 0.04053033 -0.051337443 -0.03149543 0.00079726824 -0.038097575 0.06602241 0.11073147 0.089389555 0.18372221 0.065226965 -0.03639487 -0.0326519 -0.06301399 -0.089508705 0.11907263 0.4373495 0.3954883 0.2751326 0.42428112 0.29718587 0.022604069 -0.19645424 -0.25492907 -0.17705321 -0.15466595 -0.050115354 -0.2803405 -0.26133302 0.0021602558 -0.0147929685
0.034079224 -0.14360914 0.19561742 0.29201302 0.27880356 0.29504955 0.40709007 0.46764863 0.5335407 0.33421385 0.08320105 -0.22445014 -0.33421817 -0.2469614 -0.1595781 -0.2409623 -0.30698353 -0.44990936 -0.35053444 -0.2621803 -0.13763995 0.042111315 0.18961014 0.1713393 0.06375152 0.16746579 0.26352552 0.20335785 0.056688197 -0.067678 -0.10951791 -0.071897596 -0.13613816 -0.022461813 0.08883787 0.016866434 0.14181414 0.057632405 -0.04106596 -0.08843041 -0.038276117 -0.07164497 0.004496675 0.39897192 0.5303637 0.35316947 0.5602414 0.42144206 0.13527311 -0.11478335 -0.3212854 -0.3509603 -0.2415254 -0.20068277 -0.41586676 -0.06421807 -0.0036129644 0.006094717
-0.019888468 0.0050090877 0.35113475 0.40142792 0.31137943 0.23349749 0.24409188 0.3522968 0.56770426 0.23981076 -0.054064404 -0.29125825 -0.35661232 -0.18568787 -0.2036681 -0.30646715 -0.37718925 -0.4737814 -0.40144658 -0.3649054 -0.15301287 0.09892001 0.2270506 0.31689984 0.1015742 0.11420629 0.26480606 0.26346835 0.1278665 -0.110519804 -0.19115265 -0.1517555 -0.18238954 -0.064439565 0.021173667 -0.054774463 0.06638641 0.057740245 -0.035852194 -0.046070054 -0.059060913 -0.031434312 0.101884045 0.42710838 0.5533007 0.35691607 0.5617952 0.48116186 0.21800879 -0.05992733 -0.36714557 -0.48394123 -0.19358489 -0.26462832 -0.4400544 -0.048831835 -0.028814696 0.033797644
0.15839496 0.062146243 0.39338905 0.43255627 0.2773561 0.21178296 0.29265192 0.45929703 0.5148407 0.010608148 -0.16960414 -0.39386594 -0.4052221 -0.17855847 -0.22589932 -0.33946425 -0.4049191 -0.45805287 -0.42176852 -0.37039813 -0.1306622 0.18754648 0.28358188 0.30493063 0.12861308 0.042583987 0.2782896 0.37975785 0.17202674 -0.07456936 -0.2549045 -0.19275007 -0.11509657 -0.052497663 -0.09109256 -0.14901702 -0.017347347 0.11277779 0.029610744 -0.014739379 -0.019344535 -0.0016322533 0.18088087 0.42659026 0.47046062 0.3006127 0.47146004 0.54959166 0.29164973 -0.02607652 -0.36930084 -0.5068402 -0.17181279 -0.24319534 -0.38788325 0.0033078073 -0.076955736 -0.01081583
0.32287693 -0.025938608 0.26482823 0.33939683 0.36722594 0.27271673 0.34415972 0.6730044 0.12002243 -0.043128647 -0.19957313 -0.4896965 -0.37213373 -0.16156724 -0.20457816 -0.35784793 -0.4077018 -0.45389637 -0.34035257 -0.25223133 -0.057757683 0.13574469 0.2608526 0.28539717 0.08762881 -0.055656806 0.3052596 0.47667402 0.24771935 -0.11235278 -0.3018765 -0.20078187 -0.06748767 -0.074376844 -0.12613864 -0.12368946 -0.09523089 0.0064880974 0.05458908 -0.05097333 -0.0017660456 0.10715474 0.33831072 0.47058308 0.3686316 0.22977322 0.31688586 0.524186 0.27631858 -0.010300706 -0.28746223 -0.39101723 -0.20963609 -0.25608206 -0.334124 0.057420373 -0.07310791 -0.06165729
0.15980437 0.03748881 0.20465764 0.40574583 0.3987167 0.32350534 0.3102522 0.34085974 0.026667265 0.06852904 -0.28515333 -0.5701975 -0.32446265 -0.17430988 -0.1685856 -0.25352693 -0.32459134 -0.34213805 -0.24651341 -0.11685586 -0.007962431 0.15796718 0.24502943 0.18903941 0.10782474 0.030972501 0.3494496 0.45951012 0.16013555 -0.21837907 -0.38284326 -0.24772446 -0.10892774 -0.073696174 -0.02770343 -0.05286324 -0.09273138 -0.08260275 -0.046765827 -0.06889839 -0.066998675 0.18345939 0.45910785 0.47075054 0.25759527 0.17881508 0.22826572 0.49496427 0.23191556 0.009026926 -0.20219678 -0.29764068 -0.24088976 -0.3415176 -0.2585368 0.08355121 -0.037457414 -0.032105714
0.17309839 0.28066567 0.38929087 0.47802866 0.43664417 0.31828347 0.22059602 0.09133012 0.06126137 -0.0005225491 -0.40242782 -0.6203885 -0.2867181 -0.20700467 -0.12279392 -0.17188482 -0.19607879 -0.16870819 -0.10286189 0.003036565 0.10141951 0.17928387 0.21462785 0.19466136 0.18154952 0.2528488 0.32372513 0.18394972 -0.019178879 -0.3253377 -0.49091727 -0.3475787 -0.20179677 -0.007885532 0.0661127 0.062384136 -0.014987861 -0.06389941 -0.09749466 -0.16617711 -0.1714611 0.15774107 0.4632305 0.43864316 0.18231174 0.11923727 0.12596524 0.43077406 0.26801252 0.0395843 -0.108504236 -0.20432518 -0.2804506 -0.34906387 -0.016249241 0.045310885 0.01533489 0.10755255
0.41180512 0.5455231 0.54382294 0.53534347 0.44347334 0.30853406 0.17255875 0.07035924 0.028533055 -0.13205637 -0.5180266 -0.675824 -0.2694077 -0.20143923 -0.088725895 -0.06724168 0.0020292685 0.0654112 0.108726926 0.14211817 0.18691595 0.233446 0.24039441 0.22479947 0.1683749 0.12337343 0.07810867 0.09442301 -0.072360575 -0.34131485 -0.54956764 -0.43665212 -0.1902782 0.029333679 0.12926245 0.09913859 -0.015140041 -0.07297221 -0.12188937 -0.2271528 -0.25261343 0.07731776 0.45491043 0.43485856 0.16633174 0.10457346 -0.011615446 0.26598364 0.24122195 0.049406014 -0.10000964 -0.20912766 -0.25971138 -0.07275745 0.10688167 0.15806286 0.27101502 0.38653025
0.7135106 0.60598755 0.5347838 0.43951654 0.3623128 0.30277056 0.23172204 0.12435605 -0.019449174 -0.23024502 -0.58645964 -0.7240135 -0.28580138 -0.07487077 0.082284205 0.19253814 0.16900198 0.13648072 0.16646841 0.13990964 0.107146874 0.09709822 0.10239526 0.09073525 0.17603977 0.18870997 0.088657774 0.081711926 -0.038634032 -0.324464 -0.47857583 -0.34853294 -0.14197926 0.031627487 0.04716305 0.013586515 -0.08448387 -0.14197673 -0.17919938 -0.2697343 -0.28565618 -0.020711705 0.37540054 0.40676454 0.13667119 0.10774862 -0.05116197 0.084881045 0.11831349 0.02000473 -0.07688968 -0.085246734 0.0031172798 0.1414603 0.33064044 0.41113696 0.42716542 0.4633722
0.5405573 0.52597904 0.37699032 0.28513047 0.25225082 0.2208119 0.15624523 0.105980754 -0.06828023 -0.28313857 -0.60615015 -0.7703971 -0.26014337 0.115894854 0.29398584 0.20959282 0.21868911 0.13591379 -0.00073590636 0.014676871 0.14180745 0.21874566 0.19546583 0.1481144 0.17343384 0.124205746 0.061754104 -0.014906471 -0.044679355 -0.20673937 -0.30408818 -0.2341076 -0.13312617 -0.097089276 -0.0578339 -0.06417483 -0.093320824 -0.15779968 -0.2651637 -0.3057604 -0.2694082 -0.07356094 0.25347406 0.3581658 0.0023496712 0.008163535 0.16832703 0.120505355 -0.025890531 0.017414313 0.040813163 0.07049454 0.19273478 0.3676683 0.44749102 0.44087872 0.4538618 0.5305649
