static/data/seaWater_vo/2023/7/29/12.asc
ncols 137
nrows 93
xllcorner 108.0
yllcorner 17.0
cellsize 0.25
NODATA_value -32767
[rows 52 to 77 of 93, columns 58 to 115 of 137]
0.23490535 0.12779163 -0.046972025 0.06159815 0.18624642 0.08825268 -0.024110116 0.048403375 0.2875741 0.19877493 0.108637474 0.11157068 0.20160279 0.6902407 0.9437692 0.584651 0.37327486 0.19258896 0.14544627 0.040263005 0.07078711 0.10461237 -0.022245483 -0.060876586 -0.048429515 0.19211404 0.26145452 0.49055925 0.55002815 0.5296018 0.46370792 0.5438932 0.45814928 0.27553427 0.11912361 -0.027593514 -0.1359349 -0.24035464 -0.37176168 -0.29448497 -0.2031209 -0.26451007 0.019986654 0.116114974 0.14498252 0.24915147 0.41264626 0.49971083 0.30709004 -0.06021894 -0.11999637 0.019439777 0.13069971 0.095640995 0.104816176 0.12146754 0.0487226 0.0865273
0.25375497 0.061864093 -0.037469633 0.053817328 0.15908737 0.16220433 0.061884347 0.008152562 0.011987992 0.08143712 0.11030227 0.1466621 0.42448023 0.8184717 0.7292124 0.48543295 0.39915004 0.15484057 0.012488448 -0.062383752 0.13838305 0.19056416 0.038523216 -32767.0 -0.2332094 0.11217519 0.31168237 0.5442305 0.4943087 0.4417275 0.38095993 0.44179705 0.38205215 0.26136318 0.13230523 -0.009072422 -0.179882 -0.30276802 -0.2475512 -0.22005482 -0.2859823 -0.0638541 0.021222066 0.062033065 0.1441213 0.20989095 0.38515672 0.5054011 0.4868789 0.24482688 -0.10863038 -0.12682003 0.04989912 0.12370497 0.06863944 0.08300767 0.095833704 0.05583963
0.13297416 0.047944713 0.009932444 0.04683049 0.054515753 0.048361402 0.04613554 -0.00794106 -0.011194949 0.15949488 0.3133882 0.4623524 0.66041553 0.7428871 0.4789692 0.5333511 0.32540178 0.11501686 -0.1384594 0.003445791 0.06858245 0.06282136 0.010472549 0.068171225 -0.08529202 -0.008368397 0.32909906 0.45597112 0.36989176 0.3604233 0.29503506 0.32539198 0.2665033 0.197952 0.06268483 -0.10191682 -0.20091884 -0.19371533 -0.20757145 -0.31016314 -0.14910078 0.003042493 0.107750624 0.18594936 0.23540156 0.27373517 0.37586474 0.4950322 0.3800125 0.37064928 0.19362228 -0.079040065 -0.20806512 -0.023707805 0.06472764 0.03567271 0.1213413 0.16485536
0.07990622 0.14476033 0.15699707 0.13449568 0.0561846 -0.0035027186 -0.009481896 -0.063024454 0.010985854 0.23162845 0.51628757 0.6510671 0.6192634 0.4477609 0.5340098 0.4164889 0.1137593 -0.06387236 -0.1314912 0.0056586675 0.024020461 -32767.0 0.0012980554 0.084558465 0.09260573 0.081338204 0.24099213 0.31135648 0.19958468 0.31279355 0.19974306 0.20160116 0.14160009 0.09147058 0.010841444 -0.067251824 -0.11148863 -0.19883938 -0.28963673 -0.18086717 -0.02701884 0.13067526 0.29605016 0.36705425 0.323256 0.31761023 0.45959672 0.5230787 0.36538574 0.32361707 0.3495599 0.13652928 -0.23439378 -0.2955942 -0.04227055 0.0034173143 0.103952326 0.16373953
0.61949354 0.56715393 0.4158161 0.26479572 0.1872088 0.15501699 0.10488417 0.013008023 0.02010979 0.3345146 0.49902678 0.4949769 0.3530063 0.4773192 0.4439491 0.27611944 0.025613777 -0.19853364 -0.21682958 0.08242221 0.10762196 0.08428512 0.0658677 0.13087295 0.10105498 0.0045641093 -0.026127161 0.19094324 0.061297387 0.23227957 0.16295125 0.06409535 0.056101512 0.03471665 -0.00473982 -0.07863735 -0.22390004 -0.3018979 -0.2086714 -0.13096392 -0.03659753 0.24482687 0.3812412 0.37665272 0.33591208 0.324733 0.41179827 0.49026337 0.4097967 0.3268313 0.43544295 0.29210746 -0.09497484 -0.38922545 -0.13667403 -0.014195914 0.054737605 0.09162804
1.1205454 0.85069036 0.38068 0.21418984 0.14368783 0.29490346 0.4014736 0.33933228 0.24743392 0.32438457 0.2722658 0.24233341 0.42677832 0.41209325 0.32949308 0.22926669 0.011013817 -0.26401144 -0.36614543 0.11379156 0.2298807 0.058124032 0.12312232 0.23689508 0.11320056 -0.06986522 -0.16531216 -0.10666721 -0.04844839 0.15206575 0.14374758 -0.031031704 -0.02376054 -0.006406506 -0.06666504 -0.21750656 -0.32265443 -0.25269783 -0.21906807 -0.19189218 0.007969016 0.21378864 0.39450696 0.44432926 0.322272 0.29150522 0.37930474 0.44884077 0.4338427 0.31938517 0.41111618 0.37649632 0.060376737 -0.35673493 -0.16092493 -0.0037293362 -0.01241205 0.017422836
1.4347402 0.8005695 0.36264306 0.26119906 0.25057483 0.37331077 0.4667561 0.3150112 0.19513975 0.08458104 0.26168773 0.3638282 0.3368415 0.27678707 0.28348565 0.20664608 0.030135367 -0.121776775 -0.21671827 0.10310355 0.13694568 0.099284366 0.27003956 0.19143146 0.16210593 -0.062085122 -0.2866109 -0.3432054 -0.09165864 0.12445596 0.056917287 0.007560087 -0.09723224 -0.11017187 -0.17299156 -0.34186572 -0.3585621 -0.2637851 -0.26160502 -0.21128738 0.027425203 0.25122476 0.42207292 0.43027323 0.36435422 0.28973842 0.33385807 0.43550315 0.41410303 0.3065985 0.22846702 0.38811085 0.23267809 -0.08707828 -0.2630266 -0.123546265 0.006341906 0.1423601
1.5596336 0.7766055 0.39553943 0.33686575 0.4690469 0.24038759 0.12025848 0.2089849 0.16817157 0.3733206 0.3432829 0.3481537 -0.081907175 0.4049618 0.36817104 0.21256752 0.06498904 -0.08864884 -0.027719043 0.020702532 0.090988815 0.21136771 0.19792008 0.06910885 0.13676766 -0.101518445 -0.3401312 -0.38401783 -0.0054932265 0.16363317 -0.014321783 0.05213716 -0.15446697 -0.19432493 -0.2540959 -0.37497556 -0.3629754 -0.26449984 -0.25398234 -0.17387734 0.009113187 0.25159633 0.38213283 0.36085737 0.33834416 0.3290769 0.39267907 0.46493998 0.44063678 0.282316 0.12005184 0.20847872 0.2966946 0.20961334 -0.015121642 -0.11566133 -0.026523788 0.1584417
1.2698808 0.68730676 0.39539364 0.4518097 0.46686274 0.27136743 0.09824093 0.12055817 0.16358991 0.46354222 0.38236687 0.07317313 -0.12103961 0.43883032 0.35246277 0.23621605 0.03032732 -0.0025903583 -0.027143268 0.06804997 0.283786 0.14255802 -0.01881601 -0.07011215 -0.10665102 -0.22478728 -0.33984202 -0.19293354 0.11559139 0.11054982 -0.07230488 0.040924855 -0.092626475 -0.22452858 -0.33314627 -0.41041023 -0.37917838 -0.2336477 -0.1484192 -0.09756525 0.032464378 0.22402619 0.28722957 0.37131244 0.40871972 0.43552837 0.42448258 0.43227398 0.43484837 0.25049633 0.10379944 -0.0070879045 0.1456759 0.34562775 0.251093 0.020350788 -0.03743282 -0.00011654853
0.8786868 0.48670536 0.3519925 0.3907616 0.4336731 0.5089671 0.09423455 -0.018050777 0.24916917 0.38501126 0.33524907 0.05221061 0.1138132 0.35001662 0.34035093 0.28191775 0.09682175 -0.015574268 0.013537781 0.2608503 0.09574871 -0.040458594 -0.07831088 -0.15188564 -0.24784288 -0.31593284 -0.21352515 0.082324 0.12985426 0.054191403 -0.089724615 -0.057978574 0.011505888 -0.14895782 -0.26927257 -0.3655904 -0.34949568 -0.20216171 -0.08667425 -0.027181322 0.09572699 0.18625402 0.17903553 0.29843563 0.3635268 0.3618627 0.37214622 0.35998815 0.33748737 0.1914768 0.16220993 0.04140162 0.040945284 0.23913252 0.33317915 0.028144944 -0.08129482 -0.05770431
0.52459943 0.3390452 0.2975019 0.5004336 0.49091038 0.23142195 0.06279268 -0.061929233 0.3004177 0.43440774 0.2653813 0.15868576 0.16064505 0.25400022 0.14178723 0.21728101 0.14980344 0.018713288 0.19169882 0.054748584 -0.105173565 -0.0922178 -0.115333624 -0.24030071 -0.30390042 -0.20953426 0.02632245 0.1287273 0.07972604 0.062042776 -0.063479714 -0.17578393 0.03039531 -0.035010267 -0.16666535 -0.2383423 -0.26427358 -0.18577392 -0.09136265 0.0029487275 0.09047994 0.14280659 0.2406979 0.2754318 0.34391612 0.29999217 0.21738224 0.23652159 0.21517162 0.05692326 0.19849491 0.14209317 -0.005456272 0.24468197 0.21818905 -0.046887454 -0.09860962 -0.06507276
0.4502359 0.22622867 0.34807774 0.4964515 0.44369885 0.40786946 0.1530942 0.31998545 0.40924233 0.28775522 0.23106597 0.19809172 0.19625044 0.21524125 0.07809984 0.17289868 0.13381435 0.13578093 0.021344937 -0.13267559 -0.11200469 -0.10222706 -0.22248569 -0.26412234 -0.19313464 -0.026674319 0.057318255 0.10843591 0.09960917 0.084765896 0.010772186 -0.05197909 -0.06639373 -0.04081239 -0.06673655 -0.14609033 -0.18537797 -0.13504305 -0.047675427 0.03093888 0.10760568 0.19363436 0.30134004 0.40069452 0.39195856 0.30732843 0.18847418 0.13008073 0.06489644 -0.10871376 0.20590132 0.12713474 -0.02249126 0.3330514 0.14200883 -0.062383242 -0.1137335 -0.12376945
0.4248129 0.33171844 0.37854174 0.45745042 0.4748899 0.4830575 0.43638092 0.41657236 0.38898998 0.27845088 0.20470475 0.19096743 0.2060312 0.19832101 0.098067276 0.10421488 0.11907121 0.018094283 -0.15149319 -0.15446238 -0.1900164 -0.25245062 -0.2653691 -0.15812448 -0.11460264 -0.067004725 0.013487525 0.079166055 0.14099513 0.16545287 0.15466864 0.11356004 0.083341606 0.009672514 -0.062706165 -0.07906664 -0.067207724 -0.056107044 -0.024481095 0.030368617 0.0937608 0.23027243 0.34865472 0.35287347 0.25582367 0.1441311 0.06181665 0.13324259 0.01495851 -0.19821003 0.18779753 0.13416044 0.0077601993 0.33898985 0.06901053 -0.07483675 -0.1480339 -0.08252454
0.32017857 0.32168552 0.26222667 0.44224542 0.5553329 0.52874565 0.49830684 0.4525387 0.39560664 0.29447877 0.23920229 0.21019489 0.21376568 0.14783826 0.0070148446 0.08318624 0.06520887 -0.15145329 -0.17199661 -0.21259284 -0.31268004 -0.2870441 -0.14540109 -0.14981653 -0.115647174 -0.046336323 -0.006281959 0.03712191 0.09057085 0.14260742 0.17207545 0.20613343 0.16101776 0.09716019 0.09413614 0.08154503 0.096641354 0.13350731 0.15951888 0.15243264 0.1468999 0.1720453 0.2086984 0.278208 0.2631029 0.15741815 -0.0067540137 -0.052893177 0.012561166 -0.24400714 0.09603954 0.16286474 0.065395676 0.27817038 0.0052957237 -0.1330852 -0.19318068 -0.03531196
0.23653343 0.16841036 0.11519013 0.34759167 0.43006763 0.4218415 0.42918515 0.509665 0.51704335 0.43878293 0.27788052 0.18463822 0.15024658 0.068707496 -0.0022333232 0.2045041 -0.018656673 -0.22215602 -0.19144401 -0.3019375 -0.29838327 -0.21071604 -0.1746535 -0.083458364 0.013691242 0.08272939 0.0916288 0.08128793 0.06654854 0.11914713 0.1550527 0.15365942 0.14936209 0.12750895 0.12858233 0.2083042 0.1825267 0.10670883 0.17881194 0.16946183 0.070575 0.078136384 0.28427488 0.3544575 0.31285623 0.22462685 0.07424744 -0.08828494 -0.13718845 -0.22613437 -0.12038287 0.19655845 0.075936414 0.1641268 -0.07834909 -0.21815027 -0.121634446 -0.13921307
0.108389236 -0.035789315 -0.033350475 0.12055108 0.21556719 0.30471596 0.42533344 0.5939069 0.702432 0.6091751 0.32394344 0.11454749 0.031650912 -0.01608077 0.1801247 0.120214336 -0.13826309 -0.24353956 -0.30678275 -0.30747905 -0.2335862 -0.10638916 -0.00401508 0.04995691 0.11283136 0.16850844 0.19385041 0.18171303 0.09208572 0.029338706 0.10706288 0.12097517 0.10355215 0.12922291 0.1605622 0.18678215 0.30314735 0.17121597 0.056208428 0.04358059 -0.008473986 0.06897437 0.27750832 0.42883444 0.32818127 0.27571943 0.22293858 0.06603581 -0.11993006 -0.25629103 -0.25079262 0.011366161 0.014002037 0.050596505 -0.17566809 -0.26684278 -0.045265708 -0.18945655
0.0017394044 -0.1498821 -0.042630326 0.12396746 0.17292988 0.24752781 0.3994438 0.53821796 0.7709046 0.6540684 0.28937143 0.038341247 -0.07972861 -0.07607059 0.13298316 -0.041949973 -0.21022359 -0.35080802 -0.39087087 -0.26167598 -0.08031883 0.08069842 0.1597411 0.11963841 0.092915125 0.22981013 0.3652727 0.36306792 0.22119707 0.053372674 0.01377666 0.14381334 0.06605854 0.08804777 0.2400467 0.16836189 0.28238752 0.21080129 0.035239436 0.0011104377 -0.042864155 -0.025794476 0.16363381 0.47722697 0.49637115 0.3309258 0.39515156 0.24801044 -0.0440988 -0.2422836 -0.29125217 -0.22249326 -0.14178148 -0.06759839 -0.29459977 -0.17058896 -0.09354632 -0.1500448
-0.036596198 -0.15903491 0.17983772 0.3030452 0.26223984 0.2318371 0.33161992 0.48664448 0.72660863 0.616658 0.18712518 -0.063129164 -0.1905729 0.015989803 0.0631853 -0.064456165 -0.24484475 -0.4122579 -0.31718796 -0.2515368 -0.116077825 0.10023445 0.27995282 0.27417797 0.17555293 0.29205352 0.36680594 0.35666478 0.22894436 0.09928925 -0.004309868 0.12765466 0.15345147 0.12533864 0.24238059 0.15801339 0.2404806 0.25559336 0.10220895 0.0150147425 0.0073745237 -0.043524995 0.06270571 0.37714955 0.6035399 0.38709256 0.4912678 0.3296577 0.023506658 -0.22652844 -0.36956462 -0.3765281 -0.2598539 -0.19995433 -0.39369488 -0.0678001 -0.0853382 -0.09195176
0.059152592 -0.08396825 0.30715045 0.40864733 0.3109212 0.2679854 0.3264442 0.52183723 0.8062326 0.32653722 0.0036380345 -0.18985055 -0.2338415 0.0757692 0.017571194 -0.0553517 -0.3143455 -0.38681746 -0.3185578 -0.30048898 -0.11150527 0.17216608 0.30674383 0.38408044 0.24562055 0.32686967 0.45827883 0.47062865 0.30356836 0.063142 0.038223628 0.13262323 0.1312433 0.16625531 0.22529711 0.10221679 0.16072775 0.27922744 0.18767762 0.14390588 0.030493433 0.020957882 0.10315019 0.36117965 0.56029385 0.38339642 0.48763296 0.35775244 0.06682894 -0.21280119 -0.4468423 -0.48806834 -0.18939541 -0.3175476 -0.35849714 -0.08805118 -0.09697262 -0.07769661
0.40336642 0.06303553 0.16494848 0.36872 0.27683735 0.25957102 0.38785344 0.6429152 0.454268 0.08829257 -0.13936733 -0.31321597 -0.23572853 0.05546081 -0.03160168 -0.08297416 -0.28713524 -0.32020572 -0.33426753 -0.26888084 -0.04260931 0.26294866 0.33069208 0.3758821 0.3030659 0.20645417 0.3948602 0.5559033 0.34831798 0.045001045 -0.075639285 0.054377444 0.12913692 0.15845922 0.2009719 0.07322915 0.08101942 0.18626696 0.19498082 0.15500931 0.07465513 0.07636295 0.23652515 0.4768369 0.48476014 0.33012262 0.44199383 0.3838187 0.101026535 -0.1870988 -0.45660728 -0.50768936 -0.12724023 -0.3612527 -0.32713285 -0.012237536 -0.12256639 -0.029156944
0.3739563 0.098419026 0.12995462 0.20750268 0.33881968 0.3069576 0.3845722 0.6020186 0.11226804 0.031240616 -0.25824675 -0.42348713 -0.1948977 0.05340269 -0.00723358 -0.07536448 -0.19961539 -0.23868607 -0.1621487 -0.077789865 0.11373433 0.3080554 0.35890344 0.35480788 0.28533998 0.09035606 0.26953432 0.6039164 0.39154315 -0.018149847 -0.20209393 -0.03755778 0.115783304 0.13265587 0.12995419 0.065582104 0.056650337 0.14159106 0.17349377 0.11548561 0.08934521 0.18525222 0.42826483 0.48651788 0.35758445 0.258632 0.3864278 0.375552 0.10640665 -0.16195744 -0.4110282 -0.44464543 -0.19519821 -0.35246786 -0.34182152 0.048415378 -0.10328497 -0.023841916
0.22710252 0.14592937 0.25307485 0.38465163 0.34358597 0.23634516 0.23583996 0.29155916 -0.04643561 0.06393228 -0.34488997 -0.46687642 -0.080699086 0.075183466 0.028528439 -0.051199533 -0.08950366 -0.11340366 -0.023995584 0.08321778 0.21026137 0.3022461 0.35908246 0.34207103 0.24903458 0.18206857 0.38740513 0.5536985 0.2895917 -0.1234301 -0.32834387 -0.11513278 0.08377464 0.12695841 0.13410799 0.09865953 0.062069394 0.072561525 0.10383331 0.10192897 0.036855485 0.27188888 0.499804 0.4781618 0.25169402 0.23156013 0.32594007 0.35122842 0.109119214 -0.14217424 -0.33670592 -0.33338544 -0.27285737 -0.37960792 -0.21558848 0.07867173 -0.00554296 0.05276539
0.22338088 0.35240304 0.40461174 0.3684128 0.2849205 0.19821815 0.12581101 0.051876657 0.0070533394 0.006468643 -0.45015866 -0.49874678 -0.06066207 0.042759866 0.052901905 0.009318805 -0.013943312 0.022125877 0.10890212 0.2531757 0.36252886 0.4296052 0.4144488 0.37399292 0.31223276 0.32497013 0.4050817 0.30036795 0.12622319 -0.18626602 -0.4788113 -0.26858294 -0.053757712 0.06855011 0.20142457 0.19591947 0.13288815 0.07062998 0.018354489 -0.024339417 -0.020159155 0.24856566 0.5608258 0.4513776 0.17465627 0.19418347 0.2756968 0.32769173 0.09139943 -0.11298103 -0.25636366 -0.2951421 -0.3417736 -0.36259317 0.024382342 0.12536293 0.11260327 0.1759991
0.49068847 0.5682256 0.40709096 0.3026444 0.21838343 0.12654148 0.12608568 0.09343954 0.045112118 -0.12238609 -0.5840677 -0.57895005 -0.11060973 0.024527306 0.0797954 0.13612765 0.25774515 0.33678326 0.38094005 0.40366867 0.43686202 0.42946956 0.42162898 0.3539471 0.30329433 0.30037743 0.247005 0.19619884 0.09173286 -0.21324486 -0.5408782 -0.36575764 -0.14220414 0.073051155 0.19632728 0.19492035 0.13425782 0.038482018 -0.0099033825 -0.072674 -0.06456481 0.18852116 0.51091886 0.38011357 0.14360058 0.09776229 0.17884947 0.25804165 0.11570232 -0.07582618 -0.19668004 -0.28318805 -0.29851678 -0.044557348 0.14778511 0.1943219 0.2784968 0.35369682
0.52247906 0.4249027 0.2823051 0.15007623 0.19506292 0.1992991 0.14451754 0.07499141 -0.05471161 -0.26524502 -0.67366093 -0.62931275 -0.08164522 0.16969384 0.37066337 0.43029922 0.43620533 0.41389033 0.43781263 0.36961362 0.30036557 0.33890098 0.35821968 0.33679017 0.37296313 0.331743 0.21061204 0.09687689 0.027802784 -0.22005665 -0.49288046 -0.3643413 -0.097616546 0.052090667 0.10703325 0.11642692 0.049850777 0.035238463 -0.016602702 -0.096346505 -0.09728321 0.10627223 0.43925154 0.3210238 0.10409579 0.07483706 0.05370664 0.17053618 0.054111194 -0.03653297 -0.10254823 -0.10919276 -0.016767636 0.11712156 0.3108782 0.35973883 0.30605498 0.34152752
0.42318135 0.26084504 0.10713844 0.25819296 0.34583586 0.34828112 0.24149543 0.1315108 -0.08382639 -0.3356526 -0.6984909 -0.6050935 -0.0075057335 0.40858933 0.55921674 0.53809595 0.48796955 0.3809707 0.17930481 0.2868424 0.34612098 0.33720222 0.25467655 0.28033984 0.28466648 0.22691078 0.124271855 0.038227536 -0.026079405 -0.19900765 -0.3499579 -0.2911371 -0.14978361 -0.055260014 0.017184768 0.029587846 0.02242949 0.009719031 -0.041936256 -0.091195844 -0.07098227 0.073034674 0.35246927 0.30849394 -0.02329587 0.13567486 0.18423422 0.09487908 0.011625712 -0.031711776 -0.03745692 -0.0063242274 0.1340436 0.3709486 0.32868043 0.2795652 0.3621816 0.44740385
