static/data/seaWater_vo/2023/7/29/18.asc
ncols 137
nrows 93
xllcorner 108.0
yllcorner 17.0
cellsize 0.25
NODATA_value -32767
[rows 52 to 77 of 93, columns 58 to 115 of 137]
0.33117205 0.19030657 -0.016083758 0.1505956 0.26427746 0.24003364 0.020873211 0.14334837 0.32833254 0.3188526 0.15854627 0.10715879 0.22148758 0.690059 0.91182953 0.59691525 0.4492295 0.2438803 0.18891703 0.040813874 0.08286254 0.1384264 -0.014968493 -0.07885048 -0.044768576 0.19725773 0.30933645 0.51136017 0.5318013 0.5847709 0.5581025 0.6332668 0.57137156 0.38316035 0.20112753 0.039559998 -0.11809183 -0.29687825 -0.46355087 -0.4417385 -0.3768831 -0.36455742 -0.17692715 -0.13408066 -0.097740054 -0.057452798 0.076292254 0.27504545 0.2746523 -0.083 -0.15479541 -0.07453001 -0.047145292 -0.047428295 -0.051473696 -0.016159337 -0.005465627 0.008305982
0.2576079 0.15253863 -0.0035333217 0.07468308 0.14156887 0.13680951 0.17226638 0.14048329 0.17122181 0.20076936 0.17088075 0.19026004 0.46181592 0.8090223 0.73135847 0.536392 0.42537248 0.1493666 0.00788871 -0.083561406 0.11518464 0.16979079 0.03609559 -32767.0 -0.22073278 0.12182937 0.334688 0.564672 0.5364165 0.5318356 0.486799 0.53165686 0.44305867 0.269662 0.08910076 -0.118695214 -0.3151264 -0.4373233 -0.4159073 -0.40294424 -0.45085296 -0.23900057 -0.18931532 -0.16700672 -0.088532664 -0.03385463 0.13525076 0.38998154 0.3747138 0.28596646 -0.045666408 -0.15139017 -0.036715575 0.034555264 -0.0028703862 -0.02030255 0.07014372 -0.025374897
0.14335217 0.08464464 0.09856382 0.06893757 0.10914308 0.10792426 0.12350472 0.097620115 0.08180971 0.15523425 0.31091374 0.49696538 0.68322104 0.7335258 0.5101893 0.557901 0.31327295 0.06278537 -0.16075273 -0.030876176 0.055018034 0.0011470263 -0.024576113 0.044677164 -0.06676887 0.011526179 0.37400427 0.48744708 0.43641204 0.47661415 0.43548208 0.41837862 0.30666664 0.11751475 -0.02029139 -0.2078467 -0.32390139 -0.34378237 -0.37395772 -0.45314768 -0.36049363 -0.2707497 -0.09265156 0.026321733 0.04083933 0.014838668 0.15377294 0.406492 0.3997374 0.3867088 0.27470425 -0.0336466 -0.22553082 -0.02505093 0.059554182 -0.014034468 0.04984628 0.08147542
0.052405804 0.15399784 0.15042217 0.12323022 0.05192191 -0.019189656 -0.0042242394 -0.052961223 -0.0022300612 0.2167183 0.47484943 0.6776588 0.6575947 0.45113823 0.48605847 0.40929782 0.10376977 -0.09487115 -0.20833649 -0.016568491 0.013533518 -32767.0 -0.03357246 0.114210755 0.14849788 0.11313505 0.27161625 0.3925866 0.30633408 0.392676 0.35839078 0.3047208 0.20846893 0.057858218 -0.08160118 -0.16496909 -0.2368073 -0.32653022 -0.4087985 -0.40677217 -0.29165423 -0.053455044 0.13988943 0.27411103 0.23982239 0.1656371 0.3194901 0.50003666 0.4128713 0.34442282 0.38537237 0.26781774 -0.15526812 -0.25456536 -0.012786765 -0.024803711 -0.04889437 0.08951797
0.6668597 0.5872161 0.36631536 0.21223444 0.13165331 0.11659365 0.064209126 0.019284092 0.01838054 0.27347234 0.47076052 0.47677627 0.3212922 0.38133764 0.40231562 0.21861604 -0.011131329 -0.22548869 -0.22182779 0.032700766 0.1408813 0.1165877 0.12302913 0.17338477 0.16278575 0.09969842 0.05999632 0.24166906 0.18759626 0.32452402 0.2979325 0.22868429 0.12978026 0.042572934 -0.05674372 -0.16423501 -0.32965246 -0.42643145 -0.43528306 -0.3523787 -0.22198635 -0.06748746 0.21073547 0.36534956 0.34545937 0.3299492 0.4019809 0.48742542 0.47042337 0.35676858 0.42256358 0.3955246 -0.0050937682 -0.29688573 -0.065366566 -0.025184814 -0.08667983 0.017040722
1.1281662 0.7256833 0.29035288 0.09649695 0.016305288 0.12186799 0.26370612 0.24904463 0.16394351 0.18997407 0.22146171 0.14643332 0.29573265 0.32127655 0.23907128 0.18655975 -0.06480722 -0.26767445 -0.35181972 0.032642186 0.23465024 0.10874888 0.14762926 0.25565574 0.16287428 0.023027828 -0.07677271 -0.026088685 0.053734697 0.25984398 0.2583507 0.12614588 0.085614264 0.0111354105 -0.094922125 -0.28215075 -0.41122574 -0.4282881 -0.37119034 -0.28104636 -0.13871357 0.024130145 0.21216819 0.4160409 0.42759296 0.40111095 0.40326265 0.46937895 0.48060262 0.4205152 0.41102457 0.45065546 0.16184907 -0.24244864 -0.16125634 -0.0551301 -0.04160797 -0.024091456
1.3508769 0.7198753 0.23397484 0.1906892 0.12115228 0.19118682 0.36994353 0.25912848 0.1634527 0.050200947 0.20359027 0.27206656 0.24391182 0.15833968 0.23492616 0.13943614 -0.048076972 -0.23128964 -0.22113025 0.05210379 0.17645131 0.09782436 0.22347546 0.21025716 0.14951457 -0.10279726 -0.27959213 -0.29206952 -0.038874693 0.23877122 0.18037893 0.08557468 0.04437993 -0.04760499 -0.15711953 -0.37645498 -0.43008685 -0.4304546 -0.3737636 -0.21667892 -0.02929297 0.1317161 0.3062433 0.44311246 0.45720068 0.40482435 0.41819435 0.49940744 0.51318914 0.43888918 0.30441207 0.39575446 0.32985902 0.0044466183 -0.15224527 -0.099086426 0.0028109404 0.077639975
1.4462025 0.6565021 0.24222301 0.20398498 0.34423468 0.12716609 0.046458147 0.17066842 0.10962106 0.33367544 0.3096053 0.2668184 -0.16303335 0.27391073 0.1895479 0.11196089 0.0026842165 -0.116704725 -0.07863713 0.008350753 0.057351403 0.12733345 0.18026511 0.015085604 0.0705162 -0.17599635 -0.37211537 -0.39255482 -0.0036954705 0.21392393 0.1129724 0.1533736 -0.029019859 -0.07984392 -0.21406595 -0.4056704 -0.43493947 -0.38370243 -0.34114394 -0.191119 -0.01395537 0.14594787 0.32134533 0.36666855 0.4090277 0.39557728 0.41867688 0.49319553 0.51080966 0.365212 0.2654962 0.22971009 0.31289905 0.34152195 0.12105105 0.010196371 0.036865395 0.21028996
1.2111531 0.53058326 0.17811085 0.21604075 0.33497515 0.20320259 0.015032985 0.045496963 0.06473483 0.33154467 0.29179302 0.036928393 -0.15020639 0.37967807 0.26691827 0.1200017 -0.014965473 -0.07138208 -0.12211793 -0.018942794 0.14280224 0.05044498 -0.13075177 -0.13277915 -0.10220785 -0.23666392 -0.35958815 -0.23731312 0.11289152 0.15552391 0.0017428817 0.13531351 -0.022481266 -0.09685116 -0.2169266 -0.3852438 -0.404254 -0.291145 -0.24610783 -0.1802217 -0.019687383 0.12727241 0.26938447 0.28596398 0.35297212 0.45370856 0.42021778 0.4696233 0.51035464 0.34019986 0.261968 0.12065299 0.15753138 0.3273058 0.39148542 0.17743883 0.11283245 0.11948164
0.79452705 0.378093 0.14724845 0.16694352 0.3245713 0.44423193 -0.012221504 -0.09057086 0.1368575 0.33402595 0.2520838 -0.033047486 0.038596947 0.31287715 0.24702649 0.1558474 -0.011581754 -0.11024589 -0.06255982 0.08631959 -0.05137427 -0.18589455 -0.18177336 -0.221048 -0.27496785 -0.32527652 -0.24224079 0.035739053 0.11636495 0.07230962 -0.039967116 0.052685928 0.043535862 -0.08654702 -0.18289158 -0.2802805 -0.31809548 -0.22102296 -0.13764963 -0.044481114 0.06761385 0.17843197 0.19057174 0.2567197 0.37681442 0.41165805 0.39314628 0.36413008 0.38967976 0.25656548 0.2765368 0.17760271 0.109480925 0.27530155 0.4912616 0.17716728 0.09550405 0.08031915
0.281997 0.18896528 0.09938589 0.3297907 0.3990034 0.18640585 -0.02375341 -0.049308173 0.1727027 0.340761 0.15359338 0.090304 0.1397347 0.20702903 0.08225979 0.12589823 0.04316236 -0.10126804 0.01831585 -0.12016247 -0.18176752 -0.1322001 -0.1784105 -0.29786178 -0.35030133 -0.25939366 0.013886238 0.10129438 0.060502257 0.049211327 -0.03411074 -0.089766 0.080349535 -0.03831366 -0.15380964 -0.1977333 -0.23600715 -0.20960043 -0.07812009 0.033924423 0.10665751 0.17178854 0.23994172 0.34453717 0.4334183 0.35697594 0.2666432 0.24729636 0.22272179 0.10313419 0.24955083 0.16397753 0.14133598 0.35393685 0.3813899 0.07237205 0.04100542 0.06522787
0.27434337 0.17685138 0.03130172 0.23384705 0.2901744 0.25053594 0.14323114 0.20282277 0.3046452 0.21800573 0.090524614 0.08227328 0.1284856 0.15619063 0.036530312 0.08771495 0.033841178 0.004099233 -0.11612553 -0.21205722 -0.16683626 -0.18774244 -0.31089538 -0.32165897 -0.245235 -0.040488698 0.038831558 0.060340267 0.058446616 0.046057433 0.00594987 -0.032103717 -0.011833408 -0.056875758 -0.059490614 -0.1279047 -0.14360888 -0.114568144 -0.056645706 0.0329634 0.102958456 0.19084187 0.34148893 0.4208118 0.37679768 0.28960213 0.20523946 0.1607522 0.09253111 -0.07226157 0.26305115 0.1678291 0.10311667 0.4341714 0.24884959 0.05915314 0.010206914 0.034757417
0.28233582 0.21311377 0.12009947 0.16410714 0.25985837 0.26189157 0.25696912 0.2788669 0.26460904 0.16132765 0.09989284 0.08743701 0.12379621 0.092114486 0.010826581 -0.008466255 0.012512292 -0.08772223 -0.22626953 -0.23165745 -0.26230994 -0.32200187 -0.28846586 -0.1648124 -0.107174285 -0.05495175 0.013485997 0.049076177 0.052821632 0.0736402 0.09440608 0.08028615 0.05193263 0.010206802 -0.04398125 -0.05433601 -0.06523085 -0.04544935 -0.005800462 0.022738377 0.13113551 0.22848122 0.34430343 0.34300062 0.24926502 0.16720124 0.10727658 0.16098836 0.05240483 -0.15974328 0.2489478 0.21970603 0.08849872 0.44624856 0.2009119 -0.01300062 -0.026644044 0.06189932
0.21139088 0.16132374 0.0062150145 0.20202659 0.27628875 0.27386057 0.28513956 0.31419557 0.27858615 0.23700558 0.14470361 0.102667406 0.08378574 0.051723078 -0.023102105 -0.01717111 -0.070054166 -0.2661833 -0.2596059 -0.31288242 -0.3464777 -0.26287502 -0.1757953 -0.16508858 -0.07118073 0.017067827 0.038375337 0.04933887 0.06729428 0.04776678 0.0687761 0.14309563 0.1353978 0.12089967 0.08876144 0.08999688 0.04129397 0.06163143 0.11504023 0.12962842 0.12693664 0.1595698 0.20827968 0.29866734 0.28993678 0.16840918 0.024311904 -0.009863972 0.09781719 -0.20161058 0.16103174 0.2979269 0.15665887 0.39385393 0.12523969 -0.018389344 -0.04216584 0.077682614
0.13246031 0.01583803 -0.07180575 0.13404864 0.1772644 0.22386144 0.2894419 0.339933 0.38244414 0.331866 0.21778853 0.093417555 0.05188577 -0.019466918 -0.11092375 -0.02641753 -0.18950638 -0.3312345 -0.30111378 -0.3766774 -0.30482787 -0.2405498 -0.20980701 -0.11429711 0.0068695513 0.07003627 0.055130232 0.0011135183 -0.0034522356 0.024604741 0.06714263 0.045743845 0.0856941 0.11215648 0.114616506 0.14061572 0.13705772 0.048435688 0.10080702 0.16203971 0.07223129 0.107590675 0.25790247 0.3682637 0.3366382 0.27746475 0.11282156 -0.034394406 -0.062729105 -0.15550372 -0.069601156 0.3052355 0.20145446 0.29821628 0.08985142 -0.06907346 0.05861187 0.033398036
-0.019892817 -0.157943 -0.14601363 -0.034110002 0.11055219 0.18861201 0.27728507 0.42085013 0.5652442 0.5081077 0.29790637 0.04365948 -0.08601127 -0.15286939 -0.04118852 -0.08722858 -0.30178902 -0.37002414 -0.42512938 -0.37934816 -0.28768784 -0.16454704 -0.06015259 0.018112823 0.088150285 0.14751501 0.15902092 0.10295914 0.0061139055 -0.04357173 0.030539557 0.056140315 0.023743441 0.059750527 0.10392374 0.10112952 0.22588745 0.12537402 0.017435338 0.04360766 -0.0037469554 0.078065895 0.29718593 0.45922348 0.3638238 0.2930396 0.28846318 0.14002942 -0.033158366 -0.17595048 -0.14773 0.13174286 0.16832407 0.17950423 -0.03378469 -0.07213739 0.07771704 -0.006761512
-0.117562145 -0.23505689 -0.07384483 0.066769175 0.08015136 0.108204566 0.29022467 0.43627936 0.63809043 0.6340793 0.27275336 -0.030822977 -0.18253288 -0.18901077 0.02884182 -0.13874374 -0.31075212 -0.43368778 -0.4214015 -0.28948894 -0.14623691 -0.035671838 0.089871384 0.090580545 0.054640446 0.17745675 0.26651275 0.24649265 0.13066243 -0.015768284 -0.051309597 0.04929055 0.0078009902 0.0060216445 0.104834706 0.08488335 0.20430982 0.15178041 0.023199184 0.01749561 -0.03530972 0.015363985 0.22328904 0.52431446 0.53450114 0.41318032 0.4978459 0.32933608 0.026058191 -0.14386877 -0.21789846 -0.09453437 -0.009777574 0.046469636 -0.15947652 0.033793636 0.05989082 0.02733317
-0.12709211 -0.19014634 0.10559698 0.21658495 0.22071287 0.23515306 0.3234868 0.42948022 0.6077978 0.5552455 0.12105726 -0.13393523 -0.24853864 -0.08137219 -0.022301106 -0.13617282 -0.36336255 -0.5132536 -0.35592085 -0.28069413 -0.17730752 0.024135526 0.20363404 0.23240933 0.14214267 0.26295164 0.37565517 0.38037774 0.2697828 0.12430625 0.033738498 0.09477247 0.08623699 0.0060201413 0.11612242 0.10909832 0.12942836 0.2152783 0.075708844 0.009600894 -0.00671536 0.012759392 0.15260607 0.45773613 0.6116926 0.4356937 0.5604214 0.3839076 0.117416985 -0.13529535 -0.25495937 -0.24013455 -0.14705561 -0.08663309 -0.20493059 0.08951934 0.08796254 0.05384791
0.036835972 -0.017858429 0.28334203 0.37542117 0.3198501 0.2986493 0.3195278 0.45968115 0.79184633 0.24701497 -0.042317342 -0.26476467 -0.30103955 -0.02181515 -0.092248075 -0.17970395 -0.41567588 -0.4677499 -0.38902366 -0.36466244 -0.17165862 0.10093946 0.27867934 0.38322678 0.2962114 0.26340902 0.39763102 0.48369142 0.32958198 0.15336175 0.027058551 0.08046763 0.06473915 0.05827177 0.17822696 0.057449307 0.07379149 0.18069507 0.13522752 0.13257864 0.033937134 0.018704588 0.1361713 0.40921757 0.5950888 0.46573603 0.5565907 0.41463888 0.17250562 -0.111187875 -0.28939986 -0.31292784 -0.04168028 -0.17341898 -0.1719649 0.0630825 0.10513125 0.12394955
0.48720247 0.1079857 0.09773885 0.3750129 0.36243072 0.34657454 0.4688414 0.755125 0.4292676 0.06407712 -0.16444686 -0.39196783 -0.27920163 -0.030710733 -0.1148368 -0.1930086 -0.42079824 -0.39900297 -0.3820037 -0.31253198 -0.11273989 0.18303242 0.2767442 0.3722388 0.33152702 0.15709162 0.30630288 0.56949276 0.44317436 0.14356641 -0.022917612 0.03529266 0.0625634 0.081416994 0.15299852 0.016834125 -0.015189762 0.10583546 0.13212603 0.10998992 0.037139885 0.060736857 0.25185072 0.47860008 0.5195433 0.40326816 0.49944267 0.4257132 0.18291211 -0.117429055 -0.3388991 -0.383296 -0.031170936 -0.22762316 -0.16355827 0.10487423 0.06694642 0.11957046
0.3486593 0.12819478 0.116506666 0.22013123 0.40532 0.39154416 0.449075 0.71313804 0.12444146 0.079631254 -0.27137217 -0.45628285 -0.20187853 -0.019213691 -0.09451468 -0.1797483 -0.3016576 -0.2757342 -0.19599241 -0.15253887 0.036745805 0.20457584 0.26845983 0.32351035 0.24648319 0.09472736 0.10249119 0.5057711 0.44236732 0.049898665 -0.14291896 -0.023565069 0.105689086 0.13040183 0.100656815 0.03643985 0.0045215646 0.07567511 0.094576456 0.057840496 0.080726825 0.21948196 0.4644737 0.51055 0.429289 0.33058035 0.47456294 0.4149023 0.16923384 -0.12967074 -0.33440754 -0.32994935 -0.04908833 -0.21071203 -0.09828222 0.20000401 0.052220754 0.121902555
0.24575989 0.16578239 0.2767017 0.41477865 0.41366416 0.35125405 0.35420603 0.43622226 0.009386276 0.069952995 -0.36063185 -0.5000034 -0.14030035 0.011346871 -0.019438973 -0.10869693 -0.15088837 -0.17014128 -0.072189435 0.055682532 0.16284588 0.23850004 0.29328138 0.29066873 0.19173908 0.1251069 0.27648354 0.4873783 0.2716298 -0.06754426 -0.27515456 -0.1078187 0.053448837 0.11476515 0.13075937 0.12746191 0.09111292 0.06770141 0.094032206 0.046239402 0.045075282 0.31219807 0.5247632 0.48896557 0.29739323 0.28210682 0.4311086 0.3774306 0.12156438 -0.09484422 -0.2599973 -0.21930574 -0.11461825 -0.2289407 -0.04061261 0.24107009 0.15172376 0.18992935
0.21797995 0.36664587 0.40829387 0.39394307 0.38085914 0.28686693 0.24918105 0.15443705 0.06907466 0.023803541 -0.4594424 -0.5386928 -0.13826613 0.005867667 0.061386134 0.018483197 0.00023027301 0.021077728 0.10859422 0.23228376 0.36114708 0.43290335 0.4478179 0.40128833 0.33047113 0.33219665 0.32212973 0.21449915 0.063951634 -0.15418144 -0.42954138 -0.23322903 0.017272864 0.13125798 0.21929489 0.23710948 0.15602858 0.0860243 0.047510702 0.011911102 -0.020114211 0.28942287 0.54210854 0.45812547 0.22692308 0.18752342 0.40363023 0.38480297 0.12085957 -0.060413882 -0.16691576 -0.17794774 -0.20362568 -0.22543168 0.14938903 0.23838794 0.21889065 0.29469278
0.39814913 0.5357177 0.4339196 0.37366813 0.2907046 0.25402683 0.2277532 0.13229634 0.06549207 -0.113074355 -0.56183594 -0.5625089 -0.15689422 0.00959326 0.11279822 0.18587224 0.29101682 0.38973182 0.45325416 0.5076001 0.5127197 0.44197038 0.34964114 0.29496655 0.2656121 0.2398935 0.21439956 0.18102819 0.10232605 -0.1697525 -0.5144256 -0.3314889 -0.056710955 0.14154375 0.24783534 0.22383842 0.15138969 0.060928926 0.05247181 -0.03330027 -0.060102258 0.20699672 0.5329098 0.40107334 0.202333 0.08731853 0.2463418 0.35255182 0.17273542 0.00848275 -0.10970482 -0.18084012 -0.17635405 0.0771888 0.24869476 0.32399762 0.39472413 0.45158947
0.45301402 0.464553 0.32674253 0.264175 0.3770899 0.38842797 0.27279726 0.1497658 0.044915378 -0.24438298 -0.6396199 -0.5589551 -0.108105816 0.14261407 0.3892961 0.4612658 0.48876303 0.48896417 0.4736954 0.31600463 0.23470594 0.29145885 0.3076646 0.28373796 0.3035959 0.24770336 0.1865972 0.08447235 0.03921645 -0.20612898 -0.50424474 -0.3693466 -0.08919161 0.11196943 0.20182149 0.21907395 0.15880369 0.10898389 0.03214034 -0.05932593 -0.11155962 0.09295301 0.4203517 0.30535832 0.113492765 0.03510641 0.09799619 0.21475449 0.113771625 0.023888323 -0.011101595 0.012009627 0.09338906 0.2415847 0.4246137 0.45128158 0.39683238 0.4200189
0.49467215 0.3377774 0.26979786 0.3786959 0.4636787 0.48215067 0.3589395 0.21997719 -0.024073822 -0.32538256 -0.6652109 -0.5637355 -0.061561592 0.40387166 0.5060499 0.5223237 0.50564414 0.35204723 0.12321213 0.2647782 0.31299353 0.31991428 0.20550892 0.23554558 0.237899 0.20338038 0.1473149 0.063031554 0.014894609 -0.16409531 -0.36983886 -0.311559 -0.09583342 0.02978007 0.08037387 0.07420833 0.065779254 0.06756781 0.009444226 -0.07405958 -0.12331593 0.016983533 0.2901311 0.2432717 -0.0643793 0.09313073 0.16578251 0.093656756 0.059943873 0.00931079 0.021125441 0.072864056 0.23417294 0.41785842 0.37154922 0.34014383 0.42158473 0.47310382
