static/data/thetao/2023/7/6/0.asc
ncols 137
nrows 93
xllcorner 108.0
yllcorner 17.0
cellsize 0.25
NODATA_value -32767
[rows 0 to 26 of 93, columns 61 to 121 of 137]
-32767.0 -32767.0 -32767.0 -32767.0 -32767.0 -32767.0 -32767.0 -32767.0 -32767.0 -32767.0 -32767.0 -32767.0 -32767.0 -32767.0 -32767.0 -32767.0 -32767.0 -32767.0 -32767.0 21.075853 20.513453 19.51904 18.994926 19.648718 20.003408 20.445286 21.034973 21.23245 20.820633 20.825077 21.124763 21.060986 20.924692 21.27817 21.153759 20.96017 20.919231 21.109455 21.379568 21.546377 21.912556 21.667171 20.46826 20.509047 20.838425 20.522049 19.894878 20.571571 20.528057 20.284164 20.225956 20.53764 20.72325 21.036804 21.269194 21.2035 21.164188 21.148014 21.149494 21.278555 21.288282
23.890417 24.22512 24.617262 25.318167 25.54937 25.747551 26.279064 -32767.0 -32767.0 -32767.0 -32767.0 -32767.0 -32767.0 -32767.0 -32767.0 -32767.0 -32767.0 -32767.0 21.006168 19.747522 20.123123 20.20407 20.54374 20.940018 20.9923 21.049316 21.3265 21.448643 20.949532 21.21575 20.897017 21.204472 21.369267 21.9571 21.584776 20.926664 21.435617 22.12836 21.996147 21.691463 21.643553 21.877916 21.114223 20.936874 21.068735 21.017784 20.851267 20.74118 20.397356 20.280684 20.224985 20.466202 20.792961 20.872068 20.89795 21.07157 20.933884 20.259745 20.152264 20.750772 21.186949
24.27356 23.19004 22.267294 21.917538 22.720291 23.86531 25.265932 24.877642 24.295046 -32767.0 -32767.0 -32767.0 -32767.0 -32767.0 -32767.0 -32767.0 -32767.0 -32767.0 20.338255 19.830341 20.648802 20.058554 20.51061 21.103825 20.987877 21.282795 21.30815 21.35869 21.508873 20.643967 20.433002 20.90724 21.350355 21.4595 21.755737 21.481829 21.87432 21.928497 22.224741 21.760462 21.51284 21.844326 21.496445 21.32551 21.433697 21.091202 21.290436 21.21252 21.160702 21.075663 20.972588 20.415977 20.454918 20.836489 21.029482 21.093182 20.195127 20.39177 20.12959 20.72476 21.208109
21.597046 21.623495 21.274586 21.353073 20.977762 21.300558 22.42169 23.885412 24.305136 -32767.0 -32767.0 -32767.0 -32767.0 -32767.0 -32767.0 -32767.0 -32767.0 23.503422 21.639788 21.252699 20.833036 19.8454 19.30601 19.012115 18.764894 18.44721 19.959345 20.368046 20.457758 20.835487 20.61105 20.208672 21.587778 21.137497 21.788095 21.922075 21.839687 21.882893 22.12842 21.88247 21.71669 21.93219 21.737032 21.713093 21.308748 21.293894 21.065363 21.014051 21.033712 21.256609 21.073545 21.013727 21.393877 21.459358 21.230152 21.134853 20.592537 20.540442 20.768393 21.089552 21.575058
21.360456 21.296528 21.338875 20.96441 21.188684 21.090155 21.514221 23.18465 -32767.0 -32767.0 -32767.0 -32767.0 -32767.0 -32767.0 -32767.0 -32767.0 -32767.0 -32767.0 -32767.0 22.509705 21.182188 20.780407 19.189554 19.901411 18.711632 19.121298 21.707447 21.887745 22.04463 22.093693 22.058393 21.730574 21.119045 21.386486 21.532259 21.632492 22.330183 22.077414 21.816906 21.827957 21.650816 22.075186 21.989403 21.596554 21.27559 21.388216 21.532547 21.342773 21.452393 21.273111 21.343264 21.089458 21.240698 21.153587 21.506895 21.431223 21.59089 20.981113 21.232698 21.39101 21.476145
21.19153 21.077358 21.397867 21.361227 21.25993 20.795893 21.578918 23.360512 -32767.0 -32767.0 -32767.0 -32767.0 -32767.0 -32767.0 -32767.0 -32767.0 -32767.0 -32767.0 -32767.0 -32767.0 21.8522 21.323847 19.281103 19.635475 18.896015 19.656021 22.016048 21.779932 21.89725 22.233622 22.279726 22.382698 22.086481 21.540966 21.659725 22.471157 22.158918 21.875643 21.555489 21.947727 22.011696 22.183813 21.908651 21.231932 21.326954 21.356016 21.80464 21.60436 21.639757 21.15517 21.15968 21.0392 21.264982 21.278196 21.373842 21.474035 21.405058 21.553192 21.618896 21.734118 21.836658
21.684525 21.649271 21.747568 21.596432 21.342585 21.03651 22.037504 23.965685 -32767.0 -32767.0 -32767.0 -32767.0 -32767.0 -32767.0 -32767.0 -32767.0 -32767.0 -32767.0 -32767.0 -32767.0 -32767.0 19.021568 18.999498 19.376719 19.507843 18.7084 21.655802 22.071384 22.191227 22.27397 22.367886 22.559532 22.533293 21.80046 22.56595 22.421839 22.036737 21.772232 21.954176 21.72938 21.915722 21.87345 21.134842 21.438936 21.428581 21.521358 21.787357 21.740152 21.54033 21.614948 20.695335 21.052963 21.39494 21.153954 21.373291 21.576822 21.906916 21.62662 21.631878 21.825367 21.861193
21.778296 21.776257 21.681747 21.424734 21.442059 21.29572 22.038794 -32767.0 -32767.0 -32767.0 -32767.0 -32767.0 -32767.0 -32767.0 -32767.0 -32767.0 -32767.0 -32767.0 -32767.0 -32767.0 -32767.0 -32767.0 20.49812 19.445515 19.627829 18.797314 19.571896 22.402655 22.419031 22.572498 22.682072 22.719584 22.353563 22.694721 22.40712 22.519014 22.157133 21.865797 21.99473 21.671173 21.514103 21.50624 22.064953 22.00167 21.707195 21.59432 21.595211 22.034788 21.780146 21.706573 20.790848 21.042103 21.118572 21.209112 21.394283 22.126118 22.240818 21.788939 21.67027 21.84423 22.261524
21.745817 21.83874 21.450542 21.424774 21.372364 21.620087 -32767.0 24.092932 -32767.0 -32767.0 -32767.0 -32767.0 -32767.0 -32767.0 -32767.0 -32767.0 -32767.0 -32767.0 -32767.0 -32767.0 -32767.0 -32767.0 18.918503 18.982521 18.455816 17.88861 18.652693 21.883738 22.873207 22.710846 22.942781 22.750242 22.55868 22.44784 22.268742 22.694103 22.473616 21.94859 21.801168 21.86459 21.984743 22.147512 22.16076 22.045794 22.020247 21.862225 21.912376 21.980255 21.54372 21.315859 21.02936 21.342333 21.325788 21.80941 22.376276 22.469847 22.142527 22.041218 21.956234 22.242271 -32767.0
21.618547 21.439184 21.651026 21.688042 20.911928 20.445543 21.189997 21.41508 23.627735 24.040905 24.255156 24.572828 26.292131 -32767.0 -32767.0 -32767.0 -32767.0 -32767.0 -32767.0 -32767.0 -32767.0 -32767.0 -32767.0 18.776482 17.880796 17.780886 18.319448 19.90601 22.95527 22.87192 22.935694 22.69159 22.749218 22.457235 22.039024 22.569508 22.434977 22.270813 22.158327 22.054089 22.188435 22.197325 22.204878 22.309055 21.982311 21.868101 21.895199 21.653105 21.337023 21.204914 21.5081 21.858633 22.198132 22.590813 23.1092 23.171028 23.251038 22.772598 22.604473 22.507107 22.81738
21.514103 21.676802 22.013964 22.083916 21.76581 21.25942 21.309868 21.324768 22.136478 23.04969 23.225336 23.611721 24.862757 -32767.0 -32767.0 -32767.0 -32767.0 -32767.0 -32767.0 -32767.0 -32767.0 -32767.0 -32767.0 -32767.0 17.47835 17.563066 18.491507 20.26633 22.138199 23.055138 23.014385 22.86108 23.02457 22.317808 21.729452 22.153622 22.03064 22.346174 22.66981 22.543123 22.381596 22.324282 22.472551 22.045738 21.914925 21.960232 21.910522 21.687157 22.397038 22.590872 22.500196 22.413301 22.43719 22.68883 23.344372 23.458971 -32767.0 23.13159 23.088423 23.263514 23.710463
21.36032 21.807785 22.261602 22.194016 22.019964 21.610228 21.394503 21.385317 21.213583 21.187233 21.549452 21.36765 22.345482 23.98541 24.815504 -32767.0 -32767.0 -32767.0 -32767.0 -32767.0 -32767.0 -32767.0 -32767.0 -32767.0 -32767.0 17.697203 18.7569 21.009365 20.779594 21.621225 22.538778 22.825779 22.730593 22.02381 21.953522 21.914833 21.94239 21.992855 22.450275 22.81989 22.507277 22.457329 22.583212 22.446402 22.146801 22.131376 22.098162 21.893785 22.635416 22.499235 22.631289 22.53787 22.766422 22.777386 -32767.0 -32767.0 23.239063 23.130165 22.95787 23.584675 24.116325
21.959724 22.151224 22.342098 22.354511 22.20749 22.328934 22.411886 22.1355 21.565094 21.142374 21.230448 21.591236 21.787706 -32767.0 25.516212 -32767.0 -32767.0 -32767.0 -32767.0 -32767.0 -32767.0 -32767.0 -32767.0 -32767.0 -32767.0 15.77375 19.426714 21.382229 20.717213 20.261105 21.641148 22.509378 22.66387 22.627012 21.956192 21.772713 21.778639 22.168558 22.560286 22.717815 22.552843 22.57792 22.701761 22.652994 22.757689 22.670353 22.255333 22.158432 22.488594 22.856808 22.828676 22.76523 22.942793 23.49966 -32767.0 23.367277 23.367197 23.693926 -32767.0 -32767.0 -32767.0
22.225227 22.25669 22.349987 22.440653 22.57385 22.54573 22.57442 22.239151 21.550123 21.536398 21.022299 21.778929 -32767.0 -32767.0 -32767.0 -32767.0 -32767.0 -32767.0 -32767.0 -32767.0 -32767.0 -32767.0 -32767.0 -32767.0 -32767.0 16.484856 20.472681 21.741474 22.538044 22.602322 22.366932 22.4321 22.624521 22.79905 22.868835 22.656023 22.613098 22.844254 22.833061 22.596409 22.513105 22.735603 22.770374 22.882551 22.902786 22.739334 22.57433 22.466509 22.642326 22.744217 22.794592 23.082079 23.123974 24.103073 24.370773 -32767.0 23.77385 -32767.0 -32767.0 -32767.0 -32767.0
22.507895 22.78126 22.875929 22.875889 22.722004 22.767313 22.83521 22.683994 22.239393 21.709932 21.423328 21.945913 24.189672 -32767.0 -32767.0 -32767.0 -32767.0 -32767.0 -32767.0 -32767.0 -32767.0 -32767.0 -32767.0 -32767.0 -32767.0 17.404509 20.969467 22.338926 22.45852 22.55322 22.919107 23.05761 23.036026 23.014 22.94455 22.815712 22.854727 22.789394 22.494585 22.508738 22.742857 22.690517 22.789598 22.908058 22.946428 22.885841 22.632425 22.72969 22.728724 22.74138 22.862997 23.406155 23.501474 24.39744 -32767.0 -32767.0 -32767.0 -32767.0 -32767.0 -32767.0 -32767.0
22.874506 23.119371 23.081074 23.111088 23.133032 23.335598 23.231855 22.690083 22.53903 22.533731 22.072008 22.095318 23.477678 25.57772 -32767.0 -32767.0 -32767.0 -32767.0 -32767.0 -32767.0 -32767.0 -32767.0 -32767.0 -32767.0 -32767.0 19.431551 21.21725 22.183025 22.230154 22.609505 22.995577 22.875483 22.850454 22.832596 22.800608 22.810532 22.812561 22.830538 22.37552 23.199688 -32767.0 22.932007 22.989828 23.097605 23.067774 23.013628 22.499813 22.653337 22.912878 23.254074 22.853237 23.758175 -32767.0 -32767.0 -32767.0 -32767.0 -32767.0 -32767.0 -32767.0 -32767.0 -32767.0
23.103878 23.294453 23.286531 23.297403 23.324133 23.385015 23.072392 22.565912 22.27942 22.493698 22.39941 22.02609 22.38806 24.851349 -32767.0 -32767.0 -32767.0 -32767.0 -32767.0 -32767.0 -32767.0 -32767.0 -32767.0 -32767.0 -32767.0 -32767.0 21.672924 22.302843 22.248278 22.584997 23.049416 22.877174 22.645088 22.522152 22.815424 22.865648 23.137726 23.17265 23.019781 23.218496 23.068691 23.034557 22.82456 23.030945 23.17087 23.457333 23.3513 23.128315 23.658285 23.984425 23.98269 24.078695 -32767.0 -32767.0 -32767.0 -32767.0 -32767.0 -32767.0 -32767.0 -32767.0 -32767.0
23.469423 23.43653 23.574974 23.480175 23.380127 23.261797 23.01547 22.697206 22.331148 22.21452 22.194265 22.149342 22.197693 24.997662 24.754099 -32767.0 -32767.0 -32767.0 -32767.0 -32767.0 -32767.0 -32767.0 -32767.0 -32767.0 -32767.0 20.60978 22.032703 22.27008 21.963346 21.280638 22.464613 23.080618 23.000942 22.951263 22.812304 22.932838 23.4392 23.47949 23.580471 23.746298 23.855026 23.961266 24.058222 23.767572 23.758774 24.38199 24.261225 23.844591 -32767.0 24.462088 24.13572 24.661423 -32767.0 -32767.0 -32767.0 -32767.0 -32767.0 -32767.0 -32767.0 -32767.0 -32767.0
23.69762 23.696804 23.646116 23.54463 23.345488 23.262266 23.135227 22.964794 22.645147 22.174065 21.660248 21.758871 23.403902 25.604721 -32767.0 -32767.0 -32767.0 -32767.0 -32767.0 -32767.0 -32767.0 -32767.0 -32767.0 -32767.0 -32767.0 20.749643 22.68784 22.55061 22.594063 22.601063 23.04337 23.10717 23.411392 23.28424 23.019833 23.058752 23.49254 23.921167 24.212011 -32767.0 -32767.0 24.416826 24.699036 -32767.0 -32767.0 -32767.0 -32767.0 -32767.0 -32767.0 -32767.0 -32767.0 -32767.0 -32767.0 -32767.0 -32767.0 -32767.0 -32767.0 -32767.0 -32767.0 -32767.0 -32767.0
23.877687 23.854473 23.635883 23.263426 23.242031 23.10329 22.680672 22.623972 22.660395 21.80932 21.524523 22.016558 25.000153 -32767.0 -32767.0 -32767.0 -32767.0 -32767.0 -32767.0 -32767.0 -32767.0 -32767.0 -32767.0 -32767.0 21.495522 21.623756 22.452618 22.732931 23.329056 23.350712 23.670103 23.888355 24.114763 24.172178 23.834276 23.693577 24.15665 24.22937 -32767.0 -32767.0 -32767.0 -32767.0 -32767.0 -32767.0 -32767.0 -32767.0 -32767.0 -32767.0 -32767.0 -32767.0 -32767.0 -32767.0 -32767.0 -32767.0 -32767.0 -32767.0 -32767.0 -32767.0 -32767.0 -32767.0 -32767.0
23.935427 23.943275 23.538507 23.398905 23.27907 22.897064 22.530552 22.217976 22.452215 21.487835 21.071238 20.608723 25.196463 -32767.0 -32767.0 -32767.0 -32767.0 -32767.0 -32767.0 -32767.0 -32767.0 22.572393 22.996489 22.52733 20.910797 22.897356 22.674309 23.229706 23.241226 23.611378 23.761854 24.26014 24.464813 24.466995 24.408968 24.522615 -32767.0 -32767.0 -32767.0 -32767.0 -32767.0 -32767.0 -32767.0 -32767.0 -32767.0 -32767.0 -32767.0 -32767.0 -32767.0 -32767.0 -32767.0 -32767.0 -32767.0 -32767.0 25.523245 -32767.0 -32767.0 -32767.0 -32767.0 -32767.0 -32767.0
23.831907 23.959192 23.890446 23.786411 23.636658 23.40766 22.952955 22.135654 21.76611 21.582062 20.94191 19.92703 22.527319 -32767.0 -32767.0 -32767.0 -32767.0 26.992651 23.774117 24.75156 22.901539 22.530863 21.706713 21.039164 23.461521 23.140522 23.121744 23.252968 23.55799 23.493017 23.811142 24.366098 24.479555 24.423958 24.484173 -32767.0 -32767.0 -32767.0 -32767.0 -32767.0 -32767.0 -32767.0 -32767.0 -32767.0 -32767.0 24.227257 24.568758 -32767.0 -32767.0 -32767.0 -32767.0 -32767.0 -32767.0 -32767.0 23.699532 -32767.0 -32767.0 -32767.0 -32767.0 -32767.0 23.831638
23.745474 23.851215 23.824755 23.679 23.62836 23.427126 23.171139 22.982576 22.631882 21.063353 20.67111 20.260685 -32767.0 24.096163 -32767.0 24.02926 -32767.0 24.047123 -32767.0 20.967083 21.086569 21.194841 21.233343 20.916464 23.402386 22.798248 23.258955 23.473745 23.42751 23.432026 24.231707 24.56024 24.695837 -32767.0 -32767.0 -32767.0 -32767.0 -32767.0 -32767.0 -32767.0 -32767.0 24.100887 24.53368 24.48079 24.35172 22.83767 23.179937 23.375015 24.347572 -32767.0 -32767.0 -32767.0 -32767.0 -32767.0 24.135317 24.09084 23.773062 24.37312 25.016806 25.20298 24.519789
23.852406 24.020964 23.953896 23.923794 23.754528 23.662237 23.51895 23.538767 23.349632 22.36935 21.530554 20.477392 20.284664 20.799023 20.399675 21.017403 20.555767 19.907597 20.116873 20.491907 20.178673 20.603523 21.606766 21.624203 -32767.0 23.577166 23.488932 23.50753 23.946577 24.42713 24.45651 -32767.0 -32767.0 -32767.0 -32767.0 -32767.0 23.807234 23.684408 22.736567 23.495218 23.628117 23.801332 25.045748 -32767.0 -32767.0 24.120695 24.236034 23.663977 -32767.0 -32767.0 -32767.0 -32767.0 -32767.0 24.23005 23.186907 24.547932 26.170067 26.050304 25.95677 26.018425 26.051197
23.766972 23.910528 23.976248 23.943663 23.857176 23.847134 23.919716 23.6861 22.936625 22.901062 22.7941 21.928179 21.065119 21.276308 21.075378 21.29634 21.297709 21.183197 20.809288 21.667936 22.700533 22.047003 22.2803 23.074615 22.600227 23.42474 24.330421 24.31172 24.48107 24.341597 24.737513 26.50868 -32767.0 24.992086 24.604841 -32767.0 23.400557 23.957157 24.407536 -32767.0 25.223017 25.218046 -32767.0 -32767.0 -32767.0 -32767.0 23.821035 24.361015 -32767.0 -32767.0 -32767.0 -32767.0 24.4267 25.44901 25.651728 25.790894 25.80057 25.968575 26.257042 26.201313 26.298326
24.113695 24.121769 24.290276 24.195993 24.177961 24.155058 24.18758 24.208668 24.09227 24.11818 24.165232 24.071386 23.81028 23.711206 23.506548 23.823559 23.701643 23.9751 24.084225 23.820988 24.030996 24.604712 24.501461 24.49207 24.482927 24.265608 -32767.0 24.45268 24.53737 -32767.0 -32767.0 26.847044 25.357779 24.99162 23.937054 23.919128 24.46457 24.72774 -32767.0 -32767.0 -32767.0 -32767.0 -32767.0 -32767.0 -32767.0 -32767.0 23.521294 23.46022 23.68677 -32767.0 -32767.0 24.263428 25.427961 25.692253 25.942236 25.961458 26.123554 26.21737 26.347036 26.280888 26.313932
24.227917 24.2109 24.206438 24.35816 24.497395 24.44252 24.499886 24.541512 24.597372 24.593107 24.4878 24.406382 24.49363 -32767.0 -32767.0 23.667194 24.303835 24.85201 24.879452 24.721514 24.742205 24.827768 24.667885 24.616592 24.680313 24.471834 24.635937 24.816032 -32767.0 -32767.0 -32767.0 -32767.0 -32767.0 -32767.0 23.445314 24.156406 24.953596 -32767.0 -32767.0 -32767.0 -32767.0 -32767.0 25.559086 -32767.0 23.756897 24.748077 25.171953 25.047615 24.421696 23.350454 -32767.0 25.42177 25.550583 25.596601 25.848223 26.144276 26.236708 26.43664 26.465519 26.41534 25.87601
