static/data/thetao/2023/7/6/12.asc
ncols 137
nrows 93
xllcorner 108.0
yllcorner 17.0
cellsize 0.25
NODATA_value -32767
[rows 27 to 53 of 93, columns 61 to 121 of 137]
25.197664 25.14687 25.019075 25.045544 25.342043 25.41359 25.31632 25.220795 25.076302 25.0002 24.992407 25.043566 -32767.0 -32767.0 24.100428 24.415854 25.42979 25.342548 25.41073 25.36271 25.579796 25.506737 25.408684 25.60762 25.029306 -32767.0 -32767.0 -32767.0 -32767.0 -32767.0 -32767.0 -32767.0 -32767.0 -32767.0 25.030735 24.507507 24.932564 -32767.0 -32767.0 -32767.0 26.016367 26.692118 27.059473 26.987715 25.61397 24.970592 26.109444 26.43786 25.710108 24.959192 25.448381 25.565395 25.5305 25.94193 26.145144 26.277447 26.704287 26.871094 26.835503 26.529636 25.655699
25.384985 25.440367 25.376339 25.55372 25.737696 25.662657 25.611206 25.485195 25.223267 24.852444 24.94927 25.181234 25.37345 25.386581 25.376835 25.462955 25.652338 25.530825 25.692724 25.720139 25.773485 25.432081 25.705452 -32767.0 25.319176 25.767326 -32767.0 -32767.0 27.107224 -32767.0 -32767.0 -32767.0 -32767.0 -32767.0 -32767.0 24.383793 24.873589 -32767.0 -32767.0 25.664043 26.857864 26.600683 26.66836 26.600367 26.801783 26.757225 26.817055 27.240786 26.413567 25.368105 25.724953 25.641085 25.543493 25.963923 26.155485 26.181562 26.597555 26.813509 26.874172 26.759808 25.458977
25.629906 25.832602 25.997456 25.85564 25.911976 25.775108 25.551266 25.515266 25.311138 24.9673 24.970564 25.201344 25.559088 25.647684 25.474667 25.454248 25.52705 25.662462 26.308039 26.000662 25.897125 25.47423 -32767.0 24.913553 25.35322 25.831533 26.308552 26.145222 -32767.0 26.787018 -32767.0 -32767.0 -32767.0 -32767.0 -32767.0 26.068018 26.652786 26.74922 26.389004 26.46785 26.450653 26.547503 26.88836 26.898024 26.887411 26.893944 26.731112 26.884398 27.009071 25.799166 26.015518 25.545544 25.444643 25.792788 26.116913 26.039473 26.245464 26.73294 26.720676 26.861591 26.730341
25.856178 25.868877 25.957342 25.49522 25.497728 25.308584 25.259045 25.31697 25.241219 25.046328 25.029036 25.234404 25.462189 25.56809 25.514177 25.626228 25.770773 25.895231 26.25482 26.634052 26.4767 25.875587 25.676603 25.822824 25.748133 25.730856 26.113852 26.050127 26.351341 26.765018 -32767.0 -32767.0 -32767.0 -32767.0 26.007853 27.060822 27.270435 27.107203 26.78583 26.492676 26.761961 26.813797 26.82299 26.941172 27.013441 27.10314 27.092022 26.765848 27.28351 26.420692 25.857021 25.538713 25.37767 25.594828 25.940289 25.933485 25.879976 26.18651 26.667692 26.738682 26.746138
26.209595 26.435102 26.300047 25.864794 25.386442 25.215052 25.211147 25.236282 25.146317 25.030415 25.206377 25.24923 25.491676 25.627865 25.802385 25.798395 25.821627 25.890533 26.352692 26.514132 26.672985 26.766356 26.686697 26.489683 26.13309 25.984156 26.169222 26.129715 26.117966 26.342531 -32767.0 -32767.0 -32767.0 -32767.0 26.49353 26.981153 27.183273 27.122278 26.594122 26.835688 26.687464 26.820564 26.840273 26.557758 26.722244 27.166208 27.254564 27.188309 27.103653 26.660023 25.858868 25.666628 25.424862 25.44444 25.71573 25.675058 25.71441 25.578178 25.997162 26.64443 26.82233
27.152544 27.056425 26.664337 26.092836 25.532442 25.35249 24.990128 24.991165 25.100676 25.250492 25.273129 25.407763 25.570324 25.689014 25.67178 25.924166 26.216684 26.513603 26.845942 27.053665 26.95821 26.971693 26.973635 26.891218 26.611904 25.964052 25.941195 25.951252 -32767.0 -32767.0 -32767.0 -32767.0 -32767.0 25.591625 26.41704 26.497522 26.657455 27.010727 26.924654 27.020538 27.051908 26.965332 26.941338 26.542187 27.089678 27.586851 27.48655 27.256113 26.90648 26.59085 25.714941 25.537697 25.368118 25.417997 25.587889 25.522364 25.533075 25.57591 25.630651 26.318106 26.813711
27.556137 27.390125 27.15915 26.956436 26.650871 26.220922 25.652508 25.314873 25.232298 25.187265 25.552845 25.631098 25.613258 25.820862 25.81738 25.96903 26.038342 26.279799 26.679918 26.920376 27.102217 26.974821 26.871645 26.810163 26.79394 26.263191 25.87677 25.729752 -32767.0 -32767.0 -32767.0 -32767.0 -32767.0 24.974157 24.587637 24.741615 25.21981 25.64936 26.702717 27.64201 28.348433 28.306574 28.354465 27.493559 27.750444 27.4778 27.89669 27.545805 26.908209 26.446033 25.501217 25.645926 25.340221 25.549053 25.524273 25.523167 25.515205 25.626503 25.593204 26.217861 26.872643
27.611372 27.43979 27.254961 27.172419 26.990784 26.669529 26.180422 25.558887 25.687849 25.679815 25.901348 26.095598 25.994673 26.04917 26.120846 26.040302 26.410025 26.820505 26.786278 26.655159 26.55774 26.691063 26.792923 26.756565 26.711409 26.46068 26.067104 25.890608 26.414534 -32767.0 26.6618 -32767.0 -32767.0 24.263453 25.355839 27.57186 28.176691 27.897316 28.36961 28.40799 28.233278 28.498163 28.016996 27.781841 27.711103 27.563053 27.741837 27.47777 27.018944 26.350874 25.569267 25.684391 25.379711 25.530373 25.551313 25.602274 25.747717 25.712751 25.812748 26.423698 27.00356
27.324568 27.25891 27.312752 27.314114 26.922417 26.988277 26.776619 26.39015 26.131477 25.995617 26.10605 26.128855 26.364758 26.251225 26.370691 26.384993 25.826515 25.82857 25.911295 26.167175 26.54769 26.785538 26.801289 26.69448 26.573465 26.492556 26.357613 26.122574 26.329895 26.3045 26.576813 -32767.0 25.030252 24.203012 26.655922 27.99996 28.111006 28.096075 28.270838 28.249624 27.944265 28.042011 27.378338 27.451416 27.42163 27.319761 27.444874 27.466932 27.109905 26.265469 25.47386 25.509813 25.38241 25.454039 25.573996 25.605087 25.682726 25.530237 26.318571 26.6857 26.986607
27.140839 26.949333 27.333395 27.614286 27.339075 26.979485 26.8935 26.454216 26.335863 26.308983 26.42475 26.224394 26.40625 26.521952 26.396961 26.054886 25.663784 25.925009 26.511524 26.84047 27.324942 27.584875 27.13503 26.66079 26.506498 26.438477 26.457817 26.356625 26.360044 26.347702 -32767.0 25.85989 26.606878 26.885168 27.100405 27.709347 28.127827 28.127266 28.042873 27.929724 27.8718 27.164507 27.305738 27.338957 27.353905 27.268665 27.09886 27.325903 27.109877 26.10633 25.265936 25.40527 25.302704 25.378628 25.512352 25.628277 25.559029 26.153334 26.50913 26.816368 26.81257
26.071205 26.038961 26.409018 27.121395 27.636927 27.601707 27.08154 26.643148 26.382362 26.544756 26.713228 26.375599 26.413256 26.398323 26.21491 25.738419 25.706188 26.499828 27.16191 27.586754 27.668465 27.70296 27.450897 26.77328 26.484964 26.503761 26.54187 26.366695 26.53423 26.34939 26.460318 26.89084 27.16673 26.929726 27.396173 27.493868 27.60855 27.944782 27.990582 27.981428 27.860325 27.085882 27.146414 27.140108 27.280317 27.218754 26.966125 27.10133 26.995758 26.07657 25.201084 25.348064 25.335804 25.379753 25.540773 25.638123 26.11662 26.671827 26.564419 26.78413 26.510212
26.309761 26.775396 26.762997 27.049643 27.376041 27.826256 27.562214 26.947584 26.544691 26.457436 26.507362 26.481289 26.437721 26.235971 26.023888 25.805946 25.90943 26.303003 27.269423 27.612665 27.684067 27.7286 27.701433 27.555902 27.512304 27.610939 27.583483 27.062843 -32767.0 26.820564 27.186665 -32767.0 26.666952 27.358353 27.771065 27.99059 27.977938 27.756983 27.979647 27.834108 27.649975 27.14632 27.017784 26.956076 27.14002 27.088814 26.78448 26.979345 26.901642 26.114786 25.242012 25.357256 25.42555 25.505007 25.601332 25.949505 26.68252 26.61347 26.677334 26.576355 26.21714
26.822535 26.731165 27.305454 27.562098 27.783665 27.71549 27.746859 27.384563 26.802917 26.533579 26.28771 26.088327 26.148964 26.074423 26.093428 26.06989 26.227669 26.221107 26.323952 27.290567 27.453962 27.270048 27.078417 27.081604 27.128721 27.197626 27.444038 27.930983 27.781204 -32767.0 27.263693 26.648005 27.264404 27.560024 28.261278 28.214521 27.99245 28.053913 27.820335 27.54916 27.595964 27.152382 26.83785 26.863962 26.791594 26.927698 26.82891 26.61507 26.777994 26.298935 25.394352 25.338533 25.506577 25.566034 25.747602 26.581074 26.633352 26.575539 26.712118 26.306038 26.031654
25.97635 25.312056 25.645063 26.527304 27.620745 27.716536 27.80931 27.63821 27.288216 26.891014 26.565737 26.416504 26.360586 26.332022 26.507639 26.541018 26.387838 26.593582 27.012394 27.268429 27.111563 26.789236 27.12518 27.16933 27.187693 27.145771 27.615822 28.072256 28.116796 28.011839 27.500671 27.44296 27.849493 28.149721 28.139841 28.182274 28.22894 28.06044 27.63027 27.445768 27.571146 27.102715 26.768826 26.955648 26.718618 27.164764 26.844057 26.615253 26.64735 26.589525 25.61981 25.418207 25.479822 25.609097 26.549965 26.540989 26.514267 26.735516 26.526829 26.15392 25.968275
25.578175 25.898867 26.879438 27.356068 27.50194 27.93031 27.75505 27.987255 27.782331 27.445961 27.254095 27.222351 27.250463 27.306046 27.19749 26.851913 26.838753 27.2824 27.960281 28.38487 28.457943 28.310377 27.919678 27.674377 27.442335 27.852507 28.379827 28.571686 28.078848 28.121727 28.15495 28.06429 28.185188 28.090424 28.088644 28.18431 28.068796 27.930182 27.493631 27.414654 27.525137 27.190512 26.782104 27.005722 26.990643 26.918877 26.983301 27.0847 26.7854 26.98808 26.36291 26.083946 26.30445 26.730293 26.471336 26.492662 26.624493 26.591116 26.303024 25.97209 25.945332
25.602955 26.79338 27.300512 27.473988 27.620518 27.79696 28.031666 27.938473 27.971949 27.952682 27.958914 27.840765 27.632753 27.406012 27.222319 27.101057 27.536438 28.48491 28.573677 28.69349 28.840218 28.785465 28.637785 28.49742 28.477802 28.506779 28.634329 28.796864 28.550762 28.116243 28.088898 28.150993 28.155844 28.020334 28.073502 27.97022 27.886177 27.818766 27.647179 27.442896 27.421774 27.240181 26.916187 26.813345 27.129583 27.023949 26.958569 26.938272 26.917841 26.836704 26.796947 26.710802 26.565954 26.481216 26.54987 26.589243 26.64905 26.410107 26.021105 25.994608 25.889704
25.621563 26.556002 27.067635 27.703083 27.76858 27.898901 28.03895 28.141645 28.074945 28.051065 28.020214 27.715574 27.50586 27.330545 27.283075 27.61894 28.424446 28.52529 28.646353 28.860254 28.923191 28.851612 28.784481 28.625582 28.489906 28.659489 28.758368 28.645975 28.554298 28.231934 28.178291 28.21284 28.018335 27.997913 27.883646 27.758314 27.595867 27.513756 27.45935 27.382656 27.36428 27.490622 27.369179 27.241093 27.167555 27.382034 27.043896 26.958242 26.906925 26.810413 26.65253 26.557856 26.513372 26.679266 26.63696 26.66706 26.495838 26.041466 26.107347 25.830683 25.641315
24.712626 25.727232 27.478634 27.756882 28.08021 28.138636 28.181152 28.196114 28.179369 28.07668 27.712358 27.574018 27.624598 27.73075 27.82996 28.341522 28.507912 28.56844 28.86587 29.025175 28.995884 28.893686 28.802 28.747892 28.690384 27.855286 28.478382 28.653824 28.439644 28.372051 28.27839 27.998215 28.067287 28.043737 27.883924 27.675282 27.595476 27.635235 27.62261 27.54927 27.423517 27.313074 27.319218 27.423922 27.465525 27.60455 27.128704 26.970552 26.882343 26.880579 26.709715 26.678446 26.762417 26.7456 26.687065 26.561232 26.191576 26.051697 26.100388 25.681402 25.68345
25.364214 26.573095 27.212656 28.458796 28.421646 28.448977 28.371433 28.25639 28.184433 27.969934 27.83556 27.796875 27.8693 27.949984 28.205532 28.5835 28.476671 28.696283 28.982214 29.101168 28.88544 28.427216 28.448368 28.60129 28.657745 28.509384 27.771057 28.08507 28.385353 28.440187 28.242626 28.010443 28.088099 27.90558 27.777834 27.780056 27.916464 27.952578 27.894169 27.811138 27.714745 27.572897 27.442932 27.375519 27.325068 27.327896 27.073383 26.973701 26.953815 26.880215 26.879076 26.998295 27.025026 26.83169 26.59523 26.342314 26.17617 26.206615 25.989487 26.012009 25.786978
27.279509 27.501219 28.498001 28.866695 28.838808 28.676554 28.384085 28.257225 28.047602 27.9123 27.869719 27.88205 27.927185 28.314974 28.550285 28.427841 28.55986 28.865427 29.068325 29.181818 28.545454 28.333431 28.333538 28.361986 28.40128 28.351969 28.03941 27.789232 28.041542 28.137297 28.022158 27.899591 27.885874 28.076637 28.169744 28.128572 28.000484 27.802944 27.75043 27.72755 27.679483 27.656263 27.589619 27.500555 27.375677 27.167278 27.071388 27.065018 27.029186 26.977673 26.947779 27.040302 26.985632 26.635847 26.386526 26.282972 26.260025 26.303226 25.85066 25.929373 26.031868
27.740751 28.163841 28.76152 28.683159 28.769459 28.778973 28.377764 28.14741 27.911373 27.925476 28.031744 27.952343 28.01503 28.229643 28.350964 28.54308 28.755795 29.036346 29.130087 29.180683 28.250364 28.207047 27.938627 27.838274 -32767.0 28.01269 27.970257 27.914139 28.066427 27.896366 27.89864 28.17324 28.158987 28.036816 27.864992 27.685148 27.581736 27.46465 27.433334 27.478197 27.501486 27.537895 27.562336 27.534952 27.359106 27.168594 27.080875 27.02218 26.947481 26.90774 26.843225 26.851732 26.74804 26.564249 26.731157 26.76634 26.240898 26.41593 26.160679 25.973705 25.920168
28.411268 28.655558 28.811094 28.649416 28.640448 28.781832 28.649223 28.202778 28.052683 27.895416 28.096588 28.121983 28.211504 28.370956 28.560507 28.800694 29.026676 29.079855 29.153402 29.19412 28.666971 28.154804 28.10457 27.944967 27.342607 28.251493 27.991268 27.709848 27.739088 27.934486 28.193316 28.107155 27.933746 27.755161 27.564293 27.491518 27.413754 27.484068 27.423677 27.24557 27.138044 27.26997 27.450682 27.470312 27.26788 27.088404 27.0375 26.920887 26.865458 26.884748 26.87577 26.81228 26.756266 26.812397 26.777594 26.817743 26.257076 26.41872 26.378645 26.38803 26.39361
28.727543 28.792751 28.885927 28.688026 28.554245 28.695318 28.761795 28.635435 28.34158 28.176853 28.211653 28.30801 28.465948 28.617176 28.921604 29.076374 29.074541 29.096895 29.13607 29.074636 28.618298 28.4421 28.165174 -32767.0 27.79261 27.908955 27.78097 27.77201 27.888577 28.173967 28.256395 28.03761 27.80828 27.642805 27.599113 27.54973 27.574856 27.452501 27.295076 27.150068 26.99232 27.11929 27.434635 27.395536 27.22351 27.078823 26.965199 26.83892 26.996643 26.973007 27.028353 27.132956 27.308619 27.396194 27.386667 27.016396 26.544039 26.492996 26.401575 26.373018 26.380419
28.928064 28.887304 28.730585 28.652096 28.716755 28.785097 28.77705 28.774393 28.677853 28.523987 28.4405 28.592253 28.778057 29.040535 29.114084 29.015375 28.963593 28.915298 29.142643 28.4938 28.479473 28.463871 28.228836 27.782904 27.715107 27.749146 27.798597 27.92968 28.15314 28.25953 28.269152 28.088646 27.886475 27.69285 27.66486 27.66736 27.527634 27.387484 27.359941 27.117088 26.890224 27.259926 27.437483 27.393013 27.163498 27.05189 26.989614 27.051205 27.393978 27.6183 27.812609 27.976892 27.994444 27.918154 27.488897 27.317825 26.653864 26.55048 26.79875 26.8394 26.582811
29.017227 28.907005 28.782524 28.635952 28.683483 28.605934 28.66673 28.827131 28.799866 28.613861 28.72167 28.87996 29.087135 29.178303 28.961199 28.952057 28.843864 28.76485 29.078405 28.150198 28.306023 28.194592 28.18954 27.843197 27.83941 27.843288 27.953499 28.174397 28.216127 28.300215 28.361395 28.187475 27.984758 27.793627 27.745783 27.672474 27.481983 27.351625 27.187061 26.99696 27.141466 27.433977 27.483372 27.342413 27.192045 27.286196 27.628876 27.777838 27.834322 27.911724 27.94253 27.960535 27.972595 27.81409 27.603424 27.248104 26.630276 27.235775 27.250643 27.266443 27.040077
29.061903 29.042852 28.924932 28.74717 28.706503 28.683832 28.717234 28.855738 28.808931 28.783787 29.001457 29.422207 29.191761 29.07691 29.051682 28.732372 28.669294 28.693974 29.042967 28.064995 28.080122 28.3391 28.174562 27.9617 27.85841 27.993183 28.142857 28.258673 28.217335 28.3594 28.42425 28.224543 28.018723 27.869904 27.815933 27.656086 27.504131 27.371656 27.233377 27.300125 27.473803 27.58062 27.468063 27.35505 27.473486 27.879732 28.093197 28.054827 27.982855 28.005415 28.02489 28.14488 28.263506 28.014917 27.535582 27.028044 26.979593 27.298891 27.917786 28.410288 28.082468
28.92354 29.127306 29.133232 28.994234 28.941841 28.992903 28.960936 28.873724 28.840607 29.09114 29.462961 29.525337 29.319664 29.078737 28.81427 28.689825 28.725395 28.755667 28.965178 28.98641 -32767.0 28.285547 27.822222 27.90337 27.966475 28.090038 28.291328 28.254883 28.2454 28.389618 28.454975 28.221994 27.990215 27.941832 27.888065 27.680614 27.58155 27.53256 27.512657 27.592337 27.605503 27.526073 27.460709 27.502289 27.926752 28.12772 28.128107 28.24179 28.288206 28.21183 28.117329 28.300869 28.438686 28.333546 27.79525 27.245573 27.216341 27.553888 28.23122 28.51273 28.590858
