static/data/thetao/2023/7/6/18.asc
ncols 137
nrows 93
xllcorner 108.0
yllcorner 17.0
cellsize 0.25
NODATA_value -32767
[rows 0 to 26 of 93, columns 61 to 121 of 137]
-32767.0 -32767.0 -32767.0 -32767.0 -32767.0 -32767.0 -32767.0 -32767.0 -32767.0 -32767.0 -32767.0 -32767.0 -32767.0 -32767.0 -32767.0 -32767.0 -32767.0 -32767.0 -32767.0 21.600046 20.665764 20.290617 19.5076 19.7118 20.002052 20.49412 21.173721 21.532251 21.156967 21.235437 21.557974 21.456953 21.176764 21.579123 21.46669 21.323711 21.284168 21.381945 21.47186 21.643497 21.735397 22.188951 21.083784 21.165157 21.45528 21.090904 20.322744 20.981884 21.123947 20.809078 20.414192 20.541756 20.782967 20.9805 21.200598 21.353731 21.372608 21.397545 21.544416 21.64691 21.09888
24.193953 24.26042 25.036917 25.420572 25.52559 25.67533 26.388945 -32767.0 -32767.0 -32767.0 -32767.0 -32767.0 -32767.0 -32767.0 -32767.0 -32767.0 -32767.0 -32767.0 21.529345 20.366562 20.039682 20.465364 20.531624 21.12263 21.152931 21.344152 21.548452 21.784586 21.35012 21.540829 21.652246 21.439602 21.652958 22.124378 21.724577 21.553474 22.301926 22.412956 22.441908 22.420233 22.107922 21.844788 21.58062 21.332071 21.375822 21.449432 21.387066 21.458105 21.250484 20.760649 20.460407 20.660536 20.958323 21.01284 21.069218 21.180012 21.060013 20.570372 20.765875 21.234953 21.43896
24.561571 23.482183 22.235052 22.062035 22.648977 23.831882 25.257534 25.023556 24.680672 -32767.0 -32767.0 -32767.0 -32767.0 -32767.0 -32767.0 -32767.0 -32767.0 -32767.0 20.639727 20.413397 20.852383 20.753595 20.751818 21.46877 21.53411 21.563046 21.567293 21.753353 21.822393 20.944017 20.786587 21.156946 21.814041 22.038143 22.098436 21.929855 22.16691 22.019308 22.332739 22.341417 21.909864 21.882631 21.895697 21.680439 21.838095 21.791561 21.68382 21.562212 21.473936 21.32182 21.272219 20.752338 20.97036 21.187641 21.279806 21.006151 20.326283 20.469776 20.302708 20.875183 21.321913
21.75318 21.755976 21.27943 21.474915 21.049978 21.300432 22.244947 23.440886 24.095934 -32767.0 -32767.0 -32767.0 -32767.0 -32767.0 -32767.0 -32767.0 -32767.0 24.101988 22.30417 21.275757 21.30942 20.831738 20.249258 19.639742 20.164942 19.932333 19.652697 20.602737 20.291851 20.505686 20.663616 20.754122 21.919722 21.703295 22.12046 22.12779 21.945642 22.082321 22.620754 22.224585 21.969213 21.952911 22.086939 22.0798 21.78989 21.700235 21.85002 21.748703 21.505959 21.498236 21.28998 21.5401 21.618353 21.683107 21.445421 21.216173 20.946938 20.839388 20.880732 21.274105 21.608406
21.52256 21.317465 21.210548 20.876532 21.08317 21.180752 21.81917 23.248602 -32767.0 -32767.0 -32767.0 -32767.0 -32767.0 -32767.0 -32767.0 -32767.0 -32767.0 -32767.0 -32767.0 22.805748 21.832066 21.019043 20.658484 20.363882 19.419016 20.059357 21.974293 22.3342 22.339869 22.367767 22.247763 21.91624 21.407846 21.328075 21.879374 21.922451 22.657188 22.521233 22.191305 22.10892 22.047255 22.15039 22.29973 22.079666 21.685438 22.043465 22.086536 21.860209 21.87306 21.633778 21.668562 21.47503 21.531466 21.425758 21.706898 21.713806 21.730522 21.276274 21.333378 21.54736 21.678297
21.0006 20.905369 21.151287 21.39914 21.186089 20.559053 21.509024 23.418316 -32767.0 -32767.0 -32767.0 -32767.0 -32767.0 -32767.0 -32767.0 -32767.0 -32767.0 -32767.0 -32767.0 -32767.0 22.137934 21.422283 19.586485 20.316261 19.734226 21.05708 22.503605 22.250275 22.223383 22.397688 22.53603 22.615484 22.37138 21.80395 21.888302 22.75854 22.611296 22.248137 22.04795 22.167055 22.096224 22.41474 22.296803 21.655308 21.677332 21.739538 21.915876 22.027098 21.89685 21.563128 21.70236 21.38771 21.468596 21.499792 21.631786 21.684662 21.661566 21.67009 21.803553 21.894516 21.936817
21.547201 21.46781 21.582739 21.555979 21.438042 21.045797 22.1295 24.168186 -32767.0 -32767.0 -32767.0 -32767.0 -32767.0 -32767.0 -32767.0 -32767.0 -32767.0 -32767.0 -32767.0 -32767.0 -32767.0 22.099726 19.338331 20.5659 19.822588 19.120144 22.074547 22.649857 22.701727 22.645271 22.645721 22.752783 22.665512 22.05629 22.85846 22.806635 22.422047 22.21096 22.260548 22.539478 22.499115 22.407204 21.631208 21.67772 21.78372 21.71007 22.134333 22.030022 21.99858 21.946535 21.261717 21.420197 21.66642 21.439592 21.51486 21.714918 22.049423 21.76775 21.943794 22.082565 22.084162
21.521795 21.533014 21.586771 21.449772 21.551353 21.595764 22.07333 -32767.0 -32767.0 -32767.0 -32767.0 -32767.0 -32767.0 -32767.0 -32767.0 -32767.0 -32767.0 -32767.0 -32767.0 -32767.0 -32767.0 -32767.0 20.24964 20.070787 19.692669 18.725254 19.760405 22.96829 22.85441 22.864943 22.874075 22.82056 22.5523 22.915174 22.666273 22.833256 22.572493 22.254807 22.217249 22.385738 22.056568 21.7282 22.23359 22.379128 22.36629 22.211897 22.077072 22.271679 22.178144 22.092339 21.221458 21.353788 21.378077 21.493008 21.52561 22.000696 22.4377 21.883896 21.817795 22.003141 22.570375
21.386684 21.589521 21.472971 21.27443 21.375463 21.61705 -32767.0 24.329054 -32767.0 -32767.0 -32767.0 -32767.0 -32767.0 -32767.0 -32767.0 -32767.0 -32767.0 -32767.0 -32767.0 -32767.0 -32767.0 -32767.0 20.048681 19.346262 19.021557 18.565668 18.860407 21.821205 23.194407 22.954346 23.065332 22.862309 22.813042 22.698503 22.555948 23.001574 22.788368 22.234735 22.325819 22.091501 22.189722 22.320179 22.369078 22.359118 22.423119 22.350073 22.253649 22.349556 22.044334 21.82216 21.2421 21.482082 21.669365 21.924223 22.830153 22.621706 22.374186 22.203846 21.89679 22.304014 -32767.0
21.357847 21.344711 21.536928 21.732195 21.525547 20.914581 21.362293 21.624977 23.788586 24.885818 24.793781 25.036236 26.575716 -32767.0 -32767.0 -32767.0 -32767.0 -32767.0 -32767.0 -32767.0 -32767.0 -32767.0 -32767.0 20.722666 19.729307 18.324871 19.448278 20.179913 23.100939 23.072615 23.130014 22.837679 22.898708 22.647457 22.233078 22.837036 22.670214 22.498652 22.355137 22.220032 22.227846 22.35771 22.521126 22.604494 22.354168 22.203808 22.213808 21.965704 21.64289 21.510248 21.635124 22.082422 22.400032 22.766256 23.420963 23.389849 23.346287 22.736662 22.785677 22.827124 23.012762
21.31146 21.602713 22.10793 22.240568 22.06708 21.681442 21.524632 21.576859 22.367458 23.469536 23.221737 23.851133 24.848322 -32767.0 -32767.0 -32767.0 -32767.0 -32767.0 -32767.0 -32767.0 -32767.0 -32767.0 -32767.0 -32767.0 18.056572 18.103052 19.683868 21.037975 22.207167 23.206877 23.200968 23.121712 23.093983 22.547764 22.09394 22.598389 22.415487 22.881725 22.829008 22.957285 22.631493 22.550968 22.698376 22.347322 22.272327 22.341606 22.205223 21.893316 22.486712 22.757187 22.75238 22.64727 22.708422 22.813225 23.285614 23.623997 -32767.0 23.279705 23.142672 23.263214 23.731606
21.168869 21.742125 22.33767 22.374315 22.29057 21.94458 21.74306 21.715595 21.590193 21.474714 21.75281 21.790009 22.704075 24.43563 25.699823 -32767.0 -32767.0 -32767.0 -32767.0 -32767.0 -32767.0 -32767.0 -32767.0 -32767.0 -32767.0 17.270203 20.806988 21.493528 21.2157 21.489973 22.763275 23.059683 23.161663 22.336395 22.248304 22.248915 22.331417 22.327494 22.731625 23.059845 22.826572 22.664942 22.852766 22.69149 22.433626 22.468342 22.350037 22.082623 22.909668 22.75327 22.87079 22.759535 23.141155 23.207378 -32767.0 -32767.0 23.453798 23.438982 23.256035 23.415936 24.442709
22.027954 22.301212 22.463337 22.594656 22.449268 22.532429 22.683218 22.560915 21.927956 21.528212 21.407995 21.782455 22.120811 -32767.0 25.828033 -32767.0 -32767.0 -32767.0 -32767.0 -32767.0 -32767.0 -32767.0 -32767.0 -32767.0 -32767.0 17.85522 21.29134 21.852621 21.218555 20.95454 21.855633 22.763142 23.0399 22.83716 22.424257 22.262466 22.14446 22.353872 22.934507 23.043104 22.8262 22.781174 22.923193 22.92769 23.031948 22.961166 22.545025 22.427029 22.803392 23.089495 23.048126 23.150187 23.204266 23.327553 -32767.0 23.360868 23.589937 23.756992 -32767.0 -32767.0 -32767.0
22.497147 22.384827 22.48559 22.662638 22.787441 22.842236 22.842026 22.667854 21.954422 21.827972 21.35223 22.371136 -32767.0 -32767.0 -32767.0 -32767.0 -32767.0 -32767.0 -32767.0 -32767.0 -32767.0 -32767.0 -32767.0 -32767.0 -32767.0 18.61514 21.214075 22.256521 22.75986 22.791609 22.435766 22.432364 22.607069 22.849937 23.02013 22.867476 22.726793 23.053328 23.069227 22.868277 22.788023 22.864006 23.061714 23.080248 23.092834 23.187899 22.948605 22.695988 22.837711 23.047115 23.066711 23.468685 23.813305 23.957954 24.510456 -32767.0 24.037619 -32767.0 -32767.0 -32767.0 -32767.0
22.722158 22.85066 23.123585 23.177034 22.999138 23.006582 23.161285 22.97686 22.53831 22.139322 21.745394 22.16859 24.51904 -32767.0 -32767.0 -32767.0 -32767.0 -32767.0 -32767.0 -32767.0 -32767.0 -32767.0 -32767.0 -32767.0 -32767.0 18.720558 21.504879 22.325903 22.59346 22.816423 23.102077 23.170471 23.178072 23.13621 23.159695 23.158493 23.038122 23.07649 22.67306 22.788754 22.914639 22.884623 22.992159 23.182482 23.242002 23.234528 23.052444 22.962267 23.0088 23.11229 23.16764 23.658041 23.845795 24.558537 -32767.0 -32767.0 -32767.0 -32767.0 -32767.0 -32767.0 -32767.0
23.078468 23.268284 23.336216 23.326843 23.33951 23.530756 23.586794 23.014069 22.824911 22.723904 22.279137 22.324127 23.6171 25.870882 -32767.0 -32767.0 -32767.0 -32767.0 -32767.0 -32767.0 -32767.0 -32767.0 -32767.0 -32767.0 -32767.0 19.27331 20.839962 22.314758 22.439753 22.776995 23.209227 23.06966 23.121752 23.166882 22.994211 22.953833 22.975931 23.09589 22.731432 23.383114 -32767.0 23.142942 23.22562 23.276913 23.374239 23.205671 22.772032 23.088957 23.348534 23.806067 24.123623 23.643267 -32767.0 -32767.0 -32767.0 -32767.0 -32767.0 -32767.0 -32767.0 -32767.0 -32767.0
23.32247 23.55424 23.54461 23.528688 23.566856 23.636377 23.404303 22.907127 22.56699 22.760498 22.694027 22.454027 22.538666 25.101213 -32767.0 -32767.0 -32767.0 -32767.0 -32767.0 -32767.0 -32767.0 -32767.0 -32767.0 -32767.0 -32767.0 -32767.0 20.925402 22.161041 22.640287 22.749542 23.201647 23.017546 22.761673 22.761936 22.950788 22.91856 23.145563 23.152502 23.15311 23.35943 23.216349 23.250475 23.118267 23.330812 23.50072 23.834898 23.86727 23.470531 23.614492 23.972252 24.562645 24.32158 -32767.0 -32767.0 -32767.0 -32767.0 -32767.0 -32767.0 -32767.0 -32767.0 -32767.0
23.69156 23.71472 23.814981 23.749714 23.671646 23.599108 23.339666 23.043299 22.620396 22.440548 22.410788 22.343485 22.302742 25.299442 25.39533 -32767.0 -32767.0 -32767.0 -32767.0 -32767.0 -32767.0 -32767.0 -32767.0 -32767.0 -32767.0 20.681059 21.594864 22.308586 22.357466 21.741781 22.692768 23.190899 23.130402 23.090302 23.016916 23.177956 23.552425 23.517992 23.628326 23.867476 23.904942 23.92767 23.978315 23.79639 23.684021 24.430769 24.373158 24.282978 -32767.0 24.513084 24.209099 24.62489 -32767.0 -32767.0 -32767.0 -32767.0 -32767.0 -32767.0 -32767.0 -32767.0 -32767.0
23.941906 23.950407 23.87296 23.774494 23.62424 23.496538 23.419355 23.23887 22.927977 22.444067 21.935102 22.080841 23.80149 25.855408 -32767.0 -32767.0 -32767.0 -32767.0 -32767.0 -32767.0 -32767.0 -32767.0 -32767.0 -32767.0 -32767.0 19.263752 22.41008 22.786852 22.85866 22.519037 23.067642 23.198946 23.520048 23.58132 23.201958 23.20814 23.68013 23.943214 24.196434 -32767.0 -32767.0 24.620045 25.022018 -32767.0 -32767.0 -32767.0 -32767.0 -32767.0 -32767.0 -32767.0 -32767.0 -32767.0 -32767.0 -32767.0 -32767.0 -32767.0 -32767.0 -32767.0 -32767.0 -32767.0 -32767.0
24.068739 24.080404 23.872152 23.514313 23.460962 23.333952 22.871819 22.757408 22.827658 22.113556 21.622427 21.85881 25.044325 -32767.0 -32767.0 -32767.0 -32767.0 -32767.0 -32767.0 -32767.0 -32767.0 -32767.0 -32767.0 -32767.0 20.313185 21.811466 22.697004 22.92261 23.21621 23.574184 23.781616 23.953733 24.167017 24.31071 24.012648 23.795273 24.46342 24.428099 -32767.0 -32767.0 -32767.0 -32767.0 -32767.0 -32767.0 -32767.0 -32767.0 -32767.0 -32767.0 -32767.0 -32767.0 -32767.0 -32767.0 -32767.0 -32767.0 -32767.0 -32767.0 -32767.0 -32767.0 -32767.0 -32767.0 -32767.0
24.09579 24.19487 23.75292 23.523916 23.405317 23.133806 22.713573 22.371819 22.453394 22.073135 21.189913 20.763636 25.39178 -32767.0 -32767.0 -32767.0 -32767.0 -32767.0 -32767.0 -32767.0 -32767.0 22.628197 23.612047 22.544636 21.024399 23.213934 23.043924 23.141613 23.66589 23.87424 23.953041 24.355812 24.62069 24.602978 24.42855 24.511997 -32767.0 -32767.0 -32767.0 -32767.0 -32767.0 -32767.0 -32767.0 -32767.0 -32767.0 -32767.0 -32767.0 -32767.0 -32767.0 -32767.0 -32767.0 -32767.0 -32767.0 -32767.0 25.528803 -32767.0 -32767.0 -32767.0 -32767.0 -32767.0 -32767.0
23.939781 24.06003 24.04381 23.782993 23.605934 23.545218 23.17897 22.490046 21.983763 21.718422 21.25449 20.137695 23.012539 -32767.0 -32767.0 -32767.0 -32767.0 27.376457 24.137346 25.380262 23.461903 22.440506 22.709784 21.41458 22.697174 23.340887 23.241386 23.350155 23.800705 23.625364 23.565826 24.24132 24.57655 24.499704 24.509275 -32767.0 -32767.0 -32767.0 -32767.0 -32767.0 -32767.0 -32767.0 -32767.0 -32767.0 -32767.0 24.358076 24.711765 -32767.0 -32767.0 -32767.0 -32767.0 -32767.0 -32767.0 -32767.0 24.458517 -32767.0 -32767.0 -32767.0 -32767.0 -32767.0 24.143444
23.98567 24.12046 24.01153 23.755264 23.778177 23.63157 23.491865 23.350523 23.01415 21.853102 21.199375 20.698975 -32767.0 24.565958 -32767.0 24.583807 -32767.0 24.574757 -32767.0 21.715647 22.103807 22.039642 22.088686 21.945251 23.108997 23.326935 23.551977 23.665043 23.731884 23.861929 24.413012 24.684982 24.661366 -32767.0 -32767.0 -32767.0 -32767.0 -32767.0 -32767.0 -32767.0 -32767.0 24.170134 24.70683 24.432499 24.491255 23.375246 23.488344 23.681965 24.378777 -32767.0 -32767.0 -32767.0 -32767.0 -32767.0 24.482643 24.544323 24.049778 24.502855 24.918474 24.864853 23.887955
24.16489 24.364008 24.279373 24.279285 24.125467 24.052677 23.953936 23.945751 23.678246 22.946522 22.27921 20.974686 20.560839 21.131922 21.77671 21.549639 21.570005 20.822414 21.318678 21.508314 22.026482 21.333359 21.464354 22.667316 -32767.0 23.822254 23.381256 24.009472 23.903835 24.479847 24.944717 -32767.0 -32767.0 -32767.0 -32767.0 -32767.0 24.149874 24.33451 23.038889 23.458841 24.062857 24.196756 25.365854 -32767.0 -32767.0 24.38954 24.314497 24.042582 -32767.0 -32767.0 -32767.0 -32767.0 -32767.0 24.455154 23.176388 25.155754 26.541496 26.414314 26.132292 26.080912 26.080585
24.089079 24.252785 24.369665 24.398022 24.287745 24.24044 24.324074 24.233868 23.4202 23.443363 23.614035 23.020317 21.992186 21.940762 22.158272 22.349417 22.385967 22.15939 22.600054 22.29481 23.639336 23.33528 23.263695 23.75538 23.766085 23.704908 24.559345 24.648998 24.841013 24.842571 25.227255 26.885876 -32767.0 25.34222 25.039557 -32767.0 23.830061 23.853228 24.599522 -32767.0 25.3831 25.449055 -32767.0 -32767.0 -32767.0 -32767.0 24.123074 24.347525 -32767.0 -32767.0 -32767.0 -32767.0 24.94017 25.69446 25.886442 26.000425 26.076126 26.170755 26.302948 26.34572 26.39214
24.800077 24.575914 24.681044 24.658604 24.641216 24.598577 24.636782 24.686838 24.670273 24.674515 24.681702 24.613375 24.4709 24.659462 24.413683 24.24389 24.000992 24.249142 24.47057 24.54461 24.086805 24.977709 24.999996 24.884811 24.882408 24.71548 -32767.0 24.910345 25.265245 -32767.0 -32767.0 27.199722 25.636887 25.40743 24.330742 24.12395 24.562958 24.92138 -32767.0 -32767.0 -32767.0 -32767.0 -32767.0 -32767.0 -32767.0 -32767.0 23.740263 24.106289 23.969398 -32767.0 -32767.0 24.208317 25.29558 25.551857 25.77856 26.048521 26.211388 26.487808 26.599228 26.423193 26.262321
24.585627 24.56202 24.608006 24.8223 25.008883 24.952532 25.03861 25.056993 25.078327 25.030462 24.856543 24.737886 25.080326 -32767.0 -32767.0 24.26917 24.813177 25.285822 25.27859 25.176687 25.144642 25.376898 25.182364 25.11281 25.1575 24.622679 24.77414 25.514872 -32767.0 -32767.0 -32767.0 -32767.0 -32767.0 -32767.0 23.962181 24.308401 25.174923 -32767.0 -32767.0 -32767.0 -32767.0 -32767.0 25.693901 -32767.0 23.996576 24.961386 25.405342 25.621752 24.717442 23.797684 -32767.0 25.123869 25.396292 25.612318 25.987898 26.13637 26.48413 26.760315 26.705557 26.521708 26.291872
