static/data/thetao/2023/7/6/6.asc
ncols 137
nrows 93
xllcorner 108.0
yllcorner 17.0
cellsize 0.25
NODATA_value -32767
[rows 54 to 80 of 93, columns 0 to 60 of 137]
-32767.0 -32767.0 -32767.0 -32767.0 -32767.0 -32767.0 -32767.0 -32767.0 -32767.0 -32767.0 -32767.0 -32767.0 -32767.0 -32767.0 -32767.0 -32767.0 -32767.0 -32767.0 -32767.0 -32767.0 -32767.0 -32767.0 -32767.0 -32767.0 -32767.0 -32767.0 -32767.0 -32767.0 -32767.0 -32767.0 -32767.0 -32767.0 -32767.0 -32767.0 -32767.0 -32767.0 -32767.0 -32767.0 -32767.0 -32767.0 -32767.0 -32767.0 -32767.0 -32767.0 -32767.0 -32767.0 -32767.0 -32767.0 25.07307 24.313505 24.356184 25.70724 27.022293 27.93388 28.494282 28.04856 28.82149 29.277271 29.219486 29.081268 28.909697
-32767.0 -32767.0 -32767.0 -32767.0 -32767.0 -32767.0 -32767.0 -32767.0 -32767.0 -32767.0 -32767.0 -32767.0 -32767.0 -32767.0 -32767.0 -32767.0 -32767.0 -32767.0 -32767.0 -32767.0 -32767.0 -32767.0 -32767.0 -32767.0 -32767.0 -32767.0 -32767.0 -32767.0 -32767.0 -32767.0 -32767.0 -32767.0 -32767.0 -32767.0 -32767.0 -32767.0 -32767.0 -32767.0 -32767.0 -32767.0 -32767.0 -32767.0 -32767.0 -32767.0 -32767.0 -32767.0 -32767.0 30.206755 -32767.0 24.584482 25.264389 26.38459 27.595228 28.977905 29.694305 28.95607 29.269154 29.315718 29.124376 29.117931 28.975384
-32767.0 -32767.0 -32767.0 -32767.0 -32767.0 -32767.0 -32767.0 -32767.0 -32767.0 -32767.0 -32767.0 -32767.0 -32767.0 -32767.0 -32767.0 -32767.0 -32767.0 -32767.0 -32767.0 -32767.0 -32767.0 -32767.0 -32767.0 -32767.0 -32767.0 -32767.0 -32767.0 -32767.0 -32767.0 -32767.0 -32767.0 -32767.0 -32767.0 -32767.0 -32767.0 -32767.0 -32767.0 -32767.0 -32767.0 -32767.0 -32767.0 -32767.0 -32767.0 -32767.0 -32767.0 -32767.0 -32767.0 29.545286 24.125444 24.360014 25.593063 26.66482 27.944742 29.457481 29.8635 29.260624 29.464743 29.126875 28.571966 29.136883 29.736721
-32767.0 -32767.0 -32767.0 -32767.0 -32767.0 -32767.0 -32767.0 -32767.0 -32767.0 -32767.0 -32767.0 -32767.0 -32767.0 -32767.0 -32767.0 -32767.0 -32767.0 -32767.0 -32767.0 -32767.0 -32767.0 -32767.0 -32767.0 -32767.0 -32767.0 -32767.0 -32767.0 -32767.0 -32767.0 -32767.0 -32767.0 -32767.0 -32767.0 -32767.0 -32767.0 -32767.0 -32767.0 -32767.0 -32767.0 -32767.0 -32767.0 -32767.0 -32767.0 -32767.0 -32767.0 -32767.0 -32767.0 28.645006 23.62758 24.489576 26.087502 27.531961 28.521826 30.01406 29.631155 29.327942 28.241066 29.516064 29.972515 30.57371 30.77455
-32767.0 -32767.0 -32767.0 -32767.0 -32767.0 -32767.0 -32767.0 -32767.0 -32767.0 -32767.0 -32767.0 -32767.0 -32767.0 -32767.0 -32767.0 -32767.0 -32767.0 -32767.0 -32767.0 -32767.0 -32767.0 -32767.0 -32767.0 -32767.0 -32767.0 -32767.0 -32767.0 -32767.0 -32767.0 -32767.0 -32767.0 -32767.0 -32767.0 -32767.0 -32767.0 -32767.0 -32767.0 -32767.0 -32767.0 -32767.0 -32767.0 -32767.0 -32767.0 -32767.0 -32767.0 30.754246 -32767.0 28.030842 23.752941 25.631742 26.742077 27.704334 28.925304 29.930931 29.346817 27.996838 29.573153 29.922132 30.290934 30.801489 30.961565
-32767.0 -32767.0 -32767.0 -32767.0 -32767.0 -32767.0 -32767.0 -32767.0 -32767.0 -32767.0 -32767.0 -32767.0 -32767.0 -32767.0 -32767.0 -32767.0 -32767.0 -32767.0 -32767.0 -32767.0 -32767.0 -32767.0 -32767.0 -32767.0 -32767.0 -32767.0 -32767.0 -32767.0 -32767.0 -32767.0 -32767.0 -32767.0 -32767.0 -32767.0 -32767.0 -32767.0 -32767.0 -32767.0 -32767.0 -32767.0 -32767.0 -32767.0 -32767.0 -32767.0 -32767.0 -32767.0 27.138481 24.400265 25.122313 26.922445 27.636332 27.727226 29.173111 29.660248 29.78948 30.147139 29.569765 29.663834 31.049698 31.01702 30.955896
-32767.0 -32767.0 -32767.0 -32767.0 -32767.0 -32767.0 -32767.0 -32767.0 -32767.0 -32767.0 -32767.0 -32767.0 -32767.0 -32767.0 -32767.0 -32767.0 -32767.0 -32767.0 -32767.0 -32767.0 -32767.0 -32767.0 -32767.0 -32767.0 -32767.0 -32767.0 -32767.0 -32767.0 -32767.0 -32767.0 -32767.0 -32767.0 -32767.0 -32767.0 -32767.0 -32767.0 -32767.0 -32767.0 -32767.0 -32767.0 -32767.0 -32767.0 -32767.0 -32767.0 28.872704 25.772375 24.543852 25.531015 27.211 27.18516 28.705343 28.759792 -32767.0 -32767.0 -32767.0 -32767.0 30.763512 31.137505 31.047707 31.005787 30.8888
-32767.0 -32767.0 -32767.0 -32767.0 -32767.0 -32767.0 -32767.0 -32767.0 -32767.0 -32767.0 -32767.0 -32767.0 -32767.0 -32767.0 -32767.0 -32767.0 -32767.0 -32767.0 -32767.0 -32767.0 -32767.0 -32767.0 -32767.0 -32767.0 -32767.0 -32767.0 -32767.0 -32767.0 -32767.0 -32767.0 -32767.0 -32767.0 -32767.0 -32767.0 -32767.0 -32767.0 -32767.0 -32767.0 -32767.0 -32767.0 -32767.0 -32767.0 -32767.0 26.183811 24.735386 25.595955 27.229017 27.18235 27.21904 27.75687 28.928234 29.321474 -32767.0 -32767.0 -32767.0 -32767.0 30.788733 30.886614 30.798216 30.865671 30.69009
-32767.0 -32767.0 -32767.0 -32767.0 -32767.0 -32767.0 -32767.0 -32767.0 -32767.0 -32767.0 -32767.0 -32767.0 -32767.0 -32767.0 -32767.0 -32767.0 -32767.0 -32767.0 -32767.0 -32767.0 -32767.0 -32767.0 -32767.0 -32767.0 -32767.0 -32767.0 -32767.0 -32767.0 -32767.0 -32767.0 -32767.0 -32767.0 -32767.0 -32767.0 -32767.0 -32767.0 -32767.0 -32767.0 -32767.0 -32767.0 -32767.0 29.388725 29.156143 25.474596 26.303957 28.222761 28.65524 27.51489 28.085196 28.56643 29.054983 -32767.0 -32767.0 -32767.0 -32767.0 -32767.0 30.560974 30.736868 30.836258 30.761005 30.260769
-32767.0 -32767.0 -32767.0 -32767.0 -32767.0 -32767.0 -32767.0 -32767.0 -32767.0 -32767.0 -32767.0 -32767.0 -32767.0 -32767.0 -32767.0 -32767.0 -32767.0 -32767.0 -32767.0 -32767.0 -32767.0 -32767.0 -32767.0 -32767.0 -32767.0 -32767.0 -32767.0 -32767.0 -32767.0 -32767.0 -32767.0 -32767.0 -32767.0 -32767.0 -32767.0 -32767.0 -32767.0 -32767.0 -32767.0 -32767.0 -32767.0 26.882662 25.166819 26.37942 26.496166 28.90783 29.254457 29.133472 28.908117 27.814837 30.779879 -32767.0 -32767.0 -32767.0 -32767.0 30.546562 30.751328 30.99178 31.12961 31.027105 30.295486
-32767.0 -32767.0 -32767.0 -32767.0 -32767.0 -32767.0 -32767.0 -32767.0 -32767.0 -32767.0 -32767.0 -32767.0 -32767.0 -32767.0 -32767.0 -32767.0 -32767.0 -32767.0 -32767.0 -32767.0 -32767.0 -32767.0 -32767.0 -32767.0 -32767.0 -32767.0 -32767.0 -32767.0 -32767.0 -32767.0 -32767.0 -32767.0 -32767.0 -32767.0 -32767.0 -32767.0 -32767.0 -32767.0 -32767.0 28.275305 26.267942 24.988626 24.784317 25.67699 28.606592 29.562702 29.526192 28.134995 30.012432 31.234028 -32767.0 -32767.0 -32767.0 -32767.0 -32767.0 30.462536 30.973162 31.27121 31.170038 30.933666 30.415064
-32767.0 -32767.0 -32767.0 -32767.0 -32767.0 -32767.0 -32767.0 -32767.0 -32767.0 -32767.0 -32767.0 -32767.0 -32767.0 -32767.0 -32767.0 -32767.0 -32767.0 -32767.0 -32767.0 -32767.0 -32767.0 -32767.0 -32767.0 -32767.0 -32767.0 -32767.0 -32767.0 -32767.0 -32767.0 -32767.0 -32767.0 -32767.0 -32767.0 -32767.0 -32767.0 -32767.0 -32767.0 -32767.0 26.507378 24.779615 23.957209 24.080126 25.482435 29.460598 29.923426 29.847818 29.342653 29.557135 30.48665 31.159815 -32767.0 -32767.0 -32767.0 -32767.0 -32767.0 30.757448 30.97097 30.979319 30.921213 30.787907 30.225697
-32767.0 -32767.0 -32767.0 -32767.0 -32767.0 -32767.0 -32767.0 -32767.0 -32767.0 -32767.0 -32767.0 -32767.0 -32767.0 -32767.0 -32767.0 -32767.0 -32767.0 -32767.0 -32767.0 -32767.0 -32767.0 -32767.0 -32767.0 -32767.0 -32767.0 -32767.0 -32767.0 -32767.0 -32767.0 -32767.0 -32767.0 -32767.0 -32767.0 -32767.0 -32767.0 -32767.0 26.215334 24.371273 23.255812 23.688002 24.998484 26.59206 28.973555 29.529783 30.093395 29.93298 -32767.0 30.020481 30.54132 -32767.0 -32767.0 -32767.0 -32767.0 -32767.0 30.142126 30.540968 30.905067 30.79931 30.558092 30.413965 29.86404
-32767.0 -32767.0 -32767.0 -32767.0 -32767.0 -32767.0 -32767.0 -32767.0 -32767.0 -32767.0 -32767.0 -32767.0 -32767.0 -32767.0 -32767.0 -32767.0 -32767.0 -32767.0 -32767.0 -32767.0 -32767.0 -32767.0 -32767.0 -32767.0 -32767.0 -32767.0 -32767.0 -32767.0 -32767.0 -32767.0 -32767.0 -32767.0 -32767.0 -32767.0 -32767.0 25.138582 23.168879 23.268925 24.286257 25.23934 27.469284 28.593168 29.804386 30.159584 30.850286 30.000761 -32767.0 30.512667 30.454763 -32767.0 -32767.0 -32767.0 -32767.0 -32767.0 30.426044 30.757845 30.483644 30.505423 29.974974 29.760412 29.650198
-32767.0 -32767.0 -32767.0 -32767.0 -32767.0 -32767.0 -32767.0 -32767.0 -32767.0 -32767.0 -32767.0 -32767.0 -32767.0 -32767.0 -32767.0 -32767.0 -32767.0 -32767.0 -32767.0 -32767.0 -32767.0 -32767.0 -32767.0 -32767.0 -32767.0 -32767.0 -32767.0 -32767.0 -32767.0 -32767.0 -32767.0 -32767.0 -32767.0 -32767.0 -32767.0 24.00395 24.49178 26.619518 27.5344 27.826424 28.518484 29.345491 29.149384 25.47859 20.926012 23.251287 29.922077 30.711235 30.86886 -32767.0 -32767.0 -32767.0 -32767.0 -32767.0 30.488558 30.735561 30.377699 30.130548 29.232174 29.216118 29.408052
-32767.0 -32767.0 -32767.0 -32767.0 -32767.0 -32767.0 -32767.0 -32767.0 -32767.0 -32767.0 -32767.0 -32767.0 -32767.0 -32767.0 -32767.0 -32767.0 -32767.0 -32767.0 -32767.0 -32767.0 -32767.0 -32767.0 -32767.0 -32767.0 -32767.0 -32767.0 -32767.0 31.041422 -32767.0 28.836494 -32767.0 26.889149 26.376741 26.08856 26.18058 26.632397 27.269209 27.876518 28.44296 28.87805 30.17864 28.110752 29.627914 25.785358 27.498693 29.190468 30.62326 30.737408 30.654774 -32767.0 -32767.0 -32767.0 -32767.0 28.918892 30.348698 30.407867 29.885616 29.423187 29.111301 29.135178 29.167961
-32767.0 -32767.0 -32767.0 -32767.0 -32767.0 -32767.0 -32767.0 -32767.0 -32767.0 -32767.0 -32767.0 -32767.0 -32767.0 -32767.0 -32767.0 -32767.0 -32767.0 -32767.0 -32767.0 -32767.0 -32767.0 -32767.0 -32767.0 31.449387 -32767.0 -32767.0 25.818895 26.61109 27.108929 27.436691 27.636545 27.776585 28.019075 27.870708 27.93581 28.623114 28.796358 29.399382 29.57525 30.060516 30.351408 30.022732 30.414188 30.334097 30.515455 30.442461 30.372904 30.448324 30.598894 30.753914 -32767.0 -32767.0 29.397364 28.724644 30.218908 29.987442 29.649979 29.41578 29.100145 29.308928 29.254791
-32767.0 -32767.0 -32767.0 -32767.0 -32767.0 -32767.0 -32767.0 -32767.0 -32767.0 -32767.0 -32767.0 -32767.0 -32767.0 -32767.0 -32767.0 -32767.0 -32767.0 -32767.0 -32767.0 -32767.0 -32767.0 -32767.0 -32767.0 31.685238 31.488579 28.391815 27.678297 28.014555 28.410635 28.7777 29.285534 29.535757 29.717066 29.661509 29.72989 29.984795 30.176815 30.212059 30.214462 30.18841 30.20833 30.19238 30.210474 30.225737 30.33157 30.42061 30.455492 30.455929 30.4011 30.43772 30.522926 -32767.0 29.378962 27.686802 29.642517 29.501621 29.699223 29.709703 29.222912 29.459225 29.268553
-32767.0 -32767.0 -32767.0 -32767.0 -32767.0 -32767.0 -32767.0 -32767.0 -32767.0 -32767.0 -32767.0 -32767.0 -32767.0 -32767.0 -32767.0 -32767.0 -32767.0 -32767.0 -32767.0 -32767.0 32.168877 31.28215 30.220339 29.090366 27.554256 -32767.0 28.639812 29.296707 29.765635 30.094477 30.23105 30.247442 30.198683 30.125532 30.112503 30.114847 30.094107 30.102005 30.09488 30.12324 30.188217 30.198854 30.269455 30.350616 30.414524 30.444654 30.477192 30.507727 30.4414 30.420843 30.390257 -32767.0 27.535002 28.471998 29.941254 29.924921 30.091383 30.029219 29.461933 29.063372 29.316765
-32767.0 -32767.0 31.448643 -32767.0 -32767.0 -32767.0 -32767.0 -32767.0 -32767.0 -32767.0 -32767.0 -32767.0 -32767.0 -32767.0 -32767.0 -32767.0 31.792269 -32767.0 31.412344 31.612556 29.634659 28.682337 28.501976 29.011765 28.52241 29.017056 29.941872 30.14863 30.147621 30.17218 30.20488 30.124264 30.113169 30.207432 30.294743 30.318487 30.292883 30.252075 30.243483 30.239187 30.292433 30.351715 30.372494 30.402065 30.499086 30.50143 30.513948 30.532696 30.491247 30.424397 30.471382 30.692778 30.398157 30.535711 30.27261 30.204018 29.90445 29.642994 29.608038 29.228487 29.386906
-32767.0 31.095615 31.185658 31.142418 31.354277 -32767.0 32.22303 32.056942 -32767.0 -32767.0 -32767.0 -32767.0 -32767.0 31.98073 31.472439 30.104855 29.276663 29.360376 29.255209 29.321867 29.53614 29.594948 29.796505 29.824272 29.893406 30.086046 30.011494 30.033169 30.098715 30.10112 30.134554 30.151722 30.226223 30.286474 30.323818 30.32165 30.323414 30.32642 30.347874 30.356232 30.396164 30.313126 30.456762 30.501842 30.59247 30.6006 30.549175 30.806824 30.734495 30.703222 30.67005 30.549335 30.470766 30.338669 30.231197 30.096834 29.917807 29.813131 29.728115 29.322134 29.183563
30.821663 29.694254 29.965979 30.465233 30.941315 31.192019 31.737246 32.242817 -32767.0 -32767.0 -32767.0 31.29251 30.46803 29.773048 29.627153 29.3701 29.500534 29.616806 29.551146 29.564476 29.562782 29.506433 29.600897 29.660303 29.931334 29.979214 30.002617 30.028507 30.038658 30.08673 30.125933 30.172909 30.191881 30.227034 30.312494 30.378847 30.383707 30.369535 30.395924 30.371557 30.262007 30.480816 30.548975 30.615442 30.530163 30.637598 30.79802 30.832455 30.701904 30.736786 30.692633 30.623287 30.524412 30.4564 30.029722 29.91593 29.836344 29.867165 29.587048 29.309 29.348488
28.610401 29.543598 29.919811 30.072773 30.352879 30.794975 31.706358 -32767.0 -32767.0 31.989485 -32767.0 28.485502 29.317757 29.486706 29.434605 29.620348 29.514381 29.45797 29.342905 29.172663 29.13241 29.262949 29.410444 29.56653 29.58545 29.6769 29.856125 29.953348 30.086775 30.13753 30.121904 30.13578 30.272333 30.296707 30.364262 30.333654 30.29448 30.181528 30.159502 30.29511 30.462173 30.536333 30.612072 30.579485 30.689772 30.839045 30.820953 30.860739 30.748922 30.78273 30.713366 30.634731 30.417646 30.082691 29.941755 29.993711 29.9407 29.689247 29.485813 29.359531 29.481365
30.009087 30.096666 30.224054 30.338493 30.48506 30.778036 31.712666 32.51584 -32767.0 -32767.0 31.317099 29.42725 29.915363 29.663048 29.587011 29.73753 29.514637 29.204695 29.08353 29.303751 29.43267 29.427034 29.649527 29.979279 29.918829 29.92807 30.025343 30.068834 30.183739 30.134367 30.15505 30.295052 30.21383 30.28402 30.374483 30.396648 30.453814 30.25452 30.307192 30.436625 30.570698 30.620487 30.666988 30.712528 30.860058 30.802147 30.738506 30.799301 30.840376 30.888145 30.83282 30.733326 30.494852 30.358507 30.351042 29.805819 29.65486 29.601765 29.543081 29.515682 29.595608
29.980494 30.060925 30.246864 30.383957 30.6255 30.975801 31.255108 32.035595 -32767.0 -32767.0 31.16792 30.864496 30.472929 29.643305 29.652044 29.7013 29.720778 29.653929 29.578997 29.535936 29.275717 29.511732 29.990599 30.133827 30.097979 30.066246 30.02995 30.118643 30.167511 30.181393 30.338694 30.336878 30.240986 30.299036 30.377157 30.284212 30.341608 30.324823 30.405876 30.418465 30.665428 30.78021 30.727293 30.799404 30.886961 30.762915 30.752958 30.771095 30.913334 30.908827 30.99775 30.935734 30.928963 30.833662 30.694973 30.62776 -32767.0 29.989925 29.68599 29.706917 29.614326
29.73327 29.90907 30.12271 30.408646 30.703527 31.283998 31.421692 31.636337 31.54668 31.35483 30.79107 30.796282 30.492016 29.871717 29.426708 28.357178 28.123508 28.308546 28.501411 28.827084 29.082668 29.838299 30.15724 30.078766 30.02798 30.009798 30.013218 30.076113 30.192135 30.368439 30.391582 30.417831 30.387291 30.328016 30.33273 30.34668 30.334028 30.34664 30.447588 30.386168 30.556587 30.720037 30.776114 30.823309 30.749052 30.761232 30.878685 30.983704 31.069168 31.066336 31.065325 31.013643 31.132076 31.120636 30.991846 30.80506 31.001677 30.526222 29.891468 29.846226 29.69023
29.885233 29.815968 29.919981 30.255325 30.617395 31.571793 31.593582 31.932442 31.482643 -32767.0 -32767.0 -32767.0 30.260532 29.775106 27.772243 27.341894 27.899925 28.682962 29.165766 29.393696 29.494343 30.065233 30.135794 30.04613 30.049889 29.999466 29.991274 30.107733 30.367718 30.453777 30.488207 30.518507 30.55566 30.538364 30.450737 30.347971 30.360489 30.418217 30.539433 30.460718 30.521484 30.621964 30.675833 30.705276 30.798296 30.880564 31.05014 31.227236 31.201927 31.23393 31.241756 31.156294 30.985111 31.256495 31.295639 31.15671 31.288872 31.074394 30.237558 29.855732 29.862806
