static/data/seaWater_uo/2023/7/17/12.asc
ncols 137
nrows 93
xllcorner 108.0
yllcorner 17.0
cellsize 0.25
NODATA_value -32767
[rows 0 to 25 of 93, columns 58 to 115 of 137]
-32767.0 -32767.0 -32767.0 -32767.0 -32767.0 -32767.0 -32767.0 -32767.0 -32767.0 -32767.0 -32767.0 -32767.0 -32767.0 -32767.0 -32767.0 -32767.0 -32767.0 -32767.0 -32767.0 -32767.0 -32767.0 -32767.0 -0.1040377 -0.12725158 -0.34815326 -0.10639682 0.18018052 0.21408522 0.16883373 0.06713931 -0.0010124757 0.022900404 0.15810822 0.24826626 0.26444665 0.34905127 0.20799561 0.27596727 0.15322739 0.20529632 0.17420737 0.16024914 0.14132585 0.16860002 0.032152664 0.035235893 0.07747251 0.12879738 0.061602324 -0.17089671 -0.0039659687 0.13702218 0.27348503 0.23967847 0.31707448 0.3676264 0.30202678 0.47597155
-32767.0 -32767.0 -32767.0 0.064330675 0.02090154 0.098145664 0.05473435 0.02551916 0.0152204735 0.002038807 -32767.0 -32767.0 -32767.0 -32767.0 -32767.0 -32767.0 -32767.0 -32767.0 -32767.0 -32767.0 -32767.0 0.21976528 0.3088723 0.007948573 0.07656298 0.2002232 0.45196173 0.55177486 0.4421485 0.15139043 -0.0021355366 -0.00488059 0.16790414 0.35534152 0.40811664 0.22814485 0.16525792 0.15148391 0.17391317 0.015941832 0.009714062 -0.007131608 0.20224553 0.15874921 0.0038383156 -0.39480495 -0.30970508 -0.29766685 -0.24815826 -0.09194319 0.21895184 0.39254546 0.4445006 0.43000183 0.3219583 0.21091945 0.010778597 0.09231
-32767.0 0.04330874 -32767.0 0.06615919 0.050790105 0.038797665 0.016635515 -0.005557406 -0.011922738 0.026656728 0.050309908 0.046358176 -32767.0 -32767.0 -32767.0 -32767.0 -32767.0 -32767.0 -32767.0 -32767.0 -32767.0 0.17972007 0.20101981 0.077011175 0.03901594 0.36116847 0.37862682 0.36736423 0.4756194 0.58618206 0.51698554 0.40829083 0.40417373 0.3334632 0.2309224 0.15434696 -0.026583495 -0.078841865 -0.07546527 -0.025193792 0.045727458 0.25242686 0.26685587 0.2884553 0.07198533 -0.27684784 -0.32245207 -0.25471357 -0.07825774 -0.13340865 -0.061022967 0.19432418 0.092672646 0.021939388 -0.012597494 -0.14493264 -0.26295644 -0.045438148
0.073953465 -32767.0 -0.030611044 -0.009103954 -0.04411862 0.02315189 -0.004261221 0.0097780945 0.018723032 0.0276303 0.030799692 0.0104737645 -32767.0 -32767.0 -32767.0 -32767.0 -32767.0 -32767.0 -32767.0 -32767.0 0.09425719 0.22060786 0.40233922 0.14108872 0.09759033 0.19351709 -0.3081262 -0.18544464 0.086112306 0.47508448 0.4854574 0.5234084 0.3966223 0.36422023 0.2521658 0.2150117 0.04460447 -0.053273045 -0.053604074 0.06159376 0.24696127 0.33902887 0.34246567 0.3223704 0.18580507 0.15854268 -0.11822891 -0.17201899 -0.20756051 -0.18889445 -0.2729999 -0.1883146 -0.0746066 -0.20698708 -0.34303823 -0.18763717 -0.08894127 -0.14304556
-0.09085333 -32767.0 0.017586533 0.029702786 0.12315293 0.13430992 0.07838049 0.026262304 -0.02818882 0.050274618 -0.028826918 -32767.0 -32767.0 -32767.0 -32767.0 -32767.0 -32767.0 -32767.0 -32767.0 -32767.0 -32767.0 -32767.0 0.22754388 0.15404776 0.0816331 0.008896262 -0.263786 -0.14697404 0.08087497 0.22320151 0.2990619 0.35669997 0.39131996 0.4199737 0.36155963 0.53712285 0.52603745 0.42767584 0.34762034 0.34432355 0.33824664 0.25652897 -0.029559793 0.0561542 0.07771809 0.12169649 0.12612587 -0.03149307 -0.036260623 0.06928887 0.1410281 0.2054971 0.11964496 -0.03633019 -0.3624925 -0.3952623 -0.30561367 -0.27582005
-0.13775817 -0.09252859 -0.009931517 0.090781145 0.20019998 0.20291221 0.050146136 0.06454926 0.051562805 0.057854764 -0.003947584 -32767.0 -32767.0 -32767.0 -32767.0 -32767.0 -32767.0 -32767.0 -32767.0 -32767.0 -32767.0 -32767.0 -32767.0 0.2842893 0.016912742 -0.083783336 -0.13700742 -0.081166096 -0.09402652 0.1026321 0.1867317 0.18002671 0.22387521 0.41539025 0.55937207 0.6115156 0.5643031 0.50096065 0.41161495 0.22733726 0.12973492 -0.13377364 -0.37813637 -0.4277732 -0.29605386 -0.06887484 0.07665785 0.13035826 0.1797387 0.38371164 0.51445675 0.38084966 0.44930926 0.30540177 0.29686442 0.13937366 -0.08165892 -0.15799598
0.00695703 -0.023840271 0.047622357 0.13844354 0.22605555 0.16046895 0.16611037 0.1099679 0.120559484 0.13283786 0.04561062 -32767.0 -32767.0 -32767.0 -32767.0 -32767.0 -32767.0 -32767.0 -32767.0 -32767.0 -32767.0 -32767.0 -32767.0 -32767.0 0.13635838 -0.05546984 -0.03362426 -0.11311825 -0.17312403 -0.12942576 0.026584316 0.053319033 0.0330357 0.031629413 0.08791815 0.09006852 0.100794256 0.011830038 0.057922676 0.14032215 0.047567353 -0.2781158 -0.6085557 -0.5801744 -0.44683585 -0.23076099 0.16243775 0.49814606 0.60082555 0.52927184 0.3003445 0.09998731 0.08568716 0.084936954 0.05314216 0.16381605 -0.03044307 -0.10161097
-0.08723122 -0.044645622 0.020113003 0.09925334 0.15913996 0.15723737 0.22405466 0.28857297 0.26671487 0.047431387 -32767.0 -32767.0 -32767.0 -32767.0 -32767.0 -32767.0 -32767.0 -32767.0 -32767.0 -32767.0 -32767.0 -32767.0 -32767.0 -32767.0 -32767.0 0.12940611 -0.04859973 -0.11022767 -0.22938746 0.02884631 0.12292161 -0.027820779 -0.13122764 -0.13940558 -0.17484568 -0.23442085 -0.16716 -0.0191883 0.05683133 0.043590996 -0.038320143 -0.15408194 -0.17189284 -0.118389994 -0.02890859 0.21510638 0.36733875 0.43665645 0.33460128 0.13954729 -0.05808474 -0.25590527 -0.29450867 -0.33632544 -0.08831483 0.3005888 0.46137062 0.46952632
-0.084335245 -0.08630097 0.06395224 0.10725008 0.16402103 0.31481928 0.35501304 0.08069963 0.067145094 -32767.0 -0.018195806 -32767.0 -32767.0 -32767.0 -32767.0 -32767.0 -32767.0 -32767.0 -32767.0 -32767.0 -32767.0 -32767.0 -32767.0 -32767.0 -32767.0 0.16872637 0.02280785 0.18142784 0.25486186 0.013592834 0.10834099 -0.012350478 -0.15986323 -0.108500265 -0.26824513 -0.21653846 -0.037384402 -0.048187155 -0.28407583 -0.24657209 -0.19819807 -0.05317825 0.20778233 0.47876918 0.5735918 0.56664425 0.4214399 0.3235145 0.17300007 0.004583662 -0.09158282 -0.19625328 -0.20243835 -0.16496159 0.04187638 0.14769486 0.12149874 0.07781932
0.08115357 -0.015631815 0.023747884 0.108614914 0.23244707 0.33293223 0.28991747 0.25509652 0.08361408 -0.3580301 -0.28811026 -0.04735904 -0.07398205 -0.072381005 -0.05206957 -0.033074163 -32767.0 -32767.0 -32767.0 -32767.0 -32767.0 -32767.0 -32767.0 -32767.0 -32767.0 -32767.0 0.114896834 0.20259526 -0.035010405 0.0074897446 0.02717469 0.23182687 0.27115884 0.18964863 0.109298766 0.048259452 0.031283695 -0.2152746 -0.41296232 -0.4179433 -0.25784913 0.13507187 0.29525155 0.28980038 0.31336334 0.17505828 0.0956834 0.06383032 -0.020618886 -0.01794358 0.03884056 0.15917096 0.18572968 0.22314596 0.15058061 0.07406064 0.23011047 0.36745977
0.1824125 0.18355457 -0.010580002 0.092396766 0.14138219 0.17120878 0.2457554 0.29280078 0.28582108 0.14602281 -0.04123741 -0.013041546 -0.023042316 -0.07619143 -0.07543864 -0.030121077 -32767.0 -32767.0 -32767.0 -32767.0 -32767.0 -32767.0 -32767.0 -32767.0 -32767.0 -32767.0 -32767.0 0.1704429 -0.17296949 0.12755387 0.011023648 0.11265883 0.3480813 0.23857163 0.16327624 0.11504561 0.12446905 -0.010442569 -0.03923579 -0.052493673 0.18152627 0.14876159 0.17582607 0.12121484 -0.07591225 -0.12445949 -0.06388777 -0.22584657 -0.29651803 -0.16192995 0.014142859 0.103689216 0.16534507 0.116211936 -0.05158321 -0.23616056 0.06851231 0.325848
-32767.0 0.09655464 -0.032307193 -0.014804415 0.071293205 0.08070387 0.11684033 0.19407687 0.20584714 0.15520644 -0.006612058 -0.1343787 -0.008616005 -0.040023834 -0.03961795 -0.050967727 0.0040755924 0.006807287 -32767.0 -32767.0 -32767.0 -32767.0 -32767.0 -32767.0 -32767.0 -32767.0 -32767.0 -32767.0 0.012829229 0.0032713562 0.24944814 0.09031187 0.27522767 0.28342018 0.30726027 0.2575944 0.1817908 0.12614755 0.1250768 0.113456205 0.13361478 -0.06652802 -0.07556913 -0.026144212 -0.058371272 -0.11802793 -0.17643937 -0.20550117 -0.16919366 -0.03786605 -0.0119561795 0.015829992 -0.09950385 -0.17214814 0.08262226 0.2220644 0.041575868 -32767.0
-32767.0 0.053470492 0.13317709 0.20927176 0.08832531 0.07011644 0.08197677 0.03467205 0.013817852 -0.07929564 -0.2089574 -0.13705422 -0.1390971 -0.0422787 0.026953753 0.02999146 -32767.0 -0.08154023 -32767.0 -32767.0 -32767.0 -32767.0 -32767.0 -32767.0 -32767.0 -32767.0 -32767.0 -32767.0 0.047241945 0.117956154 0.14762726 0.018146247 0.20020607 0.31340432 0.263411 0.31576794 0.31850892 0.25481933 0.15117012 0.14453611 0.05816055 -0.08832288 -0.036789786 0.036499187 -0.039352793 0.038341105 0.029035749 0.057443887 0.13315494 0.13154107 0.06961834 0.06681609 -0.07090232 0.09901359 0.38131297 0.5846509 0.19931643 -32767.0
0.09843617 0.17825404 0.13446432 0.0927615 0.060960587 0.075470604 0.05500877 -0.07196318 -0.15799475 -0.28935966 -0.30656195 -0.16379224 -0.101420686 -0.018159708 -0.107626274 -32767.0 -32767.0 -32767.0 -32767.0 -32767.0 -32767.0 -32767.0 -32767.0 -32767.0 -32767.0 -32767.0 -32767.0 -32767.0 0.01875416 0.028915584 0.3015889 0.096808665 0.17204362 0.29479092 0.4161209 0.3385315 0.32773757 0.310643 0.3016134 0.152401 0.04848444 -0.009052927 -0.0770753 0.0738425 0.05478193 0.056407627 0.16295603 0.17318118 0.13105243 0.16306502 0.14635526 0.22984806 0.17470093 -0.17531437 -0.19443521 0.17057437 -0.30532894 -0.22292407
0.06168636 -0.11455348 0.049172238 0.072452165 0.037537433 -0.003950554 -0.047262575 -0.09005846 -0.16393271 -0.28977743 -0.31010687 -0.18243602 -0.11760145 -0.054784212 -0.16896473 -0.04932543 -32767.0 -32767.0 -32767.0 -32767.0 -32767.0 -32767.0 -32767.0 -32767.0 -32767.0 -32767.0 -32767.0 -32767.0 0.08224074 0.111161985 0.34579048 0.3747558 0.18962117 0.2522285 0.30396876 0.3176628 0.30044627 0.21081653 0.3991822 0.51684153 0.28519642 0.06358224 -0.004963654 -0.05328807 -0.058073282 0.03334151 0.13915163 0.08970223 0.07039146 0.067559 0.008492501 4.1414984e-05 0.07164832 -0.0833329 -0.007921251 -0.24472448 -0.38538286 -32767.0
-0.030069403 -0.030838886 -0.051852047 -0.020719038 -0.01416541 -0.023279946 -0.06523745 -0.13347135 -0.11041581 -0.15204608 -0.14822783 -0.1199445 -0.05653192 0.008201122 -0.031901 -0.12117898 -0.010399853 -32767.0 -32767.0 -32767.0 -32767.0 -32767.0 -32767.0 -32767.0 -32767.0 -32767.0 -32767.0 -32767.0 0.19891207 0.24915275 0.4073137 0.3720114 0.3833073 0.34404805 0.30909395 0.2086927 0.17806731 0.21969964 0.38627708 0.5662412 0.5434672 0.36104453 0.24820192 -32767.0 0.0029891152 -0.04089066 0.016176846 -0.023224154 -0.17023528 -0.16454698 -0.14471114 0.034571003 0.17705719 0.20893714 0.15222661 -32767.0 -32767.0 -32767.0
-0.06485946 -0.085165635 -0.09262627 -0.06603462 -0.0074495873 -0.018150896 -0.10110552 -0.10307464 -0.12548167 -0.09887895 -0.032695875 0.02557183 0.054822613 -0.01913819 -0.013095189 -0.042776834 0.037695743 -32767.0 -32767.0 -32767.0 -32767.0 -32767.0 -32767.0 -32767.0 -32767.0 -32767.0 -32767.0 -32767.0 -32767.0 0.45544207 0.34138903 0.35913065 0.097288355 0.0915216 0.117198914 0.16067187 0.10654435 0.19734769 0.22119062 0.10710875 0.037166554 0.026348231 0.19519486 0.052621137 0.13292693 0.15021607 0.1917901 0.25676152 0.25827074 0.24657308 0.41262314 0.5001201 0.46068454 0.21156718 0.1657563 -32767.0 -32767.0 -32767.0
-0.023059163 -0.014198357 -0.037267923 -0.04750438 -0.08062905 -0.05592084 -0.13393882 -0.13729012 -0.11824593 -0.12150498 -0.047490742 0.047423746 -0.057818256 -0.09001894 0.014240107 0.12116858 0.018244324 -0.028257849 -32767.0 -32767.0 -32767.0 -32767.0 -32767.0 -32767.0 -32767.0 -32767.0 -32767.0 -32767.0 0.33518898 0.19414614 0.19817665 0.26029974 0.017890472 -0.104343206 0.04468878 0.3274257 0.3770736 0.38062668 0.20271315 0.08932797 -0.17578211 0.27614492 0.3606606 0.3077815 0.3706715 0.43925402 0.4166598 0.20972344 0.26746115 0.37173414 0.21082339 -32767.0 -0.059298478 -0.27645648 -0.23531994 -32767.0 -32767.0 -32767.0
-0.06771976 -0.047839254 -0.09496866 -0.14993423 -0.079738155 -0.055316366 -0.15944503 -0.10179612 -0.00066375476 -0.013230198 -0.016512703 0.03246192 0.025672674 -0.006086706 -0.07334148 0.05418654 0.041933585 -32767.0 -32767.0 -32767.0 -32767.0 -32767.0 -32767.0 -32767.0 -32767.0 -32767.0 -32767.0 -32767.0 0.2642426 0.4830387 0.297794 0.14489461 0.33101103 0.33096203 0.24429403 0.23885688 0.24440672 -0.011851098 0.07299778 -0.09787359 0.039057877 0.18377532 -32767.0 -32767.0 -0.15866767 -0.09969443 -32767.0 -32767.0 -32767.0 -32767.0 -32767.0 -32767.0 -32767.0 -32767.0 -32767.0 -32767.0 -32767.0 -32767.0
-0.08561641 -0.07740575 -0.040686216 -0.054399654 -0.056236833 0.029178504 0.027181348 0.05869638 0.04070948 -0.003234321 0.10721302 0.1253309 0.16846423 -0.03409055 -0.029668208 0.016206987 -32767.0 -32767.0 -32767.0 -32767.0 -32767.0 -32767.0 -32767.0 -32767.0 -32767.0 -32767.0 -32767.0 0.4261162 0.52335334 0.4457054 0.44054475 0.058439568 -0.040816553 0.146637 0.26320243 0.27284554 0.4260409 0.22167036 -0.08286388 0.0052771363 0.036463466 -32767.0 -32767.0 -32767.0 -32767.0 -32767.0 -32767.0 -32767.0 -32767.0 -32767.0 -32767.0 -32767.0 -32767.0 -32767.0 -32767.0 -32767.0 -32767.0 -32767.0
-0.11934579 -0.042964637 -0.0033461596 -0.055826373 -0.029662365 0.026824415 0.092125535 0.1526868 0.20715621 0.23772615 0.23954847 0.2761292 0.16971555 0.062436674 0.04080983 0.0073359786 -32767.0 -32767.0 -32767.0 -32767.0 -32767.0 -32767.0 -32767.0 -32767.0 0.14835532 0.21806662 0.5494068 0.50390226 0.29539898 0.12499893 -0.084664404 0.0882866 0.12704766 0.26795316 0.30680776 0.3229725 0.0805662 -0.085111916 -0.26266232 -32767.0 -32767.0 -32767.0 -32767.0 -32767.0 -32767.0 -32767.0 -32767.0 -32767.0 -32767.0 -32767.0 -32767.0 -32767.0 -32767.0 -32767.0 -32767.0 -32767.0 -32767.0 0.07902326
-0.10414427 -0.0003577649 0.0998314 0.13059695 0.10348944 0.08449175 0.13272777 0.19877166 0.22435099 0.3334648 0.38824022 0.2789118 0.1980694 0.1899208 0.021942126 -0.11631335 -32767.0 -32767.0 -32767.0 -32767.0 0.106050596 0.1442132 0.15226918 0.1927584 0.13405956 0.37106293 0.20736668 0.36227968 0.017700233 -0.08938399 0.01941391 0.10414118 0.15021913 0.28740615 0.23131286 -0.016759645 -0.2688456 -0.280436 -32767.0 -32767.0 -32767.0 -32767.0 -32767.0 -32767.0 -32767.0 -32767.0 -32767.0 -32767.0 0.115270756 0.078051895 -32767.0 -32767.0 -32767.0 -32767.0 -32767.0 -32767.0 -32767.0 0.20855914
0.11165819 0.073463805 0.18044302 0.20673561 0.0885548 0.12143334 0.17257673 0.16432607 0.24960902 0.36278304 0.43100214 0.27385303 0.13606842 0.15593928 -0.2797868 -32767.0 -0.17443815 -32767.0 0.06414072 -32767.0 -0.025551068 -32767.0 0.13460055 0.07793328 0.13329375 0.13106453 0.19233571 0.26810446 -0.008474795 -0.031368144 0.18587682 0.39283338 0.4686305 0.41523594 -0.0481517 -0.29202053 -32767.0 -32767.0 -32767.0 -32767.0 -32767.0 -32767.0 -32767.0 -32767.0 0.13777426 0.16423997 0.17714864 0.1262197 0.3385225 0.086992264 0.05268629 0.07292759 -32767.0 -32767.0 -32767.0 -32767.0 -32767.0 0.120104946
0.12277483 0.2081401 0.15935335 0.19424486 0.22243778 0.23647012 0.26277545 0.35383448 0.35950556 0.31214133 0.14725514 0.099169716 0.21604796 0.22725657 0.1223788 0.29512188 0.31321108 0.42327687 0.47251654 0.51383084 0.40234706 0.11574189 0.10032044 0.25460255 0.3434292 0.25821015 0.22091213 -32767.0 0.12415379 0.5397813 0.6285981 0.38425106 0.29845592 0.00081711286 -32767.0 -32767.0 -32767.0 -32767.0 -32767.0 0.11371539 0.13871504 0.11147246 0.24388221 0.13719112 0.33908227 0.26585358 -32767.0 -32767.0 0.17105362 0.08978559 0.20802929 -32767.0 -32767.0 -32767.0 -32767.0 -32767.0 0.26128727 0.58807534
0.21305467 0.23773666 0.26791075 0.25541872 0.28233668 0.25929466 0.22208294 0.2568516 0.27330023 0.21241002 0.056287605 0.0064648134 0.22796403 0.23040758 0.25076365 0.29971334 0.40468556 0.5622175 0.72687006 0.7163332 0.5465283 0.7112626 0.5252455 0.5210661 0.58717364 0.5070323 0.5727251 0.56016487 0.67428225 0.61651224 0.09351951 0.023085665 -0.014977318 0.008632207 -0.02581975 -32767.0 -0.07212265 -0.0696737 -32767.0 0.075712375 0.24869817 0.21548226 -32767.0 -0.047073133 -0.15752241 -32767.0 -32767.0 -32767.0 -32767.0 0.18904957 -0.048504308 -32767.0 -32767.0 -32767.0 -32767.0 0.35898834 0.67649114 0.45684662
0.0036264635 0.15931655 0.28745654 0.34388876 0.37560382 0.26803073 0.16460828 0.17634434 0.16778098 0.17274159 0.1318179 0.09996808 0.18616223 0.28306964 0.2820258 0.25192928 0.33665305 0.31218767 0.3166823 0.33471873 0.41520998 0.48045644 0.48774377 0.35636768 0.5189894 0.68057716 0.74859214 0.67314297 0.4821613 -32767.0 -0.09524078 -0.04660008 -32767.0 -32767.0 0.015072088 0.036017783 0.2688206 0.3633034 -0.031786483 0.07686153 -0.10777457 -32767.0 -32767.0 -32767.0 -32767.0 -32767.0 -32767.0 -32767.0 -32767.0 0.20009066 0.3872106 0.35194466 -32767.0 -32767.0 0.2921995 0.23995444 0.030152768 -0.06675991
