static/data/seaWater_uo/2023/7/17/18.asc
ncols 137
nrows 93
xllcorner 108.0
yllcorner 17.0
cellsize 0.25
NODATA_value -32767
[rows 52 to 77 of 93, columns 58 to 115 of 137]
-0.020482842 0.06705782 0.007890455 0.029710306 0.15694024 0.101919234 0.06733374 0.20741497 0.2876236 0.2773523 0.23012412 0.0998919 0.18763241 0.22114821 0.35125104 0.4743525 0.39755374 0.32086873 0.24057147 0.11589483 0.034725938 0.08161775 0.058773566 0.20415263 0.030281905 -0.10272796 -0.09275937 -0.02349672 0.02524944 -0.0017571079 -0.006124536 -0.04722605 -0.12562267 -0.13709235 -0.12626709 -0.1612542 -0.16339166 -0.189328 -0.15083739 -0.16868351 -0.21314701 -0.32602414 -0.33253798 -0.5508225 -0.6661574 -0.50021946 -0.3515075 -0.21017985 -0.17718494 -0.100230955 -0.060785983 0.049670707 0.14849973 -0.006989697 -0.059952233 -0.22388525 -0.22082455 -0.0958821
0.06633352 -0.03942827 0.03033846 0.08240484 0.0056800777 0.06335235 0.10164823 0.1368951 0.23120974 0.28573588 0.3112716 0.37438038 0.47274527 0.4950784 0.571407 0.4545807 0.34925446 0.35247985 0.25017586 0.14089371 0.16086303 0.17498106 0.20662509 -32767.0 0.15200941 -0.035823185 -0.06364623 -0.015024479 -0.039957892 -0.08851938 -0.068103224 -0.081383616 -0.21660964 -0.26046368 -0.19637251 -0.20668249 -0.2624976 -0.2733153 -0.27595946 -0.30453712 -0.30707398 -0.4123845 -0.6398974 -0.6859534 -0.48115736 -0.33640444 -0.2552364 -0.200022 -0.21325365 -0.14628424 -0.10723171 -0.047941733 0.07104093 0.08299162 -0.06817714 -0.056565806 -0.028293688 -0.104487374
0.18777335 0.11698311 0.08512929 0.07213642 0.0074612917 -0.028319774 0.02574796 0.124366395 0.1299896 0.1823657 0.27954128 0.51379585 0.7284024 0.6699652 0.4528837 0.3367275 0.28203252 0.1969382 -0.0471003 0.09159655 0.11009655 0.012717092 0.052167997 0.15155034 0.15013258 0.073402524 0.0067638764 -0.03493354 -0.07254248 -0.14727908 -0.13545254 -0.09186593 -0.21812864 -0.3868874 -0.31356445 -0.20647673 -0.26878914 -0.3102563 -0.33173242 -0.36374235 -0.51874757 -0.69535345 -0.6522194 -0.42629626 -0.34331837 -0.30208805 -0.20666057 -0.20246476 -0.2667653 -0.16452917 -0.15045416 -0.18045875 -0.038497753 0.091021076 -0.016137285 -0.04274789 0.11224905 0.009209828
0.40824574 0.5352298 0.749616 0.7903733 0.79214066 0.61231595 0.3963916 0.17735535 0.09365934 0.16251297 0.47457594 0.63443536 0.54851574 0.38166362 0.32142603 0.26599827 0.16893816 0.21707635 0.40180704 0.1998003 -0.05302305 -32767.0 0.05068548 0.014688852 0.104525 0.123785414 0.06849563 -0.0024773018 -0.06903711 -0.18858334 -0.20820275 -0.14621772 -0.13882393 -0.39353645 -0.4440999 -0.3514277 -0.28187677 -0.3150973 -0.4163099 -0.58323 -0.67048293 -0.5736531 -0.3967943 -0.40630758 -0.36607945 -0.29147506 -0.19037005 -0.12592153 -0.21477437 -0.176627 -0.18075232 -0.20375799 -0.14950654 0.017163394 0.12220962 -0.14134203 -0.089318 -0.16408059
0.4338208 0.696806 0.95357347 1.0119113 0.9498393 0.83682525 0.83197665 0.7129182 0.62260133 0.6543612 0.7173103 0.570414 0.4383184 0.3613378 0.3448989 0.20609218 0.16470677 0.19961683 0.19119045 0.16361019 0.23946618 0.42578846 0.36266878 0.22530125 0.11209927 0.15465693 0.10176806 0.08992724 -0.012606279 -0.10144021 -0.21288145 -0.23373877 -0.13268323 -0.19418207 -0.42478397 -0.53525674 -0.5440084 -0.54382735 -0.60363656 -0.5873243 -0.46631116 -0.32704082 -0.33120114 -0.26408467 -0.22732626 -0.1613466 -0.17158541 -0.14600444 -0.08544702 -0.15234709 -0.1867572 -0.19189838 -0.23536274 -0.08573851 0.10736864 0.05774054 -0.2815809 -0.22037297
0.09689141 0.5207859 0.72038996 0.78053546 0.9161214 0.8178622 0.8259126 0.88512754 0.95550144 0.7635218 0.6324538 0.53625125 0.4657738 0.42365482 0.28189954 0.17783426 0.17808253 0.17783134 0.21950322 0.244867 0.27424067 0.26408407 0.24117641 0.20248921 0.25675157 0.25710285 0.12808843 0.10385806 0.062319603 0.047247417 -0.05957404 -0.17821664 -0.16034277 -0.06683588 -0.14916806 -0.36144054 -0.53740364 -0.51288515 -0.43023157 -0.35791758 -0.24928634 -0.19175056 -0.17206404 -0.134925 -0.18127766 -0.031046942 -0.015366602 -0.04253029 -0.026986217 -0.076518394 -0.110558264 -0.20317036 -0.19729365 -0.19040254 -0.035084322 0.21763772 0.31918314 0.28097174
0.071975574 0.4386028 0.48609412 0.47411665 0.42918465 0.5813138 0.7432316 0.70440847 0.5904842 0.6913569 0.58244264 0.5324443 0.55638313 0.427933 0.14981811 0.1823885 0.16209644 0.2060475 0.23387651 0.26140377 0.22114827 0.15228572 0.019810366 0.0054887333 0.0683528 0.15941341 0.22016147 0.08525063 0.09776127 0.104603805 0.08469622 -0.057676986 -0.105642036 -0.06841584 -0.043050326 -0.087831266 -0.21802114 -0.2699775 -0.2200016 -0.2025082 -0.13339727 -0.031641804 -0.07371324 -0.17089096 -0.10495829 0.09892124 0.09922529 0.034964453 0.05021692 0.027629526 -0.050904583 -0.13959886 -0.23371884 -0.22426854 -0.15782543 0.04637842 0.24542539 0.48194137
0.53308034 0.6148215 0.40463674 0.3145232 0.2722027 0.27606165 0.34890634 0.48003674 0.6009686 0.5765157 0.6000064 0.6598364 0.4496855 0.09720438 0.14123109 0.3262743 0.44176066 0.36261633 0.31613 0.22408232 0.14144398 0.104474716 0.12018864 0.10335752 0.05961077 0.031767864 0.1508003 0.11054272 0.067383505 0.08423364 0.09580515 -0.014663163 -0.03923468 -0.059444968 -0.05494027 -0.04664122 -0.0032763765 0.005642396 0.03743953 0.029290622 0.031178655 0.1159912 0.20956416 0.23328581 0.23416701 0.24450295 0.13698547 0.07951583 0.06917599 0.044965774 0.007684812 -0.12459169 -0.14565128 -0.13264796 -0.09317601 -0.0048334594 0.16054977 0.2201687
0.6388081 0.38612384 0.28562555 0.15230313 0.18605307 0.34441793 0.4649222 0.41560754 0.35973364 0.35583526 0.30931783 0.26468438 0.10649842 0.20682585 0.5241732 0.71130246 0.5506365 0.36709616 0.2598066 0.12167799 0.07468536 0.047165588 0.07892065 0.043869194 -0.0105614215 0.0064423042 0.0033573518 0.06780863 0.036299486 0.02909616 0.06679553 0.07558138 -0.0065296255 -0.07203799 -0.08540367 -0.0886617 -0.027538061 0.1004671 0.15451534 0.21147098 0.22956854 0.24818718 0.31894848 0.32829326 0.28513098 0.25233665 0.14897417 0.11944824 0.1320652 0.1536904 0.040320795 -0.09259168 -0.11983969 -0.030687332 0.060713567 0.14372107 0.15372148 0.11649264
0.2809677 0.26971823 0.18280886 0.1881875 0.3780569 0.41712424 0.3332318 0.26274183 0.26115453 0.28164074 0.22335085 0.25960654 0.3534895 0.7511887 0.68916905 0.46756804 0.282572 0.18959688 0.12828442 0.06826414 -0.009059611 -0.027420172 -0.010270352 -0.019477837 -0.021099746 -0.03262278 -0.11002622 -0.07506339 -0.003973386 0.0540805 0.143225 0.10055762 -0.013809757 -0.098487094 -0.10632427 -0.043069027 0.047931492 0.15153563 0.24334614 0.3489336 0.429948 0.46306863 0.42837444 0.30890808 0.25739494 0.21051852 0.21148737 0.2433283 0.27643928 0.19108978 0.040109508 -0.0536938 -0.073458865 0.0398376 0.15595017 0.20382941 0.12341811 0.07356454
0.4089637 0.35303396 0.1244562 0.27942362 0.37022164 0.1765857 0.15915705 0.19973849 0.2081158 0.24304676 0.30283237 0.42257616 0.4430042 0.39049608 0.22807273 0.055023603 0.013333258 0.023345103 -0.023415787 -0.0748959 -0.07295107 -0.006271993 -0.053512737 -0.07219166 -0.118266314 -0.175522 -0.3153139 -0.23076089 -0.041870166 0.11924459 0.118010186 0.009396874 -0.05510957 -0.113157645 -0.18276745 -0.121442966 0.0057385853 0.16635267 0.28339267 0.32382882 0.37701845 0.4833594 0.58358973 0.63634336 0.664559 0.6414589 0.5993134 0.53274107 0.42479068 0.29829136 0.10908047 0.0077789784 0.015686618 0.0922724 0.14412884 0.18460949 0.08488764 0.006273508
0.4165609 0.3165426 0.19594377 0.13644677 0.14846766 0.037550602 0.007720383 0.02717893 0.05050963 0.06800472 0.1261913 0.13180375 0.07604192 -0.05695277 -0.111141846 -0.09383668 -0.072190136 -0.09191438 -0.07438314 -0.07639289 -0.05629872 -0.057619717 -0.14739275 -0.21941991 -0.34740362 -0.49912858 -0.4778635 -0.21596855 -0.07724141 0.016007844 -0.04633898 -0.07850748 -0.10460125 -0.027677001 0.054002687 0.14410764 0.23731224 0.2014067 0.15296446 0.27088842 0.43823916 0.4887221 0.49952295 0.54707813 0.60119164 0.64017755 0.6282994 0.5858036 0.48039615 0.3913519 0.24808994 0.08049089 0.06482072 0.076341085 0.0726049 0.04026717 -0.01667265 -0.08039827
0.31703395 0.23876378 0.1476102 -0.016313784 -0.013255758 -0.017145818 0.01965895 -0.026437303 -0.10395811 -0.006276791 0.017020179 0.04394143 0.023211654 -0.051773682 -0.13051894 -0.11143181 -0.047296066 -0.022487003 -0.03687873 -0.078944735 -0.1549527 -0.21285151 -0.3111154 -0.4771034 -0.6549662 -0.55198103 -0.33305636 -0.2514173 -0.18975528 -0.17511085 -0.18128598 -0.082218595 -0.08873417 0.0001111963 0.10141436 0.15780297 0.1016602 0.09144408 0.1389856 0.084746145 0.029898925 0.013879058 0.02799427 0.10332918 0.1980538 0.25071585 0.30900103 0.354252 0.3552503 0.3557053 0.283252 0.070739515 0.10494308 0.04970026 -0.016670825 -0.14293288 -0.18132661 -0.19118463
0.40575966 0.20853555 0.1407729 -0.065584004 -0.04852669 -0.0203348 0.015711142 -0.04928522 -0.05144949 0.05118815 0.056192234 0.030876732 0.05652615 0.017157486 -0.039926384 -0.044244353 0.0010422555 -0.0218966 -0.07129746 -0.1615141 -0.3128625 -0.38959014 -0.54366326 -0.7008444 -0.6032239 -0.43204537 -0.30708125 -0.26659277 -0.2948986 -0.2562965 -0.25719565 -0.26154912 -0.25104025 -0.20461258 -0.117867805 -0.06238982 -0.09657029 -0.11212779 -0.13851033 -0.22609586 -0.20730065 -0.11779262 -0.09360446 -0.128141 -0.16163899 -0.10014305 -0.03517681 0.0313437 0.0919694 0.16289066 0.14179088 0.13443764 0.21765184 0.097695984 -0.012720407 -0.16597937 -0.22086565 -0.25685492
0.28101313 0.23418115 0.21657334 0.04888692 0.099601075 0.13815673 0.12710963 0.25249228 0.40770602 0.28685576 0.13895126 0.08130006 0.10373532 0.10689479 0.05234296 -0.05451706 -0.00063595775 -0.04833976 -0.0861063 -0.19787863 -0.33479947 -0.49368465 -0.6487297 -0.6142374 -0.46632862 -0.29740414 -0.18086061 -0.09063495 -0.1461871 -0.20694777 -0.15035857 -0.1623542 -0.22011775 -0.20486946 -0.23424527 -0.2250385 -0.10442947 -0.040457867 -0.016701195 0.006933495 0.0726879 0.027488977 0.032510486 -0.094517626 -0.20078062 -0.24624386 -0.17050795 -0.00093296263 0.12517756 0.26737827 0.41345936 0.5071441 0.38158312 0.16658038 -0.029766034 -0.18466231 -0.28522915 -0.31143177
0.2488873 0.23284286 0.18535776 0.14371052 0.20383482 0.19199736 0.2745887 0.49966508 0.4869282 0.31614497 0.16026095 0.15879627 0.16177061 0.18989375 0.10680256 -0.047177758 -0.021430762 -0.05557677 -0.09288255 -0.20860688 -0.29294106 -0.46750388 -0.44968548 -0.35439903 -0.20346372 -0.048835102 -0.06051725 0.0198982 0.007174807 -0.09743648 -0.12922357 -0.065284185 -0.018620085 -0.05632092 -0.117265254 -0.22718698 -0.20366633 -0.09708644 0.0026361987 -0.035899512 -0.023218807 0.0012732003 0.071910836 -0.04933957 -0.109035514 -0.0039575095 0.17727302 0.3499085 0.474613 0.5362932 0.53776455 0.46538875 0.30991015 0.1321979 -0.102434024 -0.2488318 -0.32598853 -0.285777
0.18908858 0.17098616 0.10490711 0.13516082 0.17395835 0.24983922 0.4129853 0.4356063 0.4183288 0.29040024 0.2434394 0.25438625 0.2627735 0.21291786 0.1340179 -0.03906099 -0.06724013 -0.060805403 -0.09040622 -0.1580484 -0.21797043 -0.27515566 -0.11325982 0.054396063 0.20687445 0.10345152 0.004644734 -0.042551477 -0.016612455 -0.027397193 -0.051085744 -0.012804908 0.080048926 0.1223992 0.10030434 0.008711362 -0.06261066 -0.07532531 -0.03905486 0.050802965 -0.005355355 -0.04788078 -0.06798254 -0.14879009 -0.110750854 0.0402906 0.17804924 0.2762344 0.28390855 0.29220644 0.29266986 0.26091304 0.14107522 -0.0005407086 -0.17346027 -0.2816205 -0.27698573 -0.12058536
0.107255444 0.09221029 -0.039590705 0.048756834 0.17154661 0.2691677 0.3211327 0.30763218 0.3343945 0.28975418 0.31655237 0.35463437 0.2922848 0.19557427 0.10859646 -0.03574327 -0.07099249 -0.074634545 -0.12634347 -0.108679615 -0.13242462 -0.08316308 0.097801246 0.25326273 0.24751191 0.14963435 0.047286347 -0.028656336 -0.027607026 -0.02305661 0.039444614 0.09206067 0.043596417 0.11109643 0.15068449 0.11672146 0.07563934 0.0494904 -0.035696555 0.025182134 0.058005333 0.041825585 -0.07810758 -0.10073768 -0.040072553 0.056177184 0.1400561 0.060770895 0.12453799 0.168858 0.13247827 0.062441714 -0.0634308 -0.18449478 -0.22388609 -0.19322063 -0.10891734 -0.12410771
0.019821698 -0.006735719 -0.09945678 0.035802912 0.12950647 0.19351122 0.207921 0.23476875 0.33926275 0.4150245 0.40269956 0.3332968 0.21886338 0.14248084 0.05683293 -0.05349523 -0.057556182 -0.087293044 -0.1549303 -0.15707768 -0.12440415 -0.049674053 0.054490376 0.1245162 0.08168763 0.043958597 -0.032826282 -0.07397735 -0.015223098 0.030257251 0.13052183 0.14154783 0.073914796 0.05321885 0.06259867 0.13500156 0.16828041 0.1565489 0.04386233 0.032248154 0.08098276 0.06440556 0.012429964 -0.074054636 0.002632781 0.07053138 0.017594315 -0.011610826 0.049355738 -0.009596008 -0.07262545 -0.17330147 -0.28198728 -0.29832593 -0.2398555 -0.15028197 -0.23632187 -0.3338619
0.05189591 -0.0033713959 -0.022546979 0.056916993 0.06386562 0.1020773 0.14107224 0.16220918 0.29163322 0.37175876 0.33289856 0.2208152 0.15816678 0.07694296 0.0049319784 -0.0940692 -0.056800872 -0.05007326 -0.11225948 -0.11030743 -0.10415584 -0.08115157 -0.033060547 0.0150927175 -0.041835263 -0.02063875 -0.03805318 -0.06250769 -0.023677776 0.0137134725 0.07904316 0.10368511 0.06627747 0.08937312 0.17452914 0.23916274 0.2961236 0.32346106 0.22868866 0.1355777 0.073685385 0.014942565 0.005532611 0.0016402133 0.026877271 0.070099495 -0.028511824 -0.05560141 -0.09665422 -0.17652173 -0.30361235 -0.35247684 -0.33661273 -0.29913384 -0.16546956 -0.16533159 -0.211296 -0.2711164
0.09174757 0.11938053 0.16100477 0.09675493 0.043992396 0.033396896 0.110502735 0.1635901 0.28208086 0.26160157 0.19254898 0.104774274 0.07789582 0.012260797 -0.0001361964 -0.092894234 -0.09382451 -0.085356586 -0.11823581 -0.13490424 -0.14393182 -0.16456206 -0.1423574 -0.1071422 -0.028089285 0.02362358 0.0045605935 0.0041867495 0.00016458321 0.023102224 0.11548941 0.21616837 0.2908503 0.36714536 0.40495586 0.448978 0.44309974 0.41174158 0.32414168 0.27176866 0.11535473 0.00048772947 0.004048731 0.026682384 0.048042662 0.048011906 -0.06273585 -0.118655816 -0.18587554 -0.23805253 -0.33004242 -0.329904 -0.2545605 -0.15317386 -0.10825137 -0.11195928 -0.108333364 -0.13625804
0.15777977 0.16077478 0.20765992 0.16455388 0.08283105 0.05408395 0.09802983 0.12197622 0.14487779 0.14966471 0.16849358 0.03758136 -0.022830069 -0.02476626 0.0408741 -0.036364187 -0.13262817 -0.17820628 -0.15674739 -0.17870066 -0.22645856 -0.20523176 -0.11128391 0.023280695 0.12823494 0.116590984 0.15868044 0.10204358 0.053281814 0.093335494 0.23824753 0.32959184 0.40572882 0.42939773 0.4131612 0.38083282 0.3793921 0.3909427 0.34328625 0.33470273 0.18904582 0.05490062 0.077614665 0.119158454 0.08003933 0.044491787 -0.072511084 -0.16851737 -0.21582605 -0.22014165 -0.157179 -0.13848756 -0.10374173 0.053682707 0.011682338 -0.029046584 0.045709975 0.13416465
-0.07016001 0.03599199 0.15221952 0.19881128 0.2269809 0.1053257 0.103068225 0.070212476 0.041846115 0.12548466 0.121995114 0.03523952 0.0053495504 0.009652059 0.06658728 0.022984875 -0.113803916 -0.1660564 -0.12276207 -0.118840925 -0.08757829 -0.03549571 0.07358068 0.1659223 0.16055499 0.13242237 0.15702449 0.111580655 0.13539031 0.19102013 0.2884224 0.34616506 0.43891042 0.5057995 0.47526243 0.49836498 0.46702713 0.47645155 0.40897447 0.34682244 0.26259932 0.11293039 0.07576977 0.06438159 0.05405068 0.013799643 -0.09762488 -0.17617059 -0.18213052 -0.15498516 -0.12020945 -0.06904197 -0.021669896 0.048170224 0.22827965 0.21005797 0.17336243 0.23332156
-0.24396048 0.044184763 0.26622728 0.33955577 0.34634972 0.22512649 0.1722702 0.07401205 0.02439045 0.069509365 0.021342373 -0.036435172 -0.07128715 -0.08375832 -0.025971068 -0.019145042 -0.049183797 -0.07873044 -0.04796681 -0.07140466 -0.016775846 0.10784439 0.2163504 0.2712994 0.28814292 0.28129393 0.2304626 0.18769953 0.17005216 0.19174264 0.3473771 0.4701741 0.48702806 0.42905366 0.43739057 0.40085772 0.36872515 0.40320498 0.44240656 0.42420554 0.342879 0.20626248 0.07234579 0.0318827 -0.010971797 -0.0068263356 -0.11213733 -0.16262868 -0.14398836 -0.18532152 -0.25885168 -0.28780288 -0.22057682 -0.08050381 0.08929836 0.26155746 0.37229675 0.40877774
0.32541183 0.47642055 0.47212517 0.40545988 0.36014593 0.30765954 0.2019805 0.08632428 0.06315962 0.04105619 -0.05078292 -0.1520098 -0.19482677 -0.21480371 -0.17692092 -0.14280966 -0.04860254 -0.00030242946 -0.0038944255 -0.03249908 0.11079078 0.31012875 0.42860478 0.48304638 0.5172357 0.5214731 0.4399258 0.3327817 0.26123756 0.3072965 0.4091115 0.4015249 0.410553 0.37049764 0.3827853 0.3601911 0.31270897 0.3183263 0.38160542 0.4178214 0.4058564 0.29601097 0.13528341 0.04941755 -0.013500087 -0.012872896 -0.1190881 -0.13457732 -0.13807788 -0.2333708 -0.3318112 -0.2732758 -0.13151471 -0.09212729 -0.0720106 0.05753294 0.1728733 0.29998142
0.90735567 0.93137676 0.6887346 0.4746593 0.31138805 0.24835964 0.22547409 0.07634952 0.10236153 0.011685939 -0.08616046 -0.21423979 -0.32743362 -0.38552034 -0.3497238 -0.23990318 -0.06524117 -0.068700284 -0.0792523 0.14313881 0.36199623 0.42545542 0.4040485 0.3802634 0.39842585 0.38637808 0.37092212 0.29818267 0.25781742 0.33310783 0.29966688 0.31389844 0.3151912 0.32552564 0.3277562 0.3278267 0.33653584 0.3434638 0.35180026 0.38452205 0.34542665 0.3243692 0.18376425 0.06155213 -0.027769959 -0.04235356 -0.09424881 -0.12514086 -0.127871 -0.06197394 0.027664203 0.09018372 -0.0012574336 0.043764304 0.03117735 0.06897916 0.1294331 0.1744991
