static/data/seaWater_uo/2023/7/17/6.asc
ncols 137
nrows 93
xllcorner 108.0
yllcorner 17.0
cellsize 0.25
NODATA_value -32767
[rows 25 to 49 of 93, columns 58 to 115 of 137]
-0.27128214 -0.23476492 -0.16001193 -0.07026088 -0.11292878 -0.25654688 -0.26904812 -0.20522827 -0.1701026 -0.08348218 -0.028958062 -0.09839155 -0.02137791 0.1650351 0.2893361 0.3597951 0.31546417 0.3808583 0.34866714 0.35048744 0.36589646 0.45528096 0.41319913 0.3319779 0.35970533 0.3411753 0.37741625 0.29614517 0.27398175 -32767.0 0.08086493 0.08563767 -32767.0 -32767.0 0.0034994357 -0.13399015 -0.07835539 0.14756748 -0.061861057 0.07119272 -0.15210554 -32767.0 -32767.0 -32767.0 -32767.0 -32767.0 -32767.0 -32767.0 -32767.0 -0.035695657 0.13400887 0.30230778 -32767.0 -32767.0 0.25214955 0.18843164 -0.09506356 -0.25209096
-0.23006923 -0.24172905 -0.39970902 -0.32699382 -0.30999207 -0.1957273 -0.097893745 -0.15481879 -0.1417535 -0.16042677 -0.17494608 0.0866736 0.13264622 0.14459953 0.18237107 0.06364514 -32767.0 -32767.0 0.067067795 0.06879101 0.38585097 0.45188776 0.39813688 0.28687775 0.15638392 0.11531059 0.032734893 0.0018055859 0.056300726 -0.10543333 -0.1086346 -32767.0 -32767.0 -32767.0 -32767.0 -32767.0 -32767.0 -0.03801346 0.040264495 0.026973933 -32767.0 -32767.0 -32767.0 -32767.0 -32767.0 0.11714215 -32767.0 -0.01175401 0.13589695 0.15084338 0.12674831 0.0040238863 -0.12516893 -32767.0 0.1844459 -0.14307888 -0.26097748 -0.28165072
-0.26316324 -0.043785017 -0.1744796 -0.14932664 -0.02693374 0.06504937 0.09820635 0.108487345 0.16524024 0.10818115 0.07857967 0.13747993 0.24311864 0.16250077 0.11477349 -32767.0 -32767.0 0.09824058 0.112821944 0.25595412 0.13306381 0.17328086 0.18461072 0.16554065 0.005641114 -0.04341136 -0.012564504 0.098367766 -32767.0 -32767.0 -32767.0 -32767.0 -32767.0 -32767.0 -32767.0 -32767.0 -32767.0 -0.030856825 0.13850096 0.031620547 -32767.0 -32767.0 -32767.0 0.086254604 0.08736862 0.04973722 0.062390152 0.31733587 0.14934066 -0.016949017 -0.1347518 -0.2172808 -0.0909654 -0.1795342 -0.3112176 -0.30807266 -0.22675255 -0.12717731
-0.38179904 -0.17174871 -0.26284698 -0.21102251 -0.18370551 -0.09256976 0.06429742 0.16920091 0.18413854 0.1111189 0.15412997 0.1885382 0.026983062 -0.079260945 -0.114311494 0.0059281993 0.10088563 0.08477173 0.13643591 0.060835812 0.06693565 0.11279635 0.123124145 0.0012503992 -0.07618038 -0.05651213 -32767.0 0.0059350654 0.025887882 -32767.0 -32767.0 0.014955267 -32767.0 -32767.0 -32767.0 -32767.0 -32767.0 -32767.0 0.17116039 -0.001281396 -32767.0 -32767.0 0.051963523 0.06743252 0.07037282 -0.114252806 -0.14411138 -0.19238572 -0.11609556 -0.16756435 -0.33184448 -0.029579615 -0.08043421 -0.26758206 -0.22646907 -0.12123279 -0.023645496 -0.032470074
-0.21185811 -0.24009104 -0.10506689 -0.122629486 -0.046756826 0.014275257 -0.057986088 -0.075235665 -0.040098794 0.036580857 0.03669941 -0.070990235 -0.21416545 -0.3368788 -0.30066696 -0.21828996 -0.11138127 -0.018003592 0.0681978 -0.027128944 -0.09548383 0.0013649664 -0.042250525 -0.07110688 -0.09828111 -32767.0 -0.106732406 0.07191064 0.04131707 0.118168294 0.30627728 -32767.0 0.0030608117 -32767.0 -32767.0 -32767.0 -32767.0 -32767.0 0.13818973 0.3792158 0.30379117 0.023253884 0.061931632 -0.054058056 -0.2004385 -0.16778389 -0.2589042 -0.24996258 -0.2379734 -0.23934859 -0.22722071 -0.32959002 -0.2883225 -0.20550476 -0.119514704 -0.041091908 -0.02430752 0.0020230617
-0.2751495 -0.12350103 -0.2494569 0.090126194 0.06769277 0.064581275 -0.049059473 -0.1304798 -0.14138575 -0.16846772 -0.14093095 -0.17803755 -0.28203732 -0.33118132 -0.3418559 -0.18550645 -0.16730641 -0.15358257 -0.15833679 -0.10340887 -0.03881429 0.0017796317 0.06393223 0.046568833 0.12568827 0.2877216 0.3655709 0.3210294 0.2101277 0.06774122 -0.1381938 0.017886955 0.0014826404 -32767.0 -32767.0 -32767.0 -32767.0 0.0629264 -0.065561876 -0.20416562 -0.11685661 0.019673062 0.059379924 0.08509048 -0.0908297 0.24149896 0.29528686 0.14760685 0.17147276 0.05601121 0.23362724 0.020367902 -0.13752402 -0.21103461 -0.22236389 -0.18954514 -0.14339793 -0.14676458
-0.27010003 -0.2298448 -0.06284586 -0.012559615 0.059163142 0.034524865 0.02579968 0.0055432194 -0.038840495 -0.10592433 -0.14807636 -0.18929675 -0.13274346 -0.09298274 -0.24762088 -0.16006914 -0.16663387 -0.17863017 -0.10433672 0.08606496 0.20651352 0.19861071 0.16702302 0.215537 0.22890162 0.2852923 0.3493611 0.3576948 0.2916844 0.24384044 0.060489982 0.029834388 0.01753402 -32767.0 -32767.0 -32767.0 -32767.0 -0.09385951 -0.3535371 -0.36493182 -0.17099114 0.16810338 0.5234561 0.73992616 0.86432093 0.9402141 0.98598826 1.0054401 0.91943663 0.7133082 0.49386096 0.5382983 0.4330239 -0.00461393 -0.18526915 -0.2702101 -0.21825142 -0.20123361
-0.09696424 -0.09291808 -0.08421848 -0.08455704 -0.107791595 0.012900353 -0.009506567 0.14779335 0.061081626 0.088055566 0.103954926 0.12777354 0.12215299 -0.046556838 -0.081880406 -0.035137706 -0.009280078 -0.004358455 0.04252893 0.15399793 0.14098088 0.094221696 0.04525641 0.0070462837 -0.038585234 -0.010984969 0.08814705 0.18542795 0.17377588 0.088530675 0.14370349 -32767.0 -32767.0 -32767.0 -32767.0 -32767.0 0.0054268427 -0.14228943 -0.011967642 0.34669024 0.6236635 0.59044135 0.587875 0.6940323 0.876087 1.0471061 1.1653551 1.1931132 1.1980848 1.2472707 1.265765 0.96975976 0.589471 0.40177673 0.108247325 -0.15921076 -0.23163162 -0.21638486
-0.0522202 -0.0325022 -0.0372944 -0.15332937 -0.19300792 -0.15793149 -0.07731811 0.023211781 0.023255304 0.1127006 0.095263585 0.1624553 0.06351955 0.16144252 0.1189901 0.08105631 0.1298667 0.14254464 0.09572121 0.02506335 -0.07804535 -0.06816532 -0.049717177 0.008266262 0.053285066 0.10355442 0.13887075 0.030855944 0.050202806 0.15366997 0.098186694 -32767.0 -32767.0 -32767.0 -32767.0 -32767.0 -0.23211218 -0.0989765 0.43358982 0.46751732 0.4417203 0.46592432 0.5393031 0.7140783 0.814533 0.893419 0.9646206 0.93918777 0.94009066 0.93361473 0.9874072 1.0354139 0.91231054 0.54841113 0.30401957 0.044675875 -0.14968675 -0.107034005
0.25721475 0.104525924 -0.040662862 -0.10720026 -0.1078355 -0.13817699 -0.1246229 -0.117071524 0.025723139 0.049816146 0.01366836 0.071008235 0.08268105 0.0013886858 0.07768084 0.13129136 0.1105374 0.13491915 0.063866444 -0.05864542 -0.046519253 0.021175222 -0.0047132988 0.007612929 0.03804738 0.061329566 0.074895486 0.04464539 0.1312815 0.083979 0.0089406185 0.07100283 -32767.0 0.026704822 -32767.0 -32767.0 0.04105944 0.760747 0.5544919 0.5069187 0.5540482 0.65253186 0.7722834 0.7474329 0.6619779 0.6032152 0.5171547 0.44058076 0.48548326 0.5610932 0.66212916 0.72756803 0.8043672 0.6945897 0.38820612 0.15210149 -0.02478994 -0.02620389
-0.09036048 -0.31761283 -0.12568039 -0.052183136 0.025299482 0.03711299 -0.06363347 0.004195874 0.15221103 0.12971903 0.014960255 0.029765088 -0.054118536 -0.0707806 0.014352996 0.02464205 0.017796148 0.047451466 0.04589312 0.036325622 0.050566312 0.05195805 0.011721984 0.033741903 0.0770096 0.12876375 0.12854743 0.111815274 0.053228065 0.19109614 0.1108669 0.08340204 0.09940673 0.13110241 -32767.0 0.38828814 0.6986858 0.351652 0.5137779 0.51326466 0.6209839 0.78559685 0.77061343 0.6490323 0.4560554 0.29243875 0.3068976 0.30496398 0.32847798 0.40415803 0.4860027 0.5412582 0.626402 0.7172677 0.4731842 0.21801777 0.047105357 -0.004905983
-0.17084642 -0.14901945 -0.11510064 0.06998678 0.11061515 0.0116751045 -0.10383941 -0.010591526 -0.0054585114 0.038891148 0.037566323 0.07527414 0.009776422 0.013795529 0.026153816 0.01808321 0.032987606 0.04632569 0.09949367 0.12531427 0.12578468 0.09458245 0.095887184 0.15531327 0.22666462 0.25756595 0.2912976 0.24407262 0.057316344 0.10368102 0.16269603 0.15694687 0.19180965 -32767.0 0.7446211 0.26952708 0.17394195 0.3193019 0.41939586 0.56213546 0.6741322 0.6612351 0.48752812 0.39007702 0.26046523 0.37553695 0.386445 0.20577013 0.197389 0.18596955 0.39823824 0.56292975 0.5706238 0.6001181 0.5112724 0.24472517 0.12270752 0.056273352
-0.12928775 0.030594703 0.055662204 0.03912222 0.05073455 0.16623871 0.10634335 -0.06268548 -0.0013952015 0.036009755 0.07147687 0.11703406 0.10994591 0.093999945 0.061668094 0.08404517 0.07219418 0.066824846 0.085611954 0.10030795 0.13776372 0.17230366 0.281923 0.41857114 0.5510948 0.60778904 0.5355326 0.39923218 0.17249736 0.050209954 0.00846266 0.20016703 0.20560776 0.37921062 0.19926116 0.025374668 0.23338188 0.33097658 0.4033766 0.51935935 0.526996 0.35457963 0.17126347 0.18641996 0.20630638 0.27954245 0.19663289 0.32415769 0.5363738 0.5504953 0.40446764 0.48094615 0.5555364 0.538299 0.46952802 0.25529006 0.26023453 0.18144304
-0.02752842 -0.0013248275 -0.023877088 0.098724864 0.16888428 0.29896373 0.20752847 0.14754544 0.04275965 0.10982139 0.13633406 0.026689207 0.088696055 0.08413749 0.09415119 0.09588453 0.13890398 0.093707114 0.08486785 0.16239849 0.17526454 0.26023826 0.40172136 0.5806983 0.77645767 0.87437123 0.8586456 0.68510383 0.38694915 0.20419447 0.09130066 -32767.0 0.19217218 0.08156395 -32767.0 0.17036313 0.24612507 0.29304028 0.39194986 0.43941393 0.32107717 0.1424102 0.13105872 0.091543265 0.12528782 0.16561015 0.24898718 0.4631346 0.60750926 0.5146706 0.37745368 0.39051917 0.4970749 0.4917301 0.4313905 0.27268803 0.38562453 0.34704873
-32767.0 0.0014652468 0.11736017 0.09408342 0.12985101 0.12389617 0.3177555 0.16032116 0.10276195 0.14051689 0.13972422 0.2366643 0.19565561 0.09082226 0.06374693 0.1402156 0.25689876 0.35864693 0.31339592 0.2525973 0.18269958 0.19185165 0.31809434 0.45301327 0.6630155 0.7982697 0.85704535 0.884031 0.70545185 0.44326848 0.3417871 0.094074175 -32767.0 0.067147695 0.12902515 0.24074905 0.31042445 0.3640572 0.41676128 0.35822263 0.21886896 0.18009159 0.1865535 0.16779503 0.13315293 0.13748524 0.20858422 0.28342658 0.33803582 0.38460386 0.25196293 0.22152305 0.42861015 0.48307818 0.5059439 0.3436247 0.3715606 0.57056797
-0.017154237 0.020241654 0.06235608 0.002771348 0.06363124 0.16568746 0.20529503 0.30880618 0.32072854 0.3138429 0.3152972 0.29430467 0.33680484 0.2963465 0.34495458 0.42311743 0.5133938 0.5496885 0.39995667 0.27003297 0.14895444 -0.00071116374 0.0063817417 0.2727747 0.5122336 0.6467818 0.70917386 0.79552263 0.84521276 0.74054086 0.48833412 0.4985768 -0.064584985 0.05487714 0.060589198 0.24396144 0.4111278 0.45409214 0.42601803 0.3034275 0.22927898 0.15584344 0.12678808 0.14185914 0.14739524 0.10216356 0.07610797 0.068110414 0.104809225 0.18235736 0.27783483 0.13486996 0.27766752 0.5524335 0.6926961 0.6950805 0.60167825 0.64394575
0.029692048 0.042713366 0.115999565 0.12702115 0.1588925 0.09801654 0.17884326 0.3520316 0.35955116 0.4351632 0.29242522 0.36579496 0.45316663 0.5251574 0.5177861 0.42876402 0.4090643 0.49019668 0.24640995 0.27433676 0.07928235 -0.08705812 -0.0624114 0.20979837 0.47452313 0.54675883 0.5462561 0.5740159 0.6703431 0.8810191 -0.046567958 0.45085654 0.45224842 0.14904024 0.20460817 0.39699197 0.49949047 0.45708188 0.3695411 0.279633 0.21198782 0.1288533 0.17061034 0.17441176 0.14891352 0.0785259 0.01525935 -0.08826153 -0.21439117 0.012405165 0.36865857 0.5206021 0.4271984 0.4289501 0.62059516 0.7712777 0.7437671 0.6525423
0.07056431 0.007937553 0.084781885 0.1776099 0.11096231 0.31162548 0.2898927 0.22693531 0.10643198 0.2818638 0.37090108 0.24028583 0.26458472 0.36262828 0.4699185 0.38259795 0.30476466 0.34585467 0.30055854 0.3649253 0.24656694 0.12453337 0.20868272 0.48558968 0.5749073 0.5324561 0.4331107 0.40944588 0.41290963 0.6471662 0.71299016 0.27350932 0.5494713 0.77227813 0.62134343 0.6776323 0.5663779 0.45424518 0.30694738 0.24721631 0.22965702 0.14585279 0.22619167 0.28091437 0.19168873 0.061285596 -0.0134514375 -0.023447465 0.005875217 -0.14657383 -0.058035042 0.24824059 0.3930678 0.41506165 0.44263074 0.49961954 0.57195413 0.6199928
0.041411467 0.050251346 0.14288677 0.18922669 0.056140933 0.118821114 0.042811126 0.12155244 0.17452082 0.27852798 0.43780088 0.43990836 0.46213388 0.5513057 0.43043235 0.4367198 0.35843688 0.40388188 0.40710264 0.4580261 0.4772891 0.58394134 0.7710416 0.69805866 0.5468574 0.42034665 0.37527907 0.42978927 0.48397213 0.31197554 0.6288913 0.7046114 0.7662878 0.84729046 0.8678658 0.7473312 0.55554146 0.49702823 0.42357945 0.25046468 0.26974595 0.20983475 0.22104838 0.23569937 0.22726339 0.052142963 -0.20325437 -0.20537269 -0.0474565 -0.016341746 -0.07093851 -0.173139 0.038011197 0.14176534 0.27351102 0.3938514 0.5391963 0.55165297
0.08531369 0.07109041 0.07498723 0.19421126 0.19349213 -0.051054507 0.042050097 0.2632594 0.38977465 0.28465804 0.24539588 0.32258368 0.3653714 0.29677573 0.28272992 0.34173304 0.42058578 0.4373236 0.50130635 0.74163204 1.0021353 1.0260984 0.75633734 0.51912093 0.28309458 0.19625948 0.27173898 0.20002976 0.25328794 0.61519563 0.6075971 0.6450706 0.6494281 0.6840667 0.71122694 0.5682105 0.5630947 0.5699005 0.54424465 0.43601164 0.3801998 0.31422207 0.26399127 0.2524593 0.20833012 0.21115723 0.14660513 -0.07775788 -0.09673936 -0.007528189 0.031313267 -0.08884934 -0.1643598 0.08599769 0.2676203 0.3466157 0.36364433 0.3219814
0.095748805 0.2086322 0.34265885 0.41214353 0.42656866 0.3964535 0.108340606 0.12029095 0.278217 0.3207249 0.28066683 0.28966993 0.36627352 0.36777574 0.2964149 0.30091244 0.4359942 0.57391757 0.7514276 0.9293246 0.8446046 0.6460708 0.4394385 0.1572532 -0.048695136 0.07460297 0.17741185 0.12765558 0.0147175975 0.0877191 0.26533896 0.43354058 0.4864134 0.3984421 0.4408967 0.6542226 0.64723516 0.58334607 0.55604017 0.5288977 0.4866895 0.41133994 0.3004543 0.26981577 0.22611633 0.201199 0.25898007 0.26544213 0.13126898 0.07596936 0.07422434 0.06895597 0.02733369 -0.03152673 0.069965206 0.090609245 0.08473147 -0.02244836
0.37989095 0.5763025 0.62179893 0.5012141 0.5458823 0.52337706 0.53130823 0.29604903 0.2637537 0.284142 0.23700383 0.27621403 0.37989503 0.33455497 0.35343352 0.48251095 0.64743054 0.78645766 0.76900375 0.6210128 0.47642612 0.3269234 0.10565509 -0.08887005 -0.11401483 -0.07373007 -0.14123802 -0.07610309 0.0025716082 -0.03968405 -0.074350186 0.035062905 0.05974578 0.40818658 0.5507057 0.53450763 0.47522658 0.4034309 0.36605278 0.38883102 0.39006943 0.37976667 0.33493453 0.26551452 0.19052897 0.15795298 0.11811797 0.11681982 0.1117078 0.14067946 0.051808793 -0.0073191025 0.02596245 0.021352816 -0.044351157 -0.035908837 -0.058082376 0.01845983
0.4541616 0.5138232 0.5018554 0.54310787 0.45185414 0.402507 0.42926925 0.5052245 0.47033492 0.34040958 0.24451563 0.31117588 0.26123592 0.1285952 0.2562934 0.44746414 0.64330703 0.6314683 0.57944256 0.4778196 0.35448536 0.14803724 -0.03915816 -0.062747516 -0.03701568 -0.17058153 -0.07969278 -32767.0 -0.1294144 -0.23000307 0.02109827 0.106266886 0.30194315 0.3757068 0.35128424 0.35047895 0.37974438 0.37441316 0.33975405 0.28721938 0.21380924 0.19384317 0.2361115 0.17922164 0.12015297 0.08023745 -0.060145333 -0.04415108 -0.019528266 -0.13931096 -0.22737801 -0.2086647 -0.19579047 -0.21309504 -0.22317454 -0.11434024 0.010554349 -0.037842084
0.61406094 0.41978893 0.37219313 0.32838404 0.37433645 0.26812398 0.29206118 0.34761816 0.3315533 0.32527888 0.32786664 0.33018827 0.2664736 0.22944656 0.20177518 0.35824874 0.46219283 0.46335047 0.44055283 0.37628958 0.29453576 0.13018629 0.048842832 0.039409988 0.060128443 -0.045746796 -0.35205588 -0.31027454 -0.16792238 0.101585 0.16151372 0.22794926 0.22360289 0.22417508 0.2853713 0.29495695 0.27142003 0.27051488 0.25502244 0.22878058 0.1192659 0.13940072 0.09937689 0.07763963 0.0599611 -0.07603494 -0.1896285 -0.16810818 -0.29735342 -0.3184614 -0.29178298 -0.27546212 -0.29006308 -0.259757 -0.17581597 -0.099680066 -0.115650795 -0.11243252
0.32659224 0.22263092 0.23535407 0.26756397 0.27103084 0.36016944 0.4141946 0.32963422 0.43944237 0.42475897 0.33496454 0.28938967 0.25099233 0.19478832 0.2745779 0.36892965 0.4027057 0.4435037 0.3683049 0.24611449 0.113575764 0.010311139 0.055549197 0.024921095 -0.03900574 -0.004059828 -32767.0 -0.07284323 -0.06005052 0.09719958 0.12189418 0.09553613 0.09647669 0.17993785 0.1342723 0.0868898 0.13160041 0.08752039 0.070074394 0.009440228 0.016667757 0.08283026 -0.0020862422 -0.04721795 -0.055883326 -0.25031838 -0.2688689 -0.3193673 -0.27690542 -0.0036119183 0.08746769 0.11110965 0.1141059 0.09554517 0.09787568 0.022814369 -0.054564774 -0.1248359
