static/data/thetao/2023/8/1/0.asc
ncols 137
nrows 93
xllcorner 108.0
yllcorner 17.0
cellsize 0.25
NODATA_value -32767
[rows 0 to 26 of 93, columns 61 to 121 of 137]
-32767.0 -32767.0 -32767.0 -32767.0 -32767.0 -32767.0 -32767.0 -32767.0 -32767.0 -32767.0 -32767.0 -32767.0 -32767.0 -32767.0 -32767.0 -32767.0 -32767.0 -32767.0 -32767.0 21.92552 20.680351 22.15059 23.212528 24.620232 25.489307 25.237087 24.572205 24.165838 24.74575 25.666674 26.357534 26.514408 26.443169 26.687849 27.052622 26.702517 26.54051 26.517282 26.366943 26.506372 26.67942 25.972672 26.302439 26.354086 26.530134 26.07317 25.887217 25.915415 26.037073 26.07038 26.189692 26.35947 26.458435 26.351856 26.219887 26.28702 26.42082 26.607464 26.47073 25.99614 26.177366
26.8962 27.027937 27.385662 27.512419 27.673542 27.789371 28.061796 -32767.0 -32767.0 -32767.0 -32767.0 -32767.0 -32767.0 -32767.0 -32767.0 -32767.0 -32767.0 -32767.0 25.09806 24.012928 21.333387 23.62845 25.601824 26.183872 26.004992 26.139793 26.22567 26.33795 26.280737 26.206167 26.213139 26.412786 26.493345 26.712189 27.180157 27.215204 26.942276 26.802515 26.481491 26.28685 26.02643 26.080065 26.555325 26.745913 26.8196 26.900318 26.578268 26.752506 27.113815 27.296164 27.27496 27.03711 26.927744 26.910442 26.949791 26.98466 26.88892 26.698309 26.439129 26.1211 26.452297
27.45128 27.04559 26.548374 26.304005 26.448994 26.518667 27.33994 27.381107 26.852251 -32767.0 -32767.0 -32767.0 -32767.0 -32767.0 -32767.0 -32767.0 -32767.0 -32767.0 25.76377 25.41156 24.339445 24.09182 26.332115 26.35337 26.294752 26.494625 26.14512 25.763319 25.817812 25.972128 25.610304 26.348574 26.350328 26.685434 27.313051 27.095297 26.637493 27.033947 26.174255 26.044634 26.048523 26.040188 26.630217 26.758272 26.963041 26.998514 27.294348 27.294937 27.353523 27.40871 27.174387 26.993479 27.003033 26.978357 27.523996 27.226 26.857527 26.625265 26.389698 26.578283 27.028566
26.691929 26.654018 26.41468 26.196003 26.025969 25.892973 25.85973 26.944992 27.195787 -32767.0 -32767.0 -32767.0 -32767.0 -32767.0 -32767.0 -32767.0 -32767.0 26.747904 25.934227 25.540535 24.173344 26.37037 26.832554 26.70768 26.516716 26.405 25.258371 25.35513 25.355085 25.261011 25.362837 25.795094 26.31922 27.035204 26.78821 26.83695 26.868414 26.397787 26.272295 26.59765 26.401926 26.169804 26.545383 26.803354 27.22728 27.234026 27.375628 27.36365 27.44383 27.499483 27.373579 26.908642 27.003862 27.490517 27.728542 27.811253 26.949894 26.661299 26.57803 26.7656 26.945892
26.818142 26.920462 26.866243 26.682905 26.317678 25.900352 25.71117 26.46183 -32767.0 -32767.0 -32767.0 -32767.0 -32767.0 -32767.0 -32767.0 -32767.0 -32767.0 -32767.0 -32767.0 25.005693 24.319687 25.283283 26.795027 26.748747 27.04489 26.626795 25.557552 25.83283 25.500105 25.715631 25.601858 25.868029 26.296164 27.091734 27.040289 26.611486 26.267265 26.683777 27.26723 27.582033 27.293226 26.496567 26.533604 27.00438 27.343288 27.314066 27.442995 27.572062 27.641552 27.635895 27.60932 27.52138 27.210207 27.499384 27.611301 27.826857 28.098587 27.301565 27.026192 27.013474 27.331951
26.826624 27.048134 27.279505 27.162277 26.937157 26.910542 26.122509 27.210852 -32767.0 -32767.0 -32767.0 -32767.0 -32767.0 -32767.0 -32767.0 -32767.0 -32767.0 -32767.0 -32767.0 -32767.0 25.260977 25.601126 26.449095 27.056734 26.772505 26.563322 25.988718 26.153519 25.708694 25.82575 26.017118 26.116896 26.167902 26.193338 26.468496 26.824734 26.998514 27.543507 27.450695 27.417074 26.953794 26.501745 26.93939 27.55211 27.659685 27.694452 27.722788 27.75802 27.74847 27.658209 27.619308 27.714006 27.509218 27.432108 27.551231 27.957531 28.041851 28.192734 28.084259 27.729364 28.025717
27.146091 27.38801 27.502426 27.419867 27.305305 26.962 26.409863 27.600801 -32767.0 -32767.0 -32767.0 -32767.0 -32767.0 -32767.0 -32767.0 -32767.0 -32767.0 -32767.0 -32767.0 -32767.0 -32767.0 25.813316 26.964022 27.153395 26.943962 25.405725 26.442667 26.280699 25.976034 25.925585 26.190899 26.397434 27.23251 27.393948 27.23731 27.1627 27.632174 27.342026 27.047071 26.899939 26.880623 27.580736 27.786001 27.763056 27.757837 27.978458 28.25929 28.257801 28.14305 28.051723 27.89117 27.852757 27.80882 27.782404 27.923374 28.221851 28.22195 28.360285 28.273561 28.535563 28.633263
27.317461 27.524174 27.551903 27.434809 27.230894 26.821186 26.748453 -32767.0 -32767.0 -32767.0 -32767.0 -32767.0 -32767.0 -32767.0 -32767.0 -32767.0 -32767.0 -32767.0 -32767.0 -32767.0 -32767.0 -32767.0 26.516619 27.031853 27.213226 25.523935 26.577919 26.402231 26.495575 26.01393 27.30742 27.835772 27.88548 27.648073 27.271553 27.49074 27.447838 27.414286 27.661686 27.771343 27.757883 27.821194 28.052885 28.374392 28.684097 28.609203 28.445694 28.658978 28.72952 28.670424 28.293394 28.024992 28.079344 28.283592 28.408478 28.454218 28.44997 28.48106 28.708086 28.695059 28.607273
27.062532 27.378746 27.540958 27.53469 27.302269 26.537514 -32767.0 28.313255 -32767.0 -32767.0 -32767.0 -32767.0 -32767.0 -32767.0 -32767.0 -32767.0 -32767.0 -32767.0 -32767.0 -32767.0 -32767.0 -32767.0 25.862013 26.29191 26.043283 24.50626 26.360508 26.366968 27.258907 27.5608 27.762815 27.656614 27.581873 27.598763 27.40021 27.451168 27.556147 27.777142 28.374352 28.830566 28.810368 28.707762 28.720663 28.783686 28.630102 28.648258 28.94809 29.097694 28.909163 28.83944 28.636223 28.118528 28.296505 28.409307 28.445133 28.432425 28.452518 28.529982 28.573486 28.430958 -32767.0
26.98817 27.416424 27.52277 27.601507 27.651457 27.485584 27.235601 26.968277 28.14191 27.81137 28.040113 28.269875 28.9025 -32767.0 -32767.0 -32767.0 -32767.0 -32767.0 -32767.0 -32767.0 -32767.0 -32767.0 -32767.0 25.530848 25.773264 24.244642 26.206831 26.176056 27.039848 27.589025 27.603539 27.598381 27.510826 27.515171 27.536287 27.706036 28.202589 28.60522 28.939861 29.02865 28.904015 28.925169 28.872387 28.762493 28.679401 29.033733 29.2754 29.073841 29.039185 28.940432 28.753311 28.38801 28.383543 28.536438 28.349413 28.380491 28.54072 28.501057 29.093391 29.28687 28.844774
27.021204 27.38964 27.659824 27.793123 27.816164 27.717417 27.425978 27.612648 27.207548 27.877113 28.122555 28.11949 28.361486 -32767.0 -32767.0 -32767.0 -32767.0 -32767.0 -32767.0 -32767.0 -32767.0 -32767.0 -32767.0 -32767.0 25.83814 23.695984 25.733728 26.777447 26.013124 27.066942 27.47258 27.586742 27.685823 27.699524 27.844006 27.877337 28.097654 28.644098 29.184694 29.313885 29.037308 29.01246 28.90618 28.84505 28.94498 29.128647 29.47404 29.50191 29.15893 28.829617 28.86953 28.702501 28.75687 28.764896 28.866901 28.645472 -32767.0 29.44605 29.199846 29.085804 28.74225
27.067102 27.269701 27.350195 27.767654 27.892973 27.887856 27.777626 27.814215 27.452429 27.17307 27.290257 27.116482 27.207409 28.16642 28.286898 -32767.0 -32767.0 -32767.0 -32767.0 -32767.0 -32767.0 -32767.0 -32767.0 -32767.0 -32767.0 23.8311 26.440031 27.137796 27.17585 26.103436 27.292168 27.629246 27.651335 27.741037 27.87646 27.906094 28.157135 28.318113 29.21203 29.219887 29.295183 29.178802 29.310911 29.068106 29.138445 29.231596 29.41724 29.469503 29.485308 29.061747 28.862608 28.968098 28.705507 28.602112 -32767.0 -32767.0 29.386917 29.195835 29.271439 29.343191 29.182909
27.189981 27.33565 27.427174 27.642656 27.800259 27.971205 28.025442 27.960978 27.700365 27.486526 26.607933 26.766155 27.308432 -32767.0 28.424044 -32767.0 -32767.0 -32767.0 -32767.0 -32767.0 -32767.0 -32767.0 -32767.0 -32767.0 -32767.0 24.099556 26.622456 27.443993 27.788048 26.62529 26.926191 27.616009 27.730938 27.91632 27.989313 28.008043 28.229025 28.533796 29.209143 29.389668 29.447844 29.319878 29.299706 29.515928 29.622595 29.590416 29.456736 29.461403 29.45511 28.9747 28.88074 28.696514 28.795343 28.949226 -32767.0 29.923147 29.212334 29.609442 -32767.0 -32767.0 -32767.0
27.303095 27.431467 27.506947 27.669632 27.845837 27.910769 27.903393 27.980495 27.943655 27.533056 27.16177 26.413443 -32767.0 -32767.0 -32767.0 -32767.0 -32767.0 -32767.0 -32767.0 -32767.0 -32767.0 -32767.0 -32767.0 -32767.0 -32767.0 23.651663 26.541697 27.595259 28.170982 27.295414 26.726223 27.41758 27.791624 27.997625 27.667204 27.739775 28.06277 28.942251 28.95194 29.338888 29.39722 29.442497 29.646746 29.690619 29.64535 29.611124 29.62799 29.582832 29.479422 29.200172 28.529478 28.597263 28.86875 28.822468 29.345997 -32767.0 29.825098 -32767.0 -32767.0 -32767.0 -32767.0
27.38198 27.416006 27.440948 27.68859 27.827278 27.859219 27.783281 27.673084 27.696417 27.559114 27.24599 26.619717 27.464476 -32767.0 -32767.0 -32767.0 -32767.0 -32767.0 -32767.0 -32767.0 -32767.0 -32767.0 -32767.0 -32767.0 -32767.0 22.841143 25.75095 28.060352 28.26544 28.16652 27.282318 27.369692 27.775682 27.676292 27.726429 27.881285 28.18187 29.218952 28.586859 29.257599 29.43744 29.596699 29.713419 29.48876 29.385653 29.602526 29.675322 29.511265 29.203 29.08688 28.730213 28.804981 28.869541 29.60095 -32767.0 -32767.0 -32767.0 -32767.0 -32767.0 -32767.0 -32767.0
27.330748 27.470156 27.488949 27.66089 27.789543 27.812607 27.812326 27.691494 27.572504 27.539698 27.496494 26.891708 27.636702 28.080534 -32767.0 -32767.0 -32767.0 -32767.0 -32767.0 -32767.0 -32767.0 -32767.0 -32767.0 -32767.0 -32767.0 23.007233 27.41506 28.582144 28.441896 28.145578 27.74046 27.782442 28.266748 28.800974 28.744358 28.169348 28.422754 28.940113 28.256851 29.347425 -32767.0 29.655415 29.663935 29.497906 29.532804 29.595133 29.561817 29.243212 28.94028 29.059572 28.913591 28.893639 -32767.0 -32767.0 -32767.0 -32767.0 -32767.0 -32767.0 -32767.0 -32767.0 -32767.0
27.319681 27.435429 27.54877 27.820568 27.905176 27.87069 27.853317 27.70405 27.384167 27.363409 27.43464 27.174934 26.9979 27.878622 -32767.0 -32767.0 -32767.0 -32767.0 -32767.0 -32767.0 -32767.0 -32767.0 -32767.0 -32767.0 -32767.0 -32767.0 28.687721 28.71459 28.572882 28.299036 28.23718 28.521294 28.840258 29.005857 29.043432 28.585524 27.94495 27.897583 28.309418 28.996933 29.41717 29.532251 29.639196 29.459658 29.632425 29.552437 29.58936 29.401009 29.49719 28.917175 29.170166 28.750937 -32767.0 -32767.0 -32767.0 -32767.0 -32767.0 -32767.0 -32767.0 -32767.0 -32767.0
27.452427 27.596535 27.728058 27.873411 27.951956 27.875032 27.764286 27.596966 27.195213 27.090572 27.0798 26.985628 26.933868 28.14908 28.036333 -32767.0 -32767.0 -32767.0 -32767.0 -32767.0 -32767.0 -32767.0 -32767.0 -32767.0 -32767.0 25.477753 29.171041 28.922829 28.545408 28.477814 28.596535 28.751137 28.999277 29.151962 29.24105 29.309034 29.06119 28.753353 28.780521 29.09429 29.047314 29.122782 29.161467 29.349283 29.342205 29.373861 28.915302 28.556128 -32767.0 29.015444 29.230415 29.49226 -32767.0 -32767.0 -32767.0 -32767.0 -32767.0 -32767.0 -32767.0 -32767.0 -32767.0
27.533834 27.671719 27.712484 27.78468 27.852468 27.66441 27.236671 26.946484 26.773823 26.664389 26.86576 25.748861 27.59789 27.285955 -32767.0 -32767.0 -32767.0 -32767.0 -32767.0 -32767.0 -32767.0 -32767.0 -32767.0 -32767.0 -32767.0 27.439192 29.209505 29.017418 28.588005 28.695963 28.829927 28.875088 28.905867 29.031088 29.177706 29.054403 29.195124 29.364256 28.923855 -32767.0 -32767.0 28.358328 29.03606 -32767.0 -32767.0 -32767.0 -32767.0 -32767.0 -32767.0 -32767.0 -32767.0 -32767.0 -32767.0 -32767.0 -32767.0 -32767.0 -32767.0 -32767.0 -32767.0 -32767.0 -32767.0
27.563509 27.585096 27.475008 27.365791 27.495256 27.147902 27.030266 26.419508 26.103722 26.440062 26.278183 26.75015 27.363174 -32767.0 -32767.0 -32767.0 -32767.0 -32767.0 -32767.0 -32767.0 -32767.0 -32767.0 -32767.0 -32767.0 25.052313 28.611523 29.099764 29.127577 28.906628 28.960247 28.937237 29.04456 29.179937 29.170538 29.15339 28.938671 28.782757 28.76181 -32767.0 -32767.0 -32767.0 -32767.0 -32767.0 -32767.0 -32767.0 -32767.0 -32767.0 -32767.0 -32767.0 -32767.0 -32767.0 -32767.0 -32767.0 -32767.0 -32767.0 -32767.0 -32767.0 -32767.0 -32767.0 -32767.0 -32767.0
27.515245 27.527166 27.441637 27.51405 27.462133 27.476255 27.208738 26.246895 26.16184 25.881235 25.466368 24.779312 27.071993 -32767.0 -32767.0 -32767.0 -32767.0 -32767.0 -32767.0 -32767.0 -32767.0 24.550406 25.852007 27.030067 27.806532 28.697071 28.803247 28.78896 28.72819 28.944004 29.22855 29.380682 29.298622 29.186907 29.12577 28.774672 -32767.0 -32767.0 -32767.0 -32767.0 -32767.0 -32767.0 -32767.0 -32767.0 -32767.0 -32767.0 -32767.0 -32767.0 -32767.0 -32767.0 -32767.0 -32767.0 -32767.0 -32767.0 30.038153 -32767.0 -32767.0 -32767.0 -32767.0 -32767.0 -32767.0
27.393496 27.342232 27.28387 27.36538 27.299158 27.3143 27.196829 26.788599 26.539207 25.783989 24.692472 23.83876 25.39629 -32767.0 -32767.0 -32767.0 -32767.0 29.834183 26.87059 27.991972 27.41413 26.647598 27.038034 27.704586 28.84628 28.472952 28.72259 28.634172 28.60084 29.115826 29.377413 29.349117 29.392998 29.230463 28.616894 -32767.0 -32767.0 -32767.0 -32767.0 -32767.0 -32767.0 -32767.0 -32767.0 -32767.0 -32767.0 28.435421 29.333073 -32767.0 -32767.0 -32767.0 -32767.0 -32767.0 -32767.0 -32767.0 28.124672 -32767.0 -32767.0 -32767.0 -32767.0 -32767.0 27.247698
27.355202 27.19464 27.15808 27.217602 27.258701 27.199118 27.170958 27.178669 26.413406 24.853724 24.447252 23.572794 -32767.0 27.145527 -32767.0 27.901943 -32767.0 27.227957 -32767.0 26.529816 26.699095 26.581732 27.084816 28.88003 28.254 28.721354 28.48157 28.888052 29.130217 29.330301 28.987383 28.940735 28.534216 -32767.0 -32767.0 -32767.0 -32767.0 -32767.0 -32767.0 -32767.0 -32767.0 29.573143 29.384735 28.259554 28.059315 27.562145 28.642662 28.115635 28.376806 -32767.0 -32767.0 -32767.0 -32767.0 -32767.0 28.001017 28.076305 28.702702 29.021095 29.311924 28.8953 28.567516
27.391619 27.41996 27.341154 27.260878 27.258165 27.174788 27.103794 27.101494 27.030214 25.854027 24.637556 23.939274 24.459246 25.088474 25.29347 25.42592 25.466642 25.52775 26.643295 27.405445 27.941105 28.433304 28.850864 29.036404 -32767.0 28.667046 29.004408 28.996964 28.977257 28.883595 28.81584 -32767.0 -32767.0 -32767.0 -32767.0 -32767.0 27.917765 28.593378 27.979252 28.590994 28.357422 28.587515 29.788616 -32767.0 -32767.0 28.143936 28.448751 28.085194 -32767.0 -32767.0 -32767.0 -32767.0 -32767.0 28.179485 28.306505 28.817198 29.188393 29.395771 29.409882 29.375938 29.309631
27.103178 27.186295 27.101246 27.163939 27.23358 27.220484 27.234911 27.244812 26.906157 26.973413 26.741415 26.483938 26.045624 26.031042 26.89237 27.245173 27.321476 27.46783 27.879623 28.310848 28.770481 29.029394 29.08715 29.237806 29.515478 29.61468 29.137291 29.013212 28.795088 28.512033 27.923641 30.331099 -32767.0 28.197577 28.527554 -32767.0 27.739174 27.823626 27.632013 -32767.0 29.215872 28.981382 -32767.0 -32767.0 -32767.0 -32767.0 28.037401 28.544954 -32767.0 -32767.0 -32767.0 -32767.0 28.686129 29.370892 29.174404 29.259548 29.185228 29.103827 29.023716 28.972118 29.077103
26.615644 26.642258 26.915915 26.974041 27.05061 27.209816 27.337593 27.446949 27.539238 27.510181 27.510918 27.470947 27.597359 27.739235 27.648264 27.803152 27.926924 28.01725 28.420752 28.779392 29.229733 29.359182 29.321815 29.443533 29.628351 29.386211 -32767.0 29.246027 29.092531 -32767.0 -32767.0 30.386995 28.396967 28.074146 27.969252 27.83931 27.960829 27.914255 -32767.0 -32767.0 -32767.0 -32767.0 -32767.0 -32767.0 -32767.0 -32767.0 28.088385 28.621704 28.952715 -32767.0 -32767.0 29.156128 29.308523 29.328714 29.272024 29.145346 29.23572 29.407602 29.229376 28.913242 29.109632
26.704191 26.4785 26.659624 26.789146 26.637825 26.815134 27.171066 27.232038 27.251179 27.161926 27.451431 27.941694 28.19218 -32767.0 -32767.0 27.997541 28.730011 29.065218 29.209957 29.462088 29.59083 29.481009 29.491388 29.5474 29.411486 29.50568 29.483625 29.4227 -32767.0 -32767.0 -32767.0 -32767.0 -32767.0 -32767.0 27.359169 27.51334 27.76291 -32767.0 -32767.0 -32767.0 -32767.0 -32767.0 29.342659 -32767.0 28.707045 28.908232 28.830984 28.683262 28.760914 28.911243 -32767.0 29.348368 29.349522 29.41927 29.291992 29.214478 29.304808 29.35984 29.34428 28.916588 29.235891
