static/data/seaWind_uo/2023/7/7/18.asc
ncols 137
nrows 93
xllcorner 108.0
yllcorner 17.0
cellsize 0.25
NODATA_value -32767
[rows 19 to 37 of 93, columns 0 to 42 of 137]
-1.563543452683637 -2.0072055674791827 -1.8438354024642163 -0.8724235879389515 0.6603729602897022 0.7917097596154594 0.46096525887437556 0.15264411411573864 0.2575533867478983 0.8189381204512869 0.6443562774450977 0.04453150491465774 -0.7547009690311082 -0.367898078333909 -0.27420048369297234 -0.1805028890520357 0.20389749921847278 0.613924580040349 0.8533739885671867 1.0311591681422971 1.204940177006256 1.5533030288764045 1.4459912538175543 1.2650027376735231 1.5500996923074841 1.8015616129677752 1.8512133297860491 1.8624250077772726 1.9753426218317345 1.9353009147202225 1.8079682861056168 1.5877388969923047 1.3162561227762577 1.0183458218666135 0.6787921455609975 0.4105127079138713 0.38889018607365555 0.8854073542563956 1.2545918938245304 1.6702248136420175 2.441428092609726 1.9921601388185688 1.422767063692878
0.7724897402019337 -0.8019501834226916 -0.9356894851751394 -0.3206488639423255 0.07336153403494627 0.42092355176286445 0.4481519125986919 0.36166182523782764 0.2607567233168191 0.22632085520091927 0.035722329350125204 -0.3606905710538366 -0.976532026428881 0.22552002105868896 0.9590840953415767 1.1993343380106447 0.7188338526725087 0.9182415540878353 1.0087358121598506 1.2441810499755372 1.9304959098668415 2.607200760051383 2.7569567446484355 2.4918806435702305 1.8808441930485675 1.824785803092452 1.9088733880266253 2.080251894463894 2.3213029712751916 2.319701302990732 2.126700274713247 1.8303916420880628 1.5260746680405775 1.1921268307305728 1.020748324293304 0.8974198663898494 0.7356513696593434 1.0279558315733763 1.514862990049354 1.9264917391556904 2.0241935045077777 1.6213739309659743 1.278616918091437
1.2089443477174076 0.5138203122615708 0.31441261084624417 0.38408518122027413 0.2887859182948769 0.3200184498418559 0.04773484148357898 -0.170092045203043 -0.18130372319426602 -0.011526885041457824 0.12381408499545055 0.22391835277422878 -0.27339964955074203 1.3514928250343878 1.9785459584006548 2.0554260360547567 2.2364145521987884 2.143517791700082 1.5797305555700025 0.8765981786918635 1.381924522439136 2.435822253614114 2.7481475690839026 2.5094989946992956 2.1907670060916655 2.0826543968905846 2.220397869354183 2.4566439413121004 2.615209101473685 2.551943204237497 2.338120488262027 2.053824367770296 1.8079682861056168 1.492439634066908 1.3474886543232367 1.3026419423583437 1.2193551915664003 1.4003437077104315 1.5380871801740308 1.730287374309285 1.731088208451515 1.6237764333926648 1.4075512149905034
1.0431716802757505 0.4954011269902754 0.3304292936908486 0.3264251229796975 -0.42395646829002454 -1.039797923665069 -1.0389970895228386 -0.5552932676157818 -0.2389637814348422 0.1990924943650918 0.5802895460666795 0.6475596140140185 0.24874421118336576 0.8990215346743096 1.717474028033601 2.176351991531521 2.2596387423234643 2.063434377477059 2.063434377477059 1.8079682861056168 2.610404096620304 2.1138869284375637 2.3180996347062712 2.1066794211574913 2.165941147682528 2.3845688685113795 2.616009935615915 2.8106126321778606 2.7617617495018165 2.678474998709873 2.4606481120232515 2.1683436501092186 1.8904542027553304 1.7054615159001476 1.6726273160687088 1.6421956186639597 1.618170594397053 1.6437972869484203 1.721478198744752 1.6662206429308664 1.630983940672737 1.554904697160865 1.5124604876226635
0.7820997499086966 0.4033052006337994 0.16705912867588246 0.033319826923434714 -0.4688031802549175 -0.8916436073524769 -0.8123610272716846 -0.36149140519606693 -0.061178601859731785 0.27997674273034434 0.45295691745207334 0.9006232029587702 0.49059612213689396 0.8253447935891289 1.2842227570870488 1.717474028033601 1.630983940672737 1.7118681890379892 1.7294865401670543 1.6566106332241044 1.9256909050134605 1.9048692173154742 2.2772570934525294 2.2636429130346154 2.567159052939872 2.867471856276207 2.903509392676567 2.9283352510857035 2.836239324729228 2.7033008571190105 2.516706501979367 2.2588379081812344 2.040210187352382 1.9216867343023094 1.8528149980705098 1.8039641153944657 1.802362447110005 1.8103707885323073 1.757515735145113 1.7022581793312273 1.6878431647710825 1.6534072966551832 1.6253781016771254
0.6131237458981187 0.30960760599286274 0.09658572415962263 0.051739012194730094 -0.10922865039354557 0.4065085372027202 0.521828653683873 0.7052196722545947 -0.00031520705023480033 0.08297154374170868 0.11580574357314788 0.5618703607953841 0.16625829453365215 0.14543660683566628 0.5538620193730819 1.5348838436051095 1.3987420394259709 1.5276763363250372 1.6461997893751108 1.5565063654453257 1.3138536203495672 1.563713872725398 2.189165337807205 2.66566165243419 3.010821167735417 2.9996094897441936 2.9059118951032574 2.8642685197072857 2.8194218077423927 2.656852476869657 2.5271173458283607 2.382166366084689 2.216393698643032 2.1002727480196497 1.9881559681074177 1.915280061164467 1.864827510203963 1.8496116615015885 1.766324910709645 1.716673193891371 1.7158723597491403 1.7567149010028822 1.7254823694559032
0.2575533867478983 0.6035137361913558 0.656368789578551 0.6507629505829393 0.13262326055998264 0.6507629505829393 1.4459912538175543 1.5725230482899302 0.600310399622435 0.5378453365284774 0.571480370502147 0.3264251229796975 -0.22054459616354727 -0.2693954788395909 0.10219156315523437 1.137670109058917 1.4323770733996404 1.476422951222303 1.5965480725568368 1.811171622674538 1.6445981210906502 2.1387127868467 2.66886498900311 3.146162137772325 2.953161109494841 2.8202226418846235 2.6992966864078594 2.6592549792963474 2.6144082673314553 2.634429120887211 2.5767690626466346 2.4710589558722442 2.362946346671164 2.246825396047781 2.0890610700284262 1.968935948693892 1.9048692173154742 1.8351966469414447 1.7471048912961193 1.7206773646025222 1.7374948815893565 1.7791382569853282 2.004973485094253
-0.19571873775440984 0.1982916602228615 1.168902640605896 1.3683103420212226 0.5226294878261033 0.5426503413818589 1.3611028347411502 1.600552243267988 1.0391675095645994 1.0431716802757505 1.3074469472117252 0.7540705549306388 0.15264411411573864 -0.18771039633210762 0.15264411411573864 0.3496493131043743 1.059188363120355 1.1985335038684144 1.3562978298877688 1.5661163751520886 2.1819578305271325 2.9139202365255596 3.203822196012902 3.019630343299949 2.744944232514982 2.4478347657475674 2.4029880537826753 2.3525355028221706 2.494283145996921 2.5647565505131813 2.612005764904764 2.5559473749486483 2.444631429178647 2.3028837860038966 2.13550945027778 1.9617284414138205 1.8464083249326673 1.7767357545586377 1.7382957157315873 1.7294865401670543 1.7951549398299336 2.4077930586360563 2.656051642727427
-0.3855164294629736 -0.35828806862714613 0.27276923545027243 1.1568901284724427 0.6611737944319325 0.6803938138454577 1.4796262877912238 1.4387837465374824 0.7788964133397758 0.7532697207884085 1.141674279770068 1.1833176551660403 1.3074469472117252 0.5634720290798447 0.03972650006127676 -0.13885951365606397 0.30640426942394194 1.578128887285542 1.5813322238544623 1.5925439018456857 2.3213029712751916 2.832235154018077 2.80821012975117 2.63282745260275 2.479868131436777 2.017786831369936 2.0370068507834618 2.1867628353805135 2.373357190520157 2.539930692104044 2.589582408922318 2.5543457066641877 2.453440604743179 2.3124937957106595 2.116289430864254 1.9040683831732443 1.7959557739721634 1.74790572543835 1.7062623500423784 1.716673193891371 2.014583494801015 2.8282309833069257 3.3055281320761405
0.1494407775468174 0.002888129518686 -0.06438193842865303 0.34724681067768337 0.09898822658631312 0.2327275283387613 1.0311591681422971 1.7775365887008685 1.2409777134066164 0.5722812046443773 0.4954011269902754 1.0760058801071897 1.2265626988464722 0.9390632417858211 0.5314386633906358 0.175868304240415 0.18788081637386833 1.4932404682091378 1.6878431647710825 1.7062623500423784 1.8544166663549704 1.7959557739721634 1.9120767245955466 2.03060017764562 2.036206016641231 1.96012677312936 1.9024667148887837 2.057828538481447 2.2940746104393646 2.503893155703684 2.628823281891599 2.624018277038218 2.495083980139151 2.269248752030227 2.03220184593008 1.78394326183871 1.6702248136420175 1.6486022918018013 1.6934490037666943 1.7431007205849682 1.8688316809151142 2.147521962411233 2.3925772099336826
1.0359641729956786 1.2129485184285587 1.401945375994892 0.9318557345057488 0.1534449482579685 -0.10282197725570397 0.45776192230545476 1.6237764333926648 1.4892362974979867 1.328268634909711 1.599751409125758 2.2756554251680687 1.9449109244269853 1.4211653954084174 0.9014240371010005 0.5554636876575425 0.6243354238893422 1.1184500896453917 1.0391675095645994 0.9759016123284114 1.161695133325824 1.2521893913978395 1.4251695661195685 1.7294865401670543 1.9208859001600787 1.7599182375718034 1.8191799640968402 2.022591836223318 2.2940746104393646 2.548739867668576 2.6944916815544775 2.6544499744429664 2.4558431071698705 2.165941147682528 1.8720350174840346 1.5925439018456857 1.426771234404029 1.4147587222705758 1.528477170467268 1.659013135650795 1.7767357545586377 1.9312967440090714 2.1018744163041103
1.4684146098000008 1.3378786446164739 0.8053239400333729 0.5266336585372544 0.360060156953367 0.2599558891745888 0.4921977904213546 1.1112425823653198 1.1360684407744568 1.3859286931502872 1.5308796728939584 1.003129973164239 1.2529902255400698 1.3683103420212226 1.1104417482230895 0.5234303219683336 -0.3935247708852758 0.05093817805249978 0.11340324114645739 0.10539489972415517 0.16385579210696166 0.755672223215099 1.1849193234505004 1.5156638241915839 1.735092379162666 1.690245667197774 1.8279891396613723 2.081052728606124 2.3621455125289335 2.624819111180448 2.7881892761954137 2.7073050278301616 2.395780546502603 2.009778489947634 1.5452946874541023 1.278616918091437 1.1336659383477659 1.1584917967569028 1.28982859608266 1.405148712563813 1.6886439989133133 1.88805170032864 2.071442718899361
0.5066128049814989 0.30400176699725145 0.6643771310008533 0.35925932281113715 0.23593086490768211 0.4361394004652386 0.7965147644688408 1.5212696631871956 0.8878098566830865 0.6571696237207814 0.39049185435811573 0.6779913114187672 1.1184500896453917 1.1857201575927308 0.9967233000263973 0.5754845412132981 -0.2541796301372168 -0.28140799097304425 -0.16288453792297064 -0.1404611819405246 -0.3278563712223974 0.13742826541336406 0.8846065201141657 1.532481341178419 1.78474409598094 1.7326898767359755 1.690245667197774 1.9160808953066977 2.2708504203146878 2.63362828674498 2.9227294120900917 2.634429120887211 2.2532320691856227 1.6974531744778454 1.260998566962372 1.0167441535821529 0.8085272766022942 0.8133322814556756 0.9775032806128721 1.236172708553235 1.5749255507166207 1.7815407594120196 1.9353009147202225
-0.34707639063592266 -0.3711014149028298 -0.0019168753346954226 0.03892566591904645 0.35925932281113715 0.5858953850622912 1.1208525920720822 1.2105460160018677 0.5706795363599166 0.23352836248099118 0.07736570474609739 0.8213406228779778 0.9911174610307856 0.9494740856348138 1.034362504711218 0.780498081624236 0.5010069659858871 -0.5729116187448469 -0.36549557590721804 0.018904812363290446 -0.026742733743832403 -0.14927035750505713 0.3264251229796975 1.0223499925777646 1.6582123015085641 1.7903499349765517 1.6510047942284927 1.67663148677986 2.0241935045077777 2.4286147463340426 2.8154176370312416 2.601594921055771 2.0466168604902246 1.46601210737331 0.9558807587726559 0.6892029894099903 0.5114178098348798 0.600310399622435 0.8093281107445245 1.2946336009360415 1.757515735145113 1.9609276072715898 1.9841517973962666
-0.5000357118018961 -0.524060736068803 -0.29982717624433963 -0.058776099433041296 0.33683596682869066 0.7220371892414295 1.1432759480545287 0.8021206034644521 0.12621658742214104 -0.1476686892205965 0.465770263727757 1.094425065378485 1.0087358121598506 0.9246482272256769 1.009536646302081 1.2409777134066164 0.8886106908253169 -0.37270308318728995 -0.47280735096606863 -0.08760612855332939 0.36886933251789955 -0.04115774830397623 0.2343291966232215 0.5338411658173263 1.155288460187982 1.4387837465374824 1.1296617676366147 1.1320642700633057 1.207342679432947 1.5789297214277718 2.238016220483248 2.7433425642305216 2.193970342660586 1.4772237853645334 0.7941122620421499 0.42893189318516667 0.4921977904213546 0.5802895460666795 1.0832133873872616 1.542091350885182 1.8984625441776326 1.8504124956438184 1.8736366857684952
-0.15327452821620824 -0.4631973412593058 -0.415147292725492 -0.1797020549098054 0.4361394004652386 0.8221414570202077 0.6731863065653858 0.3264251229796975 -0.19171456704325873 0.33763680097092097 0.9518765880615048 0.9446690807814324 1.0784083825338806 1.1080392457963986 1.0175449877243832 1.2593968986779118 1.0527816899825133 -0.07239027985095525 -0.18530789390541713 0.007693134372067423 0.5963062289112839 0.54665451209301 0.4345377321807784 0.7356513696593434 0.6171279166092698 0.8037222717489128 0.36406432766451813 0.055743182905881206 0.13102159227552246 0.5538620193730819 1.4171612246972662 2.224402040065335 2.7937951151910254 2.0754468896105123 1.0423708461335202 0.4593635905899154 0.5682770339332261 0.9430674124969722 1.4748212829378424 1.7342915450204361 1.7471048912961193 1.6974531744778454 1.4099537174171943
0.3448443082509929 0.04453150491465774 -0.6393808525499556 -0.5937333064428327 0.015701475794369646 0.5314386633906358 0.33923846925538115 -0.12604616738038033 0.2639600598857399 0.7941122620421499 0.9030257053854607 0.600310399622435 1.1104417482230895 1.6101622529747508 1.4772237853645334 0.9142373833766841 1.051980855840283 0.1494407775468174 -0.18771039633210762 -0.016331889894839247 0.7764939109130848 1.3747170151590642 1.1905251624461122 0.82934896430028 0.5818912143511401 0.31120927427732337 -0.379109756325132 -0.7402859544709641 -0.8924444414947073 -0.4423756535613199 0.42012271762063413 1.426771234404029 2.098671079735189 2.7529525739372844 1.74870655958058 1.0736033776804992 1.1953301672994936 1.5725230482899302 1.8456074907904374 1.9441100902847555 1.8311924762302936 1.2593968986779118 0.9502749197770441
0.7740914084863944 0.39369519092703653 -0.5929324723006024 -1.0109678945447806 -0.2758021519774325 0.30720510356617226 0.5114178098348798 0.013298973367679157 0.9238473930834465 1.292231098509351 1.334675308047553 1.034362504711218 1.1648984698947449 1.5372863460318 1.2305668695576233 0.737253037943804 0.5098161415504197 0.5506586828041611 0.18547831394717784 0.22552002105868896 0.879000681118554 1.6486022918018013 1.5116596534804327 1.1096409140808592 0.6051154044758165 0.18067330909379642 -0.6906342376526902 -1.5387175942745 -1.7493369736810496 -1.308878195454425 -0.6858292327993087 0.1462374409778966 1.2666044059579837 2.1867628353805135 2.3933780440759125 2.093866074881808 2.2316095473454065 2.450237268174259 2.6768733304254124 2.395780546502603 1.8095699543900774 1.1673009723214354 0.7492655500772574
0.8301497984425104 0.45696108816322445 -0.6914350717949203 -0.8131618614139147 -0.37030058076059946 0.19108415294278958 0.6211320873204209 0.6827963162721487 0.82934896430028 1.0679975386848874 1.3202602934874088 1.546095521596333 1.4371820782530218 0.822942291162438 0.4401435711763897 0.3272259571219278 0.324022620553007 0.49059612213689396 0.5490570145197005 0.6884021552677599 1.0007274707375484 1.3122519520651066 1.3474886543232367 1.1913259965883425 0.7244396916681204 -0.0011160411924651115 -1.0750346259231989 -1.9423380019585341 -2.189795751907674 -1.6964819202938546 -1.2079730935334165 -0.6722150523813948 0.39289435678480666 1.4748212829378424 2.1595344745446865 2.5495407018108067 2.8426459978670695 2.938746094934697 2.7481475690839026 2.2852654348748316 1.6389922820950393 1.2233593622775514 0.9062290419543815
