static/data/seaWind_uo/2023/7/7/6.asc
ncols 137
nrows 93
xllcorner 108.0
yllcorner 17.0
cellsize 0.25
NODATA_value -32767
[rows 57 to 75 of 93, columns 0 to 43 of 137]
0.625136258031572 1.059188363120355 1.299438605789423 0.8181372863090566 0.24393920632998434 0.14783910926235722 0.9278515637945977 1.1472801187656798 0.9166398858033746 1.4187628929817269 2.5319223506817417 3.3471715074721122 3.3784040390190913 2.98439364104182 2.508698160557065 2.516706501979367 2.7833842713420327 2.9779869679039774 2.91311940238333 2.6304249501760597 2.27885876173699 1.9176825635911574 1.8808441930485675 2.459046443738791 3.2246438837108875 2.98519447518405 3.3463706733298824 3.4408691021130484 3.2198388788575065 2.6544499744429664 1.7895491008343218 2.036206016641231 2.6728691597142613 2.696093349838938 2.8610651831383644 3.7051443690490236 3.971822138411689 3.353578180609954 3.2967189565116084 3.262283088395708 3.087701245389519 2.8066084614667095 2.758558412932896 2.521511506832749
0.45135524916761316 0.6307420970271838 1.0615908655470458 0.773290574344164 0.47858361000344063 0.5074136391237287 0.7941122620421499 0.921444890656756 1.0007274707375484 1.5925439018456857 2.566358218797641 3.078091235682756 2.7625625836440473 2.332514649266415 2.205982854794039 2.359743010102243 2.6264207794649086 2.4750631265833953 2.117090265006484 2.3116929615684296 2.140314455131161 1.9537200999915183 1.9256909050134605 2.234012049772097 2.9539619436370708 2.9267335828012437 3.1741913327503837 3.2831047760936944 3.050862874846928 2.4782664631523166 2.1387127868467 2.3717555222356963 2.751350905652824 2.639234125740592 2.80821012975117 3.51454584319823 3.94139044100694 3.3591840196055656 3.2118305374352043 3.227046386137578 3.042854533424626 2.616009935615915 2.5599515456597994 2.5319223506817417
0.27437090373473305 -0.16208370378074033 0.39529685921149715 0.737253037943804 0.5210278195416427 0.36967016666012986 0.45135524916761316 0.9638891001949581 1.600552243267988 1.9921601388185688 1.9473134268536758 2.2908712738704433 2.1058785870152614 2.036206016641231 2.0121809923743244 2.211588693789651 2.3797638636579985 1.7687274131363355 1.6429964528061904 2.3309129809819544 2.108281089441952 1.8015616129677752 1.5252738338983467 2.036206016641231 3.2070255325818224 3.4672966288066465 3.605040101270245 3.320743980778515 3.0124228360198777 2.5911840772067785 2.835438490586997 2.8474510027204505 2.6480433013051248 2.620014106327066 2.863467685565056 3.4440724386819697 4.131988966857735 3.627463457252692 3.3551798488944145 3.275096434671392 3.09170541610067 2.5551465408064185 2.637632457456131 2.7793801006308816
0.30320093285502114 -0.3166446932311744 0.1734658018137245 0.5186253171149522 0.44975358088315254 0.2831800792992656 0.20790166992962433 1.2089443477174076 1.8311924762302936 1.4115553857016545 1.328268634909711 1.7398973840160479 1.9561226024182088 1.9385042512891437 1.793553271545473 1.9857534656807272 1.9449109244269853 1.4820287902179148 1.5541038630186352 2.2460245619055503 2.062633543334829 1.5340830094628797 1.272210244953595 2.058629372623678 3.1830005083149158 3.4008273950015373 3.3095323027872916 3.025236182295561 2.6952925156967082 2.414199731773898 3.226245551995348 3.0949087526695913 2.9147210706677895 2.9099160658144085 3.150967142625707 3.577811740434418 4.328994165846369 3.7596010907206785 3.1741913327503837 3.1117262696564256 3.249469742120025 2.8034051248977883 2.925932748659013 3.6883268520621884
0.465770263727757 0.1206107484265293 0.5274344926794847 0.656368789578551 0.5874970533467514 0.33843763511315084 0.04933650976803916 1.140072611485608 2.0698410506149005 1.649403125944032 0.9126357150922235 1.2601977328201417 1.8864500320441793 1.8103707885323073 1.6445981210906502 1.838399983510365 1.798358276398854 1.5212696631871956 1.4187628929817269 1.707864018326838 1.8640266760617323 1.334675308047553 1.3066461130694949 2.022591836223318 2.8394426612981483 3.0933070843851307 2.993202816606352 2.8298326515913863 2.499088150850302 2.543134028672965 3.240660566555492 3.0949087526695913 3.0620745528381517 3.05726954798477 3.2374572299865716 3.6602976570841306 4.36503170224673 3.8773237096285222 3.2959181223693776 3.326349819774127 3.464894126379956 3.3776032048768605 3.44647494110866 4.404272575216011
0.4073093713449505 0.4946002928480451 0.627538760458263 0.7628797304951713 0.8765981786918635 0.669982969996465 0.12701742156437135 1.0167441535821529 2.1138869284375637 1.8672300126306536 1.1288609334943849 1.0888192263828733 1.7655240765674152 1.6982540086200761 1.7342915450204361 1.9449109244269853 2.016985997227706 1.716673193891371 1.4323770733996404 1.0671967045426571 1.4852321267868356 1.6574114673663343 1.6774323209220898 1.9304959098668415 2.624819111180448 2.975584465477287 3.011622001877647 2.8690735245606667 2.91311940238333 3.0044144945975755 3.217436376430815 3.0772904015405262 3.0981120892385117 3.114128772083116 3.289511449231536 3.5922267549945617 4.1880473568138505 3.942191275149171 3.8036469685433416 3.8124561441078737 3.8629086950683784 3.878925377912983 4.18324235196047 4.85754469971832
0.04212900248796725 0.7612780622107107 0.7564730573573293 0.7228380233836598 0.8485689837138053 0.9302540662212886 0.6355471018805652 1.2529902255400698 1.5613113702987067 1.4043478784215826 1.2938327667938112 1.2513885572556092 2.0033718168097923 1.9256909050134605 1.8640266760617323 1.7294865401670543 1.761519905856264 1.8912550368975602 1.96012677312936 1.3619036688833805 1.3907336980036686 1.6053572481213698 1.81998079823907 2.1202936015754053 2.6216157746115267 2.7033008571190105 2.777778432346421 2.9291360852279342 3.038049528571245 3.208627200866283 3.3784040390190913 3.3271506539163567 3.2887106150893053 3.2999222930805288 3.384810712156933 3.577010906292187 3.9213695874511845 3.914162080171113 3.8484936805082337 3.7187585494669375 3.6298659596793823 4.237699073632124 4.991284001470767 5.454966969822069
0.004489797803146622 0.8966190322476191 0.7236388575258901 0.6579704578630117 0.872594007980712 1.0239516608622248 0.9334574027902094 0.928652397936828 1.0143416511554624 1.4195637271239567 1.7158723597491403 1.8632258419195025 2.3437263272576385 2.1547294696913046 1.8864500320441793 1.630983940672737 1.4732196146533822 1.6229755992504349 2.080251894463894 1.7559140668606523 1.5076554827692816 1.4740204487956121 1.6862414964866228 2.095467743166268 2.5062956581303744 2.4646522827344026 2.445432263320877 2.720118374105845 3.114929606225347 3.3447690050454217 3.4408691021130484 3.44327160453974 3.254274746973406 3.2030213618706713 3.3063289662183704 3.5738075697232667 3.9245729240201057 3.6963351934844915 3.6386751352439144 3.778821110134204 4.284948288023708 5.081778259542784 5.60071878370797 5.578295427725523
0.002888129518686 0.8998223688165399 0.7684855694907826 0.7108255112502064 0.97109660747503 1.1857201575927308 0.6307420970271838 0.30560343528171163 0.8397598081492728 1.609361418832521 2.1250986064287862 2.229207044918716 2.251630400901162 2.133907781993319 2.170746152535909 2.1275011088554776 1.8167774616701489 1.3659078395945317 1.4884354633557568 1.4820287902179148 1.380322854154676 1.3250652983407902 1.4539995952398566 1.8416033200792863 2.4069922244938264 2.4686564534455537 2.363747180813394 2.628823281891599 3.0660787235493028 3.3047272979339106 3.3375614977653494 3.26708809324909 2.948356104641459 3.05646871384254 3.48251247750902 3.8765228754862924 4.128785630288814 4.027079694225575 4.216877385934138 4.729411236961484 5.296401809660484 5.60232045199243 5.553469569316388 5.531847047476171
-0.3711014149028298 0.4265293907584762 0.6411529408761769 0.7989172668955313 1.0583875289781246 1.2754135815225163 0.7476638817927967 0.800518935179992 1.5396888484584905 2.10267525044634 2.261240410607925 2.300481283577206 2.27805792759476 1.7006565110467666 1.5228713314716562 1.5885397311345346 1.5444938533118724 1.3691111761634525 1.3562978298877688 1.3891320297192085 1.568518877578779 1.559709702014247 1.5476971898807927 1.7879474325498612 2.3941788782181423 2.4574447754543303 2.3901747075069912 2.6144082673314553 2.957165280205992 3.0628753869803815 3.1805980058882253 3.2110297032929735 3.271092263960241 3.5786125745766477 3.9469962800025518 4.025478025941114 3.854900353646076 4.343409180406514 4.766249607504074 5.187488366317172 5.523037871911638 5.636756320108331 5.663984680944159 5.7208439050425035
-0.24617128871491412 0.14543660683566628 0.5234303219683336 0.7877055889043083 1.1064375775119384 1.2241601964197817 1.285824425371509 1.7495073937228098 2.211588693789651 2.1987753475139677 2.1587336404024557 1.9745417876895037 2.0330026800723107 1.4636096049466194 0.8990215346743096 0.9174407199456049 1.1336659383477659 1.1640976357525146 1.5244729997561168 1.6726273160687088 1.8600225053505812 1.7695282472785663 1.6582123015085641 1.6622164722197152 2.2588379081812344 2.3341163175508757 2.3076887908572785 2.4790672972945464 2.5943874137756997 2.59759075034462 3.0228336798688704 3.5649983941587338 3.8084519733967226 4.15040815212903 4.40026840450486 4.342608346264283 4.390658394798097 4.82711300231357 5.00249567946199 5.344451858194297 5.609527959272503 5.806533158261139 5.8641932165017145 5.007300684315371
0.19348665536948007 0.026112319643362802 0.3856868495047343 0.8221414570202077 1.1592926308991331 1.5853363945656134 1.9537200999915183 2.076247723752743 1.833594978656984 1.864827510203963 1.8007607788255444 1.6694239794997876 1.8448066566482075 1.339480312900934 0.854174822709417 0.9622874319104975 1.2145501867130188 1.263401069389063 1.7142706914646806 1.9841517973962666 2.202779518225119 2.1146877625797935 1.7783374228430984 1.6798348233487803 2.215592864500802 2.3965813806448337 2.202779518225119 2.2083853572207297 2.3389213224042567 2.7753759299197305 3.353578180609954 4.0583122257725535 4.64532365202731 4.944034787079184 4.988881499044076 4.976068152768393 4.927217270092349 5.169870015188108 5.253957600122282 5.341248521625376 5.603121286134661 5.60232045199243 5.543058725467393 4.490762662576875
0.5690778680754565 0.25274838189451687 0.4561602540209946 1.059188363120355 1.3971403711415107 1.8055657836789263 2.1387127868467 1.9665334462672015 1.5525021947341746 1.6053572481213698 1.5044521462003613 1.4467920879597846 1.7118681890379892 1.3939370345725899 0.8982207005320793 1.0167441535821529 1.4291737368307196 1.3466878201810064 1.8135741251012285 2.161136142829147 2.368552185666775 2.27885876173699 1.9537200999915183 1.7543123985761917 2.2452237277633205 2.3877722050803007 2.0241935045077777 1.9088733880266253 2.5455365310996556 3.3095323027872916 3.897344563184278 4.53801187696846 5.023317367159976 5.241144253846597 5.205106717446238 5.215517561295231 5.081778259542784 5.214716727153 5.17948002489487 5.304410151082786 5.543859559609624 5.314020160789548 5.134633312929978 4.380247550949104
0.8461664812871148 0.5482561803774706 0.7925105937576897 1.433978741684101 1.645398955232881 1.7895491008343218 1.9248900708712298 1.9793467925428856 1.6333864430994276 1.5444938533118724 1.18251682102381 1.0463750168446713 1.3883311955769781 1.180114318597119 0.9678932709061092 0.9951216317419367 1.6862414964866228 1.74790572543835 2.0642352116192897 2.175551157389291 2.345327995542099 2.306087122572818 2.10347608458857 2.0153843289432456 2.188364503664974 2.2364145521987884 2.412598063489438 2.3493321662532503 2.9291360852279342 3.7283685591737004 4.240902410201045 4.667747008009757 5.067363244982639 5.320426833927391 5.28519013166926 5.367676048318973 5.252355931837821 5.303609316940555 5.326032672923002 5.499012847644732 5.612731295841424 5.338045185056455 5.148247493347892 4.934424777372421
0.5410486730973982 1.0255533291466854 1.3042436106428044 1.7879474325498612 1.8103707885323073 1.7919516032610123 1.7511090620072705 1.8047649495366955 1.8496116615015885 1.6710256477842482 0.9062290419543815 0.33283179611753955 0.7476638817927967 1.140072611485608 0.9903166268885553 1.0728025435382689 1.8800433589063368 2.0738452213260516 2.2051820206518093 2.286867103159292 2.4150005659161287 2.337319654119797 2.4069922244938264 2.3765605270890773 2.3717555222356963 2.5815740675000156 2.758558412932896 2.9227294120900917 3.3832090438724722 3.8188628172457153 4.234495737063204 4.650128656880691 4.946437289505875 5.203505049161777 5.28519013166926 5.4101202578571765 5.380489394594658 5.451763633253147 5.4781911599467445 5.503817852498113 5.5863037691478254 5.4861995013690485 5.338045185056455 5.187488366317172
0.5874970533467514 1.186520991734961 1.811171622674538 2.130704445424398 1.9673342804094323 1.6197722626815136 1.5741247165743908 1.8408024859370564 1.9945626412452593 1.6237764333926648 0.7484647159350271 0.03492149520789534 0.20069416264955198 0.6795929797032274 1.0760058801071897 1.2986377716471926 1.9489150951381364 2.1146877625797935 2.161136142829147 2.3437263272576385 2.507897326414835 2.6192132721848362 2.73693589109268 2.7033008571190105 2.611204930762534 2.849052671004911 3.010821167735417 3.213432205719664 3.4721016336600274 3.685924349635498 4.0535072209191725 4.298562468441622 4.559634398808676 4.766249607504074 4.891179733691988 5.007300684315371 5.1090066203786115 5.226729239286454 5.256360102548973 5.2667709463979655 5.193094205312784 5.145044156778971 5.085782430253934 4.956047299212637
1.1080392457963986 1.8952592076087114 2.6192132721848362 2.157932806260226 1.743901554727199 1.4187628929817269 1.5525021947341746 1.8688316809151142 1.9489150951381364 1.4756221170800727 0.6083187410447373 0.016502309936599957 0.10779740215084566 0.5050111366970382 0.9198432223722954 1.3018411082161134 1.7655240765674152 1.9721392852628132 2.2940746104393646 2.558349877375339 2.696894183981168 2.7625625836440473 2.602395755198002 2.5815740675000156 2.56235404808649 2.5999932527713105 2.6440391305939737 2.77297342749304 3.0949087526695913 3.3832090438724722 3.6146501109770077 3.8300744952369388 4.031884699078956 4.217678220076369 4.43470427262076 4.5972736034934965 4.762245436792922 4.738220412526015 4.686166193281052 4.600476940062418 4.514787686843782 4.526800198977236 4.613290286338101 4.596472769351266
2.7753759299197305 3.1293446207854907 2.8394426612981483 1.9761434559739643 1.5052529803425911 1.1072384116541687 1.5404896826007213 2.0209901679388573 1.9032675490310136 1.2505877231133793 0.32562428883746763 -0.2381629472926119 -0.18210455733649633 0.2127066747830053 0.7644813987796315 1.339480312900934 1.626979769961586 1.8119724568167679 2.113086094295333 2.238016220483248 2.228406210776486 2.215592864500802 2.2484270643322417 2.24362205947886 2.125899440571017 2.180356162242672 2.3517346686799407 2.5591507115175696 2.768969256781889 3.0044144945975755 3.182199674172686 3.474504136086718 3.780422778418665 4.061515562341475 4.276939946601406 4.316981653712917 4.303367473295003 4.252914922334499 4.186445688529389 4.123179791293202 4.08393891832392 4.086341420750612 4.1207772888665115 4.240902410201045
2.476664794867856 2.3261079761285735 2.121895269859866 1.8904542027553304 1.4179620588394966 0.7652822329218618 1.2217576939930908 1.8239849689502212 1.7422998864427384 0.959884929483807 -0.4071389513031898 -1.04380209437622 -0.8900419390680165 -0.39512643916973644 0.23593086490768211 0.8285481301580497 1.18251682102381 1.4812279560756845 1.6670214770730971 1.7447023888694289 1.7687274131363355 1.8231841348079914 1.9112758904533158 1.8416033200792863 1.860823339492812 1.9072717197421647 2.090662738312887 2.3573405076755525 2.6488441354473546 2.9323394217968546 3.1293446207854907 3.357582351321105 3.617052613403698 3.8140578123923343 3.942191275149171 3.9750254749806095 3.8885353876197457 3.7916344564098883 3.7459869103027654 3.737978568880463 3.7628044272895997 3.7604019248629093 3.639475969386145 3.87011620234845
