static/data/seaWind_vo/2023/7/27/0.asc
ncols 137
nrows 93
xllcorner 108.0
yllcorner 17.0
cellsize 0.25
NODATA_value -32767
[rows 38 to 56 of 93, columns 0 to 42 of 137]
-0.0762661168185752 0.21198623608562706 0.7386695475649105 1.397913354669892 1.2190901357385813 0.7110898471327183 0.1559371674653658 -0.45793358408988016 -0.7061508879796099 -0.674122848768032 -0.5451210241658426 -0.5326656755835621 -0.569142053574526 -0.5922734152273326 -0.9383541722635509 -1.5299832299218674 -2.082466906321589 -1.8209045860937016 -1.6625437255475655 -1.6491987092094078 -1.7648555174734395 -1.7808695370792287 -1.7283791394824761 -1.6847854194444944 -1.6963511002708977 -1.8084492375114212 -1.7595175109381764 -1.4961758551985351 -1.2693105774498572 -1.1643297822563516 -1.0691353323774946 -0.9000984587608327 -1.16788845327986 -1.9116506971931728 -2.9196442646020038 -3.1215988451861203 -2.567335833274645 -1.6527573802329165 -0.6856885295944353 -0.15900521811515178 0.05540471105124567 0.14881982541834837 0.2449039430530826
0.2004205552592242 0.8908027338199063 1.6514686650948849 1.9931010833517173 0.6843998144564034 -0.08872146540085568 -0.30935906885839337 -0.12964618217120538 0.12568846376554177 0.04828736900422825 -0.3378284370464626 -0.7648689598675031 -1.0744733389127576 -1.1242947332418791 -1.5913703050773922 -2.061114880180537 -2.137626307185973 -1.7853178758586146 -1.6563160512564252 -1.6945717647591434 -1.7782005338115972 -1.7951042211732635 -1.723041132947213 -1.5459972495276566 -1.5388799074806392 -1.5299832299218674 -1.3894157244932748 -1.0807010132038979 -0.7097095590031186 -0.5291070045600534 -0.65899849691812 -1.0620179903304772 -1.8698363126669455 -3.011280043457352 -3.3822714976581305 -2.8538088506670936 -1.8591602995964194 -0.7728759696703977 0.1070054408921215 0.28849766309106384 0.37212643214351737 0.27693198226466054 0.04917703676010543
0.8756783819699945 1.3480919603407706 0.9468518024401678 0.6408060944184222 -0.12341850788006514 -0.15544654709164307 -0.18658491854734383 0.07408773392466639 0.05451504329536849 -0.3218144174406734 -0.6376464707770682 -1.023762276827759 -1.093156361786178 -1.188350811665035 -1.9650307625458026 -2.5086177613867524 -2.4641343735928936 -1.9801551143957146 -1.9276647167989611 -1.9258853812872068 -1.9045333551461554 -1.8831813290051032 -1.6910130937356347 -1.4187747604372216 -1.348491007722925 -1.088708023006792 -0.8662910840375004 -0.6127357736125072 -0.44992657428698557 -0.5326656755835621 -0.9356851689959194 -1.5095208715366928 -2.2639591285205305 -3.141171535815418 -2.950782636057704 -2.0744598965186944 -1.1323017430447733 -0.6990335459325925 -0.18658491854734383 -0.17146056669743226 -0.04868641638638316 -0.12252884012418797 -0.16345355689453767
1.414817042031558 0.7787045965793831 0.13814381234782225 -0.2888967104732183 0.1105641119156302 0.038501023689579306 -0.15010854055638 -0.11897016910067926 -0.48373394901031785 -0.711488894514873 -0.9356851689959194 -0.9081054685637273 -0.9605958661604799 -1.145646759382931 -2.2150274019472866 -2.8173324726761293 -2.8582571894464794 -2.4036369661932464 -2.307552848558512 -2.2586211219852683 -2.181220027223954 -1.8653879738875596 -1.5922599728332694 -1.2079235022943329 -0.9837272278132865 -0.7097095590031186 -0.45526458082224863 -0.2524203324822545 -0.41433986405189893 -0.9632648694281114 -1.3120146297319613 -1.5895909695656378 -2.1999030500973746 -2.7274760293325353 -2.2986561709997404 -1.5629009368893225 -1.2764279194968746 -0.9801685567897778 -0.821807696243642 -0.8502770644317112 -0.7105992267589958 -0.5851560731803152 -0.6038390960537359
0.5767500159952661 -0.06114176496866319 -0.202598938153133 -0.255089335749886 0.14881982541834837 -0.08872146540085568 -0.2764413618909378 -0.4632715906251432 -0.7533032790410998 -0.7728759696703977 -0.8502770644317112 -0.8226973639995192 -1.0949356972979323 -1.3520496787464338 -2.341360223281845 -2.93032027767253 -2.971244994442879 -2.67587529949166 -2.555770152448242 -2.5531011491806104 -2.400967962925615 -2.0851359095892206 -1.4063194118549411 -0.918781481634253 -0.7105992267589958 -0.7177165688060132 -0.46238192286926605 -0.5237689980247908 -0.6198531156595246 -1.0824803487156518 -1.330697652605382 -1.6091636601949353 -2.121612287580184 -2.5397561328424527 -2.0806875708098347 -1.6100533279508125 -1.3226906428024874 -1.1696677887916143 -1.1323017430447733 -1.296000610126172 -1.203475163514947 -1.0789216776921435 -1.0050792539543383
-0.06559010374804908 -0.1545568793357659 -0.20971628020015043 -0.002423693080770395 -0.22306129653830808 -0.4864029522779494 -0.6563294936504884 -0.8298147060465362 -0.8894224456903066 -0.6225221189271561 -0.7212752398295219 -0.8520563999434656 -1.145646759382931 -1.5095208715366928 -2.290649161196846 -2.8733815412963906 -3.0539840957394557 -2.7781870914175335 -2.565556497762891 -2.6536336055947305 -2.4988314160721035 -2.0397628540394845 -1.3333666558730135 -0.7702069664027662 -0.7888899892761865 -0.8404907191170623 -0.9908445698603039 -1.0753630066686348 -0.9623752016722342 -1.1162877234389845 -1.3653946950845914 -1.9187680392401893 -2.4650240413487707 -2.8235601469672695 -2.166095675374043 -1.702578774562038 -1.433009444531256 -1.263082903158717 -1.336035659140645 -1.293331606858541 -1.2025854957590698 -1.5104105392925695 -1.4552511384281854
0.09988809884510408 0.010921323257387261 -0.1136321625654162 -0.1429911985093626 -0.6260807899506649 -0.7524136112852227 -0.9232298204136389 -1.0860390197391605 -1.0824803487156518 -0.7764346406939064 -0.8805257681315348 -1.0113069282454785 -1.004189586198461 -1.343153001187662 -2.0486595315982563 -2.710572341970869 -2.891174896413934 -2.8173324726761293 -2.550432145912979 -2.635840250477187 -2.3449188943053536 -1.8849606645168575 -1.3413736656759077 -0.8627324130139917 -1.0433349674570565 -1.199026824735561 -1.3502703432346794 -1.3716223693757317 -1.2808762582762605 -1.4677064870104655 -1.9356717266018557 -2.4890450707574545 -2.701675664412097 -2.9783623364898966 -2.2087997276561464 -1.8200149183378245 -1.5495559205511653 -1.5086312037808156 -1.5629009368893225 -1.1598814434769658 -1.311124961976084 -1.6198396732654614 -2.0255281699454497
0.06519105636589462 -0.07893512008620673 -0.3084694011025162 -0.4819546134985635 -0.8360423803376764 -0.9250091559253932 -1.0629076580863543 -1.235503202726525 -1.251517222332314 -1.2862142648115236 -1.3840777179580117 -1.2826555937880149 -1.1892404794209122 -1.1776747985945089 -1.5290935621659902 -2.2746351415910566 -2.720358687285518 -2.7933114432674455 -2.74171071342657 -2.6945583223650797 -2.305773513046758 -1.7639658497175623 -1.2283858606795075 -1.0611283225746 -1.3022282844173123 -1.36272569181696 -1.3502703432346794 -1.293331606858541 -1.6385226961388821 -2.381395272296317 -2.8546985184229707 -2.9045199127520918 -2.875160876808145 -2.521073109969032 -2.021969498921941 -1.752400168891159 -1.5299832299218674 -1.4837205066162547 -1.4178850926813444 -1.310235294220207 -1.7612968464499308 -2.3484775653288614 -2.765731742835254
-0.3894291668873384 -0.6385361385329453 -0.6465431483358399 -0.584266405424438 -0.956147527381094 -1.1527641014299483 -1.296000610126172 -1.5887013018097607 -1.9205473747519437 -2.092253251636237 -1.8440359477465074 -1.6385226961388821 -1.5495559205511653 -1.4881688453956405 -1.6616540577916883 -1.977486111128083 -2.372498594737545 -2.7577247330323593 -2.8920645641698113 -2.73548303913543 -2.257731454229391 -1.7541795044029134 -1.352939346502311 -1.2755382517409974 -1.3538290142581881 -1.4018710730755553 -1.4623684804752028 -1.7604071786940536 -2.4374443409165782 -3.1189298419184888 -3.1892135946327858 -3.060211770030596 -2.791532107755691 -2.4178716502872812 -1.962361759278171 -1.677668077397477 -1.3404839979200305 -1.066466329109863 -1.0317692866306536 -1.687454422712126 -2.615377892092012 -3.0530944279835786 -2.5041694226073665
-0.8049040088819757 -1.0388866286776706 -0.739068594947065 -0.4187882028312848 -0.9445818465546911 -1.293331606858541 -1.7007994390502836 -2.2443864378912335 -2.739931377914816 -2.3244565359201785 -1.8315805991642278 -1.5993773148802863 -1.659874722279934 -1.7541795044029134 -2.1491919880123764 -2.2586211219852683 -2.6598612798858707 -3.295084057582168 -3.468569269978216 -2.9436652940106875 -2.3840642755639485 -1.822683921605456 -1.3556083497699425 -1.1803438018621404 -1.215930512097227 -1.4979551907102895 -1.8333599346759812 -2.2728558060793023 -3.0023833658985803 -3.315546415967343 -3.079784460659894 -2.6821029737828 -2.3306842102113188 -2.1589783333270254 -1.9232163780195752 -1.7782005338115972 -1.6919027614915119 -1.6305156863359875 -1.4650374837428344 -1.442795789845905 -1.7390551525530022 -1.6518677124770393 -1.0593489870628456
-0.9410231755311824 -0.7444066014823281 -0.329821427243568 -0.4036638509813728 -1.2595242321352083 -1.7701935240087026 -2.241717434623602 -2.6749856317357827 -2.785304433464551 -2.1002602614391317 -1.5184175490954641 -1.1340810785565276 -1.1153980556831073 -1.5629009368893225 -2.431216666625439 -2.5789015141010485 -2.981031339757528 -3.615364449697949 -3.739028267764875 -3.4009545205315512 -2.785304433464551 -2.0442111928188704 -1.4410164543341506 -1.2399515415059108 -1.3387046624082766 -1.677668077397477 -2.1456333169888677 -2.655412941106485 -3.246152331008924 -3.1972206044356803 -2.7835250979527966 -2.28620082241746 -2.017521160142555 -2.2141377341914095 -2.1500816557682536 -2.0744598965186944 -1.8636086383758053 -1.5459972495276566 -0.9321264979724107 -0.7995660023467126 -1.1198463944624932 -1.4321197767753788 -1.368063698352223
-0.4276848803900566 -0.09850781071550418 -0.29156571374084983 -0.9543681918693396 -1.8013318954644038 -2.1838890304915854 -2.337801552258336 -2.57534284307754 -2.571784172054031 -1.9641410947899254 -1.1643297822563516 -0.6278601254624192 -0.8396010513611851 -1.5335419009453761 -2.196344379073866 -2.432106334381315 -2.852029515155339 -3.5361840194248813 -3.6678548472947017 -3.460562260175322 -3.0584324345188416 -2.441003011940087 -1.8431462799906302 -1.5121898748043239 -1.3182423040231015 -1.5184175490954641 -2.2096893954120236 -2.8244498147231467 -3.2230209693561176 -3.086012134951034 -2.4525686927664903 -2.121612287580184 -2.12606062635957 -2.0602252124246596 -1.8395876089671215 -1.732827478261862 -1.5415489107482707 -0.9846168955691637 -0.8396010513611851 -1.1910198149326665 -1.8814019934933488 -2.3280152069436872 -2.2692971350557936
0.05184604002773696 0.03227334939843951 -0.49085129105733527 -1.4223334314607303 -2.1883373692709713 -2.1082672712420263 -2.2185860729707954 -2.521073109969032 -2.2105790631679008 -1.5459972495276566 -0.7710966341586434 -0.5210999947571593 -1.5015138617337982 -2.0246385021895725 -2.3253462036760557 -2.406305969460878 -2.845801840864199 -3.545080696983653 -3.5913434202892653 -3.3075394061644485 -3.1776479138063825 -2.6687579574446425 -2.011293485851415 -1.4045400763431868 -1.131412075288896 -1.6856750872003716 -2.4401133441842098 -3.0272940630631413 -3.3075394061644485 -2.8982922384609515 -2.4579066993017533 -2.2052410566326377 -1.8751743192022086 -1.7862075436144917 -1.847594618770016 -1.8111182407790527 -1.251517222332314 -0.906326133051973 -1.1403087528476679 -1.7096961166090554 -2.38050560454044 -2.3538155718641245 -2.1100466067537806
-0.1056251527625216 -0.42145720609891635 -0.9926239053720582 -1.9018643518785239 -2.1082672712420263 -2.053107870377642 -2.2746351415910566 -2.4080853049726323 -1.9783757788839602 -0.9730512147427604 -0.20615760917664172 -0.9952929086396898 -2.1838890304915854 -2.4943830772927176 -2.5531011491806104 -2.642067924768327 -3.125157516209629 -3.7461456098118924 -3.649171824421281 -3.456113921395936 -3.24437299549717 -2.4979417483162263 -1.8155665795584386 -1.215930512097227 -1.1581021079652114 -1.7951042211732635 -2.671426960712274 -3.2577180118353275 -3.1473992101065584 -2.680323638271046 -2.2986561709997404 -2.001507140536767 -1.7399448203088794 -2.1999030500973746 -2.2942078322203545 -2.0646735512040455 -1.2790969227645062 -1.2346135349706477 -1.4979551907102895 -2.0557768736452737 -2.1741026851769374 -2.1340676361624644 -1.692792429247389
-0.7363995916794339 -0.9952929086396898 -1.427671437995993 -1.5442179140159022 -1.7515105011352818 -2.1705440141534287 -2.4979417483162263 -2.337801552258336 -1.4454647931135365 -0.43925056121645945 -0.6287497932182964 -1.5860322985421291 -2.2630694607646533 -2.261290125252899 -2.4338856698930695 -3.0139490467249836 -3.4979283059221626 -3.8760371021699593 -3.8128706915026798 -3.7185659093797 -3.034411405110158 -2.2853111546615827 -1.7016891068061608 -1.1910198149326665 -1.183012805129772 -1.7604071786940536 -2.6296125761860467 -3.1518475488859443 -3.0415287471571752 -2.4401133441842098 -1.997948469513258 -1.8013318954644038 -2.1981237145856203 -2.6589716121299936 -2.640288589256573 -2.295987167732109 -1.7088064488531782 -1.9614720915222938 -2.0602252124246596 -2.0006174727808896 -2.1198329520684296 -1.8885193355403662 -1.4098780828784498
-1.2123718410737183 -1.1554331046975799 -1.1323017430447733 -1.2399515415059108 -1.8084492375114212 -2.412533643752018 -2.7079033387032374 -2.1233916230919383 -1.2097028378060872 -0.7346202561676796 -0.9881755665926724 -1.6945717647591434 -1.7995525599526494 -1.767524520741071 -2.525521448748418 -3.1127021676273494 -3.3288914323055008 -3.6607375052476843 -3.809312020479171 -3.758600958394173 -2.8920645641698113 -2.357374242887633 -1.7888765468821233 -1.198137156979684 -0.8894224456903066 -1.5504455883070425 -2.5735635075657854 -3.0940191447539287 -2.876050544564022 -2.2790834803704425 -2.0335351797483443 -2.3031045097791263 -2.9294306099166527 -3.1429508713271725 -3.0922398092421743 -2.5424251361100842 -2.331573877967196 -2.5095074291426296 -2.227482750529567 -2.171433681909306 -1.897416013099138 -1.57001827893634 -1.2097028378060872
-1.1812334696180176 -1.0193139380483731 -1.1029427071008269 -1.6349640251153734 -2.271076470567548 -2.7096826742149918 -2.7692904138587626 -2.0451008605747476 -1.263082903158717 -0.8484977289199569 -1.1056117103684584 -1.6483090414535306 -1.3146836329995928 -1.8983056808550152 -2.7835250979527966 -2.8244498147231467 -2.931209945428407 -3.089570805974543 -3.294194389826291 -3.319994754746729 -3.0673291120776134 -2.6474059313035903 -1.962361759278171 -1.1207360622183704 -0.6109564381007528 -1.767524520741071 -2.785304433464551 -2.940996290743056 -2.6224952341390293 -2.4543480282782446 -2.5993638724862236 -3.1331645260125236 -3.604688436627423 -3.648282156665404 -3.1687512362476107 -2.6821029737828 -2.739931377914816 -2.530859455283681 -2.3902919498550887 -2.2248137472619356 -1.8386979412112443 -1.3947537310285378 -1.1927991504444209
-0.9196711493901302 -1.1207360622183704 -1.6091636601949353 -2.280862815882197 -2.880498883343408 -3.125157516209629 -2.512176432410261 -1.7114754521208098 -1.1545434369417027 -1.2185995153648586 -1.5717976144480943 -1.8013318954644038 -1.5486662527952881 -2.6376195859889413 -2.9890383495604227 -2.6287229084301695 -2.2141377341914095 -2.2257034150178128 -2.4445616829635957 -3.074446454124631 -3.095798480265683 -2.4098646404843866 -1.4926171841750264 -0.9703822114751288 -1.1652194500122288 -2.1945650435621116 -2.8333464922819185 -2.965906987907616 -2.80131845307034 -2.7844147657086737 -3.1589648909329617 -3.69365521221514 -3.8858234474846083 -3.510383654504443 -2.931209945428407 -2.6296125761860467 -2.755055729764728 -2.512176432410261 -2.3146701906055296 -2.2239240795060584 -2.231931089308953 -2.002396808292644 -1.597597979368532
-0.8298147060465362 -1.018424270292496 -1.4036504085873096 -1.9641410947899254 -2.4881554030015773 -2.661640615397625 -2.1029292647067632 -1.4748238290574829 -1.0637973258422315 -1.2621932354028398 -1.6749990741298455 -1.8333599346759812 -1.861829302864051 -2.7728490848822713 -2.6829926415386773 -2.281752483638074 -2.127839961871324 -2.387622946587457 -2.535307794063067 -2.999714362630949 -2.6482955990594674 -1.6394123638947589 -0.8226973639995192 -0.9783892212780234 -2.0095141503396605 -2.810215130629112 -3.474796944269356 -3.719455577135577 -3.520169999819092 -3.1874342591210314 -3.4160788723814632 -3.7354695967413662 -3.7230142481590858 -3.459672592419445 -3.1482888778624356 -2.916085593578495 -2.580680849612803 -2.2986561709997404 -2.2248137472619356 -2.5833498528804344 -2.9641276523958617 -2.820891143699638 -2.1331779684065872
