static/data/seaWind_vo/2023/7/27/12.asc
ncols 137
nrows 93
xllcorner 108.0
yllcorner 17.0
cellsize 0.25
NODATA_value -32767
[rows 0 to 18 of 93, columns 43 to 85 of 137]
1.1826137577476172 1.4263827228579613 1.4130377065198036 1.3890166771111203 2.472632003769511 3.37742411149659 4.469046447957876 5.049999492545666 5.360493539346797 5.345369187496885 5.210139688603556 4.514419503507611 3.7973472922706133 3.11675145902458 3.085613087568879 3.132765478630369 3.220842586462209 3.2137252444151914 3.316926704096943 3.327602717167469 3.202159563588788 2.993087640957654 2.778677711791256 2.3240574885380236 2.066943507089522 1.9610730441401392 1.801822515838126 1.6479099940713762 1.345422957073139 0.9495208057077993 0.8614436978759596 0.6265714103243873 0.4424101848578137 -0.23373730960883377 -0.42145720609891635 -0.2960140525202357 0.021597336327913386 -0.05046575189813751 0.16750284829176865 1.3641059799465596 3.456604541769658 5.182559988171364 6.512613283207729
1.2849255496734917 1.3578783056554193 1.578515909112957 2.533129411169158 3.2626569709884357 3.9121144327787682 4.5224265133105055 4.598937940315942 4.8516035829850575 5.162987297542067 5.500171377019512 4.57758591417489 3.66033845786553 3.083833752057125 3.3854311212994848 3.5936133761747424 3.8649620417172783 4.123855358677535 4.670111360786115 5.0117437790429475 5.135407597109873 4.5615718945691 3.9735015079342926 3.2822296616177336 2.452169645384336 1.8979066334728603 1.6532480006066392 1.6443513230478675 1.2617941880206853 0.8222983166173643 0.36234008682886865 -0.09583880744787265 -0.11185282705366184 0.10433643762448996 0.41749948769325296 1.334746944002613 1.7778014864294427 1.8765546073318082 1.9094723142992636 2.8605271453319556 4.138979710527446 5.46013632800504 6.383611458605541
1.1843930932593716 1.404141028961032 1.8160571999321609 2.801809073444063 3.4850739099577277 4.0135365569487655 4.415666382605245 4.598048272560065 5.013523114554702 5.483267689657847 5.823120772402925 4.895197303023039 3.953928817304995 3.332051055946855 4.004639879389994 4.893417967511285 5.897852863896607 6.240374949909317 6.486812918287292 6.461012553366855 6.148739171053968 5.578462139536704 5.223484704941713 4.870286605858478 4.098944661512974 3.0393503642632664 2.1487929406302215 1.366774983214191 1.1372407021978816 1.0073492098398154 0.9121547599609583 0.17106151931527735 0.07230839841291203 0.34632606722307946 0.9833281804311318 1.6069852773010265 1.7279800921003212 1.5011148143516433 1.7635668023354079 2.8907758490317796 4.2928922322941965 5.5953658268983695 6.431653517422907
1.7262007565885669 2.135447924292064 2.6167581802216118 2.9744046180842334 3.6790214807389505 4.275098877176653 4.791995843341287 4.987722749634264 5.121172913015839 5.024199127625228 5.061565173372069 4.768864481688481 4.450363425084454 3.896100413172979 4.800002853144182 5.910308212478887 6.922750118667103 6.670084475997989 6.573110690607377 6.452115875808083 6.087352095898444 5.832907117717573 5.656752902053894 5.735933332326962 5.5651171231985455 4.34182395886744 2.7528773468708185 1.1221163503479699 1.1158886760568296 1.2110831259356867 1.1594823960948109 0.6212334037891245 0.8436503427584163 1.203076116132792 1.1363510344420047 0.5981020421363181 0.40949247789035836 0.13903348010369943 0.8071739647674525 2.221745696612149 4.0829306419071845 5.5909174881189845 6.180767210265547
2.415693267393372 2.8151540897822205 3.1710211921330873 3.5215502879486915 4.202146121194725 4.711036077556464 5.090924209316016 5.150531948959786 4.445025418549192 4.005529547145871 3.2582086322090498 3.9681635013990295 3.9227904458492944 4.77865082700313 5.597145162410124 6.422756839864135 6.386280461873172 6.195891562115458 6.183436213533177 6.106924786527742 5.728815990279945 5.54198576154574 5.44768097942276 5.444122308399251 5.345369187496885 4.196808114659462 2.6025234961275774 1.1826137577476172 0.5251492861543903 0.5482806478071967 0.5491703155630738 0.9335067861020103 1.1737170801888457 1.4432864102196274 1.2831462141617374 0.9913351902340262 1.0972056531834091 1.1746067479447229 1.414817042031558 2.627434193292138 4.385417678905421 5.711912302918279 5.958350271296254
3.1354344818980007 3.622972412118689 4.00908821816938 4.548226878230944 5.025978463136982 5.5357580872545995 5.15853895876268 4.4770534577607695 3.778664269397193 2.891665516787657 2.212849019053378 3.0811647487894938 4.445915086305069 5.438784301863988 6.046427379128094 6.203898571918353 6.171870532706775 6.158525516368617 5.966357281099149 5.8702731634644145 5.530420080719336 5.384514568755481 5.294658125411887 5.243947063326889 4.980605407587246 3.715497858729914 2.4325969547550383 1.6016472707657634 0.9628658220459569 0.5865363613099148 0.5527289865865825 0.9735418351164828 0.915713430984467 1.1025436597186722 1.2146417969591954 1.736876769659093 1.843636900364353 1.5971989319863775 1.3311882729791042 2.698607613762311 4.791995843341287 6.030413359522305 6.166532526171512
3.9468114752579777 4.435239073234543 5.212808691871188 5.716360641697665 6.101586779992479 5.722588315988805 5.211029356359433 4.094496322733588 3.222621921973963 2.358754531017233 2.5028807074693344 3.766208920814913 5.136297264865751 5.865824824685029 6.133614819204056 6.291975679750193 6.271513321365017 6.21101591396537 6.021516681963533 5.912977215746519 5.696787951068367 5.463694999028549 5.173663310612593 5.098041551363033 4.762636807397341 3.3578514208672927 2.071391845868908 1.7021797271798833 1.5918609254511145 1.2137521292033182 0.9219411052756072 1.0607292751924453 1.0126872163750782 0.8641127011435912 0.841871007246662 1.2991602337675263 1.445955413487259 1.266242526800071 1.2146417969591954 2.5171153915633693 4.6176209631893625 5.846252134055732 6.096248773457216
4.331147945796914 5.546434100325126 6.462791888878609 6.692326169894917 6.531296306081151 5.836465788741082 4.981495075343124 3.4850739099577277 2.7377529950209065 2.834726780411518 3.704821845659388 5.022419792113474 5.781306387876698 6.077565750583795 6.2946446830178235 6.444998533761066 6.41830850108475 6.234147275618176 5.980591965193184 5.888066518581958 5.964577945587394 5.783975391144329 5.24661606659452 5.001067765972422 4.6772287028331325 3.375644775984836 2.050929487483733 1.578515909112957 1.4753144494312056 1.2858152174293689 1.048273926610165 1.0206942261779728 1.0295909037367446 0.9815488449193774 0.6763928046535088 0.7493455606354367 0.7484558928795595 1.2528975104619136 1.4406174069519961 2.426369280463898 3.457494209525535 4.8516035829850575 5.5953658268983695
4.646090331377431 5.974364290902043 6.85780437248807 6.920970783155349 6.271513321365017 5.366721213637938 4.386307346661299 3.76087091427965 3.173690195400719 3.4370318511403606 4.490398474098928 5.437004966352234 5.9005218671642385 5.945894922713974 6.168311861683266 6.430763849667031 6.463681556634485 6.337348735299928 6.146070167786337 6.073117411804409 6.197670897627212 6.4085221557701 5.670987586147929 4.974377733296107 4.431680402211034 3.667455799912547 2.5678264536483675 1.7813601574529514 1.207524454912178 1.0438255878307792 0.915713430984467 0.7164278536679813 0.7751459255558744 0.77336659004412 0.5865363613099148 0.4335135072990419 0.5233699506426359 1.271580533335334 0.77336659004412 0.9735418351164828 1.8240642097350555 3.5882753696394794 4.675449367321378
4.878293615661372 6.006392330113622 6.810651981426581 6.391618468408435 5.697677618824244 4.630076311771642 3.9236801136051715 3.510874274878166 3.4147901572434316 3.6389864317244776 4.3880866821730535 4.984164078610755 5.38807323977899 5.466364002296181 5.691449944533105 6.024185685231165 6.4147498300612416 6.371156110023261 6.340907406323437 6.448557204784574 6.586455706945534 6.7359198899329 5.987709307240201 5.142524939156891 4.420114721384631 3.9681635013990295 3.0749370744983535 2.458397319675476 1.8765546073318082 1.2591251847530538 0.5731913449717574 0.35522274478185123 0.1959722164798383 0.0696393951452805 -0.18658491854734383 -0.08160412335383826 0.09455009230984102 0.26091796265887135 0.8187396455938556 0.8311949941761361 0.9868868514546405 2.5260120691221406 3.601620385977637
5.451239650446269 7.01527556527833 6.88627374067614 6.132725151448179 5.060675505616192 3.8987694164406106 3.0962891006394053 2.8436234579702897 2.818712760805729 2.9174658817080945 3.2608776354766813 3.885424400102453 4.415666382605245 4.6870150481477815 4.868507270346724 5.630062869377579 6.285748005459052 6.362259432464489 6.463681556634485 6.650511785368691 6.711898860524215 6.5046062734048355 6.048206714639848 5.44768097942276 4.773312820467867 4.136310707259815 3.5171019491693056 2.952162924187304 2.331174830585041 1.5162391662015553 0.6452544331978078 0.1514888286859799 -0.15633621484752025 -0.4490369065311084 -0.5139826527101419 -0.29067604598497265 -0.1056251527625216 -0.21683362224716785 -0.10918382378603031 0.15415783195361143 0.4717692208017603 0.7351108765414018 2.3178298142468834
4.685235712636027 5.804437749529504 5.593586491386615 4.968150059004966 4.062468283522009 2.971735614816602 2.770670701988362 2.817823093049852 2.9059002008816917 2.8907758490317796 2.834726780411518 2.992197973201777 3.1550071725272986 3.322264710632206 3.551798991648515 4.651428337912694 5.824900107914679 6.509944279940099 6.473467901949135 6.608697400842464 6.607807733086586 6.208346910697738 5.825789775670556 5.311561812773553 4.674559699565501 3.936135462187452 3.2715536485472074 2.6790349231330137 2.081178191183557 1.4023616934492777 0.6230127393008786 0.07853607270405183 -0.23106830634120223 -0.2702136875997976 -0.5264380012924219 -0.6073977670772446 -0.6154047768801387 -0.5504590307011057 -0.48729262003382656 -0.1625638891386605 0.15860617073299732 0.17906852911817195 1.705738398203392
3.0028739862723026 3.052695380601424 2.9174658817080945 3.0384606965073893 2.7386426627767837 2.675476252109505 2.638110206362664 2.534019078925035 2.459286987431353 2.618537515733366 2.64255854514205 2.7849053860823965 3.0028739862723026 3.5001982618076397 3.586496034127725 4.534881861892785 5.622055859574685 6.385390794117296 6.440550194981679 6.535744644860536 6.494819928090186 6.12293880613353 5.598034830166002 5.016192117822333 4.296450903317705 3.523329623460446 2.786684721594151 2.2048420092504832 1.663034345921288 1.2119727936915639 0.698634498550438 0.19419288096808396 -0.10295614949489007 -0.16434322465041484 -0.35740112767576004 -0.5068653106631245 -0.5602453760157546 -0.5210999947571593 -0.30580039783488466 0.0696393951452805 0.3231947055702733 0.09721909557747255 1.164820402630074
2.00466676417812 2.013563441736892 2.0731711813806624 2.2119593512975007 2.4281486159756525 2.4450523033373184 2.4245899449521437 2.3907825702288115 2.368540876331882 3.211945908903437 4.058909612498501 4.218160140800514 4.469046447957876 4.818685876017602 4.735946774721025 4.948577368375669 5.781306387876698 6.1149317963306355 6.335569399788174 6.385390794117296 6.227919601327036 5.854259143858625 5.34714852300864 4.71904308735936 3.995743201831222 3.173690195400719 2.4922046943988083 1.9415003535108415 1.5393705278543615 1.106991998498058 0.8249673198849958 0.6514821074889481 0.4237271619843932 0.2751526467529062 0.33565005415255356 0.3338707186407992 0.587426029065792 0.6514821074889481 0.5278182894220218 0.16750284829176865 0.13903348010369943 -0.018437712686559138 0.6763928046535088
1.6034266062775178 1.8009328480822488 1.9023549722522461 2.061605500554259 2.2582220746031134 2.421920941684512 2.7688913664766077 2.824050767340992 3.5028672650752712 4.454811763863841 5.060675505616192 5.118503909748208 5.317789487064694 5.584689813827843 5.484157357413723 5.63629054366872 5.6407388824481055 5.77774771685319 5.927211899840554 5.938777580666956 5.785754726656084 5.467253670052058 4.934342684281634 4.337375620088054 3.8222579894351743 3.126537804339229 2.5304604079015265 2.0544881585072416 1.641682319780236 1.2689115300677025 0.9575278155106939 0.8294156586643817 0.8009462904763123 0.5785293515070205 0.7075311761092098 0.9192721020079757 1.1550340573154252 0.995783529013412 0.8916924015757834 0.534045963713162 0.23066925895904777 0.05540471105124567 0.646144100953685
1.344533289317262 1.8178365354439152 2.1051992205922403 2.2662290844060076 2.5918474830570513 2.854299471040816 3.47172889361957 4.0678062900572725 4.7466227877915514 5.200353343288907 5.2964374609236415 5.356934868323289 5.390742243046621 5.5909174881189845 5.491274699460741 5.4610259957609175 5.463694999028549 5.364052210370306 5.285761447853115 5.297327128679519 5.242167727815135 4.9921710884136505 4.473494786737261 4.092716987221833 3.5775993565689532 3.1505588337479127 2.733304656241521 2.2546634035796047 1.8249538774909326 1.5020044821075205 1.0980953209392863 0.5518393188307054 0.5118042698162328 0.6372474233949135 0.7867116063822777 0.995783529013412 0.9139340954727126 0.7422282185884193 0.8089533002792069 0.9575278155106939 0.6594891172918427 0.23422792998255648 1.1452477120007762
1.2884842206970002 1.8151675321762837 2.231532041926798 2.8107057510028346 3.136324149653878 3.3284923849233463 4.224387815091654 4.822244547041111 4.9912814206577725 5.110496899945313 5.147862945692154 5.224374372697591 5.258181747420924 5.154980287739171 5.09893121911891 5.06779284766321 5.001957433728299 4.856051921764443 4.734167439209271 4.7217120906269905 4.664773354250852 4.5126401679958565 4.105172335804114 3.7235048685328085 3.4477078642108867 3.1025167749305456 2.7359736595091526 2.147013605118467 1.7155247435180407 1.2324351520767387 0.7066415083533326 0.15771650297712014 -0.024665386977699377 0.2413452720295739 0.3676780933641315 0.28404932431167795 0.20308955852685573 0.5838673580422833 1.3436436215613847 1.493997472304626 1.2964912304998948 0.7582422381942082 1.705738398203392
1.1950691063298977 1.732428430879707 2.3320644983409182 2.9539422596990583 3.6167447378275486 3.6292000864098286 4.413887047093491 4.6318556472833965 4.783988833538393 4.7226017583828686 4.9218873356993535 4.993950423925405 4.9565843781785635 4.705698071021202 4.716374084091727 4.734167439209271 4.667442357518484 4.4521427605962085 4.4770534577607695 4.464598109178489 4.27598854493253 4.106951671315868 3.7679882563266673 3.571371682277813 3.3044713555146625 3.0607023904043187 2.6247651900245064 2.001108093154612 1.1719377446770913 0.47710722733702315 -0.04601741311875163 -0.14388086626523977 -0.28266903618207806 -0.3218144174406734 -0.18658491854734383 -0.2888967104732183 0.0580737143188772 0.894361404843415 1.9939907511075945 1.918368991858035 1.7066280659592692 1.562501889507168 1.7466631149737417
1.0891986433805148 1.5874125866717286 2.0989715463011 2.977073621351865 3.7920092857353507 4.010867553681134 4.123855358677535 4.333816949064546 4.516198839019365 4.5224265133105055 4.638083321574538 4.658545679959712 4.622069301968748 4.525095516578137 4.614062292165854 4.6122829566540995 4.6024966113394505 4.411218043825859 4.505522825948839 4.385417678905421 4.132752036236306 3.8889830711259616 3.6968148358564936 3.5277779622398318 3.3507340788202753 3.1505588337479127 2.5455847597514385 1.8338505550497042 0.9637554898018341 0.22888992344729342 -0.07715578457445238 -0.06647977150392625 0.0660807241217718 -0.09228013642436439 0.0696393951452805 0.07586706943642074 0.4459688558813224 1.4690867751400654 1.5918609254511145 1.4566314265577849 1.3338572762467358 1.8356298905614585 1.8418575648525985
