static/data/seaWind_vo/2023/7/27/18.asc
ncols 137
nrows 93
xllcorner 108.0
yllcorner 17.0
cellsize 0.25
NODATA_value -32767
[rows 38 to 56 of 93, columns 0 to 42 of 137]
-1.2906626035909095 -0.6723435132562776 0.5865363613099148 0.9077064211815724 0.7626905769735941 0.169282183803523 -0.5415623531423339 -0.9881755665926724 -0.7906693247879408 -0.7613102888439944 -0.6999232136884697 -0.5130929849542647 -0.16523289240629202 -0.3182557464171647 -1.1242947332418791 -2.345808562061231 -3.4721279410017245 -3.653620163200667 -3.2470419987648014 -2.746159052205956 -2.471251715639911 -2.4045266339491236 -2.2052410566326377 -1.9214370425078209 -1.6002669826361635 -1.2657519064263485 -0.9107744718313584 -0.5940527507390869 -0.4748372714515465 -0.5646937147951405 -0.7186062365618904 -0.6002804250302272 -1.0166449347807416 -1.9454580719165047 -3.0584324345188416 -3.175868578294628 -2.596694869218592 -1.8386979412112443 -1.168778121035737 -0.9303471624606563 -0.844049390140571 -0.8182490252201333 -0.7986763345908354
-0.5166516559777734 0.5856466935540376 1.2359938231002474 1.0349289102720074 -0.3778634860609351 -1.1581021079652114 -1.2853245970556464 -0.8760774293521489 -0.49529962983672116 -0.5575763727481231 -0.9178918138783758 -1.1723367920592458 -1.2052544990267013 -1.0344382898982851 -1.8102285730231755 -2.852029515155339 -3.4925902993868996 -3.5175009965514605 -3.106474493336209 -2.7230276905531494 -2.5548804846923647 -2.38050560454044 -2.07268056100694 -1.7105857843649326 -1.2008061602473155 -0.7239442430971534 -0.26487568106453496 0.11234344742738456 0.169282183803523 0.057184046563000024 -0.36184946645514593 -0.9116641395872356 -1.7799798693233515 -2.9285409421607755 -3.1678615684917335 -2.6927789868533254 -1.8458152832582617 -0.9774995535221462 -0.25686867126164037 -0.16523289240629202 -0.27199302311155193 -0.5033066396396157 -0.7559722823087314
0.038501023689579306 0.7938289484292951 0.16483384502413712 -0.2969037202761129 -0.8903121134461838 -1.2862142648115236 -1.3013386166614351 -0.906326133051973 -0.9472508498223227 -1.0922666940303007 -1.0451143029688108 -1.2702002452057344 -1.3573876852816968 -1.2773175872527518 -2.570894504298154 -3.5424116937160215 -3.9676728810253077 -3.59935043009216 -3.2666146893940993 -2.960568981372353 -2.7239173583090266 -2.5148454356778926 -2.1883373692709713 -1.6474193736976535 -1.1349707463124048 -0.6803505230591722 -0.22306129653830808 0.06430138861001744 0.05540471105124567 -0.07804545233032956 -0.5228793302689136 -1.1919094826885437 -1.8716156481786999 -2.761283404055868 -2.490824406269209 -1.723041132947213 -0.9623752016722342 -0.7230545753412763 -0.4107811930283902 -0.4819546134985635 -0.5851560731803152 -0.8173593574642561 -0.9472508498223227
0.5393839702484249 0.05896338207475438 -0.5646937147951405 -0.8734084260845174 -1.0104172604896013 -1.348491007722925 -1.5086312037808156 -1.3120146297319613 -1.4668168192545887 -1.7515105011352818 -1.618060337753707 -1.3502703432346794 -1.36272569181696 -1.358277353037574 -3.284408044511643 -4.185641481215214 -4.275497924558808 -3.9116238124050455 -3.7123382350885605 -3.364478142540588 -3.080674128415771 -2.626053905162538 -2.2096893954120236 -1.6358536928712506 -1.1776747985945089 -0.7008128814443468 -0.30580039783488466 -0.0531347551657686 -0.1910332573267297 -0.5718110568421575 -0.9454715143105683 -1.1403087528476679 -1.650088376965285 -2.0744598965186944 -1.7951042211732635 -1.2559655611116995 -1.3271389815818733 -1.2479585513088054 -1.1340810785565276 -1.1429777561152994 -1.1767851308386317 -1.1483157626505625 -1.2524068900881913
-0.07359711355094367 -0.5557970372363688 -0.47750627471917806 -0.5033066396396157 -0.694585207153207 -1.0326589543865308 -1.1927991504444209 -1.5371005719688848 -1.767524520741071 -1.9481270751841362 -1.9356717266018557 -1.6669920643269514 -1.6509780447211622 -1.9258853812872068 -3.8306640466202233 -4.461438485537135 -4.551294928880729 -4.191869155506353 -3.9062858058697825 -3.6571788342241756 -3.360029803761202 -2.9045199127520918 -2.0637838834481683 -1.4072090796108183 -1.0815906809597746 -0.9588165306487255 -0.5638040470392633 -0.48818228778970374 -0.5006376363719842 -0.7426272659705737 -0.871629090572763 -1.066466329109863 -1.5860322985421291 -2.131398632894833 -1.8609396351081737 -1.6518677124770393 -1.723041132947213 -1.553114591574674 -1.5317625654336218 -1.6465297059417763 -1.698130435782652 -1.67055073535046 -1.6527573802329165
-0.22395096429418526 -0.4072225220048815 -0.2737723586233063 -0.2933450492526042 -0.6073977670772446 -0.9543681918693396 -1.1225153977301248 -1.485499842128009 -1.6563160512564252 -1.7764211982998428 -1.7951042211732635 -1.8564912963287878 -1.8458152832582617 -2.715020680750255 -4.096674705627496 -4.7025384473798475 -4.690083098797567 -4.3333263286908235 -3.854685076028907 -3.7158969061120692 -3.4160788723814632 -2.7523867264970963 -1.87784332246984 -1.1376397495800363 -1.0913770262744236 -1.0104172604896013 -1.103832374856704 -1.0575696515510913 -0.8369320480935536 -0.9036571297843414 -1.018424270292496 -1.5540042593305508 -2.121612287580184 -3.040639079401298 -2.4828173964663143 -2.2586211219852683 -1.8805123257374716 -1.6607643900358111 -1.8066699019996668 -1.6545367157446709 -1.7159237909001956 -2.1242812908478155 -2.121612287580184
-0.046907080874628804 -0.23106830634120223 -0.38053248932856665 -0.6723435132562776 -1.0228726090718818 -1.3867467212256432 -1.555783594842305 -1.3573876852816968 -1.3280286493377504 -1.5442179140159022 -1.6669920643269514 -1.7283791394824761 -1.9552444172311536 -2.8778298800757764 -3.864471421343556 -4.391154732822839 -4.377809716484682 -4.239911214323721 -3.7781736490234707 -3.5771087361952305 -3.0842327994392797 -2.4178716502872812 -1.7301584749942305 -1.0682456646216174 -1.1376397495800363 -1.2239375219001216 -1.3182423040231015 -1.2977799456379264 -1.1483157626505625 -1.4063194118549411 -1.7862075436144917 -2.3235668681643014 -2.730145032600167 -3.5913434202892653 -2.8529191829112164 -2.465913709104648 -2.0860255773450977 -1.9312233878224698 -2.07268056100694 -1.490837848663272 -1.6643230610593198 -2.0744598965186944 -2.57534284307754
-0.6438741450682084 -0.7372892594353111 -0.8084626799054844 -0.8849741069109207 -1.415216089413713 -1.7612968464499308 -1.7043581100737923 -1.3716223693757317 -1.2826555937880149 -1.4863895098838862 -1.907202358413787 -2.041542189551239 -2.1652060076181656 -2.112715610021412 -2.500610751583858 -3.215013959553223 -3.6509511599330353 -3.6465028211536494 -3.55842571332181 -3.28529771226752 -2.7283656970884125 -2.126950294115447 -1.5024035294896754 -1.1963578214679296 -1.2435102125294195 -1.348491007722925 -1.251517222332314 -0.9944032408838126 -1.5860322985421291 -2.4338856698930695 -2.9036302449962146 -3.0032730336544575 -3.0984674835333146 -3.0326320695984035 -2.566446165518768 -2.2924284967086 -2.0308661764807128 -1.9276647167989611 -1.8235735893613332 -1.47571349681336 -1.9997278050250125 -2.6002535402421008 -3.0735567863687536
-0.9374645045076737 -1.040665964189425 -0.8627324130139917 -0.6171841123918931 -1.36272569181696 -1.6038256536596722 -1.5335419009453761 -1.4472441286252908 -1.5566732625981823 -2.096701590415623 -2.3048838452908806 -2.240827766867725 -1.9214370425078209 -1.378739711422749 -1.633184689603619 -2.211468730923778 -2.6527439378388533 -2.8173324726761293 -2.9623483168841074 -2.7283656970884125 -2.2879801579292143 -1.7506208333794047 -1.3600566885493284 -1.505072532757307 -1.0771423421803892 -1.3200216395348559 -1.3280286493377504 -1.326249313825996 -2.461465370325262 -3.28529771226752 -3.4009545205315512 -3.369816149075851 -3.260387015102959 -2.9196442646020038 -2.477479389931051 -2.062894215692291 -1.6883440904680032 -1.4196644281930988 -1.3511600109905566 -1.8653879738875596 -2.745269384450079 -3.0940191447539287 -2.5637771622511365
-1.3849673857138889 -1.4436854576017821 -1.1100600491478443 -0.5015273041278614 -1.046003970724688 -1.1999164924914383 -1.348491007722925 -1.6465297059417763 -1.9347820588459785 -2.166095675374043 -2.3102218518261437 -2.2506141121823737 -1.9783757788839602 -1.6047153214155494 -2.271966138323425 -2.6242745696507837 -2.8377948310613044 -2.959679313616476 -2.9828106752692825 -2.5077280936308752 -1.9160990359725587 -1.377850043666872 -1.1367500818241592 -1.5113002070484467 -0.8155800219525018 -0.9739408824986375 -1.4285611057518701 -2.0486595315982563 -2.9872590140486683 -3.4267548854519894 -3.3119877449438344 -3.089570805974543 -2.9240926033813897 -2.761283404055868 -2.5735635075657854 -2.2399380991118476 -1.9917207952221179 -1.7817592048351059 -1.2417308770176652 -1.0958253650538095 -1.6269570153124788 -1.8796226579815944 -1.5664596079128312
-1.5157485458278326 -1.1500950981623168 -0.7372892594353111 -0.9009881265167099 -1.3235803105583646 -1.87784332246984 -2.1251709586036927 -2.056666541401151 -1.6963511002708977 -1.470375490278097 -1.4926171841750264 -1.633184689603619 -1.6758887418857227 -1.236392870482402 -2.576232510833417 -2.920533932357881 -3.164302897468225 -3.384940500925762 -3.185654923609277 -2.625164237406661 -2.021969498921941 -1.3867467212256432 -1.018424270292496 -1.1812334696180176 -1.283545261543892 -1.4410164543341506 -1.8911883388079977 -2.5130661001661383 -3.050425424715947 -3.2123449562855915 -2.941885958498933 -2.651854270082976 -2.595805201462715 -2.9837003430251596 -2.9881486818045455 -2.7176896840178864 -2.211468730923778 -1.627846683068356 -0.9276781591930248 -0.8867534424226751 -1.3653946950845914 -1.7897662146380005 -1.8004422277085266
-1.5780252887392345 -0.4152295318077761 -0.4828442812544407 -1.2008061602473155 -1.9757067756163287 -2.381395272296317 -2.116274281044921 -1.7951042211732635 -1.6518677124770393 -1.452582135160554 -1.2097028378060872 -1.0273209478512677 -1.36272569181696 -1.1518744336740712 -1.7132547876325641 -1.9632514270340482 -2.345808562061231 -3.044197750424807 -2.9739139977105107 -2.5833498528804344 -2.1296192973830785 -1.7701935240087026 -1.4935068519309036 -1.4819411711045003 -1.3280286493377504 -1.4063194118549411 -2.095811922659746 -2.7826354301969194 -3.166082232979979 -3.065549776565859 -2.650964602327099 -2.231041421553076 -2.445451350719473 -2.680323638271046 -2.7079033387032374 -2.5931361981950833 -1.9045333551461554 -1.405429744099064 -1.3022282844173123 -1.6865647549562488 -2.3796159367845626 -2.7274760293325353 -2.4534583605223674
-0.9757202180103919 -0.32715242397593647 -0.5255483335365447 -1.4935068519309036 -2.3404705555259677 -2.1607576688387797 -1.951685746207645 -1.7346068137736164 -1.4303404412636245 -1.2123718410737183 -1.1011633715890725 -1.1643297822563516 -1.6919027614915119 -1.9107610294372956 -1.7515105011352818 -1.594928976100901 -2.127839961871324 -2.93032027767253 -2.7844147657086737 -2.351146568596493 -2.4881554030015773 -2.237269095844216 -1.9276647167989611 -1.5566732625981823 -1.3885260567373976 -1.7541795044029134 -2.4401133441842098 -2.9899280173163 -3.274621699196994 -3.0068317046779662 -2.7746284203940257 -2.4249889923342987 -2.166095675374043 -2.326235871431933 -2.3102218518261437 -2.196344379073866 -1.1847921406415263 -0.9543681918693396 -1.2221581863883673 -1.8235735893613332 -2.431216666625439 -2.570894504298154 -2.382284940052194
-0.6002804250302272 -0.5157619882218962 -0.9659338726957429 -1.9054230229020326 -2.1598680010829026 -2.021969498921941 -1.9579134204987851 -1.5815839597627432 -1.2283858606795075 -0.8084626799054844 -0.7008128814443468 -1.0015205829308296 -1.7648555174734395 -2.131398632894833 -1.9249957135313296 -1.787986879126246 -2.3680502559581593 -3.0219560565278782 -2.949892968301827 -2.5940258659509605 -2.7123516774826233 -2.316449526117284 -1.97214810459282 -1.3645050273287143 -1.3146836329995928 -1.8084492375114212 -2.6972273256327113 -3.2425936599854155 -3.2114552885297143 -2.926761606649021 -2.6171572276037662 -2.22659308277369 -2.0050658115602746 -2.2532831154500053 -2.2586211219852683 -1.9000850163667695 -0.8004556701025898 -0.8529460676993428 -1.0842596842274062 -1.6945717647591434 -2.175882020688691 -2.2924284967086 -2.0433215250629932
-0.9170021461224986 -1.018424270292496 -1.363615359572837 -1.4143264216578357 -1.6696610675945829 -1.9499064106958905 -2.0949222549038686 -1.5406592429923935 -0.9241194881695161 -0.5024169718837386 -0.1056251527625216 -0.41700886731953046 -1.0771423421803892 -1.547776585039411 -1.5459972495276566 -2.3004355065114948 -2.881388551099285 -3.2061172819944512 -3.2274693081355035 -3.0077213724338434 -2.7043446676797287 -2.307552848558512 -1.6758887418857227 -1.141198420603545 -1.1385294173359135 -1.645640038185899 -2.5726738398099083 -3.0780051251481395 -3.0477564214483155 -2.5637771622511365 -2.1438539814771134 -1.8662776416434368 -2.057556209157028 -2.306663180802635 -2.1936753758062344 -1.732827478261862 -1.0807010132038979 -1.3760707081551176 -1.47571349681336 -1.7346068137736164 -2.216806737459041 -2.086915245100975 -1.7016891068061608
-1.5371005719688848 -1.2853245970556464 -1.1714471243033686 -1.188350811665035 -1.4125470861460814 -1.787986879126246 -2.1981237145856203 -1.7016891068061608 -1.0433349674570565 0.04294936246896519 0.5153629408397415 -0.03267239678059397 -0.3111384043701473 -0.8858637746667979 -1.71770312641195 -2.465913709104648 -2.7025653321679743 -3.0077213724338434 -3.0931294769980515 -3.0922398092421743 -2.551321813668856 -2.076239232030449 -1.4250024347283614 -0.9846168955691637 -0.8120213509289931 -1.400091737563801 -2.382284940052194 -2.8778298800757764 -2.672316628468151 -2.126950294115447 -1.8431462799906302 -2.0940325871479915 -2.4098646404843866 -2.461465370325262 -2.3297945424554416 -1.8707259804228227 -1.7248204684589674 -1.9018643518785239 -1.8048905664879125 -2.052218202621765 -1.892967674319752 -1.692792429247389 -1.3974227342961694
-1.7648555174734395 -1.3449323366994164 -1.236392870482402 -1.4516924674046767 -1.6919027614915119 -1.962361759278171 -2.2239240795060584 -1.9561340849870308 -0.8947604522255697 0.10967444415975303 0.24312460754132825 -0.36095979869926875 -0.4241262093665479 -1.2079235022943329 -1.9232163780195752 -1.9854931209309776 -2.1055982679743948 -2.2648487962764077 -2.397409291902106 -2.5379767973306984 -2.596694869218592 -2.2532831154500053 -1.5664596079128312 -0.918781481634253 -0.5086446461748788 -1.5166382135837098 -2.332463545723073 -2.5344181263071897 -2.281752483638074 -2.0041761438043975 -1.97214810459282 -2.5095074291426296 -2.7772974236616563 -2.7096826742149918 -2.336911884502459 -1.9338923910901014 -2.1945650435621116 -1.9854931209309776 -2.0753495642745716 -1.9739274401045743 -1.6349640251153734 -1.235503202726525 -1.2541862255999452
-1.378739711422749 -1.495286187442658 -1.6963511002708977 -2.0646735512040455 -2.4338856698930695 -2.6322815794536782 -2.302214842023249 -1.9169887037284359 -1.1349707463124048 -0.9161124783666215 -0.9552578596252168 -1.0344382898982851 -1.088708023006792 -1.687454422712126 -2.006845147072029 -1.7461724946000188 -1.4445751253576593 -1.5540042593305508 -1.797773224440895 -2.58157051736868 -2.8128841338967434 -2.3244565359201785 -1.4837205066162547 -0.8582840742346058 -1.0967150328096866 -1.6607643900358111 -2.0335351797483443 -2.3128908550937752 -2.2150274019472866 -1.882291661249226 -2.2230344117501812 -2.7221380227972722 -2.9338789486960386 -2.687440980318063 -2.277304144858688 -2.1153846132890437 -2.342249891037722 -2.187447701515094 -2.1536403267917623 -1.992610462977995 -1.8511532897935248 -1.7159237909001956 -1.4828308388603775
-1.8484842865258932 -1.7168134586560728 -1.3333666558730135 -1.405429744099064 -1.8209045860937016 -2.1483023202564993 -2.0041761438043975 -1.3564980175258197 -0.9855065633250408 -1.0958253650538095 -1.273758916229243 -1.3226906428024874 -2.0006174727808896 -1.6420813671623904 -2.0655632189599227 -2.2995458387556176 -2.32712553918781 -2.321787532652547 -1.9650307625458026 -2.731924368111921 -2.4134233115078954 -1.5371005719688848 -0.918781481634253 -1.1518744336740712 -1.9961691340015038 -2.0281971732130812 -2.6278332406742924 -3.0023833658985803 -2.7968701142909542 -2.2541727832058824 -2.35203623635237 -2.8982922384609515 -3.005052369166212 -2.8778298800757764 -2.70078599665622 -2.576232510833417 -2.410754308240264 -2.22659308277369 -2.206130724388515 -2.2853111546615827 -2.3840642755639485 -2.355594907375879 -2.0344248475042215
