static/data/seaWind_vo/2023/7/27/6.asc
ncols 137
nrows 93
xllcorner 108.0
yllcorner 17.0
cellsize 0.25
NODATA_value -32767
[rows 38 to 56 of 93, columns 43 to 85 of 137]
1.5028941498633976 2.161248289212502 2.6514552227008212 2.7849053860823965 2.7306356529738895 2.750208343603187 2.692379939471171 2.8151540897822205 3.3471754077967666 4.251967515523846 5.173663310612593 5.996605984798972 5.886287183070204 5.235050385768117 4.827582553576374 4.989502085146018 5.20569134982417 5.4539086537139 5.63629054366872 5.6158281852835445 5.841803795276345 6.08824176365432 6.227029933571159 6.211905581721247 6.099807444480724 6.220802259280019 6.364038767976243 6.473467901949135 6.560655342025097 6.6852088278479 6.780403277726757 6.824886665520616 6.834673010835264 6.883604737408509 7.029510249372365 7.211002471571307 7.307976256961918 7.166519083777448 6.995702874649032 6.731471551153513 6.363149100220365 5.932549906375817 5.584689813827843
1.7617874668236535 1.8151675321762837 2.0785091879159254 2.1309995855126784 1.9201483273697895 1.8667682620171595 1.7457734472178645 1.705738398203392 1.913030985322772 2.516225723807492 3.433473180116852 4.874734944637864 5.24038839230338 5.308003141750044 5.431666959816971 5.424549617769953 5.157649291006804 5.1709943073449605 5.190566997974258 5.2163673628946965 5.501950712531267 5.784865058900206 5.981481632949061 5.987709307240201 5.913866883502395 6.054434388930988 6.167422193927388 6.363149100220365 6.53752398037229 6.689657166627287 6.841790352882281 6.854245701464562 6.825776333276494 6.790189623041407 6.770616932412109 6.766168593632722 6.874708059849738 6.80798297815895 6.69499517316255 6.536634312616414 6.347135080614576 5.992157646019587 5.561558452175038
1.9423900212667187 1.361436976678928 1.0046802065721838 1.0473842588542879 1.3463126248290163 1.4584107620695392 1.1425787087331447 1.0838606368452517 1.2368834908561246 1.5215771727368184 2.1870486541329397 3.501977597319394 4.244850173476829 4.703918735509448 5.533089083986968 5.534868419498722 5.15853895876268 4.893417967511285 4.763526475153218 4.453032428352087 4.514419503507611 4.800002853144182 5.276864770294344 5.424549617769953 5.613159182015913 5.817782765867662 5.910308212478887 6.1095937897953725 6.306210363844227 6.47791624072852 6.664746469462726 6.756382248318074 6.794637961820792 6.727023212374128 6.566883016316238 6.493040592578431 6.455674546831592 6.435212188446416 6.380942455337909 6.352473087149839 6.127387144912916 5.966357281099149 5.723477983744682
1.6870553753299715 1.4263827228579613 1.0927573144040235 1.0660672817277084 1.286704885185246 0.9851075159428861 0.5509496510748282 0.6292404135920189 1.090977978892269 1.4379484036843646 1.6639240136771651 2.7617740244295903 3.5927237084188652 4.483281132051911 5.259961082932678 5.085586202780753 4.893417967511285 4.727939764918132 4.645200663621555 4.368513991543756 4.14698672033034 4.2030357889506025 4.663883686494975 5.041102814986894 5.2564024119091695 5.475260679854952 5.631842204889334 5.832907117717573 6.074007079560286 6.269733985853263 6.493930260334309 6.583786703677903 6.624711420448254 6.572221022851499 6.429874181911153 6.507275276672466 6.343576409591067 6.2643959793179995 6.273292656876771 6.292865347506069 6.073117411804409 5.952122597005114 5.735043664571085
1.1630410671183196 1.1852827610152488 1.195958774085775 1.1683790736535826 0.7226555279591216 0.28404932431167795 0.3036220149409754 0.8178499778379784 1.2786978753823515 1.52424617600445 1.6390133165126044 2.367651208576005 2.7742293730118703 3.66656613215667 4.240401834697443 4.127414029701043 3.930797455652189 3.720835865265177 3.6380967639686004 3.8934314099053475 4.01531589246052 4.177235424030164 4.425452727919894 4.802671856411813 5.024199127625228 5.267078424979695 5.44768097942276 5.621166191818808 5.862266153661521 6.102476447748355 6.347135080614576 6.404073816990715 6.428094846399398 6.375604448802646 6.391618468408435 6.50638560891659 6.402294481478961 6.240374949909317 6.248381959712211 6.1647531906597575 6.001054323578359 5.876500837755555 5.726146987012314
0.23600726549431084 0.4308445040314104 0.45486553344009395 0.5278182894220218 0.04028035920133366 -0.20437827366488737 0.5642946674129856 1.0616189429483225 1.22887648105323 1.4664177718724338 1.6052059417892721 1.6247786324185696 1.9984390898869802 2.552702101798456 3.1025167749305456 3.0598127226484415 2.8107057510028346 2.574943795695385 2.8534098032849387 3.1585658435508073 3.9601564915961354 4.411218043825859 4.626517640748133 4.691463386927167 4.905873316093565 5.1914566657301355 5.393411246314253 5.5606687844191605 5.771520042562049 6.010840668893007 6.273292656876771 6.32400371896177 6.347135080614576 6.31777604467063 6.3444660773469455 6.480585243996153 6.491261257066677 6.32400371896177 6.031303027278183 5.914756551258273 5.817782765867662 5.725257319256436 5.577572471780826
-0.6492121516034715 -0.4339125546811968 -0.052245087409891866 0.022487004083790563 0.11501245069501609 0.09277075679808666 0.8445400105142935 0.677282472409386 0.8463193460260479 0.8303053264202589 0.9521898089754308 0.835643332955522 1.6479099940713762 2.203952341494606 2.187938321888817 2.05181915523961 1.933493343707947 2.3347335016085498 2.613199509198103 3.284898664885365 4.142538381550954 4.588261927245416 4.632745315039275 4.69680139346243 4.889859296487776 5.179890984903732 5.391631910802499 5.533978751742845 5.7457196776416115 5.924542896572921 6.183436213533177 6.267064982585632 6.314217373647121 6.2848583377031755 6.364038767976243 6.526847967301764 6.5339653093487815 6.335569399788174 6.041979040348708 5.757285358468014 5.633621540401088 5.556220445639775 5.4459016439110055
-0.5415623531423339 -0.0727074457950665 0.3863611162375522 0.51892161186325 0.7173175214238585 0.9335067861020103 1.0438255878307792 0.7030828373298239 0.3240843733261505 0.12124012498615588 -0.2684343520880432 0.19419288096808396 1.18172408999174 1.7822498252088286 1.525135843760327 1.4059203644727865 1.8623199232377736 2.534019078925035 3.1487794982361583 3.937025129943329 4.3925350209524385 4.509971164728225 4.559792559057346 4.743953784523921 4.964591387981457 5.2910994543883785 5.498392041507758 5.586469149339598 5.594476159142493 5.733264329059331 5.916535886770028 6.0250753529870416 6.143401164518705 6.357811093685102 6.460122885610977 6.598021387771938 6.53485497710466 6.357811093685102 6.101586779992479 5.830238114449942 5.577572471780826 5.412983936943551 5.336472509938114
0.206648229550364 0.44863785914895393 0.2635869659265029 0.20486889403860964 0.4691002175341288 0.9014787468904322 0.9210514375197301 0.5215906151308816 0.08565341475106925 -0.23551664512058812 -0.7008128814443468 -0.008651367371910634 1.106102330742181 1.8507542424113703 2.122992575709784 2.3569751955054787 2.6523448904566984 2.90323119761406 3.326713049411592 3.787560946955965 4.145207384818586 4.295561235561827 4.490398474098928 4.748402123303306 5.114055570968822 5.497502373751882 5.743940342129857 5.832907117717573 5.76796137153854 5.697677618824244 5.742161006618103 5.747499013153366 5.973474623146166 6.3097690348677355 6.5597656742692205 6.661187798439217 6.553537999978079 6.427205178643522 6.156746180856863 5.822231104647047 5.647856224495123 5.259961082932678 4.636303986062783
-0.09139046866848721 -0.7960073313232039 -0.8947604522255697 -0.46594059389277476 0.23155892671492495 0.6114470584744756 0.28849766309106384 -0.2515306647263773 -0.8654014162816233 -1.1776747985945089 -0.5415623531423339 0.5029075922574611 1.4450657457313818 2.1212132401980295 2.5455847597514385 2.925472891510989 3.235966938312121 3.3836517857877304 3.5001982618076397 3.6274207508980743 3.8382720090409634 4.189690772612445 4.515309171263488 4.880072951173126 5.2759751025384665 5.584689813827843 5.824010440158801 6.097138441213092 6.2199125915241416 6.21724358825651 6.267064982585632 6.333790064276419 6.428094846399398 6.531296306081151 6.5944627167484295 6.628270091471762 6.451226208052205 6.378273452070278 6.170980864950897 5.8702731634644145 5.7804167201208205 4.820465211529356 3.5802683598365848
-1.1919094826885437 -1.2541862255999452 -0.8191386929760105 -0.08249379110971544 0.40326480359921835 0.0349423526660706 -0.4864029522779494 -0.9730512147427604 -1.330697652605382 -1.373401704887486 -0.38498082810795253 0.5838673580422833 1.3276296019555955 1.8774442750876854 2.3658718730642505 2.907679536393446 3.392548463346502 3.640765767236232 3.895210745417102 4.133641703992183 4.494846812878313 4.754629797594446 5.033095805184 5.282202776829607 5.564227455442669 5.733264329059331 5.834686453229327 6.040199704836954 6.226140265815282 6.352473087149839 6.508164944428344 6.540192983639923 6.567772684072114 6.483254247263783 6.4094118235259785 6.462791888878609 6.359590429196857 6.297313686285455 6.159415184124494 5.924542896572921 5.766182036026786 5.621166191818808 4.723491426138745
-1.452582135160554 -1.0789216776921435 -0.4819546134985635 -0.2933450492526042 -0.9454715143105683 -0.859173741990483 -1.083370016471529 -1.352939346502311 -1.347601339967048 -1.0059689217102155 -0.1251978433918195 0.7084208438650867 1.4228240518344526 2.056267494018996 2.638110206362664 3.167462521109579 3.6158550700716714 4.001970876122362 4.453032428352087 4.928115009990494 5.342700184229255 5.634511208156965 5.8400244597645905 6.011730336648885 6.013509672160639 5.961019274563886 5.867604160196783 5.836465788741082 5.916535886770028 6.15763584861274 6.335569399788174 6.297313686285455 6.250161295223965 6.202119236406599 6.196781229871336 6.2394852821534394 6.28663767321493 6.196781229871336 6.142511496762828 5.912087547990641 5.651414895518631 5.5606687844191605 5.434335963084603
-1.3404839979200305 -0.9890652343485495 -0.6990335459325925 -1.1589917757210886 -1.6545367157446709 -1.3191319717789787 -1.4819411711045003 -1.797773224440895 -1.6616540577916883 -1.0913770262744236 -0.19815059937374713 0.6470337687095622 1.5883022544276058 2.4281486159756525 3.0340123577280034 3.4699495581078157 3.8542860286467526 4.311575255167616 4.815127204994093 5.373838555684955 5.955681268028623 6.2901963442384385 6.432543185178785 6.493930260334309 6.49659926360194 6.360480096952735 6.120269802865899 5.748388680909242 5.7706303748061725 5.841803795276345 6.013509672160639 5.9850403039725695 5.921873893305291 5.901411534920116 5.941446583934589 5.935218909643448 6.046427379128094 5.9850403039725695 5.891625189605467 5.717250309453542 5.487716028437232 5.270637096003203 5.095372548095401
-1.1438674238711766 -0.7871106537644321 -0.8920914489579381 -1.3556083497699425 -1.6714404031063372 -1.5931496405891465 -1.9330027233342242 -2.231041421553076 -2.061114880180537 -0.6990335459325925 0.3151876957673787 1.2359938231002474 2.3614235342848646 3.2404152770915067 3.8329340025057004 4.26353319635025 4.276878212688407 4.5669099011043635 5.008185108019439 5.452129318202146 6.026854688498796 6.357811093685102 6.517061621987116 6.63538743351878 6.766168593632722 6.673643147021497 6.279520331167912 5.902301202675993 5.472591676587321 5.34714852300864 5.489495363948986 5.653194231030385 5.5909174881189845 5.577572471780826 5.630062869377579 5.621166191818808 5.666539247368544 5.612269514260036 5.442342972887497 5.26529908946794 5.214588027382942 5.0811378640013665 4.944129029596283
-1.088708023006792 -1.1892404794209122 -1.2951109423702953 -1.36272569181696 -1.580694292006866 -2.341360223281845 -2.866264199249373 -2.9089682515314776 -1.2710899129616116 0.09366042455396384 1.3641059799465596 2.3667615408201277 3.4735082291313244 4.325809939261651 4.9201080001876 5.06779284766321 5.031316469672245 5.063344508883823 5.282202776829607 5.6549735665421395 5.727036654768191 6.057993059954497 6.24571295644458 6.454784879075714 6.606028397574832 6.668305140486234 6.273292656876771 5.961908942319763 5.464584666784426 4.93256334876988 4.821354879285234 5.016192117822333 5.130959258330488 5.117614241992331 5.192346333486013 5.2359400535239935 5.2564024119091695 5.317789487064694 5.147862945692154 5.104269225654173 5.059785837860314 4.983274410854879 4.862279596055584
-1.2559655611116995 -1.6536470479887937 -2.007734814827906 -2.053107870377642 -2.576232510833417 -3.760380293905927 -3.9374241773254837 -1.9783757788839602 -0.30669006559076184 1.111440337277444 2.345409514679076 3.4735082291313244 4.448584089572701 5.252843740885661 5.644297553471614 5.779527052364943 5.7448300098857334 5.712801970674156 5.803548081773627 5.811555091576522 5.855148811614503 5.894294192873098 6.046427379128094 6.1647531906597575 6.281299666679667 6.369376774511506 6.353362754905717 6.094469437945461 5.704794960871261 5.000178098216544 4.640752324842168 4.415666382605245 4.548226878230944 4.5615718945691 4.620289966456994 4.786657836806024 5.002847101484177 5.128290255062857 5.252843740885661 5.235050385768117 5.007295440263562 4.822244547041111 4.639862657086292
-1.495286187442658 -1.9881621241986092 -2.3146701906055296 -3.6874275379239996 -4.7025384473798475 -5.397368964719917 -3.8360020531554864 -1.438347451066519 0.7529042316589452 2.155910282677239 3.3284923849233463 4.418335385872877 5.248395402106274 5.825789775670556 6.222581594791773 6.396066807187822 6.360480096952735 6.120269802865899 6.222581594791773 6.211905581721247 6.255499301759228 6.306210363844227 6.22347126254765 6.12293880613353 6.266175314829754 6.186994884556686 6.193222558847827 6.181656878021423 5.958350271296254 5.555330777883897 5.078468860733736 4.580254917442521 4.1932494436359535 4.161221404424375 4.191470108124199 4.427232063431648 4.854272586252689 5.184339323683118 5.294658125411887 5.189677330218381 4.892528299755407 4.610503621142345 4.383638343393667
-1.47571349681336 -1.7346068137736164 -2.7070136709473602 -4.952535086781332 -7.459618822843192 -6.645572826215583 -4.025501285157324 -1.9427890686488731 0.5918743678451779 3.1203101300480887 4.707477406532956 5.420101278990568 5.823120772402925 6.420087836596505 6.822217662252985 7.025951578348856 6.9538884901228055 6.541082651395799 6.650511785368691 6.656739459659832 6.646063446589306 6.611366404110095 6.575779693875008 6.4441088660051875 6.332010728764665 6.206567575185984 6.102476447748355 6.0846830926308115 6.119380135110022 6.006392330113622 5.692339612288981 5.122952248527594 4.5820342529542755 4.267091867373758 4.238622499185689 4.278657548200162 4.628296976259888 4.997509094948914 5.154090619983295 5.0820275317572445 4.810678866214708 4.435239073234543 4.1176276843863935
-2.206130724388515 -2.3280152069436872 -3.3573608004935704 -5.848430516949641 -8.401776976317112 -6.347534127996731 -3.9730108875605707 -2.2248137472619356 0.3009530116733439 3.1042961104423 5.181670320415487 6.476136905216766 6.903177428037807 7.3471216382205125 7.544627880025244 7.556193560851648 7.4627784464845455 7.1327117090541154 6.961005832169823 6.9280881252023665 6.907625766817192 6.840900685126405 6.762609922609213 6.822217662252985 6.544641322419308 6.295534350773701 6.14518050003046 6.146070167786337 6.251050962979843 6.241264617665194 6.100697112236601 5.873831834487923 5.523302738672319 5.102489890142419 4.707477406532956 4.454811763863841 4.533992194136909 4.6576560122038355 4.73149843594164 4.668332025274361 4.457480767131472 4.259974525326741 4.042895592892712
