static/data/thetao/2023/7/26/0.asc
ncols 137
nrows 93
xllcorner 108.0
yllcorner 17.0
cellsize 0.25
NODATA_value -32767
[rows 27 to 53 of 93, columns 61 to 121 of 137]
26.588472 26.412886 26.299713 26.122032 25.977993 25.740057 25.86592 26.080791 26.246641 26.028994 27.324566 27.364216 -32767.0 -32767.0 26.717758 26.892756 27.85491 28.234114 28.39994 28.43858 28.367271 28.306849 28.113516 27.865927 27.486902 -32767.0 -32767.0 -32767.0 -32767.0 -32767.0 -32767.0 -32767.0 -32767.0 -32767.0 27.007853 26.390642 27.286867 -32767.0 -32767.0 -32767.0 28.319695 28.386572 28.490648 28.759338 27.971666 27.678797 28.435871 27.64868 27.484798 28.21272 28.56722 28.545513 28.567587 28.545694 28.167786 28.22292 28.381418 28.392445 28.92625 29.37587 29.519758
26.127497 25.812496 25.54263 25.355032 25.259552 25.480494 25.699501 25.966124 26.068806 26.345284 27.32247 27.753315 27.629398 27.738382 27.765738 28.060337 28.206244 28.595257 28.749994 28.78874 28.73081 28.236126 27.929785 -32767.0 27.484932 27.564013 -32767.0 -32767.0 29.800995 -32767.0 -32767.0 -32767.0 -32767.0 -32767.0 -32767.0 26.10047 27.83708 -32767.0 -32767.0 28.175842 28.239906 28.44481 28.744144 28.808048 28.63042 28.517792 28.48409 27.686905 28.31059 28.644194 28.724901 28.505484 28.134434 27.881975 28.004503 28.271769 28.361046 28.499533 29.107847 29.504082 29.618217
26.24283 26.008085 25.620356 25.578812 24.955418 25.052708 25.42074 25.785324 26.052052 25.937914 26.149498 27.693047 27.788656 27.988424 28.059484 28.078947 28.533554 28.830433 29.041285 29.001377 28.83326 28.228018 -32767.0 27.107515 27.408188 27.634438 28.129288 28.587399 -32767.0 29.187384 -32767.0 -32767.0 -32767.0 -32767.0 -32767.0 28.06135 28.369656 28.330341 28.496466 28.781366 29.037083 29.148113 29.36012 29.44717 29.46272 28.778059 28.291494 28.310919 28.537382 28.497478 28.292337 27.951363 27.749208 27.733578 28.119259 28.301826 28.395155 28.600735 29.22435 29.59629 29.66392
26.667583 26.37413 26.139706 26.025257 25.65846 25.113031 25.201515 25.282368 25.654924 25.831537 26.332703 27.026833 27.643097 27.793682 27.988817 28.36413 28.676676 28.876076 29.195965 29.137247 28.926744 28.730589 28.20696 27.99212 27.756582 27.717113 27.929058 28.306046 28.643354 29.6468 -32767.0 -32767.0 -32767.0 -32767.0 27.851736 28.769718 28.624882 28.463823 28.399248 28.583702 28.901003 29.219055 29.520224 29.541931 29.583773 29.36072 27.96723 28.361395 28.34969 28.153957 28.003916 27.921217 27.860056 27.822548 28.273888 28.441753 28.512152 28.643248 29.231344 29.668224 29.691711
26.50794 26.67556 26.253448 25.993776 26.04491 25.773403 25.82409 25.5366 25.460949 25.662529 26.717806 27.683865 27.700043 28.048332 28.361652 28.540424 28.642508 28.87192 28.982704 29.137966 29.167135 28.97874 28.87006 28.818556 28.76449 28.541252 28.1697 28.306309 28.769764 28.997398 -32767.0 -32767.0 -32767.0 -32767.0 28.50452 28.81058 28.515743 28.154285 28.608686 28.825975 29.17554 29.311295 29.511007 29.534466 29.452421 29.584194 28.56232 27.5724 27.728514 27.748405 27.68909 27.51436 27.700052 27.995468 28.402088 28.558107 28.669899 28.639322 29.116568 29.618069 29.690926
27.440617 26.952374 26.425234 26.515413 26.61451 26.661682 26.396969 26.084955 25.774176 25.705238 26.212029 27.073427 27.820866 28.229752 28.517479 28.588749 28.72744 28.775043 28.706379 28.902185 28.96885 29.02696 29.128233 29.139017 28.839806 28.74271 28.413029 28.26806 -32767.0 -32767.0 -32767.0 -32767.0 -32767.0 27.866041 28.428246 28.637226 28.737553 28.610722 28.837374 29.270496 29.336971 29.216475 29.398045 29.680447 29.56436 29.391611 29.533594 29.405588 28.999826 28.354351 27.418232 27.750542 27.690548 28.222803 28.465944 28.561394 28.793764 28.662437 29.082624 29.580605 29.664217
27.430975 27.49964 26.82078 26.627655 27.012308 27.032488 26.747728 26.575344 26.460623 26.509935 26.739977 27.089628 28.056705 28.41288 28.50886 28.607014 28.718634 28.642982 28.711557 29.068054 29.285713 29.216589 29.169327 29.155504 28.865217 28.780975 28.647205 28.290596 -32767.0 -32767.0 -32767.0 -32767.0 -32767.0 27.408838 28.83958 29.11109 29.119265 29.177979 29.356932 29.6358 29.507864 29.35465 29.455751 29.65331 29.63831 29.628925 29.593765 29.626253 29.585375 29.334263 29.093937 28.629612 28.05619 28.344816 28.507313 28.50871 28.738634 28.630749 29.129454 29.645206 29.720032
27.449654 26.899492 26.72615 27.338173 27.457752 27.71795 27.639936 26.84573 26.656254 26.810253 27.159801 27.841097 28.558052 28.615011 28.559935 28.567755 28.552454 28.669308 28.731745 28.928091 29.051401 29.058561 29.023224 29.093418 28.942432 28.810236 28.606836 28.401634 28.847189 -32767.0 29.045368 -32767.0 -32767.0 28.636068 28.971312 29.262331 29.482061 29.50534 29.482595 29.53116 29.630709 29.605192 29.605843 29.594143 29.66643 29.639187 29.620785 29.622581 29.60798 29.55396 29.43877 29.29794 28.869173 28.301348 28.495861 28.54831 28.744576 28.677006 29.196962 29.732174 29.787893
26.78413 26.899446 26.439404 26.5883 26.950178 27.56495 27.975332 27.606962 27.113894 27.088003 27.340794 27.939304 28.46394 28.584085 28.583344 28.630962 28.71713 28.8074 28.756367 29.096077 29.122839 29.027676 28.968819 28.965878 28.974009 28.880173 28.7014 28.45758 28.566545 28.703985 29.057331 -32767.0 28.074238 28.41484 29.072079 29.325594 29.484007 29.47948 29.529535 29.58587 29.569563 29.620213 29.638542 29.64557 29.551895 29.565361 29.565844 29.582285 29.599606 29.601315 29.374825 29.321724 29.280062 28.277895 28.41343 28.546728 28.750156 28.929081 29.220911 29.788485 29.787357
26.411264 26.565466 26.728136 26.761929 27.8358 28.056309 28.15143 28.157495 27.671686 27.451994 27.610313 27.822542 28.238268 28.445059 28.575745 28.778225 28.80728 28.806343 29.071133 29.199976 29.062735 29.075752 29.136824 29.124805 29.009483 28.935358 28.88245 28.787249 28.748344 28.674185 -32767.0 28.854414 29.263302 28.940475 29.220665 29.211618 29.323744 29.524408 29.545116 29.569437 29.583263 29.690279 29.653322 29.626116 29.561617 29.535248 29.535772 29.426815 29.567709 29.63043 29.589657 29.387547 29.33095 28.408787 28.35438 28.459726 28.297205 29.116205 29.378365 29.771463 29.685797
26.457243 26.480068 26.728552 27.332253 27.419994 27.52623 28.092188 28.019655 28.072435 28.12463 28.60447 28.415401 28.559977 28.731339 28.728256 28.66263 28.772724 28.905535 29.068716 29.21358 29.035746 29.072836 29.141964 29.25131 29.334898 29.276585 29.171186 29.072874 28.89286 28.958763 28.92851 29.079437 29.034077 29.107544 29.250484 29.23794 29.213224 29.356813 29.523691 29.56427 29.617327 29.687834 29.60787 29.543873 29.546947 29.612442 29.307348 29.399261 29.578594 29.617796 29.679562 29.532341 29.253597 28.79536 28.211727 28.275244 28.87802 28.90297 29.647911 29.741617 29.406244
26.537548 27.618233 27.596975 27.309984 27.658693 27.9272 28.142937 28.276005 28.314238 28.415089 28.533657 28.694468 28.78846 28.73366 28.547798 28.756977 28.950369 29.020197 29.046263 29.131193 29.149887 29.112835 29.078962 29.240711 29.351799 29.279655 29.300783 29.353874 -32767.0 29.296827 29.087654 -32767.0 29.153332 29.120287 29.08806 29.307066 29.216024 29.393003 29.490688 29.605728 29.595312 29.603264 29.5721 29.618423 29.615582 29.536057 29.287699 29.333338 29.539328 29.576939 29.69565 29.54987 29.219494 29.229141 28.869251 29.007696 29.06383 29.344448 29.704832 29.696913 29.211056
26.593332 27.171957 28.166113 28.121683 28.177315 28.269625 28.308575 28.450403 28.221903 28.317795 28.388088 28.509607 28.635698 28.633259 28.702814 28.927393 28.963535 29.066067 29.02476 29.096842 29.115904 29.163343 29.166561 29.30879 29.427483 29.309362 29.185318 29.284227 29.319277 -32767.0 29.393658 28.842306 29.190794 28.970407 29.13866 29.32673 29.368103 29.469587 29.574623 29.56629 29.579521 29.613604 29.6615 29.67215 29.634007 29.541513 29.488428 29.326462 29.452045 29.470469 29.64207 29.560875 29.18711 29.09089 28.90956 29.132448 29.47562 29.674843 29.61275 29.619635 29.105787
25.920267 27.278633 27.974834 28.38588 28.554276 28.542109 28.495533 28.562006 28.539371 28.463413 28.508888 28.746098 28.908464 28.770094 28.742031 29.038687 29.11875 29.0897 29.20455 29.348827 29.416227 29.46784 29.483738 29.476059 29.378979 29.204735 29.179981 29.075108 29.15943 29.406685 29.25818 29.139204 28.981903 29.119768 29.210752 29.252804 29.478224 29.627634 29.796171 29.580807 29.541952 29.631649 29.688976 29.64876 29.562613 29.370604 29.381638 29.50067 29.388538 29.514818 29.387615 29.429703 29.224249 29.045374 29.310713 29.711977 29.656343 29.577393 29.576052 29.44089 29.103935
26.979477 28.025171 28.25264 28.574478 28.734516 29.00384 28.90099 28.889133 28.84278 28.763828 28.987988 29.045696 29.143663 29.15315 29.096912 29.171907 29.18163 29.29915 29.44695 29.495087 29.498356 29.494186 29.421484 29.312445 29.231 29.170898 29.187344 29.153349 29.102907 29.199142 29.387562 29.356417 29.284416 29.24672 29.332039 29.50997 29.486431 29.588947 29.568176 29.534115 29.560553 29.605583 29.655437 29.612078 29.458576 29.502787 29.428213 29.34823 29.448425 29.52017 29.548368 29.451517 29.485918 29.662716 29.701767 29.621256 29.468386 29.451355 29.525673 29.261398 29.076094
26.865776 28.054647 28.719429 29.064396 28.911358 29.086988 28.831688 28.88314 28.944344 28.884865 28.928055 28.900068 29.065891 29.138777 29.254137 29.252474 29.351263 29.565393 29.565239 29.552889 29.402798 29.310955 29.281641 29.209198 29.147598 29.098286 29.130411 29.071354 29.324766 29.469069 29.2455 29.155725 29.24008 29.31004 29.428041 29.660103 29.583576 29.418589 29.494263 29.401114 29.578342 29.60008 29.559958 29.490091 29.569984 29.582111 29.489475 29.39194 29.344236 29.449284 29.452322 29.510397 29.531713 29.53462 29.38379 29.271175 29.326647 29.461597 29.337091 29.25006 29.013699
27.990658 28.156546 28.54152 28.84803 29.176094 29.024242 28.846724 28.879446 28.970787 29.038416 29.04742 29.09268 29.157833 29.304995 29.322254 29.412088 29.665129 29.717234 29.502527 29.319 29.297379 29.283361 29.248266 29.162012 29.224648 29.162857 29.170738 29.141842 29.17732 29.281965 29.559416 29.508562 29.559364 29.584057 29.58592 29.603434 29.592945 29.430351 29.449127 29.37952 29.571497 29.586752 29.470798 29.539057 29.571962 29.634008 29.487106 29.444271 29.405008 29.329393 29.455591 29.462254 29.453278 29.365662 29.226782 29.292103 29.320015 29.350796 29.35526 29.015993 29.026804
28.247972 28.849703 29.346853 29.339827 29.031504 29.171963 29.348307 29.230057 29.024647 29.05863 29.193323 29.28627 29.362135 29.304445 29.509842 29.785793 29.79269 29.643 29.397467 29.38886 29.316742 29.34395 29.367607 29.369028 29.20827 29.142336 29.324986 29.391863 29.3944 29.403475 29.491524 29.616558 29.605541 29.567862 29.565105 29.46059 29.425018 29.505941 29.419525 29.3966 29.55794 29.623102 29.509214 29.640194 29.56116 29.469534 29.46459 29.51645 29.407663 29.465624 29.305285 29.399271 29.386253 29.262936 29.300903 29.277512 29.412449 29.49234 29.246351 29.024246 29.014912
29.065123 29.927032 29.769587 29.548878 29.394827 29.30219 29.375723 29.20045 29.138746 29.134766 29.25245 29.431978 29.389107 29.516663 29.698769 29.993162 29.892473 29.636213 29.403595 29.29369 29.332018 29.330677 29.286896 29.293543 29.39324 29.353794 29.412819 29.45573 29.524113 29.585567 29.58297 29.517414 29.516098 29.585037 29.611721 29.621181 29.614313 29.519186 29.429384 29.460464 29.49514 29.607882 29.641735 29.648832 29.536102 29.450306 29.350912 29.37979 29.461773 29.452694 29.505125 29.314604 29.259983 29.272049 29.304188 29.558052 29.309618 29.326397 29.241703 29.14751 28.985165
29.971783 29.716383 29.63789 29.573076 29.52191 29.48541 29.317547 29.434582 29.428307 29.453218 29.42382 29.503958 29.44431 29.551702 29.698683 29.918535 30.03453 29.651571 29.38776 29.352953 29.274849 29.293703 29.27122 29.115711 29.031576 29.078167 29.354189 29.280424 29.29773 29.372597 29.557636 29.715345 29.694704 29.6456 29.613623 29.580675 29.541498 29.455133 29.45149 29.523224 29.432945 29.585882 29.672281 29.662466 29.442041 29.406094 29.325026 29.208164 29.278542 29.39355 29.526115 29.412035 29.287386 29.325567 29.474895 29.286098 29.2276 29.217474 29.160107 29.14114 29.131443
29.852148 29.804567 29.611143 29.655817 29.708702 29.315945 29.417513 29.521988 29.299553 29.337875 29.440664 29.491522 29.511292 29.535746 29.70961 29.965425 30.116804 29.674868 29.383451 29.436682 29.258934 29.260187 29.260746 29.27081 -32767.0 29.08441 29.331291 29.461472 29.686182 29.79403 29.734964 29.772896 29.769562 29.70733 29.64148 29.57335 29.521187 29.359371 29.444277 29.528606 29.445868 29.572727 29.668255 29.411852 29.34102 29.432482 29.468788 29.350805 29.14393 29.385616 29.489946 29.37415 29.213163 29.451357 29.304537 29.322912 29.192646 29.002579 29.092941 29.200724 29.214146
29.622854 29.42212 29.685225 29.533846 29.687634 29.534586 29.376713 29.250536 29.516273 29.429031 29.406952 29.421232 29.540207 29.7 29.795815 29.889723 29.951105 29.660656 29.377443 29.430323 29.275055 29.338436 29.030153 29.365423 29.277935 29.439474 29.48957 29.672934 29.821026 29.66149 29.802523 29.692385 29.654581 29.648945 29.654976 29.506798 29.441065 29.278986 29.428986 29.51346 29.4738 29.593851 29.535006 29.622168 29.629116 29.435232 29.473043 29.429459 29.274483 29.176287 29.278427 29.180334 29.361822 29.37384 29.180332 29.133682 28.953184 28.927626 28.951208 29.042923 29.151924
29.349794 29.316038 29.624525 29.650238 29.796108 29.745327 29.587599 29.471441 29.632944 29.5843 29.435003 29.523481 29.7467 30.1203 29.619398 29.65349 29.766315 29.594994 29.381067 29.377068 29.407291 29.13897 29.304972 -32767.0 29.391163 29.347342 29.680128 29.81091 29.660809 29.765514 29.586998 29.44934 29.379272 29.394781 29.530077 29.436424 29.314491 29.317608 29.487957 29.50739 29.507523 29.557405 29.544342 29.681423 29.804432 29.813337 29.809761 29.59082 29.311632 29.258266 29.250393 29.421442 29.48687 29.460217 29.059917 29.032902 28.98916 29.121714 29.222326 29.24816 29.171995
29.384426 29.673145 29.75428 29.677015 29.53963 29.604588 29.554754 29.68309 29.662386 29.61308 29.609558 29.709568 30.242085 30.080818 29.613756 29.684454 29.664373 29.513868 29.359016 29.39385 29.12854 29.142918 29.235464 29.412067 29.240847 29.346823 29.637203 29.629492 29.728474 29.532555 29.363358 29.25968 29.275925 29.309057 29.400743 29.32089 29.202665 29.379232 29.587719 29.513535 29.53362 29.475004 29.50757 29.654968 29.713966 29.7275 29.714138 29.766302 29.240171 29.38973 29.347881 29.419674 29.481096 29.425077 29.486387 29.343008 29.418394 29.428087 29.402548 29.311811 29.402254
29.467411 29.707975 29.76906 29.673054 29.631987 29.615389 29.6643 29.620516 29.41064 29.40361 29.785604 30.07119 30.473171 29.83875 29.6252 29.715254 29.503862 29.425945 29.354319 29.330639 29.130783 29.238567 29.23521 29.364231 29.2467 29.246323 29.501982 29.587286 29.619938 29.418388 29.21465 29.240023 29.286333 29.302856 29.28979 29.193356 29.214167 29.391304 29.615522 29.5092 29.47685 29.323473 29.512928 29.61691 29.641638 29.751762 29.732151 29.61511 29.305515 29.25996 29.323185 29.39415 29.474026 29.526548 29.5383 29.708683 29.678488 29.70871 29.646757 29.39054 29.319046
29.396557 29.386103 29.539124 29.324377 29.133583 29.051308 29.203691 29.298988 29.372454 29.784426 30.168549 30.36905 30.03243 29.535255 29.618982 29.490543 29.404428 29.440994 29.336134 29.475294 29.156445 29.023512 29.201178 29.255161 29.27792 29.30662 29.327911 29.509409 29.536377 29.315598 29.182074 29.155973 29.181126 29.196297 29.158459 29.177988 29.322268 29.56671 29.456778 29.483082 29.277674 29.445467 29.51606 29.589773 29.612799 29.603283 29.637297 29.570646 29.504429 29.26612 29.21965 29.161001 29.42766 29.513714 29.580505 29.614851 29.666422 29.685902 29.57362 29.573967 29.60021
29.599014 29.391941 29.280602 29.058798 28.992435 29.022745 29.138357 29.45019 29.718115 30.124136 29.955278 29.816975 29.455143 29.510756 29.630026 29.400501 29.293577 29.482653 29.597935 29.80387 -32767.0 29.10534 29.241585 29.233345 29.240156 29.319866 29.239887 29.483402 29.523552 29.319399 29.2156 29.148186 29.138254 29.124115 29.187927 29.342455 29.493504 29.479067 29.386332 29.241833 29.246223 29.18831 29.226822 29.234642 29.268677 29.421848 29.585207 29.547247 29.659515 29.330063 29.255749 29.135504 29.24802 29.486137 29.50182 29.587612 29.75959 29.795984 29.735641 29.653627 29.730648
