static/data/thetao/2023/7/26/12.asc
ncols 137
nrows 93
xllcorner 108.0
yllcorner 17.0
cellsize 0.25
NODATA_value -32767
[rows 54 to 80 of 93, columns 61 to 121 of 137]
29.63761 29.54941 29.523111 29.473907 29.270699 29.220695 29.273043 29.49461 29.711937 29.92834 29.985956 29.587805 29.438269 29.443491 29.387114 29.437761 29.54188 29.559856 29.553164 29.516235 29.277987 29.201134 29.269552 29.25762 29.17813 29.330229 29.24248 29.37707 29.417843 29.218481 29.216164 29.180899 29.156946 29.22726 29.351341 29.478636 29.444416 29.327879 29.187828 29.051926 29.012327 28.988535 29.035608 29.052647 29.064392 29.184452 29.49737 29.7525 29.60483 29.664879 29.450623 29.353167 29.24646 29.406889 29.62563 29.826668 29.818676 29.833025 29.750895 29.885117 29.981173
29.266413 29.273832 29.303562 29.365702 29.3442 29.411581 29.452368 29.497068 29.852018 30.11013 29.61242 29.454699 29.501123 29.55743 29.577991 29.585155 29.344767 29.479347 -32767.0 29.243362 29.24091 29.224432 29.2246 29.266644 29.325441 29.451288 29.261381 29.37264 29.387377 29.269249 29.225508 29.229603 29.25721 29.318218 29.398512 29.358522 29.227615 29.021334 28.851862 28.706932 28.673723 28.763317 28.8503 28.862942 28.893034 29.031355 29.265465 29.69336 29.707949 29.71233 29.549904 29.292883 29.224384 29.44289 29.562422 29.623219 29.703499 29.661976 29.726025 29.859774 30.02892
29.760723 29.681448 29.738972 29.664497 29.694525 29.820864 29.932724 30.08295 30.11771 29.63224 29.481327 29.438847 29.367254 29.51219 29.496859 29.36382 29.626043 29.656275 29.648146 29.724598 29.740808 29.694584 29.412216 29.387636 29.587152 29.496683 29.199205 29.345875 29.251503 29.364153 29.18894 29.221636 29.267712 29.318197 29.329872 29.162964 28.921495 28.710678 28.598541 28.471594 28.41817 28.5242 28.645748 28.729347 28.79476 28.947277 29.182467 29.46973 29.785498 29.638945 29.732985 29.337255 29.249878 29.419088 29.475672 29.534437 29.717712 29.83465 29.77372 29.883364 30.086206
30.08462 29.805971 29.768959 29.772226 29.798807 29.779015 29.781948 29.649363 29.365358 29.479574 29.455994 29.469229 29.36481 29.420395 29.485079 29.585247 29.614563 29.660275 29.699007 29.773415 29.796818 29.787025 29.793137 29.711376 29.680607 29.32582 29.075214 29.287151 29.13542 29.396507 29.216835 29.214827 29.269897 29.31185 29.175499 28.913395 28.712845 28.57638 28.67261 28.577515 28.452772 28.517822 28.516987 28.45368 28.650017 28.834717 29.12225 29.33783 29.666903 29.804422 29.673729 29.73376 29.350037 29.234222 29.363834 29.555843 29.806122 30.000818 29.813873 30.033735 30.267673
29.625069 29.57909 29.607718 29.619335 29.631277 29.385746 29.180803 29.329634 29.373238 29.555557 29.447159 29.504 29.460077 29.45821 29.462015 29.585703 29.569475 29.618744 29.76348 29.758526 29.685106 29.728521 29.743876 29.698187 29.50485 29.189417 29.050661 29.293703 29.283298 29.224504 29.351429 29.228968 29.250969 29.268652 29.013876 28.794735 28.671522 28.67503 28.642954 28.54549 28.469637 28.545368 28.56412 28.455101 28.402233 28.791504 29.196012 29.246393 29.50123 29.676418 29.859825 29.729017 29.77046 29.696125 29.684338 29.759167 29.877895 29.99219 29.80514 30.181686 30.381323
29.506586 29.528288 29.517502 29.300598 29.058184 29.14621 29.26926 29.452631 29.576235 29.332123 29.620913 29.5014 29.587118 29.658436 29.658205 29.558413 29.44039 29.631529 29.768772 29.736988 29.728582 29.778498 29.742334 29.635086 29.292746 29.008574 28.989216 29.334152 29.421791 29.115498 29.346464 29.298841 29.227255 29.114435 28.874527 28.798422 28.668623 28.683462 28.677654 28.649004 28.600288 28.629612 28.533936 28.456993 28.586319 28.931587 29.228355 29.328596 29.35514 29.557638 29.689163 29.87133 29.906775 29.85361 29.824474 29.857687 29.89148 29.853321 29.91529 30.281618 30.433756
29.283812 29.46916 29.431007 29.283836 29.080591 29.209229 29.320034 29.514397 29.858809 29.21056 29.619421 29.620033 29.4537 29.548273 29.468325 29.26668 29.48809 29.722818 29.77129 29.729057 29.629843 29.595293 29.647612 29.47738 29.14027 28.879461 29.161478 29.401306 29.43217 29.213373 29.042288 29.236423 29.173086 29.085205 28.895882 28.869791 28.784935 28.741568 28.78923 28.822105 28.768885 28.682135 28.5538 28.578392 28.86393 29.121426 29.315802 29.354116 29.341824 29.460997 29.54715 29.821388 29.919006 29.970882 29.998095 29.981918 29.783276 29.622543 30.156954 30.330307 30.423378
29.157135 29.249647 29.38383 29.120403 28.862968 29.29487 29.274414 29.43642 29.571428 28.90728 29.362339 29.574022 29.59087 29.373112 29.208498 29.188877 29.593616 29.72329 29.692543 29.629053 29.561485 29.436401 29.54356 29.313868 28.984087 28.996094 29.348352 29.386951 29.421658 29.383474 28.970257 28.968018 29.080559 28.98563 28.867445 28.827383 28.893568 28.871082 28.867249 28.804342 28.676424 28.612703 28.685863 28.896942 29.176243 29.280144 29.246698 29.254295 29.295422 29.381052 29.411947 29.736956 29.787304 29.859688 30.013826 30.023697 29.693323 30.090096 30.264666 30.421665 30.47362
29.16831 29.381094 29.552416 29.312181 28.472754 29.492876 29.363808 29.358334 29.38635 29.247889 29.328306 29.455717 29.566057 29.41999 29.08093 29.321098 29.507391 29.520578 29.575008 29.683432 29.475494 29.325815 29.31935 29.004944 29.087347 29.34311 29.270575 29.20075 29.326752 29.417208 29.307846 29.05911 28.88803 28.87165 28.887074 28.878862 28.845406 28.81056 28.78999 28.777113 28.818628 28.931227 29.086088 29.204435 29.23666 29.207859 29.219687 29.219004 29.269323 29.288143 29.360973 29.65377 29.633804 29.728054 29.914152 29.920353 29.62574 30.142376 30.328348 30.430147 30.380957
29.330944 29.389408 29.555733 29.601318 29.571817 29.503277 29.440418 29.33661 29.269339 29.242975 29.300068 29.281773 29.143764 28.962162 28.923706 29.400503 29.354897 29.408993 29.591722 29.563248 29.279596 29.157125 29.041254 29.26058 29.324652 29.23064 29.249708 29.295038 29.305803 29.355373 29.399263 29.39997 29.336655 29.246037 29.15302 29.08594 29.035646 29.013515 29.054134 29.183134 29.27388 29.300318 29.257416 29.19705 29.16851 29.135632 29.394033 29.248337 29.184675 29.25422 29.373652 29.623251 29.613256 29.696993 29.908937 29.75007 30.10845 30.083263 30.121675 30.185638 30.143143
29.427746 29.532015 29.574572 29.56782 29.54185 29.499422 29.42608 29.304836 29.24671 29.223326 29.248684 28.912909 28.843027 28.828665 28.839663 29.358139 29.298141 29.441122 29.332054 29.177673 29.187923 29.28891 29.330833 29.195383 29.143478 29.175829 29.204313 29.211662 29.257402 29.285204 29.312283 29.324411 29.340427 29.37071 29.398323 29.402395 29.390715 29.387226 29.378614 29.342705 29.263666 29.143787 29.092665 29.11615 29.129593 29.152658 29.607027 29.372784 29.110996 29.218931 29.371582 29.628233 29.664268 29.762146 29.840536 29.720129 30.102158 30.041838 30.088465 30.220118 30.163109
29.310793 29.53959 29.606195 29.586348 29.523973 29.497158 29.395031 29.270483 29.197836 29.187025 29.186655 28.784458 28.698284 28.756508 28.774832 29.232128 29.296787 29.23616 29.28233 29.25924 29.25225 29.292637 29.279284 29.236332 29.274391 29.362381 29.48418 29.447979 29.364061 29.312187 29.27355 29.189186 29.076435 28.902683 28.882315 29.045958 29.142725 29.16211 29.154745 29.269295 29.40924 29.476583 29.446419 29.292543 29.09809 29.176104 29.421656 29.52216 29.127678 29.127327 29.383165 29.615763 29.670965 29.745556 29.65911 30.078243 30.117348 29.990202 30.122704 29.933031 29.934887
29.515514 29.572897 29.634298 29.570566 29.440289 29.369455 29.362297 29.32547 29.26658 29.197554 29.08459 28.615097 28.647675 28.644564 28.811092 29.104382 29.122786 29.011179 29.002739 28.993692 28.961231 28.873281 28.813437 28.79597 28.82046 29.062136 29.395771 29.599024 29.63381 29.582266 29.499233 29.394037 29.37198 29.38504 29.348415 29.357695 29.182053 29.256472 29.478516 29.51612 29.527914 29.55241 29.53363 29.52355 29.510754 29.405222 29.375978 29.480415 29.472462 29.11813 29.467566 29.602436 29.656273 29.625544 29.663635 30.037083 30.14324 29.94703 30.057728 29.820877 29.76782
29.372091 29.493736 29.70933 29.705126 29.481647 29.38971 29.34063 29.2938 29.23712 29.174908 29.033115 28.541513 28.596043 28.516071 28.875114 29.04861 28.861809 28.861202 28.787588 28.802668 28.776262 28.681269 28.735914 28.80308 28.80562 28.779886 28.898996 29.250349 29.595318 29.547262 29.504396 29.5108 29.490395 29.420918 29.314234 29.32869 29.319305 29.427542 29.469893 29.470217 29.524143 29.554724 29.632875 29.75705 29.779827 29.721958 29.67399 29.644472 29.582554 29.149614 29.590776 29.583643 29.566507 29.471022 30.137394 30.11661 30.195541 30.071213 29.968748 29.97295 29.853592
29.198252 29.150839 29.49709 29.662308 29.637259 29.398666 29.370426 29.348019 29.269083 29.139824 28.904285 28.543255 28.599388 28.567461 28.889385 28.847178 28.761282 28.664179 28.72844 28.819643 28.807032 28.627726 28.692965 28.808584 28.90423 28.88645 28.78812 28.967663 29.41348 29.415136 29.382023 29.496187 29.495825 29.45987 29.362091 29.399693 29.326965 29.495176 29.447351 29.456816 29.516823 29.591677 29.827038 29.916998 29.911804 29.950668 29.917782 29.817572 29.638739 29.355679 29.63756 29.548603 29.412497 29.813519 30.097395 30.185617 30.263067 30.171389 30.00429 30.000565 30.019388
29.148098 28.832645 29.04015 29.592329 29.608559 29.443842 29.348848 29.339378 29.26684 29.128765 28.782396 28.558414 28.647606 28.747652 28.851639 28.69458 28.631859 28.571762 28.601877 28.646425 28.810635 28.677906 28.762886 28.86989 28.979694 29.007095 28.974802 28.937622 29.342644 29.401506 29.25428 29.41536 29.447634 29.362911 29.373579 29.399067 29.372805 29.505934 29.478266 29.36562 29.403091 29.547865 29.715229 29.816608 29.999228 30.073044 30.015287 29.94697 29.67761 29.589798 29.689253 29.52332 29.376724 30.122557 30.021349 30.05708 30.32042 30.262394 30.030596 29.786644 29.68063
29.150589 29.059244 29.155365 29.486145 29.554476 29.515923 29.334538 29.303179 29.23356 29.093685 28.586634 28.506943 28.59754 28.821371 28.804676 28.583727 28.515198 28.491962 28.520536 28.529434 28.736467 28.548876 28.730017 29.003271 29.12208 29.138643 29.05098 28.96347 29.128843 29.16375 29.163359 29.290024 29.345255 29.255424 29.23091 29.339123 29.378633 29.43217 29.575178 29.309755 29.321266 29.495598 29.615086 29.806986 30.107536 30.159233 30.078527 30.026659 29.902693 29.754883 29.77284 29.554619 29.440487 30.08722 29.909973 29.813515 29.871653 29.867447 29.925009 29.932423 29.699755
29.108011 29.174019 29.232443 29.356304 29.513596 29.615047 29.36849 29.213451 29.20785 28.957481 28.479578 28.43845 28.506277 28.803188 28.741995 28.544035 28.464958 28.410275 28.415722 28.608252 28.629452 28.52084 28.88382 29.075155 29.1776 29.228373 29.12095 29.045954 29.09438 29.191181 29.171503 29.201036 29.197647 29.176672 29.207045 29.2585 29.30709 29.31059 29.283625 29.187283 29.386877 29.51443 29.539259 29.791828 29.981745 30.209635 30.143896 30.107927 30.036062 29.890331 29.856064 29.534004 29.529016 30.034428 29.9958 29.869781 29.988966 29.945797 29.725395 29.710764 29.704899
28.835108 28.902594 29.113977 29.308321 29.622124 29.740719 29.365713 29.173979 29.174734 28.70636 28.405172 28.39016 28.39548 28.584856 28.636812 28.554758 28.521025 28.49736 28.557274 28.60763 28.370367 28.693272 28.963514 29.129793 29.238274 29.247192 29.296324 29.079979 29.112959 29.159716 29.213865 29.242044 29.209852 29.198265 29.240532 29.276192 29.266136 29.287153 29.285793 29.333355 29.424814 29.613708 29.531252 29.897326 29.749475 30.197947 30.179615 30.09335 30.018019 29.935753 29.88074 29.373825 29.650492 29.96185 29.966784 29.935724 29.817543 29.70843 29.687815 29.71086 29.692003
28.683487 28.802656 28.963428 29.18434 29.662012 29.608553 29.319916 29.148384 29.100643 28.520689 28.287823 28.25741 28.233662 28.314144 28.410107 28.484455 28.50352 28.459309 28.422686 28.326431 28.328524 28.79223 29.15134 29.28265 29.33508 29.293846 29.296984 29.12181 29.047384 29.105314 29.247385 29.26479 29.261944 29.277037 29.300142 29.296171 29.281662 29.287544 29.303444 29.41978 29.553814 29.701935 29.60985 29.880793 29.820854 29.94399 30.13662 30.073618 30.03972 29.922209 29.593836 29.256294 29.838095 29.971823 29.907133 29.761341 29.674314 29.674002 29.767672 29.849669 29.830751
28.799887 28.868149 28.9435 29.024588 29.49034 29.349312 29.267134 29.10441 29.02397 28.427721 28.123318 28.200396 28.20088 28.245274 28.326145 28.390509 28.419508 28.45059 28.45383 28.435898 28.77278 29.207504 29.315086 29.324377 29.35784 29.326324 29.273693 29.270657 29.03088 29.043854 29.360613 29.453459 29.380234 29.357264 29.359324 29.32417 29.230957 29.238281 29.35148 29.452103 29.71734 29.750488 29.672455 29.884396 29.829739 29.432507 29.71878 29.807081 29.696863 29.386356 29.293716 29.705954 29.879417 29.88084 29.862688 29.88176 29.904146 29.932053 29.931353 29.928265 29.92693
28.808434 28.940208 29.07219 29.055666 29.139017 29.1376 29.15375 29.097742 28.983044 28.465807 28.174013 28.195524 28.175081 28.291494 28.588015 28.81861 28.955269 29.038395 29.13246 29.223682 29.261368 29.18263 29.149557 29.265526 29.365038 29.388199 29.323277 29.327137 29.335869 29.371542 29.47671 29.5058 29.437185 29.473124 29.427025 29.369625 29.182386 29.177376 29.383657 29.48864 29.814716 29.770353 29.72008 29.870499 29.820198 29.488598 29.437872 29.364782 29.458788 29.64669 29.730255 29.802492 29.89187 29.892986 29.838348 29.885807 30.00107 30.088274 30.112528 30.095247 30.09655
28.785362 28.924717 28.926966 28.97132 28.786285 28.829601 29.034382 29.028223 28.995823 28.640862 28.506714 28.35361 28.487846 28.810726 28.965206 29.171782 29.243874 29.229414 29.173185 29.0904 28.918344 28.883842 29.053183 29.241184 29.342312 29.3737 29.339449 29.334932 29.403257 29.473465 29.503136 29.432524 29.481007 29.538616 29.474607 29.409872 29.238998 29.136415 29.36641 29.502544 29.858456 29.791319 29.768469 29.635292 29.671598 29.774698 29.557314 29.296959 29.622995 29.798588 29.792824 29.694761 29.735153 29.902212 30.035025 30.084564 30.031935 30.009321 30.041441 30.052639 30.065199
28.675018 28.6229 28.472528 28.383625 28.40427 28.65188 28.865133 28.87088 28.913532 28.77984 28.687174 28.707146 28.722351 28.919756 29.180822 29.173824 29.097158 28.937252 28.82496 28.734468 28.786423 28.975513 29.08601 29.189758 29.266659 29.337944 29.376017 29.399933 29.444096 29.455805 29.447838 29.54532 29.56016 29.543009 29.490494 29.480259 29.441515 29.293694 29.30402 29.559517 29.883657 29.823256 29.799088 29.566591 29.675161 29.73919 29.6895 29.678394 29.5949 29.64891 29.753622 29.860651 29.985987 30.118406 29.920692 29.97899 30.073866 30.107523 30.118269 30.113306 30.098917
28.481972 28.268803 28.117521 28.102062 28.203615 28.385952 28.6156 28.760756 28.783709 28.750063 28.72473 28.624443 28.754747 29.114668 29.20439 29.056719 28.850803 28.789925 28.871304 28.738125 28.835571 28.99649 29.119883 29.253334 29.33755 29.402025 29.452599 29.491812 29.526087 29.551561 29.58442 29.557177 29.523088 29.488373 29.502256 29.509031 29.483736 29.452381 29.43134 29.608734 29.897745 29.86106 29.86717 29.80895 29.802279 29.938194 29.929539 29.905748 29.904287 29.916637 30.003931 30.106152 30.118835 29.8835 29.918383 29.981937 30.028833 30.09018 30.07586 30.085207 30.105846
28.176926 28.023449 27.996592 28.086979 28.327887 28.28591 28.310482 28.473028 28.532354 28.61211 28.56396 28.715292 28.802773 29.153591 29.227983 29.104033 28.821278 28.785564 28.83591 28.875643 28.991415 29.093174 29.085033 29.193235 29.371326 29.411152 29.441288 29.475956 29.509483 29.531025 29.56753 29.542116 29.499102 29.50891 29.553467 29.525757 29.512676 29.540197 29.53319 29.652527 29.884937 29.91702 29.937351 29.939291 29.985788 30.078302 30.041853 30.000267 30.015686 30.060139 30.145447 30.166796 29.924328 29.98 29.942406 29.960995 30.011806 30.006044 30.063822 30.05793 30.082561
27.880089 27.830278 27.763493 27.756329 28.133081 28.24205 28.297491 28.327671 28.397131 28.480835 28.664066 28.866266 28.76035 29.109875 29.292927 29.18268 28.819452 28.751898 28.816412 28.871813 28.90164 28.954329 29.106308 29.331137 29.277866 29.275236 29.385904 29.394562 29.401632 29.446495 29.45228 29.555595 29.517677 29.522514 29.57572 29.596998 29.595879 29.576778 29.601046 29.8336 29.866152 29.972313 29.952024 29.966984 30.068672 30.089184 30.073317 30.093822 30.136755 30.20123 30.212074 29.98492 29.99924 29.95227 29.87705 29.917774 29.96903 29.968117 30.04347 30.060219 30.076967
