static/data/thetao/2023/7/26/18.asc
ncols 137
nrows 93
xllcorner 108.0
yllcorner 17.0
cellsize 0.25
NODATA_value -32767
[rows 54 to 80 of 93, columns 0 to 60 of 137]
-32767.0 -32767.0 -32767.0 -32767.0 -32767.0 -32767.0 -32767.0 -32767.0 -32767.0 -32767.0 -32767.0 -32767.0 -32767.0 -32767.0 -32767.0 -32767.0 -32767.0 -32767.0 -32767.0 -32767.0 -32767.0 -32767.0 -32767.0 -32767.0 -32767.0 -32767.0 -32767.0 -32767.0 -32767.0 -32767.0 -32767.0 -32767.0 -32767.0 -32767.0 -32767.0 -32767.0 -32767.0 -32767.0 -32767.0 -32767.0 -32767.0 -32767.0 -32767.0 -32767.0 -32767.0 -32767.0 -32767.0 -32767.0 27.062027 25.759554 26.078026 27.512583 27.767706 28.72725 28.96577 28.859657 29.305307 29.54595 29.370708 29.565468 29.56516
-32767.0 -32767.0 -32767.0 -32767.0 -32767.0 -32767.0 -32767.0 -32767.0 -32767.0 -32767.0 -32767.0 -32767.0 -32767.0 -32767.0 -32767.0 -32767.0 -32767.0 -32767.0 -32767.0 -32767.0 -32767.0 -32767.0 -32767.0 -32767.0 -32767.0 -32767.0 -32767.0 -32767.0 -32767.0 -32767.0 -32767.0 -32767.0 -32767.0 -32767.0 -32767.0 -32767.0 -32767.0 -32767.0 -32767.0 -32767.0 -32767.0 -32767.0 -32767.0 -32767.0 -32767.0 -32767.0 -32767.0 30.434887 -32767.0 25.300846 27.037807 27.785698 29.396278 30.222795 30.29369 30.083975 29.865816 29.30758 28.897617 28.873463 28.948534
-32767.0 -32767.0 -32767.0 -32767.0 -32767.0 -32767.0 -32767.0 -32767.0 -32767.0 -32767.0 -32767.0 -32767.0 -32767.0 -32767.0 -32767.0 -32767.0 -32767.0 -32767.0 -32767.0 -32767.0 -32767.0 -32767.0 -32767.0 -32767.0 -32767.0 -32767.0 -32767.0 -32767.0 -32767.0 -32767.0 -32767.0 -32767.0 -32767.0 -32767.0 -32767.0 -32767.0 -32767.0 -32767.0 -32767.0 -32767.0 -32767.0 -32767.0 -32767.0 -32767.0 -32767.0 -32767.0 -32767.0 30.021164 24.981358 25.882116 27.478281 29.303108 29.858992 29.998503 30.020216 29.91325 29.165976 28.73271 28.935415 29.262804 29.511631
-32767.0 -32767.0 -32767.0 -32767.0 -32767.0 -32767.0 -32767.0 -32767.0 -32767.0 -32767.0 -32767.0 -32767.0 -32767.0 -32767.0 -32767.0 -32767.0 -32767.0 -32767.0 -32767.0 -32767.0 -32767.0 -32767.0 -32767.0 -32767.0 -32767.0 -32767.0 -32767.0 -32767.0 -32767.0 -32767.0 -32767.0 -32767.0 -32767.0 -32767.0 -32767.0 -32767.0 -32767.0 -32767.0 -32767.0 -32767.0 -32767.0 -32767.0 -32767.0 -32767.0 -32767.0 -32767.0 -32767.0 27.739576 25.468052 26.060263 27.443754 29.72871 29.053753 28.815857 29.009914 28.851862 28.668455 28.555681 29.540031 29.96119 29.852
-32767.0 -32767.0 -32767.0 -32767.0 -32767.0 -32767.0 -32767.0 -32767.0 -32767.0 -32767.0 -32767.0 -32767.0 -32767.0 -32767.0 -32767.0 -32767.0 -32767.0 -32767.0 -32767.0 -32767.0 -32767.0 -32767.0 -32767.0 -32767.0 -32767.0 -32767.0 -32767.0 -32767.0 -32767.0 -32767.0 -32767.0 -32767.0 -32767.0 -32767.0 -32767.0 -32767.0 -32767.0 -32767.0 -32767.0 -32767.0 -32767.0 -32767.0 -32767.0 -32767.0 -32767.0 31.085262 -32767.0 27.42828 25.658375 26.421427 27.255367 29.365957 29.553919 29.381212 29.321575 28.966694 29.079931 28.881697 29.938519 29.657347 29.352798
-32767.0 -32767.0 -32767.0 -32767.0 -32767.0 -32767.0 -32767.0 -32767.0 -32767.0 -32767.0 -32767.0 -32767.0 -32767.0 -32767.0 -32767.0 -32767.0 -32767.0 -32767.0 -32767.0 -32767.0 -32767.0 -32767.0 -32767.0 -32767.0 -32767.0 -32767.0 -32767.0 -32767.0 -32767.0 -32767.0 -32767.0 -32767.0 -32767.0 -32767.0 -32767.0 -32767.0 -32767.0 -32767.0 -32767.0 -32767.0 -32767.0 -32767.0 -32767.0 -32767.0 -32767.0 -32767.0 26.721468 26.066292 26.499582 27.416943 27.980257 29.753136 30.013031 30.08536 29.97867 29.218098 29.477808 29.682617 29.747322 29.438982 29.278385
-32767.0 -32767.0 -32767.0 -32767.0 -32767.0 -32767.0 -32767.0 -32767.0 -32767.0 -32767.0 -32767.0 -32767.0 -32767.0 -32767.0 -32767.0 -32767.0 -32767.0 -32767.0 -32767.0 -32767.0 -32767.0 -32767.0 -32767.0 -32767.0 -32767.0 -32767.0 -32767.0 -32767.0 -32767.0 -32767.0 -32767.0 -32767.0 -32767.0 -32767.0 -32767.0 -32767.0 -32767.0 -32767.0 -32767.0 -32767.0 -32767.0 -32767.0 -32767.0 -32767.0 27.710768 25.411512 26.133018 27.061438 27.120296 28.291891 28.637016 30.343473 -32767.0 -32767.0 -32767.0 -32767.0 28.980522 29.889462 29.59454 29.33341 29.10125
-32767.0 -32767.0 -32767.0 -32767.0 -32767.0 -32767.0 -32767.0 -32767.0 -32767.0 -32767.0 -32767.0 -32767.0 -32767.0 -32767.0 -32767.0 -32767.0 -32767.0 -32767.0 -32767.0 -32767.0 -32767.0 -32767.0 -32767.0 -32767.0 -32767.0 -32767.0 -32767.0 -32767.0 -32767.0 -32767.0 -32767.0 -32767.0 -32767.0 -32767.0 -32767.0 -32767.0 -32767.0 -32767.0 -32767.0 -32767.0 -32767.0 -32767.0 -32767.0 27.881514 25.093964 26.145847 25.964518 28.072937 27.708462 28.680187 29.591173 31.041313 -32767.0 -32767.0 -32767.0 -32767.0 29.558298 29.827118 29.447212 29.110186 29.067383
-32767.0 -32767.0 -32767.0 -32767.0 -32767.0 -32767.0 -32767.0 -32767.0 -32767.0 -32767.0 -32767.0 -32767.0 -32767.0 -32767.0 -32767.0 -32767.0 -32767.0 -32767.0 -32767.0 -32767.0 -32767.0 -32767.0 -32767.0 -32767.0 -32767.0 -32767.0 -32767.0 -32767.0 -32767.0 -32767.0 -32767.0 -32767.0 -32767.0 -32767.0 -32767.0 -32767.0 -32767.0 -32767.0 -32767.0 -32767.0 -32767.0 30.699947 27.211113 25.610107 26.635273 27.469501 27.505356 28.516432 28.86219 29.295485 31.012829 -32767.0 -32767.0 -32767.0 -32767.0 -32767.0 30.07027 29.874037 29.314678 29.116459 28.81954
-32767.0 -32767.0 -32767.0 -32767.0 -32767.0 -32767.0 -32767.0 -32767.0 -32767.0 -32767.0 -32767.0 -32767.0 -32767.0 -32767.0 -32767.0 -32767.0 -32767.0 -32767.0 -32767.0 -32767.0 -32767.0 -32767.0 -32767.0 -32767.0 -32767.0 -32767.0 -32767.0 -32767.0 -32767.0 -32767.0 -32767.0 -32767.0 -32767.0 -32767.0 -32767.0 -32767.0 -32767.0 -32767.0 -32767.0 -32767.0 -32767.0 27.586992 26.325693 27.93694 28.24623 29.735868 29.22492 29.664026 30.20865 31.198326 31.87381 -32767.0 -32767.0 -32767.0 -32767.0 29.876802 29.671473 29.827211 29.304949 29.262512 29.155785
-32767.0 -32767.0 -32767.0 -32767.0 -32767.0 -32767.0 -32767.0 -32767.0 -32767.0 -32767.0 -32767.0 -32767.0 -32767.0 -32767.0 -32767.0 -32767.0 -32767.0 -32767.0 -32767.0 -32767.0 -32767.0 -32767.0 -32767.0 -32767.0 -32767.0 -32767.0 -32767.0 -32767.0 -32767.0 -32767.0 -32767.0 -32767.0 -32767.0 -32767.0 -32767.0 -32767.0 -32767.0 -32767.0 -32767.0 29.147615 26.66852 26.22036 26.732906 28.67294 28.562845 29.95365 30.09661 30.487312 31.119667 31.696243 -32767.0 -32767.0 -32767.0 -32767.0 -32767.0 29.540253 30.073717 29.748838 29.233389 29.14899 29.246965
-32767.0 -32767.0 -32767.0 -32767.0 -32767.0 -32767.0 -32767.0 -32767.0 -32767.0 -32767.0 -32767.0 -32767.0 -32767.0 -32767.0 -32767.0 -32767.0 -32767.0 -32767.0 -32767.0 -32767.0 -32767.0 -32767.0 -32767.0 -32767.0 -32767.0 -32767.0 -32767.0 -32767.0 -32767.0 -32767.0 -32767.0 -32767.0 -32767.0 -32767.0 -32767.0 -32767.0 -32767.0 -32767.0 27.51649 26.329859 25.366423 25.098822 28.28272 29.142439 28.75193 29.868443 30.023458 30.472548 30.911358 32.40013 -32767.0 -32767.0 -32767.0 -32767.0 -32767.0 29.51011 29.671188 29.76841 29.173613 29.370785 29.061796
-32767.0 -32767.0 -32767.0 -32767.0 -32767.0 -32767.0 -32767.0 -32767.0 -32767.0 -32767.0 -32767.0 -32767.0 -32767.0 -32767.0 -32767.0 -32767.0 -32767.0 -32767.0 -32767.0 -32767.0 -32767.0 -32767.0 -32767.0 -32767.0 -32767.0 -32767.0 -32767.0 -32767.0 -32767.0 -32767.0 -32767.0 -32767.0 -32767.0 -32767.0 -32767.0 -32767.0 28.070229 26.286873 24.643637 24.945341 25.28119 27.019526 29.262758 29.213436 29.637617 30.055614 -32767.0 30.874956 30.745937 -32767.0 -32767.0 -32767.0 -32767.0 -32767.0 29.45745 29.516243 29.490526 29.729961 29.587973 29.599821 29.237705
-32767.0 -32767.0 -32767.0 -32767.0 -32767.0 -32767.0 -32767.0 -32767.0 -32767.0 -32767.0 -32767.0 -32767.0 -32767.0 -32767.0 -32767.0 -32767.0 -32767.0 -32767.0 -32767.0 -32767.0 -32767.0 -32767.0 -32767.0 -32767.0 -32767.0 -32767.0 -32767.0 -32767.0 -32767.0 -32767.0 -32767.0 -32767.0 -32767.0 -32767.0 -32767.0 26.695372 26.373474 27.353237 25.744143 27.295315 28.874516 29.685883 29.72042 29.78614 29.981874 30.65869 -32767.0 30.493628 30.58134 -32767.0 -32767.0 -32767.0 -32767.0 -32767.0 29.81946 29.421703 29.228077 29.552795 29.74865 29.79135 29.28741
-32767.0 -32767.0 -32767.0 -32767.0 -32767.0 -32767.0 -32767.0 -32767.0 -32767.0 -32767.0 -32767.0 -32767.0 -32767.0 -32767.0 -32767.0 -32767.0 -32767.0 -32767.0 -32767.0 -32767.0 -32767.0 -32767.0 -32767.0 -32767.0 -32767.0 -32767.0 -32767.0 -32767.0 -32767.0 -32767.0 -32767.0 -32767.0 -32767.0 -32767.0 -32767.0 29.072979 29.24939 28.78772 27.630753 28.626122 29.781307 29.896063 29.946348 30.3418 27.9684 30.018002 30.663126 30.355772 31.041733 -32767.0 -32767.0 -32767.0 -32767.0 -32767.0 29.3563 29.357056 29.158453 29.52744 29.669653 29.786718 29.191181
-32767.0 -32767.0 -32767.0 -32767.0 -32767.0 -32767.0 -32767.0 -32767.0 -32767.0 -32767.0 -32767.0 -32767.0 -32767.0 -32767.0 -32767.0 -32767.0 -32767.0 -32767.0 -32767.0 -32767.0 -32767.0 -32767.0 -32767.0 -32767.0 -32767.0 -32767.0 -32767.0 32.209476 -32767.0 30.781548 -32767.0 30.015463 29.318136 29.383982 29.696344 29.495789 29.209747 28.775137 28.588982 29.318768 29.495188 29.453083 29.994822 29.828259 29.457628 30.596432 30.453978 30.290443 30.77822 -32767.0 -32767.0 -32767.0 -32767.0 29.449251 29.377941 28.882656 29.334599 29.478422 29.711325 29.790115 29.139797
-32767.0 -32767.0 -32767.0 -32767.0 -32767.0 -32767.0 -32767.0 -32767.0 -32767.0 -32767.0 -32767.0 -32767.0 -32767.0 -32767.0 -32767.0 -32767.0 -32767.0 -32767.0 -32767.0 -32767.0 -32767.0 -32767.0 -32767.0 32.826733 -32767.0 -32767.0 28.939169 29.614136 29.807447 29.904945 29.90198 30.119677 30.048159 29.94427 29.916325 29.54472 29.48209 29.179441 29.129442 29.260908 28.974049 29.850454 30.173523 30.1188 30.224527 30.212326 30.316002 30.36888 30.47146 30.380604 -32767.0 -32767.0 29.599401 29.448042 29.455078 28.684498 29.519545 29.40264 29.66574 29.750858 29.396202
-32767.0 -32767.0 -32767.0 -32767.0 -32767.0 -32767.0 -32767.0 -32767.0 -32767.0 -32767.0 -32767.0 -32767.0 -32767.0 -32767.0 -32767.0 -32767.0 -32767.0 -32767.0 -32767.0 -32767.0 -32767.0 -32767.0 -32767.0 32.070732 32.703506 29.714376 29.404465 30.273943 30.10642 30.264297 30.360863 30.345789 30.380175 30.31219 30.150381 29.611797 29.34808 29.56622 29.720446 29.501041 29.706388 29.923422 30.001144 30.041714 30.09749 30.155142 30.323265 30.290516 30.22011 30.066978 30.466137 -32767.0 29.532179 29.351114 29.30992 28.824776 29.484663 29.226267 29.22396 29.12714 28.941683
-32767.0 -32767.0 -32767.0 -32767.0 -32767.0 -32767.0 -32767.0 -32767.0 -32767.0 -32767.0 -32767.0 -32767.0 -32767.0 -32767.0 -32767.0 -32767.0 -32767.0 -32767.0 -32767.0 -32767.0 33.008785 32.02638 31.75332 30.163794 28.913515 -32767.0 30.445833 30.292063 30.622465 30.567858 30.583601 30.644028 30.527637 30.366993 30.205183 30.058897 30.03509 29.903477 29.868742 29.797287 29.935324 29.8815 29.966995 30.259087 30.362381 30.40004 30.461773 30.498646 30.40516 30.219229 29.937576 -32767.0 29.524456 29.10831 29.020803 29.036737 29.459175 29.277843 29.147211 29.098099 28.938759
-32767.0 -32767.0 32.571926 -32767.0 -32767.0 -32767.0 -32767.0 -32767.0 -32767.0 -32767.0 -32767.0 -32767.0 -32767.0 -32767.0 -32767.0 -32767.0 32.451702 -32767.0 32.23798 31.822292 30.50936 29.018167 28.93957 29.024855 29.174675 30.14934 30.280317 30.506283 30.799559 30.809982 30.779232 30.626524 30.475529 30.364958 30.182281 29.932884 29.877337 29.79925 29.79866 29.849865 30.001915 30.194185 30.187508 30.222313 30.463655 30.573574 30.538284 30.370054 30.362198 30.144833 29.681559 29.318573 29.05949 29.019672 29.136934 29.27072 29.327757 29.470472 29.29741 29.088146 28.874094
-32767.0 32.19806 32.051685 32.07058 32.41708 -32767.0 32.750927 32.537556 -32767.0 -32767.0 -32767.0 -32767.0 -32767.0 31.638117 31.65686 31.011936 30.186972 30.613947 30.441664 30.36664 30.557665 29.458647 28.985575 29.470266 29.903114 30.361935 30.640501 30.676634 30.588127 30.558111 30.5624 30.44953 30.388119 30.205456 29.989742 29.80636 29.755424 29.725855 29.96802 30.050098 30.150223 30.219185 30.124458 30.158794 30.331795 30.40693 30.403734 30.33602 30.015305 29.425962 29.19633 29.11852 29.079473 28.960926 28.849218 29.061785 29.2794 29.224136 29.017736 28.97922 28.843946
31.798594 31.482225 31.284191 31.503832 31.683039 31.983812 32.06631 32.608887 -32767.0 -32767.0 -32767.0 31.040596 30.409685 30.241636 29.912981 30.008062 29.476377 29.78827 29.685059 30.174799 30.01693 29.36016 29.520779 29.776363 30.028551 30.495485 30.398989 30.311478 30.26697 30.38879 30.431131 30.359312 30.17503 29.937708 29.878628 29.815525 29.797522 30.03757 30.13894 30.130665 30.265285 30.269115 30.07735 29.924316 29.820889 29.842184 29.802565 29.494724 29.254152 29.077482 29.210907 29.15891 28.899725 28.878119 28.760864 28.593279 28.810255 28.966105 28.924055 28.924398 28.809675
31.119114 31.388695 31.401472 31.44017 31.32064 31.499462 32.02949 -32767.0 -32767.0 31.874563 -32767.0 30.109932 30.23108 29.395622 29.290571 29.248516 28.981043 28.953121 29.036682 29.28579 29.404116 29.569195 29.974878 30.534931 30.09064 30.260374 29.954231 29.90964 30.160011 30.278696 30.257812 30.15956 30.029816 29.864702 29.67556 29.666504 29.88985 30.17946 30.03551 30.098072 30.269243 30.290588 30.167854 29.761375 29.658417 29.562143 29.38219 29.221321 29.057442 29.145067 29.248152 29.166344 28.785126 28.632107 28.711782 28.524824 28.549515 28.725199 28.738512 28.733843 28.693163
31.474724 31.538527 31.539 31.653736 31.507984 31.28578 31.821299 32.46526 -32767.0 -32767.0 31.886108 31.008982 30.528608 29.967682 29.317081 29.160227 29.023594 28.892536 28.93893 29.125076 29.366524 29.843227 30.202538 30.465319 30.204512 30.101423 29.951193 29.881107 30.06936 30.13716 29.98764 29.931429 29.926731 29.849579 29.82078 29.937826 29.97987 30.143478 30.17895 30.111006 30.002398 29.995052 29.67682 29.37957 29.17068 29.038364 29.123137 29.030275 28.843344 29.153566 28.985582 28.836424 28.49858 28.484646 28.879505 28.32875 27.962069 28.314692 28.604195 28.496414 28.488127
31.477097 31.483809 31.549393 31.598095 31.64749 31.195068 31.491302 31.914667 -32767.0 -32767.0 31.90175 31.810278 31.250906 29.258064 29.152416 29.01389 28.87466 28.511227 28.577095 28.665522 28.955593 29.923454 30.34934 30.378895 30.158384 29.925556 29.75798 29.925634 30.05451 30.087542 29.885017 29.979986 29.823202 29.743383 29.89294 29.909689 30.0635 29.939787 29.866562 29.794308 29.721392 29.56993 29.30995 29.032545 28.964758 28.645441 28.564089 28.512146 29.043392 28.98719 29.08948 28.415901 28.03654 27.9782 28.528978 28.596165 -32767.0 28.415823 28.32754 28.337282 28.421259
31.404127 31.448889 31.559662 31.542416 31.632332 31.235247 31.433336 31.660725 31.933311 31.722517 31.23104 31.285496 31.367634 30.6121 29.320894 29.271822 29.159252 29.344107 29.826015 29.963451 29.702906 29.217241 30.02581 30.276487 29.85688 29.752071 29.905535 29.946991 29.956127 29.914255 30.071266 29.925156 29.855171 29.940702 29.990509 29.924637 29.701147 29.667866 29.588219 29.519701 29.492931 29.35008 29.18616 28.854116 28.433567 28.079218 28.283436 28.912294 29.0517 28.878424 28.775297 28.142584 27.648903 27.634668 28.037933 28.103682 28.197466 27.977161 27.984522 28.133331 28.22545
31.155998 31.224646 31.354736 31.533934 31.483421 31.420048 31.805178 32.030487 31.827583 -32767.0 -32767.0 -32767.0 31.568956 30.166153 30.19898 30.3437 30.121685 30.114069 30.63563 30.485352 30.245005 29.713413 30.148203 30.112986 29.797522 30.030144 30.017347 29.934246 29.905785 29.867514 30.069214 29.93829 29.91604 29.922033 29.935905 29.735775 29.617126 29.519823 29.463856 29.393066 29.326967 29.226595 29.174887 28.764193 28.364428 28.05197 28.539858 29.013233 28.926027 28.61728 28.534483 27.978937 27.303612 26.85588 27.06434 27.490313 27.068277 27.61573 27.84664 27.87134 27.963943
