static/data/ASCData/20210113/ASCV/00.asc
ncols 97
nrows 97
xllcorner 99.0
yllcorner 2.0
cellsize 0.25
NODATA_value -32767
[rows 38 to 56 of 97, columns 0 to 42 of 97]
-0.042990462684278974 -1.4315238697559072 -1.9412717168567952 -2.334969968715592 -2.4022787339560048 -1.7811232754227087 -0.9716773486091186 -0.8965352356898642 -1.1680912885563588 -1.3282397299904454 -0.9893749118835378 -1.1680912885563588 -1.47939432779327 -1.556567308629261 -1.4950610231509525 -1.2998075791561332 -1.3262088620737091 -1.523493173985265 -1.6006661548212562 -1.7323824454210301 -2.016703953764155 -2.348605796156537 -2.550822215865882 -2.5351555205081997 -2.4501491919933676 -2.625093956820821 -2.616100113189559 -2.415044189432635 -1.7196169899444 -1.3447767973124436 -1.3885855195163335 -0.9052389553330209 -0.011657071968914856 0.9170298139559252 1.3780368310551347 1.6170989972538434 1.2901292626592502 -0.7001212957426235 -2.3526675319900106 -3.489373317386299 -4.323189659200729 -5.033123058094225 -5.474691767990384
-0.16977464548626475 -1.5078264786275826 -2.006839738168577 -2.316402033476857 -2.3056674459169635 -1.5791969797014689 -0.8309672143780822 -0.8338684542591346 -1.0703195045648966 -1.2850112557627664 -0.915103170928599 -1.0761219843270013 -1.4892585433888477 -1.6407032651797775 -1.780252903458393 -1.6836416154193516 -1.5252339179138965 -1.7793825314940772 -1.8408888169723858 -1.9717347356078445 -2.1756918992458205 -2.648303875869239 -2.894619141770579 -2.968600758737413 -2.9227611686167867 -3.0733355184434004 -2.880983314329633 -2.3251057531200137 -1.6543390926207233 -1.3369434496336026 -1.1152887227212074 -0.7363867942557771 0.0440467337472894 0.9347273772303435 1.2950613704570388 1.3165305455768257 0.7098812864487911 -1.0975911594467882 -2.746946031825017 -3.9355840110921423 -4.786227544216675 -5.409123746678603 -5.844599852824552
-0.3116452756697221 -1.454153540828115 -1.8623579920921727 -2.221531489366447 -2.145519004482877 -1.4219497781484347 -0.9188747827739667 -0.8907327559277598 -0.7508929936610391 -0.7938313439006128 -0.3583552377546635 -0.7088250153857807 -1.2841408837984507 -1.982469323167738 -2.1211485894820377 -2.0262780453716274 -1.9717347356078445 -2.008870606085314 -2.0254076734073116 -2.1426177646018245 -2.213988265675711 -2.668902679024711 -3.1104713889208697 -3.190545609637913 -3.304564336963268 -3.3730335981561024 -2.8455881877807956 -2.084883090968884 -1.4883881714245324 -1.2713754283218206 -1.183467859925936 -1.2499062532020337 -0.47759619686591304 0.28426939589841993 0.6817392596025842 0.6083378906119608 0.5233315620971286 -0.5898741802626368 -2.819186904863219 -4.234411718840528 -5.2266357581604135 -5.846630720741288 -6.204933846051246
-0.225478451202469 -1.1590974449250968 -1.5762957398204165 -2.0828522230521473 -2.0059693662042615 -1.5458327210693676 -1.0447885936116363 -0.8408314299736603 -0.57507785686927 -0.4268244989474974 -0.21590435959499565 -0.6171458351445285 -1.3378138215979183 -2.0361422609672055 -2.295803230321386 -2.20615491799687 -2.209926529842238 -2.1678585515669795 -2.177722767162557 -2.2676612034751784 -2.3515070360375896 -2.674705158786815 -3.113372628801922 -3.3681014903583133 -3.4844412095885104 -3.4238052960745176 -2.8992611255802627 -2.07414850340899 -1.1132578548044707 -0.6397755062167363 -0.44916404603160043 -0.5333000025821173 -1.300677951120449 -0.5536086817494832 -0.046762074529647535 0.07625049642696968 0.7098812864487911 0.2334976979800043 -2.199191942282344 -4.373090985154828 -5.381852091796711 -6.261798147719872 -6.618070405113094
-0.24114514656015107 -1.1219615744476275 -1.4979622630320049 -2.0254076734073116 -2.0175743257284706 -1.556567308629261 -1.1318257900432052 -0.9316402382505968 -0.5887136843102159 -0.4392998304360223 -0.5106703315099095 -0.9609427610492252 -1.5791969797014689 -1.916901301855956 -2.177722767162557 -2.264759963594126 -2.2470624003197073 -2.334099596751276 -2.3985071221106367 -2.4295503888378964 -2.559525935509039 -2.8331128562922707 -2.9453908396889945 -3.2001197012453857 -3.4159719483956765 -3.3692619863107343 -2.890557405937106 -1.9227037816180608 -0.6006087678225303 0.6483750009704821 0.8778630755617192 -0.225478451202469 -0.9940168956932212 -1.3125730346327633 -0.8721648206890249 -0.12799679119911112 0.5830971036468053 0.2715039404217894 -0.9638440009302776 -3.18648387380444 -5.800791130620662 -6.681607558508139 -7.032077336139256
-0.6249791828233695 -1.4521226729113783 -1.7431170329809236 -2.148420244363929 -2.204124050080133 -1.9551976682858463 -1.531326521664106 -1.3563817568366527 -0.949337801525016 -0.5428740941895898 -0.6365841423475782 -1.1524245931986767 -1.5673018961891545 -1.891660514890801 -2.178593139126873 -2.2598278557963374 -2.447247952112315 -2.6337976764639777 -2.6572977195005016 -2.6465631319406078 -2.7559398754562796 -2.8026498375412214 -2.891717901889527 -2.9668600148087814 -3.1426751516005504 -3.109310892968449 -2.6346680484282934 -1.1648999246872016 -0.20807101191615462 1.0986474305097982 0.5009920150130256 -0.5692753771071652 -1.2412025335588766 -1.7257095936946096 -1.7616849682196585 -0.8788376724154454 -0.18050923304615818 -0.08215720107848501 -0.14743509840216174 -0.8846401521775498 -4.156368366040222 -7.285065453767016 -7.8418133869409505
-0.8602697371767105 -1.5362586294618952 -2.0254076734073116 -2.3915441463961113 -2.498890021995046 -2.3172724054411726 -2.3056674459169635 -2.3857416666340066 -1.9366297330471118 -0.9238068905717558 -0.4041948278752896 -0.7735226647332469 -1.30851129879929 -1.8017220785781798 -2.1492906163282446 -2.5421184962227255 -2.891717901889527 -3.071304650526664 -2.9784649743329905 -2.950322947486783 -2.804680705457958 -2.7724769427782774 -2.7440447919439652 -2.780310290457119 -2.7460756598607015 -2.628865568666189 -2.1289819371608787 -0.4520652859126528 -0.3603861056714006 -0.8338684542591346 -0.8779673004511297 -0.7207200988980951 -1.0604552889693188 -1.6523082247039866 -2.2197907454378156 -2.4637850194343134 -1.4405177133871692 -0.7764239046142993 -0.040089222803226576 -0.4012935879942372 -3.846806070731942 -7.349472979126377 -8.461808349521826
-0.5518679378208518 -1.1648999246872016 -2.263599467641705 -3.001965017369514 -3.184453005887703 -3.2999223531535846 -3.5604536944720806 -3.5294104277448213 -2.6561372235480807 -0.9200352787263877 0.04201586583055317 -0.44829367406728515 -0.9815415642046963 -1.5966044189877828 -2.3193032733579093 -2.954094559332151 -3.320231032320951 -3.5224474520302955 -3.4687745142308284 -3.2537926390448533 -2.8162856649821673 -2.283327898832861 -2.135654788887299 -2.3729762111573764 -2.3927046423485323 -1.8565555123300683 -1.351449649038864 -0.39926272007750097 0.060583801069287624 -0.3809849088268713 -0.7508929936610391 -0.18050923304615818 0.3164731585781002 0.10265177934454606 -0.576238352821691 -1.929666757332586 -2.075308999361411 -1.9845001910844746 -1.034054006051743 -1.0233194184918495 -4.52627645087439 -8.16791274957123 -9.193210923535108
0.1905593477404306 -0.9510785454536475 -2.7588411153373316 -3.556682082626713 -3.782108421384476 -3.975621121450664 -4.082966997049599 -3.5819228695918675 -2.4170750573493716 -1.6328699175009365 -1.826092493579019 -2.158284459959507 -1.7909874910182864 -1.7518207526240803 -2.320173645322225 -3.1963480894000176 -3.76179974221711 -4.087028732883072 -4.21671415556611 -3.82504677162405 -3.0126996049294075 -2.2247228532356043 -2.234296944843077 -2.799748597660169 -2.7510077676584905 -1.6708761599427215 -1.287042123679503 -1.6386723972630408 -0.7392880341368295 -0.4178306553162354 -0.5272073988319068 -0.33601569067056136 -0.4218923911497088 -0.6621150533008384 -0.39462073626781713 -0.5164728112720134 -0.883769780213234 -1.9227037816180608 -2.251994508117496 -2.9404587318912054 -5.998075442532218 -9.297945683241096 -10.333108072800556
1.6864386304109935 -0.5887136843102159 -2.93349575617668 -3.8897444209715157 -4.196405476398743 -4.26168337372242 -3.7031946966198532 -2.7333102043840714 -1.791857862982602 -1.4483510610660106 -2.1112843738864595 -2.9677303867730966 -2.786983142183539 -2.909125341175841 -3.4365707515511477 -3.826207267576471 -4.080936129132862 -4.13576956288475 -4.066429929727601 -3.697392216857749 -2.9198599287357343 -2.5165875852694652 -2.818316532898904 -3.2041814370788586 -2.7510077676584905 -1.7529812485765013 -1.634610661429568 -1.9647717598933188 -1.4442893252325373 -0.9267081304528082 -0.8750660605700773 -1.1445912455198353 -1.3526101449912846 -1.4834560636267433 -1.4062830827907522 -1.1141282267687864 -0.8875413920586022 -1.4814251957100066 -2.980495842249727 -3.0887120898129776 -4.196405476398743 -7.601590724789821 -10.695182809955881
1.3925430304603958 0.47662160001218634 -2.308568685798016 -3.7333675913827973 -3.992158188772662 -3.7557071384669003 -3.151378871243707 -2.26940194740381 -1.2940050993940284 -0.9061093272973366 -0.8553376293789214 -1.5623697883913659 -2.363402119549904 -2.7977177297434324 -3.906281488293514 -4.333053874796306 -4.035096539012236 -3.8740777256138337 -3.5360832794712413 -3.0370700199302467 -2.2734636832372828 -1.9911730428108947 -2.2987044702024377 -2.432741752707054 -1.9354692370946909 -1.6932157070268241 -1.651437852739671 -1.6386723972630408 -1.30851129879929 -0.8495351496168171 -0.5965470319890569 -0.8123992791393477 -0.5887136843102159 -0.48542954454475407 -0.8779673004511297 -1.2510667491544547 -1.8397283210199649 -1.9981360185254204 -3.009798365048355 -2.122889333410669 -3.084070106003294 -7.270559254361754 -10.87593005454544
-0.13176840304447968 -0.9296093703338602 -2.0828522230521473 -3.386669425597048 -3.917886447817723 -3.697392216857749 -3.144415895529182 -2.2186302494853947 -1.158227072960781 -0.9708069766448029 -0.9708069766448029 -0.9716773486091186 -1.4744622199954813 -1.8124566661380732 -2.9149278209379452 -3.801836852575631 -3.6805650255476454 -3.517515344232507 -3.198088833328649 -2.735341072300808 -2.310599553714752 -2.0175743257284706 -1.9920434147752104 -2.1182473496009853 -1.9189321697726927 -1.7051107905391385 -1.6395427692273565 -1.5284252817830537 -1.2060975309981439 -0.7607572092566173 -0.3690898253145569 -0.2147438636425747 0.0011083835077156934 0.0643554129146553 -0.3554539978736111 -0.811528907175032 -1.6114007423811496 -1.6952465749435608 -2.3895132784793747 -1.8240616256622828 -2.7898843820645913 -6.976663654411157 -11.182591109972668
-1.2333691858800355 -2.1298523091251944 -2.6004334178318764 -3.4246756680388333 -3.9979606685347666 -5.1796356720873655 -4.62781984671122 -3.074205890407716 -1.715845378099032 -1.8046233184592322 -2.1806240070436096 -1.8565555123300683 -1.1248628143286798 -1.4570547807091674 -2.0184446976927863 -2.8975203816516313 -3.1229467204093946 -2.976434106416254 -2.746946031825017 -2.621032220987348 -2.363402119549904 -2.2754945511540194 -2.2490932682364435 -2.153352352161718 -1.9540371723334253 -1.849592536615543 -1.7703886878628152 -1.6395427692273565 -1.3204063823116043 -0.9110414350951257 -0.4549665257937052 -0.29597858031203916 -0.1709351414386857 -0.1082683600079557 -0.3145465155507736 -0.584071700500532 -1.1619986848061492 -0.9386032139651226 -1.4393572174347482 -1.5623697883913659 -2.5409580002703045 -7.001904441376311 -11.213924500688032
-1.5350981335094742 -2.1249202013274053 -2.3956058822295847 -3.4296077758366224 -5.839957869014868 -7.022503244531784 -6.379008238914384 -4.7078940674282626 -2.8096128132557467 -2.819186904863219 -3.1629838307679163 -2.5545938277112503 -1.6659440521449325 -1.5069561066632668 -2.0692163956112015 -2.270562443356231 -2.503822129792835 -2.4257787769925283 -2.209056157877922 -2.6329273044996624 -2.8223782687323773 -2.7295385925387037 -2.1678585515669795 -2.072117635492254 -2.041074368764994 -1.9705742396554236 -1.882666671259539 -1.784024515303761 -1.5684623921415755 -1.438486845470433 -1.0526219412904778 -0.750022621696723 -0.6249791828233695 -0.2811822569186724 -0.45699739371044146 -0.7265225786601999 -1.300677951120449 -0.8672327128912358 -0.5411333502609583 -0.7752634086618784 -2.028308913288364 -6.49418746219216 -11.239165287653186
-1.6679749200616691 -2.073278131444675 -2.367173731395272 -3.5401450153047147 -6.086853382892418 -7.732436643425279 -7.086910769891144 -5.730581125499197 -3.9483494665687724 -3.5108424925060864 -3.4687745142308284 -2.913187077009314 -2.388642906515059 -2.1426177646018245 -1.909067954177115 -1.8223208817336514 -1.981308827215317 -2.086043586921305 -1.7303515775042935 -2.93349575617668 -3.3036939649989527 -2.679637266584604 -2.093876934600146 -1.9981360185254204 -1.9969755225729995 -2.016703953764155 -1.9131296900105879 -2.0518089563248876 -2.187586982758135 -2.2032536781158174 -2.0225064335262597 -1.6024068987498872 -0.8953747397374432 -0.44539243418623276 -0.1250955513180596 -0.3670589573978207 -1.3378138215979183 -1.2734062962385573 -0.5849420724648482 -0.2225772113214166 -1.471560980114429 -6.332878524805652 -11.229591196045714
-1.5556969366649454 -1.9189321697726927 -2.3857416666340066 -3.524478319947032 -6.374076131116595 -8.16298064177344 -7.916955499860205 -6.712940949223503 -5.227506130124729 -4.451134337955135 -4.208010435922953 -3.480379473755037 -3.1014775452896077 -2.9453908396889945 -2.732439832419756 -2.014673085847418 -1.7225182298254524 -1.6015365267855715 -0.8779673004511297 -1.948234692571321 -2.675865654739236 -2.321334141274646 -2.1260806972798263 -2.020475565609523 -2.166117807638348 -2.199191942282344 -2.152191856209297 -2.5574950675923027 -2.9825267101664634 -2.937557492010153 -2.7440447919439652 -2.4434763402669475 -1.6572403325017757 -0.6534113336576821 -0.005854592206810061 0.13659628595285778 -0.9989490034910102 -1.2725359242742416 -0.943245197774806 -0.6336829024665267 -1.5742648719036803 -6.5107245295141585 -11.915154179938373
-0.9560106532514361 -1.6581107044660914 -2.235457440795498 -3.618188368105021 -6.856552323335592 -8.862179453107043 -8.663154397266855 -8.44149967035446 -8.102634852247553 -7.480318897761835 -6.9902994818521025 -5.732321869427828 -4.335084742713043 -3.6338550634627036 -3.148477631362655 -2.3143711655601202 -1.347678037193496 -1.0369552459327953 -0.7041830315760969 -0.4012935879942372 -0.8466339097357647 -1.4785239558289542 -1.9551976682858463 -2.2656303355584417 -2.466686259315366 -2.5801247386645105 -2.5537234557469346 -3.0391008878469834 -3.396533641192626 -3.289187765593691 -3.049835475406877 -2.934656252129101 -2.4521800599101042 -1.4785239558289542 -0.7001212957426235 -0.5634728973450605 -1.5469932170217886 -1.0662577687314232 -0.7587263413398802 -0.24230564251257203 -0.8846401521775498 -6.113254665809994 -12.0831359690513
-0.29394771239530293 -1.6746477717880897 -2.1884573547224506 -3.503009144827245 -7.047744031496938 -9.400359451042243 -9.165068896688902 -8.751061965662739 -8.5880122843476 -8.022560631530508 -7.455948482760996 -7.263596278647229 -6.433551548678167 -4.968715532734864 -3.3759348380371548 -2.256926615915285 -1.4892585433888477 -1.2002950512360395 -0.8300968424137665 -0.5176333072244343 -0.8358993221758713 -1.1248628143286798 -1.9404013448924795 -2.745205287896386 -3.033298408084879 -3.1951875934475966 -3.3408298354764216 -3.403206492919046 -3.1719776743991783 -2.994131669690673 -2.530223412710411 -2.1884573547224506 -2.073278131444675 -2.073278131444675 -2.3877725345507432 -2.1434881365661402 -1.6378020252987255 -0.20807101191615462 -0.690547204135151 -0.9316402382505968 -1.451252300947063 -6.499119569989949 -12.543852862162403
-0.49993574395001517 -1.5069561066632668 -2.1426177646018245 -3.9979606685347666 -7.5223868760370936 -9.67481674378979 -9.416896518364242 -8.982290784182608 -8.413067519520148 -8.10640646409292 -7.554590638716774 -7.9549617423019905 -7.741140363068436 -6.91689811286148 -5.151493645241159 -2.947131583617626 -1.772419555779552 -2.4237479090757916 -1.9551976682858463 -1.7196169899444 -1.9969755225729995 -2.2148586376400266 -2.94626121165331 -3.5996204328662866 -3.5819228695918675 -3.664027958225647 -3.759768874300373 -3.583953737508604 -3.2186876364841206 -3.039971259811299 -2.505852997709572 -1.7129441382179795 -1.385684279635281 -1.727450337623241 -2.3526675319900106 -1.9874014309655266 -1.4413880853514849 -0.8652018449744996 -2.114185613767512 -2.0312101531694164 -2.511655477471676 -7.4988868330005705 -13.122940342420442
