static/data/ASCData/20210113/ASCV/03.asc
ncols 97
nrows 97
xllcorner 99.0
yllcorner 2.0
cellsize 0.25
NODATA_value -32767
[rows 57 to 75 of 97, columns 0 to 42 of 97]
-1.570861057809287 -1.5317133192653474 -2.985901237947538 -7.152726301274411 -10.16077830370067 -10.702522777858729 -10.14602261763411 -9.629573605304442 -8.79060745466278 -8.272953896531764 -7.817033310720035 -7.699590095088215 -7.079550143842278 -6.065924852004578 -3.9164128694919507 -1.7924974852580533 -1.1432472983293303 -2.0532816512507592 -2.0903214346423327 -2.3101510433890713 -2.9027875776542507 -3.4869922913099662 -4.289520931460729 -4.840299499128927 -4.84903245618873 -4.595174428553797 -4.366611862747257 -3.5972082321336734 -2.6733216024966966 -2.052378241899745 -1.3179064395253688 -0.5472982631104331 -0.20761634712917143 -0.5551278108192208 -1.0571222735326629 -1.5287019547619671 -1.4437814757666518 -1.330554170439565 -1.9996793630905954 -2.797389820035951 -4.652992627018693 -9.331448519469824 -13.424495152463887
-1.4371564738592157 -1.3940939614608823 -3.859799216828407 -8.036561783016435 -10.325801078485892 -10.832613724404743 -10.111994198745915 -9.607891780880106 -8.887272255221278 -8.40274370662744 -7.9907890425650585 -7.575823013999298 -6.850084168684724 -5.108913212830421 -2.962412594821174 -1.5747758316636808 -1.174264352714144 -1.3844575950500664 -1.7720202066350694 -2.2749180786995256 -2.7504125337832237 -3.526742302754582 -4.5737937405797995 -5.120657534393604 -4.932146116482016 -4.612941479123739 -4.159731121365053 -3.3285945184321792 -2.395071522384386 -1.833452042504021 -1.0875370550168006 -0.42232663622016364 -0.08144017443755036 -0.1235992774848702 -0.5668721323824029 -0.8041676552487447 -0.5638607678790226 -0.7671278718571712 -1.9496907123344878 -3.4213445451362823 -7.803181034004487 -12.456642601077565 -13.842171409082692
-0.9887642993059376 -2.1351907657426943 -5.148060951374361 -8.698760837309692 -10.95939216999704 -10.641090941989777 -9.939141876251904 -9.45551673700908 -8.86589156724728 -8.434965306813606 -7.988681087412693 -7.4252547888302995 -6.205652164961409 -4.468395982961501 -3.0211342026370835 -1.6615031293610243 -1.444986021568004 -1.3404916733007188 -2.318884000448873 -2.4194635748617643 -2.6236340881909266 -3.8052935193172295 -4.852043820692109 -5.125475717599011 -4.9282313426276225 -4.403952782589169 -3.9350833294129064 -3.1674865175013505 -2.2113782876782078 -1.5961565196376788 -0.8394006199382904 -0.17629815629401957 -0.028741295628400998 -0.07752540058315649 -0.23381521830857732 -0.2777811400579253 0.06310532172468797 -1.0785029615066608 -2.97204896123199 -6.7163795847346535 -11.057261516356888 -12.848119986516963 -14.149932861328125
-0.9369688298478018 -3.2855320060338453 -7.180129718255169 -10.18035217297264 -10.194806722588865 -9.875602085230586 -9.625658831450048 -9.094152996603484 -8.747544942264447 -8.291624356452719 -7.823658312627471 -6.986800117138175 -5.692816790035799 -4.177197035484657 -2.729031845809226 -2.5191397399236415 -2.358935148343827 -2.5347988353412174 -3.6176855107566572 -2.812145506102513 -2.3968783410864143 -3.731816225434758 -5.006526819715502 -5.279958716622404 -4.791515394174172 -4.240736826505974 -3.725191223527322 -2.942838725549204 -2.0014861817926235 -1.2064859529003096 -0.4801448346850594 -0.08144017443755036 0.06671895912874426 -0.06999698932470633 -0.2280936257521553 -0.5015255226590574 -0.5551278108192208 -2.643207957462897 -6.1216350953171075 -10.018943035591473 -12.29342664499437 -14.085489660955794 -14.04844987756422
-1.7223326923292999 -5.0697654742864815 -8.75447108062222 -9.589522457409489 -9.582596319051714 -9.397999674994523 -9.180278021400149 -8.818914280994552 -8.53945965508089 -7.907675382271772 -7.376470683875544 -6.472157923510537 -5.214310970448721 -3.8326969362979875 -3.344253613849755 -3.2924581443916194 -3.634248015525247 -4.2085152263198085 -4.322645940997909 -2.6450147761649245 -2.4137419823053423 -4.228089095591778 -5.442873536255261 -5.1354132204601655 -4.5903562453483895 -4.144072025947477 -3.5610718580931136 -2.6510375051716846 -1.798520214264813 -0.9643722468285598 -0.45274141770430143 -0.07752540058315649 -0.006457198303388978 -0.1022185895108727 -0.9974972563657394 -1.70275882305733 -2.957594411615766 -5.628373589663467 -9.080601856338273 -11.199699057366761 -12.999591621036974 -13.555188371910578 -13.505500857604812
-2.628452271396335 -6.631459105739338 -8.734897211350251 -9.167630290485953 -9.17425529239339 -9.07488026378185 -8.82975519320672 -8.518078967106893 -8.075709521560373 -7.507465039772573 -6.817862568498558 -5.78285658868686 -4.758390384636992 -4.124498156675507 -3.871543538391589 -4.046503816037966 -4.418407332205392 -4.599992611759205 -3.7965605622574277 -2.585389758998001 -4.262117514479972 -5.608799720391497 -5.560919024787756 -5.000504090708742 -4.372634591754017 -3.9664015202480583 -3.4008672665132984 -2.4956510967972774 -1.7262474661836937 -0.9935824825113455 -0.44973005320092163 -0.12058791298148996 -0.1392583729024457 -1.130298430964796 -2.4477704011935364 -4.113657244463339 -6.171322609622877 -8.417499392694001 -10.305323799862908 -11.90977880726376 -12.797529062860178 -13.247728056115484 -13.265193970235089
-2.9488614545559644 -7.169589942493339 -8.475016454708559 -8.65690287071271 -8.67045401097792 -8.53674942702785 -8.30216413221455 -8.087453843123557 -7.545408232515161 -6.93801601218342 -5.940049815763295 -5.049288195663498 -4.418407332205392 -4.079628825575146 -4.0943845116417075 -4.247662964863748 -4.2142368188762305 -3.979952660513268 -3.510179797985992 -3.604134370491447 -5.7455156688449485 -6.784737558961378 -6.1216350953171075 -5.02489614318612 -4.320839122295881 -3.751390094706728 -3.222293351462866 -2.610986357276731 -1.9183725214993363 -1.0775995521556467 -0.502428932010071 -0.6108380541317504 -1.6518667629502084 -3.231026308522668 -4.855958594546504 -6.4869136095770985 -8.023010642751224 -9.59825541446929 -11.098216073602856 -12.114852729943937 -12.62558014971718 -12.838483620106146 -12.949602970280868
-3.1439978743749863 -6.936209193481391 -7.778788981527109 -7.920323113185967 -7.929357206696107 -7.802277624653472 -7.600215066476676 -7.359908179106954 -6.828703480710725 -6.040629390176186 -4.873424508666107 -4.204600452465415 -3.8071003380192576 -3.632441196823219 -3.624611649114431 -3.645992337088429 -3.614674146253277 -3.477054788448812 -3.880276495451391 -4.77675970810761 -6.216191940723238 -7.02203308182772 -6.867851219254666 -5.98281119171129 -4.7484528817758385 -3.5649866319475074 -3.135264917315185 -2.9371171329927823 -2.2514294355731614 -1.4829292143105914 -1.439866701912258 -2.341469234224223 -3.850162850417591 -5.232078021018662 -6.436924958820991 -7.811913991064289 -9.053198439357516 -10.219198775066243 -11.283716127011063 -11.969403824430685 -12.437068731805596 -12.746637002753054 -12.912563186889294
-3.306310421107167 -6.880498950168862 -7.427362743982665 -7.396044553147513 -7.199703587527139 -6.981078524581752 -6.523049983617659 -6.062010078150184 -5.419384893128897 -4.691839229112294 -3.7534980498590937 -3.320764970723391 -3.004571697868494 -2.957594411615766 -2.9633160041721878 -3.095213769420231 -3.2780035947753956 -3.7330207712361103 -4.442799384682771 -5.459436041023851 -6.314061287083089 -6.957589881455389 -6.783834149610364 -5.705464520949995 -4.136242478238689 -3.2701740470666074 -3.1400831005205925 -2.8961625757468146 -2.2719067141961453 -2.1117021226163306 -2.721202298100438 -4.082640190078525 -5.366686014319748 -6.321890834791876 -7.483072987295195 -8.582522167479224 -9.67624975510683 -10.625431846572202 -11.297267267276272 -11.938085633595533 -12.33829597609473 -12.638227880631376 -12.886364315709887
-3.450855917269406 -5.993652103923458 -6.363748801388858 -6.183970340537073 -6.137294190734684 -6.035811206970778 -5.522975832045168 -4.6234812548855695 -3.912498095637557 -3.2740888209210017 -2.727225027107198 -2.496554506148292 -2.5209465586256696 -2.49083291359187 -2.688980697914272 -2.9205546282241923 -3.505361614780584 -4.147083390450857 -4.991771133648941 -5.785566816739902 -6.5034761143456885 -6.878390995016495 -6.643203427302519 -5.210396196594327 -3.599015050835701 -3.2057308466942764 -3.076543309499275 -2.8169636893079213 -2.6654920547879084 -3.106054681632399 -4.308191391381685 -5.485936048653595 -6.274010139188134 -7.224095640004517 -8.212425470013825 -9.202562118725162 -10.05236918157899 -10.738659151899288 -11.415613892259106 -11.961574276721896 -12.348233478955883 -12.613835828153999 -12.85896089872913
-3.598111641484687 -4.9225097500712005 -4.171475442928235 -3.986878798871042 -4.7975381231809315 -4.751464246279218 -4.446714158537165 -3.5797423180140693 -2.9244694020785866 -2.340264688422871 -2.0111225482034394 -2.082491886933545 -2.182168051995422 -2.492639732293898 -2.706446612033876 -3.1783274297135184 -3.73000940673273 -4.333486853210077 -5.010140457119558 -5.692816790035799 -6.2466067222073764 -6.594419322347764 -6.349294251772633 -4.924316568773229 -3.48789570066098 -3.1322535528118047 -3.3999638571622848 -3.6167821014056427 -3.8354071643510292 -4.553316461956816 -5.5816974398610775 -6.197822617252621 -6.982885343283781 -7.800470805951445 -8.701772201813071 -9.521164483182762 -10.274909018378771 -10.902778517333497 -11.4496423111473 -11.930256085886743 -12.203687982793646 -12.466278967488382 -12.682193802380723
-3.750486685355714 -3.736935545090504 -2.727225027107198 -2.341469234224223 -3.1626683342959425 -4.0443958608856 -3.741753728295912 -3.1265319602553827 -2.5278726969834437 -1.9692645816064576 -1.8990997886777041 -2.0424407390385912 -2.4038044794441884 -2.71638411489503 -3.059980804730685 -3.525838893403568 -3.823662842787847 -4.313912983938107 -4.628299438090977 -5.163720046791937 -5.764186128765904 -6.213481712670196 -5.967453232744052 -4.822833585009324 -3.3969524926589045 -3.6598446138039766 -4.2964470698185036 -4.872521099315093 -5.109816622181436 -5.7015497470956005 -6.236970355796561 -6.853095533188103 -7.480965032142828 -8.291624356452719 -9.005317743753773 -9.775022510817696 -10.387232914354843 -10.988903542130164 -11.46921618041927 -11.792636728082279 -12.066972034340196 -12.287705052437946 -12.502415341528941
-3.599015050835701 -3.0991285432746247 -2.065025972813941 -1.7241395110313276 -2.8531000633484807 -3.735730999289152 -3.5854639105704913 -3.0259523858424915 -2.579668166441579 -2.084599842085911 -2.1595828182200725 -2.442952217988128 -2.834429603427525 -3.2262081253172603 -3.5707082245039294 -3.741753728295912 -3.995611755930844 -4.189844766398853 -4.354867541184075 -4.72707219380184 -5.331453049630202 -5.824714555283842 -5.797311138303084 -4.651788081217341 -4.2085152263198085 -4.565060783519997 -5.334464414133581 -5.691913380684785 -5.843385015204798 -6.344174932116887 -6.844362576128302 -7.33943090048397 -7.968203808789709 -8.592459670340379 -9.307056466992446 -9.939141876251904 -10.47516475785354 -11.023835370369373 -11.390017293980376 -11.721267389352175 -12.010358381676651 -12.231091399774403 -12.408761905473824
-2.99162283050396 -2.453793130200296 -1.681076998632994 -1.7114917801171319 -2.841355741785299 -3.7827082855418794 -3.640270744532007 -3.207537665396304 -2.832622784725497 -2.5504579307587933 -2.687173879212244 -2.985901237947538 -3.405685449718707 -3.7965605622574277 -3.998623120434224 -4.149793618503899 -4.111850425761311 -4.176293626133643 -4.407867556443563 -4.625589210037935 -5.159805272937543 -5.491657641210017 -5.545561065820518 -5.53170878910497 -5.365782604968733 -5.526890605899562 -5.881328207947385 -5.906623669775778 -6.3062317393743 -6.823885297505318 -7.164470622837593 -7.662550311696641 -8.264220939471961 -8.86589156724728 -9.487738337195246 -10.054176000281018 -10.604051158598203 -11.021125142316329 -11.35779569379421 -11.676398058251813 -11.95946632156953 -12.181102749018297 -12.368710757578867
-2.4194635748617643 -2.061111198959547 -1.706673596911724 -1.7271508755347078 -2.4947476874462637 -3.469225240740024 -3.8040889735158774 -3.493617293217402 -3.2689695012652558 -3.109066046135779 -3.2906513256895913 -3.6577366586516105 -4.03084472062039 -4.266032288334366 -4.400038008734775 -4.384378913317199 -4.324753896150275 -4.229895914293806 -4.437077792126349 -4.674373314992691 -5.065850700432088 -5.260384847350434 -5.390174657446111 -5.599163353980682 -5.800322502806464 -5.835555467496009 -5.927402084849099 -6.187885114391467 -6.685964803250515 -7.057266046517267 -7.399055917650894 -7.899845834562983 -8.518078967106893 -9.133300735147422 -9.756352050896739 -10.234857870483818 -10.718181873276304 -11.000647863693345 -11.365625241502999 -11.659835553483223 -11.919415173674576 -12.135330008566921 -12.300352783352142
-2.2679919403417514 -1.920480476651702 -2.057196425105153 -2.347190826780645 -2.7660716292007996 -3.338532021293333 -3.724287814176308 -3.627321877167473 -3.531861622410328 -3.609855963047869 -3.8080037473702717 -4.143168616596463 -4.381367548813819 -4.571685785427434 -4.619566481031175 -4.521998271121664 -4.378356184310439 -4.2036970431144 -4.285606157606336 -4.516276678565242 -4.825844949512703 -5.01134500292091 -5.190822327322357 -5.382345109737323 -5.5338167442573365 -5.676254285267209 -5.960527094386279 -6.508294297551096 -6.930186464474631 -7.32286839571538 -7.753493519698717 -8.236817522491203 -8.776755177947233 -9.329641700767796 -9.830732754130224 -10.286653339941953 -10.736852333197259 -11.053346742502494 -11.429165032524317 -11.692960563020403 -11.941096998098912 -12.166648199402072 -12.356063026664675
-2.709457976537256 -2.2640771664873576 -2.322798774303267 -2.1312759918883004 -2.224026018592404 -2.9106171253630384 -3.5532423103843254 -3.4222479544872964 -3.352083161558543 -3.6869468943343966 -3.9420094677706805 -4.284702748255322 -4.485861897081104 -4.5903562453483895 -4.5846346527919675 -4.513265314061862 -4.4379812014773625 -4.356072086985427 -4.453640296894939 -4.49549826349192 -4.678288088847085 -4.852043820692109 -5.023992733835106 -5.166430274844979 -5.350123509551158 -5.721123616367571 -6.193907843398227 -6.798288699226588 -7.240658144773107 -7.62370370960304 -8.023914052102239 -8.547289202789678 -9.10499390881565 -9.600062233171318 -10.031891902956007 -10.476971576555567 -10.843153500166572 -11.159647909471808 -11.436994580233105 -11.73391512026637 -12.002528833967864 -12.228983444622038 -12.416591453182612
-3.1900717512767 -2.703736383980834 -2.0102191388524253 -1.6344008488306043 -1.5777871961670606 -2.217401016684968 -2.941031906847176 -3.074736490797247 -3.1723047007067584 -3.2894467798882396 -3.5366798056157354 -3.871543538391589 -4.130520885682267 -4.302168662374926 -4.341316400918865 -4.353060722482048 -4.317827757792502 -4.298253888520532 -4.326560714852303 -4.324753896150275 -4.589452835997376 -4.7975381231809315 -5.014055230973952 -5.198651875031144 -5.5064133272765785 -5.949686182174111 -6.604959098109594 -7.181033127606183 -7.546311641866174 -7.928152660894755 -8.35305619232167 -8.861976793392886 -9.359755345801595 -9.740692955479163 -10.159573757899318 -10.585380698677247 -10.922352386605466 -11.241858160414083 -11.453557085001695 -11.742648077326173 -11.980847009543528 -12.197665253786887 -12.389188036201851
-3.0307705690478994 -2.702531838179482 -2.0484634680453513 -1.7446167896543114 -1.6166337982606627 -1.5561053717427251 -1.9897418602294414 -2.4730658630219278 -2.638088637807151 -2.600145445064563 -2.8910432560910686 -3.175316065210138 -3.4400150050572385 -3.6559298399495828 -3.879373086100377 -3.9438162864727087 -4.079628825575146 -4.098299285496101 -4.124498156675507 -4.258202740625578 -4.539464185241267 -4.855055185195489 -5.112827986684815 -5.490754231859002 -5.859947519973387 -6.417652225999359 -7.0250444463311 -7.501442310765812 -7.870635598880198 -8.248561844054386 -8.623476724725192 -9.085420039543681 -9.485028109142203 -9.877408903932615 -10.26135787811356 -10.635369349433354 -10.933193298817635 -11.222284291142111 -11.471324135571635 -11.762221946598142 -12.016079974233072 -12.246750495191979 -12.431046002798833
