static/data/ASCData/20210113/ASCV/06.asc
ncols 97
nrows 97
xllcorner 99.0
yllcorner 2.0
cellsize 0.25
NODATA_value -32767
[rows 57 to 75 of 97, columns 0 to 42 of 97]
-1.3136818065197713 -1.323503462450753 -2.3625768855019254 -5.950370022642755 -8.839092355284325 -9.77966034679242 -9.342018913397222 -8.519888537527432 -7.475037669810975 -6.883138463852718 -6.406499278966859 -6.1537360748607215 -5.369447961548535 -4.35175108375891 -2.7259781549482347 -1.2570628487999964 -0.29425169533056117 -0.8537972111632333 -1.2131542693438448 -1.6487735971061936 -2.413418398556417 -3.156686654745093 -3.938663790191166 -4.413280869444176 -4.356661911724401 -4.025614332403677 -3.797116395891729 -3.09602348575962 -2.0959478141991084 -1.463317623350605 -0.9572134706718018 -0.45630901819175307 -0.36155892568111003 -0.42597743369901675 -0.8968391739195929 -1.7377462449515537 -1.4173869382616036 -0.5334379044732831 -1.4367413778903022 -2.646827163033856 -4.566672025307443 -9.185739035201312 -13.289457980951926
-1.2111321637109955 -1.0178766396572745 -3.1711302664083005 -6.860606429658114 -9.26893423838139 -10.16819350053271 -9.50725383082432 -8.730765267810266 -7.819662244095115 -7.243362138733122 -6.709237379427695 -6.159513519526005 -5.257076662808778 -3.775739850630181 -2.1459227105538075 -0.6888511659693997 0.12085770387003247 -0.17119212396003025 -0.5920789678259073 -1.4407855891560004 -2.4798590122071733 -3.285523670780907 -4.056812533596206 -4.524785551484141 -4.3147754379010985 -3.929997623193241 -3.410605347784287 -2.5578545151884953 -1.528602748068304 -0.9124382745158575 -0.4583311238246024 -0.29222958969771184 -0.20036821951971007 -0.3664697536466006 -0.8636188670942149 -0.9592355763046507 -0.13710520043485985 0.36293263534539566 -1.1056937985695785 -3.0053176045146746 -7.509124593336146 -12.108837163601319 -13.85391432475009
-0.5805240784953414 -1.4358747611905098 -4.261045202513965 -7.842194278289719 -10.223945841552695 -10.067665963356784 -9.41625907734611 -8.728743162177416 -7.929144820502231 -7.363532987771011 -6.741591069553281 -6.007277852595794 -4.524785551484141 -3.0443153560053355 -1.9064476291778214 -0.47393022442086696 -0.1798582909579549 -0.31678372952516565 -0.6926065050018337 -1.572511327524456 -2.470903972975984 -3.395872863887815 -4.166295110003322 -4.356661911724401 -4.138852247843227 -3.5345315358546103 -2.9787413590543723 -2.1106802980955806 -1.1614461395895606 -0.6310767193165683 -0.3430711027522042 -0.17119212396003025 -0.157615128996615 -0.3303607244885809 -0.7521141850542499 -0.4973288753152634 1.0065399710579372 0.47443731738536066 -1.6184420126134569 -5.8313546625379225 -10.312918489398054 -12.6134969551138 -14.28057861328125
-0.09608534331134955 -2.282559276887754 -6.277662262931045 -9.41134824938062 -9.718130561107156 -9.561850682911246 -9.157429556341427 -8.43293799531492 -7.825439688760397 -7.186743181013346 -6.435964246759803 -5.289430352934364 -3.725764954275482 -2.4368170494508137 -1.2980827059235067 -1.0580298800809924 -0.9398811366759521 -0.9993888167283687 -1.4173869382616036 -1.8674498776871604 -2.1869425676773178 -3.1818185390390745 -4.071545017492678 -4.261911819213758 -3.783539400928314 -3.1448428931812624 -2.521745486030476 -1.6360632188425703 -0.8361760049341198 -0.45544240149196114 -0.1633925736618984 -0.1154397829400482 -0.10186278797663295 -0.6302101026167763 -1.1409362110278054 -0.5998785181240391 0.8600817487930099 -0.5100392535788867 -4.250356929883191 -8.66634675979236 -11.675239941471819 -13.977840512820414 -14.219048827595984
-0.6293434859169835 -3.919309350562467 -7.855771273253135 -9.097055259589217 -9.324397707168108 -9.080300670059895 -8.679923754755775 -8.113445305324763 -7.578453929319544 -6.561912540462975 -5.486730088253783 -4.24746820755055 -3.0480706950377696 -1.868605366620217 -1.5696226051918143 -1.4904716132774354 -1.5294693647680968 -1.6585952530371748 -2.068793824272278 -1.7259024833877232 -1.865427772054311 -3.2023284676008297 -4.05016847223113 -3.89099987170258 -3.3568751123971534 -2.7924187685989907 -2.0921924751666743 -1.1605795228897682 -0.617499724353153 -0.1986349861201253 -0.0033573564335549477 -0.08221947611466973 -0.6417649919473423 -1.2824836053272426 -1.572511327524456 -1.044164012884313 -1.0031441557608027 -3.206372678866528 -7.2133194264736495 -10.193614257059956 -12.713157875589935 -13.64881503913254 -13.85391432475009
-1.5130036474720399 -5.4806637713552355 -8.075603042767158 -8.848914011215307 -8.870290556476853 -8.690612027386548 -8.355809109033391 -7.854904656553343 -7.0139975855213805 -5.716094641465523 -4.389882218549779 -3.345031350833323 -2.54427752022508 -2.121368570726354 -2.003219827321314 -2.109813681395788 -2.2103412185717146 -2.1017252588643918 -1.879293639250991 -1.1224483880988996 -2.0872816472011837 -3.4262044483805516 -3.8439136976805224 -3.5842175599760453 -3.0061842212144674 -2.46714863394355 -1.7845435467403474 -0.8890396236214606 -0.4086450997031674 -0.01982307372961234 0.008486405130275543 -0.2835634226997872 -0.8714184173923472 -1.6525289361386273 -1.8567616050563864 -2.3227125173114715 -3.9525296573878452 -6.551224267832202 -9.108610148919784 -11.366435524112434 -12.679070952064762 -13.474047338007722 -13.652570378164974
-1.9523783142668223 -6.477850720583106 -8.133955233886518 -8.338187902804277 -8.338187902804277 -8.240549087960991 -7.95832091606191 -7.5489889615266 -6.685838728533299 -5.457265120460839 -4.090032840421584 -3.2482591526898306 -2.762953800806047 -2.5266563139959666 -2.5266563139959666 -2.5930969276467226 -2.417173737588851 -1.8509841603911035 -1.0990497372045027 -1.066696047078917 -2.8080178691952553 -3.9984603424768466 -3.8869556604368816 -3.1789298167064333 -2.6095626449427796 -2.1332123322901846 -1.5736668164575125 -0.8743071397249884 -0.3939126158066957 -0.12150609983859528 -0.20152370845276657 -0.5276604598080006 -1.3148372954528278 -2.437683666150606 -3.6281261394321973 -4.889053437630242 -6.741591069553281 -8.646703447930395 -10.426156404837602 -11.778656200980386 -12.679070952064762 -13.170153748613831 -13.364564761600608
-2.3206904116786227 -6.331392498318178 -7.403686228194729 -7.683025677761169 -7.851727061987436 -7.908634891940475 -7.688803122426451 -7.159589191086516 -6.198511271016666 -5.106863101511417 -3.9874831976128084 -3.3820069966911355 -2.980763464687221 -2.801084935596916 -2.7513989114754804 -2.6976686760883473 -2.5295450363286083 -2.1398563936552604 -2.1672992558153554 -2.7932853852987836 -3.9377971734913735 -4.408370041478685 -4.195760077796265 -3.480801300467477 -2.6632928803299127 -1.8772715336181416 -1.40669866563083 -1.2258646476074677 -0.8956836849865364 -0.6244326579514929 -0.8332872826014781 -1.7250358666879309 -3.127221686952149 -4.409525530411742 -5.576569352798936 -6.955356522168757 -8.366497381664164 -9.659489497754532 -10.985701920670277 -11.894782838752578 -12.585187476253912 -13.026584248681544 -13.248438123828418
-2.7863524517004437 -6.4631182366866335 -7.077549476839495 -7.217074765506084 -7.267916278560575 -7.299981096452896 -7.133012945626214 -6.645685488109581 -5.707428474467599 -4.6478451228546716 -3.6859005860850287 -3.2219717794627925 -2.898723750440201 -2.847882237385709 -2.840082687087577 -2.895835028107559 -2.8889020945092194 -3.024672044143373 -3.3811403799913426 -4.027636438036526 -4.553095030344028 -4.901763815893865 -4.614624816029293 -3.726920443208539 -2.424106671187191 -1.6585952530371748 -1.495382441242926 -1.528602748068304 -1.2590849544328457 -1.272661949396261 -2.0228631391832765 -3.499289123396383 -4.846011474873883 -5.865441586063093 -6.944668249537983 -8.053937625272347 -9.217226108627106 -10.296163899868732 -11.113672320006298 -11.918181489646974 -12.443640081954475 -12.850949930856938 -13.116423513226696
-3.4582692662728727 -6.24530857280546 -6.600043675253844 -6.273618051665347 -6.454452069688709 -6.709237379427695 -6.543135845300805 -6.159513519526005 -5.187747326825381 -3.924220178527958 -3.24334832472434 -2.944654435529202 -2.9241445069674468 -2.894968411407767 -3.0726248348652234 -3.2092614011991696 -3.6272595227324045 -3.978817030614884 -4.487521033393064 -4.927184572421111 -5.288274864001307 -5.36078179455061 -4.99940263073715 -3.5793067320105543 -2.132056843357128 -1.6302857741772874 -1.533513576033795 -1.5598009492608331 -1.846073332425613 -2.4142850152562096 -3.7006330699815004 -5.009224286668132 -5.88884023695749 -6.83807439546351 -7.806951865831492 -8.829270699353344 -9.725930111405287 -10.513106947050115 -11.265907986936508 -11.861562531927198 -12.326357955249229 -12.606852893748725 -12.877237304083977
-4.073567123125527 -5.69356260727092 -4.809035829016071 -4.447656665202611 -5.532660773342784 -5.849842485466828 -5.889995725890547 -5.415378646637536 -4.391037707482836 -3.246525919290246 -2.906523300738333 -2.9417657131965598 -2.9963625652834858 -3.246525919290246 -3.4299597874129857 -3.7191208929104063 -4.105631941017848 -4.599892332132821 -5.061799033122208 -5.3859136788445925 -5.547104385005992 -5.653698239080466 -5.1857252211925315 -3.7511857108027282 -2.0295072005483523 -1.545357337597625 -1.772699785176517 -2.10576947013009 -2.895835028107559 -4.042368921932998 -5.174170331861966 -5.921193927083075 -6.7924325826077725 -7.5189462492671275 -8.395673477223845 -9.202493624730634 -10.00411407203867 -10.690763370507572 -11.279484981899923 -11.78443364564567 -12.023619854788391 -12.305848026687473 -12.62042988871214
-4.424258014308213 -4.702441974941597 -3.470979644536496 -2.7103790543519706 -3.8127154964879937 -5.204501916354702 -5.240610945512722 -4.515830512252951 -3.583350943276253 -2.9749860200219382 -3.0746469404980723 -3.186729367004565 -3.492356189798043 -3.7376087158393125 -3.822537152418975 -4.103898707618264 -4.31766416023374 -4.757038827028523 -5.129106263472757 -5.499440466517406 -5.644743199849277 -5.6594756837457485 -5.174170331861966 -3.4172494091493624 -1.7004817268604775 -1.9601778645649546 -2.5988743723120056 -3.453358438307382 -4.327485816164721 -5.369447961548535 -6.056963876717229 -6.798210027273056 -7.3363789978441805 -8.055959730905196 -8.733653990142908 -9.490499241294998 -10.182925984429183 -10.796201735648989 -11.324549050289132 -11.558824431466363 -11.800032746241934 -12.003109926226635 -12.309892237953171
-4.152718115039907 -3.8976439330676556 -2.54427752022508 -1.811697536667178 -3.326543527904417 -4.718041075537862 -4.438701625971421 -3.635925689730329 -3.272813292517284 -3.132999131617432 -3.4230268538146458 -3.69572224201601 -4.015792676472696 -4.1498293927072645 -4.234757829286927 -4.213092411792115 -4.391037707482836 -4.565805408607651 -4.891942159962884 -5.352982244252479 -5.519950395079161 -5.469975498724462 -4.523630062551084 -2.764975906438896 -2.2629159650257913 -2.687847020157366 -3.927975517560392 -4.846878091573675 -5.479797154655444 -6.141025696597099 -6.783477543376584 -7.265027556227933 -7.80406314349885 -8.383251971193484 -9.060946230431197 -9.72477462247223 -10.350760751955658 -10.897884761757972 -11.28064047083298 -11.490650584416022 -11.663396179907988 -11.867628848825746 -11.99848797049441
-3.2014618509010373 -2.7620871841062544 -1.728791205720365 -1.7611448958459506 -3.232660052093566 -4.334418749763061 -4.019836887738394 -3.3458979675331157 -3.2219717794627925 -3.470979644536496 -3.784406017628106 -4.0871441180889425 -4.285599342341419 -4.404614702446251 -4.367350184355175 -4.323441604899023 -4.321708371499438 -4.3537731893917595 -4.646689633921614 -5.115529268509341 -5.277586591370533 -4.979759318875187 -4.047279749898489 -3.399628202920249 -3.175174477673999 -3.9583071020531286 -5.066709861087699 -5.582346797464219 -6.100005839473589 -6.6976824900971295 -7.153522874187969 -7.628139953440979 -8.151576440115631 -8.722965717512134 -9.324397707168108 -9.925251952357556 -10.49750784645385 -10.91926130701952 -11.245398058374754 -11.42594320416485 -11.579334360028117 -11.659351968642289 -11.771723267382047
-2.255116414727659 -1.9035589068451797 -1.526580642435455 -1.718102933089591 -2.7404217666114428 -3.762162855666766 -3.869334454207768 -3.330298866936851 -3.422160237114853 -3.7659181946992 -4.032547266002017 -4.23360234035387 -4.360706122990099 -4.35175108375891 -4.289354681373853 -4.2659560304794555 -4.3040871652703245 -4.36561695095559 -4.679909940746993 -5.119573479775039 -5.238588839879872 -4.9144741941574885 -4.485787799993479 -4.159362176404982 -4.389882218549779 -5.0695985834203405 -5.655720344713315 -6.0520530487517386 -6.559890434830127 -7.031618791750494 -7.439795257352749 -7.913256847672702 -8.452581307176883 -9.01877088437463 -9.627135807628946 -10.102908375815012 -10.547193870575285 -10.836354976072705 -11.13129352623541 -11.335237322919905 -11.416410420467134 -11.471873889253851 -11.60099977752293
-1.949489591934181 -1.755078578947403 -1.8498286714580465 -2.172210083780846 -2.721067326982744 -3.3586083457967386 -3.706410514646784 -3.6272595227324045 -3.7052550257137273 -3.942708001456864 -4.104765324318056 -4.24746820755055 -4.24053527395221 -4.142896459108925 -4.041213432999942 -4.081366673423659 -4.2766443031102295 -4.373416501253722 -4.632246022258407 -4.928917805820696 -5.022801281631547 -4.9534719456481495 -4.8656547867358455 -4.912452088524639 -5.146727469701871 -5.5531707019045395 -6.001211535697246 -6.456474175321558 -6.861761918591171 -7.28351537915684 -7.709313050988207 -8.218017053766388 -8.754163918704663 -9.271822960714033 -9.740662595301758 -10.120529582044124 -10.45244377806464 -10.721094955000307 -10.934860407615783 -11.087096074545993 -11.175202105691563 -11.317616116690791 -11.503360962679645
-2.3432224458732267 -2.0237297558830694 -2.2005195626407335 -2.1857870787442613 -2.3634435022017177 -3.035360316774147 -3.6965888587158022 -3.738475332539105 -3.8098267741553515 -4.106787429950905 -4.12729735851266 -4.1642730043704725 -4.042368921932998 -3.84998001457907 -3.734719993506671 -3.8294700860173148 -4.070678400792886 -4.249201440950134 -4.4271467366408555 -4.652755950820162 -4.891942159962884 -5.0375337655280195 -5.101952273545926 -5.222123122583815 -5.486730088253783 -5.946614683610321 -6.351902426879933 -6.783477543376584 -7.150634151855327 -7.530501138597694 -7.9300114372020225 -8.411561450053373 -8.902644246602438 -9.357618013993488 -9.730840939370777 -10.044267312462388 -10.271898632274542 -10.500396568786492 -10.708384576736684 -10.92215002935216 -11.07842990754807 -11.255219714305735 -11.38983417500683
-2.5471662425577217 -2.2210294912024886 -1.9289796633724259 -1.7981205417037627 -1.9154026684090102 -2.5668095544196845 -3.343009245200474 -3.662501935190632 -3.839291741948296 -3.929131006493449 -3.966106652351261 -3.965240035651468 -3.830336702717107 -3.6469028345943673 -3.5706405650126296 -3.7170987872775574 -3.9505075517549963 -4.1215199138473775 -4.184782932932228 -4.408370041478685 -4.787370411521259 -4.985536763540471 -5.251299218143495 -5.466220159692028 -5.784557360749129 -6.2141103716129305 -6.686705345233091 -7.135035051259063 -7.424196156756484 -7.748310802478868 -8.15850937371397 -8.563797116983583 -8.978906516184177 -9.288288678010089 -9.595070989736623 -9.839168026844836 -10.0618885186915 -10.289230966270393 -10.48855280722266 -10.702318259838137 -10.950459508212049 -11.180979550356845 -11.35776935711451
-2.4142850152562096 -2.4035967426254357 -2.0647496130065797 -2.042217578811975 -2.17596542281328 -2.383953430763473 -2.917211573369107 -3.4652021998712126 -3.6067495941706493 -3.3811403799913426 -3.412338581183872 -3.414360686816721 -3.4192715147822117 -3.330298866936851 -3.48657874513276 -3.65961321285799 -3.8187818133865408 -3.9476188294223546 -4.108809535583754 -4.366483567655382 -4.7258406258359935 -5.075376028085624 -5.365403750282837 -5.761158709854732 -6.1300485517330605 -6.591088636022655 -7.0353741307829285 -7.371332538069144 -7.692558461458885 -8.031694463311005 -8.370541592929863 -8.727009928777832 -8.961285309955063 -9.240624759521502 -9.426080733277093 -9.633202124527493 -9.871521716970422 -10.112730031745993 -10.32649548436147 -10.611612378593193 -10.903662206423256 -11.23557640244377 -11.411499592501642
