static/data/ASCData/20210113/ASCV/09.asc
ncols 97
nrows 97
xllcorner 99.0
yllcorner 2.0
cellsize 0.25
NODATA_value -32767
[rows 0 to 18 of 97, columns 0 to 42 of 97]
0.5931426842223999 1.499401893561588 2.3442425296724023 2.236692975678613 1.7456125932281683 1.6450363270245 1.507179791481338 0.8793156869939045 0.8988945334815517 1.0142219853950918 1.0619621864197661 1.1732665876851591 1.5238084008270114 0.9487803615185717 0.7583559641729591 0.7065927125001377 0.6489289865433676 0.7709615228704854 1.867645129555286 2.780609423308052 2.5942080766105864 1.7582181519256945 1.1751440113209615 1.2094740435184796 0.7288535927532163 0.930274328537096 1.4741907761665347 2.00228322457993 2.3372692418822814 2.442941372240269 2.469225303141494 2.4877313361229696 2.2562718221662603 2.128338811555194 2.1371895229811173 2.1489904715490145 2.013279563018197 1.483846097722087 1.05713452564199 0.796440843642082 0.9136457191914236 1.3784421707406427 1.4956470462899842
0.8187017238951606 1.291544276740673 1.9711716329009281 1.9341595669379785 1.545264670950461 1.3813924078826174 1.3492080026974431 0.9798919531975727 0.9517305986605455 0.8050233516914611 0.3032148341792915 -0.009242099493437905 0.24072344744474616 0.3616831702656915 0.6038708192841247 0.923301040746975 1.0091261212407723 1.248631736493775 2.100982067147797 2.554245773505662 2.093204169228046 1.3500126128270722 1.2505091601295764 1.7700191004935917 1.53748677303071 1.115602861728389 1.3403572912715207 1.7005544259689245 2.0258851217157243 2.0151569866539996 1.7005544259689245 1.7895979469812389 1.8617446552713375 2.0103293258762234 2.312862734616858 2.396810391474853 2.3530932410983256 1.8628174687775099 1.2084012300123073 0.6078938699322709 0.49551665516070553 0.701496848345819 0.877438263358103
0.8541045695988512 1.1831901126172548 1.4975244699257857 1.4594395904566637 1.1780942484629353 1.0405059162963166 1.2582870580493273 1.1126526245864152 1.0308505947407651 1.05713452564199 0.7532601000186396 0.5209959759323022 0.6078938699322709 0.5816099390310461 0.45367692841997975 0.5258236367100784 0.47111014789528216 0.8685875519321797 1.7807472355553164 1.9271862791478576 1.7356890682960726 1.6372584291047492 1.7954984212651874 2.7669310511043523 2.681105970610556 2.1567683694687645 1.7045774766170716 1.8735456038392346 1.7855748963330926 1.5482149080924348 0.7583559641729591 0.9066724314013026 1.2397810250678516 1.929063702783659 2.3372692418822814 2.3675762234316533 2.274777855147735 2.112783015715694 1.8413611986540603 1.321851258290045 0.9203508036050012 0.8079735888334358 1.0375556791543428
1.0893189308271642 1.2231524157221791 1.3011995982962254 0.9144503293210526 0.6186220049939957 0.6459787494013938 0.8841433477716807 0.8959442963395778 1.1440324196419596 1.2679423796048788 1.5766444660060053 1.4009712543702646 1.2368307879258778 0.9839150038457198 0.7143706104198886 0.1889601957719247 0.10206230177195508 0.5287738738520522 1.2904714632345007 1.1274038102962862 1.1713891640493577 1.1713891640493577 1.6010509732714286 2.246616500610708 2.0561921032650963 2.0687976619626225 1.8236597758022146 1.7914753706170412 1.6616649363701725 0.8589322303766274 0.10286691190158415 0.5590808554014242 1.283766378820923 1.9124350934379866 2.1186834899996425 2.0717478991045972 1.8354607243701118 1.7855748963330926 1.5503605351047796 1.3403572912715207 0.9761371059259689 0.7299264062593886 0.8101192158457806
0.8656373147902059 0.930274328537096 0.9643361573580718 0.5853647863026499 0.36463340740766537 0.36570622091383775 0.7368996940495096 1.0962922186172852 1.2690151931110512 1.536682162901081 1.8392155716417156 1.905730009024408 1.5433872473146586 1.077517982259267 0.6626073587470671 0.16267626487069897 0.17635463707439847 0.523946213074276 0.7942952166297363 0.5786597018890713 0.65858430809892 0.9935703254012713 1.418404473845567 1.0364828656481704 0.7250987454816125 1.034605442012368 1.4291326089072918 1.4116993894319894 1.5004747070677604 0.8929940591976031 0.620499428629798 1.1595882154814605 1.764118626209643 1.7456125932281683 1.9194083812281075 1.6849986301294244 1.3851472551542203 1.3100503097221479 1.0453335770740928 0.8237975880494792 0.6009205821421499 0.4418759798520826 0.6001159720125209
0.36087856013606157 0.44965387777183263 0.554253194623648 0.5376245852779746 0.316893206382991 0.2114892794015466 0.554253194623648 1.068935474209887 1.2875212260925268 1.5559928060121857 1.890978823314537 2.0433183411910267 1.7163784251849687 1.1558333682098567 0.7709615228704854 0.5365517717718022 0.5513029574816741 0.5140226881421812 0.6323003771976952 0.627472716419919 0.8656373147902059 1.2016961455987296 0.6304229535618928 0.09026135320405793 0.08838392956825647 0.7613062013149339 1.1762168248271339 1.299322174660424 1.388097492296195 1.5433872473146586 1.5922002618455062 1.963393734981178 1.9955781401663524 1.9770721071848767 1.7308614075182964 1.4897465720060357 1.04935662772224 0.8382805703828078 0.5824145491606751 0.32869415495088816 0.10501253891392981 0.2114892794015466 0.466282487117506
0.14792507916082798 0.24555110822252235 0.19968833083364945 0.19566528018550233 0.24367368458672 0.12754162254355084 0.2015657544694509 0.7073973226297676 1.0005436131913932 1.142154996006158 1.4575621668208623 1.6772207322096735 1.5970279226232824 1.2376353980555068 1.1263309967901138 0.8744880262161283 0.7875901322161587 0.6829908153643434 0.8852161612778531 0.9281287015247512 1.1469826567839343 0.7924177929939349 0.13907436773490467 -0.4654560429932779 -0.11384141634525324 0.7299264062593886 1.0893189308271642 1.2025007557283587 1.330433766339425 1.5559928060121857 1.8891013996787347 2.181979486863818 2.1039323042897706 1.9915550895182053 1.7356890682960726 1.6605921228640002 1.1558333682098567 0.8031459280556597 0.6263999029137466 0.378311779611364 0.22597226173487428 0.34612737442619057 0.3823348302595111
0.4780834356854031 0.2562792432842462 0.021064882055934042 -0.10981836569710612 -0.0062918623514640615 0.37455693233976106 0.4222971333644354 0.8090464023396082 0.8734152127099559 0.9351019893148722 0.8626870776482312 0.900771957117354 0.9710412417716503 1.1322314710740624 1.1400093689938133 0.9790873430679436 0.8959442963395778 1.0142219853950918 1.165488689765409 0.8294298589568845 0.7055198989939653 0.3560508993582854 -0.08648467193785514 -0.7867636880919306 -0.4292485871599574 0.1878873822657523 0.5893878369507961 0.5413794325495784 0.6977420010742152 0.6966691875680429 1.1558333682098567 1.6675654106541211 1.9456923121293324 1.8920516368207094 2.0376860702836215 2.1039323042897706 1.7954984212651874 1.3655684086665731 1.2239570258518082 1.2885940395986992 1.2065238063765058 0.8334529096050316 0.5140226881421812
1.3178282076418988 0.7886629457223311 0.24957415887066858 0.040375525167038795 0.25440181964844477 0.8530317560926788 1.8228551656725855 1.6458409371541292 1.1968684848209534 1.0150265955247209 0.9868652409876937 0.9136457191914236 0.819774537401333 1.2084012300123073 1.3540356634752193 1.1528831310678829 1.0209270698086694 1.218324754944403 1.0933419814753105 0.49846689230268026 0.40271828687678823 0.4544815385496088 0.2514515825064709 0.31984344352496485 0.9624587337222703 1.0697400843395162 0.6411510886236176 0.354978085852113 -0.009242099493437905 -0.22514581761064623 -0.22326839397484388 0.5816099390310461 1.2212749920863768 1.713428188042994 2.013279563018197 2.069870475468795 1.913507906944159 1.7426623560861936 1.7319342210244697 1.8724727903330622 1.8842737389009594 1.4827732842159147 0.6937189504260681
2.2632451099563813 1.3803195943764441 0.7036424753581638 0.32467110430274104 0.5960929213643746 1.557065619518358 2.3343190047403075 1.4361058966974127 0.7924177929939349 0.7436047784630881 0.907745244907475 0.8589322303766274 0.8286252488272554 1.357790510746823 1.6675654106541211 1.6646151735121473 1.5093254184936828 1.3207784447838726 0.8793156869939045 0.6880866795186629 1.1772896383333062 1.6664925971479487 2.155695555962592 2.8870861637956686 3.659511888239841 3.2172445203202447 2.5990357373883626 1.9046571955182356 1.0933419814753105 0.28765903833979145 -0.09909023063538136 0.42122431985826303 0.8841433477716807 1.3939979665801436 1.7504402540059445 1.7904025571108688 1.7407849324503921 1.7153056116787964 1.5659163309442805 1.5726214153578582 1.5806675166541524 1.3433075284134945 0.8460584683025578
1.6860714436355968 0.8862889747840255 0.41049618479653827 0.2954369362595415 0.7476278291112344 1.7895979469812389 1.986727428740429 1.1097023874444405 1.1029973030308629 1.2054509928703334 1.387292882166566 1.4771410133085094 1.388097492296195 0.9351019893148722 1.2357579744197054 1.7456125932281683 1.9848500051046276 1.9497153627774795 1.8040809293145674 2.0580695269008977 3.017969411548709 3.555180774764569 3.583342129301597 3.6069440264373913 3.1898877759128457 2.593135263104414 2.5738246199933092 2.769881288246327 2.622637634524157 2.68405620775253 2.562023671425412 2.382327409141525 2.1674965045304893 2.150867895184816 1.9312093297960038 1.8081039799627145 1.7075277137590454 1.5726214153578582 1.3481351891912707 1.3052226489443726 1.3695914593147203 1.4202818974813685 1.3384798676357184
1.0005436131913932 0.6167445813581942 0.5952883112347447 0.49068899438292934 0.6489289865433676 1.2885940395986992 1.1858721463826853 0.892189449067974 1.0209270698086694 1.4213547109875408 1.675343308573872 1.9419374648577286 1.9456923121293324 1.5795947031479791 1.388097492296195 1.610706294826981 1.6782935457158459 1.8003260820429636 2.491754386771116 2.6293427189377345 3.406596104159684 3.8432312011718768 3.7885177123570806 2.9525277876721887 2.4858539124871672 1.9751946835490752 2.105005117795943 2.3597983255119033 2.8559745721166676 3.259352450437513 3.2172445203202447 2.8870861637956686 2.907737823789488 2.7065852913821518 2.331636970974876 1.7249609332343478 1.6635423600059749 1.5503605351047796 1.3100503097221479 1.2475589229876025 1.3266789190678212 1.4017758644998937 1.18023987547528
0.8294298589568845 0.6441013257655923 0.6263999029137466 0.6752129174445933 0.8589322303766274 0.9876698511173228 0.9994707996852199 0.8404261973951526 1.004298460462996 1.4310100325430932 1.714232798172624 1.8461888594318365 1.7689462869874193 1.9397918378453838 1.7700191004935917 1.5082526049875105 1.5200535535554076 1.6790981558454758 2.1117102022095207 1.9692942092651267 2.416389237962501 2.8704575544499953 2.73394203578955 1.943814888493531 1.760095575561496 1.536682162901081 1.6117791083331534 1.9448877019997033 2.46627506599952 2.9214161959931877 2.918465958851213 2.653749226203158 2.7661264409747233 2.584552755055034 2.116537862987297 1.5777172795121777 1.5160305029072614 1.5559928060121857 1.276793091030802 1.0445289669444637 1.0863686936851895 1.0308505947407651 0.8286252488272554
0.9214236171111736 0.7495052527470367 0.5365517717718022 0.611916920580418 0.834525723111204 1.0297777812345927 1.145909843277761 1.0394331027901442 1.1185530988703638 1.4224275244937141 1.6576418857220263 1.6498639878022763 1.5777172795121777 1.683121206493622 1.6361856155985768 1.6214344298887058 1.617679582617102 1.7035046631108992 1.6839258166232511 1.226102652864153 1.2593598715554997 1.6812437828578206 1.809176793468887 1.3706642728208926 1.367714035678918 1.3765647471048412 1.479018436944311 1.713428188042994 2.009256512370051 2.370526460573628 2.4252399493884234 2.3305641574687037 2.4174620514686733 2.004428851592275 1.6675654106541211 1.4194772873517394 1.418404473845567 1.479018436944311 1.2542640074011802 0.9954477490370737 0.7368996940495096 0.8168243002593583 0.7025696618519914
0.8500815189507049 0.7631836249507353 0.5209959759323022 0.4322206582965302 0.6996194247100167 0.8559819932346535 0.9780145295617713 0.8940668727037755 1.050161237851869 1.2893986497283283 1.292348886870303 1.3089774962159755 1.5248812143331838 1.4446884047467927 1.329629156209796 1.314877970499924 1.5189807400492352 1.6919719179195454 1.4468340317591375 1.072690321481491 0.5864375998088223 0.6537566473211438 0.931078938666726 0.9359065994445022 1.2786705146666035 1.4575621668208623 1.6225072433948782 1.7818200490614888 1.9652711586169795 2.027762545351526 2.128338811555194 2.0765755598823725 1.9604434978392042 1.345184952049296 1.0678626607037147 1.1019244895246905 1.52970887511096 1.5463374844566333 1.610706294826981 1.330433766339425 1.0238773069506442 0.9554854459321493 0.9506577851543732
0.47218296140145455 0.5491573304693294 0.5268964502162508 0.3686564580558125 0.4467036406298588 0.5912652605865985 0.5062447902224303 0.4193468962224607 0.6733354938087919 0.8101192158457806 0.7942952166297363 0.9565582594383217 1.2513137702592063 1.2054509928703334 1.0209270698086694 0.9624587337222703 0.9399296500926484 1.1206987258827086 1.314877970499924 1.1137254380925876 0.4866659437347831 -0.3560290653636864 0.12941904617935318 0.9546808358025203 1.3167553941357264 1.52193097719121 1.7338116446602712 1.8872239760429332 2.0502916289811477 2.086499084814468 2.1645462673885145 2.1079553549379177 1.6635423600059749 0.9536080222963479 0.7368996940495096 1.1839947227468839 1.633235378456603 2.0336630196354744 2.1870753510181364 2.029639968987328 1.7622412025738416 1.5736942288640314 1.241658448703654
0.11761809761145603 0.21926717732129664 0.2884636484694205 0.21819436381512425 0.29248669911756764 0.38528506740148494 0.23777321030277143 0.14014718124107794 0.2015657544694509 0.3206480536545948 0.33727666300026726 0.5054401800928012 0.7036424753581638 0.6518792236853423 0.5727592276051228 0.7358268805433372 0.562835702673028 0.35310066221631153 0.48961618087675696 0.834525723111204 0.5883150234446237 -0.6030443751598957 -0.46840628013525176 0.5376245852779746 1.3851472551542203 1.6431589033886977 1.7415895425800212 1.963393734981178 2.162668843752713 2.4214851021168196 2.512137843388393 2.3667716133020242 1.7397121189442197 1.1732665876851591 1.0638396100555676 1.5259540278393562 2.005233461721904 2.4378455080859496 2.649994378931554 2.5952808901167588 2.312862734616858 1.951592786413281 1.5541153823763834
0.021064882055934042 -0.0414265046786122 -0.042499318184784585 -0.06878324908600941 -0.03177118312305982 0.05807694801888452 0.17528182356822608 0.26888480198177334 0.03957091503740884 -0.1615816173699276 -0.06878324908600941 0.21229388953117567 0.3775071694817349 0.2562792432842462 0.316893206382991 0.7406545413211134 0.7143706104198886 0.4193468962224607 0.15972602772872513 0.30133741054349006 0.65858430809892 0.451531301407635 -0.004414438715661717 0.16267626487069897 0.9624587337222703 1.6439635135183277 1.7378346953084174 1.9907504793885762 2.2865788037156323 2.558000620777266 2.650798989061184 2.538421774289618 2.3372692418822814 2.0991046435119944 1.7230835095985464 1.6498639878022763 2.120560913635444 2.7124857656661003 2.8540971484808653 2.911492671061092 2.7680038646105256 2.269950194369959 1.6595193093578278
-0.06020074103663031 -0.10794094206130467 -0.1715051423020233 -0.22997347838842241 -0.23694676617854338 -0.13529768646870188 0.09803925112380796 0.38903991467308874 0.12164114825960226 -0.24365185059212102 -0.13342026283290043 0.2163169401793228 0.43007503128418545 0.3616831702656915 0.49953970580885265 0.8549091797284811 0.946634734506226 0.7690840992346839 0.3823348302595111 0.03769349140160738 0.41049618479653827 1.0386284926605152 0.47111014789528216 0.14497484201885324 0.5609582790372265 1.364763798536944 1.7104779509010202 2.0425137310613977 2.28550599020946 2.3793771719995505 2.428190186530397 2.52393879195629 2.6478487519192093 2.5413720114315925 1.782624659191118 1.4731179626603623 2.124583964283591 3.049349206604254 3.4554091186905307 3.5492803004806213 3.2767856699128153 1.921285804863909 1.3189010211480712
