static/data/ASCData/20210113/ASCV/12.asc
ncols 97
nrows 97
xllcorner 99.0
yllcorner 2.0
cellsize 0.25
NODATA_value -32767
[rows 0 to 18 of 97, columns 0 to 42 of 97]
0.2819038230336366 1.4204497327518322 1.9965911334821893 1.9125536781161907 1.5483913715301956 1.413715962289813 1.6986891282424628 1.723200052724212 1.3393751363891218 0.15584763998463824 -1.0882837905780174 -1.4047710022929167 -0.3831233477953737 0.15288478098135005 0.08554707636115833 -0.23578845008639515 -0.3217113611817588 0.3179968327100591 1.9645383860829781 1.9351791468685748 2.515091459057663 1.8287855735686724 0.675425368834035 0.18035856446638743 -0.3402965676569316 -0.5786720420124092 -0.1283174735125696 0.2172596265982527 0.46829458942232627 0.7807415388600143 0.8305714402789555 0.3414303539178851 0.3530124391125584 0.6196697494085166 1.105039924310855 1.5885246434838294 1.1645664551951045 -0.0364688444106287 -0.30124069897722094 -0.2629928827529522 0.13429957450617724 0.9194572103776082 1.4449606572335814
0.6441806738902658 1.2281332483565652 1.8072375080902114 1.6596332595627512 1.3326413659271026 1.5729022960119448 2.2301182931050123 2.038609861165188 1.362000605141506 0.7349518997182836 0.4106535142674419 0.17039258418259973 0.05430238141738997 -0.6616320941044851 -0.45854157696998765 -0.419485708290277 -0.3109373284425283 0.5991990872039779 2.4291685479622984 2.0765883265709766 2.230926345560455 1.5201095355897154 0.41954209127730735 -0.12346915877991549 -0.3001632957032978 -0.15659930945304978 -0.22905467962437598 -0.7338181134573301 -0.7620999493978107 -0.24952534182891384 -0.8550259817736747 -1.202488537613862 -0.7973849066187908 -0.049128332879224246 1.1236251307860288 1.9244051141293443 2.0219101104193813 1.5395027945203301 0.9760208822585685 0.7134038342398226 0.7074781162332453 0.4028423405314996 0.7955558338764561
1.1403248815318356 1.437149483497639 1.4702796341707733 1.3178270709106599 1.0983061538488368 1.3062449857159875 1.3590377461382177 1.368734375603525 1.1158139570500865 1.2184366188912579 1.1976966058682388 2.059080523369727 1.9028570486508825 1.3520346248577173 0.9175717546482431 0.46048341568638396 -0.10407589984930077 0.8472711910247632 2.5708470784831814 2.254359866768282 2.1177990017985335 1.723200052724212 0.9049122661796467 0.2819038230336366 0.21941443314609899 0.40580519953478866 0.6363695001543235 -0.014112726476724902 -0.8245893392853483 -0.7572516346651565 -1.9321599048782554 -1.8782897411821025 -1.2288849178249772 -0.013035323202801763 1.1158139570500865 1.414524014745255 1.3746600936101014 1.4379575359530818 1.7592930624006344 1.5298061650550228 1.2173592156173347 0.9760208822585685 0.9078751251829349
1.5230723945930036 1.7797637246051732 1.6480511743680788 1.1430183897166435 0.8949462858958581 1.058172881895202 1.223284933623911 1.175340487934335 1.0228879246742224 1.2065851828781042 1.677410413582482 2.224192575098436 2.3559051253355303 2.393075538285876 1.9545724057991896 1.4818617193654466 1.0894175768389713 1.4557346899728119 2.51428340660222 1.9556498090731127 1.6499366300974438 1.3598457985936596 1.1109656423174323 0.48984265490078727 -0.3023181022511441 -0.10407589984930077 0.06103615187940825 -0.0981501818427235 -0.7241214839920227 -1.0845128791192868 -1.9388936753402746 -1.0012834762087301 -0.3578043708581813 0.580613880728805 0.24069314780607964 0.17820375791854204 -0.05693950661516656 0.01336105700831336 0.2533526362746752 0.47125744842561446 0.26224121328454064 0.16365881372058055 0.33550463591130875
1.3073223889899106 1.69788107578702 1.8589528652385177 1.347186310125064 0.8892899187077621 0.9789837412618576 1.3999790705472934 1.4635458637087542 1.27203743176893 1.6889924987771554 2.17624812940886 1.9683092975417091 2.012213480954074 2.1635886409402634 2.062043382373015 1.6353916858994824 1.9828542417396697 2.321966922206954 2.537716927810047 1.6792958693118472 1.1403248815318356 0.40580519953478866 0.12756580404415807 -0.26514768930079846 -0.8725337849749244 -0.3362563053797203 0.2172596265982527 0.08366162063179328 0.000432217721236583 -0.41652284928698835 -0.43510805576216116 0.7338744964443604 1.175340487934335 0.5717253037189396 0.20271468240029122 -0.48870886863983376 -1.0228315416871916 -1.0960949643139597 -1.0220234892317492 -0.829437654018002 -0.7758368411403294 -0.7014960152396381 -0.12939487678649275
0.9213426661069732 1.5699394370086566 1.8355193440306916 1.5562025452661379 1.0972287505749136 1.0142686984828373 1.4918276996492343 1.7202371937209238 1.4762053521773506 1.8942378224594982 2.4000786595663754 2.2338892045637433 2.059080523369727 1.9068973109280938 1.844407921040557 1.5815215222033299 1.9292534288619976 2.3971158005630873 2.371527472807415 1.4096757000126008 -0.020038444483301276 -0.7561742313912339 -0.6390066253521005 -0.9331377191330965 -0.7074217332462149 0.2797490164857903 0.8335342992822437 1.0005318067403186 0.9175717546482431 0.5523320447883249 0.8276085812756673 1.7153888789882696 1.8053520523608455 1.200659464871527 0.8101007780744176 0.13133671550288817 -0.7144248545267149 -1.1421539542741703 -1.0923240528552287 -1.2757519602406302 -1.222151147362958 -0.778799700143618 -0.3734267183300659
1.0697549670898754 1.7525592919386153 1.69788107578702 1.417486873748543 1.343415398666333 1.2389072810957957 1.6461657186387129 2.014098936683439 1.7299338231862311 1.410753103286524 1.8608383209678836 2.230926345560455 2.102176654326649 1.7916151606183268 1.8139712785522297 1.4791682111806388 1.5298061650550228 2.1684369556729175 2.2788707912500312 1.1637584027396626 -0.44184182622418033 -0.6888365267710421 -0.5072940751150066 -0.62823259261287 -0.1636024307335493 0.6080876642138433 0.5377871005903634 0.7174440965170339 0.8491566467541283 0.4809540778909218 0.5337468383131521 1.5386947420648882 1.7592930624006344 1.7622559214039235 1.4067128410093126 1.552431633807407 1.0406650786939524 0.3891054487889809 0.10709514183961932 -0.0795649753675507 0.09524370582646569 0.5962362282006897 -0.030812477222532664
1.579636066473964 1.933293691139209 1.4977534176558116 1.0541326196179908 1.0306990984101638 1.6752556070346358 2.038609861165188 2.34540044341478 2.0014394482148425 1.5082580995765618 1.295470952976757 1.3345268216564676 1.410753103286524 1.5494687748041187 1.7339740854634424 1.5532396862628488 1.6450883153647906 2.009250621950785 2.436171669242798 1.2437555958284499 1.223284933623911 0.8852496564305508 0.6460661296196308 0.3990714290727695 0.37563790786494256 0.058073292876120064 0.04945406668473584 0.06022809942396634 0.21348871513952172 -0.16548788646291523 -0.41840830501635384 0.9916432297304532 1.460583004705466 1.4996388733851767 1.8053520523608455 2.247626096306263 3.1704220004213646 2.629565556911988 2.251397007764993 2.3804160498172795 2.678318055057006 2.7378445859412555 1.4506170244216774
1.3579603428642946 1.724277455998135 1.3951307558146402 1.051439111433183 1.1597181404624513 1.7358595411928084 2.3814934530912026 2.1732852704055716 1.7291257707307892 1.4498089719662355 1.3999790705472934 1.5483913715301956 1.5201095355897154 1.8209743998327301 1.721314596994847 1.4457687096890242 1.3824712673460438 1.6265031088896178 1.4438832539596582 0.984909459268434 2.1412325230063605 2.8364269855052155 2.5953580029649306 2.0523467529077077 1.676333010308559 1.410753103286524 1.3286011036498913 1.009420383750184 0.5639141299829982 -0.040509106687840024 -0.3812378920660082 -0.09518732283943532 0.6107811723986512 0.9391198201267041 1.489672893101389 2.396038397289164 3.2660415409820365 2.940935103075753 2.92234989660058 3.0443658173723662 3.24961114105471 3.252574000057998 2.821882041307254
1.3121707037225638 1.0210024689448565 0.8949462858958581 1.0913030325683364 1.4516944276956005 1.7116179675295395 1.7808411278790963 1.8891201569083638 1.2887371825147378 1.2865823759668915 1.7398998034700197 1.9761204712776506 1.5992986762230599 1.6908779545065205 1.6607106628366743 1.4918276996492343 1.4419977982302932 1.60980335814381 1.5260352535962918 1.417486873748543 2.0660836446502264 3.6207765689212046 4.46734619140625 3.448661395911995 1.911745625660748 1.8102003670934996 2.3823015055466454 2.3588679843388185 2.036724405435823 1.8853492454496328 1.2653036613069109 1.0991142063042787 1.0473988491559716 1.0463214458820485 1.1626809994657394 1.505564591391754 2.347285899144146 2.2877593682598967 2.3120009419231655 2.5484909605492776 2.893260008204657 3.040594905913636 2.539602383539412
1.0131912952089142 0.8814787449718198 0.6264035198705349 0.7925929748731679 1.3043595299866215 1.845215973495999 1.5621282632727143 1.8061601048162883 1.347186310125064 1.52899811259958 1.7514818886646921 1.3159416151812948 1.800234386809711 1.20173686814545 1.2515667695643922 1.8462933767699221 2.254359866768282 2.3168492566558196 2.6478814125686796 1.986894504016882 1.9701947532710742 2.773937595617678 2.79925657255487 1.7611785181300004 2.1167215985246104 2.1959107391579558 2.5991289144236616 2.4994691115857783 2.3120009419231655 2.582698514496335 2.199681650616686 2.181096444141513 1.7641413771332886 1.4096757000126008 1.0503617081592598 1.1236251307860288 1.8072375080902114 1.6852215873184244 1.8031972458129992 2.227155434101724 2.564113308021162 2.471187275645298 2.324660430391761
1.3003192677094102 1.2222075303499889 0.9205346136515313 1.0737952293670867 1.3073223889899106 1.395938808270082 1.700843934790309 1.7202371937209238 1.340452539663045 1.3590377461382177 1.5260352535962918 1.532769024058311 1.3453008543956981 1.0923804358422595 1.315133562725853 1.7320886297340774 1.963460982809055 2.1167215985246104 2.3550970728800875 2.3101154861938005 1.9273679731326325 2.0054797104920548 2.075780274115534 2.06392883810238 2.105139513329938 1.915516537119479 1.8834637897202677 2.1412325230063605 2.5024319705890665 2.3990012562924523 2.3324716041277034 2.72895600893139 2.2163814013624936 1.774915409872519 1.4323011687649858 0.9272683841135505 1.0358167639612992 0.959590482331242 1.152984370000432 1.586369836935983 1.8344419407567685 1.6596332595627512 1.5766732074706757
1.3999790705472934 1.0913030325683364 0.9536647643246656 1.152984370000432 1.3549974838610055 1.4468461129629473 1.7671042361365767 1.6871070430477895 1.6361997383549252 1.5171466765864263 1.4457687096890242 1.5502768272595606 1.3393751363891218 0.9224200693808964 1.3237527889172371 1.6410480530875784 1.8228598555620952 1.794578019621615 1.7662961836811348 1.2378298778218726 1.6011841319524258 1.7153888789882696 1.9750430680037283 1.8209743998327301 1.89127496345621 1.6119581646916563 1.6518220858268098 2.1207618608018217 2.4507166134407594 2.551453819552566 2.316041204200377 2.316041204200377 1.9928202220234583 1.5658991747314452 1.4419977982302932 1.1567552814591622 1.1742630846604118 0.9213426661069732 1.083491858832394 0.9956834920076645 1.0826838063769522 0.7282181292562644 0.8540049614867824
1.1422103372612016 0.9536647643246656 0.888212515433839 1.051439111433183 1.2925080939734679 1.3881276345341398 1.6205773908830405 1.6577478038333862 1.4966760143818885 1.273922887498295 1.2143963566140465 1.3784310050688324 1.2661117137623537 1.0630211966278562 1.2437555958284499 1.1645664551951045 1.631351423622271 1.7455561706581157 1.5963358172197717 0.9272683841135505 0.7134038342398226 0.9057203186350895 1.5446204600714646 1.5026017323884657 1.6695992398465398 1.6019921844078677 1.8891201569083638 2.200759053890609 2.6430330978360264 2.867671680448985 2.636299327374007 2.269174161784724 1.4263754507584085 0.5631060775275554 0.7750851716719183 1.171569576475605 1.562936315728157 1.652899489100732 1.7328966821895193 1.8295936260241144 1.655862348104021 1.2359444220925075 1.4126385590158899
0.5367096973164402 0.6549547066294963 0.6646513360948036 0.8305714402789555 1.0258507836775106 1.1850371173996432 1.3307559101977366 1.5034097848439076 1.4479235162368695 1.1842290649442004 0.9897577740010881 1.0142686984828373 1.03285390495801 1.0904949801128945 1.0864547178356823 0.6802736835666883 1.1273960422447589 1.4341866244943509 1.385434126349332 1.2281332483565652 0.7104409752365344 0.3522043866571165 0.5151616318379793 0.9447761873148002 1.5483913715301956 1.7563302033973462 2.060965979099092 2.222307119369071 2.368833964622607 2.3287006926689733 2.3082300304644345 2.558187590014585 1.3803164607981975 0.19678896439371485 0.45267224195044165 1.1597181404624513 1.7867668458856727 2.251397007764993 2.4838467641138937 2.603169176700873 2.4097752890316837 2.0728174151122456 2.0728174151122456
-0.2708040564888945 0.07181018461863964 0.21241131186559858 0.362978419396347 0.7427630734542259 0.9067977219090118 0.9253829283841846 1.033661957413453 1.1578326847330853 1.0406650786939524 0.7750851716719183 0.7398002144509377 0.8082153223450517 0.8610080827672819 0.8569678204900706 0.46640913369296033 0.46829458942232627 0.7807415388600143 0.8892899187077621 0.8364971582855327 1.0395876754200293 0.13429957450617724 0.1978663676676371 1.0533245671625489 1.681181325041213 1.6127662171470982 1.843330517766634 2.033761546432535 1.8823863864463446 1.8247453112914611 1.9750430680037283 2.4253976365035674 2.1029847067820917 1.2065851828781042 1.2133189533401234 1.3706198313328901 1.9790833302809396 2.2613629880487816 2.63037360936743 2.6459959568393145 2.3305861483983383 2.008442569495343 2.154969414748879
-0.7866108738795603 -0.6021055632202357 -0.5151052488509484 -0.37261866587462356 0.09416630255254255 0.5151616318379793 0.5493691857850367 0.44890133049171066 0.49361356635951825 0.43893535020792296 0.3344272326373856 0.3179968327100591 0.3395448981885201 0.5103133171053251 0.3931457110661922 0.6587256180882273 0.4359724912046339 0.04945406668473584 0.01228365373439022 0.4020342880760577 1.0894175768389713 0.2797490164857903 0.2983342229609631 1.2593779433003345 1.8638011799711718 1.6577478038333862 1.4721650899001384 1.938950058327305 2.105139513329938 2.230926345560455 2.2174588046364168 2.153892011474956 2.3540196696061653 2.32762328939505 1.655862348104021 1.579636066473964 1.8775380717136905 2.1684369556729175 2.108102372333226 2.3588679843388185 2.1646660442141865 2.1870221621480903 2.2379294668409546
-0.7006879627841958 -0.943911751872327 -0.9134751093840006 -0.7747594378664067 -0.6255390844280626 -0.27672977449547087 0.16258141044665742 0.19975182339700304 -0.03754624768455184 -0.5921395829364475 -0.4485755966861995 -0.07175380163160838 -0.10299849657537763 -0.36373008886475855 0.09039539109381245 1.031776501684087 1.1489441077232199 0.6460661296196308 0.1138289123016385 0.22991911506684826 0.9146088956449541 0.981138547809703 0.7066700637778034 0.9078751251829349 1.343415398666333 1.606032446685079 1.3795084083427556 1.794578019621615 2.059080523369727 2.157662922933687 2.3090380829198773 2.34540044341478 1.9411048648751512 2.078743133118823 1.5933729582164835 1.68010392176729 1.794578019621615 2.157662922933687 2.3785305940879145 2.2115330866298395 2.0717400118383225 2.559264993288508 2.2699822142401658
-0.8655306636944244 -0.825666742559271 -0.6958396480515421 -0.7427066904671955 -0.8948899029088278 -0.7435147429226379 -0.1097322670373968 0.42735326501324966 -0.5258792815901794 -1.1596617574754204 -0.9643824140768653 -0.38904906580195053 0.0074353390017360965 0.08554707636115833 0.8071379190711285 1.0210024689448565 1.1812662059409123 0.9243055251102623 0.47799121888763363 0.2272256068820413 -0.20939206987528003 0.3365820391852319 0.4507867862210766 0.6107811723986512 1.0455133934266065 1.533846427332234 1.5473139682562724 2.366679158074761 1.96534643853842 2.0523467529077077 2.227155434101724 2.0445355791717654 1.5238804470484455 1.2809260087787955 1.0024172624696837 1.2211301270760657 1.9125536781161907 2.872519995181638 3.6129653951852623 3.395060583034323 2.655692586304622 2.078743133118823 1.6361997383549252
