static/data/ASCData/20210113/ASCV/18.asc
ncols 97
nrows 97
xllcorner 99.0
yllcorner 2.0
cellsize 0.25
NODATA_value -32767
[rows 76 to 94 of 97, columns 0 to 42 of 97]
-2.978649421666166 -2.6318792650752116 -1.8693875564608493 -1.105637610703559 -0.7404971918258565 -0.44053345695182333 -0.10961708836176198 0.020232984788406405 0.3788305705228838 0.05848339393341728 -0.4229181369508317 -1.0754399192732875 -1.4873867598679116 -1.8751754473183182 -1.7209155735953465 -1.7639472838834838 -1.774516475884079 -1.8253492564583698 -2.02943532104129 -2.301969486199493 -2.5656959913571993 -2.875222328517485 -3.2287869656802504 -3.573292295413934 -3.919055862290546 -4.377054182316334 -4.826244842341627 -5.339102301799076 -5.871336613257616 -6.425967545860274 -7.0178422978936 -7.542023891637401 -8.058656062523635 -8.633922084270312 -9.040081034007468 -9.501099123176282 -9.820439710051406 -10.052961934064498 -10.20042732721566 -10.34965425236692 -10.373309110653965 -10.425903423228355 -10.549965605521056
-2.744365665652974 -2.384006547918397 -1.790118616456386 -0.9015515461206394 -0.5578011586727123 -0.7815157226853091 -0.4621751358101851 0.11510406536517692 0.6317362362514096 0.5876979362489303 0.3846184613803523 -0.14082136950637603 -0.8975251872632697 -1.3137500341438488 -1.837176685601893 -1.8917841776049675 -2.1056844919027258 -2.2707652050548783 -2.5030357816393853 -2.8165884776570405 -3.094910533672712 -3.4258269022627736 -3.7803981291398814 -4.114334266872969 -4.460097833749582 -4.791265849768228 -5.217053298935061 -5.653409940102488 -6.10260060012778 -6.626027251585825 -7.098872769898163 -7.632868613356802 -8.299985946537223 -8.8752519682839 -9.382069889455295 -9.871272490625696 -10.060763004350653 -10.243207390075211 -10.311655490650494 -10.261829299790545 -10.29127204893506 -10.443518743229347 -10.565567746093361
-2.7433590759386313 -2.597906862216156 -2.1816820153355767 -1.207303171852141 -1.2639238432839006 -1.4873867598679116 -1.0605927209867372 -0.4805453980969334 0.054457035076048044 0.4304182933829317 0.6717481773965197 0.6667152288248079 -0.08696881978905813 -0.794098094114589 -1.3175247455726327 -2.0040189307541443 -2.229746674195426 -2.6416935147900498 -2.947445140521552 -3.3186250976853087 -3.6387206268461894 -3.95026014343516 -4.27840839031078 -4.612344528043868 -4.892679763488225 -5.197424799505384 -5.561558628668744 -5.939533066404312 -6.359532624713676 -6.827345194454303 -7.2853435144800915 -7.979638769947757 -8.646756103128176 -9.060716123151487 -9.558726384322384 -9.96488533405954 -10.093980464923952 -10.300834651221313 -10.29127204893506 -10.214016288359282 -10.30964231122181 -10.462140652944681 -10.542164535234901
-2.934611121663686 -3.145743314247003 -2.8029995165134185 -2.4884402307814204 -2.6172837142172467 -2.048057230756624 -1.4629769592951085 -0.9778007169820753 -0.5608209278157394 0.21274326765638918 0.7859961099743815 0.8368288905486727 0.894456151694774 0.1337259750805111 -0.9425700769800915 -1.8097471158860627 -2.435594270778445 -2.8711959696601155 -3.3000031879699745 -3.772597058853728 -4.0783486845852295 -4.42587378346194 -4.741439658908281 -4.995351914351149 -5.265872900080667 -5.515758796666166 -5.834092793826947 -6.192438732132839 -6.65823812244478 -7.1582615630443645 -7.772532936221809 -8.466828191689475 -8.966851632289057 -9.335011820309788 -9.548912134607546 -9.864478010053887 -9.928899751771798 -10.081146446066086 -10.103543067210204 -10.148587956927027 -10.250253518075608 -10.394699142083741 -10.4513198135155
-3.4258269022627736 -3.7403861879947713 -3.928870112005384 -4.043118044583245 -3.9142745611474195 -2.928823230806217 -1.4815988690104427 -1.0079984084123472 -0.49715412838358297 0.09849533507852737 0.26735075965946375 0.7517720596867399 0.9900821745573012 0.7673742002590469 -0.2998625443724743 -1.5656491101580325 -2.431819559349661 -3.0820765148148466 -3.5810933657000876 -4.145538548017584 -4.447515462320302 -4.802841631483166 -5.055747297211692 -5.292044232653569 -5.544949898382095 -5.786279782395684 -6.096812709270312 -6.504984838436151 -7.035205970466007 -7.582287480211097 -8.188506135673803 -8.669152724272294 -9.130925755726867 -9.422081830600405 -9.554951672893601 -9.621134946611612 -9.653597464899155 -9.736389468903816 -9.886874631198005 -9.958090853487729 -10.1438066557839 -10.317443381507964 -10.453332992944185
-3.9092416125757072 -4.351637792029189 -4.6231653674730495 -4.756035209766245 -4.266832608595842 -2.8135687085140133 -1.2218987227101055 -0.5099881472414487 -0.14182795922071856 -0.24525505236939926 -0.164224580364837 0.2635760482306795 0.46262916424188827 0.5036476951013409 0.060496573362102346 -0.9991907484118512 -2.187721553621631 -3.3332206485432736 -3.7715904691393853 -4.230595378879516 -4.70318924976327 -4.971948703492688 -5.18962372921923 -5.45033046523391 -5.724877809820797 -6.00596798755091 -6.369346874428514 -6.780538772737382 -7.420981478487729 -7.905402778515005 -8.240345505962436 -8.589883784267832 -8.95527585057412 -9.210194695731332 -9.305820718593857 -9.427869721457874 -9.54010447460705 -9.472914611174694 -9.551931903750573 -9.675994086043273 -9.910277842056466 -10.145568187783999 -10.329270810651487
-3.3125855593992544 -3.9298767017197265 -4.332260940028098 -4.252992000023634 -3.469865202265253 -1.837176685601893 -0.3564832158042339 -0.10458413979005021 -0.2726846220852295 -0.6846314626798535 -0.32251081294517814 -0.341887664946269 -0.319491043802151 -0.13402688893456505 0.17851921736874798 -0.09401494778945496 -1.2893402335710458 -2.9796560113805084 -4.173974707447757 -4.342075189742936 -4.776418651481679 -5.061786835497747 -5.340863833799175 -5.637807799530181 -5.926950694975033 -6.27070108242296 -6.633828321871977 -7.040238919037719 -7.548063429923456 -7.897601708228851 -8.117289913384077 -8.393598789971065 -8.695575704273782 -8.925833101429605 -9.109535724297093 -9.449259752887649 -9.582129595180845 -9.355646909453807 -9.22680342601798 -9.344826070024627 -9.539097884892708 -9.728588398617664 -9.95632932148763
-1.3389147770024086 -2.172119413049324 -3.0362766828122676 -3.03728327252661 -2.0548517113284355 -0.4543740655240316 0.6219219865365719 0.6697349979678355 -0.2530561226555528 -0.6506590598207977 -0.13402688893456505 -0.3018757238011589 -0.3967468043779294 -0.2814922820857255 0.014445093930937958 0.19311476822671247 -0.4767706866681496 -2.142676663904809 -4.1319495868739615 -4.547922786325955 -4.816682240055374 -5.173014998932581 -5.522553277237977 -5.836105973255632 -6.192438732132839 -6.573432939011434 -6.846722046455394 -7.336176295054383 -7.638908151642857 -7.968817930518576 -8.21316758367519 -8.360381329397766 -8.657325295128771 -9.073298494580765 -9.350613960882095 -9.663160067185409 -9.716006027188383 -9.536329763178266 -9.39087754945579 -9.348852428881996 -9.257001117448251 -9.39087754945579 -9.605532806039307
0.8904297928374048 0.13750068650929537 -0.7462850826833254 -1.3351400655736247 -0.6270042015337518 0.2585430996589677 1.1697584385674187 0.9460438745548219 -0.06859855750230937 -0.11641156893357296 0.18430710822621643 -0.02657343692851466 -0.2872801729431944 -0.2062497009386317 -0.2130441815104427 -0.17403883007967513 -0.20901782265307345 -1.2090647038522402 -4.450283584034743 -4.912308262917901 -5.0723560274983415 -5.428940433804135 -5.796094032110522 -6.176836591560532 -6.551791260153073 -6.911395435601893 -7.191479023617664 -7.5090580784926875 -7.604684101355215 -7.968817930518576 -8.364407688255135 -8.498284120262674 -8.575288233409868 -8.89362223057065 -9.381063299740951 -9.73160816776069 -9.796029909478603 -9.72481368718888 -9.65737217632794 -9.637743676898262 -9.474676143174793 -9.345832659738967 -9.503112302604968
2.3698650254921363 1.8318428231761272 1.3426402220057243 0.7205677785421258 0.31038246994760144 1.1053366968495055 1.1317596768509937 0.8202201602620232 0.46086763224178906 0.14052045565232252 0.10528981565033879 -0.51275626895589 -0.7228818718248644 -0.5771780106738031 -0.5703835301019922 -0.6846314626798535 -0.8381363941170683 -1.4846186381534698 -5.147598608645436 -5.438754683518972 -5.447310696090883 -5.79106108353881 -6.1622410407025665 -6.54222865786682 -6.8791845647429355 -7.193492203046349 -7.44262315734609 -7.570460051067574 -7.763725276221313 -7.996247500234406 -8.32817045853881 -8.411214109972057 -8.476642441404312 -8.777612765992687 -9.410254401456882 -9.71902579633141 -9.902476771770312 -9.934687642629267 -9.674987496328932 -9.666179836328435 -9.87227908034004 -9.773633288334485 -9.894675701484157
2.618995979791878 2.3983011849223086 2.1776063900527385 2.075940828904157 1.6765763597388128 1.2148033282842405 1.1911484699971941 0.39443271109519085 0.17851921736874798 -0.02078554607104577 -0.2530561226555528 -0.739490602111514 -0.8232891958305184 -0.6934391226803496 -0.8459374644032218 -0.971761178696021 -1.1954757427086178 -2.066679140471958 -5.936764944689871 -6.051012877267732 -6.008987756693938 -6.268687902994275 -6.633828321871977 -6.936560178460452 -7.273516085336569 -7.433815497345594 -7.669105843073128 -7.692509053931589 -8.036259441379517 -8.199326975102984 -8.342011067111017 -8.421028359686895 -8.520680741406792 -8.840021328281917 -9.438690560887053 -9.643783215184317 -9.938714001486638 -9.72758180890332 -9.659385355756623 -9.599744915181837 -9.814651819193937 -10.205208628358786 -10.33707188093764
2.14036257062207 2.214598562054822 2.548786347216496 2.5573423597884064 2.4725371763550594 2.010512497471902 0.8385904225487719 -0.18183990036582864 -0.38592596494874876 -0.19165415008066722 -0.4093291758072093 -0.7696882935417859 -0.8487055861176636 -1.0110181775553744 -1.1632648718496612 -0.9375371284083798 -1.058831188986638 -2.624078194789058 -6.610425111013518 -6.724673043591379 -6.580227419583245 -6.829358373882988 -7.00702145846442 -7.310759904767236 -7.550831551637897 -7.683701393931093 -7.853563408226372 -7.938620239088304 -8.27557614596442 -8.41624705854377 -8.561699272266246 -8.561699272266246 -8.661351653986141 -8.943448421430597 -9.44749822088755 -9.594963614038711 -9.528528692892113 -8.2549410568204 -9.5234957443204 -9.450266342601992 -9.852650580910364 -10.244213979789553 -10.506933895232919
1.6863906094536514 2.2606500414859863 2.7352570917984247 2.7488460529420466 2.6600145106513304 2.3542628849198284 1.1571760671381384 -0.11062367807610451 -0.3069086723728711 -0.11439838950488834 -0.3879391443774334 -1.0402092792713038 -1.2062965821377984 -1.4612154272950093 -1.3389147770024086 -0.96496669812421 -1.3721322375757077 -3.0891226428152434 -7.117243032184912 -7.320574154482075 -7.143666012186399 -7.288363283623118 -7.43180231791691 -7.560645801352736 -7.776559295079179 -7.9132038488011585 -8.03424626195083 -8.216942295103976 -8.45223264083151 -8.619326533412346 -8.886827749998837 -8.845809219139385 -8.999062503148014 -9.344826070024627 -9.461087182031171 -9.864478010053887 -8.841027917996259 -5.653409940102488 -8.222730185961444 -9.807857338622126 -10.10656283635323 -10.292026991220817 -10.610612635810185
1.267397640858631 2.1844008706245504 2.879702715806557 2.808486493516833 2.5887982883616063 2.4325252352099493 2.022339926615425 1.0212864557019161 0.10830958479336594 -0.0059383477844954236 -0.3557282735184768 -0.7072797312525574 -1.1974889221373024 -1.285313874713676 -1.0734267398446025 -1.1662846409926884 -1.7765296553127636 -3.6251316657025674 -7.480621919062516 -7.718932033933077 -7.655516881929506 -7.714905675075707 -7.773539525936151 -7.883006157370887 -8.021663890521552 -8.188506135673803 -8.297972767108538 -8.429836019687391 -8.63291549455597 -8.701363595131252 -8.979685651146923 -8.93766053057313 -9.088900635153074 -9.452279522030675 -9.533309994035239 -9.955322731773286 -8.815611527709112 -5.655423119531172 -8.2881585173937 -9.966898513488225 -10.097755176352734 -10.22961842893159 -10.570349047236489
0.4050019030957861 1.8542394443202452 2.8034535449451212 3.1200260101058035 2.7380252135128655 2.1932085306250464 1.7840298117448636 1.390453233436988 0.7341567396857487 0.1687049676539094 -0.12622581864841154 -0.43172579695132773 -0.186621201508955 0.10730299507902341 -0.2618637826560488 -1.175847243278941 -2.1572722147627736 -3.8088342885700537 -7.838967857368407 -8.006061749949243 -8.03424626195083 -8.046073691094353 -8.036259441379517 -8.087092221953807 -8.196558853388542 -8.30879360653772 -8.517660972263766 -8.608505693983165 -8.67972191627289 -8.714952556274874 -8.928852870572634 -8.986480131718734 -9.117336794583245 -9.419062061457378 -9.605532806039307 -9.553945083179258 -9.347845839167654 -7.9064093682293475 -9.189559606587313 -9.843842920909868 -10.086179394637798 -10.380103591225776 -10.676795909528197
0.4314248830972742 1.0721192362762064 2.026114638044209 2.8006854232306795 2.9237410158090373 2.4607097472115367 1.8952579751796979 1.7226278391699772 1.4226641042959445 0.17172473679693656 -0.6103954712471023 -0.5510066781009009 -0.23065950151143477 -0.061552429501912975 -0.6280107912480939 -1.6514608833057216 -2.5284521719265305 -3.9298767017197265 -8.083065863096436 -8.187751193388046 -8.101687772811772 -8.253934467106058 -8.267775075678266 -8.319362798538315 -8.470854550546843 -8.517660972263766 -8.559686092837559 -8.682741685415918 -8.688529576273385 -8.815611527709112 -8.790195137421968 -8.843041097424944 -8.969871401432085 -9.240392387161602 -9.655358996899254 -9.751236667190366 -9.394652260884573 -8.829200488852734 -9.393645671170232 -10.231631608360274 -10.727628690102488 -10.867293012967494 -10.890696223825955
-0.015752597499333998 0.6765294785396465 1.446067315154405 2.147408698622467 2.7108472912256216 2.7000264517964405 2.6111949095057243 2.390500114636155 2.299655392916754 1.0690994671331797 -0.3897006763775326 -0.5937867409604527 -0.46116854609584257 -0.8487055861176636 -1.4063562878633489 -1.896565478748094 -2.5948870930731287 -3.599715275415422 -7.4620000093471806 -8.629140783127184 -8.443424980831015 -8.376990059684417 -8.410207520257714 -8.457265589403221 -8.514892850549323 -8.646756103128176 -8.629140783127184 -8.746156837419488 -8.57629482312421 -8.707151485988721 -8.792208316850653 -8.899661768856703 -9.02271736143506 -9.223783656874954 -9.546144012893105 -9.867246131768328 -9.630949196326451 -9.454292701459362 -10.008923634062018 -10.80865916210705 -11.298113410706037 -11.458161175286477 -11.43576455414236
0.1249183150800155 0.7683807899733894 1.4948869163000111 1.8454317843197492 2.3298530843470253 2.9901759369556355 3.2000498923960237 2.991182526669977 2.5749576797893985 1.439272834582594 -0.32427234494527735 -0.6358118615342474 -0.6574535403926092 -1.0517850609862411 -1.6486927615912799 -2.1711128233349815 -2.6182903039315892 -3.0118668822394645 -5.023536426352736 -7.510819610492787 -8.305773837394693 -8.425809660830023 -8.514892850549323 -8.628134193412842 -8.655312115700088 -8.713945966560532 -8.674940615129763 -8.665126365414926 -8.650530814556962 -8.76779851627785 -9.13193234544121 -9.201387035730836 -9.23938579744726 -9.441458682601496 -9.636988734612505 -9.791248608335476 -9.90147018205597 -10.107569426067574 -10.61136757809594 -11.450360105000325 -11.901563944454303 -11.868346483881002 -11.760893031874954
0.6921316191119535 0.7927905905461925 1.2938206208601182 1.7420046911710685 2.0769474186184995 2.7332439123697396 3.4149567964081244 3.2674914032569644 2.459703157497194 1.3406270425770401 -0.5500000883865588 -1.2168657741383937 -1.3371532450023094 -1.8507656467455151 -2.4033833999194885 -2.3389616582015753 -2.6260913742177427 -2.493221531924547 -3.1223401033885425 -5.163200749217743 -8.154533732814748 -8.483436921976125 -8.51287967112064 -8.622346302555375 -8.844802629425043 -8.867450897997745 -8.93866712028747 -8.794976438565094 -8.910230960857298 -8.96106374143159 -9.269583488877533 -9.495311232318814 -9.545137423178762 -9.585149364323872 -9.695370938044364 -9.825472658623118 -10.022512595205642 -10.352674021509946 -11.078173558122225 -11.800904973020064 -11.942582475313756 -11.920185854169638 -12.039215087890625
