static/data/seaWind_vo/2023/7/24/0.asc
ncols 137
nrows 93
xllcorner 108.0
yllcorner 17.0
cellsize 0.25
NODATA_value -32767
[rows 0 to 18 of 93, columns 0 to 42 of 137]
2.326726491805655 2.5091083817604747 2.7057249558093286 2.953052591943181 2.744870337067924 2.5873991442776654 2.491315026642931 2.566047118136613 2.377437553890654 2.1728139700389053 1.8027121835940032 1.6514686650948849 1.4432864102196274 1.3276296019555955 1.8124985289086522 1.9094723142992636 1.547377537657256 1.160372063850688 0.7066415083533326 0.2911666663586949 -0.02110671595419067 0.51269393757211 0.9548588122430623 1.0776329625541115 0.8623333656318368 0.8587746946083281 0.9824385126752546 1.0153562196427097 0.5536186543424597 0.0171489975485275 -0.48729262003382656 -0.5460106919217198 -0.55223836621286 -0.4828442812544407 -0.12252884012418797 0.27693198226466054 0.6221230715450017 0.5545083220983369 0.5144732730838644 0.49223157918693516 0.5153629408397415 0.5705223417041259 0.677282472409386
2.7413116660444152 2.7039456202975742 2.511777385028106 2.109647559371626 1.6123232838362895 1.5491568731690104 1.599867935254009 1.7253110888326897 1.9237069983932982 2.2973674558617088 2.506439378492843 2.5037703752252116 2.251104732556096 2.3863342314494256 2.692379939471171 2.966397608281339 2.4352659580226694 1.7635668023354079 1.053611933145428 0.4521965301724624 0.5251492861543903 1.0224735616897271 1.4868801302576087 1.0705156205070943 0.6630477883153514 0.5642946674129856 0.507355931036847 0.18707553892106654 -0.2444133226793599 -0.5976114217625956 -0.7132682300266273 -0.716826901050136 -0.7675379631351347 -0.604728763809613 -0.3004623912996216 0.12746779927729612 0.3756851031670261 0.39169912277281504 0.3632297545847458 0.33653972190843073 0.4237271619843932 0.5456116445395651 0.7262141989826303
2.9112382074169543 2.7244079786827493 2.24042871948557 1.6060956095451493 0.953079476731308 0.899699411378678 0.9806591771635003 1.1639307348741967 1.5028941498633976 2.1301099177568013 2.4753010070371424 2.4272589482197753 2.09274387200996 2.0535984907513645 2.1390065953155726 2.1914969929123256 1.6986210561563748 1.2119727936915639 0.9014787468904322 0.7626905769735941 0.8552160235848196 1.0660672817277084 0.8276363231526274 0.30540135045272976 -0.0878317976449785 -0.11897016910067926 -0.4232365416106707 -0.626970457706542 -0.6750125165239091 -0.46683026164865193 -0.36095979869926875 -0.19014358957085253 0.027825010619053625 0.3409880606878166 0.5171422763514957 0.5847570257981605 0.48066589836053186 0.39080945501693787 0.38013344194641197 0.5687430061923715 0.8303053264202589 1.0251425649573587 1.1790550867241087
3.1300964753627376 3.1185307945363343 2.7244079786827493 2.161248289212502 1.6345649777332185 1.573177902577694 1.6034266062775178 1.7190834145415494 2.070502178113031 2.7315253207297667 3.0740474067424763 2.934369569069761 2.5544814373102103 2.352526856726093 2.3374025048761813 2.150572276141976 1.7350974341473386 1.3338572762467358 1.2093037904239323 1.1941794385740205 1.2359938231002474 1.1826137577476172 0.7110898471327183 0.14170248337133096 -0.4009948477137413 -0.6501018193593486 -0.779103643961538 -0.5629143792833862 -0.2782206974026922 0.02337667183966774 0.332981050884922 0.5892053645775464 0.9343964538578875 1.1007643242069178 1.1746067479447229 1.005569874328061 0.7867116063822777 0.7235451957149988 0.8827957240170117 1.3836786705758573 1.8151675321762837 2.061605500554259 2.0971922107893457
3.4628322160607983 3.3889897923229935 3.0455780385544067 2.727076981950381 2.3471888501908302 2.3436301791673215 2.3614235342848646 2.469073332746002 2.914796878440463 3.438811186652115 3.7430775591621064 3.5153226136575517 3.2937953424441364 3.0286743511927408 2.692379939471171 2.438824629046178 1.965521382919525 1.3694439864818224 0.9557484799989395 0.8240776521291187 0.77336659004412 0.7235451957149988 0.5233699506426359 0.21287590384150423 -0.25331000023813166 -0.5789283988891749 -0.4356918901929512 -0.1741295699650638 0.41749948769325296 0.8445400105142935 1.0874193078687604 1.1256750213714786 1.1514753862919165 1.2270971455414756 1.2199798034944584 1.1256750213714786 1.016245887398587 1.1746067479447229 1.414817042031558 2.2911397815705685 2.7591050211619588 2.9913083054458998 2.946824917652041
3.699483839124125 3.4539355385020265 2.8996725265905514 2.580281802230648 2.352526856726093 2.547364095263193 2.596295821836437 2.925472891510989 3.391658795590625 3.736849884870966 3.562475004719041 3.2929056746882592 3.1194204622922115 2.5411364209720526 2.0847368622070657 1.832960887293827 1.566950228286554 0.9859971836987633 0.5198112796191272 0.42550649749614755 0.3534434092700969 0.07586706943642074 0.010921323257387261 -0.15277754382401154 0.010031655501510084 -0.15544654709164307 0.005583316722124199 0.3347603863966764 0.8712300431906086 1.2635735235324397 1.2475595039266505 1.255566513729545 1.07496395928648 1.1754964157006 1.1674894058977054 1.250228507194282 1.2297661488091072 1.4050306967169093 1.9575143731166305 2.9165762139522173 3.3142577008293115 3.3658584306701873 3.2955746779558908
3.6167447378275486 3.211945908903437 2.6096408381745944 1.8925686269375972 1.589191922183483 1.8516439101672475 2.2057316770063604 2.54202608872793 2.9966463119811624 3.242194612603261 3.066930064695459 2.9370385723373924 2.8000297379323085 2.220856028856272 1.1256750213714786 0.7413385508325421 0.5135836053279872 0.6016607131598266 0.3294223798614133 0.34365706395544815 0.28493899206755513 0.015369662036773146 -0.028224058001208085 0.1594958384888745 0.32141537005851895 0.3151876957673787 0.33653972190843073 0.6666064593388599 0.9237204407873614 1.2466698361707733 1.2413318296355105 1.292042891720509 1.1977381095975292 1.3053879080586666 1.424603387346207 1.5126804951780466 1.5037838176192748 1.562501889507168 2.1167649014186436 2.9708459470607247 3.3240440461439604 3.375644775984836 3.152338169259667
3.6069583925128996 3.0224466769016005 2.2155180223210094 1.504673485375152 0.8409813394907848 1.0598396074365681 1.1123300050333211 1.5064528208869064 1.9459486922902274 2.543805424239684 2.8854378424965166 2.8649754841113415 2.84985113226143 2.070502178113031 0.8347536651996448 0.22711058793553907 0.09366042455396384 0.053625375539491316 0.15415783195361143 0.3267533765937818 0.24935228183246805 0.1657235127800143 0.15059916093010273 0.39881646481983246 0.5625153319012313 0.4575345367077255 0.3836921129699207 0.40326480359921835 0.6915171565034206 1.0447152555866563 1.2217591390062128 1.5117908274221694 1.6238889646626926 1.6754896945035682 1.7288697598561984 1.8187262031997924 1.796484509302863 1.7342077663914615 1.8294022162703183 2.5144463882957377 2.872982493914236 2.9459352498961637 2.6994972815181884
3.783112608176579 3.1247584688274745 2.59540615408056 1.7911465027676001 1.0500532621219194 0.6354680878831591 0.6523717752448253 0.5758603482393889 0.9975628645251664 1.858761252214265 2.383665228181794 2.7252976464386265 2.9744046180842334 2.1550206149213618 1.1203370148362155 0.1968618842357155 -0.13587385646234562 -0.2808897006703237 -0.1661225601621692 -0.1581155503592746 -0.05936242945690884 0.01447999428089597 0.19953088750334702 0.18262720014168066 0.364119422340623 0.09721909557747255 -0.08071445559796109 -0.07092811028331214 0.3792437741905348 1.000231867792798 1.42994139388147 1.832960887293827 2.0918542042540826 2.085626529962943 2.0206807837839094 2.00466676417812 1.9317140081961925 1.752890789264882 1.769794476626548 1.747552782729619 2.119433904686275 2.1496826083860987 2.0624951683101362
4.186132101588936 3.794678289002982 3.3854311212994848 2.9112382074169543 2.274236094208902 1.439727739196119 0.847209013781925 0.5945433711128094 0.7618009092177169 1.308946579082175 1.8632095909936508 2.2395390517296927 2.5767231312071393 1.7439941117061102 0.8036152937439438 -0.1020664817390129 -0.55223836621286 -0.6509914871152258 -0.4241262093665479 0.026935342863176448 0.3240843733261505 0.385471448481675 0.23155892671492495 0.12390912825378742 -0.1661225601621692 -0.5353346788511937 -0.6821298585709266 -0.3832014925961982 0.2475729463207137 1.0126872163750782 1.6238889646626926 2.0740608491365395 2.336512837120304 2.2439873905090786 2.150572276141976 2.0358051356338214 1.9005756367404918 1.6959520528887433 1.461969433093048 1.3623266444348052 1.355209302387788 1.365885315458314 1.3258502664438414
4.496626148390067 4.333816949064546 3.9512598140373636 3.439700854407992 2.877430832693622 2.2946984525940772 1.674600026747691 1.2199798034944584 1.07496395928648 1.3160639211291925 1.7626771345795307 2.1123165626392577 2.055377826263119 0.9005890791345552 0.16750284829176865 -0.08872146540085568 -0.17057089894155508 -0.14743953728874848 0.19953088750334702 0.751124896147191 1.1888414320387575 1.1719377446770913 0.8151809745703471 0.21999324588852165 -0.5077549784190016 -0.9321264979724107 -0.8876431101785522 -0.44725757101935404 0.4335135072990419 1.2795875431382286 1.8623199232377736 2.203062673738729 2.4032379188110915 2.2760154297206565 2.1808209798417995 2.0731711813806624 1.8872306204023341 1.5455982021455017 1.2466698361707733 1.0037905388163066 0.8738990464582401 0.8658920366553455 0.9210514375197301
3.869410380496664 3.8756380547878044 3.40589347968466 2.769781034232485 2.2546634035796047 1.8356298905614585 1.3730026575053311 1.0206942261779728 0.863223033387714 1.2404421618796333 1.7137454080062864 1.922817330637421 1.4192653808109439 0.31162902474387 0.15682683522124297 0.5545083220983369 0.8854647272846432 0.7288832022502618 0.7004138340621924 0.8792370529935032 1.201296780621038 1.254676845973668 0.8952510725992922 0.2715939757293975 -0.4730579359397922 -0.7292822496324165 -0.4926306265690896 0.11590211845089327 1.0438255878307792 1.6950623851328661 2.0900748687423283 2.2938087848382 2.4566179841637217 2.3320644983409182 2.1906073251564484 2.013563441736892 1.752890789264882 1.3765613285288398 1.0607292751924453 0.7698079190206115 0.4904522436751808 0.40682347462272705 0.45931387221947984
3.1069651137099314 2.6790349231330137 2.1443446018508356 1.5162391662015553 1.075853627042357 0.534045963713162 0.2004205552592242 -0.007761699616033457 0.13013680254492765 0.6737238013858773 1.0464945910984107 1.0091285453515695 0.41038214564623554 0.007362652233878553 0.5509496510748282 1.1345716989302503 1.1372407021978816 0.4148304844256214 0.34365706395544815 0.550059983318951 0.953079476731308 0.7769252610676287 0.40949247789035836 -0.08249379110971544 -0.22928897082944788 -0.1741295699650638 0.19063420994457525 0.8801267207493801 1.6434616552919903 2.066053839333645 2.2430977227532014 2.3801065571582853 2.518894727075123 2.383665228181794 2.1550206149213618 1.801822515838126 1.4415070747078733 1.1461373797566534 0.9699831640929741 0.7591319059500854 0.5153629408397415 0.259138627147117 0.17639952585054042
2.7991400701764313 2.279574100744165 1.5918609254511145 0.9566381477548167 0.3925887905286922 -0.16701222791804637 -0.47038893267216064 -0.5771490633774206 -0.584266405424438 -0.15900521811515178 0.05273570778361414 -0.02110671595419067 -0.2630963455527806 -0.05847276170103166 0.4530861979283396 0.9628658220459569 0.8908027338199063 0.3756851031670261 0.3223050378143961 0.5349356314690392 0.5171422763514957 0.1434818188830853 -0.10473548500664442 -0.0762661168185752 -0.015768709418927607 0.06341172085414026 0.6274610780802645 1.3587679734112965 1.991321747839963 2.2101800157857463 2.3756582183788995 2.4352659580226694 2.5366880821926667 2.467293997234248 2.2439873905090786 1.8952376302052287 1.4415070747078733 1.1808344222358629 0.9851075159428861 0.7093105116209639 0.3303120476172905 -0.029113725757085263 -0.18658491854734383
1.9904320800840858 1.7306490953679528 1.106102330742181 0.7288832022502618 0.21554490710913576 -0.15544654709164307 -0.3227040851965506 -0.4356918901929512 -0.7461859369940824 -0.5593557082598775 -0.34494577909348 -0.2969037202761129 -0.4979686331043527 -0.42501587712242506 -0.28355870393795524 0.13369547356843636 0.31696703127913306 0.6835101467005262 0.6061090519392125 0.46998988529000596 0.2751526467529062 0.09099142128633231 0.011810991013264438 0.026935342863176448 -0.2328476418529566 -0.034451732292348325 0.5749706804835117 1.5260255115162042 2.194165996179957 2.354306192237847 2.4192519384168807 2.4770803425488968 2.599854492859946 2.6203168512451205 2.3898929024729343 1.9406106857549643 1.397023686914015 1.111440337277444 0.9023684146463093 0.630130081347896 0.13280580581255919 -0.41345019629602175 -0.5976114217625956
1.0011215355486751 0.8934717370875378 0.9459621346842906 0.5731913449717574 0.16305450951238276 0.16750284829176865 0.009141987745632907 0.13547480908019072 -0.20081960264137866 -0.29423471700848136 -0.7844416504968006 -0.7461859369940824 -1.0175346025366188 -0.7808829794732923 -0.6394258062888225 -0.4677199294045291 -0.2737723586233063 0.2377866010060652 0.6096677229627212 0.47710722733702315 0.6434750976860537 0.7226555279591216 0.6336887523714048 -0.0842731266214698 -0.5380036821188252 -0.25775833901751755 0.7128691826444726 1.669262020212428 2.3285058273174095 2.336512837120304 2.40056891554346 2.429927951487407 2.5500330985308244 2.526901736878018 2.1434549340949585 1.6906140463534802 1.017135555154464 0.7004138340621924 0.49312124694281234 0.39614746155220093 -0.0237757192218222 -0.5504590307011057 -0.9481405175781998
0.4459688558813224 0.534045963713162 0.5865363613099148 0.4575345367077255 0.06163238534238591 0.0989984310892269 0.364119422340623 0.491341911431058 0.24935228183246805 -0.45437491306637146 -0.9463611820664455 -1.3538290142581881 -1.6527573802329165 -1.2381722059941564 -0.6376464707770682 -0.4650509261368976 -0.46238192286926605 -0.40900185751663587 -0.037120735559979856 0.6372474233949135 1.201296780621038 1.3329676084908586 0.8801267207493801 0.16038550624475167 -0.4766166069633009 -0.043348409851120095 0.9299481150785016 1.7973741770587401 2.382775560425917 2.3320644983409182 2.2600014101148678 2.289360446058814 2.299146791373463 2.1105372271275034 1.7244214210768125 1.302718904791035 0.6648271238271057 0.3516640737583425 0.15415783195361143 0.057184046563000024 -0.25686867126164037 -0.5753697278656662 -0.9739408824986375
0.2635869659265029 0.37212643214351737 0.3792437741905348 0.24312460754132825 -0.019327380442436315 -0.3520631211404974 -0.06114176496866319 -0.21416461897953631 -0.4107811930283902 -1.193688818200298 -1.1287430720212646 -1.5442179140159022 -1.6429710349182676 -1.183902472885649 -0.5122033171983875 -0.015768709418927607 -0.08694212988910133 -0.41789853507540764 -0.4276848803900566 0.2698146402176431 1.1612617316065652 1.292932559476386 0.8338639974437676 0.5429426412719336 -0.049576084142260335 0.4272858330079019 1.2199798034944584 2.0651641715777678 2.3347335016085498 2.209290348029869 2.1274409144891697 2.0535984907513645 1.986873409060577 1.7395457729267245 1.435279400416733 1.0260322327132358 0.6888481532357891 0.3819127774581663 0.16216484175650558 -0.21950262551479938 -0.5931630829832097 -0.7951176635673267 -0.6767918520356635
-0.1287565144153282 -0.10028714622725854 -0.10295614949489007 -0.2630963455527806 -0.27911036515856935 -0.8573944064787287 -1.2764279194968746 -1.7265998039707218 -1.9463477396723818 -1.6260673475566016 -1.3182423040231015 -0.8253663672671503 -0.7426272659705737 -0.4161191995636533 -0.025555054733576554 0.4530861979283396 0.3240843733261505 0.005583316722124199 -0.1323151854388369 -0.10918382378603031 0.3561124125377284 0.3605607513171143 0.37301609989939455 0.24579361080895978 0.4201684909608845 1.0411565845631476 1.7350974341473386 2.1398962630714498 2.2475460615325873 2.093633539765837 1.9904320800840858 1.9139206530786492 1.821395206467424 1.5927505932069916 1.3214019276644555 1.0731846237747256 0.8516573525613109 0.51892161186325 0.09721909557747255 -0.34761478236111154 -0.7968969990790811 -0.7257235786089078 -0.4890719555455809
