static/data/seaWind_vo/2023/7/24/12.asc
ncols 137
nrows 93
xllcorner 108.0
yllcorner 17.0
cellsize 0.25
NODATA_value -32767
[rows 38 to 56 of 93, columns 86 to 128 of 137]
1.271580533335334 0.5349356314690392 0.04383903022484237 0.16127517400062885 0.8712300431906086 1.3036085725469122 1.5135701629339238 1.5455982021455017 1.5367015245867301 1.5429291988778702 1.7413251084384789 1.9628523796518935 2.003777096422243 1.9210379951256666 1.9753077282341738 2.056267494018996 2.1443446018508356 2.263560081138376 2.2813534362559196 2.255553071335482 2.231532041926798 2.2297527064150438 2.2172973578327637 2.24665639377671 2.2484357292884645 2.226194035391535 2.212849019053378 2.1923866606682028 2.1550206149213618 2.123882243465661 2.114095898151012 2.094523207521714 2.0313567968544355 1.955735037604876 1.8676579297730367 1.7635668023354079 1.7048487304475148 1.7048487304475148 1.7608977990677763 1.8712166007965452 1.9833147380370684 2.0464811487043475 2.072281513624785
0.608778055206844 0.02337667183966774 -0.01754804493068196 0.5607359963894769 1.0820813013334973 1.2947118949881404 1.2110831259356867 1.234214487588493 1.584743583404097 1.8685475975289136 2.103419885080486 2.161248289212502 2.103419885080486 2.0678331748453993 2.070502178113031 2.0998612140569772 2.162137956968379 2.227083703147412 2.218187025588641 2.24665639377671 2.262670413382499 2.2760154297206565 2.2822431040117968 2.235980380706184 2.1772623088182907 2.113206230395135 2.043812145436716 1.9254863339050525 1.8614302554818964 1.8560922489466334 1.8765546073318082 1.901465304496369 1.918368991858035 1.8463059036319844 1.7297594276120756 1.6434616552919903 1.615881954859798 1.642571987536113 1.7511114537531276 1.9237069983932982 2.0740608491365395 2.1683656312595194 2.2066213447622376
0.015369662036773146 -0.30313139456725313 -0.25686867126164037 0.28849766309106384 0.5678533384364943 0.7368902120531562 1.0251425649573587 1.4005823579375234 1.8747752718200539 2.151461943897853 2.320498817514515 2.348078517946707 2.3222781530262693 2.2484357292884645 2.136337592047941 2.13366858878031 2.1585792859448705 2.214628354565132 2.2484357292884645 2.2600014101148678 2.2671187521618847 2.212849019053378 2.1639172924801335 2.0464811487043475 1.8925686269375972 1.7911465027676001 1.6648136814330423 1.5740675703335711 1.557163882971905 1.562501889507168 1.594529928718746 1.6621446781654108 1.6923933818652346 1.6407926520243588 1.5820745801364655 1.5037838176192748 1.4753144494312056 1.542039531121993 1.6834967043064628 1.822284874223301 1.9681903861871566 2.0740608491365395 2.132778921024433
-0.3493941178728659 -0.5851560731803152 -0.314697075393656 0.33565005415255356 0.6488131042213166 0.9699831640929741 1.2956015627440176 1.8872306204023341 2.250215064800219 2.4841976845959137 2.5260120691221406 2.54825376301907 2.429927951487407 2.303595130152849 2.2066213447622376 2.1443446018508356 2.147013605118467 2.1630276247242564 2.1968349994475886 2.203952341494606 2.161248289212502 2.1007508818128544 1.9326036759520697 1.7511114537531276 1.5963092642305003 1.4521830877783992 1.330298605223227 1.2671321945559482 1.2333248198326159 1.2484491716825277 1.3062775758145437 1.3730026575053311 1.4112583710080493 1.4210447163226982 1.3801199995523485 1.3623266444348052 1.344533289317262 1.4076996999845408 1.4851007947458545 1.6132129515921667 1.754670124776636 1.880113278355317 1.997549422131103
-0.6812401908150494 -0.5166516559777734 -0.09939747847138136 0.6434750976860537 1.2359938231002474 1.557163882971905 1.880113278355317 2.3605338665289874 2.6096408381745944 2.6096408381745944 2.6514552227008212 2.5518124340425787 2.4076862575904774 2.2973674558617088 2.2235250321239035 2.161248289212502 2.114095898151012 2.098081878545223 2.082067858939434 2.002887428666366 1.9610730441401392 1.8507542424113703 1.6870553753299715 1.5331428535632214 1.4059203644727865 1.2617941880206853 1.1621513993624424 1.0865296401128832 1.0313702392484987 1.0287012359808674 1.0865296401128832 1.106991998498058 1.1665997381418283 1.2066347871563008 1.1941794385740205 1.1763860834564772 1.1452477120007762 1.1683790736535826 1.2199798034944584 1.3338572762467358 1.4753144494312056 1.656806671630148 1.8107191933968978
-0.34316644358172566 -0.15188787606813436 0.46198287548711137 1.1621513993624424 1.7733531476500568 2.1434549340949585 2.4646249939666163 2.6576828969919615 2.7101732945887145 2.697717946006434 2.5722747924277534 2.4619559906989847 2.320498817514515 2.245766726020833 2.171924302283028 2.1221029079539067 2.075840184648294 1.965521382919525 1.8534232456790019 1.7680151411147937 1.6977313884004976 1.584743583404097 1.493997472304626 1.3952443514022606 1.2706908655794569 1.1808344222358629 1.0847503046011289 1.0020112033045523 0.9406241281490277 0.9343964538578875 0.9263894440549929 0.9406241281490277 0.9966731967692892 1.0447152555866563 1.0304805714926215 1.000231867792798 0.9673141608253426 0.9299481150785016 0.9575278155106939 1.07496395928648 1.1888414320387575 1.3703336542376996 1.5135701629339238
0.11679178620677044 0.5313769604455305 1.148806383024285 1.7039590626916377 2.0776195201600482 2.44772130660495 2.6265445255362607 2.712842297856346 2.679924590888891 2.5562607728219646 2.431707286999161 2.2760154297206565 2.1309995855126784 2.0633848360660134 2.0633848360660134 2.0126737739810148 1.9379416824873328 1.7769118186735655 1.6443513230478675 1.5705088993100627 1.5002251465957661 1.4753144494312056 1.4219343840785754 1.3365262795143673 1.2831462141617374 1.1932897708181434 1.096315985427532 1.0180252229103413 0.9601968187783254 0.8836853917728889 0.8756783819699945 0.878347385237626 0.9023684146463093 0.9335067861020103 0.9210514375197301 0.8908027338199063 0.835643332955522 0.7902702774057864 0.8036152937439438 0.8463193460260479 0.9619761542900798 1.0046802065721838 1.0838606368452517
0.7635802447294713 1.2422214973913877 1.5607225539954137 1.8649889265054052 2.1968349994475886 2.3907825702288115 2.523343065854509 2.5349087466809124 2.415693267393372 2.2849121072794283 2.1648069602360107 1.9948804188634717 1.897016965716983 1.8658785942612823 1.8952376302052287 1.8738856040641767 1.801822515838126 1.7333180986355843 1.6479099940713762 1.5722882348218168 1.531363518051467 1.535811856830853 1.5455982021455017 1.5233565082485727 1.493107804548749 1.3988030224257693 1.3000499015234035 1.1683790736535826 1.0625086107041997 0.9601968187783254 0.8810163885052573 0.878347385237626 0.8623333656318368 0.8703403754347314 0.8427606750025392 0.8071739647674525 0.7502352283913138 0.7315522055178931 0.7351108765414018 0.7635802447294713 0.736000544297279 0.7377798798090334 0.6221230715450017
0.9851075159428861 1.5598328862395365 1.816946867688038 2.066053839333645 2.2760154297206565 2.4130242641257404 2.4325969547550383 2.372989215111268 2.1701449667712738 2.0322464646103127 1.9521763665813676 1.9735283927224194 2.085626529962943 2.0740608491365395 2.0366948033896985 1.9984390898869802 1.9726387249665422 1.9948804188634717 1.9406106857549643 1.8658785942612823 1.816946867688038 1.8080501901292663 1.8249538774909326 1.821395206467424 1.7377664374149702 1.6123232838362895 1.4681971073841882 1.3018292370351578 1.1870620965270031 1.0607292751924453 0.953079476731308 0.8561056913406968 0.8107326357909612 0.8009462904763123 0.757352570438331 0.7448972218560508 0.7706975867764887 0.7804839320911374 0.8160706423262241 0.8053946292556982 0.7137588504003498 0.5527289865865825 0.3676780933641315
1.0847503046011289 1.5642812250189224 2.013563441736892 2.303595130152849 2.4228106094403894 2.4610663229431076 2.442383300069687 2.3605338665289874 2.140785930827327 2.0153427772486463 1.9806457347694368 2.071391845868908 2.3471888501908302 2.383665228181794 2.331174830585041 2.2528840680678504 2.1897176574005712 2.1648069602360107 2.085626529962943 2.0206807837839094 1.9957700866193488 2.001108093154612 1.9833147380370684 1.969969721698911 1.918368991858035 1.8302918840261955 1.700400391668129 1.5109011596662922 1.3267399341997184 1.1479167152684078 0.9966731967692892 0.8756783819699945 0.7876012741381548 0.745786889611928 0.7110898471327183 0.6977448307945608 0.7182071891797357 0.7751459255558744 0.8347536651996448 0.7982772872086807 0.6968551630386837 0.5553979898542141 0.40237513584334117
1.7804704896970742 2.107868223859872 2.3516371889702157 2.40056891554346 2.552702101798456 2.6834832619123996 2.721738975415118 2.580281802230648 2.345409514679076 2.2324217096826753 2.231532041926798 2.3374025048761813 2.5295707401456493 2.5971854895923143 2.463735326210739 2.1256615789774154 1.8320712195379498 1.6559170038742708 1.7048487304475148 1.7662358056030394 1.9281553371726838 2.043812145436716 2.107868223859872 2.0731711813806624 2.024239454807418 1.913030985322772 1.7520011215090048 1.5660605605306768 1.4103687032521721 1.2333248198326159 1.0714052882629714 0.9361757893696419 0.7938289484292951 0.714648518156227 0.6781721401652632 0.6488131042213166 0.6488131042213166 0.7235451957149988 0.7208761924473672 0.6870688177240347 0.6265714103243873 0.5322666282014077 0.42194782647263884
2.072281513624785 2.4228106094403894 2.6683589100624876 2.693269607227048 2.6879316006917855 2.7795673795471334 2.792022728129414 2.6505655549449445 2.4406039645579325 2.2858017750353055 2.326726491805655 2.462845658454862 2.5776127989630164 2.6461172161655586 2.565157450380736 2.2617807456266217 1.970859389454788 1.8365195583173357 1.8258435452468098 1.8907892914258428 2.001997760910489 2.0473708164602247 2.0304671290985583 1.934383011463824 1.8614302554818964 1.785808496232337 1.6719310234800595 1.5384808600984845 1.3952443514022606 1.2884842206970002 1.1461373797566534 1.005569874328061 0.8623333656318368 0.7351108765414018 0.639916426662545 0.6069987196950897 0.5900950323334235 0.6114470584744756 0.6203437360332473 0.6256817425685102 0.6621581205594742 0.6007710454039497 0.48155556611640904
2.098081878545223 2.410355260858109 2.6496758871890673 2.863196148599587 2.845402793482044 2.8142644220263433 2.70839395907696 2.5776127989630164 2.3854445636935484 2.230642374170921 2.2902501138146913 2.4397142968020553 2.4841976845959137 2.462845658454862 2.3898929024729343 2.3427405114114443 2.2769050974765337 2.2902501138146913 2.231532041926798 2.231532041926798 2.0598261650425047 2.0073357674457517 1.917479324102158 1.8205055387115467 1.7342077663914615 1.647020326315499 1.5544948797042735 1.4753144494312056 1.3587679734112965 1.2840358819176145 1.1719377446770913 1.0402669168072705 0.9228307730314842 0.7911599451616635 0.6861791499681578 0.6568201140242111 0.6354680878831591 0.6327990846155276 0.6488131042213166 0.6621581205594742 0.6585994495359655 0.5731913449717574 0.40771314237860423
2.2164076900768865 2.527791404633895 2.8000297379323085 3.00376365402818 2.9272522270227435 2.727076981950381 2.6043028316393313 2.442383300069687 2.250215064800219 2.1256615789774154 2.1585792859448705 2.260891077870745 2.221745696612149 2.2048420092504832 2.304484797908726 2.310712472199866 2.410355260858109 2.5740541279395077 2.5349087466809124 2.3507475212143385 2.1728139700389053 1.9512866988254904 1.8240642097350555 1.7359871019032158 1.6879450430858487 1.6007576030098862 1.4966664755722574 1.414817042031558 1.3160639211291925 1.2208694712503356 1.1123300050333211 1.017135555154464 0.9014787468904322 0.8187396455938556 0.745786889611928 0.7110898471327183 0.6710547981182458 0.6648271238271057 0.6025503809157038 0.5856466935540376 0.4833349016281634 0.2902769986028182 0.10522610538036714
2.3222781530262693 2.8098160832469574 3.082054416545371 3.1185307945363343 2.9895289699341454 2.7626636921854675 2.599854492859946 2.4361556257785466 2.3053744656646034 2.1914969929123256 2.1221029079539067 2.145234269606713 2.1167649014186436 2.260891077870745 2.3614235342848646 2.5642677826248588 2.6398895418744184 2.7519876791149414 2.637220538606787 2.452169645384336 2.1585792859448705 1.922817330637421 1.7680151411147937 1.6879450430858487 1.6399029842684816 1.531363518051467 1.4272723906138385 1.365885315458314 1.2831462141617374 1.1835034255034944 1.1025436597186722 1.0073492098398154 0.9201617697638529 0.8427606750025392 0.8107326357909612 0.7653595802412256 0.7173175214238585 0.5785293515070205 0.5162526085956185 0.30896002147623847 0.14081281561545378 -0.10384581725076725 -0.307579733346639
2.5598194438454733 3.0553643838690556 3.1496691659920355 3.1283171398509833 3.058033387136687 2.9548319274549355 2.7946917313970454 2.7439806693120468 2.6149788447098574 2.5313500756574037 2.4085759253463546 2.4041275865669687 2.430817619243284 2.585619808765911 2.711952630100469 2.973514950328356 2.986859966666514 2.897893191078797 2.7315253207297667 2.4557283164078445 2.1585792859448705 1.906803311031632 1.7297594276120756 1.6461306585596218 1.5651708927747996 1.457521094313662 1.424603387346207 1.3730026575053311 1.3365262795143673 1.2884842206970002 1.217310800226827 1.1203370148362155 1.0313702392484987 0.9326171183461331 0.8863543950405204 0.8285259909085045 0.7021931695739467 0.5482806478071967 0.30540135045272976 0.050956372271859784 -0.19726093161786995 -0.3992155122019869 -0.5753697278656662
2.8747618294259905 2.983301295643005 2.9975359797370396 2.9957566442252856 3.0607023904043187 3.077606077765985 3.058033387136687 3.0384606965073893 3.0402400320191436 3.005542989539934 2.906789868637569 2.844513125726167 2.85607880655257 2.8596374775760784 2.943266246628532 3.0117706638310744 3.005542989539934 2.8845481747406394 2.6906006039594166 2.430817619243284 2.235980380706184 1.9833147380370684 1.727090424344444 1.6176612903715524 1.5651708927747996 1.5553845474601506 1.5455982021455017 1.5509362086807648 1.5331428535632214 1.5020044821075205 1.4174860452991895 1.3125052501056838 1.2119727936915639 1.1034333274745494 1.0046802065721838 0.8952510725992922 0.7324418732737703 0.476217559581146 0.22266224915615318 -0.04868641638638316 -0.30935906885839337 -0.43658155794882836 -0.5024169718837386
2.7413116660444152 2.8329474448997636 2.9325902335580065 3.0028739862723026 3.0179983381222146 3.036681360995635 3.073157738986599 3.1238688010715974 3.142551823945018 3.0918407618600194 2.9904186376900226 2.8943345200552884 2.834726780411518 2.798250402420554 2.7751190407677475 2.7715603697442392 2.7155113011239775 2.664800239038979 2.570495456915999 2.4770803425488968 2.3427405114114443 2.1683656312595194 1.9219276628815438 1.7359871019032158 1.6674826847006738 1.674600026747691 1.7039590626916377 1.7466631149737417 1.7404354406826017 1.6283373034420783 1.5438188666337473 1.4610797653371708 1.372112989749454 1.3560989701436652 1.324070930932087 1.2359938231002474 1.0064595420839382 0.7066415083533326 0.385471448481675 0.1070054408921215 -0.1385428597299767 -0.3111384043701473 -0.40900185751663587
2.5873991442776654 2.703055952541697 2.8196024285616064 2.8809895037171307 2.8961138555670427 2.972625282572479 3.015329334854583 3.0402400320191436 3.036681360995635 3.0073223250516885 2.9797426246194965 2.8943345200552884 2.7938020636411682 2.703055952541697 2.6452275484096814 2.628323861048015 2.59540615408056 2.542915756483807 2.5251224013662634 2.4753010070371424 2.364092537552496 2.208400680273992 2.0624951683101362 1.8907892914258428 1.8178365354439152 1.7929258382793545 1.7733531476500568 1.7448837794619874 1.7137454080062864 1.6256683001744467 1.578515909112957 1.5553845474601506 1.5856332511599742 1.6959520528887433 1.7973741770587401 1.7439941117061102 1.4922181367928717 1.1630410671183196 0.8062842970115753 0.4415205171019365 0.04383903022484237 -0.3138074076377788 -0.5184309914895278
