static/data/seaWind_vo/2023/7/24/18.asc
ncols 137
nrows 93
xllcorner 108.0
yllcorner 17.0
cellsize 0.25
NODATA_value -32767
[rows 38 to 56 of 93, columns 86 to 128 of 137]
5.604262504457141 5.384514568755481 5.187897994706627 5.087365538292508 5.009074775775316 4.880962618929004 4.752850462082692 4.616731295433485 4.321361600482265 4.060688948010255 3.947701143013855 3.890762406637716 3.77955393715307 3.6576694545978983 3.519770952436937 3.3694171016936956 3.2341876028003664 3.1656831855978247 3.073157738986599 2.971735614816602 2.8694238228907274 2.7724500375001164 2.718180304391609 2.6772555876212594 2.6105305059304715 2.5073290462487203 2.396120576764074 2.3142711432233747 2.2671187521618847 2.231532041926798 2.171924302283028 2.027798125830927 1.7866981639882142 1.5536052119483963 1.3205122599085783 1.101653991962795 0.9851075159428861 0.8641127011435912 0.7537938994148223 0.6826204789446491 0.6434750976860537 0.5856466935540376 0.5545083220983369
5.23060204698873 5.090924209316016 5.094482880339524 5.232381382500485 5.1914566657301355 5.014412782310579 4.780430162514884 4.720822422871114 4.5277645198457686 4.310685587411739 4.164780075447884 4.060688948010255 3.930797455652189 3.751084568965001 3.556247330427901 3.381872450275976 3.259987967720804 3.15767617579493 3.052695380601424 2.914796878440463 2.7733397052559936 2.6514552227008212 2.585619808765911 2.5242327336103862 2.50110137195758 2.505549710736966 2.522453398098632 2.5171153915633693 2.5135567205398606 2.4824183490841594 2.4361556257785466 2.35341652448197 2.220856028856272 1.969969721698911 1.694172717376989 1.4521830877783992 1.265352859044194 1.0847503046011289 1.016245887398587 1.005569874328061 0.984217848187009 0.9415137959049049 0.953079476731308
5.124731584039348 5.041992482742772 4.999288430460668 5.0508891603015424 5.049999492545666 4.940570358572774 5.007295440263562 5.025978463136982 4.867617602590847 4.686125380391904 4.515309171263488 4.320471932726388 4.114958681118763 3.847168686599735 3.582047695348339 3.402334808661151 3.2617673032325585 3.1283171398509833 3.033122689972126 2.8800998359612535 2.7110629623445917 2.4975427009340714 2.35341652448197 2.3240574885380236 2.3818858926700397 2.4325969547550383 2.5366880821926667 2.5838404732541567 2.5607091116013505 2.489535691131177 2.4272589482197753 2.3507475212143385 2.2973674558617088 2.1532412794096074 1.9904320800840858 1.769794476626548 1.6238889646626926 1.4975561433281346 1.4584107620695392 1.4254930551020841 1.3934650158905062 1.3205122599085783 1.2849255496734917
5.196794672265399 5.151421616715663 5.254623076397415 5.3213481580882025 5.3062238062382905 5.2964374609236415 5.349817526276271 5.316010151552939 5.162987297542067 5.003736769240053 4.856051921764443 4.6621043509832205 4.316023593947002 3.9441424719903466 3.652331448062635 3.390769127834748 3.235966938312121 3.130986143118615 3.0073223250516885 2.840954454702658 2.65501389372433 2.463735326210739 2.2911397815705685 2.2430977227532014 2.2769050974765337 2.284022439523551 2.3551958599937244 2.3516371889702157 2.303595130152849 2.24042871948557 2.1256615789774154 2.0260187903191724 2.0162324450045235 2.0642745038218906 1.960183376384262 1.9779767315018053 1.8872306204023341 1.8872306204023341 1.795594841546986 1.7359871019032158 1.6229992969068154 1.542039531121993 1.3703336542376996
5.3711695524173235 5.423659950014077 5.533089083986968 5.621166191818808 5.656752902053894 5.646966556739246 5.485047025169601 5.355155532811534 5.210139688603556 5.084696535024875 4.937011687549266 4.800892520900058 4.475274122249015 4.077592635371921 3.66033845786553 3.3978864698817652 3.1932628860300167 3.071378403474845 2.9441559143844094 2.798250402420554 2.613199509198103 2.472632003769511 2.316940146491006 2.225304367635658 2.0776195201600482 2.0838471944511885 1.9753077282341738 1.9415003535108415 1.9237069983932982 1.9085826465433864 1.7947051737911088 1.8107191933968978 1.8898996236699657 2.042922477680839 2.162137956968379 2.1799313120859223 2.094523207521714 2.070502178113031 1.9530660343372448 1.8205055387115467 1.705738398203392 1.5447085343896245 1.344533289317262
5.612269514260036 5.66742891512442 5.7448300098857334 5.779527052364943 5.81511376260003 5.5704551297338085 5.389852575290744 5.117614241992331 5.0064057725076845 4.882741954440759 4.834699895623391 4.705698071021202 4.515309171263488 4.149655723597972 3.720835865265177 3.3195957073645745 3.109634116977563 2.9183555494639717 2.783126050570642 2.6461172161655586 2.5402467532161754 2.401458583299337 2.274236094208902 2.1025302173246088 1.9370520147314556 1.7377664374149702 1.6149922871039208 1.5349221890749758 1.5500465409248876 1.5367015245867301 1.5856332511599742 1.6167716226156752 1.8053811868616347 2.0918542042540826 2.2199663611003952 2.255553071335482 2.1576896181889933 2.0963025430334685 2.0126737739810148 1.8774442750876854 1.7439941117061102 1.5776262413570799 1.4112583710080493
5.703015625359507 5.75550602295626 5.8106654238206445 5.779527052364943 5.549992771348634 5.303554802970659 5.041992482742772 4.764416142909095 4.674559699565501 4.613172624409977 4.565130565592609 4.413887047093491 4.274209209420776 3.9646048303755212 3.6122963990481627 3.2101665733916827 2.9610596017460757 2.7564360178943272 2.6149788447098574 2.5144463882957377 2.4076862575904774 2.2804637685000424 2.155910282677239 1.9637420474077707 1.7813601574529514 1.5811849123805886 1.3854580060876116 1.2706908655794569 1.2475595039266505 1.1612617316065652 1.2101934581798095 1.3169535888850696 1.493997472304626 1.8124985289086522 2.0162324450045235 2.0535984907513645 2.0696125103571537 2.071391845868908 2.050929487483733 2.0171221127604007 1.8827822816229485 1.7448837794619874 1.6052059417892721
5.804437749529504 5.85603847937038 5.603372836701265 5.403197591628901 5.129179922818734 4.840037902158654 4.556233888033837 4.446804754060946 4.372072662567264 4.303568245364723 4.114069013362886 3.9023280874641193 3.622972412118689 3.433473180116852 3.141662156189141 3.0117706638310744 2.769781034232485 2.6825935941565224 2.5873991442776654 2.479749345816528 2.346299182434953 2.2155180223210094 2.08651619771882 1.9610730441401392 1.7875878317440914 1.6363443132449729 1.434389732660856 1.2520078427060364 1.0785226303099886 0.9521898089754308 0.7973876194528036 0.8863543950405204 1.033149574760253 1.3276296019555955 1.5082321563986607 1.6923933818652346 1.7573391280442676 2.0269084580750496 2.1496826083860987 2.145234269606713 2.061605500554259 1.9326036759520697 1.7947051737911088
5.19323600124189 5.872052498976169 5.485047025169601 4.950356703887423 4.654097341180327 4.410328376069982 4.203925456706479 4.167449078715515 4.076702967616044 3.971722172422538 3.731511878335703 3.3035816877587854 2.7964710669087998 2.5838404732541567 2.65501389372433 2.707504291321083 2.717290636635732 2.6834832619123996 2.622096186756875 2.522453398098632 2.3756582183788995 2.2075110125181148 2.09274387200996 2.050929487483733 1.9628523796518935 1.8534232456790019 1.7502217859972504 1.5829642478923427 1.308056911326298 0.9682038285812198 0.6915171565034206 0.5180319441073729 0.5580669931218456 0.7804839320911374 1.0304805714926215 1.3267399341997184 1.657696339386025 2.0260187903191724 2.160358621456625 2.141675598583204 2.057157161774873 1.9619627118960163 1.8898996236699657
4.056240609230869 5.1016002223865415 5.212808691871188 4.5073021614605935 4.201256453438848 4.017984895728151 3.896100413172979 3.9672738336431523 3.8533963608908754 3.665676464400793 3.3044713555146625 2.7964710669087998 2.341850843655567 2.277794765232411 2.5073290462487203 2.7306356529738895 2.8471821289937984 2.893444852299411 2.825830102852746 2.692379939471171 2.527791404633895 2.3765478861347766 2.28758111054706 2.2333113774385525 2.2199663611003952 2.226194035391535 2.2057316770063604 2.0411431421690844 1.657696339386025 1.2698011978235797 0.9424034636607821 0.7164278536679813 0.6274610780802645 0.7804839320911374 1.0847503046011289 1.4272723906138385 1.732428430879707 1.9584040408725076 2.003777096422243 1.9432796890225958 1.8614302554818964 1.8098295256410206 1.7973741770587401
4.5669099011043635 5.047330489278035 4.672780364053747 4.21015313099762 3.900548751952365 3.704821845659388 3.5838270308600935 3.61941374109518 3.4601632127931667 3.2297392640209805 2.8480717967496756 2.3907825702288115 2.2377597162179383 2.457507651919599 2.6906006039594166 2.8694238228907274 2.9450455821402866 3.0162190026104603 2.9548319274549355 2.8329474448997636 2.6941592749829253 2.5615987793572277 2.467293997234248 2.377437553890654 2.3614235342848646 2.309822804443989 2.214628354565132 2.060715832798382 1.7760221509176883 1.482431791478223 1.307167243570421 1.1808344222358629 1.1470270475125306 1.1763860834564772 1.3178432566409468 1.4308310616373472 1.6123232838362895 1.7600081313118991 1.801822515838126 1.7520011215090048 1.6861657075740943 1.6363443132449729 1.5722882348218168
4.623848637480503 4.466377444690243 4.07492363210429 3.7644295853031586 3.5900547051512337 3.3605204241349242 3.2760019873265933 3.190593882762385 3.0295640189486175 2.8703134906466046 2.686152265180031 2.49487369766644 2.5019910397134573 2.712842297856346 2.961949269501953 3.0437987030426523 3.0340123577280034 3.0695990679630905 3.041129699775021 2.9708459470607247 2.8738721616701133 2.7261873141945037 2.627434193292138 2.490425358887054 2.3649822053083733 2.2235250321239035 2.0544881585072416 1.880113278355317 1.6701516879683052 1.6034266062775178 1.5820745801364655 1.5509362086807648 1.5215771727368184 1.4948871400605033 1.4237137195903298 1.4335000649049787 1.451293420022522 1.4797627882105915 1.4851007947458545 1.4708661106518197 1.4744247816753284 1.4059203644727865 1.3320779407349814
4.231505157138671 3.994853534075345 3.6283104186539514 3.4841842422018505 3.322264710632206 3.1772488664242275 3.085613087568879 2.958390598478444 2.8373957836791495 2.750208343603187 2.712842297856346 2.6665795745507332 2.7430910015561696 2.9272522270227435 3.1194204622922115 3.073157738986599 3.0651507291837046 3.15144850150379 3.189704215006508 3.137213817409755 3.00999132831932 2.8525201355290615 2.733304656241521 2.5509227662867016 2.3872238992053028 2.1852693186211853 1.9850940735488227 1.8231745419791783 1.652358332850762 1.627447635686201 1.6345649777332185 1.6407926520243588 1.5811849123805886 1.5206875049809412 1.3961340191581377 1.3000499015234035 1.22264880676209 1.170158409165337 1.1710480769212142 1.265352859044194 1.3276296019555955 1.314284585617438 1.2964912304998948
3.751084568965001 3.5171019491693056 3.3622997596466786 3.2306289317768577 3.1541175047714214 3.0758267422542307 2.9859702989106367 2.9503835886755496 2.835616448167395 2.782236382814765 2.7484290080914326 2.6994972815181884 2.7582153534060816 2.9370385723373924 3.000204983004671 2.9699562793048475 3.058033387136687 3.2457532836267697 3.2857883326412423 3.2048285668564196 3.0740474067424763 2.9005621943464286 2.7475393403355555 2.5598194438454733 2.405017254322846 2.203062673738729 2.027798125830927 1.8605405877260193 1.689724378597603 1.5820745801364655 1.5562742152160278 1.5020044821075205 1.4441760779755046 1.5206875049809412 1.5055631531310292 1.4655281041165567 1.3952443514022606 1.340084950537876 1.271580533335334 1.324070930932087 1.3560989701436652 1.3365262795143673 1.3062775758145437
3.4939705875164995 3.3943277988582565 3.237746273823875 3.15144850150379 3.0811647487894938 2.9904186376900226 2.9112382074169543 2.8747618294259905 2.7751190407677475 2.7101732945887145 2.6265445255362607 2.5518124340425787 2.600744160615823 2.664800239038979 2.727076981950381 2.8267197706086233 2.95661126296669 3.1496691659920355 3.221732254218086 3.1407724884332637 3.1069651137099314 2.9503835886755496 2.769781034232485 2.5678264536483675 2.421031273928635 2.263560081138376 2.0882955332305744 1.9032446400081233 1.732428430879707 1.562501889507168 1.404141028961032 1.349871295852525 1.377450996284717 1.4815421237223458 1.6443513230478675 1.7297594276120756 1.6737103589918139 1.5482672054131332 1.4815421237223458 1.3560989701436652 1.349871295852525 1.3107259145939294 1.2457801684148961
3.4743978968872016 3.3881001245671163 3.287567668152996 3.2101665733916827 3.0393503642632664 2.8907758490317796 2.816933425293975 2.655903561480207 2.5500330985308244 2.4699630005018793 2.383665228181794 2.3196091497586377 2.3560855277496016 2.415693267393372 2.511777385028106 2.647896551677313 2.727076981950381 2.8427337902144125 2.9317005658021293 3.014439667098706 2.992197973201777 2.9939773087135313 2.8338371126556408 2.617647847977489 2.433486622510915 2.277794765232411 2.0954128752775913 1.906803311031632 1.7600081313118991 1.5820745801364655 1.408589367740418 1.292042891720509 1.3169535888850696 1.361436976678928 1.5224668404926955 1.5971989319863775 1.53047385029559 1.3934650158905062 1.2698011978235797 1.1141093405450755 1.1238956858597242 1.1461373797566534 1.0874193078687604
3.5829373631042163 3.4459285286991324 3.326713049411592 3.201269895832911 3.005542989539934 2.8098160832469574 2.5304604079015265 2.35341652448197 2.2377597162179383 2.203952341494606 2.1959453316917115 2.1541309471654846 2.1745933055506597 2.241318387241447 2.3436301791673215 2.443272967825564 2.4717423360136337 2.54825376301907 2.6051924993952085 2.7208493076592406 2.8196024285616064 2.872092826158359 2.8160437575380977 2.655903561480207 2.4601766551872304 2.292919117082323 2.104309552836363 1.9059136432757549 1.7671254733589166 1.6052059417892721 1.4744247816753284 1.3383056150261217 1.1754964157006 1.1559237250713024 1.1212266825920927 1.0829709690893745 1.0126872163750782 0.9779901738958687 0.8756783819699945 0.752014563903068 0.7858219386264005 0.8747887142141173 0.7626905769735941
3.63186908967746 3.492191252004745 3.3614100918908014 3.247532619138524 3.052695380601424 2.770670701988362 2.4361556257785466 2.2066213447622376 2.0642745038218906 2.0055564319339974 2.0633848360660134 2.093633539765837 2.113206230395135 2.1923866606682028 2.2946984525940772 2.3605338665289874 2.3471888501908302 2.3374025048761813 2.3347335016085498 2.3649822053083733 2.4468316388490727 2.542915756483807 2.6105305059304715 2.5464744275073157 2.421031273928635 2.264449748894253 2.122992575709784 1.9503970310696133 1.785808496232337 1.6229992969068154 1.5384808600984845 1.3952443514022606 1.1665997381418283 0.9228307730314842 0.7902702774057864 0.8071739647674525 0.7804839320911374 0.7973876194528036 0.7644699124853485 0.6363577556390363 0.5029075922574611 0.37212643214351737 0.18351686789755783
3.7146081909740367 3.56603367574255 3.391658795590625 3.1719108598889645 2.8738721616701133 2.6265445255362607 2.396120576764074 2.2101800157857463 2.082067858939434 2.03313613236619 2.082067858939434 2.0544881585072416 2.066943507089522 2.155910282677239 2.256442739091359 2.28758111054706 2.235090712950307 2.1060888883481175 2.0642745038218906 2.055377826263119 2.0696125103571537 2.1176545691745208 2.283132771767674 2.3614235342848646 2.2964777881058316 2.1950556639358343 2.1025302173246088 1.997549422131103 1.827622880758564 1.6505789973390077 1.557163882971905 1.4432864102196274 1.2778082076264743 1.0660672817277084 0.7742562577999972 0.4877832404075493 0.296504672893958 0.23600726549431084 0.2377866010060652 0.2137655715973814 0.10878477640387585 -0.08605246213322415 -0.2435236549234827
