static/data/seaWind_vo/2023/7/24/6.asc
ncols 137
nrows 93
xllcorner 108.0
yllcorner 17.0
cellsize 0.25
NODATA_value -32767
[rows 19 to 37 of 93, columns 43 to 85 of 137]
0.018928333060281854 -0.012210038395418898 0.5171422763514957 1.472645446163574 2.1541309471654846 2.042922477680839 1.7021797271798833 1.8721062685524223 2.1212132401980295 2.3240574885380236 2.7039456202975742 3.066930064695459 3.4041141441729055 3.8071336375852622 4.001081208366485 4.333816949064546 4.79110617558541 5.3507071940321485 5.670987586147929 5.585579481583721 5.239498724547502 4.694132390194799 4.04022658962508 3.5793786920807076 3.37742411149659 3.542012646333866 4.141648713795077 4.720822422871114 5.249285069862152 5.582020810560213 5.300885799703027 4.367624323787878 3.4877429132253592 3.1594555113066844 2.603413163883454 2.1799313120859223 2.251104732556096 3.1763591986683504 3.4779565679107103 3.590944372907111 3.736849884870966 4.373851998079019 6.243043953176948
-0.22306129653830808 -0.010430702883664544 0.43173417178728757 0.7938289484292951 1.017135555154464 1.191510435306389 1.5616122217512909 2.08651619771882 2.5598194438454733 2.887217178008271 3.242194612603261 3.461942548304921 3.6487727770391265 3.9512598140373636 4.191470108124199 4.505522825948839 4.905873316093565 5.389852575290744 5.659421905321526 5.649635560006876 5.436115298596357 5.063344508883823 4.439687412013929 4.072254628836658 3.941473468722715 4.046454263916221 4.559792559057346 5.210139688603556 5.9005218671642385 6.5090546121842205 6.128276812668793 4.770643817200235 3.495749923028254 3.2582086322090498 2.947714585407918 2.5562607728219646 2.5891784797894197 3.523329623460446 3.9788395144695556 4.541109536183926 5.12740058730698 5.783085723388452 7.4974754889637545
-0.42056753834303917 -0.5237689980247908 -0.3992155122019869 -0.23818564838821965 0.030494013886685156 0.6345784201272819 1.4904388012811174 2.235980380706184 2.9806322923753736 3.3516237465761525 3.5687026790101815 3.7341808816033346 3.941473468722715 4.295561235561827 4.517088506775242 4.7822094980266385 5.025978463136982 5.305334138482413 5.483267689657847 5.481488354146093 5.311561812773553 5.082917199513121 4.800002853144182 4.551785549254452 4.510860832484102 4.556233888033837 5.0811378640013665 5.7208089804770506 6.427205178643522 7.265272204679814 6.8337833430793875 5.229712379232854 3.745746562429738 3.906776426243505 3.9681635013990295 3.8969900809288562 3.9743911756901698 4.42990106669928 4.077592635371921 4.604275946851205 5.40675626265241 6.235926611129931 7.645160336439364
-0.44636790326347686 -0.4312435514135653 -0.4107811930283902 -0.3627391342110231 -0.5504590307011057 -0.5264380012924219 0.4299548362755332 1.8881202881582113 2.8756514971818676 3.457494209525535 3.591834040662988 3.731511878335703 3.9023280874641193 4.2626435285943725 4.611393288898222 4.937011687549266 5.188787662462504 5.093593212583647 4.987722749634264 4.9868330818783875 4.957474045934441 4.9218873356993535 4.888969628731898 5.0366544762075085 5.073130854198473 5.412094269187673 5.8053274172853815 6.322224383450016 6.772396267923863 7.543738212269368 7.086448985748502 5.571344797489687 4.187021769344813 4.338265287843932 4.4975158161459445 4.390755685440684 4.192359775880076 4.347161965402703 4.0482335994279754 4.383638343393667 5.147862945692154 6.162084187392126 7.500144492231387
-0.23818564838821965 -0.11541149807717055 -0.013099706151296076 0.009141987745632907 0.04117002695721084 -0.10918382378603031 0.7084208438650867 1.929045004928561 3.098958103907037 3.608737728024654 3.788450614711842 3.8614033706937696 4.08737898068657 4.468156780201998 4.8969766385347935 5.0215301243575965 5.0366544762075085 4.876514280149618 4.691463386927167 4.538440532916294 4.513529835751734 4.626517640748133 4.800892520900058 5.156759623250926 5.769740707050294 6.203008904162475 6.60691806533071 6.883604737408509 7.1282633702747304 7.523275853884192 7.053531278781048 5.58913815260723 4.642531660353923 4.699470396730062 4.783988833538393 4.644310995865677 4.6576560122038355 4.800892520900058 4.892528299755407 4.953915374910932 5.582020810560213 6.462791888878609 7.456550772193404
0.10344676986861279 0.28493899206755513 0.460203539975357 0.714648518156227 0.8222983166173643 0.905927085669818 1.4237137195903298 2.5366880821926667 3.25198095791791 3.7137185232181595 3.9396941332109607 4.078482303127799 4.3275892747734055 4.609613953386468 4.9512463716433 4.960143049202072 4.810678866214708 4.6024966113394505 4.396093691975947 4.255526186547355 4.274209209420776 4.468156780201998 4.7519607943268145 5.352486529543903 6.067779405269146 6.63805643678641 7.130932373542361 7.392494693770249 7.560641899631033 7.5526348898281395 6.977019851775612 5.648745892251 4.517088506775242 4.474384454493139 4.997509094948914 5.013523114554702 5.457467324737409 5.670987586147929 5.858707482638012 5.920984225549413 6.352473087149839 6.956557493390436 7.495696153452
0.5678533384364943 0.7110898471327183 0.7929392806734179 1.0491635943660422 1.1532547218036708 1.287594552941123 1.604316274033395 2.264449748894253 2.982411627887128 3.8089129730970166 4.107841339071745 4.259974525326741 4.366734656032001 4.64964900240094 4.7466227877915514 4.643421328109801 4.4921778096106815 4.371182994811386 4.1781250917860415 4.182573430565427 4.412997379337614 4.606944950118836 5.041102814986894 5.6852222702419635 6.356031758173348 7.041965597954645 7.537510537978227 7.748361796121117 7.896046643596726 7.833769900685324 6.533075641592905 5.2012430110447845 4.108731006827623 4.396093691975947 5.05800650234856 5.518854399892934 5.993047313775463 6.17631887148616 6.425425843131768 6.47524723746089 6.772396267923863 7.339114628417619 7.330217950858847
0.9406241281490277 0.9593071510224482 1.0100182131074467 1.0278115682249902 1.0811916335776202 1.1105506695215668 1.1808344222358629 1.8560922489466334 2.840064786946781 3.847168686599735 4.28844389351481 4.381859007881912 4.469936115713752 4.411218043825859 4.421004389140508 4.283995554735425 4.132752036236306 4.011757221437011 4.219049808556392 4.421894056896385 4.745733120035675 5.267078424979695 5.719919312721173 6.246602624200457 6.821327994497107 7.571317912701559 7.781279503088571 7.928964350564181 7.893377640329094 7.5882216000632265 6.142511496762828 4.669221693030238 3.626531083142197 4.64964900240094 5.449460314934514 5.897852863896607 6.101586779992479 6.201229568650721 6.47524723746089 6.673643147021497 6.9832475260667515 6.9485504835875425 6.511723615451853
0.9085960889374496 0.8578850268524512 0.9762108383841144 0.9762108383841144 1.0206942261779728 1.1470270475125306 1.1906207675505118 1.5162391662015553 2.4566179841637217 3.788450614711842 4.383638343393667 4.38897634992893 4.238622499185689 4.125634694189289 3.9975225373429764 3.8614033706937696 3.771546927350176 4.005529547145871 4.343603294379195 4.845375908693917 5.513516393357671 6.067779405269146 6.590904045724921 7.063317624095697 7.598897613133753 8.087325211110317 8.210099361421365 7.746582460609362 7.435198746052352 6.621152749424745 4.796444182120673 3.237746273823875 3.421907499290449 4.889859296487776 5.586469149339598 5.958350271296254 6.196781229871336 6.3097690348677355 6.400515145967207 6.569552019583869 6.356031758173348 6.076676082827918 5.407645930408288
0.30984968923211564 0.6212334037891245 0.9308377828343788 1.090088311136392 1.1399097054655132 1.2786978753823515 1.2911532239646317 1.4708661106518197 2.1870486541329397 3.550909323892638 4.211932466509374 4.08737898068657 3.8845347323465758 3.770657259594299 3.6274207508980743 3.622972412118689 3.850727357623244 4.220829144068146 4.788437172317779 5.443232640643374 6.215464252744756 6.822217662252985 7.371142667629197 7.898715646864357 8.358673876652853 8.551731779678198 8.259920755750487 7.650498342974627 7.139829051101133 6.252830298491597 4.89786630629067 4.057130276986746 4.356058642961475 5.033095805184 5.207470685335925 5.586469149339598 6.108704122039496 6.3800527875820325 6.556207003245712 6.484143915019661 6.026854688498796 5.187897994706627 4.528654187601646
0.6497027719771937 0.6710547981182458 0.9601968187783254 1.1986277773534064 1.3374159472702445 1.3988030224257693 1.3587679734112965 1.4317207293932244 1.8507542424113703 2.6461172161655586 3.0535850483573013 3.2297392640209805 3.3400580657497496 3.4530458707461493 3.496639590784131 3.5731510177895673 3.916562771558154 4.528654187601646 5.38807323977899 6.2296989368387905 6.89606008599079 7.429860739517089 7.886260298282076 8.284831452915048 8.591766828692672 8.646036561801179 8.27771411086803 7.633594655612962 7.111359682913063 6.366707771243874 5.465474334540303 4.743064116768043 4.4174457181169995 4.2982302388294595 4.77242315271199 5.422770282258199 6.0597723954662515 6.403184149234837 6.498378599113694 6.2599476405386145 5.7003466220918755 4.90765265160532 4.283995554735425
1.18172408999174 1.1096610017656896 1.1372407021978816 1.250228507194282 1.2404421618796333 1.1692687414094598 1.201296780621038 1.2938222272322633 1.5037838176192748 1.5429291988778702 1.8463059036319844 2.5509227662867016 3.1825868729594906 3.4601632127931667 3.6167447378275486 4.001970876122362 4.486839803075419 5.2359400535239935 6.095359105701338 6.837342014102896 7.40495004235253 7.853342591314622 8.057076507410493 8.155829628312858 8.222554710003646 8.185188664256806 7.816866213323658 7.212781807083061 6.760830587097459 5.987709307240201 5.007295440263562 4.221718811824022 3.8756380547878044 4.133641703992183 4.6870150481477815 5.348927858520394 5.920094557793536 6.249271627468088 6.193222558847827 6.007281997869498 5.830238114449942 5.515295728869425 5.2661887572238175
1.3169535888850696 1.3641059799465596 1.3267399341997184 1.2297661488091072 1.1674894058977054 1.1132196727891983 1.2306558165649844 1.3391952827819988 1.5109011596662922 1.658586007141902 2.0527088229954873 3.1932628860300167 3.9423631364785923 4.461929105910858 4.4975158161459445 4.720822422871114 5.313341148285307 6.066889737513269 6.792858626309037 7.4031707068407755 7.871135946432165 8.030386474734177 8.140705276462947 8.038393484537073 7.927185015052427 7.751030799388747 7.243030510782885 6.638946104542288 5.855148811614503 4.757298800862078 3.88631406785833 3.4236868348022034 3.3035816877587854 3.6923664970771077 4.322251268238142 5.040213147231017 5.759064693979768 6.078455418339672 6.0197373464517785 5.946784590469852 5.826679443426434 5.922763561061167 6.0499860501516025
1.2093037904239323 1.2511181749501592 1.2626838557765625 1.1772757512123544 1.2066347871563008 1.2306558165649844 1.3116155823498066 1.4708661106518197 1.6487996618272533 2.3231678207821465 2.7617740244295903 3.556247330427901 4.290223229026564 4.848044911961549 5.422770282258199 5.717250309453542 6.279520331167912 6.889832411699649 7.5624212351427875 7.9512060444611095 8.138925940951193 8.27771411086803 8.178960989965665 8.066862852725142 7.763486147971028 6.972571512996225 6.441439862737557 5.429887624305216 4.393424688708317 3.3703067694495727 3.042909035286775 2.676365919865382 3.058033387136687 3.6211930766069345 4.231505157138671 4.936122019793388 5.630062869377579 5.981481632949061 6.113152460818881 6.117600799598268 6.2296989368387905 6.287527340970806 6.155856513100986
1.0607292751924453 1.033149574760253 1.0349289102720074 1.1203370148362155 1.1692687414094598 1.5269151792720814 1.6826070365505856 1.806270854617512 1.944169356778473 2.575833463451262 2.9121278751728314 2.9103485396610775 3.646993441527372 4.913880325896459 5.830238114449942 6.383611458605541 7.007268555475434 7.619359971518927 8.028607139222425 8.326645837441275 8.446750984484693 8.331094176220661 8.229672052050663 7.8569012623381305 7.155843070706922 6.241264617665194 4.723491426138745 3.62564141538632 2.516225723807492 2.123882243465661 1.84452656812023 2.4984323686899486 2.9841909633988823 3.6736834742036875 4.239512166941566 4.945908365108037 5.520633735404688 5.949453593737482 6.22347126254765 6.525958299545888 6.63805643678641 6.369376774511506 5.916535886770028
0.8792370529935032 0.8365330007113991 0.7991669549645579 0.8836853917728889 1.2831462141617374 1.8658785942612823 2.182600315353554 2.230642374170921 2.369430544087759 2.570495456915999 2.6888212684476622 2.5936268185688056 3.5598060014514097 4.83203089235576 6.078455418339672 6.807093310403072 7.421853729714195 7.7367961152947125 8.115794579298386 8.377356899526273 8.392481251376186 8.27771411086803 7.86312893662927 7.360466654558671 6.281299666679667 4.64964900240094 3.1283171398509833 1.9584040408725076 1.090088311136392 1.0669569494835855 1.8142778644204065 2.4699630005018793 3.269774313035453 4.001081208366485 4.551785549254452 4.977936404319616 5.5455444325692484 5.91564621901415 6.362259432464489 6.667415472730356 6.428984514155276 6.083793424874935 5.556220445639775
0.5180319441073729 0.5304872926896533 0.4904522436751808 0.528707957177899 0.9388447926372734 1.752890789264882 2.4993220364458257 2.5304604079015265 2.7208493076592406 2.817823093049852 2.7724500375001164 3.0393503642632664 4.036667918601571 5.1861186591948725 6.306210363844227 6.832004007567633 7.117587357204204 7.4325297427847214 7.812417874544272 8.074869862528036 8.07664919803979 7.775941496553308 7.356018315779284 6.3293417254970326 4.849824247473303 3.1496691659920355 2.0162324450045235 0.8774577174817488 0.7048621728415783 1.297380898255772 2.0918542042540826 3.0704887357189676 3.9601564915961354 4.593599933780679 4.915659661408213 5.333803506670483 5.47881935087846 5.691449944533105 6.119380135110022 6.006392330113622 5.762623365003277 5.243057395571011 4.927225342234617
0.07675673719229748 0.0989984310892269 -0.06292110048041755 -0.05135541965401469 0.3445467317113251 1.0811916335776202 1.996659754375226 2.3970102445199513 2.6736969165977507 3.1034064426864227 3.2306289317768577 3.801795631049999 4.64964900240094 5.753726687444505 5.887176850826081 5.995716317043096 6.283968669947297 6.878266730873246 7.363135657826302 7.6522776784863815 7.569538577189805 7.178084764603851 6.235926611129931 4.912100990384705 3.35874108862317 2.182600315353554 1.1728274124329685 0.884575059528766 1.144358044244899 1.9192586596139123 2.8382854514350266 3.8329340025057004 4.553564884766207 4.883631622196635 4.989502085146018 4.963701720225581 4.993060756169527 5.1718839751008385 5.162987297542067 4.871176273614355 4.419225053628754 3.9494804785256092 4.0482335994279754
0.05273570778361414 -0.13943252748585389 -0.41700886731953046 -0.292455381496727 0.1924135454563296 1.201296780621038 1.8810029461111941 2.3374025048761813 2.86853415513485 3.470839225863693 3.9886258597842046 4.749291791059183 5.1167245742364535 4.980605407587246 4.655876676692081 4.952136039399178 5.590027820363106 6.340017738567559 6.977019851775612 7.1932091164537635 6.921860450911227 6.123828473889407 5.012633446798825 3.8578446996702613 2.6817039264006453 1.7386561051708473 1.2368834908561246 1.1897310997946347 1.8507542424113703 2.7938020636411682 3.62564141538632 4.1932494436359535 4.574027243151381 4.491288141854804 4.268871202885513 4.223498147335777 4.3827486756377905 4.70925674204471 4.371182994811386 3.6638971288890385 3.19860089256528 3.322264710632206 3.990405195295959
