static/data/seaWind_vo/2023/7/25/0.asc
ncols 137
nrows 93
xllcorner 108.0
yllcorner 17.0
cellsize 0.25
NODATA_value -32767
[rows 0 to 18 of 93, columns 86 to 128 of 137]
1.6772690300153226 1.4681971073841882 1.308056911326298 1.2368834908561246 1.2422214973913877 1.2769185398705971 1.4023616934492777 1.557163882971905 2.013563441736892 2.792912395885291 3.51888128468106 4.163890407692007 4.639862657086292 4.930784013258125 5.140745603645136 5.332024171158729 5.552661774616266 5.687891273509596 5.788423729923715 5.873831834487923 5.867604160196783 5.81511376260003 5.757285358468014 5.606931507724773 5.530420080719336 5.522413070916442 5.5668964587103 5.751947351932751 5.972584955390289 6.1549668453451085 6.267064982585632 6.337348735299928 6.334679732032296 6.24571295644458 6.101586779992479 5.8604868181497665 5.665649579612666 5.567786126466178 5.5357580872545995 5.578462139536704 5.404976927140655 4.815127204994093 3.331161388190978
1.3409746182937532 1.0847503046011289 1.017135555154464 0.9094857566933268 0.7582422381942082 0.6336887523714048 0.5820880225305289 0.8454296782701707 1.367664650970068 2.4041275865669687 3.3952174666141337 4.2226084795799 4.734167439209271 5.065123844395577 5.34714852300864 5.605152172213019 5.786644394411961 5.907639209211256 5.981481632949061 6.048206714639848 5.948563925981606 5.800879078505996 5.664759911856789 5.5108473900900385 5.451239650446269 5.481488354146093 5.662090908589157 5.914756551258273 6.146070167786337 6.315107041402999 6.401404813723083 6.458343550099222 6.462791888878609 6.314217373647121 6.154077177589231 5.955681268028623 5.716360641697665 5.556220445639775 5.378286894464341 5.204801682068293 5.009964443531193 4.133641703992183 2.968176943793093
0.7368902120531562 0.5367149669807936 0.3756851031670261 0.19152387770045243 -0.06647977150392625 -0.4339125546811968 -0.43925056121645945 0.1070054408921215 1.186172428771126 2.532239743413281 3.603399721489391 4.415666382605245 4.867617602590847 5.237719389035748 5.5455444325692484 5.798210075238364 5.993047313775463 6.122049138377653 6.185215549044932 6.142511496762828 6.000164655822481 5.794651404214855 5.559779116663283 5.423659950014077 5.397859585093638 5.4708123410755665 5.676325592683192 5.93788791291108 6.190553555580195 6.410301491281855 6.477026572972644 6.502826937893081 6.468129895413872 6.326672722229402 6.052655053419234 5.773299378073803 5.598034830166002 5.382735233243727 5.12740058730698 4.8418172376704085 4.2831058869795475 3.183476540715368 1.955735037604876
-0.12252884012418797 -0.2524203324822545 -0.41700886731953046 -0.7764346406939064 -1.1385294173359135 -1.330697652605382 -0.6189634479036474 0.296504672893958 1.922817330637421 3.11675145902458 4.062468283522009 4.672780364053747 5.114055570968822 5.504619715798899 5.807996420553013 6.017958010940024 6.171870532706775 6.2599476405386145 6.301762025064841 6.170980864950897 5.924542896572921 5.670987586147929 5.3462588552527635 5.258181747420924 5.284871780097238 5.4708123410755665 5.722588315988805 5.976143626413798 6.212795249477124 6.412970494549487 6.4396605272258025 6.353362754905717 6.2296989368387905 6.130056148180548 5.799989410750118 5.494833370484249 5.373838555684955 5.207470685335925 4.94501869735216 4.52420584882226 3.61318606680404 2.5091083817604747 1.445955413487259
-0.7986763345908354 -0.961485533916357 -1.2435102125294195 -1.5406592429923935 -1.5210865523630956 -1.0682456646216174 0.024266339595544917 1.4913284690369946 2.921024552731603 3.816030315144034 4.46103943815498 5.043771818254526 5.462805331272672 5.7759683813414355 6.064220734245637 6.255499301759228 6.322224383450016 6.390728800652559 6.332900396520541 6.162084187392126 5.846252134055732 5.483267689657847 5.196794672265399 5.177221981636102 5.3062238062382905 5.5055093835547755 5.716360641697665 5.99126797826371 6.235036943374054 6.306210363844227 6.2145745849888785 6.114042128574759 5.908528876967132 5.742161006618103 5.405866594896533 5.110496899945313 5.033985472939877 4.845375908693917 4.518867842286997 4.060688948010255 3.161234846818439 2.009115102957506 0.953079476731308
-1.2702002452057344 -1.5762459532274802 -1.738165484797125 -1.2070338345384557 -1.0024102506867067 0.19864121974746984 1.4664177718724338 2.9379282400932696 3.687028490541845 4.363175985008493 5.001067765972422 5.483267689657847 5.872942166732046 6.161194519636249 6.31154837037949 6.450336540296329 6.483254247263783 6.391618468408435 6.3044310283324725 6.037530701569322 5.616717853039422 5.251954073129783 5.082917199513121 5.156759623250926 5.291989122144256 5.562448119930915 5.742161006618103 6.006392330113622 6.141621829006951 6.146959835542214 5.961019274563886 5.644297553471614 5.405866594896533 5.301775467458905 4.945908365108037 4.645200663621555 4.526874852089891 4.52420584882226 4.196808114659462 3.774215930617807 2.8231610995851146 1.656806671630148 0.587426029065792
-1.0851493519832833 -1.283545261543892 -0.9330161657282878 -0.3992155122019869 0.5883156968216692 1.7715738121383025 2.9361489045815152 3.5980617149541283 4.292002564538318 4.952136039399178 5.462805331272672 5.942336251690465 6.269733985853263 6.42453617537589 6.574890026119132 6.570441687339747 6.52506863179001 6.433432852934661 6.155856513100986 5.803548081773627 5.392521578558375 5.173663310612593 5.0562271668368055 5.160318294274434 5.372059220173201 5.639849214692228 5.814224094844153 5.977033294169675 6.113152460818881 5.984150636216692 5.54198576154574 5.224374372697591 4.847155244205672 4.915659661408213 4.5419992039398025 3.9130041005346454 3.686138822785968 3.792898953491228 3.6914768293212306 3.232408267288612 2.311602139955743 1.488659465769363 0.4157201521814986
0.11768145396264762 0.06874972738940333 0.6879584854799119 1.3649956477024368 2.1390065953155726 2.9850806311547595 3.561585336963164 4.202146121194725 4.827582553576374 5.471702008831444 5.95034326149336 6.356031758173348 6.614925075133604 6.725243876862374 6.751044241782811 6.679870821312637 6.598021387771938 6.324893386717648 5.965467613343272 5.557999781151529 5.192346333486013 5.025978463136982 5.07046185093084 5.283982112341361 5.477929683122584 5.734153996815208 5.936108577399326 6.082014089363181 6.017068343184148 5.800879078505996 5.247505734350398 4.5375508651604175 4.213711802021129 4.356948310717352 3.7973472922706133 2.9219142204874804 2.671027913330119 3.0215570091457233 3.000204983004671 2.320498817514515 1.4690867751400654 0.6408060944184222 0.2929460018704493
1.3765613285288398 1.854312913434879 2.5037703752252116 3.00376365402818 3.2991333489793995 3.7528639044767553 4.198587450171217 4.798223517632428 5.389852575290744 5.896073528384853 6.3773837843144 6.75727191607395 6.8640320467792115 6.936984802761138 6.918301779887718 6.7341405544211455 6.493930260334309 6.106924786527742 5.6852222702419635 5.26529908946794 5.044661486010403 4.928115009990494 5.0811378640013665 5.368500549149692 5.602483168945387 5.893404525117221 6.150518506565723 6.273292656876771 6.003723326845989 5.602483168945387 4.864058931567338 3.9032177552199965 3.608737728024654 3.4379215188962378 3.033122689972126 2.0117841062251376 1.8685475975289136 2.0740608491365395 2.134558256536187 1.4014720256934006 0.5545083220983369 0.05273570778361414 -0.08694212988910133
2.364092537552496 2.981521960131251 3.72617387180044 3.9245697813610487 4.174566420762533 4.510860832484102 4.930784013258125 5.504619715798899 5.9903783105078325 6.494819928090186 6.834673010835264 7.0134962297665755 7.091786992283765 6.9885855326020145 6.910294770084825 6.633608098007025 6.242154285421071 5.833796785473451 5.352486529543903 4.985053746366633 4.8124582017264625 4.9316736810140025 5.152311284471541 5.466364002296181 5.920984225549413 6.267954650341508 6.444998533761066 6.277740995656158 5.974364290902043 5.203912014312416 4.278657548200162 3.2083872378799283 2.818712760805729 2.570495456915999 2.272456758697148 1.6906140463534802 1.4904388012811174 1.4539624232901533 1.324070930932087 0.7440075541001736 0.29383566962632646 -0.11452183032129337 -0.25686867126164037
2.4272589482197753 3.7190565297534226 4.6718906962978695 4.958363713690318 5.241278060059257 5.584689813827843 5.980591965193184 6.411191159037733 6.786630952017898 7.05620028204868 7.260823865900427 7.281286224285603 7.186981442162622 7.017054900790084 6.671863811509743 6.234147275618176 5.793761736458978 5.357824536079166 4.892528299755407 4.606944950118836 4.574027243151381 4.768864481688481 5.2759751025384665 5.791092733191347 6.331121061008787 6.665636137218602 6.670084475997989 6.30532069608835 5.561558452175038 4.5615718945691 3.2341876028003664 2.8534098032849387 2.5171153915633693 2.0918542042540826 1.5544948797042735 1.1843930932593716 1.0562809364130594 1.005569874328061 0.8676713721670999 0.4166098199373758 0.09099142128633231 -0.08160412335383826 -0.12697717890357385
2.8089264154910802 4.686125380391904 5.941446583934589 6.240374949909317 6.378273452070278 6.516171954231238 6.729692215641759 7.136270380077624 7.3729220031409515 7.482351137113843 7.5624212351427875 7.384487683967354 7.090897324527889 6.706560853988952 6.152297842077477 5.66742891512442 5.20569134982417 4.808009862947076 4.520647177798751 4.421894056896385 4.515309171263488 4.864058931567338 5.61404884977179 6.2901963442384385 6.815989987961844 7.001930548940171 6.663856801706848 5.99126797826371 4.8418172376704085 3.586496034127725 2.5251224013662634 2.792912395885291 2.491315026642931 1.807160522373389 0.8721197109464858 0.528707957177899 0.40771314237860423 0.33653972190843073 0.13280580581255919 -0.5104239816866332 -0.9089951363196045 -1.0166449347807416 -0.7604206210881173
3.2146149121710685 5.274195767026712 6.622932084936499 6.752823577294565 6.902287760281929 7.022392907325347 7.153174067439291 7.4974754889637545 7.5926699388426115 7.612242629471909 7.501034159987263 7.066876295119206 6.6540704563921995 6.0748967473161635 5.438784301863988 4.971708730028475 4.644310995865677 4.353389639693844 4.21015313099762 4.11584834887464 4.345382629890949 4.987722749634264 5.905859873699502 6.616704410645358 7.029510249372365 7.083779982480872 6.401404813723083 5.214588027382942 3.8480583543556124 2.543805424239684 1.93883135024321 2.044701813192593 1.2786978753823515 0.36145041907299147 -0.1367635242182228 -0.34405611133760283 -0.5451210241658426 -0.6536604903828569 -0.6038390960537359 -0.8235870317553964 -0.7666482953792575 -0.6830195263268037 -0.4828442812544407
3.235966938312121 5.320458490332324 6.663856801706848 6.737699225444654 6.969902509728595 7.151394731927537 7.271499878970953 7.4280814040053365 7.482351137113843 7.2884035663326205 7.076662640433854 6.538413648128168 5.932549906375817 5.330244835646974 4.765305810664972 4.484170799807787 4.203925456706479 4.096275658245342 3.975280843446047 3.9343561266756977 4.376521001346649 5.078468860733736 5.9547916002727455 6.557096671001588 6.90851543457307 6.703002182965443 5.988598974996078 4.6576560122038355 2.9557215952108127 1.6069852773010265 0.9077064211815724 0.5233699506426359 -0.0727074457950665 -0.3716358117697949 -0.32092474968479623 -0.4926306265690896 -0.6065080993213674 -0.6759021842797863 -0.21327495122365914 0.06341172085414026 0.10166743435685843 0.09277075679808666 0.04828736900422825
3.0687094002072133 5.10515889341005 6.406742820258346 6.603359394307201 6.8337833430793875 7.049972607757539 7.117587357204204 7.212781807083061 7.004599552207804 6.782182613238511 6.390728800652559 5.778637384609066 5.188787662462504 4.7475124555474295 4.305347580876477 4.168338746471393 4.08115130639543 3.9681635013990295 3.651441780306758 3.6069583925128996 4.051792270451484 4.725270761650499 5.5055093835547755 6.0499860501516025 6.450336540296329 6.292865347506069 5.580241475048458 3.761760582035527 2.156799950433116 1.1692687414094598 0.5562876576100912 0.07764640494817465 -0.2034886059090102 -0.4241262093665479 -0.22661996756181635 -0.31202807212602446 -0.3751944827933036 -0.23106830634120223 0.0046936489662470215 0.13369547356843636 0.27248364348527465 0.28760799533518666 0.3071806859644841
3.461942548304921 5.155869955495049 6.357811093685102 6.538413648128168 6.610476736354219 6.823107330008861 6.691436502139041 6.633608098007025 6.422756839864135 6.003723326845989 5.593586491386615 5.037544143963386 4.7421744490121664 4.3026785776088445 4.105172335804114 4.135421039503937 4.047343931672097 3.846279018843858 3.4752875646430788 3.3507340788202753 3.566923343498427 4.240401834697443 4.827582553576374 5.16832530407733 5.574903468513195 5.813334427088276 5.114945238724699 3.1354344818980007 2.0776195201600482 1.0980953209392863 0.8027256259880666 0.14704048990659402 -0.13409452095059127 -0.3227040851965506 -0.30669006559076184 -0.32804209173181365 -0.25331000023813166 -0.11096315929778466 -0.26220667779690343 -0.31647641090541034 -0.17590890547681814 0.08921208577457795 0.21109656832974988
3.8427203478203493 5.54198576154574 6.451226208052205 6.341797074079313 6.4138601623053635 6.207457242941861 5.9903783105078325 5.883618179802572 5.568675794222054 5.147862945692154 4.810678866214708 4.528654187601646 4.232394824894548 4.167449078715515 4.046454263916221 4.070475293324904 3.8338236702615776 3.6327587574333373 3.212835576659314 2.845402793482044 3.062481725916073 3.3783137792524673 3.9423631364785923 4.268871202885513 4.821354879285234 5.060675505616192 4.316023593947002 2.5206740625868775 1.4584107620695392 1.026921900469113 0.7973876194528036 0.15237849644185708 -0.022886051465945023 -0.21238528346778196 -0.3938775056667243 -0.2969037202761129 -0.2221716287824309 -0.3004623912996216 -0.5175413237336506 -0.642094809556454 -0.8271457027789046 -0.5611350437716318 -0.20615760917664172
4.12830369745692 5.345369187496885 6.1149317963306355 5.826679443426434 5.532199416231091 5.288430451120747 5.065123844395577 4.9921710884136505 4.680787373856641 4.426342395675771 4.146097052574463 4.037557586357449 4.0277712410428 3.9877361920283274 3.7430775591621064 3.63186908967746 3.3569617531114155 2.8907758490317796 2.4459419710931956 1.9993287576428573 2.0527088229954873 2.3187194820027606 2.961949269501953 3.4548252062579037 3.985956856516573 3.985956856516573 3.201269895832911 1.7244214210768125 1.1416890409772675 0.7190968569356129 0.2778216500205377 0.0011349779427383133 -0.1581155503592746 -0.30313139456725313 -0.4223468738547935 -0.29868305578786725 -0.1332048531947141 -0.22661996756181635 -0.36540813747865464 -0.6278601254624192 -0.8787464326197805 -1.1073910458802128 -0.6812401908150494
3.901438419708242 4.985943414122509 4.964591387981457 4.632745315039275 4.32314093599402 4.260864193082618 4.134531371748061 4.145207384818586 4.0135365569487655 3.7848919436883333 3.7279532073121944 4.037557586357449 3.948590810769732 3.550909323892638 2.983301295643005 2.7635533599413447 2.421920941684512 1.9059136432757549 1.5491568731690104 1.3222915954203327 1.4290517261255928 1.796484509302863 2.444162635581441 2.8649754841113415 2.9041208653699373 2.7582153534060816 2.268898087673639 1.542039531121993 0.9308377828343788 0.4984592534780752 -0.040679406583488564 -0.07715578457445238 -0.22128196102655373 -0.40455351873725 -0.5949424184949641 -0.32715242397593647 -0.07092811028331214 0.08298441148343771 0.05451504329536849 -0.06736943925980343 -0.1581155503592746 -0.4125605285401446 -0.6287497932182964
