static/data/seaWind_vo/2023/7/25/12.asc
ncols 137
nrows 93
xllcorner 108.0
yllcorner 17.0
cellsize 0.25
NODATA_value -32767
[rows 0 to 18 of 93, columns 0 to 42 of 137]
-3.2523800053000644 -1.1180670589507389 0.9041477501580637 2.6817039264006453 3.6905871615653534 3.560695669207287 3.1389931529215094 2.523343065854509 2.628323861048015 2.7190699721474862 3.2724433163030846 3.386320789055362 3.387210456811239 3.036681360995635 2.098081878545223 1.8302918840261955 2.109647559371626 2.230642374170921 2.3080434689322344 2.3276161595615323 2.0358051356338214 1.5562742152160278 1.1345716989302503 1.3365262795143673 1.7893671672558458 2.3089331366881116 2.5082187140045975 2.155910282677239 1.5936402609628688 1.058949939680691 1.0571706041689366 1.1781654189682316 1.218200467982704 1.2956015627440176 0.9788798416517459 1.085639972357006 1.4441760779755046 1.4379484036843646 1.557163882971905 1.732428430879707 1.7769118186735655 1.8365195583173357 1.8294022162703183
0.7128691826444726 2.1007508818128544 3.556247330427901 4.363175985008493 4.672780364053747 3.8889830711259616 3.4361421833844834 3.3516237465761525 4.0980549937570965 4.096275658245342 3.8071336375852622 3.3080300265381712 3.243084280359138 2.8809895037171307 2.373878882867145 1.9326036759520697 2.1203235724421523 2.364092537552496 2.311602139955743 2.3080434689322344 2.277794765232411 2.093633539765837 1.307167243570421 1.287594552941123 1.7021797271798833 2.4183622706610035 1.9085826465433864 1.5384808600984845 1.3222915954203327 1.1746067479447229 1.5126804951780466 1.8391885615849672 1.8836719493788256 1.5820745801364655 1.6674826847006738 1.9984390898869802 2.2813534362559196 2.354306192237847 2.3560855277496016 2.383665228181794 2.2769050974765337 2.1674759635036422 2.048260484216102
2.140785930827327 3.0695990679630905 3.9076660939993824 3.9432528042344694 3.2857883326412423 2.8836585069847622 2.6906006039594166 2.8267197706086233 3.771546927350176 3.5304469655074633 2.9797426246194965 2.2386493839738155 2.331174830585041 1.9984390898869802 1.4815421237223458 1.1665997381418283 1.5429291988778702 2.114095898151012 2.638110206362664 2.5731644601836305 2.5402467532161754 2.348078517946707 1.2564561814854223 1.2155314647150726 1.53047385029559 1.8765546073318082 1.6879450430858487 1.6060956095451493 1.6034266062775178 1.02158389393385 0.752014563903068 0.7778149288235059 1.3916856803787518 1.4859904625017315 1.8738856040641767 2.421920941684512 2.632772199827401 2.751098011359064 2.7635533599413447 2.599854492859946 2.489535691131177 2.3285058273174095 2.113206230395135
3.12297913331572 3.7911196179794735 4.5419992039398025 4.660325015471466 4.2279464861151625 4.032219579822186 3.9183421070699085 3.910335097267014 3.8240373249469286 3.3569617531114155 2.472632003769511 1.594529928718746 1.658586007141902 1.4157067097874352 0.9815488449193774 0.6310197491037732 0.8863543950405204 1.439727739196119 2.268898087673639 2.6407792096302956 2.472632003769511 1.886340952646457 1.3196225921527012 1.238662826367879 1.3569886378995422 1.4388380714402418 1.4174860452991895 1.2315454843208615 0.9513001412195536 0.4904522436751808 0.3934784582845694 0.5269286216661446 0.9343964538578875 1.6025369385216406 2.0171221127604007 2.255553071335482 2.35341652448197 2.4557283164078445 2.566047118136613 2.7306356529738895 2.9761839535959878 3.042019367530898 2.7893537248617823
3.981508517737187 4.608724285630591 4.937011687549266 4.640752324842168 4.171897417494901 4.095385990489465 4.161221404424375 4.177235424030164 4.074033964348413 3.367637766181941 2.468183664990125 1.27602887211472 1.058949939680691 0.8916924015757834 0.8018359582321894 0.7093105116209639 0.931727450590256 1.3427539538055075 2.0002184253987347 2.3285058273174095 2.0002184253987347 1.3409746182937532 0.9281687795667473 1.053611933145428 1.1932897708181434 0.7635802447294713 0.5233699506426359 0.3943681260404466 0.4833349016281634 0.661268452803597 0.5634049996571084 0.730662537762016 1.1674894058977054 1.627447635686201 1.7564494602883904 1.8534232456790019 1.8285125485144411 1.9886527445723314 2.155910282677239 3.0500263773337926 3.5491299883808836 3.646993441527372 3.6389864317244776
4.698580728974185 5.110496899945313 4.601606943583573 4.305347580876477 3.730622210579826 3.7920092857353507 3.85517569640263 3.9041074229758737 3.8338236702615776 3.156786508039053 2.3667615408201277 1.3205122599085783 0.8400916717349076 0.7867116063822777 0.809842968035084 1.196848441841652 0.9877765192105175 1.361436976678928 1.3463126248290163 1.6434616552919903 1.3365262795143673 1.0313702392484987 0.8525470203171881 0.8036152937439438 0.47265888855763727 0.19152387770045243 0.36145041907299147 0.8427606750025392 1.0037905388163066 1.0278115682249902 0.9637554898018341 1.1256750213714786 1.3214019276644555 1.4406174069519961 1.5696192315541855 1.4005823579375234 1.2110831259356867 1.365885315458314 1.8187262031997924 2.777788044035379 3.2955746779558908 3.7074908489270197 3.8373823412850863
4.292002564538318 4.614062292165854 4.1630007399361295 3.9503701462814864 3.4841842422018505 3.667455799912547 3.8284856637263145 3.8765277225436816 3.542012646333866 2.8115954187587118 2.019791116028032 1.0936469821599006 0.48867290816342646 0.4344031750549191 0.9388447926372734 1.4797627882105915 1.2840358819176145 0.9441827991725362 0.7386695475649105 0.931727450590256 0.9183824342520985 0.655930446268334 0.4797762306046547 0.25291095285597676 -0.07982478784208391 -0.03978973882761139 0.6897378209916663 1.1728274124329685 1.3943546836463834 1.4059203644727865 1.3374159472702445 1.344533289317262 1.5224668404926955 1.604316274033395 1.4984458110840118 1.3196225921527012 1.005569874328061 0.5856466935540376 1.0393772490513933 1.7813601574529514 2.5402467532161754 2.9539422596990583 3.4254661703139577
3.975280843446047 3.7902299502235963 3.3187060396086974 3.433473180116852 3.4628322160607983 3.806243969829385 3.8872037356142073 3.6380967639686004 2.9637286050137073 2.66124156801547 2.4459419710931956 1.4566314265577849 0.6959654952828065 0.43618251056667345 0.7591319059500854 1.1897310997946347 1.1585927283389337 0.9557484799989395 0.646144100953685 0.6274610780802645 0.4940109146986893 0.28849766309106384 0.026935342863176448 -0.1581155503592746 -0.1839159152797123 -0.09316980418024157 0.5589566608777226 0.9726521673606057 1.2617941880206853 1.4174860452991895 1.397023686914015 1.6541376683625164 1.9432796890225958 1.9859837413047 1.8089398578851434 1.5722882348218168 1.1719377446770913 1.0242528972014815 0.43618251056667345 0.9397344603931506 1.7030693949357605 2.377437553890654 2.807147079979326
4.189690772612445 2.9761839535959878 2.8792101682053763 3.17013152437721 3.5090949393664115 3.9325767911639433 4.000191540610608 3.62564141538632 2.5989648251040687 2.6523448904566984 2.490425358887054 2.3009261268852175 1.6390133165126044 1.1399097054655132 0.9859971836987633 0.8970304081110465 1.0874193078687604 0.9637554898018341 0.8169603100821012 0.7760355933117515 0.544721976783688 0.11946078947440153 -0.13765319197409998 -0.24975132921462295 -0.2595376745292719 -0.17057089894155508 0.4157201521814986 0.9219411052756072 1.2333248198326159 1.4521830877783992 1.6906140463534802 2.0126737739810148 2.453059313140213 2.4993220364458257 2.231532041926798 1.901465304496369 1.63723398100085 1.6078749450569036 1.1185576793244612 0.878347385237626 1.4877697980134859 2.0900748687423283 2.2279733709032894
3.5055362683429028 2.5304604079015265 2.485977020107668 3.0607023904043187 3.7199461975093 4.39876269524358 4.609613953386468 4.213711802021129 3.3356097269703637 2.760884356673713 2.468183664990125 2.3018157946410946 2.421031273928635 1.9317140081961925 1.5811849123805886 1.4263827228579613 1.3569886378995422 0.9335067861020103 0.7609112414618397 0.9201617697638529 0.7208761924473672 0.27693198226466054 0.09188108904220949 -0.0237757192218222 -0.08338345886559262 0.745786889611928 1.250228507194282 1.5331428535632214 1.7626771345795307 1.9503970310696133 2.09274387200996 2.4414936323138097 2.7635533599413447 2.580281802230648 2.310712472199866 2.0963025430334685 1.976197395990051 1.727090424344444 1.769794476626548 1.8320712195379498 1.5909712576952373 1.8240642097350555 1.8898996236699657
2.505549710736966 2.346299182434953 2.369430544087759 2.770670701988362 3.851617025379121 4.823134214796989 5.028647466404614 4.739505445744534 4.202146121194725 3.5277779622398318 2.95661126296669 2.638999874118541 2.675476252109505 2.3089331366881116 1.8044915191057576 1.1995174451092836 1.0580602719248138 0.7964979516969264 1.234214487588493 1.6301166389538326 2.072281513624785 1.9842044057929455 1.84452656812023 1.5580535507277822 1.2084141226680551 1.6959520528887433 2.182600315353554 2.532239743413281 2.613199509198103 2.4922046943988083 2.479749345816528 2.491315026642931 2.571385124671876 2.320498817514515 2.1381169275596954 1.9993287576428573 1.8890099559140885 1.73153876312383 1.6479099940713762 1.657696339386025 1.7680151411147937 1.8881202881582113 2.085626529962943
3.6914768293212306 4.160331736668498 4.359617313984984 4.550006213742698 4.882741954440759 5.527751077451705 5.809775756064767 5.669208250636174 5.066013512151455 4.108731006827623 3.5375643075544807 3.278670990594225 3.25198095791791 2.273346426453025 0.8561056913406968 -0.6287497932182964 -1.4098780828784498 0.6167850650097386 2.2110696835416235 3.1300964753627376 3.433473180116852 3.2092769056358055 2.857858142064324 2.309822804443989 1.6069852773010265 1.9637420474077707 2.563378114868982 2.999315315248794 2.854299471040816 2.6888212684476622 2.433486622510915 2.19327632842408 2.1576896181889933 1.933493343707947 1.7359871019032158 1.6069852773010265 1.6114336160804124 1.420155048566821 1.377450996284717 1.42994139388147 1.5162391662015553 1.5794055768688342 1.8463059036319844
4.223498147335777 4.999288430460668 5.448570647178637 5.811555091576522 5.927211899840554 6.166532526171512 5.822231104647047 5.379176562220218 4.8115685339705845 4.2279464861151625 3.9334664589198205 3.931687123408066 3.711939187706405 2.628323861048015 1.9922114155958401 1.191510435306389 0.6781721401652632 1.7012900594240061 2.840954454702658 3.0642610614278274 2.693269607227048 2.30626413342048 1.7502217859972504 1.3178432566409468 2.118544236930398 2.179041644330045 2.6781452553771365 3.0028739862723026 2.825830102852746 2.481528681328282 2.235980380706184 2.0473708164602247 1.822284874223301 1.5331428535632214 1.2573458492412994 1.042935920074902 1.0714052882629714 1.4014720256934006 1.5028941498633976 1.4833214592341002 1.420155048566821 1.4210447163226982 1.615881954859798
4.139869378283323 4.518867842286997 4.349830968670335 4.451253092840332 4.711925745312342 4.671001028541992 4.364065652764369 4.141648713795077 4.097165326001219 4.30089924209709 4.0233229022634145 3.751974236720878 3.401445140905274 3.2252909252415947 2.8756514971818676 3.042019367530898 2.4993220364458257 2.7092836268328373 2.452169645384336 2.4041275865669687 1.997549422131103 1.0989849886951635 0.757352570438331 1.0874193078687604 1.911251649811018 2.325836824049778 2.665689906794856 2.8738721616701133 2.462845658454862 2.236870048462061 1.9681903861871566 1.717304079029795 1.461969433093048 1.085639972357006 0.6959654952828065 0.47087955304588314 0.47087955304588314 0.8000566227204351 1.1034333274745494 1.5037838176192748 1.5224668404926955 1.308946579082175 1.4868801302576087
3.5322263010192176 3.062481725916073 2.829388773876255 2.3809962249141625 2.562488447113105 2.9325902335580065 3.0962891006394053 2.9228038882433576 3.6283104186539514 3.661228125621407 3.406783147440537 3.06337139367195 2.96283893725783 2.86230648084371 2.96283893725783 3.072268071230722 3.0215570091457233 3.0082119928075657 2.765332695453099 2.4067965898346 1.8418575648525985 0.7626905769735941 0.3516640737583425 0.6719444658741229 1.6016472707657634 2.4824183490841594 2.7902433926176595 2.6879316006917855 2.321388485270392 2.0420328099249616 1.7520011215090048 1.4966664755722574 1.292042891720509 0.8899130660640291 0.5180319441073729 0.30629101820860694 0.24668327856483696 0.48956257591930363 0.661268452803597 0.9993422000369208 1.3160639211291925 1.218200467982704 1.3560989701436652
2.750208343603187 2.0785091879159254 1.510011491910415 1.0633982784600768 1.3738923252612083 1.843636900364353 2.0206807837839094 2.6692485778183648 3.422797167046326 3.316926704096943 3.2555396289414182 2.919245217219849 2.6114201736863487 2.2706774231853935 2.3712098795995136 2.8373957836791495 3.2404152770915067 3.550909323892638 3.523329623460446 3.1594555113066844 2.197724667203466 1.1461373797566534 0.7324418732737703 0.7795942643352602 1.4833214592341002 2.3898929024729343 2.5037703752252116 2.3970102445199513 2.1772623088182907 2.0900748687423283 1.801822515838126 1.7084074014710235 1.5616122217512909 1.1470270475125306 0.9174927664962214 0.7075311761092098 0.07230839841291203 -0.13587385646234562 0.03672168817782495 0.32764304434965896 0.7564629026824539 0.8365330007113991 0.9388447926372734
2.352526856726093 1.721752417809181 1.1514753862919165 1.1372407021978816 1.547377537657256 1.8507542424113703 2.2866914427911826 2.9379282400932696 3.511763942634043 3.387210456811239 3.325823381655715 3.0704887357189676 2.4699630005018793 2.1060888883481175 1.796484509302863 2.263560081138376 3.284008997129488 4.085599645174816 4.0580199447426235 3.6176344055834257 2.7066146235652058 1.727090424344444 1.3685543187259452 1.4157067097874352 1.4059203644727865 2.081178191183557 2.1959453316917115 2.0838471944511885 1.9023549722522461 1.9664110506754022 2.1799313120859223 2.08651619771882 2.1114268948833805 1.7822498252088286 1.5527155441925191 1.2101934581798095 0.47710722733702315 0.07675673719229748 -0.011320370639541721 0.27960098553229207 0.6719444658741229 0.8712300431906086 0.9735418351164828
2.5509227662867016 2.076729852404171 1.8240642097350555 1.8480852391437388 2.1176545691745208 2.420141606172758 2.8382854514350266 3.1025167749305456 3.5589163336955325 3.402334808661151 3.456604541769658 3.216394247682823 2.655903561480207 2.7564360178943272 2.3329541660967954 1.9059136432757549 2.8000297379323085 3.547350652869129 3.5357849720427263 3.0802750810336166 2.817823093049852 1.8302918840261955 1.47709378494296 1.5838539156482199 1.3890166771111203 1.8827822816229485 1.7804704896970742 1.700400391668129 1.5562742152160278 1.7715738121383025 2.0420328099249616 2.3053744656646034 2.4121345963698633 2.208400680273992 2.081178191183557 1.6861657075740943 1.5117908274221694 1.1096610017656896 1.011797548619201 0.9931145257457805 1.2413318296355105 1.3231812631762099 1.2475595039266505
2.8089264154910802 2.5642677826248588 2.3018157946410946 2.1114268948833805 2.1737036377947825 2.569605789160122 2.9272522270227435 3.2172839154387 2.8605271453319556 2.1897176574005712 2.4192519384168807 3.0340123577280034 2.9984256474929167 3.108744449221686 3.090061426348265 2.8712031584024817 2.1167649014186436 2.2484357292884645 2.44772130660495 2.3276161595615323 2.0633848360660134 1.1763860834564772 0.9219411052756072 1.0064595420839382 1.5820745801364655 1.4441760779755046 1.3018292370351578 1.2395524941237561 1.1995174451092836 1.4441760779755046 1.6621446781654108 1.9210379951256666 2.1007508818128544 2.241318387241447 2.231532041926798 2.2155180223210094 2.018901448272155 1.748442450485496 1.6888347108417259 1.6292269711979555 1.451293420022522 1.3961340191581377 1.3996926901816462
