static/data/seaWind_vo/2023/7/25/18.asc
ncols 137
nrows 93
xllcorner 108.0
yllcorner 17.0
cellsize 0.25
NODATA_value -32767
[rows 38 to 56 of 93, columns 43 to 85 of 137]
0.7982772872086807 0.9486311379519221 0.9628658220459569 1.0242528972014815 1.2146417969591954 1.5393705278543615 1.6283373034420783 1.922817330637421 2.7190699721474862 4.024212570019292 5.549992771348634 7.114028686180696 7.276837885506216 6.636277101274656 6.468129895413872 6.0793450860955485 5.764402700515031 5.674546257171437 5.778637384609066 5.699456954335998 6.026854688498796 6.06333106648976 5.799989410750118 5.362272874858552 5.212808691871188 5.305334138482413 5.294658125411887 5.190566997974258 5.24038839230338 5.069572183174964 5.034875140695754 4.993950423925405 4.85071391522918 4.653207673424449 4.608724285630591 4.729719100429886 4.982384743099001 5.276864770294344 5.161207962030312 4.961032716957949 4.84448624093804 4.884521289952513 5.1016002223865415
0.7226555279591216 0.841871007246662 0.8703403754347314 0.7440075541001736 0.5029075922574611 0.9637554898018341 1.2680218623118253 1.4192653808109439 1.8124985289086522 2.5936268185688056 3.614965402315794 5.305334138482413 5.833796785473451 6.026854688498796 6.332010728764665 6.077565750583795 5.684332602486087 5.737712667838716 5.772409710317927 5.764402700515031 6.22347126254765 6.183436213533177 6.068669073025023 5.854259143858625 5.717250309453542 5.798210075238364 5.762623365003277 5.713691638430033 5.601593501189511 5.360493539346797 5.185228991438995 5.1113865677011905 4.93879102306102 4.80978919845883 4.794664846608919 4.8382585666469 5.0366544762075085 5.128290255062857 5.027757798648737 4.8071201951911995 4.539330200672172 4.400542030755334 4.410328376069982
0.48867290816342646 0.5162526085956185 0.7804839320911374 0.7110898471327183 0.8160706423262241 1.218200467982704 1.3854580060876116 1.4388380714402418 1.7359871019032158 2.0740608491365395 2.534019078925035 3.7546432399885097 4.619400298701117 5.196794672265399 5.945005254958097 5.914756551258273 5.786644394411961 5.799099742994241 5.798210075238364 5.800879078505996 6.212795249477124 6.103366115504233 6.089131431410198 5.953901932516868 5.7804167201208205 5.782196055632575 5.80265841401775 5.876500837755555 5.768851039294418 5.6007038334336325 5.44145330513162 5.329355167891096 5.172773642856715 5.0517788280574205 4.969039726760844 4.965481055737335 4.923666671211108 4.8516035829850575 4.8071201951911995 4.832920560111637 4.5304335231134 4.32314093599402 4.089158316198325
0.37212643214351737 0.8934717370875378 1.1924001030622662 1.4833214592341002 1.615881954859798 1.875664939575931 1.392575348134629 1.488659465769363 1.827622880758564 2.2057316770063604 2.042922477680839 3.114082455756949 4.0678062900572725 5.109607232189436 5.858707482638012 5.6905602767772265 5.866714492440906 5.934329241887571 5.96902628436678 5.967246948855026 6.090910766921953 5.945005254958097 5.888956186337835 5.765292368270909 5.618497188551176 5.661201240833281 5.662090908589157 5.696787951068367 5.61404884977179 5.464584666784426 5.442342972887497 5.356934868323289 5.220815701674082 5.087365538292508 4.985053746366633 4.954805042666809 4.883631622196635 4.855162254008566 4.9414600263286514 4.947687700619792 4.4975158161459445 4.202146121194725 3.975280843446047
0.21554490710913576 0.7110898471327183 1.154144389559548 1.4450657457313818 1.3632163121906824 1.599867935254009 1.2698011978235797 1.4014720256934006 1.7413251084384789 2.1923866606682028 2.114095898151012 2.961949269501953 3.864072373961401 4.908542319361196 5.491274699460741 5.408535598164164 5.659421905321526 5.871162831220292 5.904970205943624 5.858707482638012 5.86849382795266 5.779527052364943 5.66742891512442 5.542875429301617 5.430777292061094 5.433446295328725 5.422770282258199 5.40675626265241 5.324017161355833 5.262630086200309 5.290209786632501 5.213698359627065 5.135407597109873 5.001957433728299 4.953025707155055 4.949467036131546 4.90765265160532 4.8516035829850575 4.937011687549266 4.729719100429886 4.300009574341214 4.06869595781315 4.078482303127799
-0.2283993030735707 0.06519105636589462 0.5278182894220218 1.164820402630074 1.0616189429483225 1.0447152555866563 1.1105506695215668 1.2270971455414756 1.1710480769212142 1.620330293639184 2.2226353643680263 2.8534098032849387 3.761760582035527 4.630076311771642 5.179001317147855 5.074910189710227 5.454798321469777 5.662980576345035 5.743940342129857 5.709243299650647 5.62027652406293 5.594476159142493 5.477929683122584 5.355155532811534 5.244836731082765 5.16832530407733 5.132738593842243 5.118503909748208 5.0517788280574205 4.9921710884136505 5.064234176639701 5.029537134160491 4.954805042666809 4.937011687549266 4.898755974046548 4.974377733296107 4.889859296487776 4.810678866214708 4.459260102643226 4.225277482847531 3.948590810769732 3.9512598140373636 3.991294863051836
-0.5397830176305796 -0.1581155503592746 1.017135555154464 1.6550273361183936 1.4548520910460305 1.127454356883233 1.1479167152684078 0.7609112414618397 0.7048621728415783 0.990445522478149 1.9201483273697895 2.679924590888891 4.180794095053673 5.0508891603015424 4.969039726760844 4.635414318306905 5.1416352714010145 5.420101278990568 5.500171377019512 5.503730048043021 5.393411246314253 5.34714852300864 5.204801682068293 5.0820275317572445 5.01085411128707 4.93879102306102 4.877403947905496 4.768864481688481 4.7021393999976935 4.700360064485939 4.777761159247253 4.773312820467867 4.790216507829533 4.770643817200235 4.853382918496812 4.971708730028475 4.842706905426286 4.518867842286997 4.167449078715515 3.8026852988058764 3.5838270308600935 3.6781318129830733 3.856955031914384
-0.03000339351296244 0.608778055206844 1.9085826465433864 2.292919117082323 1.9939907511075945 1.4486244167548905 1.4014720256934006 0.9335067861020103 0.6781721401652632 0.9005890791345552 1.4842111269899774 2.231532041926798 3.878307058055436 4.7768714914913755 4.574916910907259 4.290223229026564 4.975267401051983 5.247505734350398 5.263519753956186 5.258181747420924 5.167435636321452 5.099820886874787 4.962812052469704 4.8667279348349695 4.789326840073656 4.719932755115236 4.6371936538186596 4.511750500239979 4.435239073234543 4.453032428352087 4.488619138587174 4.444135750793315 4.4921778096106815 4.589151595001293 4.734167439209271 4.894307635267161 4.824023882552865 4.493957145122436 4.127414029701043 3.7057115134152654 3.4156798249993088 3.263546638744313 3.4121211539758
0.7502352283913138 0.9673141608253426 1.0029008710604295 1.0980953209392863 1.2582355169971766 1.4922181367928717 1.5189081694691868 1.2119727936915639 0.9557484799989395 1.0340392425161302 1.5135701629339238 1.9575143731166305 3.0873924230806336 3.98061884998131 4.400542030755334 4.743953784523921 5.089144873804262 5.09893121911891 5.072241186442595 5.064234176639701 4.950356703887423 4.864058931567338 4.781319830270761 4.708367074288834 4.639862657086292 4.533992194136909 4.455701431619717 4.3578379784732295 4.265312531862004 4.229725821626917 4.2982302388294595 4.281326551467793 4.281326551467793 4.364065652764369 4.509971164728225 4.651428337912694 4.662994018739099 4.55890289130147 4.2626435285943725 3.891652074393593 3.57226135003369 2.972625282572479 2.685262597424154
0.7956082839410492 0.03227334939843951 0.06341172085414026 0.3739057676552717 0.6915171565034206 0.9486311379519221 0.4788865628487775 0.289387330846941 0.22088291364439883 0.42194782647263884 1.2804772108941058 2.6523448904566984 3.5793786920807076 4.072254628836658 4.289333561270688 4.647869666889186 4.70925674204471 4.817796208261726 4.853382918496812 4.791995843341287 4.682566709368396 4.6772287028331325 4.599827608071819 4.502853822681208 4.409438708314105 4.3178029294587565 4.236843163673934 4.187021769344813 4.141648713795077 4.114069013362886 4.1407590460392 4.159442068912621 4.185242433833059 4.251967515523846 4.339154955599809 4.3827486756377905 4.271540206153144 4.234174160406303 4.137200375015691 3.963715162619644 3.750194901209124 2.8382854514350266 2.372989215111268
-0.224840632050062 -0.292455381496727 0.2146552393532586 0.7475662251236823 0.841871007246662 0.4637622109988657 -0.6038390960537359 -0.23818564838821965 0.8516573525613109 1.7244214210768125 1.8471955713878616 2.5082187140045975 3.2582086322090498 3.6968148358564936 3.9921845308077133 4.364955320520247 4.474384454493139 4.539330200672172 4.4779431255166475 4.3524999719379664 4.344492962135072 4.364955320520247 4.364065652764369 4.321361600482265 4.217270473044637 4.120296687654026 4.0233229022634145 3.985067188760696 3.990405195295959 4.0081985504135025 4.0731442965925355 4.1185173521422715 4.142538381550954 4.099834329268851 4.058909612498501 4.029550576554555 3.995743201831222 4.011757221437011 4.0526819382073604 4.005529547145871 4.099834329268851 4.154104062377358 3.777774601641316
-0.46594059389277476 -0.22128196102655373 0.26803530470588877 0.23422792998255648 -0.20615760917664172 -0.2737723586233063 -0.8200283607318877 -0.2319579740970794 0.9379551248813962 1.7653461378471622 1.8552025811907562 2.178151976574168 2.9281418947786206 3.452156202990272 3.7724365951060532 3.990405195295959 4.031329912066308 4.085599645174816 4.045564596160343 4.000191540610608 3.985067188760696 3.9895155275400818 4.032219579822186 4.033998915333941 3.963715162619644 3.9094454295111367 3.8444996833321037 3.815140647388157 3.8605137029378924 3.8711897160084185 3.9823981854930643 4.0526819382073604 4.112289677851131 4.112289677851131 4.010867553681134 3.8275959959704373 3.7599812465237727 3.7857816114442104 3.891652074393593 3.9423631364785923 4.003750211634117 4.1727870852507785 4.2377328314298115
-0.40900185751663587 0.030494013886685156 0.11412278293913891 -0.49618929759259833 -0.906326133051973 -0.7942279958114495 -0.48462361676619503 0.07052906290115768 0.7333315410296475 1.435279400416733 2.0073357674457517 2.552702101798456 3.1541175047714214 3.3053610232705397 3.6283104186539514 3.637207096212723 3.6345380929450917 3.661228125621407 3.5784890243248304 3.5393436430662346 3.523329623460446 3.5375643075544807 3.645214106015618 3.6727938064478103 3.7324015460915803 3.8240373249469286 3.7724365951060532 3.7733262628619304 3.8329340025057004 3.8596240351820152 3.979729182225433 4.051792270451484 4.079371970883676 4.069585625569027 4.001081208366485 3.8347133380174547 3.750194901209124 3.618524073339303 3.7021528423917567 3.77955393715307 3.868520712740787 3.8373823412850863 3.8382720090409634
-0.13943252748585389 0.31340836025562435 -0.2969037202761129 -0.9392438400194281 -1.1972474892238067 -1.0922666940303007 -0.6910265361296983 0.03227334939843951 0.7155381859121042 1.7457734472178645 2.405906922078723 3.0340123577280034 3.341837401261504 3.4788462356665875 3.4841842422018505 3.4904119164929908 3.274222651814839 3.1710211921330873 3.1123031202451945 3.127427472095106 3.11052378473344 3.1283171398509833 3.2252909252415947 3.3845414535436076 3.5695923467660586 3.6852491550300908 3.8284856637263145 3.8382720090409634 3.8889830711259616 3.9094454295111367 3.991294863051836 4.063357951277887 4.090937651710079 4.058909612498501 3.9832878532489415 3.8596240351820152 3.7341808816033346 3.609627395780531 3.5001982618076397 3.571371682277813 3.604289389245268 3.5749303533013217 3.5802683598365848
0.09277075679808666 -0.09583880744787265 -0.7079302234913643 -0.961485533916357 -1.1065013781243356 -1.57001827893634 -1.2808762582762605 -0.419677870587162 0.9513001412195536 1.9833147380370684 2.5989648251040687 3.0784957455218622 3.26443630650019 3.2671053097678215 3.2724433163030846 3.273332984058962 3.0553643838690556 2.878320500449499 2.7733397052559936 2.7849053860823965 2.7057249558093286 2.7244079786827493 2.8436234579702897 3.0829440843012477 3.2831193293736107 3.4993085940517625 3.6425451027479863 3.8578446996702613 3.9094454295111367 3.9672738336431523 3.9823981854930643 4.047343931672097 4.04022658962508 4.0081985504135025 3.9939638663194676 3.9085557617552595 3.7448568946738607 3.635427760700969 3.5268882944839546 3.455714874013781 3.4583838772814124 3.4699495581078157 3.5135432781457974
-0.0762661168185752 -0.6581088291622428 -0.9170021461224986 -1.0993840360773182 -1.4089884151225727 -2.342249891037722 -1.8413669444788758 -0.26131701004102625 1.1149990083009527 1.7626771345795307 2.304484797908726 2.6879316006917855 2.801809073444063 2.7724500375001164 2.7688913664766077 2.7688913664766077 2.829388773876255 2.760884356673713 2.631882532071524 2.558929776089596 2.480639013572405 2.4450523033373184 2.5678264536483675 2.7849053860823965 3.041129699775021 3.279560658350102 3.541122978577989 3.7724365951060532 3.8614033706937696 3.953039149549118 3.959266823840258 3.9770601789578013 3.971722172422538 4.007308882657625 4.025102237775169 4.0277712410428 3.906776426243505 3.8035749665617535 3.61941374109518 3.557136998183778 3.4939705875164995 3.4681702225960613 3.5144329459016745
-0.5904940797155782 -1.0860390197391605 -1.1367500818241592 -1.7835385403468602 -2.5700048365422767 -3.0272940630631413 -1.6580953867681796 -0.04601741311875163 0.7876012741381548 1.2938222272322633 1.742214776194356 2.1728139700389053 2.263560081138376 2.2439873905090786 2.251994400311973 2.278684432988288 2.3507475212143385 2.463735326210739 2.664800239038979 2.6345515353391553 2.6674692423066104 2.6203168512451205 2.6496758871890673 2.7893537248617823 3.1389931529215094 3.3614100918908014 3.601620385977637 3.7341808816033346 3.815140647388157 3.840941012308595 3.9183421070699085 3.9770601789578013 4.0731442965925355 4.120296687654026 4.177235424030164 4.219939476312268 4.243070837965075 4.054461273719115 3.8195889861675427 3.6220827443628116 3.597172047198251 3.5678130112543043 3.5740406855454445
-0.6598881646739971 -0.9605958661604799 -1.5193072168513413 -2.746159052205956 -4.142047761177233 -3.3715954845876053 -1.4036504085873096 -0.3422767758258485 0.3783541064346576 1.0491635943660422 1.5856332511599742 2.0171221127604007 2.107868223859872 2.038474138901453 1.9148103208345264 1.9041343077640005 2.0171221127604007 2.182600315353554 2.5455847597514385 2.8311681093880092 2.9370385723373924 3.0357916932397577 3.1389931529215094 3.254649961185541 3.4041141441729055 3.523329623460446 3.5882753696394794 3.6683454676684244 3.7973472922706133 3.86763104498491 3.9939638663194676 4.1033930002923595 4.24129150245332 4.39876269524358 4.538440532916294 4.605165614607082 4.581144585198398 4.3925350209524385 4.137200375015691 3.9041074229758737 3.7386292203827205 3.5945030439306196 3.5446816496014977
-1.3093456264643297 -1.5041828650014297 -2.016631492386678 -3.3520227939583074 -4.876023659775896 -3.7354695967413662 -1.9899414597103635 -0.8057936766378528 0.3160773635232559 1.255566513729545 1.779580821941197 2.19327632842408 2.203952341494606 2.0882955332305744 1.8818926138670713 1.7155247435180407 1.705738398203392 1.9192586596139123 2.3178298142468834 2.764443027697222 3.1728005276448417 3.467280554840184 3.5784890243248304 3.5375643075544807 3.507315603854657 3.6211930766069345 3.6834698195183364 3.7012631746358795 3.751974236720878 3.8934314099053475 4.105172335804114 4.258195189814987 4.404990369534719 4.525095516578137 4.6176209631893625 4.814237537238217 4.783988833538393 4.629186644015766 4.412997379337614 4.162111072180252 3.895210745417102 3.6736834742036875 3.5144329459016745
