static/data/ASCData/20210115/ASCV/03.asc
ncols 97
nrows 97
xllcorner 99.0
yllcorner 2.0
cellsize 0.25
NODATA_value -32767
[rows 19 to 37 of 97, columns 0 to 42 of 97]
0.5297325804511028 0.5543630922257052 0.6684844634480283 0.704609214050778 0.3882439739236663 -0.20562503219729544 -0.6292698347204517 -0.7866314377248542 -0.5843875688200657 -0.3950063005086806 -0.17634209042082416 -0.05811563390273422 -0.06495744272901227 -0.08821959273835889 -0.1859206227776138 -0.19385712101609665 -0.12653372216551784 -0.09615609097684175 -0.09615609097684175 -0.13228084157959152 -0.2836216528168687 0.052174324376873304 0.16465366148088956 -0.011317661530990009 -0.14705914864435288 0.03383827672244699 0.3597820492063484 0.5395847851609439 0.6430329346142725 0.7125457122892609 0.7407339646535278 0.7319764493558916 0.6772419787456645 0.6734105658029486 0.5757095357636937 -0.041421620366614675 -0.8295979971538823 -1.3391759185350947 -1.357785638542572 -1.3208398708806688 -0.9497401601433304 -0.8353451165679562 -0.822756188327604
0.6517904499119092 0.8970008782457253 0.9301152329649129 0.7349868452394537 0.16273795500953137 -0.4067742116898794 -0.6216070088350201 -0.5843875688200657 -0.30989419870977786 -0.2806112569333066 -0.1448697698199437 -0.04443201625017723 0.014133867302765335 -0.022811900359137827 -0.21629825396628988 -0.2376446975042783 -0.0707045621430864 -0.03375879448118324 -0.10792400215804054 -0.17032129865369905 -0.22615045867613048 -0.05702094449052941 0.034659293781600375 -0.12051293039839273 -0.25817012398311334 -0.2357289910329201 -0.05619992743137603 -0.07672535391021107 0.04752189437500398 0.1851790879597246 0.3803074756851834 0.4391470315911774 0.30805797447968386 -0.04251630977881948 -0.3071574751792663 -0.5854822582322703 -1.0433361048868184 -0.9467297642597678 -0.843281614806439 -0.7641903047746612 -0.6919408035691617 -0.692761820628315 -0.6448691588443665
0.6019820816566024 0.8551290082289018 0.8236566876280214 0.37264464979975154 -0.1040925892153246 -0.4817604364258903 -0.5512732141008785 -0.34902934519608997 -0.07179925155529077 -0.11859722392703453 -0.12051293039839273 0.11292958675422504 0.13920213264713377 0.019059969657686082 -0.1547219745297843 -0.15581666394198912 0.06996302732519677 0.21063061679347994 0.02097567612904383 -0.1908467251325341 -0.23189757809020461 -0.17716310747997754 -0.15855338747250025 -0.25050729809768146 -0.2828006357577153 -0.3755755634420501 -0.4231945528729475 -0.6878357182733945 -0.5904083605871906 -0.16046909394385844 -0.047442412133739786 -0.06577845978816566 -0.25734910692395996 -0.6136705105965372 -0.8706488501115524 -0.9231939418973703 -0.6900250970978037 -0.41936313993023155 -0.24174978280004522 -0.14788016570350626 -0.11859722392703453 -0.18400491630625604 -0.1615637833560628
0.6996831116958573 0.6901045793390677 0.49552353631971124 0.09815127968946369 -0.2562544175117556 -0.5561993164557988 -0.3870698022701977 -0.09040897156276806 0.05710042673179361 -0.028832692126262494 0.040680085548725486 0.25551288269386596 0.25633389975301935 0.025901778483964133 -0.12242863686975047 0.038490706724316315 0.27494361976049664 0.3980961786335073 0.1969469991409234 -0.03567450095254099 -0.14103835687722777 -0.1684055921823413 -0.1615637833560628 -0.16457417923962536 -0.19577282748745484 -0.302231372824346 -0.5091276717310038 -0.8774906589378308 -0.7923785571389279 -0.3402718298984537 -0.2357289910329201 -0.5775457599937874 -0.8276822906825243 -0.8783116759969842 -0.9760127060362391 -0.7349073629981897 -0.37256516755848756 -0.005296869763864898 0.18408439854752023 0.32174159213224085 0.4916921233769953 0.46049347512916583 0.5453319045750176
0.888243362948089 0.5376690786895857 0.2787750327032126 -0.11750253451483017 -0.47300292112825404 -0.44180427288042456 -0.2729484310478747 0.03958539613652112 0.16082224853817362 0.12934992793729316 0.2711122068177807 0.39125436980722883 0.1969469991409234 -0.034579811540336625 0.014133867302765335 0.17532688324988355 0.3871492845114619 0.4741770927817228 0.3247519880158034 0.20159942914279272 0.1312656344086509 0.1430335455898497 0.1498753544161282 0.06585794202942985 0.034659293781600375 -0.24174978280004522 -0.5208955829122026 -0.9026685154185352 -0.9155311160119386 -0.49954913937421397 -0.5649568317534353 -0.9067736007143021 -0.9136154095405806 -0.9653394842672449 -0.845197321277797 -0.5356738899769637 -0.19878322337101695 0.11785568910914535 0.3042265615369679 0.48293460807935906 0.6539798287363179 0.7555122717182887 0.8403507011641405
0.9145159088409982 0.4780085057244383 0.12442382558237286 -0.2942948745858631 -0.5863032752914237 -0.5551046270435944 -0.23189757809020461 0.06585794202942985 0.21446202973619588 0.2828801179989795 0.40083290216401846 0.27494361976049664 0.059016133203151355 0.008386747888691648 0.056279409672640224 0.17642157266208836 0.3775707521546723 0.41177979628606387 0.3228362815444452 0.289721926825258 0.4087694004025013 0.4399680486503308 0.5122175498558303 0.428200137469132 0.23389276680282656 -0.07864106038156926 -0.5345792005647592 -1.0414203984154604 -1.3079772702872654 -0.9497401601433304 -1.0083060436962732 -0.9702655866221654 -0.9760127060362391 -0.8607966454017115 -0.7406544824122636 -0.49653874349065164 -0.2718537416356699 -0.04333732683797287 0.06804732085383902 0.23991355856995167 0.3852335780401037 0.486766021022075 0.7563332887774425
0.7924580393801919 0.36197142803075755 0.04341680907923706 -0.3889855087415557 -0.6645735682640481 -0.4574035970043393 -0.08548286920784731 0.09514088380590113 0.21528304679534926 0.3422670186110759 0.40192759157622326 0.19393660325736084 -0.004475852704711514 0.020154659069890446 0.1969469991409234 0.3179101791895249 0.17040078089496324 0.14905433735697482 0.19475762031651422 0.21528304679534926 0.3597820492063484 0.5338376657468697 0.6479590369691932 0.6977674052244995 0.4897764169056371 0.15097004382833257 -0.3129045945933404 -1.2650107108582374 -2.1196894694369304 -1.5991646539336726 -0.9809388083911597 -0.9516558666146882 -0.9749180166240348 -0.8607966454017115 -0.7992203659652064 -0.6205123194228155 -0.5726196576388669 -0.40184810933495907 -0.33726143401489117 -0.2436654892714034 -0.02007517682862625 0.5365743892773813 0.8647075405856914
0.7544175823060844 0.3023108550656102 -0.04443201625017723 -0.4048585052185214 -0.523905978795765 -0.2729484310478747 0.12250811911101467 0.27685932623185483 0.3707289433283938 0.5327429763346654 0.5502580069299379 0.334604192725644 0.25058678033894566 0.44297844453389335 0.5992453581260913 0.4574830792456033 0.17642157266208836 -0.0063915591760697055 0.10608777792794655 0.11977139558050354 0.08255195556554895 0.2486710738675879 0.3707289433283938 0.5004496386746315 0.5748885187045403 0.3803074756851834 -0.17141598806590386 -1.5113158286042583 -2.6714129331880176 -1.8577850275669947 -1.042515087827665 -0.8843324677641091 -0.9018474983593818 -0.8646280583444275 -0.869554160699348 -0.9037632048307398 -0.9223729248382169 -0.7923785571389279 -0.7718531306600929 -0.6265331111899404 -0.11859722392703453 0.6205918016640797 1.1216858801007068
0.6977674052244995 0.34527741449463845 -0.0980717974481995 -0.43113105111143035 -0.43003636169922577 -0.11558682804347242 0.26317570857929784 0.4897764169056371 0.6274336104903582 0.7095353164056983 0.7026935075794198 0.6334544022574828 0.7593436846610047 0.9350413353198332 0.9361360247320376 0.6901045793390677 0.3304991074298771 0.0973302626303103 0.2661861044628604 0.27603830917270145 0.06312121849891872 -0.0980717974481995 -0.1790788139513353 -0.094240384505484 0.13728642617577602 0.25633389975301935 -0.15773237041334687 -1.4554866685818268 -2.350942607765139 -1.5611241968595648 -0.9710866036813188 -0.8706488501115524 -0.865722747756632 -0.8783116759969842 -1.064956220777858 -1.1216063978594428 -1.0520936201844546 -0.8539548365754333 -0.6497952611992868 -0.2718537416356699 0.16273795500953137 0.5502580069299379 0.8296774793951465
0.441883755121689 0.3597820492063484 0.03958539613652112 -0.22697147573528387 -0.22806616514748868 -0.029653709185415877 0.22705095797654806 0.39590679980909815 0.49278681278919967 0.5543630922257052 0.6616426546217498 0.6449486410856307 0.6312650234330737 0.6361911257879944 0.5376690786895857 0.37839176921382567 0.30313187212476356 0.3110683703632464 0.47226138631036463 0.4977129151441204 0.21719875326670746 -0.21821396043764762 -0.4242892422851521 -0.40376381580631704 -0.20151994690152852 -0.05017913566425092 -0.32084109283182327 -1.4106044026814408 -2.0405981594051523 -1.2193074278986977 -0.6976879229832353 -0.7056244212217184 -0.8539548365754333 -0.9379722489621316 -1.109838486678244 -1.1224274149185962 -0.9976328219272788 -0.5649568317534353 -0.19768853395881258 0.3277623838993655 0.6734105658029486 0.680252374629227 0.601161064597449
0.10991919087066249 0.2730279132891389 0.22321954503383212 0.004555334945975709 -0.029653709185415877 0.08829907497962308 0.13345501323306008 0.23006135386011062 0.3277623838993655 0.511396532796677 0.5521737134012961 0.4156112092287798 0.36197142803075755 0.21637773620755407 0.1110138802828673 0.14221252853069632 0.2084412379690712 0.3696342539161894 0.3023108550656102 0.1673903850114007 0.06120551202756053 -0.3090731816506245 -0.5151484634981287 -0.49462303701929367 -0.3520397410796525 -0.26419091575023845 -0.4048585052185214 -1.0813765619609261 -1.683182066320371 -1.1733304725861071 -0.5676935552839466 -0.3139992840055448 -0.39117488756596464 -0.6117548041251792 -0.8687331436401946 -0.7650113218338146 -0.45357218406162336 0.1734111767785258 0.614844682250006 0.9635032600371511 0.9457145570888272 0.8198252746853054 0.3852335780401037
-0.21438254749493169 0.05518472026043586 0.07269975085570834 0.02097567612904383 -0.022811900359137827 0.0053763520051290925 0.054363703201282476 0.13728642617577602 0.3061422680083261 0.4897764169056371 0.3354252097847974 0.24675536739622972 0.38441256098095034 0.3228362815444452 0.3814021650973882 0.41862160511234237 0.3521192233209165 0.3540349297922747 0.023986072012606385 -0.2600858304544711 -0.25242300456903966 -0.22204537338036356 -0.43879387699686223 -0.5493575076295205 -0.46041399288790186 -0.43113105111143035 -0.4740976105404584 -0.7581695130075361 -1.4634231668203097 -1.305240546756754 -0.9341408360194157 -0.47108721465689607 0.19393660325736084 0.10608777792794655 -0.25734910692395996 -0.13036513510823333 0.3756550456833141 0.9106844958982823 1.1597263371748148 0.9076741000147197 0.8053206399735955 0.3863282674523085 -0.055105238019171665
-0.23490797397376673 -0.0923246780341258 -0.1333755309917959 -0.14404875276079032 -0.08137778391208039 -0.05209484213560911 -0.07754637096936445 -0.02007517682862625 0.1969469991409234 0.3422670186110759 0.19968372267143453 0.28178542858677513 0.41944262217149575 0.5699624163496195 0.6285282999025625 0.486766021022075 0.35786634273499063 0.11375060381337843 -0.14788016570350626 -0.27595882693143725 -0.16046909394385844 -0.1684055921823413 -0.3315143146008175 -0.44289896229262915 -0.5794614664651454 -0.5882189817627816 -0.4212788464015895 -0.48394981525029945 -1.1128488825618066 -1.4368769485743498 -1.3167347855849019 -0.7075401276930762 -0.03156941565677407 1.0570992047806391 0.777953404668482 0.6372858152001988 1.0513520853665654 1.331592574890927 1.0152273347638157 0.6285282999025625 -0.21520356455408507 -0.6402167288424971 -1.6684037592556096
-0.008307265647427453 -0.11285010451296085 -0.18099452042269348 -0.14596445923214807 -0.08438817979564295 -0.2376446975042783 -0.26309622633803365 -0.22396107985172176 -0.020896193887779635 0.06011082261535616 0.10006698616082188 0.25250248681030385 0.37264464979975154 0.5209750651534666 0.42929482688133636 0.2875325480008488 0.12934992793729316 -0.12653372216551784 -0.149795872174864 -0.004475852704711514 0.09130947086318564 -0.09314569509327919 -0.25734910692395996 -0.3432822257820163 -0.47902371289537893 -0.6645735682640481 -0.5904083605871906 -0.5991658758848271 -0.8326083930374448 -1.2288859602554876 -2.0181570264549595 -1.4106044026814408 0.47116669689816026 1.5680454879271073 1.67724075679451 1.3578651207838361 1.3893374413847166 1.2779527936929047 0.7623540805445672 -0.1908467251325341 -1.0364942960605399 -2.1273522953223623 -3.1585497216190372
0.19284191384515648 -0.002286473880302786 -0.11750253451483017 -0.0863038862670007 -0.30414707929570417 -0.4565825799451859 -0.25050729809768146 -0.1870153121898186 -0.1448697698199437 -0.18783632924897198 -0.06687314920037046 0.08638336850826489 0.161643265597327 0.02289138260040202 -0.06878885567172821 0.012218160831407587 -0.094240384505484 -0.18783632924897198 -0.08548286920784731 0.1498753544161282 0.25742858916522415 0.03575398319380518 -0.12844942863687558 -0.21520356455408507 -0.35012403460829455 -0.5425156988032422 -0.9262043377809328 -1.087397353728051 -0.9877806172174379 -1.0033799413413527 -1.9584964534898122 -2.176339646518515 -0.2923791681145054 2.0250783175225022 2.3365174552946932 1.770015684478845 1.3882427519725118 1.0414998806567244 0.3893386633358711 -0.6147652000087416 -1.5444301833234455 -2.637203889056626 -3.429211678786609
0.20460982502635527 0.0855623514491115 -0.07672535391021107 -0.30797849223841967 -0.5493575076295205 -0.4935283476070891 -0.21930864984985243 0.17040078089496324 0.12250811911101467 -0.18400491630625604 -0.2425707998591986 -0.149795872174864 -0.30797849223841967 -0.4467303752353451 -0.39117488756596464 -0.2474969022141189 -0.25242300456903966 -0.30524176870790853 -0.12160761981059709 0.14604394147341226 0.29738475271068987 0.2943743568271273 0.13920213264713377 -0.11367112157211423 -0.30414707929570417 -0.5698829341083556 -1.1087437972660394 -1.461507460348952 -1.2806100349821519 -0.9779284125075971 -1.2718525196845156 -1.7718519087089386 -1.1196906913880849 1.1080022624481503 2.547518839497118 2.071876289894246 1.1597263371748148 0.6118342863664434 0.0757101467392709 -0.576724742934634 -1.4809381974155824 -2.142951619446277 -2.845194877375488
0.12852891087813978 0.05326901378907767 -0.26911701810515876 -0.4927073305479357 -0.5942397735299065 -0.43003636169922577 0.015228556714970143 0.4662405945432395 0.42546341393862086 0.06996302732519677 -0.25132831515683485 -0.40184810933495907 -0.5717986405797135 -0.6402167288424971 -0.5698829341083556 -0.5425156988032422 -0.6284488176612983 -0.5923240670585486 -0.3345247104843798 0.023986072012606385 0.25824960622437754 0.26919650034642295 0.08638336850826489 -0.23299226750240898 -0.5482628182173159 -0.8334294100965982 -1.1196906913880849 -1.4185409009199237 -1.4467291532841906 -0.9067736007143021 -0.743664878295826 -1.0326628831178242 -0.8109882771464052 0.4703456798390069 2.033835832820138 1.9966163928051843 0.9479039359132364 0.2475763844553831 -0.2737694481070281 -0.7630956153624566 -1.2026134143625786 -1.6908448922058026 -2.067691722357215
0.0757101467392709 -0.015970091532859332 -0.36079725637728877 -0.5277373917384809 -0.5600307293985147 -0.3528607581388059 0.003460645533771345 0.18600010501887798 0.10882450145845812 0.027817484955322325 -0.27486413751923244 -0.4798447299545323 -0.6645735682640481 -0.7026140253381559 -0.6938565100405196 -0.7554327894770247 -0.8052411577323313 -0.6733310835616844 -0.5972501694134691 -0.4349624640541463 -0.25734910692395996 -0.19385712101609665 -0.3090731816506245 -0.5531889205722365 -0.8618913348139161 -1.14021611786692 -1.2376434755531238 -1.158552165521346 -1.2532427996770386 -1.0364942960605399 -0.5277373917384809 -0.35012403460829455 -0.2308028886779998 0.41451651981657545 1.4369564308156137 1.7202073162235383 1.058193894192844 0.13619173676357166 -0.39117488756596464 -0.6284488176612983 -0.7855367483126496 -0.9653394842672449 -1.2592635914441634
-0.09725078038904611 -0.1333755309917959 -0.45466687347382795 -0.591229377646344 -0.5600307293985147 -0.28854775517178943 0.08145726615334459 0.23389276680282656 0.03274358731024263 -0.2661066222215962 -0.291558151055352 -0.3783122869725615 -0.6528056570828493 -0.8109882771464052 -0.9185415118955009 -0.9749180166240348 -0.8744802630542683 -0.6938565100405196 -0.6840043053306788 -0.766106011246019 -0.8577862495181492 -0.9037632048307398 -0.9565819689696087 -0.9984538389864324 -1.1478789437523518 -1.3755743414908956 -1.465338873291668 -1.2485903696751692 -1.0189792654652674 -1.0972495584378918 -1.2132866361315728 -0.9136154095405806 -0.25242300456903966 0.5521737134012961 1.2650901930995015 1.4448929290540966 1.2916364113454617 0.5981506687138864 -0.15089056158706882 -0.5151484634981287 -0.6585527764969232 -0.8471130277491548 -1.2006977078912207
