static/data/ASCData/20210115/ASCV/09.asc
ncols 97
nrows 97
xllcorner 99.0
yllcorner 2.0
cellsize 0.25
NODATA_value -32767
[rows 0 to 18 of 97, columns 43 to 85 of 97]
0.4234830306730455 0.6813755386699705 0.7602490582612451 0.5874443471567252 0.2564145755388001 -0.22686498995682802 -1.1996383982492151 -1.6673822704920165 -1.6155169560941178 -1.3461519361566436 -1.2211493581377446 -1.2385971367139963 -1.661407003856314 -1.6537586625626146 -1.4114018478185162 -1.21039387819348 -1.0882594281597184 -0.6252957692254792 -0.7581856992035054 -1.246484488673124 -1.4515556396104379 -1.5803823882761863 -1.9427225570651934 -2.2778155099953965 -2.0335466099278734 -1.8205881070314318 -1.8977885519647097 -2.0588817404632525 -2.05792569780154 -1.9730769115745628 -2.0560136124781154 -1.9604093463068732 -1.8098326270871672 -1.950609909024321 -2.3617082535606615 -1.8148518510611573 -1.9037638186004124 -0.6673616463408254 -0.01199440173696198 -0.3129088295109459 -1.1537483504870192 -2.037609791240151 -2.805073037929796
1.1089656191208501 1.3393719005935436 1.2017017573069548 0.49662029429404564 -0.292353912284129 -1.2933305790970324 -1.0129710685498652 -0.8803201492372672 -0.24646386452193259 0.03174455003638155 -0.5375788550133644 -1.271819619208503 -1.8420990669199613 -1.8547666321876508 -1.5404676071496928 -1.126262123962787 -0.8148312269099662 -0.2122853393657138 -0.6322270785228943 -1.0755918628920287 -1.37435519467716 -1.5667587803467844 -1.8002722004700429 -2.0082114793924943 -1.7876046352023534 -1.629379574688948 -1.8452062055705267 -2.1595052306084845 -2.135126142734818 -2.1664365399058996 -1.570582950993634 -1.5258879565585786 -1.6654701851685918 -1.9651895596154354 -2.15759314528506 -1.2132620061786172 -0.06290367347314829 0.4459500332232871 0.3814171535576989 -0.6243397265637665 -1.7240277981984775 -2.5961777163456325 -3.4848193704073265
1.1909462773626904 1.1374078883067948 0.7915594554323269 0.1500548294232935 -0.5110486711508448 -0.7287873873558484 -0.41042518100561276 -0.6800292116085149 -0.5872930734224102 -1.0550369456652118 -1.4670913328632647 -1.5335362978522777 -1.6879371877188336 -1.5395115644879804 -1.1370176039070516 -0.7240071740472862 -0.1967496461128868 0.16750260799954475 -0.4027768397119136 -0.9360096342820154 -1.3420887548443658 -1.5834895269267517 -1.6107367427855557 -1.56102252437651 -1.6898492730422585 -1.5756021749676243 -1.7591623660164089 -1.982876348857115 -1.7933408911726278 -1.898744594626422 -1.770873888622386 -1.7787612405815134 -1.6322477026740851 -0.6088040333109399 0.2535464475536626 0.8735401136741667 0.6139745310192448 0.7067106692053495 -0.27275503771902443 -1.406621634509954 -2.5032025674940996 -3.3959074028680716 -4.181057438799396
0.9653202091985591 0.5582850459744964 0.2975244099924339 0.4409308092492972 0.18901356788807444 0.14121143480245335 -0.007214188428399826 -0.4018207970502008 -0.8255867068542311 -1.2132620061786172 -1.1379736465687642 -1.094234694795421 -1.2572399686173885 -1.4388880743427483 -0.8626333599955873 0.21148057043831647 0.7867792421237647 0.7915594554323269 -0.3090846588640961 -0.936965676943728 -1.372443109353735 -1.5619785670382222 -1.6790937930979937 -1.6702503984771537 -1.7825854112283632 -1.772785973945811 -1.9114121598941116 -1.6370279159826473 -1.2328608807437218 -1.2961987070821697 -1.3714870666920227 -1.2758828005207807 -0.42022461828816526 0.7086227545287747 1.3393719005935436 1.382393820370602 0.800402850053167 0.34245841509291797 -0.6176474279317796 -1.9154753412063894 -3.143990161506849 -4.084258119301014 -4.557021215517805
0.9127378628043763 0.42157094534962036 0.43710663860244736 0.6022630084132676 0.7184221918113267 0.47510933440551595 0.17060974665011042 -0.0033900177815500143 -0.39010927444422405 -0.15372772633582787 -0.14679641703841284 -0.4983811058831553 -0.8948997998283814 -0.971144202099947 -0.6752489982999532 0.35010675638661715 0.48490877168806845 0.41081546540535596 -0.6585182517199857 -0.9164107597169111 -1.36551180005632 -1.5170445619377386 -1.5139374232871732 -1.3186657096324115 -1.3196217522941238 -1.3714870666920227 -1.4544237675955751 -1.174303267713836 -0.6028287666752372 -0.3392000027080373 -0.10783767857363191 0.5006834756063232 1.2887016395227855 1.058295358050092 1.357058689835223 1.6519978509735047 0.6247300109635097 -0.06863992944342279 -1.3430447975060782 -2.6458919347546783 -3.782626659530745 -4.532642127644138 -5.092166095411332
1.0551882193995268 0.36492541764315956 0.38046111089598655 0.6314223095954965 0.7956226367446049 0.5719086539038987 0.4418868519110095 0.35990619366916965 0.21339265576174116 0.4516862891935616 0.12663178421133914 -0.27968634701643946 -0.36262304791999167 -0.006258145766687484 0.29059310069501887 -0.024900977670079705 -0.038524585599481576 -0.16352716361838038 -0.7641609658392081 -0.9192788877020481 -0.8148312269099662 -0.9651689354642443 -0.9945672473119012 -0.8597652320104499 -0.9379217196054404 -1.1293692626133525 -1.212305963516905 -0.9847678100293489 -0.49073276458945614 0.14407956278759082 1.0611634860352295 1.6276187630998376 1.5336875715865927 1.3023252474521874 1.6187753684789978 2.1928789868373064 0.8570483777596278 -0.914498674393486 -2.1908156277795663 -3.3098635633139537 -4.37346102446902 -4.956408037448169 -5.8627364807515425
0.8912269029158466 0.16559052267612007 0.10225269633767242 0.3042167086244212 0.7526007169675459 0.7193782344730391 0.7310897570790162 0.702647487893072 0.49375216630890817 0.4253951159964702 0.019076984768692018 -0.13221676644729863 0.43017532930503233 0.7731556341943628 0.7036035305547843 0.3317029351486531 -0.006258145766687484 -0.18097494219463206 -0.4350432795447077 -0.1499035556889785 0.023140166080969582 -0.2942659976075537 -0.4651586233886489 -0.8176993548951037 -1.0043666845944534 -1.1733472250521237 -1.2923745364353199 -1.0452375083826595 -0.5550266335896161 0.22223605038258087 1.330767516638132 1.188078149377553 1.1022733204888633 1.4450146147127656 2.0700275048072605 2.0893873687069364 0.3716177162751464 -1.606912572138706 -2.9632980984432016 -4.0873652579515785 -4.875383421868041 -5.574489618245248 -6.486793328184325
0.35608202302231984 0.37066167361343405 0.3393512764423523 0.3814171535576989 0.7956226367446049 0.6959551892610851 0.5221944354948529 0.644089874863186 0.8326692898859611 0.8668478150421799 0.7719605808672223 0.4614857264761141 0.5943756564541403 0.5972437844392777 0.5855322618333005 0.33839523378063996 -0.005302103104974698 -0.16830737692694253 0.16367843735269538 0.7984907647297419 0.8706719856890297 0.45383738518241445 -0.4778261886563384 -0.9740123300850843 -0.9202349303637605 -0.8635894026572997 -1.0961467801188458 -0.8069438749508389 -0.3148209148343706 0.8883587749307096 1.2564351996899914 0.9877872117488011 1.026028918217298 1.4459706573744784 1.3668581271177755 0.6918920079488071 -1.1449049558661792 -2.563911276512838 -3.8889864056462518 -4.73173801194575 -5.388061299211326 -6.277658995934733 -6.3383677049534715
0.5327109047736891 0.8950510735626964 0.9839630411019513 0.907718638830386 0.7251144904433136 0.511438955550588 0.37663694024913674 0.5582850459744964 0.6978672745845098 0.716510106487902 0.8051830633617287 0.960539995889997 0.787735284785477 0.6744442293725554 0.4858648143497808 0.18518939724122463 -0.05406027885230813 -0.08250254803825285 0.7466254503318432 1.291569767507922 1.122589227050252 0.24852722357967272 -0.8420784427687704 -1.2933305790970324 -1.0677045109329013 -0.7034522568204693 -0.11070580655876938 0.5719086539038987 1.1988336293218174 1.7760443863306907 1.2086330666043699 0.9516966012691572 0.9459603452988827 0.6675129200751404 0.07572251247515283 -1.112638516033385 -2.39971094936373 -3.53357754615466 -4.430106552175482 -5.176058838976597 -5.725066337464954 -6.641911250047165 -5.904563347201461
1.0396525261466998 1.3912372149914418 1.0659436993437912 0.4000599854610911 0.004497334177577361 0.20168113315576397 0.4595736411526894 0.28174970607417915 -0.140104118406426 -0.3411120880314624 0.03676377401037145 0.787735284785477 0.8257379805885461 0.6792244426811176 0.5190872968442872 0.3959968041488131 0.36874958829000937 0.5668894299299083 1.1393199736302195 1.1206771417268273 0.4918400809854835 -0.32653243744034777 -0.8803201492372672 -1.1809955663458231 -0.7142077367647341 0.2915491433567312 0.9038944681835361 1.259303327675128 1.6928686747617103 1.8824041324461982 1.0621195286969418 0.8102022873357191 0.3716177162751464 -0.4242877996004428 -1.3870227599448495 -2.276859467333684 -3.340217917823323 -4.290524323565468 -4.946608600165616 -5.530750666471905 -6.1488322472689845 -6.332392438317768 -4.021876335624278
0.9459603452988827 0.6930870612759477 0.3551259803606075 0.02983246471295642 -0.11763711585618442 0.12161256023734879 0.2867689300481695 0.2807936634124668 0.32381558318952575 0.33265897781036546 0.37066167361343405 0.579796005863026 0.5640213019447708 0.49972743294461086 0.39504076148710077 0.360862236330882 0.40675228409307795 0.504507646253173 0.3852413242045487 0.08074173644914273 -0.21706555267427596 -0.4018207970502008 0.03676377401037145 0.49566425163233285 0.8023149353765917 0.8159385433059936 1.3336356446232687 1.7719812050184132 1.88336017510791 1.9086953056432892 0.762400154250098 -0.1819309848563444 -1.1458609985278916 -1.955390122332883 -2.661427628007505 -3.353841525752725 -4.205436526673063 -4.817781851499868 -5.321616334222313 -5.838357392877876 -6.471018624266069 -6.4279967044890105 -3.365553048358702
0.34245841509291797 -0.04043667092290626 -0.3549747066262925 -0.5258673324073873 -0.22782103261854036 -0.13030468112387394 -0.035656457614344106 0.12758782687305148 0.2447030529328229 0.40484019876965327 0.45766155582926427 0.3149721885686856 0.23801075430083607 0.15292295740843054 0.10225269633767242 0.08456590709599254 0.07094229916659067 0.1041647816610971 0.09340930171683226 0.16559052267612007 0.07667855513686517 0.5972437844392777 1.2934818528313476 1.3649460417943509 1.408684993567694 1.3804817350471774 1.3424790392441084 1.5035722277426515 1.0317651741875724 0.5396422140711041 -0.641070473143734 -1.5736900896441994 -2.4417768264790767 -3.0161194555028126 -3.5854428605525586 -4.146878913643177 -4.648801311042197 -5.162435231047195 -5.497528183977398 -5.976983578826177 -6.46719445361922 -6.5991283409355335 -3.189880209269045
0.13332408284332598 0.1665465653378324 -0.1499035556889785 -0.26701878174874993 -0.13317280910901097 -0.27275503771902443 -0.19268646480060925 0.041543987318933606 0.2026371758174763 0.3219034978661006 0.1880575252263621 0.03174455003638155 -0.22017269132484119 -0.2660627390870376 -0.2825544750015765 -0.06768388678171045 0.037719816672083795 0.054211552586623135 0.3842852815428359 0.5991558697627024 0.8589604630830525 1.3541905618500856 1.467481617263008 1.8735607378253576 1.8032916021894954 1.1997896719835301 1.03080913152586 0.2389667969625484 -0.4594223674183744 -1.2797069711676303 -2.0863679669874844 -2.8578943949894073 -3.3225311285816432 -3.8626952324491604 -4.205436526673063 -4.681067750874991 -5.047232090310848 -5.181078062950587 -5.4731490961037315 -5.816846432989346 -6.373502272771402 -6.593153074299831 -2.873430088242234
0.23992283962426075 0.3735298015985715 0.4557494705058396 0.39719185747595365 0.26430192749792747 -0.046172926893180755 -0.1518156410124032 -0.011038359075249637 0.1665465653378324 0.18136522659437526 0.01716489944526689 -0.18886229415375944 -0.5170239377865475 -0.6059359053258024 -0.51296075647427 -0.276818219031302 0.0209890700921167 0.10225269633767242 0.6089553070452549 1.2485478477308636 1.754533426442162 1.7495142024681716 1.760269682412436 1.9653408333497504 1.5991764939138937 0.77100453820551 -0.19579360345117447 -1.20155048357264 -2.0345026525895857 -2.6860457265466 -3.285484475440287 -3.7329124411216994 -4.169345916193419 -4.442774117443171 -4.674136441577577 -4.959276165433305 -5.174146753653172 -5.239635675980473 -5.2640147638541395 -5.551066573033294 -6.1038982421685 -6.139032809986432 -2.9632980984432016
0.5709526112421859 0.7466254503318432 0.853224207112778 0.9234933427486407 0.8434247698302255 0.7349139277258661 0.4342385106173099 0.2896370580333065 0.48992799566205836 0.43017532930503233 0.14909878676158073 -0.1195492011796091 -0.1879062514920471 -0.32748848010206055 -0.20654908339543931 -0.0413927135846186 0.04250002998064595 0.05516759524833548 0.6832876239933956 0.648153056175464 1.1871221067158402 1.1022733204888633 1.0680947953326445 0.7984907647297419 0.056362648575476015 -1.0218144631707051 -1.641091097294925 -2.5490926152562956 -3.1174599776443292 -3.540508855452075 -3.975986287862082 -4.246546361126697 -4.57160086610892 -4.712378148046073 -4.858891685953502 -4.974094826689848 -5.062767783563675 -5.0570315275934 -5.063962836890816 -5.294369118363509 -5.5247753998362015 -5.401684907140728 -2.866498778944819
1.0298530888641477 0.8599165057447649 0.8893148175924219 1.1108777044442748 1.3140367700581645 1.2944378954930595 1.240899506437164 1.0798063179386217 1.0709629233177815 0.9497845159457325 0.6323783522572088 0.3912165908402514 0.37472485492571206 0.5981998271009901 0.7652682822352355 0.49566425163233285 0.06903021384316554 -0.017013625710951885 -0.46420258072693654 -0.50029319120658 -0.7493423045826657 -0.8784080639138421 -0.8733888399398522 -1.2474405313348362 -2.0043873087456445 -2.470219095665021 -3.047190842008466 -3.3461931844590254 -3.7190498225268693 -4.037412028877105 -4.250370531773546 -4.498463602487919 -4.613666743224266 -4.735801193258028 -4.764004451778544 -4.744405577213439 -4.805114286232178 -4.8010511049199005 -4.8079824142173155 -4.823518107470142 -4.926053682938799 -4.528817956997289 -2.8215647738443352
1.026028918217298 0.8266940232502584 0.8073341593505821 1.0924738832063108 1.331723559299844 1.3745064684114752 1.3862179910174524 1.3668581271177755 1.273165946269958 1.3599268178203605 1.162743018842174 0.9937624783845038 0.7232024051198889 0.9234933427486407 0.9010263401983991 0.4098594227436432 -0.3587988772731423 -0.7512543899060904 -1.4094897624950913 -1.89396438131786 -2.3079308538393377 -2.362664296222374 -2.3098429391627624 -2.6243809748661486 -3.007276060881973 -3.3880200509089438 -3.6057587671139473 -3.8373601019137813 -4.010164813018301 -4.238659009167569 -4.39497198435755 -4.450661469402299 -4.5424415649266905 -4.557977258179518 -4.5424415649266905 -4.431062594837194 -4.378241237777583 -4.38612858973671 -4.421263157554641 -4.452573554725723 -4.238659009167569 -3.591179116522833 -2.2240381102740727
0.9567158252431476 0.6070432217218298 0.575732824550748 1.1197210990651154 1.4665255746012953 1.5561545741368343 1.5112205690363512 1.4273278254710862 1.3073444714261777 1.5016601424192269 1.012405310287896 0.7143590104990492 0.16176635202927026 -0.5208481084333973 -1.0521688176800745 -1.5053330393317614 -2.0560136124781154 -2.3686395628580765 -2.7132929424054035 -3.0278309781087898 -3.1361028095477215 -3.09212484710895 -3.1361028095477215 -3.333286608525908 -3.613646119073075 -3.813937056701827 -3.973118159876945 -4.088321300613291 -4.226947486561592 -4.406683506963527 -4.421263157554641 -4.421263157554641 -4.391864845706984 -4.362705544524756 -4.297216622197455 -4.1380355190223375 -3.990565938453196 -3.923164930802471 -3.9358324960701605 -3.8832501496759773 -3.5854428605525586 -3.021855711473087 -2.41357356795856
0.5123949982123004 0.25450249021537497 0.6460019601866112 1.4956848757835237 1.7036241547059756 1.8083108261634857 1.7848877809515313 1.7045801973676875 1.5542424888134097 0.8589604630830525 -0.2806423896781518 -1.2044186115577773 -1.9680576876005724 -2.545268444609446 -2.9016333467627504 -3.054122151305881 -3.167413206718803 -3.3196630005965058 -3.458289186544807 -3.565843985987454 -3.645912558905869 -3.721200918515722 -3.7680470089396305 -3.839272187237206 -3.991521981114909 -4.11365643114867 -4.189900833420236 -4.253238659758684 -4.347169851271929 -4.399752197666112 -4.384216504413285 -4.329483062030249 -4.251326574435259 -4.1712580015168434 -4.0990767805575565 -3.9320083254233107 -3.718093779865157 -3.572536284619441 -3.5247341515338197 -3.490555626377601 -3.3686601870092674 -3.184860985295055 -3.1956164652393193
