static/data/ASCData/20210115/ASCV/12.asc
ncols 97
nrows 97
xllcorner 99.0
yllcorner 2.0
cellsize 0.25
NODATA_value -32767
[rows 19 to 37 of 97, columns 43 to 85 of 97]
-0.426785557636739 0.46085831370002994 1.1385703061313244 1.178544724434889 1.1817214993994103 0.9082541212035018 0.4931555258393341 0.18447889178664312 0.1865967417629908 -0.06939837412804861 -0.6406884052478663 -1.1190577686554242 -1.4843868895754189 -1.7716202926175884 -1.9815521715230635 -2.193337169157843 -2.425771204062013 -2.6044647958163583 -2.729417944420878 -2.840869799426181 -3.011886185016265 -3.210964082792958 -3.4034236993935636 -3.620238590722169 -3.75975195791408 -3.9278562997866864 -4.071340635684249 -4.223561102734247 -4.295038539435985 -4.377899419760592 -4.409137706911722 -4.340837045174506 -4.220649059016768 -4.095695910412249 -4.052809448391206 -4.046985360956249 -4.126140003822249 -4.188616578124508 -4.226737877698769 -4.210059809135029 -4.1669086158669435 -4.243151215015464 -4.607421410947285
-1.31151738525603 -0.2578870220230023 0.6805852487461137 0.7234717107671567 0.20406900406785988 -0.11149064240796136 -0.4561707260585648 -0.7227550918313432 -1.0997323876212506 -1.4385883838368976 -1.8163598733679356 -2.041116702107845 -2.3262322551736667 -2.4443023913550563 -2.586992533511489 -2.731535794397226 -2.9051994924577453 -3.0449775908966994 -3.21493505149861 -3.3536542249493904 -3.5040215732700837 -3.6718611838956465 -3.903236293811643 -4.009922986370163 -4.130905166269031 -4.21773701529929 -4.339778120186332 -4.43561083161607 -4.507882462058938 -4.512647624505721 -4.419991688040504 -4.369163288608158 -4.3204527391521585 -4.240239171297985 -4.182792490689552 -4.240239171297985 -4.378958344748766 -4.514765474482068 -4.5499747303388505 -4.5245605306226775 -4.513706549493895 -4.6786341164019785 -4.883800832860672
-2.4562152974720126 -1.2471876922244658 0.1455633984712521 -0.06542740542239667 -0.6610727112702137 -1.2011244552389013 -1.4894167832692449 -1.7403820054664583 -2.0771201517057576 -2.418888191638883 -2.7246527819740956 -2.7860704312881817 -2.735506763102878 -2.7911003249820077 -2.8858741114235715 -3.040212428449917 -3.2061989203461754 -3.358419387396173 -3.5927065410296475 -3.7462506643148625 -3.8995300563530346 -4.081135691824858 -4.273595308425463 -4.37313425731381 -4.445405887756678 -4.506029343329634 -4.542032792927547 -4.644483785533371 -4.702195197388848 -4.6280704482166755 -4.552886774056329 -4.514765474482068 -4.491204393495199 -4.446464812744852 -4.434551906627895 -4.528266768081286 -4.690547022518936 -4.821324258558412 -4.885918682837019 -4.885918682837019 -4.832178239687194 -4.894654813989455 -4.989428600431018
-3.112219327645742 -1.487298933292897 -0.4590827697760429 -1.153472830771076 -1.7930635236281098 -2.2597847121657546 -2.3320563426086234 -2.5586662900778374 -2.7606562315720082 -3.0478896346141777 -3.11433717762209 -2.9785300478887873 -2.8077783935457465 -2.863371955424876 -2.9930902664761785 -3.2821767882476527 -3.4502811301202585 -3.686686133730081 -3.9249442560692076 -4.1015199978472054 -4.287096602024681 -4.416020719334853 -4.539120749210069 -4.6455427105215445 -4.6884291725425875 -4.713049178517631 -4.7919390901365855 -4.889624920295628 -4.883800832860672 -4.78611500270163 -4.729462515834326 -4.705107241106326 -4.713049178517631 -4.79299801512476 -4.808617158700325 -4.8848597578488455 -5.013783875159017 -5.045022162310147 -5.05667033718006 -5.060641305885712 -5.0185490376057995 -4.98731075045467 -4.9327761135637145
-2.9396145545733967 -1.3379905099603775 -1.1182635749142937 -1.9892293776873242 -2.5332520903616635 -2.8964633613053103 -2.968734991748179 -2.970852841724527 -3.1728427832186976 -3.21493505149861 -3.1641066520662626 -2.876873249024093 -2.7079747134103567 -2.8027484998519205 -3.082039965482786 -3.37112648725426 -3.7187186146223414 -3.955123618232164 -4.223561102734247 -4.416020719334853 -4.612451304641111 -4.669897985249545 -4.788232852677977 -4.880888789143194 -4.923775251164236 -5.012724950170844 -5.091879593036842 -5.088967549319364 -5.060641305885712 -5.001870969042061 -4.965867519444149 -4.961102356997366 -5.057729262168234 -5.137678098775364 -5.219744785358841 -5.295987384507361 -5.232451885216927 -5.201213598065797 -5.156209286068407 -5.117293792753015 -5.052699368474409 -4.9454832134218005 -4.889624920295628
-2.085856282858192 -1.423763434002463 -1.5391862577134179 -2.0898272515638445 -2.358529467312971 -2.7921592499701817 -3.215993976486784 -3.2178470952160882 -3.155370520913828 -3.1688718145130457 -2.991237147746874 -2.729417944420878 -2.6357030829674883 -2.8212796871449637 -3.1114251339046115 -3.5196407168456485 -3.866173919225557 -4.191528621841987 -4.462878150061547 -4.672810028967023 -4.847797383262759 -4.920863207446758 -5.035227106169539 -5.116234867764842 -5.241188016369362 -5.330137715375969 -5.3534340651157954 -5.316371690529708 -5.27533834723797 -5.2451589850750135 -5.248071028792492 -5.331990834105273 -5.441324839134229 -5.541128519269618 -5.623195205853095 -5.596722081148748 -5.489241194849097 -5.345756858951534 -5.276397272226144 -5.186653379478406 -5.059582380897538 -4.940453319727975 -4.834031358416499
-1.6231060630261993 -1.3692287971115074 -1.514566251738375 -1.6445492940367208 -1.92489968465576 -2.8038074248400946 -3.264704525942783 -3.079127921765308 -2.9697939167363527 -2.8975222862934844 -2.6836194386823573 -2.5761385523827065 -2.6113478082394885 -2.8379577557087026 -3.199315907923045 -3.6210327844632992 -4.064457623261119 -4.413108675617375 -4.687634978801457 -4.89359588900128 -5.073348405743799 -5.209949729218232 -5.294928459519188 -5.40638031452449 -5.553835619127705 -5.618165312159269 -5.629019293288051 -5.5977810061369215 -5.526303569435184 -5.518626363270923 -5.6250483245824 -5.730411360905702 -5.848746228334136 -5.948285177222482 -5.954109264657438 -5.914134846353873 -5.791034816478658 -5.619224237147443 -5.433647632969968 -5.309488678106579 -5.228480916511275 -5.038139149887018 -4.898361051448063
-1.5439514201602005 -1.313635235232378 -1.3448735223835078 -1.6339600441549815 -2.3047890241631457 -3.151399552208176 -3.1376335273619156 -2.7911003249820077 -2.551783277654707 -2.473687559776882 -2.387649904487753 -2.436625185190796 -2.5928166209464454 -2.9091704611633973 -3.2842946382240004 -3.7441328143385153 -4.214030777840682 -4.614304423370415 -4.902332020153715 -5.126029923905451 -5.314518571800404 -5.487388076119792 -5.646491555592921 -5.78812277276118 -5.870189459344656 -5.889779571625874 -5.864365371909701 -5.840804290922831 -5.807712885042397 -5.893485809084483 -6.014732720230393 -6.121154681541871 -6.261726973721955 -6.316526341859954 -6.272580954850738 -6.187602224549782 -6.093887363096393 -5.959933352092395 -5.771444704197441 -5.676935649002921 -5.452178820263011 -5.164151223479712 -4.883800832860672
-1.2911330792336826 -0.22850185360117692 -0.30077348404404525 -1.5272733515964616 -3.0087094100517433 -3.6173265470046907 -3.1651655770544367 -2.4961897157755772 -2.204191150286625 -2.167128775700539 -2.216898250144712 -2.3516464548898406 -2.6407329766613143 -3.0410066221910474 -3.4735774798600842 -3.936592430939121 -4.394577488324331 -4.8017341462771945 -5.127088848893624 -5.369317939938403 -5.584014981290661 -5.816449016194832 -6.011820676512915 -6.122213606530044 -6.168012112268565 -6.184690180832304 -6.165100068551087 -6.117183712836218 -6.152392968693 -6.271522029862563 -6.349617747740389 -6.524340370789082 -6.6005829699376015 -6.59661200123195 -6.579139738927081 -6.557696507916559 -6.48542487747369 -6.34670570402291 -6.225723524124042 -6.030351863805959 -5.75000147318692 -5.516773244541619 -5.196448435619015
0.6162555557145497 1.260611411018366 0.1746838356460345 -1.6953776934690676 -3.08998190289409 -3.3173860441044347 -2.842722918155485 -2.3037300991749716 -2.029468527237932 -1.9659330279474985 -2.090886176552018 -2.3320563426086234 -2.824191730862442 -3.2959428130939132 -3.72851367076295 -4.157378290973378 -4.573271080078676 -4.964808594455975 -5.3057824406479694 -5.586927025008139 -5.872042578073961 -6.117183712836218 -6.297995154566911 -6.386680122326474 -6.407329159595866 -6.381914959879692 -6.355441835175345 -6.372119903739084 -6.469805733898125 -6.56537371408082 -6.687414818967861 -6.820309904983686 -6.84572410469986 -6.878021316839163 -6.919848853872033 -6.917995735142728 -6.908200679002119 -6.886757447991599 -6.770540430539512 -6.470864658886299 -6.190514268267261 -5.736500179587702 -5.132912936328581
1.0858887879696728 0.4502690638182911 -0.6406884052478663 -2.252107506001494 -3.216788170227914 -3.4746364048482583 -3.1376335273619156 -2.606582645792706 -2.1366846822905394 -1.9834052902523678 -2.104652201398279 -2.455156372483839 -3.040212428449917 -3.5469080352911266 -3.974713730513381 -4.352485220044419 -4.747199509386239 -5.128941967622929 -5.483417107414141 -5.829156116052918 -6.125919843988653 -6.337969572870476 -6.450215621616909 -6.528311339494733 -6.556637582928385 -6.552666614222733 -6.579139738927081 -6.624938244665602 -6.671001481651166 -6.7792765616919475 -6.943409934858902 -7.032359633865509 -7.12316245160142 -7.235408500347853 -7.318534111919504 -7.441369410547676 -7.487432647533241 -7.458047479111416 -7.346595624106113 -7.148576651317594 -6.955058109728814 -6.634733300806211 -6.203221368125347
0.02828745603099314 -0.76670047884056 -1.8915435475282822 -3.2178470952160882 -3.8672328442137305 -3.667096021448864 -3.2792647445301744 -2.618230820662619 -2.127948551138105 -1.9834052902523678 -2.1446266197018433 -2.6200839393919235 -3.198256982934871 -3.7001874273292983 -4.132758284998335 -4.496234287189026 -4.8448853395452804 -5.230598766487622 -5.626901443311704 -5.973699376938655 -6.266756867415781 -6.465834765192474 -6.577286620197777 -6.6027008199139505 -6.631027063347602 -6.662265350498732 -6.694297831390992 -6.771599355527687 -6.850753998393685 -6.9960914530205525 -7.1493708450587246 -7.276441843639592 -7.470754578969503 -7.58405955270411 -7.7841963754689765 -7.945417704918452 -7.996246104350799 -8.010806322938189 -8.07328289724045 -8.090755159545319 -7.983539004492712 -7.899354467932888 -7.259763775075854
-0.5684167748049977 -1.9151046285151514 -3.144516539785046 -4.086959779259814 -4.035072454839293 -3.747044858055993 -3.067479746895395 -2.40724001676897 -2.033174764696541 -1.8965734412221082 -2.1943960941460166 -2.7257117069622696 -3.257821513519653 -3.7441328143385153 -4.1788215219839 -4.576183123796154 -4.926687294881715 -5.3105476030947525 -5.692554792578486 -6.014732720230393 -6.296936229578737 -6.482512833756212 -6.603495013655081 -6.6434694319586445 -6.695356756379166 -6.7265950435302955 -6.820309904983686 -6.907141754013946 -7.034212752594813 -7.182726982186201 -7.350566592811765 -7.541967284424196 -7.750046044600367 -7.9883041669394945 -8.189499914692535 -8.371105550164359 -8.427758037031662 -8.680841109205224 -8.828296413808438 -9.000106993139653 -9.01360828673887 -8.7568189771067 -6.799925598961339
-1.3819358969695943 -2.8379577557087026 -3.9620066306552943 -4.319393814163984 -4.05466256712051 -3.291971844388261 -2.6124067332276626 -2.198367062851669 -1.8253607357674135 -1.9082216160920211 -2.2841399868937544 -2.7921592499701817 -3.258880438507827 -3.747044858055993 -4.190469696853812 -4.588890223654241 -4.970632681890931 -5.354492990103969 -5.676935649002921 -5.981376583102916 -6.247166755134565 -6.456039709051865 -6.591846838785168 -6.679737612803601 -6.731360205977078 -6.838046898535598 -6.93255595373012 -7.068363083463421 -7.20999430063168 -7.373068748810461 -7.602590739997153 -7.807757456455844 -8.043897728818624 -8.28215585115775 -8.505853754909486 -8.68745939038131 -8.947425474978001 -9.286281471193648 -9.499125393816602 -9.798801165469815 -9.753002659731294 -8.849739644818959 -6.885698523003423
-2.3897677544641005 -3.477548448565736 -4.296891658165289 -4.28630240828355 -3.6064725658759085 -2.7987775311462686 -2.1954550191341906 -1.780356423770023 -1.8573932166596738 -2.0048485212628893 -2.4472144350725347 -2.871049161589137 -3.2977959318232175 -3.748103783044167 -4.1923228155831165 -4.613245498382241 -4.995252687865975 -5.351580946386491 -5.667934786603443 -5.946432058493177 -6.206133411842826 -6.451274546605083 -6.6230851259362975 -6.714946868660384 -6.840958942253076 -6.947380903564554 -7.0988071768734216 -7.241232587782809 -7.41119004838472 -7.599678696279675 -7.858321124641149 -8.062428916111667 -8.294862951015837 -8.518560854767573 -8.741199833531136 -9.004077961845304 -9.317519758344778 -9.728647385003294 -10.002908956940333 -10.234548798103374 -9.917136032898247 -8.88865513813435 -6.379797109903345
-3.1074541651989596 -4.003039973947033 -4.390606519618679 -4.024483204957554 -3.1884619267942624 -2.3026711741867976 -1.746206092901415 -1.7237039369027194 -1.8613641853653262 -2.2608436371539287 -2.6875904073880093 -2.9835599415826133 -3.358419387396173 -3.772459057772167 -4.174850553278247 -4.596832161065546 -4.995252687865975 -5.361376002527099 -5.708173936154051 -5.984288626820394 -6.266756867415781 -6.513751120907342 -6.691385787673514 -6.834075929829947 -6.9855022031388145 -7.167107838610637 -7.330182286789418 -7.445340379253329 -7.620063002302022 -7.8223176750432355 -8.056604828676711 -8.25700638268862 -8.484410523898966 -8.70122541522757 -8.932600525143567 -9.192301878493215 -9.515538731133297 -9.935667220191291 -10.220782773257113 -10.082063599806332 -9.653463710842948 -8.364222537741227 -5.840804290922831
-3.6122966533108647 -4.188616578124508 -4.260888208567376 -3.7306315207392977 -2.734447838114704 -1.8722181664941084 -1.5646004574295915 -1.7001428559158502 -2.154421675842452 -2.6415271704024446 -2.9091704611633973 -3.1288973962094806 -3.4394271489914763 -3.811639282334601 -4.21694282155816 -4.59868527979485 -4.992340644148497 -5.3936732146664035 -5.73941222330518 -6.067414238392045 -6.404417115878388 -6.646646206923167 -6.847577223429164 -6.99132629057377 -7.156253857481854 -7.339977342930025 -7.486373722545068 -7.600737621267848 -7.751899163329671 -7.966860935928972 -8.213855189420535 -8.363428344000097 -8.56250624177679 -8.802882214092264 -9.057553673748087 -9.324138039520866 -9.641550804725991 -9.914223989180769 -10.027264231668333 -9.66511188571286 -8.870123950841307 -7.353478636529243 -4.599744204783024
-3.579999441171561 -4.108403010270336 -4.114227097705292 -3.4463101614146066 -2.464951428624447 -1.6924656497515895 -1.5508344325833308 -1.922781834679412 -2.4522443287663607 -2.8848151864353975 -3.1347214836444373 -3.3195038940807824 -3.5625271788666915 -3.9151491999285994 -4.304833595576594 -4.68551712882511 -5.090820668048669 -5.509890232118488 -5.877866665508917 -6.211957499277782 -6.501044021049255 -6.774511399245165 -7.0058865091611615 -7.170814076069245 -7.350566592811765 -7.513641040990544 -7.626946014725151 -7.721719801166715 -7.853555962194365 -8.064546766088014 -8.267595632570359 -8.387783618728097 -8.542121935754443 -8.814530388962178 -9.127972185461651 -9.378937407658865 -9.54995379324895 -9.675701135594599 -9.565572936824514 -8.952190637424785 -7.625092895995847 -5.4540319389923155 -2.7881882812645293
-3.5127577044225182 -4.003039973947033 -3.989273949100772 -3.115396102610264 -2.1777180255822777 -1.627871225472982 -1.650373381471677 -2.098563382716279 -2.602611677087054 -3.0126803787573957 -3.3057378692345214 -3.490255548423823 -3.7782831452071233 -4.1240221538459005 -4.495175362200852 -4.889624920295628 -5.260778128650578 -5.616312193429965 -5.9707873332211765 -6.328174516729867 -6.667030512945514 -7.006945434149335 -7.231437531642202 -7.37995176123359 -7.517612009696197 -7.614238914867066 -7.694452482721237 -7.776519169304715 -7.87208714948741 -8.083077953381059 -8.227621214266795 -8.31948295699088 -8.404461687291835 -8.644572928360267 -8.955102681142263 -9.180653703623303 -9.217716078209389 -9.199184890916346 -8.952190637424785 -8.172027652387666 -6.575168770221429 -4.163996572149465 -1.5781017510288087
