static/data/ASCData/20210115/ASCV/15.asc
ncols 97
nrows 97
xllcorner 99.0
yllcorner 2.0
cellsize 0.25
NODATA_value -32767
[rows 57 to 75 of 97, columns 43 to 85 of 97]
-9.231402343267552 -7.9139173190240415 -7.980174878431134 -7.817268895591382 -7.858337630761067 -7.89721603338837 -7.97552042177857 -7.994959623092221 -8.028088402795767 -8.163889020423527 -8.29667793080551 -8.429466841187494 -8.430562007458686 -8.424538592967131 -8.357185867288848 -8.34760316241592 -8.388398106017808 -8.448084667797751 -8.540900009281241 -8.60250311203577 -8.763492553900935 -8.856307895384425 -9.007714632376665 -8.997036761232547 -8.961717648986617 -8.766504261146713 -8.545828257501602 -8.275322188517274 -7.769355371226749 -7.288029795038034 -6.747017657069377 -6.54961393668709 -6.416825026305106 -6.359328797067546 -6.245979087999214 -6.109083304100263 -5.52316934901275 -4.786943823204187 -3.7224422076059396 -2.8397381930254992 -1.7703083292068889 -1.8143887716223512 -1.9499155976823133
-9.232223717970946 -8.320224005636131 -8.270393940296913 -8.151294608304823 -8.17265035059306 -8.203862589322021 -8.201124673644042 -8.216730793008523 -8.207969462838989 -8.349519703390506 -8.449179834068943 -8.53706692733207 -8.489153402967435 -8.44698950152656 -8.382648483094052 -8.401266309704308 -8.44425158584858 -8.531043512840515 -8.62577539529859 -8.709829406612545 -8.8856035931388 -8.964729356232393 -9.04084341208021 -9.02140421076656 -8.80839437101979 -8.604419653010353 -8.213719085762746 -7.915833859998627 -7.486254890123717 -7.020261641731685 -6.601360543000893 -6.375756291135421 -6.26350174833828 -5.982317808209833 -5.851445438802436 -5.383535649435819 -4.798716860619498 -4.035933552734539 -3.069175526840142 -2.2352064113277286 -2.3425327059045067 -2.5651252505242024 -3.7479048234111447
-9.328050766700212 -8.686283331781926 -8.510509145255673 -8.485320321018266 -8.472452117331764 -8.47163074262837 -8.463690787162232 -8.33856804067859 -8.33090187678025 -8.463690787162232 -8.535971761060878 -8.588813533645872 -8.503664356060725 -8.453834290721506 -8.368958904704158 -8.388398106017808 -8.51735393445062 -8.606336193984939 -8.774170425045053 -8.887520134113386 -9.04084341208021 -9.087661770173654 -9.065210861614226 -8.847546565214891 -8.632620184493538 -8.269298774025721 -7.880788539320495 -7.570035109869875 -7.232176315207262 -6.84065437325626 -6.562208348805793 -6.264596914609472 -5.86403985092114 -5.572999414351968 -4.9284940637557035 -4.457846358711108 -3.9921269018868744 -3.3084693570955097 -2.484082946456023 -1.6501138309436092 -2.515568976752782 -4.0857636180737575 -5.2655314837149225
-9.239068507165893 -8.909971042672813 -8.739125104366922 -8.737208563392336 -8.716674195807494 -8.719685903053271 -8.553494421399943 -8.428645466484099 -8.374708527627913 -8.50174781508614 -8.535971761060878 -8.615918898857865 -8.557327503349114 -8.489153402967435 -8.398254602458533 -8.407015932628065 -8.534876594789687 -8.744874727290679 -8.931600576528847 -9.0556281567413 -9.144336624707819 -9.146253165682404 -8.861236143604787 -8.604419653010353 -8.224396956906864 -7.860254171735653 -7.493099679318664 -7.159895341308616 -6.999727274146842 -6.658035397535059 -6.370006668211665 -5.801615373463218 -5.280042436808211 -4.409111459643081 -3.7646061090468166 -3.2663054556546327 -2.82002520014405 -2.6209787303549743 -1.970449965267156 -1.3065054133572407 -3.6600177301480175 -5.35341857697805 -6.401218906940626
-9.289993738776303 -8.977323768351098 -8.943099822376361 -8.926672328308486 -8.948028070596722 -8.873009181020096 -8.687378498053118 -8.492986484916607 -8.451096375043527 -8.358281033560038 -8.392504979534777 -8.52803180559474 -8.623858854324006 -8.542816550255825 -8.485320321018266 -8.489974777670831 -8.624954020595197 -8.85028448089287 -9.005798091402081 -9.124897423394167 -9.065210861614226 -8.90011454623209 -8.51735393445062 -8.152115983008217 -7.748821003641906 -7.353465979741733 -6.990144569273916 -6.678569765119902 -6.56522005605157 -6.222433013168595 -5.683337416174523 -4.936434019221843 -4.070157498709277 -3.1874534841288362 -2.6491792618381584 -2.129796657725536 -1.7829027413255925 -1.882562872004029 -1.585772812511102 -1.6911825661132949 -4.553673407440375 -6.435442852915363 -7.355382520716319
-9.132563587292509 -9.016475962546199 -9.103267889538134 -9.091494852122825 -9.178560570682556 -9.00169121788511 -8.74596989356187 -8.507771229577694 -8.22357558220347 -8.025350487117787 -8.139521570889514 -8.207969462838989 -8.491891318645415 -8.605241027713747 -8.567183999789838 -8.62960847724776 -8.748981600807646 -8.797716499875673 -8.886424967842194 -8.952956318817083 -8.741041645341507 -8.33966320694978 -7.849576300591534 -7.49884930224242 -7.14237268096955 -6.756600361942304 -6.378767998381198 -6.105250222151092 -5.7868306288021305 -5.3290511274440355 -4.54764999294882 -3.789794933284224 -3.069175526840142 -2.5681369577699793 -2.1708653928952213 -1.8505292585716746 -1.5507274918329703 -1.1923343295855149 -1.0097153538643133 -2.0963940864541915 -5.378607401215456 -7.14237268096955 -7.502682384191591
-9.058366072419277 -9.049604742249745 -9.126813964368754 -9.247008462632031 -9.31518256301371 -9.116957467928028 -8.868080932799735 -8.547744798476188 -8.180590306059198 -7.9823652109735175 -8.09845283571983 -7.96758046631243 -8.246847865466293 -8.449179834068943 -8.597574863815407 -8.7421368116127 -8.812227452968962 -8.701068076443013 -8.491891318645415 -8.47436865830635 -8.128843699745396 -7.592486018429303 -7.2245101513089205 -6.940314503934697 -6.6082053321958405 -6.13947416812583 -5.645280388250614 -5.262519776469146 -4.829929099348458 -4.31136786993923 -3.6657673530717734 -3.183346610611868 -2.741994603321648 -2.364162239760541 -2.0427309391658026 -1.6843377769183472 -1.1843943741193756 -0.7099135871256093 -1.039011051618689 -3.5926650044697332 -6.214766849270253 -7.0574972949522 -7.215748821139388
-8.875747096698076 -8.911887583647399 -9.155014495851937 -9.337633471573138 -9.289993738776303 -9.096423100343186 -8.817155701189325 -8.494081651187798 -8.13459332266915 -7.7929014460573685 -7.691324774404346 -7.660933910378779 -7.891466410464614 -8.232336912373004 -8.565267458815253 -8.804561289070621 -8.877663637672661 -8.645214596612242 -8.14636636008446 -7.890371244193422 -7.555524156776586 -7.116088690460951 -6.920601511053248 -6.6188832033399585 -6.221611638465201 -5.784092713124151 -5.383535649435819 -5.021309405239193 -4.486046890194292 -4.020327433370058 -3.460697468791144 -2.9344700754835737 -2.4452045438287207 -2.0917396298016273 -1.4852913071292715 -0.7175797510239506 -0.40217186492076573 -1.056533711957755 -2.593599573575184 -4.47454764434678 -6.23228950960932 -6.668713268679177 -6.652285774611303
-8.675605460637808 -8.899293171528695 -9.1336587535637 -9.24481813008965 -9.132563587292509 -8.931600576528847 -8.686283331781926 -8.421800677289152 -8.120082369575861 -7.732119718006234 -7.443269613979446 -7.428484869318359 -7.559357238725757 -7.948141264998779 -8.33583012500061 -8.754731223731403 -8.886424967842194 -8.554589587671135 -7.942117850507225 -7.504598925166176 -7.29377941796179 -6.929636632790579 -6.7048537556285 -6.330854474016565 -5.853361979777021 -5.445138752190347 -5.140408737231281 -4.770242537568516 -4.247026851506722 -3.766522650021402 -3.0653424448909714 -2.4950346091679387 -2.02219657158096 -1.5594888220025034 -0.8884256893298421 -0.263633331615027 -0.31620131263222406 -1.9471776820043343 -3.2830067412903046 -4.38173230286329 -5.4128313471901945 -5.979306100964056 -5.931392576599423
-8.510509145255673 -8.747886434536454 -8.955968026062862 -9.090673477419429 -9.005798091402081 -8.793883417926502 -8.577040496230563 -8.36211411550921 -8.038766273939885 -7.702824020251858 -7.401105712538569 -7.22341498503773 -7.2138322801648025 -7.641494709065127 -8.258620902881603 -8.661915882247914 -8.694223287248066 -8.308450968220821 -7.7088474347434115 -7.269411968427777 -6.999727274146842 -6.586849589907604 -6.287869197872293 -5.825161448293837 -5.364096448122168 -4.930410604730289 -4.5807787726523665 -4.273310842015321 -3.8795985675219358 -3.1422778754421823 -2.372923569930074 -1.8524457995462598 -1.0477723817882219 -0.49307066542966993 -0.3474135513611851 -0.17081799013153764 -1.466673480519014 -2.815370743491486 -3.6189489949783322 -4.252776474430478 -4.975312421849145 -5.309338134562587 -5.243901949858888
-8.248764406440877 -8.500926440382745 -8.715579029536302 -8.816334326485931 -8.827833572333443 -8.659999341273327 -8.549661339450772 -8.33583012500061 -8.101464542965605 -7.810424106396434 -7.45969710804732 -7.243949352622572 -7.155240884656052 -7.464625356267682 -8.090786671821487 -8.375803693899105 -8.39332635423817 -7.956902595168312 -7.407129127030123 -6.946064126858453 -6.554542184907452 -6.003673550498069 -5.533025845453475 -5.067306388629241 -4.689200233500336 -4.266466052820373 -4.026077056293814 -3.7440717414619735 -3.4305803963333745 -2.712698905567272 -2.1511524000137725 -1.4089034597136565 -0.4528233049633781 0.13391202482752895 0.21878741084487885 -1.325123239967498 -2.6579405920076913 -3.0741037750605047 -3.519288864299895 -4.006637854980163 -4.349424897863138 -4.700973270915646 -4.751898502526056
-8.004816119532945 -8.246847865466293 -8.480392072797903 -8.535971761060878 -8.60250311203577 -8.617014065129057 -8.507771229577694 -8.418788970043376 -8.189351636228732 -8.012482283431286 -7.686396526183984 -7.5144554216069 -7.38659475944528 -7.652172580209246 -8.193184718177903 -8.470535576357179 -8.041777981185662 -7.596592891946272 -6.97262190893485 -6.476511588085049 -5.882657677531396 -5.143420444477058 -4.6336205452373616 -4.181590666803023 -3.805401052648704 -3.714776043707598 -3.4850649183251576 -3.371989000824623 -3.0995663908657094 -2.522413765947729 -1.7401912567491196 -0.7712428983123396 -0.10045355720747651 0.44247512173576586 -0.8016337623379068 -2.3348665420061656 -2.7370663551012853 -2.736244980397892 -2.7907295023896745 -3.2753405773919635 -3.703824380995682 -4.1443550135825085 -4.204862950065845
-7.896394658684976 -8.094619753770658 -8.33090187678025 -8.391409813263586 -8.50558089703531 -8.54473309123041 -8.603324486739162 -8.51352085250145 -8.445072960551974 -8.278060104195253 -8.099548001991021 -7.970592173558208 -7.907072529829094 -8.193184718177903 -8.701068076443013 -8.488058236696244 -8.058479266821333 -7.285839462495651 -6.610121873170426 -5.803531914437803 -4.975312421849145 -4.172555545065693 -3.6238772431986943 -3.197036189001763 -2.993882845695719 -2.9032578367546127 -3.1669191165439936 -3.104220847518274 -2.9519927358226394 -2.3455444131502836 -0.9579687475505096 0.40934634203221965 0.7277659353811812 -0.7575533199224445 -2.001662203996117 -2.6423344726432108 -2.8074307880253464 -2.3288431275146118 -2.0848948406066796 -2.435348047387996 -3.082865105230037 -3.5321570679863967 -3.966664286081669
-7.860254171735653 -8.038766273939885 -8.249859572712069 -8.374708527627913 -8.477380365552126 -8.623858854324006 -8.714757654832908 -8.793883417926502 -8.744053352587283 -8.68053370885817 -8.583885285425511 -8.531043512840515 -8.646309762883433 -8.933517117503435 -8.980335475596874 -8.676700626909 -7.859159005464461 -7.046819423808081 -6.217504764948233 -5.2449971161300795 -4.052634838370211 -3.247961420612173 -2.698187952473983 -2.362245698785956 -2.1933163014546495 -2.367995321709712 -2.6959976199316 -2.9832049745516005 -2.9120191669241455 -2.1503310253103787 -0.2880007811490404 0.9864989669501996 0.32255441504028415 -1.2761145493316732 -2.438359754633773 -2.9714319371362907 -3.0574024894248324 -2.6552026763297123 -2.0857162153100735 -1.8992641576397014 -2.556363920354669 -3.1395399597642033 -3.6219607022241087
-7.736226591523202 -7.915833859998627 -8.092703212796073 -8.314200591144576 -8.537888302035462 -8.719685903053271 -8.89737663055411 -9.010452548054644 -9.083828688224482 -9.06438948691083 -9.02140421076656 -9.088756936444845 -9.265352497674492 -9.25659116750496 -9.142420083733233 -8.483129988475882 -7.603437681141219 -6.730316371433705 -5.892514173972121 -4.712746308330956 -3.4286638553587894 -2.5448646745071573 -1.9627838013688148 -1.7204782638676703 -1.7410126314525132 -1.9422494337839722 -2.3036543032772046 -2.6385013906940404 -2.6970927862027914 -2.0788714261151258 -0.6072417492013955 0.08709366673408736 -0.35617488153071797 -1.4225930381035516 -2.515568976752782 -3.1357068778150325 -3.2635675399766537 -2.9686940214583117 -2.40221926768445 -2.069288721242199 -2.3261052118366328 -2.8709504317544603 -3.259734458027483
-7.5985094329208565 -7.797555902709933 -7.953890887922535 -8.241098242542536 -8.511604311526863 -8.761576012926351 -8.988001639495216 -9.184310193606313 -9.302588150895007 -9.336812096869746 -9.328050766700212 -9.50190841225188 -9.589795505515006 -9.433460520302404 -9.136670460809476 -8.379636775848276 -7.364143850885852 -6.409980237110158 -5.323027712952483 -4.022243974344644 -2.7001044934485683 -1.6843377769183472 -1.1022569037800047 -0.9461957101351999 -1.041748967296668 -1.2665318444587468 -1.6161636765366691 -1.9715451315383477 -2.0545039765811124 -1.7829027413255925 -1.0485937564916157 -0.6335257397099943 -0.8073833852616628 -1.5945341426806348 -2.574160372261533 -3.294779778705615 -3.5390018571813444 -3.2331766759510865 -2.7918246686608663 -2.542674341964774 -2.469571993362734 -2.6239904376007512 -2.8610939353137357
-7.4501144031743936 -7.7088474347434115 -7.91282215275285 -8.193184718177903 -8.431383382162078 -8.654249718349572 -8.922565454791517 -9.221545846826828 -9.414021318988754 -9.469601007251729 -9.53585856665882 -9.676587432506942 -9.700954882040957 -9.522168988268925 -8.979240309325682 -7.972508714532792 -6.563303515076984 -5.107279957527735 -3.466720883282698 -1.9247267734449063 -0.9774079488641607 -0.6765110158542651 -0.2420037977589926 0.01864577478461138 0.04602493156440168 0.013717526564249294 -0.1472719153009181 -0.475548005090604 -0.7742546055581165 -1.2019170344584416 -1.2616035962383845 -1.0409275925932744 -1.0436655082712534 -1.6473759152656302 -2.7107823645926867 -3.667683894046359 -3.999793065785216 -3.6227820769275025 -2.9481596538734687 -2.2332898703531434 -1.7714034954780804 -1.9159654432753732 -2.396195853192896
-7.495016220293249 -7.807412399150657 -8.004816119532945 -8.204957755593213 -8.308450968220821 -8.514616018772642 -8.80346612279943 -9.142420083733233 -9.43921014322616 -9.538870273904598 -9.630590449116895 -9.648386901023759 -9.617996036998193 -9.17171578148761 -8.128843699745396 -6.408063696135573 -4.800633401594083 -3.1677404912473874 -1.6032954728501678 -0.6513221916168579 -0.3093565234372768 -0.2362541748352367 0.04219184961523137 0.2697126424552887 0.4934003533461757 0.6516518795333641 0.8361873962291506 0.6379623011434687 0.15444639241237157 -0.6532387325914433 -1.3259446146708918 -1.6862543178929323 -1.6972059806048487 -1.9422494337839722 -2.745827685270818 -3.4872552508675403 -3.8084127598944812 -3.362132504383899 -2.434526672684602 -1.919798525224544 -1.9792112954366892 -2.106250582894916 -2.562387334846223
-7.527049833725604 -7.83177984868467 -8.029183569066959 -8.14636636008446 -8.234253453347588 -8.410027639873842 -8.66492758949369 -8.913804124621985 -9.180477111657142 -9.43154397932782 -9.576927301828507 -9.548726770345322 -9.309432940089955 -8.371970611949934 -6.209838601049891 -4.514521213245274 -3.332836806629523 -1.998924288318138 -1.2010956597550477 -0.4090166541157134 -0.12974925496185197 0.09886670414939713 0.21988257711607062 0.2297390735567948 0.44357028800695764 0.6954585303810283 0.8731492578818676 0.9903320488993703 0.5059947654648793 -0.3983387829715954 -1.3943925066203675 -1.9422494337839722 -2.2732634392516373 -2.4901063609475766 -2.741173228618254 -3.313397605315872 -3.865908989132041 -3.718609125656769 -2.687236289762067 -2.25464561264138 -2.4597154969220094 -2.480249864506852 -2.729400191202944
