static/data/ASCData/20210115/ASCV/18.asc
ncols 97
nrows 97
xllcorner 99.0
yllcorner 2.0
cellsize 0.25
NODATA_value -32767
[rows 76 to 94 of 97, columns 0 to 42 of 97]
-0.6656996893893301 -0.9283343066813814 -1.0982902472952705 -0.9499503245655008 -0.8035018034005916 -0.27120736300415005 0.047088500339508954 0.7015134417812252 1.2121918642935472 1.420246036428197 1.9779392978384789 2.0892617899416943 1.7396227006660618 1.370529195294722 1.3470217758457421 1.2386714862015937 1.0616903397753656 0.8236439428265001 0.5266938971434092 0.1781356087619832 -0.25742715160302376 -0.6451644723994165 -0.9704855415554143 -1.1871861208437118 -1.3268796364198336 -1.513317790670364 -1.7175891596752928 -1.9361811405284508 -2.2088131660919075 -2.5200838236232275 -2.8483770952382916 -3.1764001666298043 -3.419580367826148 -3.6492505578449173 -3.984028634825217 -4.290705888556162 -4.552529905177559 -4.848399149966443 -5.117788772847282 -5.463645058993194 -5.897046217569788 -6.265329122270474 -6.6138874106519
-0.7527041613729109 -1.021283183583095 -1.2917536073581397 -1.0318209923016033 -0.8950996791845478 -1.0064221712877628 -0.6959621144270973 -0.12962244586316762 0.4642776455030142 0.7912199160003208 1.6750448472372548 2.1146606109555344 2.0687265729517805 1.6817998528260425 1.2873075264408622 1.1730128318785806 0.908486813021669 0.6301805827636309 0.2375796579433116 -0.102332223284467 -0.5427585876734007 -0.8786174655479067 -1.2017769329154924 -1.4987269785985835 -1.6443648990928381 -1.7818968128805481 -1.9556355566241583 -2.100192676224207 -2.299600441205209 -2.5906060819701673 -2.919709954255886 -3.251786029000671 -3.594399912463964 -3.8289337065066604 -4.066169502784871 -4.343394932148703 -4.5555021076366256 -4.65412518923292 -4.877580774110005 -5.334759552359131 -5.773024314959653 -6.2496575093044875 -6.60118800014498
-0.9664325382021419 -1.2574381789671 -1.45468434215969 -1.159895898265011 -1.4519823399241751 -1.5641154326980446 -1.1031538513191974 -0.5786952174057491 -0.11584223446204156 0.2794606925937928 0.9573930534844894 1.7728573281628957 1.8625638023819913 1.828518574214503 1.4337560476057716 1.0881699616834117 0.7990557224833141 0.4826512607045159 0.05681570838736283 -0.3152499994430433 -0.730277542818137 -1.0545178110799287 -1.334715442902827 -1.6316654885859179 -1.9402341438817232 -2.100192676224207 -2.228267582187615 -2.357153088821677 -2.5200838236232275 -2.6892291635664622 -3.008605827804327 -3.297449866780873 -3.641414751361924 -3.972410025212503 -4.207754419925854 -4.449853820227991 -4.642236379396655 -4.644127780961515 -4.741940261887155 -5.212629051313856 -5.656027618161857 -6.133471413177345 -6.51634512994981
-1.351197656539468 -1.5125071899997096 -1.6070772682427321 -1.734071373311934 -2.1404525095333797 -1.7194805612401534 -1.1072068546724698 -0.6910985104031704 -0.4146836817099928 -0.016408552195092074 0.26108707739229153 1.0511525310568572 1.5148161146712193 1.531568528531412 1.658562633600614 1.3021685387361943 0.7015134417812252 0.3753817719545731 -0.009383346382753288 -0.5035795552584341 -0.8718624599591194 -1.1677317047480043 -1.4460379350060422 -1.7486621853837145 -2.0620944447034466 -2.3277012644545643 -2.4800941905376064 -2.675448952165336 -2.811359664611737 -2.913765549337753 -3.095340099564356 -3.366891324233607 -3.6335789448789306 -3.9694378227534366 -4.263415665977461 -4.489032852642958 -4.687089616506203 -4.690061818965269 -4.757611874853142 -5.029973700193047 -5.452837050051134 -5.914879432324187 -6.282892136801321
-1.6316654885859179 -1.8267500499900962 -2.199896558714708 -2.5152202195993008 -2.7273273950872228 -1.994814589039125 -0.7654035718798311 -0.38631265823708616 -0.3130883976546315 -0.20879111136375528 -0.06315319086950044 0.38024537597849983 0.6047817617497908 0.833371150874354 1.2629895063212278 1.6985522666862347 1.1087051786733255 0.21028943536461053 -0.11881443692110771 -0.6130106457967888 -1.0620834173393705 -1.338498246032548 -1.5984308610890843 -1.8961915074428297 -2.1755785385950737 -2.4187587397914174 -2.6638303425526217 -2.9029575403956933 -3.0572418680435955 -3.1861273746776577 -3.316093682205926 -3.5114484438336557 -3.744901436982146 -3.978354430130636 -4.260443463518395 -4.468497635653044 -4.705733431931256 -4.635481373807867 -4.5279416848343725 -4.743831663452016 -5.114005969717562 -5.623603591335677 -5.9000184200288555
-0.7486511580196384 -1.8367474582615013 -2.3855241122945836 -2.57304306743932 -2.6149241020898017 -2.0094054011109055 -0.9204985001983881 -0.35605023319931894 -0.14907686195887537 -0.46845352619673997 -0.6900177095089643 -0.5300591771664804 -0.2839067735110703 0.08329533029540892 0.9114590154807356 1.7766401312926168 1.5969569826308736 0.4153714050401942 -0.28282597261686426 -0.6216570529504366 -1.1158532618261177 -1.4617095479720288 -1.7038089482741667 -1.948880551035371 -2.209623766762562 -2.4449681614759124 -2.7146279845803023 -2.9518637808585133 -3.14127413756811 -3.314202280641066 -3.438224183251201 -3.636551147337997 -3.8405523161193744 -4.020235464781117 -4.219373029538568 -4.37176595562161 -4.636562174702073 -4.706814232825462 -4.7019506288015345 -4.841373944154105 -5.0270014977339805 -5.257482288423404 -5.394203601540459
0.8625527750179152 -0.5035795552584341 -1.2320393579532596 -1.7710888039384884 -2.228267582187615 -2.182333544183861 -1.487108368985869 -0.900233483432026 -0.49006954408085956 -0.42360028908719216 -0.3317322130796845 -0.176367084537576 -0.0015475398997599754 0.22109744430667044 0.5334489027321965 0.9787388711450573 1.2111110633993412 0.858769971888194 -0.41954728573391975 -0.7789135830574057 -1.0747828278462905 -1.4673837526666103 -1.7740610063975548 -2.014269005134832 -2.263393611249309 -2.531972633459493 -2.7535368167717174 -2.973209598519081 -3.094529498893702 -3.282048454038438 -3.515231246963377 -3.742739835193734 -3.9351223943623967 -4.124802951295545 -4.330695521641783 -4.406891984683304 -4.487952051748752 -4.664662997951428 -4.871906569415424 -4.947022231562739 -4.814083721575404 -4.705733431931256 -4.751667469935009
1.8363543806974962 1.0130542995360967 0.1927264208337638 -0.6824521032495225 -1.6657107167534062 -1.8375580589321556 -1.5465524181671977 -1.1080174553431243 -0.4625091212786072 -0.20581890890468868 0.3070211153960454 0.3351219386454005 0.26595068141621825 -0.102332223284467 -0.20473810801048264 -0.05234518192744053 0.5296660996024758 0.6507157997535447 -0.4314360955701855 -0.9234707026574545 -1.1755675112309976 -1.4998077794927893 -1.750553586948575 -1.9761707736140717 -2.2390755911296747 -2.5327832341301475 -2.6949033682610435 -2.91862915336168 -3.060214070502662 -3.244760823188332 -3.446059989734194 -3.648169756950711 -3.8805419492049955 -4.155875977003967 -4.340422729689637 -4.413646990272092 -4.399056178200311 -4.380682562998809 -4.391220371717317 -4.39716477663545 -4.298541695039155 -4.236936044069415 -4.265307067542322
2.37621442735338 1.7474585071490556 0.8498533645109951 0.23163525302517884 -0.6335458627867023 -1.4195583130979958 -1.4811639640677363 -1.0242553860421615 -0.7175781323112167 -0.13070324675737366 0.3078317160666999 0.13112076986402332 -0.3130883976546315 -0.568157408687241 -0.3395680195626778 0.03736129229165508 0.44374242851310086 0.2697334845459394 -0.8180926154723722 -1.2058299362687648 -1.437121327628843 -1.649228503116765 -1.904027313925823 -2.0680388496215794 -2.285820229804083 -2.4714477833839585 -2.6646409432232763 -2.8951217339127 -3.0456232584308816 -3.235033615140478 -3.3855351396586597 -3.5857535053103167 -3.8289337065066604 -4.094540526257778 -4.317996111134862 -4.443098814639204 -4.463634031629118 -4.389328970152457 -4.35717514354983 -4.183436399806219 -4.077788112397585 -4.034015676182244 -4.057252895407672
2.5861600010528902 2.0138759275708273 1.159502820701006 0.7082684473700125 0.7150234529587998 -0.05828958684557328 -1.0836994352234899 -0.986157154521401 -1.0593814151038554 -0.2506721460142365 0.20623643201133834 0.16624679892571725 -0.25661655093236924 -0.6824521032495225 -0.48709734162179297 -0.36388603968231226 -0.15691266844186824 -0.18231148945570874 -1.388485287389574 -1.648147702222559 -1.8013512289762557 -1.986168181885477 -2.09343767063542 -2.2496133998481826 -2.338509273396624 -2.5036016099865863 -2.691120565131323 -2.9480809777287926 -3.1453271409213825 -3.311230078181999 -3.444979188839988 -3.5798091003921835 -3.814072694211328 -4.009427455839058 -4.2536884579296075 -4.363930149138616 -4.466606234088184 -4.464444632299772 -4.383384565234325 -4.200999414337066 -4.097242528493293 -4.061305898760944 -4.172628390864159
2.7728683555269718 2.633985440621504 2.034411144560741 1.9357880629644462 1.9163336468687384 0.8341817515450085 -0.20771031046954924 -0.9948035616750486 -1.2017769329154924 -0.5973390328308024 -0.06990819645828772 0.0081796681480939 0.023851281114080525 -0.3982014680733519 -0.6940707128622368 -0.5924754288068754 -0.7019065193452301 -0.787830190434605 -2.0329128205598854 -2.1150536885195392 -2.2506942007423887 -2.3601252912807436 -2.462531176006759 -2.4763113874078857 -2.5633158593914662 -2.6959841691552495 -2.877558719381853 -3.1442463400271765 -3.3523005121618263 -3.493885429302809 -3.565218288320403 -3.6959951965193256 -3.78002746604384 -3.9732206258831573 -4.137502361802465 -4.2301810384806275 -4.367983152491889 -4.244771850552408 -4.271251472460454 -4.215590226408847 -4.115075743247692 -4.190191405395007 -4.3023244981688755
3.05495738891473 3.4583663226771093 3.6115698494308064 3.4591769233477643 2.8371760087322273 1.755294313632048 0.2121808369294711 -0.6619168862596092 -1.095318044836204 -0.8434914364862125 -0.4841251391627266 -0.5514049948270485 -0.40792867612120554 -0.06126178930463988 -0.3582118349877308 -0.7635121703149705 -0.8767260639830461 -1.3855130849305077 -2.691120565131323 -2.675448952165336 -2.724355192628156 -2.821897473330245 -2.7516454152068572 -2.766236227278638 -2.7389460046999368 -2.8708037137930655 -3.096420900458562 -3.341492503219767 -3.5260392559054363 -3.6530333609746384 -3.722474818427372 -3.762464451512993 -3.8473073217081617 -3.8921605588177095 -4.012399658298124 -4.069141705243938 -3.995917444661483 -3.314202280641066 -4.012399658298124 -4.0045638518151305 -4.139393763367326 -4.213698824843986 -4.319076912029068
2.9357990903285223 4.1038746567416275 4.401635303095372 4.355701265091618 3.6683118963766197 2.5345517583545543 0.9563122525902834 -0.22716472656525655 -0.688126307944104 -0.8121482105542392 -0.9480589230006404 -1.1334162763569646 -0.6208464522797821 -0.12475884183924091 -0.3609138372232459 -0.8748346624181857 -1.1355778781453767 -1.723263364369874 -3.3015028701341453 -3.2555688321303915 -3.2615132370485247 -3.2204428030686976 -3.12857472706119 -2.9986084195329217 -2.9313285638686 -2.9675353938245 -3.2312508120107575 -3.4012067526246463 -3.613854328559672 -3.7546286450299995 -3.8640597355683544 -3.8824333507698556 -3.942147600174736 -3.996728045332137 -3.9108043742427627 -4.000781048685409 -3.466595206724108 -1.907810117055544 -3.292586262756946 -4.036717678417759 -4.146148768956113 -4.175600593323226 -4.292597290121023
1.780693134645889 3.531590583259564 4.311928828876276 4.385963690129385 4.231679362481483 3.227885531987686 1.908497840385745 0.7190764563120724 -0.19014729593870205 -0.7408153515366451 -1.0515456086208623 -0.800529600941525 -0.4441355060771057 -0.3541588316344584 -0.6208464522797821 -1.0407375996788024 -1.3552506598927405 -2.12964450059132 -3.797590480574687 -3.7613836506187868 -3.7303106249103655 -3.667624173046419 -3.5895363084400373 -3.466595206724108 -3.367972125127813 -3.348247508808554 -3.3758079316108063 -3.443087787275128 -3.714639011944379 -3.7819188676087006 -3.9275567881029554 -3.9978088462263432 -4.062116499431599 -4.056442294737018 -3.9283673887736095 -3.877569746745929 -3.3512197112676203 -2.0348042221247455 -3.311230078181999 -4.072924508373658 -4.107239936764698 -4.122641349507133 -4.182355598912013
0.49156786808171526 1.8490537912044167 3.255175754566387 4.353809863526758 4.554028229178414 3.9096006960081033 2.6926188891321785 1.469152276891017 0.434015220465247 -0.213654715387682 -0.7183887329818712 -0.6481366748584829 -0.8102568089893789 -0.8980718816436142 -1.0993710481894765 -1.360924864587322 -1.5524968230853307 -2.393359918777577 -4.122641349507133 -4.057252895407672 -3.993755842873071 -4.014291059862984 -3.996728045332137 -3.9832180341545627 -3.908912972677902 -3.697886598084186 -3.592508510899104 -3.5349558632826357 -3.6881593900363323 -3.76732805553692 -3.8816227500992015 -3.937283996150809 -3.899996365300703 -3.843524518578441 -3.7359848296049467 -3.527930657470297 -3.466595206724108 -3.2771848500145113 -3.8767591460752744 -4.117777745483206 -4.125613551966199 -4.071033106808798 -4.017263262322051
0.37619237262522764 0.8830879920078285 1.6720726447781886 2.9406626943524485 4.054968416278806 4.190608928501655 3.0968384235652118 1.7777209321868228 0.9328048331413035 0.18299921278590991 -0.4187366850632652 -0.9831849520623344 -0.887534072925106 -1.0836994352234899 -1.2868900033342128 -1.3836216833656474 -1.7927048218226078 -2.4038977274960853 -4.249635454576335 -4.3777103605397425 -4.271251472460454 -4.317185510464208 -4.3277233191827165 -4.345286333713563 -4.31016030465187 -4.118858546377412 -3.9556576113523105 -3.8483881226023677 -3.7516564425709333 -3.814072694211328 -3.7935374772214145 -3.7732724604550523 -3.6295259415256584 -3.4117445613431547 -3.2088241934559836 -3.0594034698320076 -2.9869898099202077 -3.1666729585819504 -3.479294617231028 -3.796509679680481 -3.999700247791204 -3.993755842873071 -3.8629789346741483
0.8557977694291279 1.1662578262897934 1.2667723094509489 2.0481913559618667 3.2335597366822673 3.775581385126563 3.2357213384706793 1.8412179847214234 0.9465850445424295 0.2551426724741588 -0.2517529469084425 -1.0728914262814302 -1.13260567568631 -1.4449571341118363 -1.8210758452955147 -1.9626607624364971 -1.9332089380693844 -2.0339936214540915 -3.8005626830337533 -4.432290805697145 -4.455798225146124 -4.43148020502649 -4.469308236323698 -4.464444632299772 -4.400136979094517 -4.3288041200769225 -4.224236633562494 -4.115075743247692 -3.8394715152251684 -3.734093428040086 -3.7322020264752256 -3.6119629269948113 -3.3512197112676203 -2.867831511333999 -2.5200838236232275 -2.459558973547693 -2.419569340462072 -2.588444480181755 -2.7429990080532094 -3.039678853512749 -3.322038087124059 -3.4587594002411146 -3.505504038915523
1.02089010601909 0.7933815177887329 1.4240288395579177 1.571558161617033 2.460246696877894 3.176007089065799 2.8636556306402734 1.6985522666862347 0.5275044978140637 -0.16366767403065596 -0.688126307944104 -1.1061260537782638 -1.1823225168197848 -1.6686829192124726 -2.2017879602795687 -2.205840963632841 -1.73515217420614 -1.3836216833656474 -2.3025726436642753 -3.837580113660308 -4.38257396456367 -4.5017322631498775 -4.530103286622785 -4.444990216204065 -4.340422729689637 -4.276925677155036 -4.173438991534814 -4.0034830509209245 -3.8581153306502216 -3.7243662199922323 -3.6870785891421263 -3.541710868871423 -3.2966392661102186 -2.9048489419605534 -2.6443759264569144 -2.4800941905376064 -2.509546014904719 -2.799470854775471 -2.6873377620016017 -2.1326167030503864 -2.182333544183861 -2.209623766762562 -2.322027059759983
1.2786611192872144 0.7882477135412547 1.2619087054270222 1.6253280061037803 1.803930353871317 2.483754116326874 2.7639517481497724 1.7474585071490556 0.16138319490179054 -0.8091760080951729 -1.6540921071406918 -1.88538349850077 -2.0007589939572576 -2.3298628662429763 -2.7886628458334117 -2.228267582187615 -1.7605509952199803 -1.2604103814261665 -1.5943778577358119 -2.760562022584056 -4.316104709570002 -4.530913887293439 -4.42256359764929 -4.333667724100849 -4.299622495933361 -4.2037014165725815 -4.124802951295545 -3.9048599693246295 -3.8835141516640617 -3.7770552635847734 -3.7303106249103655 -3.669515574611279 -3.442006986380922 -3.3131214797468598 -3.073994281903788 -2.885394525864846 -2.8610765057452117 -3.065077674526589 -2.6949033682610435 -2.0534480375497988 -1.3366068444676875 -1.3414704484916142 -1.449820738135763
