static/data/pressure/2023/7/27/18.asc
ncols 137
nrows 93
xllcorner 108.0
yllcorner 17.0
cellsize 0.25
NODATA_value -32767
[rows 57 to 75 of 93, columns 86 to 128 of 137]
101.06705689309204 101.07084700647002 101.07409567507973 101.07653217653701 101.082849032167 101.08654890475029 101.09656563296355 101.10730428753453 101.11930631323152 101.13284243243862 101.14276891985718 101.15404901919645 101.16379502502556 101.17083380701328 101.17308982688111 101.17128501098685 101.164607192178 101.15801961416386 101.15260516648102 101.15007842422902 101.14854433071888 101.14710047800345 101.14980770184488 101.15359781522288 101.1575684101903 101.16054635641585 101.16379502502556 101.16677297125113 101.17002163986085 101.17209717813925 101.17227765972869 101.17209717813925 101.17281910449697 101.17606777310668 101.1793164417164 101.18030909045825 101.18202366555782 101.18554305655167 101.18806979880367 101.18933316992965 101.18879172516138 101.19005509628737 101.19610122953321
101.05929618474661 101.06335702050876 101.06606424435019 101.0680495418339 101.06958363534405 101.07156893282773 101.08005156753087 101.09106094448599 101.10333369256712 101.11560644064824 101.12426955694077 101.13681302740605 101.14854433071888 101.15630503906429 101.15955370767401 101.15729768780615 101.15260516648102 101.14628831085103 101.1397909736316 101.13582037866419 101.13410580356462 101.13302291402806 101.13681302740605 101.1410543447576 101.14755168197702 101.15107107297088 101.15332709283874 101.15585383509072 101.15558311270658 101.15729768780615 101.158290336548 101.15955370767401 101.16054635641585 101.16027563403172 101.162080449926 101.16379502502556 101.16559984091985 101.16957043588728 101.17579705072254 101.1793164417164 101.18202366555782 101.17976764568996 101.18310655509438
101.05108427242764 101.05505486739506 101.05785233203119 101.0565889609052 101.05577679375277 101.05803281362063 101.06507159560833 101.07608097256345 101.08781227587627 101.09855093044726 101.10531899005082 101.11533571826409 101.12751822555049 101.1385276025056 101.14258843826775 101.14358108700961 101.14006169601575 101.13455700753819 101.12860111508706 101.12408907535135 101.12084040674165 101.11984775799979 101.12481100170906 101.12932304144478 101.13609110104834 101.14078362237346 101.14303964224132 101.14331036462546 101.14258843826775 101.14403229098318 101.14484445813561 101.14628831085103 101.14827360833475 101.14854433071888 101.14908577548717 101.15052962820259 101.15179299932859 101.15332709283874 101.15883178131628 101.16578032250928 101.17128501098685 101.17056308462914 101.17227765972869
101.04260163772452 101.04657223269193 101.04756488143379 101.04603078792366 101.04359428646637 101.04404549043994 101.05108427242764 101.06227413097218 101.07382495269559 101.082849032167 101.09033901812828 101.09782900408955 101.10757500991868 101.1185843868738 101.12652557680863 101.12805967031878 101.12454027932492 101.11957703561566 101.1135309023698 101.1090188626341 101.10604091640853 101.10577019402439 101.11010175217066 101.11533571826409 101.12228425945707 101.12706702157692 101.13103761654435 101.13157906131264 101.13130833892849 101.13257171005449 101.13284243243862 101.13410580356462 101.13609110104834 101.13681302740605 101.13807639853205 101.1385276025056 101.13879832488975 101.1403324183999 101.14132506714175 101.14755168197702 101.15260516648102 101.15729768780615 101.16027563403172
101.03132153838526 101.0361043005051 101.0368262268628 101.03529213335267 101.03285563189539 101.03204346474297 101.0368262268628 101.04810632620207 101.06001811110434 101.0693129129599 101.0770736213053 101.08158566104102 101.09079022210184 101.10053622793097 101.10856765866052 101.11280897601209 101.10883838104466 101.10306297018298 101.09629491057942 101.0917828708437 101.09079022210184 101.09079022210184 101.09403889071156 101.09954357918912 101.10631163879268 101.11181632727023 101.11578692223766 101.11957703561566 101.12056968435752 101.12156233309935 101.12156233309935 101.12282570422535 101.12426955694077 101.12535244647735 101.12751822555049 101.12733774396106 101.12778894793463 101.12833039270292 101.12932304144478 101.13103761654435 101.13383508118048 101.13906904727389 101.14403229098318
101.02004143904598 101.02455347878168 101.0265387762654 101.0252754051394 101.02184625494026 101.02103408778784 101.02509492354997 101.03384828063724 101.04557958395007 101.05604751613691 101.06335702050876 101.06705689309204 101.07526880541101 101.08483432965072 101.09277551958556 101.09782900408955 101.09277551958556 101.08582697839257 101.07878819640487 101.07653217653701 101.07553952779516 101.0758102501793 101.07878819640487 101.0840221624983 101.08907564700228 101.09485105786398 101.09981430157326 101.10405561892483 101.10730428753453 101.10956030740238 101.11010175217066 101.1122675312438 101.11380162475395 101.11506499587995 101.11677957097952 101.11677957097952 101.11777221972137 101.11831366448966 101.11930631323152 101.12084040674165 101.12102088833109 101.12102088833109 101.12553292806678
101.0073174869913 101.01282217546886 101.01534891772086 101.01552939931028 101.01110760036929 101.01002471083271 101.01155880434285 101.01977071666184 101.03105081600111 101.04178947057208 101.04882825255979 101.0533402922955 101.06128148223033 101.06985435772818 101.07752482527887 101.08104421627273 101.07508832382159 101.0680495418339 101.06335702050876 101.0611010006409 101.0611010006409 101.06083027825676 101.06507159560833 101.0693129129599 101.07427615666916 101.07905891878902 101.08384168090886 101.08835372064456 101.09259503799613 101.09602418819527 101.09909237521555 101.1013483950834 101.10333369256712 101.10477754528253 101.10531899005082 101.10604091640853 101.10685308356095 101.1078457323028 101.1090188626341 101.10983102978652 101.11109440091252 101.10883838104466 101.10883838104466
100.99405209016832 100.99928605626174 101.00253472487145 101.00379809599744 101.00127135374545 100.99928605626174 100.99955677864588 101.0060541158653 101.01652204805214 101.02554612752354 101.03285563189539 101.03655550447866 101.04476741679765 101.05379149626906 101.0598376295149 101.06155220461447 101.05803281362063 101.0520769211695 101.04729415904964 101.04657223269193 101.04729415904964 101.0482868077915 101.0533402922955 101.05676944249463 101.06227413097218 101.06660568911848 101.07084700647002 101.07608097256345 101.0796003635573 101.08384168090886 101.087270831108 101.08934636938642 101.09079022210184 101.09232431561199 101.09232431561199 101.09458033547985 101.09458033547985 101.09584370660583 101.09710707773183 101.09683635534769 101.09683635534769 101.09828020806312 101.09927285680497
100.98277199082906 100.98827667930661 100.99152534791632 100.99206679268461 100.98926932804847 100.98683282659118 100.9862913818229 100.9913448663269 100.99955677864588 101.00803941334901 101.01679277043628 101.02130481017197 101.03005816725926 101.03754815322051 101.04151874818794 101.04178947057208 101.04034561785666 101.03754815322051 101.03402876222668 101.03303611348483 101.0335775582531 101.03457020699496 101.04034561785666 101.04557958395007 101.05135499481179 101.05559631216335 101.05956690713076 101.06507159560833 101.0680495418339 101.07183965521187 101.07427615666916 101.0758102501793 101.07734434368945 101.07851747402073 101.07851747402073 101.07978084514673 101.0796003635573 101.08005156753087 101.08131493865687 101.08203686501459 101.08384168090886 101.08754155349213 101.08979757335999
100.97203333625806 100.97654537599378 100.97934284062993 100.98033548937178 100.97807946950392 100.97555272725192 100.97383815215235 100.97654537599378 100.9823207868555 100.99035221758504 100.99784220354631 101.00235424328203 101.00984422924328 101.01607084407857 101.02103408778784 101.02708022103369 101.0303288896434 101.03330683586897 101.03059961202754 101.02708022103369 101.02383155242397 101.02428275639754 101.02879479613325 101.03330683586897 101.03881152434651 101.0437747680558 101.0482868077915 101.05252812514307 101.0553255897792 101.05884498077305 101.06028883348847 101.06155220461447 101.06254485335633 101.06281557574047 101.06380822448233 101.06407894686647 101.06480087322419 101.06507159560833 101.0655227995819 101.06660568911848 101.06877146819161 101.07084700647002 101.07202013680131
100.96210684883953 100.9663481661911 100.96860418605894 100.96959683480078 100.9663481661911 100.9632799791708 100.9612946816871 100.9625580528131 100.96752129652238 100.9728455034105 100.97952332221935 100.98457680672334 100.99053269917447 100.99657883242031 101.00253472487145 101.00957350685914 101.01733421520457 101.02482420116583 101.02130481017197 101.01507819533671 101.01128808195871 101.010566155601 101.01327337944242 101.01832686394643 101.02482420116583 101.0303288896434 101.0361043005051 101.04052609944608 101.04404549043994 101.04603078792366 101.04702343666551 101.04882825255979 101.04982090130164 101.05054282765936 101.05279884752721 101.05252812514307 101.0533402922955 101.05352077388493 101.05379149626906 101.05505486739506 101.05577679375277 101.0565889609052 101.05731088726291
100.95227060221568 100.95551927082539 100.9580460130774 100.95985082897167 100.95606071559368 100.95308276936811 100.94956337837426 100.95082674950027 100.95308276936811 100.95705336433554 100.96309949758138 100.96734081493295 100.97329670738407 100.97907211824578 100.98502801069691 100.99278871904232 101.00235424328203 101.01083687798514 101.00984422924328 101.0035273736133 100.99829340751988 100.99684955480446 100.99883485228817 101.00280544725558 101.00984422924328 101.01832686394643 101.02428275639754 101.03078009361697 101.03402876222668 101.03655550447866 101.03854080196237 101.03980417308837 101.04079682183023 101.04106754421437 101.04359428646637 101.04458693520823 101.04585030633422 101.0463015103078 101.04657223269193 101.04756488143379 101.04810632620207 101.04882825255979 101.04909897494393
100.94577326499628 100.94577326499628 100.94956337837426 100.95010482314255 100.94685615453284 100.94360748592312 100.93954665016099 100.93882472380328 100.94081002128699 100.94360748592312 100.94902193360598 100.95407541810997 100.96057275532938 100.96679937016467 100.9715821322845 100.9785306734775 100.9888181240749 100.99684955480446 100.9958569060626 100.98908884645904 100.98205006447135 100.98078669334535 100.98385488036563 100.98782547533304 100.99477401652604 101.00406881838158 101.01210024911114 101.01959023507241 101.02283890368211 101.02680949864954 101.03059961202754 101.03429948461081 101.03655550447866 101.03583357812096 101.03781887560466 101.03908224673066 101.04052609944608 101.04034561785666 101.04034561785666 101.04151874818794 101.04178947057208 101.04278211931394 101.04332356408223
100.94432941228084 100.93954665016099 100.94108074367114 100.94053929890285 100.93909544618742 100.93557605519356 100.93079329307373 100.92952992194773 100.93079329307373 100.93304931294159 100.93810279744557 100.9427953187707 100.94983410075841 100.95578999320954 100.96030203294524 100.96679937016467 100.97428935612592 100.98033548937178 100.97880139586164 100.97185285466864 100.96553599903866 100.9650847950651 100.96833346367481 100.97257478102635 100.97934284062993 100.98782547533304 100.9958569060626 101.00379809599744 101.00957350685914 101.01507819533671 101.02229745891383 101.02680949864954 101.03258490951124 101.03258490951124 101.03429948461081 101.03429948461081 101.03457020699496 101.03529213335267 101.03583357812096 101.0368262268628 101.03754815322051 101.03827007957823 101.03881152434651
100.9427953187707 100.93485412883587 100.93485412883587 100.93178594181559 100.93034208910017 100.92907871797416 100.92384475188074 100.9248374006226 100.92501788221202 100.9268226981063 100.92709342049045 100.93178594181559 100.93828327903499 100.94306604115485 100.94802928486412 100.95335349175225 100.96003131056109 100.9612946816871 100.95930938420338 100.95407541810997 100.95082674950027 100.94983410075841 100.95254132459982 100.95678264195139 100.9625580528131 100.97058948354264 100.97835019188807 100.98710354897533 100.99378136778418 101.00181279851374 101.00903206209087 101.01534891772086 101.02301938527154 101.02455347878168 101.02626805388125 101.02608757229183 101.02807286977554 101.02879479613325 101.03285563189539 101.03402876222668 101.0348409293791 101.03402876222668 101.03429948461081
100.93683942631957 100.93160546022615 100.92934944035831 100.92528860459616 100.92258138075474 100.92176921360232 100.92077656486046 100.9255593269803 100.92357402949659 100.92158873201288 100.92104728724459 100.92285210313888 100.92880799559002 100.93133473784202 100.93530533280942 100.93927592777685 100.9415319476447 100.94180267002885 100.94008809492928 100.93602725916713 100.93431268406758 100.9337712392993 100.93701990790899 100.94180267002885 100.94730735850641 100.95479734446768 100.9632799791708 100.97185285466864 100.9797940446035 100.98827667930661 100.9958569060626 101.0015420761296 101.0073174869913 101.00984422924328 101.01128808195871 101.013092897853 101.01607084407857 101.02130481017197 101.02708022103369 101.02960696328569 101.0290655185174 101.02753142500725 101.02554612752354
100.92754462446402 100.92835679161645 100.92501788221202 100.92005463850275 100.91680596989305 100.91806934101903 100.92059608327102 100.92583004936445 100.9185205449926 100.91707669227719 100.91707669227719 100.9177986186349 100.9197839161186 100.91933271214502 100.92032536088688 100.92005463850275 100.92158873201288 100.92158873201288 100.92059608327102 100.91960343452917 100.9177986186349 100.91879126737675 100.92231065837059 100.92727390207988 100.93404196168343 100.94135146605528 100.94902193360598 100.95759480910381 100.96580672142281 100.97383815215235 100.98159886049777 100.98782547533304 100.99233751506875 100.99603738765204 100.99802268513574 101.0002787050036 101.0035273736133 101.00885158050143 101.01552939931028 101.01931951268828 101.01760493758871 101.01778541917814 101.01634156646271
100.9152718763829 100.91806934101903 100.91834006340318 100.91806934101903 100.91707669227719 100.91707669227719 100.92104728724459 100.92158873201288 100.91454995002519 100.91427922764105 100.91608404353534 100.9177986186349 100.91933271214502 100.91608404353534 100.91003791028947 100.90534538896435 100.9038112954542 100.9025479243282 100.9005626268445 100.90110407161278 100.9005626268445 100.90435274022249 100.90778189042163 100.91328657889919 100.92059608327102 100.92727390207988 100.93458340645172 100.942073392413 100.94983410075841 100.95732408671967 100.96427262791266 100.97076996513208 100.97528200486778 100.97934284062993 100.9823207868555 100.98484752910748 100.98854740169075 100.99333016381061 100.99910557467231 101.0035273736133 101.00406881838158 101.0060541158653 101.00758820937543
100.9005626268445 100.90552587055377 100.90579659293792 100.90760140883219 100.9095867063159 100.91184272618376 100.91879126737675 100.91806934101903 100.91482067240933 100.91454995002519 100.9165352475089 100.91806934101903 100.91734741466134 100.9083233351899 100.89785540300308 100.89108734339952 100.88856060114752 100.88702650763737 100.88585337730609 100.88702650763737 100.8865753036638 100.89027517624709 100.89433601200922 100.89956997810265 100.90606731532206 100.91130128141548 100.92005463850275 100.9255593269803 100.93332003532572 100.94108074367114 100.94802928486412 100.95380469572582 100.9587679394351 100.96355070155495 100.96679937016467 100.97004803877437 100.97356742976821 100.97807946950392 100.98304271321321 100.98908884645904 100.99333016381061 100.99603738765204 100.99955677864588
