static/data/ASCData/20210106/ASCU/00.asc
ncols 97
nrows 97
xllcorner 99.0
yllcorner 2.0
cellsize 0.25
NODATA_value -32767
[rows 19 to 37 of 97, columns 0 to 42 of 97]
-1.1997241257598896 -0.7808118506465878 0.1088780288797575 0.6402483016574037 0.514325266578703 0.455727418571783 0.571925704406782 -0.810983508556534 -0.520986499058457 0.1567537174641349 -0.5032824683840258 -1.2054592342882264 -1.1860097358008233 -0.9730626626182282 -0.9526157539519837 -1.122424836899697 -1.351081120399041 -1.3296368015539552 -0.9663301439110501 -0.6723434936976083 -1.092253178989751 -1.0855206602825729 -0.695782632900376 -0.5688621876428344 -0.2836028764942524 -0.018042416377784587 -0.9710678422605459 -1.1029753384122938 -1.5004432946805097 -1.5560489121509065 -1.5111654541030526 -1.2670493128316702 -0.8608540174985939 -1.2563271534091274 -3.0541590007703805 -3.6595869793269857 -3.9428514701178847 -4.007184426653142 -3.4897778963792723 -2.965389494853514 -2.658685864859847 -2.398860513271716 -2.3559718755815444
-0.7825573184595602 -0.8461422173606863 0.4213167674017617 0.683136939347575 0.3774307195327493 0.28766380343704157 0.3003807832172667 -1.219173624247293 -0.7641052301509981 0.20762163658503585 -0.3950634639797559 -1.1977293054022073 -1.225906142954471 -1.1401288675741283 -0.9301740249280568 -1.3822501884878282 -1.6966837473675147 -1.6665120894575687 -1.4261362363568408 -1.2456049939865845 -1.1890019663373468 -1.2797662926118956 -0.954610574309666 -0.701517741428713 -0.4436872101982643 -0.2826054663154114 -0.48283555971778114 -0.5374437670093366 -0.7788170302889057 -0.7142347212089382 -0.6401770154299795 -0.6673564428034022 -2.2659556069411266 -3.7757852651619848 -5.198590885278948 -5.2327521839042594 -5.194850597108294 -4.660488093794124 -4.136099692268366 -3.551118622378006 -3.1683624662476975 -2.762167170914621 -2.291389566501577
-1.0269228122756526 -0.7758247997523822 0.31683805116814634 0.9731339488456525 -0.08337278309188267 -0.25043898804778264 -0.19383596039854512 -1.1176871385502014 -0.5775895267076945 0.3716956110044123 -0.6489043544948401 -1.5385942340211856 -1.455559836632656 -1.121427426720856 -0.8783086956283148 -1.2992157910992987 -1.8587629014292089 -1.7445594359518921 -1.3685357985287618 -1.196731895223366 -1.115692318192519 -1.2690441331893527 -1.1870071459796645 -0.988771872934977 -0.5474178687977487 -0.4242377117108611 -0.2250050284873324 0.03955802145029441 0.006394133003824631 0.07371932007560522 -0.8022561694916734 -2.3804084249631536 -4.371488494474888 -5.919469092036422 -6.529634768942523 -6.111719904008062 -5.621492801107615 -5.103836918289035 -4.545287218137966 -3.9810024094585605 -3.473071275883682 -2.9282359656916794 -2.4534687205632713
-0.31003424623354414 -0.3860867723701853 0.17246292778088357 0.8354913441655678 0.058259462303567044 -0.520986499058457 -0.7279491111680048 -1.1742901661994392 -0.7259542908103223 0.3951347502071805 -0.954610574309666 -1.1947370748656836 -0.9583508624803205 -1.219173624247293 -0.9760548931547517 -1.3313822693669273 -1.7465542563095746 -1.6956863371886737 -1.2298957836698359 -1.2328880142063594 -1.0423826700476913 -1.1840149154431407 -1.2456049939865845 -0.896012726302746 -0.4302221727839082 -0.297317266453319 -0.11578861390422146 0.18218767702458516 0.4095971978003776 -0.011060545125896049 -1.415414076934298 -3.9458437006544083 -6.303222658345572 -6.690965865370085 -6.656804566744775 -6.320677336475292 -5.862866064387184 -5.422260117884086 -5.029779212510077 -4.372485904653729 -3.5678252428735955 -3.007280722364844 -2.730000692646992
0.5699308840490995 -0.06965839313281652 0.34725906162280307 0.8521979646611575 0.07371932007560522 -0.7065047923229191 -0.9144648146113081 -1.3423537813341804 -1.0142058324954275 0.27095718294145144 -1.0092187816012215 -0.953613164130825 -0.20455811982108774 -0.4681237595798735 -1.2720363637258763 -1.6283611501168929 -1.7221177069279652 -1.7650063446181365 -1.235880244742883 -1.427133646535682 -1.196731895223366 -1.0403878496900087 -1.1019779282334525 -0.8930204957662224 -0.42722994224738464 -0.02776716562148618 0.13830162915557276 0.27095718294145144 0.23006336560896257 -0.69079558200617 -3.1763417476784266 -5.710511659569192 -6.371545255596193 -6.759288462620708 -6.564793477746674 -6.260084668110689 -5.95936549919007 -5.680090649114535 -5.287609743740525 -4.454522891863418 -3.6488648199044427 -3.1987834767023537 -2.9212540944397913
0.8110547947839586 -0.011060545125896049 0.4614625271001196 0.9614143792442684 -0.048214074287730835 -0.8294355968650962 -0.49455512931916523 -0.9221947434973272 -1.2221658547838166 -0.2152802792436308 -0.9428910047082821 -0.6733409038764493 -0.03075939615800971 -0.6341925543569324 -1.438853216137066 -1.489721135257967 -1.5570463223297475 -1.917360749436129 -1.3999542191622594 -1.5433319323706811 -1.3500837102201997 -1.1264144776150617 -1.0560970600067576 -0.8471396275395273 -0.2718833068928683 0.25923761334006734 0.3794255398904314 0.47991461540868174 -0.2631559678280082 -2.3128338853466626 -4.759231701499402 -5.767114687218429 -6.430143103603113 -6.540356928365066 -6.362817916531332 -6.1595955925924395 -6.035667377871421 -5.82571253522535 -5.426249758599451 -4.613609815388588 -3.846102682770289 -3.3950239293893585 -2.896817545058182
0.85394343247413 -0.45366131198667636 0.335539492021419 0.8207795440276602 -0.26614819836453174 -1.0159513003083995 -0.585319455593714 -0.5052772887417079 -1.3323796795457685 -0.9321688452857393 -0.3050471953393381 -0.2855976968519349 -0.7162295415666207 -0.9653327337322088 -1.0862687179167039 -1.092253178989751 -1.2466024041654258 -1.795427355072793 -1.4819912063719476 -1.3939697580892123 -1.2328880142063594 -1.2007215359387309 -1.1069649791276586 -0.8862879770590444 -0.349182595753061 0.35598640068766363 0.45074036767757697 0.5572139042688744 -1.0882635382743862 -3.43791256707953 -4.943752584585024 -5.782574544990467 -6.111719904008062 -6.213455742249864 -6.313944817768114 -6.232905240737267 -6.30995517705275 -6.133164222853148 -5.917474271678739 -5.332493201788379 -4.342314246743783 -3.133203757443545 -2.4604505918151593
0.8422238628727459 -0.5591374383991323 0.4175764792311072 1.0112848881863283 -0.025772345263803675 -0.7845521388172423 -0.41351555228831804 -0.3013069071686836 -1.3725254392441266 -0.7349309824198929 0.3824177704269549 -0.7025151516075541 -0.7269517009891633 -0.5591374383991323 -0.7962717084186264 -1.0199409410237643 -0.9281792045703745 -0.9984966221786786 -1.0132084223165863 -0.9633379133745266 -1.0453749005842148 -1.1314015285092678 -1.0628295787139357 -0.7972691185974679 -0.4359572813122452 0.02310075349941476 0.3599760414030282 0.5240500158224046 -1.674242018343588 -3.8558274320139905 -4.972178774681997 -5.500556816923121 -5.85987383385066 -6.203481640461452 -6.428148283245431 -6.685978814475879 -6.927102725210738 -7.031581441444354 -6.889201138414773 -5.900767651183149 -4.345057124735597 -3.1683624662476975 -2.546227867195502
-0.0404841454017113 -0.7356790400540238 0.6489756407222642 0.4868964866605703 -0.4915628987826417 -0.9935095712844726 -0.7416635011270709 -0.6546394630231767 -1.6273637399380518 -1.0521074192913928 0.2963911425019021 -0.4302221727839082 -0.5072721090993904 -0.31103165641238517 -0.4436872101982643 -0.6449147137794751 -0.4329650507757212 -0.20256329946340568 -0.12152372243255849 -1.185012325621982 -0.81597055945074 -0.7406660909482299 -0.8227030781579181 -0.5491633366107207 -0.10681192229465086 0.10214551017257945 0.4155816588734247 0.164483646350154 -2.347244536516684 -3.9877349281657386 -4.612861757754457 -5.1282734676706445 -5.732953388593119 -6.331399495897835 -6.899923297837316 -7.267967653829717 -7.605840351912171 -7.748470007486462 -6.884214087520567 -4.821819190221687 -3.420457888949809 -2.8197676087427 -2.237778769388863
-0.5257241974079525 -0.24545193715357705 0.4312908691901738 -0.4047882132234575 -1.1361392268587636 -1.340358960976498 -0.9331662554645803 -0.2953224460956365 -1.8315834740557864 -0.9847822322196123 0.19964235515430628 -0.4985447700345298 -0.29058474774614096 -0.07564285420586359 -0.2601637372914847 -0.5444256382612247 -0.4466794407347878 0.39987244855667603 1.0092900678286458 -1.2855014011402324 -1.1722953458417569 -1.069811449965824 -1.1792772170936452 -0.8528747360678643 -0.08137796273420017 0.7701609774514693 1.1646367031831617 0.35299417015113965 -2.2612179085916306 -3.6304127315958805 -4.199684591169492 -4.863710417733017 -5.646926760668066 -6.299233017630207 -6.902666175829129 -7.3071160033492335 -7.402867380517988 -7.062999862077851 -5.742678137836821 -3.3980161599258825 -2.2826622274367168 -2.141029982041267 -1.7281021680010125
-0.9877744627561358 -0.4195000133613651 -0.14994991252953227 -0.4105233217517945 -0.6693512631610843 -0.8970101364815872 -0.6087585947964818 -0.15867725159439283 -1.9153659290784466 -1.087266128095545 0.15874853782181741 0.03955802145029441 0.13131975790368422 0.2799338745510225 -0.053201125181936426 -0.5735998859923299 -0.25442862876314765 0.32282251224119385 0.7163008277940448 -1.0590892905432812 -1.7064084966112165 -1.720122886570283 -1.8373185825841232 -1.496453653965145 -0.5835739877807415 0.34526424126512056 1.7398930238298211 1.3062689485786114 -1.1909967866950293 -3.249402043278544 -3.8939783713546663 -4.477962031066186 -5.213302685416856 -5.933931539629619 -6.540356928365066 -6.705428312963283 -6.372542665775034 -5.340223130674398 -4.03062356585591 -2.321810576956233 -1.795427355072793 -1.6547925198561846 -1.1772823967359627
-0.6596265139173827 0.3003807832172667 0.06898162172610967 -0.3666372738827821 -0.6987748634368995 -1.1254170674362207 -0.8568643767832291 -0.6284574458285954 -1.8450485114701425 -1.0728036805023478 0.052275001230519536 -0.11578861390422146 0.5170681445705165 0.625536501519496 -0.08062990510006962 -0.6770811920471038 -0.49555253949800626 -0.09309753233558427 -0.27886517814475686 -1.122424836899697 -1.565773661394608 -1.8627525421445736 -1.9447895293542619 -1.8520303827220308 -1.1117026774771543 -0.22400761830849136 1.3189859283588365 2.301434954517413 0.5123304462210205 -1.8550226132585546 -3.5024948761594974 -4.045335365993817 -4.585432977836325 -5.276887584317983 -5.709514249390351 -5.5815963939539674 -4.828551708928865 -3.673301369286052 -3.032714681925295 -3.1060243300701225 -2.481894910660245 -1.9672312583781888 -1.4046919175117552
0.23205818596664507 0.8706500529697196 -0.18884890950433908 -0.5735998859923299 -0.8832957465225206 -1.3109353607006828 -1.4194037176496628 -1.1977293054022073 -1.8617551319657326 -1.0453749005842148 -0.4663782917669015 -0.5775895267076945 -0.032754216515692214 0.3238199224200349 -0.38234648419953077 -1.212441105540115 -0.9867770525772945 -1.2161813937107693 -1.5483189832648871 -1.6460651807913242 -1.380255368130146 -1.6069168312718072 -1.4652845858763577 -1.3735228494229679 -1.6966837473675147 -1.0962428197051157 0.29165344415240657 2.1440934988052147 1.6478819348317204 0.23679588431614063 -1.6380858993605947 -3.3763224885360863 -3.920409741093958 -4.337327195849577 -4.74077961319084 -4.533567648536582 -4.1009409834642145 -3.796232173828229 -4.575708228592623 -4.863710417733017 -5.102091450476063 -4.589422618551689 -4.03062356585591
0.5991051317802047 0.8853618531076273 -0.2172750996013133 -0.4312195829627492 -0.7416635011270709 -1.3333770897246098 -1.4428428568524307 -1.3071950725300283 -1.6605276283845214 -1.1742901661994392 -1.3393615507976568 -1.2660519026528292 -1.122424836899697 -0.7651026403298391 -0.6703486733399258 -1.4907185454368082 -1.8724772913882752 -2.2816648172578753 -2.312085827712532 -1.8071469246741771 -1.3872372393820342 -1.2513401025149216 -1.110705267298313 -1.120679369086725 -1.443840267031272 -2.097143934172254 -1.202467003751703 0.683136939347575 1.7583451121383824 1.2212397308323997 0.09042594057119535 -1.6557899300350258 -3.031717271746454 -3.449632136680914 -4.111663142886757 -4.246562869575028 -4.833538759823071 -5.794294114591851 -6.782727601823476 -7.37942824131522 -7.618557331692396 -7.34526694268991 -6.78646788999413
0.39712957056486253 0.6908668682335946 0.2816793423639945 0.1205975984811416 -0.5571426180414503 -1.1488562066389887 -1.6879564083026544 -1.7368295070658728 -1.4116737887636435 -1.3832475986666695 -1.609909061808331 -1.5453267527283636 -1.5999349600199189 -1.6732446081647467 -1.5774932309959921 -1.6420755400759595 -2.2669530171199677 -2.5796411081866824 -2.3831513029549667 -1.8774643422824813 -1.4361103381452527 -1.2640570822951467 -1.103972748591135 -1.1136974978348366 -1.427133646535682 -2.175191280666578 -2.4320244017181856 -1.2386231227346962 0.15775112764297594 1.5336784693544034 0.566938653512576 -0.6117508253330053 -1.9886755772232745 -3.1566428966463134 -3.816928435039184 -5.161686708661824 -6.3842622353764185 -7.71331129868231 -8.53168635042151 -8.972042944379897 -8.709474714799953 -8.434937563073914 -7.98884586058719
0.4966212359042719 0.5180655547493576 0.6567055696082837 0.45647547620591356 -0.32175381583492824 -1.1431210981106519 -1.6839667675872896 -1.8684876506729107 -1.2845039909613911 -1.3558188187485365 -1.2533349228726038 -1.508173223566529 -1.6136493499789852 -1.795427355072793 -1.6986785677251972 -1.6360910790029122 -2.0941517036357307 -2.295379207216942 -2.307098776818326 -2.141029982041267 -1.7532867750167527 -1.4184063074708215 -1.3323796795457685 -1.5784906411748332 -1.9066385900135863 -2.2230669692509553 -2.8177727883850174 -2.6382389561936024 -1.973215719451236 0.06000493011653907 1.2202423206535586 0.10314292035142048 -1.4602975349821516 -2.9125267553749308 -4.636300896957225 -6.358828275815968 -7.603845531554489 -8.619707798704246 -9.328617083315624 -9.351058812339552 -8.968302656209243 -8.454636414106027 -7.966154779018553
0.849205734124634 0.47916655777455075 0.683136939347575 0.5494839753828553 -0.1479550921718502 -0.9917641034715006 -1.5054303455747158 -1.6498054689619785 -1.2338854243852007 -0.9389013639929173 -1.4311232872510466 -1.120679369086725 -1.3782605477724634 -1.420401127828504 -1.3548214085696955 -1.4368583957793837 -1.674242018343588 -2.2290514303240023 -2.417312601580278 -2.337270434728272 -2.4447413814984107 -2.1517521414638097 -2.084426954392029 -2.3831513029549667 -2.6851172345991383 -2.7846088999385477 -2.9008071857735467 -3.1743469273207445 -3.0833332485014853 -2.002389967182341 -0.03075939615800971 0.740737377175654 -0.5718544181793579 -3.0551564109492215 -5.4681409861107815 -7.084444180922937 -8.124493644909592 -8.950598625534813 -9.275754343837042 -9.270019235308705 -8.94960121535597 -8.521961601177807 -8.211268330468776
0.7651739265572632 0.9262556704401161 0.3502512921593266 0.283674162721677 -0.010312487491765054 -0.6469095341371576 -1.311932770879524 -1.6313533806534166 -1.196731895223366 -0.7818092608254292 -1.3159224115948889 -1.1304041183304265 -0.5843220454148725 -0.9164596349689904 -1.230893193848677 -1.161573186419214 -1.4944588336074627 -1.9702234889147123 -2.497604120976994 -2.5599422571545687 -2.879362866928461 -2.9282359656916794 -2.82849494780756 -2.9155189859114543 -3.1302115269070216 -3.1312089370858627 -2.9671349626664862 -2.9145215757326133 -3.0434368413478374 -2.757180120020415 -1.4652845858763577 0.24951286409636575 0.25923761334006734 -2.3100910073548495 -5.705524608674986 -7.460467818346067 -8.281585748077081 -9.14110396969348 -9.432098389370399 -9.33335478166512 -8.967305246030403 -8.55612289980312 -8.271860998833379
0.3814203602481139 0.7270229872165879 -0.015050185841261055 0.017116292426367696 0.17046810742320107 -0.5257241974079525 -1.6702523776282232 -1.9263374410456997 -1.0962428197051157 -0.8832957465225206 -1.9739637770853669 -1.305200252172346 -0.21926991995899536 -0.5658699571063104 -1.22515808532034 -1.466281996055199 -2.0053821977188644 -2.203617470763552 -2.7035693229077005 -3.2601242027010873 -3.665571440400033 -3.6314101417747215 -3.351137881520346 -3.1626273577193604 -3.2671060739529754 -3.4339229263641653 -3.477060916599047 -2.9195086266268193 -2.602082837210609 -2.6751431328107267 -2.2133422200072537 -0.8695813565634543 -0.23472977773103398 -1.835323762226441 -4.84899861759511 -7.1919151276930755 -8.442916844504644 -8.774805081514051 -9.006204243005207 -9.135119508620432 -8.90870739802348 -8.710472124978795 -8.585297147534224
