static/data/ASCData/20210106/ASCU/03.asc
ncols 97
nrows 97
xllcorner 99.0
yllcorner 2.0
cellsize 0.25
NODATA_value -32767
[rows 76 to 94 of 97, columns 43 to 85 of 97]
-7.107782324512316 -7.036495720816468 -7.1331512226247185 -6.9083827853488415 -6.642770422111999 -6.54230958558689 -6.548144432152743 -6.750334550108581 -7.077339646777435 -7.2541608666208734 -7.276485496959786 -7.133912289568091 -6.8634798356898905 -6.550173944001735 -6.283546824840395 -6.10875511684595 -5.700315857236287 -5.162241528272254 -4.657400455835466 -4.481593991916525 -4.453434515011759 -4.714987854550618 -5.247227336948799 -5.901491219267631 -6.2893816714062485 -6.503241482493792 -5.988506539793168 -5.154630858838534 -3.563747258209843 -3.3557222936881517 -3.036327866453018 -3.2268482912771526 -3.469882335193958 -3.4982955010798475 -3.3937756408567537 -3.637063373754683 -3.811855081749129 -4.01988004627082 -4.31568139826142 -4.564803977725202 -4.772828942246893 -5.036411793634743 -5.288324951890889
-7.0862187611167755 -6.9855042356105415 -7.142791403907431 -7.112602415153672 -6.890878245651285 -6.682853281129594 -6.670168832073393 -6.602687563094404 -6.921067234405042 -7.0304071852694925 -7.010873133722944 -6.763018999164782 -6.4405803041561605 -6.14858428688242 -6.1125604515628105 -5.947408924851077 -5.74724831874423 -5.211203501629189 -4.748221111077864 -4.622391376440353 -4.614527018025509 -4.950411229033703 -5.534403263581183 -5.982671693227315 -6.348998581970392 -5.818534922440078 -5.271835168117828 -3.857772787332575 -2.3097626245138425 -2.243296111459351 -2.027660477503939 -2.4650202809617388 -2.8673710050244248 -2.885129233703106 -2.901619017476167 -3.1476973291664603 -3.489416386740507 -3.762893108392194 -3.945549174801484 -4.255049731772781 -4.5021427993875704 -4.769784674473405 -5.007998627748854
-7.148626250473283 -7.114378238021541 -7.178054172283668 -7.155475852963631 -7.050955992740537 -6.853839654407178 -6.679047946412734 -6.611566677433745 -6.708222179241995 -6.798028078559895 -6.802087102257881 -6.512881663776504 -6.209215953371059 -6.012860681981072 -6.011084859113205 -6.122200632845523 -5.922040026738676 -5.5696660319574205 -5.124188181103652 -4.853755727225454 -4.750250622926856 -4.972989548353739 -5.229722797251242 -5.5607869176180795 -4.874304534696499 -4.344094564147309 -3.261857370672266 -1.8751933998484067 -1.6126253043850525 -1.4269249702022742 -0.9055941139924257 -1.6828971521564042 -2.1623693264807904 -2.505103139979333 -2.521846612733518 -2.647676347371029 -3.0089294564916247 -3.384135459574041 -3.509965194211552 -3.843058826427382 -4.167273344303872 -4.414366411918661 -4.301982193280724
-6.900518426933997 -6.884028643160937 -6.814771551314081 -6.671183587997889 -6.554994034643091 -6.567678483699291 -6.390857263855853 -6.348998581970392 -6.4124208272513945 -6.670168832073393 -6.766824333881642 -6.547129676228246 -6.298007096764465 -6.157463401221761 -6.0765366162432 -6.223929914276253 -6.2257057371441205 -5.924069538587668 -5.436733005848437 -4.996328934617149 -4.638881160213414 -4.415381167843158 -4.348914654788666 -3.6614175159425884 -2.8224680553654746 -1.53347434227436 -0.24828596390010604 -0.6349079711331029 -1.3038858143571275 -1.112604322589621 0.03001084839293755 -0.7023892401120906 -1.9769226812791363 -2.3128068922873304 -2.225791571761794 -2.2552194935721794 -2.516772833111038 -2.919123557173724 -3.174080983203358 -3.4006252433471023 -3.6614175159425884 -3.599771093529453 -3.4434986811570605
-6.277711978274543 -6.238643875181445 -6.132094503109359 -5.977851602585959 -5.7835258430449645 -5.829443548628411 -5.818534922440078 -5.853797690816316 -6.152643310580404 -6.493347612229956 -6.809697771691601 -6.719891872373699 -6.567678483699291 -6.429925366948952 -6.1985610161638505 -6.09987600250661 -6.097846490657617 -5.855827202665308 -5.404514505245688 -4.791348237868946 -4.218011140528675 -3.3694214986688484 -2.5500060896382837 -1.7024312037029534 -0.5823943520404322 0.6403865369773145 0.6619501003728558 -0.40075304155563796 -1.4104351864292133 -0.9933705014613345 0.3268269563080337 0.0934330936739407 -1.2960214559422831 -1.6691979471757075 -1.6856877309487683 -2.1846939568197037 -2.442695650622826 -2.5071326518283255 -2.865595182156557 -3.0548471620750712 -2.908468619966515 -2.653511193936881 -1.9454652476197585
-5.937768743568364 -5.973792578887975 -5.706404392783265 -5.388024721472627 -5.171120642611594 -5.164271040121246 -5.177970245101943 -5.327393054983988 -5.74344298402737 -6.313735813594153 -6.661289717734052 -6.724965651996179 -6.635920819621651 -6.308915722952797 -5.922040026738676 -5.730758534971169 -5.52476308229847 -5.189639938233648 -4.727672303606818 -4.048039523175586 -3.287479957765792 -2.2356854420256305 -1.423119635485414 -0.6691559835848446 0.37578892966496813 0.9930142207396941 0.37274466189148026 -1.167147453531284 -1.7737178073988011 -0.8487677822206465 0.2205312732170719 0.5125272904908118 0.367924571250124 0.1325011967670391 -0.4720396452514861 -1.5372796769912203 -2.461214946244879 -2.697399387671336 -2.6984141435958318 -2.7004436554448237 -2.320671250702175 -1.4505180454468076 -0.44844657000695287
-5.740398716253882 -5.718074085914969 -5.415169442452896 -4.914387393714093 -4.542225658405164 -4.449375491313775 -4.528526453424468 -4.8098675334909995 -5.356567287813249 -6.080341950960061 -6.483707430947243 -6.531400959398557 -6.226720493068616 -5.656427663501834 -5.318513940644647 -5.068630294237494 -4.650550853345118 -4.175137702718716 -3.765937376165682 -3.216954421013316 -2.6956235648034674 -2.101737659992151 -1.3713670833361151 -0.7493217016200333 -0.08414919311286884 0.09850687329642094 -0.5841701749083001 -1.7247558340418665 -1.9649992991663077 -0.9933705014613345 -0.004237164058804588 0.5652945985646065 1.1325431603579017 1.1619710821682872 0.7860040121424987 -0.19069856518495465 -1.730590680607719 -2.6192631814851395 -2.5256519474503785 -2.2179272133469494 -1.5725424453674581 -0.9786565405561418 -0.26299992480529877
-5.198519052572989 -5.323587720267128 -5.384980453699138 -4.9318919334116496 -4.361599103844867 -4.185792639925925 -4.209132026189335 -4.451405003162767 -4.921236996204441 -5.6077193791260225 -6.186891323032146 -6.208201197446563 -5.84009848583562 -5.2609265419294955 -4.791348237868946 -4.168288100228368 -3.5911456681712366 -3.014003236114105 -2.572584408958321 -2.176068531461487 -1.8888926048291035 -1.8528687695094934 -1.3439686733747216 -0.8644964990503354 -0.7716463319589464 -0.7130441773192993 -1.0050401945930392 -1.8011162173601947 -1.878237667621895 -1.203424977832018 -0.27847495265386346 0.31312775132733695 0.8631254624041991 1.1520772119044507 1.1393927628482499 0.7350125269365719 -0.7843307810151472 -1.807965819850543 -1.6770623055905518 -1.700401691853961 -1.1633421188144237 -0.8586616524844832 -0.5841701749083001
-4.878109869413359 -4.974765371221608 -5.224902706609885 -4.946605894316843 -4.39280284852312 -4.244394794565572 -4.27077844860247 -4.374283552901067 -4.757100225417204 -5.051886821483308 -5.541252866071531 -5.695495766594931 -5.63410303316292 -5.225917462534381 -4.64370125085477 -3.9163749419722222 -2.8957841709103143 -2.19078249236668 -1.311750172771972 -0.7921951394299915 -0.6252677898503904 -1.110574810740629 -0.7297876500734841 -0.8401423568624302 -0.8898653971627368 -0.782554958147279 -0.8606911643334754 -1.1242740157213258 -1.0821616448547393 -0.9152342952751382 -0.29521842540804855 0.03001084839293755 0.21545749359459165 0.6883337544097534 1.613030090606784 1.4499080757440432 0.36006021283527945 -0.7883898047131312 -0.8556173847109949 -1.056031679798966 -0.779510690373791 -0.8175640375423929 -0.6574862904531402
-4.955231319675059 -4.919207484355449 -5.067615538312998 -4.862634841564794 -4.438720554106567 -4.348914654788666 -4.410307388220677 -4.492502618104858 -4.2872682323755305 -4.471953810633813 -4.783483879454101 -4.9798391508440885 -5.0460519749174555 -4.861620085640298 -4.395847116296609 -3.894811378576681 -2.8782796312127576 -1.4913619714077737 -0.4532666606483091 0.004641950280535934 0.03102560431743351 -0.2746696179370032 0.31921628687431314 0.015296887487744382 -0.9954000133103267 -0.8977297555775814 -0.26299992480529877 -0.437791632799744 -0.5070487246465998 -0.6732150072828291 -0.12042671741360289 0.013521064619876455 0.07009370741053145 0.2263661197829241 1.1277230697165455 1.7264290651692185 0.9245181958362103 -0.06080980684945958 -0.29420366948355214 -0.5128835712124524 -0.6866605232824017 -0.7843307810151472 -0.9005203343699455
-5.014848230239203 -4.929862421562658 -4.877095113488863 -4.740356752663019 -4.407516809428313 -4.431870951616219 -4.491487862180362 -4.282448141734174 -4.071632598420119 -3.8732478151811396 -4.078482200910467 -4.205326691472474 -4.2951325907903755 -4.170063923096237 -4.1720934349452286 -3.6809515674891373 -2.7316474001230775 -1.3361043149598772 -0.09886315401806156 0.330885980006018 0.2486907501218374 0.2537645297443176 0.9128485027045055 0.4206918793239187 -0.6047189823793455 -0.8634817431258395 -0.23763102669289715 -0.0227564596808576 -0.0755237677546523 -0.41140797876284685 -0.06664465341531178 0.13554546454052696 0.25655510853668195 0.387458622796673 0.3552401221939232 0.9118337467800095 0.8816447580262521 0.191103351406686 -0.1262615639794551 -0.362446005405912 -0.615373919586554 -0.9786565405561418 -1.0872354244772198
-4.953455496807191 -4.729701815455811 -4.5490752608955125 -4.484638259690014 -4.420201258484514 -4.4181717466355215 -4.374283552901067 -4.16524383245488 -3.713170068091887 -3.465062244552602 -3.478761449533298 -3.5490332973046503 -3.6624322718670843 -3.768727954958046 -3.8595486102004433 -3.4270088973839994 -2.4777047300179396 -1.1564925163240753 0.05740925835433108 0.41967712339942276 0.4529103799266685 0.444031265587328 0.7274018575028514 0.2595993763101698 -0.48954418494904317 -0.7483069456955371 -0.3507763122742076 -0.06080980684945958 0.07212321925952381 -0.10190742179154988 0.09064251488157682 0.4772645221145737 0.6852894866362651 0.5084682667928275 0.4752350102655818 -0.03138188503907413 -0.06562989749081583 -0.22494657763669634 -0.4073489550648626 -0.5423114930228379 -0.7297876500734841 -1.1252887716458218 -1.1554777603995794
-4.723866968889958 -4.440750065955559 -4.166258588379376 -4.137845422493486 -4.197462333057629 -4.201521356755614 -4.159408985889027 -3.911301162349742 -3.4427376142136885 -3.0411479570943745 -2.9893954049450757 -3.107614470148866 -3.4259941414595034 -3.6847569022059976 -3.676892543791153 -3.127148521695415 -1.935825066337046 -0.6194329432845382 0.0711084633350274 0.3141425072518329 0.6434308047508028 0.481323545812558 0.4001430718528738 -0.21023261673150362 -0.820608305315881 -0.6985839053952305 -0.37031036382075655 -0.343926709783859 -0.15645055273321296 0.1286958620501788 0.3963377371360135 0.8747951555359035 1.1140238647358487 0.827862694027961 -0.12042671741360289 -0.8312632425230897 -1.0324386045544327 -1.1016956964012885 -0.9388273705196715 -0.745262677922049 -0.9192933189731225 -1.295260388998911 -1.2922161212254228
-4.368448706335215 -4.177928281511081 -3.945549174801484 -3.803990723334284 -3.786486183636727 -3.818704684239477 -3.7512234152604895 -3.503115591721204 -3.1507415969399486 -2.8019192478944293 -2.719977706991373 -2.9338375180789167 -3.5178295526263965 -3.7738017345805264 -3.4044305780639625 -2.2569953164400474 -1.093070271043072 -0.5022286340052435 -0.08922297273534907 0.19693819797253864 0.5574302401497624 0.49299323894426283 0.08962775895708042 -0.6633211370189924 -1.0441082976861373 -0.7815402022227829 -0.4474318140824569 -0.5187184177783046 -0.2520912986169659 0.26238995510253416 0.5964983432428603 0.8250721152355966 0.8727656436869116 0.11017656642812579 -0.928933500255835 -1.5814215597067987 -1.696596357137101 -1.566707598801606 -1.2901866093764307 -0.999205348027187 -1.039288207044781 -1.3528477877140621 -1.313779684620964
-4.143680269059338 -3.9222097885380744 -3.7395537221287847 -3.6302137712643345 -3.6056059400953053 -3.5744021954170515 -3.4612569098357415 -3.2522171893895537 -2.982545802454727 -2.812827874082762 -2.85189597717586 -3.186765432259558 -3.4095043576864423 -3.311834099953697 -2.596938551146226 -1.5129255348033148 -0.6790498538486813 -0.3079028744642489 -0.16634442299704943 0.11880199178634232 0.19998246574602652 0.3669098153256276 0.07973388869324394 -0.6633211370189924 -1.1701917213047721 -1.1174244132309774 -0.7521122804123974 -0.4240924278190472 -0.02960606217120576 0.2507202619708293 0.7000034475414578 0.788794590934863 0.37172990596698385 -0.5255680202686528 -1.4327598167681266 -1.9269459519977055 -1.9436894247518905 -1.7141008968346578 -1.3165702634133283 -1.182876170360973 -1.1067694760237687 -1.1760265678706245 -1.0999198735334204
-4.235515680226232 -3.9973017269507825 -3.8499084289177308 -3.6281842594153426 -3.4670917564015937 -3.3752563452347006 -3.3889555502153974 -3.378300613008189 -3.2151785981454477 -3.0606820086409234 -3.124357942903051 -3.2638868825212586 -2.5852688580145213 -2.0705339153138973 -1.6897467546467526 -1.0491820773086176 -0.40075304155563796 -0.05015486964225113 -0.07450901183015635 -0.008042498775664875 -0.024532282548725526 0.052589167712974394 -0.2571650782394461 -0.5823943520404322 -0.9114289605582782 -1.018739399573736 -0.8010742537693321 -0.3966940178576541 -0.11256235899875833 0.03990471865677403 0.47041491962422555 0.7459211531249044 0.5066924439249596 -0.43297154215838773 -1.4251491473344062 -1.8401843204532928 -1.625309753441253 -1.2638029553395334 -1.036497628252417 -1.220929517529575 -1.2112893362468624 -1.094085026967568 -0.8360833331644459
-4.284477653583166 -4.0970014965325205 -3.8440735823518786 -3.502100835796708 -3.401639999271598 -3.3714510105178404 -3.342023088707455 -3.2522171893895537 -2.924958403739576 -2.572584408958321 -2.084233120294594 -1.9581496966759593 -1.586241650348155 -1.295260388998911 -0.9710458711224212 -0.7044187519610827 -0.26984952729564693 -0.05193069251011906 -0.01007201062465679 0.07897282174987197 0.0036271943560399755 -0.17699936020425788 -0.6866605232824017 -0.8634817431258395 -0.7911803835054956 -0.7911803835054956 -0.6407428176989551 -0.27847495265386346 -0.1262615639794551 0.08480766831572417 0.26822480166838636 0.5680851773569708 0.5807696264131716 -0.249300719824602 -1.2610123765471692 -1.4515328013713036 -0.9738364499147856 -0.8233988841082454 -0.9446622170855239 -1.0666866170061746 -1.0040254386685432 -0.8254283959572373 -0.4816798265341986
-4.2101467821138305 -4.168288100228368 -3.7803976480897505 -3.341008332782959 -3.198435125391263 -2.900604261551671 -2.6202779374096354 -2.1633840824052863 -1.899547542036312 -1.8224260917746118 -1.5081054441619586 -1.365532236770263 -1.1077842319482647 -0.8624669872013433 -0.6321173923407386 -0.45149083778044075 -0.3675197850283922 -0.18486371861910245 0.02722026960057322 0.11601141299397799 -0.09505781930120127 -0.4035436203480023 -0.8655112549748316 -0.9718069380657934 -0.8469919593527786 -0.6379522389065913 -0.4532666606483091 -0.1447808596015081 -0.0509159365856231 -0.014892101266013036 0.10814705457913343 0.4402259308704677 0.5817843823376676 -0.21809697514634818 -1.16435687473892 -1.3381338268088694 -0.8507972940696387 -0.7434868550541809 -0.8957002437285893 -0.8079238562596804 -0.6194329432845382 -0.3205873235204497 -0.013877345341517078
-3.749193903411497 -3.7590877736753336 -3.5168147967019006 -3.162411290071653 -2.829317657855823 -2.4416808946983295 -1.7483489092863997 -1.3165702634133283 -1.4786775223515731 -1.4094204305047173 -1.1935311075681814 -1.018739399573736 -0.8809862828233963 -0.7706315760344504 -0.5159278389859403 -0.40075304155563796 -0.3185578116714578 -0.20338301424115546 -0.04330526715190253 -0.16330015522356112 -0.3370771072935108 -0.5882291986062844 -0.890880153087233 -0.9710458711224212 -0.6808256767165495 -0.46798062155350184 -0.3555964029155638 -0.11357711492325429 -0.026561794397717886 0.06704943963704357 0.22154602914156785 0.3288564681570256 0.39811356000388143 -0.16050957643119723 -1.0687161288551668 -1.293230877149919 -0.965972091499941 -0.9230986536899828 -0.9436474611610277 -0.6643358929434884 -0.0227564596808576 0.3113519284594686 0.4655948289828693
