static/data/ASCData/20210106/ASCU/06.asc
ncols 97
nrows 97
xllcorner 99.0
yllcorner 2.0
cellsize 0.25
NODATA_value -32767
[rows 38 to 56 of 97, columns 0 to 42 of 97]
-2.1382015490741844 -2.2650921757431908 -1.14206017278285 -0.7701307572116876 -0.7251695115415671 -0.3160221759434716 0.05016219156984225 -0.38421339854315417 -1.6089077736576003 -1.8999069470225463 -2.6030508723635957 -2.9282705493774666 -2.6177881695554683 -2.7241964509747536 -2.9779777043127664 -3.101121560509263 -3.3891233174962005 -3.668382610047282 -3.9388994381625064 -4.286599738011438 -4.70074276757288 -5.0796661546927275 -5.30722001472317 -5.4008892765359215 -5.446849660998711 -5.581483613310905 -5.586479307274251 -4.994739357315834 -4.666522263923954 -4.378520506937017 -3.7173404108880796 -2.950751172212527 -2.8490888000584214 -3.06390364048233 -4.162706527720439 -4.46544558189925 -6.169476792796813 -7.099175439375636 -7.4496233709044075 -7.752362425083218 -7.834541590780272 -7.716393428547122 -7.665437350120985
-1.887167927416012 -2.26234454406335 -1.1068405303412558 -0.705686305084515 -0.730914559599416 -0.846315090152725 -0.6197603689149516 -0.9097604034872282 -1.849200653294577 -2.0767545133250196 -2.6430164240703693 -2.9564962202703757 -3.061156008802489 -3.1470819449720526 -3.225014770800261 -3.3219312336891873 -3.457564324794051 -3.7075988076595534 -3.99759884223183 -4.354041606516618 -4.673266450774473 -4.9262983500179836 -5.161595535691614 -5.267004678318229 -5.328701498765561 -5.237779868632651 -4.857857342720133 -4.511156181663872 -4.190932198613348 -3.731078569287283 -3.279717619698908 -2.8023790615011297 -2.9037916489570677 -3.0951267277532466 -2.490647758188295 -2.6734901572467846 -3.8871940056418675 -5.395144228478072 -6.433249434061519 -7.3462125058631305 -7.551285743058513 -7.7818370194669635 -7.762353813009912
-2.0250490808043815 -2.2973144018067773 -1.4068319528402258 -1.0513883273481075 -1.1772798152244444 -1.294428838664925 -1.5709404995361653 -1.9371248670494792 -2.446685651310844 -2.650010395619055 -3.126599599722331 -3.2602344132418555 -3.3246788653690285 -3.242749484370142 -3.316935539725841 -3.3246788653690285 -3.4535677696233735 -3.6099329906761253 -3.845230176349755 -4.153714278586415 -4.349045912553271 -4.561113121297339 -4.675264728359811 -4.780673870986427 -4.7591923869440365 -4.5933353473609255 -3.778787446637244 -3.4263412375231335 -3.0531628984611343 -2.702714966932363 -2.350018973120085 -2.7524221218676623 -2.8678226524209713 -2.857081910399776 -2.1791662395736275 -1.9203892922722676 -2.368752825482635 -3.4126030791239303 -5.494558538348672 -6.5658851087883745 -7.2572891533155595 -7.490837846102018 -7.684171202483536
-2.2828268893130716 -2.2768320565570557 -1.6196485156787959 -1.56394652798748 -1.6918362934491558 -1.968347954320396 -2.246608108078808 -2.6577537212622424 -3.0591577312171507 -3.267228384790541 -3.756306823802184 -3.754308546216845 -3.4800449476291107 -3.395118150252217 -3.231009603556277 -3.238752929199465 -3.304196520119307 -3.421345543559787 -3.562973467420666 -3.7603033789728615 -3.9331543901046575 -4.010337861838364 -4.122491191315498 -4.013335278216372 -3.9888563777959734 -3.721336966058757 -2.9809751206907746 -2.6450147016557084 -2.228124040414425 -2.115720926239124 -2.043533148468764 -2.446685651310844 -3.409605662745922 -3.408606523953253 -2.31205169899865 -1.9888302995701177 -2.006315228441831 -2.0150576928776878 -4.243636769926655 -6.0278488689359335 -6.725247746219134 -7.3207344666500624 -7.51506696182425
-2.3989767739608827 -2.3090542826206417 -1.9945753476279664 -1.9263841250282838 -2.08050128379753 -2.3570129446687704 -2.7816469315532406 -3.2027839326633685 -3.505522986842179 -3.6851181848244936 -4.172448130948965 -3.868709937977485 -3.5317503801497496 -3.218270583949743 -3.0531628984611343 -2.9584944978557144 -3.0161947631323685 -3.076642660088864 -3.1743084770722922 -3.2837141748695853 -3.371638388624487 -3.431087146788313 -3.298451472061458 -3.189045774264165 -2.944756339456511 -2.6654970469054295 -2.2516038020421547 -1.8354624948953737 -1.49175875021712 -2.2828268893130716 -2.1499414298880493 -2.2523531561366568 -3.217271445157074 -3.6176763163193124 -2.4234556743812816 -1.86768472095896 -1.9428699151073279 -1.4555399689828563 -2.8306047323940384 -4.7339641324291355 -6.286625816237293 -6.883361460159058 -7.362948080640342
-2.4809061549597686 -2.478158523279928 -2.250604663249485 -2.0600189385478083 -2.2416124141154614 -2.690975086118498 -3.150828715444563 -3.593197415898914 -3.875454124828003 -3.94789168729653 -4.1607082501351 -3.73982103372314 -3.2222671391204205 -2.9340155974353155 -2.804127554388301 -2.685979392155151 -2.632275682049174 -2.68423089926798 -2.704713244517701 -2.723197312182084 -2.759416093416348 -2.6302774044638353 -2.4644203648807244 -2.1734211915157786 -1.8999069470225463 -1.5679430831581573 -1.2232401996872342 -0.3979515569423575 -0.2173572201673739 -1.6636106225562468 -2.460423809710047 -2.3832403379763405 -2.564084459449491 -2.9789768431054355 -2.38423947676901 -1.610906051242939 -1.6938345710344944 -1.0970989271127298 -1.8257208916668475 -2.9125341133929243 -4.74945078371551 -6.447736946555224 -7.0387275424191404
-2.759416093416348 -2.6742395113412862 -2.381491845089169 -2.244609830493469 -2.5063841941728366 -2.9897175851266313 -3.3773834366823356 -3.76604842703071 -4.045557504279959 -4.127486885278844 -3.981862406247288 -3.3451612106187496 -2.832603009979377 -2.591310991549731 -2.4859018489231155 -2.45268048406686 -2.421457396795943 -2.3637571315192885 -2.250604663249485 -2.2173832983932296 -2.1069784618032674 -1.9273832638209532 -1.6978311262051717 -1.3628698459627748 -0.9322410263222882 -0.46539342544753826 -0.2613193270448251 0.6009374510288172 0.8442277470438022 -0.7006906111211684 -2.049278196526613 -1.9730938635855755 -1.768020626390193 -2.135204132696176 -2.274833778971717 -1.9908285771554564 -1.9780895575489221 -1.392094655648353 -1.2377277121809396 -2.0512764741119516 -3.959381783412228 -5.899959103474258 -6.792439830026147
-2.929269688170136 -3.192043190642173 -2.7631628638888577 -2.4077192383967394 -2.61578989197013 -3.0181930407177076 -3.281715897284246 -3.433085424373652 -3.612930407054133 -3.8861948668491983 -3.5180122217505456 -2.790639180687265 -2.360010361046778 -2.146944013510041 -2.0795021450048603 -2.112723509861116 -2.1254625294676504 -1.9720947247929062 -1.8002428524537792 -1.7347992615339374 -1.5347217183019017 -1.3541273815269181 -1.109837946719264 -0.784618269705393 -0.4341703381766213 -0.22609968460323082 -0.25432535549613977 0.012194917448407283 -0.1871332716891263 -0.8735416222529644 -1.6538690193277206 -1.6226459320568036 -1.1752815376391057 -1.3363926679570373 -2.2133867432225522 -2.522120630157379 -2.777900161080731 -2.5738260626780174 -1.949614101957846 -2.1431972430375312 -3.6666341171601102 -5.415626573727794 -6.429252878890842
-2.960492775441053 -3.439080257129668 -3.058158592424481 -2.5483480234649494 -2.637271376012521 -2.7504238442823237 -2.589312713964392 -2.093240303404064 -1.695832848619833 -2.0630163549258165 -2.5550922103154674 -2.1489422910953797 -1.9603548439790415 -1.8482015145019077 -1.7730163203535398 -1.733050768646766 -1.6703548094067648 -1.429312575675286 -1.2652040289793467 -1.2105011800807 -1.0611299305766335 -1.0980980659053992 -1.018166962491852 -0.8023529832752738 -0.5543167779951097 -0.5912849133238753 -0.7523960436418067 -0.5775467549246718 -1.338390945542376 -1.6001653092217436 -1.395092072026361 -1.3326458974845272 -1.4038345364622178 -1.8109835944749748 -2.6295280503693332 -3.0074522986965118 -3.3071939364973146 -3.6978572044310276 -3.1850492190934876 -2.5328613721785747 -3.3091922140826533 -4.899821172012246 -6.229924689753308
-3.1910440518495036 -3.342413578938909 -3.2827150360769157 -2.857831264494278 -2.7064617374048727 -2.535609003858415 -1.7670214875975236 -1.153800053596715 -0.7603891539831615 -1.1655399344105797 -1.9828354668141017 -2.0854969777608767 -2.059019799755139 -2.218382437185899 -2.137202410281515 -1.8022411300391181 -1.5512075083809458 -1.1860222796603013 -0.9429817683434838 -0.9282444711516109 -1.0453934945920913 -1.1138345018899414 -1.125574382703806 -0.9409834907581451 -0.9077621259018895 -1.132318569554324 -1.5854280120298707 -1.4830162857812632 -2.0697605417763345 -1.9985719027986437 -1.6119051900356083 -1.49175875021712 -1.7213108878329013 -2.274833778971717 -2.9185289461489408 -3.3696401110391485 -3.7173404108880796 -4.166453298192949 -4.033817623466094 -3.0249372275682256 -2.4009750515462214 -3.76604842703071 -5.832517234969077
-3.2857124524549235 -3.0141964855470302 -2.904790787749737 -2.551345439842957 -2.3794935675038307 -2.046530564846772 -1.3521291039415795 -1.3930937944410224 -1.485763917461104 -2.1392006878668535 -2.6967201341763465 -2.7241964509747536 -2.6939725024965058 -2.807124970766309 -2.563085320656822 -2.1801653783662966 -1.576685547594014 -1.2075037637026922 -0.8715433446676257 -0.6654709686795739 -0.8920256899173473 -1.1937656053034886 -1.2222410608945649 -1.2662031677720158 -1.3343943903716986 -1.9516123795431846 -2.40672009960407 -2.416461702832596 -2.6087959204214446 -2.434196416402477 -2.159683033116575 -2.0267975736915527 -2.360010361046778 -2.909786481713084 -3.444825305187517 -4.564859891769849 -5.14510974561257 -4.90881342114627 -4.381268138616857 -3.113860580115797 -2.483903571337777 -3.6693817488399514 -5.75158699276286
-3.378382575475005 -2.8893041364633625 -2.3160482541693272 -1.9613539827717108 -1.999571041591313 -1.6800964126352909 -1.698830264997841 -1.880423740565494 -2.6147907531774606 -3.2837141748695853 -3.5347477965277574 -3.3511560433747656 -3.2787184809062384 -3.1058674697744424 -2.857831264494278 -2.3715004571624756 -1.8042394076244568 -1.3111644134421363 -0.8618017414390997 -0.606022210515748 -0.9879430140136042 -1.3276502035211806 -1.6441274160991945 -1.7035761742630204 -2.281827750520402 -2.8530853552290987 -3.176306754657631 -3.2652301072052023 -3.2270130483856 -2.9430078465693397 -2.792387673574436 -3.1498295766518933 -3.4877882732722982 -3.9496401801837018 -4.584592882925069 -5.47132856141911 -5.983886762058482 -5.35318039918596 -4.182189734177491 -3.0181930407177076 -2.662749415225589 -3.8529735019929428 -5.788555128091626
-3.3773834366823356 -3.023938088775556 -2.3392782310988895 -1.657865574498398 -1.6880895229766457 -1.0836105534116935 -1.0826114146190244 -2.0143083387831857 -3.126599599722331 -3.702603113696207 -3.615678038733974 -3.4320862855809824 -3.3813799918530134 -3.211526397099225 -2.9497520334198573 -2.4614229485027166 -2.218382437185899 -1.7213108878329013 -1.1235761051184674 -0.6245062781801309 -0.9215002843010929 -1.7817587847893965 -2.108976739388606 -2.7279432214472634 -3.3031973813266373 -3.461560879964728 -3.6576418680260865 -3.734825339759793 -3.5347477965277574 -3.470303344400585 -3.9781156357747776 -4.333559261266896 -4.558115704919331 -5.014222563772885 -5.210553336532412 -5.6938867274862055 -5.952663674787566 -5.244773840181336 -4.059045877980995 -3.571715931856523 -3.2105272583065556 -3.953636735354379 -5.87248278667585
-3.1850492190934876 -3.192792544736675 -2.8003807839157906 -2.023050803219043 -1.566943944365488 -0.9614658360078666 -0.08846831591302884 -1.0728698113904982 -2.9370130138133232 -3.489786550857637 -3.2377537904067957 -3.141087112216036 -3.1380896958380284 -3.4947822448209838 -3.2330078811416163 -2.960492775441053 -2.831603871186708 -2.344273925062236 -1.6900878005619844 -0.7084339367643557 -0.16065609368338873 -1.288683790607076 -3.179304171035639 -3.7982706530942965 -3.6811216296538163 -3.746565220573658 -3.8364877119138985 -3.894937331285055 -3.718339549680749 -4.228150118640281 -4.8373749974704126 -5.223292356138946 -5.448847938584049 -5.23877900742532 -5.338443101994088 -5.441853967035364 -5.738847973156326 -5.354928892073131 -4.2466341863046635 -3.9791147745674476 -3.7065996688668843 -4.449709145914707 -5.795549099640311
-2.826608177223361 -3.398864920724727 -3.1743084770722922 -2.3637571315192885 -1.898907808229877 -0.7718792500988589 0.2827117455636319 -0.4996139290964632 -2.522869984251881 -3.1031198380946012 -2.797383367537783 -2.814118942314994 -3.052163759668465 -3.581457535085049 -3.92915783493398 -3.714342994510072 -3.45856346358672 -2.92327485541412 -2.3285374890776938 -0.8832832254814906 0.13134221847422656 -1.5377191346799097 -3.586453229048396 -4.171448992156296 -3.8287443862707113 -3.691862371675011 -3.8344894343285603 -4.051302552337807 -4.141225043678048 -4.76818463607806 -5.378408653700861 -5.727108092342461 -5.800295008905491 -5.498555093519349 -4.942784140097028 -4.947779834060374 -5.817030583682702 -6.190958276839203 -4.836375858677743 -3.819002783042185 -3.5180122217505456 -4.072784036380198 -5.306220875930501
-2.4389423256676563 -3.5474868161342914 -3.45856346358672 -2.7114574313682196 -2.236866504850282 -1.018166962491852 0.05415874674051957 -0.7611385080776636 -2.3832403379763405 -2.932267104548144 -2.6302774044638353 -2.741681379846467 -2.982973398276113 -3.519011360543215 -3.9556350129397178 -4.11474786567231 -3.941896854540514 -3.368640972246479 -2.91952808494161 -2.0445322872614335 -1.5239809762807062 -2.375497012333153 -3.605936435505448 -4.288598015596776 -4.036565255145934 -3.844231037557086 -3.759304240180192 -4.129485162864183 -4.470191491164429 -4.95852057608157 -5.596220910502778 -6.146996169961753 -6.332586200700083 -5.9771425752079645 -5.064928857500854 -4.500415439642676 -5.728107231135131 -6.384291633220721 -4.789666120120451 -3.24949367122066 -2.6949716412891753 -3.349157765789427 -5.0024826829590205
-2.50138850020949 -3.661638423196764 -3.527753824979072 -3.0092007915836834 -2.513128381023355 -1.4243168817119394 -0.6537310878657092 -1.6810955514279602 -2.906789065335076 -3.2260139095929308 -2.675238650133956 -2.4888992653011233 -2.0170559704630264 -2.813119803522325 -3.7075988076595534 -3.958632429317726 -4.09226724283725 -3.718339549680749 -3.3394161625609007 -3.211526397099225 -3.2602344132418555 -3.2192697227424123 -3.533748657735088 -3.8744549860353334 -3.9049287192117488 -3.7338262009671235 -3.5854540902557264 -3.791526466243778 -4.1567116949644225 -4.690002025551684 -5.244773840181336 -5.857995274182145 -6.508434628209887 -6.48095831141148 -5.281741975510102 -4.121492052522829 -3.985858961417965 -3.944894270918522 -2.9907167239193004 -2.0287958512768913 -1.9291317567081245 -3.279717619698908 -5.1948169005478695
-2.632275682049174 -3.4300880079956437 -3.5552301417774785 -3.1773058934503 -2.723197312182084 -2.1539379850587266 -1.9243858474429452 -2.814868296409496 -3.6568925139315844 -3.7358244785524626 -3.1293472314021717 -2.1821636559516353 -1.758279023161667 -1.6753505033701115 -1.8482015145019077 -2.6275297727839946 -3.7320777080799523 -3.580708180990547 -3.2105272583065556 -3.072895889616354 -3.0444204340252776 -3.256487642769345 -3.2914575005127724 -3.3501569045820965 -3.5200104993358847 -3.571715931856523 -3.5552301417774785 -3.2572369968638473 -3.150828715444563 -3.5707167930638537 -3.882448096376688 -4.220157008298926 -4.741707458072323 -5.062930579915516 -4.613817692610647 -3.332671975710383 -2.2358673660576125 -3.128348092609502 -3.047417850403286 -1.7964960819812692 -1.2779430485858807 -2.744678796224475 -5.126375893250019
-2.68797766974049 -3.3666426946611407 -3.7095970852448925 -3.6049372967127784 -3.20353328675787 -2.7241964509747536 -2.885307581292685 -3.6713800264252896 -4.164704805305777 -4.010337861838364 -3.5592266969481563 -2.3227924410198453 -1.4068319528402258 0.2592319839359021 1.1070012495158392 0.2407479162715196 -2.5211214913647098 -3.5532318641921403 -3.079640076466872 -3.125600460929662 -2.535609003858415 -2.6734901572467846 -2.7241964509747536 -2.759416093416348 -2.8500879388510905 -2.938012152605993 -2.8803118873293383 -2.5113798881361835 -2.4584255321247084 -2.589312713964392 -2.8745668392714894 -2.9947132790899778 -3.352155182167435 -3.7680467046160486 -3.6324136135111855 -2.61578989197013 -1.6353849516633379 -3.2125255358918947 -3.623671149075329 -2.2163841596005605 -1.3676157552279542 -2.7057123833103707 -5.091406035506592
