static/data/ASCData/20210106/ASCU/09.asc
ncols 97
nrows 97
xllcorner 99.0
yllcorner 2.0
cellsize 0.25
NODATA_value -32767
[rows 19 to 37 of 97, columns 0 to 42 of 97]
1.54146111164853 2.1820179208133785 2.157643214081655 1.2591862820779318 0.7064308358714406 0.4018780485352891 0.2191987948577525 0.9475569669809576 1.5013607876705342 0.5520576932371952 0.15865516845960226 0.0920833887837138 -0.23972713511264399 -0.7505476019957411 -0.44284969121033524 0.19954177329991163 0.46320795579575336 -0.1684376702628736 -1.1840504507513299 -1.9359970487439444 -1.4867685827420827 -1.1334663819424855 -1.013165410008498 -1.5973720907075353 -2.0756929486150018 -2.127587485527702 -1.815958170430728 -1.4097130582353454 -1.135301037287884 -0.9195979873931743 -0.813974258222375 -0.9712304306851036 -1.33947196786866 -2.3784110806057543 -3.7690798324178187 -4.0778261176863095 -3.722165074299771 -3.282896165887216 -2.6703833741448872 -1.9538194149563868 -1.6733792407311874 -1.461607595148046 -1.4487650077302565
1.3920677478089374 2.153711809770087 1.810107072939025 0.610766664289947 0.12930068293322616 0.14502630017949913 0.4954454711506129 1.0120319976906766 1.526783868885342 0.6516532691302568 0.28760522987903947 0.2661135529758001 -0.05233019626122548 -0.8569576120288542 -0.6509520261026795 0.3012340981591426 0.9564681500871792 0.31302831109384766 -1.134252662804799 -2.0562980206779318 -2.136236575013152 -1.869687362688827 -1.5669692306980743 -1.4429989480732899 -1.7174109690207513 -1.7818859997304701 -1.6382586955478446 -1.3620120192549845 -1.0590317936434606 -0.9400412898133292 -1.2055421276545695 -1.6078558355383836 -3.012153455630551 -4.585501461120152 -5.374665353262278 -4.900013806045609 -4.447902310215264 -3.866840752965482 -3.2690052039863415 -2.603025313606685 -2.001520453936748 -1.4938451105029054 -1.6078558355383836
1.0560637259802408 1.7894016768980987 1.2466057882809136 -0.1791835087144935 -0.26043253115357 0.3664954097311752 0.758325372784141 1.1048131394436864 1.609867546669817 0.72792251277468 0.4692361090734911 0.8138892203876384 -0.012229872283229692 -0.7974623601137885 -0.6168798554024217 0.3979466442237207 1.2943068272612748 0.9095533919691317 -0.5209535902001572 -1.5855778777728307 -1.952771040473302 -1.9595854746133536 -1.7389026459239911 -1.5826948479443472 -1.461607595148046 -1.3871730068490211 -1.35886689580573 -1.295440239579096 -1.2055421276545695 -1.5415461494832665 -2.335427726799275 -3.4047696995458305 -4.691125190290951 -5.750507605448201 -5.848268525995863 -5.170494422681503 -4.808281038775684 -4.354072793979169 -3.840369297267589 -3.25144493139467 -2.5807473558411322 -1.9595854746133536 -2.1451477581193736
0.6537500180964262 1.1821307575711946 0.6340929965385853 -0.6430892174795431 -0.5689167228012895 0.28262545108438664 0.9399562519785927 1.2738635248411199 1.423256888680712 0.6293753113647034 0.524799956676989 0.8020950074529338 0.004282025825356861 -0.39016887343532103 -0.2221668625209725 0.33137486454783227 1.063926534603377 1.1732195744649734 0.06980543101816039 -0.7817367428675155 -1.3667297044288664 -1.6060211801929851 -1.7407373012693896 -1.4634422504934446 -1.461607595148046 -1.407878402889947 -1.2262475236954953 -1.227033804557809 -1.3258430995885568 -2.1792199288196312 -3.3570686605654694 -4.476208421258555 -5.780910465457661 -5.818914040469487 -5.557082513319044 -5.314121726864128 -5.083479340585459 -4.80513591532643 -4.661770704764575 -4.153833267709961 -3.98294822696713 -3.4928331561249584 -4.00260524852497
0.20452155209456446 0.4584902706218714 0.053031439288802495 -0.49186119829455244 -0.4174266099955275 0.27187961263276694 0.9299966943892866 1.0883012413350999 1.1244701610015277 0.5082880585684024 0.28839151074135305 0.47211913890197454 0.16651797708273852 -0.2281950157987105 -0.09033377127305187 0.46320795579575336 0.6802214737943189 0.9037873323121648 0.06980543101816039 -0.6305087236825249 -1.1148577348677293 -1.2846944011274761 -1.4204588966869653 -1.4731397144619796 -1.471305059116581 -1.4547931610079945 -1.2115702809323075 -1.2144533107607907 -1.7603943228272305 -2.9057434455974382 -4.27020283533238 -5.390128876887781 -5.4498862224236175 -5.4868414229523585 -5.437043635005828 -5.353173676359039 -5.315956382209526 -5.374665353262278 -5.396157030165519 -5.393011906716264 -5.222126865973432 -5.528776402275753 -6.03959686915885
-0.2690816206390201 -0.02114105538945088 -0.27694442926215634 -0.6706090476605207 -0.07880165195911815 0.610766664289947 0.5971377960098438 0.6634474820649614 0.9202992304207513 0.5151024927084538 -0.04944716643274205 0.07950289498669516 0.007165055653840291 0.43988162354711546 0.577480774452003 0.17909847087975672 0.2592991188357483 0.44957908751565023 -0.4596236829396929 -1.1539096843626402 -1.2584850390503548 -1.3717094832235195 -1.1567927141911236 -1.2094735319661378 -1.2886258054390445 -1.2993716438906642 -1.2359449876640305 -1.3599152702888149 -2.410648595960614 -3.7787772963863535 -4.906828240185661 -4.928319917088901 -4.988863543487051 -5.214526150971066 -5.207711716831016 -5.35998811049909 -5.5036154146817164 -5.721153119921825 -5.83254290874959 -5.973287183103732 -6.03959686915885 -6.347294779944256 -5.986916051383836
-0.5953881784991821 -0.05521322608970891 -0.37156022636056485 -0.7154270568123984 -0.04944716643274205 0.5717147147950361 0.48574800718207767 0.422321350955444 0.9260652900777182 0.4349018447524622 -0.5746827824582561 -0.177348853369095 0.6479839584394598 0.9955200995820901 0.8959245236890285 0.4233697254385289 0.05801121808345577 0.08526895464366202 -0.8462117735772343 -1.6138839888161218 -1.5973720907075353 -1.3549354914941616 -1.0875999983075229 -0.9164528639439198 -0.9693957753397051 -1.1460468757395037 -1.2506222304272183 -1.686221828148977 -3.1694096280932795 -4.143087429258342 -4.227219481525902 -4.3013919762041555 -4.5396350774851895 -4.7778781787662234 -5.058056259370652 -5.367850919122227 -5.564159041079867 -5.600065867125523 -5.65982321266136 -5.5756911603938 -5.40297146430557 -5.0307985228104455 -4.42536225882894
-0.5699650972843742 0.043333975320267726 -0.47508720656519454 -0.7838334918336853 -0.2916216720253444 0.2572023698695789 0.2915366341906078 0.3879870866344146 1.0023345337221414 0.010048085482323277 -1.125603573319349 -0.016161276594798046 0.8120545650422399 0.9593511799156622 0.9428392818070761 0.9779598269904186 0.6566330479249096 0.11960321896469095 -0.7749223087274639 -1.4878169572251676 -1.9029732525267713 -1.685173453665892 -1.427273330827017 -1.189030229545983 -1.0697776320950803 -1.115906109350814 -1.3549354914941616 -1.9682345640988037 -3.2213041650059804 -3.535816509931438 -3.6422265199645505 -3.9205699452235807 -4.202582681173407 -4.5396350774851895 -4.929368291571985 -5.1636799885414515 -5.261178815468343 -5.191986099584742 -4.7739467744546555 -4.354072793979169 -4.163530731678496 -4.079660773031708 -3.929219034709031
-0.06700743902441353 0.17044938139430688 -0.458575308456608 -0.6734920774890041 -0.5552878545211863 -0.4674864915628294 -0.3249075618632886 0.2553677145241804 0.9721937673334518 -0.4381320060364533 -1.5845295032897457 -0.35006854945732524 0.1948240881260297 0.28550848091287007 0.6264922815362199 1.0267092404538647 0.7884661391728307 -0.04263273229269071 -0.6100654212623702 -0.7594587851019623 -1.393201160126759 -1.5142884129230603 -1.455579441870308 -1.455579441870308 -1.4194105222038806 -1.3043514226853175 -1.4340877649670685 -1.9732143428934568 -2.7165118514006212 -2.9537065781985703 -3.214489730865929 -3.597146417191902 -4.143087429258342 -4.682214007184729 -4.915477329671111 -4.819813158089618 -4.7760435234208245 -4.352238138633771 -3.543417224933803 -2.8648568407571284 -2.8394337595423207 -3.1392688617045903 -3.1969294582742576
0.09313176326679828 0.1780500963966718 -0.399866337403856 -0.4653897425966598 -0.48504676415450065 -0.7348219847494681 -0.8296998754686478 -0.45280924879964135 0.3520802605887585 -0.6333917535110081 -1.5572717667295395 -0.7916963004568218 -0.6176661362647353 -0.2887386421968612 0.4778851985589414 0.9603995543987471 0.5462916335802284 -0.5033933176084857 -0.8257684711570796 -0.4674864915628294 -1.120623794524696 -1.4312047351385853 -1.4351361394501534 -1.4487650077302565 -1.4477166332471718 -1.3473347764917967 -1.324794725105472 -1.946742887195564 -2.433188647346938 -2.501595082368225 -2.8305225764360995 -3.321948115382127 -3.907727357805791 -4.36298397708539 -4.383427279505545 -4.165627480644666 -3.919521570740496 -2.965500791133275 -1.8481956857855875 -1.281811371298993 -1.4380191692786366 -1.8775501713119636 -2.0796243529265697
-0.07775327747603322 -0.04551576212117414 -0.30918194461701587 -0.3432541153172737 -0.3560967027350632 -0.6559318048973326 -1.1274382286647475 -0.9848592989652067 -0.4077291460269925 -1.0553624829526635 -1.5551750177633696 -1.1764497357489647 -1.0708260065781652 -0.6391578131679749 0.0920833887837138 0.3879870866344146 -0.025858740563332816 -0.9908874522429447 -1.1274382286647475 -0.7877648961452535 -1.194010008340636 -1.5737836648381258 -1.7994462723221416 -1.776906220935817 -1.5221512215461965 -1.3696127342573496 -0.9311301067071078 -1.027842652771686 -1.8041639574960233 -1.89406206942055 -2.2494610191863167 -2.8842517686941984 -3.476059164395601 -3.844300701579157 -3.8951468640087725 -3.515111113890512 -2.9332632757784154 -1.5612031710411074 -0.10029332886235798 0.04149931997486922 -0.872683229275127 -1.4663252803219278 -1.7213423733323197
-0.5581708843496695 -0.5327478031348618 -0.46355508725126127 -0.27406139943367314 -0.28480723788529283 -0.652786681448078 -1.140280816082537 -1.6196500484730882 -1.3677780789119511 -1.6715445853857889 -1.4752364634281492 -1.124555198836264 -1.3140488866538522 -1.0024195715568782 -0.6598632092089007 -0.4263377931017487 -0.7172617121577969 -1.3559838659772465 -1.2553399156011003 -1.135301037287884 -1.3979188453006408 -1.7084997859145301 -1.9506742915071325 -1.8364014728508828 -1.5365663706886132 -1.1664901781596586 -0.6567180857596462 -0.47613558104827947 -1.052217359503409 -1.2162879661061892 -1.612835614333037 -2.274884100401125 -2.9547549526816552 -3.338460013490713 -3.2983596895127176 -2.8189904571221662 -2.015149322216851 -0.7075642481892619 0.29625431936448976 -0.5424452671033968 -1.4830992720512857 -2.3393591311108435 -2.6313314246499764
-0.9536701580934324 -1.013165410008498 -0.4771839555313644 -0.27877908460755485 -0.3238591873802039 -0.6921007245637603 -1.291508835267528 -1.7983978978390567 -1.938093797710114 -2.069926888958035 -1.6450731296878962 -1.3656813299457815 -1.5404977750001816 -1.6293475124416235 -1.2896741799221294 -1.2388280174925137 -1.5006595446429571 -1.6293475124416235 -1.4340877649670685 -1.4136444625469138 -1.4448336034186884 -1.7027337262575635 -1.7887004338705217 -1.675475989697357 -1.6303958869247082 -1.344189653042542 -0.8745178846205255 -0.415591954650129 -0.3306736215202555 -0.177348853369095 -0.6362747833394915 -1.6450731296878962 -2.328613292659224 -2.8061478697043762 -2.793567375907358 -2.4274225876899713 -1.8589415242372072 -1.3803585727089696 -2.0240605053230722 -2.959472637855537 -4.3160692189673435 -5.174425826993071 -5.395108655682433
-1.1030635219330245 -1.247739200598735 -0.653835055931163 -0.2887386421968612 -0.332508276865654 -0.4048461161985091 -1.0024195715568782 -1.7994462723221416 -2.220368627280712 -2.3267786373138253 -1.8754534223457937 -1.7027337262575635 -1.8578931497541225 -1.947791261678649 -1.9008765035606014 -1.8502924347517573 -1.9585371001302687 -2.0083348880767997 -1.851078715614071 -1.7328744926462532 -1.6579157171056857 -1.6206984229561732 -1.7077135050522165 -2.085652506204308 -2.044503807743227 -2.0337579692916075 -1.6293475124416235 -0.8336312797802161 0.04438234980335265 0.47002238993580514 0.3266571793739508 -0.6850241968029374 -1.782672280592784 -2.263351981087191 -2.8090308995328597 -2.784656192801137 -3.14791795119004 -3.855046540030777 -4.892150997422473 -5.995565140869286 -7.349278692152609 -7.6753231563919995 -7.894171329735964
-1.1861471997174995 -1.3043514226853175 -0.9243156725670563 -0.5123045007147071 -0.009346842454746263 -0.08168468178760158 -0.2095863687239543 -0.98983907775986 -2.230066091249247 -2.473288971324934 -2.118676302421481 -2.127587485527702 -2.2329491210777306 -2.202808354689041 -2.1569419710540783 -2.2290177167661622 -2.3335930714538766 -2.50054670788514 -2.44000308148699 -2.187082737442768 -2.039524028948574 -1.9635168789249218 -2.0914185658612747 -2.4693575670133656 -2.725160940886071 -2.7340721239922923 -2.4088139406152154 -1.6225330783015717 -0.6226459150593884 0.5520576932371952 0.5004252499452657 0.1429295512133293 -0.9565531879219156 -2.4625431328733143 -3.102051567555078 -4.235868571011352 -5.265110219779912 -6.312174234760913 -7.167647812958157 -8.065056370478796 -8.308279250554483 -8.634323714793874 -8.440898622664719
-1.426224956343932 -1.4283217053101018 -1.2301789280070636 -0.6480689962741961 0.037567915663300866 0.7866314838274322 0.7913491690013141 -0.307085195650846 -1.9291826146038926 -2.3540363738740315 -2.3404075055939284 -2.3812941104342378 -2.2515577681524865 -2.2085744143460073 -2.2945411219589658 -2.402785787337477 -2.697903204325865 -2.948726799403917 -2.98384734458726 -2.762378235035584 -2.701834608637433 -2.883465487831885 -2.9877787488988283 -3.201647143448139 -3.434124185072206 -3.163643568436313 -2.904957164735124 -2.41851140458375 -1.8589415242372072 -0.3521652984234951 0.8228004034938596 0.5785291489350879 -0.1139221971424611 -1.8217242300876948 -4.36298397708539 -5.880506041350722 -6.754588266622723 -7.488974592023666 -8.110922754113759 -8.462390299567957 -8.57771149270729 -8.471301482674178 -8.171466380511909
-1.815958170430728 -1.7027337262575635 -1.5902955629467124 -0.9819762691367235 -0.04158435780960579 0.8733844723027042 0.9593511799156622 -0.2504729735642637 -1.7446687055809578 -2.1215593322499644 -2.4350233026923367 -2.473288971324934 -2.2465779893578337 -2.3178674542076037 -2.482986435293469 -2.672480123111057 -2.992758527693481 -3.218421135177497 -3.336625358145315 -3.2983596895127176 -3.460595640770099 -3.7457535001691804 -4.112946662869652 -4.2681060863662115 -4.063935155785435 -3.6490409541046027 -3.2417474674261353 -2.725160940886071 -2.506312767542107 -1.771926442141164 -0.19097772164919813 1.1878968172281614 1.0442695130455357 -1.2896741799221294 -4.900013806045609 -6.830595416646376 -7.121781429323195 -7.677419905358169 -8.140277239640135 -8.347331200049393 -8.365677753503379 -8.303299471759829 -8.101225290145223
-2.6011906582612867 -2.3189158286906886 -1.6822904238374088 -1.3413066232140585 -0.6480689962741961 0.40869248267534086 0.7669744622695909 -0.3951486522299741 -2.04948358653788 -2.2418603041839518 -2.4711922223587646 -2.4371200516585065 -2.143051009153204 -2.3991164766466806 -2.7985471547020113 -2.998524587350448 -3.2349330332860835 -3.3764635885025394 -3.3900924567826425 -3.574868459426349 -3.650875609450001 -4.067080279234689 -4.517095026098865 -4.601227078366424 -4.306109661378037 -3.8990782683203413 -3.4370072149006896 -2.663568940004836 -2.5309495678946012 -2.219320252797627 -1.4526964120418246 0.38720080577210103 1.2992866060559276 -0.8218370668455115 -4.944831815197487 -7.019040729980879 -7.057306398613476 -7.57179617618737 -7.898889014909845 -7.995601560974424 -7.969392198897302 -7.892074580769794 -7.75735845969339
-3.0063873959735843 -2.613771152058305 -1.5473122091402332 -1.3627983001172983 -0.9672990263735355 0.30516550247071095 1.2573516267325333 0.4280874106124104 -1.7399510204070758 -2.238715180734697 -2.458611728561746 -2.649940071724733 -2.2135541931406606 -2.441051455970075 -3.0249960430483407 -3.34422607314768 -3.471341479221719 -3.5004338711273237 -3.285779195715699 -3.5269053268252164 -4.000508499558801 -4.462579552978452 -4.694794500981748 -4.570824218356964 -4.346209985356033 -4.237965319977521 -3.853998165547692 -2.96445241665019 -2.834453980747668 -2.5485098404862727 -2.1207730513876504 -0.9995365417283948 -0.5026070367461721 -2.055249646194847 -4.970254896412294 -6.8072690843977375 -7.150873821228799 -7.160833378818106 -7.2504693971218614 -7.548469843938732 -7.668508722251948 -7.747660995724855 -7.770201047111179
