static/data/ASCData/20210106/ASCU/12.asc
ncols 97
nrows 97
xllcorner 99.0
yllcorner 2.0
cellsize 0.25
NODATA_value -32767
[rows 38 to 56 of 97, columns 43 to 85 of 97]
-7.74073326426689 -7.839495976135339 -7.858058606317842 -7.752394403740514 -7.382331712281632 -7.047490421681857 -6.7476325495029545 -6.609840717763602 -6.699798079417272 -6.8863763109952565 -6.949679639566358 -6.98204525116662 -6.971336041445945 -6.959436919534085 -6.87757096078048 -6.737875269535229 -6.567003878880902 -6.391134857023593 -6.239778026304719 -6.167431365080603 -6.178378557239515 -6.068906635650392 -5.962528485758353 -5.843299284201503 -5.736921134309465 -5.6821851735149025 -5.672427893547177 -5.55129483248443 -5.297367570885312 -5.0377287307685 -4.926352949673479 -4.871616988878918 -4.81402523882551 -4.604124728300278 -4.215261424220654 -3.5727088409801495 -2.810213108868084 -1.861853092492746 -1.2721326105409052 -0.8111606276754024 -1.03081841816836 -1.3159213791765543 -0.48298284534627056
-7.787615804599623 -7.940876494824396 -7.928263425597823 -7.77500273537305 -7.44587302329097 -7.093421032261642 -6.782853950362064 -6.658627117602233 -6.7514402685147505 -6.956581130275238 -7.022026300790474 -7.000607881349124 -6.92635736061911 -6.867813680812753 -6.684091238493616 -6.549393178451347 -6.392086786776542 -6.223119255628113 -6.155770225606979 -6.1107915447801435 -6.09913040530652 -5.99965374612336 -5.888277965028339 -5.770000693224439 -5.699795873944458 -5.677187542311922 -5.632446843923323 -5.4672870317866895 -5.185991789790291 -4.943011720350086 -4.927304879426428 -4.787609188181178 -4.5748528883971 -4.32187755655093 -3.8404390839970266 -3.2095476402301455 -2.507261464992098 -1.6371976707968068 -1.0484291185979147 -0.5934066966883424 -0.6167289756355903 -1.1714660391665594 -0.6217266068385721
-7.775954665125999 -7.9644367562098815 -7.940876494824396 -7.771908963675967 -7.393040922002307 -7.054153929952499 -6.788565528879757 -6.665528608311112 -6.785709739620911 -6.988708759437262 -7.016076739834544 -6.959436919534085 -6.875429118836344 -6.7504883387618015 -6.577713088601577 -6.376617928291123 -6.218359606863368 -6.113885316477227 -6.066050846391545 -6.046536286456092 -6.054151724479684 -5.927307084899244 -5.870667264598785 -5.756435694244917 -5.652913333611725 -5.627449212720341 -5.511313782860576 -5.369714232109428 -5.139109249457558 -4.927304879426428 -4.815929098331408 -4.566047538182323 -4.336394485283401 -3.79641233292314 -3.3102142116044915 -2.782845128470803 -2.1031672848652914 -1.4184918100567978 -0.9125411463644597 -0.6519503764946992 -0.4565667947019385 -0.8628028167728798 -1.1255354285867751
-7.703608003901884 -7.892090094985765 -7.809034224040973 -7.651965814804406 -7.297371981830942 -7.075810331832086 -6.809032018568159 -6.668384397569959 -6.789517458632706 -6.906842800683657 -6.91945586991023 -6.872573329577497 -6.830688420447746 -6.688136939943648 -6.501558708365665 -6.299273635864025 -6.151962506595183 -6.050344005467888 -5.969191994028995 -5.917549804931518 -6.0317813752853855 -5.85995805487811 -5.824736654019 -5.744774554771293 -5.641252194138101 -5.554150621743276 -5.439919051389409 -5.279756870455757 -5.051293729748022 -4.878518479587798 -4.648865426688876 -4.384228955369084 -3.99274784446885 -3.4527656921085885 -2.859951438459664 -2.3316304255730262 -1.742623890935897 -1.1469538480281254 -0.8266294861608219 -0.7721315078044975 -0.3668474154865051 -0.7338163352483047 -0.9889335090386084
-7.559152663891888 -7.737877475008045 -7.584616784783272 -7.438971532582091 -7.202654971412526 -7.013220950575697 -6.739779129041127 -6.599131508042927 -6.6069849285047555 -6.691944658955444 -6.738827199288178 -6.742634918299974 -6.7611975484824764 -6.621739839675463 -6.427308187635651 -6.228116886831095 -6.080567775124016 -6.006317254394002 -5.906840595210842 -5.822832794513102 -5.99275225541448 -5.834493933986726 -5.809029813095343 -5.730971573353534 -5.658624912129418 -5.571761322172831 -5.393988440809625 -5.200746700960998 -4.928256809179377 -4.7495319980632225 -4.495604736464104 -4.195746864285201 -3.748577862837458 -3.131489400488336 -2.5377232170864623 -1.9722769438348182 -1.3656597087681341 -0.9282479872881164 -0.7699896658603627 -0.7221551957746803 0.23976981958017873 -0.34233522434807107 -0.9672771071590214
-7.386377413731664 -7.584616784783272 -7.406843903420064 -7.271907860939558 -7.030831651005251 -6.849251050630249 -6.57485729934273 -6.426356257882702 -6.431115906647447 -6.397084417979524 -6.480140288924314 -6.5405878282365695 -6.631497119643189 -6.488707656700855 -6.314980476787682 -6.143157156380406 -6.033685234791283 -5.948725504340594 -5.905888665457893 -5.863765773889905 -5.929210944405142 -5.859006125125161 -5.837349723245573 -5.761195343009661 -5.699795873944458 -5.558196323193309 -5.36090888189465 -5.110789339307328 -4.846152867987535 -4.612930078515055 -4.3140241360891025 -3.9946517039747476 -3.4506238501644537 -2.8451965272889557 -2.202643944048451 -1.610781620152475 -1.1362446383074505 -0.6840780056567248 -0.6167289756355903 -0.49464398481989447 0.6909845224779554 -0.28474347429466285 -0.9496664067294667
-7.085567611799813 -7.324739962228223 -7.140065590156137 -7.040588930972977 -6.79261123032979 -6.65981702979342 -6.486803797194957 -6.336398896229031 -6.2495353062724455 -6.17623671529538 -6.2485833765194965 -6.308078986078802 -6.410649416959045 -6.268097936454948 -6.127450315456748 -6.057245496176768 -5.946821644834696 -5.868763405092887 -5.870667264598785 -5.927307084899244 -5.852104634416281 -5.836397793492624 -5.835445863739675 -5.792609024856975 -5.704555522709201 -5.5289244832901305 -5.2495331007996295 -4.978947068523906 -4.684086827547985 -4.450626055637269 -4.129349764017016 -3.774041983728841 -3.2709471092953493 -2.711450396999636 -2.046527464564832 -1.4556170704218048 -1.066991748780418 -0.4722736356255952 -0.2945007542623892 -0.10221094416671184 0.9213515226915887 0.2504790293008541 -1.1264873583397241
-6.852106839889096 -7.219313742089133 -6.989898671628449 -6.845205349180217 -6.64006448741973 -6.487755726947906 -6.313076617281784 -6.18908776696019 -6.131496016906782 -6.088421195585845 -6.1069838257683475 -6.1840901357572085 -6.199796976680865 -6.0289255860265385 -5.941824013631715 -5.920405594190364 -5.8901818245342366 -5.87447498361058 -5.950629363846492 -6.034637164544232 -6.01417067485583 -6.039634795747213 -5.980139186187907 -5.871619194351734 -5.6859928925266985 -5.441822910895306 -5.175282580069616 -4.897081109770301 -4.611978148762106 -4.424447987431174 -4.040582314554531 -3.582466120947876 -3.0541451080612383 -2.5541440053248308 -1.9527623838993657 -1.3404335703149886 -0.8980242176319893 -0.3863619754219574 0.014162468131290407 0.439913050137684 0.5708033911681576 -0.2592793534032798 -1.6022142523759348
-6.712411148643845 -6.909698589942504 -6.7523921982676995 -6.587470368569303 -6.4527723085270345 -6.36567073613221 -6.300225565616973 -6.2447756575077005 -6.174332855789482 -6.1695732070247375 -6.229068816584044 -6.177188645048329 -6.009411026091086 -5.700747803697406 -5.446820542098289 -5.427305982162836 -5.575807023622864 -5.760243413256712 -6.011314885596984 -6.145061015886304 -6.1088876852742455 -6.047488216209041 -5.983946905199703 -5.833542004233777 -5.558196323193309 -5.29927143039121 -5.1060296905425835 -4.8892276893084725 -4.677185336839106 -4.412548865519312 -4.003457054189525 -3.562951561012423 -3.0531931783082893 -2.5141629557009773 -1.8706584427075235 -1.2611854183819928 -0.8432882568374276 -0.39112162418670193 -0.10006910222257703 -0.15575699277008725 -1.656712230732259 -3.858049784426581 -5.379471512077155
-6.645062118622711 -6.662672819052266 -6.6041291392459085 -6.379473717549969 -6.281900917872708 -6.258340656487222 -6.397084417979524 -6.381377577055867 -6.275951356916776 -6.270953725713795 -6.271905655466744 -6.066050846391545 -5.9037468235137585 -5.483945802463295 -5.125544250478036 -5.09436855106896 -5.337348620509165 -5.760243413256712 -6.059149355682665 -6.14791680514515 -6.132447946659731 -6.049392075714939 -5.84615507346035 -5.675283682806024 -5.4701428210455365 -5.28380257190579 -5.174330650316667 -4.961574350532588 -4.786657258428229 -4.538679557785041 -4.140296956175929 -3.532727791356296 -2.927300468480798 -2.2271561351868847 -1.5629471500667929 -1.0893620979747172 -0.8130644871813 -0.8939785161819565 -1.235007350175898 -2.118636143350711 -4.352101326207058 -6.052247864973786 -5.962528485758353
-6.315932406540631 -6.268097936454948 -6.319978107990663 -6.146964875392202 -6.13339987641268 -6.20455662544561 -6.360911087367466 -6.4644334480006584 -6.3882790677647465 -6.377569858044071 -6.285708636884503 -5.9430139258229 -5.706697364653337 -5.316882130820764 -5.05914715020985 -5.009408820618271 -5.267143801229184 -5.678377454503107 -6.0279736562735895 -6.129354174962646 -6.098178475553571 -5.9653842750171995 -5.784755604395146 -5.629353072226239 -5.455625892313066 -5.361860811647599 -5.239775820831904 -5.077709780392354 -4.886371900049626 -4.628398937000475 -4.202648354994081 -3.5239224411415186 -2.6293464558077937 -1.9087356328254794 -1.358044270744543 -0.9770343871267473 -1.295454889488153 -1.6664695106999854 -2.3842245444234527 -3.9556225841038426 -5.961576556005404 -6.819979210727071 -6.783805880115013
-5.921357523943313 -5.954675065296525 -6.081519704876965 -6.022024095317659 -6.129354174962646 -6.185042065510157 -6.297369776358127 -6.39994020723837 -6.409697487206097 -6.427308187635651 -6.226213027325197 -5.841395424695605 -5.539633693010806 -5.256434591508509 -5.049389870242124 -5.023925749350742 -5.276901081196911 -5.599129302570112 -5.935160505361072 -6.116741105736073 -6.082471634629913 -5.918501734684466 -5.809029813095343 -5.640300264385152 -5.5298764130430795 -5.436111332377614 -5.29927143039121 -5.135301530445762 -4.898984969276198 -4.690036388503916 -4.201696425241132 -3.3306807012928927 -2.442054276915098 -1.730962751462273 -1.1900286693490627 -1.3668496209593204 -1.7388161719241013 -2.516066815206875 -3.3335364905517393 -5.147914599672335 -6.780712108417928 -7.637210903633697 -7.793565365555555
-5.613884213740819 -5.711457013418082 -5.8901818245342366 -6.038682865994264 -6.162671716315858 -6.243585745316514 -6.354961526411535 -6.335446966476082 -6.343300386937911 -6.3228338972495095 -6.1041280365095005 -5.714312802676928 -5.403745720777351 -5.193845210252119 -5.101983989092551 -5.074853991133507 -5.146010740166437 -5.4672870317866895 -5.795464814115821 -6.015122604608779 -6.088421195585845 -5.976093484737874 -5.873523053857631 -5.646963772655793 -5.535587991560773 -5.378519582324206 -5.239775820831904 -5.095320480821909 -4.844249008481637 -4.659812618847789 -4.111977046025699 -3.215259218747839 -2.5239202356687036 -1.8209201131159436 -1.8023574829334401 -1.9820342238025443 -2.443006206668047 -3.2495286898539995 -4.1031716958109214 -5.783803674642197 -7.085567611799813 -7.242636021036381 -7.353059872378452
-5.2457253817878335 -5.616740002999666 -5.847107003213299 -6.122690666692005 -6.230972676089941 -6.3237858270024585 -6.340444597679065 -6.3218819674965605 -6.159815927057012 -6.1060318960153985 -5.921357523943313 -5.581518602140557 -5.3228316917766945 -5.235968101820108 -5.12173653146624 -5.022973819597793 -5.09436855106896 -5.373521951121223 -5.694798242741475 -5.928259014652193 -6.101034264812418 -6.061053215188563 -5.927307084899244 -5.6840890330208005 -5.440870981142358 -5.28380257190579 -5.126496180230985 -4.998699610897596 -4.784753398922331 -4.545343066055684 -4.005360913695423 -3.3228272808310644 -2.73596258813807 -2.7143061862584825 -2.6957435560759793 -2.8970766988246703 -3.3354403500576373 -3.8754225024178983 -4.595319378085501 -5.783803674642197 -6.070810495156289 -6.052247864973786 -4.499650437914137
-5.011312680124169 -5.613884213740819 -6.003461465135155 -6.343300386937911 -6.368764507829294 -6.243585745316514 -6.225261097572249 -6.086517336079947 -5.913504103481484 -5.8275924432778465 -5.675283682806024 -5.48775352147509 -5.327591340541439 -5.274997221691013 -5.167429159607788 -5.075805920886456 -5.141251091401693 -5.408743351980332 -5.730019643600585 -5.91564594542562 -6.1031761067565515 -6.089373125338794 -5.939920154125817 -5.739776923568311 -5.453722032807168 -5.223117050155298 -5.053197589253919 -4.903744618040943 -4.756433488772101 -4.450626055637269 -4.0317769643397545 -3.55723998249473 -3.5865118223979087 -3.6450555022042654 -3.7523855818492535 -3.965379864071569 -3.991795914715901 -4.355909045218853 -4.562001836732289 -4.795462608643007 -4.658622706656603 -3.81783075236449 -2.358998405970307
-4.771902347257521 -5.60103316207601 -6.079615845371067 -6.492753358150887 -6.430163976894498 -6.1695732070247375 -5.921357523943313 -5.765241044459694 -5.657672982376469 -5.6031750040201445 -5.494655012183971 -5.399938001765555 -5.33354090149737 -5.3228316917766945 -5.224068979908247 -5.204554419972794 -5.274997221691013 -5.433255543118767 -5.708601224159235 -5.858054195372212 -6.052247864973786 -6.038682865994264 -5.922309453696261 -5.728115784094687 -5.504412292151697 -5.3140263415619176 -5.119594689522105 -4.852102428943466 -4.735015069330752 -4.487751316002276 -4.26618966600342 -4.317831855100898 -4.488703245755224 -4.59032174688252 -4.636252357462303 -4.504410086678881 -4.363762465680682 -4.150054236143655 -3.9204011832447336 -3.54438893082992 -2.889223278362842 -1.867802653448677 -0.696929057321535
-4.726209719115975 -5.637206492688067 -6.177188645048329 -6.58342466711927 -6.447774677324052 -5.9663362047701485 -5.659814824320604 -5.493703082431022 -5.382327301336001 -5.3901807217978295 -5.370666161862377 -5.435159402624665 -5.393988440809625 -5.355911250691669 -5.293559851873516 -5.29927143039121 -5.351151601926924 -5.449676331357136 -5.617691932752615 -5.798320603374668 -5.950629363846492 -5.947773574587645 -5.88137647431946 -5.727163854341738 -5.558196323193309 -5.384231160841898 -5.164573370348941 -4.948723298867779 -4.882326198599593 -4.838537429963944 -4.91254996825572 -5.039632590274398 -5.06604864091873 -4.974187419759161 -4.779755767719349 -4.553196486517512 -4.273091156712299 -3.8140230333526945 -3.1997903602624196 -2.2583318345959613 -1.2856976095204269 0.05914114895812572 1.3520997359009637
-4.756433488772101 -5.822832794513102 -6.285708636884503 -6.438017397356326 -6.243585745316514 -5.817835163310121 -5.5453452715284985 -5.398986072012606 -5.317834060573713 -5.3911326515507785 -5.455625892313066 -5.532732202301926 -5.482993872710346 -5.431113701174631 -5.3920845813037275 -5.377567652571257 -5.3911326515507785 -5.446820542098289 -5.5279725535371815 -5.676235612558973 -5.834493933986726 -5.926355155146295 -5.895179455737218 -5.69099052372968 -5.496558871689868 -5.314978271314866 -5.153864160628266 -5.13720538995166 -5.180280211272597 -5.379471512077155 -5.376615722818308 -5.3130744118089686 -5.15862380939301 -4.998699610897596 -4.7495319980632225 -4.438012986410696 -3.9741852142863463 -3.290461669230802 -2.2271561351868847 -1.137196568060399 -0.03176814244849391 1.110785543528419 1.7259701463716426
-5.077709780392354 -6.051295935220837 -6.338540738173167 -6.33735082598198 -5.983946905199703 -5.659814824320604 -5.437063262130563 -5.303317131841242 -5.309028710358936 -5.400889931518504 -5.55129483248443 -5.623641493708545 -5.559148252946258 -5.489895363419226 -5.475140452248517 -5.484897732216244 -5.494655012183971 -5.506316151657595 -5.567001673408086 -5.66957210428833 -5.825688583771949 -5.861861914384007 -5.8285443730307955 -5.600081232323061 -5.374473880874172 -5.2447734520348845 -5.303317131841242 -5.3892287920448805 -5.496558871689868 -5.651961403858776 -5.430161771421682 -5.233826259875973 -4.980136980715092 -4.6705218285684635 -4.3939862353368095 -3.997507493233594 -3.4546695516144865 -2.647909085990297 -1.4244413710127286 -0.37351092375714723 0.17527657881789116 0.24452946834492328 -1.0991193779424435
