static/data/ASCData/20210106/ASCU/15.asc
ncols 97
nrows 97
xllcorner 99.0
yllcorner 2.0
cellsize 0.25
NODATA_value -32767
[rows 76 to 94 of 97, columns 0 to 42 of 97]
-5.880830984892854 -5.624936232916751 -4.948208626453213 -3.7949087145767537 -2.555719376046929 -2.9610972009595686 -3.2686776256120336 -5.354599895928134 -5.927702795898378 -6.198292494027564 -7.200335804983495 -7.587978350056207 -7.037171230456158 -6.568453120400918 -7.069348095308598 -7.372114658290226 -7.786106761982259 -8.195285004003455 -8.34476807693999 -8.518573819371284 -8.575326714859054 -8.517560374809003 -8.523387681042122 -8.379985275479275 -8.15424049923105 -8.063537210906848 -8.012864982792767 -7.926722194998831 -7.785093317419977 -7.632823271937167 -7.501075478840559 -7.699203890766612 -7.977647784253481 -8.182616946974935 -7.918867999641148 -7.706044641562013 -7.263676090126095 -7.018675867194519 -7.127874518780361 -7.046798953797833 -6.77848950593378 -6.479523360060709 -6.226668941771449
-6.368297819350303 -6.388820071736506 -6.008778360880905 -4.560566081380501 -3.3408855506745976 -2.644649136387139 -2.920052696187164 -2.9355077257619584 -3.3155494366175575 -3.656320170684745 -5.1845945706053955 -6.3946473779696245 -7.136742158700325 -6.642687934588046 -6.2157744127269225 -6.5068863632423115 -6.727563916679129 -7.175759774348166 -7.484353643562913 -7.84387310203231 -7.980434756799756 -8.247984121242098 -8.254064788615787 -8.195285004003455 -7.974607450566636 -7.688562722862655 -7.576323737589968 -7.401504550596393 -7.371101213727944 -7.210976972887452 -7.021462839740793 -7.210976972887452 -7.498035145153715 -7.697430362782619 -7.67868163838041 -7.484353643562913 -7.106592182972447 -7.009808227274554 -7.118246795438686 -6.843856680200943 -6.577320760320882 -6.330040287124172 -6.083013175068032
-6.653329102492002 -6.802812175428538 -6.453173801441387 -4.892722536668295 -4.373078837358406 -3.6768424230709473 -2.855445605341712 -2.6289407456717746 -2.39154135695731 -1.9091417453112691 -2.8653266898239576 -4.457194736027779 -5.581104755598071 -6.316358785533371 -5.889698624812818 -5.696384074557603 -5.850681009164976 -6.226668941771449 -6.6163383759687235 -7.008794782712273 -7.268489951796933 -7.604446824193283 -7.812456320601581 -7.752916452567537 -7.635863605624012 -7.324229402722421 -7.1397824923871696 -6.967750277939868 -6.933546523962864 -6.831188623172423 -6.64547490713432 -6.564399342151792 -6.851710875558625 -7.004994365603717 -7.049839287484677 -7.155237521961964 -7.026530062552201 -7.025516617989919 -6.967750277939868 -6.61329804228188 -6.171942935408243 -5.923902378789822 -5.805836087284016
-6.621152237639562 -6.751886586173888 -6.1113896228119176 -5.199289516758479 -4.918058650725335 -3.941351453826445 -3.0107559845113667 -2.609431937847854 -2.2440851731453377 -1.3976056024996324 -1.583065957397165 -2.532156789973882 -3.9170287843316864 -4.812660416248049 -5.469879214887666 -5.199289516758479 -5.109346311855987 -5.404258679479932 -5.8261049785296475 -6.269486974527847 -6.537036338970189 -6.892502019190459 -7.118246795438686 -7.2900256487454165 -7.196282026734369 -7.006007810165999 -6.841829791076379 -6.724776944132855 -6.583148066554001 -6.516767447724557 -6.351575984072657 -6.194492076919008 -6.088840481301152 -6.188411409545319 -6.263659668294728 -6.517527531146268 -6.653329102492002 -6.659156408725122 -6.557558591356392 -6.372098236458859 -5.908193988074457 -5.596813146313436 -5.473679631996221
-6.446333050645986 -6.525381726503951 -6.423023825713509 -6.083013175068032 -5.919088517118984 -4.524335438278934 -2.4913656463420475 -1.939545082179717 -1.7284952520845744 -1.4297824673520731 -1.4102736595281524 -0.3986026252305468 -1.476654278357597 -2.864313245261676 -4.14758742225075 -4.980638852446225 -4.8828414521860495 -4.746026436278034 -5.112386645542832 -5.598586674297429 -5.834972618449612 -6.102521982891954 -6.422010381151227 -6.686519411906724 -6.811679815348502 -6.687532856469007 -6.612284597719597 -6.595816123582521 -6.435691882742029 -6.414156185793545 -6.276327725323248 -6.018659445363151 -5.851694453727258 -5.752883608904802 -5.726534050285481 -5.771632333307012 -5.811663393517135 -5.845867147494139 -6.028287168704827 -6.067304784352668 -5.876017123222017 -5.566409809444988 -5.40248515149594
-5.982428802261584 -5.831172201341055 -6.018659445363151 -6.011818694567751 -5.468865770325384 -3.4941690407196893 -1.4434639689428748 -1.40241946417047 -1.5899067081925657 -1.3418661515741446 -1.6524869099134545 -0.196420435055368 0.4248210816232523 -0.8204489242802622 -2.9590703118350055 -4.373078837358406 -4.340901972505965 -4.338875083381402 -4.5909694182489496 -4.880054479639775 -5.305701195798047 -5.483560716478467 -5.787087362881806 -6.141539598539795 -6.390593599720498 -6.557558591356392 -6.542103561781596 -6.521581309395394 -6.4346784381797475 -6.36627093022574 -6.13773918143124 -5.804822642721733 -5.553741752416467 -5.419967070195296 -5.273524330945606 -5.203089933867035 -5.277324748054162 -5.5479144461833485 -5.6621803205806 -5.830158756778774 -5.767578555057885 -5.611254731325949 -5.456197713296865
-5.189408432276233 -5.056647194617344 -4.947195181890931 -4.596796724482068 -3.9608602616503656 -2.3720325491333893 -0.9200198525244292 -1.2314006942854503 -1.3370522899033068 -1.0332722823593978 -1.678836468532776 -0.38492112363974496 0.5897591841345822 0.2684972578913154 -0.7677498070416191 -1.7794208413392245 -2.441453501649679 -3.7059789542365436 -4.441486345312414 -4.335074666272845 -4.790111274737283 -5.013829161860946 -5.287205832536408 -5.625949677479031 -5.955065799079981 -6.3009037559585765 -6.475722942952152 -6.542103561781596 -6.545903978890153 -6.384766293487379 -6.170929490845961 -5.899579709295063 -5.592759368064309 -5.284165498849562 -4.978611963321661 -4.859532227253573 -4.691553791055398 -4.92768637406701 -5.1524177057529545 -5.466838881200821 -5.49116155069558 -5.410085985713051 -5.380949454547455
-3.918042228893968 -3.791108297468198 -3.6084349151169395 -3.115394135566942 -2.133873076997214 -0.7958728936449333 -0.26964180468021315 -0.6836339083722462 -0.9668916635299531 -1.0702630088826761 -1.4307959119143547 -0.24709266316944767 0.13269568654558128 0.05744742779617251 -0.4776513010885113 -0.9679051080922347 -1.71304022250978 -2.584095823790814 -4.133905920659949 -4.186605037898591 -4.310498635637517 -4.639614757238466 -4.899563287463696 -5.215757990895555 -5.621135815808194 -5.987242663932422 -6.2851953652432115 -6.361457068554902 -6.382739404362816 -6.262646223732446 -6.107589205703361 -5.936570435818342 -5.672821488484556 -5.353586451365852 -5.020669912656347 -4.801765887203522 -4.43945945618785 -4.569433721300466 -4.865359533486692 -5.1602719011106375 -5.342945283461896 -5.336104532666495 -5.33306419897965
-2.4650160877227263 -2.3877409398487544 -2.0996693230202097 -1.451318164300557 -0.6124394278719638 0.09165118177317666 0.4803071714081697 -0.3165136156857371 -0.9706920806385091 -1.5724247894932082 -1.3623884039603469 -0.3175270602480187 -0.5331373908734287 -0.3760534837197813 0.041992398221378124 -0.3466635914136149 -0.9737324143253538 -1.5625437050109625 -3.7480369035712298 -4.215741569064187 -4.075126136047616 -4.365224642000723 -4.624919811085383 -4.928699818629292 -5.33889150521277 -5.691570212886765 -6.011818694567751 -6.115190039920474 -6.163075295488279 -6.09390770411256 -6.020432973347145 -5.858535204522658 -5.718679854927798 -5.45999813040542 -5.262629801901079 -5.01661613440722 -4.557779108834227 -4.524335438278934 -4.731584851265521 -4.9150183170384905 -5.149377372066111 -5.226652519940082 -5.17496684726372
-0.8184220351556988 -0.9063383509336276 -0.849585455445858 -0.323354366481138 -0.043897028431987284 0.6318171334692688 0.791941374309761 0.07214237394925593 -0.6484167098329605 -1.7267217241005814 -1.3780967946757117 0.11318687872166056 -0.252919969402567 -0.5255365566563168 -0.1064772301528758 0.015642839602056924 -0.5792491184572417 -1.0059092791777946 -3.2755183764074345 -4.176723953416346 -3.845834303831404 -4.063471523581377 -4.332034332586001 -4.643668535487592 -5.065514834537308 -5.401471706933657 -5.680675683842239 -5.80279575359717 -5.879817540330572 -5.876017123222017 -5.822304561421092 -5.7402155518762825 -5.5957997017511545 -5.411099430275333 -5.259842829354804 -5.170913069014594 -4.947195181890931 -4.886641869294605 -4.808606637998922 -4.896522953776851 -4.916031761600772 -4.988239686663336 -4.911217899929934
0.5449142622536214 0.33690476584532325 0.2558292008627956 -0.0626457528341966 0.1973027773910334 0.5986268240545463 0.7782598727189596 0.5213516761805743 0.0037348659952480823 -1.5840794019594466 -1.3613749593980653 0.27052414701587857 0.5165378145097366 0.1737401913179859 -0.35071736966274125 -0.251146441418574 -0.21187546463016238 -0.4561156041400274 -2.7257247013696673 -4.179764287103191 -3.7462633755872368 -3.747023459008948 -4.017613157138135 -4.484304378068812 -4.912231344492216 -5.179780708934558 -5.3898170944674195 -5.515737581330908 -5.576290893927233 -5.58693206183119 -5.562609392336432 -5.48533424446246 -5.355613340490415 -5.172939958139157 -5.059687528304188 -5.0244703297649025 -5.178767264372277 -4.937567458549256 -4.852691476458173 -4.746026436278034 -4.752867187073434 -4.761734826993399 -4.696367652726236
1.5575987411135088 1.3338808539898457 1.0721587957806231 0.5545419855952969 -0.1923666568062412 0.20794394529499005 0.9168484166109683 0.7635649265658766 0.18539480378422457 -1.5118714768968826 -1.4541051368468316 0.20515697274871547 0.7166931155603526 0.5849453224637449 0.05947431692073568 -0.31347328199889235 -0.11813184261911447 0.0303377857551399 -2.2440851731453377 -3.889665781150083 -3.4668060375380865 -3.4794740945666063 -3.879024613246126 -4.3457158341768025 -4.8828414521860495 -5.159258456548356 -5.331037309855087 -5.515737581330908 -5.501042635177825 -5.407299013166777 -5.370054925502928 -5.225639075377801 -5.095664810265186 -4.889682202981451 -4.7384256020609214 -4.713849571425593 -4.780230190255038 -4.066511857268222 -4.5509383580388265 -4.480503960960255 -4.515721159499541 -4.525348882841216 -4.587929084562105
2.267516656991768 2.273343963224888 1.9510685924193396 1.2137876733594766 0.2989005947597634 -0.37985390082833703 0.23733383760115645 0.7019981694072692 -0.11813184261911447 -1.36441529308491 -1.6357650746358081 0.037938619972251786 0.7792733172812412 0.8524946869060868 0.4042988292370495 -0.19920740760164213 -0.0069063019087090005 0.21478469609039097 -1.8331334031401494 -3.3662216647316376 -3.035078654006125 -3.3641947756070745 -3.764758738848876 -4.306698218528961 -4.8585187826912914 -5.129868564242189 -5.33889150521277 -5.661166876018317 -5.617335398699638 -5.432635127223817 -5.225639075377801 -5.056647194617344 -4.939594347673819 -4.756920965322561 -4.5516984414605375 -4.5516984414605375 -3.9375510367178888 -2.538997540769283 -3.7090192879233883 -4.690540346493116 -4.66115045418695 -4.492158573426494 -4.529402661090343
2.3260430804635313 2.9989702698185123 2.904213203245183 2.125887779412915 0.9969105370312143 0.028310896630576732 -0.4112706822590666 -0.08215456065811777 -0.2169426874415703 -0.7041561607584486 -1.4482778306137123 -0.9727189697630723 0.12788182487474353 0.6612070257754348 0.3006741227437564 -0.14853517948756245 0.031097869176850867 0.26647036876675223 -1.297781313114895 -2.756888121659826 -2.7394062029604687 -3.048760155596927 -3.5499084916451773 -4.1161706408200205 -4.624919811085383 -4.878027590515212 -4.9950804374587365 -5.289232721660971 -5.4463166288146185 -5.363214174707528 -5.133922342491315 -4.92768637406701 -4.824315028714287 -4.822288139589724 -4.683699595697716 -4.471636321040291 -3.553708908753733 -2.3525237413094686 -3.674815533946384 -4.666977760420069 -4.683699595697716 -4.545871135227419 -4.458968264011771
1.8514976641751728 2.852527530568821 3.280201135851656 3.0253198284378335 1.8750602502482199 0.4276080541695264 -0.49513321978786884 -0.43939376886238124 -0.02742855429491131 -0.40037615321453934 -1.1232154872618896 -0.9131791017290283 0.1083730170508228 0.6513259412931895 0.3926442167708113 0.0029747825735366717 0.1484040772609463 0.2109842789818348 -0.945355966581469 -2.2276166990082618 -2.20126714038894 -2.508847565041405 -3.065481990874573 -3.607421470554658 -4.063471523581377 -4.3700385036715605 -4.423751065472485 -4.543084162681144 -4.8534515598798835 -4.852691476458173 -4.700168069834792 -4.565379943051338 -4.581088333766703 -4.642655090925311 -4.5109072978287035 -4.118197529944584 -3.869143528763881 -3.6053945814300947 -4.168109674636952 -4.36927842024985 -4.402468729664572 -4.343688945052239 -4.188631927023154
1.7587674867264065 1.757754042164125 2.0126353495779465 2.606513863074963 2.512770241063915 1.4648685636647425 0.029324341192858316 -0.6874343254808024 -0.3114463928743292 -0.3155001711234555 -0.6055986770765633 -1.1211885981373264 -0.6542440160660798 0.21959855776122827 0.49702900668581584 0.13573602023242604 -0.011720163579546305 0.20997083441955322 -0.5262966400780282 -1.623097017607288 -1.599534431534241 -1.9648811962367572 -2.5635735714046115 -3.08879121580705 -3.4630056204295303 -3.660120587793301 -3.6573336152470266 -3.8681300842015993 -4.079179914296742 -4.20510040116023 -4.1161706408200205 -4.026480797058099 -4.015586268013572 -4.013812740029579 -3.924882979689369 -3.706992398798825 -3.7363822911049915 -3.930710285922488 -4.090834526762981 -4.2334768489041155 -4.278321770785077 -4.164055896387826 -3.991263598518813
0.5829184333391817 1.2548321781318812 1.1415797482969126 1.5613991582220645 2.067361355941153 1.5740672152505848 0.3660412970109195 -0.8009401164563412 -0.630934791133603 -0.01273360814182789 -0.3925219578568573 -0.7441872209685716 -0.600531454265155 -0.00893319103327217 0.31156865178828363 -0.013747052704109475 -0.339822840618214 0.11521376784622372 -0.01070671901726472 -0.8417312600881757 -1.0059092791777946 -1.4325694398983475 -2.2423116451613447 -2.859499383590838 -3.157198723761058 -3.229660009964192 -3.0880311323853387 -3.214965063811109 -3.3603943584985183 -3.573217716577654 -3.4561648696341294 -3.3008544904644745 -3.2567696520052247 -3.284132655186828 -3.299841045902193 -3.5263459055721302 -3.6621474769178644 -3.8937195593992096 -4.089821082200698 -4.18559159333631 -4.123011391615421 -4.018626601700417 -3.9005603101946105
-0.19743387961764958 0.9209021948600946 0.9442114197925715 0.9178618611732499 1.2996771000128424 1.471709314460143 0.5596092084067048 -0.7383599147354527 -0.7968863382072149 0.2910463994020809 0.09266462633545824 -0.4540887150154642 -0.8984841555759451 -0.38492112363974496 0.022483590397457398 -0.2012342967262053 -0.39353540241913887 -0.14270787325444312 0.36021399077780014 0.044779370767652704 -0.3370358680719394 -1.100666345751124 -1.9453723884128364 -2.6631444996487788 -2.9707249243012437 -3.048760155596927 -2.857472494466275 -2.779437263170592 -2.8769813022901958 -2.958056867272724 -2.833909908393228 -2.6796129737858547 -2.6542768597288147 -2.719897395136548 -3.035078654006125 -3.326190604521514 -3.614262221350059 -3.7607049605997496 -3.9132283672231303 -3.972768235257174 -3.924882979689369 -3.745249931024955 -3.562576548673697
-0.13282678877219745 0.43850258321405367 0.6074944639745103 0.7734460110481218 0.777246428156678 0.9335702518886144 0.8514812423438052 -0.23341116157864628 -0.5762087847703969 0.341718627516161 0.16791288508486701 -0.5331373908734287 -0.9268606033198299 -0.8204489242802622 -0.40544337602594727 0.07315581851153752 0.026284007506013563 -0.05479155747651454 0.28217875948211724 0.3554001291069624 -0.01070671901726472 -0.8564262062412589 -1.722667945851455 -2.4209312492634765 -2.7842511248414294 -2.9121985008294815 -2.6689718058818976 -2.490352201779766 -2.5050471479328493 -2.4044627751264005 -2.3360552671723926 -2.3018515131953885 -2.288170011604587 -2.589923130023933 -2.9375346148865216 -3.143517222170256 -3.4366560618102087 -3.5595362149868524 -3.6710151168378284 -3.672788644821821 -3.541040851725213 -3.3624212476230815 -3.1280621925954617
